wind.json
[{"header": {"parameterCategory": 2, "parameterNumber": 2, "lo1": 7.000391667275174, "la1": 57.99990880038887, "dx": 0.5, "dy": 0.25, "nx": 18, "ny": 16, "refTime": "2023-12-30T14:00:00.000Z"}, "data": [-4.007395573233615, -3.6524097371691338, -5.717375645717077, -8.045992962895097, -9.010353008574187, -9.432583632346399, -7.643647447564508, -2.872604488423556, 1.2898457204205476, 3.7489426555541536, -0.5820483234953182, 0.2541382604059488, -0.21359483479121477, 0.8509184694972259, 1.3701540167060529, 0.9365513279880915, 2.6201965841211963, 2.5642042811638555, -8.061160602833867, -8.731014242672934, -7.836196855168889, -8.545605436128078, -8.782728034753552, -2.266476539291312, -1.444840579571492, -0.5023196232021365, 2.0765686401372125, 4.124579782894857, 1.6696809241074733, 0.3078547616889831, 1.3549715944450447, 1.5462851706094904, 1.58423918568347, 1.7400961989090953, 2.9021562136088104, 1.8824866382565009, -8.240831375171373, -7.5461781684895755, -7.525847834473598, -5.021800250752479, 2.4624902928283556, -1.8068318682928013, -1.789813801092725, -0.36210908107964557, 2.6404353494140786, 3.7519730609880657, 2.0156261830903, 1.7244268470192767, 1.7300887463477541, 1.932393726693741, 2.6129488635481084, 3.3116494571670114, 1.5867768669370221, 2.2795429368101003, -7.876318534867621, -4.143671290360464, -3.1110312203329333, 3.2487765324286944, 3.7206163905191634, 0.28314101147066534, -0.5578401110856402, -0.541170396199775, 1.8065727981118045, 4.537532278484959, 5.521904888837591, 0.9221255615678612, 1.4969877550810329, 2.198315335245959, 2.0715054765278222, 2.585358484678643, 1.897305567052074, 3.071650582306434, -3.1354473971719923, -0.6037435299550035, 3.184951504077932, 4.680800386334176, 6.190715094356271, 3.950218512558182, 2.077261916744375, 3.5233488943709785, 3.494710990433134, 3.6857409342168075, 4.1551465971219566, 2.6813726889009666, 1.685648289250689, 2.494460919396491, 3.178836016662163, 1.6468526845272606, 1.897572660171387, 3.714056814051711, 0.6103905564237031, 2.434104141630783, 9.9285116497409, 9.230980252148157, 7.0778125057128305, 5.645533112924422, 2.9415605378449468, 5.104651444239043, 4.592256425034153, 4.379344255609756, 4.0265445913491344, 6.709527809309092, 2.7816395109339505, 3.0558915957254227, 2.965232839351107, 1.9969568656797996, 2.023328164462885, 2.675735137525935, 13.540739018694572, 14.271623031538182, 13.129580560784433, 8.654100715366381, 8.401566211568996, 6.948321880021155, 4.48396151727246, 4.144794525011525, 6.371324279437979, 5.85759603095051, 4.797270021652586, 7.213665154977127, 4.223376660221801, 2.3765146890084745, 2.7553498876199636, 1.7571438867591682, 1.8823501564276979, 2.7033384235944813, 13.27746566966357, 14.050297978374372, 13.290283338787837, 7.452165279593846, 8.421966157677643, 8.819950040243807, 6.545133434067054, 4.768180417551552, 8.191613661479513, 6.925703003290292, 5.900230289964914, 4.665515653185976, 2.045050745591609, 3.389128888703743, 1.8561918989905484, 2.2317651580440185, 1.3067769316836606, 2.2330660937896334, 13.42189321741543, 14.784238317309534, 13.54849982748118, 9.036402934613148, 7.348316354818293, 7.504417173692413, 7.915940922726107, 7.460984459702538, 8.208278221102006, 6.773859063625659, 3.740667119249662, 3.4038175159558155, 2.577073179698288, 2.730451436065872, 3.543602633384448, 4.078171774644688, 7.061497636238419, 7.054654328642135, 14.273808124298645, 14.227886609017476, 12.499876526218813, 9.41901096734213, 7.690751439634222, 7.58938877411496, 8.11792878363547, 9.133880728098669, 6.725222905108296, 5.458010179745707, 5.080505537372505, 4.077634335731085, 3.7612986353062454, 4.773046697355649, 3.606346021903276, 6.153311589704197, 7.064350273588126, 8.485183297383713, 13.182877121839619, 13.934306960840413, 13.384988114166331, 9.042783521693826, 8.80297000828736, 9.286696813612577, 8.367608314773134, 9.10971804938158, 8.054197575788676, 5.2424304814888405, 4.47563788797001, 5.9851781008075555, 4.845888917088603, 5.159114728357105, 5.257682584237445, 8.063840451079404, 8.978654772136002, 9.095688182147503, 12.2998748565391, 12.779585762295156, 12.29097166117408, 10.051118080701428, 7.78535264203622, 8.480194592549369, 8.099864299848386, 7.994521672588998, 7.718032849208879, 5.627878869673894, 5.975816195337398, 6.7531018639137335, 8.040157254734321, 8.990789170910928, 10.508420077344871, 10.570149218810943, 9.111237869004912, 9.575088428027906, 11.916944358648978, 12.300298267349673, 11.642588942267285, 9.194994874333366, 6.354475457727938, 8.010648569059635, 9.060882533886366, 7.807367828076517, 7.971103061289671, 7.943474953665811, 6.356267917365655, 4.677573667847093, 8.811097087933904, 10.219827043644877, 11.157418300411067, 12.086714365353933, 9.58634236195083, 10.021722052358898, 11.438493910573918, 11.596236449288417, 11.583359968363867, 8.03818905805239, 5.7466152240393855, 7.7431916121847815, 8.569687225517086, 9.029747378010892, 8.219701548818499, 6.150709618660491, 6.458834379878091, 9.978439014221381, 9.245085687920193, 10.18873974588793, 9.460888966743216, 10.819954390235742, 10.992798327799862, 10.919631443260398, 10.94052121658893, 11.160347736027175, 11.372039524596918, 9.700239099347508, 7.369815655256391, 7.1264326924982555, 8.892011284557759, 9.54175109539694, 7.676237314019765, 7.513635662557295, 9.041549552475049, 9.772650655854758, 8.367372352468413, 5.589476993646235, 7.814076765683607, 8.255529473562898, 9.92143066735155, 9.823419182958315, 10.450964062460828, 9.934592840933824, 10.198481702976984, 9.460179399073022, 6.693608394292787, 7.924241318748206, 7.098078649346449, 6.617655449769975, 4.722293555950713, 8.271238763804211, 8.945399595983083, 4.891192584019524, 4.186995956186621, 6.425859512931798, 8.305879345115189, 7.7892217872578415, 9.005209766650644, 9.261612981380988]}, {"header": {"parameterCategory": 2, "parameterNumber": 3, "lo1": 7.000391667275174, "la1": 57.99990880038887, "dx": 0.5, "dy": 0.25, "nx": 18, "ny": 16, "refTime": "2023-12-30T14:00:00.000Z"}, "data": [-2.6969510339692166, -4.055076724549654, -8.783351056872386, -10.305919361594995, -8.84934393161177, -7.238767170016369, -6.043759600492196, -4.258325032866924, -1.572154309111621, 2.8423963558417693, 0.27199476802743744, 1.0506734229867425, 1.0738088508691637, 0.7217232627148294, 0.1333752352663685, -0.31441115613524634, -0.5374869252845734, -0.9509082331595643, -6.0116838779076796, -9.375669548255386, -11.947045842195893, -11.601075969499522, -9.98479629968098, 3.812258512706298, 5.334437352247977, 3.3820893562806797, 6.7956537624068725, 5.628903974752684, 2.739216154604812, 1.945923117508888, 1.8906641223505811, 1.5595350162389523, 0.952154578936732, 0.0943185225306714, -0.5391314612263167, -0.39342282472294066, -7.805734756935255, -11.150281716546687, -12.676068943744905, -12.21162929639904, -0.5924008716664059, 7.365312889139574, 3.319210962658772, 3.9452178871388908, 7.738793177888061, 7.601966229991017, 2.464048230734591, 1.838862394227517, 1.6961178504838208, 1.0259193937861373, 0.19906920385546706, -0.07487079112662712, 0.3061682552678814, -0.06606246467687349, -9.392335590965102, -11.785139851401146, -12.279335298562776, -7.886236158063085, 4.026198864530246, 5.840949773002155, 3.869654306110555, 3.782991861515562, 5.478482228929057, 7.911216920021286, 6.368111817042829, 1.8327962669475424, 1.5578006845696304, 1.53247510008354, 1.2943368352918532, 0.7022960145153542, 0.3900614041637139, 0.0016018793792444963, -8.955176910915405, -10.339721496390823, -7.2563478791828855, -1.276700530200733, 3.1771781003502815, 4.708519843285321, 4.6930180813267155, 7.468068446479789, 9.500469738402932, 7.3371978129751705, 7.416966914575986, 3.1564553444494283, 1.816462973833264, 1.6345178433576377, 1.791225168535891, 0.7236700513038828, 0.6483355667113865, 0.04521269976518927, -6.728243223346252, -7.614344733925557, -2.5986740873345857, 1.458747377334753, 3.0280490838150476, 3.7129782688287953, 5.258717797390667, 8.511542298027381, 7.417696301792662, 6.731963522105111, 7.119241621080228, 6.711254134778682, 2.2418801710616227, 1.5556775569392556, 1.1998575207560145, 1.4225668323583787, 1.0504721110375153, 0.3685095085246291, -1.8847865605493268, -0.4004473289572072, 1.414934090435156, 1.8111912337177722, 3.0746563477283426, 4.284128786768589, 4.261854442409754, 4.530503765341309, 6.286886761114766, 7.700010972814054, 8.311728349757491, 6.857004879545649, 3.7129111587990136, 1.4685333127020963, 1.0870458673361731, 1.3874412396958957, 0.7676172209875585, 0.6467240891308008, -1.5312392732049886, -0.40863375290108306, 0.7569854567390174, 2.0295375368087027, 3.5015257572790297, 3.3318420317997206, 3.6949977788003574, 6.025029177281485, 6.939271797729082, 7.787834522573321, 7.161742580518065, 5.576432081046144, 2.3666517305883774, 1.9306782234048556, 1.1962271712358241, 1.1106479474784285, 0.4696575034327963, 0.3705931219536597, 0.03799646176481217, 1.8791145493014973, 3.9976610503416126, 2.796795000092047, 3.5830322636770937, 3.2656208644628952, 3.866112485785451, 6.048667140180738, 7.505892600248388, 7.685922430078092, 3.7533896549919294, 3.031581598331879, 2.601731898058262, 2.174351937678401, 1.417504224554868, 1.7117223079072716, 2.497541192100138, 2.328874293781599, 1.6740998715793545, 2.1579382161105127, 3.252558893354576, 3.12000137809868, 3.0046872396740656, 2.631224577093113, 3.6385913600116924, 6.683719656879076, 5.888422735895134, 4.596006217012466, 4.295795587795998, 3.247284234770988, 3.9288759320362385, 2.6579379407516908, 1.3943181483865354, 2.2984233924003212, 2.2991843659354236, 2.884709013452906, 1.2101529091410612, 2.015126830808277, 2.5024758938639176, 2.3905673968762278, 2.547728825526418, 2.7560290761553965, 3.4383167314493472, 4.074273561521791, 4.867610513372044, 4.079315093358067, 3.296128274798939, 4.644127862447907, 3.697855979852899, 2.508793455065609, 2.019936848464928, 2.864450741360291, 2.1792445210137394, 1.9428957432922829, 2.157818194612617, 2.472636879561565, 2.7578510742952975, 2.9608604598833788, 2.5039911869145834, 2.528241142196972, 2.588105911171839, 3.30287996006528, 4.392431597388136, 3.8356972057354977, 3.630211143501919, 5.077936665428671, 5.643125238669089, 5.1471481905280125, 4.323510149956772, 3.548010705459382, 2.0233599286364923, 0.694733375135435, 3.182344130427182, 3.4609142746499244, 2.95986724806668, 2.846653486525388, 2.3966198817456625, 2.890042316676144, 2.7395247303160124, 3.4638810077015894, 5.146885907589893, 5.707553765375142, 4.452466045979938, 4.018890171829468, 5.950212941181491, 4.9950217203525575, 3.4103942880079474, 3.097688450596008, 1.6626522643499377, 0.6698585703858472, 3.3068228014466383, 3.102332767209015, 3.365496395027998, 3.2554735149011473, 2.5391972586021074, 2.701931603332559, 2.7260723122049195, 3.66346678643746, 5.501976955354391, 4.517454573459436, 3.956386506539623, 7.046322512705804, 5.827614693229316, 4.019931661533511, 2.5874538349227554, 2.184352425838673, 1.359465133426213, 0.694836792358345, 2.85158878575584, 3.1500376336866305, 3.243020293501339, 2.93928177491217, 3.0056065998679946, 2.0893637493055914, 2.888108694924325, 3.479651581260297, 4.43066483668666, 5.700440288682636, 6.557280348137803, 6.155743594288311, 4.540546883080408, 2.342247291114976, 1.8771189783515607, 1.489001272272887, 1.6402993498923217, 0.8294297818474969, 3.7126531899816957, 3.3455663445394976, 3.0991481095082705, 3.204924673023441, 2.113416693290309, 1.9024712776104393, 1.5750814167490206, 1.7837678190153405, 2.5449548727359326, 6.209176611447496, 5.798807774206841, 2.1724395638241605, 2.0217465488530304, 3.343313404180074, 3.0553596031873056, 2.30702122175518, 1.832985039921455, 1.929330850477479]}]