script/wind10m.json
{"header": {"parameterCategory": 2, "parameterNumber": 2, "lo1": 6.000198445256149, "la1": 58.999992894266676, "dx": 0.5, "dy": 0.25, "nx": 22, "ny": 24, "refTime": "2024-04-10T06:00:00.000Z"}, "data":
[rows 0 to 23 of 24, columns 0 to 21 of 22]
5.764204200199618,9.449814141241687,8.328156078892057,5.605722502672225,3.400153678991982,0.6349534305890002,1.1228245071158753,1.1473488219000103,2.751044726347085,4.737188922669775,3.2086009826149033,2.145934325577118,1.9559764364092271,2.029972264443497,1.2516725770916306,0.8343848057551918,0.22982337543430148,1.3064888184985313,1.5733194346296886,0.9973997892167319,1.517860105943956,1.3539218689316952
6.421977184893564,9.557346011459739,6.38651436088929,4.478066478322108,3.450731813240917,1.082375758572757,1.3751771436755855,5.054480580575488,5.728775238776497,7.059652798414342,5.5016641517174545,2.5028032509927987,2.6296265904550196,3.8041445075571048,3.9712101761509566,3.2915628719805246,0.4862019295109962,1.188181114432327,2.3499824303951486,1.7980993412634856,1.781065845194783,1.4816819216818278
5.884519576657948,5.9221933909492614,4.932825609664129,3.3280081953831515,2.4468218718975456,0.9757390596511368,3.517648109745585,4.614261571389754,5.224966328812535,5.944267354494491,6.323202915868431,2.2030952054066413,2.661515162955564,5.383307095985544,3.592243353873719,3.060642367922261,3.871952691344377,3.608816742289098,2.5230662406886393,1.0307345602707405,1.7150013063882577,1.7524099895641265
12.822513787181995,9.71365195248129,6.280655706818682,5.052998250747594,4.550093722986874,5.961380291834295,11.420215672746751,9.359599548972067,9.297340693486124,9.489275639678674,5.480065709514301,1.6431832517405685,2.773927712999561,3.0502579659291857,4.252601477676554,3.9223092767415726,4.222805227600923,3.7094588562934505,3.195437580328704,1.0613123246596188,0.6623953888880942,1.4457009620659105
13.20003849172072,13.745543248907648,12.853384549638923,10.13636636552223,12.160891689460561,13.395678332457134,12.45226728667919,12.543708296412973,11.428075949276531,10.284849981604413,3.787664384873767,1.507123214098938,2.0976977915530015,3.029778365175336,3.3862825490051343,4.462218731233568,4.322310747442605,4.321909169129448,3.763762998655287,3.6376526019830218,1.2791975269200937,0.8428405853457852
13.63912157013684,14.140521299861204,15.036946742225084,15.732621169030411,15.397530281545734,12.890006251138692,12.247017058031814,12.150517703661514,12.08077476373942,9.228801767980997,3.5205469069498663,2.6222133688221367,2.607692739060295,2.894166300450904,3.8346786197219678,4.032755879223347,4.588163903026978,5.022337170259098,3.683875718238555,3.560848363362355,2.274303758849472,0.7705560979463947
13.32731969329138,14.091427575499505,14.399314597966034,15.017846213330914,15.23244102244612,11.97722371479442,11.877590025468574,12.025846497733317,8.90660569031805,7.035031607564043,4.201162249626925,4.407570253572816,1.571744848513152,2.6143209620388825,3.2750059123444646,3.8042732246029893,4.490265487335624,4.917297866322966,3.8768102799926445,3.9795500127478616,3.5868400765289103,2.032410033345867
13.193935946976023,14.240792011979998,14.984979737049775,15.263977095758996,15.515964086058448,12.0058372351026,11.475847571635756,8.239547703441987,6.551803257110572,5.930890399388331,4.693773294504411,5.900812023807343,1.974772971285021,3.18490729210532,3.906146338360229,4.171334831320272,4.598990442198054,4.66132908415453,3.986773914355715,4.001790663077996,3.6808157239285064,3.7987150316486273
13.173602349021337,13.89956613202905,14.69425930130602,15.371832504202237,16.056239786195153,9.28454301232999,10.983703419910338,8.07962327103242,6.243568947163677,7.0730224032883635,6.239142792590406,6.979718367273874,4.277904879590823,4.09504717630286,4.660437499450197,4.450577483262212,5.173752313515149,3.8656740955298927,4.278422792371591,4.038789250739027,3.9246531170460517,3.374071397850023
12.805567780280118,13.783482498317133,14.812589896480114,15.495183588786118,16.019834293394666,11.976987369331466,10.035316288842196,7.923462068419181,6.477305467146979,8.209921306007535,6.860471434127518,6.630279078965881,6.437039314883461,5.953780431995375,4.380183601494369,5.016666945528864,5.134869079288595,4.105163947482223,4.110141816326059,4.082090687572931,4.054140751183072,2.2557961237514546
13.122990866442917,13.450263512483655,14.467847606148586,14.873955645720683,14.807179448701051,10.70403877151287,9.40739349799999,8.18953431312075,6.448811238408923,7.137993089845546,8.68678687877407,7.916816084406704,8.425159861528526,6.627208081504307,4.3725304668306695,3.9837310378866655,4.385712279777658,4.134763552815836,4.400501946632341,4.153388143422218,4.184175156306379,5.092817889431009
12.581616773286266,13.073651204828657,13.515877866500738,14.370887717832268,15.007269782967533,7.871049079887417,10.046977269956,8.136580285914363,6.3461833318513055,7.7560041943906235,10.321303452373327,9.412915364528562,10.223555811710304,7.711024446874614,4.56181624521757,4.119564915210289,4.1877233458962575,4.3860221752109645,2.1028440157249526,3.5484128057314193,4.581230467480501,7.900537580641656
12.688705184941405,11.89525337769066,12.558186681234838,14.098241519040624,14.209571692905733,9.520798429042154,8.280641757957579,8.478261521397336,8.578892906369264,10.387448506802613,10.25018638834777,9.774570558297606,6.239047176449364,5.303511147158986,5.454820580374532,4.153350109602258,5.017328102971851,5.060197625745424,6.154364276130671,7.644350878888131,8.870631845731394,10.03856639340959
12.22957071479665,11.926613789722863,12.353948801206263,13.309048367489682,13.204707777781028,11.057368996051444,9.38057313664303,8.456497140520154,9.064976253206233,11.5777592741976,9.942109578361235,7.009146441264313,7.0279475172016985,5.65918665752217,5.226306223088656,6.228036724899808,5.8201050113709725,6.220090192902821,7.873828197822778,9.149750360188365,9.697500322356614,9.599291572203665
11.705878650898391,12.17179139954705,11.266832318769989,12.763615198957604,14.870881931309315,9.492272673140198,9.466769782452443,9.871359160400477,9.560832050970408,10.96338049100534,11.587101657191111,7.69729623027213,6.3131832519200906,7.56392234629933,5.903860285779564,6.975548854691387,6.9595687684463625,8.696443019366065,10.327191064680397,9.593014996363538,7.8430639817241525,7.56675698574631
11.151892943039545,11.773790939521465,12.490028452871085,12.572377725794341,13.908751316560657,14.717826061978542,9.906293594416328,10.007581084162373,9.620996980902614,9.13531206596581,10.900485577945,7.299428343942485,7.584529675328603,8.231644749533631,8.420172896850666,9.13235231965385,9.8116781029914,9.364632327113176,11.753523824759505,6.967084997505328,7.5953563137506395,8.781168456893667
10.600569043625134,11.833074845711895,12.244666625825282,12.908008977977786,13.79608315066566,13.738784029175251,10.038726121650338,10.165741447567566,11.138437303248741,11.848899884324524,9.613636064385545,9.678127537250138,8.454594251039538,7.656201971444974,8.246203210819864,10.48672226211553,9.772769386907767,7.328212631682794,6.619422090359112,7.533359952577259,8.368337060435278,9.783291990417299
10.303850245815449,12.142981579120192,12.904257576801829,12.778208034417585,13.983880942650343,12.335114120654644,9.39367050439897,10.08360069016032,10.504089683551895,10.847124299716945,8.965676503886685,8.031125143706591,8.611453740904052,8.026982374168597,9.523433722396838,9.692476587213818,8.50896659825101,7.004627670697249,7.257543115683398,7.920046563388989,8.393714402943116,8.605508156973954
10.32070715384156,10.932469483839682,12.731984433519958,13.738433152482132,12.324893342443168,14.087841450218622,11.416794046727682,9.15931575812176,10.744999723709423,11.075321183138037,8.543825669965612,8.22423154254012,8.851875393883407,10.015290865258718,9.45482290548229,7.503289157545733,6.1159529004453494,7.600492716854863,6.831988820346865,7.043072837128883,6.865455306770167,5.4207089176821235
10.351320492376663,10.662671752384236,12.0422904486757,13.017321448466005,12.276712637300093,13.600853636205319,9.560031744979984,8.50239428983567,7.935369852887912,7.795396631483728,6.276805992807897,9.567992066464944,9.635204916308068,6.765166997550753,5.613097324525271,8.54232545428068,7.20671688004682,6.818082370493797,6.647809859157856,7.510145084314211,3.838863823155179,3.6651712612548826
10.036215911330968,10.638632601203806,11.671287544243956,12.390165540487102,11.561467748765601,12.062801471745976,8.904855207284909,7.845026678718346,7.445068040835937,7.116259412635135,7.690429515806746,5.738087250158312,4.946280913792532,4.603941529528904,5.110223286288807,5.709508113683883,6.872246156856103,6.859732521535009,4.571701019320085,3.9897356566377478,3.1825720995766784,3.5139479246328595
9.541248532591608,10.010958971776327,9.794921275970998,9.667517586443303,10.73246709616402,10.260613723146244,6.615691152926314,7.012895568049576,6.949302679975787,6.816739175585615,6.768980493998816,6.743184293977968,5.194581986217929,5.195821321744238,4.989897458456881,4.557693246211076,5.140146483025139,8.543246330869195,3.5795696169162805,3.04772732809305,3.982746890883994,4.368207657718924
8.740210218492471,8.946659075911633,10.261334239630191,5.0739855451504665,3.7435054329301725,4.674191340787167,4.770888428095637,5.343539996790921,7.276669763536708,5.229210528288009,7.192519909516269,6.356262290280313,5.156289932730658,5.942287002216888,5.246030691796913,5.944829107999402,5.40603441675053,4.246593499306238,3.3939443090897377,3.2676323759736987,3.083726794039449,3.932751272465879
3.6055782286173756,3.5695466882238502,4.405887019548672,4.029685015544574,3.987331966648886,4.784924840649595,6.739956479926592,4.464208293704798,4.207122133930362,5.3572068227606975,5.376584176025427,5.326736549686564,4.328750167283035,4.119999892872879,4.776240864045541,5.153927614985035,5.606341312711074,3.522832556573751,2.909574765155151,2.905394682371595,2.8306689949553134,5.758500065784363
