script/wind.json
{"header": {"parameterCategory": 2, "parameterNumber": 2, "lo1": 6.000198445256149, "la1": 58.999992894266676, "dx": 0.5, "dy": 0.25, "nx": 22, "ny": 24, "refTime": "2024-01-11T19:00:00.000Z"}, "data":
[rows 0 to 23 of 24, columns 0 to 21 of 22]
-1.7884645866314377,-0.17035482771173857,-2.9244330874123623,2.7561305833903305,1.996197629519885,1.670774962744754,2.1620930216103362,1.806853218624695,2.1259093205313375,2.787237359162218,-0.837086673023803,0.4492901595164705,0.9334026812941826,2.18757463948278,3.920780276773099,3.3743440535945552,0.347443151715205,1.3787061547811856,1.1519085197035204,0.5686285270740999,0.5505015089692228,0.6339191287566065
-0.5368659171920229,0.7946351357629615,-1.764557822565646,2.1239332833053743,1.6269982296637944,-0.057108293155743534,2.8208151110182897,1.0885370204815583,3.2016863677680063,2.586714480073813,0.7420008078107868,0.6506906204188749,1.030617648589386,1.6774322204243117,3.2954706523837283,3.9057208250562003,0.5494158698834609,0.3051655681505876,0.1365368012614383,0.5743865757723594,0.02742319117650991,0.94337909511511
-1.1480057521960383,1.592270597121984,-0.5523698421468536,-0.4927571107161014,1.373171523125355,2.4272802176060466,2.402126039351808,2.478511072510226,2.1699265653687427,1.3267636126998952,1.1861964403079681,0.7851155727041523,1.1659354760424216,1.534898804783774,1.513885709917648,0.3723762474857348,-0.2797709294062811,2.197568618643374,0.9508371680201255,1.6744399637370753,0.9911832658999287,0.8854379142852238
2.7957949878590562,-1.8351811028462413,-0.9522281657052858,0.454679771983571,1.333017791341273,0.616537301113682,0.9998005498494968,1.5726057994138192,2.5363616859030027,1.159617537121736,-0.3594327026073024,-0.18422612067937466,0.8954251371043946,0.7098479830447126,0.32252961219559767,0.9394200746149834,0.6405043620773597,1.966255676485542,0.9564539199467204,0.8264888001113955,0.5674321815146862,1.131979397449517
1.3592758381797285,-1.2237963559351666,-1.3156670463499196,-1.4711904636199429,-1.1232465917847034,-1.0505683904534162,-1.3873360884303134,1.0151620781108448,2.662911862197456,1.5047191637089683,-0.260862318692224,-0.30189979424844526,-0.8391462488718239,-0.15044847479802242,0.006200856656127067,0.7427262792941509,1.7457762572457352,-0.2921536590235245,0.9593203179812582,0.8690933898396943,0.7489265861506945,1.2046133057694155
1.3407218822383598,-2.109070812460999,-2.515004522139452,-1.2143520621505737,-1.1654929707255612,0.8506857175804003,-1.7393255684189104,0.2815356386850588,2.1975222633592444,2.2020511816082897,0.6247026637775704,-0.552312592173008,0.7908978740021868,-0.3183394965134149,-0.7428684118005183,-0.6160628959153709,0.8950285003778969,0.6943145815006481,0.8497432298392105,1.1555593235050372,0.9371605243188667,1.1487912750778388
1.7735756966091087,-1.821165428170298,-1.5030138608790629,-0.4239107501563459,0.8244651231381814,1.5124453315499817,1.1177003575701936,-1.2832911290250688,0.3389184576110679,2.7355219194698774,1.7012516801676265,0.5868917821327971,0.6864238660148659,-0.03988696198895305,0.4850669775447265,0.22492404744182756,1.0001782272142796,0.7174101125686593,0.7385516218277883,0.6257370265988215,0.9190353645011824,1.099714478007845
1.9762738682019894,1.595146575260594,0.31568503887316945,0.02797693358623492,1.1929042491479134,1.2852933767941483,2.552873514375006,1.6526651925118006,0.17438765150319288,1.486038912786013,0.780370259587972,2.34779266892697,1.6858957247089643,-0.284032816591021,0.3704721096877071,0.2134769672329315,0.691733459332063,0.4478009926019834,0.1422294275231537,0.8498164539969458,1.0322039739746134,2.090517242761623
1.6096111471993537,1.393731741418272,1.6086799189599517,0.5243383698235924,0.7827516540339367,0.3015810700864403,1.8520039384680758,1.6328909766744923,1.4713094547410577,2.27284585886741,2.2156864306275676,1.940874469549087,1.2444551514723436,-0.3339014434952271,0.6930144259834153,0.3490848131556657,0.43057508041628706,0.38552443787162743,-0.1373869005689748,0.7392968368501713,1.191926323075168,1.7320567685911763
0.7274556039386362,1.499809134282983,2.542657242368968,0.038920715396545555,0.8838874354053253,2.1548201836535785,1.273864970802402,0.8790424675821544,1.442668963850664,2.7389776050679733,2.8443920818498953,1.4474049402745606,0.7200125545549085,0.29464571207625573,-0.3307430307704572,0.5380209349948868,0.3943828294327436,0.596532284623851,0.49063358648608885,0.5157424299790453,1.176877000098807,1.0154407508451049
1.1821915547060302,2.566119816712603,3.311143872673212,1.5434152461449924,-0.08359099653725705,2.0108936266242883,1.0180758081382413,1.5937834268040376,1.3650628779758354,1.6034222025203906,3.6718536005784386,1.3427662070135855,0.18165748460124853,0.4013703448135907,-1.0619718252037733,0.4723388206053311,-0.1672758220094762,0.30215559269981607,0.24317303039344682,0.5084835396831308,1.0469826446579205,1.4973007629157822
1.6983839479916192,3.4461344132510994,3.084784429303034,2.92338670676628,-0.37794195789759355,0.7969132676453047,0.9955609434709769,1.740860790086353,2.2659701510797485,-1.5025668616877448,2.871548379534697,1.169620433284527,-0.08793736517934132,0.4548715931157205,-0.3187907413043137,-0.7778420252491791,0.27433760790612965,0.8796214477505248,0.06936516634221779,0.32464437724916306,1.2976834709191445,1.9549412024858237
1.6991755984245744,3.169238169962436,2.169059235504466,3.1220654256897475,-1.2086490523119389,0.912482699826452,0.5524552594904806,0.8433855633931792,1.914638974345945,2.677421983676735,1.6540878028177401,0.38880644023146604,2.010520715213822,1.040441542405288,0.2335328443146099,-0.19495423611949114,0.5511911273764418,1.7439145685518864,-1.9958521651904473,-0.9224212512747398,0.8288569261528224,0.6178669183794365
1.6617201918885691,2.0875515959782143,2.7060132671469517,2.936078637020417,-0.45431756970880627,0.5832555921076968,0.8437709411340375,1.1386792294033345,2.609907151248434,2.075587407807494,1.0981293715733547,0.7675704949635125,1.2342886435625449,1.2570512485635954,0.36632781032208334,-1.0327261875507423,-0.08844734549351951,-1.8638529879357326,-3.4383023831190216,-2.8759236991746957,-0.7362944453532533,-2.605105869543806
0.6553209252395198,1.0846048350381823,2.17137626050844,1.8428950745413015,1.6413535527026315,0.5275663848669385,0.5569035479912624,1.2864674276522434,1.2229580328544374,2.017673039924969,0.7049568729538398,0.2216441363973149,0.7800216990718,1.7045234395057327,0.24373761577596695,0.7831916438342716,-0.5613480305283957,-2.6088474827473807,-4.913801363344601,-4.325055814009684,-2.2587687312863087,-2.7525954602356673
-0.10400374005497634,0.4963110825289533,1.2016120444495588,0.6886968974557933,0.9411777466004385,1.5805571377891316,1.4578412411825101,0.64593406432951,-0.49885081604554327,3.4113038297386327,1.3585896167852527,0.3550827976223622,1.8588489368311816,0.8845783906089192,0.4915600143377595,-0.6150628887859694,-2.1454884127827807,-3.419260792304357,-6.046753698586457,-5.4051049231579995,-2.638964301773531,-2.780584637205225
-0.8282438768883416,0.30615847629937326,0.41216227296975816,-0.1316866754028089,0.38655999567492727,1.8788871031696193,1.5106458904274054,1.3542454903002956,1.2843097012375297,0.699113707387304,1.6376506543091194,-0.508340658696698,-0.48512052020026963,-0.41705528994004204,-1.1156391246562705,-0.5328616105692416,-3.181104604818745,-3.4946889570282313,-1.076911791150825,-5.503128872243183,-3.296242504596134,-2.663618334835789
-1.4217989165769456,-1.0615776489102455,-0.8270723240250386,-0.9429885517706169,-0.41190924918181765,1.4244902911067086,1.3919147641574674,1.2492736048377817,2.111928084400569,0.5357768825513332,-0.6995154917196198,0.09150666838226323,0.6075118909518668,-1.5526985280501666,-1.1270588461271567,-1.1108486570418918,-2.547135329816876,-3.1895159415841485,-6.106663354856595,-6.32026246376304,-4.191682569243121,-3.0155147572683108
-2.353266591075378,-2.2942779228806076,-1.72558194465794,-1.5747438672755174,-1.3106589908515882,0.9658134764591062,1.441816447827123,1.5767249540487773,1.5330707128779062,0.4991584269144749,-0.8709341330094627,0.3592476439853692,-1.1622389125198682,-2.698589081361201,-2.109104366735592,-0.6657952403320434,-2.3036047436668046,-3.590970464646839,-6.5033381539245525,-6.70842870350714,-5.218875702587625,-2.3457697669994113
-3.7861646307271766,-3.336217541665057,-2.3938266681513656,-1.494165704731159,-1.7790940694131225,-0.10947713647817206,1.0429167367442354,1.6271952929085005,1.4181553924735244,0.7119413951405527,0.9863045100524086,5.186560778804728,-1.0377402147070518,0.5663699396984715,0.3140708782235995,1.5552959900392884,-2.3056536023960934,-3.0130328993275244,-5.831737532799768,-5.4933890007287065,-4.478463694243322,-0.7737245500671083
-4.624818037729049,-4.275496912349124,-3.6678824018684093,-2.3160632364873326,-1.0686942165162538,-0.08456182599631103,0.514436444110172,0.6664671748450314,0.9301583961330019,1.3178087220971382,0.9309106221901757,-0.7760863785123542,0.9774664666190707,1.3209700204517334,1.2613392543264983,0.15357222909535714,-0.6076667534094794,-1.9735328690976806,-1.3766914522796798,-2.970626889726283,-1.9738830323229943,-1.1565426997751833
-4.632691984932679,-4.716280594281289,-4.290738061623655,-2.189950599069501,-1.2106964289205286,0.28484261636834807,0.7650586685072192,1.4237058850615862,1.5785110260536097,2.3633119811058774,1.8253211117438561,1.532673387959869,1.7058191696506009,1.9004981997148176,1.3563173977021303,1.3009424888516143,2.0562274476256324,0.21229319357339896,0.4274236180939924,-0.19745574401536217,-0.6865074868640243,-0.8702260878712083
-4.7812907915508704,-3.799143095529073,-1.4258139986552172,0.2723255482933957,1.1399809427752412,1.2252793976851983,0.6967354244304934,0.9308141761300479,2.3347970904651487,2.111562690463012,1.7819693722491492,1.7500174993040536,1.7876507946908655,2.0995278678207456,2.6574319808755464,1.659734346417342,1.3251358113470009,0.8954630213795284,0.7731348052703043,0.6176514348887603,2.5552121479302103,0.14001697353106865
0.3614358203560819,0.4773597289485871,0.08295592691648562,0.599362852942036,0.853445792651853,1.1247885025203361,1.208825910769129,0.7671490610801188,1.1811138518613378,1.7797029610235238,1.9644391782894077,1.4112859297632576,1.676042902838766,1.5890016781205356,1.813620955390731,1.8254341438483288,3.220824986740899,1.6881209728434408,2.1023964758478404,1.4964676127006789,0.6851200122067488,1.2115311337617505
