script/wind10m.json
{"header": {"parameterCategory": 2, "parameterNumber": 3, "lo1": 3.000054539987559, "la1": 64.9999836372058, "dx": 0.5, "dy": 0.25, "nx": 34, "ny": 52, "refTime": "2025-04-10T23:00:00.000Z"}, "data":
[rows 24 to 47 of 52, columns 0 to 33 of 34]
-3.063021493831381,-2.3714066217511887,-1.932693880711529,-1.4761075536800652,-0.14643493232194257,-1.7284938459577712,-0.5938989815227294,-2.6178978810691755,-5.413819632685189,-4.4710415389243945,-2.9815539855486013,-0.5695308656484533,0.15095662125866724,0.30809975231020886,1.031346601466747,1.6831291442619298,0.014348060125606205,0.9518314871623806,-0.47712930947576626,-0.739875295803121,-2.579269921910581,-2.029587362098917,-1.3368088868498063,-0.22025008920667463,-1.4237625398550355,-1.7634855830559393,-2.601129276305534,-2.295223771564469,-1.792622498132575,-1.8013218191158562,-1.6490722685722885,-2.335017289349395,-2.2848497343350758,-1.4327758088097469
-3.100283128732396,-2.3973971172812174,-2.4152899968837263,-1.6949203545963873,-0.8717291571296566,-2.420117810929417,-2.05660483606247,-3.7947387734161375,-3.3481717975030643,-2.681866919943858,-1.9304033450098987,1.8225104788661546,0.8072413115022741,2.5893045571804745,2.7315519703481126,1.7428281959610747,-0.7765539003345766,-0.5083225917116235,-0.6306985057901898,-1.3006639161634324,-1.5571293254170184,-1.259403808887691,-0.2783891215139499,-1.0296856724481807,-0.3595574060990972,-1.2128897086659116,-1.236850154962628,-1.1419236230802141,-2.814833833832132,-2.7805376895990084,-2.7812383817304576,-1.8059847993200613,-0.49555484466311894,0.284754320466699
-3.0544062866227963,-2.4012203482197347,-2.274823574581685,-1.7829188270637277,-2.259996312040132,-5.043063294759291,-2.939815094876125,-3.4150816214559225,-1.7969333191798067,-1.0050438398891064,0.42859216920309,1.060027448001497,3.6868970301626787,4.655579370425459,2.0426538660181066,0.47730590062896794,-1.5003292284804917,-1.2773940668382504,-0.9031393644380812,-2.167071450497388,-0.26486290366584975,0.5436867263534777,-0.80611024579727,-1.4506159718500684,-1.2012870871737191,-0.6213799251561701,-0.5371829380612596,-1.6164612009697987,-2.5756584136766985,-2.0870859749787116,-1.6541648119440222,-0.0040018408263770245,0.3428288202766735,0.33807476823477745
-2.9352598285983595,-2.536155474737938,-3.066881504499477,-2.746303295048663,-2.9837292773502684,-5.748960382502388,-6.8684362735297695,-2.5481320053458005,-2.5546487411150234,-1.2727183128048813,-0.19112847171397457,4.280466244978624,5.313066358978931,3.635938129973245,1.2609424751680234,0.013030059241343692,-1.9045006248605831,-2.653417102026808,0.02062457791069437,-0.17715958177764898,-0.1447152751957121,0.9560357441332145,0.16619216632613795,-2.044154852569135,-0.30032992569094147,-0.613488289034575,-0.8914404610124473,-1.282053220740418,-1.9062511540761489,-2.46977448667279,-1.2640480784842212,-0.2948501084002509,0.20624352391204892,-0.08429282457987562
-2.436702003049587,-2.151947846743667,-3.1681033576534414,-3.661147447193612,-3.3964758122808134,-5.4079370841862175,-6.216716093169822,-7.123269128099701,-4.57699391497891,-1.1686198799455114,2.287460600046386,2.867786603718213,3.408774923977718,2.0065599300103254,0.5539078067319184,-1.0382638485353268,-2.675281069399515,-3.544349632469734,-0.5827327345867039,-0.2685569532042424,0.2723133349670932,0.5368235275623802,-0.5676815624538678,0.8783492158837883,0.471341591851817,-0.32354548298422203,-0.1332647763384333,-1.284757076650914,-1.8277805731791164,-0.7904254613131514,-0.24213020033317864,0.4003301510517463,1.0688361321248645,0.312359586188867
-2.332390470369527,-2.3908489747584554,-3.2678920870074633,-3.892799720794906,-3.819418314151475,-5.699701734990794,-7.00518542375424,-7.344180371720734,-6.697439319386394,-5.333873858412494,-2.4113295145298688,-0.7112656091847199,0.9156009065444176,-0.2248657611229012,-0.7317505847550292,-1.43568805078597,-3.2280049403281508,-3.203772700371076,-2.005506383185943,-0.8730349356832232,0.29356821822475654,0.4957391326363868,-0.2897827316918405,0.42199239355103846,-0.3336406005844472,-0.7426882618332223,-0.7905176803631893,-0.8494276695810457,-0.7357813682942691,0.4822211415127127,1.0442154081663135,0.15899292994481043,0.8233834560144184,2.6128271471546882
-2.0524155635031374,-2.8734175719928072,-3.5380007349925062,-3.7371557948976566,-3.7193931244046348,-5.205203797611888,-6.979645076191561,-7.244510850625648,-6.931952629215695,-5.573624897722978,-5.217026239636467,-2.9750234992178237,-2.059898805513795,-2.0445660755177744,-1.4522891472014237,-1.2306291752244525,-2.367834536785019,-3.869998540201242,-2.843670610171229,-1.0132089371147068,0.07077642004603751,0.018159961393692355,-0.5132684371058029,-0.1965537428993791,-0.12807954094955107,-0.34037050380433825,-0.6366607175658736,-0.47548857556597496,0.47480757631298476,2.058269447935799,2.155853241674432,1.1002999730567566,2.524800542936373,3.19762398600004
-1.24086418517693,-1.7192062537468538,-2.6263796227756324,-2.0981010076685407,-2.9299670373123328,-4.005633827346601,-7.0804324102521665,-6.340689788582606,-6.353798475387451,-5.1743893984122415,-4.864470805568856,-3.9168908225564927,-3.613067128211613,-3.282528644748664,-2.2513034250205934,-1.7643319489496134,-1.8145119734819632,-3.2014627271052265,-4.8187654433869005,-0.8340563622330428,-0.10545360238316297,-0.009501222111004202,-0.040687763006780904,-0.37350615728280845,-0.06775154947941862,-0.46189845294894133,-0.4629241239487076,-1.0542817871410355,0.07683003827735833,2.0009696754875352,2.721381799416293,1.2281404579468358,2.5035272954920367,2.3191393931033564
-0.9711715077270128,-1.604714361608447,-1.5147117159588441,-1.5566419791985016,-3.5329504763836153,-4.2848283721856,-5.24798483350959,-5.552740647029756,-4.709676325908687,-3.582803031375755,-4.865222558767273,-1.9792662311574407,-3.783996958708544,-2.0605470712909777,-2.551832334339228,-4.300565539539067,-4.811288499074207,-4.632971155075502,-4.123450994751192,-1.1669587286514378,-0.3009596411947254,-0.44412378009928144,-0.3899177011848415,-0.49341888577064374,-0.37443046232823723,-0.593615816206777,-0.6168240547995053,-0.32470027780186383,0.4278651042487082,1.368706813612931,2.2408723146874654,1.7932209210233778,2.4693124201539174,1.7060936572733347
0.005386688487089865,-0.6406801947460066,-0.31571906296279917,-0.31878977584388585,-2.2751396369367667,-4.2440280648993465,-5.255772479050678,-5.702883096311424,-5.396956083192325,-4.629522259590554,-3.458282648927691,-3.849673792437447,-3.0271626266770224,-2.456060978993057,-2.2157181040509037,-4.501214985760778,-4.40437009684526,-5.112274512111801,-4.973515140139138,-5.203322993890284,-0.9980224419575627,-0.5446369266003391,-0.8257212609369093,-1.0581988455459024,-0.9445098260565294,-0.8085348612510691,-0.5893997782784484,1.3147070643648366,1.3574333819292193,1.837250439371279,1.8558601909854027,1.4632908334490788,1.3692634770461773,1.2869508352340646
0.14708625744336062,0.04053785692247434,0.05589103563681248,-0.36855690764568655,-1.3720359697762323,-4.377653652072091,-5.317204354274512,-5.628028299415328,-5.49752380482044,-5.609515024854945,-4.911108816869729,-1.6937899358552828,-1.9663643524896184,-2.487624480210591,-2.511506399793356,-1.9274344577424618,-4.785170942798199,-4.851154997484909,-5.362131074948133,-4.6522228677456114,-3.2505475527739462,-1.31814144456009,-1.0623988315362518,-1.163899824962762,-1.4557721733249032,-1.177167652605669,-0.8711820693562268,0.7485603177884335,3.0041488624316184,1.6915084325964718,1.5483025726634465,1.273400527614448,1.1924908841313666,1.4466148319150405
0.08586973349889829,-0.11936594770172387,0.12084292979750051,0.022857578038241354,-0.888749281915995,-2.911514160091763,-5.368822206747591,-5.501021800427363,-5.570213892275329,-5.41404586242153,-4.722337777914834,-2.069223400276147,-2.02984243422719,-2.2091106418906166,-2.858113793211915,-2.4380032355229013,-3.180585771082075,-4.390633689504591,-5.101208151165634,-4.361484747171007,-3.1130911463070574,-2.5543125160766063,-1.8126476475672446,-1.7692273842749395,-1.3690107454583504,-1.1148671360934947,-1.0482490503638036,0.5318471379953672,2.113325530310399,0.9105410538742538,0.883282551299037,0.8664671557771281,1.0652298071855344,1.4510786086569551
1.2258969764826582,0.3658854542982752,-0.03037283230003639,-0.1589035864197557,-0.6818096120622295,-2.487996877516821,-5.154548426149246,-5.790053756071973,-5.9935281123567465,-5.736408295669231,-5.035508703691355,-2.8211014053074455,-1.906500265517392,-2.124438804040841,-2.6968483950007034,-3.58915125416597,-4.591660377412896,-4.343080024205502,-2.4255496363776,-2.769423472234495,-4.144022245650229,-2.5196278753393866,-2.001202043284313,-5.256870739650778,-2.9000163503534253,-0.9980413102681059,0.7338524206175133,-0.19234354077881424,0.25597983158127485,-0.7448837234764456,-0.5307758162934904,-0.3786908801980401,-0.1712020617466063,0.6724467746116749
1.5582414137604073,1.262636202853462,0.25325510092103226,-0.187079466486947,-0.8551169010587116,-2.85003226865574,-5.030931083720779,-6.010842751777258,-5.903509229140643,-5.226086044678439,-5.112698184983788,-3.3926683368326747,-2.7987679636900817,-2.312165167691363,-2.603975934230651,-4.368497672087645,-3.8424397283827654,-3.1287143551267222,-3.6918636317622187,-3.0554480183675707,-3.2016527048105017,-4.0046223465104855,-2.019255870538681,-4.100345935632695,-2.7065566947869786,-1.3998898774390867,-1.8650103469820205,-2.085807316181352,-2.55965785712801,-2.6958329549814177,-2.3580971711126333,-1.6267062758892514,-0.8605627524492181,1.4053956498896596
1.329663707329943,1.0827635317260906,0.2602810425855773,-0.11907798163335875,-1.1394432754793637,-1.8418506581068572,-3.52411047366917,-6.375310983548969,-5.359708949738268,-5.372118077997794,-5.228535565221302,-3.45797399964257,-3.163684215083427,-2.9460421947700177,-3.3076291066126213,-4.017264548282678,-5.117984608384807,-2.7222546716328004,-1.9442734747154922,-4.305640230600081,-3.5611695100204024,-4.112027554526615,-3.9591394254928,-3.5650803050202913,-1.8096983692364343,-3.2910592109926875,-3.18048486836964,-2.9163094622049592,-3.4722225560015016,-3.6657147652988806,-2.425160049628409,-1.8842715743810179,-0.32497713990826504,1.859370325180381
1.6585476041893712,1.1006505047418491,0.5399710790056522,0.2765393671903083,-0.17323073082190746,-1.026767103836711,-2.112650393804912,-4.2747358197167635,-5.199396968064183,-4.982533045611961,-5.002903717046465,-4.6904047477661255,-2.745387440241807,-2.9952587911963517,-3.758287368948604,-3.140185274627475,-4.570138886540783,-3.141036622809548,-2.912308162218603,-3.731841230040509,-3.7503504433912958,-4.25924799368511,-3.9708508741809383,-2.336410397047238,-1.7824927252436924,-1.810190715766678,-1.8703752074577105,-2.7272264859063986,-3.831613722007734,-3.7067570539882833,-1.7959759403485878,-1.401374472196772,-0.2834914863563947,3.6176182604396003
1.3039156231572944,1.6531985156937714,1.1565401641810524,0.6138874094551733,0.14087429918563074,-0.2524642697472821,-0.7367971453335878,-1.937130108485752,-4.5043678737244175,-4.681029561852182,-4.399227495663659,-4.509813328513699,-2.718422583041359,-2.4613467087821843,-4.721537036217392,-4.633672620962205,-3.8950171731392795,-3.8164540926822927,-3.0627800424336824,-2.656834205631871,-3.287198465280334,-2.884759487625147,-3.7385490533703987,-3.3805084812351587,-2.4583274271955293,-2.043705029474298,-0.6510368375516877,-1.4315701480873633,-1.4108477677361617,-0.700447649731351,-0.6625919286898809,-0.42446962913360303,0.4962632911383118,5.213688268560756
2.627585990489949,2.064001947859923,1.2466573164418602,0.8618698539236685,0.26750982563693004,-0.126795999587796,-0.38314046397885293,-1.113775208292815,-3.5949938519882823,-4.597179334082916,-5.009847202937985,-4.306947605607001,-2.2328999155250338,-3.2181374361187522,-4.689569430752153,-5.741822397573724,-4.850445040963423,-3.0794531918301695,-3.1220052802645437,-4.220804635378922,-4.42333581072167,-2.695921386507515,-3.2419288043476446,-2.8552126596643244,-2.8582486476167133,-2.798701454177064,-1.745903649772233,-1.070569808988113,-0.2500745373290208,0.2595548523853546,-0.05280036053579577,0.5196812201321928,2.0248747856934064,6.4597494473856685
2.222671964040657,2.203939560340705,1.709545545257521,1.1831574419291935,0.517970265718344,0.061445440372094616,-0.30965953280598263,-1.5541065040799067,-3.2817086038060435,-4.297796566320862,-4.858819985653834,-5.3868727364441575,-3.8556550494924857,-2.7815781387397176,-3.1067006508789268,-4.333818156585998,-4.519512055468235,-5.009626457707794,-5.045539091725356,-3.0669257475475153,-2.5931708676653167,-3.3120885044557578,-4.490765820189292,-2.7132562991351867,-2.7550679591375573,-2.044972400656247,-1.160507938209268,-0.5824057171911919,-0.9662579929893933,-0.14709434748603323,0.16551463766081073,0.20220841906491605,4.010626341705366,7.206041634175089
2.825516796294735,2.3172799910073465,1.7988172664683613,1.2945443857572416,0.7389196546900734,-0.13835954810817053,-1.6399578408924276,-2.157218966339487,-2.517238161482101,-3.414112652453563,-4.099637054568954,-5.28924207431183,-3.363059658687794,-3.2897720784963287,-2.9908213330790674,-2.6866396342399836,-3.3009479935199284,-5.3405778361253065,-4.291084824092546,-2.7239735026060794,-1.6104853767453093,-3.9969288640264335,-3.6673517029391167,-3.0844001003142396,-2.4937277923754544,-1.3102159190293279,-1.3975161550040098,-0.980198081344091,-1.2871634500270526,-0.5891313935469956,0.48743112441596204,-0.28255550600814067,2.6393158552501537,3.1152815442807116
3.5429874757659685,2.5208503005863023,2.387882161858665,1.9412347457427803,0.8950540002736921,-0.7979960191676126,-2.078989471075551,-2.698432089714304,-3.2480266149216916,-3.3540414304234525,-3.761000759364803,-4.59617723614398,-3.57691674600846,-3.2191312309357483,-2.255466592767021,-2.447834041122283,-3.062303920818109,-2.8608936222057015,-2.4762983358837967,-2.6555542226816558,-2.115323956422052,-2.3572680475909626,-3.1969412309272722,-3.93909857654366,-1.4780995477235843,-2.1979846222584163,-2.1707864336941163,-1.2532697178987107,-1.6516025102527112,0.06091874697787695,0.5275563086992455,0.8393115250576038,3.3972627817480854,3.5422238804533936
4.010561099574406,3.2340916512041638,2.2407902686181798,1.6956987679013549,0.37071932807842245,-1.3426700106886515,-2.194563029540799,-2.9551168563842882,-3.661434265663261,-3.3160714870380135,-3.823799182650943,-4.696848150606553,-2.563604691982676,-3.120373080271537,-2.2610259166540714,-2.423977271127004,-2.3329689508139144,-2.4881430485449703,-2.511839109739034,-2.247724027144525,-2.584324052961975,-2.4325568663277206,-2.4293055163401194,-4.550614357591939,-1.7721223270915434,-1.628177443335346,-0.7831396397816047,-0.7045138179554358,0.014475209485219806,-0.3895508957621241,1.1193505232009366,1.2025124259748674,2.1014769639311197,2.402842464982598
4.573573031792585,3.798698841565209,2.520727878809342,1.3528685740346638,-0.29149913500376656,-1.7458344894374869,-2.3388171718693567,-3.030987974330948,-3.490226412035313,-1.6363431080817659,-2.124061510045565,-2.6401097130637634,-1.9457044444979794,-1.6616170827668282,-2.5544959801826717,-2.3416270105480828,-2.155071787092165,-1.9390554032504992,-2.5658307957216486,-1.8641158689161883,-2.528739530048046,-2.6608142656098517,-1.8517129481239998,-0.8867035017291217,-1.095086503297137,-0.319332085315361,-0.2595297069963809,-0.44876672091986625,0.2086165040710402,0.6861889868907359,1.0354532018365534,1.5338941477377912,1.872962387350717,2.5399143457795037
4.96421116859537,4.001040571883885,2.791097169735065,1.1161441238688907,-0.8968084760603632,-1.400249124038705,-1.1747782802750992,-1.49070595611256,-1.7241730140874063,-1.9804081609748252,-1.4887670739929197,-2.3704556342580547,-2.6814170814151317,-2.3093457811021736,-1.8748440780569613,-1.551095851712348,-1.2781998983736007,-1.7569597832425592,-2.1057956341323654,-1.6309156611532374,-1.8944636004770707,-0.5732827709217827,-0.027762155571990414,0.8240234956324745,-0.10896877133201736,0.22412853166210203,-0.1296070260288977,0.06040291742682353,0.5846691799103704,1.1220009642005475,0.9324093875668087,2.6638397929295485,2.018965910862429,2.841024906689712
