script/wind100m.json
{"header": {"parameterCategory": 2, "parameterNumber": 3, "lo1": 6.000198445256149, "la1": 58.999992894266676, "dx": 0.5, "dy": 0.25, "nx": 22, "ny": 24, "refTime": "2024-04-25T13:00:00.000Z"}, "data":
[rows 0 to 23 of 24, columns 0 to 21 of 22]
2.7679549044412197,-1.2974976905538742,2.400703886896142,3.4177896650527058,2.3609925730623313,5.3940724797335795,-0.33635432338553833,1.5480129054472191,1.6729753781066972,2.41867548210071,0.40598676468669986,0.4942836845314228,-3.582383817831314,-2.5617210995291866,-2.960452929508165,-0.23470451730176775,4.964801594316585,-0.9414767268066028,2.690146876581763,0.8528473573070098,4.620836271547276,3.435345274738043
0.9486931625319993,5.409057846404208,-0.9366301575437755,0.46908836148511734,2.912166005849288,3.5727299732857922,2.731544847471219,4.075239396530125,-0.1568737029088053,-0.888331676867205,-0.8057970518840389,4.435192975416238,2.4953089167090243,3.51503516571845,3.2977201492285397,4.056259756776095,2.4796767735165863,4.537709095339791,2.0072135811784015,-2.7469629686295365,-1.6200075867118149,2.924688885310944
-4.13759972322213,-0.9531954090391378,3.5087221768362395,1.9330008236673955,2.2434358778397843,5.662208100960325,-4.876481769493628,0.2553890107570815,-0.009596601337185918,-1.1155607910008445,2.109964382998086,1.1877965803654886,-0.5851791149497626,1.6581032326406215,3.3277811441622775,0.056576737265435224,1.0732112932609845,0.6382522604757217,-6.004767923695426,1.7735460186023522,7.521342768170546,-2.172766733332791
1.368004544250722,3.4829533492790437,6.2233772465697905,-0.5157181926781652,-0.394070084811686,-1.3143269000297388,2.3453840036737463,3.5594759660730375,1.305433381692696,-1.8777798553710434,0.4082719882541104,1.9695143584684085,5.2260752591304,2.0178940588128746,1.5169771869785165,-0.9833821309850301,2.7615163050806073,0.9949653852881429,6.038632308583398,-0.4813752389715603,5.178213068615077,7.90520561866699
-1.366090661868325,3.142162045091953,-0.224672555908971,2.8182265889776494,0.5166503772944507,2.909570496565638,3.3447887130580356,-5.492585017568708,0.6829459231670091,1.5241729508915645,1.839530952131087,4.840055168284941,3.2555217919375012,3.7220853128842064,-2.1389595614270167,1.69606499520115,1.5322382849685703,1.8527261391859176,7.576380367504203,-0.36638399625659185,-0.4596386335745271,2.1509444717153237
-2.668374894987741,0.7827108828890919,1.6893598199898077,0.029874491648976882,1.7217916827515471,1.0589656232424363,4.9717671080241885,2.1181145846592377,-1.653562372190949,3.3724031174012787,4.315788173258692,-2.753848353114125,3.9648197222508346,1.5670402863843076,4.871414365589075,3.326560801859904,2.0230456412590345,4.288113486725728,5.543009914698208,0.44387857677663606,1.798996496622152,2.7012334074577176
1.056131263587154,1.9400295257471516,4.385191075306535,-1.3017533480428576,2.2452410105717164,1.8697104069475872,3.560910154334717,0.2229247418305803,2.8534242390483393,0.017872410769484922,1.3037241339871914,4.01305364087564,-0.34137713427772265,3.542991396202454,4.020641204656842,-2.876031720359601,-1.6180726797011205,2.5380701476494236,0.2879116591526587,1.7172984089803167,0.917000473032329,1.4470286647537722
3.2177297793566666,-0.1671179156920579,5.2194948290859555,2.009261686642729,4.441933558143442,-3.1831035754967205,4.768050201219853,0.346111455625896,2.611263473264391,0.19323625917190385,3.811133935728662,0.690833482145628,4.159541664298948,-0.5097358496397659,1.6622839589378433,0.5354586681180178,3.7035035040093747,1.1034840506545802,3.965971276742316,2.907842727321804,2.6291436219310578,4.25649505395105
3.756533392667036,1.7506599665649265,1.9249231103131927,-1.1716710256781266,0.3372119520613727,4.074015398715375,1.157188795024848,-4.883080498596842,3.245875186144265,1.5259388743070765,-0.6011130450296417,0.640953670057037,-0.27050125521106594,6.65355942172791,4.723907810493013,-1.2203349206655938,3.6133999338253444,2.2743054958363054,3.139557929221581,-0.7192152527107275,1.0069833405842978,1.8987088125665594
-4.141098628174622,3.2850049280863134,5.318476013179486,3.4712044838237706,4.488956701473899,-3.1245861136286077,-1.3909685387871087,3.3540300958407796,3.7634747534100765,1.7593334892345083,2.0805747143802047,4.648213881990773,0.0163177623490356,-1.5677868476420238,0.4287104061546292,2.7831636795933705,3.564800552042493,-2.244090532969502,2.0264139932621954,3.2292708548175386,4.227323772720243,2.4675087481260185
-0.9840918293931159,3.7450741436051156,6.408996382128807,0.09917384348549646,-0.8534732840583772,3.4879440908359767,2.7100148355649667,0.26465982960010653,1.1465486292426221,-1.8991641766313916,-0.41394664231301664,-3.7162925408252785,-3.501735168976166,0.17934549089674315,-1.725081941081069,2.84233428683962,1.1410841364968012,2.683471046001868,3.853079255712474,-0.9049595840828603,3.65696365687573,5.321014695050771
3.4599522445715922,5.774393244542465,-0.22075313620155312,2.488999523825034,3.1479097106381815,1.0735322194131987,0.7554761185378307,3.391781547006682,3.2682816973526285,3.7548045193952446,-4.574142624505542,-0.6214893461495733,-0.6399468334444768,4.329718989446639,-0.3882384046746381,1.824848635018246,4.64421777078708,-0.07662320657547235,0.5223334706953748,0.6081029213717212,-1.0080725734517744,3.637158385148951
2.9621476085194103,4.431896990489221,2.6589316786276216,-2.075950035448873,-0.3059403206645734,0.4703440520456417,-5.038338588401823,3.328857457909821,0.9533145980555158,-1.2910414684486429,1.5224725736764722,4.430801540442965,0.9155389120761125,2.416909863178513,0.5263270801451722,5.003905829930352,-0.8669378559144925,-3.8238728285813024,6.1179566340614775,2.9004408424807138,3.1298512282586777,1.03391854654476
-0.15053903316303036,-3.1817096437178507,-1.2816597515951007,3.234147455824182,3.3458138878195145,0.7108416474912009,2.619549746849472,4.212422282294751,1.0378789262469958,-3.207872832755901,1.8736842948520576,1.7282198996881977,-0.46146031731404186,-1.008844005489483,2.5261892349773696,1.4588148023401852,-0.6765730269217236,-1.3076965984865427,-0.25708742253570305,-5.8492143274526605,0.9774271010864626,0.8263200424527865
1.3731059963157106,-0.625056600529109,2.6733826625442605,3.883513657755857,-2.8853966702148264,2.3241710274157823,-0.011679534390962027,1.1371069634440982,2.084927395180125,3.925152621759544,-4.146986667221049,-1.9985366310161148,1.5736083253477784,3.2173999008491005,2.1746786430198717,-1.4070777801729224,3.4634547897684635,1.8125695347000912,-4.868019058039314,-6.1776135263104495,-4.091824654990592,3.6507359220291424
-0.3504029464724344,0.9113678245942101,2.5100470950226823,0.776534398710166,3.0192234365036867,4.192967943613222,-0.4187542063447024,-3.408284691598278,-1.0334108681966476,2.824453223988593,3.0003806099804216,3.0045291175968845,5.150639549847378,1.1732685124657873,0.2838240346989053,2.5528177792428015,3.3057203559819666,3.0482469704287616,1.7112484975662994,3.949636224947296,3.668496844515549,4.2865496633545215
2.9158623231314937,2.8654192562222254,3.112014064911102,-3.442016758890954,3.6279372159079233,0.38273248011730865,2.013587813107534,3.0085349832363417,2.8032701864396516,2.1305541270173367,-2.4292299013809315,4.523407933079146,2.9136596510263684,5.602785193974025,2.8967179690839044,5.074559823661185,-1.7406044250587138,4.045007282308254,2.9339294792657196,-0.6762975044601545,-3.414345642071014,3.9995478090987198
2.6294325604283673,0.3384116070320962,2.948839071779853,5.097281990738384,0.8926532237166718,3.844813305836811,-1.86806705936172,-0.2396414467094837,-2.643597052592311,-0.644860947802135,1.1751393444368394,0.7785939863809773,3.0914642548555853,1.3920950333823687,3.4688095537997587,3.809011422314999,5.945503389626853,-0.6844691069733558,1.2270317439455103,1.723208799696038,3.6559478695047374,0.14278670470129906
0.40422466714035815,2.214468911630907,1.1967979320942383,0.6580612154823642,2.4383565146542048,2.6873721143643254,5.274428394143238,1.2902858621823923,-3.823988607489331,-1.0853535647606485,4.377577584397137,-1.2217433402495494,-1.3709366810647614,-0.8578290692411291,2.625906219592958,-0.7903421456076872,-0.8071072307355199,3.485487939430905,-2.91058694355325,5.124086141801334,2.3210133675898854,2.633078660373687
1.9785998076743225,4.421673462055585,1.52205575156465,0.7452904141359931,2.2850719624466347,1.4779884124499907,-0.32258223480225673,5.962595269588327,3.401736950423332,-0.48521413107344175,-1.3928910835512043,4.1546497481310425,-3.0430076994416133,1.1860993047417447,-1.4422935520165014,3.076851223811195,3.519502360974471,4.919769385069336,1.1669443721781199,5.040637351294853,-1.1161802913144325,3.503504371285766
1.4691025908317408,4.257188225782193,1.4815524147709447,4.339883325873601,0.6062135754928843,1.1109853836965142,7.206255948500216,0.6064487228630601,3.158119743039011,3.2310604577136433,3.2697697188598602,1.0236651691919065,1.0025450139691006,2.7112138476821426,0.34815596031221113,0.5115042039873021,-4.701513641490511,3.1039734323380284,0.368885826652694,-1.5476912724880085,3.2353199329930593,5.739148269450113
-1.3804728477961894,3.4135351828308447,2.830457855829061,0.6823184031417512,0.4720941320001894,1.9435736174753995,-1.9637196925867255,0.25032039564145914,-2.00990106988352,-3.959644727839478,3.0569293688551022,2.008565324225854,0.8831334326634942,-1.635585809111405,-1.5152027249799085,1.0359138068498652,4.3228195119352435,-4.145551062462924,2.870687839809502,2.1247292797889927,1.1960953645248926,4.150029134209567
2.1531765197796,4.945851131827953,3.3109739435181433,3.7455573596309817,0.17217241545045842,-0.3902474494690919,3.461421489347113,-0.512626526566614,2.916506818218627,-0.5532796206428336,1.873909296136527,0.3761419716040696,1.2601398617988397,2.4553911425147392,3.6925321076683892,3.79790418686629,3.3000021824782353,1.1593233516875128,-1.9999461367607803,-3.510845351575604,-1.3157179653553872,-1.462033709328379
-0.4978526459587764,1.1290405385405695,4.518217489963398,-0.18529510528057475,-3.9093921348788214,1.4469212584818782,2.4272468633113333,-0.21494078608256095,1.190473628701416,0.6252350847417437,3.9424538654532455,0.34087843383460364,1.0333669462205417,3.6457405341209648,5.5356894661274225,2.170156637516721,1.3596402585854817,0.7296857097975181,0.8599097954060292,-1.094367147034336,-0.9052985314320114,2.090011799837706
