script/wind250m.json
{"header": {"parameterCategory": 2, "parameterNumber": 2, "lo1": 3.000054539987559, "la1": 64.9999836372058, "dx": 0.5, "dy": 0.25, "nx": 34, "ny": 52, "refTime": "2026-01-26T21:00:00.000Z"}, "data":
[rows 0 to 23 of 52, columns 0 to 33 of 34]
-4.031974793464707,-4.179463867539489,-3.923190409455268,-3.555499002492855,-4.156205229422544,-4.0664353049272455,-3.03271773080159,-0.41803886989482314,-2.5595335089554028,-3.8101816850440633,-4.695576739380136,-4.455676119395397,-4.932536380595965,-5.477000368508997,-4.235791555839535,-2.6726241546067206,-1.2306997162391815,-2.0155742204953406,-1.6726902551621672,0.47365510703364533,0.15907135085555368,-0.039004881089542115,1.6898248660582127,2.7095878169041363,2.909129101668089,3.013415172337846,3.152787582472032,4.879639108365407,3.9108300582291418,5.79241700130993,6.903428833538671,6.155806854668543,5.824598385231256,5.882614654731288
-4.933533331278788,-5.2347281363351925,-4.9330972259413715,-4.726245958965494,-4.522963840323175,-2.670526383735037,-0.45855466834927794,-2.2449264482144073,-4.07491899355285,-4.758039822865149,-5.404268628665647,-5.721861930942115,-6.887360624588766,-5.489182842832499,-4.818198061059892,-4.286787548954632,-2.9869313435168774,-1.1852825435719985,-0.15105327856355583,-0.5337621310564403,-1.7482525064562469,-0.5169100448683848,1.3833724083343395,3.459643479399229,3.275522480927994,4.597524784567051,6.726694722581108,5.566635258356644,6.382124871026051,7.7884293084437815,5.539656546490224,6.346922818841447,6.120231859637325,7.731511528929883
-4.840587302040316,-4.597651835502822,-4.129950643050792,-3.7728526487772083,-2.533268300022325,-2.705763786234561,-3.384099070917722,-3.8617853024492454,-4.498345927963846,-5.2330645964828015,-5.5572433624732005,-5.855065835253993,-5.62722110503654,-5.183853534723775,-3.5196133466302535,-4.049525788495866,-5.146510753178239,-2.8090954219918896,-5.120704015721489,-1.5648941569512467,0.23843086907366562,0.5792524741984314,-0.4212051975315398,1.8733679496334659,3.519455917392817,2.895013241810823,3.680823950965111,5.508630988325101,4.394134194804584,6.28987610062877,5.8665644793197504,5.052250759279651,5.413370142029252,5.931752433676801
-6.174047683890521,-5.77872719684711,-4.46563837722708,-4.496190349004428,-3.8866527125780514,-3.6738416505962874,-4.931356788324397,-5.349944614777936,-5.66397290489194,-5.886940060579182,-5.749707362170206,-5.126444702142846,-4.691124670555513,-3.3709924375467617,-3.8237948588911275,-2.212156207284252,-3.9874306189966795,-2.7126435503469826,-0.5428440246590817,-0.017918903068597204,0.32221946613354197,0.4358106444478266,1.8303136079344562,5.4629679616309526,1.7794261861421405,2.657951392015967,3.463432015605276,3.8571483678951513,4.621431459257348,4.932377375109015,5.2424285679096005,4.495434540342197,3.587829567300165,4.201228012058241
-6.6145909039378035,-4.86864378496504,-6.107445716499144,-6.498753136929194,-6.10426294167762,-6.190364526204287,-6.233483562338053,-6.396144965185421,-6.658929353385295,-6.204785713561403,-5.5990335281883725,-5.329840749330106,-4.472105544271207,-3.2130160023070604,-3.874928008174518,-0.5991404783197097,-2.8872937163417274,-1.7035144792111774,-3.155086762090991,0.20290395148970108,-0.11960506012914172,2.7602460449158386,0.5191877458200137,2.438377410010345,2.3922288750218086,2.708845301022531,3.0934523096460036,2.851605171131914,2.263412767196099,3.250973983278526,3.354557010242504,3.556572341786306,2.6308812583071135,2.8854380872331573
-6.61063172893514,-7.0297032079523465,-7.269184995305574,-6.715668897265607,-6.926147469707831,-7.201269713973376,-7.568425838233866,-7.7349939982880205,-7.3780011124451335,-6.798229298085592,-6.000655855366568,-5.806259900759806,-5.589941146844328,-5.326803448945687,-3.4813518751040804,-4.009797227220308,-1.9289918122065752,-1.1165111064971778,-0.41761204648976585,-2.5100906010239132,-3.3771213312445516,-1.142026618730682,1.1474763097905891,0.8815666507007394,2.169012796902407,1.9074611490086897,1.9380979218335421,1.5020730712839172,2.0704904366613994,2.1422792048544603,1.4965999853080258,1.7403025566912296,1.72733836070137,1.2138711151931492
-6.648449854544143,-6.721589881863384,-7.3388383428847375,-7.874427826942445,-7.967192998400829,-8.42690169464956,-8.471566047300445,-8.177115039786731,-7.586332178431014,-7.057826754549248,-6.133892657574974,-4.09981970234877,-1.913516238236651,-4.068072360452206,-6.273344543728788,-3.5907593661800323,-1.352035824797865,0.3497439283205286,-0.5229326191806459,-0.22303184752541616,-1.8052592038138637,-3.2966832042623784,-0.8958322184775415,0.5850513213301866,1.0667591582465636,1.2669480810990044,1.3865424388338459,0.5776572234436964,0.8123322027484864,0.6549777045409593,0.562185052968391,0.7581829164699339,0.5699908257267523,0.6262941581669506
-7.357803583302259,-7.443228069911929,-6.983930555495195,-6.406400056518972,-6.3802741841266,-6.426548808118713,-6.596465021697177,-6.339390618869245,-5.650202582423975,-3.814588595291619,-0.6647040202273289,-0.06261512906961524,-0.35694162823578923,1.7417793438773501,-0.23923738746704712,0.10181308078884634,-1.9419429661904435,1.5857447403664142,3.443443294524589,2.25279912635142,2.0588849777976064,2.996246798797717,-2.6469709659021072,-0.1843901668568502,0.8877673947455289,1.0796488429077227,0.3053353442798683,0.4124166663852439,0.19034558487511136,0.4262575436235384,1.0031682988550987,1.446357433145151,-0.03743607622066386,0.5277518567115462
-6.865998400165113,-6.486709304429378,-5.243692010434796,-4.464643099332632,-4.206553903725571,-3.677191641891952,-2.5400666544046073,-2.018704295448287,0.5209510986852797,1.394923824601163,0.9117899462459064,-1.4215976670417776,2.9180766265825167,4.460285580327489,3.1863304040220295,-0.6862544585956941,-2.421756543100849,2.6021772926430855,1.2322307425805055,1.349074519326572,1.9697036082715296,4.812013876694727,4.154966337764784,1.3764137241860852,-0.5099481888020977,0.3086149942729234,0.26485752186802575,0.3610608107112541,0.09377879669808661,0.9292767589089855,0.26571072214646846,-0.4230653069585196,0.8360255581354555,1.455378918679619
-4.559468486018604,-3.634664685278939,-2.9082300064594944,-2.0636808207536372,-1.2070684451196891,-0.6223312922709636,0.49777531733980807,1.6720750568709177,1.679089257035363,0.2099586885082903,0.9704209375022904,0.2869095874332371,3.7120114652145646,2.9254705096103537,0.817678233771274,3.3597411742259213,3.3618309718354,0.13327824141602473,2.9016784238782813,2.9580636399331963,3.6077125588085606,2.789100907318636,4.1312710347998,1.3404209342765105,-0.2646165925887437,-0.02795096069576396,0.2700854539038558,-0.2700428055378856,-0.0255325616801871,-0.19160939550284145,0.5494696416944351,0.2433943002374256,1.302678433089477,1.3472746235138808
-3.0903517824333617,-2.0170173700146155,-0.41151202535440745,0.7329015892052655,1.1449527577165177,1.3592225605642256,1.4884910519359922,0.6837048378218369,1.246202560241677,0.027035720908620355,-1.4205248172273799,-2.122649442707397,1.2003583879174438,1.1328202417416475,1.7069109032985588,1.0111497807205798,2.2581169613330463,1.9551578673801344,1.8141720951280766,2.725207628534309,2.7226588767878206,2.158308403963747,3.550010881011971,2.359681370935903,0.8507913410174787,1.8045705179294158,2.020673604475191,0.04084277967594444,0.45189530465937766,-0.7052855911630048,-0.43105306836967977,0.9278966475110738,1.2935488700390223,1.478591895256642
-2.721979890489524,-2.0114156526308107,-0.8482534092113562,-0.04504093029117391,0.3528646199669022,0.22689573631261395,0.1253882308695293,0.8738460691896943,0.664294210944709,-0.30966663317300896,-1.394005304551223,-0.02130261489991882,0.10238503564135022,3.2225935607632312,1.6467106147445565,1.8465073984604485,1.6638977390467706,3.3583236018460574,2.8411982526662825,2.0606437964390762,2.961204637036695,2.555304478663662,2.1790174104640174,0.6020774470515766,1.0618824786458332,1.0595444726286434,-0.47911226261383083,-0.4244484446940238,0.6435099153035034,-0.27219500674252456,0.7167761832927033,0.28107451000622496,0.9372914720767256,1.112482609308216
-1.6880183687199235,-1.2776676472395287,-1.604325559946935,-0.4920948135397833,0.2533387822517328,-0.8578601923661515,0.06987768534456387,-1.067981144225799,-0.7084833515190014,-3.8193273713180638,-1.088802474021174,0.6316749400107528,1.0345934887911405,3.9687498303893567,-0.5057599780483114,1.5215189206290098,1.3748500115457871,2.5152770101033544,1.346629889639135,0.5187243058104692,0.7212833344323571,0.18101433870762343,-0.2637361739782321,2.0446055321175023,-0.3044838134671129,0.9174170355750663,0.8100783720903657,-0.10888587973968693,0.10564940144595132,0.7381758669502658,1.7506781214776357,0.46307113373335274,0.31209820347848843,0.5024543774662057
-1.4512229535030108,-1.41446020010542,-1.5887059907590708,-0.9782837221448456,-0.46517514636013774,-1.9867896501345355,-0.5481957003515496,0.0861910036575911,-1.2060434038572074,-0.046598966925941364,0.4415123958839213,0.617026975901275,-0.8673149826773747,-2.087460870650594,3.4113865521002786,2.3874733084384343,2.4851896518762153,1.4260774174710649,1.9013393231841658,1.0033924794098987,-0.10205468420973342,0.6138700795059117,-1.6049859762426184,-1.446035449274116,-0.6571050407943849,-0.891112890659416,0.44526682692265934,0.8000265131040918,1.4450141077150658,1.4029260861711335,0.06654631891336381,-0.5923583620040117,-0.8951810866130584,-0.4671694592996471
-1.1665132257041675,-1.1509797730000921,-1.4717937024109948,-1.5683316182832083,-0.2626509718211481,-1.609922826443932,-0.5220476305594722,-6.137059767432958,-1.3685447626944938,-1.5918773440001432,-2.1385993842424873,-0.28937853222341514,0.8463829746635607,1.458008045109832,2.3968928223709502,3.4692549800699926,0.5583695883557035,0.2642323711434012,0.18250553406846953,0.0131389664025605,-0.2574192173736367,0.11239648549952555,-0.7209847183814079,-2.5244962134432347,-1.1521530339633252,-0.6713613466685402,-0.35600081350844903,-0.4125482087922432,0.6211650490597038,0.42435571095217706,-1.1778689289211952,-1.4735486407772709,-1.3562370507391286,-1.3340735199330558
-2.145264313837649,-1.368767250174765,-1.144892408912945,-1.5951133697831392,-2.246074654982084,-3.6360105477788243,-3.625494022173284,0.4511955012862307,-1.2145604465511917,-3.153808304987164,-4.611167019900043,-2.2514051122755645,1.103982631734306,2.073757185233133,-0.09098310594563454,1.0927934929954792,1.175026644836766,-1.1181670818209009,-1.665593350334991,-1.0735124265215312,-2.1870367480505486,-0.5587007478876175,0.5025403379948845,-2.4191984800888386,-1.150868790630522,-0.7123151401498582,-1.210167685667802,2.3955442647524205,1.1795343095718744,0.385518887712589,-2.1696695310252836,-2.082566932200062,-2.1840041374193015,-2.2366673837431392
-3.373283523678253,-2.3071552844163574,-1.3393052691280165,-0.5816846491151755,-1.164473515104187,-2.2215429736669177,-7.509647653366555,-5.2628422432283735,-0.9394322186016982,-4.696344466823163,-6.735276867706653,-2.360052098234699,-0.17673164060287785,-0.654255338948206,-0.4033684488630912,-0.1699911726114794,-1.547465084995072,-1.0735472895746883,-3.930111891416659,-2.5706740391533507,-4.874386376408258,-2.950956662043294,-2.9204479838245008,-1.9399245357572283,-2.4258818607532855,-1.7194957444750272,-4.1613627172079335,-4.135204705809803,-1.486625865311961,-0.3711247652019347,-2.728036899453946,-2.8755490796669414,-3.110499519967419,-3.056339657544126
-3.5646576793687794,-2.9045724872563388,-1.7498120826697992,-2.2098339722025773,-2.1774354989530313,-4.9340224339567404,-10.042443911926545,-0.10703680594867145,-7.872450927771678,-6.912281095871861,-2.5189045772126524,-1.7743464168532015,-0.38060042200758804,-1.3161550371184874,-1.878203186548971,-3.463491543563153,-0.9724806291930864,-4.90352027577186,-5.608288881977628,-5.630035824247328,-5.982067650689535,-3.9427834074857078,-3.9618494765751398,-3.8801783223095514,-1.4416168204581334,-3.9955208881706095,-4.877001794217258,-4.5418177896593175,-2.9847824400944534,-0.8845880268753703,-3.427891859866621,-3.78028070214527,-4.047302841916303,-4.165097523000006
-3.435450487118525,-2.9089289365719346,-2.1961406805021704,-1.1041455619363454,0.351618849099994,-1.7108044956748913,-6.13168759609835,-5.321465510644802,-10.296644736484211,-7.24020425235687,-4.39567195700276,-1.4782200432748862,-2.3712177335357616,-1.3715388762327692,0.2589458534488416,-5.924669690596857,-4.433869468938225,-6.47275441474905,-1.5039776886910527,-7.19903700624158,-5.234473302986831,-7.414528462863203,-5.882818523010694,-4.402730258165667,-2.4836157206181957,-4.35173044202441,-6.7753216020951275,-2.1140018269227467,-3.577918119972934,-2.1479210092726513,-4.127160394037684,-4.723005292300227,-4.881522846903303,-5.143366854889375
-3.675451057180959,-3.1235504788098507,-2.381277834308695,-1.6710545247865078,-0.5318707751794712,-0.9615045335238399,-3.6042936247467834,-2.647566951049481,-9.645013988741798,-8.75504024934824,-7.059352416133596,-4.864077019298188,1.0550527966907854,-4.120918935909343,-4.061652458862953,-5.82132656133063,-5.049761722670658,-6.310529983663088,-4.262196418558434,-8.543468834096837,-7.047468823592545,-8.431031238628528,-9.767161799116307,-4.7715843898520145,-2.9130250104827047,-2.8240070939251267,-1.6622241018616224,-2.65467972752959,-2.3992515915489476,-4.88902532606445,-4.664294628136843,-5.42153224049483,-6.067280525815473,-5.192117498975274
-3.875706891346538,-3.4616532244367084,-2.814076671028363,-1.751482238738349,-1.170327918259433,-1.4029132440633456,-0.8487653738709016,-0.8772795780885089,-11.186656155035648,-7.6278182736804,-7.00736571143498,-6.437978852471327,-6.588404846889402,-2.159975696404208,-3.7762577866044618,-7.336069051814311,-5.953911263287034,-7.893330342999716,-7.947355317836998,-8.974303920814098,-8.137657545040227,-6.562007288628712,-9.41787111251407,-6.119361242914179,-6.672601618478009,-5.942516321170849,-2.7249017908797866,-1.5623476454705727,-2.172469188014002,-4.628793223301993,-5.926256216449424,-5.545974997703404,-5.027416934043704,-4.208791942238295
-4.770997951057654,-3.5943017406628504,-3.0192042642630805,-2.544443352717182,-0.9428731553684685,-1.6469724414616012,-8.633278410766659,-12.876757103764964,-12.844025522664044,-0.9336899563565637,-5.4353754636740375,-6.885080252963868,1.8067045057510192,-2.794642162866685,-1.9825461088492549,-3.8318311233928233,-9.013307868966098,-8.039645008734308,-7.886352640703993,-6.565216860395827,-9.443569997367103,-7.238148088615874,-9.463540547349835,-5.739331349950956,-5.674960412473924,-7.4101233353153875,-6.02948229004827,-4.156413681943885,-5.732171616268868,-7.03296985510135,-7.464396869221244,-6.000129056515667,-5.025874592731723,-3.3160884112943827
-6.451824259778222,-4.582454507215321,-2.9001034040755624,-2.4784509864980224,-1.9900642542941231,-2.3261609251633026,-10.80596619642777,-8.549191917806263,-13.57645907344451,-17.80947782779869,-5.192269998058569,-8.833788394433705,-4.884591505240772,-6.5223439152567195,-6.60674317833424,-4.852771738601428,-9.914412288280367,-9.794115897536372,-8.455996730486756,-6.182243339422019,-6.68106328716811,-5.573262497480842,-7.375432037859529,-7.8167242751311985,-4.591564916777062,-4.479728343954506,-5.283708986561095,-4.4132058889276475,-5.770759374256761,-7.944504170377408,-6.373831318370655,-4.7874910917871185,-4.892827313071216,-6.65270223697612
-8.499293887148578,-6.220130814083503,-4.330528220740395,-2.10052387828162,-1.275200726935506,-2.66374712720596,-3.399025705338339,-14.88702487576427,-17.379273912003473,-10.430221473415703,-3.881814819652897,-6.759743028863116,-5.763785931960641,-6.479037739849625,-7.555641591407143,-5.3396092448528565,-8.69294348899104,-12.097753199118806,-10.21510500783353,-11.264434468141928,-7.277830334513677,-7.304460193089292,-6.926709963858944,-5.508692001096159,-4.318691190954028,-3.5466018946113658,-3.678003343528121,-4.891170764310566,-4.6334379820849945,-6.336413990305641,-5.39108102907904,-6.067787592604413,-7.333246025141894,-5.110096834657517
