script/wind10m.json
{"header": {"parameterCategory": 2, "parameterNumber": 2, "lo1": 3.000054539987559, "la1": 64.9999836372058, "dx": 0.5, "dy": 0.25, "nx": 34, "ny": 52, "refTime": "2025-01-13T00:00:00.000Z"}, "data":
[rows 0 to 23 of 52, columns 0 to 33 of 34]
7.60164024980172,7.317447431726732,6.905293199791492,7.145128088025166,7.7429225558708294,8.010067585642707,9.120184068673309,8.757537636689325,9.384565970612194,8.647472526224892,9.639220631064507,9.899326491836314,8.647655393356132,5.570515334271661,4.536122521962595,4.074040185990969,-0.6318164921519753,-2.5352720203175685,-0.23225938472715138,-1.435017171622643,-1.7210657169582075,-0.22223658022422982,2.6990626581989456,5.308078187432456,5.3684514311190235,2.7590922676807224,-1.1062092316628156,0.6187073835135589,1.0577761369817051,1.337960346499964,0.49535916177534295,0.5390381362612527,1.6824695303976827,2.3622027955095026
7.592218584379533,7.068034662557512,7.439609610156964,7.368329410158142,8.049146347749081,8.676425382372525,9.554000791184192,9.237411885290362,9.412324403929006,9.861347672286795,9.508802097608488,9.234523237284792,6.456925118778234,4.164630377451998,3.9041010089329538,1.2128551150536484,-2.9336483527574546,-1.1804764586681133,-0.47314957175950817,5.089699150322727,0.11371056149085282,1.0094269224605927,-0.4803056466028737,6.034779635514682,2.058257555946186,-0.3472437171878975,-0.7434887344250696,-2.59301643610567,-1.8636655665912054,3.5794340202993986,2.1102217212475187,2.120681810105688,-0.322523433751806,2.5811932381699894
6.971391662577581,6.6373581996243285,7.745924639985334,7.961981128560178,8.575528908829376,9.036007761112206,9.682619506333008,9.643867416872304,9.536711119830981,9.961855565390154,8.810915295204024,7.233499032946917,3.7235608860750986,0.6791163962931446,-0.07273503278332671,-1.8338161704191058,-0.5266703013495245,-1.1534182679903844,1.3310202027305857,-2.567791282388587,4.59015005303758,0.8248088538138237,2.1933681904855757,1.9244535407364902,2.264114959306388,0.5736202669281024,-1.1835648768752782,1.030732641276604,1.003996834005279,1.441220127034706,2.9988987209647693,1.5560875572597381,2.689610262888671,0.6313305877252539
6.367184441248818,6.940183621861095,7.731746603664214,8.262335699419284,8.860720526321504,9.619078856977703,9.905463862309427,9.720267230483161,9.93698807193791,9.559707236914852,8.12667906830918,2.6884260033091016,-1.993648376084692,-2.22157772054881,-2.100266811936052,-2.1715403181398627,-1.5082531065997085,-1.8184574080286613,-2.7451476451961585,0.007172353314802758,-0.7778421917194425,1.428251867127857,2.9263172540580014,1.945583343477201,0.12643991619794173,-1.2262989346842526,2.093725185112011,-0.9256435507111775,-1.5098969922530339,1.77936979937846,1.645246237974756,3.8061099734429895,2.6045821773965327,0.2205582368384673
6.30406291464979,6.9490020067592635,7.709620048781557,8.733975288606784,9.567936142680278,8.954669925659523,10.361120498386226,10.19552035056542,10.558201916240192,9.938110599182329,4.4746242641457705,-1.9737505415766496,-3.5442378154724854,-4.026350503684836,-3.1764455969132457,-5.356869992957422,-0.29320905256821383,-0.8045569919783748,-0.9576608602623071,0.5048172861137947,-1.0055871492716055,3.405055347194629,-1.0539365652424835,-0.19454397827697345,0.631538081152288,0.1341075548434106,0.3731506096139074,-1.9491065955306437,0.9223377369719945,1.9005730332239386,1.6923760876976022,2.22597599636256,3.445840547868215,3.031448475387977
5.6605502712616955,6.4710742024774905,7.890002329124666,8.201580401731192,9.666182746305058,9.566337536165172,10.700936248239444,10.549736830661399,10.984292899184378,7.287104896148222,-0.12942496489841437,-2.578711749302189,-2.552822268373255,-6.212556821695475,-0.6205653732188072,-1.4537676626772325,-0.41626464720846096,-1.6576777979060906,-1.7024588197995363,-3.113610345167283,-0.9574895058323154,1.1261500285859993,2.1337082657713475,0.057476528956104736,1.4366156629651856,-0.4419696734928508,1.0990739260856437,0.2631005025231078,0.9393678575063391,2.2565770557305806,1.6515911896922282,-0.7792342179489334,-0.2506522129340298,2.9066371769591366
5.40430351414497,6.050925246279379,7.964407961743381,7.877840116269313,9.46379306312811,9.68691742843401,11.069615934798028,10.213718855797811,7.3537680692019505,2.5261845384190096,-1.0275433463227783,-0.8092646028063578,-1.3580195073749826,-2.678516582655705,-3.049675724171838,-2.582343810043063,0.13949506822406488,-4.332832009560521,-2.4079611971200623,-0.4937381491705049,-1.4276429673362045,0.24957670308778243,-1.5930551754260731,-0.8424810449463839,1.6017448799644225,-0.37588338542331123,2.3685800197271565,-1.4884807395172763,0.6764973677978279,0.10171300660158338,2.3921601996495023,2.1319898763694036,2.9397396858922207,-0.22632415511054443
4.9561677075459105,5.497392757011982,6.85152937552511,7.974887486018334,8.730098206394482,9.94495124618112,11.008159061810145,6.958039279550792,4.0379737620479395,-0.5266194356161976,-0.28261726237954965,-1.6246889339175583,0.34825030388235456,0.93354181585628,-0.365180147392247,-0.4210230706103455,-0.846978888384487,0.6663688680508347,2.3315591985163318,-0.37251116490001945,-1.5390208991342975,1.1481569430652285,-0.9720072046174673,-1.5963720789291447,-0.8781169448743574,-1.111343094870275,0.5769878496027565,3.0486766433938355,1.237878802211919,0.09542089928469652,3.1252890911778928,-0.5493596670651818,3.291986401443667,6.5192608217121695
4.397081103936406,4.536426199766068,6.096676373008969,7.427107122106806,8.985383790177304,9.421310423330068,10.233547471274056,5.630641506754007,0.8877479747936541,-0.09695628212558507,-2.566985995035449,-2.006602735714267,-2.1733001319402736,-4.004349194996588,-1.3989516727871854,-1.9684171828363948,-5.935023189755754,5.5033704314061085,0.07029742882031803,-4.547410878438116,6.963770606690719,2.004637635835137,0.6775313720614845,-2.0013591363165193,0.4506782585093685,-1.1021431847885852,0.14963849688484213,0.02846565030000443,-0.43217662112546007,2.747622018038855,1.7831138997871463,3.661928517663116,5.492928974572892,5.722083204840473
3.1709405619329174,3.7349425518107813,5.255753693262436,6.672898873028814,8.323439766118733,7.766041323020869,5.299538781130657,3.7542126614983564,-1.0774109396578342,0.5682055776848975,-0.1526637703301594,-0.18622637755334784,-0.057186881515116104,3.1041807127265995,-5.194642462481971,-1.9192925378920085,3.4904552368761994,-5.298047786524997,-2.575863798217106,-0.6747618585795886,1.8730860611212627,-1.1531648211906642,1.780789774313793,2.4193388598089065,-1.3825490185807596,0.18174925318702212,1.4129729088061478,2.8748577553665386,2.1939444585680805,1.4148877679319112,0.588495877924474,6.3217512044457616,7.648280876471357,7.276902167056232
2.4371768817729134,2.9874510736411453,4.289762707274431,4.578480568645026,7.780161695879063,7.13627592091392,-0.35981649992546993,-1.2812491342057295,4.857706896987553,1.0924387200565164,1.7912270931407233,-2.9209826183806804,2.9084561067735866,9.891401383196532,5.356927312310142,-3.800146368273424,1.9688109522965658,-1.432317874315457,-2.7479414304278857,0.1523794538406451,1.6136135171377406,-0.7120996009571344,4.565349643030203,-1.3561135543068712,-0.7438661261445209,0.8744730663487299,1.2975575417249596,1.8030765548544632,2.1916080475263677,0.751533170746917,6.125127906158114,7.2341259469849,7.865534139483683,7.340969307657575
2.150608626331024,1.8371613195191991,3.365556916014702,3.216989686711979,5.681071750985644,1.6337975061054535,-2.9795007319153326,-4.023636925384007,-1.779050508076234,-1.399155460793948,2.212636672452826,1.2256384032452774,0.9961414123784942,-3.0491640549707646,6.242644721819357,-0.9142102018351521,-3.4266619731307197,2.020481523182687,-1.5376775592671819,-0.47175851944378705,2.1728241124043843,2.350666050895819,0.456727437172896,1.6336886012503178,0.5388041459894546,-0.48231141693032975,0.6965226087867793,1.9938609232554934,1.9146192872767898,2.668015045306032,6.587519952787918,8.144038584748387,8.365412790940105,8.341134130710453
1.8545145126612512,1.236741648338522,2.04743956606188,2.001898093780417,2.5423222231538265,-1.0564903299878907,1.5546814581405823,-1.2731882016843765,2.37738941401397,5.715149450076526,5.802619476934236,1.5475558488917107,-2.0175667840595493,5.280312148340355,-4.5888301436388135,2.3070613481127684,-1.2101909186643491,2.018023780296251,0.9642890601397103,-0.8065567798554358,-1.4826229624188871,1.3857643094650836,2.8347475216590468,-0.33688367670486863,1.0974174590488948,-0.16427512200614733,-1.4052341068478789,1.0068950041021962,2.508147457294181,4.674876020821465,6.24873834643944,6.353697822680679,6.9890141185255725,8.157012084665386
2.117875083128377,0.5779126874045616,1.1264021253367955,-0.4185265093212079,1.6354355830776484,-2.4711717133616324,8.989694014420568,-0.2786396223596533,-1.2376812044337553,4.41293506581456,3.9912459450418716,7.933734017280596,-1.8722574342112164,0.4142020910411819,-0.8157272058924845,-1.2684262668142254,1.1422607159014169,-1.8088989704587777,-0.8676086238258824,1.9394260129568315,-0.6752181634504321,1.2372326944605532,3.4551752670777027,2.8588180096970874,-0.14233401885799438,1.2881678663219112,1.2849814992254431,1.9896576504799022,3.0159184774600085,5.630022352388176,6.50021186925071,7.751462740914994,6.737526986930631,7.3980636628482115
1.9012134358249506,0.36087133063953625,0.013051730240157879,-2.191129252014629,-1.3499441710076632,-0.7460072267686203,-0.2519024167022693,2.594308062551755,-2.520078517795996,6.750449034185541,-4.064417742260052,8.602250055837002,11.30307535620547,3.167086842294616,0.01732372357921563,2.5762322407166356,1.5529560847849266,-0.672789140069353,0.48502466905582214,-3.105175373849198,0.8689892999533313,-1.1590832968990805,-0.4886507776935465,3.5044790576482945,-1.2383809160255814,0.6949489145621848,-0.3527894277427178,1.643845373111338,1.7399344850542322,5.936778154567644,6.6712102060494285,7.084576089718744,7.476124986097971,7.265225914311969
1.8059501505326352,-0.37632631592706833,-0.14977464488788494,-2.285592854603572,-1.9807602979133163,-0.5533127713530227,-0.440116742396089,1.4212154289740182,-1.0128576803866451,2.776249994888904,2.5812045028496295,10.924618188906761,0.2717290890724138,4.428140826018911,-0.45497102263967054,2.414683111943308,4.13354456399383,-1.9986196702435581,-1.2828329783430275,0.6501025423053325,4.619268721187059,0.046389652912901376,0.2956754738971553,2.0197715142304036,-0.4114172183192307,-1.357217299402883,2.890370380182676,1.7184748734722377,2.37554482379712,6.169817403162696,6.756378957884492,7.266197182750011,7.167580453929321,7.420437966543512
1.350181682196021,0.24765013008164505,-0.6130880849984736,-2.624999749393759,-2.8000951168861676,-2.7930739695715867,2.8389935764887455,3.6161977282205444,3.905426694494104,0.6715939020662925,10.586054283228322,14.261753045315537,2.506143685077331,0.54329887922917,1.0408133417652368,-0.6234798650877489,-1.357836441234755,-0.10643818614402754,0.4374524703847799,0.3374814813479289,1.0398054471560738,4.5548822725827955,-0.8115052259964168,0.13513234692575887,0.4284351336478849,-0.42792984910659,3.3064815556368727,2.87183738714282,1.63484535447576,4.423980952723028,5.854423783752276,6.848259813727264,7.7571586905108365,7.314274506673079
1.1638044545310795,0.8244011781651892,0.3089630416286136,-2.192701970146896,-2.227631637865019,-2.270008564612345,-0.06111998615421108,-1.020773948022766,7.407232764782843,10.750168683924741,-3.2861864718146516,3.6440699642460643,-1.2640813797340793,3.9059152671941275,1.3515689465315255,1.017845029888155,-2.2994014616340817,0.6621089399172383,0.09973804087267017,-0.29000859376559457,-0.8964025338942594,-0.20322705355395523,2.8995765914790144,3.7847139336326396,-1.560160161695628,-0.11501756629909023,1.5410871198561025,2.2780531757304874,1.753868161653222,4.633936542890687,6.21757667262687,6.61959879403577,7.658124321747991,7.520616582440795
1.207150215318076,1.0517709651772276,0.7293462890784677,0.916863110022578,-2.7170008676183444,-2.1865511480475446,6.557857482271312,0.8107177977096798,-1.1495606184538965,11.120555899916331,4.881979227519601,-0.7896175839183605,4.502555969416557,0.4605049139692465,1.2832799840533802,1.1697977226313365,-0.5904343495207596,-1.3590369403973426,1.1115395528659204,0.015045459583991583,0.9648241413105815,3.1851045756407474,2.3762654375296512,1.3901300472605258,-0.8170969912226309,1.68417852895121,2.1843324893870193,2.2614692835312247,1.4944633303760035,2.033131442430805,2.8248141369811037,5.612754277309977,6.361528973717303,7.239540251870803
1.638548045036021,1.7316718764930914,1.0233595279733245,0.8787927136310664,-2.004979954939396,-2.405500150195097,1.5982958876916205,6.610805713296765,5.251162629794851,5.463668076419476,5.519705660363307,9.649045571856563,-1.0519292534723994,9.354775029404585,-0.6549902120560299,1.4694429471749908,1.2659290778349128,-0.876503515690755,-1.140754045380067,-0.29850967943959417,-0.09578629162130578,-0.25211671917200207,3.5335348608888992,1.268852351709503,-0.333245380656809,0.8467013136304877,0.4593494519491226,1.0990267516282481,0.9621952480521228,1.6431117025123152,2.2580602793039537,1.9299946960811418,6.538291379978396,2.629433576621991
2.390946933224523,1.937032667856556,1.2669452132189034,1.1184421391497665,-4.739041632034917,-2.081233844890715,-2.4172704813186696,-1.122591821064389,4.207640587491362,3.1125684619327743,3.7177586245600334,5.857237398624079,3.392148302935359,1.4415077267153817,1.1539060723874706,0.615705071636535,-0.8469819051476083,-0.49283797434780124,0.9467199982769205,-0.09429470674246929,0.2671146287661835,0.03893302829427891,2.647375874933871,2.2447869885335248,0.9830963189179376,2.4382212021427847,1.3094121938861558,1.7566475314779264,0.973340360543817,1.7173509006713008,2.228398892789396,1.9135629067890263,5.385433993223873,6.629787470599325
2.5151008484334256,1.6472034292202198,1.2816899263236998,1.8892973842984744,-5.4818213425730455,-2.5849868152412996,-2.4558798314037196,-1.0237168900266909,5.073010259638133,0.8701449352799394,6.667401037429686,8.505408407847346,-0.6659649348697091,2.9064261261314,-0.1786482807697713,1.566340580671735,-0.8554106614109287,-0.7673698544529486,1.588006793007219,-0.29156118852009616,2.3295713428990843,-0.8323267157181059,3.3302546412510523,0.9671592365861501,2.022368436877909,1.948109876107999,2.3702970941817116,1.996383393253088,2.1043844830239906,2.828091429772645,2.2204370026833518,2.5582112715707646,2.2213251204335447,6.06721162349332
2.7911744968127934,2.0667159315236616,1.9901666884779519,1.759414829077647,-3.7620561967053336,-2.497280271538439,-2.322857871002739,2.898883169958636,7.361711616629564,6.3265030098274595,-1.3919218571294212,1.2804880242199674,2.4795089074565246,1.9608750378770217,3.817082685871588,1.0693856361185778,0.752002035013133,1.1291764805320728,-0.09890102328372322,1.0242414867864256,1.0640835238328885,-0.14682589246762867,1.303752115690922,-0.225964426859223,2.857695553017426,1.0404118268442593,2.524195840831589,4.111466801821834,2.907455233677823,3.5086067923048483,2.344866237180472,2.906226058384682,6.632829323054793,7.0299573637428505
3.075888203487564,2.595481562268924,2.373518309607649,1.7344212757300725,-0.4272404727474733,-3.1268775770111876,-0.6618282735576642,-3.7719190012129764,2.725032469427616,-2.3982487580362566,2.079607459270962,-1.3004197377725477,1.7746887976701045,1.584097328736881,2.6383327681021655,3.3448570606436716,0.7266812461644306,0.4592122674493946,-1.0284493727986648,2.149610205111191,0.6979857843961257,3.3847535888728397,2.881153231114579,1.566054867316576,0.5393217551556868,2.1857420708911786,4.5391042390386875,2.8063613383968162,2.5262110441668097,3.0576152514380985,2.7594142587384627,2.5522320304167767,6.420107054238386,6.483061643835537
