script/wind100m.json
{"header": {"parameterCategory": 2, "parameterNumber": 3, "lo1": 3.000054539987559, "la1": 64.9999836372058, "dx": 0.5, "dy": 0.25, "nx": 34, "ny": 52, "refTime": "2026-04-30T17:00:00.000Z"}, "data":
[rows 24 to 47 of 52, columns 0 to 33 of 34]
8.386201410577973,6.8483268231448875,5.1023801352347204,3.557521758786901,2.038976716988143,0.7924002967244522,-0.35946494979155214,-0.3022768214868188,-2.7384198334389827,-1.8842798795351348,-0.1729271000558267,-0.7052328803362018,5.4696306638921115,3.6536200457022954,3.433849677528898,4.56023945893708,6.481900150115316,2.642089733814919,1.531601738005679,0.006038289386492631,3.1760960888232517,5.920245909746496,3.8975709645458863,1.5499421854313897,-0.45176257414381166,-1.3796132457826968,-1.2019142146295387,-1.8627580363082514,-1.8975285528236037,-1.9298489078703245,0.6855909570590082,2.153938248666529,2.7758033985834993,-1.2141294004277152
7.364812061468306,6.212082852980236,4.579087882346669,2.995192497706828,1.3662258704804477,-0.5932891895486161,-1.3186686427847851,-2.461136895230424,-1.3777521930859373,-0.9168930125951281,-1.3262801082651319,1.3174733119906938,2.259170072765096,7.0366453378746625,6.68957956359696,6.144854641731091,7.226777258355141,3.1259184702335374,1.744932918179705,0.9865542221494773,1.4660189211997614,3.2953287049680933,1.1361394393624942,-0.15201522511878285,-0.9660866825980057,-1.4268643892573531,-1.1569272800986632,-2.5002826346431575,-1.8997035306453656,4.743041923215711,1.898751943196586,2.222329743878309,4.578176266392071,0.911919904672192
6.52909802699701,5.794310244383909,4.596014237073268,2.8133945538742116,0.5963902508736186,-2.1560860221892293,1.1542123181979882,-1.8171087125555674,0.5744203398422975,0.6995591890761962,0.6303517900442028,1.4988175100635401,5.697931998338883,7.008577833984565,7.510734526995615,6.733057313860089,5.173010442366296,3.3466196989854997,1.422726644223933,2.657871031816478,1.9168951179847766,1.4583286183124333,-0.30901678931365645,-0.9751587100081506,-3.414422946475964,-2.0744606972578348,-1.135150214862052,-2.6693526279957025,-0.348730406273645,4.820623028902042,0.8586943235864307,2.317270208483635,4.352051751721539,1.0637757254809233
6.4590055258089265,5.404230493157493,4.186380109528224,2.4171615608416332,0.3034200030156207,-1.9680304064136853,-3.239926547829498,-1.2998327359961028,-1.5745453244771084,-0.39606473020628646,0.3399079530392706,2.719979689396236,5.523018198841526,6.8192167809587,7.1308937795042295,5.97595333355674,4.105222675437042,3.006007609477841,1.9913575536841126,1.8222469672645627,1.1505557619540185,-0.13691599137808463,-1.1325921013111915,1.190909264506559,-3.1710481261500827,-2.8279192889400107,-1.9145225745953909,-1.6419842254189398,6.050043905596588,3.970553323393216,2.2143066203805954,3.145530280035971,3.3530525278870016,0.004886117510730202
7.21889043286719,6.291911428006976,4.6150209613990025,2.822069792397486,0.5499859734777179,-1.404128941242976,-2.8210932661828925,-3.433986964563298,-2.740053507572802,0.4789583935716056,1.1819361660210774,4.0945937006853,5.355541947899356,5.4863520163111925,5.679783944757747,4.929838924176973,3.114225812809587,1.125999312553198,1.145264406084703,1.6728536862238172,0.7633848814028156,-0.1755031946979994,-1.793087142449921,-1.1384226621832838,-2.5934865902635584,-3.0944787773956732,-2.847803037054267,2.3537723931102663,4.840719019059933,3.144781659436455,2.498026222487177,2.165466694655084,1.2987802139380267,-0.8821644381118936
7.302341617407869,6.286410969199442,4.800660654738124,3.4292386584733037,1.4676244076379854,-0.4781666784178567,-1.8813609860571647,-2.655854130924787,-2.6074368340214424,-1.434288509606024,0.5513460382917106,2.2676362924452653,3.550620134175722,4.273001270695541,5.079366622758082,4.168341328685038,1.4969370988803516,-1.9573379612472368,-0.5853956709456711,0.028245050054215567,-0.21153253884016793,-1.2313336865528495,-2.2410692513634527,-2.6734462963655026,-3.4643928205080576,-3.592896511174452,-1.6472490403552535,3.361607686744196,3.314550875935819,2.2773250617088325,1.41670055390375,0.7520333734193985,1.3447573047246018,-0.2947060976071177
6.811250590926496,5.702901473913627,4.736762735909076,4.019717242957811,2.825992036267437,0.9592616686327499,-0.5671218724166278,-1.3634788058448273,-1.645623990467303,-1.3464905345426446,-0.2641051163018946,0.7684612897957478,1.7006693285457366,2.347580870136471,2.027189054728803,0.7397694957000305,-0.894905648428936,-0.403901822329121,-3.2143571597851146,-0.7416873955985981,-0.20668657836209,-0.3110531973208077,-2.312150482467356,-2.908506618884497,-3.612615456339204,-2.6499512443029976,-2.1276212265125345,3.154591273778784,3.6843578963050576,0.5324360839317489,-0.09152549398388576,-1.2540521512161593,1.2233494823630617,0.5225470390095861
6.63241283407498,5.150113138507324,4.503008782114912,3.925741750790456,3.1706573956816166,2.2653551447616675,0.8790619770756946,-0.024559569127304854,-0.3615394986483019,-0.7174964627331305,-0.34881718391051214,0.43292755062164157,0.7181851016174513,0.9828550520864466,-0.6759371551623098,-1.145197340681265,-1.3473244596433773,-0.1173168380523317,-3.542856256939746,-1.520171563740906,-0.8804745397911602,-1.6133740482077747,-1.8732035702118655,-2.044052055809511,-3.4885931743978724,-3.1594630714937075,2.650529900430359,4.656249544726838,0.8628629578191955,-1.3865243195218062,-1.916976903097953,1.9172046796988145,-1.090894689005932,-1.600570659090158
6.857833799344167,5.090769605855161,4.159829577708649,3.2835955565640087,2.87694705073156,2.4680707238407886,1.5380651512959558,0.6455446770825872,-0.15740685405332183,-0.40246917627064976,-0.2781578013301519,0.06893932498834646,-0.3576369112907994,0.9255710008530866,-0.6703178119760065,-1.6119679166969203,-5.284842615014347,-2.5399793023475485,-2.8144880235318968,-2.7763514880373865,-1.4177486567212447,-1.6548366897392197,-2.4735293994694274,-2.557981897180779,-3.313333936755043,-4.8898767391493285,2.187674700305047,2.50660658848853,1.3441627916381689,-2.1266756594067737,-3.264414500278795,-0.5322505856575025,-1.7347547871748796,-3.570302047316407
5.932368985070857,5.685471038068246,3.3368494215796316,2.7611908019744873,2.338838587712288,1.939333693638826,1.90963215386876,1.1376425899180083,0.35788569151343935,0.03688542617134806,-0.06739795928267456,-0.5558158495553586,-0.6308765018978107,-0.7215723321132445,-1.6159429065270972,-2.692492405232001,-3.592298984790375,-6.963370319020923,-4.013637863242417,-3.172373424436203,-0.8978621520524571,-1.2218086113174373,-2.021037971006668,-2.6044182313639457,-4.457776054741416,-3.7869225599011433,3.063337163865383,1.291584863275283,0.40042424208591215,-2.0468031269093,-4.065394997608461,-1.190821131377296,-2.435247564101718,-2.72292482853755
5.956970047300569,4.383749988075015,3.814854601084114,3.281263843265556,2.0315501834724485,1.6839325716298286,1.392608847449678,0.7117639069393812,0.1989231773957614,-0.21028639593832904,-0.5409254333758392,-1.0062807950218855,-1.416057971359245,-2.3310331276411613,-2.2349199555106174,-1.3214367993588616,-4.235622999192382,-5.450707383689124,-6.158162540658615,-5.4225182417397315,-1.793087084660752,-1.3427361408643177,-1.3927622202478673,-2.9933143166192053,-3.240396888580043,2.341284105892189,1.716977219486573,0.5591771132763179,-0.22540714670943768,-2.3077553914970546,-7.717232376536076,-2.4468060498128454,-2.8354159364350577,-2.364026556212123
6.751747353924829,5.735953505960853,3.6869922619572537,2.6998620612067126,2.5790652773555265,2.534734409393584,1.2705485466040976,0.6495243941349241,0.12199335377950624,-0.6522647753952375,-1.432482394195093,-1.4290377950191318,-2.0030962237859957,-2.1635235034388685,-3.75163698630475,-4.385484059432822,-4.213521275991406,-3.0050497256136928,-5.997695115420216,-4.63281991300512,-3.690738087894155,-3.4837662172692383,-2.4332359678814726,-2.6456637095879616,-3.8588345791643355,0.8150015270666233,1.1895699599096228,-0.10148564614161755,-0.5526987612080831,-1.5459948800460588,-5.143696034561432,-3.3294789730763767,-3.618679468501507,-2.0154078607873913
7.201873721718782,6.837718013721034,4.850191890788959,2.9839069503775026,1.7728776035377714,1.575420963608058,1.80954064325999,1.4901716470956539,0.21298703098176147,-0.7718961115450708,-1.8846787161167986,-0.9393258723615342,-0.9634482427630414,-2.2303282782605836,-3.670775925910764,-4.566115183842497,-5.803447645000248,-2.4231356302796496,-3.650570995109267,-4.394335040149912,-5.955162869637738,-3.5279019763547224,-3.985091580155695,-4.562749147256488,-4.441289731182099,-0.7315881491466218,0.782123814253862,0.3134258889774413,-0.6821595423602299,-2.2144061717594874,-3.6246050805859027,-4.169656139291561,-3.1913256966774837,-1.9733219038565528
6.618640316202659,7.741901957040299,6.154060115384327,4.427570098504788,2.5980697578008844,1.7253724589636237,1.4230101646394233,1.296863374955726,0.7580707198344001,0.08604951450648904,-0.7268601146864053,-1.3828765026229688,-2.6950356246175526,-3.560879889897298,-2.3740261403876537,-3.311487558522517,-4.760120639442553,-2.820499443541673,-4.490222657045475,-4.658391776308141,-6.115851003143781,-6.067602475832161,-3.879945767022393,-5.985202004803072,-7.6343913937747265,-6.611266514208389,-4.632458582678977,-0.6598166486026275,-2.9121050528754364,-3.113337528187303,-4.241147512167671,-3.6391819955679794,-2.746462818830237,-2.2619434828449623
6.567827462871362,7.732546642316207,7.129769750666218,5.9268052694102,3.827900052519764,2.3614390426892187,1.9668711793482798,1.487030494224894,0.6206198152521478,-0.0846977161353208,-1.4105816340064505,-0.8225006307776591,-0.1036726632722293,-0.5226280280086613,-5.15793730016777,-4.515162857327401,-5.097011444046676,-2.92023564160439,-4.241747623982188,-5.954017671055209,-8.098617636500768,-7.021855593970189,-6.181463580877224,-5.244594470463284,-7.117121714626923,-8.890965044430327,-7.974443968201732,-2.7285624442364984,-2.105176856236391,-3.291586559380552,-3.1171038466897696,-3.313699275784493,-2.6144218163745494,-1.7980363335186549
6.752602897575599,6.989336008967203,6.629467290881344,5.134138721000329,4.002618295448979,2.9799960425768726,2.239043711483254,1.449413460908827,0.6556149776227995,-0.11602171975272474,-1.2757308329783292,-1.9745336472501869,-1.7944710252868257,-1.729446469565862,-2.0121372134745736,-1.6826583847327665,-6.91074610787146,-4.728873356801028,-3.9423191474769768,-6.691308743885115,-7.431663475869066,-7.691400957747781,-7.232789193428608,-5.4096529311426425,-6.002704872741148,-7.061852550494669,-3.923212784609726,-2.5233359356274665,-1.668146826704103,-2.790533714234842,-2.9391821186329388,-3.115199973413716,-2.3007029126111918,-2.3320761137526635
6.348517443806236,5.932807841795942,5.909639203800618,4.446830819210722,3.5213884250527303,3.2438955730539276,2.926095364004789,1.7091431556767869,1.111688950234767,0.01848789604802315,-1.1989902930346106,-2.738177334477834,-2.5646939583372568,-3.334950372133283,-4.2848006324871495,-2.3012884162751637,-1.2183773292869104,-2.040466559209088,-1.9929385454812212,-2.2093374350125,-9.388253657581961,-9.058999531307517,-7.8804661069641115,-8.036322428223666,-4.52147291473926,-3.0384420115850204,-2.6281075939543665,-3.181124213153192,-4.025995389035478,-4.957650927302468,-3.5879162754511413,-4.097748840026662,-3.379764673872247,-3.0542831382880653
5.837313621606591,5.1351269357020835,5.465259465288892,4.3888268813817755,3.9926679970342214,3.609538758733186,2.6943795299073985,1.5198009637195222,0.8277782333935156,-0.4266290277626719,-2.347430449381886,-3.747702065979931,-2.9800267040097266,-3.2507524298254555,-1.1503399895174093,-1.6033504357757127,-1.7778592686097283,-2.52868620132557,-2.6133541436082983,-3.6681066880158477,-5.301488006435227,-6.103160871015794,-8.969182400860417,-8.664788619113176,-8.230909726943146,-8.052043021548517,-5.0960474998557155,-2.5745177975736753,-1.397329906909461,-0.6228230804327027,-2.070921221363772,-3.1314212473926,-4.851829918627089,-3.640168670041888
5.37927989082397,4.883948671125384,3.540001294605554,3.22964677812773,3.016760702918659,2.9249476687570177,1.9357859791928258,1.6789474334894576,1.316435993950942,-1.2182900418164244,-2.932991854934646,-3.985021084700477,-3.7475020846811264,-3.059240617346663,0.6180995185376217,-0.7186388313921844,-1.9408883923121671,-2.3048246145504265,-3.076215281942871,-2.839885359670269,-2.670399295548466,-3.616101056867007,-5.924595700979272,-7.24253621301827,-9.45858756110205,-9.288119462861461,-8.123034508427118,-0.35484693288349833,0.024560800184597664,-1.3186346126111697,-3.0231525020490064,-2.8296936290398507,-2.691661212342079,-3.7555363320730875
4.874409559262381,4.009227822379674,2.571030340920271,2.576855058084769,2.8347423090660864,2.6095156631458156,1.773336901030732,1.8086555843629235,0.6166175935404273,-1.7938161901602618,-4.14172497515683,-4.477104425815007,-4.35571392981691,-1.308654424630294,-2.1155384132105057,-1.7287231179019755,-2.2402462162196546,-3.21199270329605,-3.861950554610663,-2.3542222974904345,-1.3378098479570326,-2.8762768984390497,-5.426026159834991,-6.692199314736444,-7.1807777739983,-7.129568018004845,-3.6843747003628655,-1.0926526576107691,-0.8257786526278217,-1.8582325316708097,-3.4107916784640073,-3.6396919685273224,1.514745296597367,1.1998667424524196
4.257435263714112,3.834808807027737,2.6457888705319696,2.4295473392573474,1.966532036434179,1.3787193415594834,1.5342068389187207,0.9743051624151824,-0.21689620354496994,-1.445274477814129,-4.643274965503093,-5.553090199223715,-3.254438886995205,0.42936013863392236,-1.8423966317577403,-0.9615434121129006,-0.4417893640508105,-3.5242298266703718,-2.5204779210653814,-2.960012355354427,-2.368095711615824,-2.594133448706088,-3.261437688290923,-5.453968079165659,-3.800233167668881,-3.59062743565022,-3.047406114391457,-2.648903548526704,-2.144973481709053,-2.8150624548275376,-3.4907427496204493,1.2492041436860675,2.427915902294163,2.36063233111124
4.445506792727342,4.601319387815551,2.8422470437034115,1.9805665420311087,0.5936503814433388,0.77125285749957,1.3740494133183034,0.5075669953726476,-0.3852341815186853,-2.4389497536192772,-3.773198962204448,-3.157877079280938,-1.532421381482452,-2.929355947686867,-1.1346561789082834,-2.370556163163657,-2.9910906385140623,-3.0602508928482512,-3.053152626004841,-2.9073039008153896,-2.9831637412671164,-3.3502937952301277,-4.716589923259039,-4.851969571198402,-3.563411882383421,-4.063114565315909,-4.2158294674023375,-3.7869126972088223,-3.5985835532006267,-3.9414584803511876,2.0674519607246338,2.5577740711988923,2.0556030096953397,1.5874310567785883
4.356808335505813,5.278288164616285,5.208177517113727,2.680885957043102,1.524861522675062,2.34200186777011,2.2886799002607243,4.194680343075284,2.5019669841434053,-1.407756339317133,-3.52995348235487,0.9879435390144993,0.9023853323328217,0.7476734527892154,1.0462455364219134,-1.5433082714261854,-2.3947566939408502,-2.964312775549524,-3.904362046655234,-3.9065804215695,-4.889984933313091,-5.043272457358451,-3.5737935834434578,-4.407150274763758,-4.361276779981866,-4.932410392677875,-4.399325348682577,-4.142423010020858,-4.44637592825484,1.027661993629275,2.5129318255706505,1.8376918473244535,1.6226891705797626,0.5253706570977796
4.756070095034922,5.039692720510215,5.003901868875141,4.3490297020129836,3.6142246136095975,3.7813095547876308,3.3703464214171674,3.6079485563742337,2.998136861361867,3.370694532483925,1.756462741049278,2.1640797883248184,0.9081296097508461,0.8777158074121683,0.25568132584166187,-2.1110228427324267,-2.107021148438537,-3.0887940109572853,-4.481826174566347,-3.9089828914886615,-4.000900454255445,-3.1440575812368343,-3.2809665392409704,-4.583643567578808,-4.69663010778838,-4.7507303947093495,-4.378710145190353,-5.1612176082545504,-2.8106965371889765,3.2477781987299954,2.8075259700798774,1.8716484452299293,1.1448000808646916,-0.440397015969558
