script/wind350m.json
{"header": {"parameterCategory": 2, "parameterNumber": 2, "lo1": 3.000054539987559, "la1": 64.9999836372058, "dx": 0.5, "dy": 0.25, "nx": 34, "ny": 52, "refTime": "2025-12-20T04:00:00.000Z"}, "data":
[rows 0 to 24 of 52, columns 0 to 33 of 34]
4.851214723449928,5.138830312204377,2.1341009450186554,3.2226793991719975,3.118463486279314,3.92854838574116,4.778814603505688,4.325719827016253,5.524802584653005,7.665896359100245,10.223543247354641,11.398812808978278,15.926869318580218,16.77196638514549,17.511700291691465,17.070870141846665,15.818143621260786,14.592994802787727,7.489524209343134,11.451990449462402,11.147795823439191,8.922203167003229,11.255605438996485,12.555818679101264,15.81859280973117,8.689439102792578,8.404923826784746,12.951241173322815,12.399750815092865,9.367477640486976,8.576743355392532,8.696314745502919,9.074256503946764,10.439795101745073
6.29741862496364,6.790573617440103,4.54591379563052,7.239808645576556,5.657483481340537,3.5632606191622256,7.340142815836692,9.654587365131212,11.887247151287909,12.357580997630444,12.3039339100279,15.079470789528976,15.810927430410073,16.524356169138734,16.834642164762112,16.941862223320516,18.74145152824576,11.292983852280148,14.317633632827736,15.660589884483986,10.074162511829801,10.634122772671647,6.718834053809289,15.799352030670589,10.266295905787054,10.62989906141974,10.81821343649303,8.442571672631388,10.691251905423986,13.819338832329418,11.650301810456558,11.062284836637701,11.691131267404641,12.30466678943651
6.706256160552825,8.639715073788924,9.477949871858648,9.679112649761766,8.764561012603982,8.802955929965638,9.236557282995218,11.217404742417427,11.378485387414731,12.747314894957125,13.624762096867203,13.892461602522834,15.45977671922917,16.638607345484573,16.72230898221799,17.907206105222123,16.483941111170225,9.662128071107023,9.000378003736103,10.51229705303115,14.866631275497042,10.240807030966495,9.30931535714395,9.779731535338344,10.129670889584254,8.64007116338257,10.433801214739729,15.074468635445395,12.261570566452347,12.297199676526965,13.41590845254641,13.508424133092756,14.09121626311941,13.417880592098852
7.987344102597026,7.8815028875892175,9.150294480259948,10.423204585369657,12.301921518961612,13.813906899659884,14.46318924242967,14.404614997108814,15.045620924291812,14.00685975423581,15.682900529192313,16.589367522964718,16.716754257989454,16.323265561403453,17.036119575711133,16.841238255653167,11.932252053665769,13.114927581694342,12.98803731456606,11.12844631177528,13.588448446947378,15.202123554210777,10.946316139256304,10.268275590052731,11.000804754491995,11.345142351292598,16.895560932889477,11.76726954951165,12.393301982135428,12.981981018877129,10.508379356431115,13.790614743748451,14.516484462531746,12.376169032920142
7.946675619811611,8.377440446271367,10.082822877337211,11.554925658722293,13.20396510872404,14.993272389334276,15.18480347962262,15.057007703404217,15.937947707869444,16.994892410793394,16.864884858005507,16.691015921661624,17.06201375522705,17.521737639020074,13.453273077410348,15.209471154625962,15.827596643100806,11.177292417558183,12.340180384403377,17.445363618677685,13.920456029702839,19.078061729352555,9.632666654551148,13.263034957549912,10.842532778689197,11.190376408002622,12.650165474463524,10.518372139047957,13.147282239791586,14.320787382682822,13.071065041240601,14.767582212495693,14.491504370510777,12.095686017043722
7.043987207775435,8.154234726624331,9.881143035309451,11.28513370216289,13.806431323318925,14.843279920470934,15.59582629001241,15.625995816064096,16.1355087051536,16.405475228243677,17.561739588076676,19.311003476693003,18.042171961373448,16.912368715423515,12.984002109701677,16.07493953560723,10.004219157350985,12.261190381460253,16.326903096161473,14.11780310207384,7.806893446127013,15.790617162208992,15.247514178866355,8.745310317716191,10.377530763066593,11.179575934221097,10.723517581892873,12.674230331000429,11.53437213885736,14.107696958848607,14.497075467650879,13.4331820661097,10.934472081079715,9.96956736510767
8.289402440819893,8.96688032869176,9.361745490996903,11.250787380920746,13.381996653047667,14.325862844151104,15.290348095818217,16.945711637834734,16.74834836713867,17.115798530940726,17.544436000567195,16.867792420138038,17.768375033893392,16.10492074530266,8.39735253317403,12.178996252689016,11.717849321628382,12.051008431619383,15.5799091731201,14.065232309395723,16.49299567839699,12.763676560338366,10.963983264035674,9.062595373544294,11.833385616471933,10.32034884647359,13.22094439722696,13.09938678105961,14.17166824708904,17.652011952866857,12.006186343647164,12.662174950722465,10.51023646895153,8.135565425239612
9.215195233537703,9.546310083646997,10.583251480058673,11.223579970859282,13.18542337633909,14.637448717628086,14.786851054807338,15.140354775437658,16.567240304114193,16.03156927465462,17.113545116202886,11.529880939977641,14.836289562842902,19.76850494441526,10.288805116132544,13.618466718714009,6.193146935169846,13.677023809822124,15.299912723487447,12.82507036989369,13.144799856488316,14.763413797254286,10.190850751219548,9.281362509414596,13.256630280828857,12.156831286505044,13.01860986034671,16.653658949349822,12.326909230446345,12.463467010475885,17.24751854186525,9.857257947799244,8.779232032575177,10.61101949067271
9.101459664306791,9.621260451082408,10.649462608503026,11.414857614120043,12.014091502503653,13.024677925160724,14.137402867182137,13.785288094075714,14.586091704278095,14.290368251550746,12.542589135775831,11.287370495550153,19.06205974132853,16.139284399163465,13.745886691555405,10.111892690262154,10.050507725360662,16.592505024651516,12.22826676321224,11.721684292797889,18.741326679214207,16.760551328116126,15.213484379216464,11.632715856515992,16.366383762079625,14.45782475359036,15.582474712273791,9.429115845819512,14.867092914802182,17.358874653559315,10.509615142777946,10.32881179044358,11.090363275505922,12.706315593641927
9.033904137816092,9.565390095339676,9.293191454154899,9.534406624116325,11.08532909082462,12.201554340692086,12.235616641660362,13.362319022879278,11.684490707971046,12.154632728237615,13.102550703025656,6.905888484508844,18.810991518879177,20.157775950819538,6.766958529971691,11.923324475829995,11.414373348799487,11.510043881628393,8.946023120321623,8.06385505992364,15.052662387921968,17.98994328227022,11.393358886481575,14.13138878355032,11.963776980748358,12.164056938726791,17.73143533227892,16.256071748570868,16.211289801213923,13.05437542251815,15.621870949018644,13.04499170479443,12.077428725304456,12.967013154103418
8.220148555069017,8.356522218257972,9.850279191185518,10.613999818955035,11.547542941779597,10.805858564659683,11.55409104424811,10.319098622906177,14.563885936388422,4.7559531647328255,17.151363084867583,6.267360177411125,11.86236668323977,16.240167281244993,6.846288317016378,8.727502669100424,7.636333156639794,9.470334483594588,8.977911766237085,12.613882841539521,13.337874055831634,10.436584735820814,16.821343402887358,11.244989261700155,10.58801181750908,14.181606320521087,13.244778371569653,15.226689665990763,14.017991148982006,10.36835633993199,10.285431363352691,13.054026410351065,13.55118670574502,13.895429185781573
8.826558509241993,9.456067535971536,11.416085264978616,10.418436084014255,10.337951048628714,8.61008445123831,8.099841281534047,5.381965559583539,4.653105434673996,8.891594820298534,11.293058523737734,13.104806271786464,17.14419033739668,15.065065887625796,17.822240484164748,8.05801214494013,11.48312944665582,11.1236909127769,9.99306596320269,13.526539113908326,13.036026869567312,11.91741621185409,8.441097235258628,14.223530429978808,12.370221655477813,9.761906633932348,14.850077693430514,18.179912621637442,17.388457402844374,13.715644384137583,13.83793537059078,13.164772884352702,14.103874557530846,14.97064297641782
11.322785039450766,11.303320157376573,10.618574194206708,9.737803442190046,9.160295363699985,8.102937124988454,8.869070567706034,6.011913425051673,8.289558516985974,16.190342164644147,14.572785268627353,16.308494713581098,15.195015086676388,15.184603108067089,10.530515444981502,13.353997552315352,7.2015554398434505,9.435635236158872,9.825094493383071,7.9655121164039855,8.019594181310266,12.143289248770055,14.228340972429004,11.890953441674744,9.75695082024451,9.011773409643935,10.390768906596836,16.48750581193328,14.868735981343569,14.021030163892181,13.587877719928429,13.577192714296466,14.865430340263854,15.236778736513088
9.771433191480634,10.112924075563859,9.395117216130698,8.747431078064245,7.936002108982504,9.337962930699275,9.441157964140011,4.399468648593393,4.766998027768864,10.502620002074288,14.342131998887226,16.832544710120903,14.748488004713554,1.8480619061985115,7.570129437837689,12.885200788854217,8.594002725708672,9.061145205771732,6.074325802869823,12.25646067140728,6.912170937906688,12.969054897397166,13.501275327047818,15.408920230921781,10.75342355810212,11.919678733686219,9.907063181676302,16.70940028880054,13.371295449274012,13.521481003474461,12.652346238037229,13.321614240478802,15.243631488435598,15.768381769361087
9.256488641565278,9.656026157781898,8.448320182992221,7.612878351157699,6.430646599942654,6.267839325618453,5.253037038083927,10.800746185130206,7.777731558362429,8.813789195713113,11.206845280882876,17.270066760249684,17.33198027795064,13.962305757436226,15.312790601373457,12.214065169706148,4.963542506268729,8.074031902471761,8.95129208129048,6.7104114831869595,8.003038858278865,9.703219679407114,9.159889924277051,12.30860577466508,9.324255673840584,11.159146437292822,10.421550119529979,15.031812609951947,12.676228701501781,14.212885937601298,13.57973054256431,13.905655285145556,16.10523666389013,17.61419815177215
8.414741680890414,8.024893472843807,7.027891315963795,6.648309152741847,6.1892282373976215,6.758095938875769,8.538461581162288,0.5507983896685622,8.315550482815949,10.710675820665617,16.129758146525667,20.040213968549313,8.579438927070992,10.549490184420526,7.08288336361161,10.284783050213004,13.53535961959966,5.2089820550018,9.686432255372253,9.21577919258061,14.052337757972337,8.742928250168942,7.517205158443479,10.827464387730316,8.52330557985615,10.092904649810013,16.52356067091451,10.452922717388457,11.438394039452541,12.285349172712563,14.241134439517287,15.136817012584032,16.632884490726138,17.67456622848463
7.62671635684363,7.241050089581825,6.405083685983378,6.266142193208413,4.81744412988091,5.974866482559515,11.720846936235404,11.016675697002373,2.9614438990873415,13.68027821497044,16.86301941613381,19.506849594107067,10.676304529953125,5.717938461347141,1.965533640320115,6.257211503780071,5.613445160363587,4.429338142817907,7.68361241679855,7.661212341366901,11.582001677788039,9.082365893205896,9.79175865829416,10.291196966392882,11.083825285319651,10.486787170698959,15.47661438788776,14.351819479536832,12.881899679536895,14.20416514429788,13.09001631187401,14.899471416789924,16.747837338125056,15.025940788403277
7.61394757934206,6.769587411679494,5.036160689860811,6.352684023188268,5.754024031555431,4.055251258566269,9.25852615350902,7.14438678978625,13.690511582065572,17.169059730637187,19.17272014559199,12.606826330449822,7.646602530720267,14.402809099308351,12.141047021932357,10.135537578931167,7.177720223879723,4.777225502726253,7.6638134362785415,10.16130882611406,10.259448677243114,8.993270584011302,9.827501670187914,11.253967890155076,8.84676265201587,10.52137104280174,13.580268089605712,11.942231288400889,14.490929131861403,12.788101112818696,12.824119937351437,13.582283646002974,14.589129363172628,13.416380923690372
7.195460129874725,7.804082994145061,6.939637996776391,7.089785566344382,8.783176652770193,8.744124733855019,11.88718546834219,11.361431016518985,9.377798406629282,17.06439692445453,16.27376369188894,10.526398346259588,15.849273699841028,10.945615545657462,8.536841239282037,7.5724726873796735,5.576449965539312,7.01418412404983,6.740285495830384,9.37252006119149,10.393378135251904,11.247359979189955,10.375712274939433,10.617864979540771,9.814139422639219,9.746801298435855,12.285281495543957,13.111734345893245,13.91903510854412,12.413247729454314,12.58178268543627,12.238714979647256,13.483325505496046,13.256459751750427
9.214596000279228,8.580747082809571,8.23590142669997,9.09438209679998,7.680159687013958,8.545864621955982,2.314202438266817,17.01047588442252,16.250974918132858,16.632507466986716,14.942522711803582,19.061940152764702,9.82760935139035,17.134070440446813,4.551921395323979,9.181870812024982,5.364788114076517,8.382454419526075,6.572164488514139,9.81725982760206,9.879875807664257,9.196105080303077,11.316259397666654,9.186231613013533,9.277154117589271,10.11523540701364,9.906987135197681,12.242878543843016,12.799638293656788,12.007016399562188,13.667405516592224,13.007579891607493,13.124459744344072,12.384520671712783
9.345819676367197,10.215656370094496,11.816388224963571,12.721745613874624,11.667973581530767,9.386124895815952,6.1688045513859535,12.73339382137594,13.48837620552206,13.146636774716166,14.33791793300914,16.23148557819304,14.007453864779517,4.346577041475507,6.792470950972082,9.581579870354823,7.905037782335981,8.121504386895255,9.661545039525498,10.3510826927319,10.237840154836404,8.804003674411149,11.262611891475617,11.22034056578823,10.802549337887077,11.925384352708566,11.370391656998871,12.446771165555734,13.431206872727962,12.88495835472316,11.93837593453174,11.737811100159218,12.015044676995942,13.803648302378702
10.669474638339285,11.498525425516753,12.651158212401109,12.452281339942676,10.745047149615685,12.198967990221046,12.981559748562496,10.094582035140286,12.644342287584077,9.652967260839516,18.98329844801393,21.21944937084978,0.6840304681181124,6.349685363809391,7.194241218346679,9.049256705789647,10.524416870258294,8.689891507871351,11.24230789328089,9.73931648369751,11.187533252554699,7.791355677736356,10.417974792993643,11.368613028037483,12.175679388299054,10.37680696177751,10.84990314717377,12.902934777959427,15.286204874376937,14.708521139217257,12.206311855345525,11.838627097729862,13.012591414416727,13.740682519795921
10.922530224732624,13.14386506015886,13.45297045648824,14.416422589245085,14.727861511244301,11.32206979962693,11.555566074036117,12.328231312651026,21.15766253601274,10.529823936793568,5.921243045553376,12.823711646130254,10.770574414112543,15.94164143140106,10.992605542060398,8.461588988238388,10.314641238179327,9.894804617713076,10.719190694801624,11.350376267067867,10.48351886050629,9.255648305930299,10.743376417709703,11.70861575716339,12.590649710854837,10.894820422923612,13.221666004737829,13.926864226495702,14.855792966459326,11.796640945110973,11.891607090486165,11.582277080245664,15.32543801758711,15.87079676984542
11.7489499039102,12.416915874225008,13.87186771112062,14.91389460869234,14.691878783751296,12.33753041600717,11.888690784065583,13.691168019627245,17.61041573550552,10.143829701195132,8.792670031249964,3.2743752684359424,10.753336670429288,9.075754787187147,13.202260636553806,11.359970088091032,12.945448233760484,11.427316741772453,11.684523785666515,12.579052382867472,11.163255491739921,11.78581905872507,12.231181033176973,11.036321970743312,10.793884341940034,11.16606205400628,13.017222224169444,14.399102472812897,16.68210214779988,15.526260996872686,13.398487784300356,11.306372971189482,13.272207866282724,15.658087193641348
10.555068164966594,12.402468075830502,12.550226770782698,12.7482413153121,12.912513067070435,12.811544314385682,11.417080934761092,17.44513164721288,14.859393820837855,18.586774891528744,19.996245796500514,6.716186417855077,10.691031335398357,11.699399910852998,14.549371724976398,15.229860647984498,15.416892123848443,12.760699182619735,12.226048239839791,11.150552116902489,12.471851233408403,13.990710623695556,12.92939380118616,12.751527494673375,10.1528349542958,9.648541180505239,11.975856208380188,14.520291035587764,17.11994508639072,14.92610792625653,14.045910381536963,13.901552451865113,16.0432945566208,15.091937944677012
