script/wind10m.json
{"header": {"parameterCategory": 2, "parameterNumber": 2, "lo1": 3.000054539987559, "la1": 64.9999836372058, "dx": 0.5, "dy": 0.25, "nx": 34, "ny": 52, "refTime": "2025-01-04T19:00:00.000Z"}, "data":
[rows 0 to 24 of 52, columns 0 to 33 of 34]
7.374511246137693,7.6611091304325045,8.799946880865354,9.41414775128729,9.306107642799592,9.22268916935411,11.529196359363267,10.747915602096688,8.310643649572464,6.056356896197181,10.383539093806435,7.991688651912513,9.922079968098986,6.372063246737533,8.337558428620257,5.667536980975906,7.021727876859745,4.118559860069228,0.6666131712572809,1.2154128044113897,2.9621835831227683,4.565088447203022,3.332920075508211,3.8635128535587864,4.762540617972211,2.283740331940503,-0.8331562158875807,1.3075688466185258,-0.7986624633944043,-1.129324782681811,-1.2670999644190166,-1.2297952291704373,-1.4516664565582909,0.4511139930745644
6.929617102785377,7.30762344287359,8.161789015491038,8.769060162113343,9.5765693473273,10.189865038951986,10.291150607449026,10.699603692355431,7.767717477554987,10.877777960602812,8.565450541308351,8.914095798366038,8.615480077669865,10.989619023141923,8.867544677252496,8.11765627132417,11.884526301048801,0.6583681605525101,2.278529582950594,8.976230213632668,1.8945520506018827,4.032219234625038,1.409863490377305,6.869708142668731,2.34668299982964,1.0481106455428941,1.3674071018003853,-0.7784846277401911,-1.5527746881295783,-0.5350582583586587,-0.4892987050314243,-0.7703268380949959,-0.019427211567247863,-1.4739671438955924
6.507483858935431,7.134599447140124,7.732101960618386,8.842183961374486,10.427841116120401,10.38639081593115,9.929405969019664,11.363711283419109,9.883600480208095,7.768421381929491,7.489524616074279,8.536487406428241,7.853759001771916,9.79312628169462,7.899932924024373,6.211379804787649,5.165219376642352,0.5124688318449181,1.0392426080289143,2.224035821335859,6.06678106093602,4.026472703120285,3.396898550932921,3.385173865724181,2.6934575025413534,-0.4362350830976459,-1.3859943895874884,-0.25891920310984295,0.15621947550840645,-0.27724739625725237,-0.3256710380033463,-0.2217635191792044,-0.28443539549276214,-2.2268673464335533
5.562388580222449,6.525531407706801,7.283867370135214,7.69025588166836,8.363761653606915,9.457929426172832,8.788105159668513,9.400168077880723,9.065520436860094,2.9274255460276466,7.706326444341534,9.74781637707149,5.679800759805704,7.869613473731888,8.10378789311273,1.995311904526155,1.6309575810985861,1.4640650296996747,3.8918613786291445,1.3672671239395628,5.479742259429286,6.2682705092358875,5.395356399786245,2.6728783142198336,1.1497029522018596,-0.449094981170564,2.6336864793993664,-1.0405153145928512,-1.3180406056605283,0.15859986839036283,0.14303660396812465,-0.5588256243169537,-0.06626311593000492,-1.227597748163279
5.399468089163435,5.431342412974337,6.189031544460154,6.616870079988324,7.056979195487892,8.124672894065258,9.268935948679365,8.206007166520223,5.218237748064715,7.700515209594693,9.021851688120883,5.632146919680447,7.619177415507498,6.741555813630238,4.353149937048323,3.3968629942784294,4.783376923867062,2.1902284987757117,4.2012054915996915,9.090607796325685,6.370220329195729,10.085737716714823,4.060318058008754,1.7640574263599929,3.5802624045038582,-1.129903453988542,1.2168185345451794,-1.1852292112136547,1.6740925290668942,0.9670428887142554,-0.4372573474825084,-1.839970644383981,-0.20126188174213247,0.028326445662447606
4.729100221340111,5.485197494514585,5.804782399512702,6.312514043443425,6.340441658394334,6.884553295341102,8.228113960989369,7.933182903342966,4.203701403223115,9.34566901761923,8.548953271597302,8.235541091612012,5.501050179476322,7.212391899868629,2.5188084797757258,2.254545625944798,3.8798645725568623,3.785363554612708,6.012368940833577,4.4984703082716155,2.7859171626216375,5.636907379235009,5.371655198726338,1.6816851277535063,1.6021932150608886,1.6671031949084758,2.5268007977473204,2.046166853610778,0.5538731587461947,2.3235667761387675,0.8432873474987752,-0.428823845549119,-0.5579494287212232,0.06284288244739869
3.5266068652251428,3.0899885836929295,4.96354015554386,4.5680614850202845,6.291575321730239,7.229917821752088,7.06386312851916,6.420091646162742,3.2998331064041446,6.125889046988496,8.902706164916369,3.8956125431373536,5.744829868420575,3.489265657311994,2.943973831504487,6.932709347802475,2.0889571856272027,1.915397686928359,5.510748126466561,5.674834244051673,3.8781509220891732,4.661906964769702,2.6049046453107136,1.601693070268325,2.181694817720426,1.5183467403176913,2.5596508179992075,-0.11991162094902325,-0.67643377433248,0.23219968907165792,1.063899133738966,0.030971988488883575,0.33019337416740735,-0.3359633592688283
5.318559844313703,2.9221626956935696,7.887821380233047,4.275908966608407,2.027233521155172,5.311751564752267,8.645519223352101,6.49917625002204,4.051198001594305,7.0591147681647834,4.068331042602397,1.2144275339082593,1.5046611546596962,7.112911140841417,4.0960946469962405,3.2136025688990357,3.6399449442573992,2.3555322412401494,6.205948259937833,3.8864987721714854,5.733435784965121,4.417097663273172,3.4527821057324393,2.8531002842367204,1.4153826409204944,1.3459764938981846,2.550483410748543,3.2616149807812995,1.2110334288534577,0.30126548167904343,1.0649059409076556,-1.286614183051087,0.23565921488642022,-0.2863817831702229
4.032360555912033,5.426868351774146,-0.5332257264105312,3.963409133934185,7.897183307833536,5.726913555083104,8.212000824811414,8.096068423716432,10.579178865264092,3.75553494243686,4.7995391111244,0.9056411410438616,4.310418102987794,6.261993273135061,5.049036200125834,1.2992936081123776,4.905153503265823,6.503892768686864,2.7565249793484146,2.650513683430349,10.482037230133377,6.965678308240821,4.333944078738842,0.5189908759477669,1.8009102369897774,1.9179054305307102,2.9573919920346037,0.5249661022101909,0.558051680300146,1.1435795650093026,-0.45726213841166713,0.7718521169697308,-0.668366390520657,-0.14887083916040272
2.910816297237227,3.6493199902919518,2.9866146268470133,6.4479820157827366,5.832418773688944,8.493375395136045,5.611582264371449,7.9906991236458325,1.4061672518650383,2.4150804100794763,-0.17552713107325646,0.514386167409679,7.533307027196079,8.021792103774757,1.1601924124605787,6.369918709135732,4.928177488308039,3.0911868613863414,2.904293982475812,4.418030412757048,8.472087319283531,4.332085533460846,1.6358097068648307,2.5431499563634654,2.0559532670143796,1.7448290024084698,2.6222201694322185,2.774172141847063,1.6323341171878711,1.2660452141611402,-0.2897758230428736,2.6009955021940043,1.7667509033659592,0.6100518678540389
3.368270567990729,6.8766419897292534,4.431324945233293,5.477621584949081,5.867229234577976,7.22381308197466,5.108484854002564,1.0979184372119455,3.64769104118158,1.0669445220228695,8.517132904879253,-0.3281607877445662,4.461282155403598,9.023242753084308,7.626945438595112,2.8524363013675713,4.648484271085301,2.835364320146913,3.951373825421447,3.1783216502242033,5.49724176464831,1.1718487299351972,5.885125978178209,1.1947048942455871,1.5114198860874266,1.9129290154046457,0.3733639254669935,2.000659613072688,2.3960316290898227,1.0801636806517378,4.714051790359228,3.4868485396551474,4.197451838186392,2.8045326192685995
3.5000383949279814,4.0765234024996335,4.588410522111292,5.138270270225255,5.33939326341256,1.0429722091023108,-1.2760058875847546,-1.7544660335805728,-1.9391512168300662,1.93446130663777,2.7303133180346917,6.431472498600781,6.261307628030151,9.024367181776528,7.249110929929734,2.783513276212823,0.17458630739632952,4.829020898680737,0.7010560452524219,3.415518202054824,3.3502243369802525,3.864802913528679,-0.11913187870223657,3.3248072679544216,0.9989238657782046,-0.35356823113836205,1.9237685318695505,2.143672768919678,2.207593876320704,2.347410663631044,7.155222751014225,6.002690098095957,5.104249805695039,5.2247509063241955
2.037702417020907,1.9828380886864465,2.488815389189049,2.8106911029532142,1.5934874616678636,0.13384022989012742,0.9364367207929613,1.771610532347994,1.6523206142499962,6.749481246615148,5.3703452804564895,3.252283428147771,8.757867166564777,3.9648136397656186,2.994669152299058,9.11964088694595,6.402850525389278,5.479523425924564,2.8916335803347737,-1.4252099160301601,1.2223593333796137,3.580385500760384,3.861284898863135,2.385748153728174,2.763508979278021,-0.5317434029719592,-1.0322711673714733,1.2022541076761741,1.9871988806955114,5.922062362445976,6.732193398799286,6.756864826535984,6.289903421523528,6.652842491614083
0.869137752564251,1.0239274372253038,1.66244606071631,1.7694629850482064,0.12001742516869852,-0.14146451324842635,2.6005174082494356,-0.818753396470693,0.6066666501871169,2.1914280989964516,2.5702951206444524,7.305560331301902,-1.837694144611492,-0.14345568915926096,3.8842786387622104,2.7489142622861436,4.310513760600183,1.7152462067907857,2.4651562532263034,3.334743981680206,-0.10015540003521617,3.2917806378139343,4.263603652753173,3.65262684054189,2.3523013314157026,2.2114801254583307,3.1075620990000408,3.300597537249468,3.528606241836351,6.163250007205842,7.295728494256659,7.682260150870089,6.222504911326087,6.821027219588824
0.926754406644518,1.0924509713935067,1.2115662042650202,-1.914327327995178,0.184634498464244,-0.9956177865322035,-0.979898689852638,1.9872254779333138,-1.4887515183918938,1.3901814817561116,0.5564382442383194,3.0735106874121723,8.772623790732018,2.304398062134495,2.8424819013022136,2.840085897216276,1.4476623250888014,4.212266412466776,-0.13491403297758192,-1.1993043888751527,1.3519467638372427,-0.8964572916347101,0.7595342992308173,2.780440664677252,-0.08084485703378694,2.355084916508642,-0.6582209757157413,1.6635211033328308,1.4474576288217096,5.221281531175857,7.548204149608341,7.6806279144011524,6.166424005876566,6.430531664164837
-0.9000864532134921,-0.4201165087477059,0.679500230382445,-1.5624306487809831,-1.0496204261097184,-1.4211768572219585,0.298394886970634,0.9462768901877728,-0.9027248938913318,2.5983090514064626,3.9675705532461287,6.552364555962284,2.499656542730496,3.447670055087568,1.0413136175721591,1.5572617668695776,7.671280285998387,-0.9137345170389477,0.8013924257701834,1.257803229810739,3.864760682693053,2.1943005234873976,-0.39629424996113227,2.2419731733506203,0.39872033465422857,1.442408137209386,3.212827104666172,1.1474368719326908,3.1002075388790766,8.463008152496892,8.196087858587715,7.829025411530539,7.137486639550198,5.841229728910898
-2.2040130322932536,-0.7554208088891434,-0.24694016032814828,-1.919555330017527,-1.870440372525359,-1.9652129521677197,0.4921234019199483,0.8329910075979384,-1.582294129692932,0.41130443898454844,5.828854714673646,9.912463354859844,2.7159200085901776,0.8161901002534749,0.5923690861642206,-0.1987085761769327,-1.1418035808280478,-0.6574767469445313,0.9275918086096031,0.7168628419353422,1.6386639011965327,4.912305106913309,-0.5708832648931713,-0.8838587507254789,1.6711058089633866,0.9698209919486516,3.2729205125582657,2.5863728313672882,2.2054465477164373,7.508824227904541,8.8940634108725,8.47725663888533,7.384436576280289,5.973602981851436
-2.900093450311041,-1.9941581463567708,-0.9471337608537351,-2.717846894307873,-1.3539850958495658,-0.042160304337927494,-1.0807810406838751,-0.7351851685390582,2.3231596407957276,5.549051195637364,0.7809803997761449,5.045434085709021,-1.5116377697544465,2.3724701688106475,2.8369764218241813,2.9920242282297322,-0.21210097499072722,1.1707175259088887,3.0770008480354045,-1.1020619804784428,0.9825262460918032,1.3073268388254364,2.206697485402372,2.9406663824522097,-0.22457831027846897,2.334635121826259,2.114580208286362,2.619128026589231,2.1004926335983125,7.507175311290027,9.093228669369354,9.05080147901947,8.198049309069043,6.768820547848821
-3.0973524278581452,-2.909470516291967,-2.0960049495121043,-1.4253003258714356,-2.539786293386764,-1.0353774190691958,0.6863502095527902,-0.5256893788168275,-0.8948972754119054,6.475313486998472,2.3127986714150137,0.4266902791908134,2.1000778326194434,-1.0313410618869572,-0.5678235315774506,-0.31008003462981104,0.7221420395500107,1.8552354666897808,0.9077316547751673,0.3625474562157161,0.8591287192257404,3.045322538223529,1.047386154770206,1.998346752328778,0.7116676086928547,3.1334654486971925,2.255207179531153,3.103090848097745,2.500946968433481,2.396524612571424,3.722383796943167,7.556256510579114,9.079788138832665,8.926154590924853
-2.4517914608205227,-2.273176749775427,-1.9432350353148073,-2.938809942703547,-1.6885299986898903,-1.8089318264686074,1.2833254958330798,1.5213820909134033,0.7316170676274996,2.7501920431983224,2.493289057877735,7.644430778004344,-0.8607517719269866,6.679502829096068,-0.13574854229761216,1.8934076425611892,0.84704532080925,-0.7123005099008693,-0.5795471858675049,-0.45984564891597673,-0.120958545954685,-0.7805667063031819,2.7388909282579195,1.2572329047869333,-0.6936996392358294,0.11563399545900765,1.2701719733131662,1.9434662914677603,1.4091101978827216,1.8841148371991663,2.355197550026006,2.0782210258336917,9.125428651551253,4.100195652886687
-3.809595431327624,-3.1067657097212145,-2.1686226640222563,-2.721778249017008,-3.1583305427426294,-1.4464823641708493,-2.281172696590263,2.27580301038424,-1.7319736349955441,1.1900290874626538,0.8850277681578489,4.756623147739788,2.309274652415491,-0.6114522933238068,2.3801054514975504,1.442771789024097,1.2493964154283643,0.7900013649081289,2.178932186548929,0.06781199661192912,2.063256549180789,0.4091961293836552,2.531253714364984,2.6512023433573426,0.6741629528745355,2.054216611322156,2.378274838346634,2.172459959435433,1.7616672044230564,3.3323070311840692,2.1352240604843304,2.246652777462535,8.747100718633797,9.548680144265171
-5.63356239354678,-4.740264804354927,-3.2282072334095653,-1.9165533812351279,-3.9572330520458197,-2.191354048515446,-1.051795665159641,-1.0515328130180894,2.0080624017979525,0.7491457532576297,5.100762382872197,5.118594720640267,1.5511789840156356,2.4130270732709063,2.0381890520686174,1.0108650862426316,0.4413092402434498,-0.507218265615903,2.2331918336388306,-0.42632161520715284,1.082232771868466,-0.918687509245835,1.8402816401061075,1.1130892911543666,2.6113845691869093,2.463084176631216,2.3374410710324134,2.373772083834578,2.89914121620773,3.183690662059016,2.6701787977008173,3.107038078637083,2.9592458871557756,9.735825882318641
-4.059131548890685,-5.388099910501769,-4.354740122817509,-3.7204486697989565,-3.9679840776677335,-1.8237841397822159,-1.1895276183378363,0.8451845767450002,2.5820968852398294,0.5116374545595637,-1.70085996039134,0.5303316793526303,3.1671176337774507,1.6980844294394903,2.1142347248246565,1.6606215473609698,1.341211440795583,1.56889290298303,1.1063111925523594,2.5955042545997853,1.0054781714712433,1.2528626895287638,1.5696661043268205,-0.013570707976614811,2.9940072535477604,2.5220580764666765,3.2689835313852207,6.183141270188348,3.2911878907721728,3.8598676306177526,3.086499962731096,4.32659239978682,9.150379245010893,10.528056906180256
-6.000582291437617,-4.092599507194858,-0.9391351789008242,-0.32176955563863846,-3.638629876230443,-2.465861508592143,-0.18327292354891755,-0.6086180348182358,3.2617398311292787,-0.9913682152238659,1.1527167012046886,-2.335005594203544,2.5521709735189555,1.9367978119619504,1.271536949289614,2.913578679998201,0.7660975860974693,-0.9311709972376075,-0.7823982712399176,2.0572264882477596,1.0560945242940942,2.524936927683532,0.0685374183618033,1.6060292574165211,2.7293351372927463,2.2150915222350736,5.724920071795037,2.927071289517267,2.6189798629343555,3.1551458237917536,3.449079024205909,3.0822526067037628,9.496148793329285,10.303751777777581
-4.1298060265804155,-4.177441028362452,-2.83029029011501,0.4890318669226607,1.8965583328044526,-2.2333832230482953,-1.4159044335300515,2.5714485285515383,4.28883597278963,1.8381505472288775,1.5316862747473867,0.821268570202772,1.1199801557573845,1.7255308947166568,2.1452371238694683,1.6915853532342453,-0.04488492648726531,-0.2618718591398872,1.4399522972528105,0.34054464826839725,3.330224394886561,4.152682729363946,0.20237345848406282,2.064846170192561,1.8561853203357008,1.8871622608736847,2.5407159067010117,2.7661110141203724,2.8139735079466575,3.4567651330955664,3.7489022801767424,8.725784606478305,9.532036738916927,10.420561563305569
