script/wind350m.json
{"header": {"parameterCategory": 2, "parameterNumber": 2, "lo1": 3.000054539987559, "la1": 64.9999836372058, "dx": 0.5, "dy": 0.25, "nx": 34, "ny": 52, "refTime": "2026-06-23T18:00:00.000Z"}, "data":
[rows 0 to 24 of 52, columns 0 to 33 of 34]
-3.7608885235713605,-3.5474325676735083,-3.431104870847251,-3.5125227623486266,-3.7588998083308995,-3.9036938051290737,-3.760423072049581,-3.8388571571987367,-3.169038958056324,-1.8913399694298099,-1.3213800127996058,-0.3178776485918083,-0.3150093917697305,-0.23540713675237407,0.3393655378555874,0.8640809102073475,1.6052341543056663,1.3451912664561618,1.4948003857555754,1.698135168451896,5.101423880906214,3.7032549303336597,5.6054290286646795,7.310983128855207,7.288109777569611,7.756821851919541,6.361491181059113,7.596223735061563,6.334280857004267,7.30806951952323,6.380190546556603,5.244526099748936,5.512213714780466,4.698813704620214
-4.146967976379462,-4.152129148840124,-4.567483960837236,-5.184594756957599,-5.1106036237682195,-5.295393310011997,-5.119073050422994,-4.612221414478099,-4.107101782229079,-3.5819972332122463,-2.467370890880625,-1.7743470673743238,-1.140743570406881,-0.9692671529402819,-0.5084333605745495,0.5982109513316015,1.1604167329888995,2.3480737001232184,3.6213694955068703,6.338870391797284,4.355747263004568,4.161420218234929,4.658137424743737,8.20405560487656,6.8997455265432395,4.450850062265036,5.873623309752013,5.92079934102017,6.872704333231,8.084913510138982,7.3317087905944875,6.150094079492243,5.00968513056495,5.450116731743036
-4.483472694517057,-5.050409801158762,-5.291613529051078,-5.466548394096871,-5.7366337598895685,-4.055145579229841,-3.7184325427489546,-2.9545670031006765,-2.9559253527221463,-2.307056833642155,-2.562468144565359,-2.332743867278696,-0.1764730280804284,1.1180277558274088,1.5143511652693005,2.6095700629735212,2.9343392689332766,1.9340480673589826,2.637974138390541,3.985965739629147,5.709889507452285,6.357376500927434,6.009251060698743,6.613578531575188,4.7777139586044,3.6742569852527835,4.446757324870793,5.910860345049441,5.760223702696372,6.563047328471396,6.684684558016692,6.06522159861867,5.32831416846266,4.2073037200750925
-5.107644095420579,-3.942671663968429,-3.7122340203539923,-4.38670711698943,-5.150099205148183,-5.977936313745222,-5.6863753755563025,-5.354077334473771,-4.071999731545017,-3.715131265058022,-2.9196381258015145,-2.464167125899204,-1.5318175005477814,-0.7838459770995104,0.048578331955330005,0.18535108524810373,0.36391217669156634,0.8780631753502922,1.6008648739523332,3.0239861252145226,2.70536142519678,4.488483583221063,5.398029763609363,4.9623256226798285,4.332565815168446,4.293378295380687,5.630689283136138,4.714366421903132,5.917810254299852,6.244762475017528,6.463932987058456,6.7724357980418715,5.7800579949990185,2.77125509166259
-4.349146666217828,-4.363762169767279,-4.864330447583366,-6.173928697243574,-6.869130074532352,-6.294636916899631,-6.3669458862733554,-4.960689693822585,-3.962546536492659,-3.8859339781615985,-2.9282066446586037,-1.499330448304842,-1.27233598083885,-1.5703339529199951,-0.5348848497920662,0.2520371201219271,-0.19270422380759242,0.09904453615327834,1.1194320231942192,4.012287505165137,3.4410178730987973,5.824508486704965,3.3781944311681125,4.194354518525937,2.9338868253479533,2.7236147425103874,4.194563632294267,4.667475384678683,5.636192477207159,6.014610117519881,6.213941707156911,6.135648963044206,5.371764647660288,3.648789233848804
-3.494687680695574,-3.0465189868597755,-2.2828878340814276,0.3764585693524435,1.7710359936285918,1.906875073811696,2.3789044284135894,2.8592659182424227,4.796327417113972,2.9279681174188967,-0.3810831932247011,0.2373420148180157,0.7721603696643701,-0.07995335208819956,1.1177702491768418,2.8406784161552983,0.749183729227775,-0.19095220398543467,3.620671856056574,2.0961239610476428,1.5489332302720857,2.4610459540090432,3.9792645265276847,1.9519817635462817,4.316908135140042,4.629233965227369,5.064722109559184,4.809264042634556,4.879085092441259,6.223890043291275,6.143510872042309,5.3525870588479485,5.045987582353142,4.430139144897241
-2.0371340948720404,-2.295713588503388,-0.4289838858516081,1.266490176037058,2.7566473076496565,3.4611906049447767,3.829915440158979,3.897309932532892,3.846420315570597,5.515847355061219,6.040000275280987,4.233376388431277,3.00349389671858,3.0587633011462914,2.2705061079542346,1.4852077338487006,0.2553079763379916,2.702100205379521,5.494053500191553,3.026446008996609,2.4231668931637604,3.2292769037060216,3.2940196746741393,3.6898489709424243,3.9908800766313886,4.660668117090251,5.948085597524305,4.98957071485618,5.711267771568352,6.076666432075609,6.157275696720417,6.009436290545387,6.100442048383326,5.134708371808769
-2.467718743871103,-1.622841247743378,1.2255235962616153,2.168727686313888,3.071277036765634,3.520845515233956,5.285386790356414,5.940433784747097,5.462993287739084,6.1511315109238955,6.26702472440328,2.9852577219818266,4.0304449176023045,6.7018058212173965,4.159766923570497,5.581878209850229,1.1455433380081836,5.739262966680984,6.836079054209652,3.230825372023355,4.807443094614419,2.789262345479774,1.6672183065620836,1.980702263298684,3.364441238157171,3.4714859312639894,4.168026130892264,4.340316311006372,4.45079734999301,5.388960801830289,6.510636352197352,6.22013559448923,6.448696457490451,9.035473944309558
-0.8421435908367707,0.483034485493118,2.630468006846545,1.61836167534002,3.0053861525810297,4.532134670760057,4.41316039139054,7.197713770731418,6.392060047928236,5.5663946988387325,4.02264384703509,2.1015961694994845,5.805848014559619,4.783116556963921,4.009495639489921,3.833830136066901,5.79288088085631,7.544145832608522,3.954946767550375,6.805252213940079,8.031891835885524,4.50812904476774,1.8094763928967763,1.2997202360548739,3.4077519986487776,4.913211479069329,2.973431156263368,1.1075922681463608,2.544809348663621,4.528376572521053,5.816144889436333,5.611382056237407,8.601317795466372,10.355840763202275
1.3212579612556739,0.6793490564178095,1.244533867000952,3.268122869089611,6.474506220026777,8.49241426110644,5.437522523592016,3.747076044743766,5.215311781244923,1.1686154506881694,0.806032585574336,2.8014385651061073,7.556517382604896,5.312959171891603,1.9646780592825492,4.2860790113792655,4.736997870554914,4.8991557563331165,4.747017645132117,4.971403060470478,5.3761542676376175,3.8624118184449725,4.392102914837024,3.742416086326387,3.553311664078986,3.667664180425212,2.3337465326734903,2.195850432385831,2.924409753044406,2.848509350842059,5.277810926494875,6.719283120376981,6.919542576253384,7.870665510673986
1.2379937976594946,0.6560794251094753,3.557374819200577,5.786919461259471,7.315902222144947,5.501428329093016,3.048791033448218,0.9946629047532023,6.221796867906711,2.3356215869245096,6.589474052012518,3.756508054335557,5.767803530580148,8.353028545572277,4.681216564524184,1.4576807049476987,2.8582038795533777,4.040764325271672,4.630231638370882,4.4533831683581395,5.047509140802925,2.600391432779701,6.097909155674649,3.4532487656960353,3.19127629034653,1.2403073995346625,1.6295111965901665,2.500822680883539,1.2455587780552317,1.779374136331465,4.434930209598219,5.060633807187395,5.3048134587319025,5.650479339211058
0.3697971512203479,1.4640155745362264,4.415523731672944,5.12644925740379,5.213238486097643,2.253054793824493,3.689767405695258,1.8426435170925795,-0.07863485723838531,8.305786590660375,6.938366131126636,9.11621057840385,7.777823336553102,6.534158454837449,9.342796394943644,5.873982782282948,5.973513275856586,7.664146411774598,6.380006863791546,6.504477799769053,4.07594798711864,3.716275902629395,0.6935620538075999,2.8272479164194153,0.8617469425662029,1.8556035981749954,3.1201684141962422,2.286951957349089,2.036770023042326,2.9102816131277813,2.724182033285936,2.893807621008513,3.599766312967812,3.5743890230567117
4.37613492703822,3.7208734983220295,4.236261224652565,4.741070197508665,4.173841603507415,4.516825300119556,3.179778322564351,2.4806746473320964,5.700706354334731,4.836660886302076,7.998647702481816,9.898928954411952,7.429433842267441,8.459785194951166,3.6397913793057324,7.7706618837560475,4.524985311928138,6.790025313092439,6.218038303460098,6.009171229985148,6.856522031747847,6.157049800992066,4.591000358013082,1.5357872174746408,1.264392577002072,1.413909537315779,0.14947212864965437,1.3867968499940646,1.2313924467678552,3.1779769661467383,4.022651177692977,3.8279446011280713,2.7708293962645727,1.7066792738307295
6.709764370466361,5.3739669800169665,6.452233086080244,5.134533130731316,3.9062176914839517,6.622780940845621,10.692120025133041,2.097773107896596,9.989013309061392,8.7591663101748,10.938812058279245,12.88802626941034,2.0015620180863642,-2.2953031631208747,3.6994135588205928,2.2689383805512957,4.218743885954067,3.30207670416301,5.700858520339295,4.755942699845072,3.2290281554367573,4.125691349143613,5.006598450929412,5.727897671722321,3.283614726468807,2.7159318518729063,0.39378666412351476,1.141873721274635,0.5009359725475394,1.6847860161744552,2.2112361386488506,2.481364748764439,2.835893199491747,3.1229548251112407
6.856069552622242,5.962876423072611,7.292886472189279,5.269115317463197,2.53436078951727,3.4107936800030756,1.3516153969728297,11.976591006320962,4.687762335269857,5.435182656985241,3.922048697549859,11.602896925102579,12.082729973172848,7.029437491037013,3.792733248471034,6.461992933729834,2.0122199191508883,4.485215278846418,6.043250107275922,6.191450894506059,5.837045983919383,4.976312974061706,6.0186617452901086,7.4140244319683655,3.232809609718214,1.5916974206487604,-0.2220193674919611,3.4083775498275686,0.20366210510126817,1.272176486869247,2.0208797575983763,0.5481036773298834,0.1689402434686863,0.5634170369608554
4.350527693069933,5.742970656706872,7.87736118363826,5.934762080369519,2.044422369693797,3.2797600362242396,6.658754811473321,-0.3403001377685021,4.342223620098392,5.794861225174659,9.299927762159163,10.921543138583212,4.875316333683388,8.881572635610738,5.277171959462428,5.537062884922215,7.481274817746972,3.300334296616827,4.59645321744431,5.014113664856047,6.9210201149131505,5.221705232103052,5.468146570922052,6.258576877949621,4.365165027121139,-0.4872856586240099,3.681786645963349,0.36326366699983403,-1.0610262043552194,1.2773255165083537,1.10627984242329,2.9062942456350505,-0.2952971660536169,-2.934264999404899
4.39001126048452,5.734128766205754,6.7520018521918725,5.481119895632002,0.21049067387801307,4.553322253472163,9.382394783670343,10.137295812343563,0.15654757286456622,11.998223353050408,11.139287920355288,12.606694505760606,5.241929020199156,4.2942011132700655,2.602160507949817,1.239960084262184,2.3928328990728063,-1.3255409783350194,2.0944862089393865,3.8440629634395753,7.410343580139852,6.882586052921871,9.33274453825467,7.760708233436257,4.594983564882711,-0.3363360475942651,3.5435829286195952,3.476186628245845,0.005563478778186502,0.5618316626065838,-0.1382727081428793,1.9197308229322723,2.3968816371193995,-0.037853449923047976
2.8650200338263625,4.5721523672284325,5.886983610810629,5.508207456573746,1.1881685243820623,2.6434735353273746,7.966573633327164,6.0905678771898595,13.554948847252383,16.751794091565074,6.720698038731352,8.801482672384966,3.1767192051227298,7.6547213854143425,5.192179159455274,2.8525898665726825,2.265475553082282,5.607767350641525,3.3994389335851434,2.657712068981634,2.0565312882709965,6.048033512322213,7.671975146038322,5.361274033111195,5.912185675464308,-0.9075983576554781,3.0868884404483663,-0.21376426740271431,0.28115693355998234,-0.3545901667314832,-1.1634132537320558,-0.14841920727459454,2.5228501155352068,2.6999950201094083
5.285165124835242,6.194279747365083,5.896985378605354,4.454296466620578,1.8127293877199764,1.2814051369186692,9.49103461620471,10.360361570102942,4.629719462783752,14.438078340192435,7.484054489934948,6.009029963432805,7.098020603096946,3.7749943857626223,2.8716587695258236,2.755601929787434,3.999835552515893,4.555645571864191,4.9355220075799835,5.219724564058174,6.347800657324838,6.783532709088974,6.819800656851227,6.77108861050517,5.605000149061602,1.9413257073729018,4.50790474177602,-0.22826157570442854,0.24152221655523146,-2.6509036432428075,-2.2043640528595767,-1.3224859741422919,1.5198593158838098,-1.0002648798760287
5.962913617877316,5.863845449349033,5.210782448968209,4.435370744695443,2.004342339745937,2.068413558394747,2.219784301565237,14.632627848621704,14.37325090271847,12.48843541821863,14.585974700798781,14.28208493293903,5.980241220291738,9.467780668442158,1.4138516523540035,3.988704039391682,3.860911535147199,2.8909010408699833,2.723990112739835,4.823774336960782,6.53896655082449,6.74899788153744,6.299352314369224,6.448643063596276,5.967300941870205,5.641629901548585,0.7951290534784967,3.425884116655803,1.5817479656122495,0.3151697176523482,2.0466577575170426,3.900797953972187,3.2348780774234327,5.419048731254314
6.983438893520476,6.587254026831053,6.3429149459643455,4.3295774579658675,2.9316680929765844,0.05142239056680439,2.0106927804373704,8.26591462684895,11.968645680367768,14.985785823753396,12.771389992597427,15.82236901449753,6.598401757227085,6.232949336585987,3.3949670541376857,1.0555815954915575,4.3423150887991335,2.347557495744032,5.804665814836974,6.299201788068274,7.802672246558145,7.7803013039897575,7.675786661576829,6.720732179683569,7.514053602302055,5.980550438686077,4.618071318568973,3.973542545846337,4.089712290162682,4.3470222752461805,2.873781970139638,3.914784528055283,6.7074880358691,6.795710369808549
9.152486286018272,8.174910288679568,7.47538971177949,4.899305137549854,1.926991234988605,0.4349761275539903,1.183993874472552,3.365562930646759,14.035428801072754,7.602010764584606,15.198055982731338,14.89008918384852,4.843805015036383,7.192070951578435,6.2784978351912395,5.351779266366159,6.496913032392863,5.519322748054167,7.867163043800728,5.118918671750481,6.395271047850905,7.611802542725337,7.730372341968335,7.193062384102537,7.171337140368638,7.55262826938228,7.612855270967296,8.758519502797267,8.727724045603917,4.888093021265485,4.348202073858561,4.668042821938389,6.637582116630865,10.347403638965414
10.202609474067813,10.09914443486387,7.6960945185409475,5.531256395206196,1.8155363600808725,-1.3669741942789373,0.3801711426390578,5.208992779538038,13.974626436717681,14.610163212451688,2.110945133459752,6.0563977220635765,4.9081644673200415,7.577022008747327,8.747656953359952,5.115034124399721,7.266759937729783,8.067977683932051,7.540481990036486,6.9544769011056635,6.24665835837705,7.744622475334042,7.745210676938229,6.448763172993273,6.714225146790166,7.298415317912695,7.020432391480117,7.798126116185686,8.502811008146985,5.047318462038264,4.677320517983663,6.52142247138428,9.68444477926742,8.719715843500046
11.031860995724815,9.26565127683752,7.407246371230492,6.429504965930541,1.8226901432496863,0.40210988320319907,1.6703435783715337,6.413544842952418,11.680167039848376,4.441052415227071,6.4931108091288365,2.346640410184854,6.262221760555193,6.8478914374321125,6.6232887554778594,7.200386164012659,6.53684864808766,7.108562518378128,8.362595620751522,6.84591712651651,7.093882358701412,8.0691608997978,10.151162798039303,7.081112589420042,5.87430555295814,7.2977067502492,7.521416248630544,8.088720866020562,7.341540474611252,4.49157010654344,7.251430115754837,9.760184459560907,10.310322561512068,9.877313009356387
11.256152785557235,9.28045401995958,10.35866814735086,6.338492742696352,4.108414912594842,1.223266035127595,-2.425496349215848,10.183720444100617,13.144264901403401,13.485561140394704,11.25820798382579,5.1053343593292375,5.561386864716667,6.278147422761567,8.174242686348045,8.60987671222564,7.211848607204875,6.3493612884063655,9.146644034506842,6.902216273164539,8.45129042664762,9.635237717945717,9.861607866011216,8.953656976713354,6.643254512361147,6.81067486826312,7.266185960238258,7.882777054484334,3.6393182128999113,6.004634351121476,7.505965513386939,9.149334077947021,8.104645521547893,6.915271583528635
