script/wind10m.json
{"header": {"parameterCategory": 2, "parameterNumber": 3, "lo1": 6.000027932988019, "la1": 58.9999434238085, "dx": 0.5, "dy": 0.25, "nx": 22, "ny": 24, "refTime": "2024-08-26T18:00:00.000Z"}, "data":
[rows 0 to 23 of 24, columns 0 to 21 of 22]
0.29028001579329077,1.3380732898077068,-0.5051490155411548,-0.21832819277750334,0.9889738693876894,0.31795572635387725,0.3697349793591894,2.022275593027327,5.07782215897992,7.931299547214552,7.279308158022758,2.6711002417742042,2.287512671547089,2.305410188597559,9.59487474751924,8.896083255932284,3.7583441338064594,2.2501633498653186,2.9859517832455555,2.800688236053435,2.4618468831976936,1.3122011095531825
-0.020489502688426753,1.9768650633498512,2.2326462766783277,1.5886018579818977,1.5640331560774945,1.6163314608811261,1.741645816323607,7.254797141486292,8.184582048537882,8.032796761177352,7.094775048875228,2.5252260983807107,2.6917977126892905,2.689993550585915,6.360214040078662,4.396049717702922,1.846602938586031,2.6431925095499964,2.875086114683684,2.2896478031330303,2.44365863065242,2.174235039511581
0.46666907644935746,0.634467573745061,1.1169770566198007,1.2631186999587483,1.0066147583749494,1.2202564147845136,4.689250806432911,7.54801037300339,6.938904217710207,6.397210956838153,5.860177949439609,2.2903437976912118,1.637083396865525,5.163028327721485,4.1610663134938815,2.9989014621032517,2.546077807774028,3.7742517601797,4.3364597793124275,2.1503745469564923,2.2783425250997023,2.8642063485511375
0.541551199285131,0.8146363487066852,0.7369900195390531,0.8926936160359457,0.9749970183353842,3.641507476179907,5.487370068056098,5.101575009037709,5.080150308960334,4.856770028615621,5.144037888466991,2.8783280238800337,0.9998985267529122,3.2293869023858135,3.546063327311512,3.2671229733237634,2.7072337587462014,7.962701547887995,2.613597181334747,2.3711084555050057,1.7716228589732073,1.677376257794961
1.0948802169310032,1.4203271777031634,0.8580490754971066,0.7853076153720796,2.550835432232381,3.4010983054616024,4.052029540317466,4.025289830217496,4.541925353419596,4.2630987406374885,4.684648631046087,3.490173243940122,2.8097211555565185,3.0658769422309615,2.5086616720342425,1.896008426956431,2.036840053912325,2.6783646343969068,2.2934063060160472,1.9460641350052115,1.6498657807087445,1.8510309258147462
1.312671179806296,1.3547371034024602,1.9806285556788112,2.7476699874662978,3.208728249988517,2.8905032071520065,3.703513669578745,3.0018134000529297,2.7200136219269813,4.1649018763918955,3.7427536706888147,7.894024965511973,4.025179799643022,2.572233239370013,2.7989670382327336,2.888733461088437,2.674686116173424,2.971561040438882,1.9666305739867973,1.52840131867895,1.6226462763962726,2.069037494257474
1.1346873214233306,1.5221060922541148,2.275942669326493,3.4504981998990436,4.221379558844536,4.0428091083375115,2.897893308754132,3.055796659026912,1.7724807822782032,3.1539042211440615,6.482782321364213,5.693570777837677,2.720895130131217,2.3382038719480134,2.6889451933331263,2.32764579396371,2.4783987950519557,1.0795545720427984,1.5319769899432851,1.873898850341181,2.0088995960971294,2.212746821451711
1.147471550325308,3.0825602786845163,4.005258879892735,4.326111333361329,3.6479966690158183,4.071844808369301,5.637048138287486,4.081007751222369,3.10160689422368,2.414967962946483,2.51113923251319,6.797366328152193,7.64124883931889,2.9308665185767353,1.9664675168033063,1.823518350573989,0.8335833396246085,1.3545650704672094,2.061064057570904,1.9156195807999319,1.8234286484727202,3.413588418735495
2.727894212965566,4.203697568175879,4.240678771327512,3.87940945583837,5.7282466536586165,2.0489603421898335,4.230046458615422,3.0314480197436873,2.8612949629283144,4.813519466073396,5.235440730228869,6.951618668796898,7.031640617217057,2.8824292704041317,1.8259075837487877,1.6995352450668229,1.9071092575100432,2.0404594013778365,1.9866390866066808,1.158741285638929,2.4077480871712544,5.118283558366708
3.9335969997750566,4.350335995060127,5.626793894679497,5.915859149005195,4.750437954251937,2.80959996912651,1.7891367689933548,2.4319413074211766,2.7335620131479006,4.386436819584418,5.820794289849587,6.596990102079216,6.876837118051793,5.6068779294857665,2.493795681522898,1.3309117500844627,0.9347920748572263,1.9739484691856213,1.543898074961756,1.9339192331681148,1.961608160572424,6.447452986530836
4.217045850893456,5.464222746781657,4.880883123105224,4.157074463519922,5.260205629571444,2.4438147925438796,3.2578145162702246,2.043470677961108,2.5911882218726996,2.035601940166862,4.716315258326391,7.303101898382316,6.7564954389392975,6.981974671352236,2.9478104287237383,0.4653496560781785,1.9579014816012372,1.7221590448676833,1.440866504467387,1.9752963094685774,1.9795734984793467,4.484956387538524
4.666058604114047,5.598659989471748,4.9051084532910405,5.346362988891725,4.134588271186561,2.0908536031475764,2.657886805676534,2.359322569853155,1.4597846392943568,3.251671185761798,7.388560015749503,7.132883554977248,5.7438690226396725,4.063779653558653,0.631422370633558,1.7058199173681146,1.721709989596973,1.2618554965630604,1.8344643281019632,2.1133677824506485,2.117789437274265,5.139665212084277
4.985505699425529,5.56929540376688,5.0422518210755305,3.706455780173446,3.7838520389236026,2.0579328226699984,2.6623269625219623,1.7979813521520356,2.4765832052888967,6.162061394045805,5.89487155020388,7.510444350951686,2.477969164876301,0.9693228544830218,1.9841775655388656,1.881794499586393,1.2333547804266929,4.15019046446648,5.173470555243522,6.1190964646993775,6.236917049979509,5.86864776828895
4.48617370787084,4.503344592228278,4.476755362778199,4.654398247732466,3.8726722025713975,1.998543875337097,2.4726649916910177,1.8841679906086093,2.435307953815269,5.049774526581739,4.142404919427415,0.5417352439438161,1.585639403913186,0.5283236561107033,3.338925951351084,1.768958116759085,1.6014828265334808,4.837252827219395,6.274183602986844,5.266914854367614,4.53129127554093,3.8346189360833742
4.069133038488334,3.970153247096501,3.358239921452355,3.563758196046768,3.8231918333889463,2.4960063231849072,1.9403948493311056,2.4610719978747744,2.9221728010197285,3.5032974635673315,1.1890045740050752,2.364195140516608,2.4768787496468914,2.9077153776840556,1.7174316202301545,2.24194717469976,2.3418464895104005,4.339873440627755,5.1595527907111185,3.4475595252306133,3.3217089293452835,4.713510891374028
3.1376173606570674,3.252675460853272,3.2562250634631216,3.537426733333909,4.077105719421277,3.125598758189285,1.7613023154014662,2.6953706676263454,2.556620324816873,3.715164278170961,3.1488869993549016,2.5402031504911173,1.7988059907589475,2.1673206308596535,2.671658056114195,4.367895303707993,3.882500802826226,4.9552147161722955,3.4904322411595716,4.606864414966508,4.501654800352994,4.114329991841462
3.5139088477716878,3.9254493629803506,3.1231637468764433,3.7444124868311293,3.8537371281068227,3.5813925624198837,1.9972515351920426,2.3542251240272543,3.297416890223702,3.316667737321869,2.6588249829898944,3.6154561814147423,1.2365019067922645,1.3755522218102314,3.900635641682916,2.734830933328885,3.4147679128816835,2.3715975665488993,1.5430771191014347,2.699482385157732,3.8229511504612312,3.2847095068019065
3.7446535767251476,3.6424157366713747,3.004570544236549,3.5975173774836082,3.9607316329323163,2.3104336373706724,1.7241489394479304,2.0317217602010222,2.3708116817568103,3.709427532955909,3.3988552450920015,0.6287024721065791,0.6528641576043135,1.82236846120875,3.1156171164031563,0.9050190659644523,0.5243594279901229,1.6284629039720568,2.1656752962892707,3.910505452228116,2.5210929958471597,1.5954935939029402
3.4243485983195354,1.9599162121975475,3.975753599935697,5.318203268490512,5.021606227639756,4.367593649116874,2.2406699837264497,1.7730989302853004,3.737208242342653,1.8107275858835166,2.3762746638242565,1.0383160033644394,2.729837987741018,2.594926459684865,-0.10707648485892901,-0.7758946868289072,-0.3058410369795166,2.837419463389376,2.522135416584686,1.9905457207301132,0.6415670228980137,-0.20805418675169568
2.8629304978855523,3.0728859132959196,3.3071080265561457,6.275972955509637,5.6038599881626014,5.018170172482452,2.802436415573937,1.8654259705341507,1.5741712297021788,1.086283902823366,0.5396468825374275,-0.9123033627375678,0.8182864859092561,-0.27750024531787093,0.7305727299791618,-1.1983432083950283,1.7405542856088212,-0.1828671363581596,1.7231936899166511,0.8931175603534856,-1.064052232253234,-0.5744805178774761
2.76390913724748,2.7137237647150263,3.4327541505700174,7.386498679614986,5.685454346241408,4.92584384376416,2.1966096892415847,1.5787979216865453,0.6205184306191353,0.26497169572328333,-0.09300271760770484,0.914141517531474,2.0170244987752284,1.4482153724600761,-0.22013294751640847,-0.7238651797180347,-2.1003023229835103,0.049744337966631365,-0.5497829856301966,-0.057135351034496046,-1.323782759324578,-0.38251898891670416
2.6889696603739566,2.4952150821556445,6.074212904102475,3.242066470777058,3.6460975369835102,2.922272541851715,1.6608405946170564,2.419567574523733,1.1438855472211196,0.3903723919156894,0.157391347615935,0.23019018745514833,1.6487590890958141,0.09692018867504261,-1.2743072746938993,-1.4629809535021845,-0.811508483667277,2.0235736025254343,0.5723147101326903,-0.34130204780356777,0.6456062011045866,0.19520372681005302
4.016277297180245,4.074714621459341,2.7010537312280154,1.6887729177229969,2.3734410183821253,1.8258983981876618,1.0540178087495036,0.9370603989922938,1.3224201736128771,0.3741125790148238,-0.15745910206796693,1.4186409653735683,-0.3163087135473366,-0.5122700326423433,-1.5080814233149245,-1.8549354154346402,1.9231494302888417,1.8494728471127584,-0.018604177717988744,0.23432084131290906,1.053693204121837,0.9823445683514533
1.4879368303880498,1.6630374291164916,2.384427271132205,0.8239111833258879,-0.9728378465694533,1.7588880060933871,1.0763071488373483,0.39331472958248787,0.5409084933860843,-0.3019507627191086,0.716277021809898,-0.10217637081242431,-0.5393351212610007,-1.2190056538622704,-1.1103815174825304,-0.779561813966535,1.533092954229567,0.9338394610197893,1.1713303162313726,-0.5420324768413323,0.8282350517515474,1.2290754279975846
