script/wind250m.json
{"header": {"parameterCategory": 2, "parameterNumber": 2, "lo1": 6.000198445256149, "la1": 58.999992894266676, "dx": 0.5, "dy": 0.25, "nx": 22, "ny": 24, "refTime": "2024-01-26T07:00:00.000Z"}, "data":
[rows 0 to 23 of 24, columns 0 to 21 of 22]
7.621085396753837,6.911642903345723,6.205163580920725,3.3510100216373373,13.816509580026285,10.15892554570492,2.533326320214738,1.5210493050571343,3.9448712887207895,6.54633181429588,-1.973732317916972,-0.8765477070636732,5.388441602890708,-7.322812578233601,-4.755768889190954,1.0006942386419968,3.87284449065668,5.100833788440122,1.0271943425030046,3.1630920526330364,9.850571275975726,-9.407902322814024
0.19346248331172922,6.362255732207775,4.38534451202531,-9.55042987835927,6.84089711780258,4.9268727599653275,13.935703668282835,4.822733741272566,7.935290822821168,0.6358413108177583,-0.7404099487308636,6.846460522794966,5.537520019948263,5.47479268976282,-1.2454942543019305,9.1447148038518,4.917956294900734,1.3600958403760866,0.5312027407620167,4.275219164817165,15.954155046460977,1.7450375212905802
14.1495957529285,5.440006506753756,-0.8952281072549664,-0.8519639695299874,7.309137346548844,-5.383372484790719,-3.2533883630708904,-6.452339724029956,7.313150435909914,15.690262110322434,10.414315474750577,3.1172076275747873,4.885858456213704,1.7313771082329348,4.108278308935397,0.4712487320226031,6.288090370657046,5.296297945255837,4.297083909935143,7.521849136968661,-5.154217542846741,0.8191815287132447
4.162030397108527,4.21604678765697,-1.5609200529263252,-2.771072393599129,12.18087612410903,-2.1246984961337465,5.64087079611208,8.963780168132814,5.330353821005665,15.737591378190942,-3.376340383230646,-2.902086429437145,-2.233390233382331,3.7258152127014603,5.9662350558498645,14.058961004867733,-2.37095045696452,2.1527069261987055,9.340890008213906,4.701216928678826,5.490470150006006,3.2439193120021996
-0.018679567436557038,2.7432174284405355,0.26793947708706667,6.196093395190224,-0.8534155788943198,-2.223363496565982,13.571284440795997,3.384336964122413,9.035316032967417,5.972561718910867,1.8173376711935918,-1.4714636515283601,5.549872742470392,-2.424635027459035,4.018028861780153,8.853608172407275,14.583642988413267,2.943778763746841,15.605201247722134,1.637706606565928,7.505820167085094,4.156405245045409
2.2837836865560384,3.241348175970135,-2.2501862865803486,0.6863715700986639,6.893421984630261,5.810862590362764,5.647778847764189,4.295927441644595,-1.3280324437001436,6.399740679129322,5.142108594871439,4.867889957404584,-1.2521554048692327,-8.853954144507014,-3.8988740765565724,-0.1958160648659542,-0.0720414653877634,4.941218905950399,9.856770030635298,0.4263192954582592,0.9674387922774257,3.255851746956678
4.865588805733595,5.32532247836249,3.063270015584817,-2.05822578948333,0.45358453158868134,0.6892357587728392,5.675261472721304,6.172689446166489,4.302812983330282,5.260012926618536,4.344068962687092,-2.5570424149151085,5.599571576074494,1.3256390653214924,4.685794402243443,3.416213688634008,4.312842028074039,2.551125668203999,1.905643872335086,5.41845699642308,0.19158894612168992,-1.3470909167153537
1.4780361692164832,0.26313059457053467,-1.5051034684029858,7.91198711241845,-1.4171793540910596,14.075365288044146,2.8372522367806745,5.145910829808748,6.061786260898746,-0.1274872065089481,8.845389005084433,5.01244734715686,3.3731243451797233,4.201595218681351,6.7089856648094655,4.468007095348308,2.7914802665010527,8.71885126163317,-1.627260260588432,5.007902762532369,3.5971541687995203,7.303246111350064
4.350135331256287,13.094625927580617,4.57496193093872,-1.5532041144437816,3.950278440946392,5.138931290529676,5.946853972400417,2.241658403098226,5.941873597352716,6.710564072271668,2.19506157695152,5.369276044854977,14.67943044446757,7.764966153237251,-1.2759420780923012,4.747349938869352,2.1731039243408325,13.426093145131613,4.296690454663507,6.198137670257521,3.876605956167573,15.077118435112173
-6.647846673083755,5.3313684952575615,-4.217871016637504,1.2858033300290836,5.4787477844621,-2.4630151892332792,0.3875016082086401,-2.070790159388319,-0.7016370025369264,-4.815148659535731,2.669301007399796,4.667022930423188,-0.6082437971917485,5.249946832724884,2.4740065663268904,8.037178369842678,13.76791040141915,4.060359495911303,-0.5110641117592127,3.0541323549996737,-1.9753899994232431,6.724573946019366
8.083877818971954,-0.44965439472304747,5.934686965341422,4.889953090932632,-4.878510859371581,-0.057363363387332535,1.645410761037662,-1.7674129739779756,2.896119136288467,1.2484958664509127,3.7901471394082957,4.312081211889749,5.6946130477864765,3.3559664502838573,7.979640429199892,5.0249269108291585,6.016095001630274,2.643740880556772,4.543622841696956,2.6165030837433645,3.0975247001623205,15.634818580833956
0.8223406830057619,4.46448490769477,3.847852480355883,-1.6329478393174446,-0.9051193417459685,1.9343348922469576,5.494106315588909,-7.186092774663548,1.2930075815685182,1.6172142010191024,3.6676153507465608,-2.9862163027879802,-1.9468615855403093,0.698031858550163,2.627292934521293,-0.23326896231611907,5.289137795083722,-0.7945262533069325,4.8570060356892455,6.708252002678219,3.3166543289229526,5.75379067382136
0.5561165064917815,-6.9936495470662265,3.8648004156615032,2.1751025157148245,0.13421345745287225,2.8985614669766613,4.1913856648295065,5.5200150088300095,11.684402659450495,4.224642410483329,-1.1879872941629988,12.11400726371292,7.06517860341614,7.433372705691981,11.485929678028052,8.691841939656381,7.115195275837395,5.180116815634264,8.487313225833141,6.890552802755078,-7.333367752269395,-0.12681170337417472
7.793982596983532,4.686227703523296,6.272585157791478,-1.5617025943748353,11.789880665135042,5.667451898270684,7.983510535296003,5.736625198651903,0.3592197102908355,4.36121267141732,2.2544569707171696,2.8447963322165633,5.478534753934082,1.855464016358023,3.3088229301421332,-0.09403243433542442,3.6597808032063988,-3.457252854478386,7.346838429339376,11.815208390849445,5.2706072019107495,-0.6507229045810164
0.0043868744224925755,-1.278085613957715,3.9532239365575736,-3.8043062488032153,-4.509446749132013,2.7077641142642914,-2.098749189644928,6.435864946648035,-0.6897455787335582,0.3124149776055677,3.6047478701846343,3.32668941578628,6.279099236641771,6.703605525993579,2.5337301159522507,-7.830194329267864,5.144196893129279,-2.316512793290909,-2.258308117322551,7.175414061534802,7.742495711544868,-1.1592832724592728
2.702691686898693,5.782245290152739,1.9331776715018116,5.090993283299416,5.27606068724403,2.376607033722005,-5.933171543563515,6.7645705989167055,3.0827943116487853,5.129060533898986,2.39273162467767,0.8850432994838154,2.324119924720265,8.845279330153826,4.931547497474606,-7.376361010284644,-3.748690243588495,4.185141736502726,-0.8577885774219179,11.332302133741988,6.281770151972169,-0.43147840504413815
8.383036296937703,3.8064013722303796,5.0443295670259225,7.310624395763243,-0.06667781243961902,4.767618392459443,16.802586353786026,14.833695268867151,2.2156113753046447,-0.2751807264771487,1.869146528476821,6.6593016913291745,7.958007015641621,0.588799722112562,-0.3576474409483658,0.5717224291733752,-7.165476275960811,5.55472042660776,4.842864495005073,3.1058391622800867,1.9933208575840382,4.983424866935642
6.306548459448592,-4.979764457195965,4.350023392645265,2.936063004349945,4.599033350710741,0.3448689842729832,1.5333193960469502,5.77893370297245,-1.7374483454226723,3.0951930539348043,4.7228525494961255,2.1975753468921213,6.71426773875016,0.9244605654598359,4.181625860757101,4.91149819795245,4.225053779120143,0.07411497344356183,-2.159692938614719,9.758449263191443,5.903601072125707,4.12797027763326
-3.404264497147896,7.812053640611636,-3.6080025328345418,2.858317448330742,14.79322451616247,4.610404059337777,8.415120542928577,-3.4360471279490525,12.835979410923821,2.986549293900176,12.36820181162492,5.165917152699965,4.378778626044187,3.571651885615282,2.449925534331507,9.308512959355491,2.339669779042962,1.1691772820040172,2.0634291466552788,1.571475726908972,4.322935395559364,2.8381958840061476
7.179694695436845,6.835682396011844,1.2874634261026408,3.9138945967384373,6.26072653501405,9.143429777556525,1.3849881062581266,15.90770158775018,-5.51835120680105,0.5732993322343514,-0.827016825512448,7.5413345054436425,-5.52266437206805,1.7711995948916468,-5.631620803541274,4.398768267691896,-1.7773520939718805,2.356860604303115,-0.018659358075641255,2.928449078838267,17.391464534514537,3.3672396738314063
4.2131768712978115,0.043690412627734966,4.820804036169846,0.3358841219958453,-1.909515729926781,13.572038817022014,4.327700455360104,5.22470227029192,4.6675236341286865,7.528218005730273,-3.7304064504314316,1.058560890730187,7.295875887127235,3.468579324849769,3.4287973636556295,3.2659973316411324,6.496329284857406,-2.5750902169829626,9.546670985458748,-4.648632194064334,-0.8180494649611411,4.959230399708568
14.223988085941414,-6.808403282459623,4.757018235764291,0.23933026706398883,6.980524069742372,-0.2784184432702209,4.189506458554572,-2.5538926660905594,2.191626535729079,3.787081968106917,0.5638786462217916,6.235552835091235,-0.8490541505194288,0.48451674951237467,1.9213372773748776,7.123129958967742,3.147682302144198,6.029848409121312,6.668920557617385,6.635961856883677,5.604990035747791,3.4696213770850703
-0.5227193182594789,-5.354785392548455,-0.37729165939330517,-2.810042306512553,5.2014158531667665,11.692011265231672,-2.1640404470975354,-9.008197986692835,-5.794656401480999,7.056510109441908,-6.2352090596355625,2.429501097606655,2.906335257366121,-0.6654782119016166,6.77173824241867,12.306274204183657,7.236106912912619,-0.7133087938150028,12.432309303243,4.3348235401535895,2.4215228727805296,0.7527486539392247
15.179734783553139,16.61009865612507,-7.29712758897465,1.1211463429771695,15.516250741463367,12.816677070249849,5.767196905959961,17.320434518231767,1.1984753250211229,-0.5680606607663261,-3.4313230223223785,2.6449626773293877,-1.8641004189343455,2.488811810894792,-3.8615825022944854,4.6495368624302245,-3.0048695173811395,4.603526891296844,4.210643046171031,1.5794490619117987,7.075000522757308,2.8177031985088927
