script/wind10m.json
{"header": {"parameterCategory": 2, "parameterNumber": 2, "lo1": 3.000054539987559, "la1": 64.9999836372058, "dx": 0.5, "dy": 0.25, "nx": 34, "ny": 52, "refTime": "2026-03-03T18:00:00.000Z"}, "data":
[rows 0 to 24 of 52, columns 0 to 33 of 34]
20.529444888035872,20.39712701262261,20.113815571101,19.6878755357141,20.20553902001519,19.983842863329365,19.414046178058427,18.921507872947306,18.73802113751518,18.642126394741133,18.037716546906086,18.187348028394563,18.324812795404327,17.680707191061757,17.10333822048364,16.169982369137294,12.887832593256798,12.29527310559982,5.911093394906671,9.066638762678492,10.583329797626686,8.57251629419626,8.91586865746598,12.278732533185593,10.205318710855805,4.423293984947665,3.4460119101866264,3.8852283033994968,3.348477284796648,3.5450311148761733,2.752029531126283,2.2552671028808837,1.4513566565235887,2.5001899731712203
20.533166573165737,20.58001559999207,20.593252022303734,20.50266188213139,20.294039771423098,20.130600333991346,19.719795954639615,19.447381545932185,18.85688706541998,18.709438880846463,18.67065967737545,18.596776923148365,18.153821976793658,18.193652593036582,17.127738728660425,16.744306960629455,15.434761087273612,11.899425772301202,8.225508934547019,13.946377283118881,5.134404226516374,6.465491170204428,5.019152916574842,13.439034741353694,4.53580466575846,4.1472475804183375,4.310199861596156,3.4236761116089003,2.4452539150727817,4.109647636304758,3.5840413124257453,3.06922782161709,2.351594331939041,2.7046912722265075
20.117749749978444,20.12906965435465,20.157702490279217,20.272607530880762,20.2021991297494,20.001406552729364,19.520376131831153,19.021693033306654,18.986456851083453,18.51371004732486,18.40639932390975,18.7080117872005,18.114339046641717,17.946586372105813,16.95636917740634,16.608373629248973,9.57358535448022,4.556682845374676,6.053197370192527,6.0107451175533475,11.016635950814454,6.636660652373384,6.498240502134921,8.709094322061045,5.1103990388020755,3.2041541482701974,2.6248134771742326,3.6049524226249567,2.6931975644396124,2.7823927181585315,4.406273677829465,3.3252259927985173,2.6644808687953647,2.305970272850574
19.474385009169392,19.595828497441037,19.738964538599557,19.743832649150885,19.697009049624068,19.530648336149493,19.1781664437467,18.946381399359733,18.875184963851414,18.803051271617658,18.817635978369815,18.406695812844596,18.346031779234405,17.68708846539589,16.22456932994805,12.256771579111797,5.97192997039457,5.545593078793254,9.133220839559826,4.762388518826203,11.290510173511239,12.33252553701079,12.266181836786165,7.004232029431401,3.466778507382396,2.9765489861063132,3.5705798853637276,2.859076589779409,2.53231848936755,2.4230439594562463,3.580390035297127,4.428585523677526,3.394984072639264,2.9269603609064663
18.999865241255584,19.363945716401506,19.565214421572048,19.54238959534379,19.134375725820952,18.89766548855324,18.57739986326908,18.36931474799726,18.45435176100978,18.409379566759267,18.464542870780985,18.091501592387196,17.892447960717625,16.4725335005084,11.252669337168697,9.876545030115528,7.106343080511609,5.606822998720733,7.713788702182941,14.245763495098128,12.002449969892238,17.72512688212231,6.178030942311786,7.38306036074216,4.768798638957042,3.7036905510969564,4.068974204636552,2.047036917213097,3.7461952048876497,3.2864578050290882,3.737317230746657,3.3339111332772107,4.051518862526408,3.5904888975724094
18.632818990866983,18.810477042516386,18.85493944078177,18.870688304427393,18.579261536960882,18.58347880081121,18.216008961975135,18.0096325138036,18.04734382652403,18.02860027675046,17.913702137857793,18.230463942765873,16.089162678996875,16.313020965839453,8.19123701597011,7.710695371539796,7.034225852568399,7.83144004455641,11.806089003565782,9.985568351711274,5.825560123110117,8.799552448640187,6.902281378463397,3.3992821524252244,3.5832725232654883,3.395012569889991,4.126237262177993,3.663303352859527,2.0226501251756064,4.0457706129176385,3.9072918592743293,2.3665864952034306,3.4311948729908632,3.1780415188717663
17.505578331503976,17.60828778108119,18.110469813406343,18.11579559301265,17.985004112853673,17.952112730176523,17.820791534844027,17.585427419265724,17.455542548305772,17.49439758124735,16.043880674911332,12.894054816018494,14.368926410720027,9.05197787262944,8.211744573767175,12.750557528766901,3.6438261535093304,5.777019262586153,14.309001026939331,10.319436523887001,4.933881110728408,4.934478296883222,3.1369458930464686,5.101993095682659,3.4598756062876466,3.6554295999443576,4.749845765267422,4.105337947070116,2.6944456577453084,4.1198822396815045,3.4027913932145393,3.8031266732812115,3.4436908502058747,4.208436994843687
16.54469647220354,16.793480432525943,17.049533270489345,17.200121097224788,17.026305753809996,16.853789731244376,16.686418538476605,16.71762023708164,16.542029492048766,16.90774450050295,17.607141901035046,5.327885222723397,4.2413953451760715,12.851039407619593,3.918491961351812,3.8373731890596092,3.128876165335349,8.65717592219759,10.503261870126089,6.679950702803736,10.052542260046641,6.591168497847642,5.362952690771055,3.853945509066165,2.6444732197280834,3.075900044714083,3.4422867893182683,4.8348740188491846,2.841316852904566,3.7718505895406595,4.338384752476501,3.445409185764677,3.5797181980724435,6.2925751903963905
15.759794014794567,16.04940098996193,16.150051843336897,16.06076124858366,15.64712833748643,15.72912397403973,15.826358819964447,15.85868712102186,15.530011180366623,7.226512411978079,6.338670301655532,4.29518754366835,5.818730339431863,8.471028072245556,8.83591414958299,4.650478935502377,8.047536991591256,10.435596208350248,7.154534195619603,11.040508510615336,15.652841735874985,8.63147913881785,5.765910194681253,1.7624457292977245,3.331938148636353,3.4011930480587433,4.4211486098204675,3.2450525911844768,3.6872934365710144,4.270656551770939,4.461512577947263,4.393184149125263,5.263334021257605,6.802498376296899
15.26227960915415,15.141030095107109,14.908731174263323,14.750246603223227,14.404407837153958,14.372703451311228,13.774958976625166,12.289188836925126,6.881547945930088,3.8131653992455394,5.915672185691047,2.5077791901873927,13.952531697506155,10.370631527032169,3.146675790004517,9.726009657262534,6.056193432799912,6.679753754990291,6.882155672032589,7.981596365758747,7.0457357467943025,5.758706215436571,3.0422700562399725,3.503370526910663,2.61855432599747,2.747036586401513,3.5279932684653192,3.4798047262452587,2.9091819119567024,2.8412215159534,3.828006064319427,5.274622651741571,7.867366466653154,8.607222691034352
14.627810138054937,14.559399553687186,14.203862425601761,13.372236317699295,13.011361005777875,12.758949990938067,12.036487315697189,7.168099108223597,11.056372109393674,-1.5612489491766595,13.7508786827129,8.626803416747542,7.710925153546442,14.261941809523806,11.51110777926062,5.095826814966123,2.2109260439379623,3.203106136721304,7.46852418063085,4.925060342315861,6.777465298796061,5.114391372892442,6.648565004513511,2.349736688750929,2.064246122205076,1.8317704990100767,3.995424494431518,3.003889653346179,3.7127527381083785,2.475042811720969,4.639382768223401,6.789703339482103,9.205823147764434,9.628202441454476
12.948533640734407,12.741399487900127,12.469171468615627,11.790038012417298,11.036969983913774,5.458004776738951,3.5242981213495503,1.2088190383505055,-1.6110554835037147,5.796765441654076,8.068710509152083,15.284976466827064,12.135974115795605,8.852356675540522,6.535299777383197,2.584504488473847,3.7049465270686177,8.178440760360363,4.878022075043663,6.304937776522157,4.65301433314747,3.809475497112507,2.2493083657952866,3.5042721425300254,1.64202538249225,2.556192725606861,2.6964044436489565,3.0870784798638558,3.087637271865779,3.093449418303151,5.36740004312215,7.595005144750818,9.293691498920195,9.29407151664253
12.783104555407386,12.788092627879834,10.133486068046372,9.213454748133866,5.649064810771848,3.7073477129830823,2.189692108703911,3.176840236763506,4.090680372068411,11.072456477517541,12.560830335415481,13.786889146306956,12.812026792001365,7.558545374922871,2.255377424249096,6.548426203590148,4.1382546661756106,6.062781605037113,4.477650109528032,2.440112041398625,4.401915961222388,3.374069198242556,3.797626907973756,3.171890498365362,3.1662417230449584,2.3642540122537308,1.854054579264701,3.3536898133968536,3.875887382514393,5.862680497317387,5.585887545726909,7.630635740896986,8.340302027385635,8.296205392555919
13.115715176380526,11.26707089363091,9.634073980194048,7.800182975049186,4.742803932404623,11.620656659125252,9.869155458383098,-0.26453779874017913,1.8554062687923563,11.238747142433379,16.08182404570817,10.849917410915872,2.5919965823726803,-0.5267890217327834,7.386516881852652,3.8505319462151606,3.9582085101671747,5.853106719236681,5.6528246131637925,4.1197440753708845,2.3924769945784807,4.841199273484274,4.314893693625599,3.7939722339126254,2.5501168279784143,2.830456385795912,3.4875736653999243,3.5552612021898873,3.912815463965645,5.418622669372061,7.724406101270365,6.058434816700328,7.194475218210994,7.291613771490234
12.98962699407918,12.467123770119931,11.148144536439732,7.145610994801043,5.136750431254023,3.549417907816366,2.804109426432171,13.26633933453293,6.866402266586623,9.156989261660794,6.438549545555667,15.123572740370097,9.099357884442576,5.0106837848038275,2.667623120024173,2.609079641901988,2.017325078196239,2.885462185576445,2.2473311584429143,0.9357669587479225,0.09265096409398152,3.075850056053559,2.96612753772994,4.269381346014492,2.2147769418286187,2.1814597408632825,1.6591918059361366,2.894799480831549,2.604592691229283,6.683024165688341,7.9034897620193725,7.013074157538932,5.967404111087866,6.580455662472473
11.983141581242045,12.307537004673362,11.775235874332129,9.947075215611337,4.317257437996088,3.6932414317877567,7.647281368469298,2.8849498924104853,3.0442706622179836,6.275977099767919,10.977693272016342,14.153333584074822,8.245305801684353,6.95416410375677,2.413486063445091,2.3303819873820326,6.401757882676592,0.4971853175010742,3.308925357309304,2.610748420506705,5.988824820692892,3.64309505370475,-0.5007785510058728,3.2908111305576715,1.5768768794259915,2.9101700376427004,3.8413379171643944,3.764757770041768,3.2305503348531244,6.688101746639329,7.718020246619016,9.361039161274595,5.947072519173863,5.469574946591325
12.746944538571071,11.312547929692574,11.562086788996854,11.110177687252742,2.913016394439747,4.749477179980608,11.00578855568482,4.624759700868012,-2.854620506392977,5.2026943089850874,14.564754172666266,13.3322199180301,4.316679432912508,1.848036258449166,0.4028127940586629,-0.7832519427551293,1.3115423155556263,-0.3905498415151597,4.115084547971994,0.6048972884722356,3.7206833290967536,5.660018142073555,2.5725985011240984,3.0792496501913647,2.663016170047422,2.043641417302534,3.709383393999044,3.280100992381498,3.0303788987993334,7.086081500531718,8.713605110118682,9.118337042431033,10.066678796990578,4.755776127035762
11.301657106922857,11.124047429821305,10.627524163093398,9.738398049477224,4.191860766083323,4.173262236064381,8.398863596237396,2.154306603956217,13.153145632064009,14.082843789033822,10.741672263254202,12.865469666247705,4.6976740777089585,6.620299311808728,1.6522224376758456,2.7258871987312876,4.433630808165897,2.395428527260204,1.8857638880022012,2.11523077775727,2.694497585257343,1.9425819624571299,3.0578408304611635,3.7222647998888627,1.3208769828176856,2.1675984909188584,2.248283495513557,2.9207679440315015,2.8424099436553285,6.711570018199727,8.494920654113816,9.27689703278079,9.229026133513333,10.198785462523762
10.856495049359422,10.771962073329298,9.835638622766156,7.650688847964359,5.902652014384257,2.243287805849794,13.16572573446248,5.424806965143109,3.9129988291733335,15.04836637468659,12.464015495451072,7.934595159573987,6.057513348492559,-0.39450224130775713,2.8126217968438265,1.3718047049800028,1.8503862412325978,1.1064176071467384,-1.6088827336289175,2.7432213732555626,1.833369830218316,3.305344880362289,2.755476644087491,2.41054108103972,1.2547046618229827,3.1053620704792944,2.8464110359651196,3.542884806359682,2.704676734748289,3.0970978879090936,4.079850919718679,8.203080651845003,8.240943027149502,9.149919767679336
9.647536826404401,10.08847205929442,5.490952379894161,9.990931130057799,3.816533030087078,3.5803503756313737,0.09460600614578715,14.153953083586611,16.288508502373293,14.39948074131851,13.470301092094934,14.512632607808957,4.253876898631359,10.575648234833828,1.599979132053161,1.2192381864076054,2.946744749167635,1.825011197491306,4.130912469036324,2.0221313462374466,2.3751883918468772,1.11168335070169,3.267992896810462,2.355652605808452,2.632550459780923,2.371044208971162,2.7938912323655174,2.164540955808252,2.175517494197572,2.5453598499509122,3.1198161223790386,3.321389310546388,8.299115982622528,5.308363130769267
8.763331765253966,9.945135973405609,9.559685060702977,9.509858929037154,9.575873747228732,1.9051680786728384,-0.898213057304355,3.4363651403040016,14.823580046867084,10.398164552284374,10.754703416030873,12.156149161181936,5.629454459705705,-0.5346212356573379,2.033332862077284,1.8237287131852875,2.37636583325276,2.4248581968465452,3.233614330711887,1.4735575329644006,3.528209068696853,1.2472726468507926,2.815556529517092,2.852040828909216,1.8252046493745309,3.146158909851137,2.318575183408813,2.375534510860187,2.215696707629054,4.00574967165767,4.004809265962218,3.253157510262652,7.8791781757157695,8.714352209686151
8.976044233455836,10.002234975144276,9.543256851419452,9.756686306763715,7.444221731221879,2.929451373609301,3.052131941878125,4.794919866291101,12.939997529929324,7.020644241514503,15.368197344833016,10.517477114527534,0.4286389837908078,3.422954940378074,3.2502377220156435,1.1144637829119266,2.100543548718549,2.1815994985369906,2.7236329216053905,1.9973302197494547,2.8659988615284937,1.1436500298244723,2.6055406679831434,3.010962048574083,3.877278441533751,2.4039771795710956,2.443492961772012,2.915441550249682,4.127042930929578,4.9279044606567295,3.9779396709887194,4.508537971567128,3.799713951487544,8.537570292124794
9.38906877003391,9.398868502905387,9.603099024743772,8.97830696217461,6.770520398562396,2.700160411144979,2.0242194498487134,6.69268126959179,18.21468679586531,10.737335173085144,3.1657099161184536,5.406056246907224,3.2250755502106707,1.9399531974350037,2.3957510859902165,4.842206500048495,2.201726903938105,3.304641668230679,2.5526601986892126,3.4916586075708858,2.076895708679571,2.2319381187987513,2.3755528378901962,2.0578963942284187,4.033587144287736,3.052542087470518,3.548257529100307,5.306877688946489,4.023602247382306,4.5843924975583406,4.51970054296223,5.399479578253273,7.706778054638717,8.633244916031167
9.753074365105133,10.331888897298468,9.632946527105696,8.642970211702497,7.449456282881995,4.212208868281692,2.4649829874094813,8.970877818193314,15.076194113165524,4.30922005471248,3.286663549594009,-0.5344625154860083,0.99181816483287,1.6631350977629074,1.543308091882313,6.250820528993895,3.562354661786716,2.4354475374620437,2.5217685553892912,3.0280484118510014,2.4430532835656193,4.578874897655028,4.11669159880872,2.5925124904098005,3.8821637592036478,3.8232041234699277,5.60887854011363,4.312516159107036,3.533606156325147,4.087762914084786,5.1384551598582275,3.6606816127797006,6.969848002635898,7.794205978222168
9.508881556131453,11.233327271161752,10.610595715311458,9.432273543709414,6.552184586070488,6.44621682978015,2.284610699055727,12.350557219738958,12.380149616438782,4.047281007156842,6.4812363974072555,2.6458790282619504,0.5396454022444394,2.1845695575102413,3.1478517209243413,9.826288428492187,7.967471363694881,2.576899403530628,3.137144344334601,2.7139112231398235,6.457671258376164,6.746506784808716,3.7888856240720306,3.434711004236001,3.453353389112003,3.5457412364494707,4.041657352627388,3.5314091115294626,3.088175429082983,3.782235302448029,3.7957698109934395,7.330705728944036,7.8193915650844845,9.3976733540929
