script/wind10m.json
{"header": {"parameterCategory": 2, "parameterNumber": 3, "lo1": 3.000054539987559, "la1": 64.9999836372058, "dx": 0.5, "dy": 0.25, "nx": 34, "ny": 52, "refTime": "2025-01-18T17:00:00.000Z"}, "data":
[rows 24 to 47 of 52, columns 0 to 33 of 34]
8.974412831184493,8.539066284397903,8.256999893358987,8.069019003148954,8.060771511814375,7.448090326012345,0.059035040121706586,1.8579638877303362,2.717537728544917,-0.46132214601519417,0.34068580470689763,-0.7422575079755729,1.5953322891924742,1.8827838056323083,2.9818147133194346,6.275861914663085,5.263941086182206,2.4198921344877844,1.658493206779706,1.4212438458856078,5.694515528707417,3.3504644673882393,1.9769438074240293,1.3772764610680643,1.5609575259917559,1.0203097908977357,0.7867589488637801,0.6637676461020301,0.2608589344677816,-0.13090258630152016,-0.19941222653029286,-0.0971449747171204,0.08640068916905479,-1.379442341100541
8.735149840451825,8.569061872898347,8.114274266977922,7.234871827976773,7.240945533459021,6.011435525119234,3.429548058031938,1.233431232367114,0.8578466224822687,0.37158244605388724,1.444768207637622,1.0467229690350321,1.5695879107471933,8.38010904996807,8.630754282415133,8.035884659281185,6.101693760409075,2.2489719084181647,2.1160800812894447,1.985891311881909,5.386289987237976,4.482476541045933,1.4853513249897483,1.4070847061589467,1.155246236921353,0.8688020912768766,1.0179748276204224,0.6095969634775862,-0.5040762599875052,-0.6886580719055121,-1.5547773464643306,-1.4787984825688296,-1.1098233723321773,-2.0554731795336743
8.628210795265712,8.333402141539011,7.8642320831583605,7.35120208867048,6.518382727248645,5.342470839049568,2.028159059192182,0.8074198883145659,0.6560057865333985,1.4998563442390662,1.059839766560394,2.021454351896763,7.109576733311364,9.446937065968205,8.340053305252406,7.971907173789942,6.89241091114608,2.0766422868078265,1.5677826399258035,5.071305102409066,3.2585759469817903,2.5639283617345456,1.7372458280683634,3.0897359461865577,1.571291345956606,0.6207101265294946,0.8064729622639196,-0.1302113083400854,-0.3449447624870097,-1.8689309534506715,-2.4375689648194503,-2.329176747818442,-1.9286804829315152,-2.00821583907535
8.56111395122099,8.405030160549046,7.961610796447192,7.358280599866138,6.828189538884713,5.866707445338893,3.6713346572792784,1.8316597298159079,0.6289999110721408,1.2633162937049274,1.232314481596808,4.2438112017313285,6.594832633704033,7.070646048375373,6.4086046935765015,6.801329704978234,6.226919290004685,3.181877850389423,1.917759423267143,2.105470215185454,3.5316753527374685,1.8932086662642231,1.552726164363813,5.795311781747216,1.2787989450199575,0.7457520285363248,0.17320689621738777,-0.3958093411647176,-0.5090463973914998,-1.7780364035827512,-2.0878182775532736,-2.3150537937774187,-3.0633508516536803,-2.4073035334205692
8.482933059406339,8.211179742147216,7.805593758830931,7.402609302204353,6.916982215126489,6.438017746503951,5.211317973979889,3.6933205554530986,1.8767599238708108,1.246355314272175,3.083530462146715,4.075885834945282,4.561373874759745,6.1203394457021485,5.157589027572888,5.037739201003916,5.476660221163145,4.034013673785318,1.7676922464973444,1.86569898774091,1.980550134031796,2.0465656748061076,1.0202495004783123,0.9952973357893347,1.2511735063072644,0.4197972174844053,0.05445160888846844,0.010070975589064075,-0.4505969947015452,-0.025371280682193298,-0.8635275628069493,-2.4281333645884593,-3.119848610699994,-3.127901329807581
8.36262034134901,8.034209456730718,7.87715220173107,7.30559084217779,6.786547173198568,6.159198452382501,5.496353059423751,4.687372772797671,3.827051820206931,3.5779113280972803,3.9861118666672284,4.155581002446491,4.360694007253526,5.341774892788068,5.870310389627462,4.915306034629801,4.314368685823066,4.060648798415697,2.302414961418959,1.6654961729647693,1.9409262862803887,1.6953690240946346,1.3281625386282956,1.0957890103331784,0.9705093141265095,0.6105065443496936,0.23041758634568724,-0.03829777823952815,-0.27507185710879517,0.06744853530583202,-0.3764808634154639,-0.3536572388880695,-0.8441851697493643,-1.6321950763372948
8.518007750317382,8.182008234556886,7.788571959671647,7.424371216250239,6.800734101543213,6.343529966012799,5.806753101542124,5.321806729987382,5.04551994673645,4.367287351214585,4.2453797326533085,4.229010315315006,4.304333311224611,4.886655259300012,3.07796251629711,3.0392468070271668,2.9342555994951707,3.5813644850349164,1.0273471010145507,1.2040033083714494,1.0878531635057729,0.878114966072293,0.6078846644234691,0.41015866602274137,0.2930527259053809,0.01883668034066438,-0.07713863491888082,-0.25895594559529217,1.1089645976315106,0.9084925592043419,0.24123183982728955,0.9851901484631722,-0.25678516226530684,-1.9922157055626006
8.576393868941071,8.03245188359141,7.572166961087491,7.252145335165297,6.97803091357973,6.523466491202679,6.2025518421788455,5.836141402826459,5.4617019915421405,4.921329900387896,4.703510558330998,4.662582179393668,4.3144647800053475,4.161645849016011,2.6691011670101297,1.4589842879203785,1.018564459227524,3.0453835648220364,2.533254447546147,1.0775002104170124,0.8906034708096401,0.8622925246938753,0.4137594303252983,0.2120919344654139,0.08391259297178032,-0.3170130275739746,-0.35644090199916284,-0.8486393785905232,0.008943923462918573,0.7590156966683903,0.683725004146824,0.6601537638400591,-1.276545651070719,-2.0188777804400275
8.32803724458397,7.801528412451902,7.37274457449358,7.162917139077909,6.91292713829498,6.673022387255938,6.441064296476326,6.117745225968605,5.6417681765308565,5.278473264167494,5.521738836682253,1.9196370766212187,3.324142376490073,2.6654597193035836,1.425435080219196,1.4632563977437854,2.2738605541643517,1.9208530601574674,1.337344706413701,-0.0892550852619272,0.29002135206449325,0.4167089702543835,0.9669985302349328,-0.37140848273773375,-0.5415138028127287,-0.5504299711298876,-0.6270513266966631,-0.8416452559275199,-0.8549392149464594,0.25898457679345765,0.9570468103010933,-0.4775554467724095,-1.4772147668805022,-2.269877647225225
8.30765313398591,7.612615282173991,7.330250825942034,7.2948899153582625,7.003677654399687,6.736301781818941,6.584326247517275,6.430537150656241,5.819025868855979,5.549691602945925,5.469639116856673,3.705199653953502,2.7452125866383694,1.925745948899693,1.4158541365052817,1.5898482955464055,1.709433303232849,0.1643078010133425,-0.01107301950940784,-0.3214020505345002,-0.1878265895081234,-0.10942781639688257,0.21607816755647855,-0.8749910063314764,-1.36884866197021,-1.1770119895614248,-0.8820863482124667,0.06063984369753956,0.4643360549759612,1.302242175042129,1.5573804146947436,0.3481745206033612,0.39040309186193217,-0.9943768139841408
8.172558263193046,7.768987293339291,7.568876478424066,7.297275275064615,6.953092783131979,6.670047658044539,6.540910377573456,6.389478680226696,5.848367660384257,5.457038507069271,4.993547950284886,2.74942050059571,1.8755239074963623,1.5102854952689042,1.169982802770825,0.9017832204216771,0.906895586064491,1.0180407740046555,1.942247807851412,1.736656064289783,-0.20689660689562514,-0.7432677683232791,-0.8332903536217642,-1.0887699236654589,-2.1519870161609087,-1.4939266432393343,-0.5108656315057057,-0.1086338192645178,1.3720865257281791,2.175785720236721,1.7811293597810811,2.0387717292850325,1.2704873328633894,-0.2219469969862679
8.096766819347812,8.003267031976026,7.535070425823338,7.381042361328618,6.92466533435684,6.661945935192435,6.404517594920126,6.238632760322113,5.7679331501127615,5.220606059361762,4.312567986141236,1.9843516601873026,2.0307158964939678,1.1132800262401041,0.5264497545360959,1.2602445777374573,1.5027870933136034,2.146843358082339,1.6325794888378045,0.6142907280510012,-0.59322894941118,-0.7937866954001763,-0.9005305549672663,-1.1289474257143006,-1.856459934125762,-1.8346668279832892,-0.011566142702704403,1.3990590154099354,1.8927746049589944,2.302790673930719,1.7694249354457772,0.8067627662908033,-0.02327885325654174,-0.5509811108404953
8.21649370263095,8.077336224145427,7.745089667800808,7.542598671787105,7.269635579716468,6.640760397192264,6.315019718457622,6.029896853671663,5.473030201827119,4.905265565392937,4.421618651346066,2.500822820622068,1.3167923824276457,0.8148330691428524,0.8930437124819606,1.6194499549930268,2.263100206540616,2.4214109987760564,0.572985495570077,-0.2342986615731223,-0.5842068964875266,-0.5744457058196062,-0.4132366386111877,-1.2781818287950648,-0.2219746453290817,-0.6897515391256779,-0.1070369959354159,0.5339842386792065,0.8253196289524101,1.3939678152915247,1.249811888394946,1.2108531635777555,-0.41663256791658776,-1.0174997328429294
8.3535654665103,7.653042153773182,7.817444736881825,7.514142669451241,6.901410558790752,6.653073912337881,6.278806066526682,5.71730791700144,4.988237524219642,4.597780786548368,3.9566027342019727,2.1427429094479438,1.5624051249830115,0.9617511936501629,1.3173791171750153,2.022721527718997,1.269431345310466,0.5624719901541282,-0.023241478348622356,-0.48795018801283285,-0.05521294018350175,0.02476945690927522,0.30367968715179006,1.2066058587460629,0.5967819647238228,-0.5395064989278885,-0.9365113973960821,-1.1172742242689457,-0.9713693125669342,-0.3921421841073275,0.48474192885381856,0.07279539680760458,-1.2138797185025787,-2.1570746874794136
7.818166324030001,7.602484573112918,7.3791172598295525,6.713617611799438,6.459901022467786,6.257055003893917,5.864672055395045,5.473277966301964,4.6896597455644065,4.22789721153861,3.892613920182872,2.0273942387928403,1.372049942458489,1.0742254640488893,1.4424518858042943,1.1264103691186147,1.5899282250637534,0.674209621893168,0.44718524317670033,1.0748865613568488,0.7285939859872071,0.44863748986042096,1.1476570752594555,2.2606267434418146,0.13843327714132309,-0.6075527312577088,-0.9361382299852796,-1.0695530059401035,-1.16689955915326,-1.0453964771116548,-0.9044571635465041,-1.0149065268005584,-1.5556363869458008,-1.3020826000219197
7.486699518256209,7.293683536609572,6.778741788455963,6.093753517885263,5.938668046879005,5.600070141781424,5.208657163004414,4.878853718930587,4.75463946121257,4.452467255010321,3.6880970769888513,2.528431357572135,1.0633250964633059,1.1203568813698699,1.3102009651715536,0.901801265349397,2.656433609589808,0.8061784032728772,0.869728684922677,2.228173790800747,1.553716515646139,1.6965160190273818,1.6199651916224471,0.4425913176583961,1.0848717632977796,-0.3025434052137662,-1.2247287109361915,-1.2215026056956735,-1.1091692916982674,-0.6297169505136033,-1.387870839491983,-2.1200707896772832,-1.754856799165037,-1.6055102525789677
7.430426436780002,7.110080662772427,6.035736839149589,5.576863714290964,5.110235356765389,4.648522651160473,4.756677628789862,4.781971233155254,4.9472674179809095,4.585035539928261,3.869592123054351,2.944889097428221,1.4328901519075505,1.1875102953185042,1.7893927865050465,1.6358991097263231,1.5541528417016388,1.2394170004237592,0.7320785787405281,1.4404263070384469,0.876603233307649,0.7839571041688134,0.4579642846289237,0.34006506964709626,-0.858638380730261,-0.00036866674913435803,-0.5119449337461061,-0.7209106324265258,-0.701618402912844,-0.02349420377100183,-0.24886023123474285,-1.2100544945236305,-1.8734643600268648,-1.720504033688578
7.1365318949639525,6.377574153860121,5.588083266285666,4.994464677579736,4.360543452560511,4.598821699777021,4.629337746183072,4.73112543793056,4.846715606526816,4.173755584445651,3.811714611635772,2.461083419064548,1.3832363327811736,1.5814042882904276,1.7288459545386008,1.9420999900377425,0.9446371554193462,0.832482366308228,0.7825580988516937,2.836764415967209,2.8205196277301514,2.096430773614051,0.7894318665316645,-1.0584489493007148,-1.636297877123948,-1.5229482278561213,-0.44931502031577636,-0.10708655553758147,1.1924063527124953,0.6681261613074407,-0.695327081728429,1.6747913590266588,-0.23185283782246882,-2.4327071262882876
6.585555988756306,5.953784381845734,4.984843883727812,4.12413616715057,4.079862508036963,4.462551165244705,3.9352856610640994,4.106802635472834,4.188605740022024,3.892134933301039,4.016197366457132,2.9208681041583917,1.8608328422922986,1.337908967176113,1.714802034513492,1.0923806742843343,1.8283096555478031,0.8134377801799,2.0022348201491433,3.2281116121815643,3.07824981316954,0.719311621276514,1.2830509103362064,-0.5045115332572296,-1.4887944856063018,-1.3174251108818864,0.422231989127558,1.2596206650414643,0.6586488643719591,1.9897289204187643,0.03691863065949947,-0.6767681061818548,-0.6775224206057254,-0.7655538160364397
5.873342471367924,5.0962920155095,4.305650599990035,3.4167007582434,3.7882540826272186,4.135032771490464,3.8332295086985733,3.6314321803692704,3.2478842793274034,3.2837798501230133,3.228663380140649,2.8665628209148517,1.3688733872575949,1.4322016186021334,1.4246990629610288,1.2649831015444424,1.0004412899204163,2.952677146415804,2.3904481748058166,1.2714238552298005,0.9888222003161687,1.7041919944968333,0.8527068284055793,-0.2392372188268089,-0.32877237919323665,0.3229645021812208,1.333250433884974,1.7128374929370715,-0.04049099509904128,0.12162740254865656,0.032136046308911405,0.5604563548118819,1.516438901925359,-0.08157179580963533
4.549834938147093,3.7302331689070582,3.122939955464724,2.573239655030719,2.908144858073243,3.73880062013875,3.632835065748211,2.942593823516748,3.3588566782035905,2.4951252961930366,2.0315862204258126,2.073380518182594,1.3027370204627648,0.9607995635617207,1.0559159130116273,1.275622600753326,1.2943431987586458,1.1640818914012132,1.2022948555504587,1.1026604899240462,0.8417011126273704,0.9414315237025319,0.5682382835029571,0.612883288906497,0.4952319260586254,1.1540949180606925,0.8301995985325645,0.09172460750338929,-0.00020776059268771803,0.28110692361779765,0.5081122135515003,1.0666331590851394,1.4899386992927337,0.5334775357160828
3.3007690552079594,2.613882185359968,2.3989184120573346,2.1330924895099326,2.315592494970492,3.3450505125810466,3.309578436016976,2.7939534977663874,2.6142577580331587,2.6257403262155203,2.5595327467608606,1.0085080126573656,0.060293342700386415,-0.42785371955043405,0.46680704381474364,0.9993103657121,1.6049649051553219,1.1321860257884697,1.3021219007307736,0.7004854035057752,1.0240258760601635,0.06247195138290258,0.7259345482739761,0.21322372533590123,0.8785812938792096,0.4600332674320671,0.45823754715099957,-0.11305277686682938,0.5188730787361437,0.1934050784669468,0.4469867532993413,0.7208070901090574,0.29557231130965267,0.23511708948129703
2.5961883755535076,2.077251288477378,2.353147040867781,2.2632351001598385,2.6276989619809576,2.425765979838124,2.135980196246619,2.3504021938406545,0.8476848895456913,0.3886440419138389,1.1386744341251178,0.3689342685614578,0.1309033129679757,-0.004684603095688297,0.824140469247856,-0.1082289454037308,0.23989351221016803,0.21154189050236508,0.4940868899362891,0.3138283161875899,0.36545202608917066,0.5839031537995385,0.6227148356657837,0.7820979394609447,0.49877485037263775,0.40970664003757096,0.339035719365073,0.24816647371769085,0.4053211169197537,0.583925367605214,0.38528182155066126,0.7902011431066609,0.3172720797071183,-0.051538153160465144
2.429009428636642,1.9703507737250827,2.1889576801286332,2.141033854868912,2.6670464843953834,0.6949761140183532,0.015895235181256785,-0.03973984588725679,0.38180230719515446,-0.056644382318696326,0.1198984761929468,0.21310986015573843,-0.3405422509592726,0.04804604437516201,0.43399930034008477,0.06404849937492361,0.2973246710459857,-0.16203029744293967,-0.4549464691233368,-0.6141829095423476,-0.5556522760259611,0.38836594438179434,0.41226813872632967,0.6173386866672421,1.0670383881694672,0.3595565717397436,0.31786680137655327,0.2695615287578277,0.3157988026923762,0.2701350840207847,0.46118835168067673,0.29606921043606477,0.016998808338206706,0.21381882573137506
