script/wind150m.json
{"header": {"parameterCategory": 2, "parameterNumber": 3, "lo1": 3.000054539987559, "la1": 64.9999836372058, "dx": 0.5, "dy": 0.25, "nx": 34, "ny": 52, "refTime": "2026-01-04T09:00:00.000Z"}, "data":
[rows 0 to 23 of 52, columns 0 to 33 of 34]
-2.058497459838176,-2.3452752885555976,-0.9556541824528255,-1.2282291830901466,3.1114692308093557,3.6355725862570925,5.377655589198587,4.605381996628531,5.0804801188991515,6.232184080096664,6.749461921447494,5.597659489711523,6.016308523543433,7.048436467338747,8.828741748067266,8.494549518785378,6.709874653251777,4.295867937682134,4.042223449320845,5.11565051577218,3.0034331130272185,2.5225134628997914,0.34442261303993293,-0.6912036026840558,-1.5899930840329948,0.1451482792502028,-2.4528245185258464,-7.675622664327295,-5.1723148070231195,-5.045941648933119,-6.954593207229481,-4.488247387909648,-5.921674724677135,-3.2309682994884823
-4.194237807329792,-4.40924732967887,-0.1481508309075793,1.8482634893728087,2.756187360001153,3.7002967914972653,3.5649108355073507,4.133800175533126,5.816495269668695,5.418808348067219,5.595781299026503,4.500887341446168,5.067950748696259,5.296541056672174,5.596329777044885,6.102788426845699,5.805830193845263,4.7793828493261525,8.306979251500099,3.7129998257635566,0.142790488853591,2.095616720104488,0.41021211637079164,0.31273724101224776,-0.7314306395065341,-1.24184710953375,-2.5486784464631445,-2.733578830410845,-7.503046823469487,-6.807133547465268,-6.765230403047905,-5.860521117666965,-5.272302273009968,-5.3398421026233525
-1.5181109895960756,-0.4968895183858232,0.9580000624779448,1.7296842918064643,2.2744745364863186,2.1153325839361696,3.0183987491806668,3.929764500498499,3.908666779622102,4.398992086798627,4.800934059050292,4.555327415264689,3.7959822601156703,3.6929441490559003,3.7580754167223462,4.112750833983455,5.002937772972628,4.211651121250125,-1.3493005980357895,1.5949166199123077,1.5879472787463365,1.1256387800362173,0.34856037784867216,0.77214167308919,-0.4505845351351158,-1.1607763612283934,-1.2891078069044144,-3.9542781849468227,-5.43309973112951,-6.275617445822558,-7.019237561799991,-7.128727214518767,-5.558785616074288,-2.711947009797168
-1.5581948793662088,-0.9849945630229028,-1.010485308566592,-0.05087725481139229,0.566713000002911,1.2398713886761805,2.294685615382532,3.8479480240869317,4.782902867434547,4.5166972000431045,4.632340941623846,4.81552466772666,4.125555538130821,3.508006391063383,1.9771033316414341,9.587568780994584,4.2789115678202005,2.9034604879911132,4.789263296563529,1.8999100995719946,3.8129572845538977,1.8194292968670693,2.1311119200985265,-0.2528564860859409,-1.4326580817122632,-2.311076128435194,-1.4710887612091914,-4.126749466272071,-4.329288281623739,-3.9590416112743765,-4.378016428955255,-6.851035813024288,-6.103237200697756,-5.343616484021695
-2.3654704140147422,-2.577995990625219,-2.1246364972325607,-0.7469233400426251,-1.0298636920178665,0.0399720934973243,1.4925526800417581,3.280290335097656,4.688173401391579,4.966647508326606,5.5272740992605955,4.32225318787179,3.648272032578053,3.1672331238252474,4.934777084972536,10.551869932874013,5.536494859264079,0.5549755428801137,1.421928978529997,5.813005451834101,5.882791236484452,3.804977148628922,0.8213697220929406,0.4804240966299235,-2.636001153993692,-2.722259427342561,-2.4904879217793736,-5.2803060147794145,-3.7274042448341027,-3.1417563211052344,-5.278528646383085,-6.445391369815878,-6.530142940192795,-7.2174367197707285
-3.4967813335086952,-3.559049834617396,-2.6516174142290496,-3.152187589208619,-2.2689846675410115,-1.1645122228116065,0.44373747302515576,1.6778712013887453,3.5386674433290435,4.597360522074769,4.709045718514444,4.46264360993575,5.393296077527455,3.263707865435162,0.18699404901649191,-2.1908695186328693,-4.496206140606127,-0.8184741731346555,5.8601748819565325,6.138473006909895,2.5661540169916646,1.1465522628001141,0.4447140120839536,-1.0189969874513949,-2.9446034652784774,-2.373424779784821,-4.266060827640362,-2.2007364795303523,-5.861364420858637,-5.305740287146499,-5.385069960907685,-6.877368992792627,-4.7576428283198755,-8.794236861583794
-4.481428503674678,-4.4539654069428805,-3.9708610516461755,-4.109941715788623,-3.2739099885393417,-1.9151255618486074,-0.8002054161070855,0.5714562100581804,1.942641632687941,3.3989498943830827,4.455741885229885,5.5156410396767805,3.5083327135466846,4.435579226913269,0.6296370887166052,-1.523961451954865,0.40152816012789083,8.749275738844704,6.246689854702428,2.8299484307225864,1.7447179856504893,-0.0268071777241503,-1.1073693272911402,-2.470850742224163,-2.005624549684456,-3.746528707959456,-2.9200398378954207,-3.9167160419031557,-3.6236916353494504,-4.334860825258593,-4.474865207245658,-7.3009563596117015,-8.796348343643812,-7.159561906065004
-4.14072847450438,-4.131193351383324,-4.409894063433185,-4.2210900732457475,-3.6748304581364835,-2.1617421280854043,-0.842868387478092,0.41077994599007744,1.3653733999997844,2.6980484020931135,2.763309386833064,5.814471754392762,1.5265770712145343,3.877314484533541,0.9987186034603712,1.9854995314816892,-0.6405202905030091,4.181527404979365,3.846794738245589,0.95007560589524,2.483761795166181,-0.46895801999545694,-1.2972777950196916,-2.5241282490624894,-1.215121354738312,-3.9570119906075716,-4.039760918682023,-5.393558367500111,-4.179460401078341,-5.0950734509811015,-6.996518484181479,-5.893060111471438,-7.800702593840013,-8.26945897979648
-3.030410195763225,-3.5684252512966497,-4.466910959991899,-4.4990052693715565,-3.243198603139181,-1.3002756954268377,0.06695564382096938,1.4417596265705972,1.2151306806110382,2.6394058081452316,4.163868521524598,-1.398774190071535,0.6720980086629023,9.270794442756674,7.675649966942217,3.267629990574654,6.549875175093019,5.851906590579163,3.1296966479656443,6.386045130130754,5.548938032281664,1.8970772396197464,-3.96156776262518,-3.5450804534858142,-3.7583992342925683,-3.659674300027218,-5.1095237292038105,-3.079634282286725,-4.540726985256049,-4.712387711131946,-5.77289028590606,-7.114083144314158,-8.648385611085425,-8.61420746148883
-2.173487347170384,-2.7307283849450283,-2.5113029405103124,-2.9015546362654723,-1.4513492772219418,-0.8459647104258107,0.17460772598863536,1.3018131880101396,4.232808434306304,-2.573118858908471,0.20394805866393295,4.0161296581104455,9.994353507859955,5.758428701069561,6.329903277436989,12.849448732841935,4.107076275776103,5.734106909849007,2.2505502648640663,0.11958012699044283,-1.229591382384086,-0.5511416092143966,-4.931549137488902,-4.788367069743613,-4.0671326759946576,-3.9102315013301094,-3.147857916544196,-5.8404905032878,-6.895074194344367,-7.11311085651366,-7.045313041452459,-10.382570785242502,-8.848461214602757,-6.146529878265022
-1.3562538060296083,-1.2137569975243616,-0.7646011684186323,-0.9957797552327031,-1.2348406084562427,-0.7192896410226218,0.7033902821714745,0.48245119496810074,3.480470466500494,2.6033165186763054,9.842166312582492,7.732197147146466,2.0916376872971156,7.6939521394773625,7.875749443628404,6.06591327539286,0.1883737620832422,2.837538581943628,2.997824308661859,-1.3816189821884723,-2.414467856089693,-3.5442425180328914,-3.626183548478961,-3.8729782079593025,-6.430888339810127,-4.2864055426706,-1.6479704498875454,-8.916109971247424,-6.698445737625001,-8.672044080574837,-10.73284186941951,-6.71120999213657,-6.937172007157765,-8.00939833719088
-0.45832589161589016,-0.3759560510976647,0.49721694230160496,0.6716131221178568,0.06237444259912737,1.1371475843105299,1.8126897626724463,3.6407050308223354,0.18565335671733527,7.256677057632197,4.421987229355636,6.762957929028879,4.976286979217689,0.7262136699152238,4.421827135155204,1.3685806259876818,3.9784834310366968,5.176898059268074,-0.5533217800684046,-2.6086766343435785,-2.8422225187743346,-3.899344515768571,-4.975301368456337,-5.6135756876250476,-6.440923567761874,-5.861138145769101,-5.364436313753938,-6.58832708824967,-6.314696889238369,-8.144822031689865,-6.500069403916859,-7.627196215571729,-8.699524932461985,-8.981632599282394
0.5053734543849411,0.8781979556595514,0.7072286495351221,1.7972371678326131,1.879301963200029,1.6776731440414248,1.7662325678762638,-0.29692658782409137,6.118847993246493,1.7332021333542331,1.9610142214797521,9.257242136027912,3.975508634360652,2.8310312421106483,1.0752596732101745,1.5094778750312234,0.5055431126144376,-1.6737344997564214,-1.2744621553220774,-4.495811303193034,-2.5217498196128405,-3.9377335981645754,-5.644883314034717,-4.757656393596294,-7.114183345116092,-6.459097697313869,-6.073633805647825,-8.22551668862488,-6.626624740135632,-11.44591049333492,-8.29450567371466,-8.60593610041109,-8.724704759013477,-8.357750145501234
0.8128009636399791,1.1846251383137358,1.9122141069475938,3.918700042424512,2.0503743853015965,2.783597450873933,2.5867133476806345,-0.031936957585244174,7.681864258366194,5.960565744798869,1.0682143877915504,6.934245165365693,2.096977421728563,1.417553961785844,-0.4288184292571871,-0.6850201262958566,-1.0661342569834176,-3.932191015373651,-3.1340111260495425,-1.33534627239436,-1.455385400736435,-4.759580273255033,-4.998229206054312,-4.694723817290613,-5.159311497373352,-7.180165044810767,-6.007723639781018,-5.571955070976623,-8.65643681041017,-8.814953107275876,-9.576061168302356,-9.157465349088563,-8.247696210158079,-7.438738952206863
0.04727237407150175,0.9794495572564927,2.6552854748335837,4.2284853354845024,2.2690122414917036,3.506382614835657,-0.4534275190338941,6.1973655907781,0.9165631222866317,-1.6309068160417652,0.583863605756208,1.0060553484992876,0.22668425796664474,0.021562427416022635,-0.8106341158484854,-4.502092244225081,-4.52504583084527,-2.218435800871282,-3.52273091540903,-3.506931544411637,-4.87018946158534,-2.1978695612174337,-6.0576575909595745,-6.55272963526406,-6.964765839708056,-7.067652581596946,-6.9912172414578935,-6.739398969943418,-6.603630399269565,-9.492405732907281,-8.942886331423876,-8.42158678798515,-7.747725817748652,-7.343807412224077
-1.0708352472920313,0.2800163596725457,1.5889567431459355,3.0484822582623368,2.400569169487043,0.8699707414306999,2.5840413659527073,3.1766416950466843,-2.039183203772671,-1.9667769046898806,1.7637663241166004,0.5280804832308001,-0.6191007208830659,-2.5197291877354253,-1.1172262196943643,-4.396566175739487,-6.453024052459824,-3.151606202487273,-2.5831970548726257,-3.4015833696865694,-4.185991430296601,-3.3031297121274004,-2.9125848992881043,-5.575872980196933,-8.542918103229741,-7.795298828921998,-8.291479828292289,-8.184575656618653,-7.12526979723616,-9.144734026737515,-8.749995557977002,-8.464572120696333,-8.013850879970514,-7.79941232523118
-0.5018613350664958,0.16120617040741278,1.5984518114350525,3.261443356272141,1.7963183539527874,3.839915707589533,3.8837625928436954,2.980360455166644,-0.8772525152307857,3.0888492584021,2.550724688112913,-2.157075096584856,-2.392991037008519,-2.4575107549154125,-3.385147733942015,-2.9054613841514523,-5.795796023488823,-4.858468785339712,-4.955517681037824,-4.6766353072775235,-3.574526205749845,-4.770972472135242,-4.880321791935651,-4.774894042504629,-6.631728121989794,-6.856540875590716,-7.13730114248011,-7.237996384900953,-7.6783914111105664,-9.323797025411531,-8.818721302464153,-8.271492040634541,-7.989446779832408,-7.6697956472460875
-0.13186764794511271,0.8106834516750753,1.9940115561684018,2.0073497563996714,1.2015870956067807,0.2785194847159703,4.023792507336184,-0.22877385732746097,3.5868818789877497,3.5180932559121207,-0.18861307362138566,-4.454333149752236,-5.752601218347388,-3.1995573084489792,-3.0050723831807717,-4.155067605738185,-2.245161574582527,-4.664027446417111,-5.2078152449135455,-4.152510293067283,-4.8987730061786445,-4.0953564330047385,-6.173585043465905,-7.0208016597810285,-5.140260504278819,-6.275469181161968,-5.636601770786402,-7.109877851623674,-7.456784173411816,-8.950041227156717,-8.350900461470202,-8.319802459081309,-7.9167460980408935,-7.317971021642777
0.43299017287275343,0.08801195507907579,0.36936112926173026,2.019068392954101,2.1397698228506545,0.9608990980469039,1.8793831247991966,-0.4116216619574894,3.223304155713681,-1.8936190263116461,-3.759255274965528,-4.862557087316473,-2.900126578897311,-3.4120877986291864,-4.22102392392894,-5.575727693471922,-5.269403385750853,-5.372533024431265,-7.6477893712421805,-4.536385561670984,-5.930356001039116,-7.456632692012622,-6.070854705972803,-6.480289437868184,-6.388799825519302,-6.203257359009377,-7.002003163553806,-7.367932332322822,-7.369742909795171,-7.780861248745345,-8.608991182733865,-8.483657403231067,-8.25698651916483,-7.2423058627353765
-0.15291788704647194,-0.5853593198361453,1.7424897541332285,2.6193955913543077,2.5406214910460303,1.017736936595272,-4.694510829724886,2.440275507754877,3.665494522895852,-1.0741450494630989,-3.889587189317406,-3.4988914943825313,-2.761052015464438,-4.248882358684125,-5.810887571159423,-4.504646919558723,-7.367425829031585,-5.996671869659849,-7.912269738785479,-4.524285672779605,-6.336797666984246,-5.488360179477471,-8.23218474207003,-6.47575457853921,-5.672314709091411,-7.250145601635238,-6.965587143993839,-7.3486102106315,-7.071622207071611,-7.006592533908263,-6.8400390728341955,-7.4522587599136605,-7.806679403875363,-5.212388091000404
1.319667712973418,0.04766485800496484,1.748613072308068,2.7086517086255357,3.5126702366420512,1.246457998257483,-0.7687532019749977,-1.7245821559900574,-0.9326897883099291,-1.8505824687607697,-3.771757572788302,-3.216198505584007,-5.6285666362864,-4.616625651482481,-3.5250294664883697,-5.409511201574858,-8.750179220582762,-5.521449114807238,-5.707472862696476,-5.439347109366499,-6.443733900148648,-5.71833662612392,-6.398091327065117,-6.630260154678566,-7.611404619585643,-7.848991951982254,-7.46452585029679,-7.481235526012792,-7.748184316728662,-8.369838510469307,-8.108764521736678,-6.939441442237496,-7.499974256118807,-7.051406116602884
1.8017702323035745,-0.128619315628349,0.11432004688501929,2.6363597628872646,3.332685998360688,0.6554450155327586,-1.5919219218991747,-0.9006926336652277,-1.3242436771374002,-0.9951055492204698,-6.68855625539144,-5.398168318479944,-7.700408801306564,-6.51672902467964,-0.6159250762134326,-6.271846191669966,-6.730427250250247,-6.302878067866367,-6.065778561890539,-5.374300578241619,-7.575111859275628,-5.595537293312857,-5.594499106151068,-6.203834155886164,-7.488131650824459,-8.084869825020617,-8.019653394137212,-8.54441080265116,-8.839959640914087,-8.928860847146987,-7.977472883783567,-7.251606724522519,-7.3671534057297965,-7.537381624897849
1.7814479143528883,-0.7806710351474276,0.700166780682759,2.4024682896783403,2.450864991444103,2.408284348375986,1.634657094118516,-3.153684927787335,-2.1264282274592348,-1.4295989405793559,-4.223060513032068,-6.567789307992525,-8.972855572359855,-5.762285715942817,-8.403212991207944,-7.056409181859578,-7.297823592635327,-6.351223925960732,-6.31306034841788,-6.513544967461971,-5.826740589572363,-4.9517220568587295,-5.896759831087342,-6.574393902642652,-6.446466416659979,-7.34485416637253,-8.537093065813767,-8.623782118150606,-8.83077431608182,-8.639174651535045,-7.803311435221005,-8.935470588768208,-10.800535770300849,-9.731705649963978
0.5891680628659232,0.2929511425071365,0.9248991143237485,1.042540529001325,1.1075143926667572,-0.3404126359328438,-0.052974866815054374,0.0930818873204938,-3.7966315918002214,-3.9476687376363073,-4.819063920851095,-2.773291472477216,-6.285456999907849,-5.340431055439163,-8.36074188150881,-10.314928846124554,-7.120498874745417,-6.322147622018995,-5.464145994400102,-6.49353209468055,-6.8416067943687375,-6.320271057031664,-5.322741724813072,-5.792497501772382,-7.6595684202309675,-7.763897235596555,-8.21211800192306,-8.934011756644304,-8.638886176343478,-8.897506782958395,-9.620700266550513,-10.048609072124751,-12.20736461836175,-10.368120997946388
