script/wind250m.json
{"header": {"parameterCategory": 2, "parameterNumber": 3, "lo1": 3.000054539987559, "la1": 64.9999836372058, "dx": 0.5, "dy": 0.25, "nx": 34, "ny": 52, "refTime": "2026-02-21T09:00:00.000Z"}, "data":
[rows 24 to 47 of 52, columns 0 to 33 of 34]
-10.485090188379436,-10.074869772959985,-10.417011430402725,-11.644887916303,-12.716176462962382,-12.149985624403088,-8.6578424815884,-5.63225973767224,-5.825676522427373,-1.6142486251473616,-1.5480096481642844,0.00856612309951223,1.3392003835395285,0.963737098078262,4.652259818061122,6.934917745903442,13.42365423645679,9.431197954505187,7.999264885789123,6.824343180837381,10.527456017062033,10.327310058828816,9.354910871083995,9.3614321904702,10.59459862323697,8.461901659328978,7.858135149892995,7.159426954426215,8.014839440162428,9.212190860507606,9.466272285431138,13.13463562686749,13.41743504265935,14.369823057988347
-11.075459124140012,-9.594090211725911,-9.570825254771119,-11.217310263052717,-12.365219632461915,-13.195753536110937,-9.124936987233623,-6.3923783565405,-0.7498957525052405,-1.7253465669409143,-2.783907670971423,0.5813552030405402,1.3345201623689464,0.9917915843951914,2.710899657334162,8.945689016869723,12.312580239216645,10.162940594747713,9.374766746872494,8.658193514646124,11.036383486724683,12.008632606981356,7.728568051210206,7.456235754415431,9.778431502091953,8.2375196631119,8.906567965848472,8.080294130452417,7.07310873750498,11.002103208765996,14.694555755145373,14.043659361448913,14.41092029493419,13.448531529153827
-11.477590107198202,-9.295321421766127,-9.51866133128926,-10.457825312283655,-12.573342839073721,-15.041637350147418,-7.228423731638099,-5.091616822058208,-2.856311792596698,-2.404915072325141,-2.8693155642255244,-1.0924683788773384,0.951054610919781,0.9927238603696624,2.1568586323348287,9.084800147874402,10.263719938609373,9.027924228127436,9.007713196955555,9.731929872816,9.210541003835463,10.084315414543472,10.899664053340365,8.885760162817736,7.900817623966734,8.196033678184019,8.971785533565527,8.343500460055386,10.316676623904238,14.627942672631464,13.59772168093639,14.749692205478393,15.344804683156429,12.694762918313504
-11.169243926907894,-9.452925932607473,-8.710398091679716,-10.813684186573669,-12.121737742610591,-14.72888141107875,-8.241667720842196,-6.53808539847599,-4.565536439555647,-2.4325820931147586,-1.9723344896105415,0.47302239312756805,1.5362769130998928,1.830528684837257,1.1254480276620629,6.979064241548355,7.437941457172591,9.747181174904863,9.918453661099733,8.723434682572876,10.461383026707882,9.137627288421722,8.287393942200103,13.040095732581463,8.838496854538805,8.559596987520475,8.254849029968494,7.80571875535384,12.025232828956595,15.272632281740043,14.615041810458084,15.27413277534856,12.237925871211214,13.412919125683128
-10.375756191607577,-10.267799391217094,-9.275866277809413,-10.276243516840996,-11.390370241087325,-10.993974995471952,-9.20528618269497,-7.797645316020361,-5.786695537496113,-3.506962551405836,-0.8252962625599088,-0.6361768383741361,-0.08684995469075149,0.8129071087009504,2.0667952207762554,6.100287163392121,5.923878382230971,13.780244926302046,9.703620405540411,10.952073225260756,10.141740242832089,10.4800701514417,9.159146235426192,9.55410614469175,10.161262595799936,7.888592799184847,8.394785908199651,8.277356755132239,12.41128106612608,13.409337128542427,15.668810055344812,14.862187670928378,10.350573361481045,15.34817677026798
-8.5125630624124,-9.366056408821176,-9.947027423135971,-9.989406019472279,-10.164178594623706,-9.343652528680938,-8.935589632592759,-8.549882753412032,-5.6581810406285085,-3.851780089373606,-3.0653475847179883,-1.106549392257233,0.20422168563840962,0.6488303328977435,1.1353512669713053,2.096826073550141,5.086334130420563,12.230135990275405,9.647053254145142,8.389636820063862,11.27817332598994,11.952939101909507,9.394752391481324,10.191604932235608,12.845586261204394,10.76021593163852,8.609756835080631,8.04637785600024,13.844436610869941,14.258059246084578,15.65738581570823,10.95243595514519,11.085536863601282,14.17921892809088
-7.768487660051712,-9.254518409798221,-10.340327839743994,-10.855590978876345,-10.574821072045781,-9.300914266194239,-8.598026998095934,-5.163393729925474,-4.797415439689347,-2.6759244229995645,-2.1433306839077906,-1.9828563077210617,1.924649005302398,0.08951265782476908,0.2165317136898303,0.13147398393752832,5.833739278677294,10.246113894400718,10.585475221896752,7.910642324209099,9.675574306124533,10.537943403800151,11.361080493674333,11.46735130386073,10.356619646003972,9.84973100660915,7.976522574528321,7.963100076989992,13.739649506702282,13.85501964952621,14.182818609577588,10.053649765227775,13.653601507432192,13.666330515006518
-8.051466508352101,-9.052674585229122,-10.291006514023744,-11.2551315711037,-11.395017571814863,-9.698443691217053,-8.283191330419264,-6.077300265537802,-5.106991163164402,-2.7186827423934465,-2.1030058972281114,-2.039918973457738,-0.44611397421134674,0.30115400695944555,-1.2887639404689635,-0.7536525677672912,4.437356712942348,7.974754512662092,11.826643035201684,8.444797433365956,8.403392086066331,8.609760225015886,10.062065015596781,9.610816062797323,10.783390889655632,9.837219490714185,8.262735163153911,9.295736397818837,9.501870551017685,13.30438715718544,12.65652782984118,8.727250248595302,12.90127329419892,13.280165998619534
-7.1841816064539605,-8.253853882300067,-9.71354947756947,-11.487341440269216,-10.243890814006377,-10.450069794353947,-10.135545782395837,-8.038485453646796,-6.616950355753249,-2.9668798712920985,-2.6865265810848578,-2.6414418460628006,-2.0176012493759714,-2.4481360824682548,0.21631785651040758,-2.2025825883060115,1.3511610009405237,5.842021545003427,9.19431056509467,10.120111672155474,7.524257186173249,8.285591720059163,9.566879366365171,8.889550583829587,9.917331288420598,9.84696942461001,8.393131116939903,12.944865558300064,13.803447366826989,13.256336972969308,13.206551622999134,12.904635315627345,12.892933323850599,13.12995332408107
-6.400739459007976,-8.103335233817207,-8.492220967491447,-10.587783897992498,-9.138543320788468,-9.201987569256849,-9.245403019169313,-7.675653823214784,-5.508722621371792,-3.3576129005200626,-2.716793340743891,-4.373845827236997,-3.455927395827089,-3.1911475320241274,0.8268893213285755,-2.079120502307704,0.13341373583221333,2.752044694275605,7.196686635454678,10.126807654795224,8.17975991026602,8.292862168487948,7.4419010945805315,8.526377701732896,8.961157359235774,7.872407931233686,7.34207922222628,12.823028632772587,12.29749191291964,12.704274145853619,12.942755749424332,13.105996243707107,13.248159273174807,13.85208217487921
-5.939486989948357,-7.920649789418423,-8.631355456236953,-9.867298551472155,-9.043391073546921,-8.279580757056301,-8.778277885013738,-8.000429480640221,-7.403456123258737,-5.494437478536714,-3.4514956970908237,-3.5131341674479963,-1.6488674879000296,-2.5184875888778415,-1.6302748565879204,-1.6726027731690318,-1.2154849913817671,0.8055000358681443,5.105092318502208,8.942010105051608,7.6556872824670235,6.597747609897463,8.328285316013687,8.399491650642588,8.631465928658569,8.225539129506611,7.5362691579799295,11.18856603375667,12.466050428881557,12.703600153749917,13.0375219236911,13.400987133104167,13.703567322000026,14.483401804407153
-5.542023601289444,-7.467901944270567,-9.608950285962111,-8.661275193575854,-9.108427366453302,-8.887316945236586,-9.682453038781349,-7.355382443761655,-5.763130440437028,-4.486624752234476,-4.217798003403717,-2.6814888832568005,-1.450681243196,-1.3627017899486318,-3.711142323202866,-2.9857874261060076,-1.6560186490391435,-2.2268979984983925,3.807519934888994,6.510272828690431,7.419305458130021,7.4492919143225365,7.129460951878966,9.064654550956446,8.33466380208037,8.856201678232424,10.336375585672522,13.484031024020851,13.203548766192776,13.048226699201884,13.32597279252736,13.634959469165935,14.365933790382854,15.399343645554115
-5.698862946314032,-6.003499438101999,-5.616330384567534,-7.126735453512617,-7.199032099502145,-7.615043393640216,-7.657652041645834,-6.223322357378903,-5.342406738534058,-4.504119247172355,-4.397755258132597,-4.3217928106107335,-2.155112851143542,-1.8334092668854687,-1.8796071947630217,-3.615132040616556,-5.16788132441939,0.7035225116079891,3.166854212981868,3.601146896360004,8.244453159862518,9.82777486068548,7.277509993922799,11.708380534945961,12.100631973719794,13.795506750448023,14.082906133138648,14.177747053188554,13.563815569978766,12.912339627590228,13.232674151871986,13.955563230491256,15.638098316138038,17.073373111212703
-5.42052613768699,-4.979343476702737,-5.660635170363199,-5.901873095190681,-6.359600794967483,-7.3048205628442755,-7.165049060669674,-7.319099828556851,-6.680535657502902,-5.026515073053087,-5.846708729537768,-3.0439867312204463,-1.8808685392580209,-2.315611125739151,-1.8405231534898914,-1.3348039981456186,-6.272736744358349,-1.5434181176268769,-0.7939601702197222,1.6947377267309556,7.400726852950177,8.004742341828319,9.822949985580005,13.55787333908646,13.171591686995415,14.393850379639845,14.139741040680999,14.53010779402696,13.623262468672305,12.72253246549258,13.337440432984792,15.250637893207749,16.85409381834967,17.689334217880358
-4.803515464765796,-5.388523043391304,-6.25149961908669,-5.793504041658218,-6.628324051116588,-7.119121145410959,-7.849255897897976,-7.771405308995827,-6.4628861817109,-7.1309929369717615,-6.685964691318415,-4.3265871757799665,-3.0896474903789786,-1.7000543048156935,-2.254602978313644,-0.1992939375092769,-3.0524133567428526,-1.340182333673261,1.0824815545065913,-1.1064688588571907,3.6980345362343283,8.765647833974832,11.353006092334697,14.857219079924329,13.563865033673702,14.615143604459314,14.791392994667499,14.542047607965646,13.693306898989823,13.179798518223269,13.305028239679496,15.170175568240282,17.42771255846443,17.493990231435276
-4.072893340552345,-4.291325708967864,-4.911066276581583,-5.69439799893952,-6.191362787709185,-5.895977864647452,-6.15633102763395,-8.905329112431717,-8.52818849628017,-7.086426803645152,-8.014034429290781,-6.79212398449765,-2.80810376803744,-1.2389545469752186,-2.263004531328688,-0.696432801919706,-1.5586012375287135,-2.6271710528747225,-1.8215813723110446,-1.073110570591459,2.874317538163873,7.571621282209034,13.433726380159483,14.809215349273405,13.793068776891703,14.799473153178644,15.032685319227497,14.077830608756626,13.540030253564936,14.02410707849826,12.307462550651836,14.470269424220632,17.40056927299749,17.839595280513663
-4.6235356561659025,-4.179419671122598,-3.9138963413822556,-5.595776359614629,-5.268570385571889,-5.414006282504205,-5.53685356685853,-7.176674950866268,-7.386051143506383,-6.529783787898246,-6.411432371198371,-5.843904530034911,-2.578476597252375,-0.2741001671162458,0.03045667548898516,-2.378824688343477,-0.31644928485757584,0.28655331513266136,0.2598450958227774,2.3278822729540325,3.3287421746405457,9.400040247149848,11.13412393804302,14.761606838138336,14.098766376171872,15.037093487242817,15.08509222530445,13.877157316308994,13.93309318707608,14.083750702175289,11.941664183867779,14.37895840401428,17.441564197731598,16.51313929848835
-4.277395211260216,-4.287632342286692,-4.281465067717148,-5.435480136370798,-5.210444383300982,-5.379813174242921,-5.4846297228918255,-5.962292351326924,-5.783974678288624,-4.892745310034197,-5.989615820617654,-5.450042794901753,-1.736495990415319,-0.2128226285751604,-0.3915154482594039,-0.3119245415529607,-1.4519751259282871,0.49606625235151,0.5056513044361286,1.7539397323189971,6.144937302264147,8.445417795041164,11.183738832534019,13.740651404421662,14.705578776880323,14.970234875061943,15.498710018261416,13.649244120872797,13.252259223031654,13.000435063236887,12.629941547525357,12.034074547722426,16.565837237587566,15.733103805284793
-3.17008027955529,-4.032025849652268,-4.983783192488774,-3.879838773574119,-5.143808604362931,-4.7345973046778,-5.570533799415021,-6.034308429044032,-6.491598280078262,-4.713118821183977,-4.7310063043134765,-5.336172085350088,-3.0773283183817863,-0.43419413481014296,1.0805454927233504,1.6537351559982656,-0.3529632855552442,-0.3651493211124607,0.24602856143967386,1.367520209871346,5.965013401399752,8.567172224867337,10.036650365664684,13.793791877311744,15.405204696518425,15.131849333168624,15.551751865873968,14.005529518309253,12.02713477074334,13.880328859981047,14.291080888291209,11.392553940050066,15.899031260586987,12.266538305075573
-0.9219218335201858,-0.22528358884869398,-3.0812738623471203,-4.0183001987596985,-4.709191178743817,-4.581226166641074,-4.753933881024074,-4.6323917460536075,-4.7825534271288195,-3.1729411222223938,-2.467614016566406,-2.8097932855791603,-0.3634140415937243,0.026241935882308002,0.597421885705367,1.449268606711457,1.030008629615701,0.9948313721811041,1.2022399447580336,2.6021493986891087,5.767213821706552,8.170988196373216,9.35509435532029,12.71241765591603,15.378428371917218,14.697941230706332,14.894238142786461,13.04341330687045,12.497578972810857,12.244345495222953,12.498715844580676,11.320580593920665,12.78484871873722,17.507234752875814
-0.4840176506749934,-1.3126354803951141,-2.987223196990198,-3.1969757813126547,-3.3205144728319804,-2.549606021810719,-2.6166570358448746,-2.758835965653799,-2.9941509144813696,-2.416622097080449,-2.4469887535145416,-3.397402352860368,-0.6120450515942708,0.5674074486413834,1.113929650390927,1.0650858372457592,2.001853197479431,2.6496172227305856,1.5232034305770237,2.65063708194037,5.4290061896829105,7.766805019611293,10.031036999688787,12.569134054977837,12.094458589292405,12.723278081963553,11.614908056352952,12.722154889683335,12.22803600730623,11.171800159997991,9.699193708698697,10.34702664208069,14.023753794967789,14.651139082476668
-1.1868715144042838,-1.6420929569600882,-2.5234376320482674,-2.238157117414854,-2.47394078783537,-2.4280201581563694,-2.011953227106157,-2.330046307052749,-2.172871031918425,-2.1976078065016877,-0.8011349653236314,0.9875652267786148,1.008753812114143,1.467048900850267,1.8235246933925149,1.8275204882357188,2.0698673527089158,1.9878419477375093,1.8317690350646905,3.0720311860363725,4.931235167938714,8.033557338824382,9.445110492171818,11.523425837241957,12.11469614794375,12.736940637642187,15.454954422267653,11.540916135643798,11.343128373376498,11.98745230747229,9.907189507298666,9.707316115545016,14.713600281348908,11.229050750424857
-0.20897401462187704,-1.0703935682645525,-1.0153930793837214,-1.7301771536858663,-1.3595983301230774,-0.5081696948700115,-0.6817242255488417,-1.0553310458190246,-0.5747737288961601,0.4159027519684557,1.0637845366046361,1.279161310312742,1.356537637412328,1.8810733745760728,2.5926328379384147,1.91401520943794,1.7532801858586853,1.8530291770857725,1.9280335547467873,2.768536174567218,4.764223451621062,6.41897799366105,9.818514428930014,11.910178243328117,11.909712321327271,13.806959267226825,12.578200298279368,10.207282615048802,12.483775290526689,12.815109011910764,9.75633361238377,10.134031543037144,12.77123661242225,11.570840674402064
-0.4079565204977633,-1.058754551903921,-0.43453727643446904,1.1799162702647208,0.09054485810713046,0.1711176438347896,1.575558859955415,1.138333804116051,1.316084603111255,1.2414704522268043,1.4721360252917788,1.4938343235094322,1.300375518300696,1.4686004419940766,2.51057462421,1.9731154030541576,1.4181643902903243,1.3438762127588564,2.2528874356346136,2.8597757774971284,2.9720639883545314,5.097069876348124,7.770461355957924,10.86719617828597,11.496164627606575,11.666800545932322,10.796413804358759,11.909621913086674,11.499756437425878,11.240074571519754,9.96127435146309,12.453298621170898,11.808537100848271,11.934409645072508
