script/wind10m.json
{"header": {"parameterCategory": 2, "parameterNumber": 3, "lo1": 3.000054539987559, "la1": 64.9999836372058, "dx": 0.5, "dy": 0.25, "nx": 34, "ny": 52, "refTime": "2025-08-06T08:00:00.000Z"}, "data":
[rows 0 to 23 of 52, columns 0 to 33 of 34]
-4.667458606929278,-4.24261613923055,-4.381473061798587,-2.5767277903353425,-1.2775628934344143,-0.29443138706198285,1.668775163617976,2.632431600341429,2.8509638504018557,3.4115091590280597,3.6577036758971357,2.8467393352464354,2.6261083744380653,3.206348637509408,4.03313248179515,7.920041523389453,6.8257456108994,6.880327367017217,2.6655918998703254,5.001732651632049,2.9982433803414286,1.2928394515255506,-0.046256972524950396,4.289223148519372,3.128567773994123,1.5103945523993882,2.2570650126547496,2.4136088490964998,2.845175648179662,2.30605849808406,2.334865125346139,1.7491872199395622,1.9795375532267414,1.9608000388254436
-4.337696405730041,-4.230371975553514,-3.94065398354327,-4.074002383916386,-2.9220970762025544,-3.2689367954419093,1.327646992915337,1.3609795605082275,2.7807210003576577,2.8722691826049274,2.8355376936974723,2.739797018715534,2.3791625946897796,2.323962162569386,5.942223261047183,8.966268800339602,8.618128106572469,4.2954264487579215,3.3544696254516935,5.287119896906024,2.758356758181235,1.8788310281512084,1.5329129789337441,0.5765190106379091,0.8274261708198725,2.0124407480810933,2.106195346633152,3.0256270976590662,2.565027833119547,2.383235405989686,2.101118000281911,2.1551917111397083,1.8450560291281077,2.4558500017226206
-4.743331097630717,-3.184706589486456,-2.713190331872406,-4.277114838018668,-2.9457522118157438,-2.2910156590147586,-0.08794826762869838,1.4787953919227477,4.021442567452515,3.367680360326137,2.486956207427727,2.7004709991743536,2.1621244033681344,1.896218447739776,5.909977316388304,9.352426043654233,3.960302955296629,3.281299116842995,3.210723361884319,2.9535195000931247,2.8510793011839586,1.545250868687083,1.3854134877643123,0.6205278319087534,0.9858516893132417,2.1249414140738083,2.7747245684847983,2.444893880771099,2.577976542084034,2.0824869593630972,2.5188416847788653,2.2142805208726677,2.0471448675378108,2.4215259981626054
-5.255041802903847,-4.713337696395948,-2.7608541701207963,-2.750538097660226,-2.964470271168728,-1.7847270217149924,-0.7183220264892167,0.49877427176829797,4.363634364768086,4.681327022967803,3.821465512937922,2.141372269813284,1.5755046141063915,3.2125331961640757,3.972394589215302,4.891267062812964,2.322351230072436,4.169003123186696,5.743029713230562,2.0840692238717033,3.265241151237976,1.6289186957196207,2.3889503692208383,0.7099735608782987,1.1165209677231114,2.1874568564566057,2.3590345935781465,2.6522511996580835,1.8741851437894674,1.9676894585050204,1.921608473984922,2.0875302152241937,2.3163879843838773,2.557203705337576
-4.964059277662312,-4.532175715716451,-3.5426928057716767,-2.830782769737857,-0.8501175332363655,-0.29394018803367306,1.4464040887794405,2.0378143356598315,1.5198197157156785,5.313717656431184,3.906435166018659,3.2661132155069255,2.1607070052452615,5.33276067605492,3.818302928647761,4.756556112490484,3.8106324934161844,4.658042705493271,4.104677072754371,4.354016443766086,4.36926302391824,2.007351278801737,0.6816934400993186,1.7214319175368584,1.4450531409521217,2.1748862063655707,2.1975411186139002,2.439263355277442,2.065121561691537,2.4385224929651943,2.0395790855159097,2.3883615524728015,1.9902814906794004,2.6936139303229285
-2.478989332195301,-1.7786112590174301,-0.6293472305125707,-0.1626845408579422,0.01913643930899258,0.23437744349035874,1.0465491958757016,1.7525755210652378,2.8633065996478217,2.7645393420877453,4.951511599479085,5.030784591547254,2.993931536983284,4.289950340756141,2.6170098350169004,3.318762416849518,5.837915275170801,4.956143121033761,5.492546620009543,2.5531511085903724,1.0442671346754206,0.5411712759430987,0.8721135899247059,1.0984068361285038,1.4933271467856801,1.8028762184857932,1.9352355406747526,1.576239699325927,2.3262407766722566,2.011975804011261,2.0466274060942857,2.085912292938323,2.289501950626689,2.738631758730132
-2.170444020878464,-1.6711663086708943,-1.021600204955135,0.16744627434801346,1.6026246447845194,2.469750552237768,3.367482610045159,3.911741808248285,4.494049054164113,6.603333114700423,7.808377732642104,5.848402505186345,6.705126100920241,3.996101963329693,3.189157788721074,7.273444916796752,3.2510684419283007,3.7549936300214655,3.9765239413245976,2.1876476204687996,1.290096211691364,0.4281694069778068,0.4107949709355593,0.7007972408577418,1.0555637557323367,1.7033476416027986,2.281396495856656,1.7948128747206256,2.1948254423913673,1.9548497920553527,2.3049408165162717,2.1862201541043533,2.5627869048813445,6.094563875038498
0.09629038107005362,-1.2446369065495444,0.3222076784180325,0.1344763434163777,1.4324775128010347,2.2573459823502406,2.967727926271317,3.754430871176443,4.510629260022723,6.101652874235406,7.606735879091783,2.3319411901666935,4.85989363425792,3.4437242743725727,3.0419309386496156,3.2656006397769524,3.0587869142108044,3.403314967414182,3.2060812511448247,2.5258408310185483,0.4138412107399455,1.063261604587741,0.30350046119946283,0.4068366961649216,0.8492278779172628,1.2464955516296485,1.4660534525619633,1.8845567998727413,1.8232012626510254,2.070399941621467,2.6469553347956376,2.2111839083899896,3.2303458769842757,8.912044054525454
-0.25583631621936825,0.33844481549107747,0.8585704657543669,0.816733602342983,2.7155802106388465,2.100572852256763,3.2349961962885607,4.259455801548954,6.235052054641819,2.8614639169906133,4.467124821700462,2.015260797729141,3.208370855273806,2.0314568611837855,3.107978007353062,0.8505241486615648,3.302153117252573,3.8601152852227334,2.298867203906466,1.0438452697852096,0.20599550846958312,2.3809698038780684,1.4944816850506202,1.372018575551277,1.3380422267617853,1.3899155433133996,1.5445636583630349,1.2735640173434968,2.2082601649698317,2.000570461279335,2.156394685697665,3.5736566431573467,8.7841775641836,9.142183990812999
-0.5585960405582842,0.24180465741682447,1.2194971560659469,2.1674360319686823,3.6320663477118034,5.73740091804681,6.766626898166018,6.510525522021112,2.585183687965396,4.297956843647891,2.9824165187177254,3.2192791353442387,1.5385178343902755,4.787345076147961,1.2166463999855113,4.037161211844671,3.2435020488580344,1.1202546621939196,2.593901512395277,0.9438350994685905,2.670920429656924,0.8555394514936421,1.3691867745561508,1.8620812599767727,1.0727660943576052,1.040039051806295,1.4088070012833576,1.7955593430996284,1.8519038889824564,1.9770439602901906,3.3001077682161783,7.802230460685638,9.207459915648242,9.939356602077346
-0.5908352657803742,0.21052123690991603,1.1133254967188342,1.9004782477908408,3.038087241998749,4.464235452863242,4.776116129684675,4.037421111776663,5.689361593352416,2.8813487726667866,1.5468289121826557,1.7182656574063246,1.6085059921805958,2.4723312119493595,1.2625648491899975,0.17016915448898934,1.9450200503473272,0.8018903680279567,1.6390749714805104,1.7244205599222169,1.6748426944925459,1.074211235194766,1.9416927265196717,1.0238348410706384,1.379834542341793,1.3690855205258112,0.7389068193058079,1.4533178866501892,1.4955371569914042,2.8620294661106316,5.97223982161017,8.23680480167244,9.158771203233478,10.196336643241704
-0.11276217288080127,0.13492788345268014,0.7766228937015612,1.7763601588789244,2.9907364932259806,2.958576092357295,4.933201327370571,-0.04299076745393262,5.25957970917221,2.9932020955990613,0.3381977157787575,0.5168876294450226,0.08466118119307174,2.851644959139294,1.9236668153678913,1.140701007911854,2.7347300066696443,2.767337022712651,5.060181643792622,2.49309042915159,2.2636712944364565,1.2788209464243145,1.5757852490825843,2.6290196194066886,1.7615515940999926,1.0937854483805087,1.143932157663162,1.6875584000209831,1.8244371762003964,2.120265637279965,6.584843573984782,8.064960419999506,9.274029853413094,10.191253894159443
0.2854125833549148,0.5291578545635777,0.6820336442020752,1.2819566370495403,1.7881003444030485,0.8765837128164204,1.8582052832751506,2.16424666762163,1.0326212065124896,0.6844834678895175,0.4049222681101183,1.7200387947817708,1.4038052407501385,1.4259813933169139,-1.7570864491220815,1.8609944458210348,3.37866074055871,2.916697748249531,1.7833331063687672,1.5303032536788639,1.58475487074829,2.156581814581447,1.7398764959087534,1.901668017921103,1.477216712397699,0.40548627719550817,0.6359461297285569,1.183350978912606,1.6156234935380391,5.282492830358426,6.955989249100072,8.489064381851838,9.153398674185135,10.280893502694505
0.0660913538978647,0.7975708140063326,1.2742881139072426,1.5191280559449452,2.2347486824116025,-0.8888715967142574,1.7108356455295137,1.2339658914719562,-1.764195137937558,-0.5768262532924262,1.2123880649842789,2.021865497448061,-1.2141355849447457,-1.6497164299967142,0.3759916661372744,-0.8348284804692849,1.6242918170910663,2.339479497940639,1.8045129679640248,1.2088107718173349,0.34786938707327886,2.927956745628231,2.016899405455022,1.8929355083027284,0.6509049626837266,1.3076522105721167,0.543696978357968,1.3664013130847357,1.7424746328619052,4.710550182691776,7.692245726439256,8.818235944447308,9.32661382950993,9.923761805269782
-0.25778409558906157,0.5269483090191902,0.8510723381678592,1.1576828775152417,1.6494672853536252,1.1273695391263032,1.055077330029407,-2.741110817590566,-0.2744441127162465,1.7636645132781932,1.9768481692925683,-3.884828384792593,0.2033966816202565,2.182768491975897,-0.1451636346906487,2.2980902547896074,0.5736167266431001,1.6928158816869123,2.0572049120949223,1.2676184314286076,1.8160990004102986,1.5156238031935132,1.2180817824845314,1.1764082370450195,0.8558419711868767,0.7503329573502605,1.1017298161171851,1.2062343452440323,1.965049097251985,5.826470811732315,7.509543012508442,8.219405776773792,9.32287510383848,10.07025836297839
-0.6717166878110624,-0.23141993872785172,0.2917340391845945,0.8647215052999352,0.9099557965352114,1.3242802880682136,1.1819563985929458,-0.6516094646859035,0.5613727917103593,1.8590430591461478,0.3154432389436863,-0.7302613688889665,-0.15246891790189307,0.24237785984053276,-1.304284586639164,1.3590293228678763,1.3578434295123505,1.5727203203067641,1.927201268869384,1.620567203323634,3.639644074018321,1.7567411487748472,0.3066694905874745,0.6976176752037933,1.4554039984513785,1.3935109348876056,1.6290945084911579,1.3421537082707307,2.170506267378514,6.164001789040128,7.645405942027118,7.8831858533201,9.333851901073963,9.79638026015295
0.032332130588562165,-0.834209880532728,-0.26976008468236845,0.5681123241039819,0.9625968030553567,1.675327867037958,0.8304565798940281,2.9448444954572013,3.9755956138268593,2.388178713767533,-0.9332671376096702,1.8863125643105192,-0.2084947835628378,-0.9737542686291122,-0.1515858661598548,-1.5635043080466642,0.5314117621474495,1.538444863292901,2.1098604463963766,1.999320570660548,1.498706664168353,0.762153740167563,0.7831686375257687,0.971911359861969,1.2632347638291703,1.3040667230307337,1.7052843751854418,1.8269419928894257,2.5698520698245555,6.5955100978296635,7.679171704154358,8.208355830901311,8.758527997818723,9.452541903769529
1.120797502583065,0.3607977493604947,-0.9282040909089273,-0.6985573125531269,0.6613283674878184,0.5579637373257733,1.7635925957476406,0.7821853096333711,2.6145957655920546,0.02151433919621399,-0.8681195704333166,1.06124543915705,0.6414579028517877,0.10171467394388897,0.08945696126882235,0.855414951669797,-0.03976511030297806,1.0285942127537098,1.0553443534859654,1.3687030679376593,0.9700245436369971,0.6759562430374165,1.0815735861039386,1.1700994575983834,1.382299504394972,1.2934335364945815,1.2263843613236882,1.5714027461893711,2.1647203382213775,5.701247607570316,7.725994152396675,7.4067240814018405,7.909753229348658,9.642805808324487
-2.029403789562925,-0.14508546111320902,0.24204587888250043,-0.5650928394987978,-0.2378837409534579,0.44484312997191966,2.964643217708008,1.738881759690153,-0.616129997181595,4.089948710264124,1.1505437917209649,0.11858744542229924,-0.31532674549522144,0.9877765356406513,-0.051636655111768875,1.7663229826663234,-0.0980580002011691,0.6137860187925036,1.7684983534735903,1.3337373128957841,0.898061155671785,1.3537543278282043,0.8289593818660711,1.042045294926768,1.3916927049015326,1.7257795608680389,1.666541124992372,2.0906719032839733,1.9980161504132092,3.0926297153517166,3.730118571152049,6.169200998627066,7.93553067834393,9.624676268200027
-0.39661848216262324,3.8847914845385616,1.8831274387171955,0.3047900263972959,-0.14720780532983901,-0.13768279535649358,1.8165862245663127,1.4229886830502656,-2.2616701970191095,-0.16288368604452377,0.6297146047991572,-0.7853745494374085,-1.2248172023674446,2.086566807090525,1.3838582822558885,1.333504150235958,0.7693584803095309,1.1969230809956615,1.665090229056728,1.1009240859073162,1.5787417705652647,1.1145728770501702,0.9396361697005264,1.1303915189529916,1.252413179563785,1.7598284892147071,2.125513664599811,2.0648612466356,2.2775978672009223,2.5699081591970283,2.904156655279921,3.3673270159603406,8.45668329089379,5.371118597597541
-0.2205297275935314,3.090892506833026,2.1070596518141516,-0.09407748546117606,1.9598796859622605,-0.3313079169277934,1.4249784237144487,0.7996581930644181,3.372894906446129,1.640848423533572,0.832686026941591,0.8857840839468514,0.3879758630697346,0.7637766582990035,1.969143985533871,0.5142140662580809,0.7849731585384979,1.2774195916086415,1.1037395328974446,1.2757962128572995,0.8765475252138986,1.1260776186482917,0.73065843447408,0.995575507901535,1.4536538388579348,1.4238432395459146,1.6823133228992944,2.252943958006834,2.466334683055299,3.762236475401052,3.9705144905681866,3.0196001386811244,7.316406556851018,8.447098667294815
-0.4884875557519839,1.5581806471498791,2.041479229162296,0.14101048837872043,2.8587630517804583,1.575759309670078,0.6224530850125757,1.7828036053438894,2.7331774154784996,1.6239149411756462,1.168949100662878,0.050544456441480944,0.26375146468139266,0.3321721090512547,1.3255965118162345,1.3228361279477918,0.9377975771145365,1.2115127068265126,1.173133964542558,0.8041888382762085,1.522247397000555,0.7867369401315015,0.6500071906976975,1.209634149925421,1.2996602168500102,1.5237771969834957,1.842815699625234,2.6414643800162163,3.843632780841825,4.7651072674019,3.223913132412991,3.2837309227313796,3.0134359558434527,7.664768248582884
-0.46830079300983957,-0.3198282299564561,0.4063714967309043,0.059254505477750026,1.298526618576395,0.29234952189091334,-0.749779646995783,2.1268500654934406,1.2830142748057063,0.6885337668388488,-0.1869497168459794,-0.81824835909367,-1.0498528641556066,0.2835633039281813,0.5285549680713678,0.2195237941918788,0.9307929876824963,1.2153820789601069,1.0774648536994964,1.678102587006244,1.4312612140227208,0.3871806721622501,0.24007818304101128,1.214918639503912,1.5938280543345524,2.235877809555986,2.621525466381436,3.340660408455073,2.919597373899049,4.093890714077548,3.379067482363586,4.676612974543941,5.780326358657571,7.049980141708635
-1.210428127951165,-1.7252159521314692,-3.089194791003573,1.7075878329177003,2.1689612785120307,0.8678380723719997,0.3349607686203601,-0.7928012782514592,-0.15152670767136403,-1.1461262637559506,0.8088936378234258,0.5431895787126593,-1.1189458528762841,0.17035540482257283,0.38004931125372127,0.48962461516008016,0.49829227091212713,0.9630249925932258,0.9084206091825444,1.3295082491582253,1.5848983213368661,1.7915175608358278,1.1988432494192809,1.305357044581073,3.321204349444221,2.0844543534798086,4.84388740898344,2.6241639743246226,2.2174389351353234,2.4197613696744855,3.0531769993578424,2.2549381055568665,6.218735963733857,7.801443044094799
