script/wind10m.json
{"header": {"parameterCategory": 2, "parameterNumber": 3, "lo1": 6.000198445256149, "la1": 58.999992894266676, "dx": 0.5, "dy": 0.25, "nx": 22, "ny": 24, "refTime": "2024-02-25T10:00:00.000Z"}, "data":
[rows 0 to 23 of 24, columns 0 to 21 of 22]
1.5927743985493985,3.715977094353593,1.1616609361625234,0.11506994640642453,0.2444303021753668,1.2165431898842285,0.9640971174030419,1.4101353473376597,1.8039477851310355,-0.0890712043454129,5.608453260421497,2.0796035044993055,2.7913464273581248,1.9181680979792108,6.057517473520475,6.0860784591447015,4.603276737323703,3.778632378013369,3.7129691833531275,3.419436460514029,3.269817118799456,3.14774964176285
2.028039487971687,0.6000074470550315,0.49177072084613443,-0.34097524916307426,0.8624703520001249,-0.2916788751011211,0.6524310468433941,0.20285944219740548,1.5235969359470305,6.721618209348292,6.059464737188403,2.839693076758725,2.8193279747640716,3.496132417659124,5.589775269309591,5.503420157216143,4.338709432705286,4.638973338239743,3.9982061497410935,3.2177630000709394,3.1937979027213665,3.128945931619471
-0.20737536492703323,0.7598952764943033,0.7700656581285195,-0.8013569446797787,-0.21128549936294674,0.006995361428237057,-0.6230212792794456,4.759628817909695,5.205885436613052,5.645727573811048,4.934844268148543,3.1537636294536764,2.5156196636045736,3.9309889432964322,3.9031160350104086,4.463013451934152,4.373701675185007,4.729732094481852,4.898835672688635,3.874859391224261,3.9861752422641525,3.2233711320531118
2.09628858919285,-0.3914506794709789,0.13008475721353108,-0.5418347773995412,-0.8172971945962482,2.5360740365760157,4.7211834569916515,6.104783059572158,6.604047503422441,6.8969540135651375,6.945854854987349,3.6800403504192705,3.0249474544097077,2.6782767793539786,4.003955507316796,4.197687889073969,2.938929613965709,5.950858448775576,3.066888745628593,3.705541535514652,3.676128182613368,3.0706540126000976
1.8738953444328024,0.1635966660343916,-0.33397361268757675,-0.9969848098008808,3.2086717122755233,3.284576642811456,5.321526505751141,7.0893653069592535,6.266446626055383,6.2328011185271865,6.764745251299383,6.125224344061822,3.205537283384671,3.594778706134948,3.499142938620554,4.2015920278380525,3.468172307098452,4.133060565154798,3.199554009525796,2.924573845340393,3.2471599551278905,3.1469028698032004
0.0011124483271367335,2.381886655856965,1.93047490494926,2.6445359495387954,3.4602847025231327,5.332875044463094,6.846089757978257,7.225364838064475,7.349941009697641,4.933802121819691,6.953755395574372,8.453659053131236,5.229280145376672,3.1592967496502196,3.874470331372623,4.1323725152930155,3.4275025924271354,3.229656121845222,3.077667881520711,2.2917808970488207,2.502672133675241,2.5633769210456654
1.8583312676267885,2.4020970260795442,3.395860424632296,3.6831461305975295,4.71150941556549,7.581503688739928,8.261427212968993,7.4066160466070485,4.262518151784802,4.503414641784359,7.608705507850173,8.781677170086246,4.242306553973654,3.2446510111314835,3.114238554722261,3.5465163435189413,3.6572907956024405,3.2957211303443437,2.7573428602492616,2.2025132089797186,2.6458457528608097,2.314757863949878
3.6974368036756067,5.140459590263698,3.782565318638914,4.586040602662108,6.344719073133975,6.255794883784704,7.534578432415152,6.249129034813401,4.129650052167617,5.527038813693273,7.511763308600755,8.037224843971824,7.151246362829723,3.382635495931613,3.1119338611396286,3.2959646901370045,3.088578677937235,2.7815156735227773,3.3132543281547595,3.262384308285733,2.6556068840542526,3.0841437736969026
2.964061066171586,4.1595475764173395,3.89901722479566,4.702664612324185,6.338313400949261,3.3211906273357243,5.905544804592779,5.288560227592879,4.304223647779483,8.526696451063497,8.305851546962854,8.340260890832806,7.532273440478584,4.2821016363327935,2.7837253605030994,2.946296860711117,3.1839759064025417,2.8036967285889824,3.6823733322647523,3.012557440268953,2.849185063065208,3.0983253917163878
3.5092520961120774,4.3622045062806505,4.402388528818076,6.162805752376256,7.008421858898115,4.903904039799706,3.8665054444862808,3.9137539882735357,3.6349381082439516,6.766585725804336,6.016018116165046,6.54402914748502,6.883730172073245,5.795327072785898,2.581756706782028,2.257504274430765,2.494869341998601,2.493956102329208,2.729440096646774,2.7571479221790494,2.1806140648158476,5.436281444277204
3.326395492470872,3.705371269496697,4.996175273938028,5.959874648256816,7.782274534384768,4.156672346580641,3.935352954131165,3.9554257861521434,3.730185192801235,4.411388835197943,7.313835507449971,6.6182989527272245,5.491390399695747,5.708356364708074,3.5870757340257624,1.9252090021024957,1.8316676681048045,2.2348591855139346,2.3088368940024435,2.0903653552570787,1.4970579567011568,4.463550290008302
2.331015701479968,2.781915630860875,4.739967821303549,5.943423132578214,7.020893867802813,2.8196504871300845,3.298872783601435,2.9608780967190564,3.5215880630784313,4.297066484486999,5.276686775850267,5.561505359667192,5.606368038478459,4.452242394312376,2.9360228376161417,2.00780528020819,1.9205035541123947,2.112404714525234,1.9722896869411086,1.9573444000011393,2.119599714369932,4.840781724762105
2.154201340209945,5.320270043724038,6.739435207291741,6.01273143028018,4.403415704466864,2.024677742289368,2.150772847792375,3.015034878615131,3.7897703977459174,4.914190028065484,5.5442387629695435,4.340023191973276,3.191725814167605,2.7815069383501383,3.2785156692023003,2.5219282883779637,2.2571416339096833,3.8945306092831733,4.117184221512584,4.545044033495801,5.090072329721649,5.7305934873422215
1.971752444539758,5.730122859955246,5.368794716186335,4.312576528922506,4.431017035219438,2.9484760866207487,2.1028104757737687,2.0055100752061152,1.9162066248536778,3.7253938638965924,5.181258057528975,3.7235638487910183,4.251662976005498,4.123273943663128,3.7514718637945363,2.9549285658443547,1.962900830358123,4.82892721479366,3.816069609138469,4.751149833841255,4.789605247276504,4.78212687763587
1.5789008082217109,4.32247215228284,2.9968907012078043,6.283968138731189,5.7352775082494265,2.826101016150453,1.9650266108548926,2.704458465869181,3.914754109753465,4.255249834161017,4.670764506309081,4.197831861449003,4.374067910935993,8.003737717064613,3.6635169365163938,2.8042692148684027,3.4532476573734354,4.605146799650005,3.1213132922511915,4.759357246254473,4.286111642012019,6.022438255645395
-0.5860579604455086,3.3558971055126436,2.222231070833838,5.755930395712812,6.601242728898451,4.28390827201744,2.6071490888613744,3.1075063252503563,4.813601722766746,4.520764396655405,5.752554976837753,4.312983650912837,3.9019718510678687,7.195763185508478,5.945646589593129,5.753730044122816,5.219294804156875,5.069709029829624,3.1381113706973385,5.1985733534833924,5.838377656386443,5.922143937017135
1.1728687912235287,2.000730742775545,0.9405356091773945,4.566771309642226,6.7891470504413824,5.778519670959219,3.3446435044262057,3.358030267637961,6.400902305079467,6.816015797789775,6.082559032950129,6.404390124504677,3.939701263355364,5.133249663597441,5.761170398171256,5.311801057611515,5.201397012903132,5.456832099031963,3.6601188152308777,5.002532997377916,6.1893532389781845,5.313804825539444
0.9109167035367088,1.4323970052310542,0.8495053464668215,5.515993054556221,6.347834065333758,4.803269417404005,3.191283590069034,5.064762790514735,6.740978706942764,8.040026898278398,7.25168366355229,5.003896811752756,5.20749639049054,6.454547650353502,5.443410315571767,4.348312000905242,6.082619175297143,5.072482605420266,5.079367017607915,5.394958911896636,5.0120059596185405,2.9615689292360874
0.1881040364372058,1.0175654805190109,4.194892723669566,6.533936846788183,7.393510718825478,6.916445138092021,4.768322828908725,4.371621374182312,5.319387704879507,6.071573687690363,7.126821493389997,7.487499491085112,6.260796457224639,4.998860955116659,5.272595811287817,3.964996792353625,5.097041852703803,4.786307824263097,4.8741072372068,4.3421356286540815,3.2284851110637915,2.957797914509743
1.3599238181522262,1.1288176032043944,5.313051378008085,6.119930932657471,7.85193567668917,8.807223999591379,5.271150888134309,4.983482877351921,4.067377079624387,4.8877353845482885,5.808675550397887,7.689060627936519,6.49292815891753,4.370413861670352,3.3532539715143375,4.212187856776249,4.827546232423551,5.115018296844829,4.035347968094545,2.8324104432778547,3.296550601463185,3.3598784473365044
1.5159497347516466,4.106977242080757,5.868988991392956,6.681670212986765,7.458219778002345,7.961951322441604,5.386272818389364,3.371224523122587,3.8071457030976865,4.316477024088056,6.456610925943712,5.991093369204066,4.22547722960283,4.5124615254402745,3.572662296364429,3.585881333664226,3.5879681774823005,3.8223429917939042,2.0247079859198105,2.6504736990146056,2.8015965823898856,2.75885247091825
3.0414662753715214,5.712673077044974,5.62509503856031,4.796837969278861,5.680135300132917,6.410859752931029,3.2694601444639493,6.079944791658833,3.7974602317324946,4.344059018085387,4.0992631547851435,4.772827993926164,4.944077868777339,4.624013020395895,4.098919519841204,3.6537873650551194,2.5046594106956976,3.419691845767636,1.828575654335013,2.824387815900664,3.760732684183344,2.1548609475633778
5.183256318484553,4.998345332004021,5.615232622981624,3.5474193668064347,4.553730197033544,4.317563450645824,4.399187981859988,4.899986473293379,3.5928443460762898,3.5887872455459617,3.807757735422189,2.869238875697511,4.667768317295688,4.087449428373998,4.045805649377576,3.965972282469649,3.195732773913497,2.0447573306019184,3.1292021404766297,2.9474578562344487,2.036934769487016,1.5342146665106549
2.542356027329193,2.4960135338793945,3.8251674260715354,3.476205609810015,3.8519203213596276,4.566255122729756,4.362306785949874,4.2764441300385325,3.5652152273242423,3.0850586679972665,2.6359083008304256,3.060935168540719,4.006403980162124,3.2865182837427387,4.313233232661827,3.2598296361430075,3.638032453700741,1.9130865846121146,2.2210725983549406,2.4992384492794137,1.3950805012080743,1.6947691930914681
