script/wind150m.json
{"header": {"parameterCategory": 2, "parameterNumber": 3, "lo1": 6.000198445256149, "la1": 58.999992894266676, "dx": 0.5, "dy": 0.25, "nx": 22, "ny": 24, "refTime": "2024-04-06T06:00:00.000Z"}, "data":
[rows 0 to 23 of 24, columns 0 to 21 of 22]
5.650976284108319,2.1411939446481854,4.910418094739775,4.120428400565234,4.194151709897881,3.672487748560274,4.908023600558911,3.7661545805023557,4.771313320790156,-0.9402176652466234,-0.8869900685136618,-3.4911991455323195,-0.855756124226523,-4.084334788039369,-4.0391105120990884,-3.344576259080414,-1.635574088039195,6.552965323141089,-1.7113114423604154,-4.692147145891574,-0.049676819703617835,-2.047168884329926
0.5709859249364123,3.5337299520065324,4.873285942543855,-1.901660614860117,7.379470400298812,4.703848206825955,4.272491373167726,5.47101340320076,4.224171703360563,4.207225835202196,5.604491608150465,7.030622824615381,4.595154637635027,5.36861805670774,0.8547690388735816,10.050130002086473,6.369725637389556,-2.451145344866805,3.8145042297657694,-2.3618874903223372,4.545609909288377,-1.5150214775877335
-4.815168532368536,2.911735260416871,3.503002399661707,-1.3378157326792015,2.3292495935045965,2.4134418410191683,-4.218243493191022,-1.413679807345011,-3.2797927097109594,1.4582668882101,3.412897824144573,7.291368562117924,-1.9559897262768704,3.8491213612042623,4.902249442334252,-0.5261877368703782,3.478220413806879,3.313386165589491,-0.41326684014839354,-1.8099455134941314,-1.0348361520431542,-2.5120582748567
3.827026982883804,5.467845060017852,1.1005920965117226,-2.448689398756367,4.554457465618498,4.98590653114251,4.071921459310174,4.4624312246741455,-0.5003062227283408,4.42968604877679,2.5646504426334844,3.6729107001019945,1.2009763307612649,4.59545654903975,2.925316055691326,-1.4763337903672975,3.621881099946,5.410707372340188,5.063426522692139,3.9205549151612193,-1.9751108877842205,3.6833983532181103
-0.3088339151052552,4.505813416559731,-4.041961463615198,3.6304305905149787,2.1731658202429,2.054295727282048,-3.2868883109318854,-2.4948857680919874,0.05951525303222517,0.7093079177316375,0.8766423314515536,-3.4940833537743003,3.691144885896132,1.5659929177849206,-2.9373610028810773,3.2046081805946667,5.075439210975116,4.32317347391685,0.957334837894942,-1.732328244528795,8.459029691563323,5.377120702941114
-0.7244329289766797,4.376016680996073,2.9528017341092823,3.5118422654950883,4.04512637755066,5.303702444548337,-3.465892436978007,5.333079690635505,-1.9594068083679324,5.277791594058571,5.189857347407388,-2.0281932106425486,5.604371975113842,1.1008955195508352,-1.5390244136231483,-0.11004759482819962,0.19162427395811343,1.0389781462698788,3.6941690983757955,-0.007677366495546879,4.024123603007267,-0.02520598542411092
4.794909968784125,5.697661531421101,5.420800826842271,4.112061738087801,4.958613346262562,3.946576014382997,5.566291813899442,6.996607503817416,3.4294263436572723,-1.3171749345872497,4.540781091094583,-2.8019067400222064,2.703973125227972,-1.4792596546025267,0.11742161498622956,3.847776416598234,-5.533556297113628,3.706438045876904,0.9823754912509887,2.7626992453192742,4.650354593511336,1.1198303290306981
0.7649818434220172,-1.7893849529118853,3.6982617156166193,4.923731816697881,3.2460707426636928,-4.175694946875189,2.327420244822271,-5.375824317445482,3.4512837158005687,-0.6746470675985243,5.564012497984872,3.445042637419899,3.920655296043176,-2.985272401190738,3.685521032625847,2.633034746376403,6.01875551792124,3.748098458468832,2.001971678297569,4.750349019400302,5.8542150741929895,-3.3845226530622785
5.432988641536819,4.379790347261082,-2.8225202436415655,3.8422377992724304,3.8641793620876896,6.203585775609189,1.0094252724868817,-5.435700989573641,6.257982173596428,8.335943702804453,4.056987022237377,-2.4892988542644834,-0.10701583921216862,4.529140827094771,-1.9904441646041209,4.182220070294347,4.3755170846116584,-3.224505151378759,2.6182762800936272,3.3439384157211007,4.726551627275497,3.5203867823404127
-4.171942065837789,3.9764215014350244,1.9013440089827278,4.097233413285899,5.133584708736687,-1.2932532665543235,-2.581446556519297,-0.9886902692059086,-0.06298877538364968,3.592215000818952,-1.6186860750822936,4.842176704449055,-1.2548695952103124,5.550809747426542,5.434410801645567,3.4835151861781015,5.103050112547224,-2.3411641236880736,0.3283146507131828,-1.4289839291551443,0.8344269560529904,6.488451594706806
1.0799834084265425,-0.8725095665796031,4.580770704013924,3.8644041723260463,-3.4854724719433996,2.1749313348536674,2.6301055428790097,3.4605381722212405,6.522475923633142,2.7647454583988704,-0.883922762994084,3.7730421265438445,-1.3627675200645366,9.939554454278925,2.253298438387566,1.7282131934003808,3.7652391682204227,-1.2573955452289673,4.563043547890199,-4.453020057762039,-4.605408573458982,1.1069352196729074
5.020215103581102,1.1027307856945292,5.451871267804651,-1.9578342664484918,2.4072340945839676,4.568631456398407,4.792689377131266,-1.380630552416726,4.549118113191556,-5.941210265064849,2.9978663961978027,-4.045235028211826,0.5305909114120221,4.0991149460354,-3.342983149500283,-1.3884615054357856,3.4604659448665314,-0.11101317749842571,5.608998793453477,4.35094862474745,6.5358968982210595,5.818237332341583
-1.1229814644453793,2.1488117791981165,10.311541408552246,-0.001842101022552071,4.600008556668263,-3.9918378474477945,3.6881395451323065,3.56340664144674,-2.4451781938529065,0.9719932174008019,-0.3472113600828296,5.709902543878908,3.9321371515489023,4.893556457507644,3.0014775713456183,4.856762293921733,-4.7932142203595305,1.6607684237659681,2.4717240370750857,2.927704515706507,2.6924018756245442,-0.19932732169866665
4.436947432400288,-5.768724760240633,0.8828016193625702,5.1882584810355405,-0.7801437098970861,6.168828607394908,9.91039258352389,5.317404966479923,0.37405942627962463,4.434837300973281,-0.7758167493145299,1.0022246142145603,5.060265654929622,3.3821683282937096,1.2877736339565848,2.637634810003496,3.1337215634150426,-0.8808944651698355,5.303364451941349,-2.9922589193960873,8.446479343796522,-2.5178541421727965
3.5866941278405573,-3.9774544125875724,8.406502423673125,-2.0079720352521613,-2.4960910037441804,10.313469962869368,-2.2472026179064417,4.412497143168568,3.0528151971090316,-2.197438506258297,-6.029655218819095,4.635680528459326,3.1184606650084925,2.9567282307306124,-1.3915013837935961,-0.5155986756085785,-1.2774385194275821,2.739157626822789,-2.240607864426472,1.7158574163474196,3.279067068169199,2.5563725079574064
-0.44813854741375786,8.52192008345352,4.652533955732613,-0.08106637841407294,1.6445804943332856,2.806127177223528,-5.394504881968002,-1.0043342968113953,-0.8061583839116118,5.457167939107479,5.499238534601458,4.269128963770234,-3.311924164176315,-1.4250173204047283,4.304589566855301,1.7990866437433473,4.092487603640583,4.5667436006142195,4.398995726545073,-0.5385855024035979,5.368313719711276,-1.4309530690709817
6.696491239047736,4.362262919110349,4.56966632214871,1.9480390839418358,-1.0961759522437142,5.157928549673356,5.261979881035358,-0.8588430678238038,4.607619986657798,-1.9961821118054175,-4.678897138134745,5.4449967708740585,2.62585216024065,1.433162460760884,3.0101775015220364,-3.8145745031775093,1.8600998481629971,2.917087240551698,6.090678303623393,3.024237883569511,-4.151920563956597,5.724605165742118
6.186717765705772,-1.3194560250631078,3.4894333104895425,3.3504701230016716,5.203308282389492,0.8491973767481876,4.122766182952284,0.5388408366690717,-4.569947545399935,3.0347190079681052,3.2672898948309217,-0.2651421342976198,0.5501035970089397,-1.5100066330634567,3.5665590349211493,-1.4028999311289894,-1.5051575004037214,-3.260278703967309,-0.5767891133906303,4.883149678745999,4.726856370333345,2.8319405838612584
1.2507528069862943,5.845039517241932,0.5832951581968123,2.0512384216302664,5.1510469444065,5.019934783267179,3.821721680568128,3.426674069746389,-7.4197687466996145,-1.2822793926507234,2.6124702993488187,5.039161290382364,-0.7490922277346103,2.8795410828329713,4.742846832802968,-0.397654130468327,0.7409606587352826,4.027035743017437,-2.9252000985540105,3.1198068010725044,6.0311908518004635,5.263542111814149
6.239665017684416,2.992876213586521,3.5746548524786053,5.728013306756585,4.986068299529805,-1.4560374499030908,5.517758096226612,3.9550985947023922,0.7989338229641891,4.727469581552723,4.14722410479906,3.0253190788294173,-3.245108765206057,3.847209517934236,-5.945539106179586,-1.6691296198911514,0.20118184920003762,-2.6267036081394455,2.8161838904479803,5.421706537387346,3.7280249746378122,3.7896421118012986
5.935104484201424,-5.332735948373953,10.076377097018543,3.172059996480727,-1.3349537291143538,-0.8469056569309843,-1.6554423515397407,0.8859815665433038,8.083619243664584,-0.6786275628256943,-1.523033275729086,-3.3282752756077176,5.887227660033868,-1.0993435587348337,4.551562758637302,3.6047893489191725,-4.269555241515604,-1.2253427868719866,4.4938469128551,-1.542669881489255,2.920319286869596,4.450717610926029
-0.6901407026761599,1.9738076304508734,4.734208544127872,-4.180083455960243,-2.500253686748665,-0.26434442759446364,4.92782305654159,3.2648089754830374,-0.23310735455450485,3.804292974377668,4.998123103737366,4.230189579778065,-1.5780132088977623,1.184492579376731,-5.3163236544038535,4.839757265009073,3.36540821238702,5.373300229869735,6.0718954427743554,3.6346332636841745,-0.7636140844102838,2.578618821984956
2.9584569919343435,-1.8297102015840236,-5.329416535632603,3.403789008772052,-3.505073211938455,-3.335132333739594,-4.0284317270367325,-4.09912515253638,-1.4343522299682712,-4.470931813650586,-2.6008765719499607,2.7086922345359072,3.784927482275531,-1.8953342240493907,2.597208002786957,3.0918852407894493,8.378200310797622,5.150326535971351,-0.7641632110023083,2.5285000901887282,-2.220640389112106,1.2966727806458702
4.87543792337387,4.045670986103061,-1.9224550489188443,0.35451648072764647,-3.127400549064852,-3.9137610525480278,5.088598665536972,-1.0195167413674,-0.2850191909336979,0.3541411645663937,4.9627023322141515,-1.2540996309493024,-2.8549307805751196,-5.4426054992087085,0.5285570353997906,-0.40450801572934375,5.060373375671651,-2.1419382591562472,5.865248006318736,2.5769080525045625,3.119690917015556,4.246843519196984
