script/wind250m.json
{"header": {"parameterCategory": 2, "parameterNumber": 2, "lo1": 3.000054539987559, "la1": 64.9999836372058, "dx": 0.5, "dy": 0.25, "nx": 34, "ny": 52, "refTime": "2026-02-26T09:00:00.000Z"}, "data":
[rows 0 to 24 of 52, columns 0 to 33 of 34]
-11.326582735008063,-11.941971404535222,-10.544462485973451,-9.951428494905338,-9.922492663170331,-9.62728423061991,-7.707398661943653,-7.051666540010428,-6.199812205110703,-7.018432454890928,-6.446530941678814,-5.7494776005926695,-5.666702301456105,-5.688731061390336,-6.712509725570108,-6.152578715775782,-5.479642250510958,-6.030219670493868,-5.579790713982697,-4.86900287707145,-6.221669847317103,-2.4911454534927233,-7.254752985538055,-5.389754881075907,-4.859792670688879,-3.796211516168889,-2.498361749887554,-3.993403747379706,-4.899544154035478,-4.597277712909195,-3.9225392361123976,-3.5097223562602218,-1.680661168089642,-0.8776352851832828
-11.25495062603477,-11.48313414978368,-11.264918984924165,-10.957542230390448,-9.226515553106402,-8.398975615009313,-6.987319481636477,-6.850802244617559,-6.747243902903249,-5.885918848549513,-4.667855435235888,-3.3379294709589367,-2.2926021672130026,-2.822530019693342,-3.626243879870919,-3.2888102590999737,-5.752177341491051,-5.213321375577779,-9.76138380076858,-6.040983262735218,-11.28429715730857,-9.409357505720386,-5.944166215801802,-7.112558629619025,-4.50465657198347,-4.434845651434096,-3.1474323671591935,-2.3716186294979393,-3.3919082545734125,-4.106839152965474,-2.1871508467918575,-2.000271433169115,-0.9171244382896753,0.1725502223071719
-7.230647672532543,-7.09764136227151,-5.599787180689238,1.40970773321037,1.1466649130559157,0.06177723112754743,-1.5512094723230574,-2.733602911172607,-2.775881974751978,-2.186190807199608,-2.9762815298178102,-2.6452066013138085,-1.9461772151293508,-0.7683051873568869,0.7770717486663326,-0.44175664034219403,-0.07260368175936768,-5.017192067206799,-6.944206044957537,-6.24625779507904,-8.790742228105431,-4.307458019686298,-10.22568771998068,-6.0028447687532385,-5.699626919439176,-4.197714830703347,-4.023436051186093,-2.9055780601195145,-3.569969415333602,-3.830122798140696,-3.106989475724153,-1.4211052559124184,-1.8572509344886117,-1.2560680102134718
7.177859035558956,7.513669341684394,8.026079799083199,7.254644241523839,4.347740471429281,5.189304308526235,5.045100539735985,4.4038695810183235,2.1328843638668036,1.7971119588433015,2.539077845679525,2.7922767337584076,0.8340165682868891,1.5744002604921288,0.3204431146382423,4.037349191979115,-2.168124467574744,-1.9656406689295232,-2.267819652984223,-1.9755830160430392,-2.78778646507907,-7.241751588691031,-5.758812048654732,-5.456995232284187,-3.5119968370825467,-5.378175900857336,-3.537758250301142,-2.5602301389993154,-3.6312543069055185,-3.529497469223404,-2.9254678749901717,-1.4213502637092104,-2.1079120710784114,-2.900231466711044
8.366962015201699,8.644349277253495,8.020243726522319,7.985752371395999,7.722708952689271,6.385484036929679,5.964764733368072,7.271028037526032,5.859042570656624,3.52124506934142,4.777773434970514,3.303343835469895,4.407966858814979,2.864210283370114,2.4468460981298907,4.637291103569901,1.7938507004537991,-1.5514598134432327,-4.033744490591647,-1.6062804307685121,-1.169621416109167,-2.9386953241153306,-5.546781360762769,-5.113050634517965,-3.282928556704953,-2.2027177764672565,-3.184956044263121,-2.8774454275768164,-2.4560453486116653,-3.63253516174257,-3.2459135190462067,-2.044327103530713,-2.8608675646668518,-2.9487209298114747
8.81924547418032,8.988329264249225,7.516612209598391,7.037703348253349,7.361048261633379,6.955704510655144,5.797932821082227,7.523768206400157,7.010584781033939,5.353033099582905,5.426759901037335,5.277070283199214,4.025526776058073,3.233361374822029,0.28622657475805774,0.27841887011903893,0.7007532168353641,-0.10682638484671161,1.3445536574727086,-1.2500599900627571,-5.80334344358513,-3.881259464158993,-1.8183400992027376,-2.868064219204798,-3.619012408979485,-2.4460320116022727,-3.1600649453045624,-2.7489053025394283,-3.1890063638612896,-3.098509956549611,-2.2981053298955736,-2.603377814712388,-2.677453631289235,-1.8188691259128875
6.371700450791885,6.622549894328337,6.742013898616497,7.428805675327689,6.212175896737914,5.9879182351561795,7.788861848834229,9.539305393432997,9.219596117687908,6.444842917840159,6.417906284411408,5.838708955186882,2.931666579425498,4.791417210362892,-1.1843454304841337,-1.3304134100224985,-0.32222559369748177,3.8161342469718686,4.629061307991339,2.132875992618137,-1.2087323628262636,-3.5271031696490502,-2.3623841020000316,-0.5571023353916316,1.054910176004386,-0.15053812117010307,0.9685427271551902,-1.6026075360186465,-1.2731882036276516,-1.2457821441106782,-2.625691061526739,-2.3522237882761683,-0.6743499498464235,-0.3345919269550533
4.254777851069226,4.65171636437814,6.2179816456537695,5.56726989977525,6.655424423689559,7.959440809446764,10.6917089580659,10.372842659095179,8.107907734731672,5.907212533328901,4.033135194116747,1.0869330710505931,1.8985956379165267,4.599610725019877,-1.1301304547191806,2.8196078208492876,-2.0230760482588686,4.4545897183120955,6.846968494500299,3.9247618675382703,3.8279907969908695,1.230425763335097,-3.004928968820872,-0.3673283234946983,-0.9791747583569109,0.9431372493270562,0.49634638081669546,2.2287352683014183,0.38662249571397866,-0.7190681529282942,0.6861791501541946,-0.4733133030032074,0.6624839307765913,1.620669148068767
2.7883448423453148,4.198888130838902,5.272743463466825,5.670166612795213,7.831909341529075,9.026008557449199,9.30593662390386,9.105722354548085,4.757782434641584,6.511025195029007,1.8558401541067944,0.05129530144431788,2.181616579546842,3.5136248516756385,6.15257795288135,0.25224719602305296,1.9144171934885048,10.088587931057635,2.109609568850864,6.905670493688502,10.82720201785692,10.427325505287799,6.821842026760067,4.247116955551201,3.1787390032720086,4.027031601751962,4.169787299946346,2.770394685722927,3.3925625067576917,2.670296878889233,0.8936304553889558,1.641253192304335,2.8892275193281263,2.9996711977060397
1.769330617502031,5.183779001300553,4.820886861516331,5.86239945350922,8.541466265657903,9.771294688330764,8.230020704350803,6.436134913701783,3.7501647307770574,0.5064213021516548,0.24653595026741687,1.051567871058103,6.825138660518007,5.214272052890298,1.0407875538668225,7.4791343748645165,6.99282318835843,5.202843144919054,4.6298368458358885,6.538447810077877,10.757436820524934,6.8230345853005145,9.287510564513806,4.067797835470964,4.6112114373730355,5.766901065913193,5.416389984969562,6.246679612851251,5.093181258510141,3.726305625727183,2.935545003386397,4.422741194393938,5.113868646850978,4.521342811639796
2.421465281157607,4.611912616878737,6.6818406377314945,6.614906778531082,8.14650003653768,6.336950196235368,5.781798638704757,3.3398316904208594,4.757141819695749,3.018126340448544,7.595402900209966,-2.771209946876485,7.572607925586748,9.682184199893218,8.075975083274566,1.7665875997892186,3.592126520098319,2.760675736595485,3.7008887862794975,5.476590312444895,9.604740640337372,4.380236195770329,15.164487901341351,4.175211026403499,5.406997869892877,2.746365535332415,2.201466589157363,7.748527021458747,4.485231606125798,3.4986971178725046,5.661636930973389,5.27028701176942,6.434436273122387,6.323529713451273
5.272106075689969,6.0550427068141675,6.1909335766399,6.74235147517683,6.272263013332295,2.9982974602056074,2.978170823870811,0.031910503757680425,-0.2995515575929841,5.407278232181011,2.4600127185085183,3.88538226805602,3.3151929272241283,3.662279031037237,5.038526016583112,3.5092637651336998,2.0867753448768673,7.0471782575166015,5.3314028879410085,7.282411034654485,11.914267309375655,10.827409920505286,2.513501771182843,13.1221138354436,5.436377236400527,4.858548193858933,7.181206826290074,8.772060881197104,7.292177188840067,6.5709809250508675,5.9474713742669785,6.340009366239604,7.369080938656246,8.121827811480921
5.233550428168423,4.78858797923775,5.545220480693788,5.977740175466173,5.238642857240497,4.008594977347153,0.7903452153506877,0.4275543167648704,4.178816904783932,3.8888915824633146,4.7799716783323,4.900880360613381,3.3249339889054563,6.724965121807863,1.0655417711335708,8.927561275243097,2.9798326824569945,6.9960891247191865,5.040801238384719,1.581426262685671,8.47988896796598,9.677654089080281,10.50506003862899,5.448157396589363,8.003409613581844,5.002308242782854,4.4156286432451415,9.1451158189006,6.029035831633031,6.322350369644118,7.896604971618302,7.927812160875565,9.665171529899148,9.533804588575224
6.84610119911323,5.486946565863924,6.156371560704867,5.637463893164564,2.196720969858402,4.728353024222513,9.10308620783285,-0.23003670339951388,4.124532049316966,6.6824389502735775,8.096793466824188,8.046661306985763,1.0908468740878186,-3.1172034497238887,2.9584362286617907,5.4675835773017685,6.184142757800362,3.1613394179044336,5.099506902548043,8.141625225687404,0.9864307287311928,8.465432503377585,13.743148499424679,14.804240618656722,4.1040641077785995,10.707277981264538,6.849801870715447,9.631237666950936,5.768945257690557,7.7407297867414355,9.038398134941762,11.399634018227422,10.713186653312619,9.606508661935642
7.025813547594242,6.195454431495391,5.943403668834813,4.58702754610451,1.2955390204919215,2.3120602317079415,0.36936346051103813,9.286777876994343,1.0133226645499678,3.9717943256777573,1.0835300512807016,7.37096074194245,6.834064672909175,5.929720978730622,5.132298709755051,5.630342606458245,1.419260704990671,3.6838813275060827,3.4484762013618,3.239889801056356,5.064448416206137,4.240309546347474,5.136938101852775,10.661933112069963,5.067106044991901,5.508726108734655,6.562538574755755,8.525354860313023,6.35791463597638,8.638713921143106,11.10837087425526,12.3383591640885,11.05619548478751,9.324515408954959
6.507128079726293,5.97061129179243,5.967975435125831,3.6235750730663474,0.40369016579981815,1.7112152291223695,3.4699331989324453,-0.7238580450847456,0.7984619404954914,2.832109642034455,3.520002417018187,8.100912544898334,0.38187852818194706,5.145377126910944,-0.5160182921342261,4.331088095900492,8.567742801772992,-0.635631985906596,3.8909269566712017,3.4218641949766924,12.242605435102757,7.375351092982679,0.006472855613781162,6.301808399788756,5.266041755106533,6.030591281488187,12.154390962361372,5.902264188892672,6.139417253458329,7.678845949255611,11.994299226790686,13.263794024437397,11.925425535068472,10.269846207581619
6.0694906427592885,5.727213652444844,5.725098734439787,3.047533332395971,-2.7592015781659005,3.5015898893131725,6.984845341280718,8.0077794824254,-1.465852778580605,7.230925236629366,8.926986303731196,8.334839205374395,2.578298809550512,-2.213100154876417,-1.4412836679153784,-2.8875332633944675,1.2815628853189507,-1.3615365288862242,2.564810302101651,1.9609275417737513,7.469961315245215,6.691790154197681,6.148939387004686,3.7497888774668384,5.770200019123837,4.850557382439936,10.984816628429035,9.100426696450647,6.31359103990558,7.796642480455195,12.182883349294798,13.605321836577433,12.911542035857755,10.333640544846885
5.335348868650772,5.877979344906712,6.394103706337099,3.8718340712622847,0.5088983798730711,0.6304538903789542,6.157966035769228,2.229604318129948,11.287489445661015,12.580372208079348,-1.8716583875498805,4.309018037454833,2.4474235838679594,3.2063949695632337,3.1175149416786825,2.6253290489814582,-2.295480665868202,0.7611392686510979,3.6239796851869714,3.3347234483444046,6.056889798387914,3.1252431487798877,5.508249411926539,10.032460258716895,3.054132546673114,3.907951324947637,5.54149995097579,5.9597811350368675,6.4403944966212485,7.986747860639253,10.87816855123572,12.9394182468199,13.240779260365217,10.535294818878945
5.845913745855616,6.089058022670915,7.199194226665617,5.984154977170822,3.043779162729469,2.64659953014599,8.667480955851,8.40134488903088,3.5963928959130547,9.47506483749784,6.309262298123695,2.861854011197233,8.485318515270821,3.665185480908593,-0.875776478557812,0.7889291376084039,0.12359696310723436,1.4051990200343434,-0.4401597486021641,2.100689929160187,2.3018618745553265,8.546781930186535,4.887709750026283,4.870205598108748,5.502137831253295,4.314017112873911,6.152035532313076,5.129024245889507,5.983778497013721,6.133542248371312,7.36813876669838,10.668036931514026,12.126410898735141,10.421194606670799
4.653144984042809,5.630053360552858,7.091267888281172,7.555101459253226,6.427750262694668,3.361295645741529,2.6277838229516424,14.193836277624198,11.40482953450743,10.280627569562688,10.270768778837768,10.89000993532854,-1.7002676702707773,10.480157774575408,1.1869879684581779,7.68769271600205,0.6658645600114792,0.35169705615653307,0.740547513584604,1.7043652859925853,0.7411917148473167,1.1254153141138397,6.079504614413708,8.089748869934406,4.07826932778742,5.378107606866381,3.9767087592429995,4.7096218640687475,5.114818635425015,5.954297825626912,7.383771877311899,8.39702597617935,9.97750011117332,9.50805942542844
4.539791332664463,5.263017268864606,6.978645461601269,8.072059940081145,7.9606952116113865,3.4101084192092808,2.977470447208301,5.975933457102124,8.638261593057637,10.636606181047444,7.767915851780063,9.496994875027797,8.410307819827324,2.3076562402524874,1.072943660893531,-0.6923620391480885,2.0888428301583923,1.7675807392774987,2.738999887175888,2.6513245567540094,3.9529249059495637,1.4264131144361623,4.731324012147579,4.857804792431749,6.378767411500321,8.043052771245726,4.678576829863482,4.771952785407888,6.537700798534701,6.872200829855309,7.964248188470594,7.964958153367116,9.880612582260873,10.98997070862395
4.0769279543675205,4.93938605572001,7.2426487501843715,8.110783006736886,9.040845779393015,4.158160370120192,4.148496409563876,3.8776516496505096,10.019350178313555,4.394025994334785,8.533276849262062,8.511958996806051,-0.046125070953977054,5.158505922516018,-1.5892030087272486,-0.4095314655151839,1.5319209278585535,2.3864491258706098,4.23199260766711,1.4795902206500937,4.995190720468145,2.6511710765899252,6.521929109634134,4.899633626068999,5.842788335351695,4.495835860648705,5.982855489250238,5.341237084507814,6.755743527992214,7.509050816040098,6.87183409991827,8.127634522143751,9.049415899010139,12.964297758654988
4.358644558513185,5.505123060749109,7.704278962897059,7.884438518714722,9.181192008702968,4.445188990845756,3.029999905095441,5.914881782108659,15.084094765402456,11.795103797302229,2.760880156003601,7.259036138124344,11.923981905096397,9.361083692213313,3.899011018463764,1.149562331640622,2.809099680242073,2.8184109766051533,1.663498407344333,3.471157648801189,3.7371250233588613,4.292842768932683,6.386741167250205,5.0245549500589295,6.025165220391084,4.338346855857581,5.515407708228276,5.696719260085661,6.707978420521403,6.788983974210785,6.632992432821979,6.967237793172578,10.95074181069996,15.112345000234917
7.228999244315026,6.5328652316270475,7.900626526193083,8.58892099331048,10.724215612261903,7.548152784982521,5.4293431520583,12.112048545353474,13.144116661187006,2.690580095766263,5.036162191717329,0.5612464600694425,6.601635618203773,1.2486005421379833,8.613882255445793,5.041855432306717,2.019663817938264,1.6698872583968405,0.9528081590734317,5.240276181773913,5.012567875469722,8.526257037139478,6.413308676878277,5.005340305300076,3.7953027761384353,4.418151735971206,5.253514358233423,5.8324054445334506,8.341909756243053,10.00293576511471,7.5037581849727495,9.584638425643188,14.384365164188637,13.778050706709783
8.840916043645858,9.053684786090917,7.400438638503125,8.130858996528977,9.282369094056044,10.217365927737093,1.3967764158131255,11.514370409514287,14.867828005813196,4.647621062297289,10.50973939632438,3.0316481092190237,9.352716482296545,7.3464973377051965,9.809999529727587,7.183386269395891,7.210519484672666,2.375965079680968,2.918062912509663,4.376196870388918,7.458553773003698,8.899475050052578,5.806329920238326,6.2378299995266815,4.270186699782368,5.594009935258719,4.961361738631082,5.333339638419111,7.0956248209990855,7.777523976284937,8.834677629773854,12.8833683871439,12.927454792729202,13.077197525580825
