script/wind10m.json
{"header": {"parameterCategory": 2, "parameterNumber": 3, "lo1": 3.000054539987559, "la1": 64.9999836372058, "dx": 0.5, "dy": 0.25, "nx": 34, "ny": 52, "refTime": "2024-11-30T08:00:00.000Z"}, "data":
[rows 25 to 49 of 52, columns 0 to 33 of 34]
10.775182066652624,11.023010105765787,11.098385783903163,10.52916789983058,10.693274152131275,9.483533408037346,5.783558310163203,4.311532557460864,4.5722021002975,2.2596518692569996,3.426513824749559,1.2619077308870075,1.9023715312807234,11.658230722783475,12.035077624650611,11.775831958354424,10.797658164919861,3.6881273721094665,3.3489075831871595,3.8475003616232653,8.648927524278529,7.5623352727017075,2.8201477251040754,2.7174829127960987,2.8127525474176864,2.509384692998163,2.3760824707491897,2.2403094725788906,2.7272549596390063,5.728581214709048,8.926743548393365,9.355216545589368,8.722892286890108,6.239780279035114
10.934883204367075,11.086182821256374,10.491849921083539,10.523266207688152,9.996189845322506,9.543940751446268,3.7118264021775036,2.8408093801351257,2.064131547662916,2.20084922612896,2.589723271579862,2.833115681199217,10.14276147256062,11.566597529641689,11.002528764657258,10.458303556279402,10.641219890028307,3.412746418081295,2.9261698624964696,6.711311094884702,4.745058594943041,4.0580058856763825,3.1193274206506785,3.8499286690780683,2.9950916783376957,2.0625141446238717,2.3605597745067386,2.172798491334853,4.496801120640284,9.66735530545875,8.753895549855963,8.229649646525568,6.643990885526939,5.506804071235905
11.207625976917699,11.079166019304948,10.783861584571238,10.661089804212757,10.417070517604342,10.074904678139156,10.939071289506787,3.7867189928052882,2.929095276773801,2.8367128410254048,3.613671085336239,8.643493208946685,10.842840625999159,11.380175040685184,10.509476850393588,10.212502646215441,8.13863534988611,4.575692643784751,3.5961453930937224,3.41742983782097,5.46022064990646,3.4686182929449205,3.2911727810045246,7.552748325935203,2.5010712365166383,2.3889063426977732,1.638149273047849,1.9002542962511884,4.548144105058795,9.136275067677207,8.30136953593535,7.451333077758637,6.832060465649426,5.925977932247658
11.210939586798503,10.538233120680935,10.456560137890982,10.543647979078031,10.862427995883191,10.612121366034122,10.339603721554498,8.903479874295424,5.532205207270451,3.358036719197268,7.519081483273369,8.222555072271255,11.899051822041333,11.542202503616526,9.967870288840365,8.841427437600958,8.299873078866415,7.886860773332292,4.150134205116539,3.9052672212383652,4.090286541671425,4.3719384811412825,2.9751840980979134,3.064268246639402,2.4086367077180197,1.8585133809465568,1.8070995775787733,2.0437011020723017,8.0260151373272,8.275528313701475,7.39002983096578,7.364167067908543,5.516276457968359,5.680895301760261
11.112900339748455,10.970666930106722,10.66497675780537,10.892046681985539,10.944070032260178,10.47767088259576,10.154052393088811,9.403810448929741,9.443528848358499,9.015040099005686,8.847497297992016,11.059513970123522,11.338420403276123,11.432409188977239,9.661397516698889,6.23967760823392,9.492891679453367,9.779608947625265,6.091418155741031,4.601904571633142,4.402773266876169,4.010874330221702,3.5358185932647643,2.9318798244875293,2.6140269371596614,2.273780638406802,2.13583370544466,2.0105594673340486,7.4302118188199575,7.64233349124688,6.7685622727465535,3.5439056299391596,4.1053567950440675,5.666417534653522
11.004583757990764,10.7936263035035,11.08191682198758,10.939911220751556,10.936254098442204,10.85049326649821,10.463205290385375,10.644880343969373,10.860265727901664,11.016760454564986,10.900980559942644,12.643826764712486,11.527197743712106,10.907727342549705,5.562579697397641,6.465615556118645,9.703094539055332,9.344657886009928,4.196582236631442,4.193472420979562,3.3659273755673587,3.052719282637785,2.98942783995063,2.7649730997151405,2.784348495395468,2.2461101455294674,2.03130177995528,2.064090087601881,7.64027648348776,6.494716883639506,7.201447172016259,2.538765416576366,4.6685949255631565,5.820296541066215
11.27794854704944,11.18022314228681,11.204212570505277,10.946449332741986,10.618925964062077,10.971659236165396,11.343160995179755,11.621865023238687,11.53435413178337,12.155895119975117,12.377917140616438,10.955626409555554,10.683858773104157,7.835379934988034,4.403810872201451,5.924683171031399,4.67067555026313,9.812673563525872,10.985708216078322,4.548292073051092,3.309134077281209,3.1055585110190864,2.762916310126787,2.637626503774668,2.929186607690979,2.2600274716835598,1.9860375185893113,3.651931206672252,2.5197416190747925,6.396274183034952,6.039736390657303,2.5265791847096803,6.29810587095444,6.833145301746161
11.605280809444004,11.54520139536025,11.414310777222832,11.084448867968886,11.323815101743557,11.476128331548185,11.748938120786338,12.009984594329248,12.077825400609067,12.24620995469254,12.510260822464817,4.221347265512734,11.0786816395742,6.758052129342959,3.7778321665551577,10.15287306234149,11.045888549677358,11.477775305709008,11.229772997890182,4.318623017317249,3.057736325866906,2.542456503734775,3.3121578679932093,2.786257485439735,2.698392231359225,2.368296749934175,2.5607943030895917,4.148075909936021,6.397761372954892,6.292778777130608,5.95498571032676,5.068618120199624,6.095040919836509,5.969337980344953
11.691425293291097,11.578753743588491,11.606275710714606,11.371022266786603,11.69101192917175,11.496345745763197,12.024707831006856,12.159711475939773,11.954248944328196,12.405720123937376,12.076364641803488,6.969439992517941,6.634234624054691,5.059405400624101,5.1832469029093255,10.919983855949532,11.377489361653863,10.164163391826786,10.901789083021974,9.978538750770657,2.76106587043482,2.878466546266757,3.035402458405979,2.879313352490561,2.486089341035636,2.0363445049805446,2.169552911002542,5.757864562959334,6.448844583146416,5.726946859490759,4.526522583176031,4.660824837105746,4.808382795658808,3.8275468313619383
11.5384521073154,11.328709512317078,11.113400599275693,10.864046350696569,11.149083219810235,10.887906742350077,11.754918891557432,11.935242366870781,12.11544591097476,11.99570017462876,11.900123944331838,6.326133176211883,5.207203117367069,6.3381593604974364,4.924294369451725,5.561637157421999,10.54515518703302,11.207750009926507,10.457418128516602,10.184106650021358,3.4431939841223738,2.1540495843277165,2.766507251509992,2.6495415362802963,2.403747315842755,2.2046995702240775,1.908117621132546,2.7584318252243425,5.586013753243569,6.052351796025593,5.406722497870629,5.10546296182839,4.911413675434811,3.8365712191842425
11.000230714708517,11.028391476386199,10.889633285001143,10.947926136805078,10.502238323788486,10.558748059221363,11.736992842853178,12.007855314816409,11.911787985942269,12.016651735238426,11.565924680340224,5.349162244359422,6.516738443444158,5.293356093851652,5.51049556171879,6.091261733205657,10.355068001215026,10.722545664015087,10.405038977062246,6.174427642605162,2.8308535891646627,2.8986322567113314,2.0533143636114874,1.6653135048318843,1.8573332296202674,2.037847440052635,2.655863423680639,5.077130249028527,6.299674983867328,5.943088105914179,5.989694067445237,5.655426356780056,5.383030251405388,4.27479600323836
10.45790199877609,10.389545478513991,10.141598539107816,9.965182170494923,9.886790383801397,11.080335786026026,11.881436351137308,11.812271053154474,11.749907167575444,11.345814481745485,11.740362275578857,5.456364340931764,5.021832020711193,4.422812704155033,2.7296115186674803,9.677925209148487,10.66575620211508,8.561911139029503,4.257880927005451,3.1785073349440363,4.197790839117003,3.214754617909112,2.7135880740663954,7.276284956723097,7.1770952247946855,6.138701951705766,6.156220226685584,6.273678007295617,5.8941056159134435,5.682740984496599,5.414566298619305,4.8171131681476735,4.579544881822251,3.5972427612216746
10.426722053234164,10.034912571042172,10.173419913747468,10.307695375557074,10.38062378164112,11.045609559988486,11.627288366256735,11.1705654097548,11.199667742986334,11.330714623815059,11.594170225418603,4.845547857981038,5.4033308019579644,4.386346209098679,6.279133174900439,9.78692746122511,9.210540894446819,4.673008181371327,4.2024699013164275,5.049592131801621,6.182965137747467,4.932503712904455,3.135657923005303,8.117953358699609,7.811872840223597,6.672448316655784,6.141115822409956,5.708845183503622,5.00963108605364,5.488035458281816,5.4639694864504,4.630044540985194,4.586579555807957,3.7367444103575695
9.967506205595823,10.004802641871413,10.492852850377336,10.39788578874625,10.129448625643022,10.783971382830934,10.607797235771724,11.60277796807774,10.845814943304608,10.963923907017278,10.784373049731439,5.865541092856676,5.199590395501225,2.923998571413134,4.578998979102845,6.8486806790394095,10.108826052555788,4.706560871287632,4.150873067946098,10.041328888529241,5.521072942769533,4.746265076151849,5.158953627335218,8.084624022920464,7.218535935837065,6.058833885728481,6.277180253127361,6.43541147031372,6.237170819671167,5.551594386190335,5.026959779798612,5.605350378688536,5.3194080174928615,5.138963847106153
9.79927474777454,9.6495319998873,10.106556113609956,9.240045293149608,10.0534226205942,11.024098997078129,11.559696112996319,10.32002435255392,10.478245849721219,11.313675606290706,11.050954190885369,8.042284667492071,4.312333132687837,3.8542883491560747,5.747164486839321,5.774193367273987,9.700859558191748,5.660978546145807,4.974485865360827,9.774949866105652,10.002162493604324,9.38584006498681,8.334495128259897,7.581000355639619,5.716856333676001,7.022508485578878,6.9063367209572535,6.438708157804613,6.835019997054198,6.541764336873252,6.0758958526487,6.054997204285336,4.619316666825759,4.013218602967257
9.402566841466113,9.188173615174826,9.307298832284802,10.045274713922435,10.661327931657729,10.736939641178706,10.31352766473105,10.297987392897621,10.625525496573216,11.024177641381268,10.773086198499106,9.863864016424348,4.461846620060713,4.796924256164737,7.094826738547703,6.924895816523705,10.476607057344136,6.878854998959921,4.796949316116744,6.353325245263313,10.168330381150984,9.167473150298106,7.788547047186487,7.767139010858455,5.363873499161565,7.2996277824937685,7.2534195644553465,7.173572681003769,6.93583391758467,7.024060882413548,6.571515529923675,5.723049543727329,4.1439815669056195,3.6730151194609535
8.78062298010601,9.501071098404593,9.601964582556848,10.201366598405023,10.613359413086355,10.769197898493106,10.17237558442358,10.041596559166463,10.384202526987282,11.011349890365215,10.696896123645013,6.914365390216988,3.711817853091945,5.626542178614699,8.315393136627016,10.145269617324663,10.180180847698297,5.976162390628391,5.954861916247432,10.446910686443491,10.324381409851418,9.42092728814125,7.863303752428048,7.761293167034771,7.788893877520442,7.5197264078073465,6.945255438322617,7.071088424683677,6.552005236966889,3.282359220603468,2.374490503589246,3.447214092242346,4.221205773784376,3.785374605009127
7.819530855753324,8.5237778168424,9.046122696712102,10.200968259006473,10.092630548819777,10.367146337088942,10.089767106860663,9.719302638827653,10.576507260343181,10.613483328119825,10.51966584671612,10.417907166177582,5.072421707791196,4.463571905450906,7.613339114925989,9.681031407374459,7.290846276503279,10.888720158586167,10.264488393544292,8.294026258063779,8.409984278753372,5.684959414707476,7.856717553819886,7.612936707750561,7.477262666039411,7.5323175981113,7.1545977496792545,2.5392648603827115,1.9063292918676578,2.856226093361495,1.9369736180193475,1.5168648079768137,3.587469240343692,5.099843562513423
7.404631847456506,7.916337170607992,9.284766531732629,9.949362836779196,9.94425051517283,10.395597263292634,9.956962387156548,9.915261733504158,10.316082451534406,10.605967035922085,10.620236441528721,10.319372929236707,5.295771747469973,4.512895508346739,4.534439879717869,4.583979231661828,5.006632768999309,10.741930605656092,10.223052815109023,4.566749935010043,3.3671449977612484,8.339804147540807,6.965904587331195,7.337532539319857,7.787738729825011,6.0938837286773575,3.4549889295692977,2.4563376072900693,1.5696051790109626,1.3599345281687343,1.7495914850287888,1.1960256882976883,2.2589337100703633,2.349865434392647
7.414093205607117,8.041942767869452,9.250126613202774,9.820724072264266,9.910718235500779,10.261176612344297,9.879806803211578,9.768349321284628,10.984642034064397,10.297490930295428,10.307211613757083,9.739099452138769,4.877668192111785,4.355464060418874,3.6037794370751044,3.9520651959572413,6.645667132194178,5.8067801198312825,4.70474993433881,4.016301307102876,2.910575056378893,3.669103078059576,5.840472119260782,6.161189967013858,2.5820974258515585,3.204428534173557,2.7951689926189975,1.820918581812909,2.091664716008007,1.4418689963961404,1.026502709228538,1.8607580674410156,2.590843707932522,2.8004102126418347
7.516240315807153,7.350426442190231,9.04008974315133,9.928280556490447,10.92812296857709,10.860688698996437,10.526114202610593,10.29425814619081,10.30992708005796,7.704786684208492,7.6965209382981925,6.039395958110809,4.8529302795659275,3.617591561340861,3.494538811136191,4.500066741310295,5.310761302449836,4.735758229871894,5.6639486428419055,3.508164523322057,3.438386728423586,2.304992970946706,3.0375276021115116,5.862210132048917,2.436119661222572,2.4273089132597696,3.1819869479051692,1.5559125388848434,1.272853153490112,1.1904768458686357,1.124092088255264,1.4356456493103666,1.634173177714572,1.418613342238715
7.521070211112645,8.002996771584073,9.428725377106936,9.991314341122303,10.452486263576159,9.249282482932204,9.126157549819805,9.14870059004886,8.276178130418957,3.3356667116970304,3.8696311223846074,4.286360822709408,3.176447496726516,2.5896797789926334,2.1804339402195567,2.934915446058667,4.133284176728016,3.9824845950796592,4.413391058452983,2.8197896344942386,3.3124680467226173,3.6115607334967557,2.45911169672306,2.461633578926411,3.245254090935515,2.364366429274606,1.9605538866894507,1.6053574161206763,1.7478850796811334,2.0743053187516836,1.413731580226572,1.2799054340021276,1.5487637848712252,1.2922354390503104
6.007833832703376,7.86705580164695,8.519827435899428,9.546772154631912,9.644984504597264,5.114202124356293,4.475249336818754,4.519706933766647,4.748074495454953,2.465553015178775,2.720934351821682,4.248628871494456,3.743019537517784,3.14782932590179,3.3875207636879816,3.1721898066333774,2.246751539515324,2.8109729987989858,3.5650196206661713,2.720224280803444,2.6128542774193293,2.753110523678763,3.1823914684086425,2.2472449076616527,3.0202778056416872,1.7273965653304333,1.31806510009222,2.407650416272316,2.0490353611071024,1.3444935859447564,0.8524461722718761,1.7608100422416535,1.0197135827992176,0.9020179761805714
6.508242211868135,7.146801527024148,8.64395299113691,9.201544220477727,8.565065070723112,4.618374233502562,4.352296819134735,3.8109936159147453,4.076733400538801,3.152642885689417,3.3511600350860777,3.3508863521376724,2.785006776619443,3.809806180668494,2.4103968291243545,2.064144127380258,1.8204594605002937,2.18187786202595,2.5280135311274,2.3522903262431836,3.109085214054783,2.4680486948346054,2.9883348507956615,2.2423522932147977,2.07325482821889,1.7881636709146163,1.3989199799664915,1.564763402775161,1.4645843848251994,2.0312896551961956,1.1272935842743577,1.1859193290260968,1.3381240128249412,1.1435565802168748
7.242543553324724,8.092618797977012,8.844904221997046,8.854458165263727,4.43527410660263,9.53516723406593,4.0765373375428595,4.284841432830586,3.0818439666225164,2.8698433258004648,1.9446900802402785,2.6831840868052192,2.210052264293395,1.4780940713122461,2.1396708425674795,1.8936692643121233,1.6544830003891664,2.0086280626830555,3.0209723395084187,2.740770228277512,3.427952995942017,1.9956969418060035,2.258010754860197,2.548883659950133,2.491495389549524,1.8137533112002482,1.2227093347664697,1.1500238728243892,2.2650630144012642,1.963848541278426,1.57569406088345,1.8094947039021223,1.142204183861865,0.7559555893698888
