script/wind10m.json
{"header": {"parameterCategory": 2, "parameterNumber": 3, "lo1": 6.000027932988019, "la1": 58.9999434238085, "dx": 0.5, "dy": 0.25, "nx": 22, "ny": 24, "refTime": "2024-07-20T03:00:00.000Z"}, "data":
[rows 0 to 23 of 24, columns 0 to 21 of 22]
-0.4130280732379045,2.663779275101857,1.1063043938071613,-0.12788304639528159,-0.19206002900349642,-0.9660177611198142,-0.3334580094484577,-0.6398550647281999,-1.493374911199259,3.682556551139333,3.847627304755373,0.849422817748307,0.8655781197093328,-0.3933408235228819,1.5043113926376528,1.4499123465721984,0.8355083888739506,0.13090303063993344,-0.10289504630082444,-0.6829351791245108,-0.525751621887718,-0.6094830132623243
1.91232712920323,-0.19717263057025008,-0.027683171259470108,-0.1018860851913597,-0.4243685556040911,-0.8122171594216611,-0.9268760539472439,0.846976472964839,2.0743125796044506,2.2421268151878206,5.291646881888829,1.2918609778950303,1.0207454861154657,0.9683277122996704,2.2664200502840286,3.3426113763406313,0.6367019414370779,0.3779430188712731,-0.00851177042768671,0.36848671622752477,0.38318616948412915,-0.3091354029972646
0.2500929870617596,-0.22628161162439026,-0.8501787738802803,0.0486569157446247,-0.34094566590053843,-0.7255557091891313,1.899658630146938,3.0201055813455238,3.3512149077382514,4.265325084063968,4.570552983593903,1.2097109113523568,0.8136259020831956,2.825556108966068,2.1290310506326344,1.9120984881661094,0.5364181093508203,-1.1076388770364933,-0.5269472103805387,-0.12799501541473873,0.9726792261126057,0.39627637204467636
2.754087483291347,-2.008785604422469,-0.5543441273095656,-0.7584898057613567,-1.4917905583310245,1.7233790438575343,3.077538481265697,3.8858674569188967,5.059297204731267,5.449868978964724,5.165810078151368,1.862986001119671,1.390957760315458,1.3803868329304665,1.6810787677861756,1.0523558544459315,1.1588969569446033,1.22976497770876,-0.36886199705133765,0.27509542525488434,-0.0866517929667722,-0.6409509743653189
2.664541918863548,1.461925409625273,-0.04353399656575465,-0.10644829196578862,1.652233850462099,3.1297579025844784,3.972598247197251,4.621394053125156,4.761996229219721,5.1295996932943595,4.9957251277893,3.1388835589476334,1.2571409342038564,1.5538641342071622,1.2984351160631882,0.9336730641779535,-1.3225971580297353,-0.3704527147983749,0.5146259286033276,-0.33661075643410504,-0.42240955662624075,-0.9685546846139496
2.783442110225174,2.445690010823756,2.5323674299111696,2.46945766880616,3.275965660250613,3.5471739715380584,3.939585105522417,3.9954212714701383,2.781405928158958,2.325851349146024,3.3301130006674646,2.7748133828139134,1.349909669571267,0.6277660762468531,0.7432295167683558,0.10558181006873428,0.11676856941968222,0.46330087429042244,-0.46423848513370486,-1.2307444657588547,-0.9769467651047002,-0.9628496260736142
3.6470706416366467,3.2293254782433314,2.22969922755786,1.9875435555031702,2.117115026053071,2.483170327315607,2.2568722712431666,2.9197994169480856,1.624532605342425,2.1049786928716436,3.2794966306851694,3.7985997798881996,1.057414986511759,0.2141148051564931,-0.26404013622816275,-0.34943328208772156,-0.9635167469840491,-1.4469416196087281,-1.0998924742863223,-0.9769363919951339,-0.8184637701840113,-0.9883480518443055
3.9819650711131787,3.1945998245266027,1.7857219110148865,1.5348111431094869,1.6554731756777676,1.7299762221911914,1.1833596755155367,1.811294573837331,1.4145755853766548,1.8243052823107353,1.682930459284969,3.117368061149799,2.90627929084549,0.952415299662748,0.3055456306357822,-0.04402138311021503,-0.5185097730418216,-0.7108850568830808,-0.8976231895771984,-0.7145988039108949,-0.9221667023818639,-1.8866096461519801
3.9278083931917616,3.5089564710062207,2.6732026089848313,0.5393139689463471,1.2433878990685128,1.2303295526221454,2.437143874741971,2.3182819438815345,0.3216525642977223,3.3480224926811784,2.592944681673791,2.6123789429716497,2.198706677636444,-0.5912155975966845,-0.07367527948517376,-0.26642916044298787,-0.8277696729876564,-1.0322172600876176,-0.7653256088546766,-0.8259987400467877,-1.2541117190628144,-1.802031143037982
3.526552825583141,3.451921498769013,2.8950012077570206,1.659803334888237,1.643308696098402,0.8291736629308608,1.5323854624893738,1.1179920289980247,1.5405702039442475,2.6884643449276417,3.260570964867714,2.4180519906587246,1.6192373058641238,0.07206241350946262,-0.10564814117363935,0.22088142563677485,-0.3745033503749572,-0.5725636608255169,-0.866145070210389,-1.361444576490983,-1.383753721789579,-1.6002343518323332
3.320758665371615,3.3430250907643084,2.7453001291614716,1.808035572574486,2.746643406472091,1.0975478042005309,1.391495036433269,1.881815978265924,0.7217619763097332,2.7100052248848825,2.8639522428124815,3.0789938092219007,1.5505023215466123,-0.33189525222107846,0.5466250369418231,-0.4513390632283362,-1.138676613394125,-1.479597320666842,-1.9114460188780085,-1.21069418752547,-1.0931630305938695,-2.126715522363396
4.085791189839176,2.394244708608298,2.265104920653107,2.189161449383344,2.3785602243170203,1.3828360656639276,1.0524819544974338,0.3121655656343345,0.8307576405610116,2.5168301346270905,3.2726445398698183,3.037152302221682,2.318261772183759,-0.6498296136619515,0.3671301711640302,-0.8827440108014944,-0.9289279053957369,-1.8175811110276254,-1.2699705561622567,-0.9767167588153846,-1.3641319369429528,-1.4005920658490123
3.026621111921563,2.517210359670768,2.2286645552710462,2.609631725926406,3.0777306121609667,-0.5154602091200433,0.4487979241705451,1.422038171723921,0.3162393941665539,2.478499838049432,2.878975136854301,2.9538549648815122,0.5186988800224723,-0.5031070610259509,-1.2777614109823658,-1.1643886766085347,-1.2944916367558488,-2.0404570669906055,-2.8520203176585177,-3.1188433760002727,-1.8634022784481288,-1.7507374357412535
3.6639801516337283,2.9793377730217268,3.1449734509595255,1.7445574213807005,3.090520734975223,1.0230267180760273,1.4794510319965102,1.4090246069757766,0.16333876157852067,2.4629061521412776,2.147807682565728,-0.1703175820073822,-0.5416644649093733,-0.6624394121830961,-0.9464165590300053,-2.9302664398669926,-1.5339936908985368,-3.413035072861521,-3.0017227596205474,-3.021350655255726,-3.296044077644247,-2.159787008079434
4.268701856760737,3.445733729632267,1.9526283681888859,2.689858226091807,1.1567184797620405,1.5295229677133777,0.44766276224062046,-0.9314923861615515,1.385729590725749,1.8359579088875329,2.6676524883956354,-0.16031849610655882,-0.2236567131132884,-1.1488993447889968,-0.8768847827512706,-1.757128091522179,-2.0209612774586323,-4.278712427091359,-3.4959756807847273,-2.6784721319176517,-2.2278766684008517,-2.250739976544822
4.088656593819395,3.5500165724875963,2.832857294524361,1.482881714258025,2.2609060090038553,2.7588919592894507,0.43294352980198086,-1.04252713524111,-0.06015025294091859,1.977122434748222,2.4632227162594655,-1.2238521231649235,0.558691299578102,-1.7062275897191712,-2.083150645374248,-2.6918625363911857,-3.420338794471491,-1.5610288630117959,-1.962364788840881,-1.640607294566991,-2.0646475111154037,-0.884618943103779
4.623885356480514,4.243256112773824,3.985794955329571,3.2549198082507513,3.0827881297142206,3.1095064814850826,-0.2504834536814562,0.1407407246405385,0.570620667782413,-0.3849393751790808,2.431461081709685,1.4159777006349306,0.47400245195818896,0.411493979619597,-1.2765646815751674,-2.2261184148411695,-2.87128383681943,-2.7472466110123066,-2.3587440348270374,-3.293257126780384,-1.1813272606492187,-0.5051650248660357
4.5309502400915305,4.946184002136525,4.375970514056635,3.2779547401858973,2.42350006538649,1.0560688076725344,0.7952594467368843,1.8198684412943988,0.5267682466190569,-0.30691631452653223,-0.32265818176177724,0.023117765110441432,-1.0471499305416154,-1.4812715261729743,-2.5771083967373007,-3.473602927012477,-3.0723001455230543,-2.4429996034463626,-2.137804066912206,-1.6617002840484272,-0.27805947452580226,1.0434165649573444
3.7433921352731496,3.9484451363242847,4.35389861755588,4.612505223839555,4.0537687263410245,2.5565739527452327,0.1340511143716236,-0.9503541014934999,-0.5675761741793851,0.22425565986118112,-0.1056747323389477,0.39550575795579135,-0.4183680921758747,-1.2498365520657468,-1.875498914407777,-1.274367193054301,-3.9859776325321445,-3.703849547203651,-2.4263080368769194,-1.0272480376250017,-0.14458465376835605,1.741084345351946
3.622349110799294,3.6044195365473004,3.004533294191611,2.8411895656423423,2.7056909580330055,3.041211363911957,-0.43078850843892225,-0.8895738617950919,1.3844123066985121,-1.4141448375479717,-0.3971612329910096,-0.5603949977152601,-0.050695462026192704,-1.2123735970902005,-1.2904565984607697,-2.4795750593177974,-1.217765180151503,-1.05746438399837,-0.050116430917118815,0.7067004654320662,0.7511674900124754,1.6347498616701353
2.955047024712411,3.000887513632724,2.74662163623826,2.1125229271593695,1.1440014387295872,0.9077829420291071,0.46354741724844095,0.5760126777489412,0.8667293583112817,0.911981619629181,0.8290997836968119,0.10887552151719283,-1.584970167090646,-0.6958367430273844,0.5396395270724353,0.13576701536063596,-1.092822439614832,-1.0367682733912982,0.13517248061235912,0.6176815860249126,0.5683184873817271,0.36103441987920487
2.7000776906427206,2.112983383112291,2.149023641619755,1.4630180795858023,1.9487664357745296,0.3335830484428165,-0.8476407265677621,-0.3854945878303396,0.20939388690055416,0.17643197193005736,1.6128387237282444,-0.12747381951596518,-1.3558736434722056,-0.804185281841047,0.39454967216671744,-1.650379883221,0.2245723856964264,-0.3447023870033877,0.7015070744624495,1.2873043037112184,0.1917787373676292,0.7715109770132341
2.003076918390625,1.2446024453572229,1.1804321494662304,0.09115709304493518,0.6576962356865828,0.028065329289883492,0.8366953771220065,-0.3727688623020769,0.9658978956141866,0.15966409774031123,-0.5998956752453615,-1.1140130484423427,-1.4498633848523632,-0.1588915515246355,-1.7706194006295493,-0.0013275254063279255,0.35102041596921013,0.018717758398523573,-0.8951481502830099,0.9295308973896895,0.6622455113904392,0.5225731459484365
0.33075896220868145,-0.3263580211516307,-0.19278761546249956,-0.1779879529783254,-0.12045031159293478,0.7144949973988375,1.1363322756469525,0.931443336990401,0.8776049220538358,-0.13975743261690707,0.6358616699669533,0.12831872393124313,-0.7010049329049916,-0.034660051099460666,-1.0659358373889998,-0.6629029225376483,-1.1187518758434405,-0.3438119190667679,-1.0568679409147832,-0.5204065015177489,1.7875318268975557,-1.3939636047371442
