script/wind150m.json
{"header": {"parameterCategory": 2, "parameterNumber": 3, "lo1": 3.000054539987559, "la1": 64.9999836372058, "dx": 0.5, "dy": 0.25, "nx": 34, "ny": 52, "refTime": "2025-12-31T23:00:00.000Z"}, "data":
[rows 0 to 24 of 52, columns 0 to 33 of 34]
-21.386521254392836,-10.611119740157159,-11.701938299798629,-11.374524053382281,-11.583683650991832,-10.847664319985634,-7.541515019755478,-4.314993293137487,-3.3222131758992948,-0.4132749708656683,1.2854779201720474,3.0238515731273297,4.972183179774745,4.8254675006496575,5.97873403295309,6.252883314984717,6.030767186549639,6.480037575960935,8.586176522332961,17.074100851805664,5.9111691200068,0.19914963940877778,2.757038276893568,4.575727921711813,4.061304315096851,-2.285399955632731,3.620291533490766,7.071201188618086,2.7381037380015636,7.507734320585208,7.200889794246526,5.569911161581003,5.19665149618821,3.684798311762103
-13.519753124236496,-10.475852413141203,-12.130347588256743,-12.214262030278366,-10.825855843780912,-10.230377638018393,-2.618560807617079,-1.1787525978273392,0.7756688924977138,2.0355693269945583,2.5740236029952333,4.478421897328332,5.102024263477227,5.760906959624772,6.0732552914668885,6.968493686520807,5.7651128309926145,7.726136339856537,12.551557743798497,1.9089726264825446,8.32138335390132,4.1379425267137275,2.411140321538871,6.436352780864281,1.2256403391985848,0.8562462040277441,1.6408966454535965,3.4791711899562743,5.946472988178153,7.674198631720328,6.520995875790947,7.077772257558161,4.871204603051585,6.439125618813587
-9.114779936201934,-11.343357685213132,-12.487419083927833,-14.809858828356221,-11.376275566063436,-6.1889991919483816,-0.5280794760705605,2.786194380959474,3.4535317184326693,4.020798316519228,5.229467016685611,6.779816808890623,6.573741999808932,5.553107004110857,6.661535197825252,6.1182194826709955,6.176635516429192,4.438780734390834,-2.454117024657044,5.000466831994064,2.2040559538310442,1.0339527879161785,4.668008950903088,4.483455516761078,1.5110830682142482,2.243857854665902,4.230316668084638,5.092029320246195,5.8018464908224745,7.383222152710211,9.392038484871096,7.889875140462271,6.006461216304605,7.006860957115904
-11.311270407463953,-11.607318338742989,-12.32068057519044,-13.74376952771313,-13.609413876521634,-8.752051494840122,-4.830792978184902,3.088341633170206,2.554053035709008,3.6406790667099,5.469721058236729,6.744922676470194,8.17641108522651,7.387825886243439,4.868910365578224,7.927546015384026,1.5905191795673959,4.789426536809798,6.251230913783869,3.9337174067220633,12.829486827825681,7.0950913685686965,8.442195642814571,2.400004391419088,2.0275306654245373,3.675363234290548,1.897741024279337,4.530201287252159,6.158742065453018,4.4989201700165715,4.752522705145727,6.8780762839225185,7.2164557350152565,6.148174515437377
-11.666878430630495,-11.727666800175491,-12.866825649432588,-13.271504913529602,-11.537491625223419,-8.825294079914773,-7.057250510458807,-5.705648493887684,0.22765877785333652,4.03756351538217,7.309411724882244,8.72871399060269,7.847486990239012,7.519480597667619,6.509785382632145,9.731649422555027,2.6273072538812414,2.083916647568849,1.1917507801420637,6.337706133468838,12.940954295186641,5.562561799872804,3.585906597666218,2.816807643648672,2.4633056518681737,3.719654794958567,4.223201233911744,5.32058008986634,5.242669614981713,4.498493806761099,5.010533772480437,7.464180613630746,4.166374888259295,3.679055566777627
-12.730480480962935,-12.390637814609482,-12.915862184542508,-13.17103228690316,-11.495164734718468,-9.247652550844535,-8.338524610299249,-7.837051839365167,-7.179182100515793,0.9489999916629657,4.642778629537349,8.025615747081394,7.921894033156299,7.987889050888176,3.796845627187147,2.0924387830165476,-2.3045799173126107,2.77770706448774,9.075545221396995,7.700877502502897,3.7778513557592652,3.3060668593628186,3.3346998703109048,1.604249663970863,1.31420792370039,3.784600890126158,4.935194924849944,2.8991582635560382,3.983942926474727,5.314832364493703,4.3292186476697125,3.9196651575499732,2.8394700165751883,1.4829805914506828
-13.253530809560123,-12.959202358023418,-14.241050538976463,-13.776734862707553,-10.816258806729676,-9.279181633761327,-8.297496600133659,-6.23908569589455,-2.8563352671632276,-1.0741700480859104,3.8224852904943427,4.898407500213848,4.802240665745154,6.821984501058851,4.69839532488195,4.477125718898576,4.247446708282823,9.495530702676104,7.960559713966614,3.995047881998645,3.697579251238061,3.2531789671444233,4.966585681423349,4.854220952927594,6.408141903543371,6.548055832011462,5.478925594061929,6.131702035725475,4.773064774187218,3.6023071503054167,2.0866727268913605,1.918309028996393,-0.3778479375525742,-0.5328516443696486
-13.616652066804207,-12.979546731481397,-14.648937863355254,-12.592432414166307,-10.58467297482177,-9.471578666022891,-9.19683192607999,-2.016351096684388,-2.253633577980073,0.42250539898607714,8.236862953803897,5.186104335480213,5.909319548695898,3.8568770648152144,6.3415346434990845,11.144330568750274,4.572977472433773,12.345746466610457,11.489913308533326,1.434905044564647,4.113741784810981,2.550067716099222,6.27153176052883,6.35940567083247,5.78213509833606,6.291374287294781,6.812719586284486,6.197122833166665,3.7009416537207165,3.333851143122142,5.68785159270458,2.0996120443943997,5.3268071467393705,5.830913820004405
-12.777760374304465,-12.263656393186439,-13.187398406640083,-12.586781889828638,-7.9938014479936825,-3.676101886629009,-5.030048262407347,-2.4336614406665915,0.27057018016933715,7.044528340821583,3.3261115331993008,3.241231602474865,3.0819185554858133,3.6310651561912657,10.740800961452958,3.5242414329341596,10.032034809510174,17.98524397514389,9.382168039058639,8.842138805972349,13.87011809508004,10.839550060100317,7.737696114472486,7.534758307749717,7.858930829897241,7.383698356081836,6.853085758766345,6.55083440871285,5.198663139840103,3.4476068088895286,4.632127884550623,7.8927198969483365,7.232679131857057,5.92476913331313
-12.618169750738366,-12.166276337944426,-12.1937275874447,-12.709070920603594,-7.236962607288398,-3.4542521011843266,-3.217998817017983,0.0455970617083304,1.6778387684292089,1.9939692118010401,0.4095050186072855,4.661897181251804,2.2357010039444383,6.764682832196869,10.462279539232043,16.108577126903572,10.62147231988268,9.867154628677154,7.429784377255938,5.222050148406098,8.845865817053586,5.817627019727909,6.257441044211551,8.31814915131154,7.0817603428425215,7.157892272099778,7.955142767156673,7.3406979321233665,7.639945720564423,4.340385678785286,7.087560075204044,8.641139241935523,7.489870357706396,8.149907586926451
-11.646021073953332,-11.153508718303488,-8.156288601682345,-9.916451995649853,-9.783102590605914,-2.812104705336898,-1.6923117760753006,0.6785530153819063,5.111300439533866,4.546127992505084,1.6151198044118578,7.3459745552762525,7.685575263274226,5.227450914622529,9.485029424616322,8.82031166958128,6.874259610583143,7.143197147489929,8.411482360956406,5.0551205900601595,6.495259788150223,5.92858320080044,9.344062052300696,5.605424814692731,7.870986380931889,4.1279143122819795,2.3487709351942776,7.686411013174822,6.24416268975867,4.700476449929432,10.668917846292462,9.20104696122644,7.845485830074422,8.808865878449364
-13.33936222197359,-13.358746852594745,-12.876637230533065,-7.521831683531019,-6.970383930708853,-4.467237484842899,2.274713723483906,1.6737153059041276,6.085085947270327,1.7409802372932925,0.9414615061838955,1.2521097860491768,3.5618036082113296,1.2633495589491748,10.326332063535947,7.242711972533179,12.153605536059123,12.824000764455343,13.13604728632317,10.717747716270406,9.81941432258071,6.247404079826883,6.602961529590063,9.187067258585127,7.093522570115288,6.063952537073075,8.084545585362832,7.692926317262107,6.68949282329159,6.651764366507929,10.852568598460666,9.493941183253249,8.010860312952351,6.709794447099611
-12.088418940638686,-12.94271677886489,-11.95530728233586,-9.898886239876612,-6.4701253452877685,-3.198658439107125,-0.6974048919629124,1.376467819871888,1.4947458143585937,0.04292488032559141,-0.5697749141978826,1.523696986448483,7.718704713244942,12.638284829268835,12.781067031612256,16.22695327209075,11.973855851808537,6.284669143635266,5.517147325809714,5.720505096854209,9.592439113924721,9.444836536118402,7.4405847511518335,6.457261921302277,8.075892443346161,6.128654350712129,6.535159279105373,6.754992839545086,5.290481161497268,9.670694543759195,10.894297080081158,9.577090782199367,7.974582505995342,7.014899277562
-9.316261591315339,-11.938116497006893,-9.462184096020403,-9.964135323414299,-3.3426641916863233,-6.591035662521353,-0.08676311153628363,1.23185891398997,-0.16508823675220458,-2.521623004548067,-1.7548203531373614,2.1939056258893794,1.5929113023985668,3.2866060592593422,8.282169243661826,5.089680048643388,11.386438398106753,5.383250123678019,11.165343569456322,8.686943491468789,6.380675016561205,11.023071032107651,7.873773043149631,8.721449206479134,7.724120982636022,8.69516403978287,6.9524601484590605,7.029419093066954,6.382467031085685,8.88194915647892,11.292118891739046,9.661539403710892,7.925197672592555,7.059881381519367
-9.355449695146628,-8.538966823971064,-8.183253245462701,-8.069986880700872,-5.226099075056182,-3.9944150743559206,3.1865821635928357,-0.17610525574566568,-1.10601935051112,1.7133128439665588,1.9822635239419997,1.9767408420727308,3.9877020640376424,11.770120316066627,8.48243534810648,9.277650441263663,8.839528504123397,7.762146407023922,6.98327497632622,6.412795705578974,6.591985445370477,7.483882566583048,8.159394303841397,7.984113250623389,7.674072925062914,7.07587290637202,6.343334261786255,8.798792763348114,6.864068509515249,10.200400307428986,10.871013866528283,9.42322679858346,8.171269974342856,7.2202847065092595
-7.400119744807411,-8.498973891389248,-7.658911479243617,-7.099551539846749,-6.272975941336233,0.22414506173507498,-0.9813533187199347,1.3568847892722624,2.057166907627842,0.8361535615813563,0.45059353453078554,1.1223566515200782,6.099879757897901,6.028528373521554,2.728579345132506,10.52221833389986,9.78863950100889,6.480751052153922,6.733152403841646,5.418625842471663,12.117389937703097,7.441055393839984,4.9330381978784885,7.063703884270472,7.1067969007321095,7.02243941396365,8.605489621308989,5.747011280708631,7.109347019819409,9.816192114795314,9.416010713255934,9.243492306673563,7.94729368358313,6.830963769022123
-7.486636031188304,-5.8354138952620005,-5.919517682755203,-7.846298074468146,-2.6047492468367195,-1.7420752814567713,-4.839545411082478,0.407683473533472,1.5408839170881314,-0.1799522211965771,-1.843295251344832,3.2808977265951595,8.954597171493917,3.815678134391091,4.04313434078881,4.502391332177499,8.035873197931036,6.192063748255129,6.98140379675242,5.749844448846277,7.824646534882616,7.670146493204812,7.834731584214446,6.499939217305095,8.176860629980318,7.023440618442315,8.550463814078228,6.826551012948813,7.07478426760327,9.102405619185342,8.716986796192796,8.688162876047384,7.619928280594177,6.5876822682673275
-8.325897612903226,-6.878010735779498,-4.505526765776607,-8.224162524455965,-6.45666056205239,-1.3560761335154463,-0.7700905538204597,0.12627278837392175,-1.1858114771331454,-2.4862519057133023,0.07116187525785259,2.3247244298668814,10.155732778363614,7.029508721229308,11.485702708257215,7.926133199520665,7.930845000015077,7.204904588082332,10.934957360245825,6.570944118605481,8.140304544431938,5.195110570960327,8.311687692130686,9.602660572046204,8.512833505937763,6.129639201301995,6.469838180822728,6.275579663501374,6.446593347747169,7.7403721385107245,7.610549307056253,8.508041715772737,6.789587419234725,6.332039921264045
-6.9372800294592905,-6.410704594527416,-7.5722143499216985,-6.966490105236503,-4.06237120100535,-2.485265997059308,-5.7640623697441375,-1.740255689012418,-2.011028679982149,-0.34018953899288745,2.085947007436646,4.733467921217847,10.08517373778474,12.609386809120043,7.240855840173081,9.45320730550455,6.715488482683946,8.669198710546544,8.901889700070784,5.143513830135941,6.76619156207482,9.116156477316549,6.922066908163579,7.722269401317115,7.574417649277908,6.301340198712955,7.818850785634558,6.383814618086384,6.122274001509086,5.333931807352,6.244984082874861,7.422328512559451,6.140371634621275,6.112352028916179
-5.757931212435242,-6.379506327246418,-8.295589962265623,-7.945873111055173,-6.066102467245345,-7.7227353755216015,3.5717288781854504,-2.550753196578663,-3.20116629588327,-0.006964113840821738,5.86436598574498,9.388741090940224,4.799197276529622,9.664396569924431,5.980194393385015,13.434029255803274,6.655791635566372,6.588117214635468,6.197025008511482,5.099118583347524,6.86676451844552,7.5814771625820585,8.514464967691486,8.027788267753676,6.4934113393721695,6.991482454291175,6.309640684515627,5.7063286156447806,5.830352404562314,4.978605652725782,5.886258997907988,7.421676823305467,6.5267253734205255,5.333935168250802
-4.976640213993994,-7.083782308145656,-7.1575673952350884,-8.743571771787163,-8.971184049640703,-2.786854724840341,0.6512306745350086,-2.8455220676707422,3.484998675037054,1.0826485934198633,4.647839017000108,7.116306482493398,11.198297059445204,8.236972394701708,0.8450761282856314,6.342442162127445,7.767693219793532,8.403727400806241,5.537656481456752,7.196641579246767,7.554935371906938,7.760814840031241,7.561104364723534,7.015279210627639,8.120006240481082,7.999209445219725,5.840489285072951,6.170256465362235,5.685569502853966,5.290001809512068,5.933918471725503,7.483581645203238,6.236064313443905,5.058106718435595
-5.6413285434638505,-6.730823116047353,-7.301496738901196,-9.824366392058604,-10.95792326544148,-3.70635801006256,1.0715308408107624,0.17341043846731613,-0.6580923693455274,1.3397435142027465,7.02786054928435,8.431071456687778,4.383828999698238,8.562573998796566,-0.17705655351872573,4.7494479596867185,7.49830146108617,8.66006029006279,6.507540451560836,6.896504375459583,7.270650604470143,8.892914591430545,7.8407546427095784,6.648130797225641,6.01871985371244,5.311429780307211,5.943548880702546,5.823753016409665,5.155979651586508,5.22411247747876,6.174384141200725,7.616240625918052,5.526822725355758,4.385699604613163
-5.433456760408552,-6.558415473778792,-8.213628492248176,-9.77455649904631,-12.238217586700769,-5.929257186345059,-6.4489250280723684,0.054002282240969514,1.6855360318953865,2.693717011969969,6.328392761285495,7.783820522302101,8.891719238642931,9.37857616597896,5.30014452174308,8.924468054345324,9.968767502198185,8.00753525410203,7.30760245018411,7.186233770596147,7.765608208176696,8.479634284467368,7.078647576418157,6.578634047234142,5.644424098839739,5.583302974901718,5.602323296030795,5.602132345325668,5.092232553226714,5.38466597569031,6.401214048524228,5.285362669822786,4.7316121049028,3.7599485162741897
-9.718888698899232,-6.987014297719026,-8.863594845943627,-7.186978794563801,-6.3994125017984675,-7.689046594228263,-1.9782043475833708,0.03235999615287334,2.74815565375159,-0.7511927500647887,5.04259465487157,9.054556569414965,10.108109851593948,4.5295737669416765,7.31172886870273,10.894045957011782,9.09792175355448,9.728309853799635,7.831606977601675,7.858303796938823,9.424757296795436,12.175534284714297,7.3152459022711485,6.7045583660045915,4.844058282460401,6.189304098890086,6.098014508226013,6.340706914600314,5.359231845700119,7.146715770900677,7.090747760480773,5.164047607289382,4.145941831608581,2.871025242179186
-6.376740358424503,-7.716383598712787,-7.853900524968208,-8.891976153408816,-7.930195188042935,-8.664414379683743,-0.5641648202503583,-2.8996180273302383,-1.2848902992897522,8.258781846694754,5.658391988289155,5.577117016505744,7.216574975445018,7.446373076031484,8.711461640574052,12.080435191891373,10.292349548019182,9.53761263849431,8.284767125051573,8.925029018513618,13.80895254642906,12.472783615883017,8.080688111642411,7.1520357510944175,7.679557123683448,7.473593595264453,6.042853628298106,5.52421591526166,5.318264731155142,5.85689714809173,5.075902602891908,5.649386775568773,3.8486198760400168,2.191954088067346
