script/wind350m.json
{"header": {"parameterCategory": 2, "parameterNumber": 2, "lo1": 3.000054539987559, "la1": 64.9999836372058, "dx": 0.5, "dy": 0.25, "nx": 34, "ny": 52, "refTime": "2026-06-18T01:00:00.000Z"}, "data":
[rows 0 to 25 of 52, columns 0 to 33 of 34]
-8.04661295068088,-7.017268040182558,-6.9945800660523565,-6.306243869175978,-5.770544638922526,-5.721857709334021,-6.264131972549153,-7.042404688072452,-6.158245569881455,-6.017590813713725,-6.06087082977879,-6.419456342845497,-6.596985365775504,-6.946320916718732,-6.955406693255213,-5.940949501206571,-4.846856155393093,-2.8610247350637277,-1.1684440194059034,-0.8601753997956049,-2.070171363137147,-3.5942484134175463,-2.8266079887691475,-0.10246351500070436,-3.79996092516711,-3.7835639792682785,-3.5035736316137296,-2.1476469915657606,-3.512424327739788,-3.086304740068713,-4.463935499536906,-4.024292868479617,-6.199067485434105,-5.457280649186107
-8.949246943581898,-8.446623027133343,-7.70430140014558,-7.131395512068498,-6.368560655400741,-6.352114785780572,-6.194943369881849,-6.918568883404745,-6.413634575845142,-6.159011375874009,-6.532829750465253,-6.871734162327786,-7.1117596933405745,-7.229785714115633,-5.879617696216924,-3.980075495701991,-2.9026800895249574,-0.8533858005055655,0.5686128348403173,-0.6356817659673473,-1.798322408945714,-2.304231235880869,-1.961629573580009,-2.3469081792956215,-3.9726940045099304,-3.530567024485347,-3.4827605231597913,-4.342481767337306,-3.5489735886807057,-3.0633274374371644,-3.746510945179671,-2.046695271995597,-2.745405028979531,-5.682634410368558
-9.941572844215298,-9.27982361618843,-8.830171729025773,-7.657580098737709,-6.74213132264543,-5.4611330600429415,-5.649581307421469,-6.360831293127573,-6.702353791340776,-6.248873225477624,-6.65344219457907,-6.963280868239987,-5.8491101360083215,-4.766688812181805,-3.8580825331323014,-3.2973420193900576,-1.644222678799723,-2.963042997477051,-3.044294492639537,-2.3732697271907544,-0.924290912814696,-2.073664179813438,-2.767514231752352,-3.561529630414264,-6.063754549200862,-6.625393943950428,-5.4891394620125205,-4.397575431018592,-4.745501137448233,-3.5016989188889207,-2.5534234302521224,-3.0649381409861958,-0.44838047155450605,-4.109863377013421
-8.260383808668344,-7.841987522722449,-8.5751998385803,-7.143594612419016,-6.455009563756697,-5.475613929898685,-4.465479204632681,-5.68695086755336,-4.620972817904258,-4.321604601288346,-5.260405169111479,-5.117311759516232,-4.8705287379984386,-3.974545480513425,-3.009786303911236,-1.3774810243188298,-2.7063350279243736,-2.082986510205784,0.36573611090205543,-1.4719971196452915,1.2874199185155757,-0.42624872653947804,-1.5097032792279026,-4.7068984610154265,-4.112876080442793,-6.797172727100022,-7.851501858753086,-7.358411270369056,-4.832556817024889,-5.044369682810322,-3.537210874562228,-4.197267376675343,-1.3206654359491823,-2.3554038980452874
-2.5705946237321005,-6.493665687837648,-8.290949057183184,-8.174589850188724,-7.475608665959461,-5.788616742998847,-6.6016054159354045,-5.231299706041911,-6.211928466015997,-6.545588754525961,-3.9527047927843775,-3.0861124742222072,-2.26393913637094,-1.5228323359705427,-0.9466799033987768,0.6734032216382847,-1.815220061380425,-2.697931894346433,-1.35864871975642,1.555697066156533,2.494319003046568,2.657416995749393,-0.21936120623816346,-2.146094035828045,-4.494692268862424,-6.8815610798917835,-6.244683782418731,-5.5825577105082695,-6.455978604407258,-6.576618539150339,-4.076250009565711,-5.769933414440571,-1.3908771696542244,-3.4770500483533673
-5.418361608026401,-4.743063049951207,-5.824845255034599,-7.103887649580735,-7.305903576480718,-8.10838259045279,-8.343263418922163,-6.709337738311101,-3.306388734078898,-2.8668239981141204,-0.8441686494782131,0.30276198696578605,1.6901705673673868,0.08905975697031833,-0.4664542560638225,-0.07474533115037246,-2.3957177288146125,-0.21413197157348912,0.6694706457115412,-0.6385046822159873,-2.474488165016968,-0.14380729261720585,0.3140754469578283,-1.7114021152695071,-3.476049596421192,-5.918877852783603,-4.932956940831236,-5.105650759445505,-4.7560944516739365,-5.701655729433322,-6.017600534064256,-3.919646934872823,-1.1283473233131678,-3.83232588692682
-6.040103586981062,-5.01875596598955,-4.807840542187275,-4.437598133794845,-4.553260792847945,-4.735284520042206,-3.766878876338976,-2.369845759163627,-1.6395348485731338,1.5484504922554867,1.63791518128926,0.720071194114978,-0.1440503366684228,0.12580102482761962,-2.447511149648275,-3.4055026155739734,1.2661123619223849,2.9735760993057223,2.57950515611516,-1.781340811632215,-2.037155780037513,-1.898307376816328,-1.017932369264168,0.18162350610818084,1.0056636046816472,-0.36761737674686346,0.6900558704280253,-2.670284511624574,-3.513420241221525,-4.075731564871027,-5.058565661665685,-4.064257422064977,-2.1904704740612164,-4.331935593687341
-4.806545749543025,-5.970510589192699,-5.127998318788156,-4.37408050166983,-5.837281273046267,-5.16679074195107,-2.692053732594903,-2.8027559522496532,-1.9477413262964154,0.6002792771122458,2.2841034749061966,-0.0456936459110554,-0.6235008669033124,-0.9130848704203023,-1.4102333220942362,-0.8769932411952867,0.41073275564691186,-0.8244599509997522,0.005182618918682491,0.811497482897606,-0.10813811167957299,-0.9712438257563126,-1.7305517826868348,-0.49722222150860546,-1.9664847197964885,-0.8081452707920315,1.4749790722337004,1.1328725993416107,-0.13665098073455312,-1.6325437933151195,-2.8293011072576073,-1.432599176580156,-4.584872594342729,-5.585360373904903
-5.206541182695978,-3.82022021701657,-2.653757633852803,-4.0769537294255835,-4.853035908386214,-4.165236958350869,-4.21176781482449,-3.21091217803379,-1.5618638877753577,-0.040471543438193744,0.688964493419368,1.0957724702067329,2.534407584400512,0.18944445361057485,-1.8160267935636383,-2.262330438208576,-3.148741294763312,-1.5540484325927693,-1.538609935595784,-1.0359686395803007,2.9849429732296593,1.1889296524780417,-0.42575585597699056,-0.5844564301797186,0.22388882687187175,0.9135718217356422,-0.4107214839753735,-0.31349143738251745,0.2887157129551154,0.6319268573461405,-1.9550713769548194,-3.5937573554703683,-4.507305646479829,-4.9118456055752375
-4.590904280922334,-4.252697175986512,-3.483068652679192,-1.308269994329931,0.39726234758503287,1.9887039051072266,-1.3420692860952383,-1.8416075105304015,-0.07674082724397846,0.0495948829444608,0.6656836040636086,1.5040206155627611,3.696423801277176,3.4354762143951874,0.9918256864037915,1.1942531579442461,0.23828562768719086,-0.2773819778859037,0.4737215659918692,-0.7559516587141147,-1.0702243057883092,1.151126409393797,0.01605631471919841,-0.336105559218729,-1.3234426512064172,0.36474744355588207,1.0853310596226735,0.07665209295434244,0.24165445074133296,0.06708867119961796,-0.3660911434474007,-1.4847309963727036,-4.511308629430143,-3.8423231248621095
6.713469015539681,3.9888011161441246,1.9193027308475359,0.7715027959279839,1.8691727038512926,3.192715123561973,3.3285147100527155,1.5470894702410107,4.935232099944681,1.9160028788446064,5.141035242899311,1.8882107911745234,3.921075953198344,3.2555322354428133,2.2871846283678625,0.5330969624077782,1.729547196546028,0.41223852303861785,1.3513906327502525,0.527644499514861,-0.9696801479547482,-2.251623201254301,1.1475088001632852,-1.6719595452119724,-0.733724904333992,-0.5308456785649984,-0.5706535233509525,0.4327035706341103,-0.4497865836502874,0.29025636861899234,-0.6043715073197196,-0.8039137723348144,-0.632921393957237,-3.904347931959413
10.11956539451471,9.635894675428428,7.266347700672472,6.619177171295338,5.071617034674034,3.3332839025726186,3.7121591496908692,1.734519942430639,0.7370034811739676,5.697710759123285,5.683103933315002,6.949664250830828,5.255517963397987,5.4849946819386455,4.871809470410747,2.564094353164298,3.126648589324038,4.472267762902054,2.7385028361031707,3.524039941846266,4.757707517278518,1.3992351678116504,-2.562782826542924,-0.41819259738424486,-2.353222914755669,0.9627261967810203,1.370569818000639,0.5143688374537112,0.7404190068381212,-0.050898557701634185,0.49864695009257665,0.11050001917757638,0.7838633275217303,0.6777081515137481
13.689311171285235,11.26880346775954,8.694194453100385,7.006962272021798,7.024339528854662,5.793968765907962,4.486612367934427,3.727572590441624,4.095443236673849,4.775051387271459,7.202022435466521,8.64160222541726,6.350826728728151,6.4254229320705525,3.763043815043197,5.841797609777225,3.9947123718242112,5.223648973557936,1.5168684621331885,1.898507544942485,2.62233970449473,1.3403634461519878,4.106152138220177,-0.8835886453455144,-2.3292637308305757,-2.016351783601181,-0.8549379267299039,-0.2246670099655095,0.08796146077429126,0.3781143020329948,0.6748547105280295,0.7808278382324548,1.4338262915767412,1.317380552426053
11.751527451224284,13.326658782199106,9.099339626740202,6.145175528448243,5.575450248882477,7.727330356332187,10.465343377125455,2.8703581281253197,7.9643404586459035,6.441592455517121,8.253738510688041,11.669271600923691,1.4830650903512224,1.568797720020151,4.264186144243758,5.290387126642374,3.3051654153781524,4.363651371901599,4.674345609316559,7.822246321367223,3.3609881534311903,3.6138785901909727,4.721130051949114,5.643632080337543,1.7387672618001608,-1.878673098606374,-2.389999962914077,-1.519395753117956,-1.0496291348390459,0.38767250323112157,1.2318885176038674,1.294260211856884,1.6790509976487675,2.716062727134311
10.799952850779624,10.388335835672713,9.020520080588678,6.302047864644617,4.635991515212056,5.589666118912489,4.676260620182108,11.94869546099958,5.311946841020988,7.091979957047682,5.152212624623199,9.28786784769461,10.943708589332745,6.5114011453329965,5.689387092869452,5.366714688335975,3.252031126520925,4.156574372622915,4.754000682910344,3.4553279280818496,6.737613650806887,6.028594243903707,6.712597968084524,9.251760432486968,9.53067071331947,9.688020937946114,10.818948358170465,7.4988473755329785,-1.254039389378723,-1.074480183928164,-0.1559956840139741,0.716556651934098,2.4127054807516637,3.261114736648717
11.1693203496946,10.35498166267393,9.055927755177043,5.410954210635261,4.597679965529648,3.9661920431807327,7.4566193297889685,4.359193735185731,7.840982982941429,6.586582310693796,9.201290583459537,9.531020301501778,6.1617833023962865,8.802038139549444,5.654096509584996,4.714893295175359,5.1071341973534965,2.047072823647938,3.2090747233815766,3.2273351772353065,7.575902233427617,6.834612488725555,6.252491466627086,9.58280488689638,8.843833224766687,11.12192720121652,12.050375170664818,12.167121744353562,7.049863134234894,-0.7850002504587881,-0.46235312081406205,-0.0809836863381752,1.921133912233253,3.295544283019716
10.017934418596004,9.091097367638232,8.42656486134268,4.659124699361475,3.152231185712643,3.485259859416792,9.063613499946033,11.579753020319416,6.484473414140953,10.958847018609957,13.670141084331107,14.150372091600273,9.265590508690714,6.260918967632741,3.8494905866972737,0.8164605698451599,3.3094558046851397,1.2914805822613356,3.4866457643512194,3.065374108946557,6.151685432162311,6.360993116302883,5.12367923257216,6.310354959319347,9.858887259085055,11.764566036595287,14.07329153157003,12.882338014058293,13.202361152246187,9.959491712146251,3.0625545465567803,-0.9405300031208843,1.032387638211648,1.7606323301844495
7.579233454394163,7.736441536738377,7.914655083277177,3.9731752953945727,4.159930740502234,4.144696302513819,6.9913438107316965,7.319152635823569,12.331898087531759,14.471964821827848,12.86923116567332,13.886047583763384,8.055548729433507,10.15925028303212,9.725820368641829,7.461108461410989,3.310253796913918,5.447597730741877,6.14546332384469,4.257194392516216,4.850231913063046,4.82625913353559,7.006336320031788,10.08279181085205,6.247655793038875,11.182755532975259,11.12558897524136,14.4771041026905,11.252721326287174,13.06090712805622,12.031664315286363,10.64311576905665,1.477548440285763,1.4885782506657832
7.86056013481632,7.73507633834439,7.2805785192344645,4.7442594583038264,3.610539822581078,2.668166163819013,7.702925275040938,8.457949404989094,10.466954585418362,14.991316776371123,9.268515318910314,10.970589150458622,10.006634038164657,7.131662777695692,4.2068749875454365,4.3212037833326296,4.83223311205955,4.063806847597756,3.108694770937584,4.203915792500758,4.1257850144707,7.901618038280957,6.900756917022105,8.20946956914439,7.698799984741797,6.841512787979258,11.328248533635323,11.954648362262322,12.255000466767296,12.781809862613642,13.893880157499773,11.708582403624517,7.861967457317217,6.567717941707476
6.706358793995969,6.756698444813954,6.499947537060839,3.8648673756704537,2.360976699392727,3.1737058035719645,2.129926835528053,11.431771695715785,13.163073741000273,10.746896764137263,12.965108096782766,13.128049460135347,5.932890586226545,9.984307563535987,3.0951974246428073,5.6093084563030295,3.4611604586926323,5.017699169956853,3.4461363072672286,2.999189729139711,3.317351759958737,3.9284865199374166,7.687932263146655,7.511321722468758,6.836492371996311,7.376614489233183,6.948449271459285,10.256371027935465,11.753975012858437,13.467069357455683,12.924373422549708,13.784116739684094,12.120897922069373,8.706625832185344
6.444452096646118,5.838014512960328,5.322746038051074,3.502419026181595,2.89163410162927,2.3518009440894363,2.1566992305692545,6.904602189497149,11.823863558851246,13.013061200910428,12.89972440711931,14.744857080279397,12.07138738332049,4.441368012868851,4.588912828930214,4.098009241879238,5.186895127113042,4.498222842476414,3.173627969024632,2.2251235550703288,3.6892825069470705,3.9331962437574552,7.831077299881909,6.835463885169999,9.329412120495835,12.105083379729546,7.296183038958734,10.417268721833018,12.424488686617028,15.126330863584876,13.129396214316394,12.663818342136608,13.245314577130943,8.790575303926069
5.648120717361469,5.713971762105497,5.452200052238014,4.5704555939083695,1.8172362289918436,4.036253666535232,3.6685761267797643,6.53295343693833,11.404303378897731,8.968949559661885,12.690008712024563,13.47080058857956,1.3789574753374567,8.139355227817116,5.482325798018721,4.270841495998059,5.300633299972857,4.834704568260372,4.578539840232576,3.271987932850641,5.435212074548136,5.243693556337036,9.310896298356022,8.118165166038624,8.384298068155408,9.58571094860698,10.278351096231498,9.567001050640005,11.941315486752123,13.54837173343965,15.123714178187127,13.472881666982458,12.750828625107667,8.643091077116337
5.948336939322934,5.2946011473374455,5.2884595216488695,4.802518612129698,2.264089008839333,3.4308343009906306,3.1840057876563064,6.211201032908325,11.492140806308656,12.9630672892187,1.408614626502849,10.58058726539616,10.660358943139812,10.517032931777324,8.461605349415688,3.155029224582126,5.937625496143028,5.155095496390324,4.0807798866802205,4.155616063805739,5.584189843270399,6.01671977436521,8.16009722216868,9.979167677264993,9.453347704568037,9.873193003447376,9.47978016227383,8.891441061110825,10.155461731681022,10.073496608362452,13.42236978727044,12.621521596914443,12.82394476345633,12.255490668977162
6.468301460852374,5.083491229858402,5.562674661978136,4.764029124063054,1.501439314200443,3.329679877729088,3.4910605665441414,7.593510315099534,10.686303696926082,7.881902366633978,7.59287076466707,3.8500676358060386,8.52630924152845,5.509714648142134,7.528812227404419,4.850761628218194,5.461374831709076,5.657609681054096,4.5007530529476965,5.719546011272103,5.375855108213001,5.939743679728802,7.988612630048007,10.095949274236164,9.706493693012009,10.251448358128389,10.008484053136398,11.189244507914673,10.299282005040501,11.836503118376031,11.714108196890875,13.454851571243607,12.905416565385638,11.403170250253128
5.679895317858243,5.25766200732235,5.316658302544067,4.413376669429698,3.25448192029515,4.057139921974113,1.55324540326301,7.91868389185045,10.919699776530814,11.24764408385836,12.568029265798426,7.9502053409847635,7.345678130699532,5.140645413957052,5.254023869680003,5.538931038601281,5.5377706416721875,5.43586683850132,5.605315544164852,5.827469113648687,6.547737806260389,7.737686718398613,7.333260907108812,8.607429069281373,8.681672061590012,8.79746848682618,7.3711164509871905,8.501273230660576,8.76067660449929,8.103638110119,11.208948017872055,11.809706158373729,12.39015925150011,11.678998625319952
4.725679630849559,4.80324820534702,4.569311938417359,4.105097020458965,4.576058133783315,4.823629602336177,4.682763072704954,7.499853430351258,7.996100004615902,8.499178436689894,11.017780331527225,6.9557331547636725,8.865033539114457,7.6333433849685814,6.489738331259461,6.155944976810157,5.717961147220622,5.306271586954541,5.587807711631917,6.397596184750545,6.189299594341531,7.802238224153779,8.34780707884653,8.847385453575649,6.823347536972313,8.130443025394674,10.688916571094875,9.028731218227058,8.635167849250456,9.345219580912971,9.00492483242617,8.450453142329566,11.244188787624521,12.171521500942987
