script/wind50m.json
{"header": {"parameterCategory": 2, "parameterNumber": 2, "lo1": 3.000054539987559, "la1": 64.9999836372058, "dx": 0.5, "dy": 0.25, "nx": 34, "ny": 52, "refTime": "2026-05-01T00:00:00.000Z"}, "data":
[rows 0 to 24 of 52, columns 0 to 33 of 34]
9.996532339247226,10.376552810262442,10.174209946732873,10.141570304489429,10.31084994520665,10.760050454206818,10.878868082837881,11.203671682598847,11.351797848874797,11.569940749061438,10.988705491827295,11.02840688781969,10.933342977774135,10.928838200667892,10.290486036450531,9.795647655146645,7.421066659483494,9.074204110000544,1.8874390217503454,3.9498624297553064,4.32963658595113,5.920189567646874,1.273082295034112,4.787649202800346,12.345728331660577,4.197565190834539,-0.7217483442828899,4.109880108378121,3.449875431060541,5.398322931521011,4.218751879806615,2.9879197027396396,5.1390068964128925,5.405127160879012
10.72029761572588,10.445360689553006,9.720222858135527,10.053734360265686,10.18683441466795,10.852479439662314,11.013060508052243,11.673127876397276,12.055397885949775,11.804884550986959,11.21808718323427,11.265679796525767,11.344178356344234,11.348814820673063,10.771814736739818,9.64500484864723,10.382274490456718,4.6514233708102095,3.7874067570126937,10.131162731415586,-0.48435305928871175,5.790680195538587,-1.985725053276771,3.922219933131975,6.898234413542756,-0.04217770040429732,3.34294643090521,0.6368189560034451,2.2709227796015203,7.566324601154826,5.337273448893189,5.342612491127846,4.930543730608437,6.0245039875305615
10.20882305726556,9.906553345525992,9.353132118984878,9.390729597530468,10.0441528530541,10.935121374218644,11.63467547964956,12.19215918899646,12.23042574089428,11.672034885959361,11.50725577469558,11.719507505665316,11.995954094546388,11.914289396691125,10.738813375410693,9.5812977005798,8.636944416684441,-0.2685104690249717,1.6477349721577272,2.5396795195679727,7.264050917803739,5.742604100250398,6.7622630248632145,7.082408997662454,7.555188886805603,-1.4231420199840048,0.4032662267456953,4.5687421108658555,5.0491666751944875,6.276182189678936,4.885221879749739,5.454110238313251,5.387463081515395,5.570494821778001
9.514099699621239,9.087541022442617,8.871431592368323,9.18880387874824,10.146177561335326,11.539605291556358,12.166256790065471,12.384182971759008,12.208556555840834,11.913322924521314,12.101350703664128,11.5376946702173,11.165209756393747,11.948923747933032,9.114224339848487,7.735319052521071,4.007113137281785,2.280482855027022,5.643652291226418,1.6854655357178683,5.249705773342811,6.161979194340643,4.353148807461171,6.66915949170314,3.8483014846321906,2.16654877617705,5.984219638996185,3.0179784653924133,3.6334980899076634,4.561431846572189,5.076628500033253,7.470307349533285,5.8201012438142286,4.602090564754595
8.712459323507973,8.618527614294194,8.477782024400863,8.925341765517743,10.657943307071966,11.853826868173552,12.326262017170306,12.530320256408851,12.255362648937517,12.223440700041332,12.17952292032011,10.590960256144278,10.71674940616176,9.126441428873084,5.045781779432923,3.8370905291892643,7.611555514831334,1.0436901360585928,-0.3255845310342705,10.347781729559168,4.4960003252556175,11.950278528300005,-1.1015685751913942,4.722495074952721,2.4359468905080766,1.8448647800078626,6.693125645666541,1.8399353747477971,6.182147866525831,4.187975804053078,4.687170640838147,5.939467528239111,6.204957148239493,5.5613413231723285
8.33997745577821,8.447142758583464,8.437418783396458,9.192251988882678,10.791004982951096,11.769147935815727,12.487605864593904,13.030131987633972,12.494328347488842,11.920923946369568,11.050889902235232,8.695758757490731,7.725857177839929,4.6385433631057165,1.6088968561863548,4.7916770251514285,2.873204839951208,-1.0912453666829613,0.6638103594136785,-0.9616907450102269,2.6708927054645035,5.4460195778040426,8.33591717218376,4.6201437774577725,2.637000548358763,5.524477312655596,3.9513316922644246,4.507700623381781,3.2013842542214763,6.573383767104739,4.592591808449455,2.66006269349225,3.848640415639875,4.080962538036771
8.138362662803738,7.949294978104298,8.26959442020465,9.450322535788656,10.563304391422282,11.382102302489324,12.588307652526003,13.367871555272458,11.442447689850395,11.42669595395359,7.023854197713186,8.766921957309087,6.042887267956819,3.316253807427847,0.18215932548178015,1.8881970957822578,-0.850256470722986,-1.7872934104917024,1.9737392438187318,-1.3389569291082917,2.7624900789934346,0.7542575881514606,3.0315885194149543,1.8000176360914462,6.339562708050945,3.691228610593893,9.268042796036159,1.7523068259880068,2.563131940983319,5.955512175215422,5.907583434869328,4.358681211845378,4.609354138231141,2.1318227890869066
6.908783293908418,7.874612024184449,8.369131140751815,8.560376626620833,10.003722768834779,10.795537971444887,11.38356205032993,11.631491182736047,10.025004890229052,6.581203972050243,5.8672170931547365,-0.4051807810308103,2.2538669992512754,5.827070672518611,-0.5499761530968135,1.796530020618203,-0.35732011771381217,1.0473164461073532,4.423396763249107,-0.9097742584282075,1.8592858449312188,2.0791389139188428,3.2074475497881116,1.968966413465302,4.287956001504283,1.5995415315238468,5.449126404849614,6.021532710032027,4.836287627340392,4.043711722193706,4.656343760100021,2.989511813428424,3.668515362714002,4.509938032003346
7.246931867725607,7.439432172336621,7.113565025760622,7.492427519127511,8.79821103247174,9.891480517307716,11.11362474347287,8.301625075834052,4.568183948178194,4.167403739836904,0.5047539145885479,0.7316944581254095,3.3573511999326895,3.633457866578087,3.036449279656127,-1.3870838512524857,-1.0103145178858175,6.189529861057383,-0.8025304084413516,0.7958664117494154,6.834411316651948,4.713891336651918,3.9982281098628745,-0.05842824296881753,3.1783005664430872,2.8704958200665613,4.084732589763236,4.16802612322687,3.433924888776637,5.592352262542671,3.7317141737885215,1.9284934975612913,4.711281255100238,6.423014029131869
5.947901523918685,5.7022100950385655,5.375237052040246,5.516695729405746,7.676251046546772,9.742099499685816,7.254944620512002,4.945121589982914,3.6689896666253587,2.6748148522187303,-0.7172889419703801,5.571444281718845,1.2587423174047563,5.401264395178749,-2.218974787580428,4.87419366191687,5.6966818159554675,-0.004801971377473218,0.08321596741863692,1.5167612221860367,1.5871887664991198,0.7146473041435671,3.606483155128715,2.06172445397727,-0.0527489777429254,2.067307031438078,2.5288669029206945,4.763092960561204,3.5274298281849266,3.739480151742301,0.8160125032563461,4.063097276169948,5.045990076132579,5.730596194834717
4.936330910299454,4.638219742426977,3.6815046453737996,3.9659009897283437,6.471344115541539,4.7357027364958935,1.8629070655469737,-1.6946703027607,9.165141601533781,0.40121959362375254,9.820217731508198,-4.085433500537497,2.344479787408401,11.14398813910923,2.2504267479749163,2.497742343662018,1.268723760451375,-0.3058573790548055,1.3638042555524306,-0.0261408221542587,1.392850860645351,0.8302423663348956,3.1330976841310667,0.33645996809854745,0.9028002232915033,1.5867003327873794,2.330138264653593,2.8175713205520267,3.6948132528970925,2.661881492973517,2.6684941881717403,3.765455069287077,5.6218367940653575,5.75730064681369
3.825317958989808,2.9884685005867446,2.23507424870942,2.1055063133346765,4.994857545586036,5.693675152461916,0.40588291399807713,-2.430573327926914,-0.15895200511250843,4.921436122119196,7.726622532037527,10.036990535046973,1.4634810195381454,3.4610319228605184,10.31499933051775,7.930748283467772,3.3410456207255126,7.233392871552193,1.480328067958255,2.141011896121841,2.829980368333399,0.5346889327981216,-0.20082527521070112,-0.3140469010141592,0.10004827776551319,0.4286908396716121,0.4312298899733425,2.2164606256689567,4.22901232619009,4.253220953185616,4.870447313916425,4.591193854850431,4.902057402238506,5.659708488308129
2.1873432813971667,1.5351890698571797,1.1567888786429856,0.2824650146283558,-0.08452089796241946,2.0196423945589537,3.7875962253037843,2.8146884434027664,6.670316400179958,2.699021125132521,7.237350670089806,6.075397250905418,4.744240304707887,3.899196611836211,-3.3091538404443814,7.777609880614564,0.9953320072345291,2.1688250062585124,-0.37124738779814903,-0.6671000670417812,0.6245441499398556,1.558458060037667,-0.7477500178033827,-0.9543537541223509,-0.25757371016367564,0.6063757587873567,0.2727247014631544,-0.29880421469713164,4.102681009143685,2.1727719401791683,4.1571184099824805,4.479619542914161,4.238303353796382,4.903002368151883
1.150099821993748,0.5756915926416534,0.01835734569762028,-1.5381623454340942,0.8339813316969685,0.7537268504546797,8.088328323791993,3.457853424620415,5.8690495385314705,1.3591798634360648,6.507163500236188,8.062636586114607,-2.410555026996583,0.20501004914370316,2.8580768983472895,5.381191812069136,3.0470948058364775,1.2147853142709526,2.152983938608732,3.7821023933126954,0.15537422507196116,-1.0646262958054378,1.3447790961137998,-0.7960144928633701,-0.35990385822041854,-2.1807261013348707,1.2654424444794352,1.1840157257089585,2.4147821187098213,2.084327074643472,2.5706017782370587,3.317476301517126,3.563136742536492,3.9170532910680467
0.5270989739971316,-0.31637009927297205,-0.9482204873609731,-1.6087090809590858,-0.26905633719381516,-0.8915851676412034,-0.6134183840297082,7.179613980554174,-0.758388938118266,4.4632519873798735,-1.52203577996641,11.68553825505468,17.1742072231241,3.053505712827019,3.5028470398600553,3.7542320479720406,4.052151065659095,3.551896365087453,0.5131885772820213,-1.1264465532493868,0.20895542787676336,-3.605559586499373,-1.697183943584334,-0.9909947399566372,-0.8885870693806847,-3.00541622478099,-0.04180031707753026,0.1590233723463883,1.2173301009862207,0.2621057618437242,2.162534587798572,2.429392844240478,2.6604169414441237,2.236228898763674
-0.38598582158294775,-1.1785775447433675,-2.0640637877982413,-2.7417365590882716,-2.640903589339065,-1.568774910715718,3.685927903989212,-1.5065028810712118,2.2293991650201788,5.796396277094106,5.844786980422659,14.23377219799612,3.808822062195944,13.810920221871289,4.830894121274878,3.668355272447572,11.374668507015643,-0.5675941117684641,2.2497992023855926,0.9632987736026808,7.793286529751569,-0.6811933982155143,-1.2092659665561563,-0.4632597657353765,-1.3815944587272408,-2.839868384948411,-3.4791839015763437,0.5076833539315084,1.0060256070388136,0.6449308546764168,0.5997011471805805,2.428909921333251,2.116164544290291,2.306614872960432
-1.044589739917086,-2.1929032400501325,-2.5414148627211257,-4.017090115461963,-4.847578495172781,-2.6768485325174938,4.010401008278631,4.32544630052313,3.951003240509078,4.145475462715845,6.989807483410529,14.720743079101332,1.1766238227920365,3.4169299346350814,0.1389069404079465,1.2620717614527308,2.9212341818758296,-1.0497035970421897,3.652431351455155,2.078339406939288,4.316438542638415,4.586232980356421,-1.6648550372796735,0.25729506483412795,-2.280051832068162,-2.8558917790169502,-3.0640313318729833,-2.747647281314941,-0.9252395883745952,-0.9368421875401762,0.6668555806045564,0.9458846202379908,1.3868408469885163,1.8479250893525827
-1.186105060268188,-2.54295291433332,-2.3170869934895677,-3.4896537452579333,-1.9900275902408426,0.00792819061608725,2.394326786051541,1.364214789360637,7.063247980487288,10.7542579541121,5.30221254432122,11.634291655181137,-1.294321320615795,8.348399772885633,8.374169639979838,7.709106789250393,5.262903040365565,4.707329124964261,6.810629019380204,4.003098185725654,4.504164711945156,0.4933739053324306,5.108356416284992,2.22606266960654,-2.65131872994829,-3.626705415432226,-4.063210203677134,0.0029288395972325697,-1.2733617483479787,-0.31503235875728824,0.031400499217888636,1.1542025274796914,1.771702965198971,0.5701595584569524
-1.7741122215459089,-2.802063453502551,-2.52187824049794,-2.6208542775584394,-2.2482207068794544,-1.6532592477360895,5.703914964150171,5.381859116728921,2.0753994318941063,13.354404401116708,6.127711143618765,-0.17664197413689173,6.898623043316234,3.6448900601070595,1.2646036824911508,0.992790246514913,5.329407327947108,0.49927754320926976,0.5103200495305588,1.4830801284885973,2.049527462989621,5.075908661801929,4.049584706401848,4.720935618891306,1.0736779197727062,-1.1891630933204302,-6.0473304646785,-2.9985530898986377,-5.3813842593773895,-1.3325260173011286,0.4731548596414531,2.1831653283329824,3.6447159696416906,3.972372805128224
-1.7845084824511077,-2.3149521543685334,-2.1822719463504443,-2.469193201739089,-1.7487502079535169,-2.1654663352353563,-0.018571433129344016,8.803249655791484,6.649408139043416,6.004554626060408,7.195490757647427,13.96843830485586,-0.10450293196083645,11.77849639320107,4.076130743581129,6.172052247534128,0.8986135167480083,0.5908387925289386,3.3292055151686006,1.563269777081827,1.3775540779295463,1.4173535466301739,5.062056230853557,4.614771416153802,0.820478225138098,2.9720488404417624,-2.0708359475152833,-7.255061733245136,-4.732363377921716,0.13082388334746853,3.245745325699874,5.767764231460587,7.220058450491633,6.858151413052945
0.2980179332099035,-0.9943325105073985,-1.9056483133445097,-2.2396276718961885,-1.6775608836197713,-2.726103460437357,-0.25795929297069836,5.266496760109642,4.9437546364872835,4.1041739901810965,4.2862830496250615,7.378573695988788,7.263732559121908,-0.053534447530702155,3.7054830188459214,6.105921985999423,2.2215824895896357,0.09921745090790755,5.2958391764743595,3.3847775629871686,4.59787647413293,0.40598954779650614,5.076723375195428,5.017310616068755,2.625452961978894,7.280738541794882,-2.2827258372595005,-3.9090645829039468,-5.421080433029028,-0.06538165809848592,2.236222969047446,5.217949313178776,5.999817031526012,7.301087687903852
1.1723532787572388,-0.04361410744930637,-1.3241841163538692,-2.0684007608790886,-2.015129587324484,-0.15794556840153867,-1.172510341976929,0.02834521002658869,4.156146846159029,-1.4574438918292756,12.397197994326584,10.658987728513443,1.9531026641055829,4.076193604183699,4.507598625514728,-0.5076063115115177,1.9253851344627042,1.592427314489912,6.538331308521554,2.102753392170177,6.296752437175497,1.0832448727940285,4.71926381716733,2.3726299868803458,3.9061771794945073,6.206873101861395,2.5037311890373304,1.9267739654956573,-4.9472509537953835,-1.6512314409610747,1.4167047326180318,3.503512190866313,4.82323359403038,6.389642621577832
0.9581247130556364,-0.5663844992056299,-1.1446400330286242,-2.1269146306223394,-2.659481560135921,-3.3649771480284647,-1.0056615219416458,-0.06320075452655564,6.8885403391444635,3.2000679790636557,-0.5891292849734896,4.546260520633713,8.884002069676269,7.1763876458909985,5.62434092219645,-0.4468382375181409,1.182484473651441,3.4760660627056423,3.6161881782638323,5.254712582923783,2.9374054662728737,3.8093546456448535,2.0921616242308243,1.8746479832401148,6.3875903542008645,4.993510782544013,4.349170806102386,3.7170260406051896,4.045686913934684,-2.8058646761987105,0.16383266913709663,1.6251175131080817,4.238111389033988,6.7931474663596285
0.07612794459222191,-0.8501078237181562,-1.26927012789438,-1.98186408833714,-2.0998678740066823,-1.9983698258625227,-0.9523067389968798,-0.42327617917649374,7.082627957364278,1.8725535723530673,2.3426167692961863,-0.8818290237275336,6.461659794010271,5.343400183173731,2.0804087164954597,-1.097257026148007,-0.14231790876666223,2.088839666211382,3.482153708064959,5.522330241071236,3.2239859425703106,4.261813304457408,5.447929875220346,4.188457306070926,5.094136088059406,5.149707668032546,6.5118383492906435,6.045727296803718,6.036981614414959,5.081664685317382,-0.2248598216543233,1.3249403930888692,4.029230011180211,5.41325663364593
-0.3347224512296658,-0.6523669769570186,-0.15275905619987884,-1.2335218905080334,-1.5881040712189147,-1.018067940467133,-0.28418950962411405,3.4183696024124544,6.530964970077719,4.371169343304956,3.087242276147356,1.713283334422006,2.9809498620152133,4.519712314317574,-0.25499420856203087,0.8869873098735565,-1.4194131501111298,1.5163999030979987,3.94626348428408,3.588787689121799,4.984448759307721,5.678159349907167,4.262999224501991,5.64120857528609,4.293565169649175,4.648776850703285,4.499917549429568,4.557874970463107,4.189654665929116,4.043872585970684,0.7514470049303562,0.5575988983722969,2.972204390064383,4.307561944312581
