script/wind10m.json
{"header": {"parameterCategory": 2, "parameterNumber": 2, "lo1": 3.000054539987559, "la1": 64.9999836372058, "dx": 0.5, "dy": 0.25, "nx": 34, "ny": 52, "refTime": "2024-12-05T14:00:00.000Z"}, "data":
[rows 0 to 23 of 52, columns 0 to 33 of 34]
-2.261726527222433,-4.245134066144504,-3.687622780027708,-3.835680144469978,-3.780146217908459,-3.5020138945894077,-3.8419654905626786,-5.488184083337943,-6.324692674377304,-5.694323937961312,-5.060295050895305,-5.381306126935021,-4.569734046404903,-4.728242321791722,-5.366893383083195,-5.889305131041077,-4.064024597658404,-6.541959639127732,-3.55902001710803,-10.757904147301172,-3.299360363396411,-1.0412549870347145,-4.63020438407266,-1.3976179464446075,-3.150766401229569,-1.0156618591737578,-1.0122084791464285,-0.27430706752859985,-0.9126887136270242,-1.1862057781918178,-1.1068754867699664,-1.2769096640521636,-0.45531530394581887,0.5798913841973543
-2.0629909359979957,-3.022297945608967,-3.4446919910552447,-5.220235358271874,-3.5436252120902076,-3.854064670500992,-4.57037488157259,-6.923157297284195,-6.04136335568446,-5.222635225591028,-5.379663425915962,-5.020122243075657,-4.885737505859279,-5.231981993655892,-5.412708916161362,-5.370180747141652,-7.1090669239400635,-3.517647971344066,-9.690435856858894,-5.406661419746437,-6.711317804278866,-2.815938891086948,-0.8784417696970656,-4.917058722032654,-1.8029258792922584,-1.5277790474208714,-1.1887876141089866,-2.1377968180251252,-0.7219592734133654,-0.35193911540107503,-0.00547195221747418,-0.43963463970123273,-0.6343610164732569,0.14029794191276565
-1.5608854018301157,-2.6316983879003546,-2.1514281597295515,-3.554730264689661,-3.046672509784202,-3.026658531527506,-2.502563874456299,-4.786424318683661,-5.6741262880452785,-4.613181592940545,-5.144013837738629,-5.264713514969113,-5.242191751674229,-5.411580466108499,-4.500741251054214,-3.8265955223195416,-4.483849578556211,-3.8530685395584108,-3.133519315867374,-4.604195000036271,-6.29379893512467,-1.3752823965888994,-4.069597881229311,-3.2056508517500135,-1.2813715593775996,-1.5797928985725105,-1.578854185973303,-0.9380811562151705,-1.2261764869250609,0.14351917089316324,0.18601000619937486,0.3091194563184424,-0.37719257928716793,-0.3211778582141444
-0.9152314009205785,-1.0319867675236516,-1.3909943221255812,-2.6026218875037364,-3.3591327445109997,-2.9823707613906465,-4.288012406628777,-6.145033631712501,-6.78145663960376,-6.132185248098736,-5.645883438925615,-6.911280038050993,-6.586712099101176,-6.099068886900504,-4.054930850279156,-6.442288853557461,-3.873532225549862,-2.7152187596362736,-6.552235595247022,-1.5446539995677706,-8.369884848733264,-4.390534931257624,-4.6281285344714505,-1.1413363678194046,-1.402346749730973,-1.890666998963823,-1.7075099701105692,-1.3315354020148524,-1.004872056812864,-0.2725006799675541,-0.15143201203897505,0.5229448072708968,-0.11704082273838612,-0.9119358509384474
-0.7590412734866805,-0.40589610403691667,-1.318928042730926,-1.5616395672208596,-3.655849928925252,-2.9915855071690505,-4.810298094456913,-5.7499253241909205,-6.097073823920156,-8.063106884932415,-6.0684449076415055,-7.996711104083516,-7.529948634319497,-8.83607356829257,-4.812996075679738,-6.005865360609721,-2.951775975490628,-2.3051486436503215,-3.125672592742593,-4.984379230358535,-7.745314623337786,-4.808809568972405,-2.1385182119919404,-1.8266934854662393,-1.029729664714184,-1.3397071694920604,-2.5087437512070676,-1.863502675857634,-0.5717030643246309,-1.109660048042183,-0.7594971180335801,0.028988233010452953,0.20150001124151806,-0.4035521796350774
-1.412437472596257,-0.24723675931637407,-0.3651848889847551,-0.6037892597589093,-3.6090470860570307,-3.102010490404936,-4.60087151932035,-4.85376147943284,-6.619119055104967,-6.949122937542259,-5.5703339343272,-6.200773156554494,-7.658515891833247,-10.897992345191726,-3.4056853351999106,-1.6733690225499607,0.48300408885969803,-2.2350253695488997,-3.925007879075758,-7.424828455567663,-3.26768616229291,-4.719727291041626,-1.3981460163225667,-1.6579191406698537,-1.2418110115121472,-1.3420621366754346,-1.55693154879203,-1.9576985189900062,-0.8689662302933175,-1.2673896878903543,-0.07754210909890209,-0.7349086349226907,-0.5628461870450315,-0.3045167331789093
-1.6811667360227545,-0.34321725726062974,-1.107613517930208,-0.2765421132194652,-2.313293101254401,-4.668529924419604,-4.4949453480176675,-4.2669521354939475,-5.819330214814512,-5.933039544627407,-4.239929439294417,-4.915306918818292,-4.911502600020939,-4.233380478114105,-3.6888423600095503,-2.1421507723588764,-1.4549643869396889,-4.059108801655331,-3.0551650648309807,-3.3652704705691217,-2.7786941677820693,-2.311870474295509,-2.7123428053864718,-1.4582885355722983,-1.2407641405605139,-1.5225785858885745,-0.7052166384856009,-1.6184584920307525,-0.7048334696262563,-0.14705506522384976,-0.39013186058556953,-0.3369024685368941,0.06779439946396064,0.026957840653329228
-1.9301047702320127,-0.7502880364129142,-1.7490272859883604,-0.3692563531838597,-0.9347246074080142,-5.137625900817417,-3.7287995172985164,-3.604859577539852,-5.6484924454267835,-5.964860097845897,-3.5626487761980408,-2.6683161551300025,-1.1552437264598563,-3.0234709064456387,-2.6902102919980293,-0.17812776253468665,-2.6785369877150775,-1.7017922878679206,-0.6942787080927312,-2.758353715766145,-2.6366716469277147,-0.6150418055678576,-1.6482064357264417,-2.284835236253872,-1.141125661519049,-1.0684953214208073,-1.807045743757911,-0.3594408839385028,-0.9494104255022267,-0.3313746626689616,0.5149389314322713,-0.5828717945802676,-0.10301913243418113,0.373031923474168
-2.2263546145288857,-1.218395116966613,-0.32373309700013425,-0.5653605120554124,-3.7848054382234144,-5.2186621567781994,-5.790293701632646,-4.991456922684133,-3.953570590849163,-2.503100563950696,-4.763680261467058,-2.6963026557796517,-1.5443749554981405,-6.220174700173507,-4.375747474226337,-2.878345486716642,-5.104710841759575,3.619817136678355,-5.506543657470689,-3.5325953826226266,-1.1921709985721987,0.8266282856688956,0.450487167920003,-1.901476019797508,-1.4525149675237823,-1.3057101524322172,-0.7947599023814039,-0.8727574254083003,-0.40692399593978495,-0.4682291869233524,-0.68527279111095,0.9374291449849319,0.124880725356555,0.17696927066870372
-3.1579306363575843,-1.410100673675799,-2.319475071407109,-0.5143146847235189,-3.106252086767231,-4.133956510859031,-5.208893984884762,-3.3686730371524987,-5.692503049559796,0.09113803667089856,-4.586611614068695,2.4138585594986557,-5.69696417992904,1.3763037756574232,-2.53990575968419,-2.4702593009346363,-0.06472924826236622,-4.004607123022035,-2.574929552170184,-0.20402623004637307,0.6785907051729198,0.034803792830549886,0.5784228111874345,-0.7244608661515081,-1.3947423231349045,-0.7994837502969057,-0.9470008730064984,-1.0555159906189742,-1.078169143344811,-0.48173797284731956,0.18082125925284456,2.3236413698317655,0.0033764005741205075,0.0879672693472314
-3.7227448387484516,-2.788558808305458,-3.2360813103211044,-1.795568111608519,-1.2709462124039774,-2.43759879396021,-6.042793801060818,-4.051893700110171,-3.6986401928941715,0.6702574365386541,-2.3189576053380905,-5.9666488568579,0.9412064506040341,3.5339696280063557,-2.0685557883391823,-3.930396159175921,0.10687503311053038,-1.9544091671226242,-2.737335515001212,-0.4618228386641311,0.30251825436553414,-0.7380663505421928,0.8144912964991915,-1.8455475292553043,-1.1798658524756822,-0.7979258061768331,-1.9914531399313762,-1.0442541576385138,-1.131448839665856,-1.3284703911382936,1.5608535417815412,-0.3257196621325943,0.1695026058506634,-0.33951951898854626
-4.078981453951877,-3.6501998090590497,-4.814961502176929,-4.390765974416652,-1.7300751191913963,-2.5749324050733837,-2.197917500007752,-7.649418819350962,-1.2666144012898968,-12.7849961931576,-3.852931570544681,-5.071224542818995,-6.826528231968247,1.7420149720946219,-0.6933406547556953,-0.6889817045787697,-1.8585257545074334,-0.07882840719881552,0.43708422396520624,-1.720656255627997,0.8925963252709334,1.0467318742843887,-0.8010771934732711,0.009500212604226515,-0.6401400623887372,-1.7612616780805566,-0.9746007846947595,-0.45398281307629984,0.19344877608420016,-0.5245860313292321,0.8231825404670977,-0.6602487169609444,0.10196643771703147,-0.34670723973042855
-4.399832461720691,-5.473959323533354,-6.046223930247975,-6.066331209306179,-3.904923391708521,-3.996050319348758,-1.9319418396612091,-3.06096129797522,-5.923601663810257,-5.457546914078074,-7.120022754531322,-10.611494938049999,-1.813367484388977,-1.6831381332635227,-3.2846109180529823,2.2905735918582417,-1.654402176006532,-2.000231965293477,-1.8683016386337858,-1.1194290873050434,-0.15434082816557243,0.4959915682122794,0.08802167514534895,-0.7059546833294994,-0.5447251033902444,-1.7458792383782087,-1.257434032624583,-1.4531429466119197,-0.730858500143824,0.05591982638694574,0.3296126181819242,-1.1128662253180392,-0.654681715229029,-0.9871266239333276
-5.41732704150776,-7.220709699891328,-7.767025561615147,-7.969166796477631,-6.861676727445879,-10.36650311075348,-6.2752057460695285,0.9434983275221522,-15.248411540959669,-5.70017303533566,-4.5947543918743206,-1.5360264576602698,-1.951732290469031,-2.685442035782744,0.5172506937282978,-1.4668379265323637,-0.5538939933796827,-0.15805173774177447,-0.2827798272566274,-0.7523495556310097,-1.7669617965794069,0.2856333602198895,0.4119433709060466,-0.0002368477244995475,-0.6671196160485535,0.2027550915852345,-0.895477613487901,-0.21215675473887224,-0.772560849299462,-0.692653397541278,-2.435537680075846,-1.240151974873516,-1.3367233856416294,-1.6373639159393154
-5.939752695352816,-7.078339380854032,-8.375174574999571,-8.764908943903661,-5.554076316968166,-4.794132437920326,-3.8924698755986267,-11.629804612287002,-9.78893922946138,-1.65543087727958,0.41446543461808677,0.5175041115510717,-2.8698811541493425,-1.1648386854081791,-1.776656792916105,0.4872836130797738,-0.4886917343736026,-1.6172362091458248,-0.5645179991562722,-1.1390881862221311,-0.9297816374164082,-1.174106392677596,-0.45182273317598043,0.1940055154707681,-0.8444901368009318,-1.784304340507349,-0.9114138204599466,-0.600532511892475,-0.7194075846013152,-0.5623106210357529,-1.412140068097327,-1.3584429821534707,-1.8803430070158795,-2.0143325455870316
-5.919427864610335,-8.076055987367639,-8.52975662521613,-9.163236392722913,-3.392878095267495,-5.027117197458538,-8.700884366010909,-1.0656318327688992,-2.501324884294444,-5.957325620908922,-7.956289089427544,-6.287842287993694,-5.018722595998996,-2.4361748197267303,-2.7303606153380047,-1.7136278074221578,-0.5318353209093593,-1.7223624915010152,-1.9504070195865777,-0.8203945913599349,0.263905017464122,-1.404185969217396,-0.7242423713649183,-0.3921372436124901,-0.23090661442535487,-1.3822605915473056,-0.514822190774542,0.3157118255760884,-0.5157609678588138,-1.6275956770716113,-0.9974677860140931,-1.3329004380792437,-2.3634706504092753,-2.728329740516476
-7.94663891739012,-8.698722142830897,-9.167072009124974,-10.03489023124056,-3.597194833233986,-6.647560355883199,-10.33155799350652,-5.6301190260587815,-3.979894222702952,-7.045614764595668,-8.789890606375536,-0.9672281259681867,-1.6871253665086057,-1.8964400499716336,-1.7560894269352925,-3.067501595496362,-1.1358603516370254,-0.9438882045559926,-2.259846040944326,-0.6645973763962749,-0.7555146118010427,-1.4441084254844347,-0.9456525277142479,-0.9291966013447209,-1.1938600212545574,-0.9218153585445081,-0.15337285226613612,0.9540280198501727,0.1719213588072931,-2.0391038179711027,-1.8527257529944678,-3.1658527810163664,-3.5423677559082236,-3.9462142038868295
-9.926851252995023,-8.888862615558923,-9.53545601240708,-10.500552149596086,-5.4743162470347935,-3.8189527329394686,-8.196086689388235,0.9238886614821492,-10.86509186761012,-8.933123696071775,-4.258317264594643,-3.3428619306583394,-0.7280045226208482,-2.2857245893403078,-1.9426447741007122,-2.052959642676398,-4.081158756493369,-1.573953285505815,-1.7850397092072274,-1.8350271572606673,-0.9430261554092819,-1.0177874803939322,-1.2338188003214352,-0.7102075857595764,-1.4236602172788793,-0.5106942901323096,-1.267771585062915,0.5308879811618027,0.2798454852987432,-2.049959894895407,-3.0544478125672403,-3.749327763664222,-6.020201223912335,-6.103597664826288
-11.090456225157029,-9.911390868775456,-10.133445650654432,-10.79282459161891,-6.644129888326967,-5.223192227061056,-7.139204046323073,-4.654220630900303,-14.809435700436117,-5.748125316945953,-3.6199948955714216,-3.02688771972935,-2.8712018896927636,-1.5686463570096243,-1.5558457607275051,-0.22639297620060986,-1.6210806082471125,-1.6308017485840063,-1.5262802024195556,-1.4593732413070144,-0.9443822795828124,-1.1693825490006577,-1.6697788567378953,-1.8815852439296565,-1.3495284431294516,0.45430835570449923,-1.5297375836903735,0.5217182174463748,-1.0871627007062499,-0.05580457154212535,-0.9821241682849922,-5.57788296244993,-6.700455601005987,-6.2406389261607265
-8.985891069172851,-10.715388580223438,-9.932724926755292,-11.060145133943372,-6.03684291116083,-4.557636460541829,-2.105998572061259,-8.846276206818006,-10.663424777399518,-7.536040540601452,-7.896965763393022,-6.567680990433391,-2.4131770785259565,-1.4411936250135118,-1.5582868868336532,-3.107674381651645,-2.1092443221443706,-2.1352930940701054,-1.1755669358735736,-1.4621818256382177,-0.3402908200478215,-1.6496913245457754,-1.5916137621788093,-1.1722020536531075,0.2518467435964642,-0.5385694764296447,0.7472582864164339,-0.22912741368548642,-1.3140813865202985,-1.0280441824920834,-0.18572795071507833,-1.3515640062648122,-1.9707144497211238,-1.5791744565520067
-9.730228203636269,-13.517338051962458,-10.850141767832794,-11.86927217884471,-9.673911739151283,-4.710956199116538,-10.96715055642231,-2.7332011576437725,-14.263109928561711,-7.1569602867828825,-5.59377118608058,-4.421190015888065,-2.731293495023105,-0.8961998178687683,-0.6995744512190433,-1.95967270237781,-2.2856569859455305,-2.2666873570208197,-0.9714801630467733,-1.8800115964349484,-0.9564645370039666,-1.1345209558585456,-1.7215455549042695,-1.2494780407617396,-1.4008041150367936,-1.6747460694928569,-0.39994850506099205,-0.05513413580703311,-1.0163967928755253,0.5664317391404784,-0.7929431155863221,-1.001334325343348,-1.7859635116512866,-2.6019357809535957
-9.529470464054667,-13.49054821754179,-14.41981370012535,-12.396831219211284,-11.937615119628221,-11.404553762315025,-7.96552837108273,-8.097820912241367,-11.816037354814483,-4.647683086703943,-2.7205768654017284,-4.338122258018616,-0.6838397754377157,-1.654507992526749,-4.616189174702794,-2.04813847698521,-2.8453803933228032,-2.712777934260652,-1.4797772750969838,-1.7634776385744084,-1.6229593545264849,-1.5632855315095797,-1.553219974732111,-1.2743933815487838,-0.5996518137806044,-0.9932339778471202,-0.9044289005576395,-0.5946772185581428,-1.1402975589225235,-0.18597082945007587,-1.1414897783034956,-0.9019215156977992,-0.6740237971590561,-2.402179209026885
-8.951239165159127,-10.630217095452444,-16.594026176896627,-13.596154762004018,-12.040070819366388,-5.791126597074196,-6.0959178140516235,-7.902562453388982,-11.99321095924888,-15.642632668294228,-2.7628762411275583,-3.7748621849541824,-1.968059964748479,-2.549169565573186,-2.655970413969044,-6.833423769285931,-3.0241077787848174,-2.500585176724883,-1.554554098587346,-2.160276411394673,-1.8253224465622209,-1.7133398023093818,-1.9125794499144186,-1.926698343215486,-0.8566542188181632,-0.828524581661196,-1.4111350677886674,-1.5753221522530028,-0.9699427651573426,-1.3365870406037268,-1.1699523411057742,-0.8843215342964337,-1.6347825937724147,-2.5554518412800786
1.0697235996623062,-9.170818302901946,-11.736908856300854,-16.003402294082807,-12.48988999776281,-9.735589765848248,-5.520156053116848,-14.409060667554268,-12.809102527369205,-5.284718001167541,-0.8340041659822878,-0.8243407486861631,-2.5793081433220935,-1.768426249347486,-2.4975742727379817,-6.965516029183224,-2.767829155702553,-2.8126282488830845,-1.8011176951959464,-1.7835596793381991,-1.143876355137355,-3.984080678827309,-2.6498290515342457,-1.3598040200835553,-0.7175503646702271,-0.8780281282427886,-2.298787535617379,-0.6364924424843469,-0.7580207422498971,-0.08705992813809973,-1.1549746387156234,-0.8567944694391526,-0.3236546792847377,-2.016595690024176
