script/wind450m.json
{"header": {"parameterCategory": 2, "parameterNumber": 2, "lo1": 3.000054539987559, "la1": 64.9999836372058, "dx": 0.5, "dy": 0.25, "nx": 34, "ny": 52, "refTime": "2025-12-02T05:00:00.000Z"}, "data":
[rows 0 to 24 of 52, columns 0 to 33 of 34]
-13.314410602332282,-12.947367672932167,-12.794176215379098,-12.195599129111589,-12.222150290511971,-11.711396326461411,-11.842110311506653,-12.277700622802469,-12.049178134253653,-11.778792810237327,-11.043617093033703,-10.137297844756372,-9.341554500753952,-9.223223273738975,-8.754054350966692,-5.974211843419699,-6.3611790683465586,-10.426914407216398,-9.369752438048508,-1.534333673356556,-7.041196265720292,-5.699750622092121,-8.753380559449683,-3.770003466680056,-7.113494488934778,-8.157002311616793,-6.5047740317183615,-3.6655543758836995,-5.27181768870424,-5.485342744001517,-5.135839654295154,-5.108841331034022,-4.194468667199052,-5.897683718877534
-12.303476756217123,-11.878047651360482,-12.051328689138156,-11.770490434339107,-11.427183722840779,-11.19202225576541,-11.395682775068924,-11.421730384784203,-11.178058699692619,-10.326880471533025,-9.883389982538304,-9.339879012989291,-8.365211340337833,-6.9580115782513365,-6.413110214199733,-6.4143322357189385,-7.873930775943233,-7.077967287186759,-8.46032963419754,-6.968062272407918,-7.653079981641475,-7.122257257189339,-5.174436008051186,-6.147260861822475,-8.490478834406057,-7.484847285155315,-7.206938139465897,-7.036311346463175,-4.393105689135184,-3.8827514644998375,-5.137145565870222,-5.228003202405878,-4.634773285619993,-3.681210563792913
-11.643461378760653,-11.104822082014003,-10.598095058265487,-10.071134039337183,-10.059869598823447,-10.601462284221483,-10.539357158924476,-10.470004641138228,-10.350686557586869,-9.489531729746849,-8.272931496459655,-7.7528880969454,-6.123406066836633,-4.63465609253377,-3.238007746820359,-3.4136904247536695,-5.975554556770543,-5.421918175068315,-7.099309151508491,-7.0430022024205385,-4.6167999674733,-6.013240171768522,-9.046527247836686,-4.764962690007121,-5.703071319239439,-6.938794782563241,-6.733388812954084,-6.58247012676144,-5.973595937709732,-3.20942467692182,-3.023615372715237,-4.80898762802811,-5.243363639466321,-3.972887810313794
-12.119851551771296,-11.47133979959542,-11.602305565016087,-9.947294405241298,-9.042601961640583,-9.193531349583393,-9.885244313740328,-10.160275243941415,-9.499570454709133,-8.513105655285162,-6.385812981487811,-5.90492223111095,-4.9239172661740165,-4.399915223815355,-1.5076189389686876,-1.8838587934975284,-5.3004862800011905,-2.163457931214548,-0.2651507201685911,-4.100256874896069,2.9402320409559506,-5.504033002330514,-1.060181114523943,-4.408167960646556,-5.5888538420562215,-6.033820288789041,-5.28912255833774,-5.935959531313794,-4.6543095621793675,-5.335526241965581,-6.056482031304344,-3.3752237708810573,-3.654526203714829,-3.559558052800436
-11.167082723788825,-10.96358702762747,-10.952883352421422,-9.306223205025534,-8.785271169258271,-8.645905050728272,-8.04945594734482,-7.198296090187912,-3.9611826843774947,-2.9932687004731497,-2.990608280962463,-4.497425912427351,-5.378672550116183,-3.4443975260566306,-3.0873658262495085,-2.1404577877377924,-1.1358108005123229,-3.062997032436148,-3.204269778571648,-0.6344063149235859,4.704444104816748,0.5876189698499215,-4.0139895663489655,-1.5769191209282842,-3.4172832823030945,-0.6703974589723048,-1.260586884879012,-3.690864024642164,-3.555694802451312,-5.109993919744749,-4.4799133678090906,-2.5352829778911796,-4.705587823665562,-5.655155031144942
-8.983698034942247,-8.035722624891196,-9.162471921372452,-8.31590412121894,-7.57052148902135,-7.0469898840277665,-5.167506251598591,-3.217956132208052,-3.507269333928242,-3.303369187117119,-2.792651169151406,-3.3326608377659745,-4.390937025871955,-4.673010684163115,-4.618361231923687,-2.8031125321048647,-2.2063159641955568,-1.1960272300594104,1.5184858063796356,0.013739305598785613,-6.390600951401733,-2.8209370641931457,0.12365301636960635,-2.904492552188361,-1.7568876957406594,-1.9730037039484538,-0.9569230460968863,-2.1161488320423305,-1.9623627942134048,-2.464188628360512,-2.8504619276368857,-6.219749758929721,-7.2706698778054815,-7.145264279396865
-8.124860982661527,-9.040209254118416,-7.351367889704994,-7.771382568507434,-6.704052728067419,-4.784596429545523,-4.278213846085301,-5.3928857661370575,-6.786577272430611,-4.88061308551558,-3.4439793280777105,-2.9598359356268737,-2.2485348845099433,-3.048360668823726,-4.268593168476054,-1.1624559485810424,-2.484837473016924,3.241294667925644,3.2148708060162323,1.1610122692189715,0.2644167314115347,-1.6478708430369984,-1.4592388088098052,0.26473184894940627,1.5536227587911788,0.9520539182929756,4.149011381578195,0.6632415003651874,2.7317222361359095,0.8125703218910801,-1.805083604092505,-1.9988526487996228,-0.9893122225150278,-0.2532206081545714
-8.608376651590163,-7.586254323270464,-7.75584444938766,-7.433455356616063,-5.4171039013757865,-5.477313452252521,-4.7916088248541024,-3.765699425281984,-1.992259789524397,-2.05990082394344,-1.3239337646943845,-1.9129238064839822,-0.8742247397696268,1.416133464104069,-0.40114592303142643,4.397272154717615,-2.7499138990292944,2.9138900850737532,6.071972276433447,3.0924287507313157,2.6123734669520684,3.4784294045671373,-0.3187383089335334,0.11192441286961514,-0.13120410537917046,-0.6227128354969024,1.937706330516186,5.913336207555615,2.2712592359680293,0.7320924811929457,2.8322397319293624,-0.024566834926191293,-0.03514570144397182,1.533383532249277
-6.987956271542283,-5.8864107251744935,-7.936873758299095,-7.805346910614526,-7.17475822684577,-5.922031967900879,-4.303908886942217,-1.8506912349973135,-0.709639083781977,0.1489116540859213,0.4947556267597643,-0.33405367866839514,1.6929241770778087,2.5494934458064678,4.036769493891116,0.012146905415650203,-1.902631916187761,8.964268207447944,1.7463705505497469,2.5439886023935325,11.174525509009246,10.741915176581838,5.772774409819805,-0.16357059436411525,1.0197703354406686,2.116660433595704,3.8671034204358543,3.2313168086917523,4.120495948990361,5.466157911717196,1.952118140853804,2.75680518009506,3.237025733183098,2.6102204420658492
-5.052145824655801,-5.294542062781516,-6.227277542699899,-8.207868346657829,-9.14236616919196,-7.991826941134303,-4.9195413071982195,-2.0875602189172917,-1.605319584492446,-1.3511589912495798,-1.9318663711140265,-1.6160073313637464,1.1007055595450452,3.9886413308574125,-0.5944625034101014,5.906816776720388,6.726729202103494,4.144953938434479,2.707693205365372,3.904432012407563,6.613781344906502,6.931807103406811,3.2038620032984015,4.93375738246083,3.6274847771924965,6.9306112020805095,3.8889936233907805,4.150844292532343,6.382048092380448,5.664361828004415,3.943539276824369,5.418415156797091,7.766406593863603,9.703557706269137
-6.567398261736343,-5.743836925993862,-7.22073994442958,-7.537744993584433,-6.635949038620101,-6.882933944868133,-3.2685969440185696,-2.732476579940485,1.9580078911720624,0.06334760417962892,1.9761491904078243,-2.636191455341847,5.871924905421508,1.2221310936044019,4.562738019926347,2.154460966235665,2.78793281949493,3.3231503598276317,5.256107466937617,2.566652459788731,5.183850665371907,3.188517678697345,10.054010999993887,1.9027673960775056,3.71991451759903,3.0158470354266407,2.930388613401151,6.934498170884915,6.068747587595847,5.726809401453654,6.0329939070227905,8.446141241877822,8.732707247347125,9.576858295573665
-7.8308551283517245,-9.670728372624788,-9.064818580205515,-7.060276535334351,-5.642779524079807,-6.124858863499122,-4.008962793986995,-3.666772368212262,-0.8506958511021633,3.097720536057485,-5.092375779715677,-0.924378420022522,-2.6275982939483202,0.8690371084388845,4.571059877048083,-0.2759038895016285,2.0569447502312017,5.325216628149449,7.151022167880322,6.84755194063349,10.48868708330801,7.538469388739432,2.6982638888628734,5.97690659435125,2.471688898816582,1.4653098382620402,4.4502483861995445,9.494760048219545,7.752734716061293,8.681512994599268,9.70086819993452,11.637944260860808,10.80559724548453,9.246150999966881
-5.964078771846569,-6.968076390909427,-7.7242457865905045,-7.562224497743415,-6.7828369120684595,-5.868738751826025,-4.922242103562677,-2.5920993470101474,-2.2428479702725976,-4.215310630942886,-1.049492090823804,2.5772099437199842,2.2046388425119194,6.235340356124111,-3.382572864699592,5.286541559552086,-0.5769856390973982,0.7784652404252482,2.1802654584760592,1.6066691657348686,3.474478611160662,6.2344973432175825,7.487081885532455,3.0368716890008565,3.5462849368472633,2.6960272911091976,4.0550674475165085,6.511571324950875,8.05138012154628,10.41875319574112,12.001148641085688,10.900640772569497,10.20236846536648,8.785568966941836
-7.995025155368018,-11.443204065212344,-10.228057966614866,-8.295223552269805,-6.63559240612661,-1.1733346722548577,6.544335639921745,-5.831299126466717,-4.176714787489512,2.2356304715025783,6.939545751149819,8.924433711137269,-1.5079399991562705,-4.873840109317752,1.2531662981485658,-0.39759197733532636,1.049472612561635,-0.11976343780973736,2.368212440495156,2.0646313457649703,-0.4516019382146808,7.105878180981022,5.492334454023122,6.88389918073186,3.1567160544444453,7.082497101811473,4.770521777330472,7.31036777259127,6.86628262693159,11.119874627492772,11.579141799866294,11.224653937182875,9.25442715563945,7.839885761430083
-2.7550270122106784,-3.037362035690489,-5.998123446179295,-7.246242760280757,-7.380162529089603,-7.301579417624233,-8.459916036657393,-4.279411414158819,-4.650688242254718,-0.2288192555324367,0.945891485815818,1.5794553775938849,1.907429038571992,2.9443919012553135,-2.914710901826831,3.3522789804722533,-1.162753952762617,-0.657459866940992,0.7485825806244718,0.041689177663368375,1.5261867007128536,2.3197162135210445,1.893760694442795,5.609474898423276,4.062491844199899,5.150707218182888,5.186283355911391,7.537146467099837,7.196170094437623,10.070223964908346,10.217484874594339,9.792112803207852,5.893529196166277,4.917576297622593
0.9904571316364117,0.34957084652443404,-2.2474684865452037,-5.281259949225978,-6.322841766979436,-7.024458970309024,-4.695987822068533,-3.547013048277558,-5.6815362453630645,-4.69299778367819,-4.7114843010622804,1.4751767827366824,-2.7213839906912107,-0.9427578912190039,-5.154997677940184,1.5052981748612342,1.8242062746871768,-2.85171214193624,-0.47954360634726517,-0.13486791550174146,7.5887730615378155,0.9708575682217275,-0.2124246699796003,3.266529522710962,3.9467356082893392,4.23649504797383,11.172151174422629,5.358813608185047,8.955370408553705,10.171237762923854,8.791444568039163,8.559647800154718,5.188366956945252,5.908314366700763
2.513849852181989,1.2714817136685959,-1.14869832036094,-4.245649012110261,-6.487984238573823,-2.396743886203087,-0.8958745298727259,0.7401001565884937,-7.144530811626915,8.156372367086277,-3.818083529615587,2.832603983016625,-2.062208062318186,-6.225824601984968,-3.559429695225991,-8.035129091168837,-2.6207236692220057,-2.384675127560571,-1.5184809396166572,-0.45026134768141096,2.873127128189723,3.3306055449520473,2.9984623058487387,1.0260984498974386,3.203559466956381,3.632183247888717,8.669410396559607,8.25757242898545,8.6859678781124,8.215953027789576,9.486826739636536,7.986738123080393,5.555382325392394,6.105894541247756
1.9811321281215384,1.0214109435675354,-0.5007751547809015,-2.9994692759134627,-4.618386525285184,-5.035294834874104,-2.835092003717938,-3.944647020559234,2.69497914252121,-1.8699397045150083,-2.476592726364338,-1.5368961186077341,-5.107060417950749,-1.229334787167307,-2.2812325384162566,-1.9836394175707872,-4.930826735818882,-1.8040199757458797,-1.972401374479835,-1.2668047209289772,0.529353612032862,0.9346407660813862,2.976940480368209,5.016900825038152,0.9865853679137879,1.8174807826284207,4.978867356284558,7.235679120363815,10.789824784760581,9.163562660150104,10.368590838192006,8.897357266521205,4.2971147098969835,5.519616773878346
1.7495512526301078,0.9661666012838234,0.008741703377513956,-1.941915010492146,-2.976910304029961,-4.220709506387403,0.39964023145315997,-2.9619087770317756,-11.376103239796642,-2.3666688999883014,-3.0074254604651207,-2.470991756727671,-0.11393774672537658,0.6096299766843111,-3.266350720017483,-2.580302185377222,-2.1465038748240945,-1.4389779636558424,-2.0076872400962227,-1.059074363318731,-1.0548866153315863,2.5528020018422906,2.4644316517044027,2.442465538387393,3.2285822556416317,1.7231822365408898,4.110163575275886,5.48855565626804,11.236844617944541,12.229838467228276,10.211558905544067,9.967544523885593,7.577318764506741,7.2475199235891825
1.1466686474991175,0.772100612278413,0.6096024722069084,-1.0635897516944466,-2.9375206495241075,-4.113517782724718,0.48889352855163887,-1.1257945795135336,2.0096682032229034,-2.73882067970883,-1.7441118912838236,-0.8421925315316022,-4.48913501677656,1.143397496203492,-4.097798403130002,-4.262057843042112,-1.4237914005290182,-3.1309579197692137,-3.5144454815507604,-0.9483781787185773,-1.5756462827905127,-0.016852921403457743,3.4694671473127876,2.952979636568095,1.7155440669925728,2.5630013880425726,2.1607347093997165,5.082840247639506,9.358426280878037,10.170649002312242,10.516444813808194,9.994032876464205,10.435979536859946,9.863547158805641
1.2605835101942169,0.9289342141927429,0.8136470274666374,0.4100564091205651,-1.7311235565388094,-3.3366453777343774,-6.070395656299611,-1.9184887451319825,5.289157750838677,0.8031449233468362,-0.29293384624557495,-1.7859667440975644,-0.54057458818315,-2.2474239868895474,-2.8132146996693064,-1.738025705698894,-0.4983993533027716,-1.5283378925612205,-2.4401999455738648,-1.8110279432508662,-1.0227757042479575,0.5153991188980342,1.2923372826646378,2.2411325267030477,4.7010087097915685,4.1337003751766535,3.7967943465932983,6.614553583804204,9.625460627266637,8.150488060776846,9.253966429826729,9.512109482561847,8.613562729211104,9.946612689291442
5.337371300294721,2.683499869373466,2.447910460096492,1.9661210404588663,0.084936043605762,-0.7725615553766998,-3.7431912371950977,-3.84274411290613,-2.749219669321718,-7.697827818522814,-2.238091664404599,0.39356583272178847,-2.47925974812383,-1.1205501594225356,-3.0973500818661304,-0.6579883010563002,-0.4715558369458686,-0.9278244449027652,-0.4248735249442762,-3.2001163336863114,0.29835484861896544,-0.055731983171094346,2.5699968688274537,2.456432768555929,2.348855857853059,3.4992816354237286,5.0561953169456775,6.29928684847134,7.276475121967342,7.736749765157952,7.50780011251485,7.961421605631994,7.6735364078967185,9.175615090561912
6.349037983309577,6.361865068602481,5.460028308850467,3.852253364291707,1.703944509965677,-1.0773999465901685,-3.255761806243998,-1.63327009435459,1.1483875764744875,-2.337594837425584,-3.6368997230438866,-1.7350518347752457,-0.3446944124496649,-0.890136704894761,-0.11106834705524304,-0.46817577127503035,-0.2811892382184485,-0.1661726303425248,0.1438172605897648,-0.021379214566513958,0.10093514599098416,0.6543056401328695,2.1453689135302514,2.704876451752234,2.4814093955924625,3.4862803385633563,4.067815099035996,6.577396964712082,6.212855879879073,6.447094219303717,6.815959483742898,6.050287933379658,7.885978913033796,10.695263087116368
5.967312223083737,5.63951224435365,5.278706243102908,3.7412551681090167,2.934883505039352,1.0885952097113396,-0.18350878739500406,-3.895290721043795,0.8004623276786271,-2.035628227380342,-0.08745044382204656,-1.225159093173218,-0.5389026268938863,-0.9965812069880077,0.7536550629856119,-0.47562368366424823,-1.4939003026190338,-0.10003245527866284,0.2081758516333629,0.9949734403489462,1.8488940792131257,1.0612507788037024,0.3838010056374683,2.026578287774923,2.770060494044778,3.64249382577594,5.084043382229188,7.881095512182913,6.75787559129253,7.110450997974188,6.304577474919763,7.413927590847398,10.20838195774005,10.359351017091075
6.3005273925402765,4.551400610798491,3.661891434444777,3.8196760297029235,3.2740455729642393,1.9578907865473882,-1.2229288067870718,-1.1047227306492235,0.16250747732997203,0.7079405059466708,2.2661181717703607,-0.5925476002793407,1.3085711094746277,1.9366016483788013,1.3774150309935365,-0.027158465982569765,-2.644431329424644,-0.5825011169948263,1.015743514885998,1.905872656809703,3.013836033929953,2.5353273589463248,0.5338839954479193,0.9274093166298,3.986052040242247,4.348970605662675,4.841364715102818,8.173769514700396,7.31422036096092,6.017021042910837,7.1785073082876165,8.839086971285852,9.459546780281944,9.528066030518751
