script/wind10m.json
{"header": {"parameterCategory": 2, "parameterNumber": 3, "lo1": 3.000054539987559, "la1": 64.9999836372058, "dx": 0.5, "dy": 0.25, "nx": 34, "ny": 52, "refTime": "2025-07-13T08:00:00.000Z"}, "data":
[rows 0 to 23 of 52, columns 0 to 33 of 34]
-1.8956265019117107,-2.521056475250902,-2.7873535452298204,-3.126944748139011,-3.6648362364719285,-3.3398250160899483,-3.1120211693789304,-3.7527990691307633,-4.104264727811603,-4.424575539611279,-4.341706751271865,-4.870399981891087,-4.933711027246204,-4.9921505024442006,-5.074572905677046,-5.157317420820456,-3.138923722586657,-0.8531724836002298,-1.3155788719670471,-1.1800101608743345,-0.20938438105790605,-0.13175408374902348,0.04827145922833425,0.15827593656412134,-0.4907585380628312,-0.01685958489926964,-0.6154864145778709,-0.06891258814158843,-0.10541736358170692,0.4396802529145538,1.1866415424526704,0.5696240499549269,0.42620723327313037,0.16573387722422303
-2.9698291492558626,-3.1854189481063737,-3.576376271138443,-4.157768262918372,-3.882215906745346,-4.169940431196991,-4.341437180803439,-4.633838227485366,-4.7810845773748225,-4.673933861830691,-5.0614558555962414,-5.625775286120306,-5.71472814870108,-5.948420402710682,-5.929757226810491,-5.623377413676803,-2.328400981145985,0.8457187619223634,0.44416945578785366,0.2848178547940013,0.11873188945065831,0.1103460094624784,0.13356131753910605,1.3485465337820652,0.30669747903362893,0.7042420164797052,-0.715599938104864,1.1102657030160334,0.6834788984873208,0.5861417040539392,0.2581055320170253,-0.0001538628616202152,-0.3085327248233871,-0.576996377197567
-3.2411461994784965,-4.14690343811024,-4.366219133593717,-4.32394855889971,-5.004241388618121,-4.845126935425103,-5.108382613534313,-5.119362214094055,-5.526551890606341,-5.589269260569956,-5.480008462434183,-5.564900232099943,-5.425236547437042,-5.655369443516104,-5.508100275205697,-4.49831136848777,0.06159003639589285,0.7937635222272589,-0.47164079277730275,0.05563484573243604,0.030427541902275947,0.17007540127639512,0.49910420187636667,-0.08342981199956276,-0.005412245269354768,-0.27926235810473843,-0.4052261659942805,-0.5708245498690854,-0.7013600906325472,-0.9198508041995671,-1.1071505693299162,-1.2088257620424834,-0.8377590869851541,-0.9900276303040225
-4.304602428794918,-4.6912062111885,-4.592767384640267,-5.291978738833281,-5.965690438777828,-6.175520716153139,-6.275851634292171,-6.20838126693795,-6.338667902092515,-6.273918687792978,-6.004616812222595,-5.592431930096386,-5.500929625477664,-4.711820539784577,-4.066499096391747,-0.3587707150169439,0.12996081181101263,0.25034602078448803,0.31562666971138337,-0.6244323378601484,-0.1270145991834355,-0.1372906914275135,-0.1302093683490758,-0.6573042958504008,-0.9040348514164218,0.5623624961762497,-0.3755005186627975,-0.8353298059383308,-0.526359433761927,-0.4393353439476741,-0.43252589552971354,-0.6582114396829049,-1.2464732858874348,-1.4103135780414395
-5.348110822411246,-5.013628481237329,-5.643542032490489,-6.462707334505324,-7.152354521112021,-7.051800103552623,-7.653244251844463,-7.705737821009245,-7.088189546204837,-6.552572246281277,-5.626215474191421,-4.912729976216605,-3.900699835034372,-4.1502620255013305,-0.4394069961279484,0.11341638658204599,-0.3054349975214543,-0.4935254943210898,-0.43187024519205475,0.13704142755008905,-1.0425327560589501,0.13224623997253282,-0.32413744809990064,-0.3728144241249825,-0.04254262973277328,-0.3736638467711648,-0.75024686600257,-0.8445155431427064,-0.5563816091134245,-0.8640921479420232,-1.4846639362598708,-1.8472656468644013,-1.3811730318183597,-1.375095365556845
-5.323885948945784,-6.02806753426574,-6.688349510993586,-7.197480806253685,-7.524806232010519,-7.904158494862589,-7.510887586172581,-7.9885771105533765,-7.860410948438248,-6.637029184751088,-5.529836825059873,-3.540144196375102,-4.022489661675558,-3.0269723883126507,0.09708581811113819,-0.7991558916614236,-1.454128403282914,-1.1074906413347427,1.2020283778396081,2.134200084581662,1.0513574377647343,0.6828305522761368,-0.14352889813412403,-0.38198003640625283,-0.31210556660735944,-0.863784998356469,-0.5290227771857483,-0.3599405942440857,-1.3722762230159973,-1.6160594721526234,-1.6067153034665702,-1.7729803299947993,-1.8958473632585633,-2.314303023862743
-6.560787994957559,-7.042172752985398,-7.492017005261669,-8.307169609304003,-7.909467941918566,-7.675471655424804,-7.691437677553928,-7.336086105615424,-6.56034036462491,-6.112935770246563,-4.918399467300272,-0.38684959494377147,-3.425597763858794,1.2092099570895332,-0.4460560434047262,-4.717992516520801,-0.43305867159963984,0.01575408653648838,0.5229645990130738,-0.1347306170045637,-0.7178406489902378,-0.38726888496110407,-0.3287833395740473,-0.700638803175229,-0.9919170711738494,-0.9534531590456493,-1.2821541875547111,-1.325089339770619,-1.6001907903705193,-1.91723581861864,-1.903983614918819,-2.3301292541153056,-2.2849983459810477,-3.4818258275945158
-7.487112987304868,-7.775522390071385,-8.71058514372023,-8.161417192294472,-7.925299574517842,-7.887114183863021,-6.914524112893302,-6.1440594435784455,-4.67102399894712,-3.1407788033350617,-3.7656416551776553,2.131181222236114,-0.4952691990289892,-0.6449450386430623,-1.046157189398269,-1.1698517915579787,0.5083582768259535,-1.1662690495932,-0.6869152291775694,-0.11694495398967136,0.27081850774708754,-0.1550618253675769,0.18263245330013445,-0.6651547804857875,-0.1717566369325976,-0.6318904653431957,-1.4936548612978593,-2.4252062415984588,-1.2913638480943763,-1.6960814950568333,-2.146215405839998,-1.9727271963812658,-1.9519941981436006,-4.333459688493811
-8.144007091176046,-8.868971266058082,-8.205751535221433,-7.3816492674475285,-7.3565083668950955,-6.509898107530994,-5.692128092241571,-5.128322987156577,-3.6197455388511655,-1.028503859333323,0.411158859633313,-0.38871379348505825,-1.08143954432545,2.3445439245241095,0.5779474375722303,0.8456960779568671,0.4459937355905465,0.3437680762112981,-1.101549179617257,-0.05444415660931821,-0.4369590191825895,-1.5640184121387362,-0.9194786394008198,-0.5374981699180559,-1.323843292514246,-1.7932180458748908,-1.8846226078861514,-1.009124185223012,-1.5832792962134936,-1.2313165452484187,-1.7341848803658972,-3.014746879938746,-6.172827385309343,-6.7402417718757235
-7.770337428136549,-7.501353160960528,-6.892579634840142,-6.5699875217862385,-6.079199006648242,-5.740420306933951,-4.723534852872582,-4.233262690931142,0.39388293117904616,-1.5500200010914147,-2.4097350956923513,-0.6171634890478035,3.5166708253935894,1.4055279265013296,0.819935678848669,1.6741292150344822,0.6091247234562525,1.2221197097695549,0.7734272537048579,-0.3583639009330722,-1.5581298077943386,-0.63472551808955,-1.297151342754172,-1.489186737997734,-1.155740364263961,-1.6436537515563934,-1.4352376450015794,-1.7626835014160578,-1.4534360262339243,-1.803970161239686,-2.8457787282691043,-6.763144046944649,-7.24101005827681,-5.621334332274696
-7.131098403155406,-6.4823141800894,-6.072313706553512,-6.0810653668077785,-5.604111032977882,-5.614209878797611,-2.0245136542953506,-0.5783017703418158,-0.19666458189928457,-2.2601027279038095,4.199845960123664,3.2248230068665045,-0.9838652476608069,2.0706650594356044,2.5261408039334494,2.342231035534736,-0.3363390191433496,0.8922257909324586,-1.1861130367701846,-0.745519190600305,-1.794534039189682,-1.946773267400041,-2.9687786057723216,-1.9294834171425617,-2.0185729328271487,-1.5442528372728133,-0.8469690471329926,-1.7791165975150274,-1.132560165775436,-2.2855086017657373,-6.732980264290378,-6.208331067580599,-6.005327312519508,-6.901313888642088
-6.887057053061081,-6.588732533970648,-5.945204544463834,-5.3359570730779495,-3.7674539120030213,-0.1566225838622863,-1.1037899566996399,0.12655908797042134,-0.7126397380388574,4.246154769749434,-0.35579154322066164,2.011772858367836,1.6716701880627922,0.44887146026654196,0.7687622588071513,0.0018352068685512867,-0.058632575747755614,-2.214104122316263,-1.542066032114625,-0.9180294527090656,-1.4764285965890143,-1.3555825461242361,-2.0182894861205076,-2.3392150572058856,-2.1047149916083447,-1.4476549316645984,-2.1952126750288596,-2.0551493636060996,-1.757245349394879,-1.926755487622833,-6.337670879476177,-8.256474958933023,-8.198676487378526,-6.337652620917184
-6.61517161119892,-6.112863184102038,-5.555468196684245,-5.261411602013889,1.1504853532701365,-0.8249393069128028,0.3901947696762092,-0.29950586074511426,2.3680050573392424,0.7068163654235402,-0.8116674106956754,2.2589919486976857,-0.09946152849053903,-1.7707666324015503,-1.224503526021016,-1.3310337189164252,-0.7592333545229465,-0.17278605450577236,-0.3732636333447406,-1.3913708210841318,-2.4132732924689524,-2.312552962880102,-2.5598299846926222,-2.1658680942071884,-2.525056457343789,-1.887179728156672,-1.8437776591856112,-2.005823842618141,-1.789479344839044,-7.428095269801573,-6.740104796134315,-5.414747813886483,-5.343197920337897,-3.1190804043102163
-5.845906526330179,-5.329173519798116,-4.942776411090893,-4.57779105954134,1.6822634294644216,-1.7209137460545412,-0.35825201505907417,0.560336467950785,6.236101533150578,2.105253271183998,3.191035087243996,1.6882293719742878,0.43332494838634167,1.0306176349863834,-2.710329631349821,-0.6571008617543616,-0.9585645128188045,-1.1922518595908693,-2.1086608656329453,-1.0537375671253988,-1.219726746368262,-3.6956835309141605,-2.415429390338326,-2.3505396062854844,-2.066861374899788,-2.5178694537063313,-0.7278266885898765,-0.2252238488859498,-2.40441842333921,-7.417664891387372,-6.9606597037097275,-6.77049666710472,-6.092266592576576,-4.9638256477453915
-5.062770904067904,-4.132849324046043,-3.3819448452709735,-3.2819884952262255,-1.523269679231899,0.27744281023095113,0.28895428020001146,8.949523028005034,-1.1790532537036567,0.4806882679619502,-0.05303253515216815,-2.985637600870621,-0.9147471889644267,-0.8435200628744224,-0.8677062451735738,-2.5111091757330795,-2.019361620106677,-0.8410640852787407,-1.7338196287762315,-2.199884382540755,-2.729864945956584,-1.9075365657717296,-3.067444905425441,-2.468065215126043,-2.2613300105739187,-1.8677256865551932,-1.4430823016417684,-1.7324251784158968,-2.3505631947124677,-6.528810585880814,-6.232755096912223,-3.6991717941339792,-2.471833915568753,-1.4887098642467949
-4.5509983886367165,-3.472349821384231,-2.6464076972911514,-0.24494878827329356,0.7961054164286856,1.1763735361568193,1.049254478548813,0.6996011740345937,0.34622043926609175,-1.0191543773678222,2.2617031442542603,-1.4340874673388844,-1.9718022121128473,-2.0439623639027733,0.2341423470285581,-1.9567773917372786,-3.375813920319325,-0.9993525127911861,-0.9181626315842781,-1.484838021513804,-2.5601971375284243,-2.429337375449514,-1.2676814295185286,-2.1660979936065115,-2.4180909343249803,-1.093414947213744,-0.6009099888002035,-0.5785568334224397,-2.6532124308074323,-6.5685925076926495,-4.310764112997034,-3.48411798144425,-1.6255043674223142,-2.1650736360537532
-3.1049243053672853,-0.5826460262708327,2.1834381019562685,1.691730276698655,0.5868184726048272,-0.29833822009978694,-0.033136451104920916,-1.0042915158555707,-1.907206342045886,-0.17449558788230957,1.134863060340915,-3.5304157722432974,-1.0089011654303526,-0.04039114078719008,-1.0715989885842825,-0.08706061674330816,-2.4049281186741003,-1.9239951893067186,-2.381114384546828,-2.4683248307322962,-2.098685772211015,-2.150590801941175,-1.7265918518404786,-0.998790712583237,-1.292231569749182,-1.562049376748878,-1.5219312015324997,-2.2054085453885586,-2.3303802419344755,-4.612016042631993,-0.520620306182855,-0.3810026443667291,-0.2626029241938607,0.9672903249565364
-0.46850971745732406,2.5477815597123543,3.2921678787900723,3.382348114298033,1.0164580489064776,0.6116379829105683,-0.26984440632418244,-0.9365764261526994,-1.438601027573122,1.991173467870335,0.13155307668083593,-1.7528964597267815,-1.5673653780605827,-1.0145773075322686,-1.8182260080083648,-1.5777058566521605,-0.4428961500677142,-1.7965944386952537,-1.8886975325748756,-1.5960804506102526,-1.7767623020471146,-0.8600477903694911,-1.1104699973049998,-2.233224865230526,-0.26575491135768364,-0.042275661968615326,-0.8441420892208384,-1.8017480591909172,-1.701551318736209,-1.1275974716540802,-0.21949098355301844,-0.6876164773350354,1.7346733123324356,1.500941338880729
-1.1013967422355304,2.6186468280506685,3.8197937981282837,0.883039485770196,0.009668220091088144,0.23591786437513426,-0.774204075207049,-0.798581891199485,2.40642194249403,-4.9890305733375095,-0.9858305440324162,-1.4784406044341476,-1.4554647600317352,-3.2387659162764173,-1.7755822721282195,-2.45048659857547,-2.105448896330017,-1.1491056723909807,-0.014025975820083775,-0.9247893675692261,-0.9834245333596134,-1.3279730237195377,-0.7322813520760407,-0.8696668320632351,-0.7119543496202562,-0.03932543360270683,-0.9088300710698025,-1.2211791210813403,-1.2477704037343056,-1.094825878976915,-0.4437316820135381,-1.8463347327501975,1.8263953292189858,1.3944878237894258
-1.2914615640392666,0.8889431272539097,3.021369261784945,2.4038009013191473,0.5188005356188892,-0.7486184067016555,0.9957500450471103,0.31647238999945887,1.1341574185498102,-1.1801710081112724,-2.4819532107947753,-1.8785286139102852,-0.470424971736439,-4.337821009795174,-2.60440985442442,-1.458413385487218,-1.9948419779601447,-1.8814788812972576,-2.0538892202044097,-1.1135493439212134,-1.1394793080271888,-1.2789942770054736,-1.5175787922009503,-0.591206447965818,-0.9915101142962396,-0.7097793816396931,-1.392005301062757,-1.3703476395351695,-1.410588983762787,-0.9246160086854533,0.24710757224950855,0.2208093382656405,1.3514124163813832,0.5263948789749642
-1.3207442467940727,0.3873140253018579,3.408703610883727,0.4399395350161013,-0.20012313671897453,-1.032941199784463,0.4943878482169126,-1.9271949163220088,-4.760847133958655,-2.322269607854262,-3.548212031976174,-1.9083557739378367,-1.3672790601258038,-2.059016627879626,-1.486700920967657,-1.6669630852027806,-2.0981835692403124,-1.53884229221875,-1.6764610212949462,-1.4534963751961667,-1.2993002841610957,-0.4140270562102532,-1.17062240484247,-1.2067068528805696,-1.183832466973682,-1.0907024380513348,-1.1042948175529756,-1.5402859195586,-1.1586584826856177,-0.7800958572639498,-0.19984354991983447,0.016277084142973325,0.73706775268563,1.1928215570749416
-0.77653933452501,1.5078537998251298,3.1706280760373335,2.2203576658822994,-1.3432251356584894,0.2022715366830205,0.39543041257803097,-3.3909306685169036,-3.9473296235660267,0.24161038651896521,-3.4074632507594846,-1.6602981579720193,-1.5107336065192318,-2.5405277388181275,-0.18305042248917638,-3.408603170458339,-1.5998338181657057,-1.3249325156077505,-0.7599772580628066,-0.5451351375594841,-1.053623865417284,-1.449491125726096,-1.3231989236625203,-0.6857658187151541,-0.5905131199618472,-0.4026139942116766,-0.37896968325879293,-1.1750995123143637,-1.032300914072979,-0.16544232809352535,0.08922753826017843,0.6697763685529732,0.6916581433692017,1.6760948159289104
-0.40692246435154394,1.4056465228235528,1.7203701939603044,1.750871964132069,-0.2982702294277384,-1.3768507406750006,1.0415643783964168,-2.2576090159211533,-3.661684109878347,-2.6386423661955205,-0.682285525104947,-3.0171362323403463,-4.202784071717393,-2.752947904333414,-2.1466164323957333,-2.333574618092241,-1.004360437211538,-0.6015413549373807,-0.9128611257327414,-1.2607202243171582,-1.1533439518081785,-0.8316470800685024,-0.11456636410590436,-0.10883340588335295,-0.6136993900630423,-0.7466249020182412,-1.1270403159571207,-0.6261707238381746,-0.0015078325525179695,0.7836498083377327,-0.28918691273650504,0.09809181996162089,0.8255274663068602,1.1195632855156303
0.1768945229612851,1.1078224942638195,1.7186100039297063,1.221993770384661,-0.2693817196604319,0.013470106431566393,-0.20227262083763944,-1.7092889452262543,-3.1939957861051904,-0.9608060776945548,-2.395596190391128,-2.5658492470494325,-2.485584975118887,-1.4188189221953504,-1.7138347802628906,-2.9489294701481983,-1.527167307476709,-0.9473407540489998,-0.9247506495952844,-0.747520327337013,-0.3928038131622719,-1.5733848420892944,-1.0886411250232717,-0.20116048030937866,-0.7247224179610643,0.4049751889765167,0.14386289174261904,-0.12677579786705048,0.02375094087416958,-0.30551707866134126,0.5691488010570078,0.3815161132772491,-1.1339560203871766,-1.324514059338067
