script/wind250m.json
{"header": {"parameterCategory": 2, "parameterNumber": 3, "lo1": 6.000198445256149, "la1": 58.999992894266676, "dx": 0.5, "dy": 0.25, "nx": 22, "ny": 24, "refTime": "2024-03-08T07:00:00.000Z"}, "data":
[rows 0 to 23 of 24, columns 0 to 21 of 22]
1.3604990847088698,6.1589093732228495,1.359232333701242,-1.2056744669025603,2.5736180753841786,6.165563384059732,0.5586833175735303,-0.8455112907813177,1.2983467339396053,5.807117379125561,-2.8383796467929794,1.9412510904790616,0.11300396347633256,-0.8951305206852636,-4.330802988205424,-1.2695581702767127,0.7499733693493401,1.1215864825047737,-2.0420898423152996,0.8810591894384977,2.4089587750843533,-0.35592908513262095
-6.348168998099166,0.5164176925810369,2.7420256892372894,-2.165624138791336,7.156606589422533,-0.6420189077999604,3.5790388490111558,-0.365564913529423,1.9994754783357958,-0.13082422877673636,1.4326246910572826,7.194795683810779,2.902733579860045,1.5181044736840048,-1.684419974642125,4.623818903524045,-0.7141262441498647,0.8017595602004767,1.445710015969659,0.8928453513906773,2.8601595261405106,-3.506818135181311
2.893634315857516,1.0755698072405622,-1.3049819271661174,-1.8993741782667417,1.3965688745894957,-0.9340906491841005,-1.5040032235548588,0.1244209388825193,3.727731622812068,2.964306063579154,3.3127199614037277,-0.6304493589701573,-3.1520397738933235,1.9034387221797395,0.47739074678789506,-3.2826783968473148,6.8612064393724514,1.9146625832026627,-0.21549774009565606,5.633093742524107,-1.8549916797855648,-1.5450447465360124
2.78272736655657,-1.5563324006396129,-1.0385515227338964,-0.1698855007634329,3.0957105996489216,1.4455341110294055,-0.9355670565959056,1.4495512487693407,2.918468737624859,2.8740038747811463,-1.5092417990269438,-3.7668841309591006,-1.6686595993952942,-1.136676428451268,0.6869066706682114,2.5097005026118846,0.014871139267018708,2.285218387818997,3.995470656616012,1.220257877354762,-0.6046498809801963,-1.4923672513940553
-1.2215828521219183,2.707000730635524,0.8655221429843913,1.3759112259920836,-0.9835953724476756,-0.2994502308286091,2.7382837466501417,-1.2053510523613649,0.9746432679138671,4.8348017479695935,0.9629654842182794,1.2208523571674996,0.8998685288206892,-1.9155831255052413,-1.365054629073955,4.605574981025507,2.540655330328855,1.3628354240400307,2.565866513032569,-1.1787468597539077,6.2396099033830765,-0.012035187101505512
2.2134050905176013,2.5082066219824757,-1.8260538943007731,2.146779648559389,5.053202035403923,5.087557925062502,-0.9566590987797209,0.6614363534594736,-1.1300189046477727,1.6451280596028128,1.5594969197371742,0.45724766261008765,1.4464927336462983,-5.589341324703838,-1.6573390934225967,1.0602427895000688,1.5082391694224215,2.448350480384118,2.140384776169199,-3.961125167405781,1.7469911171010382,0.5505627017808007
-0.12460880490427126,1.0474893068681954,1.3009090191226529,1.0775606123004422,1.5551340397056046,-4.364833755213021,6.9112400622086225,0.31379676838445064,1.1153881467745028,0.12447907088312875,-1.1459394111155226,-0.9112656208515494,5.568455278250266,-1.9172338641220394,1.6385976464783947,3.1092475109962363,-3.7429229639483603,-0.17516686095785275,-0.6197739764714899,1.0277757529035136,-0.8875220046575215,1.4114298448261298
-1.28071175842086,0.9830399400694079,-0.6071570609939391,2.7583873957337235,-0.897959804467208,2.6203688629369073,-1.5004361079542343,-0.611999072278623,0.5252832711076505,-0.5095812546866947,3.843101651222558,0.7994773977564946,1.1507666361157247,-0.7690322108932691,6.845510715464155,0.9239347137200464,1.1037975512159777,2.4301453367097974,-0.22971004839439438,0.3893016170162244,0.5661092494282991,6.147042037693563
0.4953817495016181,2.510855196355379,0.5346992154605399,-0.09790737691455947,-2.0345742178082538,1.4646409430458427,7.005654290348653,0.9401709972683195,6.791632001207422,6.950500698056507,1.952715578407612,5.105533538412472,4.112042300430509,1.7854184987244617,0.0547681809539903,1.7790832171768858,1.1960459194774262,2.229614844087767,0.24431496010853432,3.495100317065245,-0.043822038107321125,2.905186140912531
-1.3308799810869096,0.7742084602992779,-5.342877399866636,0.9991985979851231,0.31112685410921886,-1.5644541152048201,1.571551804109556,-4.956004096699982,-1.2463912674627613,-0.774485821443181,-1.0500510230291429,3.4790934030486382,-1.8548719995951322,-1.081560526467841,-0.16093551315318172,1.4472871630710176,2.702152253321782,2.8313700044331664,-1.1279116108812104,-0.265251528551667,-0.503548361919516,6.883631232575787
1.9696021785008635,-4.155005351998128,1.4932959344633159,1.194120190477286,-1.031308895511964,-1.3879267492361786,-1.129742347805662,-0.9366662602863663,2.8702482410980137,-1.4089649417447245,-0.011807037284116298,0.7970577864954674,-0.871910036612673,3.402762586969432,4.657095329941751,-3.562538025011303,2.4444116852201776,-1.5624326843157708,0.12001822492411389,2.6610761740218383,1.007278708947499,2.395644321069116
1.1485224590696141,-0.7787978485602398,-1.5839936291541217,-0.47703028089712113,-3.681497067560147,0.8833776674034188,2.5553339431783413,-0.9592916737877869,0.6618586882464417,1.699673241761524,-0.1023155024073775,-1.3025126363393091,-1.048301083402551,1.509234741720314,1.0178723916547778,-0.580545326063591,1.3662531935131323,0.050881611979863975,0.9979661452446825,6.401366851228935,2.684408572179489,-0.5121905333679743
-1.2051306867783558,-0.7645497534346196,0.8903491400793409,1.3858855862382344,-0.52308708467263,-1.163908949022967,-0.09919116008348633,0.7698126419236798,2.463746987149878,1.5734399934167353,-6.06061311023293,2.5031687097551374,3.1740148695053794,0.9856646929864517,2.405337955930451,2.800427505690624,2.451571579322018,1.5102912042221963,2.0418240149705023,6.71146069781596,-0.9073550564299243,-1.101539656796173
1.6008990510915289,-0.8231077012348873,4.488687491728261,0.8702563601878175,1.5546567354060563,0.38092236896872933,6.083543286014301,0.9898305021430576,-0.35023838169498006,1.761237391616996,0.924605651511232,-1.245111929505869,0.19972473569651789,2.512933128584272,0.770018527989279,-3.363093721386495,1.9170808236518893,-1.0576068993046386,5.07307880935325,2.4839309154738447,0.21051989458657772,-1.302692594091393
-1.5624805602229381,-1.9202320046528267,0.37269956975204493,-4.850122591818655,-0.863678167622312,2.933995040182522,1.656152823270082,1.608160412799336,-0.4780385760549775,0.6437990986950812,1.2581959350515513,3.145502914852013,6.955681620900871,6.803864858883472,-0.46289272775677565,-2.1876012721082745,2.356918932908287,-2.2614651070519383,-1.2548978754805238,6.772566704897468,5.451627269165815,-0.5493103562626477
0.7657438606970435,5.029196285152867,1.7712124207691509,2.0354226083537523,3.715065997449758,-1.4849282690378243,3.496921574754653,-0.046750293119596206,-1.3021634168702754,-0.302382107151228,-0.08430225105052992,1.71980964107635,-0.8761767302626174,6.940543812374894,-0.5898782491101879,-7.647565776409607,-0.37381173522701283,1.014852462218358,-1.1328596474689059,1.507041831548371,6.770233450437869,-4.372122861095028
0.19195046635218166,1.5471440447476716,-0.5419384161031003,6.833427548132619,-0.380615911500809,2.7191654246974992,2.704301915093323,2.562293525387266,1.1382512766194532,1.5810295472864326,0.8099409192142736,1.3174439210706765,1.2362920327649016,-0.3126082716577214,-1.0967291785473283,-3.594719359824982,-8.25040965877447,-4.054836225178898,0.05897825901453314,1.3903036389914238,-3.449583164577626,-0.07906728375652641
1.344649706394371,-1.5149812798178448,1.5095533148201714,2.715272308186943,0.1417662768512824,-1.6622201270813959,0.5492007331343972,0.8668000162276354,1.0942708985867744,0.9745999954002532,3.3047544921429646,-4.137455750505236,6.827758730034016,-1.9265499617965662,0.475280849487758,2.63142419912766,1.2192776397359233,0.9623144398661211,-7.0830466012129705,3.4664723963663495,1.3441331955424964,3.0411165014484456
-0.6506866774374087,1.6240231015340287,-8.547408256530069,2.9431672677427163,2.495432909289972,1.8107670154429418,5.913929343725515,-1.3977444425725634,2.32806192284699,-0.9862930609626522,7.249727447597637,-0.529864990438157,-1.8683360202220205,1.588961215219202,0.7603207395549951,2.201011344101619,1.683866274741698,2.147008152360674,-1.1317928031148168,-0.0850602690007094,0.6271486569429441,1.360854270281034
6.353828681022105,6.8463694419705465,-1.4794820998555325,0.6707576872061697,3.8461133761088147,2.093431266307431,2.127807467244446,2.947645090441863,-7.2649912913681245,1.4813911131568178,-1.6216447133733087,0.32924272448520964,-1.982039966554883,0.18531156945541918,0.8494899119228446,3.163006782863932,-0.3076492584172171,0.4232527263301502,-3.316810772843727,1.3133510782163207,3.013281387707927,1.311531430579358
0.20956047456158888,-1.1053727069382242,0.6537385442750971,2.010025089279489,-1.7767880951457506,2.5027405691106166,1.4690162551109904,1.4585431917157563,0.22494622843903522,5.344550526692081,-2.930086340171912,1.4118010359454027,5.953392440210068,-0.5323032884646102,0.7488606381376726,1.8020736308600223,1.8897682335106154,-2.762006737392896,5.770869114070987,-0.8680749269491799,-0.9558773463705087,0.7041863970861708
2.5973689954400427,-0.8613657265824262,1.2827960112749344,-1.5605703145016092,2.4871244929256378,-1.7144847862272468,0.5573358945339986,-1.7397184223055064,-0.15871592398222337,3.331070391572164,1.6024132061918255,3.1767840672344407,-5.682379725597274,-1.0532188808206868,1.4611678327372482,4.935543764986466,1.3673809273806816,3.41046013417446,0.7213261897145005,1.4908248651449405,1.0477050756563577,0.0068739859744811685
0.5009074325827864,-1.5652990936278748,-1.3848580177336849,0.26096657481123486,1.5074841552964207,2.337748284363124,-6.335178130155986,0.7056013114847366,-1.776171429176012,1.585180446211234,-0.986661626477868,0.9900083418964781,1.1012813368167704,-1.483031218471481,7.044477629433718,2.5090295851270614,0.6828855007158318,-0.14631382748542718,7.896051802622279,1.912301698078323,-0.2791581875034945,1.3128757179529682
2.4836048565511772,3.009725489773136,-7.7037244581510675,-2.3081215198864595,5.792308171580827,3.134053495033846,-1.000360377056575,7.204794917612764,0.05354869518922808,-3.7685953851892213,-1.1631307145747225,-0.6014264722352246,-0.32441490539665857,-3.2002727222074223,-1.0465041831796353,-0.05022854029045138,-1.9957211951948142,0.10475329416002978,0.6562295870433542,1.9362758512618683,6.575244002571898,1.5477313461875792
