script/wind100m.json
{"header": {"parameterCategory": 2, "parameterNumber": 2, "lo1": 3.000054539987559, "la1": 64.9999836372058, "dx": 0.5, "dy": 0.25, "nx": 34, "ny": 52, "refTime": "2025-12-11T21:00:00.000Z"}, "data":
[rows 0 to 24 of 52, columns 0 to 33 of 34]
-11.62597529511579,-10.877525215913888,-10.765796319508071,-10.482858985311955,-10.10581075134085,-9.659260477507141,-9.46106975036615,-10.482821861377964,-9.991230645760325,-11.486101418390733,-11.927949199186955,-10.906975728947025,-9.690308231650452,-9.4337311575782,-10.268581981457926,-8.600697980503433,-7.550753119802063,-7.070642342535701,-8.753468164237155,-12.242122700278887,-6.437915798698351,-2.6962666885886124,-7.38244681060924,-9.54318342790602,-5.503829417774174,-4.236546102573135,-3.5759013284938796,-7.049550722572439,-4.610087562904127,-3.425251466870792,-3.6582434156126866,-4.052715251394242,-4.133023218305817,-2.95879825050674
-8.129454103218052,-8.71899053700759,-9.253539971240704,-9.35402312952272,-9.359292193913411,-8.195010089985715,-6.936267287864444,-5.807806232963836,-5.4961728988272,-5.50813434728732,-6.899796303147881,-9.460254514164264,-7.702534510182114,-7.092332871729691,-9.105618560026139,-9.151619912952498,-8.240411746394006,-7.128188494299042,-13.918254108834798,-9.091337459793966,-13.33466625540791,-6.887508077632865,-2.423685810193247,-7.830030323144482,-3.550797519398858,-4.944064704566353,-2.86205024981579,-4.279944359130083,-5.658272054272569,-4.530419829263348,-3.063458766844923,-3.080311541297214,-2.9644335318840787,-3.943595324105218
-2.1931068729838374,-2.884934963073685,-4.665552938273817,-5.691459797488762,-5.677033818083501,-4.576772297689677,-1.5772861625145325,-0.5328219140252223,-1.3959858812902428,-0.07169256036117387,0.36809453457884417,-3.734753479943399,-4.914877940767659,-4.471715983489395,-7.080067691458741,-9.026838670601009,-9.680269162870786,-10.922349862131487,-7.9701051092409525,-7.226351131254323,-9.471444874816862,-7.155940128249223,-7.142885779895164,-6.230368789787965,-6.0246228922654534,-2.9657330451853143,-5.800619810216249,-3.237148885967632,-4.939642294602146,-5.570995067474374,-4.177894272221123,-2.8449760603756964,-2.6287976192076465,-4.030414689134296
3.2535129468774873,2.8044445993651155,4.58722958835474,5.817507929079683,5.552555128856702,5.176092896414708,4.2559161449217475,3.444421635807562,3.7416994438592885,3.8617795851108276,3.218876384183058,3.97629541008471,-1.0717580878058688,-1.9103535940754157,-5.609417700889808,-6.506196462724838,-4.842898368574458,-6.520954868120303,-9.729405394835483,-4.721098621593088,-9.518639728348543,-6.5048926450634115,-10.540316203516873,-4.776919916197606,-3.6589114771042164,-3.607733183386479,-4.151263651517832,-4.577589839897093,-6.204541256345397,-5.0305113138157225,-4.5749925518820564,-3.832663030858438,-3.7986876895590793,-3.8852926864313755
2.67553103038985,3.6947846959950983,5.548458572347784,6.958520326663533,7.55608459994426,7.559378647304017,7.663197396026255,7.285674108956646,7.129239063527613,6.8912477731350394,6.3128219492549515,5.973007908658375,-1.2482070233293314,-3.519325716723605,-6.870204317783514,-3.9245530171735328,-4.790345986268314,-6.371571039503468,-3.651788483584572,-5.409093161405917,-3.6311939567775813,-7.036451310614284,-1.3926278359378226,-5.74099440968789,-3.46187399898161,-4.6988441480991545,-4.410216700274867,-4.888268084152859,-5.258346668074666,-4.942193920654561,-4.843642503146983,-5.283975313005928,-2.789118842265774,-2.2487671968025045
3.686616882254019,3.7169097297039917,4.708804027334749,6.097065786802878,7.325818114418133,7.866812395169385,8.357498727581376,8.478392758626185,8.576530025951351,8.681143403717401,7.124172231947983,3.5961732215329887,2.2551164627000673,-6.999348870531283,-1.6687895841351137,-4.178602591395097,-1.524809413768741,-6.795402369235435,-8.337455096026133,-9.327171130056845,-4.376751075030841,-5.873912009134752,-3.394008532361222,-3.647526710310918,-4.066490243707263,-3.66541390440981,-3.111541673912611,-3.661616552097722,-3.6477567413232013,-5.303337992732683,-5.629026988955022,-3.65976894849838,-2.906510892640074,-2.1034050770051045
7.53315550718144,7.130071453345293,4.856153266517385,5.634604014706866,6.446536276377165,7.343080008930789,6.981535749995254,7.511235943459766,8.27627583747781,7.6083451603928,6.728216122162341,4.096593471654026,3.440220669683097,-1.5103051165989654,-6.4909007433510855,-2.9340367913504264,-3.2170074329363545,-1.095919058216372,-2.362962704170082,-3.7292451682440917,-6.217117600584141,-3.836432742541368,-5.228238398866792,-4.356057610454284,-4.775042863712947,-2.9708266332667277,-3.3989629616415353,-2.7537033307284,-3.355974076523467,-4.27160273658299,-3.0188029684366313,-3.756934527660206,-3.0292444650409185,-3.5945561111760203
8.22665872491646,8.702184014686498,9.048251529791582,9.365825263507178,8.990851148043127,9.29699617928435,9.344421300373806,7.952180530937753,6.488973397865542,6.851844403243617,6.9642036160546805,-0.9815843942761419,0.2500385084690489,3.578917351038072,0.8688544111130265,2.30177936017896,-0.34820506840733134,1.8849815147126552,1.9432790867093572,-1.1966689254391922,-4.462226675274272,-4.33746718883807,-2.924843883473051,-3.6584594106643746,-3.0501910962043564,-2.7625253535962786,-3.5223449602314725,-2.5225229074497424,-1.986582030599113,-2.0060863091195227,-3.1868629111941735,-1.8913172690488143,-2.8588730390197004,-7.136152336239817
7.701418308106907,8.12909175755285,8.433343831853236,9.255092171050515,9.763028197367744,9.819485653633757,10.113950065598177,10.181029450906122,10.708892756271844,7.574604167961449,2.996077412573969,0.8212620461785081,4.423145482768748,2.7075505956004537,2.0171596586871896,-1.4958887674135566,-0.07100205658590673,5.5519399521737345,0.8971429030001631,1.9765798552779166,4.403562898780189,0.1163625783568925,-1.6088001276636241,-1.8592841611139361,-3.3554842917841117,-3.5284696075209028,-2.580864930393058,-1.792431855366059,-1.1888807156920878,-0.5014852260267223,-3.809057408753968,-3.375152243570926,-6.647999259400779,-8.934111651318409
6.831140018324729,7.426653130680479,7.370546265385318,7.979014564369971,8.829303270543678,9.232490909980337,9.382351295355495,7.55320695594258,4.6663565642931255,3.7146835612506006,1.355396114273906,1.2539892131862913,7.293085240034978,6.173869844545862,-1.5847714907912258,5.117379238579379,2.2303299377637966,2.114132358669986,2.384436511745959,0.16824322157418029,-0.03713093081476493,-1.045212947548483,-2.2483749011094782,-0.5702821213534396,-1.8605828938207758,-4.675128442206812,-2.41838077273175,-3.023798375688696,-2.6895473223953514,-2.137670150939579,-0.4879210571006031,-5.317403333955354,-7.472948185961967,-7.856554957336417
5.89387568196636,6.188457186716178,7.489583321780658,7.171830445148189,7.988985997427492,7.571926285204645,4.413045297422422,3.6665451559914035,7.386618446312578,-0.5339037860778105,10.03520462422794,2.7426251616593245,4.503732236251955,8.463695007197456,4.204488160189961,0.31194107560394446,2.9440006144632225,-1.9344173706354448,1.0904744830035988,-0.44777375265495273,-0.8355528505568866,-0.7599331290053875,-1.5134971719012467,-0.01897677674897702,-2.2055065370116957,-4.104840858266574,-3.3411688703628637,-2.5487808660063167,-0.8045768235902789,-2.0505204640550447,-2.3967505197415524,-5.169644460264318,-6.040742617597209,-5.625621399141261
5.876157204910751,6.261535570749328,6.761186291030065,6.946434099223845,6.672119114154624,3.3947063042101506,1.0470738041427279,-1.2910131649002523,-1.9069438399324141,7.037933093087768,6.566345551448507,6.3123581465542,4.898847966507542,4.0269693220545415,5.13223701886071,2.285901557081048,1.7347237573074399,5.737228355346445,1.310345335107674,2.767687669543554,3.3051514385416123,0.14110266203820876,-0.39633903389439795,-0.9764669029692795,0.23909456435962836,-1.59516656702502,-0.6363524745963988,-1.5583811824181264,-0.8596817385305389,-1.872654091436138,-3.784997387009329,-4.522735916097653,-4.390812111880996,-3.773908813810249
5.426029827531493,6.007965065091836,5.850860616075498,5.954032397772977,6.209162999303337,2.532732951637921,2.6663074077915816,1.3930028361301532,4.397964846427145,8.42985940867866,9.271353588464383,9.237110005274882,3.9924841525520662,6.394724348238555,-4.5115366009285545,5.087328200211337,1.8108283759945285,3.66732128540189,0.8487629231316173,0.7394046400125025,0.6230045028739677,-0.5771877541803939,-0.37812655522580974,-0.45819091395304784,0.26421991381736776,-0.4233560199465434,0.23360609887197956,-1.879800874426749,-1.1193454026315555,-2.931738160942747,-4.137156872461754,-3.9434281911104727,-3.5392925387048777,-2.904913935844342
5.433554628906012,5.564432032595559,5.0402605432965935,4.5634601133154415,4.148845372522014,3.802271034451057,10.180477319791063,-0.4523518943403647,5.940685543527045,7.526073269826924,7.387275960878889,12.275056671835394,-1.3512380292997264,-1.3631985536657565,-0.48119571768201214,4.347271489370857,5.829409698262072,0.47484037504978716,2.3647085344569354,2.4376466861146375,-0.006046050153769788,-2.0186347573813284,-0.8592807091676508,-1.0865195904499294,-0.04620790831794534,-1.08889000868801,-0.854925487475059,-1.4740453396639641,-1.7032206665345084,-4.430805433700481,-4.465199347505804,-3.866866190971749,-3.347257983585686,-2.869370098999915
5.145522734597213,4.890751274160518,4.538972624584328,3.8630474795908003,2.7117195727599888,2.5901319045122744,0.7811518313080568,6.775124002052472,1.782265293305774,5.930555784195979,1.3175548356061837,7.6359252391274675,7.681808375880934,3.0773632171625285,-0.12733483618970223,2.074095902942186,1.130026268078315,4.472114162618041,3.2397786225823553,-1.0661383104718514,-0.06443914140365219,-0.7418201211319425,-1.0827891778956624,-1.0055373464832704,-1.304809205439122,-1.8139411131227385,-0.7815874670747616,-2.4348238077185407,0.4564681653488678,-4.116849173045554,-4.272862833195519,-3.8504090023536763,-3.834232015401132,-3.113364678317594
3.797559065656675,3.9790059050216766,3.8246078747411554,2.288876900208098,1.0809928752214883,1.1278372838592092,3.467556064236399,-0.17112573680082294,3.112344994242429,4.865449572199285,8.960189705008794,12.97160254860369,3.0654775627097073,5.202587991146167,2.0635768740589215,1.5861539063791468,3.4080520585826988,-0.4885171411892421,2.431184684301386,-0.2706971562982253,1.037047869212362,0.1701568327277992,1.9820144437391984,-0.8750190737473272,-0.2162803668014909,-1.0300465023739906,-1.7910087644090933,-1.473074726815269,-1.2497425009675174,-4.041754257516832,-4.223970163462625,-4.405295278870572,-4.265679968200528,-3.7941225246653296
2.3454747169793606,3.151278966219632,2.434638441489227,0.33534566411924616,-1.1903298721722257,0.5013525832024426,3.8102937355009576,3.052927420745122,-1.5887794260494243,7.220999994717835,11.571116309363447,14.077553736160784,4.48566151818273,1.3880478660034359,1.4918671448184946,0.02068339649700595,1.0559640983998253,-0.6442347708133495,1.3780376761941924,-1.8329626701045842,-3.5085518534190254,-2.1478247087937334,-2.0609827576409705,-0.360656770987262,-2.566572932890619,-1.753492825144057,-2.034841320020444,-1.5092653288419229,-1.9327953449811184,-4.573490261423808,-4.38821476206526,-4.623881526449704,-4.572782714545583,-4.526574384395656
3.024914539856186,3.1581523157054883,2.397242552593236,-0.24825764780327492,-1.410102165758294,0.8940100206305582,3.1250490260212938,2.196346539869447,9.492798660577403,12.418332352530356,6.583213034964818,4.090743166380576,2.227345219205247,7.230066434669587,5.663311881356666,6.645501370890007,-0.2710439023034646,1.5539673947780355,2.0380844757403707,-1.0369253429577676,-0.5104989704900443,-0.3748146048831469,-1.8140830357298352,-0.7863732727440896,-1.5925853121692186,-1.4005708488457442,-2.023581223310127,-1.084874545018531,-1.1032388579530472,-4.135258841480848,-3.8164969067990624,-3.952411902622004,-4.008196217046879,-4.103049397025036
4.131985902314241,2.4815280275193556,2.445038188630353,0.4528192254609575,-2.1241274161988946,-1.5680446199589342,5.271855002863916,7.070307265517249,4.786860104215433,12.471669877042569,6.719312042697367,5.771559890310486,9.125766900792597,2.7906453765994597,0.06587626734338528,0.9597230507647438,-1.0177251244735654,-0.04702372713893997,-1.3683813307735622,0.21972757037782348,-0.6619551649088555,-3.1988620528649845,-2.5351761026673993,-1.1394053719615382,-2.7520775337083965,-2.0315938329958367,-2.7809265318489382,-0.744310247828403,-0.5230448694091866,-1.4539293747039386,-3.3580467759283312,-2.1943192088067702,-2.8178869678669662,-2.9732191840404054
4.79867888128488,3.4317040382214903,2.637761498488566,1.903064904190071,-0.9589644017859001,-1.802130842204655,2.5067853918504586,10.530956532547947,7.7604010989914745,9.974706177972482,8.330317205332424,9.031564206860372,1.3328759909427539,10.92517386320743,4.866239633046914,6.102848585293509,-1.0537713035066072,-1.6366929452467525,-1.3968929813301436,-0.33696394231560156,-0.6599524510041118,-1.4376027485090108,-3.2748217330736935,-0.2980463100317969,-1.8971355251638864,-2.9301321925468895,-1.1610688480019444,-1.884605787310215,-1.4766773949783942,-0.7605750429123435,-0.7105811430156612,-0.9633364308084842,-1.2189119383137228,-1.3955385615001796
5.356819573079954,4.109907687045523,3.624174095767509,3.002759939514671,-1.1313822326613925,-1.4814713324187363,-3.4768081043785157,3.9209309457164094,5.661092800138388,10.09372890395634,7.711721766176522,7.143213703783852,8.276845749552228,4.122091139765184,3.217433627770872,8.872180322975119,1.0899322674127945,-0.2876189257154839,-0.9607783812066957,-0.2021209946690313,-0.823831546472167,-0.4384843467592226,-2.9479327948688536,-1.9725746690415653,-2.444036915172644,-2.2683751680725566,-2.1323796176093883,-1.648703450448293,-2.572241213325926,-1.0442074336696032,-0.8006335197029034,-0.4796335518029449,-1.4922147539632813,-0.5570186290792376
5.2142274991571815,4.266832671704795,3.6490753981617865,3.390301989663627,2.4055601185077036,0.011185630465054351,-0.9831950469829199,2.9797064361070493,7.047039437078034,4.8453533967442395,12.013825634751576,8.469227402092692,0.46276200678594437,9.891820584377855,4.177669130378048,4.6708002428950905,4.313583544584615,0.5486682862863815,2.965800394247821,1.5751692519537674,-1.0956837507976542,-0.9291280522591759,-1.7464686914163672,-0.4951792528779853,-0.70207242891206,-2.1089117383994282,-2.6112491325377247,-0.9136542696307873,-2.3301806225192214,-1.4839338105627098,-1.5769117319026074,-1.48187928394437,-1.8227226266846512,-0.8261046861215796
4.722383650917902,4.528140848008829,4.3787743195435365,4.471405973306333,4.586761564693207,-0.4861980579171066,-0.6489952880209586,4.181480459318431,9.250821402196552,8.164838291444255,2.007487536631066,4.698480615668662,5.789241438707771,9.86568494806699,8.28124660950416,5.159239373924874,6.37254796823,6.717991430190444,1.8877267653956118,5.810097375146291,2.3498274235443555,-0.6680721973852093,-0.7658424995379783,-1.1368131034890963,1.2504067210059333,1.9531318747824935,0.4756737291848474,0.3177767427762621,0.726440027209337,-0.1892316304580257,0.5611649387206379,-0.4667837314138647,0.29303500203157545,-0.2295689586563641
5.437593208091942,5.013055128824318,4.796117233419627,4.324744196707576,5.247743953234537,4.096232192078522,0.989713543913109,1.778605694279695,7.734019234733942,0.782781244398263,2.995409060948888,-1.1107570569014127,7.543353381345883,7.491266616883364,10.128281008413719,10.011803224986497,8.747657971448794,5.772554224643453,4.513693414957867,5.9712672774416,2.2722583509309797,2.6327078760966094,3.0699383744529767,4.180424078105103,0.40773878620803267,2.193640861416917,2.3420743855824107,3.107446516231703,2.8451082009847113,2.004091073620158,1.7842581371719441,0.398440059286043,1.1771039957512002,1.7605339119045667
6.117668573306191,4.42213404406295,4.880372993245829,4.063805027383848,5.003766746083989,5.316646004949628,-0.8779349769358964,4.76701606493822,8.04158741838828,5.976249685079559,9.51105026735328,0.4828348925371731,7.069825901879962,9.933706997552914,11.22887511416834,10.579828517144414,10.788939187534249,6.23170953833557,6.931937053566542,7.434775165144467,3.166258381714296,1.924135140569475,5.081311942278276,4.901529262144827,4.521668464608149,3.0815544917961972,2.2203973782483626,2.333071049697216,2.675686750126033,3.559628222963581,2.1338068637292285,1.8950762807932227,0.7509701133756572,1.3371428944819839
