script/wind450m.json
{"header": {"parameterCategory": 2, "parameterNumber": 3, "lo1": 3.000054539987559, "la1": 64.9999836372058, "dx": 0.5, "dy": 0.25, "nx": 34, "ny": 52, "refTime": "2026-01-03T12:00:00.000Z"}, "data":
[rows 24 to 47 of 52, columns 0 to 33 of 34]
-11.62837085757192,-11.28695606162469,-10.243769067789614,-6.803641023674115,-6.714400259186582,-5.175580380575642,-3.4662762355723222,-5.431007645334674,-7.902123400156691,-8.667814795948248,-10.734555806148968,-8.68142552711392,-10.908733303666853,-10.247571242561651,-11.863601273203367,-12.685379723553133,-11.06822410622324,-10.313686672290943,-10.905839351719754,-11.82653285164342,-13.909728224355336,-14.047037421136558,-11.132483122017625,-11.259115364537063,-15.203488669333225,-13.768265202605642,-13.416193670181531,-12.310815187775546,-10.997733607192066,-7.644622946030926,-3.8942222870259315,-3.1664695254198456,0.0933738341446666,4.03633431107324
-11.907439941556655,-11.123619458814108,-9.376921242406343,-7.885160197084431,-6.605502418991717,-6.881142985590975,-5.79836716289733,-8.118687211200028,-10.591982637885605,-8.776462513451458,-8.712623014296978,-8.676371635386,-10.374359568154782,-10.42447504970623,-12.265809308329716,-11.709112973608118,-10.028620300676138,-9.454077289541079,-10.581710430144334,-10.969011368766816,-13.268950694214496,-13.93148683523823,-11.305846164833644,-11.078706643463983,-13.934103510594449,-14.584905397964091,-12.225148865023874,-11.663269148051008,-5.328241873410109,-0.6584502584790217,2.4066615455857288,2.741693744750959,2.2817242991403868,3.768230840298971
-11.904352709968483,-11.8692508908179,-9.954628116602414,-8.912146173750775,-6.754841930880253,-6.146516374238832,-6.072431118216014,-6.90497004307852,-4.917340029987879,-8.870010595134486,-7.344833460942719,-8.161625213143932,-9.77447747238278,-11.133503071466727,-12.50397629939412,-11.631116471194545,-9.823050776406753,-8.649015573934339,-9.682962455584352,-12.06161443891086,-12.976081108362317,-12.61024079193374,-11.49281012448318,-10.752952438860655,-11.52716984251705,-13.930498185803717,-12.127361272755621,-11.199236116870894,-2.2131751697491704,1.8186933966839904,3.0632692337870937,3.3609155422239985,2.328108628720205,4.95506616420857
-12.686806729312822,-12.49835434756603,-11.242231785750343,-9.608501938283885,-7.838556498459772,-6.1229136122570935,-3.5064869294424197,-5.995832887578541,-5.976589933493362,-7.039961835149655,-7.833212186441133,-8.880290376440541,-10.084277163787158,-11.078392631360245,-12.179345126859028,-11.057989088875358,-9.198087036384699,-8.187562594399514,-9.0252141484956,-10.640129117947378,-12.932696742899571,-9.673493223608443,-11.162131354834349,-9.74268919697731,-11.438968971039714,-10.286338740738612,-10.816506297083858,-11.285545178908887,2.2553021004858906,5.792333291891305,3.8588343259297018,3.3780455722327263,5.412644447365046,6.068608499096535
-13.202618504836977,-12.829415859363062,-11.884851188563395,-11.146481261360107,-8.958463725817483,-7.673279077090952,-5.271014342222078,-3.4819299984877055,-6.379740840323785,-7.632632054630276,-8.386823797713516,-8.916767877586956,-10.029186257718582,-11.508336623003611,-10.754237614749854,-10.074591820855263,-7.901845944279474,-7.692213812677645,-8.360852797245023,-10.143523258211568,-9.978607476244386,-11.655066086102444,-12.19372445060872,-10.801571299184062,-9.632007577639888,-9.713590012650101,-12.004221397919833,-10.846263432952316,-0.4060554006309017,4.955446959025788,3.3518345623645445,2.2492916661900324,6.218276554760943,7.060536449991792
-14.300394296992014,-12.855315094069132,-11.977922236160225,-12.678694205033713,-10.005243027861518,-8.353679128297033,-5.854980477380727,-6.554496868458767,-6.653009174164768,-7.009177814338927,-7.128329029134035,-8.761546354298813,-9.321474574221945,-10.666915895138784,-10.20685454974334,-8.846998519610061,-7.481098379288968,-6.828548660510952,-8.042575626052859,-9.824617295033745,-11.036102775786246,-12.124178990865985,-10.278918236584328,-9.764862700107892,-10.827827635140983,-11.36509926355257,-9.084429748066034,-6.894238566415943,-3.3740066388180923,0.6664061824535222,0.047296540409806166,1.6673275924978919,6.29275994783314,7.403610693797255
-14.62286047434859,-13.551305005276875,-12.86002355600038,-13.178933891057483,-11.197696708982416,-8.87106049939766,-7.070082777069551,-7.535553494530933,-8.17862837108691,-7.714453416800029,-7.2364243508401005,-8.234478527453756,-9.175368015723231,-10.009601113270696,-9.36913190058967,-7.8667144715981925,-7.469549553934109,-6.997142571825045,-8.585802160758574,-9.023500630304053,-9.576868652228486,-10.016995388988759,-10.944574829076668,-10.227034781987095,-9.222600107310411,-8.212226768725577,-6.931229638559512,-5.7371030742748355,-4.734025524065231,-2.4216412029926047,-1.8262899441305647,-2.0280349616273687,6.073096366054536,6.751778378898715
-14.722890082401934,-13.976466565897105,-13.969730333037951,-13.22658782268673,-11.839741945565969,-9.343446377277361,-9.278153572197365,-8.780603582329414,-8.000230318847885,-7.965528559729876,-7.278589647127046,-7.392944737089401,-8.478386225457363,-8.658970068062462,-8.61466196471682,-7.6588907777352295,-6.795735118349702,-7.065036620365257,-6.7527616064752225,-8.059086170753183,-7.971324083620687,-9.21098668953097,-8.022445754472685,-8.346530583058044,-8.060197934840726,-7.354926023893,-6.424273086704453,-5.45410601742334,-5.118718513678779,-4.1943335173447025,-3.6383163759618293,-4.638738480657393,5.67534790055692,5.919175209213935
-13.860466823546458,-14.078873877310299,-14.522956611604826,-13.939054075346162,-13.008146850845613,-10.989509772169129,-9.692862309221912,-8.693441953568907,-8.328055644368781,-7.6289001171323205,-6.531773989188443,-6.372511133782647,-6.93389198356579,-7.363475249423456,-7.80713410148077,-6.940740434601352,-6.94073551418423,-6.727530709595238,-7.488921794649628,-7.579110533853093,-7.456539416319323,-7.374925885358116,-7.663739095580683,-6.720597930357727,-6.8433240197727825,-6.805299549488024,-5.277540253092865,-5.43415583405688,-5.5512794925410125,-4.525378333955251,-5.427990830364343,-4.958559478756352,0.40039735919290514,5.223617757604739
-14.581370783334863,-14.703475499629693,-14.764774529946205,-15.104105078876561,-15.393172058998372,-13.286861245119276,-11.531399626047119,-8.60358483955231,-7.57425334255139,-6.657903849860281,-6.316071867806898,-5.7413220425717055,-4.736199563170247,-6.662387032970504,-6.375362169160753,-6.31954545240663,-8.354186609938072,-8.348632512389308,-7.365887396068548,-7.181389702137532,-5.782729289026572,-6.475805829136462,-6.6058776869964095,-6.284069390031197,-6.146758608828642,-5.330087852610287,-4.510446657722693,-4.504802493417811,-5.456849289754639,-5.076468925619608,-4.661956747518047,-7.01748981086432,-0.7469369494427256,-0.10364746131320875
-15.481875905102285,-16.217429002282103,-16.109219211357463,-16.73747980264418,-17.01768152575071,-18.800705045602765,-7.66372573387958,-7.180438130082542,-5.704095921001027,-4.776502941194532,-3.0656531534505036,-4.583714647733473,-5.503101246431496,-5.838081033676052,-5.3441709336656835,-6.263038343720365,-7.4267152346383405,-7.940786439518914,-8.60661558513311,-7.272366507500555,-5.34358350487611,-4.53090710542154,-5.671563761629456,-6.154494748843747,-6.066798335561962,-5.332556975618597,-4.690067128705771,-3.8119379397971165,-5.161697490051213,-4.612681436366666,-4.268464215481343,-4.984150403954243,-3.06009358693792,-0.9518285875529209
-14.277309478792779,-17.132207856323642,-17.08908706141067,-17.07499461245086,-18.260226218014626,-18.859336138019767,-2.6557293569181084,-4.041551725872311,-4.643819046652938,-4.241778799885264,-4.563886406625156,-5.54769867134372,-5.724124356581092,-5.42386166494694,-6.657920912637439,-5.962331535859904,-6.939011936448322,-8.725771399387462,-7.919258821762138,-8.047726095562421,-6.2977561872349845,-5.924559863150043,-4.723183389440397,-5.449958874553284,-5.978191528189299,-5.41332047842586,-4.717632589167053,-5.016955051749733,-5.3250416921068835,-4.319119794078095,-2.9459381896542007,-3.9692752459230523,-3.6470318421557892,1.173926326784763
-11.084812389898572,-16.25176028060049,-17.40170311201927,-17.814441303283516,-17.42459864835131,-17.994746307384126,-15.636763093100615,-5.444238508945419,-6.61060468958701,2.501360808936939,0.2556601921803436,-3.2562047816235187,-5.691663874875143,-5.908197630460187,-6.895518935302166,-6.628087738997077,-7.49765196690573,-7.568473807563278,-7.842549403371106,-7.0678729890098255,-5.986339789170188,-6.289213143394636,-5.070619511204449,-4.658466266123591,-4.9111930871578675,-5.252300369588646,-5.410798272559684,-4.8895626288716585,-4.7766535675517146,-4.221401257141635,-3.376549880255024,-1.6098109685606095,-1.5470998606073196,0.04943654320773051
-13.136258966733122,-16.00102810375354,-17.002456668901782,-17.625103184823523,-17.930391317087405,-15.617514978779344,-16.326996605661954,-12.392072495875786,-10.040318078720762,7.466445078487939,4.099576880176913,0.11283199403567114,-1.8302794482460696,-4.402989631724955,-5.579491903403075,-6.262770918385262,-7.044181662294998,-7.03026103508313,-6.926309743227772,-5.093800336157506,-5.071623410297669,-6.264748593726856,-4.6065838827859995,-4.351487900553251,-5.247789936880882,-4.841587337807619,-4.999987420743711,-5.152612701538353,-4.326259497329778,-3.505544559687343,-2.5391846573949515,-1.7409537562187654,-0.8036421076371099,0.26544368245399486
-11.650768517929214,-14.353971793631944,-16.554600582928206,-14.816159891967628,-16.44136046432012,-16.11949897546697,-15.39233582946523,-13.881775564294989,-8.355898187421943,4.060178669720217,6.035804577601658,4.385951341112357,0.6324943051860866,-2.55978846211602,-3.099716328384877,-4.729385920612854,-6.404967002416008,-6.370743889938685,-6.261591034353918,-6.0921150827577195,-4.279170241993797,-2.9191000529563973,-4.429966262745177,-3.72292225244639,-4.3493944323034075,-5.27695235006163,-4.019460492366569,-3.645550918143275,-3.5320969681193777,-3.2619587464582698,-2.015521252854441,-0.9419168376709158,0.5150984133964815,0.6485093737392517
-11.85995892464894,-14.14752771901292,-13.381738254245553,-14.541260616493426,-14.22116813624106,-14.064103880874187,-15.085726234287403,-14.29678725402898,-8.7354503587801,-5.532106167581129,4.422139556298998,4.186278103076003,0.7707451033314379,0.8731872959206917,-2.18261005590107,-4.6523303142591725,-4.656542667125236,-5.837209997832344,-5.747638374383166,-5.804098520880265,-6.0254908218941505,-5.6681713654908945,-4.177142330218596,-4.301851717584686,-4.301947304692879,-4.510358916176652,-3.721339684793768,-2.5966912547469185,-2.026750192602158,-1.7243802719946844,-1.3137965389212876,-2.152325946389712,-0.9984152878502071,0.6098385755550113
-9.21297819069242,-11.082359120610814,-13.906792682292386,-13.715195657650083,-13.233182690244078,-13.774105960372411,-11.876457256556577,-7.595741916311949,-4.521057560134905,-5.20153432952721,6.039120220961442,6.229127535412997,1.2962872958972955,-0.9773986663452261,-0.40863732703333955,-2.0610721479930145,-3.5446309353106025,-4.300748699688578,-4.734428569219206,-4.144574015216845,-4.842779620393372,-4.70828228071349,-4.853015292463677,-5.974442566185313,-4.858429243582949,-4.94426347569237,-5.35504211655433,-4.273046671122278,-2.066649586458076,-1.178536600331799,-0.10281330673754863,0.2802647560358089,1.060341707459916,2.885685660736532
-13.331118884042235,-11.104733790311762,-12.72812180528444,-13.256120021688231,-13.222160218435004,-13.452861544644263,-10.80972950087848,-13.39961847060078,-7.128936088858841,-0.589081361415174,3.4956886577296675,7.271107821288691,2.734206539079748,-0.43769192294244996,-1.4760691698439188,-1.6057191714558625,-3.063660771706851,-4.041919382200756,-3.5221108464568474,-3.7360145535574554,-3.561879185035968,-4.084732847152329,-4.247630574994913,-3.5767451499950482,-2.0252185824790296,-3.7826918622322427,-4.333069502618945,-4.270985818828609,-3.33705919986088,-0.9939470929947294,0.7108685289136456,1.7340390320577401,4.276101860425413,6.540874785181739
-15.474973766280812,-12.204984503677691,-12.087558728375237,-12.90240866094266,-12.630456103816373,-11.060880357389461,-9.922677629487138,-11.056379283940572,-8.29732424405262,1.8287971866286494,2.2952000487240314,4.1907557950890135,6.037334341538606,0.580731051598344,-1.9815339345949268,-1.756542966865125,-2.647734679353153,-3.373780366843853,-4.019611262469786,-3.361335051111842,-2.8629709517749156,-2.521007298746343,-2.8113489581741993,-2.982665605791467,-2.4595659969230046,-1.5262306964584933,0.38065286634762463,0.542817369282536,1.8762352294191518,5.344573099301612,2.891394241674978,3.3363067519121614,5.199686772501441,6.356890413103941
-13.437711269019875,-13.622692294196808,-12.626681936825088,-11.799866359171443,-11.498681322105355,-10.729754179409841,-9.942568824183835,-10.676345253749819,-8.930261420629188,-0.5047514242680482,1.22230654261938,2.254143690757843,4.9403482494541135,0.7588297642683508,-1.5329909403965083,-4.302112856322174,-4.053787577538724,-4.030650580453601,-4.142894065725256,-4.377816533979124,-3.475037429732528,-2.7861401158037737,-0.9546359565466196,-0.7057672693661162,0.375858487601475,0.3606778920971798,1.9901714497859668,4.973997751535448,4.378530702503515,4.33317287083989,4.753502336759379,3.700007439862862,5.421679479869935,6.174427651021422
-12.226630200915244,-12.42730672363829,-13.153942956428251,-11.670568518351002,-11.410551104896896,-11.169174218500135,-9.350344774642098,-9.30620907235233,-3.9017962596655544,3.5933094427618992,0.9137634722011435,2.575658938102328,3.0782219449718906,-0.004185864001702175,-1.6079082504385165,-3.674422777199657,-4.643707421893868,-3.9842845973428505,-2.831600641321222,-2.1191069726674736,-1.804116195067497,-0.9492395801987059,-0.8168380778439827,-0.18883094234667086,0.5874646252156507,2.147472728750345,2.5732253355439667,2.26920009808493,2.5262135518117756,2.4511940785534843,2.9578775541418634,3.6033311217371535,5.611132810409753,5.323182142140694
-14.128781899089635,-12.988494163535174,-10.44605467568035,-9.790015423579964,-10.34961113957835,-10.382376602220507,-6.903657944930082,-7.912675215841722,-3.6075764984358045,0.5382615978805035,1.0799844586587337,-0.0371062547823668,-0.22687489447102174,0.009377674918832644,-0.9936562929986327,-2.0304672992090294,-2.7273966315729616,-3.6060708631704554,-3.5590426082382156,-3.4827759190061016,-3.0019778873164316,-1.7059373112099405,-1.4149688571996233,-0.947824972485554,0.8086640411295084,1.8938486211531236,3.6245969971522416,3.1941838929757487,1.837769934917516,1.6864625377480744,2.0307761075524557,2.3079043901582503,3.92147457627928,4.551341933149143
-10.456110263803058,-11.01686076220395,-11.044049719573486,-9.978073045545816,-9.966857693534159,-9.07811586232446,-7.660974810027446,-4.8452820133267505,-2.856723185753061,-2.2955693081370074,-3.2322145513760496,-1.3218615241888998,-0.9067800748050053,-2.5398829183581126,-2.786515061222735,-2.913908022532696,-2.3431589936504746,-2.951803533791699,-2.842717480793826,-2.621895813682418,-1.8240286701669195,-1.4544579436620966,-0.6247213431459535,0.3909404049448577,1.048676695923429,2.331367460628462,2.5236452161240863,2.284129898648092,2.132568333782464,1.4957556221267827,1.5611278523000476,1.9385679190635126,2.1711604003775062,4.164909246585221
-9.934976128274156,-8.325209441329601,-8.932376482116394,-8.87235780996002,-8.477258999574039,-7.504609425234975,-6.146673579758697,-5.017905407151016,-3.9163283457637945,-4.045245350944122,-3.328954786487159,-1.2626309110410847,-0.9930696946982567,-0.9538019475231734,-2.552260491763294,-2.944802067717453,-3.3224974505081026,-3.443305315434087,-4.039777767583751,-2.8960125095879135,-2.597704340451315,-0.9890943138391254,-0.7596949419451275,0.7559910658037026,1.858651217063661,1.9710930108644444,2.423242533147397,2.150589040402054,1.795749908559631,0.7248227322402687,1.54147771526727,1.7423788046817028,1.978597933578328,3.165445213362342
