script/wind50m.json
{"header": {"parameterCategory": 2, "parameterNumber": 2, "lo1": 3.000054539987559, "la1": 64.9999836372058, "dx": 0.5, "dy": 0.25, "nx": 34, "ny": 52, "refTime": "2026-01-21T08:00:00.000Z"}, "data":
[rows 0 to 23 of 52, columns 0 to 33 of 34]
-10.209180785609982,-10.59082648598014,-10.745079726740263,-10.626705584904494,-10.748170241442878,-10.36976960518073,-10.817632699603958,-11.437422431529198,-11.251156021579622,-10.922659374100885,-10.737343619314673,-11.323622727159554,-11.27413312349959,-11.671635217527975,-10.802219213329565,-8.597164772653738,-6.1295936871329255,-6.086758777459424,-6.070645410738979,-15.601155553822501,-6.4545218187023625,-2.2433262880261826,-7.62961336352985,-5.619726979136042,-3.6644340951068246,-2.4327576072798487,-1.6627901021741631,-3.136859315938345,-1.6698154854648484,-1.6865254964291705,-1.8245561631406322,-2.1262366994022592,-2.7037355222857284,-2.5718008722854093
-9.605074368462427,-10.188608836864528,-10.426775311385883,-10.840054074673763,-10.982247720020487,-11.099773487683759,-11.583957605937307,-11.993369087195585,-11.989958341103472,-11.486012266169727,-10.91630294379585,-11.098974896355392,-11.442997097200905,-11.28317596589362,-11.094230789735041,-9.271389966176544,-8.545954873756184,-5.5732788247176375,-14.153329214077056,-8.756213615190832,-8.65255116572188,-6.138818642457916,-4.000712628938687,-7.3266830813176425,-2.533938597429741,-2.798663674813661,-2.1307616426420504,-2.604184918067664,-1.914709357572333,-1.4623670817601413,-1.4824580484986178,-1.6188857302762438,-1.9711485786079048,-2.7067164646957234
-9.227930294924043,-9.171505264305209,-9.064578060311067,-9.931755250479403,-10.214400827795172,-10.440014433487452,-10.88328925388164,-11.264736397403311,-11.732360150286693,-12.218232773537784,-12.486848527876013,-11.511201739583463,-10.55667876374427,-9.840346881934416,-10.006204112635626,-7.654966403095731,-10.306080516638199,-7.700676657397529,-6.470830558466605,-6.760481059868698,-9.73637335437478,-5.56067225466199,-5.747418429385609,-4.73116752345381,-3.3415000154413885,-2.2190174487462935,-2.5884168663928824,-1.4607261754805778,-1.7863054255682356,-2.6512845465407913,-1.3739202808379152,-1.4736011179460418,-1.5773059732133408,-2.4688726966553496
-6.598895340735518,-7.789898810366875,-8.461868407861772,-8.557400642454137,-9.291793220057986,-10.135514811278538,-10.834378932568324,-11.673746416465816,-11.893998420611696,-12.010832578958976,-12.608786482222097,-13.019272881312705,-12.225398671787424,-8.409369969225517,-8.185768794277115,-13.152721667447649,-7.150008782332847,-6.084531701078642,-14.425437387620255,-3.921351025333912,-11.915084787517955,-7.334120249014292,-8.50111715775946,-3.3402729237735205,-2.887452382887925,-3.006491052346171,-1.8848602068527687,-2.3238476993994146,-2.5132209840709954,-1.8154928299517805,-1.8575775361420532,-2.016100011553126,-1.4617140827668729,-1.7817946604980042
-5.010727888259909,-5.916202064986766,-6.588900963007625,-6.8679234981893,-7.060824664716249,-7.2644756245416975,-7.531559129482199,-8.260914719258178,-9.065039149805985,-10.578998289916624,-13.605054976103514,-13.964732838604256,-10.933561317618711,-9.542558884341895,-11.278628895718592,-11.178669805151577,-8.808498443515976,-5.542328899286753,-8.044769428248008,-10.30250270754037,-10.406503519815514,-8.693234795789593,-2.9407790921176464,-4.215397952621758,-2.777056059139396,-3.2292374182903405,-2.706122918469654,-2.3991525613929023,-2.714665558446773,-1.8085021409536048,-1.5721114903599485,-3.4010404408633637,-1.1609532065324453,-1.4388389198540947
-5.012540769456997,-4.868042681451912,-5.227737923068815,-5.775869424763458,-5.402985722431177,-5.361738790060422,-5.967294710553208,-7.087204730550434,-7.589028473798169,-9.039897116207843,-11.084587688241982,-10.340307351572264,-12.872640954131164,-9.52810932850486,-6.740628082175301,-6.144242965905674,-2.6782248458203166,-4.529662162366273,-10.456112350161577,-12.06481565748111,-4.591777621811589,-7.12956358395341,-3.455371547821921,-3.0617434542441586,-3.0129618447785913,-2.8565562518962357,-2.6428189211859694,-2.436330166869021,-1.6892609183986518,-2.1852355587166885,-2.756898618646888,-1.3622901254672466,-1.3435404479115014,-1.982556576914129
-5.632685976631005,-5.355921266035236,-5.276197955822699,-5.1710302055054544,-5.490264582587773,-5.262997308114389,-5.33676935745132,-5.381441683316334,-5.427485571868901,-4.951121606539461,-6.397579529543895,-8.416732352729996,-6.191295551146021,-11.269932434720198,-10.785369568840274,-5.0608061978804955,-4.002940485015327,-9.818462995456787,-12.621304253143462,-8.588676562269773,-5.505670751694418,-3.497153650041248,-5.239281513535375,-4.0312562058984565,-3.500586291041163,-2.564913184540482,-3.7146714430526035,-2.1766500922508376,-1.9147887120949973,-2.0326038460508977,-1.2400178462744096,-1.8677974668806219,-2.4407632896180744,-2.8655490175407907
-6.3751937352205985,-6.064643032372542,-6.123893297244603,-5.533802188752793,-5.950512083936661,-5.68359966492183,-5.544561419456583,-5.531871079740543,-5.423003595010737,-5.7032131327071305,-4.489936418929063,-0.5950960831315456,-1.3544573635133292,-6.460068920450356,-4.519126326547841,-1.5962039531108296,-1.761237302781562,1.3966272097234695,-5.912444512779137,-3.0210289413409357,-7.048449740255106,-4.347499567079475,-2.3095536709720648,-3.755522077770835,-3.0426610752264756,-2.8376697914059377,-4.307054261521587,-3.48529572795462,-1.204501524414614,-1.2838006917766127,-2.684024422382063,-1.4411972483866542,-3.2712731995393542,-7.236297366759884
-7.821298537659765,-7.137585385279477,-6.464663405895178,-7.015197041471251,-6.8318031400198596,-6.731250264742691,-7.051598299013144,-7.084417724762982,-6.9508905786352475,-2.3844107062683784,-1.3648131373966146,-5.395852437669757,-5.744374270452446,-11.31526815167091,-5.463662972174429,-6.493592537007673,-9.27109517427643,-2.928039990897565,-12.014997787697906,-11.608504469958314,-7.784121281587272,-2.257363229704098,-0.975708331327975,-3.126148576180374,-3.2847660264975214,-2.99726787046222,-3.8133839333128656,-3.176757326924184,-2.347454982486944,-1.869130084653941,-3.4371575211423,-3.846327429989078,-6.954797541164052,-8.606415532549978
-8.760364247174518,-7.756001815126233,-8.189690098888741,-7.33767050255379,-7.981810153829638,-7.939718670260759,-7.481643438959882,-5.231400351240021,-6.839301688563186,-3.633417088745732,-0.9954376602823548,-0.2827206800816678,-10.52221471582281,1.124198944265537,-4.6629917291520275,-8.897737547014174,-3.5320720535865004,-7.33144175589473,-8.327068764210939,-6.26585008053453,-3.3584627845658637,-1.4355911974145115,-2.7140642769893155,-1.2916542523630306,-2.9228749631109263,-3.6598790287143825,-2.557290094285605,-4.265926370456045,-4.801832212314617,-3.211100444092482,-2.9842564612505877,-7.205610039852449,-8.230536497793361,-7.873793438054135
-9.613010918498071,-8.65867559364494,-8.128784757396593,-8.145671954962692,-7.843796434496462,-6.897065289826762,-3.3977995601418756,-2.6403345234060693,-4.0248841220034866,2.5550352815878687,-4.857682698402494,-5.865895564558377,0.8255669707933113,2.619644084028834,1.924091888827911,-7.048049582998663,-0.9246099312089225,-3.072659590423034,-13.210751740460587,-3.6246421337795893,-3.255526391606287,-1.8846534754397477,-3.391915916429842,-0.7387185773180363,-4.3488254087024005,-3.109246010510063,-2.7113262861727634,-3.8987413224653635,-3.1525265469246015,-5.377161837502365,-8.184262056994873,-8.04178926560536,-8.089477726407248,-8.111913510108664
-9.439032646764952,-9.428289492007226,-8.524382141496572,-7.417800690755323,-6.540340455323415,0.4478221476522832,-1.6691586332375208,-8.482854818708548,1.0095732598924902,-13.161063946681123,-8.658311597010458,-8.846783545092018,-6.00896406151774,0.01704141785897122,-0.8761512199966048,-0.8806049237736552,-7.945118849983378,-7.690231295147558,-5.772861745433295,-6.425049898874968,-5.050607673463852,-5.7301323753445,-0.3782535190550418,-1.2368150357153211,-0.5852002981431497,-3.7989188278670105,-3.472877723058763,-4.345989104209921,-4.439544723856433,-7.414368809212858,-9.38404255057136,-8.759875507974677,-8.52662479799615,-7.866069381113333
-8.540345951165392,-8.475373362431656,-7.748290407777997,-6.287055919440696,-6.416763665954667,-1.434840622534065,3.0821400061002135,-5.226627673622845,-11.278903476697657,-6.4978744143729035,-8.969292359946971,-11.165338550062502,-1.2155849418234164,-4.546046495954427,-1.1948133158275531,-1.8253008315721249,-3.9618810232720607,-2.9966239284647957,-5.461120890471385,-3.6182955210164973,-4.954167987631237,-3.0698923915735534,-3.1248572122921585,-1.79329107525974,-0.5706428951447434,-2.8345442900837687,-1.298190046900345,-4.631988396972999,-4.287468760064472,-7.437571787309704,-7.613986739241747,-7.0955312736928295,-5.9703198133347355,-5.653857055112738
-7.4978892872333445,-7.208403331641755,-6.803649959690746,-4.138045987874315,-3.3205200872698573,-3.387499944553394,-6.073382041510935,-1.7112767304080456,-12.552505603486651,-9.27066791330562,-6.0037469251281665,-5.345447842642682,-5.601517737901017,-1.461772918761467,-3.3644415595082284,-0.761520938407802,-4.912751318810548,-5.691625744942074,-7.155720549962321,-4.617883232544954,-3.014843545423544,-5.767039260113765,-3.4235255242923643,-2.6082130476843624,-1.4138505379289081,-2.139185916117106,-2.5176925959354044,-3.58477269840906,-4.117255626337583,-6.823904284946193,-7.106729539600418,-6.9306592758990435,-6.4784606688985305,-5.551045423486927
-8.681578097824824,-7.2908019974015685,-5.886305734573213,-5.6458446362418675,-6.469809411728856,-12.658407338763505,-2.082926240199845,-10.323336012658226,-3.527993569011107,-6.221700045611253,-5.008523519702357,-9.18782052541062,-1.0133187609592962,-1.5943898488147843,-4.021538882247218,-5.1741524407038115,0.5807207977951475,-5.076091801263281,-1.8780719255686518,-3.275825844654701,-1.8328247617552014,-4.2109508412379135,-5.641175627820715,-3.661505225912966,-0.941566729181995,-3.294533942868815,-1.8533705615191096,-3.9140300044278344,-3.190451502318684,-6.96734551233895,-7.0261407184716616,-6.861357068939541,-6.681056017773456,-6.364905078934683
-8.051922279302064,-7.285824524615022,-6.188705132792689,-5.613052565260697,-6.224854276865977,-7.129646749461804,-10.702826189460426,3.164995822955448,-2.0230206898962795,-7.898380778526464,-9.27550036296993,-6.526716821824283,-4.202058657862155,-2.5879928439385744,0.4832312282751684,-6.6946647966522805,-3.6470502253539863,-1.483486382381699,-4.111743141833593,-3.3380641721883193,-4.510459827996487,-4.517180609933122,-3.1351433829041726,-3.652731348893915,-2.3218056173019765,-3.0661265649420812,-2.8140746585537593,-0.8432127442059181,-3.3718959790154863,-7.40856725636698,-8.108275064507032,-7.5973405404244865,-7.017209591649295,-6.854940272531847
-7.2644155604216,-5.559375430173205,-4.4495801137652,-5.731788008525432,2.124866990351252,-7.084160122009324,-13.422967206460624,-1.4222858350794838,1.1837828285415501,-9.423114151672165,-7.981865299039484,-3.6821998749912286,-0.1734435522174392,1.8334694186473455,-0.1877714991890763,2.534211217958104,-1.9601600558141326,-0.11921929425932014,-4.420720967470884,-2.4465437505380487,-5.316264525522393,-5.32363845344536,-4.18616996143098,-3.651145328030162,-5.331116019319483,-4.537608819585827,-4.121836191148464,-3.1239394572729045,-3.5699738888223504,-7.0519608932566795,-8.21144338184478,-7.984040214349404,-7.781177902085866,-8.21679990254018
-6.941087646036661,-6.725977832092644,-6.225640236616057,-4.580114670021036,2.050885763205718,-5.899374403734422,-8.09931855681876,3.391837259575093,-9.378688956032775,-4.008256273166956,1.1537550855060472,-6.247342738178113,-0.7768378921503334,-1.5072451618399947,-1.3837348381035872,-1.223391871709136,1.6625003175581134,0.091122317722875,-2.191005063311041,-4.420076970957854,-4.788996786225209,-3.985378888976961,-3.1706944477227683,-4.3172636433582,-2.5023842796475693,-3.987769405228445,-5.4240621714837145,-2.927446477374388,-2.5274160575667546,-3.6293765912375617,-8.782488849809111,-9.017478377973264,-9.25119384910669,-9.051184123796222
-7.965953958996864,-6.553543633732281,-5.972974275456867,-4.341170779708339,-3.021783542611463,-3.0525077338554154,-5.3342713973609355,-5.263636964478969,-10.35524960874803,-7.999441810551644,-7.925825781886867,-1.5988549059002497,-2.3514727640506985,-3.7830584669827005,4.283748693971337,-0.818077637302098,-0.8343974633528345,-0.23015111713655162,1.8931793528722956,-3.897860758833791,-3.6378719229999597,-5.5469057097898355,-4.341140293128712,-4.457905661810778,-3.6273481259128384,-3.2851760958712384,-3.963282169329012,-4.260783677931637,-3.438656174888262,-2.657431730719903,-8.247913766544205,-8.624923390131105,-9.64306126796567,-7.995603105117582
-7.5717240534250765,-6.605914448107427,-6.267325189147163,-4.128589315346352,-3.02222858741623,-3.1335835135516557,-0.3892307062248388,-4.907040587451222,-12.566939059381125,-6.625895471807043,-7.447373859101046,-3.5184598899730073,-1.0444681158700961,-2.867141467145151,-1.9736911071504812,-2.4893315353429633,-0.45458813821372523,-1.2531057288043455,1.019229995888866,-2.82449613111748,-2.360040992001127,-4.094159771016285,-7.546381368110488,-4.643443328236815,-2.3159665704559154,-2.7268752466526194,-2.757746281845004,-3.83324836884634,-3.2843559681804595,-4.807437414266824,-4.625860350253305,-4.0504536685030255,-7.310271407125349,-2.8172107499275816
-7.547331287140067,-7.36904657602576,-4.833835598158457,-4.369657638246595,-4.0486538659346385,-7.35823127569104,-0.7574432749031383,2.6954539940716904,-12.577555448512058,-2.3937240973903835,-10.066799653993112,-7.463709740544304,-7.362284918056354,-0.16986065604156314,-2.1300782188149596,-3.385651724899358,-2.064585461416907,-0.19040673189592489,-3.010419861200213,-3.396932275341995,-2.48537889256808,-1.8834615726226982,-4.851804552723745,-4.444934450015109,-2.4075464778647806,-2.317753282763638,-2.531466779844386,-3.0261878506456945,-3.478937001916831,-3.365177333281358,-3.516004978702531,-3.5523388773368803,-8.247898298499171,-5.034903975590332
-8.142268136714788,-8.179281244622263,-6.690445155470534,-5.96335427247878,-7.056560083952753,-4.295053169632944,-13.201653943841844,-10.133416901092879,-12.30956674693036,2.200243226605247,0.17354419530270604,-1.8297639516301138,0.41508537202326923,-0.5192706073118839,1.5213247402697003,0.3572233371035865,-3.0163053178038624,-4.317993056995829,-3.7870904022765193,-2.11401951718012,-2.8919809323519314,-3.5408887832524725,-4.961816452175236,-3.6758488948480306,-2.9619313910006606,-2.4496968356832167,-2.636570331434724,-2.5380406853447037,-2.7776061414136395,-4.330939165580168,-3.656926553979622,-3.599048621367293,-5.033883388847089,-8.589142662980251
-9.945508678822788,-9.385481923979404,-8.86803218699717,-6.081914319008283,-8.775130443771788,-7.885695139414323,-13.313031885460738,-8.792567700275299,-8.352295464778596,-18.32813045033363,0.2201774784600103,-5.465864683304428,0.01694075082607989,-5.116106628245248,-2.8327621435680848,-2.983259828559261,-4.315502585094575,-5.341083926791117,-4.1441892453891125,-2.688379529518157,-2.5901758786922553,-1.661476098360397,-3.219273367316932,-3.857611651732728,-3.411725480636029,-2.87833893981581,-3.2886549805624807,-2.7947931356229976,-3.190544382659096,-3.837034699016053,-3.8671051502798086,-5.43241068697902,-8.656229774101478,-11.322305900923235
-13.572245113756644,-10.533252501927574,-8.729426570989887,-8.852421194359739,-5.782919556507299,-9.281349317181135,-8.24353095065891,-22.535912740785026,-16.71120495012927,-6.87250058331412,-0.18071430423486953,0.4680845169495931,-4.988098258551692,-3.6147352371517747,-4.469436736142284,-4.659050152382481,-5.593794726668441,-6.11092771560736,-2.6109566959748927,-3.444090295488563,-2.0883413652774103,-2.5737445524227267,-2.6304004838608703,-3.6798608506183106,-3.391725941379694,-3.491873248591801,-3.2432978930793364,-2.36365993261672,-2.271356256783501,-4.3105854203925205,-5.9161766628121795,-4.9351321446685175,-11.66959118880342,-11.65427560074732
