script/wind100m.json
{"header": {"parameterCategory": 2, "parameterNumber": 2, "lo1": 3.000054539987559, "la1": 64.9999836372058, "dx": 0.5, "dy": 0.25, "nx": 34, "ny": 52, "refTime": "2026-07-02T21:00:00.000Z"}, "data":
[rows 0 to 24 of 52, columns 0 to 33 of 34]
-4.961309081716312,-4.404799732292126,-3.7289502456201227,-3.40072345108422,-4.337840874172589,-4.894699192865922,-5.295402856841592,-6.632772332893641,-3.6573088974590626,-5.369795088831724,-7.5244646872481935,-7.359223506172168,-7.064276598164583,-10.280539310351138,-11.50292146487485,-8.241613528954549,-6.435737033986518,-5.463757311489865,-6.310884743307775,-6.2846421828320045,-5.091842931206297,-2.487461342779271,-7.1512143805824975,-7.048021790154439,-4.093572966319738,-2.4639791136819977,-3.2559256452553353,-2.6500061904351258,-2.562872906389933,-3.5268649259170846,0.19631457970841687,-4.541448658330154,-2.3500173360997207,-2.658935280642072
-3.8187429477152808,-3.5536263112097366,-2.891615182340035,-3.503784776477009,-3.646342306621395,-5.005181617430573,-5.221505706322255,-5.5936628796645795,-4.4349313267504415,-5.694083808167109,-7.338387857914943,-7.54852063424425,-6.424739059293819,-5.235814610294072,-4.949344110767379,-5.890066187060409,-5.734787505533886,-3.5994281548003766,-7.3037881170962065,-4.465299471703522,-7.247373253108483,-7.317999694555221,-3.537085087186257,-5.782959353772552,-1.9875610909096106,-2.7258366130524934,-1.7437948758122033,-1.9947050106348867,-3.882465560270394,-3.3469749496454027,-1.386250930005559,-2.5343534722092684,-1.4499001961512938,-3.3114093336827937
-2.96714486743886,-2.6262068226840576,-1.9869183725457744,-3.0945021080458854,-2.858487465803255,-4.965157175696415,-4.324226683902276,-4.742732717537212,-4.41482892299529,-4.984612423901844,-6.889272402768532,-7.713078908692684,-6.552798958674499,-4.104034529943855,-2.699707062681317,-3.292335059060905,-4.793603789739634,-5.64191808299727,-4.823572174419097,-3.6841747553605746,-5.87174949963287,-5.655686338157859,-6.577562293631546,-4.995848094199743,-4.042908468604194,-3.3221064992205296,-2.470868879274171,-4.0872902825496125,-3.7886893889917648,-3.8697137812703266,-2.3400615411845362,-1.902762453650672,-2.5577513616950838,-2.072579053177282
-1.8191348608728641,-1.502294817824314,-0.9014612576564494,-2.0413800665263513,-3.044690436513647,-4.146128122642419,-3.4331140752764777,-3.908667153967262,-3.720869167077806,-4.248394814931607,-4.474677961902101,-4.963127438369637,-6.603204628447469,-3.696580559764737,-0.7549890315351233,-1.3985546824879582,-3.351137352517473,-4.468546028947925,-4.445248265756593,-1.9710450689712007,-3.497215392152218,-2.1481952108964566,-3.9976752297193716,-3.73718421621492,-6.409400422636013,-4.519541097353925,-1.9167111435675999,0.19991953563715195,-3.671339828398828,-4.077096465167843,-2.77005301438679,-2.421704967951224,-3.3852565964921473,-2.835623161030099
-0.0769361409139745,-0.5816689191218798,0.2531327260274764,-1.1354540679745364,-2.5980237399549058,-2.9424488478174027,-2.7758434628298656,-2.8068993959987836,-3.3238510764713864,-2.901438118841493,-2.687799162736215,-9.470135839645149,-8.836289216036363,-6.374416395576336,-2.129247036368173,-3.1123883953268603,-1.448428022384641,-2.1197062276987118,-3.151098570132366,-4.046356638324538,-2.8369171880382797,0.061557411204884706,-0.1406582794577525,-3.100615752027048,-3.232768422084803,0.5977971447727118,-6.0805720779215875,-1.7318669472141317,-3.771581076040577,-2.0016596419766173,-1.931141310915382,-2.7265757088496967,-3.052420315749363,-2.663372378061971
1.207676973837687,0.8184197176956857,0.6586054099252503,-0.211001630440925,-0.9518644089415121,-1.2000897776545278,-1.389360747129284,-1.6316348697191387,-2.7493012576579425,-1.6010351442422905,-2.065042218606674,-1.7151784614759347,-6.09310669439214,-6.35035665363646,-3.210228911397715,-2.253325013174873,-0.9530376865021509,-2.7945563000837716,-3.818566223054145,-5.489855050861716,-5.07722549964254,-2.4059525657655354,-0.031560794343803406,-1.8859040127330773,-4.065918706890291,-2.14189973026089,-2.9826803913694437,-2.789781165480366,-3.7450370864905644,-3.7504125807475903,-3.0882902329835034,-1.2514336922832103,-0.7573784979140599,-0.9737143702193344
3.1228717101667316,2.3408131630392837,1.5956563223749551,0.8571427239048334,-0.01509494010190045,0.09553113788203971,0.3770840067468918,-0.17859421546628837,-1.0039846444825602,-1.7142179034305927,0.7893351094590881,4.38571849346826,2.348915539230942,0.5016602685920788,-4.676118846970609,-2.830799931891341,-1.5857601876741623,-4.044198617354324,-3.270827176092493,-4.435565589932165,-4.703063878333445,-1.9572041095288155,-0.3543953904015213,0.3304185066055796,-4.09823512593844,-3.591649669117104,-2.06484291171724,-4.275101610128682,-3.2132382063443274,-4.342032286645812,-3.474873766591857,-1.9088571971790116,-1.4723658706361231,-1.6172946468130258
3.872998730941761,3.6164337413824157,2.5811982582841293,1.9887943277138025,1.4658908683762988,1.507359893529343,1.907636998901341,0.6453182828752837,1.3023569328105475,0.958261393111029,2.289257457371227,-1.6037555249320574,0.008956843603133584,2.116514545777971,-1.354465707553393,-1.3544874492188403,-1.7637052343532138,-1.3715535838629804,-0.8225124821271516,-1.3523111051750714,-0.7654853881402447,-2.209336584070809,-3.1992749664764517,-1.578368440461056,-3.3381591839237394,-3.7629894818627196,-3.0620750854391545,-3.547211018466483,-4.541198610004735,-3.0334221932181933,-3.114932789855601,-1.9061748800846638,-1.9326079136586958,-2.3380826169399107
5.0549176214173315,4.296179229022418,3.6508790711767922,2.951796545146313,3.2829011868425964,2.3047611314645042,3.0687610358843957,2.48438779090672,0.7070869535690774,5.559688584216114,-1.3726532627664318,-1.4993397142865188,1.5868979253173798,2.4825892749551817,0.031202073073579084,-4.376816165532591,-3.1802788678644736,-1.5441140034203782,-5.34289322322019,-3.218622240360606,-2.4678785641412606,-3.312563577967541,-0.8123482426499447,-4.4183073107304,-2.6918201788562865,-4.078295629250037,-3.4015769019264446,-2.6822860742278665,-2.8662302999135747,-3.3729863440119625,-2.526670183274139,-0.9883927419574071,-0.5867817688079575,-0.4368515063945304
5.008047782447834,5.029811210977106,4.558352011870595,3.9520176304586716,4.175520259012318,3.0706044687194973,2.1859163851813284,2.595533302035316,3.15101433926425,2.453666853566981,-0.3804806127248239,-0.22540027810786456,1.6406491181351381,1.205173405085547,-3.825658284305033,-2.084807993326751,-3.2098431626540607,-6.146981605915399,-7.13533535832548,-4.830227760732764,-2.8304492486184083,-3.2644868023466334,-2.85386042841993,-3.9507310291073097,-3.5206301071049833,-4.365420446212679,-3.0011526944943547,-5.09503665656548,-4.005281070098345,-2.5058660441525014,-0.5349390413628194,-1.105608999537093,-2.2926282146638077,-1.2376278580265472
4.991132453480879,5.4343664928562445,5.112143285042015,4.490134015400852,4.373641832808856,2.1188824129136457,1.8995235323510133,5.058524609731316,3.6413118843138883,-0.5233433708506918,4.251713188634264,-3.0506312280746792,2.3625017354259508,5.219366544024044,2.2470491862907185,-1.4542078422004305,-2.5491751187389653,-2.9962295614199075,-6.550782637184347,-2.64049092875664,-1.6494611186297055,-3.1506198561887127,-3.8727175552077413,-4.27138293419724,0.669550290788758,-2.616638792530374,-3.6667323927832256,-4.645702581037417,-3.4954761325021844,-2.7320159933100863,-1.5843894371298328,-3.096333480266171,-3.0462968831437816,-2.498440412880493
5.003753592807391,4.932628006635652,5.247498853691476,4.801731286737775,2.873044838663571,2.646052491535968,2.743464228398293,1.0962688209502462,-0.2897238805971012,0.7351195384770143,1.4339518980072887,1.0460002977138887,-0.5476823870617268,1.8733873791558313,2.1349880568113586,0.34137577824429405,-0.5743353695424986,2.9738402770734225,-4.42864909452328,-4.7203005454946405,1.3427213596077405,-0.9270659777850017,-1.724802501414154,-2.7447789447804687,-3.7332007601638244,-2.703648785942769,-3.208452177532856,-3.786792185420353,-3.573405382878232,-1.2967068058508724,-2.0266107982814043,-3.748662345277205,-3.7696300511204757,-3.2286765361697416
5.137150225818369,4.555466393813085,5.3671968171192805,3.409883392496835,2.051524438075602,2.6714819786451236,2.5496200902670836,0.9143389210438242,0.9380920772930362,4.010118770371832,1.5656489393279527,1.0913544660858094,1.5890160252319452,1.000030458890413,-0.49626367177992425,0.870677608708065,-0.06846449745069522,-0.641546900503302,2.591081748105925,-4.567373579100271,-0.4395742997138762,0.6030891496766787,-1.2947533419381547,-2.9447871099713363,-2.687221272921396,-3.8732401677043153,-4.040633956321538,-5.022286532373306,-4.2026211370809365,-4.371483774878974,-5.543469466108256,-4.409606368835828,-4.75355771080804,-4.586650231349789
5.184570887092164,4.6248196555769265,5.682128348628915,3.7513837595508868,0.7682233714334613,3.408605368938628,2.84124657852063,-0.47252538566929175,0.32145714484764554,2.24867234981549,1.6372211872239741,1.1811166507510913,-0.5747935003204763,0.19217622969879944,-1.511135691445478,-0.39723342524465605,-0.02747054431303789,-0.3481212367113403,-1.3184232356838157,-1.9895187081723902,-1.8302799309824551,-0.22771252085416563,-1.5536434605613503,-1.637801431459892,-1.6630852363914295,-2.0248636891064797,-2.7936193029274663,-2.8849478991029938,-3.795554270281453,-6.6273144223995075,-5.939886397122937,-4.603118206532941,-6.064729776387379,-4.851826979639296
5.760870413621376,5.183658465903372,5.668835721343282,5.1471213618124345,5.125642423849771,2.8933878720875446,1.812468852224214,1.6468317791457179,0.4588295336085215,0.2310154487712015,-0.9976762120053153,0.11371508509868918,-0.27928619397989907,-1.230234002330385,-2.2377973390377943,-4.140648623205387,-0.22572304914989233,-2.5379822635152083,-1.830105530879941,-1.44704369403541,-1.5347302381371375,-1.939730243590941,-0.2322792871370526,-2.3808517681699115,-2.743315626629492,-4.599994213891988,-3.1273115373604483,-3.23557173689833,-3.659493235045334,-7.463584341702976,-5.681911804053143,-2.4906458660023723,-6.736154537796313,-6.03998506213298
4.641774213541997,5.552303773681161,6.159501802844036,4.776533205424598,3.0342367006345374,3.041600484088402,4.299051185577079,-0.2898576493394529,0.41434607401561396,-0.5548166137865518,-1.739769952293075,-0.03400462213107512,-0.873611996731926,-2.481102937462164,-1.526193544741354,-5.678219304204386,-3.3082292371320734,-5.446287617904112,-5.166547527499238,-3.6255062027853144,-2.719529624992721,-2.3261844878338223,-1.272335959488139,-4.445406293694857,-1.0804245404315826,-4.2398346403398675,-4.959324796584026,-3.476930372316894,-2.3390671992465477,-8.599710590163356,-6.944216543950312,-3.8878116741241615,-6.192837205402907,-6.63173264795564
4.143603563959092,5.691024075123092,6.169243154237611,5.40472378300702,2.5255129808353494,3.563540691074671,3.9662337828622314,1.5852013245334369,-0.5047219551548654,-0.4037570016106245,1.345198200888939,2.048531375425538,1.4476426248808762,0.9896951601167323,-0.6693441318218155,2.182671999741566,-5.39090730087931,-3.344037987170662,-5.213361012655093,-3.860245925590126,-4.4312500260145775,-4.0923449892207024,-5.474821011898214,-4.407948030507998,-2.451876009567407,-4.725424167078483,-3.794010073654129,-3.353632882463872,-1.804490063048489,-8.701648924810785,-4.887986826196336,-4.853222795086056,-7.255976337842686,-7.446717022634286
6.678421787469596,5.681572956712975,7.415449171265153,5.845546977776249,4.056228550785086,2.1159281377619363,1.872912478353504,0.8721582884478116,2.1027400749136675,2.5633768099150642,1.3980723627938214,1.998123817919979,-0.1323487280158026,0.7931934925527093,-3.134221805740847,-5.044700227763955,-6.586010630038783,-3.497284404607582,-4.46253783115858,-7.065065129802248,-5.63279988290779,-4.0828859241106485,-5.742216128633761,-3.999359616196835,-5.572079737126817,-5.9026119607357606,-5.0831661268143655,-1.7722743292137824,-4.935961489683716,-7.613941211559411,-7.485127235725479,-4.992952395323291,-5.628464043080402,-4.103941381964637
7.89924168370635,7.087416558560278,7.286734785308249,7.0343110301852425,3.8125379034708766,3.1044085409460007,4.355419907310809,2.175612521577261,2.92630576183165,3.2438068631642065,0.005471356588552702,1.1278781970061171,1.809358919522734,0.3364041834237545,1.4582855576490137,-3.9832105417534556,-4.332404708361261,-3.305557572134265,-0.93549012067276,-6.297127895533333,-6.149841869399572,-6.014371604108729,-6.103383342150226,-4.902522514110024,-2.6511012412928583,-4.3547919068446435,-5.787095409272962,-2.780715390985869,-3.3926195713033263,-3.8015733335825392,-3.3547019201574213,-0.5542587629150878,-2.9666008415997283,-2.8609949299919446
8.552143266559083,7.455259307961195,7.7629476680410905,7.636730985650351,4.768145047371152,4.8872763243155175,0.509959546984515,6.794296748082047,5.379003131595922,1.4515924217844633,1.808606133889302,2.0435378094760983,2.711184878033243,2.247618428069293,-0.4278819997455606,-2.851568246594404,-3.6630222448335084,-4.150551243701199,-3.336093657777625,-5.692577490682273,-4.497716803713255,-7.208577980670744,-6.222434589068119,-4.497846118780531,-2.1821599172563597,-1.1521287359553802,-1.4487148659582918,-2.216942866057994,1.6798728910118896,0.7105540964001151,-2.691580879795724,-0.9426630170722586,-0.6367743620815918,-1.3573408266040452
11.070943400863323,7.889067561519196,7.934827839149124,6.940556189806717,6.354753291974706,4.481117911369584,3.863722523513705,5.168868033422914,5.012395316046196,3.2752580170211596,0.703416785848287,2.935215864663863,0.29876301876037603,0.4148545860187533,1.5885623616630027,-1.9417711597721736,-2.539536427980602,-3.3260822639567538,-3.9229264200302842,-5.273994605266716,-4.809936714179447,-4.991119001963139,-5.775091402772446,-5.803301394343555,-3.6395384434650975,-2.68419292643378,-0.13992568063898897,0.3442067758580003,-1.20578656887234,0.9519006057663093,-0.24390638358081856,0.22522686231172717,2.716314419376553,6.655629368258585
12.458683693538621,11.346022399870291,10.953806298413623,7.723908660973784,6.5181747301675586,4.648978529817484,6.1315206436846506,3.889351732077366,4.757780154637559,3.541266876882336,4.7854170220601695,4.223769681252901,1.1492112090743112,3.2366615649278936,3.6721328363228314,0.17493810693498463,-2.1718094420109355,-2.291787040143654,-2.4648649614322107,-4.047407465635179,-5.096916006737546,-6.9825378842927055,-6.288165008424595,-5.072613581136754,-5.123294886896896,-3.156866660422319,-2.070261832031959,0.41004136100964067,0.0994859505154925,-1.4814749139052268,-1.1353199467131994,3.4246263630030738,4.072095899628246,6.417227026038379
14.882416410794528,12.172164013237488,11.662116993669436,9.334672321304163,7.808370468127566,4.428601436816984,5.155489892659431,4.336982255888097,9.594635595756726,6.193968669873641,1.2990046010884453,4.076975492410215,1.994439432992804,1.4972303625064995,2.960722712069432,1.5994746298415843,0.4455379550018788,-0.3087250771426408,-0.43388728909766305,0.6197678777629512,0.6238092121774503,-2.4820642313654853,-4.575881421263088,-3.467046395779821,-4.038438489691505,-4.059588419925342,-4.061921110765809,-0.9461775323412716,0.6760853374021684,-3.4626598824697115,-0.26371826677057975,1.6434453098520714,0.7477239258460232,6.634880275305242
15.639721976580867,14.114218411130556,10.96538778475047,10.232470891658698,8.588065608130655,6.5062156137359395,6.290067658182872,7.708811512064477,10.731725665127014,5.51812744480833,4.082567874622952,0.672477072056408,4.992542364430502,2.7807500824104094,3.3134320264235266,3.6475586917969443,2.742495104347872,3.70059528775231,0.926137760443814,1.858220307031364,2.9645467254272075,2.8489906167165024,-1.7792046710184564,-1.8242064483860614,-1.9781497759685214,-2.7842712082629077,-4.061682794846761,-2.358520571177485,0.849236957676271,-1.902211780861628,-0.16654498715741378,2.914718393872272,7.081892496862992,8.049495571687341
16.573332120880973,16.17224835492158,11.916933892356036,11.077807649351037,8.762658101596223,6.333899339371493,5.1667590507461725,10.046254412978652,11.20076420334897,9.943422200898176,7.167995461865399,2.5569268020707034,4.076982768322547,3.8419509668654723,5.523112018147575,5.510661757260191,8.071980557543071,4.154401238735056,1.911784562245881,3.2205603815046087,6.731454202358533,4.758671854629926,-0.830537490534868,-1.5286367556935372,-0.8883387409751056,-1.7728398200687134,-3.340055568490995,-2.9637550966950394,-1.218548392940973,1.0054939740439746,4.027488909147087,5.926817186634817,6.357639818034568,4.8339912841590165
