script/wind10m.json
{"header": {"parameterCategory": 2, "parameterNumber": 2, "lo1": 3.000054539987559, "la1": 64.9999836372058, "dx": 0.5, "dy": 0.25, "nx": 34, "ny": 52, "refTime": "2025-10-30T18:00:00.000Z"}, "data":
[rows 0 to 24 of 52, columns 0 to 33 of 34]
-0.24280934089016634,-0.437418689654487,-0.4065929885492761,-0.43898011469422094,-1.0393965131168212,-0.15395914772309527,0.11051336698449392,0.18400579657514093,-0.022193118930561754,0.029160858557784584,-1.9172262603176236,-0.5772770818416436,-3.1384786595186283,-1.6758633319540615,1.4325982270707525,-1.43923404720799,-1.0111007044707758,-0.4410108155190802,-1.198322849356394,-0.9659536934635606,-0.0688574547936621,0.7238994420781173,-0.027300430408096668,-2.7028600095827358,0.7103603700973654,-0.8679801107215711,0.1518142789321023,-1.223806807891011,-0.42499476503735717,-0.30379304501756005,-1.1473981664399204,-1.2327993819063867,-1.8947780208528893,-1.34093171240758
-0.4667273168630157,-0.5955011523113196,-0.525946575838739,-0.5852609589765966,-0.5447542778807888,-0.013079838832366335,0.17420234248027636,0.22232030270695582,0.07604743195883293,0.30994942351955,-2.1465934700562883,-3.1748711764463393,-2.6696369117230105,-1.3373517067501544,-2.0964141587561587,-1.114218615820225,-0.28461003855847467,-1.1063492409843734,-1.0406212864114412,-1.3818147159565242,-1.0795473906635014,0.12589301617444526,-0.07725474164777384,-0.3573089420811891,0.5593811806952731,0.2883363792671872,1.016824078706314,-0.044956688891230084,-1.34838714357218,-0.7846576344502045,-0.949389258820661,-1.2124803918913203,-1.196617029584776,-2.20912180269168
-0.8231005797051367,-0.6416719674776279,-0.7624672608644455,-0.7262598304862167,-0.5300276027398909,0.053171332031863625,-0.5468353466152603,-0.004516663070005065,0.11937968712860114,-0.6172839818680266,-1.6621506896426814,-2.506760957191365,-0.36136156327293595,0.5311473784280497,-0.5727103200686513,0.422711150490457,0.13131334671410355,-1.7609568117245833,-0.8048045263098326,-0.9275053418232467,-0.5281010464278185,0.1412414636567176,-0.45335393666505597,0.5053164686712457,-0.3172870072112622,0.758758806586836,-0.7176696156449185,0.7940073422440244,-0.9058210110604817,-1.440230235826592,-1.4526321243427278,-1.6611948472299247,-1.7316498108636278,-2.1469522833796715
-1.2095834763424673,-0.9860227802896578,-0.9798853080604805,-0.8228694555463174,-0.5688928494628983,-0.2505249377066182,-0.8402206842357827,-0.46451093156375334,0.017301608703316214,-0.8439389582184135,-1.6454081423768199,0.21867184038527337,0.7135634164289835,0.9561459110995393,0.3725655205853384,0.05440619457428222,-0.1709771672228513,-0.19435308896830722,-1.0886551611373598,-0.5767246164366745,-1.2353632245255317,1.0042569741026115,-2.22795746300465,0.46992204900441725,0.3635592015693012,-0.2251151265557525,-0.19184656808742026,-0.6288246285648189,-1.374981952063358,-0.9532344457701112,-1.3470320956971245,-1.5998562182143004,-1.932224989386582,-1.9523034317703922
-1.5603708974661095,-1.368488461773464,-1.2857904861068779,-1.0708833690893476,-0.5485355577099377,-0.1560713219055884,-0.6413611843484487,-0.7887756034481747,-0.7895846047930511,-1.2849962690283694,-2.1765995670422913,-1.9546204875801223,-0.07753012129213445,-1.1489859015795674,-1.932793832508326,0.10161705951329335,0.2932200507692532,-1.18725629904805,0.35292503699456806,-0.042689290531126356,-0.30892717768590305,0.2905864213473527,0.22641451585775532,-0.8174389562024743,-0.07962788626431538,-0.34219272845641496,-0.4499253304167854,-0.8958505753186953,-1.357460019715067,-1.3998668427183447,-1.4351144205512663,-2.317825922362952,-1.7762208582089785,-1.6855589151501966
-2.0751585763514417,-1.5927058059938155,-1.1530054839701254,-0.9594878747939428,-0.3541731582853726,-0.0740763397503407,-0.6711953703704236,-1.4395393562639263,-5.085216226739542,-2.3621016174664,-2.3369874161773594,-1.1885179790985887,0.6300220321203639,-3.121571661626833,-0.6916623289797952,-0.02470679967726897,0.4779243173217504,-0.21061615899533265,1.4543612423597205,-0.4583701563518503,0.628909331231807,0.6962744933099259,0.2535157116507753,0.8862838228825247,-0.26765644729423477,-0.15933436053378244,-0.0432715130397376,0.008030715065991343,-0.8126433893581465,-1.6204185820834787,-2.050026028916949,-1.3868107698383827,-1.6393867882367963,-1.5076755776033697
-2.135374470151002,-1.6279256643958147,-1.1778879272735396,-0.535914244938246,-0.5963535619927685,-0.6817683697100742,-1.38613898440847,-1.6250799412443258,-3.9454426131247877,-2.0859196481260582,-3.3733346934755435,1.180215740340033,2.996725782569492,1.2374521663059368,-0.46846163295585164,1.2948556319934708,0.28538283128737985,-0.5839314259238574,1.0434355801364323,0.32820142297571164,0.44442687537029163,1.5778839142159322,0.6431255883308054,-0.3969980370598713,-0.4117900876735604,-0.011837015729842894,-0.8854894813330617,-0.4403283488218119,-0.9642097741756446,-1.7690603069528146,-1.6683206111007793,-1.9299577115938245,-1.7014897567708314,-3.2197298117533806
-2.533405561618,-1.8238775172075155,-1.4710162904804693,-1.405543871479361,-1.0705891121387743,-1.2907517184472372,-2.352471377431,-2.306231283147256,-4.661112818900216,-0.40565956230405775,1.9358787177438177,-1.1846255748643613,0.16218575495877882,2.6744835488705685,-1.1800319929887266,0.5591159674662364,-0.612645014261227,-0.0888650134521865,1.823155229546249,0.4856400652294423,-0.09157460768796123,1.344196778000936,1.9282146487149767,0.4759265430235984,0.6369829072733844,0.09326265339960954,-0.804924483684933,-1.1270563870700583,-0.21690331765476087,-0.7114468366853732,-2.207381819087722,-1.8445759598841804,-2.2881784297659915,-7.991592954669975
-2.581752242111851,-2.023588989889288,-2.2024452951321116,-1.9967454213169749,-1.8523712675157835,-1.8114194694381822,-3.9085441123786033,-7.035563348850572,1.917547358389555,0.5575931891682981,-1.4365037307304658,-0.3532705716462948,0.17462609406164215,-0.03124706685908987,2.0154304129110248,-0.3843590017335851,2.1265045044488966,2.9732969151935507,0.40813348010053313,0.3303902965506854,0.878119862504316,0.5220329142175829,0.8749277424508827,0.6366201130146527,0.08077155587947653,-0.45519663516411757,-0.3887714386569519,0.8085249207953583,-0.03574121199787059,-0.7457346220035482,-2.3692404180870663,-3.8541166550957504,-8.128810045362957,-8.154769838904233
-3.205179739545912,-2.848762846578921,-3.0218329405634763,-2.689082280777332,-2.5998304275670363,-6.2893144881402945,-4.483046953372411,2.2676661491532433,-1.334237316977126,-0.1970477727069086,-0.09923452063229599,-0.3140818636218294,1.294653539949223,2.223197414703727,-0.8204824891167148,2.76272910373173,1.9459697038103927,1.2099865773344767,1.824189691112075,0.7993736120326584,-2.0256865219460054,1.730492744190503,0.3954159371493537,0.37119541938305883,0.6422097989587043,-0.4888609169230651,-0.3360856698336395,-0.8481643768054921,-1.897898504347687,-1.9055400664918647,-2.9719789494234274,-8.599324656336796,-9.407355723800725,-9.928828016407383
-3.9500441053639923,-4.249248765747415,-4.443375149719206,-3.7763801634160545,-3.470018510781334,-2.950491087376672,-1.1946114391380562,-0.5417443716734348,0.5085301709044246,0.8694166952982866,0.623805606691607,-1.1336544982214116,0.8388891442743459,4.21154405674337,4.169470875588356,1.9114905811619098,1.604963146390539,1.9598314594822848,-0.4134198203079382,0.6342491793549221,-0.3527708413367272,1.4445153861731757,-0.7516957440473808,1.0321934974614282,-0.4389205287562926,0.17096416571402193,-0.06491234942699792,-1.2900186402923306,-1.6035540292990962,-3.1220640179358727,-8.011539548763407,-9.882015523866256,-9.968475045557192,-10.913446982576765
-5.398171465160443,-5.327175601108701,-5.458242339784222,-4.453894334191341,-3.9502871732600573,-1.608054579287365,-2.001307959877376,-1.2529348662276372,-0.8605864052394337,-2.9218293362674705,0.9992933134265257,0.30994950814624134,-2.506731126053123,1.0639403779970693,2.263046834468787,0.9137610264545458,-0.22012464074155647,0.2275610266046489,-0.19106500795976672,0.9827185816170734,-0.028648718103789307,-0.15328150860328005,0.7955997828308504,0.02458354344082073,0.28366193445053867,0.31331289493876385,-0.4260299075575582,-1.4960850462066864,-2.3100591583977974,-4.866939987160022,-9.057607914073925,-10.436191452838747,-11.158366007532997,-10.879595676249885
-6.222316514807593,-5.591039167680818,-5.076269501774296,-5.9068127716937,-3.4977576862427315,-0.7327029691309207,1.9262098447435139,0.7617671621731111,0.4513696859174573,1.668639146761872,-2.2965295157024133,-2.6265508917925646,2.4075097168359796,-4.638855814561157,-0.23493944258565086,0.3773310013867919,1.3417651317150014,2.546830389960158,1.1588102285982576,-0.4262254618724983,0.2743360680629282,0.8787096219687447,0.9224821804408934,0.5546917280609851,0.2271846827327398,0.6600814298051157,-0.09704999102216622,-2.0978312952214964,-3.0322171765585666,-8.756611369968473,-11.099276537462028,-11.181581055748918,-11.497847856811264,-11.039284407386562
-6.3803916798676905,-5.990759324296387,-5.480635459459665,-5.701594324953616,-4.0864175127811455,-5.792951198130441,-3.183983113019582,-0.6876300761018252,-1.1125341364074188,-3.45743253669877,-5.10215431223269,0.7034436112641834,1.3170567815805831,2.527182662506896,-3.9936103456219927,1.2151869915972977,0.6368286842851218,1.1700862519695459,0.14219803476690798,1.1421832205531683,1.7751980429535272,-0.696004191241911,0.2742911363889911,0.15553341892800915,0.6286000173027089,0.5641965337283736,0.5284115622756635,-1.4327750662487577,-2.140713017463893,-7.348751933427009,-11.1535408901302,-8.252850100558065,-9.91274254311533,-11.33278514186536
-6.3845521557506215,-6.17216486204135,-5.633562037683487,-4.826861222374007,-1.8527850311719385,-2.051525611522024,-0.6388849353421259,1.7634117881761897,-4.442271097703905,-1.8556468002702835,0.8298547033656398,-1.3438450815604193,1.6887969513059666,1.283588384257268,0.7826561091873597,-3.2050137888085466,1.6800472732926006,0.6364637959504157,-0.43264899212597424,0.7496030888249817,1.0368719793235317,1.0140103073719742,-0.40173765566543934,0.04963346312664814,0.6870639192832346,0.5534959228783048,-0.031028421334442915,-0.0887459620771262,0.23175616085029482,-7.4208473930932115,-7.808600474712863,-8.293982294939816,-8.436271042424158,-8.837148686785442
-6.157179232782769,-5.753001460643201,-5.839074660742184,-4.095027908668084,-1.0451012053661999,-1.3275086206349833,-1.5225502488526885,1.3757293628538834,-0.15865198227357405,0.30737275575891915,1.8903035476840926,0.7905717054761983,-1.1741481283055555,0.652190788279263,2.4107259383336066,-2.4011679275856683,0.6909296640585756,0.7064479498842849,1.2473308337536417,0.7559257296176343,0.4527081983388759,1.2599327304529528,1.2821367722217742,0.4615225529721282,-0.20528579537498987,0.5819353771141305,0.31071825330581726,1.6526533681423827,1.0398256317903374,-2.081331707565573,-7.686546808886174,-8.441410091342416,-8.001228744800763,-8.605713156471856
-5.970786459372304,-5.877939224663188,-5.514739836524261,-3.9135989602848382,-1.210260644995916,-2.4320210666472115,-2.0564999421539807,0.29002870363351396,0.8851505931685003,-1.0156628172348474,3.1886590362924956,2.073030181661007,1.0045349337168297,1.5455125622316468,1.301304585733829,2.1119973285711944,0.18851099280837422,0.6220624841550975,0.5875515306324912,0.21541167045576756,0.9127969884245052,1.2991855277515558,0.3274950741488939,1.5347954900026552,0.17870793416769115,0.5926048602630262,0.43953062439144436,0.9390497250130586,1.3514934845496533,-2.443309970972849,-7.44090467284123,-8.91463761569918,-8.456634239816609,-9.074824427967485
-5.068151000759445,-4.767455304606563,-4.058060235571025,-3.4908746288159747,-0.425076739337562,0.7332709295678017,-2.652904509688956,-1.3584818197921875,-2.2861443915345583,2.5797625530475177,2.4992948975391465,1.643219655664388,-0.7524919877759372,0.8037860026701873,0.9536852791897937,1.7763185171721598,3.6322077579483096,0.8302891878043918,0.5827210845667649,-0.24894881084012696,-0.10652026364337919,1.0792514726442042,0.9435492914330362,0.5096168059086841,0.7342743108496712,0.7209284725471423,1.0425550622103117,1.15218660884616,1.188638353030922,4.48999605932993,-8.155358231222403,-8.664458746270178,-8.923640836356093,-9.491024490055917
-4.926478369154606,-3.8575798649762896,-3.322220782728344,-2.6051200052024086,-0.5709971004567744,-0.9907138688821032,0.5163598372652772,-0.08875431502904192,-1.1070421346287966,3.162876414145519,-0.11964070565202094,0.6456076796864001,1.0662681117394843,-1.1720763621216532,2.618286085793321,-0.24360835113625093,1.476755862682375,0.9848781377663397,1.7668540202753793,0.750011571549698,0.8142712991438417,-0.5261402581470196,0.4016977669130578,0.9921808131289369,0.3740395893431923,1.404680292167814,1.077010227471353,1.0449624063742706,1.3306786210538923,0.8257908119443428,-3.2473668125666344,-8.445001485456814,-9.30271592241888,-7.751823095687064
-4.800135538089096,-3.802159008600088,-3.0243333957042395,-2.1534810461350578,0.5639595379591378,-1.7635008612183707,1.843646217249439,-0.7251909822779181,0.07504518132848473,1.8866094099862336,1.6522401790944519,2.53245393185857,-0.3719589543735812,0.3163422048524283,1.2963427037744757,0.6202124654275192,2.038863374126408,0.88898165102846,0.40436452416569846,1.1015771392199665,-0.03903884179604442,0.43153835955966924,-0.10439244992200497,0.7952119932676647,1.2253605781236923,0.8095938870281147,2.035305653758152,0.43594498961115463,0.720735015375492,0.4935595502851875,-2.1259773324749514,-3.13923825978715,-10.222644474411764,-3.4937767591868023
-4.484700750024955,-3.5028603166064367,-2.372266423749853,-2.055310039170503,-0.8362775466290358,-1.2832828436318986,-1.8487071110801228,2.724783498379578,-2.3559556917382345,1.323241106863151,0.03063713959297143,2.0498649351836993,-0.390022366132685,-0.3850382805341476,0.7932675341323345,0.8902387568681274,0.8904762848871817,0.9969059759661046,1.4018060055513841,0.9404090078966773,0.8629741597885541,0.43005820964146524,0.9052396916068752,0.7031155728728483,0.32697327836928614,1.1952007800017963,1.0763097278125209,0.6337958756132922,0.23744960297597262,0.2647415975639631,-2.613991751633143,-2.3638362865307463,-9.809946357023884,-10.868027861019488
-3.837791140132679,-2.8372624143370264,-2.0826557867063333,-1.4204209989428378,-1.307954202978066,1.4911366522429252,-1.1020607073987219,-0.6466586219907655,1.604503186466553,1.8863689197438152,3.288892587477613,2.6149200924283558,0.5049249300382502,2.335440764276067,1.4588101807377958,2.6259856045267895,1.3208327949646506,0.5770397126755505,1.4364242183270384,0.8030666991316937,0.474889918641947,0.3175794904126269,0.5385440782564217,0.7115797218064259,1.09426075144834,0.4538855802861304,0.8576183365769201,0.6614856720361585,0.20304806701633443,-0.5669789139375855,-1.6489428556954497,-2.6570982472581464,-3.9700357983114634,-11.096800876565332
-3.436779574002878,-2.5497785114869247,-1.8994257740819287,-1.255869681406836,-1.310245619290164,-0.12446446179541168,-1.416520480155342,0.41526641197005915,0.5562811839779417,-1.5766726962529802,-0.7032071613209556,-1.1154613504691928,2.137643490765133,1.1583398588997804,0.9074459453961573,2.500732568301293,0.8566407477045157,1.1919936324248737,1.2393557675176532,1.317054197665287,1.1125656335710419,0.8699692762467129,0.5515039321025332,0.5008730914052422,1.4037904383892006,0.9689854492083183,1.2158572782943478,0.9141182523690135,0.5391309583285203,-1.963124916921063,-1.8347842824849718,-3.891693776249903,-6.5094678537764885,-8.093093249698308
-3.2480450162561327,-2.486336470345576,-1.8868364700297278,-0.9998952695583792,-1.3362717028228621,0.7796904764266007,1.1551820957041903,-0.443093304294679,1.5606425035661775,-0.3473033785584208,1.4458175583503456,-1.7506516377635517,1.0895237018848722,1.6301437391534968,0.7171422649209588,2.4683963413770877,1.7401152326501244,0.9654491746474717,1.3730866938189803,1.5374227402390723,1.3451719906290418,1.6685096445542802,1.3031540980370775,1.109373889484384,1.4943069064822552,1.7015188990995802,1.7887523412772661,0.9209211714313104,0.6050994289954705,-0.7727812962383719,-1.503497555098865,-1.9375786084764328,-7.046959445320732,-7.017229527164142
-2.720282750407451,-2.1734702631633063,-1.683962432047174,-1.486046185192785,-0.4683919833073262,0.07008908971206206,-1.6593098918354336,1.5869453477914404,2.9873591515450744,2.320996419884215,1.2725709799380531,0.5389248262688984,1.2981246798513193,1.8310894166671692,1.65432245386988,2.2436722782324066,1.3698451479318074,1.17503586350695,1.772709706894508,1.9127188193816602,2.168313542652624,2.981343184739876,1.080137377194457,1.6923786342017801,1.4953049852956104,1.7657815488104731,2.4984696913839723,0.8686858653028579,-0.025109271757467543,-0.5903875258180108,-2.739124135154582,-7.722392676180346,-7.73149314243304,-7.104075256695332
