script/wind50m.json
{"header": {"parameterCategory": 2, "parameterNumber": 2, "lo1": 3.000054539987559, "la1": 64.9999836372058, "dx": 0.5, "dy": 0.25, "nx": 34, "ny": 52, "refTime": "2026-01-24T21:00:00.000Z"}, "data":
[rows 0 to 23 of 52, columns 0 to 33 of 34]
-8.093672574135056,-7.799289636159262,-7.722896152820422,-7.693597018899742,-7.715966404529289,-7.716287956860222,-7.697892605022384,-7.5868555979414865,-7.3812566147087235,-7.642421248217354,-7.088367557141783,-6.645563589307515,-6.399355703528746,-6.515305947888661,-6.917139838523022,-5.516521583443277,-3.8510570314324513,-4.134920266463921,-5.007811499878064,-3.9952937502310704,-2.8651998907233294,-0.9563891814269134,-4.829561819840492,-2.6291239992347393,-0.46330784065361535,1.2279936987821949,0.21355972023952496,2.2342965918338837,2.133544517456624,1.466922747578158,2.03523472510663,1.793180116814627,2.9213169431773345,4.402955288395646
-7.929981600986612,-7.5610560344238005,-7.468468259789684,-7.428937517230068,-7.298062332861737,-7.4053171778168805,-7.352843204614392,-6.83844596155699,-6.062016017035013,-5.019722159938699,-4.631441308052564,-4.127096030551533,-3.4719323978836836,-3.0267686417945887,-4.923008447510923,-4.9984025375688015,-6.20449586144131,-4.4123879532503105,-8.95695523798171,-5.644419817591549,-7.434014355887132,-5.155658112602119,-1.6806829359167688,-3.3803743209368773,-0.45272374743343746,-0.5642639641717254,0.54285941525066,-1.7535350328071158,1.4425955849205925,4.285786174534889,2.2016352790937423,2.632058150197004,1.103604854923904,5.017769121004942
-7.672297742720884,-7.4940101854096595,-7.332987570886206,-7.11239875958276,-6.768728907071587,-6.832084969937989,-5.978548307154954,-4.8628011558472295,-4.683083161179503,-4.923203742229334,-4.379120311236863,-2.972753039900645,-2.7336290668418743,-2.5168046456513977,-3.0729571575119508,-4.5015676672249505,-6.475857695033595,-6.627393199501102,-5.491679658367001,-5.923545539535564,-6.796000903900794,-3.3388344428770558,-5.352890740796953,-2.076482612556128,-1.520576163333241,-1.650639230982818,-1.225019572664707,1.0517465027758346,0.5830978254207823,2.5548795083863287,3.827154557879327,2.906560666927168,3.0157681189847483,3.117486352957202
-7.348535803912406,-7.316667426315286,-7.29048873528811,-6.35740361160268,-5.681791713979154,-4.741311463679559,-4.458067660909052,-6.609985486156833,-7.567746439240884,-8.314210799527647,-6.887291554885485,-5.192135877407282,-5.415030506261528,-2.9944651978541508,-2.3934725828301042,-4.6717807714180415,-4.005074160273006,-5.2160107346346605,-5.22790958382199,-2.1224232693396514,-3.6428223718508113,-6.183797541403625,-4.241974296331449,-0.6343583867564231,-3.5572646291780163,-3.380267221363989,-0.08838086276331095,-0.3960236650296228,-0.475416133481089,1.1194655739321224,0.012422731392183216,2.605833323660031,3.518499734633419,1.930050199085699
-8.473682240532575,-8.875887220003571,-7.056794593604518,-5.277368386480397,-4.124264130752847,-3.7018100857241825,-2.4155902761443,-1.4158178529561818,-4.307057739282111,-6.097167560738371,-6.032621899501609,-6.501886737279638,-5.479609156402345,-4.544943784025731,-5.630633888824988,-6.941572800115129,-3.749781007503687,-4.59059257677655,-2.7662280398336505,-2.19560356576009,0.11915520388927298,-0.6173939720458613,-1.5966583625729067,-0.9631564990455935,-0.582646095768982,-1.5177841860443044,-1.8698052630965665,-2.3289528739105,1.1421732266119848,-0.10769448332612443,0.757500137134581,2.000091862165893,2.280109041222701,2.6928645336053485
2.7008467222653847,2.6635846433971127,-5.657658617713352,-5.3541277649572,-4.086616437831244,-3.3998331213113393,-1.8277975393995651,0.5774471897424711,2.5865185511432216,3.5043744407561745,-0.8693432081760845,-4.560978002278961,-5.296791171179861,-6.7827231341784895,-4.150875382647134,-4.220824373515487,-1.1590721833933921,-4.384726036817503,-2.5193301428134833,-3.4211349411461613,-3.067135369866297,-4.9732490650686865,-0.5302963845885756,-2.2142740141284087,-3.229244898685673,-1.4768790457251817,-2.3268449443934482,-1.6524631631262001,-1.4165675177851529,0.029101366863920647,0.8187168338517049,-0.2532469809698197,-0.5240641327444392,0.2793606843299318
2.993832705800892,2.4506496995071334,1.6076366296058704,1.9812974936889909,-1.238921620052747,-4.82588661173374,-3.0487493473466456,-2.798548079614082,-1.6761520804477623,1.6145806763350676,-2.274987764897738,-1.600760320736246,-2.450238408471109,-4.399240415976755,-3.327845784389603,-3.0736766046973663,-2.6995852793115644,-3.630615220833197,-0.9010025576193438,-1.1319871680486209,-0.6387145905958413,-1.1856912838662856,-3.4899204660802368,-1.622350846226476,0.05862950705838835,-1.2212411294554437,1.5577518582794614,-1.74457945289417,-0.701447279913561,1.162602735595401,0.7816490304739978,0.13667674120898474,0.08073475805793695,0.04457545425607482
2.299857227834281,1.6799680633710252,1.5094853563515875,1.5059987320053094,1.571149864070327,1.8777035324802187,2.307443458244664,3.4689982593992195,0.9995938666561943,-1.7694089210069774,-1.4995098244263532,-1.6961831277386588,0.5140924488719965,-0.011263898986148343,-1.9842369821879644,-1.6167820531350754,-1.1886901698554495,0.015448423589564764,3.722846360585114,-1.488287258578381,0.23529310772154544,2.35006752309525,-2.408675154257597,-0.8878164933044257,-0.23370716855891835,-1.1924280918703327,-1.0732268308898412,2.4555770145830738,0.6162287836048539,0.6759264989687304,3.3947980075754467,0.7138886864672521,1.6175519061938513,3.498950885833659
0.831366497152645,-0.9352355133019689,1.0479660547891885,1.6188786048043953,0.6506971082847666,0.6568999252524685,0.9897152289632823,-0.6593136482142095,0.18802184162366747,0.10692764942410853,-2.722666679524042,-2.340959104514009,-1.9821003929875605,-2.155643911213308,-0.2908903306597362,-3.209907567952191,-6.841584594848098,6.741456934695156,-2.5732790269848604,-6.231772292548712,10.510216464597077,4.481359279968276,3.5085299459636596,-0.8034290788023882,-0.3467291251518598,-0.3526079937807137,0.5305607121859294,0.30296661293424704,0.8857317954742439,3.3627553194288735,1.8536084306592502,2.5859648742220966,4.2651159210912795,3.234840796229833
-0.5131082892955812,-1.7211792960447476,-1.368626538089849,0.2827804252227738,0.02707447106198584,-1.6690305219245336,-0.6746980959569807,-0.68705216947124,-5.148647301581248,-1.3258451588527114,-0.9630417703858866,-0.22056806741461726,-1.4462371562894647,3.6120723105433443,-6.389702573256154,-0.7197271583585956,2.7929495793277117,-4.492693624801593,-0.9583490033774813,-0.3777961238085149,2.8762511143169545,0.9945911523139825,4.0700847092453145,1.2684606059092163,-0.40215350270074474,0.11356184564339626,0.8678050068209717,1.5971246280514777,1.8512978668124191,2.5043983837916763,1.7028988398569727,4.45057109806309,2.815135399346597,2.558200814952431
-1.0631316124907253,-2.5046921607551624,-2.2256146239712615,-1.7898149975477347,-0.5494239250543053,0.6729046680164644,-0.7700635405218638,-1.2642016967063994,-0.3359196643681895,1.09737886524779,0.545539149910319,-4.812471254621096,1.3655216270904378,10.553044208883321,7.367706947698991,-4.927581316672498,2.483345042003495,-2.650391663047532,-1.4713184463742974,0.3138178320062651,2.30400124086983,-0.5661927787478226,4.391793323133625,-1.261727086132107,-0.4286970399383452,-0.024990237560478867,-0.9395596490238209,0.45213869261612555,2.5344805818342198,1.0279105127292159,2.8391432725969454,3.375455992055508,2.3712562193223623,2.573942471682788
-1.0884771724505398,-0.21373330980413663,-1.933339687389852,-2.41939619807511,0.23532335089333803,-1.6367842489190245,-0.3243541014864043,-1.2026627679100277,0.5299824505603714,-4.438794297262415,-1.8547813164841784,-3.304300751810268,-3.070512205917573,3.6085785723494324,7.156439233625988,0.3097108780418567,-2.1391155921921334,2.700608938075469,0.16007968423413715,-0.6795171956230942,1.9024540156245477,2.4359394595618173,-0.9589760491569782,1.2187527167465044,-0.5976560248854147,-2.6051757893958523,-0.2587707112626547,1.9066526364629677,3.697486194608376,1.3619263529780812,2.8554670441904837,2.4595538311886167,1.5627177025038272,1.985536977293568
-2.2616297586321674,-0.856624496182098,0.590827012208563,1.4698541839387675,0.046044532438351486,0.6510629311276007,-0.3445189900342466,-0.39287933902204625,-1.3217655861384334,-4.65735513903322,-5.240358672769696,-4.242757048491269,0.8082994437438559,0.6594395088854831,-2.706581132916287,6.0907245562415095,-0.5654042845991211,0.48719822482595077,-1.0728542990016108,-0.5022608896401397,0.7874189465415941,1.2706272730780803,1.487518310428148,-0.10256166363633619,-0.56205603295361,-1.628775088552952,-0.7472853662202864,0.5451531598900861,2.3112580242435206,1.3216159294659349,1.1641224510343637,0.3607365676029798,0.8912116474476304,0.8071300433117563
-3.4106309728960174,-2.3375533010561904,-1.524031246975658,-0.651336145125785,-0.3173285815249581,1.1030307359597538,1.8084845062575592,-1.266371281757102,-2.043842560808724,0.18677181582446062,-0.8253579473853816,2.310325335213303,-4.483212251634674,-2.795246961544127,0.5472439968692252,-1.80012173825287,0.7910121997237317,1.146395721306701,0.8952909684147108,-0.09012921622258967,-1.4315974158464881,0.7290786400799264,0.8405592096498615,-0.13735581003020253,-1.9420738596297797,-0.1919009182776999,0.39383517733753265,0.7527902445893919,1.1986117154372191,1.9924443507483294,3.5913134317931292,-0.22400344975470987,0.4936007559356305,0.2323496449919456
-2.8388861057458,-2.4422030918626256,-2.0041045811147664,-1.7570262287961051,-1.82131590118335,-3.4488193889374994,-0.016410517406815945,-5.190535144832251,-0.9432577405153343,-1.6889067850562123,-3.728411259957373,0.5508907314149617,1.4975678877739418,1.0543106381287783,-1.4310119286982141,2.002787325283177,2.0355063277889793,-1.2405297557387531,-0.5265486380309066,-1.3923960606725625,0.03755741548236357,-1.4189693104259713,0.11978442036970381,-0.6423369979092621,-0.8945072104018053,-2.5073966429946615,-1.3578745655984357,-0.4905176063156435,2.2104970880673194,3.5938856155154233,4.011587965778755,-1.3123425178598251,0.00022939549336093736,-0.5676604924632945
-3.0204705568691605,-3.1901605212697737,-3.341886443637392,-1.922668675694071,-4.276441536236531,-2.117169034518583,-5.89915423804566,2.2462481362008866,-1.1521068254821596,-3.713838354044731,-6.326464878795881,-1.9787804120879333,-0.9492669075205841,3.262596237484308,1.0082440452359516,0.055185543591790676,0.7186000920815702,-2.003609168066223,-2.6448284430044136,-1.5360992526305335,-0.5880914478392748,-2.164294159820646,-1.3775750081633509,-1.0389298412565766,-1.9763820841663244,-2.2898597228647493,-1.8302539885410816,-1.1152874249348872,2.022416099246918,2.6653579559212752,1.677180016220321,-1.9492664088763965,-1.0553640678175285,-0.9432366705640034
-1.0859136741869764,-2.0045593487366284,-3.6314253038065383,-3.060599366538321,-4.467391931867193,-3.8790239779920093,-5.548928887798256,-4.6220232909765535,0.21453731059192277,-5.606660576185873,-5.147578379779424,3.6099022751101577,-0.04995158883872439,0.7955150640016473,1.5953848854931396,0.15449144461678502,-1.7432417615777096,-0.5471903405591071,-1.7713417825435755,-1.1982732310598534,-2.345895915782991,-1.8654677684604262,-3.1095686744134885,-2.1024371316412096,-3.177378847463743,-2.4816241036089584,-1.6610908647744893,0.4988911679793451,0.35291381070510824,-0.29140348434958635,1.7786148006508036,-2.1335682036242556,-1.8267626312530187,-1.466331498916797
-1.8063964905360297,-0.608443957093921,-4.217131625641904,-4.56249774667947,-3.4041924092349496,-0.3364569184300409,-5.316852228041081,-0.22453792376176063,-7.167093102358999,-2.714309207501089,1.1378925460937415,-0.43219208887398985,-0.20037769625093022,0.4877815955686785,-0.10685182339467197,-0.48416761950374965,-0.24563941976739484,-1.9276229140091716,-3.377959643408498,-4.12493786342777,-3.2101771255590608,-0.7045318642974164,-2.944753664613898,-1.6657831808651054,-2.286134938646224,-2.791571504504465,-2.73902994011545,-1.2798561860593183,-1.455916364964549,-1.7419277839931488,-0.3787217976999869,-1.6832281649365326,-2.6081045184694402,-1.856721073412922
-3.897357141773981,-2.5011247354649124,-0.4265312598637435,-1.187547388973177,-5.305338322380193,-1.8061486918703127,-4.390157036202199,-2.7289409772933415,-11.660174094214472,-3.704515303600394,-1.4897295751657833,0.1816008469489997,-2.8616155171804794,0.5152386430950798,1.893182964162123,-3.4523930010063273,-1.1963177985576892,-1.9094927581731822,1.0134679614121331,-2.487970060451306,-1.9404060591861407,-3.499453323437936,-3.229047869487136,-2.4979769011406003,-2.815318202377528,-2.707893888949822,-3.5855594609847317,-1.5070718136118106,-1.934399001199962,-2.149167573637439,-1.4606603702339718,0.11047344217093903,-4.118388601649309,-2.6698487262797355
-5.626632812510773,-4.061461440848647,-3.5466260143061628,-2.633424070656994,-1.2010547111565972,-3.1263064577903306,1.2637917852392795,-1.3088749632082544,-8.05100576142776,-5.507045419851159,-3.907251766917682,-3.607048644850306,-1.3531215409696349,-1.3137418209797094,-0.9248797181016707,-3.6945672341206053,-1.2482145162470641,-2.967116463150199,0.39537700176111157,-2.78375983041555,-1.6971663784895392,-2.077203734824367,-2.679547142395305,-1.5677940668606698,-2.643496767703408,-2.3503011102858427,-1.6523916362100233,-2.3802321947215326,-2.718177847222255,-3.0896946488297656,-2.7119769747058364,-1.734231417041055,-3.9661468978462917,-3.814208844731573
-8.269760819533559,-8.007659235748624,-5.925992910542056,-4.049642486744855,-3.5355052442666643,-4.230868110088906,-0.15332594622684134,-0.5841547485355317,-10.365379152165223,-3.475863095144046,-6.439158425522212,-2.7236003572269283,-1.9879001796131914,0.3981371295021187,-1.6072111708649024,-2.2946536943894924,-1.4250733342062476,-2.900203660248168,-2.7388583806076614,-2.695200645176409,-2.233855408299356,-1.9094698170350324,-2.587312729252752,-2.748680317429206,-2.284221892758929,-2.914988565191163,-1.995459120970505,-1.532501930210779,-2.732234231391642,-3.056331631085411,-2.781369804321239,-3.484196843900355,-4.292450726448442,-4.537997353031949
-9.648718260589378,-9.720981466168896,-9.182150559883471,-8.035617613377843,-6.118151715274367,-4.5745572608764276,-5.82731281377745,-6.37600802484949,-9.282746392419279,-1.4869188366290054,-1.0628722880058281,-2.7468955288725345,1.0467983730221617,1.4584375251192214,1.3522946058178515,0.08263678924874314,-2.619391462236214,-3.5443698796510565,-3.7210711386460247,-2.917994175879952,-3.7430911921290906,-2.498570537376931,-2.4993182475411997,-2.6264648455458737,-3.1357125501695653,-2.875322755031186,-2.4382282964885675,-3.388916270415751,-3.6145033829037074,-4.513992039989308,-4.386053023317702,-2.923853691818142,-3.175578322084721,-5.193301206024726
-11.406425133765438,-10.86560910899547,-10.20868064089316,-10.139132356948645,-8.858442173292097,-6.942535485364945,-6.963012576797408,-5.7848118229008545,-6.226683829754351,-13.075943552743423,0.8673017945319894,-4.641301446321034,-0.04271840402836645,-2.2572202499090865,-2.0759313603706153,-3.9150735812995667,-3.4668249489747804,-3.1374178376409674,-3.122681146231536,-4.094856583076794,-3.658623492667289,-2.851355493034954,-3.275235397794156,-3.0752435836298053,-3.4675598473972395,-3.9198648986062583,-3.8050581416354863,-4.611687007133455,-4.641603763015566,-4.686826988598747,-4.086934832747243,-3.5191075961152007,-5.797058185842731,-5.021872114219398
-12.380395193338826,-12.618586161050583,-11.62222444353783,-10.239477636985361,-7.164748578697201,-8.056256733242188,-6.604966478295277,-16.062522979727436,-11.998586060304135,-6.77073194557258,-0.5112856308270418,0.78659799200351,-0.4707527379467598,-2.3789988844883028,-2.775473485012969,-4.731561180787113,-3.291737271390896,-3.943148023517842,-3.9291173933497534,-3.6054061468651906,-3.7330766882939868,-5.410425405710035,-3.6240018875000457,-3.5778421431799705,-4.006867059409748,-3.8865060904746365,-4.575963691725284,-2.663038625344101,-3.3438832753230114,-3.925428578163544,-4.177531238071339,-4.043639767345649,-5.752253792443835,-5.420548002758259
