script/wind10m.json
{"header": {"parameterCategory": 2, "parameterNumber": 3, "lo1": 3.000054539987559, "la1": 64.9999836372058, "dx": 0.5, "dy": 0.25, "nx": 34, "ny": 52, "refTime": "2025-09-20T12:00:00.000Z"}, "data":
[rows 25 to 49 of 52, columns 0 to 33 of 34]
-0.38134989656449186,1.896175372099452,6.304605105100575,3.885266320451788,0.967140314890405,-0.025703861643350798,-0.6495722246551205,-0.30343596836329484,0.11064331462284038,0.2605872211406457,3.0403962204722483,0.8723672002199542,1.903354615821937,7.352468895024015,7.615698274081384,7.098632685914262,8.494542717656323,2.3194048511533536,2.770532346871958,2.8913650876932815,4.210004419809064,5.178161151397101,2.2759254980154804,1.8610738713420103,2.814817548863187,1.8791973200154546,1.4506658110663406,1.2611899639413613,1.2781322130057462,3.1371842811016304,8.085609408239813,7.211546700885493,6.514334898480054,5.917589338453764
-1.5058823763836235,1.157991865899925,4.147459341828635,2.9377807898735013,0.17596076745318526,-2.607265635025473,-0.9194538740025362,-1.0482596934096615,-0.4511820990513516,3.051091415189961,2.969289799834069,2.5569816388182924,7.04198852287437,7.634320182666473,6.827083533023602,6.566161343004928,7.9009380433269145,2.5356019787789865,2.3071316724717668,4.272638765644329,3.7526439088109,3.4053195380192474,3.1950956370463186,3.7252062643569084,3.274588427644863,1.782047925464793,1.8570538247925248,2.0961466360875205,3.104872039896037,8.428769594401183,8.414011293909892,7.871528191988418,6.928329347650917,4.846594499503272
-2.341564657428046,-0.1686787425450658,2.0880769450625576,0.20926914791774792,-2.645369326806634,-3.723044408133821,-4.362142220880626,-1.8881617451589563,2.8337468979241227,2.3279930184126973,2.596439673973037,6.520066263390212,7.433683929567527,6.478952879887152,3.766567397403586,6.336826784349868,7.608722056686528,3.172815828201366,2.486409413104262,2.3249724009043824,4.410050964609311,2.76446958266975,2.697756918907728,6.187170926627279,1.752230565325442,1.6672327760433312,1.5316400212580266,1.3496589746995777,3.0087216078300476,9.07801500372637,8.735476564021013,7.930842310988151,6.817600829408399,4.799218405290792
-1.4445785935128344,-0.16394103503335417,0.48284389292122826,-2.5781463315436026,-4.550278089727407,-4.006394723123758,-4.750824911762832,5.659324911721579,4.032579158713937,2.4841745339975354,5.586516393161686,7.101240484830012,6.73399195725575,8.184893906860063,5.065099933541069,7.563910707051042,6.041877895935806,5.964979245106414,2.575499888232455,2.4522017154356943,2.677914494482214,2.793545865956303,2.0761502930537707,2.105684156162537,1.5723851490128746,1.1352412779196526,1.1446920792818904,1.3070591238562208,8.08809063383479,7.365131328537215,7.359302290056983,6.3268275224927955,3.4030643060520367,7.08855364866004
-1.5828882294101165,1.073684186689737,-1.072456706805315,-4.360605822197316,-5.4981051724345615,-4.498663622658687,-4.4121286436660885,5.180217680003153,5.7334210636747915,5.451816763902831,5.89265847120273,8.000404369965501,8.024588230472425,5.696725688706253,2.5782046511818657,5.376772248095738,5.198540879888847,5.8781326357234835,3.3872128802729953,2.8638692956863157,2.727691683912447,2.6999737187585597,2.2788312008686176,1.9547008310252596,1.7067688516521768,1.3867564062494386,1.1884542130796947,1.2894617287924517,8.330535547645546,7.488919116515627,7.433300140063511,3.2359283331890696,3.558946844336164,7.568364049386432
-2.9356534578500866,-1.376394549935281,-2.9160850425758573,-5.428011056909894,-6.750003096971186,-5.378541099048207,3.586127465671499,5.401274884645343,4.672224729177725,3.8376758384194742,7.6275248301638,6.4225324787337605,7.064470882368276,2.8407847225396345,3.354839448921109,4.1431579382802095,4.3209324495911465,5.6536608743303844,2.980339586377064,2.6611143856869273,2.201755585874712,2.2528403936786776,2.30171100433014,2.3337638213571807,2.0882712832132224,2.015270172215547,1.7158492870264503,1.6596111247787075,8.440792026412927,7.098330438981054,7.255026159914034,2.73394504661706,7.825179309991421,7.793640543930359
-0.6962827708454205,-3.6779211402390253,-5.49072921837584,-7.0820600553953,-5.888626480322289,1.8298994782805784,4.300077788752925,4.74306175961519,3.4758585886828737,6.474505906127838,7.353712081386686,4.344591604795625,2.0387970911962934,3.3655132393143097,3.3559590207081516,3.4780090773251455,3.59914640131306,6.492001334969935,7.245895488306311,2.9311382256038834,2.4430542759263565,2.273254860233111,2.4086328819261587,2.0560705084459787,2.3810595144417963,1.7810549351156695,1.6378537297255364,3.271132869458332,2.5913226638013027,7.2708467672212915,7.255921462778648,3.2482531721604424,7.548795549234335,6.786030501601281
-2.6646369220790405,-3.6902653398670457,-7.179799550603611,-8.09027606861623,-0.9356792113242848,1.6419278893677416,3.778796247485302,3.889770515337217,4.769334665813724,6.428832991891083,7.8004960914476,3.1231443330360467,4.492340793922581,4.15352747726338,3.476074512417994,6.5599754130642225,8.922887588481755,8.273654475451796,6.932730726902473,3.073116361352514,2.528563040167849,2.584953549771498,2.8369767138183932,2.136498933991258,2.0082788879203823,1.8441351820471998,2.059261142797624,5.515197101135849,7.221836898000353,7.310854333330869,7.016329324047117,6.310417298763757,5.820565673855125,6.142613267776042
-3.9935377316526646,-5.538193864421162,-7.169909275880249,-7.624545895286482,0.3447614562392269,2.166781378515944,3.7218372494864345,4.0937621811988665,5.196181939132816,6.207956538320763,8.033823294516427,6.189087826905456,4.292388573943422,4.0698560388814995,4.054364610745609,4.610344346290406,10.786394885481773,9.291521301383012,7.648415673831885,5.977772758415473,2.8370111544650443,2.735703176765345,2.718448836662201,2.1953548293019263,2.0614512132465106,1.620565456488608,1.6948566311052167,5.347636104710026,6.885375172306485,6.842832725349386,6.137907776817045,5.70992386108871,6.093667919430639,5.978344110761646
-4.912254760618768,-6.55567972061509,-7.31190906128888,-6.6150747181007095,1.4434291844794829,3.0767441556849775,4.283377375090237,4.672577706983216,6.31602936439691,6.484490114387768,8.011637786948555,5.094283456989264,4.216288708772122,4.0664350695459754,3.541834729524145,6.117937906150122,9.341509689035899,8.12996427769848,7.883135103457605,6.5794174909854775,2.4465621462177203,2.074001560820416,2.154116191025412,2.017190088672836,1.953082031560098,2.122462327428848,1.8204073887360637,3.405076777210258,5.911986637413843,5.801953298141942,5.931458595248404,5.8168673780248525,5.642901934513021,6.1477938812969635
-7.14365318000061,-6.8755489920433,-6.443341522867831,-3.8294408557947883,2.160611108946787,4.397470129147342,4.649467619395593,5.543492801934931,6.4871948074373655,7.138106710302987,8.443946806469615,4.64968498241529,5.603991289894405,4.2463589328385885,5.1791056933991415,6.6532888028681905,8.768701532906977,6.884917786713182,7.486584259664725,5.458929643919536,3.222946066397715,1.328169229460651,1.4299322215824426,1.4868544289424164,1.566776467492252,1.7837765918966186,1.7469013232511332,4.214754795256694,5.1069785712398295,5.023695915681352,5.700976056105328,6.135558550020502,6.5521388142418875,6.909953816055532
-5.591883512858312,-6.383609589122932,-5.451344479027342,1.6154656997566892,3.133900892113404,4.157986313064213,5.200204146261318,6.158485252409545,6.581554916173193,6.858508103237105,7.698692460614301,4.931803491334374,4.651273928485259,3.858555978414251,5.930464602230582,7.838392184508473,9.556467228192732,7.415397253393548,4.606454798131828,2.8380413674608853,2.702112729050037,2.0765227930992953,1.7472043641449004,3.761962724077261,4.623048980306215,3.7565352374502976,3.1911086875577492,4.259307668935185,4.7011229361498055,4.878784484210262,5.01621561623301,5.6835931044600505,6.212162495353452,6.743193448865847
-6.119498240043388,-5.162015204159241,-2.939884319305021,3.5563758780323522,4.3603910887591075,5.230684010458844,6.530391893569423,7.234207520414941,7.139881670874342,7.146411403357601,7.666339751254997,5.189012456752374,5.209812290749132,4.108726629895478,5.644060594940592,6.033918345213111,8.973159192686964,5.346777683287729,3.9745386309645814,3.822283057913447,4.253618371982344,2.576800612095388,1.4297947487435525,5.259476359601582,5.862419040233685,4.315409547903632,4.6860546551671565,4.971727209743973,4.425925068760135,5.031023099590114,5.198170060643078,5.679137680079734,6.637763009394458,7.554415041538783
-5.267764903847195,-4.713504578485938,4.257791722163519,5.19125126117669,5.574601197952622,5.315451723077513,6.226094971363895,7.289375420678518,6.622282055664955,7.64724415317936,8.013979214398663,5.5264055192238075,5.065044959389214,3.944373628742903,4.632884582046646,4.991212361718989,8.766428166918102,4.509468109573814,3.8176325109156095,6.682029594740995,3.9287018261675106,2.2635339954755995,2.9722448790625133,6.021421583112427,4.448624030891286,3.3215590912673933,5.442150506170039,5.085469377416466,5.347219591416116,5.273262632106903,4.52526075984512,5.264723113112461,6.516461217316534,7.712366437068401
1.7965296101197799,5.372613393268849,5.2645406398793,6.435398648856509,5.957108973778539,5.655456784608489,6.852638431276474,6.437042116574315,7.934526552198396,7.979214172491197,7.6288053624426615,7.101422569366359,4.37929899030924,3.6829466476631714,4.727781608895153,5.395912168272651,6.763247040770665,3.7510024887928313,3.6291331222516705,7.428300799893883,6.316918768065113,4.795172263038048,3.708827605310446,4.463151406376942,1.5139309352408914,6.444621235102225,5.285940109106457,5.650996464500215,5.302861494533733,4.569773286735139,4.038991473042544,4.996524321482762,7.948032560122723,7.421703754803891
5.578614830280281,6.215889074864408,6.41793186796113,6.772950257250034,6.351234638087031,7.600100603642058,7.300614888177272,7.884747423397422,7.610684869946005,7.230224434291173,6.292912915249531,6.513512666016266,4.046044660206643,4.392923968059852,4.0131028596001395,3.481003568920179,8.553046465384245,5.094469956533895,3.782553450267975,5.148160999863082,4.981558580057794,4.586574179648638,3.810914255327502,4.102380512842844,2.6815737508916504,4.70128948863513,5.522424352066487,5.219240378016047,4.865904659954997,3.0346607126290692,1.155809180971281,5.551734611689256,8.709800686940538,6.466389619856129
6.441789153694337,6.083817281628741,6.741534699775831,5.526546693423851,7.489954408296425,7.699463281058112,7.51863553369481,7.252960264977048,7.07032481520077,6.452097624127359,7.065371967391389,5.836944925114969,3.29783369067016,3.9692472323870196,4.167537395666739,7.817946040189109,5.20752158448874,5.4156530990235465,3.610187385133639,4.905254877228253,4.371926799783256,2.724269485358742,4.2606310332027775,4.291233266393976,5.009395964565754,5.9504405120133415,5.405138574304959,5.408823743614605,2.9686499558620305,2.740585679503091,2.914498900778171,3.6839508160968952,8.655398627243997,9.027069826607907
6.415791122977214,6.684331352371545,6.296326838382273,5.73646012254196,7.27312336317461,7.127343668912025,7.469754683459464,7.0618622883493885,6.808387103392222,6.661032079210549,7.008668864814489,7.0239906421987115,2.675675648038072,3.3847935514905902,6.140902692792521,5.152932193096162,4.531208681195967,5.604648303722389,4.712817261450461,2.4764183730439355,1.7373457375622086,1.9156662027925595,3.553289085688491,4.322472396102952,5.248563829856311,4.886491391855735,4.129378331607871,3.0513533866285734,2.4069269205557142,3.4472593159312184,2.9065653489342496,3.107951113641367,8.753646440987417,7.538009081608342
7.672802890099721,6.971366700626708,5.426870914556958,5.8290345604856,6.941034368128414,6.7929533698559,7.265647550122186,6.546508536430884,7.730687540086406,6.392261926556913,6.388283805613449,5.3942050425003805,3.893262056060973,3.197706758242684,4.483808672089422,4.34833634421597,4.093668049494804,6.003462981138939,3.9850884377481166,3.1307213619734995,2.1828292842921453,1.9773671641239918,3.165924640934211,4.841115436211644,4.254265152319105,3.3797171208224275,2.8973321660670086,2.296215937836592,2.0280765025567873,2.2469255565159543,3.0829050011437107,3.768798980100199,5.795014965026862,4.881363861433173
8.110039186792502,6.6210690618507915,5.580253862664487,6.874794843327961,5.692355809458261,6.2903681211835645,5.595705606359025,7.841802396981747,7.569801151618647,5.944308678744912,4.8265273692769215,8.871224225890918,4.308231231037763,3.0952186827601356,3.039732556820888,3.871616789876307,4.320762306432808,4.65922286738201,3.3715021609726663,2.667127738798344,2.301840593612563,3.608889774281629,4.046702502686653,4.130109062862708,2.5291077868255005,3.2990333923958186,3.2097467110552427,2.026224770785635,2.8224736686526675,2.620648371241463,2.4809947563006856,3.7916585915376317,5.24571276554559,5.967850098662953
7.074196675847,5.983806044257723,5.666461677491336,4.869368823634206,4.662815284883417,6.758895874280691,3.3643925459715756,6.016114237612943,7.640924598652743,4.868141235948356,5.9365423592203905,5.894949194394275,2.6784336905099675,4.0591459917927875,3.168304469439667,3.800074630991014,4.035356070711297,3.8968973241588394,3.3154943970018853,2.488002473843842,3.1536291879573795,2.9900899533489658,2.9523596985316147,4.996231736059678,2.815190534344919,2.5917313293433564,3.1690740455906594,2.160992615471956,2.4009000123756277,3.3275847515973114,3.0944631490720798,3.1912075262974686,4.1998214979658055,3.3050446287674253
6.901623117951974,7.210054764377858,4.817379575628354,4.5603672587496735,6.027798566726974,5.974030846113643,5.984807653852907,6.369766103738299,7.072475988035129,4.499662752935783,4.279824807874951,3.1729633864826225,3.273109151700729,2.3316207723392433,3.2586712260518476,3.331494316619662,3.2952198060230367,2.9691671975476246,3.350675043721056,2.245509714599257,3.4916701271745354,3.3405356789878726,2.6762661364590574,2.24795153823645,3.4402866801739904,2.471731589986197,1.9243478964225742,2.1385909234476146,3.499133175212743,4.221144421578224,2.9619903433758905,2.95460622043068,4.64028974252036,4.672954474099074
6.973427513964439,6.837415528423897,6.388961711255579,6.072459925258977,5.262972177347693,6.0285856917562715,4.285384174953865,2.9281739894359005,5.030653373342338,3.2818311874320436,3.339485722283276,4.246177798186892,3.1976861798108716,3.436305151871444,2.946661840277169,2.6019802107580183,1.9460903595585697,2.120070738835325,2.837984297430359,1.97285132923419,2.3857312741551455,2.5206339953517687,3.6062012446774228,2.1626118192195567,3.056685600916464,1.9552761901896525,1.9124113795047986,3.168832810162214,3.460373109221903,3.1583343185303088,1.7846205812993767,5.152793663969881,4.1520586803716695,4.349252846801012
6.973521655622151,7.115661044579018,6.007897096465377,8.646008060824725,7.629361140448131,3.740210080187005,3.5481921460739754,3.9404930367096527,3.4120683973387433,2.961392752616048,2.968411961297345,3.9804148747672627,3.1901782981958196,3.6821153545641434,2.5907869828022365,2.2946198431888685,2.525368937838226,1.9185317630227388,2.6175904209368035,2.694277213830044,3.2536843834303486,2.1062205915479795,3.4931833617423313,2.3805892068370254,2.4853145937805334,1.9660672382371012,1.6449584660517151,1.8458161386224288,2.245796619809235,3.411650565262683,3.0201856834988794,3.678065096739782,4.2111570026478695,3.5688775851472188
7.042906269472737,7.171087443402584,5.2746413918881565,6.544977105279539,4.0407621979562744,5.249210164919917,2.263639345005079,2.846863794366555,2.8230050473018897,3.3654647458205913,4.465612598076146,3.4734876156726227,3.47543642736712,2.7578836334586483,2.353287094746037,2.362449608922296,1.793030488373417,2.446619648635348,3.5320683701043682,2.331951426956505,3.0351834554779478,1.8865972130926398,1.718907026248179,2.7575370745788654,2.127738755204425,1.8225511483332941,1.3330396154904889,1.8900161535534352,3.2501774596182575,4.011271629977148,3.9621980082080843,4.396969153240971,2.7259286947935384,3.802335212236009
