script/wind10m.json
{"header": {"parameterCategory": 2, "parameterNumber": 3, "lo1": 6.000027932988019, "la1": 58.9999434238085, "dx": 0.5, "dy": 0.25, "nx": 22, "ny": 24, "refTime": "2024-10-26T16:00:00.000Z"}, "data":
[rows 0 to 23 of 24, columns 0 to 21 of 22]
3.709315912761182,13.358674803725904,5.90676774750383,1.3884303997367662,2.2717447313156662,1.8305778764832956,1.3430805273423667,0.5794115737665435,0.32373494907096634,3.583766868663721,2.717715790260304,1.503910337212295,1.125598019166568,0.9044268605630826,2.374035081775313,2.940000016092025,1.6572767844461986,0.9885112224921236,1.2378056188173798,1.1812529825941644,1.441046633825007,1.0705031999947168
5.230833515458559,3.161794607759629,4.185760454249582,1.7909870373856804,2.0215275653850484,1.5992754889224379,0.20316457788702239,-1.0695772930798584,4.601227949041246,4.571087594364431,4.73612556585362,1.6582352262667572,1.0293182825212237,1.16620321721724,3.8765498774077636,3.3542628587701095,1.21819420740911,0.8737122060440984,0.4689736820625338,1.0215889802635796,1.2459059639175387,1.314496075853531
3.86890917969624,2.6609202463282378,1.1771543315672692,1.0830051166328503,0.9192853057644057,0.74775674151907,-0.476228694852005,4.7079428830101,4.463161030360941,5.111759292973475,6.237715895228377,1.7660289865093715,1.293671370905163,1.9443913287877446,1.5891657242687294,1.6526069312946927,0.916292390321942,1.424518123055152,1.190649592612011,0.49526538715774426,0.9076342443837899,1.4012806111567229
8.943224623777665,2.5230912140506283,2.392486246342296,1.0033722827167604,0.8395580394415286,4.198542022900615,3.6138108431257656,5.413566419735199,5.149949149763417,3.89567231959386,4.468773070336494,1.949098005499748,1.6604710562930944,1.2806491999469167,2.2665984709644453,1.2071703484045604,0.8517446383160462,1.2944925404747356,0.5857118024517396,1.127810155195031,0.9666754223122531,0.7127875166283862
11.278332833765743,8.716147189645616,3.618824643931621,2.740909569063011,4.050122355081586,4.524350637123529,4.556028517201239,3.81636677453992,3.854658245777251,4.7416090728416265,5.502751776331158,4.4824389879931905,1.7193506382820254,1.4209666166530548,1.524612113154173,1.6066202292970064,1.333915121974076,1.0746589786548837,1.5392516072141587,0.6977202864725064,1.1567290861713566,0.5492952191765778
11.082877478041597,10.08469968885201,8.026053017829488,7.04986298606741,6.540371681296284,4.5171648909251765,5.556822563566446,6.767521191464877,5.3963800898404655,4.4436434134100375,5.759014167690977,6.270677461079594,2.649976240214795,1.7522266082717244,1.9455727717817664,1.6330678672110972,1.287273425328767,1.7232381119598368,1.9157846544131727,1.6462136822397817,1.0941710658160315,1.1552958946653846
10.114181580198714,8.91014935532091,8.581809702691093,7.249832781534305,7.02478772741978,5.954870176934962,6.013371877785937,5.10396678285333,2.5955397254038033,4.600387921546908,5.395535640811492,5.1709180410247955,1.7224618693448004,1.7650090709444917,1.3248409659885536,1.196242990064234,1.2044006762186714,1.2445625287500162,1.309020412025577,1.1564025245673244,1.1254898197146552,0.9912003411281463
10.1135886065383,9.811070283178333,9.061870373633296,8.39541656001168,8.140034712036133,6.1660846656663875,4.163967190925241,2.9878707247626055,2.7089094461487724,3.651713969551243,2.6493553069400413,6.094343677272863,5.552791666526923,1.7621584847191423,1.5072820513935956,1.0351272638743776,1.2259854131925665,1.2947980367500758,0.9676480821152353,0.8945657911068043,1.2373769128865215,0.6443726725263154
9.980861699325953,9.820976280771951,10.246652845349713,9.383402674345371,6.800348940032309,2.806591913781943,4.153659711322328,3.502776115351076,2.57875531575419,5.253140675477903,6.068118433517913,5.965376830697424,5.789444890917754,2.100655228018614,1.3464439184854144,1.2584896338937854,1.4268720724143509,1.044811290980705,1.1216618599327794,1.2288965471704354,2.0620595782820166,1.562993817415816
10.622159784206527,10.475665017797963,10.361286641097633,9.482309033754923,5.885953604547241,3.6059097138325686,3.2728319804807926,3.0257235297159,2.961003105298848,5.254193089939267,5.830528015357428,4.029361330363986,4.500149372066,4.328817266532434,1.2109861901960974,1.2023157949097516,1.1143672368128237,0.8837252352900338,1.1575512426946477,1.1736651934953009,-0.7998242703347561,0.6476751499793024
10.950059056757961,10.976832722404366,10.090078554440865,8.837002991451698,6.449657327526346,3.801900387416415,2.169613389681641,3.02172405155485,3.844767895281469,2.312638884244657,6.511554496423891,4.2014113530944766,4.155370151476867,2.6981720354160816,0.8956929996501344,0.9982401846819108,1.1487994743878562,0.8188812413828618,0.8401150622304955,0.5820940265299603,0.17794238213990932,1.8668383594411695
10.655699073422582,10.416758821819574,9.881241342407106,8.24634661034695,5.511702557221544,2.8652527266752537,3.068949731330595,2.427335287221884,2.449510505795557,3.155412036639644,3.840436599876175,3.295332751072294,3.523876645629211,0.9990344384980687,1.3792283781778265,0.9466272090501584,0.9658894868334498,-0.7167810804490464,-1.2804810216596256,-0.11081840721329471,0.45336893287630214,2.248838968942038
10.647379754510442,10.62727237827361,9.399259777596995,7.634345187102021,4.446725693106913,2.3260005011571487,2.4154761565830314,2.014795540953784,2.42718766850579,3.8316252689955954,2.8179350545293134,3.0677713304577994,1.4426088170049207,1.6424283085280005,0.9402068080823157,0.5965381972317059,0.5982327469232226,1.2797548358571702,0.23022585311055266,1.0583598800356286,2.1720645376969316,2.5808834289867875
9.662091722472415,10.039308861277075,9.013356863548706,6.75801149234297,4.581304197096675,2.179729874001852,2.0103578818064602,1.5203685861721445,1.187122036844952,3.9686557829219096,2.530407537525735,1.5464487574878512,1.5133536488505626,2.097160038136672,2.1595199856942457,1.938783791035408,0.43210403508159956,2.125761276151963,1.7145076814706373,1.9928345860804986,2.3706498247339947,3.1866892922804357
8.747195652171287,9.536758784399822,8.825624814000117,6.47149001228581,4.054411718288931,1.948822552400217,2.2087313726297175,2.4398331853417528,2.0178259347257255,3.2182052751779646,2.779708871473951,1.3835562969080817,1.5487965057463937,3.2926701910549587,0.289157596663426,1.0327674283512291,1.0473571612469095,2.0555705490916827,2.2575206645446357,2.6837170831423047,2.13063664720618,2.309656906209769
8.277186359543656,8.329669942013055,8.309186219090615,6.014707564068503,3.312690189042049,1.5646808206252774,1.5906006993898394,2.4706048442026187,2.1086126870263437,1.9277262422339403,4.436662649199928,1.5033004619773895,1.6725287193134923,2.8804857597222875,1.23310194978687,0.9570021938912324,2.0481758250640674,2.948870677341753,1.2682869873162703,2.275969789643031,1.8149845629607155,1.722690910808885
7.966055982928954,7.589463672774505,7.56763411841773,5.332410201231574,3.2379919621126025,1.78596159162962,0.426889531066306,2.428800278235223,3.264566543170095,2.2787021140619745,1.7909952396076525,1.290043170263445,1.0947729841305343,0.808498288491948,0.06177746678971238,1.521818909003899,2.780788376209658,2.5774203585164264,0.9759992915868011,1.9999301018514701,2.094425649560936,0.8181055827805888
7.178366616750599,7.103568337486551,6.846960762062514,5.924210108218722,3.6854316213773464,1.7388983396395141,0.8794575054712139,0.918912467792748,2.98628708606006,2.32825233831901,1.4990911793569228,0.8356764134834183,0.0805495339750665,0.16252069420476717,0.670702446536624,2.059275267144833,2.1363256769875862,1.5993895015411377,1.166189487505645,1.1375308158435125,0.3968758100182825,0.3780248359333485
5.788627393939169,5.516044190461909,5.8790391688822865,6.490151148500717,4.647105226521933,2.7834975716425743,1.1889234253313672,0.9250667168942598,2.0348131966065504,2.765125137844914,0.9089782137420079,1.0030169040395496,-0.6680159772879934,-0.2727528171311282,0.5393176293397978,1.080982205864216,2.827317333932684,2.245098093967805,1.2681625036735418,0.16126753653032505,-0.9613506705565068,-0.18513154323777262
4.5422401699454555,3.841893186202161,4.575804118736884,5.390126601548677,3.9165511572968774,3.2283799017182946,1.2522372035218758,1.5081839352291617,2.521723614053272,2.1539636641179185,2.2775575367373575,2.3370778996264545,3.1985117013621545,1.6337580394965734,1.1049489702800868,0.8217177349110719,1.9378989364139876,1.3444064777954816,0.23856638026040275,0.04172254806782762,0.7978243354865917,0.6850378694393608
4.620995806939973,2.961987888143852,3.372601723063331,3.725372393873761,3.337323610097372,2.5241457028544745,1.9647007960315626,1.3317261367788646,1.8289739951812953,1.5498751133952389,2.2483522430496157,1.9113929579457225,0.44757907479179504,1.1794813611245123,1.1464284125181456,1.249898200004824,0.3416717798043725,0.49309132705100434,-0.341572868980521,0.05001257126911443,0.7480112750951196,0.8652633350601726
3.5405310155060583,3.312287042361533,1.7492804664738388,2.094943315964123,1.6272313263567444,1.3191169703078602,0.7778020514152288,1.6392377784057683,1.6004760579309614,2.1987856931920295,2.659067213255396,1.9285169997887062,0.5151651843059645,-0.006941725950762203,0.40163595937249424,0.4301769575145966,1.1551808410891498,0.4177575836518719,1.0511516112864976,0.9752357071616727,1.7332638271229144,1.3280958383514958
3.289730511120244,2.2136639124382556,2.574246941408506,0.9198445770956355,1.2865067907604104,1.7320946425916675,1.1512493414628169,0.9549279005444611,1.5239901077944558,1.9342210059251719,1.3384237210208707,0.8371350071906105,0.556982787036656,-0.33162458682483437,0.02350834935640538,1.0046628485232632,0.9926792554739539,1.1390065507662366,1.3544141578718563,1.2546225542180363,0.35497291076726994,0.39804519850649506
1.920850440686702,2.0105327329847746,1.8004867744255857,0.5606289947480411,1.1336793037309512,1.4136816105092183,1.392425503064316,0.6241633764575079,1.164424794309937,1.0501686067668767,0.920673469193217,1.1019339041400709,1.6906042860966501,1.244197306487787,0.6787640133722119,0.5142444065393057,-0.006101850009474958,0.11989622471662367,-0.34201293511710457,-0.6386196567917213,0.3713599050288891,1.0743336244666903
