script/wind50m.json
{"header": {"parameterCategory": 2, "parameterNumber": 2, "lo1": 3.000054539987559, "la1": 64.9999836372058, "dx": 0.5, "dy": 0.25, "nx": 34, "ny": 52, "refTime": "2026-01-04T19:00:00.000Z"}, "data":
[rows 0 to 24 of 52, columns 0 to 33 of 34]
-2.1409290608205804,-3.544686359243734,-4.780086583250215,-5.0005861312341535,-5.254151841288741,-5.77388959138362,-5.51069719434721,-4.925092384208384,-4.386314241328887,-3.8010756195297253,-2.759106179146262,-0.9168527670383315,0.04301093277311312,1.1918806153917167,2.308761636232941,1.259954406155388,-0.6543649620831938,0.617914275502078,-3.028525388228531,1.2330587362773446,0.7884081507525538,-0.7826792964497445,1.4561631495540837,2.475347111137783,3.5652964540827825,1.341812922818211,2.2726050474195567,2.722553904561872,5.985376744212889,5.23991885692461,6.6628250953715025,3.9219905863105438,2.4726211370971374,3.996013393739434
-3.4924423831702827,-5.36722870658563,-5.384329560704073,-6.441114140254611,-7.258209967571505,-7.566740917025885,-7.169678270660891,-6.848852359073571,-6.35710826174047,-5.988751530117365,-5.019622733855708,-3.488311634186636,-1.4776355345919514,0.049659886254103294,0.19422029560488102,0.08993717577995038,-0.7702402675145457,-3.4338466999888784,-1.3264992985277628,2.0252928670293033,-0.7675291940831827,0.5377205786389521,-0.5814365909683167,4.416894744717754,2.3695751796978346,-0.09943336524935856,1.4424218446624284,1.6816793100948764,2.613444207320453,5.036856319413983,3.768708087945805,4.555341776269458,3.107117479577149,5.920173526127261
-5.024800278618264,-5.527521326056485,-6.59061677477024,-7.87926469710225,-8.730368748933401,-9.172294579049899,-9.370524419084175,-9.240256112838814,-9.106864698102537,-8.596067899767743,-7.249333635550869,-5.6789965443512065,-4.241860005837513,-1.4744333144297068,-1.3823129838041703,-1.0994951019718715,-2.701519709847741,-6.849995965560657,-2.3435012222462173,-1.2668157927435604,-0.09100398002292948,1.2487212246977788,2.024393742895699,1.1242131368076858,2.125392270551098,1.457938768887671,-0.19583014648070696,3.164141552618754,2.524101152733637,2.539283145264426,3.6939515890620336,4.255661248170492,4.934154006653791,3.2543831180575644
-5.2465187800003585,-6.171121829468735,-7.882702198526703,-9.128488080517501,-10.213619511042129,-10.2879273197222,-10.043116469745481,-9.411041442084635,-8.448708590135567,-8.286172589129324,-9.320090551132377,-8.497132871433438,-6.519300329820948,-3.9939562490620726,-2.6425209589676477,-2.6984789677853542,-3.4963287450717444,-2.862471461097542,-2.1064351832918344,-1.1138741203539118,0.5527981352651253,1.1119106069084423,0.9281403440019942,3.0879250684094846,1.543110148389672,2.4257105518809206,-0.01740802182590082,0.29735862134541396,-0.3533289276563069,1.482486321928586,2.3799050130661406,2.9277995574671025,3.547445297879707,2.403426074333501
-5.531028267662065,-7.272094008043129,-8.36413916132372,-9.880664233069071,-9.978131454983584,-8.409912874141012,-6.699095805331065,-6.234259538231107,-5.965056867267028,-5.5619506681362365,-6.641684705721067,-7.511956749303985,-7.531873308441532,-5.7518812449686365,-5.7368102710760205,-2.149476322780163,-1.174083193455771,-3.7554189591962763,-1.8194901383428557,-0.9470678474047539,-0.3125464807516591,-0.8773709792245433,0.09890770729287907,0.6246322125840772,1.5901625528147125,-0.3759655537567613,1.6320685422796886,-1.8313271362520362,0.8633103505129155,3.3017881702111254,2.644185664085442,2.4964085603954596,2.131946346150277,2.7111582875508664
-6.6929961281927435,-7.585079340351111,-8.824278185896668,-9.131970768989747,-7.284989121386988,-5.905687454092144,-5.435809995965702,-4.994784208361593,-4.569470181705791,-4.530490400669451,-5.591692676460417,-6.596217104576847,-8.271483367066775,-8.710758518361057,-2.2143831799207585,-1.8869648095826281,-1.1531982209461311,-2.2040887996714487,-2.4739148433023614,0.0936439454968916,-0.4434080544558638,-0.18361833299937314,0.6146981490927917,3.827958475928487,2.142073995043701,1.7682124709518081,0.9027529199760822,3.5912106175567233,0.18356345070543434,1.217096092105721,-0.013090452189004977,1.0445267752574192,2.383882999400793,0.8144105752077908
-7.809925357083257,-7.8697068268372705,-8.650088496451747,-6.734210190737578,-5.013959015737372,-4.006377787578502,-3.3697771693047653,-2.4022557524924735,-2.0340994574533693,-4.106817471748639,-3.9943623524882628,-6.442950461677969,-6.314020462781252,-7.6848647578757605,-5.03052732089208,-4.787957781188577,-1.011624120214003,-2.728144938450894,-3.1530519945365745,-1.071343899415906,0.6045023395493778,-0.03844887516842922,1.574105508584023,1.9484973153006167,2.4052918383416513,0.6742870437150121,1.8894626818239257,2.179376010053229,0.275285234030892,4.881317728551309,4.819645476619829,-0.30256693380254507,0.4715858991266071,0.3858736118911899
-8.154419560229965,-7.822352660831085,-6.508998860278324,-5.018357674713208,-4.047519982539618,-2.5519043554800764,-1.8509698784532502,-1.7451361867667035,-1.3589206049877303,-1.8233982998188663,-3.199502546972798,-2.1439403836648006,-2.307462921483136,-4.815707184502171,-2.8871923952591514,-0.19967479841966007,0.416781842470936,2.1048362876094195,-0.3440198901015435,0.08902021418880239,-2.567715957284496,-0.830566280783997,2.325183352901778,1.3810141544605004,2.824004383867265,2.137451723087619,1.2084411981209748,1.6468512035164389,1.8219868792583218,2.504854820501231,1.0159355223330648,0.26949169583557686,0.4669959927994329,-2.677998792126735
-7.229844853592889,-6.508245734321048,-4.43907163216777,-3.7038849479926284,-3.0453534090268604,-2.7983656913981028,-1.900605123622914,-1.069566731750897,-1.8078247592692165,-2.291789843950464,-3.4346843505949938,-4.225037398162198,-5.177624704446683,-7.904189642196057,-3.2377856854675175,-4.562550023681058,-4.959030679650336,-0.46765824613477297,-2.71719992979912,-4.9155086642739745,-4.234034803868909,0.03674931869315484,1.14059001396993,1.421223376828831,2.773755648795553,1.7895862727492664,3.129892459909479,3.137438585008183,1.5419494912765634,3.2444862322612633,1.8510704552705994,-0.003247829818758377,-1.3437968196962278,-1.7690243485562538
-6.992979486395221,-4.470899740416911,-3.688691125223543,-2.8685673914600054,-0.7072209769820529,-1.0884844470746355,-2.2450488285804706,-0.7331757606026793,-3.022931593087076,-1.0522773685421127,-1.9279940357698173,1.760453823776327,-6.9669926198852385,0.13681215200007438,-5.305908130558912,-3.256904684753805,-1.0240324477867484,-3.1992402196828587,-4.299039286212614,-1.1502698533846323,-0.802217816437015,2.0675725867988746,-0.20411425449856027,1.6245984829611437,2.026249935015905,1.3333996930456131,3.480221841488204,0.4782202292969335,1.7263756020612002,1.6307786068214765,1.607008692523407,-0.6960521306117993,-1.539571648492303,-1.7629240766187673
-4.448448598426975,-4.071948669315093,-2.270407348907104,-0.5396671522688284,-0.23986956178096158,-1.5557308882681913,-0.5058899136136781,-2.3624509800220195,0.2732304302433258,1.8079357094876307,-1.1206220662800954,-2.9404312447259295,-0.3269662987968112,4.195316163452856,1.2664850948486361,-4.563965994064721,0.3784140457059967,-0.7705347855666984,-6.689302789636823,0.3862859849059677,0.7050250529473029,1.8367359822854774,-1.2902053738260333,1.8147794433932378,-1.0364090605227738,1.2876312821948603,3.1135002212315137,1.3936695142491562,3.1274073887452216,2.3861909886741333,-0.5834725442777532,-1.2552372039493487,-1.8304086803027695,-1.8772216433625448
-4.34229873485016,-2.8896455310558062,-0.25749921470725995,0.3590460811907697,-2.2924642097140957,-2.3678346142596443,-3.880324223501873,-2.670342598020712,0.4625087904888441,-7.994615776239295,-5.04396887986436,-6.659637418045279,-5.993265635091101,0.003447159695455336,-0.9782841569999571,0.2530131793690781,-4.411157050629264,-5.231623152611198,-3.866657003264435,-3.379839194426869,0.08502438669240824,-1.5592617123560253,0.10234160004190904,0.9487927535666908,0.8940812600762205,0.8339667341346516,0.7635730953902571,1.638808359789788,3.1799365554897085,2.571726958746044,-0.3695497241634159,-1.342287224798083,-1.7736368754992509,-1.8795036596002854
-3.4597198363425807,-1.784360438613328,-0.23719787839859277,-2.481809608816047,-1.4458628430039548,-1.9444965623314796,1.1911664241131779,-1.8170335524287446,-5.611289089564994,-5.592913723233474,-6.882933537556466,-7.926312117706173,-0.9133419355815979,-3.2497382733301765,-0.8475816550377009,-2.404795875082068,-1.708847351416613,0.5686178484070783,-2.8673784963937274,-2.7102418512400037,-1.4590323781693122,0.7974802843634422,-0.4660015468618406,1.6850102947483545,1.1007356604615106,1.9992130469267297,0.7988909714106286,-0.7023481015413456,2.0893926406963117,2.328976245991532,-0.3259824947873097,-1.3867540792274267,-2.3469791658329173,-4.539273378807689
-3.30016065393307,-4.421957799521524,-2.283881758883818,-4.841880279414584,-4.166134079162383,-2.739062256416682,1.6738591356398667,-0.10466395974822185,-8.25351360968508,-4.467482049569348,-3.668252503773921,-4.412346419371655,-2.0316564094040688,-2.1360436496299133,-5.015894855350079,-0.6897599166229684,-2.586343361311008,-4.520834166207178,-5.0938725561599805,-0.8627539967127624,0.665009344178896,-2.6088496097837695,-0.05878122396525549,-0.13736230252473486,0.27475844879204886,1.1886205988270184,2.7552252184742163,1.6794083502721215,0.07346389614764215,0.9224574178588691,-2.0527130655246077,-3.2404393490565426,-4.9050687082608695,-5.524457641735434
-2.719520193962299,-0.9373637750292098,-2.9711214770240537,-3.9725967136144233,-4.522513569863883,-4.691173121038298,0.981340562314852,-6.443460529468845,-2.249071882913261,-3.4101945376595024,-2.6566359278919283,-7.459863321476643,-1.0668254562669954,-2.703249618983153,-2.843715230007822,-4.797956658907909,1.2445449607678634,-3.4027756562473717,-1.2443195835017131,-1.86590841070703,0.44134751997776644,0.3187320682447185,-1.9545017922315082,-0.5196558088494516,0.09354342283221612,-1.5550584739717568,-1.0142834209591352,0.45926709121700565,0.41399770927222973,-0.013826038952426935,-4.343937831287651,-6.387862022454162,-6.544923349462684,-6.845654434219631
-1.5036952685507199,-2.080283507768392,-2.9947511084520118,-3.4908274170712965,-2.796779729120422,-3.443068188533657,-6.208205722602317,0.6940483359893435,-0.8943941975545119,-4.868976733285893,-5.78179629251002,-5.985522905425435,-4.997856059424175,-3.659765650017086,-0.2810155449676796,-6.699334161815489,-2.841247726647622,-1.3341868663885843,-2.3556142462328236,-1.6314511929694744,-2.2688769338900068,1.2872484319527817,-0.02095073754616139,-0.37384156538559243,-1.1817979788678339,-0.9406695253462308,-0.6252614516513917,1.8609355090423536,0.029748193635479387,-5.868323712377517,-7.942773162690901,-7.414136408313209,-7.812942846912319,-7.890885572662113
-1.2563297567451657,-2.4566689353918267,-3.257283820596725,-4.108760579606512,-2.9396831803011616,-5.459457790353298,-5.247784425297773,-1.414358104487631,0.7254068435916965,-5.339625018361726,-5.009803219607447,-3.275315635888044,-0.9389161579457945,1.1093325899518256,-0.6750030261994691,0.1556115087544216,-3.126951260197139,-1.1122214560201016,-2.4697689892669,-1.1616625874305078,-2.866260331165978,-0.772957159368346,-1.2866971547004762,-0.27112351593107725,-1.8363631409487218,-2.0206742920074823,-1.9578795908326712,-1.2402211412968192,-0.255317031338189,-8.170046660059002,-8.56086278081754,-9.044927748079163,-8.743783158335827,-8.944739201170183
-1.3019447148819288,-2.038440980744645,-2.7619807907702385,-4.022380212951896,-2.64128894150188,-1.12738237398267,-3.7281661853250916,1.721902177795629,-6.005935654014289,-2.6551584660168253,1.217346675983409,-4.677069432723215,-0.795532176124291,-1.5462370142277464,-2.15481127984506,-2.5712594354457603,-3.137786563364471,-2.4696155129482364,-2.8921728431537894,-3.2830470379165546,-3.9561597074049204,-0.8014841970768724,-1.9012148886347517,-2.2130177812322334,0.22767555411671384,-1.4776681918900463,-2.283273746434978,-0.5883546428430904,1.1682847306353676,-9.053759851037821,-9.705864157802143,-9.976241377283218,-9.655900456818888,-9.585460660874165
-2.1078848530775667,-3.0241369851563094,-2.5419553279472447,-3.9217759196686646,-3.9817720859666434,-1.849503068560016,-2.254897494930111,-2.708107268212425,-6.508285662126405,-4.01722123985639,-5.012348153145614,-2.3009107208480466,-1.9375448494354197,-4.035544584556845,0.32105641293625026,-3.9926651589560964,-1.2366039866990914,-1.9443612161062755,-0.5137611905335814,-3.02570854116823,-2.1872192587534793,-5.238531376625423,-2.4824761128115895,-1.8265688670730966,-1.6686874515914292,-0.1360110640841577,-1.8278276852500182,-1.5095922425833328,-4.7031543849040025,-6.207141331032448,-8.996947726964297,-10.148131942825092,-10.342466834576465,-10.369112633395028
-1.68646663657231,-0.4925185870449518,-2.009261011861796,-3.472398015857906,-1.8884730786877295,-2.4619753678932192,0.6543874294547748,-1.5924475011150263,-6.882685055143816,-4.84819921868936,-4.363972907048503,-3.548345884793842,-2.388992527971096,-2.660786373690723,-2.5216622993828137,-1.5502715051285918,-2.211843004489086,-2.162736815540208,-0.5479949808802959,-2.3806628460984287,-1.4930987132362252,-3.1436824005593746,-4.16471187797181,-1.9010167681820342,0.9196064836250265,-0.7097881759380784,0.9637914940528702,-0.9056464563216187,-4.27606955564649,-4.568161067547674,-5.055624193446749,-6.5829809703587046,-10.560431019128977,-6.102420553762574
-1.7029186775714023,-3.4267960249377625,-3.593712827665402,-4.038865984873257,-3.857323148266465,-3.96565124262607,-0.13024318291494955,0.808000874994396,-4.798072223621791,-2.2101734175748646,-6.445177406887768,-4.775662344424319,-5.135715267898842,-1.7140215745912775,-1.1711682536815062,-2.939834212917891,-1.9453062707412594,-2.120568646165957,-3.0843246623629175,-3.486656615310437,-1.733868040968382,-0.7509890422645448,-3.909463114453913,-2.362282174811233,-2.2402774790493685,-0.17106237650519304,0.16143083455002252,-2.6398669094293434,-2.0727997712811375,-3.136328157881259,-4.101933031019579,-4.961037444289094,-8.869768285272375,-7.243169761319633
-0.3881044836399648,-5.1503962098148905,-4.359065153021024,-4.997160174467835,-3.785991271435964,-3.333874871080548,-5.8215667922225665,-4.047930732676612,-5.957303200652626,1.3253883584191868,0.6852305883348038,-3.2713329832050784,0.6461808732951974,-1.8946902179424705,-1.8996784758889997,-2.6014393159549027,-3.2758928143577237,-2.6577236253747962,-3.379170166424899,-2.3270582825087187,-2.6532486705903002,-0.4033407211049614,-3.854581771450872,-2.5689526781708523,-0.9297061710145795,-0.5342253006696267,0.035795650983677436,-1.822934153438108,-2.151120594408923,-2.8750392549546766,-4.209089599158296,-4.259077440958707,-5.200756127480163,-8.13621632773116
-0.875423945143956,-3.065222292831094,-5.6925920720764775,-5.19104257722116,-5.308836169880238,-5.341881057062371,-4.842378196367534,-4.095496575592857,-3.5628301579686874,-8.473941700458179,-1.331732135269055,-2.847727348626059,-0.330539588647743,-3.3533342165720037,-2.4614088155164633,-3.7458355029327586,-3.106024598302941,-3.311722079201302,-3.401026752382979,-3.1923157552303487,-1.8767924712997972,-0.18395071699767881,-2.9018671290011553,-3.5083519643106533,-0.7438865878064425,-0.8173320066643683,-1.99449271349179,-1.612638810693154,-1.6288451694042176,-1.7635158564422035,-2.349797558897565,-3.9502056751934282,-8.252234622276545,-8.09043627678299
-3.5001625456683962,-6.904734054651292,-6.52520081754032,-5.457136427190679,-5.54564296376487,-4.540999785396602,-4.261522191252422,-9.298362727361448,-7.938191357041959,-2.815561627456179,-1.1528839035578826,-1.8172239366718614,-1.687501071956544,-2.016227602563491,-2.86980822950059,-4.3716107189897135,-2.7568341073599436,-3.6210386381121498,-3.0418412045562593,-3.6383491189052224,-1.8421841850669547,-1.327978017106551,-0.23233218010579293,-3.299849636461969,-2.631010562634617,-1.845675428003849,-1.7672664803881606,-1.5252083731649577,-1.298758535060759,-1.4431339987740086,-2.9587762931172996,-4.363264974581687,-7.9328862842429215,-8.454426453953253
-5.719286262883306,-6.772375140098386,-8.126292419205864,-7.284660130982414,-5.965030587625353,-5.290053899171504,-3.0315712827580263,-7.092901990293221,-4.70351403004532,0.5689977915728429,-1.9514078278366895,-1.4762055133138445,-1.3372787376024844,-1.7936884756857037,-2.756629365989399,-6.480903138449814,-3.96861875035667,-3.5343147463868485,-2.8538720313023167,-2.875014694933048,-2.4641748279506106,-7.455969007885781,-2.0418504200174445,-4.2067705266935125,-3.2499183674139402,-2.8134979268693443,-2.241120587965887,-1.9714230072391115,-2.8140425943066223,-2.4195979275135127,-2.2788378519473333,-5.918963171389134,-8.122786002928637,-8.169016679680249
