script/wind150m.json
{"header": {"parameterCategory": 2, "parameterNumber": 2, "lo1": 6.000198445256149, "la1": 58.999992894266676, "dx": 0.5, "dy": 0.25, "nx": 22, "ny": 24, "refTime": "2024-03-18T05:00:00.000Z"}, "data":
[rows 0 to 23 of 24, columns 0 to 21 of 22]
-6.20925924290962,-10.270747583779952,-6.525038779092253,-5.715971150149921,-5.852235207854204,-11.219784013381991,-5.92697709192266,-5.8683813655551225,-9.55904867323246,-13.29485453705652,-5.045909045474286,-8.028923091273404,-14.60919583490263,-5.417440904351824,-2.750356837499017,-5.859362042770173,-6.732434337624339,-24.334906811383405,-1.5562789529676107,-7.190079231974655,-7.834953780444714,-3.9949632410095144
2.7140377794511807,-10.782185499828122,-19.366252639311007,-5.456696791834998,-7.307080092159689,-6.559894213513967,-5.228753628017892,-8.117486852348728,-4.85908109598389,-4.8065167921726335,-7.47843330457424,-7.936428122814794,-7.758566547138018,-6.441400727349823,-1.2405456439112958,-5.783628601474498,-7.014353001767989,-6.492804674120438,-4.588345999018838,-10.20492074605234,-7.353403613301381,-4.767829837951454
-7.264560101533903,-8.117072665013849,-5.765658355568427,-6.840296353581316,-7.0517327668166745,-0.77260395228341,-3.3596521022425,-3.6790541844682503,-9.354455168866158,-6.809223416060655,-7.651688900326559,-7.463472494754148,-3.868396090319843,-9.57377902310236,-7.634450609512572,-5.80568113062359,-10.947453546623237,-8.462605160012178,-11.456792339723748,-12.294168761037938,-0.6067403980840895,-4.847323247880057
-7.092083745208297,-8.217577230725922,-8.117398158315712,-6.348665669120028,-6.944524329523377,-4.995123537532099,-4.133150258655527,-4.249903782580188,-7.990851703260542,-6.555911195564576,-4.158745922017098,-1.8999629798817128,1.6655541618747698,-5.148709068671144,-6.714955234209955,-7.894057021531415,-5.418635848539672,-8.730346160804121,-9.34967486589929,-9.45655694690131,-8.246040710013535,-4.516393470927146
-8.987149923443113,-6.401853867084964,-4.6498387381572694,-8.16935655828641,-4.5567996850625265,-7.74303931714201,-7.834077737623503,-5.407181993376498,-0.9696330394444911,-14.314883165412295,-7.587019789091282,-8.9894804136738,-8.610114158907795,0.723598118484703,-4.7968004011986105,-5.666011881157927,-6.04582518937502,-9.99067771655377,-8.311070443708063,-0.6408539366586314,-7.264227203059952,-6.385515542235275
-8.792629592263939,-4.51307410911606,0.39711594971755915,-5.21152708049215,-9.887218180225506,-8.883392165142437,-8.133745124952204,-9.018449663451737,-3.9014175468736885,-5.602404107034411,-8.288322744883336,-8.136351618205506,-6.331866274175074,-3.356873370289194,-4.988465428361814,-2.4811314801106596,-3.240472206647842,-13.457132601570198,-7.06064905117046,-3.2192784258958334,-5.930232348763437,-3.9061391979779896
-6.844484999222365,-10.88847896413113,-8.955446954917894,-6.165951722949048,-5.640937635338961,-4.437663311444304,-8.7033264429752,-7.5511531127947915,-10.709950646559308,-11.198144688396713,-6.367464259155161,-7.138291026857106,-11.47837610483691,-3.6190300184776985,-12.161499148088035,-9.729519173903341,-4.269259292199914,-10.134339913529807,-4.883118632810618,-11.36276136089913,-6.55188775913995,-6.527292895157695
-3.9543984974838877,-0.8647779432216741,-3.51425283603181,-10.095763512047586,-4.5665479632102475,-8.4155625365427,-3.218721834995982,-7.568700819035694,-11.50880597026319,-5.481542367939748,-12.142792168635504,-9.514931091087536,-5.3669449261772515,-8.999709222371568,-10.183501191611526,-6.228555511999476,-7.817606237579221,-10.956062390732063,2.46749576951619,-7.825934896659005,-7.450595850090653,-8.702693930557224
-6.465112660021672,-5.779154991139486,-8.20426744257709,-5.487336890508306,-5.2087250887185315,-6.108139547857188,-16.181885552077922,-7.293588097422292,-7.526713683493353,-7.703904115426092,-6.01848840802723,-10.848494383197,-7.017151631129046,-8.475538101138133,-4.602388149859083,-9.900180862555214,-11.51540717502607,-7.863715584283144,-12.300737420690531,-11.9650754588799,-7.264251107324151,-6.741081487168111
-6.3121270843804815,-5.7504099086841665,2.8482183232199283,-8.676480795946311,-6.9421384149700645,-3.712934572359288,-8.25965098823377,-0.5353286273953893,-2.1807701093649023,-1.584381603763788,-7.281334232465188,-11.191555693895058,-5.382969617872412,-6.029305391934831,-7.390612356609163,-5.915159739525646,-5.088072317715723,-9.969083588752781,-1.5323688695177937,-3.7636825359185506,-7.996075227956216,-8.325549520649153
1.0303988960846027,-0.37729210525559814,-6.089162101688491,-19.458068908580326,-3.380394926059661,-6.834156421746241,-2.3450781054397756,-4.836007732330402,-7.18764304040333,-3.889910985409137,-10.414294299433257,-10.555516304292802,-7.83517448140664,-4.670874663023343,-15.710801258761368,-6.929012777792418,-6.563368741125885,-4.053324902106753,-4.806474281010169,-7.210846566656152,-8.008815120557205,-8.161990657820349
-6.835904575124766,-7.040346537428712,-8.42206305746661,-5.954488058787945,-2.274806218640455,-6.4071507487219215,-7.540404690198833,-0.9717776700853377,-10.309226248664807,-5.138675273919706,-4.8735455401809435,-4.434806307626053,-7.172556341303149,-6.857516917933696,-6.775152007555861,-1.6812091336161485,-7.285239745841134,-4.765465159029244,-8.86418314258412,-12.077289522866348,-7.493884318088967,-7.201969298194569
-4.030622695210317,-2.7106108124962724,-3.7356222848465572,-12.673980772444658,-4.760450162144216,-6.821882582388596,-15.956969443406416,-8.789291486028695,-8.66489208620568,-11.269919949388438,-0.802524543813477,-5.514914404274128,-11.475667677684813,-8.741085394235425,-7.329669386655348,-9.856231602919443,-8.02842138161978,-13.99249010829027,-6.376337881276649,-8.640955103661897,-2.118948228036089,-6.255977103558254
-6.444338796251873,-6.316481093838125,-18.100872458656582,-5.090027869326838,-5.315271164835993,-7.465029463050265,-7.009516743620114,-8.390112690225294,-6.991126379074855,-15.71289436714987,-4.960062900885664,-3.8526142343697836,-6.916101148040674,-6.967030418245239,-7.326618324709038,-2.690412739125381,-13.28290064535001,-3.797030905707275,-8.926712853248667,-7.70711523322187,-7.317619901767271,-1.4184265934138833
-3.055300937022111,-3.66522687378186,-7.374041301730406,-3.726737887720038,-3.6981081521045707,-4.951637120912456,-7.510820800083162,-6.622533797371916,-3.8228181836213238,-3.9160508276166603,-7.016616568019532,-19.597161071261024,-10.969381942421016,-12.604916363938102,-5.3042371334670175,0.6704265178253482,-5.9566309233569745,-1.8640876618098414,-4.881718984832649,-14.734189684979548,-14.853831000911361,-1.6883117824216098
-8.857986828388029,-7.046223543794813,-8.935936836871795,-12.164154506565348,-7.739235680302299,-4.09574312150711,-4.446128781739933,-11.835126853497647,-7.10999539677529,-7.061859825586815,-7.788555812973119,-5.107837194104467,-7.337310158938999,-8.695861706655279,-7.009747674970835,1.6945515757455734,-3.4598413785982496,-6.578189299520577,-4.1847328103757,-5.115841376779666,-10.454235166809223,0.5170460141202712
-8.438378355515106,-6.126878888033227,-7.553260738261766,-14.39845623203554,-2.7130400698181805,-8.448559101615123,-5.818761868163655,-8.883311982197139,-5.964168199003239,-0.8677768182567983,-3.241896584648626,-9.30420719861394,-2.607354089075626,3.471640038406764,-0.43671791905361984,-0.26810140219825174,3.164738744357699,-6.916154436534928,-7.511978443551861,-13.99560167085209,-5.027569008619658,-7.71346393244024
-7.479862720132569,-4.261826537070853,-11.25484438723901,-6.072480159231047,-5.100955599614045,-1.7532514601578253,-4.31158693191622,-6.831237620270833,-8.047684074246268,-9.659669847387702,-11.127897430907254,-8.760569835630069,-11.721660630624376,1.2070047730934146,-5.396783408555387,-5.57036336593775,-9.31773820940432,-7.955772798287488,-1.2293454039693095,-8.217014073068887,-6.537401364172537,-14.222053499310395
-4.379554648007627,-7.015048616518322,3.6174843755385138,-6.251456113677659,-6.979416287991616,-6.157410612576978,-11.169557723113897,-5.894151286113966,-6.5076541835862605,-8.226412018609064,-8.1893239194296,-5.358568010778073,-3.5866722017929136,-11.730849610034246,-5.189940451267377,-2.7308842287092174,-12.842607343952483,-6.782946688421395,-9.158669874922344,-4.822015293442445,-7.929472222695694,-9.78524681010742
-9.425785815409576,-11.228269434876795,-4.975179894069636,-6.663369130888377,-10.671392600130233,-8.295248354865919,-5.645497026142832,-6.0193801757462175,-3.039904382441187,-0.5971140402977024,-3.939004906671387,-10.192568993997469,-6.594259690915189,-4.175655998910716,-1.072076578812396,-4.480016116433054,-6.334127696894775,-9.073024187138673,-3.3770325558704517,-7.686420233500948,-5.547429495247206,-8.653898818071848
-4.967266354799259,-4.534442916063385,-6.005106894397937,-0.7674286543775171,-0.9464975745189208,-8.221143280239204,-6.919979101950966,-11.983962540679263,-7.420139342510046,-11.723109004677692,-6.21852003329401,-6.383174680619091,-9.50317447758007,-8.204030017924776,-6.998682152104627,-17.42357814381694,-7.487531583428674,-0.6444174025326904,-10.889312146237447,-4.2412573352915945,0.17765088009520502,-10.6444035463917
-7.549344739324559,-3.2781659696426444,-6.148826576422154,-3.6357941838266545,-1.371437732171742,-7.111867984043647,-9.069729461448892,-3.4152906742227165,-7.93794033646212,-18.317078565061465,-6.260438044947113,-8.40858870182648,1.008321785612833,-3.8367372319285664,-7.695344598010019,-7.675331327650508,-10.916283505616894,-16.8135201191499,-7.68009413851558,-8.543218327436378,-13.23076145290856,-1.4102223590413796
-7.208444863490076,-6.625141241664778,-4.408743137151789,-4.174426292057669,-8.796589213972327,-8.246742806940011,0.8602116086223942,-5.982304823458062,-0.8109046105479537,-8.60273843281994,0.48647985556373097,-6.394714895897122,-9.859148685018306,-2.179861726591212,-9.718037190276512,-6.332688613546663,-8.080373199045892,-4.22174232153014,-12.017145764546829,-10.16313355499956,-7.394337312003802,-11.179006948383575
-6.6109183753022105,-5.118062776034831,-2.7927605157781725,-7.185761023082839,-8.567613061121097,-7.82063290669394,-6.360728781102604,-11.867977436406806,-7.215762056713606,-1.6700987366261426,-4.312674459612894,-3.8245920788201895,-8.383891467961673,-4.487830133260742,-5.183996846518843,-8.128748346728383,-4.940957911478202,-7.972138294920092,-7.317885071837169,-2.1621650498229665,-6.9741346980594825,-9.938653946598054
