script/wind250m.json
{"header": {"parameterCategory": 2, "parameterNumber": 2, "lo1": 3.000054539987559, "la1": 64.9999836372058, "dx": 0.5, "dy": 0.25, "nx": 34, "ny": 52, "refTime": "2026-02-06T20:00:00.000Z"}, "data":
[rows 0 to 23 of 52, columns 0 to 33 of 34]
-14.826344559776373,-14.98754258338574,-14.770557092427552,-14.493713488247542,-14.171651322501749,-13.817062240973922,-13.553010329430935,-13.156014319939972,-12.408122312915571,-11.366086887404624,-10.674252913404413,-10.136522916998969,-9.593949601313472,-8.692833704546622,-6.353774138416126,-5.777183374279646,-4.785147949216042,-3.7067534821661776,-3.65197599335716,-2.1455290699797387,-2.808713909308357,-1.7161315769764367,-4.185473429753444,-5.732314401920366,-1.6722383118958397,-2.3631694441946016,-3.7784689293341818,-4.438869359514354,-3.851903070081121,-3.6594179305749477,-5.4579910953399455,-5.839309263858524,-6.950737813817445,-5.544376916177945
-14.90137710633493,-14.878129547252184,-14.916566455386846,-14.850405576065846,-14.546042559918096,-14.167722067011772,-13.551292747438184,-12.870885991537616,-12.12518934993791,-11.25752427249293,-10.12056651091506,-9.463488019386128,-9.59147254457188,-9.249346716873507,-7.899535871263168,-7.8563400639148,-4.460788636724618,-1.3775063992279102,-1.7642258040857743,-6.314525776730956,-0.405574079397453,-3.9716471385290837,-3.4479376705299427,-3.317315175309047,-2.7792919428815583,-4.5340361705296965,-2.2513778307416406,-2.4827647133685895,-3.395058606696812,-3.373750515804457,-1.6860741173719642,-3.3393138025701963,-4.8231443186513205,-7.055650205202336
-14.98002229659557,-15.109606951136316,-15.07812316578153,-15.15271736826244,-15.288753962058447,-15.056512990063023,-14.619542893506004,-14.033764193578989,-13.276117812864094,-12.629849290894285,-10.9873643305688,-9.03385718975925,-7.909004268404709,-6.780218619647744,-5.081422542694663,-6.467795831280007,-8.518443184475824,-6.89810464958368,-7.4335407503114075,-6.8555792125327155,-6.209172669134619,-4.108679561942875,-1.325408351946254,-3.7543093749316365,-3.161999970515314,-2.5298864509161394,-3.529153731432194,-2.6126203614842542,-3.9923987041294544,-4.098389646696029,-3.3433926693357603,-2.0374604227019635,-2.2865016004122185,-2.7668145441494363
-14.238066382748809,-14.51096772665243,-14.76642842915926,-15.035224501911326,-15.204547620126691,-15.200287644356072,-14.938828696212168,-14.608435291386943,-14.050170581587421,-13.60023691967926,-12.291328689025361,-10.97858927405891,-9.084347887173688,-5.478443319446665,-4.501109078341117,-7.704032272774386,-5.608858824611579,-1.7702568901101805,-4.26075265297397,-2.742386636387209,-0.5109250137551937,-3.428576788587369,-3.4471618023210584,-2.43057542546332,0.27385269249578187,-0.8614743776684491,-2.73519151289939,-2.1873746653712027,-3.1749022283126864,-2.743369574215786,-3.4754904016775607,-3.9331228501010487,-3.370863654439492,-3.484765746986064
-12.4305090259226,-12.63412247588439,-12.705115053363722,-13.19795527634161,-13.327685486963896,-13.232329818499817,-13.025242899015996,-13.00540472561217,-13.534348087247883,-14.294520285244634,-14.434431390562576,-12.797076642103839,-10.828902669492205,-7.150206445651212,-9.456504602287987,-7.26138410009359,-5.916903328864609,-5.233478384606881,-3.6726253471822203,-4.7382382087318655,-2.935050949744696,-4.531697576946207,-0.4044105788881088,-1.8682878238801293,-1.0045212755056774,-0.7298878240906441,-0.7557701975897012,-0.3420533858850694,-2.4523372177157743,-1.553937722467237,-3.0427997379723215,-2.8894743860276564,-3.50613953721008,-2.620058969743381
-9.51517615994393,-9.02453919685066,-8.910540281936727,-9.06030887010014,-9.737141424336441,-9.758624206607433,-9.633964789127216,-9.600607951669163,-10.002469269462685,-11.52196913813221,-11.183198050407281,-12.880777331224008,-12.30388119756902,-9.749584745272065,-8.581533801200015,-5.913541346686428,-3.1681147051879996,-1.765955957365814,-4.9366501241678975,-4.793144429424878,-4.8297111855522,-2.6161689647831725,-1.727283084140401,-0.21499445293015826,0.5206527475655215,1.7192348472498948,1.1014055182277738,0.7438244660691962,0.5347531825957706,-2.1631262059631835,-2.873441736681554,-1.8567185640359996,-1.2295039136866717,-1.2049592613791538
-7.836814485794558,-7.803827276341674,-7.964153500046299,-8.362989744379888,-8.734806432606282,-8.61122819043806,-8.654151717699838,-7.784825692753984,-6.920323901155257,-4.7446700299642615,-3.5596564490079663,-7.531815954845714,-7.698614114444527,-10.824752880177329,-7.592231151479277,-5.0133089162623845,-2.2252550331237724,-4.3852598791450585,-3.921208541492761,-4.498350721746828,-4.675353217988093,-2.310484789506309,-2.063808957686485,-1.1657971681412977,-0.28134587068375905,0.6692302898568224,0.39147645488272315,2.244257154013827,1.8499172862188378,0.6932462802312392,-0.4813857790789795,-1.7691970951714322,-1.3177831724845248,0.13146374572364972
-6.8863155385834425,-7.30600487080106,-7.043614189254224,-7.419558615894153,-7.133619550323989,-7.092511271705486,-5.745320848457612,-5.983933663131742,-7.075710927707408,-7.012891134843834,-0.8253038072574823,-3.64042267266775,-3.2290634683228485,-6.270836008826139,-4.935467979591673,-2.4897674611079905,-2.9171048847761747,-2.8912585825370263,-3.405244250336541,0.13356284098182863,-2.0166385922966503,-1.896238016141232,-1.4737015339562831,-0.9469072609302798,0.13092375878240475,0.7123674580631053,0.30142488500993514,0.43685781850767935,2.6097468896554403,1.8495673700134265,0.07876475346228745,1.774799955858686,-1.6400460772868992,-1.019132684768255
-5.1044716641976855,-5.183778773024526,-5.2135715497968205,-4.857139966798306,-4.780784795923604,-5.082631934619628,-4.061443607457835,-4.1619796108634635,-4.129790252577744,-3.395589379947944,-4.726145691492785,-3.6283938988715865,-5.518621567587767,-5.550143850301076,-4.144798733484917,-4.053932263674498,-6.234714241068329,-3.68747332215161,-4.538535878166625,-4.510287289516007,-4.642882146504061,-1.8375487671076174,0.5321603923498242,0.010916008146399068,0.06693157449770597,-0.10061657876393236,0.4086700195317141,1.2775825784200379,2.041376867116468,3.396028101501321,1.8158070057052342,0.526688864280389,0.3272648797260276,0.18712539153211058
-3.6664088158052643,-3.6384083763568396,-2.442800409755265,-2.079155851871022,-1.8942388826499177,-1.147114103840346,-2.7916600440356723,-1.9284513890905481,-4.892521839267169,-3.529879752288095,-3.5899307669539056,-0.17172713499172923,-8.202063430967614,-2.210677084238715,-2.5425661807875732,-5.954787373197254,-3.165190956003607,-4.284166976345615,-4.368407459991559,-2.30566065032951,-1.597856061917608,0.02155755323607327,1.461137568022633,0.5035086623803057,0.4030368175726988,-0.6220568466515642,0.07057046863150918,0.015145829080458114,0.8212291129495056,0.03729019171327058,3.596394931271311,0.8072777661271869,1.5599943169916477,1.3162261670529283
-2.3342692884067997,-1.2064074071485036,-0.4301764860434136,-1.1134158933065135,-0.8360655875705714,-0.5531332842015028,0.312934105422811,-2.7719909232770665,-1.5897432355792118,2.7072741234192037,-8.204456878718604,-7.5712809373562475,-2.1600603872505744,-1.007081256897085,-3.7138510832754226,-3.6945236540064004,-1.5384251123459283,-3.0303629762147057,-4.735456960092304,-2.093182262329787,-1.380608180083209,0.4873519241872184,-2.6650268334893976,-0.40701884640497205,-0.2940405360148524,0.3903132108136754,1.3294439445631778,-0.270328316126132,0.47535696259928073,0.02552880901271162,-0.05867647465470432,-0.10902762984650204,0.75869450907524,2.4624904666008565
-4.463155921037286,-2.989108335959404,0.6421576895229795,1.1051316376287743,-0.0018042766293808019,-0.7949381939818473,-2.1498692062332183,-5.259507984338563,-1.9389603813112621,-8.505463720066519,-10.310618239192253,-8.919757421041277,-5.897697565929627,-1.3991404430050312,-2.6779801359331095,-0.9866295854863306,-3.453603315129639,-6.047116719558545,-3.21251034817106,-3.759235781423742,-3.7711069439687925,-3.2956902032558926,0.6425102421591106,-1.602568809919779,0.3081261082696764,-0.12561324626425657,-1.1885741359652744,-1.4767467269846264,0.26538867766792923,-0.48585143818016063,-0.18050701116788392,-0.09073682632610146,0.2619445803362993,0.20154854913643863
-5.823286680345263,-4.6382721453002596,-5.698535845828766,0.6923982695629723,-0.3974861360801488,-1.1832981069828863,-0.6625075190779589,-9.062754347272733,-12.941385725164388,-12.410213396968471,-13.525096748432828,-12.532068852476483,-4.667781358099991,-6.500324322569831,-0.8682325130791447,-6.039801593419042,-2.2762233159776843,-3.357365423023851,-4.148187887431914,-2.653119161471706,-3.236257309309978,-3.596040180281069,-2.5043281072128023,-0.09382656043681152,-0.5548470899002667,-0.40537214413081346,0.36977904726787864,-1.8144217546016286,-1.6276328641270765,-1.457605607226698,-0.41267148070199056,-0.5958257148035412,-0.8499071773955171,-0.7761771438636158
-7.249026399817006,-6.695277144092205,-5.54152973005953,-6.7477398228387235,-2.6300827985243234,-7.372517296668001,-12.27671355609037,3.0491922408561636,-14.974508671072448,-9.39855323034874,-7.0298500415969,-14.48669054910492,-2.9555127003021266,-1.983570695236175,-4.340091301692888,-2.2178202992164238,-3.302644039987654,-4.1889271179394925,-3.6874058172861095,-3.4165677662748144,0.21552500077603612,-5.303925908441702,-4.759316526751445,-4.2123255155258725,-1.0360893065165804,-2.1706593433959225,0.17398935349101277,0.3807516694285221,-0.9816707383486089,-1.029126011554458,-0.8401563687434463,-1.342837835333783,-1.2505455218704684,-1.3769641555617143
-5.2472528854019655,-5.095316878147454,-5.845971583464848,-6.469271088184257,-6.9708783777270655,-10.017026322727379,-7.431078527090615,-17.771038629098836,-9.402695765060631,-4.530628335074724,-8.294584605335093,-10.229624199171967,-6.271831087007057,-5.623124277233078,-5.52118817599579,-8.594469275061382,-0.15515632435368257,-4.954714290903891,-5.074317574975905,-5.287818746997771,-2.4414793743336176,-3.8470228634477617,-6.144022798849312,-5.153173616420325,-3.3956689109835456,-2.6625113547974153,-2.8296215707139547,-1.292250375642412,-0.9478093077613006,-1.8421695839856265,-1.7725004644648583,-2.511696074428794,-2.5956776127856624,-3.1099537425287163
-4.270432069730455,-3.7650334721169796,-2.9272462598439324,-5.8487934340339525,-7.533230813073517,-10.810848697141791,-14.834703542569237,0.5769104772094921,-4.184935932263876,-9.012236978937361,-14.215064719899145,-11.791317062663222,-4.511229261754097,-7.8109514514182825,-0.8705520965329108,-7.886498337311603,-7.2626609316468675,-2.021684328508571,-8.29193329521264,-7.485062695904688,-7.743768386593262,-5.619404540548887,-2.469590141597125,-6.181633667928722,-6.002911391803886,-6.1385896585315844,-6.448517688202104,-4.6524246946915175,-2.73569162307675,-3.7215733278255576,-4.739260635176793,-4.518507309985929,-4.932550006607827,-5.404526766007898
-2.0559687500468056,-1.3655113672160575,-2.2165412869171717,-2.0723758851207172,-6.071109087128191,-13.096378284261954,-16.672590791337445,-10.267484467364802,1.3001205472444082,-15.668766086939566,-15.000341387877594,-9.482170488906908,-2.7541866740347323,-3.479871177844931,-2.8247121472991235,2.03514635368172,-8.847322991081006,-2.8430808919033304,-9.536581222312458,-5.237585134328726,-11.345563567962074,-9.356829925415623,-8.880053037167679,-4.62618751983519,-7.644866732962123,-7.446837845349216,-8.206117176323216,-6.703220056861305,-5.0951699669908,-6.353927186916856,-7.048214336392384,-7.094854372664237,-7.09149980659568,-6.812113398635708
-2.383037970978517,-2.195335881857782,-2.545858858994019,-5.075551778600498,-7.479139330803041,-8.312681375840665,-16.411205428015847,-7.078153861034576,-18.20142758328651,-15.035737064499926,-3.5519731294333488,-8.593750422234713,-7.68008027427864,-5.182427264945149,-6.920577841399365,-6.393453009881303,-1.1735597867868408,-3.965342191216819,-10.591609892660454,-12.53951070292039,-14.269261887096015,-7.0497757969402475,-7.7490735854229476,-8.830054982114646,-6.452219395102611,-8.186631204693377,-8.48323762424632,-6.965306798020466,-7.257844337418451,-7.265254531642179,-8.160379996811816,-8.580824439233709,-8.495425833040507,-7.470075203825522
-4.687356564476686,-3.41308048563458,-2.2317686507821035,-2.738127920299105,-7.319320279838892,-5.666379733307415,-12.565543401909567,-12.101363511771074,-13.572415237179575,-16.590747344592874,-12.503063030113346,-7.258052186105636,-4.6578656384358785,-7.785566660583564,-1.5210112516779948,-9.741579043971274,-7.411709468079299,-7.934482178151847,-2.9774790811415905,-9.668604396303827,-7.803152435341679,-13.909437628785854,-9.408430454120234,-11.316176641867948,-8.219880408216396,-9.573732656416482,-12.196787933945174,-10.26428140023441,-9.797342719862378,-7.913987045727372,-7.791282437903925,-8.001711001194375,-8.260294782913396,-8.405827659144393
-5.205795556740957,-4.125944529803607,-2.634558597526887,-1.586473849977448,0.12784340236513736,-2.7855529859750074,-5.986321392305763,-9.79061076485155,-20.40938378719623,-16.031687366846807,-12.307967710825665,-9.478812071827605,-3.450468650080696,-9.017811246671487,-5.925657659986456,-9.973406129288282,-5.413400658291828,-6.4259091408096936,-4.963346127600018,-7.874073316306714,-6.737502148213401,-8.78267518482489,-12.948174368489163,-8.81037162795705,-10.82860549603596,-10.923907908932017,-9.374673220399956,-12.006561995317373,-11.001245999894188,-9.747695683885174,-6.979788006052183,-6.81574061786911,-8.610857212672267,-11.544091369638998
-7.497722577455196,-6.6070822605213,-4.805311517635227,-5.8208803833440195,-4.043600034766896,-2.934928884977623,3.269312655333836,1.3493204785919979,-22.505331105236493,-12.858625350067104,-15.526797529528823,-11.30603880618875,-11.219027969842225,-4.162763069374718,-3.6232892863589132,-8.258490770053754,-6.825469594883834,-5.731075029772078,-7.666856874300715,-8.527991578233085,-7.258010643539453,-7.615890234509367,-11.029474923716682,-11.208334776922953,-10.217365184760213,-9.176047347583976,-7.23302272779036,-7.818006671042532,-9.459925274412106,-8.338728866183239,-7.540232843363084,-6.027230547064752,-5.369541326898967,-8.236863202533863
-10.074183476245164,-8.698880446458999,-6.130866235548963,-4.276413908896966,-3.2400293087547163,-3.688559077867981,-16.395976149398983,-25.280353758217775,-23.944688212742577,-6.775181295748222,-7.502527296275249,-9.50880890092156,1.5413290910568216,-3.1270947005053866,-2.2737228196577393,-4.173638668859883,-9.074644851968403,-8.26736161492118,-7.918836011372089,-6.5368430935637685,-7.67441290949076,-7.520752055179609,-9.745774500504531,-8.305796923742433,-8.088491496570978,-7.469557125598367,-6.825578830400139,-7.727140346167646,-7.954012341260479,-7.692052280128824,-6.156657900105476,-6.031084064849416,-6.3959085533028945,-7.986755169303793
-10.59959942709155,-9.372560762690053,-7.506887821053045,-6.402303709448682,-5.394401036671123,-4.303992134870101,-13.5414342681966,-15.76064244560759,-17.447447117740666,-24.673508009835672,-4.8789602336264,-13.408811692162633,-7.280799197349488,-8.585966817159767,-8.19432457198869,-4.719542843766314,-8.926527675368275,-9.414330858210477,-8.518308049462245,-7.8939872156168684,-7.555650711257311,-7.3826184785703886,-9.14473624441015,-9.32402989722353,-7.332152889205294,-6.605199815507761,-6.877663158247305,-6.950716655189706,-6.9142708330565785,-6.457026233317875,-6.3358328438981655,-6.522152000726003,-7.917370106953527,-9.144429609685288
-10.9811654064322,-8.568674758892856,-6.981456706738348,-5.409176846416292,-4.975320787459108,-6.135240158231834,-4.826474666804105,-24.44972413560389,-24.25443222205494,-11.665823194840698,-2.9871806398389147,-2.506420488785353,-4.22302988782752,-4.233971454281714,-7.526045068352345,-4.76927697356159,-6.8971401581447545,-10.729313732554164,-9.272587925562481,-9.6130858898601,-7.317684637551979,-8.13376530167854,-7.875044039054683,-8.816187020458782,-7.667000734704725,-8.056548151687712,-7.887619590275284,-6.594431344437055,-6.531505139691561,-6.6930190510113095,-7.2793531636822495,-7.153947600418634,-9.26462352538962,-10.274335176943497
