script/wind450m.json
{"header": {"parameterCategory": 2, "parameterNumber": 3, "lo1": 3.000054539987559, "la1": 64.9999836372058, "dx": 0.5, "dy": 0.25, "nx": 34, "ny": 52, "refTime": "2026-01-05T11:00:00.000Z"}, "data":
[rows 0 to 24 of 52, columns 0 to 33 of 34]
-1.653915119057907,-2.0782224932561517,-1.2304618650575139,-1.4633405629651977,-1.0188881872768212,-0.39119666037248907,0.23347528809591914,0.41626761462618916,0.5788702523019764,0.680307713180915,0.7939795634488065,1.4907985368639978,2.4595910616326546,2.7199473449485265,3.436628205783416,4.564209222452746,2.2745548688154242,2.585348364008688,2.9769223921675945,-0.14287771040137548,-0.9442166435913113,-2.1090242786715643,-4.557037786048618,-4.437555018565999,-5.175878109270222,-3.878388049453314,-6.8228579348486535,-5.214448505506213,-6.603237299271116,-6.847093003540841,-4.757793633301647,-5.66982880979659,-4.016306531624747,-0.4040865485230469
-2.831212876150786,-1.2833164824240242,-1.6765644429790691,-1.5268417789553514,-1.448645084391232,-1.62723102528249,-1.0250483978806255,0.11461100118711243,0.7452782511718096,0.5806052717163712,1.3221513972490229,1.9826727656725012,3.7649565332913815,3.377962610660055,3.663933846136655,4.1225826739790845,3.6971957272108233,2.2462562779746653,3.381844220177479,-0.12531902225644126,2.1864710912637273,-2.0748379426384944,-2.418216810348684,-5.46915460753649,-6.620331924320465,-8.095251200751381,-7.586638654690266,-6.082278061702315,-6.039724701237396,-5.043305861280428,-6.2170292277709605,-5.593335607122281,-5.642172519165351,-3.4046142712228136
-0.6360072426159495,-0.9753389379018405,-1.090408871080747,-2.0577521957317093,-2.282566442886372,-2.7515119226505482,0.5338311116772293,-0.10237877612564414,0.08577840494000119,0.3726309771104412,1.3614084717023218,2.0507633453264864,3.1911210447639786,4.629994414808477,2.972929126125223,1.0707088964003133,4.671050055817215,6.57579773660224,6.245328885954603,1.951721691470054,1.024112011640972,-0.46985162162608235,-1.7269630080304461,-6.359060233586251,-6.8090238787286825,-6.78366711513737,-8.7648777178133,-8.202967149818098,-5.768765236056719,-5.766802216229302,-6.092247687619358,-6.9528170021704545,-5.460980439978199,-4.999495918699122
-1.1381195302954208,-1.4958398153704862,-1.9118158320877938,-1.9197610528322355,-1.1666298969479862,-0.3430587040043284,0.15311124159721345,-0.42627287172582795,0.1271250038521502,0.9071071731976366,1.2385785794233926,1.6331959864107097,3.252176976012238,4.199795344157763,2.257401277414096,4.236584164668664,9.346792111629536,8.350539899070961,6.024959241812007,3.6841198134617907,2.7423862167762376,-0.04443561974841635,-3.059817487913967,-3.657901413420718,-5.44899769822315,-5.955435586229739,-8.840651714442341,-8.23430681577335,-7.7047328898967695,-7.4765227869985065,-8.034823568722208,-5.328088558254091,-5.957751321123002,-5.849095412146714
-1.8480222059374891,-1.2185516281188102,-0.7969378290845199,-0.47837450011620386,-0.18893804469972175,0.23916665577205096,0.6663699734441192,-0.22162523168275672,0.9542791182451819,1.3560325705552538,3.226903343204071,3.2669864901775307,2.5278053712347894,4.157245147005187,3.539955618092905,4.967715570885014,10.580936772423987,6.67055135731457,6.302457490558948,3.0750449797254165,1.8416273413703053,-0.378199148001732,-1.2622183852322661,-2.040063085685977,-3.215956911319593,-3.6008994061465236,-6.298559453472205,-6.775558479796038,-8.175729650625597,-7.818187672094759,-8.23573068065494,-7.161346106709943,-7.246213973644433,-6.0670700706862775
-1.6567843132033495,-0.5272773322268951,-0.194442613782065,-0.2781666816314093,0.31331189309798646,0.6441975525013531,0.7528488820562326,1.3812248051628477,1.888897858248157,3.296863644734283,4.839163442739387,2.9399152805254944,1.6338770308410904,3.285710755806862,4.404484289201697,7.72233720631374,6.871416232601999,7.775130613322775,3.613296151075959,2.967646199472027,1.5410215899326933,0.12996517242758762,0.3503673247153076,-1.538385249596008,-2.0468534427343195,-4.173568745412036,-3.2388335982983514,-5.5492941504869,-5.372344964975319,-6.449489984330125,-5.622936077686256,-8.37850768845521,-8.10942953882523,-8.509393358902368
2.7346194795084666,3.7853742424398105,2.238003173664608,1.2206724896633654,1.265099250197288,1.1610924882161813,2.025446681863989,2.281478014210426,3.800551742539928,3.6455036408579615,2.236157177802104,0.6658448409130187,1.0163028433165777,1.4995697969944755,2.693164776959516,4.981251140429598,9.906153733135016,8.923183300680492,6.355320445794131,5.039555799962612,1.9663758133382632,0.5595983210780903,-0.02055877320196432,-0.7391741030036159,-1.3775666776409181,-3.99991773941629,-4.356599458766584,-4.0895172054487565,-4.786564178548632,-6.434076123246269,-6.636520604076048,-6.145743966716509,-9.290846312591869,-8.525172379469948
3.376519588828676,3.4718358489173475,2.8914062235363485,2.7363554765061617,2.0098253395606642,2.1181014910386056,2.5849045724336595,3.054000101863551,3.041835797660495,2.477256050649647,0.315619721847101,3.7367059814673658,3.2221518245689356,0.7035011999271631,4.8578446208534025,11.8968917538178,7.570832369238559,9.444520140586867,8.130833240626632,5.234193417842674,2.989744142540642,1.815699244144987,0.5328818200563405,-1.0671399490430558,-1.6185266490790942,-2.2993518416533356,-3.490156401763759,-4.193174176139379,-4.19905080035508,-5.112029004009738,-6.37288344377468,-7.171825670294791,-9.065301146026039,-8.735591150588657
6.071936043259452,4.373194723484237,3.857444393796158,2.5629452708656273,2.5712179201238103,2.5630359529828888,2.017411167879428,2.9017061922859,1.499901157275348,0.3586335881864916,5.406416915945091,8.693697855412825,5.4129519065652145,1.9544891536578683,9.198617234457457,10.9123494497275,8.91417072779031,9.406105352035448,7.896628917872427,6.16404028615281,6.507804012609105,6.100185438693204,2.1664461583931502,0.23481648321503373,0.29648287933602446,-0.5904842143963391,-2.615796203892503,-3.6739244326224783,-5.03933332265713,-5.446989319819705,-6.1589729270957925,-7.871375315407157,-8.734102481908117,-9.253339799728638
5.654450974711101,4.998147280134599,4.8752687765275935,3.2656945992630777,2.4212337889412994,2.1984823783300587,1.244731338934579,2.7564204836895314,2.8247564234680507,2.430915569973298,5.5354833719193826,11.049404662616922,6.365784169800284,10.623888226400657,11.951501020319855,13.447070099530698,10.238904588969751,8.580900860575218,5.750042064972796,5.426470216974561,6.113821236265482,2.6858862183093355,2.7354432852285924,1.725101352766523,-0.18345240481121516,-0.44512877655129096,-2.648933976939224,-1.7341310740241052,-3.0590590470732284,-5.021561539377586,-7.02280010742801,-7.1566108747085115,-7.649577808258553,-5.567194227160726
6.173021972927712,5.073011039734391,5.706095202409638,4.535578348375608,2.3672170447016145,0.7511588870454787,0.12224081348111503,0.11376539558243609,-0.2666107148279061,0.6851943979778075,3.7446250300598134,11.593787782891518,8.33151151644886,9.701365968091075,12.691607426942682,10.367845739823425,8.463628864638265,5.881839124361429,5.841628664348295,3.947493840803336,4.897129543471337,2.786524914209735,4.210120659055499,1.8004037036588927,1.8158049906924798,0.41928200282494665,-0.7538159763580216,-1.934994300119599,-4.148892768634081,-4.6506827679992195,-4.93884533953689,-6.042016939326635,-5.8161666362119195,-7.55944603914154
6.595111144431478,5.382904069419983,5.629836927736036,5.096122593150328,1.208975261348742,0.8318680639314608,1.4462709121920791,1.851874182982351,1.5656585206784837,1.6790274863518064,4.1998192241955135,5.7898149193497686,9.956604728028907,6.096939013761575,9.410369772775756,6.963079033668246,7.347644793724999,7.330321903913939,5.905479155367231,3.7850659711562282,4.323140602977052,3.5417894401805716,0.8274416291440126,4.215901831863304,0.5907885641097249,0.8076830544068443,0.2666468548472753,-1.1838361128808395,-2.0877774831816036,-4.232766917836538,-3.249669494381564,-3.604266465294402,-3.4529340941840094,-3.529430921892467
6.915832864777111,6.146911506084583,6.119918423387668,6.083982811934426,-0.7688912872543636,2.1671549182931042,4.277957692923614,1.3530571489404462,1.342240962190719,3.209046461110375,4.3633263597415395,8.355469852331249,10.872871714672366,12.267187442101477,7.953301430629788,8.996722631524012,6.313041885223484,4.70226953662647,3.9213891233015508,3.571316337965638,3.2515751712685694,2.9348269027928864,3.0227102744914185,1.6568002919628457,2.6777640128341336,0.796905704237144,0.6695427450833252,0.26073280768616147,-1.3849754415612248,-1.2374546426058803,-1.1218637293981941,-2.1228045283767147,-3.212033018249585,-3.4448073987432357
7.08295044559303,7.135211926028542,6.239040276941707,6.964290630168928,5.303979541778949,2.079335797537048,1.6034100404025697,-1.07311142612331,1.4470120589619397,1.1769506343974752,4.83797493391838,3.9923697050395863,6.292636500619263,3.6805881586607216,7.114555417958991,4.608420347513668,5.434884602821014,3.8581009570635856,4.560372553463067,3.1376018935860706,1.6783980948892385,3.0475163143479667,2.855161308942002,3.255547320679873,1.9418419741610702,1.3432680432788815,0.18988417500290014,0.49985983309470006,0.9766146316324452,-0.30567259505354133,-0.7151285970748182,-1.5701390510378617,-2.1507125070881155,-2.569340594341271
7.264183862175221,7.216282579195534,5.685657174848683,5.62480649208921,4.895022763532633,6.810495617372171,1.8717355007986907,5.378453515010082,2.5673257868031794,1.2793226203137715,2.8395414682019116,2.2609647226696805,7.070490293183374,6.4759427168870305,5.495207293256463,5.4601494843772125,3.5599024093078655,3.896272204153557,3.7585848877374644,4.029066029522614,3.2867659817758668,1.9231506525810427,2.723706404110994,2.9152584715457497,1.1496185506859944,1.3693066940978353,0.9026333982498752,0.7645741413122297,1.529998459552759,1.3171304794831844,0.5515568791962554,-0.17971313790275517,-1.0718933555578076,-2.2101274449422332
6.651609307352097,7.431654750331322,5.962577235276194,4.803583204686388,5.095884482387917,6.118273525905463,5.3671471863210884,1.06825564304876,1.499839693229686,1.7342277650411424,5.132347342511831,4.621710623336698,2.8189345665751113,5.178819213209484,2.88254602225653,4.0773682399260425,3.7738275144642524,2.5066906954552284,3.401657627522931,3.3123990124917935,4.186180601109978,2.426037783316055,1.6891157263614542,2.750087759494111,2.6424422871118627,2.6199516873339133,2.4073252370437084,2.673597321332341,2.5422969473835026,1.5560617828398575,1.0575684603949116,0.42493026789396915,-0.30494319753063315,-1.768197869390992
6.032064956571131,7.614493323926474,6.30868466073628,5.804766940810077,4.230607568738692,1.524554437239388,4.164581023608174,1.0163815879204967,5.732541348464306,4.072384943827077,6.391662514927872,4.196426007835069,2.2404534036540187,2.4163304510627426,1.2120905059781335,0.6617925127858613,3.4238099624133658,2.4390961907928492,3.2253942643940907,2.4496267193439856,4.240027284615998,3.609513637340878,3.217967936509465,2.204960907477654,3.372328631208077,3.6724347802829884,4.1915605128518605,4.413140947526896,3.805603013740569,1.9088005328030897,0.6347277421080884,-0.012060673923028389,-0.11742988620319353,0.7800348219138614
7.387206034184091,8.23175190447293,6.444729861063695,5.093973650113215,4.018799505073672,3.22522170850147,4.321055782726841,2.5861630236346604,5.388825455934747,5.664549811909817,2.810805437406828,2.4639542407147785,3.05386196570421,1.8216042192113528,2.1419489722664005,1.328919313984389,2.218083878765288,3.061091087411508,3.8902409982238244,4.11407186700075,5.209989022666148,3.5965340329948052,4.2564732471975955,4.876756648003747,4.399248942271455,4.465593869837864,4.817785229482651,4.195535548076091,4.7477946182991,2.1635931653926024,1.1173843148355374,1.7072251739926914,1.05223341537243,0.8356579942952836
1.2734464717509242,10.257766738098624,7.8076540811444,5.120736202090482,5.277439952076085,1.5220299572893878,0.42642796868982175,3.1231687137347306,6.106936158766639,2.815626632012584,1.3394773137023783,1.7332214230364564,2.3734743216606637,1.9899283984414715,-0.4154310083175053,0.8190877675159809,2.717923049209842,3.6987818564413644,2.085680251317638,4.9993885881938445,5.170464310324744,5.707223488047838,3.933905550054878,4.269401686968567,3.8369397042357636,3.1112359508295944,4.100848554478545,3.074716133573568,3.6175919664238547,2.7322716633603665,0.9292316887225833,0.5949761872223931,0.10891245687500137,-1.8003136830460864
-0.8348559064005133,9.620000224155035,10.25288882071971,7.941854262833053,5.692221997199145,2.575432961053828,-1.3556233834898965,1.932265564079215,5.214830816567271,4.0912241909958205,2.6186910872185774,1.8102866981215515,1.3226790125234629,0.4138757708460273,-1.0170972163201142,1.9066809945659469,2.1354522360736863,3.498742022211473,1.0369167570554503,4.335207093951828,4.384214753989758,5.551233990249155,6.001358980922484,4.8783570002775125,3.691442186860239,3.1840751359643966,2.5161652900655205,2.394564108914908,2.5275559018707225,0.6957543467372995,-1.1269327257802235,-1.6024351445884224,-1.5464474543705504,-0.047287900022822044
-0.327476011440261,8.12030181714061,8.90907631404506,8.222918490511884,6.675651906747611,6.520539377446325,0.8157810375597578,1.2667573577510367,2.3918114571574534,3.164970404645793,2.296017990316755,0.22718275531378798,-1.3688136397841826,-1.3176050094509433,-1.6513914013676785,-0.49184363569173883,0.46543153361469425,1.745076814223915,2.5992893812851197,6.186534258485746,4.986851846383115,4.202272040117273,6.315321989345612,5.985214702990524,5.6278802503565535,4.618506073955237,2.2659109436977207,1.6128999725020805,0.5819989312716857,0.14600066193403183,-1.392888196127512,0.3995516992676518,-0.30237809739670324,-1.408119054187009
-3.426526126304054,-3.292844814676414,9.104221548994735,9.069731422548777,7.230439291419857,3.3853329819521876,-0.5486132363702193,1.1631064463515144,2.4915985389831663,2.297944993696304,0.1427905534916938,-0.3049400443977403,-1.802520222731061,-2.2373229833743005,-1.4572528245142617,-1.6562778209946043,0.2637360482198479,2.093298210395697,2.996640011987327,2.1130456066035275,5.493027461128486,4.949466400294441,5.559347986024969,5.00202214734304,4.344670093927679,3.297713301151882,2.55459367810178,2.056211135226152,2.1836659812190926,3.4486102354683057,2.8503103987553655,2.1442445025579517,0.08444610689549241,-0.03091014966865725
-4.2633782218659295,-2.947838041851988,-1.7367342221073476,11.733529506810342,8.49710506347704,6.765090014603317,2.6503338613565033,1.1800616594839746,2.8156829768860767,1.9365547602313553,-0.6343391938411321,-0.3397618579710751,-4.4469238168915615,-2.6805471799614105,-2.1616776716255437,-2.1747640669230086,2.116471903271174,1.8850010261524293,2.0754169177662622,4.2891597846478495,2.033699873552152,3.957035934402994,5.177971875761296,4.968889990502699,3.037880056668628,2.226160721038486,2.4906859597150657,3.1075314907775815,2.8832592795371057,2.280180234593408,1.6819200002236785,0.7978519505090975,-0.06986994815254673,-0.2832134153311869
-4.604222706888275,-3.893642394839191,4.219340788040377,13.667500054203073,8.653994689432054,3.596043095011263,2.1633490289831308,1.020644547425927,2.264772301348802,0.8349386479426583,-1.8728642916896852,-1.6419571045948333,-2.7612052543552448,-3.080240442382416,-4.503668660106978,-2.2535498753346883,-1.2856745546911574,1.2898324541272912,2.957927483151623,3.5878290344407633,2.998218406974797,1.363912613528031,4.757204176978089,4.053136372489214,1.9447583308961625,2.714591497913226,2.909726423147714,2.047665695661119,1.583311845865933,1.1519391363261866,0.5056445548555055,-0.35274746294039877,-0.4666838708890127,-0.3340964082475219
-3.6120596673185354,-1.0911982194175747,2.8130770436502925,12.936099686364075,10.098359011966716,6.333869764630874,3.732932688359075,1.820862878896152,2.8456097239895115,-1.6757519793347027,-1.8967566503837,-3.0679214589898347,-4.366129843309969,-4.713138478033015,-4.6414071283247,-2.784596886613067,-1.9857631148999422,1.32987614341878,2.7987426750480098,1.6972550811545446,0.7630557536558301,2.768263510105503,6.02206160269721,5.514073671379258,4.647578265475892,3.2684996070592556,2.495095199186366,2.6140441227811713,1.320352517424079,0.5271144193295211,-0.1655490283999333,0.0629518059967116,0.2932674094345295,-0.05049895090057116
