script/wind50m.json
{"header": {"parameterCategory": 2, "parameterNumber": 2, "lo1": 3.000054539987559, "la1": 64.9999836372058, "dx": 0.5, "dy": 0.25, "nx": 34, "ny": 52, "refTime": "2025-11-24T19:00:00.000Z"}, "data":
[rows 0 to 23 of 52, columns 0 to 33 of 34]
-0.6814976216150902,1.522695811943399,1.1370552969687142,0.8495423275796474,0.42462770975388797,0.5148681740985052,-2.0869774841176927,-0.18035099998585946,2.864215285143097,3.567133164859615,2.2548367185898432,0.9078874183764173,0.41483981910245105,-0.8826523043031781,-1.1116434382890317,-0.9115960367318426,-1.0446229193036438,-1.7971109326999624,-2.391201174648833,1.6214371283932258,0.6075058485898228,-0.49787848515017014,1.0487680156986228,-0.9553311016521021,2.768766438449125,2.7801590537949274,2.2727329187938774,3.4890236211549492,4.609055915294533,3.5199590500250784,3.131044466214356,3.2162631021034342,2.7313113631781327,3.876295355581292
-0.016636493987616942,-0.9896116202075977,-0.2576053422752484,-1.4101622345289495,-1.8678636609345143,2.02940348351681,-3.44522089356999,0.5721093082915607,2.4878110483793527,1.503929290273223,0.01518656819552738,-0.5949946042304382,-1.620203009792538,-1.6304079772374247,-1.6903248738131844,-1.5837631091725564,-0.7651274101131516,-1.1695261115627906,-1.4302849810981115,-1.582722379344934,-0.31419492957803646,-0.5876068977705596,-0.31598023612664927,1.560814067449545,3.02726676841526,0.609641758940369,1.7439102214501425,2.4781774044601006,1.235987484698035,4.257575163657645,3.247378133519672,4.099131095000399,3.1052401798226117,3.9008144651026204
-2.0684971420511364,-3.012474802439033,-1.2433859528931164,-0.941009210025006,0.3342790854599903,-0.1570475960416015,-0.0007006542122951152,0.43041348285926934,-0.11488871213053649,-1.2162769137521783,-2.1450113029244875,-2.3374749912095254,-2.3203405948829454,-2.6121375119480676,-2.6221553440472105,-3.128770398744042,-3.8772805064517146,-5.738777821860234,-3.659431256586574,-1.2136809613463253,-3.2218049264930335,-0.22455620550922453,0.26544017674895926,1.023922080672093,1.6449845167346628,2.403691957938125,0.7077066997372664,3.069192783504868,2.9593718405105465,1.2700012699448728,2.7969633637188793,2.739133844248369,3.572346850740855,2.68545258349217
-3.3487502221551977,-2.641016957083382,-2.6284148138650116,-1.6897115428008949,-0.17916319780804385,-1.1148731595173411,-1.1970023943330113,-1.9336065015066155,-2.3591724869558917,-2.9114273245771263,-3.0910031275939756,-3.2173769754760877,-3.343486696396815,-3.284242862762867,-2.828395703640596,-1.8114741721771352,0.24352671176193988,-2.5267524597665565,-2.248717240774652,-1.1669939326052539,0.17934419318840913,-1.0975767391657585,0.4317848345342089,1.6720572989585356,1.6281598799906074,2.4268000550572526,2.1989920463922474,1.5954963590763551,0.38147209141641536,0.7801505059228235,1.4450987200318202,1.8611051353272927,2.7599918941242896,2.204850433833953
-2.8586336579232783,-0.7663525221008634,-0.4654553669236408,-1.3850483515848662,-2.330371511615625,-2.3662857596855478,-2.890020431259417,-3.3419354573658353,-3.6839091291143493,-4.013208551047326,-4.081986002306187,-4.003372147977782,-3.881007301648302,-2.5933629697628127,-1.073895444818365,0.6857569408095197,-2.2583725570254605,-3.0711349609978984,-1.7798442059229573,-0.2849706913904441,0.14181351746653248,2.206703552572446,0.08445894934182624,-1.2157845426217682,1.3881476550952443,0.4590285426261137,1.5035361608824585,0.13416477494234966,0.7929154338466459,2.384276892074035,2.120321838185909,2.0459956361815586,2.58162405973481,2.3448028444777056
-4.606935057041001,-1.5203642839209288,-2.1166014480863584,-3.115829895781669,-2.8319743675306004,-3.3427332671951238,-4.238293090062456,-4.307058364084763,-4.67989469059406,-4.899004515754582,-4.939140010333686,-4.102044115875312,-2.663679427023589,-1.4722134946927967,-3.3166362131145104,-1.8360250254888708,-0.1884772317920935,-3.3152548274640523,-3.2887325707680426,-1.7906578143893397,-0.4756539494602585,-0.8662415797509967,-0.006425114666084337,-0.22317708400559882,0.32747017345004786,1.0974017145559598,1.6660430896711038,2.3845467699550618,2.090947706320226,0.7933441367442343,-0.06025600129511814,0.8992155133356915,2.4710327827897145,1.7900975289016066
-3.0614455843974464,-2.8597850616956384,-3.4470718106265132,-3.654112164037924,-3.803469708379985,-4.520816827347291,-4.576740591125535,-4.973014570192097,-5.199834584263717,-5.330131983405628,-4.0394718503530616,-2.9217851765794474,-0.6583385258627468,-0.9932045639048637,-1.1754024245806824,-2.6032680988843038,-0.45444808112447166,-0.8922505635521376,-1.973212374156785,-1.0675359141177032,-1.58160805162762,-0.903016034379344,-1.1170475266588815,-0.853283248316962,-0.4756984252282325,-0.3141954836468361,0.9735115071232058,1.294922769510473,1.4282783325330446,3.234096402662812,4.405307589369093,0.9062629809941131,1.263422284854259,1.2905046040576578
-3.276782102706467,-3.6961561563827146,-4.213147192994933,-4.487055917235665,-4.846193790571244,-5.315221567552273,-5.52483626238269,-5.648302490686109,-5.526806378449817,-6.02616583280698,-3.13273853574553,-1.3303033860824525,0.8084404195031678,-1.2617182407042935,-0.559237476385365,1.5748278976516998,-0.4548392326853451,-2.082531199010368,0.252553710301125,-0.1778076852028158,-1.4955660013117542,-0.650639989955965,-0.138986211135852,-0.24251554543342912,0.18939219574390004,-0.06483345120442525,0.2058331977836116,0.7047658653333909,1.7814869289390909,1.9714005446567664,2.1597071074680656,2.466128182527601,2.6656406354689226,-0.2872665567148333
-4.08173018044179,-4.350586561670913,-4.893349469708693,-5.043718140297779,-6.102215454841028,-6.087202816709802,-6.09627450888776,-6.238085029542439,-6.160775431926919,-3.249093763947524,-1.9812264454181212,-3.749515222295632,-3.398162127969297,-1.1416576026894538,0.5193124215431534,0.570638998354557,1.5024800266347391,2.090704430151522,-0.07046493564952762,0.5274917736722091,2.2036079831334647,-0.21964747622178266,-0.24484155718484973,0.5583375414488101,-0.3365634447147359,-0.16832407032015545,0.22995027112904126,0.9952935438882232,0.887406081225565,2.9433482146447316,1.520756048265787,0.7310785831443394,0.06813294863532414,-0.7041392208517325
-4.499862392416606,-5.415335092596318,-5.749216124506898,-5.984126403400932,-6.619208147475139,-6.636397716086501,-6.931935548553945,-6.4276844752728355,-6.062384288758816,-2.9228163175529303,-1.0477142791741105,0.12184280385085709,-0.3277362772017119,-0.6088058785452601,-0.29069991068004297,-0.4951641790318563,0.46230011029616297,0.7876685658921397,1.0697306933580533,-0.596013991880691,-1.397695983694652,-1.1552035831018037,-1.1930850091120595,0.06620949934147169,0.3304027914099481,-0.30865311890694885,0.29275976360636113,0.036102829304870555,0.6526440825322477,1.3139191180450929,1.7706777981940682,0.46074394400830526,-0.08297285978335715,-0.30992247718834043
-5.7735038219311985,-6.07129342434398,-6.163445598360169,-6.815822647911992,-7.121024571554111,-7.8547135183261485,-5.408829987073768,-2.0153874386079322,-4.684107403577295,-0.4603974699426638,-1.3830065615393996,-0.0010187002151641636,1.6857074191626233,-0.33900024964279324,1.0741659651299358,-2.3430419579957147,0.8374041774905123,1.6581047384199332,0.7523260454540869,-0.696193550462498,-0.8500961110779419,-1.196278166111648,-1.743233047278995,0.7968329847752151,-0.5428823462530142,-0.42327840212248347,0.03416859739129722,-0.17820322796416757,1.3754594874870876,0.9046538295789684,0.5634410887585037,0.16691193929570336,-0.22476430975549258,-0.3638301334413435
-5.965124041762312,-6.196451574472067,-6.7646827043696405,-7.38434573723467,-8.70234614823814,-3.0874933641149944,-6.27863002617829,-3.0330048348492338,2.194183795711934,-2.1358321183203164,2.008992766978184,0.22443585043139577,-1.1359243199507072,-0.7883724279329928,1.1965509210024856,0.015397351585035808,0.026451331252804813,-2.2861850243313295,-3.123013694377735,-1.7417486154077346,-1.0616723530115917,-0.4867571306013297,-0.15554008890264842,-0.13895872426786074,0.18422508723699532,-0.07232927581977316,-0.5781152536830959,0.1305059578220274,0.778872108773046,0.8720048034027694,-0.2128038453256875,0.055515377520278505,-0.3637602963018612,-0.2972472035358297
-6.168786554364281,-6.683010520467266,-7.117588390430256,-8.284065593290306,-7.0194232624887265,-1.783773351614821,0.8609558433363247,-1.4609738396231724,0.37372507785348485,1.5816324067626981,-1.5947035904656937,-2.7052621473664447,1.7914035793607026,-3.5973226638547975,-0.19579865809659283,1.0915282130591377,1.310404255615207,1.4868389410165974,-1.8910258448817021,-1.8748447420572185,-0.9495754585709711,-1.517987691678773,-0.6305159662109914,-0.7054199610349455,-0.03976594519747105,-0.20375189418290615,-0.41517342039243943,-0.984062948210231,0.03044678352237767,0.4852809350557659,-0.5542405343075207,-0.9702896639710804,-0.5317760675057887,-0.12503059641255554
-6.359769317255015,-6.762987801139594,-7.96744758957507,-7.93343186043012,-5.411820828113083,-6.0431045951607025,-4.385136714211574,-1.212358587779608,0.7209580333695489,-5.104613218312798,-4.49188069311327,-2.318030220264826,0.10267722988033903,0.040623087114112444,-2.874132746690785,0.18174935103955853,-0.16170310027961785,0.5148442173270131,0.7009129521389645,2.369320532790908,-2.055344767111511,-2.56004846972264,-1.2575448310257826,-0.9751589098510655,0.34230792154115314,-1.3034884014124448,-2.0042028447958318,-1.2672327753161328,0.210462423524114,-0.11393129437691882,-1.2654560376743644,-1.4167277904804554,-0.8322122427189103,-0.22975348851783106
-6.51547675377691,-7.493750213663419,-7.797306246677214,-5.686079138255658,-2.6975521452799334,-3.762213654160241,-2.281723445888654,1.420362990392599,-0.4667281006553036,-1.8313405384511903,0.2944980025164041,-3.6965835179028215,-1.1306129691599187,-1.4633854176498657,0.10169285043064834,-0.13399452204515183,0.4136762568669728,0.19911159820991237,0.3789114792551679,0.017680066809639863,-0.18060692191628216,-1.9015730535497615,-1.5206435936158293,-0.8336254980913579,0.019292611369727482,-0.8451918518094815,-0.6038735666238977,-1.5659728787667198,-0.10092510304739022,-0.32871309704129553,-1.7512084384102438,-2.088247466044055,-0.9133659107922869,-0.2363748659495881
-6.654990778738346,-7.247333299120472,-6.533982897868348,-2.988114324243397,-1.671888274409015,-1.159841100592745,-1.0460986442524682,0.3210651754407743,-0.5750184358134673,-1.4485519994299338,-2.250740337565818,-3.6195970009679703,0.03587810167637278,0.32910847173916363,-0.49761713746219194,-0.0402467048919438,2.4712143774647366,0.465314259480036,0.0924130989789333,0.18571124374993653,1.261754745950919,1.4761891322837137,0.3403087156180223,0.5043062381820556,-0.17726135520426725,-1.1516718091991518,-0.7403324012930995,-2.2272142284896326,0.29104650339344373,-1.3420451197916785,-1.3709361177236046,-1.9440711368606851,-1.5270142854471602,-0.7525505383684336
-6.645164332714401,-6.71187467245641,-4.857471499236586,-3.1072199848387685,0.4369123734978056,-0.8683885037821126,-2.078389690636921,-0.2827325140034964,-0.12231251461144074,-0.890437287895435,-1.7252352053142452,-1.760995165320695,-0.10616555284512069,-0.27687168924736366,0.34656298714295675,0.2834547785006662,-0.47743759366211164,0.15593661097043074,-0.7060357460390378,-0.42404238182211484,-1.0528440015103275,-1.2598424383367623,-0.9011728252197141,-0.10077172755686974,1.0833362580608539,-1.178104927243869,-1.2206494113025284,-0.5234356704758889,-0.3213074934797539,-1.3215699057559358,-1.1002812545672205,-0.9164504170677534,-1.8811311328256675,-0.5319624538417366
-6.287292138626875,-4.442248892997544,-0.8663370987564513,-0.03811882430366852,-1.2812614246462803,0.15431534871061134,-1.9278914362352035,-0.1853897498531082,-2.867109322353397,-1.367346584637339,-0.661920673403015,-0.1070902383341401,-0.043411578980743305,-0.10712133629504524,-0.5686674480024645,0.0018354764788121093,-0.5840171960713135,0.05354694624735119,-1.9629112837253206,-1.663614176130543,-2.4218896023468153,-0.5707649307562342,0.7172850524803924,-0.9606102372428578,-0.5193609665372967,-1.1980622255260793,-2.8498606807102025,0.4816294716624239,0.2873651626119005,-1.0082424653897215,-0.8195119001369223,0.0344659580559543,-0.7529518042695068,-0.008644844827274241
-5.243233383749666,-2.9302263173493266,-2.1008805876646597,-1.1843177256500426,-2.4607113969004732,-1.1422836634223323,-1.7632241303681928,-0.21923509358099022,-3.7276747135229384,-1.6688015979486008,-2.3030541708502117,-0.44260123372026333,-1.288065177607697,-0.20825378269615294,0.6044051396917771,-1.145637860191736,0.9949892724764512,0.15214871264117039,-0.07961365783260213,-0.49787194908470694,0.13485893793254927,-0.6816646431330043,0.34091400286983414,0.9701483328480532,0.5056979849317698,0.10058276056952753,-2.9708059712002575,-1.5055567658305935,1.1949752610179478,3.7807372992497204,4.7450260523549135,1.8923400833187611,3.1612885244301308,3.2036397266235324
-3.8714942985584773,-1.2537231332980914,-1.2482646679907135,-3.064781800598202,-2.24173294421954,-2.6932395348464007,0.9746376694992709,-1.8587573625713099,-4.1035958307096285,-2.703368866842911,-2.8174062604501753,-2.0202046418822612,-0.4825544746348883,-1.3002204363546024,-1.180428224130781,-2.7276574303454084,-0.9942053740319178,-0.4979310255712763,-0.2975815861043693,-0.5293675581562637,-0.1292618172093527,-1.3938247102012644,-0.5132110017041585,0.3051635727143365,0.20929342559932698,0.11765313570501329,-0.3055764694547487,0.4343087236547035,-0.3209808034016812,2.019259140381321,4.238945715709804,4.436008892001353,5.634667900691913,5.028919688484025
-5.598324879143497,-2.027464995976869,-0.37777185581503303,-0.21903721788545213,-2.665767678372579,-1.367062820253153,-0.019898560520837393,0.7221162939120763,-6.189118869430532,-2.5258965504967357,-4.043716228665824,-2.777691725445915,-2.393513745390686,0.4137683227070396,-0.6162847839071197,-1.866442097054278,-1.3215105121722595,-0.9261368394150359,-1.3191904466830333,-1.813481984468459,-1.145039036596328,-0.49385994531903643,-1.1001315246366024,-0.7217407134926542,-0.6989532277695115,-0.06917273569360287,1.048452999680989,1.2250025495758177,2.028606264488799,1.6148267253424922,0.5509560756408851,3.93255261670667,5.077657850995393,4.8201435527067025
-1.5075279583536094,-1.4287893111182188,-0.17667576066861135,-2.598729911145339,-2.958439848313057,-1.6777716897872281,-4.12149646380232,-4.311622921486304,-5.256629338097733,0.22955468994113878,0.08412534383712637,-1.4313934391440277,0.5162943103854297,-0.15265591552425475,-0.6200956732193499,-1.9504899396874027,-2.489808338870171,-1.3818469229111445,-1.886261240790802,-2.68936471111942,-1.6978306549733788,-1.9601701613382014,-1.6441760748798937,-1.116949272599303,-0.6968664595365751,-2.36719694010279,-1.074896235831619,-0.2416490104283511,-0.6357343980434593,0.21084091432113922,1.731002680567125,2.7928541966995297,3.598151493464112,4.91712715772484
2.1879751618613135,1.974206867031495,1.8113609398773054,-1.910758099362017,-3.6072713133174115,-3.282601868229269,-5.204419349170645,-4.05517001407514,-4.069801565207874,-9.191548453462817,1.3945554278782695,-2.576309551755406,0.5328916207465562,-2.857654026718539,-2.4923665254069722,-3.5343545500558817,-2.847228358924671,-2.682488268820404,-2.6578132921962503,-3.1575938585159595,-2.889059483355768,-2.4185073994270176,-3.554662583565196,-2.9979243167150504,-1.2035172242218466,-1.9641403696764381,-1.3160539253509602,-2.1472208696183546,-1.6055609994597142,-1.4025232055871906,-0.32580698583211404,1.4325276418687856,3.087393041021652,4.93355682733385
2.390032271637211,3.364357794756783,2.248314222145455,-1.8787618855531645,-3.900543147771398,-3.48082939894687,-3.786525114079842,-10.277753265982133,-7.842517310773392,0.06701076215957494,-0.7727162043512134,-0.29403894377881323,-1.3605238826365413,-1.7996065130547885,-2.7869848575176985,-4.950573075941101,-2.4685398365554594,-3.549727470243749,-3.204198478639719,-3.299426574208161,-2.486713831434636,-4.467104200225076,-2.796239496474791,-2.9164523701375527,-1.2453039010947276,-1.810873941945428,-2.9659131186784875,-4.042890159458947,-2.493720517361482,-2.5972151500076386,-1.6923886885583728,0.16924653010046808,2.0857573535013985,4.762020700229518
