script/wind10m.json
{"header": {"parameterCategory": 2, "parameterNumber": 3, "lo1": 3.000054539987559, "la1": 64.9999836372058, "dx": 0.5, "dy": 0.25, "nx": 34, "ny": 52, "refTime": "2025-01-21T04:00:00.000Z"}, "data":
[rows 0 to 24 of 52, columns 0 to 33 of 34]
4.2159683128403636,3.5884060644994955,4.867945124598977,4.149208980539376,4.2103095325387665,4.150339583234381,5.3814168600683345,9.588927869818614,9.575786144328042,8.694815964959435,8.161411855115478,8.872423345741696,8.289822713745863,8.82629698961257,9.78595453083766,9.41102127493537,6.218472605116612,7.2435757903692295,5.074715615912996,13.093526699312957,4.844135914260814,1.9803921708253782,3.22092418173668,4.599585283761257,4.321339932625517,0.09488973243197855,2.0524939105742144,1.933501095580019,1.6279964283228001,2.348673554574291,2.0552183437994196,1.5958093477545663,1.4586252082411577,1.2733716207097667
3.3690927608421544,5.161865139576331,4.238412433445695,4.713758626147769,4.066360197724144,4.519432459224599,4.9918767091146865,10.10497306567128,9.354853124832164,8.37799282720891,7.784957291246765,7.713203471975539,6.539775749417074,7.186459419416,7.277794844323836,7.073070566225533,4.819939708559188,3.7379257873567666,6.614698987319337,0.570799815046319,4.630457384255418,3.2396219163359645,2.3671833216041476,5.072003024323885,1.2199920059668465,1.365569884031524,1.045624220516718,2.539966720265583,2.3113498642704275,2.1056687258615616,1.867838476252865,1.8627140011124665,1.7382244744893822,1.5572408364756862
3.042495522191877,3.3295349651588126,3.68936481786412,2.6889833239628986,5.22204044082231,4.634901179697283,9.67226028170293,9.624045602173862,9.014144364073134,7.9866679790340385,6.856489969831245,6.801679496168454,6.22308839298511,5.3171111107762234,5.66538888685197,5.477915712974216,3.188192869586385,2.066107274507073,-2.820558988787174,4.379084005398448,1.237519452835848,1.7982105723480915,1.591921907570753,4.405903275983323,2.3360888477230772,1.3251771952654328,1.8082612155483073,2.2206799050990775,2.338924622771856,2.187785648666782,2.338513554866071,1.96776407350324,1.9277899347578886,1.7534812787107725
2.0230078055019307,1.445644079715753,2.7209043278194134,4.056503133046633,4.7012924910303635,5.242916517734296,11.307164567504342,8.741918824694887,8.494598002228697,6.544955314288431,6.084573215595697,5.753570005503648,5.1396059941805845,4.758402774632918,6.0512424100991415,4.605751293104132,1.2032710504364788,2.0380909794791275,3.9421162366909184,0.29095045047209606,9.747395222756873,5.068307733659016,5.710301804043816,1.430382099438294,1.484820496062896,1.9532226558741248,1.9375966898565404,2.276426016346038,2.264302161362677,1.757077150413189,1.7059473687175062,1.8062823040646439,1.960283595972894,2.181865959664733
4.729681799162712,4.198633966632242,4.6044993071317,4.1394236410722485,3.8401498887313545,7.168724904492624,10.203745326860389,7.804735282929181,6.837205038899751,5.262150768338587,4.468229127391422,4.138031077525958,2.528606298089955,4.0989615348275095,2.6520113468781603,4.305617692260597,1.370675787603455,0.7399921276487353,-0.2809669461569297,5.663866935936853,11.417158779658491,5.998729613717264,1.971898387962831,2.258725081306037,1.6885774642848197,1.6349240863831669,2.042595682476822,2.500568569491091,2.389008463214959,2.2169476680372133,2.229427892451978,2.3580019529333893,1.510031895162869,1.8528485788033124
4.83348502920848,3.5166195262050355,3.5911196569025354,4.814974656247112,5.9697475682466985,7.035489525938844,8.619695722736008,6.83764506993384,5.607967798049421,4.244229335390211,2.581802444793295,1.1725727370704395,4.004430076210878,3.0927499526609696,-1.54480704731071,-0.47417874209287486,-2.0207396698070608,-0.15809462650779868,4.166071214225988,5.736950818097839,2.5380703896085923,3.093409590469159,2.039537185619347,1.3254942937335177,0.6288270414971702,1.7550224553385085,1.4392410878412794,1.4952133041690625,1.738478680587002,2.2433495485095207,1.6898628247144105,1.88838652214499,1.7057580984503944,1.454366026691492
3.6511886613015827,3.113015231425313,3.633075518563289,6.500393199840194,6.701327624937464,7.218034871246323,7.407736331281081,5.983862869861091,3.9819591587462058,3.1075485113878285,1.4566715667534615,1.3630413415437175,0.3704564480892292,1.3891172522847914,0.08748112674684295,-0.055979098458722586,-1.013871744832588,5.257051121916241,1.693228268524855,2.6839695360219302,2.356817700558387,1.8343576572181388,1.965931613880905,1.595633939750423,2.0020079338649754,1.7205276975519137,1.744486772622278,2.419928781302262,1.5070472852959633,1.5906472088111223,1.4009138975268383,1.0920311302062515,1.2796977460801056,2.586200788549168
4.433291791129321,3.9819473706174824,6.23743128510534,7.568961443556582,6.91794257532539,7.700683724212215,6.282881539675477,4.3065728392870115,2.0328482306042037,2.194326727118155,-0.9002187801512452,0.43840486932091827,-0.3240640231428091,-2.0320169459134223,-0.07738399694058588,0.5529890053759051,-1.6733006092002165,7.034831861573072,4.467066458990361,-0.26483839960457606,1.5172492173342695,1.2356503578145162,1.6400912572688569,2.3444896936878163,0.9140278691438061,1.6674435360162319,1.9357757531182807,1.7686842323643683,1.5792472391046524,2.028997753052661,1.9996826265390273,1.2577965413934151,1.5566070993664198,4.919958440143274
4.745252286074095,6.990942349016424,7.679055849748034,7.757566989514668,7.9289399175002915,6.829532270352922,4.76652523219577,2.0818322638082116,-0.407184725676292,0.6531757840705945,-0.33712634213385584,-0.05481305682803849,0.301597968512984,1.4363025240420182,4.723194207101432,0.6052741334064587,7.343821063066967,10.847200431922941,8.10987352432101,7.879442168665501,9.512821486527713,5.673580093137748,1.9752143637298203,1.9994512843941863,1.5720802137912233,2.3787477780783806,1.7122309616837745,1.4432555585135034,1.9116033167074764,1.7913888905636748,1.873329204937517,3.843317597633444,5.531023271362824,5.3329649837740565
7.08006302688486,7.464446331323245,8.20833819527383,8.564982878959846,7.544937345075498,6.053922023202635,2.3256425889697607,0.572417276399597,-0.24095341797649866,-0.5425487278877497,-1.2139269914903146,-0.6799296122527178,0.308924949157391,2.05571748805971,5.023146976616654,11.356102271380935,0.18798235362706728,6.0837921450674655,4.13758009210854,2.0227771091809905,3.4681162187807133,0.9659563766888053,1.1901954928468534,1.1020136640513052,1.6345779599716712,1.838447821953056,1.894103043638314,2.3397730872953284,2.2313963319964123,1.7890486880625336,3.3419785319158906,6.807499223634767,6.937283295413906,6.609139508278102
7.2711311146341036,7.833710177273407,8.076494685074504,8.52601505244227,7.3911938063898015,4.022330869431312,0.8557991283105096,-0.12408085788350309,-0.6184200670471426,-0.5795436927794433,4.674544512110595,3.8843146922949656,0.8435924643550643,1.826728833022703,5.035342723018886,4.368111079320308,1.8778148859842212,2.957255096272061,4.0764973246171445,1.0069259874222989,1.2489457784416722,1.7160122488836165,2.0020028391550984,0.9744003341603238,1.0557985289622898,-0.5297259618598918,0.12964006810920584,1.8478364774209257,1.666568924490903,2.1307304773365763,6.5654709815039185,7.148021049836014,7.381716702127715,6.905446374278627
6.592038221814567,7.209731793342386,7.925953337200396,8.527985466839981,6.288435373530243,0.06261986137429806,-0.7208424133194855,-0.06522575394987666,0.14690630025905746,1.091460889337432,-0.9511197850057274,-0.5508822540124648,2.1404729692686426,-1.202837652048379,2.490568460047526,2.6193983491165493,4.809505722054313,7.348830173334742,5.856634251187115,4.460422117502769,2.3873307317425434,0.08593945070185317,0.9363882797064444,0.847305408170161,0.4217371116010797,1.2691872593949294,1.6753236215418816,1.8074218306881726,1.2782417283276502,2.304492507809309,6.00824340706604,7.194711671725379,7.564511988319328,7.227392607076178
6.857584205179403,7.03644162473537,7.8942724234557256,7.8316126528450845,2.149924584599175,1.0838980304968144,-0.28391878224861417,-1.1655967179476892,0.6383713757271862,2.0477102878707036,-3.213712226432209,3.586677203472017,3.8893618166534054,5.860688516561123,6.645040593878916,8.527820895011358,4.203464875804997,1.3927205652878516,2.0956379533578566,1.541242481705105,1.7920212518953802,0.7204009065116934,-0.12745574109185712,-0.056159639608376194,0.5256574734790822,0.8632995173568683,1.0281704173731991,0.7999309676819989,1.0823431650037487,5.493692727347629,7.456247462548893,7.700560571927711,7.488720756963635,7.38113614483861
6.24102308002129,6.404261674051894,7.335665536051286,6.906240479015999,-0.08689182265875031,1.6013755212841567,1.2561174911373698,-1.4249430324297256,1.285632895413302,2.645853781858784,4.363582586018087,0.09379333525015429,0.8896104847304835,1.6727069715314162,1.0510741476574434,-0.1607362059114313,2.4654417180197505,-0.4838467620486174,0.939079553808153,1.9792946270704226,0.11077516261362746,0.4049804542492006,0.5465142410991011,0.5807404041961117,0.1800985605770646,-0.09726390447199411,0.687420875524139,0.2796238450790119,1.5272158338203123,7.48996324347748,8.176406090448365,7.5674790330134085,7.135032771636543,7.082798874269124
5.982867321408508,5.85464636940458,7.0215175563726095,5.941344255304409,0.6197443375736027,-0.8033837797718739,0.1215790275317792,4.039772093056127,-0.6190818362148587,-0.8746087137406298,-1.7597192411419347,-0.9517150538569298,1.7196274238767817,1.4553708785283606,1.9255354616928853,-0.7055001184083801,2.107669396276944,1.3812282431945913,0.19634037724889714,1.2367376103069012,0.35130793902529256,0.33216045544151435,0.4928048314317307,0.3568212480591578,0.004328216044529489,0.5200994142983895,0.651286911471115,1.5290307730355888,2.6009669273039657,8.22170172068757,8.04405375161982,8.041950726282026,7.173072773415829,6.811235931623011
6.18806543173013,5.760060387913996,6.6685169557620165,5.3825772257397,0.3315477543555719,-0.589762329202876,-1.1239206510047677,0.9345784480559152,-0.5913871740859673,-3.1057994966008544,2.5560087598943597,4.101513255004094,-0.9946873465762269,-1.3443114905153186,0.6981390473110617,-0.27120550376968816,0.7148920122650475,0.20456996314318118,0.9650035082075165,-0.4969354584971538,1.1534424741171587,0.8818563274860168,0.0036552345441333038,0.21453498178563682,-0.9596711606457914,-0.18722471025715592,0.16727310654136462,0.6046222343210849,2.715598475061795,7.582347137797082,7.454677237591238,7.332199275197031,7.63075265234744,7.408596899535307
5.685683780510458,5.634781472476009,7.1134257196500545,5.847297524013125,1.6525408024429056,0.42231521103781217,1.0075848303748522,-0.4638536727587954,-0.8729691913180662,1.8143965531563264,5.237534894443772,-0.5028798728020512,-0.3381522291335939,0.1849277070640797,-0.23715414995052295,-0.373631547791046,-0.42724958843173033,-1.030236987539002,-0.1593349280345883,-0.7646534143625564,0.44105180855018045,0.6589375141138455,0.4370401383847529,-0.2665581347238046,-0.10245513736629483,-0.09680501463263295,0.5598767016751446,0.47460179844320277,2.1281558617324867,6.6468328901503115,6.219507213977624,7.259919514901371,7.232215788090176,6.637763912135957
5.326826289629932,6.1213684579598056,6.552245080189948,6.301118375356231,0.9334366451373823,-0.23952805753716336,1.6037726076168142,0.675656283433434,1.9707822501376242,5.337607275271848,1.2534919819236752,-1.8264240894088497,-1.6165785294106017,0.37395277055540616,-0.3974237477233111,-0.23093030562950714,1.4196138792154767,-0.8049241697745202,-0.010804573685331918,0.014976253173031506,0.16611658335840568,0.2862476101871329,0.3324922197397783,0.643276935581656,0.46003573236619844,0.145833157064267,0.49331194892203484,0.44171413308459223,0.5516142438658413,4.575005147725315,6.563029248304198,6.955784028466503,6.785684330235232,6.955608470766303
4.656596728723908,6.698185584569342,5.925722804961012,6.13753412889229,2.4603338154060137,0.49898837369684856,-0.15646928345219924,0.6830121084646333,-1.0892454403010647,-2.9958632185095517,0.23786077163364633,-1.4273236676136196,0.9659267229429693,-0.5709657418978074,-0.9845149512973801,-1.4194983094448048,-0.4165724087091919,-0.26003380300945267,-1.1750772300905223,-0.1846702731820123,-0.3576869115021822,-0.29350498658303265,-0.07314249446063142,0.19865976611121253,0.09259779796209604,-0.4560057335683376,0.23971747913587121,-0.21463087999372957,0.1905313332977465,1.0192909942537958,3.346984199559661,5.230574692204101,5.686781239246428,4.006363758724565
4.600052952275239,6.899632968089634,5.588509638078253,5.952487213018315,1.3913947069690347,0.2963587829739471,-1.2001226049670233,-0.243033908408029,4.130914632928794,0.8433919021742708,2.0802171644771565,2.0302828316578716,0.05888729916107886,-1.6043862520391423,-1.8657702995753638,0.12869150220339848,-1.4739436669876376,-0.8107059886754036,-1.2772602058344527,-0.1430592096196833,-1.4524990402262399,-0.026096772065970983,0.08201482469929997,0.4647513344120749,-0.021882055880171933,-0.18895770498016587,0.3047632043087666,0.02265110920133191,0.3805754582145148,0.7026495570129109,1.4141167993415822,2.3921076889847797,5.067435148876531,1.8686747599664792
4.249851039673165,7.345160202252015,6.210550153990759,6.356413190207908,4.063894508385845,0.6111270701757513,-0.2439132186512822,1.1452560055742806,3.325003873403406,1.3967146111293753,-0.443162933204992,0.10894687751294492,-0.8860948603312463,-1.3102650452057447,-0.9216990947086482,-1.3438471968623682,-2.2865029253643896,0.1233518142272775,-0.5776630308268511,-0.046738157789335974,-0.3382871998366569,-0.2856287773179963,0.3775353060009051,0.010316258107829506,-0.19764220785327458,0.20718755612492104,-0.12506404174505464,0.18462760549743773,0.43684254751127455,0.28689371952230125,0.7660288869257353,1.545894407159009,6.238327988671983,5.388978651332327
4.245848127668139,7.269588355291892,6.918378900268401,7.064261080487746,3.8059671622914126,0.998433788167576,-0.961659390351064,-0.301964371742222,-1.3197048895905814,-1.2305649880655525,0.07129781771995258,0.12639361082311043,1.1239091989374526,-1.433887069914185,0.5576918716903391,-2.3983102725630507,-0.7005101173505311,-0.45944323164407935,-0.6217600181439149,-0.4282147613949733,-0.32564798110144966,0.2523571896509743,-0.08353326206966624,-0.11525363779649257,0.24980558839937517,-0.17559458368244843,0.7178496120293372,1.145089678723676,0.9155284711444233,0.9020601007151927,1.1765355322158713,1.4476205284981698,2.4178638028561665,5.218391914309501
4.13391568062967,7.574838274518687,6.657746642139513,6.888813238680979,4.601582345146764,1.522383278038116,0.9940715620689445,-0.3441745739539696,1.466068545108748,-0.32028131215180494,0.6199768767101648,-0.21893491753524333,-2.044295069631608,-1.216982858198302,-1.7182255046725667,-4.435947587344511,-0.921355783669396,-0.35680284906326387,-0.2756373754375178,-0.017558680544619898,0.08710673434663903,0.7035441741664158,0.6205851024451952,0.1584342982990382,0.20418540418360798,0.2031448981478722,0.5383154755480705,1.087910613480552,1.012606151442155,1.2204234738611028,1.4726143678608499,1.2990529688543704,2.670417282769286,5.041571820500314
4.361729513677827,7.45979744606245,6.345343878338797,6.261685263689414,5.374267968460099,1.4328259650577335,-0.786259614819161,3.0460005319840793,-0.1856664872468092,-0.25313385100422325,-0.9545563592010351,-0.6651720449403737,-0.5350767552755761,-1.4032542205563374,-1.8472034826033255,-4.137951792475677,-1.3028855161815105,0.10309457221431292,0.27293949090706343,-0.051138143655860495,-0.4400208294240938,1.3176908625750536,1.4800981486328049,1.0113724753109385,-0.6596708275503737,0.4664224555622701,0.5932236732047361,1.4491282489358783,0.7097642057817777,1.1611071066335061,1.3413159740263072,1.5396329033674525,3.424001285151713,5.127056856484316
3.4096091705778178,6.231400578104863,6.55272526230723,6.2378189151432055,6.234957082608183,1.620487442321654,-0.1772155865162172,4.520507867459335,1.0297286474642489,-0.6339767648400698,-1.4535486333148389,-0.7081911228445391,-1.6469820239264699,-2.0229906979144854,-3.6254407631400474,-1.797603354883104,-0.9639478781846189,-0.2170254689425455,-0.24474630165012937,-0.6598868251590809,-0.028446705755562744,3.2147301727804574,0.773589647695465,0.8156597529455436,1.2482048070646132,1.6898659868583035,2.194459514069139,1.339212512253577,1.07361587714859,0.9276506994575338,0.9114834496729173,2.9130855559580393,4.074809578283162,5.496030713686639
