script/wind50m.json
{"header": {"parameterCategory": 2, "parameterNumber": 2, "lo1": 3.000054539987559, "la1": 64.9999836372058, "dx": 0.5, "dy": 0.25, "nx": 34, "ny": 52, "refTime": "2025-12-05T02:00:00.000Z"}, "data":
[rows 0 to 23 of 52, columns 0 to 33 of 34]
-1.486133461731758,-0.5305849024700909,0.5754006316511924,-0.7996060196032139,-1.9982541622861663,-3.067139192848851,-1.8853878410776161,-1.083528469935535,-2.036394851446478,-2.9943786041441256,-2.4640492823587254,-2.1269127297994443,-1.3750316648948708,-0.8176908863664153,-2.3099954502282696,-3.516472845686745,-2.9743978712976573,-1.8503895883701564,-5.643542164026858,-1.2061979022601437,-1.070628270705702,-0.01770716264195101,-1.7451326704896455,-2.486429776226034,-1.5617346811096793,1.8694761956490402,0.6364129105282098,0.028132467347291627,0.3879813885012102,0.10326446848752802,0.00399976804382295,0.8670313302607754,-0.8745562608794906,0.8896811559138694
-1.7297016383897865,-1.5731426516082365,-0.9855893507964526,-1.4803143185775351,-2.5237544385777606,-3.5441270643066494,-2.5218470359448295,-1.8030653070447755,-2.300142765869681,-2.3804185445833674,-2.2926096691837334,-1.9636800641572285,-1.277819358334811,-1.5666331483060874,-2.823280231027671,-3.804865062411947,-4.941385730489925,-3.4877454367649214,-6.026270063780849,-3.263581582131885,-2.9357840580596664,-3.234140317247614,0.3739543800760831,-1.802792971784237,0.06816182643791974,0.14277713300006717,1.7065361624964117,0.3402972938536288,-1.2486130849781518,-0.7391297975463808,1.734402941957532,2.119342344267493,1.68981469245619,1.6251142111391188
-2.6235855511002484,-2.25117566049755,-2.034410108697798,-2.039061156694098,-2.247691581649505,-3.5911707429311077,-2.7271789503459978,-2.803829948005466,-2.4617156175256962,-3.09669148669362,-3.069705657494514,-2.0786209484876474,-2.0232910462672025,-2.194676437986204,-1.9886432826653428,-4.525965888425951,-5.497171479942275,-7.7967748134795976,-5.142915137949369,-2.2601262406940896,-5.9999182328318685,-1.3265986872230442,-3.8236314319316986,0.2647147393422894,-0.8580899135458165,0.07185763090619242,0.09392603200647709,1.154840218634344,1.1333565697793568,0.4963950557735953,-0.2042696584674059,-0.07635865221168034,1.8067200953703701,1.9558251891052374
-2.34949655615372,-1.675216587875901,-2.0774828347106835,-2.180423159154472,-1.626975248990309,-2.688666342040766,-2.7954327381532975,-3.3151047226255095,-3.5517756349446112,-3.8251566309364335,-3.7814113920411465,-3.7546563539077575,-3.381610045122304,-1.605695890588738,-3.7536004919317,-4.6007152018821476,-3.5126722495492944,-5.336173149467095,-4.650983993714004,-2.939496388860001,-0.6805695197671454,-2.9432240203460136,-1.0802715312902598,-0.735144451629396,0.9486852378910295,0.47496163944460057,0.05979341063312786,-0.6268814672488822,0.1743552145311777,-0.34468342928862805,-0.5658918431148248,2.0905905262339597,1.673495314769869,-0.8495884344741778
-2.8652538492118387,-1.8763898873572444,-3.140749701601574,-3.3744581367493742,-2.1895605263092484,-2.6116010730552124,-3.909736319912027,-3.7424951250297744,-4.083635028942577,-4.5585975850172575,-4.685497336428149,-5.857993021074927,-4.5915805282098505,-3.9804270125776786,-6.3546797679510885,-5.949520643876222,-2.437125852041963,-4.444844664093003,-2.5384173931913114,-1.6902252912516476,-1.2081917575445944,-1.066865717630527,0.28805288549125174,-1.810410562196091,0.19393727181845213,-0.576617993450888,-0.3588701933363093,-0.658530505979005,0.47133015318311955,-0.24435234844399353,-0.23204530536253246,2.3084250518257465,0.7462229544123559,0.779414839327101
-3.052861286986311,-2.3854134104364304,-3.35833475744762,-3.3042176722274568,-2.6033262482711494,-3.1410038911852576,-3.789226012353621,-4.473307170191362,-4.540598411410725,-5.178566239791714,-5.20535960342582,-5.145312592233022,-6.370247805764499,-6.125524577306305,-5.4706960549570836,-3.830420471780886,-1.0644680801429807,-3.647833461026985,-4.086840213603244,-2.0524948718449885,-2.2715486831241307,-3.1627413546478347,-1.017709220119742,0.3715904753503006,-1.095823668037803,-0.07456828459323162,0.07682898874392123,-0.7588246662916314,-1.1868113156053828,-0.008477889952102661,1.0494301876275478,-0.07767789523841626,-0.33169914140888945,1.1016904961492466
-3.9566366937574964,-2.9119590220247797,-3.767994820148871,-3.3105911927705858,-2.4741510539512155,-2.7323675697859438,-4.070408204948007,-4.511936569377458,-4.349728940939948,-3.888931567187168,-4.118857508047598,-5.233380268415328,-2.983714243635044,-6.6895907858350645,-6.01520441838017,-3.84070373991831,-1.3510014712371419,-3.2040223058441084,-2.968495123022851,-2.5353368912103473,-2.3560720263283708,-1.1604234416614467,-1.363779834364549,-1.4254145446359077,-1.0966920320956572,-0.6938036349111034,-0.07395771991728788,-0.40502555725647504,-0.8644683212615086,1.1017798834149766,0.5621289729780233,-0.05211839089443948,-0.003487862302125078,-0.6690798624326146
-2.6544807194407243,-3.0792400848037214,-3.333660496666131,-3.628997511073963,-2.2166231093000475,-2.483003410945747,-2.6951471435816203,-4.354839434106893,-4.890995302347474,-3.7217464954359776,-3.56886436633825,-0.2615239069190239,0.5989285667162824,-1.753051916172022,-1.655101277075401,-1.6169242044661285,-0.11305922935887415,0.25288628883965436,2.6963119973656178,0.08476760684802281,-1.8472440937874697,-2.1801390318780736,-0.8504863876449346,-0.9460261157921909,-0.6562773264727474,-0.6636830964213336,-0.9414889590883418,2.194976661017309,0.6968690552100951,0.1277491400872186,1.1653295796807084,0.1917522114423621,-0.19033564096983935,1.1292479206117527
-3.3511242398893004,-3.301921954518546,-3.899761558828536,-3.2316454113847106,-1.3648682820496887,-1.271360805391259,-1.8972233203564859,-2.712336901961441,-0.5383558917260156,0.22791471028807195,-2.540197036217261,-4.149137157987204,-3.92774559509184,-4.552044532982857,-0.2821178255509376,-3.4175697062376016,-5.769437964743705,3.7954260514974623,-0.5619967343443958,-3.6693103272439744,0.0906080065484782,2.221842753860994,-1.4876317245376902,-0.322032587846931,0.04338914697577357,-0.3912064930386598,-0.29004401975422295,-0.318458846717203,-0.1348652915291714,1.3224725560416524,-0.6323437140853209,2.3694172070223214,2.59491599008474,2.099177610704636
-3.4297006199731155,-1.5866512699256066,-2.3222659648554638,-2.7021420033087575,-2.757978486142773,-0.9047839733783716,-0.2921163767841729,-2.3312503609762527,-4.576656649715763,-2.4800243849359567,-0.7335384768005208,-1.1653911466130105,-2.8038014172069374,2.3306378361306646,-6.052996468484502,0.3573774189320569,1.9401173967761527,-3.2034176785452515,-0.7926889468709468,0.32031096006099696,3.4530737987565594,-0.10296454699540279,2.0612986045008954,1.8100334541842038,-0.010197297936208168,-0.30876092921425463,0.39450959782772155,1.3501823048694652,1.9697489155808623,2.1461251003951958,1.1275085014882198,1.621992459207987,2.302083105163041,4.700291696133224
-3.0846042688595263,-2.4642362386244168,-3.379093583656025,-3.108216724672763,-1.4914780718268277,-2.927123254199962,-3.9481116775427822,-2.208004765919294,-0.7004721858369912,1.3635284006474322,-1.6100358151884393,-3.9808858627494224,0.8660821654491836,9.748792539707457,5.625488513697217,-3.634611243385419,1.4623706340043179,-1.3159601465795898,-1.2998476840216069,1.4372694983409404,1.7008659071669057,0.09006663137723486,3.85961625857164,-2.0095260912497737,-0.9166457013452516,-0.6040347330490089,-1.4244972502884745,1.0767013988651355,1.9713734991077656,0.8704098180382883,2.969940021605544,1.4043290178597683,3.3757604799007614,5.043404059839954
-3.509484869460543,-2.6792823440381683,-3.640567526952857,-3.625364539853673,-0.9901758515540516,-2.9434281159714413,-2.5211215887848377,-3.935041263172422,1.4905157074673692,-5.2800326320228645,-3.797923243733479,-2.1836806881319153,-1.9478927689457433,4.348697099539576,3.9088048784694496,-0.431434745297451,-1.831125077447536,2.7707559114777727,0.31555389939216216,0.532249587099976,2.672983368378399,3.3444357679899412,-0.3816698429009538,3.8237652252714867,1.1893192966359662,-2.115650489012312,-0.5605334469261696,2.9532776538239442,0.6530099666491773,1.2920637834560365,2.1895389750409113,1.9707764595468464,3.4928076838870736,4.029334194915757
-3.748100669749683,-4.036512444382581,-4.4579292156176145,-4.289456428887797,-3.9658498676966216,-3.2312577276997025,2.1311966721481235,-1.8483688092034907,-4.553278921128057,-4.376707577964491,-4.959071062297978,-3.838862084468596,0.18218819062214012,1.017480167609781,-1.596991829824533,3.9441427862455454,-0.5930561272796699,0.9917905085963187,1.500567382280197,1.2298413532246477,0.011764500067166775,2.2767786091570494,5.392092479135982,0.8181261479032702,1.5599740131274256,0.1416245192595421,-0.36283623016016164,0.02844936019225788,0.20510511914080148,1.2355328566586354,1.6777777242806233,2.211267184951512,4.372986835820594,3.880300478992697
-4.507773719421094,-5.080283500843107,-6.2424518350731,-6.545352815340482,-3.6487480430008272,-2.5332907467517267,0.4197826483164846,-0.9687419926160071,-7.166561039675811,-1.7689004883135198,-0.7784126864136951,2.3407311091519856,-1.5645381375931189,-1.5925389917360917,0.1348884912442831,-1.3448286342129372,1.7033037226651218,-0.011121761027265998,-0.29002827145205634,1.9621813556782286,-0.7551934163780919,1.0459024532679972,3.1657483093265224,3.5962483681742397,0.12200914115431866,2.274242507525943,0.7142360188221609,-0.11959614612260973,-0.4112682459257652,0.34370433608559364,1.5080983902673848,2.4710781425811836,3.9925949579620656,4.172886414072839
-4.098469027825158,-3.796266745116855,-5.653481752994438,-6.229063790498036,-6.3140045384535,-7.125399652210534,0.30927727782169556,-4.819749837771987,-1.618503961978889,-3.1331301681502923,-2.9297682908530662,-1.9236714717083625,2.5906465851305134,0.28769474398306477,-0.673375880682001,1.1926390979157084,0.017099733116900894,-0.8972884673545328,0.0858352980988793,-0.9324968595348787,1.119080279894254,-0.24166359698482667,-0.225723175961138,2.1218424042303554,0.5201987888073832,1.711046401569053,0.9433598756780011,2.6826790629520576,0.515721315100914,2.2114732214178083,1.362623066747043,1.9964968197643334,3.4801195771448388,3.705679719979331
-3.922501381871233,-4.083429584181698,-5.09847207915806,-7.617884095911016,-6.515430090501084,-4.8170430613458635,-6.881248312811574,2.5913535475122753,-1.0109048136508603,-3.532692786110565,-5.387635063569392,-2.8075669189819,-0.9566497230477035,-1.0231739225510963,-0.2972475977839914,-0.7647421738310599,-0.5463350858030513,-1.0080213206372644,-0.9574496915717939,-0.9231261075422255,0.6879217446877344,0.7564471704534428,0.02144356144047054,0.6981733811736954,-0.2290242356302042,0.31880429074064587,1.850336245139905,1.5955740403731113,0.04924874790456992,0.9836659963652928,1.1946052763785695,1.3224961483564108,2.6060520823264595,3.6826000849770444
-4.553656529310925,-5.307324525267257,-6.076233461472397,-6.97774766541156,-5.3738896659518804,-4.7875883634336,-6.428970498829235,-3.0519035581431417,2.011299587910388,-5.291108528672181,-4.7886745900469165,-2.303155606382975,-0.03999433098312301,0.11301761918036146,0.06444949756979014,0.5297321403227866,-1.7316640853581904,-0.7339608569329696,-2.0523576305643174,-0.9356792102022502,-0.5639784591521406,1.10461701393892,-1.0509434113666414,-1.4079747098254756,-0.3881454965281908,-0.8119470537840677,1.3586233196340614,1.7875093253854255,2.060135414440863,1.5752115351253653,1.2697215078679147,1.2094365707592756,1.5130661987838352,2.348362101989056
-4.735448168807048,-5.255023158654954,-6.498943175032189,-6.940065501303177,-3.57940833792545,-1.5106408614719125,-5.073730236081401,1.3295265282509376,-6.349412725462511,-3.635361253174106,0.2276784141285277,-3.2811734243044497,-0.45946622032208395,-1.9564020905324147,-1.4425138296383542,-1.6970020061858437,-3.5313906607702807,-1.856789788796003,-3.093391877159766,-3.1562423834926636,-3.7524531828065713,-0.10061872900050318,-1.1805819033250449,-0.6859726260089478,-1.3973782864084103,-0.21029147211817653,-0.9849170044740497,0.6545915210605565,1.3415983430913863,0.3865460295726405,-0.18929914880683651,-0.20425941713827678,1.0388317769708,2.5960596503051447
-5.178974492237259,-5.499159837791555,-5.35676235907538,-6.261843654448516,-6.641326830343811,-3.7990494384332942,-5.190919847232881,-4.207714445645858,-9.500027937012284,-5.058652389151076,-3.9493966340947373,-2.304577216404935,-2.4671764514261114,-1.32288879830761,0.1135714874122981,-3.1384316223057493,-1.391986346531107,-2.383727082437333,0.2945895857193851,-1.5964140994330818,-1.7102761919833454,-2.6914285999449983,-2.216603722324957,-2.670447677775185,-1.2918517689408728,-0.9110735168588487,-0.4738864656329797,-0.25657892998440296,-0.901014546457342,-1.199241499710452,-1.2493022821083344,-0.017766790261069903,0.8773778592385565,2.0917118379233477
-5.719804741093162,-6.259794308416484,-5.453361603423867,-5.453859325557132,-4.820536284051356,-3.5123658982122508,1.021016935605832,-3.7061239539972344,-5.372220455115045,-4.97260607792918,-4.384937659669097,-3.6152908282696665,-0.40945691160959424,-2.432649138825595,-2.6817838109832715,-3.93444654637051,-2.2087147926828257,-2.862795881317167,-0.4106715038136574,-1.5121464332654393,-0.5646773564442057,-2.832898935303832,-3.11667180698896,-1.1946370421456802,-1.059644736794739,-1.6703859544848871,-0.4120189230766098,-2.473516996716309,-2.9154721953318634,-2.660607721675372,-2.7410297777212365,-0.6849574618714185,2.793093638894804,1.6924880685280685
-7.707051141499418,-7.01802931904776,-6.158092157730558,-5.062779442862306,-3.644368863375258,-6.086160343548241,-8.452013334789148,0.20288447858733855,-5.468412126571268,-4.133355196048869,-4.926793348056309,-3.3099337196965433,-2.58118145528423,0.10627122254429588,-1.4081411298309934,-2.9121742015071104,-2.869512452108607,-3.482656498301554,-1.5611199122867654,-2.6612613620031014,-1.7886826771968998,-1.0031786475125144,-3.231766265353391,-2.054135307803226,-2.0970805507490016,-1.7291586922025985,-1.4961240280795134,-1.932080680091232,-2.3247211414015347,-1.6013196182897866,-1.7769304587675299,-0.3739988731323307,0.46310508535534983,-0.08766025531913299
-6.098529702499832,-7.9315555802992295,-6.858840773214475,-7.032057295668428,-4.17053480775898,-3.1592147427083352,-8.04741815558418,-4.953267811800986,-7.548761182615365,-2.739414305808986,-1.2831818501623569,-2.550360686622534,0.19951815517003996,0.9158937667585484,-0.7988588803125742,-1.6638218174115669,-3.091411744730842,-3.7121038022925497,-1.8155062202341081,-1.829837000965446,-2.1397624107429793,-2.8931857918894734,-2.9702073113036835,-2.112632320042554,-2.347604956710745,-2.0853132569703963,-2.306557366845198,-2.836476055093368,-1.7339409365782406,-2.503506527394364,-2.218104230189828,-2.2349077824815273,-0.6751813993057934,-1.077080456904507
-5.025393492936387,-7.124931577146887,-7.008211554920913,-7.44502437207664,-6.479807386966616,-6.470407175115642,-7.395855726736636,-4.05454723290579,-7.162979648636785,-11.206004075250155,-0.009260080018667979,-3.785834933548861,-0.021711169590421794,-1.770990188528697,-2.1184900248035223,-3.3363017203132324,-2.8943949469686805,-2.3938122848852537,-2.508447640345725,-2.8132057239791437,-2.88175972536406,-2.9919145842167922,-3.1233279805990035,-3.37446177918931,-1.989393981314686,-2.492404823019961,-2.7427454035676426,-1.19668950796542,-3.2130352159021736,-2.57213547106457,-2.4945939939475426,-2.0320713100169656,-0.8885017170534955,-1.882481872751276
-7.08060150932717,-6.3176675678473595,-7.596755672956004,-7.938320928007646,-6.739471150357152,-7.071643758921094,-4.792111453852939,-14.67118696325791,-8.740741891563259,-4.393935971675741,-0.1722677427267988,0.8587874621769431,-0.3500986576544501,-1.4304178953176214,-2.3955694566266024,-4.545577495896173,-3.0320608465150625,-3.342577265178694,-2.907148871829681,-2.780929127459442,-2.7180906124752418,-4.571020921306789,-3.8085396693309885,-2.8714227589492203,-2.2089205115172974,-2.943386823037878,-2.7615827202464405,-2.627371051310102,-2.3482528023911877,-2.563213364683146,-2.4465912841728956,-1.9035340309244695,-1.3091135113146406,-0.9370955616669377
