script/wind50m.json
{"header": {"parameterCategory": 2, "parameterNumber": 3, "lo1": 3.000054539987559, "la1": 64.9999836372058, "dx": 0.5, "dy": 0.25, "nx": 34, "ny": 52, "refTime": "2026-04-08T12:00:00.000Z"}, "data":
[rows 0 to 23 of 52, columns 0 to 33 of 34]
14.72039769167873,15.268927050926791,15.581004537568214,16.732294962175423,16.835880078418633,16.848779253933113,17.275209848508393,15.224101709653397,14.576735410625924,14.778487711007287,11.951205890661619,9.056242960560521,8.839701040526927,7.183909701794344,7.83919560096835,8.224495339126069,9.005451559893585,10.639255978290237,8.928431986694982,18.494438657293507,8.851979193882151,6.023095295564468,6.47600725868535,9.153714945500544,6.337223587573492,3.2154213709743575,4.721901831562869,5.290661288355628,4.629051780709724,3.944097498566829,3.152852019066989,2.698842807934032,2.203924753650842,1.288908764128743
14.956450503795343,15.26804151171754,15.913438754495393,16.64375605629582,16.268249041300905,16.41054568392042,16.03909753043201,16.491318417188314,14.46827251257239,13.77299128504155,10.451177609891893,8.380839565910609,6.784079989628699,5.396730370924548,6.3936037728387305,6.166300619525405,8.864624416881275,6.419004549498627,9.409525713514025,6.46542161594343,7.063892136132369,6.083616762164589,6.331641661788152,7.474042357870901,3.1220515180940436,3.265567038943521,4.0498286357312665,4.575562953762961,4.9165467136048635,4.20817097195203,3.423644375446195,2.6190386412144084,1.443022117237395,0.8734114044671965
15.07524530172,15.885009731671747,16.196452090863247,16.67009065866555,16.36345601883271,16.55631406017562,16.384516131017133,15.927139732360589,15.432624957943517,12.597254142893114,7.984088865775637,8.42793083125164,6.670238761162328,6.3158611081249365,5.964230804807598,6.452918436270486,7.329015794014227,6.4064328820461,2.025249166586426,6.9404790109802885,3.541768938689645,6.953195062059495,5.006665068907104,7.7655254867614545,5.644050357909932,4.032849067872708,4.586793822281688,4.711173751635248,4.501728522631808,4.219710834990371,3.6870647759795676,2.703188108280324,1.4381921791888959,0.8286139220958921
15.593352569773606,16.125099652609308,16.59678226420248,16.925753824300926,17.77416547623417,17.318359849154067,16.838182239854596,16.2472079370073,14.100251760926938,8.36659375308473,6.974124192994748,7.709092404347894,9.114693838201488,7.278976323548349,6.839614925074455,8.384970904422437,4.470073780580615,7.43881634079863,7.70828312831966,6.010528361060293,14.338204705072346,7.288316020506191,11.012808357517596,5.816042549858009,3.304478262269808,2.619686886468467,4.2481731950156,4.3194835105116125,4.382367889125017,3.6653005281670192,3.4247920754138916,2.287085617840442,1.696042439418052,1.1202446740072165
16.014514080656628,16.24795709759766,17.216476125789605,17.445449409125533,18.28819364251298,18.16569477462068,16.84543286090234,14.808237522997995,11.835302676723062,6.1062710673538705,4.182458697432301,5.691255310249567,7.364253415417493,5.238093531223023,4.708862604562668,7.003482687579905,5.716355699846912,5.460887273000358,3.4248824170998913,7.800475731948992,14.989737709640961,8.157089267172427,5.141675507330371,6.468965355782506,4.560444201202416,3.7276287945111575,4.391495718047354,4.279139366889005,4.119302316549508,3.4993419767475142,2.7312392333050135,2.1197484586054696,0.7926680156123863,0.5795754977914855
16.354610277154737,16.87126366087332,17.69108420856275,17.850365906449955,18.871392080417902,18.448990785254274,16.92153396145442,14.454326343237447,8.368173510287084,3.215719953752532,2.70380169871122,1.5482494846945123,3.5055951977426263,5.908280118705795,2.247543311768511,4.214007206250993,3.4561190891421054,3.546259825393341,8.267050105766618,8.226555174366261,4.7288897197308595,5.686882372518021,6.390286854041074,4.699221297119996,4.302037158544948,4.042173951223771,4.042999084051904,4.273826903171829,3.7482304187269047,3.433876715701236,1.9320683413875053,1.678997651785474,0.04612620851734111,-0.8137375856116597
16.539746068396234,17.74799447380916,18.004333649577802,19.104585285328252,19.465397323070235,18.964585416513444,17.017491760602372,10.6954130365546,6.794012612019491,2.11988655436661,0.47411777491227336,0.4683285076625719,1.6297142187780138,2.799016194885881,-0.397966107663248,3.0909226423833296,4.146673153548978,6.592872613628666,10.092448354181023,6.172366975105154,4.069057232142023,4.179849071868981,6.933824785199086,5.34439993822003,4.847510924802095,4.238123574904465,4.429118075705595,4.3686386044166445,3.4119310416880535,2.900791079716371,2.149942427816756,0.3954918331629234,0.7148725152122345,1.1802185287490485
16.931093756457667,18.016425616127286,18.9082476144102,20.04120058087795,19.153408733546804,19.864076299729764,12.88468075108906,9.250156659071479,2.3329894590323157,0.0185136552853023,-1.171607007184933,-0.3361173867274853,-0.8804755887523973,0.10812321675696156,3.8475124458693593,8.169030105271068,4.364817540352184,11.827039847668779,12.823090373372423,7.304026784442315,7.2988702519948925,5.7788648030712,5.418593436066684,4.953065420849461,4.44680385888768,3.9409947380337393,3.688309961722979,3.5376316667205665,2.9402218727298965,2.8772188116272703,1.0617926555841697,1.237802315020946,-0.709063626473867,-5.538837185157102
17.59881821997113,18.642893729707467,19.968501439900326,19.696407711058615,18.825531557480808,15.070969565654174,9.573026656184878,7.7835709076828845,0.7223199046414793,-2.285359976600146,-0.8776152753711257,0.3098032814890805,-0.76378741974069,2.0552778317959457,11.251481859048328,3.994456873764472,10.958465879500652,18.976547704304615,9.194230054508425,11.117526560088608,15.738621898058033,11.114695343681472,6.891639578182918,5.691807495322344,4.733778400960073,4.506482057749263,4.084259804737918,2.9010195073337828,1.815733342318869,1.415512932707269,0.15843694920833146,-2.7263949050484957,-5.339913046001946,-6.647268589452567
18.02617736985708,19.098967296920417,20.253111620262537,18.80647303474164,18.049092102444998,13.845780504129795,8.705169481626742,2.1154982024398987,-0.7082313798677472,0.24662411693297318,-0.5742631406947268,6.966508146240357,3.664561371926991,6.017869829556026,9.766719310699417,15.834593510122525,6.780182058102821,10.224754187843317,6.999912199090012,7.213381864769073,8.280447550567091,5.254047312329407,5.5894077954399135,4.790105123971863,4.342362189281744,3.640213214012681,2.979404337085903,3.087007454037538,2.378649514173334,0.11549241676280807,-0.7276524949148712,-5.781481344623819,-6.91440662812791,-8.43715629494332
18.14635283436607,19.742826859918907,19.615022422515942,20.106032804086894,18.461159867656548,11.048964907194563,4.947065713526548,3.727678277935585,3.0223714251601628,-2.004407450442626,10.593546263700675,10.92851221907919,7.7013787657629,4.0148933593643505,8.93104845353814,8.814175157709116,7.55147292569997,6.675412158944682,7.09653176950003,6.3033533452166,6.02703418851129,4.852747180948381,6.04992843648917,4.140546571687798,3.823601545164242,2.689598724644781,0.36454894078493444,2.4669771445897575,1.3853933762646269,-1.0818008303840847,-7.36951280866721,-7.004057472001966,-7.668674752704212,-8.932677281418043
18.50961956760537,19.16842767016373,19.216113799320667,19.473374337280465,16.652750573382864,8.128380014925378,10.126657246808131,5.181193559676694,3.2717157083414787,10.256095093715729,-0.05425553430769224,4.669443006323777,6.934982273447961,1.641393481021044,6.271814845830922,5.6348223551989935,9.617660723765784,11.813740788559377,9.727437910916953,7.4048544755206445,6.18243448543024,4.3910613912307035,4.041148706908455,4.373716899237759,2.976317417259728,3.082298538629376,2.9339254137354516,1.0203255938643336,0.3547903377550052,-3.6737554017317633,-7.142170446911611,-7.753828407213401,-8.07759060359556,-8.695948943416683
18.283002914056496,19.734983069002794,19.156217824224576,20.13136478473025,16.095573835139795,12.52306372423504,10.963967865233665,4.448640713220649,6.334483022760169,8.463324766141985,2.6609828243099627,6.264459401445166,7.950231540173152,15.239722438072903,11.37275736267081,16.034043912374457,8.530665818903772,6.816120472720298,6.004586397135977,5.363462315355029,5.7802691540891,4.7696286108509955,4.492734131605523,3.3958788115980694,2.205901406667059,2.4160721798531952,1.6808970167274977,1.0522902163926195,-1.2768570906475734,-6.257921115856227,-7.5177260062843585,-8.02023073516041,-8.012076812118824,-8.657332268508572
18.569445342417506,18.806119215163164,18.71691802217138,18.847347299555437,10.310642302489905,19.370672000697578,14.577346172141151,1.489645377514197,10.738288069079795,8.812916904377326,10.355532414493679,4.444653877636775,4.571283362156022,3.598494949670357,7.387858109616531,6.163485385008199,8.749551757883673,6.194093469763301,7.023943259528827,4.361006090993076,3.9074400141891896,5.552653944627518,4.041111864656816,3.1678345279078575,2.3444679393104155,0.3355172652087038,0.2973027859878748,-1.1322166125035726,-1.4189637089069878,-6.776024532327838,-8.061784551429607,-7.686675891535114,-7.863622821844121,-9.115885299337545
18.28964481070824,18.98355604412615,18.182672063874236,18.165033146493396,9.44641837570567,3.5678905869376307,1.6990901405964662,13.18155529898226,5.143528194895632,1.6360408569222467,2.1341891810450986,-0.5648200744337991,7.3206124087223445,8.17435382764052,5.99365516643716,7.392036090942937,6.476276681628629,5.976734963578238,4.954959356157493,4.647795444515358,3.5326695257508103,3.963830066658096,3.793387729156849,1.8701809372042306,1.3790565934615697,0.9174000390597418,-0.04964909953740427,-0.9421652182110902,-2.3664143815278984,-8.2427976087286,-8.487646144574292,-7.953066376027556,-8.276632039847868,-9.016833788951166
18.65665345259226,19.247443732938365,18.873625864191602,17.001333808263833,9.241024264629203,2.67190948602352,5.889067215887954,1.1352351616838483,0.42490597588343776,-2.450555460647319,1.6804604987889247,4.26450972628868,4.9802203207364215,6.787219861429753,3.747362187226614,5.449405452729023,7.423861112252445,4.622743274881891,4.072454890940103,3.0384564129980784,4.058811023431317,3.813003530640324,3.067234021158097,1.9526288570656247,0.5532893549247515,-0.26961629243822527,-0.47539485010100907,-0.7220044015046011,-3.305092515075569,-8.252516372741484,-8.912130661978265,-8.321041632759947,-8.528983135539935,-8.964421141316517
18.252749942954832,18.412862554381427,18.276912849018963,16.60453286013139,10.219775810450182,8.252184983054184,11.729948224846764,5.419014752800395,2.34575502833869,10.325980992313397,5.754308987541191,4.656253637909741,4.559136347457559,3.752153858155081,3.7258243028577,2.6843557279124037,4.565681521631724,4.031755331925432,3.779995485538333,2.699517227236097,3.0793596772668104,2.9921501183348993,2.39357788720089,2.6928581141590398,-0.022349413957507218,-1.043394290977752,-1.479479021794465,-2.255966971256472,-3.107913893263122,-8.456470378509188,-8.585872500725367,-8.464492490871415,-8.859782797854667,-9.000473978820581
17.664704882894828,16.84590192105615,17.281468548400092,15.752324420159313,8.706084024717033,4.53583005739981,7.275963017299894,1.5232846281260528,7.931035805412511,8.948898477112657,4.1835227110585915,4.961565040512644,5.430774229182421,4.7736834341461085,4.875748014124439,3.342641906006029,5.987428859107356,3.5595675186397226,3.3530733864630973,2.295076419419795,3.0165540298818514,1.5776576833294742,0.9398335593924474,-0.30046717195734435,0.42477064955727506,0.10970464716765042,-1.2001661769944043,-3.10550332108891,-3.932529698764609,-8.402940424987554,-8.189236462350353,-8.591687079731269,-9.116112723668818,-9.735432487782484
15.897898902611814,15.72453966020343,17.356986110654237,14.579049833200626,9.769939186970516,4.918173748960656,7.661132042464422,3.2344353932809726,0.730576478619523,3.0596829400911356,2.505562874815804,4.272083011082849,4.8399766599631855,7.7945707972705955,4.833726471187075,3.561019566104557,4.934792513632257,3.552525164295307,2.722856307664333,2.0005078007793347,2.4068476443982165,1.6688868442950089,0.6268113617271148,0.5587603952836496,-0.7773068360433677,-0.3204543315591235,-1.85801908748983,-3.3130826838046468,-3.8574453572218426,-5.167167893035117,-6.4081147851900875,-8.118876837779773,-8.784763448235006,-9.217601575943748
16.029808187463722,16.82256464529996,18.05604166710868,16.88447760964283,9.518188046313034,5.060882794069648,0.5341682685043389,7.639842372781813,13.517181664221061,7.982937171694491,8.313269843901715,7.14963102277488,4.603610617676939,6.340220712552287,4.135452990461807,4.872748137006219,3.723387393146669,2.3626745534894473,1.8780535636155207,1.4794889894708079,1.7423541398857088,0.9667982839276452,0.08961011048105236,0.40278164628516433,-1.1475659938570288,-1.6926616650810342,-2.495434025902745,-3.534160935193106,-3.9801549018296916,-5.058899736127587,-5.05512938464621,-5.828325945554127,-9.493987989398912,-7.109349063219382
16.58058727197535,17.432402569159283,18.573091401977738,19.003462168709618,12.079093554510449,7.161302730294694,2.1255340489626544,5.8404873131430275,11.008206511755517,8.385444312840292,7.482147165171764,5.094770949344626,4.477274826337901,3.9468477332693697,-2.318870705411348,3.591032245766024,3.4240037403741703,2.571854939779802,1.392409138473967,1.4341603802125058,1.03631558944074,0.04031660863631484,0.11011240942742477,-0.362840868274987,-2.161851781610104,-2.440320640485201,-2.5730567015283494,-3.891427295367521,-4.530327398307939,-5.715721159394488,-5.247942031784084,-5.635067127735032,-10.274254753668968,-10.753583168293483
16.399662677565427,17.122960323606325,18.408063185679918,18.22767973990838,11.520742590317859,3.673972381452461,2.6746298940369866,2.4799477757040056,5.025866149036588,2.5617191429328323,6.869257171975228,5.020530865792705,4.122082782013277,3.409899599199263,1.5860981562906504,1.0793826548278722,2.8304977320728146,1.654257911313089,0.4610083529537205,1.7692459098472502,0.8665119669159835,0.9320297100847292,0.5067571105212512,-0.9334929641301157,-1.6167901772048452,-2.6722534037692025,-3.1619146939853673,-4.5364367914961585,-4.308205924803729,-5.834491371193659,-5.253505239561009,-5.637719246351693,-7.298596113045506,-11.689228100958099
15.883386537109653,16.201187855406395,16.165300391140853,16.47665585459552,11.688358662916192,7.620040310949623,5.5472637301538175,3.1552870375743938,5.191552962429833,6.605098775517296,2.5267457981339905,2.872207737451872,4.960177816647076,3.9009628625251644,3.3300173738321424,5.850524964190803,1.9604676315662397,1.4516308212393259,0.01975263358119215,-0.004945110039340397,0.2502352277733996,0.11802703926702689,-0.34646453359838575,-0.9789891658838653,-1.7215205963149551,-2.6576346207766166,-3.6052561592310477,-5.165319807047703,-4.929236079215158,-5.11540602938313,-5.228196666303452,-5.712506432783848,-9.82166332868783,-12.565000198404924
15.037575024092888,14.259170565092328,14.251063316265226,14.578215537088726,13.995856144619946,6.361955667601841,4.43759990202919,8.090892173431318,8.634184194827219,4.40132281689104,4.074676495035361,3.2860190804397416,2.6277518371141872,4.21762944056946,3.7869702268636343,4.070818540986815,2.1174218536004767,0.6688835323045501,0.6041758208886915,0.6593089784504487,0.12957702727367454,1.2520459554690662,0.00428745295793478,-0.23856309251096391,-1.8291869431846954,-1.4526757751223844,-3.8090865317558897,-4.565684482147461,-4.672592972784988,-5.346197637523051,-5.903168160589407,-5.995181763297242,-10.959826522416071,-12.817757412328131
