script/wind50m.json
{"header": {"parameterCategory": 2, "parameterNumber": 3, "lo1": 3.000054539987559, "la1": 64.9999836372058, "dx": 0.5, "dy": 0.25, "nx": 34, "ny": 52, "refTime": "2026-03-10T05:00:00.000Z"}, "data":
[rows 0 to 24 of 52, columns 0 to 33 of 34]
9.474018350019936,9.239658794016355,9.35657493943274,9.902264854669,9.183485942387199,8.430439187781353,8.05968081508807,8.884833170698194,9.709034356092289,10.33441901294616,10.823699581735815,11.19585934402603,10.442383458050417,12.15390918013787,11.29611360194318,11.43110046892671,8.218052433652696,8.13192587729495,5.606981991735325,11.924303504410362,5.107307890700621,5.911310419665611,2.1599544244739772,5.411321542021369,6.44754081176104,1.1802066891256002,3.4344596050264533,5.518748255782533,5.048855428540965,2.924212627616325,3.2905660113729285,1.8704374110046433,2.7301057493231804,1.623013872315322
8.698731454918752,9.184211442378185,9.723783752098333,9.597609434353423,9.229098744465077,7.56789804490247,10.34364423660302,10.645463547827529,11.133772996288586,11.681955704308786,11.37745956644351,10.602100350488886,11.72218108915079,11.582281762444637,11.160192222288758,9.68020983743357,10.482203935510693,6.672236148622202,7.672784551716075,6.611357966438492,3.5639403516013517,3.7311958521468975,3.182104123184733,3.379687317605666,0.0950738910667083,1.3531898806223854,1.3581936315146683,4.165897654344862,4.466430969447408,3.4408332080620827,3.649169009426235,3.066425481964129,1.7855141753208235,3.3112646311730334
8.512849242173507,8.548090551967107,9.643800519723369,8.682817992197574,9.351671067407576,11.153244343956803,10.565035205255871,11.073556166255539,11.52171424119398,11.068884662569692,11.213071514381305,11.614879504703513,10.749159022413153,11.057636383008864,9.93576335240594,9.545110964299372,7.067083982909488,3.717678676017768,-1.2263568462095265,3.8768381427408274,2.405197513573631,4.59951844649702,-0.5858692277687675,2.882261375940578,2.0079681860702503,1.0485823066458497,1.5346577131566508,6.251081992634635,2.9227060942150525,3.893593819453496,4.133505253365526,3.352553269595195,2.3858630451878593,3.7346936412205034
8.826526759111216,8.828217523914976,8.22808852446888,8.46674457146462,9.755150845382017,10.49960555559912,10.903770709528942,13.203565574187932,11.554903305506885,11.100922223071885,9.973426359268464,9.33018677108227,9.187127074342037,10.304621741222725,9.622849193065644,9.339955622081836,0.7629516300496229,7.082348593020134,6.471992320087812,0.6267750161818861,7.576083279273476,2.794007740870689,2.657843930325935,2.2217987160276316,0.8097772161532371,1.9132602641580796,1.3214520392586229,4.864323322765889,3.802665127052533,3.9775659783994373,0.7460636282864392,2.2687706011037343,1.5080454076784864,1.869710152596804
9.347141573151013,8.787653078625175,11.856886880605694,11.481726952133064,10.928169025089568,13.792556525631339,13.610305222491036,12.718931759094586,11.98493292150273,10.458867172411198,8.306079146521386,7.817192219255103,8.137269853466396,8.884843119390524,6.509472770584834,8.028326835918476,6.587122456779397,2.944223259960584,0.4862999680277492,6.034350979739695,7.5534694964617,5.113726134623346,1.1854017886296235,1.0700246733021586,1.7155960895223639,2.829977786085782,4.769950479945489,4.12261717486067,3.3301292053961657,1.557134183354527,1.5515122329165625,3.4484797688787516,2.505785521533842,0.8246662701575357
9.630122932826321,11.09218304957081,9.418045958422411,11.041395791043877,13.586790814140288,14.868624276748227,14.35843609189502,13.700751332093493,12.49661810576207,10.286218635520122,7.391766741927058,6.2108110585416245,6.463735058728855,6.019537338348967,1.991497994791592,4.190210436352694,0.22617932384499445,1.4370373908115595,4.248278619420496,3.6373195677169865,1.932511269895456,1.1932457385085102,3.4417961242892656,2.88836285804139,2.290987996861286,2.1762140351139916,2.5942670280195417,3.06393437244319,0.9964104037396365,2.5964212461990694,2.5723597062792067,2.0997935023885326,1.2076372453841993,4.253134103990106
9.547971877020952,9.343435279003149,11.056173456131416,12.824515046254227,15.02719075018519,15.927470992469102,15.066961933132614,13.103787128333252,9.602598955893331,6.62536192783196,6.351913859128427,6.401818839148374,3.3996032976708337,4.445550762256308,0.8823250063802517,0.5232872825313547,1.5340473003429551,3.8436858962809355,6.5974179528961,3.9512530303656783,1.7943132789842486,-0.09312278334298958,1.9014510208202295,2.4178340643814837,3.261168166059955,3.6237939935759496,4.897630338583945,3.513705007911311,4.195087881839392,4.796585031721197,1.1496897831172592,0.6760635133154935,-0.17533454824584066,0.6102036033435432
10.378857885057702,10.600453231977479,10.782367321260855,9.638867611222693,16.166367490883186,16.65408460394584,15.275541463125373,10.836120016315906,7.077415106027646,6.483783601298126,7.687486116357307,3.862955020436265,3.169468066127107,2.4251421116078187,0.39838547063066404,2.3686845185846606,-1.3432726071747851,6.1367690622806625,7.249359771882702,3.815069987022897,1.3809383997308382,1.9482771056631083,1.476631810658774,3.64112959153237,2.3943339771637984,2.294615012170771,2.3191016074200896,4.02988244552948,3.4019655273547644,0.9571425003704496,3.498589636404677,0.2299157406331826,1.2312020972533964,2.6803058750822837
10.50409074295622,10.554408951861683,10.492273011798728,15.388324163513516,17.15413885210416,16.468313240918175,14.676792763381947,7.569233073325826,6.276105169492096,5.050961856477405,4.767249268327744,0.19869237588162159,-0.13382891010350564,1.1721947297924522,3.8507281918518617,0.6469531528223217,6.254259541519528,11.01619883950628,8.42875273687568,1.1867479500990397,5.7940006181780594,5.438204860745844,3.9992277244750376,3.9474519916537414,4.962098900935962,5.5174144717407945,3.2510050587904873,0.010078877213191558,2.239943563279743,1.0395646030889973,1.6590094391084618,1.4560603367614373,2.6535401201733455,2.9208715042108033
11.29185100298976,10.496075894587491,12.04552572463791,16.427996436078406,18.597078192763604,16.13159931212117,9.279297818374834,5.874353549058763,6.081671774708208,0.343638140817883,0.5799036552692629,1.786006837377185,3.323862975664328,6.943968924062988,7.532083843306098,10.414806143379675,4.806513503160008,4.123301303543488,1.9461827815209896,-0.7250167399390729,6.3809798614960425,0.8600382448374633,2.396676620109949,5.456363458148179,4.056271528688559,5.53668250193714,5.175566403647694,2.357130540632326,1.379106227903368,0.470033340459793,3.5470166106494485,5.481074930885046,4.505228830634754,4.952294117194197
10.752902455583092,9.96285829864874,13.777486621420302,17.553547053303944,18.545076491041343,12.52885546432632,4.272175624438972,3.8660500833008387,9.086546844991993,4.0205196201386535,9.871540390220257,10.80387799062278,7.247324586145813,4.595494439798035,8.81818431632859,5.116028278875018,4.242549131433879,3.949152049162313,2.7404091515819347,2.5346839889664134,1.82127309334094,0.23369852316114959,3.1676445156540614,1.6521141979288727,5.142116195524558,2.138438726711541,-0.8111297064954743,1.6968442099836538,0.7746905474801676,2.0770509189199804,5.25457081832044,5.623023529537341,6.013714092388804,5.514152375963182
10.847783586214069,11.28169445493734,12.69637348786249,17.781258721520302,16.840890059333855,7.593693070606384,11.997177244574324,6.166326605393149,6.515701104263783,7.460108757002359,2.442683309256263,4.954070503025472,8.294893044683818,2.897263418245791,4.2532365456032,7.153842858557222,8.319998311168725,6.740716586909638,9.84525823249258,8.603653634465513,7.614830169891543,-0.282684689646952,2.547920371574129,6.254562104636809,5.54593390973808,2.264886050897787,4.611974461430075,2.683375635850819,1.6765651837452629,2.976280354818009,5.616227633602815,4.779842567833262,4.552466177578931,4.734009248198215
9.728739997177007,12.15750211572079,13.20743360144006,18.36249062261988,14.267886596751422,7.724221981971415,6.135252298630874,1.700650827694686,8.260834374159426,12.403781658525064,3.062896152202585,10.448004850238588,7.866831281048417,10.293308207045099,6.5866347789572615,13.509942874602874,9.670124356714425,4.642200512878761,2.7662217987156312,1.4515760740019858,7.700034056158148,5.284056638387348,3.3696824698230223,1.9424475872755251,3.533109259835102,3.1481429675782238,2.7370578597178437,0.6791340451294094,0.26262423371566745,5.528295725409008,6.8704664991721565,6.119531492871328,4.952548647196601,4.961598734034709
11.560977315934752,12.275691439261276,13.466711909735459,17.623651747590923,11.494672581999525,12.036689442414751,14.629162932108953,3.850503465946269,10.835459398260038,10.391247765398402,12.68920417224171,7.766392063882103,0.5205607171933332,1.624300181173125,7.340929889360299,6.00459228573912,7.089442142816081,0.05941895060810545,5.263859806138436,5.842132398286011,-0.023996667656904846,9.93635190390422,4.402449559551027,5.3749814330764405,4.418925528738794,6.418834174121888,2.191208260228104,3.559037748155139,0.2780647700055912,5.250158811701687,8.63075923679701,6.724378956125194,5.673812614549291,4.374371450081834
12.023669038769249,12.429392536230779,12.755544948707094,17.41317716963,11.158589768795643,4.44317707175149,0.7850306897789951,10.616217443222896,4.031274459404293,5.607010529310706,3.49379187693767,1.8192628377894942,7.460335573706216,5.344970023467701,8.378220136507178,6.281335529787665,6.091327090447028,2.1782605993158985,3.778196953890499,2.3481412837048277,4.169780820303259,2.822630761069474,4.247219112422181,3.7203769149973267,5.334259918400754,4.694041529703785,1.9129833610339004,3.4207173915656472,4.011122329964774,7.4382141462682005,7.5069822801012,6.464888220509061,4.340391196916857,5.3617224840925735
12.012942986210195,12.118622441303888,14.334497865066194,16.915915209828633,9.26110457839477,3.646526759692799,6.256940398352953,-1.1518917584310244,-0.9294780470010457,4.831735736740727,0.9878384852887444,6.4002491081806925,2.276246373587835,3.0439789372831476,2.3629493170459765,4.936600278020875,8.115864607860708,2.36562074410328,1.8874122336293222,1.5037595484291941,8.072562440170383,4.714671757059827,0.7521925070071342,2.4351131089575095,3.44900843971834,3.414854066903657,5.22167464999722,-0.2640417145580809,2.3531813655250304,6.968000012137448,8.03145869056453,6.899986699190799,6.324226470447685,5.196530164063186
11.626021237907471,11.778009301249751,14.715896626927846,16.17598670093529,9.073756096694677,9.630461714004376,7.128696775005527,8.719326348861683,4.264916902763109,9.235643860502208,8.895158557020507,3.5413160318983095,5.104494619143465,0.4169336060125887,-0.5022226882019409,2.182486626990002,3.2381414175717373,2.4049403355388725,2.555299618803101,2.5467919496975546,2.998867124694943,2.969414463093784,4.384469199610099,2.609414566719313,2.9894505628217805,0.21680618509271943,2.621714272877786,1.3235645833518628,3.871745957750538,6.862244948879342,7.085022268657261,7.414705593219916,5.771935792115215,4.966471654467494
10.841638231459136,12.089984897696882,15.128150653022486,16.192160707681836,7.791805149453311,3.2873513496453897,6.51007223412431,6.84439543832054,10.00786088350197,7.809055339798327,1.470503854146465,0.1260934466265314,6.040404104107703,4.870641817126139,4.9997272454277635,0.048261850583257555,0.43570611305284307,0.9831895218556556,5.438226388061463,2.4544654404669526,3.315965809894844,0.6505991924573074,2.3330585086359292,4.555277382907647,3.756934783656459,1.222828964947517,1.425700426629895,1.2704386576093716,3.698309475727074,6.641077366913162,7.402618676303733,7.0776245672822276,6.1812939855115605,6.58486569629048
11.673062162667884,12.834320475241192,14.06491912320753,15.8617298005551,8.45432365788484,5.702863847635231,8.153141933479152,3.915136558444803,0.20320114254901878,4.189650242486926,0.05640731599025617,-0.1861022318794081,4.692266600971713,4.4054478880803005,-1.3416295030132042,4.940317594266692,1.9921545256128232,3.5996905263912344,4.085082284222955,2.0615963746715877,2.069489298834438,2.6371995990072175,2.125314382553902,2.017076599375897,4.141204559872155,0.22155721340202278,3.1014662839874068,2.4875999584449757,3.8645314647378863,3.630624207459764,4.161797471950763,4.6319349223213395,6.402947111387933,6.700382926793976
11.252982665458921,11.811479640125963,13.547538251028461,15.030255017096497,8.034622197837935,4.083496703781555,-0.30802755348034544,7.1911727916563075,6.992690801271862,7.943088669343422,7.003095552556015,7.097950471982964,-0.4901746832552242,5.337948589927758,3.2228780511733763,7.382160590024134,1.1201842076709325,2.1930706862391918,3.114552359943309,1.7599629581141234,1.72268289178297,1.448768728441784,3.10974980007497,2.8160254488867094,2.1381604300770234,3.033601904561287,3.850890971527715,2.248880221320751,3.357709524208492,4.144607583942261,4.3678261182358264,4.304795597550156,5.1245189660057475,5.009507028481758
10.870751205843899,11.14232697573567,13.3798241525671,14.084826917617217,11.062577604019207,7.3269681585448865,6.934217778370939,5.640382315416883,5.1569163306751795,8.782907459769046,3.457087684231808,3.936541115670312,2.860352866046037,0.19671652095851705,-1.7409840527031997,1.8769270500760558,2.793057561834968,3.0488083191810986,1.625113353025763,2.4594605461834123,1.4588210088398226,2.701728259528474,2.0070212784228496,1.154263413397733,3.221984500678394,3.19902244190166,2.1112984845259763,3.000681006075546,3.180296178874921,3.631320298333754,3.6567203275841242,3.797196657336963,4.4113583419090086,5.342230790966912
11.06473645161596,12.106284050335837,13.271040567234548,13.516754686776565,11.560033130420692,5.370824830692767,0.7859022060507257,-0.5894639208823161,4.062734939020128,-0.061677160427456315,1.6031100000147909,5.199826709518053,3.4553068939174927,3.6855041529794206,-0.7252168015176697,0.5322399088819914,2.478583305227837,3.3048976466197404,1.642949885380595,2.16095601460047,2.348822172623906,3.445540205863937,3.4075473634716675,0.8299454943444038,-0.03091467180283296,-0.011229540515285954,1.4679699035202716,1.8514599184505087,1.4003700802375434,2.020652257402515,2.085737250987046,2.7135044230473637,4.123990228242344,4.423421494060255
11.5509063340212,11.536377020377278,11.632999830776692,12.897073608558443,12.346766122761275,5.931665967741786,4.530054910086135,-0.13071025492001642,7.608027212005158,4.511890583097661,0.9861903028920902,2.0744550473515435,4.824882126513953,3.6974632199570534,2.992860133773684,3.7017198129116844,1.984379456443421,2.6539174483553203,2.367436594795082,1.5873522608106465,2.884629436939194,2.2418547496765417,2.402652930224466,1.6689966887647596,0.8020551845115799,0.49572779194885513,0.7869867638086852,1.4254731210575842,0.881087659738635,0.7316669143108427,3.052164798208679,2.830257105527608,3.3491603274075765,3.7378612953167907
11.045023541608218,11.591800755847457,11.265019440890105,12.625600316192557,12.421537538935778,4.77771198626616,2.3755035788240177,6.799927153541431,4.919873804614822,4.108577728833103,1.872017432038458,3.5521256054506427,2.037972590166563,1.9559702091379094,3.7285930573173207,5.167901580355372,1.7392046891075483,3.053342312666329,1.84809927522153,1.395115826031965,1.2235427595030997,3.7647267742700636,3.108914124898342,0.511088520773156,1.2978753420172195,1.295622548607606,0.5278857312072222,1.9743982176982586,3.2516621916388675,4.090524751889847,3.636885464173419,3.6047970803929754,3.7570630334949437,3.261476145902294
10.76632071604008,11.305627985987023,10.784257401182595,11.023878970340471,11.895084551080508,8.248190284475607,1.8997286203807489,5.330622386203331,6.501460839256922,0.6666794826041224,1.6687205572648307,0.8368839374692615,2.8790828350451574,3.2252558083750014,3.020679594781526,3.8906243373299625,3.5442448605105517,3.4793495763001183,2.426350248900261,0.5120007854057295,1.8744628178670373,1.5400189963327735,0.9830139661371247,2.9302458954005908,3.0325493811712287,4.009843115235451,1.6900387880640506,1.2510174586860074,2.4640155585326577,3.0400552885140733,2.1207932980000277,2.8778067632472517,3.669454519832086,4.9865936932030435
