script/wind100m.json
{"header": {"parameterCategory": 2, "parameterNumber": 3, "lo1": 3.000054539987559, "la1": 64.9999836372058, "dx": 0.5, "dy": 0.25, "nx": 34, "ny": 52, "refTime": "2026-06-12T20:00:00.000Z"}, "data":
[rows 25 to 49 of 52, columns 0 to 33 of 34]
1.3222563365732243,2.43521804087116,1.746911509335277,0.22303304830525303,0.1502661221944003,-0.641562151103726,-0.4268919106789229,-3.1943270415115457,-2.6378537647207425,-3.8043271715672735,1.7639710161895796,1.76130660437575,2.8517648257244876,7.957087311803731,9.850521958350738,11.62753112659579,6.045928332464964,3.7436823907417662,3.724829199418222,4.658824018595012,4.627809067361076,1.9013580236458085,6.24761949723561,6.587390482148262,4.341597397616936,3.2676484861154536,-0.7312375826025375,0.6102373337760103,5.459027270403249,8.10536123326218,10.506387165318074,9.74920113634141,8.625618748560818,8.498384095787864
4.225794917756876,1.9966528105699692,1.4474147839744034,0.9537048197414633,0.7190340725464744,-0.9708941333404569,-1.6555850343321776,-2.792220836685108,-0.918707146998742,0.053432202463839784,0.0015189447510623457,0.846604093938136,3.9255392635086963,9.010121931934906,10.036622906603139,12.05293638530621,11.333703113256817,4.610191027738059,3.1005978487043007,4.56814141192359,3.6030953290905603,3.2378102100914017,4.555803964548437,6.239487721056131,3.958138530343026,0.7726399720348379,-1.4250594954769742,3.9842309163789165,9.201044783441908,9.84338495651711,11.186031398164767,9.321324349042877,6.923052583829108,6.5216117793404
2.9348538750882693,4.231440713239212,2.786997089249328,1.4137647811212966,1.212945211603259,-0.35182808821872846,-3.3505073497329443,-3.3586094730863003,-3.486288513151619,-1.376258732710479,-1.7727869002981125,0.6968453134030581,2.537022339778469,3.408381880356961,9.580962752174253,10.405265104877433,11.789229654628272,5.09283817632582,4.660279816140397,5.73109362354294,5.871886906388595,5.500130261074638,3.7089516103081674,3.4997699348556455,4.882819721029435,2.5603294657061553,3.758828269986297,4.040472052171484,7.976465445588348,10.335937472462936,10.38925646682002,10.17276683226212,5.56970861177997,7.399234988338362
6.355911928969276,4.317715587249755,3.6941640789504278,2.972229965597583,0.45036623916797286,-0.5765460130122215,-2.324582156374309,-4.194936293567466,-4.417850863073881,-1.6462006716271012,0.7167963598496352,1.1426149347913441,1.5184624492874539,1.8177994905858725,9.817991952394525,9.84347476436794,11.770957430271343,7.036323115373797,5.314042152184543,5.691908899470154,4.146673967930391,3.5059156129381615,2.8865079091919648,1.1574553903814897,5.920881448634836,5.295022025689655,5.164180452321845,7.513829066486128,8.660556570297048,10.431451266053951,9.66176990224845,8.001579167476637,6.304763672258184,7.088925949457961
6.618711310549878,5.415336370893274,4.43298151555882,3.340358298039943,1.7257886316552815,-0.5337123360827293,-1.3547526803977856,-2.60034846349628,-3.344856328068932,-3.741489020078238,-1.2493095715325877,0.8550262346684118,0.6573650172960452,0.5483025011450836,-0.3969332448986568,8.206207435876244,8.971658947564812,9.897366692904848,6.077111620300827,5.433827165764278,5.998622478991436,4.675714187758256,4.541320965506763,3.8259626822645285,6.286097356489667,5.795314390768479,5.0185459551360605,5.239540932992452,8.895178528940578,8.857417740417539,10.832331327285758,6.646571353715369,6.2492677605522395,8.329712660421064
6.345183582814632,5.801767747367168,4.6308811087054,4.460379486872188,3.0375619890575694,-0.2815396538913162,-0.7977575866891005,-1.5733436853485367,-2.362864117981829,-2.5045369463603038,-1.2115331530723403,-0.8188890504993471,-0.24997038290032522,0.20610783049441125,0.7272737377303748,6.066378342114669,8.658301691697426,8.331228171129364,6.789135100156903,5.3664681143188915,4.578461684988518,3.74163879723101,4.07387714901827,6.350731907803735,6.326734602818192,6.113698934389875,5.527350859393698,5.919650432397257,11.450096782935338,10.888795247553219,9.64387539934136,5.938371774337939,7.512003192244002,7.6483674757975075
6.543392185747163,5.038658186320176,3.4240190451470878,2.922744723681677,2.2539845656031887,0.466236043839213,-0.6971187162606828,-1.0794999793669486,-0.9579407633834603,-1.324537418546631,-1.1058856127629735,-0.8468948613773184,-0.06128131206325615,0.22245823098309744,1.0885792187314542,2.643749979921275,5.619528712120885,6.6893022125363375,8.654542915257647,6.6322740923265835,5.0680575985305865,4.2181437482596555,2.7541006535051773,4.831480770606075,6.735015092792936,6.584710094903403,5.799446134445004,7.280583314829646,5.621292150781086,10.18851606488427,8.884125531945832,5.99933358160003,7.980145242408026,7.207804488552364
5.150240005277588,4.636625531208258,3.9173447991319748,1.9264089555086277,0.6516123258620116,0.6292379770510081,-0.030266406824027675,0.3883767351658678,0.23285651243411631,-0.7581996939429309,-1.2320910047413571,-0.7093167754674645,0.41596359648132347,0.7090345014956673,0.30238998883441603,2.1439520394367944,5.868648079718291,5.93373167375821,7.744829341722489,6.120738389980072,5.839779595312547,4.7738470478826045,5.532601409298331,5.895887652091361,6.686656913342772,6.477997386835621,6.3361354330343715,9.230902186455175,11.99327152622487,9.83910373592889,8.147095910514109,8.562018316605382,9.196791411897209,7.62603139416852
4.330950432183325,4.419877509364607,3.3830299814554943,2.6524027500046876,1.3913118940086393,-0.22566082888169894,0.28837450625641414,0.027390091665514742,-0.07048766341429592,-0.9753017468761064,-1.2084455279011195,-0.4891863860702764,0.7227143819924766,0.05021930431332482,0.12289316177931904,1.1539755451102833,5.084153851901934,4.7549970026280945,8.382162037440898,9.365378086033113,6.187372888308699,5.188497519925359,5.833653202286188,6.470051739024242,6.0955442639539745,5.8132468348919115,5.141085723921984,7.637112236764496,9.816028844892685,9.5452230555038,8.818655608864285,8.496203419076606,7.984521389457506,7.151136549239416
2.804192082797204,3.944696019641452,3.1272600377778734,2.8001816148487455,2.2360072783999425,1.2413278605153166,0.3496600088854383,1.4015458517400965,0.5288271182080457,0.7774784640280051,-0.5307222656549516,0.8755115707567988,0.832781277202373,0.0037308180725145676,-0.09705512007670679,2.022226995500215,3.7659109860786106,2.3254355999427827,8.496637326473486,8.40394035187741,6.603852665681017,6.117828109860036,6.067090866624254,5.94501653407397,5.561252797981807,5.286082520059194,6.524848751243542,7.50776295098685,10.128254193103135,9.034005565237923,8.104392835010007,7.091103459307586,6.283948841213722,5.462036214653814
1.7821830088017756,2.007310659808646,3.114249742067076,3.267638374484109,3.5327468988848962,2.7592195713956267,1.1761629900941704,1.769273360195458,1.5905696228023152,1.7930485306614878,-0.0739469303159138,0.6084217021468616,0.6300922730666705,-0.2497896109488217,-0.20182711688829819,1.7299052154073666,3.1419274009369236,2.7197510882648936,7.434987796303483,7.243523785666868,6.225019943186892,4.581965201858527,5.64821632306296,5.7834019725762555,5.203229665550741,5.785424305726181,7.092602645020755,10.900678970346947,10.180598410882538,8.95187935629104,8.316593215671093,6.7986518804396345,6.47674336205408,5.9871584355074665
2.4593759524480423,2.5636958319654295,3.163355155309456,2.7162965959176226,3.771468837348247,3.896051141516201,1.6723718307870814,0.9186480138163625,1.8107211942971375,1.2659264970397537,-0.45150339992794974,0.20241676577482778,0.4485887673206469,-0.23132187384938224,0.1485462617219608,2.20561421441136,3.0610930168332504,1.575395880113435,3.503176926697917,6.1137587074189215,7.223214179246115,6.950293407822707,6.0667272534588195,8.414198736492994,10.432461644824842,10.81549608420694,11.111563485271036,10.510942199571836,9.914052915753313,9.312678444420301,8.205450164963295,6.753311484024388,6.178099027584437,4.66530581698484
1.685309162294884,2.8144195678270267,1.5899927885434597,2.6087773359795277,3.55846373901152,3.03024126890177,1.9338469675086039,1.6234522105700142,0.5545679567481541,0.49584217082054327,-1.5550068181530317,-0.2267955541381123,0.8930315187432815,0.7931624769285996,0.4666056031385419,1.5558465907089514,2.8025332886691094,1.9034226862690047,1.5550435987583782,5.31054040919645,7.530260118314127,5.905627054877613,5.660731028225546,11.60735120383834,11.271920437163287,10.408189795332792,10.07079241906068,10.133193743090786,9.306006649565719,9.090693197178565,7.900993819558878,7.458661342744067,6.579545791678976,5.155398283719336
0.7784106037640599,3.300232354085023,2.3125968060996938,1.9434462918269257,2.9384472484416624,3.651458955683593,2.7050552203058533,1.3556244389789964,1.5315463749010298,-0.009430302655927921,-0.5650425132096031,-0.6385299135732907,0.5841044804580383,1.0256559675712789,1.85512784488087,1.7486872380334222,1.3440816447773083,0.7811501821420629,4.579365575596159,6.474246893969952,7.002350084736233,5.581648256521971,6.129417991585905,9.837462589172928,9.13789325457979,9.076286001428914,9.34348589539514,8.4955421151555,10.51397292650253,9.521502313188991,9.00249139884828,7.072519432922509,6.270150288941367,4.490043405133625
-0.900716372125312,3.299046311930683,2.8317041852721268,3.1621280669235197,2.9048664813689724,2.9896022640010367,2.8975954953830327,3.5211191355621336,1.965844592900399,-0.25545923700928497,-1.328025266164422,-1.3149763979623554,0.42266627738181933,1.1167523937982446,1.494441635536952,1.5863930044175634,1.39295543037392,-0.12956121683165417,3.3954528613132386,7.915652949910967,7.584174095166751,5.513551613175024,6.5361574463906,9.426863103776858,6.964859170218545,8.72450394675826,10.105012640594863,11.161219067599557,12.165424735316636,10.569642510508746,9.023543933486001,8.309980059967248,5.128264963540906,5.215194856344997
1.0709349092771316,2.559895810978259,4.7860413217072715,3.266065611823597,3.8267940841042045,3.144134996853198,1.9981922444138505,1.7718454707843616,2.6400643080509405,1.879979429358888,-0.2785991128467364,-0.7759038305766948,0.6381694475712492,1.1564028665520811,0.4255762832798736,-0.06201292871334687,-0.08515740046521002,-0.8298937320898762,-0.647722150260915,6.249063757085026,7.383851336252212,6.036508560551314,6.103200968745471,9.363009800305832,7.721418286468098,7.7125568995819895,9.579561215263064,9.326733232632929,7.146956867008588,8.349754005221534,8.993141086789207,8.635617262438796,5.103479007801292,2.96666142969941
-1.4696541002630523,-2.361934290266406,4.725806829391308,4.099302840334144,3.0770592538326436,2.930963132939413,2.717440139767122,0.5382527831357035,1.5784819399502565,1.5503752220622566,1.00107576392969,-0.806914862026703,0.25950554172304396,0.9656104750324037,0.6473278964318057,-0.21373261365585564,-1.6967429356728763,-0.6129188361987105,0.06653125980832207,3.0536538661971653,6.52740514347321,5.151495685476653,5.497442972767497,6.025026688045269,7.998625748083494,7.137611811976018,7.205917302978549,7.983207244783848,8.971140744726583,7.612359088051379,8.180831779565077,6.913655866058453,6.729202931975966,3.8175085504636344
-1.7272211601708984,-1.8933380821583228,3.7307360501395737,3.849828298477554,3.0896362423505703,3.0258872152451404,3.4724900882222767,2.753790015005623,2.3039370697637023,1.2598090752363347,1.9191348650142614,-0.4222437416702358,-0.23337699407146617,0.3408844242018944,2.128306481021288,1.195944480899735,0.16844305489736874,0.11179801307846624,-0.7412482716143829,2.916239887703709,5.219170692821793,4.061045303166633,5.034003318628427,5.509894206639452,5.17464203412361,7.020148889401956,6.514872708091201,6.321445977183071,5.7889685713091925,6.119386446320653,6.5090490740448494,5.902383461478552,7.024304865653396,4.752586475448978
-1.080153595859414,0.37872700710150725,2.3159929275933933,2.6794346749219256,2.5005421013505913,1.7174750380624388,1.321111297579443,2.645538800786648,2.757075278741924,2.806146462696802,2.3496852755876416,1.1566295342868245,-0.4491549471351077,0.11650923844876232,1.0982447375036684,0.9870742460339562,-0.05053515245147148,-0.029690460778513356,-0.027860419960657416,1.8917749693060546,3.82628763463506,4.727838026792643,5.004552514463332,4.856738768618314,7.7616716977372695,7.621117854506495,7.91551199774443,7.057894796491284,5.0290921651454585,4.927733525946977,3.8267406688294434,3.823724825087002,6.376198295480856,6.979572616461842
-0.6737919872173539,-0.09482647031331609,2.4983808553491813,2.5116103318729257,2.160956585619954,1.579492001564291,1.1784272045683015,1.5170386851283097,1.8470121370476422,2.0578384301955572,0.9336114818517462,0.6756287885785485,0.37448351048628975,1.6129539944661475,2.0848099015745083,1.6298932308430398,1.5278407396907856,1.0828670787895727,-0.15963826290091018,1.487396686521641,4.407189836506129,3.2502099882824016,4.058918873839993,4.690205902289097,5.913168491932915,6.791706243789155,7.900215156792541,6.991909385692376,5.336576796228309,3.6323563876229135,1.38686998883488,3.9885936954815167,9.773679000168919,7.240758351220359
-0.8761999704935728,0.7677972308663676,1.8607354850278581,2.184263806795457,1.6118346048092327,0.6904238062413299,0.3696207663908367,0.9698644300571054,1.4048999287257358,0.3412050946145083,0.30301102581397676,0.27257549019798477,2.3929576430199115,0.7748434116762802,1.6893393260686633,1.8274559191959245,0.7698870544659604,-0.26904004996435543,1.112514207519929,1.0754893682432012,3.7801607326640396,3.40916946773928,3.9752178081852048,6.662214021611572,5.6661889295754095,6.290871975050951,6.9767860193730735,6.817381605218235,6.202457956627318,5.93846961568472,4.624157931096497,5.0021115745713916,8.715281782345823,7.531197157139255
-0.8110315174961225,-2.5973151296646004,-0.05167845933674076,0.990563656702377,-0.5950382167165412,1.3933996817299008,2.786195049773137,1.4637627456815716,4.9713502623393415,3.248064909029714,2.917497142786647,0.5841114579991953,2.0941278991400742,1.7014710235197763,0.173440215958544,-0.02199127418326717,-0.4337929128915024,-0.1753890849542601,-0.6833624915638358,-0.16445854491997008,1.2652497982680975,4.954855326748321,5.049789359488713,4.631356256812741,6.415950323650123,6.263630260236089,5.010209960948788,5.461311880775244,5.997885886946152,6.421453424389001,5.371263868484265,5.281863565458809,6.0747953904773375,6.397412419445333
-0.8942466498716478,-3.2322418166988474,-0.7215266078230106,1.0747933315560547,1.4909669184081604,1.5834869865708252,0.45808154267378937,0.05500888540936578,2.9705287764211143,2.0275168822651617,1.0354255339494143,1.2879345370920106,2.1008962652992182,0.8293158060804156,0.9953393587964692,0.8533948733370339,-0.4774686048217791,-0.8189429977218383,-1.8262140054096792,-0.6561981174698621,0.8705130882216023,2.8648811399576943,5.0230822988443835,4.362217673936357,6.765107734723542,5.431319322217009,4.723952772359315,5.734832892198703,5.963255312389584,7.098873139075403,6.47502735149342,6.761440494686776,4.821494300636475,7.465679631414488
-3.8108233147981596,-1.3099578968915067,-2.605635645941821,2.2501885488494104,2.3155087023437777,2.0844972408774565,1.4612479980265862,1.6055069014654983,3.6122159026025553,4.2504986654415005,2.5556309933926094,1.099399617801024,0.20782530901155,-0.4807189654289595,-0.4797591011830875,0.1665862151290077,0.1606145240018692,0.4772533485376135,-0.7335359776803888,-3.172397155410722,1.4401980976997195,4.066939240367377,4.975015462820676,4.259635968323446,5.277474353192424,5.432476341846498,4.05176302499476,5.959841380133412,4.10858967469946,7.644941081129143,6.522097892921952,3.890279929374969,0.4130613580689549,6.367335442712699
-4.697673754301834,-1.0002513224392096,-0.12541147755936569,2.112528386742586,2.618887848278453,2.056217572368688,2.2842143450185106,3.4026026064171786,3.634510460945671,4.702865739968162,4.097908474914864,2.5541723277006287,1.5052215771650361,0.013852525385422015,0.8293791319807291,-0.2987685037959114,-0.13136102213397483,0.0010496440175221842,-1.9249485943963762,-0.8953982626433417,1.8414723792225172,3.967804470262361,4.891100837807613,4.197475643978064,4.8192313362081745,4.936333716606921,3.7941952994729666,4.354533691598726,6.173102496360842,4.852043915988469,5.106172794084976,2.5204281640399415,-0.8950384893653074,4.717621377310842
