script/wind150m.json
{"header": {"parameterCategory": 2, "parameterNumber": 2, "lo1": 3.000054539987559, "la1": 64.9999836372058, "dx": 0.5, "dy": 0.25, "nx": 34, "ny": 52, "refTime": "2025-11-22T09:00:00.000Z"}, "data":
[rows 0 to 24 of 52, columns 0 to 33 of 34]
-2.4126342462877806,-2.323320746628854,-2.2302377361235406,-1.3017702082231075,-0.15846639499781406,-0.9482102210300858,-0.4013078054267203,-0.08960648606308971,1.3384429737648496,2.226701950542782,2.63029797653547,4.358681377928371,5.229690206011021,4.492305960899444,2.9586013987079007,4.298239220446775,4.766907735081776,5.0249307031360155,3.2204595460618193,6.005150786052551,3.309264466180137,4.793619495876649,-1.216868581252626,3.491937658467081,2.4324556861941873,-0.6386314460747285,-0.5015970396002728,0.7114139749127053,1.0702790900407297,0.2809710970604238,-1.9284621000736855,-2.747977786272563,-0.9806969016706014,0.34404833682057223
-0.9455424507908684,-0.04899831139068647,-0.18949375458800852,-1.281626071965017,-0.80623380276078,0.05701667182781114,1.1252612685243446,2.3861728974243066,3.863654959962761,5.1297981472597405,6.764184173156865,8.658290989605332,9.109793449484787,8.374252229982373,8.558244689859407,8.938855862858476,3.4613176034842277,5.418236765098455,5.81775263024364,11.634741637661037,4.1853136119710035,7.96723109087855,1.1878565559437906,5.257266832344062,-2.796701237374803,-1.5813846278127321,0.27527083239734645,-1.9383908353424733,0.8798358384628924,4.441196612599343,0.11808865602355523,-0.36509221748273274,-0.7817094090164086,2.191187161203543
6.78052420602958,5.567301213047677,5.432573503005892,5.463388323167167,4.521726271617537,2.607668362541734,7.536451866941056,7.998938137997091,8.545193992435292,9.318515597056344,11.087439042060021,8.569072196187317,9.656156325613654,9.946492310747095,10.468173204916129,10.108362252939976,10.288387851305666,3.726746080056139,3.274745484853472,2.80117078022168,7.960529547307131,4.265458825807391,7.521215267548391,3.4665204227326236,0.7391688564133577,-1.6709354749278444,-2.6336540398652266,1.9663847253141822,0.8234691651136045,0.938709266729164,2.972943832819845,2.260790704106871,1.4912586270792914,1.813152387607633
12.80954934523089,9.43754226315364,9.996491315495359,11.079220913221338,9.693576096218344,11.755003105717897,8.650144215901658,12.882740012116244,12.053604730553436,9.07362407084765,10.067878782695296,10.751974810134817,10.074084509657732,8.877403301033024,8.893191027825363,10.3651040750347,8.69493861182808,8.733799695962766,9.76026633749458,5.296895551647414,6.131969387231581,7.276667507997436,3.192345232172699,6.5136128458372085,0.8414360113847218,-1.4739939000426217,3.7977706121421257,0.7458560521109644,0.10714046322934055,1.8957248856345406,-0.287744460716333,4.684703144836849,3.588143749290161,2.3007444363882077
11.508285797893551,11.02253143295297,11.056573755454139,10.87553309271802,12.368007235977775,12.812908291107815,13.344574128221508,14.201488793350446,11.688875749381175,12.608367289862576,14.564153135285204,11.912639021163955,10.893207024493679,8.70061689306842,7.237670013942077,9.128974367942208,11.332422084248874,10.195811352083217,12.350853886602886,18.659306780126098,8.385506829959647,13.000327507147555,0.18708567404946225,4.013811201464689,3.0263243684900853,0.11535252109923139,0.33830475203280075,-1.370997247707325,2.476694273987738,2.1378385032270177,1.1053027142535405,5.25716828952843,3.261042340678203,3.288786060248455
12.181598409535413,10.949699492360418,12.185172815835486,11.961190611232535,13.918757941087028,13.418332928927295,13.698720738273295,14.22577476835521,15.401516072210242,15.068168326559535,16.361436184099762,12.554004951801577,14.198966578964699,14.457027958234,14.914798064949899,11.722718357524165,8.042445344288927,11.359158147890568,13.928500161211344,13.478733124802558,3.066801215034506,6.04909601206103,8.278864760830386,1.7296243893051404,1.8688785877159035,1.339486554021918,1.9964644514779284,0.9292471066540124,1.3003030161589235,4.132011846955617,4.550909114266635,3.4321291799455924,2.083562387940586,2.9219346495676164
13.325796555442617,12.623550166264703,12.951708378156873,14.869672733805002,12.799256250591698,13.47426431732248,14.377983676947965,15.700475434934903,15.886189539619135,15.533404655879737,15.813080804938622,13.943148274198103,16.242705603875866,12.934072134481783,13.087139408752545,12.237913509806441,8.354930406348792,11.567963910420247,14.658885555434507,15.256178266344037,15.565120563416293,6.944569693515693,2.327586838463645,0.3890755530440142,3.344929810735963,1.6510661971209097,5.834369082232314,1.6129474441997411,2.6942407636137324,5.643073173583096,4.2004012901355345,3.996143622588178,4.73378363628389,5.959595087229198
14.216543944795857,14.027553954645914,13.264789357293019,12.855693933580138,13.871027832378463,13.794654015191043,15.15975138892971,15.073946509202013,16.47627785588269,15.966576602045912,11.706983166271861,5.353495369007865,9.334557737170089,17.00590536560547,10.015484744626256,12.01525401067921,10.168580388895576,12.339079974476919,14.956946656142568,14.564110503480162,15.045666581502456,13.000109899738918,4.976222985663413,3.0166000797622043,2.897563300212262,3.1274858524450604,3.754129144843262,8.826722039993209,5.545160651053194,2.4595513678263226,8.716582053591804,2.8308155661196164,5.971783129555359,9.530412250118113
12.83937445036439,13.82460659832827,15.124889469839687,12.084382741781283,13.280691301773649,13.355063462039828,15.39020317519198,14.780982763406447,15.245293134551867,8.620421297717087,7.698799082527522,6.914144287618414,11.674488813040517,14.422447529588961,13.649515350843023,6.893988873985785,11.893167881721022,17.602762045783543,6.322361874361645,11.286260179941538,23.194535632880388,9.353293753332599,12.890413763374884,0.9647987836414417,5.24307134785317,4.047874776369636,5.371212905812198,4.690148910578456,7.502255947085899,7.6198188354300695,5.556242673321615,4.4964270680064375,8.685184462084639,9.938172842989925
13.612709680744652,13.493989514780717,13.536897693003162,14.047583020446384,13.723638712473083,13.494139382666292,14.346298938137014,12.640331381977965,8.947830415867635,5.603817739658378,3.3225341831032082,4.1622867144732805,14.502207926204244,15.962356548338043,4.480750014689583,10.692410699749672,8.798385700337716,7.273743234418656,7.8536262198360625,9.496423625299888,12.26292383048128,11.233683919904614,8.039426903475126,7.764687039622612,4.033733136725488,4.776924850284395,9.050020664288075,8.411874455826513,7.975741860509852,8.569845868843428,5.456638661533464,8.774166909518122,9.157863428445554,9.171320791989572
12.457259857716334,12.329190750747907,12.676589774340902,12.728355355796133,12.669266791193934,12.56895627302019,7.462200282514766,5.988626331225947,9.544284590173024,4.041047749920555,14.397581887266693,7.261119479921832,12.087157951791985,21.23963994807405,8.756095441427275,4.183645417559467,5.519518419187541,6.732830563767158,6.030271184334354,10.311456682934246,11.039446869500084,5.019115160615477,13.079417662176105,5.84953408500214,5.262439782943922,5.758697129845327,5.278816446112631,8.612499546095952,9.072547638280675,4.6193033382097415,8.95616074157903,10.1570337837306,9.406962627380025,9.620126971153988
11.989821318503267,11.996615133521134,11.880101241622198,12.003847677876484,11.512486265568448,5.403558265145312,3.448215960519722,1.3015388340455867,0.49084067012183946,8.895297739245624,12.927504936912513,15.048694546412529,13.526471179755172,14.902664337137914,17.337702108057876,5.707361029027823,5.203293787623188,11.66891824705907,4.433285288901074,11.522777153253212,9.588713073949048,10.00474817123886,3.812666286559428,8.472339896605172,6.835340636109895,4.167546974508952,5.510968507668391,8.935125411396946,9.1158261650557,6.1583850230650485,9.099625304313372,9.037898853772129,9.39437481350219,9.32370186275939
10.263972771619814,10.901662041988413,10.859808766575801,10.67027670571705,10.328149583841299,4.108815657288214,5.0719069974216,1.9728283348786388,5.872626080403264,11.917299667449425,11.252833232173439,8.88986474380267,14.415377813849231,11.156250833893269,4.546924872651326,14.836632348751058,4.227159508848684,13.856566676508356,6.393485159139005,5.410539732199833,4.631571602713218,10.424816481240626,9.628832169092458,5.3733704016898205,8.439183035326856,6.640161120064497,3.8463591486455497,8.057097065004287,7.820031327080894,7.61934196876718,8.149828432086458,8.969553617402834,9.45515601841486,9.98835766047772
9.670371583145347,10.070219834658952,10.197390776507758,9.918393033635464,8.79143318808458,10.932877116490143,11.343273491430965,0.012688436639254763,7.455716678932492,11.182908006869566,12.407451180740297,15.82336425780057,7.854295054958737,-2.2252785087307885,3.44633959492327,9.111017826210976,6.401014793144855,3.046490081135234,1.1408295177541958,7.706882680530574,1.8204652294863144,7.045129898128883,12.412212652397473,11.204083072466533,5.777127400119408,9.48346435800568,10.924045891468836,8.824529219566433,6.248904019557113,6.892163752545271,9.296609795091879,9.173600792031438,9.695599798953086,10.184000031769592
8.90979424649401,11.052186807954296,9.983869263016285,9.449435231868577,8.632289183762236,6.170184464871043,0.9100285494375968,11.524145127416134,4.569819508060217,6.784798426507914,2.4963594331758876,13.018635412284738,11.637934673617899,8.699710544190681,10.050868959660392,6.526340612362021,0.37489397344083636,3.0006837728858096,5.918727479888022,1.427101471393936,7.130035025862863,6.003299592780235,4.090034095031712,9.341328804345011,4.969191974568433,7.964074268614473,6.889126134795101,11.184129004601306,7.508953256553126,7.41313558572255,9.001758109894652,9.855951572354673,9.791082881250057,9.96942819036456
8.430986236742488,8.854584302446995,9.068961225095908,8.682019189572575,6.055249999070415,6.382589528623349,9.12940687957639,1.2185310991325506,6.643926023191924,7.560911659980639,10.822879573311225,15.882020158407059,4.801299815950877,10.494681863926449,0.8267835459940553,4.074567940113995,8.110545768090295,0.16339275134132678,4.485761116635636,3.1320997331939893,14.371820279331788,5.014078451938007,1.119334571456795,11.332924275756747,6.42153027013816,7.486339742806876,12.338249444290632,6.002030842636748,6.467979067190505,8.785994672709952,10.21709287080619,10.620738802905516,9.819470099296497,10.090079978411223
7.541354777534944,8.43484596090598,8.051567195184706,7.246719509265509,4.938740299281955,5.881584555393733,12.431210426435937,6.067182326629146,0.04340169743330442,9.471546703034443,10.378811153303731,15.023382828915961,6.610961111600914,2.3924135122751298,-0.7414088745540816,-3.9495715738071313,2.250558189451933,1.3722914458432298,3.1008177384541673,3.962554447258202,7.5398273792349615,9.995285751001445,6.002534785565914,4.869470970901965,5.209376907355962,6.830332080558256,8.767246976509611,9.40861862202072,6.520615759489331,9.064918091569577,10.638287562156886,10.70024692771581,10.68444476184793,10.298281038447143
7.224686183220619,7.578730669333577,6.871314156545356,6.204356841225388,5.0867418976507786,6.440103256036545,8.586210837407624,4.331565856864055,10.483071108626614,12.278928045372341,8.13303164844662,9.807561005828065,4.973692919328124,9.69895615351392,8.730105337515763,8.20086053362949,-0.6884652778801158,2.5712560023724538,5.616682659418738,5.8838089007185825,7.604971821212893,5.7055922969377235,6.130414476689064,11.082741117619314,5.343296373744066,4.866230010588197,5.18974002122708,6.1963498579305725,6.933985368426853,7.881997077661715,10.267529202258006,10.9101093913459,10.26102816769781,10.873298424843956
6.0933737550579705,6.537351368310657,5.481287484336991,5.085512709337364,4.758013463151813,4.546429311806949,9.38621452262673,7.741373283218229,6.146576046128563,13.798653295592349,9.31688434240524,6.802634543817892,8.975610948648153,7.296350808848397,0.6697978187057885,2.8116951178196525,1.4165242859089169,2.123547514909772,1.4415843742521959,5.750969016153502,5.292828413579556,8.498521839115199,7.128261622505017,8.070695494922894,6.038306270080323,5.334258120649245,6.234853210479981,5.9702803734661805,6.338331552874662,5.284581440442545,7.361049617470694,9.416288841338275,11.165411246530503,10.607665154614317
5.097183802896466,5.194050804520936,5.247501701553226,5.0854609039862995,4.238029787261055,5.873531864637869,-0.4519716809860319,12.363538003068719,9.611214020578013,10.224381398927997,10.32867981537951,12.26405132486252,0.22603475126753197,16.66418246812178,2.4758340178367653,6.667334662365928,1.785255797405907,3.4915490130874187,6.219032855284035,6.186089371299276,5.539332564749685,4.625733294761115,8.340343239645925,8.005072164426812,5.0705695154238,5.762720380353775,3.1866434116586344,4.145065344023976,4.906821437576408,6.016845402667113,6.781493230667563,7.491373570011835,11.253887905478557,8.753395258775225
4.570245329463933,4.71262661515799,4.809571529840293,4.346962621242729,3.962337829710736,3.1024357263833737,3.5212207562417914,4.330855106853811,10.47211415496069,12.40839721547636,10.677608402834835,11.707534398131974,9.88450619280501,3.0517301066545155,4.310767528679532,3.6780105280441426,6.089886998506214,4.343556221298324,8.612635820713946,4.855897888785546,7.739844809108876,4.308100561003853,7.780177404427083,8.030185432325565,7.225053141356281,6.376155074000906,5.14858463434347,4.747992228428565,5.858473135362713,7.409168626490562,6.859107416776518,8.035950516932973,10.052936800311773,8.861522750233632
4.220139439697592,4.6246926655745435,4.397964258105884,4.3341653140992245,4.2317870856162045,3.9139226675568524,4.54060897083858,3.392311050732665,6.352755792948341,2.888651192734667,11.774429001323027,10.900311645866877,-2.3107670239577,12.78317076353884,2.4973999588704983,2.5244247362530876,6.400987223099836,6.320436797586859,8.397548908989291,4.691258606808202,8.03225427027946,4.1877078415769855,6.996090134740943,6.649144542758865,5.793447069535874,7.414917411018104,5.769836680263163,5.5836648581404775,6.778787471819839,8.161502349745943,6.663647992473192,8.860793646686936,7.094168741512218,8.304627696890135
3.4693849794388845,3.6416964441301736,3.7007111024636083,3.533523916416151,3.178679351976155,2.255623156425659,2.9917124239977766,5.519964634751193,14.619983490461745,7.1100418201157725,2.757884965179429,6.12166063300177,9.78654364358808,6.661007952476791,9.984365678367132,4.634473646552874,7.861639070789214,8.580315696943913,6.400016092800415,7.943479750953983,4.583338026514325,5.154051166182957,6.438099500188008,6.478257957538895,6.307414660350731,6.743167212939814,5.116356497516516,6.353996994901127,7.724173974046815,5.932093188757436,9.3540873312227,7.082664360658054,7.936856542371285,8.951352959051924
2.057605832918979,3.0495863267648406,5.777298401106246,7.350170454885251,6.9872110311406015,4.284012726722612,2.970878583306644,4.904760626109557,8.50915096788408,-0.554371935715421,-0.4165093063624328,0.100806922856818,5.184691878023216,4.502730016499457,7.523429841623434,10.647099034930138,9.708478562533744,7.18102380559146,6.3301609299511865,7.2032945977428104,5.821697328336723,7.356400456053566,9.113045306273582,6.239030842880463,6.496185085107729,5.870556380776967,6.3803378693252055,7.386990537529709,8.344850154940326,10.813540888190758,11.045717660225147,8.995997941059686,8.820376342946831,9.84261407353077
3.1116913956243595,2.889874409324685,3.776118477648018,6.47895280952039,8.336843966723118,8.57434990820138,2.7658360883342294,9.278770566390802,10.086074936477129,1.3449761708861792,4.338815430664258,0.01995452159285167,5.91178030807508,9.698679341852076,9.050796805000637,12.89516062563299,11.774644743217632,6.983292094332341,7.326339423232354,7.052239164274992,8.029413831432205,9.643092953034046,6.2605383922747935,6.513568157225107,5.979089418010606,5.227951085214254,6.110743448237932,6.342521062796225,7.959368559583502,10.617638665552791,10.34925416385716,8.912731617653803,10.47570204154502,10.412947706035947
