script/wind10m.json
{"header": {"parameterCategory": 2, "parameterNumber": 3, "lo1": 3.000054539987559, "la1": 64.9999836372058, "dx": 0.5, "dy": 0.25, "nx": 34, "ny": 52, "refTime": "2026-02-19T15:00:00.000Z"}, "data":
[rows 24 to 47 of 52, columns 0 to 33 of 34]
12.252213988123707,11.597243142142203,11.097947115670618,10.772149833935314,10.544097049114379,4.907084786162169,1.3512833847429375,4.621424875102987,1.6750455056637383,0.041900431621872285,0.25682226716308443,0.8671768564968269,0.9844828900366479,1.1333001821833935,1.1997889778104778,2.8927266624668175,1.4960317111261257,0.4219748931182773,0.20049790199597942,-0.13228332642688398,1.3058393783924693,1.8275463436260004,0.15700511970593026,-0.2301176717855255,-0.4223121036038252,-0.3350504639727967,-1.6409120439894231,-1.280822636488575,-1.1011470000475296,-1.6352580425557715,-2.2132319818759205,-5.164008461114871,-8.07560240075654,-8.241290861589448
11.66044439074912,11.27814942928846,10.933316028654623,10.7295365455263,10.202484430489086,4.6648379266063715,2.589391492326602,0.8790827969747376,0.7176115725286814,0.7291201180028125,0.6026080090716905,0.3614898940377927,0.8397443604773863,2.6631405379743893,1.7353325278610146,1.2032880031242565,0.35985075337516725,-0.0840718234057542,0.2083023344158004,0.9019639744678483,2.5678318458621474,0.6001086025357355,-0.2082302616796835,-0.9984808642048748,-0.7856844113202157,-1.189755890025798,-1.3341959774829424,-1.2418188577729672,-1.4223102622686359,-2.796398406597612,-5.201731365253365,-7.2577969744832265,-8.343681779367166,-8.434538494882318
11.054860743740036,10.700922718767961,10.599160650969393,10.332606559461599,9.691740554670394,7.985364607037866,1.7190871184938696,0.5451755587956801,-0.08851644494765203,0.16975785681892638,0.5200790977215337,-0.07327963768522266,2.003093333213653,0.17052893399080354,0.5120509876187036,-0.34350122540795097,-0.7198265387949604,-0.45869323855618876,-0.5822937621617016,0.20843803019589474,0.3556505730229083,-0.019374925303332815,-1.5019037465730336,-1.3854259205349526,-0.35380380981958287,-1.0701131818733853,-1.1908379709362458,-1.1370747765731952,-3.456363319918314,-4.7852214702371265,-6.358337171935634,-7.969445056738485,-8.605290239558835,-8.838343188554918
10.522627604156954,10.221408046862544,10.066723851734718,9.659731649634105,9.045071536992852,8.126053924507438,5.350818439179652,1.266580451329467,0.20065658317507784,-0.11653837742040427,0.030118335579762807,-0.38890952753802505,-1.167038083278475,0.7452338306681436,-0.3594467993730866,-1.2648031876393735,-1.4662553443151671,-0.24291048275099505,-0.2637724068633376,-0.16069063533166986,-0.29526687184648137,-0.5463815700987371,-0.7133092928741019,-0.05662941532464153,-1.003582986731443,-0.9062569708466505,-0.9343188417073747,-1.6367996864925334,-3.8377303111447665,-5.702167898161166,-6.946245510335602,-8.351426204943401,-8.72135667964959,-9.349370737174466
9.882023507691446,9.456135377223761,9.297593318304399,9.024582832367157,8.45545600857562,7.654997066376027,6.542836200440385,3.0475413988849396,0.9655692783011671,-0.3792149908706161,-2.6271306690424265,-1.273326183603111,0.5508467877111892,0.22925034776012082,-0.5177926714413644,-1.242984211378662,-2.310569927604774,-1.6427020440697018,-0.6129508535708337,-0.9820716661178418,-1.0457370908224437,-1.1928520833566076,-1.233122924728121,-1.4348818871842692,-1.2555011602737045,-1.4503115332038383,-1.566968661893126,-1.8823778358689336,-5.168116644576132,-6.512991651188964,-7.821445280719014,-8.299650740818862,-8.46249910540579,-9.723736006098921
9.175760937044176,8.852907326348571,8.669023107857978,8.276009953714608,7.759963598606216,7.136366412376775,6.2403764619469335,5.233886316486068,3.837878132339264,2.053149913696912,1.875887480436335,1.6787553895969622,1.1265217725372767,0.5459282659849046,-0.45879805513929883,-1.2262808469888948,-2.2663866707783384,-2.5778608738584308,-1.1502148852930216,-1.233257171592829,-1.4987610497667292,-1.471971893646604,-1.758037007887978,-1.4520441073997212,-1.6970644097843592,-2.002816266241796,-2.127007958009029,-1.7957102510476184,-6.558323161161422,-7.575961607855037,-8.402855910103485,-4.3589428274963264,-5.668381974957555,-9.983969057599948
8.71924641717763,8.270697584515013,7.920624849704647,7.542617110071634,7.02789227107112,6.525737663809936,5.997764800215064,4.826304169696117,3.7690480404626485,2.7331111970564748,2.011051156264635,1.5216242504713307,1.1354252511158636,0.8076716376808952,-0.02523597898641744,-0.6139264071676525,-2.0586450833411214,-2.7076428057305857,-0.7586255793175131,-1.0103464980028116,-1.244312971385057,-1.3718477828256195,-1.4807027406299509,-1.6759871918687768,-2.135614016319406,-1.6744708584399652,-1.8163735067096924,-1.860780843192984,-6.632059873041068,-8.144317941482708,-8.794831210772161,-3.0623388860482077,-8.198026377310969,-9.796358975515878
8.666192612626636,7.998506127651916,7.486363030406861,6.944963209650609,6.632462326009889,5.746098273969446,5.308374787342805,4.899161130679276,3.6792882031338316,2.2761803411951105,2.006060814687181,1.291928443276392,1.2216793098399465,0.3240872769482115,-0.5900702990824628,-0.9150109722972426,-1.4044935375079655,-2.9249783969968446,-3.4563059928775153,-1.0527539957996497,-1.1107565128769235,-1.4194536583556132,-1.0529883012356147,-1.5164640172508896,-1.5770788738186108,-1.812270977267914,-1.6568330462108452,-3.2076392225075776,-2.3753464727828892,-8.75450708645878,-8.889669901915799,-3.493472515123124,-8.384672009973707,-9.535499785699518
8.699936771616363,7.9093791411960215,7.2757250551245365,6.815497026903883,6.06776088293144,5.145274427888172,4.551783266307624,4.364471304506753,2.793075261525556,2.3510866857890442,1.56461749410985,0.5883025924729951,0.39076713962578946,0.6972860678973609,0.17863522240758636,-0.7664200135065325,-1.6103538529286772,-3.04436239395646,-3.985337777060586,-0.9020875784000937,-1.239916398340051,-1.1098440909944318,-1.6874060714568655,-1.4042424781315102,-1.6765588522834765,-1.5082182364115648,-1.9885652005526933,-2.540752297998142,-6.664618757909813,-8.874557061936013,-8.845154155061675,-7.252652206568983,-8.613093797595038,-9.64682562905838
8.246362419469545,7.7786036348814305,6.979238928248868,6.495157594475329,5.881385841078346,5.225194674290488,4.1234061616759075,3.556658126421389,2.5783026986587947,1.5250545071581068,1.1186356454536688,0.5003406881430507,1.1887495587934263,0.9372068839721066,-0.17684161329444376,-0.2788348599299148,-1.3899902078697604,-2.790584719585852,-4.5046262136376045,-4.563636659529193,-1.370856932680702,-1.4483159379029242,-1.5906311594407359,-1.8730826313877023,-1.6700409099024471,-1.8110303153064664,-1.5415222360743386,-2.066007520612983,-7.211726361014658,-8.586144568954838,-9.027746789111228,-8.211009505586832,-8.555457666074213,-10.074869061785213
7.947809654509672,7.305208955022929,6.657925779967071,6.338627018951202,5.7651368159883445,5.493357022540648,4.552182513077439,3.5286104189043814,2.0907839104131036,1.0296891048225,1.3295609716942542,0.5760726074464839,0.6352157034873154,0.8614802524370891,-0.5677872249357107,-0.45524618472767525,-1.589168119972372,-2.6206052837917393,-3.8083321377770294,-4.4485802909088745,-0.9161640984774997,-1.3272334314151772,-1.70295354358398,-1.7865070258490419,-1.9080585594128565,-1.6932469664666074,-1.6568888631430296,-1.4463610259094513,-7.439800688098876,-8.119784169206966,-8.936075550599007,-8.552895658178121,-8.639503963560948,-9.752337440594642
7.7429798540582535,7.056362624335097,6.277444863097985,6.040734584901462,5.817598958287072,5.547594777885946,4.908012207869581,3.6451105401236465,2.259033166718712,1.42037046040716,1.3656914458982188,0.5819719320367257,0.7618771362564569,1.0909765837292045,0.737180294227241,-0.10916480430385422,-1.555437016342721,-2.7221336377639567,-3.788042227942078,-3.1360581581782276,-1.579991354293113,-1.5702324464702035,-1.7357884954300142,-1.8900861436028256,-1.8580201868251418,-1.9144828191103591,-0.25538475278000067,-3.4733311322857703,-7.03762256583719,-7.373881227307729,-8.410458793239078,-9.04919704251137,-8.743898537442817,-9.999178427499986
7.10226550958723,6.681126845605847,6.222665161315856,5.8236112502731165,5.453851459058781,4.973642711254813,4.667968635242058,4.305556570696969,2.7335333570497915,1.2584058028896932,1.2347526560215967,1.223596822068507,1.150608711253222,0.6655961613304919,0.341375258493173,-0.6073299644175093,-1.7033834407173638,-2.4624946701160586,-1.7083147107869134,-2.2054328501346534,-1.8540555077200842,-1.527633525360177,-1.7612534387831407,-3.607662760652646,-3.7104035150474175,-3.0964937927346843,-1.65047773389596,-5.15324986649803,-6.360008208174264,-7.0986567159461185,-7.953864267810343,-8.444727586494439,-8.475514771108298,-9.108050759599868
6.053969581112264,6.023241386751523,5.9387503244300515,5.65853211213621,5.2446734600320815,4.705153714007245,3.7090705776114055,3.7464192080341148,3.7329296141609594,2.506189997790951,2.025261545620888,0.9343058959561448,0.9437079372202716,0.30884917789857275,0.15497820735268014,-0.1449821155011885,-0.8668902267651358,-1.00110226002979,-2.056360761265499,-2.1343938696650753,-1.5369425798500893,-1.0552816738046231,-1.7287695763771032,-2.592862078309763,-2.490709518872384,-2.397037924345709,-2.913071115471339,-5.05284931182825,-6.1080162329350784,-6.872007959081453,-7.87657552098416,-8.253531600938892,-8.117160450326281,-8.348871428303172
5.1335694338603135,5.338989684516855,5.467278401874798,5.456941904777048,4.930370799303053,4.354473421235828,3.8574371715973843,3.067478670721847,2.7917540849964797,2.9087108031619042,2.020540783460986,1.2429322942784977,0.7947679477299233,-0.04201540617390603,0.14990635357339743,0.5646714850791928,0.1454937556716232,-1.3288616721838786,0.5236995431450212,-2.1726959799327425,-1.2358766148779483,-1.366621981552344,0.7004057156676605,-3.3435099034864457,-3.793981217848726,-4.135187900349517,-5.179561212178336,-5.910178830359676,-5.862272272486021,-7.031716338730082,-7.330350070799304,-7.6969395075331155,-8.033392309260496,-7.355523684451469
5.096538107823016,5.204580813682616,5.145710330003219,5.1946962688756955,5.097648299789534,4.248028856702156,3.7641994636375613,3.1568794165517327,2.4563772118889964,1.7980054596257022,1.386778333494432,0.8896793657358624,1.367227573918289,0.7828621397054024,0.7140050441398609,0.24700066554208516,0.12556453651769817,-0.4243006297270255,-0.9446296499860111,-2.8683748613412012,-1.9564039623521967,-0.2816920190412482,-2.2468821009272286,-4.3097819667684245,-4.438146973335217,-5.046095389204107,-5.783213772049217,-6.028915371533275,-5.761917930608129,-6.543182458793122,-7.284304456998895,-7.755826554074635,-7.558242728007533,-7.2456395554618
4.442885827373221,5.339196852103659,5.076009135886799,4.842509090832093,4.737845710373563,4.147577578232433,3.2238929672765657,2.8662388985282123,2.037135639832858,1.302173781406283,0.727403520517644,0.8888732763664414,1.1933838499758525,1.5161942961468267,1.5702645420028445,0.14963583686178691,0.2465040282844664,-0.436561857341619,-1.101505896936987,-1.2368725378350494,-1.8582550014068713,-2.49907188544913,-3.7303421844018496,-4.634044475671827,-2.499261096532121,-5.357256652673552,-5.685879467233254,-5.710190631231627,-5.490496093868209,-5.871060655933585,-6.215830145101481,-7.063572388459058,-7.323217886831751,-6.6648575311390275
5.355196802099739,4.554381483458489,4.609292355684291,5.084607546200371,4.048721165007126,4.037873983645782,3.1445365700225825,2.1501197519652093,1.920184480719793,1.2329946814286763,0.7237658311973248,0.49559345162325563,0.44672840289606525,0.7490236412918427,1.8281503086781827,0.8926396591682143,0.5804303030149944,-0.5001560777916678,-1.4544759707091026,-1.931852463629136,-2.302195035340634,-2.9337594370028226,-3.8299922055476836,-4.48495345150048,-4.742890638970589,-5.268345234746278,-5.526020466515391,-5.390282781447294,-4.823114398779342,-3.1963568143733867,-2.5291944784749316,-5.361869838855843,-6.611816103559987,-6.500425787879026
4.6333254632213725,5.178003512540358,5.062356975858168,3.949624558778483,4.635723610517167,3.2854414529317526,3.506456462571741,2.621890022438617,1.4880399266592526,0.9023365248545623,-0.43525188135924087,-0.5186979852289606,0.15782153203820853,0.19746287527428436,0.8079789090228878,-0.06812205464595547,0.005466728830216976,-0.14414524741847487,-1.3567732474071368,-1.4643542823781843,-1.716309014629932,-1.698985376915891,-4.189577473098928,-4.2072368953913255,-5.233484241968562,-5.1158386913306355,-5.10477912677701,-2.719771716169579,-1.9758806891746559,-2.103598527551527,-1.7394721212452346,-2.1196280967949668,-5.419586951612903,-5.510981736068485
4.121469607005627,4.2847603231462825,4.41076034655095,4.4393758915587584,3.3659807338893124,4.157440560553586,2.996467891358411,2.585648888549421,2.037774299052811,1.4869287314638797,0.36046348782240756,-0.09617271710464678,0.232668637305425,0.14709405034099773,0.4563598211126905,0.07349819682612958,-0.5109645041634009,-2.5414878580746048,-2.5406742279564636,-1.3185269084837092,-0.5276436999468016,-1.754342238954969,-2.833083751820124,-3.797754100570373,-4.583365038150708,-4.762778043579712,-4.124475571372363,-2.8597721064879114,-1.6735051921941597,-1.7598655082204422,-1.536774929303838,-2.019716285211217,-2.6340892156457283,-2.1000866973963657
3.9050484047453176,3.6173116758922,3.60780157305006,3.839527010716293,3.7159102425014594,2.5100054007228354,2.6727876123448273,2.4656803142918275,1.8204075930951125,1.5949514554903288,1.6267799783498638,0.702376215574787,-0.4008412922961176,-0.5334943932290453,-0.33761869933907296,-0.6683450439857109,-1.5646982403049006,0.25904373363826266,-0.6624240701822028,-1.0577204042136612,-1.025975114231174,-1.4905332800084325,-1.9254012719203188,-3.7191391810203824,-2.1150656831346057,-3.0350583452262465,-3.1958504304666575,-1.776887006476365,-1.6757503322870912,-1.4818280578021445,-1.4931546104857565,-1.3343380640488165,-1.1291763368206496,-1.5927101251921092
3.0371869129250464,2.8792826324958,3.187818450767318,2.966713527927111,3.3519205307484317,2.7152129173527078,1.5810206325357754,0.7655845486637879,1.6766229561618033,1.96312169058518,0.7888195229971207,0.8566090550911742,0.18358991789812124,-0.7199559787429011,-0.6239868072099817,-0.7522837845072439,-0.5195158833887487,-0.46389615799932704,-0.3315559358139618,-0.5755364405981652,-2.0240197248972147,-1.5448704807876148,-1.1296156706900817,-3.7824441926035286,-2.513579748951674,-2.239659748644738,-2.4647022580043823,-1.2748503819327957,-1.1238962048327399,-1.7894341557714502,-1.3964138524335652,-0.724973673900658,-1.4855237069989717,-1.2934852504392027
3.8633408479058526,2.9738048465785623,2.3107165389621254,2.048709317824239,2.0054813256206594,1.8369582488429643,1.7997966309247575,1.1362459216733138,0.5894786176009408,0.5522767291072757,0.6665293110798713,0.39679136087255307,0.06892649018956076,0.19584743552654513,-0.004755373179323203,-0.7896922242593685,-0.9722594603817418,-1.0926147917291353,-0.6786141861437918,-0.8008432182770187,-1.2487370137291272,-1.699661181005364,-1.9957881633146963,-1.648968915416572,-2.3467922780759896,-1.8221629738361143,-1.298454150192976,-0.2730813601810941,-1.1002085490176532,-1.6046148656763635,-0.7024005381816628,-0.962126416307695,-1.569007903434899,-0.7724720663737433
3.898297960889935,3.0818766943019917,2.5535048408540315,1.1513627581475887,0.4284318940334595,0.8951157408769052,0.7980258082935487,0.7700773023499121,0.5987743878534619,0.06709858190634627,0.5338576138546922,0.3583021025863184,-0.49736272752846167,-0.3646898513804288,-0.20270590702490562,-0.22199700380758713,-0.1256929643986755,-0.8001636865257286,-1.963280171392088,-0.7688790151330251,-0.8249274160549492,-0.8489904469418397,-1.1111742907727329,-1.0035427513103798,-1.2963386184665608,-1.1523735046865333,-0.7929269212956739,0.23495729987372654,0.07834988064889639,0.6913661962858271,-0.11959472832737901,-1.0987993844854658,-0.6364817031810361,0.08262313878289104
