script/wind250m.json
{"header": {"parameterCategory": 2, "parameterNumber": 3, "lo1": 6.000198445256149, "la1": 58.999992894266676, "dx": 0.5, "dy": 0.25, "nx": 22, "ny": 24, "refTime": "2024-03-19T17:00:00.000Z"}, "data":
[rows 0 to 23 of 24, columns 0 to 21 of 22]
10.166495368111644,7.915651379341024,4.27153901271058,4.718473600319925,7.368306426055822,0.9557821758520579,11.718019651696357,6.4858680117984795,6.900916366961587,6.9996220566770635,14.865277853141192,10.358186107078042,5.268372772532645,15.810151090954507,1.886872590970263,12.137832101107135,15.9410223677197,5.589871363531973,16.708317912772532,11.541463093364534,11.026152606419545,12.790276576854907
4.440349851991641,5.703045699238718,6.347751061855741,13.509142722556096,6.527437423008079,5.080966519822632,4.635871849250454,6.467874951695997,11.64987204708191,6.061835394835169,10.47887246653969,6.399836182747494,7.3187786605824545,4.473848451440374,7.26490726417847,6.771420379216855,7.1093742565677465,12.756116015091854,12.75830252242942,8.503931816802897,4.124823960561371,6.198981768493822
6.5536093664451815,7.559269976531944,6.699184652571968,13.758736547785373,10.219992105483211,10.721566976925429,6.8755780225518155,5.0769884001586405,7.492890098744489,6.690418380737094,4.317842778326062,5.096517152170208,5.708247431216538,8.198742596623951,9.241824721817347,6.074026308538675,5.48384575682177,10.352469711510404,4.2389258342302,7.4077569782179316,14.901117067777614,12.597416994722428
15.02480324282695,3.56807475006122,11.154502242499312,11.589257217095113,6.529526832985884,10.488714335610466,6.0001696758027965,11.133179559999144,13.904529833001563,3.7122127970453267,12.084314375527518,15.751584365770743,2.6775696859883698,6.154925277014481,2.900306967391415,5.849156774845374,9.545988101324388,8.278427793931392,1.8386343149478857,10.841917066532524,6.216981120418263,5.946756974148333
14.570923746063889,11.999880735757479,8.236597583881368,10.673869966158463,7.807844652207214,7.6422693835461795,6.261431430984565,5.604345077465906,13.167288586640185,7.052671706994305,11.346240123494805,10.255436002110674,2.6690331663396107,2.080965003665691,6.170034307009481,12.750700379622511,4.611003601299258,5.895344906129321,4.360946179478953,17.328395015109997,2.7351871210066045,7.246665089083831
10.708669769648752,11.822139130768985,2.347297191067188,13.552924220735495,6.861418528829965,9.077791706686803,6.061990551674246,1.327466193458823,7.111331330380377,10.143902694238799,9.847645065901679,7.4370361297879,10.144241555902171,12.464794043785433,8.565972145974035,6.68193256305738,6.399186588260074,8.714990274079966,9.71797105844496,7.623573928725141,13.199634338717885,4.939063068175738
7.616991572424384,8.57414233654654,7.212469895643505,8.34143438954063,11.150412730399317,8.652809409421183,5.45075394612626,4.801403479731807,4.456427127902658,4.428790137113031,6.401582000070957,10.29090491803579,8.302314545085842,15.95516958526147,6.693133121011199,5.486760906893095,6.334717544677682,5.602712804971726,15.912398676801581,7.348655775725369,13.296970108356073,8.662254787735666
15.84071774527967,6.215146797694029,11.789937054084627,10.837550219029607,15.248109458598663,7.293844653457583,5.881503402747072,5.297086827462892,5.103874418727086,11.313029260276988,7.693469950594662,3.275663223273319,12.640495494170036,8.189795027029051,7.160316491231407,6.770248631218567,10.001034052694942,10.77797100314239,6.577395652156675,2.2362247239117776,2.190209535760828,2.931103984143302
8.912704659491844,7.67975483883577,13.166808103045703,11.795966706685386,6.367501949539972,5.364435655311792,4.669089380498007,8.33020891425896,3.6007585026585387,7.270273533656106,12.313932654137151,8.859303587583952,4.631762976918142,9.6666998346847,13.479922802766692,6.887626816908579,6.986120478994012,8.793136890661431,5.310611376517015,9.74213987787523,10.002414587020299,6.021809200365699
16.64718165316891,15.500488142712127,2.660840447120253,11.035549116851294,2.8834692243710407,10.963364185695953,11.057287072870341,5.08039259251704,6.729129407859098,8.762603053212729,6.638951911664265,8.051840450351165,15.99146982073352,3.74156735260515,9.6855148021725,11.89820475198421,6.35550207088579,6.921345560558273,6.87855461252341,7.252206167972596,13.942344080847404,6.7079345344647505
13.597388821378074,15.633158109687344,9.516618088879081,4.254879414992026,7.8546385957742935,13.821864238473333,7.052804917086093,10.672836406543723,4.7349524198099235,5.849427221090887,9.728299899337317,2.2193505037343204,5.9895885451179,5.458916644533239,7.5168913990101025,5.624962043460005,11.565497963558723,7.180706002991906,6.856716081183203,7.665201794131417,11.766386412670748,4.239075055899674
10.075195760279744,7.037906484682387,2.7490194876578107,12.594247195479749,7.566173748673314,9.117042798918478,5.221670592749797,16.117261598622743,9.077770667128126,10.639306080630451,5.075270625697712,6.84527449229529,7.2140513454561725,10.86628204031439,11.175392057719213,6.1003502252822,9.626514726821636,4.777982684495591,4.249411799220922,5.67725824067684,5.924701139627615,2.7796386189723092
5.974757669338822,15.843658093260359,3.7507259414274836,6.209544036861171,6.799955204135053,5.292051443763878,3.996735219362099,5.670093046315851,10.406469583108125,5.830934074840027,10.309684004307302,10.253353155024152,10.117138350775024,8.364508618193893,6.509153449553075,9.991364202872665,12.100364654085425,7.01210179228022,11.456898616738517,7.071503606809647,15.374088764577557,14.496607513588387
10.13297218810501,3.082871320017964,7.274025047699298,8.549444741302743,6.734721710322388,2.786691288449495,7.298382615270083,4.631027104483544,12.147269716189008,6.293759499118627,6.08754065974859,6.12267221527343,7.2001975381375205,8.383135470253263,11.899116850172767,7.165561683132449,7.468387026558431,8.20453242823282,8.207134517805626,10.220260715037249,3.848379971148783,6.791859934016848
6.925897266636462,6.522988474402009,6.78297266845076,5.0259272013956116,9.006859090775903,5.420259454180309,10.016959914826968,11.693301394746072,14.222679969191214,6.869642132450099,9.095566391498862,4.745606588450126,5.311238764577296,7.2019210358912735,6.838985437795861,15.321683093351094,13.892164906411866,4.845160028453718,9.093670966127716,4.314839958818502,6.655267792029352,5.399942874013064
9.821623371112667,8.179081469493694,8.728667414199942,4.549403724944894,13.846720969168665,6.996984256474068,10.536063254239854,10.370546776232441,6.0369012344553,2.845415129080506,9.886313396151733,11.809212049387348,6.4798782730469675,2.3657692886209505,2.939108406278456,10.29170576805618,8.226164895796144,9.977870818849075,7.769556298219317,5.78893027364871,7.783995494371007,8.899115633739472
4.079623412332114,11.888690686546425,5.538568993484937,5.246338763811762,5.730511095314552,5.426662927147538,3.353869664162537,8.36573367320832,11.849757030409963,7.469149093934343,3.1580975455286504,6.577766045066209,12.603606505263576,5.801001384871799,6.385050595599494,14.310734580401565,12.637486843791669,5.522461628562457,2.330208031669571,6.722966311186695,15.172389579185976,2.407470941524139
10.469105069598244,11.90706471080002,4.527699297926438,10.703878333049573,5.7651746521064,2.481489703375695,12.674975443790915,11.284974276725082,7.524589842366779,6.862997141828865,5.398277295804068,6.81789504484553,5.209194446206264,4.06192502578051,12.774005631863911,14.158721918659246,8.769364239561261,10.793728812092558,8.459688350339059,5.626169652593122,5.066535199904425,5.087942181043708
8.389422569755633,9.93030835949385,6.527126897574423,14.42147904044374,4.858696146818153,11.793415498952001,5.227780950098455,8.643449854326008,6.356033141553323,13.787597921263751,3.975582463120678,6.819617918096748,5.815463325268257,7.855590346945232,10.632187596682892,8.94329356078587,6.361341096739411,10.160882413773448,5.445756814964667,6.42652442209983,9.315270383808876,6.419933104789826
7.2970026524199065,7.615134740852949,12.262059086794594,9.172033669872551,8.789804679410388,11.990178448582991,10.308510231709421,3.296446630655705,10.357434459737533,5.1055696942034166,13.867702808054508,4.3672620649100615,15.24400815670631,13.291561634404752,5.14102571677937,14.350831777812868,11.474158011019977,10.2456259488951,6.928652378831131,9.16314647173956,4.75525033706084,6.20280485714878
12.593995956328065,14.667930612647037,5.108875441886071,7.5452118421094125,7.576795358218116,8.21911115243372,13.0223693181338,5.752058848445376,3.568550068047773,8.828284018493362,13.777873487857018,6.318215486061428,8.264039219403124,6.946359784463785,11.849739970385642,6.542956573406811,10.04968037501679,5.526519585792044,3.034004556323633,15.224460699075935,6.969337406862358,1.2464048622275348
6.762995799267555,15.081924643103285,13.876910861745447,6.342594845799762,14.028270443099618,14.575279348221404,0.6248713993386645,14.60026351856838,6.130385771730007,5.680771957560763,11.285974272809534,8.516252402541875,4.224427627665266,13.835581717677965,10.010646032702407,6.869433513929662,6.037911459885033,7.497623563795319,4.451444563185773,11.82262688158004,3.9562681883658994,6.848704891594848
11.545178158947742,14.010639611456524,14.249822637776019,7.286394577564128,10.690196643115435,7.012710741585573,4.814771362190124,17.069744297644526,14.823722546820692,9.323998661367149,10.616758944877407,10.264127703926096,8.055489467840847,6.677304654754435,6.712311397777985,9.294897929635946,9.931060320736377,12.467367642641685,5.73458342753594,6.8371730533268815,7.931045717183598,10.236773451353573
4.299576631098709,4.923395078719492,12.902939412339322,9.158409197710123,4.8792786266417,6.78294944435907,5.663123181290543,3.9974463639698143,12.681499499720523,8.49587976561453,8.180028485729483,6.470362286885748,7.815935339651029,9.174894708851529,15.58258488229867,6.799842636505885,13.1746870159493,5.925151773581832,8.963894173704421,5.59776180682854,2.883160781365107,6.424420612391695
