script/wind100m.json
{"header": {"parameterCategory": 2, "parameterNumber": 2, "lo1": 3.000054539987559, "la1": 64.9999836372058, "dx": 0.5, "dy": 0.25, "nx": 34, "ny": 52, "refTime": "2025-11-28T21:00:00.000Z"}, "data":
[rows 0 to 24 of 52, columns 0 to 33 of 34]
4.404688723139751,-1.3592313801352072,-0.8126121624177558,-0.2794469298306468,1.5931677991073574,2.1975532654947876,2.0644347586691247,-0.4771330457403659,-1.6596321684903146,-0.15706641142732852,2.4985617875901007,0.9008727528065791,-1.0382822954977706,-2.260349042387788,-2.3702282945858255,-3.1841797653335973,-2.023595616705685,-1.963023048462504,1.2873144510457182,-0.03667233572129207,0.02905414369846078,1.0320100543496804,2.2106270981726586,3.8528140661091683,5.7160457445971,0.6249273589622596,0.6274976396709588,2.4556809386933924,2.971954225907205,5.894236224232402,5.271991174669484,2.4095449601146033,3.0373858289527793,4.987618712562506
3.779587972886123,2.9781489125917315,4.821579563035442,2.745472946474072,0.8021116648531453,2.459329535890869,5.602348830715104,6.6347285254111,-0.6982469175305189,-0.19559006362852038,-0.09221124407158453,1.1106254100895996,-1.212197903019111,-2.3966448387424157,-2.5344949292165033,-3.6920562568328794,-3.5164700711410335,-0.4041130870162957,-0.4475439408803668,3.367723148285416,2.852295129415936,1.6282133734662154,0.8541505852522322,4.21139299579296,-3.417175703682536,-3.0476733719609768,5.806498577878577,-1.9783698583766403,1.4048336986254764,7.001254397494815,6.549973772394157,5.58566152882143,2.7894236794783747,4.113957330210466
5.5375486968091705,4.59063089533676,3.944283755517639,2.6545135872607735,4.732332672189219,4.520668057696937,5.022262911519694,7.685809535899916,4.8873781964559315,3.6082709543641296,2.3958850679070234,1.8218585113250867,-2.0942298338267498,-3.5610272046223557,-3.609412871205698,-4.579806996146518,-1.0663945895104756,0.4752075538123635,2.7691522576592207,-1.2602159963971684,2.652104512478278,0.18731753585633193,3.5045308759760667,2.6228584228153933,1.308745980600205,-1.5161626847930465,-1.2857237134687776,4.693998753967472,4.632112794342878,4.138545794562105,7.118773047471393,6.684594024267932,5.102025935604029,3.2223764898890157
12.062551800278522,8.233012118820731,7.083799575800402,12.050935755528219,6.685115186562582,7.115830685348597,7.0668416456198,9.396013519695096,4.894832379001064,4.2883706868133675,-0.13191877153261525,-3.3318346188424486,-6.0850784152317114,-5.87472860487621,-5.281963159694559,-2.691284043236063,-2.2233163869235746,-2.1690805654446943,-0.294666752396462,0.9282512720397325,0.7570244396360624,4.398195312794715,-0.5921154582805032,4.930781371962641,3.452048640160879,0.3528105886907169,6.41439697289546,2.255856442140729,3.3091322805014958,4.201493821401199,5.1181835189441625,5.679484169895548,4.609889772994962,3.894515847068111
12.570827906023979,13.84739417679383,10.532182711682943,11.23222720748075,9.551970310591045,9.42515194648618,13.126892271691158,10.522015801131863,9.235969573559965,6.686131353780069,4.913854287002815,-5.796661316345526,-7.23569132029737,-7.124539213366499,-6.7243877563211285,-6.218344999346185,-1.122532514884061,-1.7294080601517854,-1.5847455675991828,3.0389857496243464,-0.6832440022179667,7.697159287156519,-0.233072752469462,0.46970480267639286,5.0918895129804875,1.828871661391485,4.010476368432259,1.373713803864061,5.485857264455025,5.283144707358343,4.622694495127484,5.221098069170634,4.592172331631033,4.693683054880174
12.64884384504674,12.730527880903214,12.277330664128376,8.751820681752568,11.37401588061084,9.394147497179203,12.257758520211551,12.050049463108202,9.271696596677954,7.682935491601403,1.7944311186244155,-3.7338096694151854,-7.360376559841619,-10.240480134088163,-5.712980453019327,-4.849863042712741,0.08287788246744113,-1.3322154485042281,1.7880288304023537,-1.3806031161163972,-0.13916109953716813,-0.40668208499940683,5.551821094778186,2.1416915980289515,3.6415505777377946,3.1756035355424834,5.451780119605593,5.211606122908007,2.0431472063135123,5.300939993921941,5.50181139762978,0.3976503838424528,1.517137765857236,2.9577733090148697
12.450973963423094,15.253918912822211,15.22506059742597,14.553227659962353,12.757371211879285,11.159168188536238,13.652807692708853,12.164262171256558,10.491786699518816,8.951065617773168,4.530082466995215,2.2539584243729274,-2.852239495833578,-4.717298292619049,-5.366258961644258,-2.928805390622795,-0.28819140876710775,-5.380977674737237,1.6046429674088807,5.726648701212323,7.245448432053273,5.959274084558935,0.7482232049334893,1.1326095183548333,3.247690389393727,2.8534890044231003,5.417669969153166,5.068793167158007,2.334361966877263,4.284665479054193,2.8712210490429593,3.936528005198308,4.028964254191168,5.7433263107290715
13.501844167045789,12.996389664952877,13.65951976515098,14.255546603895562,12.886287618387213,11.844613364266179,13.452629254172596,13.015970457801856,7.9782150529996585,4.119392563867541,-0.31045511421482613,-2.8787507931295138,-0.035073563940043254,-0.5741148259058582,-3.131037868942687,-2.7424730225837304,-3.912384074493912,-1.6612132184194826,3.7562118457853986,6.849556266429243,5.941869791044192,6.774653082656421,5.262407663193493,3.600520910948073,4.758579352903363,3.055770733473271,2.3065170657539293,5.827768052898793,3.101345806598638,4.752937668022227,7.208024097894402,2.567592813665768,4.880818211583922,10.610901041081124
13.19011496482156,12.416289384245523,12.927785193568532,11.409518351846767,10.879697091055167,11.8699955932109,12.09171923803347,7.850167692076375,5.906055741226759,7.49171569618443,0.8513042190032905,2.4097886200645693,6.679432986091723,-3.9793387812693326,-2.0542116346734782,-4.007855405781012,-7.54152610499943,5.058611548483694,4.386341592925934,3.9949062308794914,7.5690073541586855,5.4039764064994555,8.899377257678283,3.180496100309977,5.211605826387726,4.3811326897655904,5.674817202393975,3.084167191159743,5.2627866420786376,6.752029082709889,4.892822224129189,5.576224268295086,9.808827212540333,11.102200305442725
13.47291435625738,13.752493817668116,10.927645020694623,12.104608860383662,9.769150104209485,14.557114248947178,8.728294820002183,5.815564592459058,5.723927820940549,3.6097546035525667,2.35589274546418,3.976511066200388,5.332384426561955,6.153398415435452,-0.39673667975619,2.262998483929452,5.735249972368755,-4.73556861680078,1.2410591230673846,2.91264782142611,7.005002999876236,6.65880324442207,5.337774774016631,5.7581762599190265,6.172909441818857,4.248893441948236,6.5670189040297045,4.33805049894512,5.368227866423817,4.080027279604989,5.999228999177811,8.617843413111409,9.007911853418276,11.046496326821034
13.395593343797353,12.085447061601055,11.865879340795793,10.95013963223793,9.763709420217161,8.164188327752196,3.0097375936883237,3.3793354113084093,4.531384942583865,1.5624411880027715,8.184382222362249,-0.6941193435745804,4.9154328491256445,6.7381214813413415,1.2443865184154732,-2.8051662433041225,3.9738933653001918,0.7662862862214604,1.3806678799962704,6.040478988478439,5.724151859735707,2.971370104408071,7.787859551758626,6.274520311037407,3.614532672338669,5.556607764550999,5.1980556226491705,5.869307739737884,6.680589495564945,3.353933970093943,6.95284770906551,8.686433764936565,9.29614185896341,10.949885117746799
12.0794120751227,11.63553091883506,10.486986414561732,9.71025506346919,9.667725506149866,4.898442926325294,-3.9240336772986097,-1.557197223259574,1.9909103424236279,6.179202062691267,11.527709738028838,-5.157213844317765,-4.198790689222066,7.7070274186594405,11.253702033002757,0.24847263804770134,-1.1717399316917423,2.649340327165261,3.4964510950286614,3.6861223595156276,5.456771284044944,4.933639316977897,1.3390363394512663,7.160823929893138,4.307379487209231,4.76634824335375,4.317283737830315,6.092967230730689,6.510194582845837,5.388114549329922,6.754283108227401,8.639242065564414,9.780694763864327,10.007346974832224
11.251477510456294,9.51161968319289,6.594128706985318,7.947201815393558,8.905179585228959,4.5350046281082115,-1.0757948765541125,-1.7088231425722784,-3.537251663046368,8.534722589176212,6.045201039875105,5.2579160620287935,3.5888398724488586,-1.2366283389400976,5.976350077602752,5.615280158410522,-1.8225054163423684,5.595562852782669,2.7980783841139476,2.899790938192985,3.6849662700632004,6.237979354398477,8.628058042903737,6.005541769993562,6.633698997749938,4.83360426586546,3.9970598854018395,5.291238543251998,5.882429023127881,6.109576818010663,7.468294344159176,9.609467277082341,9.263516113772893,9.46980140101679
10.747157192125757,12.329952326371593,9.07683132111018,6.032296134383758,6.829232485995184,3.9554727491006743,9.436181124456011,-0.6627386678547333,-1.436842361009791,8.24405810787535,10.848239245422734,10.078386098947954,-8.558191615773154,-4.85928709015674,0.3136298418275805,8.464047366199788,2.690975540293669,3.9003289209527843,4.477195199426308,6.85828634463471,2.622048067466425,4.2190724451831425,8.725608583867603,7.896923686491748,6.416522958161142,5.524059581866295,6.33057431463976,6.714679555602592,4.76752831091845,4.13747567667142,8.964868473668245,8.09104933511624,8.993687178920514,10.438690026945645
10.86348565684692,10.553170459115762,9.174606938210152,6.550438807960133,3.282145257555249,4.2894721918667615,-0.30521221084511807,0.29200824803752673,-0.09147810281589329,8.1886712284663,2.331590384351943,4.824338820222566,9.485832042901347,2.266734861275029,-2.5488272028286265,5.617209055915757,-2.632672943405959,3.93483384411177,4.507883514843081,3.752633050709619,7.449269693640105,5.721171597342139,4.078833878972622,7.8558850861524,6.343295460515296,6.58043610499014,5.489334514174211,5.69506345477487,6.220958635091442,7.498754910738154,7.710239065358306,7.578691935888212,8.829808426064744,9.54195154549231
11.815274232474815,7.399153190023408,6.737628387742317,6.486325126165399,3.44539205243835,4.768696062926764,5.839450663507149,3.276449668645114,-0.610940519300445,2.292503025202324,4.0794015002124215,3.0510034838591866,-3.9759434898293513,5.367210288231816,-0.9240577495583564,-0.14894983467798542,6.237315641896125,-1.9779257094588667,3.03812412009833,3.0779647750954866,8.109591353575226,5.906023430098659,2.5234150105791064,3.7208110560301977,5.405846342638727,5.248986273214273,8.063584402929937,6.425374560269436,4.8779268533219495,8.06105612185846,9.032666232085178,7.415603218651612,7.796474280764204,8.721436583030961
12.23948726902725,7.618870484109477,7.6228767098733865,6.0155924171563875,2.0311784304061953,4.498291866260135,3.9662676883353916,2.9430542580657213,4.232184382240101,5.5190523798187705,6.042448866799926,6.375829946491836,1.8630015388725008,-2.3542997043220377,-2.269858228309499,0.12082908047629555,1.8080664289419044,1.2901106843730852,2.5933910980108963,3.0724464689569135,4.10757980536807,5.056231490598499,3.9481019718029944,5.156593672743534,3.369912543554218,3.7339236881736406,5.837933084600518,6.192987678477586,6.687612355072456,8.959940103111974,9.407403833414483,8.61207770575048,7.347067763566366,7.286296581416815
12.683441695870195,9.060008465472718,8.260452345320925,5.330242982346002,4.677710594892198,1.7186510386162195,4.144877910133437,-1.551936592696028,7.361527690360681,9.131899550442162,6.1070640747065275,6.487345196635337,0.20661886909889637,3.851379957687885,0.236622280513752,3.7968902730526013,1.3929286157864174,3.0238995133221964,2.8290958151768746,4.469695321598167,3.8925424780161517,4.783580117598892,5.208632863836417,6.518138414732406,3.0644087287583255,1.7513209105322625,3.934169549208541,3.2415055966251103,5.611086018207514,8.202975423171884,9.297197263554887,7.801595409138698,5.475953049954019,6.271096985799261
13.331858742697802,9.359272263484453,9.588997746095398,5.683108908967679,4.828473030844054,2.385070172326493,6.553975100133722,7.351386730927996,0.05129367252298088,4.241687666405482,5.481126916139502,4.629908179385313,5.589359977952071,0.5178454588404073,1.5775837976551306,0.6243872147538931,1.666978794511526,2.8154329423346467,3.9621086575147726,2.980075776583701,1.8606300409260579,3.6476072921691554,4.516192852276554,4.064387576815382,3.768453062029748,3.7578241060161095,2.829074910020631,2.7173963037318916,3.0921611922416554,4.716980426116945,6.120718703481545,6.771325174157538,5.3318077982902965,5.005143457529269
11.145689423128788,11.303506647044808,9.172609666656456,7.918281053271193,6.191444646800194,2.5002303169792053,2.2967703884863107,10.816478794834465,7.762669830423907,7.133595620737425,4.0193890579778895,7.760149916240479,-8.097814598356738,6.072277920054635,-2.1560110710729115,1.9725761893090599,3.6438235321696477,1.9750043194160578,2.9730331023406227,3.6953799223051664,0.7258719680469335,0.5203393793757838,3.58678525954539,5.6764278456548185,5.610074450539757,5.509029831292692,3.013372083896129,2.2821676849644796,3.2120390711437836,3.4523803563778976,4.742454417878119,5.334132638534568,5.001514205084899,3.142652515178953
12.341371987974775,10.799325176337636,11.208218043851517,8.356254870152975,7.870892848657159,2.721315670549057,0.8411508664573879,5.3565999010358905,4.916498170283021,-1.0071412312750931,-0.37828878832155405,4.398643457683428,1.950316115271969,1.3880310950438797,2.7705682551875404,1.0676315832815089,4.946278554472987,2.329687586005871,3.465727470484538,2.580581543298616,2.278864685390121,0.3994554758185031,2.2371129154229217,4.500905321431365,6.760921910830175,6.515959884502051,3.1431547363909016,3.81233832205628,3.4587368591710566,3.45441069391964,4.185344193451763,4.299434069102447,5.632061753404514,6.816950771683388
12.455543001629183,11.068282938337589,10.994288215364232,9.51777258808303,7.816320282646058,7.848167828469849,4.184824436527633,2.970588953087225,1.835917691414399,-1.5191032314402655,0.1651552559252024,-1.514981972276901,-2.6125642168941385,2.7833619293881062,0.1586823770031656,1.9838143919541755,4.136370978873264,4.618763156454205,4.525610157849973,3.1715692168730114,2.454249406231703,-1.6052768610896773,3.432013761228023,6.269724954103793,5.565506280023771,5.17219992218571,4.13614670641854,3.544340137537456,3.30200619167774,4.660868659353989,3.978680072849507,4.388443002703435,5.417472581848698,7.284349417618966
13.527113162829798,11.752622256222937,10.971177830034875,10.716295906621074,8.92688411232759,5.9638591331976745,4.520585899390957,3.8979687727946177,1.6494615220343603,-2.9282372668760654,-2.9839163744419754,-3.7678399407500582,-1.7978867526395552,1.4949855379839943,3.601587595604842,2.205879719544719,3.7722141205971447,5.515961965559273,5.443662196004322,5.630310526394027,3.722856131038436,1.3131537001107123,4.420237676179078,5.360100984225758,6.534717061741856,2.793292253477863,4.388375589913957,5.733381219994999,3.8452810021007924,3.4745906763867427,3.275009788835979,4.729710449130164,6.204094031642435,9.934649948328586
13.432800992349677,13.638706279474013,11.732253683646583,11.104891226702852,9.911680348143335,6.66804092931081,4.0277122543347685,3.0348540875757624,4.617519014427983,-3.153065663013721,-0.49877307104890994,0.3970996298600004,-1.0384456395113186,-1.871842187292468,4.2016922014964,2.365782238111115,2.6426821328085897,4.21942125772062,4.566439316728589,4.117971715606367,3.444897034657759,6.024321395978297,4.463325477832692,5.670120437770486,1.4223617420353165,2.7958620980846223,5.193223704443468,4.387842266423335,4.090971458060801,3.328330111327906,3.991379734510559,4.872102859922176,9.12392410382815,9.142395605984548
13.97457976323346,13.020379625280226,11.837750104016147,10.459263312925057,10.396537715110286,6.765649354238313,2.669345521225663,6.24856782208906,8.773029815827773,2.1356670636146293,0.8468135832881032,-0.09757661415391974,-0.06144885058838026,2.5578596309004307,5.567207126405781,4.275799849053615,0.4338455900487596,3.4939594259868803,3.3993544724102205,4.556059192818968,4.610663583647904,6.010698698434387,3.3612833898001173,4.650413132172555,3.2922144169480676,2.2772200678294325,4.080954796589204,3.269816834593385,2.7451482563821483,2.8315320954641305,4.299694168708742,8.24608386612516,8.599563174959252,9.002632128951172
