script/wind10m.json
{"header": {"parameterCategory": 2, "parameterNumber": 3, "lo1": 3.000054539987559, "la1": 64.9999836372058, "dx": 0.5, "dy": 0.25, "nx": 34, "ny": 52, "refTime": "2025-09-03T07:00:00.000Z"}, "data":
[rows 0 to 24 of 52, columns 0 to 33 of 34]
4.797484642482221,6.404685000646194,8.030563299999173,4.223314464548796,2.9718434048044027,1.220918979201006,-1.6237473734685257,-3.4456563254437866,-1.8921924680417626,2.1100588177578516,4.9572542943028886,5.129676565155897,4.642161677956443,4.662673533975103,5.1210723682310215,4.926276030972307,4.126470214684704,4.0730249381839565,2.7633517307882296,5.357995138802359,3.0800063916646208,0.30214619269060816,2.205291296273787,4.217754207603198,4.194323814235992,1.2853825269461696,2.7468609011845118,2.742321603931424,1.2462059741283582,1.9763312496585748,1.3473606662279962,1.2390608098558922,1.3394927802721541,1.3993064607253183
6.354090439189767,7.608087932070495,6.898666684001842,8.717354715184294,5.791223169761609,4.112320633102164,-0.6765487871935515,-1.808320705291051,-1.6617864385025487,2.0756478212584173,5.18565070978809,6.228062603469575,4.828374137333823,4.122019847225182,3.3728558745677875,3.265320310148583,3.5556889781650374,3.0768016400435214,2.9866981450142567,0.6713627603739676,1.1839660144248272,2.3567158861879163,1.7626806504124364,4.228917902457815,1.4672625096313126,2.142164182412004,1.3573174398398458,1.839676147762199,2.074302440335089,1.985545659746911,1.928448912803474,1.773934348619767,1.7349700349711201,1.2925004386813466
6.945593910394588,8.663635851200505,6.41159861469358,6.454196819083341,6.587803758872803,4.667582632412478,2.751492002797257,2.527996231280898,2.513558296685282,3.1354595576718447,4.6832272110488615,5.762989459780071,6.410035429784735,7.077398247522916,4.1472130142224195,3.8485823627406117,3.092226694750422,2.012468949368079,-0.37311255309841096,1.5174138752717279,-0.17109410624427251,1.5516143440747845,1.7332672545592958,4.659927279989485,3.2114510820930176,1.5699707604375217,1.638243931098516,2.231371807975803,2.0301101176298033,2.3638032082627802,2.653773539253663,1.9684634872109399,1.4461182802335497,1.492849577188559
5.7868639056077145,7.086637962203733,7.762865861727773,6.916031102664233,4.024154991921454,5.456379058573595,5.539676852584493,3.5062211471115696,2.823161210166157,3.387579178082098,3.743655809819298,4.474883167793677,4.515077072275555,6.9807599205122735,5.197578059865883,6.6235287707149935,1.926990129671999,2.628713959075991,1.6260232958462948,0.15209286110323686,3.2754016141086253,3.7760379241312707,5.6071366909149605,2.315251733191513,2.4883270342717156,2.294777344154876,2.3002241982663274,2.277445036563884,2.34944781498958,1.7653280508961484,1.4898239036186542,1.7590527593918397,1.7932401754652827,1.3005730666689028
6.862316371719843,6.539808862250352,5.886935989856449,5.006764834888651,3.8317134681468685,4.0517746767783525,4.24419451918396,3.502809170794085,3.7604955751199993,4.023230839284566,3.818770712607166,3.6419959881770163,3.850078041992921,5.91575955615996,3.2947913121787975,4.561660487051336,2.925213896653016,2.2365189404468713,3.098356249609855,2.9768971609542287,6.060969180524599,4.560504173584268,2.809673085454824,3.9759828718338137,2.9647815933928467,2.279568482574056,2.2652575244470174,1.8878531619541048,2.1662376932046605,1.7484618343472023,1.964144555755272,2.219090537541479,1.0393538516645688,1.1975112754797397
6.437999640228152,7.328760857593616,6.778268146892175,6.63269329028761,4.426619138994074,3.4585189876777047,3.9089580723258037,3.1958078874058904,3.7753466042870834,4.448612333195065,2.9788472996276996,3.222696529441994,3.053685738491892,3.5315171493895923,2.1289295466486227,1.7040179155535835,-0.44336943161909736,0.6645541477165676,4.11621110950313,3.56761096460944,1.3185776423125737,3.3508357178304373,2.232878454949476,2.088405047986793,1.591670285388443,1.2141983077299585,1.3753233598574135,1.0045095127370203,1.141821256488863,1.8641858881063504,1.4433810879331468,1.369745671922862,0.7325161112013127,0.5055786818123772
6.440161783291938,7.3555849489269365,7.617037817176563,8.141503061543188,7.1310120814362445,5.831293939396129,4.378167619432831,4.312234035656267,1.5883226215968862,3.5749179367852384,2.7963358270557856,2.3190834625215935,-0.24693310759358006,0.9587838583078795,1.1038133985344176,-0.4883494899721842,1.5547908805634318,3.3001412751203696,2.6335375296865986,2.385907678070004,0.9270281276201058,1.188380535200399,2.454378093237802,1.7016397427152827,1.8082899501409848,0.9337642829121967,1.4094340800513245,1.3989242165361304,0.7711284265053784,1.138593785703442,0.9893565932749726,0.3653628189506267,0.38381454729512987,0.44277757659351974
6.786887681771497,6.756621509568791,7.770681740970655,8.629529827794558,8.14164388096022,6.226251701860573,3.9983030586322905,1.8047796062367678,1.8540955645657282,1.8911881019427768,3.1185077226378177,0.6052324152548499,1.1051867125136343,-0.1313447981646609,1.4805947677140483,3.6931859608854953,0.9290933197670366,4.873900750731078,4.667399068399768,-0.49776993318485063,0.9337977836430117,0.3860996428864201,1.456595090738565,1.3413525926945316,0.38332651266222645,0.8246891003475432,0.786300499049979,0.9056110613175564,0.46287904551885733,0.6677280434017835,0.6864875680301269,0.7771027519189424,1.0035161819670342,3.03132245401577
6.638456553376692,7.061619670712042,8.408856126475996,10.095507460257538,9.4489736726612,6.100201986964635,3.956909144920533,2.318102090682917,1.5957838173723489,0.9369746472525649,0.7838257435109515,-0.5174727294384873,-0.04761150937774178,2.567736874321596,5.168662219770676,1.9084436881476445,5.034677436591942,4.81381172797531,2.930152611481925,3.738335252145618,5.36258933573408,2.2369917278498934,1.9038700156060548,0.678639192354116,0.558937274415988,0.4606170418088266,0.24849913861711062,-0.051258946502690625,0.310115959456309,0.5599478863036605,0.462106498163444,1.3406832236907682,2.554862602905955,2.895513394405828
7.489703634952374,6.938317201735088,7.035603548845742,10.983177772088718,9.82368758421164,7.180373079937513,3.796262894259664,2.186696409558282,0.7406545293160609,0.6041223631655042,-0.6049377782534002,1.8659367252039734,2.6222000683363054,3.095527289369021,4.070703831324423,7.489060734747685,2.4756666611536424,3.056326632731262,2.4172494121157064,1.387851604918577,2.519871344189433,0.3665764825420852,0.5790617408447343,0.6385571872249092,-0.28789728359606936,-0.29635267009034455,-0.24403853851059282,0.1995933192057432,0.5198919227459676,0.36670169359602106,0.17998219380700037,0.9501144263815907,1.9936242165758844,2.4146580218127656
7.792493985737467,7.321712268686376,7.456101670553391,10.375302623940255,8.361363531965285,4.574502952869319,3.9679310661274996,-1.3660731525077363,2.7882528356403813,-1.1676758685413322,6.719409173176345,5.470396565255109,-0.637335493459857,3.529332047240029,5.258696538667075,4.68867554754376,2.6842830325093705,1.6493894926299622,2.6818441499546113,1.1434672823741168,0.8087843733031987,-0.42527403704099903,1.250881594512484,0.4084216546820432,-0.604350982141809,-1.268585056522416,-0.32848183421524146,0.1622208377002193,0.43919892995500187,-0.31460450910072735,1.8800395177670615,1.9065770286262962,2.6613585909597886,3.2156223965859922
7.884037025912351,8.17338711527982,9.284180495719324,10.801641853933289,7.107248314150071,2.507280432532595,5.04370101517828,2.343093339000862,1.5454216823973281,5.822448816822653,-1.0339193471402006,2.504750636701911,4.772989506737173,1.5218753783951238,4.994462854515975,2.4246326503706963,2.8813419117399195,3.394542739241533,3.1435573469994833,2.618353386278973,0.8214565640542679,-1.120494701539812,-0.6740948974051414,-0.5494119118116808,-0.35817851132579837,-0.5507744730744464,-0.0876426663421017,0.5382519006426543,0.33900910962266695,1.0969023965721456,3.8615364154409653,4.217641441182053,5.15560016991289,5.555653057864086
7.679059440608377,8.114798942025638,9.566285228941688,9.887332713094565,5.2871820108248455,3.246292597714506,3.445802401016447,-0.2807480621741018,4.315920601587499,2.5674583549733625,3.6282708538259576,5.80042615720494,6.133509461262475,6.858695213787419,4.772912494920347,3.832940232135005,2.94644910806669,1.9011761113291352,1.5520061470544615,1.1094225326143072,1.138444360393864,-0.11152714988963225,-0.7303315421094339,-0.6860190429742873,0.18330279858713563,0.35143551834992237,0.22584795171336655,0.17428854919054051,-0.08731544664952205,5.729681539803749,6.5037317827624115,6.924969434399454,6.75430095764941,7.398538655260686
6.851865296596776,8.60505657902788,7.551672322100868,7.808967867959544,2.3924851934961544,10.938734578544356,8.226638420920402,1.6301679646093241,10.09640554144007,7.290286835394757,6.358208296903165,2.648264647471265,0.9250756072182156,0.1983169474007183,3.7729623428785213,0.5377562219746399,2.79366682893451,0.8903619291636159,1.9861163079572515,0.6982835758425452,0.5223132816866917,0.9262069347136237,-0.5733209355153606,-0.3581754357104887,-0.5677707743481266,-0.4997445371716738,0.20275466178044715,-0.4577276396350533,1.3623427831867134,6.975255404681252,7.76949610837781,7.634176759358703,7.799404851006194,6.75819329844047
7.641988118547575,8.71238789961285,8.684569328120233,8.951143021817984,2.449816375327211,1.091840394868712,-0.4184877138910662,9.637515373004312,2.7541130955733366,2.947602939408847,3.3462644085483344,3.5290674010758685,5.179795607102801,3.2335944350869887,1.6891105021915418,3.372123369986007,1.9556986874493574,1.3502253784133345,1.1192001199482524,0.8171448156291079,0.8653248232335468,-0.02577691550329328,-0.3776119361043638,-0.3204218770761575,0.3611755462717252,0.845461643276954,0.060328040704500055,0.7844613188526036,1.4908593410288977,7.572724925195306,8.716326386051396,8.733047158418755,7.916230895708519,7.374542119068817
7.294755256779677,7.4719914938493,8.691664358507085,8.470587092423303,2.6466985356866988,0.03163877797026076,3.0156718825889124,0.5962986432479234,0.24771024364155592,1.358001966317647,2.1146817066922674,4.382445900015971,3.684962010809064,3.6541969344611287,0.5535499528794818,1.7469470172319457,3.3090944728694187,1.0172637349978728,0.8192770046927983,1.5327172727060414,1.4987419628257272,0.44034722172037316,-0.2884524825047649,-0.5543407961107548,0.07616565236079728,0.6101646055608088,0.6538392542603059,0.6917812266583419,0.9606017028936673,7.578761611816562,8.13105404631049,8.584285068935397,8.593966839651747,8.555810801176941
7.188911927432044,7.322284877818869,8.180083873059866,8.354097727679445,3.938430248760907,4.362305798390485,8.391029964511327,4.290717836948643,1.7409485832833616,4.542761696389817,4.612800432393989,4.653226262034953,1.4213017761188187,0.5430232496631782,0.799089443901191,0.9727993228941972,1.7913526950343805,1.6549703939418154,1.8979396797147854,1.3648212540655384,1.5073855070595423,1.1596809552363663,0.5389784442382232,0.6678784902091633,1.6905024910079638,1.5063912128394608,1.39107609214177,0.8893297040220642,1.06320777189227,6.006231594876209,8.159781027435288,8.588894499408108,8.238549528719856,8.985300752271842
7.144024818598184,7.386078497808176,8.41221194894705,6.594677321998981,2.667719042007118,0.8634220503656018,5.408968029141375,0.9100401826499112,6.849894456417278,4.916586190406971,1.869827291123591,1.278800972231917,1.7028342396963458,1.380699225627597,1.9474103977450017,1.9778632398313658,0.9793760907713813,0.4489582080567025,2.1430034072626394,1.4206492360292475,1.7167951634014265,0.6863553346034791,0.8687499548739368,0.9783271010972583,1.0460546278835055,1.240152467040885,0.8289468511925162,1.243500255951426,1.3239620879303309,4.498490914781132,5.860969206051109,7.606204951513289,8.33683008726968,7.18745620952684
7.162591171154388,6.725723554335597,9.12874651359038,9.942269646204005,4.005335144458874,1.867658125775867,5.441492724262944,1.5470849646687885,1.4854647341618883,4.0093913599200866,1.1436152278457903,1.2703193363256202,1.3169968768179292,1.5487666279484864,1.3671872715603135,2.2824168601696067,1.33864562491582,2.164055888168009,2.1154445125994394,1.094207801103148,1.1615411906554092,1.7760746531944307,0.8324262868599385,0.710646118872531,0.9715609759827887,0.6907307403821686,1.1547078719268082,1.3235376412249247,1.685426857728099,2.246092740433284,2.5554711567720907,4.975739316491727,8.358083839593041,6.4379106185964075
6.215038513098453,8.036476782019289,8.280282419906264,8.453524861981181,2.8980243153262975,0.759781334216148,-1.294212372644817,6.312772093251369,7.627352803865767,5.193698393784854,4.133659267134858,4.1460383513553545,0.9525409443250928,2.2671481330423444,1.168802636404055,1.6780578640359678,1.8094493991722393,2.033251454548959,1.9985214952833676,1.8210427117594832,1.2744607436081474,1.301825098584937,1.730413104766723,1.0276460060358485,0.9714760288004105,0.9023160408290277,1.3393728065836599,1.0959705408662177,1.7740849374239576,1.7897224560912242,2.0557091898203574,1.9928459442302844,6.0870691147357165,4.089978907137839
7.994427101695645,8.100661102013268,6.9040192397181475,8.239219678637145,6.415253414190325,1.9904795925583014,3.462960798816082,2.8240495491335977,6.352870752847253,5.0076029432033575,3.8096746441364733,2.449442072242707,1.142169538437496,1.9565894616014885,2.008456499685739,1.2749690309824186,2.184235603937071,1.7803049078733273,1.3766217032584322,2.0083700151188024,1.3925359535670727,1.0493526655922805,1.5228686434445857,0.8000872011461952,1.1123579333902078,0.6557473168876478,0.9681730605164802,1.0456370893325033,1.4384309322547608,2.1961478728727477,2.201196014599308,1.5508344219597285,4.048546378126936,7.651999455010647
7.280537668736758,6.611578570037342,7.016954205540773,6.724035448269857,6.613823238744974,2.034906664549353,-0.3597840224671717,1.0677013849028656,3.6407853713302027,-0.024360643677540032,4.102293205369064,3.5548127905788713,1.2484737818234595,1.5466343699152156,-0.9553406547895043,2.7668598311082726,1.5892139649950219,1.8612750002004665,1.5100660368066197,0.9495953841072313,1.4403004022968418,1.586593550945103,1.4022345036244885,1.9715645311427978,0.6681483721320386,0.6699116171301936,0.4198120345796326,1.399534590037964,1.2519088309805901,2.4390926833052977,1.9287005587131194,1.6045412367788887,1.844673040901666,6.598145573576459
7.233484757793028,7.4790621380978894,7.249444609773928,7.095850511671132,5.421767087134364,2.188312959565094,2.651766771202673,1.335695551406269,5.640883403750948,5.084287652596296,0.8607183100280936,1.3642660782099039,1.9101899706013397,1.9362845433908134,1.6258035436274476,2.793965563767169,1.7557739070480176,1.8909164712842408,1.9712510223894062,2.156268242296804,1.4889238315319444,0.8076405435570044,0.6746849594826058,1.2006564778405404,0.9706789060689429,0.9849249482558589,0.5217404912319183,1.1609709753779793,0.9358990653228767,1.3443246107570082,1.4346500782571325,1.631800338456422,2.957350820869655,5.908504028022294
6.225255011625319,5.887249116169795,5.834338800564768,6.41828295446437,5.720208904293512,3.7993101136275795,1.26469217737669,6.434349800762854,6.071890983115924,1.1136506688178096,0.6777825578597378,1.4987628562920938,0.3359204011940507,0.7601411075206983,1.286140872687901,3.1417610170168673,2.9629861749996733,2.108292856383363,1.5171384279475715,1.4142156289906007,1.0081203875052327,1.4466380637516292,3.301575777567802,1.2842395524186359,2.075170396658364,0.7620436425016289,2.1389372020233406,0.8109079769178366,0.7875066359408488,0.8933128197722979,1.0131765974959597,0.5638354294647239,3.028189622268372,5.817291785970634
6.331526053705556,5.916981560870725,6.71990514384467,6.515458933134403,5.156334842859269,3.5035944863395834,1.574071647213801,11.92427731253519,5.917693367635144,0.10219519666095957,1.3981030578174847,0.3927977637756178,0.17693643558981334,0.9891883127650809,1.9459924558436426,5.142899935134888,4.138306009983953,1.8314963597022436,1.789467406763602,1.7482973814665672,2.7421956932412557,2.0741609388941793,1.5900746794923228,1.3333149418665189,1.8213002396717326,1.064194081224791,1.1934513015458728,0.523207435813804,0.41004710976967457,-0.15359469573238457,0.0066704685417754055,1.0468858258552092,1.6833962445196717,4.1721990213596545
