script/wind250m.json
{"header": {"parameterCategory": 2, "parameterNumber": 2, "lo1": 6.000198445256149, "la1": 58.999992894266676, "dx": 0.5, "dy": 0.25, "nx": 22, "ny": 24, "refTime": "2024-04-30T17:00:00.000Z"}, "data":
[rows 0 to 23 of 24, columns 0 to 21 of 22]
-18.925835030396705,-6.735511599710291,-5.577004327288346,-12.613095505014666,-16.85962225836783,-4.391148597030609,-10.628243379451032,-10.09146571307254,-13.003052561484257,-5.753509749790943,-11.957013007847989,-13.978495351476143,-4.705009285547508,-14.858537959358332,-7.130459876115688,-10.841647685498705,-19.08244610111668,-6.390067391306912,-15.101004790583143,-10.17558523147349,-17.841641270008587,-11.22549886715862
-13.128628653728324,-4.538664335944645,-6.9479513704773765,-10.692799718350274,-4.095168006968315,-13.777146523071135,-14.212959576529185,-13.782569001655782,-14.061585089233551,-9.557153979773592,-13.329869359584785,-4.1588343362140305,-9.63336152127007,-5.466522147475406,-9.607229769824631,-6.594044017346415,-16.32149138111661,-12.544188105180716,-11.467861367862671,-13.026656660002955,-14.399349883624193,-7.903224859678986
-7.312368788530304,-14.49657159831527,-10.552307633005109,-10.470147865865764,-18.41021913625028,-12.692368339747619,-13.340994825639024,-18.115716755453825,-8.883156931094168,-13.673250079331247,-6.598989383368338,-8.443749923520656,-10.163513060849848,-15.904938233390872,-11.813246101371705,-7.629262440185768,-4.354739703011668,-15.312746541843833,-7.6319757128990355,-5.97761066483214,-14.663292111123198,-13.726658030933912
-13.079869545396315,-12.639155136331114,-11.862737688992885,-11.987704425539178,-6.885288059832222,-18.169514914182308,-11.610908486018335,-16.31334168201721,-13.230842858171252,-14.950355936936665,-11.179814976738097,-12.745163015895871,-5.721886541318339,-11.210009737230344,-11.207664141864468,-11.467326792496229,-11.454631650585434,-13.748688757995158,-6.456612332252834,-12.774732866337219,-11.888998753378724,-10.856419399919455
-10.327137450601818,-11.414977309747412,-9.362031298132003,-10.346408609787293,-8.289101047445788,-11.136235132996834,-12.760003953351418,-10.661489418192385,-20.55606841667591,-7.479898920179551,-12.772414263220886,-15.310011889932097,-10.733850033227286,-5.966294699009499,-8.886628371279192,-12.505172480223017,-10.478230980022126,-4.539201277631098,-10.275590444550218,-15.503213334566288,-3.394847326249132,-11.477915246138203
-11.710694406565882,-10.334975808138454,-6.158487485997807,-10.020551784740125,-6.64210446550491,-7.755649112180064,-13.817591434049145,-9.191605751971554,-10.842912185419442,-12.708374191657766,-12.345864859850215,-16.601031092730178,-16.773883925061188,-10.378241355420338,-10.28831752588452,-9.177699107514936,-7.780541630471064,-9.018390549050382,-16.20941883967519,-11.125382461585176,-13.210990293133179,-8.846432634985169
-19.31328635012873,-12.631747956002126,-12.98975358658269,-16.138716407667296,-14.755395280112879,-11.509192622783196,-4.950546244225875,-4.845792444078532,-7.727058350243169,-4.03683254111976,-10.72898175343895,-12.03547221082184,-7.507482735005396,-11.56950898806286,-8.853278915985417,-5.684333073238693,-8.383798961152133,-8.10015645309002,-14.060274698900676,-12.839905653546781,-9.323838424407718,-16.66835491198486
-14.28068662881335,-7.2470244740112,-9.699616810405857,-10.005294382907397,-12.93996247566921,-13.1177054269406,-7.662224520629296,-13.595880112648434,-8.837385130333322,-12.641153836940678,-7.510453970105725,-8.895734717223624,-12.23990845579551,-14.43365599891561,-5.284546161923002,-15.804329434551626,-12.235845605089455,-8.350222139572782,-6.286890640469539,-11.51413397044618,-11.185627033234596,-6.282001423022747
-15.955334522131402,-15.055540190430287,-14.448570251862469,-14.363409288921746,-8.728969917053153,-6.736423783149957,-5.679414618983636,-16.951576827717435,-4.189353393797747,-5.5597518831064825,-10.439912682359543,-8.122892479353412,-14.399276748236316,-8.22279234119526,-12.904525230165833,-11.169013858784728,-10.320267232120719,-14.641279796262474,-5.704258555831153,-11.516791424158335,-14.035282315258561,-13.401333416341847
-14.144859884167149,-16.44216771128037,-7.001406157889256,-14.435269219278533,-11.118260148069936,-11.272922072275879,-12.829597157177771,-12.833067379238388,-9.836366193037808,-12.41630823026144,-10.42105798700606,-7.08667509060051,-12.326312015180767,-13.170162137156899,-13.871675804248147,-14.158671115401448,-12.769281586233282,-12.111759825525418,-9.945270506297007,-10.534866608878676,-13.206619651824813,-3.6536086025635126
-20.70438559865013,-12.018527600708495,-14.33215774563655,-6.647135368098934,-13.056469687060126,-12.777256444043138,-11.107505903367015,-12.396289263625619,-5.146371877629818,-9.44531395364674,-12.873460692554628,-5.320145823419114,-11.71398861012188,-6.96096153634699,-6.683778380904423,-9.898282269499964,-14.74806825033963,-10.125133820831646,-17.789035027858606,-13.265898465189615,-10.69074309903106,-9.480366166766647
-15.702007777601871,-16.85927856541913,-13.045654459238122,-13.225973911290032,-7.082065594744835,-12.091870491488747,-12.044386131606581,-14.455781402327714,-12.625286400729744,-11.258103048698732,-7.037750889085903,-12.802580024051345,-10.057908052430676,-14.816054408768407,-10.856651917177135,-8.990006358804099,-15.319625695350545,-16.6048422143887,-6.8785959304660995,-2.592469282087484,-7.076986725735479,-12.198141970398641
-9.40204656703448,-12.256165730910789,-8.724109138901234,-6.364591796320629,-9.42485774390077,-12.98122655150651,-7.619385079458477,-12.127160900381904,-17.161048486144555,-12.787445973396556,-13.124370632328636,-17.298438354456383,-8.000735825754091,-12.58862850033304,-5.839861126911697,-9.073574982333191,-13.126047359706286,-9.064637306681677,-14.66882039936509,-7.146099897808811,-12.535020894560132,-10.07498417574018
-10.507740089799048,-12.764718872356282,-7.552643057180593,-14.804413968051465,-14.275082209158597,-11.342941289101486,-7.0946450602096895,-11.169039046725832,-12.49201175594407,-7.418404593206462,-10.559170204740887,-8.797212517914614,-15.098485854758188,-14.04097929315512,-14.455089366981671,-9.094500610345447,-7.562709150707234,-9.36024504034671,-7.634809717671215,-17.442911997325364,-7.870633169429192,-10.445773123801139
-9.303071943701722,-12.75113270027666,-9.612602152209282,-10.034371863772671,-10.084157619171613,-7.178815437817338,-15.344964448465522,-14.24796659089401,-11.632591802878373,-8.201609016866874,-14.512902560578063,-8.006584101950335,-4.863701205561489,-4.9959301865053165,-9.393815668270214,-14.775031116422623,-13.142671631663498,-6.03903537756759,-9.743597914183784,-5.502231419649734,-4.554182616364393,-10.359899088096
-11.096824805912783,-8.927981619158036,-16.468717072983104,-5.740930177977109,-10.947170223483672,-10.223177383743467,-14.660155220006684,-9.661296231077133,-9.716781053286137,-12.187335437436213,-13.438241877278571,-11.10555678558872,-16.33061377252872,-2.2693169034773497,-11.968279984998162,-10.221473192329443,-10.89309315032383,-18.599986516624387,-8.574673046865282,-16.333804812170474,-7.109765941176336,-5.952948527755764
-9.371885631971614,-11.87867701961753,-14.81116342916847,-4.162060719150793,-10.202614618013206,-12.287345270499372,-7.698630608852002,-13.257449383565438,-12.298253858632648,-10.474093899492111,-17.52855732105918,-10.19610683326606,-19.24412815389243,-9.950780944582624,-8.88950671856194,-16.833520234099492,-10.63478337065956,-8.263917824099059,-11.424678639000344,-7.729391439766227,-16.654864597816367,-11.367539403281341
-10.33451165162304,-12.014889757931737,-5.677800810705201,-11.694629903520017,-9.784712237852247,-8.049785528340692,-17.08793597102527,-12.412933901555588,-15.906346963539498,-12.748770628527916,-7.8758197803925265,-8.778893835306368,-4.067042389737584,-13.443334730589168,-13.4811934996152,-13.021359426664473,-14.631463451661448,-13.476587728555009,-13.926393207073703,-7.24266434059972,-7.558883289930917,-6.852671525514917
-10.338228939468983,-8.136993899690454,-9.736895373873756,-11.858588516088508,-9.42240532837396,-14.737151605465133,-3.9971793826411495,-10.823165385813734,-7.955655374362894,-7.484711394103517,-2.932048778825087,-16.31934215101818,-8.872301944327262,-6.659285356206927,-17.008066802424164,-14.11432274357438,-9.60866182497072,-11.321366658587962,-14.073782117035142,-9.722140183483603,-15.91043724486306,-8.303997873841535
-8.300244193865739,-5.21401861109148,-13.50957598533187,-11.544783449801423,-8.749458279823724,-15.359569219310808,-11.300421280379346,-14.965206235390347,-13.225180300268885,-10.629428479610807,-11.439935656476834,-10.428575401331626,-11.823459548759061,-17.16441272237576,-17.26261280962719,-11.174107048224714,-13.676118706306996,-13.226676249738183,-9.493977067342398,-14.071836836964444,-10.96882129781048,-12.967121963723226
-11.97514032370712,-10.335066538529043,-6.7023178614601555,-11.368316605097455,-9.6235465179975,-14.120215752389795,-13.14183627378063,-8.789827812484221,-5.684439885185734,-7.961864816650585,-11.270981683775393,-8.644830610744831,-6.030232021406625,-10.656430341911172,-11.31584351734783,-7.431247259103606,-17.07566471838882,-5.423845135679953,-5.2626930855782375,-12.369888279323527,-10.345145410363529,-8.001101564102793
-15.830321267230955,-11.711320154449542,-13.538772002378808,-11.791777126732724,-20.35580636684062,-11.27695250135212,-8.781197466349026,-12.417641603224231,-8.825434499470012,-7.524196016623807,-15.30587021575098,-9.416366667999501,-12.10247992152014,-11.40356785231937,-15.520695398170782,-5.961418692652282,-7.501232726387264,-7.932931389645949,-11.305213857716486,-11.650665586442509,-7.358746643107332,-8.905055647717276
-10.81488086625649,-11.591035553471402,-10.559079177872395,-9.873310035014878,-11.203003529641798,-9.851684013598152,-8.564283694003253,-23.88012474168624,-15.083115071521297,-9.071060605717634,-14.16638480982043,-10.09794140183704,-14.173089524897735,-10.39367817629894,-7.076392727299609,-17.612891334736258,-9.174669342490521,-13.317858790663772,-4.024853921718193,-10.70386213779315,-9.510701145545179,-13.980182597742163
-9.20803002850467,-11.610777459664225,-11.427428490178823,-13.002001356587844,-3.105414563371449,-7.044026921818108,-13.097938464055936,-4.875122430998006,-12.45497881112443,-6.854695721363717,-9.51975341603183,-9.898268498634888,-11.17253182258277,-12.667691177589143,-12.076704469849805,-15.043895005350409,-11.25935684423928,-10.64692500334953,-10.487515414486095,-9.47937672359468,-3.716486919982595,-6.4282375296107
