script/wind250m.json
{"header": {"parameterCategory": 2, "parameterNumber": 3, "lo1": 6.000198445256149, "la1": 58.999992894266676, "dx": 0.5, "dy": 0.25, "nx": 22, "ny": 24, "refTime": "2024-04-17T12:00:00.000Z"}, "data":
[rows 0 to 23 of 24, columns 0 to 21 of 22]
-4.643199345436025,-5.094353586591198,-3.817375082526585,-6.449716423570585,-3.547805518846835,-4.365462680300231,-4.995840014535959,-3.69013656731612,-4.810365536430438,-1.7631953231652795,0.4589455904563477,-1.9198374032295475,-4.292103945527576,1.7265422344536507,1.8349733269184418,1.0175480288193754,-1.352942705536494,-2.5108960906344566,-0.8556519879474779,-0.12761992145884488,-3.9608526270941242,-2.97918647562085
4.417543498847474,-3.8667613004738475,-1.2313302042843124,-3.2501221660792567,-4.027839677486512,-2.6221709200023415,-7.794404875560272,-0.46956400137733045,-4.115329299828209,-3.8525283967442414,-2.3249434972667014,-4.328157460223988,-2.8799293614748165,-3.2313615456271974,-3.2996558519513672,-2.2744229667187157,1.9529699733618617,0.8090691773843914,0.7495015502006142,-4.124497226572922,-4.155862252129065,-4.280803142221231
-3.9182519000604734,-3.597210260997135,-3.093399523197014,1.7691624347451322,-5.25797527539282,-0.6371933323830066,0.039440870215190195,0.47849658993990674,-5.23273755952389,-5.990935414277145,-4.378798577900756,-3.250210092410506,-5.992286950774595,-3.1873300210518223,-3.5355447866427596,-4.319164351327926,-5.299927775119706,0.8966811692217941,-3.198480192195594,-0.6861747518622756,1.29291590720338,0.6489709775884351
3.268484664218341,-2.981597354785243,-2.3000856348903334,-4.078355685411457,-4.2353067591864795,-1.6202402734053034,0.47425238366712663,-2.179001552426499,2.138335904306451,-4.249894374982055,0.3909480824692314,0.8056445035714768,-4.3969610487587465,-4.588428805937918,-4.6234463211908485,-3.8555027083128635,-4.429527389963393,-2.6507586987282643,-4.792189377327359,-5.493100794592361,0.543617523276346,-4.905176234328889
0.9300760569563696,0.08725945077050488,-2.580480250525068,-2.7525596123705585,-3.9208227600685617,-3.4475534094858546,-3.502494783109679,-4.94511029786703,-0.6898149048810306,-2.2668659869463967,-1.7132953061687124,-2.5964155980209696,-4.2718407931854205,-4.258799845877232,-3.972266644434596,-3.882950500214745,-2.8551927493396057,-3.092154078609542,-2.6040155967322316,-0.8808628076646555,-4.1136806682546485,4.353904570851177
1.6277950090824804,-1.0893930402938217,-4.550708642645832,0.7552839374746265,-2.448294480921322,-1.0862252756885076,-0.8224893824916106,-4.3506592922244325,-3.0566576595818655,-4.994604206270863,-3.455844762120768,-0.7827734449930688,-2.4424749203048886,0.25965245530626846,-3.466536820150072,0.3610931414228864,-2.4867128108329024,-5.420698337053851,-7.0204235952470935,-4.1135867050535015,1.2450735125349182,-5.873352992121521
-0.2438870813338106,-6.493235357002867,-3.9843404525892847,-3.0674182778987977,-1.867637823429713,-3.4390267165861466,-0.06469931846716474,-4.223064899447472,-3.7016141222472956,-3.9290519632040604,-4.949485338534021,-2.8814831032082426,-1.313077013053824,-0.40361876617553677,-4.661365281738453,-1.6536472639024797,-4.605409685894061,-1.9197022085692956,-1.8203651441804964,-6.001119827514227,0.9744136103676585,0.9991241754769821
-1.3811193757939604,0.8635673293290527,-1.232701754481309,-3.885932472194518,2.3041977319417297,-3.697305664098553,-3.0465918879507625,-2.6778656259351936,-3.9227753439653235,-0.3720454909324307,-4.805220403508767,-4.241158588507281,-3.317429653995037,0.09898198045350205,-5.554209552826126,-2.881729816021152,-3.0568817058277062,-0.9436283427481031,-2.6220793910165088,-5.858081900650064,-6.137995514964238,-5.388530948836469
-2.1424696146680478,-4.167763654227347,-3.377429253211892,1.146046860258267,-3.240530914352129,-3.0253275580917705,-1.245475960606365,1.2313285155509957,-0.17756959147836607,-5.735021717728483,0.23705995433837304,-4.834516675142251,-7.7031992724785985,-5.063038092029531,1.0448233212725253,-2.7178601726393694,-2.616058478706195,-6.450574701428394,-3.860489143322147,-2.8693305143719825,-3.7042241412353696,-4.764166058785319
1.509785580406502,-2.6971920039946666,1.1139876355230143,-1.195450875201269,-5.4318455533464745,1.258119734030583,-3.2261062354501235,1.2411732804376256,-3.165564338650566,-0.7310970012462736,-4.313093044953876,-0.27148891891014415,-1.302144831681301,-2.6593436518177,-2.653235899746251,-3.247848026198834,-3.7556207450796677,-6.00058248242147,-3.176950479982609,-4.493668427218838,1.589025403207211,-3.7649755575170634
0.9719572212499766,0.017295900115982914,1.608780031877097,-2.765507040773713,0.556106433502591,-0.8571261551240998,-4.632473296067374,-2.523588689259781,-0.050960607807910355,-6.40384895162431,-3.8643239555977003,-4.473198911013167,0.40518775209523905,-1.6443271815098937,-4.902856434975786,-5.935960606304807,-3.636675734611619,-4.183375760262906,-0.2381051965455998,-4.375548614334868,-0.3390093178859989,-2.587303244885764
-2.4562815835857217,3.112689569561311,-7.118991322327504,1.0145931036576175,-5.522744838706888,-3.95235629275928,-3.728502905945525,1.58955037025197,-3.624014300856781,2.2836977295823813,-3.6868906108526978,-0.8351580906992649,-3.451006356489152,-2.033402084040427,-2.324274847451523,-4.3004014711318925,0.4337785776592564,1.4320403360691916,-4.042464563420741,-3.524758736583449,-0.621811281929449,-6.044053265463189
-6.1034078433170595,1.7823226269463257,-4.682294678909269,-2.915172645744586,-4.013806648906674,-6.8638731416014105,-3.1499826669004505,-3.813350098066953,-3.5697257602271155,-5.3781717180847854,4.337265952023621,-3.522037203012112,-2.126522137818774,-4.910586372645962,-4.307474808058094,-2.47503720088319,-1.8673580518767374,-3.860953653384344,-4.716916546568972,-5.319443247058664,0.8539362710400312,0.9215119363492087
-4.724739253835196,-4.849452754050153,-2.3533869284788334,-3.3464341996728826,-6.971254287136286,-4.676118449317134,-0.8995940295497652,-4.2587709035003085,0.6680947047118049,-3.7807432068916977,-5.718247008970243,-3.835113389907874,-0.8348885684188533,-3.465863288538549,-2.8817209823132055,-4.871928124305186,-1.3506611712994825,-2.469790434520766,-0.3529939396948623,-3.524312807153351,-4.011730012331557,-0.9053043732482273
-3.6494947677734837,-0.24617381398120844,-1.9377096040269657,0.7499510203123132,-2.294249942389306,-2.238764871614805,-2.1631373697728247,-5.981042437794401,1.5658803452686716,1.4119350064715672,-3.6993434987421137,0.9378669645932394,0.5050968344850871,-5.566912346504681,-5.621948109442234,1.7847605222641691,-0.061208708694594986,-3.3062186502049737,-2.928819009152513,-2.972604715245989,-1.838361183226039,0.2909711415177683
-4.093640841900948,-3.609791067850792,-3.6427409744334587,-3.5153274229019837,0.1323833804362385,-4.345085744412135,-2.0680935663146913,-3.071024263045405,-5.589194189220092,-4.801762074246722,-3.4033497440650073,1.4828065366205045,-6.310407570027547,-4.843086942207651,-6.200792820021134,2.991953194571745,-2.7738558930937627,-2.4780013911206544,-3.9688421401439964,-3.5061353815556533,-3.152552350278544,-5.564975119677935
-1.9542416372657103,2.281025934380349,-2.9774343051771015,-0.9030740704112263,0.21991987079177128,-1.977128801205607,-1.6745341948727823,-6.769072688588534,-2.72390930346102,-3.808451721939793,2.0233947026340164,-3.941186008561988,-0.34890348468365356,0.0068517732251216715,-4.235928511807272,1.854697135766406,1.6195729284695786,-5.014726498288781,-6.461634228469857,-2.57071932560461,-0.10661426128114483,-6.406144204247786
-2.703553666349167,0.9179790653495224,-3.311090234110459,2.529555348652933,-4.354384781577593,-4.233537714378979,1.320003393928714,-1.702127980436362,-2.610923073647664,-1.615737308848578,-3.89891425712465,-4.122139852491567,-4.757619936162773,3.5064757712794363,-2.176801633031271,1.4847335428903805,-4.670981561382975,-3.0880194510287176,3.8685866362411363,-4.960551795057353,-2.650767495517161,-2.6722615139288814
-2.5166354500815444,-5.024926053419763,3.938125761993684,3.300493259652707,-3.207623036481834,-4.645074553126492,-1.5498778875231904,-3.128493833233633,-4.1808814825513485,-1.080544238258204,-3.8869965515672513,0.6435470127707967,-4.232581140779704,-5.792609655037453,-2.089316920929173,-5.698096951678262,-2.27258096067797,1.1391771879743633,-7.717615857646226,-5.60898692683198,-3.4043870239281375,-1.5211487652403592
-5.180816879689122,-5.407699229033215,0.8099577576687216,-5.46952993399696,-2.4309533422848353,-4.372313717201275,0.8771590491431989,-5.019666362665983,3.3277279011866248,-3.8703385406481483,-0.20421275909417116,-1.7827723117215335,-0.8394138783841596,0.6822866760944575,0.29963265734252453,2.8061392936304204,1.0760173258327599,-4.144483822122981,-5.103669608035156,-4.30916172304968,-2.0742474569439135,-5.434332458648821
-1.932089674235774,0.8655018852403165,-3.3829056787252227,-3.4630793876491768,-1.4211810528744604,-3.532523843838716,-2.375426717699932,-2.7413593422000693,-3.8110010444832327,-5.297971072324684,1.990585950209722,-5.230553397828761,-5.299406809422265,-5.044795748002592,-1.9798616104811297,-1.0541898825173173,-8.085997436124993,-4.469541744396575,-4.392427883547309,3.378817785565672,-1.3600518871192517,-2.760612990454026
-3.710247903123318,0.5486072586777584,-4.500247377548585,-0.4481373989231223,0.7431628418487378,1.2413082481769604,-3.191649957555741,0.18618951248153356,-4.270880652539142,-3.8736056556532588,-2.406643304119924,-5.764217576518594,4.622078584573647,-0.6893553638227234,-4.818502120721367,-2.1014815259707698,-1.6678452660270608,-4.898662505593918,-2.719560256721734,-3.4673893775387783,-4.030548133788373,-7.456830325157042
0.8061986724534753,-0.1994567499292625,1.1828927306233317,-3.0787699433491813,-4.6694906913787975,-4.056900946727248,5.473464820440232,-0.6450883979861475,1.9917199037872237,-5.189766279899716,0.2833860381674039,-2.9640967980331796,-3.679509322613049,-3.1427281987471263,-4.111600806354888,-3.624519390059121,-2.9515415468894566,-0.23778404043201895,-3.2185438950858027,-3.701342561295302,-4.374198496894493,-3.329948542922943
-3.011200055510596,-2.2444115208766533,1.8360946795498017,-8.666527485236372,-3.4625259366499854,-4.258698163487973,-4.141276729215668,-2.1701008217767024,1.6483424425274842,-5.37696692336452,-3.1615291237405123,-3.7991470852182516,-3.4764174473042457,-8.929926470321547,1.982236389701153,0.2685226586099776,1.8591709827757779,-4.470674495070159,-4.5550570040196785,-3.6781969133370223,-7.640107964595099,-2.7230670024451444
