script/wind10m.json
{"header": {"parameterCategory": 2, "parameterNumber": 2, "lo1": 3.000054539987559, "la1": 64.9999836372058, "dx": 0.5, "dy": 0.25, "nx": 34, "ny": 52, "refTime": "2026-06-30T10:00:00.000Z"}, "data":
[rows 0 to 23 of 52, columns 0 to 33 of 34]
7.726288223230255,8.08636431064883,8.41247940119846,8.729630138979532,7.94473538793093,7.199359924418227,8.556154330585674,8.44227056010718,8.637828353417383,9.309520477683352,9.40392922900536,7.4901330339378465,8.017792946082313,8.02522085912914,7.575933893652407,6.942240706384488,5.683812682351675,5.129635937710809,2.319273932388396,3.766668527765158,5.089701079381808,3.7923292876511447,3.5500188793550658,6.379698058313224,5.318086888156379,3.510455608137641,3.304174838550437,2.9942440834247863,3.4393365539782024,3.206575625053988,3.1835353640843116,3.3047365543838065,3.433130927495567,3.248893057734983
6.918003999123662,8.273418649154861,9.083232574924816,8.194466834962201,8.310770548382648,9.896715036466428,8.249659936760017,8.414339343910843,8.212812055959835,8.627263547593348,7.851288990290623,8.337036905729422,8.047291650114156,6.375368758430278,7.469122416182713,6.8336137107817105,6.599612988760201,4.279659096113568,3.958933908055863,7.509571868458767,3.4856456363335604,4.3796297843377445,3.0861157442604403,6.282113083498324,3.071152817596266,3.0672335288657218,3.078514531281275,4.2767390760519355,3.7759546825853065,4.108265455249741,3.2049950130904468,3.132707642200986,3.087465457058393,3.526815737244047
6.312851159154615,6.941511271384212,8.257423401138057,8.030909629534982,8.341998746095335,8.66212115970155,9.076378134880848,8.334267383760022,7.463234047734686,7.603429824819423,7.0969052682533045,7.527207605175448,7.722978411498544,7.03033515371944,7.099038849865401,5.999803471170332,5.328093082444334,2.051801298692962,2.7658058559892247,3.6009918952905338,5.530887768014089,4.267632574314746,2.5955615608473295,4.288260224727894,3.668983665284093,2.4199199672989695,3.6188577574046503,2.7697244497937876,2.8101187563847794,3.540573613132746,3.388146382449403,3.1170632334499806,3.0861802716976605,3.0018551710055688
6.459459344139199,6.795927040368999,8.319303677560491,7.705148291849074,8.229174282565198,9.03772300197057,8.717093795527378,8.327581974816955,8.947802793359118,6.351492426068248,6.716781324033596,7.308998963236909,7.217340349278347,6.194468714622915,6.341438972785982,6.402271118994129,4.024315050285779,2.21568628633328,2.7711929592489986,2.9461986326795047,5.712113942958339,5.164017915141741,6.1236650197708045,3.060705147765746,2.805508122505681,2.9963187083311014,2.543789804482051,2.5505436241391184,3.363173251797162,3.017911501769116,3.216386961535521,3.3215494852454204,3.013292469022443,2.962623800465404
6.877960069235082,5.714653773335212,7.823726031147004,8.561180005308747,7.937795589685322,8.89367637149808,8.721243001048256,7.574209453843388,8.73793146249388,7.147475206086842,6.784140900247494,6.709859644320964,6.806932492813378,6.771271397962301,3.276205384593084,4.736584509814395,4.762503458673141,3.221289948521846,3.3014930821767514,6.310764786482156,6.3483591218891435,6.507927656410798,3.4390066279691283,3.7374454984940684,3.105097495207774,2.590133295203525,2.870282032581455,2.4158649462868533,3.1227192815158267,2.9570296173053774,3.1390593442433135,3.532260327784535,2.907540226312297,2.8278370183368566
7.990275928396282,7.941336660606765,9.028918915065901,8.478026943597277,8.29937632574498,8.011795517266787,8.942784461115428,7.539180770898437,7.515927944007344,7.58470520664395,8.135262401504267,8.794801362227886,8.221147080939376,5.328663672113899,2.1288030601288157,4.1755541535875365,2.682381558920948,2.3693894193796265,4.27460389821689,3.0296490136335588,1.9455819380919146,4.400245009118723,3.296723887806925,2.143738276387477,2.505336247420286,3.018721423415834,2.619513757024957,2.895997493779248,2.5038263521236406,2.8693132575808855,3.057482447206966,2.531087633272684,2.5827174236658066,2.4354088907778757
7.038177634576674,7.74387694203822,7.1263550124910005,7.696932080380261,8.444248663935388,9.16970984665042,8.164919625582773,7.426097132213973,7.386555582872879,6.322060039453215,7.158746596997787,6.008376526449083,8.117581987648881,3.9185047348557536,3.3183188249314006,2.5178912209599678,1.7476971791307394,3.321243673411475,5.5946330578209835,4.169174725072926,2.1762111282411842,1.9530165564528,2.6318013442812696,2.0650935701920776,2.351659013400199,2.551196175057513,2.371649824538081,2.05478366795652,2.5375786020455786,2.8683706437731518,2.4981107020063487,2.8157190770112415,2.292433012839153,3.9476873794098677
5.560670359622741,5.7498942538829105,6.247611663709028,6.7826713237979686,8.217722278681535,8.417340193031741,7.783326420787366,8.904435185098889,7.996980961561013,6.745187801778297,7.9739142669854095,0.8249360809243076,2.301533007425461,5.357783803072966,1.92688042072789,1.6838942743727172,2.501038527597848,3.3872378993923613,3.448872389925534,3.7331411430532118,3.374594578646882,2.197724303690495,2.5449358880929123,3.066794598961504,1.816708143034227,2.3369351907822287,2.354970476961946,2.2651835529890354,2.200788812748303,2.199387120404829,2.2528041966723356,2.0256533347988754,2.4869241768168577,2.023661310412227
4.318650859589402,5.3579412697993005,5.673356719820063,6.104488687638101,6.427857250873531,7.6566958908014815,8.373932135940851,7.588043264462218,8.350453254361431,2.9531231261641433,4.3169411501781445,1.7723041546803102,3.4561293539963143,2.8240253359839222,1.5636632126555274,1.3098832891905774,0.13252781239939318,1.0742494935199942,1.532403012262224,2.0673497542609973,3.494717662201981,2.7081141189901845,1.9875495061439945,1.0676464414154159,2.021736159972693,1.816151366212449,1.7038561858633796,1.4071817098010346,1.4555560662545743,2.125805991497185,2.5920757056555237,2.634048612156322,2.6449901217758347,4.725869545197252
7.406329072299941,4.523062449758149,5.258640065405032,5.089234147829818,5.547944240530385,6.257472855623924,7.361973472201707,7.632990301544283,2.051662730421901,3.4246845058253097,2.1841894295364632,1.0025021199899486,2.7126317092965886,2.5867168772364875,0.5628076899813702,1.7761865760450841,0.6737357461495186,1.1019363992739013,2.2526486995143506,1.5913727934887993,2.4268706123952324,1.5063853659608708,2.010496157768206,0.6930619010430561,0.7752540676785284,1.7497147162967719,1.5909964293446024,1.889785510794893,2.136467401599715,1.6701533636366148,1.8151688661687655,3.0132084660286953,4.016981943518423,5.558610498721932
5.754947514761353,4.973081669589768,4.4852960703884355,4.16172478282686,4.401903198718563,6.086974672126832,5.802109628466006,3.322968595579743,4.883185264943716,-1.329381346332156,4.95530243438,1.3759259339382732,2.7561740586122165,4.297630292912366,2.795497311220812,1.2723987246185258,0.1702775220646267,0.26145923076640265,1.5464509476748074,1.5453363160972384,1.7267613960322754,1.3092134451050752,1.7953121474853506,0.057471253518916375,1.3112425897994426,0.9011704120260354,1.6092047516015964,1.7300577766387975,2.122806854363086,2.485968777977357,0.882733908528033,2.6134746109801497,4.1258406071208835,5.5113952660491785
4.88764239751412,4.322693553874894,3.3426094467082783,4.382297880342899,6.4254791949057,3.373058216642339,2.2709074899657895,-1.6256092575000056,-1.302684372486134,3.846017927411047,2.3379361829952434,5.175122655975534,3.604187690165353,3.1297604160220867,3.3828406215565368,1.4554434197689585,1.1797549809173842,2.8232049434417115,2.236966814932431,0.44572870259834707,1.6013289527797265,1.3933354429508358,0.4491306970802666,1.269946425068822,0.4675754236691867,1.1775759644843091,1.1043147167980005,1.436757344795442,1.4678680444119765,0.4983268002379961,3.564686853265672,3.7560338661612467,5.060413272448904,4.931689410563152
4.389116945476409,4.143977814623381,2.6546325184192128,4.409256675754431,3.0979508764747172,1.6684996138582797,-0.561428764747823,1.0350314160858438,2.162775447434502,3.710670994351724,4.212348532572824,4.014603999991064,2.5724361007403176,4.370623730761954,2.617824368908802,0.6664459329909919,1.7137561077815506,0.8630437876846502,1.4847512217641252,0.4487032282469146,1.0064068239146295,1.3825737551068207,1.529936535764846,0.5723390258218424,1.045446865402562,0.565702201213202,1.347546080328849,1.6173767497921505,1.5147984724015433,-1.8434399103081434,2.322693427880097,3.714564831666764,4.879958327245208,5.125600220810278
3.9159483987783044,3.6590989535985057,3.19243001734767,3.594569117428915,4.168607277587783,3.445718946106928,4.20323646474362,0.9790247841492719,2.171399480626786,3.969430818012635,3.0647516212761783,4.5179362958136,0.33835052961626316,-0.46938086906173515,1.7541654470349284,0.3422053692450947,0.16960281939357585,0.7398914904048327,0.01874265899032239,0.5489322202165844,0.8490804758921322,1.1148672606163623,0.06319186796691727,0.3630063932924165,0.7957456993040718,0.5225802523171679,0.9863112394988112,1.1286780763271533,1.5593672643481657,-1.4592308298680117,1.5931161569735401,4.316885339840653,4.548288437444096,4.781394670702954
3.1426337995083915,2.017709912273905,1.652654138617991,2.252883943451014,3.1638511813901635,0.8981071750303017,-0.2224786218314412,2.797729758753882,2.1213307011882567,0.6785307214875232,1.7327086773066473,2.53787840798654,3.538921153519268,0.8893973298067368,-1.008019616693681,1.1766227519246537,-1.921756958785083,-0.650101905524574,1.2527712564184477,-0.2507855517578824,-0.32101815689907914,0.06978099167472454,1.1458465311875974,0.38515968072564977,0.5129825385444053,0.8486741906841119,0.5569257789937491,0.8050575359911072,0.25495047835693446,-0.004317664324089186,0.9545484430015286,3.8902895698864284,4.107384010081262,4.384157993604873
1.479947730522338,-0.024437483743573078,0.5205462097477733,0.7256652308184067,1.803595248576845,1.2484382237270701,1.3854601631377488,-1.8961312370503296,0.571132954757488,1.6353399123322516,2.215858322660323,4.086330305183409,3.5709723445585824,3.2761333674684314,-0.27226932948906185,1.5410837825136943,-0.7074853687141126,1.0011472411841096,-0.5663760595629357,-0.9774426155722723,-0.37295845685067963,-0.34112089868539813,-0.25377957771178306,-0.8629812853012527,-0.10307312614599057,-0.15559565074139406,-0.46910268864606947,0.5927434274880325,-1.618123196869335,-0.6769564923773218,2.439025304154499,2.9116737992865516,3.552708666809137,3.855151259829505
0.26450417507608714,1.1570985071834246,-1.2816823923807241,0.39968350728522417,1.6613885008684417,1.9194511181196388,3.025820164098296,1.9888245609074864,-1.3251125564707824,0.11080002245656566,2.5585689974129635,1.2542435538262826,0.0402544140030786,0.6667183726458318,0.537205545139603,0.10580767058058146,0.7485785163458386,0.24200358247014472,-0.09880536119142638,-0.4947731635224983,-1.1432294865011643,-1.4019382132351705,-0.2917648630943714,-1.2587425740473677,-0.5965650554852331,-0.5718517462697005,-0.9624205946977669,-0.6811177452008189,-2.0900326080632032,0.011118177012310304,1.9776189460035167,2.218157874862922,2.711083537383864,3.2783259522845145
-1.6367940295815502,-1.233784313391541,0.18765756708186948,0.15531201874857375,1.3224027561132634,1.4559379080445787,1.6233117307629752,1.7669514500221417,3.9989211812857692,2.6242648155514705,0.8480383443183992,0.2801648355888762,0.4271882307573626,-0.7162462374078704,0.7333583089214954,-0.4247070955630072,-0.7068492872275032,0.4457629139773678,0.39583138173310334,-0.2011502527203434,-0.20306242441778433,-1.0939172726130706,-0.7724275591357453,-1.269590707087713,-0.7514982395477796,-1.106155417763832,-1.395032532424537,-0.9852676529897856,-1.8895522265542606,0.43077434492124367,1.5207472490048441,1.7510117835547843,2.4232864393616302,2.0821399429653367
-1.2994047716408526,-0.6122241424795497,-0.10760619852043256,-1.0065560097918407,1.4712764390055402,0.6745013623872085,2.575648955676587,1.541940182122873,2.0797103396345253,1.6252473105575662,2.2228088005781825,0.687286520496232,0.6234832182928044,0.5231648205152303,-1.6215588470728528,0.6615976139403129,-1.0913094595954047,0.8132364228959795,-0.28405502948475736,-0.43723976307821083,-0.5988092428014471,-1.068507914033339,-0.9267708535301207,-0.8244327768974499,-0.7849351572860711,-1.6241329863116982,-1.3042878943630491,-1.73851600894998,-1.4488657387944246,-1.7584523327834187,-0.7532560907327872,1.871599415262454,1.8690993035636836,1.600938420501235
-1.6994891768309774,-1.653316043999519,-1.4670769346442907,0.3331636662399004,1.029102635768578,0.8987005273465507,-0.6511703478187394,1.6080623965596084,2.097316212749355,1.7864181582823384,2.2287036731347847,1.0299382406054896,1.1735284642621322,-2.234642015139585,-0.29364049810501847,0.4711696877617136,-1.1065425829869704,0.44733238182133256,0.28933575800923467,-0.25209177076909145,-0.010445869839266422,0.16894923393657502,0.13469296574792514,-0.8605393229358815,-0.6761114006613794,-1.0911674628937627,-1.8214963768839774,-1.1386767371401165,-0.44966847639138374,-0.7333994559987016,-0.7003037221890365,-1.2973726265457588,1.792478824143852,0.7328567212183654
-1.545055830915514,-3.539788036347861,-1.99977400253276,-0.5817114135924923,0.7413655153276125,0.5460905656650148,1.659345184482804,-0.9880217640154029,0.652468863795962,0.3713467901168825,0.9236720788011904,0.5679815184418958,-1.1553406768334513,-0.398368251386659,-1.565091386438013,0.033857915115271225,1.0812429031916373,0.7099586184858467,0.5177950574704157,0.3933203206592486,0.3501628442878202,0.9528671795849362,0.3475499491218984,-0.07381654224327695,-0.1836226248281458,-1.126419709979111,-1.350347895465396,-1.202320507326847,-0.64599379967395,-1.1353080196567877,-0.5451194051515962,-0.4761699559493959,2.12504514784344,3.724484826870005
-3.2594612340937172,-3.258092414966165,-1.779222361123582,-0.7385713973652717,0.40690814717343393,-1.560549183684517,2.14138570413211,1.1192451993586265,1.673957600440235,-0.09685849454934817,-1.1916584155795582,-0.7115842166218893,-0.38813712873849704,-0.7112895661316004,1.431592393001482,-1.7322435579759483,0.9646399447232529,1.0955409672758947,1.0222597919383907,0.8975289111209341,1.0314005564251323,0.8534444157046528,0.7352400747806385,0.6669376446609834,0.7013034179970158,0.9195362786536165,-1.192475280611519,-0.9226732050594655,-0.7809395682083601,-1.3885555523458428,-0.7932002418459352,0.7736074373268518,-1.004278587415557,3.597806177360354
-3.261567722943756,-2.0581131195966837,-0.9850428750271857,-0.800513127142683,1.331398054915023,0.7053915492095347,1.7829424749185794,1.127784884758749,2.5679150847099885,1.3499704845928866,0.7273049494199736,0.4625941587783384,-0.7020063820501825,-0.23969929563947448,-0.5251748009080305,-0.3882247316830798,1.2994082018644042,1.4863394389971434,0.9641307218551892,1.3925776061525132,0.6810649862665431,1.1014539711745277,0.65432157577418,1.0877634643187855,1.1616876285525028,0.3753985415229229,1.176029824600612,-0.7610005758512515,-1.0831595875624678,1.325502477012216,-0.034498361746791426,-2.3542228868627686,-3.3861293278157065,2.0875019755523256
-3.1638160134301976,-1.2384378911908591,-1.1337848495209417,-1.1351088219605823,-1.2349725347837512,-0.9632087704362855,1.080879716533849,2.442794170936415,2.7580145149196227,1.5834259794769578,-1.0900358922021927,-0.24087570784167517,-0.7288984203315251,0.4980225414205788,0.17639950582310002,-1.351217032531084,1.2394990420551948,1.3263060889964946,1.174091767484089,1.5745434237281568,0.7388321215308589,0.8836826252772861,3.0939848972741477,1.659788233313756,2.3184084591904717,1.6830926787712963,1.619541596339148,1.358584723193163,0.14352552654171435,-0.3769018403751491,0.9275290381016011,-1.933000227327961,-3.2182110257890337,0.556731299581651
