script/wind100m.json
{"header": {"parameterCategory": 2, "parameterNumber": 2, "lo1": 3.000054539987559, "la1": 64.9999836372058, "dx": 0.5, "dy": 0.25, "nx": 34, "ny": 52, "refTime": "2026-01-25T23:00:00.000Z"}, "data":
[rows 0 to 23 of 52, columns 0 to 33 of 34]
0.2937084698136473,0.4569529376741763,2.183179369693063,1.6904892996089018,3.4090960323897455,0.6690655552245798,-2.251494768248219,-0.619466424224756,-1.6896302588656047,-0.33619474971057456,-0.728480268933654,0.5952506221995063,0.03620474258521549,5.826517206412677,5.747253335741824,2.7471041509163987,0.6866773800252013,0.38712438737928695,0.24423334081612047,-0.6917430704962267,0.9004698090522462,2.1122265537584095,2.8696537445634394,-0.5955341157889888,2.831159210816641,2.0044493027999817,3.476122958266194,2.208412246745229,4.4454590730720644,3.6148174156426305,3.441211110234284,1.590444032131737,-0.7278666693776878,2.236445477127699
-1.4755355347541919,-0.6511812826219402,0.3410074513133731,0.8182225011832971,1.7603224858794573,2.8591344180585887,4.226745572786556,2.6955022134661237,4.433827943902511,4.983105329219082,5.7214147919026095,4.849203593120562,5.0983886055430805,5.1934960526800555,3.9755677737636055,1.6404797789561258,-0.13370137634645787,-0.2590539932529246,1.2518486595425218,0.8962748555082111,0.28003111885537024,1.5803664634108232,-0.10098229537691142,0.5398801462139984,2.5513003946460824,3.070172529209517,4.060937165841335,0.6172144817039978,1.4218163077231825,2.4878369354031835,5.428554738286495,5.602254530324615,3.846730559993335,-0.7311371864943312
-3.4275745522609045,-2.8354802780358885,-2.1962190540471185,-1.4989163093817923,-0.19440014089999336,0.7704216371148076,0.9625635817558454,1.6127194463765582,1.9256114813339795,1.9582401849511617,2.5871385511013316,2.441281469874083,2.255228260478303,3.107333274688376,3.138940206126255,1.3141692384332808,-0.275536923323915,-0.3316484638619752,1.6029346184935631,0.22694675124092287,1.559554825905485,2.0229013236603093,4.2307881618339085,1.1686358061427387,3.00210680558287,3.389714157309926,1.5697562053214449,4.283697049106865,3.2484847199051035,0.18857169282780234,2.219889517546148,3.5368452030751096,5.395974346179748,3.6733987107131427
-5.787755623583773,-4.764755478859279,-4.145144298578528,-3.36846339512496,-2.6831715711261874,-1.8921113305070791,-1.252805897559772,-1.1614640773475953,-0.7875035525177758,-0.3581991935485054,0.004578936561633208,0.8811730841733567,0.771045280896856,1.319976096212106,2.862253654005977,0.6656901936782934,-0.49316887025831097,1.0070971803588495,-0.16902607026683147,0.14147495028080032,0.4940312877412435,1.5893507751855311,-1.4972665608687352,4.847157379132091,3.727001202408018,6.100110736448851,3.555019476051246,3.814049310642865,2.0664687652157734,2.2346359634309545,1.8153216655225937,2.285630845026247,3.140548129658359,3.16739008778147
-6.955068045384499,-5.980878085258826,-5.3440981450481955,-4.744646095136056,-4.462167485207439,-4.0711116703073795,-3.6180351851622112,-3.3601183922661595,-3.166409880998426,-2.590311534186206,-2.0234339416932756,-0.7263195606833267,-1.1146267437225192,-1.1684888182108049,-1.020162112310503,-0.6225697216520414,-0.7242210980007012,-0.7939357454109417,-0.49880164588167836,-0.20450367673557074,-2.0606995490412263,0.7310715722135173,2.4309479570813988,2.344625707182712,3.8020055571597795,3.3998972141374235,4.377803833093055,3.416435406579626,2.196999696813074,3.939926155811251,4.083539319503534,2.601269772316413,4.360859993120628,4.070675080353516
-7.414086538561426,-6.963809752205742,-6.061972107616736,-5.31640893983644,-5.252410062085658,-5.1963842368210065,-5.300695501749862,-4.936019073330155,-4.410206509775976,-4.803117964985028,-4.961117627965835,-4.131623438007755,-4.047743772776566,-3.4651353479209064,-1.4454147594970668,-1.0977329260295572,-1.2430869941817027,-0.28519110938193254,0.01636218507790366,1.8965202668438346,1.889957527229703,-0.7377216954213692,0.8433314665445397,5.4994308557728475,2.1708627743256383,2.34316275294344,3.0168462237534266,4.807266350155777,3.0047809141631383,1.9053595419764082,1.4911610905010177,3.6344596842689705,4.978989523581868,5.006094711229163
-6.542899508008556,-6.02691719960688,-5.635348310985844,-5.589094202897643,-5.862350881625661,-5.887807627455892,-5.993073291733096,-5.986165812568386,-6.107592167842438,-6.44528424263236,-6.07879723556285,-4.906895504355679,-3.329171524462509,-4.59991525542884,-1.947133007940136,-2.1416457673770304,-0.5093535066543119,0.26685125678919874,-3.6391344481813968,2.1369391222062886,1.6554576647255042,6.658792888885975,3.228200058269,3.248918583014491,0.8594993750053596,3.3031977497053644,2.860104523501877,4.212929284713028,2.7156912039315624,5.912472661742871,6.325178057464816,4.481156905753406,4.654692510174173,2.191874704592381
-7.105955410325016,-5.816497398961707,-5.653648356826883,-5.921080694336355,-5.868070633211568,-5.891724914960887,-6.086453622037354,-6.654899514255894,-6.852905389118023,-5.8758556818684236,-5.180949424585381,0.15367962141193034,-1.0620175349654488,-2.453435048731909,-0.12508682255623385,0.5835239120052003,-0.7360762051990574,-3.1732415187013783,-1.9233962285599289,1.946092242560005,4.276145681083571,6.622658075619494,9.290367085871733,5.927663180481927,4.715224243686631,2.6277946314357403,2.921405529593604,1.3830495971061976,3.2462008307100554,4.450250398498304,4.085842372201494,4.299750014614185,6.026270902895036,5.316557243572037
-6.172551207166623,-5.245462439750256,-4.804788027745613,-5.734330970147573,-6.134407488558616,-6.36648150200595,-6.589601452637007,-6.969473597494065,-6.310305705277211,-4.2751085114539515,-2.0027124770265288,-7.465448013197938,-6.384899371308862,-3.2783206718685443,-1.5980229348254158,-0.46004950322972266,0.3001525069144051,-0.6817589245622123,-0.26435963491157,-0.6129389737667241,0.9646108641913455,0.9833362789810742,3.0588950153310517,4.957599535508099,4.619552473849216,2.862773060292497,4.471796959495245,4.284404208624657,2.909332422698568,5.997576367403579,4.951779622933394,4.473971524627949,4.343032770992398,5.914834597493963
-3.130519699356762,-4.704123191307091,-4.699772083682005,-5.055045899522209,-6.104957825153003,-6.4238547312258385,-6.694322016988007,-6.425556614855021,-2.557569731115233,-4.646423493302301,-3.455002450795616,0.8573381203501179,-4.821998928879014,-0.14720968272487728,-0.26474495754475846,-1.2924589052575108,0.7976645107064643,-4.49405860199343,-3.567161907401398,-4.34674844001781,-1.2328153445018923,2.6195454502928435,2.092760766232502,2.191970966363185,3.68065334050009,3.245975860541603,4.014182925343947,3.1951472318854415,3.8113376269697787,4.779505837061698,2.844848016160887,5.119926995258822,5.486078235300006,7.061831801507197
-1.667751727107702,-4.441642772248469,-4.6226506253107855,-5.020872918639236,-6.004491750451113,-6.180958131408309,-4.848264088352529,-1.7001421985554728,-6.201542449981716,0.3687708782539824,-5.132788466332941,-1.12266347602945,-0.2858517663619541,-0.5066351082319006,-0.585587334520622,-1.6166788013557307,-0.07922875414949786,3.6933504985793717,-6.77952355017079,1.2913844706987758,0.6503905484733837,3.084541487826938,-2.410920587079309,3.2345152391809258,1.5771746912761715,1.5699249027466646,4.362070196598803,3.284208106197179,5.3989116533202415,3.7871736740043564,3.207279795865583,4.811859376589961,6.74211047577667,7.6148616708534265
-1.7689007632635596,-3.6673437715367694,-4.3354236972810485,-4.898555732011647,-6.054514145189794,-1.487240743685819,-7.021357822105387,-0.4176564286405353,1.574070443194878,-6.712116197213199,0.9943277931089639,-3.3595890506560107,-1.3657584050318305,-2.660217796569873,-1.0043365510944884,1.0661606551192713,-1.0378284977636443,-3.9564599444299806,-1.6346579470826035,3.355351599045777,0.6401671919356235,-3.2431581353398373,2.1988713138629445,0.9425512693025783,1.7286839019187759,3.32079266855572,4.2103755028536165,4.410649547091512,4.683571367879544,5.255808861509077,5.358754880534473,6.146578822085251,7.343433335260982,7.628961723820061
-3.346797840410242,-3.5746999290279415,-4.752451844028182,-5.049250093506162,-5.062766917985501,-0.8016197006854251,0.042902976155511814,-1.828309845855422,-2.6508694014342242,-3.463350267660901,-7.661201816814726,-4.44108136071684,-2.9269470631685874,-6.597356232399966,0.30055458017304654,1.7274195589105927,0.5291890096449164,1.7688080055185813,-0.9965288670151142,0.3298104150594912,1.0158960527210752,2.122890368162032,1.6312056002174102,4.782562377285827,2.231524659601029,3.55601723578447,2.2196015119192807,3.8466213432167122,4.15663664005345,5.475594980439565,6.51278768178275,7.522600231107336,7.692472787301859,7.5841105603534915
-4.583146965750168,-4.939793199551834,-3.9224669280234856,-4.636240469375004,-2.9837579342058946,-3.2063100720258313,-0.936243994900703,-1.115260611849958,-0.025269588854061917,-6.494506115280445,-7.638879783124782,-6.104956813335136,0.9834736189023195,-1.510393805643983,-2.761890167223418,2.477409108791587,-0.10913200327096403,-0.32292478357562754,-1.3754214630324981,2.3089942994900547,6.305422964128707,-0.9408270612185308,1.0883989068368352,2.020329203013949,5.478038448084302,3.275986288104307,5.4829284490248344,5.2989318164948385,6.61568256539317,5.6809577746170365,7.23988581677029,7.955552446504311,8.106324015443066,7.155589329641096
-4.9074630954997875,-4.636274625627452,-3.4585534590114526,-2.800634486114078,-1.6365839104729856,-0.31597344403813266,-0.3894884158231114,-1.6424941688950476,-0.013030491005594981,-1.5298756561011533,0.4845474494220891,-6.652975434107805,-1.1223732466584713,-2.1422550147298125,-0.605167502057138,-5.871133968008453,1.783290320776663,-0.5307012281622938,-0.507014314982522,0.6529794982507228,1.6323757450126073,2.5812393562559612,0.2849177465418328,2.9519623334665854,2.826347258397207,3.169221719228185,5.02849789963368,5.3527263183207685,6.772614900881858,6.525768545695729,7.290888397408483,7.101739419433762,6.8184380236646,6.176927459863666
-4.671511580101097,-3.6404705868076253,-1.7564757091876364,-0.23693140014841854,-0.7690800934401196,-0.5688796769796136,-1.2611136935640432,0.22188918880006744,-0.12758683885367994,-3.738673568684483,-3.9466421336456947,-5.534201685641736,-3.9881087117188265,-3.5869468683790457,4.438088450826654,-3.4263819283039174,-0.6104784309288893,0.6488678812720258,1.7849943635047978,1.9516520497539336,2.454095897342547,2.7670516575187802,3.3532579746333773,3.0572700908841344,2.688933329757974,5.429913757576809,6.658965280843304,4.655672885014866,6.648968044402014,5.8987568450445105,5.539925195100021,5.357694464178812,4.56096058154147,4.755237592378123
-3.6773980361957315,-3.0497985955485145,-2.3525932486940144,-1.2861999154176857,-0.06517705574158623,-0.07021001163909993,-3.430734753141892,-0.13081232301854845,0.14212677130335918,-2.4705570905727683,-3.663829578774963,-4.555534604643782,0.9495413782760687,1.7709759779383343,1.3296781914260174,0.4696324105601888,-2.0053720292086283,0.3015820745731319,1.1962661111869413,-0.6990188179960238,3.4618258285503707,2.7328468339909953,4.7804132923522875,3.1311593110504505,4.222756000411318,3.8832368307175424,5.95872202937396,6.318489305653158,6.517943259940441,3.5045877968547603,4.123195995167997,3.6156272589657736,2.9348845330983653,2.5731401657205586
-3.3073469203267662,-2.8740535175507915,-1.5315309586119965,-1.0014751928077188,-1.2298739100126754,0.10116708461242381,-1.641991671681633,0.013418148667359964,-4.334714630051722,-3.5914865668177702,1.8819282686049157,-2.660967676596765,-1.2685689670649378,0.49176587632763596,0.08792356940441783,0.29557489445116797,0.7960052025408894,-0.6732953098785682,2.7163123106707245,3.1912580899235654,2.9205782805309926,2.1574003822466414,3.265475377821062,4.733058571966275,2.119012298383444,3.8737519849645445,2.828580895067101,3.875418458645019,2.8698674803453312,3.8996629388291484,2.883670708115465,1.6443751975417356,-0.1088367161372465,-0.3937858444731466
-2.0663270374843288,-3.2725366143843666,-2.2000904738033196,-2.594877001732482,-2.6426015928772144,0.6331225172538978,-1.431419229166445,-1.7139571209883475,-4.635153624251958,-4.489141905219744,-0.31155835246381475,0.21259832240774468,0.8921900344293542,-1.8720652073203505,2.2182724183151463,0.04838489779433057,2.703120491603655,1.4640011791474417,0.5984599124827121,1.235981340981407,1.1625591970510725,2.060182410200995,2.160610118712242,1.3931434594088978,0.686122615669842,3.5363815663502485,2.832662845265133,1.1511035453925316,2.4345738075390595,1.911957217587234,0.5179463529677212,-1.651467687370588,-2.7493657781617697,-1.9778609065723607
-0.380139953015812,-0.6740158085836049,0.5564144852870992,-2.136791133447404,-2.0348990537958,0.14359543803896818,-0.45367784467116307,-4.374678462344764,-5.7449798770023035,-3.8934089380371777,-1.9175596341629424,-1.3723760028521317,1.5179988221409795,-1.5050825771901668,-0.22823000154753442,0.4569569876825555,0.0005383197502880846,-1.4190225830698484,0.522202105128139,-0.042539964432710305,-0.48580251944440045,-0.23382428903191582,-0.8863840845914787,0.052589606708651135,1.043619823427786,0.5454291582043234,1.2776086163973455,0.4201212352631142,0.6266805870637494,-1.1429031395252474,-0.8287410800700699,-2.54729838702735,-4.215034414992832,-3.747637569557976
-1.6669811249140558,-1.6651044575790699,-0.8258619570535854,-0.00861756266334349,-0.7144880677682403,-0.28725837648587477,-0.20411173858104575,-0.06003395776885463,-6.687698218599506,-0.9078511857421443,-1.3243023841970876,-1.659641431746642,-1.8651594279064376,0.20847183946703524,-1.088892228908812,-1.235786562312654,-1.6959256922749155,-2.224514182696918,-1.0000067780133506,-2.749045618186025,-1.0718969047802709,-0.5699436369902308,-1.4915465059507413,-1.1230534676819,-1.6465791065961288,-0.7603853464698774,0.5323197128516887,0.127792462634308,-1.903977688723147,-2.1047062362988656,-2.5841983168250646,-3.4620760300910303,-5.98694711224474,-6.305902292091924
-4.53637602312379,-3.916204749819261,-2.3315936453752606,-1.804086981787949,-1.189667758984743,-0.5103158573810054,0.21777689219475937,-3.762475985153627,-5.480799230847867,0.14267936977733767,0.6346645757521093,-0.4412852553024186,-0.2345277830164626,1.367647047446599,1.3741688257393814,-0.1952066032388455,-3.068151167532932,-2.540144883259752,-1.3978776216788389,-2.494604668960356,-2.232102561037515,-1.9083257235936264,-2.618504840831425,-2.9304050551408087,-2.8618785912823914,-1.8571950411064961,-0.2650128839997866,-2.065031528527254,-2.057738156505031,-1.7962311269378268,-2.6082620959652716,-4.829974357824298,-6.0317045603719315,-9.472627154403327
-4.995919079956226,-4.920649321014301,-4.455634341450683,-2.836712364867542,-1.753009035198882,-4.992435277349509,-2.935021753132679,-4.628361491458785,-4.214715848097623,-5.122542092289015,0.7517642082467105,-3.18461921868097,1.48727519779473,-2.402288383023443,-0.9102055230640564,-1.7483018979468443,-3.7663766187848484,-3.336413346875827,-3.262294858950731,-1.6892682366851202,-3.104562258116211,-1.599389514257422,-4.091944328133411,-3.5318377326956583,-0.7804684298257746,-1.2779405890096531,-1.4170974559873935,-1.3052093107191232,-1.1967867716189364,-0.799600081871266,-0.25384212939416034,-0.9074032204148099,-0.4909943762803522,-4.052638454826248
-5.453038677830169,-3.8332631233152754,-3.814222715007817,-3.0945581272448446,-3.8646867882446982,-3.9850812739461956,-4.396041828351377,-1.4731810725617869,-5.949278284201871,0.5760892755193715,-0.6874681068788677,-0.6371108608197252,-0.6668614456601889,-1.540901222946372,-1.6355245325550045,-3.9432355063601676,-2.583340504791341,-4.229983575969249,-2.4683240365970476,-2.8436281968191173,-2.045153513019912,-2.650391883673034,-4.08390841000763,-3.1503349302274004,-1.606146944373923,-0.5848176488408343,-1.0249446054103197,-0.29136361646548625,0.34479323539948276,0.09042681674883847,0.4701872252833206,1.2375661691168793,1.8100585234841604,0.7515211557064342
