script/wind450m.json
{"header": {"parameterCategory": 2, "parameterNumber": 2, "lo1": 3.000054539987559, "la1": 64.9999836372058, "dx": 0.5, "dy": 0.25, "nx": 34, "ny": 52, "refTime": "2026-03-01T23:00:00.000Z"}, "data":
[rows 0 to 24 of 52, columns 0 to 33 of 34]
-4.785612280891223,-4.350583210019475,-3.6202292231421165,-3.7619220520968115,-2.8464943605197606,-2.6860560468753,-3.2987863339558916,-3.1538023101950827,-3.614018733876915,-3.5226599761291046,-2.8785776495735678,-2.4325381663263164,-1.792726187111423,-1.5017913853453648,-1.156595377981347,-1.5620958726135772,-1.9489971037816964,-1.6740442009595793,-1.8648178465587055,-1.188211242118375,-1.4536934041713296,-0.8540445007309756,-1.2167316323822728,-1.5151000988113668,-0.579390427104307,-1.5218816002016156,0.1573332878779983,0.6442185289548898,-0.7684805428580579,-0.7848870619452107,-1.0018045476458601,-1.7396885833585114,-0.702488420148089,0.3400797431205269
-4.268473437609477,-4.242202385454372,-4.197901242891383,-3.807292062914936,-3.7793373595866835,-3.107305490357523,-2.8831246358046516,-3.275954378211425,-3.353602483957823,-3.3211121687813905,-3.756816673288833,-3.4971481141610616,-2.889031466866072,-2.586317233356499,-2.626018451043043,-2.310850274820696,-1.4528545596107525,-0.8850803697371662,-0.2602646607623962,-2.0450243808548882,-0.9525639984355567,-1.2942267409799806,-0.6632916206174345,-0.9625962493662681,-1.273409943760918,-1.7158269644526676,-1.1488571957850915,-1.2197174472630283,-0.9958366485565696,-0.8387928775130281,-1.4705366515851677,-0.5285541967604143,-0.0815195081033464,0.4277699281598159
-4.36589539942684,-3.7520487852261177,-3.5659922177447774,-3.5289398433474775,-3.3855022508347923,-3.3703622366524706,-2.795371213843242,-2.846194470515685,-3.50934462222278,-3.1910051476628913,-3.32255645873591,-3.5312640724726108,-4.302575877111562,-3.116015298375922,-1.273929748249831,-0.6968056581082094,-1.462774737280681,-0.6441650020440162,-2.4761627890746074,-1.2224920255608225,-1.8804591424305104,-1.0356176318423078,0.0824314720574954,-0.5311545208151229,-1.0701887312330307,-1.7623920343076784,-2.50406401698239,-2.188453012161398,-0.8265395323778512,-1.018685003778311,-1.3389254385978757,-0.7300817999418524,0.13413989068374446,-0.06170924015039777
-4.760140647397072,-4.010528644152567,-3.442957045092349,-2.643739001908929,-2.9605304777730383,-3.325249254687777,-2.6814074255863343,-2.2232268947248697,-2.8665508869114364,-3.701190418595295,-3.822814775754621,-3.272537417429534,-3.0955804695263445,-2.475039510795908,-0.876927437185577,-3.286077050356302,-1.44761911817153,-0.650807113301084,-1.7049981027862258,-1.0723959890362955,-1.788192073728349,-1.548221058991155,-0.8499855835578163,-0.6241006471578209,-0.3258757840633161,-1.6927725567038923,-2.254841923186196,-3.308294713487313,-2.7785635060972855,-2.39317027571841,-2.3982848766598606,-1.7991906309425374,-0.9084704652291414,-1.1308960770155119
-4.58850423794507,-4.288058873837363,-3.5124793027181913,-2.7405695206384135,-1.8963120170866061,-2.55380134861599,-3.0278863842950328,-1.950780334718554,-1.379439676893461,-2.1245195596144466,-3.4275589093085053,-3.0586970915955765,-2.721534042807272,-2.266833191282062,-1.569391982806613,-1.8797568988698254,-1.9922104166563468,-0.7429669219060745,-1.0550497855461087,-1.8737619569455408,-1.8737497142118857,-1.5879919359302581,-0.13267806248846714,-1.3662577988613456,-1.8142339241507819,-1.6098916757109274,-2.5971543231076377,-2.3471119442530384,-2.8325714868489555,-2.4739081011701285,-1.8817091480583794,-2.02422107086583,-1.675501873125866,-1.9269968722193807
-5.034007512447994,-4.436562046613308,-4.286726362018443,-3.3940663178274786,-2.506129986999115,-1.8423279609016938,-1.9567214249332792,-3.001464662021232,-1.5715564828089197,-1.0228869343622322,0.17921189136851062,-1.4581812771120226,-1.9244012210631938,-1.5538800608996512,-2.9829290978757577,-3.801891447433004,-0.8323236261377536,-0.49091150435853814,-1.7580527568989999,-0.8285496248088695,0.41489797308355403,-0.2340156065576177,-0.7837591652894057,-1.7003138148284205,-2.091538826165421,-1.9391236928638929,-1.7565744657409732,-1.5028043331877745,-1.9138724242927154,-2.2279921750024276,-2.419029750743111,-2.302718503050333,-2.2448784208799584,-1.1857523357825548
-5.323641803975696,-4.897464488939665,-4.558312184712372,-3.915213168115064,-3.293553162491923,-2.8774314467641315,-1.9508808694842852,-2.4658467994984226,-3.1222621756114237,-2.738866653355708,-1.9045409525789043,-2.8975282600941608,-1.5539699160100846,-4.2695770781717,-3.3949215397030152,-0.8494238888675447,-2.1173643778910423,-0.9691804528042617,-1.778140452782066,-0.8784812951658496,0.646837101809614,1.101605391404872,1.3140833494455215,0.7887110357737575,0.8742524766570189,-0.28701088118892193,-1.8006815561995688,-0.9999197667599365,-1.6946386369174693,-1.7034181147132221,-1.888897166299678,-2.480442358588,-2.5731000903342585,-3.1647797425713127
-5.3967171485180545,-5.072403931602764,-4.90282822364657,-4.782683897787747,-4.25357918552365,-3.8173738237846453,-3.057918264711601,-3.258936343962844,-4.096849092139837,-4.0928972079054295,-2.9506791041285463,-2.9638720442519992,-3.2276866076304986,-4.5329092717319055,-2.716926049476299,-1.6922599218185372,-1.34843246569902,-1.7440715224725651,-1.583490869756837,0.539322640017899,0.10156963405698537,0.7029649005813323,2.84335053555561,2.4857692926923627,1.9344742265140076,1.866228314659239,0.5286123380541341,-0.41781677396647393,-0.11311870019804078,-0.7382083027704335,-1.2013141901797628,-2.6579875872897025,-3.9251681179337936,-3.879564022756069
-5.301575408973974,-5.338046910017153,-5.6846849659120195,-5.345544202508172,-3.8368155606584935,-3.714898854972785,-4.526064373201096,-5.41461206230925,-3.4447715799224503,-3.0670662395067643,-2.5810108672218455,-3.9688888133256643,-3.2429880054584896,-3.072386023316705,-1.2885864791762793,-0.8397243420894186,-1.9794086380705422,-1.7419792630514728,-0.05361470195189647,-0.9067849235106465,-1.2606799909774122,-0.3651992577442494,0.6588465417327629,2.867532104370906,2.400999902686424,2.2302575491355157,2.089031528581671,1.3528275577161715,1.1053773811127299,-0.06079498593948639,-0.7266824997698513,-2.404094130865289,-3.3590453281954447,-3.5453791033463484
-5.442303662075812,-5.842033491237611,-5.083506755050222,-3.997512933211007,-5.2360907183796295,-3.948334105972823,-2.6679036007743817,-2.0643014095111263,-1.6706503675347886,-2.9748966075063645,-2.393934350932758,-1.3984631019682785,1.2905161614743565,0.33176474583507526,-0.46757617794970036,0.7837027471250481,0.3914936986278429,-0.025419891242651968,0.5773683605826679,0.5828770882531006,0.26860726442684174,0.6240200781540862,0.9023013842425641,1.9834788052071586,2.8820969764664137,2.804657147906481,2.383891222640506,1.469553486785745,1.7254153911299845,0.21389918238452935,-1.3922125799392677,-2.4902560220091825,-1.9288096065314417,-4.225521066886159
-5.819322468644757,-5.189747015698733,-4.160364475553343,-3.5488756546150557,-4.344375377856927,-1.9999300472607708,-1.0853620896466911,-1.3560197823399003,2.0648714639843635,-0.3995538955167405,2.683511448927633,-1.1572088271816148,1.182950380177645,3.0522530535977292,0.4995506793953084,0.2361399856513439,0.8176311221291966,1.2882250959549764,0.48994961675870286,2.1195253523812223,1.1720592989869385,1.842152524497725,-0.5848715696966588,2.057314624237798,1.7644049870840193,2.6569508525044503,2.730088668299201,2.3290884781887087,1.5603719941021288,-0.27446086119570695,-1.0560029093843766,-1.6727039361507747,-1.877374864238226,-4.735016928077876
-6.968855264481982,-5.639385241498256,-4.495649472274836,-2.6028524524808803,-2.6458200767800846,-1.2114442265886176,0.13248151962961302,-0.5160893421789166,-0.8173990298278768,4.733034686764441,0.9825453440130231,2.9238604048305543,3.1894429189895677,3.3447521475807553,1.8383851225173142,0.6397354537093327,1.0817890567462067,1.046833334152407,1.901899945650872,1.6361064302484787,1.5600580298532147,0.42991213744411017,-0.2607453102441866,-0.3110529072051648,1.0365088879143032,1.8556831442511876,1.6292803843069419,2.44130996904896,1.5178684654065948,0.0851907321319351,-0.22225466415572323,-0.7356780554301732,-1.066742567257273,-4.834339163582782
-7.373391103426501,-6.713968437116176,-4.190223568037107,-3.169343083399968,-1.627398138398774,-1.7183048497351265,-0.6484581040118031,-0.1618152555424868,2.643527908800958,1.9953283257888779,3.7423622068977043,5.718736607115729,3.9951651109811386,4.815490983274237,0.586488512720692,-0.2222835967408264,1.6112814147943832,1.9716437219912093,2.2466674000274307,2.3626856637852405,2.020703674096327,1.1336870058419999,0.895566456748078,0.602719135156819,-0.15322571627814993,1.0007813628265352,1.185076904107576,1.771200079423797,1.4556644961849847,-0.1566781418622145,0.7645732970317914,-0.8104612552926064,-1.447132080758577,-3.8105492394493883
-6.6981957051825445,-7.302295431113642,-5.620997971649465,-3.585751795123963,-3.89805051285286,-1.1152979600001836,3.275447275419799,-0.3152807947778975,4.216333717360202,5.1302688438265,6.74169561534244,6.238869930373142,0.6958508281019044,-1.8272817221889834,3.137168105149802,0.944746447385763,1.3098437756933916,1.523183209048174,2.223008252026618,1.9368091729835246,2.3524544531116156,2.334983892927166,1.013152575050878,0.109145111247028,0.10662226903271078,0.1204740578741138,1.4413549731224313,1.0367728312389648,1.3437258405410768,0.3956751191356252,1.4883076266643525,0.12880430936525764,-1.101607848948254,-3.1324286899426776
-7.120814925096031,-6.36628145496611,-6.530140950686565,-4.265110146204816,-4.506422570701248,-5.0800466722355075,-5.848988383943245,2.5534477995703435,-0.5788649477846598,0.7723948869003293,1.3825722428466896,5.695870309707116,4.095041072210498,1.5400685553348,1.3181593540728394,2.3005585037912466,0.8529956075099752,0.9482056458871162,1.7524565828577245,1.8417903832792826,0.9161654945145581,1.7835622961121549,1.062506343645472,0.2770423962607977,-0.3704223547516758,-0.5221412804544424,0.0203009100830246,0.37449286760187905,0.5732208737432365,1.383220490209956,0.9115326608585177,0.37420516676376364,-0.8404477413902571,-0.45262932910069203
-6.589127977324665,-7.34157524823435,-5.619522342593335,-5.630286147599828,-4.369500068647756,-4.657468434267576,-3.294339277216173,-0.39103121657343937,-2.9125436236828737,-0.7400868152630855,1.976257041507161,4.890503857045764,1.3320592811109406,2.3674010536773005,-0.2440623194197636,2.1750673695432035,2.3465877413508283,-0.11316727014584166,0.9048186921642919,0.7100437816159626,0.6414901044779213,0.8390284150069127,0.30792818314366455,-0.5546880397600901,-1.7882869394697034,-0.8368318230857639,-0.11346646053073182,0.8643667339436382,-0.1785911025464853,1.347664900263594,1.1883276815393418,1.8013213312739735,0.6986287985958733,2.3389775671271233
-5.721777095320888,-6.794994677022047,-6.59260499613216,-4.245080859992999,-5.073720799540754,-2.229419830403074,-1.406930065031846,3.1422790015630873,-2.312523615939903,3.834235205717212,5.089470130737647,6.04831852537202,1.1110026860369338,0.6493181596767907,-0.1294567267815323,-1.4919363590181385,1.3656263868756855,-0.19191840481963013,0.5685348455050229,-0.7435226504695397,1.4051007015789554,0.10127415382538611,0.5879551022573856,-1.079734967286901,-1.1415340851877895,-0.5692263743482018,0.049132871680058345,-0.2928726770187959,0.02407704302486753,1.0643490757369851,2.174501520404438,1.8044033284575023,2.3043388540948913,4.098358534740505
-5.463351945671841,-5.782840449157048,-6.745967838436442,-5.6531232982015505,-5.433088122880913,-4.306191085920922,-0.3252316514698205,-2.020279205451233,4.310094166205173,4.2706023358573,1.1113718937779236,1.5463302535662287,2.3000141490194297,0.5652832846776938,0.7889071075189721,0.39835494446796715,-1.7303430076424768,0.7243695425291014,2.5871006599168926,2.085969311555222,1.2068021623968554,-0.07724169777741076,0.15653607129825875,0.860660152590994,-0.7185122139244217,-0.6424006702638092,0.024698551021539263,-0.661860823148617,0.5982080155437586,1.075462358485526,2.4295094041820464,2.870224546505535,4.151141979206064,5.285443175717894
-4.158541337438428,-5.6375195163560194,-5.500319248580092,-5.710900422729896,-6.0261133623521745,-3.9139123538919303,1.6318691226489808,-1.5003321105190806,-4.437360766227126,3.59170852720036,3.841088923543163,3.328411560607171,2.382507495710759,2.6013922988868057,-0.0970239593423909,1.2248432816262922,1.0538214445988334,2.3989101313524515,1.1235726514694304,2.7402325149908653,1.8308590410357959,2.2759542494207814,0.6200975831268757,1.0849512164762285,-0.21676146881917424,0.12176427925200493,0.5494076078642008,-0.4558154336862422,0.11875364169769634,2.7473297286918825,4.978629939686426,5.168635566961493,6.239206553517151,6.602638689333253
-3.72577338820178,-3.2265750732305927,-4.110780988863586,-4.895588553208785,-5.79107054127181,-5.312059086573151,-1.3099021563698063,1.199268077670947,4.563352898001748,5.178784487114656,5.903052429180085,4.61705199514461,1.2197863798188686,5.520933766156354,0.12551472464446703,0.560161209700955,0.1639587989692268,2.036567892049049,2.0590526170062775,3.1657751799424245,2.0563540486365954,2.17651015809702,3.5792377817284833,1.5671037289867538,1.339510653239294,1.362983411284782,1.1890402280729513,0.323108684802598,0.6914335448120064,2.0979856061925988,4.922549721608987,6.657690480191892,7.564243960262747,7.660452908811581
-1.9227390884429558,-3.501865165750646,-3.5385079079613213,-2.8772687979745135,-4.000541207493254,-5.266614619018741,-0.6739157631544264,-2.0074740844853336,2.928122219589465,4.242926780852298,4.928211419357644,4.662521158952459,3.678962956064563,1.029098520772776,0.7154282691586406,0.07937267239833835,-0.4320364685027707,1.4121699912207866,2.51066323768333,3.439038864638091,3.865973527041222,2.8726924698027165,4.839563241835858,3.789544066164433,3.0516667764008583,2.6900802001658617,1.7754341583822821,0.9448930988909077,2.053243335914365,2.5935370803155395,4.518686514519243,7.235966399007271,8.215834711991805,9.00352827751134
-0.16259344369737228,-1.3213498503300558,-1.698910997676111,-3.245629972435501,-3.540025503932134,-3.422849586029908,-4.862234664535007,0.21215141404739796,3.1883298224454157,0.7056825125452184,4.052434345989465,5.738379832027663,0.5311027982743821,2.862755416331936,2.176590908816877,0.5887589306955318,0.8479329464634825,0.4683542033790616,1.6675495563622895,1.9896896847017138,3.1417294582258513,3.890659245909681,4.7296625158832555,3.636167780753089,4.36282215566336,4.720423462031624,3.20099939893274,2.056023845918835,2.231215558021152,3.5358727231371083,4.96831739365165,6.7450570621888915,8.371482395249076,10.176216807642206
-0.1136018325134139,-0.7467530049586593,-1.4373580965460129,-1.4980512116245341,-3.6184300388383104,-5.090310468415584,-2.9357375298983683,-0.6377108429147238,4.143807403634957,4.430062656726679,0.5564143895730181,3.38753002713679,4.232521123610052,4.819648517711759,2.326861113423406,2.504660293141616,3.5383309801003167,2.490006773131062,0.8014552486898716,1.9818285583050315,3.3350956910606437,2.800800045514737,3.8527543780842497,5.090917090985036,4.2357429219588605,3.8026203883590175,4.143841396919122,3.9971352626495427,3.4324209897793896,4.649324513548777,5.927102400426679,6.95478901179775,7.60123810718389,8.346326001247679
0.4217509706849396,0.49168134599293517,-0.4884060634286131,-1.4332021139924578,-2.3303449402365306,-3.829602657888772,-1.7648464237780312,-0.6197659433908009,2.011066110635736,-1.133990580889599,-0.23807261949827205,-0.41622569648104824,1.2765395671672695,2.2795313951405314,3.7287043381043796,4.792253538407056,4.627507061570509,6.543448409935296,4.9015308039485195,4.603257107276449,2.3581861539039966,2.9523460334677263,3.223303050778404,5.3795623163393556,4.71882699688935,4.539495820877262,4.1798011259264465,5.151613166752565,5.449450494643792,7.026918666431672,7.5139790484449085,7.656696988538565,6.7825766661007245,8.76481350815911
7.727707861342892,-0.6588872487677719,0.6382537600435481,-0.026778375400016083,-0.39265628006453873,-2.9368836041543003,-5.439815673068534,-0.827025427870891,0.8879843148451935,-0.4430839824648478,0.6071208333204136,-0.8770242926195104,-0.6686252795609254,1.0318111035180504,2.5841403907057034,4.352541625665388,7.479239099296265,8.904893423643436,8.263634941899506,7.579870165719863,5.967423644372874,2.7735089881782486,3.8440102415400506,6.207660051966687,6.662730678501251,8.297621169999116,7.14084613517433,7.727280533892571,8.170055099308831,8.129379062056735,8.314815112532308,7.414202283273036,9.170129037030708,10.35578904659834
