script/wind450m.json
{"header": {"parameterCategory": 2, "parameterNumber": 3, "lo1": 3.000054539987559, "la1": 64.9999836372058, "dx": 0.5, "dy": 0.25, "nx": 34, "ny": 52, "refTime": "2026-05-10T18:00:00.000Z"}, "data":
[rows 24 to 47 of 52, columns 0 to 33 of 34]
-3.0586929850570552,-2.468801591059079,-1.5389806116931564,-1.696422110839957,-2.058648518788075,-2.464327282770009,-1.7282014752167238,-3.5361707973744547,-4.146607106205977,-6.419068526243746,-4.687675318510969,-5.407161933522286,-4.540883557970132,3.8534331392007877,4.62266191914318,6.009001880552685,6.17524645575273,3.927279638192426,1.3744102150907356,0.7489858557721063,0.8435476428225737,4.248980882453433,4.655806668764771,2.8764160040791187,4.293548340688796,3.5301356007715357,3.0787334015091967,3.217427941982073,1.292569810240693,1.5512548629772482,12.702047329884692,11.833369934339864,15.138397822281588,14.588230875753087
-3.1884863930839598,-2.318641231050985,-1.4770756665907843,-2.9939429028895903,-1.815691935943028,-2.686406067053048,-3.316638730639238,-5.065632115181251,-5.177617016777743,-4.659282236783041,-4.996936441305309,-3.473167341572939,-4.128920751379976,5.2557887386870545,2.7714614083715197,5.207200816852049,5.9579315642824895,4.196113457014893,1.9544513127500789,1.7040801783175963,3.2824841550633117,3.4647477727134044,2.8689562839752836,2.376402937415119,1.9782660385707747,5.110413170946542,3.820684632761149,1.577269357494167,0.43009103486994715,1.4652498366831344,11.131180177699672,12.056744196443402,14.286482478672935,12.932643569468086
-1.4650249427531326,-0.9443334531401274,-1.6540010794778017,-3.2188734799530647,-1.9415761166894736,-3.067440236787181,-3.5015508341815895,-4.538323131894469,-4.764522833870673,-4.29564941217144,-3.955223469372137,-4.160356732743376,-2.2837645683778547,-1.3613785466688046,2.4634138354601336,4.957410420413642,5.542925317556154,3.685269048064373,2.5241982349797563,2.6082362615138326,2.942890687668919,3.06838674988526,2.9427342165633648,2.7671406709743622,2.4320559440139577,3.5427479564755324,1.6398362968686477,3.1231302470331355,1.2564906288307212,-0.12024834280256527,12.753786937732977,13.115889615116625,13.206851790542641,9.455178177445095
-0.9399520158132453,-1.4476759744690741,-2.4191199358813944,-2.2762051920174344,-2.5138403121107324,-2.8760298074694908,-4.268358524947386,-4.348512280514056,-4.164518173013046,-4.121317987488827,-4.4024702462160334,-2.8510279624233426,-2.1848429799893725,-1.6482256477945678,-0.41228116205640947,2.3088468149403405,5.006122434166777,3.6608945280529896,2.4417956027663945,2.3465471495228303,2.978530744295825,4.0007538239007765,3.345700362858582,3.4267381440499953,3.0011467682053334,2.436768131895737,2.414296308767617,0.2985751909946012,1.818354252463199,9.545658638626563,12.201869568724204,12.342754455959762,9.41878277899107,12.08997302271427
-0.523486534638774,-1.441897320220396,-1.9127639205048321,-2.038632968554164,-2.364713823606764,-2.6756583630850614,-3.735494943459886,-4.940800620876516,-5.381268386163924,-3.9132097412507996,-4.011141670597305,-4.395929601385257,-3.165285426561855,-1.7109626802195237,-0.192432203801305,3.3432226472333273,3.3276750395862917,2.3911974711629016,2.0367500494853066,2.305104553638768,3.829045512838501,3.0250179920332525,2.3592715038734156,1.729685778700718,3.829609390638137,-0.011851260173033078,3.5251981315946868,1.986736953350128,5.245703570254489,9.627245952584131,12.833191742355215,11.617218859430688,7.69826812946521,11.450406440351566
-1.3912559964811197,-2.5766124233181724,-1.222338088976188,-1.894618034179024,-2.421100753737357,-2.9133059053547004,-2.9397837742624873,-4.412600597696207,-5.452331342292879,-5.9497696743790165,-6.070063759982596,-4.643950602538042,-3.3985937794101417,-0.2559727105157961,1.6116759358007642,2.1126385222235307,2.0755144214977426,0.7016576300647371,1.1037668413212656,2.0374637285428614,2.964756674720969,2.654213346642424,3.036575013852905,3.171143014292151,2.698129837789856,3.736500789505515,6.048106108964498,3.7165695147798674,7.393441911371686,6.991644857385573,12.830681497427667,10.43720436259337,10.718188498135328,11.208729920668388
-0.6420100755334485,-2.0641264695849166,-1.694553880637956,-1.5067843690633083,-0.18952745317839526,-1.8917783521617546,-3.2871340825966966,-4.406939516694684,-5.312333952032824,-5.826172712011894,-6.670986561959637,-5.73708925995494,-3.7477762647731563,-1.7463309676852685,0.30965188800200455,0.9976535954757225,1.0565667811387942,-0.10933017562576866,-0.9109598510515394,0.3636275329470794,0.8783754799190434,1.0304147853873256,1.6373473752537195,3.171801602598136,2.918746435831335,5.672873040677067,4.792438902945469,4.250944737755558,6.5242174509825785,6.665092722066326,12.482790248414766,12.725248678760122,11.32725154763384,10.371494295445787
-1.5533806526020717,-1.3937748257416525,-2.3152455517321973,-0.8994760681137809,-0.10676016703396014,-1.6793950709122234,-2.902727347557218,-4.62344662095392,-5.580666937526977,-6.232280227706364,-6.459309988718284,-5.793379634225844,-4.121907208057086,-2.0642559874121478,-0.91560601266458,-0.4831635630275729,-0.21316808950584948,-0.09294153305408044,-0.9594401858737651,0.4701999584945095,0.42507894842969773,2.2373799218699832,3.2717645070601056,1.7763346926985002,3.266125757290933,5.3157473588069735,4.309423581935881,4.169390560283393,4.5189457484851525,5.914196338837436,10.723710916350068,12.008333969955647,10.513326584427658,9.638472318838804
-1.0781133218529488,-1.474761217385631,-1.1096982432586142,-2.061538539942331,-0.7979682865493617,-2.1783043943375313,-3.437310800210173,-4.813235103311831,-6.112879979003064,-6.528967079170939,-6.2826242159554875,-5.433562020101167,-3.8434165468110657,-2.1462920117807824,-1.4652166840484142,-1.8733009725880234,-1.6433060393473173,-2.010886145265431,-1.8483375296819,-1.1806024129176644,0.029210422663491702,1.9463951206580066,1.6578773036178198,-0.04078863172136027,5.267695369155346,3.9001980235500726,3.5749630389622924,4.809833348194465,4.425758887881239,4.637736290578615,9.950740147688279,10.674338706781324,9.875367044227266,9.23544795754798
-0.6186860518820109,-1.3468064916552798,-1.104663568081854,-2.7519536757963983,-1.7680329843814213,-2.8357315221339907,-4.28569950236669,-5.820625155673458,-6.42076730826542,-6.210772452267933,-6.008366191869461,-4.892816280079577,-3.246404655502975,-2.423499565555436,-1.6329620873131248,-1.9815869143907974,-3.217220604152351,-3.1694939208876463,-2.3028347484986282,-2.0701867078607887,-0.11857696871609234,0.42249238264975353,-0.23257459222011914,3.6574008794791832,4.301590154770718,3.9418433991123294,4.1628166974396885,4.24426547326689,1.1587863861928454,6.86717521173104,8.48528197126177,9.384572561386955,9.383206601474416,7.7131641870210155
-1.1293372826051848,-1.6239230656383041,-2.0863235053547657,-2.8951717351322155,-2.6119590877567176,-3.883219189160969,-5.154443384590889,-5.805968004845261,-6.138428838111019,-6.061822094423132,-5.403745327717566,-4.347092671285743,-3.3419482820249575,-3.17188485105841,-2.902466674366992,-3.245938676613168,-3.4207150262006065,-2.9332339859942596,-2.6227875982772213,-0.8032330498158587,-2.016519128849405,-1.4654555687495783,-0.2872812083348502,0.8458972967836317,2.685953244751431,1.790609973356038,2.937820198347947,1.235810182549896,2.1422026174207667,6.660294203690307,7.68977911389648,7.4755904845296035,7.08489963885033,6.7330391774472265
-1.8712238321201908,-2.6828569275792393,-2.963228021652242,-3.173637419531427,-3.000377542734291,-4.189707013489481,-4.739038924481341,-5.679219756915432,-5.936257415494727,-6.0691920546479095,-5.538343496349142,-4.5121255011079295,-3.9624815298933598,-4.516651474766333,-3.9878707349867057,-4.047035119223898,-0.1771148729575287,-3.940096571698624,-2.980414147258066,-3.2698773636881207,-2.4596797961632095,-3.2192874411181984,-0.9204982473373257,-0.7954434716016807,2.512589905580531,-1.4500022778614894,1.063675469242127,0.20830021041905372,1.31132187022413,3.767520600645484,5.7397065333493655,4.947073207560782,6.333362560689882,6.07157483416876
-2.7967471924071665,-3.4454013464043034,-3.513025121555638,-3.747258339947699,-3.721175053537794,-4.039078596306299,-4.851975149281091,-5.4698005885201,-6.0681929571576125,-6.11441556014508,-5.712721043525032,-4.980753415772317,-4.7660985623610115,-4.981949227599629,-5.189086078821297,-4.3753803234093205,-4.670944190812561,-0.12906639666002134,-2.393392400083592,-2.7600301368382834,-2.694020484919108,-2.3927025838979166,-1.0439256473090701,-1.9514851408232918,-2.1645919961868545,-1.1096551705524695,1.3944839424980935,0.5010591133609543,2.748498322249228,4.262562834989064,5.317827525813497,4.380571613513713,6.059922715193406,3.9534442938898513
-3.5615356427181295,-3.327800400418695,-3.1031325353333736,-3.5907730713095543,-3.3890201704443683,-4.225463044171786,-5.021482879152881,-5.765636105436582,-6.0425087874071215,-5.775487088334737,-5.837429823578724,-6.1157484741208,-5.816686344396003,-5.339953045816103,-5.286495050805489,-4.668574922914801,-4.992489937108113,-2.851384254230798,-3.4267915479802697,-3.2992031950144702,-3.6922864598447953,-1.5254000511717563,-0.32994870880766247,-0.9001710086344923,-1.763147938368004,0.720590632324039,-0.6320798114719021,1.31156770909398,3.5149896119722612,3.7875612413231834,4.303450402359286,4.470647049491605,4.240996051932881,3.3487267138003114
-3.2203228725088673,-2.9376296838934586,-3.2809118959573276,-3.807563884485378,-4.430787355550784,-4.786604294054771,-5.175538830397566,-5.622366788468962,-5.77182816414001,-5.907125788491971,-7.272946771925898,-7.4668076347936845,-6.427750332954656,-5.851569924881666,-5.123436301084852,-5.9468887907222205,-4.323993967747937,-3.396588077235161,-5.190730227115626,-3.879025372520725,-2.402609620980613,1.3167834209294715,0.2030623398992021,0.829307877303545,0.17184492326526232,1.1172035061134686,1.0622506450148215,1.5909325100541412,0.7056286850875926,2.318449442041051,3.389959921816383,3.148989871493553,2.5220380425967583,2.1129107239634726
-2.795117157820774,-3.9673010376026814,-3.999482985133964,-4.530405886357761,-4.710575344588191,-4.978193642516982,-5.248143656230146,-5.605875358456892,-5.941168707213971,-7.554482420418072,-8.537683445710362,-8.220990554650413,-7.641157756692391,-6.775688252326095,-5.395964318640612,-4.4590009730801805,-4.623479900382772,-4.008291427295226,-5.052426095451311,-5.644114763790558,-0.809789034967898,0.9313044704770174,1.1886534539279112,0.9431953047567321,0.27450879659570726,-0.3265821543857531,2.468681329165322,0.14322687073899404,0.4624449810774199,1.9757144489922946,4.9648692205102,2.5106742830367446,1.7696021290830073,0.5297644828124033
-3.7508333159217866,-4.618343108221108,-4.27106125368023,-4.592730633771938,-4.909885926445727,-5.038038872853083,-5.242641706184709,-5.762653531352386,-7.618946187618963,-8.915481948466237,-9.363594745620995,-9.835698532977244,-8.10834434243954,-6.708078726811028,-5.785259688826411,-1.9825494765465816,-3.323559224714448,-0.5459132937529481,-3.400259262344856,-1.216248580087812,0.7870837255804082,1.9742768533771686,1.3047361318479094,-0.431043280548309,-0.39451472042109015,-0.2512993186001588,-2.3058833875809146,0.004709598335337652,-2.23442813118355,0.7337014257175757,3.03665779975982,2.287191650306777,0.40408429552202113,0.5752779468575611
-4.342902963684018,-4.544914632866273,-4.603799554427365,-5.065849579327354,-5.202550961146535,-5.1774413736942275,-5.960386774629584,-7.583333657659984,-8.810808847689753,-9.256299339363524,-10.00868321814077,-10.145791231291087,-8.384619780620303,-6.860066119639655,-3.5685755618760284,-3.0840611521253116,-2.0449004570682385,-2.1074779541693576,-1.4022988150967342,-1.4718507056137995,-0.4195387100280434,0.43243373746884617,-0.27308927781303444,0.5016056364375111,-0.5303238413781153,0.4057317955119316,-1.4477679597990636,-0.9897263183312448,-2.9121738843896843,-1.4068899948756732,7.383850193874581,3.123430668012634,2.161892331026917,4.650215375522602
-4.797362002282882,-5.093050504682701,-5.278974165446471,-5.335168893767743,-5.515263895916248,-6.321183488191204,-7.861926457258517,-8.673098225088776,-8.980273573812514,-9.593244788528827,-10.632628078280398,-10.517944889082855,-9.126143854404365,-7.539157231580253,-2.7984848378566,-1.7932151440322037,-3.2931753081343507,-2.2935947467078774,-1.6477292621106339,-0.4580283502314116,-2.9486552333113574,-0.39430158617524264,-0.997073646583364,0.5022507909882477,-1.466759749555046,-0.1561968756401685,-3.4550782094980965,-3.984400140015647,-3.1807121719895415,2.8181067522041787,4.9895048604340095,5.527976006540212,5.417003468288534,4.718685744572005
-4.951845398269025,-5.4361355403704605,-5.9904685104630975,-6.145567717032954,-6.772840760231173,-7.8502204115682765,-8.26703637434026,-8.624785271799567,-9.195122314589911,-10.348711439473059,-11.102715238698286,-10.883876487247088,-10.025582513091454,-7.793590943485887,-2.263216153003128,-4.011205515859523,-4.4440495167439025,-4.330117055291832,-0.8503167634269494,-2.4857497864908153,-3.262775904282947,-0.785695100287044,-1.3860985119731697,-0.5864445542436109,-3.551894617480873,-1.4759664522915268,-3.9540939832726414,2.965167874376223,1.9527223300386733,4.0044983186752985,5.308518181551369,4.453574298924756,4.600105582047237,5.210638828803589
-5.7943703580480985,-6.175946244949607,-6.834270760923982,-7.188976860552847,-7.675134040313737,-8.155974276741803,-8.329640724452778,-9.014670946241734,-10.035141150587766,-10.600036272629412,-11.0823829076994,-11.923440850209463,-9.690822771668937,-8.10819744811126,-3.0897556249229763,-5.7296508940226465,-5.5121354317099165,-3.5526965249941216,-3.0150809143480477,-2.5672223277455406,-1.7244061561726105,-0.663060928274182,-1.3473487798948145,-1.9921080585336723,-1.5526010522224973,-2.8002949197104066,-2.0648272114940966,2.4826955999959557,4.896414126693254,6.541559552012675,5.811559854961458,5.8407329412553235,4.572816162742542,7.896651109650527
-6.134598531678676,-7.0864725266489295,-7.569143662363349,-8.059560349773239,-7.965664870497208,-8.499910443640326,-8.77357690310432,-9.317086605360386,-9.79538025100888,-9.942878377510066,-12.111144039647495,-12.22782124447669,-9.029302811699987,-6.783145801072338,-6.841679768776373,-6.244442936530899,-5.619127878785458,-1.6298326694391927,-3.6489359217171597,-2.1649634732825076,-2.25100135438954,-1.8667247817077723,-1.7980957288416515,-2.006466712224494,-1.9865901105073809,-0.8383041546329696,2.9232084495776527,5.154033934258714,5.913741681222509,5.07140454490669,5.840398766224271,3.7786084826697075,6.3944418747473994,6.487959633440523
-7.880214852907825,-8.153221684237742,-8.451096963085329,-8.242212097772558,-8.585668428577558,-8.486132870652243,-8.82719195803246,-8.973896775400972,-9.7168562235529,-10.270315739398132,-10.973831702920323,-11.453088661186882,-9.29048960002295,-7.988688899268174,-7.247735532172842,-6.76088304674714,-3.8279835650881053,-3.1444282248093307,-1.2982118373084246,-1.218483427789834,-2.5087205142578823,-2.5975654180082297,-2.47417486617453,-2.3727351203677616,-0.6118303005619096,2.368900021313491,2.112477738009956,4.756061196036089,5.361845523182777,6.942254132566759,5.7225477982393365,5.5287574274780615,4.988734780604592,4.746162720639798
-8.368669657402073,-8.527557889997217,-8.355052497837177,-8.743025749361767,-8.750696931752318,-8.650895810877708,-8.676062858362696,-8.685749761495138,-9.413145010412295,-10.191107943167031,-10.546307095236022,-11.773018044069447,-9.98329359898952,-7.882352601372138,-7.955519264869598,-5.413842588779534,-2.5361916883689792,-1.5766758068502162,-1.123657168238939,-1.658230912088232,-2.4169925004926176,-2.5672637969513277,-2.786941964630335,-1.9529999437666061,2.6024155687579076,2.704581474355012,2.9053403538875804,6.536819611783201,4.411431912179857,6.8194142146000765,5.4387508354253455,4.591160093810472,6.464950609544552,3.646161047685129
