script/wind450m.json
{"header": {"parameterCategory": 2, "parameterNumber": 3, "lo1": 3.000054539987559, "la1": 64.9999836372058, "dx": 0.5, "dy": 0.25, "nx": 34, "ny": 52, "refTime": "2026-01-15T00:00:00.000Z"}, "data":
[rows 0 to 23 of 52, columns 0 to 33 of 34]
4.5889993314521265,5.308705829229476,6.52982376504078,8.142069408693244,11.315156023927845,12.87142812378441,13.699423783458236,13.457493322585972,11.949432338513006,13.792096855436574,13.595746676025714,14.373054226818079,12.203077729934593,14.014528402050283,13.982723558541492,13.973423166924306,12.253173302021965,14.735637287897013,13.371780280949132,11.673687207823797,11.726491477569395,8.741478906497035,10.303614193599842,14.882224504649242,10.843262937289781,6.712637205206196,8.399377331709877,13.027394902231757,9.684530850795218,11.921828647201055,11.833119721938852,11.568349511292435,9.480756499850909,7.777570172281498
5.759883205841873,6.389223014690144,7.263955765768157,8.712825006692311,10.181160704457614,11.87700664844115,12.589868704245887,12.538927643920353,12.500848763870989,12.26280618414896,11.845658925911495,13.293830110034975,14.105960109859227,13.961764434296027,12.654215557472543,12.272643344619713,11.81928226202529,12.851652685121168,7.257444751684852,10.393279800613163,13.352605724493587,11.523468222934182,10.86791723454784,11.806773919641042,6.539095753929917,7.310361933654681,7.404478707177833,7.960127299956626,10.920635579436302,13.31655387170977,9.131119378067808,11.078781931675376,10.471922451499633,8.251997540578197
6.957055534797304,7.112815098792509,6.868291451153652,7.6435956531223335,9.553149428365673,11.685000086291636,11.802855352197625,12.011709569989332,11.702757600816394,12.013019688593717,12.055764810223598,13.5153176057867,13.275190857524708,13.531381507763992,12.831118457819395,11.414832711480866,8.987688470229799,11.376109397810952,2.911757979573426,11.691765615531757,9.97877872653704,9.888563489924154,8.072568941011752,12.19331058782693,8.618731061671308,8.08081526670252,9.617770270931599,8.217152586173947,9.441135402982106,12.829432006374134,15.158277225544095,11.819237147972666,10.350279157284415,9.951357235267524
7.518889427046828,7.6724588132092215,8.98181838766639,9.821463055844484,10.313347636957737,10.88074889102883,12.497575898894198,12.682308381941887,11.97209676492755,12.242089742900983,12.00935264631822,12.326016875594165,10.873827927741864,11.927150275320393,10.206183789771517,7.828157640131634,8.295708274333094,7.456501504913706,6.3089722811813695,7.017005259268581,11.381941100450112,12.34998217254466,11.75596639745411,8.56191775060481,8.48549767725917,8.500041738407447,7.806943488505229,8.778763567242123,11.83789124967404,8.397181855120165,7.834813494169262,11.846028519691238,11.596795118473684,10.655412618248649
7.526370672715418,8.044414116497823,8.445129541747523,8.851352127200597,10.631252596362,10.491249158383873,11.522407095674454,11.779945761160787,11.551707735557583,11.58651502868604,12.406167355890515,11.839691061698396,10.482479461437014,9.976231295281158,9.245412629264722,5.350360632713774,6.208884802249376,4.990034554377389,5.574108001904924,6.054380148811307,7.515206845921767,9.350477924733685,8.955351004038855,10.447428085087859,8.164766346195755,9.249300308596958,9.885380420847559,9.71108901241168,9.082900768734214,11.419219653103838,10.085603921104905,12.528731119904872,8.831226984544832,9.292408979581753
8.44316908573408,8.885480532972359,9.107544895210559,9.470704175947064,9.820976455188893,9.951608061780915,9.731430212016573,10.387494367163505,11.293068548795707,12.777620093408423,11.982485267251283,10.258451245446354,9.608952846801042,8.398344198448232,6.846741700029424,5.281226232633959,2.910055401540068,1.28790381417238,1.7027873773326598,6.733113972244467,7.106064499139977,7.935148229684765,7.582536044197941,7.0902510968609676,6.920467219187243,6.379524089328843,7.039847758730705,7.566157092278015,7.764783000942763,9.882610190812887,11.020348448232921,9.814657056946919,8.162535828608133,8.819533574562875
8.69036361706311,9.234638489343222,9.41162596523882,9.508332395553532,9.902199409960925,9.778531673261712,9.90539837025739,13.035484864617843,12.14352759900029,12.649550338538404,11.369207713454385,9.389905070766783,7.389604558812342,6.053583663306236,5.162968827146187,3.599139706257921,3.115988320231194,2.0399143081634863,-1.4361949513719166,3.647584971996499,3.434870782053654,6.062765722772813,6.518296541806927,7.836215951675757,9.207915755831511,7.259963555400282,7.480922786413005,7.884752327872513,9.298124130454944,8.557029166430903,9.292873529633765,9.460285008670466,7.158971352302025,6.704335337745211
9.581987020395813,9.962295500839804,10.741578473939837,10.770764560805883,11.493787878985115,11.239381080085126,12.623418193474594,13.209196083304183,11.551705729665011,11.726421003852264,9.61564767291427,9.088900737823517,7.279004143871079,4.539959593470644,2.670896346846034,2.4189259049286793,3.3694465486500236,-2.0638663916365907,-2.837945608215925,3.639903364389409,2.2603294623202537,2.7172176996642468,6.001237258103239,6.272715430235999,7.054419156275322,7.211715375302262,7.40838887045281,8.058480559665796,7.352624619921377,8.593638748536856,9.679452368255093,9.909220323119184,11.10771860200567,12.161676048184438
9.804494064865123,10.145552002528984,10.425523678093121,10.883066797725178,11.199334151967816,13.585676553798502,13.339031611233608,11.635830908360468,12.269696365268306,11.633339265412111,9.593481774871485,5.352526987318093,3.119710071631038,1.7523104820204167,1.4509887518054918,4.7444083137702515,1.0004239615816892,-1.485629528515509,-0.8692008543189735,-3.724321262566074,-1.6913707651658834,1.8243588990256852,3.4505582558686663,4.501735903149205,5.359164186704779,6.830222318602708,6.4781031093126025,4.651638548434495,7.1853384198981445,8.499567469486566,11.605602669118122,14.228009494558098,14.418327156581654,13.940456844396133
10.141374098123187,10.453499128501145,10.858971121583988,11.384017874334791,11.778326270826193,12.24726070567335,13.021081135578179,13.066839662480646,12.426404925413634,9.216518881091885,6.790453229370427,6.606226767617672,1.9466425069004345,1.9235825905482014,3.4336229300802947,2.132349677613186,0.4350243163529941,-2.7244712380505014,-3.515186358182067,-2.8162896013646512,0.7282202175779241,0.4293016179303963,0.7241998026003169,3.0376070078659123,3.1304897957608926,4.990649210883246,6.087026599391069,7.733347671150144,10.031072834903703,10.32789037118832,14.158174670547968,15.738117310163162,15.48143338429816,14.96259078155139
10.59850043125203,10.913654068743808,11.903550659037876,12.461346953724982,14.00764251019706,14.821552037273449,13.241782952681922,12.083219752442027,12.992319837684917,10.909846341710493,9.997968334417234,6.477625468776456,3.669286448685047,2.239686303180879,2.3823502377433314,1.291774647054716,1.228180479596915,-0.2384915206645587,-4.644961469634076,-1.1412082391653722,-0.03973891968249729,-0.06216311282739488,-0.5328258202178514,1.2353016107840535,1.8757458918875534,4.1203904423737985,3.535266583045901,6.049134519322168,8.01168361933439,12.165763324813891,15.49654298566434,16.40640123732135,16.09466998628885,15.844728930850016
12.005935238210096,12.422588646222263,12.525445868800489,14.166222935671735,16.134004661114577,13.324690487232179,14.140416589662248,9.48186638512587,9.983746867166403,9.190579749412759,8.072246187258472,4.8072483262991605,4.112763744121373,3.2349980688541944,-0.40264650461287144,1.2290528602672743,-0.7678686345164115,-4.335368276402385,-2.6868418462230395,-2.5966513628220516,-1.322735194383764,-0.14789120950812598,-0.06159757434506054,-0.7688939452116534,1.390542848925497,2.111733825178682,2.9247986251452356,4.87616986678009,7.806175451497862,13.555357216729139,15.598721361723475,16.90950363702158,17.077046823732246,16.429985844473144
13.02935325838138,13.016881908363802,14.566725755774838,17.02124687124418,17.59840292035803,14.665288120065231,9.927737534590676,6.218876240013594,11.319737241269438,5.41471182408607,5.121041946970717,6.231266968841912,3.45504641290044,2.136612002512421,-0.014459760973826523,-1.1288624893574981,-1.425297286578823,-0.134545928377401,-1.5283923198632512,-1.8502977353099632,-1.0731328704556746,-1.0280511270699058,-1.873969355284764,-1.5328626407811963,-0.1173235969760062,0.04394081149401393,2.109978484779302,1.7916640576053025,6.395157168557787,12.774572242649661,16.166618411419837,17.302880062144503,17.96488452508871,17.21995144104003
14.268816028192246,15.100663478021321,15.737364785105063,15.630720489212349,17.219640694988367,15.529507980197646,11.894754259190332,10.674733522739336,8.500274824607393,7.318779448656388,7.059598194553474,5.412482305749259,1.6943272294865452,-1.5162622678302966,-1.988756340529609,-1.679207177730304,-0.2945424076774808,-0.4894926342063134,-1.9182392347587411,-1.783286245619266,-0.12768363957749715,-0.7180942880640026,-1.8891694035734583,-3.3902862835786522,-0.6368721360865656,-1.61143469828351,0.5564001042487254,2.925755745418939,4.403565620318901,9.61354305881689,16.90475536380358,17.861639213540972,18.79827280697717,18.79221989120588
14.547515647110314,15.098880548296457,15.636311439383803,16.02402916588752,16.45442825392766,12.04766450776113,5.694131380377834,6.944196444442232,3.804141570913287,4.094086761158003,3.8155810281599276,1.9005531948493775,1.4388512381365035,-0.839452138493225,-0.9831685860787815,-0.4877649815907603,-1.9480580058797035,-0.7915512247805426,-0.8648028755494874,-1.1311311793667258,-0.7774737424581433,-1.0110601176073801,-1.1761911094434065,-2.1217022068163383,-2.340581408027804,-1.6710095553723743,-0.018732356771889537,0.1918657026436481,3.977472738407772,7.10015120014579,13.068351780555902,18.03574234613186,18.663128989214492,19.291059238620733
15.014909255329714,15.521130505777945,15.334240177632385,15.51465012020199,15.848779841573894,11.105847657515342,8.257033104122138,3.0582913239346934,2.743753001395517,2.0850175467723173,2.5311186247312993,0.8871152750951122,-1.1619162632431186,-1.6667334676035133,-1.1467872047060057,0.07876652332409693,-0.24183157477255476,0.9019493012920206,-0.008588891966834529,1.3396511306782213,-2.8726411849722817,-0.8054609806397087,-2.231992844288309,-2.2372451981013284,-1.4958589787601726,-1.4164622982476391,-2.507690757440046,0.2350660243284345,2.4000244025779907,5.245948915784126,9.556092346771816,18.25286556384227,17.783825012671368,19.03449489422846
14.549659906296153,14.295996106864708,14.434915210581165,15.004577419809422,13.953285146285081,12.845272881717735,10.2372434846288,9.208864371831266,5.6396013202257675,5.155004245561527,0.5097124039269569,2.2894925420784107,-0.3676321598675697,-3.3248439965003183,-2.494076885601526,-1.9260318594067172,-0.9857835478333729,-0.14251692183351225,0.8746405820282723,1.3304424816758629,-0.5989281653616076,-2.5639649657913837,-1.8293797608874902,-1.9384791734958338,-2.3386716845764575,-1.4623746274267124,-1.0622746412987718,-1.520338828859311,1.438810238898154,4.341529092047467,7.294521573001854,12.993858606751092,18.409300842275304,18.152926693332677
13.956428647589115,13.908205638313994,14.713258965715218,14.343105120922502,15.268528488082788,10.938042652857671,9.509775142220072,5.734883968373129,7.7241645279579,3.7280336393837517,2.5418677374882317,-0.7029391385722285,0.6155028358740211,-2.8562061541384334,-1.9431284546411596,-2.957090679791765,-0.509701323212221,-0.3693440083368523,-0.015477966355997968,-0.26843578221014125,-0.8827311336293314,-1.480655719520264,-1.4561916004116906,-1.0958433403396766,-2.4919018169807363,-2.2416170462478764,-2.556104499250148,-1.2043676758914401,0.6664850395278545,3.426773049880197,6.817003216615822,9.113586767473528,20.000102192353236,18.043241556930973
13.594504229816387,13.240719170041285,14.030259869945642,14.2128874477389,13.976714961121434,12.563183547625425,8.820597150877898,6.758563868052368,2.67992584115613,4.058417613828744,3.237815532964487,1.8888825951404085,-0.16120801487932665,-0.6307896642776986,-1.9448824117650365,-1.4676789186375283,-2.034591015384812,-0.6426042819672021,-0.2530354075733765,-0.7439142574426774,-0.75123055832659,-1.4914009029502675,-0.21656197620893697,0.399936947100422,0.507689455891498,-2.072733156292926,-2.388443263486288,-1.7428942235283538,-0.4192356893870593,3.58962835181893,6.078606405241715,8.543488677145278,13.453516316867395,18.344238389362395
13.22204549335928,13.71420510490665,14.117336769689286,14.26183398024663,13.535621758025647,12.475410658913624,6.7062749884259265,4.649225141296051,6.955333673248834,5.633002663837498,2.8009625921378625,1.3569779023740483,-1.72940818099055,-0.20354298933304169,-0.9767836503842156,-2.137507043236877,0.3414559177522704,-0.7724750235339263,0.326216489275123,-0.9114357322666913,-0.5110403399281077,-0.8904036647997284,-0.43221060725223437,0.687490267941677,0.3178125507643312,0.10349015404284252,0.01721737056666428,-1.1132676230624239,1.7371091313566671,4.252049537047728,5.706172863358047,6.661756801096945,6.482086914442211,16.74391456004776
14.02902088888456,13.603780807423382,13.788602956380075,13.339270575968394,13.365736818068612,13.41230703749759,11.503775799208276,9.053121731729654,7.537152462302555,5.0728699175369965,4.152857911723689,1.0475487070270761,-1.1042625754201076,-0.36800340419437616,2.240854058022975,-0.02528392177849891,0.4540893782681542,-1.3895290846316042,-0.5719825557438326,-0.681183061017158,-1.6571442679496695,-2.0638807760455227,-3.1767462399097175,-0.8917483963952735,0.6488772329144962,0.797390548346089,0.13051138608246396,-0.08862879838364308,1.8367836543351839,4.665873803927286,4.752094316500627,4.665542739201359,4.085441891691659,14.338296469957347
14.211458739607522,14.021397238879809,13.685456606784093,13.212787546121117,13.213755023242644,12.500273534665222,10.40536662564477,8.536870699741973,7.948101793793688,4.61295538587875,4.361501317350712,-0.042085254498222445,-0.5532913114743687,-3.108356155304829,1.1570714887324993,2.331399978882538,1.9640463792567786,0.10802188474574888,-0.1861854077945388,-0.34193241686780346,-0.5146162180648305,-2.0035828655955257,-2.864362320159706,-2.753038732925175,-2.2786564317255897,-1.5084530196768673,-0.633695474298833,-0.47950089956815983,0.7322727227758989,3.0525946462750873,3.038972116645732,4.450569888088043,3.760510544887666,5.213045274574035
13.861267620061007,13.716352005971014,13.909116365316022,13.482674142523273,13.295506370941444,12.764371888553288,10.123493262242334,9.23840597459431,7.591970987132836,5.995573165449951,4.453338081157685,1.969276024167851,1.0204086988072831,-1.7309009263632051,-2.715694157867694,0.6168880591377994,2.3679185738046447,1.0777240887355346,0.9237076390143184,0.3815786676726443,-1.2971008627661578,-1.5647550432691704,-2.605797825282986,-2.688258123197064,-2.1071618890179056,-3.011759362602053,-2.4362108308173194,-0.4566336460587752,0.9351932489419247,1.2843089192253938,3.174318970870512,3.586990440663484,2.552384368828317,3.9500103239072706
14.250741026358313,13.629182386120304,13.673546005025846,13.573948738187246,12.657075474664722,11.864467166769792,12.182145521331616,8.727154487656936,8.724643321114831,5.798585998936322,4.578840137571965,2.869294731492804,0.5950166967623931,-1.0276195766365306,-0.38287573132425406,0.3366253645783248,2.687420921801123,2.7733054997000326,1.2428796254832088,0.6068772724612096,-0.5816410174447193,-1.1106799357181982,2.114757402835667,1.2226659036261385,-0.36313841771592265,-0.8224063599326721,-1.069731510281496,-0.47258220141030227,0.554288870062623,1.3475970760587297,0.7961340535033049,1.1681260956964445,3.060549248544627,5.066707396555093
