script/wind10m.json
{"header": {"parameterCategory": 2, "parameterNumber": 3, "lo1": 3.000054539987559, "la1": 64.9999836372058, "dx": 0.5, "dy": 0.25, "nx": 34, "ny": 52, "refTime": "2025-12-10T23:00:00.000Z"}, "data":
[rows 25 to 49 of 52, columns 0 to 33 of 34]
7.56012170608812,7.465827490016825,7.190083811112227,7.005677061135071,6.2767832686868,5.223266087773877,2.4296102004883173,2.4225771204350566,1.9800446920718535,1.7522355804012066,1.6284453906335328,0.6918364109922944,1.428004457742263,6.49766860890461,7.4904899155881495,7.067701962045966,6.827368577494025,2.7911002084575487,2.559588136675521,2.4489479424115577,7.599085550943709,9.1853207306299,3.3768440571937766,2.7640183325795733,2.726521786013491,2.1645239271314267,2.0061837319353106,1.605619703704342,1.647643742520582,1.9417480755844363,4.217112033860422,4.262502243228634,4.310093148268634,4.1981992662743846
8.476297630151423,7.351305850694619,6.530727523051477,6.5713528409746305,5.202706644488434,4.975533147592916,2.7389099599764406,1.754775026674788,1.5246239533083814,1.5727613781198895,1.413368984013094,1.688488863583259,4.88707568755728,6.42711239754163,7.476177134263284,6.574563993415413,6.000745622461313,2.076091133026182,1.4138682385867944,6.165519432632513,4.287780848420379,4.690033886603526,3.8824876903536056,4.72373939653833,3.215714847802483,2.2642225532170195,2.87262170052669,2.7135493433499374,4.327661004200292,6.846762827218308,7.020172514039461,7.249588132572331,6.294283730234898,4.988939678076967
7.9498239965161925,6.948769328862074,6.697059807210799,6.495778923069043,6.404932243270947,5.462197315585843,4.365308410222039,1.790670403052122,1.0256984331842336,0.8615812955887756,1.2875312037501419,5.527788967437899,7.210219161784461,5.602216673259498,6.519444522681786,5.83360072116367,4.52801539410452,3.339231031259191,1.9378980309159661,1.7182478072243463,3.2041637797782165,3.278097026345877,3.124650231751696,7.366687849202026,2.704537219121837,2.0862380444491597,2.110480944177027,2.153594895923959,4.732369946572018,7.021004025787177,6.9632355550035525,6.639794753788979,6.248703609789252,5.487269736875631
7.374670204631246,6.758797031710948,6.560764830161056,6.221902080491421,5.857225110842333,5.223800653424287,4.58026040572171,3.6816417972540574,2.0525824341194756,0.421984634812012,3.122005545474418,5.0608373062530365,5.527442577935326,5.123796128176115,5.667156257582077,6.116621455766867,6.684453442503025,5.15576662789576,2.3846042626082045,3.5119750266259664,2.7851988091413316,2.125447652011891,0.9560259277420665,3.2825846085485395,2.439519827530297,2.1420205355772035,1.445856437992041,1.812609494695759,6.448372447052274,7.90694507294689,7.698424177685439,7.65934668167583,5.117341675905838,4.297920943944471
6.64952563481582,6.61297122700946,6.714167517408097,6.5312039071208465,6.104465223757039,5.017112625922084,4.027863677457071,3.430858732724548,3.629893051393593,3.770604082190419,3.848523797688842,4.222531860496215,4.934356139141023,4.5216343803141275,6.089602326140872,6.588789333654292,5.980241681224453,6.334853740944084,4.4980919463448314,3.4514873287904915,3.0862078958366332,2.362598501639891,2.1464589391174584,3.2384989154425408,2.716972932131222,2.2054144094468824,1.5393661218301744,1.4182043773313526,6.973299290042894,7.295606105210404,8.906649820661569,3.4880818319753706,3.1248764806079588,4.216177276942194
5.773923193114336,6.007357701225681,6.351628358541569,6.279386307190276,5.880019130437701,5.001067886382567,3.8830501360706147,3.2869056915424846,3.3744156209420155,3.3046243344674275,3.133062783249802,3.6039879693263597,4.109223375507847,5.478351881229955,3.7751667098717796,3.5736600348599814,6.15312856061599,5.858433447199271,3.379288749571862,3.129810862909355,2.480118302455155,2.5187947710942664,1.5959536525668032,1.638087804316646,2.398119792326501,2.28458893687013,2.0268428912832825,1.6456876974477372,6.268252032564827,7.708421128022172,8.22713886585482,2.2670248150566885,4.740519395799421,6.707748649082556
5.553792384476377,6.141644134920249,6.122149736002351,5.982769787854211,5.493181109255899,4.954895591069829,3.6245936732037336,2.877015936258257,3.4327920504327065,3.1660065790146437,3.3695515255049586,3.646994499353203,5.067015603769823,5.382902196898472,3.535348587747609,3.2709854740832562,3.339386321123696,7.044876801657466,6.635054842055103,3.1816611038076505,2.5374905201589364,2.7513265999624545,2.9398734199895777,2.3729191966340952,2.5360413005412368,2.1086398559858877,1.779816783099637,3.1896507170236386,2.1407885894496568,6.6507709817136025,6.993581655957182,2.9607421980531017,6.945303829567493,6.722311119768847
6.866310873674895,6.87024065574384,6.08474811052359,5.4467065185332455,5.049949863392834,4.7040609019246284,4.013820309390347,3.429706473176704,3.664380930833981,4.1625385898605005,4.605617720505047,1.9815833742175528,3.8705054471601428,4.802883185787287,3.341292279546234,6.051087219630013,6.609300818331594,7.743653599251026,7.421655769918435,3.410796922446761,2.918076115676662,2.045103697622422,3.11523915670407,2.4328315078103113,2.5176417135031715,2.0402721058978703,2.607855615071826,4.645445695920163,5.450899018709655,5.759769276793008,6.227994845137449,5.614182975312329,6.793306655710884,6.374323936519534
7.555367891608201,6.832869397629574,5.848834131520889,5.234580156129408,4.89239690269354,4.77301085020553,4.07646208557901,4.067468993511918,4.124172558488255,3.655615365047656,4.138919235717873,3.3159324294342634,2.6692912690471124,3.45917021165416,3.370005090945413,5.604292507504069,6.760759723743342,6.972287323008957,8.984762395526351,8.054379804612523,2.9335546249345095,1.988316403544686,2.3865591701664255,3.1016476879741335,2.0467973813968126,2.1010506005455323,1.82814461068287,5.236756882034588,5.362474882822846,5.6310445027120295,4.805000760060123,5.1677998584950045,5.408074418758107,5.242347647381687
7.629981209276067,7.047629185212384,6.187850360751868,6.1535185608750655,5.337404477384408,5.0513231246730745,4.55758719478316,3.894164291187195,4.136060645955807,3.798455752625952,4.120463899185669,3.1915162958649503,2.1497689796654664,2.26753980802327,3.2596411579221374,3.508114016059719,5.202478241803541,8.182353152329522,8.79458368854177,8.284794099537665,3.9030514802497542,1.502811677131489,1.577886757272509,2.535779562855205,2.1050464932722543,1.9716913009326984,1.90459874280518,3.1779589845642495,5.274210442348035,4.543988601761182,3.3961942979406023,2.994542137911982,4.128541736239388,4.417997113274636
7.563993142150427,7.576995685823865,6.787291203223533,6.848467069218224,6.454195926328699,5.665515497338068,4.326252587439614,4.2306621807848295,4.448543914617074,3.8359982870944194,3.501543920438462,2.5099343864582653,3.4686254237051126,2.823487077779737,2.3366694546684497,2.441658959025335,7.003842329462473,8.12939949134982,8.186463667942798,5.836083076413342,2.7719747486524757,1.4579860406371197,1.7697298908524117,1.8411965919182185,1.9243096142436533,2.2890023304452893,2.4286893368246893,3.800454328533745,5.42275935956527,4.844781108131331,3.602535854020797,3.312406176213031,4.117954558312703,3.763732319594177
7.636253111775185,7.305941456688044,7.708130554724157,6.89390360957103,6.1168358073557325,5.599366229910744,4.434239312121985,4.611889637631598,3.9491735764728992,3.607607835655777,3.82297469105399,3.3619037033004244,2.5540195344545014,2.041736674951102,2.7573011875737494,4.317674209466923,6.882471749689111,7.317922815292775,3.8799463826444143,2.7318003946454144,2.8791369941028306,1.5730582286263537,1.8857536356298923,3.0292378064537564,3.7303287090602746,6.1080457311382395,6.028496951910827,5.969983303215912,4.6965650651802715,3.9279424710105166,3.8833708892538032,3.449942357017392,4.596369343638709,4.588930587893018
8.0414262697017,8.10242721444335,7.886621255449652,7.312736436469169,6.596943702311929,5.34828926998537,4.716214703944771,4.398690628579783,3.601881207192166,3.234201468757524,3.840194476939121,2.8269665700951143,2.70966401574549,2.1207029231181926,2.9856015142802406,5.597944780105321,5.529657628871356,4.710580742048056,3.2647364870754565,2.524179876635033,3.5779462082387288,2.940036114260513,1.7203045233866319,3.5459218406315185,4.674937631277413,5.6057275870689764,5.113091307387331,4.7577187037770825,3.941978840169699,4.830385848152191,4.529158453930692,4.985483529463834,5.054261791076466,4.234649152285354
8.037054026605295,7.818969188777153,7.313991722891466,6.984927178695807,6.53122642499249,4.964606069963583,4.71986245136853,3.932770660509552,3.251095827303172,3.2825165928200417,3.3845530488558535,2.9817398292324295,3.3844306526209156,2.803431137480839,3.217390378538529,4.013538247882418,4.001948054652838,3.3058517871033093,2.6227491169957413,4.9699990395052245,3.776762579537894,3.236684407344148,3.4485506571380036,4.248383644782475,4.12480762481369,4.194352626704229,4.628506741498214,5.241496559795275,5.609707250308509,5.213241180281502,5.165238404530084,5.292254601929283,4.477375488074868,4.063220613638102
7.666525846313289,7.402724598469839,7.052593857677387,6.131300702734132,5.790698136490099,4.840811199787906,4.568315278326468,4.109550227477894,3.4587661091761843,3.40432124913803,3.7402767738347125,4.132294710803055,3.240781611437965,2.8453948193409957,3.2326693835174214,3.6293631775448882,4.185129106226374,2.9517910032348214,3.0598865846163275,3.675443072447567,4.52828259626484,7.2070769485603305,6.247329448018743,4.906394044437669,4.052939573740272,3.5150945119270687,5.320443394437478,5.687411284169144,5.089503143062599,5.093491694897533,5.432773921223027,5.173302157099919,4.934840767902902,4.880641678554467
7.672753928239094,7.134349095377178,6.390814705841453,5.792672125630837,5.28743218206308,4.634516269246852,4.070857156819328,3.9238482759444384,3.514031294668655,3.4534757856908334,3.888705106489417,4.3528622452776125,3.318998886823248,3.2494243394350733,3.8187261314517467,4.772372632902148,5.537026650557312,4.667040102221241,2.6445124504644064,2.8888776077784204,6.345928994638933,6.458910943222098,5.81769045848321,4.450876861332506,2.4614055667838497,4.940221501579252,5.292475339802966,5.599956079542972,5.871985248855638,5.841218517482077,5.115299295700803,4.9101392268594735,5.219942075138542,6.146091054215986
7.4603182105914705,6.825466405633338,6.308846398173024,5.820665315006166,4.953060290086971,3.891716409835258,3.8195175027635226,3.6545973330938506,3.6764260158760798,4.07633315331689,4.1639043547495005,3.804685528108124,2.6171625791365796,3.330448221937172,4.208242948791179,4.630271063921369,5.581510001269776,3.508872115219675,2.2379145788748973,4.819445682451031,6.102143577958186,5.6354945775273695,5.092929927082999,4.752835391696731,5.135812930832889,6.068314919077519,5.578762196366822,5.691737240904791,5.956134948596917,2.73390481990334,2.5376540943331816,3.401211037212676,5.525841118296942,6.7381106429468955
7.187329227529541,6.498713425789873,6.087667547725216,5.230641176794755,3.81091857751983,4.018627260224346,3.588331555253591,3.9001474098053803,4.059252908941265,4.286016784824786,4.4841674380747945,4.932781226445045,3.912539819580274,3.4305110202051763,4.79270100637636,4.068345957811963,3.743362308743219,3.6658138224059824,5.439272399758491,5.263073015007352,4.293078227610239,3.873515162967858,5.197060592225834,5.285565005276991,5.75441794448016,5.602179106216954,5.805430063933669,3.8748468146817747,1.879733184190871,2.55069270382369,1.7956168981022256,1.5592345034892188,5.826398327658311,5.981276460559873
6.4461999180053375,5.934073973418845,5.335238032482203,4.26116199069455,3.805489765386211,3.512813964822547,3.6204654559278557,3.992067947601661,4.496106164757731,4.90735840506235,5.5762807173959175,5.251400197882265,4.041484795125245,3.1964775200342737,3.09473606573045,2.850669776297625,1.7848933326646466,4.707935488865266,4.546843889976668,2.073447973925587,2.099824570361251,5.0137489982580306,5.184336690452679,5.3598276991904426,5.822027083392644,5.099573337401082,3.353689400875463,2.2877658793701943,0.8008655984665735,1.405680056881201,1.7816419732725788,2.1600489607501743,3.35852973353575,2.677625926342348
6.215932942536625,5.83142991000453,4.535632668652084,4.026425305209173,3.737306999372634,3.596397732638407,4.077704109423617,4.745647600721007,5.490118747515764,6.363223837232727,5.708827899262388,5.723510649231551,4.074952867505485,3.208106620784431,2.4799267222123134,1.7889947041868004,3.386484795234421,2.8484001381409105,1.98827724673393,1.7386794891158492,2.4350435524318352,2.6443688712266358,3.7540767925604004,5.208760831358544,1.9558763779681019,2.630798355741757,1.9912233840403701,0.9885447172574628,1.4172399742006874,1.2771797278802994,1.369524987196696,2.3716526750744533,3.264372737302712,3.0235841572075506
5.632975626521989,5.307417660936562,4.597161020648146,3.533569420667492,3.8262422293511564,4.4180806938743835,4.982175167424015,4.8128268714446785,5.644992483086313,4.73787049356571,4.831209087154104,5.759878390976066,3.560639879680269,3.051655531393636,2.1889470820907317,2.0795887736865875,2.5358967834237056,2.1154736352271435,2.244233937032659,1.9151514806103178,2.1632020906164517,2.094283148136525,2.4847532920066557,4.547004226078408,1.9438506228928973,1.6769564909109038,1.4245988226371797,1.095813169723947,1.1288718823245474,1.3864803844489602,1.3920576932136506,1.3386933644628327,1.6181832621821495,0.9627876685775834
5.845922626743546,5.2244020275565815,4.510709051396923,3.598433421635877,4.597080576462096,5.324232671837461,4.841974918169455,4.76421483144437,4.796660609442581,2.3015850017650017,2.7470395656674595,3.069751580534421,1.8384633059709194,1.6385376642846154,1.777561027893736,1.764506833644273,2.117202667740009,1.6568710180853512,1.6954408088134079,1.5264715244550682,2.3264215777081034,2.0955511662389146,1.7920705171422107,1.7443906434300045,2.098829589283098,1.423151734457995,1.1115395017760645,0.9731526695945248,1.508031383361228,1.633126290904763,1.615976355979302,0.8224304810771799,0.7103992605455851,0.6932325020524727
6.685372018287111,5.251542856537821,4.032892925849606,3.97211115383295,3.866427996446598,4.166948555464845,2.685680740974903,2.6102164667442525,2.611424161219516,2.562301183530421,2.1203822385287503,2.4249048489877403,2.1090423047313216,1.2605672923031692,1.8365926081339086,1.433571826675664,1.1278395318478598,1.7341930767312805,2.0861500069433783,1.3127589385221836,1.4366891147934662,1.0893372230832163,1.6073276328026953,1.7081609762586032,2.1200810203536156,1.781528780618375,1.1910149394871175,1.840641563463314,2.317335398267781,1.6774425483253272,0.7085907222305381,0.5066333837916297,0.5558240298487709,0.7148350801109805
6.2217354046667,5.634827638369224,3.938376695872067,3.7399341903960734,3.539576727941576,3.2794618814058967,2.7398959321266174,2.1409954913706186,2.707602815368952,2.8220480881512406,2.311223896443552,1.9501379138905655,1.9057121159338248,2.395479610795822,1.4390248242353314,1.1327275603434201,1.6426579003708648,1.2746700783566831,1.791270886756547,1.4854164305074096,1.9105239733720276,1.1924717938912148,1.9010760300883864,1.6695953468659384,1.7619519818863891,1.2840591846897078,0.9691922976631825,1.797850221870417,1.9738850271294963,1.6782715924398102,0.4381113060486255,0.5927920286734186,1.6236723758852147,0.18778181856595624
5.541024190790398,4.966362166727483,3.8302135959583277,3.149501537245597,2.1678247515750724,4.879236478827925,2.7673115293065376,2.7424971678431835,2.570078265421877,2.4699521723881364,2.200113956479594,1.9975318461693587,1.8906517740300057,1.5249959292213997,1.122624787930083,1.7281781735664914,1.1801138519841354,1.476871003945442,2.090292178304401,2.0301766828369425,2.2155435099484233,1.2007518605523393,1.471896013009877,2.154399735383431,1.9706978807158286,1.7214629779476942,1.3891862554894736,1.4513965556237454,1.843194618038029,1.2809723959979635,0.6554947134506778,1.2871489976675043,0.49867189133040324,0.181836185649285
