script/wind10m.json
{"header": {"parameterCategory": 2, "parameterNumber": 2, "lo1": 3.000054539987559, "la1": 64.9999836372058, "dx": 0.5, "dy": 0.25, "nx": 34, "ny": 52, "refTime": "2025-01-15T19:00:00.000Z"}, "data":
[rows 0 to 24 of 52, columns 0 to 33 of 34]
10.278341677797076,10.4690377257843,10.243771454424719,10.25780533625348,10.213502959221932,10.900549773575493,11.625211268448355,11.98413900846202,12.598890814160129,12.03897665393322,11.355991572764616,11.423981070777451,11.653327933269955,11.825243246185208,11.467984818375191,11.072477772919624,10.035795884697684,8.317097249487988,3.085194276526862,4.950797054364371,5.463263950406597,5.786260763093914,7.1116633656471775,11.154152235983224,11.256791122962156,8.73670193324384,5.537217016197245,4.6799273786967674,5.095598419541923,4.275189211022034,2.914201370794016,3.7258622522804417,3.710947928631408,4.427526433325861
9.870175332620036,10.142385795733588,9.868493052412049,9.789259651578663,9.71059441539276,10.288779925608583,11.24310538492592,11.92489635948434,12.24532257793319,12.15460594678308,11.75242611234368,11.583078561252787,11.650152666806397,11.714843536143633,11.564728317861622,11.090000732883388,10.769612938081433,7.215578368443682,5.144041234858968,7.7200206365794894,4.06643249084909,6.542533845444622,5.140163719282449,10.656010677089075,6.397377000880247,5.035052559129977,2.649829064714308,3.648326290380519,4.289423585911467,6.7115631753278215,4.5313157455853865,3.9689402201742165,4.285329630229589,4.753241886611682
8.485621189679131,8.86194646506973,9.099035979211047,9.22873711329498,9.508189692247441,9.745111819916666,10.180907087879923,10.189167232121315,10.93684722766701,11.595581545466292,11.942832546903675,11.767923896286929,11.594466420540147,11.826386723735235,10.839386015981487,9.94442058362377,8.408538354718397,2.3954690902474143,3.742501613833244,3.078117325476607,8.396572852059998,6.33851573833162,5.31381115240921,10.987841663859818,5.189375099070552,3.6627008986745206,3.4340704356865586,4.320508431526306,3.399908381166205,4.246650799167925,4.722237250401913,3.961107168241101,3.810102644349823,3.97990193109686
9.162926152813892,8.74729038683728,8.138814299378444,7.913195860674672,8.664320302046997,9.144949891074942,9.342701300712372,8.784079369749797,9.179973534087171,10.926899981145384,11.949724723121504,12.553788178834003,12.156013033709865,11.485309353907075,9.288390957873057,9.74846797675927,6.567345100110322,3.32303161245644,5.796335447387165,3.1943056603851874,9.280338026805516,10.288532515248413,10.798064514647242,5.247334740918022,4.329639221221315,2.1383854521040835,4.838701921892116,0.9080820415303507,1.951522450889982,3.6651171609832396,3.408086142380184,5.023721129932382,3.952896195394662,3.1201117459960614
10.503645484077142,10.530336548486439,10.264024169645749,8.926881873156084,7.883085431290919,7.262788272055493,7.75986393496563,9.069344473963707,10.555099082050432,12.075659875394315,12.825233293298268,12.63548394983209,12.734347379228579,12.661244259098607,5.1239478590882905,7.184616385754269,5.633554076684269,2.167865124920503,5.549571468762058,11.268141662184869,8.738094731487614,15.73732314551688,4.417927541804869,7.378569256103375,4.058601957301296,2.2544382489410184,2.1435653706637483,1.7716341456844145,3.596493242215066,3.963437326047406,3.758663488719514,3.7623101317058856,4.0822259188576435,3.8624838738294756
10.569628570813814,10.77819257331727,10.311626030503982,9.720271778991432,9.554281184077142,9.33986731432488,8.816255797386965,10.56836829406783,11.92963474335255,13.2185445513342,13.291784957981454,13.39920393893488,13.358706186793695,9.95236498794798,5.67192508128193,6.789998706348334,2.307840355538934,2.9646174081430177,8.273560365343396,6.65128246837315,1.6406590958145248,7.554056254956426,4.625836419024139,3.9653326316687605,2.4883221841383016,3.0089400979860015,2.8320030125607394,2.486960930682216,1.7751512705218302,4.445663318458652,4.253703694110703,1.961540781926582,2.350155933889116,3.867416243289089
10.658621054180445,10.190328754198005,8.727977226230225,8.965667772617607,10.311852805341978,11.503495779173859,11.133171951228718,10.930716337453706,12.472376117298792,13.803945906297,12.469505066867058,10.535716237411746,9.827237638065496,5.869646222489054,0.050954479845491306,-0.5898330235447237,-0.00777655343707179,2.566616508773238,8.53663229876056,7.518051968431573,5.81731630915651,3.805525373896453,3.9891119419711196,1.8219824656395072,3.90061450685804,1.3220575830232826,3.7608494563008223,2.18944474066,2.39443130549501,4.257752539559087,3.5301770529745893,4.588573531616618,-0.24547065849974306,4.066696282466916
10.500587802346804,8.212028364451228,8.720172231499467,9.808811755567147,10.13768287992995,11.298377287417614,11.25960886989242,11.777375280629085,12.206559438465417,12.376268095416675,9.304304077743124,0.9430068322708743,3.380549022860808,10.948343288154428,3.300632235685163,3.9653882400701366,-0.06211740771067389,6.860415496617652,8.823917476997336,5.810501693106988,8.109491588657475,6.750640371836743,1.854870919940135,1.5847720642893703,1.4321877881245095,2.056156477510213,1.6226020012170566,3.828887067227195,2.691702340178379,2.6022481437679796,4.193977263598195,2.4921739114391506,3.2761880662464415,8.671021458895913
9.36163381076271,8.259080174043193,9.307194474972249,9.890734834481163,9.140544085379075,10.215709341600345,12.14328599135125,11.469630088464346,7.778750422042535,4.610783709037389,2.404410422139297,1.5628986737441144,4.964225483014384,3.2123106522636555,5.746039215916938,1.3375744008262422,-0.050466900053971024,8.76433204847729,2.769966494863753,5.803972029756979,10.857791214260427,4.291616397156394,-0.7299885282500864,2.431585800449853,1.6533019410844132,1.219904530555455,3.1338222854017324,2.035560336125262,3.680449225674928,1.956625036581568,0.26157412206008884,3.734366048427684,6.6093489048125695,10.424337336964792
9.344804290391679,9.066780140346618,8.655834750108516,8.771058880438224,8.875575183408001,9.87165121043807,9.423161034300845,7.068253499448071,2.461019048983566,1.9141095535105228,-1.6646939033920665,-0.28437701210178,8.595575905732165,6.407218293733523,1.1437324629103391,3.70851184862058,2.274177651785052,2.0856688149544347,5.184479682970517,5.03952479612915,6.383706858067079,4.80804652166847,0.6734848878927084,4.185275907619517,-1.2878945616476887,1.9311759387362426,3.3076502666783605,2.8110427195872276,2.2795203882588555,1.7640463464561322,-0.24802118196916975,7.549339333757351,8.358193140012983,9.440560772638788
9.081674093533229,8.40587531496939,7.873498355395742,7.562067839465963,7.31126618146924,7.699818994987689,6.08809602293614,2.3925146831728226,6.805584552153021,-1.4958794332764784,11.358535529066735,-1.9595591928475982,5.948071073127654,9.439367504953283,3.46074851888623,3.442009046853964,1.9843844411661444,2.355302872535569,3.373311123002032,2.4423266537999018,4.3576512931642295,-1.7199314317782834,5.704942817023457,2.2348227938538296,1.499718156982594,1.9154222172081683,1.0377707077339462,2.5877183555615697,0.07413465409910032,2.7604654490148466,5.627169093297076,6.470063875818045,7.3276259356093485,8.951670045032218
8.516076789839353,8.445114452224434,6.946638790825176,5.52280104966395,5.477004225442768,2.8953809347804262,-0.6500802148559628,-2.1052988327494058,-2.0130507833694415,4.933101813527555,5.552117533448526,13.06007036525909,14.220250500815709,8.099092965372439,9.236892844516497,0.7036140372773622,-0.36590632283857316,3.5672361194909428,1.585266223446324,5.622253445173439,2.7892092614505244,3.5745561594762467,-0.2173939272000166,3.031777037402717,1.637889450816368,-0.7792132004592293,2.3297404042464076,3.257806101575397,3.724515012254123,2.909649086504057,5.663960390665002,6.625615512338498,7.042835722489937,8.702979917699757
8.480363070306712,7.530741060443144,6.243228328572298,3.068595217891803,2.9557110681714622,2.270213154709173,1.178018741544581,3.3927427016983853,-1.150393053949571,10.869446126830686,10.133224015769715,5.054812162577403,13.423159861483471,9.644420505042866,3.1735610792054376,5.95713330083585,0.9570632659466849,3.918343598430749,4.191508014383955,-0.2853799999518136,-0.9593225692454267,4.688226673183295,3.973301257189039,1.8257886929822307,3.70814957473533,-0.597119520849107,-1.309289976025061,2.3970847821546877,3.393830571873293,3.882566760269221,5.646245191375623,6.090143328670835,7.543828281356787,9.477834382940703
8.100951466968473,7.056157684797066,6.012875903216353,2.2313577010049372,2.672800933810692,3.72172900908442,10.344242952996932,1.5155177943660332,1.2903435013040152,9.778909672209933,10.408086905726444,13.684971495932599,-0.555090100322232,-1.2068790180097724,-0.23912918942618827,-0.41122968600850324,3.3111205829170633,-0.6732524615929119,-0.7995232550318594,2.656636805257162,0.019428041244186574,3.2702269333633183,4.360460023601248,3.8912616806105715,1.973640098986723,2.299399827464756,2.1082746254231837,3.2053570474410393,2.1810453576906976,3.508399415449851,5.591110117853688,7.041830941431821,7.952336554823949,9.945535246306946
7.681241392424737,5.965115120807446,4.10988747308048,1.0190753837793431,0.5938209141210052,1.2475384789193225,0.07901306630681172,6.956933681231827,4.355029918546749,6.478325115077187,8.941057469907747,18.06658943308286,2.257483524493657,5.429847596722433,0.7406379680727929,4.3542839734201415,1.6331744760996254,0.5760304701408605,0.3519793475585561,-2.476185719724348,-0.2685715086086763,1.1244088833203523,1.0859870743366316,4.582113994631999,-0.7224687114567027,1.097382006655495,0.9889699829389964,2.5956686604158636,1.8074550879941287,4.295043915221997,5.458458786586158,7.4718729357840585,8.937297870876842,10.41214435364298
7.227280499694958,5.893820837613868,4.00370833456467,-0.24942320307922194,-0.637879088892743,0.9009697335291423,2.968549553182286,0.059295057118639714,0.7692169679243707,6.651719673024203,12.214107528766442,17.32102063017471,2.519951584410228,10.590653979577228,0.7889678389956174,2.4687376334719144,10.022487055536438,-1.9338423427684601,0.5529042204413033,0.5499086802731066,6.757600310168866,2.0629364990434413,0.323892984798354,2.806542032746521,0.8674878888652334,1.420128936269977,4.794985777411364,2.1094787622734668,2.099306601892305,2.9899245883103487,6.488334308728228,7.772592762954601,10.183296837976865,10.33956267302751
6.534243085568402,6.0625139608138605,3.31770846205784,-1.399295673657097,-1.9314514922215318,0.2734964588691889,3.2292636995596724,1.914026723024684,-2.1679025737304976,3.674805449559119,14.408822514525138,13.735593606616359,2.4967807202140517,1.93627734879178,1.0227638739905236,-0.8766309391361002,-0.6912363829863848,-0.5422181165161423,2.1997112486881387,0.36711675998943244,1.7147637219456833,5.194277409827143,0.16158617179223717,0.2598592659408062,2.1744130789405496,1.200247944599189,4.333740712454875,4.536098407811786,2.639712649075909,4.922835529983209,7.0386800423255975,8.046527054734051,8.769676447053627,9.909139326540545
6.079464195802861,5.237218930265116,3.169844155746705,-1.516335850949879,-0.34632722496189344,-0.08317045393865015,2.253859209455917,-0.5066804528249901,11.444619953287855,16.334531164400914,7.371323692503755,7.237160314570795,-0.42795137226928454,6.6777874345895025,2.454802606087506,2.7887251819126893,0.19570496136178986,0.24472586272906086,1.1229486422748187,1.6313761098616597,1.207977494235207,-0.34195746824123696,2.913920639183811,5.043225545360835,-0.03602097087369634,0.92651438964022,2.65271329918743,3.814915887173945,2.962916928118258,5.717738893746528,7.476133962113494,6.7188049090743585,8.684234034368778,8.413733166109022
6.611112096515846,4.5070536419155145,1.677237408210102,-0.46339998051652587,-1.6985099759937716,-0.44250871957577226,3.864010836807061,2.024755924540702,2.0742468972200765,15.342934887657083,7.081767009777948,3.371413546550903,5.1672227154890935,-0.2501448090124934,1.5338176329017188,0.26480096096954153,-0.43265963094746096,-0.4537229103091297,-0.49828739891707763,0.5921025775264744,-0.11198099483214834,3.67994681639654,2.1212114164287335,2.081886838836035,0.47855795219453,1.0913752222401476,2.9812328995323125,3.5362557401515997,2.0569495491551386,2.9884303438356152,4.749027104988036,7.9499204050705385,7.094612465619187,7.254340882585633
4.728565808800217,2.8940354853889483,1.6866791197928648,-0.5536514574093402,-0.4151321414953969,-1.028541335567874,-0.545628790449349,7.8755309016877355,4.828992598665387,5.36789907296887,8.870601069809497,14.924641214580815,0.5125819115719642,14.701158849518707,-1.3903388220988884,2.650132452272677,0.6542601534026944,-0.5949393913668465,-0.4143235297168991,0.44242082622397394,0.4562881320069979,0.19597057782384644,3.053442176081887,2.070352967154808,0.545611314022647,1.2856639095014053,1.5240105177671908,1.755102853710739,2.0919462042102452,2.452629878412989,2.9859385009195667,2.9210933899745557,6.661959756196255,3.085934844137656
4.4122673347929675,3.477768209829317,2.823402990810658,-0.9055736679555214,-2.704854382190377,-2.642619431455275,-1.942294092858283,-0.2904504207101287,5.404460208413208,10.881053151593125,6.047696128383302,10.52942636178357,5.487696437337878,-0.5151140618971749,1.4999035250576886,0.1061195454537001,0.2868648943175222,-0.1895102308678429,1.5749591700523418,0.7916102358179933,2.35214115027269,0.042473548257627634,2.226477055499824,2.6886537747751507,2.515284529844575,3.3707050661022775,1.6475148929394021,1.4892955722763632,2.0820679142230025,2.277491713225559,3.434139866866091,2.733713068786563,6.808687837686178,6.1407379146137195
4.599709548385245,3.466222514167136,3.486389964618621,0.8640562646087251,-3.4435458038773703,0.14049710627662548,-0.9018790001790704,-0.5697779042379338,5.7997614698377165,2.9550813343481557,16.826132451319022,13.744332739335146,0.562935501368492,2.417352043581371,-1.1598861944801477,1.2844752964394361,-1.098185413622617,0.28818344032876797,2.3295257432857643,0.33086017908013277,2.387581340156129,-0.9656810916464023,2.2650324959556083,1.6745092622479352,3.0718379428665945,2.5681128173301215,2.1640436181590466,1.8985627843171298,3.1243097472253116,3.38452115485809,2.7352137150540203,3.672232224694738,2.603608966264799,7.1374131344557155
5.363789266390215,3.29198748866307,3.406113764573817,2.180423012911619,-3.4705771861010053,-2.428412022546866,-1.6949462901131687,2.5468791443273626,7.983764786861243,8.472548168717655,-1.4265038330560826,4.492041739319457,4.340749825293905,2.588459283062751,1.8349863577677277,-1.9321833019076196,0.11498885815523543,1.6984291535410478,1.1877109287226404,3.4661679921910213,1.178996056436534,0.3685296294155608,1.2168266613521088,1.225025740604217,4.395890876381001,1.6548269923915546,2.793225192865806,3.8101582434352226,3.135001247910876,1.5927457795211175,2.8378077247092475,3.2063590470141388,5.586511256155532,8.457038521905922
4.3496402181033105,3.589021295929243,2.710461012403333,1.5206184812379768,-2.311676548465845,-0.32522799509729083,0.8483478354306774,-0.7061988320629395,5.6394428844496804,0.6117486197105789,2.066462643381114,-2.5851494901070664,-0.11891039813714506,1.0851712180712396,2.8307015287836266,1.455798613527046,0.9841679637086712,1.0237401039911387,1.9837711525676065,3.48837380753704,1.1102157196083693,2.9310236726351615,2.517942872274434,2.345680033533021,3.0269364117312803,2.7355915140415985,2.3663808474728203,2.4229072255151376,2.391747721512075,2.2944009676073067,3.047251896643554,1.894283520313616,6.89619311960482,9.6110024742239
4.1318504597516785,3.599777810656287,2.265245467194263,1.3032326132716856,-1.7027031358889788,-0.27849474751407605,-0.8194841747633181,3.628791899017337,7.2961176033886765,2.6462683866004495,0.5929880957493402,-0.4871484616411333,0.7038009626081089,2.4288171134676175,3.2993198444620657,7.077914522359191,2.220736928586927,1.958410130313238,3.596664872923126,3.3693918806353493,4.255205354096837,8.18415354465085,2.8044457584200604,3.2810920105563217,2.3746732633166707,2.385630396070985,2.3293478476857006,1.8505822697490952,1.7571425915984935,2.2887354717123616,2.3283650391681334,6.615617955106168,8.875251438184797,9.369494054956794
