script/wind250m.json
{"header": {"parameterCategory": 2, "parameterNumber": 3, "lo1": 3.000054539987559, "la1": 64.9999836372058, "dx": 0.5, "dy": 0.25, "nx": 34, "ny": 52, "refTime": "2025-12-19T12:00:00.000Z"}, "data":
[rows 0 to 24 of 52, columns 0 to 33 of 34]
0.30823278151164024,-0.04716365438810751,6.9849155897577315,14.469368455109505,14.511004792226009,14.479959810221875,15.744288729357336,16.196572113783766,20.367648092923414,17.294112206794917,16.490797847059028,18.35112117472195,18.903366468748725,18.769118034932333,17.54357179424017,16.812121891208992,16.48148213219079,17.20376533724358,14.847772375023077,23.6547040750299,11.106272452460232,8.584484720722456,10.3292022060059,16.276625622007238,15.639688334845573,7.166723897569636,11.880147533560965,13.723680589213131,11.615295187274262,10.857405530995667,12.639657286602734,12.931817426079903,15.1109482054563,12.560530743403195
-6.095689427777024,11.414580675834955,15.179961585935088,14.84339822652772,15.670913221188533,14.57670613001031,16.63413230952182,17.6819853907801,21.419694447541417,18.631157058936854,21.78375549624741,23.049733926400055,21.950180451867055,20.689590046015688,20.51326398612903,20.888858096908738,19.652061987878568,20.55196135416729,22.164504769887852,15.197269689903987,14.722859007932877,13.442538969630206,9.467538967047114,13.546782441074043,5.627664268249582,8.601526563851262,8.552261896501975,9.457076857117396,12.309539118647933,11.318312623513288,10.85317071908346,12.52727679639999,12.667971418772515,14.521169181272123
5.425541188086282,12.435622807913262,17.383741343461434,18.6265281184123,17.22126673428902,16.792451234714523,15.310695325597303,18.11424697711315,18.76990299969687,22.168999072568138,24.379447689972018,19.60366508166496,23.309481990993298,22.870424655918278,21.32869976719848,21.81287760780521,18.680852290757027,10.850623666066445,4.599576137892767,14.55663542777238,20.863314108970417,11.946710657369492,7.332365002939293,13.013278878655981,12.306609867038228,10.313110879856545,10.764926735068688,11.14517167400713,11.121039941523309,12.116748558365876,13.079880243281233,12.638526996820783,13.011817291586173,13.743062979800978
1.8614245292608325,15.589607342137938,17.409124524450508,18.609268383936385,17.587490408356352,17.09102543136394,17.745223626322918,18.44455793260991,21.529122875809012,22.689398247403687,21.78365962147318,22.092263412148355,20.740046181122565,21.14411322873638,20.394242074679834,19.089181305760828,10.138911832468313,18.467973112800085,13.358348571183065,21.431513212341187,20.93236148402609,7.730100776609036,16.500127124328912,13.800519999354387,8.717859843435944,8.946684688151404,11.64751357775949,10.900693561348131,11.64201536996669,10.767277585750165,10.84117255468663,11.301870732476665,12.063008369374074,12.568143261523295
5.019906837418444,10.305285500700048,18.02445883512598,18.27296209135614,16.712425242824267,20.98631740742437,21.547646527520254,20.87896881881194,21.15904833022985,22.381547370636607,23.813170138310014,19.61552148283684,17.642796252927297,19.991294029068612,17.041467766877787,19.652756316791326,14.619233244944327,10.030683258200837,14.338738362434071,14.045232639821183,20.521902927070684,19.238624098359107,9.579824150355398,13.372076391615305,10.543500514819764,12.040239093196806,11.495770784735987,11.430898611060787,11.720284867587186,11.271927044125626,11.320710433397327,12.262085875884738,11.056640013295077,11.294254674950041
15.365338773296687,16.547107592054743,18.207452918765913,19.404390853275107,19.722041928857337,20.090669677046183,17.905095431926195,20.938985827195083,22.170954142599502,23.77600040609586,20.270862567266068,18.813109309479504,16.200195508672106,15.127750345279221,14.854922581903475,15.651313709252994,7.366903267729021,16.620020849502687,16.33997137192222,12.329764064523607,8.052052809478198,9.474346044171758,13.179138397945838,10.761919242782664,9.571094239714103,10.105173260818713,11.387865301784862,11.827935319607844,10.506154636815323,11.505477509400883,11.726069463406331,10.984384620367049,10.860240789707754,10.817582599519806
17.255082074433233,17.87619189837891,18.557169099768792,19.890164505416603,20.867480335660996,20.370702411353374,20.774698449960855,19.77696402256033,20.03037495662657,21.188153766254572,20.798551436600256,16.827597686943555,13.668612767786664,12.407687055641295,7.310770252584521,8.299900500538119,10.92492800074742,18.89267757957617,15.983545882399172,14.36542864976889,15.42957418219835,8.780728844561937,13.113907640419773,10.455120282866089,12.442408041310218,10.855762940792795,12.58026434960315,10.805673003347806,11.92550769555581,11.52142866548426,9.89334826166028,10.48145760429533,10.626367274698522,13.294291598390455
15.775359196794657,17.404884772275736,18.631328986986897,17.419194469603884,17.4135194111604,18.958422896113795,19.677579151243094,20.13461911071325,20.126083725512594,18.236661326584905,14.826838643286377,13.594036170743216,13.66817590891277,11.109007769942126,11.443128567452497,15.019708688779655,9.887121929748652,12.85775342232688,17.57047593184468,19.178273523641295,13.925391285943585,6.649740986225077,12.136872731107264,11.181384601102497,9.554380335324604,10.250497340571899,11.30611158225481,13.951929859287084,8.88729439186064,10.221688925968898,11.227778465201574,10.53566460111851,12.641631699098221,15.578688278442575
15.011116649702725,15.88747535735806,15.650885618542828,16.917829557509172,16.83356134393538,20.193423215507934,21.801220518142415,21.64659371801269,17.39950724006307,13.605208753120376,15.297576120216759,6.401324067721071,12.965790995724596,14.721252239354929,13.456326286081163,12.37845292587964,12.465852005011715,18.858406458307478,17.819968696255216,16.853645287394336,17.430378053337357,14.737463462865113,15.631878132644763,11.796120610451805,11.421335407414759,11.54456271055708,10.533880651506195,9.696148618975919,9.656640614267014,8.478402781440389,10.124853951724296,12.260666687018485,15.31190493906253,15.971319496368979
13.122232930731794,15.70787322791635,16.75007027957134,16.717321813038946,23.496639079332613,24.56549212664968,22.650476447307632,17.936276990263277,14.895932324781278,7.502089331788664,4.585502111816716,14.318042368964889,16.381047052010864,12.754507465350727,13.529469863047943,19.483565851832882,18.38864829231791,13.711766876405706,15.413819387195721,12.196610256064037,13.923933540639458,15.123350324485196,6.42470159413487,13.56617354912495,12.099837891561815,12.961717828306135,11.7801637521462,11.021199668159436,11.885193865038733,8.642404123380738,11.501569981774903,16.084451725769625,16.591507196932536,17.286874433181183
15.09444063339535,15.351946083233535,12.796041010433125,14.90814040970282,21.19285849408053,24.550153026499203,15.976994485850225,10.464489589761811,15.9296524347909,14.212016107504263,19.7287564776979,16.114385054180683,15.7140261534064,17.025598086400905,16.087080542145785,13.968850013541717,13.177748556743635,13.439172558296475,13.319695133915765,13.809687092661592,12.711521695962455,8.259605144309653,15.137967765831645,10.028880297004301,12.782940968885267,10.01121288814426,7.341650066274747,13.008376415654016,8.305991277800482,8.875031863347733,16.50218252002764,16.917820913613394,16.853978548400104,17.335393642329166
13.744758417900107,18.40347288390177,20.971306928354007,21.554898942097875,23.530071317854386,20.36355858992778,18.961794332716973,13.848110400910267,16.593588377591814,19.484329044404376,14.030222905880722,15.126352966460608,10.081889664721553,10.028538343767607,11.544320187917414,12.223843326311002,12.419562617026479,14.912270502489239,15.333203494398248,9.419397722324328,15.848838581002639,12.419033719638412,10.739570918999242,14.964374460053639,11.47002125652441,10.242541597515297,12.710042575249568,13.700796761214031,9.331396282031609,11.565254152819072,17.713763012647895,17.231081500449996,17.415983190152502,17.44437440348269
15.668535137594931,16.36813072730894,18.285328160413986,18.624514885542677,21.92908853187394,17.39073634362899,12.481985854707432,11.194501912445189,15.89523137348266,16.505316319595348,12.674849738619235,14.696002774301862,14.92061831768756,14.763975676082653,17.33281032160133,18.618169370731138,16.57027051034989,14.752065108647777,11.774756764351313,10.830664095341458,10.211492952729909,15.868118155814775,14.039180994801022,11.879977979395901,12.080945758475409,9.885082189518014,12.620901919980362,11.606409494705662,8.333725572225584,13.628448803576127,18.186556953247965,18.054831014419833,17.857101287729577,18.148708201195387
16.138940336437646,16.782717170656984,16.000327278989456,20.485695552546954,18.566581242176337,21.495245510832472,18.390555393204735,13.57589574555167,17.130462546328214,21.291917600819314,20.28615560773788,13.379825115150757,11.562839397751072,5.279007668568587,9.557784893390789,13.071024531772553,9.7296705420002,9.995928146151666,12.873388096954248,9.521900210455671,9.135531319586566,13.354206379598063,12.666611548836126,12.976775805345746,11.401554519510897,12.82456084484612,8.367309863343888,11.672718737073213,11.078797153062611,13.320720280682531,18.853748053661167,19.427833662448172,18.52659593437661,18.81137649781052
15.322908244629847,15.346822418230335,17.515582121271073,17.673250787095608,17.343932494540965,12.59043017657799,9.19819405963041,15.572452969083464,12.454433595727398,11.139021851020317,9.66387816975408,9.559610318007893,11.263622838067388,12.492136392702525,15.617725038472532,11.76811106148629,8.90796890353693,9.431759225034973,8.98993116658634,8.506433447415903,12.792960275247829,11.590956491485484,11.41705304940209,12.18581757633247,10.123647362623444,11.249038075636323,10.097250599870714,13.240308922594584,9.978790511991855,15.463079373304954,18.924762556329537,18.71493986579739,19.01326944381798,18.904738134270108
15.262617990869584,16.60688161841405,18.655739915875323,19.155341431958725,19.645534223832765,14.64274890626486,12.164965659722155,7.083313352618327,5.258148725941416,11.707928408511524,12.103120460257212,14.012901417516412,9.314005162584001,8.884431800105999,8.518878780391228,10.23204114065489,9.496711730525591,7.96718501609648,9.446167094139001,7.672041952223615,11.908021434727724,12.79044613600442,8.787286134208633,11.417660271297647,11.07858703749643,12.176962776646008,14.530438101065139,8.40642271627755,11.103223069481116,14.937981493752616,18.05860062737279,17.915361238804568,17.873493958197347,18.524619570146445
14.11919402798696,16.352626476671126,19.34623356330131,16.41380085780389,19.122319028196927,16.008101911000793,14.314399283431714,20.159408557754382,13.603326938611286,20.91132495846075,21.13748362477683,14.723640627493998,16.46883479169329,4.6177713893961,5.941130986105217,8.005803516657387,9.837110754437333,9.350606005917111,9.28690042126594,9.310742465603687,8.153375450089028,10.510285202248987,10.614125221513401,9.951294900520997,11.379823408123663,11.700854559279875,13.208455831382926,10.943834851598332,10.452286760513902,14.085132879425089,17.02958906132619,17.504877609634068,17.12600215741789,18.362884243973173
16.66091136178054,16.034676804663217,21.45227383588437,19.6904321355765,18.454425159266115,18.48026800588377,16.21376939423057,15.29036729747192,18.045930067017995,10.883702347139968,8.724095954753368,9.700816148197235,9.412017441658946,11.503211142285934,11.343305863902838,11.650133734406497,10.25138361504944,9.557964059778914,9.209091300277006,10.28227076861708,11.363693512336804,10.528989663763081,10.514922721086794,11.788999165154975,10.169644867076366,9.02380729658213,10.029331123354202,10.41023235175731,11.47650116566971,13.347923517515905,14.506078968867385,16.26368522843997,16.376753982876888,17.553263394210546
18.456254713307494,18.78724799157049,20.03257236339792,21.41567302333237,20.409591357063803,15.498637389448104,15.618232773525671,14.848649625656183,5.310448987853184,11.180370340601456,9.131895742814743,8.78018893673405,12.980418652696606,6.614872096273658,6.311292244113251,9.067592279664007,7.680342107843186,10.89499233458208,10.557220194340246,9.264105824283028,9.546972005177366,11.754207430321143,10.95532360967062,9.838478370987362,10.376544239929116,8.838968795359307,10.277403890387582,9.690295858575226,11.472112791585525,12.131863214480486,12.246893209355513,13.378495362041734,14.733995410885438,16.814992066969435
17.490201529186983,16.93174728126008,19.525763511153173,20.79970658037173,20.23740814171788,14.375809825967465,9.443379351501708,16.66909766307356,16.483576768447325,16.657569379534905,15.64632302867272,15.43680398309614,0.7784343363218367,5.920926354669086,5.188450278198807,8.068875715863228,8.17783472777336,8.931781755796447,7.914654169037833,8.366749942776314,8.823515305849845,10.41319526171522,10.755355276270565,11.091314716183126,9.991932949000933,9.693578960962558,8.744227345360652,9.58710076848398,10.764213164454064,10.808217683548207,11.614597822680738,11.210864985136517,13.541356117880406,15.795149600681576
16.836324355105578,17.71332560337693,19.84803069000798,20.329761204418897,20.955437625988406,15.39777202515019,19.108833189956915,16.823660773291124,18.592801893654926,16.12104235239115,15.599450331533287,14.15883097542505,4.560401001104958,7.8217096861446285,7.612662742494364,4.660988949413319,11.018515218752288,9.25762846088353,8.445497879068943,8.496947323767218,8.851217409500626,9.342942739922863,9.182042252027365,9.518047215552302,11.248009046588134,9.04527821520791,9.203783167367739,11.17008278866308,11.800264687518618,11.965054346643697,11.820351254027997,10.512283524956324,11.529699696826242,16.494593634955812
17.23367117366522,19.032537858721078,19.099290352592558,21.546273339989295,19.95656772830594,14.347218423191732,12.478059285004463,9.641475483576714,10.420244122559872,11.119055214841223,8.908772521977381,9.775747574109309,4.628581827948031,10.767591382719528,5.819064593753909,10.3534137762891,10.154173323386305,7.945492236055385,8.261695827547184,6.820511411837129,9.820503458048256,10.80136297656472,10.698383159838544,10.542376879196192,8.681397375852184,8.541033637930335,9.809789858983002,10.841840810491009,10.657653105608606,11.589293363110727,10.55423877835837,10.011384347991585,10.333763629149129,16.33424806129989
16.870527348004774,18.395901827801918,18.847613428773347,19.163308439711518,18.570790922105974,16.033791089945645,16.465818712321767,11.959056307805774,16.600143338085033,11.797991117175085,6.251538771601172,5.394045881447216,7.388447627885646,6.494306932436373,6.8849346873569734,9.410772402541147,10.12255583848179,10.00432483961667,7.999922818339939,8.366568974335229,8.03770370332757,9.96192382486894,11.33755616895226,10.797168177639962,8.264202074973076,8.838771056328614,9.395582965941099,10.976844314636695,10.664501590897752,11.222264095392905,10.144030586471724,10.350014483301116,13.065799588118887,16.40245188035002
17.304388737688765,17.742784501480937,17.738780472814057,18.58306407741884,18.283815933836802,16.6862019883382,14.935624099178698,14.127473435637738,13.695367590940858,8.243005906807541,5.396007545046389,8.48444137325044,5.381426626102321,5.679129655486956,7.853713202207406,9.883444468463226,9.801710044527015,9.598817044617757,8.371512403997487,7.821589316581865,8.651245859241598,12.1469734929512,14.722818438566257,9.223295117324467,8.514086901737107,10.519798401476317,9.841669719141084,9.412356312001442,9.90135913514926,11.239880454135642,10.731881811097427,12.206207219041952,15.530441054819567,17.235211095886797
18.389330393247267,17.84970210372323,17.390742839255115,17.873425196408462,16.66661487764286,17.412252864212743,11.512875211572123,17.678937111403663,14.14701876177275,9.118591707286491,7.998678899037991,5.135002797228468,7.314316888765023,7.148853861503208,8.31414296082657,8.230471396585704,9.28295866674891,8.258757019070295,7.6977881269591935,7.307218722749755,11.944646029554786,14.504510988742473,12.064521034367461,8.30033165062482,9.13900624656612,9.01802076803579,8.807710577208045,8.480218959527361,9.474823388052185,9.464542513429233,9.688428242218333,13.875495542913637,14.95998591913801,15.098983087820567
