script/wind350m.json
{"header": {"parameterCategory": 2, "parameterNumber": 3, "lo1": 3.000054539987559, "la1": 64.9999836372058, "dx": 0.5, "dy": 0.25, "nx": 34, "ny": 52, "refTime": "2026-03-09T20:00:00.000Z"}, "data":
[rows 0 to 24 of 52, columns 0 to 33 of 34]
1.3237227224116852,1.001430255149406,0.8394954244718662,1.8329495869108694,2.160043476161405,1.574638583546639,1.0194875141826338,1.0276704645238506,0.7813209378606252,0.37742849215500907,-0.4834725090206758,-0.1547072450201411,-0.09621246161543716,9.47264407930914,11.717036773850273,12.81068144541174,11.93315616694253,11.917380874173897,9.50126489652497,9.723295311230363,6.413314458185502,7.15274073531624,3.283070883772131,3.7120397794680304,1.0825336516115986,2.1182430254570614,2.6045003963127233,2.8819094152138995,5.791530165498043,4.548622683091583,3.708897003438842,2.895540563028648,2.87443556301847,3.004597501171622
1.593631552474896,1.6449285779462686,1.8951663424801994,1.2831295139673946,1.958774944433563,1.7887767675484025,1.490520954899372,0.4627013525199761,0.8671547474716683,1.5252842750131606,0.6718257373247192,0.8035788658082367,12.28318435846565,13.196116224348042,13.443988934623686,13.340420563367745,11.515665455037965,8.38525285671252,8.032180161751015,5.510601419758243,7.13614515818571,5.433371285562147,5.028393424212343,1.7002287579171262,1.6826373046047496,0.6388020851749933,4.219637093911,2.8956239120736385,2.272966074657401,2.9418718350035555,3.074722225508018,2.4021978427800303,2.420525734091306,2.524237970252963
1.8130505562231967,1.237377870548347,1.6477560277403043,2.7822898710093007,2.2765355191111043,1.8048128013082112,1.4556624546417618,1.4283455884441632,2.6137975991190427,6.445862311157842,11.2273534516959,10.887800687140446,11.426645929182387,11.4573223432306,10.665569666449588,10.981306066568266,10.847510775593866,9.975400514478153,8.282131556042044,5.823369285484518,5.516722631000246,4.7658873628412985,4.527939936667368,1.5395654723593026,1.3655225096216281,1.0333573009689814,0.9262565801573445,1.3388589511369764,-0.017866823359458932,0.7879235463679496,2.024693867751001,2.5233146818783183,3.5566911534659074,3.314650854909768
3.4547841496367195,3.621135715839323,3.0612291050847995,2.842523812752509,2.50164484726933,3.2979232034434247,2.8294015809438138,3.0819491111125568,12.714066158068999,11.796304733077628,10.992910505222447,10.916943890691611,10.688765895490912,10.28179545590223,8.082481353306143,9.478059176875512,9.389819306156712,10.250411418617956,8.161057654471211,4.619141774665917,4.74690900037587,3.1323273425508904,1.3374169025592997,0.7912687939192538,0.3582655898715928,0.7868951327402424,-1.1358171189565809,-0.5269437122084792,0.5161967423401357,1.1246995336662025,1.569522399736515,2.739895447028187,4.0082804904861815,3.6941019423183636
4.031585092102128,3.582265905348388,3.0665595093140356,3.2899076250143784,5.306578198665528,6.301074913182173,8.400070354176775,11.997144917205157,12.253861016296545,11.139658767818197,9.818578180467933,9.97712222096893,8.55171065361512,7.644392750145308,7.3978953831640375,6.149742482652948,5.699850383116417,5.1841451813515524,5.500822391306263,4.889636978747246,4.211169583891511,1.4688694497139008,0.36509190043565903,-0.2527238121504238,0.23001799347094185,-0.43688479911197103,-0.4863736306136804,0.5121155590332408,0.15047938914110986,0.6037060238747763,0.5454440406022392,3.478377175911238,5.083761728254291,4.126387171249235
3.9100029465289228,3.3465494168087218,5.4667033483938745,11.99134714438404,11.805232660955223,12.203159417362599,12.619171295569963,12.228921234946373,12.143826098315706,10.843981231675297,9.91252549315536,7.78299374690674,6.349772644496768,5.055965679715048,5.097210089695145,3.786997067385154,3.3320944076557444,1.8898552991586768,2.7223899357217034,2.8328248450267717,2.5847526554533227,2.08685376823567,1.1205231035236434,0.04340278965587945,-0.6201333053613952,-1.0765153968284815,-0.8287201488971625,-1.3734093726145267,0.02237646831203103,-0.3915965337529361,1.3024583400071026,4.769396272314964,4.4075333682611975,3.3247307600539533
7.938283756131356,10.429706490505977,13.682951480599995,13.83835360560025,13.482841895716899,13.292657348624662,13.941511125693044,13.779191271273474,12.396070338023495,11.113337017831533,7.099481764427533,5.327183111364076,3.1852114324803433,4.035330914917669,4.464012768950545,2.404695055542306,2.4475104699462458,3.1890800430108213,3.447998932710713,2.0396703934239047,1.5419473731321134,0.009866217727885977,0.19133523557076565,0.37845374747790944,0.1419045580678392,-0.82167291806841,-1.217361099692947,-2.4047987752021496,-1.1936870870967367,-1.8299093604895207,1.7507578582888932,3.5137666448171365,4.579523707133428,3.3919909886135082
11.986260181724214,13.950416598474908,14.485650383252608,15.461754363742095,15.086864818480938,15.328616584069731,15.074078747984073,14.43467788377882,11.948235465165897,5.737887487298603,4.751804079780098,3.6231343941873546,3.5453674591763864,4.560779507774236,2.422158891298749,3.241803395762616,5.713794704365943,4.65255247178877,3.375309261965261,4.554118876030325,1.4725433065610216,0.13025234503796346,-0.29866226676439017,0.5019345142653985,-0.9035863309749025,-0.9078201570617819,-1.5797838742096229,-1.7050970200643367,-0.9877810886968058,1.3139642301690155,1.1175072304567963,3.915438407108687,4.642937989097835,3.4868337769007844
13.61516297162633,14.035537154053012,14.814247284681574,15.791211093759607,16.44745149783315,17.110604336314392,14.954618195832898,12.697843016220114,5.501898810673906,6.282053476080579,4.446280058965402,4.431629192982568,2.800867550179927,2.331088961688533,2.7712340774603637,4.4230827361414224,3.8656613882379336,3.802365969739395,7.599834009415365,2.912623170635113,3.574871539010778,2.582688364703054,-0.06609546719153542,0.9504898204434867,-0.2060844575288049,-1.6523367322967473,-2.938271067082588,-1.3011525708278373,-1.1663732316076645,-1.479820120779486,1.6274603682823066,4.792483331654738,4.665805633159642,2.843648085292939
13.891318498137949,15.402109876702655,16.294597312045056,17.29314168166215,19.15892556518109,18.392767492752625,14.14765241883891,7.791358995444651,8.694586712320538,4.223475073845076,3.4176330803618424,6.404880237714531,3.928197265864915,5.801772990709025,6.490286221310024,5.282607209628463,4.07394053589327,6.313355452810371,5.369019322255223,3.557768883872127,3.627556752180376,0.9511200020584001,1.1044854993231406,1.0495189236983955,-1.6306469203165534,-2.496122958539125,-3.0501465014075673,-2.9893725914332934,-2.1131212944569064,-0.8076366463939596,1.7189256622330595,3.7005154950723202,5.175412179721013,3.2200825977056793
15.218935298555937,16.101990019385227,17.699472784203095,19.932960260512406,20.935403502074557,15.513473115834833,7.043470615946536,7.488079867731039,11.513830267518887,9.74353140626415,9.269293179632632,8.017017508358409,8.310077751411699,7.500337640813006,6.468656018121715,5.440394131068397,7.189794868815789,3.9025352308449444,3.5670299297234815,4.3533263353005305,3.368633222254892,4.2088514618036825,1.2817408339198382,1.3950111796092617,-1.320856681067144,-0.3885801646989709,0.043699196295800546,-2.661551681959209,-2.983687175274352,-1.1645335987747718,0.4460979767639146,3.2132866429944036,3.945792040807379,4.198625328125382
16.175203245376196,17.616404684125452,18.215022038931036,20.607899080347792,20.105990911925062,12.676284962390502,14.274914373522796,7.071364641834016,9.27108693063541,10.363831326493989,3.865136220108544,7.286670191611686,6.507962491952344,5.4488428020907245,6.489431725902265,5.844164556984974,5.096612834737507,2.4385501412491295,6.12389398062049,3.9466667325080156,3.652433711233649,1.6552717551688771,1.1519564074748487,1.1157412064239967,0.24775158303911987,-0.9764681871831806,-3.272786726738797,-4.261323053233679,-4.063453071874149,-2.7764179993163043,-0.32014694081890327,3.5973586406554885,4.784324726673624,4.0036731959340575
15.100542330123641,16.004048062709664,17.622263596114177,20.172614778580247,18.993056154932173,13.277410358373928,11.30722778813002,7.081318228356959,10.381883886440454,6.247827080101869,8.473171250067173,9.451922728093074,7.062684783339791,8.447561495025452,5.650745064930831,4.312086198464125,6.406313281296948,4.147453329027865,3.139026043355329,3.645525448970077,3.3394573350543975,2.15385750960661,1.2533647163213566,-0.5579914948153412,-1.2068461487206472,-1.0974347210056155,0.3339677924802089,-2.4945095222039413,-1.8431711290038435,-1.5080147634548375,-0.7201424366622864,1.008176089517502,4.76363050506355,4.781384145193772
14.454423855019627,15.871711657953098,17.64878819338565,20.4216743260473,19.132975450421686,16.86982236096126,17.161913535844597,9.36853928360755,10.560809611340865,9.252826455406023,10.334981580117125,6.426724938378208,3.5477798437991552,1.6688110411381087,5.704988575012878,3.2598389808849895,4.152133926191469,4.296531490313641,4.695540194999592,3.94680042791906,2.0868966399293423,2.9766567868484977,0.9314944791848178,-0.22628976341584484,-1.7751471925133078,-1.7897651351134651,-3.0426072458818294,-3.1118057072662704,-2.775504907743368,-2.381136753987345,-1.380095403601562,2.950109654942939,4.948591972257336,3.7123875161296076
14.82725690389618,16.156228819213688,18.594163414227,18.46415081697723,10.387800061768528,9.445649941083234,8.392407182919627,13.34438025772128,5.638258269537979,6.461968889019055,6.658796322968513,7.154853970531761,6.30307683144793,6.533745199622102,3.639659784769169,4.432930260174529,5.985712611292353,4.028098965040677,4.706053020335347,3.7819765462772676,4.229110072267026,3.9107171653037116,1.5619620780069596,0.5991496717544347,1.0973703235698962,-0.5031612354984306,0.22900932432835464,-2.1547403058533914,-2.560064462656542,-1.9257782734230402,0.31365368679852806,1.3748043464951993,3.419616017565565,3.941561379251288
16.603695761777665,16.581908727550896,17.19036916166492,19.200062748793655,12.928649277940082,10.280313648365192,12.118577343319178,3.117960995508457,3.5474106446259137,5.800760203417758,6.520234472968503,9.532882558759201,5.45732509949228,5.709626443142696,5.267414007663565,4.765038560045174,4.887888860810905,4.7988134747356375,4.852291968427822,3.6910608201249477,3.5372802728541464,2.071782612853741,0.21461360910156382,0.7414120693867856,2.837294063173969,1.764845528942367,-1.0335088607636702,-0.0912421119903302,-1.6585234384137069,-1.7437395397972262,-0.10410183709790671,0.9901052439663207,3.6004695796607824,3.748790285698916
15.169464996342501,15.769596329608076,16.706616789939265,17.371707747440006,14.263892375965867,17.766776114139446,18.4754046846275,17.385895019683158,5.629619488279646,14.444573762734501,10.841005766629312,7.775461032175107,4.840444330384999,5.034423717388188,4.482560807279887,1.8815081067696937,6.341844179040162,5.86166802273639,4.75377544037881,5.013760059145087,2.606281438421184,2.2148418049337995,1.8956637989004388,0.8440460682350878,0.26061174782990826,0.7864027748058209,-1.2787961417050107,-2.6396502588175124,-1.7625484522363455,-0.9501228844450651,0.7444411309270141,0.601134141508981,2.006203273726018,2.349004115852097
13.77725988299473,15.067494930568586,16.822956341504156,18.12896032045985,10.563275822711617,12.173873348172819,14.852017044875511,10.760137962422442,14.527690227436025,10.923030561622133,3.1875153820157003,4.853071419774621,6.758756161266451,6.85629466140898,4.319697780645056,3.604917796737221,1.5933713996494618,5.685023932800939,3.9797973349398146,4.0034273529779165,3.403408275464789,3.4476648932413463,2.829433199147965,1.1959232071311636,1.41189206896343,-0.1074747122672686,-1.819596876707025,-0.8657593631170247,-0.2353555905980745,0.703759558253004,0.8692585557363168,-0.2837953970213621,-0.3720972905170843,0.14184466778176158
14.222516366022278,15.827377675288211,17.085040066011707,17.569774668317404,13.685631011487468,11.24949649699805,16.264325393001123,11.482173197022927,2.739776753522719,9.950324328655048,5.9520587734482415,6.908015466327641,6.7227238097007795,5.661442801453139,4.503420544077499,8.217114701619412,5.37503013242435,6.584232053062649,5.582852088605756,4.663568399800732,4.350014378141448,2.591196299458895,3.03493744715642,1.6127060945445515,1.5814359156710334,-0.7602919669641023,-2.1673710282765444,-1.269575090373447,-1.0384404018485232,-0.23874403819259887,0.7162707416602818,-0.40597245422004424,-0.48697717071515895,-0.4415387036753143
14.795320827279934,15.721680998230074,16.369095740161605,15.852034368448658,14.178626249064026,10.384383460135163,2.294902136827634,12.32990397900195,12.638935557873861,10.129168898487316,9.45314749738953,8.930843346964826,4.638744982733299,6.860362097476126,4.36314643292566,6.100205503956899,4.864984816200178,6.027481613072179,4.894756277242056,4.718384074783618,3.8959717454663116,3.42445651557154,1.9027422048656808,1.5516783748611618,0.5467805921795611,-1.1563661088701287,-1.5498470659807975,-1.3576089979285277,-0.7477201113860401,-1.0300827540640178,-0.9255150055017919,-0.3177293927411197,-0.9826353682647716,-0.7037326279892617
13.533946894007974,14.482032776013918,15.10737431734598,15.653213427558713,17.50976047173836,16.383005265398605,10.642248962311093,9.783503929182451,12.249995198677919,10.888790654549458,8.794403122464672,8.160200435584931,6.181781804211043,3.8197567007193474,7.264098625045667,6.197142866884977,7.406669747798524,6.220873476291566,4.929572100336368,4.4822005432187675,3.6287675170959104,3.506197620794128,0.9868995137819209,0.2413644646305916,0.6738010166054688,-0.6386443930028493,-0.6605261146337122,-0.22622861126938817,-0.6846478724440411,-0.5533290589194156,-0.027031305212719042,-0.41792696453502,-0.8266642683117832,-0.8139368935101569
13.577231871512954,14.509027596246266,14.223777673837679,15.379509333325766,17.35227808178136,9.085706101567407,7.63452314561556,5.373474858845372,8.67933184879789,5.971756058840967,6.515967040480741,8.428252320576433,3.483504045901067,7.9070713560488635,3.1548447683960377,6.390700043601672,7.09785488764284,5.913122762736457,5.066723513885258,4.143194568777689,4.011540448723957,3.5598020885178085,2.0138119400757795,2.4695215398828307,-0.08211466011622569,0.9798982865102761,0.5576784579644274,-0.2935796168229429,-0.5915988876661024,0.05918792435936762,0.3521795568595245,0.3729931604956309,0.07624396013620294,-0.25870643093962126
12.811407744906775,13.931003524454189,13.94041689612554,13.94528896576993,16.728847296017225,10.754253401539678,8.520487345175798,5.0577527156397375,9.089648504518841,8.976722853046791,5.961076613861236,6.221627661533046,8.519667282316865,7.542345371677583,6.126686490257028,6.157973689286623,7.125968476634717,5.840510124726724,6.4248906755125565,4.932239214932756,3.9998960529170344,3.2545891165351395,2.621733122304041,2.036241050222023,0.43553875562538835,2.159008150022547,1.8074728956116874,0.9858298598000421,1.028130910229866,2.035961174205627,2.963044913230409,2.2466631975262694,1.1352389733402646,-0.20354191156660764
12.696549626491807,12.448708036584598,12.247669733488767,12.806822547126531,15.13329885061304,10.590875569520202,6.798871199232666,10.447537043231849,11.275870654713865,6.667582999311098,4.540386175178957,3.7354231192795675,5.9829519412602625,4.784430278869287,6.215400963042476,5.441297453081961,5.521276106668682,7.0631251198142335,6.257894236363689,5.528298109680442,4.320595706190132,3.2313487611362923,2.260995503693642,1.948183703488628,2.2747073593828366,2.6639704941629208,2.830966484258929,1.7674879300216626,2.2132514950493043,3.1356313336272588,2.6856028355607355,2.273665640452822,1.6702442218125848,0.6490949502151343
12.148242940394486,11.486732926374748,11.273617381785373,12.867482192918166,15.680691761204502,14.548466700605031,7.289848488376778,13.507554862180788,10.15000853755951,5.380676077349353,7.514424539903103,5.317929734772459,5.129357000819284,4.7738893372533076,4.960496480372357,4.472594638218571,5.623262437052128,5.604149083750501,4.492443535544049,5.232580930006503,3.9828230407994667,2.7703917244603313,2.571494951804004,2.285460572709232,2.0163799735188785,0.9614041090112112,1.1419342232591263,1.0803682196162723,0.810849181090193,-0.29776057610861584,0.5889081450376471,1.688101171373899,1.3815196847590958,1.0027880519691859
