script/wind10m.json
{"header": {"parameterCategory": 2, "parameterNumber": 2, "lo1": 6.000198445256149, "la1": 58.999992894266676, "dx": 0.5, "dy": 0.25, "nx": 22, "ny": 24, "refTime": "2024-03-25T14:00:00.000Z"}, "data":
[rows 0 to 23 of 24, columns 0 to 21 of 22]
2.5064116557882183,2.484873521048329,1.5770669017519166,0.4116654527488639,0.11149038831020397,-0.6320728988279667,-1.3061859045082487,-1.4270129570968009,-2.209044817041478,-1.9116585459733042,-0.9527301791861125,-1.4413119069447728,-1.4925328497650936,-1.8909033797546364,-2.680625635294052,-3.107491758232801,-0.9729887305102367,-0.7622435547101188,-0.9219087969217826,-0.6729874929636649,-1.2327020849383394,-0.8657724388693087
0.4489394607628729,2.161697204146667,0.569300889198344,0.27599173627570783,-0.9728719937939124,-0.5774891595702647,-1.7579550018942138,-2.7588480134186972,-2.125042248696596,-1.1848002370257469,0.5010271355937025,-1.6129900828253194,-2.1864196069942894,-2.8664395235088516,-4.398082024583497,-2.428843022126993,-1.5052524290025764,-0.815400573072859,-0.36938551132929365,-1.5358749702251604,-1.2741074755454753,-1.2623215189527435
-0.27287795692540606,-0.21673119577473382,-0.2764948070745991,-0.34957280724026346,-0.3863184100693691,-0.7446415613273176,-1.6413701297912566,-2.4035422264453232,-0.7083415730366615,-0.21751697216240862,0.34415468673568417,-1.8192664306980346,-2.3879679262039137,-3.0111044031145404,-1.9671847826046949,-2.028093970494157,-1.9133455069539171,-2.657143214064555,-2.9853631207745357,-2.7256082219805133,-2.3345964854727104,-2.2832568319658995
-1.600691424531349,-0.9935599051397856,-1.7348021410183148,-1.006051435544803,-0.7861820251332777,-0.6107798052630042,-0.8387136834278233,-1.4320683170903499,-0.7337175865837374,0.04754667976783999,1.5487745018566248,-1.9883302389093505,-1.9220254243310495,-1.4258354490251373,-2.2959534318708346,-1.5576770431920324,-1.9166664522778982,-1.1527055792117573,-1.597121247038181,-1.879906459745717,-1.4582573806076145,-1.8384691451937132
2.244523530428999,-5.258629591788196,-5.850249972472669,-4.389010655317315,-4.262457069005747,-2.056991494022302,-0.7120506554542232,-1.818174163858033,-0.5030540977853788,-0.6684764020597572,1.2570586107742714,2.904339404007122,-1.097550785598212,-1.2455634528198398,-1.2744815413645665,-1.711005022730745,-1.4314994691659026,-1.656631615921029,-2.1215195485592666,-1.7655178676976033,-1.6318881072900944,-1.8527769078569112
3.359231880389175,1.3269872452324567,-6.200958759711901,-4.959031714968842,-4.170481221708158,-3.0553982265052655,-0.8309594707268233,-1.1108001037186903,-0.5415645755376437,0.06688115753044681,0.7862764780284942,2.3064714938597053,-1.046644778444866,-0.8489425210951137,-1.6056123968071194,-1.759704362030817,-1.4633042173353812,-1.910651700255915,-1.4799597543466394,-1.5235132000045106,-1.8949306936841075,-1.81654569442179
3.857254148583402,4.389478930185808,0.49918054037118753,-3.512449923621848,-3.714000702582406,-3.216169656287728,-2.4682183879310933,-1.5886575989840772,-0.792577448787659,-2.1003333371145487,0.4499178483502762,1.0141431947032855,1.9199351457991112,-0.8042616138244634,-1.506366295692155,-1.6672245949570617,-1.640730825778041,-2.009911427621191,-1.43458410002814,-1.6707023808411998,-1.4663549257342736,-1.1461799300491107
4.589453480302843,4.975692442165896,5.382772957198489,4.140205680620083,0.07542990445451521,-2.783102048047662,-2.5723975647172237,-1.119402594415796,0.9662123501666475,-2.5401857539680504,0.21259313955989795,0.6128283917247048,1.919704509725383,0.4354693318218381,-0.6059217487054293,-1.689967859560573,-2.088033591898749,-1.6782273751790715,-1.4396054001642433,-1.3362917499148188,-1.0922990000863182,-1.481930096672986
5.356874164757644,5.295593191112906,5.470293197524826,5.369881212103582,2.7549092069407397,1.8230319490672708,0.3028854195608996,1.3479397441225909,-1.0443718245495983,-1.6944324364725083,-0.10837438751021297,0.9102323646306761,2.802242475489664,2.3531636837671424,0.6840684463349312,1.1971478533161597,-2.2346658429119555,-1.490661423967539,-1.7356817834424576,-1.4412207202029317,-1.28136034105922,-0.7231194494553906
4.955662832926687,5.6637510477239275,5.31584912718257,5.471656131611696,5.325658125661238,4.164791595875294,2.2326521515523634,2.631976100827653,0.4146228035985825,-0.7950078545681183,0.365423458402328,1.268618912894103,2.910743014631097,2.068047532054464,2.457284762302879,2.0739599828110915,0.848075036886507,-0.15036694246829505,-1.4535381145446937,-1.223188992058737,-1.8246351506273826,-0.27815640249522494
5.035121038607602,5.396428406184965,5.658092838884139,5.295594495080425,5.4260734027668,3.7551070846214034,2.393341930365283,1.5255034949152222,2.0980580909189306,0.13415764008257577,-0.2801033966571775,1.500541604453762,2.410721284930883,3.613047328065225,4.037701105844776,2.3520377680697697,1.406285149544821,0.27749125120576756,-0.5000703856093575,-0.8280839784327232,-1.3186610533117618,-1.5128638577447786
5.381992095508001,5.232629273383585,5.638657792734229,5.020208056877828,5.760984040457173,2.6602741457630077,2.8218295327055025,2.6074195495213286,2.1190468904578963,1.797310942251873,3.234685925840573,2.3164303037586444,3.337515174248892,3.1913126121751376,3.1760100478099846,2.667799230067949,0.5570475211645184,1.2741947709334194,1.0173901076864824,0.8054741741495915,-0.9344832062469498,-0.38676262736077566
5.048016281045803,5.3185493898759795,4.714874481959252,4.50396750625129,5.7427540425611125,3.3225554265863924,2.755918265205432,2.2907152656389265,2.1558278915686286,2.984599620530569,2.4711539914214415,4.693217708546287,3.040881642254278,2.5043200987949006,2.347420325381139,1.972078341359021,2.8577821753795924,0.09360598454216137,1.240125666607023,1.637957903423882,0.014062681221374076,0.8091007216216828
5.040000998833571,4.7591976679418,4.626339608918739,4.308649917933217,4.814426586055359,3.50920276355355,3.475471443587483,2.1347011242802933,2.070332210818038,2.848961936008181,3.3571468037629915,3.363953236556467,3.17053304921443,2.591826308493386,2.765824323479278,2.742780095484244,2.787037344391614,0.41304549551403147,1.6642409582360782,0.9762370363476591,3.1541048970321475,1.4112497767339165
3.8506809822283077,4.543631344518627,4.338685997302983,4.42515208478626,5.107401614697896,3.755474853533315,3.9786521916643665,2.8987189527463575,3.052327914194335,3.4540327423884607,1.1282736558346194,3.1768372564530396,2.9777407193393333,1.8770302671740287,3.5183561972075874,3.5526705169491732,2.2185979362157853,3.4603175675978886,2.8208218716914595,0.4987680188981314,2.5789171127551036,2.133662400838375
3.2531727002477417,3.995922438962718,4.363238389141527,4.458299472287685,5.22444999142134,5.030811984252909,4.516253969080425,4.159424757264214,2.706695398045851,4.012829471693568,2.409531214643461,2.9080658189717354,3.2074067176479826,2.98196380022298,2.9842154753345356,4.23904088930769,5.666178710571155,2.574210786927975,-0.23839762311277038,1.1923575985991177,3.6695860876655866,1.0480813338952442
2.4334214192789507,3.412898722910108,4.196996462900031,4.440721233949885,4.885315145423599,5.352854599278522,3.6309561372018297,5.215537673804467,4.330282469000787,2.514271940352443,3.466368409156346,3.8875216123073413,4.102062391024577,3.9518561918404216,4.454695809841454,3.6308382242008843,4.852697142386282,4.117761331767929,2.387386074624989,-0.7603046347949695,3.436811266190561,2.5963938262327377
1.6748697089870825,2.7445452929365763,3.3818463175253424,3.919829829063021,4.528827059526997,4.962816252011541,3.782066911307604,4.05932241894817,4.560172857143576,3.1189132407307665,3.300444109040125,3.9952566988218705,3.145608076449068,2.9664037289492637,3.9396463499274104,4.598599963249749,3.9038805760640845,3.8252280616638297,3.1922783485527018,3.825915083231497,3.89685843263277,2.6639739099425275
1.776398604032623,2.2389290496851095,2.1289651387071618,3.626503635675664,3.9360451401115113,4.876076340784614,4.749232823491681,4.531115075183829,5.962946322709267,5.826026788086861,2.347093073287098,2.38144440221627,4.957196360698093,4.728582847888602,6.477264205093493,4.703456032962736,2.565555474719891,4.864601217049947,3.4708686942243014,2.928175323333133,3.8942474356329027,2.6864185080115566
0.4158428664241004,1.2849822873893364,1.349757774350205,2.655943039611257,3.491957547102168,4.221682396115004,4.225881018044224,4.368584498542004,3.9182004014555067,4.3067149259292545,2.067598126927461,1.7500573050137933,2.2852937139119778,3.393000792560259,3.6940617912249687,3.8334696414622003,3.229606438425419,3.602836590783485,3.1863920443714417,3.5983767471924417,3.5414198420172887,1.8079504289889463
0.6896034113621458,1.1550052019932755,1.0414074684604813,1.8962987350907308,2.9005734796907587,3.8458855067476194,3.5070311711210698,4.095980338167176,3.700028230978315,3.839949111171872,3.3357636185806303,3.211628805118838,1.9365474071264388,2.7171069392601837,3.2547374720940345,3.4119324641763287,3.4672893811803336,3.2727655736713532,2.3281398199984875,2.4708253878131905,-0.8147132152978158,1.047621556394806
-0.9240346821224605,0.7809670275934568,1.9231314169946114,2.6789432850110857,2.0076701954126266,2.2979345182257513,2.6568724751621593,3.1938861619868386,3.4352513767439454,3.7142363498529036,4.501509439446655,3.4554788678612227,2.130069699397993,2.06610040899501,2.85006735886458,3.2131888059983034,2.8706610147152034,6.133136642047271,2.1525822098868463,2.6412583556238736,1.6790361691178235,0.6308522514116504
-1.324873529130251,-1.578491396647108,0.16388557013514074,2.01974697990791,1.288432342467858,1.5255148075522582,2.3717660754179013,3.0256189684996646,3.2865999716698777,2.989519719176786,3.7448203248191057,2.8989841793880435,4.050127537795012,2.357151031796692,2.658319301076405,3.6216059775189526,2.7302327555156176,2.5125245986869507,2.0941897128165947,1.9731342883590506,0.6139015564665861,2.2128284340378093
0.961982433852823,0.8102713936610468,-0.7768532433063826,1.7257837579415622,2.270947498096418,1.3004385046653761,2.0678198728648725,3.745935333814965,2.281632181686852,3.1011093723553866,2.470412519340399,2.7537003279077625,3.3939690958046467,1.8656161789043737,2.8785027796308515,3.091769714269642,3.042605628205792,4.258798158504539,3.3396042318976047,2.2716023283847186,3.141143755477202,2.7608106152362213
