script/wind10m.json
{"header": {"parameterCategory": 2, "parameterNumber": 2, "lo1": 6.000198445256149, "la1": 58.999992894266676, "dx": 0.5, "dy": 0.25, "nx": 22, "ny": 24, "refTime": "2024-01-24T23:00:00.000Z"}, "data":
[rows 0 to 23 of 24, columns 0 to 21 of 22]
5.387205815748705,10.597312312940092,9.214845583072886,7.177162201681056,6.631866381909826,3.982634742971385,2.9059236764355454,2.2995732399769864,4.085333043321988,1.1001037962250984,-0.7406511264690488,-0.4092092591736466,0.9207891022524075,1.8226979237341263,2.5404029707158746,3.4173093006564006,1.1054921836941345,1.5846148378015985,1.6669539571876568,1.3317526700079747,1.509388110263937,1.6745182548832775
5.449693260121375,11.834143217539511,7.67075473872775,5.423575929988051,7.546773562368411,1.0347906283707409,2.672748873500887,6.908236454850695,9.719482396226852,8.770032919052138,-1.197443690251579,0.5986231767772043,0.8447977777540344,1.9947638530410599,3.2200153826923623,3.2223622541754198,1.2290036336041377,1.8071671348414073,1.401033815125593,1.6785353948145187,1.3255799425356372,1.8323489830552853
6.178008873674692,5.908508094985443,4.551359080178815,4.94949649586635,4.894664077084448,4.167733260106877,5.8652023836939104,11.376432739624706,12.170822383752077,10.91938606215253,5.4453662541595875,0.7775769763003301,1.1507038973280803,0.6738564429447154,1.6968608554347389,2.1618405376739362,2.0341475722398576,2.801073186141897,3.434768065137996,2.8422919250381007,3.019684767081112,2.53607132847658
13.311771183483605,8.387503717209539,6.5716167875864,6.740336529068888,4.334745627814821,3.7855680063772272,11.874491588484265,13.958566818984268,13.639024765424583,12.491952099875578,11.336141793200376,1.4815700863007824,1.8456580978198567,0.5967169783547962,0.9199840381003341,2.2533803997343256,2.409518291098307,3.888238677101832,2.9598464435712293,3.0487865431298666,3.201588328470919,2.833429005491655
14.858829896439781,14.72471689911161,9.484866611555532,8.92554676725867,10.20372363004576,10.04842179035788,13.32738962393046,14.483055190066613,14.54947615907555,13.177751753293117,13.113586970539295,8.856621350462307,1.81076886132386,1.2301388567078306,2.3173574519455453,2.6746242016435855,3.094339355567471,2.697533044404101,3.5723355821043397,2.680787218635046,3.0316686562101918,3.1538613538980407
14.603887866205477,14.79237196904339,15.446758234972089,14.276035491938948,12.240130246827228,13.363514890971993,14.865345912364008,14.696136692520303,14.403377857559464,13.322201882375271,14.751963078174581,12.395589360487714,3.123157213660592,2.4620131947491597,3.1861879641324116,3.1468980270696005,3.054485054004702,3.1269980732585596,2.7730686118801753,3.1287242228585996,3.36846496441574,3.2360192343156022
14.40076266923433,15.196930924091916,15.596181798973632,15.860071085705563,15.17463542289079,16.84476366844115,16.58887194928821,15.368594736340965,10.711540995404851,10.896795008894903,14.011209240527204,13.51535524391254,6.4306306903917845,2.5880257397361466,3.956964294023436,3.7102824673152486,4.330127526903943,3.376343595249207,3.547281758996537,3.1607586130911276,3.2733023823596596,3.2816266977428454
13.937381849037452,15.25177638914259,14.857090336363662,14.730662074208565,15.564840461817417,17.683459194883692,18.242506174384836,17.252764113088055,11.603372771395627,10.58193738996935,10.528914989578801,13.529741228069657,13.585534864144156,5.014001782216738,4.153533632273611,4.058331952804424,4.65864607403522,3.6604018053872607,3.672491203159676,3.646137430052763,3.6260494389239213,3.9889837977541456
13.604408963466176,14.743409979839456,15.380916433797088,14.643382486264485,15.138306268927842,10.032720849596506,15.987842243651018,13.85655432023039,11.056176838915546,15.70121778149799,14.598856403017873,15.293972226253187,14.848278699236728,6.449907201521486,4.788965497985208,4.552180977439916,5.131634845390042,4.942808142825991,4.891728677873138,4.45535193552767,3.756860768601862,4.5677847202004545
14.897423983525979,15.060565489304595,15.119882790851058,15.173261616314164,14.980051325713854,13.256751251433531,13.173053328093031,12.400551404519517,12.33085975307406,15.736295421348933,15.716041730041328,16.517951852321406,15.840919058909742,13.591566842807719,5.139518171255581,5.144741206686108,5.417691292307676,5.342920907258963,4.908549562299688,4.888256642733185,4.742987504037658,5.023252276394893
15.186033790442375,15.215214141444386,14.726225788092208,15.38692286540694,15.198259878534694,12.342524584998193,11.408549765028628,12.375462774884037,13.064043507186568,14.480363546321216,17.25911744224882,16.039772892611747,16.11755211459954,14.860752607965956,8.401828094195523,5.957570427262684,5.459570604953731,5.609208044974816,5.943732523399809,4.770359358102619,4.572372433034837,5.635513977676326
15.515911734301714,15.540973773354033,15.169839303000686,14.505065590657864,15.444524755262398,8.740749913325525,12.043264476431245,12.17292918590352,11.373824321703704,14.185714540019426,17.31556649966141,16.41531408357256,15.513315947446186,13.044027905841382,8.198564017136235,6.82768906175304,6.9848000624586355,6.243452619668392,4.708241476841604,5.303695974147136,5.5122291885348655,7.703646689867242
15.843864138821921,15.486527369348472,14.118853047787791,14.533843340753654,14.411911365263755,10.152249328918773,9.873570411278905,10.362805778633183,12.953579843444157,16.356749968394944,16.59901489584279,16.225080466692827,9.433595315269859,9.506301174514784,10.839305822728896,7.509657146748458,7.15985123515536,11.143830481853387,12.305258044889653,11.10478264919112,9.527077308221829,10.654733052599244
15.135070677997554,15.846423830525971,15.256716610326002,12.595002730719072,13.776012619204291,10.87940518168013,9.905990089432816,11.785487344952902,12.4714971196786,16.396256198206604,14.16629025325831,11.843771554992916,12.681669249155073,10.175715569520584,10.613253097776317,10.853492433894404,8.10199096774718,12.748809280284497,12.182938996575746,12.464450554190723,12.269831310950691,13.399562737281851
14.611180657583944,15.230277648267688,15.197386067604079,13.540890118678538,12.126900408241289,9.082930037109264,11.375699773810013,12.745797727321463,12.707397628604946,14.601710768401711,14.979343248660246,11.210444043094078,10.714611698935354,14.878997521956007,12.222632938428056,11.59866155036892,12.257702115841028,14.388960835569609,12.54070108981335,13.05261542009544,14.063474948559351,13.523368569216442
14.441178052853209,14.944229714420654,15.122403880692493,15.26650603004491,14.625973908256201,13.44387157333647,10.3503081315759,12.305890030178656,12.217471466650588,12.921028567996009,15.179825113634065,11.722257816282662,11.662969219316661,16.524343254389095,15.394345670203569,16.21071985268452,16.748486686302016,16.478326636584082,14.012554186540525,15.108534132848916,16.039555365322627,14.962837630145788
14.531979628351325,14.799421970874759,15.355417542213264,15.31955267189692,15.013781491451542,14.136900616866214,10.660725572704195,11.461732333212494,15.200176713130428,14.938045771547479,15.433183526544802,13.744659473454456,10.856431310691882,12.160646427007833,15.05664587854235,17.14785235951415,17.539590921812852,18.222029833258336,16.661223490042335,16.187421206675346,16.158692605432456,15.463818482658176
14.234861861639846,14.453131565239865,15.108081492123373,15.18714007163791,15.551393999466365,12.13306059646874,9.801774301615469,12.140927690372312,14.807080421260405,16.63545105055718,14.093770282021032,12.430748685184458,13.217318880178283,16.77960970136222,17.805806305932418,18.01456582810141,17.859784438772962,18.52651595790547,18.75026236720834,18.40782129788618,17.293492329681726,17.938492283957984
14.076204536085772,14.1339882445055,14.719177609445534,15.10915046085729,14.650046812820452,12.807543979208189,11.155665143825958,10.8015371222157,14.580082471974736,15.578705240684002,13.556279597247949,16.162336498597302,16.38564783839267,16.235668157999836,17.584743487147115,16.58296555498874,18.518151902421565,18.555336596729862,20.35718202363409,20.466222143406387,19.93243542841368,15.841296538330212
14.118750252831136,14.198887702996734,14.296842548046119,14.514188797659791,14.24749426838977,12.774197234744895,10.198059279912462,11.071560245675656,11.812035841021824,12.56306929586896,12.407859201191929,16.00249996271174,14.985540635646695,13.09213874408299,12.322940975541135,19.452707554954806,19.868151714818854,19.460867351195855,19.962330424994356,20.86035119610643,18.128456125561417,12.174917979393092
13.69193317552263,13.933680452561987,13.558349511798033,13.590673701261656,13.826577170718075,13.386828307717053,10.299809754668708,10.272818937058704,10.570749308456538,11.984085126223013,14.258482159905505,11.625866746850322,11.667168989026665,11.645228928964514,11.436498655104543,14.824105375190994,17.239666542898526,18.011616520664255,12.280022349328044,15.481145138590241,14.613527096894,10.620565104456853
13.226797241387908,13.5970815256633,12.862346878459114,11.256532694113739,11.891663465067007,11.104631270255735,9.174184831057948,11.734572059896289,10.414845150036586,11.840159935528577,10.781218345924303,10.980124154948895,10.036011455859779,11.867447137514468,11.740423334273029,13.118304591047309,12.271856901544293,16.543367412193316,8.291509868475767,10.663701906014692,12.568321815866634,9.68332662446276
12.067263685315815,12.747803422346786,12.132401248783921,8.19107781359889,8.879499472690721,9.393578174980684,8.02770316891123,9.223670353251476,11.048495077583555,9.898155849893653,10.027311693644599,9.450389966172267,10.781895204083842,10.573611247564028,10.7556334624745,12.947067105356938,12.07392593730539,9.17995645649852,11.93280721701133,10.012636701828114,10.406283560206218,7.55459110625288
6.890132327798842,7.834265302354449,8.907734152169443,8.900811201157056,7.683811452202813,8.781900623938586,8.603776063690363,8.170152545673819,7.2636202544334525,8.630404269505089,7.487387676598625,8.075596148575135,10.841079200000818,7.467452577042325,9.963009377388143,10.153493436373772,12.828764446491743,10.606331023965904,13.405905265618955,9.139676897521282,7.739978850083442,11.097892274660612
