script/wind50m.json
{"header": {"parameterCategory": 2, "parameterNumber": 3, "lo1": 3.000054539987559, "la1": 64.9999836372058, "dx": 0.5, "dy": 0.25, "nx": 34, "ny": 52, "refTime": "2026-02-26T10:00:00.000Z"}, "data":
[rows 0 to 24 of 52, columns 0 to 33 of 34]
0.9725493866306035,1.207323994228971,1.0616092962033576,1.0325153894919858,1.8383557104797585,4.471340070921778,5.230525488425386,5.259504551677014,5.46153157531703,5.889668766472822,5.646406698897672,4.746718257083395,4.090564323952736,5.091288181458168,5.6793890940634,4.393039879890859,2.7951472929107424,2.9500004732723317,4.375671319727003,15.393164506137639,3.619774223485022,2.48366112380302,1.0942330805659348,1.2457377111386974,2.577351775022509,-1.0433134714539933,-1.8315630815030317,-0.8234532505294188,-1.1289948775225946,-0.733316672199971,-0.2307334940667813,-0.2855643690163841,-0.5850433526764701,0.572094080399199
3.177889258373694,2.3201833332661916,4.324735588017822,6.860985135243604,7.837000891993869,8.188305840458828,7.79405297337585,7.065011192439615,6.294803552313704,5.984835000812161,5.543646031053308,5.5613378586962385,5.707481516334402,5.14390390111287,4.825766761374043,4.163558376107357,5.946278427923572,2.766193204805014,10.310066389507165,1.3381007921961412,4.307893047760387,3.0883646315514826,0.09417913888263812,4.06803203920418,1.0346113175556149,-0.016917640407362627,-2.5281814646042102,-0.4854194485658094,-1.0046529532970916,-0.5679009660085879,-0.8112961870018243,1.314823117022111,1.5474604010171458,1.5167401081444696
6.760758825847584,7.226105172545409,7.225243923065661,7.035251812903319,8.57024194352729,8.537232095534936,8.065408179762485,8.131525466470748,8.168235018677812,6.966031611390736,6.965763852059041,6.253822279579487,5.987906487714887,5.465046426453578,3.34115805326297,2.106402425274603,5.078887696683957,3.8374112657172206,-4.463046998172981,1.7933757640602024,-1.8348229073430455,-0.5567114024189176,2.0255315984837736,2.9628169975050276,-0.47913377754949193,-2.0915685938823367,0.7434923996383197,-1.3491094038294673,0.9243622035092878,0.8355959498797803,0.6552342516100113,1.7873549196378824,0.9225507495359132,1.266398035118026
6.7735531674222145,6.677485709298927,6.524357034348968,7.248846853909711,7.599906361038732,8.023659887738186,7.669141082074008,7.272445921123188,6.7823651732873484,7.882578865041802,6.8525631715634985,6.659088335992818,7.040457278007085,6.606613415324859,1.9078041461095208,8.64020758895264,0.4092145044557436,4.657326121604815,5.679072485424775,-0.650270024756938,7.081643929206453,3.8616270375217048,4.188031294549136,-1.3742000353404238,0.27419538952115885,0.15774612446099895,0.2777730385356929,0.13465965877233588,0.7576718093539555,0.18613206804691546,0.4441410436734873,-0.09501468638744673,1.9150419715471703,2.1139109027918637
5.950636684409136,6.168567636811194,6.874165810782212,6.556056305154732,6.905043503442586,7.583556249866511,6.832074667123451,7.445909426361201,6.377168173973228,7.181574490937198,6.435796319421719,5.941825785544676,6.299768873651652,6.7794714055971985,4.225443834719411,5.638134848681722,4.156445449955621,0.3503075199542179,1.5749856695939715,1.9032162297438104,8.346913295843567,2.674069368809232,1.6167789399660708,0.44112464629034176,-0.8514122870227646,0.3251228459850721,1.2264392606346173,1.9126716215131911,0.7406636998295778,1.4215378413965785,1.4558782343855516,1.9828851652441335,0.6604753666856201,1.9206566079458873
6.401245395376349,6.886323506813071,6.431820231809238,5.91052486885469,6.72580898495348,6.716556147181825,5.914174136684365,7.607978453528891,6.563046011109587,7.125919280656575,6.313359874699734,5.881273750952915,4.033778991963118,5.473547716983524,0.5248685915129618,1.23391653413815,-1.7232884662234744,0.5168746393666158,3.38212189598973,5.476891590192913,2.4799363787265163,0.41419672833185894,0.4417234181879917,-0.46108632217794665,-0.9396818584530373,-0.5527047825458985,1.0973223464743518,1.5180755316634196,0.5220961965204247,1.3439075582640119,1.3309335958722837,2.0191810079967696,0.47170482544825526,1.208195582436249
5.057471754654788,6.103675925107812,5.760154374523049,6.450440815785474,6.107364977401843,4.882655515324852,8.314414581107021,8.306608018169662,7.745247395932503,5.285012010698301,5.790074636976089,4.3218907013553265,1.3478048316202553,1.9807800525970047,0.6758471731056089,-1.1073847997320245,1.7822786682540823,3.9082471060597697,6.168849800425504,4.032762246958117,1.1001954232917746,-0.11921299981780385,-0.28856341237039856,0.3457033296710817,1.671183715046136,1.7616574573164443,1.343547311949571,1.7232340248672213,1.0108405667711005,1.4353171854560323,1.8988474500537023,0.9528345784620208,1.617745166428039,2.9832231873314754
3.7656737960645086,3.6579086029811463,4.407655992990455,4.6592817835951506,5.241918538788264,9.609452534163053,9.879275968106892,9.374150998731684,5.261050324390436,4.188035197358018,2.6978808091676365,2.3968486997054996,2.3778156446803576,1.181252745817112,1.0630733137077404,2.614160862091779,-1.4425729674014938,5.877501223621648,7.992568264840489,-1.0434850348771514,1.4306826508179915,-1.214539110536966,-0.387770690904711,0.7236389903534366,1.2992127750869913,1.5771726815448999,1.466035365661005,2.3154865105448925,0.2701503110848822,1.048163991511329,2.9980558171533134,1.4829294000441007,2.261693435577653,4.9765111954821
4.446277469199063,4.50205701721501,4.642928534453756,4.34896470258524,9.543160772581048,11.20096449945633,10.750066185497761,6.72376432393095,5.611287300220216,3.0772306675924823,4.545878715773197,-0.9854890025123098,0.3769388269585601,1.6306534977195246,1.5295196738266115,1.155926074055397,5.677584389213527,11.609626412084214,6.464758931310309,2.0515065819231566,5.295830991524039,5.967078317664063,0.3392935278059619,4.945079861063894,4.123956418763132,3.122732829960526,2.4316575134080565,0.8079314869220109,1.6147058017718559,-0.026159472319979324,1.0716040123031447,2.455463347806235,4.424511917818814,5.557518301268052
5.62860880021653,5.588798240263182,4.926145637522514,10.479377372024846,11.17420562703352,11.867113674623022,9.012659273038444,4.875154902920854,5.7446218382782055,0.19510990957583169,-1.1646677258099085,5.540934865636156,1.851591767726466,5.139582707742274,6.430452041487858,8.374746427670201,4.037144508955392,3.1930107353195556,0.880722409807132,-0.6963745002119854,5.26397838902948,0.4243520579077368,1.5354558198263806,3.986764367868743,3.0998566052570493,4.019135247864332,2.313527566936714,2.199456734907583,1.764498042710761,0.7881722446431086,2.451489604081586,5.529966344165288,6.128449895485644,6.409436166712906
9.21434573331678,10.15746296516846,9.814549684658138,9.96257044327813,12.55882123949759,10.17252344882939,5.838247383402187,0.22961641649986403,6.739767906088762,4.394841417058896,9.427551528878796,7.288313677812412,4.089647475734477,4.349427598109537,6.845301915262159,3.818932680160854,4.177116795614042,1.8765548959517848,2.4253656451808734,1.6301145088705389,3.1960027721715716,0.8745324883530141,2.497059758573989,2.4097578267522466,4.285429432915085,-0.7767896708404856,-1.3615136279359863,1.8069653598421185,0.3895245305803616,1.251598412292209,4.88443159633631,6.967986704734873,7.1619760370630345,7.6710831587507515
8.950245313603311,9.314659413115171,9.257089249493236,9.784220090235811,12.62887962016083,4.10483276911903,6.863506271939133,3.570704878896613,6.98124589200963,7.647513855280152,-1.6249540511907277,4.3779072366732805,4.661729796023009,0.9925127449586064,4.23039709713063,3.200982527270362,6.91425341025977,6.23468538966533,7.311993101082018,3.3247719616138602,6.131731450166748,-0.48620597595673565,2.2237363405608623,5.902143751761184,3.27432407684248,2.4884841696879647,3.3788268530010543,3.0026479833418867,2.0540227098774366,3.317074008660468,6.938765414910888,7.801422893709258,7.854967699571649,8.452424048172007
6.528659867683404,7.460303579327518,8.279389520111174,11.461546928837608,10.71965311583636,5.990135964488867,4.506756939922147,1.1539855189049555,6.987370189799199,4.408976053388673,2.4772557969249926,4.250078192407324,6.332798109766133,8.131547708864884,7.147391515743079,13.103221456161478,6.993356207625001,4.152659332581617,1.1418873277808683,1.9130443315323966,5.953700580500412,5.115157048161218,4.61522202694619,3.4546559326404354,4.03482679854198,2.713482804708673,2.8208146311900055,2.465071915833127,0.566014760922597,5.351626527766957,8.458526361907653,8.159836498781587,7.997293257405495,8.6745680194323
6.59255805678956,5.010518078444886,8.483441023748627,11.069022147916723,6.854325556989012,8.586038331226131,9.934530519381276,3.3645927900674266,5.686680471814926,7.773818675026667,9.010306859180798,3.243551679831506,-0.46621349652127464,0.7605225015045299,3.380112070330927,-0.8719477887003693,7.222851215254848,-1.1251288673198636,4.872369654878948,4.187445845629523,1.429983246219548,7.315077924656857,4.240522488902004,6.047191951790968,3.922829825632727,5.756042036155201,2.691120924771166,3.2976161811158797,3.0233192249425036,4.90837956608392,9.114255673062317,8.921656336519074,8.11042520809558,8.270815632185043
5.70738746171505,6.337703820145002,8.007643454147301,10.49419316181888,7.000677165909181,1.7593709708025123,-1.093939780634798,5.490283810741731,-0.4815199450387322,4.072263084935295,-0.08020258818121738,1.231080886892327,2.7424327168543376,3.9464943630909577,3.2740137269218166,3.2266280916237284,4.972112319443127,3.1111801139244397,3.094186769022382,2.609051246485598,4.450349219485628,3.440982115805468,4.9593108256755505,3.874773132541135,4.554508005173372,3.5388542276322412,2.1805393824308315,3.262995010133421,3.1566334495795125,10.211629410022347,9.012326049747951,8.302538760842095,7.910467437227808,8.184898571806238
5.636978221689168,5.914419401868367,6.454466661472832,9.804675239242961,6.165536745769413,2.331920587792926,3.2650203190099196,0.4708580336183583,-0.27835694748820505,2.2181092741039707,0.16766036388873126,4.456360402722456,0.9458725481495684,2.9166577298386787,0.3377565520170711,3.958695619906222,6.497593309025967,2.5214146764715784,3.2330179262388223,2.606943464761129,8.146637888114345,5.556713668429821,1.3104183598985661,2.8482688781176,3.87540805218987,4.0169794139719714,4.894086668687497,2.2619588405877904,4.074979304408636,8.698299038173976,9.263129701234522,8.382447731862516,7.985748127666627,8.537826910590796
5.515829231232132,5.807754883125861,5.520021504386782,8.224371026068042,6.311895424322409,7.23364592324786,6.915822251951831,7.6907964620434095,3.2821838199384166,3.7705431048761167,2.3887878212465545,2.8780426131850203,1.3365902176773141,-0.3989367535820465,-1.1407966612782157,0.43793905480741857,2.0976648735850496,3.179003863821284,3.8723179072667695,2.8101480688435476,4.782276509958999,5.197896727647701,4.380315675173109,3.7775486651069947,4.224839890347884,3.8049797781030037,4.890550722936272,3.398141234607302,4.045091379052721,7.571663809163359,8.78738910824971,8.574260380544095,8.84552354003826,8.839726273711568
5.34550231609328,4.602150364403786,5.219921291420244,6.331496913742588,4.795639219316821,1.6393728303985775,6.476385538053735,5.471635448559618,7.189804088422015,4.130017330480802,-2.477611827224467,0.9866485516309355,3.991481501032504,3.0768838877587155,3.6510727845036364,-0.7962705125784613,0.41231074712097215,1.4575662411310262,6.932832722098184,3.6828239598086916,5.0670113242828885,2.154466906985928,3.8127011139933695,5.625841578808001,4.730967747794964,2.9894268842890988,3.6972700023185303,4.276115915262295,5.339386058601129,7.809248314994327,7.928452537329177,8.767880080017704,8.942979508298114,9.30292023487053
6.242693420083518,5.560634727136533,5.548241642432848,4.205927137215084,5.594436933920219,4.907121729942098,4.95115494535511,4.360536377738979,-0.7124587367214109,3.303982879677602,-0.9292624071766211,2.0870707869488223,3.9917036502905163,4.605505680544156,4.125590804818092,4.127275152166455,2.6342258490002823,4.26854922127526,5.0389777667956315,4.305419700593258,3.8594503644051636,5.162599597911908,3.789932162941614,3.897375222850392,4.259838881707167,3.617483250930756,4.868307421331043,4.758834164781071,5.4879394700980475,5.521075578950915,5.9208058254587534,6.846648513599196,8.856018993051247,10.270449033587015
5.943959663921956,5.440477765794501,5.393276841909619,3.5899943851739753,5.587302866707664,3.8264652754428545,0.3285015577530216,5.698080811796426,6.527001928562803,3.7000452119425034,6.432031490646587,6.874020466576546,2.167722331620359,5.298968051873667,2.4602199765696433,5.34051729096156,2.291398304672696,2.7860288835478126,4.96232816366622,2.7351464740658105,2.995813013524141,3.9169340474552086,5.245566953297516,5.551051487036069,4.260090215444141,3.799839675098025,4.600073486869228,4.4483537754703955,5.836087326329431,5.625503275654348,5.953669990710721,5.413706777730651,7.380240002524926,6.754934305546292
6.817267510783992,5.353814770636773,3.811610850856356,4.15510152675786,8.630884808665476,5.21068450333532,4.830858354546437,5.191225448955923,5.756545430740757,5.179040701556946,3.516286030545525,4.072206430062033,1.4243045812307793,2.439536226904292,-1.6119316257421603,3.475402809461896,2.6330156018176925,5.36309017961594,3.556979301357493,3.74132782867533,3.627851500452081,4.652116942592805,4.926548126325955,5.379404907130401,5.765672584128263,6.048719726722806,4.505191982152714,5.100120124157886,5.069170645149352,5.749958025912567,5.8464528292134075,5.317540460283852,7.4697132126973695,9.646942732287025
6.87471922999568,6.599759415963825,5.159880906713969,5.131294060696309,8.073841903063498,6.016782507186154,0.4757076761815744,0.9112744518584001,4.4005413185133335,-0.3128749246264556,2.957606396537887,4.51206130490168,2.93475764703148,2.6873610346912424,-3.1088118218699394,2.6330118427399474,5.027054994206552,5.644365945176585,4.472578226407601,4.675047279866067,4.5863947668505505,6.230344650871414,5.620401620975153,4.662993080837897,4.277802920933779,3.401406766567037,4.818237674204003,5.178525975339769,5.285857545192878,5.919181642997575,5.173174659407979,5.563293316947779,6.137249707892853,10.995898431114075
6.629323831020498,5.7253058362461795,5.37740089082824,6.430671858495133,7.574810319676876,5.315348367846469,4.124490039957338,2.4052774566054653,3.765145153200777,2.322809377327941,2.5897000616729864,0.6592645559144027,4.169138500533481,6.35674808711139,4.009046363119096,9.96390138755526,5.497253823544592,5.2848853135705385,4.599384087936709,5.339546530258241,5.437957338853418,5.991972006774061,5.3813065005294325,3.9902015570499656,3.338469752838422,3.943332455136379,4.731389966852451,6.319118831612898,5.75505330446118,5.941865595848102,5.931094667664961,5.779926765637048,9.496713515992875,12.640290620154722
8.225611799216287,5.949804980989037,6.5789702850683,6.65431233305852,8.165730417990918,7.143471749626839,5.180202609251124,5.298373007365254,3.812477174225813,2.550119896539625,2.617921200522043,7.184130601071457,3.0749513971201656,1.2575638832013885,4.660248796243287,9.120787139380266,7.642278493174047,6.008289065749385,5.6373246003951145,5.4565482258221785,6.843270356713736,6.6559345469469955,5.682327896342248,4.318541792585076,4.394475658293192,4.674210734128578,6.938751666998091,6.239176898486265,6.0412996959932315,7.10756460179694,7.184735219073114,6.973826321802062,11.791648080430647,11.692581276949937
9.738778056900292,8.877841934733903,7.062908117415003,8.040449549750022,7.5870368135014425,9.341581711563908,3.09730355414895,5.533357453163657,5.5178640495008695,1.707013133584188,2.754501372302516,0.7203750795205975,3.082664575116657,3.9152077323957255,4.409833084584576,9.365509682404934,15.99077426537992,7.003495893783538,6.18399488637411,5.59355897529096,9.931596328462138,11.053442561485607,6.113293003405048,4.800952510999875,6.795928566542656,4.890621450824757,5.045004210727214,4.233374222149857,4.601553043290929,6.574730935882252,6.7746836531475605,10.424314923159205,11.54981454349428,14.906500028498325
