script/wind50m.json
{"header": {"parameterCategory": 2, "parameterNumber": 2, "lo1": 3.000054539987559, "la1": 64.9999836372058, "dx": 0.5, "dy": 0.25, "nx": 34, "ny": 52, "refTime": "2026-07-02T05:00:00.000Z"}, "data":
[rows 0 to 24 of 52, columns 0 to 33 of 34]
-7.726485842747275,-7.228960464573959,-7.740940208750956,-8.13295274174319,-6.378353567902251,-6.434446753046113,-6.532991766580316,-7.3135462805983105,-7.53568110912505,-7.162410706676097,-4.72623594919333,-6.525659622747211,-7.41925038191402,-7.742898621244416,-7.710597322206522,-7.017103983095794,-5.302872430989263,-3.3055548373482653,-1.8525790032253033,-3.437949978835579,-2.821140308210173,-0.0687887489583634,-3.069967497652446,-3.6213628067572015,-2.0431010380822148,-1.5061219090300733,-0.8924290566144922,-3.628060167780441,-2.470772221203708,-1.222435406581817,-1.437011107225008,-2.5784315874299213,-3.5525447006008535,-0.5246481353091487
-7.852764978562292,-7.960243335707998,-8.804236289021754,-7.30993222779262,-6.852584762864894,-7.011093079395373,-7.124242291907381,-7.695858136050064,-8.168862864147155,-7.678554538662047,-6.9557343018202245,-7.078830912165035,-7.699977132970048,-8.05319027297286,-7.740813706083001,-6.286317465123203,-4.52063353206072,-2.094385085419363,-4.9613705008767575,-2.9823424253477766,-2.412100485881303,-2.0967213599010406,-1.288974721551935,-2.193061781753648,-0.46933017009873634,-1.7752952145356617,-0.28753342280717664,-0.41816650162436414,-3.630698566912387,-1.7706093659050175,-0.9934241336373626,-0.9825485480503447,-1.9784523741200253,-3.7843271396742164
-7.3901661939069525,-6.619906205648728,-6.8392279466962655,-7.327550552015912,-7.46856327479132,-7.6280059521096755,-8.29842446901156,-8.416231135956778,-8.270046715586243,-7.439143531463717,-6.899057327736532,-7.339725921425963,-7.741424138422832,-7.809024077857172,-7.7477263391072055,-6.257487753854074,-5.309701255218824,-3.867790261727991,-4.1268493875352235,-2.289421269046904,-3.7625182277927176,-1.5853137269502873,-3.5530226946252648,-0.4972360343031546,-1.7431598915423825,-0.09444968394385646,-0.08342159609219228,0.11867575083286251,-2.338372694373083,-3.5123404169848262,-2.4876521644127596,-0.9803183888624267,-1.9628336241594717,-3.24824474526873
-6.4050377583781755,-6.184623928490005,-7.296352911189485,-8.165750151507806,-8.11023704284931,-8.332084206198521,-8.363405357477045,-8.752830840880106,-8.115874105838575,-7.725561684153068,-7.330165600621994,-7.568634396633941,-7.261912111439676,-7.416995834461549,-6.935878394741026,-5.324411681533495,-3.556178363800353,-3.7339089164732626,-5.112174681087029,-1.5182148233946242,-2.9497640400814715,-2.7158161559004768,-2.6030350618557314,-1.1618120271377432,-0.34290956619495044,-0.4469963417891596,-0.9788928121764865,-1.3399926024369442,-3.0762073757206156,-2.411563144042435,-2.3203455942419526,-2.06589485018056,-2.6239166948803168,-2.1041864498314107
-7.157367013772261,-7.2967240755598,-7.6445774412391065,-8.40051525933214,-8.744668902346797,-8.501310805327105,-8.076815560801629,-8.554458944016401,-8.158529377993858,-8.05874422321664,-8.315206556111884,-7.255906201791742,-6.178472882275546,-6.1779329063040604,-5.7609386679496115,-6.458724599313271,-3.3249267868615093,-4.0961883443731715,-2.7842270273665837,-3.1447637339147696,-3.639069777432986,-3.1719701520055836,-0.6712825378680454,-1.5145831691555114,-0.47699771930586893,-0.8513729716943125,-0.8681637522987,-0.5654789937582995,-1.4088246579374653,-0.14245497143402064,-1.6525222596132356,-3.699740547297969,-2.332584122969309,-2.670188507999289
-7.871926240006629,-8.213803899590303,-8.377770189337285,-8.72598498269841,-9.20411844850998,-8.860072144279627,-8.677872206251765,-8.829989971051731,-8.205457213874183,-8.187794957345142,-7.17988733210029,-5.163346533838506,-5.624838075670111,-1.8324737102489312,-3.5849293304698637,-3.1557304308943763,-0.7141496391838366,-3.628285707385391,-5.238822843487949,-5.0753081929047035,-2.9548410076424263,-3.143498955316603,-1.5468025152571192,-0.5662047370735442,-0.12734463660303025,0.39348817230344296,0.3003673298714999,-0.3857807403118826,-0.6758178574099952,-0.9552738533023096,-1.4758179916782725,-0.16717635227090497,-0.43622309822276534,-1.1819933505338904
-7.81363129263382,-8.393775285966434,-8.392067531087251,-8.581065971209572,-8.710902198221401,-8.36555300997285,-8.239518930100548,-7.741595160431403,-7.7698608035313645,-7.11048130916352,-6.428909556468251,-2.918312139053098,-2.9147091267524616,-5.029431983396012,-6.044747960006708,-3.6428746037236293,-2.093589173755652,-5.397864619926447,-4.899062940521438,-3.0849288762867073,-2.3027317635983664,-1.7085799048735326,-1.7816681826875251,-0.745158795751071,-0.028843702623867866,0.16592684968400898,-0.3063763035962747,0.4725885600544628,-0.0652663400995192,-0.02813040662308632,0.4397521488850301,-0.8428236435725089,-0.8343751316681085,0.344998909405097
-6.613308631782011,-7.23093859663513,-7.401176263051989,-7.78848900907537,-7.942014564186503,-7.429884492772096,-6.7518333349769515,-5.763623721783372,-5.328919151386009,-4.932853725202446,-3.323097783259566,-0.20757777967916588,0.6226322905282496,-2.764102820264128,-0.5272145332468532,-2.012455626725149,-0.8454671061488785,-2.494079720511994,-1.766740836895944,-1.374630460276293,-1.7385759636648437,-0.5691379200767053,-1.4214472635549575,-1.1863969934150225,-0.6691637421406472,-0.2983751561266958,-0.3998075854897557,-0.9039686377883429,0.030561516084442304,0.3109385119853544,-0.08039679752264958,0.3773357608801785,-0.03153490195747634,2.0306652456928953
-5.50403356166213,-5.682270132464119,-6.149996926975415,-6.3252742289828205,-6.13079386958249,-5.43689098326141,-4.778807486699265,-3.7456012667860343,-2.2542861825879754,0.8101768334168826,-1.2377865349068686,-2.5593221710963032,-2.3205695237763426,-3.189075963329106,-1.6338262311127782,-3.6706028904030856,-4.654872879804211,-3.158304451350616,-5.921857299635059,-3.467191866094087,-2.0205063874146774,-0.24413530041316164,0.29046656233364676,-1.2173296825390747,-1.123641435761909,-0.5872024307070451,-0.4473447470171288,0.2664002243863837,-0.028781240331574087,0.538854043218813,-0.44088631106706944,0.7508054142507591,2.7655437520750783,2.8454852891780815
-4.058261547600971,-4.932985406584138,-4.692608730086227,-4.206606076897877,-3.857900910028753,-3.3348123643828798,-2.8905622684665713,-1.2316676741909414,-2.201303893241896,-1.4970766618044127,0.6117619764247828,0.4927433233978965,-2.104754203738196,0.7419607945093187,-1.084421888036112,-1.7417561565166222,-2.8341417693108606,-4.717377370206443,-4.987282210694412,-2.652394203017468,-0.9488452721914485,-0.8894704043633251,-0.5252131950103438,-0.6730743538219678,-1.0621137119026216,-1.6448588918503082,-0.6705724608759724,0.023011741061484466,0.6231434023220355,0.4179393983328904,0.922143803703651,2.198970182843066,2.348052665018095,2.037740992717461
-5.133885023495341,-5.0379414416390516,-5.270649459703392,-4.478065192105468,-3.8424408593103947,-2.564211856169743,-3.150495284423621,-1.8620585600721673,1.2303697032308978,0.01846669410212743,1.0753432766766189,-2.9665230591999965,-0.6857837299946159,3.2947938326997113,0.061269032151174456,-2.4595149336298516,-1.0581595209367671,-3.3397279636939547,-4.440110849947097,-2.080874366659549,-1.5537749406703159,-0.7722044508595521,-1.2813800055916325,-1.576428893229208,-1.523042533642693,-0.970607835275138,-0.30762602231687647,-0.29385662503460896,0.7900117291745623,0.9355032934909389,1.3613898679209657,0.9858158791346422,1.4305329045864161,0.8936188933250905
-6.599763442467502,-5.786957685813906,-5.115841678822814,-4.037026854246772,-4.018778535468563,-1.4567595431001308,-1.9936333483358042,-2.269182328738173,0.2097005105013624,-4.337941975617366,-3.838364094219385,-2.3188054834231018,-2.0455877125047097,-0.298372754276405,-0.5096951079417474,-1.068097856985765,-0.15625375330682542,-1.6692606210220118,-1.3668556154392963,-1.5358926317860015,-0.6927737776023563,-1.4407166515235186,-0.025550494453224378,-1.4366102652024881,-1.1938819702861714,-1.2251952727193367,0.16149812072299563,0.841465988107928,-0.24443502237153686,0.30643981888223987,0.958118957446117,0.21359264355495214,0.38564961846671447,-0.41315605392810584
-6.707517029818792,-5.556800741008039,-4.211363699201286,-2.790548842737129,-1.7743596460098632,-0.9864368646196323,1.636060569891628,-0.8094300883141493,-3.5270241518122023,-3.417301772131657,-2.6258780554766807,-3.3165521962801234,-0.09632997623239127,-0.25248639573702847,-1.6658901357462352,0.22416296258256033,-1.712763385431876,-2.146023844820241,-2.848220657155387,-0.5786411918729144,-1.0938672724867071,-1.757454687427604,-0.8715002460669701,-1.814346953315182,-0.191853551164763,-0.7870865620423582,-0.38234250643245243,-0.22565835476877477,-0.11861637303531254,-0.0413197905480623,-0.4867747120656913,-0.5468174855393625,0.10691634500380243,-0.39787376911627487
-5.085961237085386,-3.734279540113489,-2.486607530622634,-3.802436232603762,-1.6944078728426382,-3.85838726055401,-0.6150749534552282,3.7864599393490357,-7.586631768259676,-1.1067680813736547,-0.7621723928177346,2.7936671092144403,-1.9054493604262697,-1.591461853130867,-0.0511535865292411,-0.5914528069108984,-0.8637008106146326,-0.9474241148540058,-0.8047813900026015,-1.5641684646762462,-0.8436870929078336,-0.4958108569739105,-1.6753808030145712,-1.8451351403422531,-0.2619089653293754,-0.5669158237742089,-1.3816788446298094,-0.8819803088095947,-0.7676017034269957,-0.5927169198023311,-1.3158820960298674,-0.5236606370416305,-0.32129620941790016,-0.34091825298767836
-5.881461332768014,-4.645398931019882,-3.8596572961887463,-2.2587768539482833,-4.571944160407716,-4.725761486820941,-0.3285795824855141,-5.824214357267041,-1.6714721701227717,-3.7794359739476526,-1.0465793611921008,-0.5540627192485424,1.006859082625097,0.2668036026597684,-0.5449797992005688,0.20554130304158016,-0.159429218234878,-1.6401373764102347,-1.6573202490147991,-1.413000096496085,-1.2955746392900034,-1.9313324207806555,-1.6288163491321728,-1.5769037911168993,-0.84737004568304,-1.7437921509836076,-1.2654318820512624,-0.45615895606810275,-0.08239079837591741,-1.0992075437719542,-1.0245193597417184,-0.3459074364760705,0.3772695211491336,-0.37640377395597774
-6.078687255826018,-4.969313635685949,-4.7504189007163085,-3.3861681700286788,-3.3893030629559497,-3.5221778489992333,-3.093529810193378,1.4660469052398817,-0.04685028896205132,-3.074592269084531,-5.176107841486664,-3.218424729597132,-1.8695086951794557,-0.6602824827132197,-2.341106949542469,-1.6225436955219041,-1.2469837738441647,-1.1233747184923786,-2.296089440795687,-1.4515871944751733,-1.033304243511314,-1.752429832176517,-1.7586099029308033,-1.6325423803012906,-0.6468200803086086,-1.4557207645621386,-1.4365618796400912,-1.4092266747467534,-0.6202626788816,-1.2316284754161737,-1.31427383645485,-1.0052465444502448,0.17969454093164186,-0.5965471431748232
-5.238057814957847,-4.9353709798142225,-4.2362980233325525,-5.2438794104028865,-2.1649913721711025,-1.1714863290639737,-2.6694116818865723,-1.85271882391023,0.9402943581306581,-3.107597963265971,-4.345587457640797,-0.7092673534816812,-0.7309642199430066,-1.1475205769666192,-0.3395132785940069,-1.4132321977978148,-1.8174083454466037,-0.6881793854140519,-1.249274757891286,-0.555087506197698,-2.029703195438017,-0.9555161696942343,-1.353418575442508,-1.7260796888436079,-1.5051749800988856,-1.7300709717171305,-1.8167752872336633,-1.679636141015209,-1.4816235616305322,-1.1587052889743306,-2.1430000618204836,-1.7488335908391859,-1.160946271365496,-0.8709115957193356
-4.131791463989773,-5.3607519357208195,-4.86409181745843,-5.4076977054959885,-2.5628881805146873,-2.141217950493913,-2.0781865964261943,0.6361813226235475,-2.590010989764976,-2.568498807081991,-0.1394066382034514,-2.1633420526285443,-0.8283985111715627,-0.9000807170916707,-1.6820644626326713,-1.7491677369945606,-2.7732702234072253,-0.5223517525550616,-0.8759509737319932,-1.5732484799943085,-0.913077740608837,-0.7415052190142772,-0.5362131651329904,-0.27385242066506793,-1.7269543163678696,-2.297154728120816,-2.4288505064971386,-1.6818253891914425,-1.3844228751075274,-1.9328138714713594,-2.400673749902572,-2.470447411048406,-2.482354738692401,-1.1136715293689292
-6.43956215890763,-6.074863907211635,-4.960856616035009,-5.303948822405908,-3.700808938099544,-2.790832475152592,-0.5968328841008942,-2.5599636123724037,-5.2824427343355005,-1.08720374613469,-2.0257644916262456,-2.6675228795719472,-1.7675701622973756,-1.3042013671154835,-0.8844813479826136,0.2257247687033194,-0.8183490099296916,-1.1678546120779114,-0.2967701593112346,-0.32634043081068864,-0.09874078506662505,0.7313250581211855,-0.2617370878075363,-1.514110879214213,-0.4486488367316152,-1.9632879990880916,-2.84375253984581,-2.6705517126420837,-2.1258342816548588,-1.7976953547334336,-1.784155117993175,-3.177397176515803,-2.462560564968913,-1.2379293313484108
-6.404377648625501,-7.838540261540679,-7.413134515630686,-5.979741776372648,-3.615286471719698,-3.300439380799924,0.7653603554383458,-0.5912328625901697,-1.00851101870021,-1.4495120458145048,-2.296634248257227,-2.696692548776546,-0.8006411682018229,-0.8712598075781988,-1.7370590366951708,-4.439827519482084,-1.1518915495136612,-0.9744833593662687,-0.6057742904651192,-0.679883050098343,0.6040288654235768,0.1528398309783372,-0.25117930527751814,-0.5355826627007784,-1.185410778703401,-1.4897753592630236,-2.2181747381874213,-2.614264447180931,-1.9824216913659642,-1.9995486260977373,-1.6261641893999834,-0.9494879010328934,-1.9100626398704033,-0.2545080851990634
-7.985770281752722,-7.973110965468081,-8.331018087429145,-7.538671039304812,-5.175607476864213,-3.901629741944548,-1.0925757816040764,0.6604362079552004,-2.119033052670501,-0.8925610745382169,-1.047030319910743,-1.1411225334835615,-1.5350120418767712,0.15783993876691835,-2.2160988583985666,-2.1343939732228345,-2.0499094482403066,-1.8357016022889163,-0.2887866022324545,-0.2962645240294734,-0.6094934838168076,0.40106760496825594,-0.34817709111739475,-0.3302793327754168,0.1433053020077528,-1.0580216321881601,-2.7528518859644135,-2.065767524402085,-2.245273175990602,-1.4320277019186007,-1.371268172139956,-0.261298164941643,0.7294305045186711,1.3656372041508027
-9.774573750626022,-9.799848299544465,-9.577667996005294,-8.225624143205803,-6.264393372108905,-4.918750066572358,-4.991271138549204,-2.476803386134614,-2.805383661393534,-1.3030857856925309,0.17286661147594917,-0.8949976594490527,0.6691214762269019,-1.0304268255763118,-3.687797837471994,-2.351074940118559,-2.4228725707267738,-1.2573057989030143,-0.8927105784794815,-1.2429658092054638,-0.25609399707843405,-1.0185558398455827,1.2419776805724847,-0.1936322915751796,-0.6314243521496992,-1.1417478156036518,-2.410659129877981,-1.553348109738914,-2.703853326788238,-2.1006330867796916,-1.2950562174733142,-0.7070015727931772,-0.17328863187885332,2.0610655938286717
-12.004438895567962,-9.963359655968878,-9.203231491000517,-9.055563517285993,-7.998892081718855,-4.619779887347,-5.370660200196182,-1.3799035132688213,0.10597004929028161,-0.31744523759902915,-0.9221151562469524,-3.0800199178712537,0.657612245013978,-1.5005634484479846,-1.4103319209833132,-0.7184441151117612,-0.33663562165396094,0.4122617189418206,-0.913772121792381,0.6861636395726135,-0.048040408694419265,1.2483766707598378,0.6935781963822519,0.22628958254361473,-0.34657111530795387,-1.153050945217887,-1.6741679113138266,-1.5072728768590353,-1.3861368247305803,-2.1900290526034847,-1.6944772753192396,-0.784288232961821,0.3601820346583408,1.3765946506459164
-11.877872145880778,-11.908340515935,-10.530598247425738,-9.77191584833954,-8.454822324428312,-7.344300589042989,-4.41457945472596,-5.789446854845674,-0.4460242127628681,-2.0693662006246796,-0.09750762476713985,0.4784093544888324,0.36617807120649265,-0.5103679373511214,0.3777776089352922,2.490599371860761,1.335256160749621,1.712257352590689,0.8641646967685219,0.8962471589372233,1.893855058833676,4.656043617400276,4.116792582950634,1.5809967928969584,-0.5902859164201276,1.5320401734621434,0.007378452433181798,1.6957561924943638,1.7358142731850117,0.5123196588573588,-0.24376275736733494,-0.5308535762341824,0.2120502228445745,1.0357495603580558
-1.7186284041553823,-11.309188154398361,-12.089445374570653,-12.488496037049455,-10.085921101451213,-7.334122578464507,-4.453521900086727,-6.04938760173301,-1.3349254080540849,-0.4971223558631843,2.0589118269011557,-1.2703215177683629,2.2034482073752524,2.415574851996157,5.2345872754811635,8.550764925186522,6.446870444282283,2.888311284969723,2.882390934701178,2.2736287939489115,3.6322074855676565,3.533156356680917,1.9170858475673271,3.626222860484371,1.6783451897285722,0.6713158564067987,1.0819621132827069,1.4246628277186069,0.7380815541108318,0.9479988793416665,-0.01249610432764213,0.29075869580721747,0.5844305676032352,0.8404406833447644
