script/wind10m.json
{"header": {"parameterCategory": 2, "parameterNumber": 3, "lo1": 6.000198445256149, "la1": 58.999992894266676, "dx": 0.5, "dy": 0.25, "nx": 22, "ny": 24, "refTime": "2024-05-04T06:00:00.000Z"}, "data":
[rows 0 to 23 of 24, columns 0 to 21 of 22]
0.7424215396320626,3.813619588132104,-0.2550333758139141,-2.5262860372470284,-2.2155134090337607,-3.3779618934429525,-2.464256653872928,-2.008102739742804,-3.3621780535136856,-5.148126837650686,-0.727910123595529,0.27693061971608823,-0.11217599147028398,-0.7867714693903523,-1.2560532335508752,-1.4652246973507896,-0.35408507277180695,-0.6025800551147062,-0.691135653627125,-0.7135158299470247,-0.7601057001502248,-0.7247278913639851
0.8726348777398355,-1.9144827453942457,-1.7998090343735638,-2.0783447210803687,-2.7800843661538748,-1.544334135088929,-2.303854556214076,-2.661399508287649,-4.413879939077998,-3.562650077827644,-1.2321905769077601,-0.3987890059763266,-0.4504487353890057,-1.631392696105015,-0.6739512230947418,0.2629943906377024,0.20219459252522515,-0.44150048303471495,-0.11289012825345651,-0.5215598088731562,-0.6962083703690543,-0.5567360350856632
1.437784158238753,-0.12853831535607044,-0.6910703101725096,-2.1692556524020965,-2.540978823030304,-1.8250232056077276,-3.21698649432609,-4.441451714737846,-4.510154697427069,-3.0010589676459207,-0.5839552506625542,-0.2545098942963581,-0.44203600206221605,-0.8030735644671482,-0.029083084795425245,-0.5763749250894629,0.42113294273554014,-0.5255299406356725,-0.02016987620696012,0.3832500464504471,-0.49480810154800076,-0.3168423165549079
7.545230084230095,1.4310835801461295,-0.668884782330328,-1.7602661526650019,-2.0952441391579355,-3.4895873352432676,-5.387877764344407,-3.7852964975933023,-1.4133767943053233,0.9722266549757124,-0.3447599348198671,-0.7100394782206174,-0.3807499651244507,-0.38117318846476317,-0.4491086853246481,0.7471359339059261,-0.3803425315456682,-1.618454988551383,0.27931690942353005,-0.3289774515118007,-0.7923982592472477,-0.6108838255397603
5.445376129463129,6.85569871685325,2.3585285058267322,0.5698610227467474,-1.9447098943270995,-3.4064900914285485,-3.222308371079747,0.13203797968765754,2.2554005900750624,1.042184065240484,0.10626595866976364,-0.21520186682704692,0.15028058281112552,-0.41695260112649757,0.6804823120715737,0.026728513490162822,-0.04180419505067,0.4498637600127144,0.26927104418086684,-0.30715509303114885,-0.2929630943686608,-0.770937801565188
3.3562474146989785,2.5109230360184,2.5025720408352115,1.1659593746564112,-0.9223841381998172,-0.42249219479425393,2.107236686862949,3.8113578838987854,0.7947135703638033,1.5857619429602552,1.652946807680691,-0.4597921013040463,0.3905806807033626,0.9450214175526133,1.118153184248897,0.6533440778541371,-0.8021441942464547,0.4725499582014211,-0.287514982729913,-0.6483678138813755,-0.7071296705845282,-1.086674049226488
0.9697859109802665,1.5857367302516416,2.194343475574251,1.8582332121105902,2.1710056041634855,1.9374475272829472,0.4660820392147182,2.37820075552336,1.127830944286852,0.9063844732486777,-0.011348651698592479,-0.12137929665073144,0.21671772498018174,-0.07069255249913567,0.2054308347588293,-0.062409682392207726,-0.7331301692622146,0.07671072864759465,-0.774631913778075,-0.33327786739361387,-0.6273881162951808,-1.0250251301783497
3.9239890888981637,0.6787767120052072,-0.5999111708738928,-0.22081854176531104,0.4058628860814709,1.6596010930395755,0.42864371655126654,1.0700876348988997,0.9320677992468699,-0.06549215051577569,0.7463856550134456,-0.24666576432405943,-0.23395806089260035,0.6053712277630067,0.0747801274370361,-0.22823227859571443,-0.47540447645051326,-0.26072757332588803,-0.6959838613162033,-0.44679165560074635,-0.5269313156102914,-2.1911814211533147
3.8589821015943735,3.6614581348621384,3.455330485003808,1.230131968196316,1.855037140263099,0.9787525745220879,0.5254150209080068,-1.9075143736517588,0.5104852370295815,0.4955384439410564,-0.12015773609141846,1.0735842553221087,1.1075104323947025,0.7529692332305694,0.19135931649303578,0.24071493540851296,-0.2540689496931515,-0.25330575305097713,-0.08162638530378132,-0.48362671630173143,-1.213685679264939,-2.3471520015629674
3.726896526070455,4.1868868824404935,3.879574418637696,2.6187835305703886,2.963179768657917,0.975789539581789,0.25680700451740085,-1.2042488162936644,-0.5872261743340095,1.4064107797655137,0.8178750943371926,1.494391298090335,0.46075367138856943,0.6282359517539141,0.8026452484633038,0.39370465495087925,0.010247624402001132,-0.1056343520378826,-0.3120672449033457,-0.9241104779468049,-1.4983018936352017,-3.7120538708953306
5.074697698457398,4.278939533645493,3.8409347264497504,4.303025408340574,4.34457672040342,0.8589811192592941,-0.28200074433010597,-0.918023978150585,-1.1152759337497749,-0.7372177115346337,0.9614107684983088,1.7392238803578162,2.077922125740065,1.585239912311609,1.3672504386640711,0.8987650394370318,0.6546456563564669,0.0008123013873055778,-0.47726194404508515,-1.1043418453291838,-1.659581683713941,-2.1253237339992403
5.465068810132675,5.272491120954758,5.413270265867789,4.504842905952152,4.709338684638294,1.3628710412782528,0.5775229820348828,0.010736631482456162,-0.9437477262812138,-0.932101425737,0.5705849874779906,2.3875824370622682,3.0730607503588,2.1846478917991137,1.580709786664092,1.271790206625498,0.8249964076051746,0.8312477532270983,-0.8985585777679663,-1.4494600220771001,-2.9434178080379407,-4.822138488026397
6.0045107726340925,5.3703761709537465,5.369226525225777,4.850269306725452,4.010279164883209,1.9636804934289496,0.6023506190336821,0.24498358050060007,-0.540487164205952,0.5010201594280578,1.2105140354379922,1.676504609251479,1.5221613298600023,1.2273869058576126,2.1536777753733167,0.9179048380883696,1.1431346207269577,0.6452131824276208,0.4095892839886648,-2.3498354424112233,-6.696890793341594,-4.645917780085217
6.837118502421221,6.2289241496595835,5.351667441524375,5.30755881699189,3.5515177094740173,1.956198439200763,1.2497592897629193,0.13197106845373308,0.8195072124662156,2.139212926121061,-0.1399134488884172,0.4860716750803434,0.6917170411622771,2.118944280422221,1.2681199457687542,1.7389706931480036,0.17313858326654186,-0.17390987936876695,-0.5277905205219228,-2.7980588068148107,-5.040519652101906,-3.389089138717855
7.133708582697122,6.565438058876979,5.255739792093967,5.213021656624354,4.943558313072719,2.3381254630753343,1.4904209493927918,0.8782932097827635,1.1361408347570745,1.1825281669302494,0.37720429100062847,-0.6286024923426686,0.446525952451429,1.230811016840351,1.7008064610264804,1.5544481219407342,0.33584241959947725,-1.5806052153838859,-1.1398926292139862,-1.8767991797083765,-2.029483889819284,-1.4940020740445321
7.189938384995695,6.193544088259265,6.104260737650183,5.81929620729738,5.292724005765841,4.606459970966039,1.7111903800326511,1.1132576109147692,0.6257498274006374,0.5853609406063223,1.3347192555665635,-0.4683135233014091,-0.2248630362446914,0.5504481530770274,1.0029146618694922,0.5263827521786836,-0.8889914952644584,-1.5845088317296605,-1.1874651317348037,-1.666011751303717,-1.700292009865156,-0.981438293838846
7.658148809116077,6.800549684328046,6.1629007225929024,5.535522806746056,5.222360607410683,3.8451012107912863,1.8721942394247797,1.5017595021881764,0.8027870101667001,0.316951949853898,0.47889391373959694,1.2751889049159502,0.22465053130875687,0.6293824245499526,-1.6504065274893995,0.6543293156110176,-1.098111711588384,-0.2797790426856327,0.6196524424894014,-1.8398680195883987,0.3919806708401688,1.765073675798357
7.468316046073804,7.414581232637278,6.592840642647553,5.237759504453976,5.553947334513435,3.2514674998217217,1.874448779787363,1.7021745042652483,1.3584488888478057,2.012125142927537,1.6002860620803758,0.8369312668130846,0.3684881777494034,0.5110122335307181,-0.5522576764910023,-1.412966645897706,0.5509517630872742,0.48900427682637104,1.0996891150494574,-0.27141419542139655,-0.06403546390315734,1.8912690089307032
6.722022941667961,6.87578792838071,6.645530201893336,5.67845625629588,5.326007229912137,3.912453259613927,2.043449398992615,1.883653526178497,1.955506385330317,1.7376038805833025,0.9995208273637325,1.329427768261342,2.044447654060542,0.8155179449657443,0.3279276933791691,-0.017648821811998526,0.025872871056802357,1.3380572598410219,1.0106541304789076,0.7919441357794347,0.20572855927253111,0.6389385578693514
7.859521556280763,6.564279209441197,6.094200346325325,5.682578018401255,5.694594871907918,4.705729733420992,2.4055797507020005,1.986967640820737,1.1522876283136907,0.7499652283883395,0.15648579848527777,1.9500677201263434,1.8859716187383386,-0.302431339193094,-0.39153381852388525,-0.20549666750440038,0.09428394021870141,-0.548820460400943,2.2579513705618113,0.7645636630840845,-0.6502582890471414,0.07668855745956926
7.433681168629567,6.432111006858091,6.075986420696196,5.650790600001992,5.094957010650645,4.894664590313902,2.6131844749184157,1.6579409451038796,1.2666908734120303,1.121904935606297,1.4385338841526312,0.7006817127438615,-0.2875871533835022,-0.3543846570634745,-0.8067146524536927,-0.5004065367953474,-0.1572795348387024,0.5623590245657814,0.4078509789386051,1.6645057859079513,0.4999959272823415,-0.3718935639016832
6.160409523570027,6.082972174889838,5.903531400767845,3.5742823991453987,4.0306058958740545,3.441255908911951,2.1860139455208265,2.39346175710221,1.0558282286616467,0.7343909199424308,0.063257677447794,0.10925614647481884,-0.0972673908290323,-0.5276178341205253,-0.575601212382037,-0.9935761362431548,-0.9516894712539968,-1.2029612205999767,0.11897587531991441,0.6106381249254853,0.9137306363196618,-0.6286733204610829
5.718041244923367,5.259347623742016,4.551642979328797,2.2705649097380447,2.3070230489869505,2.964834997570445,2.0338433668892395,2.1348344067456835,0.8059544936660947,0.5224566645552988,0.48776464059366004,-0.16488344343112615,-0.9553581787537949,-0.5456555119551184,-0.9892130346144387,-1.5550892410127242,-0.9001356052229353,-0.7448396985508459,-0.45083051085379805,0.31518059913859997,-0.16176919649981933,-0.5870150878452252
2.8833797156733234,2.478728964500499,2.638434809549206,2.429390291983408,2.137767661989711,2.495668640312755,2.1719587344130638,1.4809394573467136,1.2068762489028377,0.44258039742298294,-0.10936891615272523,-0.4895693688371127,-0.3023274715995099,-0.5679098685047699,-0.7039188969433123,-1.6508265881800612,-1.385390750477454,-0.6666060951770191,-0.6362253003692901,-0.4757721365292054,-0.14648898671317143,-0.7569522369092057
