script/wind10m.json
{"header": {"parameterCategory": 2, "parameterNumber": 3, "lo1": 6.000198445256149, "la1": 58.999992894266676, "dx": 0.5, "dy": 0.25, "nx": 22, "ny": 24, "refTime": "2024-02-12T18:00:00.000Z"}, "data":
[rows 0 to 23 of 24, columns 0 to 21 of 22]
2.629198485791915,7.312548888492852,1.2222757235524193,-1.2755113002464893,-2.072880409462927,-2.7231779585970544,-2.999259527020744,-2.953980718304743,-5.079125161669251,-4.770401961465495,-1.6596059700108194,0.21026062446895893,-0.5188502801391316,-0.7866283567123832,-2.261310452511991,-2.330090987555486,-1.4492236023517822,-2.0357741377091885,-2.8110660706073265,-2.7576077292683636,-2.7602764196887892,-2.625998661132058
4.093006372376899,-0.935129152689304,-0.24318538593614844,-1.6698637084718109,-1.854673322084876,-1.9894314861324967,-2.9553411663388447,-7.499345776697542,-4.684877260576603,-3.5605932559458835,-1.151526190402212,-0.5465763092730404,-1.1529689430417291,-2.8985956656551615,-3.226489508166499,-2.799617200299321,-1.359145413344334,-2.1042056419969306,-2.2733035043301633,-2.8152728556136517,-2.380505383133107,-2.4490728013732497
0.6914622474213893,0.5825254500727185,-0.8542558185162867,-2.14777278803022,-2.817144772093205,-2.6094527067647926,-7.210556805870554,-4.998855976629369,-3.4085973592059147,-1.940283727827902,-0.1660361052734607,-0.3602245186146515,-1.3656761036376375,-4.866197029344884,-3.0427178578197487,-1.8967251483924958,-0.9975510604309702,-3.9938238472460124,-3.538960008894123,-2.945485238865493,-2.3025699388565712,-2.2195030854150133
2.852007550781919,-2.4263427552253494,-0.6110878033162713,-2.0258683907354667,-3.08716921048397,-6.786159596259698,-5.950844971029179,-3.9431595991990545,-2.399749376609582,0.7864351775837969,0.12796271392195743,-1.1273769964988754,-1.808765250008295,-2.2843085638253666,-3.1484861774915642,-0.979508872741954,-1.7496903217178255,-4.3512548981977615,-1.6622751749589126,-1.3018134909295838,-1.2082993168790157,-1.691362920589253
2.829704641290343,-0.06630811960849632,-2.8990049273773515,-4.357579657102619,-8.099508152358831,-6.416057871152529,-5.166524290406783,-2.6295442287185185,0.2210280359868537,1.196916545954958,-0.5971052279256416,-2.3566041067840073,-1.5192354229771863,-2.2091675840207032,-1.7598261361535792,-1.4197516577701979,-1.684212099314607,-0.8597049767122052,-0.8603032599990705,-1.1090911241783763,-1.4948606609812145,-1.817686045224638
1.6413391353862299,-1.240706862737767,-3.9307654162092045,-7.693623203204443,-5.87791232242544,-5.067695182523921,-3.1157286700824582,-0.15218205653163025,1.4515783165138976,0.7878526953675736,-0.7386725480233874,-2.4506710301737415,-1.6854333447849867,-1.4263296890490211,-1.940350272306736,-1.0794184414500945,-1.3914271401996865,-0.551373869326777,-1.2374415540830126,-1.4251779854610955,-1.8231870324973658,-2.2286131915133582
1.0173141476862246,-1.686996106875942,-4.128765125804163,-4.371908264392921,-3.1337501948811703,-0.035136930299917615,1.4123378199659986,1.1558366871142567,-0.2346846191970707,1.1377184946580599,-0.6051864990286598,-2.437910042402992,-1.0461993381356134,-1.0174003657526478,-0.9241714606868352,-1.2482814509319844,-0.7665308436970095,-0.5280254659584228,-1.3761901587520864,-1.5010862095833462,-2.000478133050565,-2.2755707144541217
1.401604575530561,0.061024320562551124,0.04728313760368199,0.8377459001059907,0.6315472827335777,1.1697770770842464,1.8481717279538203,0.2850787095394514,-0.27509608661472895,0.4316769433504313,0.5348553287251244,-0.4886190687404048,-1.5308332491250476,-0.8731507926272567,-0.5812742965031154,-0.7238316834706546,-0.6970908358570329,-0.4077288077408456,-1.5573988813114847,-1.6857025325310433,-1.8960929844926762,-4.812706765173406
1.089069240387889,0.2017502081135392,0.2404998915015806,0.27337080721460655,0.8540269655335266,0.2812048924472253,0.08507567187465725,-0.1096575721406166,-0.16123583769817215,1.394466787920058,1.170088236760561,1.316872983095442,0.33778278025394715,-0.4174349801544159,-0.494902834864147,-0.4967033974596459,-0.8398101074674045,-0.5972666792213036,-0.6113505795171055,-1.979827577235011,-2.385515180019092,-3.60361979185686
1.8243016142249426,1.0989010288333485,0.03662318516513892,-0.6316620470980356,0.864847750552035,0.9347766022305243,0.1921283736073735,0.9986276956564681,0.08670775104646233,1.3724957875401327,1.5489719012501082,1.1083088901836156,0.9881566578043578,0.0758595621504953,-0.3729305287737726,-0.6470046887776431,-0.9285593639664615,-0.9273494521238943,-0.596123550467837,-1.3332624209595707,-2.151921323230557,-4.26047442444258
2.367473207454764,1.4038396117729752,0.5916422027359468,-0.42558227944848476,-0.7612120965015741,0.9526832701793783,0.6461558293912805,0.5101296436465289,0.9889517699822211,0.8249503245758053,1.411616796713202,1.6356850920457662,1.358678565098286,0.577416303321737,-0.00034217803435758113,-0.2090548327147992,-0.9252260671726897,-0.9483569568753446,-0.9587247879291676,-1.1261714853465372,-2.2675903192070774,-3.081188883549966
3.022681847607234,1.7720383243403866,1.3157572033483356,0.12390714072513605,-0.20696965692111916,0.4691896553595349,1.4001648760785137,1.3366590104766103,1.2173081514496837,1.469874016205107,1.1693017178563716,1.471269875453089,1.5825672138801345,0.7969855896797385,0.04169232754095305,-0.5033159727923668,-0.9219240637486222,-1.1672791442629502,-0.9450410661243942,-1.1894531650287816,-3.2263709653590253,-4.0405425722287704
2.9994751348313344,2.146772420124689,0.9506666436816422,0.7737835198490467,0.6786328211951118,0.3470189640597561,0.8045969599584801,0.7908731673200299,1.3908972902358376,2.109645379723693,1.822144137488804,0.5843536899918362,0.5676233607227247,0.1923438061102046,-0.06897680773943374,-0.3794505232979398,-0.8992222651162348,-2.878130842153921,-5.214045659585364,-4.128722405029603,-5.018603839085858,-3.85505874724063
2.2761325084863744,1.3284630962809163,1.1710558595185798,1.2134524633651271,0.6236346128131901,0.6531548116571939,0.7338964251482653,-0.11847248186268555,0.8745048719116213,1.3955623623352207,2.139854000166391,0.7079776845165898,0.6337145517729065,0.09419504196735909,-0.005158028078285639,-0.6345368183447683,-0.8211447556520012,-4.971775046723888,-6.142655726915289,-5.680629957939081,-4.494301567691886,-3.9795548384307766
2.6367145643593846,1.674491594834695,0.9830073558523952,1.0962355895219749,0.8667397057694384,0.2141678672369458,0.9281353771817402,1.1135403859289146,2.17668903436305,1.985558466066082,1.4226945441971557,0.8719580818014759,0.6365316221302115,0.7137395565240277,-0.5426063207076779,-0.8352212681735032,-2.2376546491761413,-5.460882255784441,-5.946182764305982,-5.5986836722143885,-4.50512475359236,-4.059213138256586
2.6058273211061316,1.7080040347704255,0.6557601328945326,0.8808721040691642,0.912737869086021,0.9232796617127536,0.41208027416938986,0.7209723128127972,0.7078857927177558,1.7355476124267095,1.9668944691066137,0.7475297332192055,0.8576877157994067,-0.02259113707520624,-1.7069259723936494,-2.449290065897456,-4.329726461951107,-4.536252935436453,-6.775391943239866,-5.719545970950605,-4.421263559557596,-3.285496845715533
1.9839870576187246,1.2514184586802604,0.572555065320227,0.14213009870646456,1.1696117663796575,0.6493069166621969,0.5355189736360543,0.99045182766029,0.6404876728921741,0.7924658950334609,0.14218316141435305,0.32572100488125955,0.39016076182298787,0.027826983738739573,-2.257768440360268,-3.092013891748462,-4.952873202578481,-5.935815232083013,-3.934514360089529,-5.822852075968931,-4.0816522199917245,-2.710582629416845
1.2865677356860432,0.8199858893348504,0.2684688424195828,-0.49543390248570573,0.751908591899123,0.8367440515506713,0.8314005056539939,1.0523683700105497,0.3951635277219787,1.795154567873201,-0.5525929801815553,-0.4221624281028747,-0.9545749479513156,0.20076210876027986,-2.482136724795482,-3.4259348336080166,-5.080299227685594,-6.367187645727084,-6.768118915111467,-4.822826835317975,-3.4566355567933678,-1.5941506010846274
1.3139918266543635,0.9826267651857067,0.4391095009895062,0.09463023421888994,0.569133622211623,1.238396636836792,0.969611851022783,0.2643984179681206,0.992358409009203,1.2482452983591583,0.9107943147081832,0.966413706246465,-0.4981391708666584,-0.5563444704702863,-1.2762749566001776,-2.405062440699038,-4.490642403395072,-6.394815154596551,-6.663606269007548,-4.378309092769503,-2.7068276064338748,-0.40815434241648646
0.8560617712647475,1.157622300036874,0.3879801414319418,0.9415337392957549,0.7389988019257138,1.1253914402182787,0.5156191650551192,0.8529459159756969,0.6882562432695061,-0.25907085506278055,0.961372560200832,1.7989404787685084,1.5302778816556748,-0.5993112838468554,-0.3628491057095202,-1.6799207901159208,-3.3609462329316537,-5.416316140768216,-6.031814339315235,-3.6012860462552587,-0.8325114073640897,0.38483236141558297
0.6325838506930271,1.2220485828818572,0.8485610060354123,1.421385395194241,1.2122185924804496,1.00386815909218,0.006708757943907472,0.39642121996192864,0.7633156244257112,0.25403508844345196,1.4841200769186451,1.0555133510721613,0.30538796830683146,0.38111055252644027,-0.4750514268256508,-1.0368638851694216,-1.9827202218371442,-3.179752137907436,-2.3652812867551556,-1.999477200528408,-0.6256583492536879,-0.036500742208176604
1.4075072307568228,0.7089200969164243,0.8688530636718766,0.7992238716276799,1.4356859600765532,0.6139552780075388,-0.04141021734827692,-1.0729509575637337,-0.31923687065612744,-0.37656950344801954,-0.11554145637182225,0.6570740187195496,0.7594862489131656,0.2674244568822707,-0.002539610343601269,-2.068477622321605,-1.2661526727138883,-3.1846888532175726,-1.5481065245005978,-1.7859788896491744,-0.8066863660261906,-0.40247538020262674
1.8282995034857354,1.185503069044216,1.4013960229242706,0.5167791814057835,0.309472359053633,0.30568186750071397,0.5947898780505065,0.8997361178783858,-0.008449777738210224,0.19369543253085506,0.3487170484057189,0.7075683137693196,0.7932803699286536,0.13505355166558036,0.126325155607031,-0.979635372597826,-1.926956393340881,-1.7805000465173706,-2.45487786991416,-1.7701221649865366,-1.244539006155286,-0.7051476482480696
0.8766257350916014,1.006363742644886,0.8641985812367035,0.8716259004496064,1.2278321883731,0.6933774255106265,0.7865072556830812,1.4411525251885122,0.4731579688553706,0.908698273784798,0.05999919441877497,0.5609374784388886,0.3688544769242393,0.03298031437306633,-0.2936467314819159,-0.13374699755931224,-1.4810737563695562,-2.1873701680517774,-2.5190505459029673,-2.1029230400779135,-1.3795284148285565,-1.4666334156716339
