script/wind10m.json
{"header": {"parameterCategory": 2, "parameterNumber": 3, "lo1": 6.000027932988019, "la1": 58.9999434238085, "dx": 0.5, "dy": 0.25, "nx": 22, "ny": 24, "refTime": "2024-08-21T22:00:00.000Z"}, "data":
[rows 0 to 23 of 24, columns 0 to 21 of 22]
2.4574498511224907,7.83872615105415,2.7809066839732504,0.09718485193588226,0.6009099761503915,-0.24400683265310938,0.7561512933971127,0.5229442810511201,1.835333079244865,4.253729668549936,4.583168245259398,2.0693006582651177,2.016094754418953,1.5980645033788081,4.275367081723618,4.233780436990389,1.6009384730462326,0.8984521168666814,1.0901083020758382,0.8902322617496592,0.8291375555443337,0.04312014455184623
3.646520710632844,2.4008827226968545,1.781177836941177,0.8853746977692545,0.836768174323517,0.9247255518489285,0.39568663304502605,3.1222767370752695,3.715501158232652,4.317314437118356,4.51398581164482,1.6281743309323788,2.0573622976150383,2.1556569865618975,5.386410345168254,4.333272999802497,1.5198784333077735,1.161241550280168,0.8816018199844748,0.7085184431052014,0.4900970145742921,-0.012608899437112943
1.9246504656934407,1.4509093287834265,1.0961300661528623,1.0489492407196743,0.36404543999343264,0.3018267897196644,2.3114428620359857,2.9514945536929336,2.9397534928683595,3.515371505748453,3.4590833757437247,1.5665042972447993,1.5729546814335214,4.996050103069752,2.7588015529602807,2.2730797818105817,1.4662557452383593,1.0389129727843882,0.4241309592943436,0.48570805853265514,0.8946873965331295,0.06634597069576376
6.832079972481054,2.5242282382606573,1.278477278074462,0.5374227562702607,0.5960977651886784,1.7742979750443044,1.8346443045302632,1.7949786851183174,2.0416725470635995,2.86204843350602,3.008598594012215,2.041756171882324,1.6490319364732267,1.6638032256724453,2.731106321082319,1.6034879294803701,1.2962839256879746,2.337298164646857,0.13470195337235366,0.2978445571459095,0.5377380447662229,0.10027358494975569
6.9671868971617235,4.959863067991685,2.10681108908536,1.11825280621382,0.5604328958183787,0.41594211070010023,0.4238029962275898,0.9927197605597693,1.9791647830844112,2.4757108691817273,2.572567792555862,2.158997360266266,0.9296133439691686,1.4137609709855723,1.4416036473265628,1.6899210856016094,0.6086735774689751,1.0396748488513305,0.8150808020782859,0.3088051894491487,0.3285982687953241,0.5804643648645884
6.9405473056902816,5.497771949123974,4.2201669728264495,2.819751387563352,2.3727807668381207,1.6713791368941917,1.1198306416711663,1.2471070036983751,1.8862307656535187,1.8434942461667838,2.4752392635008347,2.211682371741763,1.3876783454877806,0.8855492475405634,1.2358364815405718,1.259975071365604,1.1313263439129309,1.2906728215258316,0.8481280414033978,0.4263884434834893,0.4713588083466817,0.43167381696625096
6.790263711406004,5.757967246219389,4.309774074108346,3.4406419015492675,2.625050256388478,2.3891853685038456,1.450199067903677,1.0620338052596923,1.0852156965250894,2.5342817448958113,2.3692860422874222,0.9606659390127323,0.15238751750456744,0.7204997307068247,1.3084620386784072,1.46691894011621,1.078510035503143,0.8155234607481135,0.7620445145336721,0.49227429053116667,0.6624061383540156,0.6951355964627718
7.147917807180066,5.885778875623033,4.5142303726829445,3.488646504141245,2.542271211114644,1.921853732686071,0.9363394315336587,0.5179754057049937,1.6449076353820302,1.403801802146263,0.7261816670060846,0.1744232742417545,-0.5901945970231619,1.1118824931391937,1.029550484058839,0.9283989926244828,1.1081234819924028,1.108449154173092,1.053634572535001,0.847074896798475,0.4103558718346801,1.3080377520381565
7.146649692343078,6.0809579786218215,4.651318609288589,3.666867934212219,2.967879868826406,0.9896848627252874,2.156112544148819,0.3965340684336334,0.99262761440462,2.0943989624360198,0.6282981151394195,-1.0096114262999234,-1.348209982538445,0.45809602529498356,1.0312158332244872,0.9953470459025987,1.4647367325444374,1.1690037624229648,1.015466655620485,0.4511593873152464,0.8183788826773353,1.3345100886018788
7.078101007680594,6.049773776707889,4.792723274885782,3.3650941739816838,2.9696274850205713,1.5377118597906252,1.0633016520438645,1.1486828500447641,0.8022881663411406,1.953592708945904,-0.06634267661000139,-0.12477733519769306,-0.866159626950816,-1.1753511342850196,1.0061491095561235,1.6182741951475397,1.5030767152016444,1.1657995230047429,0.941263891371312,0.6940600891239248,0.33475290923386786,1.3748908437673466
6.807381799839532,5.9321450497232,5.243078089348531,3.866621037723672,2.4884176342351574,1.3268012898460646,1.6505173120948764,1.5183611021461898,1.8239226015170944,1.1028861831461694,2.5997112175429486,0.04792801061013493,-0.5044534699295226,-1.340599826610762,-0.06485487036921472,1.240123337906039,1.4458259866158818,1.129790719236974,0.9141677221604395,0.7779324627738528,0.5911287606019228,0.8330918758536271
6.664424250207638,5.858490607313548,5.082027103757563,4.320040906224164,2.6825436139058976,1.315627043506935,1.9329438931945735,1.2206822355573688,1.4606590140939473,1.5176651251554387,-0.3092029743142741,-1.057443695733096,-1.3786705185517678,-1.0983050881498442,1.2942863393038968,1.2680073859491974,1.152394216650581,0.9268464387468096,0.4438059420680716,0.6514360745587153,0.49009736115443986,1.4253013505780323
6.990844917943261,5.72878333454089,4.809444639757597,4.19820435223216,3.1287475239757,1.022740369681628,1.4852235161441425,1.1685850279029333,1.6889926997351956,2.0503070531350014,1.6116368102241607,-0.956627458747136,-0.29044354392315525,0.37008414186952937,2.3673112049946203,1.1736130027541116,1.3266984099915853,2.0334288856070613,0.6168394125813121,0.37311378627754727,-0.7140862180184068,-1.1000496730831382
7.202804426576057,6.150999811669161,5.241610568605398,4.867944320935491,3.53591116189046,1.4013501920466909,1.840530022112831,1.389025783754483,1.928629272956701,-0.2524331305514196,-0.6001087199781026,0.33510030699775406,1.384246220717575,1.5370331446902394,0.9435285010351896,1.2727964930894649,1.0677759118477024,0.9151849604834974,0.005296043006400322,-0.5196997267625907,-1.6599268828943823,-1.7010537583097882
7.28048554000732,6.377822909181013,5.52649174240356,5.040342761605535,4.0900365795172595,0.995142931876743,1.007767582791909,1.6654130167058367,1.7347513041823428,2.6635442770517765,0.9781416888700034,0.576652110983649,1.1808642497211321,1.1492261193806974,0.16181215855326425,0.2385580160087046,0.4986015878754613,1.0109721878284794,-0.6738978111158981,-0.8940022278663178,-0.9603855425931466,-0.43018250227516025
8.040986824885916,7.0144503712409545,5.736193398038476,4.979103620511346,3.632928455479739,1.9809930349089802,0.9659125648613998,1.6483057178532894,1.0546687436565751,0.9057296405240544,1.5498337906809507,0.5740348134611901,0.7428191115155616,0.007558241586137831,-0.7834398216077175,-1.6048841952322432,-1.778498069004458,-1.1830838358519065,-2.234668842863416,-2.2907135243443193,-4.024872391203061,2.537524702003889
7.946783728624921,7.239546133971457,6.016523883038033,5.2168239578318065,3.8597266542607818,2.5399512680120067,1.2623131498971936,2.020374475355385,2.4265590526530567,0.4239200556230685,-0.8302313026850421,-0.8484552890207312,-0.6279176927169264,0.09661459706445857,-1.3351412309688355,-2.552949339507115,-1.626761116439131,-2.6478803535517472,-1.3358465121100116,-3.4540462931651943,-1.448265324350697,1.346015518945371
7.698124260720873,7.06787985263174,6.010284329947456,5.100573283912037,3.824769604816337,2.2672111248555558,0.9126885399016136,1.376442790003298,2.4252456017289554,1.7694387815735262,-0.4500198713878107,0.13157311473802732,0.3350568886229717,0.5150450726929849,-2.9146089592056184,-1.332495197970221,0.23089253596758474,-0.056267708458043124,-1.6755305280409485,-2.2773024142783287,-3.09614788751245,0.49541116950636543
7.318525506262597,6.613265451943863,5.764777485164115,4.600223147245138,3.6370986296397105,2.4340777832345224,1.1427306585409134,1.643185025147653,3.340532992620366,2.2037451922900986,-0.6913104573591592,1.7288986276830098,-0.5216201396076418,2.4427402436158143,2.26049210971161,3.008474192562693,2.226746848224735,2.2419722809654523,-0.9657111541526797,-0.48882628058906563,-0.529380198264383,1.1251117537281399
6.867660402028787,6.856460067650382,5.904012223900857,5.365117524106759,3.7684595308813766,2.400078868208408,1.3287386488098647,1.791284692150613,2.8700231255026205,2.6862901591999995,2.2543956306912527,2.0009896600311783,0.01656080743131806,0.3545876723619502,1.9993968428871403,2.21111493580558,1.48300027088989,-1.6629205507135998,1.508335063099987,1.4586865324877396,4.063061224695428,2.8594432428657166
6.7500795166857745,7.695311979554335,7.113687801481933,6.621700386818941,7.505341164758722,6.454207912852763,2.1628288790559655,3.0023394201667517,2.42232615507218,2.3650574440832384,3.404506893820728,2.6022848951650346,1.4924659326699017,1.8790204862587467,1.5854956812890688,2.000587532333489,3.4314856110580263,2.334743353405105,1.7036901536263385,2.4568672426466707,2.396070883485744,1.3888448807581482
8.112895842953677,9.155262898682826,8.50682199531015,5.825605679775997,6.169561398936773,5.913860813354843,2.9588812594390963,2.7457880736546922,1.8186460859502591,1.729033611982776,1.6914993579185356,2.3242847096862604,2.404022491288564,1.9881446940661254,2.351103878848485,1.9113131042073677,1.9658722891997222,2.647778639507763,1.6515654474154275,1.3511609723283073,1.4510062710299811,0.8082059698030409
8.903126403524237,9.21798091294332,8.96765545533513,3.10143487552211,2.8128904363133116,3.177587664874429,1.7604443489269597,1.8162809143091279,1.776580010973508,1.404493293129764,1.255704109529214,1.3050476405867912,1.8880754004897153,0.9103716599617014,1.7468573556193467,2.082118542808219,1.6601204734735953,1.5600650275426506,1.3737367506868179,1.2607998897989336,0.3718318578410462,0.458206702610387
3.9692368546494126,4.10975983996738,4.106102209938164,2.815492979295312,2.096537779267882,2.5554741467395057,2.251228915397274,1.9469777626056934,1.2341376375755961,1.4326745620480599,0.9761329227491623,1.1042166837507457,0.8263218970963049,0.9626436604627747,1.1384846640352142,1.0023778338348426,1.1027769639498446,0.9579969785893006,1.0397903032404685,0.4412257584518702,0.18345875552935723,0.4108414172826497
