script/wind150m.json
{"header": {"parameterCategory": 2, "parameterNumber": 3, "lo1": 3.000054539987559, "la1": 64.9999836372058, "dx": 0.5, "dy": 0.25, "nx": 34, "ny": 52, "refTime": "2026-07-18T20:00:00.000Z"}, "data":
[rows 0 to 23 of 52, columns 0 to 33 of 34]
-6.625289865978979,-6.6532220021904696,-6.848511552341505,-7.060090409947068,-6.802787604838434,-6.705909521829009,-6.554121695025716,-6.253277565603281,-6.078661971494858,-5.892422156303546,-5.746109917953442,-5.783844673085756,-5.81789618758378,-5.896632011964547,-6.05476234152202,-6.361797360117966,-6.633325665170912,-6.277628686865888,-5.616747286336529,-7.167740684245955,-9.398190383997644,-7.781920414722082,-5.7062087954740255,-8.89759081231944,-7.652970333435308,-5.2076394402571,-7.405588469554261,-8.216103398716912,-7.487916312343621,-7.117553367519701,-8.072558328334862,-8.144605767034221,-8.225905434636937,-7.286490913956345
-7.015356942591009,-7.161028596086814,-6.997219620109107,-6.699104510755587,-6.664406875657689,-6.194009367734977,-5.849578666018554,-5.746081041762675,-5.462213523331495,-5.435513597361604,-5.5192706005383245,-5.685469734908152,-5.8777449379434215,-6.002157568537102,-6.231118420300816,-6.5700422196943915,-6.424116639302076,-5.665749391495435,-4.621589694634056,-9.45196177982333,-5.136203255637401,-7.3188482162524116,-6.695282061323211,-7.786769901902443,-5.838416416037179,-6.663866164984382,-7.9901137805504,-7.907370160845866,-7.941385604694811,-7.736473799030176,-7.443096690533713,-8.312935419722045,-8.481295385836333,-8.589618978660287
-7.202401216323648,-6.764461675757008,-6.7219251762423555,-6.579494314296804,-6.047348914530662,-6.119544219972476,-5.226239533360722,-5.405487379760913,-5.464107211266086,-5.280426423113259,-5.1147446434749835,-5.317813046079462,-5.686903677654646,-6.127837149226399,-6.609019290950691,-6.860203018629003,-5.820012557800867,-6.594933734664054,-4.722665516108734,-5.759174357273869,-8.03405976186415,-7.713512268742869,-6.699817359703743,-8.889304878958523,-7.955392192356229,-7.740585342456261,-7.467280876212681,-7.881847859071624,-8.13307414337699,-7.253829822347511,-8.554205569673176,-8.993312968805803,-8.724807736831144,-8.2586301704778
-6.804650701791406,-6.725941869322922,-6.175161477608293,-6.050640918606935,-5.863426339816508,-5.545041055879039,-5.403642817999165,-5.070165334092085,-4.788646440591828,-4.745666910153423,-4.967522439302085,-5.415795209828044,-5.9321187199433805,-6.19239980919535,-6.625064703630368,-6.888666611023793,-6.419422848114976,-6.386497386330126,-9.683786472924702,-4.330189269541929,-7.366176721816082,-8.652653579412267,-9.7813084061898,-6.316657101559053,-7.287651511838011,-7.934204140672909,-7.662061678371494,-7.220677853438513,-8.880796365839883,-9.21563716897463,-7.835495966569304,-8.535747401560695,-9.188383513707086,-8.994588517112478
-6.934499914644922,-6.396604236233379,-6.114325834510249,-5.991416725973657,-5.553197885044897,-5.311083829263648,-4.949404580112307,-4.643896183645485,-4.482286744919613,-4.423441294178152,-4.914174711920958,-5.159326965987413,-5.5003289233977775,-6.341876975589747,-6.809012655444632,-5.389380605324611,-8.026827155082875,-5.12310587275742,-7.332791999487388,-8.570297415621443,-10.086137015251495,-10.795109777236313,-8.38391961725094,-8.475115237007646,-8.045921473890816,-7.359511660167094,-7.736599421019791,-7.9979074880622765,-8.960820668301947,-8.884427346276654,-7.06025925898515,-9.269639996455208,-8.966636324947977,-9.880662340280583
-6.627365055271833,-6.5015299961412625,-5.940440353674419,-5.588757461367685,-5.541300522556202,-5.340937606041462,-4.859738914926261,-4.571352518271584,-4.429122632102412,-4.863059344918628,-5.036594278869362,-4.959910433360076,-5.496751797576598,-6.6073616242438336,-5.4256228375590485,-6.379190783181043,-6.110760028459379,-4.614385633021766,-7.625038121093625,-7.818608152877708,-8.259530485091307,-8.819615350172377,-8.746107583413805,-8.462063335905434,-7.136154542997372,-8.45901782207696,-9.161000422536569,-8.287798214640718,-8.491568252406447,-8.877330119256706,-7.95239002982912,-8.14453216807924,-9.081264218240023,-7.5622281047989475
-6.796136419344917,-6.31389910251004,-5.739477531136624,-5.772064104562388,-5.738714774705446,-5.515396029135242,-5.252598786518582,-5.00789682607999,-4.9937876686993175,-5.070014398360639,-5.3443334638444115,-5.035340380329056,-5.032758541296483,-6.657157740092934,-5.71671419364049,-6.446398511738295,-5.873001222234889,-6.944425265285516,-8.482751968486538,-7.961934628397044,-7.7509357196775195,-6.899422738410588,-8.845691130044974,-8.436757707853712,-9.341351777380671,-8.134784032400171,-9.44411227349285,-8.523541236886459,-8.66755833827603,-9.075070735474949,-6.341547998841695,-8.384280380019531,-9.058911603684761,-2.2575416927129837
-6.814176499544428,-6.321985131490506,-6.14328155933222,-6.223881705077851,-6.161697995927604,-6.205870863484461,-5.900445228465912,-5.6889576542280365,-5.833827494694877,-5.6598759130756155,-5.314417566180486,-3.62040835618889,-4.051133155476031,-7.518359253213497,-6.246787330218848,-5.634935833139628,-5.596758454257644,-8.579361294219742,-8.456804155661635,-6.4012470086983,-8.508327636825042,-7.9736987228650005,-7.445207517948355,-9.062549954458673,-7.953626811772145,-9.153876687515618,-9.085887137931294,-9.18682197708713,-8.903065614618244,-8.935797289663311,-8.638378397426388,-8.67487112473912,-3.458669198444084,-3.743023981555318
-6.828722590939644,-6.59312995019101,-6.881775617250201,-7.109531792839213,-7.10626979207245,-6.992529517304898,-6.876697263383902,-6.995319024350926,-6.9458150235823535,-4.763978653278314,-5.150262461823033,-2.7084816413145147,-3.4180865374906015,-6.468804095754137,-6.085859564949617,-4.996172325074874,-8.713658527523066,-7.852778264464633,-9.253739369930113,-10.89039236409105,-12.260911097139289,-13.182618152094246,-10.787020414543116,-10.078281765166675,-9.244237109761514,-9.571999751752431,-8.370272382096124,-7.17898617732541,-8.15164089314014,-7.319886898749346,-6.216691545449026,-3.067985903461947,-4.142905471354911,-5.641553080040981
-7.528240418004979,-7.892627274386681,-7.779908418510891,-8.042687560751071,-8.207949178890585,-8.363759773409338,-8.097979641510104,-7.9767430974078914,-7.178625213025684,-4.586600706686047,-6.279699050942543,-6.886461608232645,-4.58340255692629,-6.749696471633501,-6.941377221547713,-9.554132687265083,-9.448830193499788,-11.862117916912464,-11.00228671714666,-12.881279624177987,-9.315183430710807,-7.742605991768327,-8.293052378209847,-9.95551474889993,-9.58913910150482,-7.985724609146724,-8.668527795608302,-9.723705299047523,-7.5565054349391385,-8.737497829968929,-1.9779093087815085,-3.6751787034606878,-5.778685924729506,-8.506755388838377
-8.563504320983016,-8.8872785827578,-9.007593431225738,-9.128668175453296,-9.638743014613556,-9.615319392462641,-7.807432291465507,-5.760890388472842,-7.276302369961362,-3.986192799630036,-6.465908911558755,-6.285181208416568,-0.4130477149996459,-9.865239527413602,-10.176175869524888,-11.203759062793537,-10.168134251416147,-8.719062813558779,-15.742640113485864,-8.797593333887564,-9.297753730036732,-10.14844563854966,-11.31419741560433,-9.683009690177988,-9.88977616336117,-9.411309396456428,-7.516841650053416,-8.871134501061004,-7.947836476983111,-1.276206017273518,-4.082291232881276,-6.168952003388562,-8.001645356192117,-9.743027244377913
-9.899502149185842,-10.470184574056544,-10.325336316852775,-10.910584280431898,-11.041041111464068,-8.900902502050593,-11.078980793488627,-8.041135859976372,-5.394828756768041,-5.9344430545404725,-5.7921339842105395,-10.78372598829018,-9.708707164192385,-8.507077076988098,-13.742364981886546,-9.544032622646816,-10.508355699082655,-14.522803320097923,-11.69962493756047,-9.689202212639708,-9.712564874813236,-13.709772968776255,-10.200710703317128,-10.559636204847417,-10.504036349578175,-9.02378975586791,-8.726256109548968,-8.86592972997419,-3.714460225952915,-4.0008100237999615,-5.786049922751107,-7.8024521574945105,-9.562204361902957,-11.51069016880208
-11.3993989208742,-12.00485838727758,-12.282032494097873,-13.289376090033004,-11.45342718025293,-6.802322123493737,-10.417969222253566,-10.774060230563583,-4.628036150358521,-4.828162097797413,-5.531965901041576,-10.001894521883976,-8.789179647701292,-8.08423113838881,-10.132708071788532,-8.988389907318714,-12.807461303772657,-9.205180638224897,-10.88668387229514,-11.544732968668814,-9.587971457251589,-9.162514570418255,-11.130528817591506,-9.496143801593378,-7.441905491577494,-8.307753732165606,-7.561276406439145,-8.121742815155077,-2.8703829757755073,-5.4491501026042,-7.675440352652985,-9.35045284303604,-11.5079872517862,-13.205970461691521
-13.007921134549495,-13.494695710963468,-14.559508466995762,-15.886050285900495,-8.432384332656678,-11.977817552490224,-9.06630509852566,-9.20741049403405,-2.8003362799729197,-6.398467790269529,-5.304543718869978,-6.830289238115124,-7.397958846787548,-3.773916851606691,-15.691387918894215,-7.431172381776226,-10.737471310591292,-7.264227601254325,-12.423090642117085,-9.293605004558165,-8.25916727433178,-10.703942050212728,-10.07975491077988,-10.059243796650591,-8.97674489083102,-10.776060731215622,-8.540788039090625,-1.445271157457467,-3.997446464472893,-6.8711473586150404,-9.370562781589268,-11.314673066069766,-13.616367779277178,-14.005496984452408
-14.367319480824593,-15.274378263406096,-16.897160499479963,-19.59749096295006,-5.97010300566557,-7.312309902483227,-3.6220963803928155,-3.2197168630985575,-3.30214778630235,-14.111396029181597,-8.363268848158128,-7.534812009085033,-7.600362239250856,-4.989524397037261,-7.837437549975039,-14.428614060531414,-9.35294982405867,-11.43712576628816,-10.494787849680241,-10.29255023061166,-11.00012980926271,-8.713557566772415,-10.711630943178976,-10.647189194774914,-9.63005112008988,-7.429800623344572,-6.497953647900407,-2.1973110419568704,-5.775621008571945,-9.367983434232197,-10.652464146515381,-12.97788526851105,-14.151693439101516,-15.87228700128109
-15.752763273680594,-16.97394081938001,-19.513464552101006,-19.292312565112052,-10.949084497683339,-8.734083517209289,-10.609970571748079,-3.6708483511226793,-8.072821577312773,-5.703672984186353,-1.4083930090823056,-3.4922583437360784,-6.4047516946359835,-7.2305977013833775,-5.975830469294589,-10.364841123948139,-13.358009213824316,-9.548244009462522,-8.922313756886522,-10.546874594234946,-10.739405017259273,-9.949137519984543,-7.937612327695824,-9.57057872304226,-9.245492466427867,-7.653963840060097,-6.024803292575781,-4.015305522860204,-5.524669640608333,-9.906372813239251,-11.912807346071167,-13.957465532788271,-14.848561937482897,-15.116165981737769
-16.73951516359811,-18.614657357870588,-19.99300099136639,-20.03995040139823,-12.742221611566881,-4.832133857652478,-5.478210587580054,-5.722065944804058,-9.09865039950543,-4.147210722146119,-0.3518420312065288,-5.045513851838631,-1.7533976084004808,-4.650729835950406,-6.300344888121113,-5.229469331192316,-9.229367650782955,-10.074248040031465,-10.890064681530081,-8.654737915221514,-10.867644788147443,-12.11215713655441,-9.629735862119746,-7.5260313300335735,-6.015868113091623,-5.170695522154076,-3.8152378370285467,-6.186101179265133,-6.247176167303901,-10.782498324703727,-12.842034408265631,-13.925987044945666,-15.024373879755249,-15.35228354123845
-17.437350560317242,-19.041035726105562,-21.070600670457637,-20.956643872738383,-11.952948670928507,-11.188370458601895,-5.133853708282546,-4.390338026677601,-7.6497257055931405,-0.5286409817676979,-0.7324218733780253,-3.5308940739663157,-6.553953995491899,-6.292816975737468,-6.800636728423296,-7.545963946851561,-7.0768160077718605,-7.246421311372487,-10.162475037297177,-10.936469238430659,-12.458785248179293,-9.04584641595239,-8.97382508229965,-9.135658499402291,-4.046776976580696,-3.627530485910956,-4.18790789749357,-6.657830321967317,-7.795300171815942,-11.750073522160397,-13.899373108285197,-14.621795096872884,-15.018019522885313,-13.956097267859137
-18.021781714373454,-19.4315444252073,-21.696098363098805,-21.368962479168054,-11.848032887325353,-3.1140684266032714,-4.867315042689504,-7.53985416206107,2.771884237205364,-1.3686805574021947,-1.41601760143358,-3.607236044997445,-4.936410930213173,-7.141229734722492,-6.568763539190854,-8.641483577672243,-9.993050675783703,-10.680259047860504,-8.976472236119465,-9.117553049112207,-10.89602179819326,-10.57946750125536,-7.873744512802344,-5.487676646191969,-4.152337752734458,-5.2604749880075605,-6.7290449917080615,-6.947140344895214,-7.606215873492511,-9.18012171848316,-12.080559210164791,-14.118722047187374,-14.388245284562876,-12.401872671478134
-18.44666079083365,-20.098244995938988,-21.794191322014118,-21.427548271824204,-11.982956108232584,-7.747686744592001,-2.172414527603739,-4.966610375482713,-0.17996266376719144,-0.3773963509550739,-3.204351455224848,-3.7101842427968563,-1.6990946514944738,-9.33056257489124,-6.255713567380757,-9.20143350078472,-11.389913177364972,-10.305269797649705,-10.073126792493511,-8.862899212605525,-9.46375868344131,-6.978727878669135,-9.026464863897097,-5.314439479773728,-4.355563487323839,-5.552422828299876,-5.376112255749864,-7.278903600600451,-6.551419816592805,-8.150166628755562,-9.654007053164017,-10.702395336027548,-13.194717901503054,-11.266422488688075
-18.80649076659819,-20.383253383643776,-21.77661425225986,-21.481496741282378,-17.49130753104002,-6.4410807804220305,-1.1083205045981581,-6.219365138570455,-1.967937125208783,-2.682911254576206,-4.354699673893515,-2.8882749993906853,-6.130123776950669,-5.906211278989489,-6.077038675976139,-11.418976431259338,-11.881962777535541,-9.429859291892317,-10.981804708598915,-9.522530254587075,-10.728843392858634,-7.461479861736233,-6.481794458499226,-5.688901904099513,-6.459749483352668,-6.6012663947817325,-6.203079359932211,-7.941912475578909,-6.881547111421757,-8.173776495400865,-8.857561278063423,-9.231461203541441,-13.441354908834942,-10.802407702611875
-18.923984724442796,-20.34344944437533,-21.50632658938062,-21.076103675118333,-18.274672350205254,-1.0297582168054986,-2.4820142731924806,-8.534597903698607,-3.4241120510815835,0.04263577404016478,-5.75515734574076,-5.250899973800528,-5.627624130602465,-9.875314949967686,-8.554916540591568,-9.823204564632997,-12.720015161779502,-10.139418785485136,-9.478485039543589,-7.3185013186089805,-10.350766713604655,-6.726144714423223,-7.173501738673224,-5.070993986267438,-5.93050527877288,-7.006569847630847,-8.265210232902264,-8.430362239040958,-7.675439975117946,-9.121378238461002,-8.315070769297972,-8.78183847358257,-9.453975480083301,-9.159490508962223
-18.800473349925227,-20.140083239678926,-21.23694130713464,-20.75714808321394,-19.504266563936984,-6.367263813755446,-6.864448871268237,-2.3027724052639242,2.680756330337005,-3.588778989222641,0.07047902637731823,-10.044405328757264,-13.491437712469807,-9.84003168132939,-12.2206927110757,-13.545875291902506,-11.330203393921458,-10.042320221514005,-9.635846427405626,-9.497187741657573,-7.973357040702344,-7.372203190673988,-4.900258549914566,-6.660283989801358,-4.8055721287196,-6.714316482284076,-6.311379643553399,-7.1331919305544975,-7.686694045641065,-8.477957254530143,-7.381249301968256,-7.716133370504424,-10.430700928727774,-6.145763249982366
-18.768835298520333,-20.09187561426562,-20.745936352805522,-20.03002787210145,-18.36543017956635,-7.812333918157746,-6.861583859692113,-3.3988047508138752,1.6710433988464424,-0.6537020355985634,-5.770567475485802,-4.519725435621866,-8.234700601471602,-10.062480957889017,-12.76599808806888,-16.90905937577738,-9.469453652816382,-8.512473772121357,-7.738416309008375,-9.616158674061174,-8.984391296664855,-7.805546095090631,-4.7334638620169835,-4.148267653275423,-4.9671441199585304,-5.647602414565529,-8.351340757485316,-7.187624739789892,-7.194979301376938,-7.196520296573167,-7.484733525896756,-7.0759014730903695,-8.784750981375186,-7.324058485092887
