script/wind350m.json
{"header": {"parameterCategory": 2, "parameterNumber": 2, "lo1": 3.000054539987559, "la1": 64.9999836372058, "dx": 0.5, "dy": 0.25, "nx": 34, "ny": 52, "refTime": "2026-05-17T22:00:00.000Z"}, "data":
[rows 0 to 23 of 52, columns 0 to 33 of 34]
3.20127074763545,3.428810097680286,4.408760979976811,4.6630997345076235,5.5107211938814675,6.722392818605855,6.149582719065171,3.9655047171631277,4.144974632373391,4.193057713174807,5.055015460863149,6.03995174096539,5.647897000586819,5.568978821626551,6.020043943567681,6.382874939119446,6.966456314205745,7.202318323437151,7.238264582997831,8.87922256057784,9.666644496281615,9.425017083175165,8.831696209512929,10.421255614458063,11.66762492909181,9.519575011149904,8.566560496438179,11.429137230007365,11.117217043496337,11.259039405571869,10.29819308059069,8.917221497053722,9.62772756921494,10.332141790375399
2.8309553965866305,3.2011925804517087,3.612562279454335,4.136451345183842,4.921121194812976,5.482761526967545,6.3154908283880165,7.221723981829603,6.1586402949228,5.7318626379672795,4.651396750009426,5.429639008845102,5.867459333005395,5.3664215776041315,5.629782219358719,5.704684132019702,6.062700400530709,6.103979637355165,6.396085083657615,9.759444839091616,7.194952189391203,9.972518431262845,8.467769491481839,10.615081083834339,8.149637324723008,6.754539859074401,7.323535807991835,6.395099530345735,7.690855070260494,9.590167473626746,10.442056545207556,8.596665734203006,8.46442944121934,9.582742252874748
1.8948800761792288,2.352627274540073,2.3920172170347813,2.513693297208419,3.2759831722891213,3.6286585228884753,4.1950113854569215,5.41495609781251,5.903223655552058,5.187394651839842,4.103153580079408,4.467998702994225,4.84675974012822,4.7545977166415385,4.782245011451405,5.738318603761466,7.108184034029329,4.858063759085597,5.170278026556368,5.434453215872477,7.580705444499066,7.8742862331705705,6.61888362798364,8.56352696619467,7.503739564072912,6.516583926706273,6.747524562780669,8.37412750087712,6.122705579712421,6.361564363434492,9.168086079348534,10.284837705267996,7.3507156790914925,9.69644850701172
1.9783732554657303,1.8832414934872366,2.0328214966653007,2.3094953214128418,2.8029780813412115,3.544871814089072,3.5229892484674976,4.015469237909561,3.4144945323915445,3.3910426443662107,3.136568398835408,3.8765835996809077,3.6527806819740363,3.348788822116391,3.3400226677793574,5.908093006021337,5.516872847589769,4.874276485715931,4.149495137734312,3.595854210681026,4.9295462265239705,7.487337638755654,7.780197740802326,8.460213841987478,7.251467806750046,6.721920838339153,7.906274729078128,5.725142097091217,5.918425610872905,8.169374057720526,7.079056178192843,11.027901424165872,8.779535097650205,9.079733118952513
1.336550860934945,2.5198675510748543,2.365179824600623,2.3995691436210453,2.773036432856195,3.2263460174803704,3.3024264063502877,2.9236722513926403,2.112666911549414,1.9758615959308572,2.4890947220515667,3.418467262517786,3.0317832170126886,2.036796285896116,2.125310963043241,4.658297050107329,4.492098363027739,2.6535348251744817,3.6088955896225063,6.137576297642656,4.99133770153282,6.942498125788042,6.606558623246825,5.7145615080624355,6.364464925841489,5.213266868911266,6.273113125232117,4.051581636029425,6.189196277818759,8.391064585636384,10.059320442400232,10.500894752397498,9.447494059026283,9.094188558599154
2.178694011432294,2.4124241793541144,1.849309641036598,2.1551000232626687,2.374722311275304,2.6241166285344626,1.8971448477898962,1.4350051175826235,1.831285200901344,1.065153227226782,1.406734931123729,2.122025043351398,2.523083128081761,1.7370492175734178,1.7106921032682996,3.3720561085076715,1.5948003424504467,0.7970970780470931,2.3283931406917424,2.446297070262988,1.806370207345715,3.9048259320419265,4.007125898956503,3.42813488733888,4.9093262640809385,3.7354655765804377,4.670695204142897,4.8157071947989945,5.218643377450308,7.5057882593091065,9.405976024960164,9.534925932507111,8.1365363851794,7.9713623456840255
1.000110941087034,1.8019638768251647,1.9220644477731958,2.3300948977755334,2.595049636043722,2.524886150337919,2.3972450927179425,6.199496332300497,3.4723532347948263,2.7948339683834114,3.4393141918837986,1.8124183843645894,1.7122109430564756,0.6042731745785624,1.5511714502252294,1.4791085269567148,0.49296716978269955,-0.26623004118185767,-0.03963565236180644,0.4098698146585977,-0.005653218446418526,-0.8478274447689857,0.6389207499201037,0.6376373318483116,2.145393837658724,2.4271166124633363,3.681559274011028,2.6138421696786005,6.069598660275698,9.205985843055956,8.410062039798747,8.62393802381014,8.033040775118979,7.693449433554054
0.27543876277533147,1.5057449368510583,1.7232577845802612,1.8789591798424254,1.9650609990099452,2.302861858850148,2.981467620234735,5.408904895208589,4.434835153842709,4.083254586570375,2.0247876737664745,1.7662879422327074,-0.5716440031192526,-2.97577204039892,-2.1985213171809903,-1.5586390645515351,-1.565715361523426,-2.8694911668103944,-2.434778505907666,-0.47793676101443666,-0.6090537796843118,0.15515282901025443,-1.049114502630459,-1.1516000278527072,-0.7982476136448622,1.2993173073033013,3.7803807856170275,5.35603256332701,7.1660577820304185,8.803916622731293,8.731962446030254,8.369430753494141,8.024249713249521,7.732696241744552
0.7462828763162673,0.991114108860021,0.9475463401604691,1.3487140591787377,1.9746158619565253,3.096720740576455,3.1546751147066168,2.2800083303674055,1.7378433999572587,0.6062474689749681,0.5069078449725409,-2.5762310514288767,-4.267946050309645,-4.656888457563157,-4.472289776897034,-3.1197194399260955,-1.0673737361910485,1.7387793420725126,0.4896291909751293,1.514148302050444,4.49652718066645,3.8564728236552317,2.935082186876927,1.4999541472926712,2.7462003563208497,2.1453831300318056,4.852726088972236,8.6032608133706,8.176033914695692,8.16302643014666,8.38380179645601,7.819592797669744,8.03967040027146,7.518301759222908
-0.09526382420840579,0.11407139970410417,0.6418154853047539,0.7279190505673979,1.6311249828776044,2.831315293948522,0.966559755365885,-0.7492850223192113,-3.7586158382072443,-4.651503546059307,-4.783738324798647,-0.2548015781064632,-1.806961281712409,-1.0281695245616085,-0.7564123669443874,0.11446547643195742,1.7709946283009912,-0.5441827461833522,0.605610427493385,2.586019964572489,4.064954233338784,3.073296386143395,3.630245700917771,2.648857484802341,1.3715761725094793,5.438127101772848,8.261294773600392,7.8293030598036255,7.5624711676493925,7.4160986626550205,6.719668084513757,6.462839835411481,7.008418198875272,7.433818833639942
-1.1116604745395977,-0.7616341632452429,-0.9458019698021829,-0.18182326325553175,1.7361822686494095,-1.3731438989325033,-2.6158138137135873,-4.571527956819057,-2.6060814630311366,-0.495875341021898,-2.356040167315862,-1.953191673792188,-0.9013771048065425,-0.5359707783943883,0.7644599201553044,-0.7378654755738446,0.7430371770729071,2.2582913671667497,3.400431836221958,5.039512066512051,2.9958948530640015,3.2013018347551214,6.9012179844178405,6.384530907632633,7.982681976668352,6.539020307172558,6.520847219371002,6.962953660975602,8.025317277841387,6.305678193140623,7.616411605065425,7.787278243652779,7.755525646612005,8.182218464032626
-1.3731128291373327,-1.1541600418818898,-0.2760101195253938,-0.4004947935977935,-1.2725590811317309,-1.931210082486118,-1.4185203096987369,-1.5010522667501607,-1.1530560158122514,-0.2938997429475911,-0.19939099059769486,-0.9175056198021402,-1.1618886816853147,-0.2906965858293131,1.5574095295668267,1.6672555306964936,2.880437250887199,4.053765287683464,4.120570616542528,3.8217211893871212,4.682454396556824,6.67158717595633,5.510777459330416,6.248805142870586,5.673353410897091,5.2257897655175505,6.668024568777468,7.838298029974489,8.949129738858467,7.538636105512556,7.286281572921855,6.7338041740866315,7.513322886653522,8.069504040831816
-0.21177462197286673,-0.17214977400783718,-1.1020470321777442,-1.2792672213199585,-3.6115129075109667,-1.5331787354423188,-2.0697318034795535,-1.756969703313178,-1.4242822602596559,-2.160826395947582,-1.525106650305608,-1.8096297190612085,0.13135137922378187,2.3351687148683347,0.05099850793227213,5.3900114268919745,2.016542483606706,2.7114787247787584,4.619068885705464,3.8871526019058376,6.536574821910642,8.323662085564425,8.145118598892326,9.52273385956233,9.633660856976165,8.973246202607585,8.51688255504398,8.474381312069964,7.925194141764959,7.304002767263745,8.180272440887054,7.900181820688017,7.541984112042397,8.107420047864128
-1.3165686001092858,-1.638603902828154,-3.2220354707799195,-2.9190998552804612,-4.196363102859178,-4.148856331704767,-3.5075488634130414,-1.3713754633255943,-6.343773871854287,-0.05760980191742245,0.006960390458088729,1.3793735230306892,0.12786609444331806,-1.78278761367555,1.4351825607854387,3.9179750105812086,3.7547874477522507,3.4687615669887117,2.9305060999472,5.063703321620064,0.43774093438767414,6.822329932448002,8.44865191257446,8.24190556825862,6.685461577789038,7.940556725194861,8.830066460653173,8.5910955432655,8.561312893889982,8.141890747931557,7.108751437985583,6.084236794506135,8.292086200250363,7.486649726226565
-3.222316355716848,-3.047255845279302,-3.994492072178875,-5.280481287655995,-5.979977860476709,-6.502393607065765,-3.156516755001782,-6.084977931216688,-2.192706684231944,-0.954895269266307,-0.3471147428272976,1.3754116708571624,1.0997072305557472,1.9596570848178043,2.253311707100108,2.874616789285539,2.884496672957856,2.7730004509332273,2.981470460989689,2.891034445641099,8.25253952325306,6.597042488222246,6.669451635500329,7.888991364174105,8.468216436353948,8.536910109370547,9.848692564102715,11.028362086388807,9.0398617391174,7.512771567401291,7.859036913833701,8.386010108213176,7.46636312685297,7.9391247698447875
-3.743740833543436,-2.462653382200542,-4.42577666212715,-5.908791925409542,-6.41263907578615,-8.012077762082864,-5.6822574444408165,-1.8418772877507783,-2.3292943433209485,-2.356775499021052,-1.8116211229778048,-0.7238622286012929,0.8457878383630045,1.6949158831065236,-0.008329629032247517,2.2393974601500934,5.199767667184281,1.1437577781201556,3.5362241889158432,2.9236952947804933,5.832028143145468,6.706794406488972,6.703453291258721,8.453468747623214,8.621258852912378,9.660937719437685,10.366052848141186,8.314420821556823,8.04841807029278,7.555403496051656,7.675248681237986,6.16847258869577,7.700812938676069,6.261716598793659
-5.7368495126326,-3.932293361277061,-3.7109685940755384,-5.300497092041893,-5.884088059622559,-2.6014947446426238,-3.90663015546617,-3.1634914089230834,-4.57333797911445,-0.9627550977298508,-1.1774490569856864,2.921802819182685,3.2617518850672,-0.10033791125556216,0.9205925619229235,-1.4608552074644634,3.765514421427105,1.2087516625776702,3.4017358994594518,4.14329325579919,5.575960195909119,6.126699275578978,7.340208251993609,8.180737671127078,8.09825350570326,8.764990722716117,8.510801870556458,9.345010655445376,8.93448363922359,8.427890453258216,7.989826406877688,8.605829917923517,7.013269406352043,7.009957479047832
-9.638256217632408,-5.818752991672461,-4.633518008087882,-2.508062985531388,-5.447273226893609,-5.790451357905824,-4.739312690110492,-3.6178902518588796,-1.5396274532815593,-3.7381929705668044,-2.9175945785024324,1.0010946788220871,0.7027672424114575,3.317239887175198,4.298426181439342,6.583172352130445,1.6524292070322655,6.173380555583677,5.578117756876232,5.152245257123893,4.940090448364074,5.160312881079399,7.116090768071137,7.870261383814385,7.850415394789715,7.516927869474597,8.19991662070989,8.924632057497671,7.76984254128226,5.03996765328307,6.562731336518564,7.550965193202158,6.293491883998191,6.282412652181007
-6.633817309344525,-12.810458926732366,-8.157760769778646,-3.885571000956319,-2.3376335604040426,-5.199313210701406,-3.2221738107074316,-3.3531807421314004,-9.184993678554623,-2.0344427979999606,-0.10110343349054819,-0.21827941232946868,1.468285206886032,1.3137919664048736,3.8150763031557045,3.812849145054043,3.7947391804920985,5.054934744439405,4.3838253064714445,5.0707258000089785,5.107866910823039,5.950719358126533,7.282934369164781,7.586776879550625,7.591542538160109,7.824331269230169,8.175930128601212,7.840988873827138,7.71122077748228,7.661507478222263,6.853369750314688,5.936789253140571,4.633134556052415,5.502075571559163
-1.5759373526253568,-5.774329144774543,-7.296868470808371,-7.292457632330691,-5.545922737882615,-5.965814638865344,0.2518562333487976,-3.9563811715092267,-3.728680772903755,-2.4992209690668203,-1.92503723031813,0.9112277605298718,0.6465104989929521,3.652491394965948,3.458875989928769,5.322431803589137,4.48099845039628,5.037380568464943,5.551805497769746,6.259995809769923,5.2979980433836475,6.057470020786133,8.009635552699084,7.140904315654086,6.959174311341748,7.119272302863475,7.138869009576725,6.942692519726732,7.82021301592474,7.378462355782763,6.919653367305725,6.464248110761468,5.335999905074516,4.8730636615995255
0.4429048403583498,-1.248938516759414,-4.801625980536869,-5.744027655863041,-4.69646183792269,-7.423095084567202,-7.053325721344563,-2.672062145235199,-1.8187718809745932,-1.623882356965557,-0.682436835920513,0.8285764021998291,3.2846144535827624,4.888736398675849,4.716672378268289,4.447487508203909,6.823665197534594,6.556646868585106,7.331343385603654,6.173366201611124,5.838695053196815,5.745726999007535,6.9585895199000385,8.001955032050931,8.061700911702067,7.553596943935687,6.310699405484952,7.031264432714446,7.154910968560455,5.687207463502881,6.573369940913,5.531284188244349,5.8323935637745885,4.7261992283633
1.3965633327633764,0.6683786581756439,-1.767712250731504,-5.185576857459016,-5.228144629883524,-5.491593913779832,-6.470377445731529,-4.328581149072477,-4.772606463237794,-5.638590243525354,-0.42545868013764643,1.3175478591790326,0.2048291263998499,6.079900945881026,2.6863632503135215,3.6655232470583723,4.195576474308382,5.305975483149741,6.623898455399531,4.445925081295087,5.362449330382658,5.0147569773938825,6.600529360850956,7.183348976365297,6.865717953793088,6.334965866374028,5.684220905024334,5.482109553511336,5.1614250656768155,5.813792348969981,5.544113510586696,6.097342006772965,5.63496137640753,5.20185755679174
1.7929378880725926,1.1988176531863706,0.6449312897762075,-1.975604924694863,-5.289601184876985,-6.7085670933749695,-5.945341321090826,-5.190228739712412,-4.613569421066031,-4.138759237944181,-3.0717278134605643,-0.6299067458711526,2.351540302861029,3.2398217300147167,3.0370838209352593,0.14873622148145493,2.9971241896153518,4.266545872491362,4.908143048474583,5.338198583849286,4.1777945737042,3.408948601828946,3.5051691711721777,4.929576194181051,5.482095340901552,4.704007712774327,5.671061253273328,4.440339072517463,4.175010531002887,3.9512826422408573,4.430225266416314,3.802901989663156,4.542055562850776,5.412353012034168
2.1649675283202323,1.894631596778681,1.4597817564725468,0.9308766752306445,-4.177013915687283,-5.690778301043993,-5.0967956726680885,-6.133432604101682,-5.818576345120981,-4.494086911623454,-2.9711269124164876,-1.836280892904967,-1.3636280457813388,-1.5210391997591024,-0.06396261634534668,0.9727860742316077,2.3950245279455933,2.831847701293289,3.5908375880024725,4.517411135731737,2.7868947974380616,2.3187455797791845,2.191446855384324,2.7153930063030165,3.2742310140867357,2.848672305975131,2.184803094851074,1.6685409816022345,2.823632692910042,3.736633722972352,3.899673894815562,3.6005433872734107,3.191713271586522,4.4360543815457465
