script/wind.json
{"header": {"parameterCategory": 2, "parameterNumber": 2, "lo1": 6.000198445256149, "la1": 58.999992894266676, "dx": 0.5, "dy": 0.25, "nx": 22, "ny": 24, "refTime": "2024-01-16T02:00:00.000Z"}, "data":
[rows 0 to 23 of 24, columns 0 to 21 of 22]
-2.7374961659989245,-2.326599912468691,-1.0193471724334668,2.2489750046361765,1.455601244029766,1.09369506893432,1.2765780515748586,0.711733820289632,-0.5319014615849083,-1.0748328332339532,-1.0996349276883963,-1.1175656004465497,0.5060956693349639,1.3543787306620914,1.3828952676033266,1.4663209570418054,-1.073671764603365,1.8699777119100116,1.8420395726085064,1.6707292618436145,1.894079813771898,1.8037533630122673
-2.8938769508228095,-1.4067832681693138,-0.37993818166586474,0.45701492259361964,1.068560816059022,0.2019763971219757,0.9463366706143008,-0.9382240933344456,-3.6678068562578994,-1.7699967535553933,-1.7677804937746133,-0.4510931354852246,-0.20387439999697776,1.0393226417478552,1.0277532876602118,2.2171791727473207,0.6972433537721249,2.481035810435696,0.8931503762166848,1.2765125248416371,1.2001885474999499,2.0487649171521243
-2.0769534604039395,0.468920876102635,-1.252638773428807,-0.2675843596615452,-0.33471536661914486,0.6733976918820359,-1.2194735572645725,-3.6999493574943534,-3.289246848849933,-1.6068744392415184,-1.4097184610171656,0.1363338828703756,0.5841385193867608,0.7049022557532221,1.384901742697314,1.4783736201791875,1.3707895011210112,2.8236927882008342,2.585394546876349,2.3735647280288905,1.8734757421391333,2.4578394445291014
-4.199557073787354,-4.621978834525381,-2.0464311005528226,-0.23577786548186083,0.25331548776887697,-1.723709105038513,-4.124052505730874,-4.195940703637535,-3.6542486129368847,-2.662659890397844,-1.7015612198154344,-0.1247494462113517,0.2785057953417618,0.4269028866292749,0.9611332335402409,0.9882387408409223,1.6650755356205367,4.667777516756051,2.0749662495589933,2.4477336196685693,2.4107475722713114,2.841669309898777
-3.08563994701076,-6.669387164968987,-3.505898752756517,-2.726290189025092,-4.69040102255709,-4.895435215291238,-3.8912603153499745,-4.179467985063061,-4.217630740083968,-2.8478991966728393,-1.9328372932751923,-1.1046055240770671,0.1777038859030512,0.2854883891012636,0.5106799486486457,0.8575431948937835,2.1324753074922014,1.8807024694155352,1.9734146758117665,2.3133458640288436,2.396055539125738,3.0130511749532776
-1.4593461523772733,-4.502702631679894,-5.604638537495917,-6.280778672341048,-3.1897768241862323,-4.735818387449771,-4.347019328334405,-3.5669326459078983,-4.193211020309754,-3.417298088761103,-1.9892723901308795,-1.1316577280793618,0.397421973577933,0.41338013619697084,-0.24450750061330845,-1.000222663055059,1.9335142519344655,1.544424877326073,1.9115580827214944,2.1744880237890474,2.625035589102397,3.140344667442645
0.38026844528456244,3.36628427969112,-2.6658902975107797,-1.3879582789725171,-4.647813589360156,-5.085053467048854,-5.369246126615631,-4.202885776295299,-0.5712895668117157,-1.4021275544399845,-1.118594514078704,-0.7546483082752384,0.3751251406321848,0.3948071389749553,0.6122323832159733,0.8957945292083984,1.2347622179813396,1.454141056810868,1.341305768081248,2.2792797547684236,2.325299601439608,2.599940350053557
2.0807058494523334,4.481772995025284,3.197689045880438,-0.5467719456954437,-4.804598291912504,-4.990507188843938,-4.963168939951206,-4.416368523552535,-1.7685155236306795,1.0010932602361706,-0.6908453867236111,-0.07921885143862119,-0.10087174430957106,0.8549687850676437,0.6936347039365014,0.7918156193361493,0.7223427890966966,1.2827560072343371,1.4725605883592268,2.170074068360319,2.5774817202775626,4.417070852756781
3.095757264273909,4.584801849571713,5.4834471770929225,-1.6049292368774895,-5.163952641839502,-2.761204848025033,-4.740983206325821,-2.177934136905392,-1.343459282816667,-2.0475198383713917,-1.2148202126880923,-0.4899093563942952,-0.7383993680180905,0.3391234574060568,1.1894559184332656,1.0858056954341795,1.2366598795627637,1.352251694758726,1.2841145487948948,1.9348399291038185,2.6970977325622902,3.7654860891491486
3.0281929072619524,3.757869592609234,2.670189317283351,2.1191498895820113,-1.4320045788287,-4.66175720508342,-3.5368606758812797,-1.0215194129326488,-0.040401264953776016,-2.369680539201185,-1.3904828998018444,-0.6815171762473681,-0.8904472373990306,-0.7923763150972581,-0.26900137597326795,0.9562436288086233,1.3919113098744746,1.751585312067385,1.7137726268090674,1.9458707568981577,2.484877002731317,4.500502776704917
1.261003331460333,1.8794879575498171,2.3536514071223777,2.837793359001639,5.376215711743406,-1.279720351127338,-2.9291786557316417,-1.543149161804349,-0.302481169042978,-0.029006521944773732,-2.1090013707480986,-0.5742190347885752,-0.6385061626477134,-0.8825630092840017,-1.0071868870060114,1.0909233548273536,1.3696828636719602,2.0508857195342145,1.8300956194542557,1.8719435639266175,2.590097954249495,4.109754070784352
-1.7757076520716233,-1.702531192584081,1.222822086369009,2.4144550981027226,3.607567721440726,-1.0897591789746541,-2.3032928140224223,-1.383169162926512,0.41167930760420535,-0.7225172967289933,-0.6990737681648833,-0.853344209685904,0.28072674021094385,-0.6321147453987885,-0.7768865622675593,0.6273820568245794,1.7004000726411277,2.3087325173216273,1.8656346840321678,1.6851050690076337,2.795899031551442,5.223804575000558
3.7156711420866766,2.00563048991718,3.27238086074548,0.8365920781676786,3.1070656989222782,-1.4639412516228856,-0.7377074974430179,-0.8142274853544014,0.3666828415493792,0.11251282069172694,-0.9912635913856144,-0.4183874072935334,-0.4118458219347269,0.42058948162996385,0.416400622248907,0.08542630575882879,1.7433086757938248,4.163350620366478,6.066045494401106,5.199065489033024,4.949290621372816,4.946422621203279
6.071992073742538,5.747039732692406,4.776740884845093,4.844606999635192,3.986575923903051,-1.6784956803860778,-0.3779377969134641,-0.5770603805691925,0.7649478858260643,0.3601060660499386,-1.9053905199514767,0.4871955472920959,0.8804700502104462,0.5662224334664295,-0.906238843422374,0.8584462300305227,1.2698934165337408,4.911314166217964,4.763419282614972,5.370271891112046,4.751228775319012,3.828973101145334
10.2271607706685,10.849226028875817,2.5951205595360096,-0.22228984274413102,4.0039538037611,-2.1628103391173616,-0.6071886790827135,-0.37847594056842937,0.08309915149285249,2.609277012648544,-1.7110707899836555,0.10403658594123234,0.8160172801564487,0.6214369359001484,-1.2043533269259596,0.9996571136858894,1.5536630389755302,4.574889570662209,4.230976798256845,4.6864076768677325,4.508142972979172,4.667161967718585
12.099744513822914,11.7809128932114,10.043361047891675,3.6567315530297666,3.778672952483644,0.7109882416876289,-1.0715626777307021,-0.08687155124535736,-0.3483532478419482,1.1190583534553868,5.520724595373447,-0.5412629884187643,1.0302430114473473,2.0543424965762487,-0.4477854702337273,1.6449177575955316,2.702729009019185,3.7224604447151854,4.24490203463515,4.212034414600973,4.83598178957094,5.592722446233431
11.698185521770663,12.419867170385977,11.394949562992574,1.6949249170459362,3.6805058261697634,1.9285480116804339,-0.46595528930819047,0.39596515538432414,1.7949393304128574,1.0129530401331799,4.392400220697273,-0.17730927659266144,0.507677045965708,0.774865742975489,0.16576909044436275,1.6021017648479745,2.386494573440377,3.2175762070344667,2.8024148819697916,4.122572908080546,4.867689462463794,5.581566319479455
10.642295765852825,11.095737904378982,10.981227900361828,7.386226959122553,2.2100002643881815,0.6487394431195214,0.11684621415260497,0.7797099118009303,1.961411788374482,4.443750165644867,3.7287532039778433,1.5686386330940745,0.9887627066254803,0.8458206312511524,-0.820644204509638,1.1425386812541807,2.4079251555843104,3.0032143690215847,2.427053032292122,4.873021458142778,4.660137742537638,5.611874061334607
11.967737270202617,6.677945414301848,13.7589502669371,11.798597966889059,1.7605871842308685,0.5551916338928135,1.0998491771646235,1.563560758414566,2.886325753928824,5.9176642631438545,4.586664653031395,2.2808170627924413,1.4296769405229068,1.6079590198502636,-1.124350408251652,0.31152599948867243,2.2021329852611307,2.991506936822949,2.672795861282507,3.773043967027166,4.246810083186106,4.058778347802095
11.841858433054364,12.162291672292147,10.768752114002822,10.169787026985885,3.7993039225340244,1.0817312409459676,1.0648772123453998,1.513555183638005,2.095565998458815,2.6714695866754634,2.154201831404524,4.1279930859272564,3.1981892233878595,0.9756935829046754,0.3255311059011287,-1.493262126444619,2.020191396189722,2.71582818312858,3.3000695491602845,3.486573353780929,2.9459369191905096,1.6802759769683244
11.532657565591697,11.14118642746858,10.329027287622168,9.995546819547412,5.022741076293828,4.536211602143343,0.20744628479875582,1.0681692355538488,1.4470618911263957,2.1609773313101757,4.466758504733974,2.917898254720815,1.5304100899557633,1.4872172854750711,0.8924821913433222,1.0264274811808192,0.9786068093809785,1.9240604283399871,1.0384328767424835,1.4923073616001103,1.8888072131677647,1.5027219450379243
10.678313871700848,9.847892205895876,10.23768363658992,8.204919712719347,5.680708024750921,5.149017858562434,1.3584335120434183,1.6309832331081004,1.5117397603692624,1.5669526762002917,2.6759937052612384,3.699409478191268,2.1878342381685103,1.4465807517145364,1.7186046281777412,1.6407067224376897,3.0369052285895517,1.338052463417471,0.9686639564849178,0.9505497761607014,1.5681320449175251,1.8402359919543498
9.414111783167563,9.96283269996911,8.747126585318316,3.1726226533889306,1.896723830831035,5.1266237759366895,0.5763375638307433,1.645533402133034,1.6554009609019265,1.2623957789998708,2.6768243855418987,2.5819933740637557,2.3896216013178724,1.665503077348435,1.7832874355966186,1.6780367591542558,1.8962194140176407,1.841870721708891,1.13844427465009,1.533282215615842,1.5111185577876214,1.5451770170731307
3.856753531298252,2.5069801815511026,3.3528654288035233,4.088143094315734,3.5915840695163053,3.8183189619079956,5.493764694618493,0.5727412063007321,1.994712541352231,1.1907257239771396,1.7384482258853644,2.3657718240970653,2.1995351611085385,1.0974516681551063,0.9973874955959573,1.3101204559089452,2.3928438394501854,2.321132443052113,3.0810336935415568,1.8134430712085898,1.4666534234529052,2.2556507260152667
