script/wind250m.json
{"header": {"parameterCategory": 2, "parameterNumber": 3, "lo1": 6.000198445256149, "la1": 58.999992894266676, "dx": 0.5, "dy": 0.25, "nx": 22, "ny": 24, "refTime": "2024-02-21T09:00:00.000Z"}, "data":
[rows 0 to 23 of 24, columns 0 to 21 of 22]
-0.0007220954553526508,3.6104616189637366,4.722152963548967,9.519408212177584,4.397961521114597,7.742903999995891,0.5677001864128826,1.1232264078393819,2.6582302688468595,3.5621052058520557,-6.776756665301143,0.20544960153082176,6.8209461793749675,-9.245339199026313,-6.765332097798146,-3.8131367891789867,-2.263919836081229,5.464023654845843,-6.398443996839868,0.9118712951019796,3.347346220299362,-8.145698244565887
-8.871142898109376,6.432510915183236,3.4465207650834286,-7.855499559521219,6.664795461736508,2.725150679002937,2.77882019049267,3.7948728922536996,1.3153185263009868,2.8319479103059884,0.5882074778900954,6.206018152382666,0.7834404560207832,4.591377086525697,-2.0129811941543894,2.4522271632649186,4.721104183454134,-1.2529662576660847,-0.3891060612127279,3.305102961864723,5.4534845232549,4.80139915616303
4.619643130910354,3.0709838103066422,2.782541582318749,-4.053027351700321,0.11072600771819076,-5.7797178656636365,-7.140995575098589,-2.9295415002371534,3.4462020370725415,3.6399097361341948,5.796339716174875,5.119092142766043,4.451800777905669,-0.3261064670040772,2.393731342811157,4.388432226910646,6.266702975928647,1.153126791764801,5.753792846374823,2.148954872990368,-9.067909900413495,-3.910092216563102
-2.278021792787191,5.893608196750852,-5.9960729068792435,2.929081370480793,3.8571995396403125,1.4539127827919778,4.518390629335102,-1.0938023773424266,-1.3189849274884191,5.551743869858273,-7.599646269152635,-6.825595980875056,2.1301537774420987,3.351495990449224,5.806594131703644,5.825678691883115,5.21156399760505,1.6057042928497942,6.65583504432508,3.6336674113948644,4.862157904035559,1.9333053224421601
-3.952325663501956,0.34465709781264997,-0.4282363987998446,2.536057805984219,-2.110715624142889,2.007036484501409,5.082203582072114,2.2273582232304743,0.19140861221492933,2.6883232710965332,-0.8960647852026327,2.323729257259419,5.871856102277111,2.61635657124214,1.9056441932454835,-0.4864499292149681,5.618515376583047,5.59206817019014,6.0003386479222405,-6.277493829073577,7.784077291104917,3.642370873472601
-0.6936958342239634,0.5112876754864064,2.8337781905307087,-0.373380364617137,2.78850448415669,1.2461523472310552,4.615261320222895,12.2321899978477,2.4421979917883476,1.709159691072406,1.9338129628216978,0.8592863017112251,0.9891645636311996,-7.839412768366846,-1.97644394019132,-5.915077122731572,-3.5219398850045587,2.0853046826214703,0.3839311287427181,6.795450686162081,-1.4877174020756663,0.6270520462658611
2.373156432392072,0.09136863682682105,1.9868086641237477,2.4163100699472615,2.11013122513358,7.0999391067453645,3.857565114015446,6.055120107710003,5.0061943995170095,6.615922220541521,3.021491369330912,-0.6269034777608461,1.3470170796998857,-6.759343068898581,4.046300967504645,5.564453796871039,4.474479050240332,5.115724030849174,-7.053180478119004,0.004277491528254361,-3.862629783601374,-0.2581070408052142
-6.878406968276578,-5.979509821379135,-1.728098932130354,3.0440048217351383,-6.555664241968883,4.574022565405812,2.6090576239340213,2.8617854108388876,8.437470529330872,-6.513569911423856,2.2138422851244455,8.718057040139913,-0.5187055465689632,1.5119475303077563,5.569834891149988,0.9691192818805575,-1.172057351409273,3.6541694985119433,-0.17140391440023445,10.795587400889156,10.157706153173635,5.7318957803587205
1.424421843028813,4.655034160188189,-1.1253416359583388,-2.879897801237264,4.4865986355741665,4.57525814379064,5.33145508532835,0.5590068919497578,5.22713297797187,5.2439308328743985,0.31519743935251765,1.4707576411812755,3.1431305851911504,5.071439804533766,-9.077186496075457,3.062341415598756,1.2877014689830397,1.242708004756522,5.78633790787267,2.1587300139259358,2.5544666408811856,5.498271542458694
-9.66561816344294,-1.3700244310332141,-6.885953578067616,1.1230362178418722,7.21994627732756,-3.7615323253596995,0.5499846216174855,-7.065597668325769,-2.3146683956711174,-7.622937738374685,1.2300024149994777,1.5628782470629,-6.637049708773894,4.757092797682644,3.145450960219729,-0.9000220845786338,4.707832226599838,2.6782665219785313,-2.7111174368304845,2.759165267566606,-9.158270250261483,6.465879842219433
-0.09993069073541748,-7.229366125276884,1.0184437445846524,4.701015497194687,-8.98391086321504,-3.0513908276808075,-0.7760691980799076,0.25170973653592804,4.962205341195839,3.2347851718179403,2.56131490926284,7.756073690468976,4.717860486968395,4.94252196783423,2.822844687920588,4.705178859259944,0.1783718469895522,3.3040819314587564,2.105154545929447,2.412549408863617,1.6548956470416498,6.483567995445472
0.28781086932662736,4.073752001225881,11.55893709744332,-3.1174300284933483,7.02229476227617,1.7420588218675837,3.689578604536855,-9.253630139178751,2.213599219585422,-0.5027067983638208,7.771578912223476,-6.721908419317575,1.9005316980431024,2.028588970170393,-0.0020718501423872718,0.03177185198700558,2.3667517037296046,-2.705914600460979,5.563664534545871,6.360235206446155,3.267812092005804,7.865767912653373
3.669517541325163,-9.974123353438978,5.77588510402669,4.872314825937175,2.7337316072055855,8.244019980469112,5.642378352115193,5.2866083456950115,3.2705633285276536,2.4166413776320392,-7.884034356336719,3.554500745781579,1.2140297467664545,1.6192592905193774,5.0084502306101495,3.0468532937248347,0.48283140413895587,5.283605356312483,1.1261056820295237,3.371804778027721,-7.766992510335731,-3.9683589121490965
5.339303127741077,6.380215549968707,2.141731258416574,2.2882268286790213,1.552252317337344,6.02281144835414,3.2068826568381916,5.825732682172617,-8.050342407566443,5.190491956278026,-0.3266761668812269,3.4531208136028733,2.8586151077649844,1.7641047588081564,-0.8992039322814044,7.1257275659984165,5.358430867130328,-2.2009825839061694,2.8255470401628067,3.5200617976489443,6.10442423991423,-4.958801580320984
-1.3469339466036918,-7.066014640971745,6.7412633001831885,-5.7845351984706035,-4.546663765043199,3.2161814584305444,1.4728801593231695,2.188377871519076,-5.205154969276673,-6.121526852982542,1.2178763666648178,4.914988431999551,5.497553130711563,5.567564904953957,2.999291447574823,-9.209706417217603,-1.4146040465427057,4.342929945593924,-4.2901030485453875,3.935943175055497,1.9806760416146523,-6.871249938518659
0.6285732110616591,1.1048767680281024,-0.5657807062651966,4.663778558428914,-0.7003909103765246,3.1302411117605486,-1.191821045701428,2.2969906041365458,2.3011314966599627,6.151650189383863,2.8410449771761423,-0.6556721909216532,7.151532783315464,7.640840035767261,9.07506080042069,-7.8267616154479684,2.8994254179244145,-1.1788326064422632,-2.8486507125991865,1.4259878527836185,3.0191488144686414,7.313228477236537
6.582015406511333,-3.508765849203992,2.6531468571789194,4.640282687228989,-7.097581113451698,2.93975430701743,6.659002645340032,1.7557070544992521,-1.5912739083037652,1.2880465599733835,0.7240436611062596,3.0918723700434896,0.10533146535558996,-6.674779093789578,-0.42084670414926884,-5.147912841571469,-5.925280843822953,3.8398915659748667,12.370787003529127,4.733751059549678,-4.329384923034329,11.743749169753093
2.4091119053056205,-8.779102126324608,6.001731350001597,-1.5692416212319853,3.2113869304369387,3.911685430903714,-2.2089152370471674,0.5755322693091449,1.4044762795790993,1.793151967120434,3.7025250836105625,5.161834798435978,5.68736173885115,-4.452209940918889,-0.9454222272990159,-2.6218868616014412,1.9480740539727084,0.29077717845248463,-8.40169460942118,4.266223320611183,4.901227055270295,5.2194023008015575
-4.292443323079105,5.135960017813032,-8.744260191863996,-1.5599218993097603,6.093457570489163,1.2777975663388104,1.6810994202731686,-1.6343336294729132,5.237261195260104,-2.5982587593172695,8.803057735025012,4.859945400665995,3.291187587138767,1.1552810751452576,-0.08384015642364594,-0.007276967150287472,3.929475486793532,1.8730712094292121,8.069194511664833,2.77274382387229,1.5707787968869016,5.08821680235795
2.683983514083316,5.128350129713877,-3.5644634529407564,0.83359678909506,0.7320531036193415,2.4429396866539745,1.5655996252423414,5.079125845010885,-7.128043367011536,0.11063373764002958,-6.702025949993316,4.942673452392745,-6.560037230965969,-2.897673333209776,-3.0545324207535014,-0.7375286143684461,-3.3628925814342643,2.283609115966605,6.972511391250026,1.4702909253162746,5.774283736257755,2.4863766594106633
-0.9441285171161341,-3.8595506614108124,6.921534562481244,2.140860528168042,-2.8776270309724774,4.3499887443162075,-1.114695498712932,4.8446740256329806,9.270737891658023,3.2282600526661795,-6.384712696912851,0.318659041756047,3.498899847511849,2.376124364712422,0.5777063045742612,4.771166442793047,2.118917991126317,4.8826568655327645,7.502356564170247,-7.8589250836663345,-4.457580898888263,12.154425556129164
4.999218373862026,-8.012901519227947,0.18355437176812475,-7.040791503821972,-0.7692285195854031,-3.882551620550463,12.275218934113735,-7.139795135271216,2.3496722884574384,3.565580895111331,2.354366400865673,2.5237271672719106,-7.389667695780925,-6.536831806665163,1.497319745486869,2.7861159989023814,5.1442864636227315,2.569340691187196,5.218233522580407,2.9249699245124745,4.872948613777303,3.0914751294595697
-2.5719394469905072,-9.260307680156926,-4.376388173366257,-1.5135431142458113,2.9618321439659283,5.792884786764195,-6.635292462405336,-0.3429035990140669,-8.610989679526908,4.963444790032854,-8.379390875152804,-0.5719957267298607,1.576010160815618,-0.7030766643125544,4.4452608194434,3.8850416272965047,2.280344511420102,-1.5932650320333366,8.619621718202023,3.8462630753033,2.4501939396368733,0.879434347407389
6.384874739395674,5.427230417344981,-5.5292655557118335,7.481188312543828,9.334728298837586,4.271825869725213,3.3392429802990433,10.036199765117768,-2.7814078783624354,6.970714279852944,-5.272052640190891,0.34786701033756595,2.578966441116812,6.3655347014024155,-8.80128682149234,3.818853686804671,-4.543102509233945,3.3365640411241717,4.181512974243244,0.7034416817213726,5.077217222259322,4.992946753618684
