script/wind150m.json
{"header": {"parameterCategory": 2, "parameterNumber": 3, "lo1": 3.000054539987559, "la1": 64.9999836372058, "dx": 0.5, "dy": 0.25, "nx": 34, "ny": 52, "refTime": "2026-06-29T01:00:00.000Z"}, "data":
[rows 0 to 23 of 52, columns 0 to 33 of 34]
6.28937914119284,5.889044258371388,4.964162703646102,4.789714017317557,4.0619633016992305,3.515328064254966,2.1592361216198994,1.0333293376672863,0.40550482510899927,-0.1688802438928114,-0.332862652092578,-0.08418549032924258,0.9613547556254608,2.048551411146949,6.669497989033984,5.4855029552297685,6.424451760020475,3.573865054285424,3.786994562271164,7.514690755922045,4.981683630286848,1.3076025829013926,2.3596812092682247,3.6000716020491965,2.0201753089731334,0.36277708511500895,0.2560151857186296,0.5829391034511285,-0.34699893208243715,4.855296314455398,7.148842051249795,5.7006767228453805,4.207193743588152,3.37165720101309
6.954895491360532,5.861621763684012,5.961042905789832,5.938591709724962,5.008233309701063,2.025813666696377,0.6468708170877755,-0.5538263492193632,-0.9455923914587557,-0.7468066668470241,-0.30763603318367316,0.03176677148601458,2.273987804921532,2.073711543374292,1.6303619184064457,2.9668951925825766,1.6683509787151745,-1.18851360108231,3.9545903119332473,3.792365677981636,5.654445760761362,4.836921302507711,1.6489921585696081,4.118789376834553,0.6669110373062013,0.4781391660686748,1.1552658058090415,-0.3395745204090209,1.1695469948365207,3.400194237134072,7.056165632504634,6.456629358746555,4.473112086448676,3.0563475973991596
7.272596277203231,6.3792423648356085,5.6614305875409165,5.6997698346215815,4.409624029815999,2.3106910726501098,1.1098530669002091,0.22957534533069548,-0.4967209487127957,-1.0984505443594101,-1.1376788491924936,-0.6963005567484701,0.08584119084716103,2.384516086261964,-1.4485840740735325,-1.5244429941590292,1.9691994116700404,0.9510865719724674,-2.8903610063612337,3.5227054739859636,3.7354329799823884,5.642413975955269,3.1708106526729876,5.2112659032713875,3.366268146454621,0.048884242578720725,0.01065620866514996,-0.20869187901596717,2.16061341271659,6.214255731130317,8.740050482007803,6.333294602096554,4.241821040892462,2.411217581835123
7.716441409044317,5.8097340156279795,5.329018232057539,3.7590378787544028,3.883048225422353,1.9851009903918722,0.7304525640123652,0.56215971873713,-0.12906586770638032,-0.924751126429399,-0.7500253617702964,-1.2452874505478397,-0.7981069933078215,-0.6956062933688655,-3.935224138439924,8.150696861673019,1.5272885415910642,8.338211370939616,6.805147410444333,6.8035070889448,16.286439496687937,5.661892201634222,7.800104113296979,7.452740558694561,2.6175245578723785,1.117387115565804,0.9512253240247666,-0.1019260465144684,0.6182310401741402,5.073507090305004,5.003202379814969,4.596802461659946,2.636260233959949,1.9870164152943253
7.880159738076566,6.480329051484639,6.385012764822515,4.69135929370306,3.381022303335174,2.9915148551959314,1.2316466645353865,0.4436441094832188,-0.049154379427364614,-1.410347356458043,-0.9564132250727103,-0.6079163752261908,-1.7820842244655688,-0.7508340678406658,-2.0304448006445996,7.986775006072755,5.8189828295893085,3.3379472394364837,8.440477404865758,6.293368255558567,14.228878134452192,10.954471493548237,6.096607773793677,5.989673682075212,3.6987562460601233,3.1020079600413415,1.0714298329672858,0.7857123112547051,1.3221242111308649,5.417998732506889,6.110214744835286,5.162352556955038,1.9415248495353563,0.44459341229348204
8.33592014143139,7.248581499522848,5.774036957028962,5.062055417619549,3.1021647846613014,3.2912699987501797,2.0594866502565803,1.168005838054645,0.9537980427155498,-0.21383186742474625,-0.2158146329186042,1.2654632136439126,0.3630957351991476,-2.553076611958929,-1.4402873012874933,1.2371526696584874,0.6704031302669053,2.7661221959928253,9.180554968192967,9.41968117483542,4.982346809637986,3.8854587291112974,5.668487178552049,4.882953274508989,4.08232168244162,2.186231525804216,1.5922303953101005,0.5748895297579706,-0.022547041501101824,3.7988621432833956,6.716100119189614,5.343738007172388,1.7044502256031684,-0.19381003544206363
8.138189741539097,6.838808357803545,6.327755961403598,4.466783581310905,3.1172919734085367,3.3718209688612495,2.726769630103955,0.5151384045390919,1.2283473190473932,1.626459003210147,1.750200795895988,2.065586596819437,2.673983686791451,0.9600792192620752,-3.959675144512356,-1.4711525087803594,5.335328407939953,7.833603365453414,8.537518409558274,7.61320526997798,4.4498687831185295,4.655179371135934,6.3614273738825196,2.922748848856421,5.913423442690671,3.5871380856473647,3.1217043068572186,2.282767025632059,0.8480737358377769,2.2411190998694166,5.416112694798918,5.440640189574165,1.4169511794433252,-0.22327659542445027
7.643500845775349,6.91150911547173,5.82590452155494,4.137407315127612,3.9106681183429135,3.0527262083228126,2.6474828557135255,3.071649904873554,3.6075252098825223,4.572082411305237,5.256244898643265,0.24786567496845016,-0.5435697148464301,-3.0044991809917336,-1.0602650878312838,0.9444746957183326,2.6146717906747208,7.048381717721273,11.628983814860337,2.634501123171181,6.594795511401838,5.118433338590548,4.078379609063289,7.387940521416479,4.883424633180789,3.81202749725091,2.635545727913255,2.3531039462291834,1.5141078242210104,4.163670565938531,7.7200363536494185,5.635247676747448,1.5915972449752707,-1.7307705358781142
6.557120488413654,6.463549761495763,4.400854622699359,4.591666169171197,4.5729611424496515,5.859429580925158,6.057618518504253,4.61135597464857,3.7013465211228103,3.1819354139482274,-0.00327508357707495,-2.435649493020911,-0.02694263417120709,-2.1693336062229513,-0.5652936680059537,1.0232451086581182,3.7353203481416695,11.476661951293867,6.9013353050530055,8.204639127948532,9.81131022385108,8.83253350637903,8.301500682010742,7.22997359900689,5.094212183054102,5.760125756897359,3.7263280542477495,4.705499530283638,3.706386993523383,2.49921848072941,6.5449031652063185,5.189957231751444,1.8197274776882306,-2.0098290662505507
5.892350674132173,4.735353419071716,4.154963851822423,5.01231742266097,6.175098354774518,8.888856800096184,7.3305401171000835,3.6144988000728597,0.38593472499648346,1.0745857434135828,-1.3977518731732723,-1.874516021538707,2.0866894206156137,2.3445598310207636,4.460044705350711,8.942041565864804,9.048045758961685,7.2427356223903185,5.5528842539882755,4.616106052614447,7.866409192385217,9.335501838853165,2.641237600725613,7.637111047944939,8.46669675271788,8.4731506217636,7.628296172095867,5.077614425858424,5.439447755968752,4.097784371539082,5.9420405589212235,5.1269870455248014,1.5768627172653706,-0.7937935245442311
5.250232786995714,4.472665176563893,5.5182991702838,8.18089298410513,13.022638698555,8.350651595547898,6.754977335819416,-0.2701951071767418,5.629964676761759,-2.1303715781964807,3.883659739165315,3.5764894144964674,4.471131631090766,7.295909670577545,6.416155151260358,4.651634366803932,7.224955593584051,4.827149349201091,6.655948049390527,4.7511679476362705,5.338315091794282,3.0791944652251058,9.69081776293469,5.665863280622781,7.536613106651236,3.703378855429896,4.029037422554608,6.634006134686704,4.190988079869092,4.304401322491354,5.232235694321603,4.545685271989147,1.579300300241138,-0.31557500717532644
4.52926722002705,5.440533804077185,7.895227821348452,10.95508171668016,12.551344242362713,6.623719731889818,9.171839593529771,4.80811889453309,7.0368469843994585,4.855095895983564,6.016013592127584,6.315000740254371,4.622571532279263,5.887810836419481,3.564337257817133,4.35021269836574,8.799351209113839,8.839882517689594,9.294261948514869,6.645131026603271,7.78014021844554,5.657697001602376,3.679824226393792,11.377442462962682,5.468297607333982,5.44005546039332,7.728150924818338,7.240475687560071,7.384847842713724,6.724193357428406,5.814732040152411,2.8150698561881144,1.3087171202840968,-0.7847823251253303
4.145116831807399,6.490860928601255,9.627099941695144,12.032235514105762,11.435395176684858,7.0845099836560825,6.292955669240734,4.699253121194828,7.294764949665176,5.511849286742812,5.076920161813083,5.341864387098098,3.799447404280091,6.4791894902243286,7.436546551276122,7.123057893149764,5.916650071102215,7.922722449767919,3.444694153652449,4.448421972260345,6.302647383872371,8.213402412300786,8.388101859726875,9.152324442827515,10.193795815214965,5.937925801371953,5.98157651333895,6.0341771772948976,4.376025298530333,7.367002452339292,5.502030478836583,3.351500027451356,0.706205680992505,-1.9800478904285526
6.266216047852344,9.727685352039545,10.55404654449059,11.272157315230269,8.954960949535606,13.480482603641606,10.534832265195144,4.550071788273096,7.377557792174846,8.2805372864214,10.56798786551464,8.069614359791245,0.7150840357026415,-1.272291736981802,3.610688515592693,6.563655635136382,4.8092247778755794,3.5025610838116368,6.416534196092206,7.698544387521871,2.671177890303222,7.272797200198292,6.542498043372383,9.081917838996219,7.670627388736174,10.581551652409479,8.22525469673383,5.585630339604664,7.664544197651421,7.269207354485603,5.9708174202742,3.697959335462871,1.5278663581987257,-2.2249922066487735
7.6224629231980545,9.122016309232672,10.250526996210649,12.738443676483508,9.616148011933069,5.623145886826763,4.401164689322376,10.255373176107291,3.703411993703621,6.0648885075074,5.126668657232004,3.5227764730510516,4.068971337993821,6.170430842900853,5.238628445331373,6.113675852839654,4.348600740050086,4.985775673842103,5.8882115900683525,4.550239293075318,4.434109286479545,3.2892295394400084,4.98520420896026,5.3556525272317135,4.679593487394594,7.003703163069489,5.625495504785908,8.104283024387666,5.9418217161039655,6.97442300506049,5.780764399970686,3.350275449371034,1.3478588075387858,-1.9620232260335664
8.481452238248062,9.50531005887347,11.144606215500495,12.05718757680312,10.701972100938823,4.902610504216486,7.818391971232128,2.7222960506037834,0.8726453638633305,4.392707984999904,3.0542544312219833,5.3446162740255545,0.39452564702021736,3.2107545323700606,2.8614075235131597,3.561167104642106,4.593116382148942,5.963812958184847,6.408200076429008,5.104160493047784,6.011423156647862,3.4418117889063313,2.791653330534077,2.344890001019956,3.136085108158534,5.467698446888422,8.322582812622384,3.292002032486963,7.834863700601468,5.973097095017631,3.727509510308962,2.3181032264860333,0.6832864152205433,-1.5389822736410381
8.230212449681165,8.516825228982196,10.257554074147873,11.425220034595911,8.898926835950732,9.005278325850469,9.828943393870329,8.064569223783224,5.573250137506741,9.47762300480796,7.088802348607171,5.045581346104549,5.048685352758191,0.12214495178533714,0.028635629833548153,0.6421836134732263,6.150538911857248,5.828337605855128,6.445662839994158,5.632947272467156,6.244966377171144,3.763698659521221,3.5804088936945297,2.7065908163387697,2.440066101974917,4.627231162605815,4.235103310527897,5.389356305099982,6.256131909736143,6.304224888131159,3.623169770709593,2.1372148282650656,0.8180906509183882,-1.6743843687774316
8.53713048944116,7.699547092296345,9.429984477407794,10.205647538114022,8.45769786228346,6.710964274957822,9.380987062005806,6.655189642901098,6.040460151484298,5.216935694694748,-1.0242480989944678,1.731365742841463,2.611635480093959,2.7738628527147737,3.407006542123191,6.919586933503698,4.165728260733604,7.519903686283504,7.394296395776907,4.427030236131593,5.572402055705558,4.775204078950866,4.765132982804365,3.8864019546974897,2.2471396535116295,1.1031405195853974,3.1353418195997165,1.0937537024160697,3.3372450762960133,7.358231081678982,5.641525755338202,2.1469405636995327,-0.527168742507902,-1.6004905243740302
6.374235767138013,7.797608201269654,8.24333574375445,10.068709962741414,8.6383284076148,7.416784856304949,7.687979071460524,6.781271067557607,-0.9537841540313318,4.9886076653963025,1.6871823844435603,2.1488783477620896,1.2218727648760743,2.436712861259507,2.454585149192622,6.8830571502904965,3.562618635513648,4.8390735298305545,6.109186029248183,5.00105301687709,4.781733157255096,5.994495355879907,5.949280076073058,3.397841260245828,2.6387277291233375,0.03537138682204388,-0.8348761386082759,-0.7878575651902359,1.1894501830572184,5.386590116611394,5.8774640533469205,2.890517561500148,-0.3582628535407571,-1.9817667082997628
5.927341395766819,6.088754559265735,7.54582160091623,9.531020102551281,8.420519961920522,5.532347141625792,2.877317124400973,5.1354295477519845,7.808973224235578,5.350418940579662,3.0099695329614775,3.107998023077493,-1.8129001463562715,3.5121586990493867,5.512210294693467,6.46512774725943,3.559478382718177,4.140935936099777,3.7229297962601913,4.090086536810604,5.10909297930679,4.979562623276486,4.626230231148246,3.721952776021514,0.923268423130705,0.46582950849416493,-0.44872637772060553,-1.013749806122365,-0.6293428750110497,0.7556013818075208,2.6804995684437944,2.961474585174967,-0.20704332804452538,-3.109985405793357
5.3663155487063845,4.544155401156072,7.091237814608774,8.662552952133163,9.34284007596613,8.574811385265512,7.098439366475676,6.393142958330933,6.61876814711432,2.889782347979192,2.308714937943189,3.552788174459965,2.847262052039556,4.100266996989898,6.965499542692978,2.3557067868594834,3.7456052524907024,5.536531161275268,3.9806823108448413,3.667895715258449,3.127293062569469,5.708676193133191,4.333707523266355,2.457357742141265,1.478246351166641,-0.6032695725491001,-1.0451553710087786,-1.9374376890891822,-1.428886014483968,-1.126573425119333,-0.9715271773422998,-0.21751706769899595,0.8336382067071503,-0.6586301966168985
4.251242836256152,4.059413798737828,6.824365803739874,7.762059809817797,8.307968992666714,6.734780186443807,1.9548782613274582,3.096279348425682,3.3244662115877612,0.7411973500838196,2.4657715042079156,1.5340361783174516,1.795920068930198,4.35434885749704,1.5463223988740944,3.9567459462958348,4.384542582064532,5.491253574730052,4.176168663119899,2.5695884692484885,4.3722410305420025,4.729811923542968,4.298628939225323,2.864064629139976,-0.31344480526779755,-1.5137502667792395,-2.2184633575503985,-0.4764752663789702,-0.6981585031507436,-0.7228489378446773,-1.2073496432588073,-0.867713559005806,-2.074684938861917,-1.4569044814336405
2.5047409212730862,5.000816447961394,6.785797467138965,7.003146024900715,6.383376115902205,6.109916335924235,3.97257191591006,4.262734249276506,2.5679479645888486,1.1002531670797824,1.6225160570195478,1.5673154642811216,3.4376379657970095,4.283015400698224,3.585434415441095,5.346290611883374,5.517144030137231,5.0330484009156145,3.788524984255036,2.405817259697689,3.449419940967593,4.262769525319309,3.4335142968868464,2.380253805282657,0.5805533865604741,0.012103273381034571,0.24433066082252355,1.1223987029888542,0.13077050977091387,-0.30593020582963143,-0.43319409456623836,-0.7485408427899306,-2.210012977080169,-3.4851220790966586
2.2384567241868196,5.895531087514405,7.2870294232454835,6.635248491197317,5.905750383304392,4.959309640409348,4.856024357399164,4.027010778908188,1.4455006695126682,-2.468441702070319,1.917720501295145,2.796025950393042,2.3755303659650684,3.4092271110535766,6.34352342495999,4.8114138053954045,5.779184024619628,4.926795226979959,2.6492418809750533,2.267350102225691,4.061385419797514,2.8203491188796654,3.552243391601671,1.693581998588114,1.093912245667297,0.011745832916773096,0.6142891331958504,0.1155661106318195,-1.0370558233007239,-1.3857352342546914,-1.6498955145258383,-2.9893531314930026,-4.144949071445242,-5.023627206172832
