script/wind10m.json
{"header": {"parameterCategory": 2, "parameterNumber": 2, "lo1": 6.000027932988019, "la1": 58.9999434238085, "dx": 0.5, "dy": 0.25, "nx": 22, "ny": 24, "refTime": "2024-05-10T04:00:00.000Z"}, "data":
[rows 0 to 23 of 24, columns 0 to 21 of 22]
1.5170252946602711,-1.1176216206052267,-1.8251479483433741,2.0476666275196056,0.3862291957101719,1.5600396867022321,-0.09650621643120569,-0.9372684511792827,-2.453255684289456,-4.4479046776681965,-3.319197399383556,-2.464718263198673,-1.5004858674715709,-1.379218740883434,-3.057316086770084,-2.126531491678333,-2.033558555057765,-1.6613117015945753,-1.3480336239675954,-0.8185218226855958,-0.6215319929131211,0.28177569281055576
1.3297410628881936,-1.1552335880898883,-2.5309414755961126,0.32202365630979496,-0.2404034972828933,-0.223474143514902,-0.6719863563199443,-4.106010199065087,-4.911775892415291,-4.3117036351389855,-3.5985383482675903,-2.1649509180481905,-2.126542275547593,-1.5944757743468818,-4.566192045324101,-2.91991656634145,-1.6394271111213004,-1.7306836231822198,-1.2316503798704506,-0.7532908646374079,-0.6238816400227217,-0.41131988283301246
0.701814022363701,-1.0311293922526064,-0.44598158662597653,-1.795394662341598,-0.5618734438558614,0.41283813669686553,-2.137087404543036,-5.985089923046086,-6.1535280178249945,-4.779831603695131,-2.482531406592279,-2.161085194817451,-2.349014322114064,-4.907717579233084,-2.019231298182061,-0.9599135129302474,-2.047040955540549,-3.0024116788896165,-1.858473061833176,-1.1488940391008944,-0.6970384511166846,0.09438026107870352
3.7320603149770264,-0.41424979892186536,0.9243159257284049,-0.15318047895345036,0.5003427117474659,-1.4505021883388085,-3.965184312675831,-5.17834605068949,-6.007784936094429,-5.798229286067371,-3.4466718546783377,-2.0100825016089714,-2.152266352489111,-0.5227858351294685,0.5778445691307409,1.0192855025340022,0.43301741641664593,-1.4211821228926214,0.9031235139423427,-0.08135661908825169,-0.21986976963295302,0.15541627474965888
3.2746066669717657,6.642090295935984,3.3894966683405903,0.9670409211197711,-0.03664778892772222,-0.1998570766758491,-0.732236183274174,-0.9660493170747044,-2.510158643106969,-2.2510996938512275,-3.3008033256020184,-2.070647957887834,-0.4064829173762224,0.6364758325569785,1.1040509475347482,1.2068991822337007,1.1758533861438947,1.2082665879923986,0.9288540068816455,0.6423087158380192,0.7026001820280916,0.2514910423906387
3.471534697023224,6.264960602499282,8.720868368587272,6.924687697728216,5.499875171667449,3.952228866715861,3.2571858976787578,2.5943987240370108,3.0980270117516264,6.172426150354559,5.982713049826396,0.6045553502783441,0.10087021424900099,0.8183079493902917,0.9536535310297632,1.0605049340185841,1.06287864875255,0.9582089002548471,0.7706450152820467,0.8526376032575319,1.2154550587296378,1.2786715050959299
4.057711392459713,5.57110691556918,8.673845741767813,8.400214791346793,8.139481718298178,7.583137046924303,7.154447193474609,7.004805093330319,3.09241522672335,5.7706541958317485,7.417909028271443,4.506880129381011,1.550132817335391,1.3334440750625878,1.3524046848771072,1.4253690166022148,1.348863917122275,1.0607202642199092,1.2227515735029517,1.17246944428758,1.014526905531397,1.4155571129777675
3.239985478522346,4.646598254301849,7.782433842331008,8.783434045916284,8.898031858801994,8.195769567595164,8.325578382166954,7.379361472574497,3.7147301113095277,4.398088364750506,3.2704121126777643,5.1637850454661365,4.635673717609294,1.520383758365358,1.4764560283762653,1.515853175310848,1.650064271850911,1.3111182627356632,1.4501709954340358,1.3177125377042969,1.3157582478459433,2.3754698059937165
2.9173366467493222,4.161063541537679,5.876182192687506,7.494753783393796,8.316977387412038,3.115869961117416,5.5250813487204615,4.697662750086932,3.861277217552575,7.574613612325612,7.588929491841917,5.71720816141749,3.9484240299778377,1.7755578024256158,1.594766948938132,1.8093338510996788,2.12239078086707,1.528087351119551,1.7654812964915272,1.675859918681701,1.4435526369665184,1.014979085782407
2.333135288508773,4.116725354311848,5.049569380271323,6.075022063180703,6.693693601903194,4.990466134031724,4.118097436877638,3.830380910179894,4.1777774679708735,6.573341225803751,7.642119644299708,7.142129378847623,6.263593812636259,5.543322158677478,1.7671488350423572,2.127179071218942,1.8755964186510934,2.120033807121622,1.9702425061142619,2.006863864433646,1.6104776093484483,1.3538865330718501
3.0170641485650864,3.842335182149111,3.970541602600782,4.638558255384459,5.034382936889436,3.974403257219337,3.0378134778241703,3.5961056380112773,4.368018928075815,3.823219050505497,5.903139134099744,7.79002976735018,7.251091092628479,5.849614522003346,4.737735313617155,2.473340278579112,1.9951690657579988,1.9830912141538701,2.2152474609335018,1.7278971566044106,1.756427209996066,2.760746848642975
3.073599001587212,4.312322139324699,3.335726770829619,3.20644649770294,4.730718412530895,2.393457546578816,3.456780135657252,3.581832344946789,3.874781729774398,4.056489655625792,4.744463074253986,6.634996617825124,7.7832209727739645,4.966344159157002,3.6483701917581652,2.5787268480150423,2.458646565321775,2.3095304957833687,2.135309243585968,2.0301090480704898,1.4810827674430918,3.2496835501300287
3.150125708760655,3.636441272035065,3.7299111084562933,3.8870924823902344,4.585038634759416,2.8133348184265814,2.847490454792006,3.2048071471998565,4.332513399969475,5.559749429240398,6.609947730366297,7.081529524085429,4.537742659005832,3.489513033772585,3.866456552058432,2.658819818473264,2.396127709674326,5.341784435530329,4.528284282583459,6.10172914899824,6.02025251170872,6.656473463246187
2.3542946081095595,3.3971262659526142,4.782322512774739,5.958548208461524,5.941109792264751,3.6503352494873478,3.763176346629284,3.00740739742874,4.288821974062004,7.178104405530882,6.437482839245135,4.346448987490906,3.9275851800228008,3.926592274930826,4.07112609660976,4.312789632262638,2.6312633885631787,4.1658798830434005,5.595431495587752,6.299636660616032,6.803549212096595,6.732949685258309
2.861505626739979,4.5107491584715085,5.314403194346901,6.0745554836776465,6.534874797560952,4.3330034364648595,3.7345425321789176,3.3476019799378776,3.1489681820816577,4.622304601128791,6.055104926388929,3.5564972977648828,3.7286071473156794,5.592956801263237,4.4064231275350005,3.824149451134456,4.223397669009074,4.73176221903138,6.0257873203332455,7.622944385812916,7.728627541201525,7.599886819133786
3.843627717715433,5.018979347961083,5.63765074147215,6.265864383311092,6.42880038342845,5.213477979952621,2.5739369331761344,3.01411245258472,3.5791615024492778,4.205541347367375,4.71210237996095,3.069549269312557,4.287777589181522,5.190356484715183,5.300573794624068,7.147779812606776,7.771322791804662,7.94644891298652,7.940584480878488,8.219103725892777,8.825210977010352,8.645786330193104
3.5237769553984823,4.363929385925729,4.615351841325672,5.020652985908441,5.235049281349658,4.651067520085559,2.637190886266326,3.0466685635406003,4.728465099574891,5.621297623651215,5.601787211094246,6.782465194856066,4.666075833359487,4.976342247372708,6.129209338097365,6.69496670786942,7.355620367696133,8.295494064322256,4.948431780393494,7.011713362921579,7.710026764790358,7.996471661772562
2.034295718882362,2.530918256172348,3.1233637093544777,3.8497929083544404,4.206305841160406,3.5625458407185624,2.12727512777318,3.347092432479708,4.226863421458523,6.90500559742608,5.522326589150874,4.17052582907861,3.9608751269786207,6.506813790993348,7.000528769112227,7.594362265029545,6.896968503974188,8.03963451454226,7.249127485962708,7.334629373101761,7.5776553554988215,8.390633219032365
0.716361743256512,1.3054760288907536,3.6905077975033955,2.975389345990143,3.574592827446953,4.823021184441091,3.1858599851169043,2.364837714897916,3.3734970087420866,5.555210082991117,4.590066511787403,5.720538930869614,6.547762852597463,7.132912133896827,7.30221703796124,4.477733624022727,7.1929741662330136,6.176420033099493,6.432414732860811,7.275680734739332,7.5608571681812915,4.534602983476812
0.8093824827601904,1.4889591885116373,2.461754943804805,3.0569239540102684,3.7100979540883987,4.808537525012398,2.7176703826622957,1.0486528057299291,1.8493928955652732,2.2400332788380672,2.2617284120286,4.107448341479838,5.878694748013135,3.028200782979452,2.6211476856919447,5.860319521967915,6.457659967200601,5.940749356997284,6.130665132222001,7.01614797455202,5.80436347288681,3.534276855511765
1.4456091771913135,2.0733454726352254,2.9148830149466254,2.858603907055552,2.9968171156495593,4.184470210526336,2.0045452327180087,1.5535619254109303,1.3433007937725479,1.231836560641869,2.976214746878176,1.990542639782659,0.7206332309384728,2.2042785183741107,2.2735106699344527,2.73284631678872,4.91181671518074,4.838274015390268,2.493780459918379,2.781526878974558,2.9849351058378435,2.1161288086541528
1.4803399307994873,2.0000173169992745,2.5793597580149585,2.584877359233077,3.2735883913706068,4.6449863559115965,1.228069363885555,1.9117543394985215,1.4521314319701466,2.250886446304198,1.8291046111300777,1.6064517532559572,1.4749749165290562,1.338188781513465,2.0408254550750664,1.6118934380585166,2.690170603653842,6.2452302888681315,1.3377682655459378,1.8434907248758126,3.820302749896978,2.0470461101480497
1.2854189897285406,2.1856334269542814,2.7842441064264367,1.2987180849891204,1.9847831391186304,1.7219470358078708,1.9294711612551663,1.1890488061468898,2.448687413565673,1.6299235619237376,0.19019665603040029,0.3477015139659264,0.29463544527149116,0.9017806467501736,1.4383743677145673,1.1194477453317873,1.5070721133989746,1.056251502309426,0.9884148288311243,1.5091154780644833,1.579495964300286,1.5108853731222045
-0.1512176339821395,1.3006361119088687,1.6156343501308774,1.3386860881692972,1.4524439569744778,0.9190356547494253,0.6206123413742062,1.1241312473616183,1.7065419836564912,0.9821369899699249,0.010520326459969935,0.4637015781030433,-0.02426796814493909,0.29391372252051706,0.4469725928748695,0.7792818501425215,1.0970786827694214,0.7197661916784793,0.3899781203756357,0.6839735323416769,1.2583599925759887,2.5200142691127403
