script/wind150m.json
{"header": {"parameterCategory": 2, "parameterNumber": 3, "lo1": 6.000198445256149, "la1": 58.999992894266676, "dx": 0.5, "dy": 0.25, "nx": 22, "ny": 24, "refTime": "2024-01-18T00:00:00.000Z"}, "data":
[rows 0 to 23 of 24, columns 0 to 21 of 22]
-3.163000086710694,-5.328617305476236,-5.583253507459173,-4.408559510244624,-4.056613294431643,-2.4736751332513283,-4.816100586645315,-2.7463652860779884,-3.464257214204023,-7.983364215461533,2.546656440663679,-5.600837883300709,-7.329686028987181,2.9999014393786303,5.7071227053355456,-2.6256105121221442,-0.001694476790458486,-8.067089291417457,2.4364771287424594,-7.419578019595186,-0.8910514889996801,1.15216776627828
-1.6755971793175197,-4.306595444176757,-8.604603201789677,1.5689442407503615,-4.629486154560852,-3.269067423818414,-1.9491981624742296,-4.959645675435308,-4.019804054819686,-4.47791718534188,-3.066788332992705,-3.971210125905038,-5.659914272633614,-4.683265943029127,-1.8231071021671865,-5.486708927324773,-1.8065744078335395,-5.932666378433014,-3.8781076840678943,-5.215777033204567,-5.053297157479123,1.0980423208070889
-6.916790198709143,1.2219212183795514,-5.200540382981497,1.3694164790055032,-3.9129303698031586,-0.6770468407044797,5.811088956603777,3.9366889815285377,-5.997794311106856,-3.7647830098728283,-0.4829196291964347,-4.462028881480719,-1.6801658132258364,-4.494345588775454,-2.3049846354522323,2.939762034363678,-2.59088533927787,-1.63557685170794,-7.137462192326692,-12.604435585675523,-0.057679619102473996,-3.7579590736536965
-3.2968075160506136,-4.47813849116638,-3.878414032007173,-5.323602390451349,-2.8882667909509148,-3.4355418368495636,-2.758157890476236,-2.2203844586276795,1.0685443690682312,-5.26857541395615,-3.2924850298180757,-0.6096127979799708,-1.3723822039945495,-1.8663089597956002,-1.3421799117291806,-3.7744438721465507,-3.673278343324298,-1.208860925632474,-2.6198838434705567,0.6654734154213313,-6.409723692761106,-3.182608691794198
-1.2642435672126162,-4.889016410622504,1.436954174720084,-4.990861730206465,-3.10570963169729,-4.633755820631468,-6.05814309738035,-4.094063784359137,-1.9626215923060433,-12.202623745096432,-1.493178718837142,-8.302112314429207,-4.665335824290837,-0.8329954617461103,1.491031304688507,-5.894239191728614,-3.845848406036752,-6.7509035207991,0.2641375406548649,1.1118090447234448,-6.880295356394798,-3.3726710482473727
-2.5892108439369608,-3.9003476026839086,0.28550792778182604,-2.9686361072145977,-7.31989760082632,-3.242432726365339,-6.164293762475944,-3.0422366969515955,-1.710670851851661,-2.8952001003551655,-4.228836899556432,-4.691428022551625,-3.448296839998786,0.3937929212815593,1.8890478626665559,1.1452677190570693,0.34477452269114744,-9.229156657231416,-6.855615202213636,0.2206443655967109,-3.212849025551399,-1.2589075299732486
-3.5008466427883542,-3.362968900937241,-0.4314303292628276,-5.03802683898263,-2.440739774362035,-2.0192170295329888,-5.337939632833918,-4.809610864093949,-3.9920693177254702,-9.503684164349403,-5.763925930661865,-2.1451101286646375,-4.7671381634953836,0.2931411437844041,-4.053870626414477,-3.7538234574729876,-2.7941451928803622,-4.8550306961073275,-3.0584259894769805,-2.5591613097865094,-6.616606662506295,-1.9050686397961007
-1.191086891981751,1.0245572834020351,-2.2210229215784634,-2.9449955444892537,-4.614971189708089,-6.185767318489608,-2.1895506498693003,-7.687823203293961,-2.8246858397919525,-2.1738388736605976,-6.553228901510329,-3.265010739424287,-3.5851180828073006,-8.257541054714363,0.44371478030414274,-1.4177584245009682,-5.101852400682989,-2.7695512950507237,-0.5509937100189511,-4.364963091177705,-4.6416507978989845,-11.392877295287185
-4.189673934669306,-2.516733023745338,-6.417246679171631,-4.484057691255079,-2.909723149826179,-4.932412996955682,-8.976196693845068,-6.492130546893536,-5.020696037851914,-5.829310563223707,-2.8375892940672114,-7.575629064536781,0.5102136476615048,-4.102913724470662,-0.2847613585016855,-4.481180051676006,-3.405126737569369,-1.7799942580570107,-12.434665675496948,-3.670485284017229,-3.2304927083335975,-2.12510480182748
2.691954214536817,-5.536889799328416,-1.0835344292211009,-3.8255493462508237,-4.246275486173624,1.0872558174802203,-4.03071455046119,1.0854301965775537,-2.3841398195159678,0.6075917683374458,-0.6297460010137097,-3.203716957462023,2.6633732782457122,-2.959715327101819,-2.99401992142881,-4.419046652636436,-3.2167802743767155,-4.70861108395874,-1.0052677798818623,-0.2982835919550894,-1.097538713854965,-5.276806322973251
-2.313810641719669,-0.5174245876956098,-1.6080403121713682,-10.459890342584517,4.317287909349329,-1.8270650284423458,-1.0701285076852185,-3.1013158087927084,-4.924850136309046,-3.2153402950023926,-5.615393211815112,-7.353990143778721,-3.9787016235760637,-5.173572434471561,-10.975733405593612,-3.942773574184858,-4.507468393308894,-2.3506935881248436,-4.183606284333415,-8.48028600062188,-6.831320943022257,0.7423689386473764
-3.279114201952943,-2.3053352220077743,-4.42615891053493,2.2495126183579295,-0.9058205771080621,-2.51697542195544,-3.183466675999563,-1.0178651108139183,-2.627529730880264,-2.727369019527525,-12.07423817759697,2.032408738250109,0.01619364000859735,-5.033635353622954,-3.0398121925339483,2.903061382316997,-0.7946494360133604,1.527579452500443,-5.775736881786181,-4.349715399478793,-4.995523368845646,-4.220238882006532
-2.5416531470140113,-1.2086463061421213,-5.544557032630234,-10.201253636639432,-1.1362543400447416,-6.037838781308433,-13.10201709185518,0.2168807426153564,-7.853533024786069,-6.208627685004831,-0.028348847182807245,-4.1572825546692815,-2.0434085852395194,-4.8013505706549715,-1.0885510654650807,-3.695732882929909,-7.258756942331875,-10.359759416069931,-3.422330463264665,1.89036853166134,-0.9120370389056422,2.5548647660176904
-2.8510560660352824,-7.394159667133245,-7.688084783639627,-4.230987043965663,2.165985125328816,-6.1749375314357255,-6.739803233136142,-0.8084828752809055,-2.218706904338326,-10.129818466103629,3.309367156948425,-1.6983983501490276,-2.9621617906659994,-1.4290897084485628,-1.3971243629638288,-1.8501886774377945,-14.95424203575304,-0.023086124376655637,-5.723346799400184,-6.0884464407829,-6.88530625656008,1.295063222016098
-1.7594335958854541,5.271741925485507,-7.002309641432355,1.5453085447330848,0.6037250605349201,-5.249108197698022,-4.517759252950721,-1.6559977354315514,-5.220668393540031,1.112989848879992,-7.915626472718332,-9.884078553663354,-3.696233792315485,-2.801427603702885,1.771314453611209,0.28392665182633864,1.707799731967772,-0.15151759132370637,3.3549250179366137,-9.941443631227408,-11.573376470122234,1.1417142572251135
-5.078963666514325,-6.020802333227801,-3.810686443774773,-12.431795254093169,-4.2406726391972525,-3.893541092210033,6.308395513984841,-6.8603459471826005,1.4105321009971414,-4.130996439981845,-3.9115100269153693,-3.97843099017524,-3.4698600637365313,-10.102939115387793,-2.0315101759529974,0.3258149735089168,-4.300260644009569,-2.3866839522949186,-3.0808828310693874,3.437215193261424,-2.1526818131767707,2.326275354634557
-5.617623957163132,-2.84377769844826,-3.6347682969897788,-10.854931276161645,4.27356861917683,-4.464836583974801,-3.1804424153976836,-2.3781223861815497,-5.216757684003707,-1.0396447346770856,6.418500649386564,-4.7734198924565625,-1.0460430900630906,-1.084907545421204,-0.49256610281820384,4.12258470070007,-0.8453933531003125,-2.163980403342733,-6.560564268903323,-11.641137938612985,2.2797891496624834,-4.452657371630815
-3.1588753265640386,-2.222706035438653,-2.7883463677815947,-6.049052087823805,-4.347444280284481,0.010517129342142092,-4.486247107358525,-3.0938290963746695,-6.649608535591747,-0.3243446854426788,-2.9886445766595164,-0.49447843943824676,-4.128131503406025,3.2609664954479443,-5.080579552503404,0.6552838641627493,-5.615771971978504,-6.077262889058701,1.1488351406695212,-5.464428237462218,-4.81671858810022,-11.393948212066816
-3.1687268480591038,-2.054856056279576,-0.6508672754355811,-2.32409748838779,-3.3359427824699144,-4.8916531654160655,-3.5232838161785307,-4.208202664205273,-9.615282856811563,-2.1145158855436725,-2.04563465761706,-4.073879339342112,-0.1535942666002789,-12.237339760111073,-4.880480630518232,-0.265876083380783,-8.875102534064577,-1.6299066443683197,-7.903355591647476,-5.574466271828882,-3.3314708660029577,-3.544900010097744
-5.109286011539056,-4.195974694919197,-3.0659766015055983,-5.16901016826269,-3.014521957621761,-3.766288468328156,-2.6323111581210976,-4.865906553506716,-0.3825713783373446,0.1137045310772105,-1.6425611859733498,-3.986935506663101,1.2433835825203023,-4.073705559995109,9.617123456363831,-0.7006454698833661,-1.7863306651318056,-7.193682110265279,-2.853167577627612,-2.6738179658006467,-5.061372401941705,-2.8353099842531058
-3.7248197122160684,-1.5990297982363133,-5.919643641584839,0.3580635664253227,3.784365638696286,-4.485113030742122,-1.6315371331128714,-3.41967928926631,-6.079580126784493,-6.011689036431925,1.8759760882949141,1.8501454582749406,-1.370232813878117,-3.641038275195929,-5.328906337561702,-9.379147505061328,-7.195450872023208,-0.7199909177001753,-3.971725253068303,2.133422089336442,1.3513672319881207,-3.845087763241774
-5.077477046686399,-1.1965482652989898,-5.641950235836766,5.166092788866957,0.2768796813464498,1.9168699220079863,-2.386418325873652,-1.1726350245781136,-1.2749659770155324,-9.962915158240747,-3.2823929119473014,-2.6604517512413897,5.402283176495678,-1.6524796003351518,-7.756711225570951,-5.845064164783899,-3.7424908465447695,-12.172759965238988,-5.231828458277916,-2.544876354966181,-10.822287012758892,-0.8918216693302635
-1.9521773197481984,0.9981118430731755,-2.503995781538975,-3.6508840254137573,-4.576128809329775,-5.171622272124034,7.211232743604353,6.9282179822146945,-1.0791170210036052,-6.4502213259479,2.0817659289718,-2.720428125591453,-3.80848888166327,4.317768399647899,-2.7880087105399047,-4.930770066557084,-5.77949312472329,-4.6253445174031045,-6.72533901219743,-2.1952591058613473,-4.851785757296952,-4.91287965556293
-4.060463366997556,-3.9237964246223673,2.468267061414684,-1.7656909748364433,-7.867945749192707,-6.164504599843209,-3.494914874844386,-5.624415255107872,0.8600698753766911,-1.531786133637929,-1.3814849506383833,2.1813974121381388,-3.1144039591115718,-2.7640440907528565,-3.442222769823904,-3.4039507105764417,-1.2216448241317441,-3.8873381666935414,-4.708766078552406,-0.9451698418113524,-6.196371694935974,-7.039631919603729
