script/wind10m.json
{"header": {"parameterCategory": 2, "parameterNumber": 3, "lo1": 6.000198445256149, "la1": 58.999992894266676, "dx": 0.5, "dy": 0.25, "nx": 22, "ny": 24, "refTime": "2024-02-22T21:00:00.000Z"}, "data":
[rows 0 to 23 of 24, columns 0 to 21 of 22]
2.913133516000316,11.8436434690435,4.5614426827580505,-0.04821220664180797,0.5716180915637027,-0.9307175488154265,-0.4930954024315188,2.793085266302502,3.046889792997642,2.5164544390319143,2.3769757803468328,2.2393797136133,1.6492862328411835,1.2553759551505417,4.082546318387648,3.579546276185422,3.5453984813740647,2.87993205289253,2.808397990471191,2.442079363704845,2.2515163582660542,3.548918634664209
3.675407075942439,4.47553529222227,3.105419335954686,1.5063856383686054,-0.023975392681965444,-0.8340929519479997,0.6550741738509385,5.910764151499944,9.532095545703877,5.049581449006999,4.223737895222946,2.2015224856467093,2.4981990705758435,1.0947606471311129,1.8944026274251728,3.054734553052401,3.209732752806487,3.401288937296255,2.299186426298407,1.725583051932044,2.2725719004950165,2.9289214056405313
3.3364260828234675,3.145405835570537,2.044313330396366,0.33990538980657314,-0.5437093772437835,-0.5018517784231886,3.169976995170785,7.206050004626403,9.587490581327689,6.985934959160309,5.171669292047157,2.914853435106221,1.8393248014701984,1.9120182460034671,2.4781859496739145,3.733155209915398,2.793681964213034,1.6749573055398628,3.2508551920841247,0.7900461996795816,1.9063556025250663,3.5536227099399986
5.041042121687818,2.1550434971656895,2.5676344352086833,0.8309730159649367,1.0971348109415424,2.698022790450586,5.542465411399452,7.624851304329644,9.231202670303448,10.31207536294255,5.656448613208386,3.3073232122315996,2.4340279910064178,2.647029898911286,3.505384680023598,3.1127145711338335,1.6136204539735446,4.816695102259925,2.4261112081821183,2.1504793508721014,1.8951087299334164,2.229346793551102
2.7037106868261307,2.3335275234153383,1.1640946777709287,0.8490303686537717,2.6732614654026365,3.6295549561000753,4.228250822987923,5.800801301402646,8.498752538114916,10.212060198857984,8.544042210726547,4.788551234814501,2.7112306147728162,2.785330874600558,3.1443094362426076,3.0646702063808218,2.176230724013223,3.4010511894937343,2.49714775671157,1.6985844737759268,1.4484540964681487,2.0548847282346623
4.776147976136716,3.9772071436147596,3.2550133215541375,3.8113283209655684,5.145973630065224,5.270054871008623,5.255087806313867,5.331643756513445,5.708009560094025,8.018234574095167,9.408055444135435,6.0426013631113475,3.4312302627655193,3.106465398935576,3.6064128799146165,3.092553823888081,2.6183050295908386,2.5813303967328367,2.600616856184226,1.64196378580851,1.441471555862796,1.8474503213131817
6.469371207232862,5.449621051253862,4.8832987504369,5.85542393214947,4.940442006788718,5.530069213726243,5.619894724158548,5.764230873187095,5.328483216897861,7.8022123791766145,9.289628161262481,7.842135134157362,2.6859381083246205,2.6454747378749444,2.5181697813423205,2.488317164386546,2.5275959851197043,2.371848310291068,2.0389749405650113,1.606176560736505,1.1915382927560692,2.1141642694602103
7.613871297256358,6.356383006899358,6.316000898088885,5.013571231254188,5.560572294689079,5.137735147421684,5.630124966741159,6.189362072510819,5.066859097837104,5.780430446046705,6.293443080980842,8.215050475223572,5.175076481131567,2.778333770393157,2.309662019252206,2.193881966390079,2.011109477393944,2.1010026535986164,1.7595039525942808,1.4990421425036415,0.9676875796510835,3.8191315534934556
7.616138921297206,7.025197879787156,5.462882739662362,5.37512412430413,5.431365515990219,3.4107202266857124,5.238761616639766,5.341435245771647,5.103907159980429,7.690519044356566,7.549743593933308,7.553909326555898,6.740943517436721,2.4660004920307403,1.9938025357392848,2.107386451426552,2.3766135273363087,1.8218427064785951,1.9253864454124439,1.3302250098541324,1.140942447833485,3.432419877038512
9.118117591741036,7.640759744646092,5.480232771660388,4.53658071708856,4.310644316736864,5.258879231124328,4.689427812734275,5.5260101371172885,4.402580835941604,6.87097009539697,7.217381854702741,6.8440988462747825,5.706715396815352,4.920615597324352,1.5930553610090463,2.060114553317692,1.9469543708055015,1.97486283815676,1.5840939255453612,1.154431891575682,2.030572643040071,4.1201896545680095
9.792774726929135,9.101937018681765,7.914473132658599,5.522627613196742,6.095192281146758,5.257252106956555,5.016174073126019,5.4011331743001145,6.074524601660689,5.601838602711215,7.00464987898754,6.060377251887169,6.7794137753231976,5.187632396583645,2.9076772362631322,1.3167347373570755,1.9554844193178798,2.0466226537608363,2.127264833738686,1.7514703327338939,2.3989189847690433,4.994723840494059
11.020140912673188,11.589503834309788,9.018678926547315,7.35081339467917,6.819119391126709,4.288852118287748,5.2120988725612385,4.516876403507474,5.318067203714104,5.109592148885168,5.491615303862756,6.649164915820611,5.624117565204921,5.748966390895322,3.58945734730065,1.7923797936451966,2.0347429183739285,1.4241257191931058,2.7596893869145798,3.632779003105529,5.0894314461258015,7.477762470816305
12.298953896621477,12.535978324843464,11.615352961990252,8.67861645534011,8.513909664300696,5.600117551053534,4.812098015842178,4.324990315310531,6.3981465293819095,5.825321955277605,5.327873952511742,4.979747171853105,5.0199251718800255,4.366096810359712,3.530197019474666,3.1177999100288827,1.6976566525953987,5.619923524315636,7.212318743821256,7.887120611709515,8.072652719646873,7.97992115606631
13.051684522551515,13.015668669411477,12.821675169761585,11.351505701530503,10.130686676574733,7.7072834941629536,6.607270736927235,4.910390580326697,4.931176927824599,8.26378438013107,6.873072875544704,4.9587389719499,5.1663628910852095,4.339880157253543,4.010684032317809,3.347795063645544,2.6829002797326225,6.383447337083562,7.979087857426748,8.1865004848302,7.958728536830855,8.280583615471183
14.38168958652042,14.795390013338746,14.322870864153492,13.195522621516067,10.405254001970793,7.495584219355938,6.844445264903407,8.450927855217849,7.209468236123636,8.286640259571847,8.777777301805843,5.699120887251049,5.023704394295624,6.9208760979845865,5.200973028980485,4.390857179552555,5.301155030261336,7.879166548797972,7.501858826929606,8.258757568994143,8.133400633578171,7.965519786985482
14.762282825905409,14.693256145371059,14.453008935773884,14.189580833470151,12.111954036623258,9.580211959812791,6.210808667581783,7.34654100167161,8.310530347482151,8.276354336717926,7.862643141249548,6.4028347281285765,5.681497504156903,8.115406123220293,6.743896431153559,8.571581357759639,8.20844364707688,8.119221797552004,5.693978979990303,8.371261611478301,8.003603404337706,7.716974614058723
16.984375315057616,13.962490944560733,14.044845805899046,13.411142970271625,12.418259244352477,11.548710715191259,8.099678598931959,6.348152685491355,9.884847910217353,8.719813938180623,10.153904360657917,8.366471260750277,6.486623531822926,7.183513012615932,6.573186075771897,7.875474655295685,9.308944191308687,8.849076906819002,7.315740555491948,8.867078155126276,7.677140425883272,6.778421850023793
15.99438820817734,14.147534367028182,13.039778213115932,13.02870205620105,12.1973689201303,9.481102436658274,8.253443691719678,9.131940736109456,9.312508641767996,9.48356534113693,8.373386454549212,7.628198603572089,6.061033461287926,7.44373988750218,7.02693636360528,7.362916447728728,9.09368078162183,8.140501482909857,7.92364760157888,7.642870512673078,6.972790108680977,5.861609301822172
15.159974175614531,15.369036075049555,12.79974971335476,12.380589113669185,12.833524101525123,11.945950773368756,9.69462370274324,8.938119606054974,10.712844116169899,9.375160496872578,9.326910555192049,8.60578130277877,7.930744375591932,7.6740785885646705,7.465710360187163,5.996989570529646,8.996034116771824,7.783078520334104,7.265265706901163,6.059750237788757,6.426420811948292,4.48962645309134
15.791646991637572,14.29004151459645,14.830925918576515,12.337305424362212,11.867622702501807,10.30917220229283,9.214728682142482,9.527586921908856,8.923491717306547,9.107723848092299,7.403352678621543,9.076853923976902,9.532534510621295,6.4214165000145975,5.41619989347931,7.701385533257888,8.379171041464842,7.053563150554648,6.8334640576501755,6.3063745902342765,5.530465712769905,4.241400787512556
15.34247910807041,14.932304402121495,18.697340436655494,13.441745023597548,12.153852122662945,13.020326154773608,9.767076827812293,9.347294170339012,8.094779942665005,8.569127400331299,11.08941599874184,9.721981134883487,8.125107554072926,6.699266417385498,5.209248552478655,6.68970737014566,6.7361077901075035,7.71670528894147,5.3467442031329595,5.928577100495632,5.719037754237129,4.993234966864228
15.420901778720866,14.91537313547806,12.03787440346034,15.036046856882438,15.292352825315856,12.636720756011083,8.605992834090777,9.828033906690502,7.344442987459279,8.439200191768819,9.002853202521827,8.593876155056522,7.770387787930289,6.854868750563248,6.115234202712373,5.368012294987842,5.904990162794904,6.427356727481181,4.7547233116460985,5.869093270838674,6.364978613639295,4.815055415926456
15.602643903547014,13.661189299330713,10.171395512753554,11.362280402579904,11.74080313422291,11.737626103991916,8.369052847847374,8.678204640180127,8.48813944074906,7.44786313245617,8.156959415709267,7.566856990967303,7.444160087261393,7.48347372378708,6.827213799404081,7.13560466770605,6.377922517798406,4.666238402042775,6.2509071679385695,6.051697480007212,5.117714241030515,4.157709504276682
11.970741687968918,10.467922180331756,9.445288064198138,13.181699849897699,9.841933885033784,10.34561842857293,10.179651483821935,9.126568153777194,7.691922900247496,6.332055941038655,5.446180592287058,6.219731392915172,8.16796626793832,5.346398240698936,6.533241573192579,5.302388621584088,5.793547817244524,5.145321731928582,5.485166721650512,5.479590951577259,4.090614403252245,5.72877247543758
