script/wind250m.json
{"header": {"parameterCategory": 2, "parameterNumber": 3, "lo1": 3.000054539987559, "la1": 64.9999836372058, "dx": 0.5, "dy": 0.25, "nx": 34, "ny": 52, "refTime": "2025-12-30T17:00:00.000Z"}, "data":
[rows 24 to 47 of 52, columns 0 to 33 of 34]
-9.638407542886961,-8.649399331713377,-8.381908332494424,-6.176684739539084,-4.953509917808667,-3.7532954641346787,2.142833561681375,-6.9086901515862085,-8.38313671113294,-2.8178222866764036,-5.99947016788882,-4.075633361429136,-4.014337721136192,-5.2520639312069965,-4.855834552127943,-2.7383458409158967,-3.505748820234584,-5.00303941633519,-7.8294109577984194,-9.726457788520676,-11.114841322568818,-9.725775034783007,-8.0857234639189,-10.394191882083053,-9.9488997971402,-9.669858465297045,-9.629454589413719,-10.426454679986199,-8.955106667715434,-9.403476094601041,-10.810709052074095,-10.654199358153356,-16.643941506599127,-17.5442168675193
-10.98538162208915,-9.958320210747157,-9.505716769955654,-6.43244095583609,-5.900801389597264,-5.339370623006999,-6.0236653350847265,-6.075188253006185,-2.2439245447418337,-4.280551094280185,-7.366987104553739,-3.412640254683623,-5.73087954664267,-6.092529502700584,-2.904877328840104,-3.7301799212570828,-4.1604311059027825,-6.798605223921365,-9.064729729544753,-10.812054365764608,-10.009650679453182,-9.867712420421896,-9.390364244434819,-7.227798965817138,-9.622969940757349,-9.861551129695865,-9.671389738834018,-9.709808210788049,-8.888419429200068,-10.530814709075145,-12.731703805374735,-14.456839246434031,-16.351402582779553,-17.16343890484284
-10.005555540439234,-10.320454269337237,-8.694985919980299,-8.39721465852704,-6.585117367147786,-6.655537171781159,-2.1847795467429103,-2.7621718938867716,-2.3808657618493725,-2.5112500719415793,-6.3646667003505275,-6.852516584969341,-7.474553511128923,-4.592777637021922,-3.0732264553980326,-4.5675288038839845,-5.529049449000779,-7.655214722814282,-10.376374581738569,-12.000543405604104,-9.111980085029602,-9.061037881215091,-9.042613394154245,-9.845896682646103,-10.861894866504773,-11.49198443226532,-8.201906561216118,-9.487681773965825,-10.759262079987344,-13.842998450600922,-15.95521420803967,-17.898824038271936,-17.226132441087145,-18.192967452053786
-9.342723508298478,-9.318047556124384,-9.223703115928238,-9.475913353463483,-8.850403965143853,-7.97284726683711,-4.041241779211599,-5.8018393670801105,-7.9059189633911195,-6.333020475631881,-6.03951620612229,-7.8064962654245305,-4.449244176930223,-4.330746620001029,-3.9901732499506632,-5.167745720599427,-7.194849914260015,-8.38806943678613,-11.475136288180135,-11.023019389742055,-10.309137543897632,-8.898029950475024,-9.320204264206629,-11.066623631851403,-10.389282312903463,-11.579693145145944,-9.797181836746761,-9.286739083815084,-10.92962921365749,-15.962087680866727,-17.475836324200095,-18.957032176532906,-18.31868735725467,-19.905643783913778
-9.575780601334923,-9.568115760509508,-9.870046549664202,-10.044980838503193,-8.753965455319799,-8.098652680898159,-7.770744157071571,-5.302612649886494,-9.760429892717925,-6.445729984865977,-8.890455248829618,-9.02085649284535,-4.860707236005525,-4.749943959579469,-5.083077928429997,-6.542522477586049,-8.68479743745419,-9.474530589126772,-12.701904099429214,-11.882883818621647,-9.862965904850462,-11.589248460252012,-13.251409006260333,-10.618880278466078,-9.397952684252289,-8.642375391589036,-9.543786715661993,-8.964471596176233,-13.5913183993155,-16.594366539555995,-18.408042765104742,-19.10363292693416,-19.501838311063,-21.556992426341456
-10.070627343941808,-10.478485844873832,-10.614766894989724,-10.199225839653803,-8.758054745383005,-8.863694774980793,-7.664277442892492,-7.2491435740009855,-9.862079313833574,-7.960608148447056,-8.375162826969602,-6.895736433074074,-5.550802777139943,-5.022662991218801,-6.040773919292034,-8.4361741123546,-9.7094265940213,-10.907748955152522,-11.56230457322782,-11.126104052886356,-12.947511231180096,-11.8893710829344,-10.481236889489443,-10.414563352998982,-10.388029271183953,-8.923839042934917,-10.26564420176274,-10.553004279997317,-14.036162820345837,-16.94260378762025,-19.379024524964656,-16.966272564603827,-18.573576433622176,-20.182984575509536
-10.604975958457622,-10.942579312117557,-10.477204430797757,-10.564408360616223,-10.457436727823021,-9.352262607181878,-9.628880061743114,-8.483532948157594,-10.898026312122294,-9.622157081336098,-10.084715423163994,-6.4264025667730165,-4.903187476643936,-5.073132837887467,-7.264614243244809,-8.605373459381818,-10.988956412061173,-12.452935587749208,-12.965179408967801,-11.869171324997557,-12.046786712606607,-10.912343686285528,-10.318975331773737,-9.64716102678775,-8.886590658478825,-8.366535303199312,-8.702287917599568,-10.284447361029034,-14.454365918784893,-18.086220547187715,-19.48402632091377,-16.291398130108025,-19.820737657429003,-20.448754606132027
-11.485813160782062,-11.594408099329405,-11.086309563879363,-10.994434192183459,-12.383992866523142,-11.962898908479318,-10.235030923862535,-10.29436872994416,-11.581169059459054,-9.985267112870556,-9.21102357664216,-7.091646681649469,-5.207908907981108,-5.672633084552889,-7.371936822141959,-9.821705525242018,-10.587613981345513,-12.668424544172552,-12.17183776724772,-10.627578436645255,-10.115420185377703,-8.348135458267604,-8.981980217529545,-8.751006972160953,-8.262520561561375,-8.834303679994845,-9.434780845203637,-10.995546950779596,-14.484420976814942,-18.615635576489527,-19.97103935375698,-15.762081685081762,-20.602064645348303,-20.999026914530248
-11.694665756199734,-11.28735397230351,-11.58973706455363,-12.042474048838475,-12.24063715923917,-12.084366759219904,-10.979127343855433,-11.617123763477162,-11.854275734142321,-11.55966077900812,-9.289897691007736,-7.028629504641285,-5.670598084049487,-6.227244989038284,-8.187016885681615,-10.192912105223034,-10.958353807000389,-12.553180452195473,-12.354581035571192,-13.770236770581041,-12.380965326660146,-10.221739164542438,-7.990889701418575,-8.189047854241213,-8.0311404579935,-9.67052210821852,-10.319826175435061,-11.538469335477378,-15.758285797466858,-19.477176500328852,-20.826130539909784,-18.122139539064865,-18.47974936556704,-21.825406744373428
-11.38493620950331,-11.971942838365916,-12.071402880044301,-10.94316340752875,-12.11462193775472,-11.749861780206244,-11.46431952598488,-12.27905875079188,-12.210508250694536,-12.431551246708477,-8.552086179278634,-7.348834847355585,-6.665685025719429,-6.634382010197083,-8.751214299707993,-8.306794202959448,-11.507552168654163,-12.75775380361019,-12.710307753276753,-12.148963667704225,-9.921631352389102,-9.75606063684788,-8.789691234315029,-9.082559758921704,-9.568449920517894,-9.904653701048616,-11.385752116816931,-13.011755633937257,-17.597577586858172,-20.03945007132347,-21.863297776423174,-19.84943731036067,-21.832479930730447,-20.380650477514408
-11.648927362824827,-11.825544342319736,-12.557283738948884,-11.9998280499869,-12.473309482100442,-12.227929186138093,-11.454174205018079,-12.710218490020551,-12.596061644661773,-11.107442530523441,-8.120933758452344,-7.316605312153478,-7.082375814503774,-7.624304799601681,-8.875496775631683,-9.389770580315886,-12.005326350955492,-13.279767744369593,-13.298340362074109,-12.117589617534545,-11.600819155481366,-11.081452894866342,-10.27560026032417,-10.740828770118645,-10.412923094297039,-11.240031907541136,-12.153931849242399,-14.53284684123997,-17.777656971079544,-20.031225327990768,-21.968039889275563,-22.27581219206277,-21.819870432334156,-20.609925525502724
-12.155377460547566,-12.931913211143726,-12.402878461298029,-12.481745623953973,-12.345262007451527,-12.360566988529207,-12.002551074976095,-12.849189174278436,-12.614460235883444,-10.327285994545905,-9.042939571218474,-7.674200765351052,-7.377078352534438,-8.34072312978222,-9.987374092128116,-11.214518936220383,-11.625256961061874,-13.854559977881143,-13.318186911031166,-12.182157365714975,-10.114988367040258,-13.39727779562063,-12.339961003037649,-11.703511159775418,-12.330914770545276,-12.464761282144869,-12.906240271172853,-15.579701077147678,-18.260258239870872,-20.61239528205718,-22.736415634426095,-23.429278098545375,-23.649662584611843,-21.335917644533982
-11.689318531861266,-11.911136975484661,-11.957895739580566,-12.106016804878253,-12.227426215193418,-11.061082254810575,-11.865875978425393,-12.221257567215087,-12.28236141190312,-10.616771704002103,-9.038209286885886,-7.78031051944644,-8.12085417793623,-9.352477111222443,-10.70387474388366,-11.18575142330684,-12.112508846938631,-14.18677760694192,-13.503837041789637,-12.350119575090668,-12.652281137609855,-13.129337924128512,-13.283908948849572,-11.145168018006512,-13.169238867976599,-13.907371501451161,-13.57368834525287,-17.385352513167888,-18.26254140231734,-20.54604871157887,-23.149325041598267,-24.477033350727556,-23.887590444062614,-23.230859549845064
-11.399635709650049,-10.821035999107673,-11.067219226744315,-11.456977148119508,-11.935977513576853,-10.706141566855228,-12.30527115148625,-11.852930663126202,-12.138562560225285,-10.986002075820332,-9.219040245824656,-5.933572516319792,-8.587431464813399,-10.112038334227226,-11.559558147320745,-11.41611651975264,-12.73125735423098,-13.25224519009185,-12.333591450679679,-11.849424296782814,-14.575517261000691,-13.149247710073205,-11.149551231626395,-13.342648970957574,-14.333275610702746,-15.853501057322829,-16.120083672358106,-18.796284614735534,-19.05806225541104,-21.08902366913628,-22.87527251674617,-23.863736983299827,-23.634466890223113,-26.72710960248058
-10.682866433599406,-10.211038421292296,-10.666114810111965,-11.118607745703205,-11.282276110436479,-10.8960210613159,-12.294365087071611,-11.328039210985644,-11.271749376884893,-11.612183369284093,-9.316291726645982,-5.954000463423728,-9.216225419618333,-10.086549507491078,-10.29442599277635,-11.03223008823763,-12.93994990746783,-12.183605104802842,-12.481458400992535,-9.591073366279979,-12.451160518506809,-13.3283058930655,-12.760081844162569,-14.536422799354046,-15.036217407466118,-17.1755940394103,-17.743146745843685,-18.423344332731144,-19.37625553427731,-20.73970458206085,-22.206054565879192,-23.19018350408649,-23.516894904731647,-25.981106874211726
-9.845639582931831,-9.954608019121268,-8.793230666637598,-9.864353032714815,-10.67680607478032,-11.091908338541355,-10.99886258730315,-10.681743459136031,-11.025467687381475,-11.672780290186266,-9.35545317554917,-5.857650776437725,-9.015671124144475,-10.41742218422238,-11.917461820347674,-12.013115129197162,-12.37597769332325,-11.939101896478741,-9.956528916945876,-9.277121052388198,-13.020072011446691,-12.906979436301746,-12.999984917145584,-12.589080381514908,-15.85283264795379,-17.803793066869666,-17.654002696792293,-17.897085421646043,-18.184626390026633,-19.48305220104667,-21.311406774074527,-23.06642844743372,-23.93081198388483,-24.135770449446788
-10.007828608190058,-9.984249441759536,-9.839559080543445,-10.659131121392264,-10.580270231732355,-11.014655092815152,-11.683358060111768,-10.979366134671189,-11.493034973176503,-11.990545438417504,-9.327449670705448,-4.2882949151545,-7.7581244236152855,-10.586062239973172,-9.603696716226144,-11.899889187510162,-11.002673567653884,-12.35018310397575,-10.605265582670317,-9.086910085313717,-14.007000696247843,-13.941804104486646,-14.223395692702763,-14.629591069563899,-14.920447452861044,-17.814897907776626,-17.257279964866594,-16.832878763254644,-17.602990320941988,-19.07433916929372,-21.514119898904973,-22.973390178754038,-24.65571614793235,-25.694236145432008
-10.167111889652796,-9.688165482805474,-9.902190497144005,-10.624968604181445,-11.081044371822056,-11.267971791239258,-11.164160555490886,-10.722870587741607,-11.842105165868654,-11.491723920230232,-8.084557933909492,-5.073433617590016,-6.761851130094197,-10.357165343890486,-10.29532216151602,-10.379601834147259,-11.676766029490144,-11.14909380212239,-9.872075255229445,-8.995071857913315,-14.703085208630776,-14.617291129592953,-14.56232161220596,-15.137802858903123,-16.204154825889752,-17.43674712183791,-16.98189635670878,-15.892488529795985,-16.421588647385672,-16.652053418489995,-17.768268660904095,-22.011820288201957,-23.72028128158135,-24.009828306559257
-9.719494599340338,-9.120614659197827,-9.541751142463818,-11.289662416340505,-9.902758959420725,-10.607247037071717,-10.74849721366666,-10.424594969741387,-12.16139499011884,-11.37965435011003,-8.483237840941742,-2.7861589010886827,-6.934050652368224,-9.437198162964595,-10.52239996291943,-10.256851344338962,-11.823336082573602,-11.206296345417528,-11.378594392573923,-10.50836352591587,-14.502571729182876,-13.800545799999577,-15.067352345898959,-15.458466130282567,-16.087530281362497,-16.521106886046873,-15.792390595318595,-13.805362184292346,-12.648040355815947,-13.699942492115648,-13.116618014144494,-16.14175710735547,-22.741344779135787,-25.693680868869382
-9.135141716032653,-9.639097904207404,-10.44879285834973,-11.51697369047569,-10.18799914292763,-10.430767434998446,-10.575227967222714,-11.377243822997654,-12.049638121981777,-9.575422471429137,-8.288845039953797,-4.407538748966401,-6.622091606977099,-9.70674091038305,-10.898366233637995,-9.331706461568116,-11.498617613995215,-12.10718055678302,-12.125777187167708,-11.450840402828359,-13.622086580117253,-13.009019901486013,-15.277999398755542,-14.573418294448977,-14.881963181263668,-15.22708646315156,-14.537664163366403,-11.41467659676257,-11.348033344650075,-11.584093000640307,-13.929254612211842,-12.856221274067982,-19.180998489296304,-22.514487635557593
-9.757223459244221,-10.494785414233016,-10.836286352042059,-11.747359398633607,-10.883436080567648,-10.283661819284045,-10.315084577509385,-11.003392621495397,-11.524775387029111,-8.405783509266238,-5.8415951173425995,-4.732478580599835,-7.131020484994787,-8.966090512246538,-10.918749220248497,-10.773411956455508,-10.257634706325032,-12.787124468854548,-12.852461004304397,-10.78785282801789,-12.313390410813264,-13.22419658359077,-12.319117608135318,-13.318676973529223,-12.757564759137827,-12.667940499580817,-12.11972681964114,-10.582188017119375,-10.759237924488033,-10.302011280706552,-11.931392173200226,-13.11778399113653,-16.211559946480303,-18.906942616145344
-10.016120258641015,-10.7674161084498,-11.169603081706711,-11.345130734568027,-10.266901580414943,-10.670206302027022,-10.664901695211238,-11.620895558301314,-10.261749862407264,-7.184047177763567,-4.007580840688237,-3.350377718023457,-7.24584145922224,-9.399650882131347,-10.609056522939165,-11.558783222068094,-11.598094218218291,-10.219963542597018,-11.840659940507843,-11.733898284629868,-12.322190032836499,-13.099717713073364,-10.553874164952708,-12.398043176056746,-10.423665451488457,-10.830787993062994,-11.662138439134699,-10.478843050728514,-9.211642044314459,-9.686955523624077,-11.537999299227558,-12.91263260745313,-14.715543794221796,-14.104208860703162
-10.761146350458903,-10.292117970930818,-11.034985543502863,-10.809584306343474,-9.950648580698187,-9.948538280429089,-10.701892550047681,-11.397766539991373,-9.011505279793017,-1.9266260997118456,-3.0048688713563907,-3.812014360067856,-6.987668730424015,-9.869942194964826,-10.663185609732153,-11.431190280395397,-11.774479968881469,-10.880860201601026,-10.374639099800492,-10.735686262736882,-13.004481179428744,-13.650970333171639,-11.442978585315965,-8.748793067649727,-10.553687649768321,-11.859070255250968,-9.818565827188705,-9.662075919321063,-9.602928033961673,-11.584956671309854,-11.656968446197265,-12.989370320649321,-14.45458374075894,-15.773449306023196
-10.282157492550002,-10.286823759255313,-9.994239424490367,-9.98412007508819,-9.911683709675138,-11.102882114264194,-11.565013359627226,-11.06593931848065,-6.083902431360476,-1.1850855842996435,-3.79938606130149,-3.4478148464748095,-7.181934900404429,-9.081595027541427,-10.5564102176088,-10.60868449855593,-11.182623437651525,-10.340250804123565,-9.234644600754063,-9.042034548643134,-9.732413313484537,-11.894251577744201,-11.874167527868622,-11.28144810831101,-8.11745523592407,-10.012487198396002,-9.44065565604143,-9.560134425270183,-11.058404207886587,-11.858635536794536,-10.241054894670837,-11.264264908665774,-14.478862776933843,-13.204976669513979
