script/wind350m.json
{"header": {"parameterCategory": 2, "parameterNumber": 3, "lo1": 3.000054539987559, "la1": 64.9999836372058, "dx": 0.5, "dy": 0.25, "nx": 34, "ny": 52, "refTime": "2025-11-25T07:00:00.000Z"}, "data":
[rows 24 to 47 of 52, columns 0 to 33 of 34]
-8.440202698844212,-4.93426563834688,-1.9774907426408397,2.819906518690443,1.2838716106759147,-0.8624384268158075,-0.9992525154685048,-3.1965458758489524,-2.201107885401496,-3.131653562672028,-3.261860729610822,-3.7907217384456544,-3.7374317202583,-4.023977325184774,-4.532366890545925,-3.4716330892765925,-2.4648557130945883,-2.5029254154595195,-2.2861543369093402,-0.7608168330171692,-0.8287230702808085,-0.0736610901070104,0.157364251261434,-0.7291384473410705,-1.4799324182629472,-1.4654048368854338,-1.3523930376362225,-1.8104674574336994,-1.566883959967705,-1.9955317711282197,-2.6845561968366107,-3.7938944499831173,-4.300210063412731,-4.35423758579061
-5.508934558636884,-4.374067506279596,0.20779725199990182,2.9155811735643393,2.4516566630332473,0.9706300978506955,-3.9923154150670994,-1.9092071111902855,-3.439425669732184,-3.9041514413078113,-4.16915267802381,-4.696163086595423,-5.769590366858739,-6.452525591545245,-4.0798660659605135,-3.875021413446124,-1.2836646597510954,-1.7809149766656163,-1.3205597089531667,-1.9877084940835068,-0.16856003377978035,0.8237801094439284,0.36332630232933116,0.04979890635543777,0.11257857188871354,-1.1130362435123888,-1.4009410281451715,-1.6623512187067024,-2.7028653229025617,-3.2415360876733827,-2.47139541965297,-3.8607312437191403,-4.154742320125676,-3.9717768353540244
-3.60492879465148,-0.19746116001654826,1.9924285633785064,2.859245291852493,2.3310926931881077,0.44080715397734943,-2.178527469380668,-2.4135919237858054,-3.4912334674524566,-5.140289962586994,-5.027010230808858,-4.858770385917106,-6.701126777717418,-4.902410798925971,-4.505325939834276,-3.177848179984649,-0.6349043206821725,-1.4670217149970166,-2.0637242251139645,-1.2835758197608913,-0.6141327036785719,0.1662007719439648,1.5032198486367234,0.16442573431921165,0.7598920271298067,-1.3845595552946988,-0.4922021069650582,-2.2991188392507413,-2.9182898576077925,-2.391537421770229,-2.1418374549466708,-2.1121684275660044,-2.6004769574254056,-2.5873999551226423
-2.470882027905196,1.27888392859634,1.9419034952139584,0.8007916160684715,0.8042247221916168,0.14939957594599676,-0.9777944785567888,-4.540961089743767,-3.958230810563799,-6.038556481809962,-5.70723738934546,-8.074030615994818,-6.022984794174166,-5.314802664330192,-4.121266511074116,-2.5351568653646064,-2.0308708609653356,-2.2210842071978463,-2.227728279490931,-1.4791873249482652,-0.6933681674010616,0.5230179793780778,-0.2763437180438245,-0.22517958710454056,-0.956332300706238,-1.272952260022698,-0.17415983331002508,-0.9373330245887335,-0.6417760090421147,-0.35307545969697457,-1.0724130210045428,-1.3904347254491458,-0.469504614847731,-0.5257149127605975
-1.432654498140645,-0.7731043212610651,-0.7900130847001987,-0.37815150551572757,-0.9301137550058575,-1.8449160488512588,-3.165664479414306,-2.572531736874509,-3.688105246999292,-6.881293584580576,-8.302969342182008,-7.581954767281972,-5.242470982175739,-4.673075379562361,-3.7282105383371578,-3.6629445141179566,-3.1812292215704217,-2.7622668446285004,-1.9810309094288585,-0.7864443635040476,-1.5494598350669795,1.1256766055129173,2.0157936827508998,2.1745301736023137,-0.16328168267633947,0.29791052500222587,0.23668408715674397,-0.08636077885569765,-0.7901242983113096,-0.40631614481880757,-0.03543626471808902,-0.2870491071595378,-0.22531876548373062,-0.22862383494165214
-1.4713097694903243,-1.4190640609954948,-1.3633640592154315,-2.0380242078276445,-3.0514321591506133,-3.6682762919100886,-4.476509680793813,-5.48792709414288,-7.249962456458908,-8.514684754697562,-7.157314413774909,-6.134693510342607,-5.067073779798826,-4.750095898943417,-4.263742223875543,-3.806199409205034,-3.2662761790633885,-0.6404883412382918,-1.588146957307524,0.5001882143631186,-0.9965136020708141,-0.04143091401089311,1.5587484037818564,1.2275166758827811,0.2147572709633833,1.1945578302243318,0.02754458608172833,-0.23387485989600712,0.60275082584488,0.41640209319655525,0.25059242695147665,0.1939022413774015,0.1297017921694597,0.49649235066817554
-2.4933671719367743,-2.7088837341720517,-2.7687643867965743,-3.8332945183847267,-4.404490775693962,-5.139605679765966,-5.584872694468957,-7.163503535037579,-8.856112529340484,-10.810923947747026,-6.494096545228508,-5.514315707645103,-4.96191236643495,-4.463728149405776,-3.932961780169959,-3.2590971843725085,-2.1532538634186458,1.5574199849866153,1.2031334122541868,1.173646551489075,1.2207659982007328,0.8322488268287447,1.196773498100002,0.4566136280184767,0.6349281055751278,-1.2353202792258435,-0.0283908521339614,0.5592435855506179,0.524399371154786,0.21062767454821915,1.7067003527495008,2.0782818984308236,0.9321565299794676,0.9650418725046024
-2.722691710025618,-3.578482403824933,-4.62785677510479,-5.355632440920007,-5.823263206321167,-6.278560472977573,-7.038150418964306,-8.936519504727809,-10.43093714807806,-6.533714534400315,-6.087681037220223,-5.179549948155478,-5.303629404651543,-5.588216607360054,-4.512693143405175,-4.076229584359595,-2.1615612987997808,0.0338489214818066,0.785878854778139,1.8016543612271274,2.571176549561988,1.8989726544769392,1.4535039689708682,0.5495566466195236,-0.47525074954497076,-0.2702839826643788,0.11953287652721016,-0.22074309901371666,-0.0383738102929653,0.19281159776931905,1.60486977793124,1.9626825164749313,2.4327442323263537,1.7579192902867173
-3.632095262203457,-4.914858645622551,-5.656228583075187,-6.114803254568516,-6.6645864427826575,-7.635484016983671,-8.573334207229317,-9.762798570400124,-7.856599503793856,-6.677363195284842,-6.249780156826587,-5.860576186754963,-6.047507843587351,-5.060574075376433,-4.0754885901693205,-3.4057790108294306,-3.0094595918732905,-1.921716784910727,-0.12448359350683885,1.197110625405872,1.517333421762627,1.7795274894158877,0.9603793844227703,0.544081099459799,-0.1584557700459853,-0.835906961119411,-1.8143321381138906,-1.5852127012867432,0.26385291993175203,0.7400060933591446,2.072942160655952,3.1317317686643262,2.7306280872152224,2.7635822905053042
-3.971203078658096,-5.0945668512456015,-6.712921556292174,-7.323989626258049,-7.960355382685877,-9.24426618554031,-8.885240763850263,-9.696673813368607,-7.561296334920116,-6.942823358669869,-7.642565910143263,-7.681030495538112,-5.7347376844162525,-5.788530651623185,-5.185475921929672,-3.396107805703587,-1.8625155154197286,-0.5250790939202922,0.1808191047114113,0.6986983376199223,-0.24589173274203824,0.03691996522062053,0.3475610788821578,0.559195783312746,0.1999557830145392,-2.051624206469369,-3.331467821085263,-0.8339254195414295,-0.1790174994480166,1.2794009520463399,1.9600117289403998,3.068338013420596,3.5485058783509262,4.327740472754361
-4.65172457543673,-6.494373114203324,-7.673984504432072,-8.426886692375968,-9.514042961314845,-9.716509462902794,-9.75607440448527,-8.92859524467457,-8.183533111708684,-8.934976766541503,-8.91615151516294,-7.827836129799554,-7.845697081942183,-6.7288707795902605,-5.578136153474265,-3.1487878364449804,-1.0922807432206936,0.92349887106038,2.248544430856994,3.59785215141572,2.0676858641867075,2.18790911693623,1.4475829225928878,0.8633919989397787,0.043311464450748086,-1.6461357586805467,-0.8599265920333106,-0.3063067680375138,1.080469414587243,0.7821947418269192,1.6921681687820336,1.2830141999779767,3.7896694024453637,4.165549774298291
-5.502169402691041,-7.277872150369573,-8.748829720830091,-9.980780388958658,-11.994078965014564,-10.805326793595878,-8.979183090076141,-9.14121098350692,-9.274620738216017,-9.851061705368727,-9.754897849206406,-10.351759097943491,-7.243465695554211,-6.838198956827846,-4.260106623077109,0.8419768355078847,2.1848517121987867,1.9578280452047958,2.2046099148328024,5.508313949059299,4.107149931588176,2.0214571977061118,1.353231974849245,1.272567064147622,-0.2002156231437388,-0.4119367543671158,-2.757041734040503,0.0041587944579860635,4.395942676828919,6.132497776054609,5.614033976802089,2.7119816514534443,2.3417023588551666,7.2648912810687385
-6.8503429538611185,-8.270488388646477,-10.263360955547366,-11.463771266580768,-11.392703882111602,-9.181158709673618,-9.675859892642649,-10.494314458527663,-9.934780263027703,-10.72326632070644,-10.241504380170129,-8.70229805478299,-7.00310870547228,-5.2879166361562175,1.225589923180013,3.4365235466684774,3.6222716435996096,3.5927813503261308,3.587345623964179,4.704154780838273,1.556369202897458,1.0545268044870098,0.6234924561210734,0.41147906924921823,0.35202302759206683,-0.2586579040939463,3.9936386563198316,4.8586027362063,6.23734365508058,6.0309454419397905,5.317035413567343,3.5141547418116628,4.331324542490862,3.8037520908621407
-7.874907184492085,-9.463622432412418,-11.648649237161145,-12.720132988859453,-12.4306037976445,-9.98737549620302,-10.552103626012453,-10.315089059075975,-10.799241236062187,-11.099148957743788,-9.415857106414798,-8.574587834552513,-3.711218045831462,-0.6878787106284591,2.2575026373551674,3.9334401006273927,5.715186128509654,3.931562658740049,3.1532182628710097,1.8168881516210909,-0.22183064501398858,1.380257730708607,-1.7602826104607998,1.9978204980478311,2.6828425408680223,3.657330488797827,4.705486462278458,5.092793411958334,5.101232139197982,4.760881665480563,4.244759054588209,3.0645857179310156,4.357772882023208,5.051139374531051
-9.345225755173853,-10.853512154303084,-12.546386898702734,-13.004725933725153,-11.45274213877489,-11.588119239442431,-11.07684382052219,-11.27714366410171,-11.592046303867305,-9.74852777505522,-7.998171765683437,-5.172571061880368,-1.554311040701523,1.3678314703307348,2.3982578681087037,3.1018837316588064,5.137677235018072,3.549046440915222,1.476789083733443,2.085620641071295,0.6501303618438112,0.5645911962679606,1.7999348815545007,3.2171197181511224,3.9670970102414844,3.5622969854459767,4.837296410064564,4.894511342715682,4.65495811017343,4.391638412221925,4.402266664861381,4.0340986559516026,4.040647711912542,5.5050782144047545
-10.655424825110227,-12.063837504743963,-12.940118369317352,-13.950803118384638,-11.617496127221768,-12.166935787744766,-11.585163943489391,-12.857735763139933,-11.10287154761082,-8.441368640381656,-7.279749541613364,-0.8781690928311991,0.35614045351023027,3.2082065259343535,3.493738121966037,3.7217032486015014,4.806358313553018,4.2478866168577,3.3799591251992016,3.3503600006876013,2.6673058307623134,3.215990552153585,2.9552849306548787,3.3663410422937776,3.2611963004953552,3.516004854136066,3.39393189132025,3.962398628065224,4.022660155448984,3.6433163262452335,3.1715576057780295,3.5486977347883912,3.9775786241525553,3.74984294496708
-11.8216682680736,-12.727948492914303,-13.821271591509438,-13.528632583786884,-12.26244137491912,-12.430757500025878,-13.197851915288195,-11.625123291279472,-10.51710868501146,-8.861208803667362,-5.167122898216684,-1.0426874005166327,0.7907721981380336,2.966576868427652,4.122776298116276,4.443381324729265,4.586980240667617,4.47436448762167,3.423599602215706,4.4997176485340065,3.9588765247830433,2.7597100272009323,4.1746501217742304,3.9376956316149996,2.9551414952963984,3.340074244835753,2.424950997906165,2.872911585336771,2.7975200669876785,2.6520302903517403,1.299955809345948,4.163619828346295,3.501509917775729,2.0431580547570647
-13.128003581835403,-13.265802470512732,-12.995241712907283,-12.814288405467611,-13.017297620878278,-13.065476857848703,-12.856827209234256,-11.410988174481185,-10.751575579673474,-8.2933613927323,-7.027875493178379,3.2972503070496892,5.163277128278481,2.971188708932639,3.6134232735659744,3.2585487185962054,4.450471513938349,4.752214903435067,4.698972968019787,3.6738159638267582,3.762200061144188,2.6796660249540403,4.118852749851069,3.552622527864955,3.0121697636714284,2.5475835312095456,2.5361784072619358,2.769954677501029,2.2455812447305328,2.452921823393607,0.469606705715108,4.118050091237718,3.372740920630558,2.510267678639612
-13.235196855335111,-14.372623627189748,-14.926504275947284,-14.430410916661408,-13.783434726235114,-14.227406376629345,-11.80135354834856,-11.831983724683669,-10.55108104314332,-8.960936803191663,-6.346463448133541,2.8115289093873193,7.929293112134308,4.683909165492482,1.1301650512378496,3.6252975909112313,2.8983374031828064,4.681715749199199,3.7660080540820986,4.625580832516744,3.5295782808281655,3.2783613116904498,3.13677886182653,2.1712454035508,3.0286397717403326,2.53765949400773,2.594604563509409,2.153493143702176,2.1257804003327996,2.652474528016999,3.0639230374834368,6.164254429637212,2.6046951686947244,3.964282317327477
-14.098347930036523,-14.78476083192627,-13.713982199150928,-14.411870626786005,-14.272766732534096,-13.05602537635629,-11.719923943364188,-10.639822696674903,-10.506059373237436,-8.726597667020753,-3.8375504873379724,5.105255299178114,6.836557188302153,4.4373661393344515,3.012333762441082,2.6241228313537706,2.2240123685618003,2.7906668426766807,2.8810191625667474,2.869931052742073,2.2971118190102526,2.483117254174179,2.3672626200441766,0.9941284626864291,3.1013632016387724,2.5759473552889878,3.068517196075164,2.473535818276365,5.883500253154302,7.13183573475698,5.206435672168814,4.9949190523586875,3.6052327177717878,3.1743491857611272
-14.946028187028695,-14.81688656318929,-14.08703700543943,-14.139383653816756,-13.875197317402062,-12.580966809733992,-11.908531322489168,-9.716186813137917,-8.672686863064225,-7.803394042482024,-4.139753150939255,4.433547312225149,4.53219645779021,3.229169487551966,1.5347084393076318,2.7331164599290774,1.9356057147573282,1.756243271541065,3.496830163159208,1.6732899604947937,1.5818543262415772,1.7016158796554788,2.8275330172325503,2.5950841970874965,2.4531446567169994,3.9433960379674717,6.612047229173228,3.7637215252791396,4.5791556023716335,6.538569769664609,4.458356363132236,3.185941152609783,2.24552765169508,2.8519568614568933
-15.43911914285993,-16.852461825501877,-13.415044607539372,-14.05697665764191,-13.655963860788022,-12.414029027323796,-11.529913118820026,-9.241056439322021,-9.144967265037968,-6.551710185103499,0.9602526030138946,2.8274612067336387,3.080970540344612,2.1820484013400856,0.9096048056762573,1.6352693370520637,1.092130218511216,1.771134523735532,0.9536730803298955,2.3430115957253013,2.7741336350261587,1.882817041061538,1.9189206007101518,3.1765865196509298,1.6472707381060965,7.6863736784544185,5.6197691831684375,4.523032910220826,3.5926770325739277,4.988609774678454,4.090185838468571,2.5651638286253586,3.7335451735607252,3.323634236579594
-15.666564806934671,-14.433993094586146,-13.93288729665442,-14.136426043453469,-13.49291451166931,-11.856337117882852,-10.90869103806385,-9.432456809343716,-8.697831569950626,-1.9422960729262437,2.3493103164582156,0.2735781633719083,2.583023365691053,1.0177290905900387,1.1474351832535579,0.19250524388103896,1.4024579650788476,1.0127772330944036,2.040458572751825,3.2801969136821088,1.839406975002755,1.4252640843276079,2.3120786532398663,3.7656114175031346,5.137098082440495,5.855550062142357,5.305328064757814,4.543176984261812,3.2808434564426046,4.761697327573984,4.409041627771191,3.5163278453539935,3.739888414068382,3.6697304955389836
-15.423200548532314,-14.14151358178795,-13.996764111328744,-14.228289634293638,-13.198134356191657,-11.958417860592029,-10.14945331753745,-9.853462630054485,-4.988764682394084,0.7827690775634559,-1.4244020959220782,-0.9106947885299985,0.36313406270254533,0.5061899035782756,-0.439892615404164,0.1739689151400998,0.15030507668443593,1.5334669549375533,1.7103950731257875,3.3442972183318562,5.351991035505292,3.29415005562188,3.7098780797522886,2.4026414875521236,5.807816695478641,4.385971669213684,5.3062199467115585,2.493460966420643,3.476232401431399,4.281426778689152,4.1613031958464735,4.633199893660024,4.45750624508538,3.7739671377916233
