script/wind100m.json
{"header": {"parameterCategory": 2, "parameterNumber": 3, "lo1": 6.000198445256149, "la1": 58.999992894266676, "dx": 0.5, "dy": 0.25, "nx": 22, "ny": 24, "refTime": "2024-03-25T02:00:00.000Z"}, "data":
[rows 0 to 23 of 24, columns 0 to 21 of 22]
1.4307076201586368,-1.2251688038817596,-5.654815495410594,-5.5129598478160275,-5.64116943301379,-3.761877420514278,-0.7133080540636647,-4.528422457906469,-3.9407964432148237,-1.7394413334213716,-1.3956621327528638,0.8937301968483201,-3.041826498285515,3.1621746079265503,-0.723869183426844,-0.7163712916043488,-1.647607183516305,2.248253608557973,-0.5297161864977675,4.669355815596042,-3.2297142412286424,-4.9721874447512935
2.04228728769141,-3.9973420830442024,-0.42804866794704766,-5.9477126196286605,-4.291387769132736,-6.5587668820511285,-5.8361569735649015,-4.711222496962575,-4.00576608194686,-1.8838634980512088,-5.044478337532457,-1.4477812284124658,-4.207714312048012,-6.348194197023376,-4.385008718987816,-4.241441890635785,-5.260682936554461,3.263382257802215,1.0462095437446053,-0.9920798439584254,0.2508236987378386,-4.387168028218832
-1.9201998755135594,-0.23357368924454738,-6.195704822846074,-0.8828150299793514,-2.0463312264817217,3.5799965883261122,0.4328656841141487,-2.1517685901028343,2.7489275465837153,-4.174256639080323,-2.062089913416548,-1.5345932836309837,3.334133977638727,-1.0785360236176564,-2.1709089390972163,-1.5037794601538792,-5.482469428400445,-0.8771093804389165,0.7303867920630476,1.040874633292895,-6.66716709485111,1.3703325529027028
-1.2166500928140374,-4.2256618918505975,-5.00736623099878,1.809637950748965,-3.210695770275056,2.0037077241333208,-5.953605018845665,1.454617096528095,-3.502249113213498,-3.3360210592151778,-6.211394649695578,-3.5457524694548987,-6.467671732669989,-0.23829828651130322,-1.4177710587093708,-1.3185454716769374,-3.504211707375507,-2.052807099244231,-3.9665889971568764,-1.5196482532493716,2.3037154753635543,-2.8951278102404574
-1.277722632106369,1.2525423847984418,-0.8816331940047462,-3.3132855991901975,-6.9501187598390795,-4.794018361511367,-0.06570290662891268,3.270052179104448,-5.671178835177278,-0.7956721318239567,-3.831535925320101,0.4556294678538777,-1.301975543185321,1.7531088614530252,2.319623286207254,-6.00017154839993,-3.4030450406426658,-2.915892786655476,-0.604986976456962,-0.28976688941129114,-3.919819465994969,-5.12233125856268
-1.4790025910907574,-5.3361179675022665,-5.210263546539188,3.4992201013132758,-3.941994307223166,-6.065364200534457,1.8458751870586905,-5.201469355870161,-1.3125929371111476,-5.129020127611106,-3.889059389897509,0.3502982955654468,-4.096394149304866,-4.3808491856707334,-2.5701052655087118,-2.217041974690402,-4.694300994565189,-0.17351047864997762,3.0574850228210453,-4.081507706995077,-3.137051490840143,-3.8812990194736394
-2.783987859251936,-3.1308273782534166,-4.6777462108883885,-5.533422091968187,-5.8679996198194395,0.5230104263923896,-3.369966126524821,-6.145721538160564,-1.6572177671657045,3.316015317521517,2.3100292057123117,-1.57058571259928,-0.9657061620778065,-5.689701393940689,-2.510812909658731,-4.4456560666609075,-0.9880741641664532,-4.575726063553395,-6.782139254779348,-0.46754600147831543,2.070409677206389,-3.910279323782985
-2.773211483606924,-2.1704401196896774,-4.14867755156513,-2.919295770907038,-3.3962589602310804,-1.490855402137145,-6.2626004573201515,4.570607109644755,-2.821871051957847,-1.4890296043306182,-4.789806987576137,-6.3603842018956795,-4.837179051634061,2.9141949166915433,-0.8594541320897994,-2.518471725811117,-4.369790920399523,-2.340358404381501,-6.380116610993642,-3.4864446710977695,-5.617342415909104,2.7854497773480493
-4.894072027625035,-0.5829326171047251,1.1890753943546872,-4.117851848152751,-3.3764881417930854,-4.128107161355651,1.9817051505718672,-1.4647074484871558,-5.058875363215666,0.38008929889363907,3.7042506445852434,-0.5429656913812788,-3.9022852863981425,-6.2442561396253495,-0.9475285568458547,-0.8845648202151342,-4.525192386456714,-1.1128950426073687,-1.8299407445770812,-5.398444765346052,-2.963996382467892,-4.397738844839238
-0.8049842374674435,-6.007261622254809,-6.487082275573327,-0.3186600364417067,-3.967810893294654,2.9540555432729887,-1.163980618711437,-6.265498398034879,-4.9751306417788905,-5.634602864294225,-1.721585310256716,-5.011890997210856,-1.0992715039345162,-7.566312796284306,-5.295574528958688,-6.7607700585976875,-4.509170215182026,-1.0525470225141687,-2.0869999916797117,0.24527272998584307,-3.756319532161702,-0.41273224116204926
4.3452171773587045,-5.288931005897379,-4.5473497290886,3.350879776878784,-1.9746248465469907,-4.054608263955614,-6.235531047984957,-3.934472709537649,-4.029832127347354,0.7689473749768618,-2.156627707331609,-0.14832326318838218,0.313223048405226,-0.0750785961361997,-2.4306537384169458,-4.577439129908894,-4.677033568948426,-3.151303408137301,-3.9913390233553288,2.703708082286583,0.8764071116832386,-0.8197836871274501
-0.050352921072936804,-3.6406460746648452,-4.354981822401808,-5.027097874468506,-5.997337045899622,-2.8786558841121033,-3.4005098636753748,-5.695172169356451,-3.1785657844821187,0.6620661280650577,-2.4308533449694623,-1.83961243236263,-3.8463945932870227,1.6785456216537298,-1.1968031287332936,-0.9126913579575737,-0.20253083338567252,-3.351842928267524,-6.154369013308117,-2.5878580210991426,-3.91394431832188,-5.214844452313813
-4.684573655265964,-6.612798169001002,-5.501225397450797,-1.9447743106204975,-6.011127699785161,1.792776816510719,0.4851576689755126,-1.0153317650949565,2.248662324603716,-0.6032659412054742,-4.955493545692273,-4.651245685904678,-6.148577082181583,-3.3957153955870996,-2.387995515020259,-3.7391061525622855,1.2918154654442067,4.521766665799013,-3.4052940551324253,-2.750491120615204,-6.206549170736726,-1.162456445621998
0.04609644550643384,1.9165555287261948,2.418991772168788,-2.498880155345934,-1.4706765517232858,-5.905945762877945,-5.580923661215808,-4.3360019640845735,-2.3058747362860537,3.2242375600368307,-1.3066874147848646,-3.09680656513704,0.6243886072498686,-1.794189356955782,-2.454427802576659,-5.018295566633445,2.4345313003500286,4.468854075758157,-4.767419696210855,3.1479396083801596,-5.147222169256224,-4.543615975781058
-1.77567265024478,0.11049627156449617,-5.391533189242297,-3.746967756010654,-0.5471870977044886,-0.49138501211629204,-1.3900585750540804,-4.815518162815323,-6.394581550197476,-4.423106160511658,-2.0384065486947764,3.239796508091448,-2.063605840252889,-5.301434542196701,-3.020803221649355,-5.799733040266135,-0.6011068217665311,1.2487971747849713,-0.2982440473306882,-1.334420174528624,-1.1838410131724655,-4.245625768516281
0.08251009077984267,-4.9138220331220595,-7.69705226067898,-0.8666217963393992,-4.9492545354404935,-2.642363657999383,-0.928991952091463,-1.4175707366678385,-1.1433515220181398,-4.2165377015321255,-5.437204016711936,-2.101484130067683,-0.8131800730919718,2.346317424842258,-3.5709687976100524,-5.5964708607005855,-1.354548280687347,-4.313538164354185,-4.6069038270094325,-0.31206663327492784,-6.069310048951335,-5.872946926947108
0.9914125792832889,-4.815571081002793,-5.6285770836068805,1.7354365646993015,-3.35504236959576,-5.121405099518099,-5.732616579686479,-7.094209287611357,-5.4588236306404125,-3.9527212656423676,-1.1437547958647647,-4.762697848708694,-5.867787853543672,-6.66055751225524,2.2589371222136405,-0.961941848893024,4.600380659274261,-3.604160123429959,-5.077259657995361,0.6735604345395967,0.20461698974883094,-3.999370838318811
-0.1170541277356853,-4.282854870629215,-1.8794227074618988,-6.463368031225982,-4.691663227742828,-4.261934851889946,-4.299978367445539,-3.5124310195142927,-0.990601935662224,0.19549891286325294,-1.7958511753655775,-3.0334251541947266,-2.8942327892572064,-4.482765876766464,1.327947204836655,-3.259732447358376,1.855933333718812,-2.0349898706000604,-3.9981238137447765,-1.1832139442926721,-3.889733411996391,-0.34525781478360784
1.2486023274562554,-5.656393592635579,1.7468406850902287,-4.908945822430172,-1.5361959858321577,0.5008255819644217,-5.0938888999846155,-5.986326580356503,3.2777719573474684,-2.8518892535034546,-0.1948092338094366,-3.8989999342653414,-2.211543893930123,-0.20015712106244707,-0.7212488299768876,1.4223812601174146,-0.9423191162465685,-5.905492882274974,-0.740243341737187,-6.493930550059863,-5.353356562631955,-3.2053682591627997
-1.1390361173832806,-6.501120827203374,-3.4219540803025654,-6.268825878886426,-4.140456574762778,0.9881956600676999,-5.572177710390502,-2.6397977950511193,-2.387752824639487,1.3151312751330193,-0.1668469739607791,-4.01302082166803,-2.1687829067059945,-4.041016286835423,-2.906005406701812,0.2593657853932623,-4.090827096621112,2.0322970138347576,-5.24405737558393,-0.012309261482914611,0.8127070017722867,-1.3078025544549694
-4.949626841219101,0.37080857469431866,-1.3317701076063668,-2.1865015134733197,-1.391501224148014,-0.5238694210532889,-1.5311865391753272,-1.786967155186663,-4.577432907552858,1.5033426662851115,-2.0469558572343614,2.3539997747079235,-2.002065407813255,-0.9315005616379508,-6.290167594877012,2.7070615870369483,0.3188412468957481,-1.9292701815916296,-6.0494551301023165,0.09948329312871806,-5.5978321420342185,-2.8614623462987665
-0.5849223880467993,-3.855491991440245,-1.1882307607173284,2.463560394645301,-4.807237636746981,-3.7325795155818096,-3.8013286646332385,-6.031176703911898,-4.438105163613087,-1.3329773739352713,-5.485527273874261,-0.9347301111851654,-3.894165507099215,-3.762421724197206,3.353908986480384,-4.197688092361815,-3.8831945322501027,-2.810786550379576,-3.3659296266625267,-1.1410030186588414,-1.2675796760127938,-6.452775652047379
-4.387190726822512,-1.7968074186237983,1.04785571294332,-3.8669030671341527,3.054081413631537,-0.45655495203904845,-0.28054196246352253,-1.0467952278597485,-7.043142635833894,2.2231245065311747,-2.6349783793075616,-3.3393758401813542,-2.307795545330916,-1.406311492534968,-3.9801529084010134,-6.719148257663551,-5.274576674866887,-2.909969563831468,-1.0653949792312605,-2.4387281785794084,1.4278706573426188,-1.1825618442607422
4.361528253857244,-5.533833946635205,-3.8774561009745,-5.210273121179556,-1.401189941001772,1.0284875021622268,-3.401848556093213,1.1347369811447814,-2.736458901922233,-3.8354355888570772,-1.6023887275920723,-1.4715478987051407,-2.904329673452134,0.33807571814328663,-4.651236726653343,-0.8527647163738354,-6.044121511719739,-2.0008322697158887,-4.966894950494061,-5.7836030015233435,-4.958046868955501,-3.6719412850078186
