script/wind450m.json
{"header": {"parameterCategory": 2, "parameterNumber": 3, "lo1": 3.000054539987559, "la1": 64.9999836372058, "dx": 0.5, "dy": 0.25, "nx": 34, "ny": 52, "refTime": "2026-02-07T12:00:00.000Z"}, "data":
[rows 24 to 47 of 52, columns 0 to 33 of 34]
8.96196140055432,7.754798023208967,5.265078811366748,3.536020119628496,3.115947737256944,2.9642199626822103,2.2897611684098176,15.909297976711422,4.4584163131515036,-3.2223460115979616,-2.3876748087271804,-4.58058418076526,-6.397469589150484,-3.1706606426604216,-5.968440614985273,-3.864831027868579,-3.0946369656987214,-1.0154980747894315,-0.7963741646816023,-1.1181720355043097,-2.776680867924376,-1.473353677409868,-2.898226100284137,-3.9284531090753365,-4.768682317581019,-4.790778900111958,-4.559970839429992,-4.753015971572299,-4.916704548309703,-5.074199102822027,-5.554223242029075,-6.662408657815704,-5.887959632379863,-5.801222073383953
10.158593635427398,10.089646972872423,9.517748691077507,6.707173092217981,4.999290844249428,4.497266009387451,10.452608651739116,3.219863165173606,2.8155728895993017,-4.148740123546901,-2.5728740022681653,-6.485839458022289,-6.908095275159647,-7.237296797791474,-6.133589910791346,-4.336679989157752,-2.1612092008085675,-2.124931898420289,-2.0415995618741465,-4.318716259321974,-0.28246293330063915,-0.662158157753036,-1.0381516744145591,-1.803531034942362,-3.6897688314532506,-4.813306896364007,-4.561818504220472,-4.454897359570015,-4.534228229773068,-6.066719895860446,-6.598847279971395,-6.086184590317995,-5.969560274288214,-6.022397494872052
11.255776094247075,10.977335390651703,10.400179761858677,9.759300276949611,7.832244817004493,5.898897927021462,2.224186561310709,0.2717738249918871,-1.8090230152435376,-5.045315005263187,-5.94925538570517,-6.885452083080283,-9.697027285419978,-6.3755572704772785,-4.700450542448291,-3.365307250022041,-1.784143020369464,-1.843715091433101,-3.9707983283544044,-2.6515308630871335,-1.4840795356014524,-1.6540510858081174,-1.387615063056672,-2.8229141782054183,-2.5950287361829454,-4.124868328263314,-5.163403658770551,-4.45402078007171,-5.927090888270554,-6.703990192863362,-6.082989561516937,-5.9638870835070685,-5.927190296614138,-6.0874045354777
10.934105623864616,10.823128101191205,10.535251748570277,10.145535381395783,8.79428921135334,6.627104512547658,3.3548798418822456,-1.473146545885009,-1.607842574743306,-5.187284072071963,-7.657208580738183,-10.151981461144485,-5.853729335328749,-3.8930120269874715,-3.0049623018448846,-2.7087713039747188,-2.154795658467175,-2.2771381575825544,-3.228961815101693,-2.8349065502936615,-2.349980901032054,-1.7185767143706137,-2.4543649884541843,-4.045329801833956,-3.5822832959590185,-4.35030262108965,-5.247131264392214,-6.442211180395125,-7.527612978814539,-6.417027672626362,-6.218289533842803,-6.079708421545856,-5.8733737163669755,-6.388289204497088
11.66269185608649,11.0008397902585,10.102332368834642,8.906326162234578,7.893885054643717,6.1580184098721675,3.1354530130057685,0.3436669481597084,-3.874968651226067,-5.6340258689985765,-5.847224167203245,-4.556101533838741,-3.3994908116810834,-2.3620310912280664,-1.6387514642263268,-1.834594010332371,-1.888220262326804,-2.7544668412537305,-2.590735089034534,-2.1839868945210363,-1.8707021368860017,-1.846452337793902,-1.6211851954693026,-2.628679458662434,-3.666917756368091,-3.4073120264308603,-4.5912969605697524,-6.088214889663079,-6.053214478133867,-5.743117432488837,-6.038938034103681,-6.086521692412872,-6.15742792850375,-6.855630827708727
11.131337377601914,11.084845992317241,9.994029019876868,9.44544388898321,7.422130453833319,5.881841191630777,3.4750692501065954,0.9308329128095306,-1.9011298588735772,-3.826065908731602,-2.9404673197124938,-2.442519827822388,-1.6753096438722708,-0.7317155496340602,-0.5908901964133606,-0.6562716623031366,-1.3262404450959595,-2.3580244419830625,-2.0115459442120303,-1.2700464101284399,-1.0927774984725314,-1.3759978753321833,-2.641965161834767,-1.9039550679755872,-1.1851950040539232,-3.163160021840525,-4.210956836571983,-5.721061231267841,-6.467697310020906,-6.619884783383511,-6.257980647470466,-5.041648984738258,-6.677274173886261,-7.157195437107624
10.790347529059192,9.861580134215812,9.374421018065883,8.971244914729594,8.027038990819067,6.479818829538674,4.8442924967274275,3.496272617760832,1.8067924811692269,1.15333677861145,0.47198247379306774,0.8038099919908724,1.1254509589266373,0.7898236516413757,2.029390896731659,1.8338629615116304,0.4001625160618908,-0.901196739379679,-1.5387281385162046,-1.5463099604629467,-1.0747822709021553,-1.221753108961964,-2.1422938922774204,-3.0429484206987856,-3.4309819623220768,-4.458160655564904,-5.060953734621486,-6.239225151456743,-6.275191955763112,-6.1367611565434945,-5.087665610607466,-5.810958867025915,-6.835409406427096,-6.911626813978521
10.020716555567514,9.844896657635296,9.000851838242218,8.12395281433923,7.170728151964237,6.432386856641438,5.290521918756513,4.099804681165299,3.55069661376258,3.1198928495670812,2.4879679937880845,2.0992612085706774,2.1380250289247122,1.8364505026892481,2.749710578506864,2.9143294230126258,-0.19409586271774276,0.25617553858319686,-0.4482735082577951,-0.7919463238541704,-1.0827372977857992,-1.7450367873323906,-2.6822068930478813,-3.502209770665479,-4.585911965105005,-4.31102831188605,-5.225384125444253,-6.819330881720201,-5.778516680631434,-5.551375654940617,-5.038463601194182,-7.368741187083152,-7.427134625427143,-6.9349660511744275
10.248669329165004,9.480673790347737,9.373283595845054,8.404180613867771,7.4855765125789375,6.418709119744475,5.539596600229752,4.411004032022295,3.517618941574788,3.0366183674102323,3.361282473923622,2.4725594997745763,1.8053051850355928,2.779479363671067,2.8363398263177677,3.319640512424228,2.846273797767912,0.6000988973373044,-0.19601346183501048,-1.3624561460975797,-1.2897247272397883,-1.6822214867095728,-2.2930084150687584,-3.5316974138769477,-4.568317032399036,-5.522660134370003,-5.9912447826959685,-6.205529907566927,-5.782495219672505,-5.528714409468931,-5.902451791272721,-7.16609105097869,-7.30141801634517,-7.1139577782077925
10.71143605760143,10.19960681155087,9.343967395654744,8.913462356764526,8.010985700902813,7.136403458122237,6.256690845208927,4.926129522369051,4.182941357843203,3.1270473960318728,2.911971297418671,2.9957301714806204,3.153221464421696,3.4161027494277,2.8522794097241535,3.6251256530588467,2.7029166388983983,2.330789404587396,1.268996199355897,-0.0390623533162752,-1.8816410831389234,-2.467859768336194,-2.8296976435466714,-3.168813329956943,-4.158635914520545,-5.835753344921092,-6.488995321405502,-6.659329229674312,-6.0466805530016385,-5.8773704586611135,-6.365724171401264,-6.825085167589408,-6.801616611013417,-6.617098572288545
10.917875887763039,10.88128977718646,9.661091943063937,9.112546053825769,8.575514745603638,7.788060706072212,7.0079172377067565,6.113541962928593,5.64182010546618,4.179403275261791,3.9455730728255403,3.9690512219139524,3.0585355064593753,3.5141682561140293,3.2351485996979363,2.4992420186632995,2.4603369900161223,2.1334266771764496,1.0145383823313983,-0.18944441661840208,-0.8691059766243756,-1.8303104086885225,-3.2140804061461763,-4.004694437802241,-4.679483513400459,-5.860298539376653,-7.980429976522498,-7.517624249283418,-6.54612487380588,-6.214885075160516,-6.270564930416678,-6.266053169867734,-6.092991295443407,-5.690990398597703
11.51959804778329,10.79842044102616,10.81498925889589,9.971186876703525,8.877226165151404,8.294574522623384,8.042984520050542,7.679035340874292,6.542087700688234,5.630467669486709,4.546885897716329,4.185784343860403,3.6451243854935482,4.481063487995029,3.771898931062078,2.6990466506997195,2.3745911725586364,2.289367243052751,1.5049746924610707,0.7958803843951366,-1.048759839780504,-1.4295640218940877,-2.3723036351586053,-3.862740994243757,-5.669557992274895,-6.886714375226109,-8.439621252817252,-7.199725674844246,-6.617699016439906,-6.319790071588093,-6.111328872634206,-5.6653023345684925,-5.409571943201285,-4.579694567243123
11.671830686704274,11.931119094472733,11.861306944770021,10.677189331420784,9.506060211041648,8.517821810898837,8.577689387346553,9.354383157885545,9.006691848325195,7.6215833458937325,6.07325875383576,4.019178183312883,3.34732440368558,3.321401504676161,3.2743543823213024,3.293610831024972,2.840856590780543,2.3844634055312652,2.2523097221527206,1.7112084894604978,0.08586596771007804,-1.5432663015270915,-1.9144339257788627,-4.297991940123829,-6.620408932254762,-7.884844569370009,-7.30491949030969,-6.573734416576526,-6.5025419340881765,-6.215942538236743,-6.076873413483061,-5.4769399074468454,-5.01607732243718,-4.229822015902301
9.623115458421378,11.280670584667225,11.737098488725776,10.321060537085087,10.401056779201433,8.977871436322603,8.153658675202934,8.719346013557411,10.141553587047099,8.610582735407082,6.436071333489568,5.140254813038161,3.9490627768525983,5.020821786077007,3.7266161612154756,3.934237563453294,2.9405389895267873,3.4658513953750925,2.791344377442551,1.9933651467106672,0.49627249064278267,-1.4574030810703746,-3.442877997000707,-4.425506683543455,-5.577505880934288,-6.675986522462136,-6.583583218674401,-5.927309747930991,-5.778351253577607,-5.85189129636235,-5.758362004059541,-5.395889103159803,-4.816856605756619,-4.211167184631528
8.902484899247936,9.170406841269651,10.765994412036665,11.875138642171803,10.244670381343843,9.592972955134139,8.50336731000426,8.205587773002259,9.462773622086647,8.911383088647929,7.563064922770586,6.409406545858453,5.3523299788630405,4.004817452396419,4.6292211148156115,4.076565697025043,3.587884275373134,3.1796327592035025,2.908483979645332,1.2822434614507032,0.04604995845018077,-2.0757916313749765,-4.3503804686727285,-4.160928308417026,-4.875550851163371,-5.465887588448315,-5.443691947400935,-5.601157997406203,-5.165710644133471,-4.9670177301737235,-4.975862961517252,-5.158133223398763,-4.529948231884201,-3.952384146554253
8.651409393762245,8.43264029866699,8.113588277801913,7.395294238592639,9.912430541278779,9.842670850434581,8.878311788764055,7.896365077186389,8.081010047718049,8.108725476520739,6.877857613775884,5.741856904312529,5.395363165368346,5.120140789873186,5.663523157137002,5.266142627824498,4.291992082573973,2.7604558495229803,2.33223775572417,1.0021593640100828,0.1153475701425559,-1.7620603857681298,-3.4218940912251354,-3.950620872320212,-3.6461096120056475,-4.595903653661458,-4.885948299700853,-5.017246778955299,-4.992566733679136,-4.862849323954497,-4.617693801405751,-4.39300543607175,-4.1562778643164355,-3.482441770883419
9.339325155703357,10.106280062836383,9.625512895138316,8.594199703317322,7.373468759097397,8.036264614024324,8.196317464305704,8.024859310232811,8.234642927996594,6.917448297860529,7.259152873034929,6.7460206303706,5.919248956109364,5.770677601570393,6.766908586352526,4.920474713455775,4.445836881743357,3.5167889851375755,2.1927075412741734,1.4502436987224652,0.27883083066045333,-0.8728339492743843,-1.7947598247350713,-3.177194954803516,-4.297626346008748,-4.0720743102270065,-4.287941825696996,-4.650221508880875,-4.673927293952689,-4.505715086055812,-4.0031451915639185,-3.8901645552782904,-3.566842376085771,-3.1383574743450477
10.825336425727562,10.065575512076572,9.003472932547298,8.949861062520865,7.157422664972584,7.188926001602034,6.072338577547097,6.6506262301268615,7.372833530192668,6.7523605492532885,6.667882911388402,6.511734801126759,5.622172463017429,5.525257496977507,6.367709626034385,5.155612983830985,4.770097028987231,3.3835722640917623,2.4249268806710305,1.6367575007888115,-0.22133760152206683,-0.4412337533194049,-1.357791369522687,-2.5396168851024377,-3.4052623359818885,-3.724475452735956,-4.232290791910511,-4.464686264030971,-4.621644723200346,-4.409337608315812,-3.787864454298782,-3.502114012253066,-3.9260881793595135,-1.7673850887323401
9.546773760281326,9.70447060666734,8.998662800564189,8.132866213467318,8.095451730205237,6.502934589318186,5.63792501339838,4.266735942729696,5.019048747869673,7.364796101535867,6.332664580608627,6.651226536995679,5.695950329839924,4.609762424398911,4.160222077803224,5.0129772712973555,4.706389434619465,3.9819745973231533,2.8394134278727257,2.7740775133325313,0.9773625653433423,0.21377508506267984,-0.8149962552223772,-2.01164223107051,-2.902084429705234,-4.085585643385394,-4.77350167315526,-4.725462318783806,-3.9785968211204716,-3.9996863297320018,-5.0394379649519845,-4.404502536483464,-3.479723534398727,-0.9792582521736349
9.14399132676939,9.435071086049522,8.887800213846694,8.467530142187357,9.636416131516263,6.42353888921957,4.3661087044013085,4.5224705788247155,3.2861389715351397,4.649866197425021,5.41911009320718,5.560233414721326,6.410111763054325,5.682276940522391,4.153545392482221,4.150031274196839,4.801663050841092,4.38789090136041,3.9409546146275334,3.041845813891784,1.5541690560749912,0.07652097908754384,-1.1619293180655426,-1.7541682661852158,-2.713056913118637,-2.8441720762990053,-2.1047080415130623,-2.040778255816814,-3.3664820539909237,-4.062048394290804,-4.959938387316447,-5.358020806713048,-3.345591642833874,-2.2379010815016223
9.681144155898185,10.044758174375385,9.65444397981643,10.512305151976621,7.74854689621434,7.706638474462395,5.084863392757691,2.6690549144963103,3.1372200468598463,3.15568483116367,4.381389291757352,5.74445039563721,5.9608193765344675,6.091560881637134,4.777245513891219,4.345602480662946,4.130335524646415,4.541577536279813,4.2094230169014715,1.9064524207090854,1.8013637248024066,1.6017851640641074,0.24553072158832467,-0.679647160610108,-0.42119153074479426,-1.8412814145446874,-1.79769084278295,-1.5688822744044937,-2.061033475404277,-3.647273218651678,-4.977077087683907,-5.670350831228077,-2.3992981865983016,-0.4383888050763662
10.056281068159066,9.06628275822943,9.87672427234665,9.676238909791586,8.843622408209981,7.442685125690409,5.052949344520301,4.929476831191028,4.333515344006838,2.6758475150615832,2.1979215389480498,4.822686939271754,4.99343232970145,4.956156740488521,3.916636740296151,4.164606827513939,2.7332203742172485,3.590417806594869,3.3206579654546884,3.523756432908879,2.2440932610114444,0.9482586578116773,0.7665863301727951,1.7209281492941437,1.7870922756948606,0.32977558723035194,-1.5056726394164344,-2.420277272469891,-2.6733460857083426,-3.1725192644179527,-4.009655594077224,-3.5573720144988603,-2.181494827982992,-0.9797738657892986
9.95411175856193,10.139765766415069,9.686759471005535,8.03885621712477,8.178605307310171,6.999281867257574,6.085908895155848,5.228002651372888,4.821540654339982,3.5920901182699407,2.006489882107447,1.9510609278603326,3.8672526642576854,3.005569208333884,4.209968085505902,3.7818172351997084,4.67029228580149,2.889521430164667,3.6286361245592746,3.0945443391575584,2.7429706429077125,2.0624915960336305,1.0545212593112923,0.3672985748467051,1.5499185694405602,0.5607479870277051,-1.4223965408239225,-1.5555004835296455,-2.4940922342160095,-2.633246236305811,-2.4240764051681136,-3.0325858146249156,-1.9607251843086997,-0.9798459910326893
11.437364368234213,11.336499986779017,9.913476793870464,9.009219604422189,7.269608049688956,6.228247549546809,7.308939391442878,5.294724412934132,4.110069397913715,2.8064268324225594,3.0602641730152635,2.0191036422077167,2.930509473105888,1.9504579002706135,3.731055987949881,2.7030919237670554,1.6473304803738986,3.733243899193505,2.930978436997374,3.411162220304293,3.541433988558539,1.5897028644584312,1.174148556061272,1.0069364226008426,0.9212036262009422,1.2733715849509801,-0.3861385114170606,-1.5035605407696753,-1.094412150854087,-2.0309833594163913,-1.850389414704106,-2.075248286606762,-1.9999259855906382,-2.13365239000377
