script/wind50m.json
{"header": {"parameterCategory": 2, "parameterNumber": 3, "lo1": 6.000198445256149, "la1": 58.999992894266676, "dx": 0.5, "dy": 0.25, "nx": 22, "ny": 24, "refTime": "2024-04-30T12:00:00.000Z"}, "data":
[rows 0 to 23 of 24, columns 0 to 21 of 22]
4.15007045509581,1.0548523359881548,0.5747374181797584,-0.6078390353113361,-1.1855902899333541,-3.685747813275255,-4.970667606497967,-4.8380216630929445,1.9817498444328747,1.5054658898699944,-0.8753375715617197,-0.22202107635231907,0.2557383138933217,1.8162077640956182,-1.3003802197289678,0.24812255283060536,0.7880047530955392,3.128021416694286,2.1391968701125075,3.5123205816962466,-2.1058911054551026,-1.6224647718303358
4.3501128871039745,2.1098271944591263,-0.4938248878215831,-0.8101673729637495,-1.2828206897347176,-3.605778930837898,-0.8760460958647578,0.19084898538385706,-2.157004175376427,-3.343001860222697,4.431505647653053,0.8849735967321822,-1.9785453008332397,1.5344165078722023,-1.4793817256652702,0.1502481851924195,0.43909855352218846,5.307691137415265,2.049652508114234,2.1629072768361315,1.882175257253307,0.10058494994082523
5.676368285827268,4.772520153741276,-0.48535524840550504,0.36559948906674805,2.2981548153202773,-3.4904693712861543,2.1555424711110573,-4.798281819128924,1.9476680572691347,0.7071333130380724,1.3314776121666532,-3.075182256573572,3.30032442882249,1.0840382917364093,-1.8536582761583014,0.3863981851654991,1.376927208882863,1.4554576639377148,0.17818522050271243,1.3473238420602855,-0.18402792787037536,-6.027065689776882
5.142588997412021,4.863718706177758,-0.4980652736624632,0.649134261386818,-4.899981647383412,-4.58206190949334,-3.758734025760663,-3.243790298190012,-2.5431488222605965,-5.904108110250572,-3.689029035549694,6.093265075632221,-0.13614467169510233,0.5563133656915972,3.4888582751834734,0.5553146251744331,-0.6309444503884744,1.569402209406224,1.073412529399856,3.208000089426393,2.6799290444500676,-1.050047316338118
4.570935395779298,3.8969940092687354,-0.24953797259396424,2.0311784573352467,-3.323986880105826,-5.726290061447146,2.2441128267728647,-0.04154725009945381,-5.021819879790685,0.9076007283949387,0.7228661518518519,0.9784397164272014,1.4618120476156236,-1.9354395285194,2.35790905308181,0.4942391172545802,0.44440470026916895,1.090247429225435,1.7535690444546566,1.9805366877161605,-2.0500057693066323,0.3762771995731662
4.341899391488581,1.3445895254792513,-0.207348365875788,-3.849437585478545,-0.9095788174907647,-1.2180613107077594,1.7001434348203894,-4.8011250457799886,-4.067198178269365,-1.7646344396189972,-2.072712245862924,-0.18109200399415787,-0.31748547075502936,4.531530128962266,2.0638028588764685,0.33028351450692967,-1.1118908538798333,2.6083772506733456,0.7726190297075548,0.03589804615782517,-5.7401522313281275,-0.23907726906886587
3.970628256033474,4.53961492860991,-0.028443688893400154,-3.565076956497377,-2.478514525536164,-3.44235030062233,-4.856159299545189,-0.23589685381023054,-6.944750076914335,1.5438144463656485,-6.5428095153032455,5.7821159025873365,5.210898555262165,3.0575741211308727,0.890824064029355,0.3612052002814307,0.6913686140675384,1.8413062493322916,1.2851548803016877,4.001490992081012,2.975108895657171,-1.754168118147592
4.804284679110184,5.598261100456058,0.2258026985998009,-0.6998040471559296,-0.12791190505141992,-3.730721515494682,1.6112364076602506,0.3108315780477633,-4.358993595326031,-1.8139168823438379,1.2767222808747285,0.5397230873489738,3.812431244028672,2.819049913058453,2.0917362200707705,0.017428957912875697,1.0832722234310614,1.3424539807239741,1.900262067776924,2.2921266982491093,-0.4928994219315258,3.601829762909025
5.357278735725101,4.628486211306657,0.4545923975935314,-0.7677271867413854,-3.0511355036709342,-5.551573893673154,2.082213852096636,-9.102920514544913,-6.570048157933471,-5.656300002956531,-3.088748346293867,2.2538284115633354,0.592214006250435,0.8123494960256961,1.5865989403323928,0.5200756057718675,1.284891925436018,2.6454563533678446,3.7852841687499548,-0.4557011644663221,0.3270345131011469,-2.5739609518557907
5.7179178541736135,0.7320134616744773,0.32401063644012407,-0.3501397329210004,-3.904569168812096,-2.901218639091864,-5.1860028754945775,-0.013322480609933506,-6.528322558852498,1.125400736542652,6.887694241394922,-1.2616796800391274,0.34239571733840124,1.276980878665541,0.06741294505815511,0.49333404962641936,0.8869888408013039,1.0826163678504712,2.867943646220992,2.8081570575854724,2.12308807683352,3.4545770401191667
4.0983758216610235,1.2536389730882023,0.6585088537565631,-0.2563219216974514,-0.7287194431515994,-4.343167310585474,-0.9326390710564226,-5.885258300742304,-6.981666791510712,-5.782788688112181,0.8511170238299921,5.257633090142105,-2.6568501404110054,0.6116172028491217,0.29986755950648725,0.4095691716725764,0.20842535839915707,1.6207853315591785,2.268679002625694,4.761466571918649,1.6906458828640665,0.8071615998415563
4.297873659379514,1.0961575399675636,0.7122882757537373,-0.3487089969985106,-1.290130310643133,-2.8110071637867606,2.6650917055258843,-0.741032730801415,-6.7050677225328785,1.7961084845830315,-3.7899177830341806,2.2113571481676564,6.849958584954074,-2.080005461177208,-0.24614875581016585,0.42652957486802506,1.4224532343349567,1.1007633702333717,0.30470898158252635,1.5265529686583703,3.777207847099158,-0.7303991861483855
4.330368211732302,1.4510352003346114,-0.10308307309901069,-0.26789840021898426,-3.7715008860462915,-3.884067821411475,-4.326773536018476,4.846788935601982,-0.4255671683593661,-7.447599334521465,6.167888095335508,-1.16869192324574,1.5725076982867452,4.9602927646794805,0.09577555367928853,0.37521256357314126,1.8648305163830365,0.7114391262998998,2.546444891395255,4.498314196945752,-0.24099773447085404,0.23544708632691846
4.747178428155381,1.0678412873831233,0.06043501731167377,1.2613688897544968,2.4762886745598522,-2.5677107311935066,-1.460668680983088,-1.1057715280049951,-6.83062757575013,1.4084745390387572,0.7235504571471345,5.359424406081869,0.3883566068571565,3.9923190961605006,0.3353298585930279,0.48166463033663587,2.195414186069247,-1.5526713482806835,1.591716165151012,3.3781271188131634,-7.334880332379331,-0.6340793579882928
4.282173023893553,1.0838491741592726,0.11593243005508366,-3.8249333545130813,-3.907112101168617,-5.212703249325446,3.252306160657974,-0.43963354826342177,0.24495124571411217,-1.999035452983935,-4.21386370153179,0.2237118846530486,-1.2811914939357645,2.371281649637204,-0.1303539379550471,0.29523979384200416,0.35224507135356947,-0.5256785982994109,2.3512398808822663,1.0422005929770926,2.2431348433592797,0.7387541894114577
4.987712939714524,0.7265569768843142,-0.2170579053477781,-1.2027097040236694,-2.3102128259132426,-3.1807511007069422,-4.4866460313050265,-9.109476544898477,-6.857053082231111,3.3864842697519366,1.6579997307558862,0.8045110614969279,5.792258197690489,2.3923843885029488,-0.5212596357548576,0.06810498985108782,-0.3181405756124558,1.3815593725215347,0.2313734369030025,2.102673551497945,3.4426570786039496,-6.830516481410713
4.304534879599168,1.23645978678768,-1.6561813558351133,-1.267616661874999,-0.7919471757039565,-1.7391558784487477,-4.652331336141892,-3.151569816444392,0.8238287330561298,0.07400325214366306,-0.18818588848711515,-1.3389513076354362,2.7928433859930584,0.8311923219224656,-2.0321310232420573,1.39800450972606,-1.69691636599095,-1.9599446760273775,2.7248172734046014,4.703688848954898,2.8903844815811017,0.9570637091053832
4.4491907164338516,1.3607577945585247,-0.6024381785037421,-0.2782823000635961,-0.8636171919115816,-4.46073519026834,-1.081688274904774,-5.902789092178361,-6.968515812359073,-7.407048967452931,6.316586745361707,5.155500969579415,0.2998067137778252,1.2479426622986831,-2.2911750539591407,2.542852422794497,3.585783284573342,1.358423178152979,0.4717391086742729,1.8523487377193664,0.8774308648302989,-6.92806922164839
4.2262856695084245,1.2579848667818254,3.698364313837026,0.19683243390007732,-2.209504284815569,-3.1768886447069637,-3.566912730028281,0.3209933986048878,0.8480591861582367,0.2826396550214639,1.644431196846646,1.540745451561578,0.9091722088031775,-0.9204800875678755,2.6138906501291577,1.4006434521297626,0.8279570849755402,3.159657359773486,2.169427031986791,0.975201613204219,-5.38854968388621,-0.49508881527518217
5.663205961410514,1.1782491165013473,3.3701324384336377,-1.1403432058046288,-4.579928113118153,-3.1729192032188123,-1.0252982191614335,-2.0530059473639035,-6.105299592394688,-3.156287926610545,0.06078888002984163,-0.4382105260915013,0.23277562930956386,-0.9522765938787635,2.772312245254915,1.9897497993153588,0.704193243480363,0.35114530207755545,0.8115579383350995,3.5020999726676925,2.525014121697354,-0.4508528791708386
4.012925099325141,1.5243434832528822,3.1070247262500423,0.5091951249499274,-1.3925935873310065,-2.866455491233847,2.852006395196881,-8.268369928783097,-3.635469990505954,4.25016210565707,5.791316734272873,6.373252402629651,6.728780573967314,5.543296100045063,2.348863743475505,2.8692089478513094,0.20616173156096773,1.2841388571487762,4.04984428504838,2.1475677799825448,4.836133311383459,-0.8010828279116612
5.596257514999101,1.7057630860947224,2.460626443544831,2.450040935404314,-0.5390626875418,-5.833857041825633,-4.241101381157553,-5.129468866351984,-6.166073854909225,-3.083544750862964,0.18911953466877326,1.158557104818875,2.3545645737497676,4.106760410002517,2.289057915854885,1.5299919404981128,1.2101647814061265,1.0884966834333802,1.0517322439903953,-0.44312986653369596,2.5151465104009922,-3.217165865762405
4.130978372018295,1.2639537084599768,0.19234865292114828,-1.8483602767067961,0.49961420727832623,-4.707057711563618,-1.8533356935927372,-5.701668575926368,0.20293191286633858,4.176791113042621,-0.39140086932096985,1.7525892440532331,0.2998372473999927,3.1481383063470085,2.016382392664875,1.1173424772860152,0.6964963728802959,1.7134308906440945,2.3206528389588543,4.013597718963522,-0.942569540678887,-0.4526484922955782
5.289140694117867,1.3333455079540821,0.5129142054471846,-1.3096210907420007,-5.074605202483146,-5.829009475851772,-4.913674205468399,-0.19910724320562867,-6.878556867283586,-0.05854086770523129,-5.839737373073602,-0.48591284499831106,0.9231488579322105,0.7616910671716286,1.8629466112826187,0.3204413749265759,2.3078191049292585,2.7837420893554716,0.7296834097635175,2.3643650873333732,-2.364474984959556,-0.4659553282838862
