script/wind100m.json
{"header": {"parameterCategory": 2, "parameterNumber": 2, "lo1": 3.000054539987559, "la1": 64.9999836372058, "dx": 0.5, "dy": 0.25, "nx": 34, "ny": 52, "refTime": "2026-06-09T00:00:00.000Z"}, "data":
[rows 0 to 23 of 52, columns 0 to 33 of 34]
0.6932719308778946,-0.046674879255781794,0.4644098639876365,0.5258025152537541,1.6950951604311055,2.008898467209817,3.3921774562174902,3.7075431524983595,1.5954952632163069,-1.1909065127002967,-2.0889917386512873,-1.023615672466774,-1.5227462709020216,0.10768456182527635,-0.6858409065341886,1.1596962969076345,-0.38194340035122976,-5.151701221846406,-8.073444016862359,-4.9498262217022475,-4.088678235931502,-0.5951242918922738,-6.6930133815975905,-5.0689947126983474,-2.572553707550038,-1.992375887698471,-2.811711744508529,-1.0050392632653067,-0.49281488305482307,-0.3406031484366004,-0.8251730456754246,-2.369797792299926,-1.3559964714559003,0.6133512109330437
0.14299907738579912,-0.3488869534404623,-0.8426731845371777,0.20657462162023127,0.6072543098088655,1.3989789324888338,2.9657365613256035,5.0257558874051975,6.325585783094672,5.084316302899982,1.5450120822410138,2.240118716091612,-0.9928138948719935,0.34105659800267435,1.006091492243138,1.3465159931718815,0.45422223672872597,-5.3235125275171775,-8.217055626820521,-3.869560853438609,-7.759773746138132,-5.956537267361845,-4.195998752428762,-4.537563224506704,-1.9927486925410969,-2.8397718235875034,-2.321365116354696,-3.868931258713264,-2.576570394855961,0.8875958742323089,0.2745285110019269,-1.6652784774992686,-1.6942998931901727,0.973800636321772
-0.2587485688003961,-0.9590379601414675,-1.0750146588975154,-0.9536369872455468,0.42837264418197635,1.9538475572250535,2.9630971579129235,4.69309751565022,6.3104065720131555,7.362400648396796,7.249005915851946,3.0709315605750804,2.5234241327188496,0.3781965255075337,1.150129247426894,2.5157403466873576,-0.46315155006528635,-6.776576124387158,-4.3144189436116775,-5.345644915200266,-4.770470471355247,-2.7215980427679374,-6.568854402730655,-4.064466182413571,-2.5116718927653676,-2.9015603291319216,-3.2490960671807128,-2.236054767718551,-3.2669852529449885,-1.7233008028035819,-0.0029598978668890228,-2.274804827921443,-1.2033083991696891,-0.07306805583598189
-0.11045656570363603,-1.2911291060652195,-0.9954426165318213,-0.6664340865811911,0.0719582026929858,2.5673095871072222,3.4125836121062836,4.216410002057849,5.665027547053159,6.715042440037169,6.271361795425641,4.729754597041124,-0.049753365914949325,2.04408179815893,2.2482927808607607,2.40883296241329,-2.2946921971309715,-3.752191388889273,-4.011896378807496,-2.7570011378647594,-4.922196248088956,-4.653382470463137,-4.011559498579112,-1.6279166772965759,-1.9449253419275945,-5.333774767395063,-1.9365647496542406,-3.268598138756776,-3.0972891698681737,-1.9501621055143628,-2.172679450199262,1.150986280677795,-0.5945768182819688,-1.2155275570959108
-0.10188322321732463,-2.044873907906435,-1.2488083409767188,-1.2449729014389146,-0.103037605883622,0.2895077468144026,1.3144061448190707,1.5663113402918813,3.9364627878338907,5.110390069816625,5.350805884441415,2.085341587305752,1.7973870096895694,2.4801058533051044,2.1658176784078447,1.3566492566590918,-1.8758260889494984,-2.391273115205207,-3.254008180534414,-1.7717348554699341,-3.0490902821862744,-1.2515575725234216,-3.7151333256520394,-3.413739810839718,-2.3456698502758533,-4.320267090394441,-4.719835230268919,-5.062117246989098,-2.2898645283764,-1.4238764757032587,-2.4329671426146873,-0.8290614826330616,-0.4059879652115225,-1.015365130939218
0.30691346662893076,-1.3750243021189332,-0.4339991709552623,-0.40179757878107264,0.4249397706351601,1.5913118573467944,1.8624492442730076,0.4861099464296135,1.9588109687028818,4.165188186408232,0.9838810325261003,0.10179061022859164,-0.13486817621733876,-0.08841050349280352,0.3355987524710502,0.8850256714180516,2.1101248740805136,-0.9955808786426634,-1.6627366816663003,-4.172734322778804,-5.619174984180723,-3.016981858848788,-0.6392355627052392,-2.1577623317648005,-3.3699597658190275,-2.1122446244218014,-3.781771050506036,-4.45265595464179,-3.8412189785571473,-2.4873978886717514,-1.4868281801776622,-2.7728034666097354,-2.6026581627312857,-0.8750940068667544
-0.2200675868659685,-1.1138468180638887,-0.5350491005100876,-0.0974083825647625,-0.31432277714054296,-1.4807805198900772,-0.13188297723771406,-0.7239536883634242,-0.5282108096322415,-1.6441448554002496,-1.3791460638717656,-0.24146964625780193,-0.7731850009106439,-0.42431294637269745,0.5526503859010439,3.257886093433593,0.04137741919776673,-3.1922961186485015,-0.7169905993591623,-0.9725100110291056,-0.2829329982735613,0.05078943250544525,-2.1715180086695853,-3.701150451511521,-1.7834200485414469,-2.5612644458471108,0.15444615402446163,-2.8937466832713405,-3.0873365112185693,-1.3430477495963509,-4.018629575456077,-2.7800592553266767,-3.5628898089332512,-1.3350242911683377
-0.6057870984208368,-0.6672794712780846,0.5344732065157246,-0.2108918335604961,-0.1091301234698357,-2.2300112510330905,-2.628943849058021,-1.4296409450973337,-2.3742573214156,-1.7955808600552197,-0.33156672953484223,-0.5000162881684506,-0.926855040588385,-2.66738683201388,-1.8586682921213749,-0.407964776014944,-2.167945402374618,-1.7088475081328596,1.5518422947662711,-0.2220439499918512,0.11308961710596215,2.100671094656519,0.34121920181119486,-2.5484272673348487,-1.7369748273986128,-2.3803754700614688,-3.0630577674479005,1.0276547073927966,-3.526517698638413,-2.6512762837339663,-0.518971712790518,-2.444337245805812,-2.5103235188052224,2.721419256766733
-1.2873273153797697,-1.3559447546317107,-0.018885755745646868,0.4360429189137194,-3.8415372431182577,-2.538581019598384,-2.3825121000374945,-4.654806719398369,-4.358790068060322,-1.8085567640419762,-1.4358312770794688,-1.616778519663113,-4.572388298259563,-4.263731190260092,-2.368786424713988,-3.005582389461832,-3.8375100601147705,1.1231374783364643,-4.621390207104491,-0.8206212060352027,0.8613971047085539,1.8798490828673697,4.40471041790048,-1.9190125266347757,-1.0108539228295674,-1.267882489787831,-1.0588990532283735,-1.6326500215540438,-0.23080685934727588,-2.726701222599623,-2.5482835499311203,0.22970572251514695,3.80910596944225,4.260043058063934
-1.767796079823513,-0.6574270064742141,-0.060769152229951134,0.6876037260449018,-3.246305865204982,-3.6126119658731124,-6.781617539517282,-5.861789731454028,-3.7594266400592122,-3.30595307344208,-2.896699586721966,-0.019413935348379308,-1.2758311613629076,-0.2218646430856188,-2.6948528870187225,-2.5020712332271464,-0.6860229622695917,-3.0471581938419137,-3.022085663812221,-0.9346668403226971,2.5878877024157703,3.3943300386339987,1.8047509135234876,1.8546263825532938,-0.9176106829032491,1.0552657256655096,1.6727311543023398,-0.4661815105820686,-0.15518861379186283,-1.981516022387989,-0.29489564464027,3.898625688438727,3.945178420719983,6.350042894135018
-2.282874783980824,-0.8818977650554388,-0.441983053102182,-2.1551200696369617,-4.67388086772045,-4.202618507769802,-3.929306537018338,-2.002201696356742,-1.118824917840195,1.119152361722977,-0.42782737141939464,-2.3705592151477295,0.7371881336313115,0.014504408307077894,-1.0694979138167857,-4.700348395128117,1.085798043141641,-2.481093861243338,-0.5918476757439957,-0.43361696330807664,2.7657309488276773,0.2702917812868807,3.603435514609865,-0.006732565463698245,1.5994911955531843,-0.7270025095332808,-1.4749848619236583,-0.5709985622685896,-2.178949604507356,-1.0152549942865872,0.9558282696090912,4.335455214488799,4.311982678817466,6.465575222448369
-1.5544352423028887,-0.9342382107234619,-1.6964685520609455,-1.645614682963804,-2.5920354611986904,-1.4814720779227895,-2.200436773484231,-2.794202040817114,-0.014734844215254202,-3.8837123624055003,-4.348122641588856,-2.1729332620630597,-2.421016959727937,-1.4687595971199823,-0.8296132751077263,-2.1909846938441833,-2.788387697063809,0.6526407066601498,0.7091529787723148,-0.23261364931546838,2.4311161866893234,2.9231174655961016,0.6042462863785915,2.091558511051173,2.1474695739799876,-0.7721708056782803,-0.6544214103037369,-0.03217309055333485,1.005463098224992,1.054034913292438,2.803907354428749,2.1978942931435097,4.4356644905773095,5.487692291518861
-0.5845794327737075,-0.9175607479816317,-1.6675141484922582,-2.4946329489276535,-0.9593651124968753,-1.6646221373195644,0.22215213631759154,-0.8123551971657721,-3.160172419841816,-3.7657771888902514,-3.421371606539342,-4.297133507920088,-1.0165685572888619,0.12288931773190714,-2.9773770826083044,-0.1867328616238002,-2.767021847591088,-1.0193577317473468,-0.216443570029525,0.14127463353321232,-0.13580473572816906,3.1905068844238413,3.8033386645611316,2.5549759225975426,4.212824448746121,-1.1137893602152087,-1.3125010037080904,-0.9938888002257527,-0.8916760665641768,1.3105998421074205,0.7938945151140824,2.2560316129530036,3.747357837017104,3.6748249069347114
0.022770259670073543,-1.1762541528019514,-0.8438258486350834,-1.3530921974174095,-0.513857434091196,-1.2202395888504975,0.4877636804715138,-2.5539906668823353,-8.021460823347338,-2.484489284501471,-0.6736836356369599,0.7704043400046243,-3.0074275294342856,-2.839809428696287,-1.2769332972118181,-1.2817486723156664,-1.378763414972524,-1.4146621481594341,-0.1710222096254066,0.4870292805826055,-1.6300243301112494,3.1519995392533167,2.742895083737433,4.285628264346874,2.329146947462047,0.9904462670500145,0.0739223211528762,0.7777428278548807,0.6166676567701002,0.8938225209441455,0.28240422123178827,1.017527067505108,2.6080040345831312,2.8877776914518622
1.0902817129526652,-0.7775731340969011,-0.7303780852201086,-1.7162693746969029,-1.4389810306012094,-3.456507788529174,0.09665997117670408,-1.2640904532131751,-3.1991697619406665,-0.10946380586297813,-2.4267653795940807,-2.134340203816191,-1.269722288209873,-2.4845932274914135,-1.7058546367139527,0.38396442122468866,-0.6405863986913573,-1.7869851168123871,-0.42917109703876094,-1.370922225956726,1.8193423888054479,1.0134864008461844,0.5984589990834221,4.045360202628431,-0.010582548938516352,1.3394464459132562,-0.8567715924932428,1.2050602572569735,0.5400292863529956,-0.21355780558283466,-0.3530555216951407,-0.2677981235441241,1.4298146101070688,2.0319655358701625
0.7285856113927585,-0.11804635585973952,-1.0951588705049482,-2.671304945504019,-2.5568520066369156,-3.283933390194863,-2.7875560249994047,0.038123741787127054,-0.8335111870209827,-1.1112481810047583,-6.051120609173595,-3.553685165496817,-2.9148407513743497,-2.3550991865526587,-3.10423150364074,-0.9600452847062423,0.5066713832389227,-1.671127637114477,-1.5411256857787878,0.16507370748041844,3.692684921890729,2.887707176466003,-0.5694043184244008,2.0221905136591536,1.3037639769194105,2.054860342952854,5.208763797825601,1.020067319546388,-0.2586948737572896,0.9063134338279659,0.3843099421191979,-0.782512289550488,0.1817797708455113,1.6310856768290454
-0.13193795434471828,-0.11282128000207038,-1.7668103309711523,-2.8220524532372377,-3.606792996281114,-2.738661602493257,-1.770748635870377,-1.9739579505516354,-1.6802653077440666,-2.8079716842946865,-5.221618429932232,-1.8386883446175952,-2.685452199766264,-3.4123975553341768,-2.980116320529405,-4.615143623135098,-2.12462366579634,-2.3304347821997204,-0.9398859978796692,0.1642721522941583,2.209450113756761,2.8262491782423704,1.866014678008205,1.8393893154823808,2.8302801854467656,2.646970920404945,4.20845666462636,2.656206708630946,0.04520453218988059,1.0766951489525856,0.0951925695842528,-0.978856992690638,-0.22556920536189035,2.002450064048232
0.4141583271359686,0.14277565126855526,-1.5346713177873401,-4.06875169097579,-2.9127027120123454,-2.4710129677277117,-3.041169285972481,-1.733847163246322,-2.8943094838818766,-3.9145226542965625,-3.5493947422762613,-4.024286831555792,-2.005655523641186,-2.293706075353654,-1.0754430371536392,-1.453117368460538,-4.036454188705551,-0.9152314443950764,-0.7148942298459185,0.9653109300966322,2.0074439811227838,2.4279589596729756,3.7013445644949896,2.8085995809971154,-0.02787530900234558,1.5483750875070945,2.3099362680003757,0.8675313433159829,1.4402006426150242,-0.42827375968362363,0.2310339872889961,-1.361373435863769,-0.14296105135003542,1.0686759464545474
0.7045098663731989,1.0877252572028184,-0.5946921214755614,-3.203128532302322,-3.099712783812762,-3.2700786911093815,-2.6324836197438843,-3.6315623900113456,-7.679632969900512,-2.0450370999774643,-3.0835062751310085,-3.8054321060978653,-2.1332879589981255,-1.5239817712112944,-2.1157587329010936,-1.633396425705622,-1.59316801768744,-1.3283625761195075,-1.0962654934794065,-0.06417802267184168,0.7876171611313854,3.710374336898442,2.9493509864055345,2.5876436037801542,1.823208516120198,2.8052391203509517,1.9806396833470363,2.0541605833610466,0.3100898813518053,-0.6604977884229064,-0.2836773462843549,-1.4984150872403772,-0.0631064366952352,0.7686392618395513
0.505914460758144,1.2424889094220377,0.11299614660307954,-3.833274671564631,-3.544685724477036,-3.791843140541677,0.7874065401899318,-2.605129336731046,-3.2324249959951006,-3.9579195852514206,-2.119989666527106,-3.0529956175936355,-2.466513372985716,-1.809889639715343,-3.299446444957122,-4.090141611551757,-2.138329278421331,-2.0995780780308295,-0.7388264304991053,-0.3436806442768414,0.4792643394963309,1.7704485891064754,2.6919213246539346,3.1843065277713793,0.5262360234417792,2.7227278360396503,2.0868212689192425,1.4294905622071878,0.2009908403745076,-0.8045459085675221,-0.8710816082517702,-1.2562352522764497,1.5368797623745944,0.05859618750815458
1.714859336893899,2.506062309177467,1.7363030156264372,-0.4564808579554098,-2.558015295482534,-3.6529297947677613,-3.6531509866954535,-0.990252678233151,-2.610178919456166,-1.6917706305139448,-2.1734993458266363,-2.598945841154501,-1.1230149538447158,-2.725986174043576,0.2489117359895058,-3.0159156012353656,-2.4822877628135127,-2.5978285131529413,-0.8750486283918788,0.32715340541312254,0.4071101942389066,0.5446258855654471,1.5541323759633765,2.9582694396529967,3.0937561887653517,3.8931683099498273,0.7823745109110044,1.7289639846688438,-0.13993394661767916,-0.7357515169016601,-1.4151131918401723,-1.0975937845610908,1.1697961007004323,0.8158319539109811
2.369645528386817,2.6688772719520797,1.5844191860140042,-0.3234618393150141,-2.7270686853016812,-2.037727668480319,-5.828353367497296,-6.755455622058213,-4.557417853889584,-4.460128021284334,-2.8683046033881627,-2.205184313491739,-2.5971122916544265,-3.412063395354213,-5.01467120094753,-3.7512423431246553,-3.540869860137841,-2.978008311051486,-2.195223643766554,-0.6647888182273842,2.14892501499408,-0.19168647767062813,0.8938360048500965,-0.046792609020257,2.4805178191073125,1.6483313994630815,-0.2274913428810576,-0.22892749512733707,-0.6843085972042319,-1.0629398492651772,-2.1579903930563518,-0.5687801459260063,0.41460389023257793,0.15652346813772797
1.4580706052066037,3.349895339574261,0.2516093322375088,0.046933950348107045,-1.8321670038188733,-3.206318523497525,-6.564571852165821,-1.9093053759004976,-4.801646899561407,-5.833268516694334,-3.7993188101945865,-5.942897974311499,-4.803722697115734,-3.3919370458810643,-3.112920354823473,-4.12148384024005,-4.086977712368065,-3.6198377754079405,-1.3235712114883813,-2.3609368534958963,-0.2880374756870027,-2.0003864124549664,0.09912922235198107,1.433470270193069,1.6827367912208224,0.7068896782782624,0.1278564321252836,0.26646009129134185,-0.6306839381101293,-1.160218419936541,-2.516643521043889,-0.3400802278115575,1.4870171565871022,0.5235581519325134
2.4049949279755864,4.0635198344774714,2.6900191167025698,-0.6395143580517318,-1.4152552460406285,-2.9778715144132475,-4.426352375745323,-7.964092352284488,-5.267976273176829,-3.213333703832161,-0.0334768098033355,-1.244668105742501,-2.354169135031271,-5.417980965068726,-3.657821728720049,-5.885942388159653,-4.823431158861678,-4.270010367438157,-2.034720664742389,-1.5835500428786424,-0.5121957946744402,0.022350319313543775,-0.5448635429867628,0.9642531541984114,0.44745781183142375,0.4078573040688017,-0.6443275938785503,-1.3352345213825523,-0.8899737381681109,-0.5005130920658892,-0.9177925132305257,-0.7607268172894489,-0.2164882761594432,-0.19130161430255677
