script/wind10m.json
{"header": {"parameterCategory": 2, "parameterNumber": 3, "lo1": 3.000054539987559, "la1": 64.9999836372058, "dx": 0.5, "dy": 0.25, "nx": 34, "ny": 52, "refTime": "2025-07-28T19:00:00.000Z"}, "data":
[rows 24 to 47 of 52, columns 0 to 33 of 34]
-5.790167742888723,-6.353985715262849,-6.737721650684161,-7.031484096926652,-7.159943137291133,-6.007790261450564,-2.3919629870462535,-4.6087486640315,-5.645787690671003,-3.0333336304665806,-2.769999891595665,-2.3482614335332443,-1.8516359013058825,-0.4136789008892599,0.754767549969924,0.7436962449190864,1.223785326275881,0.591118138469301,-0.4173118071573417,-0.281032079780429,0.3600754855160785,0.06347915340558691,-0.5027481466347216,-0.6552693162608829,-1.3542660146083343,-0.594099745521276,-1.8500629221988574,-1.5551657848290186,0.3841038531022191,0.5552465693411999,-0.8590253831289436,-3.468535283556601,-3.9190761413414603,-5.083518671529791
-6.171721963676668,-6.447539616102531,-6.7927981089689675,-6.8236044573728725,-7.2251841596196,-6.33547059746168,-2.641070709730876,-3.207951311826564,-3.175990641638201,-2.6876982549211084,-2.2188079230161386,-1.7467336718295587,-1.6304251126884877,0.7896319425951297,0.9939156183568543,2.3271759338324887,0.9907723016951846,0.6341837033515534,-0.038406735254525606,-0.34678493956318984,-1.1806232458906658,-2.409204355917192,-0.7228996041200948,-1.2477009913271795,-1.494540948598715,-0.9141262406957953,-0.7381701446090111,0.906312496367097,0.7514839680968741,-0.6370352998715147,-3.7194971735899465,-3.72902185022307,-4.813226222939299,-5.142613376414647
-5.967875011204316,-6.271632104591349,-6.646123843551659,-7.054346361186818,-7.488410427969855,-8.003994454387634,-3.1236726093179654,-2.402740309229527,-1.81142547715058,-1.2855560724600974,-1.7095072205808628,-1.6908774948906247,-1.4057775980968252,0.8805226250371289,3.078794222429374,2.7016457633307986,3.018102808067815,-0.044979989918477105,-0.19674334644161978,-1.8900349411414654,-1.5201212041261474,-1.0771507225514707,-1.2130451453104765,-2.030347862558864,-1.7497129308061254,-1.5892547916136932,-1.6491627455744682,0.27534919937931385,-1.3691303015271923,-3.2024045534862506,-4.237749296285881,-4.3430862751726735,-5.410319739321647,-6.731690457770729
-5.813222690499558,-5.564895710955128,-5.745037664692439,-6.278472439240255,-7.279284186833403,-8.107681746409334,-8.562591884371361,-3.121271453271359,-2.008996169373633,-1.60355984840893,-1.6321791558763583,-1.1310644151877876,0.05386255075601067,0.9587297904314407,2.2519483609872286,2.2264093394641353,2.042179219897671,0.9279151937869665,0.2758690951289169,0.5242041813379594,-1.1725060411414927,-1.3365433965092177,-0.06275148741030143,-2.350245567656633,-0.8945358158613722,-1.073523831745375,-1.5182061396838384,-0.051588621502366636,-1.6360018021013796,-3.9071273890928095,-4.76118172234401,-5.6189918009111715,-6.169200647693171,-6.912409085888537
-5.3749716652881006,-5.672455814461258,-5.274417112796442,-6.1439739416182695,-6.991229753832951,-8.033236785922172,-8.461275458046897,-8.44795502419932,-3.87771243115567,-1.3445919605568382,-2.606604681766904,-0.9663260465162347,0.21078669595388824,0.7380600587332491,0.9249352541988872,1.117569053008621,1.338675394936398,0.35136069342188353,0.2368263472002825,0.25929605424736707,-1.0477415234203986,0.2466194603854909,-0.2336946672970538,-0.5314929792507667,-0.9780396523882071,-1.2437320625818602,-1.0133470249491094,-0.377857097627881,-2.957762880548657,-4.587917516020606,-4.954469354625319,-7.049963951182745,-8.339642871996416,-10.502930392663735
-5.258824993446093,-5.431170958987035,-5.329191489582838,-5.995371321315568,-6.872876623909361,-7.2359533440647885,-7.940941000495034,-8.121892906487423,-7.330887908528943,-5.581886547165909,-3.721509749496208,-2.7876645566943608,-1.8953161348032015,-0.9788092841513092,-0.43981155323967547,0.04702322891016815,0.2686879802917245,-0.6842619177713122,-0.2682918771003313,-0.6947842133285949,-0.26096496884696396,0.4241268052365878,0.4738970865569717,-0.9748927859463986,-1.577358331518634,-1.7413821157907687,-0.15373949647501597,-0.8669437196142945,-3.283333056529517,-5.251923417086282,-5.62729550328023,-3.7619941436537934,-6.792551354114709,-11.704552166344556
-5.495368253039545,-5.582085634597689,-5.378439624588005,-6.05204316157696,-6.598245414448156,-7.06406454789131,-7.28174584164424,-7.519431987598666,-7.295962780918934,-6.50372164496712,-5.125440540819953,-3.8990496245581774,-3.147290955429365,-2.6190494546403302,-0.7002376961132133,-0.12171565289532446,-0.5890172640972515,-1.8218777497616248,-1.167053848994221,-0.39671902684387383,-0.5241233969281822,0.4668691825553114,-0.1751403474996089,-0.6875885737704119,-1.2572723394547256,-0.9335649482728378,0.2219057431679107,-0.751655510581008,-3.869885418619353,-5.081215935728245,-7.400363629683237,-3.0305690609165112,-10.429399486979,-10.375340728631551
-5.696656949545683,-4.666743367305566,-5.6305909823391,-5.709240062795047,-6.48905107047971,-6.882523657457828,-6.8262716726309085,-7.241516779986833,-6.756293232758555,-6.379180983823254,-5.438512828185802,-4.611420275446297,-3.812343952969245,-2.700832598491329,-1.0655603132196423,-1.052686239179383,-0.8956147849993176,-2.1248041719541853,-4.129777395677462,-0.7032913653295996,-0.5075771762963905,0.14607800382403716,-0.013364774823097107,-0.07050538444725352,-0.5678445834031469,-0.6036050985432737,-0.30029269430414857,-1.4949142086317313,-1.1273339865804437,-6.243834798239073,-8.41890574319963,-3.644783719664287,-11.070734647786102,-10.762383958905234
-6.131305963067688,-5.331054090397324,-5.124513451169651,-5.953194870634529,-5.8477180243826234,-6.540253815794137,-6.842876463025016,-6.916207379749916,-6.217747973690597,-5.6444544205358,-5.065600745859457,-1.6072152516370433,-3.2638502030212564,-1.719563402082836,-1.2916346199659035,-2.88702206282427,-3.251428295165505,-3.521123413565373,-4.069333209762867,-2.086595115544117,-0.5725318296685101,-0.3059032597980788,-0.7235337492556114,-0.485192408221466,-0.35508481084551186,-0.3953267687096247,-0.8548187044232521,-1.6579474269471752,-2.5996202478632835,-6.860984304503206,-8.74490750043454,-6.703116843563166,-10.593137026724156,-12.022228576736754
-5.675001340358235,-6.247794364639386,-4.971298848174888,-5.55605481138858,-6.575786832141763,-6.107148155068724,-6.584536212173401,-6.45550127020439,-6.121259607471454,-5.938117948371178,-5.2150566629507695,-3.355947497677776,-1.8992746851818416,-1.5117271013137301,-1.408609275104121,-3.47681913304498,-4.113000369635433,-4.876147154589355,-5.412027025642469,-5.782634849484618,-1.4028006331727476,-0.7821505975374967,-0.5100727470234583,-0.42530490410489896,-0.6490159124213792,-0.8932710935620433,-0.8733287550612557,-1.591985350667566,-4.045914401626442,-6.706319505499626,-9.056380637058677,-9.61264600408532,-11.63311470173718,-9.373317044341434
-5.698665848539546,-5.541399910998141,-5.319144713667745,-5.47185108939274,-6.601927016404657,-6.366651278232585,-6.530226937270935,-6.64814875358326,-5.931593507035687,-5.609528023845859,-5.254880687727194,-2.3667067060834963,-1.6482576044808666,-1.609195439791176,-1.7952762413311987,-1.9383290957601669,-4.101795675143348,-6.408789706618495,-6.645873842106685,-6.374355729623492,-3.602115502354068,-0.5535110474962034,-0.686745318855005,-0.3018127457447936,-0.9306841299974674,-0.8434440854412991,-1.064072181413486,-1.745776196746038,-5.658102931992026,-7.579633768471101,-9.442304254668574,-7.537093398703517,-12.254959869929458,-8.42954427181973
-5.816236336682045,-5.8000745473487845,-5.8924612752901835,-6.091138953585902,-6.244931477675261,-6.44971363559178,-6.927224880159397,-6.075519773247662,-5.804718232036016,-5.486564055463646,-4.948748200372872,-1.7375429571984133,-2.0418433262983355,-1.8344272753214683,-2.1479923065439035,-3.1664662432015716,-4.17796539819953,-5.4929359359655905,-6.843367089932867,-4.746548271525886,-2.721665259428599,-1.407617232133946,-1.1251035597530181,-0.633988443421963,-0.8362841837141661,-1.553577540170733,-1.8927594236281917,-1.8802988535474323,-7.081971493163997,-8.717678520266475,-9.856811927569114,-9.693861652729327,-10.894690670393897,-9.846075551780071
-5.768308161926193,-5.876214647086742,-6.171456252928199,-6.602938128573923,-6.676804722226362,-6.150115934363613,-6.890900573919943,-5.806839486040969,-5.405406339782734,-5.007885058995087,-4.690555145384602,-2.3218308815871023,-1.7974730299516446,-1.8791788840793726,-2.5209802188282584,-5.232328624273199,-5.157893812664694,-5.202785724373643,-3.5551950497300915,-3.3574619510220387,-3.6887185317460247,-1.7395708252983182,-1.718721550668189,-3.5350186218373034,-4.0661535269244276,-4.512623736408827,-3.875789494662024,-1.3174941217727014,-7.168834402524404,-9.684019668077278,-9.574233144088147,-11.371974948570307,-14.76366370278567,-6.477166182293816
-5.940078805041648,-6.204542306689054,-6.428110590026367,-6.668158150439415,-6.603564589993099,-6.624201987205827,-6.041907218841451,-5.403998927371751,-5.193897470304182,-4.948563636737132,-4.896939542077592,-2.4627749805584913,-2.277508818844958,-2.110579851961832,-2.882742689872566,-4.67903662718817,-6.888631656579669,-3.294622080459516,-3.6048832138304707,-3.075835287851219,-4.674820797478015,-3.5686980926629968,-1.6279317360304513,-5.11157261131487,-4.79936341712163,-5.697860964095026,-4.114022301797742,-2.717745518945545,-7.264813654107744,-8.488908369153101,-9.961547641173128,-11.57044093317957,-12.092768660997493,-6.094536795295018
-6.133128560754792,-6.270716887346887,-6.602902971091816,-6.77090869275631,-6.940404557306411,-6.367056864667475,-5.708177409076143,-5.237777627734319,-5.123675181398782,-4.5484366962425,-4.608133443456424,-2.6665363804940867,-2.3002528823966757,-2.1910692759097894,-2.3294752182782235,-3.402893718522143,-5.779873640585873,-3.362957637117024,-2.610203498858881,-6.530768437807281,-4.26005120886689,-4.288102383265384,-3.6555333094421965,-4.036556607253648,-4.328298286973241,-5.869889943376021,-7.065046160267011,-2.8765977939611393,-4.72132917254255,-7.5540191423223355,-9.32784139489431,-8.76190632331932,-11.835324345708,-7.5715274923587135
-6.268580148045803,-6.753387895241054,-6.832492047899395,-6.610342569698304,-6.832694862465101,-6.65329906947852,-5.5995175129114445,-5.095764705008659,-5.293798394780662,-4.8004475668435385,-4.5642962073652695,-4.311343495220832,-1.66633913265813,-2.5752526307936465,-3.69218202690748,-2.47815159696838,-5.057784170439716,-3.5736701398772666,-3.32670521681578,-4.432185325351054,-5.781108014875546,-6.203026700858271,-5.579621719536497,-5.3294644529870006,-4.5157965861025104,-6.228638770372876,-7.220096534022339,-6.162798602678551,-4.7559320633600315,-6.386218733645973,-8.44716501372754,-9.259893260300695,-12.271031268244704,-9.091386500007202
-6.626211562515794,-6.717445939592563,-6.832767598345123,-6.74447505321962,-6.539697338966285,-6.034059808689665,-5.633412539200909,-5.194100771906656,-5.252490185236115,-3.975723359112993,-3.9131913900876727,-4.247463981580143,-1.7950942381257313,-1.9923657234594871,-5.971441465573446,-4.438840014471795,-4.407047700460418,-6.1998825768038035,-3.256725982279854,-3.888462636430413,-4.837975908857889,-5.4317386298678345,-6.961070311873467,-5.241485520472024,-3.4476701990242966,-6.6067900723740225,-7.574572084114632,-7.409491158120685,-5.844511169274771,-5.669408765381806,-6.870567271042682,-8.275279049339671,-7.018239760331268,-5.2143024618681455
-6.547629274975454,-6.389588833078599,-6.13294384287126,-6.6318752013871345,-6.321984614327028,-6.078295084717065,-5.423320390386806,-5.716369254160632,-5.7123580561242795,-4.256504391176257,-3.8756591482558385,-3.762271435935472,-1.8854551796075685,-2.385729378936384,-4.036774696237201,-7.0169996017228895,-5.972391757539694,-3.3402920136260437,-3.9713471136390774,-5.462219078294941,-5.235252391612465,-3.6574841306280685,-5.549531973458688,-5.739723168685343,-5.598977191482492,-5.302256431788816,-7.567450193157273,-7.314640776411191,-5.71667361782928,-4.119423139929311,-3.558022284019724,-8.96999925468725,-12.446252160718476,-9.473934158649826
-6.1614377846695705,-5.939765627098735,-6.248547298072701,-6.369452766782779,-6.217748006458041,-5.981767112148414,-5.330329431781959,-5.868987083022337,-6.264364290352171,-4.732379723496138,-3.599370578465259,-4.398190516213351,-2.6836921732845065,-1.747665445775327,-3.1524728294459643,-5.216729555250982,-7.026010981299375,-6.8028633016130495,-6.142021645520315,-5.487815411027435,-5.07076873534431,-2.563591800376308,-4.196235308702948,-4.930282128996963,-6.118724688859671,-6.7484482905027345,-6.379115316513298,-3.805242951444711,-1.7222580775445622,-2.3209619721219976,-2.736319297798296,-4.040831137431467,-9.755813971315083,-13.380004913438656
-5.2999995260525505,-5.589019019250702,-5.152905416634179,-5.2847591560471185,-5.688642987568222,-5.804798707986835,-5.537507505524526,-6.043726905836827,-6.028988233861835,-4.949674017550174,-3.284164967550891,-4.101213435971469,-2.294962698235657,-2.137568062903955,-2.4395730730858665,-2.063137249171088,-3.863441206322647,-6.29628991718419,-6.676965687321433,-2.760346030561558,-1.8104953425441717,-4.458096329073969,-3.2781555671239127,-5.319166997979629,-6.553853902316995,-7.107130732856489,-5.660688900694922,-2.209824194194149,-0.9434921213404086,-1.4921211015867513,-2.7034693654370576,-3.4873270063798656,-6.413771438938986,-5.760100913911381
-5.628160863419719,-4.49176551593967,-4.656452274492202,-4.83695329573152,-5.458317861881661,-5.242075332762721,-5.339402438313098,-5.80284177361514,-5.608452673434147,-5.234699336902899,-3.8308652554436335,-3.716495984418789,-2.595034633716496,-1.8646620443340916,-1.2700923182315433,-2.480178015217829,-2.891856677831552,-4.2951780431115285,-3.017164091843587,-2.6232377178459205,-0.8844153737849698,-0.6732682670363421,-1.908059978818155,-5.297630181254829,-2.386926229446472,-3.3814926842689053,-2.457170615207737,-1.5159634993806408,-2.036532520832123,-2.2115742131943446,-1.9405372827616232,-2.7558954367616266,-3.6506078772198145,-4.702985101716057
-4.136106251282038,-4.017998822305295,-4.681736403602216,-4.840152754644598,-4.995470268799075,-5.2288872198698915,-5.4028205817872115,-5.606012110971375,-5.5376284667734215,-5.021472085407189,-3.787269084463769,-3.709841383867108,-1.9048037608136335,-2.0018995222866267,-0.9072143337266668,-2.054465798300973,-1.955052692673282,-3.5150758147758214,-2.482449466654383,-1.5110408895589564,-1.4428011653108714,-1.2557610640645818,-1.119538981090551,-4.730155871291492,-2.0673393698481166,-2.1352376975389267,-1.9588496279260996,-1.6539215768948716,-1.2533294805248214,-2.0092568893896874,-1.8896235500956167,-1.3163551348760951,-2.202557657188901,-4.076575945728931
-3.525714909886888,-3.6000217733278497,-3.904833011912363,-4.250639616199747,-4.567484058664442,-5.133253900405661,-5.648310562175587,-5.341037535645401,-5.666985859078602,-2.265885287601433,-2.096633963534422,-2.478480952309228,-1.2086868321178852,-1.1322459083977163,-2.026133109534304,-1.0712277747100418,-1.5084286717756745,-1.69617278590297,-1.7942879591234193,-1.9171116245117532,-1.18669808607163,-1.975369078931159,-1.5824222329837772,-0.7766149477423651,-2.6438787128742565,-2.3201525622329013,-1.5151996390292428,-1.8111187895047836,-1.9752614171546836,-2.187318173961898,-2.6256450779415657,-1.9243857942888503,-2.227405347182242,-4.5897846640781115
-4.596544035968948,-3.759728647064261,-3.1613776848497466,-3.7754891325176967,-3.832689518767419,-4.734450466828042,-2.814794885697556,-2.703970612001623,-2.968276068650006,-2.3782883427194186,-1.3931126746588933,-1.1645761429472639,-1.9693881780697022,-1.7306122940745685,-1.7177369815456294,-1.6929653830458893,-1.7930503586089892,-1.1082552569506858,-1.5498100724832182,-1.4541408282243933,-1.318843148418113,-1.2799406776888425,-3.017873909998521,-1.691407687290417,-2.1889289255456017,-2.043816989014256,-1.270755753883831,-3.128840744067807,-2.0761924393112228,-1.8996209617945088,-1.9244988323850718,-3.2384287169207893,-1.8708859884541058,-2.538122446651018
