script/wind350m.json
{"header": {"parameterCategory": 2, "parameterNumber": 2, "lo1": 3.000054539987559, "la1": 64.9999836372058, "dx": 0.5, "dy": 0.25, "nx": 34, "ny": 52, "refTime": "2026-02-13T12:00:00.000Z"}, "data":
[rows 0 to 23 of 52, columns 0 to 33 of 34]
0.6878204855880077,-0.5027843837711374,0.34607445880774357,1.620970350596721,1.7050743788467995,1.8311505299656867,1.6216319805008756,1.5226501052188808,1.1786490444054096,0.9190552925674054,0.9715171611010535,1.6269983218119013,1.8073752479112595,1.7198881894315625,1.6892969183415123,0.7407330870571137,2.4123010517143393,0.1446008390287829,-0.23853090122786577,1.5266246737759877,0.9137075778392537,0.5236815605545064,1.5778144883829117,2.549208240879939,2.27603430349648,3.5632366051636692,2.4119891108686966,2.3702358041134497,2.257243733303798,3.5287401363653443,3.8605592591560995,4.715413386682027,5.6200522005073035,5.3162319544006476
0.34169547338401707,-0.16254680893130835,-0.540044638413143,0.1126566321373119,0.4837499498685017,0.20611664420582448,-0.2019372002201687,-0.7331322649977176,-0.7992582408250002,-0.8940890677668368,-0.5710569466719991,-0.07398411196917334,0.5773391834314933,1.304030166752828,1.258846528527547,0.5752118392240361,0.11343688846286965,-0.09169636046934565,1.4835924799764977,2.5468028329637886,-0.800558001736856,1.2437874743048272,1.4115248092056185,2.611662755958762,2.121642870388769,2.8719008977105904,2.1421921124316072,2.6581890640601715,4.051559366547461,3.94762543908644,5.4484311016076985,4.771193731474583,5.107748458120376,7.542201533879767
-3.119630869301528,-1.5664516626517375,-1.3924893807770418,-1.4812689390700413,-1.5250748603403546,-1.8190991055246357,-2.1778254955728533,-2.439762881536706,-3.0016441378403202,-3.5162709521311033,-2.8774820494055797,-1.367037247130446,0.3092212932644496,1.291072072846523,1.2469668490733639,0.36566949499307655,0.6316022725616821,0.329781415309429,-2.0512325931384976,-0.6344322473330672,1.7870232347209223,1.8761481291116677,1.49958883061958,1.7581194006955916,1.888277120183982,1.1915500494147828,1.721753744189262,2.5166570462441964,3.661580325646015,5.418525695202986,6.78282999798352,7.637105764486329,8.489060098409826,9.416773268308834
-0.4034030727584213,-2.066530093249733,-2.9185577231025785,-3.2566990809774783,-3.7052666118081587,-4.174611268301112,-4.2149257536891005,-4.495270658220001,-5.2955899351741795,-4.970743772736197,-3.48195144960538,-1.387201741075707,-0.6272985486097851,0.34593117136547824,0.7891498093825422,0.21534874428888853,-0.08561856635198896,2.1632655213513496,1.6816928965461053,-0.23076213341458426,1.2134809988670843,2.5727302950202198,2.69329412048268,1.5493753786800502,0.6982912114328688,1.513397489548436,2.0356060892702357,2.6960359334287225,3.9247944121159697,5.063090240683298,7.979035053588531,11.655582034030179,10.454849676135197,10.973907621459224
-2.811835290397483,-3.7656357192191705,-4.515866276046778,-5.061329868515417,-5.582999213871394,-5.583001715235442,-5.927135458128053,-5.355297768851179,-5.410049194476196,-6.95249010496711,-4.649241982729647,-0.6174301063547507,-0.9935651116891887,-0.3255624020403307,0.441695697246944,1.3193406078551488,1.8861569674701635,-0.2755316040409122,0.5709786114007694,2.0717073535932427,2.370595717748485,2.5062357735285965,0.6101429104951072,1.6468668478745367,1.2529757027246153,1.6019735468858882,2.19644371121429,2.0276962303553856,5.5953150624321655,7.147680367621511,9.335676780143633,11.256954555414769,12.008952019152616,10.825160134891608
-4.1787558224645,-5.0629700017156445,-5.628685329248573,-5.709715962562432,-6.552985686078815,-1.7654560646877184,-5.3699321482043345,-5.741385860508715,-1.1770802276997747,5.275740353239707,3.2838624019478453,1.5148294499696897,1.009177645404768,1.3211084984075139,-0.047213094320782675,1.7918308517289403,-0.074549621642764,0.3751696917036614,1.3775397060075119,-0.048819827187775444,2.4214061794902544,2.273576052420582,2.5948726719254833,1.54716916645847,1.4349886561587797,1.093591705496315,3.768895891773965,5.642693911303818,5.4518184843013415,9.114142826142897,10.247210727796027,9.336138972572215,9.428137265579611,8.986815725303503
-5.155256617879586,-5.543677428787704,-6.279867155817425,-6.932915066713626,-3.0530891573979377,-0.4679181072957546,-0.6282224571900304,0.8913022624897643,-0.2648474328298914,1.0346648106395453,4.920874110110135,0.2734903071813103,-0.7464709276559145,1.4591405886811775,-2.5890718934423984,-0.6064345216917659,1.2834831945407705,1.723406058777064,2.0514897467764794,1.6533999627451172,1.4111381453073795,0.4237318155600519,-0.6887347432259875,1.0960348489587235,1.354027224048754,4.415087425727671,7.703933459717343,6.611323692162474,6.904221700081899,8.905155883357486,7.597398042144636,8.311345303453075,7.39476120558451,5.828671961117772
-2.6821984868469326,-5.205929122853502,-4.336836464741061,-1.142791854146533,0.8388811092587749,1.2571679703297458,2.559733764011158,4.500203441884181,8.271293959101733,3.5307093446884603,3.510485173206984,0.9101314302117155,1.2360384079625912,2.211830060763622,0.4402423144074912,1.8468687340852128,-0.6231719480153873,2.094676080118313,1.5473871823791623,2.5854500015846025,0.09990224736554705,0.06025639344580517,-1.154678733838475,0.015215296341288235,4.074053014643099,6.258553281387897,7.261246852670947,9.47503913597518,6.721917921037829,6.153745564871049,7.327950657082682,6.028957145258945,4.892850591006328,4.653782411156744
-4.9849672418885,-3.233857233059725,4.8832225733400305,6.684201276968053,5.1253199284575945,4.483404084622007,7.640093072164023,7.660002525474794,5.077505306407454,5.0808253208227185,2.758720650859144,1.1579600305230027,1.4525943236053402,1.6911300586443103,1.1765456504182508,1.065380889180216,0.5699744202529736,0.7826190878741627,1.3401827412007326,0.17258596784769614,0.4866809527016665,2.746355100036741,1.5126676088084443,4.973530451958534,8.0902196587426,6.883346194468648,8.084504025822648,5.677627280136847,6.9202076989792864,6.116214699937142,5.000090948581525,3.5761386186004502,3.264871443288957,3.246627226537976
-0.6654659189201115,2.126252556050696,4.080826891757848,4.790755991721565,5.261044231755991,4.226619504078325,4.362477217300599,3.8189312001375413,1.4112137680323258,0.5562356334844366,1.1622392442922587,0.8751121130506632,0.876449622135639,0.29766216964394254,0.1290917299692363,0.6951685504814145,1.8577032932690734,2.461530258336217,3.577223718491003,4.606746952310979,4.311065868736895,5.979285302285238,7.2218887588146465,8.423046224478952,6.393776536724673,7.066647380151134,6.817972781384516,5.804280575721672,4.914246985478552,4.29801287414467,3.1562600631593125,2.1197742407734737,1.659957426440447,1.6630550397379322
-1.5347779718867454,-0.05062891674950687,0.976768038922674,2.0569048267172363,3.5475725152534543,2.3572077961944693,1.0567713093641182,0.9735752146609347,1.779077276113073,1.0275560962252954,1.2546635842882572,-0.4098638047934974,1.0121056636930674,0.6596703813486888,0.09810863754274522,1.5054018186580147,2.6620671086943837,1.3795727503022845,2.4349421864913565,3.887288085489322,5.611305259327615,6.034936527806249,8.87536339386389,4.24550961984809,5.551936773602159,4.700205397133877,3.1179185021032594,3.996339090755104,3.0740804243322972,2.7032920489625982,1.605790768067239,0.8660948287208636,0.7235656153891984,0.45027703771759686
-3.8536298586386746,-3.1056265567660386,-1.6125059910254906,0.3171024741277469,1.5562216707279761,-0.6963550736278327,-1.170155751133476,-0.9618688482164267,-0.06954826813803995,1.3501126213568504,1.3606923005343792,1.2742566403426365,0.5568888461977249,-0.3856430433486224,0.24103595179701118,2.6681886225075315,2.469282029074638,1.8701221371999548,3.4772207595607845,4.228455687074605,6.431255233437268,6.48238793314911,4.266763192224702,5.896709719017753,4.308761639286325,3.400423226367213,3.3959541984890755,2.560499063944323,1.2333400742174083,1.261447937012034,0.053474686994224085,-0.04640359322786658,-0.44799199847904836,-0.7207862950153181
-8.00560164493053,-6.169839191276673,-4.1230711168578855,-2.644183163363684,-0.9708572089102139,0.042173867003723,0.17362669638194336,-0.2240957453221707,0.34688654524458146,0.19061363982950863,1.8436109728231826,1.9465702593494663,2.552228451536518,2.434192408498414,0.803228201599125,2.651457104909667,1.4956881659550318,1.8774953659023494,4.217106025281916,2.9949806176571934,4.731264495489496,4.801697641270358,5.451203385500304,3.2983094576509697,3.1211995369080956,1.7435866561009676,1.2796577056221705,0.6586223722888513,-0.1541399446279063,0.12220828562168616,-0.4278456478914168,-1.0394672372595966,-1.5433981442099542,-1.9897611588393609
-10.059602326806086,-9.25599648772127,-6.166128173261626,-4.636910710093378,-3.4172568898540248,1.3051775375899346,2.6078655500490306,0.3094394402936724,0.47525010428653414,2.411834895227248,1.8634271980590649,3.877003539724316,0.29545442264101146,-0.967853121449641,2.776560322799243,1.0847350146239225,1.8907436388644079,2.3043129314068285,2.0017272472314245,3.033092995523346,0.9773468022421372,3.6470451945269033,3.354481878606818,2.363262949705122,0.9667312465613768,0.649443045608101,-0.19686330522184173,-0.4690852461600954,-1.2909848215314457,-1.6191714743038594,-1.4985653484635348,-2.3177509641358744,-2.4094156616461926,-2.8009402309723788
-9.24218380890747,-10.89832672727111,-9.226307119130347,-6.113425231588567,-3.7380060304783145,-0.9397810383831314,-1.9917236341292672,0.7886255085016675,0.6154719791669765,0.913599715533783,1.2191157786703328,0.5985477412954723,0.7739316286822017,0.33028099631851954,1.036218256555531,2.2649854643537988,1.0326301691201192,1.8198848092417206,2.0030664964688087,1.0558912109831777,1.956202692766007,0.5037186199122091,1.265007552133028,0.7955422587726483,-0.10655023490540907,-1.5239528086208778,-2.2198900518980156,-2.3823197819091915,-1.695010038617893,-1.9056912485910897,-2.725750887029944,-3.1335156862248428,-3.148932100744952,-3.693929870036873
-8.793307655712999,-10.322767734990776,-10.102291928047654,-7.5659923211803735,-4.699840003710222,-2.5552882405740855,-0.22126493706938555,1.1160687632542137,-0.43947988422702866,0.7173418293595843,2.7258887516753743,2.494716605523746,1.8756921913851852,0.7685649937182498,0.625178594970517,1.4985893736764,0.5131660144585087,-0.44054596084191566,0.2908161339981141,0.13661986089882114,-0.03375880939619399,-0.8945400696633146,-1.0730963198552963,-0.6301861116942636,-1.0066790004754032,-1.7210178326093597,-2.895697842988656,-2.983790127445914,-2.5976676358428117,-2.592818020992444,-3.538207478061643,-3.757440558786763,-3.977715553800555,-4.541065238609557
-1.4670579017519683,-0.8922136513529344,-9.122603173566862,-8.235615054475854,-5.274218986994885,-0.40132579833133725,3.1199449042103407,1.7514594481820174,-0.16148308618876234,0.974129602609085,2.4955207007738744,0.9204852358434084,1.0929688513943323,1.1823779122813811,0.06971709841962105,-1.2004805059252779,0.4055271479899381,-0.5921352458016208,-0.8877657317381159,-0.8836883236171651,-0.6894700368293245,-1.9552301755720756,-1.6872865602185647,-2.5814705363549084,-2.148954987373611,-2.189949901450819,-3.222995994435736,-3.2951108376456135,-2.0949685247245347,-3.0717355689930717,-3.8948780061731783,-4.303222931835083,-4.7857863914697685,-5.115370277200364
0.9712481417755324,-1.0886346133494573,-1.79599946917644,-7.717957184614657,-6.1249575287820734,-3.69399328913943,0.8770583894846745,-0.9676056524860677,2.689514966776571,2.5011792913381523,1.454522537809576,0.9643729019276955,1.3998013553465776,1.4292201280463281,0.38838535077572844,0.1249303137058112,-0.8101235852666911,-1.384707909144164,-1.6584828560663984,-1.5436839836395002,-1.9937469412317534,-2.407286888806104,-2.4660676762084477,-2.355438542592446,-2.2901880146008557,-2.7236058471931117,-3.42325886216203,-2.195167644446052,-2.9581279583970472,-3.82490431278319,-4.214217479510126,-4.806145872281911,-5.4416490985925945,-5.372019158958796
6.728156651453888,5.709864185894987,0.12766312018132583,-5.041862299673466,-5.073375306357309,-0.8676968044003709,2.936888772043953,1.4380526269255407,-0.5783951655827528,2.5614105156061724,1.0559235080089264,1.0566551218445221,1.3836856650690368,0.3644098438576069,0.03496605288090205,-0.12456668580184369,-1.3637471765147928,-1.2847388079950803,-0.5096528329569344,-2.0902447149306402,-2.2953858242803733,-4.03737879547086,-3.534109444625408,-3.4362234910024285,-3.2462249532399645,-2.385269906934591,-3.3032820600955475,-2.6726349121876414,-2.8021785460332422,-3.6299242783675356,-4.655386472592059,-5.339401381255213,-5.801119835803804,-6.128516889548857
6.459162119668541,3.127047011132656,3.591667320293791,-2.9520690405966272,-4.124930136496723,-3.958324508475201,-0.6777182058188667,3.255352279378088,4.071606452789486,2.6325124182315327,1.1853593368790178,0.458844213142926,-0.1850997870035027,0.9316553391419254,-0.6088857509726391,-0.9948816708906284,-2.083232672089306,-1.5823039040720213,-2.467591979105114,-2.7909913560941626,-2.7632223768160387,-3.6101905595759733,-4.544206330085349,-3.7591342074142364,-2.5910715771267974,-2.6775976903982275,-3.3104139345464048,-2.7818208149171815,-3.0720096920563655,-3.5983274967443832,-4.4733209249894585,-5.191277202073781,-5.597527484744796,-5.597429124081177
8.566170205266578,6.509564111918725,2.5718988691302203,-3.1326338205734694,-2.8115382047714514,-2.644322388676091,-0.6449047467943301,-0.03389589102532277,3.6146188154987975,1.9702264255647404,1.3823011930857534,0.8641324457403974,0.839605832810345,-0.43420137530297925,-1.0218743434554594,-1.9602846765872268,-2.932335877173197,-2.1516822835869083,-2.9730929980340877,-3.6158629945589436,-3.6430789580882155,-3.8031717567439407,-4.10973070292143,-3.643120044999888,-3.5243411288224484,-2.755797088822209,-3.3429204882241685,-3.1853736990347423,-2.6641844353866206,-3.88324033389806,-4.725267855224598,-5.15832516940789,-5.759870632112061,-6.343892975352868
9.283372663776392,6.71456422021991,5.067001578973351,-2.1590373586715748,-2.8436090821242654,-1.1744379534672398,-0.0798775571712456,1.419409039637984,3.3227191594888805,0.8225939198102066,1.2346494075683774,0.920847652758231,0.5899711124745671,-0.6972538443544873,-1.0211347908988777,-3.224345839311454,-3.149289015993426,-3.1449009910702403,-3.4992194333092805,-3.1893841253250095,-3.7825791824061175,-3.793854118091832,-3.8374800392692245,-3.641419478848631,-2.7535605070586024,-2.6450260423150866,-2.9195492095606204,-3.483516076165646,-3.7801297520701227,-4.509337397034156,-4.759430339940724,-5.544207041609288,-6.3488287512165416,-7.341799884136967
9.010284840385578,5.4926990753253175,3.9055546361048954,-3.765904187722073,-2.4732584387152245,-3.278933004488285,-0.6777396380314794,-0.10272276304009305,3.0762780944341035,2.3012733447923215,-0.2083463372234747,-0.8896008277455018,-0.13829151787784869,-2.824123151656432,-1.8875709774572242,-2.4675204021309476,-4.429680455984415,-4.058804617655417,-3.657110342553452,-2.949719148072999,-3.2457863026530065,-4.155439843431818,-6.4133812091670634,-6.995310939749496,-4.094756924053739,-4.8577970969887865,-5.34024775247667,-5.051888443144208,-5.170404031381811,-4.134426926425118,-4.852031686248354,-6.556592632641616,-8.087736913068737,-8.999239635818569
7.9644214104060005,6.056286398837328,4.214852322782806,1.3245415985002302,-2.9184696221478763,-2.0324923764190608,-2.6600225164591893,3.616117876490653,3.1822326904461633,0.4949013094135861,0.5332038547711437,-0.7625582859794766,-0.9647323042262198,-1.4803118728325275,-3.4872487928412097,-2.52331635048357,-3.6449802515353498,-4.806978875032798,-3.909608854020236,-4.151012665954765,-2.938242303863057,-5.8028392164388265,-6.157551690391145,-6.3246251151937445,-5.328202819185756,-6.766133254273644,-6.216269985775159,-5.41581445548099,-5.213770849592535,-5.7211129512477115,-7.261474161469347,-8.23460970980961,-10.162697460448355,-11.420752232291775
