script/wind350m.json
{"header": {"parameterCategory": 2, "parameterNumber": 2, "lo1": 3.000054539987559, "la1": 64.9999836372058, "dx": 0.5, "dy": 0.25, "nx": 34, "ny": 52, "refTime": "2025-12-06T18:00:00.000Z"}, "data":
[rows 0 to 23 of 52, columns 0 to 33 of 34]
-9.883797862429864,-10.518799877985746,-9.53033628839219,-10.392268890547422,-11.459604465091553,-11.636109486350891,-11.307713387557566,-11.383688301757637,-11.583565414745829,-11.957053138259434,-12.157152895497966,-12.181320886426317,-12.434184713720668,-12.402861824599148,-12.357348871586384,-12.294475312981977,-12.846810151034928,-11.362442267107214,-14.64454340232659,-12.862175810656147,-12.11998729153775,-10.166562369450613,-14.2114871961725,-13.96771203115396,-10.175659122028064,-9.32187268322586,-10.934743996282288,-16.81294976039043,-12.57217372401896,-12.321959146905849,-16.060374711700415,-16.459140408772534,-17.047415967960255,-13.395235858311723
-9.008950122586251,-9.069043567543828,-9.558845007157423,-10.319685390563308,-11.973012522933896,-11.82448989683155,-11.46052838278796,-11.535867064446151,-11.859743103932129,-12.035814759939516,-12.062998644614126,-11.877500008241974,-12.222478171077618,-12.35028058073948,-13.031790829779446,-12.586512163697934,-12.193199422584799,-12.002880842250983,-15.163739423929334,-12.998824821112887,-14.654777052598035,-13.019203207001553,-9.742726046031548,-12.258269638216646,-7.1832419817975595,-12.048279564077237,-7.247896897470037,-11.366847586331351,-15.351188048773524,-15.067414116674279,-12.47546640519018,-14.964381133045842,-14.1705145103072,-15.706383197417662
-7.131981353040869,-8.52727672795023,-9.300424081525678,-10.73148285629705,-11.517713512839846,-11.991320892140418,-11.527722436357967,-11.662783997512511,-12.155973003710324,-12.08692265992544,-12.348038694528743,-12.104516092261587,-11.341089327609776,-10.495493368825985,-12.698760458750474,-12.99235912963361,-12.63620856951009,-11.97935673517069,-10.798657660859416,-10.733985252048777,-14.309890963494926,-12.037051700207316,-13.586493569930937,-12.706197836437429,-14.20446878490842,-7.460096649982971,-11.16107799212304,-8.726889382639277,-12.542661160120398,-17.274868366847134,-14.398509190872495,-12.624481195305844,-11.695310402828195,-14.565156801434782
-7.090528890403291,-7.755527078443527,-8.325972274221957,-9.3005240894379,-9.516032070399728,-9.717200894832967,-9.805449685352707,-10.719831061930549,-11.233776946741422,-11.541613214676516,-11.680333287638112,-12.419049620462488,-12.2531611441655,-11.464014701525167,-10.328149194186418,-12.367044703776049,-9.783476466792932,-11.062184263839358,-11.974687106305607,-11.725046037819626,-15.094523830986915,-11.995839516452126,-11.647431856879562,-9.408216214520113,-8.784500784787564,-9.759996811812398,-10.360175971073318,-10.035761804415063,-14.853751757868002,-12.404072492280315,-12.172688519531437,-11.456425294324417,-13.03701124848876,-12.976326229468166
-7.450034665800098,-7.097231650908337,-7.884206427683661,-8.978607045248653,-7.977174136181499,-7.896559259863128,-8.208855536031468,-6.605335195500764,-6.002742762183882,-8.09768775356929,-9.457649257345405,-11.62784671918101,-12.049020880291083,-11.651367125341265,-12.399915500007017,-10.296283750711083,-9.264139414709495,-9.19340665233991,-8.937913007850998,-13.864832914491021,-13.075367024024462,-14.586777452679954,-7.589614889320716,-13.665504815937542,-9.291915382354201,-11.581644195272006,-11.981292110405132,-10.985420230861658,-12.996103822911952,-11.29294776612039,-12.26532746048148,-13.190417601532253,-11.243941465764944,-12.338311015958048
-6.541042231049167,-5.673460724564764,-6.561597422031565,-7.487099524167702,-7.863677805596445,-6.899779394182157,-7.425459353959244,-6.665358580367694,-5.872811710116473,-4.54723902531541,-2.4489383460749967,-5.638337107472771,-10.531899342066836,-11.322739240658308,-11.009392174326148,-9.823203419523015,-4.591659908230598,-9.590775044890181,-15.435767931233181,-14.566728851348149,-12.184197398039908,-12.757643590062015,-10.806849011173728,-9.716714674096693,-10.1727090060159,-9.06394610880095,-10.47882479827786,-11.977983228502094,-9.674250787867265,-12.462730342523075,-12.169664191928486,-12.381790171345507,-12.863192426831425,-13.447599050904529
-5.7752376143510835,-5.604774168061771,-5.398352381702534,-5.239948557338214,-5.441081124203899,-3.9428069627821043,-6.072693291712818,-4.818323540634206,-2.215497509947466,-1.3247594838000054,-3.5652427390940784,-3.18719008869519,-6.759979521873036,-8.630942324267108,-9.053434202384572,-5.369308886102722,-7.181570481645689,-13.758239880303877,-14.404321551908318,-11.993869850173164,-8.946823254839332,-9.83367919195632,-12.964816882086584,-11.725127783496985,-12.294158442620805,-9.827855191440399,-10.525294368930448,-11.462196888751977,-11.049087958061044,-12.880865682030908,-11.867432680738723,-12.269380661051587,-13.014404041488756,-12.367732255116824
-4.687574816002874,-5.273621646298401,-4.587920526202348,-4.934844110553528,-5.246389637382992,-5.096528264786702,-4.067140713524887,-2.9166677980992053,-0.9485520729627028,-2.9404013082654554,-3.454261313199372,-3.420761225662319,-5.035545299712665,-5.782941950226819,-5.627201737754214,-7.322119259816253,-6.312339830506056,-9.94297699030883,-8.152098502703486,-10.372594930159895,-11.571903745213046,-10.184418863919685,-9.827270955677657,-10.69944885541521,-9.663774374462712,-11.085282298125176,-14.612028274561432,-12.737699566256143,-11.256558184395889,-12.804467945701637,-13.308903711156006,-9.26471519046536,-11.203691571419919,-13.18599489161024
-3.4543804174491757,-2.6304951315991207,-0.525317205698225,-1.3463144535393319,-1.4504924759044961,0.24509589573275894,-0.4968299206699127,-0.908675219756552,-1.0391567643303914,-1.6021917033231057,-4.690651241628429,-3.2167581769266382,-3.750666121089833,-5.531476516944279,-7.552862476897012,-7.57651813940701,-9.903475724372933,-11.727216744471114,-14.582399266055289,-11.44310477603598,-10.001838299488094,-10.61737649540146,-7.268489005398617,-10.834718531019035,-11.21909542501011,-13.010648816376424,-12.707399960524743,-11.885070036523455,-10.743188893750487,-9.356064454868147,-10.565926829313526,-11.061134431143058,-11.753602118375413,-12.100732052081359
-2.0602120978369403,-0.42816932577960337,0.6832964051368405,-2.468472690220087,-1.536078180230967,-2.322775117586029,-2.4096969556815817,-2.9235786854444967,-2.5761234589658444,-2.5870636943971292,-3.4595649349217705,-2.2421517824784876,-5.065871685229992,-2.0116551589584435,-5.04606380624786,-8.02446371747591,-10.04273770240885,-11.14494342513892,-12.373845223696813,-9.828042104401177,-10.27608440477753,-9.404577868592417,-10.524679425144612,-8.588339166460893,-9.571887587116375,-13.651147761724332,-11.384006320870114,-13.482179495334085,-12.721286520622812,-9.653175583350565,-9.61986978584509,-10.248931297856926,-10.95719049951727,-11.236762653901422
-2.666314032488517,-2.4311855804214826,-3.0623624120974196,-4.155173337443193,-2.537662852614911,-4.4377372252730085,-2.583202463812819,-2.2732163458709196,-0.8457081627465419,-2.3632487540899123,-3.6506414484183183,-5.8575847078838965,-4.193016613421352,-3.5507013857796546,-5.2553337112959895,-7.7296449382303045,-5.111634327441653,-10.145508194479984,-11.178373121918977,-8.523532823014673,-9.026172490049536,-9.0267379147195,-11.170437138079178,-8.762284430735937,-12.93260415527188,-9.47622810526562,-8.62991608031691,-12.288991745595467,-8.921254443733044,-10.120502488021835,-10.868522764143771,-11.10076959110772,-11.278752221915061,-11.265678739521125
-3.866377347325641,-3.751475224826575,-3.588926080464811,-4.0039224909041335,-4.003737374609345,-3.528681018222984,-1.806996483978942,-2.7553174687241584,0.04808557020897371,-3.7596970660907965,-7.122729937679584,-6.894539771344396,-6.14465327006036,-4.561671218410002,-5.04628366699589,-4.907614476508569,-9.428801920499193,-8.535222577695462,-10.08123833827509,-10.011624212942312,-9.61222794898285,-10.447951238462087,-8.240147453797611,-10.624088352246536,-9.468232796359262,-11.252677745755333,-10.50828973077118,-10.564506777878515,-7.906332273541792,-10.179550934985283,-11.74982578632443,-11.75943607621791,-11.692803847710032,-11.4242923990004
-3.702592852942208,-3.6624293756251696,-3.92456120088242,-3.699896782859219,-3.392480791809593,-3.889667928845689,-2.939664298883809,-3.5080170819526497,-5.84770021532597,-7.65567686942694,-8.107172794518064,-6.954396263942007,-3.88836307900083,-4.565752409188488,-3.8880360244857695,-6.494292325813647,-7.212493895640404,-6.217811896352866,-8.944179980836287,-8.570750354522211,-9.001962794504905,-8.902127767433331,-10.470843987921839,-9.590077617660725,-9.2252718716784,-9.81903593974072,-8.21288551976793,-11.575572083125971,-9.154216233999081,-10.869099107219183,-13.02882127391689,-11.159195117156436,-11.872732047724478,-13.198401316533964
-3.765837406884568,-1.727437241564966,0.3899090844702644,-0.3580756652189105,-3.8463455457582323,-4.24017047961893,-2.369339768311095,-1.6855227773357235,-9.045380547785735,-4.264551140361784,-5.4666456721761065,-6.530433438311746,-3.899478768104175,-4.430647052915268,-5.630151057196574,-5.877144893954213,-6.937908748067081,-8.201730772283538,-9.06525231144951,-7.652363522186708,-8.316753879629807,-11.216533369407875,-9.088318017772135,-9.33732373392863,-8.942932706402251,-8.475502322888595,-6.860123812239706,-6.254862055452449,-9.462817818183277,-11.344641882686256,-13.224568692016064,-14.816491482960028,-14.663782423496189,-13.60808034965054
-4.130778640019944,-3.1226766554564303,-3.7846555337351444,-5.229657032538666,-5.645853748430504,-7.462031055498418,-4.596169010827995,-9.489005675137589,-4.9129356709783725,-3.8900991651624808,-5.334512134810193,-6.016771251915552,-5.237925331428433,-5.729585644880028,-6.5528793382113895,-8.546051652440235,-4.284882587249961,-8.22569585649652,-7.477382022893278,-8.082439565552189,-6.795852459270709,-8.236020769740387,-10.578166543087452,-9.217818473670102,-8.671488535783693,-9.276568048251884,-7.864425161813967,-7.894761125804097,-7.349707721495871,-10.521569109222984,-11.818589847846598,-13.980331472590981,-13.993983227253151,-14.791449286382889
-6.0139103153337965,-4.691928415920113,-4.173034732045924,-3.310243888362861,-7.205800966638502,-9.506440469596916,-8.163054723876758,-0.6356764942026613,-6.776771421937184,-6.221144590730605,-10.039797224752936,-6.938737204794255,-5.249717585757304,-6.08658997741248,-4.778599305665951,-7.712170887405493,-6.821372365381106,-7.6552215901692415,-7.895059707108204,-7.400605121931041,-8.875641060561467,-8.784259167182874,-4.929068964193645,-7.932230089603444,-7.924881942650308,-7.267799820034358,-7.338196661268479,-5.49238260967108,-5.535735339363375,-5.963285589687278,-6.074214242910575,-4.428187727868126,-2.332038985526224,-6.168789531726163
-7.491709750620313,-4.882632132077205,-4.304055466589419,-3.619073666874975,-3.6038648520927117,-3.9081954157908774,-7.304465033201345,-8.231922232303988,-2.6920310017624947,-9.22294365597492,-8.95621679325143,-5.463864136789134,-4.804187398019494,-4.975348300677902,-5.043397360917332,-3.8811177650625153,-7.426918032358285,-5.731519955371431,-7.002076043787321,-6.394531233727184,-8.299011577171331,-8.66543548855524,-8.860324157832,-4.290483584517113,-7.7483048573115765,-7.239832351257358,-7.337140599505687,-6.002752054157108,-2.700858272065096,-1.5286901741705359,-1.0352559740248266,-0.43754487750082766,-0.3942892250105927,-0.8691165659828337
-7.953301746768685,-6.471141595274338,-4.384873692373153,-6.015764711838069,-8.772962971309186,-6.080542849067743,-8.911797524238336,-5.573491268470346,-9.5391729389154,-9.381496720522508,-5.791424743861538,-5.085861995753117,-4.404036141609824,-3.9731422057661825,-3.4107961300201515,-4.0352170486164045,-3.5110406654404467,-6.331405183345171,-5.882513434075067,-7.0940850941319855,-5.927108376865118,-6.528189044078606,-6.578298308827008,-5.787136080714658,-5.056414547602183,-5.306554940641085,-4.293904218350918,-3.5399881236366415,-2.33271133335551,0.7412563757616949,1.3104624988045432,2.1724547548797744,0.9901148804896296,0.09618876212264707
-9.785392485893306,-7.696839900846032,-6.1436289045982155,-4.725029392055608,-5.707446313050575,-5.054489981092512,-4.9977445334257755,-7.049614444836975,-13.532881539504567,-7.5746418813908445,-6.816317775496085,-4.67360329680214,-5.711744037315711,-3.2501145359076724,-1.4483172270941702,-2.3150516691760936,-2.7302441989268305,-3.134579023090746,-3.5376184812188596,-5.0026711043839915,-6.349158401911929,-5.421899844028473,-5.332372733814687,-4.089791151156962,-2.7872067006662693,-2.1326513179972015,-2.1039654960023717,-1.4665163002962236,-0.5037179455157356,1.6423564412975575,3.4575911586572716,2.173381512940666,2.119544400121171,0.5542048274163626
-10.438054781607633,-9.99019430967771,-6.812575398713826,-4.843260528873732,-6.127183636570083,-9.035805109354827,-6.060057661301106,-5.416961875493622,-10.782709294405315,-8.850243512275005,-6.957163957958833,-5.617742277746976,-3.399364924382053,-3.5558264237868644,-2.7198423273998946,-3.5797742320092203,-4.228677894561086,-5.2485233464823375,-5.450792956351275,-6.449338161622893,-6.297578185156539,-6.045527777391973,-3.0779140776626783,-3.3206623951006318,-2.7925401538200374,-2.036379777713922,-1.0168921848004737,1.0988621121981073,2.796618782486403,3.330336351665588,2.94684129817602,2.595371864986791,3.3647373536406753,1.2373237462170634
-13.718660628044717,-10.957622522909004,-8.30617725135791,-6.722799072738813,-6.3102005143210205,-9.87590265046718,-8.107981594166848,-3.3688482363814636,-13.401081470691777,-9.319517201087894,-7.891415436643158,-6.32455272751689,-6.6614432922329625,-3.7922345421316765,-3.4183291008280707,-4.69788724129608,-4.804482207259033,-2.916306641096317,-4.488698329982865,-2.575962331104041,-3.995837387518428,-4.7441685941501275,-3.6404411226303175,-3.2032851796526924,-0.8486050091271784,-0.4935101854264693,1.102406338793367,1.6996594359531378,3.8660725132632305,4.586558934497748,3.2236087385636196,3.4129498209145464,4.157599148289777,5.3983230996204785
-15.362986547883356,-14.255006602291944,-10.935069860944324,-7.26986934070897,-7.763006303493733,-8.439735976321652,-14.120729607239095,-17.187621694698993,-13.079892123639882,-7.677901154061289,-7.698545520277908,-7.238050093195093,-4.387827440340591,-5.045514160601715,-4.623117293777517,-3.289269491840959,-3.7423280634357923,-2.3917317767750146,-4.111227853256795,-3.0627191043201702,-3.727938608749102,-1.4224311863439696,-2.573228781292974,-2.9149687200297696,-1.2954141107470207,0.3134638360892025,3.0143185461948954,4.842446739380992,5.612076986469299,6.590499542783928,3.9814052584111823,3.8813146410400305,6.478059157251592,5.452528791773695
-15.208349812425938,-15.737446215042004,-14.299143795379367,-10.554669948532629,-7.376868894392916,-10.147153145378281,-16.61005828702406,-8.747082086589833,-13.07475880573831,-15.284126082689657,-8.013985426513194,-8.724665587052762,-5.535352182256601,-5.70184480825332,-3.937294277837785,-3.81595195536083,-1.5410562703012693,-0.7031327700860065,-2.554643319178307,-2.8219663154698607,-2.160536505636272,-0.9507494258904212,-0.07127075421768583,-0.10914108709464376,0.664202019718616,2.3367580362990674,3.4569277284963813,4.309752965223833,5.594876529647255,5.2869351262527315,4.916193754956457,5.312209916830463,5.400918694373109,4.782314910096921
-15.902541876251929,-15.326392428462471,-14.818359130491542,-14.746920747473204,-10.02982691530338,-6.997524638131527,-9.93457936897661,-21.73538090419535,-17.0990014818266,-11.715083681195534,-5.56434171477147,-6.153473308849999,-6.897517567524413,-5.402148433445336,-5.080291668685346,-1.5131997646158926,-0.4458407717226894,-0.5340217439397842,-0.1022497076586745,-1.069841783170869,-0.052244315257719436,-0.15040664740119924,0.8050871536446694,0.5476809226698679,1.857391743028222,3.234580067473692,4.37525518711935,4.9812457285994345,5.216439726364212,4.681191037174006,4.2579083342194615,5.4661795304339496,5.851043202256322,6.186655275334796
