script/wind350m.json
{"header": {"parameterCategory": 2, "parameterNumber": 3, "lo1": 3.000054539987559, "la1": 64.9999836372058, "dx": 0.5, "dy": 0.25, "nx": 34, "ny": 52, "refTime": "2025-12-14T16:00:00.000Z"}, "data":
[rows 0 to 24 of 52, columns 0 to 33 of 34]
16.378132326313033,17.04135824310084,18.914835917087345,19.672204308889807,18.9012900476506,18.73468493668067,18.120824110139502,21.067508609446627,18.316086406696424,17.948077496760476,16.7844884063242,16.35893137134864,14.792214157239739,15.490766596303786,14.473705597922576,14.422620801792517,15.236117845279677,14.056852107041147,9.808511334019503,12.919296526715913,6.701703862037785,6.241603256965587,3.7272814303401822,3.142812321722664,-0.15960228182809852,1.1369291130711783,1.8341056456968456,3.6107830423510388,7.077892637225134,5.104940861385577,3.9959479609873494,6.0454544490308,8.136365086092654,8.77460038831879
17.282335248747792,16.831059748718342,17.28691084026844,17.035524565879594,16.986107500164078,17.507343508803025,18.669324425818274,17.131714820662967,17.28851489726339,16.789199389235957,15.721152217750085,16.37269747366328,16.506515788053647,15.771176034181831,15.89466030637468,14.33664307722494,13.801337188997406,11.529128596672015,7.962455903249329,7.222179498924231,8.978187924720753,8.037549606690286,4.053348744881162,0.8667704702390922,-0.9280612314372794,0.629429321189708,2.1191603704569193,3.6604829217765618,4.775956352354551,2.007677504237265,5.2816277360630375,5.33511993964345,7.373701824353229,9.610180092776572
15.265711275618727,16.749456993424737,17.22271637102222,15.777754363741808,14.76836266050671,15.34411216966177,16.288896204684498,17.54681834659988,17.4028206777331,16.103732064623035,15.455835790894408,12.358084939056004,13.752953373982509,15.13691021823893,15.295811411729108,15.141302554584486,11.695553450605937,8.011383661641327,9.2707020025874,7.495263436986636,6.644676139149766,5.125499024298656,0.8247925084354731,2.583043529166231,-0.9697579370135183,1.2574305225151026,1.3954622820467926,3.48871940202412,2.8185924090563717,2.628361967657948,2.8228415991577958,4.89014097751158,6.664791233930522,9.371957998281603
16.53818386320521,15.620777409933616,13.780074853653662,13.132371240518085,14.881331193091004,14.885314155099957,15.883169655666206,16.448734816590445,14.941569533097454,13.525329200198431,13.999689835753415,15.401574546976084,15.010202259837735,14.660759413994178,13.890391236917157,12.493943616036379,8.11132525986237,7.715346205488613,7.2078636272034675,6.823381845630241,4.8262374347581565,2.952050950859951,3.339625646255363,2.2083505549687867,-0.24545741442386101,1.1480962221320596,-2.1133778327624735,0.7343228067446662,3.76935318971107,1.931478918554624,2.9579402652190594,1.1547014871316161,4.21477613172081,7.304554412441994
14.753285057036923,14.294215263154143,14.38134422788275,14.23817963741758,14.578009940661007,14.92474502620401,15.089539334090945,16.638005701165824,16.039085167564302,16.413042665995338,15.76746423950595,16.62480913210324,16.096597505482745,14.065709174992797,14.491445508195282,10.086297789846117,8.695639653410234,7.654844528414643,6.204600554491931,3.6030112895841646,4.399594397964891,1.2473707415219253,0.5851193225591963,0.12582244469816423,2.055358173716871,1.765608131488222,-1.4917066834584876,1.688674330546742,-0.5583789639217375,-0.8437094496567156,0.20840044568718535,-0.01433487805002007,1.5452802935876855,4.07468753758544
15.644334176268957,15.212894067434698,15.007307167438706,14.33473307268748,15.102358942447045,15.646389832993398,16.076677803184527,17.443441193813115,16.556418032636163,15.886138575893513,15.351893303068598,14.29061885278593,11.995349633942558,11.654955826953803,11.126414717316056,8.859584467615326,6.746045387232851,5.981688020251126,4.388189087266497,1.9881321444306292,3.2711256479922244,1.6547863782743462,1.1323271464031632,1.5666833202645458,0.8734876021037383,1.2508062521326866,-0.15436504080659413,0.9435357225949179,1.020035668385938,-1.4100876173176715,-1.9648759557831796,0.4758281217474196,1.099147750241799,2.314146294489664
15.211743678284446,15.216449902242084,15.653848285704761,16.282138373614305,16.325647916030825,16.417919464700226,17.24256557702844,17.15267891898999,16.419286654053295,15.64467611591026,14.429942999491313,13.061242682365025,10.213112946693936,11.321312831832566,4.4734010137879165,3.0815719614193604,5.280481201691575,5.877640114217811,3.5414085690032002,2.8482875657182927,2.108990033748694,1.198913921507408,1.1028655430096204,3.0827519158767287,0.3100048891336703,-2.283323043232891,-3.4628018171487116,-0.6810537860376978,0.16203666970339167,-2.536049283693448,-1.7210876340439583,-1.0787599582318124,-0.8762986541804546,3.2103333487701753
15.694005452176057,14.985698487727928,15.293064194489537,16.458433636479853,16.080127295875958,16.76123999550031,17.255874196522193,19.235299985273887,18.550496394302492,14.159253164647968,11.342588122106774,8.809450807037807,9.616615156528606,9.750215714530224,8.681970792718614,8.155411414918802,5.267366075523723,7.780411587172328,6.009860409595968,4.203000245095062,0.9803309799457768,0.23569517296136447,0.7199976378564334,1.1292010230764173,2.030288128983583,-0.3127308424470753,-4.32152206839843,-4.679156664792269,0.8629892680763002,0.3316045959238362,-4.145018957718714,-1.573725416329285,-1.9220591855717726,2.2915036020911925
14.90781081334265,15.973888905601752,16.914394155840515,16.62920756350539,17.711583096941887,17.23972532094017,16.709075094156326,19.012965240332488,15.45267127143437,11.238757525759496,8.939233169321621,6.614271168149779,8.211047383888408,10.917220101287803,10.860764505745024,8.657675303514882,7.980449745993219,6.564274701350355,5.35906208450667,4.063289273681186,1.3989628140246222,-0.5395809165910955,-1.4559716016055024,0.6933883493720399,0.5102089646413854,-0.039126474727887564,-3.3758696911840387,-0.7401279613943428,-1.3448752205144832,-0.6696164778904067,-1.91951229608621,-1.549604883687216,-2.648675285785856,3.04574628718947
15.417953634168889,15.99938373404214,16.482231539525053,18.1090114522866,17.64483922239865,18.65498861426599,18.822118815852235,15.239228236009021,15.646700169371355,8.0969366100898,6.1473279306008095,8.007201321751673,13.551718343541442,10.712013345983552,10.257577227982226,11.383312860755389,9.617256981105857,6.871972691969468,4.656050445364596,2.3404428810423674,0.4898076996219111,0.3676140308564095,1.5158263297860153,2.1620342109502872,0.44477647835450207,-1.370396581276747,-2.833744312300395,-3.343910122948767,-3.2247892498196213,-2.1657152695769653,-1.0395087708971678,-0.19821391835725566,-2.568530873753758,2.5610120088165713
15.989060882362157,17.08016753896858,18.92839886119308,18.576011224783002,18.674938309504718,17.89845762876946,12.283697047862256,11.158510545249868,16.76583940413096,13.692975617402695,15.910993513307574,13.627148918419099,15.414203372268688,13.15081535457836,11.213023220835845,7.449208792574851,6.697856654659724,4.511405580319985,2.210393878307215,1.7983555025684446,-0.019019538882145227,3.424060167052393,-0.24853157214069102,2.570761109536577,1.5987862661816612,2.4946010491501003,1.2856396847472842,-2.2954330556025115,-2.5405666323595506,-0.05066518533388132,0.1744290238363567,-0.3427807606527431,-0.7861649449243276,3.4401427381063825
18.31060700324555,18.71443577079555,18.13446242728234,18.72477006669541,18.537840472194805,14.641063506172632,14.281972437649323,14.553999317750936,15.889505078842042,14.898364044438255,16.820691689574325,8.001700250752577,8.283849191212523,7.929858447391198,6.802530941841549,5.796318675448424,3.863215955572235,3.4112620106143114,3.5045500455923633,0.9033652280522659,0.5635767765660639,0.04526685992687964,2.7703684911595556,2.4325418795825926,1.175215365795417,1.0192691804760021,-1.0253809302810704,-4.459927138857965,-3.117201304240819,-0.8454893596356379,-0.11317408498827812,-0.6595793612178565,-0.11903695173601765,2.509729480663681
17.56034542394451,17.385174479924576,15.76364810352224,15.95106969480376,17.3487480255872,14.938046046180231,13.63256805933232,9.748853065007717,17.850732570095623,15.537580079616527,5.892311926640928,15.69632661561314,12.45277656993094,6.700052566483373,7.930402883008533,4.563438676183282,2.7290327303242043,1.085115466473634,3.5883813266013194,5.254679990387133,5.754471699745049,4.950070307232031,1.6026080747495508,3.271225648864493,-0.9189065599418452,-1.1024835557484252,0.22232326142008216,-1.6233296620718123,0.4136551599085449,0.46849110835937113,-0.6639088792015463,-2.8571550362619513,0.2778397891380105,1.8456686216464824
16.246786937695145,14.428773913121779,13.721313411990197,16.14930438098623,16.35297713797256,20.57885313565909,18.543148190052865,9.97318984716748,18.356123435032718,16.505241155272845,15.117681948214477,9.053976971867433,10.037915586046617,0.3305908156873635,3.8544764456096203,5.756581356305506,0.8690224597510388,3.3974002508844015,5.511078929734547,6.693080761560054,5.95623945795185,5.295615391554302,1.5408884416914483,-1.2141801761169295,-0.10550092822614374,-3.197201227424858,-2.2212300648020875,-0.6194503440305237,-0.232587777067657,-0.32355835349764733,-1.5555055601860859,-1.6084563665162037,0.08911102472190342,2.1595684801461084
14.415427966345673,12.97607759888595,13.483408191061258,17.511121097501444,13.72747212288198,12.550677091590384,8.80719976216897,13.449934024569583,8.373061922253676,9.325735889275359,7.20268722662609,7.244219928961734,4.042824142222529,4.276262658756471,-1.5169517885103816,0.11984080613425235,2.8892258103827198,2.4713617676596944,7.748335862817893,6.255227769067929,5.670224250650955,5.77094492630898,4.237788731242843,1.131242391439869,1.2255415255862898,0.8393971550147581,2.8360345185180047,1.3659148642390952,0.9223559853097955,0.9628083152117055,-0.27752576325983297,-0.9633854266518688,0.5127472723475582,3.6330403025860667
10.527335662343912,13.319168472898603,15.072371461176633,15.636732753518642,14.896280082754188,10.987666877694675,12.813468188544952,3.215964373089116,4.403013105540553,7.810288327367675,4.995007437938461,5.660939622116378,2.6435958009880043,3.0218321425225305,2.540244608506058,1.2613015771190672,0.6386439316004627,5.78610819271475,7.413972325371478,7.202938837789027,6.1522448679573785,3.8793809706280014,1.9392154643499566,1.381397528572424,1.6087198602457935,3.3367869203414315,3.7257475071741997,1.9984096209381508,1.6971118443419293,0.588862781188782,-0.2830509927906129,-1.2903519804734411,1.1362327628023028,3.690825318051396
12.07633680659612,11.222901947001937,12.40566621316057,16.453002964085712,14.558022282697628,14.410876736420814,17.03407982814121,15.946845498563789,7.3115065288171674,14.34413361570232,8.704258402269842,7.847032164553696,5.038499734948613,2.3425319262084483,2.375074916835237,3.023736448513072,8.501155964349765,9.139017427890646,7.540242770931059,7.855361669911024,6.663638627343464,5.471320096072198,3.0556418979522992,1.8561197879089113,2.663445246958362,2.5972949967622383,1.600695158200673,1.4029598526391143,1.8719637161520841,0.4838435322818156,0.6110708440048426,-0.09837671566346179,1.5067765412402747,4.406559027513732
11.80412726211378,11.51211126554508,15.851305187917013,17.043080420286092,14.791330238993694,11.212989071947712,13.864234966243215,10.803718071554696,15.186729432715735,11.49369958941051,10.193840078495784,5.706682954006892,2.80956229416681,3.056401740937462,3.848627547422568,8.411318312689282,7.427353009993187,8.982991447368502,8.843328407046235,7.431670226721989,5.230129926737321,3.1350064904549684,3.5739728852368584,2.820695659156014,2.843919564897824,2.4607480676036793,1.752229712498675,1.0133112445638293,1.926174182050946,1.6027732309742877,1.2111945341037489,2.170763424238255,2.4187459981386086,4.497660843534525
11.568602469632166,14.637859795416334,16.198760374625692,17.32879052376327,15.550295594120184,11.360737691633886,19.126094075138976,10.352059462011582,3.6636077014715642,11.233604582325144,7.172088086690248,3.816332225417806,3.941506783051306,4.218722403104574,5.665409589392297,11.564538866265277,7.4533289051868,8.389754034798393,8.478188840187375,6.246298256333832,4.0727279878791744,3.564830375072427,4.380751483389845,2.7542089033342463,3.6827390071983737,2.06874274932667,0.7182386295469969,2.145871783594882,1.640856607923325,2.9313835827953,3.875429619244332,2.938867985198173,2.873692564828255,4.624356630399363
15.040725814499526,16.91773561168009,16.168290671058344,15.681346661165206,16.61463608503587,12.768939135504274,11.928056627525354,13.305395871284967,15.597035166061538,10.553609338213262,10.590685249097186,8.560382054358515,2.794406950854749,3.5300212919007006,5.4491434838624055,5.709243264995334,7.993447776103273,6.50760728747693,3.2189061738204905,4.139803069832544,4.454441473695488,4.106269874311284,3.6454718258370025,4.331987207842792,2.9381066984995257,2.95820191076814,2.454568103279229,1.6094477464972134,1.759251579760257,1.256234892853837,3.3996603479525658,3.8042851540844933,3.549161449057435,4.3544251661268465
14.589322266150626,15.244214248436611,15.65823586773963,16.572680469628594,18.936689135541684,14.734396696337333,19.390717894946324,12.231707827997393,15.354225107553331,12.124034314464625,5.836003890978327,6.800444360876581,4.867038299584086,4.172791615719498,7.847382627934082,6.216395704610762,6.391372429545113,6.4837370684069215,5.696456916669111,4.497471622785757,3.27624598155842,4.563863653590472,3.264289500940904,3.2889744192489188,4.027328686197285,2.7688689165676434,2.0032603715010184,1.6375516350288122,1.5306655954057198,1.3153851498006868,3.120112928638567,3.003312310092508,2.689982667744042,3.3450989517707708
14.411150462128358,14.868168167893975,15.687008711661983,16.61971725675209,17.831567678857866,12.788834807794483,10.200570941702892,8.928811260421243,10.72820208384033,6.209709840538171,7.980931036344579,4.991940928483408,5.080005666860025,6.8133723991045505,4.113158879062615,5.339275464447351,6.852693242408385,7.498005888818211,6.1898241596979355,3.569479509607374,3.4705063623362866,3.751595307957144,4.08227142568797,3.541520465043816,2.548941632222334,2.235445766558124,1.1337468593436568,1.139918377148397,1.179265779184939,1.3314933184201314,2.156193468505492,2.507561504654844,2.0241870664432757,3.300836768816189
16.396641698800952,16.178073983605124,15.719407556712733,16.384383978113227,16.477478312145756,13.373218629885523,12.427007009607347,8.789144033018086,10.661558446575283,7.815568568575391,2.2562738517596475,5.074724445875346,7.067139604012325,7.271252704790049,6.639727239634102,7.34023885485915,8.178844310144216,8.141602886294045,6.611076328873838,5.234208506075403,4.0045941720070815,4.511388030161949,4.097963658803467,3.7452226980992713,2.295965395849501,1.3788052138186473,1.5673600393744622,1.781847088951147,1.428779681211146,1.2567017769352447,1.4763740032258859,1.9554163759430379,2.866987580691519,3.9143775955601203
16.15989851577657,16.27619475489634,15.359233586718227,15.543175802437991,15.583300642534265,13.997912579634011,12.104849956938246,14.018664915061667,11.48857257860044,5.387894130243351,4.530956395572487,7.356954772861207,5.43369385983546,5.5003186909818185,6.383361300994082,7.266408065693752,8.970783378067392,8.409006705988833,6.53023136166267,5.160190793761545,5.036766428123746,4.840867481317468,4.972291776576467,3.958901397704646,2.5068418722169628,2.8986319652187076,2.156272022703848,1.040067021205287,0.6426091128339478,1.054448033379972,1.551152624093927,2.4178746250427863,4.4682532373897,5.994138643805867
13.207592464796072,13.580652820329112,14.851003121701474,14.604172664991088,16.2276252063946,15.473695644019129,9.816155976421252,16.59314788868385,12.057984033194161,6.107961486838428,6.7515666318715715,6.215985964441403,6.727494556863005,5.158297356333057,6.427561732898202,6.688273093478192,5.908289371834569,7.533714618155222,6.640290103544237,5.469750017554513,6.032756628144768,6.3658639893125155,6.109808694551163,4.130931593729238,2.38497547330088,1.192112509371089,0.7157708986578846,0.2951690048097745,0.6893983915764749,0.8380316417703403,2.709413242553607,4.526463892160869,5.332012496652789,5.7437586830839535
