script/wind10m.json
{"header": {"parameterCategory": 2, "parameterNumber": 3, "lo1": 3.000054539987559, "la1": 64.9999836372058, "dx": 0.5, "dy": 0.25, "nx": 34, "ny": 52, "refTime": "2026-06-12T01:00:00.000Z"}, "data":
[rows 25 to 49 of 52, columns 0 to 33 of 34]
9.12224680056062,8.2436144412209,9.056730208252583,9.347538988372792,9.24074060873196,5.01858040081089,3.337493036832937,2.4588180655804184,2.580002265230862,-0.11889932757197987,1.221769674570747,0.7044136847060242,1.0296123213494195,3.9393314746004258,4.6318942165586146,5.0454425016275195,5.011092105332969,1.1011970255275325,1.2596560875941945,1.2072381723379157,1.9563176600800603,0.6959609300833302,0.8725535674894515,0.17843673755462325,-0.8484614230055522,-0.07491420376029281,-0.2768680844901892,-0.6558630748683884,-0.7107318714577355,0.15999708189546022,3.024472846232905,1.713121528337305,1.054907514255616,-0.6395160489459231
7.528654048934653,8.259789314079901,9.226873307140874,8.544256666560846,8.833681192089838,8.427725111702609,1.9910067896906412,1.3286671538029722,0.4529540360092794,-0.11843328635225658,-0.3550027694653227,1.0650439791244384,1.9306506368717236,3.74483366686836,4.812686891562277,4.209735316536889,4.20890981819425,0.9905306751339081,0.743071627930816,2.6773545351024146,2.1907639253204656,2.038586096508686,0.7463330102433166,-0.5890971589805688,-1.621266546533834,-0.9266995933251109,0.04769365062426446,-0.6206647970363635,-0.7174766337105841,-0.13379980831935276,4.149856310013746,3.203937404148187,1.0729727740020152,1.0740985310231053
8.794039196834882,8.510945940252059,8.337055515660682,8.862419720317952,8.678696329934901,8.070532757767253,6.542545236158008,1.6756916298629996,0.37697171757703346,-0.43794891301332006,-0.3556533364353341,0.34646775691753584,4.149276568720801,4.277833605080109,3.904493576768918,3.7183260215594465,4.141510497394103,1.3219650458710275,0.920162488271713,1.2909524610307215,2.4915277261052884,1.386439551647706,0.7458337164909723,-3.062158525475734,0.004779068592015295,0.09030257072939102,-0.03565979779784143,-0.6488790700419576,-0.10080155820898054,1.0110134924867364,3.578397168169713,2.7419730512953118,1.35765853095203,1.8831216167709377
9.45479543023094,9.033036642255716,8.504313161624983,9.23074149701081,8.200509372386014,7.597851468094132,6.268962184560974,5.6815248149989905,3.606541090752633,2.143519723033225,4.179278869093202,4.39966621449449,5.013896567823826,4.242590537194056,6.38872279036685,4.762536035721164,3.2265868136304037,1.9752521943606378,1.2271806783489272,1.4798117422023076,1.440951265998546,0.7249792059983277,-0.8547611006237226,-0.4689887571747817,0.06296309792155938,-0.530537140650515,-0.2169483285200398,-1.0312593173357991,-0.10950029420291987,2.466319650630402,3.1727391570266894,2.79791819416315,2.659687151839159,1.9934723955687292
9.282946171182726,8.129434229197392,8.974051542940467,8.869900399854918,7.493422954161755,7.051318159878994,6.315278814310531,5.9403555505955685,5.64493380387379,5.080255792703285,4.913595495306903,5.219649831462983,5.533893846444744,5.235378723519219,5.628382207049879,3.373029191228524,2.6953035996417203,1.9569701906179968,0.9838737428949456,-0.443217727460981,-0.31606686988772104,0.015425290289476347,-0.051253948884622084,0.7226826632027326,-0.715967973917969,-1.3671640941054783,-1.3177141496424505,-0.813117888465989,1.47649297377878,3.464784641756051,3.3467419648263346,1.5308506029829188,2.064820926012315,1.1880652453951572
9.44075349336887,8.2669034567123,8.778654347773553,7.7929348338828275,7.899884756562672,6.931780598276094,6.311964838733185,6.078803773863016,6.247330428319724,5.909575426921219,5.404982638251821,5.993379203669426,5.8362705362575555,5.165004769348192,1.5357990455183865,2.217241464235405,2.3181490646754397,0.7513686080100361,-0.5882929716939826,1.0140716538239722,0.6631089104513199,0.7857616630917483,-0.6248980703174983,-0.8652355623290154,-1.0929926785704365,-1.3923964011405274,-0.30798236133736884,0.13096072897808952,2.441065855515805,3.025240656158333,2.930287001835918,1.7862464194359773,1.5502562869521948,1.3847978549890936
9.540692429794301,9.440417302703493,8.614035905542098,7.96434156061424,8.331697329827351,7.1106063925402925,6.49344457116919,6.306019750400457,6.3609391537506985,6.526974673341334,5.7863040114455915,6.942303281712242,5.453766850763019,3.611374907381331,2.060839040113486,1.1397622333275688,-0.09007701810850827,1.8239519185986035,0.5603786295660961,1.158415773935938,0.6313420101302737,0.3587909627766781,-0.03127549416288955,-0.4491435679847591,0.6228208413924889,-0.11738990274198581,-0.9370780579980632,1.3051731422618593,0.794787426208536,2.9760380532972626,2.5401602822357052,0.8773166716329293,0.8799515662717674,0.5980902198316891
9.147886813903423,8.803601047955562,8.981483366455599,8.128599248667646,7.883025449730854,7.760213347133285,6.983406539683169,6.5429713381047865,6.174238525013711,6.152416586175438,6.2390490255285345,2.202154231641573,6.44100972771527,3.2629228891167603,1.934957169394997,2.9307529372234256,3.0884986565975723,0.7307527984459521,0.6048083476530963,-0.7790464814863858,0.01768442635024897,0.6090841388199051,-0.4905852510456075,-0.719479972272052,0.2909445234193918,0.3856365899646234,-0.10365329375971878,1.758632976872353,2.9991861424179174,2.305719346607768,3.125213426483071,1.787477906138712,0.9394537455290507,0.2438524110684805
8.813890782929063,8.938538021483396,8.576069704105597,8.135666294460176,8.199772593566358,7.0184026608709456,6.702220748624328,6.680389228191375,6.059589063866512,6.255164525099941,5.834903775407294,3.3937834619522182,2.5370570123581992,1.6286692704087913,1.572577463424911,3.2452367958203476,2.790859999033585,1.472760754384749,1.0877277622424038,1.301283576955892,0.30606804908311247,0.7105216447386093,0.43268161932884,-0.03022447774960691,0.12163843397700808,-0.40204344369875483,0.040602124377682305,1.3355068764695839,2.144882281731372,0.9179590598573998,2.7210575219228126,3.6018659845067527,2.9629191666104813,1.6181397038226808
8.961616700007312,8.480861552229259,8.416596918047997,8.365175728634771,8.319019393296914,7.746437408106875,7.075946362291912,6.9822906183162186,6.346000775936911,6.259942587882015,5.835540230894857,2.650329551610715,2.2803432795369294,2.1495760328627487,1.6466086598746374,2.3129429532660795,3.199188323134042,2.375117614681436,2.2595147942032896,1.8023268460418114,1.0618582729456678,-0.058208253318489535,0.45710273545254876,-0.2267601579815321,0.025977513850026272,0.2616006796130063,0.12503550983814454,1.4401863800136254,2.2060986304686736,-0.053024255621724914,1.3874512146718068,3.1438991508752596,2.9073343079455465,2.1405470695962747
8.649150732337175,8.49577614487698,8.408571360214504,8.342005926549403,8.051678703181953,7.823966259581613,7.369097063671471,7.446240484901009,6.835065465357613,6.266796732136332,5.76575787865024,2.2091877673051226,2.0970920121335612,2.0629711103141717,1.7999624589517114,1.928714894412102,1.8308638203959866,3.1806922495817997,3.472958951010959,3.009538702302336,0.0473329236966088,-0.020465061234867476,0.6109999222760597,-0.30957556094517225,-0.18636165027666915,-0.053227370502648946,0.016049927639942212,1.0304252738622297,1.8301772215712262,0.7972441263907701,0.9040243296608841,3.691371595024888,3.7092201506433753,2.239966189241233
7.259898305529879,7.859692292279197,8.177985055533549,8.531321785899149,7.752522149942383,7.6966376153781235,7.214036191195628,6.387068085290315,7.056899181230751,6.745318503843813,6.38487888911068,1.6333457589798135,1.8123557754353399,1.7781805607315326,0.5443467959948007,2.3064307041906056,2.815916534145242,-0.8220140634823039,1.565607090542397,1.2046361636532004,1.0104417881726544,1.1161694667488216,0.3060271780747817,0.14490687425126209,-0.9855201604447281,-1.2827554662810274,0.1482879340362445,0.39828630528792963,0.651605427774291,0.8106686760667023,2.4135525406831912,4.134788764561513,2.8520242138529692,1.8072329772097266
6.90993544095683,6.837643230936176,7.861805386393638,8.451816690628558,8.117909579221212,7.636677837101217,7.252546767653147,7.361925769781878,7.675538491649871,6.647289435874269,6.535008057288058,1.6097195075067556,2.0394552171889413,1.3495618430823588,-0.3913845591478141,3.9268940180449547,2.1720786604023328,2.2785235508764834,1.5015488418767002,1.0945913576941544,0.5550532382894993,0.580164610003458,-0.33844754629063484,-0.28986482113933326,-1.7201023628988277,-2.3543549463743503,-2.2896586363946474,0.14725378479989673,-0.022546145348511897,0.28899129172721466,1.7735338852359108,4.393204099562608,3.540045007264791,1.4551449724980223
6.431586215204563,6.325093611567464,6.832799774919589,8.506527568767002,8.218651504450698,7.723160014402766,7.548108627432548,7.470461955868313,7.319045849062344,7.290291376229893,6.502366142880211,2.0401202494334383,2.266090516970443,2.484317582022849,2.1249823469980935,2.8812397385918707,2.325973630672795,1.2376001162300638,0.9728241270441488,0.832819897059215,0.2861279684811155,-0.18278509810285393,-0.25533100063710606,-0.15437245170030062,-1.4652433481721874,-1.1565358708572069,-0.4830600500938935,1.3758023644549546,0.6324500367445022,1.0594592830992204,1.3791476089109762,4.8403966020582745,3.589474226546944,2.106072669884804
5.815931109141726,5.546110430155093,6.357089640287827,7.937791713428108,8.099383024213525,6.649521028800444,6.39513720509583,7.766135579169839,7.966877273473489,7.031729615469547,6.841027047789883,4.903201738456691,2.6732200199679346,2.516182354258874,1.9355910555841183,2.18247139814239,1.5076658998283023,-0.061886297980838084,1.5768164694611178,0.3111850883399952,-0.24286882120974934,1.839849423810115,2.487543075392744,1.5491341698128918,1.755121796092286,0.1379842900096689,0.05976431130801765,1.2507314463968648,1.1977827414445459,2.0406064692500143,3.7537865874969043,4.787011025836608,3.984168808451461,2.0730706578157396
4.981667937615902,5.101514725342641,5.066731479633487,6.212532966145708,5.747305191683036,7.552096960079984,7.064711381878451,7.4397527413233195,7.737362916967037,7.1596437269807085,7.717914755532454,7.4199487641873905,2.681330347413819,3.1389435369879126,4.857791214240298,3.0125418227050367,1.811302735425017,2.0201222404820034,2.0341092898437845,1.807593987740543,0.5417912226391477,1.182516453735375,2.4447149411415277,3.172790391411782,0.29935479064687537,0.4608331906195627,0.3294995016529005,2.2729997876334083,3.4751243557878104,4.253875941156047,4.714627396558495,4.170756688072697,4.2241991214846895,2.719113786817569
3.710181619254302,4.378577250620852,4.826496503269546,4.581289873106668,6.556419584697354,8.341010779110018,9.392837885578183,8.474240237177474,7.870315727311079,7.853699136898004,7.800522388777759,3.578907571643894,2.220113979684404,2.1459345754000743,3.9088840109383685,4.333406769260376,2.940223901680336,2.193047421094953,1.1019082393497466,2.0930587826468234,1.1953026406587057,2.9300381461079446,3.139170465565307,2.7851183578285412,1.6598904607367753,2.051192215051602,2.0596988299595527,2.875044663247004,4.693909749619411,2.8212037443834865,2.3888132246504217,2.3794832170181714,4.870723779476381,4.178943033236849
2.1194447702242285,3.6823129708318056,4.1521793133887375,3.515949317380854,5.527697903964759,7.293980886736269,9.350982135197954,8.837502742653172,8.097221205886349,8.725927991540297,9.053363085712295,5.79787255040037,2.264367195637192,1.5117601460814556,2.6361552067437772,4.3000611756388825,1.779336188974107,1.6596694868296782,4.807266238471783,4.786020933530766,3.477531246560869,2.0848664274852506,1.7578698901066203,1.0220075238236284,3.600239573504556,6.443778044877412,1.6473617770092248,2.603588157003356,1.752532355559194,2.331548993610632,1.4421008850670813,1.2387241130388416,4.025818364832575,3.622903177803818
2.964461609736297,2.6794177617823034,2.4507829604741462,2.4127909100382414,2.1836240939887412,8.03603145437375,9.893819324420956,9.491875867574946,8.72487068752691,8.52037127036524,9.017453351650644,7.890866355860315,2.943148162587692,1.0192271925228944,2.184114440871939,1.4421736602882893,1.4028636648837394,1.9166049403083774,5.253253253809739,1.9769221367411685,1.2731733183191156,1.9137199935558238,1.32837644503319,1.4488739311892251,0.6477606549195096,-1.7664542064645767,2.7741857031779555,2.296863768244637,0.7863610349327491,1.190949085088765,1.4881091162655216,1.0459551129427858,1.4990564544922764,1.7526238386546142
2.653589503872578,1.947264128748582,3.302566510359024,2.8573393214864753,1.8557343997516669,8.779523301689906,10.417845972741206,9.428942424084447,9.682171893221081,9.253155994407061,8.792852756509243,7.45530655214841,2.2062941448895588,1.555895016859318,1.3413143419489175,1.6328139852922057,2.945684978545809,2.2069520782110015,1.0640816310217383,1.9978914143050694,1.4907391777044618,0.8835662974138864,1.2015188844182743,1.1520220156193073,1.882194746716733,2.8065953046307004,1.9645077642532827,0.9948777764452452,0.8775066978058046,1.0273162204919704,0.926593702951392,0.9829269023703445,1.6753597584421958,2.018237019866519
2.314158815602976,1.8688058377285859,2.536535260842832,2.3178601708171014,1.313715712492468,7.140714613429317,10.546900514311803,10.321189688402821,9.537700231603273,6.273164427847126,6.044291648669362,3.6619283435012058,2.2807610362013326,2.321626731236947,0.9909984737287724,1.9165406098036761,1.8901832973365071,2.1726913175198845,2.6950288766626813,1.6857549088205066,2.2234990963403125,1.2141413214493972,1.5499151883337159,0.25409518016482463,1.2904685254369455,1.4061735745742552,1.7391862716246986,1.2380321764388258,1.1137686798460589,0.676248836384307,0.4758809028490419,0.572925275601269,0.7960873514348887,0.6652769114234092
1.9604353610969534,1.7902569864206532,1.305864585914062,1.8644531936407374,1.5529181441612867,2.7069572155579684,9.851974837080869,9.198507725604637,7.927184566074993,3.4990449774948167,3.6676680694567994,3.655917416081844,1.4489115266835455,1.4502872159587816,2.2402273281851914,1.711641467970336,1.6646764781632086,1.3617038417892156,2.066546188628579,1.176021041212839,1.8892838654231918,2.194207798549638,1.4547607394828583,1.9753670663672953,2.146146530834871,1.0475979306772296,1.0329527516810748,0.45354397126026513,0.891520810071221,0.8282590505834909,0.32626469168769334,0.041118552479134735,0.5063584493765604,1.2504800273427594
2.1656170623202713,2.0822400040187303,1.4512403440282744,1.3758920515086477,1.5654745145213993,4.926086441975278,4.848939293773816,4.557371018142128,4.190620903160083,3.595341856853343,2.756232655760081,3.3583576991959276,2.4341772036192877,1.6229840208290425,1.6008839684391272,1.8680615737663713,0.9886427580012176,1.487586750991411,1.22372132855393,1.3220878264701532,0.18182851446113807,0.700204549681291,-0.4864890064416413,1.0904750301180035,1.3260459176102426,-0.2847909141271285,-0.8534121223726223,0.2109407397150558,0.26213459869665784,0.45442401426926166,0.056794673297914,0.6068461121379418,0.2784789413206114,1.224630027669669
2.888512263435912,2.462811212535702,1.4884955836358191,0.5540417029992668,1.4505796292446065,3.875373832163287,4.123631876816231,3.838714219842662,3.8424272116584377,3.5950917663758846,3.4855217308427187,3.3137269412140062,2.794813749950414,2.2309506420168854,1.5579254416426547,1.760658620194783,1.4079454930651902,1.7031635807012981,1.3032128175388429,1.0679874757666439,1.239330112985259,1.0344100520373878,1.5933285527498704,-0.45044546435431837,1.0418065215278334,1.369037465534818,0.6324284874916837,0.6293688509432408,1.339270570232986,0.6181802669416614,0.053167102754196456,1.7195093106316526,0.37022538895726026,0.14397115592829446
1.9101398497592492,2.4807206561559436,1.8322665933508215,0.7653354277787546,1.2116566280777386,7.799117324972213,4.1182890035891475,4.3679477985841455,3.957544522779462,3.4777460067813615,3.5946479286974666,3.1568008067369884,2.6867770210891955,1.654395287071516,1.655453565811465,1.3286080359915273,1.7373281442212738,2.3813820486655315,1.8865469055432336,1.2074565265274586,1.4726755814255093,0.9250722782924057,1.4904109545985347,1.978868004391967,2.3915554147961253,1.3539469886863684,1.091746212304797,0.6224146511725718,1.2269501977874808,0.1914200378683248,-0.35090151882901865,0.8480155819153721,-0.13769824390797122,-0.01841462312399511
