script/wind350m.json
{"header": {"parameterCategory": 2, "parameterNumber": 2, "lo1": 3.000054539987559, "la1": 64.9999836372058, "dx": 0.5, "dy": 0.25, "nx": 34, "ny": 52, "refTime": "2026-05-24T23:00:00.000Z"}, "data":
[rows 0 to 24 of 52, columns 0 to 33 of 34]
13.003710577564357,12.81975309630205,12.105255213893477,11.954674580807064,12.247812273071805,12.08505150365212,12.448930502105506,13.063638583174944,13.063149749651135,12.239057050648793,12.42227745507743,12.058284276324573,12.572765850962508,13.651579891731886,14.085435805073601,13.639866460258782,13.756999558797707,13.220913867438805,13.364340928112513,12.124832427962506,19.27293004663503,17.383929499597006,17.46278172641496,14.793889075033658,20.0348394171633,7.987962550572413,12.06663248720661,13.194810151291842,13.506717379081092,14.29584288435559,13.025821928203827,12.59651963940539,11.830019744908416,11.589753051165298
12.699977565235379,13.010823203155967,12.745734387348909,12.17157504768085,12.70478455306069,12.557548145885642,12.623930669674317,11.940673636821886,11.833296372545501,12.314791483032623,12.531791610115993,12.23139421199169,12.862047481511311,13.298700248938358,13.395801909034507,13.50348319575045,13.359381455993873,13.068503685656156,12.977582020834388,16.51494488971272,10.413800636701023,15.119434168697703,13.202699181301442,19.014584309526843,14.949349051287623,16.835086498246522,13.571452828166565,12.348620163911637,13.857016977929595,16.861519755807013,13.935642900381554,13.518314462587929,12.807357849166227,14.004008929445902
13.089082902475386,12.455249126501782,11.453947350829953,12.250428751722719,11.731064271105657,12.164611462927278,11.089322493130533,11.441515217429677,11.89252059271215,12.423588903201443,12.507519368463102,12.953176448267937,13.470250028541889,13.84280313957694,13.826827536732107,14.136858964624631,15.552680608187364,11.831739521742556,12.005264154118981,13.31844488717814,16.628563111395245,15.650741813995115,13.578031077742468,20.34143068959856,14.251602844424099,9.29725894155402,11.80460578421172,13.055414546877417,14.291734614264152,15.043988871993358,14.79608985327055,13.603626039016603,13.139222215001519,12.442907913676873
11.360165086218815,10.551632499008626,10.260918488418957,10.382116544756798,11.259198412736309,11.595608086112248,11.464260477829361,12.3083876376296,11.916459987295308,12.478780509034324,12.588566066010113,13.743461945111308,12.97208392390876,13.07646472724377,12.858697936343695,14.412220804973304,14.23417049593513,14.946643905057543,13.076028242240788,11.709572189760038,13.727815761726239,16.0281132729739,17.173099664348825,15.51820486863675,10.092672488443547,10.117559413803207,12.209755168697033,11.209232452532332,14.514706971470751,13.1769726850914,14.558655987858003,15.482464892746606,13.460691908762612,12.622127084639525
11.020938144168268,9.929721992415773,9.794066199697054,9.853523074501199,10.412301123964273,10.77222679283826,11.408496406861557,11.521742322997921,11.98592438138119,13.201823717530015,13.53373808645617,12.637228165122304,13.271475626195446,12.47517361754855,12.18171189796481,13.16898766996118,14.140457900314699,9.049351225331648,12.57368458839028,16.608447547343797,14.48060540346447,20.794057359231395,11.615425296478076,12.865460235726538,10.399110130046923,10.36507914612336,10.099798745476646,10.681960706258044,14.740133696187273,14.543462377837896,15.069605832984104,13.685155723285398,14.979934166022922,12.888335945300527
9.529989591698461,9.919623627105183,9.90911564003522,10.325809476320098,10.899659188854635,11.003598740639744,11.442621556683092,12.452341673852079,11.978642329238136,12.948874382556493,12.732928815487186,12.990405774456391,12.585609866127813,13.240720853577882,11.25124690280198,13.065333517227916,7.088015493008825,10.054543217262225,14.455823371300605,12.612929044107714,7.749203559344089,15.989115786133967,14.723208363154688,11.57866968546139,10.736796719776008,11.323874336136852,11.209581049485775,11.23278824725111,11.25482669740511,16.661896278714913,13.942267494980326,12.592023583246043,11.765850130652536,11.885529063821936
10.161447213051982,10.107353976985568,10.400147310721755,11.186340377690279,11.392481300482142,10.741020354463021,12.065042136467717,12.58301646501847,12.69930128747432,13.030938491147385,12.478130006240887,12.820506172710186,12.96496400342657,13.436791402092348,8.905271779634823,9.975913140113366,9.500935250641726,10.117648660062702,15.873101814017463,13.466227986239085,14.77418238192893,12.60738498826638,12.521754165566273,11.071700512228519,13.845904676244992,10.147769768712696,11.941062760225197,12.192713892531536,12.543153477948875,14.47956275527758,13.098005452291114,13.29540300510525,11.773559383837473,10.123341125689558
10.813943332146959,11.139085806874952,11.255550162455243,11.433457320161617,11.26063350157943,11.355348098322038,12.109732342109776,13.128959728482922,13.2304164463957,12.254416856940457,13.003772201766349,8.039977769468724,8.690823483458638,14.977875832090708,9.440318859512242,10.201477729544926,6.739773029116752,12.95879424175912,14.909609202805154,14.034273656319979,15.864844966004569,15.347765086711235,11.88038314023678,10.041844600201996,10.977026644598014,10.959259283109702,11.977333276178674,13.101906370941814,10.611568796032552,12.523419750505038,15.289459908235434,11.959913507334095,10.576448849859853,12.701758428767063
9.270831469776814,10.429607329714186,10.841772005319873,10.753674264457702,10.094487630892358,10.521553818290014,11.651054806504765,12.042189059158082,12.243448022341866,10.620238990949145,10.070748869015107,8.155337747508781,13.026527999636212,13.33710478544043,13.62633163249641,9.831319566500063,11.040968244240677,13.159777018518687,9.82499731921597,13.519203685670528,11.655106439232688,10.771862828057053,6.641466393705895,7.987801375782144,10.25935695804231,10.779480451396958,11.166662393709858,11.095774324604731,12.05330459196926,12.204023693741997,12.903675767739191,11.991326545818609,11.723286970422874,12.52744801440284
8.960736280792618,9.874866728041324,9.809951190786325,8.603546033651552,9.38214477936942,10.517342480105528,11.23843074304594,10.492513783717412,8.128495536970222,7.664245637721825,8.907159704091512,6.224133696728044,15.11656102183004,17.9767957159626,1.8302333286485792,9.977012877875149,13.47881642873384,9.108399413869035,10.874278694642024,13.450610133860256,12.863141771248877,13.438348485587275,10.257744506059755,10.941983167983913,9.398872968103063,12.381837354170202,12.829139392465576,12.137912221298974,11.996925251833579,8.715922122547132,9.757577357014712,10.622481473576544,11.419266789420124,12.08095157507219
8.863653556276576,8.567374345658155,8.213983942641082,8.893802202514689,9.435052619903283,10.191459888102617,9.373818522804635,8.51371069196921,11.269030865668139,3.078320599156564,14.72966362209212,6.981780658485288,7.168619641492533,16.341363870586225,5.397234518103238,10.496537057446247,6.853139315444651,9.860612651111124,11.726941518897528,10.386132958589497,12.806776821206086,10.011338170866107,12.491591558377499,8.989669842073306,11.702825828400558,6.479052228611599,9.29610309632509,9.088320335907781,9.753830867626423,7.692425995858338,7.549162509029515,8.51192705194691,11.005230704543555,10.870198494631007
7.911973925076511,8.444501061023727,8.612290680345755,8.439718173292235,8.482184966962205,7.549836669069902,7.349582419694147,3.4108136218019927,3.7175861739827294,7.929954037124828,9.92001375862406,13.866279961128381,18.40126458855861,17.39784017477157,12.737699441705319,4.840729345947355,5.774391455519334,11.45849399261166,8.426432417229496,11.210221230295627,11.678829477223283,14.948494335104147,9.444757265742986,12.063362225902237,8.52830060009225,9.015243536435678,7.154304558337381,9.126858409648332,8.53934810632705,7.346016213841137,8.500698261638039,9.149533236679273,10.022620860142885,11.78293174025265
8.845678932110301,8.22235155614961,8.032088409379835,7.680474136275719,9.000048924207402,6.506022808944936,9.523837483727148,6.231072767970152,7.5691697152744375,16.42234060096023,11.836316952183846,13.888611023159616,17.735722084439146,16.984232028388764,7.818850575779474,7.440557893978602,4.362444817654768,5.702769344655998,8.915372372679434,9.181984534686123,8.337863200198823,8.246375131651908,11.631213342891147,8.228714617939577,7.713020114118847,7.188131874900008,7.539159484141843,7.751548670563301,8.174579399529193,7.197472793619276,8.46981828630302,9.418225013454029,9.98959293448899,11.157675520198335
8.161473768636176,7.268583345929571,7.1236925423975475,6.713632795512501,7.849798783488268,7.907214298820294,11.304766403552135,3.300828482913632,10.91124769014365,15.114651880533316,14.483079743191144,18.21041808241539,2.721604961368954,7.663532554069934,8.455500437112335,5.017591707364939,4.995589712181597,3.0784661911568416,5.442051280836605,5.421540783620671,4.8845907324438,6.6047823647031825,8.673783995189355,7.308322846233635,7.606341993921937,7.918599177262996,7.571129598117919,8.276929952338683,7.780786646270348,7.767782300486002,8.749528501024317,9.392720876877855,9.30638003796387,10.886559567409826
5.8521734944506925,5.25282816893666,6.491943165436013,6.683326808016312,5.149404751713433,5.463885049307989,4.875367464477559,10.795460028903708,9.735743440419808,10.127805540855814,14.002279038100452,23.754568564683794,10.154062850960461,12.047296560660453,3.1641227294052383,4.883718302252453,1.0154550340234916,5.2416560100899785,2.8513003160338073,2.1156546674795433,4.103966923248616,2.146029257539994,3.596002341473857,3.420063742162373,4.6543986702849915,4.704329183783103,3.8614752684523217,5.190106469287231,3.8889794958544575,5.107437195442868,7.260798718118736,8.452363728891331,9.341056816600013,10.396174405851257
4.857677264319681,6.07260812923754,5.251870039190463,5.003859421389547,3.9884478886999255,3.75974997667311,8.010091556175421,3.3172905117814317,8.576670946873813,11.972743427157686,21.015286802171634,25.98247979984479,10.095575758461461,20.933898392827075,14.049770447777302,9.032230796967212,8.628081681670107,4.905350498394858,8.879673689173211,7.986199041943482,4.723277513927715,2.160324488733982,0.9848068133357261,0.6521083997535249,1.0841307013957555,-0.5945407629947571,0.9352037755695993,3.4574594571539925,1.5386519319694938,2.907452705754412,3.0563256968032433,4.015407546396237,6.413294862588563,9.243437097391922
4.959898201278547,5.911245600792673,4.66366173184203,2.7830667516790797,0.70456568577742,6.236363262934732,16.052753594947653,11.234142796000544,2.2099946652716795,13.755773535421271,21.128002308587607,21.914474426282393,6.774917408118478,8.79478224301972,8.061168613773232,6.249036000284749,9.851424971543157,12.636203862972454,11.162355349146052,12.307018648066455,13.570548292057955,14.393504054786876,11.126090542233257,10.71411182152064,8.69800487456856,6.150841820825812,1.443721312430036,2.0423078514576627,0.46161532533370075,0.6704400509524239,-0.6821763760855737,-0.7784239429562306,2.183780744940694,3.577161243926052
4.522520332777382,5.244135072239003,4.862139060526911,3.5369979165510044,1.5410743868610972,6.045630147725333,11.605501147203947,3.1170224014685424,17.6336150898257,21.38470017567155,21.59722876439356,14.562733272394556,5.879866639911549,8.923254083687445,11.378655507404304,12.079072900144917,10.112861413082056,14.051670095595018,14.00660785869668,13.081065951083747,13.255042492267291,12.66018579832468,14.181100206969148,13.597470694536398,8.337046329840426,10.718092844631466,8.799915533823714,0.6169302086548833,1.808896985661806,1.4874470285231067,1.9651519823731165,0.1791893982253902,-1.4827990980538295,-0.015560006428698012
5.60572600612627,4.8546418137744185,5.8405604608749115,2.6910110954653965,1.6017986869589016,4.767650189664561,13.648595929266712,13.049033031221706,8.371032534407313,22.9413553439119,14.440913374746458,15.79821497139382,11.503835469894808,6.528664257618774,8.88482507661889,10.08646485616406,8.695189225128658,10.928703334332809,11.146894146409315,12.160655105652614,11.430921100800301,14.070747431642445,12.953080386195206,10.367029150242141,10.79349144085281,11.753486065059128,9.865974348268614,10.420095551827695,1.9506667780878864,-0.2768651821785405,0.9562610024973879,0.11944028167989494,-0.4243871758740245,2.2663029899283784
4.301460439795192,4.050289878563872,3.606524213417695,2.8505226417855005,2.5220734046510995,2.1068942705922904,1.7784442873521784,18.185398211520432,17.561336353643153,21.12819388149007,18.075159773712144,16.338941076175626,12.602831038471223,22.25207224017034,8.518465381184031,11.425313938561574,11.646910481839695,9.460342062522466,11.962395310760856,12.858921564696237,12.904363422595518,10.729172741659024,14.09696980905484,11.072994957673647,10.965034787794679,11.795724632054092,11.306776242208533,12.54391386125975,9.667787132547291,1.7197485389252316,-1.2793919532339386,-2.434199972307943,-1.5741892784638944,-1.9467085483206024
2.109273835481909,2.627184508685211,3.381593301333105,2.767358075188572,1.8359776609004033,3.1268831426315957,3.02816504726548,10.18140061558745,20.05434900697146,19.24549579517843,19.6284524488744,16.9148523548004,13.61061557632494,5.691486292084605,8.942449746728817,8.91415354080956,11.447389805944674,11.913537251698864,12.229706171514742,11.310925713732773,14.491316011356227,12.3472568091865,13.918661952641424,12.171845450790252,12.301544445500147,12.154319477606709,10.41987721768503,13.212343738441719,12.827271891491135,13.861534286644746,12.601386256168889,8.258148052005884,1.1869608702087835,-1.365242425990144
6.122162795417332,5.164278789081143,4.653590206866442,3.86648172982515,1.9214508764415354,2.7341809856879413,4.422408134005373,9.191622940295803,17.240505170679807,10.802279674782044,19.415458670486593,12.32094543079346,4.6577745060843085,12.38019616699745,11.55447715281082,9.10804847057678,11.120360913579349,11.91255090133248,12.359793337125689,11.779441132645804,11.5686893324442,9.672591219051617,12.167631477752334,14.161374128711342,14.135114339352782,12.133940596546418,10.978739017037977,12.514586701728563,13.87354554230897,14.603547550850433,14.863605123370748,15.334083224014009,16.397369070857657,16.72207747149496
6.728980051382331,7.345387317699471,5.38829880189454,4.686913434530291,2.6102095459095183,1.6356557460455883,4.975275941908539,8.579764164774504,19.089985938995106,13.097440498034787,9.75598276168555,10.914079167616682,14.173193374063604,11.805915316771348,11.67317671030959,10.083988505702026,10.73560533995163,13.545608398547198,11.172207097530057,12.591441616432133,11.902045338097441,12.715230778566372,13.533299002431239,13.139586444262205,13.576964539793874,12.819238422600925,12.51767705087775,13.958815792187615,14.265010775956055,13.937228346250087,15.244980824105733,14.160857124368974,15.795767010541041,16.207737519761576
5.2726290852691085,5.424514244229017,5.3826056752623765,4.165258514680907,1.8741843361571668,2.3498587300103573,3.924672350191468,9.33059683012384,15.274690846178446,8.558150757412252,8.473304297589547,5.502249439036515,8.43725773218901,8.966231748849498,12.766489596711622,10.806423496422827,10.384327461685897,12.190710779049542,13.731079244489923,14.36151520828233,13.422574643643188,12.87877864492943,13.077772054697055,12.300466541044237,12.338527027822774,14.475529780579965,14.552834274594078,14.481753776832587,14.833458205379966,14.89264890487674,13.533909846239279,13.617605500792887,14.925543345576285,16.353136371797476
4.338101356806613,3.3848987081089894,4.011200066596685,3.8933187689041198,2.9764502053672404,3.1631505111107088,0.6122504666404585,10.979219122046365,14.481250310435962,7.799995573129471,13.512913826092477,8.946567954823914,11.429929844399469,11.34824927014547,11.670003399388763,10.838339075605257,10.523298765355225,13.849103601228519,15.696252086475596,15.252705707793725,14.767989039777117,15.509964217929623,14.445970062688875,15.501152011574991,14.7897581236098,14.40077827898681,14.199508860692426,13.494111997619951,14.29712304881773,13.068387288642258,13.518154575588307,15.49088888048337,15.937037696665836,15.671776515724819
