script/wind50m.json
{"header": {"parameterCategory": 2, "parameterNumber": 2, "lo1": 6.000198445256149, "la1": 58.999992894266676, "dx": 0.5, "dy": 0.25, "nx": 22, "ny": 24, "refTime": "2024-02-09T13:00:00.000Z"}, "data":
[rows 0 to 23 of 24, columns 0 to 21 of 22]
-7.2245215485740575,-7.962105399629395,-6.530960675705897,-5.315649807529185,-8.288671199970246,-11.184118689069996,-16.61546360737262,-10.33709863333877,-15.842553447697275,-13.383952817029156,-13.501904108507564,-14.36493120746295,-7.229247520597394,-13.142130711707923,-6.298773836803483,-11.49910448727655,-12.325979581211726,-10.679381094950939,-19.865443302476333,-20.338311960778945,-14.22357474098123,-5.619203032236219
-7.503096662579707,-6.484128903391674,-6.382153705271761,-5.426223028246524,-5.595896640577464,-12.386294445309304,-11.908618012848724,-14.185541847412049,-16.28340907851764,-11.17321415540769,-18.886087143941502,-10.164523666497573,-8.780972296936065,-11.223027166647501,-5.993325786600857,-12.488368117705686,-12.234366463041122,-20.95065353731552,-4.7241982540147145,-5.363337000234282,-3.347174105723125,-9.322699238669847
-6.855055819663403,-7.08729437189998,-6.41412691158033,-3.6653803317302778,3.6211982781048913,-10.653634623953284,-9.65661737703299,-10.464194223967105,-16.18508054029196,-18.245044778818965,-12.952143169568862,-7.548874639228924,-17.872123205559603,-13.853386169544287,-7.756236782230163,-6.696292088527851,-12.442784980081344,-6.051564150808725,-6.25640845254431,-8.913967298025064,-10.702088819384379,-8.765351083075036
-6.897752316148128,-6.924062642934432,-7.153284866083251,3.9786063727225,-13.16091572332072,-14.478520455081345,-16.14425505209031,-10.630205693375888,-16.636387859087566,-14.178968208440223,-11.733958942678036,-19.478648835254226,-14.616751893052829,-8.852208998327004,-13.229759194390716,-6.928694541968716,-15.983081110183967,-5.231499466821316,-9.078520622448032,-20.17115674673899,-22.10442269725274,-4.986925457825275
-5.693890589820269,-7.785161758760146,-8.223589968366003,-6.250267690531796,-15.0470403882732,-13.686506147650656,-16.005450873250847,-14.893379862947723,-16.595690906596747,-16.95681860329318,-18.62336248149347,-14.324683733287344,-11.589971549541742,-10.980073836897589,-12.395302483555565,-7.494458591118546,-19.868718448789632,-6.508793442001834,-16.718303538797887,-4.218228973706426,-7.806457074903043,-9.112426684902234
-6.378747656497347,-4.788239369095147,-7.703463013095067,-12.892427950864047,-9.7801315865577,-9.94414012464804,-10.887972685109396,-10.37501240625158,-16.167075738855257,-10.644860102454105,-13.671819304455047,-7.563508507534552,-7.161940062197652,-19.80589759411046,-12.079607406924776,-7.4208361405744,-6.9122750295562785,-12.881602976066969,-5.580917502245574,-6.965006838697673,-14.781627714600932,-7.26270683493125
-7.298137112880665,-7.5349108268979075,-7.258043053599303,-11.389094475094522,-8.446215545240872,-10.537648515555041,-15.785346156921396,-12.812778019942904,-16.891557877593844,-17.68276542918106,-11.785732747538662,-19.372057227163992,-20.178383842013083,-14.869720817452329,-11.973129346477762,-9.337437270844847,-5.459665623137556,-16.653221409945402,-5.548179253092507,-15.116631882223444,-3.177672252848559,-5.697973718223587
-6.678728118341453,-7.846621301297981,-6.674716162677534,-8.443311743850126,-5.159181489857257,-15.059527527968545,-15.61457520308741,-14.843514429266314,-15.728262960766576,-15.475911661925315,-13.018577172789605,-14.537147142594712,-18.079967468822197,-12.379713445517762,-15.133512593427522,-7.1639486582224094,-5.560078864366656,-20.327760501582762,-11.367438714342843,-3.944948941534497,-6.990730782147239,-11.356038218420874
-6.758334182721136,-8.50516308275706,-6.9776398736396175,-8.071816652882221,-6.4912253819941395,-13.243507031682508,-10.418779254843113,-13.705764817895595,-16.955187618068926,-11.99160997922363,-13.259264078035603,-10.166598913421556,-11.60962484781811,-13.031297215737426,-15.157675937422413,-6.896504084473266,-6.508182086750006,-20.64292822087479,-14.393967170291457,-6.848752943170999,-19.17866418218507,-6.08696195296291
-6.9149979573904075,-3.396492769597484,-6.350026128698276,-7.504784175374302,-14.141136290796888,-12.229277482085202,-16.494852158476387,-13.30117538462071,-11.716802189609737,-14.636563956509367,-18.65380272159753,-7.491559332254967,-7.303840097879154,-13.483303048620993,-7.49720287081857,-7.334262095155207,-6.708328438097981,-5.269073803586375,-20.46710442346346,-12.222861970170253,-4.364230168374313,-12.347742752555178
-7.150388906812993,-4.422058150530212,-6.376338001660976,-7.569971011886226,-13.26095399580072,-11.966545956866087,-11.901097320856666,-11.703191128630447,-16.94954786700858,-14.217161021003184,-12.654215625991123,-19.5517890760798,-8.573026805375202,-8.999872964872761,-7.414573224075575,-8.458248516160918,-8.397440896711341,-6.47700863361549,-5.775205560095458,-21.826948124167703,-11.52345528981463,-9.337866283489289
-6.650107237069992,-5.206744007706457,-6.189920050272883,-5.540718897838451,-8.600734250274515,-12.8960127771926,-8.530581786840205,-17.90604912320073,-12.070964427370724,-13.690183225001716,-10.988701638579464,-10.147370701043881,-19.874752008167206,-11.369346778880184,-7.30986333021844,-10.911251923743166,-12.659400914287973,-6.406152266540602,-7.829460080542763,-6.897075361999723,-5.622935137165778,-7.003420601464356
-6.3084851006605485,-5.047364443374824,-6.140702815090811,-3.5841901187127614,-7.751477230327019,-10.619487819458296,-17.159243812909136,-9.71299722383897,-15.678139315778594,-13.586242877583448,-18.57293087496354,-7.455485923222804,-14.592559318762618,-19.88170735629055,-7.100767813647921,-12.825734660007873,-11.532731320128958,-16.749179333417107,-12.264874000299763,-13.399473848816703,-6.950720646457092,-9.343583113476283
-6.404384628506428,-5.931614775323316,-5.182362326231604,3.8574105477499496,3.7521364612649637,-10.578421711848135,-10.558093810838628,-15.151199611110258,-12.447692091203363,-17.437412108187825,-12.195834764837848,-19.248395148378727,-7.310769343268929,-17.087612503209385,-7.123766416797199,-7.612376916231464,-10.910218921821446,-17.707299815385106,-19.15416483047729,-20.248981979847656,-15.210090715424585,-8.027085756085183
-7.298164183165471,-7.211295428541875,-4.213734642872123,-12.71930665006153,-13.775944882944486,-13.307154388993567,-5.360729777770076,-14.931105512689182,-14.603409873492796,-10.788652472257226,-10.92476606581668,-14.67248035077533,-7.344380638279004,-13.090625490587223,-6.968972290362323,-9.09002550121026,-13.30623248009308,-7.262706499400257,-4.585152170587526,-6.621222063494373,-4.069769293367515,-6.787755780364225
-6.09675055547889,-6.56898879655776,-4.0638924574890645,-8.998950486731989,-13.834890698855725,-10.472805957833081,-16.49707742390007,-13.470128571601093,-12.889867885212784,-16.94085609215736,-14.99816606519234,-10.151484079919545,-20.068183562095516,-12.004550284669568,-6.404059314426369,-12.14052544663482,-19.04918987420288,-6.138843855514162,-6.304963545791097,-11.929762189083306,-12.129152160346665,-10.198213204516966
-7.678744994174212,-4.881153658324853,-3.0358082940944087,-9.308207187912817,-8.874432143888864,-9.253376393446564,-13.032064339145009,-14.10923437501306,-14.045411467426069,-12.207003582633464,-11.963315554685304,-7.518248170734017,-15.763385460462878,-14.557701918172295,-8.27197969112661,-13.59473266278215,-8.446041268318147,-4.772377460173975,-11.730272593559802,-21.62989396257237,-3.5591896423549483,-6.31113544607862
-6.54440488242218,-5.246767900552988,0.3267607399922993,-7.960975106248814,-5.64998653177013,-11.557493312082197,-12.390944674411868,-12.32797608201878,-13.530877985822965,-13.116108367962656,-18.02281299999286,-19.30896166065729,-12.879424766951262,-13.710235320528701,-7.86560940540797,-12.5814270771606,-20.815649618800585,-7.276503703561596,-18.546223225435867,-5.067037923037865,-9.581300077175607,-9.534167387843818
-6.197739283251635,-5.569583811959946,-7.401242258079872,-6.813204802684917,-6.215204528833364,-13.279170389640624,-16.03051922583682,-14.313153334098926,-14.57339473391642,-16.343402218523902,-15.426243501447793,-10.133502389111657,-8.569070899656058,-6.181981609214496,-19.516886905825686,-12.162220297771904,-6.036810792504713,-15.290357406987114,-4.445100260967031,-9.753546760617649,-13.63433124785183,-6.761193637218767
-6.628035686631948,-4.516422678125625,-7.10172508519532,-5.658542111096875,-14.360656006571363,-11.358304655849446,-11.448527549097518,-14.922047484757396,-14.140029162487256,-11.404508104000142,-9.768705225647738,-7.211031386965705,-7.376219184832348,-9.573078714677246,-18.516624538768003,-14.54739421554937,-6.078303422030742,-19.410630726551993,-6.322429056144535,-20.399250152906347,-5.014267867830873,-9.318900349376735
-6.764062079759133,-4.308921455879972,-6.935302762287575,-3.353278314976634,-10.004346779642315,-11.07003181256633,-8.081088068318987,-12.936197374598517,-16.568701219851228,-16.877912471248933,-17.78690829689661,-19.307443282218422,-20.21530058000344,-19.734413006300816,-11.992914321170659,-11.203892174702869,-7.320849093568381,-4.816038299209355,-14.891486722547759,-6.681472830490485,-13.217286030195087,-5.114666153268384
-6.8631352084690604,-5.480778946801635,-7.17169149902871,3.6244678623694693,-8.589813172472807,-13.741070575476453,-16.614650224890408,-15.010476299419132,-11.422762124967408,-10.350529388134829,-14.172952818590106,-15.770557508807729,-15.044216652132004,-19.730910949219204,-11.933484399117809,-12.940269949650832,-11.802455402927146,-5.222164042460497,-18.306037459014576,-7.204704718328343,-22.057862080127787,-10.183010110074747
-6.461845229911016,-4.694663916483172,-6.790889577890833,-9.324027459675857,-5.037424688450487,-13.301524078371672,-11.650886265345699,-12.659253668153914,-14.226395236044459,-16.912812604226453,-10.84488028921638,-11.71186815067098,-13.28291645324826,-14.641893942859559,-12.165656191131951,-14.457718032651211,-11.840186024825286,-6.746061434360882,-4.552481668358175,-18.326159753431966,-7.217216482714237,-7.5543769861089105
-6.856402626379066,-5.7239678814825465,-6.443633402067802,-9.084921340063845,-11.29466490961933,-13.284389376185327,-11.859793543794941,-12.826585767043651,-12.501352648611924,-12.352564672368521,-11.337372026088605,-7.714295007064346,-8.021034457565154,-14.49937397519652,-11.868720732939638,-17.461679647450183,-11.611721245336405,-10.300007498668478,-6.2275226509472414,-5.482977609615433,-14.764222554811338,-7.128058087433702
