script/wind50m.json
{"header": {"parameterCategory": 2, "parameterNumber": 3, "lo1": 3.000054539987559, "la1": 64.9999836372058, "dx": 0.5, "dy": 0.25, "nx": 34, "ny": 52, "refTime": "2026-01-26T05:00:00.000Z"}, "data":
[rows 24 to 47 of 52, columns 0 to 33 of 34]
1.3576338132993764,0.44675611070278365,-0.062239510115321306,-1.0971218549535602,0.48505145828084,0.17507294247658664,-0.04930433000946103,0.09848713353944517,-1.6808508540966065,-0.8676231671603029,-3.7409008400214665,-2.516121693617647,-4.231306518264167,-5.075256608655759,-6.122031484540811,-5.9056983649074555,-4.582976186413097,-3.862473211651727,-4.410417559092505,-4.715238168544376,-5.831328936541309,-5.977918161610189,-4.075542192481025,-4.7186928575494145,-4.389635829529682,-3.9670343060002042,-3.684633996122632,-3.8695700165187987,-3.800278468675319,-4.38872347248365,-4.103514329795828,-5.64245877804974,-4.249378305567928,-3.980612682797777
1.788180663115919,0.776220022062546,0.17821017709426087,-1.1693017677405442,-0.644132082693306,-1.3209345033980664,0.43147492514768737,-3.8844018590453797,-2.6088446598010266,-3.3608578987050874,-4.945453106482844,-4.507324933094722,-5.8632025461466615,-9.114759430942211,-8.78617988585678,-5.687700331525811,-5.853868000977253,-4.290588569874403,-4.6154953048706115,-5.138365311305795,-7.92109247244269,-3.959782136712296,-3.6486215713219985,-3.696915831997217,-3.9592614169580265,-4.15168820891075,-3.628321999691637,-3.3665020618350563,-4.233010003934334,-5.331101439135285,-7.345934689869294,-6.831898372967392,-5.57206088824177,-6.204912021932094
3.691071195024475,3.486019256550434,2.6370838710035516,1.1935957474656107,0.9897450193232987,0.48088424651924583,-1.7642847284855905,-1.3208348911263819,-2.0499329723037953,-4.384911543379123,-4.310999210106823,-5.193277890865188,-8.431214324013986,-8.709546632666402,-6.009325662610792,-5.487228974941595,-5.619199645717819,-4.281522521451522,-3.308194463553526,-2.6980866778578867,-2.9265791236442387,-2.7852334373330145,-3.215183824404498,-5.894168162441335,-4.159689366628249,-4.548416898362458,-3.824950493581036,-3.803777230078025,-7.292342544056897,-7.519495178597355,-7.4212963116002895,-5.192481982149133,-5.541489251265846,-5.064757948852405
4.9393240909467515,3.8410126351601743,3.0380587756146777,1.927725504633817,0.5080435223091612,-0.43659921993588047,-1.7163807899590517,-6.317970202147026,-2.45297369985013,-4.455786396051578,-4.963957882362192,-8.899022376538282,-8.921622551907632,-6.63634517602151,-5.463917105680855,-5.176463573834415,-6.236331481053892,-3.960435157721201,-3.6150609435584484,-3.2388743208047095,-4.255806871577746,-3.061447084926916,-3.6798009663993074,-4.433260360728819,-2.9559445148019976,-3.447380520920587,-3.9558605306102987,-3.7693793576108083,-7.749630269807457,-8.41844388968225,-3.7881332950295468,-5.1039403781993915,-6.283439689855672,-0.9724283712424833
1.9137385730168013,1.6144580430449442,1.1339159522322977,1.3361995010055097,0.897656136610105,-0.5695795540311243,-3.137204296677354,-5.296244097042147,-5.6535776023466475,-5.913508690716603,-9.615657282925438,-10.645467752844745,-7.343239938781897,-6.212746581472067,-5.140299064794294,-5.377139921782875,-5.924998660174528,-4.320378970336336,-3.369553911279529,-3.167900950189346,-3.4525299101042997,-3.335894854414338,-3.469123771883529,-2.8097304696552645,-3.7355722148648387,-3.9489582557349983,-3.4285664801043696,-4.1294446996237175,-7.932815077530002,-5.442031774580344,-2.2660853079260455,-4.899507113610853,-6.075685130104349,1.1380803301313636
1.1239557948245622,0.03178641052292579,-0.15417296736424055,-0.4267741125330462,-1.5748468154410646,-2.6729602229021805,-3.611487977099221,-5.013156778709826,-7.546726929856402,-9.598888352807434,-9.728051100182677,-7.627020436801943,-7.255417201736077,-6.439807920549141,-6.083384671185327,-5.470753307017118,-5.76542459876483,-5.990962886706255,-3.8896782775640903,-3.2521116280510234,-4.360596094119773,-4.027303260284631,-3.285271871553663,-3.6888018578528476,-3.7143599770963136,-3.51586959873172,-3.7747426262840644,-4.529655823861034,-2.2014878195117307,-3.8262064491769965,-3.4642805953001408,-4.545176158993374,-3.021135709316095,-0.8411756590648752
0.757882490457051,0.2998140746065495,-0.30005557060651555,-1.4337137854045174,-2.3673962924879413,-3.3156411841498796,-4.375543731256293,-6.0422303922533525,-8.089848181981825,-7.708265762420201,-7.105174690462269,-6.880746180991989,-6.876492604668263,-6.9508492891713125,-4.2265156340000285,-5.7979675233113435,-5.862353928419298,-5.8928782260771335,-3.319413769333741,-3.742535082864079,-3.0602912306433585,-2.68461641113941,-3.297473711794165,-3.4323479495726863,-3.464178690904014,-4.245419632546973,-4.020372655376712,-3.702861718195639,-5.404355758339461,-5.555375752740639,-2.987148985051959,-3.126320540282095,-3.1453759978631273,-0.010252031191902315
2.0091010742692945,0.8328177695930046,0.44320049255501354,-0.12780289486426996,-1.4803627793199003,-2.8672028683228885,-3.8754891981076867,-5.468545699739405,-6.74376866783077,-6.805993719623959,-7.203078074247507,-4.533776686007401,-4.160031743690645,-4.846982376858831,-3.959634555035114,-4.369273270309112,-3.419797186729186,-4.666794610902612,-4.111726649822395,-2.466391524902254,-2.653231508708894,-3.0632558623386292,-2.8275121745703715,-2.5438231035912775,-3.641600999412648,-3.0142440154722028,-4.1572571055784024,-5.854227861674015,-4.199788748877886,-4.1183178111391845,-3.7049081082090964,-3.1515270272591915,-2.5262875851378666,1.3195237180752752
1.9990543414701105,1.9493437396858,1.308515601577562,0.2432409887249397,-1.3978679778908234,-2.877428064961683,-3.637066415007845,-3.494109086937061,-2.1921065130829223,-2.0996465007667644,-2.661481267239361,-2.480786798499347,-4.972220704912671,-5.672344245518659,-3.6417574189316735,-4.4912660599529195,-4.882938686439928,-5.16928994343548,-5.246537030717596,-3.9721737579152236,-2.661404949938624,-2.9165436924341024,-3.012427599970195,-3.854702439269118,-3.120128234931854,-3.7400186159217137,-3.6214568248873324,-5.618608287536804,-5.361434737211533,-5.2999839609518675,-4.188709708754309,-3.3083036739446094,0.3183870920358163,1.8637969514110113
0.9665347414632219,1.0726848379202223,0.5421900906268702,-0.03711758085972114,-0.65938176756647,-1.4190728614655925,-1.9737486326902782,-2.332136249583861,-3.2263962504501107,-3.5523555962974904,-3.9599192009596327,-4.224808291038321,-4.835727085675703,-4.464283743866595,-4.1955098267237805,-5.594522603561664,-6.407057329373919,-6.360911308074447,-5.710349475394066,-4.646475942707679,-2.951567467258383,-3.1502239075612266,-3.2845797240136623,-3.6449180767570124,-3.6216201081408155,-4.113479970833579,-4.428275038896933,-5.315283228498619,-4.517418185592865,-4.795412738175826,-1.3442333829105693,-0.011736770297061222,1.3645011907492022,1.5922166623454534
0.4897704329030611,0.6978614380077687,-0.02469697615455282,-0.46535753170715044,-1.077664077272781,-1.2759323027507181,-2.000777503092703,-3.2613222483870916,-4.222725262692372,-4.334085474241144,-4.155799963263636,-3.7699591424332466,-3.4135604355684723,-3.813259318235782,-3.8300336782492517,-4.752952739771612,-5.9944948470184505,-5.477192268365223,-5.159766016018312,-5.391881887764647,-3.324258423260452,-3.4739893342127424,-3.490049522780183,-3.452750446163536,-3.628143467984645,-4.331716390009158,-4.8006099903672075,-4.221450827036014,-2.3949074253065112,-1.1606447202804355,0.2573053567066864,1.019510442898692,1.6847430739267337,1.6369349939007667
0.35834888249010594,0.5601524891294388,-0.19561727619051125,-0.43885058140510813,-0.46073276246339384,-1.848784243883628,-3.0195481235899657,-3.7348239240034284,-4.28103884920887,-3.824207681627734,-4.4854271573099656,-4.052539092815722,-4.104065833608235,-3.0050422992881867,-3.473087930061497,-3.6983177770170674,-5.351091807262826,-5.100687766723567,-5.730281516268181,-5.597933948536308,-3.518342340824798,-3.818057852717006,-4.149690509156735,-4.228405244489396,-4.161870601986365,-4.042625877226614,-6.318235657787495,-2.3749227028459696,-1.392719430304744,0.025218304420465066,0.8552840346368404,0.9120448070844349,1.2816037002958212,1.3400990660325816
0.015662346570505723,0.3017973370161461,-0.7781967944624564,-0.9744775896202045,-1.3171292774656118,-2.2047174491395065,-2.949756602375678,-3.450382928687248,-3.830040028188128,-4.743175923420275,-4.908437749558696,-4.867388896887026,-3.881274078035662,-4.003414082242671,-4.846895462562339,-6.077852121267446,-4.916528001719999,-3.9168934522220273,-3.23833549916441,-4.943366488477224,-3.91254595219187,-4.037549939693046,-4.658234497553085,-7.521171897566923,-8.463882051254627,-5.403664031310173,-4.019155197389996,-3.0978498356816555,-1.9662289524219618,-0.7181982510501644,0.021636970677849563,1.1606721584887398,1.0012057632683624,1.5149170090559478
0.11245555477852612,-0.42440932900390677,-0.6198930370715066,-1.6433326653912834,-1.9677913020908124,-2.2778780624501427,-2.9106709947494185,-3.7908363522721027,-4.911199745579794,-5.341202279085971,-5.72216576698506,-4.423544424714019,-4.168219887050967,-4.299041706503696,-5.975017114248949,-4.603183067627581,-5.319267582335577,-5.399482497001271,-6.71740970062713,-6.17591089826009,-6.875287715682224,-8.873861852498317,-5.634966473212137,-9.057967866156247,-6.132977619830017,-6.058467549451618,-5.624256960868436,-3.673402096625421,-2.7014260568746984,-1.5270230866643852,-0.2803316482726232,0.49560401109387187,0.2791115483154286,0.6171953843456595
0.15758038328332125,-0.5166202408795125,-1.2498098896264176,-1.6734751905426335,-2.587195602434428,-2.819231764486977,-3.467524129686356,-4.412534253002282,-4.848926699397734,-5.327310241635958,-5.313747369300797,-5.210992194098859,-4.727028211970891,-4.839113811736434,-5.0309994787558425,-5.423130522415447,-5.627973350519518,-5.406169490841954,-5.663058379631572,-7.718354892486552,-6.284981703781172,-6.100912953288732,-6.841299595240488,-5.609150673085399,-4.253344564708852,-3.532693808351102,-2.442771891759174,-2.236038156450067,-1.541826548164627,-0.8502160004590785,-0.32052555919352677,0.1099671384240778,1.208036878062425,1.5904789425681403
-0.3980207978480523,-0.3714587253812907,-1.0597214408455546,-2.1269957587581207,-2.3511760774129327,-3.8701008793029,-4.0674200147184525,-4.665802867382475,-5.462558691169822,-6.686745361058451,-6.521067336328017,-5.606376243937706,-5.205080195713657,-7.725124499165988,-7.36153122770907,-5.494205039370352,-5.5112766279407825,-5.649845520054511,-6.070155262323626,-8.137855699265353,-7.405898163294474,-6.54720235391197,-6.7435983502082,-5.66188629785011,-3.997180694100092,-4.05840710914021,-2.856063027702693,-2.808516094845996,-2.1212365918609892,-1.3899185945557224,-1.0818237196673652,-0.4004865684046028,1.6670534832311663,3.878908166714153
-0.8900337591873184,-0.594424072998575,-0.7027918179202355,-1.7416841296651502,-3.24016926517921,-3.920197007227002,-4.875018857300345,-5.224931401012404,-5.5285733141635625,-5.835365713666241,-5.830212828243909,-5.914635566821282,-4.959972113188995,-5.955668030803651,-6.022870999769908,-6.85302182938453,-9.080946241774258,-7.270715215791632,-6.581569313059134,-4.9830324172930025,-5.956608034591597,-5.803249838408852,-5.467837342093065,-4.503054691043636,-5.785829153795623,-5.168230798684739,-4.147629034105987,-4.049637809584431,-4.150887070768189,-3.403060886691802,-2.7997449494608526,-2.630656374260038,-1.740827853129534,-1.6714496924355042
-0.6634625724372514,-0.8078575701515088,-0.5437982326356235,-1.2617102773455489,-2.9743900909220833,-4.8674993106255435,-5.460391692939825,-6.244394561754874,-6.694332392973845,-7.02379856826457,-8.369008368457262,-7.847709644197081,-5.719720745815302,-6.7904845322718215,-8.711050865430876,-9.341850759537028,-7.435331223758399,-6.571656070575238,-7.59213197435684,-6.6287920750180565,-6.054827408272084,-6.0867772304569145,-6.0353511887144045,-5.072428378623531,-4.980279684429948,-4.127948516081501,-4.36238657927901,-4.072248100902402,-4.4951896790611885,-1.4461034446394634,0.3870983439016551,1.9352969856997861,1.1886113847985538,0.45091820187129567
-0.7688800094036388,-0.3874162315788785,-0.7398722625923814,-1.2153204491889666,-2.478852984116035,-3.9745662250857716,-5.179812433618428,-6.909023991786892,-6.85188130246398,-8.079250129846193,-8.52593031123874,-8.244157446508652,-6.878266819624446,-7.5311947633586795,-9.929476709267057,-9.511105714123929,-7.353074457409347,-8.058357154505572,-7.559020434568088,-7.40929206006405,-7.0090615389166055,-5.838717810604471,-6.859745086742603,-6.4847595609204705,-5.1624713534777635,-4.294598865073976,-4.80942104642423,-2.449872548615527,-1.2838799034026656,-0.7912569193831771,0.5211518590523732,3.301302989787616,4.429127711692086,4.877780065932013
-1.4696699227196888,0.6519906624157904,-0.500541147629394,-0.9078579482936068,-1.7655138824272376,-2.6187346615480456,-3.5438110513210073,-4.801406107625485,-6.810111633388964,-8.761946873031187,-9.619852078904056,-8.765208756935726,-7.73662124991265,-7.172126624427544,-7.4603919255344975,-8.702991593884768,-8.952210421317421,-10.685742852603191,-8.549314712366371,-5.8238105698280185,-4.518733046307128,-8.248174094182863,-6.294434758057895,-5.572057774778204,-5.5122550176616345,-4.708803216818022,-2.353106968303237,-0.7155313768477306,0.9769053626507113,1.1847712440376716,1.2133847850944648,0.8647010406159551,0.8723547788625778,2.833859065862371
-1.0589785771446623,-0.49380791579744443,-0.3927943198762918,-1.3235349626549051,-1.6609796869878737,-2.351438539197445,-3.3875525149413925,-5.049212434837304,-6.8294599842687775,-8.241543410766896,-9.368793194242842,-9.13787970147848,-7.153284527359397,-6.846563348579296,-7.024104213438349,-7.5312385345342285,-7.51940705584474,-4.470216899323651,-5.642899992045675,-5.797966185108596,-7.547713732526667,-4.884894655436979,-4.005280425537056,-4.515600788935741,-3.3020350424201337,-2.61808044532394,-0.8884073022963241,-0.6898956621133852,-1.5716324665629384,-1.52371022407995,-1.4481256823573836,-2.2671076248799715,-0.7481462488571478,0.09130570940514271
-1.4525279089160692,-1.497406673485586,-0.391447969429966,-1.1047041018520323,-1.6018780622011604,-2.0640981028078005,-3.530215380472401,-4.838821614281362,-6.510612130171816,-8.048789054075336,-9.127428305880372,-7.373777276310393,-6.632526533037205,-6.915805738748193,-6.870045727656139,-5.7933267130108055,-5.254057090003527,-4.185134878897318,-4.210824849086802,-3.4468951461679675,-3.462300697962386,-2.717169117849547,-1.4518020560078404,-0.4035422074699623,-1.8375376891915811,-1.867413377005101,-1.8939298598675962,-0.927202064399688,-1.5756710824836881,-1.9006977236346145,-2.0592052923798856,-2.090079995231154,-1.1204338261251998,-0.1967286279398281
-1.7690379348211642,-1.4381466594936851,-0.2676841845279413,-0.4705150516877704,-2.0556004336919393,-2.29855236154339,-3.3744853424160226,-5.770980123988561,-5.516690845263676,-5.390741084916406,-6.9621861932450395,-6.773086105039221,-6.157600846172351,-5.243742018634965,-4.312706731944577,-5.260596498353969,-4.579438094694239,-3.121572076241572,-4.336193220769939,-3.8414895996104597,-2.977919197224038,-2.136717910232822,-1.7037839725095953,-0.0922005728492866,1.1497931449583711,1.9244077386587857,0.5401620628189269,-0.3827209203499253,-1.3630348833489323,-1.9413109962584894,-0.9211884703470475,-1.5248312516571676,0.2528849104371751,1.3295130675975735
-2.584184211278383,-2.024897555516032,-1.2314449652217594,-0.42480708283900687,-1.1047119786621746,-2.2560009573010587,-3.077522907551414,-4.005896665423709,-4.502203124144594,-4.756387495609645,-5.404006015031032,-5.092180962471649,-5.191187926095588,-4.81090859873346,-4.13122949126778,-3.49302069324681,-2.703187880856379,-2.738417062309458,-4.5290014772161244,-3.1457661604360307,-2.358718593642772,-2.0484748203744765,-1.5437191397289594,-0.4640365351925501,-0.3748462340117755,-0.39439033636570225,1.3064196428580221,0.23070120247915654,-0.262280285688652,-1.514410327328677,-1.5409819947986176,-0.6762262299028476,0.1292594637539422,0.8555592128457633
