script/wind10m.json
{"header": {"parameterCategory": 2, "parameterNumber": 3, "lo1": 3.000054539987559, "la1": 64.9999836372058, "dx": 0.5, "dy": 0.25, "nx": 34, "ny": 52, "refTime": "2025-03-11T08:00:00.000Z"}, "data":
[rows 0 to 23 of 52, columns 0 to 33 of 34]
-5.617190715490442,-4.571461868570053,-2.0383824924360767,2.6684973820641398,5.050973288495574,7.8186327434784895,8.181260927281468,8.255192319534133,6.694736714479034,6.808630417043087,6.681280403741806,7.028653582643626,6.700629814736147,5.954638196386246,6.149718072845419,6.588698725351249,3.2384162751419865,3.208748234529948,2.15286880387673,6.33614399543244,1.2437362819131164,0.5786143731748828,0.8972158616316268,-0.19092220316616137,1.132145121707675,-0.4332491104557098,-0.404386506066792,0.29396295313222226,0.019127275718680222,-0.6565965472641568,-0.6996319221465575,0.1499944428195,0.5958363298804124,-0.3929978550984582
-4.742554728434983,-4.413941841989532,-2.05778299065519,-0.8733381003602377,6.9495866697807855,8.48693291577431,8.311399733397652,7.840894314053332,6.805191031191825,6.580245924621499,6.567413486289696,6.436227909420342,5.943830377063991,5.647690835784593,5.593335747710521,5.012803180048407,4.398582487130203,2.3974654779082543,5.164479688147828,-0.2612043738286023,1.9446071681789323,1.0537317008102183,-0.3206482407037766,1.5269198332325655,0.027700071791924154,0.9233837057787814,-0.8026114813792029,-0.008763931861550937,-0.8025655015018887,-0.70028424234436,-0.9595323318377031,-0.7303852248114048,-0.5571372294875989,-0.9399917019051475
-4.227584920988959,-3.7660676976676384,-3.0155342595262575,-3.3982271428730426,8.378028693712617,9.258645541064356,8.539449219603938,7.472430196247086,6.513134123555695,6.146439598337486,5.827235421294416,5.882368854722406,5.339100974925047,5.1850118597025725,4.639524775704951,3.509958697288974,1.367679732154252,1.9312160076793605,-2.91512732843956,0.39899405808025007,-2.1043833738245925,-0.5247669923584006,0.6425132746789876,0.3146892025191143,-0.47747466453598164,-0.6362934631794465,-0.2056921276745796,-1.077016262950054,-1.1404456949284847,-1.6035599974788655,-1.06420201027087,-0.8769205498737835,-1.116131241966533,-0.8788334989733346
-5.5113050914435595,-4.865848665310008,-4.084863224807214,-2.083780793576351,4.824823617975788,9.035362253309897,8.514513212408524,7.236486305214114,6.137095207626556,5.459284148069066,4.759058618296897,5.380827476126924,5.320103023976053,5.128741589740434,3.0298416722768398,3.6402151296695915,0.526530720546266,1.7128511748644772,1.4701441291625588,-0.551765168739491,5.008923869859447,2.0729784187618154,2.797621031510549,0.006636832341856366,-0.24107110892569553,0.059292835397176474,-0.16566613986122547,-0.9111613291049402,-1.0627481202814755,-1.1312082436078148,-0.9637147693078558,-0.9728276028944096,-1.095041001482115,-1.4113910703190837
-5.654934614406545,-4.975956107176207,-3.866615892574642,-4.1928004813546655,3.489391677997681,9.893962184296026,8.222575715315624,6.791601027008766,5.489267635492838,4.389630693625285,3.3277986375622826,4.180555331073473,3.7184474872484214,3.7950169099277664,2.0374278747782393,2.358799026643003,0.4130249898166394,0.1567104394543449,-0.7369484348185396,2.0955160269080375,6.75602628733329,2.870635632996798,1.1214636790085155,0.2967811684327813,-0.3327566655485408,0.3013690804239806,-0.18134908652618467,0.007700756833985435,-0.5394649890180437,0.23383625031835648,-0.5093687850992418,-1.5272576569770795,-1.4648510755071833,-1.738312232240148
-4.634186370238282,-5.516318560417386,-3.169262287851293,-4.535802760065432,3.164129504548723,9.454886653602756,8.57783410640759,6.522232503453014,4.8589094364860275,3.8175606732973497,2.2612721732140644,1.902736610655292,3.5234267107672834,3.738054550059931,0.3148793187185045,-0.48400302558425723,-1.4939971443896922,-0.5749967124926616,3.3687191777907035,3.749766577027838,1.1670819655563283,1.0149966219903996,0.6534846879576751,0.3665574285678371,-0.0123475294289231,-0.22036419148910297,-0.3790099845767037,-0.1984291597159752,-0.46174928880756716,-0.4860727744815173,-1.068003401503555,-0.8582389266229529,-1.1235889871502918,-1.6603357192058315
-5.0787866426883275,-5.572869771768284,-3.9473227512275013,-4.941261337516831,0.7998197395210749,9.161563923304955,8.25042490892301,5.661349293905289,4.064306112238515,3.080607736151117,2.1558323124967513,0.03450282631801111,0.15487881456100505,2.063748178397909,0.691864360543327,2.7088422859555843,0.1746918779621066,3.795284578418175,2.9369453772788288,2.04796785293569,0.728305546680813,0.3084542447717356,0.5052158928079333,-0.07740008739513023,-0.261734191904482,-0.46324002540079773,-0.3955334724466798,-0.43887485040749763,-0.5678707431434962,-0.4720660276165535,-0.6340683261541515,-0.8258613266895733,-1.670196953337176,-3.5312094238574296
-5.279021636371603,-5.231614402442514,-5.730107017431858,-3.4951353458214833,9.927322341867276,9.004041109684502,7.2186129010718325,5.100701109553225,3.314311985685204,1.8544860095079037,-1.0841135425706512,0.945577063337939,-0.5367758916009414,-1.1694426367216948,0.9787179078169367,1.241758783439246,1.4496490862289342,5.8592602071203626,4.384428846246457,-0.9821281994037168,1.2018363841274802,-0.008816427848860695,0.21167019741089063,0.13256617389670336,-0.0795705512451505,-0.3883099583076198,-0.2815341837125519,-0.8579939508424729,-0.4029423207904832,-0.5924925871830473,-1.1420063814945787,-0.9114443820241328,-1.6325841550787492,-5.21120074095405
-5.1567911318410635,-5.208973664844766,-5.434283397701223,-5.598445132189856,10.41143023777761,8.26769247109886,6.295235847917837,4.627826173079041,3.0933672992041403,0.16428709242416514,1.7410164633691212,0.07641059719705766,-0.002624554899309526,1.2934460545667785,4.84995164788546,0.7174970068861277,5.729342181891375,9.279523521691596,4.438308068757794,4.469980640617264,6.932967532944022,2.1778633051694873,0.8132789701404258,0.5182593677981048,-0.08134063539703176,0.25618024775101705,-0.18106619355608305,-0.13865952912176016,-0.6874253957075872,-0.5593227531270957,-1.1635177357958284,-2.9766337889170598,-5.837188315274467,-5.887803887328961
-5.483407718253516,-6.756769569438732,-5.6476820954992695,-2.7686618445929905,9.31337450388337,7.298097147957738,5.019717931816545,3.6179590958377092,1.206928011972369,-0.6225973030552473,-1.5597820497002852,1.1851057395409932,3.1513101360527473,2.681222778749163,4.408338576454391,9.482204197660119,1.9274721713785856,4.103688754807097,2.402620252730733,0.9550968305267048,2.3180890684882014,0.6108393048993798,0.463119362438234,0.7980506200839662,0.5153942852642376,0.4108233086893942,0.13410642071539378,0.10549957329798253,-0.6706209560803308,-0.9290839766738155,-1.6487080456644658,-5.960085560008967,-6.598071155904447,-6.756663964456533
-5.88907753242712,-4.908722202964072,-5.283511889575582,3.3942655592448565,8.573413694497143,5.299200270739652,0.9587659681415484,-0.5430645242097154,2.4787148841580793,-0.25073545640147854,7.489631112432141,4.672924817568587,-0.8072905511418433,2.5290453385433134,5.3041466348624695,4.350174319913767,2.2204915678637422,2.158274085319382,2.997211304631656,1.1938499029515854,0.894208980368569,0.2295632372008955,0.785661187707408,0.16490186099667226,0.681730523266236,-0.20608272391593133,-0.5121491802066382,0.27358508699595707,-0.004889019944067214,-0.9409805641066754,-4.534448916172814,-6.076837561033064,-6.402479233039566,-6.7155250046927275
-5.680167866150576,-6.659175244493663,-4.464723779807938,7.0246884648488415,8.64097232776359,1.501056799752742,3.7586691912426993,0.7186189174587236,0.3948958854416606,4.440071465591951,-1.051844886609643,1.1528754560014358,3.9796518017101623,-0.6890267033788429,3.820234388785624,2.0302059552180425,3.9253275718454987,6.5017338752626355,4.974931463747858,2.8843339675592503,1.768358720670361,0.0334020908507801,0.1906470179461978,-0.028644722259137702,-0.4441553330295131,-0.07853468241099303,-0.3464759440512156,-0.4302060792783587,-0.7336723092230854,-1.498312184835983,-5.758071192558587,-6.11919895189056,-6.435711458125066,-6.857502927444393
-5.8446455610074795,-6.304101296359393,-1.7052152578029747,8.413319962042749,4.1234300017281775,2.436713892390334,1.3859892978170705,-0.7219315070257556,3.016495996255571,2.796255395477997,-1.5601921140431891,2.6975362438171975,4.390502711325566,7.5812854321780785,5.729550160433,9.05372917950507,3.5063991760858797,1.0373779606885012,1.5870933132269582,0.7843209619034585,0.21113483085581985,-0.019002250090324913,0.13414100862566075,-0.4479838150049613,-0.27677518272239204,0.3708640133562269,-0.4144423503507504,-0.9231355872864314,-0.3103632861858864,-5.74355839142862,-5.858164932822625,-6.553337971964759,-7.095617172569904,-7.2453254857047185
-6.851139030776677,-4.411964318427672,2.295861838501008,5.364302262743374,1.2465486398685612,3.5180420391211658,3.015576113975723,-0.8816607339102269,4.026753301164797,4.838101161958368,5.351910034577519,1.9130850200842833,0.8962992588382717,1.2926384456121258,3.4936409826709087,1.429041284448222,3.162612271494752,-0.5057897964333621,1.7092437531494171,1.2490372080012557,0.30229914895733806,-1.0445620984141077,0.050118603027123836,-0.01843542403849749,-0.5103677920359807,-0.8470481829022828,-0.5173226926265379,-0.308302252979212,-1.2544092950196986,-5.638020479491233,-6.35561636349375,-7.021267465316648,-7.29549197385707,-7.32028904170805
-5.561831212360423,0.796946255386964,2.3362466369414308,5.162633079429438,1.2853422988279022,0.6704100678767659,0.061954795159686084,3.019597960679708,0.2958095036230517,0.5823507002473035,-0.5956480047636479,-1.2560253585773915,3.375796707527699,2.477573207516314,2.4524991510143006,2.8972749214795557,2.205527977922952,1.2292411758015702,0.22002138269014804,0.7053805678969299,-0.292867750185567,0.1994011017424,0.046051747992723095,-0.18932671766461628,-0.8865778498995143,-0.7469982828609509,-0.7435728472922296,-0.8276534839781076,-1.8224254703453293,-5.677978097206518,-6.368805919155267,-7.454291505338591,-7.517271773575499,-6.933180817268142
-6.563284034148006,-0.6139245265903871,3.86290405412952,3.7724598691731095,1.1419381957511696,-0.17786124677703127,-1.224969146177377,0.8447755498065416,-0.6082864009874795,-2.113378129581143,1.0347994535047151,3.1041383032467595,1.244256184525198,1.9148093145090648,0.967697848276624,1.6983867645601063,1.8960194347496973,0.4512268729536067,0.8620380825028742,0.26196773305520943,0.4491344655579588,-0.24202760910704985,0.0399485315716598,-0.3066654847166414,-0.8219863690411022,-0.36018094285176366,-0.9122611259965927,-1.414690805152539,-1.5592567560962425,-5.918870026813462,-6.820378542983327,-7.626905045626765,-7.095508790819625,-6.56826906081648
0.22992528478445493,2.460911262694365,2.532216196795148,0.898681273297421,0.5813724064583689,0.8890025950493369,0.5402585882897907,1.6040172618883766,-1.0895999689760305,2.2671404761334966,2.2351655510935435,2.1019657984976785,-0.13915647726390978,1.3060866192839404,0.8225103355780954,0.5831031197137873,0.6963441695352256,-0.013737098898889669,0.23281968031303238,-0.7643225629682188,0.013052678993233235,-0.02740905589635445,-0.49507369503637816,-0.8446486235810425,-0.7059217125777397,-0.6812527032704493,-1.1580034513803965,-1.287404827236844,-2.107640858924622,-6.969786938221072,-7.5906594783890196,-7.405964499172103,-7.051515870326965,-6.754320005903654
0.8823714371044246,2.920739680488319,0.035250556577698273,-1.169405537134878,-0.5433778501964345,-0.4119436987451663,1.3595273467759077,0.18561582411037655,1.6034720719546645,3.143769956618219,1.4648594407126967,0.6955932343328312,1.1165915172929712,0.8021532540354943,0.3768479750090358,-0.07115121269290652,-0.752126990782312,-0.475503316839525,-0.23864710880748402,-0.1099643120244106,-0.5189357530651568,-0.2677049386387504,-0.7986984884989512,-1.335598757368847,-0.46415100909475165,-0.9458951359946545,-0.9819612811143548,-1.8288365510741478,-2.342708082540064,-7.121384289579353,-6.507084295351294,-7.042786034481421,-7.089087653083863,-7.327819964988412
-2.1700003201502587,-0.024790157658370733,-1.0924112296076063,-2.167826054758636,-1.743545207379311,-0.6538150049500301,-0.5261775297404325,0.36444099336968366,0.6975351032506377,-0.015599063722419244,-0.3052644885632589,1.2215073050912912,1.0124960064584234,0.48255673769458135,-0.14850122422371748,-0.5430002101076727,0.06794641058930717,-0.105607847428165,-1.6214582694465736,-0.5277836105640175,-0.9608125653886667,-1.1375603387873927,-0.8810790613231025,-0.6790895239316116,-1.1970202252328928,-1.3960349876527,-1.5398568915758397,-2.2844648174027866,-2.2903534067856897,-2.9237853547612076,-5.298843135794638,-7.17383048664218,-7.630940428274618,-7.950957840671242
-0.4739152558372322,-0.894008306774471,-2.1500228310636054,-3.7035424900180347,-0.7229315729023391,0.480539698834102,0.039521405061606736,1.1279619965860357,0.5754214189507552,2.215799591374481,3.126608169492702,2.194272774432616,1.3295777768191117,0.10937621317461102,-0.7686576173171253,0.47024626801391584,-1.2230068492242065,-0.1445611845606932,-1.0715224314211038,-0.6021320514588486,-1.433373976401463,-0.8105659122335399,-1.3509220741884356,-1.3384736217592446,-1.656762571027908,-1.592181957989755,-2.2035927975353347,-1.8111517726916935,-2.356973654492474,-1.9634837145196475,-2.906192537851116,-3.1779842264646554,-8.680936621366616,-4.305664623496231
-0.3003209294584848,-1.9148975810096391,-3.8109834576109907,-5.127226165894216,-3.5105393942462553,0.7569382719641319,0.4445892678595711,1.791819111058305,2.7712343627757967,4.555674447923518,2.271764399566069,0.43998611310404767,-0.47486466909081537,-0.8575768532628266,-0.813680856491858,-1.0964657924841563,-2.0474346933346275,-0.2213517586803453,-0.824435458296228,-0.8916846505048323,-1.3559407819480194,-1.307598974245012,-0.8817696112518816,-0.978180877356768,-1.5184203342340425,-1.2412159044883344,-1.798073406157106,-2.249100221397304,-2.2186400990945345,-3.8761378744274677,-3.7672381593994664,-2.9464189125126383,-8.71757806347298,-8.122988439837114
-1.7724569485818082,-3.609414154730317,-5.073875074591132,-5.250971318871115,-3.184469061374454,-0.6584377991846058,0.1715665689061853,0.10928062688743387,0.8330369594441327,0.0004440161355846223,0.1362654427404381,0.5723496317261325,0.46114495317270165,-1.1761284479312446,0.5414373252960496,-2.7473145889142137,-1.0076120127453223,-0.9783093415488138,-0.9676642446261486,-0.6992017114092008,-1.3282978866351467,-0.9350068601625492,-0.8903427994692367,-1.1615935439774137,-1.2411341912102607,-1.7511039096301362,-1.99491856751887,-2.9390013870102307,-3.0597141083226296,-3.6714018760739022,-3.0373646888048818,-3.566263841875067,-4.076484491263882,-8.646363194288186
-3.625827221346468,-5.058837703488839,-5.07070236383674,-5.852873844128123,-4.332124593752172,-0.26302421796353387,1.0882702802665232,-0.23330460753898427,0.4991734041310663,0.16048067337114064,-0.37237536615992395,-0.1239009288038694,-2.2431921694805177,-1.2234174559661377,-1.647678807155082,-3.722918986350117,-1.196050728069774,-0.8511384155972338,-0.8101225779850758,-1.215723455512038,-0.8171951091741763,-0.8347349553603503,-0.8998843591536551,-1.0136633538239292,-1.3669468663958126,-2.2193456390163973,-2.7327074982584816,-3.7408399706679485,-3.271436094062022,-3.3280993163917665,-3.5542830688125324,-4.559031722204558,-8.92015289168622,-8.636644428939858
-5.060961187903903,-6.122366064579113,-5.536024557044515,-6.3376866909743494,-4.905073875548672,0.00018348200472027845,0.9654194701833172,1.3268392602319818,-0.5659702873866836,0.505022804308669,-0.4694549920215521,-0.5999627902277934,-1.082139670432379,-0.8607573022057181,-1.8973672246340034,-4.996205172719624,-1.6687734545788317,-0.8492766288335599,-0.7786624262870225,-0.9151733009762469,-1.102742811685636,-1.4651350731568742,-1.0405523740641545,-0.8517783165304499,-2.950480607963281,-1.969186283993308,-3.831771955176138,-3.0416719196166095,-2.4623258135681976,-3.5097459417039687,-3.976984180855672,-3.537895441592635,-9.539445890215838,-9.283686438891873
