script/wind350m.json
{"header": {"parameterCategory": 2, "parameterNumber": 2, "lo1": 3.000054539987559, "la1": 64.9999836372058, "dx": 0.5, "dy": 0.25, "nx": 34, "ny": 52, "refTime": "2025-11-27T06:00:00.000Z"}, "data":
[rows 0 to 24 of 52, columns 0 to 33 of 34]
14.107081689239077,14.192972209873288,14.21188385475059,14.418548994990589,14.496651997232426,14.949310197780703,15.2691994191226,15.378351001959587,15.27856815166397,15.185451777931762,15.336425983239902,14.688864402485537,14.310941419668495,14.944718396132716,14.877205236712348,15.138676867861173,14.902264164867324,13.821052968261421,14.282773462153733,12.909814489990008,13.511610550921084,7.714411769834791,7.310596671298572,11.163299931517106,20.525506063406024,4.151679227620233,6.220974618307874,7.358745926317728,8.05178126797872,7.383085624117631,5.838791668747335,5.128221498578228,5.972862584793408,4.494119268568776
12.880592410453442,13.065331350940335,13.413695036135305,13.556802034571627,13.867639543371098,13.891022793369142,14.381689625546619,14.574114219679103,13.998549977963007,13.877698311186922,14.28196760001271,14.739865088394264,14.814229952238245,14.281701652861361,15.422990756073666,15.136042637437042,15.554338049697966,12.240482301297298,13.890009550693275,18.77129165041611,10.879835037383279,8.958845689023113,4.061884962145511,13.717983570198689,2.946837983175786,2.418352121359015,4.689524817520331,3.0698810957514686,5.508385100627503,12.878227851226168,6.540775709944534,5.839329435471189,3.238876604206175,5.331738414595614
12.001358866087992,12.009534847069226,12.571416100560274,12.633768240949284,12.450249323650405,13.185777654547866,13.613376458192633,13.33228532854106,12.750811848770333,13.230377258636613,13.769054799021415,14.014690579853953,13.762632445548743,14.176313054618895,14.213725517790921,14.702412260980937,15.421961033991414,8.688497147317708,7.698133330543641,11.982535467504961,14.350113012692201,7.8900475331824955,7.895605318841152,12.090204205089185,9.64620087676516,2.586983102973245,2.7634622851060424,8.181712385993121,5.259369645929217,8.252307216326004,8.43776102101041,7.328303963472052,4.445498701801306,4.635319344756643
10.644676185259286,11.07055776191503,11.114628502039539,11.223413408307026,11.760125986086114,11.961681338481293,12.179631121450948,12.262611111473056,12.389390246375566,12.29460416680451,12.799797154370957,13.471429087520937,13.494538011254134,13.272738013285256,14.041859295112651,14.93262033756729,9.626691635540245,10.77063335828926,12.116635526822707,5.098030639358214,12.931002985434308,12.00252945731201,12.262499749664887,13.443396055246906,4.8276175509750265,4.163398599941173,9.320392914862241,5.135850201151171,5.670101834002943,6.310264148670912,6.588677239472162,13.38063007931831,7.312987643024823,3.411559361968588
9.253526313852884,9.649963320082502,9.891258190702942,9.93392262598478,10.449412384047458,11.116228287449385,11.302827951636718,11.535087283979738,11.523864408608665,11.155596006645872,12.387819453557219,12.67289378505751,12.828419240068945,12.696717976121512,9.636973125868762,12.588556110152146,13.335244365215713,10.54342989403312,8.026533111035233,16.717260315414226,11.598291592054151,16.576866980541354,7.860288924770853,11.00268722631604,8.390643364075649,5.375276688727189,5.74518639354987,5.274597574401968,9.134612536929335,7.914724245936558,7.804708533084845,10.096683337523189,8.890708559458588,6.710868210372836
8.556718333350865,8.810060701956527,8.960954692417689,9.352605590712212,9.692769968419272,9.880772074836687,10.418761143216914,10.265276327915778,10.808297431537984,11.141676833763757,11.825150778068988,12.04251027393818,9.962858377229802,10.092106966357905,7.682521312851543,9.973464634254814,7.022547778220914,11.005399145588111,12.858320875283555,10.412627403526324,5.655453020923534,11.240144743484443,13.928143479639944,5.716531916522762,6.4266160808614945,6.1064744617333435,6.242735579531845,7.234467744365048,5.264280187834624,8.611568466625581,9.256542628233866,5.762513012464073,4.560385904601667,5.801938234725954
7.8026609573206125,7.91359743300252,8.004337799989244,8.37188708629089,7.976685642475458,9.013361345123249,9.422079104724828,9.819168611776911,10.33712420689261,10.899402429609673,10.947693506445846,9.801125994541739,8.82022904737936,12.02471812824881,5.080580628430633,7.967875124688475,4.854948035373686,8.835460630462507,12.40185769835782,11.479495157491053,13.544780076086006,8.81806835902086,9.5818225701107,8.579672493090174,9.288441180544037,9.367728876463564,13.918462786604898,5.31854205632676,7.508518944861651,11.619869736305,8.588270702619237,9.260230684033864,6.617559826567041,7.556435514235117
6.205808927013577,6.760455555410402,7.114792757585017,7.5586027566093925,8.038867342502288,8.508725815702197,9.068794062680032,9.42542648206671,9.608258576869787,9.938520532509859,9.619698135697822,9.201405156208581,8.010192261373001,11.667067989678635,6.073247426621646,7.850615424144803,1.8260631355597718,8.423896656558366,11.433169568664466,11.810998304165798,12.365787688010883,9.75890373508303,6.696077460567544,8.44608794664348,8.696830059375365,6.092200070396383,7.558483887439721,15.058438147363765,5.11656419321691,5.9335454226944355,13.48973839674716,6.077497543274863,8.690342199777549,9.336153791817733
5.631071029371184,5.797914507484149,6.2583364289093755,6.832093632521201,7.195948809798463,7.643668073379588,8.01712661499504,8.327340727099571,8.579170960644992,9.043880088793278,8.900865502755563,5.855602128777859,9.20665995007121,9.680197778907141,6.775841345009964,3.146434632102983,5.916120455323132,12.398319432078473,9.329827982724666,14.37835411295315,18.795516435484938,13.54996384285458,16.192275847063918,9.283509917981661,8.268819079969063,9.79822820000599,10.878486143080842,5.265810083125465,10.19773646913579,11.033948186526528,6.434672126244842,7.619050242297171,9.321781743672567,9.527681313043503
4.909649478540954,5.1799614560869065,5.45849708326049,5.622340728580989,5.808914291262431,6.277712120362805,6.696749309107287,7.082486389108056,7.501240701706491,5.304654638217128,3.9770512170099304,7.389713618097739,11.141627481317924,9.356868952540161,5.164898504055588,11.36581782441614,11.451642957996256,8.339383155082123,9.560760925367322,7.450444632015203,11.756819715766072,9.769426931020991,9.966886214141656,10.48521376444139,8.529634417476906,9.682385696124317,11.598370496689377,10.24132837965693,10.166484586233786,8.951580920097776,7.136475525024894,9.622897350879919,9.685579481893736,9.640326147373866
3.5715216209748166,3.7643064620581637,3.911328736788918,4.217488966699431,4.3552043743796975,4.458572776935352,4.88813735326746,3.4957301923154693,8.551424846668333,3.5992652594042065,10.804697134633608,6.892329693919446,10.220228846948672,15.596625468546133,14.259408526274017,4.9832760585859175,7.630808233422798,7.4004939787691,7.656395225905909,10.010189639154243,12.693451319138376,7.418152577088145,15.268124774991342,6.918630480200708,9.067801868389873,6.042553905676354,5.112121359574765,9.169568429005821,7.898969670643707,6.876395409044893,8.175112389137048,9.835306647839317,9.63908697773668,9.585131550682402
2.3750483548729053,2.5626231771631325,2.7829760829120893,2.939049211120693,3.2706570898891183,3.211472362108956,3.487500332676908,2.047514876216539,0.7237177153455201,7.394618336430966,8.270042982982424,11.238479676236343,10.58601964791039,5.382158256764024,10.946135067132778,6.1772141203104685,5.881806274134908,9.237280778480711,9.696678595839009,9.81139339027701,15.504355677111079,10.584279019065756,6.056166641019478,10.818289986776994,6.438685320920031,5.464644347093303,7.8228142088487305,12.216817400209116,10.865832453278651,9.906630029164921,8.735629859608682,9.704114825587311,10.173903815954626,9.597603402557827
0.9279900324219553,1.2977264199562553,1.710693533217738,2.007998713262405,2.627125165179459,2.6591753005697725,2.03203674008458,2.5317717778938142,7.174353665130726,11.278208250250037,10.039724734032925,10.485699280221642,8.954398265480007,12.444796766585746,-0.3110051316917341,12.97540373965065,4.105539926414478,14.21625173520788,8.69376724900628,7.213433495741989,5.891270056294093,11.035463624613135,11.21141357729044,6.557823843162305,7.512805509919099,6.094385984596921,6.9375246742974985,9.798200356163406,8.41900186071795,10.647954262549323,9.596977606064918,10.075950754616995,10.129236956077486,9.893953901067738
-0.23990003225193396,0.3382735715397211,0.7908122740247259,1.111373742396616,0.7686742229091131,2.3763675231421333,6.696362163901196,2.359123018055422,10.101261386545536,13.119981731141687,15.009630095845008,14.587271768349584,3.486619422693448,-2.9997096811526975,3.612166647063992,7.409383156653608,7.969027090487888,6.178007357617275,6.947200419254483,11.324023504888473,3.0496396976810294,10.207478026904356,12.639853278401624,11.836645061709945,5.688804690484793,9.33543544302032,7.790680383673162,11.915534004630286,8.883058339335404,11.364890694078705,10.423666816517745,10.626561950508126,10.52108195711056,9.692562110738924
-1.1629669133391258,-0.8595861613533278,-0.5431923697329375,-0.4692275458003368,-1.8170189995757695,2.405509660417594,4.280075296966396,9.716596418965196,4.003840191555289,11.166253920826538,9.285942624915233,15.303861490198877,15.144426428935164,10.182084589759533,8.975478191136327,6.777755269347876,2.032938946740848,4.932896914161055,5.341756261705211,5.952659629960493,7.139888168108902,6.374568792047165,6.77023028486632,10.29811221354054,6.225221888775889,7.722604137620826,7.886043869510109,10.921934710787731,9.556451935594481,10.915309691242868,10.494975507790787,11.926473229906112,10.543218463216391,8.661606225910209
-2.3528000811478904,-2.2392924938285774,-1.822959697374377,-1.7461366324167955,0.1904243816124377,3.5390160253422085,9.234707058492795,-1.5767348948881503,7.389193773848437,9.99686113216337,12.46794879588624,15.618902262236686,0.787980447103968,9.405967389569936,-1.1507848592038232,6.715987640431508,9.930543688617503,1.097693028938951,4.788884199224738,5.340905261579378,14.131018073837545,6.482905649687109,3.3434909182670713,6.22143556384874,5.464617062698854,6.806283874695733,13.293623892599612,8.993786429608953,9.23210904550612,14.033635266318397,13.547702679888818,12.191215974696926,10.049007484279926,8.532309288908655
-3.841165035877849,-3.50689094920293,-3.121836488219024,-3.0770098070642744,-0.8896121267308236,5.054720011631108,11.588380965362816,11.58377273639853,0.7749715317065521,13.839942664948982,15.249149870682208,14.658510196987136,5.590790934732872,-0.5186595537547461,0.2782423501482623,-2.2541693161085843,4.124100932793849,2.597305932279912,4.186296391593838,4.527073677079431,7.540163865601783,7.939801490624484,5.555910757722569,5.389314227927821,5.662074042490966,6.12698568707009,10.264288236668863,9.36325875614352,10.460372700382926,15.677350522318118,15.625493449229605,9.95093453067632,10.174764313117592,9.264331602717327
-5.283954814100977,-4.629335846557601,-3.4853754102776637,-1.3068817956273167,0.07852110066946495,2.6578463225273916,8.63644872687566,3.3909977203686132,15.142046553956545,19.533873274806332,9.67777955099703,8.846816955350237,5.2425212034981605,5.506920114441043,6.4058628878035275,7.749553928007378,2.4576098665560573,3.2761670545099633,4.381507555846948,4.999580412060466,5.435465248184405,5.342338711074333,6.5159491897749335,9.115715596062339,4.437825281447591,5.21761701287359,7.680190670129554,8.154221363381655,11.329118096965269,15.067744218911452,13.363794440294168,11.43122120073259,10.250359499318963,9.165068623939568
-5.480913823996309,-5.067495893001471,-1.1397261424566727,-0.5235866078317992,-2.106964493673676,1.0577146003243614,8.666778723492273,8.48216891765354,1.1346975569168778,13.525225558817883,10.260866457058281,5.031454511471979,11.56169236786472,5.479128585531353,0.7248813101049881,3.896115207489915,4.288526321321824,2.7037277099028363,2.0208738606918724,3.6591160275955374,3.8180504564427666,7.380353722094836,7.219673871753969,6.2084526042637815,5.4674712028392545,6.273014814617825,10.461695532543624,11.148528848817426,13.716303209615884,13.507547007171397,11.400625649435268,10.574053572049841,8.807589600426251,8.195239154262689
-4.241507743155005,-1.0969877078307324,-1.2121534758097834,2.670004111190866,-1.011719229323196,-0.2832480900485262,2.9631456690344216,12.816958743386753,14.019408318643439,14.152365899969485,14.771259790558064,15.51578639432132,-1.37886919406189,14.439656175499746,1.876170758574349,5.944960811937166,3.453460961486525,2.5448402406627495,1.336086576854206,3.3479128590471188,3.0752381847232613,4.200030947678543,7.146456946787699,7.1333804739747775,4.762260688754294,6.214996141239628,7.849632541697586,11.413717888030872,13.577905178711024,12.5168174041773,9.741504731437967,9.5811111999315,7.8373748511724965,8.349787942217986
-3.598596971426086,0.14429687479336764,1.0462858337781231,5.489585053962316,-0.05312110602459003,-1.8689236390957302,-1.2187143871245936,3.472360406961821,9.04430832661589,12.52249565676277,8.218045456778492,11.915637948853345,10.264888432811922,4.165977966524512,2.502436894082413,2.9320690063134878,4.264700824690912,2.5864400665913188,3.263267119352132,2.8345022420554646,4.8298811923543985,3.929784816219926,5.762116573150451,6.888828010051684,7.336202588116988,12.158141065210879,9.461453705964532,12.347598738794686,12.860237873463836,9.856400912479167,7.847108567527465,8.236340496416407,8.086125637047859,8.110615051279373
-0.7208135264384665,-0.1106275463236905,4.343997582576507,5.873853521714938,-0.20227926375582816,-2.177332816153107,-1.2211847494530044,1.731684426009824,7.7412537833292,2.390773821514923,7.2523124539041195,9.41019069252675,-0.9543100911692363,7.653104047134725,1.4315280757820046,2.233297590035366,2.9417187115432726,2.9041948623685543,5.110914970879619,1.9360087600826779,5.7356049051805424,4.729784618486535,6.240232412623394,7.028624214793285,8.316100384841153,8.915585656633517,10.33426339327339,11.616583662733877,12.079999646439918,9.808560107582204,7.632180919229257,7.825251531536815,7.530571954912571,7.163780451109256
2.1279422135848534,3.538014931951096,5.637479257937031,6.498712430255881,2.714033018421583,-3.839815471011905,-0.6192256729167903,2.8845641918390195,12.445598371918035,8.711319840626999,1.7556635700535468,5.0576630377028025,7.8960256406401435,6.609146400573817,5.976342161532048,5.0844916266295614,3.510985464640899,4.425408648636915,3.481146922299844,4.654424138177365,5.467417736457101,6.894120173175352,7.9374526205928095,8.461643310886775,11.567100338608304,8.45501634532936,8.780605674754995,11.224151478018237,11.9631801863285,11.615551239177252,9.937580934188972,8.52907346033344,7.598677627669616,7.2740395762629415
4.633528924793847,6.283476826102841,8.337239893144183,7.539480418149188,4.410218159263924,-1.4705121829028929,0.06488400609755024,5.533425309391822,7.237118769042988,0.3340622414695434,2.7946505668479027,2.0506277652697964,6.261396486879047,4.075846593868176,8.056017378948528,6.164924306658108,4.5054761723377466,4.3726087963533296,3.2052122035894777,6.514660067954499,6.5437602961787755,8.221643682249887,7.279321645174132,9.224148278084476,7.539607546375531,9.573995774858696,10.237574346986625,9.30907694616695,11.989950775986559,11.930422369818311,11.175545969932754,10.319962753941088,8.01120781735709,9.057564230173616
8.0968652594548,8.96152712684725,10.512606918951025,9.186361267872785,6.384976951278925,1.1286025417699541,-2.7230669058407395,5.535603693760489,7.587370853855551,2.621230448076077,5.951950732745341,2.23442267369859,4.888880459998789,6.260261932485459,9.02976524896662,6.643926035085074,5.600787896778546,4.96473335889693,4.559830182467853,6.893827305918063,6.8490917758875005,7.9612930264373585,9.102376171558866,8.937282537953864,6.937260566935926,9.32269742409575,6.9823125910055746,6.956367226869986,10.698508102632646,10.313311680519647,10.359219885498351,9.69477348234783,9.054552003478618,8.935186817499533
