script/wind450m.json
{"header": {"parameterCategory": 2, "parameterNumber": 3, "lo1": 3.000054539987559, "la1": 64.9999836372058, "dx": 0.5, "dy": 0.25, "nx": 34, "ny": 52, "refTime": "2025-12-29T09:00:00.000Z"}, "data":
[rows 24 to 47 of 52, columns 0 to 33 of 34]
-15.738201009395018,-16.380980829678986,-17.938303615110353,-18.92429295300854,-18.43743474689852,-17.881267914723818,-12.25882501106075,-11.807391804285896,-14.702887429387651,-10.562415108091596,-11.269802352013695,-8.06459269311237,-10.176617535617261,-9.721116284560031,-7.9017856426019515,-8.100203618294676,-6.1894182644339,-9.59890955481367,-15.77130955116268,-17.48141767962535,-12.151056382557496,-12.36580361881586,-11.420511773062834,-13.070741851450665,-14.645592605014043,-14.064907134340274,-13.060279044228517,-10.965139836593488,-11.566650602118731,-12.428763289551846,-14.19208436289475,-15.260753058223049,-15.244950842817294,-16.4701156019136
-15.579413157092459,-16.037805528960806,-17.1630684222008,-17.340652706450395,-19.311609343484836,-18.77659724857265,-15.926270617975566,-16.324616961323343,-13.691535547659432,-9.838286964092749,-10.263259246052538,-8.659448830481068,-9.126358131143043,-9.638967163954828,-9.118046516550864,-8.992781777020632,-7.762660679070466,-9.441553907623925,-14.778656030776887,-15.4566599044136,-11.788608145033745,-12.963957026021504,-12.246534484981977,-11.337237251663195,-13.408236646669275,-11.719843596025818,-12.565096753872458,-13.077727214421065,-13.342520027145573,-14.88451304105205,-15.577519145312676,-16.22656207595166,-16.896908775792106,-17.002664641828023
-15.215182037429184,-16.105455694551228,-16.52858989763903,-17.553338293483556,-18.374591359954398,-17.9627732770024,-12.615747053018643,-10.455641577404776,-8.00623848072697,-11.954458686121866,-12.571503095250993,-11.050751077229432,-9.269769201579171,-9.720319443279843,-10.347681081646451,-10.25111551265465,-9.971532111670271,-8.983877384527464,-13.185260925267116,-16.84574583667641,-13.138122893878208,-13.169686496247927,-14.118251642408332,-13.177146391331728,-13.306233703909172,-12.11483909402094,-13.8193650882343,-13.50265392811071,-12.963567423515128,-14.789769599500449,-15.83493953749802,-16.40640884661113,-16.638466168195496,-17.121583734973036
-14.745255795119386,-15.505251819070395,-16.13496153033332,-17.262451177169094,-17.941227960668126,-18.251912225125494,-16.364800313414978,-14.008448672951952,-12.001473961813694,-11.451807174150764,-11.515306713906332,-14.24427032961516,-11.139085358302227,-11.58647440679239,-11.42138837102892,-11.646623716716197,-11.24845823380386,-10.472870479122289,-16.564128796509635,-17.99051322599071,-15.47524056950929,-16.14462692700235,-13.66080937118152,-14.460625898830918,-13.423997593431963,-14.446109294218076,-14.808873471847098,-13.269942268591223,-14.208856122366493,-16.654966252587073,-16.58814185359376,-16.534848758127797,-16.939648025125724,-17.569597116858752
-14.229472152569544,-15.017973910159617,-15.42162645247853,-16.361402429913575,-17.120477069590567,-17.17021851786006,-17.59560138186655,-13.748358609915181,-15.405908030284616,-13.907530611014103,-14.79075442592326,-14.442856229958428,-12.402117825232954,-12.487371377228865,-13.959861931354633,-12.11319517342408,-12.856429154513673,-13.602419509089907,-14.719164216288384,-18.870748984372234,-17.10479610383576,-17.46378296061285,-17.39926707676898,-15.162366133063246,-13.018211283339047,-13.236685572102022,-13.83836321868011,-12.245482577126163,-16.545353404832152,-15.466833261453784,-16.73457413627537,-15.910889780712093,-17.12303176091039,-16.357386069221082
-13.74026138001714,-14.562646796850153,-14.823997081692134,-15.662167825771284,-15.997201671987687,-16.538387165282185,-17.13637809418073,-16.98657855788023,-15.673964735208333,-14.223586643941914,-16.10776413644841,-15.26946033424431,-13.236400365290137,-14.214199146104285,-13.125380480764674,-14.098201540093163,-15.271146411583768,-16.85280212983091,-16.304375701904767,-19.8693635487886,-21.103581234741792,-19.323426273839996,-14.27057991011691,-16.325293433469742,-14.618935900299544,-14.188984864097478,-13.475788383829336,-12.589750377897506,-17.128335911756086,-16.715552454028067,-15.676561270423997,-15.379345432643417,-15.733223151929453,-16.25631218972972
-12.90170139088174,-13.496074817164349,-14.181751444093699,-14.977747984146214,-15.724642939783125,-16.249925651995614,-16.218608541689992,-19.002133909080733,-17.15593874594993,-14.584741816963374,-16.55307717306281,-14.938647731230272,-14.25931771673802,-13.411927377056644,-13.122264683967215,-13.950558772815494,-17.252376507500035,-18.83707526410816,-17.725882655356948,-19.398378829903642,-19.145233126564218,-20.21316081783029,-18.7721935340785,-14.693371146186438,-12.730847847958385,-12.869035353728101,-13.017871712458978,-15.848930862800565,-16.94144616866163,-16.263574940910424,-15.388091605120728,-16.291031538412334,-15.383198308875897,-16.026113813926926
-12.008922932059045,-12.574476496248984,-13.578462995994474,-14.423073728166681,-15.419640760142428,-16.215289490750596,-16.391871028433172,-20.322056414572398,-18.337938919885023,-15.56953159069634,-15.392882632625758,-13.813136201873098,-13.258662082686843,-13.53190088679946,-13.828193444580565,-13.709900732178427,-14.375611998007825,-17.25185257074636,-16.148798736218474,-17.68234386180216,-18.534877795045098,-18.521491883510606,-18.30418839879352,-18.015969986079817,-14.79351645502443,-13.537088606385232,-14.235824164489353,-16.222755484626774,-13.872883239428221,-15.844569731815698,-15.936757855356301,-14.341123968681995,-13.056605005438387,-16.68075137737817
-12.043534123595547,-12.108364136418022,-13.000452207288504,-13.789327340783203,-14.855527440774985,-16.142159960818503,-16.597633590465406,-21.169987746203404,-19.740656873551945,-17.211228871162728,-15.630777790850908,-14.241034209186058,-13.609541814369221,-13.398425222022198,-13.720580427437381,-13.321976883285796,-13.378103364255544,-13.020632632964897,-13.53827144536484,-15.397369405141209,-16.79289470774842,-18.97455121185298,-16.19110130418419,-15.917852655400036,-13.914842654861314,-19.236248787917603,-17.82450355388929,-18.00984328768229,-15.543214512537807,-14.39092268930248,-17.733304266800506,-14.06042859081228,-11.857465894694531,-14.931217642493772
-11.603155636130534,-11.900677774875842,-12.529954159941187,-13.410332648270508,-14.171346145455614,-15.747794458432582,-17.378198386176372,-19.26019272424648,-20.831655453877367,-18.300232769890243,-16.47160411026739,-14.932112520736629,-14.42694539598826,-13.782293627680048,-13.827635611732708,-13.774057615005203,-12.042911482611236,-10.998354653515536,-12.651868838469472,-15.734447620488996,-13.668176730179836,-16.232153428936822,-16.121041018461852,-14.022126133820754,-14.661094954071196,-19.533103766559037,-17.63609811570069,-17.636434333477006,-16.329414481423477,-14.787096030777839,-16.35322116637697,-13.457254763722819,-10.643082640121658,-13.748713630927204
-12.338079968174597,-13.173918720195367,-12.712949381759278,-13.160173015131665,-13.700990379804226,-14.460220965309162,-16.89029955019457,-17.801211595621023,-20.599164555675525,-18.573328100854006,-16.725904244419137,-15.309745234197022,-15.167069220168969,-14.185131604319484,-14.560550743192797,-13.358993656682886,-11.557608151987063,-10.702860477143652,-13.410590870104423,-12.732185820374923,-13.656828460529962,-16.028820118455968,-16.88117682984055,-15.389862353470116,-16.446141511017807,-17.09550761886187,-17.931539736075912,-15.916116014975055,-14.080486666316181,-12.235541095363946,-15.186845643960218,-12.548741254084966,-11.870938075894216,-15.162051321319876
-12.436480499319055,-11.88991243598054,-12.881679481274345,-13.067526510258336,-13.814349091209067,-14.474048562370568,-15.905947093823329,-16.91002655251546,-19.16299256431785,-19.560205395954704,-17.161900103561308,-16.056767312444236,-16.047749129804362,-14.555581208336843,-14.911469125079382,-13.262450150751906,-12.152140512787545,-9.559366799814505,-11.325194323398986,-10.215547734391805,-12.116703441780327,-14.226859701121134,-15.808135977732967,-16.715574523021246,-16.39908496939852,-17.391735901480953,-17.87701174485522,-16.650679529843508,-13.45055124761989,-12.396124469305516,-13.65974223124411,-13.2079941245973,-12.003888982198355,-13.241477138063432
-11.838883220880172,-11.980632090267655,-13.101641992095946,-13.852048877470118,-14.196966534694692,-14.969705704592474,-16.016554353896712,-16.81856691724205,-18.091424099875866,-20.297241264209365,-17.792508781915704,-16.944151444088007,-15.994362463181904,-15.751320238380826,-14.278467381605846,-12.766027365069053,-12.078934626733743,-11.232681854319278,-10.214204205346334,-7.997846081625158,-11.2497071381987,-12.995688329596508,-14.685683655922,-15.600146111734182,-15.944841916914857,-17.73669340434369,-17.270951256618872,-17.58514306049561,-14.456943450783811,-13.335646566078912,-13.166661848133385,-13.928708731859432,-12.443883085700731,-13.502420645537248
-11.475848653698014,-12.03905112012002,-11.870922724575127,-13.766990679991837,-14.038101043513272,-15.782609662260272,-16.124344482292393,-16.56107907003297,-16.82947060905715,-18.47333608815988,-18.340413099509295,-16.648975999660692,-16.53786958790999,-16.02104958183052,-15.177112152162149,-13.063480513159204,-11.750943069880146,-11.349949105456771,-10.500536512284503,-9.28234661931105,-8.579403143385909,-12.178556347025022,-13.481895317260056,-16.736440694592414,-17.033120418016562,-16.875503113444026,-16.428304004179385,-15.865663955585873,-14.81901878387226,-14.141422014519724,-14.427089186430566,-14.709790047488895,-13.277059078915663,-12.953734660591191
-10.80719187109996,-11.793692412483422,-12.039872271392177,-14.222888114476222,-13.888082550591204,-17.261736984565744,-16.148017892668502,-15.594789823726938,-16.79217434751215,-17.06557080391536,-18.362790937050818,-16.603682704681724,-15.871158813388396,-15.910177317698839,-15.192557071201037,-14.47130940235803,-11.219799487640637,-10.431586304679165,-9.306331496576401,-8.697400612921202,-9.53180985967556,-10.07669729190953,-13.364691024371282,-13.682668969995301,-15.427768529869626,-13.87403115357584,-11.283083608033238,-12.038202855583807,-14.441407207924785,-14.922324342055914,-15.12990699726111,-15.10673881643575,-13.811063936275886,-12.750655502540582
-9.998682561329396,-12.045097230024838,-12.271237834270552,-14.181967368566534,-13.691501698625506,-15.668003093377214,-16.830451593575617,-15.497183354247722,-16.814540278490128,-16.893625975733958,-16.94250472796175,-15.01786050958539,-15.890924225990227,-16.30000517702819,-14.802035829906004,-15.079626580968945,-13.007869862015191,-10.240238833592434,-7.97360579916012,-7.7323768516791125,-8.814518141497164,-8.657523453570242,-10.757710282567267,-13.4529854705635,-10.23928655744052,-11.270709141581058,-11.15810768841461,-10.994584180945326,-13.315084130182147,-13.391361306409042,-13.437688464431673,-14.102562025976859,-13.284120568421269,-12.577666813950438
-12.88705835137483,-11.902674530728474,-10.576194552521667,-10.970733785095321,-12.479694471859135,-13.119144061030612,-15.61996263365202,-15.825985170968996,-15.855100311337772,-16.840641349897197,-16.575112983962594,-16.948653552564533,-17.057824358932432,-15.678512458119252,-15.465332730488077,-14.505080779763821,-12.924442093109986,-8.841435373508448,-8.46345512212588,-8.219789520881307,-7.899425825053385,-8.896894802499983,-7.71794091497218,-9.358680816982469,-12.121816052588663,-12.078280570425495,-8.921098758118577,-11.091921119948799,-11.966920699560028,-11.393179659920813,-11.441444822267691,-12.462221952250994,-12.985234909567078,-12.513661616692456
-12.528225627703133,-12.247760607081089,-10.793635636878411,-10.724835686626571,-11.740830426682143,-12.600812609118075,-12.875894972218642,-13.565550977431581,-15.434197809757896,-15.617238542516125,-17.160688921467692,-19.088847727873173,-16.672450588125002,-16.204535203818157,-14.761630128117798,-13.670753419251602,-11.394890338880328,-9.624419459479446,-8.645583395409401,-7.709237774661199,-7.744960356089728,-9.3538009043668,-8.244618985239947,-8.162551160895356,-11.260069723773187,-10.305078384145467,-9.580586282054494,-10.492548352203345,-10.958081028080018,-9.704866405654945,-10.478640836874133,-11.296089662262483,-12.463224763020436,-12.653948600536651
-10.310776966751993,-9.931637259923544,-11.158558787978231,-11.272202870764719,-12.434992233723266,-12.92803633417766,-13.057587724692553,-11.84897823903925,-14.545124709871125,-14.511461002744023,-15.51272150189894,-17.71980653440962,-16.909709501775122,-14.511334137506422,-14.756015516123222,-13.164867761721906,-11.73165111794234,-9.061779760673618,-7.34675402462984,-6.547132810781673,-8.470557208850114,-8.609992796991081,-10.236058988197115,-8.598386456922432,-7.7815766752857165,-8.109027829694298,-8.002871596028804,-9.240304558534561,-10.113412852193497,-10.461000019337451,-10.88210139120385,-12.167471151578958,-10.892188410905254,-11.138377460096889
-9.237107427254251,-10.31715518455375,-9.704931960344839,-11.165097552186948,-11.581106326704237,-12.07172794159302,-12.193817250857432,-12.309088037861507,-13.127548095315268,-13.564144356773507,-15.51173372354707,-16.411623184745576,-15.261269670372881,-14.092157051816425,-15.204096857718136,-13.61998019495625,-10.417571995018136,-10.242595310562523,-7.76051191961898,-6.17199849024173,-7.718627442506769,-9.270185929010083,-11.051545080198641,-9.821489201088394,-7.513147175575962,-7.21978366156988,-8.805997291946557,-8.525054235240317,-10.362992756968048,-11.207996370797444,-11.637667536293888,-12.3245251279032,-11.946122388383833,-10.688073635593964
-11.712451856187815,-10.38174248583522,-10.137902852563936,-9.87751355663206,-10.895021541738176,-10.756542617523161,-10.506839171486275,-11.393537646280008,-12.82668118563233,-13.37521964031099,-13.87492751384143,-15.044336621829924,-14.39738799173496,-14.272617907334537,-13.94898410398776,-12.848280479682144,-9.773172850473484,-10.679799512879113,-6.68726685852159,-5.660836070136381,-6.91340861427143,-8.742494858593334,-10.183673407452012,-10.335453702686204,-7.193075223384579,-6.388758891430886,-6.480278871301321,-6.627258624654663,-9.325030181105076,-10.26924818165099,-9.52508705939574,-10.926794963460765,-12.029325836248036,-10.36383460743376
-9.718395113842986,-9.017260235515046,-8.620492192197867,-10.06838677306666,-10.281651031029387,-10.458826258472495,-10.299920459357958,-11.052251832176255,-11.629583227977,-11.938422105813817,-12.287983712325742,-13.721036021784249,-13.282398313031607,-13.54642061677202,-13.56563442116905,-12.122294988434627,-10.112319187256343,-10.258629792345609,-7.382680859840677,-6.554409357152795,-5.957530930671657,-6.9481619541668795,-9.359473656208273,-10.265764031943553,-7.2629018870205435,-6.3831261416981215,-6.344867506254069,-6.660859090106965,-8.661892537004592,-10.047834727449962,-9.000710327508486,-10.040634188482619,-7.874019240445975,-9.109941862488503
-9.379490303624749,-9.213848376298612,-9.572103185682957,-9.198327146991149,-9.633548743008536,-9.293778593574146,-9.441866545634891,-10.059550035425925,-10.643167167975031,-10.540644607473192,-11.768933607519363,-12.827044105119246,-13.189522117231888,-12.031135850615668,-12.898151706096229,-12.478736832493903,-10.694328091756589,-10.300743446284551,-9.131807678732608,-8.437191536370722,-7.142881440574585,-6.678498925917053,-6.873506772956347,-6.667124501264736,-7.041911204844077,-6.413972649386749,-5.531166305061535,-5.172229663853111,-6.459811010752331,-9.98441797261561,-10.61009375980439,-6.753076864668603,-6.075708885060951,-7.144282718116044
-8.778421921856065,-9.081151604779865,-9.033536693932007,-9.148366166026456,-9.999396297011511,-9.824897217869712,-9.920147691537215,-8.939005422785446,-10.000143878115027,-10.49501463122352,-9.99281195314532,-11.904943295191318,-12.726727107356972,-13.330571977828273,-13.611947595604963,-12.38934625458457,-11.565978476210274,-11.195326425568556,-10.182428658438816,-9.333922951450582,-8.762934315853016,-7.466011165469632,-6.675677669474381,-7.854044436447573,-6.492702629182784,-6.115692495171935,-6.268459434141759,-7.028245447090412,-6.231123643561254,-8.880960704994372,-8.771232586991971,-5.098302425892727,-5.850668202869948,-6.67522062836329
