script/wind10m.json
{"header": {"parameterCategory": 2, "parameterNumber": 3, "lo1": 6.000027932988019, "la1": 58.9999434238085, "dx": 0.5, "dy": 0.25, "nx": 22, "ny": 24, "refTime": "2024-10-12T07:00:00.000Z"}, "data":
[rows 0 to 23 of 24, columns 0 to 21 of 22]
3.432340026554099,10.191423490239607,6.306059233001161,0.33104118132502847,1.3242861950197307,-0.6249405514002917,-0.132557044019046,-0.08459465400900565,-0.7400766455001786,2.557001579876857,3.2866983832607377,1.605830698634117,1.4996841735913284,0.9836965455832479,0.44122119113664116,1.1263426333774729,0.7063094247402333,1.296263959153019,1.1056151605775595,0.47218125647576054,0.413380490670687,0.4530133520136021
5.637111990242833,2.3452148122155605,3.9833002254964995,-0.11168147105511318,0.36796198493608384,-0.4684008333970585,0.10300060168463769,-0.14058664062376985,1.7489062555855812,2.513348252163221,2.5344721481967616,1.4885394521558153,1.5709245725379806,1.486102133814492,3.06722625411672,4.531036182560035,1.6057431358066945,1.7743862103392716,1.0020718344520525,1.1877183881941111,1.0675152049060195,1.057269463774676
3.2474865015244863,1.1049157625397905,0.458774438521253,-0.7072885461863573,-0.38739806971832097,-0.27479009046202435,-0.20512551095508685,3.031347408297391,3.5536557205834205,4.117106057809955,3.5897500053700164,1.3343719414786255,1.488855563873725,4.062353730417523,2.3320739604946277,1.9077104630885016,1.2950744728143682,1.3128729436222133,1.8539611502817297,1.2106027879080277,1.7927715797013553,1.4362078654905521
8.635327158952464,-0.22370231006974753,-0.09044236832285656,-0.34198211925429983,0.21700491391130752,4.854081469275612,4.485714098573584,3.940653514128305,5.699005509596697,5.37536235002106,5.407134840574231,1.471266792266441,1.7258948846903686,1.8567987416220322,3.039715839480468,1.8092394515594872,1.5756852402700463,2.71443323051513,1.0838529812085924,1.4967808609046815,1.1143661839997383,1.02113110358787
8.86312429083531,8.739922199652067,5.650440036143183,5.489351513616152,7.410799903794093,7.802057472990208,1.0695372654811712,10.301956226589267,9.761605033916965,8.282680055466654,7.432978665578451,4.5205647697635,1.5610048643208212,2.0562947436143153,2.0772563242813065,2.0680724880670622,1.158722773544595,1.500335738711801,1.8023974936670846,1.32683707194044,1.1673483514952958,1.0127533279966692
10.543217695071458,10.550980139316565,8.535582332367586,7.69558636191878,5.153232938656183,2.542179542783227,11.15118508183067,9.911573960263073,8.986443966930153,5.58951573906459,6.860388038509684,6.276318797626247,2.1216999319172998,1.6998052497305298,1.832142256792046,1.8819763665272289,2.051074978761136,1.9701018647823096,1.6290647182274165,1.3104897028293756,1.1681284570562722,1.1997827726237484
8.525156916540483,10.735550937435326,9.669348625855164,8.110733784989504,4.910136891736688,6.393448781327723,7.974053828781488,9.256418392502894,3.777759090201712,5.355158765187086,6.801927682702657,5.72740910713433,1.0689122068982992,1.2999568839159694,1.3627424261986796,1.8816593059722027,1.510425489969745,1.484182284157116,1.3470615622467188,1.0567725463761215,1.08917873879775,1.2298620184598452
8.049668241902678,8.475410848108309,8.937435217125604,9.23786875816596,8.212077753904403,9.211145360265396,7.9914761518496,7.0667369784469685,3.1666289357012665,3.533851096583094,3.10829753602094,6.732527156894547,5.358231169319726,1.5997173536374993,1.6487542270264819,1.079478834383999,1.5757474506528664,1.4841714247247138,1.4369933833545316,0.932180269430682,1.0279682271901935,2.280638211964597
9.345796797371271,10.29488060428392,10.037384963486899,8.675641868012656,8.485269844714823,2.8163999386259078,8.821054217439684,4.031620848893742,3.6987417802181217,7.066907942715132,7.281810638939263,5.677509105932736,4.674747006331854,1.1202843126693285,0.8352625598839587,1.085001687594008,2.172230700751184,1.3325841005057375,1.5136309357987936,0.8569402063075803,1.350045068373334,2.2145782970233507
7.286527891853767,10.609761872268088,8.902433960507707,5.6155371865739045,8.288888285645843,5.614590275644064,5.0566666884450635,3.5453949631271025,2.888686774179908,6.631783389127082,6.3489664658849465,5.162796068163834,5.817673360084555,5.1514859135056765,1.5605921994688203,1.6172897884222488,1.2476182647000345,1.6385941146724543,1.0468846538571273,0.910008536715728,0.6434840227744848,2.6459299512382293
10.149861037959944,7.943866724247321,9.952610226314683,7.027216855467682,8.06051916362962,4.032274121439557,3.5601724630553706,3.696526391131588,3.183469783683074,3.708343314504956,6.188292373772581,5.891029018981055,6.198502088322527,6.354917503767597,2.5594636580608277,1.2711846624417316,1.4381384097054257,1.0266349767510743,1.006574704338157,0.855496238633693,0.5968267066073327,1.305313774463742
10.462204616290498,10.460679631733958,9.539833310288458,9.098013975721361,6.585746208128764,3.2644695124163707,5.053217690659728,3.6265971444618,2.7020212275713655,3.921573263128431,7.284689230378995,6.71505988310478,6.833329289101724,4.554898497055328,1.9473394710736605,1.471810863874824,0.9841127061582399,1.2478741354672047,-0.476224380376714,0.2184147351530129,0.446922178880673,0.4588895470490077
8.205250123318697,7.3334370204726085,8.54682474473894,8.929046317964524,9.217589002400395,2.5055865761097054,2.98368436907564,2.896315309312037,3.381019641724063,7.436450475516011,7.636615909172463,7.163710339533271,2.7420629183721505,2.3168875713268333,2.2013490837881466,1.8147484678602213,1.2916979231043129,2.2111124248816045,1.7330256610940087,1.1876930216510662,1.343216552813765,1.260968536461624
9.136195913654769,11.066670812324194,9.638611688267224,9.607794574039525,8.691807417380621,2.176950717661312,4.599214694725891,2.447856034105996,3.8623841259826777,7.724778114798102,5.8640066205731625,3.1252903460720343,3.2882656307850318,2.912025798043494,3.138072456465669,1.875612728277498,0.7904808359848542,2.7442351037282053,2.3787707190576044,2.135179165611306,2.00725274568136,1.8951075669510493
9.497664729725148,9.885138603778724,8.404322689399278,10.185440416573538,9.955479146119622,4.885512679073072,3.9046939169292667,3.0845184767368994,3.3166850519370756,6.129424234777359,7.788780484310441,3.345353017477745,2.7413565160627646,6.281225504331714,2.4733525785654296,0.9747320402798386,1.1388349291126179,2.3000735417689455,3.526263410758118,4.660592241443591,3.6209085646116965,3.1030912980853946
12.89999585892705,11.267676689657172,11.725418275542202,9.277629887753996,10.121651380780918,7.483223668304158,4.162383151285568,4.615201067644306,4.866800806934445,3.693367678081567,6.957015918681939,3.626329048315602,2.8168333542457504,5.425239442113365,5.039853678681282,4.2413091750587135,4.080252143870446,5.770205872833664,4.216346996609652,3.781515115764479,2.9999817115856207,2.709446220913096
11.745325421318418,12.27632049920831,11.729153619534015,11.699421948436145,10.456880333272322,8.539667002252683,3.8762369292155947,4.16132894030899,5.544866088268682,5.267468221257912,6.286763799309595,5.03207189431556,3.5763498020174875,3.092631165426408,5.2613743153419215,6.48790771845051,5.353970215951985,4.976746493507603,3.035196640009005,4.0655478049780385,3.377844928756441,2.695675394943722
12.262116513969026,12.52344196982618,11.22405930134481,10.475499759598176,9.690950244954374,5.908480520842754,2.8848085347499226,3.8740998238065467,5.8802978271462125,7.281684947311434,7.3035673454287355,3.4199944568523812,2.456322727863037,6.370910920428548,6.799564603499115,6.638223077349771,5.333652325674292,5.047245502960778,4.460699354314231,3.8401375600307075,3.4178675144420523,6.323045233461884
12.714500949185398,10.957137543953433,10.777751460282342,10.281316076793242,10.133023983970576,8.99810114807027,3.7198594174911475,2.5099095323373515,5.1420568067428265,6.362777260484222,4.84847395766886,6.708119759806955,6.643544698875469,5.546499231925941,6.006988062724576,3.511354684268589,5.146853919652386,4.654583209135268,4.70686601664799,6.079578382658411,5.7321306139952535,3.1222413006513334
10.797109288175722,10.257717891555352,9.18476042659421,10.783928945989235,10.14915085694702,9.001736701982251,3.2068243984746263,2.971252802932157,2.8454142297091365,2.0888251804727678,1.4677533649008576,6.957212169555196,6.664478797652358,2.338774954122836,2.121164096568693,5.842475271562421,5.3546933085699076,4.929985767310164,5.914132359631876,5.913655587877323,3.669453645171887,2.676592764063513
8.624652109519944,9.013554304605522,9.509653447846594,9.508246548451742,9.554878367472783,8.436515841566257,2.6311529372800244,2.102992504819466,2.3924717593230955,2.4885017800360147,4.350194847334919,2.9971162025371596,1.066429271079061,2.082074334581217,1.9768963409263904,2.0804622260608787,3.4464965776658745,4.967259615729687,1.94388654034746,2.649447880869476,1.9617193032541183,1.1668950602959929
7.985332365210458,7.941245076857753,7.367146268594871,5.8906268973118046,6.72197820946818,4.202408990553175,3.0991495745862743,1.6139025610169755,2.2122893141000217,3.4835825987013522,2.964609229875761,2.5741438803461674,3.5154763146217465,2.5891305635958672,2.5378891928140965,1.8054020833267022,2.9305724999134943,4.141513946182883,1.7102772263109205,1.2015910240613155,1.7930870973805324,1.1164826319602688
6.3733450634972,6.39097763151145,4.372166681567092,2.3174596460808083,3.4139304493247846,2.9540142052715144,1.5607509996141673,1.8757717978001045,1.6841873333743724,1.7512582501364926,2.4379644885114526,1.4091740139587494,2.5883765033059762,1.4188220442669885,2.0134377343503633,2.557195575132935,2.297843541692073,1.8007651309773745,1.2720780634856574,1.558389952964347,1.2973820050790144,0.8541990940228662
2.4931670175059675,2.5129839746487717,2.565867568162523,2.126770042141872,2.33568761876224,3.512146318218625,2.6568599829107407,2.368113751774273,2.506438655151729,2.3479242103819433,0.9792637177653596,1.3967349763044148,1.4026109488619631,1.5525149709550201,1.1334748723362151,1.5078161787647506,2.062367372119956,0.9724674257208137,1.5708791929497075,-0.32286991492838285,0.7369462190920179,1.603976670196819
