script/wind10m.json
{"header": {"parameterCategory": 2, "parameterNumber": 3, "lo1": 6.000027932988019, "la1": 58.9999434238085, "dx": 0.5, "dy": 0.25, "nx": 22, "ny": 24, "refTime": "2024-07-31T19:00:00.000Z"}, "data":
[rows 0 to 23 of 24, columns 0 to 21 of 22]
-1.7627643586316586,-3.563414351811033,-3.5811020888139034,-1.511302087771835,-0.8568979550495874,-0.35126468978418085,0.8180421109039042,1.5381748706407992,2.3007191933464655,3.40423541388559,1.2878559672275822,0.18117339074080807,-0.4833133779214258,-0.8686834343381626,-2.639228337657269,-2.8490259803418527,-1.1643743981157364,-0.9504388037760563,-0.9407569508472816,-1.6654568472161375,-1.441927031295085,-1.4440542254561557
-3.3778029983602424,-3.1259366196838263,-2.7937903709751337,-1.8477683770982543,-0.9310618306552808,0.9531533231495453,0.3776017714362964,5.345827113126645,4.6606250038207095,3.094961162583717,1.4912924176409246,0.1062075573801698,-0.522088369062821,-0.5932465104135848,-3.466714717945528,-3.980763496745145,-0.803614594503582,-1.0815752909411624,-1.1518454250418195,-1.438120906493939,-1.5735314656382116,-1.678760219200789
-2.8050766989955993,-2.280669843932925,-1.1346446915289874,-0.6786764036539663,-0.5098155931941671,1.418927967337932,5.114973134609008,5.018222477328973,3.8575754448129382,1.8811391189292055,0.9888262398007317,-0.17638828706643128,-0.4878186287955146,-2.0898006876496256,-2.2453276767108474,-0.234027320415408,-0.22765661572118087,-1.9405584890627958,-2.1995852368932653,-0.7843036863522953,-2.138343217229134,-2.585309048184584
-8.937881380989412,-3.098105098847685,-1.470332710112822,-0.8848363444876547,-0.5882854043132348,2.7400171770096287,3.6465698389865824,3.308313386306824,2.0990146128135647,1.0286968869410869,0.11892561121287136,-0.261054122837179,-0.14493324354013823,0.49930300572860864,0.7773149254744354,0.25111632146147717,-0.6809438701534865,-2.57132705164042,-0.8323943423478743,-1.1453873911214965,-0.9858013830883771,-2.4978440304218736
-8.29441843831499,-8.375633722545764,-3.1783368371481564,-0.44619984126207113,0.8525452952209815,0.8327663367484975,0.9695094409801588,0.9753310964790313,0.2641888886086679,0.043131312483637996,-0.3595259560907157,-1.0962147605265566,-0.2706213249356475,-0.0864996009746578,0.17794934049555614,0.03637233048572475,0.048967991592908454,-1.7974120647553742,-1.0559084311114346,-0.8732078051829496,-1.2393105795528188,-1.5240966375560132
-7.95798075314289,-8.353395247443624,-7.549303757557132,-5.800114358872244,-3.546830882843279,-2.4402762662356943,-1.524057927165018,-0.841931976767484,-0.6967832874817179,-0.06438135437968988,-0.6026182167176395,-1.5772101612656992,-0.5917438675176749,-0.2510893433501042,0.1564856629381715,-0.10477174859415482,0.0766756465061605,-1.041422647850054,-1.2964192752523627,-1.132135870813398,-1.3317786787449903,-0.9805318532425674
-7.8249161478320035,-8.221636041613301,-8.298094051043226,-7.16030070017445,-5.986957369042185,-4.477850829554069,-2.9910132026425185,-1.9442205407068365,0.11684912033893807,-0.05811298743431806,-1.4299262040508802,-2.869184884509597,-0.8772964373785399,0.36252717168031995,0.20504000047767662,-0.13041102578832625,-0.27936321210238824,-0.39336740067715825,-1.2247607242420633,-1.3722999336700807,-1.4567918113657115,-1.2629897017028222
-7.575117573963452,-8.09047373324344,-8.03206641761659,-7.622876341424955,-6.431608798744835,-4.943235187502308,-3.8181138516095077,-2.2689069620897095,-0.5194126134531971,-0.7709030042555808,-0.8117359668095644,-2.2565178548751956,-3.828266109594327,-0.4200541215092833,0.07023855475872588,-0.14232182067834653,-0.19337262732252353,0.0036608558424716677,-0.07520363237050623,-1.3116104548996874,-1.8321351239268135,-3.4172785169825874
-6.6987093836135285,-7.578374019378268,-7.543409222188487,-7.043206159027477,-6.254873644962639,-1.7430728050970175,-2.1730003554982003,-0.6595230881046767,-1.0631957492219848,-2.6712977364721358,-2.8059808178423187,-2.787654493586324,-2.09810904058821,-0.5151421226018459,-0.25492783419287096,-0.2025688062204586,-0.5028483538960906,-0.4048571384303156,-0.31811991489695923,-0.17279591092662125,-1.9169698135376678,-2.5882400805597507
-6.030667321431409,-6.990815706201109,-6.724069581079862,-6.128886858368847,-5.475597436871162,-2.9044401823565367,-1.2890243144008753,-0.40891060456606654,-0.5651899091173063,-2.455431877122831,-3.1316859145008475,-3.919989945381105,-4.146937993828022,-3.1589715820522,-0.08550873078458157,-0.211233783553449,-0.20746225360608192,-0.11166654604771925,-0.4498830558542605,-0.2736144260108064,-0.12575506132369602,0.2935225085007919
-6.0831664661324245,-6.419112439660751,-6.163978273654796,-5.919464223182406,-5.34416660803948,-2.1508452793552744,-1.1926048142629069,-1.183086144056055,-1.8299509146913024,-2.060440225475249,-4.099625219412296,-4.719842403656995,-4.457734687440728,-4.77387053707617,-2.1015844234456993,-0.5005210639096612,-0.29791485208840307,-0.48490242607120615,-0.5821327879106764,0.08493470048005874,-0.06419024216744758,0.4610319869464213
-5.6747259739852085,-6.321376418091191,-5.7586307610373995,-5.994395360154076,-5.424534879142067,-1.987968699552104,-2.13543328094204,-1.4834134487490391,-0.9305628122553177,-2.3821864941560826,-3.8087194548342573,-6.143909393751199,-5.503930517195398,-3.533552012346282,-1.4708658051636607,-0.870904440425958,-0.7436914993028547,-0.7896013913334471,-0.9011084194865373,-0.6345439774425676,-0.5936837650441831,-1.1223561786038738
-5.6432912255054655,-6.334801185482782,-5.949766191152778,-6.1247867771766105,-6.1630364737363985,-2.8901441931495158,-1.5234613735186422,-1.5110973692072625,-3.2315452757979535,-3.6806586780887245,-5.145930267437785,-4.871857886428004,-2.723842412265701,-0.9410832457892789,-1.429825409887059,-0.8037372244648932,-1.0658469974678624,-2.415146521876238,-2.8054970077433548,-2.444553007756643,-0.9216143526188811,-0.9223621005845279
-5.516823029725842,-6.1572573125593175,-6.351008390023939,-6.202527811405118,-6.391491077631878,-2.4079338842085316,-2.274727508691242,-1.4966123550105332,-2.32557289895662,-6.472303952709711,-5.338796125648065,-1.81212614289878,-1.4327745670050405,-1.8928170239373285,-1.8456287237615043,-2.0605957164029043,-0.9211095974424529,-3.9670682472321115,-5.151104396537592,-3.816154175698456,-3.5068533454745765,-2.602352703619677
-5.336760002504937,-5.876024844386728,-6.282849028943944,-6.560390736819398,-6.934917681530017,-3.3229255967559403,-2.07136397204329,-2.7396249093733127,-2.3687838899265787,-4.014381714020183,-5.895894095035015,-1.9616516474952397,-0.20699250918557252,-4.05954943126759,-3.029362490908729,-2.2413293560774554,-2.6692846602131044,-5.077247507823944,-5.10206058498874,-5.199626834732553,-3.6453381047357607,-2.5179626189248254
-5.571747029106074,-6.196338849036134,-6.493574991945542,-7.070894463560278,-7.247724688929883,-5.7807709627829285,-2.7381116663396385,-2.715064282996138,-3.1538179346952147,-2.2878780199268047,-6.39177299752771,-2.10170147831138,-2.123186125854027,-3.8249688991579376,-4.792256240506574,-4.722911316611262,-3.194219981670844,-4.88026633661282,-7.718644344626561,-6.7309968823853,-5.1171688252717304,-2.7182987923689543
-5.840225682195281,-6.606527542640064,-6.948330141538305,-7.316038971948967,-7.991241521181782,-7.1947324815142935,-2.971975208085905,-2.9840105335221554,-6.208125394182034,0.10100927502197704,-4.671582546251916,-4.580505379393567,-0.7488479843579002,0.08748360952245086,-5.110370558804499,-3.351206171495266,-5.726784984769551,-4.70455799295428,-1.351372675313561,-3.435203358534447,-3.015676055037291,-1.6671111822655167
-5.24785111025285,-6.065151444418909,-6.707368172997633,-7.190579551276135,-7.746863721443541,-6.8358527290393445,-1.9617030101678568,-2.623911778489433,-4.08217866392179,-3.9899781093806035,-2.9604127615052525,-2.5455492828275337,-1.8158239540690764,-0.6907507999918779,-2.5748753532867585,-3.3372767596774673,-3.8686933319424637,-5.367006934657284,-4.122503631412819,-2.3797013380861087,-1.0940506372450678,-1.286988077807574
-4.690651194079017,-5.302877588634273,-5.920735528005351,-6.740690743844642,-7.085174759309411,-6.946832169337393,-2.828619496400064,-1.7939655589228247,-2.765595558677276,-3.2444205399280217,-1.759279115610271,-2.4286330726288505,-4.317356496787549,-3.1217595544416157,-2.3629349913390216,-1.9285818025563917,-3.6762399627494933,-4.491212369893562,-4.083413972124626,-3.2443351054652982,-1.6370056040078618,0.555618139420654
-4.65493043968624,-5.3163837023254885,-6.021511581650811,-6.758452671091588,-7.262558024002827,-7.422316701951128,-2.8098696832010113,-2.254181060748247,-1.4085791517561679,-1.1488048025386424,-1.436001304585296,-2.899335902562089,-2.4522468662698933,-1.142723476200135,-1.6515324977469148,-4.2292515069251575,-5.131301303551426,-4.631299044951547,-3.378600043568411,-2.7679440432309885,-0.9522879482339317,0.9034769237143152
-4.701228766890994,-4.958773917994692,-5.507967386109392,-6.302551552677873,-6.714416120723432,-6.795864722721381,-3.3930642639425206,-1.5352316820663734,-1.5861798531180906,-1.3499863209069343,-2.40430672621942,-1.1800913911856048,-0.13720526749063183,0.1394487422988722,-0.8316708956213051,-1.7880901720634104,-2.059764177208748,-3.394382387733085,-1.0911632053325684,-0.2547270992533854,-0.3126229466934752,0.204289526590043
-4.651643289111603,-5.067709781069652,-5.178133217159767,-4.976028838031836,-5.502530937519099,-5.964117904140709,-2.256695861128868,-2.9583006475232536,-3.1031609720413247,-1.3116770303117145,-1.7020970877002197,-1.5195284569291228,-1.7167596919674755,-1.4250182000563656,-1.942211685764711,-1.932058505312263,-3.2364954460769617,-3.9670419999776807,-1.3883046466431657,-1.7620338548673313,-1.7075934694613708,-1.0616779306094482
-4.375687103120771,-4.728334911241459,-4.859003986187506,-2.6186057140673964,-3.3037710333836876,-3.599415711734063,-1.8274210637979176,-1.3049329445343505,-2.203420856890772,-1.3732893692821357,-1.6748103781195054,-1.513810961132537,-2.984250290459935,-2.1069708707824346,-2.4114319642034148,-1.95739289162239,-2.2090149592547124,-1.4822974611931294,-2.8039427084592914,-1.765367703975699,-1.6903324407011282,-1.8860759446752065
-3.0891939454745394,-3.280469518545585,-3.7817467587219826,-3.4627335775725014,-2.4267400436813293,-2.854052091675134,-2.236761559517419,-2.549512030776515,-1.2928092610150184,-1.2439589429956943,-1.4883352739283155,-1.9921305574962462,-2.2470070611781643,-1.93321000237278,-2.082330554570984,-2.774071481944056,-2.850217737929558,-2.5682027718029987,-2.881187656057894,-1.804131332985922,-2.2060027625943355,-3.1984810079229233
