script/wind150m.json
[{"header": {"parameterCategory": 2, "parameterNumber": 2, "lo1": 6.000198445256149, "la1": 58.999992894266676, "dx": 0.5, "dy": 0.25, "nx": 22, "ny": 24, "refTime": "2024-04-11T01:00:00.000Z"}, "data": [5.930042586381728, 3.608696005341166, 13.361710763703769, 8.051004328943252, 8.258677967674478, 9.452298324078988, 9.038020647826457, 3.296567803198729, 4.551294828911101, 10.551454308329731, 8.847192805573462, 3.8135147784362338, 2.185870300733935, 7.710005949035949, 10.612624041179817, 5.69388851380741, 7.911008764261772, -7.272162391485847, 7.547536719578484, 6.122753562113992, 6.7763558740927285, 13.141306599147455, 1.7947466960647505, 10.680788193243684, 4.989262148891575, 11.277174592355436, 6.221571160801062, 7.677235207275227, 7.49669114693454, 5.30035845530441, 8.112331997300169, 8.004683445025933, 2.3354915746954945, 7.080884067969944, 8.530156315523557, 13.440815039673613, 9.7402751443133, 6.472244785073293, 3.0196252362430074, 5.884328058299748, 10.45926266340891, 0.1595236422387009, 10.05472381936322, 6.764697641463696, 3.0245647613312543, 1.4364807322037485, 8.08085244461423, 6.906900458884543, 1.8571182988421546, 1.9990399436742694, 9.178510554881402, 9.310506331455475, 1.2854326695179619, 8.374116048139712, 2.8546104112639723, 6.54169818253569, 5.853001885336086, 0.36377896715236463, 7.106255579457827, 7.841678066376152, 7.44601922607157, 2.939684828314876, -1.4463473488286687, -0.8335526578470607, 9.977157595030471, 5.425262873433559, 9.480888223797189, 4.823140019697569, 8.788746735981137, 5.667701650354973, 3.2364183344532873, 8.132775892904776, 4.704785313139118, 4.787278458015125, 7.270812763116642, 10.009982211533897, 7.770762772284764, 2.060796692781087, 0.737441449317364, 9.510389304272305, 3.049061507423884, 1.7054883604294868, 9.521857925898884, 2.938241884260465, 4.001600562469235, 1.5068292308169817, 4.936190747374083, 4.556791199952748, 6.843661175609268, 9.940057668072045, 9.445794406279553, 6.518928103598951, 6.225401036142222, 7.044323090991214, 5.221028780452759, 5.211341012030828, 9.721609873233737, 10.130403091135246, 5.5799214467205305, 5.243127255016509, 6.698744269738884, 1.2208287956356505, 8.63792597250738, 8.200332285397474, 3.630728365386527, 13.141223042896494, 4.523692861472543, 5.948834060563011, 5.547185748095913, 3.057922590395397, 6.860996584515346, 3.1939622473919007, 2.2517158912037454, 9.234565585456156, 13.450916981502482, 6.863189550786366, 3.9067516765947166, 7.315662066756679, 5.920295352360909, 3.462447782921769, 4.4814846374947965, 2.2549148202798643, 3.294944993960307, 11.334615316329792, 7.011011363003663, 6.922713775367852, 10.070094701741974, 3.7099898196394343, 6.845506503959375, 5.9578674454088985, 10.005328888601163, 10.457130580981845, 7.909467407879048, 10.34110487659719, 3.7163190931660917, 7.584633548302625, 2.849079089899896, 6.628888128797929, 7.3371674423777735, 7.454661340684748, 12.399066165663925, -0.3875810801366124, 9.081599825778719, 6.697876384634211, 7.042565621273679, 7.7302103623696805, 11.14906483551448, 12.920400449592492, 7.123550041197606, 11.342595569853026, 6.207336658460966, 7.0497990482609145, 9.91346112907099, 2.4718161028874324, 10.914837908977331, 11.981921346074317, 5.4371945064414815, 7.909672035258282, 9.230728818384394, 4.286774186696555, 2.503314241618931, 4.101215199854956, 9.190527185429918, 4.599368290775208, 11.607088690659774, 7.508110326389334, 7.697904500436265, 5.201981436352068, 4.507047756187026, 2.1521576539795424, 2.8266666773214606, 7.515598055954947, 2.718407880442165, 7.399147383094532, 9.214128159971413, 1.9326974099881287, 6.203100315993133, 9.458241157337971, 4.689506814485235, 8.72560504770258, 3.8650437006354914, 12.992807860950823, 3.617070778982874, 3.505323846018431, 8.20235785687092, 6.725062946612315, 10.370467988324727, 1.4851216942079133, 11.334379069710184, 1.9958888166488826, 6.583302195988503, 3.753227782043296, 9.252827461957445, 8.253959891905941, 7.781309036648662, 8.684999420089243, 4.385972237031865, 6.648800368782354, 9.02633861967788, 8.532077281782781, 3.907081956443914, 1.485121147149562, 5.809991696564131, 9.300376437235242, 3.4747618142694394, 13.369213207275564, 9.57321479343516, 5.201214228323638, 8.016974976609738, 7.49935517911848, 7.763448868557605, 3.0849437449544803, 8.789081039030691, 7.002488779506184, 4.296958159145935, 0.3714990126800583, 9.87094078597469, 9.267058931390537, 9.52554770397187, 7.545407001569192, 3.0757387911761636, 9.880847147381266, 3.497705140491204, 4.183369645926798, 9.62944683621197, 6.905712676186335, 1.8549136979474294, 4.839614817256576, 13.593538076254525, 3.49675125840094, 0.0245233209174846, 5.336269887072499, 6.337451993730755, 11.535169543752746, 5.2906792494137065, 7.975740101489139, 7.266989353696733, 8.354202902573535, 3.1672889613394237, 2.650352094915452, 3.553829444347026, 4.150640933475973, 6.880360462370104, 6.574404147612582, 5.281172566432126, 7.633011029871665, 1.8010880834789542, 2.5680177045584522, 4.538065990174455, 9.983715335196248, 7.656951330646739, 8.271199999283091, -0.5444332695366687, 9.630865399480355, 11.434306553283042, 8.090636306750465, 6.046025971189081, 8.373598164035032, 3.257907893732454, 13.754165794785653, 13.34855777690475, 11.013507606299177, 13.595071370002954, 7.517553669156805, 8.19796687705797, 1.7273600279962775, 11.444627319408081, 10.913821168551783, 8.642177037627224, 6.709624660245725, -2.766805532097757, 1.1751462958260879, 4.216272267403915, 1.661138272346246, 12.979634381576675, 2.3398372714451297, 9.828630241633851, 1.9110396746954488, 1.7753376678105648, 6.641785222489702, 4.1609879337345, 4.858180581889512, 3.6557120139220385, 5.273909089901756, 2.0062541980439272, 5.782413197939977, 2.6632645101184105, 2.9516152228277037, 2.7680324672891548, 4.503938533237875, 6.292342890844979, 6.130935883496676, 5.920500635163418, 4.863766128159475, 6.4498344069403295, 7.7021776645121305, 7.81120889766223, 11.55907029947892, 5.893119239208256, 3.007286681267227, 6.670686654562885, 2.2381972342485015, -0.8785486467551844, 7.85670828134981, 8.870928386697575, 5.287901741753546, 5.519805106235436, 10.277871642544708, 3.8606693869335396, 8.894548302927754, 5.671059840489293, 12.73281137777707, 8.145246254698046, 9.765629033670841, 4.195675515186326, 2.5838964270198996, 8.522824060318667, 12.561238201470765, 3.6167209087612395, 4.555198320735915, 11.901137527434116, 8.778960693382311, 7.192193688596721, 10.040588125256006, 7.0176529315788, 1.2760475888323637, 7.9208898398057626, -2.8827037981936785, 9.542908576228317, 5.716257791607475, 0.31848886891340883, 6.2814026564808385, 4.412969259283107, 11.945113470576292, 8.555941788132953, 4.252312084640388, 11.145021573587387, 1.448153884630927, 6.578758422976279, 6.183336312532924, 7.999874317498206, 4.313884816666642, 5.907439390384156, 0.37886150595689433, 2.532423473824582, 3.9445381235423347, 10.537345192237906, 3.2928677107538338, 5.124627171120043, 7.738259830493652, 7.926055120234774, 9.23759526596862, 6.238090941721817, 10.60065542969781, 8.247439253035001, -2.738403880604556, 7.144510099383784, 4.749569421213406, 3.1914537256418702, 6.283402505404673, 9.014227392222129, 10.352924441418045, 9.316706109439886, 7.593044189046194, 2.588221353023764, 3.92949691874314, 1.414059447569123, 6.621029488613682, 4.2361464831833695, 5.845184122406974, 6.419288477815329, 8.018478090782146, 9.536255688972444, 6.760998924269396, 6.381694962485286, 8.623595657537663, 12.172935570938812, 7.7325264574848385, 4.472627220569398, 8.026936419238822, 4.638332787307436, 4.333407221732426, 3.3884274127032636, 5.012145452197492, 12.414912162679169, 7.985732656147692, 10.91294530118198, 6.2069558258160775, 8.56255516769852, 7.4234974635676885, 0.4437436263561718, 4.516454265672115, 13.012405164156995, 6.020269972754497, 12.411226422757178, 9.938081792931095, 6.181547723291621, 6.539591658806612, 3.3923069539151665, 6.056456929323368, 6.93421982876535, 8.41918309785646, 12.505993406760165, 8.431236326831966, 3.3621019129465437, 6.722440861365301, 5.481781369825117, 8.83981194364546, 7.0854777047853394, 7.116952881328103, 7.640722334709566, 7.931527271274012, 9.385178982904598, 3.5179023767282365, 3.980207861339045, 7.574389878075651, 5.793770475939802, 8.301286099043521, 6.6270938470273055, 7.909225069887316, 4.060643842060095, 6.809988460503731, 10.023880255844233, 4.299923656341894, 3.2397436203020864, 8.021707855916135, 8.732083503795085, 3.9753409895440215, 5.476328646279335, 7.255972102996518, 10.392597752031099, 4.512600050247213, 10.143220728591714, 6.353331962519281, 8.777221042262722, 0.8914290730667725, 2.6129840199774206, 7.639867208163261, 8.816053010867215, 3.0167119338370605, 2.9740810255305936, 6.965209279124368, 7.407775683020228, 1.919466824991092, 7.949151777305618, 4.094504841121285, 4.488006392298393, 10.723952061978666, 5.776978623063913, 0.7007586776811272, 7.236260168820381, 10.03804651409219, 5.517278662456862, 8.1481721724941, 9.918835577865215, 5.6726165787311835, 3.4895328696273586, 10.161546004203913, 7.632354576688092, 7.376432288862271, 3.675505589013967, 7.890110465086026, 3.8253128681796, 5.724996806056774, 8.04744530179824, 9.739214855804374, 10.475243662492872, 6.907745452274002, 4.566840608612131, 4.204852181358386, 6.843625073933808, -4.406298774182342, 2.6615979508575367, 2.6764531560855813, 6.838742948798891, 10.25264247160008, 4.415209495657423, 9.555082409870147, 12.57029695300975, -4.335995833880132, 6.701693807586696, 2.606796280312224, 11.105143838749346, 2.227630385662614, 7.127984178756379, 7.986571010421328, 10.565627886735001, 4.640350614897515, 1.6866156729811261, 2.3267024432555123, 8.345963242892186, 11.670674238254133, 10.23682280629074, 2.595348265080986, 8.696843651333484, 3.293035048785462, 3.833282556085384, 9.001203722321446, 5.56685636634928, 6.671462035645813, 6.460918149337789, 3.0861052824280844, 1.799131897164132, 6.24408524457604, 5.574238714918041, 2.0801334980267336, 6.705712822856581, 5.478892289592887, 8.50174293914401, 6.706304054557549, 0.8894885813199253, 3.631912781993992, 2.7106603026567297, 0.9949446101098763, 8.151982393787122, 9.063777757400556, 5.379717357890858, 7.902516419667426, 8.663575959877264, 10.534560181199081, 7.107048499621364, 1.8825036227716785, 8.433588787062591, 4.2551061851434255, 8.804596410462263, 1.6405813223878325, 9.68932014786829, 13.409863169768398]}, {"header": {"parameterCategory": 2, "parameterNumber": 3, "lo1": 6.000198445256149, "la1": 58.999992894266676, "dx": 0.5, "dy": 0.25, "nx": 22, "ny": 24, "refTime": "2024-04-11T01:00:00.000Z"}, "data": [8.456589932775445, 18.800905440990114, 15.482177326526468, 10.81992747689221, 6.218796510667179, 18.434983232407884, 10.114466048686717, 4.246517943498486, 17.999258296922182, 17.782164025408946, 5.30612615750605, 12.057265096050342, 17.114953946739345, 3.8636565913309218, 3.4354210373791303, 6.542871821354002, 6.8452595003394885, 13.32608763658495, 4.483419298850337, 11.019208137447578, 13.210180910094447, 2.2507359094126738, 3.8423730218228123, 17.1888101456415, 17.134177277670453, 3.5047785935350544, 13.500571309560682, 8.826711209647742, 8.200341035180616, 12.708305259810649, 5.950133180516369, 4.3026051960646745, 11.472038027019066, 14.846881573919791, 16.34800311127002, 15.527677154560173, 4.392736039607551, 11.499114930912988, 12.097833959359878, 5.958632213034542, 7.013079088082548, 15.921721972202, 4.163055827830677, 4.625463176554913, 11.476460123179187, 12.356064411646171, 4.339010425648609, 5.48085446357814, 12.234873790860716, 5.685736868562133, 4.099430989492524, 2.253358469183854, 14.886268574629621, 6.597387717550728, 11.76924381810174, 14.213009720471694, 6.290237963759002, 12.05769261441353, 10.824041397969792, 6.984193433124045, 19.452238535043314, 12.316290564152666, 9.69909490063778, 8.853724563799494, 2.9561108151746796, 6.556071146638977, 8.185227081533391, 13.666741576519293, 7.183684195647634, 6.065031033354119, 12.986624992788244, 10.831287347973257, 10.546194216727603, 10.010988440018071, 6.21488363595306, 4.526421011240872, 5.735578025668927, 7.566346290292221, 5.6738475921543445, 6.678866971930895, 12.67022930729362, 9.862133497598984, 6.981994736897242, 12.88777554045432, 15.533400893264742, 13.96593311319258, 12.776953082411248, 5.015016319036457, 6.569871854549535, 4.490156102465853, 5.257120038069366, 11.235838106232032, 4.730020115135645, 8.578561901673362, 13.10862871751464, 6.6463068357585575, 4.4060022981640765, 17.31016869700813, 11.494448954231439, 11.539811121810871, 11.695567899640825, 6.631797782266998, 5.143574525221114, 4.136815017241348, 12.475617246274911, 16.637001308955195, 13.795693159297205, 4.70691135128633, 11.127883994346238, 8.54154793508147, 6.702339379330755, 4.559886909377782, 6.525137606161818, 6.786570303026671, 16.588046302547447, 15.054953411225668, 11.750548492615632, 15.01869471894378, 6.342171351285789, 13.497693955136095, 12.638183537750757, 10.686426594618386, 14.147562870724611, 0.545804858399016, 6.282963357871078, 2.3654715200868597, 1.7060786674062611, 18.57607133562821, 4.736066706639972, 3.9477015919416347, 6.67397083359838, 6.9986884361518, 9.520052997843738, 18.05480239712558, 13.271037394775975, 9.478785452077464, 12.38441806377911, 7.7442967796183355, 16.45663832801643, 14.91136190577375, 16.123102250212145, 8.936387973829541, 4.289409351918566, 8.373775933468806, 18.804121523352006, 4.817430801676959, 17.6250639518121, 16.099298794401214, 7.054604214431799, 15.959908925252652, 4.90487901487248, 18.80927244997059, 3.5185373268166704, 11.740868209600748, 6.460435327674225, 4.728386951644425, 6.576316588129774, 16.322217854989315, 3.8587491291700218, 13.1805630370925, 6.995835557583871, 12.492776371750953, 18.609039363582742, 6.771532937853532, 17.367075253018108, 17.221390620499903, 9.403814029285412, 11.57282413531539, 19.46664333526881, 11.038006227843113, 13.84380795707443, 19.563394738720728, 5.583422503168442, 11.994931871631723, 10.9811972585541, 9.564780731712881, 13.107099844338386, 6.596373256620979, 9.544477593644062, 6.666916152565152, 5.398310036136133, 14.389790193471187, 17.56789268479582, 11.135639364347032, 16.023924248352426, 10.600322033400943, 6.458943439885507, 17.37935115225709, 5.76617949017081, 13.067926926241144, 6.037433791679817, 20.15965032547196, 18.657155270501082, 9.266965359353332, 18.007571845671578, 18.96347167879752, 12.230625501115348, 5.611285197777982, 4.074642275050595, 8.455209146050251, 0.6118065781021192, 12.283259943229263, 12.357400254394603, 5.818625193389626, 12.393960069889301, 4.72263652642515, 5.015787554618676, 3.6344382420015937, 10.236396790358965, 16.731721360883267, 5.720427073486531, 14.162335794804745, 11.06632725069611, 3.8190997719417275, 10.7888678954701, 15.999950555237849, 4.480748349012869, 6.058252124697481, 5.805980515623254, 15.46228417358007, 2.6912733748572872, 3.423763560204131, 15.314841143011293, 17.07556691529284, 3.9824861952733985, 5.55055659962119, 6.434903892608819, 4.786501943560207, 15.634533195033002, 6.837518013284835, 15.760069995858721, 18.900581903153217, 13.30405766687115, 12.874705540129638, 17.69476023882559, 6.199901119213978, 10.394864446472258, 5.785102394282557, 12.054132799787874, 9.289707890201491, 12.341844344260844, 13.902860435536851, 10.83872396384013, 14.287530346893512, 12.653869432740091, 5.122428236598615, 6.091674489994498, 13.027051759826819, 12.303542471790351, 4.2426572603228605, 16.876126175035672, 5.861291790172675, 7.830541540743051, 4.214588387778009, 5.688907177190679, 8.75339773898122, 11.880586956519993, 4.578506539143694, 12.937332853283923, 4.148776690760969, 16.073762505414546, 18.02077837326085, 15.661440633827237, 10.465824839020252, 5.7891146835570115, 6.128429071038933, 12.482233456765686, 17.611232936886104, 8.003813717554845, 10.345081471046068, 10.894068424468838, 12.330035098959216, 9.601076863444453, 16.118370845795223, 3.543341850771341, 7.544811419310807, 18.19877250916582, 16.605849823399808, 12.472363765054025, 15.979610113667666, 12.949837171015732, 18.231445409652466, 11.098972645694403, 17.48660819365328, 6.012762120092791, 5.480377149684725, 12.891533027071878, 10.130243904947724, 16.791732323953934, 10.108998020226919, 6.4592213678518755, 12.217973597542343, 11.13681354998592, 14.290573991623866, 7.831948105009767, 17.02505410188441, 5.9797411715130195, 6.24130926917299, 9.889420339407236, 12.77977725828081, 14.643719657472117, 8.016913069041328, 11.68579014689268, 5.534291787323069, 17.017293281230636, 13.20071766987246, 11.056327405354391, 2.6927864990843164, 8.974557530696089, 3.919777550224474, 10.839170605457744, 1.4917364721372444, 7.127240533273572, 12.178261945483918, 14.362590982549449, 12.519418899802398, 5.7890052010396085, 1.7018499576278168, 10.402549577076458, 17.140733694331946, 16.712304412845963, 18.991552790079265, 4.588669179655817, 4.138552841784962, 5.7380189867925635, 8.67359149597871, 5.590865142643253, 10.109258152505902, 16.65563501326082, 2.5440590119067266, 11.2199702189356, 10.437826368726261, 14.143163384149728, 16.057837798451313, 7.579499385376435, 9.89941966130841, 2.9756692459228606, 17.809584743667532, 5.12510101395013, 12.990588619338912, 10.912015283744996, 4.497706834854926, 13.281210720251288, 9.154670219424384, 12.131579040659297, 2.429252428207118, 7.9161166158923395, 15.477748528276033, 7.672095444779384, 5.320932090368566, 18.03356182170658, 4.689554023388635, 10.86697069535741, 6.245839568009813, 9.303943079891823, 10.568487747490542, 2.826216481057728, 13.398772557295782, 14.058405083075177, 6.540612292425432, 10.380086393821964, 4.165278054549904, 3.4162664721443985, 16.494539855216647, 7.840133949106333, 0.7093840040484316, 8.391787472003916, 4.524391998383275, 0.7971325673047026, 5.565034401116215, 12.25713274335107, 17.31526854183015, 6.128872549889396, 11.970346166568577, 9.718229271267823, 5.98786382327924, 16.477307411067372, 3.9523138079189932, 10.329291887902695, 4.333498711009235, 6.77950031532508, 15.572574509170492, 12.570625017218122, 18.38885585930753, 16.345581249594265, 6.962869126507623, 17.862560477390648, 3.2953257767282773, 9.624811916743496, 5.13925022723754, 14.459458068467113, 12.992531220488747, 3.173832191686319, 11.97807420026026, 14.67485042796896, 16.59183640653077, 5.2069416193351525, 10.48603973952844, 2.5970072614137862, 6.761171851805807, 10.806622366053523, 11.350058572585667, 16.714012376092967, 8.151846088728503, 9.603342533359116, 11.73111062029804, 16.639051836867594, 10.804188274751239, 6.900373191455361, 18.636650312844573, 9.783719822981395, 5.56774896480051, 18.209087678945064, 15.392236517375352, 12.476046412825331, 3.279564461728119, 12.164789682378226, 17.58657814265127, 12.627557014162141, 18.88881229832181, 4.635323601820419, 11.71199763456561, 18.13670521971324, 14.525282090697972, 13.65737267319644, 4.7429569531356774, 2.0460986558125387, 4.911288423274495, 6.583524444168845, 18.982997649263993, 7.714893590340259, 6.219932573545332, 4.007765635069181, 6.157080350360611, 6.173037617594089, 15.45635672810742, 8.067741932592664, 9.726494038755625, 10.507647240972117, 13.22991348945825, 8.057032602424357, 6.846299247611188, 12.572777152158682, 7.151318966301413, 4.135081540942482, 11.773538287251979, 8.7644625966902, 18.101651526758815, 10.716600588310296, 16.278612409571444, 5.142175328149985, 5.803336829070268, 15.739738568581295, 11.536010807937194, 10.56532844321258, 17.32871859038185, 13.123969900080569, 3.3659908855988, 15.077506400500663, 6.443838185727582, 4.451603357292793, 15.023820659145652, 8.34025094546473, 5.80862184902028, 8.431303509463397, 3.824500382813884, 2.702916622890186, 6.428816719349224, 15.132641236853148, 9.683410330186495, 13.043034204079712, 12.256832776187393, 13.312195642409065, 12.675703809417007, 3.0051016915447653, 6.611825242341071, 12.542791514447773, 14.115363025283452, 16.58386758622661, 12.660923271041334, 11.719826556886188, 13.105946875738193, 16.268207292652534, 6.427242025192484, 5.656598733715404, 5.643312846333158, 7.179952166787001, 8.076361139450787, 14.556903047146811, 11.983926991904662, 2.8617650413731255, 3.2316364464798073, 4.302339807627409, 14.936504809398535, 4.0311743320425, 11.01504985207107, 20.253946132286146, 4.705752899281547, 20.06139321751438, 8.135061776053305, 10.610032192408301, 5.963323370214822, 18.30613296281513, 20.22392811547032, 6.930275131964278, 15.543588113295739, 8.693475741715696, 12.947045713915816, 3.256852269154922, 7.926355901462661, 14.332883143637467, 13.76544512495178, 13.088859169834627, 16.30958946193467, 6.304307799956337, 4.945358564292715, 10.323682247774281, 5.305463747446085, 11.54759895038071, 7.690958338362135, 6.33397123120487, 10.366600058002794, 8.156703020552614, 12.267573581359466, 11.121657854313826, 5.206875561100093, 13.99004640498169, 16.716130244417702]}]