script/wind10m.json
{"header": {"parameterCategory": 2, "parameterNumber": 2, "lo1": 6.000198445256149, "la1": 58.999992894266676, "dx": 0.5, "dy": 0.25, "nx": 22, "ny": 24, "refTime": "2024-03-26T17:00:00.000Z"}, "data":
[rows 0 to 23 of 24, columns 0 to 21 of 22]
-4.106856581827823,-7.3693329583946925,-7.8698940315799275,-2.3377924463465143,-2.675771055473926,-1.4340426109865032,-1.1712837055411733,-1.6627992895373136,-1.0451414607186342,-1.4125946817990067,-1.6072171760305496,-2.008370952651589,-1.5590736039580104,-1.6446577581195467,-3.7913161308216456,-5.647450855796185,-2.582053504503428,-2.2217975978943567,-2.5764255252627266,-2.140955958720707,-2.289442845973676,-2.6526815206931342
-5.693236336599034,-4.403730802998812,-5.62490910256796,-1.8721780614314865,-2.516723571115343,-1.39449416161847,-1.438702549141219,-3.949436871622969,-3.9731509177357482,-3.291251063368912,-3.1982836966904777,-1.6840090137613015,-1.575474472588151,-1.576415617059015,-4.52115755595617,-3.9366963907205506,-2.539922998893526,-3.6636632800121123,-3.3365219213835338,-1.8168214289438909,-2.6951040768899777,-2.2245476793325922
-5.5617074844931995,-2.9666782951881867,-4.270018981055421,-2.647483296957811,-2.57851422809666,-1.591314815810466,-5.513752299278397,-5.8906235295026255,-5.362379135396931,-4.297771677746929,-3.462142279439086,-1.72885272015778,-1.524362614492956,-2.8296259025398474,-2.524818958705062,-2.433559173044945,-2.4415408419039335,-4.189774347122157,-4.015139088492401,-3.310707125903938,-2.7474346723476097,-2.9070479721099938
-12.616525165241598,-7.211716994824284,-4.34523535346652,-1.8378616163625738,-2.559734083439447,-5.940711431126428,-7.2565716245842244,-7.223393048907132,-6.0762648276068045,-5.464612064698511,-4.467507460390981,-2.2495266860502405,-1.4831837915937172,-1.5333667948511818,-1.6043039707842772,-2.301684657114736,-1.700022918745844,-3.8143562502287627,-1.9294096284194104,-2.339638273755067,-2.503139933441072,-1.8871122947260288
-13.161912391841874,-12.80145519708387,-8.65531624569871,-7.221791540727594,-9.345938412526564,-8.16107100185268,-8.080833174286484,-7.682296434810149,-7.02499016076455,-5.691890074859033,-5.314078299195788,-3.0778041269051135,-1.486791516073284,-1.226398832104079,-1.3505534929992187,-2.2292079930166877,-2.009730797210088,-2.5470961753374675,-1.7221959501559816,-1.5125040609434381,-2.0694221638711916,-1.8961405946146346
-11.946809289550638,-11.961904815218409,-11.546849571342396,-10.496628552996569,-9.312325015956281,-7.395705490292813,-8.07193666769566,-7.6260317480019495,-6.936445866756866,-4.7718316080657734,-4.8445879402196494,-3.3401882514775876,-1.1717552226897059,-1.354346510343815,-2.0765552280299557,-2.1613242139271103,-1.915501440770318,-1.8596477788322616,-1.6792353401191917,-1.903259082205858,-1.7241994959198028,-1.4300605199235894
-10.652756192356511,-10.676854056512981,-10.266524186667429,-10.173240581177843,-8.958940077511647,-9.20627989542706,-8.423029337476494,-6.705470190879131,-4.394879476863506,-5.185252282697307,-4.490408037259553,-3.8224276391358347,-1.5816560548023928,-1.1578774484462802,-2.264362993036274,-2.167089101561772,-2.061868004950308,-1.9107959680959503,-1.6410061509571847,-2.126884742076856,-1.6855401441572182,-1.406794201141435
-9.89065482048638,-10.071475883618703,-9.457008012886257,-10.17075189615811,-8.41494479273487,-8.534357115646063,-7.890582708550609,-5.571593903103617,-4.5663437701629785,-4.48747600479874,-4.619968883617432,-4.507040845056873,-3.145002486045228,-0.8675012147860355,-2.4002026750880074,-2.488374138158282,-2.4217912359288563,-2.0590545606323216,-1.8510482698224013,-2.174270411408522,-1.9536061663090603,-2.2400801205284893
-8.539199799230575,-8.615673963618372,-7.521498478327421,-6.156684564550756,-6.175855294542602,-3.3014325137975655,-5.561408770266974,-3.136622626682271,-3.9677302496729316,-6.758784936732559,-6.975991690314981,-5.402233187600463,-4.233242319760622,-1.8165687470107255,-2.5992501090571962,-2.365801643361598,-2.669667475147867,-2.241846930320751,-2.6113930171910487,-2.3389661257776324,-2.0840540616008183,-2.2591246076117546
-6.780019516345623,-6.895647400569193,-6.001847093269559,-5.6176248808936915,-3.6915323102924757,-4.233724949597659,-3.6523914302609315,-3.509546151637501,-2.9057742602683,-6.741039596491311,-7.025466951890611,-6.6544775841706345,-5.486688748409663,-4.456844797432402,-2.95428585066578,-2.7084623146482376,-2.6399825307352045,-2.541852507740725,-2.6621844927893297,-2.686210194970089,-2.1318138521028764,-4.251507830563333
-6.5553462181585305,-6.801630553939633,-6.994202704172223,-6.024911545502118,-5.0009723176264975,-3.3408312703967744,-3.7205176137731417,-3.9168011417071935,-3.883296562816796,-4.853969253183704,-5.955869152827311,-7.794248443100215,-5.850630862015308,-4.473933508201826,-4.856247603874056,-2.9508358785966298,-2.6860958486933098,-2.4853794984421773,-2.7211284680877927,-2.4940799292697298,-2.1339517809219286,-4.224058310687944
-6.437780274860745,-6.044582448597103,-6.771353224834505,-7.1382257355879215,-5.689064600829821,-3.216193441776019,-4.16511255782598,-4.351606250506174,-3.7063106300410302,-5.232033573172762,-7.06420953496236,-6.033855672815718,-6.503120564502861,-5.405292263185518,-3.3158596344534796,-3.4572384933275537,-2.534165295979807,-2.9149712079473824,-2.5958940611992762,-2.902829291945832,-3.5367101800525833,-6.861330906796465
-6.767738260681713,-6.879935644781855,-6.347744603941309,-7.84739980378349,-6.4456985337761825,-3.9948765907747816,-3.279936581822232,-4.424665178857981,-4.610292754145104,-5.676138027100323,-7.945800071515527,-6.802290420950501,-4.546397795847883,-4.307630018237518,-4.445552293722863,-3.2030447247561056,-2.7769392188585744,-7.0060100473447084,-8.55555202374113,-8.412870894599708,-7.962974093946208,-7.78029935413438
-6.6287030739509705,-6.570674681157841,-7.897605152468582,-7.131388915060396,-6.817335228910405,-4.916037327426443,-4.524372343946084,-3.5760884587724338,-4.6247438871920306,-7.7726498115955875,-6.550920122153756,-5.579026214150126,-6.133647602614331,-4.756177213914546,-4.927151944225914,-5.2368887076806,-3.171722770353869,-8.777544725772604,-8.94723713768521,-8.416119772928369,-8.249685741392724,-8.331433633447654
-6.925914340011595,-6.507276229125262,-6.278727921331342,-8.1636320586493,-7.670971464293623,-5.211882393036318,-5.548458043855486,-4.592166665231674,-4.623996047528995,-7.691287722740917,-7.797525250853273,-5.895499053695944,-5.08641144802924,-8.643171662870964,-6.221804625107445,-5.197595578920531,-6.017955073480858,-7.766650867749855,-8.559054828123314,-7.818204827482307,-8.13669442759545,-7.830122390625879
-7.51189083096462,-6.874980737368044,-6.375793591761503,-5.794510894921253,-8.308296022005031,-7.3755405359231805,-5.683050512558829,-5.845917461122346,-5.574330105673825,-5.681353649056782,-9.965077155345506,-5.976445731177026,-5.532065540699839,-9.98648309292694,-9.804896022772681,-8.778504140830927,-8.864575451797181,-8.23197487182671,-8.946697737900699,-7.883740044955723,-7.474849610455725,-6.781251635229398
-7.640118739330739,-7.627217503207436,-7.063026963617058,-5.787237586369472,-5.50158168986911,-5.598759768454572,-5.348208352072471,-5.36597019115894,-7.913839652583697,-6.960770361923617,-7.881993170846034,-8.827319456221735,-6.477045669184938,-7.81577841349273,-10.024408665422138,-10.168911290090506,-10.184646931086299,-9.684754530360859,-6.574977372683613,-7.258614610403505,-7.222295149598688,-6.099733072845347
-6.825391774006565,-7.72671597865754,-7.298423052581071,-7.376038638459916,-5.493905116971611,-4.5794290104559785,-3.2005568420617734,-4.2280963503687214,-7.324766984404009,-9.245200104999153,-7.838692452493946,-6.012672824779389,-7.105505252564634,-9.451314384214614,-9.311893219095444,-9.615881561050681,-9.42437544926494,-9.044836099575287,-7.835251149398745,-6.402907059883778,-6.191733145731245,-5.563307064414194
-6.510799722343252,-7.0058380328820755,-7.313312258255792,-7.642908083945321,-6.749492718526046,-5.4038508578403865,-4.085953639369521,-3.16088701975636,-4.224464854577221,-7.310419662877303,-5.286660714815002,-7.684646523958867,-7.189143486247684,-6.172296324401508,-6.590794875706344,-6.676963555324766,-8.208418158811893,-8.311800360620557,-6.804146218119813,-5.725178837842356,-4.886776115404836,-4.3360322684095625
-5.752953697628904,-6.218148881626795,-6.7248809890181125,-5.946591426611736,-5.547695689482198,-6.055465852118917,-3.7111707478894647,-3.1752158475188548,-2.8439246903548203,-3.379795888373243,-3.28988788003787,-6.046089472351758,-6.888609139490185,-3.7786972165784913,-2.7638953807879383,-7.0128813994647485,-6.67208747726971,-5.877346723334222,-5.307489776322847,-5.435343354165759,-4.577111167985223,-3.5029050628157887
-5.575698957963871,-4.7750942072921845,-4.575359567944933,-5.315779361543979,-4.3720761611095345,-5.212984531660477,-4.3157907966825935,-3.2430940877613965,-2.9207207586756403,-3.267814687642244,-3.9478913564950275,-3.4152068698062505,-3.772149491810685,-3.7390245443859533,-2.801758340324104,-2.942832100841766,-4.16485891913773,-4.4378532224318805,-2.756760398090935,-3.6571621229503055,-4.1882470073924845,-3.8668451886400756
-2.9796473848779153,-3.7616769919978505,-3.2883716464604906,-3.256956507327769,-3.665154797459593,-4.553774387827921,-2.4598713248831268,-3.4607014247387538,-3.4355876590647108,-2.9204201873845315,-3.136758989531795,-3.3083606648145767,-3.3512295540430417,-3.4465443667638125,-2.8088637371717287,-2.919762683018165,-3.1510568365068132,-5.093667221531197,-2.4288054350069603,-3.4233112905272605,-3.8821727538552335,-4.029097582151972
-2.732836926576878,-2.734934227741709,-2.8384626253871974,-2.439654143423003,-2.2887809238798025,-4.912497493672954,-2.892099411679387,-2.510599247121575,-3.4255582503387765,-2.7326672654279673,-3.2029731958699106,-2.955385588391873,-3.29877264814494,-3.4224566848926345,-2.6111062175570963,-3.1772898872803004,-2.8942968847320123,-3.0920924254043736,-3.186121100770975,-3.291377147187076,-3.6462181929904687,-3.6379751020161444
-2.103328458907203,-1.8834778242214198,-1.8651443253176623,-2.4601996000132105,-2.23198727033625,-4.905470902838397,-2.9473343566127768,-2.4370663570343045,-2.5496877251902283,-2.909654128847527,-2.5037812435549727,-2.7226123235387965,-2.9625764801151893,-2.5634645567025305,-2.6089028986956735,-2.419854921873248,-2.8794273630992038,-2.7776960698546724,-3.31917280396543,-3.453796359928846,-3.3747803151247586,-4.597996689034481
