script/wind10m.json
{"header": {"parameterCategory": 2, "parameterNumber": 2, "lo1": 6.000198445256149, "la1": 58.999992894266676, "dx": 0.5, "dy": 0.25, "nx": 22, "ny": 24, "refTime": "2024-02-09T05:00:00.000Z"}, "data":
[rows 0 to 23 of 24, columns 0 to 21 of 22]
-6.166241043172111,-11.987365420632283,-11.554367616151591,0.9354719349681934,0.6781784820931579,0.6159354998431464,-0.42244463147805694,-0.742473871743638,-2.4184991642697558,-4.385085691517849,-3.4499959638378654,-3.1354010440716062,-1.4462706223665414,-1.4726441617916117,-3.198495210616015,-6.030431909637679,-2.743402130093269,-2.0093086934911457,-1.263820562905668,-0.6972591857558802,-0.26296190860373103,-0.30573322259537744
-7.901924885631277,-6.9921242076389305,-7.394630830985116,1.455321091453525,-1.4486112756538312,-1.061584986505171,-1.2877572824672057,-5.055361576480542,-7.18945594152404,-6.17731931396587,-6.9053897855052115,-2.238097534881406,-2.2019417649540824,-0.6602776472512819,-4.873202620528521,-5.286121481370074,-1.489735205400135,-2.2404276941577295,-1.1450138567795753,-0.09875644233014076,-0.5510680943248083,-0.10859961453291071
-4.285479283322995,-4.329820528995416,-5.023393615882233,-1.8297771760141261,-3.556200727249483,-1.7504418347664468,-4.3404676722111635,-8.217031371120287,-8.183508516494362,-8.066286534969967,-9.676484156872956,-2.5847670006174694,-2.937077697928891,-4.174632432235334,-3.3768980115207565,-2.256304943835885,-2.3409780697612868,-2.655271132031222,-2.087913875615796,-0.6288534816793532,0.31834365778485857,0.012887519218166537
-14.310433996621855,-8.09158201504392,-6.033323179350968,-2.6322782582360205,-1.988056005834123,-4.6586829716171065,-9.658386317473765,-9.465546242309355,-8.435048269401237,-8.90077156374583,-9.29242963360433,-4.055503894051119,-2.2744622055845243,-1.6233242702858788,-3.912369624845503,-4.204042576735192,-2.793154149417879,-4.995950532665745,-1.045549261615344,0.10365455719157275,0.44232761840487034,-0.1595195070316744
-15.395965025413425,-13.767462418119228,-8.721328949108104,-6.607276749178532,-9.472185195325414,-11.588869752480727,-11.204749979079072,-9.774557214473392,-9.45349967914064,-9.707587103082448,-9.291502209042173,-5.483598172043096,-2.4502294042795807,-1.9313929637459084,-1.6936533385833175,-3.1346416868429743,-2.5587505028212494,-2.9850302714989994,-1.7258796815465347,-1.193874395202023,-0.46284902840601627,0.5322251862653554
-17.36561470655596,-16.956834345943513,-15.558495295876149,-13.433427272368256,-12.708745403072887,-12.127990921006003,-11.074712022377573,-10.83789092474226,-10.51775934172535,-8.434265005011692,-9.83020431726995,-8.052794491748354,-2.670463322906883,-1.8501781242264859,-2.1270264345720786,-3.1986786449868725,-2.0533322389667124,-1.7672284347762084,-1.251276123597124,-0.1818242390947442,-0.04144705556063146,0.5469268977219287
-15.636244059906103,-15.523735920296529,-14.713547478128692,-13.75657883870904,-12.767365693557554,-11.235377338719871,-11.622839604345886,-10.62496013956659,-3.9383082754935574,-8.84182926390883,-10.241195920148334,-9.140441189486738,-2.990519761601967,-2.2681001827762115,-2.019109666266718,-1.8037673869142703,-1.4954316448538532,-2.5062043939449614,-0.9670258188642771,-1.108324434872203,-0.17233922230403573,0.32258677682333176
-15.661256267660622,-15.338348881879606,-14.660679160081457,-14.017726334134847,-13.422708322160952,-12.255288150351769,-12.060727488745504,-8.090622263653218,-5.121803510353723,-6.984636922572989,-6.9650893832307155,-10.036974323171494,-6.937904149009492,-2.475979658556441,-2.057562673780215,-2.2684889494121783,-1.6706602068412577,-1.8226002327694553,-1.7515919728655862,-0.43773452849765854,-0.7963203929614302,-0.30435647908324426
-15.436972775234553,-15.02848422946601,-14.687263482843875,-14.423975991868469,-13.040469655678814,-5.522028525498518,-7.6968456130233855,-7.943832518252824,-6.174616484839445,-10.04824758286733,-10.078206628682556,-10.584676461765207,-10.201080322616095,-4.006964589119466,-2.427645781368081,-2.305497905608401,-1.8542668420097954,-1.3321554318129636,-1.3705213554433797,-1.0368242951428834,-0.517708122380577,0.5488823708800359
-15.493040757259294,-15.024135589396286,-14.508125267043,-14.222446601297179,-12.23002290675915,-7.853659328463275,-6.607854884208751,-7.350943245710401,-6.777111324854119,-10.656702014052478,-9.970303691379534,-9.943975288304083,-10.042308013727633,-8.005693427604069,-3.2139281461088394,-3.109441391708181,-2.2486830530377833,-0.9287339377408457,-1.9110927457046323,-1.812012449468344,-0.1522905777140607,-3.536276631078333
-15.0725408055638,-14.880087246232819,-14.221678501347125,-13.97677199682183,-11.216612720143317,-8.21341063125633,-6.595464360511294,-7.066162324262187,-6.048305241150981,-6.806650941645789,-10.806306591961551,-10.315195952843853,-10.044989984889584,-9.503867980251924,-3.7895364228549453,-3.2768842085902747,-2.872149896589753,-2.1008948940794685,-1.7976291878064201,-0.996120843956633,-0.352914056528732,-0.3186109337681251
-15.248895252574037,-14.880928120652186,-14.65053839675192,-13.394845043709715,-10.994616555772595,-6.265126038680721,-7.593340637105853,-7.536074494310168,-6.757096601861444,-7.440519659821262,-11.605342998721833,-11.24212579782882,-10.672981553616628,-7.704022687588998,-4.143305383545054,-2.9855636346319057,-2.9063143700170357,-2.4432476557240106,-2.041950838935132,-1.747071231419601,-0.33672063354401083,-7.2531446970990245
-15.54332922469858,-15.22240208184925,-15.026904257784855,-14.266878957729379,-12.061643468186576,-7.700440830220215,-6.052482814842982,-6.863339254240389,-7.995015129777445,-10.965443056291711,-11.166359649081473,-10.441833017054293,-5.624750654812352,-5.779740759913006,-4.985489416633951,-3.3449775667732093,-3.176697854063298,-5.99909910837817,-8.149567729187588,-6.415449469942706,-5.748412147110989,-7.435549528330797
-15.940710549011383,-15.40161111284463,-14.968595277612463,-13.946740482942724,-11.588792030213924,-8.547532929950306,-7.488903579719977,-7.267215213989751,-9.437173571806989,-11.256804741118222,-9.562947393319574,-7.075562351110416,-7.301162880227583,-6.003347014718121,-4.976508181276451,-5.8402013032456495,-5.042874500108159,-10.288938144911455,-9.733109967297933,-8.843036420905872,-7.952226227516166,-7.936771806839743
-16.215635884439095,-15.747205692208757,-14.977958394947612,-14.424948236102942,-13.187134812845557,-8.51228858877095,-8.281595561565155,-7.776302974602629,-7.018195781271223,-9.521248695065536,-9.983132089203806,-7.588687555483782,-8.030850937097236,-12.097980116918563,-6.646041174292906,-5.437568932616909,-6.913298822419704,-10.543180245880674,-9.995981689100738,-9.46488390571995,-8.49034828726085,-7.309078005183306
-16.290276580134243,-15.98173797557741,-15.787499731167618,-14.900902299718545,-13.947481028160352,-11.632169833463449,-8.986250150511301,-7.671761694658932,-7.70330085842483,-7.697657699699241,-9.983295849519834,-7.643898502453779,-8.224462023780317,-12.815778310807431,-12.00733465348336,-11.266391400671706,-10.619907740441878,-9.915324357929986,-10.411024979693607,-9.799960890755898,-8.641125616104157,-7.605428453848517
-17.35080888952166,-17.134087160915026,-16.024851798402036,-15.125889299830241,-13.573391997274651,-12.30430184622797,-9.317402453778149,-9.201601288549766,-12.030298320232042,-9.731399953275728,-10.728486755616927,-11.503571610624581,-7.891132233359933,-10.793451379232906,-12.55087051176451,-12.046031146314686,-10.87006543892507,-10.223138017110639,-8.008839832720833,-9.61419969836568,-8.815955774976882,-8.099814556645397
-17.259125058834066,-17.24684381849628,-16.61368602632147,-15.531371704022229,-14.66889740264366,-12.182640175451173,-8.549973341141627,-9.773976237592121,-11.93388730983835,-11.954832615419088,-8.86953236377929,-7.16560244498679,-9.828250757414544,-11.915894449942895,-11.933820028106535,-12.039340544746008,-11.42997197701144,-11.052995742464208,-10.220550295200065,-9.240019900527026,-8.43942214903239,-7.68266992964087
-16.60424218208352,-16.49483428872612,-16.45479994908277,-15.73847894229521,-15.199734735926716,-13.842414397338898,-10.011150576812076,-8.746400574190682,-11.976747740021978,-12.092526228436817,-9.31261435597173,-11.622901745654135,-10.568368460510364,-9.592137493654336,-9.494342872258061,-8.362697920547419,-10.921704553040067,-10.629321552863333,-10.731250888975872,-9.776629669416335,-8.695568373809587,-3.474783557984601
-16.290308414699464,-15.863332244668102,-15.668734136094347,-15.228771440896082,-15.137500961768632,-14.6269888346078,-9.995743008600279,-9.012601239764983,-7.891379409319291,-7.554167564139433,-8.156379929011878,-11.657618971703036,-9.626154851042255,-5.9322151166166455,-5.867659033119342,-10.738322626790263,-10.762162959403032,-10.109054931464543,-9.30743715211561,-7.999736951080532,-4.576522781271435,-1.6603522884664825
-15.02811419518529,-14.795547955529956,-14.78445081362118,-13.835152957708578,-13.762213367509437,-14.28884744694833,-9.544991363113759,-8.874691485827281,-7.779417994051349,-7.48883307408906,-8.874666474627,-7.211469238243845,-6.195240484467415,-5.874402069761547,-5.10318313007302,-5.822418120392087,-6.92992794044821,-7.7954937695973054,-4.143015214819077,-4.2346678764564745,-3.4565169597128316,-2.61402234106205
-14.225713013191966,-12.83535740075053,-12.380552848455741,-10.38973432335586,-12.020782867027238,-10.558291125550696,-7.912572240645708,-8.824204713819235,-7.41928524071362,-7.81651484549554,-7.066621205209177,-7.511405216841683,-6.560789570112816,-5.999131426242524,-5.810109336918556,-4.893846735716194,-5.597041278203696,-6.169748593404103,-3.0441119109342694,-3.354697252469036,-3.9558115026508074,-3.4139375131475855
-10.33768991398797,-10.954722714282914,-9.847275036482813,-6.3720821502911384,-7.883055303053615,-8.500666078450541,-6.067418384052013,-7.000132504775193,-7.190040721519017,-6.503124793695747,-7.137285978792027,-6.624025300361196,-7.111465188505846,-5.989518474938306,-5.9373022331978635,-6.383203679269252,-4.449860652244007,-4.015811018912296,-4.644351416931704,-3.797981443469611,-3.404717881734275,-2.8697863045353014
-6.136795044901777,-6.328688534163623,-7.055140547502845,-6.387648737838623,-5.930584427378643,-6.501660114283305,-6.274459861538084,-6.472542294230804,-5.4839771263006,-5.558136625496899,-5.113615796957172,-5.5942855210497555,-6.763729469786016,-4.656799002952224,-5.556925542787444,-5.256422582824868,-5.963544845251663,-5.119952858653762,-4.926999674698814,-4.42808330138808,-2.97383173668613,-3.931107754327047
