script/wind100m.json
{"header": {"parameterCategory": 2, "parameterNumber": 2, "lo1": 3.000054539987559, "la1": 64.9999836372058, "dx": 0.5, "dy": 0.25, "nx": 34, "ny": 52, "refTime": "2025-12-16T04:00:00.000Z"}, "data":
[rows 0 to 24 of 52, columns 0 to 33 of 34]
6.791503010545589,7.344053171624611,6.519930659577902,6.254127510475968,6.489356084912116,6.879279358169499,6.574051059644181,7.268290423397989,7.136701115602807,6.511109797827571,4.367334670160647,4.5265167179654595,3.317761221730102,4.002563175738872,3.5750295436887125,-0.35735671683789866,-0.5756526395669325,-1.750065894343088,-4.476999821900444,-3.475403448481047,-2.457885309299242,1.1829473269310233,-2.441910575058883,1.1810134126572278,-1.3360088229740816,0.3019169355829211,0.5540712469927195,4.681863777105973,3.7661297344169595,0.8390312685657068,3.5173172093532483,5.184887875559846,4.9514745978677075,3.555090333769249
6.708378241183188,7.889800599478303,6.7856715628038815,6.3049586665684405,6.70769575143692,6.890704292644542,6.357192032595047,6.483290876812894,6.769774118280807,5.818288051830624,4.907711820387418,3.906258152126876,3.6753844319435838,3.4778007051059774,2.9640056800117627,-0.7887409928866178,-3.4623234016854996,-3.1655370257223803,-6.461500992203248,-3.3266741455064164,-4.929792592171681,-4.77692508333437,-1.3446076658226989,-2.6871753858539225,-1.0953597522698546,-1.0545874881908255,3.562978042482692,1.1424161734401208,3.7720516462565494,2.476353748261459,4.747624726436705,6.177860558045142,3.037636169561793,5.827032009301648
6.685519310503663,6.676086610037619,7.436598589551596,6.848921680813656,6.741645056502443,6.589209515690654,6.721314006814216,6.498444221684542,6.071696362906853,5.7776410924971575,5.031416999770648,4.073463295613249,3.489528287082344,2.4715541541228103,1.7321931945940234,1.8324197548520786,-2.3866098127834547,-6.61510245063532,-5.0612595326908245,-5.294321332134336,-5.524753689732202,-2.2227231436921095,-6.7751166852839235,-2.151335312311273,-0.09050760917654242,-0.7701712152985659,-0.9560171607287311,1.7981426881430553,-0.31030187584070046,1.427301463304695,3.8391240923594223,6.371182090013312,4.956068107678204,3.1519676965211154
5.955574203705899,6.562188128866452,8.972090438889023,7.552564934406905,8.470910439011142,7.5354379092215025,6.858419267467226,6.858960053023938,6.003269477911794,5.724807243450769,4.94160933715919,1.513264593061152,3.183041842186245,0.6276389408627671,0.6008941158357032,1.093126337687271,-1.4524644484245697,-2.7597800108162054,-2.1654019225323244,-3.026442458435972,-5.520862488873422,-5.3860935599875015,-4.4835428393677965,-0.9314980475355824,-0.5184273290542634,-0.4284475111533942,-0.4141162012940932,0.02160186103804264,0.327971780611594,1.6288206264282663,1.7250443905228432,5.30314765682861,5.648609464509351,2.8580352093795054
5.465725293022857,6.245865043954361,9.496560799751862,6.594254234219162,7.0889168903434765,7.267548990336198,6.789883002345944,6.884968990759049,6.359709021279327,6.149252102591856,4.4588323554351,2.1906220333340025,3.6424578025120145,-0.5712041909455984,-1.7525696312267982,0.4787792661757057,-0.479589596838325,-0.4947934386545174,-1.4855919765196035,-1.8345772442414727,-2.8436628110890645,-3.4417166535578905,-2.2039123499274265,-2.9751170528598885,-1.7798317617932706,-0.3425267938999231,-1.8529355747941538,-1.3482627260353657,-0.1253551153357467,0.6673644086221502,1.263725969757055,3.042601808484063,3.849422286281381,1.2579418401850186
6.751181643058487,6.056485122309764,6.581132505086812,6.502006695542389,6.107846152689514,6.653863474199572,6.480260346993958,6.781139838560104,6.492358887254462,5.4927105211603795,2.241003939940207,2.863181335646772,4.001703230537983,-1.7272989998800103,-0.10809978649002731,0.33392030922453964,-0.08207561861557058,0.09531241864745532,0.20749599067851665,-3.6705347499472096,-5.846424974877313,-5.466241315303849,-2.9249744265568176,-3.9630891798763854,-3.355042851346643,-2.2535573912623597,-3.642239035221841,-2.8733906075035915,-1.546805160989243,-0.5162342758929248,0.9121824606205143,1.502800367477973,1.9508504386801522,0.4194023123228323
6.538894418691492,5.9152554602797975,6.701759657858677,5.655529766885467,5.912408180369874,6.079661094027645,6.470855868985182,6.426430080337692,5.646262793711027,4.471488433584613,3.3768371491447398,2.795593347001919,0.19889789117788537,3.362709370555188,-2.2933999271505856,0.011535562099250201,1.1398658091171376,1.8459822903584615,2.349559806672878,-2.6558552578116497,-2.3633567218611673,-1.1300585447833411,-4.7201992998175495,-5.649026757176301,-5.810615625768698,-4.244053273244655,-4.99738127822774,-2.654412413776651,-2.004986817211697,-0.5751738472387034,0.3175349376690368,3.0534558486718555,0.9536730212655596,0.3482444696220461
5.833084884440533,5.61682622334376,6.347878683886893,6.128832881479574,5.6276287881200835,5.922607787766144,6.057038566036064,5.247863882476376,4.671969120644764,2.783546527313194,0.6963281974862754,-2.1702149956336116,0.7510354260817901,2.9158850756702877,0.11738347495220673,3.1043161163254753,-0.9054007858566939,1.847875398824325,3.405280194979583,-0.10994859828333597,1.055153485869986,1.1848443159332727,-4.078174042359937,-4.159533590314542,-6.044878970324397,-5.402623985115146,-5.2001137174230205,-4.410307619503333,-3.0343624101664894,-1.9042435532560078,0.07851182805429581,0.49209610829148764,0.9831258212582616,-0.5928338074848688
4.744200954842798,4.954857517940086,6.025165857143635,6.199143857791729,6.328742960750524,5.5212667278834795,4.959360522652986,2.8993688130795836,1.3777926194892591,1.4913853304191953,-2.7216244937237173,-0.549107772365264,2.460786031597374,3.0515213773266003,3.2737823323986914,-0.4127833533444502,-0.096237221613658,5.263631629218468,0.43804806142901626,0.764214222788543,5.359922210050123,3.80478260650555,4.598431321757938,-3.5945892915825803,-3.8749316401774823,-5.088165550172397,-3.8107956861119,-3.441340945488479,-3.620309025638245,-2.0887410369868524,-1.5902947883476541,-0.14695083298621717,1.3072382776551277,-2.454598087855315
4.43855063748631,5.397431320479074,5.7392701167820865,6.109100583894664,4.15711753788688,3.853452446195113,2.302991912842799,0.15762104258049492,-0.1563099769597193,0.2403444536154082,-1.2531632643490869,0.7814065666345205,1.4693232323570546,2.180666407521425,-0.09677329100006012,2.968292135021898,3.1582372313344296,1.4559791598074399,2.1887959671722648,0.9659065666252529,2.658807212912318,2.1738031150893904,1.3812819557081977,0.28981941479189127,-2.1002499020623655,-4.617122407791992,-4.589219053264326,-5.87284745749396,-6.659949985770932,-5.074289913518911,-1.8524428525006231,-3.638875956202239,-2.307418085296889,-1.286071572217761
4.768780868028687,4.474589155259849,4.534449557636295,5.745267257846578,3.532046337459861,1.4716887747605154,0.9325433663014492,-1.6926059576881223,1.4588352655337296,2.5252171446875207,3.8215620573053095,-2.6368309285535334,1.4998410084322396,2.113411452904021,0.7237371382403925,0.4198671030338267,2.2719329031778397,0.6969930959051034,1.7212993946955197,2.059652860729828,2.579623669436422,-0.3211997209803623,4.231997598678506,-1.1768178992351435,-0.737983550895977,-2.8494730667513255,-3.232131167848789,-6.868429692443285,-4.500672278875387,-6.011622946907908,-3.965418069117455,-4.304953183898764,-4.168648407294173,-1.9599532276990126
5.177519514632315,4.387119743988253,4.331375545171063,4.928867837023234,0.7642313634928152,-1.9975700118279913,-3.8542612479724854,-3.7958419258284333,-2.6213343419913704,1.8399437820721207,-1.3727474468707257,2.1433048903072853,0.33232777620556336,0.15634086630094163,1.460354656605981,0.40045970827463023,0.5669373424846047,3.7702228199179233,2.877465999837755,2.512875995729556,3.0224916192070763,2.182320349374852,-0.3940239563327769,3.6920267676156904,0.565117791087543,-1.8080848029184953,-2.582344995204807,-3.695809090649112,-3.9899344604243794,-4.659189633164459,-6.252304329409823,-5.75175379910854,-4.628872197515992,-3.00406351151923
5.336972827353311,4.173017903876619,4.125667524767872,-0.30958304346820703,0.2920041898740454,0.07505876299460985,0.9540459488020459,-0.601606984937783,0.468825632444325,1.038972657235255,1.6417485239125849,0.6037259122776039,-0.6478900406655315,1.225985912469132,-0.2672997568138472,1.0373248617139765,1.3709013019742518,2.7383184034458017,2.298687632129993,0.4527657984643169,1.3544555833056102,3.52987452342919,5.066411187951336,3.664587312610054,3.4219286172983914,2.5385279820152653,1.1363431555998773,-0.055093346611486994,-2.0333928116694437,-4.205354453415764,-4.7173676240924545,-3.9330933908888532,-3.0921662032058905,-2.192321805926515
5.359237999867083,3.9814668000171647,3.630401083484222,-2.2403227679014357,-0.8095196847761624,-2.3463907382269995,6.294636044326418,-2.3264601821112585,1.2899225405225634,3.9362414369587153,4.341840320777647,3.6755684033711473,-0.45556838157670837,-1.249365819854647,1.2515838164292894,1.76553189697044,3.1221723027998376,3.7676441885777976,4.350862323612839,4.468525320885782,1.205895013196477,4.669999342317573,4.860539982540631,4.588400722220774,3.41116386459732,4.702916552638424,4.3372620025616415,5.225988009536338,2.1035259382119755,3.8137786804214926,4.715310111128115,5.087269966110422,4.572570184907503,5.007214237948637
4.885663608551917,4.433771677277319,3.657774042502676,-1.9824985445435983,-2.08384475367512,-5.3929867392858295,-2.48851115060313,3.446782002547268,0.8666501496487996,3.0115599865587526,-0.07298025677101182,4.4023140455105,5.8165247347669125,4.29489861938087,2.8146379533706263,4.766555386155119,0.13386140384809372,4.479965400904126,3.5785996020342945,1.898651867709249,3.644936332207821,2.2645845487171217,2.29852069699269,4.826143552906186,3.526470803244804,4.793411657652353,3.5763414191902783,4.5113394712284585,4.95023031202889,7.469308793671263,9.301310574254082,8.15997742151054,7.890202126287885,8.039799232934458
4.59570414620516,4.556228091748287,3.8451504062126536,-3.1151033700392854,-3.87507646966698,-4.789403762605296,-1.7115726860477867,-1.1194277558146417,1.8085380326896412,2.253302262430584,2.620720885554206,5.191142253268961,-0.6472296814090575,4.604164677068253,-0.12631246426532075,3.536909448285996,6.317475394673472,0.7598410372856675,3.7164703786730264,2.918113099275987,6.9953020087895545,3.4899656453109142,1.7169867461517743,4.348922184052612,3.6875551948428975,4.659810304671084,5.730705999028282,4.042037016066279,3.993324837308853,7.038220909571461,10.54156582974526,10.836052762637536,10.25785667876218,9.32681140717623
4.8555501216604195,4.760195041483178,3.9851804963218913,3.3483229525033558,-5.208194819122173,-3.6768800168280524,3.544511249564483,1.5367537421690032,-0.1875518870855675,0.79667637820457,6.000489565509687,5.857860664270826,3.3861586120619247,-1.4424291505618954,-0.02795692416403301,-4.288733843940339,2.3290863961125203,1.8316485776488398,3.4112893386807994,3.799191379884035,5.472987420676829,5.0022913927977415,5.146256104269039,4.770758287113618,4.014941525636808,4.7612072465656095,4.344819517221279,5.203596835442216,5.117966163443943,6.793787462257608,9.963118826020029,11.128687546604846,10.279863388547314,9.905644009392205
5.245002280752456,4.633735325917371,3.4015790322283057,-0.36065746026581363,-4.6652664810962925,-2.7570839268174607,-0.4725002537099797,0.04812378570452773,5.3668716436294925,6.810064457336133,-0.9947696241009614,3.0090135606378112,-1.1295704589777569,3.4075300865022964,1.7305207163152412,4.918529339661678,-1.0971188811584616,3.490832511152819,3.4568953605662407,4.541905038073666,4.970862299695618,4.652276075399375,5.906498814934357,6.953068413813153,4.593560773713746,3.863964276657098,5.375961574422446,4.2138830324674865,4.982457193675667,7.047727139556302,9.856242650146696,9.864473444335479,10.048694291120649,9.415300841141999
5.088444184583297,3.3874179858527165,2.9305265202555675,-0.49064306915110945,-4.4048176636481235,-5.159513212617091,0.09825803078790643,0.7493809075172404,1.9498062434623837,3.4397354179419497,4.037285017553283,0.6498315460897064,3.420194820676127,0.4890885992003709,-1.0120832322555855,2.446027939320113,1.30914347737591,2.1438470101140674,2.9545656500254993,3.5902217325532337,3.783596730359991,6.000904639018434,5.549987078771494,5.401714516165182,4.798596305420609,5.288812893600009,4.940780274090365,4.843781466979206,4.644862717917405,5.130279704625052,6.339602594535942,8.253054740025398,10.599523595526515,10.101518241710384
4.521807437540046,2.4152256343299836,4.318065190409128,-1.9652059788479284,-2.8692690891941983,-2.196070264375579,0.05152069166658998,3.1339914948276686,4.587344026731743,2.944661776491005,3.736291712187321,4.486690811625157,-0.5605330472273857,7.01600294898307,0.21127010672831545,2.246594300984625,1.937305723799922,3.1377087311370735,3.4831450060367537,3.395513449154555,3.9434662867721615,3.7323495487948217,5.7918678020977215,4.187469490953933,4.179174213496912,5.175734676545487,5.1221023948370314,4.7469575564239195,4.942828997994764,4.788695306029706,5.670360273258464,6.616429665135769,10.316652344729237,7.656537522078126
3.9966669054752653,2.835875280722562,0.8204507000885917,-2.139463640954779,-2.86990919330221,-0.42274694675555063,1.164898641184657,2.504466371776084,4.570980415019987,3.0368094975984534,1.4198283059037018,4.945188880175692,4.807445971950369,-0.12785122754882267,2.935623862504499,0.8744793312034665,3.3608610380919415,3.388884380923621,4.271377769341935,3.4098926702661014,3.996734186912974,3.3480205777062184,4.023770199137577,4.300498680735806,5.293433625068697,6.499292251936826,4.872010646611254,5.3932195543575245,5.759382100137372,5.166224631539643,6.161851494619365,6.451934719123483,8.544760081758833,10.312025653558365
0.2673225098702617,3.669336353828812,0.5144909201115608,-1.51402792866485,-2.6062017747870443,1.3385046647373635,0.4517482633243836,2.4775588260253913,4.2593270354437145,1.476048898996462,2.3366378762041635,4.123010345804847,-0.4880256419625965,2.4720988382310902,-0.26839569719915524,1.6384915585260982,3.5124888999528365,3.203526198931396,4.519021175127472,3.0365024320543563,4.163284956730267,2.1516946371068197,4.764967347799434,4.599450104722409,5.184222218560943,5.788698369316025,4.647316256833535,4.99312527887592,6.786423294985264,5.469197831590467,4.825012320131663,6.268814822857432,5.650907361610927,9.94612308327419
4.583212419092451,5.685598222268082,5.543395910303059,0.16100903737857714,-1.343346704798449,-0.387052606275219,0.6689612099503596,4.580817810719148,8.730104714419465,8.285464873384122,-1.0990558679103444,1.2527117320622208,2.0155242332424734,3.0304974317469657,3.474608340630945,3.1768833942075623,4.90222344085642,3.8192115288276653,3.5751262024483954,4.499177140932062,4.287722604721419,3.3513422164209428,4.8705697632653155,5.3516978559786805,5.900699722100562,4.92922995186194,3.710972410703676,5.2810242417309885,4.9961092404452785,4.819103701647184,5.242499038410599,5.699734760817699,7.235865762979363,9.27537157678984
5.207026149447484,5.277648068227949,5.350673567137226,0.2242006874695405,-0.8092939601246061,2.332440433944488,2.1035456500995005,2.9059541774062208,6.269120064504358,-1.2974335427201964,0.775165093085226,0.45299302628954374,2.228354663729978,2.3241078016563743,4.9068829506228715,5.966065141733018,4.504442114351349,3.44261154442365,2.6178479427144796,4.251127269930244,3.849699393191529,6.388923720587073,6.803848365110005,5.831584421471776,4.4002829772581515,4.601944836255142,5.256721788553848,4.359007417817612,4.907658667877116,4.911706948430939,4.281275055708037,4.8659817864338955,8.665038535035364,11.684834058877703
4.041826493893446,3.939030893384568,5.002465312667777,3.6914197959263997,1.5220733284096721,4.7839297777753105,0.4874957798207912,3.7373097053824735,6.33261599576501,1.8043176662419855,2.9246561517255554,-0.07676463530913474,2.547893140949722,3.1979497770240854,6.619838083215876,7.102023968062796,5.237460869274208,3.0037384655740014,2.6700865955024575,3.445315196130032,6.8719440349927705,7.006667983256105,5.277908557753412,4.168996281807718,4.000831171678268,3.9337311243401842,4.240497326087799,4.296653607215637,4.468717912845749,5.593661600346305,4.766359545503771,8.75198077795029,11.063421643193362,11.453316164880407
