script/wind10m.json
{"header": {"parameterCategory": 2, "parameterNumber": 3, "lo1": 3.000054539987559, "la1": 64.9999836372058, "dx": 0.5, "dy": 0.25, "nx": 34, "ny": 52, "refTime": "2025-09-20T15:00:00.000Z"}, "data":
[rows 25 to 49 of 52, columns 0 to 33 of 34]
-6.804100709550031,-3.820486566109092,-2.139629986044555,-0.6365719304678922,4.851817762905956,0.8943752356200843,-0.5451946111682369,-0.3443754865411389,0.5939746413997432,0.4682281784685692,-0.7217786563840547,2.4003584833273877,2.1766163211010516,8.256502123807282,7.265444354147952,7.53540548888533,8.48861949511033,2.341462805922225,2.9022632425888983,2.5814174566641053,4.582481750930173,3.309078987977177,2.616099016569914,2.525284854932269,2.5746224700037588,1.6616995531567342,1.5908658029121086,1.409551899157918,1.7277708781017065,3.205665716448237,7.610101494067924,6.956559600194842,6.499825401383676,5.976496288374256
-5.48634532317167,-4.092220262015685,-1.9458467939285113,-1.3017769909861643,2.7768921896098298,-0.6006040651635055,-0.629843855148123,-0.34003593183087694,0.5357152066072695,0.4055312086548051,2.109978862960492,1.885396521833096,7.775000795284886,7.6003594422515715,5.224595580194645,6.857398938793288,9.288476356894703,3.6057191980044365,3.073146953552631,4.055863311356382,3.1184390659859105,2.859322437251223,2.9682508768298628,4.274493707301465,3.9602114379308646,2.2647977739271052,2.313904758755117,2.2285751245968344,2.5710090055894823,6.199866521448663,6.687981281519104,6.91385220809808,6.77721832106482,4.424451100645072
-5.50555843154613,-3.179557104699152,-3.2519672436171625,-1.5982243096028856,1.2435354485313947,-1.4912112023445436,-3.626763768257619,0.06366036311616681,-0.6784335530505207,1.199016076011507,1.6295480338351402,6.520869411940807,6.495756473157634,4.701798564882756,2.490620272955588,7.362162284035357,8.014240588818064,4.533634218606861,3.1709992944933836,2.685636740614596,4.882580789765993,3.123545638202228,2.974634073780684,6.933368737100686,2.41895268069327,2.3849391654253402,1.8609338655408825,1.5966666815524866,3.505009868663652,7.225608498005789,6.437653591577229,7.17662368920734,5.9685996073618925,4.268891580016747
-5.314635553058168,-4.564535106436193,-4.405719805479829,0.02612461496682309,0.4515007860820512,-2.357163302636751,-4.649226383032048,-5.3788059674904405,-0.6062133035460069,0.9766131348631227,4.843384561487916,6.319918535336161,5.004652859002771,6.517599031523089,3.2927970131364828,6.846993428904402,7.817399929691593,7.911970303316866,3.845745069524118,3.2319086828474624,3.616886443221955,3.7334335297482353,2.667085259319747,2.8754212914385264,2.332241125449767,2.0966247165853282,2.105758282735941,2.1463011648864043,7.140324368867966,7.588278979904152,8.626152182039895,8.621113899180262,4.571391458497436,6.802106925376584
-5.51814981192941,-5.367627776777842,-3.1126761971560284,1.331501216914525,-1.2636590357348572,-2.572817757332273,-5.014205768474728,-5.022090302369871,-3.0483283156915557,3.74751969273839,5.165122826801511,5.1841027128561,5.79369783766985,4.484671073170252,7.208613043199404,2.667245063582014,8.861496859522802,9.632458272628282,6.5140401757554445,4.265874663919513,3.862541084627511,3.713508996914294,3.3636290444427845,2.8497916345555527,2.898656889731727,2.4181672141302393,2.2029332535961563,1.4945430485605786,6.260720071698902,8.695719502590457,10.146792530920075,3.3521330659430144,2.8509087906951858,7.7921201711408195
-5.914812564043655,-4.388094419609613,-1.4900317239303718,0.37713207151435724,-1.2243399847231995,-4.463183613558614,-5.776180517735775,-3.254488957983652,-1.8315470531797333,4.442716233810965,4.848538791340956,5.7491270493693705,7.497411329077625,4.138923626869372,4.5552312018868895,5.082090255690042,8.158398941763096,9.474540913022556,4.518651460139591,4.134531829175742,3.1954968291553016,3.3793189565471167,3.4193986154186184,3.1718627781526187,2.839528089352176,2.0906259558265936,2.167097347293566,1.7524358807315366,6.423059680118599,7.773654236170171,7.796392099131608,2.887682476180781,6.831384658773293,8.075033902716653
-5.654531961774838,-4.016378037946502,-1.2604318962291752,-2.258881524588973,-3.2809367356711197,-5.076139164959076,-5.000980788117188,-2.7192586647754338,2.879240683549813,4.409725331981269,4.390362200769248,6.618660464786193,5.950867926783773,5.808704891312166,3.7428631821118996,3.475860890060036,4.168464003710908,9.198556648930362,9.603005688824418,4.1359447141355465,3.315101292211585,3.1457302966855294,3.1377224622043607,2.9946760468531797,3.0806811033244865,2.309556592050279,2.125627272403934,2.5846980051299244,2.059804374659208,8.895081096874856,7.436914925953193,2.549900749714932,6.499564105119796,6.533295023457414
-5.407372673934155,-3.22813134397292,0.023840263328443682,-3.4424826998017473,-4.739218210880136,-6.243490249568743,-4.46807199690395,3.712843126387914,3.9834224398203006,5.194378315043173,5.308086951535354,2.4692732515925258,5.585062444041885,3.917475981812632,3.6225899494308718,5.181687483396105,6.484917452171849,8.908571225506446,7.9938081998984725,4.6143068739125646,3.230886683643926,2.7305178685310665,3.630842283265262,2.6321789613857978,2.5794867747883314,2.317964730242519,2.5206744864429007,5.67804849760558,8.551586263408453,7.708015172412118,6.432187554813432,5.932564243810548,6.016788648371119,6.331392946395742
-2.840627598026454,-1.272616842096414,-2.061979555318797,-4.818877579505219,-6.135862765768864,-5.508085861265311,-0.5603214002676866,3.9197568689083373,4.560638430869572,5.741980847721991,5.446970596740108,5.6182945236100545,4.696423405549571,3.958996956843755,3.4225782272951086,5.453590752593822,5.9566456045614,8.795979384104122,9.42522307041206,8.982122690923608,3.4803797179018967,3.0745398944259765,3.156059082077118,2.694228062737625,2.399144832476916,2.002016096795339,1.8893273097684709,6.114272272507958,8.133670012077134,7.448769878114005,6.073904636420737,5.698905102055333,5.193415683044635,4.959476495688846
-1.9263842485299416,-3.697094234509662,-5.814188232717537,-6.361691961164761,-5.528615147490024,-2.220573572484207,3.940021451491551,4.571874765971926,6.586129568092952,5.082419414317335,5.732284852358933,3.880255102792369,3.2564596481059915,3.668914296855135,3.1253758260141344,3.6299740025783396,7.027079326360239,9.039835377376114,7.780873641921821,7.811638675948376,3.5756089366199895,2.3166930654503375,2.6602681285049066,2.6505450681969935,2.698522986262803,2.4533755213355217,2.256520634269489,4.563100176890768,7.792585299157283,7.023497771351037,5.8295452745948095,4.801326586207644,4.63300851815196,4.540649424630981
-4.592333737332567,-6.2039801694237315,-6.653153455357095,-6.297853816112821,-2.6114704484521365,1.918569103645855,6.260405020545976,7.2693888199242656,5.636452970002795,4.909532669112387,3.6307847576924344,2.588713933397268,4.394176327980381,3.7729617309206973,3.29737685059806,3.631917515836664,7.379869266175459,7.443558251312612,6.074600021146701,4.379022287007857,3.30870778459828,2.8706971102519043,2.1830200518395215,2.3458053071305973,2.3368707468755816,2.3356344725471203,2.26862889681829,5.321898633944309,7.1690541241320735,5.945617070695265,5.31412679305205,5.022230122867279,4.594615093427963,4.161554023453241
-6.897995028290759,-7.790156533351954,-7.075906007173678,-2.032602998841812,6.204080317897466,8.01552905909917,8.418893660609164,7.363905911981619,5.8205144472293195,4.590332242261411,4.2871270568058275,3.3884233488614726,3.109310370435841,2.604525100984486,2.9320926539159515,5.775434331443614,6.469962931590085,7.11196047982474,3.719178553591564,2.0643676051527406,4.856786692669663,3.1098118248362954,2.248075377923955,8.051272971021666,7.581782781609681,5.468064490359841,5.828007886041606,6.35129203826798,6.943101514075478,5.736561895886174,4.837465605487684,4.166126188869566,3.750531955993228,3.914767187983149
-7.786443533443893,-6.766165452305627,-3.7239004283970445,8.661591102684444,9.247351923653062,8.825526348709214,7.690018307057943,5.495750222734761,3.9312848375150775,4.002164476381491,5.183985639917514,3.084802937290403,3.3757649440777473,1.812575823430991,3.4630286664198926,5.412413703100241,5.399539231790156,4.393209186205286,3.474512390085349,3.412364117682112,5.255829250413885,3.997865260231247,2.5656840474333507,8.189184943676688,6.294371407250221,5.280475295133592,6.484823352694651,7.081545705894447,5.9170971267351025,4.616222133779715,4.412836659419465,3.885047331698482,3.1976014096199346,4.033127075466657
-6.7912867121320675,-2.9101977426847503,7.106373738816425,8.179320315466398,8.702868000681335,7.088280250817342,5.585074832219587,6.165012103300856,6.247153956993766,5.932675008309206,4.9503645993485454,3.0866990823881753,3.0970893661907413,2.4918345987129427,3.0148221773108315,4.400416385972444,4.119352467467378,3.4588303240930034,3.9331970106266585,5.203507533620494,4.867739144395805,2.573785095053774,3.092372111335,5.996148035044154,4.102007460047209,7.674006736814991,7.821608102740615,6.6205203250179,5.713912413150793,5.0981357259793265,3.2686620440868395,2.5773019650434943,3.481126490711373,4.919059590024489
-2.6433980203707272,7.9060545150347465,9.564575219071731,8.518399605326772,7.212699750848908,5.336646133856304,6.603288480179806,8.242963364476012,7.560393540665967,6.195107536806789,5.268456358007993,4.566939715937583,2.509516771516713,2.340625673654729,2.1962954417284415,2.5325923532310455,4.440993486435128,2.1235560588756637,4.276635631551693,5.84457768322623,4.037588604269256,3.0083043707556913,4.2260774381787005,6.705479846044607,5.464561064194204,7.848405729638599,6.465446150279812,6.360173879519873,4.494455819096054,3.126782501740423,1.93948965099295,1.8776269547425757,3.103619071663252,5.967236519457539
6.746707955221846,8.42096520304198,7.805809873369465,7.4914625409625755,5.715076949182209,4.972386712262047,4.990195109335945,7.310115423760812,8.539035465763606,8.067700611659633,6.632111750262525,4.561367200246489,2.6268007257926658,2.348963419313786,1.0611649481553396,1.613295306627709,5.362328669498657,4.191887750569765,3.6065802511152443,4.1033245374234895,5.6630710622270835,5.321738000367939,7.1353885633425955,7.028605206812437,4.337159063406436,5.828786900320831,4.818141141230335,4.806465814558506,3.866819732264278,1.659547209786891,1.8544126536854486,1.3096179167019568,3.8926771250712027,5.838784710221618
4.588582509745362,7.142295098500094,7.673887884302112,6.965009879546184,5.747163019411795,4.928271841310354,7.003471943609393,5.809517111012327,9.064494591664499,4.547480619706839,3.129051688036422,3.332025186292522,1.9221667285586697,1.3376273756958852,-0.47261187564735807,2.3158255803437413,3.248669048108486,3.16005522711743,1.8246515322040981,5.98526335263623,6.158937383260622,5.7329888433082274,6.7010260736484595,7.148299338861825,6.365951273562198,4.5162498749864906,3.713551396363751,3.3188993229176624,1.6048612361129542,1.520739102966283,1.8624237327583173,3.707549694841947,4.86589664655156,5.8753950911755854
6.063811562979258,6.470469636677574,8.349852880766461,7.082301397034963,6.949141115785121,8.060764796230995,6.612817955112413,3.262547748325709,2.1595185159571324,3.6549303362044117,2.699253645592523,3.932616352095192,2.278940220451334,0.8033975099491644,1.7285425200022253,3.485389736333142,3.15625687972751,3.5634403218569495,6.077919056451485,6.267892443016535,5.077826242366479,3.250924812101706,5.7107589299758885,6.411921841643958,5.305530557710379,4.045727411388322,3.0183529030816385,2.9061969573167397,2.2530439510450035,2.6379282936778807,2.7032374031629325,2.407982728515232,5.822965472809337,6.692670578919691
7.339659459463615,9.102558005891556,7.766705228928436,7.213883189035645,8.59809134191058,9.65805479314288,9.556027009145447,5.94198314542027,2.0748453329294336,1.6249858375734432,1.581297212710177,-0.3134808641542226,-0.13020966089299923,1.6114823225405228,2.8670298979650286,2.840961571967001,3.166148554844674,4.989366617293346,6.868040787346807,4.182490929498722,3.193002267749723,4.1640702035396,6.090638476938429,5.951706752988625,4.226606845738537,3.629930560171949,3.144110267023432,2.2806300228321534,2.0745728095020635,2.098514324093332,2.9685117332740236,2.6854781553046103,4.189404919604796,4.421962150348709
8.213858743401463,7.974465815088188,7.864577159550897,6.963618725596864,8.109343696149793,7.317606243214275,7.176661912552439,5.047112860490442,2.741677819577769,1.3095148952985314,-1.6687454104946633,-2.296704643557511,0.5724772041141617,1.7051493541698555,1.2503775630981036,0.7517722531049306,4.714795207310691,5.176500820780354,4.297552360098053,3.9935854358918865,3.234472407051601,4.543517151929626,4.084670216129955,4.372530744406806,2.148549043061648,3.1503838386849954,2.625745041356732,1.7762174590431807,2.7937540694738363,2.136063598962669,2.2198369280295536,2.523936568133095,3.71767994137365,4.8633737099440255
7.341730607186376,9.466783798523048,8.21628994698921,8.758706028009081,8.01394988053825,6.6765199684483845,5.8357451630206,4.937190982552012,2.3371430280690477,-1.4610302045944958,-1.7107497439491575,2.174465931288828,1.4160198742357442,0.1933677789412283,0.9043948517131727,2.6129000203001462,4.056648876042037,4.266875715972558,4.912303008396985,4.0536429777874226,3.8895507056966525,2.8687630270547975,3.1864160960206487,5.064852068632363,2.730388375355501,2.8221845897915134,3.1454972128434893,2.6091995014925855,2.592142571466342,2.6267522208249803,1.8020515782794813,2.5624818412606984,3.7744581848954457,2.8744940773172707
10.629932368845672,8.818712479400931,7.967568408948233,8.772003335570714,7.545967915340225,6.377151729658092,5.694710675842842,1.5136983474496337,2.1414489139380284,1.0249993132525554,1.3188735559165294,0.18531760765601032,0.39531813858797094,0.9384527362294339,2.2301581120994673,2.439419203754052,3.2282828566597317,3.068436543252616,4.3090017754629635,3.0005765093895693,3.64929416675491,3.837617224737676,3.0504729532859893,2.0832009939612735,3.6960461761356362,2.602239829807743,2.114625979712051,2.2746077266197777,3.0734175158429435,3.3841359021578903,3.408674452656438,2.804792421875659,3.3198227607460313,3.3793447133032624
9.964068661786595,8.492642958707535,7.625385357674315,7.638208932170996,4.910083480732811,5.135214810349797,2.8396094498782776,2.9187525112938615,2.025335149301428,0.4177703646488199,0.23476164046617432,-0.3773254187569409,1.2745343121507233,2.0854763534562077,1.074353340349085,2.1407990200586866,1.9022983499203618,1.5101030075391315,2.87156610087832,2.245621973229233,2.0246315641147428,2.2952709842232744,2.7577088212003376,2.163316360519654,3.861292867353038,2.148391115529787,2.1130362406098566,4.337209131341798,3.9644839312488984,2.857307820461614,1.489111674431344,3.1356623844679885,3.14197906455553,2.8906862831789115
9.791334946039122,10.108810008195386,8.776514091417313,8.073236301812729,5.287700220799383,3.978131122716621,2.949225109904443,2.870889270248285,2.407019564953611,1.2938976242941933,-0.8656518853291262,-0.03644120154481116,0.7549358433852149,0.06949535612933026,1.3738844158224255,2.339250380099274,2.2858732512428483,1.1904483222112103,1.8081594499225762,1.8424510017124753,2.6133036130811695,1.8382135813963532,3.7917193405211083,1.685890761833999,2.491047114052359,2.5840059686244534,1.801496864379699,2.1844753443905747,2.058513416562842,2.834507559775817,1.992771873413371,1.662261299817308,3.9492188799749743,3.0521250849939876
9.616434684039486,9.049520365426579,8.59851095536787,7.544082384489165,3.4822216170518057,4.9568687360812715,3.552524506491012,3.5372367652320236,2.109079646005049,1.2185991258403832,1.2285499374299245,0.4874233493198861,-0.4311561327028459,1.1437189700616508,2.6167480723695413,3.5008682708076035,1.442886188468997,2.6502411688191336,2.9835454769187453,1.8961420958123982,2.794240979787816,1.5091112583641269,1.0578255775117114,2.7567585918096613,2.715668970612396,2.219015117724524,1.247008614496692,1.390243564802846,1.553651141463304,2.48213146071153,2.4748042602220446,4.3562252828592705,2.3752210212857,4.493019802158449
