script/wind450m.json
{"header": {"parameterCategory": 2, "parameterNumber": 3, "lo1": 3.000054539987559, "la1": 64.9999836372058, "dx": 0.5, "dy": 0.25, "nx": 34, "ny": 52, "refTime": "2025-12-05T12:00:00.000Z"}, "data":
[rows 0 to 24 of 52, columns 0 to 33 of 34]
8.931116150011656,7.084773175972316,6.384880357166657,6.251411789667695,6.18578634364347,4.681914818822805,3.4745342301952236,2.5603589117148218,2.078953967736395,2.604294047313033,2.509579295051454,2.335335323881226,3.645179921617282,3.583640422628304,4.440723823418818,4.942509377107704,6.773832003852574,6.974584932263358,4.910801582953749,1.9138058853365836,4.700667911659069,3.606554394306055,4.875799273588231,3.7466759627218598,4.326440492644499,1.9992134058338669,2.302717032001998,2.593606363562283,1.4494169084441824,-0.8808939067478652,-2.198591816045975,-2.402557438251026,-2.1832570986608597,-2.4551000419537976
7.867583594274473,6.030897135609782,5.4067180658047995,4.734689733532234,4.6892909977927815,3.8458329903467843,2.5942458610960735,2.0011526174145904,2.68293086644828,2.383872065539796,1.6546793727719782,2.1014065722632993,4.727016333115549,4.3107442027751555,5.962192792364438,6.009809820800334,6.61534206689229,8.046792409498142,5.312059796923322,4.072850766429689,4.184821641905426,4.653167429899027,5.699947608061837,5.447239288370249,4.611813210037425,2.9976861717234127,1.0263954449846489,0.5900276374090502,2.165774518260459,1.4062435196551548,-2.1444100393132675,-1.2543882792486447,-1.2523219011203364,-0.39298361748638416
6.622240847250094,5.191846767807443,4.445679843602581,4.549770303753991,4.212222268331196,4.418756967065765,3.443466930850832,2.623355986098692,2.241079168053172,1.5411059478889906,1.8993800182516358,3.3621643713817795,5.787305885813469,6.3957721515202755,6.740901165648118,7.4969375254620125,7.127436436990308,7.555983256340791,4.764182699639257,6.979035408577565,5.830156289635205,7.949037940215424,7.395156233044997,6.453037342263232,5.061548117089309,0.4944236877768246,1.494532762249389,-0.041271282695566416,-0.6032391564685399,0.18713917334904578,0.5284568121311474,0.8289848249885655,0.4768505178411427,1.5206827024262428
5.1979815255443595,5.421195667185635,4.143768046484058,3.7677497619019267,3.9005772708554973,4.0222383556311225,2.8931185842896534,1.9882718264619392,1.5988704750967082,1.7374212873073367,2.1967869812738043,3.3326791058243566,6.426127752416093,6.651926161391174,7.765488209619849,8.19177250571113,7.683472737915787,6.347390805885177,6.718522426585593,8.165198497420906,5.256815399948386,7.858141099624818,8.19069749350711,5.592891488793088,2.5966869839696187,1.8582062393491978,1.3597385503458244,1.3444268967695103,0.8784955471563041,1.0617227424300348,1.0846618197334448,1.4911710636051663,1.5799214284563905,2.4061023204810623
4.434763962617505,4.258774534256337,3.5872030560223718,3.9086786605213892,3.1173733518643196,2.665331839028757,1.933965342845619,1.6774251951955705,1.482959010071073,1.320078910078863,0.8246939306331363,2.4389794011537536,7.056968753020503,8.669230368892531,10.50554562662988,9.31626257986537,8.167920995405426,8.16732889535532,7.224155451483172,7.123783739237061,8.194138316751312,7.958377049579244,4.587016446576183,5.0308928727880815,2.797748269647259,2.140938264244087,1.196968806227504,1.1238038695691048,1.6676135238909118,1.5827647346663074,2.3948683699900335,1.858087478090034,0.7764323159964189,1.223304110744943
4.002738424711535,3.7904741640501585,3.5863883744225395,3.4311088935823175,2.650552570427212,2.395318040407851,2.508948658392006,2.4056013458567054,2.0463090429688022,1.755445256982526,2.2285129050713977,4.034532265872531,2.9361956236862543,8.27837103333728,9.011107918105088,9.198011457724636,6.519100207450735,5.003917712023773,8.704929714384674,8.237565425375598,6.961597164523403,9.3022813382189,6.143947403482777,3.0720220438010153,2.9082104863045446,1.6516374134392076,0.898855388698568,1.0256388761008417,1.218286537759277,3.103815415659045,2.9238157663269253,1.0691001868333108,0.7069354973681854,1.3050607799096976
4.20809395020558,3.898468589824028,3.8241822403367762,3.7964174323412783,3.1122916525090125,2.3596488470838275,3.5964175750111753,2.3217265005229373,2.8375692178013154,2.3914834806803715,2.5559559678846617,6.034006310140593,0.2503318180466408,4.997569261765968,10.020018079835252,6.718892780574692,11.01103051350485,6.34285167363115,7.809135688711823,5.992562275522885,6.593551283575632,6.111758748217789,4.115308490847639,4.591807227310292,2.9509476644308026,1.6741662473179477,1.326226641943388,0.7021409498755623,0.9882136311759164,2.541478372959107,2.5597456452363416,2.0984370355621027,1.6767325087646523,1.6532457878540392
4.570113533986781,3.955156193189517,4.4427018739219735,4.080735240401676,3.963903680598564,3.5834870845439557,3.8011926295358207,2.9870652504680177,2.8985438593784334,3.958934160987944,4.499823255404997,5.121313206995234,2.4149595625771307,2.828069477156201,5.54423475147711,12.506051916576748,8.46000747029717,9.992000260458386,9.509433632616407,6.050862218427951,5.370819758146007,7.421192077741553,1.5829442224756494,4.005563853668368,1.983184136985445,1.04807851673587,0.8800960975395106,0.6151580195425702,1.2187868460401279,2.494460136522088,3.0780321884014117,3.7898515908031114,2.706748808014487,2.7347374249074825
5.8916681200459795,6.157434810629757,5.558645615183849,5.57653528834871,5.52171406276944,3.79394338879705,3.728488559733276,2.697144914180875,3.318648944695433,1.9813537327858646,4.169438326967788,7.744108961233302,1.4756956319228787,3.382424273306108,4.22092042457237,11.780771831989263,11.013562475719338,10.904911566408657,10.370092457137055,6.768736204383552,5.936544830911703,6.435756813821208,7.009060971908864,3.943577569548094,2.4655577729672866,1.4874245698158877,0.8558091298248994,1.4226042498795834,2.00376400012193,2.1486320393424525,3.34837633080836,3.129970354591086,1.8074385667177255,1.4597034731919458
7.687222848151183,7.229044580938186,7.1327728215437345,5.861990122434502,6.873030439279138,3.8152245408477663,4.264946622063067,2.3470743055347705,5.570504378124135,3.584232044066975,0.8302024220460201,10.034942407665545,4.611460824900511,8.557132245008965,9.472996317909349,13.428635832975068,11.690719964819174,9.855577968843452,8.29934989560787,6.457545156139193,3.3199649674370098,3.310868091751054,6.3035053007266635,4.8181977838834396,2.8595036086113312,2.277312970652974,1.9467081017601433,2.346444378363452,2.8748879589295924,2.262704615309559,2.5883640427100656,2.2274774836591713,1.9824197908260932,1.9069034510556842
9.30795185506754,8.005641367010153,7.671565694354345,7.245358432330332,6.091805643210017,3.228677951278239,4.989297242127283,3.367631314338874,5.727324810172753,4.371868299964827,4.940159325733181,10.82958221894156,5.8904191242245805,7.510534553554471,11.127838977482295,11.415085920879378,10.508961625494955,8.73399654347156,6.612474676832127,4.769114122712001,3.4370587800169297,2.1369488079227485,1.9809433820470859,5.6954914716908585,3.983746713173257,2.6489328755581987,2.5108126409808,3.091155167127768,2.855545793858322,2.6758755557619556,2.879429313556236,4.301495184789599,3.9468971970188833,2.8936190073711803
10.289013706571755,8.95344988466912,8.255150043363729,8.546845424277995,8.532109423534823,5.141647921210564,9.221450064494947,4.19571105744405,2.395445563497385,4.913895588210539,2.965892845848611,7.130467681111854,8.794439433060493,6.811757454847431,8.266163807501968,8.415382384101887,9.303140773515267,9.125673398084027,7.198202485874479,6.538395415283847,5.263687753334647,2.2248225316680594,2.036618323029228,4.083107629766462,2.057125048964578,3.0345685838717253,3.315555447295724,3.568300196035753,2.7124172394331993,2.39375278843433,2.188567084946256,3.264015275714644,3.6684309507480233,3.501782311299663
10.564578870353074,9.394433261930358,9.130686548016095,10.456634772502833,10.292219659923012,9.390823157307672,8.743609300191926,3.0380794546782246,10.51748105069696,8.90212848704033,5.825207029080733,7.3237341748204,11.0831949448589,9.416139666888379,10.687181478951588,9.246299826920682,7.27855602367176,5.366670810264677,5.609188197704476,4.689702028711358,4.651246189972249,2.735147722010975,1.8246765200327697,2.395203829967067,2.2181807400914826,2.492134378749751,2.8676538377689496,3.6156224488545523,2.082060460718227,1.8807349686813282,1.9198891843126014,1.8031069270182345,2.4609474458244867,3.1910929487810407
11.007536077941447,9.494170708415796,10.053338865953094,9.67540722381905,8.606318044343109,12.549495619984425,11.540259827469892,7.489053309842312,13.638989541192027,10.650759416358637,8.878821388910396,7.004169910839397,7.639103286501346,5.340715528629273,7.205792331321402,6.6339051958879045,7.202296156297888,6.371459406636355,6.658959507454396,5.2907772068772285,4.567517084165164,3.3336680451461045,2.515949506267868,2.413939512142208,1.492584621177216,1.1932206416535587,1.801668472803658,2.5025962831053032,2.7196637767153105,2.688101298435456,2.987179627400406,2.4226701051043458,3.1821307016936866,3.5990193100366357
10.974471839739083,10.984595951419761,9.988702684475847,8.488937985456614,7.6374755589962655,8.672848770598717,5.190618209249365,12.366311361430098,4.897073332264839,4.4317696135641365,6.974410374171836,5.96426038711281,7.308240265187558,6.23372280091341,6.882950568354557,6.462396052162296,6.0835878927047755,6.54816821784911,5.382259410797073,5.6381934928045,4.293760653548256,3.7907512557717395,3.256049192113824,2.53674247730043,1.6245465514562893,0.9039562291157811,2.0071750023650594,2.951830853651017,2.394693489347743,2.202702200802815,3.22705878305915,3.2366757959452994,3.5204874467047573,5.68004105280115
11.200753289867109,10.532867814750498,10.750771986833163,8.446487064082335,8.663290531647306,6.8504822810670705,8.220754368101057,0.8472705387260185,2.3757392971222933,5.4567625751426405,9.525381341784923,7.03753229395255,4.088493747845689,5.942943295867545,4.229638873465422,5.616473086161395,6.7038303234772645,4.03977614811072,4.644759764915914,3.5437888071064094,3.9698280522627933,3.459326794680252,1.9086255365019873,2.2571795799361976,1.1362470403535023,1.4637398488179316,2.2148182719287846,1.9453628528866758,2.693204705080304,1.654225576277879,4.205635517648688,4.323386404238023,4.019879590449519,4.893829859195567
12.008853412954547,10.818546740382054,9.51802977785695,11.231100256519628,9.590425224567253,9.744803121868332,7.606848410918502,12.005865279403553,4.9731485868062215,14.351196456812033,11.389749792830315,8.44592751230601,4.502874313531961,3.836420510391078,2.5603946299462828,2.0288473259076434,3.6725052816636667,2.9546408009005116,3.42243051764758,3.476062967004192,3.774968010381602,3.8753345794369056,2.955925615993165,1.9649470927909152,2.1474507366500237,1.8489757749061557,2.6796713364702662,3.064254529561431,2.615351193060237,3.2765718932792764,2.7214018274373535,1.6794210386108983,7.425288692852089,6.541571187224083
12.125304364696792,11.27847288209397,10.303620869571493,11.135148059319182,8.170506455278877,5.681179793686273,7.228361343102628,6.24557969208049,11.6930305165204,13.427191376958868,8.283791486729339,7.118719382962195,5.651446726098099,4.077775010450052,3.79172910730463,3.7877713012854644,0.953715386419587,2.498149484365224,4.060762868263866,5.119400841400563,5.241985877790181,3.327794960743055,3.4914690964706945,2.6552960142359976,3.077069209181408,2.532765753490341,1.6209486280196372,1.909974388060806,1.4793290453046752,1.7711995435563317,4.834183348423868,4.168685330650293,6.95680155884005,6.402474474923339
13.34320582432952,12.908657921440994,11.019240517613344,10.235616777195228,9.361056476476874,6.008250530068232,5.187525212807488,7.94325244951598,6.305467860796012,9.408439432108773,7.357903174132048,6.784308236652265,7.503069350023393,4.810460147192516,2.070217845403591,2.90980795528498,2.591225103944855,4.051414559490572,4.055887086463364,5.452070308798601,4.710894834150805,3.356750230876465,2.6077289425089467,2.7342133737791965,2.823354888738525,1.9342379157304486,2.279427468305272,2.792805935788774,1.7030752440174066,2.733981416706868,3.567702552340595,4.992511023038665,6.365442298288138,5.1897248401349385
15.320666267306578,13.778793251541504,13.857214721244107,10.92026688625378,11.88369870709397,6.372648907923023,0.6318092795895474,11.876550292279807,15.487958283213972,11.512208445941454,10.083651785005486,9.441938988271453,3.925917300634058,7.172280309954889,2.1493578341719557,2.8496419355469653,2.4035143109506976,3.245221958795204,5.143699356488493,5.245052075503346,4.730692596852046,3.1959332666193294,2.6534307506285635,2.679947684266733,3.417818811570055,2.4748439041582375,1.6673967368157596,1.9031559097239845,0.01332868813942045,2.2011333724733326,3.003181295557027,4.9983954949093885,5.72861321532602,6.056538457201961
16.77372553537361,15.94886333709602,15.237236481415088,9.415192021488991,11.00444966356873,8.456128461264584,14.80016122887865,6.133512140786394,14.302865193301132,12.387304384972984,9.560923170518423,7.204383739667156,5.680877387524052,2.4587180190311693,0.9440661385532331,3.612410773636256,2.741800308163057,2.336061120666726,3.135015201554947,4.528346088924075,4.543482473958875,3.9311684095098074,3.265057249290501,3.6747364285380137,4.822749527403411,1.7854894372240944,1.2427403095496226,0.4453387086314382,1.0568790775025794,1.6534157386190511,3.7183455533298284,4.678579447939525,4.608433969246296,6.700575473108065
16.07284451490433,17.01123399421707,15.673101593931301,12.120289849659391,9.755655540190407,7.025276792463324,6.2267076476061884,10.889305430473637,12.945225567701442,7.5502704456963405,8.97902410198452,7.065201550978145,3.695336346703534,5.169271529554848,1.5237021371794424,1.5909892777974124,2.307555502531878,2.5959037591649228,2.6432602194903256,5.447544859356511,4.077818152303469,2.402972337927985,2.9205131651971294,4.556467854647153,2.2426605578972594,-0.9113769645744306,1.2345364414926863,-0.2081812485004969,1.5949848841875562,3.280509481500674,2.9218965942041333,5.124733202069562,5.003504788236418,8.621971685302652
15.51940660793794,15.698098809638122,15.237289146721583,15.351691976201723,9.947549369083823,9.108280135122477,10.902856693989294,10.61850425557028,12.58034922409455,13.402108914385446,6.612269320435695,7.108500210869479,7.377341763575751,4.980391054929163,3.135320825673552,1.5029867298964958,1.5316898430150756,1.5052160477462855,3.3295922004031056,3.7672109923260706,3.374199901553975,1.694177709943447,3.235748038656884,3.82338091114959,0.006993894414048731,0.6665755764188133,1.9182553794336004,0.8139074237139077,1.7880406256373595,3.1489112199236358,3.9772650600907618,4.004197848567746,5.6180531315624735,7.158527793752162
14.394628971147416,14.734140514140568,15.897415088562422,15.612647506633913,15.290958844376169,9.230855303092214,7.9052161139792005,16.203013652788126,11.373131118722684,8.626767768119327,6.419388501902515,5.034224485811333,5.540450687021091,2.5506404287729736,3.138440108605321,-0.5129779675512953,0.5956498107440843,1.4570231516766854,2.146000130131588,1.5087218261606576,3.82251590775749,3.0318560100170817,4.151216428651769,3.648722856576707,-1.2309186856562642,0.7318691536798899,0.9213642921147064,1.0791155215231314,3.3988122851451954,5.314347226824772,3.756975106666515,3.031700257924048,6.057808523377657,7.0384490702048765
14.473973079178014,14.69064817524828,15.506349945046486,16.22112998218547,14.397075474262067,12.0506491707649,7.108248491027235,18.28319959261264,10.544983579302622,7.0034915258051536,8.525694588717503,7.545609811669393,4.7714460939542604,3.2559476606050657,1.649441962954501,0.6022748058559797,1.3048586019196384,1.1781741895668252,0.8367144910155572,1.1644942420812763,5.095196538833467,4.793387521456421,4.011674640811038,3.1086890033858556,-1.0320843035971983,1.7164565038139816,1.9875107475452503,2.3688633968012045,4.687225711514023,4.4018589018670955,3.775573350881852,4.168648445727325,6.405660686596767,7.258392036058524
