script/wind10m.json
{"header": {"parameterCategory": 2, "parameterNumber": 3, "lo1": 6.000027932988019, "la1": 58.9999434238085, "dx": 0.5, "dy": 0.25, "nx": 22, "ny": 24, "refTime": "2024-06-07T19:00:00.000Z"}, "data":
[rows 0 to 23 of 24, columns 0 to 21 of 22]
1.161759624224948,2.501376799452669,1.3152435545276684,0.2750790034718751,1.1339082232543745,1.222363531625959,1.269835033037143,1.1732536928344737,1.323607653193092,4.624625179532765,8.203744096941358,1.926474104829694,2.0187388755724704,2.290120689593934,5.394830600834778,2.4556025376036037,0.6195633457951295,-0.36038848726264505,0.8093135676250004,0.31225220994654,0.1168896526097576,-1.0152439513819689
2.960394038593897,1.95705532503055,1.4887267732616258,1.4013872247318158,0.7761842074594503,1.5496372307430186,1.0629117238587866,3.7419717582212786,3.7850788122226655,6.352230717338697,9.370104469315809,2.2772229573478664,2.1197429245381536,2.8158273005923635,7.701799729878174,5.519368629159835,-0.08069292774520102,1.6397475190332766,1.461927242637784,1.60061046018272,1.5724182048815318,1.89692432212327
1.996607196301062,1.1164710073124033,0.2998638242981291,0.5539992818954184,1.272782222342561,1.2772502086300144,3.168206858093917,4.076955223883861,4.540810837055578,6.127649864120372,7.742651131013004,2.553463802180328,1.6716358715838469,5.908754372256659,2.9608799044503487,2.2526432619988728,0.6056720222343507,1.5587588766108431,1.9792119746119667,2.354447719939793,2.239793487248223,2.525857631928555
4.686125083432588,1.8121891841344473,1.4298010792635008,1.1539019936277282,0.5956797789597512,0.8975867341459249,4.936818996839973,3.5900726266110428,0.6477785521540619,1.4144753239151395,3.4053359810143125,2.752649636678626,1.5221816313363552,1.7316418396151385,2.4833444281689228,1.2335175359544668,1.9136503436935388,5.046998044526496,0.9975432002965015,1.3706455016531203,1.036380763733451,1.195129535669508
5.8105984000840065,3.844860108050937,1.724957363035938,1.3233076078422414,2.9325776464112043,3.2938122253544133,3.1670729050309596,3.9905707716659453,2.011726643569179,1.0059587272859274,3.63622781653355,4.223451899108851,1.332011272217719,1.7520317540886459,1.3418479256251572,2.4552216610093764,1.9701564461749779,1.9001901077730816,1.4738725871657636,0.8422620286004464,0.02523966454955944,-1.634880005555563
6.599098400278578,5.104723164071564,3.6684862304200245,2.9445748249258585,3.163608104193009,3.4651905252469293,3.9695282700842,4.116277033158524,4.777372483654622,5.36931618968281,6.7208860399816,5.722452044555572,2.293388543185146,1.4996724900794627,1.9723098693030428,2.15384308319456,1.4776411761065475,1.5905014943271694,1.49407361645349,1.3651987398143537,1.493612974052186,1.438236536684693
6.396466806329745,5.915231444508172,5.371454836970321,4.352159320431788,3.968806715072304,3.5628405612971386,3.662267172283323,4.320670698154922,1.348498775591132,2.385581228978527,6.717930169432516,5.38769001446389,1.3240568405979731,1.9379521210709343,2.1996481562164925,1.8036045922836856,1.4481767034877993,1.3843575361372822,1.4015623610676935,1.3299464821361722,1.3244380772899043,1.7606898148348693
6.041449149356609,5.851244173057415,5.506731342579527,5.01360028413053,4.140523980024936,4.190784687511627,3.744938074371427,3.2504644707691144,2.534808762117855,3.298925089515472,1.1839431075972144,4.169651061212776,5.106257609475022,1.5945690448078247,1.375850734739934,1.456723942263401,1.6999921439663683,1.2606962177651875,1.3864756689435778,1.0811802716715813,0.7513715399035442,3.8138589482842944
4.876626564523979,5.545514459267062,5.156904830122584,4.516881541540791,3.844785249366463,1.4400841824181083,2.7899035290887135,2.6497383862132726,2.473459142121368,6.599459916448746,6.044866918702618,5.368881219531139,4.215202813634612,1.5582950934746629,1.1647724335479905,1.1585254341680324,1.9923156841327343,1.0109079333044249,0.5144825033086625,0.17369786998558998,1.2190076633453495,4.737525998754203
5.233688801310031,4.483884962552164,4.784572067477032,4.33791193258861,3.8713565573450213,2.0123470286690828,1.5386907792460363,1.6189711754492433,2.732027316553655,5.6367590142612105,6.775784577062343,4.954449447401441,4.101359532581518,1.2803379090905533,0.6651271091909844,0.8082513689510576,0.9113241127623503,0.8013541925033678,0.4211615793109675,0.9342111123963756,0.6093574323164884,3.977561035462086
5.360641290317426,4.8143869016069445,4.532768658867465,3.8829604604402843,3.63581994073306,1.701846928036318,1.5205007617093431,2.2903547270543827,1.5611298794131288,3.0265713193627386,4.320291036671506,5.900163084708874,3.6765273610351543,1.7364550466989466,0.03498528199849094,0.25317669195370873,1.540714347828852,1.5241259262991782,1.0114440489443184,0.7388698829237906,1.6026169985052308,2.19112180623233
5.088004539334908,4.392524152565803,3.955075828013834,3.2766108867923185,3.348525716095169,1.506272931425931,1.6171677016904713,2.417628356058398,2.055935702082702,2.242398454265957,6.6410302338815015,3.83676051463776,2.8749128188707616,1.3715126901634198,1.6739547036368112,1.1804454894253174,1.0862513172784314,1.2003865328008438,1.3213157942737104,1.9891480428923098,2.0390141940082622,4.243733543556512
4.981581799525017,4.295538512042441,3.595591142378973,3.0533494805555357,1.2593165660274361,1.7057847545243938,2.1112886207999644,1.2831838224664731,1.5526821380189317,3.2332643367115725,2.144859238978521,3.5542842381239494,1.934473703665624,1.2943270931845603,0.1389325850649661,0.5862754996151609,0.8071810210573677,2.0424057895546515,2.917130337334435,5.99481536017557,5.080985862524466,5.18813691898172
5.618664650504566,3.90968798906393,3.426966672521144,3.562649938718263,2.4341334731562347,1.9896542282272858,1.778155518722642,1.8712297413299412,2.6868253217264235,0.649702325380843,1.3914266156851078,1.9896755640248462,0.9735090687741398,0.8527599417186686,1.8201129960058604,3.649841559646623,0.6686710369819184,5.120530147912025,5.896881937902375,4.37723597959604,4.1483711481681125,4.245727677848357
5.345921465529156,3.726817641591018,3.171718651702561,2.8927936256373057,3.31303238180805,1.9852335182400453,1.1497600017806575,2.244552457738346,2.097515811888142,3.076763349423017,1.2052331453808691,-0.24159794625591197,0.4248344177299575,1.1766838775661606,-0.8220342996445282,-0.0885603192622994,2.1692786743540236,3.8665384417182604,4.376577597329675,3.839597322263115,3.1503432284137025,4.249874475600227
5.525924108501189,3.9360329651283914,3.34594100919398,3.3611215649535104,3.080735454870966,2.7937091200187125,1.6895315432554217,1.7812177855744167,1.4962182437465161,1.5788919767622371,1.1369105363918839,1.1398645436182495,0.18586766456392173,-0.6464857399871952,-4.065486516919723,3.15475504227834,3.739911782912234,4.12019870770233,2.6226552280267375,3.438912281654195,5.1060953190903575,3.643333840454114
6.136183721325787,5.294258130518278,3.601840965894577,3.111259951037786,3.5698719541549133,3.2354448772854343,1.8558184381283704,1.5656369270324422,2.1096319868671953,1.9914746078122876,2.1967680539534773,1.8145244463039065,0.5674180365244732,1.9473200507262027,2.7143380976039215,2.1007267467941664,5.099098515430918,5.120263717877276,2.303477293788663,3.820882917530576,4.133592799564253,2.574455271661547
5.671735814922912,4.966984482128921,4.0386179397304725,3.3241142882040156,3.5027449006717797,2.512375659747203,0.9487657187331221,1.4295832323306763,2.8397106569794826,3.18585508440258,1.0063191964152347,1.3771697879433284,1.2117629512335961,3.0188724440151593,2.6511008663119435,3.1069841681227413,6.159251599859332,6.203264746710696,4.721105407376163,4.533009439217288,4.179952453060595,2.9073809242605373
5.501386064057577,4.4402744350557235,3.768207762267617,2.9598885865683746,3.076641100127619,2.7891469554775843,1.5387714634872631,1.030338102451728,3.5500278128850895,3.55515853740311,1.7864669387097027,3.580315415727551,2.7987656981980464,3.7694649399200855,3.7276294281225435,2.5407896966765517,-1.1226002419489776,4.494421602402029,4.788598473950599,4.745944839591496,3.88403627961249,1.7575306930202843
5.582445810685288,4.511396731201794,3.645920953879434,2.968272742382314,2.3518148630880673,1.71480482444048,0.7657017218692093,1.4096666213848776,2.0414755792375003,2.1119223018480144,2.174742462680144,3.5391539122673263,4.3265391386491485,2.357233358664475,1.559038865955305,1.9184824304965058,5.04073938580467,4.78677474076446,3.7805680774200447,1.892688261682648,1.3302863581995825,1.1559751705229622
5.134534669356726,3.3646738434973673,2.2615675299586826,1.860321080274119,0.5733036091696744,1.1967202995978168,1.3625251260432456,2.1444638629088506,1.8349690897636268,1.7987016176086326,2.7394542741364907,1.8616920345530652,1.5271246428181642,1.7459473977776816,1.4750624692231546,-0.0556986709269419,2.512689777059088,3.345446834798011,1.1775818603319104,1.4898725053643345,1.256569057384709,0.9025299874521715
4.03331532283884,2.863152399914152,2.2899958561289795,0.44133389448095633,-0.4910683864195749,1.3990542852770602,1.9816745204483799,2.1377991896657584,1.864644680785702,2.1393249418612457,1.2116018255110375,-0.2101126872025565,1.2919827050464554,1.268942068994055,2.3905387803743476,-2.381754649405133,0.7833824872816039,4.069293099483984,1.8617712504679003,0.8438265258291145,0.2724180759881374,-0.6959746487030193
4.233611645621533,2.6297415399296953,0.8024822254903959,-0.5083762863911817,1.9306469059874958,2.169563774802804,0.9843212393605167,1.4775539600718348,1.57702188188773,0.09200013711595989,-0.526775297101203,-0.26246786555242496,0.30354650538172784,-0.3863005580086091,-2.3545984815374816,-3.666952218773961,0.6591563343963487,0.7398507241641848,1.292311174359774,1.028622094961322,0.16986934900143566,0.42418812168503106
1.7637605431300392,1.206058376598108,0.9787224441641752,-0.5999291175738631,-0.4739531457499776,-1.0379979041216005,0.5130650707359665,-0.22874881090230068,0.6253547019994292,0.7344601991276666,-2.116138713148912,-1.1597086836961756,-1.9290403507466505,-1.3606723031245032,-4.2608279614145665,1.0304313088397108,0.5881916750141317,1.3234808054260296,1.002691325052099,0.2357793454507569,0.35778165574296245,-0.4987371328407279
