script/wind50m.json
{"header": {"parameterCategory": 2, "parameterNumber": 2, "lo1": 3.000054539987559, "la1": 64.9999836372058, "dx": 0.5, "dy": 0.25, "nx": 34, "ny": 52, "refTime": "2026-02-27T00:00:00.000Z"}, "data":
[rows 0 to 24 of 52, columns 0 to 33 of 34]
-5.101047630208403,-4.487144773622848,-3.9782092024132485,-3.424589127382748,-2.727362830556385,-2.1325521147965625,-1.9298135626962793,-1.6514300592431976,-1.2621215010325766,-0.6364678041029792,-0.5224950788396473,-0.8561514904358086,0.7404796677454474,1.7261512262898737,-1.9268090776445168,-4.6912795950643655,-2.6192328412760406,-3.1880507756911824,-4.992641978679924,-2.246110186010879,-1.3129488026525447,1.0075275151903629,-4.490763976714128,-1.0854090078381053,-3.025007555787787,-2.635188206745096,0.35050888357438226,-3.114322571985861,-0.33113112918868526,1.1530809215338687,-0.28197778543881574,-0.5127427481341019,-2.4096528987139725,-1.812887893946279
-6.950841556978205,-5.907481485856109,-5.205359770601489,-3.9314784614522424,-3.6719266516558724,-1.9692826623050639,-1.546811363027998,-2.3632586762868897,-2.653539977410791,-1.3416800639793496,-1.08262617644992,-2.0571561219427417,-1.5713363742924027,-2.4537619708745613,-3.8673356152764535,-5.601120638068601,-5.733015270677865,-4.784842775816538,-6.709026000852106,-1.379532739886127,-3.2907079073958263,-4.303177743692028,0.12967101696310476,-3.978964925442142,-1.1191982707042012,-1.3393731958143698,1.462506938381938,2.1893029391600716,-2.510750250184954,0.1936082464532996,1.5553533816229614,0.4359049143421999,0.13247401064505726,-2.719748494157354
-3.210480469414519,-3.0751758257333357,-2.78162960545941,-1.19912438542008,-0.741479238215926,-3.7800142953849667,-4.715236569589196,-5.197154727513001,-4.965367019980663,-5.477598218430003,-6.180804602132777,-4.823602974034589,-5.0951963972961964,-5.772438959158011,-5.487635965899754,-5.56104449741738,-6.254581552037443,-6.772321337588995,-4.799683689721276,-6.68108465230223,-5.441232466236746,-3.367838771253995,-8.009272766564559,-1.362916231545032,-3.582416919938867,-0.3447725640279097,-1.1498950789888909,3.2957404282272353,-1.1301334874886209,-2.155923485827012,0.7327079990436683,0.8609822637206666,1.4970303601380763,-1.8534875377370028
3.1960963058319987,2.4656069879645797,0.2018825125920915,-0.7025241796482913,-1.24740015739359,-1.6297505424183696,0.11087129513230971,-2.4728426484088724,-2.3066982053428546,-2.577532710700693,-5.197517623892613,-5.2971475609306875,-4.318305116896368,-4.296963283346984,-2.8506794534146995,-5.76358012362619,-4.2763891643944385,-6.622833497233481,-9.921912748280178,-3.1414723937747087,-5.284681079409546,-6.273779908331138,-2.1036517461220927,-1.9653266121572908,-1.9898015929161132,-0.8788561393775696,-1.1492749080362994,-0.002798628121514011,-0.561495188365673,0.3158204551898696,-0.15309778107555516,0.10521178575406138,0.2136221471049876,0.2571131316248389
3.3376260363081833,1.435089541642612,1.989153019280271,1.9159800120085582,-2.6310430325680167,-2.219057864436559,1.8566219117505691,-1.7460205760147045,-0.7955348516018013,-0.225501451529864,-3.4455769788240147,-4.128305569969277,-4.789365465405862,-4.1833715644655705,-5.9551628215263985,-7.4863758525562165,-3.595721205649181,-5.0588778124446145,-2.7920679183717287,-5.334350737712381,-3.8498127737103753,0.990540615660616,-2.834816369138846,-3.1099036591989284,-0.6531955137391775,-3.331915413172306,-1.6986330079055227,0.3048096283790816,0.09219447783551567,2.0461586905803437,1.209656277500627,0.4515363313693395,0.6594498620405805,1.0868441113236211
3.635444437391186,4.631774484423058,4.004905364057114,4.851338408201013,1.491682585173554,1.6865974914465776,0.18698824159723756,-1.977854508251257,-1.1808911916937765,-0.11077418066987554,-0.09392096117999356,0.22685406455667687,-2.7557365755058925,-5.441817807878309,-2.489229533217721,-2.7190293902795206,0.4625950018746956,-2.444054340786703,-5.120075029485955,-7.490613486346432,-4.21163540392531,-5.461752090231694,-0.13304501550985046,-3.6548389415862257,-2.991340316458356,-0.5870947986701567,0.601326592583905,0.8358337102904414,1.8476045076006422,2.8030136387538507,1.7482971800049065,1.595976831488344,1.4859356542249227,0.6246331202713653
3.142067100517193,3.107123940060799,3.689744316787389,4.038754641171542,3.703025401926803,2.1598213048621844,-0.5665112536488696,-3.050786032353681,-2.882409236847845,-2.7145847698356897,-1.1246088980818874,1.8249491975773342,0.45751792413080206,-4.083829263894506,-4.888821472094274,-2.23264330586379,0.6801594353575702,-2.921937284985613,-0.4669385060312025,-4.907716650009229,-4.152949773387363,-2.4022710264680103,-3.9976380597385655,-4.7591859036872615,-1.26128770525781,-0.7604172928658335,0.4157787110249778,0.5076251542921765,2.832811326518067,4.087785768957789,5.532719124323692,4.105695446959236,2.7608670037345417,1.2740533572945643
4.346977414417066,5.17641131454297,4.393473858363321,3.0118557402284796,2.4152808996872515,2.905171236411208,1.1453944200789195,-1.7882216306839165,-2.92857670991136,-4.677967261785704,-2.459477027548557,-3.238328654711019,2.4439176387535544,0.8171736195296929,-1.9524476511061537,-2.121298318108269,-1.2945496002837968,0.5233837978748067,4.146710165845525,0.3003949740086873,-1.4893875709890907,-3.4451078697411495,-3.121859074464818,-5.6674509412188225,-4.132809670227689,-1.8526058407623387,0.9403792717951,2.1694003493703686,3.946589383942636,3.185597209907453,5.648904952298905,4.351098951401887,5.074956777114598,3.8542199984708674
1.5681374971007278,1.68999622504661,2.2669237615020026,2.472549877188949,3.4866886987620456,3.9831402181538977,2.11315392579618,-0.10219943252127191,0.3318220870129356,-0.5235085447391497,-3.757161310454066,-2.498403478276402,0.5307268190980297,-1.6359987539621432,-1.9788020675895879,-3.0669111898503973,-6.36845678218194,2.6289227979948384,0.0151811893504686,-0.9796152686972082,4.707961252355026,1.8817638310916474,1.7865417159416792,-3.8673880068840774,-3.2315795451243807,-1.1725584506866396,1.9183353835439925,1.7719551429636562,2.7114044835988618,3.879551450397748,4.502990696306274,5.340515472385786,6.0554987341757585,4.891926841047067
7.567855347524062,5.4663949618519965,4.976047087745434,3.2906888967380064,3.7919176450143817,5.815326614178689,0.8821946133810179,1.9692397144866516,-1.3742315622016745,0.44314557529547494,-2.119084369532196,0.6203732138684089,1.279434169756664,1.912487029701506,-5.287143211261978,-3.4165978987908416,1.1727819768214658,-5.769845094572317,-1.1110807691052547,-1.5350972919872086,1.0270285772058634,2.540091789684389,3.7608268614710485,1.930229055299426,-1.6385536645232002,-0.18504169385427088,2.643032085378504,2.9047260564189723,2.181385605930218,3.803204347150673,2.9716502740689394,5.786746649392139,6.373826006125355,5.62171128405352
6.396288034352804,5.225497044497431,4.580766610791781,4.427733641012975,5.228880699737637,4.4848282126406716,-0.013438390941620325,1.5722144091581647,4.3284739027522345,-0.18335848118709686,2.02787901639719,-3.6282562940778806,2.8679273505681873,2.7934275286860335,3.2857658897550053,-4.115040012625745,2.634946685295115,-0.5098108121760325,-1.2699296103991653,0.7370872509445568,2.2306762398996742,-1.1066653009569998,5.78674721888251,-1.2350055030418603,-0.3353847748781683,-1.51850429229543,-0.47258291396464974,3.8544182652050623,2.7105326619994417,2.894109123674144,4.813748915543825,5.286947519887608,6.187482463336393,7.159807021186606
7.276790712288251,6.684161623535606,4.5443693784142365,3.086047703912452,4.511547776190768,3.9212534544472213,-2.683891346606073,-3.137432227384544,-1.6837631260997052,2.4229876588130974,1.886564957212841,-0.20618982381223244,-3.567622544530993,-2.4870903007084757,3.600438951366559,-0.5414346311493055,-1.8983110646988384,1.541463925300618,1.571375473363208,0.951997247132755,2.487856372505045,3.359656200004915,-1.91239481207971,4.570659839969246,3.1666348702102614,-0.2635325647004741,1.4074773441682724,4.1060541117858635,2.903359685422271,4.572447944238664,6.269729504173058,5.497769250452278,6.619959631761959,7.495337855148514
7.977368109421892,6.363519560756848,5.633970347233723,2.13634105142395,2.69789645366016,3.2727663822445217,0.623861661636742,-0.161722269539788,0.6363556820462019,6.840757596869448,2.964989703196842,0.2914725846534285,-1.3454244004857225,0.8479784387435337,-6.317985968110283,3.6604325440191094,-2.254059665365708,-2.6897197751206785,-3.7246156010631823,-1.8279006878338488,0.2083891797072822,2.8799028913061453,4.869425806563928,-0.31192696263644987,0.4820130035451281,1.4013711357523133,0.8448938989491442,3.8807535368487813,1.9616152276960206,3.0286399081539175,5.26921226667291,6.425611879497053,7.413617625013201,8.87347177099817
9.079764192168454,7.049226126205908,5.900183935942746,3.351934740630919,3.1937655857602176,4.477540805508885,8.406269976860546,-1.4520640073176228,1.0318216566329685,4.406980506675166,7.531178689972848,5.924708593286666,-3.6210741058679417,-1.5704069675113645,-0.5043406204052847,2.918906597399717,-0.05241115236498609,-1.0088471704347002,-2.1227402467398284,1.6003035821525622,-1.4955863815273671,1.7015639206490019,5.1927195794011425,5.4353197104569215,-0.9167968187486589,4.014570294033605,3.817606227707545,4.261154805933819,3.0508143508370713,3.8806761973202586,5.525820984833396,7.70662049303668,8.35067015270307,8.823341346887617
9.010258205367291,7.177608831355251,5.854829692718742,4.63198496461557,3.704291334355276,2.2768176738888792,0.9479307337755486,6.490281998966757,1.111567953393597,6.309695343988998,-0.8694166640529771,4.097240789669595,6.82728644500238,0.6810165128343674,0.8561086044919821,3.075136462710694,1.456915138229673,-2.28130746259308,-0.922137825745979,-2.0142331986290016,0.279051024462062,-1.7443520187168764,-0.26276146659281174,4.767686975908064,-0.028476875226892084,1.9719135086602455,3.519445845263652,5.5259200017168775,2.7077857059823045,5.829576704686838,6.978316634601623,8.334877223908864,9.432409873815082,9.768329116312865
8.867203367803162,7.222749391218672,5.5632021066448045,4.408923050725428,2.6150220709605607,1.4492049410764638,2.7411071403619474,-0.0772258390364027,0.34302233527310333,3.5927093952757594,4.728567618070911,6.75849808512289,-1.475671482258424,3.6818553315445692,-3.4490282439868687,-0.0022545573768547687,4.292236955358477,-2.281118964479259,-0.9124542291414255,-0.7296126080121891,5.217937482655802,0.32957545762958634,-1.8537316067241698,1.2769031810462341,2.380613773875925,2.4851077703761035,6.871229169601757,4.479289166121382,3.2456503060066173,3.769415184674989,7.898756973799704,8.87456676804274,9.300436206689152,10.01123733116461
8.549525365971581,7.505442185373657,5.922293660408295,3.677152471947338,2.2579271502244813,2.4669686452019746,4.2636873490761715,3.223939375851802,1.606189385059428,3.85285565444727,7.127064928037599,9.331250464604116,1.9304798513430697,-3.2382082764069886,-0.12036577383310638,-2.850835755748474,-0.7323426646879507,-1.4532915297829478,-0.2004372307257447,0.79228216136311,2.3809136550611774,2.7445612994133946,1.5651428601436268,1.1018468165624449,1.4183023272752457,3.5796557908225797,4.683336941726534,6.813169814718682,5.263758396524349,5.994747152913273,6.771771667906861,8.885473462702057,9.603918396516411,10.058808516946458
9.319977102275043,7.067252949141093,5.435819109055484,3.8635265721869847,1.8242825895053183,2.5089526172586365,2.652446509758677,0.9772406215037682,7.745550146348862,8.136868298699815,1.1687273644914937,6.769160828224782,-1.507220850259494,-3.996784649711013,0.39177145625846027,4.7137587236108045,-4.7581180424539316,1.9661509881271764,0.6201334735810667,0.43616599417920954,-0.17186425472203892,0.9083731565183487,1.947048101905379,4.873250428148311,0.8224517921767004,2.6730428807143576,3.4954817796681694,5.795453002422593,4.786226269529175,7.652715340636645,9.523184274492419,7.483513310030149,9.143262470661522,10.362210290778126
8.048006072838225,7.21374018267498,6.172437200957547,4.513253567974902,1.8525610058152246,1.671064689503239,5.456181866206421,5.903253295064235,2.97971216928848,7.868277267567066,6.2692417120048045,5.588831632323225,4.608409410388258,0.8171314295048167,-3.9122927095155573,0.0769652359983647,-0.3691649140671331,0.2872050555430542,-1.5467398052012975,1.3190738707127638,0.17391568515632277,3.898468431242707,2.8737759456719405,3.18556806163855,2.283306119851479,2.3285065878016233,3.6267000401745686,3.860712862687683,4.526169945104056,5.265289776918131,6.547299320740761,8.27898418247671,8.625848586432825,9.175655424549657
8.496149613508672,7.632594817982647,7.4595385139942945,6.011526088452136,1.4281173909515559,2.892418309175827,0.6736752338597924,9.653226693856636,8.241436362970163,8.272991158224437,7.005181905032784,8.71547551309251,-2.3751790087965032,10.925765885760319,-2.210293028501314,-0.09173238824604067,-0.8949311136998499,2.019362386864369,1.4088067537106084,2.3111293142445257,0.7174087822777848,0.855531588728531,3.804918038453389,1.8038310954888928,1.5269793553079547,2.474321807378381,4.180917625847993,3.2700890062762165,3.838581915869263,4.624968873488887,5.918834712832778,6.605121295231524,10.28353965230272,5.63658266335014
9.610254573957748,8.087241539082198,7.921919137362194,6.853749874536083,0.8209356205368317,0.9212451077363323,0.04852924355539737,2.841820354558002,4.860911189285603,4.435472038892091,5.667760739327448,7.316043047684633,4.42899620442259,-0.20196472429439138,1.6398572338848294,-0.9015448737669164,1.161046605057176,1.1333958928466816,2.826217130103767,1.629129279937642,1.2836230975851444,1.6659100724371811,2.096890363071486,2.7616265923651206,2.529586426086389,4.488064732108138,4.146133620229534,5.0491320983966785,4.3063033376892585,4.410403843120963,5.560494812916978,7.194293380799517,9.881873411930219,11.004318065673157
9.776473268452005,8.737795322323555,8.287922335177502,6.731866342411709,0.8148868657426014,3.678107976869606,0.9018055196588485,1.493446257552953,4.743666681200219,-2.328791124473964,3.1210283347396275,5.978916830195765,-1.9667651298139541,5.023036675237766,-5.838271715116888,-2.778355129209905,1.3744382088328346,1.5876054708425336,2.975589968510623,0.2888143499035893,2.3335967443005035,-0.6287214941347421,2.6957305733607453,3.5309633588815084,4.331560633139597,2.979155762354559,4.419004929315352,4.853728405401369,6.214792294413084,6.199260853433647,6.1770329441079195,6.4840825044099555,6.7447835810766685,10.511783362788806
9.970894316050348,9.222201994295434,7.6524074371817035,6.448124784572899,4.712264034796483,-0.35035280825824017,0.37529111703383716,4.7204252797283965,8.086745845971961,4.902769495292448,-2.2317964175397402,4.674349021007568,6.273483783931681,4.207179440090194,4.711131675159699,-0.7702567490281184,2.581338442688105,3.2630140649763404,2.052658932130473,2.850639240300664,0.905369824185101,1.7199101841086848,2.1471478370364023,4.422976057481938,4.079736350085931,2.4124333860686056,2.8563403386181334,5.275921478886257,5.302192736049471,4.801800122529184,5.327296111053663,5.6785979524616135,7.199186598735765,8.889361341496919
9.620148666063976,8.677517321569848,8.616833993516812,9.001259131948553,6.338123701892318,2.4210369026421055,2.188201365547943,2.4161555155329855,4.403692498643114,-3.167500095964964,-0.07347427286128778,-3.046241804022221,1.6464471878700304,-0.6194181595887849,2.729647710201116,3.337521180220119,3.1730631294501803,3.1965870961595857,2.704825920334053,2.8274130087563822,1.9654954467011698,3.2263329533727436,4.042051547893241,4.704901819875162,2.894803398000508,3.2066058866289944,3.9825736538004444,4.604106749189278,5.262852838210794,5.227520508811818,5.716469171673878,4.014953418421828,8.256744918756048,10.55310370016798
8.55065473718475,9.807379090290505,9.980867339350793,8.537645714386077,5.741330241326646,1.0862215679758518,-0.6802374496239166,5.269399192223531,6.001373865456071,6.347747091810619,6.2574720058064,0.828036515465201,1.8589575763530222,2.1570831074535906,5.773504238233061,5.680319917552727,3.3604456801960185,4.365902655473084,2.137006739035072,2.845176300525914,3.2690575985013113,4.142878575696208,3.3170538330785724,5.0127194355579485,1.9899056160534943,3.8323406812857557,4.047290634101811,3.8615364419856664,4.252368733141051,5.397147720972104,4.830106168063514,8.281501654787881,9.214476948347794,10.07099990316936
