script/wind50m.json
[{"header": {"parameterCategory": 2, "parameterNumber": 2, "lo1": 6.000198445256149, "la1": 58.999992894266676, "dx": 0.5, "dy": 0.25, "nx": 22, "ny": 24, "refTime": "2024-02-20T23:00:00.000Z"}, "data": [4.289126560368345, 4.8575619913668, 4.937049514738349, 7.28862750158936, 7.458553035970692, 7.739780173001721, 7.357082336917947, 7.7413439333381495, 13.233538838229055, 5.545440482885245, 4.083151397866126, 7.229897813958118, 0.9455494824898991, 6.237566718508556, 3.893676737571217, 5.794557014175026, 3.766031674003026, 3.755065375078407, 9.445207545139699, 9.016756014816496, 7.366199407783448, 1.018980645738898, 4.654899488512348, 3.867238950709346, 4.161067045110382, 8.629639081737542, 8.999521240807125, 9.844243399414525, 9.391736669299501, 9.523121890041338, 6.913760892088146, 5.44014770545343, 12.93480593859636, 2.2725835640980248, 4.245709002611742, 4.616168895195009, 3.0198426817621775, 5.067506102656267, 5.6697122602034975, 14.220858172532155, 2.0049710620323804, 0.17158585595429307, 1.6290864931490374, 5.495080842416147, 4.0083778672558745, 3.543861186159433, 4.221998538217103, 9.501040883070297, 8.867848136400841, 9.827978251718335, 11.975337047928223, 8.786974254919642, 13.608204763394719, 12.567642537142499, 5.432315534069361, 3.7749913841787093, 11.52962469938579, 7.1067941570018025, 3.251839417771672, 3.181065311072492, 4.5260170514470355, 2.6006674150667397, 3.0663036729891617, 3.30274240723052, 5.094964586377961, 3.774064592544215, 4.1681102334445095, 4.256896995492025, 5.039487218668449, 9.05682936957321, 9.063597255017935, 7.854752018593422, 8.498876839628515, 6.049479756888331, 5.746007686498309, 8.290626738031104, 8.414840432521354, 12.045342949958664, 6.773671263590194, 3.8945479160980803, 6.661957290409673, 3.22468173439092, 8.364611237541126, 2.084423169311451, 2.081772120093551, 8.830764397189938, 8.414700681042339, 0.8103965399539436, 3.734425417952025, 3.896759585420909, 4.768071405154286, 4.31319194806229, 6.246446351353169, 8.084585101108404, 10.057162146438573, 13.187512852651194, 13.511949327528662, 10.846763477844133, 11.32059634085533, 6.686052371421153, 2.9774264824745207, 3.8073212619812447, 4.994928884470874, 3.8421818063402693, 11.22292125466424, 2.0615593698070107, 7.835321601959046, -0.057333421945237405, 4.0086383607555796, 5.628823021821619, 3.3629367392931053, 7.967400124179949, 4.652473895538945, 8.204091748755136, 5.006388483201435, 8.35828677260547, 12.424571952480209, 7.595437369484585, 7.775925049079046, 4.0815165118809595, 7.045310339146271, 1.7784472259355748, 2.459834895735252, 11.746199616603166, 4.686966653651964, 3.643616707468105, 1.7214340531876273, 3.2509828250083865, 2.5143761550772865, 2.8611006923169193, 6.677666811232841, 1.248762742105586, 4.761559045567713, 3.994080810193898, 5.551578502265881, 4.191874563109458, 7.424962656341929, 10.112177679336618, 6.886596096360244, 10.69782305338234, 13.344744501110533, 12.674841837775968, 7.340208233012682, 13.52509633424164, 14.649002564580098, 7.079769937707232, 5.110263939734647, 3.6461889313024063, 2.743556413707939, 7.730759749145538, 2.6238899703585017, 7.787514528979088, 1.3075574266573067, 1.56226540574047, 3.41203605962779, 4.422039530524146, 5.5797874894350326, 3.9639609609734316, 8.540922755926351, 6.460563374787221, 9.990777414338165, 13.294554962589846, 8.30770254821206, 7.413671797027548, 5.610923621222125, 6.254795520295744, 11.756861217327312, 4.713902194691312, 5.182131774669835, 1.9311137126364992, 0.7886009980173643, 11.327750843021782, 2.5048687995378525, 1.331812076380185, 2.9084344104756767, 2.279942854545373, 3.6094770615411322, 4.276755428674576, 5.337834954454997, 5.9107009986976795, 7.934392994352461, 8.12082877736453, 12.25944090103491, 8.93920090217832, 13.28033866916327, 6.697137767090067, 7.494349740938595, 4.780711882970472, 4.393703352523416, 3.9853000588370233, 4.351201273007609, 3.062496227513709, 3.0762649318926827, 12.433497732238369, 5.286094109428564, 3.0934340375082896, 7.670024589742427, 1.6793827660468181, 3.9545045750140533, 7.19381769392166, 5.702777857312012, 7.779576442441314, 8.50714683732902, 9.990488772717217, 7.527865731333937, 10.698160280068683, 10.206018484084648, 8.67415418322087, 12.623451878224428, 2.194400520042711, 1.694435386782481, 6.400413770067645, 3.780137913659138, 3.9112546916376605, 2.798200753277994, 1.9727988199779178, 10.492374961605979, 6.293410295520377, 1.9335449921649264, 2.4824353336039047, 4.2502767736375775, 7.840629416615681, 8.029023887850546, 6.864949418052082, 4.271250285223765, 9.092420632880389, 9.304624504113374, 8.294356656713713, 13.31326678412987, 8.2555344027633, 6.091143291795841, 12.934935240076356, 3.3863707410177133, 3.664599794092533, 4.485765052608229, 3.2037656933606242, 2.788116620282547, 2.621230485663213, 2.9557994671981667, 9.633598333881727, 5.525570818711293, 5.532452226396718, 3.5829631564196873, 6.112261743541138, 7.438575255012393, 7.113184363238741, 7.5113696536012355, 3.917854161440214, 11.953627502740616, 10.709759392287998, 10.045237999118674, 5.207553496998028, 7.762430849191827, 4.705848275258543, 12.505947209997606, 3.7716985685388162, 2.994380274478439, 5.652527269475725, 5.012004480023556, 2.080240579755446, 2.4724032630800625, 1.7955737859734269, -0.6115541648324532, 0.9348898031822521, 3.8268332015803614, 4.2646299836737835, 7.88338084283079, 9.230700485707342, 10.182104187310603, 7.9715715181761055, 8.987950900892942, 12.967742397122297, 8.977317676659165, 9.125452232883584, 12.495565248374344, 2.0816519066448045, 5.881550564066733, 11.739294116820341, 1.384788513967577, 4.8619869415990165, 5.003951619340775, 7.006281926486353, 5.16200283566967, 6.849019890051369, 3.01822297803206, 5.710688684806937, 3.9262519776155553, 4.254742175658902, 7.32182596649338, 8.438017351324605, 8.986819188630438, 10.762989635230317, 9.850653685692112, 7.313983119098465, 9.57895579522886, 10.938709305960533, 5.940863003196274, 12.858417904396221, 3.1658777866981036, 10.873897657311323, 1.0727669763732472, 3.672919048673969, 4.447855135160052, 8.389378707060132, 9.868272335122033, 8.887775073589095, 7.284079597501691, 1.801403052066809, 4.949239506518363, 4.76613950565125, 7.177207074000053, 8.140245671239152, 9.26336492074462, 9.680131409131043, 12.253014528491995, 12.952539614771442, 8.365605798218253, 4.32540807400653, 6.5221780611178914, 6.783885686329526, 3.3366953444839145, 5.707126427118486, 1.5485998135325232, 2.9000055521393775, 6.342464457789847, 2.192426390725359, 1.3981745091265008, 1.7390735260488182, 2.050351215306039, 3.742091221159246, 3.5102103498113815, 4.622188089556033, 7.323360042353284, 4.133577163000636, 4.566746290194797, 6.792329812251421, 8.56061004831366, 8.77826811798132, 9.655051672359614, 13.180697167771939, 8.077701170751421, 2.2847385783205936, 12.678842901921188, 5.536711216579449, 1.2701027440642678, 5.340427550616545, 10.254122504962016, 2.9638622306475635, 3.7122377762992853, 5.697576646466228, 6.379424508662729, 5.754436972089635, 4.610779845368624, 7.921240960165559, 7.8007155997600215, 4.830679749539761, 7.578825487465624, 8.458410527753761, 11.477773819667739, 11.560006979488563, 8.729297782918271, 7.166820279431801, 3.839873979726038, 2.329523170931665, 8.476729273073065, 5.535957308292121, 3.680348326464493, 3.3946716558874894, 2.9772677427658163, -0.6589845817714526, 2.9456763657953786, 9.59970110575018, 1.549021017554115, 4.1005526348186025, 3.641840403676783, 8.030122496521557, 8.152461384082144, 7.1404408010342, 8.981988900048227, 8.970293300798152, 12.687127213156106, 8.739542298555735, 9.037052221857303, 9.096044736903911, 13.14300765042505, 12.84460057145205, 5.561169479494668, 6.514543143487046, 3.030641227473354, 5.134322652341449, 12.587322166532873, 2.994429007805702, 9.37634007804625, 0.6633063948002891, 2.650127101397292, 4.476551200512019, 3.5432773061821443, 6.587485367844808, 4.353276413405511, 7.063474565778628, 7.5748973223956195, 4.321133997506849, 8.34709499806263, 9.479871242384409, 9.622153843861746, 10.286077227538177, 9.121690103461518, 4.967123549034246, 2.1145382307888854, 3.20262132504675, 11.626584861517747, 4.0258036987307655, 2.788545251393411, 4.171218660280589, 1.5780475515847905, 3.1083213800738823, 6.78416053423943, 1.3226673708597787, 4.055199560176358, 6.265655339804585, 3.784561635745314, 6.802112387643131, 8.401732799302035, 7.746220758504705, 9.503557220800705, 12.575030234487443, 8.010925408834026, 5.337411005147844, 5.968878271273465, 1.0013463072955875, 1.1448636619688795, 4.555091869030364, 11.159259975844789, 4.955669575788201, 2.23212489070754, 10.887300653791346, 2.3088221639657114, 9.12158855805908, 0.8491764747603017, 5.8808293300394014, 3.751973895243613, 5.296162470546573, 3.5919752807856766, 9.63242953050966, 3.9705144619053026, 8.410178938146725, 12.380837123000463, 8.342389512651682, 12.313056470203003, 13.677446624940258, 13.423787544944508, 14.385235683388924, 12.223967491278037, 12.065476856255714, 4.854802690782296, 4.762371565545045, 3.0437320414476265, 0.2933217190765375, 6.982809742671803, 1.3423633185778836, 7.044481599666269, 0.4305662362215722, 3.797074610721323, 4.366888432268902, 4.029884562191746, 8.312777088810318, 7.549757277131248, 9.182749182799867, 9.068644422374588, 12.210980641718896, 9.538278509671736, 5.559281048330303, 7.5025279503037385, 9.85383089225312, 6.947449700567022, 12.008129140560476, 4.820477986775683, 4.5657177118385635, 4.73144437113365, 1.5018969765202528, 9.105243216064675, 2.915140450430153, 8.260181959005083, 5.977850717824236, 3.637632175604141, 3.9512540361237467, 5.642170877348614, 3.992490002897304, 9.61609709004551, 8.724837805862224, 10.741834769886292, 8.83218977388155, 8.287598002181788, 13.52092481060562, 4.719567985228478, 5.039970542038274, 6.863270431097259, 6.882410181499997, 4.72320634094006, 6.737482749477032, 4.276231402510226, 2.6216078980563338, 1.5577300232845501, 8.507669729981894, 2.887357713320284, 1.4058927780959536, 4.037837680828956, 4.144450704499321, 7.0530789447166935, 5.069420434808793, 9.019930390325326, 7.120520357503045, 9.942352255572649, 10.274378068892188, 9.521734142946313, 7.351924987079884, 5.9543384100498375, 2.1139390267827514, 2.16602639195282, 5.740258023198089, 4.804974530603846, 9.650926746718786, 4.3607271765205216, 3.9922388853465733, 2.540175850237954, 0.5691736730868188, 7.858830437136731, 1.4562112482157645]}, {"header": {"parameterCategory": 2, "parameterNumber": 3, "lo1": 6.000198445256149, "la1": 58.999992894266676, "dx": 0.5, "dy": 0.25, "nx": 22, "ny": 24, "refTime": "2024-02-20T23:00:00.000Z"}, "data": [0.6717720648138344, 3.4836689519848605, 4.590574253537201, 4.729206453274024, 5.712172202728583, 4.70717928416891, 8.141347987087352, 3.155399192896054, 8.713634988960015, 7.2444827251430866, 4.355155383878417, 5.20060738035633, 3.9350373754790255, 6.486095617731941, 3.2830469947413046, 11.770383248215609, 10.978868148252683, 7.088055771851561, 6.78240644693411, 5.928204625133824, 8.805729310808099, 2.1667097334702716, 0.8237895622773456, 3.5278660833094095, 4.691568862890483, 5.1760201565863335, 5.453455181183838, 8.54115896593446, 5.148837883787725, 5.2707279018598285, 7.968317273501053, 3.2644028923342447, 8.25623942044715, 6.131343686174432, 3.4752015441146082, 5.401704824767556, 3.0475358824936283, 12.446962953487011, 8.162634047262767, 6.959815985314479, 4.313173002102087, 4.397231388258729, 4.481994041963297, 11.71344172447617, 2.003456230822688, 3.677459234778837, 4.840071494523009, 5.304747463482264, 6.012426899267724, 2.350387617301818, 8.955690722013015, 2.594436760117316, 8.94737366416655, 9.121333607129639, 7.343949978847431, 2.746404509272912, 9.648996595318774, 11.024646214369493, 5.8973280121682246, 4.239244616385959, 8.694162494980505, 4.900955480543361, 6.687138418507032, 11.543735571618733, 11.348019079628257, 4.417372908745248, 2.6078769978624394, 1.6666610972967535, 5.027310343626749, 5.413923528730605, 5.019359786291769, 7.120365467539194, 6.833387718078784, 4.893210616847356, 7.385629189904004, 6.377824494595732, 4.958919948466592, 8.448968857780253, 6.338878359855559, 5.278690799302682, 7.330740410558722, 4.390293343982745, 8.972007121014897, 3.985076752773485, 12.290943724289683, 6.327532690957447, 3.2225563864871014, 5.076518172032634, 1.0706785922272453, 1.6331330043373788, 5.077164774074802, 0.9132264645378652, 6.632107474384639, 9.508901260322373, 6.280165549492973, 8.578698836006412, 8.599885943326777, 8.751606056611786, 8.356413260117131, 9.627449109096556, 7.3675946601787965, 3.4997245759872944, 6.492936867228844, 5.547412448263046, 8.638849682891706, 5.558309524007952, 9.686043078678154, 3.7204739499318817, 6.47826725975328, 11.940895036184282, 0.9539826345727052, 4.151305287030378, 4.896584402183795, 6.107592682267349, 5.577619986774157, 5.382525432165454, 8.611838018393666, 3.042931893703188, 7.711556068216608, 3.337184555655019, 6.695432547089585, 3.648898695963175, 3.4797988374324604, 9.03481958515775, 6.667817009562979, 6.198688768308224, 3.5292780709951916, 8.924940388082184, 5.126625294313258, 7.156204149626326, 3.5298874411231553, 9.066459941386325, 1.0846769755053667, 3.6281565231786375, 4.774910713386247, 4.807471866713401, 5.684760316837471, 2.6033680821278633, 7.167498583260858, 6.3489969484910835, 8.40600823052662, 9.03317709432186, 4.22615891412595, 8.605402006093529, 7.698309854373, 7.8141662408126145, 6.206743793641284, 9.36099747102404, 3.2588297878835273, 10.971469611672413, 5.5117682526019705, 9.342829578033369, 3.89496986512414, 2.4106239234586884, 1.146371358983094, 2.2071320734044457, 4.7166147707371335, 4.416171750650655, 5.0833477232421185, 7.327362414041478, 6.263815597137023, 8.654268802576402, 7.139743973725394, 6.499863060106688, 7.418012638415868, 5.506756576164071, 9.683922939440846, 5.684710269696428, 6.730848411240571, 4.733913853898803, 4.8977636252193895, 7.552670025615426, 10.240808038108659, 3.040847002335188, 6.670727059568963, 0.4414092489859857, 1.4363561539636782, 2.0573115703604405, 4.969816549165685, 5.478369293670343, 1.5665152965453408, 8.382871209988501, 8.687813611331693, 6.656422990110542, 8.41314241495229, 4.269057255214822, 5.759080268606486, 5.909145335797729, 8.628645670093862, 6.379481614887376, 8.60532710711583, 4.259211013440223, 4.1650322836035185, 7.654787436474664, 10.333013312289737, 6.544640127070054, 3.7506455436896293, 2.2483137114029583, 2.026218027088207, 3.8844541582784973, 4.323021227530352, 5.027581226319538, 6.040461272179707, 8.4631320324049, 7.594909162984643, 7.634005396721618, 2.397819686823404, 5.543441246221796, 8.1477050509119, 2.9147243298197867, 4.027693124941109, 11.128080774833958, 4.979246673813112, 5.445249990083349, 4.753441152041279, 3.9075371502179763, 7.559896076713713, 10.421606073444359, 5.049514474700907, 0.906137667847024, 0.7299602107705895, 4.067049850579021, 4.092668788596596, 4.562527834876049, 5.1097125241508525, 4.208737228443442, 5.14238614052949, 3.3152035836241693, 8.400680028829882, 6.4542628093216905, 6.687438267418296, 8.471356486642009, 3.7134609147587807, 5.368107749513653, 4.527990042248446, 8.031507583568189, 9.430381953323016, 6.9325145226222515, 5.071880757987192, 3.988281895523086, 10.161947981714292, 10.364129932217773, 0.9385215334097257, 3.586230298867669, 4.042574333874962, 5.310305139863842, 4.455992447069016, 5.714393659692524, 8.615437863715977, 6.791301718913034, 2.3909033904209047, 7.3293001222160745, 4.6266156293664755, 6.002313476579719, 8.814887594868399, 3.628800820135264, 4.69073021780217, 10.78727842576559, 9.761857940042667, 5.613187089803108, 10.852074621065864, 6.142244539104426, 3.9029192472917726, 1.7840573106996922, 1.0583747482229222, 3.6764111042110006, 4.796856089064502, 5.059311019564236, 5.6103022102250435, 5.28831095130544, 8.57572986087048, 7.25813951097882, 5.4286594206759196, 4.250350277852696, 8.121253636191293, 2.899952505914619, 6.834643208946027, 9.066050228940941, 4.899646932764096, 12.294815431845977, 6.860861033777745, 10.565318555761323, 9.341484049204604, 10.186786440312428, 6.057921757414432, 9.971847546221662, 0.9695750412506458, 4.07086318261613, 5.12837677252122, 5.379693289329692, 6.037833081858969, 7.78154119025751, 5.532556393405553, 6.342016700661384, 2.6221345874933957, 8.654654205607782, 6.516512473134653, 7.927818401820281, 3.725361953873233, 9.6066994776558, 4.3050878847120595, 5.594301670927729, 6.154235605298826, 8.532539697096245, 6.914138127120421, 6.197466218839563, 7.184648572721089, 1.851928984780066, 0.9459896896837092, 4.5975815959778625, 5.075996250902164, 6.2777472399629755, 5.73010085524093, 5.420904456705685, 7.778047656193564, 8.437641840308952, 5.449361237540687, 3.3846043058303548, 4.070773185814891, 5.577566683421531, 3.0343101462427997, 6.513926840752089, 3.937556852007935, 8.20268535003912, 6.817329360069811, 4.540394314752504, 4.824019214845429, 5.559765858325554, 5.237831063975074, 5.8193511606929835, 1.607764056056939, 4.809261511190176, 4.678534396801651, 4.420564910290295, 5.019081372625657, 6.767549021764925, 9.701045348340259, 6.40394865055084, 3.5504325787293385, 8.484543930531936, 7.686829145525322, 6.15718767642695, 8.815345296385532, 5.547248107959494, 3.5761990907392147, 12.49836454558515, 8.516085704744205, 4.931088319448629, 6.973101481804536, 10.666335699931876, 9.411548572469924, 8.02872070384087, 0.6813193627913947, 3.967213710264242, 5.200102519295607, 5.235500135551127, 5.057658343518584, 5.026122659156765, 8.516138622980268, 7.759284864402131, 5.659606430595125, 6.533137671973036, 3.113435240910872, 2.931767734782778, 6.864243247433691, 11.35933854708604, 6.942341971399786, 10.936725375767677, 5.4878610734424065, 6.157784557805552, 8.53363256602263, 4.155811860604166, 3.619988443603613, 6.509259586059663, 0.879267931234606, 4.121751883659038, 5.390200971027501, 4.844958078246239, 5.485130759541764, 3.9204185388961275, 8.973518508485078, 2.8482090198220753, 4.455029849324154, 3.618358782565727, 8.409829543109065, 8.009837172166582, 5.647388402234811, 11.032826346770156, 4.610361308537639, 5.952267919597787, 6.978969331534944, 8.475225563814593, 7.23422621151304, 4.433460078249793, 10.486680834687029, 5.452931857954249, 0.9958390878614793, 3.665917168444848, 1.488641858391598, 4.599883665491454, 1.4387941533962532, 5.503659129302088, 6.836790090563205, 5.273609982054935, 7.151734283764734, 8.519132656775332, 7.248035948312069, 7.085344956398977, 5.435927010397243, 2.980512213835075, 9.019819509499465, 6.965210964451429, 3.920443063130677, 9.329179894436743, 4.745960548779587, 11.224142932238063, 3.4913415303975532, 8.627409216092222, 2.009990989851071, 3.508375881937351, 2.177715327882644, 5.288926123708709, 6.295799629362075, 5.526877214301119, 5.168053274535026, 8.271493019305913, 4.905770484510499, 3.238193900210825, 3.909630091809285, 2.9993904274779735, 4.00021668909565, 4.7532717098581205, 8.948979613473922, 7.306641387454146, 4.677232983381116, 8.192110388344862, 7.0880102540464405, 5.837008215811005, 5.04532192642872, 9.429686325059356, 1.0948247029032447, 3.4327907041602703, 3.1875546010425837, 5.428614118202042, 4.777618730213915, 5.0216281033899675, 8.178085576407721, 6.001354178693673, 8.807337231672346, 8.162473378335516, 7.776711739704178, 8.1130769145006, 8.68193286201995, 8.772057949695368, 6.447996680987709, 6.131064409948139, 6.6979508111518555, 3.5320327772997704, 10.668385485690493, 5.955549240930199, 9.062243579161319, 4.849343220046629, 2.0145057527173176, 3.8015112941318328, 3.422752558185414, 5.7341195149888815, 5.507498784532682, 5.9673734996832914, 9.535905594150268, 8.082539709669115, 2.4961301490173198, 3.2187275001904294, 6.134067656742455, 7.356366444368829, 6.484347729137384, 8.897289124148864, 6.716190393965438, 7.5682946141990115, 10.15843047164487, 3.921503913377331, 7.5258510528242, 7.781378031977695, 3.0452660852344025, 8.24728021399679, 0.8525351337987728, 3.8562680832227207, 4.981794035016328, 4.4005500471887995, 6.525840835923243, 8.899835136136518, 8.229292773036004, 2.770200272644909, 5.372200920112003, 8.256406143105423, 4.800071660724543, 7.054567604036266, 5.285263875452915, 7.712790359057283, 6.740173315035374, 8.178613058471226, 9.286575172103488, 6.30673921206428, 4.733266432775485, 7.297670788811397, 5.399219777242139, 8.644639363909192, 2.2816404872414737, 3.952277013684968, 4.1674386963198256, 4.9351246008324985, 4.519318267632724, 5.497496464382818, 2.6897442105693354, 5.791865212154575, 2.706765372168785, 6.444672571970136, 4.16223076694028, 4.1778626956771525, 5.100249310452537, 11.63016535803386, 6.643798029543077, 9.073142152242212, 6.405109344172011, 6.870333624612582, 7.533742592957866, 4.836065394242955, 4.255581154387761, 2.367789426499237]}]