script/wind10m.json
{"header": {"parameterCategory": 2, "parameterNumber": 3, "lo1": 3.000054539987559, "la1": 64.9999836372058, "dx": 0.5, "dy": 0.25, "nx": 34, "ny": 52, "refTime": "2025-04-03T00:00:00.000Z"}, "data":
[rows 23 to 45 of 52, columns 0 to 33 of 34]
1.9621030411034255,0.9555366154365348,0.7905423464541461,0.7953266649078097,0.42919248087692957,-0.3223483995155422,-1.0449271484611338,-0.4265213518345403,-4.06372839054804,-1.4081638645123995,-0.4791766681482404,0.9272064778190725,1.687464172533707,-1.0400978774719958,-1.2194142351058084,1.168288347210991,0.401838732809501,1.7553643927914415,0.04570277251532094,-0.18498114215939832,1.2294290471198208,0.35017179793324354,0.9383057054424215,0.5220249937103328,2.3911200368575343,1.230113731553849,0.7578406296652894,0.7905247251513401,0.46612785128417994,0.8401996381556873,-0.056171650454626104,-0.9098371155056867,0.7541189213339788,-0.6491003864999283
1.5369851082663653,1.0691638434526813,1.150236179334762,1.075514121387871,0.00465312853210707,-0.6266242741017507,0.649872088926841,-1.8417259449457226,-0.7766182249784256,0.08093878888845643,-0.43418743713055247,-1.6140416987747686,-0.7678672321155747,-1.5640818949395812,-0.6529275306749819,2.7322595812637416,2.9404718260198854,1.508675222680826,0.7133140356049779,-0.15857858160343977,2.1356327372273816,1.9732725136353988,1.7257527635392558,0.8418361328440628,1.2117806366205317,0.6124864846523743,0.8331214352316771,0.7671553513470671,0.3199749326393024,-0.6413510468999769,-1.1943973730269422,0.2729916213410296,0.9253042937628339,0.6173584611249588
1.0400233890194204,1.0703780172102826,1.2493364728485676,0.7041495960494335,-0.0172135845154615,-0.3887209965720989,0.6324542644343945,0.126174146659224,-0.9153350694728338,-0.2069311898382023,-0.4186796259315278,-1.5087941121707833,-1.5503028326131163,-0.9751426755150296,2.5452986736095085,3.586051298408412,4.345285845423602,0.9284728703600696,0.8318579812559548,0.9511133948885087,2.3490012395583264,2.3729737972750953,0.1107084345311019,0.6096771502330488,0.9717501157149016,0.7032274929766467,1.1092638805761026,0.19647383499601653,-0.7676844729088553,-0.3358324880299535,0.8010163723461778,0.4846788550616952,0.5533120187823489,-0.18642305671337123
1.0610910675316676,0.7693053974236497,0.9857108415974509,0.22479297566543513,-0.6511814122390783,-1.4742140381001014,-0.6032405635436878,-0.16886390444853477,-1.0297078002668243,0.3479448496506003,-0.6757288063323682,-1.0792403238454482,1.0067024534629794,3.6388719964018885,4.131166350312288,4.114638393728977,3.6954322348582926,1.1416230111376893,-0.28373541472753533,1.1409668391049517,1.6872725222345049,2.1395992633253007,1.2778384216931902,-0.4305336254715141,0.15727966632873275,-0.4823252641997017,1.1759083333673346,0.9198296804366078,-0.019951431376130063,-0.40599020360795957,-0.38190795920035253,-1.0938399627952455,-1.1035813332114706,0.043454978754533614
0.841692728145635,0.44340982868850376,0.36671977630809405,-0.3545751967728737,0.5428189304763842,0.1419891591045869,-0.864329526798086,-0.8267119438455064,-0.9168070963091806,-1.296725867931136,-2.3456815936135347,1.9311656049955368,3.3782427614587633,3.527778620045811,3.2125434919585403,3.7042907789981148,2.658349213364398,1.0199862216187672,0.8351880105287417,1.3380106422512945,2.553227943977648,1.7497088258913267,1.8590050751739622,3.3883905450488454,0.12297226068689296,0.8569724055046092,0.9433410644283342,-0.4813512866337147,-0.7156619911109173,-1.1618054714727053,-1.3936987362420794,-1.3303304509206586,0.653422613339702,1.7632918201423298
0.2620933944645518,0.1142739248658498,0.21763251979848058,0.2083261885526803,0.16416252537255616,0.24585604083472307,-0.6885560391769501,-0.1936112508409628,-0.7992927867043321,0.10907211931196188,1.8776758333578918,2.6080782583970303,2.7799004039987634,2.9046241586674952,3.4304904373859233,2.7580359710564464,1.6817299573897464,0.5192483839051647,0.02486459585344723,0.9883237025100426,1.5765904234168586,1.5040973494953342,-0.6367670662716147,-1.3456730750198005,1.0940037154810214,-0.11793221549219496,0.04644792166954406,-0.9439328911866779,0.8076944869282644,0.3449024879542335,-0.5596205955282362,1.4181893714349945,1.483978958190728,-0.6213960674495828
-0.2593762656689799,-0.2008990891476041,-0.26614554716214045,0.13163688775743734,-0.07555542743834248,0.17403694921164917,0.5319365930817446,0.06019697087118357,0.3805549438163757,0.946347212675469,1.9748488590027617,1.8352800200521582,1.6476290065571775,3.0364536991344475,2.671309073092911,2.01017670113031,1.7680498479530642,1.0959726954924063,-0.07424984236853929,-0.6113085955813764,-0.5486144694769794,-0.9885142136873116,0.8239138881478637,0.9009099873037572,0.37373914165836436,-0.41313449002552644,-0.8140138738418226,-0.3383301522282381,0.580525666586393,-0.12457843162312944,0.08937992580284164,0.26855214011547596,-0.4560503536818724,1.589499292564732
-0.2116300428021241,-0.15025180781444478,-0.36212861770161175,-0.6622305196100344,-0.24890344045302512,0.2375843563950259,-0.4187613429305597,-0.39403641040951837,-0.34624113472250556,-0.14855666506776322,0.34527979161517736,2.1578502101488826,2.9471247474234143,1.8468463346827417,1.2950542735640873,1.3654338715637537,1.1275153771050344,0.09558016845554465,-0.8934088144617593,-0.23446138659588336,-0.49622700678815346,0.19841514315664238,-1.1427362163604515,-1.7519354565842744,-1.473393048892911,-1.4660746085394767,-0.5789624489989075,-0.03460142616629153,-0.5190848053682526,-0.5739962372537627,0.7736340397549826,0.5715031945031263,0.050518080903161795,1.1873635880864801
-0.5571919980442622,-0.3899485521887309,-0.6280123098159309,-0.8503471014620195,-0.7370638288569574,-1.1994768413862564,-1.2146632238362542,-0.324481817639306,-0.24020909386639347,-0.5969690006879321,1.7873241453001842,0.9623540738511802,0.13071832551379187,0.8195281838552446,1.1739369279455254,0.24483455933608278,0.0011684098322272756,-0.530691895749279,-0.6729372367285474,0.3174909813215083,0.6164444511651113,-1.1154447794664597,-0.23818638424217956,0.2111528416989172,-1.1273993309457941,0.08519719695118062,-1.0151142972858782,-0.5345368432949718,-0.24588653996837143,-1.456730770812021,0.5597508543057163,-0.5885274526401898,0.4735881900748965,-0.47506549924542163
-0.9648181303256277,-1.2448518558978243,-0.9951056326327685,-1.4361795211885495,-1.9345781062653689,-1.0011375303121333,-0.5714164876753246,-1.4567033649821193,0.4309968814799613,-0.34846440440637355,-1.3407851657817542,1.3976052676323911,-0.12184404251480822,2.101243285083989,0.7507431040853834,0.0590866854177374,-0.4441615464417384,-1.4537269141357436,-2.7326631274083693,-1.9087456774892115,-1.259090053041588,-1.5567637837280492,0.1814078662141771,-1.53694687929961,-0.2665570043561143,-0.44440953442265985,-0.42647648722159415,0.16251332296176665,-0.21789512850597226,-1.1486197239576255,-2.2668070062492998,-2.4647976870282804,-2.3993432599759363,-1.0263879570403012
-1.1285570663568925,-1.560115889568968,-2.1444151482460554,-1.7603471040589143,-0.9417039737047163,-1.268363063571357,-2.132363735985197,-0.9874251540944389,-1.7409402730799324,-2.104481260133629,-0.8166676905520627,-0.20537536338121892,0.4241442322296262,0.6082024846652407,0.013510296655919131,-0.07273885053093852,-0.742990594584941,-1.241106222428472,-2.39885901617268,-1.7817078598278735,-1.0129880887542473,-0.2256373563617656,0.278846655498455,0.199818181174702,-0.5631656107959788,-1.0813518218193057,0.08711472325605712,1.735435125705342,1.2015520158619668,0.039612060393001323,-0.7006357263753515,-2.0443563586496882,-3.5389082733227757,-2.3465558151773145
-1.4523021790140325,-1.2966783973816447,-0.9096512892418944,-0.9016788923596606,-1.4645035779744324,-2.2418352334114413,-1.9186128157033924,-1.703484684438686,-1.0789340109057286,-0.358048841635771,2.0563309946385107,0.5716230343661224,-0.1666821883029881,-0.792798621775958,-0.09364849177358589,0.42093928362318356,-1.7046686780473344,-2.0958881812956434,-2.1741754490481036,-2.252665680140174,0.7241549677933193,-0.18153915620488348,-0.2558531000876096,-0.3177249759469484,-1.1870614869573015,-0.5522265100546204,-0.46479125769111423,-0.46515489862223464,-0.024637366864356736,-1.1797094504155865,-2.151086390129131,-2.810411214254014,-2.446196079607905,-1.5743744853476067
-1.6804496820779027,-1.5246660913844834,-1.4847733529361202,-1.4609462835031242,-1.8352492348781124,-2.177983108468134,-2.006486628332431,-1.0105258243610449,-0.29141594696529477,0.5520984291251434,-0.07680570456343802,0.14307538285940455,-0.4904956418227637,-0.1381224827815,-0.43180835177861415,0.6420207567236866,-2.03691517051391,-2.018748019818697,-2.20016553678998,-1.660759559712767,-0.4339964743757877,0.5028186371118138,-0.8858814025261277,-0.5747163283840064,-1.1673316027298544,-1.087017694837395,-0.8472526548765564,-1.5029813135430705,-1.391773198577989,-2.261694965112281,-2.303860629454345,-1.957744792435912,-2.7433610239030344,-3.0600419949917455
-1.6026439693653471,-1.5222616689356978,-1.6080506657819982,-1.9577417413996843,-2.067343001055804,-2.5593378447675144,-1.4178367075453953,-0.7035652266955815,0.2723564749227012,-0.8423286348574799,-0.02534664529111209,-1.601679460685789,-0.6840024294898611,-0.5755665634037869,-1.1863477613549605,-1.0381425614034032,-1.3605679918257318,-0.8564920333962349,0.16206094113547348,-1.0209911858750458,-0.11890960162888761,0.13237923483219222,0.09121210989064639,-0.907010656630418,-0.8995454751341364,-1.3148859232682248,-0.8292636252705421,-2.224248360317182,-2.7108525518090385,-3.4081089401590328,-3.6048400293245755,-2.5976631127380214,-2.8533743208445497,-3.4710686810528295
-1.8272875031511275,-1.617642871075371,-1.5784037315331974,-1.8856013650103793,-2.130898319468417,-2.033770838493165,-1.0287160109732327,0.6930954931179342,0.816005737519359,0.5547147809502356,-0.06609438869914878,-0.3463388598008318,-0.48297145938827707,-0.6319002194434513,-0.7970458731021288,-0.8714699482245686,-0.9972832108072652,-0.07630022424269751,-1.0325500197852384,-1.2301279691731575,-1.0782328221641637,-1.1263705505283086,-0.5736666526592654,-1.1672746382460117,-1.9276861082021453,-2.709654092085463,-3.030813579253536,-2.6775137819083703,-3.2333821559183233,-3.8136978884619466,-4.04623992152708,-3.120202644047325,-2.0849248372897957,-2.8937290365988884
-1.5946893095919088,-1.4277107276890848,-1.5287471069075749,-1.4676421250194456,-1.8668820932945183,-2.1507525749844834,-1.9244422821723601,-0.6802205455596569,0.06865964338189894,-0.3396549291416734,-1.2581322426892876,-0.6757593156521218,-0.4302752173027686,-1.0563892889121778,-0.7211435441915675,-0.46753603679477784,-1.7158287379586545,-1.3865820808339937,-2.159108986766105,-1.8300965666419071,-0.5910561944357661,-1.1363630007243257,-1.2672675267650193,-1.5893971349973528,-1.3913493410296436,-2.315893432277712,-2.911948604153858,-2.749161548508656,-3.2041299444126192,-3.362466122821916,-3.212483965977652,-3.2119797076745775,-3.309120760105893,-3.3959568024215687
-1.3992804504704475,-1.3623338793656778,-1.1259727303439042,-1.137284220786713,-1.0080981548950858,-1.4830074877057227,-1.866420827362905,-0.87769508978933,-0.28155105304601225,-1.1173956925460706,-0.9216432436874079,-0.6837712187725536,-0.6865513773280242,-2.1193011629577168,-1.4833375501933177,-1.1354606860330878,-1.7757171865638055,0.2340755274793276,0.08466005361292649,-0.5414079162237174,-0.2102747333494261,-1.967210016492451,-1.659355482155549,-0.9287689102344358,0.29882363672222284,-1.8901799447329894,-2.3928722069481436,-2.957870128854072,-3.047582421438878,-3.687603155409528,-4.152543865917076,-3.8615711120210774,-3.7309490888366423,-4.2721732030761
-1.2550930033535974,-0.8089029984777218,-0.5649052052585372,-0.9530475173143577,-1.70590272462855,-1.8574596741871927,-1.5637624703456954,-1.1186169335753116,-1.0311641491583965,-0.3800655743060684,-0.4319893818968587,-0.13896796399483322,-1.0038520138719922,-0.35647444860927874,-1.812983506695098,-0.9174493874536185,-1.5393403890624362,-1.1161174670246388,-1.0462324263810778,0.09290004951570956,-1.5529963446209463,-2.0126252523411243,-1.8376311106274197,-3.3710106867078533,-2.6622097374428586,-2.7333856643859407,-2.2092779588790377,-2.187371072203868,-2.905578147328914,-2.2608891040999715,-2.82808084096768,-3.1984947546701887,-3.6990735784738837,-4.620756937481193
-0.6155524340794276,-0.9008650292544809,-0.4663702869092734,-0.006631535869297291,-0.25224223872628926,-0.7838772705823572,-0.9253290791978237,-0.12930910808372212,-0.5220361523282441,-0.787652784209714,-0.30916122378119265,-0.1940495349699646,-1.6995512782266742,-0.9757010436114383,-1.3678784665373298,-1.635479571155572,-1.7799525158877916,-1.3947731697629697,-2.087656226301549,-2.363884050973405,-2.391303117027695,-1.0318496727093602,-2.441027686826755,-2.405896870637162,-2.196643035686011,-1.787052000179456,-1.0862444667030136,-0.8411872397559408,-0.5941425979867623,0.6129097628642889,0.6995501533736282,-3.361163576450896,-4.578509621857699,-3.7467590271280637
-0.9168369331788179,-0.25677844623026475,-0.5466785445478747,-0.2400067097354476,-0.09579970613845008,0.31592126782529484,0.29404388922191166,-0.3103080872248409,-0.1691262967781112,-0.32318007953494154,-0.809314813395534,-1.1070622269826649,-1.1904660143146293,-1.2017334896275,-1.3941451278669215,-1.9391385803812786,-1.3375031961734452,-1.9773524796180677,-1.8613188788392923,-2.4502867112150883,-2.145555646199805,-0.6829785472337013,-2.2298525942257004,-1.973911429703067,-1.6967421970706358,-1.7195239885390592,-1.2857306467470637,0.8626195005245707,-0.699156258193994,-0.7857925565239232,-1.3708105615355075,-1.540086094665678,-4.21141822135903,-3.7578235436899683
-0.23108244310303158,-0.19903452775698555,0.4612679409845556,0.8553659583540723,0.6928013994095623,0.731334840988694,0.540605947315098,0.14555848873054153,-0.027800939459017078,-0.720136250043408,-1.5277609656593845,-2.479094742432049,-1.9816677974350205,-0.9711482985932014,-0.11681406729616206,-1.3190089207199032,-1.4139296254602929,-1.7087561104867983,-2.13589709166642,-1.381014886557777,-1.5745828700419335,-2.9241726884771166,-2.96444131060875,-2.7867362069653043,-2.710961742443831,-2.568592119372426,-1.6016608215122692,0.48898527441572737,0.05071338848988408,0.21309563407686882,-1.1423874119143833,-0.15452165914451296,-2.437066590896538,-2.0548687523761666
-0.6117565450510077,-0.02876338838072025,0.17180221901216583,0.3584867485910847,0.6780619179907563,0.6974865311451883,0.5156493728670362,0.27473676976231604,0.24644248185953058,-0.0015122972076407962,-0.9132622058419173,-2.6037912464733237,-1.9231849162968229,-1.4637454199759945,-0.06716011290873368,-0.5359962147567866,-1.4252065219043875,-1.1993219900842083,-2.210437236618226,-1.7683634635895185,-1.808909933891,-1.887341419293789,-2.127997262457972,-2.3874311664216097,-1.2919330085782825,-1.705842194930425,-0.7743670111511914,-0.3402181996381267,-1.3471834704597456,-1.5401507074883958,-1.254962843734425,-2.64933735357225,-1.0218083394008441,0.22609129207510392
-0.5753861179659446,-0.09152052893605048,0.30366424259831326,0.4197632084275254,0.711928088404452,0.826011644487513,0.17352187099421665,0.3824282966101032,0.32386459548911595,0.5829551860866072,-0.5372550903494195,-0.991193667519217,-1.3035094801462326,-1.6191044852826182,-1.105455023577276,-1.0224912920335314,-1.3588960122093718,-1.5619233957875605,-1.791616733892637,-1.3943025404848242,-1.4373170555440737,-1.3665958628527748,-2.306800013640699,-3.731354310388909,-1.5081323092627879,-0.8862665959518495,-0.4977974483163657,-0.27439962735724627,-1.056106097979979,-1.0438667996140474,-1.5932819294596217,-2.13741714439766,-1.983521054060723,-1.6973634663752086
