script/wind10m.json
{"header": {"parameterCategory": 2, "parameterNumber": 3, "lo1": 6.000198445256149, "la1": 58.999992894266676, "dx": 0.5, "dy": 0.25, "nx": 22, "ny": 24, "refTime": "2024-03-05T22:00:00.000Z"}, "data":
[rows 0 to 23 of 24, columns 0 to 21 of 22]
-0.1034916027713951,3.7070334413399513,-1.5481935095431942,-2.3686959707540947,-2.0440845185833885,-2.4852249316309236,-2.6197504748211737,-1.80628207341888,-3.400146788661039,-5.267157006452907,-2.6704919236625977,-0.8261513932516159,-0.845460678229057,-1.1983793094993158,-2.6861735305662804,-2.8471088500508115,-1.1904470414511414,-1.2970059875780113,-1.8348620970144351,-2.0549785882647122,-2.2315350725922563,-2.3761153606340883
0.6271535980088445,-0.039977248540084435,-3.0409849237476347,-2.1118514161082347,-2.5570662562000175,-2.0946057345296714,-2.777565851395003,-5.618841195733048,-3.7143056414626057,-4.255765839374845,-2.790040562523431,-0.8948419191996604,-1.1724168084646074,-3.4593800508454526,-3.3256831491928915,-2.0556772528947884,-0.37694058878106906,-0.8829082490541941,-1.0092517641249508,-1.5401056139599945,-2.1716755535967316,-1.8024623283727694
-0.48787442079055404,0.2785361595179273,-1.586200732235113,-2.3148614927778417,-2.570483830892087,-2.540897255053772,-5.506725135676375,-4.620366048222858,-4.169617094346264,-3.6015790101571845,-2.949547056775586,-1.1480864563956774,-1.339463815422244,-2.9650832539446306,-1.156367384977105,-0.9278810038699934,-0.4547033069624658,-1.8392885430962578,-1.5942167888380332,-2.0115786555641098,-2.04457232133771,-2.3741991643080262
2.7263112160342096,0.4109418307827503,-0.12322390220832621,-1.7207802322601822,-2.5424359175643487,-5.529365012600628,-4.794043064809985,-3.257894903540436,-2.6354458260238087,-3.081721249198602,-2.798727419492006,-1.5761058869050462,-1.4168602891012068,-1.3849540413902834,-1.6180661785772557,-1.1581814547257059,-1.0600896835213374,-2.5968461954418607,-1.1533347516009034,-1.3220456654641395,-1.44627444932473,-2.057551392916864
1.0792299381210537,-0.21542657918689076,-1.2208464957518834,-3.228202082300023,-4.116619656333293,-4.026114324543208,-4.055089251547275,-3.185358822279027,-2.3112151422205325,-2.6847470460060534,-2.71725517987303,-2.2284816880994214,-1.3082925259971607,-1.6742265055676122,-0.9141154084471026,-1.0151474372592604,-1.3462056809812453,-0.49087202014843184,-1.3269226647048082,-1.251932795727904,-1.5556467958236477,-2.4319985866480804
0.6905290343085153,0.03242609447670499,-1.8544881590334445,-3.2895281244993466,-3.846093373112334,-3.235426941753315,-2.5084420440171433,-2.5387506318283357,-2.1911749225563235,-2.338092767008078,-3.242465300486085,-2.474606906977659,-1.3378824781556151,-0.7643894397408385,-1.1499456736450095,-0.8558093341502957,-1.5877659744474282,-0.9889844439054513,-1.715056037715021,-1.7040646124154402,-1.9957820201103338,-2.6687958852341085
-0.7479217537355329,-1.3509768552268582,-1.7970833806489104,-2.4599460289293043,-3.0209784360908696,-2.159639364124618,-1.4822535386112154,-1.6965002020933435,-1.8144467436540022,-2.6925683607668667,-2.817075857818676,-2.298512656908548,-1.003333959606575,-0.9695827642547254,-0.9621362147458578,-1.1038579823639083,-1.2973898093010352,-1.3701194313460499,-1.8481637427498887,-2.1288258611994375,-2.2635184974496756,-2.721017777035098
-0.24227935143947704,-1.0475314338392232,-0.7193674972395683,-0.916895318664458,-1.3183402959676287,-2.188053170681307,-3.0102428441585283,-2.406637936960829,-1.809411432691897,-1.8327360262259627,-2.1259522331856706,-3.545187998033352,-3.193887638336472,-2.056977092097799,-1.8382188244663795,-1.8765903732746068,-1.7685401359374124,-1.9484643011205907,-2.5510769968846105,-2.1791214896545688,-2.4135348676545783,-5.895088721273991
-0.5198641935051838,-1.0349861345426936,-2.10475402939894,-1.7941311672099678,-1.959454185586287,-1.1681955804747564,-2.943856032486494,-2.479276399922729,-1.6022491198023512,-2.3227949732869386,-2.2669952706736383,-3.4657549441884576,-4.28992730569303,-1.9078371663736877,-1.6979104359177528,-1.8424548825349574,-1.9265351449149992,-1.7731682660960764,-2.040699987917165,-2.3248743080147896,-2.6665316882423262,-4.517404142130357
-0.28546454045440084,-0.8974685126174364,-1.7994227897783988,-2.8733118634063852,-3.5512478784935366,-2.9367434307826583,-1.969752128822009,-2.0952972446838745,-1.5795388003545425,-1.81817398850163,-2.2035812891021336,-3.379122233166841,-4.288802065926779,-3.4132476780335264,-1.8094784615325565,-1.8423029603228265,-1.9702566662886938,-2.285075958966991,-2.3680623051799867,-2.500813253193704,-3.05412474043342,-4.2641826891102275
-0.5030184679212327,-1.4708060171321817,-2.2128504797261215,-2.948935724973088,-3.3920741357206534,-2.649949859784823,-1.924447512692058,-1.4891914857161046,-1.1992053552490844,-1.1132805723199466,-2.521130574067011,-4.103977831921749,-4.4455736535439625,-4.005278738016007,-2.211213286705205,-1.8280729803592093,-2.35454416265218,-2.4761559606568606,-2.6744894147584457,-2.7684370946374046,-3.1155461134475497,-3.892426903335842
-0.5673493797850646,-1.2150133056945533,-1.7271191868331228,-2.2255204709496126,-3.2527362482248723,-1.4834874071771187,-1.6508587799055778,-1.391672818645833,-1.1994245469719487,-1.5815031084484128,-3.1661186793862712,-4.595527392023674,-5.2470524150699,-3.5524471374903426,-2.4602034813143367,-2.2985778430145225,-2.649710251010766,-2.5817496644052365,-2.5517445626953608,-2.8787310235622723,-4.771270520356617,-4.392920937182411
-0.7125456467615047,-1.0754211774367832,-1.5942163505683231,-2.709747924225888,-3.080725506268423,-2.1450960585232077,-1.4272398068316807,-1.4363473891666236,-1.2002135571832717,-1.9242832000107337,-3.6379462785301935,-5.219880641686093,-2.8481184394673993,-2.768406838718929,-2.284183830662659,-2.137460629940316,-2.6127582567592618,-5.189041825191449,-6.902282991457674,-6.903518156245215,-5.909560599161873,-3.350289347395104
0.49345980091831887,-0.8971614856074379,-1.303921998854874,-1.8268011585069237,-2.764452543742768,-1.9166350188919188,-1.4035152442836523,-0.975396438977925,-1.0568964155334504,-1.8102289813847485,-3.2677785978784337,-3.0024792035476695,-3.7664821528701586,-3.121507627912357,-2.7037332552250235,-3.002888069143079,-3.135769641899183,-6.990472131264075,-7.238249087809376,-5.970209668893236,-3.833588545520264,-2.5270242150367057
0.004483198593630013,-0.4761517548225192,-1.2314870417899415,-2.3563610295414223,-2.9641320330113303,-1.8038278636612408,-1.5237758283764227,-0.7674849543004741,-0.754458239064381,-1.2316484781710182,-3.6822247322390234,-3.0959504684864907,-3.5100654487708525,-6.185631139462199,-3.259787640849965,-3.379345463457098,-4.48283137804352,-5.507716172640251,-3.404749204688494,-1.7742973457008542,-0.7817803902121886,-0.6588955593766744
0.7733677327697089,-0.23031792732108736,-1.3061994725021369,-2.481373485773105,-3.120047043351942,-2.5512578825827013,-1.1731577977431127,-0.6750994253571628,-1.3404466205607664,-1.4849679296554672,-2.942275348685571,-2.6439791409730495,-3.387864401252073,-5.66718869604902,-5.259335995047824,-5.99575052733661,-5.174531987918155,-2.285359438524085,-0.214866661834441,-0.0032815862025484745,0.3876479042907378,0.9156623751550744
1.0418795023471241,0.571509571006892,-0.4350463171928289,-2.0036774507926642,-2.7334279809996493,-2.759522888626553,-0.14279090387110782,0.6786126470711028,0.4940362361604236,-1.2474437761390802,-3.05091056212942,-3.806876202279262,-3.519099569753972,-5.006283963235535,-5.62690797328125,-4.3910616020780475,-0.05866810972575724,0.28600099781184873,0.5404698101515506,1.6776052123546046,0.8049679448087173,0.7185959742748048
0.9429908879305806,0.40244836983897064,-0.029622875811035957,-1.1645782588356313,-1.5272548860843593,-1.8522599516199687,-0.3059132433939829,-0.5702456782745803,-1.108147481447579,-1.8359295888043952,-1.975228438526656,-2.424496227528489,-4.304555119025229,-5.4144711221471535,-4.607928074162864,0.3910607809186776,1.1315792810278293,1.69604328943575,1.3540502639387417,0.8835542071095306,0.691328467005409,0.3238482069971803
1.3420209306311741,0.7338098621294046,-0.5934359870212883,-1.075448305391666,-1.2754071171836079,-1.2070930336755405,-1.0280588863602402,-1.0331184954140396,-1.7488124027271237,-2.872235374637388,-3.150013901083474,-4.063790472885525,-4.594415514801168,-3.952156300749706,-4.0539260990256,-0.20446203488297043,1.6198762406070701,2.934716901981873,2.3554078306581685,2.1026873499745604,0.7982848836866986,-0.008065745830477969
1.2030705610173198,0.95813103476985,0.39113567170040425,-1.2278876172482023,-1.3482039596421718,-1.89124542656039,-1.4127740543269904,-1.7249220977023902,-1.5485048281324119,-1.6383337641202285,-2.296814382985844,-3.2861068264297937,-2.764732399420012,-1.8651974907444926,-2.044311461795533,-0.7620291535016966,3.2426301348396502,3.032767038971977,2.269065250462915,2.074348505575563,-0.3751317547184924,-0.5019344113236738
1.5959787244381896,1.6603993559387413,0.7917746722101621,0.06577415129170701,-1.2062231368654093,-2.05315365481497,-1.4349835697261917,-0.7271504930588599,-1.4958457674959393,-1.8949231444735672,-2.4797789749728745,-1.7464032834055774,-2.3652215393393847,-2.1472153492856556,-1.8153092054690572,0.08071236220969305,1.4787339878475119,1.4733325038407472,0.01746818367564119,0.2039337225262676,0.2552321783759933,0.6100156258934056
1.1382255088590707,1.0160260595246338,0.5090515539104906,0.3208204738323543,-0.656591600265482,-1.5183646305959826,-1.5599453310448321,-1.5426135417925,-1.1490097233402075,-1.237248705139432,-1.3836572235084057,-2.129752032930318,-2.011666941295617,-1.9221872374917996,-1.954713416823986,-0.9545398413339595,0.7593011665699377,-0.5465760396665432,0.3358999855700954,-0.05576376577109975,0.33371030207966995,0.44340013110197246
-0.2201291470125221,-0.5423110679372085,-0.7579137595846657,-0.7148147370268173,-0.644198201724718,-0.9510635007387418,-1.3168974112342997,-1.3992701125324138,-1.4796811402823777,-1.1306349232738109,-1.2754285784606252,-1.3439586832216455,-1.6315433546233382,-1.9008810881876919,-1.1924804896986785,-0.2854681648282309,-0.21604152683206396,-0.34248038826115246,-0.26362805291089114,0.431646342329305,-0.0065858912082699455,-0.006393767283691078
-0.5591789735531404,-0.5733239435561406,-0.6573469183383157,-1.0791932191987348,-0.6623588967523018,-1.1330313800908014,-1.0314718012405897,-0.976112464262677,-0.8959020941653538,-1.2757948807933268,-0.9344104865920317,-0.8749474694720761,-1.6208986467157822,-0.505473894142697,-0.3701583374418026,0.10632772751615106,-0.9860593348467337,0.016143437887117695,-0.42278989927355687,-0.19477010802233455,-0.37155762176150714,0.24341336331271307
