script/wind10m.json
{"header": {"parameterCategory": 2, "parameterNumber": 2, "lo1": 3.000054539987559, "la1": 64.9999836372058, "dx": 0.5, "dy": 0.25, "nx": 34, "ny": 52, "refTime": "2025-12-19T20:00:00.000Z"}, "data":
[rows 0 to 24 of 52, columns 0 to 33 of 34]
10.194929318107453,12.148971636239672,12.180951879699437,12.47862298361013,12.400168324047762,12.037944640538305,11.766668195949958,11.37444485135332,11.992855151641079,10.937733968571575,10.509063270382928,8.729258034118027,8.272193014649767,6.85909867832216,7.991568427676003,7.320656241609408,1.9523494723747774,-1.2643279542408206,1.1241497939713505,1.3793060582688523,-0.9929332628118468,0.7364780343175766,-1.0265872326402083,1.7830765172738219,3.692220342321457,0.14584838350819082,0.17081224702912373,0.2003290506772896,1.1121990564206,1.7827370274261174,1.3673135578328686,0.4034284029007138,0.7617827865955145,1.9835324791521691
11.938871038095133,12.299361285466626,12.603183735286434,12.937632540354002,12.919027690161293,12.463033986831913,12.746607540903018,12.371153277688249,11.2645416979568,11.127140617239728,10.00518250596846,8.935519178484384,7.583409347120129,6.782780307795828,6.908183608811799,3.744616613817317,-1.2669240805967257,-1.0805291306218778,0.6851004884800996,3.1995052054169335,1.5795858169685495,1.0434552484454722,0.9544920942180214,1.6922153329698486,0.0982527022118283,-0.7159598969751092,1.59882390523593,-2.444878365356486,0.9605048377996331,3.6954448802434015,1.106556255323551,0.03648935755148905,0.1886049720730356,2.1378704374943385
12.303561648556956,12.644197514818137,13.200949109698344,13.692287752279373,13.292505137131098,14.034364605041432,13.046888399759727,12.187694677300666,11.429304962061293,10.441554742159177,10.522183168204851,9.283351993995668,7.208378634132925,6.632380322477999,5.44893959049289,3.462973530569647,1.542556459018558,-0.03859160235270029,1.9906122939236168,-1.112880737106465,1.9823116982777893,-0.5865598026022546,-1.1911453083743235,0.17359106977786676,-1.2464638944515807,0.12814796935424672,-1.8776591315486142,1.510240071614944,1.2619302713537457,1.4076610194158,3.075313184383643,0.9537261586533845,0.693333216764776,0.6594972755707184
13.379667122097757,13.469076817094649,13.489694989120729,13.718428760641997,13.532385296633274,13.604377733965153,12.314357481292713,11.409565751825836,10.38521974003303,10.073127052059426,11.230566513076026,8.58076701623628,7.614933479121408,6.946414861085421,3.5401860834702052,2.8179223447481347,-1.4503417388752284,0.2945155706592381,-0.12574285115346082,-0.28044397599877857,-0.4851536387202183,-1.9815925107417611,-1.6023611574729604,3.482389111458346,-1.592957942731141,-1.5552452170175999,2.9705439876844255,-0.6859903053112584,-0.2822915843056844,0.9631100503557646,0.7575522726089158,3.217596997148838,1.6531263366945677,0.19455463761046807
12.92750688140339,13.591175952203365,13.828880188028249,13.500285979065282,13.132514607513468,11.976707659070838,11.545499226747516,10.432311999636141,10.42677568015502,10.207902732819951,10.57277606152571,7.9031277720321365,6.466133866575875,6.649391229888396,0.20761818663913667,0.8001626958776443,1.9947773473018688,-0.14701552818665492,-0.4640319243564637,3.205734873011689,0.6349227349753996,5.06161518618679,-1.7255900946784681,0.898711294020236,3.5691936491573477,0.22999286518914486,-0.7722149771017883,-1.4296844586783706,1.0768117669783683,0.4046074905797783,1.5709835159076597,1.480670535778619,3.268604537791626,1.0098510909778413
13.42478712910851,13.354606975216292,12.774933351236834,12.764327061641882,11.85822222358812,10.95343261813536,10.363103428609175,9.762418933986153,9.130236015588151,9.338523566654114,6.571666141537028,6.347023438970737,4.336503829325467,4.273493093695256,-0.4356871358295864,-0.3717973056729735,2.1995054609363134,0.8315436982456633,1.2867596605358196,-2.865069474426202,-1.7625287992844105,-1.6544727654935154,3.0439056579562993,0.5686363021211286,0.8577135254444149,1.5530239062789486,1.9458689877260453,-1.500691772085257,0.30730647457752913,1.0027602835807534,1.1530896751717286,-1.1949248512286235,0.04418287766065089,0.572866521495599
12.337889881179985,12.13905737945633,12.047828248662316,11.196593679376205,10.570284142772843,9.95942052214631,9.446656390737603,9.641285187930388,9.951076708757828,7.032360152809151,2.976716202560664,2.9025627871205737,4.47135170369105,2.0941783156982514,-1.7772338259620695,-0.5566381183323112,1.1442554406114473,0.20382666092486487,1.5866190709810881,1.6633115695808796,3.56869057390959,2.3462785923039937,-1.445607332366522,-0.03295676284864218,1.5539534921498772,0.5670756499899446,2.8797899828086306,0.16311952827750772,0.9512399241288758,0.9428354366794824,2.091745608113397,2.147555163100375,-0.190113904095724,-0.1804362269719413
10.78372056390241,10.469439726769805,10.410989170275693,10.333316026359915,9.926991273311623,9.49433462974727,9.040368842038246,11.70036244643602,7.8386718983899595,5.931248464661686,2.4518045135130864,-2.0077777753925785,1.9749561636277269,2.6991168908048526,-0.7740890733241754,-0.37007025704834623,-1.6780631064577503,2.374158986648549,1.6443335014613574,3.5018317230134275,3.0257420813699802,2.6025287557902512,-2.0955092790240504,0.17028059294824532,0.44371950699364193,1.3849843279172733,0.4907547283023435,3.4598506352709095,2.089779331118587,0.9761533405090894,3.8509374028096293,0.5854555648865638,1.5784378673068935,6.478135677207035
9.876461737638799,8.704269368038139,9.833987233811802,8.726726470550748,9.02908484895268,8.427742831802012,13.588934977540129,8.401363381512528,0.986352498459553,1.4633924841700052,-1.3327650673837759,-0.4804170559377489,2.199079414755777,4.42894782270517,1.0542285042670716,-2.7353523378942963,-5.085608568811196,2.969430438595111,2.156641087697734,1.8565017645959279,6.708366366727562,2.9277350838992233,4.842116864415961,0.9836146701417735,0.2205276090952021,0.19261649247165455,2.089054889421245,1.2976440929445876,3.522847535553351,3.715430241123474,2.779856636022121,1.6679266060090296,6.113922576687817,6.66187214728044
7.667663119904658,7.376394034273401,9.604250873132608,4.900102943135651,8.605858451628214,9.663625277785268,7.379156191305038,-0.36406564412393366,1.073948908461857,1.4416467491667513,-1.9885466190309409,1.0441623003222313,3.4808329923657975,2.402046902885343,-2.2006005371780213,3.163446849981715,2.513213045804016,-3.8218889152740316,-1.2919530107262316,2.7351571585524024,1.9091615347732294,3.411873054485771,2.843317842050019,2.3096813592638195,0.41255362921218675,0.401467827367404,2.7718490860927294,2.7340104504086606,3.1694031678816783,2.580067895004462,3.778862074957704,5.261416072416064,6.0098080497325075,7.844407098185814
6.271986001646975,4.642744057237368,9.958937929607016,7.945588897551088,8.094282498677353,10.508571995624996,5.291604717950176,0.8828940956923843,3.3042998082929396,0.2344050736809287,3.9167012709304525,-3.63063665425377,3.8288909197204934,6.044151062770796,-1.3896682949205823,-1.1023942540571356,2.52608296037029,-0.7597437717304295,1.2314616045125428,-0.03824550561426227,4.0299168667993825,-1.1445150414007481,5.078609183236837,0.3348530881362289,-0.012394815385344446,1.641013283362663,1.8424663762506253,2.4104946315687172,2.806997745305204,1.4723904546090525,5.279929502998404,5.961671353477892,6.854485260036606,7.573689107153644
6.005593951546669,8.775707694230306,6.241121954065764,9.373950965735254,6.5085719477035076,4.715885701243833,-1.4979598034768284,-2.8699132737967363,-0.7408543420906761,3.3953036031993875,4.518753709307184,-2.3328769184073335,-5.0828703202186265,4.6854306013650575,2.0816130726311552,-0.9204777333095546,-0.6271171685361483,0.4186643998959759,1.3377732710600323,0.34376695756285125,4.202898543978515,2.3104299745304404,-0.054630386649619694,3.6429331592463767,1.0873207650377774,-1.2904139157096257,1.1363672055246654,3.714781581715511,3.510335841815467,2.4868757204090386,4.359686160211661,6.02646004324449,6.704931860884374,8.569645035769224
9.161083235107409,7.531286154494124,5.269019920837527,7.918223139757851,8.114057062691025,1.2966234835115744,3.57257836188683,-0.38623637526989085,0.6658448533410588,6.137767660768851,1.870085918721162,0.09051111986832677,0.6229756947322908,-1.8723178383142403,0.7766655827981874,3.43616062099435,-2.681071178564272,3.7223913546738387,1.0262395051410302,0.6337163435023765,0.1875927725357523,3.1718152168655442,3.995393545633113,-0.6495117779539666,1.8789808140181978,0.9796375967093982,-0.14104007839968746,2.840710100104215,2.8002015666899274,3.0338862723535875,3.554432022285474,5.675898460324346,6.970377307206823,8.932994784805212
8.744802260188017,7.511456589864288,9.47434559246492,11.431498645906991,3.7344279874633193,5.578027745294626,9.07088880512653,-0.40463225701412,4.9045813639955185,5.390126079906521,7.043310265268273,6.200299986358703,-3.0748623544749503,-1.7223885828025498,-0.5837237537323926,2.7487184435179217,-1.1874973972512284,-0.44965822377872444,1.9797822863220567,2.4327055018438526,0.7302157691305409,4.4590015645969725,4.668830290590705,3.8306663387621915,1.402369673449011,3.2963537018646587,2.831627172426875,4.679179641040217,1.8694479921795217,6.120343973522423,5.437398341560974,6.407760826515517,7.538087557091414,8.439343380029127
9.912918330762784,8.446163786492868,8.506410148655377,8.88725166960953,2.5574324328780222,1.02599177038556,0.670492909654642,6.275086121885998,-0.6339172369661618,5.48610691649805,-0.9905648511132367,2.4781095558949127,4.348989480028065,-1.3018158369597423,-1.2735739044955123,2.311680464938039,-1.2927075349054722,-0.5860575133072287,0.6571520051700969,0.5254649851156209,2.4131466158407413,0.5415839308446028,1.2538947209958136,4.459233217062518,1.1275614457322003,2.370969475851902,1.7562603170667896,3.128624532285607,1.444553539626003,4.552166289061093,5.765384344754825,7.618747099108476,8.650981996012126,8.557233763090093
9.99909440173891,9.581317075599655,9.38835405812223,7.945064799502206,2.999777328632147,2.2685975709718886,4.265538715120277,-1.2856502318600194,-1.1407406623387075,1.9472560832276524,2.5769069905870743,3.0203774571035313,-2.4367764713855915,2.9192566237295847,-1.9246753058079826,-0.25633344140455044,4.628674314003708,-1.4541105130636152,-0.21544679156786994,0.44396317116486966,4.9470933142316165,2.038723408399355,-1.5413647692674701,2.7378830552578703,2.013414180583482,1.5036734748623644,4.717239693313138,3.423252019239906,3.099320644860381,6.790654251682989,6.532378055760492,7.62677004802926,8.236545079823182,8.711425399424078
8.183269714538433,7.814038525864223,7.459433322501102,8.896380350603016,2.6721036236337716,4.006783957922653,6.085680000438647,1.003635012901403,-1.667101232388761,3.475302119747503,6.60780399654196,3.2704261122792238,0.18164308107815816,-1.5240234868794773,-0.33360115531111045,-4.000444486919546,-0.21751537887324696,-0.9390521473791131,0.7799876016285465,0.6345886043295826,2.1222866144996506,4.704102689126474,2.0795938998345744,-0.9264377067775206,1.2462562774706878,1.2044594335248155,4.047108214444246,4.3814077418339,4.649201529881606,8.395386967553817,5.884758091973617,6.658040580844918,7.616750664541821,8.43328757192908
6.773423157796982,7.976863077777178,10.650894453792528,8.297688480179477,2.9896474252725427,2.165910291532411,6.1869942266155755,0.3962300436876987,6.51434312483918,4.250067949550204,-0.1707646181556896,1.7693298889254983,-0.3351075048543807,-1.8712764457274647,-0.2738556655467483,2.0118706713634174,-2.009153218689089,2.1316347659410546,1.35823974824999,1.2505377563376008,0.6716965769963207,0.9159151245289202,2.6702473519480816,3.211287550763782,-0.8540415136618031,0.7838163514533434,2.2182822622253737,3.9304474672256555,4.25340393861605,9.941563094324643,5.7346531648374155,4.758114690073745,6.877685497149727,7.242117333206187
9.518033667514073,9.923168355794312,7.242754763960601,8.36540471627641,6.351827752507734,1.6969185443220371,10.069629198945975,4.28856138975033,-0.9643650437029214,5.919873103806615,4.876717919264526,1.7573018739801012,2.0479110125719453,-1.2055893643706406,-2.4066107684422704,0.7179339392714764,0.3437243335832684,-0.42074915393253615,-1.6577413465168052,0.21346291458091077,-0.43578235707848534,1.4548870098343913,1.7573312081279704,1.3244001096637423,1.568357782394993,0.5869036038127873,2.078107778698667,3.3032067501921625,3.0303671312342453,4.722009447985558,4.862091508720987,6.194532786555259,5.816526909561209,6.0057874292455855
10.470050562413325,9.225035773792445,8.021905856302178,9.25207163633152,4.5514587020314,3.801647404594685,-1.7139421240624706,8.832520435504044,6.018502547354874,1.7001037358672872,3.753805614058645,5.122033370358665,-2.4440256072051656,1.8608721519588614,-1.2936895058976576,0.43893550352027444,2.0481965885067206,1.4036705455681233,0.6286659978605682,0.5723769035242129,0.7084009140911044,-0.011481918732500252,1.6984181030747454,2.585426648922451,1.64744436274127,1.480872637867749,1.8079004990093637,1.6246810699813905,2.4555867882642155,3.3994754091027928,3.284220345123721,3.082516164685983,4.712837449330556,2.7555216432609098
11.52025642283105,10.685213352261629,9.283755181291385,9.543421115313215,8.757943778101627,2.8669046173067136,1.6471393264199805,6.0573603543776,5.078238384234469,2.761447290329073,5.482675137718467,6.093432673449067,1.5412721148955033,0.6490310420701835,0.5389770117287596,0.3075005611498612,3.4549803291508465,1.0903782638424466,2.481686196919438,1.7105238324222216,-0.3491628683066455,-0.32312179030802457,0.4585674019605452,1.8596376460739745,2.958284295487118,2.4818111824627023,2.5697177892535694,2.6507850673626714,2.516079472503155,3.1758534743175324,3.4952803568595603,2.4429685867550237,4.5880112621964555,3.899647280575435
8.4004173805499,11.151887259771048,9.833194740202979,9.825646374392257,10.294908258554612,7.2821100268355,2.973922066366328,2.343346903675265,5.2388229226998835,1.4103278149553067,2.3719165029616107,4.416801648384881,0.4949659276984484,0.24414435922100758,-2.258093024849603,-0.1160552546776404,1.6431920701279288,2.84648718923941,3.675179435579459,-0.4469704923608203,0.2743715445391772,-1.5085460081240123,0.5835799510235621,1.9265272727794085,3.2783711798325452,3.2164822953006276,1.891561119881612,2.8215890240954846,3.8426932727055116,3.2532552964520924,2.520775967255654,2.9546880859140954,2.313434972627585,5.283663483833976
13.346058213240577,10.162539447080954,10.811500416665716,10.401065916331877,9.606290555641504,4.883073517231231,1.652825405605616,5.186160390760569,6.978442166750982,5.301327131563745,-0.36202451763144006,1.7646460447548893,0.9800176820914396,1.2086616796226108,0.5613096044779203,-1.353921902105985,2.2872772672627497,2.8965805795187003,2.8315585096896982,5.052831332736942,1.1613361394994905,-0.4340966180819033,1.1911066269917852,2.9538771577504135,3.391994337453925,1.796529550594886,3.2480068638760553,5.672370365029554,2.3357458220635334,1.5513577737376076,1.7417798732070349,3.553412673678853,4.710843544145522,6.8586776091257775
12.779453214244755,11.712639344398664,11.580584934009,10.555701614539398,9.694925231526723,7.0737130887855075,3.549606718007002,4.95575245172278,3.835506195243239,-1.5926860452260458,-0.8340049162327136,-1.8194269684806594,1.9239469445328226,-0.21582914562847386,1.9920239610812907,4.0109211193565635,1.1824020142325022,2.6834114081390448,2.9541409873143394,3.5099871296662317,2.385759629205961,2.8414928519589333,2.0027756697786043,2.877164374101569,4.632574596676352,2.595302433857592,3.4757924728923846,3.096513521958679,2.122434317171658,1.3873983364295697,2.41196013396581,2.0568048331857227,6.2338698254394105,7.673911262898927
12.644247072717793,12.747860478448755,11.956729586295918,11.032608017006487,7.8250307996266795,8.73714491298881,4.00125013617306,7.806220381035917,7.616832246882986,2.257466708384141,4.055527936217653,-1.7836871941903638,1.8423311504856335,1.0202533771502107,2.771998737984687,4.423921890909496,0.820810776520167,2.1185310909433572,2.8838889852019953,3.0074929467723797,4.418572778441689,5.2720069756168595,2.8014182168480697,2.7918945939332582,3.168162623366254,2.2587392487692264,2.6998090591106663,1.523188554881925,0.9879452089027572,1.2326702962089395,2.5542028379271224,6.658475668203347,6.97025545050567,7.8601299102911915
