script/wind450m.json
{"header": {"parameterCategory": 2, "parameterNumber": 2, "lo1": 3.000054539987559, "la1": 64.9999836372058, "dx": 0.5, "dy": 0.25, "nx": 34, "ny": 52, "refTime": "2026-03-13T20:00:00.000Z"}, "data":
[rows 0 to 24 of 52, columns 0 to 33 of 34]
7.483753122507424,8.78071804116596,11.000378719905145,9.921571469682469,6.5611020259877035,6.207794405104453,4.287374970207087,6.597960446573318,5.600502848921947,6.466609412633214,7.773768798134108,9.153457648760146,10.248526920566674,10.541742103457775,10.807000324241134,12.163725266964452,16.11700438295653,14.429554308674346,11.140326428737552,11.05785166504749,14.964507124151213,16.64730230236808,16.441687918680106,13.109698547292203,10.588252039402372,6.138010005684733,4.854118642402229,7.025079158155601,6.950310048799703,5.046589501174006,2.5789257533933987,1.0070508147567612,-0.33195765054553117,3.4075355659005604
10.3136301149902,8.55732867201621,11.156464351333033,10.526997303915918,9.896164972280111,5.350171980742292,5.77025687922962,6.4353592193892535,6.398606900368141,7.640253324342206,8.891549013972599,9.312200636382554,10.686532082401163,11.864120624147814,13.108315536320266,13.399894766442229,14.260836180664441,16.281681012661625,9.448299848462867,13.493262308792373,14.62134259548887,19.88963550271044,17.376042362423313,16.368983703089437,12.118470873687029,6.721072620641663,8.605706629506999,5.204987915077674,6.409109827319115,7.974532933690903,5.183286729857302,3.1787310414998275,2.586519513607087,3.624593657376165
10.481739252552885,10.824763599753867,11.129232828744435,11.439734754299627,10.851227293984529,8.105084639401527,6.436437217002747,7.349556069888586,6.812667905117107,8.289238666494624,9.072261072465585,10.025859740896259,10.87699159749622,11.465491039158698,12.2233319706626,13.637681671368199,15.91941638231741,12.090219556787162,13.94824212795792,19.68355097317177,17.64679505907524,20.837088965785437,16.332953362239394,17.3988159574753,12.524206081326888,6.487990334151166,5.897489491584624,7.751736246865935,7.519819331157697,8.872518642851848,7.951600972247686,6.109869943727608,3.7474009500580094,3.268011245859843
11.106749515514599,10.972366759723188,11.114220716508589,11.658316214716026,10.862930720809626,13.291457281278934,7.571992274427587,6.212234243149479,6.327502872101633,8.212884680165129,8.072922803012476,9.691326592404222,10.119454432114109,11.75210712574486,10.940306878196406,12.783472747647881,14.746190793799867,14.086137414685378,16.68761713748545,15.546166537410762,17.76535294130635,21.742217353230235,20.670078666995778,15.949895398880507,11.762555627358546,8.917170664225354,8.671806579348194,6.570494938069375,6.949396229595723,7.416005813688049,5.573972997798438,6.883578253671744,4.8666747807033754,5.308948219160649
10.753438570177417,11.262772800038835,11.49227068388369,11.56336236501053,11.229109075058451,10.703567173065245,8.947284003103361,6.096522524878335,6.0974482465728,6.459878172100032,7.648784997175452,7.9876344639123555,8.233683929383353,8.884239439107239,9.044014358047376,13.549224770265797,17.02834679073928,11.617026412078639,13.6861148633591,21.50249188715675,20.333054061562148,22.47892612936508,15.55277724773268,16.494631969070237,17.437292537729185,11.966936893638668,9.952417658613314,6.422282270431665,7.995783094038431,8.079703544074931,8.395851667723658,9.113216818846583,8.171754449956913,6.797540547613548
9.53595852367788,10.444569461210907,11.103987240403557,11.151033250846641,12.066742101639264,12.969303076182186,12.808845654518143,13.514289296575646,6.917210534428331,6.639878675360224,8.394009224258387,7.98954283278166,9.73540572938301,9.260902820438732,7.371947657827314,13.052811013606645,7.182919300238679,10.86760856700731,16.307843644976952,13.163198875776356,15.318179706291543,20.81730934011801,21.669466597020758,14.906201317032364,16.487028906625945,14.193319977974028,11.712633825192238,9.17095802405415,8.063721343644607,9.67775620780352,9.368387596613285,7.9271286504752645,8.141915890188017,7.968707805321634
8.95377055117321,11.01585543497148,9.588195441102568,11.437192114421851,11.991939370916622,14.934362273220119,13.935939146141191,14.06590608852072,11.861610712317194,9.566587291038084,7.042873671604593,8.454221400962023,7.704036408130454,10.535792192294393,6.079998587709088,7.84860377229179,8.859079166335352,10.144599733677218,15.983110018686132,16.011903278298437,18.652910144855134,16.513076418727927,17.36200960197431,16.118854676447757,18.661452126853863,15.34540059994777,14.172952841356551,11.5533623447327,8.976771806834389,9.008293808164327,7.964669620891964,8.35226027982091,9.159825427016424,14.213830919556045
10.891563938613835,10.282834433460183,9.239049248303987,10.784082907124091,12.703717373327393,11.87882578816728,11.489795268502512,12.045272307685236,10.714448623214935,8.748483717274047,8.155033969365773,3.9061126469070704,7.724716731765104,9.252655131268934,5.427284384218742,8.08494709207428,4.525828226212138,11.187221672057332,12.39578855746479,13.178307294131235,14.084634770328329,14.344207577659597,15.54214800688449,14.443350918928868,16.223759404381454,14.018778805174895,13.226251946595958,13.372318560239933,12.196037819399214,9.294415809709735,10.956043911848893,9.290439951798735,12.768276593672242,18.307860589573675
8.629345575385466,9.904800559383279,8.226305765995114,8.018749421146152,10.540135077684377,11.81293566140401,14.986561642264027,13.343342675635522,10.17728296838933,8.349112327608735,7.547368797915372,3.7217802260939257,11.112019279440819,13.800522137863373,14.184667534519415,5.7441975026116445,6.578872282234063,13.795941554532796,10.043799417600622,13.438298318286707,19.43876859622781,13.57930904610913,17.593434010389114,9.655741752094423,13.491627225460789,12.48022291946112,14.39586411646057,14.76175438016774,13.010358598957977,12.468097370776174,9.479672619520432,12.671583579464274,16.48233590567925,18.67624606571965
7.629206436752163,10.47689282674493,8.930152210538575,9.090315603752623,14.384665288602294,12.873835211235177,14.999059194859646,10.385263217546582,8.242276155892583,4.934786015874584,4.160399376050075,3.873757409606877,12.080099974687855,11.005594178555773,8.938878435132283,12.590989157193652,9.107803777235617,8.788146773350913,10.929122499096385,10.643796620098847,16.657811888576884,14.43372495430118,11.946961904790708,13.537112196366188,12.712507336148352,13.985480997949413,14.922923392365798,13.484048705839772,13.261173476745684,12.772879029057556,11.382219387410242,14.016509497425638,16.81061926106529,18.504847488214597
8.682116475367739,9.208614568941359,10.23413565165924,11.904654076380483,13.755091982535376,11.652685137663662,8.77042729785779,5.468804840853979,8.905976709536455,8.53929553848895,9.489414645154243,4.987450220863607,14.717034055727805,18.107994379277073,13.442850349728241,2.5866686021583214,6.448671965246268,10.868349733201182,9.684068502968069,17.781103699924753,11.419321850022747,11.70079362282578,11.787648728480761,13.133565740725658,12.028806057906259,12.951966642382324,15.149609938779601,11.08674872078554,11.899327938455096,12.790512456231866,13.999411754476792,15.151679476294543,18.54935693308126,18.46902700975786
5.076787867607055,8.927043211073421,10.2247907595561,13.241106230381305,12.553709178990053,7.041386945529584,6.4775356356854905,3.910445225667098,1.9697995170495883,6.05081720081819,15.88038203840634,6.733401826691348,6.544591729237768,12.98742972678174,14.64503075848911,10.92631722321963,3.2757101028475053,11.201502671783642,11.059374833280248,15.464640815739786,14.194305409216545,10.05069397237415,9.862256027368302,13.00673100581179,13.40600328502255,12.186006698048923,11.11239051726301,13.369326299909273,13.058177718365146,12.335783141116115,14.177931264955362,15.654606941294846,18.534551710619212,17.101111197379723
7.483604912848077,8.735269766193516,4.996399151185927,7.526757547999484,8.967913653978774,7.491833058148245,3.147608531974057,1.2809992293332757,5.678926463900109,15.369829885989173,7.999329183101102,14.822410659379203,13.474032184644129,9.619891879345797,11.505940049772136,12.977311885592426,1.2642867222179217,9.48039954498217,9.1448565658295,8.763432090905718,10.09038493600507,12.95162221567971,12.342043303257293,12.618169607875481,13.21733549590615,11.390548397774362,12.041781515766827,11.417877301521477,12.84447053246651,12.446199957521383,14.119959070789204,17.138023090556956,18.59281898777436,15.068272909878052
5.84129297154633,8.77558673292135,8.254020567611693,9.234638377186672,9.711134698017354,5.0916561373496645,14.417559067568552,0.23073002983846844,9.093930969012467,11.547742657580502,13.393058701606986,14.535533512349673,-1.9004412370697896,-4.38111536176585,5.906606326311788,13.059166799518723,8.85834171303682,11.402048408859292,8.721311094573972,10.83735955265848,8.678241533520662,9.759885420485363,12.032439686947992,12.043096955389595,10.356143765946806,13.660986056377691,14.592554482012625,14.196681275424556,11.803995113728297,12.079694369666234,14.022573837225607,17.853690243017173,17.320103405851007,15.614485284370451
8.22464466021817,8.121599229355887,11.142123350845813,7.357498079341593,7.138613466644886,5.831576734087359,4.204619981515945,9.339048549196333,7.439213955882489,9.594880388645205,8.560759196662428,13.166051185707797,16.80718327946007,12.019581190200375,7.022258575089856,8.393547560256676,-0.2915727528278461,5.195822194542341,7.4427310278981365,7.235605969818954,11.371651600171868,9.59119753049142,10.269282329374207,11.719167714210542,8.911465710338588,12.173436574985905,10.890057349070426,13.298113962939016,11.063362580853257,12.146896465974883,14.757972502521044,16.814361238343373,15.687023255239106,15.11408357018253
6.938139665119087,7.241515610941501,9.571314645430062,7.298800060283535,5.940928644034234,3.97971661049151,3.9702423262805002,0.4106103783486827,2.9070496896957794,9.392137777780752,11.220068327163759,11.538246544453356,3.5669191738892714,8.097713678890784,6.798503739894291,6.230079604314417,9.645868408791989,1.9790126280392921,5.584049370624925,6.908077690898216,11.128549223191252,10.208702495304252,9.85418332324911,8.506909097198657,10.276082964097327,11.66184641438929,14.294592508710751,12.082399998911304,11.528028396890896,12.258007395845251,14.282145369590536,15.952486699290512,14.602613693503324,15.083339805349615
7.140803913323538,6.5888002951542335,8.058313420412114,6.537573354120255,4.397519959524288,1.2127349116175667,4.901983451299872,8.36387637267807,0.3387648526763565,12.14132204981385,13.156123863366323,10.054055401134164,10.841474253514017,1.7808660073384948,2.22932218872291,-2.041488258998597,4.855058607000451,3.148355191308088,6.51987025205931,8.119990723111725,9.386630772317757,9.408862288796417,7.7666378708399035,9.461895789890518,10.606654069083245,10.285596567308835,12.310335631211167,12.40357082038253,12.732088077428925,12.817969128514418,14.599334313329308,13.360444719820268,14.523876373171108,17.222581822148864
7.352304480118176,6.562296297958168,6.267373887360454,5.491179039256575,1.9364566666848568,4.381299838368504,6.753094057097669,5.80272152080008,12.596715031983296,11.749793691225895,8.207432772953661,11.20984858035721,4.5436641915832885,7.342490525598828,5.8396178382320425,10.018658749110394,2.2779604113527,6.644598557776968,8.339073341441615,9.298424914711196,7.1543039328839875,9.320776945680878,8.99458158587383,10.312696141022856,6.876171070977987,8.083262498808093,11.247089141851744,10.69571032439649,12.599182210832796,12.956519072601564,10.580871940636836,11.646540541907845,13.26458383873778,16.343864299859806
7.628002246031475,7.051959961298328,5.721411353317949,5.658085790265627,3.345243991077181,2.1334053787356786,8.278437505512931,10.423665312985017,4.475347050632353,8.774813781714128,10.922003892101083,10.74358270946119,13.78889084184545,6.905793026756839,1.4181843978394595,4.478313531920658,5.20868456709285,2.6022881083263125,5.075221205056795,8.2391108852222,7.153166463614137,11.117699843996347,9.232722634995094,8.825760489941993,8.676967612208344,8.541719632826842,10.482073437986598,10.992656309149128,11.68652564553119,11.268852243883513,11.48612255609319,12.45104772251173,13.359702239748659,16.479664083379962
7.935297603741651,7.150500969825883,6.532857286196189,5.907089020913792,4.357109824679412,2.9005661533239273,3.9809959635581262,10.29832531533177,13.018473594877994,11.226523992051185,12.224125609408228,15.721930932971661,-0.09858448354475541,13.065538884660151,1.1928383814219383,9.399183910532777,6.837097764831651,7.024844164094173,4.81977930395581,9.838916038070481,6.337629793834185,7.0849576190809955,10.955826660900408,11.293769719854462,8.819638037028902,9.929503195543612,8.359393247809866,8.877166622924035,9.617128125787621,12.358083059235051,13.207920725316047,13.27732861382144,15.128758627309214,15.90512052530448
6.905043684668915,6.369038881893481,6.6334185495870805,6.103988568708417,4.964338918385208,1.2049791759543385,2.224455155779445,6.067521657769028,7.581584303708148,8.609133224932387,8.356874165928755,13.56525859716838,12.240678603525142,7.040648689847397,3.252343343132119,5.750902842100849,10.783137058494004,9.85934624355081,7.371162784759377,7.855114279019774,8.606020349820744,7.477638846601919,9.916171274406548,11.319322852337818,12.019463801703303,11.173361830069076,7.8726242445401935,10.776278484772808,11.267702069935805,9.72805031476743,13.06826307640269,13.179483608658908,15.15543720922762,17.1256131816364
7.479679872680002,6.60826038771851,6.759186169473373,5.013641154252404,6.567790295298058,5.525632379128684,2.6341412350769033,4.028368214902562,7.615880241752296,9.041856064005461,4.82176878634451,11.72764200831299,1.4295850213843821,10.743146494036738,6.03507086659487,7.083597368951856,10.900320235659022,8.897014894174648,9.986010630887197,6.785332885533511,8.489488196383117,7.347512215101361,9.079742007864084,10.967247144228374,10.428681963782523,8.766609892230703,8.277866115119425,11.709201739923577,10.538595059294236,11.80324734416082,13.165162408849316,14.253254259034664,15.791275894529804,14.740938233048926
8.87638578226676,6.855773426177156,7.689339846370731,4.412123643574033,3.0827385463550963,2.592485849724101,4.771382772221021,5.981366144910638,9.38321229764989,8.114545174302538,5.718624186267955,7.5992421248887725,7.828764218072579,8.238943845960666,8.117803088747966,6.626796575371266,11.26617863757742,10.219638939562486,8.136915596833068,7.681118527796238,7.537333492600025,7.502719488182032,10.24022445450293,10.920048942798951,10.373149967292433,9.712947445623417,10.44251902284745,10.154433887728013,11.837408164875107,13.290496762248585,14.412465384614155,15.560360003683364,15.546856906950302,14.292913852331893
10.902266159539092,7.222701894171746,7.521697219635229,4.986557330183562,3.4506848393506124,6.671477979686076,7.116838739425271,5.567803181868322,7.2497523524342515,1.7202442829177023,5.274096236304003,2.3121630593053357,7.197319560286834,8.531563999462628,13.857377701574372,10.636520362333775,9.233274538513477,8.766492692166027,7.330692789763681,9.341702829731316,8.442076520255595,10.38377890723552,9.92272856759749,9.806953288654002,9.863577051745073,10.544740712513269,9.928926198081085,10.5464095173906,11.665821138370214,13.26535446064868,13.592722102728928,14.104096615925974,13.889843766801876,14.528110321580895
11.628321325028208,7.817413552266512,6.901851668245424,5.0696160393648935,3.6992867589096763,6.278678791787156,3.950332573543589,6.52903385944363,8.140140616181009,4.5198738403085565,6.284501724782541,4.131804077310868,7.062651370572212,11.610354572478327,12.898198879470618,12.072870324561073,10.057503293272177,9.768506030230297,8.543466824558596,7.138224329866555,7.7580534423778245,10.200201159403134,10.649533639835555,9.413632257959426,8.19068776786604,8.113476752202773,7.65963458718433,9.478674408398797,9.991191452238454,11.152604837108829,11.180956880416662,13.37155822164352,12.49213954905469,13.70899171804316
