script/wind50m.json
{"header": {"parameterCategory": 2, "parameterNumber": 3, "lo1": 3.000054539987559, "la1": 64.9999836372058, "dx": 0.5, "dy": 0.25, "nx": 34, "ny": 52, "refTime": "2025-11-30T02:00:00.000Z"}, "data":
[rows 0 to 24 of 52, columns 0 to 33 of 34]
-6.373943026245826,-4.4463042476339725,-3.532530359785334,-5.276195150240367,-2.6919088885165987,-2.36868385552871,-1.3713706223246194,-2.585142033400173,-2.1146586378601504,-1.9190801543681437,-2.1430930535989576,-2.06279497839416,-2.3722726157685217,-2.811923919820111,-4.6004201888297755,-2.5208992607931355,-2.7883400794907427,-3.4182838150239574,-3.1373961224513556,6.316428420867225,3.953217371877849,2.732972236611585,-1.2389027160498662,0.6641036721476518,-0.34362656944194686,1.1411300936710826,0.8107939178805906,0.8321833640380708,2.1946945734959757,1.4947013038211057,1.935179530577412,1.875376473031714,2.654000184065752,2.078448799973391
-5.854416214868035,-5.036945968950142,-4.18447985388345,-3.9510005710029437,-3.8191454552216153,-3.49976595147164,-3.3501566019414515,-2.7885294872074717,-2.7769811661112724,-2.1227311037056,-2.7379483663983746,-3.2761756684071974,-2.6018785963918427,-2.38293315835349,-1.869898639087586,-1.9789348336148433,-1.9763247345259176,-4.794657788123712,4.329031692504183,3.2422164355475895,2.3373793763934723,1.900698016697928,-0.17196222823465543,-2.605641498371843,-0.5702230203784884,0.17897332659950538,1.3211936783313607,1.01690393367971,1.6719452773120005,2.56601541149837,1.7879015862211323,1.2743307805942083,1.5709676947955973,2.1494840810683855
-6.137981875191971,-5.744342876478985,-4.789577732664708,-4.269238096747974,-4.30083630690699,-4.910812426398805,-3.993547295382699,-3.8695514165713294,-5.439688566657495,-3.3955930641856034,-3.1868798664258433,-3.016390419304831,-3.1918305827727647,-2.9212387520208853,-2.6277818714196153,-5.976522589809949,-0.7294564986685228,3.7106265491822654,2.298796871001971,2.727691208693185,1.0890281114681357,0.661073525109442,-0.35323722792493356,-1.374623667828992,0.606717251133379,1.254421321390275,1.5128589426733003,1.8199245033461964,1.9645872894061676,2.0904273126451183,1.743412462725743,0.7248147191691806,1.380311843519919,2.1322393521757506
-6.531824534251009,-5.996117919161054,-5.640942363126166,-5.440218097857456,-5.390936376237721,-4.7884156162240465,-3.611034625283161,-4.180091989787997,-6.8194291468662,-3.4253217089911767,-3.440196954749151,-3.208054857746919,-3.2044317486650207,-2.931038029773781,-2.2197680116156775,-1.473910047930742,1.0676750834723931,3.0658944339096967,0.5551907787949839,3.4610125338846536,2.167541994916605,-1.8449139421814047,-1.5435583840309535,-1.5980089451062547,-0.7950867967593614,0.4744152760721882,1.1538084199338767,1.48388779458498,0.7748964596704675,1.3580819782294664,0.5471260858813208,0.5677050211212593,0.705935454780298,1.3452249443818398
-6.64723866958575,-6.7409096896343685,-6.070328055806285,-5.477854492929632,-4.868757210726154,-4.80368173400799,-4.961638141366312,-5.760155326208983,-4.560512708323449,-4.139283109526602,-4.477304657704099,-4.034360943169637,-3.1691212121702956,0.4829007993557336,-1.173406207928891,1.8520312147793903,-1.3614316316948085,3.374772303099906,1.8039374135620048,0.47228338087758137,-0.6742344711098109,-3.9598161508808274,-2.3199530142600278,-0.10187344540820505,0.8498258325323709,1.6177537856280628,1.2213913227895792,1.0501765153715874,-0.20845360024933512,1.0293475350515844,0.2927757316618157,0.5036619772935899,1.1114336540018168,0.9685304884465947
-7.41255925313717,-6.5747410271544595,-6.528186062634442,-6.127243225394789,-5.85870690216024,-5.834723678211749,-6.00422510302707,-5.457830255367824,-5.06057755643145,-5.179928454533164,-4.4042531979800446,-0.6446925366977868,0.13583693976652245,-1.2985145747212403,-0.21155781177323932,2.085433728932001,2.187638923542519,4.178744953223822,0.870719505069466,-1.6914496856196244,-2.5997315945396013,-2.850324240183527,-1.7390121368475564,-0.7019266966867673,1.270744892411271,0.7763686519205049,-0.42509582441385335,0.14807888509810352,1.2726992339465975,-0.24325813432319632,0.5208341277087646,-0.03437452464220092,0.21849512032394114,0.7712778231009118
-7.7614467232005255,-7.261394670176438,-6.722705838001959,-6.157203297960283,-5.888708825750154,-6.058450797313689,-5.492531539911819,0.6620157476663818,-1.4397116126644425,-3.5600453838712722,-1.4254613903635678,-1.3301039089791071,-0.8131477872698072,-2.4021070171073164,1.7587180300906506,5.698344394722942,2.9994938352207225,2.7634972508084594,-0.2410824000926146,-0.5445651700065767,-2.3715242480025034,-1.977187806341293,-1.7532261265602516,1.258656710658433,-1.5909925349974974,1.606480631267069,1.2582339073609317,0.05780213060348338,1.227228282402107,-0.3539500388201552,-0.22994346665956247,1.893854803369823,0.82762874379798,1.5277027206051805
-7.811163991934168,-7.823089990747779,-6.919445016825635,-6.161511225456713,-5.167118379475002,-2.1319349399901406,-4.690997173545259,-6.340635066633267,-4.684409884367143,-4.448555325306605,-3.7992017433805314,-0.006295291986561989,2.9100687173114164,0.6098891229645653,2.3723539902703417,3.7149290262301724,1.1746715173744045,0.46474005859959083,-1.355827528749159,0.04679488093538742,-2.446621252698308,-1.1341995305406165,-1.2137748661311132,-0.9847916441501344,0.8323628432590974,1.1629315863491332,0.68121995121145,1.7038822274555616,0.8925164326475413,1.4686364480114087,2.592659161968464,1.519628694737423,0.5380330867538933,0.12059480584969809
-8.201347017746247,-8.200218014483722,-3.8786779093272283,-7.349366064564688,-5.709422250673848,-4.4972072351653996,-5.657330367629505,-3.876268071415497,-3.009170942487751,-0.8607906618338644,2.095394582186852,0.4709742084423367,2.322724622696328,-0.8064627773098655,1.1516601922256617,-0.08880350258971466,-1.0590576544719004,-2.3895744221851816,-2.6857229108567733,-5.411833581348909,-5.4246826503421275,-4.452997421382592,-1.8432828277543118,2.0035381714285774,2.0983968602499825,1.1696808204433486,0.4705836988337823,1.4338679937447536,2.0219790557342217,1.0769395331141545,-0.848311965048867,-1.0358139972063536,-0.9241762013334557,-0.08041979714865435
-8.543259241930237,-7.263619210690829,-7.802936663027461,-6.321041707134022,-5.410087343478857,-5.781275877686382,-5.026584078919856,-3.4822329494590636,-3.0448159201498592,1.553164001562172,0.2984966994776591,1.5658897119641302,-1.073869589651934,-1.9651411431608359,-3.381410770817167,-4.785865630067553,-4.773241849244316,-5.17261798779697,-5.891780890692495,-3.99825555205549,-0.4935489991594075,1.5224826356805827,0.9132624873387276,1.8907737100567892,0.6027688951989126,0.39737928628356817,1.7618743971141495,-1.2633008974645363,-0.8960822612141195,-1.247224734912246,-0.3739457712982108,-0.3567319579918132,-1.3411793211531071,-1.4165167511437158
-8.311754259937379,-7.263923822692175,-7.01712629627572,-6.813811297961615,-6.959106126557951,-5.534389719564365,-3.9320043698242566,-0.6620746212828139,-3.901715452788473,-0.03296803597522432,-3.709163456997887,-2.858763701930749,-0.9246273575412803,-4.15197047892679,-4.887881200425465,-4.54059223068407,-0.6019900548835186,-1.514236610208248,-3.209654456798214,0.350463030336316,1.393824070827482,-1.2143798172843465,0.9243922900717417,0.5969741361340242,-0.18420450906131208,2.586420550244141,-1.5961953504260016,-1.432321286628128,0.5565141763814062,0.050229458693898325,-0.06701135742150977,-1.8800861423378261,-2.020001209059492,-1.145160356444407
-7.436975594611651,-7.258614295523749,-7.292634272589974,-7.03013319970473,-6.551233414510843,-2.7362905743542525,-4.737975333747094,-3.2555925142343423,-1.4905023455724207,-2.393139905952349,-2.2952141242075723,-5.65766763689185,-0.43690749922360894,-2.897707346431551,-5.4344242903773345,-0.32749495495657976,0.1425873639718982,-4.145286280693397,1.3289445654854923,-0.9987128427319009,2.55205161482268,-2.6689148704286354,0.18977174741126915,1.1447756896360972,1.2058408906258764,-0.8750791089280523,0.14383821157660956,1.5275880049047459,0.1618900580607776,-0.14472103400713526,-1.2701483345008018,-1.5329232772715164,-0.4856159684527467,0.20728994246752647
-7.988067100809321,-8.207977743765678,-7.897169938767902,-7.72498365053597,-5.739290861026777,-1.2242477631848105,-3.890219330664839,-4.2186641460965575,-2.7955737895274293,0.1635793134937956,-3.5796525703942557,-2.956844891787868,-2.6989377073937804,-1.372319541535312,-2.0094815664831005,-0.6772014793634137,-0.02906016195567001,-1.0451188851211188,0.14903927796590588,-0.9309873518944402,0.6166226843676571,-1.0591068731584288,-1.4031853264982674,0.44586125001392407,0.678473355138248,0.5057876146310653,2.8624326014900014,-1.2207697891703875,0.2583705060303931,-0.8752500184094931,0.9463731619901462,0.5539043086619874,-0.40975439580761347,1.3110609646097726
-8.930798776065549,-9.003247536216813,-9.26614636427878,-8.73476821116708,-2.949035272500976,-6.139942571019968,-5.244258387852961,-2.715952764337914,-0.7512691818453412,-1.7203225631177739,-0.8305860695075032,0.08852272426342131,-1.6447253229834538,-0.9752950093098848,-4.079216799671834,2.444372745410163,-0.25822519654210513,0.5235515414771558,-1.1473983095037497,-1.2041354789622538,0.8073838647188963,-0.5644041225439101,-1.0090498596454929,-0.5730971662129514,-0.6368057955913812,0.7571811992143258,0.6787765973979658,1.8843725390864288,-2.3302944382854096,0.5570231693204233,0.415878536185503,0.09573767994365365,0.25089774694321404,0.3864947262907556
-9.681058227348345,-9.899943293145286,-9.714588563002327,-9.07917682492181,-2.2287206751289936,-1.7162212685407485,-0.6014298831226313,0.25806745411071935,-0.24175969848750933,-2.6764691402653975,-1.9716953058218587,0.975780858433433,-0.5295993499497976,-0.0509237204446774,-0.9989382484622739,-3.4566749795952343,-0.4792339059287084,-1.941801264346027,-0.4458325126109392,-2.6650143328870346,-1.3434126662368184,-0.6782787445134741,-4.334982539891086,-2.3277668485414855,-1.3041457213558618,-1.4857448961684465,-0.7302254351962918,0.07301034159234399,1.181669841991385,2.1372837741079596,2.241540669204295,1.5982098595759722,1.5662971329707709,1.2830403118549631
-9.82179657746398,-9.655747901912742,-9.308159126843172,-10.99226997079004,-3.724443748211302,-4.06743082371282,-6.306801100955282,0.8157402177070034,-1.9494352559095385,-1.3623744008688181,1.2831006214899852,0.5125158523285431,1.2328692296858363,0.2767912108670683,-1.388947650893957,-3.6514316607823414,-3.642576803769595,-0.43737122840095943,0.18902576909952326,-1.0381017016920013,-2.273894259845636,-1.9910975083599136,-0.4691536579738984,-1.024702352775789,1.2400603361949993,0.8294112269970568,3.177493511430076,1.4007265817671553,1.7782738085399339,2.9753384755916423,2.866366271878385,2.937032376675269,2.1253606280388966,1.6130043528093543
-10.4335370360479,-10.61809871561865,-10.539472579884723,-9.94980117493861,-4.759702091894384,-2.1945243064424087,-4.080209529328438,-1.7566720062743681,-4.2250957904769,1.899102360103357,2.8070242779731776,0.7507559653489778,-0.8181086049845097,-1.2081268888419483,-1.8713070901220648,0.7953987914701586,-3.432609815421743,-2.7658446488798325,-1.8780367793364567,-2.5256043419843746,-0.9663463441495839,-2.5037680792873913,-1.2140828931618965,-1.7897617510137545,-0.8572760112316887,0.9579028555127584,-0.5868459476239413,-0.45060437971619627,1.116104765253249,1.9669661196480974,0.9731143613201091,0.2638692061145741,-0.1553069233699405,-0.8299204023427531
-10.22544511373629,-9.794655356372578,-10.952357087797774,-10.161003978426157,-6.05998675797742,-3.8455331827691217,-1.3397835546735868,-2.119123557060073,-1.4887827689153377,3.1672697605267213,-0.3986170594678917,0.4952565494926944,-2.4948192204488073,-0.6558997192443429,-0.9459247831146417,-2.0252831731317955,-0.811354516540291,-0.7759475973773935,-1.8829190610552369,-0.21785081582474525,-2.079277826487418,-1.8678301817988638,0.43228119808890125,-1.6494421487279334,3.843283814455194,0.543258269281792,1.1315113118227882,-0.025327686805424295,2.435457008617116,3.266134405454808,2.617611637336181,1.8166957769133707,1.494892725839704,0.8407075850881951
-10.061136837353212,-10.870639501717635,-10.585373176100955,-10.285515042871856,-5.25405848531366,-2.972943836946242,-3.5463399411973047,-3.1921688430543105,1.994081574666625,-2.24360986037424,-1.2575604134352596,-0.7176216011602553,-0.6913923190486252,-0.6966867678283999,-3.0631498382022273,-2.8861091913920696,-1.4891891941494888,-1.118415672782352,-0.26349372148783373,0.8648379224947563,1.7996635755428885,2.849206578850137,3.2403528755411006,1.9730655174344673,3.4159832684514435,2.462854918934562,1.270108818789849,2.2844351758607746,2.8121902335452598,2.9054148696234616,3.362714041348888,3.161540972686825,2.4641950728864765,2.3518068963938528
-10.218499762673718,-10.866534582112571,-10.319368780863828,-10.576816002299765,-5.887642030436644,-3.171475955120898,-2.9049437425005538,2.399669141681915,3.767600049076767,0.17735572510334757,0.15236766615680658,1.414539984410541,-0.8985896220987037,-1.8199724061522708,-3.294876092256875,1.0740857447691519,-1.2708837165144025,-1.6992452040284562,-0.23449444214776727,0.4890420305776622,-0.16233745909330152,2.244880474407172,3.319931056172715,2.8729424677480386,1.0241911266845067,1.1977774976969755,1.959464319925916,2.5911862430691754,3.63649507039342,3.5103387613349266,2.618258568865326,2.12977173895308,2.7619012087430606,2.4489365930626574
-10.716934920681547,-11.20086869043505,-10.871325798729496,-10.290571860028345,-7.368357734162058,-3.4984888008574333,-2.044339582014311,-3.66479780861378,3.4236649836399016,0.35070116803557616,0.22147146312136914,-0.48224681834560285,-2.872218328115556,-2.086589406496409,-1.3826584960754589,-2.4029565707473006,-3.230918722052774,1.2465224484118065,0.583250623846611,0.7648135904900547,1.9602956036180463,1.2925785490258133,1.7545383522420361,0.20433572601982672,2.2053999572620984,3.089473383335136,2.1834388805079312,3.54790374987881,3.9382040704889363,3.4885987740080964,3.07546464402467,3.257778224036908,4.578841804173159,4.863699806018262
-10.79901625186649,-11.241139684285603,-9.690736304272416,-10.15434198373959,-8.183483985281304,-7.855808804568466,-2.4932085685247576,-0.6232296649275284,-0.32986865024853484,-0.38844672927609936,-2.7333367833507283,-0.11816743015943974,-1.5630621924299581,-3.1576555493660092,0.209265627800721,-3.9515353126802073,-1.9991790464040535,1.3022127923702331,0.026166145222475404,1.0642734677481767,2.024048344494065,2.828227563900115,3.4468700780910346,1.8092452162821027,0.9013750975864777,2.1386928955391356,3.2665732345498233,3.0585371081233395,2.48517068010899,3.4006875753260344,3.4782696453429307,3.3277253086385348,2.6295745648478004,3.4453866566611633
-10.534663532488214,-9.136907827378376,-9.174207450856606,-9.97152889042203,-6.565837924661835,-3.547748599285448,1.2407311639641303,-3.8987787080934324,-1.4469891139258888,-1.8116828235779816,-1.287188090478267,-1.1222490471185567,-3.568242818645398,-2.675145841364413,-3.5934505257464635,-2.7688403888194255,0.934695936116099,2.0775204639642015,-0.3831568399970049,1.513419934908739,0.2416752101678911,1.3903142098909131,3.068250162724887,3.5900825639177385,2.2856385090200697,2.4366224733095105,3.4353902122592017,3.5913076584744696,3.774076827176194,4.290021975005263,2.857197274260736,1.5229884086903724,2.7796422279708097,4.193510190502313
-8.990008350187788,-8.317474089675715,-8.925365571072733,-9.301836312988382,-6.258330168248884,-0.7870462231622071,-1.3483629946316373,0.7400412547299157,-4.077322787729208,-1.4718987913894177,-3.5069177787668315,-1.1844664292818656,-1.3747911243968747,-3.2254945160841624,-4.948499672032661,-3.2672565101225683,-1.7733157722794661,0.11588708708895509,0.3919262908043879,0.5403586724202099,0.687047688646293,2.0327113942667387,2.6004232889743473,3.239219959136932,1.855253438224594,3.70787359279732,4.992018179651686,3.536783170906244,2.7323877824439697,3.6811099568927563,2.9086914387554823,2.9861747037977473,3.9427246185024947,6.077968873669004
-7.817947476768122,-8.69733809523024,-9.250512555450193,-8.141080803946773,-3.5261929939224768,-4.857261672450702,-3.280586427738518,7.26367912374267,-0.02705012052002764,-2.9502176177656967,-3.6155615949232827,-2.8797399683806866,-3.5636443228402093,-4.107372178732326,-6.04798257658997,-2.5695167602259223,0.057470691463079225,1.1399722394555447,0.8537237103279559,3.0878146691012334,5.755359715731052,6.429978058042644,4.031017112573546,3.4820115610029454,4.142353507334272,4.315154514987238,4.0398549578239695,2.6101486772666216,3.6568187141062465,3.229768987032104,1.8622143048676094,4.15781072147354,4.3538591641230955,4.769804784499057
