script/wind10m.json
{"header": {"parameterCategory": 2, "parameterNumber": 2, "lo1": 3.000054539987559, "la1": 64.9999836372058, "dx": 0.5, "dy": 0.25, "nx": 34, "ny": 52, "refTime": "2026-02-17T17:00:00.000Z"}, "data":
[rows 0 to 23 of 52, columns 0 to 33 of 34]
13.201775024633843,13.24829234038865,11.609171008041919,12.27096359451554,10.933032368403634,10.599368566902545,9.972828957600992,9.97551642012229,9.27464105415153,9.670681770423922,10.257143313653351,9.63691997188035,10.293436663488135,10.010127962402732,10.853893032194119,8.907746499029646,-1.1682622296959344,-2.5512891785530183,-2.7682652290378855,-2.576683243656551,-2.520555780406224,0.6175196304831649,-1.262751358726672,-1.1803058105139737,-0.7786426110578919,-0.10137610443205575,-0.34221295527575163,0.6435509693562611,0.9642770110179574,-0.5273510016431148,0.08469945057465117,-0.9494692414708044,-0.4285479520370399,0.9699890534961946
12.802856550781135,12.540014423489971,12.378346863233327,11.319889227746076,12.393158002157156,10.182111857143429,9.848998013531645,10.226216138722215,9.418040732569464,10.162119735502895,10.060778800844247,10.153120398790904,9.957214296286423,9.949407793432101,10.578158350817066,9.289394933320533,-2.158144002270377,-1.3961586643629595,-3.4139007459719797,-0.23214687106037835,-1.0804834289119316,-0.6745088857729454,0.04420008276963462,-0.9111404795336948,0.3778528084677269,0.04562996469836224,-0.3362900178361109,-1.6350695216588105,-0.2890128522156564,1.6408057224721613,-0.20819579005081448,-0.7683395197557013,-1.4375806279472354,1.5457378398535906
11.504250191129488,11.686111043997833,11.39698055403076,11.720716124513851,8.923574355427872,8.690133952050894,11.023305004822188,11.547393358042614,10.122306268746723,10.220579280120644,10.47764243462499,10.324358724464416,9.961502590603539,10.030751325405115,10.112666668319234,8.908794330680193,2.2380214346740166,-1.9327697790369398,-1.7722598626044626,-2.6885699305418327,-1.3587082314519976,0.4905804111546674,-1.992717583759805,0.42772309765112504,-0.64490754648813,0.468673201349738,-1.520181690282778,0.15137213273066255,-0.29524507003227424,1.1637280260322334,1.4529125801829963,0.5214467359951707,0.08797600871564525,0.161199962517567
11.428034673875494,10.551712252994864,13.000581020108093,12.1942141844075,10.181037022313314,10.875891554375679,9.168918172369473,10.795411415914394,10.239529203868331,10.555354976980885,11.23083396369386,10.198522688621278,10.160911525397314,10.256712695320166,9.628944369338434,3.867542687982022,-1.3801680194662085,0.15780218982656768,-1.0328647738792183,-0.46020842984467375,-3.3956275628938166,-3.2576034964134943,-2.5866056571193883,1.2055463083421518,-1.282199070725775,-1.6482476821721663,0.2570426739270509,-0.17881997580915082,-0.3463273258447774,0.38606629472275333,0.3162984483028223,0.9803533615349633,0.40242178043317317,-0.6214052934567513
9.350170823784651,11.049231826172164,9.937278339295695,11.656727067867976,11.073876368795547,10.535790463800195,10.788192305779633,10.498674192645957,9.652669346713674,7.835563677947836,10.633201334934986,10.466247126771703,10.199638305002393,9.76427459262444,5.980219873226176,1.7025099310786689,2.124178384823922,-0.530162848139385,0.5836222119647329,0.07968781109275516,-1.7504440237803118,3.9377312517388834,-1.3177542831377425,0.73946245678306,0.5992668253890143,-0.045447816297196096,-1.1956407207100246,-1.2092340346398023,0.29705940075958254,-0.02111790586303662,-0.09294503747302173,0.946189128450101,1.7162041753471833,1.0106138804291562
10.670641573071185,9.699260270164784,10.779732134400165,10.20216990865209,8.737245728145759,12.064122458252793,10.40659676518941,8.856648410778584,9.821914405643943,9.971401205397287,10.17600595818249,10.766594016693961,8.11876517693264,9.33182574171585,2.1550649117287577,1.8364551420468713,1.710929075268941,0.28007538380999775,2.1950543093440293,-2.605220543926648,-1.3468433304540142,-1.939806937726139,1.059549275910821,0.5005746700371602,0.3263445240415467,0.40355713891693246,-0.19166599732901374,-1.0358653583337565,0.14710396983959456,-0.9773110731094269,0.1136127904326833,-1.3282491466390285,-0.2603172243233452,0.7581687312356344
11.122922532446896,9.189403211427978,10.463257787847548,9.568774975070117,9.28546252690387,9.178659794787313,6.835487660861758,9.790377636618937,8.7144016213092,9.1995839422489,8.857837192985395,6.325362547879974,5.608853189491829,4.064846910465295,1.5996295858585503,3.2732261573601056,-0.06066496549463042,0.8317121959450271,2.4429912652700145,0.7647378821657652,0.0294694717516332,-0.36715635456787,-1.4989687191770933,-0.27508013974606826,0.457087593738316,-0.027479706173060458,1.1512165064006399,-0.6739849230316636,0.08559270081486776,0.36384374207545406,0.10060882929471823,0.42632149264913755,1.246110328018852,2.6814396546870642
10.381381571019467,10.288170529516243,8.640570156992345,10.845791290313297,8.094898458595093,6.518642396392989,7.559841986976358,8.094022456573477,8.833541420742725,8.869569853022155,9.598123686405362,2.25915496635207,1.8381396231995208,8.150938637284366,0.5348048888238571,1.9739080845732637,-0.4535507937108146,1.4076560250266603,3.3831349008997913,3.6972594643164842,-0.4486307613680963,0.8636720191344892,-1.2363759289513365,0.6071129402025044,0.5148490817820541,-0.2967891722933353,0.021060794218017244,1.9562375291820493,0.6039121546378733,-0.08310106819513179,0.8016236875210058,0.2154086394500356,2.204070650329831,4.90278589622032
10.160960109232319,10.868811943735384,7.346627251332398,10.696892655093828,9.521971725333467,8.684633157667971,9.854585895115676,7.988138184593517,7.769597250648919,3.2093689376455345,1.9288398361555836,1.8026964604779983,4.075496413022036,4.6314518142320225,3.366321440898601,-0.6309803860727173,-1.5349614457396767,4.785652437977198,1.8844092109333488,0.8004663372362532,7.530714277609459,2.4011351235503433,2.416691930591191,-0.3112929209074914,0.3978683574450548,0.31569020870435965,0.2699872869541368,-0.19716993519036055,0.580466058577952,0.5718871922275462,-0.37976983796234937,1.947865810572581,5.15355101690125,4.497165145631222
9.255619073498309,9.879566344768481,9.655049938765622,10.019958475065136,7.904623440378969,7.2272852400411844,7.600256313174454,6.8725776417467666,2.911642079224035,1.2154306524913931,1.4587444511879137,-0.5191538622463012,6.490272877947097,3.136388695495821,-2.115167921736662,2.700108017418618,3.306281710117487,0.4222693854798895,1.3130483486159668,-0.28487936342934594,2.4758389848935534,1.492063516895616,2.5506392382245404,1.1642190680732227,0.4833994581948028,0.8820235578701466,0.40345225128342527,0.6418540778083562,-1.0461700283587463,-0.4420526845702922,1.225947021607919,5.524654510944707,4.869937280536567,5.034098245882042
10.946955774934597,10.027642381356923,8.003918288691201,8.004838074297117,8.463137529957843,7.368063225703417,6.442689335530266,2.8545890400257194,3.077168052193608,-1.1965038983982144,6.103686715029507,-2.922732113099391,1.8905104910187882,8.236698045502393,4.156332198308099,-1.979325879275134,1.9997732592684991,-0.43775984007592494,-1.7174296552321369,1.1841456983792669,1.7116364004170137,-0.31381768858908576,4.6530843677286144,0.9506298768785302,0.4857666774656218,0.6816880283075216,-0.43640936094183486,0.4047177732866143,-1.0799174995099308,-0.4141562657818178,4.6943042039821075,4.850858663115749,4.723410374496396,4.646373168685582
9.887150702962627,8.340526800289998,8.470165363234832,6.5100878675522935,7.219641384927868,3.143040978527561,-0.18869148078798917,-1.006514481518168,-1.8249239979003007,0.9506578735632247,1.9796373212733993,3.8983756130992195,0.8613395207661169,5.380076846023421,7.250449939752531,-0.6863839517653744,-1.421525996562606,3.1422544286502263,0.27270665058542454,2.2502184984612175,3.391459955142917,2.7693935809579115,-0.5539542887391187,2.248447714927307,0.3227393900164771,-1.4406511484341646,-0.1571608957804984,0.9406675648233468,0.7552481627975098,0.8508130275511062,4.34193818170568,3.9547166980830717,4.7091933098969845,5.2136721451334065
6.968581316101217,8.86347589806479,8.606559595736883,4.016316073533166,4.529832263527924,0.1694777146657716,0.40934202439044176,0.9209710113704228,1.5092503369286616,5.661048953404137,4.266691854819713,3.5414678582082852,-0.06621023057848632,3.494965844425557,-1.577703615335654,2.8123403083748375,-0.7390956688181719,6.287893671847165,2.4522593788039635,0.6922654705705799,0.49625357547007093,2.0378881852290958,2.6418888565402696,0.8229594418027096,0.7961046791786601,-0.6123993406654888,-0.6735414077040246,0.12470550152461198,-0.31218575047564856,2.7929190102770054,3.6810284105374045,4.425140803542407,5.242428667523863,5.166645286516812
8.248268684160063,8.200805401869713,6.226705689144846,5.733233638690852,0.8624592330925075,2.66362520303133,4.231754649547513,-0.33497186072427804,0.9717815969478724,1.8489553005984967,1.424008656408861,5.332597843842027,-0.8960833036943783,-0.7361347420757396,-0.3017989273874444,-0.11938774070750492,0.3716800322514008,1.4925610330124703,0.35971607817808116,2.7865324117083468,-1.6276176068215173,2.401384390602147,2.145768157958656,2.0477011844365767,0.1642557277455896,1.5426783221141989,0.3444713045970959,0.9399278124587076,0.21222279279522255,1.4856269822909576,3.753886690778919,4.244256042341547,4.785718826872399,5.061218626523902
7.121227815533987,7.352612734701722,5.542541413274231,5.169640503183265,-0.27401997782245774,-0.7743392545242451,-0.3731173049698259,3.1714079520305964,-0.6515741065585726,1.5182674163609653,-1.4935175095690343,2.3366832290838726,4.3477614145996135,0.7846018143784731,0.6558659174669075,1.6923191659024697,0.17043947036276166,0.18728437802528447,0.8970510765081674,-1.2252433038433421,0.3515109000219764,-0.718192250479813,0.013756283069583168,1.3489628673693637,-0.04608669271871881,0.21905353567936367,0.04350731941679948,0.39311904456696606,0.22820187881469092,3.4652653864859606,4.019139777284723,3.269780143122644,3.825260057509683,3.640447673298497
5.496867851277465,9.07362808895275,5.227069248600759,3.170119805268957,-0.1712796316455237,-0.5247984795859545,0.4068405440401259,0.5323822852293691,-1.3221600874230912,1.6656608557820407,2.6588746430093035,6.079259831763891,-1.2169733879899824,3.571581869213567,-0.8008166654662436,1.5024016072404256,5.407627249792012,-0.6640501123852903,-0.2117396928863577,0.4465777934063638,2.9812714519983037,0.14843166809352928,-0.03591922128555962,0.6694339647948531,0.18549354284635863,-0.09441388453220621,0.9544078544459613,0.6303767095597756,0.16426991410267514,2.8510776904412167,3.2043945015518323,2.797908672475189,3.0358694166935596,3.795444260039877
4.828120647461306,7.552592869792096,5.13529663860178,-1.6293617702451633,-1.4362388828141293,-0.18519154775039282,3.302130983587129,1.9989618391837147,-1.6085077119225912,0.4682864894890816,4.196316192584529,6.666107448866435,1.821707065906938,0.19666608341226408,0.2718544231011674,-1.557575715375924,-0.1352551495460183,-0.43276305282530986,-0.2109290773279749,0.6322361412313808,0.31493056468199865,1.0382113925425798,0.24162038920334064,-0.5325664553505194,-0.109615715729905,-0.25253821670796045,1.1235212952865021,0.6834032757742076,0.4379751784979488,1.4505246606057007,2.0769867871091185,2.0405567621134133,1.6982405788846524,2.061332547644001
6.401006877444469,4.366280945390493,5.030686020631338,-1.8270969385568532,-1.5010109913250944,-0.30299526966720325,1.335238573375846,-0.6432481614555116,5.404557742194872,7.067749455163554,-1.4476301209449445,0.8431147365441043,-0.40656147547352967,1.8305675723606,0.517114715909232,0.9016956826039896,-0.9236313480706246,0.1677454131717618,0.4475579201108164,-0.47326774316913095,0.006416402653786468,-0.7916470611791331,-0.04273263668150177,0.8922470322691857,-0.5994507694268938,-0.6429248328866567,-0.19328673143225164,0.19987300525210588,0.15939572756261855,-0.19390408791519304,0.09261643787965768,-0.16018537033686045,0.8531896587767891,1.7508338292247785
5.989597529064039,5.450684573671636,4.8390642333758676,-1.1717098443611629,-2.2069897782819594,-0.7622625975362457,5.3753902466579495,0.9480462024429831,0.6526470627043386,8.806782361035353,2.1447024269982533,-0.16990146018028213,1.9062709738219372,-0.21981461344393918,-0.6440480276144155,0.2836274308292956,-0.5815050991460944,0.021818383320928454,0.5121765870103003,0.35767470851876104,0.5780631913720902,0.7111971051817153,-0.26560706018892855,-0.2835390859831081,-0.4778383493205756,0.7763305880127505,0.06140188350563855,0.45228028765144995,-0.24905448409376563,-0.4986202861772416,-0.5343904743326194,-0.25380941255032224,1.293398777729608,2.2939153466530917
5.7733840089193595,5.3017056139906575,4.639966795544817,3.667187461917241,-0.6362151118498098,-0.8907035995925672,0.25720495589574505,7.085198436163263,3.7579805519497387,2.3403032991853965,2.838919990704126,4.3621558289309785,-0.9052686380967248,4.321299574357718,-0.9145281002141652,-0.48386556526569074,0.513379915845497,-0.17507732714752428,0.30333464129622306,-0.13711328975375991,0.9182134345928126,-0.7647318730709795,-0.019719092152080106,-0.42521093163745255,-0.6526753047596335,0.21041088529592633,0.38748097578560625,-0.8217042276453375,-0.8768183498139118,-0.4909790166212266,-0.23875821799728228,-0.43307571463884453,1.281451125963781,0.2152763393723589
4.717776076839171,5.152929217751945,3.9317986866341954,2.418339199148109,1.529729147477256,-1.3786103533188074,-0.46465998197785374,-1.3287597218400584,2.7892310446972437,1.4738764983701378,1.3975798834123425,2.612102537523906,1.3975042904477402,0.04448007049822586,0.7200591930111172,0.6729651395422128,0.015615552777334125,0.44167007209401743,0.7109795012626381,-0.7650051168629984,0.4233963925382863,-0.17006455927926514,-1.077352436332358,-0.5909908690583626,-0.48553711488657614,-0.3028135335846768,-0.08633185877130978,-0.5735784184060001,-0.5826125407368674,-0.5787734182970162,-0.8950098848110251,-0.5003501449296509,0.6881889300793453,0.6906667071669272
4.348807694830498,4.090324410658879,3.0079987622792106,-4.156084246545092,-3.2739285210017215,-0.9239914371043997,-0.7868714582612096,-0.45973463838497125,2.071762757840273,0.08422973314971023,1.2589842712359982,2.8598127030318916,-0.10048990569439577,0.6511008584134453,-1.3737960500681083,0.5099898414613802,0.21975903754127396,-1.091375199874767,0.3132400101707216,-1.055054512362731,0.707651184592031,-1.3004509269662248,0.5752991062036149,-0.7721162253599644,0.08177187470383074,0.3222044438597861,-1.0629137711645094,-0.9441706785984088,-1.5007088832134967,-1.8373804336469668,-0.9659391717373798,-0.7153116907530332,0.015285223361401073,-0.6593982489875343
4.41943514721166,3.8240022834004153,1.684116771242289,2.646171723578969,-2.270114140425169,-1.9460090721875822,-0.7912973733320389,0.4420750040675383,2.5392695573201767,1.4786671529419826,-0.4935777040913988,0.589960627895116,1.8306006399207455,0.3684431241670075,0.17029703806085042,-0.027406098115916863,-0.5419512165607017,-0.7061458550824214,-1.1880129893737819,-1.6546427613902703,-0.023618554281037256,-1.4291144488799001,-1.0740473508207653,-1.3297912237407836,0.15330713725949696,-1.2235862918793186,-1.9647405046937607,-1.649304295822083,-1.146634120729547,-1.2161273795201164,-0.9233179038502806,-0.8703757135457082,-1.1600657749222945,-2.1483690342557606
4.211512070694148,4.035844621737775,2.921653788281154,3.7720526102247347,0.867887381846006,-1.2416868654235742,-0.36786743429460994,0.09127089974812738,0.796985668688558,0.04334754962635692,0.38565190711348074,-1.0920550035191245,0.3843818034885169,0.7777170533512751,-0.09742528989621671,1.111295330986276,1.5199940357994421,-1.5782190189671097,-1.211278353397439,-1.3736510412487917,0.03545442614470989,-2.2600243509786737,-1.7035161841779778,-1.0999998594767777,0.31556336061731277,-1.3094043154345372,-2.439368355273006,-1.133299371428686,-0.8983389543138736,-1.0103611861993933,-1.1252258649367588,-1.1014043816200731,-2.5803467525767667,-3.3254117087372967
