script/wind100m.json
{"header": {"parameterCategory": 2, "parameterNumber": 3, "lo1": 3.000054539987559, "la1": 64.9999836372058, "dx": 0.5, "dy": 0.25, "nx": 34, "ny": 52, "refTime": "2026-05-12T07:00:00.000Z"}, "data":
[rows 24 to 47 of 52, columns 0 to 33 of 34]
5.3728927930232,3.9803436415446343,1.984126124907557,-0.5722232850194573,-2.7070275346526476,-3.286756712661529,0.4318940647193838,-0.4293413016295022,-1.2945790880465482,-1.280902311324987,-2.2239883944995493,-3.5824362814022748,-3.5205108380747734,-4.176864331446696,-5.049004473697681,-8.26804641627675,-5.052804759446738,-5.148745637686646,-5.61062880384949,-6.0699227191507745,-7.5355488377824225,-10.873654008061788,-6.45615268592486,-5.859892490928873,-7.862638192590805,-7.706462110891762,-8.270146235687779,-8.606496104386004,-6.843249275450545,-6.8722721255304435,-4.7818590325783,-2.649464741517965,6.056107449927977,7.168268879637888
4.7161320092874615,3.4360061168821243,1.5732352904209632,-0.7176079941590194,-2.809370596792199,-4.127511330087702,-0.7884852278877859,-1.4772684038335402,-1.2962854977505864,-2.0422238084740068,-1.377481437734342,-2.013289116859903,-3.54679779947146,-5.250840576505236,-6.861523991231954,-8.760884271130376,-7.107828243993152,-5.23344815759027,-5.3268220303278975,-6.007181714694655,-8.897975061053124,-12.002131095680067,-6.1815443528137966,-7.390631841871921,-7.800032568911463,-8.718572640129318,-7.895287224818739,-6.829675525419944,-6.358253691249386,-8.01269384214905,-3.785708410592269,3.3428726764840575,4.495869040346069,6.875713510098364
4.516929131829127,2.9381192010580834,1.1160160925757034,-0.8818459559007552,-3.3905621601865437,-5.417566252750741,-1.620748438261318,-0.640941290424465,0.006899760458606404,-0.964664402177385,-0.427396970619825,-2.988720548959001,-3.673157095304765,-6.856949470176033,-8.13622483220551,-8.4606786163252,-7.854211087209023,-4.4384719082952255,-4.0688070663539655,-8.4292039794872,-7.799691579368112,-7.638737982486598,-5.737616993071299,-8.164346997790995,-7.986410942600119,-8.153681331639802,-7.944557277377158,-5.348167918070613,-7.184336758917853,-5.9163249213899896,1.3393536446930752,2.9672430216027887,4.677083392742354,8.07825929440798
4.086604459941716,2.347486129915487,0.6797131502070276,-1.22224544357235,-3.545859546575839,-5.582836950253427,-6.390489576896878,0.577993502055874,-0.4679323889569174,-1.2191632627506976,-2.3108368547764546,-3.2427307209228475,-5.6368228959324655,-7.155356679183492,-8.588050534576885,-8.110623508419932,-7.706403529989695,-4.765788625407371,-4.331563861179765,-6.686427275262005,-8.03745257349541,-6.643180722916793,-6.430704600305811,-10.309342902171096,-7.076278357402351,-7.427514542779279,-6.924496602691879,-6.2309987949810415,-9.54233520865668,-0.21361083547634468,3.3023500462246096,4.697861960697134,7.75823751330466,9.010158700458982
3.687157438893695,2.01568019040352,0.5597053923605851,-1.2583670192019414,-3.6857771298095265,-5.694178725727139,-6.965533650775896,-3.838679775795558,-0.594827234448524,-0.34033693489697453,-2.8218893137200416,-3.598628472668431,-5.713638438097968,-7.072637353686536,-8.665467924002506,-8.122711357795877,-7.1121656195858165,-4.906369196981884,-5.064616362513264,-6.93061449847948,-6.93673589019146,-6.370477951147435,-6.209666413699641,-8.848632472107026,-7.286678080016315,-6.466791028239922,-7.21474641260228,-6.31924874457284,-6.2183253509474525,0.16061188247277652,1.143351156535319,2.965896120173531,7.012780981262109,9.905589549930202
3.395134257049641,1.7781517375090097,0.4418688491492303,-1.5675038338093947,-3.668392643348742,-5.64110512685599,-7.2207499493129434,-7.00075754664038,-0.9921003450159428,-1.6931778097688974,-1.9696462827112564,-4.0048680735738,-5.432511499334093,-7.30116359649758,-8.746825814798218,-7.684808901468449,-7.690385052351657,-8.075858502646883,-5.619812250598006,-6.984732544000039,-7.237366514785319,-6.633371979821458,-7.005788732323101,-7.733404663476638,-7.463315136706529,-7.057640375859878,-6.36600259878047,-6.496634351205151,-8.430153453084454,-1.576055813821827,1.790883323757683,1.9752733185531566,7.990812438660141,9.374512647323535
3.1015776835319415,1.6258100774625794,0.2203769940235433,-1.7000848893504974,-3.566413396437316,-5.61382765993684,-7.149087802534232,-7.096348089242725,-2.7845031835157354,-2.7280438677948236,-3.185484527346849,-3.9336787009850243,-5.917231846439056,-7.691162077415331,-6.865613966456545,-5.99451563317991,-6.9086017570501514,-9.211236240324828,-5.032335512720219,-6.515707545971959,-5.947751083538894,-5.828606883421543,-7.073073044778225,-7.503365299449242,-7.2718554202078,-5.856012687481052,-5.573640772400668,-5.142700336870327,-9.176544831305518,-0.7465476712145024,4.6774795636726605,3.655722871417072,9.603810336551316,9.72096986297063
2.9518047340711866,1.3617326283278577,0.0073610516293108365,-1.8028964598178594,-3.7490526068501833,-5.4474498558578635,-7.19765619502719,-7.576690470072348,-4.626477818247562,-3.3564560325189263,-4.034386783058705,-4.584161151516627,-6.227237636409383,-7.86253914055885,-6.137165203082751,-5.167564899506649,-5.879773360667696,-9.54282817706702,-7.669437564755539,-6.608291750279805,-5.051185313771016,-5.5457185632442165,-6.094299691129934,-6.553991015995572,-6.772894896398141,-5.10163880530469,-5.737002832652791,-4.866857160445761,-6.750797229159043,-1.2137338052096158,4.003733986797017,4.459336361126229,8.744099793097359,7.799822608466571
2.5134865340488908,0.5760528632780948,-0.33802580414663197,-2.1970620559338703,-3.7703283792057674,-5.632804115415189,-7.156222168756673,-7.681823669982263,-5.778559971519717,-4.007251788345624,-5.0328725600961235,-4.355339129526153,-5.4338934141803525,-6.147127947450079,-5.885249739307679,-7.034870494511061,-6.603854332549646,-10.035607863412292,-9.88815338658,-5.894609492526167,-4.808940061781975,-5.239005530368577,-5.610048663988325,-5.5463309986095695,-5.185471788784597,-4.514793486982415,-4.099268011931228,-3.5050483077014727,-5.296800711363185,-2.72221782490937,3.8915867538749533,7.991761180702469,9.139823874094008,9.367186955210673
2.296487651121146,0.19090009334572666,-1.0319683458315836,-2.5480854001987523,-4.263514420467249,-6.0321559832595915,-7.348316369393709,-8.043074679439984,-6.225632955667838,-5.607470704356613,-5.477846716052784,-5.028014944077165,-5.599990148758937,-5.036941533157742,-5.018382910941833,-6.153896682620832,-7.745714351159851,-10.334373772237596,-10.58518147586543,-7.266357863555843,-4.614411199554341,-4.855400635770757,-5.122080716078588,-4.937632459193649,-4.3449814339648105,-3.0729800315444415,-3.0117005828696843,-2.517554299051512,-2.8317265765819273,-2.511719134952893,2.395555996581611,7.347903495867652,8.523620275527763,8.635659215884811
1.9160472533907205,-0.22838468219656635,-1.834644014703074,-2.891649800522483,-4.679413297011527,-6.48494571584084,-7.853459770524809,-8.404771161443508,-7.608213262825633,-6.31933574667388,-6.287780073568982,-5.832497122868048,-5.160862407890945,-5.532887669644281,-4.675700577954714,-5.5046885176988605,-8.212905794486504,-9.88125709868677,-10.10504321411126,-7.232112696066619,-4.139305981327851,-4.127304744327446,-4.515732786399093,-4.8466289235519815,-4.1654253899701414,-2.6307527770470163,-2.2808270166546007,-2.756840958309384,-1.9092856459513006,-0.23389129405565257,1.3010702618070935,5.064622403599155,6.933120087969757,7.31557989193698
1.5811075906721026,-0.44725018552387047,-2.294249740443179,-3.4501062143297263,-5.23783315967765,-6.791574257616872,-8.182474429450394,-9.02847614241898,-8.192628342405017,-7.0411821483776285,-7.087019461344482,-5.454201330924179,-5.784511608032339,-6.263937284502761,-4.990589782775487,-4.525209252526998,-9.62097744421177,-9.374222241149702,-9.44227868116521,-7.070280460238168,-4.151046514847983,-3.055951145438367,-3.7735126450930716,-4.280962940493611,-3.8379727063995017,-3.1995431133793946,-2.182517533758099,-1.232780787290034,-1.1435144483217174,0.11277910316295693,2.116942694099906,5.004661618980588,5.503030482389997,5.667472049391482
1.1760378742009303,-0.675123655745094,-2.748567960908054,-4.003315056643983,-5.791734606334107,-7.294572969231818,-8.630571143689645,-9.840966450372273,-9.006386304018779,-6.71380330208043,-7.211441535129313,-5.921798873506924,-5.883565595098371,-4.988365612697199,-5.746311122666313,-6.265242367286792,-8.52408420907196,-9.704006255930327,-8.685641223354082,-6.35145311234853,-5.065182042561017,-3.6729505499246224,-3.6013798149203624,-4.3290114756560145,-5.6501098609669995,-4.563665043586959,-2.5602655972658424,-1.542338484347365,-0.14827095010581223,2.163535706379808,3.0136544321466885,4.421122029479468,4.449187135579043,4.138387698795127
0.9144566743857037,-1.2630629185361912,-3.3317727820981835,-4.523001454391281,-6.237684363485891,-7.840985732441043,-9.217103359543719,-10.429496195476831,-10.456222043636823,-7.8710473077172125,-6.410151207855117,-5.106246102914623,-5.322203651166454,-4.799731508032939,-5.182844281455584,-6.952703819943257,-7.9003383027140135,-7.227599264105378,-7.098722002632179,-4.61499989608585,-4.187681955396829,-4.004161132052637,-3.108500761280002,-4.56706232108193,-5.82462134856084,-4.264521215725608,-2.4285209688314313,-1.5745394822210257,0.07041904526752428,1.5145671351911842,2.666005028865185,3.235898214908312,3.8693169665120486,3.81921282574751
0.37298658695493264,-1.793205656215437,-3.9526416378539593,-4.943544474346595,-6.655281385763459,-8.256027481156837,-9.61641268142853,-10.918594069099427,-11.079014740240813,-9.115633518007026,-8.784950723691868,-6.18722601658586,-4.4493058697528385,-5.132736685602469,-5.205929996137402,-5.339207948064322,-7.007291058213726,-5.813257236101199,-5.27169982422315,-5.299987968755703,-4.948519591900513,-3.5765793320647514,-3.578215691643439,-2.6461910355129237,-3.880635961773167,-2.8513874112395037,-2.6279023471425957,-1.7279154340549618,0.25762087546353823,1.9270589329301626,3.531607897603415,3.4135051393897373,3.835966235620607,3.1056607025732346
-0.31206960619485885,-2.6291989291779063,-4.481394349494881,-5.466089190748865,-6.9906072692652685,-8.552602045849241,-9.683910449864653,-10.903768581168382,-11.040239036821085,-9.804022003469322,-8.735089535593959,-7.024700084355651,-4.689426807477531,-5.157155846142605,-5.415528573140132,-5.167003591237798,-6.309510711987195,-4.809013187215563,-5.110725454768061,-7.515143337070111,-3.6811533909144716,-2.158722760324182,-2.1357226728294587,-3.101362258418756,-2.5653287523853767,-2.002313624204451,-0.9253205222608025,0.8373141547497979,1.8274656637137119,2.7938875082645915,2.808042847534825,2.450433124101301,2.357492173863549,2.165639654905379
-0.9634795787583482,-3.2359753932574864,-5.06239041463874,-5.901618632001045,-7.345507217544563,-8.741184232630008,-9.911256243757075,-10.823417463258174,-10.988323272584005,-9.911413177605683,-8.046948630356004,-7.041820914607662,-3.829767201537787,-5.01974293336323,-6.626376359212534,-5.392206697048881,-6.714728269566024,-6.166429445989242,-3.7885601333373407,-1.2848091052725168,-2.42377326260257,-1.7304837930545598,0.2052731427581898,-4.015785580146054,-1.6434248433973353,-0.3757428824886772,1.1189253275912239,2.279076315027829,2.0702413350002744,3.1293435106313927,2.086120275214428,1.3705849243332313,0.6650158510842924,1.1424763234669566
-1.4746032710935444,-3.684895372960259,-5.4095250335422005,-6.198415674154823,-7.613184152054904,-8.805816225363303,-9.941536549349866,-10.553412966757604,-10.71364609329218,-10.031793912031889,-8.484498160666051,-6.476788360667523,-3.9015018933563272,-4.886374675720621,-5.340670367887735,-7.035675094353159,-7.288436297123502,-5.638837106643654,-3.481418260546257,0.7980194350161249,0.27286797609643815,-0.6253529297411882,-0.9607663262992856,-0.5351468176151785,0.11548185017596596,1.310061240628157,0.7609028218019285,1.0123417186182073,2.1657072472111563,1.7437563832240948,0.7647433662877979,-0.3718854659803903,-2.7834806304954314,-2.925006812732149
-1.8015508698132416,-4.279178427794156,-5.667413357122489,-6.467710477074495,-7.675605458653411,-8.925046390673893,-9.744316887444572,-10.315314875322244,-10.680556415865821,-10.07004296843358,-8.596280310145715,-7.154491480398307,-5.1879630667776455,-3.7960081621465593,-3.185903986107397,-7.5064061406027145,-8.659038902983577,-6.583506450601577,-1.9406777246741502,-0.45180685446265645,0.3229119315335478,-1.033525030403571,-0.9816381090194545,-0.4649240093319606,1.5856261669005993,2.0160154572777067,2.962562370310226,2.5689378251158725,0.7187699750451647,1.1506835222323315,0.3114450496971773,-0.3381072636764988,-0.7950761806862049,1.1761617783049505
-2.2924486187707465,-4.738655419500994,-6.009276865920157,-6.780478769565278,-7.97754426172803,-8.972095188382474,-9.732716309961841,-10.159658116093336,-10.492926355922089,-10.59605472436853,-9.228705938307654,-7.956225520099286,-4.855716274170208,-3.493819510058376,-2.9791821398529392,-3.111624656025124,-5.134339861836083,-0.9917493315546045,1.121724169666529,1.190207322693273,1.8389627625443783,1.4793792258365717,0.9627232182151464,0.9977987687437951,2.749649333421094,3.595779851912782,2.8487468869214156,0.8464687021026858,-0.347463112763076,-0.07871523074970155,-0.47184157322578313,-1.318564161717127,-1.0026302888863499,-0.9576891810730537
-2.915636227376742,-5.286860214552208,-6.373035873963946,-7.262589678853295,-8.528140682687063,-9.01096060960945,-9.80714265879226,-9.990076334483694,-10.312030811298722,-10.472156701993615,-10.131873857068257,-8.818038771435164,-5.480343240281837,-3.491949855783862,-5.870276117582084,-3.4580831322274355,-2.4999186406588074,-0.607217016689541,1.1426662418048963,2.0399793067111003,1.9513666407921098,1.6913674922721813,1.550684854433986,2.5177861794115644,1.0497057905917222,1.729714290782838,1.8892168460787855,0.8168489414514779,-0.5386152721120859,-0.43778607805962566,-0.5253163940011909,-0.14879699660533044,-0.14431516744977493,0.013998845256218268
-3.6901163204208016,-5.8830783338944945,-6.616507738706153,-7.670024652550733,-8.692212707261875,-9.353656884669808,-9.748752438048227,-9.875755170380641,-10.131327747253467,-10.340450175480127,-9.494089527508075,-9.29973594682108,-3.799307720627661,-4.227804962526369,-6.433672963627598,-3.378833923015602,-1.2876456305569213,1.0327755982459033,1.3739563147604796,2.869480836053675,1.5038428161850037,1.7176878709995185,1.3048799133692406,1.060436999459534,0.7568231157311762,0.7759044675571535,0.29798353674432393,-0.6365626439886196,-1.0031541886052928,-0.7046787590931242,-0.40930183360622163,-0.20143927144075965,-1.2960512321051114,-2.0124741519321923
-4.8097706651237395,-6.354379519195817,-6.785710813074493,-7.905177359037641,-8.760386605407007,-9.368079659721701,-9.751085952235597,-9.849284330055609,-10.414505833314943,-7.081208664006287,-7.880874802762994,-7.90934800559694,-1.058118747165218,-2.9295905757778478,-6.021399163649297,-2.3848521160864142,-0.7687549582540597,2.1993712975359885,2.3154902439408125,1.0466656647970571,1.5473181947311179,1.2520261398360644,1.120131763444933,0.8683203983847227,0.5223717094888347,0.3133850026856594,-0.15114648878290352,-0.8671862732328295,-1.024733468425257,-1.1883262404764758,-1.100027118053197,-0.8960689895348457,-1.14076298776483,-2.266344381488784
-5.173510417232107,-6.654213995380582,-6.7513003160749125,-8.133947925658292,-8.643053924080625,-8.83246926945521,-7.468746071690999,-7.2780786068682275,-7.225821042483026,-7.184866887538395,-5.05332747955891,-0.7215020806048402,-2.900111765707906,-2.6584048772956534,-1.930860385083608,-1.595560969070796,0.2645210452473721,1.4547594859946829,1.04447329692891,1.2001137893493883,1.0395689424291843,1.8134402396572835,1.5199109025951498,1.0825506837712535,0.09851116636245226,-0.15883310213996663,-0.41679266531867837,-1.3909817204917174,-0.9933760019698009,-0.6764198331911869,-0.9064384329033577,-1.3674921954452242,-2.492800267490915,-2.776979187577866
