script/wind10m.json
{"header": {"parameterCategory": 2, "parameterNumber": 3, "lo1": 3.000054539987559, "la1": 64.9999836372058, "dx": 0.5, "dy": 0.25, "nx": 34, "ny": 52, "refTime": "2025-08-27T00:00:00.000Z"}, "data":
[rows 25 to 49 of 52, columns 0 to 33 of 34]
6.424410215254463,6.977164520135826,7.409988717624118,7.217766992356298,7.350961508726361,3.471720575417962,2.459131038018095,1.252059436986419,2.213037528563057,-0.14797527678493788,1.1247355968633883,-0.3319260411314529,-0.6744559403207688,1.8428943983762278,3.5440524089575636,2.9915671755347253,2.161491778199895,0.3914217459663075,0.629310816290579,1.3697620294596464,4.645773263894018,3.85324337565321,1.1585190632852393,1.5364703328087534,0.9851292619333657,-0.415350546930338,0.6461565516723485,-0.5808201428667373,-0.5797166945941351,-1.0399478335719319,-2.1737733973462627,-2.425655539200047,-2.95981199124723,-2.9967448633663802
6.6875376964360305,6.1094545611206925,5.549947518431684,4.753896871513674,5.4234357381110385,5.663931286285426,1.3230040986948817,0.6835378403636412,-0.53851339473561,-0.6354168956168277,-0.39836158103372393,0.430783776415545,1.9386216201582094,2.8982323470194093,1.6840416839505126,3.315646765058861,4.00243208691136,1.4274404644476384,1.2638160836277108,4.894249419105605,1.4146504445306003,1.7994525274691915,1.1707973208455138,3.367254356710415,1.040187473011798,-0.4757205745317969,-0.08109438465213364,0.8601912917582212,-0.629069380532158,0.7284255018577496,-0.37509083366240437,-1.706474212297962,-2.4301406193709796,-1.4861700534118372
5.870815131352926,5.691269323721887,6.065040432342799,5.651683344172844,5.091502990576694,4.441655413092655,3.1489661712741026,0.3376524999505693,0.39828852239621254,-0.7500335707468484,-0.8066442184238078,0.7054835331239028,1.9521111793626171,3.6992145004362302,3.093143493782106,2.672340121812437,3.977150645601847,1.8285937149990261,1.1778566291719768,1.22772828043984,1.4169421620739842,1.787282480843081,1.2868984539217985,5.857879038125112,0.8208789531291291,0.9848547829723772,0.8667064761227024,-1.3056520846986477,-0.7610615395739739,0.958643639267528,0.870710116752063,-1.1208153072925657,-1.036256825513032,-0.3959851742731723
4.958770175819912,5.673413568394996,6.708267150226929,6.411908139623406,6.12603172706682,5.622969749793853,2.946636723772484,1.2198206560401892,0.19400866114285262,-0.6710907335123364,1.4419889148957812,1.7810591544851655,1.8437190094435971,2.5712985840288085,3.4955239027591807,3.1730481373122177,4.2170186897333775,2.879015810008433,1.1881530821530795,1.17733052460563,1.2244639354730946,1.07713057539904,0.18653852422188788,1.3170211667093537,1.1482051199402517,-0.12426099879704934,-0.08201457375535356,-1.1213640118832413,-1.114519583082806,-0.38685298627076437,-0.09403511102914636,0.43788782377423646,0.4828275398929764,-0.578120718867283
3.526915904714124,4.6574706664936105,6.891476126813393,6.901013204815433,6.708984724794414,6.468506938790708,7.5382147231666865,5.674109499191661,3.673834874177668,3.0169159786819733,2.7776959527600305,1.8378549793530419,1.3830192126444463,0.5791814220187459,2.437909554511744,2.62065402701924,4.434550018451921,6.527784454230029,1.9102856034561908,1.3558524676371015,1.3508415087985193,1.499477909656234,0.6240866086326748,1.1529919675508395,1.873814421782988,0.5249152507506052,-0.14002616712281957,0.3113394891911276,-0.44724018382774894,-0.8462882244644032,-0.759158318440366,1.271333253863283,-1.0450880407621486,-1.360560749398085
3.7499592432465496,3.5459923098255115,5.3895581122992295,7.053535432658483,7.129177078143203,6.812641741764356,5.499825975109055,3.789158690680392,4.199857293377399,2.670549028127932,2.9642422480309545,3.567115822584041,2.9506598018932118,2.990229968945505,1.0991921177644857,2.013846372093255,4.7612775231524855,5.735447816858039,1.1016628207059793,0.8945014813929814,-0.17401236306499834,1.2488747243063933,0.8718812414410054,1.3364092058360488,1.1833842055045958,-0.404270036741689,-0.8807064346327134,-0.5066652213646227,-0.30868100516959407,0.818166974401403,0.12835923623286993,0.8179015538735596,-0.5098357468638772,-1.2287810000095984
3.118229890436982,3.5113984345694544,4.3476660655901815,6.17031088763496,6.861936651644756,6.622803305940577,5.839176975284832,5.884250258361409,4.739878514589773,3.0895379408598362,3.6512515589508387,3.8539452727644874,4.283806478076547,2.353678110864614,1.4612173660322867,1.353808068764733,1.620861468101175,5.020044549765481,3.6803960723193567,1.0248597425259511,0.7167311383228122,-0.1726871285735673,0.25691830146237965,1.0329668527875877,1.2323318999849906,1.6401723577148983,-0.041755188846212474,1.0142849391456952,1.1051213004631142,1.7153684023485753,0.8471010412068644,-0.5118929536505898,-0.5081347323584537,0.4904539506832551
3.686512890214265,2.4923064903788235,3.416883896759419,5.013377844435185,6.22981284140571,8.15576674180977,7.685896324653281,6.438944365419772,5.979155771270204,4.819827582423049,4.564320133957741,1.8010964873549205,4.347958661380232,2.8068989101410735,1.8286449830966005,4.267903256474488,4.009611145232162,5.491748767793476,4.898222897766762,0.5921985229520084,0.7950592667291508,1.0346025219095962,0.6236509402681837,-0.5770504114155491,0.5648225705198022,0.29075083921075134,0.8074673999128704,4.256793438323891,5.3926233885366415,1.6502600963023881,0.7869022875812487,-1.745558264197521,-1.6896467522831524,0.16118861283351682
4.201628756455775,3.551847183613045,3.0609620978738046,4.4010240458059116,5.070264174675122,7.539239783748801,8.123415777845763,5.856731189742703,7.04808638005615,5.235000667155658,4.1795367353925785,2.995557441645094,2.411395283384341,1.6927729077098486,1.7723619320244797,4.223317255712124,5.530507572879251,3.572467808495586,5.753985122435748,3.5230449923967413,0.3274342223996131,0.8051002779200302,0.390876082074386,-0.20466836347648334,-0.7136611949498795,-0.6126746887258906,-0.8850465443067689,1.8139868031517752,6.5294271211508175,5.427432656146577,1.3129105408791975,-0.10581231223186001,-1.3460834193890914,-1.4349740873568537
4.932047919195343,4.099466340531577,3.084850649253092,2.798663817132894,5.297974418143922,7.360125027044745,7.174629008337708,6.323708365126202,6.760492576571949,6.09127937163524,4.134165867839284,2.808231392768297,1.7383698972477655,2.074048936127272,1.6885401152666746,2.760432149218957,6.579381664270876,5.201064074202834,5.660070390940823,3.961202215573339,1.1241741460504555,-0.3842968283802775,0.8568858053992312,-0.01810791648719757,-0.704270975199752,-0.7725531133698447,-0.29325065797950584,2.161679225622185,6.102330322818367,5.650381102390799,3.8268337589072154,-0.17445177295690567,-2.958753412776974,-2.583489172399682
4.677909389176332,3.5699720286451373,2.4770393691858996,3.028628364752566,4.433322633081049,7.35864428809515,7.800995519681851,7.389498639362832,7.976688523057848,6.042192620052078,4.131329681310867,2.2570490082556804,2.308808936918464,2.52049281993395,2.1072592298816737,3.1492726378166083,5.534895600572452,5.694242126507067,3.5293178714584026,1.531224795136123,0.7626702571128369,0.5225682533522502,0.41076521336491545,-0.13150868202962604,-1.017427285030424,-0.6938922592769712,-0.6572390775955264,2.014938529149096,4.383108790198849,3.1353526846516,4.077098585097009,0.7509426233105594,-3.0717224245492853,-3.8089141270171902
4.647860766573521,3.583328477058911,2.169402595357956,3.4261453292823485,4.153918748992733,6.536066536831792,7.8415897251382,7.167831401918593,6.685139667303297,5.292990247741598,5.496996808498804,1.6383911062635372,2.206491913706963,2.221527938660125,2.3165769587100757,4.724348621225053,5.222224810094235,3.7583791273057616,1.4474682512350507,1.211468093833123,1.4658306968955548,1.339882267325223,0.0449847382647477,-0.1132853010391612,0.6133909179095007,-1.2939500669961608,1.5672579716646897,1.5854365513811486,2.4213216512572955,2.1465498955627407,1.4619423455109304,1.254057138197311,-2.0557991637941893,-4.165361647463044
3.620749902060549,2.485234269289896,2.065456481166306,1.9127561193861176,3.8366261390273895,4.626471275558435,6.287394000150948,7.214978797631113,7.088806055694274,7.179002237484556,4.16488884243305,2.361212255318808,2.872054432069547,1.8577495367902639,3.2776435886791737,5.871694622160541,4.264533247995282,2.266970369662331,2.0549808811082277,1.6530023237865652,1.1568003954391646,0.6865265636227701,0.9195630010103786,1.9884366080964568,0.7490925616311155,0.7165971797331825,2.0483342622363025,3.6694093274146944,2.3010784295751048,1.257083138398831,1.9469070717353874,-0.08040751812203412,-1.7895815921050642,-4.350140100574384
3.084988037234519,3.254130338777785,2.6791153734590685,1.5653781209198379,3.7492859406061743,4.614792408587558,6.043295750336605,7.2703912919568,6.673218802374701,5.871620509553132,5.677828268375962,2.4010265964435122,2.1351486457591005,1.426876401211015,2.269364164424065,4.660204293439554,5.071623222433659,1.976052394506325,1.6021525543815693,4.516619133360743,2.4978107574589354,0.4144437541062104,2.3787871517509047,3.6407856122006326,1.8284790035926333,2.511124580618198,2.7023344586600473,1.9527040562711242,1.921450306869019,1.2072867252421478,1.12607402698503,1.7736035777901178,-0.8904195924300271,-3.3957633523612873
2.858925914233303,2.4729098412366053,2.408703463191958,1.9261909035963785,3.91132949479176,4.048134972838135,6.428430256119158,6.411441704620397,6.677711728351696,7.008918590740874,6.691283159632215,5.079152702326403,2.489929653778782,2.6674879580217006,2.030109023291183,2.7476340227231906,5.124791948799582,1.6252471067969243,2.591060856863693,5.820920403717847,5.173460565469655,5.488537640412383,4.490335141055901,3.819487883490654,2.937786025226257,2.0275340675645483,1.4403828248097514,2.3568584077944017,2.431512697171788,1.5052407635584726,1.1268958345190205,1.0639099306739734,-0.044023145325572714,-3.1287438882427088
2.7698677174529234,2.426390878412464,1.5017081273415005,2.660504267663089,2.4157744534276757,3.646467437149058,4.432173545653381,5.966968319714022,4.993404647304807,6.667845018635176,6.095916294037997,3.827465351281528,1.483670904383901,3.1410417529274226,6.274795692230085,3.472460924781395,4.854453999381463,4.446211622302329,2.9485537014869174,3.5125237029535197,5.997430331694547,5.435252574647416,5.128142085931924,3.6856451085909407,0.3152089389366225,2.678439541677247,2.1364291059252647,2.6624547470859974,2.079683574640807,1.2917033019836122,3.275943094108937,1.9396217570896916,0.8669075114101222,-1.8123957818339766
3.995267523361765,2.813044009890704,1.5024350942569298,2.290407111477175,1.8818022896108937,2.5053664853436994,3.9652742551521625,5.270788493525078,5.724720331262643,6.532041202632299,6.765696786047783,3.510219767121924,1.3820008140387372,2.631992415600954,5.956884428722792,5.462028531883612,4.275992451369133,2.649391265204391,4.291939666267415,6.5639563401025915,5.6118459789055,4.665834000684043,4.851122929952166,4.118788560980439,3.720958938315977,3.8488394809754642,2.9432948110917474,3.7580020385737996,3.457771876930558,1.7619369173818487,2.1752069550200694,2.1487217061203117,1.6115434931892458,-1.269489823097805
3.2154997653219697,3.638784524022938,2.2752566401063548,2.043088657136151,2.6339657853110454,3.3891806267910827,4.482142831919508,5.7153450962425545,6.113394461575886,6.1901426325395095,5.501625236838243,4.488228817993906,2.09970150132859,0.8183945134941869,3.950617534768452,5.373070185175029,2.630523898972521,4.9012594632286035,4.168770606791438,5.043982917802345,3.78488997992693,1.2792320980675862,4.738855348659595,4.721318951702452,4.722609133202676,4.813177915334024,5.133628082459235,2.050044073614031,1.3448572771775757,2.424251947552444,1.6398004773456047,1.5026243226402,1.800856865818147,2.5173430984899845
3.2260941049333196,3.4043972050052096,2.0228478560381657,2.1031273634505587,1.610784257486427,3.8408955694264053,3.499845274913545,6.476041092681248,5.031891241984343,4.751638531594606,3.2421308469861603,0.33681373413743204,0.20168184175668105,0.9821011106400482,2.5773959531601798,3.2092413514931595,2.616341489373227,4.835554223169281,4.33643219265393,1.706001430871311,1.5309753386103224,4.367589444681799,5.419812432279162,5.415354225382187,5.404514252159543,5.569041598295633,2.8264433366242225,2.2199521401190374,1.1214047963898548,0.9997803863370074,-0.010840846242207883,0.8514040372305923,1.019435127637695,1.7397685084569683
2.806649506632616,2.5009328593915026,3.696770033818814,2.3626292030359495,1.7853488478246722,4.377486916193453,3.6717557281482587,5.216077603511628,5.232511582762608,3.6154938642487346,2.4249638612125373,2.697234398577655,1.5472171209042769,1.272819863339589,2.0632777962340922,2.531512170547559,4.350607260042458,2.5472613976132923,0.8190960772969935,1.140369697637548,1.1339406991540024,1.7791451587071334,2.469819092442975,4.872771079273133,1.6128874498391115,2.4089453285603892,1.4255653833726591,1.655711706981582,0.47281763963088796,0.23401721573696638,0.06907600199778309,-0.2936551560868358,1.8898927272063755,2.5531012585800243
5.191987000929895,5.415185526596996,3.949367926492471,2.5704709000995534,2.280294697914543,3.480587977373805,2.919293610754103,4.178784191043904,5.5802037386907095,4.078506334985458,5.414333217537222,2.987578430471584,1.2640467358003955,2.0461317859057258,1.4322778968627694,2.752714788689957,3.6942455383892985,1.6520571159090989,1.7501243176613825,1.1432170083929096,1.9581844247269142,0.9079949062820956,2.688430315244749,3.854885074761963,1.087884040340909,1.4678975411786335,2.649597504026056,1.808822041290925,0.8419289481263106,1.5810457976892474,1.0589595675824315,0.8319140826467798,0.5342755024712725,0.8358767217603346
3.748531798986206,2.938717572424408,4.023471867887008,0.7515200710745894,1.7735138567339512,3.3600377261354453,4.491035774398427,3.110722399206713,4.402938289008614,2.7311397993649646,2.5185782187579733,2.0790954654258673,1.6402058879301857,-0.4596871753862431,1.412035498921514,1.2477370901926912,1.6152515169242638,0.6394616292172345,2.025384007166406,1.9830428157321527,-0.4029182530407299,2.1515954991112536,1.8783308104283767,2.188256644488302,1.1502229978700376,1.8058775597972185,1.1907296248274508,0.15282302320581176,1.6080445520863196,1.2742197357069196,0.09685450297012001,0.16719555627058832,0.3310943549964724,1.1114947503183346
2.2980815778303016,2.0561387650824474,2.480093242919372,1.3701212676524732,2.410065932279409,3.1562842711411676,2.2918664861172733,1.928992265484527,2.466831315223245,1.7534632267364818,1.5073623309267494,2.5177787854239746,1.7518584679196136,1.2003819179557822,1.3735848110527635,1.5432340993111437,1.2242527025969197,0.9880490671150196,1.157958458273913,1.230800677841814,1.1674103744576416,1.4166091037521162,0.7679508558297149,1.0276092572359148,1.6644362918936528,0.302170394261404,-0.6146084662698378,1.1931068075552977,0.8616243776113789,1.0917905789155051,0.36949542274288794,1.84967449935417,0.5262877928755697,1.4364742254347151
2.404194742973881,3.689662944653167,2.7501821579907593,3.2017583887876393,2.974986208704136,1.6768685036117745,2.2343392612268618,1.8174706019621674,2.0030309364966463,2.2516714241183284,1.5218900902707575,0.8994013154408005,1.846530110542455,2.3779324220523392,0.4781945776210714,1.3041417878596344,1.7667896463728767,0.915324653538082,0.9914804213443574,1.3437914517155436,0.6081542642187906,0.9769847879631341,1.6275644742014175,0.5890421611662516,0.43865890399492996,0.8068325724931472,0.06706967019411594,-0.7220312687894356,1.5534161186829176,1.0110090459205976,0.8503971465613896,0.8610046914920864,0.9262809731156361,0.11500400908437992
1.3374452732840474,3.8555416181845645,4.65938731413877,4.0369146896835195,1.7083917461288722,2.9728539006446617,2.241610846421937,1.1058437772672969,1.7918188048906303,0.8593487054312716,1.1888374629512068,1.513846976896875,1.0182347627640183,1.0190672305186088,1.5704439085384774,0.36743442866879883,1.5025844796416497,1.2998323346876615,1.400930037895267,0.955259396182866,0.8848764044723619,1.4292258187752402,1.959714561104018,0.9848992015088701,1.5968899243362755,-1.0165808364720643,0.5066579874025111,-0.11491151582495235,0.4595427943453614,0.7205637074280887,0.28560704916665297,0.9500165367440132,0.47225597013974735,1.0224848430298883
