script/wind10m.json
{"header": {"parameterCategory": 2, "parameterNumber": 2, "lo1": 6.000027932988019, "la1": 58.9999434238085, "dx": 0.5, "dy": 0.25, "nx": 22, "ny": 24, "refTime": "2024-10-09T13:00:00.000Z"}, "data":
[rows 0 to 23 of 24, columns 0 to 21 of 22]
0.15763156420826469,-1.1987919841696435,1.6933799304648312,-0.8612219458986434,-0.4238789831808466,-0.6103544612532935,-0.29078176363669755,-0.06143358659417752,1.520533625417149,2.039551644404809,0.6975824333889793,0.7738848567860689,1.2578759313574386,0.9388387042387355,4.116408748381616,4.180869340549915,1.0338629211363428,1.7230477596270124,1.1984485153753472,-0.0024540926969635426,1.084477314515719,-0.008670216718318365
-0.22864453770087476,0.07926724472135152,0.1942350352407407,-0.579495292460717,-0.38558393593829393,-0.3551183853504549,-0.07161657455344228,2.488627237576109,1.7911822863122289,1.2727715465879805,0.848339202131596,0.5413051445643763,0.49537639698970215,1.118575821859403,1.904064763873476,1.5142342998193574,0.7917400733414439,1.7261384662915953,1.6276351975419237,1.2411927213531146,1.1466586469893219,0.8293469839436624
0.05162804679552352,-0.5282875402060617,0.13643553368674302,-0.4003401514714813,-0.7299923721470252,0.04692888157793666,2.7130605114893327,1.3403096597293076,1.1483121934761575,1.8358092710624792,1.4384330001660295,0.43080580355511494,0.06468974075256491,0.9561228727344655,1.3589928522059656,0.9887512205429387,0.4008302585834279,1.3714251355182832,1.2310694744231498,1.1474935162365012,1.3396621210652344,0.6685606449676857
1.464873762107929,0.13411947651590642,-0.8105834353304272,-0.19119943965561337,-0.5214264272193367,0.7576796770532848,1.8478630305490893,0.28340505218478984,0.7911982738169789,1.2005055558208135,1.081238574200814,0.2481723558179747,0.23241028460421598,0.35365284164451005,1.6757970062691065,1.4199000396440677,1.1742877446432574,2.519833459606366,0.24147984168967357,0.6879110351595239,1.2415383798089399,1.0616520712918625
-0.0942482810670291,-1.0880291073321124,-2.181284716187403,-1.3533570548127805,0.20688890029734272,-0.10288596574729322,0.08521532863457185,-1.2433753659534317,-0.2930449347958148,-1.7488587590844578,-0.2633442531166296,-0.4187260883380497,0.13728852087248636,0.16129038364050916,0.7736439339370207,0.916079546940539,0.9274375687044395,0.6008653223123569,1.2018078501686842,0.0279373617037007,1.5889955831673501,1.574173158522392
-1.081715209662307,-0.6485285742150041,1.2774629355799183,-2.554246215596364,-0.5464894614051404,-0.4409261193308677,0.5199933899209693,-1.1292278772449365,-0.7197590266402972,-1.7297271314216567,-1.7961682024852312,-2.2824092429627156,-0.08024075179958416,0.2775803355852164,0.5150194295435957,1.1496504736953612,0.7589589872657727,1.1554879522534969,0.6737629946312148,0.9196599940145245,1.024235809745089,1.852284141334971
-2.750599643399403,-3.679973991882608,0.5924865999224093,-2.312830512447782,-2.613406246151362,-2.2109869637986312,-1.121686295642092,-0.16992345122907895,-0.4488108820427555,-1.4169961912960822,-3.013998647418114,-3.0070615003782333,-0.8375345782901733,0.037533282011673615,0.6607957424995068,0.7390344709822553,-0.13198438995104922,0.5242303653210495,0.9467612644630954,0.3292617031668565,0.9656536492203219,1.7416774591036444
-2.5269381195901617,1.8018205636319766,0.24755483785381457,-1.1273503479477058,-1.6866559668094774,-2.2167907887493596,-2.428551977905953,-0.8883539052093392,-0.14539133924477493,-1.3278826599056308,-0.7479518362956276,-2.4361979438353227,-4.319487423125203,0.17517900115172713,0.7148147273399136,0.782222433949773,-0.31761719587964904,0.04328198883347169,0.8407706081656408,1.1271863135134237,0.8254852736475776,2.2876924014059083
-0.9235213653975759,0.23324625792244227,-0.7084098532829841,-2.831521064208289,-2.931224911708327,-0.6705365247175709,-1.3827490779379135,-1.2506323300101438,-0.5263123591913409,-1.9908658084491688,-1.016965454657383,-0.7128758730285749,-2.868876559976642,-0.5788398152809857,0.5794248981550306,0.6388311348511996,-0.04279252506135279,0.38232732873135444,0.7819617339244767,1.4660682555597933,1.0215654473847091,2.188906176325129
-1.7778339547052715,0.35880802874660894,-0.7848804475396846,-4.063445047026115,-4.875571483254561,-2.0509013671136596,-1.5487812492158637,0.27199974729620874,0.10592853044745398,-0.9595379752414451,-0.6776935056091513,-0.0233291896836786,-1.753926246629618,-2.0757608379515706,0.45036386932350037,0.4964112149924359,-0.06272770621874744,1.1156621655330174,0.26963052287775496,0.6998503066317772,1.3034363271107514,0.8586612998003231
-1.7597397221589763,-2.7285089475058544,-2.1897801595457067,-4.1651909499396025,-3.5576123316185067,-1.0809539460124158,0.2756965905692881,0.2662099360696057,1.0553928866019449,0.3803071233768437,0.19806245036286718,-1.6575483143246579,-2.6995401340003897,-1.7688476393187738,-0.3887198321570306,-0.10590048899296924,0.03184128754899325,0.17664689609718884,0.05703381916285376,0.6648749599356695,0.4548612193027137,2.8305243458836964
-2.5942371793079655,-4.3067113737796445,-1.601751093300393,-0.13534847956882654,-2.582404331872181,-0.26777915231238614,0.23770750643524519,-0.10810243473517427,0.21516696080892828,0.8433826848379717,0.2932586967657409,-0.9698826084962804,-2.2928721676662462,-1.5979214203593133,-0.638045553980875,0.0053531749799752846,-0.20095828154202183,0.09070228434802231,0.597868347286317,0.4536465262318275,0.6867346495622939,2.302860260012735
1.088128582649345,1.695811274803264,2.751071588194016,-0.20672798085048463,-2.4962751442816087,-0.9245647572290872,-0.49750880237075057,0.7493734360906592,-0.23613320417625455,-0.47580786425101346,0.2719745202036487,2.2032660758303875,0.08725431347272888,-1.8881026315469738,0.5411935399294562,-0.22748452346940454,0.18698061272971309,0.29032410552251636,2.872630872548716,1.2599540571449037,1.0092208863388428,2.6922010891661867
-0.10214053893257924,0.6989630292984587,0.9467567514409403,1.0489310124497409,-2.994072921382526,-1.257309692391427,0.6830456528751767,0.41056632329328535,0.7312147944868219,-0.8395378970513718,-0.2657375592537966,0.7900620598139132,0.44009873864919447,0.02298957741377342,0.7155391220678744,0.44746484447402896,0.7053941839348354,1.6317954889609074,3.940542782864047,1.7988709506706564,1.1084292091456214,2.7513501087029733
-1.3331643184079218,-0.47660491556270923,0.3693531040605639,-0.865234877872379,-0.32207069552509865,-0.8213948825782217,-0.19517561095463282,1.1679182902767835,0.8102379801738989,1.057629264115142,-1.602585955262244,-0.49337186752158463,1.0950223428767372,0.8561095392378212,0.5942068159738345,1.4145879264737224,1.52805331487174,2.7317436141023475,1.6536112349775152,3.020953104465406,2.541854340584824,2.592455225463323
-0.10343247582089544,0.824885308657651,0.5568952081643318,-0.2675290652752588,0.28190196374150794,-1.3224484455457903,-0.29514881038086405,0.24454140557677664,-0.6940312245902233,0.6925439313423132,-0.3495718781748157,-1.1582500453893088,0.250508627951296,1.2713673176694351,2.2456459332161143,2.154991487938194,1.8574817980268632,1.572442182093902,1.834284494294904,2.20160576264322,1.5994122229740513,4.081718486684047
0.5944309248170665,0.4606931673805491,0.8068590467209182,-0.21384041806308174,-2.0842650578261126,-2.2080641717863596,-0.914278433437939,-0.13635898283380568,-1.2326650726712438,0.3786527909010333,0.8194022820646457,-0.16855285613999374,0.20859507281525883,-0.31133921948581356,0.8936455897931814,-0.29255840905075875,-0.5346285931802957,0.8948381061217104,0.6700510826941732,-0.1758664821491907,-0.21697182371562398,1.8919666156578234
-0.03269823708375351,0.15640016267512027,1.1848590076559984,0.19924606109286117,-2.840616828957017,-1.6551872318908851,-0.3307817784729263,-0.15316054642560903,-0.46245245185665623,-0.4221889776284125,0.3078236526234054,0.9732058324908153,0.8578923876737151,-2.106742160515989,-1.0846677741013404,-1.0661463564519134,-1.4558232251651024,-0.00839849691831432,-0.8444479663627994,-1.5626553424157994,-1.1419224354936464,0.9159955110415495
0.21111804277087956,-0.08327440612864138,-0.179892257766053,-0.33736980860682103,-1.97020133037699,-2.621594861254873,-0.5134751963182201,-0.6737840535101164,0.6383089168843421,-0.0432837786751242,-0.24594325432233038,1.0660822875234155,0.42192130826428337,-0.8888706659491884,-0.6663357304214224,-0.6958328524683399,-2.698567736455089,-1.1842199617449316,-1.2318227298252564,-1.8241054919624926,-2.1824571710856713,-0.47303494059795015
-1.0188416053220761,-0.3770546448456007,-1.0054417002340859,-1.3395341590449876,-3.0192418554023406,-2.9125467217165957,-0.70075095485896,-0.2915915245506927,0.061546703106674254,0.3832604578497776,0.31459913516263616,0.3100646907586304,1.0089734652414242,0.5477202044631854,0.273032576443614,-1.0720577899221082,-1.658806289560962,-1.7115703851107364,-1.6038758809891083,-0.9166815482414572,-0.9905633966647,-0.5035299429912334
-0.9891583953415776,-0.8872994584830435,-1.2115001828750043,-1.019252031133005,-4.008671589526497,-1.9888756352652963,-1.4578615753083157,-0.8401668098533899,-0.07519882021493846,-0.2869223578263594,-0.13571625737921753,-0.17114513582655694,0.2435749424660429,0.7195943891104934,0.7518754076062024,-0.6613950794284089,-0.1440291678889643,-1.0805747467712097,-0.3044598486917889,-0.17945877565088333,-0.7885301858003152,-0.1305771879190064
0.2629290922770802,-1.1704396994184594,-0.16693024084548458,-0.24707562162781865,-0.1074639591307562,-1.1044091819322739,-1.1659888081537046,-1.208838529888362,-0.4654028277516141,-0.6845833952009398,-0.12644744638540611,0.3634486907172653,0.5480913620745264,0.2803590069830529,0.5380016870536461,0.19804628999027138,0.082637965892405,-0.4211377721535637,-0.2121289886818055,-0.050456986204949185,-0.6240088815975575,-0.3251398546963188
-0.35410657983822363,-0.8938272156105866,-1.0736551368130114,0.11147053831534748,0.6733929747595864,-0.4935804857970914,-0.5221283360244958,-0.4272266531081157,-1.318033008194593,-0.8216688044336661,-0.31804277638200873,-0.37106531619868305,0.30313495748933966,0.13533189625805891,-0.08949995524436129,0.5376754627403822,0.5108573623757989,0.24293267490370135,-0.11150909229270074,-0.12935785005215755,-0.24928608205736807,-0.3028766148397675
-0.27780365256804374,-0.19854042799180846,-0.36461077294409877,0.002093504050883492,0.33696481583012644,-0.4608079547403957,-0.27451488810790353,-0.5117504728683367,-0.20626152410713441,-0.438938442007929,-0.335949093901092,-0.11533937395404537,0.4846266217644957,0.1361107703703519,0.2436816429804405,0.9113276942616517,0.7291047707340089,0.4398972918668174,-0.038774599558124824,-0.0018564171279984998,-0.30168646393539567,-0.2507117313527441
