script/wind350m.json
{"header": {"parameterCategory": 2, "parameterNumber": 2, "lo1": 3.000054539987559, "la1": 64.9999836372058, "dx": 0.5, "dy": 0.25, "nx": 34, "ny": 52, "refTime": "2026-05-11T01:00:00.000Z"}, "data":
[rows 0 to 24 of 52, columns 0 to 33 of 34]
8.681556313167336,8.72300711094628,8.353746883157783,7.868685444478306,6.936657509395339,6.037072681658733,5.312144740933227,5.146614043688071,6.723189933379785,8.065164362197255,8.351769538502616,8.30042066038057,7.870874768060631,8.02087390481456,6.541227499776328,7.415146960849557,7.69844824642803,7.099593080792738,6.60866870306451,6.364740479710897,6.291495067173209,6.310084802100589,9.559723242478524,7.788417422846539,5.583976299244842,5.609110310760926,3.664139808905666,2.5301046647215313,1.320929768514435,1.7416052325408475,1.4769555200297237,0.531195667342454,3.489058695818906,0.8652110326250114
9.048278366611406,8.501940360055723,7.771027303091358,7.311437440759255,7.914832331968209,5.512257484505215,2.606931785244476,6.298769752764692,6.496760156931675,7.185984924088271,7.580896973478198,7.617508725741302,7.150057179320817,6.944228554429362,6.753523370689367,6.73393389261137,7.034999771473114,7.13422510450929,7.337400943016281,7.573244176355713,5.709386673555432,7.547126000632683,7.49728068280415,10.336474702420553,10.22433413382488,7.516894340326514,3.2760384531422333,2.565550576864288,0.8600187903638399,0.9853644963387419,1.3360482432207959,3.0251242182813063,1.016241047025742,2.09883098501932
7.085156595620248,6.474779526313836,6.727287020518471,7.585523490761642,8.8129380440545,7.410150656119589,8.778540708486304,6.909363911150706,6.066311870421973,6.50100853731206,6.948818026981816,7.1873957587922135,7.120343361107046,6.481126140251204,9.085350181627021,7.378774375474639,8.81459332656121,6.168028759433682,4.576002416782157,5.690738835732963,7.232126193165806,6.399996175110468,7.414921286761231,9.059803802651162,10.15280020264019,7.782181267837202,5.408179611656802,2.951808488756328,1.6674791945328966,0.5851779297482237,3.244689262599177,3.5366291673604047,1.5861465084235884,1.881402478137935
6.668007774176884,5.429155569364963,5.055999251282204,6.96549653942189,7.26129449401628,7.7890041873883265,7.263004094160997,5.745303698485364,5.894161887508721,6.0132374064175,6.756308048834678,7.512960871938549,7.388364098007489,8.705960152531528,7.802965712188822,8.284586863183508,8.205468157551735,7.746379427680975,6.837018754717882,4.356839600684811,5.906821637813722,6.722684249740132,7.514353915561277,9.871013354501354,9.83364161602281,9.379164677907223,4.715425442505516,2.443480150240681,2.2444422655678387,1.7783505454348023,1.2768053947956775,2.49647072436418,1.0319586186529115,-0.6388622914293897
8.12739397932421,6.5711293960811314,6.097595060516529,6.454160846565919,6.416338020945862,6.3290165044272415,5.734394252082622,5.401299625993697,5.137285339547676,5.18307248314661,4.11282202341384,6.710113794210054,7.690150101378371,7.299967253463743,6.030367649646174,6.894604338050848,9.492501515791423,2.58205132466115,5.155956542081566,8.47316757679686,7.043303253796757,10.289952199872014,7.536843973593456,8.953987171114216,7.991669286442234,7.598091148120616,4.045196917095776,3.1109840180029713,2.0587729313958882,2.009630113530091,1.4905975775998752,1.405525100548848,-0.4455256391441424,-2.858565028098038
7.707620576613964,8.518715335479076,5.669872413486379,6.231798752964512,5.934532424942176,5.515657637754833,4.549823941574693,4.985924050616559,4.902372496454472,4.549554548090679,5.827275317258979,6.812830105529126,6.972522204455042,6.6990629418491725,7.208545023181332,7.594803082823327,6.681076036398772,4.797067134607603,6.439837834744672,6.140963682851992,5.1433168747752935,9.088275015248069,8.80791703066954,7.553756521573139,6.705036556487957,4.770852654715894,3.5359462809098825,3.893656684116844,3.4147957354945406,2.892074486228623,2.3129090224712354,1.8658832480256797,0.29257057980483164,-0.8734580600825534
5.679147071749711,5.746435733711099,5.709486025467229,5.645839422284252,5.505458696484757,4.698613515395969,4.572842306576139,2.7609249944419334,3.965294675503224,5.669178304927191,6.2284220252203175,6.960747516236025,6.848065005414684,7.172259249250697,7.11573680605862,5.236801307663137,4.685135157740254,4.798883321214893,6.0674849055620195,6.555648440408654,6.628227265599216,8.834264502269436,8.61535592223931,5.886323173235665,4.79893125128977,2.844902151757667,2.571803194654602,3.3556137431081265,3.384942328916507,2.845911399597834,2.334096018250379,1.2638139338245802,2.638915969598905,1.205032581494898
5.176676721110806,5.7399557083274235,5.834025604400107,5.5854686909913,5.414292880500656,3.831269474418145,1.7258903496064357,3.454121485454123,5.027320343918003,5.9428974178897676,6.991337115830607,5.011753075505007,5.569622540182164,7.305460293787502,5.331623967286056,4.450197011407733,4.4071635073334985,4.378746027756508,5.468399646279078,4.900687506266522,8.533257269169182,7.584803968363093,7.861012602950109,6.636525266472907,4.126317712502009,1.7612608543915806,2.2054498449595386,3.570601095786135,2.8469033620988577,2.3889234167421627,1.504871538248741,1.2646329703775472,4.006536700439213,2.704364387694081
5.506277377294596,6.055124905668582,5.065212718818546,5.375522356645316,5.714385812562346,2.4910366045692487,5.038254345607266,5.884635226190372,5.179143441228164,5.534454914994849,4.662578710191382,2.221316454311361,4.325570721100226,5.526235777463878,4.537819049074299,3.519587247286158,2.5443972305392535,4.404509444529814,2.2311221106130734,3.6713242280885785,4.101323872686311,4.9984081514309295,5.357910567463998,5.1956952380249835,3.1958805165274042,1.8185779599181744,2.6397564883684503,4.066603969356851,2.2830680154058416,4.422451845579164,2.0752561826759472,1.3861254571601243,2.824856207283785,6.184693061405591
5.45960521177904,4.779638319901269,4.087632776368844,4.226008919485864,1.4720349841471994,3.210343947696693,3.8732143608495835,3.950603256539469,3.4568503979263827,2.085225160893285,2.3572412099921953,0.4444349727677549,3.161516088052365,1.257800676801482,1.988758830324482,0.9755209490362203,2.1320981461752915,2.3829517675751317,1.7258540020086564,2.1737787738002936,2.9246826177429464,3.2039757514438816,1.4486405851867015,2.427895671541991,2.167043272097972,2.4063276994047555,2.5151585232974107,0.7277258986633174,1.1755845237170355,1.0068463934681382,3.3569736475156566,1.2732410752762353,1.7382099189027842,3.845622479081062
4.536689699177139,3.8284486527528836,2.9335538699527617,1.055660055795395,1.6458303979796554,2.2744414627614282,3.077942739179568,1.4986843431902235,1.8363778066015535,1.5906643324175171,2.323450480619123,0.9100465019910579,1.2397186081485496,0.27149226871128007,0.6914062329641895,0.8574155300218833,1.0514687616205582,2.1350405508756873,-1.5622549981839031,1.2462788494165562,0.2882073500930949,-0.748800042073308,-2.2333271000818327,1.0093592616834322,0.28107924098304726,1.36033176425875,2.902407282100886,0.9690908898569212,2.953285464605895,1.4039264617190657,1.1223720211798192,3.0383041661092203,3.601538267231037,0.3945456303078429
2.881688895923572,2.600620906833322,1.4755721854896862,0.7120191309058591,3.0168230400019764,1.7361799662924573,1.1214249927858913,0.5989545786791501,0.5106345790528976,-1.2587606765995354,0.17009854722517342,-1.4410193849661843,-1.9879990913594112,-1.7392163081195304,-1.1749509887786669,-1.261306127680288,-1.7546118845975778,-4.948235619041205,-3.8440624184829484,-2.2492681603279334,-3.880695680545573,-4.317545966623446,-0.7838811986418125,-1.184142543634388,0.8974974469223108,2.176744982922499,1.8113606090814691,1.2057189107066384,2.775194669186088,1.7383471430980124,1.6526209922378439,3.1328001150872122,3.538657792463356,2.1167181804431587
1.3785909454406704,0.2835109709115079,0.44750152774509655,1.8177179852045593,0.970809133166491,1.2549911522345572,0.7704494099269515,-0.4656538205267906,-0.08379383441613195,-2.0650602228139263,-4.082821701117503,-3.338746763013292,-2.8107271936822396,-4.550841223462676,-3.1659801214989876,-1.3566456585484483,-4.180854626930557,-3.4989070197208694,-5.815479200800698,-6.166020368231595,-4.65364419886818,-3.5334296118662567,-3.6066641583295036,-1.3688732826187682,-0.7168746971974557,0.11119850282285525,1.0600327057558432,0.7014889880538848,1.727568401539269,2.2787480813949283,2.0749265099398615,4.709673959401586,6.320947544016432,6.727199309893492
-0.5636832715350992,-2.354900330454209,1.5298896600303005,0.5764478105981989,-1.235013938033464,-1.5405376176102041,-2.813345714091368,-0.15594549440019181,-0.015572760817538266,-5.4931437739580815,-4.065776308430458,-4.096630744049706,-1.1415341536896826,1.7933642645312007,-4.5964686368790355,-1.843978516508417,-5.481991692150679,-8.058777464335765,-5.652098836201734,-4.832125176163392,-2.1465717216157247,-4.666914780686404,-3.594619158091338,-3.4863204194024044,-0.7624878165135833,-1.0041170242354953,3.3023526004547725,2.2902409446632817,2.900816963061547,2.5436099060571573,2.1496258714913576,5.425935492357322,6.613697502810867,6.5756106469438755
1.7087930570611503,0.3345586214957867,0.7551874507778696,-0.4159114825355334,-1.1319646961901837,-2.2391722847309716,-1.4629113947680001,-0.9301974237877685,-1.6975213263789206,-2.2155633482220725,-4.492747813214971,-4.137008812272248,-2.4431753374829013,-4.052235744494476,-2.953767098323942,-6.293512327539958,-0.5702113481068546,-4.061628548880877,-5.209200285062034,-5.216673824651173,-2.4972095795427074,-2.283923771941663,-5.096966767640282,-3.8973648594195054,-0.6751242736349184,1.5720315881626576,2.8083684297023828,3.585473338267601,3.668343408252136,4.1205645448699615,2.080937849877546,5.45253631471316,7.717458646466033,7.681951082817237
0.7493121685874988,0.5721347204674441,-0.23437834754727357,-0.910104008720139,-1.2354606843073397,-2.0230623184057506,-1.6754783885040059,0.5010530803814534,-0.7970887598702606,-0.9030798714281156,-3.934899304833211,-4.103868234741084,-1.9702482285507539,-4.1472695753291795,-1.1727043021948484,-5.902163170211297,-1.3923532338907783,-1.4946599508612417,-7.068738236800366,-8.047540182531401,-6.1782037077159,-4.786303011668275,-1.687409243077782,-3.8042594463893264,-2.05695426948725,-0.9784211407606398,1.1023885299651748,3.2570908724497176,6.154004706888905,2.264838586752155,2.3056079849667297,5.266216041174955,5.693971416454834,4.94528046977168
-0.4408846758523786,-0.6123069034739486,-0.5258927808355262,-1.5464629778669448,-0.5587546406249304,-1.6487373110992027,-0.2832294205831691,-0.00912540684362654,0.4768486576009873,-0.6444968827800499,-2.1507555212394234,-2.26405677350551,-1.382954137319906,-1.8220223831887348,-2.1052676631982923,1.3097665150062523,-3.920593827805427,-1.7729575199738916,-7.428561453840464,-5.339071844691581,-6.7732267474982,-4.446317123622817,-3.4870124640070204,-2.3631386322316708,-3.2514560968600117,-2.0634994934245188,0.5670809400214493,2.846102674287417,2.5974927299226316,1.561682871440016,3.050939451311807,4.5413660436748255,5.493953825661061,3.3252889951124693
-1.7109730589736896,-1.182690470174812,-1.325865904977174,-0.7861839246895286,-0.20721511539048446,-2.0344231414600014,-0.8346040984081948,0.4244627979489949,-0.006956236109515991,-1.2633048724074318,-2.080599624650067,-1.157750979651401,-2.286833894160126,-2.146456315264775,-2.8207655287205617,-2.5122442570760692,-0.5347153180813041,-3.1303004483584544,-4.8353117849030784,-4.859510864617979,-3.6398671465045283,-3.2895980632664648,-2.5904085568956807,-3.1833376838035283,-1.7570699605655788,-0.44762807922976,0.19543671988273467,0.028958050628027792,0.7145909567566147,4.55009396300769,5.002579698440352,5.15521039113165,4.337089564981725,5.300665030771557
-2.3843974968681305,-2.3991268807440473,-1.0738796501393593,-1.111604902071341,-0.5664063125536413,0.3134324823365725,-0.9534369290962454,-0.07276315865539937,0.09588146173350806,-0.9416042162064557,-0.8180820027025214,-2.0454556742283865,-1.372853846803453,-4.097524205255619,-0.12148527574157923,-1.5317166693610917,-0.7090979913357276,-2.543505294663296,-1.1059962605717524,-5.846000454297208,-3.872973041787503,-0.6794863592029242,0.17647222176452723,0.7651970208100498,0.37525119873854595,0.4184608211226508,1.003350440953869,4.053297646377958,5.653270077053508,5.1047822730348775,6.634001670541142,6.951589940147041,5.21062956846551,5.371875909868588
-2.9261807603832186,-2.232149839963934,-1.344940027964182,-0.2773710660191276,0.011954434434332178,-1.1479291413797195,0.3056573036855589,0.03701357643424791,0.3799437287507913,0.17722455072756482,-0.906419081730479,-1.9213581600211795,1.7347143171987687,-2.42841214422338,-4.410158808243937,-1.6358969140084958,-3.2065666125433214,-1.0769042875133723,-0.40901152928399725,0.5967631998874168,-0.46061721135600575,-2.075872690632565,0.5708052413634104,0.16870372128144415,0.6174596131413577,0.23547266065769748,1.5344705722189105,4.305075817472089,5.712309147759008,6.464255836478814,8.841967432439846,9.2188142120026,7.386887294173509,6.407150426506685
-2.6816752236264545,-2.3945931634992643,-1.3880040044991548,-0.9131109490837922,-0.3368576527430489,-0.2795500406721793,0.7711085410937374,-0.3957596808282396,-1.2452672332419388,-0.7938528381625128,-2.17041362361963,-3.7058875113318117,-3.8413522144585466,-3.388523293987531,-4.273239599788006,-2.5121658544249885,-2.6624971099480366,0.09005733456603596,0.5773977684872629,1.5776333126686397,2.281424904548036,1.2295882422406197,1.0945398738421328,3.1724849879450527,3.1421468328878395,3.3961857901791292,3.5215208836496363,4.330427283502294,4.848530397658722,7.843338846147446,8.862420526105298,7.680131544019246,8.122745758565332,7.835832073883307
-2.663848931877212,-2.294913980135639,-2.0163747103534915,-1.2177603149531477,-0.9457377161120869,-0.3822905250546682,0.5846238692744831,-0.3861382323316329,-1.9888931689624743,-0.6402636440704453,-2.525398267646609,-4.180287593483025,-1.7175692108398313,-2.1092480904247335,-2.7144499903297907,-2.882964405281492,0.33626660370085265,1.8210326703951225,1.765859005049869,2.164642363032195,1.4513524056586085,2.509827405895572,1.589859123953925,2.7980741448915807,2.8471409382597184,3.541489354082195,2.363744266637141,5.690661383876798,5.9411784544690915,6.702693176083761,7.512414000143368,8.341647740661319,7.380575408904879,6.550220001426646
-3.8649876093983395,-3.194787498691588,-2.805896525024939,-3.0859718518141306,-1.2396902928455578,-1.0705299398396304,-0.3502907782776248,-0.41931074722336514,-1.279505186845893,-0.7312147263145548,0.4818568722729171,-4.019742694771431,-2.911091343113767,-4.917911246791749,-3.3373844077481643,-2.26264322318804,0.050635802721061045,0.8294168050552673,1.264426840210271,2.154915702680084,2.028913192151627,2.3539262326948998,2.3723366204070913,2.1756826832988154,2.6891042744598015,1.3529602801867564,5.464747238741571,7.030919568725843,5.826411072227344,5.541333952351936,6.627837224828292,7.573808149983454,6.4895765022405545,5.94704764702323
-4.954782691935367,-4.441343745906764,-4.311413426956771,-3.044256659800269,-1.612252497285931,1.086854946731016,0.38771467754572364,0.6259902360921427,0.021841934574639503,1.8511943945670923,-0.4849695829551334,2.227447367175214,-2.6544046156399355,-4.464496484034718,-4.853192282159129,-0.6309197325650305,-1.2413994662780634,-0.3115118381943562,0.8269477668322729,2.719275333799591,3.2288036713850246,1.1492866866461218,2.5978711369561047,4.283639744857284,5.86592141287398,6.28557920290896,6.722344577330629,5.536050415340473,4.426581097582914,3.366220150516596,5.584996691087227,6.361115347461004,5.865114737557093,6.183978754295692
-5.168369307677591,-4.876120698774448,-4.362428926800239,-1.6683798790385862,-0.12646551227311797,0.07066026195110528,0.12994791342204776,0.5546346723090088,1.085403049710954,1.1074769219582716,-0.33336606769877575,-0.3783472392802583,-2.101789930874365,-3.707140389499504,-3.8028030609720824,-0.8638267389055991,-2.6515706591608414,-0.5777638570371276,3.1093652673535286,5.169242123260227,4.4837672174140915,4.104664532375818,3.826149190146844,6.189719301499865,7.633754630066043,7.311272535860031,5.86923997337655,4.877391724206799,4.39999197805326,6.215959108071472,2.159612557949564,5.059849586103185,6.5475574095177675,6.522003263871414
