script/wind.json
{"header": {"parameterCategory": 2, "parameterNumber": 3, "lo1": 6.000198445256149, "la1": 58.999992894266676, "dx": 0.5, "dy": 0.25, "nx": 22, "ny": 24, "refTime": "2024-01-05T08:00:00.000Z"}, "data":
[rows 0 to 23 of 24, columns 0 to 21 of 22]
-0.3396512503872382,8.593839741178058,-0.1476917560913849,-1.1090207147512752,-2.1781649326702266,-2.2512604390793713,-2.6347640479458385,-2.8369788383245877,-5.125531051470286,-6.994662292962215,-4.561611498448682,-1.5839648524144654,-1.9057058459233815,-2.0281252697442205,-4.297131751940844,-6.93398626050796,-2.361806361567424,-1.269752060467248,-1.6848690246630673,-2.227845278921495,-2.3787717383109737,-2.6225134902902276
1.7593593632045017,-2.7189322457344467,-3.9344676932706197,-1.8375087643495496,-2.433894554126004,0.6187111177392423,-3.1359476195695386,-8.648357482337788,-8.881963553719908,-5.638245608290705,-4.608016996595827,-1.8634387873021085,-1.054368309883879,-2.77894296068686,-5.391236463744044,-4.018530998748969,-1.7378970259964044,-2.9160396014251266,-1.8941226350158507,-2.1750468070288456,-2.92367614445934,-2.1406743574010565
0.22091269666528243,-0.15534022988290913,-1.3330407191862914,-2.8255738862347948,-2.7735106161796397,-2.793287429001997,-8.985906639449803,-8.548856122190225,-6.081537610792816,-4.531506603209539,-3.8686457489907453,-1.868963728286164,-1.6146558060321203,-2.158420097501053,-3.0111240277572313,-1.7533139541186646,-0.5595443566132348,-2.0133117754034626,-2.162101197318346,-2.103170433883944,-2.5954016069252943,-2.759935076429249
-0.2308687340951444,-2.480295245944323,-0.9918054261610748,-2.8316248670555417,-4.33400414858437,-8.507445947727511,-8.285167612614885,-5.675831282040805,-4.666446485443101,-3.520697455802138,-2.5901128298416514,-2.1641815158213595,-1.5332791230180276,-1.7291080685012081,-1.54210196779642,-0.7504960319759777,-1.6869811892038467,-5.8602424356914185,-1.5401598099211264,-1.1697717156278238,-1.4476837730936647,-2.887615812871568
-0.6879675916995502,-3.866221014801309,-4.417791858956911,-6.062715529591417,-9.454367759953367,-5.103936233454995,-5.168697134536886,-4.46445138165848,-3.842012007734529,-2.8800487018837204,-3.3341025232444292,-4.013743484038394,-1.5813512193832322,-1.9001771506866416,-1.2973285293241634,-0.8189306622305665,-2.2149622835710554,-1.6446580612610873,-1.5651122785616784,-1.3977858902870413,-2.578142927700061,-2.9931689973515097
-0.781566233115161,-2.95578595926655,-5.069938182710914,-6.189489638991441,-3.35098910761493,-3.7033283999887554,-3.9806429572819435,-3.489084095335643,-3.430390063761579,-3.0089737991215433,-3.3014737048733798,-3.624160052368572,-1.5439565426453505,-1.7617551156735392,-2.595870078952187,-2.227975495115773,-2.2380921913127976,-2.195370622543401,-2.635873898408457,-2.597101601978981,-2.4028001643098973,-2.795767868979417
2.6666143691853024,0.9051766959522877,-0.5279932618104769,-1.1731956563627761,-1.7979691702878755,-2.2551652902542063,-1.7297469005835588,-0.6676408207125766,-1.9989214110100892,-3.22806944879763,-3.4312130761671304,-3.7366080888454754,-1.1929126211800962,-0.9376818241797419,-1.5484996367648154,-1.1564719563315817,-2.2210288039827675,-2.7077638950754737,-2.0324779169993166,-2.5634050834915207,-2.2603459713079204,-2.5821993052006325
2.5846169134049246,1.8233941782838268,0.9161392061908268,-0.0077898085697084415,-0.2978236380554339,-0.3354113962794027,-0.9834079057732203,-2.6224536220983654,-1.7415043084983892,-1.8207551349552498,-2.114689317393188,-3.2539588997216944,-3.8074657846419315,-1.3421249865913396,-1.154178635723138,0.7259065921575615,-0.9720838280076826,-1.358850669485676,-2.402661344129438,-1.4842932096985662,-2.293193232036117,-4.132186474723705
1.658592454484315,0.8536989939187388,0.4407252702623384,-0.34785189632537133,-1.517204171068373,-1.5311925675980973,-4.03526419010299,-3.7275388449033104,-2.1877176250165307,-2.4422173059730907,-2.220250181062118,-2.1215164463313796,-2.099164418146509,-1.6554924561434954,-0.8951806923982124,-1.5740582816425557,-2.3746651933186875,-1.46004137841446,-2.07037059435462,-2.1526417256608275,-2.3457341270361747,-3.412441115813867
1.2208894761977325,0.5646972085951649,-0.2710730185681224,-1.4809879595093365,-3.1034544167974993,-2.955094511330318,-3.4392466214495316,-3.344156398250586,-1.8614746421481494,-2.423146942363042,-1.9116120353825428,-1.1506589474451376,-1.3227894459001928,-2.713813716658839,-1.1900165625365786,-0.941246420220681,-0.8278130620017081,-0.8438068820007579,-1.7724112993820191,-2.0542403633678368,-2.454452135811448,-5.049590005219036
0.9995201581459008,0.5203904624913852,-0.10237178757159304,-1.1720626700882875,-2.9089730161189515,-2.9717641584757,-2.77216773094898,-2.339857927054041,-1.45984285888996,-0.7465699006019062,-2.3893701400556657,-1.7363026373513413,-2.2246975033546272,-1.6551275238179948,0.5428583489237238,-0.7663537798534956,-1.0188254855797103,-1.410595705256183,-2.046739552302286,-1.6354149024929632,-2.0944418278685166,-4.5146319307195935
1.6227383461146783,1.3782301430421064,0.7977125063885694,-0.572009169243627,-2.97871176508847,-1.9527851276816715,-2.253650449208418,-2.0238245600530296,-2.2628068210387573,-2.742365883491888,-2.6074785243646654,-2.084118348178932,-2.096954447153134,-1.3531202177849668,-0.9895343508310095,-0.7867777393316845,-1.343829424224027,-1.7477949293823933,-1.896322473518844,-1.9964732659858964,-2.5860562995597007,-6.174913779865742
1.161733577767406,1.0027003025579384,0.35784250648648214,-0.5826405465594874,-1.984255448199471,-1.8830451965586348,-1.3887222842027747,-1.482590384161903,-0.22184788242055026,-0.1315515309135156,-1.029385119048736,-1.7402043405031815,-1.6707955860830026,-1.6963952503580295,-0.8753690812743378,-1.1308237733759343,-1.6635265105632,-1.3410432976973492,-4.764183450286353,-4.969503677785726,-6.948173349441334,-8.49172628510391
1.0520358006117183,0.8134115744945757,0.7333531759802074,-0.03202867347663889,-0.9172919618617966,-1.0089977600926658,-1.0612093636439508,-0.9116043384620531,-0.945823503981295,-0.2750376355160182,-0.04663962988678893,-0.6822993715012028,-1.9512832715382789,-1.8352655174037358,-2.2451234823928843,-4.02198530794403,-1.589859001471808,-4.667095502737116,-4.632236289466371,-5.25761705412928,-6.745770753650383,-8.403726045860237
1.1482881984968891,1.2658106282252655,0.940659215134931,-0.6506107738597801,-1.3715496032374923,-0.8151303910607918,-0.24163941674344833,-0.4170100735438888,-0.7363904429248223,-1.2646226937632834,-2.390192943076834,-1.6009331731069572,-2.3941804563256843,-2.0789442836672927,-2.3937531970583343,-3.0662775441299224,-2.610914741579456,-5.364502368446874,-4.657100032116889,-5.36405577011062,-5.7081932851874315,-7.260506453233542
0.7029017577901905,0.8672521787783093,0.7189891233425872,0.2143723459869966,-1.0704745420739523,-2.012879842113169,-1.0833802073187107,-0.7723270967956316,-1.4190466566334679,-0.5064835681813414,-2.002838748581088,-2.2844233724176877,-1.794864621582221,-1.62932570320998,-2.2052902017691776,-2.8944438883887664,-5.029453666572342,-4.942315906777421,-4.546951186710554,-4.493094243491992,-5.300497344535349,-5.959086213949232
0.5819117368826274,0.7038217635406648,0.18758839407526082,-0.11649130473550716,-0.400602130992651,-1.0682847686279826,-0.6770659082520577,-1.1383844980114366,-0.7832836824402806,0.43846876912213734,0.792569991784059,-2.3093807010853076,-0.6466357124297406,-0.5908168559151734,-1.4375355019801141,-1.923194658255547,-2.4207892942130167,-3.1877354916358382,-1.910893871965601,-4.834580324365891,-4.864083141132785,-5.356137272728479
0.57318512472515,0.6346968833634816,0.5116210615386513,0.24310877720359073,0.08386320427028418,0.04402556604695952,-0.046914298128855,0.026167592482644643,0.1443255174247783,-0.7573597537199722,-1.8182460702307535,-1.6437272811350254,1.1735620183482853,1.0427747906520242,0.5476664363050919,-0.5761667029430932,-1.1288403903413737,-2.6562165059325715,-3.828295578297577,-4.554037588425017,-4.546714557004309,-4.862481382702054
-0.013330334755520309,0.4416925213265322,1.221404678134767,1.3008963687663933,1.0261207865254252,0.9948974200619305,0.8045467351606687,1.519311812340465,3.295969882419052,1.6503051675663696,1.1394870908137031,2.4078183535241355,2.5123686003285157,2.0114682243486497,0.7968672794013437,-0.6103354420626914,-1.1717414221906968,-2.192563917873643,-2.560562630804947,-3.793472734320812,-4.284461630296821,1.5903615644248772
0.9532654593305886,1.1671301130867167,1.2911394605729205,0.8898689895139391,1.0182604503037882,0.41144241345303195,0.008103579917195807,0.4332514025042982,0.8541511372342533,1.2290194113411308,2.058133809642509,1.9411650582043751,1.651756230510672,0.1640076400884643,0.12890983066480333,1.119124412345444,-0.4125374163943703,-1.6155402629223041,-2.4924212547871063,-2.684164489076759,-2.56252371202965,-0.16105151962657915
0.906144342955799,1.6259564017233321,1.6972461155204308,1.8864305725358588,1.115118544419325,0.884922850150421,0.27052595562947146,0.13057295647802158,0.40782726898506483,0.7558138874040304,1.5109279097608463,1.2122462699294005,0.7232839997513151,0.4040101132138307,0.1336399149678326,0.4571165027034411,1.5740285472683966,1.9717943583501052,0.28936851143957454,-0.10196601073485723,0.006640069836594522,-0.4361440984786687
3.1993589562640627,2.2065209229663245,1.535576791418152,1.344199350497249,1.6266564565786565,0.9011721270505021,0.3614750770305716,0.07527851038385272,0.2406744358045151,0.5542177761720345,0.9368488812385153,0.9468203433805309,0.7600965989945262,0.6887985949830248,0.7261706064527821,0.4542800208716048,0.9596762365163243,0.5360031917321495,-0.4010417854752329,-0.10924031280806869,0.03907217199979684,-0.7581717386684635
2.985957041662323,3.014674457013133,1.8456828681190574,1.3478376759543373,1.7811254380096426,0.5026108828926326,0.2379391073107742,0.4119259572867465,0.9519594814541028,0.10527764299161203,0.4101957290524277,0.7593090569561681,1.0606447902055853,0.733438116762126,0.7977688869199991,0.8513697143928849,0.6166153036247307,-0.09809001553103817,-0.11787873456580517,-0.0519047710686072,-0.43621380745640587,-0.395187414509381
1.3820348852425752,1.1775285297469025,1.5748017649449055,1.5412384874095233,1.2848077195850993,1.4209708282086837,1.420429778438375,1.049977096396703,1.1347070934917896,0.7346342115059868,0.995372140614765,1.0210585319294458,1.013923992554948,0.880468194358093,1.1042646783384034,0.6766038452002502,0.8252171109744675,0.6824373759712595,-0.6083117834810616,-0.28680424397233417,-0.032823277123212216,-0.05386170754668537
