script/wind250m.json
{"header": {"parameterCategory": 2, "parameterNumber": 2, "lo1": 3.000054539987559, "la1": 64.9999836372058, "dx": 0.5, "dy": 0.25, "nx": 34, "ny": 52, "refTime": "2026-01-20T14:00:00.000Z"}, "data":
[rows 0 to 23 of 52, columns 0 to 33 of 34]
-6.032168813334553,-6.247191108240853,-6.707518507758698,-6.860061024028715,-7.635897841693833,-7.379054946092356,-7.088448182194399,-7.446212004462372,-7.894658048496955,-8.662193561064498,-8.119761700839808,-7.984064683517592,-8.113315232277388,-8.48469754334604,-8.535637203967834,-6.323199418530065,-4.493870940540889,-5.556692002335827,-11.884614506256582,-3.26817749039593,-6.492239078500615,-2.9096175014196453,-7.992694697437319,-6.237417635261465,-4.939503489403043,-3.3383608771618674,-0.7595860252028488,-1.4324154878136153,-0.879603625560509,-0.8340711937749069,-1.5969425356807632,-1.8586284282122745,-2.931358345970367,-3.2046842765879027
-6.072988759654044,-6.222282466629149,-6.530153914602503,-6.996656372630109,-7.388469934332439,-6.9495677263488815,-6.937123978351368,-6.596473639068278,-6.614953579808583,-7.247653559398693,-7.040479836268353,-6.827563633030711,-7.094113538165228,-8.326902826647972,-8.628666819350382,-8.342411985413504,-8.742619485831852,-7.832808023984439,-10.83334536453666,-10.59411283654485,-11.832195260296007,-8.342900300160894,-2.676251890641551,-6.593600807948887,-4.240371205365518,-3.2919408411684525,-2.834435748293218,-2.258467621815612,-1.1681649136943248,-1.8842216012566946,-2.566401440795515,-2.485982997611778,-2.6744951522749147,-4.777911115633725
-5.741034533635346,-5.789886424642783,-5.815726644159737,-6.450005655045015,-6.6997725866041415,-6.861284004110911,-7.156139923711008,-6.802148747862794,-5.8507504252807045,-5.947160477498703,-4.659157150125909,-5.541966695173574,-6.138318054876451,-6.1133774727042836,-5.903933552515082,-7.444024442516882,-10.887120227652304,-12.104310504077908,-10.901612481982523,-8.751834092619601,-11.227130070469538,-6.317815970851625,-7.993331763882842,-5.383006838462984,-3.808307536087655,-2.598308555368678,-3.251446282660286,-3.6480868898094703,-1.5468375141343595,-2.226422820658709,-3.4839166690472045,-3.359376408269938,-4.5969003068905065,-5.983261558339395
-5.14319107133648,-5.1328738590865175,-5.204351957340576,-5.79897342996183,-6.207714195593809,-6.773981490082082,-7.145019819574184,-7.642159451044961,-7.985677563469433,-7.341661819991498,-7.594370261215911,-7.2973353813739825,-6.099127878370928,-0.5544420105036183,-7.0462915197320894,-8.779711172692851,-6.791754268702095,-5.515813328166714,-8.145725218711606,-8.082052785042473,-4.25581247351272,-8.415514533716314,-6.988623243167547,-4.800956416890616,-3.822332116619738,-4.476329234614156,-3.8103053435188396,-4.386362210599201,-3.2145816852389704,-3.851713837342813,-4.952082907272128,-4.21681126375618,-4.444398238843687,-6.079748776264559
-4.004464947140335,-3.920450908145088,-4.442118481496612,-5.560395526840795,-6.386023859216294,-7.375973510408985,-8.113121584321096,-8.351462291194311,-8.071454852226081,-7.979989255894508,-8.401082050829823,-8.087340134068347,-6.766717073343104,-7.256946962012723,-9.721036524992055,-5.761704331289673,-8.079443453956024,-7.5462087796452915,-6.164433491664138,-7.6983098267480825,0.369317088072984,-6.978522012861664,-5.325342107882199,-5.57098581084869,-3.950320634886154,-5.070507275869731,-4.39678714833707,-4.176117706009905,-3.8580866862795484,-3.453412956585822,-6.008511891235475,-5.416982045657279,-4.254292886104198,-4.405208129938892
-3.357697162810869,-2.3232183012387124,-2.888818560752817,-3.992023166152854,-4.580284541593475,-5.922061616033753,-6.555293371625039,-6.75880207491248,-6.602460507495983,-5.512848594273564,-5.198299889135965,-6.6411745443000205,-7.955037483948026,-7.636757416386983,-8.651370578089477,-7.283665068679515,-5.139467031996332,-7.609920269704456,-10.579162013921415,-9.511538528513187,-7.175025577162361,-7.722128667308557,-6.286241065262626,-5.426806790980012,-5.6884100663963535,-5.69761695654029,-5.53020977521991,-6.8564437599566395,-3.0390316586243737,-4.835415341203576,-5.239634635492533,-4.07574833503495,-4.030278422893313,-4.5342393111406585
-2.386473799157476,-0.796728517778278,-0.41553423691798325,-1.1785723808797821,-1.986388354365395,-3.2866238861315495,-3.594771178544396,-3.9293314634500978,-2.5125768550400465,-0.3912533295857872,0.6161039215625499,-5.445550329661773,-4.115013490145725,-7.23902853099234,-7.999733127135091,-5.262599313886964,-5.554740898252108,-5.376053504811497,-8.558535288151123,-8.06152147174315,-9.263375935187508,-6.537422137335082,-5.799124236042233,-5.294061783538207,-5.135067167992012,-4.430516157749351,-6.569227716314173,-6.62887750947323,-4.879561372518933,-5.596104075461838,-4.048068024375012,-4.206911263365955,-4.343497983964298,-4.727234218523839
-1.6501445582965717,-0.48031089924401477,0.9880736928947671,1.407486139576279,0.3383414019151022,-0.21411190130862254,-1.167709809879171,0.6056007672743561,1.753707058747042,1.7092452051817302,1.5056840269467175,0.9622100050128704,-3.8447178750238766,-4.469131706369911,-4.3485923707746865,-1.7391351831294346,-4.1631368838973986,-1.1536483505969644,-3.639329880101164,-5.58144654027232,-7.988824771241964,-5.871317387836836,-6.140502150833296,-4.456641630214129,-4.2528404511067714,-5.4238167093989365,-5.97664287404848,-7.248775283914794,-6.898753335753482,-5.284791797689942,-5.446436894226911,-3.8362586417130573,-5.575780717498342,-7.414301021300813
-1.1876125799582573,-0.47594814080362735,0.06503260280720097,1.7534547181672804,3.07501966468979,3.1613790816535587,2.2621748916125717,0.9152029501013034,2.155781266691624,2.9915832261827493,1.0107025123336137,-3.6361930280596657,-2.7738943116648422,-4.082624196685168,-2.860529152015985,-3.89904979607689,-5.387700520998479,-0.46472528586381384,-5.728705845459728,-2.5428585389592855,-2.4467635227175863,-2.8789698472446927,-3.434960905140589,-4.53177106341819,-5.540109566441224,-5.625331565039793,-7.052760568075643,-4.641874797607625,-4.905744668153985,-5.458462590520221,-5.80146554813266,-6.2455979662310215,-6.262646874553792,-5.773905951384451
-1.6748402489741678,-0.5651016986478206,0.5902715820336478,1.5403275564058383,2.2066850553542605,3.54599800812079,4.784169310407061,4.589288461906776,4.031808455921406,2.6344655983779597,3.724926218119867,-0.19756779733090546,-4.128789836370989,-1.6192223441607227,-2.285216728518056,-2.4661874666627943,-0.6148479220427321,-3.118803060408713,-4.806158830262362,-4.760749890614325,-3.7295347117498014,-5.055512315563168,-4.393850820438596,-4.076658273583042,-4.398237042645229,-6.466292038761225,-5.468935281019359,-7.507009516396596,-6.690635730545948,-5.789043860551001,-5.5573376506918795,-5.70042710693214,-5.866160505080431,-5.784242157453539
-1.5870352130025798,-0.9106401685508341,0.1474365400846359,1.135784834380021,1.2241087059082332,2.4426995004067957,2.6808552130640995,1.813925421046289,-2.2673149298152233,0.9376549356892427,-4.881700221782604,-2.4316122077686706,-1.6721039175208925,-1.2077301086561782,-2.0324321586699496,-2.8895439062754753,-1.1459282224876957,-4.237488806432267,-2.055625037623407,-3.333150311265477,-3.688444618459324,-3.664501847070458,-5.008592086474132,-3.49174813448416,-6.034562205045317,-5.906448969360684,-4.707409755491545,-7.572665109737567,-5.5327532034748295,-6.570520179119414,-7.540591396142511,-6.638054479809285,-6.2539336363825635,-5.478758411502522
-2.4313038251040395,-1.0473856046094687,0.0713390669576099,0.669907674351706,1.5658233369461418,0.8148173927170068,-0.2727289051800609,0.4240748360979625,1.7364623746820778,-0.6610507836263648,-3.7023148667756343,-4.677888347563035,-2.3300357438064,-1.4665549477699376,-1.14106674935667,-0.4190390461347846,-1.5084954383851779,-3.365899847709758,0.49071545824453744,-4.945905674333694,-5.05651167615983,-5.218528847186284,-3.7136545882244616,-4.011972449108251,-3.580405079896056,-4.4571656834767825,-5.70299361246461,-6.7088773251018115,-4.834918315860107,-5.447149191464187,-7.767795672899589,-8.338433092544655,-8.651980965805635,-7.13443013467839
-2.4050526373821515,-1.1810157620905366,-0.35067049018056784,-0.45370584642698825,0.6239987593688624,0.7605506589691902,-0.07909215898474496,-0.07547303680104392,-1.3453163646325768,-6.819521344784079,-7.045471670367065,-5.590783169781626,-3.0854750815654466,-1.9523084443459802,-0.39037153895810023,-1.6035604240494647,-1.4367479775969045,-2.8481551390137696,-4.206522889018176,-4.605032867119604,-3.873857954626024,-4.148057632599041,-5.083383215502988,-4.870412881643169,-3.634866244301709,-4.293209476926767,-4.151654224838132,-5.579328405523603,-4.478048811786462,-4.5277166330246175,-3.6399658556868197,-6.647352935841512,-5.528521221928108,-5.88196608915284
-3.145438521848957,-1.3229724552229862,-0.6675404086287438,-1.0553499724832418,0.8202163131126331,-4.035597798565402,-1.8812850962452115,0.14601310287345315,-4.545644905763981,-3.91862768466783,-3.6246373297554517,-5.014447801270162,-2.150817204232103,-1.8485853107189936,-2.9678055706991584,-1.1800995799662735,-1.4035509147443967,-2.983278405315354,-0.37306965202652836,-5.258352968829871,-4.201682657108914,-6.701417317929801,-4.155293355513711,-4.900969897906155,-3.956528970399236,-4.208069718045037,-4.5640748174981365,-5.269565536502215,-3.9401207621504852,-4.269861475287903,-4.212217192421097,-4.276956776039817,-4.737485906739998,-4.5286842328037915
-4.126262800271546,-2.8927917977558386,-1.985542379188142,-1.7081518481268825,0.2733494699385409,-0.01979045647161459,1.1843765019222237,-4.578716366878133,-1.503786159104003,-2.2563845788064056,-5.16975875279714,-5.049629915694688,-2.6159003046718827,-2.748992554612963,-3.3777104296287805,-5.26296669565906,-0.7530369380430632,-3.8426493641985315,-2.049197506742766,-2.039819297113353,-1.7382046127117539,-3.6630732665409584,-5.502761217970216,-4.457178177549287,-3.936906254731925,-4.573271271968749,-4.6246008511256615,-4.994868808437177,-2.875142240842019,-3.645424310815595,-2.982135538059927,-2.8664917049750427,-3.433669360695316,-3.994155383600225
-5.467596949003833,-3.610555255975,-2.735257518925095,-1.7645169875551492,-0.5142231156222605,-0.680311811757027,-4.567498194765726,0.6183690306930634,-0.3759600415289671,-5.248779670091213,-7.254923288143348,-5.765703761553735,-1.0848120856925558,-3.6905272953682067,-0.4248764410251312,-4.324347533152092,-5.0344272970389685,-4.0355361273983466,-6.938073750588427,-5.765153387737,-4.448115383923181,-2.659407934283564,-2.276990784902309,-3.681613994026157,-3.5935545019111204,-4.102765369940519,-5.332089026065651,-2.0498278321974586,-2.347830469977248,-1.811218460894413,-1.7820417180783445,-1.4973600107246143,-1.4563553757002086,-2.4004886185659755
-6.160049759273755,-4.891022322619654,-3.1100833562450507,-2.4318890734758694,-1.1619704344192392,-0.7002831828456406,-3.3441619197455794,-2.6423655846165857,-1.4091807079647694,-3.0151437079238748,-6.47244569827795,-4.829199015589959,-0.7907957692064336,0.39135413965786353,-1.5870408809586738,0.42353394375641695,-6.675660377507279,-3.0668644017544318,-6.148220992103302,-3.6931290539312536,-6.939717868972906,-4.2105919105391525,-3.268648003901471,-2.5920546925002634,-3.5190955191080526,-3.66717891678917,-4.063749826194604,-3.696995277759363,-2.6721515278974737,-2.194743216790393,-2.1486738425708256,-2.4779475585261213,-1.5687245514510015,-2.5142941366245237
-6.286508605820149,-5.269097433744605,-2.606281632336797,-2.4557414364711887,-1.7155312505823304,-3.9552544806209413,-4.394284257999592,-0.49385494100282684,-2.279299353309978,-4.4627696808767405,0.19572739891904484,-3.144641011361781,-2.9418507413060624,-2.6096821663812997,-3.0398123853612913,-1.9476666681499524,0.15089266356029662,-2.4171159196498406,-4.466099753015424,-5.482475510327115,-6.967966517589578,-3.2527447053451732,-3.457718454350991,-3.579275306360552,-2.008931272387175,-2.406092708790152,-3.1389899001041868,-2.929716044706591,-2.496635019687949,-1.7055022058204146,-1.5872702771943998,-1.8013258051221883,-2.2081172265841995,-2.4971824298184937
-6.199310642462275,-5.277475830257433,-3.9563450867809036,-2.888681425972337,-2.337755802182475,-1.1413104524336184,-2.3708598095864497,-3.7070059002365774,-6.365345452569237,-2.444827550554608,-2.809881201825129,-0.9474477678816834,-1.5415091309687075,-2.3873942511392197,2.204373447654786,-2.087279985190249,-0.9379340411162306,-2.1972018870351713,-1.1890652858413802,-5.010680879111619,-4.527548761024657,-6.583514734144478,-3.9982185031598783,-3.139906600127358,-2.9542591927102277,-2.035177677779354,-2.637171097632854,-2.569916004239672,-2.060867793648045,-2.0481932801514358,-2.0059955409029313,-1.8744713444327543,-1.6010360593363913,-1.826460470465643
-7.277557427100471,-5.864762163917882,-5.173166211917069,-3.1941666540131375,-2.4009112384539084,-2.0130467363633175,-1.605231926831498,-0.7961254159265693,-0.47902332236971007,-2.8665523104329846,-2.73960105966524,-0.89352312174383,3.0588542271825654,0.7895616061303843,-1.5760533933135923,-1.0888421624988889,-1.4335719816856585,-1.99837747067339,-2.4136323424768817,-4.050574915164604,-3.3399250661720306,-5.9600688810162445,-6.975759864769354,-3.4382158883897143,-3.4440332804068143,-2.6317948400276774,-1.6749761174162465,-1.962139114275539,-1.8437965061989983,-2.254159320051413,-2.314133067652367,-2.1872507411910638,-2.0823918879334875,-2.0572718177847364
-8.004625565111983,-6.8927896757466,-5.5655852236746,-2.803935320165214,-2.7686080237954798,-1.4216583538368899,-0.5130516701018291,0.08654766598734648,-1.0152031680593636,-1.5278128378413482,-0.7945652363586648,-0.3724097254674093,-0.1491105910724748,-0.8851985972858513,-1.2087928361707807,-1.2424297216423525,-2.640058545295857,-2.250746073533815,-3.083835271189457,-4.660969865454057,-3.686896731602096,-3.798259649944393,-6.350368060880204,-5.064811221808853,-4.818449762217415,-3.2884953079280996,-2.641931052371495,-2.047269469064232,-1.8742696956210974,-1.9637385279447375,-2.403896739798051,-2.4707252028352467,-2.294242440011334,0.2916074205884778
-8.684435429397098,-7.461423011571735,-6.509491569363442,-3.903297625913546,-1.7084757169313165,-1.9792653126896675,-1.357349786597525,-1.2998192325889906,-0.9580264289928815,-1.2305489072118985,-1.24422780688933,0.2992172422417189,0.20168747019253488,-1.1127967794861509,0.11482096578994713,-0.9659574405508637,-2.314172243201935,-2.4131925707837105,-2.3803827098455153,-2.806184148505815,-3.5409617551134898,-3.1497738477415718,-5.064762089377769,-4.42282952678944,-3.703196094813407,-4.0108160031921445,-2.9688885399531992,-3.1593445321753686,-3.0498631461344163,-2.682855450240354,-2.371315183694476,-2.4453807216247743,-1.4285418544358022,-1.219437546240348
-9.461402443272563,-8.282588443977426,-7.349764410561604,-5.62299675297306,-1.6791192977996998,-1.7982716760786983,-5.157176520204429,-2.587111083167237,-0.52077006014165,0.10299321572463462,-1.3296114415929212,-1.2172313795479575,-0.66687801197766,-3.129157479049315,-0.5537799916776381,-0.35034994787436996,-2.2463222205377344,-2.3713940353698266,-2.431906399305195,-2.9734666910158865,-2.6557789552194118,-2.8956497816576303,-3.815154984088999,-4.906420436527798,-4.02414035789064,-3.5778326076045106,-3.520190840788666,-3.2913694006428313,-3.458705206185168,-2.8578763302493675,-2.323819775754049,-1.7782731536727616,-2.691439402915735,-3.2773925029578153
-10.152965154834712,-9.416122428671553,-9.099549123296477,-6.443608188738152,-2.588165504526928,-0.6682077880814273,-2.0631303484203336,-0.9024894416147451,0.02845546360087264,-0.8098439375234913,-0.5678581057141822,-1.7370577810126888,-2.2492432340551276,0.023295162497639754,-2.136345689054329,-1.5216255062560486,-1.6948141703590647,-1.974207727075545,-1.1430617879265834,-1.6452364104930213,-1.1901650687632972,-1.8598152187886867,-2.7322922563676517,-4.240720589792968,-3.8035778732790186,-3.9175939984426664,-3.4198056365468035,-2.7060148217546462,-2.9661638124992176,-2.7849349381690525,-2.8223742136871266,-2.737187266418732,-3.6863218126894424,-1.027158870098173
