script/wind10m.json
{"header": {"parameterCategory": 2, "parameterNumber": 3, "lo1": 6.000027932988019, "la1": 58.9999434238085, "dx": 0.5, "dy": 0.25, "nx": 22, "ny": 24, "refTime": "2024-05-27T01:00:00.000Z"}, "data":
[rows 0 to 23 of 24, columns 0 to 21 of 22]
0.8528526286709547,8.563381128746347,2.2730499878235078,1.1483058960670913,1.571696264398911,0.5449500943311161,0.6150852186512016,0.3122514669859039,-0.30913862341117115,1.7804362389575776,0.46816458844442077,0.805906719617002,0.4950455535010904,0.2947210384712292,2.458640199125588,2.8903061554611713,1.5335613411266644,1.608954377345171,1.8164935956355204,1.284738541230282,0.7766550993591599,0.8315951267341593
3.4354358885403644,1.9405310189167109,1.267570366042308,0.6855200851542909,0.9759691882047987,0.9120519529976894,0.31730494245065455,-1.15551686903123,4.180277263235314,2.5187052682022983,2.11619443322296,0.6598023373041464,0.7428210894004645,2.730515092610989,4.421413122149672,4.1778791352928035,1.2043141111431088,1.8197319318977814,1.2803066201939806,0.34288636140852063,1.0869124087923705,0.2070520282562845
1.180711976679987,1.017570957954707,0.2550977425578415,0.003899557336836139,-0.11154990996639685,-0.09908062643817737,-1.6067417216824949,0.9978142268559839,3.3930298705365054,2.622785450592888,3.0762480426817476,1.0606600000826647,0.3263027246259535,3.0835840908967835,1.3855685382507346,2.0258104635689227,1.1466139440571665,2.2534193460720293,-0.07606415160351616,0.784562545008035,-0.32335865582264406,0.6584907853696235
2.5788236469897132,-0.4879752591904717,0.49271913358908836,-0.17996505189949286,-0.33143394780851126,-1.23928792591055,-0.45022395895802475,1.789226558168098,2.4878214584164966,4.127492353088521,4.416185174637297,0.9146795172054466,0.20076352913689913,-0.02172647278015565,0.9553612734243205,2.016846608204272,0.7814298063390563,2.136225331410019,1.2514375140002143,1.255641860210932,0.5296423382782676,0.0853555848239699
2.0635387778047,0.05349978344070675,-0.372758839850488,-0.6106766358055304,-1.6810203488988755,1.0097225787752369,0.8604499834966661,2.2548862465545683,5.289915180288334,5.740374473066665,4.293820766031623,1.7663536424654676,1.565131408227455,1.6942711266101615,1.9643692350251782,1.5851481763483493,0.8522827130204613,0.7408469772830968,1.2680798787304923,0.6610731781117298,0.5966091118066957,0.11202446086995951
-0.7140913151743116,-0.3947335815407692,-0.12171339203465713,1.8358060934141531,3.1026197636240345,4.023977581327219,4.564434216546187,3.325814851147984,4.8650730735938525,6.020933212138877,4.832053551636942,3.8741158698154505,1.846515981042413,2.249473491568299,2.7189798987517726,1.8370837392547346,0.7523760253935708,1.3774428358863045,1.581015990304893,1.3951336070775984,0.7786148677046784,0.8667039026731188
3.6661002102983535,1.7480678085820207,2.3525279304213336,1.4117140310105538,2.322391625754635,3.8276294579631602,3.867212963277755,3.9497245486886516,3.2773027487371813,5.394391342394049,5.552573530681117,5.994582262337638,0.8224486787862783,1.2269940092181475,0.6385849744823262,1.2652690985356843,1.4429579123796934,1.044263593620328,1.3257331873732345,-0.12506258467608802,0.10740988518691869,1.246655436186381
2.025245515276661,1.9325570318417975,1.9878412181139795,1.8088678953854112,1.6730072074321851,1.2236425025200979,3.1097871551175547,2.759688727266801,2.9796986233365628,3.7457386457332653,2.5063917256813046,6.562772850590892,3.377957241056708,1.335201505166952,1.2335580287574044,-0.10713625372209787,-0.0906379132790589,0.8847391724511349,0.7337180499689915,0.9152511767744667,-0.3251256467534436,-0.3910573976151102
1.1889957501165134,1.9140580104300848,3.510224169236504,4.353979778902609,4.2139284442137175,1.7731365113377335,4.900650530051641,1.636373537992511,3.0576211702722467,4.993208832635959,6.941626326494546,6.130783144365767,5.611513717073924,0.6650961149232328,0.4049228247572119,0.7208424544550202,0.7146164794301352,0.4725279959167537,0.16709340274750592,0.25804108027307837,-0.5884300598014468,-0.9125576522634647
4.095600204247901,4.972282515990266,5.360911529768782,5.466842798655262,5.026819446037292,3.7222342445784053,3.1226848295786356,2.6302565618058225,2.3314384451237884,5.47676505606694,7.886135590599168,6.055229959532789,5.273069366003968,2.8937547652761455,0.3049697647709034,-0.08695137934658541,-0.6760674912164255,-0.7327604146102484,-0.06715498779626379,-0.8464511844715235,-1.0861754754955264,-0.28353943980651886
1.3404994265520458,2.0174240126681005,4.549873507899836,4.674427616142457,3.8544166689162167,1.6600645374915013,2.0512725493694197,1.885220848834363,1.1590657599301213,3.3300302945288873,6.444548037903013,7.276278018960819,7.190678549586832,2.13353733966898,0.7608188779734669,0.07211920817543276,0.6897944436873211,-0.381184822335434,-0.6915965205423121,-0.9494405095403242,-0.8597461457535693,-0.939796635769305
2.9274069765483026,1.656699342891506,3.3502814604142483,5.57833238439872,2.602145588434943,1.5042187281872708,1.643559793777727,1.7830915930623314,0.9978465364452295,3.302262624725579,6.003624344003159,6.740449967295737,5.59313383401558,1.745205777321086,0.7627823142034024,0.009390488289721517,0.502415140316197,1.0526821614119715,-0.5378268744208866,-0.7758641433476093,-1.4192988016513088,1.4574819395145526
4.885402837057701,2.759792920081563,3.4075017325415016,3.211388803816761,4.204510893935027,0.49713581439300053,1.3640242067647745,1.5786241751822272,1.9904990591760083,3.516180399529104,4.27587675195422,5.2408870961376115,2.9106007266030884,1.99196853544024,2.0902239629227397,0.46664982690318096,-0.05442546019622185,0.8265231734545927,-0.11634237862916985,-1.7973237579478425,0.1465712792798671,2.622384860905624
5.868671059224538,2.730133940108962,1.2331383143806853,3.0593030229908247,0.852340674347161,0.19993623258967558,0.8383751586398016,1.4468431882261448,3.40639784970757,3.0331819179105195,2.6637808510186103,0.7717191872984852,1.8084385997721097,1.5036381827892145,0.9773417935813458,1.33681769917236,-0.7141522252061753,-2.1137507359647474,-2.049912503951528,1.120559540635159,1.3892741617613416,3.326669830758661
4.7502733783405855,4.373050651393638,3.5265681189023046,3.494182375366747,2.854062240264149,0.9415962365131232,0.26024205534527883,1.4013359611925968,2.4537726086282055,3.4852022807826692,3.1819214497213117,1.4447608559519995,-0.147565632981776,2.254975265164929,3.395737852737123,0.5569681796421334,1.3063774743466683,-4.087080468797387,3.1408642948069523,0.8933516995610845,0.33348072025936254,3.394087854287509
4.471825608842597,4.188715693893124,4.773067994986017,7.3572812856472485,5.958775563315368,4.481363384441359,1.8163396514245538,2.592623998246453,1.7297536575660326,1.8672940834107399,2.2106599431102416,2.4062186260553156,3.33504434567936,7.141221915745227,7.211082251005441,6.117479220686734,5.636878967183858,5.670760824299055,5.6943723632423175,3.6528204674979188,2.6596341078222534,2.538014767837804
4.331478229394223,3.909962828452221,4.925154573826009,6.807394825702332,4.24349345060373,0.9937159211084148,0.5282651783650469,2.294869489977735,4.075632624603256,0.36748229396131477,-0.32446939463515256,4.137852215108383,3.7024736032303194,6.520730807662784,6.018385122423848,8.735282184876931,7.303607732503327,6.145086648131254,2.0626673810727456,8.071602220563408,5.32035422964734,4.146228545265349
5.5515413570377214,4.27785524598736,5.710040420391171,5.9191116119104334,4.6240983090627195,1.9347643809973096,1.4101198077251986,1.1434076557576476,0.28912815478066967,2.4632280434362257,2.3543945003028837,4.625740297059803,4.426101912241255,7.169005161444874,7.28301227566363,8.493234400214114,6.283911980928809,7.102749137886879,8.557562299336912,8.345797683532552,3.2249840850747646,2.101902781665991
6.502326008807461,6.296357983959182,6.214690598433958,4.802965919861257,5.561711817149425,6.042393091385138,2.828968509299528,0.9419227275597202,0.22224648629183258,1.361620634111022,5.09298394130465,6.210658444930368,6.013184148034555,7.20890649927935,6.565496584355669,4.04435933306599,7.688339911894318,5.331284789352431,7.441540073362377,7.848697123611916,5.117684247500366,2.496589472992674
6.793498379426958,6.735920887195564,6.450792315202993,3.9413031108302836,5.515595579385729,7.236216925652387,3.0916812772297755,1.9654647751644916,2.76714805190773,2.7074183571875095,3.132724160708299,5.379529237636825,6.40998255011398,5.107606869032792,4.082249127979536,10.172468697470851,4.245540026321279,3.49606380416066,6.296257394114568,4.456282261710747,3.470944954424367,3.2320240882775195
5.603871150099579,6.414134655172936,5.055157425943998,5.128997664831232,5.906155496216013,6.4097443968770165,2.966979630737505,2.620295037585052,0.5116424080008651,0.6597581827145439,2.517035827357789,3.051186703863023,2.7716509978432455,3.988893286516219,2.4193421143107363,2.4590047419686822,1.891184032673013,5.622344683791611,2.7273184429432082,2.7569839320875507,2.70150692761739,2.2350088917140423
5.816336562997065,6.917931620807119,6.01596509334833,3.9707802904442793,5.9286958564916805,3.5663344524595084,2.1406495645617083,2.2091787519248536,1.3996180771940847,1.1400335914958568,1.9546483182363577,2.23366254380847,3.1621558864258583,2.974427383678514,2.614066055664286,0.4620149168717648,2.2809730313799585,4.693647064919013,2.55904866895795,2.6568918482385286,3.5400781054812906,1.2905338640061268
6.596465768570594,5.867910445482623,6.0465019533322035,2.7722106523577557,2.4169691047379724,2.0937945537331357,1.8553044459919754,0.6501329478260273,1.3808551531576878,1.0133652372404993,0.6309853838993031,2.3257103177207785,2.912810192088394,1.3716285809663478,-0.1734579799546322,0.04791493106332875,2.0466747397893017,2.962540945119742,3.419489037142253,2.5754183602520393,2.4644720539734024,0.7151644096185935
3.144957386151498,2.980160255371717,3.0473852036228273,2.4489110202448807,2.3222964462267646,2.1265571329670316,2.535769419605036,2.031298186913339,1.1911962255389288,0.6419443157968839,1.8539091529084848,2.3274038717426753,1.003652050642755,0.42927802184623554,0.1941786747833297,0.533822603714535,0.8352421657886993,1.5464108689928433,3.24643314524855,1.8197569452295987,1.4600229883454052,1.971304794936374
