script/wind10m.json
{"header": {"parameterCategory": 2, "parameterNumber": 3, "lo1": 6.000198445256149, "la1": 58.999992894266676, "dx": 0.5, "dy": 0.25, "nx": 22, "ny": 24, "refTime": "2024-02-07T06:00:00.000Z"}, "data":
[rows 0 to 23 of 24, columns 0 to 21 of 22]
-1.2254597057878107,-1.1156573195631938,-4.041457637062022,-3.5439806549093062,-0.6859964448426467,-0.8053538385020148,-0.5324179693122928,-1.6465465916626032,-3.2802790344017922,-7.644835479535837,-4.778019861840566,-1.6135605392830377,-1.6338634558595297,-2.104520863904789,-4.217089213168079,-4.916097805906655,-1.7402983799667204,-1.912036502298375,-2.2920885207772743,-2.41240819390588,-2.31036185461947,-2.9831113224069696
-2.2234862248344207,-4.592698081943121,-2.457061852568418,-2.1656713463010724,-0.4796105044851464,0.2977764344288521,-1.102824696111341,-4.291859778238136,-6.417690024731438,-7.076063186987573,-6.177626257937173,-1.8033939364709515,-1.8894685492413232,-3.1626115423446493,-4.718065018573917,-2.9428554616627385,-1.6479354622295754,-2.979201988901932,-2.4714703125574804,-3.012364422262644,-2.814581534439057,-2.646612714307155
-0.7000708817918573,-2.0089830330384495,-0.08176620363627879,-0.45866991586376826,-0.29556335063425776,-0.20275134774574752,-3.2544256188973386,-5.30448230961558,-6.969594390346047,-6.094512415627647,-5.686320538283695,-1.6612334847049692,-1.744082550950288,-4.10580605345667,-2.2796692148070474,-2.449998646726746,-1.810266862452315,-4.137837010079521,-3.3772961794618004,-3.3221860161933887,-3.185902110959354,-3.8239403039874666
-9.525149868070159,-1.6411652751126398,-1.9293934833097983,0.03475682942757116,-0.7739402270600445,-1.4083128655898722,-4.831404596866768,-6.219852246057962,-7.1337751110235965,-6.042020950430041,-5.235441121577134,-2.3684043834461024,-2.1318756436562567,-1.8789891629596391,-2.9345184500816366,-1.5563744302191518,-2.052056063587352,-4.617501003119941,-2.207908712416683,-2.66133764955281,-2.6792507487434087,-2.9595916381270637
-8.429521651869349,-7.7236269922881275,-3.7282768881515707,-0.7632596770659079,-2.321097035588795,-4.113144020046395,-5.7201269740558,-6.743612134586498,-7.623019310964461,-6.666400368755149,-5.706354083995757,-4.780490160543337,-2.215644471297194,-2.7280514835889025,-2.0784891550671225,-2.1565163551322244,-2.1888351703845372,-1.7663061548452483,-2.3071367865318884,-2.1912684941128,-2.849480318718269,-3.2487856281696454
-9.694827600887336,-9.846283000228242,-7.737175878847317,-2.6746620940697183,-2.840399614016552,-4.985313410249747,-6.084485379171197,-7.432789341548878,-7.6285401146491125,-7.021539434493212,-6.478848320485202,-6.6930987359976895,-2.789894613451398,-2.5836427334493974,-3.4084934009419228,-1.9313273033462979,-2.9807872929057897,-2.162966880866095,-2.556064428745961,-2.7664666403620886,-2.8383118763527166,-2.0107529436102993
-9.457416056978541,-9.63067212570862,-10.424222208461625,-2.708164493461094,-3.7638747786784372,-5.138948670066305,-7.014212052078903,-7.937039125438738,-4.62009796188814,-6.0158714905133746,-6.770744671674965,-7.235901749291713,-2.3673849683176136,-2.1151763277548863,-1.8545134109262678,-1.9394721088840656,-2.1312036252879403,-1.6658305055105114,-1.9413361167086438,-1.964313068093945,-1.7018476531539997,-2.3317247907941088
-10.771166082926518,-9.848937218089443,-10.268950916119508,-7.987079091558742,-3.3182999849912007,-5.130126689527616,-7.138425009539588,-8.053823008900194,-3.537119965420455,-3.1056645065189565,-4.557535141913798,-7.777606225367838,-7.1697432289968965,-2.332679604482541,-2.0433994896954646,-1.5563241839456763,-2.155055502377225,-1.8588052100276373,-2.4845385393267856,-2.349622122690602,-2.4476864421340596,-5.135091640185209
-11.660751666364764,-10.194923191256283,-9.319952584248014,-9.601001645585205,-4.057689795210202,-2.8668506949024053,-4.6832067903153565,-3.664450467130172,-2.8421988399435754,-6.203820609258886,-7.676129395137492,-8.735788704748536,-7.700733237235426,-2.6329046247243753,-1.8753550896590667,-1.5575420492059862,-2.0865822296004977,-1.555718472300979,-1.23801697909115,-1.7533300503073688,-2.416385417754906,-4.500464031230619
-10.624542011046689,-10.913681442567198,-9.284693375031711,-7.231356007614614,-5.969537389054835,-4.563984446363626,-4.259890875646872,-3.076341505212123,-2.7215318457880633,-6.910624904101016,-8.203446870069154,-8.865572582983743,-9.188919216117904,-6.896073308334883,-1.6518138702262497,-1.7977862463415102,-2.1260133598572173,-1.6428455444439152,-1.7584475445009948,-1.0717164088471745,-1.7361619671488653,-4.357877095864649
-10.695688731748962,-9.985091232655442,-9.742555600781213,-9.033996162166858,-8.128136320124897,-5.024877275246298,-3.907137987787947,-3.9794379700831164,-3.3799081813391765,-5.282902544500414,-8.78214596933446,-9.036323185772801,-9.348369300975591,-8.375661390565933,-3.2290689171778766,-1.5588662665049149,-1.6702356101277633,-1.841687877422788,-2.3777267209659017,-1.9651538557608628,-1.9290916957205495,-3.112345278077662
-10.104646053940714,-9.417536697786801,-9.628726203759191,-10.485162837861768,-9.820935071987792,-3.8461826767251015,-4.346844317919193,-4.120696644900428,-3.525016430877391,-4.559106580707291,-7.378310001472425,-9.152973840530473,-8.693978115756451,-7.503344674795427,-2.347428685051523,-2.039735167282739,-2.0416761873010985,-2.6615618901695695,-2.1748819603626797,-2.5449401205841626,-2.8588276422157097,-5.785956592992748
-8.186267869769308,-8.738253512272857,-9.87706173779278,-11.472193213729433,-9.869229259332535,-6.076268299768239,-3.9388029545320893,-3.5917502590849444,-4.116489504286514,-7.655164803552654,-8.093130370604113,-8.669699737773714,-5.476601335206406,-4.379931374140217,-3.7930466033568613,-1.858888425152986,-2.159941360385905,-4.695683819497739,-6.743801537375366,-6.668457907678645,-6.814306814977823,-8.295024023929317
-6.9348164873343805,-8.449482099111787,-10.407564236512712,-11.0207564950243,-9.869953043263118,-7.485460611018589,-4.156688102818528,-5.0949107686227375,-4.12037410695249,-7.541145896002389,-8.81414738201573,-5.233414997272909,-5.8481402833945895,-4.042283783294985,-4.7547911720992015,-3.6177251019503207,-1.5597301505577925,-5.528340346647417,-6.406671245261285,-6.6020752490284025,-6.637721740234122,-7.5554186909789935
-8.176848924905531,-8.024673561368393,-10.588478929089487,-11.187498767904485,-10.267383228206084,-7.250816063087872,-5.07160611246215,-4.838245835643227,-2.7952334713205604,-4.0979743957099215,-8.524537303484404,-4.358735252471148,-2.6626119405025728,-6.130781081162603,-4.424741955001934,-4.0218855343524345,-3.446356463189107,-2.7548206780696702,-4.13389255944024,-4.184393224946523,-1.09831977630869,-1.1942847131780603
-9.226887243639439,-9.106619644389284,-10.677346859927827,-11.112146163655988,-10.47342462764765,-10.625425983748032,-4.64313726422356,-4.183118357687285,-4.275254247656419,-3.586132011692986,-4.942713596327287,-4.796048538963583,-1.789769520198212,-1.6820617437108953,-4.496943644488995,-4.029516301202102,-3.7399423239887977,-3.6248589502219897,-3.0255248702408726,-3.863264303681068,-3.431439626726212,-1.7930082716928282
-8.612739926082531,-8.15939341988447,-9.160324705697295,-10.613001548377897,-10.020638772730601,-9.865346202554495,-5.580701716473116,-3.9233467754434503,-3.5659888347913835,-3.030338479295744,-1.981644395396431,-2.639800124337053,-2.4010704720722487,-1.8523237726213597,-2.3019395270814713,-0.438101210772668,-1.0714309290021666,-2.2848897889354527,-1.8348883125174305,-1.830534491117217,-1.0298324502601153,-1.2586354796058274
-11.41840155037324,-10.006078218277665,-8.574336894832939,-9.378750142720941,-10.236441835843538,-8.822282552918166,-4.873820133321644,-4.5945914983601375,-4.204274802567296,-3.201561504965532,-2.7075234725818143,-1.861243315798473,-2.050770335984039,-3.146089751177239,-2.983965137506914,-2.5055487957278464,-0.23451038061794685,-0.8882078508443525,-1.7114948192399426,-1.3945447215751325,-1.0465010102085528,-1.0318872830198589
-8.167612801347403,-9.794919587033252,-8.791630403076713,-9.01742855466618,-9.792190033591336,-9.320105478285683,-6.530482878271332,-4.276829490517435,-4.447786984434901,-4.222476081206819,-3.40457264487145,-3.702321826505582,-3.5214532090394415,-3.4764893835959123,-1.822057755838009,-1.4380448312531684,0.16962710197003827,0.0015354025608998532,-1.1255191611320716,-0.3103426222287903,1.7563153316940123,2.1921626751726278
-8.8166876721135,-8.996580144838275,-8.795321915969138,-8.675904398989928,-8.934208599767004,-8.842670545559049,-5.25139298730776,-4.415894355241296,-3.503574825348944,-3.0111890417629503,-3.0449143365764737,-3.9467568783007403,-4.665703899088119,-3.445723454617332,-1.785192108783087,-2.8540005414234892,-0.6281247851003553,0.20981046724942864,0.8535850612723116,2.568286157593139,1.489900033335854,-0.38564953695042153
-8.449842571918913,-8.66548828591122,-8.059140463149205,-8.431922506739411,-8.000568668075278,-7.732494706974624,-5.0750151680335716,-3.859680474719598,-3.1480559403577364,-3.039539169628359,-3.273982333877311,-2.3651638546203566,-3.6210189721619512,-2.325263257987269,-1.6889911587834523,-1.5903532429757787,-1.0004817567490558,0.8110675179003702,0.6705383031066201,0.6737192358193499,0.27263262923638154,-0.17758716955548676
-7.981836087426632,-7.982877461639749,-7.806844978976962,-6.954008422836007,-6.862545135339334,-6.543653643961003,-3.539965246962091,-3.9660180844006003,-2.7606506111999534,-2.6651338272479634,-2.4931835899301014,-2.229217778575102,-1.5210197284770464,-0.685098616204438,-0.909762507603784,0.24615514518218515,0.17707364827201227,1.6692652342193839,1.2256016880718184,0.24376593603582164,0.5672685266025054,-0.6253425560933045
-7.722179141418798,-7.2955830932826915,-6.758603525152518,-3.4361484318702282,-3.715467646692842,-3.9267455794552415,-2.8591580411983357,-3.039605481272174,-3.235515335114946,-2.456453074790539,-2.0618489428867073,-1.1391925946839083,-1.1629288202983563,-0.4634252950570927,-0.04217052709305799,0.25821206525443186,0.39613636733948504,0.7242825640825468,1.1752208524332803,1.1443799716125231,0.3167172063018725,0.2708103156886012
-2.248022930246536,-1.3192642998709503,-1.310995966076987,-2.3261111671101067,-2.4958184726398294,-2.431812983856934,-3.010198853664865,-2.848361761336175,-1.9429351962561934,-2.3637948267804725,-1.6189929754850747,-1.2223616326381874,-0.8561032110387914,-0.27838981877611574,0.22534407245231608,0.48114248234089235,0.1056498467947114,1.9718400495677721,2.3096188347870634,1.4839408505305975,0.9000542920374172,0.6224232016345242
