script/wind450m.json
{"header": {"parameterCategory": 2, "parameterNumber": 2, "lo1": 3.000054539987559, "la1": 64.9999836372058, "dx": 0.5, "dy": 0.25, "nx": 34, "ny": 52, "refTime": "2026-02-18T08:00:00.000Z"}, "data":
[rows 0 to 23 of 52, columns 0 to 33 of 34]
14.923248162124047,14.767159591147829,14.389282743627243,14.011229738477642,13.261202786684857,13.875034774943941,13.346300257583339,9.277947161181794,10.163238982236633,7.944500742644083,8.858992035440133,8.531734489190159,5.961077861564222,3.37527364744475,6.922321097736582,9.050270807981374,7.910758878915179,9.042944078496161,8.53335138517748,7.2702985517227345,6.843151435570169,6.175084338363425,7.0233054410574045,8.956286446495655,8.879294415160926,10.948957613005877,10.078266596480505,7.2152696862717045,7.022265874388954,4.5980641779537805,4.983292456890093,5.050927595903026,4.9998416292374985,4.349774477739977
14.516826524250842,14.16664692133545,13.69928882794062,13.343323896013134,13.327233532172055,12.688363627418486,12.786739400987052,12.245337197463657,9.822771865353365,7.522296436918846,8.073499109107289,3.2069611240899705,3.896403021648442,7.950011590053536,8.731430455743876,8.418220058623522,8.251910019441727,9.545055009982708,8.341866301864037,7.942206623989674,6.6616829819964245,7.806710765362132,7.819479465627842,8.454911326924268,8.949532219164565,9.439835755138548,9.072810831237458,5.612230820068491,7.325788022687942,5.656219008267662,4.188630661458004,4.555289215130074,4.771207594386744,6.641513570679341
13.42034490065687,13.26243688254428,13.076507502740652,12.884098625428262,13.167637664612048,13.458417668869108,13.306258955189714,9.545218677587348,10.930207616621832,9.786671324109154,11.08067839247842,9.765020130915936,8.47680296855528,8.157906765542204,8.057173356490626,9.976827913144328,8.917728300131373,7.779758254610548,6.143277147937252,6.651585242231785,9.396395789784526,8.543642105626125,8.622074143590078,7.580496709210318,8.030079615720751,8.778801922223256,8.576665042546132,7.533722338131451,6.848052312511871,5.740563392213258,4.239439821360863,3.2771931781919266,4.042982564781489,5.210472143154791
12.48454809090994,12.381427612576644,12.323608975703362,13.05503759441507,12.710995445025263,11.628925229453392,11.34032996160273,12.340899547562254,12.261815867041303,12.714712195641319,7.803018877974577,7.281499194738593,11.022436403998164,8.728284379617719,7.927549637402999,10.056509856044999,8.99844849720975,9.652459180094672,8.238673368525333,6.0253281929621005,8.037416239905497,8.80078607651427,8.283244791010416,7.5731419341235116,6.035181950730931,6.708016013428305,6.328375484248334,6.710427671613322,6.193339760521761,4.53157257539865,5.393698403824982,2.5946760975779712,3.604230865597408,5.265522935625797
11.360560701140136,10.491539228152494,12.428402407978174,13.33261693512817,12.394773419327386,12.555363765728647,10.791937678980215,13.279413865772547,11.475661737367698,9.52429207287909,9.645980362853603,10.786004887669897,9.923301590324218,8.751158682542831,9.758592887095826,10.332111833313244,10.5764049276351,6.739778716108457,7.452524373622557,8.640079139182504,7.6382440671386735,10.028502034802296,7.225971798960325,6.4255566269875874,4.811220603082929,4.853634973315082,4.607617139232851,4.198481515774381,4.085385925385511,4.149247002476054,2.604807229279805,3.1728703740561373,4.8593696726364195,5.469828430478763
10.537235934988113,11.847197389745402,11.436347960620996,10.506480718218912,11.189649966672734,12.057891766525488,11.19495274051491,11.317212566033996,9.441448667010453,11.731761803720474,9.704975237830663,10.139266613819832,12.350714961334555,9.58897414336156,8.213787097338358,10.010951421760504,7.288744177245295,9.007530763342631,8.067021528736314,7.49698980039941,7.584615360515909,8.358912242334476,7.10486791541321,6.27685248593281,4.873557124787479,4.339574859793181,1.2655440926355543,2.602445082968675,2.504179501970384,1.4841764227294347,1.161225283685173,2.4052469108221315,3.411656662452544,5.691632620560707
11.671426209490374,13.46420499824122,10.73101635407869,13.045169596538383,10.795954759609648,10.92296935459515,9.760629695400674,9.576238440982982,9.9831579465092,10.174721976818978,9.2752746583513,8.403207371531755,9.668847073251774,10.613803577681587,9.492453980950263,9.78956469270166,8.297904538197072,8.560413819078095,9.168097690873717,7.668456760524324,8.2706236011629,6.561749218644688,6.5178701911362875,5.875674691594358,3.9759032785370017,3.378350969212888,2.362375897279678,2.136099943618177,1.6841931414132185,-0.23950324738335585,-0.02551646071660358,1.8618179788108886,3.8751178552563914,4.969581392632193
10.521576793658284,10.728083981157317,8.392291276414335,9.20186735350688,10.023119709630288,11.19747101541619,8.298332494262661,8.366707185587412,8.094146614578671,7.231902156130186,8.598204317161143,8.493744173720271,8.997032690431764,11.435262776421457,10.736433739094004,9.416487406074022,4.196371231758072,7.9799464985611435,7.218373203917563,6.093600981328243,6.016985553281051,5.9483697929167585,6.2221378286509,3.420510274978195,3.945606846490136,3.328677266774366,1.6523705996953242,0.7513963263624741,0.5783952865903785,0.21933643524896962,1.5658172282416252,1.7428269366013887,4.2061769224785515,5.964173926311244
9.6915680043213,8.384424842732543,8.090228246530044,8.459855345752915,8.54130526679279,8.493171950277098,7.493863516266519,7.644610255179927,6.993679649338447,9.18853374981678,7.696665613669147,3.494178656887915,8.764479304641515,7.472444158701969,7.7058514993768865,4.727625066260172,4.6746693166571935,4.556084320314478,3.48825588892765,2.745480128722379,1.3137084277893047,1.2893204655109416,1.2177195146525368,3.2902334383418634,1.7844462207128589,1.5502478785999176,1.648759887194215,1.7207055762203323,0.4765375889112339,0.08923146897395022,0.5952437268070112,3.4944893665898107,5.093483046051199,6.476675765930957
7.578946949780019,7.6715411433088265,7.678706275709589,7.195110842854829,7.246012469269715,6.968638705598924,5.931706692225976,7.9968515825966415,7.726112853432071,4.9645858987188305,3.1034256276344734,4.332918198128896,6.110379994627357,6.275305755089045,2.473553552132684,3.4083162058072225,3.744087706555666,3.3203716644173435,4.218789152884292,2.2492568064892953,1.7314360236283988,0.6160580141069769,-0.051225015581402494,-0.03870359025828853,0.7067420075718183,0.38000110909234,0.7153883051348291,0.06492395532276095,0.7084210953782224,2.1014236464140796,2.4635210415015636,4.776423830355052,5.813808570155372,5.598175788366157
6.923588448245985,6.895945241438362,7.660212196213403,7.849322836410342,9.042450110904573,8.149393709768106,8.160933580644746,6.515255629272247,8.13247351598807,5.484003570209052,7.15363386769565,3.3862677167818753,6.274851690109454,6.761400132269297,3.5824439986146412,4.984844509531648,2.680438954700827,0.8451502776156061,1.2040651154387598,2.0231639885715977,0.4427540944960224,1.421058665001993,-0.5583881371341668,-0.8316006724311478,-0.8049417550836997,0.48818340559086537,2.0748606702805743,-0.32399738232991704,0.9955152924946823,1.291767654445462,4.423508640536215,5.628780377435075,5.352407259752554,4.9673046882172684
7.475469109311922,7.557404881631224,7.667839554122583,7.883611931942372,9.87735340348714,7.57892099280148,8.622632999708435,2.721213984921852,1.4230324876835114,4.606272278716133,7.7128793577786094,8.256897130221725,7.043763730993545,7.266677300422828,4.194946882506985,5.369552466500385,3.8869860363166917,2.1390162986484347,1.102938555670421,0.7524761241387229,0.43137638662031663,-0.40838639363799,0.5220705914781328,-0.9290150194183766,-0.14924545855715923,-0.5039022234148358,-0.8255577966885731,0.37282604395391167,3.7761170682049072,4.055345408116475,5.337413978194616,5.328611137125776,4.808334809043009,3.826916050871495
7.738666171846317,7.845466287860156,6.749326919124443,5.314475302043677,7.584018038552664,7.130702908369111,3.1619354237290493,1.5775371234754632,4.261112722353027,6.050422101043458,6.97830374153824,7.61933133391217,5.596959394230405,8.431178583912963,5.422499423081009,5.346541774863567,5.919194072107837,3.3602830089696,2.2592973089632515,1.2040894126683779,-0.006692708285269448,-0.7389886653691351,-0.8986129555211749,-1.1719276414229032,-1.430929387833028,-1.0970695987253052,1.0764758545217887,3.0344094928018817,3.977748211050074,5.162301437946752,5.157943136385038,4.483576540138897,3.628647800921771,2.5469813470048726
7.317111755437135,7.2983261959938295,7.133931175723824,7.623515974570466,6.548171174242288,8.525966588067408,5.50805369801489,1.1627107206847485,2.296265588942064,5.12875180564724,6.588293282964069,7.868919036430602,3.2542356983800693,4.354240052117171,5.505400867367469,2.8047725897779,-0.07221577818558336,3.2252959518903745,2.483896829735875,1.794326053396441,1.9423532768292961,-0.5839267497075049,-1.163315985149975,-2.088293052258439,-0.6488626829265306,0.5323881504095724,2.0654696470821197,5.643614264057362,4.1929434309372695,4.449809937083551,4.588787465793629,3.542249796019583,2.5489659101211593,1.6471040006131574
6.434592351591313,6.382892744093639,5.2379504937326775,5.007397923164003,7.007338895887753,5.7957980863303815,2.6829286465016695,2.5330709163946317,3.937547680213928,3.9390937273090394,3.109089081688743,5.714742285441964,1.409795620291443,1.0369359780447471,1.620761686213107,3.658614474381916,1.9893895603036036,2.403838274395416,2.522154316942754,1.3142080295076188,1.8122223506254709,1.2189230656069479,-0.8156899495980293,-1.5733912843341693,0.25412174950349875,3.064133722469794,5.481108868862732,5.139840825014116,4.253772735209178,4.2764745241207,3.9789311656841777,2.4006999900015833,1.5882329390831675,0.6300547058290458
5.007549469956151,5.985315029269196,2.9653521105975447,1.3053775220722943,2.4399049672806075,1.0762546484400313,5.124914018074695,0.925717186295953,0.29180617783926993,3.147708749262751,5.3118219291056485,6.891637966998436,2.7709134235666246,0.46621509309593095,0.4022452595711636,2.01497471098327,1.7670953696823284,1.3458860154402876,0.9164051470576067,1.3958140269537525,-0.6885942640828219,0.7992443367803371,3.141515361303307,3.1584652150491683,4.3340334596076096,5.669707527456487,6.689297108612936,4.358779557401433,3.5200938557967563,3.5457635756909354,1.9953647917106294,1.4483270931443593,0.2454002526115745,-1.0921495085989061
7.209755834237314,3.4089017182692176,2.1329754581651534,0.13723042301412658,0.18247303323129213,1.5078936913677512,4.8268884279793305,5.839821170738748,1.2958667561691843,5.877042622760719,6.951404459445431,9.828226135931882,6.244742798058517,6.191610635036482,1.7274627454011462,1.4571700999301376,1.2885613835530203,0.424969799945143,-0.12159390277964639,1.4542303264357659,0.5529125855928232,0.5971319108534598,3.5718665934861242,4.058663185625486,4.022720772171876,4.317116630924396,4.905928809774928,3.594978354374137,3.056764044555767,2.118527437452976,1.2461490646234405,0.1796962248357241,-0.3962836815063562,-1.7115891640489
3.9607142444186265,4.309256922808411,2.7714665335285247,2.248649872266482,2.6634955468802826,4.010266075384297,6.07875836560787,3.5641340417320584,9.004837309377358,7.145159873452336,4.596901724715073,4.225024580691461,7.287284946927437,5.771365658247381,4.305826516218507,0.42294703288910834,1.99804582571879,0.8356324182206516,0.06784605920700526,1.3146414746346815,2.41896768565314,3.5310872260098347,3.9450657361976167,3.5651019549311322,2.7856770397948534,2.564642498540363,2.514892827703748,2.834002423144178,1.8012091516039153,0.6720852190142761,-0.42467685430553037,-0.1183822717885801,-0.8355065672372787,-0.28964903559944577
5.754864757641213,4.499793983895389,3.1638333147148465,1.6593142742189073,2.9951901182999747,3.419559373422199,6.745824075752116,5.828114180218827,3.424141918771174,12.33576529226425,5.742089686384718,5.40078073979808,5.340176273439952,5.270213495360759,2.45863831614116,3.2413263517518462,1.9632758890718773,1.475611594664239,0.7256644352593302,1.9196547107193287,3.040859994457559,3.6965389995517492,2.479771040861656,2.1645720482766326,2.0997026623314063,1.3754780134282774,2.43980983556546,1.0308909927506278,0.5260599707062098,-0.5025319431824515,-0.5219087676266204,-1.9325375696697051,-1.0523364840999134,0.6866011305442146
5.167248619962332,5.545732781550279,5.00637479566793,3.6609841802186196,2.4123862282957624,2.0331098101373293,0.7261912776684076,11.59718108430686,13.74311462705531,10.947150203718541,8.245697729547478,5.815071954158918,5.817120915414336,3.0456484438468907,1.3143589993919473,3.24118047640759,1.7931511651106644,1.1215587386029369,1.2726186447596406,2.0444116503789522,2.008850114177679,1.830513048579215,2.0291591653773278,1.0455529059673756,1.3520500100784079,1.1556740724382868,0.07230076159484189,-0.1340499503384959,-0.9570300949812764,-1.095443497819287,-1.9320449465634395,-2.581916556643101,-1.8510652253549997,-1.049033988405701
5.331609957628109,5.21276580916945,4.270307444553932,3.3809629745380705,3.555811443019948,5.701872840883745,2.9177510994655513,3.715020472685424,10.719022992792546,9.931789289671574,9.573172506376407,7.564651757513902,5.730161266062865,3.8723870400465072,1.357571930078697,1.1895726465215626,1.6266790872697066,1.798350612906944,1.6599419058290175,1.4868873192831589,1.0802047319464063,0.6907133955698235,1.8361069937138248,1.4844882684476073,0.9697556569876464,0.06180050453491566,-0.5810889289145638,-1.1579173297374041,-1.588652708124967,-2.2834685891488156,-2.25886097160973,-3.2983724372309675,-3.404332279019964,-4.516787512390189
7.82551665274447,7.895529800038181,3.8847211878314174,4.573554783905017,6.035528525903783,8.250698032078489,5.869173168277296,4.856965424522149,9.502331492786896,6.340588954820913,9.282958763683279,7.927710468498112,0.80540203365286,3.5022643700758236,2.148643676140527,1.0556935064601556,1.7485832347927184,2.0766689057337757,1.6724895426796893,1.025532766400301,0.9320361439609303,0.7091968974142513,1.0504445247263137,0.508827259677268,0.07986591013717186,-0.9148585051479112,-1.7910075230872047,-2.0862754920169704,-2.672740158801297,-2.707940076716266,-3.432215007280476,-3.340165797188443,-4.157198514663504,-5.151605939445913
11.587317961885859,13.650689386885297,6.792480623387953,5.846745013341688,5.462271116084707,5.605604727232968,8.790879125804961,6.041995324802321,13.631713041225595,10.201240984398678,4.73164486461036,6.289539462467937,2.8494222093362365,3.585779116052757,1.5093494989216607,1.327836693539965,1.5734444260910476,2.319706329742831,1.5237397311123853,0.7033013352350677,0.5839651553095087,-0.24643145798443555,-0.06295213067980315,-0.18487798210924564,-1.0345710957764167,-1.8346215506791432,-2.8917980546368023,-2.7898784613750895,-3.240646698167211,-3.6061050184109655,-4.411419094348743,-4.977436248346377,-5.254527285698915,-5.092779815585589
11.861807064875347,13.169213601389197,15.482035981129155,13.817264140495418,14.184184548026701,5.262044233085338,9.477888226441719,11.586326225376235,13.06019089742651,6.619533064926161,4.91466720101929,2.13143374177275,2.9487350923667064,1.0124333366171316,1.2784071372333001,0.9370494628331412,2.638444614497999,3.2045760520847195,1.2302543874070866,0.7068442640113982,0.6391620404749488,-0.5887050865095887,-0.7447096834408513,-0.8587510504339063,-2.0555160460070474,-2.839513171293092,-2.8031095590654957,-3.4048921977867197,-3.7545330117217115,-4.891965048113451,-4.911379033982519,-6.752623794933484,-6.097712856213743,-5.269481478001192
