script/wind450m.json
{"header": {"parameterCategory": 2, "parameterNumber": 3, "lo1": 3.000054539987559, "la1": 64.9999836372058, "dx": 0.5, "dy": 0.25, "nx": 34, "ny": 52, "refTime": "2025-12-24T14:00:00.000Z"}, "data":
[rows 0 to 23 of 52, columns 0 to 33 of 34]
7.430904069733751,7.413884818559021,7.35231016113504,6.956743908669827,6.204044411677569,5.365121720897128,5.521768437426889,5.54957900352121,5.30951624090519,5.069946790014911,5.129384111697332,4.956349619316912,4.302244298060734,3.65085617688011,2.805573630851497,2.1594071810087794,2.221844929715062,0.9041042678688447,1.4202577303680364,1.8060375584363302,-2.6998672141657156,-5.2302963602939725,-6.581605998077794,-4.117970730554245,-8.943489906335836,-2.9485723301481466,-7.4250944304065705,-8.17669910922274,-6.726918237997263,-8.52539870256446,-7.905283499727833,-8.826028330579604,-10.725595377385929,-10.336091176748543
7.4677236968856375,7.294209534721368,6.82657952014587,6.735117177195977,5.982845332891986,5.871803357772266,5.794946932013722,6.001989173084737,5.405297574264161,4.6373038527401915,4.326924616327296,3.743274863968162,3.2784157206166267,2.7624179258374495,1.884443078400171,1.233150621295136,0.581137287727367,1.5591707141122602,-0.5862962806594454,-2.7845295957233347,-0.5567168659502302,-0.12149181938409558,-3.511548322751025,-6.480972958000534,-2.1210674105850114,-3.393496166883376,-7.079671766306614,-3.3998760149577074,-7.3538453453326005,-9.611830174862243,-10.793891347493087,-10.502141624960787,-10.199434319565732,-10.943703029157271
7.009833943693377,6.987451834317403,6.765998993200392,5.9502396452999236,5.292391044723447,6.154963012495012,5.935919347009106,4.814420010354806,5.787414252460214,4.413468526530105,4.189550204345222,3.5193636421576255,3.0933250155303913,2.7989260662120454,2.1896665394520984,2.4575138044740905,3.310739415578948,1.8487834256444078,3.5683426607556554,2.2800102561324316,0.4933173433488759,-2.169850824191091,0.004028398619388516,-4.725210116481739,-5.300401405814048,-4.429465464801478,-4.881033270315309,-9.233617269722977,-8.365402125741577,-9.484955426775356,-12.244873558699792,-13.226841412204672,-11.954785519599893,-11.641639277975308
6.415764258554387,5.939950085629717,5.465019493278214,4.95478059439336,6.078643366769085,5.766682317701165,5.976718779147463,5.905972223592633,4.698956927614079,8.326739227373203,7.723236105556994,5.575399981129965,5.170381930294342,5.675330229368195,7.480573438984725,7.176083189152936,3.955493447305292,3.723390063824139,1.4594054327577946,5.642658833565873,1.8154641779218137,-2.7624790115944555,-3.800825866958062,-4.14957811531913,-4.406573866025748,-3.6682529059614057,-8.476986407389228,-6.592149951786519,-10.287884015931288,-10.58754577172886,-10.685722247218884,-14.006788984261378,-14.889495504744966,-14.606132067061413
6.11363290934617,6.0296380606699325,6.087966206208797,6.473927555395066,6.798494587671522,6.391320573815693,6.7741668242636885,7.172190617248596,7.129345011147298,8.234501432426649,7.238320347263633,7.778823249814829,8.113545858744503,6.766755734494062,6.606725332849943,5.0657902654814215,-0.4199580678112924,3.9963974372188096,3.304229602697563,-1.4246313749600752,-3.025787162264251,-7.4265129511117856,-6.137748305993774,-5.70526343713934,-8.470600815686877,-5.525083377019066,-7.114462864026261,-5.289641749824816,-11.666037297304236,-12.595201754137554,-13.344698367207016,-13.833977028266709,-16.96306809734702,-17.07633224123363
6.128656293083139,6.370579698458655,6.239860946509916,6.323662928227536,6.800575894076451,6.546666580265616,8.473797700244917,8.613849151992277,8.656533235729555,9.333659821279497,8.802817309000737,8.281626152803323,6.9364497498074735,5.3476165998379335,4.577467739107242,0.5243685131083866,3.612658876635592,3.7856756204907676,-0.832030164522796,-2.256546783782655,-1.2987865620069605,-5.611854385753425,-7.729686781958156,-8.21375021423227,-5.244681526155382,-5.46598206389454,-7.171867097824139,-8.003081906133758,-6.792765629164511,-14.122054846895393,-15.054410461266508,-13.138851241442861,-13.436932294723123,-16.813945724438618
6.334406795791066,6.047967233133252,6.451362088432928,7.3500478171839205,7.778956102397981,8.481826784546268,7.409623823939774,12.598278860427353,10.885431587371759,10.220732747659063,9.41386703998672,6.811602662683095,6.1577988885313975,4.475334807480042,2.2922982786883073,1.4000781992888671,1.8725674148766325,0.5196615064484121,-4.634803013263287,-5.730036483585425,-4.406264431897157,-9.45315623951408,-8.564440913795261,-7.173194094419249,-8.989027535226999,-7.931131334963525,-12.152099414542542,-10.747340981416976,-10.023065512080176,-10.246701702218298,-12.278825273906525,-15.271202254457517,-17.1168233082246,-15.713232603663792
7.844315667909023,7.3426212024076,7.504953049699835,7.745487296497895,8.184141015570114,10.605502548044038,13.548080921786266,12.139119893177098,10.858553427312557,9.61906530199203,8.576006222639423,5.800423067402644,5.337069111659661,0.48978078867743824,1.8359796970466855,2.3161478863787175,1.7193417283475239,-2.5046979158156013,-6.341420303971701,-2.739086729969543,-10.35177949139307,-7.492224777089676,-6.8082087676144,-7.0955526581699795,-7.555134015370424,-9.752839591001928,-12.0687794371216,-15.740631767662373,-12.643991664683318,-12.718140095560809,-14.940736316071135,-12.734676001836778,-18.269509837640506,-17.79144048544933
7.804561273105611,7.469111057908381,9.599722133823088,10.837442476085197,12.30442121638047,13.999890356837744,12.573183401604888,11.753193803974513,10.223116832751593,8.907703916325246,5.107208380762699,3.9118348662748224,3.03708636442481,0.3805199908857337,-0.9021769949552934,0.20966673303956998,-4.470833395371432,-6.090669930337759,-6.4272249611423575,-11.764205144586574,-11.4758854569166,-10.002532281391861,-13.866378342608582,-7.896648165497291,-11.11580919004501,-12.283083098428689,-14.845946269159874,-10.957012493086914,-14.391622763558498,-13.918225403614679,-14.89138584302249,-17.16026380856494,-17.13709212050934,-17.18331453963758
7.915626222658885,7.870245338436565,9.81961471223885,10.954009621952808,13.28576223966769,13.503039905548256,9.790799270488154,10.20787346285366,7.54963216098974,4.765674234654846,2.2458397244971002,1.6455278797209942,-1.788653588540569,-0.7836615097512456,-1.6188075720847384,-5.360740644604755,-6.511208363910961,-8.635148288673095,-10.132882775359557,-11.436287557854095,-11.487231733072242,-10.084925128644098,-7.6667241219729245,-6.307808412960592,-8.770725629813134,-15.023986383442985,-14.544583666606608,-17.301105772791693,-15.857956879933326,-16.88938906656994,-15.64643039726907,-15.372225821065058,-15.635309094401073,-16.333228522621596
8.173564040711257,9.056589895114971,9.292566780001469,11.313819455160543,14.430833089032044,12.185920766163262,10.229647457688086,6.182248182150329,4.802192153324462,4.290566713726515,0.4872447875450507,0.4316413997309216,-0.4935534802977817,-1.9437725680442557,-3.7903232049695847,-5.410556919422744,-6.94548926583783,-9.099785199937134,-9.644621454613269,-9.843207586256352,-10.630554538307244,-9.947918420809364,-11.383887067626196,-8.841258419682577,-8.478588088128006,-7.513719238623103,-8.148202652090077,-16.32045023021215,-16.126600319190146,-14.91408097048604,-16.82186722156806,-14.265630793216525,-13.458921820254634,-14.347062913521272
7.62570592970435,7.531876614273287,9.132100183370294,13.011540649619024,11.476724883440374,10.641371254172368,6.592968129176996,4.920382349334194,8.089149859776352,2.3101756585852904,1.3052435571165968,-0.3665732099867093,-0.7696735943553686,-1.7063237042205475,-3.028296208912807,-2.53677563530076,-5.168930376586379,-8.141907711929095,-7.67940615179222,-9.209858388387532,-9.684590990480046,-10.13059155278908,-9.397680459925025,-9.642797990072241,-9.773860684050298,-7.192832744619809,-16.0334580558529,-17.742400152237067,-16.935480425368965,-16.302004231203483,-14.906002295410012,-13.599807290514121,-12.006773532441805,-12.33639749610268
6.108467428538008,7.068282056736933,8.802734066733645,13.072213271726554,9.931702461294526,8.84806756287605,5.150225765740026,3.7590126953282197,2.2312142252976446,0.02059492015685818,-0.08757744996479859,-1.301496757790442,-1.0961786809517418,-1.6858788760284906,-3.478370414861008,-3.0686807206944846,-2.9200557919925494,-3.9376797879034604,-5.475523858525144,-5.712820104394845,-9.081523939017142,-9.993698338017655,-9.081274449906523,-10.726263731730524,-8.022575065614959,-7.279331935610053,-8.20894643644083,-16.580688853856103,-16.71939208511014,-17.21767087091363,-15.299244766953448,-12.66705835706284,-11.042895443858612,-11.81491609009463
6.674848245031115,6.964873513748063,8.162088970298143,9.326557059735597,7.613120304525256,6.204983405541287,2.6980084354898626,2.108853668036111,0.3420293250280741,0.04140267942910959,-1.2802081582888145,-0.23480889267564017,-1.4311624149506017,-4.103527461313567,-2.121074622979837,-1.912230886545837,-2.8303093155510597,-2.6706628421897247,-3.756192919123335,-4.6188961493690295,-5.763050364620938,-8.24977333554899,-9.534196274948197,-10.295905486522603,-8.827030213170548,-7.0810771361088936,-8.170433566463263,-11.412968293665303,-15.832252745966573,-16.291186813098538,-15.70817543905163,-12.473564953238473,-11.744406087431843,-11.307768073679958
6.2207769342608525,6.966752114834336,6.541175151475816,8.867105547546883,8.344743168772876,3.5948365466537755,2.9093251807964693,0.49490216425074385,-0.40206001422614707,0.9055635276643468,-1.2157235291100155,-1.2172675474213268,0.5898159355161222,-2.5242991435474407,-5.07576060177614,-3.4449785413130694,-1.2690719123891268,-2.5027275876285966,-2.4157034274221356,-1.929727195781314,-6.328419392098425,-8.13393165074565,-9.521944635325273,-8.270655781759087,-9.35222580467296,-6.01585206208858,-7.585887666787978,-11.733234277064383,-14.25151003287185,-14.406534887773512,-15.207327082422436,-13.228438670917512,-12.31928553905823,-10.62231520732514
5.603279610194547,6.113838137344574,5.533504619163745,6.5384918246635735,6.96963223622561,3.5180894307688453,0.16889423441975968,-0.7223193504675454,0.8785783506117253,-0.16189305976843457,-2.9323963868167295,-2.7782233588431002,-0.23902602660323077,0.08911552012384616,0.08512825012440492,-3.890500259371273,-3.0207604875680345,-1.244219766176997,-1.4555893096895465,-0.3285129286351728,-2.699344996266422,-8.109017631890342,-9.432760903071205,-7.788823143902599,-9.59220497502827,-3.9984385090349726,-7.821059686690271,-9.992901311881994,-13.563629593276357,-14.504889725741906,-15.644356453222473,-13.084503909608836,-12.101371780414986,-10.925582302228362
6.1174455735635975,5.17661996146611,3.9886703389498916,7.023924655715116,5.901427208197058,0.9011987329709805,-0.4336418579214974,-2.477538083342353,-0.9138791063967318,-2.412158058451048,-3.958191535169609,-0.6915822251228315,-4.5634795575900124,-0.7821934938073908,1.5858103226858895,-3.7567117802189363,-3.8580372376169105,1.5519381832246633,0.968960611540495,-0.7328464586281215,-2.1907749515087884,-6.770212248132557,-9.627523929276192,-6.227788022433352,-8.962135790646373,-5.849490216687906,-8.975542752854393,-11.106484037895148,-12.46551309881906,-13.731393644924871,-13.338468894698641,-12.865148610410165,-10.902873527275222,-9.88479820527527
5.190391266771283,4.065165584948987,3.357845538217838,8.41826051280836,4.325509949638274,-0.9353504604061187,-3.0764054338884637,-1.5386431858887002,-3.5803763395998156,-3.792311585984842,-4.104714973073606,0.04839834598401978,-0.89266909339724,-3.5527999565315262,0.46755220504793,-2.49721374818902,-1.7221520286288334,-2.009197813754479,-1.0143518911648344,-1.4293267698097734,-2.794145248678411,-6.8678849632918055,-7.291697316277447,-4.06774895357645,-7.1418493129605825,-5.685297933588957,-8.718796151507155,-10.321998434502147,-11.72211702933131,-12.906644492902581,-12.315995871448264,-10.5012495635147,-10.876306117642512,-10.314500255541686
3.7783138439017123,3.556185774684606,2.8596840232508423,4.742793298530098,2.332713346890688,-1.463380271120021,-1.6373259579589745,-2.751724795911024,-0.5444104471778722,-1.8923573239556446,-0.2703821010538179,-5.021321156433874,-2.2022574033755045,-2.7301316602519727,-2.9888893264734735,-3.724329294262736,-1.1819465173934725,-1.0127602598394112,-3.6913781637027077,-3.451076482599001,-3.3226690718202114,-4.747017124091301,-5.1770427377196855,-4.272969847993113,-7.280238820133559,-8.202330511405563,-10.088988600208825,-10.007972683275193,-10.672353959942214,-12.028656017205732,-12.409148174388429,-10.58618907482512,-10.315576772569958,-9.483892211746792
3.3007091960577264,3.2132788520018045,2.2034734743138866,3.925173549938878,-0.44335520712242854,-3.0708356820133904,-1.9348752902971378,-1.9444270182834849,-3.224244312886554,-3.32691885438933,-3.661696310806312,-4.082619783515075,-3.3668303157008967,-2.515146879817399,-1.9098148112220366,-5.259395974907525,-2.2115811064804616,-3.0539348960799795,-3.1087133934602416,-2.774872295072149,-3.260240754112016,-1.2788274353250362,-3.8238059060741536,-5.981358177484801,-7.265273034827715,-9.045740877067965,-10.700829810647924,-9.380479852884205,-9.857872414190389,-10.548025541870306,-10.719919065252714,-9.923182326116313,-8.358982113593887,-8.941897190614348
2.888815934466305,1.2903275328410833,2.1655244759904053,2.2977246935640365,-1.1301075249622763,-4.333520806366745,-1.2892324109178086,-2.914829279878141,-2.588407135003164,-3.916081358990992,-2.267051722775115,-2.728087476386564,-2.548478660276821,-1.1116831363894466,-3.0405586900359216,-3.1282267858700776,-4.02025154322341,-2.1697689239195608,-1.2511059663003767,-2.1333324324425087,-3.7821381307220747,-3.744725478760039,-4.299892892516886,-5.042896098736736,-7.508409385263123,-8.626950489376082,-7.62046451222036,-8.539357838924875,-9.185165291117755,-10.318376406204578,-8.009747029396863,-8.14003902554468,-10.0266357291123,-9.773928739219665
1.5054969369801046,1.4772257871228023,1.9143146354935967,0.26908758185590886,-1.8998042469514023,-4.3849348580900624,-1.730775116588181,-1.3261134283360485,-3.008239393330797,-2.908723790195953,-1.3619828197371187,-1.057763037183068,-3.374600600514581,-4.76470353144023,-4.259428108426639,-4.245244639494249,-2.4608765820856706,-1.428621559668708,-1.7392768012688207,-3.5449315195299755,-2.8889592248429543,-3.725764607075015,-3.65239677623893,-5.123744389511983,-4.721003611245391,-5.373531425351704,-6.906514058663351,-8.225330265777789,-9.144908080855956,-9.169253467222148,-7.897649505516822,-7.3178107222798285,-8.535467443908178,-10.63039730478376
1.5422982958943983,1.5959136219811054,1.5463831512447976,0.4226822385465503,-2.3941855033796973,-5.8486907415466725,-1.3143976378568158,-1.713615684187764,-3.456961931446048,-2.882760546881078,-2.847790576485234,-1.6504224916557344,-5.2236179547568105,-6.4539482425419585,-5.76476891758252,-4.111174939358113,-2.39851212230685,-1.5125895878887365,-2.2558844271443466,-3.233020686742026,-3.681238612169403,-3.820501360138313,-3.3424191022075673,-3.983403548988614,-4.887141651891122,-4.84487114514555,-6.383002951809465,-7.44639305343324,-8.718417958670308,-7.701593889751436,-6.679406740198632,-6.399240185226369,-7.629008802156345,-8.17520508760386
1.5163171092948562,1.5682351860179005,1.1638795753773854,0.2289893513862937,-3.7717724683979656,-5.945351272575064,-2.1256027580121035,-1.7759052461591254,-2.3617497724340786,-2.2162707750041983,-3.1849683321564273,-1.9338169847722497,-5.39710793282056,-4.803665424863737,-6.315700390646861,-5.135697235243908,-3.55538787303965,-2.3730143132728743,-3.082217109692242,-2.70191713184685,-3.481177930250537,-3.027191601961581,-3.114663135338793,-4.779643231641182,-4.577434830583399,-5.369171226476852,-5.287821055804279,-7.634748663929839,-8.550268119491086,-8.419878597530232,-7.2786244546095915,-6.508838618591819,-6.492937575349955,-7.93272208809414
