script/wind10m.json
{"header": {"parameterCategory": 2, "parameterNumber": 2, "lo1": 3.000054539987559, "la1": 64.9999836372058, "dx": 0.5, "dy": 0.25, "nx": 34, "ny": 52, "refTime": "2025-05-14T18:00:00.000Z"}, "data":
[rows 0 to 23 of 52, columns 0 to 33 of 34]
5.935987019006966,4.918963488431269,4.771668031151546,4.5574081890309595,4.642322083556473,4.676133325209878,4.526868414681225,4.451777977733976,4.151601584021766,3.4971924299778863,1.617021399080382,1.5243263744245288,2.125437691027622,2.600430207125764,3.1226219033029223,1.3620103575841445,1.2529213657450624,1.1527152655455324,1.0760672879792228,1.3950374088979094,3.7685090608798557,4.219181253434497,4.241646426781785,0.5152305049533729,2.01221307143296,0.3995547912669844,0.7918932416283591,0.21759022327488317,-0.2614381900804116,0.05698966051354115,-0.6249883005097326,-0.27722366694862766,-0.7425985392969164,-0.01702150030078232
5.1551537414597615,4.485018183963486,4.575480417876961,4.199527369268367,4.3503521175897735,3.8978708021737334,3.838215576622791,3.706167239038678,3.250265343811306,2.296518187675088,1.4269380547591113,1.4286700846297349,2.2238725076851726,2.6562672754749914,2.2339348357607607,1.3397631008330657,1.213815729003988,1.2686453129843172,1.9021859649370256,6.027376105212649,0.9880530085816192,1.2498588907938841,1.3025095438991052,3.165164266519186,1.3405141142350705,1.3586536626863202,0.6734635345361044,0.3641303789612003,-0.4775403220590956,-0.5899693295844497,-0.3562540786132549,-0.34133131070297956,-0.01785954220759282,-0.42368656618505623
4.260153569852098,4.141246946934056,4.068979069683254,3.6697429886822577,3.568091149087256,3.1315380923192886,2.9956139102035544,2.5918101797809605,2.113534894640004,1.0661969509374862,1.1045024960204701,1.2823976972398126,2.234004409312683,2.8420855277921384,1.9220934529514813,1.174337298227051,1.4205307554112865,1.5605882669092672,1.3505281610629238,1.465847224032429,3.7613681202483344,2.145385838340213,2.7727341191178545,3.2785808824847438,0.9697671458284444,0.6657002760742283,0.577563857858848,0.003953055340598176,-0.03380638508676582,-0.7322805989917784,-0.8718350225867357,-0.5475312494380762,0.12466532317305304,-0.007945408813118168
3.601549259850457,3.4456507158646055,3.2320538076726697,3.0968635977304464,2.4968445934032895,2.2203925862453393,1.7258276866159665,1.7557118043921136,1.1471660209279673,0.32539986010766436,0.8963144995451031,1.2266297407985955,2.204511433049794,2.6561715434604665,1.971527713856195,1.5559268351044442,1.6028410024955355,1.467787867429204,3.991788222858547,1.478781010338018,2.5330972903250006,3.3917135134857372,3.998235746374462,3.172437756255984,2.2403231099848737,0.9239025366959325,0.7059281620833695,-0.09117221373537196,-0.2479617417120127,-0.3569903847373462,-0.7554639352962084,-0.5200274210174409,-0.3784760675263441,0.21452806343974676
3.3711599357516318,2.599880888779708,2.303441266337289,2.1029639623262857,1.5086005570673497,1.0975876256268677,0.8336415898958492,1.0547820727687378,0.3507722015836394,-1.2440773070362319,0.43439638497306127,1.1039517200034143,2.3516177950889814,2.6747149160495565,1.1550556886179069,1.786163239280007,1.8470414675253117,0.9560246046856576,2.7559680043405566,5.7404654059128,2.102781778100405,5.503404141859256,2.618595025522832,2.961477044970174,2.3393828149604152,0.4588453032498074,0.7732099914257412,0.06888541168560786,-0.393059501538327,0.1600330241742956,-0.1889626732144336,-0.44819768238508223,-0.7091983837298246,0.13047590416058275
2.7247790001036,1.9282196176510478,1.4070551312504835,1.19599322876234,0.5098131671408984,0.130847732544884,0.13985428725055338,0.12686742121646308,0.06259104599278276,-1.8920555727975596,-0.21103696328708946,0.937528771343232,2.2054830339742706,2.7688650114875255,1.4583085409221457,1.1708771814405479,1.0388708425234046,2.1537518107075253,3.698139519593034,3.7697263972614916,2.0746454010435462,4.153015358039113,2.0657291204153263,2.949256471153935,2.2488997191602653,2.468387371871161,0.8950351364593607,0.060643418477829975,-0.19067037592705818,-0.08207142975080944,-0.4723829513321394,-0.003412924830085016,-0.37593440589263055,-0.35167687496578093
1.459021591939823,0.4548837570863026,0.4567678914007151,0.07692872428945798,-0.38574955797202,-0.6312831945539075,-0.3110281655444026,-0.6715661428664512,-0.07508450951108207,0.4307917270200048,-0.3763738639791803,0.690356821144143,1.1936006235205483,1.8913500341833682,2.28379265247089,3.8145881303210185,1.7008282004672306,1.752805962678104,4.966823799840623,4.234056077821721,3.0547899845617916,2.8957679262970677,3.011559639702279,2.476931614179387,2.3243651353044665,2.338490613402763,0.7820811038820457,0.577587213821164,0.024941232025600547,-0.093111428492954,0.022084608778593015,-0.19300428201790262,-0.30470513527099247,-0.9949237036207271
0.37041059979135965,0.4257430825555212,-0.4491831048623542,-0.8386787088789226,-1.4081111427822777,-1.1824655426830404,-0.8368571568333741,-1.1331081576406319,-0.16902730691963216,-0.294309472547155,-0.4588961078334026,1.0033140265153775,0.31103448031967995,2.7703056485058832,1.667846361535479,1.9472647983520652,2.34397754081758,2.27941148173735,4.137352613091936,3.6433184184852863,4.488336984174908,3.0820954651747194,3.8852535770598777,4.267608233627795,2.8682772033237938,2.251503819665727,1.1098938761610673,0.16073265014895355,-0.0674447142303284,0.08886977296469402,-0.20974836620418566,0.215901500481919,-0.11777964061216872,1.2676169345360138
-0.6137747896949867,-0.6398865283580506,-1.2266007325755028,-1.673132179353178,-2.2880943606733015,-1.9020847177934135,-1.4959804689973124,-1.7247173261669886,-1.3417489027534912,-0.3517170439910613,0.5904462272181111,0.83685622568357,1.191057173864709,2.003997228287613,3.253480274212113,1.7233149417850449,3.5501179906337033,3.6601452599403053,1.85244787710262,4.0976883355850005,5.2299980184672155,2.5771200758582116,2.8472837364638517,3.363941835731286,2.7278115733746646,2.4362030861566843,1.6437440071676321,1.0122409443430378,0.5421857265495486,1.224460989967124,0.7415868908790658,1.7540694390695184,1.398715211331291,0.8874023744818537
-0.3600723689215757,-1.4589605096733707,-2.0198224195879297,-2.4287298818331466,-2.9799308778186053,-2.961425318509829,-2.3027755578837636,-2.315923393788279,-0.10829256623247918,-1.1796733242161936,-0.19658800532439735,-1.0681058637440686,2.070854651662226,1.4635177655664677,1.6147541667075207,2.487561962490147,1.972449322519246,3.8050046194967218,4.346876024679804,2.817169403942305,4.278949485850951,2.8146153042432505,2.989043649194007,2.1956077162007985,3.1003404876470517,2.582023949625756,1.7665081335835935,1.667291822621019,1.4088992763867363,1.6060048060357477,0.9198411321362392,1.6095941584766609,2.0458924914896417,0.49197370888071035
-1.1781362250904701,-1.9288211736727578,-2.6923229198976473,-3.2101963467813217,-3.4954819468645097,-3.699659721893231,-2.145968592667208,-1.832293941568617,-2.4277911658163562,0.7317031556305855,2.227247242429503,2.3095945906156983,1.462303627335831,3.284519386100641,3.5517176200892338,3.8579358195980133,1.5503267929981963,2.2281040106229155,3.1205559025291576,1.490544042182861,1.7114163832885143,2.5506166236993506,2.554756162215988,2.1479537967265703,2.114555488660403,1.8307959897868666,3.237353486051885,0.8652006531364201,1.7419714404579767,1.1117241188458247,2.2979758609212526,0.19082971436482193,-0.15470744188675029,0.21165929362647076
-1.7926995218746977,-2.195418120200003,-3.13362601307762,-3.762381454832726,-4.465754375702335,-1.5219149008250055,-1.026000080951078,0.8063306315811568,0.9668623323535785,-3.20384404258612,1.0760416168823141,2.2528290891391385,1.172351143373601,0.500967028916296,1.855717517801948,1.0717106032904717,1.8099724235103245,4.210431523306444,1.623420116293126,3.413145304433038,1.115005865382256,2.3022730016214803,2.14878822730027,1.3045816112903563,1.316948149282614,2.6407727364747506,2.4541758388495065,1.2289586133156927,0.821117997273599,1.3918057681704794,0.5745565518363299,-0.7233836984249061,0.027419294594010633,0.22041041455830654
-2.3343627343468523,-2.6106148689537267,-3.520051413082949,-4.080992315552882,-3.043745594041948,-0.9460445599431393,-0.6702332906218269,-0.7175946420618142,0.7515757700944895,3.0008309642163713,0.9082771532673236,0.11595770499325035,5.174953277566055,-1.7401905858175475,0.6486465561372571,2.3733018019854963,3.1132915934405316,2.306318874489012,2.570421832553105,0.6499554443501839,1.36311669537428,1.6775307617330204,1.9283245328300225,1.6121750948975866,1.319346716713793,2.13184086379295,1.1733355884892933,1.3132810087640443,0.47010470591778014,-0.11091563122697241,1.0504297218579475,0.45934717637365546,2.021875251459576,2.100627361407514
-2.350904127025216,-2.804255230686622,-3.451720704402666,-3.266830459295524,-4.216897604640738,-3.721832469773417,-3.605233687951218,-0.7106932607025654,0.48077981135784925,-4.630712653198666,-2.8552908850025824,-1.086236575392923,1.1846019580680702,0.7389169108924782,-0.05468527231037206,1.2957370322597102,2.029141836516494,1.0573166691750389,1.8797551940409027,1.446073033006274,2.7829391861761987,0.5363383515599017,1.4096708128993098,1.4333327160284257,1.4385452073833769,1.2166614899688635,1.862343076243612,1.3825794547837538,0.36951426594478376,1.3100045275243946,1.7292285640877756,1.0653614976464436,1.8148510147745092,2.205074329366129
-2.2904148866101117,-2.668754932648528,-3.236349733690889,-1.4005313876210932,0.16308710750117747,-1.1345200018085797,-0.2668331641755499,3.052830972618411,-1.751877859286813,-4.2306945255201045,-0.9403881071814741,0.24840252775371288,-0.5490674500531026,-0.5581838834788235,0.8892087911145703,-1.184192694099434,-0.4057197139068134,1.7778177900723,-0.10754546105780544,1.550567828784029,0.8265673970386286,1.8008121294059725,0.9002502348362842,1.7395984347615805,1.2197253612632883,1.604241408095472,0.8993164146448762,1.4620772425966657,1.163009805324771,-0.6075578466938184,0.9120492208134146,-0.13402116525080893,1.0373033684080215,2.1217104638261404
-2.129865162563209,-2.432966622625449,-1.944308521599367,-0.8729077526857989,0.6484734495665069,-0.9317890755877629,1.2483033189901986,2.8381758539677575,-0.8728620312055189,-1.2397202311074162,-0.4984827285669592,-7.876336772243588,-0.2345141982052757,-1.354685524010012,1.1619896024442438,-2.4610274400040657,-0.31422231101288783,1.939459931675175,0.8226023575127522,0.5756347340923043,0.8688399131439959,1.6122020830277488,1.2271624781909665,1.206499690339641,0.362453363778431,1.0774216253123474,0.6960684429488208,2.046153643450913,1.4193135403113595,-3.2234980973780156,-0.06720227871110061,-0.5895432150972174,0.5565418905956163,1.4547666235540908
-1.8706705917381408,-2.1457705149220754,-0.8589093134509864,0.30213961826029,0.9525441004723539,-0.5779464085287901,-2.961570618033271,-2.3147598802504343,-1.0957204654800499,-0.6954031229307468,0.5572313751505332,-3.7148139592745535,-2.701871741639564,0.031108534255263814,-0.156361933687779,1.8478177478170659,-0.4276923087446212,0.5986319204412565,-0.04499740652598509,0.12208816007724263,1.3302056636001076,1.5378057583052291,0.7811515511505912,1.5824611814711682,0.9488884160931073,0.7216654747201089,0.8363325806444153,1.158801105170264,0.8173665178982907,-2.195447676242532,0.36857486574784376,-0.5417579293995352,0.6106755802722851,0.8403114232348429
-1.5559906751069148,-1.0899168933881058,0.25842765484327285,0.5167894076639038,1.5243295482325028,-0.9618225200514333,-0.7569973959347565,0.21916602436363705,-5.685798107578325,-1.363023079488865,2.364936916518021,-3.6784708449180332,-1.662611406703923,-2.049206315868423,-0.872414841517913,-0.20546894595769924,0.8471798314674193,0.6668443624739749,0.2629149359606498,0.3943116800432227,0.8892059538748776,0.920716945413369,0.7979659134643625,0.9533482674249509,1.0759228565763643,0.8076778916567088,0.7104882432699955,1.286821721678498,0.9749890156716841,-0.7516212714730686,1.4727492578078463,1.0559264441967107,0.6425470410165591,1.871392149289009
-1.022989490435237,-0.3125623215117143,0.4151243333288597,0.48696429692617577,1.6961960850371627,-0.16276549111330907,-2.612845497935471,0.049326874820313324,1.8096286433359905,-2.4560299244306436,-2.6049985115879553,-2.3245911615043804,-0.8006972084402603,-0.17575489964167412,-0.618544381836866,-1.849295253318045,0.3261533390781361,0.901322250818189,0.021439998006050464,0.4412426339626365,0.38524607288169993,0.597904994076945,0.6976920680346705,0.9291268394843353,1.0749796607107889,1.0438135997218263,0.9598477244511894,1.1014697495527956,0.5940910916173369,-0.3166266326132099,1.7889816867224995,2.2891619687360274,2.048385117097329,2.597206625806512
-0.5228790699963626,-0.13139792616931834,0.1272334254595121,0.9234733375020322,0.9016566795676197,1.353989767525986,0.08620245845321764,-2.321457087017267,1.1701988315137366,-1.4794655850406304,-0.8170293293683476,-2.603079444780929,-0.49198833733449027,-3.624622381460883,-0.44107128067829987,-0.9001612900070411,-0.524806258592257,0.4176844633103215,0.17646289833169704,0.4391344167656087,-0.32828864585606865,0.5537169522140131,0.576321825135191,0.9514997195632909,1.2503822486504665,1.122266305622242,1.3975326898418017,0.6193038075967762,0.6026053297595476,-0.05027490764281023,0.6188716238827636,0.748401919142952,3.232297320916528,1.5713604662303344
-0.578475560107699,-0.3762232939003804,0.530313557818393,1.7730634061903985,3.3242213792284923,2.3563745687778686,-0.3114885298007449,-0.13042207557171293,-3.015856005614546,0.4112993830876847,-3.055169627044614,-2.948912037674743,-2.131570779808134,-1.194684641366465,-3.439537059904125,-1.1266070096639726,-0.3694286046714683,0.8766762832516506,-0.4683936023655879,0.1809948162398658,-0.1320359195599183,0.4225697018024426,0.6366776421243573,0.5961234403478369,0.7289188796974139,0.9122784317618375,1.142776048875954,0.5777161454610836,0.8184858088863827,-0.2922295287292232,0.9563154386602579,0.9137545440299845,3.5792160213907778,3.1674837173050925
-1.0214874520610684,-0.4890693174512237,0.4257599758875084,1.7031676422610182,2.855442668694561,3.1924304939769796,1.7099948828169678,-1.1179758831860123,-0.9619307097510852,-0.6839908192340725,-1.08009508093292,-2.173664383258881,-2.0105877813779425,-2.9322579664775756,-2.928955166151345,-2.8945018261413855,-0.5492077421126298,0.516612430605547,0.026549114834016608,0.35971635194951906,-0.1485470805956693,0.5546078044423585,0.042401239555433776,0.7062574018930754,1.0676396623079918,0.9347404952459343,1.4110176756598913,0.5939717240409877,0.7134256484792234,1.0819797291024387,1.5988821528388177,0.9201219536883345,1.0736397742163726,4.769943212245889
-1.189246085339023,-0.8717810617572639,0.747880501569269,2.2406019894557483,3.1468060443233576,2.068045956508776,0.9935171178165979,-1.5802964399559398,-3.3954744125686904,-1.3572361479489405,-0.09154004512513529,-2.2736243293878826,-2.357606906096782,-2.3901353797828087,-2.1180481069816617,-1.7847668495751952,-1.1569486833389633,0.5750724936934725,0.13962192901383386,0.5245733813172928,-0.43641559433747806,0.597211462856075,-0.5036337569566333,-0.04457736692226807,0.6104263314962575,0.8165127426924733,1.706007046276262,1.763356194649287,1.618542905475564,1.7130348217432367,2.5177284982274517,-1.3073923432537489,2.424589755480162,5.442931937488536
-1.409586222772751,-0.8705753909282509,0.5531137826191189,1.6468305025268801,2.150430149684157,2.5239702182455344,1.2489815430700288,0.10971523235104286,-2.1756741756983566,1.0873633352046805,-0.8240063525704231,-2.170584725561647,-2.2336438122742837,-1.7272061027869585,-1.58080957164425,-3.3155949195593366,-1.527302026606666,0.2964490584784914,0.4110894926703011,0.4084595515961137,-0.844701741819265,0.45666250608808073,1.167117271272733,0.5010395561727984,-0.042563076262479474,1.2678692436039276,1.05006837041711,1.3738831751599212,0.17675502223132486,1.4311842759564506,3.0953816711706947,2.0655113249043424,4.17560153766127,4.564210443977602
