script/wind450m.json
{"header": {"parameterCategory": 2, "parameterNumber": 2, "lo1": 3.000054539987559, "la1": 64.9999836372058, "dx": 0.5, "dy": 0.25, "nx": 34, "ny": 52, "refTime": "2026-01-10T19:00:00.000Z"}, "data":
[rows 0 to 23 of 52, columns 0 to 33 of 34]
10.05923619877481,11.014635601053724,10.07740931114017,11.042009488578772,11.610770237615816,11.58943635932935,13.438795961408914,12.209923763136953,12.576377023620404,13.165442801713336,13.41097577828998,14.244070331396905,14.76139508620365,15.660519532149992,15.375554485308431,15.106562069604365,15.57570062378369,12.14029943965514,15.623644158835718,18.432259739081125,14.223156977696323,1.4964244776028826,5.383634137485423,8.032723544066336,11.105097450156737,7.411631704777031,7.165186942174373,6.382397738149539,5.869556017982342,5.127262197361839,4.859423448823173,4.0941255567143005,3.7386053386230316,2.376133545030443
8.915674015824658,9.624458187962663,10.390950657278669,10.602212960771261,10.677360029386312,10.554252201748888,11.780492240977477,11.709490902972725,11.749646655509894,12.658124788170365,12.746337753836249,13.652559613757392,14.654439440176647,14.94685610990205,14.584762996096915,14.661538811073484,15.016742324883554,13.583648811133962,15.918690826116183,19.38268003072163,6.989544065259873,8.190528438820305,3.5616440116390646,8.139570179593742,3.557888179636569,4.151506526831179,7.50003095008706,4.023419003762049,5.390651775252738,5.276680623378597,3.9448978775622074,2.7303344801542413,1.557011973794666,1.849264988200526
8.149900667372947,9.405515192548329,9.647075217159834,9.664851261820008,9.996432996964275,10.182609568939569,10.592939660092881,11.467467014347624,11.877734647741137,12.466931910765519,12.410128861280713,12.942927153620031,13.725756189205981,14.287990087560168,13.707978606530757,13.231960645796073,18.210780241745656,12.657089563750805,9.15201488376955,10.328817296214012,14.495623943499373,11.65779681392324,4.923411284298295,5.924573321741829,4.70679759500434,3.621013503097307,3.551206341954386,3.5393274351451676,3.836038851630326,3.743779454603566,2.959522617187726,0.9826703041858247,0.5783363581021358,0.1531222950071654
6.895235718189716,7.774625915426115,8.268447210910496,8.630551764608217,9.247296208149377,9.55537202279791,10.437134923228836,11.190755615860558,11.721971945331438,12.205257168748542,12.141469064685406,12.25234775166316,13.003796851490089,12.579546403961997,10.604868365462766,15.164085943235118,15.28246434404629,14.973702351145775,15.18296490995591,9.192850661106116,14.578330411503817,12.665476712459606,12.77884241172657,5.025040151004467,3.9146493944931433,3.022754681123111,2.955604950875149,2.9845648572676016,2.495551483652319,2.0589411842602607,1.0005405191318841,0.28304190039912164,-0.8188425358334693,-1.9518007136977005
5.932948691641038,6.215198241850658,7.417736683663388,7.860389177141399,8.675485601691403,9.26044713965657,10.248063281044056,10.839778454640115,11.502860106605747,11.529346741988261,11.262347821270366,11.115017378187718,11.270943411203941,10.796423081535485,12.274392521785144,13.381437664263407,14.477558129841531,6.509415497096115,10.03950515686859,12.811800409766338,12.033633222431554,11.590625856750078,2.8620782751369176,5.032188046647474,3.902924104121093,2.4913043534737613,1.985579218219622,1.8166380247714227,1.8443098084763359,0.549240967704089,0.7061853600800915,-0.5962150985273761,-1.686627917024651,-2.304999748790371
4.731206354555894,5.24515268356111,6.32626997436222,7.4562071615333085,8.320903673134607,8.908509729634211,10.065109731159357,10.506181382723074,11.20752580322571,10.433776294651954,9.78444185237998,9.24701634386425,10.64525691689584,10.361249098191529,9.801359018816337,11.889338646514828,8.462105555746557,5.709288324340854,11.329228814947381,8.109482163458413,7.275111871075755,7.518824383775927,5.454550152005341,2.623916343048522,1.5569678972239014,1.2554063795255639,1.2760853560313485,1.1560206124135406,0.19253655993429195,-0.4153633487313016,-1.2308239103080836,-1.63611539082582,-2.435952242983805,-3.033704923839678
3.7611423060371894,4.358141647235756,5.8548299682522895,6.8407489168607665,7.721022651747564,8.214298806415494,9.429787614282898,9.578184057622439,10.17221995138973,9.225609276453483,8.636525428532625,10.143947608439364,6.43611690777407,6.458036146000286,4.778120624005372,2.4452733860712863,3.318957885730339,6.645446473393061,9.205044135557578,7.745135029803237,5.112153474512497,3.687065418698472,3.564177452445675,1.5360670750498977,1.9728369875390288,0.8928860124879434,0.7722925868914607,0.25344024864246917,-1.1117332013747538,-1.63520019930938,-2.247630424114294,-2.7790125191180173,-3.948999348205714,-6.20831227021849
2.8749907472759704,3.855695492486173,5.296041159016924,6.046482184212795,7.072301188276482,7.155125570347667,8.542495219129242,9.58197754373647,9.412428129868433,7.26448869244681,8.085408844578652,4.765777892075294,1.7311437764275865,2.697172151711725,1.2552928131042589,1.5683132545591727,0.4846610036550659,5.328420231807614,6.773743951161702,4.144563031024191,3.9456241177065547,4.183191702076667,0.3700283799141332,0.04645017189695157,0.07379876591228363,0.46341770603385357,0.17597122285049363,-1.3866192038746785,-1.9256821914480615,-2.518198490131163,-4.285776597066526,-4.240027881754959,-6.004008007518925,-8.894236148980996
1.9196719563655729,3.3483522972699054,4.757049034526357,5.534301678137102,5.851776281201627,6.321387493706821,7.273597085280973,4.879077635755994,3.6752682344746184,0.48071653649629875,-0.9442775062515709,-1.2003733095733382,-0.21364886273640982,0.37583281380927724,0.6107711692557907,0.8916499905679933,1.6117211525207413,1.8104301324154508,1.8888509067458117,3.6874045143252054,3.7399513738707846,3.5217668059726766,1.606805423605222,0.31722592732134935,-0.26248661944678303,-0.7410645278551178,-1.2479865125561183,-2.2078761118065544,-4.4015486135185995,-3.9495863963390185,-4.929855922036944,-3.1279564295330387,-6.3760088669887365,-6.752918270463233
0.8547521722622318,2.1901509224062155,3.647749864899749,4.507557871896411,5.446655145328251,5.876705168850487,4.175623513220757,2.622388714130405,1.1713517666507924,-1.5396015411786461,-1.6603559989266665,-1.4494382460134572,0.18220117389174997,-0.001154330793008081,-0.15828621148226796,0.8632296845715343,0.9237684358344264,1.2603449879146473,0.5502377874893917,0.6157340565701248,0.6190996239284449,0.41053112840625494,-0.30205692679892354,-0.1172239182558442,0.45323680828979046,-1.7697270065643094,-1.4098110405121151,-0.7252065497681054,-3.523655961927323,-4.746486846503644,-2.6497820290850953,-5.273159895334483,-5.438671985914999,-6.282179290795378
0.13784980311038036,0.37979066956569024,2.004908476164343,3.2706862943971657,4.804731584908974,4.780515254797346,2.409409272273332,1.0998521412890958,3.9509230367094603,0.24573592515231502,1.3334607327589283,-0.6163016096264886,-0.15390192196044575,-0.035057905458280095,-0.05372386835180264,-0.3102353161898771,0.22427128454070955,-0.3134722258419175,-0.3515903400532277,-1.8285205688045219,-0.20719524056375135,-0.6588880627474608,-1.1878771710650855,-0.3087060005080471,-0.4798584830410238,-1.5039026203158485,-2.513638309924987,-2.309097366169587,-4.0983913492200275,-3.2872038096615004,-6.194480527545963,-4.8117424581002295,-5.519918738794089,-6.415277210434207
-0.006711440065209717,-0.7944503174818461,-0.08016831668331614,1.227998805944531,5.149355618290469,4.316626947108529,1.2594312628689783,0.18618998150622343,0.030329528572876553,2.3127637465701643,-0.8545248385247242,1.177955316082397,-0.05586238811845106,0.01994085568337847,-0.004551328544031044,-0.7396063050532029,-0.5263964648551882,0.440155032580192,-1.3784847481236984,-1.0330852238178407,-0.9657514863246187,-1.1340351049598607,-0.5494859448182636,-1.440631077926874,-1.125575907355428,-0.7517876933117702,-3.1633251980450994,-4.592834439885114,-2.236876245624688,-3.282588275049511,-6.266733961144193,-5.226418660510857,-6.15914776411358,-6.766493261806085
-0.8816715370151519,-1.737814203290513,-1.9146612438965371,-0.9655167618157853,3.5445370187689167,0.7413567974257087,0.5651397236670181,0.751453360047484,1.3627508719815205,1.6312254901036782,2.434786456608871,1.9652103377110048,0.4827351379740868,0.04020257763246865,0.9521982240173821,-1.07020363724444,-0.6655740354426192,-1.060262739943775,-1.4775991371665713,-1.3723572058827154,-1.5324972971138373,-1.9747350238222352,-1.9223640793609533,-0.6496505548913079,-2.0909476983131468,-1.0630250871374758,-3.601511825189222,-5.162149175303186,-4.724339340131203,-8.00883281098874,-5.545138823441452,-5.705006332151451,-6.405361756974597,-8.274656090586985
-0.45107081902160545,-2.3634302000745313,-3.1823559134261457,-3.6203317927105467,0.46132878130022964,0.9836599694082999,4.98002546605704,0.7844010382051606,3.3266795588536002,3.7177418173666075,2.5849863315154082,0.5093873705505209,0.5089910422287925,2.8892984156426484,-0.43105716340572914,-0.22780856777726766,-0.26266517046230864,-0.918981038870596,-0.9157246119993478,-1.079718136961041,-0.8699548165797607,-2.523592695856511,-2.749526539142128,-2.5107333607525817,-2.2267203977608356,-4.156890557600171,-4.210592982708316,-3.9024884199979444,-5.480905525711712,-6.623582206609544,-4.797379995148975,-6.40861216229548,-6.855275820533405,-9.190547272375479
-1.5058569088955855,-2.5223197177860763,-4.019895164535884,-2.5944408350634975,-1.8249592684166371,0.19014921344488583,-0.7167513054187657,1.695756868522991,-0.03762178151568241,1.675566169090809,1.8001516883458222,0.625874449431652,0.003781104198633046,0.4234317871350751,0.4433847119357796,0.06970356702142366,0.4212760388790368,-1.2659062671183297,-1.464032404657738,-1.6801444593755472,-2.028278011946779,-1.202332910442978,-2.0295645686390564,-3.137733597302893,-3.0959320427346477,-4.836918206281033,-5.836187959791028,-5.391219486971971,-8.092486158152717,-7.199674453126758,-5.170134795589442,-6.777204042743054,-7.592256917558063,-10.37312018536502
-1.8851456776165925,-1.4206180714212455,-4.263363447655905,-3.631756854067525,-1.8268697983906752,-1.485775508837198,-1.7444877221229358,-0.4404533193371225,-1.562401209127806,0.9308118514604906,1.4886116940120975,0.3343094883577693,-0.20567739449527178,-0.37102760326131645,1.1824090364036977,-0.10133108306499698,-1.6223851999498875,-0.06052780145810558,-1.4552420929348793,-2.466337558833192,-3.2153313693330015,-1.252714442583692,-1.8519069632663512,-3.199186888021798,-4.49603994818808,-5.178861598030594,-5.666314586608473,-6.329699629313923,-8.193857598769805,-6.322730070878016,-5.9865473173503645,-6.904698780902203,-9.551352836309352,-11.231057172572305
-2.2793992500487983,-1.6083406417739836,-2.670270868025694,-3.116841722737842,-1.9116728834539922,0.07865171587965279,-0.425871335743587,1.8527044936882742,0.5046519015624893,1.977195768658078,0.6262504535712274,-0.1119219809973629,0.39384645220784825,-0.16923026402676078,0.2312743032874414,1.1973505666160262,-0.37511008535013957,-0.6668844014037878,-1.8397429281328956,-2.5476955744841425,-2.5352616592551773,-2.5436543402961473,-1.908591293236703,-4.204956825679096,-5.736311708495246,-5.626661026669721,-5.455970809656939,-7.79116082358094,-8.245033601923991,-4.513926215130102,-5.958697766860765,-6.144980674534307,-9.394542048302991,-11.167617379282458
-2.969183829800174,-2.6559081906652238,-2.5365573989240766,-4.959994493355005,-1.344985320134506,-0.4235643411199903,0.4031636738115549,-0.3355322448756359,1.0800468583202167,0.6447041373159058,0.5730582147836825,-0.18131916760048167,0.27795440765399937,1.1048047570738289,-0.09376667706569237,-0.014603655353539895,0.7196567669116789,-1.7742365986973185,-1.9778476934466604,-2.203466379936151,-1.8965506088104562,-3.382892835059191,-2.682886327014535,-3.85625034578245,-4.976027778984131,-5.992669011563472,-7.4327827926965275,-8.473260381458838,-8.533607065146915,-2.0708094876749263,-5.826691027696433,-6.823614754862875,-9.377227776553099,-10.20986796173175
-2.970480025176234,-3.639462850359849,-2.3824009213224095,-3.9981835293990273,-1.6738192848332614,0.6160826292909986,2.112099754907496,0.696213633759628,-1.7134524728493004,1.1609633785444813,2.48224800180397,0.03849675995375706,-0.05156604309478223,0.257817976290803,1.8120521031918368,1.1827670584939154,-0.16484097606217873,-1.4267052899215267,-1.2842142196639836,-2.0180023557118942,-2.0496132186708724,-4.2101168521114944,-3.743672393937736,-3.74934667218028,-5.5457800193621996,-6.4807591187183435,-8.347747343947194,-8.498854689946373,-8.596168762646775,-2.0690069048673174,-4.378331959363946,-7.110304410667359,-9.000942517554325,-9.495303585161388
-3.268270497173663,-4.46636011136308,-3.2317637628764806,-3.7434687475812036,-2.345750454845383,-1.0600243395159203,-0.22597467933824503,1.6532151311532823,0.39778939769595534,1.3008888735671413,0.9021331850597315,-0.9486519483318234,2.9367633846932986,0.7473829807372115,0.07103588954311575,1.9609423976105647,0.9895382831235929,0.8002417283996733,-1.0728932642015272,-1.5985271625734567,-1.4600039928170079,-2.8819833497855862,-5.307414718777725,-4.260126226164058,-6.23467193973397,-7.927711168858315,-8.763610276336196,-8.997763593134758,-7.301944902775275,-6.161986352668298,-3.864313686832004,-6.423571233812566,-8.576358244322632,-8.562524852715457
-2.2350659050386334,-3.881839873150748,-3.8456480819293115,-3.915287140425792,-2.495687095863771,-0.8573330317149904,-0.29307147642067743,0.4495131967612072,1.0124764507275248,1.0702339900377278,-0.34613763327983627,-0.2934880555188843,0.7357242578440095,1.848373137656669,0.1979821819738129,1.6551095911928206,1.135217543048323,0.8523138201531505,-0.7066553889458799,-1.0175888447687556,-2.4976473572798623,-2.7821431507798837,-4.751080355984889,-6.559987637359822,-6.484808906364812,-8.464615683056383,-9.294747343096704,-7.8601271158637465,-7.079523386559139,-6.017322176615236,-2.8111063943653027,-5.6393105317066174,-7.890964567207547,-6.46291508051831
-2.2716512411644874,-2.4341831439894515,-4.1505510860629,-4.152446359835723,-1.4822299001052677,0.029018120771798085,-0.22764616671418905,-0.3207895437209629,0.44585636292987346,2.3220799326204373,0.9436326974585301,0.04321398054194033,0.9434568197227681,1.4060238511966172,1.9883883354189447,2.488983053453817,0.23743547977611992,-0.2515149975392281,-1.393156646559575,-0.9178827080126467,-2.9305052544372634,-2.616201258696282,-5.284980033669829,-7.664834051226855,-6.745599710605018,-9.768851550378308,-9.359047166332827,-8.522107648644422,-7.865696952454084,-5.654449114075946,-1.719750271958763,-4.226283887947753,-6.467717155249639,-6.323251641432727
-2.978104033472379,-2.9530400402119987,-4.589829131701185,-4.582147972936307,-4.577110872272179,-2.343252853559222,1.0080881104960548,1.072046145435834,-0.6836416993099427,-0.5561839536516577,0.9586323144863036,1.283095983855681,1.124922809954022,0.4545105839738199,1.3088990441509563,1.0646142818161712,0.18462096230526084,-1.4519910086057648,-1.5870979375792227,-1.840523896283545,-3.01304418822053,-3.8063530067535876,-6.539542639522921,-7.352613820411399,-8.218106104741981,-9.011073119684514,-9.06430083562212,-8.467485191005764,-7.0323104104105285,-4.668770299321512,-1.7759475112469176,-2.894323250720378,-5.599269414619334,-6.487304851703492
-3.6830816489816147,-3.6867691255168893,-5.352220782197732,-5.504384628782841,-4.760281897422029,-1.8759736333953687,1.097033368291822,0.7768409717381157,0.8183536703050449,1.9435575532157392,0.8571336550032198,1.6860219518686808,1.8048479195295875,1.5185673277389882,0.9453336360414666,-0.18445943030472486,-0.5487628775185751,-1.350149060369625,-1.9216130325521035,-3.137602812555412,-3.7859919382866565,-5.037378902372986,-8.129191239091227,-6.905622509468776,-9.176268448101721,-8.86667086621992,-9.288334929683987,-5.933544375515289,-3.383728999615676,-1.9841197367575507,-2.44194764217304,-1.9444929036040117,-5.574745007719687,-6.4851908151229445
