script/wind50m.json
{"header": {"parameterCategory": 2, "parameterNumber": 2, "lo1": 3.000054539987559, "la1": 64.9999836372058, "dx": 0.5, "dy": 0.25, "nx": 34, "ny": 52, "refTime": "2026-01-03T16:00:00.000Z"}, "data":
[rows 0 to 24 of 52, columns 0 to 33 of 34]
-2.482853373517001,-2.1283660381252405,-1.3404596208916237,-2.4738734580235398,-1.7892494666578902,-2.7806500594938637,-2.7517011603967325,-8.722355690002706,-3.8477582965706314,-3.786359628443455,-2.1765038214647956,-1.1494459800774637,-1.6956012238450968,-0.962332468926613,-2.0960207700944284,-2.2513195832849586,-1.428710818918135,-1.3611384066756558,-4.573245079987934,-7.394135164916786,-1.6543052414158386,0.4118384295054575,-3.9357363865621973,-10.056561809991322,2.04341218939064,3.332187289100558,0.47609181271518597,-2.559964689648852,0.8716520877074048,0.184082154349576,0.6897951405734657,0.5800267157141138,-2.4216083340751724,1.0060243652005485
-6.162566039108374,3.3134050411451796,-1.6398312583902002,-2.2459043377453463,-2.1035236395677117,-2.7233433745223454,-4.871053448276589,-1.3748169015967209,3.403159635693207,-1.1148370464285429,-1.8728466729126652,-2.4251390053638207,-1.859261193367459,-1.9935852453138947,-2.189644704820303,-2.419646223559395,-3.9683813352211557,-3.027032894098735,-7.404129644991667,-4.048271646313104,-0.2658078109599972,-3.014069675288766,-2.4455366098721374,-5.163270613743917,0.22677040553770692,-0.5241787296777191,3.223890572513093,1.6065736389893717,-2.3912284492040263,-2.350943007441025,3.2986108190445105,4.213641793267849,0.9596720284527602,-2.9728627131158913
-1.7940382395860173,-1.5021516909911257,-2.500386482272282,-4.459647285607164,-1.9652339324445551,-8.842429852963964,-5.415204506595473,1.7469987774072715,0.41115026212084654,-1.3243554910201933,-2.0523328174279487,-2.40696026326709,-1.8550818943388248,-1.1813031664121547,-1.8426615358188492,-3.600130382608576,-5.867436270089046,-6.1705089779186375,-3.744732684430127,-0.30427186872001055,-6.1931518217500106,-1.0615068518795427,-1.4450545520511826,-2.103194765476916,-2.5792116432940646,1.9495611593528084,0.5343980985979924,2.5421732529132495,1.1056849899772183,-4.0283794775352755,-0.9263750077175159,1.6151618458951922,3.127257219117617,-2.2021576291249607
-0.5628309477827188,-0.604615703227915,-3.773062633731869,-2.0514308324910155,-2.6428964837224,-5.680635071879761,-0.4376175113779092,-0.8498245310637096,-1.4632979104760757,-2.156218635013005,-2.332012411621313,-1.4622807553015087,-2.4206389722328363,-1.936271750610073,-1.7108930996776899,-5.8880530016009756,-2.2974816413554198,-2.368111666481837,-9.360336712235089,-2.850337562476688,-8.589954995891258,-2.4499591703041523,-10.986434775399866,-0.8466760101906335,1.2253661185364824,0.868822373014977,-1.4152942974837874,-1.7532976597915182,-2.2220290159951217,-1.7703511839312511,-2.104519540382102,-0.5517294917785344,-0.5325681699802676,-0.18062628077666595
-0.7172647722631396,-5.840447864636799,-1.9385738188074897,-7.357995376507867,-7.653969090421202,-3.8803835676976735,-1.9120005848986814,-2.4466456757919257,-2.90420349759016,-3.3975611700133848,-3.279254915342168,-0.9706105497101428,-4.020047937370618,-2.744233556997218,-5.603263966713836,-7.722355775262431,-3.6062256632389524,-3.1564702271755465,-3.503834560571782,-3.7606237500207844,-11.453164293207742,-8.092122439512403,0.4795663968062104,-4.967936662242068,-0.24959917753780092,-0.9583446395442785,-0.15622916867075706,-0.11626619383957168,-2.67994877590809,-1.7996291471400776,-1.5732020393106598,-3.272808353669962,0.4084289723350928,0.4793182334010461
-3.093157753357879,-2.550282315673697,-5.33047770941115,-4.54598606605896,-1.6911140086772058,-3.0326342432406035,-3.467932623197408,-3.301791285955964,-2.811706535219987,-3.826091299848046,-4.5270205792222695,-3.596006392933008,-4.4107855356694365,-5.230405728520075,-3.126370017085081,-3.98012899576391,-0.7605791556994376,-3.5384793372756365,-4.772468744667238,-2.700527377687991,1.4201166191267227,-4.663076061420105,-1.2673292069940238,0.4249124945742158,-1.8257078196175787,-0.5797805073470739,-0.7331820621453274,1.6993740163075515,-1.6505233754507316,-2.591632355156853,-3.352785596939075,-0.6332981499603703,-0.7530461134802231,-0.6285516392413701
-2.6005254209339306,-6.782591856906263,-8.10505166027346,-4.630575516261402,-4.7498535860731534,-4.62796460904871,-4.697238232918279,-4.277656738472061,-4.385722491826617,-4.1391787612912,-5.0597129868944455,-4.689436179615585,-3.8205967167786055,-4.454314566086654,-2.6344998377604103,-3.5235311644438587,-0.6533023745053813,-3.684233411974913,-9.297920592645065,-3.1089181547543143,-0.5454990366895798,0.7067118803994061,-0.9485642789104405,-1.3891267464229025,-2.867865380414997,-1.6783537470682437,-0.14929192070085276,0.7926384651834854,-0.5824877583834381,-1.1486974736514417,0.23775181898983092,-2.122799492905894,-1.618068167355449,-1.206183478999283
-2.3878675209106266,-7.77109842569826,-10.528477185991386,-3.433029376908761,-5.162531635968687,-4.875042080200786,-5.067683617384869,-4.876170772615296,-4.857033114017143,-4.8780829464990445,-4.873187658690819,-0.9746762739055648,0.08566525305534374,-2.5622019672551115,-0.1804123898304602,-1.296598054937902,-0.12433325670967957,-6.619243667971326,-4.525946542539632,-0.8728475807230445,-2.4516241623929966,-0.3026690711683945,1.4048226923797393,-0.5545037490478492,-0.4711432235340791,-1.0818896584514823,-2.4240820226693587,-0.369367416431566,0.5243143380825297,0.18661947698637754,-0.9516967581068789,0.4696681534923982,-1.6519948009501715,-5.0661843746767135
-3.5650192058701093,-5.164797489408288,-9.512832693112088,-6.2183100968758795,-5.1835486181263075,-5.4112606819322036,-5.262336579203589,-4.808742874317698,-5.393712866916677,-3.058214204263781,-2.5004866366899168,-5.1378977219898685,-4.251234869779294,-5.114392654798193,-2.4787737978069444,-0.4145789324304568,-2.9791935180994455,-2.801517447790881,-0.8696627538949867,-9.262270070317598,0.9000436441743018,-0.8796470665351005,0.5554026344532689,0.8405549681686727,-0.47240696445148084,-0.49553952086239017,-0.6602130363666056,-0.21387407357607152,0.4458860715906753,1.694412834750615,-1.2231100867239717,-0.8850232651850247,-7.704367632816777,-11.89785370496549
-1.0679597817155648,1.468836943452486,4.952022782480248,-4.240467355354988,-5.157762148533228,-6.055161422394735,-4.651032280920421,-3.5295951442315303,-5.735865074441521,-2.97987126361067,-2.80184836900412,-2.0964148135486727,-7.514349440648332,-0.1495657946569241,-0.2943634933979935,-4.865693982664041,-1.4684575795962023,-5.414205644547122,-2.397919601799965,-3.0810635513014266,-2.6096773983480666,1.5834747061472862,-2.0947331773252795,0.13777028511675804,0.7598226743739228,-1.1840341708319153,-0.04145039201867789,-1.5180287274822166,-0.6963676330340719,-0.8128041795487125,0.46936793001073945,-6.559187262744605,-12.169888664560595,-11.598579192392547
-4.127634346945059,2.1427925233396876,-0.5043889303380191,-3.6447328888728694,-5.330750913536041,-5.9891435982053745,-2.5277339619616424,-0.8715473946743315,-3.8838878963654397,1.7006694837686709,-6.320540477275433,-1.13214246487469,-0.23167375412440713,-1.4059056693910854,-1.6344848615612957,-6.700398571225369,0.5834103726551363,1.9201103976925815,-12.317389940565144,-1.0616962430620893,-1.5251628753275543,-2.0182633487216037,-4.266223482107287,0.3132314817288691,-1.0433835097326516,-0.5025265974310318,-0.6611487363107479,-1.7917472196398607,0.8508553553842243,-1.4056825574189615,-2.57810372394625,-11.741566258769929,-12.1604971268147,-11.257218791959566
-4.533448837931942,-2.04779329356469,-2.943329067320095,-4.466468857499975,-5.493412298681507,-2.53567325199965,-2.954706189863094,-2.48282230938236,0.4662030768306135,-7.419434752452212,-0.8890266085311774,-3.616541193848238,-4.139498813094057,-2.5919015045277116,-1.082923374863273,-1.2794108535018935,-4.854190612132559,-8.806057547249154,-4.174563461119428,-2.561105217231589,-3.33266852459283,-3.6185313985519985,0.004084703785830453,-1.658037520254017,-0.12129560567310371,-0.5789590380395367,-0.6035854666147064,0.4128419951042534,0.49250641596746475,-1.7440730349872025,-11.980347904529179,-11.362811903036109,-11.591065705462,-11.116017622373159
-3.1235462812555497,-2.242098120318916,-4.284696090645589,-5.299449190457873,-5.057424678377715,-0.785474420785966,0.5324591103273661,-3.177510642783357,-5.772890064435992,-2.170662619283267,-7.863504566858136,-8.29427391558806,-4.761968779197772,-7.62765925453475,0.11986394362032911,1.2651254779411831,-2.363115235116065,-2.358782692004738,-2.681188874737928,-4.553516920161711,-2.193036268390054,-1.4885503066261783,-1.7249393375364739,-0.9666628179809587,-0.5334608726201068,-0.48392562410217316,-0.5392000066402494,-1.0390404061726888,-0.751172533003918,-2.865431691360544,-10.884673387104202,-10.874049184983013,-10.55581250723394,-10.192743167466421
-3.502973382512266,-3.4311726626752512,-5.478327020606082,-5.4633470047720465,-3.435982403374649,-6.176931850460999,-5.12014181020337,-1.658711744214141,-4.017249184517581,-7.057506885074992,-6.710825854983476,-4.4150945980327565,1.51699506572723,2.9727948977102296,-4.403863327292951,2.4898738144837202,-4.284086760452783,-4.992526181482519,-4.234589008019204,-1.3422063634358008,-1.1929604788356885,-4.760453716017446,-1.9187009665776467,-1.829463898767827,-0.43093290008396073,-1.0588814429688593,0.7080514999889278,-1.1072409471180389,-0.26242335483482654,-11.082013621345812,-10.633704370217798,-10.41418933643335,-10.179888490186945,-10.07651700378987
-3.300940200179689,-4.4401109299966155,-6.807599211413307,-3.9672449712967497,-1.7346103631832543,-3.988072125994948,-1.7800470834744546,-0.6812403836134381,-9.258715503990251,-5.686047761113559,0.006667935231294018,-5.968448063975884,-1.1337902706134813,-3.111558483933085,-0.5562776276070357,-4.937604609642082,1.1477780411068303,-2.033360476272968,-2.315179360182934,-1.5172180782984361,-1.0825262006753873,-1.6550249733286668,-2.7135502197319266,-2.021491156721348,-0.49858202109745786,-1.5729777334348032,-1.2183628169121328,-1.0055227501114476,-0.7849623990023912,-9.94060059254209,-10.045713306156642,-10.2379083643558,-9.647694946312361,-9.681402371608833
-4.526584515952313,-6.070395738534684,-6.535603614950364,-4.115276400788852,-1.2905526907210612,-3.5398866335593753,-2.159093563975576,0.4740017723091097,-0.05763704725165548,-3.571761944171096,-4.27372079678042,-7.664564091456699,-4.662549418325925,-1.2021459623325412,2.772939927343948,-7.289975332599126,-1.3069961380015236,-0.19080894892578237,-0.8023117213795559,-1.6168247417794155,-3.801552563469654,-0.882261405645312,-0.9873531127237501,-1.9295293694887925,-2.3671425466355145,-1.5924093841185014,-1.8831250588040311,0.38828994335930644,0.2663822912551494,-9.34593419894658,-9.575285664617269,-9.313923697868118,-9.866041402557153,-10.320133670890002
-5.6733443618043555,-5.693947078767271,-5.791723448917399,-4.40804437060459,-2.524931744770812,-5.083284034427497,-6.1257106732042494,-0.47699132924404486,1.0904266266024525,-1.6231641426265517,-1.8774571290267017,-4.165186841780373,-0.8452769906402225,0.48253123317119223,0.21329474034836607,3.3537653730504258,-2.6293715404224813,-0.7061789840723732,-2.44307249608725,-2.864321615822014,-2.0728118170062797,-1.7554645114312517,-2.372244203469756,-1.6033793862549561,-2.8453728999072507,-2.413889822551513,-2.4877854718211627,-0.6802730471238193,0.7234366509432716,-8.803375490287761,-8.698320330936147,-9.770544366547007,-10.430083899178406,-10.394062327568387
-5.098657225340208,-5.0529587678412655,-4.171786666371697,-3.720101878603274,-2.0575689714842413,-0.8633533660336434,-4.752266943620251,-0.8299558516804323,-4.827980574332683,-2.0848547435922478,2.402455423385336,-1.9464852212358632,-2.059899705482365,-0.06397326574570064,-0.7323917203759294,-1.3605301632332314,-0.5301275711445589,-1.507051522466676,-1.7686181159135985,-2.798544971638839,-2.8389508795355307,-1.6762563800121582,-2.21740094105921,-3.0707106755088156,-1.133236018545808,-2.031736741012486,-2.1644700029128607,-0.9304728251037185,-1.7166343148323528,-8.000346988643335,-8.84942933005763,-9.486727619576635,-10.4757859550942,-10.270435243227878
-4.36056129537775,-4.200435070228117,-3.06435730412068,-4.2348156727019,-1.444432388497281,0.3613208124665238,-3.3514651908285646,1.096761462579186,-4.526141088803683,-2.284016994001983,-4.988473701810403,-0.8164464677521169,-0.04868241774527394,-2.944612422203597,2.2024000214258477,-3.0909722377455933,-0.5418191878970139,-0.5040890196098705,-0.3250490149193246,-2.081464262512747,-1.994212748936385,-5.212574320339782,-3.21054452519394,-2.374675186421646,-2.2692954277751047,-0.8847771961595321,-1.9575985282977366,-1.1913890458192626,-4.089220569205999,-4.77359256997851,-7.425480124546444,-8.650719979503675,-9.877285842022085,-10.616829238482264
-3.6335328148130293,-3.5454565122192516,-2.8751487217004543,-3.9659418896623957,-1.4056959875576145,-2.9965156861679714,1.263360940678141,-5.0197122205677,-4.711091582345605,-3.9859982325084604,-2.5416858200989,1.686829676475986,1.6276782094767217,0.04412516125615884,-1.3415023730439937,-1.3631584946657374,-1.4883562250183122,-1.3393684964659562,-1.0674335102775792,-1.4951162591353266,-2.033039598339729,-3.0845334591637728,-5.096494087718715,-2.6500281331561433,-1.0139300505263436,-1.5662573713383157,-0.1898945605405587,-1.2504707998975613,-3.8270840025872475,-3.456689647383366,-3.752771767268327,-5.545963540526011,-9.503106620899556,-5.80854886290385
-2.9772627459931464,-3.4025094178388566,-3.5774504785432772,-3.9635465325829946,-1.7135370660901639,-2.148229680383864,-0.5842451660200642,2.4635488626691466,-4.754630598236659,-0.5972718015480195,-3.910485837173799,-0.3784522483441508,-1.2540643384953454,-0.9608323201448487,-2.356169226307392,-1.4990297185821202,-2.4779935815199883,-1.0882871695150147,-1.1783964103573235,-1.6944872529276187,-1.5148784116767595,-2.026688994805642,-3.4300748112375308,-3.1921716092332035,-3.429100249464664,-1.0549206164807228,-1.2256375003195885,-0.6668185534339667,-3.355088342461809,-3.1501253866507537,-3.8963510089841695,-3.5632042844898364,-8.203840974833652,-10.514016335492059
-3.343548399899324,-3.166350970958963,-3.94260359529617,-3.121621440114965,-2.4126651144048417,-1.9019260543688024,0.5586025985473445,-4.008271126748916,-6.989953452513612,1.4481746230082055,1.629552810689991,-0.16060962953892957,0.2987793975695644,-0.5912286136016913,-1.0597101187517988,-0.05129934595136832,-2.152572289208519,-1.553297668537205,-1.207573321729909,-0.949173150784497,-2.7598664399435795,-2.148719392744236,-3.0214782217287564,-2.1868204911895774,-2.2317130275668133,-2.618639759123298,-1.307047123716898,-3.1602593662993947,-4.355423759113258,-3.4558013213723076,-3.762279910727302,-4.4235848441614145,-6.82852798784734,-13.07216269070146
-2.8035466025980846,-3.2793799458617454,-3.2066567919327755,-2.4903457398608735,-2.955979496914876,-0.21891213900044615,-2.8343103835990635,-2.8759923903738738,-3.31525725070274,-7.5003373009266365,1.2957398586040039,-1.6580348111173198,1.1640692325035935,-2.1388986287849194,-0.1117485593291677,-2.4827370694812787,-1.4946683599921902,-1.8656411318402866,-1.651780722211966,-1.1852657063800156,-1.0569672471897997,-1.1084931120799668,-3.2028404576271585,-4.527294370405072,-1.4459974452226385,-2.998017829341197,-1.2465173813228818,-3.619577747260989,-4.261345286681582,-4.463124834315363,-3.8715845927173853,-5.151321361872269,-15.018109067255121,-14.903502464694897
-2.2468555193532795,-2.2489509217052346,-2.2865970401455336,-2.1433301698593072,-2.9241299899590993,0.4645643919027284,-1.5242631581939254,-9.794044592065312,-5.343491644658336,2.919138712157764,1.3766590642758254,0.7921436555286273,0.03355374854057662,-0.6527260086478465,-1.9287915413249013,-3.4652129575568913,-1.4121143866138002,-2.0776374346565274,-0.9036243117839207,-1.2146829899771037,-0.5727024520948035,-1.2080687000745205,-2.239652695115606,-2.352236708928914,-3.3035697980827075,-0.8611111797066799,-4.526627602279628,-1.9445098208820775,-2.3264929705450244,-3.2366991224544592,-2.8380076951664974,-3.0038962935711995,-6.129148409569139,-13.536133026752651
-1.8702524583819202,-1.9241212079417518,-1.916810286755386,-1.2626170172033593,-2.5128499878034134,-2.4706629981406967,-0.9678106756887221,-1.7622546050502477,-5.588828047188715,1.43489591173367,0.8819923476330972,0.4413111297246973,-0.7473999324611403,-0.4081039777599367,-1.4380538205857218,-3.3928995908219206,-2.1729331021786464,-2.1751397821865868,-1.2851162701780334,-0.4522772341078457,-0.3647282666451676,-2.1967483082102763,-1.8032411991161714,-2.543346916144916,-2.8822289445794733,-2.83259169898523,-2.939422707403293,-3.0164737422672125,-2.120989180713672,-1.8275104513091804,-0.3761239798620931,-2.9594368700044553,-3.964205180904192,-6.251758900842935
