script/wind250m.json
{"header": {"parameterCategory": 2, "parameterNumber": 2, "lo1": 6.000198445256149, "la1": 58.999992894266676, "dx": 0.5, "dy": 0.25, "nx": 22, "ny": 24, "refTime": "2024-03-27T11:00:00.000Z"}, "data":
[rows 0 to 23 of 24, columns 0 to 21 of 22]
-4.547810105252579,3.7055404775532206,-2.837270397979484,-4.55528309106084,1.7612695936402916,5.906897301584813,-5.621469932457833,-6.93749778419256,-4.6538854825698,-1.1860883455552436,-10.919730868806447,-6.588104104398201,-3.2472783144130055,-10.771605025257903,-6.386476207366673,-7.277990685525459,-8.689328581567665,-3.8368935530201482,-12.9740699020042,-5.804769359507792,-1.2190656676079827,-7.51229492965102
-10.915331163962273,-3.2008613410666253,-3.439168825357427,-8.258847091550606,4.408042783652974,-5.0982889126356135,-3.958941732733312,-4.05779366094115,-3.8365577447292853,-5.977556694733981,-7.330713561931418,4.434206715058409,-3.539233127920793,-2.588302243730754,-5.985593234515272,-2.7908733032442257,-3.7908212003194555,-6.645540350346261,-6.649699466408572,-2.5469605068497656,1.2683493215224813,-6.239645781710626
8.272988586556684,-3.974555300119212,-7.2989941843265695,-8.025293865614438,-4.380017401055481,-8.859617486558214,-8.976169367544012,-14.215978313278129,3.8841693811859366,-0.22425368673671928,6.515625617558697,-3.6645991345147224,-6.391427092664205,-5.560430380020892,-2.9058484733198284,-6.206279407898904,4.236223820711132,-3.8949043887474857,-3.72836321412536,-1.8883672835754204,-11.33580914067059,-6.1403686569288665
-6.392863032617045,-5.639659079066104,-10.047614087033338,-7.0334585063238295,8.600613561156843,-6.881038998351344,-3.942577593500503,-8.686869285461523,-6.026571989620219,1.540411672805494,-10.580475340928475,-10.418843439375845,-7.737575612681471,-5.4426641904143285,-6.599559335960282,8.389690190368858,-6.44280102052586,-4.274568590378203,5.070082398970387,-2.520793662476804,-3.857064376612438,-6.893164866221499
-8.056941377304103,-7.290027372436591,-9.709844196789962,-4.524782714866335,-5.989338090890549,-7.3559439647428935,5.309620151228838,-6.216959035778517,-17.485875982120632,-3.6506455539245883,-6.603370243758981,-7.6334257431466135,-5.596701329092669,-6.971478603430047,-6.317496099288596,-4.109829145970476,7.231435259199289,-4.291551343892443,6.944046740039692,-12.007719336155484,5.066931606725631,-5.907565969195635
-6.734715557287294,-7.0470481538778715,-7.779001918239463,-6.231502685449151,-3.8149064322369646,-2.19439952079969,-4.149057711234716,-6.3163327629730635,-6.683583991402397,-4.336237705894008,-3.2003705221809393,-1.8711252386299464,-5.742915202506648,-8.67526790477984,-6.724097304328049,-9.289601769170442,-5.738411686659938,-3.802653810964548,-2.577309972179327,-5.813844129881933,-7.038674109475144,-6.48078332173515
-3.457064137056123,-4.078405249667168,-4.527748559555327,-6.77840104894612,-4.373759108758439,-5.8404635548903805,-1.4251780911431402,-3.5272977923296174,-4.326110129890921,-3.4113926422719443,-5.794905866460206,-9.735353577526466,-2.3678048517861514,-9.941957860714572,-3.1639627638184558,-4.4325567715929255,-5.002353612174172,-3.776976275650304,-9.674872697666478,-3.9979474779088475,-6.984759730424593,-6.118837341099534
-9.373887463296734,-7.81863184077793,-6.250140680544569,-3.7287792137317526,-9.435180343403594,4.431535611576377,-6.263730793014913,-4.953523409115666,-3.7212487191072405,-7.073856197001478,-4.221615827182878,-4.087166778687768,-5.657563164425764,-6.640449496957352,3.2929226664350173,-4.968207857512084,-4.789866182060605,-3.8902552724461597,-7.836471856650512,-6.54179939808175,-6.79465347911816,3.5893041332415243
-6.546012331254802,0.09453983059280875,-5.2028079996712995,-8.998986439069563,-6.3453060956191765,-3.158733107036593,1.0638701377418829,-4.044865393110101,-0.9046488220704877,3.374750889042722,-6.6947245757342815,-2.3562518453704757,-2.8219975605751935,4.74079993035407,-10.11946464343259,-4.2647360042039475,-4.3430872797412645,-1.491620790544215,-3.251728071590041,-3.1278839068669715,-3.7813671841849072,0.22004223426364056
-11.0709199854512,-4.844369027199478,-7.519255332692075,-5.133045441382546,-6.792372192152006,-10.459175048807781,-6.34321091351381,-10.352278633017486,-5.785457018963583,-9.000819904823935,-6.776071384547745,-2.1767019836700428,-8.688192355511164,-5.310356500002856,-4.435646769077939,-5.539034226258649,4.748670907853715,-4.886559203443167,-6.055212815704177,-6.704680154067676,-9.890614418914705,4.3138558317434486
-22.48308899510584,-11.281549185069473,-6.997988566363197,-3.5638814959984,-9.251778012067694,-6.306057873841519,-8.68035237863139,-7.805814649968246,-3.422065417551969,-6.5361633151032414,-3.70799476010384,-3.0495911822115827,-3.745520466432314,-5.411518984032051,-4.056200960602466,-6.136632006539865,-5.434120337395541,-6.270503219779363,-3.2247237770564565,-4.577142317500304,-5.710558278835058,7.268456128176995
-7.198463272291039,-4.020522653260577,-4.3875445951279,-7.87633045792917,-5.507239866870663,-4.574851673531656,-5.09871274834911,-10.76332176126261,-5.750599997490332,-6.770200428288103,-3.7707130251722383,-10.223637272133903,-7.17881828552623,-6.1468871871073505,-6.455594888133181,-6.610400617812597,-5.49066557220536,-13.800963612882766,-3.9423840700271606,4.091031997318802,-3.210440371582211,-6.3013948822341765
-7.006352206223647,-9.949892655049448,-3.6558580394296643,-4.132529733053429,-6.217385648009743,-5.276910012199871,-3.6560252952133907,-3.588744141197879,0.9275946318307479,-4.161571434290337,-12.11438043829813,0.08642078066975704,-2.9649916766502358,-2.553160333639297,7.959542393919595,-3.735507680921755,-6.627791644761265,-3.434666921033233,-4.34538317662345,1.1836749647505544,-9.289811489011312,-7.941978656468059
5.531511474406505,-5.904254508566094,-3.6573631699566884,-7.2859226452098635,-7.711204616549794,-6.661860131555591,-1.2733787975109268,-3.925238835944576,-8.012002012053054,-5.634371060082912,-6.838560952605355,-6.173784964997905,-2.1924896738171213,-4.85004740639822,-5.074106634579642,-5.602856426090055,-3.9553278937189758,-6.311437726034433,-2.8428121461075615,0.2859758678596511,-3.312484605113437,-7.185949577163061
-6.06017950327964,-10.396803201979289,-5.0626715939717375,-8.977206893960403,-6.596587586079352,-3.463195416385835,-6.463711242481208,-4.501663863887319,-9.334343203911924,-8.098837627664311,-4.105091265018202,-3.600359626981388,0.24196037157207667,2.86660822133448,-5.862834560445603,-10.974209345537806,-6.657889628017595,-7.114899753500467,-5.390240246703964,-1.360936641079674,-2.634889490701826,-8.576534752203914
-3.79485636363219,-2.1286794532386057,-5.550687147720326,-3.0082339309970743,-6.789997693217478,-6.419579271340581,-15.281044789224774,-4.347964879711044,-6.408404012638234,-6.635224735942277,-4.440409043119051,-6.427510713587975,-6.310495958165404,5.4003646535042895,-6.334524784660235,-9.818000290677483,-7.091872586721187,-5.799875756512424,-6.319975702432688,-10.974098065968231,-0.6970729935889044,-4.754596015798552
-3.546360543771138,-7.861151171160459,-4.525018833394286,-1.5307599894152117,-9.238169377379291,-4.290655911685947,7.649705960393163,-1.72941009329671,-6.470908951688111,-10.022789678875466,-17.573511431997897,-3.3842779314544935,-13.4813025081827,-9.920151487230013,-6.638943312844552,-16.148419017472992,-9.984245072557027,-5.201991322093089,-6.778109897125817,-4.909019071860411,-15.479790726226085,-6.682393462215628
-4.479676703656124,-10.190355536046555,-3.6005239470351724,-7.272497306121329,-6.224567623136262,-8.5154361884898,-7.834406237239753,-5.254351933870784,-6.358087608788141,-5.312821445827066,-3.5796411586872856,-5.082236288435412,2.3707364691146777,-11.938545820760512,-5.1143964247472,-6.303251077942905,-4.203234253880414,-6.841825192081119,-10.538031986286997,6.288048265507645,-3.5155812141626646,-4.71592591077978
-7.122759731977919,5.417585037147282,-6.994525727030775,-6.875572828425993,7.592679152907203,-4.538962369749507,-1.2886522385379116,-7.342666417220509,8.343624033238003,-5.4533124762484935,6.610624676607895,-3.8133878583131895,-6.229476907285966,-3.5226045050645203,-6.277329411408121,-6.423996860591746,-3.5881807063800815,-5.73762535720403,-6.788315070022052,-6.106771501963276,-4.988674298258797,-5.392535110701216
0.8067608816904399,3.4161576190268392,-6.34762321607139,-4.69461241933046,-2.693839135426813,-0.8736239247687576,-5.778245283558466,0.5990388594696692,-10.109142404087597,-8.544518002606472,-10.457430709601207,-3.567773925012016,-8.981744766050705,-7.038151683101109,-15.920692851549925,-6.5755748248436845,-8.526934064492334,-4.6824923372548035,-5.947370524822536,-4.089593667083064,6.040570860854261,-4.365412525958824
-4.901484168625144,-8.052200371279538,-4.724241322507503,-10.034880666269466,-5.654716774624744,3.828538299518986,-6.653575568581724,-3.342241906305404,-3.422147590032195,4.108111018306598,-10.067052431189598,-5.349881581218359,3.8726145127091063,-6.484708152705879,-5.571456574118744,-4.642697744833746,-6.1053140808634625,-8.99452236025126,6.2719225606247955,-10.948289930865142,-6.992909718760678,-5.706721794921693
1.5795375390172732,-8.885708904059557,-6.171170671106826,-10.542404178697218,-22.23711525339468,-7.650406303181505,-5.462385801444259,-9.761617860335807,-6.8395444032339086,-3.898269200497118,-4.319758034955725,-1.8411763343176233,-11.517409082115671,-9.240905758449852,-5.3071457241627815,-2.2874442351098963,-4.9608995669877185,-4.017311540405061,-3.573943286050104,-3.4646785128425477,-3.7001094840165156,-9.632026755926105
-7.601506082397409,-10.400454814118705,-7.555018887887356,-6.853602524843431,-2.4142680461770225,7.557160677415964,-7.71687161007619,-19.240638146998272,-11.29850214592173,3.167993094512288,-9.952657341176787,-5.3398444243533865,-4.47981759517907,-6.463970872947279,1.0983224334211055,-0.33324077186773654,-3.3976501166591015,-6.893849575513439,6.357553402036621,-5.6281486868981,-6.921450570284286,-5.372543166032284
7.672258221311691,6.091166624826595,-9.45351327228601,-5.548472007667375,7.167463876663451,8.8647853784994,-4.286717986192764,8.019566153442552,-8.127935704954174,-5.1697882522566925,-7.568554501370645,-6.480068820970161,-6.9957545622580986,-4.835327454521581,-10.542865842191832,-3.5191511454973456,-9.669845332955687,-6.657083216442075,-2.466974164997359,-8.244880367340501,-1.2905388586772713,-4.244278066182792
