script/wind250m.json
{"header": {"parameterCategory": 2, "parameterNumber": 3, "lo1": 3.000054539987559, "la1": 64.9999836372058, "dx": 0.5, "dy": 0.25, "nx": 34, "ny": 52, "refTime": "2025-11-26T11:00:00.000Z"}, "data":
[rows 24 to 47 of 52, columns 0 to 33 of 34]
11.538799932133346,9.873312934991905,9.868271299907986,9.140838527926235,8.60852122452906,9.92017353361093,6.570308850893658,4.423637754755778,6.405320043241573,2.2675520037038805,3.248891809185653,0.6947156329854531,2.4549491644186325,5.21692057792965,4.122765574577514,2.4928071368142937,6.401352713784681,3.1059967342063697,5.151586240799131,4.510404181514269,2.691849623316957,1.178813377844697,1.3465539301014136,0.39749049315519513,0.5563273312097969,0.11271894739030848,-0.13628746261124375,0.1721168997257028,-0.47209086738875855,-0.7891290849246307,-1.2679553552318452,-1.260428933532347,-1.3000981090607182,-0.8734713279966854
11.094114894923296,10.176062983184782,9.40980342147678,8.821407988698653,8.380427019293856,8.884925169903985,7.0814231988134955,5.668241773877677,6.69624408409399,5.035562665355854,4.247397369024446,2.0952065278600727,2.399399886775679,2.5077342684055606,2.6848306192351354,3.0885626713235768,5.807970605060775,4.083823069966009,4.709271390393383,3.208307654056395,1.5407312463416614,2.4361474625902453,2.3341660832686824,1.1063786897224863,1.3054178795119042,0.5600331893301939,0.16077887736711594,-0.26927546867230523,-1.4321570578362062,-1.82070087553127,-1.5532967455961066,-1.3039605364544125,-0.772630863475149,-1.548528537436766
11.01374880376675,9.377772726083304,8.936873483815493,7.567255331386263,6.916836073868567,5.665300428829539,5.436818416681874,5.220944524689849,6.982960874656601,7.489610992497261,5.005368786306573,1.8427355538399366,2.520700061244901,1.4674226913121202,2.1722544996909043,2.3499181283278063,5.408522548923244,4.007968056810544,4.090888687670356,2.7182681235891226,2.050453052052317,2.2739921182598044,1.8449372594687938,1.7032953863895572,0.9313810408892079,-0.04480853695464242,-0.2748179383710183,-0.928627157400975,-0.948203997162905,-1.4498706503959085,-1.9142746856435695,-1.7965585693729644,-2.0318605228932944,-1.1849293712607538
10.51036137446503,8.914862021457289,7.798748356663848,7.087086294550505,6.625256806518538,5.162749255613172,5.019485604207396,8.645855263948732,7.525395659779791,6.964560998206779,4.808512720680288,1.9208649911129918,1.2069186713843159,0.955826614877062,1.7939012049770338,2.8761990513674762,4.209921510173783,4.055574045803305,2.297321171363753,2.108024147459351,2.6387424803453836,2.0317597657209525,1.7416306161659234,1.3023212621060876,2.5864962714959043,1.0668989187545121,0.013725526890481867,-0.1873870828823666,-1.4632244218046324,-2.950839878601667,-3.1481198389610783,0.5981677142822994,-0.024830930537805152,-0.08133367245833456
10.3462561556305,8.918703338743239,7.61869846489459,6.513711377868234,6.053280561462425,4.785813417661563,5.560656244462701,6.47955771258945,4.6934131034455415,4.724960406696915,3.471397935421842,1.9725550784872798,1.2086648593041665,0.8111121832737507,1.7875576542827618,2.5232276975710484,3.078510942494709,3.440393412633808,2.3179966798220604,2.302256048980838,0.6905098640539128,1.3921061436021598,0.6927337486847952,1.2973863531293681,1.4437219521114546,1.5865025945686688,0.4011735083836155,-2.1011230352161836,-3.061920679797583,-3.961629027848275,2.300062989094212,2.4412223193072657,1.5134641973025782,0.4840580904860092
9.814111805716294,8.919984318695025,6.965991498080564,6.5329198704626785,6.168658602865915,5.127363073276118,6.493366721553813,6.04340956726904,5.922728344104369,4.108788694044605,3.0773538757626184,1.9874491292417071,1.0891181103167786,0.46425895766721037,3.964123265026141,2.8720603504339,2.172890542210447,1.5947089201525249,2.3323078490230307,1.0183382150047864,3.2215837133786533,1.1516426210714648,-0.054010163256677415,-0.5043842567587934,0.12224875367864807,-0.7487845584780517,-2.1625648629886003,-2.2035905425487092,-4.167082936704149,2.708953770744243,1.7472006220724239,0.5562610719685785,-1.0177267981940037,0.46572236166276776
9.192277543536804,8.510944820148191,6.358835186953971,6.292385716014499,6.404599457150242,6.994211665119105,7.274468006963556,6.153783954486285,5.126395653281963,4.022655559344112,2.4695305056351042,1.1083837551881681,2.178491769558536,4.117915339763465,3.9800218867205612,1.8517622207188404,1.0366093179089444,1.7199065954863932,0.0693614794555871,2.6957635747990625,1.0141783357080807,0.28092683588713646,-1.1030461922426005,-0.4724899255674357,-2.4327103688253087,-2.582290413912335,-2.0113267975535893,-2.1119805246460515,-3.1843548207301065,2.016605078718735,-0.3910215372226303,-1.4278208211914232,0.6265637935731343,-0.3295528615293266
9.170575088164743,8.432016320448836,6.810925378944741,7.584538251211078,7.531195662478118,6.445991508167127,5.930109602645834,5.666190656875473,4.492686056409719,3.4481081246586456,1.300169994363242,5.24410166810032,3.9277860667679994,3.7114952831230994,2.322062029696166,0.7192469660506038,1.2137056215420192,0.062353560910597114,0.17352851415475373,0.9302184192668568,-0.998337577482494,-1.7086553500233361,-1.5577614041626937,-1.2223540068373162,-0.1237114109083661,-2.168534190260044,-2.5928467328915583,-2.3258772840879502,-1.4077483063393292,-0.21889074496290217,-0.5933189769910499,-0.4422970668688957,-0.6246244511437266,-0.37002625529277433
9.256476671385062,7.739152302667231,6.586188158164495,6.274941516785654,6.323744374858682,5.476764557684988,4.224057530401883,4.294876575500177,4.105041149891315,2.9655074956491343,4.36563215634899,4.142481436093275,3.2173199074033567,1.4167313868466942,-0.1433395670674878,-1.5177810974616215,-1.0152923267568097,-0.6433822704286044,-0.33239933086284484,0.08749874716447711,-0.4517773403642681,-1.734294900770238,-1.4989803020708514,-1.8376678398050934,-0.40768193586361406,-2.8109241641956992,-3.694327647983469,-3.110138924677275,-0.1223176799303104,-0.07578370823742751,-1.2378237321584926,-0.886521202984718,-0.8423034923251347,-0.6655520156254439
7.8210711162563875,6.2940323418149555,6.560343665481151,6.236231333620164,5.285207634715697,4.488727512383083,3.350663929445754,3.31994824677041,4.44332206567218,3.663539301202256,3.906880245869258,3.1744876314461976,1.9425622730453758,-1.122220360251993,-0.5639516718528165,-1.277191550728461,-2.5896534321240248,-0.8734358912374622,-0.3134403647968977,0.19363831921843905,-1.2771878285350837,-1.8745027295902075,-2.9343364661421556,-2.7711251241502715,-0.5851255255213774,-1.0380814894554655,-3.5180820602184846,-5.0619985125843225,-1.4241896019894607,-1.1871617570595274,-1.434865467232514,-1.744206703032778,-1.8968112945012645,-1.5927324823934674
6.92784283466779,6.312406701471516,6.602535067874887,5.448776468756707,4.577764502358286,3.762368427989085,2.653234483536811,4.410447927645138,3.4664346759022098,3.082938086628803,2.5525841835243317,1.2902280960383177,-0.07852874490512333,-0.6067194809057578,-1.5594730591880426,-1.4581876749803586,-2.967735692879515,-1.258378745281675,-1.7558130249696122,-1.256094915291172,-2.1269065108724865,0.2529385726258122,-2.8175119169192344,-1.1566546142004466,-1.964491915859904,-2.7578298270684467,-5.321963947904863,-3.0833947019749868,-1.9668479094894293,-2.1735619080820676,-2.599160283645842,-2.8286873395851013,-2.9702651728040776,-2.9019268863969945
5.602856631820677,5.881254273455376,5.854082993894719,4.388461619999483,3.86585273180211,3.0094799880111758,2.2712022209265377,3.6617367989651166,3.325798353571869,1.936119771923409,0.6748261223465539,-0.6115173812774345,-0.6661477233437733,-0.35577074084418064,-1.626921270500924,-1.8633534235567488,-2.6117668259643647,-3.06669069031617,-1.9922949223884467,-2.094902559377257,1.2545045787271198,0.41260802736236873,0.0964906452026696,-2.7752029334700854,-1.5282121963869666,-3.682787843589749,-5.926604737330182,-2.61068663893635,-2.856420190704432,-3.1537758969140284,-3.1556458638253932,-3.406004590247652,-4.406755901851672,-4.146645499246251
4.251952383358287,6.019212812221554,4.978557116603973,3.6477742154981154,3.0774025176013726,2.319916334358068,2.543253356514968,3.6551555563629106,1.7661719312229605,0.8539360002174409,0.053994039992621964,-0.5811464265337636,-0.7124837545447585,-0.8058828073018827,-2.82736922600364,-3.1747791680207826,-3.616919228962172,-2.3234896844291915,-2.635376481976981,-3.455323745062881,-1.134598227557028,-0.8800455545286632,-1.6182255042039952,-1.9263087062448851,-4.036489184077512,-5.392891949258188,-3.7190522949807234,-3.4944209631165735,-3.4344606089021315,-3.6497500143873793,-3.580784991735791,-4.49171639979033,-4.541693145097375,-4.7552314443991675
4.141786894154365,4.230149144071804,4.455636132284639,2.953496860163796,2.539655457641257,2.1231123305134485,2.771533095928762,1.985314933359344,0.564627870360798,0.47730816633675166,-0.003643296789748029,-0.9565595593954673,0.24784706823239508,-1.7792954978396753,-3.078058149426163,-3.13644359402164,-0.9345574618666879,-2.1016916615930157,-1.8762292644723286,-3.513003539375695,-3.4098355142612546,-0.0008659569454370014,-3.5669547376046595,-4.5235856285514355,-5.357025073811586,-6.569194406856862,-4.118843873956468,-4.468232761245912,-4.285749039770452,-4.368932900907182,-4.405771357512382,-5.204914964923065,-5.4180936519437175,-5.138727670990744
3.6985059645021545,4.417781934971977,3.485851687643116,2.072043318827261,1.7349565579087536,1.9424769377157094,1.3651490959262058,0.4438261648664248,0.2745595586530054,0.5589249148318758,0.9027742300885855,-1.3113060538944425,-1.7952193997728896,-2.64283352593487,-1.9590374636466894,-0.8020583200715914,-0.41097119715352576,-2.4800043895969917,-2.54631427902418,-4.244233826233733,-5.153101868191777,-2.9592034529495668,-6.6996424747124195,-5.286233838651114,-6.018529693856673,-5.499945449178647,-5.255511781393029,-5.061829016521982,-5.252951173230514,-5.370742063716382,-5.867286717324228,-6.410291150790665,-5.761684443221342,-5.319960811623985
2.8547935292045756,3.910676759430445,2.643994710782433,1.4604475564281119,1.365975699201708,1.6761789887024612,0.06822673854871042,-0.632092657910772,0.25799843062904115,0.02007377823563096,0.3920940336387723,0.23831237660120477,-1.4709420435390015,-2.129533590826584,-1.607628733041657,-2.606417823534915,-2.4574577894743235,-3.5119249303170026,-4.181200839122276,-5.559706323450798,-6.565671720041197,-5.009954379747061,-4.06524463771943,-5.14121856918097,-5.972010001967354,-6.36434621662829,-6.197589236029409,-5.6861463298511286,-6.0376319441619195,-6.479741707092139,-6.093477456962751,-5.945956430473591,-5.9733362786282065,-6.187480220313574
3.0891004674834854,3.6484563979987477,1.6906549104837676,1.2594603086110618,0.4736642077667429,0.10711589121092499,-1.4692811935125882,-1.6330131953130254,-1.3170662309431715,0.7894655425931727,1.0445061316851787,-0.35887316398040475,-0.35575218980583545,-1.4608717867246992,-3.3147699380752673,-2.300214417591584,-3.3480468092759943,-3.6087463307721426,-4.991485533257342,-5.575491001233072,-7.206346991127881,-5.92080611728162,-5.743717522095089,-4.847477356531112,-7.028219607318798,-7.076581590023809,-7.127760109446248,-6.71529736315188,-7.225777145526333,-6.412830072026818,-5.991231274546686,-6.872167061444148,-6.776007754027882,-7.1109937765289475
2.5413183667386723,2.5586461379723224,1.0458537029372992,0.5560769235677949,0.41760665431180893,-1.1313185798319612,-2.7581047210681824,-3.3931094720919504,3.5692081282349477,2.358319612479572,0.6728628845614457,0.32044040971451027,-1.0233047297226674,-2.405263412418032,-2.159012869989196,-2.6468599204336094,-3.399927698481106,-5.443636975913569,-4.309992323043635,-5.710530412952242,-7.819181278977245,-6.6503851375741085,-7.242067007651649,-6.168571711902714,-7.949054654044337,-7.80896905962156,-8.09069677585199,-8.038917936328312,-7.454081045584644,-6.466126543988218,-6.263886221416456,-7.24347321953075,-8.005889276913942,-6.696311230184943
2.1676106747873427,1.734473967264502,0.35405195747196233,-0.387228281783528,-0.9985737597055548,-1.3395203760367416,-3.4599111989571565,-2.19750769164949,4.43051255122885,1.3466084581934679,0.42962436025560125,-0.21169817131484925,-0.23578686446554034,-0.06533993302018025,-2.439226647926717,-3.0055521739043267,-3.7080420351703243,-5.005771755158617,-4.910494224390328,-6.0751210626128245,-8.77464053741616,-8.118518276541087,-7.998583506450383,-7.292097572344804,-8.457818995175174,-8.647850919662563,-8.918077559131527,-8.414015807696316,-7.579368050541943,-7.909514919235382,-7.960110026521063,-7.574678278973121,-7.108598169031406,-7.207919670484848
1.6517272130801768,0.2945069693323666,-0.4536374592464326,-1.0667926291584569,-1.648804319509657,-0.6444493878620154,-1.3984863858151553,-1.3530849536099985,3.295415582623241,0.5056991035438122,-1.0536691703458798,2.588390014047696,1.3435828688129248,0.25366608323727613,-3.5138338070862254,-1.957943048202668,-3.3971192562474424,-5.078302075408061,-5.190174183621757,-6.746314500542058,-8.754421041577865,-9.602878208495403,-9.35585000867044,-8.053428528290318,-9.039984201002454,-9.127500162883052,-9.414746099847523,-7.885638584854652,-9.11643942447969,-9.194142397076755,-8.845421957418637,-9.174357302521354,-9.229406478604519,-7.493599575032943
1.2921787334343688,-0.8098736199233828,-0.9257709656985817,-2.144048818625162,-2.4368083178534965,-1.420640410146092,-0.5356792858923118,1.0200978159693186,1.2951222954453963,-0.25172673334271206,0.861672713020264,0.8107175554037412,0.894012765434463,-0.7712916245018424,-2.712858768949847,-2.7169560260215517,-3.9231135828080608,-4.860106180796978,-7.033013384561748,-8.471545101838613,-9.541337540292526,-9.716668371085703,-10.504363348806253,-8.43678328721628,-9.130044793733772,-9.752866709207103,-10.133274145223032,-9.370580226365645,-10.783223768152727,-8.610945080494174,-9.004250059258757,-11.456742222681228,-10.184221191304454,-8.1670751094454
-0.3450970722149172,-1.6347234394263732,-1.1557481950738437,-2.711805058895942,-1.3695853901332145,-1.7553880951498504,2.3780723574858915,0.5106438951997693,-0.6463299129632943,0.7492609830213239,-0.1072531425337325,0.9817012388769335,0.12787975041068883,-0.25469766179676556,-2.7662550306362066,-4.014923150462416,-5.0697697362576095,-6.006538650570201,-8.347613108628682,-9.554246309949912,-10.369532858755136,-11.145940493096687,-10.466150692557745,-8.518336737366713,-10.431138588419854,-9.413035664803555,-10.794035513493878,-8.498395152487637,-10.412257473765061,-9.846300465583822,-10.163347266283607,-11.495851533716895,-9.512022222638567,-8.637750538026513
-0.9946107201197355,-1.6364438185816206,-1.5664994377162118,-2.107338110565539,2.345992282035803,3.7668451092926087,2.2192595012260616,-0.22548760037372892,-0.6995912760794443,0.779360919196981,1.0458359673087438,1.204858479279879,0.36162795383707985,-1.236876013227412,-1.713601378616956,-5.101524688660665,-6.430180208404049,-7.554708894696175,-7.63229785506949,-9.71485220012193,-10.495361574949005,-12.550582226303233,-13.014070652123479,-9.937946342993486,-11.12794130057219,-10.533206456742274,-10.3457177479028,-11.088899869370252,-10.64295688897016,-11.892459327587506,-11.5168167472644,-10.800198940799035,-10.727119654061655,-8.568759820123686
-2.246773671977866,-1.7964557642631862,-2.0919097730809466,3.3634342931904904,1.2373941280753498,2.2986160476064237,1.113277348184118,-0.5144276032209651,-0.8948762087076322,-0.5045731230388839,0.951597370731995,1.047771770806289,0.41287145377766526,-0.9795327325803612,-2.7540730053018927,-3.7154876187874604,-7.090103994069123,-9.249732533410269,-9.274253222723083,-11.27675096962217,-9.81290619350682,-13.19262357708779,-12.3947632380673,-9.187840155890179,-10.532380986414744,-10.174924275557823,-9.716047194016852,-10.022743478163854,-11.347937964310658,-13.61811897909083,-10.210138978318657,-11.877271989609222,-10.268251750749869,-8.43471358525712
