script/wind10m.json
{"header": {"parameterCategory": 2, "parameterNumber": 3, "lo1": 3.000054539987559, "la1": 64.9999836372058, "dx": 0.5, "dy": 0.25, "nx": 34, "ny": 52, "refTime": "2025-06-21T05:00:00.000Z"}, "data":
[rows 24 to 47 of 52, columns 0 to 33 of 34]
-2.8357107502203767,-3.6042835366208332,-3.8628763446802106,-4.227926920699607,-4.217869992643522,-3.591313191535034,-0.059397079726936204,-2.404998917607271,-3.2072182011480823,-1.6140939735801927,-1.2092644773926822,-1.3650336875885838,-0.03401948458955611,-0.138079436242992,1.2159698294522836,2.072114229127778,0.6515875985994294,0.6147077598657665,0.4948359058503464,0.357168477506045,0.1618823010922831,2.140089762684464,0.738544909439487,0.14234996720386953,-0.01453393083576541,0.43026231857237845,1.0326432136073,0.4084284198209686,0.2149690995873786,0.3192517691431986,0.9654359495544624,2.828090112750154,5.356118716740997,6.162185427309168
-2.5228755031864716,-3.33388277795471,-3.657470684117967,-4.142696803815359,-4.307178148187183,-4.245557037331727,-1.907331324390741,-1.387022466872429,-1.3471076387612144,-0.8895345931106928,-0.9303460621869165,0.7271262084448323,0.6381208001255736,4.032057258461384,3.203442173953796,1.8698640200698646,1.146742232814117,0.5408864742841223,0.7074549221520807,0.5707099670895948,2.672881894744928,2.383988192694917,0.721514137489909,0.6491709285110544,0.493267682761407,0.6935953874848725,0.6341097294532146,0.10387403386010247,-0.3654986720108094,0.6264443544645372,4.345000776827832,4.198795229081868,5.366247558037376,6.350933056756935
-3.254158135790786,-4.583956296807789,-4.36676964545271,-3.9068515553561443,-4.593533958081925,-5.919499599084061,-1.7123639061311644,-1.1885802524196556,-0.5626356040561018,0.2619800202484057,-0.35187569579520683,-0.5567860125017143,2.900692894457014,3.46076395292399,2.5005670626637566,1.8246947990626732,0.797172728791879,0.15026673237723434,0.47463357657085015,1.9573044939706437,1.6951278768704139,1.8900781887536322,0.8968197839301979,-0.000732362132442289,0.5994013256672075,-0.04067329516625137,0.3373970486715426,0.10119423276432153,0.020544833529431577,2.590159611138752,4.4751370672426365,4.472994064719609,5.663456812279593,4.706319876594701
-3.26846288544435,-4.056403904308224,-4.66760374303068,-4.438757674583208,-5.429515578541123,-4.71251457019524,-3.179683336473292,-0.23322245272218153,-0.9525754649831778,-0.11851685418143218,-0.6434750812665425,1.1821956374214495,3.2201579218025493,2.488724825756595,2.197981311798333,1.6218824721798886,1.2513063384382486,0.2610062356608426,0.5646182984443116,1.030783695565904,1.9236227047917873,0.8992077395224333,0.8164350177205083,0.45939110755004553,0.13841342520219382,-0.23294439278889562,-0.07149316679522777,-0.10784136375015747,0.24586171670596438,3.3352599528239524,4.67275393245618,3.9556577045574275,5.436046146348743,5.287301487771515
-2.284004832428927,-3.271858833112097,-4.060563980856054,-4.860066520085859,-5.184543724379879,-5.158318532562057,-3.8588180613841803,-2.4988104874196906,-1.1740448283163183,0.7333258180358266,2.133772842742538,1.9019520636444192,1.5824553665076069,1.5178591607183116,1.3242608852509308,1.184192249559447,0.9618532646393105,0.32829495462369723,0.4448692509713332,0.6848528722511201,0.9142568251207082,0.963212018964762,-0.1493422949398895,0.3305188822697283,0.3244135943830016,-0.04249406531801462,0.09367812164146597,-0.022396536464483013,1.6596450403084484,3.817164509660673,4.185967860614682,4.873995772921645,3.6737621872168544,4.85312743304271
-1.672462338464198,-1.9431000839256025,-2.6812170444263512,-3.601936707522274,-3.4214871985059037,-3.7721864511887775,-2.2767325441886967,-2.5459266943152805,-1.9423210118752252,-1.6953865637583243,-1.1342743498962398,-0.9949655616547901,-0.7469842283152558,-0.08329940950979262,0.697569309368951,1.2010888534739335,-0.1495515694814327,-0.29238072400611925,0.2084115248506431,0.47415739390312117,0.899325390402749,0.8107995025505426,0.4509868547435747,0.6532352328378422,0.26236165511526743,0.0824986090165498,0.36610494582548153,0.4665657529053117,2.457094719827241,4.358548007464455,4.384551797384226,2.220683720602161,2.8951633896745483,4.29149684717513
-2.9998469114105064,-3.186461605340444,-3.489522829237771,-2.8879263945182037,-2.461093616712593,-1.7750868350578255,-1.3123434879379083,-1.4472466844715453,-1.0860694026296305,-1.4119117238583898,-1.4292831399125987,-1.29015260959279,-0.975852237282384,-1.0035759020698012,-0.1734059709081112,-0.5964534607565815,-0.26231489857777135,0.8358025369872667,0.32413294462361136,0.469428896868865,0.6044592355235442,0.5888274290236848,0.6928084040926553,0.8261393760658924,0.9013597060974043,0.8411192207866006,0.8786839796027837,0.8749499565111815,3.3390607660908036,4.130445539890907,3.87216858208878,1.412291309765668,2.662654326905205,3.8237239610632106
-1.1064905095560091,-0.37987503139693535,-0.3421151725924625,0.4957227996841836,1.0805143093150638,0.8756124176993852,1.204828539458844,0.8182574369303938,0.6106008873831552,-0.3786433647941608,-0.25662915886795457,0.035747062386048835,-0.25625814927556845,-0.30970028129713634,-0.44818265253495726,-0.5382236527601618,-0.2795547000438545,-0.36657403995878374,0.029137802456556044,0.7351609098787752,0.9112854175352642,0.88342819235129,0.8144400708621881,0.9724288643234921,1.234937332531977,0.7317729941528915,0.670069047891843,1.2111487052340035,1.152812328189741,3.474014629303402,3.7353218915890256,1.1313335500507633,3.1986628254289697,2.5954138600846073
5.5092752743755025,5.604611932906662,3.717024163982279,1.6929328313133107,1.0698065544086353,1.3656030011166105,1.703866528369231,1.5257458497799075,1.474490533292864,1.49732608218803,1.5179337894192286,0.7765737328933359,0.7553026540568919,0.8599395238539242,0.4574789795684099,1.0502405663435481,1.7582343860952154,1.1265086855991497,-0.17581201625101617,0.3064295250477077,0.5184064417540003,0.47345287253811646,1.0499333009753886,0.7071568012342637,0.9991175656546212,0.6051481689956619,0.591970411171937,1.3238897798568927,1.819704307788981,3.245816416782768,3.8500850779117486,1.8983724770255657,2.9919441483208957,1.7708541574136758
5.493526252269889,5.4264840303040325,5.251706147171343,5.0238914915015735,5.218778590860972,5.388659342745425,3.098925896689258,3.1468436833001463,2.7473338859144163,2.5274940340049756,2.4057507828250206,0.9239917470006886,0.8769481658277449,1.4623723580406678,1.1941028967129574,2.0351302699231915,1.9227807266430887,1.8389373997714284,1.5944655501333647,1.7149503183507107,0.9212821432355981,0.6566004638787791,0.7427799277483638,0.4311143869397467,0.3689207313264251,0.1930850895896158,0.2545370697422276,2.6229150051545886,2.033637024410439,2.7086738038072857,3.3851973697525084,2.676346411052455,1.8996326920607727,1.4782125828912949
3.7295621182036136,3.9167339087274566,4.09171509217759,3.8469922788493105,4.3118547887456105,4.410899751539676,4.5272106900605795,4.795825624812664,4.535608753158132,4.227386926494637,4.033293911195882,1.4055842188182341,1.2502481158044236,1.1179191149981529,0.8277976894093537,1.4437749398045037,1.8570296340710402,2.1441916399549403,2.094671009523685,2.3666096393922023,1.0676128630165411,0.46154091767054645,0.708085165055229,0.2793946419142554,0.039044663185612054,0.6326105002154806,0.438571256458129,1.396376843123521,2.518262581259407,2.1077722664133343,3.021114541209957,1.78374447140306,1.251287678167183,1.1249398866836546
3.626469321156625,3.3865232123282367,3.9159527138474863,4.3597391134145695,4.240951878082418,4.4856111989789715,4.648362784527947,4.783739286544081,4.747956607802419,4.6030673110848905,4.491222051719134,2.0090497277838546,2.226196074093121,1.372834025260792,0.5976061394866524,1.1252056600348217,2.6169429715100834,2.461403954221582,2.4585500921427603,1.276105804415951,0.9397637793822649,0.4981357127596931,0.2634289781173871,-0.4135561363181545,-0.06123686483471367,0.5535707803770192,0.3796181581790573,1.3649945977804323,2.456350014121849,2.2584936888946783,2.4233078137574826,0.9980684755079466,0.4538429111171797,0.5853494573966016
5.6383174384411765,3.8656137191689064,4.144642254227894,4.25821063194572,4.886038663074804,5.007007934332626,4.935890720851484,4.959484418940024,4.453669719907572,4.1977024115344586,3.8255446963356747,1.826790919132911,1.8815395287033874,1.097698848773703,0.46051761433858956,2.233961581096653,2.641118486241919,2.400731289309795,0.6616987422920343,0.28335832444161047,0.9043703926182172,0.36675802133325236,0.005451285826031555,0.6389737218697652,1.6839140508921497,1.2632303632965869,1.0605990582947664,1.4858661973122402,2.175330668985782,0.8720440452182759,1.0148995711860693,0.2167393336324983,-0.2593766022860599,1.383265813477436
5.834525668375,4.473847362577549,5.500931198704358,4.592594836188408,4.464462395046629,4.775140376291915,5.31961812423187,4.789759453230787,4.473816629066008,4.669458044414086,4.550270481378891,1.916064392700504,1.7041004893915808,0.8207604381211367,1.125628677987656,2.2986115629462236,1.7065633330775232,0.9430510123816838,0.49405935038352294,-0.04285780046999554,0.24377548442373503,-0.44595942692271756,-0.13515641966393221,2.219814488714096,1.4756466662571128,1.6301083228338626,0.2987253885854824,0.5494047867034981,1.4569972690839308,1.2271177913592188,0.6573915188129043,0.2320197753087536,1.6062190676985635,1.9031058391943962
5.142737820000333,5.6450974554760185,4.267159148819656,5.044311549309136,4.706903447128124,4.6886549178217845,5.310916042642677,5.006861825619991,4.630912701078574,4.285433104152925,4.049003113622235,1.9546514169573703,1.548053899254535,1.025321293521304,1.3463112333979685,1.6349369426794713,1.0905575803351264,0.6839062101416107,0.5762490827671276,0.02801391421882402,-0.0650428278251298,0.008478540257028216,0.0021032238176772362,1.0104243733089977,1.422445287088702,1.6655722830382178,2.088190802696205,2.1731767427681854,2.1867415318388166,2.293624011784863,1.8818147132259282,2.370106522647414,2.5497021302023914,1.92965721160225
7.574080675357774,6.707658816549097,5.714634246480907,5.552862506447417,6.158659253799386,5.925022518297633,4.815360198813174,4.805901354468937,4.3587429032033445,3.7713383141259404,3.576743713874363,2.351477428227443,0.7298685251128747,0.8535669966416075,0.5021724263857091,0.7974142076460375,0.06800428896706807,0.16341138942394176,0.00012281415590833296,0.4263404613593731,0.14021372931806658,0.5199977072228316,0.4613093738784982,1.2893750771039596,1.0477446834438604,1.402365813016136,2.23241709914331,2.162282451977139,2.4797933441873683,1.9905312079353665,1.8463534406270945,2.039231472749147,2.110187441156915,1.0213342349478427
6.525023072224679,6.491923021586885,5.910511890296014,5.48147039665651,4.886559588663055,4.64707820250376,4.689505028081602,3.638112612246705,3.7633629793992562,3.0979849531656174,2.565446031768236,1.971205852484067,0.9072707271280982,0.8900524246477003,0.7065102790622931,0.2361436339568242,0.8884930700824281,0.034090031590530444,0.3728776405047554,1.0074037486526695,0.46459081885741776,0.22306872412474482,0.13978584292387347,1.4063682976330492,0.43741055514551175,1.7160280311850222,1.7559221905756772,1.8402013292566244,1.3305830563317214,1.5799834655672809,1.7918654171238244,1.4014310768604885,1.0124118964540967,0.9376458029592015
5.619899678961081,5.523553335541268,5.738241965961656,5.155358027900054,4.282958919759419,4.555518297371283,4.7870815799871265,4.238229898185463,3.068457245136191,2.5737308159900554,2.4824908834058736,1.5638244518985174,1.1237642062939117,0.9917249802179913,0.7942303030890616,0.29106439655948707,0.19084026489240138,0.5416027629600788,0.2138106045003569,0.6712452708377568,0.6165861215054095,0.05326236415414129,0.7773143937492064,1.2686329304568178,1.1942998527423347,1.4670800120449001,1.5250925798864416,1.6212950280976863,2.356032248981253,1.3875352845937352,1.3429560499104232,0.7438207934237776,0.17109546487304889,0.09290303279082773
5.79911204156159,5.351343159593275,5.397207560269331,5.12852671880713,5.369119888796745,4.999730442510819,4.053191861561253,3.8023822475167965,3.820923734712569,3.273526081656757,2.898834396291594,2.3258753692646343,1.4341617316325055,0.7445162449499088,1.0780346526514069,0.59346470953504,0.6146900113950732,0.07195524800848836,0.5876478426320139,0.38747491126424644,1.6947038913671926,0.840451877680848,1.041451314961688,1.4622144359492149,1.0142200003741682,1.5398499800734564,2.3985197352095735,1.7072197596127232,1.0025699257774074,1.5054460571151451,0.716219409599972,-0.12897238129073826,1.9158614113071364,0.6968990130215026
5.422274420018932,4.45204720904592,4.3725597104132765,4.453834136416417,5.131223864826657,5.345764320085794,4.931269070227519,4.029181996996965,3.8347193066028344,3.672692688290564,2.8296835167435157,2.6649008725490955,1.2648795381197893,0.8977082794060393,0.6795373494298522,0.5223375769893015,0.7574897585890298,0.898181510144351,1.6554316681446586,1.0359168102124188,0.7782797855827969,0.924144481672295,0.5295560332774265,0.7500058507248821,0.8556410378506109,3.1791161068868408,2.2235458237740002,1.6956834916498753,0.509539498992991,0.4204513771504411,-0.08837532371521177,-0.6854409629210535,1.6586189986716777,0.2246153169244314
5.240324150981469,4.632080616642947,5.425610977720474,5.413290692694335,5.070919134996104,4.8970592332721266,4.4602262203975975,3.875380542512034,3.597790313133656,2.6295952970032754,2.583839975198396,3.1787412074215275,0.9346678349677614,0.5411836577745979,0.7080477713440528,1.1860039755301404,1.6037963371846813,1.468200989086845,0.6428580493858647,1.4520384086627791,0.6958338937643037,0.34949421380859014,0.8605946993371664,1.2574486454750322,0.9273403313131724,1.7311906059024647,1.2547535312885296,0.587002002055617,-0.09294529562866934,0.353361062763128,0.0004917464390791446,-0.023635232823962415,1.3731281723789561,1.2350036456403997
5.373768915689481,5.1443157981088445,4.242514255220995,4.551728756395417,4.721056621637817,4.869583208774016,4.708134473544289,3.8508149057258625,3.740023937490513,2.1921104540900385,2.0396878435472376,1.0712609191862639,-0.5715690746010909,-0.9010523265122052,0.8270825692682328,2.9849150770859016,2.801177085768031,1.8439719233315341,1.8629497717471462,0.6868516280495076,1.1404874167061057,0.7926573206989339,1.121556200450921,0.36706186563770843,1.0851970886633133,1.0735731327444795,1.4978705763177853,0.6644094758060881,0.5599955206903693,0.3416182568514018,0.5283218956338539,0.2042317236854939,0.0809175549537171,-0.2881844865675193
4.227602250844725,4.366351719235552,3.8480138220592073,3.425430215083449,4.311681756624951,4.5425624454718765,3.8247839152423704,3.9871690397433666,2.1924012825739045,0.8404343975143287,1.512894673934162,0.9520827523232296,0.7141485756142245,0.3088738011987888,0.9112816420820281,1.3954252845905488,1.06737699365084,0.7509924106148169,0.9672509726262789,0.016598918890515686,0.5084763653634652,1.1558088679509277,0.6196721452654328,0.3917783988374319,0.893528725919511,1.3976907143866149,1.3137612665597145,0.6997480157643112,1.039782348297106,0.6437204802038985,0.28157666989004604,-0.006875540823258743,6.297339312319129e-05,-0.19072497184626166
4.3797498052516755,3.8626154919395477,3.8250367109137624,3.6628263365096982,4.296175249892859,2.2628411028760125,1.0331778104939497,0.7662676360640648,1.0018545192326136,0.6326521281401682,0.13646927765763936,-0.5390356033943413,0.3465873872986052,0.5320355601999425,1.7878400092722284,1.9616773342440592,0.8943302916740056,0.7357364879625304,0.6609931009953164,0.7473857350381771,0.4670255509130724,-0.2784234167479463,-1.0427180529112707,-0.05564763898265858,0.1796511639985384,-0.2387300754889682,0.529574802789465,1.8218583282575975,0.601019435195446,0.4286064938714508,0.1022502499712692,-0.06158862994077194,-0.12628025272049576,-0.10490594871480177
