script/wind10m.json
{"header": {"parameterCategory": 2, "parameterNumber": 3, "lo1": 6.000027932988019, "la1": 58.9999434238085, "dx": 0.5, "dy": 0.25, "nx": 22, "ny": 24, "refTime": "2024-06-03T07:00:00.000Z"}, "data":
[rows 0 to 23 of 24, columns 0 to 21 of 22]
-1.7129213018701133,-3.7972272586503655,-1.364474787707716,-0.7515317066639425,-1.3616095516648954,-1.591764526919816,-0.8650264604831845,-1.585436388511783,-0.7793899825563105,-4.667440176732598,-2.2566050408050353,-0.4312803260905326,-0.034751741660088396,0.7159014940170996,5.828524478082464,4.961819278069084,1.8831164151753481,0.9947702523285106,1.8130706958942466,1.539393889306148,1.5493182030262955,1.3805522846295368
-2.4434057734130237,-1.6971252765789646,-1.004653834512317,-0.9979235753694708,-1.8586683547274392,-0.35700761560471045,-0.9667955243680789,-0.5150312474086043,-2.4208514407268527,-3.0034597212234737,-4.266236354920901,0.4806640227298006,0.7318940289444121,1.5716183503988665,5.316382087503594,5.4521620712708545,1.6188363484210246,1.3834408409870382,1.771289727740372,1.3497938232041042,1.26224216214269,0.869751611192666
-1.9307371079937325,-1.7137690028008183,-0.9644911337016745,-0.9047330839749917,-0.8906405865411531,-0.993475839299475,-0.10656987671871114,0.08773036911082308,-2.3512121096327614,-4.653692766931063,-6.2305110224961595,1.6018419803923907,1.4109649569956402,6.081895408640937,3.174182460355013,2.538821169700561,1.9433583714349139,3.038146508196927,1.6490338825051531,0.6795799966371331,1.1259041276944732,0.9334610142187362
-5.848758515446717,-2.094888165308034,-1.5425559759748968,-0.7208435873579716,-0.8594846856546365,-0.1660960316532197,-0.42654832604018006,-1.4226976210409072,-2.9582600837354764,-3.8676356315673326,-5.614121111999928,1.3881891678994436,2.1755787097091743,2.2533348126350967,3.658393457301701,2.022137087301684,1.7185266175822733,6.263649072346919,0.9680481041083925,0.9605027747597008,0.502076231053651,0.38076105670544913
-5.398675635827954,-6.1281113140615515,-3.0071515791134478,-0.44726631711671766,-0.45697958640790215,-1.3774689256292998,-2.1485042599350743,-2.8115967609089214,-3.5083182621655107,-4.065771778959512,-4.906401806545181,-2.4332216822914576,2.399599071622678,2.556762028087648,2.540733719537143,2.541409809610988,1.6402604026495933,1.7941117885133655,1.0393669111368613,0.665143178175404,0.35665782250538686,0.7694774264935625
-4.718079807182767,-4.514911732273173,-5.245799554518666,-4.795139604227731,-3.721768517113084,-2.9142062719468806,-3.003711117397203,-3.6971083791235566,-3.6383804708603353,-4.572955564951175,-4.536928964934404,-3.6115931180690737,2.9205201014640747,2.4099389497224823,2.991447501559967,2.573762498701689,2.3558518275616542,1.673070050907465,1.242224205059006,0.8990031091926236,0.5462396649049328,0.5388210926276644
-4.685305497995674,-4.332801642995004,-4.197912038104079,-3.6112384297058795,-3.6133058875461366,-3.8260333452222652,-3.7503947219818987,-3.625581808697566,-1.9633943140627916,-2.9998135446711047,-3.8663939408519012,-1.4217034796365065,1.3240628466005384,2.018922719285758,1.9149171570550578,1.6743109957182298,1.9589932914777144,1.7108517544573931,1.382281939436617,0.6462412701171146,0.5644004298583133,0.604921016696226
-4.461459985320671,-4.773659496697984,-4.225311177286973,-3.658316250110836,-3.3791126117313435,-3.0732761197226868,-3.481777600631936,-3.001437484317846,-1.8021971514415576,-1.640947242281299,-1.3483602721007772,-0.2591634735628594,1.428097698725935,1.9619531239043284,1.7819554665035338,1.9146252940426727,1.4012813415598162,1.1557282679341554,0.8429548345960199,0.10979477093971443,0.3105957322325943,1.193299377669091
-5.236232167296527,-4.854222417412046,-4.580230260126092,-4.411646094645573,-3.620040740066205,-0.9791503005654684,-2.2843206379378236,-1.2186245934680644,-1.9086946677275496,-3.4287883851308263,-2.227794230026992,-0.369413133563675,1.5400918908158074,1.3257411993894066,1.6744792257973218,1.3175348739232908,1.6713586827711266,0.8949689937666302,0.40630264909863595,0.05275819245732394,-0.002927201102367065,3.0534643964937715
-4.925535305739932,-3.471376745355971,-3.8988666655439657,-3.90758270048149,-3.5371809593239343,-2.278722054291144,-1.39135656596281,-1.4400081809970797,-2.136751948030642,-2.7850667776885825,-1.4553917566758738,0.007489848855255501,0.6943272097386273,1.4144521084540438,1.2329763321461626,1.1720160166522886,1.0934709833858187,0.5597254846594124,-0.07693203401830494,-0.11652962451547069,0.03463555952102457,1.9458862231305474
-4.102170732542902,-3.661176932381398,-3.9348658800856904,-3.8311137224998655,-4.253294792829654,-1.688832821642503,-1.3520822965134744,-1.9401161122846118,-1.9454355085518023,-1.15150795473093,-1.4153477296990264,-0.8119897794481127,-0.01062028422625801,1.0142433914368045,0.7822462300218126,0.3272306978888442,0.3925024635244713,0.21750349542775296,-0.42949464019867273,-0.5287628183206772,-0.4118643090130687,-0.6423356819534783
-3.578473873914746,-3.2137077168215855,-3.102767793610255,-3.8870356786363627,-3.7474193053700398,-1.4013735345788443,-1.3469980662800316,-1.7322494240784574,-2.3546106334334347,-2.1312793996650075,-1.058872357658459,-0.8396534508727836,0.06149490751345432,-0.0040652123134156245,0.06535583727645652,0.19099577778640653,0.05811095949620128,-0.4792147561763279,-0.20296388444037836,-0.73139733493733,-0.44442496400630327,-0.4786403716473494
-2.7682275171063666,-1.9262025475317914,-2.3539706666822697,-2.855515550458356,-3.301935303900491,-1.4414715258917192,-1.0089652780710263,-2.030793208441961,-2.6893915057599664,-2.6578349735085376,-2.317432178116711,-1.1833043602467934,-0.5683058515673554,-0.5585226560831449,-0.8355907397844234,-0.08405327383200235,-0.17600699565781666,-1.2520857553344655,0.4862299678750144,-1.4709920347254644,-0.2043348287783907,1.0024329983054288
-1.283980119225003,-0.6684744930158922,-0.8831334691004552,-1.9477741256581818,-3.108907744858524,-1.7705491055131342,-1.914953064984253,-1.989238927445638,-2.7810900688603946,-2.8598807452622794,-2.031019550028458,-0.48891768920540246,-0.7262229543231021,-0.5767288036714346,-0.979929768164559,-0.9698017365287201,-0.19591710693862124,-0.3650439473730693,-1.6143367053625128,-2.0619724266375834,-1.9829668435940953,-0.8010295539187443
-0.7525453405388061,-0.8505526946206576,-1.5700422316440859,-2.3028049626976155,-3.3593473522833683,-2.3003211424819123,-1.9181639090964482,-2.0921025421490835,-2.157413585819767,-2.6109971572825357,-3.47000303565969,-1.1092896871461047,-0.6798723795801004,-1.4791139142091916,-0.6051667814794831,-1.7800634557067485,-1.0524384811252014,0.9090854361999066,0.12886309909643448,-2.158164543665614,-3.083853835077879,-1.9151168390643927
-1.2448493778708714,-1.2017814732940388,-1.7908253817227886,-2.8006138599932693,-3.3149257640298377,-4.012940826172575,-2.3149110244115745,-2.4114143135458757,-3.393294274990074,-2.0553832367199494,-2.6567160359265274,-1.6429011979203756,-0.8003488921448602,-0.9910675031428592,-1.8427970971565701,-0.9530014353583915,1.0691123286422566,1.6107519879383734,-0.12568671036579368,-1.4649665179232354,-1.760097667595756,-0.9243856514602404
-0.5724386484339204,-1.417182769165146,-2.1560391102260605,-2.683595559073142,-3.3371491183924715,-4.09024325995384,-2.1799114869295066,-2.5541764888935083,-4.365532244113103,-3.0433961659472772,-2.8353986833415834,-2.7959896858438738,-1.1285954674872476,-1.0034686948876304,-1.1188651444760198,-1.6386055883583512,-1.2287710663740212,-1.2027326836442498,0.06086143694441306,0.8259128572374652,-0.9485678883148865,-0.4517695711054595
-0.31608556801086274,-1.2649201101041319,-1.890466373760329,-2.3641478455265337,-3.7069827755162987,-3.930401975983516,-2.1747959876649245,-2.3815228933691737,-3.4359682095732826,-3.931588483298657,-3.99610419109997,-1.6017777213665985,-1.2838768528249367,-0.9013634424128892,-0.5975623694835036,-1.2386685806334807,-1.4468657868938481,-1.2660607497145362,-1.9699443523062146,-1.9182746046451067,-1.3169980706923046,0.5501631397274452
-0.3986894279400124,-1.27659860532838,-2.1106343606457285,-2.686033572223525,-3.569340728243515,-4.899353486563559,-3.028235447042003,-2.0721722879802393,-2.4059205130246806,-2.7144468617523017,-2.971418382951349,-2.4302477444875943,-2.1412363995989323,-0.5607393896060253,-0.3986315901899076,-1.0124186511115985,-0.7668456492393358,-1.7403771862056214,-1.634196165796796,-1.7454197964240905,-0.6897894334347057,1.0258058551159925
-0.853267132072765,-1.5268479975152858,-2.22291158917994,-3.1395945414825044,-4.011538529010034,-5.235799201270646,-2.5031518469420413,-2.1647242855233317,-1.9384889816371418,-1.3284213807741234,-2.0181229833776984,-2.921482882699986,-1.8598047043000012,-0.949108567421703,-0.6836342429769205,-0.7782676510756599,-0.6017055936008403,-1.4356400519619876,-1.3317433451200225,0.8363696109968981,0.5027877942425425,-0.047814023982672454
-0.8683709701588741,-1.8634541262886166,-2.7495089320781947,-3.981203261896917,-4.556631396012222,-4.796091966323122,-3.1741245519853836,-1.0407872697051992,-0.6613795044279549,-1.1238438317312516,-1.512597460869282,-1.357403426039736,-0.3854992319644593,-1.123348129792328,-0.5280229984340451,-0.2345348170723456,-0.0991180461533293,-1.0247537200192782,-0.45586055534289915,-0.726040831305652,-0.9330887350091077,-0.8346102335605171
-1.4141202813068987,-3.2399371033931774,-3.6009718283748327,-3.4434877474504932,-3.4311907785523372,-4.601528458844566,-1.62513028628106,-1.2918513489935508,-1.2229414790390407,-1.2211694577727414,-0.8397605311160837,-0.9586627272767685,-1.241651671667214,-0.8573010324564083,-0.7600471042451499,-0.2244701849566665,0.08505274917524899,-0.6547420896655244,-0.3620757571721993,-0.44631764062306695,-0.40987878844408865,-1.1975372598039313
-2.9348411448958456,-2.9715921809016126,-3.094156413558404,-1.3617491120760736,-1.3207827443482216,-2.242550244154703,-0.9280144183419818,-0.31683475892998,-1.1595896424682857,-1.4142512196839045,-1.275708653437884,-1.1135876354961936,-1.9178264266977434,-0.9136556186958407,-0.7702954949502376,-0.44584300181969766,-0.051123320484363674,0.1602752963694648,-0.3164548834244978,-0.76211369279649,-0.8149258597632051,-0.8224012044389581
-1.3225492847305342,-1.2973499271226212,-0.9643294374562362,-1.7711129394569247,-1.2187535094736202,-0.6410401435101826,-0.5672594634379211,-1.060228346140229,-0.7444867964469462,-0.7807578060475943,-0.8033665198998529,-1.342423390516504,-1.2667495758812757,-1.0885012947749366,-0.7908936759100116,0.03152488198367106,-0.5745598677615757,-0.2258759246044986,-0.26291760324677577,-0.7822873278574036,-0.05169964677646654,-1.3049577597611735
