script/wind50m.json
{"header": {"parameterCategory": 2, "parameterNumber": 2, "lo1": 3.000054539987559, "la1": 64.9999836372058, "dx": 0.5, "dy": 0.25, "nx": 34, "ny": 52, "refTime": "2026-04-09T02:00:00.000Z"}, "data":
[rows 0 to 23 of 52, columns 0 to 33 of 34]
2.3756567979032774,2.942078231588689,4.08086092375765,4.895249751523722,4.748666782168221,5.282407196187794,4.285059429755234,4.227721657983869,3.649852606944508,5.003849254897984,3.0503449444635105,3.4016759757823394,-1.1073647412392453,-1.8376159932254335,-1.9686997816790879,-5.079769205301888,-2.880272384980481,-3.977411830951104,-6.02434333546353,-6.573712930761551,-3.3488605912227554,-0.8963997701943758,-6.313991927425524,-4.888239094724074,-2.771616807006869,-0.6268839028519562,-0.9229004804161267,0.023337442845533272,-0.003616854075500262,-0.45036875066557625,-2.0876046986978434,-2.31594981646008,-1.0578288521666632,-0.08416686494954612
2.1494031655200896,2.8556214707559513,3.943838834136096,4.885348903046307,5.505570434369206,5.776579534423904,5.516908575256385,5.099150274920259,3.089595998010798,1.492896396008281,0.8568415927422407,-1.8821067479321287,-2.3200814696577776,-1.8240589403205694,-0.9278610503255114,-6.1813562203478165,-6.465163627983531,-4.86578503904108,-8.432123703657284,-2.4596881144365006,-8.096685672529869,-4.354491552459294,-1.839391516992447,-5.3381792928224145,-2.3142902223596105,-2.250896762516005,-1.2286894624384146,-2.324818496735775,-1.7173386561746398,1.9443146662551325,-0.00318616261347051,-1.129115128877108,-1.605621558488432,1.3559297321997417
1.954772196004599,2.977078816831969,3.8818347234780894,4.888267367532641,5.48165014083019,5.859316733000178,5.672123556974142,4.680518196227326,5.786965094336297,4.694309389206081,3.249915781720406,-0.9489877604028015,-2.6069546740389686,-3.354675775104836,-0.08302876292003063,-3.9889733354733354,-4.120360185244943,-6.560856139481765,-3.7843986859197174,-5.791002462655176,-4.996723748145811,-1.3336926786962564,-8.243566011329742,-3.5546003734745413,-2.5394723652908198,-2.0976252733374325,-2.167660586269714,-0.9962836858788146,-2.0950799155272115,-1.084037629730149,1.0909493732823639,-1.094552138782733,-0.332251727756991,-0.3375494741990018
1.6083567066030688,2.7607664689814673,4.439662690053743,5.350598190207949,5.524705022107546,6.357743476342812,5.886889297423955,5.4596877367050975,2.7604789305208643,2.6821020006510317,-3.872824016318239,-4.1201169508309405,-4.21793478205792,-3.6316776788142953,-2.2279025839108986,-5.037839399347518,-5.155725771188566,-4.140329225854723,-5.897079461485283,-0.8800444931332287,-7.67849989836841,-6.962866408622693,-5.784029850823073,-0.7023532453206797,-2.259353834431666,-3.8553737902691276,-1.5943318451281143,-1.4081917055527422,-2.198930805300168,-0.7035565148977991,-1.7383402594506707,1.9814684700437724,-0.07098257521778711,-0.7796521738194913
1.1862940759166158,2.9436699951235976,4.102810293289116,5.165209755295631,6.098228755213623,6.00785718042249,5.9223097550424155,3.0564615345266426,1.1128545106254253,-1.125918738043956,-2.9267494760154116,-4.1418279214001,-5.043937826688681,-4.294633631164708,-6.24862385257293,-7.098284659744715,-3.337879699473546,-4.208549950780155,-3.049108623170805,-3.474066652957477,-6.313962489125464,0.004215182634804229,-4.161013796952789,-2.5789428271281167,-1.1646617879589853,-2.5326236954972687,-3.369856437642425,-3.109410790806089,-0.9062593786018448,-0.617964716725095,-2.0434570265057808,-0.3991683988300001,1.1542386623192418,-0.3845709492208018
1.263473034821295,2.64412106412266,3.9814931793644996,4.90886098198534,5.558242686782805,5.710915976144256,3.311939793244441,3.053159461499449,0.5320919856221489,-2.3739969776026038,-2.0552553181879913,-2.1053641543770545,-3.9911976958532853,-6.50884728973775,-3.5124930232587226,-2.5464810090265444,-1.3819881238189258,-1.7007639058781086,-2.8507377704335326,-7.508031861173279,-5.837341081752033,-5.915437530898233,-1.353540446796513,-1.8521694893181493,-2.741838805327241,-1.1711105108406779,-3.0725678758612602,-3.5055544941426597,-2.4506343614908075,-3.3649207672590884,-1.0598627626105817,-2.2625678949864847,-1.1957738189023486,-0.5969935475288424
1.4318235503765626,2.1872984072948753,3.57733029483224,4.732824609043135,5.455128115095558,5.287053002808576,2.8603332645346167,0.8172275636386737,-2.9732804653563343,-2.201084993269702,-2.991778331262205,-1.2315935346251772,-3.1614021016408462,-5.423311502294306,-4.628991933620589,-2.8857861144695907,-1.4876824397806068,-5.942749483128817,-0.5687723816600035,-5.527543836794383,-4.28167950666354,-2.1689630085871996,-4.181970813034054,-3.2785415265650646,-1.9354292472491914,-2.3092382216937226,0.1276169366549104,-2.7633533284073946,-1.2360077202262385,-0.3937911260002,-2.3747644641786976,-1.0304371065230349,-1.3661248905194794,-0.047712683037855336
0.8966183149541801,1.7502611947979094,3.173288982318009,4.588132302219654,4.9400618595130865,3.4302646045901404,0.059973063460515647,-1.5157944182787002,-2.2549935023655436,-4.423778146271852,-1.0432306565619955,-1.982136349652762,0.6082523027954098,-0.46917144485365353,-1.2157326923123706,-0.9464882260457723,-1.4505288214017458,-1.1619760118032507,3.6571649912331043,3.8925148319681733,-0.7645795417689653,1.232888298167728,-3.7484294333364194,-3.8329439315622897,-1.5682154556652994,-3.439371946268027,-3.3219884464234504,0.711694264546522,-2.777417579324731,-1.7755465283979768,-0.569651076103788,-1.3504309462565747,-1.5567732137252837,-1.6154619823531693
0.822713030755426,1.0507967508893634,3.1253453343760462,3.674597391456809,4.884408521559829,1.5173224079299283,-1.9333438550174575,-1.7019615918641962,-0.39214775212299025,-0.10236043234188849,-2.31021502079119,-4.401637772100299,0.6791615939164874,-3.471420622104241,-0.6924347565301454,-1.8599153775584394,-5.508133021564028,4.333528830590077,-2.3655949579746793,-3.8262696970180423,6.692481927205586,1.0098733095520558,1.5047995626863668,-3.124566385313039,-2.715277573453379,-2.7770778589176985,-1.2313692541968444,-1.2783264599697488,0.18366438383912684,-2.344705506092911,-3.2253665566484373,-0.1504392218546146,-1.2313557750085282,-1.2712877717325375
-0.5659569894288953,0.701171862366085,1.786441140807385,2.1807660041040013,4.101860693982997,2.3384376818826857,-0.9593267845183125,0.68751677832359,-2.3341139061316047,-1.2530478930712299,-0.5341764037304303,-0.5069264768692571,-0.6658011013550473,1.8032899841147219,-6.29429950567486,0.318220797710996,2.571527745883926,-4.597686583485197,-0.33508417168210347,0.39345880029996266,2.27456242619831,1.6685689489372757,-2.3872961404438957,-1.7032013462983697,-1.5801126453115713,-1.9403180400143332,-0.949659139437351,-0.9985783782895686,-2.1912595897600515,-1.0482958148588173,0.46170191534895183,-0.5942298050799055,-1.8973724083708954,-1.7640862028115745
-1.4925680077821615,-0.3150438314106115,0.0707064004728928,0.9217517367443321,3.674739790744401,2.4221058182394732,-0.1366220089724063,0.7898840243344569,4.357894689112594,1.7656410048518068,2.3582396595778765,-4.834241395106911,1.6106967689481044,5.496366698320039,5.5621734752316385,-3.5305504865227,2.2759142353308026,-0.704536665565117,-0.5499484015755055,0.6601663053274753,1.8722175172191189,-2.225939306820042,2.7333678945848887,-3.5402175701628846,-2.747185256782149,-3.279608567796926,-3.362891731087614,-2.122772006349358,-0.7363169087012139,-2.797821693970092,-0.15061838670553823,-1.4257124662050558,-2.4335637581679594,-2.5324390946363495
-1.542664027597263,-1.6781410472890343,-2.385836965296522,0.656609055319356,1.8071359389535087,-0.2565775126522995,-3.6886150691681343,-5.316856211979352,-2.411806011723983,-6.78071660568124,-1.7177639302659509,-1.118492194144966,-4.67408459641657,3.6173236429418267,1.0079270194983971,0.045413418503732046,-1.5352257803954388,2.385870905161699,1.649048664978526,-0.9722546009545584,2.0006725856928558,1.7788067939209173,-2.6607203143218148,-0.6392501912430879,-1.4506460022307852,-3.975113274619082,-1.654027280325554,0.9965495794115764,-0.05813310237515107,0.8523993261337801,-0.6333037731094782,-1.7088444837755845,-2.8604518851066976,-3.3550727768497137
-1.9895346550698523,-2.659488070380202,-3.4768397260195045,-2.7062927036913536,1.1709700446262221,-0.6928542989112008,2.826388860279795,0.4163856041010179,-1.0980998917806917,-1.0006836989624779,-0.6054803761052344,-4.776571782181953,-0.5631519398333115,-0.6625734489706036,-2.824852242027447,5.854716381552492,-1.4305301967691282,1.1065106491562946,-1.0243513064156384,-2.041029900935536,0.15059101422358878,1.3638545477030162,-0.497413910891267,-2.112035980507138,-0.126154479776994,-3.3930074118867037,-0.7021855540083694,-0.040599204328456845,0.5042669151927289,-0.1545612454645225,-1.7870693295097866,-2.3029137979537624,-2.7496529792171054,-3.8253798228773963
-1.2243675458330872,-3.5042361306103147,-3.636492349352637,-3.648247824367609,1.699787359989692,-1.994840506598966,5.400692848936714,1.3330237833442236,-9.022347430496522,3.184206608874476,2.5969283829827012,6.034871186011967,-3.867438775584368,-2.6381864740315244,-0.3223621767532552,-0.24480177397619093,0.10647544133130313,0.6635134395056425,0.3733693824308673,0.21651914129968694,-1.6182975468995418,0.030692748835638516,0.6087874591673411,0.5333732554452979,-1.811841797030694,1.6795326616667154,-0.19501829523939024,0.47062385091370273,-1.3318699859329188,-0.5407205203907446,-2.236601373479123,-3.1436927833278125,-2.9369778469957573,-3.374099823199885
-3.4998740834940283,-4.219096885284017,-4.252005548161057,-5.3693264695716705,-1.9103906903150265,-2.6020276293498057,-1.089671717322293,-0.8400204262841792,-4.050645003722886,1.6604328498904892,-1.1368441452826563,3.4386361936178584,4.21073205032953,1.8187602061628438,-1.1078349664597849,2.4478715791759837,0.43399817191189155,-0.401133393491557,0.5014439191913629,-1.9498506189264466,-1.2395528809547434,-2.4446568716373407,-1.7659051534084067,0.6566329415356661,-1.0279297623548835,-1.0155651890107056,-1.5086801322851267,0.19285158918937848,-0.6533628730902196,-0.6559987462325062,-2.283290499328206,-3.820024948274293,-4.183894514093345,-4.187215642686966
-3.5874210415159347,-4.498067319235018,-5.056528571454443,-4.78183531131766,-2.539817184165555,-2.9248828521885115,-3.394592837825881,1.14296274469803,0.22331732444660987,-1.7500134317460292,-4.963233928123024,-0.7173299376064373,-1.7912902733552327,1.6067192490067008,-2.8017250929540443,-0.24086540630634884,3.2307703956974057,-2.716555736247415,-1.8829183694503528,-1.200430387635849,1.8195957904091877,-2.716015481930183,-2.243898705979897,-1.1354641796355665,-0.5536635494484343,-0.5129451479503033,0.014488506006876586,-1.5072919802159102,-0.9624382598905878,-1.8773909961858597,-3.0659343064273,-3.6183844555687217,-4.144497286014509,-4.259436207105406
-3.431884307620447,-4.985328313271537,-5.527324734541103,-5.426179939206796,-3.624906585063646,-2.4822714604685863,0.4336280492416177,0.6439047445968298,2.847146321572331,-4.357784122679325,-2.149288104805998,7.27398958800414,-0.1838858163241437,-2.741116523675994,-1.5102087736517684,-4.232068995136946,-0.6256775426909735,-1.6298744127662594,-1.1094316018830912,0.5972585452413094,0.32679046253801614,-0.4406262269672041,-1.7120608853737476,-2.873070525514999,-1.1337642175329021,-0.14473915840848375,-1.8337382295475977,-0.5450143260067178,-1.593878199043017,-1.3148639350901783,-3.6818650553169854,-4.099246166824989,-4.194681951237229,-3.8553307738263976
-3.944701960908918,-5.115771813521604,-5.51213970415984,-5.520265990839979,-3.7465501133234955,-3.294010982205262,-1.1607649599284864,1.0764307951310408,-0.09663884748472264,0.3106924079515078,1.0499258712957675,2.3015789084422043,-0.588953553178478,0.8359166805500554,0.4329597915579909,0.96946112697321,-3.549893575040882,-0.1722843158274358,-0.529693531614513,-2.7257745527093706,-1.5336493885205271,-3.5946081980950058,-1.9356905611108222,1.3717867044615344,-2.7339905502197435,-1.1493327542388676,-1.5000753878966107,-1.6912345948886995,-1.9747664813381682,-0.8220780533708494,-3.747978681662696,-4.507339935594653,-4.411324415867746,-4.823131147170221
-4.715769847219731,-5.3168425383544955,-6.04018535003513,-5.5654433688413905,-4.561360551029069,-3.656310982257528,5.405838899184475,-4.666336995968372,-8.973206590599201,0.7098447316507376,5.1105535591797135,-2.2459211426254972,0.5332070881657001,-2.150669910545673,-2.0451169886786706,0.5631876219221588,-0.7611788015442384,-2.446330389424266,-1.255780148021731,-0.7046553271356484,-1.5052035373984967,-1.5816168282212228,-3.1200407769839122,-3.0987874107819806,-0.2537988158379209,-0.7083298873451033,-2.9064406502126734,-1.2860564043995144,-3.570496512588383,-1.0479798682831238,-2.67995788936764,-4.48991103803665,-4.484424148450817,-4.505581578526239
-5.840629236003278,-6.1569193587313595,-6.106208419661357,-6.136108739861082,-3.9252143948632727,-2.3240215655004732,0.4065387012501115,0.945710851402415,-1.5638249841876362,0.8118512393581727,2.49673558403121,4.61337622404327,-2.469368213155681,8.470741205089485,-0.3722783264561371,0.7447946408100354,-0.35051302442865456,-1.4700979071629112,0.2751962697593203,-1.7195540504849713,-1.7837037530337059,-2.9652536370794067,-4.003874205427587,-0.8027863512105956,-0.9356939740004848,-0.2201046327880417,1.1850765283099303,-3.0276482256985235,-2.2246314611564673,-3.181064994172221,-3.6305654336592372,-2.842853703850823,-4.628237995427415,-4.067901996557468
-6.439942545593626,-6.936898617008055,-6.575230039200383,-6.436537006470104,-5.308078997807912,-4.264314317814285,-7.972411931951885,0.21615726130179938,-2.3832172254052515,-0.8732348537464698,0.9390009098075256,3.0189194259981487,1.966059488959369,0.2512566442901911,0.9577540113316733,-1.465786269903469,-1.3428281996461326,-1.3543233365229803,-0.9305455571555176,-2.4577730912843934,-1.0167651068921926,-1.1721077614929005,-3.0774605653043534,-1.60717897700198,-2.6610755739139407,-3.1872334936944697,-1.2374601698464367,-2.6979202897130703,-2.3533754751977085,0.372186290262925,-3.809926415383563,-2.890136486838628,-4.867871113496119,-4.637308425147389
-6.985179652054001,-7.836024164328126,-7.245335999120916,-7.0205393950045965,-6.186365249788565,-5.717869124888955,-5.266416990466179,-5.334981600947638,-2.5950399255141243,-3.603204127226213,1.8209284136207724,1.9940379977448595,-0.4002275375777026,2.6551812456318387,-3.543540860560412,0.43683326941505723,-0.8409220186254456,-2.03431977450376,-1.966966395663132,-3.9293392438084505,-3.6442954283970916,-5.410010113736391,-4.001869713178828,-1.8506772157159919,-2.4850631801768546,-3.067388516362919,-2.4205619741146047,-2.2977453915629016,-2.473828244287253,-1.849395257891644,-4.099297127499522,-2.750710614372971,-4.037733570359378,-5.27566154700075
-7.093797877734191,-8.926118421061325,-8.209078037355644,-7.123189677302121,-6.828731204757794,-4.831545126776172,-4.994435102768216,0.35688504058568465,-2.372868468140478,-1.9972659840390399,-1.0134044380663771,-2.0653497948067496,2.5267192367575846,-0.26540521709343895,0.043544994053661336,-0.43571872640883413,-3.2223076739117884,-2.955555578536675,-2.6391283059089043,-3.0349353875866982,-4.667579409742811,-4.885831758684823,-4.5895986463381835,-3.97402303381951,-2.395924670909937,-1.9514736963402173,-2.664691102352875,-1.7656574829746206,-1.9947359253738195,-2.4120674826814676,-2.1523490494313995,-1.9922347287517173,-4.575252481678217,-4.63704018599838
-8.112978020547091,-9.499354516805965,-8.757376349012924,-7.720488470597156,-7.951858908823039,-7.3381129276044375,-1.616431187048445,-11.036925608456439,-2.7161008669139166,-3.6038281438890283,0.95475070614998,-0.07356812950884975,-1.0684053157371947,-0.5108515775903408,-1.7481162856415393,2.304177746354521,-3.238570418552741,-3.3836453102283413,-4.7302373923598,-4.704111900697598,-4.526496211634549,-6.2354443133185535,-4.664971371900316,-3.5425816142885336,-2.137599389493272,-0.7076584607910099,-4.339443956669724,-2.4987879643791935,-2.3211252658078654,-1.7160391965292645,-2.061597088272949,-2.9236849218821215,-5.382388990884927,-5.003345017004748
