script/wind10m.json
{"header": {"parameterCategory": 2, "parameterNumber": 3, "lo1": 3.000054539987559, "la1": 64.9999836372058, "dx": 0.5, "dy": 0.25, "nx": 34, "ny": 52, "refTime": "2025-03-01T11:00:00.000Z"}, "data":
[rows 0 to 23 of 52, columns 0 to 33 of 34]
11.326729346784079,11.541303915956695,11.630487194760356,9.375197190646771,8.885197273757807,7.949580810689411,7.030567110032272,6.463871814692243,5.795840555850431,5.284736130394364,6.484717228278032,6.7681176762848985,6.3215368718027,7.009741010014819,12.554075340774727,13.639823298729164,11.189439674866103,10.798627745075933,4.865763339777949,10.5581699597464,4.782938086734501,5.098027076041814,2.3851569210479173,5.2094595706747295,3.133050195957218,1.5281977506627122,2.20131384584023,2.196985536190905,2.4896938391428853,1.698366999286195,1.3983208711831296,0.27155558873341656,0.5312451015378975,0.5735430454574002
11.290127756624775,10.54367561204356,9.24977998786547,8.293658036361936,7.802957010333095,6.9496970249436485,6.58118429025648,5.6852324813674375,6.637624202177979,6.220992383725523,6.520593645033991,6.766178269287956,6.5728133347997435,8.9247731704897,12.80779175577695,13.918022479153077,12.435173524654267,5.714705781859764,4.974266958027728,6.705628223840166,2.6280587903498116,3.117810689084011,2.3804218604336373,2.0869775163380773,0.7450427932009478,0.8166159603310791,2.9279179852687025,0.9934538418643575,2.479901165677883,2.3074418024920447,1.4422459617687018,1.3724618780818627,0.5108773135109465,0.8858649028857238
10.556849944786903,9.176291452580315,8.991271052083585,7.8569341612397015,6.716648200336811,5.848247367840366,6.800881396938787,6.366254461739697,7.384393412179741,6.521862600520992,5.643846722484095,5.087142479846567,5.507560338887474,13.969025109315856,13.554665004386003,12.276962859318568,4.778455967954696,2.873217906712631,0.5959529650501463,3.062680828807035,2.0384151361595704,2.2722271892156662,0.6791564527843191,3.3811230822213374,1.9607248943095354,1.6025966109015883,1.3474012901001668,2.392616801634659,1.9005767856164655,1.6182114123781366,1.9324093919835283,1.7631586054833985,0.7564740355891455,1.2374694190109865
10.044567473967385,9.509420003990618,8.722341460793382,8.020071865743837,7.024521033545975,6.586888341951619,6.276092065424719,7.220498323766365,6.555191921557115,6.107181699362681,6.677998915627325,6.327178095792713,11.848135034951785,11.578440855863885,11.859254486623257,7.236093517177707,2.693739288172431,3.6174526263875055,3.8127838561552023,0.6193614071662872,5.2458160897988595,3.2707286053666156,3.353004093725136,2.278410810598357,1.712539327332791,1.261493145912534,1.762518989874744,1.7602033108116992,1.3431790153187488,1.4281855335982672,0.9583313617793819,1.3430638450002572,0.8326512723263672,0.8670827826020305
9.68643227601741,8.804958192658482,8.47918167451968,8.183141900853792,7.7518375744277295,6.806937033448148,6.753306162883265,6.7054131900826155,6.138211926422475,5.417339504872871,5.168747433535357,13.740901367174365,11.754394275514544,10.599753779642553,5.526133868473287,3.589262754065765,3.5984532955370363,1.2795766342553625,2.8507161901932885,5.147785813566163,6.86712129087998,4.310796549013572,2.3769602365214837,2.85660614754318,2.5785836697980833,1.7733017909872832,1.5023064930596222,1.316203541842429,1.4094479530271304,1.0357806328736274,0.49502253612045005,0.7907624534444497,0.5247245038899877,0.5396790284414851
9.281923300673826,8.413133538386507,8.337196307785135,8.265893074760477,7.7252206996147965,7.699504622132295,6.997921329107211,7.9675752418766805,6.778012454294926,5.928735775494144,11.783655397827888,13.208289487659512,9.733652797941257,7.991697693098743,2.9820077783085286,2.757377934087951,1.9644372976344753,-0.1199872813375007,4.095565430113746,3.7282607522511073,1.3868702731957872,1.0709924810815161,2.2861657539297044,1.881594119144328,1.5668841944064218,1.5037146908289203,1.1016652665659694,0.8085874457731248,0.941061510405591,0.61680941644035,0.95254684228647,0.7278149277999278,0.5044294237172486,-0.004957079734991528
8.57972777281724,8.129758418480074,7.601688472967489,7.809807447999261,7.586994654758187,7.3830445933673605,9.831900475203328,8.80518040529406,9.654073266990116,12.069313977815543,10.641754732694151,6.048279592912221,5.3082788953132685,3.8484072374868075,2.7013786702087925,0.07080188972543867,-0.0924516426038347,2.9831041234961075,4.369679412802199,3.8770435977662916,2.2336915771722614,1.697747307282469,1.0948329740127631,1.4462348143156216,1.8438813588209173,1.3787097914903523,1.7333446661373715,0.6716441843255213,1.0782404305246285,0.7147418768345644,0.09278127741286367,0.4568727966595487,0.08697013877000115,1.061983389332687
7.604430409059516,7.435899354215616,7.016834474348555,6.8732465423878475,7.154196885490324,9.586852484017168,8.841821971460114,9.318527577117623,9.536165952610208,7.588064099197624,8.046671449299266,3.456534587990455,3.62212468746593,3.7072203828316237,2.8293827990651867,2.2832946357908073,-1.4420279418437547,4.038755048484372,4.930819703696797,3.924140955336175,1.1470233344765004,1.8276813057298367,0.5049864700524574,2.013096592973141,1.1765413358143613,0.46344535843948637,0.7505482075700097,1.138313924234215,0.5211306715760065,0.5196223314213393,0.3668190933903333,0.31297325711076457,0.38546776353131007,1.280003960550918
7.072821551694884,6.765026850977415,6.467081550203311,6.776568597615601,10.232965888109435,9.73791410900822,11.417332474586974,12.05909067454953,13.578124967540871,4.276985714444056,4.317809602248155,0.6766716237276663,1.9825090309116709,1.9839771630553251,3.7272233000059023,-0.5617412619733276,3.2457713777306054,6.943707623748018,4.239666090817013,3.3735338603863645,6.492081853901807,4.757751404293143,2.729823531906037,1.54548720663096,1.0221631853740023,0.5968728719090438,0.6299185048619386,-0.21586361339772164,0.43177692949866064,-0.23198783368985837,-0.16806392495587358,0.03940852951625851,2.1364292137392757,1.7435835447429215
6.79098339931847,6.233636082961287,6.445437138166861,9.195177512266536,9.438736674187387,10.878932084768723,11.238699414719443,10.074932948754014,2.9141178160591665,1.3954767587478925,1.5900891386905978,3.102305710351544,1.3399033654456185,4.318417865306429,2.577831577288794,6.815427148780248,2.2826689240760536,1.4772716631910205,0.31802410766812844,1.2037209110043368,4.290603051897784,0.30825608527148485,1.4422638707907094,1.5913990536423257,0.9572081775260679,0.7893645904713298,0.5381706230705421,0.3481652419791427,0.17799033338107337,0.19381789971937088,0.6088350964985858,2.359220400119763,1.7707675627569262,1.33666311021321
5.917575394383674,6.2384181402601415,8.106369350979056,8.005985699668623,9.470402470614635,10.813779407837803,6.683458526451306,1.061269652804429,7.713733001958398,4.930086946812476,9.397092007823693,3.0113170745091318,5.015619752736349,0.2693114540113078,1.5462504197453462,2.3996087727553617,2.723938661840562,0.29186244756853813,0.40691549711156433,1.1885075816111892,2.3914677371615904,-0.02894992234868568,2.9683747520183537,1.6132759312482725,1.354267412495112,1.0259703399509987,-0.8193911513636962,0.6572907003865543,0.4275135468823163,0.27516342039833763,2.4896972750309057,2.2302267815235863,1.2248412909394508,1.3195779141416013
5.461009411514819,6.258979903859415,7.517876704515905,7.47934219839184,9.477493172714821,4.819350657969292,6.131908032903756,2.8674619998702853,6.486486417039794,5.9621641460670665,1.5642320560778402,1.3304714520266496,3.4865397172371972,4.46254307173073,2.562813869183841,1.7887844672193778,3.4020703996094595,2.5954417594781622,4.97333909638154,2.2933697124997443,2.6065808987573083,1.1019670177754186,1.0956029464275607,2.578107993110048,1.44970926033531,0.731069491703648,1.1608636852825582,1.014706537815408,0.6097626250494471,0.2631860260316859,2.0208442646324665,2.0390964680409778,1.938225512202612,0.15413229550599275
4.326064578772391,6.563118271345827,6.1469099635285085,7.284593097609015,6.640945852150593,4.120318334835164,3.7858094447653854,2.514732467069968,6.880640142557935,2.6006985522148627,2.402393286722954,2.8365672660214996,2.482197120749068,7.121635576576556,-1.284067632803575,5.595994249180461,2.1169876991368914,1.9121138435980274,1.3864490311172106,1.2385164865521052,2.3142100327208452,2.533062682640826,2.2028792969055515,2.2041209174877756,1.3886399366467164,0.5676604318504298,0.9270359385447927,0.4219621178055628,-0.017157057465993737,2.0916765124141783,2.089280437419128,1.603979946553468,1.2886182639228165,-0.3438725319068552
4.866211162762741,5.117256949230415,4.990425732256184,7.256487680268498,7.71166063970412,10.274738079992083,7.938353395758458,4.168432242542315,9.661593781302294,8.387038095018918,8.914636773391157,3.0648456962959956,-0.13033521105541954,-0.852059810459409,1.7986961380887692,1.5284733774538932,1.64420364862013,-0.5765998912370414,2.7814198891566932,1.8226523169005964,0.17841439923574662,5.42064315230872,2.7751284062188084,2.91494657738408,1.4203558637192852,2.008690369742829,0.7230112545388993,0.6488228495333065,-0.08206038227968053,1.2936721334843226,2.8620440396620186,2.1014914312187774,0.49317939488119317,-1.1731253563350739
4.659851487911912,4.420814038353868,5.4165471651960875,7.5416264178605275,8.630824298157158,2.723727462633523,0.8253357580606354,8.203799796726214,-0.2732101842300259,3.3518695634839673,1.4862082975570288,-0.16351973853661736,-1.6062777553599492,3.297085882651363,0.6317525913351562,2.7085681480939874,0.9217453874936594,1.5021029136398087,2.0614080633592957,1.3204434596782455,2.556081678349862,2.2641315467101757,2.035034306446942,2.274275198719251,1.4354470794883887,1.1680271231379264,0.8863575550490103,0.7122398614701335,0.959469911489113,2.8784829815750284,2.0418610568450437,1.7550276493334642,0.7168244623757278,-0.9476012079295884
3.653090195006474,3.6134627842655678,6.094160126809405,8.116955814196226,4.492793855054293,2.7031722163548917,4.241569517045471,1.2309196769535382,0.22408292816474976,2.337144163187246,-0.6873941994950103,0.6210212493876923,-0.6371137461667672,1.6620216149311007,-0.12195030308641837,2.4047964540606492,3.105486557389517,1.5037663419632625,1.845192130982332,1.423195114556115,3.9480510342165775,2.6553495757678096,0.031217378869392805,1.4618667584536442,1.3699409598140533,0.8578573804833721,0.9526691300613733,-0.14586305610899353,0.5136847961381842,2.498724348363302,1.845621923902957,0.8127184837004533,0.01814586424652626,-0.9679598623125151
2.0447876894027806,3.4374943016183095,6.688113244739209,8.029869433206995,5.1461563352483175,5.748369926930357,7.516350931075057,7.100537818029672,4.828259805256765,5.2067468813025775,0.916379003647907,0.07621384195125501,0.7651722452382554,0.32285681500237867,0.3598030395857925,1.057076351296933,1.4663777858142661,1.957236091177676,2.021598696610751,1.7796466227374519,1.8466050371072449,1.6500870888022332,1.2154024628067726,1.5694246861446757,0.7260591641542289,0.5133736447143941,0.25718433829467474,0.177140413969763,0.45540281449223546,1.9515629709383664,1.6698852384245269,0.5582171113869401,1.0715255482699981,0.06069304553353165
1.235664947959837,3.45855406953076,7.027311818306001,6.337651968749379,4.742142583223149,3.9959560106825043,6.302770937380237,4.3950985758189685,7.256038091639598,4.45540644608602,-0.5955131698316207,0.5320991400779443,1.731160876034487,1.0805161357940893,1.4298840109590716,1.3971685596725965,-0.12505657548471524,1.1532769619134873,2.0895046030391997,1.2233465027699908,1.5873173643870235,0.6187637677795347,1.0097925808570458,1.5123113953030154,1.193382769345832,0.6204644304295401,0.34655294058708547,0.47854762716503496,0.6830212138158381,2.5115794988473565,2.72048023737963,2.3096599024785722,1.1219340166806386,1.5513255545705351
2.058776172607224,4.0786044657356415,6.593514529300229,5.975659161851211,6.809446323341538,3.140597075470994,6.4788128147993005,3.2212597944356145,-2.5138176789526434,1.4983181558298628,1.559943035584371,1.0471054436386023,0.4315045783945931,1.371645194544189,1.056222937436999,1.5145916726804154,1.0787531266348627,1.473784157029086,2.8886241686279974,1.4630751012772072,1.3570986580036781,1.2753712348476403,1.3520908124563418,0.3399469752342915,0.7943520080968909,0.5091127320486076,0.08454132232804962,0.3768917590831179,0.5470803433089922,0.8664497876691531,1.0523355825421739,1.3320625362148193,1.0224778612379133,0.409442522930459
2.850747135696462,4.323689947843703,5.553686553045838,5.848596656539734,4.823138530502773,2.679570642440494,1.5144922336714735,4.5309486955951455,5.4348292892550125,1.258862439386973,1.9544081010021552,-1.3254118888766235,-0.5338183179148366,-1.5316682954557819,1.086729971805173,1.1187217477848848,0.538970193248394,1.6436836364654404,1.6619303334936313,1.0866226495095643,1.461054300687563,1.1337809161882137,1.1119938195149626,1.1080910429060102,0.6647556614242072,1.0166456368770214,0.49330002043529714,0.9055795213921725,1.0122384949160754,0.9181497091090051,0.7908440516995993,0.6450407740322295,0.8636872099685328,0.08127309824362845
3.5748710846157334,4.876295726606426,4.534606506282939,5.717481377757608,8.614614405308036,2.7937546403320446,3.987354611384284,4.302767622593092,5.335957731353227,2.825595837630272,1.0754834169972198,-0.29789353861032386,0.7956688023596237,0.6396083091613418,1.2835616677499582,1.6092499106573457,2.226493787907097,1.7563074531035674,1.6286345734318544,1.4089839557886585,0.5899140119328213,1.0565170358928906,0.8270997466472575,0.8093538246876909,1.7263209110939886,1.1370557434472282,0.7052343130725821,0.8442389986749953,0.8510192744247037,1.3559918721203186,1.0437911955475438,0.4771275753624802,1.789071316867793,1.268247554086817
3.8080934475532913,4.3661941528828585,3.4182513677517825,6.471621903465145,7.516490622239383,5.496210649805363,0.8101519185761186,1.5180970860730076,2.975272604276087,0.47219296994017884,0.3578077656210107,-1.0901359254222434,1.2125891470907697,1.0022826320923401,-0.1428335798747536,-0.07408115995084355,1.4276798138461733,2.1244189956201045,1.4929539927307713,1.0227563119635719,1.3353504527508528,1.8216366994838638,1.439482181201072,1.0926749930390576,0.5216238817385586,0.35562038846064414,0.5527289487465256,1.086312000602725,1.2355202663390656,1.205087591019298,0.6270780225900433,0.28861630050477216,-0.012004211354066726,1.5504015413272954
3.321785873542242,3.5087967393236617,3.3880633103018196,5.8180293504147835,5.80947958610452,2.241918178592252,2.6652240521063257,3.1503523574190293,3.3834992072734,0.839307418695063,-0.1405705917927639,-0.16584742009836614,-0.6725092617643528,-0.026034975301717087,0.8001518493456411,3.3498966223647124,1.661019997730181,1.6667207295392152,1.5986077579816695,1.404009966438626,1.2515796113899287,1.422727864721408,1.6596071200530915,1.1367002229396488,0.4417362765658851,0.5438218738488395,1.0791881247679862,1.141943269276321,0.5630673219812699,0.28849376606053745,0.08751288132072774,0.6846756610492815,0.49747236306809245,0.5208815726717818
2.909341657241351,2.4321730850854393,3.6615295941846697,4.761893534029538,4.961594175336904,3.592757143762544,2.21151588956433,1.68303191621089,1.611178704899082,-0.3796425009517129,0.9308706474121754,1.7416902949876798,-0.7853182984164836,0.6772149460538653,1.4876746666848875,4.421415715146287,2.6451146894953848,1.796095234663859,0.8873220789685057,0.883014187260316,1.5969674857003149,2.1979140990853336,3.4120874930921463,0.9136973977667827,1.5633835484220149,1.1270241446124514,1.7600159399831334,0.2904710725079439,0.24691626757248766,0.1569446943752597,-0.2009070337703211,-0.3277468633491937,2.006883132333803,0.49114111562627544
