script/wind10m.json
{"header": {"parameterCategory": 2, "parameterNumber": 2, "lo1": 3.000054539987559, "la1": 64.9999836372058, "dx": 0.5, "dy": 0.25, "nx": 34, "ny": 52, "refTime": "2025-01-29T09:00:00.000Z"}, "data":
[rows 0 to 23 of 52, columns 0 to 33 of 34]
-7.020791834984157,-7.061839354895436,-7.295791165187188,-8.116715785605638,-9.331980880859907,-9.919060353726806,-9.913190290614661,-9.748240750518619,-9.823468351939283,-10.006145197329527,-10.279544057190995,-10.290265415465619,-10.19289630515612,-10.079663285238322,-9.899457366137376,-8.023944612643593,-4.873723555300654,-6.403774853508481,-2.691575929823636,-10.327101469799706,-4.472925039783636,0.48557038781557227,-4.582288319464033,-5.340614309708603,0.12499062075524099,-1.0737381603045044,1.0497852129845542,-2.195778715345846,0.2903183518397308,0.21466874509987885,0.6126811147299396,0.27294159180294125,-2.2177116656229092,1.0874080958130856
-7.138220644361624,-7.331442042074125,-7.36566581330147,-7.7573704856447545,-8.476329163405152,-9.166456114717517,-9.552680382529918,-9.131886931075812,-9.643905881265013,-9.32376413513239,-9.949987045636467,-9.874794599700804,-10.080244898840709,-10.73748084056477,-9.86598846438357,-9.546942136046084,-5.591736026661568,-4.038300282965091,-5.092476399697162,-6.352064714778516,-5.13247995515772,-3.8323727814360513,-1.1639272043794198,-5.160174568582003,1.2349109105956277,0.3763431039751185,1.9158422081347797,-0.17054322296613697,-0.845820969570961,0.45066761932414623,1.3097088656745097,1.3113334304164204,0.29830451329137603,-1.4665199961723958
-7.525436230432313,-7.839099394711869,-7.567123962798213,-7.7290743798235235,-7.6788668979795895,-8.669633782943365,-9.092991326607121,-9.091972725677927,-9.554923493726207,-9.586740384953217,-9.71165291579851,-9.713440794127703,-9.964917077011258,-9.782500775850567,-9.648629693250797,-8.342426678046067,-4.045896916823182,-3.61786953447696,-3.488358401226563,-3.842768721393039,-5.386500995584614,-2.5314072703542005,-3.0317980901587,-2.0731453381379135,-2.80739835170424,1.2205999114290025,-1.253697513424179,1.9578262115934046,0.7703286365758023,-1.623576196840608,0.2992519833879321,-0.1574435817388951,1.368214512196159,-1.6249818271456598
-7.7926940401831315,-7.5226529950838685,-7.05461489573581,-7.149042056311216,-7.40156643990856,-7.878770654065632,-8.32236758300984,-8.188003223989794,-8.481817793355253,-9.048443647683039,-9.24493740885955,-8.589609883288205,-9.405362433019866,-8.777403224415986,-7.873871874017645,-5.319047320747504,-3.470335933277296,-3.673226307682771,-7.738054759021685,-0.46628404565831444,-9.405945244140646,-3.4851792063074916,-7.436500602281998,0.29701539444806946,-0.15417400687750651,0.06506935275877349,0.3792150805186973,-0.5048268169814548,-2.3155761382596767,-0.3340377884543481,-0.3816348724395947,0.4021188897329411,-0.043570366050344124,-0.4996061192909387
-7.218127152312193,-6.568981014492219,-6.388783516724434,-6.274382208608336,-6.468449230652362,-6.468287020034933,-6.241027805375674,-5.076534819418067,-4.3104924346420255,-4.208249644658098,-6.4498818980541675,-7.9238732142398876,-6.991004566263415,-8.460981571314099,-5.864501479887705,-6.326522711707712,-3.028502185155362,-2.647535681640835,-3.2950675193233185,-4.480446478228827,-9.350493938169905,-5.18158540053698,-0.4896628112372613,-3.3209845423528663,0.09095898602057352,-1.9754657752948126,-1.7370620478457137,-0.6262155082060881,-1.5023601304295884,0.26751326482719395,0.6583568004413274,-2.685042654400731,0.4093006595148643,0.2606016358474006
-5.297187909922952,-4.4727114638012955,-4.2340071092285045,-4.000368462932916,-3.7187197642155057,-3.449439251482064,-2.3109278563104634,-1.4206444268139997,-1.4512117831740508,-1.8672681588571225,-4.418854921555799,-5.321029085661245,-6.911210713303538,-7.298525303032616,-3.585969559572524,-2.1960039502025857,-0.2022094000382714,-3.473379984608226,-6.819862659172138,-7.299730755268903,-0.8390403514127059,-3.297810976014356,-0.3826012378791552,-0.313870710669689,-1.226422921228496,-0.12568439244049884,0.222038443244984,0.9341050916145518,-0.9166783892111047,-1.496075045587764,-1.590127932467207,0.8822264942820836,0.3891560528532623,-0.4225052171121303
-2.4938249565318715,-2.1234910043883852,-2.2094111126593377,-1.898131597477283,-1.601209432369938,-0.2516799099821312,0.7068710167308758,1.2211786288100803,1.029849326145004,-0.9732831831816502,-2.927526665300756,-1.7846482158194774,-3.4611238923720586,-3.648065293297129,-5.462454092248198,-4.727972450967884,-0.310847929925032,-6.546107579402202,-6.834369294379058,-1.8817307344193803,-1.7489235618716787,0.04694749429548031,-2.169021543609197,-2.005753379127934,-1.7531678692788617,0.40593066730216587,-0.5909735410825309,0.43720493642122754,-0.6106349039140013,-1.5743118091160777,-0.7569854280016164,-0.7719848972852151,-0.7455361125264426,-0.7483955834258359
-0.6673984763927867,-0.8181414840702325,-0.303900946074652,-0.021771510112132568,0.587491773833468,0.76316707200174,0.6612608912490581,-0.1741226932470242,-0.3633388740517771,-2.5755160382431987,-1.1872966165021006,-1.4454219514487516,1.0914956581779791,-2.2230049880883094,-1.2184978778019544,-2.375153451583097,-0.03133023044485627,-3.301451605523549,-1.2999212417147747,0.43314936653102665,-2.647650859031617,-1.3442372530864237,-0.4300379074727796,-0.6461334539751499,-0.07120969919831491,-0.19890606454217755,-1.7994235512500905,-1.0261580436457285,-0.41539844212312194,-0.35400095887341787,-1.6553132840395888,-0.4497450920793269,-1.3431390262803666,-5.857634148661779
0.2995385926702711,0.7681083528405054,0.5205041165353382,0.9487614306264989,0.5822329963309179,-0.21958415524739555,-0.9780532629012934,-1.8774383705538156,-1.6892676139443212,0.1058360764220445,-2.485914648443227,-0.8447722528549311,-2.3462891738463907,-5.305358994884146,-3.575706918785277,-3.3610322615972357,-4.312503518408582,-3.168973082883339,-4.0900015287008635,-2.963838510571361,-3.4865760495526295,-1.3988364761666787,-0.47734519723287566,0.9216108558011247,-1.3859914291579107,-1.9702101408156816,-0.925732404824033,-0.6518089776727486,0.48939563933154523,-0.0024632260519590475,-2.2720043254542417,-1.6557733708302527,-6.185584932167185,-6.129382886174713
0.4958622356799109,0.6611378792374274,0.07175659961124987,0.7480297645887729,0.12764822675056903,-0.9193376528742414,-1.7903829294729583,-1.539259851132623,-2.9055518828332128,-0.543511451250371,-0.4093464221509778,1.2608704190136502,-3.862698255410087,0.8483136095262948,-1.5946197847196486,-3.3928228519176504,-2.338742488449004,-5.181976979533645,-4.612151189956711,-2.344134127852619,-0.5205958418505314,0.14696482947819073,-0.2631414864258079,0.3310946400201482,0.6112700830217005,-2.667674302627246,-0.9343263334607493,-1.9459084164763165,-2.680940541170607,-2.059883922292946,-0.5241299466309987,-5.0365405920855135,-7.719033313104229,-8.064659448000366
-1.2058653460666637,-0.704210808179397,-1.0572446058562603,-0.7478045502126799,-0.7257780102844485,-1.6407637023165353,-3.1242409179181814,-0.8461174361056143,0.4515805719047586,2.2964933611327094,-0.05316165029865797,-3.361916292046361,-0.6698133564500847,5.464817096458603,1.3006778413123345,-3.3593913488631584,0.7433081539346272,-1.0123432242816617,-6.140815865316961,0.3388398961563066,-0.07039308037780485,-0.2799020701091088,-1.5552344585147329,1.0266652837534178,-2.532448393400021,-1.0547061173244547,-1.017804646652365,-2.9864136638821117,-0.6848631198043754,-3.2915966933748586,-5.001997118680197,-7.465049942992009,-7.788528922451331,-7.539535832619195
-1.6765123354863583,-1.6598972238848564,-2.0114371886427365,-1.768766214405791,-0.7344968091457131,-2.1430197806947398,-2.445403280709087,-4.040425125287522,0.46299340806725653,-8.619931334339732,-2.645259231082599,-2.922431519425814,-3.338330639731323,0.20199404692483344,-0.297984106549824,-0.5280864941368641,-3.2510590803472286,-3.8523824222509435,-5.429367526439542,-2.3643606067520984,-0.8613487977294663,-2.770726798147578,0.8091021392842896,-0.6014196861716482,-0.21352009533613073,-1.2941547657725962,-2.0664567862795833,-1.8006458893367479,-0.8737838403210899,-3.0275889321892597,-6.344501811872267,-7.477630572512051,-7.926246900868127,-8.146330737359222
-3.2154549022857,-2.5558835331521492,-3.0096647380897656,-2.6381232428120724,-1.458693875002092,-1.3035177033895957,2.3670389529609577,0.30213514354380405,-3.976179437547703,-5.516467342395564,-4.653132181290906,-5.476323666195016,-0.0859160050147937,-1.3550155092503897,-0.39166850048549884,-1.0404062893433987,-1.48738987477487,0.7183555662373189,-1.673484560434963,-1.6745063090715644,-0.9418694910617239,-0.7542664905390543,-1.7018654610602575,-1.2097526108993162,-0.4382929833380488,-1.350690549569686,-1.119984476536639,-2.5304958996450226,-1.666113853467344,-6.2831654550633695,-7.342327733703057,-7.8437182843338675,-8.978780160183176,-8.79285111230167
-4.414551552539029,-3.8039259880566463,-4.128525544767958,-4.999874795030769,-2.998573743195249,-2.850020425486083,-2.176572954359224,-1.1499172338284156,-7.06894735807888,-4.868168948684468,-4.058858954285727,0.14443812677486656,-0.27625463227193087,0.1670852259671261,-1.938441032026221,-0.5249677084400617,-1.4630502698130288,-2.6333565210377325,-3.3440249670977438,0.5071825341099818,1.3363072155261186,-4.097780577783574,-0.9881303972638681,-1.4556860520527986,-1.3112364503147484,-1.3408176210986156,-0.8095018961329539,-0.563647436413193,-1.550350280424198,-7.042803668633542,-8.1867750373537,-9.285354387592584,-9.192283252067933,-8.685753046344326
-4.631618156893764,-4.123282574009767,-4.629478765087015,-5.2125265921068085,-5.222615350453855,-4.153369664658271,-1.011410050441145,-4.497957391598402,-2.6043238587545505,-1.4290433202247672,-2.2323415284513772,-3.043407775595152,1.1440349694383805,-0.030704720828802906,-1.183379971975493,-2.825212957514181,1.006417090645003,-1.1007230850455174,-0.7127828938870866,0.43829164096743,0.3759995937269429,-1.0935191151888686,-2.129990230167404,-2.324598821717228,-0.7757367483966056,-1.6653331573946772,-1.8102109325073472,-1.5250456874374236,-1.1575268243335346,-7.61981624146513,-9.02514302073334,-8.897704914422546,-8.548178320632196,-8.475621890926213
-4.722753323594302,-4.984717123977917,-4.726129365783849,-5.3011087344582135,-2.022841555461833,-2.8145360592911244,-6.045959125711173,2.2101521135292557,0.2779893218296741,-2.932802099684791,-3.0739285686946456,-2.7114701660188754,-1.7662156732275698,-0.9566852547540128,1.4672430754739871,-2.862617406190826,-0.8205284082287209,-0.36855792654951014,-0.2759997922243586,0.19785016893177979,-1.0446257316359597,-0.6194290613655411,0.41484166836196495,-0.6934000778063213,-0.8241071080831053,-0.9319005921485082,-1.2307627939508214,-1.2898640703443354,-1.6779423977291605,-8.00705418733501,-8.389079589166494,-8.003192759106593,-8.375159485151492,-9.258924748264816
-5.089643729379726,-5.758416181673639,-5.239715558784044,-5.509467591180999,-3.388514956659354,-4.1606283561578525,-6.136556681902287,-2.632709594131335,2.2127987374335145,-4.029713378974859,-3.332180795344186,-1.0662178546779726,0.9039764866980052,1.3383437142832764,0.9445096594857336,1.0581300176274662,-1.1385985413077708,0.1475518351431167,-0.6594008870501437,-0.4848635899646284,-1.3885834394533754,-1.0235793777414837,-1.0692639104663038,0.4793664763204535,-1.45206885305449,-1.2513996279539372,-2.0435506867971927,-1.4645467468765279,-1.5522615266968502,-6.955333591371042,-7.616464551206221,-8.137201739385318,-8.855692429443293,-9.068709696913011
-6.075434449760095,-5.240817410309848,-5.817035566986728,-5.832135093115533,-1.9208045191497514,0.49511752617669413,-3.35718411629767,-0.33385500164018644,-5.430860191428939,-2.048506438334101,0.5719493673625698,-1.024000730912964,-0.032328013625032535,0.15283278906123504,0.12054969092531795,-0.6738259544700782,1.403005076015012,-0.5506048244232902,-1.0414654856438403,-1.7030657213378102,-1.412571183317365,-0.5252877767655937,-0.9853018933522077,-1.3321533707274857,0.025827151029249942,-0.889695935798928,-2.1602590363114036,-1.1837169875055134,-1.4823370717776885,-6.636161731374846,-7.799251789557076,-8.529672440232378,-9.214658097504348,-9.031425029909801
-6.556060167318509,-5.984194051017488,-4.81480590567828,-5.50209927677261,-3.6105299201784087,-1.6350083614715383,-2.495099684985842,-2.107917242173126,-6.005735451524404,-4.172221508305259,-2.83553176467529,-0.48825551428162095,-0.6214948697018297,0.4008693728473639,1.332976273773568,-1.0014294908696566,0.0800195091812178,-0.024533166919322186,1.060577095015474,-0.6697940951837786,-0.6826326985984713,-2.3931732094231175,-1.0823551434948622,-0.8603989210131916,-0.6036907040101044,-0.43006539001415,-2.472448811851626,-2.069547443027769,-1.2815220576472293,-1.2165199821489923,-4.9027287740710435,-7.9120164058044296,-8.826494141446657,-9.07535132938445
-6.150061605548431,-6.692676140532177,-4.984030080601199,-4.673897004446484,-1.8355999654238104,-2.1232573331186746,2.6238308522662153,-2.202408852647516,-5.8374246587768335,-3.8344950462916727,-3.129567250040558,-3.055818931533304,-0.34266049368924223,-1.6376173938677645,-0.28961374109857485,-0.3392776558105977,-0.13312927171600855,-0.3561668527412173,-0.03987296192571017,-0.42984160705579716,-0.5032713261211058,-1.1336193392028602,-2.4005010401148787,-0.4756189008851236,0.5570707844588071,-0.6533632720281379,-1.1151804765100328,-1.6129974067831323,-1.1153415718487063,-1.0814809268372836,-1.4325228944150155,-2.2730601528182106,-7.2231173805729165,-3.8521891709444303
-6.410814455100964,-7.877131395058125,-5.534337757158189,-4.518268337166679,-3.087556488976133,-2.5566029927667513,-5.0520322980758126,1.2179434377550442,-7.601350334730368,-1.0286659405893082,-2.7526097471074715,-2.116508892363407,-1.0842191705644681,0.024422907963789965,0.3045236728801658,-1.0479771039790988,-0.7244925269768926,-0.21260031871106963,0.04500347873257626,-0.4793935658729118,-0.38565348822435747,-0.46041705118864096,-1.4373043502324785,-0.992711049476404,-1.2250134114709748,-0.040711101441401075,-1.3587780449507327,-1.2161837024071094,-0.993764858462108,-1.4429563011429378,-1.9161340955627357,-2.8019438444915172,-7.5471230971059216,-7.911910821715151
-6.891807386934614,-7.5468390305289885,-6.655752472733102,-5.921328840402658,-4.385332782084558,-1.8609201906074455,-5.117425183606157,-4.738813269701732,-6.5965641572864895,-1.4990095725598915,0.4802719047383098,-2.0668764123362875,0.30441133053718894,0.6397466521209569,0.801257617043112,1.057396008347486,-1.3171952918915715,-0.4072739902688714,0.015343789300309652,-0.655386978500634,-0.7622828252486061,-0.42222360156556954,-1.3212821715415486,-0.23095371079154797,-0.1753285116568671,-0.586726835985566,-0.9686689042864174,-1.4150733642408142,-1.990160074083311,-2.3400103805915387,-2.39401652051356,-2.936254173994119,-3.4917129247952996,-9.277977247959047
-6.694384083104267,-7.6290427769541544,-7.720633778014256,-6.816943995126724,-3.4267591996690263,-1.5891724370414912,-4.3147967735387605,-3.910551884823801,-5.888144130028424,-10.17410078023882,0.08110468075680852,-1.9650841194689919,0.6854285412212794,-0.9518427340029196,-0.3938597756520871,-0.49350761599039805,-1.3551461608167015,-0.1212816795418944,-0.4228118651528868,-0.09209440508732959,-0.7125943704650644,0.01223295938942574,-1.0179945709445588,-1.0185414855927235,0.2476849007736349,-0.7451555806883046,-1.4713791852658595,-1.7305617028066267,-1.6351849005131904,-2.5148415590934867,-2.963121871684292,-4.57104658283936,-7.767886201804215,-7.660413410048493
-7.719595264580194,-7.295710226466911,-8.151036652762185,-8.81538042890697,-4.996527792469925,-3.0375478510690876,-3.146840928641132,-10.721797189606587,-8.318912008447363,-1.3967421937875557,0.09091216699103706,1.1898248440019992,0.4195675168959538,-0.5124222856825559,-0.9742272016493534,-0.2571704566842188,-0.955326963340437,-0.7684009584963166,0.19301024954617088,-1.0656525028618884,-0.08026774323732284,-0.1912908986543314,-0.9098734825531256,-0.47550977034020003,-0.4731302562294446,-0.2772668041337199,-1.6738840075329198,-0.8537416860770772,-1.0380947640369524,-1.5716481953974295,-3.080411365129177,-2.913842182191968,-6.603428884462874,-6.579284044688564
