script/wind10m.json
{"header": {"parameterCategory": 2, "parameterNumber": 2, "lo1": 6.000027932988019, "la1": 58.9999434238085, "dx": 0.5, "dy": 0.25, "nx": 22, "ny": 24, "refTime": "2024-07-17T01:00:00.000Z"}, "data":
[rows 0 to 23 of 24, columns 0 to 21 of 22]
0.35906130914947726,-2.006594860660648,-2.6033648306678496,0.908406524201955,-0.3763264513756785,0.6277607764681886,0.3580910381296125,0.802220086059052,0.8442939429497444,-0.45106399858384705,-0.10507630520716096,-0.6347965862104326,-1.9030244616250267,-1.0951706099715672,-1.4951157140830742,-3.0583615253925527,-1.217185784510872,-1.8907216047895388,-0.9165237148620786,-1.195350660999292,-1.4308276826848811,-1.2102024198030688
-0.18136492531136536,-2.0433197336963667,-1.5747094840982763,0.27694058675888045,-0.8410760156544468,0.11721122857436661,0.14505859517092673,0.20616003108391256,-0.4994421027833872,0.4275626452019407,-1.6169607304035083,0.45585431045185865,0.8928832072290983,2.7363697485131513,-1.8707858973483134,-3.5583414330042173,0.09246831378142478,-1.5929426976449494,0.16667682207686785,0.019505940269356974,-1.3977905507590462,-1.08464783667906
-0.7322458150163798,0.6317841114991712,-0.8478086302531279,-1.187346812280891,-0.9726190240016077,-0.046938324560668376,-0.6088719220055047,-2.4756962841898025,-1.5065861960474853,0.33006846595849476,-1.3108676092060023,0.6018313497994568,0.499251175653284,3.571473393404626,0.23013825596214707,-0.6617636540615963,-0.9757684293978016,-2.8722010210437516,-1.3704419296550925,-1.3735284344885696,-3.0446811899650306,-4.586552194503964
-0.05293389007466226,-2.335634832261563,-1.5376957527781923,-0.13517955127866024,0.38612240083666893,-2.050119634403081,-5.177747091041111,-4.347561877827496,-1.6516909527075117,-1.748377341866752,0.21531769663525155,0.8425550443549054,0.8885776254971239,0.9455439303571259,0.7243970824757051,0.8453572554501465,-0.6833985357125041,-3.4001566999892123,0.4905518300263276,1.2227980083233139,-1.4613605805913226,-1.3123006767226468
-3.6586011473361033,-6.466462191208858,-3.3961170967482204,-1.7613692717128742,-4.989153343382311,-7.058887943388785,-7.051460560233282,-5.314205499806362,-4.305006217929875,-1.0165650336014869,-1.5668309839283083,-0.7376420012983904,0.7319933229430081,0.2315281690171664,0.2526058939558049,0.4758543233467584,-0.6483912853413344,-1.024911998428264,0.209039460315203,0.2300744856813248,-1.2888783971693125,-1.6586085913339075
-9.87006879862909,-8.9241194796365,-7.510999479582976,1.0783506795632347,3.3077749111242176,-7.328713855478304,-7.458056168044499,-6.664381110832632,-5.596116050564695,-2.8085926207565564,-0.3115832227912699,0.8273774870222445,1.0263960063080975,0.30591384264793847,-0.1237671921619274,-0.004996921704821835,0.7948400611736114,-0.20934089083148993,0.4221067886300076,-0.14138955474215734,-0.7921401051244128,-0.3909465110635975
-2.20821259288264,-0.7045861061975142,0.35546338707823294,1.023535620386681,1.6674917027654201,2.495833546248148,-3.314640675617332,-4.697012221056036,-1.6320541914354612,-2.8579146965713242,-0.18484351311868338,1.400144313998716,1.072576286219381,-0.21553992108349243,0.28898263255261947,0.5997129317901658,0.25190478445431047,0.3143748828580187,0.6014378659416952,0.044406596913933914,0.4400985533451262,0.20140593207975513
-3.1516913401049766,-2.89061848495704,-1.6057120341571054,0.2898508960461247,1.7231347150926586,1.7994455293988785,3.3685802835033942,-1.341677674366068,-1.203933176342802,-1.1789102530608948,0.13077894950766022,0.27119589735132316,0.7715632479284388,-0.44994923892016303,0.7178794634143932,0.955103324217917,-0.07905506248195333,0.012395276566186211,0.7355531168888394,0.15822609613364766,0.7805568517302182,0.4964847375466036
-2.851781858344143,-1.4499863860915914,-2.105838649814872,-1.5787196583259504,1.4090882259141848,0.4169623593626405,3.7403565674232815,2.1995721583142807,2.2538623475483965,-0.5568493136275071,-0.510600395293353,0.26801876734693203,0.15088823382855582,0.4336430467774777,0.41427409975344953,1.6026252102508998,1.3111357525276828,0.3882353198726075,0.4963342069592576,-0.01062718427826126,0.9433629679291198,1.210281760518942
-1.75052712207413,-1.09573958510586,0.19712649570091037,2.120646893284936,1.4094109039737162,-1.244061314142667,1.030942132014112,0.6337564067497813,1.469088414567278,4.578272681426057,-1.9796936174287363,-0.3687382610459244,0.06344971704802033,2.6666999340023665,0.8488214314530975,1.5429855163968367,2.2350613708833187,1.6643283176156336,1.7887556813666836,1.007053884127198,0.7945218543477363,1.3368261611198322
0.43260103918891957,0.23818202651079934,0.22955137711643273,1.7372149761921865,2.797048719930704,-1.3459772209783045,0.6399315316299247,-0.143734662728097,1.367508729000557,1.2635218632541398,4.205932645798083,3.6369922451761494,4.822955482926553,3.0218314865679754,1.0060821746104955,1.4400071696919472,2.2849098207375764,1.2384218585078213,1.664929783868587,1.6749591730913163,1.419541352606747,1.8961602824128885
0.6603639719530058,1.4706218429462323,0.8464741657207729,1.1890912844420607,1.5215882434663066,-0.5500692714841585,-0.911560782557149,-0.7332513652272946,1.8823237335160543,1.7427313330133096,5.083088760340265,4.920709863018726,4.972424037427376,2.533300071937525,0.851876372962125,1.4759995326577793,2.0600492799167025,1.8522507040433889,1.5405184737352484,1.8199868613578694,2.2850785131369564,4.351019870490312
1.8808267135965668,1.6583272398900988,2.4175002055903985,2.600586988148572,2.1051891122703434,-1.4009838978649152,-0.28750385757123936,-0.2550244799422587,-0.25038663841380115,2.1433292137781157,2.9203192652105305,3.6703727698449558,1.6305025020291257,1.1901470760237505,1.1007533051734748,1.319923249777173,1.7794274744994847,3.5501025701856337,3.2600586210718943,5.296250642648255,6.274220629958795,8.748453279742273
3.7634853681836167,1.7998678494782778,2.7693631710955775,2.5204548120668595,1.2116451222152334,-1.45573226880651,-0.9623388208258336,-0.1303643509064115,1.545078337697671,2.9219042844394862,1.5673718402713968,0.7762034794939615,1.2761902088511077,1.3695114151469066,0.9358808974756083,1.0968922910020396,2.451658347314943,3.2021149039594543,6.104792577597981,7.197787266701285,8.117178594054643,8.685316494399022
3.114101344244762,1.6834297264592664,2.7891372635863982,2.7132224681167294,1.3777007344611845,-0.5937235908428881,-0.40484141572245974,0.817201273196265,-0.14899798758304686,2.2554450834756823,3.5380153788898148,1.8508282744846822,1.783581385580805,4.139823710265761,1.4791133582710823,0.8413582553593871,2.0012014088791537,4.386302546960441,7.10653020088286,7.120350375127446,8.510518316375284,8.343515569078146
3.9153270581329886,2.983028551765302,2.7130343210367425,0.3192222277347423,0.5881079872486891,0.8352001103055945,-1.1244961807022222,0.8856072402121121,0.5889588838651636,0.24189982662874965,3.146971202144719,2.4343722175638787,3.4882193231757945,4.059116825233051,5.969927973486587,3.724651013071077,4.524089570445255,5.571703215032774,4.455506556723964,3.9572452437514296,7.910429814966241,8.225810627688542
3.7868736988099383,4.1901930890473915,0.4402154146479677,-0.09370328020605295,0.5781241390752555,0.8992956132140649,-0.06970907688304499,-0.2650417293870392,2.6043120442335606,2.10092425520476,3.6078546648349907,3.280492055891452,2.416599463949965,3.019749010222304,5.697590403567131,4.631197085630834,4.47279538812038,4.234116853710905,2.5849051622591968,4.208546714539787,6.04838466410146,8.291090963385464
4.453059697469216,4.490124674954978,-0.9378925366712306,-1.0933889131190029,0.6510453690814985,-0.3768724793371311,-0.5797368533530073,0.9272829364414441,1.2210668975865973,3.849122274493131,4.384447516576944,1.5506294235655136,1.7742276392252008,5.110133401778049,5.977017105296878,3.5905350151495257,4.5953835243328545,4.055244514163391,3.1284736232431993,3.516969901883482,4.64061283617385,6.257984846532422
5.181833016292224,5.481858234270788,1.6258880013662818,-0.6196427666840341,1.347319597914032,1.6390143205133663,-0.5927270882042044,0.6432956621229323,1.6041131393813284,3.141722905722268,2.2825270425670134,5.793539674501766,5.385053213446744,5.080331949580718,2.3677519221531558,0.4583233561763591,4.4316273520265375,5.732687352471288,3.4902128764222757,3.8713467215615034,4.130696047383669,1.8308365847752388
6.681110329216219,6.955620796703878,4.8483619996197485,4.869976220143958,-3.5039115618254333,2.8264130427316565,0.004112563219083616,-0.05286516605320702,0.7964021408444181,0.42539785039640915,1.2170679279965364,5.889867152702503,3.1256809533856442,1.8052244716955246,1.4801465825488773,5.285294281994243,5.179025415249504,6.371608251304495,6.634580689766717,3.9985985056327786,0.9865913027604538,1.5892076770645431
7.00908971316029,7.915773914108197,6.660484697184177,7.736596727389878,7.6206475221550924,1.2533030773101312,0.34058924271751745,0.5321185054245539,0.8556511583166121,0.3786871783598062,0.6094598861423856,1.6566057962001663,1.4746092129379336,1.9010273929514392,2.2661419759370007,2.1438756641518744,4.991117064208503,6.341342922154925,1.3894682189902574,2.0427777098060482,0.22490210937278682,0.9555165562276493
8.28335254975529,7.931075947181843,7.634401699128053,6.605482273673761,5.464714306703596,2.868193740037591,0.27369120048032836,1.4768207378521097,0.35209051959061843,1.1575461209723394,1.1981786863414259,2.0189708260431822,2.2387204176724125,2.207559987820318,2.310971242576344,2.3373808684624837,2.381909300723777,6.705221022758179,2.183636722285581,1.49914784798853,2.28386321510315,-0.5554328731347257
8.674319382114433,8.077420087206159,8.030455528774176,3.3783686243796858,3.9018243357971514,1.926472732862865,0.8643816393320636,1.524166598112419,0.35333866151119103,0.7783976270344777,0.8837350305444948,0.625541340332763,1.295632483055721,3.0970296073633565,3.189641395063188,2.901046627561199,2.6774970549592796,1.5961214546228115,2.29448863830401,1.770566580581322,1.0182381018502238,1.179212249617871
3.6699010831822187,4.253111800556183,4.932860345951322,4.189688312701752,3.3548884499010807,1.635811037834635,1.382493239360706,0.9950908512255373,0.5987918770666674,0.5244848885820351,-0.05456620838056293,0.5894479173858306,1.094882908095401,1.439850643270838,2.277963421936457,2.471198610940051,5.094489065332595,2.2169761810503066,3.1613693711683957,0.6043580718156434,0.8508305806659898,2.103852307176765
