script/wind50m.json
{"header": {"parameterCategory": 2, "parameterNumber": 2, "lo1": 3.000054539987559, "la1": 64.9999836372058, "dx": 0.5, "dy": 0.25, "nx": 34, "ny": 52, "refTime": "2026-04-14T15:00:00.000Z"}, "data":
[rows 0 to 23 of 52, columns 0 to 33 of 34]
-0.5030816591575875,1.058996748146311,-0.9473842638873671,1.535114994369891,2.9786721688835174,-0.40568759185710135,-0.8669372891846271,-0.5085439439645698,-3.698078521091998,-4.469856716173665,-5.297965791991266,-4.576569123620005,-3.572380906366076,-1.3700051625977585,0.05283910942783783,-1.8387978899536757,-4.120291232761191,-4.4861954239527,-4.463974177288202,-5.258603379195289,-3.626951840152305,-3.367794844978613,-6.0701010357785625,-3.8786337491542753,-3.2802498696284337,-2.568645518198024,-2.565589830250206,-3.1466817593620533,-2.4631511404543613,-2.658185561490093,-2.8389008782824616,-2.5432664377583953,-1.8195993721012143,-3.634344171200003
-1.2552410268656444,0.4696715054206651,4.1895007511609,1.3138413448081552,1.4524676174693354,-1.5572348172748314,-0.6326373642386448,-1.778670375530787,-5.152990972408554,-6.377987777329563,-6.9677890858868246,-6.33367197348927,-4.162857862845662,-1.5993881116474302,-1.5380802265094373,-2.883119172684214,-5.850334517022745,-4.742824526881605,-6.502250457418337,-6.567683982001554,-5.116305007734556,-4.594811865607927,-2.4025738259956184,-6.092126750358451,-2.892140881169121,-2.5929891022783007,-2.850848839803195,-2.6570058793655673,-2.6275423292701214,-3.387415654847749,-3.7349349370189238,-2.833200846473691,-2.622573863801378,-2.212093086421173
-1.7702725463381248,0.24802904916376914,2.8135125839694033,0.29568145210140995,-1.4359662601006224,-1.7951393685798374,-0.7825838080525075,-4.778330430315522,-6.510088118211026,-8.44846167545225,-9.016997643714873,-7.547536286337983,-5.57509314940627,-1.7440780090303947,-2.603315688921807,-4.72816470997706,-3.5472481862139587,-4.772164182814598,-4.178400213666857,-5.086860770282255,-6.7735178538430185,-4.368198488158734,-5.573381221239677,-3.655947584892799,-2.194291702220561,-1.7574846870992091,-2.9553116466372105,-2.990839031007721,-2.7957930933256936,-3.5444875594076546,-2.556152674787783,-2.760258954190364,-2.1518990081191722,-2.2526612525523952
-0.8394005033339876,1.1488181437197207,-0.20419685036919666,-2.169552448290238,-1.4835955023704894,-2.2386262571751376,-1.8552881181611882,-6.077979651164401,-7.686610277476264,-9.033428133980223,-10.07575126533638,-8.97981156410939,-7.114995056213437,-2.286913290038107,-2.213706707017862,-5.9050599600939915,-3.789153982746587,-4.504861097671501,-5.9353246045215275,-4.403887897735359,-8.769996861360582,-5.028963129183422,-5.978843688486295,-3.7913856467127816,-2.3191072874652576,-3.491476861815003,-3.4179875991392246,-2.661012713954619,-2.077080631489078,-3.654911267851562,-2.6629661748070323,-2.562926341005365,-2.2221296295242685,-1.433093090444559
0.2560831730646769,1.6613286626508013,0.10514795470407225,-1.4115820697506671,-1.1252852143693397,-1.8169168099409274,-3.410737347870395,-6.830322177266225,-9.523338652682899,-9.611704249951032,-9.872534723516884,-10.53375468702519,-6.83227711652477,-4.3422191660022795,-3.5091448241442404,-5.398797884503026,-5.152164807039154,-3.760838542176384,-5.554369286862227,-7.118827508341178,-7.619379403973502,-6.540249764768541,-2.596535582258241,-3.849738734075986,-2.0635959389804888,-1.7859805877016985,-2.4041863374916637,-3.4240412195430125,-3.8500353972867765,-3.4101291413255637,-3.4650870603268813,-3.089575973133559,-2.474037395509778,-1.6837135023995389
0.02642704087455634,1.466834746420989,1.5532394741845037,-1.49644582279113,-1.0143069068624289,-1.7920785339266372,-1.596335837542896,-6.865720854259962,-9.239673954560143,-10.640726936652687,-9.785438723507866,-8.663713018209922,-9.594934155916906,-6.149491333516782,-4.188183565324147,-4.663320067517052,-3.2250169091336263,-4.3790695758933795,-6.735191893547866,-7.189899275083225,-5.085749155823644,-5.26677903406224,-3.2578267856606633,-2.7719916246941754,-2.7992096396829,-2.581435236461539,-2.5713914677954928,-3.0128384066996485,-3.85663793566287,-3.343441916109916,-3.2535292422645377,-3.0576610020024306,-2.2175608616444236,-1.4590467972988082
-0.9259624910085777,0.40926704367629063,1.335399471165072,2.0186410306262124,-1.4389700736321382,-2.1752901184002487,1.5989475314513388,-5.934541846303812,-8.188134530485005,-8.724314437098364,-9.516274835896649,-7.93039690238532,-4.315498899540967,-7.126100665071351,-5.839585811146043,-5.3706521720976355,-4.337890144639553,-5.5032735077102295,-8.194878768802763,-5.5839350911040535,-4.316802518511997,-4.39637189698075,-3.7856775767247335,-2.4370511460364117,-3.3950971076763863,-2.8757716283536245,-1.5895364669547702,-2.637593128890607,-3.282796584825572,-3.7084815551968746,-3.96609866295582,-2.9827085149170256,-2.054144039827592,-1.4402061394254873
-1.5541331274896844,-0.6891235645213141,-0.18981370537560038,0.5782169008991657,-1.7291623122205615,-1.5521420093516372,3.255469399931486,-6.236604246829986,-8.967486070927448,-7.2736887430553265,-5.0862398893098835,-5.936724567230862,-3.341032453411414,-5.335792917207171,-2.0683597459312084,-5.420847798567418,-3.5584478387944185,-4.249075261169354,-5.536505949508055,-5.4972207069437085,-4.711260269969813,-4.194365772427471,-3.40359759159148,-4.642457995805049,-3.426434746583414,-3.724363390038847,-2.5710947889925957,-2.399593810924123,-3.9271818332106108,-2.498384964559752,-2.863249555120731,-1.3362237294358654,-2.635522026314027,-5.117100539853049
-1.1370768627638719,-0.37449890841693423,-0.3709526362140037,-1.3206149382519035,-0.5961341399684815,-1.2407863410990694,1.4624854366092397,5.328552890471647,-1.407586082784602,-2.5377796030076967,-4.292126650400097,-4.851574356450561,-3.2072515261196965,-7.835741792425474,-4.362361852889728,-4.327504661119871,-5.0091388455654755,-5.425789074629149,-5.044406289433357,-6.759655693285005,-6.725959777653342,-6.244276156000039,-3.4687710342486806,-3.8633470388427065,-3.787379944245105,-4.10747301750026,-3.41161124043779,-2.263359814798175,-2.586340343065419,-3.5681006054273965,-2.199823486360912,-1.428215425226273,-1.9148282227405427,-3.1018139453265623
-0.9632041822122553,-0.9755929992762156,-0.7691052208619306,-0.325689701115154,-0.6269734498093121,-0.7194447409083952,1.250469620280785,4.544636153094631,-1.2804962346370996,-1.3431651009424643,-2.903912665612377,0.49356904837551874,-5.4286628408925655,-2.6446780672032597,-4.393691734338074,-4.869832193869512,-4.586952739190469,-7.436611323671773,-5.619733992600327,-5.663575261786666,-3.2320135676574555,-4.110434889262497,-4.780659415620402,-3.378120245587742,-4.343367082472568,-4.722032168795228,-3.81040541195534,-3.9796592409497786,-3.347992937121617,-2.095044701271071,-3.5440376646304474,-3.2601360331687217,-0.09379787521798011,1.628683257506079
-1.7122085973632313,-1.8241272114100429,-1.115812169255526,-2.7470456423177536,-1.4837674028825631,-0.979854001975561,-1.408101343150368,3.296324294891928,1.6397977346632822,-0.45992230133977285,-5.905869276409432,-5.71973068767435,-1.9668814241881687,-3.8635166245148813,-4.710534106418083,-5.242289357251935,-3.542874956857244,-4.788615702811687,-8.250991124512614,-3.9092822460622214,-3.946844599992643,-3.72969097066901,-5.395541346280133,-3.8358174001391965,-3.805448201655251,-4.404935033053845,-4.53820679739143,-4.386114688686543,-3.7892526374628916,-2.8580334365987436,-3.978363703420783,-2.2959444400333964,-0.35868148578892417,0.6487889854982326
-2.2713725827387767,-2.242848206485201,-1.8014375565651422,-1.1880116444236994,-2.4441069427936473,0.010549579931482877,-2.180797395161134,0.11147060820176591,0.7109521778581828,-10.429200882434753,-6.365630275967856,-5.1789799992797105,-6.109147175411694,-4.342406224272789,-4.834241617523231,-3.6192283345339558,-4.657893976649255,-5.335259731783311,-8.054284136035626,-6.285598454360785,-5.044933221100929,-4.954341463327908,-2.816522523136091,-4.836456048302094,-4.329178130916505,-4.892812571064635,-4.452094277278739,-4.141924918847413,-3.6469246701241436,-2.3310239744494776,-3.7209850341222293,-2.700483545978566,-1.1966082853137143,0.393599325096934
-2.7792083105891314,-2.6853002617128485,-2.235572051191836,-1.3979547432731496,-0.11749886199518779,0.14422726869834487,0.8250501720893476,0.6751147354786107,-3.2594095288752123,-8.14037657273379,-7.478026920112451,-7.279585929704309,-7.075821162045974,-4.985168048493785,-4.186325489717289,-3.977444467459546,-4.980896769993527,-2.7514298851232852,-6.803264392431254,-2.2620960243006647,-4.7270357941920285,-4.652029634951896,-4.570766662382359,-5.483093844449029,-4.078248733068759,-5.507822055610521,-5.627413477328139,-4.374677781683423,-3.6542652827520046,-2.734769565436198,-5.795696757681971,-4.653973184011966,-2.1639315160857127,-0.2437605872520005
-2.5169310699558083,-3.7745610903785902,-3.3495883745979254,-3.234921507113523,-0.45042493352378365,-6.125924934991885,-1.3582661678145294,1.8176032932105621,-12.94801665076435,-3.8271876177481556,-4.97862478637614,-8.686322923918853,-4.285310876655984,-2.066410136252776,-5.759185101638271,-2.9801641611648333,-4.558141370927071,-4.415701057977329,-5.7831313496931385,-3.812957924716426,-4.036314742182672,-5.428517994254704,-3.0380788517271307,-3.320907295962276,-3.319107699650866,-3.9138868349685216,-5.331644632545717,-4.902719582963483,-3.1122254763540496,-5.393398595833741,-6.564110803033939,-5.294408417256253,-2.847252224809812,-0.5503879180461219
-3.130560263570948,-4.088597418687153,-4.882107012078957,-3.730466376229872,-2.5642242642774935,-5.335806224115817,0.38630301114759,-9.009314939756198,-4.050254122211226,-4.6717873132469245,-2.3092171581604966,-8.282081443835347,-4.480710165910043,-4.614374880202643,-4.2045913590215225,-5.802627953972908,-1.5831079873288938,-4.0200275625655895,-3.6954988592919014,-3.989464361552007,-2.7203822531348427,-5.234575809068162,-4.61316594551651,-5.574556498267312,-3.856438496793286,-5.084216559153765,-5.193625523085197,-4.942062822310343,-3.1753271288176528,-8.392866492556072,-7.985672869887561,-5.658635968380008,-3.1254114674195375,-2.166948107503497
-3.6510797044949026,-4.505116940097995,-4.426803213999939,-3.4103961700411767,-2.5102038311137886,-3.9593322057020854,-5.011100293327828,1.7509192914795078,-0.31549705715089266,-4.731277678841695,-7.943612849954523,-9.614844874047787,-5.155565144514654,-5.139745297965933,-3.005082802568512,-7.801490831356542,-5.265302515971295,-3.1357348506450204,-3.2571835394253874,-4.472102579020922,-2.8054892468534494,-5.657713381966603,-4.780971391800074,-4.151182160402265,-2.62434940987092,-4.3665630391180565,-4.112887113697651,-5.311135959404645,-4.142756109965804,-9.24205001303196,-7.442822208342407,-6.7719858879233,-5.472637382985095,-3.0605984186101653
-3.8375648215903193,-3.769831968188586,-5.110234117724414,-3.33737457557031,-0.5107776125058813,-1.3600900746629514,-6.367544998478482,-6.411422536522935,0.32041090568612646,-8.240896390387201,-10.443180020380701,-7.830750857265881,-3.3988686960632553,-3.9801749389303933,-2.6229548158826073,-0.4005558163727713,-3.9708826186218733,-3.0668655225511454,-4.472465308024315,-3.7633563254338775,-2.6567265451485533,-4.5438636608122565,-4.7297024944505495,-4.322512801828879,-4.217478746652093,-4.385768685781559,-4.2657553678587155,-4.785856951903381,-5.506412698539766,-10.340047184065497,-8.301886413383517,-6.6100750817162135,-6.3775379528592815,-4.396801428119263
-4.151432623835075,-3.283632086723271,-4.258554837070484,-3.259083627561082,-1.620676578650944,-2.3840450607552177,-4.95787052187442,1.1765437049557406,-8.230930940817249,-9.532183442337217,-7.6038639422068615,-7.5737623470474755,-2.0776934652461843,-3.6950331771880034,-4.3332156224954765,-4.024112355116947,-5.483323210745427,-5.106308085224418,-3.86241980542021,-5.118944132002629,-4.711346580346641,-4.013830456807161,-4.187253093409022,-4.175242891369457,-3.4822057114396907,-3.5973039316121667,-4.0671003499114375,-3.954960886828373,-4.788780602260517,-10.528737278879335,-8.199805233325598,-5.423510013023933,-8.349906985253561,-5.88113328793183
-4.04939413800971,-3.989249702522319,-4.136787024160993,-2.754444098672387,-0.8375181297737242,1.0336554244904665,-5.290323068904868,-3.4756852103488067,-10.605847946835386,-6.978943558303572,-5.703751941177854,-6.0361602176687,-4.997363993600873,-4.495151947699463,-3.676831380636855,-6.0786908015498,-4.657099514650332,-2.9893674281076694,-5.1357011432532875,-3.6835824210804806,-4.228751693244227,-6.3334113873994795,-5.088019405383638,-3.5608519430309493,-4.349239834457759,-4.58311680782646,-4.259760592844815,-3.575154739020904,-3.226040478007378,-4.146696098668435,-6.767524304052532,-5.141370241223345,-1.567756685880578,-6.276850278438614
-3.9209685293582024,-4.117455099129907,-5.188254653632265,-3.188472030032117,-0.745767759723097,0.41525614268904576,1.1567763929051105,-3.5469347711988854,-12.73486282627317,-8.395866378790098,-8.262291621143145,-5.39729495432773,-0.5663496012204275,-5.650353545879961,-3.8753462914975954,-5.6551806464369685,-5.138990046171617,-4.699678242853799,-4.071885913703555,-4.693781898311536,-4.929244425263122,-4.596052725367964,-6.024609659042125,-4.812593287933972,-4.632149790380148,-3.849391655031908,-4.835763672504604,-3.5485524443666017,-3.765398830159452,-3.9435315167425884,-5.0640450274589455,-4.343210859816856,-8.785766228460616,-3.25357599833568
-3.808504963111641,-4.4004896527302915,-5.730937325503783,-3.7663412971572594,-0.06729675814947826,0.18605347731385427,1.1636818874394343,0.8151100835407383,-13.81715727785717,-7.9753207143669265,-8.72829787321059,-5.338661545454275,-4.021117399839629,-1.6781506192296411,-2.381469121708499,-5.366760880692032,-4.614464218996004,-3.6299132814821617,-5.353841600103643,-5.404496082614087,-3.2940334884224782,-4.945669565317926,-5.637180250217151,-4.918312047291621,-4.0230464009224285,-4.31408172443908,-4.574198487594067,-4.309081118830795,-3.65925167822087,-5.051306322667057,-4.934070076051644,-4.4456940092120885,-7.621019208880898,-9.323337434607273
-3.679120309860972,-3.7139986512265293,-5.395591712910276,-4.828165276219886,-2.5348993608007824,-0.016475504394446477,-1.4922808862697157,-7.64493536277139,-9.970038768644656,-5.634050143685302,-4.142433402840887,-5.551944441074204,-0.002943261354239386,-2.857067563767585,-4.800098893011354,-4.342641294040987,-5.176396879179003,-4.5634155176282665,-4.467410941917575,-5.936656491309318,-4.115096854357191,-5.4310794392474575,-5.9632673757073995,-5.427072585511127,-5.143767736361227,-4.44894641460965,-4.8037080050414,-5.2870643155883625,-5.302961360382831,-5.210978267748328,-4.987987881291651,-5.046207803136299,-4.679106483153377,-9.334997681061562
-4.12864466831559,-3.839919920228234,-4.336160069560266,-4.763028603602701,-3.496168283022508,-1.2343678701034009,-3.5818557283079198,-5.771722615056126,-9.09202026136274,-13.145558288292055,-2.1199578109606483,-6.778595982604653,-2.581496874720376,-3.213305117710094,-3.990073930696584,-6.937973306347822,-5.230699949060124,-4.358106539745799,-4.889889688063981,-6.052876626400055,-5.931364462373407,-6.104927966173022,-5.7941760645453035,-5.9946935139325905,-5.705062927058632,-5.691527346575048,-6.287813416473718,-6.087792476977658,-6.019832985052158,-5.616343446491531,-4.99584812419141,-5.009909199174947,-9.21295218635708,-9.615652921236501
-4.345081821406732,-4.246278866078929,-3.7113061977280233,-3.9177438124126893,-2.939021974914778,-1.836577712947513,-0.22581161460925778,-11.186474070160907,-10.464532728732639,-5.799245288639464,0.003860804320819655,-0.14504840770106567,-4.438837975586491,-4.365546297950367,-2.6887602391112,1.3348724274528367,-3.553658760890562,-3.592800103683392,-6.705633712300442,-6.504685566098062,-6.2795279532769515,-9.621149254048369,-6.918730422613911,-7.027451658263711,-6.647110583405441,-5.577498277928579,-6.982553934885507,-5.434801138796642,-5.4925545550338715,-5.782926385895834,-5.315725837060497,-5.319629939211116,-10.884191874082708,-9.864551161578586
