script/wind10m.json
{"header": {"parameterCategory": 2, "parameterNumber": 2, "lo1": 3.000054539987559, "la1": 64.9999836372058, "dx": 0.5, "dy": 0.25, "nx": 34, "ny": 52, "refTime": "2025-06-12T18:00:00.000Z"}, "data":
[rows 0 to 23 of 52, columns 0 to 33 of 34]
-6.2366907810673675,-6.034757329814255,-6.124686070791721,-5.532002880474665,-5.2067730160075065,-5.158942913144622,-5.5620234825465324,-5.90063781140459,-6.303628474587788,-6.79108619755163,-7.143749211669455,-7.046630440284934,-7.208999796816375,-7.6393510249386685,-7.32739941491771,-7.340329562234109,-4.614479817079431,-4.125540989282639,-0.3794514084071225,-1.3240325084020579,-1.2339960516312185,-1.3309780231684765,-0.7987893458746705,-0.36161724690687325,-0.5965177268865061,-0.02246493872789771,0.29996665371659614,-0.32169242359293737,-0.08015917103141292,0.2320680391656937,-0.08627638617775762,0.3053212331250465,-0.324380229951575,-0.38334430180199996
-6.835137632954598,-6.827206827336361,-6.937413883066003,-6.967456281327406,-6.354668333812156,-5.708424308700024,-6.389437361357293,-6.266404260793547,-6.597132578119627,-7.213348929508887,-7.38040421681923,-7.361965496014736,-7.464302457359013,-7.678784526788161,-7.180698542956917,-6.786990869004711,-4.4349393785912845,-1.7664691819272718,-2.108456826571243,-1.986015857993975,-0.6062733399065582,-0.7508374758948367,0.22691568660344705,0.6027205041689104,-0.2735736038028472,-0.1510060144281342,0.09517359291133538,-0.31229052592389966,-0.6052294290308876,-0.5790086349097974,-0.15921918148124503,0.07013383862908229,-0.30704721601902935,-0.5017021785068048
-6.278822587206051,-6.5088361364633265,-6.137659112447013,-6.334288183766751,-6.472659714515333,-6.675947811483075,-6.451674521859483,-6.366028160738811,-6.96005783064509,-7.88656859268588,-7.199516706120136,-7.356825270715323,-6.80668645981725,-6.4335748491161695,-6.8109622811607995,-6.520572357676465,-2.1153126762350882,-1.427042744790985,-1.5610183758363505,-1.427383552330991,-0.6599053047697663,0.1294617056262713,-0.09908038642451439,0.5358335981571024,0.4230859151168334,-0.08168943188692863,-0.7288936825967569,-0.1135513951236242,-0.2724875987841115,-0.7495780408739728,-0.47461145755033685,-0.4793039412766412,-0.31584503345334913,-0.5357703228947377
-6.021326111739063,-5.59403289281479,-5.330080450754232,-5.296453873330167,-6.167497641731766,-6.580918764219455,-6.363750971281352,-6.477602477316701,-7.428041128739016,-7.881394911028551,-7.656790302665991,-7.035451551655243,-6.604804020414859,-6.832748943653415,-5.262705849121918,-2.4570061011862947,-1.1774633715578704,-1.3425019848221582,-2.4714896805755666,-1.0549048385790467,-0.14128062903461017,-0.07818588256340454,-1.6286409849942858,0.7538304843503341,0.7157013426565922,1.2702216902558912,-0.4555809654995304,-0.21739097691805542,0.5520274250883819,-0.9020350479446433,-0.6081951386477713,-0.499643270671517,-0.583467662548862,-0.1678920959131512
-5.774686161889326,-5.061711491623829,-4.897272753323178,-4.801879184289927,-5.124600768786731,-6.059822869082409,-6.158973508945393,-6.540732214757571,-6.9501726145410645,-7.547880117302727,-7.561117598047043,-6.637628608109655,-5.744415200352655,-4.83405509417532,-2.0040709959299945,-2.5553186334259927,-1.510748906872922,-2.0884431043254263,-1.3120987787580267,-2.403967964817732,-1.187114273226537,0.7559705059791886,-0.2110639044053409,1.1068462598442526,-0.7845004416746452,0.51781932415335,0.005645071285318527,-0.21086349610538682,0.4767624373578378,0.7066266025137233,-0.6849651969251352,-1.14097377482877,-0.6629979439079432,-0.368307418057993
-5.554156611189787,-4.957420538479241,-4.492690298194054,-3.927275450366949,-3.9256573863595037,-4.984598791776991,-5.509726969396294,-6.036612286974149,-6.743449016119453,-6.6978027034474925,-5.929624460002609,-4.673132254430095,-5.170979180181414,-1.748645695454706,-1.5525963158907896,-1.4263211378510756,0.43448207528379845,-1.2383619972917643,-2.38920572752841,-2.2911638694848944,-0.6266051436817924,0.45059314777180026,-0.4496380998051804,-0.0031102644925699607,1.3782005504031822,-0.3615204205632873,-0.21549449416131222,0.6748152254436223,-0.030505977612057145,0.0011665685394510734,-0.9825360052444019,-0.9887495515297382,-0.9571172923841027,-0.768616584537487
-5.067111463819635,-4.879205432605843,-4.091681538258674,-3.879400774002593,-3.6703740943732432,-3.894339030462878,-4.487844604151589,-4.682734009783742,-5.332663732164202,-6.286369426024711,-5.511648681211356,-1.6823971462267886,-2.267024042703626,-2.1321285055275365,-2.1787527783990392,-2.845950539364302,-0.335729403890225,-0.9557806239162275,-1.7344975742527766,-2.5248500926541135,-0.19667784752980735,-0.6285723597724794,0.05409246929972084,0.04712485270915487,0.45332043330962113,0.06247571486011834,-0.2885720370121373,0.9865617846742344,0.41696699499954576,0.3292506533523889,-1.212425065852402,-1.3098260776154242,-1.1309101812670659,-1.4518085841279877
-4.797311686204312,-4.584335038027976,-4.249172427619696,-3.74048547663749,-3.2545442144477477,-3.6750007418430624,-3.7852525397822765,-3.261840995167074,-3.172090620427227,-1.0168778647374257,-2.9255836940676674,1.2226026032696289,0.03490971261175184,-2.477359000226393,-0.229403096105691,-0.5008929388279192,-0.5229506237817125,-1.8733265533865389,-1.0748808641675762,-0.8123145658261374,-0.3772309712149982,-1.0684053417817618,-0.6742255974738869,0.5201786498615378,-0.27227277742257383,-0.41488004040712184,-0.38799169712520826,0.42142582847381255,0.08292249232766095,0.3287963373584927,-1.3016815433986946,-1.1179414174892814,-1.5196663546944973,-3.9562789935434735
-4.825518057617968,-4.449049055399317,-3.9432921257593008,-3.7266111534526627,-3.782986801456863,-3.8366571734566213,-3.4974635107146246,-2.856901948957469,-2.116368928412908,-0.652739516564322,0.2113811224295254,-0.24985043744120733,-2.406135493391214,-2.0836408714017236,-0.7644223550545393,-0.3034902820937496,-2.1211969593599482,-0.9948735023073086,-1.7251006671658493,0.35820749828849835,-0.5553725432936178,0.3511610976863981,-1.1291571891608905,0.10661453232768107,0.82112599393772,0.4708455188630989,0.27357339751635396,0.7356203312899744,0.533168294945789,0.8122972858820304,-1.91243979991885,-1.0298031309896487,-5.410074201777273,-3.6780309745554525
-4.45820560037126,-4.536927007880178,-3.8118340203162613,-3.8238247469921984,-3.9520255514148706,-3.8190996314037933,-3.4379056641228805,-1.9082094810324794,0.5520652006964389,0.42048561673811685,-0.6574797122286926,0.15700841537858415,-1.6323625663245827,-1.7807074023831173,-0.35416681840749054,-0.6363122607142521,-0.645422579943003,-3.0231859583406884,-1.634468172256067,0.43387975275612756,-0.08209379240984122,-2.3125278726429523,-1.8999162117341983,-0.13088259200438462,0.19301653424133544,0.7072353035114881,-0.2030457822691361,0.050471089181141904,-0.15222294772032857,-1.6583402485307435,-2.0806774927981575,-3.400324443659157,-4.087302846531125,-3.912863294128345
-3.776798181105814,-4.056614306147237,-3.752960112896104,-3.524002223272618,-3.4595768546435544,-3.099248675821322,-1.4908567512826667,0.44376905713573256,-1.496948447843459,0.3043194864583355,-1.4037028997073575,-1.6773456927801162,0.2911470383727915,2.0716539469979374,0.7467686337093009,-2.0888383470725524,-0.3063903301601974,-2.4378601291628246,-1.2780234149263976,0.1449028076166864,1.151778424675195,-0.8715401705924314,-2.089330054711131,-0.9704032375975541,0.07732451945372011,-0.30062290448890916,1.2370534195118001,0.7793103808401323,0.2648211531936006,-1.6664693013513054,-0.7898887320476831,-3.747186039702891,-3.1657497330677,-3.588527936467064
-2.9869171243683312,-3.562284084192181,-3.6023485652539726,-3.528825944793833,-1.8522733641010132,0.26387527376406633,-0.5836542923487017,0.8640095504473179,0.5895827737240694,-2.782199274562484,0.293659530736857,0.9247011025108278,-2.1787870661919575,2.1382575994309247,-0.8492201143479067,-0.9691267599943924,0.4740222012660042,-1.087266274832322,-0.48259241086878957,-0.5214835445992295,0.6955306917977114,0.1242411702061771,-1.3316275915289755,-0.9028294122758665,-0.07805429259349371,0.19756395964059728,0.6073903678896059,0.0729410616428568,-0.20623701377932416,-0.16770667839140396,-1.5210572811812697,-2.7429274496196787,-1.6974519358854456,-2.0209011994083896
-2.1821238663302753,-2.570977362495141,-2.328818948443898,-1.5495819398681205,-0.6332649683400943,-0.5049709551896854,-0.681510266082856,0.06361981861552617,-0.5844333179872684,0.5371746238669898,1.262869435559411,-1.762637363383194,0.40016159906446785,1.669066239203018,-0.1934462001773766,0.6602325496614933,-0.7766422477413163,-1.5738426234822354,-1.8936286307580075,-0.031409813673905496,1.6467931353129328,-0.460697305328116,-1.0937712997967461,-1.278287248982742,-0.6107982304607179,0.949800587436679,-0.15344016809806157,-0.5209012038026195,-1.7505060678905155,0.8614575645506778,0.321837639715766,-1.917730092527577,-1.2630101473651199,-2.0038382193290856
-1.970795102249765,-1.7131185674682585,-2.54455129214206,-2.019515786536039,2.128319829053559,0.4611823895954153,1.885714657427908,0.5729155322345432,-2.2280575925267727,-0.7968210897493047,-0.5479266532780144,3.10592655067,-0.08239266541837119,-1.0210025878544744,0.05686089461754214,-1.0442542939141506,-1.1716875742124553,0.805223814932268,0.10109714083345168,-0.8677463103950152,0.6603369464576726,0.23603870633854798,-1.0338866360054357,-1.1751436308917578,-0.7648447303049519,-0.13531061504962993,0.9687012052326501,-0.9930964185457488,-0.9751107926902075,-0.3933794411327788,1.4329223752178522,-0.1370352679482696,-0.6562484266232764,-0.44924071347359745
-2.226588830660833,-1.414898125754346,-1.861833645972252,-2.6725943810156156,-0.7688233928630412,0.11368353768497019,0.559759688856882,0.02391986551096093,-0.4497075372552697,-0.8126736897013355,-1.2587054270884932,0.7990833185016085,0.6536424338038485,-0.6440272281883208,-0.5391859227360453,1.2180377824965294,-0.1351714786958703,-0.7350029521797203,0.8220809490671245,0.22760123350557568,-1.0405868348546767,-0.18514076818747716,-0.6652590955406271,-1.3145642752573188,-0.664287156668285,-0.059950121625855564,-0.047767543109060805,-0.5749869776654759,-0.4918589498893297,1.8446270665438398,2.2802128330440063,0.21339363063459973,-0.33253696485009626,1.3786299103719877
-2.5305728100022287,-1.8509969817697598,-2.5827506255395662,-0.8771728961013782,0.49321233034464285,1.0524358448212319,-0.755354540141262,-0.2279533682677063,0.19059528732382916,-1.2224814662283132,-0.7955390215217933,-1.4579408347356544,-0.07162026009421008,0.3095892569625278,-1.7723405760648827,0.3235167723955653,1.4176425688373837,-0.010713411432051094,0.5989419861937293,0.40978312248736776,-1.4154089413620492,-0.3836413499585499,0.7131780328194877,-0.5895344032919702,-1.0049260290292135,-0.5526936153555458,-0.02496406120129646,-1.3098548655095783,-0.44910277881632615,1.8616166712968159,1.8987925034618334,2.5537237894105655,1.6017076473805694,1.8464306808185278
-2.845060575058872,-2.7169130348061277,-2.6624645017147666,-1.2312241994263897,0.6749529294760384,0.5537055771520378,0.27836681652879114,0.8203109617507606,-0.29706972913889695,-1.266046572089066,0.6515162743482744,0.06473819683491326,-1.4540124602033402,-1.294685699575616,-0.8716839248501581,-1.7724966966178972,0.16928843780025796,0.028702703773869905,1.3455151205256337,0.22508169688818763,0.6904217598170529,-0.6208572882469002,0.756580041999702,-0.12371956346321526,-0.8082052347130764,-0.5156259202798974,-0.25811554547402005,-1.0055315178971187,-0.6152091467487545,2.2055491870132387,2.078358919776692,2.514048493812227,1.9649759091552748,1.6379636818022616
-2.99022969010216,-3.050210511867339,-2.46585518430472,-1.1587782337381909,-0.057465875988316185,-0.8648733074864133,0.8893080331973824,0.2925868078814906,0.053433264010433495,1.6882637702649905,0.5495139957984627,-1.972880901676949,-0.43735236754567275,-1.7292539406050673,-1.1248667838386457,-1.0400973955430275,-1.773473457178199,-0.3481980693064082,0.4280006794689671,1.168670429494144,1.1008781730416501,-0.31446903263500015,0.5025386825099387,-0.6407622082567251,-0.6336738371148821,-0.7269389864062435,-0.7348378298004442,-1.154161625897889,-0.720498086275994,1.6546221993379777,2.9889683803603817,2.3380842266572857,1.4100341196571353,1.8041969581439625
-3.3078584718252446,-3.3305800287026757,-2.764198258192566,-0.6744968060321883,0.28085946109074783,-0.015826015811358982,0.8540696660365842,-0.030600285188317145,0.5482850122109978,-0.39335498054476725,-0.42968514409081915,-3.0851319105888884,-1.801304642188339,-1.0075606920254072,-1.545199950322196,0.41495606598672896,-0.5180374357812602,0.08802577630583339,-0.607024162656743,1.00146218039549,-0.6261715557065425,0.6795568937401216,0.04990239549351298,-1.2089088999417417,-0.4145749572684667,-0.9991442988832376,-2.160240423562357,-1.6961045904329877,-1.0936437530334207,-0.5863301582029014,0.40889844933445013,3.212049046099122,1.353542176427378,1.6062620891787922
-3.3721715472049274,-3.173322689746623,-2.9596035726645558,-1.88365766932507,-0.6839554370017368,-0.16247472019416428,-0.06194737862795483,-1.3410857852867828,0.62916004576635,-1.1354809628385971,-0.1235505130687518,-1.253224569253552,-0.3728977817925754,-0.30277078951049996,-1.0571835794813664,-0.272840695684774,-0.07850091498564904,-0.19540105891237539,0.25211751624201334,-0.12288077294671057,0.057864561303310566,0.7827622214042835,-0.36917606172558215,-0.35638927181046354,-0.522953030425519,0.38704253276122197,0.2219447767442983,-1.8764888034375167,-1.3249302042210833,-0.8109527008491209,-0.4469925175713396,0.21465135385336714,2.115404815352989,0.52407919675815
-3.8567183824955804,-3.0595078164079568,-3.7344165087525196,-1.5356563490793225,0.17911176468701598,-0.14181662964021421,0.4007122965288122,0.6164237145329861,-3.440389774093073,-1.7549671778881792,-0.12741021849483689,-1.6580475166253552,0.24768284876836566,-0.5859192883193886,-0.3241148678454663,0.4893699593749366,-0.5251688368693842,0.5246802545006594,-0.8322936655554647,0.13792422165632917,0.19098319477602896,0.35943450322310727,0.7131459239518764,-0.5356614204429481,-0.7298452589039532,0.0662065337493129,0.18069382339057996,-2.071293174124679,-1.228703607405232,-1.0333807729777735,-0.5912196738717024,0.014791131769514198,2.3714142713369095,2.6349260365958
-3.907992800743581,-4.380052966331087,-4.004615360495756,-2.008254354589024,-0.9903413410206567,2.8762502920860022,0.6462046637198392,0.5717224285358319,-3.3727516761726197,-2.4224671971445777,-1.686542673491657,-0.39409994292541917,0.49098659981869636,-0.8921571753604723,-1.6740613814721093,0.3783560281441715,1.2580250480092174,0.5621675028229848,-0.23652098724570578,-0.5881539932408534,-0.4746213284461427,0.10364515154634227,0.4840751260901704,0.28352971528234494,-0.47478429810281686,-0.4282694224216422,-0.3152944807027134,-2.3755343586725752,-1.8107514600546213,-1.269562325479074,-0.269651659166865,-0.025420080621606177,0.2004770119046891,2.8818304771653103
-3.5844746446945646,-5.217315130842603,-4.512116727328212,-2.530825915619487,0.4717951581339499,-0.39782676598335864,0.3658625025206057,0.719930632790239,-3.912295215371683,-4.137906889678977,-1.2520557852776795,-2.5046583221263052,-0.45078409511330386,-0.29300567688036877,0.2388799418354383,-1.3799204242535403,1.2528959492138965,0.7579752886251607,0.4875711563946817,-1.0051264315203543,0.49508671188072395,-0.07124063133583952,0.5762362207739389,0.44799217028612964,-0.9180628306859007,-1.099708037827213,-1.2027575535460024,1.0104762998759018,-2.265841103979403,-2.0199968899574143,-0.048740033405335635,-0.6466220762435977,0.3840197536261856,2.828141411676983
-3.7869840875241785,-5.158972029422713,-4.814475686477529,-3.8955021931023945,-2.150324297539748,-1.7862105650946796,-0.7533892029028187,-3.0185946237165773,-3.746491402546527,0.17707317357206773,-0.30381755392770504,-0.20458186379090068,-0.7054803780193738,-0.7935516446786562,0.09518886705299108,-0.38792507461430625,1.772751102816063,1.5201888612422403,0.2458611266071602,0.6727266046096441,0.612388385486823,1.4002146040965262,3.071967015949667,0.6622532510633601,-1.6131746592029272,0.10088454007918156,0.1566380001220159,-0.00168743369840553,-1.563014156836022,-0.9681654101477175,-0.24318911387838074,0.5214777768429996,-0.4551428959115751,2.073801005257203
