script/wind10m.json
{"header": {"parameterCategory": 2, "parameterNumber": 3, "lo1": 3.000054539987559, "la1": 64.9999836372058, "dx": 0.5, "dy": 0.25, "nx": 34, "ny": 52, "refTime": "2025-02-01T09:00:00.000Z"}, "data":
[rows 0 to 23 of 52, columns 0 to 33 of 34]
11.605966474040697,10.777841957499762,9.74351743171157,8.92201342645531,7.931095128204397,6.900188584806765,6.627637840456713,5.620585404027937,4.674701133434977,3.6031473401249463,2.814029428468508,2.338139552662437,2.3201454472028042,1.2910319205801946,3.1195893353375577,1.2754205300445578,2.431624238191165,2.797619500682558,-0.19263014445221913,0.06259165928628223,-5.0682880947689615,-0.5315029425890443,-0.6013023769728908,-8.549867051002831,-3.2760156490474435,1.6133198836333664,-1.6671020798804503,-1.7775143486002891,-0.7516852399384275,-1.2902236302034926,-1.731532698563404,-2.3920130069692838,-3.926847669808936,-1.9151239333199046
11.63827610361353,10.544586971192013,9.519265168780567,8.851944877769125,8.102847683684013,6.973555502918857,5.9569310025177025,5.572237944221061,4.322473314005249,3.42391280170106,2.6042267357651028,1.9164524583526852,1.6430119490020856,0.698548100754356,0.7659160219307042,2.2533357439387207,1.6850851715087576,0.21771658324632037,0.948180462069257,-1.4230992618273357,-0.47645951254601876,-2.9011391585067297,-0.9502277825152761,-4.085130200079941,0.4781153098329552,-3.84141260526653,-1.341380301623735,-1.190999414528753,-1.3269024782223555,-2.4141588389726207,-2.1697074225947923,-1.172028816626754,-1.5081769546219241,-0.07026637763011984
11.513058192211934,10.67152416876813,9.823134429427093,9.156421834403279,8.442862552149636,7.231748432958581,5.866585471087401,5.440820283909461,4.310433321394755,3.5150097007306735,2.374750780831041,1.6080655309877938,0.9892686057717298,1.1823904150533806,1.1791655105398553,2.9729566387594484,1.2277586688853972,1.2327428191710426,-1.6860804420318036,-0.33465701602948855,-0.9878975005074008,-0.838552212399241,-1.1098455598731793,-1.8226628416851127,-2.6416519494280912,-0.7684849179936405,-1.6824971562397208,-1.586019197234384,-2.4250659952032625,-0.697891497475489,-1.942361501366489,-1.2990194025164483,-1.8792640266743126,-0.5378819590004129
11.208251693259356,10.683609121779227,10.007796936962249,9.214156278126394,8.523208367116206,7.378039975208887,6.179813741117482,4.3637293610536805,4.369008980261926,3.3360270333551143,1.7346859314200764,0.7293838163428922,2.9327553337554537,4.156869954519033,4.039250022425844,2.2169953720347313,-1.1180545215076299,-0.31858387733598653,0.2632608953522848,0.48761613411148813,1.1852356131264752,-3.2801191309596636,-6.559440376219993,0.10643549982567024,0.7355219805896432,-0.6621330132196401,-2.401521952332743,-0.712289573511293,-1.502817964255836,0.15940807783994837,0.6357803807255549,-2.8073843028961645,-2.633135079600194,-3.0293943996420474
10.769363227740229,10.684209592359695,10.183528678580654,9.348001320208757,8.490064359889557,7.624559459801569,6.379496851883733,5.445787832054562,4.75868968361413,4.317079290932921,4.489127324918152,3.80040858330527,3.034874675301588,4.210412301272978,1.5341077295101,1.283939763694899,2.105642599708761,0.6856633216310931,-1.5275419603687372,0.11980569005022484,-2.461946397508155,-4.515770110624665,-1.890285120921294,-1.1877104143371011,-1.894903722454064,-2.1320973180408362,-2.5856862384522463,-1.0598726733937094,-3.1309501629088663,-0.8603736503412511,-1.2494033230590287,-1.5559401535973485,-3.0658388017023817,-3.692527108883851
10.156892570401931,10.155513419258167,10.102034144143879,9.3503095929274,8.603576393227957,7.654358187204804,6.342711115700981,5.401649305139894,4.663961641392714,4.378311878124554,3.5652363063843944,3.7225812751479808,4.083301329126483,2.6184527449217616,-1.918259089159717,1.0854539582145621,2.4084852628614617,-0.15002106515352678,-1.9183133622277126,-0.6458232106412413,1.1945452672365835,0.5161542478027803,-1.741034140000654,-2.3525075131426174,-0.4437662814663022,0.3449060445695552,-2.4262254140455943,-1.6340034010452935,-2.26419209167798,-3.1033613948424312,-2.5478312817416877,-1.5637155920571488,-0.8993180385004648,-2.259428937365363
9.502256366138994,9.436762811939738,9.152791762279998,8.865682387840938,8.329514262573538,7.280576094056932,5.987403456720425,5.08570233637106,3.7257393217103916,3.619253086131605,2.0408536505994674,1.402389660270312,1.3487032697324706,0.8365319151002982,0.7977673375283643,1.627503304083929,-0.6744409434551755,0.3184024807194896,-0.14241446649190884,-0.5105776176036707,-0.4593955286791711,0.0845947084495897,-1.5002364336926874,-1.6816873561253756,-2.555192956527426,-0.48300978280042783,-2.386386966537105,-3.2323396372309494,-3.2488728708623915,-1.354008231328395,-1.4432397211223311,-0.8348911385727488,-1.823736901145032,-5.049937331441963
9.500012215804588,9.644050929219404,9.372024341043643,9.143235391557813,7.469554309780386,6.06141075472353,5.153475779506224,4.46138879962703,3.540746716416526,2.9221899691104687,0.1370853017999387,0.7692282892466048,-0.7250918856372554,-1.7337661497668497,-0.06102438036141138,0.05111662165445227,-1.4458197267484716,0.2510496783664854,0.15812716654808742,0.6196348698081022,-2.183886394415367,-0.41601391549394795,-0.6802758063255013,-1.2266058768246884,-0.2544416890005787,-1.6292215633673663,-2.1301027691566015,-3.715967420608394,-3.879485445567433,-3.450347570316662,-4.017462700810827,-3.268475697643605,-2.7472234480272646,-7.190191622382053
9.100482298148517,9.395046630856873,9.21309950643104,9.408996532583187,7.95438897146188,5.4961072756728475,3.90716328007043,3.2680488446870175,1.8333650248263902,1.249830976657449,1.936800847715813,-0.08645027362652068,1.576003280312599,0.4099901306644409,4.28288706328048,-1.380522034480289,0.44927999434814764,3.1921856527280394,-1.6081743349313373,-2.4056457249654493,-3.4252465425239786,-4.16781993673754,-1.5927677272384,-1.5798088540372377,-1.355521313539371,-1.5681387442173444,-1.3712936693372626,-0.5621730274071967,-2.3135913845819585,-3.1631074372907806,-4.305858534647472,-5.582363434011529,-11.319982205064402,-9.283508048140941
8.981265058876541,9.196528578964385,9.010598883936446,9.152784523662751,8.828001487121691,4.904102069685963,3.248818973871503,2.4035166423515992,0.7252988588999258,-0.28479860823510694,-0.9050530714552871,-1.1790114908702256,1.1833900115055136,2.3232189551761158,3.813213592454863,6.40646243654951,-1.1205657209599478,-1.4579609404713856,-0.02402981899154457,-1.5883834158143801,-2.982267365615752,0.8118236458099678,-1.3946926237835837,1.7353598942418689,-1.854172586549783,-1.8392871930872217,-0.3055304451822931,-2.514875412610635,-4.115244912491843,-4.049508252849272,-4.941666904957647,-9.708814909763273,-12.498747048198883,-12.01990889919708
9.271980696547384,8.53731585703693,9.288747630702925,9.896212119488892,7.713762538640424,2.8596534756833285,1.0176173618943294,-0.4650494783506382,1.859766639279622,-0.01799553066130493,4.456145097958968,2.320276188872034,1.5716311048533353,-1.0937606883177602,1.513625575415573,-0.5228998328846503,-0.19875468743665492,0.3163301230277524,-0.6092342565343537,-0.3633109956861062,-1.4773922524316776,-0.910102268603703,-4.6276510030499125,-1.7369517512059545,-2.0337813929485984,-2.358675512431819,-0.7616604072871227,-3.3683200849423427,-1.1871531586040633,-4.337408541466526,-9.027991067471062,-11.590824061721108,-11.418073921137745,-11.672701283178029
9.695235716803182,9.063734648988854,9.113377700373736,10.383014523679106,6.674641335515412,0.6929937188260238,2.1727388277271142,0.3692539665465713,1.1021818622292157,2.252679955545604,-0.6515928112867359,-0.9393132579079079,1.044860558494297,-2.8722881453333815,-0.2861357213109903,-0.15306632906135464,0.38492462952865236,-3.819551889461957,-1.1802238935355407,-0.3960670359147604,-0.9604739726019038,-4.983125228598637,-2.0237738419279494,-1.7812893986254592,-1.3826804615510861,-2.41695042345432,-2.7391894415425173,-2.364926806495494,-0.3516134737712152,-2.9956952493739712,-8.629781896201893,-13.11911372895517,-12.423973853124176,-11.570695081114987
10.169211680368184,9.769259742456383,10.040682495186791,10.83778192021361,4.428943728546588,1.6394083349312973,1.825726434254836,-2.6300994013380463,3.053066640380719,3.1138601116147706,-1.235233060005933,0.21763531149555004,1.1315267196674483,5.278996212385509,1.175589977778178,4.801374353561143,0.2276022930451965,-0.6034353033074212,-2.463606304388144,-0.3992988835310749,-1.462548343630921,-1.083470228666108,-3.7804598951897668,-0.29695897864623716,-1.2202361050922974,-2.361239301191275,-1.1246259881331278,-0.9427620545845025,0.08217254835563234,-6.613930712217614,-9.828589352225036,-12.424730894015212,-12.591600758350474,-10.940178930758895
10.480652669664881,10.325457589638157,10.478982634878687,10.048698189152246,2.219837590108381,5.649455589187913,6.345800783954854,-1.6097513886078678,4.561062318854253,4.970896267287386,5.741453004918243,1.5783456063133898,-0.4842119481968275,-0.22060504023936928,-1.5080842867961555,1.0031200644404494,0.7682748635742397,0.4940808397530888,-3.2563964085984805,-0.08106659086668808,-1.9546915462349173,1.0070369973572288,-0.7991893231790039,-1.601434652193596,-1.5052498262842222,-2.7531851012137363,-0.6135376616369477,0.8533537513492264,-0.9834976513790059,-5.040870721337434,-10.466940222593626,-11.387067409466944,-12.00636254251938,-10.758779539028867
10.142106005715027,9.648589025274674,9.875752704494559,9.11439874425333,1.1889375925108472,0.3185473715619052,0.16266180051105195,3.6390367509268557,-1.5449075358757811,-0.32831652197472644,-1.5309118164671562,-2.578011896976889,-1.125300704462805,3.1262846862776468,0.24859158662151232,-1.2807508862692467,0.16375856609882042,0.539506216683169,0.9024758538661026,-1.9990254586153544,-1.856076842888456,0.883790593429398,-1.70395974178459,-2.443128213819427,-1.979853525086092,-2.016245256883265,-1.8834585065463174,-1.2133752854355424,-1.900161991310984,-4.849272289284827,-10.4991187026681,-10.944392038062368,-11.747101479744224,-10.562900327453374
10.071767231486872,9.473646191514552,9.073385314728547,9.135155048435,1.0937359910010283,-1.1750973267506348,-1.9576498963750972,1.2993168392139307,-0.9603822710303396,-0.8836112183566589,0.8640033915610794,3.6023616298887293,-1.6194235686259562,-0.7434088710622205,-0.3744548103712578,-0.26649309975634494,-0.7562006959301432,-0.5429339051217335,-0.9141607641202925,-0.5867100470793166,-0.9213041667357194,-1.2635510905174323,0.4307594796311597,-1.1213764508624073,-0.03644883361973782,-1.9747086744494833,-0.6370740837126855,-0.7562130648579509,-0.9033870077774887,-4.510310085783824,-10.220754988574155,-10.779340811207259,-11.020275377048735,-10.268565044799779
9.971818118882686,9.39583902250974,8.941025541450369,7.894511471010618,3.1204590034300224,3.5550461247387424,3.0490496071965376,3.302626039172686,-0.439768713059509,1.393433906454995,2.5199168260910514,-1.646380703955608,1.248191710802864,-1.2549873269219431,0.20536254971301443,-0.39480426351288717,-1.171282939516376,0.08389017970300745,-1.0079090670238482,1.1688166354662943,-1.1509057634154798,-3.3649276313994982,-1.8489362673856669,-1.877534917050823,-1.0412589470702807,0.9457767446563362,-2.875413584463994,-2.954655580773395,-2.906711187200502,-7.344262231823514,-9.171546897756096,-10.846036275115749,-10.516250265761299,-10.031772887502798
10.16420270898464,9.417838999200594,8.85220278276306,8.833562027214422,2.142932386334467,-0.1297384584827697,3.6380175940733017,1.1789283534442345,3.4731874149845345,1.6794867687695798,0.07897581243548059,-1.7026217896217872,-0.11162334043606173,0.38508705438871693,1.8071302865218353,0.3285983227954301,-0.795707171669801,1.3011971675367402,-0.7893458440947703,0.2477371163764434,-2.2402697606112607,-0.15907152627619436,-1.006764964077437,-1.8969911974176845,0.1166340290418781,-3.0065747963742995,-0.007648292881235596,-2.4924124849249676,-1.7389872272014248,-6.970050206093331,-7.474108481670441,-10.311770814589716,-10.12370657417571,-10.05716440139364
9.538795882175107,9.421825286313474,9.25229699798259,8.905915786790313,3.480587112602737,1.9002645490306456,3.085710025988037,1.0480446044456788,-0.01817064791127925,-1.0276588412477243,0.84454345952167,-1.2298565788239926,2.1350013366541356,1.4679647535718723,-1.5993670183306345,-0.6444177462021212,-1.8046253227424167,-1.9611043460411373,1.1737303787981808,-0.4074436954131369,-1.5504334956777144,-2.9409021990706745,-0.6054243756702654,-1.7056185600066192,0.7595417574258945,-2.300054357620231,-2.5169414194250983,-1.438904790828686,-2.0970088014506008,-2.1084097325323343,-4.1722767411661765,-8.471261175520885,-8.973316366459192,-9.386683226400418
9.219419630039162,9.557723593895348,9.847860004643346,9.059529851819748,1.7537275384038638,0.4313162721204824,-0.8861921295265336,0.6073493832236722,5.323860709122371,-0.8837657387163633,3.8335130036904186,0.20884513187983123,-1.9063680738627424,0.2521789769561746,-1.442489262680105,0.29262860596393997,-1.3696448269927617,0.3444940759790978,0.4601244849156387,0.5069449118579239,-0.2538101071861213,-0.8015276993205401,-3.816753654247975,-1.0395702237946647,-1.5311113299334942,-2.900803709358688,-2.3021514053562955,-2.0883153583975886,-1.595207879143703,-1.7264084014635104,-1.2329715556136611,-2.963440108122294,-9.356647537707842,-5.095147973399423
8.750098819889176,9.357999953190362,9.47747390615515,9.442462202760721,5.772759091968748,2.176548217956508,0.864625717091754,2.3599326046398303,1.7074601438549735,0.10899689128426637,1.3793397959489924,0.430346598216532,0.3721122107013329,0.15027496520973233,-0.7534010032042722,-1.0686048045860597,-1.5165730936233046,0.3757934849560464,-1.782751362703736,-1.2581086966677157,-0.17438404746044173,0.3577160162354645,-1.7771462775423834,-0.7736870587762975,-2.1063211705109577,-1.3148874996031008,-0.9086814263201733,-1.6424241666711392,-0.9375971056177658,-2.222195245380039,-2.2205164585419177,-1.8111544960569501,-10.078376686624406,-10.326854876675473
8.871885866795578,9.488672599982053,10.378180342768418,9.415894462484966,7.1550203376583505,3.4246397830181996,-0.7747687576374298,-1.7633280355760155,-0.9678818707930231,-0.6717282558854311,0.8932639286309932,0.5201267775781342,0.19916851267939276,0.3619786391559906,0.14128139916308669,0.2791360260490573,-0.050769132047804,-1.970155392129633,-1.9772837889689197,-1.137532795797294,-2.1341472440198492,-1.9710381301664335,-1.6550463754254554,-1.818402578209769,-1.8778552437921932,-3.375308362018579,-2.2025843715202207,-2.5223991273551727,-2.2661802174657217,-2.7618243352886633,-2.0636172185304256,-2.8516842047419284,-2.076663094005134,-9.863721844625172
8.872085982944874,9.249584122174527,9.780140842549109,9.853697764556658,7.8010604332087095,2.28464408005406,2.0363947363381203,-1.834865807648416,0.46654079598409803,0.8416293322459022,0.7102008472756596,-0.6671610009421977,0.2553722099180449,0.7018251192956618,-1.8906676096219404,-2.369710549079805,-1.3952696675445655,-1.006486811252222,-0.3720045867127962,-0.9513541277101222,-1.2161719495682093,-1.0417385860681931,-1.2635364923824195,-2.0758229536465884,-0.7021707027820013,-1.1070012628252006,-2.4541745258321805,-1.705985107197127,-1.2848927044956284,-1.9217846814782205,-1.9809108393165327,-2.816489459030025,-5.970402612761027,-9.49098569294948
8.451936594461749,7.206830666948585,9.516944807352134,10.35638042459627,9.74363643252087,5.804089967844731,-0.3080889463310274,2.399065182366054,0.3707688197970298,-0.7630756300697052,-0.42238621293003314,0.44137479209500347,0.6439986329738829,-0.3848454513754316,-1.2870732047825209,-3.641502619688098,-1.1036938952731663,-1.6022725748537383,-0.6793414578446468,-1.638357336315482,-1.4021331795669802,-2.9673431947198354,-1.7348074912156464,-1.0501404181081897,-1.5307120872389084,-1.0692545641462483,-0.4996927953819612,-0.4395126496580272,-0.981372805974828,-1.3491709809194958,-2.0009751699709812,-2.368661486073017,-6.3440722156465,-8.045047690505193
