script/wind50m.json
{"header": {"parameterCategory": 2, "parameterNumber": 3, "lo1": 6.000198445256149, "la1": 58.999992894266676, "dx": 0.5, "dy": 0.25, "nx": 22, "ny": 24, "refTime": "2024-03-25T16:00:00.000Z"}, "data":
[rows 0 to 23 of 24, columns 0 to 21 of 22]
-1.9564469846357706,-0.30672417872072266,-0.1662813662525303,-0.008974088463058133,-0.6230130997933829,-0.021749915183682557,0.9272313061818883,0.398533299335943,0.8620089594459521,1.2487167725813317,1.3049453482055764,-1.9538706339960972,0.1384410089387598,0.06966042211929967,-0.31488294470219763,-0.9962327605360757,-1.3688738831609095,-1.4154381341374767,-1.9168432656604788,3.4047600286988433,0.9097184477715651,2.40651682424392
-1.65084828617996,-2.7058531523476024,0.5517507949444699,-2.124709549657864,-1.7772870492842923,-1.4107312724114722,0.2048011575530503,-0.5553246548875589,0.9695507582125504,-0.37224005690988166,-0.8781584072574417,-1.0334565817254513,0.4217426763414899,3.0714408674632385,-1.770911734730836,-0.06953204216522609,0.9655730911703038,-1.8786509789403663,1.826076074587499,1.3240322112602083,1.8427146790159357,-0.87125623079725
-3.300538130894175,-3.229197862819482,0.4966331985813788,0.49985473996621643,-1.196245940444729,0.06854165615826313,-0.03690051605789421,2.2853934346180678,0.39822130504397146,-0.7937395143500534,0.9502306721894469,-0.04574914728264667,-1.46043757649805,0.8210159653680019,-0.6671600605035329,1.2901002224378217,2.542400926759466,0.9092906672923865,-0.6176653620852761,-3.1817753368328794,-2.2067504984798387,2.4673938825909594
-2.7557519094573046,-2.8794463326157858,0.5987597157469349,1.295562644045527,-0.9101624723353945,-0.6025705993819735,0.02056380758147413,1.1745720039658647,0.33738166349105575,5.735955231351867,4.4980289889921465,-1.1446467050996287,4.052450798843115,1.21171394264845,0.08867278775997907,2.230396675675493,0.29105891633474534,1.23967242272602,-4.572878408088562,4.347314767943269,-3.963880921183784,-0.8352586259226442
-3.1849777078676,-0.7418062615333884,0.6019875018632274,-2.5129449649413025,-1.2648256698028515,0.7630931652519051,0.4114973348377535,0.34951877874027343,-0.3429160672222632,-1.1977888647519956,-1.1094234439558666,2.3195146326132976,0.623324575125929,-1.3870581459505753,-0.3562118956883499,0.20367921756742824,-1.1311713246972352,1.167812620663508,1.941481659290061,0.7379730074848434,-2.3567666862988377,-1.841287266072508
-1.6896813924470715,-0.16915960415368442,0.09218215166107004,-1.3336647207276466,-1.6467587427903239,0.6111578367138046,0.539975575075057,0.38917205181469444,0.40247575347090087,-0.2642871420219213,5.7341097315896485,0.8767172265351902,1.2333465145635123,-0.9908825973026799,0.8949576353600784,0.8609500647203879,-2.048140448578527,-1.2526982490537482,-0.9339075087330482,-0.9296199444678266,1.6128233563698688,-1.7575403319395966
-2.5647248012221624,-1.0748632115668988,-0.43592089736942496,-1.3726805960272037,-0.7725895227187694,-0.7639078316120373,0.7435150327359007,-0.2171274871382116,-0.6999230941305835,-0.5119776916527958,3.078731658338445,-1.1994488008056314,-1.503859268243766,-0.7654189920419788,1.0085667083033083,-0.6986338530645602,-0.3314829567170196,1.1562806865827966,0.044978986096965504,-0.7651221460756423,1.9760314882169763,2.4895581655923316
-1.524153371610057,-2.293373051692934,-0.4904760645494006,-0.4715208804215905,-1.599773805272233,-1.7563926730592585,0.2593966397246111,0.3392593555166765,1.1745117561274439,0.5087869789361862,0.3321970514774843,-0.8425738836772302,-1.3774503129256337,1.3611694415219837,-0.4600586798856885,0.30128273410553025,0.37702754663158555,-1.4181912923955133,-1.1882648660908466,1.3899291797488902,0.4090785898030334,1.5326938062212794
-1.2930502217064057,-1.0210655053239028,-0.4913638493805452,-0.7712085019546656,-0.6731360014867026,0.7907190436367774,0.04361233663593677,0.9954073465622763,-0.7854226187450436,2.9010655635686367,5.712605766506177,-1.013180553382769,0.9898270956465918,0.5385618275504608,0.7361075195565199,1.8845219506548394,0.4767993632582219,-1.7696735413625644,-1.7403493711509843,-1.562779888115855,5.17296058778335,2.2983612382059313
-3.1967371749932307,2.3510206069063786,0.05771478380603626,-0.6453690651534157,-2.8828422436158574,-1.311768108024583,0.8953742405760038,-0.825338401901972,5.271418799450468,1.7793107709280107,-1.1191912179910013,1.7140048431985293,1.4509544368310006,0.6881627330765158,1.1148402406283642,-0.011477789224751624,0.1450516848315967,0.3955905359826254,-2.121205605364984,-0.5997900834114526,1.4900649601270117,1.2722581520817944
-1.319110400002602,-0.25928661603887104,0.40449281190490055,-1.2056981132446454,-1.2488028356642802,-1.074388213116588,0.2239488546401669,3.5283991582160343,-0.7353938426402474,5.512316957145269,-1.0426625491664054,-1.2111786362628623,-1.8351999290838736,1.229776757340686,0.8113138127681019,-0.017096678108972575,-1.4004698414767176,1.1679489394469118,1.8341815084425497,-3.216274351809262,0.6469157174203762,0.1916717891376871
-2.396956634008295,-0.9671948275168872,-0.1725394408721504,-0.8680004964686386,-1.0398134404232158,-0.2673409469506113,0.8663476491093338,-1.1482944783953,5.7889556192037865,1.3390000882359205,3.853177036464592,-1.0526740565666486,-0.7329398237427214,-1.5381979347206807,0.6570200598552508,-1.017234617115102,1.4703625122841588,1.1323204392941228,-2.8622768988130667,0.953950145274157,2.470243654779861,2.4252563170770833
-2.6574135570673176,-0.7397044787694713,1.9001418821772664,-0.25474880002829287,-1.6779176306405819,0.13880327375202584,2.741233150135306,1.8838946937277987,0.5073260330339399,4.319222593558578,-1.115801241966447,1.7521297958861177,-0.24938578769400857,-1.148520844957993,1.3534259674236466,0.011491100343138473,4.271289070019594,2.2309873690757085,-1.6528899802021584,0.061408902937808894,0.3144200818279829,0.3728203660219475
-3.69548832786723,0.21629841180490228,-1.9823271402171874,1.1079307143692994,-0.8631412019512147,-0.44186696805335907,-0.5337993739251139,-0.48554431847109386,5.548900757561502,-1.2699854051564177,-0.9124106329159792,-1.2041352233935334,-0.364896217530128,-0.8310437377054276,1.1731714782815137,0.36585749679358665,1.7825097602316797,1.2931290112757783,-0.32744457698908486,4.094722758540597,0.5189139202745942,2.1549959500047144
-3.7794715796817764,0.28001266645372747,0.14089226697492424,-1.4063254907634872,-1.8990168351186039,-0.61872081624304,2.0239465325264674,0.24359846112040168,-0.18323802460725602,-0.3008300837708577,3.1090610265139538,-0.9969304006988755,1.7420840453504665,-0.2811131132565622,0.7526486490403702,-0.5205092581148798,2.131872472484324,-2.010228668096623,1.4967401569089978,0.41289311482212576,1.4766092011925824,0.4431372399635855
0.2885676978674127,2.1372960039617603,0.19342938561821046,-1.4692172866249047,-1.4017231540175097,1.0412852436563917,2.6930137404900867,0.6490138182059404,4.877005630763439,0.1618769000588194,2.1861570185482293,-1.0829094951510556,-1.6945409491252348,-0.01074298460859663,0.022361918697982208,0.6499600691451124,-0.29217646994967506,1.3242936513065704,-1.427198197796623,0.16881211541653393,0.16575946867105634,2.307343968542321
-2.6587558598229526,1.3958009872049515,0.8669489173189293,-1.0405560529069524,-1.2065293501666654,0.5285986093414956,-0.14272874734551227,-0.47879784842561074,-0.9200883211229967,0.6482123226321641,-1.8684628442839417,1.6034746956247845,-1.4139599868491557,1.1672409430285313,-0.9624652977917774,1.5445807473774122,-1.975569169837557,1.6961737218976565,-1.2312133351688113,-2.9589477704121148,1.9792391640302223,0.4299781380910392
-3.4056419536681246,-0.3106772086954007,1.0628629727889556,-0.5622360087106922,-1.748052776361042,-2.078063721161362,0.2307568696212318,4.601098304407289,3.1870304498166653,5.727104385423454,-0.6742791839622032,-1.2280708189697762,2.8482689657680185,0.7500084263856835,-0.6486953506272727,1.372737753203922,-1.1417577584688199,-1.0306781088157675,3.003439853996525,1.2503663795376612,-3.221393165360629,2.589840267457473
-2.542884928663885,-0.7882304320918161,1.2306988936257672,-1.0959966123467888,-0.6243787857479015,-1.2594254830107092,0.15075798939080975,-0.5471762832410147,-0.5538205825488823,-1.106270818480155,1.4790219922343524,-1.0931905085392148,0.5207691046026203,-0.8614044466030563,-1.078607209550032,0.03588521652163996,-0.17733326848983955,-1.064593313440245,1.653768732365059,-3.600831656515646,1.6042970310235003,-1.839930228428891
-1.814396916367726,-0.961863832219186,-0.9151514043141561,-1.3848821602319235,-2.69349370380515,0.2894311187441368,0.10928146592733728,0.11979178422883024,3.3849799750659755,-0.4294074737450108,0.49743305675905475,1.7761272493172044,0.1982002160691001,-1.769568404251289,-0.8126654652838436,1.8992886170691246,-0.7645308833645786,-0.6043405384144647,-0.7902267160826194,2.9386222992879296,1.6404449804776993,0.6685299054191002
-3.163994082148654,-1.4528048236840487,-2.579542394743495,0.8336929681153402,-1.971301789201555,0.12506642444172267,1.3152718471739047,0.41435390064122074,-0.9546624331078936,0.3679930028153639,-0.1551063709089727,-0.6106542396278467,-1.3092350283688277,-1.4955111416371318,-0.16484940069775475,0.8960414336669426,-0.9277169822870053,-0.048607270500439406,-1.2423902200673826,0.41781426259585036,2.318128068945253,-0.46895468915604765
-2.380946480696012,-0.7876665170206779,-2.158094920104777,1.0164697674338201,-0.25360669404770986,-0.41631013923728705,2.5418754002458233,-0.4273758031477738,3.606897699707255,-0.07059460332972477,2.6110416958459335,-1.0019004806508993,-1.562610416815047,-0.8114674892900744,0.9901070210291655,1.480292036041284,2.355570435333673,0.20190792407861477,2.6949560499640675,-0.42308085203204393,-3.9322666895934972,2.090960273686935
-3.23838006021571,-0.1479487154116539,-0.46706870576018633,-1.475543324639032,-2.824270924089356,0.7863500357346941,0.39260331958504985,2.371637989922924,0.05247077895900109,0.30969275917031514,-0.32924156499004853,-0.03669044819649669,3.0162720708098285,-0.8018309241180113,0.5237227734241481,1.0614583763702619,0.3236491446666967,1.1065000988466045,1.5950202860544673,3.102516187367873,-1.3717649154276381,-2.424962023267798
-2.4878236027173415,0.06124289885700537,0.21868358318064637,0.25017045541657085,-2.3113854926591726,2.4334201676174034,0.5058394032917644,-0.31635979188992236,5.4878699726649725,0.7564551651195709,2.9561168309621246,0.8502214423891442,0.3583081796267767,1.1052297005003016,-0.4063614789294613,-0.23795489938787173,-0.3909601766260769,-1.9986037867651145,-0.8447765504314521,1.4118630597530997,1.4172061617837062,2.3439966925994082
