script/wind50m.json
{"header": {"parameterCategory": 2, "parameterNumber": 3, "lo1": 3.000054539987559, "la1": 64.9999836372058, "dx": 0.5, "dy": 0.25, "nx": 34, "ny": 52, "refTime": "2026-05-03T14:00:00.000Z"}, "data":
[rows 0 to 23 of 52, columns 0 to 33 of 34]
0.4530890233786486,0.2111156655695954,0.18052155400314626,0.3684960896099736,-0.3368976976698815,0.2315627829739762,6.899948704001249,13.12578957051635,14.066221118285892,13.568083272790028,13.120499326690213,12.438543348240161,12.173068616247074,11.075296555922511,10.127185815665953,9.335316838580031,7.318150879826834,6.323147060675908,4.73674669832082,4.879120173411249,3.1255243902348364,3.937115952396069,1.777896746303816,3.396535173019364,3.238072741704493,1.5497593983658398,1.3118136990012532,1.3931460702871985,0.2946615885198991,0.18058100809527264,-0.03639521223375548,-0.4313526786541925,-0.5726367002880509,-0.3648872433687271
1.1289103242399008,0.6980314966850747,-0.48878887557115464,-0.8558644054323463,-1.6467140156074462,-5.1745158981358355,5.186062218332988,13.323143737162566,13.317289251757845,12.810233027460063,12.515166441948972,12.193621975864184,10.931884122288492,10.029179138899094,9.08068214956912,8.226326382346603,6.6346426741609354,2.0280643977703723,1.5084801747061447,3.723831626251606,1.7666674112867924,2.174876383107765,1.5746631923915824,1.4207877397460207,1.4065057112505075,0.7743401293020872,0.2650095717644623,0.495096945253679,0.6192170955700704,0.6563922645283945,-0.012838955712168441,-0.7528773678468185,-0.6199908152384864,-0.3218237310564
2.0333641761694614,0.9355821330181271,-0.528277628977516,-1.1104220008303334,10.135525415047761,12.607306398070621,13.883527698102261,13.134727409211822,12.64340938271367,11.964476374846617,11.315940534062667,10.623742733542402,9.65265247262207,8.619610358612617,7.521335987209922,6.904554311570857,2.5285346730049825,0.7188948707424591,2.1306198756384367,3.145909493584044,3.7510669542206836,3.507789009515099,1.7172966974855846,2.4019285535991997,2.0076260248659343,1.0670787051310302,1.0678593202658566,0.8429488019238197,0.6252245115958043,0.7938917411390422,0.11083834242474831,-0.6622063782852406,-0.684092914496777,-0.7465042119909734
0.883465366925342,2.835009150495755,4.599471437057638,7.044670028206324,8.136562420658269,13.533690300039586,12.593994252027262,11.947090541596106,11.20337574653217,10.630659460115789,9.839099333440165,8.859805623536719,7.984231981798449,6.885912268827979,5.474203200511736,2.6681792330286505,2.515699798619776,3.9710199483789825,4.7318633425442,0.08403763051630636,4.94556807978093,3.3354542789520325,3.627700467644688,1.5158556974405322,1.5938327399986743,0.9992221918121116,1.482978196078763,1.339914576531036,0.48751444736081945,0.10365039324437528,0.2429532446974592,-0.21076556021839066,-0.6735790703038317,-0.928514672449241
6.861642107054581,7.394868544988147,7.021064955314843,10.35447263943295,12.76710243146484,12.2631973240478,11.151790983481124,11.01764192088139,9.837703746818265,9.296883588999675,8.457010558603814,7.812516880089674,6.230226655256283,3.413186842735918,2.725709251272257,1.1253659233239464,2.6279495598290903,2.7120354484920948,2.796871126165507,2.4918843065145313,5.113763524608214,3.161038011833393,1.3088573105848709,1.320875138116821,1.3195051388140169,1.4795237358714992,0.9635413042130778,0.6741088580858271,0.508069034426447,-0.1293416786284413,-0.5203455301947233,-0.6845738752247822,-0.46919401126864796,-0.8195489230536828
5.820765796670768,8.197011480186843,10.732530805264537,12.05733960118613,11.77095121946655,11.083383077302882,10.680204917075653,9.43379542053799,8.982276560076098,8.179716567916826,7.328167036397022,5.802714966251922,4.156857033334961,0.9417640163658093,2.319974747324201,0.46868510532328395,3.9508643701723685,-1.6900734582217158,0.7962614763779272,2.7940771676727394,1.8286642532637067,1.191697392438205,1.8164067433832503,1.7175347082455212,1.1901917791971635,0.9500916899873306,0.20561086644027854,0.10575119699709824,0.28560822737469,0.5133598556459017,0.023820272426131356,-0.4880194285098594,-0.8835328546067455,-0.6866997788951246
7.903065170220068,9.44967039328663,10.614947003645241,10.538838306923823,10.12868879602884,9.650892658128349,9.540000089198658,8.83510284691959,7.900856712649915,6.785954685643043,5.486288094483735,2.8276719017913723,2.868734261451227,0.21213092197242292,-1.8330608100229469,0.1349983870524275,-0.0007316505646279003,-0.02442869309046476,2.2151272857684132,2.894600827621761,1.3284283490293225,1.6151285254261438,1.4736066614620962,2.0582939321968685,1.7110758747249368,1.365947834321829,1.2793786509520488,-0.3471048269667716,0.04535993345327885,-0.9674478671097321,-1.0551197446748697,-0.22362245877338072,0.06850125068897661,6.154940701448184
9.404733156258972,9.782407617172018,9.825198340920405,9.544105414185065,9.124360035524699,9.400925133523257,8.572527255212892,7.878368571034593,6.576325778428877,4.9025150994339395,2.659796223104839,-1.566372637509679,0.13119085689276022,0.1985969005587057,-0.8636793196603154,-0.7585041208958321,-0.21712155748160641,-0.5817343019968405,1.7828405551153217,1.881073810448195,2.4971771973052608,1.6214079930554302,1.5079666879028752,0.5401253563081723,0.6966314857894637,0.2729386808080841,0.4220814978584239,1.3202749774280995,0.7783263051757632,-0.1905997970594544,0.04785013405200083,-0.8353872468772011,6.015881931991736,9.296457265411574
8.668058870410905,8.7308417609742,8.907705836377534,8.834962460435152,9.090963202582577,8.533062855496498,7.678007459391717,6.454608081972318,4.774461498967385,0.8911870739140447,0.554094395643109,-1.760947311721927,-0.20969220006714365,-1.4900800140024704,-1.6727581047053817,-2.1177057894678657,-1.0714300338269627,1.58477388316929,2.011029936310839,4.599284581712437,4.412532330404509,1.2649990437603376,-0.005239969399850244,0.8223461089117887,0.9427834766631104,0.7774705507325411,0.10526914797567678,0.2338838692917345,0.2844926182005062,-0.2189472119632932,0.3668518695388245,2.7289526427225654,8.914409315417474,8.313233383684826
8.10608703265013,8.181584365615524,8.332836442971821,8.433257830466436,8.495749806667714,7.657770509030905,6.452450464524107,3.4528979187026305,-1.2955560384323062,1.302045030826003,0.9730834035664032,-0.9482879945460999,-0.9387123973011666,-0.6146501751385739,-4.074577793467146,-0.11223430756125916,0.06771121641473644,2.8865924363983195,4.2844775764305085,4.347183570418229,3.561908316084268,1.597205480755702,1.5030671122056432,0.8530438540414564,0.44580295130822134,-0.23051946188507996,-0.916069473574605,-0.2754260156157799,0.12607108013954482,-0.05061603114667445,5.9038129863540165,8.466388247409869,8.348974353797841,6.319093598155485
7.488878491528391,7.526097460300838,7.6053457763187495,7.866716844478886,7.220612979137304,6.575413066273789,2.879402517846436,-0.3479848913322803,0.2942524215425668,-2.923828479216106,-2.5695230224366066,0.6725635113067898,0.9500283391605492,2.345892205599173,2.329772107815749,0.002765878865843755,0.6262136551328705,3.5045925565709073,4.933337879903513,3.116822385945532,1.872807484279903,0.7858848054784039,1.6149271757484378,1.2180838653426607,1.1687599709550893,2.10232082520021,-0.7944171338498972,0.44040244525214145,-0.12054241063197278,5.896160477757754,8.803972451989496,7.564320993926328,5.429547353072719,4.649497420823728
6.664460042931022,6.540834826303668,6.685340928729367,6.526366849793972,6.292566927050891,2.93413128076465,2.595160739010576,-1.0686485348529557,-2.5760683548765164,1.4756423697023051,1.2237739615893422,3.234179232127726,3.3801992159298155,0.2443350873720888,1.6792007614041524,2.620110191554074,3.6879902105308644,5.770255591424584,5.567387559157778,2.5695743378583007,1.5651822681661027,1.3338516878670283,1.620171362938408,1.7724354757335707,1.5722199202829217,0.9427901646378414,0.591472837334073,0.6492196795440907,-0.2076583591119963,5.919831176904539,7.961082451105905,5.681185754293603,3.4892995079432922,1.9791941984945882
5.634750278325419,5.470919577895537,5.289776155153768,4.846618258906811,4.493060516702824,-0.4812137793896722,0.2552202467438733,4.421744527588281,2.269213897652616,0.3321303336957456,-1.030467291444167,1.539123393559808,2.887164612101676,1.1519726849876655,3.534149741285237,4.498634872011522,3.9663963034082172,4.401783866438554,3.2532349648407832,3.1336609076999413,2.7083363648259238,2.807279473554837,1.237644722487615,0.6621944968475215,1.0482739182940368,0.26156158472826846,0.47835761601027993,0.5833809377281568,4.483963949793257,7.248765751546945,6.135347220343539,4.461097455867732,2.2704091523351098,0.5092114005416615
4.711783935430554,4.61819852337355,3.8312612134943946,2.9319048153423024,2.4034348056540344,2.0371793070818853,3.961467910215988,0.5473855486213742,3.4554132286151407,5.770259688146892,5.52980399505637,3.8009035853002326,2.5429501115508883,2.1509357421836337,5.072879679437273,3.25024495473675,4.5111520053146235,3.7028481922250682,4.183628626185305,3.2580679737780454,2.523858431703436,2.4234333991026475,1.7880925457963233,1.5500032037542764,1.0171168317792012,1.3085138154051181,0.038285790149866675,0.010871705895335437,5.236714918221485,6.850979180283064,6.006426737025185,3.669955872004275,1.2560670404196672,-0.2439156026657555
3.9728153475850534,3.2332516910410103,2.32328301735738,1.2766821648815043,0.4140581094785986,0.618123803096371,0.36630182439505127,2.0922111689377,0.505232549355028,4.044206673347099,3.258558168383096,1.9548668085653143,3.4444464143872477,2.2372467399784317,3.7361763868582005,5.022173080184832,4.340107205345457,3.5189035338757026,3.1230160669361067,2.4690520227122232,2.077743194792036,1.338790017531874,1.8920331849121845,1.639918805334159,2.6052084730355367,1.146904129155363,1.2605921770344768,0.559009119022893,4.627934202660282,7.07106307362005,5.675140877135014,3.059004369749423,0.2558714862007416,-1.7152336703701738
3.0635079912491348,2.0104333606891287,0.9941811296691364,0.2863442236705249,-1.4150729974208176,-0.5256595192154582,-0.18025521510557954,0.618756542816495,0.6866353947194382,1.4137270600858989,0.752245332132014,0.08539538344667043,-2.797990831184339,1.931754485201863,1.8402072015648512,4.061888027265996,4.269124846758202,3.6279800326797913,2.8757556565998152,2.7497020880818006,2.8342897965800975,2.305786376929046,0.4241398570637825,4.006731920344479,3.619022484636795,3.0503182794366253,1.3629205269809173,0.8691161085899897,3.984649543213981,5.577707076347688,4.008014200390908,1.9445933103255506,-0.34603465559501956,-1.9088870922994616
1.9347240475036656,0.6889782093881469,-0.14464720909558115,-1.3503090904505572,-2.75648461660866,-2.330812405391135,-0.23787066435092377,1.9923252967012575,-1.0950415048523927,1.0818061317366032,1.8055484643953326,2.4530708252258924,0.7791349211489383,1.859939272223358,4.094008704467913,2.9775610720929886,3.9151872619568,3.363347991410521,3.1692305163104715,3.1210401714130858,3.1704173985063933,3.0044049707353113,3.5391406445768516,3.4793272604572256,2.4713528634081876,1.2650984429044538,2.2215066819734144,1.924079975861801,2.8066663705733492,4.583690938100221,2.6090517106036923,0.5186428724573141,-1.7232764696911747,-3.0358708591354038
0.5619162962687115,-0.2964704489909975,-1.2856626157702042,-2.4583712032949983,-2.97603705293395,-1.0073153196777536,1.6567674735562623,1.2318219202023808,3.72839713916429,3.4761919964237444,1.152505102963855,-0.47697992941474837,3.3581533518882023,2.671159594088442,3.9575059796476872,3.162853623992283,6.33299952913475,2.375347419048435,3.9498870115051443,2.8791238061445266,3.5981350948087143,2.8678124647185093,3.5084365608520467,2.829705489284537,1.1020315149611561,2.0774080300861866,1.8012185866916859,3.4545099242261874,2.342884528897294,3.70207486352778,1.8566828483786895,0.06574901303837098,-1.1189532152110115,-2.0786684766010866
-0.3011728495735365,-1.173472101970528,-2.0392679780973846,-3.4296668800458003,-4.537765880800936,-1.7380871171571919,-1.2505448031702597,1.0440854171244445,-0.3396499650006539,-0.21028904809825164,1.4110258984278903,1.856128705310832,4.052721663303258,5.547029294647007,4.505211083280077,4.129727838473373,4.079388818343354,3.1017038629249263,3.309462308102275,3.1184005322949138,3.726555712676936,3.193195448089991,2.145368646100289,2.9600369780752716,1.297785757217163,2.667296158361028,3.617407028037219,2.8175263134318542,3.0728568326024437,-0.1768516715095379,0.1780122125553386,-0.8304902899947811,-1.9120221650360958,-2.7802489800252177
-1.0763788372198138,-1.8830852593388612,-2.7707065770130073,-4.618790991482921,-5.01469950949326,-2.3283619157551367,4.057893145810223,1.8134447008499872,2.8358376329762804,2.14284719599221,2.271781801631779,2.9173708896896624,0.5107623573761876,4.708050898877163,3.690579676457822,2.100639058853962,2.743928571652612,2.100758228146035,3.375543340146707,2.7577045183994278,2.6988946909971,2.6855539119519034,2.5746763252268536,2.801262338890832,3.2458600213891726,2.698955885481755,2.857657866787364,2.0827410982563648,1.4946889250437185,0.5046981830883581,-0.596838282173478,-1.4908183435733813,-3.5000732889103325,-3.3771608262965898
-1.881513435813476,-2.808368473670183,-4.125036731151221,-5.8475697589095015,-7.66885357882866,-3.7131289464024886,-1.348309942112224,0.6670045471831852,2.8169059766407645,3.2401457132710907,2.312065711888726,0.44550606893857536,2.642307003718608,4.400239281385228,0.03024322586224152,3.201880131691521,2.594329929936041,2.402237650510371,1.9986478068710427,1.7848031361521268,1.9336980193472177,1.8061022270161664,1.3089463170338616,1.23823421003704,0.734102578717905,1.0561168874013898,1.0309597318399655,1.127487068379735,0.783366290490434,-0.5321224399670302,-0.7306433522213835,-1.3643722097684001,-3.3714984582516405,-5.514768878462663
-2.6690957434616394,-3.598908896340151,-4.862162048343672,-6.875043508776892,-8.087010178156147,-2.9453150897125147,0.7912092006679634,-0.6873329444216904,2.2773689798218646,0.5201308779562717,1.2061577888925772,2.690288695296348,3.6290611118709117,3.5264274056291236,0.12496830544169876,2.039852930073528,2.0092175806404073,1.5673508214756156,0.8840275745341668,1.3427157290033613,-0.1528598699905282,0.40258436390812974,0.0646325552885653,-0.09036941779347264,-0.563523862712272,-1.2686035071503052,-0.6988811655469133,-0.34332949025170134,-1.0195948567646795,-2.4000905920300677,-1.7058432333850566,-1.9591437002831298,-3.7589269310802247,-7.1502457138337405
-3.724414864660449,-4.897743764348667,-6.043718604363012,-7.091391925802626,-8.482053064152034,-4.040863315409655,-0.9137653608242822,2.153181522482141,1.1949825636889004,1.9788401577605839,2.722914005260218,3.1351325486867876,4.34481046866253,3.152144786970763,1.4234408928109163,-1.7098157396398992,-0.49544981821252904,0.19242224202520616,0.16073859844337038,-0.9023191613245091,-0.8563860661760703,-1.3285019868204704,-1.0890307601074964,-0.5146846381329636,0.22756364806838117,-0.8639929966537291,-2.155562023521977,-2.8174736661207156,-1.9787403923812126,-0.9735594223880312,-1.1246303097380754,-3.0793728478469107,-5.380867947346654,-4.125732193369103
-4.076587884901882,-4.878193075515448,-5.8846840628760155,-7.642287237507302,-9.157427757146767,-4.645010828909858,-0.08197773484716976,-1.0006686111450558,-1.5893527079280128,1.8617539935758671,2.4209477430363733,3.202532420852765,2.304185149712258,1.4063026726316556,-0.44328532832242706,-1.4890647799042844,0.19459445746063025,0.2619616807928939,-0.4200543954269025,-1.159398411169572,-2.113764358795871,-0.9999264047553498,-0.36873245662689386,0.08338900589434815,-1.6699749578476406,-1.0855189890355845,-1.626664121939664,-1.1541113068885436,-1.3568826476055622,-0.5569796503709505,-1.4689610974328007,-2.8359163420735714,-5.847266508442743,-4.1410905930320885
