script/wind350m.json
{"header": {"parameterCategory": 2, "parameterNumber": 2, "lo1": 3.000054539987559, "la1": 64.9999836372058, "dx": 0.5, "dy": 0.25, "nx": 34, "ny": 52, "refTime": "2026-05-15T02:00:00.000Z"}, "data":
[rows 0 to 24 of 52, columns 0 to 33 of 34]
-5.761951298374829,-7.175895474238618,-6.18633561356063,-7.80010604393371,-8.632987019816866,-8.432386495280946,-6.054431315349575,-3.7139171951865393,-6.04454972687024,-5.689841638931044,-5.3596586212847415,-5.226988216579498,-5.470967460493642,-6.376276252476857,-8.140348155699131,-9.29181931332112,-9.670099425903809,-10.49754953318676,-9.833451547263435,-9.13077994499471,-9.762212387621904,-7.288146168106422,-9.975390704782294,-6.885308490689397,-6.7186189760448745,-4.819805992871602,-4.828117496707137,-4.614823824541772,-2.753505252364601,-4.1671809465013,-4.4995446088331645,-4.713353298331683,-3.5818284966833125,-2.430917965477374
-6.59495009362888,-7.5745269516869485,-7.119894281291498,-8.534105599089992,-8.559410002126972,-8.053798322772602,-5.471030004398262,-6.795187936720059,-6.779393102016317,-6.671814379972948,-6.554064547971097,-6.765914388048231,-6.368642889859066,-7.272224535156978,-9.75760154284321,-9.494892101845828,-9.964971325199684,-10.657562419671642,-10.915753619466392,-9.32848559008222,-11.678704709058383,-9.49521275577927,-7.527673643003916,-8.94321459372391,-6.997743674620527,-5.915709183206017,-5.405229386822567,-4.90613763026553,-3.925647213681599,-4.498827924833865,-4.345150036543549,-4.2493021703388045,-2.42338400790236,-3.2948992120314755
-6.394547574631089,-6.719839017020172,-7.603576560588468,-8.99796551870828,-8.759698291240483,-7.148942827927256,-6.622270024417648,-7.064991895733382,-7.588744030230689,-8.43126278690862,-8.30116598034358,-7.859096635539277,-7.904796591527196,-7.469099497635227,-8.025619885878875,-10.280195631482615,-9.881150767556761,-11.643887156995437,-8.97864078515745,-8.371279215471022,-8.607323738631191,-6.559006847493222,-10.1914874659564,-8.299616535599124,-7.253657026433784,-5.841963044551515,-5.469040345252458,-4.660000266804344,-5.219642626648011,-5.755491101401389,-4.217402801048538,-3.051428441619273,-2.5809459524558225,-2.940806961711296
-5.7685275295926735,-6.6509970737596795,-8.54471350144162,-9.083237435309698,-7.268613291279802,-6.49615752074033,-4.814029815382448,-4.939541328380589,-3.72457862772911,-6.065495128167431,-7.835025463904965,-8.121634142214285,-8.526643013177166,-8.549044758257129,-8.833836546767072,-10.04395071186465,-10.364923723193984,-10.447738046025774,-8.946326291990607,-9.489193181964918,-8.038125639768957,-8.888295709328434,-6.808791152599419,-7.263581531541719,-7.688576139355148,-7.423098664023839,-5.394090709372307,-5.467932619744964,-6.355111002243434,-5.234102479512902,-4.7102450961765445,-3.2304330589205077,-3.3792410369702583,-2.4612732027723796
-5.236438249184023,-6.71790556303669,-7.2868098364816865,-8.975362825479754,-6.490282716638822,-5.581541308480227,-4.0250626294489775,-2.347591842029188,-2.7358683325080224,-1.7749629938985552,-3.3781506132333785,-7.9896195701832395,-8.991953373321225,-9.632768190010426,-10.791797303240315,-9.549861607684072,-6.666154770950345,-9.53799259844188,-10.976966391842824,-9.080930411829762,-7.517900836573982,-6.733350201192077,-7.305059119199781,-8.322723229947263,-6.622932831226488,-6.58612266886601,-6.260217358167288,-6.33028823415782,-5.536389216650267,-5.399755944992189,-4.8203434944706345,-4.211345445486084,-3.863018793748158,-3.4682284912656556
-5.479186457979805,-6.722539053987569,-7.638390613434262,-7.857129090177729,-6.130013527510496,-4.949197320495628,-3.2770454803468496,-4.235360242647052,-4.164933329669688,-4.610206317378872,-2.5331414980495164,-5.662856651615577,-8.877340679613544,-9.85316692027185,-9.620444503831248,-7.369187964110026,-5.22682254666683,-8.244707301953468,-10.542516890586853,-11.011347415017514,-8.586660498406953,-7.679279618502049,-6.021364268294521,-7.176636242728608,-7.065615017932278,-6.023633569260315,-6.664750984757838,-7.194040867846986,-5.882906236916395,-5.806192775332747,-4.451686621097901,-3.8795696325227778,-5.062735396273057,-5.397392925952362
-4.963365306223601,-6.250925110433878,-7.601139247133871,-7.768952921967869,-4.89235575770073,-3.837387298441297,-3.93174145758177,-2.875413499302323,-5.021122267579636,-5.796841614752911,-2.930347689906475,-1.6768404904570513,-6.722330154762814,-7.591900126037316,-8.380099205500187,-6.092864607327873,-7.565556593977103,-9.140864252468928,-8.235178926765782,-9.165306867844508,-6.9820880129916345,-6.759076941489964,-7.5283188131323655,-7.257407615432681,-6.5700346720478615,-6.868125915706837,-7.143447905641562,-7.269991604658215,-5.840672913862957,-5.747260308698509,-4.670807993182407,-6.568186594892008,-4.972644701818818,-3.22953649242313
-4.52200401531978,-6.045216354217804,-8.210984221993748,-6.002698976896837,-4.443752865933051,-2.9961141213229334,-3.9430444192122898,-2.733830846323611,-2.382235739326381,-3.144264218805714,-3.8138749859270185,-4.383293368761668,-3.9347561742208796,-5.449443558716529,-5.423267040385513,-7.724066516696351,-7.700312606633658,-6.505437053468387,-7.108851736143072,-6.959969580096922,-5.416820116867732,-5.008054472828356,-6.563184958250017,-6.266916038975967,-6.646859012912247,-7.699215499470478,-7.9777774158592285,-6.486339364402039,-6.589072892229855,-4.809352159447719,-7.56038730422704,-4.711460848547401,0.2043268755600831,-1.2615017630541123
-4.24329164321888,-5.311545102884215,-6.957864268863374,-4.385490420611645,-3.0153429492018047,-2.9142710921142316,-2.7163625002834917,-1.1072576595836698,-0.21033572213078552,-1.8073306394102944,-4.253586811261034,-4.017399722530585,-4.989485553696345,-6.5400290029905,-5.924872697142462,-8.74217687280717,-7.984876519636263,-6.431640143234745,-8.282138521921084,-8.379017895222994,-5.485404874239323,-2.6401617378383837,-3.9778659163005807,-5.07353086284387,-6.008517865967476,-5.731869327142309,-5.833923887476207,-6.715993852638992,-5.499158820646965,-5.852413553467547,-7.325662104681183,-6.66949755169464,-3.1776852872625323,-3.7296183849010696
-3.3205629064432785,-4.963900701683684,-5.426573702071517,-3.785538692101611,-2.2727162535074616,-2.1161726426515544,-1.440969927949592,-1.4928387880951017,-0.6960480394646942,-2.0361299947850844,-2.5627571823172697,-2.310726981855555,-6.138327635923376,-2.7160613046972872,-6.907326704795803,-6.419040523666906,-7.488466512463544,-7.980045073776198,-7.448514126274461,-4.6176819250374574,-3.05012587440875,-3.925467862142504,-4.619435402430199,-4.388086758658402,-4.7824810944871885,-4.208143199671365,-5.219336611352333,-6.537908184836102,-6.434959681346329,-7.151728516129769,-8.06437202857973,-6.711315468771806,-5.17569948388692,-6.879905144799175
-3.6128501430454043,-4.293449991950074,-5.029252089437337,-3.5710677953649026,-1.2745730766604733,-0.7441846242515939,-0.1962876488528961,0.06532749166844336,-0.4560368441105487,-3.206089357248224,-3.9312768810176086,-7.380964954471778,-2.7401618633208162,-3.626529950743671,-5.6719944393039565,-7.384244918529755,-6.440244665567548,-7.762908983977391,-7.00394162611825,-5.501316024000923,-4.112528892814006,-3.817187636205013,-3.8839610010049586,-4.961813942632711,-2.9088985272227856,-5.545546784833291,-6.038942960767363,-7.276724969500383,-5.65052818363665,-3.867418060561407,-3.6743462599632704,-5.7165751316875255,-5.1335668977496915,-6.063628629394824
-2.875533966740938,-4.62884782799521,-4.609389885558296,-2.2897500016324037,-0.6858897263058027,-0.16039611748088234,0.16352191700987745,-1.8399635990806216,-0.7302958434616089,-5.593185007825485,-6.248884108351254,-7.098399147570069,-6.113585836510607,-3.658853275270814,-5.193109994495412,-5.536496277149241,-6.769323157008852,-6.820498029219713,-7.389825462770378,-6.781187644711241,-4.474953428256883,-3.7562154305259003,-4.243377217971698,-2.7508134621144795,-3.7503595665993705,-5.091258700559047,-3.7863094018602625,-4.760928999367233,-4.55816671420962,-4.676705161597883,-4.420771518371453,-4.82705492337381,-2.8853898794739847,-5.2675980391235635
-3.10519199803439,-4.457950670084394,-2.9963626807813792,-2.456259487420935,-0.12485210524890195,-1.0364713593069663,-1.54039849939652,-3.745744160841007,-6.397138822337938,-6.597371356662344,-6.210158222740225,-6.935898584055858,-4.128234387874116,-2.734786746707445,-3.2328137005797086,-2.604549543298822,-6.225525842742702,-6.615483593760447,-8.68817683462487,-6.542523024063757,-4.959620446299286,-2.6217585362566433,-2.6423536456151995,-3.0558678729383173,-2.6560630843613318,-2.4203601012689857,-2.593725153439723,-3.729066715072852,-2.9982054869621053,-1.4273486622829699,-4.872089507251663,-4.579566629932298,-4.362943319234657,-3.83620949442984
-2.4105276165736775,-3.6896643462594967,-3.1550469692167495,-3.2027289787077264,-3.990887373328185,-1.1439887982291486,-1.3622938795580843,2.197373168058265,-10.298017335464579,-4.735210200666069,-6.676926986703757,-7.294729082047803,-3.887958272901104,-5.404898513055631,-2.8256264606310273,-4.505449398679805,-5.189167017935474,-7.448622598964286,-6.043163320769213,-7.216187030317658,-6.608875749945582,-2.786673702252281,-2.902162246849867,-1.7555185350038534,-2.586459664534941,-0.8086476805239683,-2.6385551443743323,-2.0055236750525376,-3.203446347974113,-0.061764265651790135,-1.4711280069683996,-2.629117643155352,-3.6661009017189503,-5.194004995683315
-1.5235544875573042,-2.9388942989603115,-4.102145391628426,-4.2941446116882975,-6.442614536695749,-8.045940891950874,-3.334557145353034,-9.082946628644017,-6.098645796567823,-7.814349122610773,-8.613756963485743,-5.14677467500569,-3.1706693997216897,-5.1831950102874975,-4.437191516781668,-2.5088287001006417,-2.909267500823946,-7.261184291226153,-6.569618471794833,-6.1909630071344255,-6.229907946215724,-4.141544662912956,-3.2510612653740605,-1.3466085302751682,-2.1022736057475515,-2.111928519892691,-3.8326789515565642,-0.8440137542297993,0.5614019540672933,0.4881710820802319,-2.419840245740073,-6.383794787861832,-4.947061695768216,-4.1129601975449726
-1.8996063221445385,-2.998183436628287,-4.087223752280654,-5.192010101333558,-5.8542851954765185,-8.532190466821769,-8.440613042887872,-2.586612080871069,-5.143628896414663,-7.008505411243159,-9.148852129777543,-7.088400652857564,-4.57450675947929,-3.9301268640244813,-7.070338442207724,-3.604083147813584,-0.8066111245838494,-6.91444292545223,-7.4334611243362225,-5.626770401500081,-4.8336452650639625,-4.5040384882355315,-5.074949235370527,-2.3717544555693735,-2.7735780664419614,-2.140320481017538,-1.5105472771192496,-0.4397859419019045,-1.9161024646942308,0.7893896864144757,-1.4136913141132257,-2.723754943089475,-1.4991365994632968,-1.898918593809602
-1.540326562471457,-2.428740198755604,-3.6875056102344423,-4.870077590606894,-3.936074590108904,-7.3074256116202045,-9.446826133388209,-6.7810568249171315,-2.7298773712511557,-8.873435309749054,-9.753073826538381,-6.7288066002785865,-4.9122619312591755,-5.364451529304361,-3.932686951368563,-5.505129290361278,-3.703726632001719,-6.7387240247765465,-5.451445259606991,-4.527334949527957,-4.935791382185016,-5.325151285641466,-4.63766069554499,-3.7729764096857843,-3.7363181364864038,-2.653214411591975,-1.5964109866399687,-2.6082686427371455,-0.43032368229433093,0.10574414151687524,-0.2610315064713704,-1.0641822787780495,0.14584401999779933,-1.8391694879223897
-3.292706268723981,-3.4578643421939104,-2.633512561641191,-3.904313578670098,-7.41737877184949,-3.9844773564691702,-10.028562882479003,-5.895041499772066,-10.352039689145986,-9.6647228280594,-8.165887337789346,-8.669255789109101,-6.344458264662256,-5.704082373904123,-5.209547143364514,-2.6477542854885274,-4.515452032460368,-4.723356887786914,-4.164832886276399,-2.967044123950434,-4.501774915186607,-6.343308911525952,-4.2497064417721715,-2.2877327299174426,-4.192515975951678,-3.5685947734868053,-2.2665214478648,-1.8879426131192545,-1.3590195007529196,0.3752467061379908,-0.1455066442798656,0.45317020869512215,0.31879957624052635,-2.5724925148702296
-2.4093188584766048,-2.5447183126547475,-1.0058723410034485,-0.9368554884864295,-0.4983604658700614,-4.320307583591554,-7.213893807472387,-5.608027825775453,-12.213913390794913,-10.436212417272584,-8.607467586570861,-8.272926727637989,-7.502089896730329,-5.787055174058382,-3.1438141927255634,-2.3289472565599336,-4.506071687858494,-6.468680381811768,-4.242726635591001,-5.225082519079874,-3.0826941343189023,-4.05029960765514,-3.4240549252702066,-3.3036516652967483,-4.754085563614487,-2.6829168287876817,-2.345803941124874,-2.0692102718782213,-2.165127349734914,-1.7286487319497819,-0.6458800330760229,2.0218847506393356,0.7498580405316605,-0.3560621382095848
-0.47415216940480026,-1.9017458727596488,-1.116723411989303,-0.4496340737922971,-2.087017945651008,-5.273130843375588,-2.555705049562454,-6.097905059664686,-10.697163624601256,-9.583019410538906,-10.468274906605542,-6.973004520159663,-8.017664479745742,-4.74673972759007,-5.150084783719386,-7.625677620063105,-5.4510411576512166,-6.37499116214277,-6.132657250390924,-4.437232218203634,-0.9273201843203374,-5.682456075821501,-4.2612156284643845,-2.9966023318478103,-4.858319231402888,-3.0367894396659003,-2.4547154831713773,-2.002816332455294,-3.2035714041096117,-2.384989479089777,-1.661799468508268,1.4321901659663576,0.5194759091364467,0.9212704477174444
-1.9485518990935384,-2.5833380477912504,-1.8584316186914056,-0.6905551305053425,-2.44309230096204,-1.2237282378021654,1.6124868717320995,-1.9907652327254666,-11.710589277193497,-9.50129830689831,-9.166999362568573,-7.755260681248854,-6.308785370220281,-5.311182727865252,-2.4702047782854217,-3.33859292028025,-6.411802988866776,-7.0269083227841564,-5.456959907845142,-3.3704650607059774,-5.760276736132494,-4.996332942958189,-4.231160230562726,-2.8462190755270598,-1.903548595569083,-3.334144560691883,-2.2305089156405846,-2.855054595851013,-2.2108040190704417,-2.9352139724579454,-1.459228369645167,-0.31109211462174857,0.17407143667219913,1.347782490036262
-2.1746486889767525,-2.6579643790602825,-2.697907291624666,-1.8583184013525014,-2.872997231703121,-6.601277589877119,-11.186919208696501,-13.092509459110245,-11.739391894623243,-9.5699638786501,-8.687759115216942,-8.094213129414872,-5.179773598111263,-7.223642985851102,-7.3619256801020185,-2.5199752153846946,-6.164529191388524,-6.652220255353817,-5.232311272621232,-4.44766629404427,-2.731211072417541,-0.3117929337332729,0.37847690354108093,-3.3903870271040333,-3.047182238647252,-3.6313226138544734,-2.244614774367059,-2.8460573943215324,-2.4897848988174784,-2.9535618358058287,-1.8253277450137348,-0.40299917644347727,0.8074506807454191,1.3633300739477994
-2.674772832086397,-2.659867139642798,-2.8606592353709503,-2.608600840792246,-2.7088664595957677,-6.687685685838193,-9.57597603717636,-6.435639976735158,-11.097948415034306,-11.514327251224374,-9.703957245748368,-9.304724014531224,-6.535152863893582,-5.777555405999133,-4.7010272069834915,-8.007130080562103,-5.521678239747404,-5.244046072441876,-5.788138463866402,-3.60640138877742,-3.625924075497239,-2.5650587387043866,-0.04428335332444394,1.72998666230782,-1.5318869970399236,-2.4721036372597225,-1.999121274044073,-1.8033788467704515,-2.884282648866051,-2.967532495900706,-1.2680906436553818,1.2270757071792213,2.3641901273639863,0.7387283968278272
-0.6652951966016852,-1.8018583139621906,-1.5480904605186425,-2.791011840992764,-2.4620060113741116,-3.528147733996498,-6.215459126017432,-10.89729536090082,-11.207588754862975,-10.991121957915306,-6.58581351803083,-6.517113326347083,-4.563285190104433,-3.289310125430008,-6.308269358084097,-4.45826684715412,-3.8744209414473634,-3.3864677577463302,-2.7649478398420784,-2.6862560282878585,-0.7032629950820096,-1.1045702997612965,-1.1539746780555873,1.0422386576478306,-1.0679281292330947,-1.2306834032026197,-2.1956463639285078,-2.4915745471581565,-2.2721483057365894,-2.610657917109258,-1.2340694282772982,1.5687254686097716,2.5949999513315105,2.569389151614537
4.685962877283731,0.08567747770649961,-0.4335486551914016,-0.2295473842270593,-0.6512204228112758,-0.22852417906430889,-1.5166268132839107,-7.962179125968742,-10.463693598944785,-7.248731462768715,-8.801846456539689,-6.614951269174502,-4.913372979185698,-2.266411469706792,-0.2360166074083948,-0.06265797475671567,-4.910752938291451,-2.44022630998128,-0.482573409145947,-2.2665686812231214,-1.371389380616935,0.606925502462436,-1.0363454244589236,0.0590022655254721,1.2326789571388346,2.022504483155517,-2.5814366898341805,-2.7522196014201716,-1.8518008058859674,-0.26685552925041167,0.542634997709726,2.691260767680129,1.589522192497539,2.7518496298909976
