script/wind10m.json
{"header": {"parameterCategory": 2, "parameterNumber": 2, "lo1": 6.000198445256149, "la1": 58.999992894266676, "dx": 0.5, "dy": 0.25, "nx": 22, "ny": 24, "refTime": "2024-04-25T12:00:00.000Z"}, "data":
[rows 0 to 23 of 24, columns 0 to 21 of 22]
2.7196384966069185,-7.104342569332888,-6.971403824832315,-2.6700218449519766,-2.551883494189164,-1.8569456007839389,-1.881519899773916,-1.7967440390066522,-2.64529794816922,-1.7094462082914563,0.47988259276870726,-0.6803221137216331,-1.137982611139233,-1.947760849125013,2.4845666805752273,-0.9855211696009036,-0.11142083850556211,-1.8026286090257406,-1.383198533171785,-1.4779343806210459,-1.343283338991569,-1.2332118897242546
0.8393242513050498,-4.730125583694585,-4.714373008399597,-2.954542370996708,-2.4389445921625246,0.3974045873847971,-2.4521131076408267,-4.085518243216352,-3.731370821839042,-2.5599548482580787,0.29254936300463014,-0.6653740189277694,-1.923118889338335,-3.214929500750525,-3.355098412833569,-1.9816400540615282,-0.8734272684434877,2.2968597875740633,-0.7043480023869594,-0.8103350372180657,-0.9531043815715636,-1.049739922374508
-0.005345818012219347,-3.382788500622502,-2.9402158848986484,-1.983594260164894,-0.6180731666618758,-2.361760027107255,-5.309933809119557,-4.898726915735316,-4.20442209567765,-2.7280598425998335,0.3969471656353827,-0.41307608536330437,-1.0958016236022987,-3.337404113385643,-1.5869409692323082,-1.317605198395747,-1.737805170289225,-1.769264344304118,3.8998922191487218,-1.1124557031861484,-1.4736023415764217,-1.6780020365594546
-2.2353209694465144,-2.1186716391257114,-1.8256632233576362,-2.5842992886192517,-1.2627168264974513,-1.5385515200648063,-3.834768808699638,-6.336203582240961,-5.112292113592192,-3.47837497910199,-0.17835340296609953,1.0766003586568458,-1.2376476215477248,-1.1955539795303574,-0.8758553578491682,-1.3914999231147143,-2.0830834109804517,-0.3726825554319695,-1.0771148760514904,-0.6604610284996912,-0.35225783660259063,-1.2085723405277708
-3.744020356217908,-2.6171446440196577,-1.7604567674267115,-3.3881118949620688,-3.918591121930361,-2.7382737495230485,-3.8868510820044193,-6.1879369271200435,-5.610308143246038,-3.766752500996179,-0.8607951054052363,2.9525490697273415,-0.8967274805268258,-0.8920257696739473,-0.6837988541474048,-0.9729571618905528,-2.0711915738621456,0.6713798836506772,-0.5517814223877673,-1.2728213986706274,-0.5684462340072718,-0.7054042320829286
-3.359458981804356,-4.001933626934266,-2.5122741306149705,-2.3532162208796734,-4.339663543975596,-3.662541520159845,-2.5298491409836497,-5.42443582032117,-6.150237298793979,-3.7990483834884317,-1.959687809171042,1.3437203487019769,2.142270651850914,-0.5672342522178792,-0.3556892363012635,0.009734006404710104,-1.6997582535115139,-0.8692310656997019,-0.3537757724469572,-1.2157966470055825,-0.6491739236686033,-1.9138602737237163
-2.743792249182245,-3.435554545967256,-3.0827018076598764,-2.2529435596696517,-3.7669200457898215,-4.567369660372869,-4.004470457936209,-3.5370031480191892,-3.8451984475568333,-3.425569522471373,-3.2730926887576843,0.10307196575980539,2.2302291285420064,-0.6238641244497978,-0.722293310503887,-0.4257224902453566,-1.0798558353044148,-0.2948185362487327,-0.4461002054596816,-0.572844084435307,-1.1086951015586441,-1.567886409602476
-3.5593158462676153,-3.6935045748141393,-3.5013332751951647,-1.6126696479493288,-4.316817716543761,-5.061390119268339,-5.405411235043993,-3.9635741676345133,-4.082113530503274,-3.589149729355462,-3.108785500956652,-1.6292619799748742,1.8464142139493862,-0.2689368760112802,-1.0974590278153482,-0.5616891352554468,-0.09588819013833043,-0.33658819229513826,-0.4675656288795404,0.20828174625828866,-2.0180626795849888,-5.179272411650708
-2.697382286707358,-3.963853808418012,-2.611117035355519,-2.055142163353389,-1.5568331993134803,-3.163545230519614,-4.9781535201778,-3.8323665480763403,-4.404996836094731,-4.109205774130525,-3.164670116824605,-2.9342895352457647,0.2494559468121472,0.5166530657616312,-0.8279791338807778,-1.1874694410344049,-0.586107228712191,-0.6533966006858037,-0.22037262560492243,0.01924075562865327,-1.8446524341080919,-3.7210938833592526
-4.3758510884801955,-4.199482494738988,-3.1850932699778918,-0.3161759501815223,-4.603740206061881,-5.742767445061886,-4.334969766872392,-3.992488063466396,-3.6477029944014023,-4.864165989240182,-2.3301443628039404,-2.3965810191044894,-1.7459532550860453,2.6458017447223985,-0.5950362998080286,-1.1797448431319122,-0.7857027354186571,-1.2527393143329133,-0.48390395526298313,-0.4030934161036998,-2.998115078294394,-1.4230913557981077
-2.435312162563645,-3.9024923165507297,-4.189048982891695,-0.7075925768976657,1.285104524697208,-3.903609218788664,-3.106679699935295,-4.763168497657059,-3.5499219162646387,-3.2994619478337013,-4.782321373460632,-2.882875705506163,-2.7053013086112254,-1.133622206697727,-2.6783568796290873,-1.035492544863225,-0.7420865091271657,-0.08904538780944614,-0.1655996054393084,-0.6040613211108614,-2.0051263431378126,-3.234094209572295
-5.558093852667496,-3.965765264682192,-2.1778200205588374,-1.0130010460035743,-0.37453665028296984,-1.4261222552217687,-1.1297667445400665,-3.376761131121716,-3.7856085232870367,-3.7870879137470617,-5.460089139253949,-4.218238885633747,-4.898704151536736,1.598204186233288,-1.036704257149289,-2.3477393900100405,-0.9168368924463937,0.25296304172305173,0.4690720670073063,-0.5042831223454133,-0.5580108149612498,-1.7570947492318036
-3.413564765684455,-3.861912421881449,-2.9790670878774628,1.046112135987643,-1.9294603381954876,-0.9013579369906779,-0.7172840759529868,-2.380570034341779,-4.119458187828669,-6.30939617922112,-6.1964606375920015,-5.477766186988289,-2.293829800454958,-2.1492337643662096,-2.0369908915614605,-1.7785795296951576,-2.1862139636581497,-0.2146454140716275,0.9964191407668745,-0.26997819750395785,-0.14875498226457518,-0.6305858619609047
-3.0477284600499708,-3.498291837066722,-2.715828047742062,-0.8449024500478912,2.7498628286998286,-3.408896252510031,-0.327874346592898,-2.7002410000050183,-3.073283519532837,-5.466103012711302,2.119464858203664,-4.739096849081911,-3.7142365101852683,-2.8252975843456443,-2.1061962523056015,-2.882333160523803,-3.14489800774142,-2.44242297378799,-1.2464916402889565,-0.8545043590064423,-1.5570993264533035,-1.0874544605601308
-1.4536469297941368,-2.6336973036670805,-1.6317679399038398,-1.8729711242629248,-1.4518293651025702,1.6496784030161538,-2.2615790649495597,-3.445094333123889,-2.076259894274282,-3.7494896685178105,0.9708446609438576,-4.667107917944959,-4.037257255736293,-7.035290256000004,-4.213962312269968,-3.806299753632438,-4.414401540695091,-4.977602051828425,-3.3259659521618996,-2.736671845429758,-1.9404870367467315,-0.9902953908153045
-0.8473593605602414,-1.2547877658234785,-0.9424072397169505,0.6115465822122602,1.4334276144454583,2.6933829403530405,-3.3020336995675663,-2.487901646742384,-1.7898082682286423,-2.1324939397657077,-7.386716403795898,1.7302922343453269,-4.112074562140093,-7.9653544265200455,-8.005938483868562,-6.2183656775160525,-4.7078173224945035,-6.3013387060254855,-4.870018105833857,-4.2497953857615665,-3.1559888639064058,-1.683224873115791
-0.28625565894338095,0.6313836855207035,0.31666282481798236,1.5472974321329398,2.132799345123323,1.4457509701694173,1.8894091354590987,-4.224408416295116,-4.40662881472274,0.22245276767877054,-7.624576427112024,-5.621462383664148,-2.7215396646863845,-6.4090240132229175,-8.32810812772958,-7.7192405654826075,-7.383946883236017,-6.541180170741335,-5.221654420643359,-5.096669915228119,-4.495933119373941,-3.074670446598862
-0.18101364293183822,1.652348612780734,1.5150204512159204,1.8070178318633074,2.139514579290731,1.8865802242714838,2.4794129041261947,-0.7626105074995366,-4.008438462462324,-2.5179633783774005,-2.9308215699763926,-2.1057198245747557,-3.194214930205995,-3.677017167515856,-7.349148452975535,-6.760085147103103,-7.2676978589436505,-6.463891425716454,-5.885044563638377,-5.972595397154936,-5.213560188047893,-4.101724392376003
0.7326741962281668,1.0143519446199036,2.9765710543423944,1.4304894326784028,4.052307006831683,0.5356518680954208,2.5072887822334007,-1.1585765392986165,-2.8408494664209014,-1.927514632199506,-2.500419103521455,-0.9320031129226958,-1.2715268534080117,0.1756890873134353,-2.7093655014422358,-4.828150101971144,-7.5928726248360805,-4.673919431870206,-4.9794262989978,-6.419920981875687,-5.802063809411499,-2.6751438043688394
-0.3139195791105272,2.110075674396141,3.0868090065850846,3.365012837921874,3.6569068853515274,3.462893652299077,1.8946152664059643,4.39269122463094,-0.09778622154700504,-0.33818196601703326,0.7277411665584491,-0.21676943558197848,-3.871348121701803,1.6152705049971945,-0.3362597870806436,-5.123356808363911,-8.471947703755827,-5.233345163631183,-0.8615820283368005,-5.293835978150648,-2.1955984030012288,-0.3106822684287984
3.95992461561931,1.1343505024801905,3.3776444425712655,4.826812164937826,4.839893138457725,4.694912165643393,3.9323177085647174,-0.3647989247428269,0.27190249656263066,-0.12764594579191757,1.204370040952983,2.632529496528314,-0.6896266084435978,1.0841141761405948,-2.176338443724497,0.7955702926152193,-5.364132698018469,-5.839625917096847,-1.883803235650534,-2.1194179359288836,-2.087205822769884,-2.895291055832759
4.073720906967091,2.240803318903653,4.686413334224198,4.374377166473103,5.567287495754594,5.803412253969989,2.406540313795284,4.098350081908955,2.717157281782074,1.4691158451054354,0.8671394530790394,2.518861334346673,0.8614510811092831,0.5899002506080379,0.8910201843054307,1.6660740046816473,-5.890757678273274,-1.13452954839288,-1.8921588977880222,-0.20408878505722974,0.7138282690955863,-2.146601494940766
3.6814654486183875,1.8143412001146966,3.7163551105187036,3.1029909585869366,3.755727106981129,2.7111499852043917,-0.5423850244217705,2.653152561246801,2.844644395538859,1.554274328572452,1.0593203579459078,2.382749872044685,3.184499710834651,1.0201960121500413,1.726608798193545,0.7428813667975788,1.4981673012452963,-3.0539380184075187,0.028316101297952305,-0.9739963159655426,-2.076926142588722,-0.5753558901582921
3.200889417385121,1.605220958830086,1.3726148669016338,2.742000662714493,2.8436213816069826,3.765386665558307,1.4383909253593086,2.487769002681981,2.5378127312654803,-0.6419645545815393,0.07164619550728095,1.3890878463110183,2.7548169657695145,1.3326301556332294,1.533257080289751,2.229151832121442,5.010050971492143,1.4551824221537764,0.8739265277444215,0.4210255479128623,-1.5902004855492844,-1.4528293642307069
