script/wind10m.json
{"header": {"parameterCategory": 2, "parameterNumber": 3, "lo1": 6.000198445256149, "la1": 58.999992894266676, "dx": 0.5, "dy": 0.25, "nx": 22, "ny": 24, "refTime": "2024-04-20T20:00:00.000Z"}, "data":
[rows 0 to 23 of 24, columns 0 to 21 of 22]
-1.277489160173717,-0.3825709203827302,-1.955398768600287,-3.1828093279163276,-2.521462620736528,-3.2460547857353967,-2.449353583242303,-2.2415699583722715,-3.9106030986371287,-6.40018205616388,-2.442359530883038,-0.5533749115787718,-1.3805175009444437,-1.7665655222038121,-2.519577037584185,-2.726493847054354,-0.6061747069151527,-0.3382473123029918,-0.24883627527346916,0.23270366819790572,-0.05848802659131912,-0.5588051879152552
-1.0811034472204986,-3.061949523350446,-2.204805711122423,-1.8298610511846276,-2.430488715204626,-1.1034433364628193,-1.980075645730206,-5.194197889087204,-6.6780699382249615,-6.031199845104335,-3.999969646403894,-1.0298214827524272,-0.8970439049135536,-1.1520865375958071,-3.3888472853967215,-2.546688304515173,-0.005834764475620557,0.09690372449132625,0.13546393289494105,-0.4788680600178517,-0.49388418637351783,-0.8388780573873413
-1.7946454887943903,-1.2306555677501945,-1.037219202023068,-1.5212387814503712,-1.3576975754209037,-1.6316960564226317,-4.309517220007181,-5.844707714847462,-6.661900461123715,-6.974870028809583,-4.446496443910653,-0.5277414071365046,-0.5727138561771915,-1.944578436909864,-1.194119651123481,0.33687587021778487,-0.07174432351083591,-0.8275128570649775,-0.007801911002673799,0.19201724673912102,-0.46389943136586986,-1.0866823659307632
-5.450303823245693,-1.9416144848562298,-0.9837728663464906,-0.6437317502980086,-1.7905245580870675,-2.069851732949266,-4.748823323809326,-5.342611437134598,-4.341537133488385,-5.3466372383068945,-2.4772526049205603,-0.00716276880651857,-0.35308715389166967,-0.36994582398256437,-0.9027986208781011,1.0424193128547532,-0.43352204962820007,-0.8484061862583133,-0.08402182752281374,0.11515531963881438,-0.7109622859389966,-0.4339221807473818
-2.0758584277063985,1.0148079198000854,-0.09206733422519944,-2.4120002417407416,-5.033471610488122,-6.242903069358926,-6.5380449105361045,-6.14044617657926,-5.165548350016455,-1.574243958981051,-1.148574885806034,-1.7794653067788566,-0.49043614311028394,-0.803599741967409,-0.021469552791854186,-0.3372307853597179,-0.8891819221781689,-0.44030687389483814,-0.05055490641818985,1.0277881414853114,0.529018460722163,-0.0056498334361868435
-1.1287579285568679,-1.0944277333310213,-4.2941297969696945,-6.109091214958184,-6.576850790392053,-6.288500826371471,-6.134445447384122,-6.864201823845198,-4.087628120319417,-2.414710929990607,-3.273236700975174,-2.3047424865680086,-0.6755621299485386,-0.9268990631544776,-1.0657665037910264,-1.007695734518783,-1.127455725457291,-0.53741876970785,-0.10479315164665924,0.1483919909071024,0.3342569843496733,0.12677114545554893
-1.3517609702163407,-3.2445161190323173,-5.564423913387356,-6.22115284116239,-7.116657021033387,-7.273628835109122,-6.813738002018839,-6.824876770740038,-1.184238175442418,-1.0361978942660812,-2.2680903257237417,-1.3312115787388736,-0.5262850930968356,-0.08551083409459351,-0.37736043081022885,0.31610550643365076,-0.8863990036769102,-1.3027564840122794,0.5394637341688051,0.6462808483336526,-0.3781303122952813,-0.3023830567911666
-4.023402297822887,-4.572616144017507,-4.568796069324712,-6.112561212106758,-7.352370625028432,-7.323823009079124,-7.20301844687462,-3.89754043210384,-1.3856140048628824,-1.1997274820885129,-1.064040009960298,-0.37249371893555455,0.3342128010474273,-0.3432562461222643,-0.39961071308588125,-0.19719737492928513,-0.6251859903730435,-1.0443491827703901,-0.13629237885250958,0.5758829764946246,-0.20329214836464918,0.74654056394788
-6.4522776961793635,-5.644681428544814,-4.765048331766095,-6.983114115477133,-7.25799685046171,-2.8760104768679775,-3.784989324610315,-2.2330513735604027,-0.8081941178701334,-1.5143691557556935,-0.5771312711904406,-0.7109173475981978,0.6333731706119141,-1.1840009880502103,-0.5616669939588611,-0.5288297067274662,-0.7942339466003112,-1.1622252750439084,0.7202957202346689,0.016158367261370963,0.21087225484557853,0.6282419566191055
-7.255998836255841,-5.452333934986411,-4.645814870030648,-4.659659884882738,-6.087680552282111,-3.513755153719798,-1.4582035709674739,-0.9701086931069081,-1.1531993852109859,-0.1764496041422932,-2.0010360255972293,0.35363522368652633,2.0942670077748367,0.20465788275609367,-0.5109544835535117,0.026480592854219973,-0.4901338232303815,-0.8063128850266604,0.5367178468714148,-0.08634244185358951,-0.307041586504777,-0.3658693949155628
-9.17410884157492,-4.815054373046237,-4.660060413989699,-4.908013923497853,-4.499468297090124,-2.8770202997880627,-1.1536979741055855,-0.1855977181192438,-0.5696641729650549,-0.43034382591357434,-1.712509114267224,0.27678565504960706,-0.7392841008576463,0.2247922823644351,-0.5117574708902096,0.003675276986662306,-0.6293816335303625,-1.0542542113724316,0.2505175633010921,-0.11637484183813936,-0.4964679959832132,-0.49519657742738443
-13.571329963886141,-6.007097138829394,-4.699502879111785,-4.756507718033963,-3.448108065057422,-0.6917575869561755,-2.114658324290134,-0.7141988588647846,-2.791802120687874,-1.3187021249173938,-0.42463120546130234,1.5569416663992934,2.4823577310388036,-0.17868978273668581,-0.6441870440835481,-0.38385848900065445,-0.5173717185473277,-0.8861503824228626,-0.45963616519407147,-0.3852417555514798,0.1492879812883483,-0.36605388833981406
-13.736957037753275,-10.047665433919633,-5.6099300998730905,-4.9244363064439,-1.7107700858601635,-0.8323016836001029,-0.3184903942850677,-0.7686329212102047,-1.4919314047416627,0.7115661420733481,1.517679804399061,-0.056945949809754454,-1.1842137037754454,-0.6192745384215416,-0.25501114724260837,-0.33735833687515965,-0.7531066979467106,-0.49317155439849586,-1.1337613467393044,-3.2661806856559927,2.1957915529700465,0.866473737086675
-12.847745134025315,-10.54307470633275,-7.65109087570437,-4.008591703537952,-2.291002811079561,0.15425813536216482,0.46176020831086667,-1.202175919232968,0.19246672326526934,2.6125424190077737,0.9776567979601836,-0.13468731040123552,0.482584250873481,0.6591970149179226,-0.41466616572310105,-1.673469869034339,-0.3239806558033932,-0.36137640828250883,-2.7148124213513865,-1.611408844240189,-0.08121307924101673,2.681743895922727
-12.43661903676634,-10.453321720355904,-7.614249804356531,-3.9805398977089146,-2.7533471140487196,-0.15043001367140282,0.2034894538845841,-0.3052795237734496,1.1465391743953415,2.238073895580055,1.2198765249501013,0.678538779492051,-0.15328181565611423,2.877891202041481,0.24878990680050048,-0.5477788904506952,-0.5454316669309226,-0.24912765831981284,-2.761775908254348,-1.0174833211774836,4.86283546322833,4.489809040693583
-12.226380446252739,-10.71671795754935,-7.921995636953149,-4.7286257931094156,-3.5211996663993483,-2.480969505699253,-0.02887111196352715,-0.1348146659239926,0.14372304558144944,1.1328709123597285,1.2761451855133448,0.46355233131279117,1.3424112820768481,3.710846866525921,2.051206345950488,1.011131870526977,-0.7649599456891082,-1.8558469155980537,0.41873157355355217,0.7742773030502267,3.506398002317806,3.4877790448071018
-11.941512751524213,-10.755249776965005,-7.875608100780936,-6.353718545500811,-4.027107383667738,-3.133784730325205,-0.30444064036088847,0.06535942412625918,0.38056431871090657,0.9539008637038603,-2.0061932964311566,1.046122787396489,1.2360184093438629,1.9587830616653201,2.5591999492885003,0.6999344047241457,-1.0119905518921943,-1.3668696865338825,-1.0440362192401733,0.45784939917808004,-0.045625145797007625,3.250971248833851
-11.997805721069572,-10.605902421047539,-7.863035695100106,-7.160985237536773,-4.699355914843203,-3.363018709420449,-0.09522607210873806,-0.6238065611437442,2.3385574657596493,-2.5444956729166077,-2.2109929039530662,0.831551870737383,2.1517515735713086,4.26735289018719,1.4980992340602775,0.9183371856658157,0.27844822161217264,-0.9621243349209734,-0.7550715153418034,-0.4225662819736863,0.21545599063297047,1.450619480654104
-11.679755188653006,-9.824069843922627,-8.457102149233673,-7.021110720462395,-6.225410605769044,-5.128617296204058,-1.5786319570559666,0.7810626614728148,2.1777920354810596,1.3476397607723227,-1.0526532278604923,0.9690125152704472,-0.2856806277736505,2.1099412609749795,1.2967195510898244,0.4105314363398568,-0.5476635868697572,-1.0551742264150623,-0.3651571342330802,-0.5555959276125523,-0.8351110944115414,1.036264841434338
-10.058620704703978,-10.25197986470226,-9.425828506739801,-8.262731371820724,-7.092694519738888,-5.820594328842503,-0.8675707475494789,-0.6602084072379791,-0.0873763333108865,1.4972277659837814,-0.09257684737170306,2.3287156414840706,3.486913557580765,0.6880463510135143,0.4571350917643583,-1.1486099219503965,-0.028061236181109794,-0.6417544519030867,-1.4912917309012268,-1.7763987918027855,-0.7264627344473242,0.6606032079502414
-10.191849835565643,-10.946926138842427,-9.394399371824017,-8.60930842449036,-6.7505232536138235,-6.705906281711584,-1.7681366780301786,-0.9434849621230342,-4.115292121712222,-1.8498920566058499,2.402936592902994,0.9708668910261332,0.12046396789126322,0.19890402340498667,-0.08821927509591611,0.054284825236130096,0.7819325999972375,-1.0455611167482497,0.576212419735135,0.6383745639463052,0.061186066920606956,-0.09337159866532128
-10.271543460089083,-11.172361873326714,-10.359720748275118,-9.426288260989539,-7.573077648792158,-9.780862611495948,-0.7947352026466852,0.24507403419255003,-0.3219339777804069,0.7518639846488877,0.8088092684267046,0.17251795902052533,0.2639287549144624,0.24376211545139553,0.17879410522350866,0.09967493702327355,-0.053261171202747704,-1.8096963721974964,-0.1381654646254562,-0.1387483269757444,-0.959686964234103,-0.647878923255554
-11.262283288932197,-10.752109036439283,-11.641665270863106,-3.406918985851528,-4.822188021580931,-7.328943277502265,-0.08762060919219106,-0.3465222057502555,-0.9555379540857458,0.5792541092764846,0.45660480014716787,-0.045683917976958796,-0.6641541194446352,-0.41284847354383486,-0.696973831869443,0.1745394587520217,0.17086468791422316,-0.6729077972392375,-1.0105144786506597,-0.4785585764714911,-1.2385706455880876,-1.264141237576067
-6.200136295122033,-6.245809246225812,-6.779554835463227,-5.153292192343151,-4.013730418478503,-2.0911994617657887,-0.6906970754396999,1.6681633158418787,-1.127641499643138,0.7488928362276253,0.4239028396598709,0.13233641361956075,-0.786736336096043,-0.26062047514969194,-0.5698911534933034,-0.4115779886345022,-0.938672668635225,-0.6630764329302473,-1.1239944475420438,-1.0029534030854084,-1.0929311158681478,-1.3987602618236417
