script/wind250m.json
{"header": {"parameterCategory": 2, "parameterNumber": 2, "lo1": 3.000054539987559, "la1": 64.9999836372058, "dx": 0.5, "dy": 0.25, "nx": 34, "ny": 52, "refTime": "2026-04-06T19:00:00.000Z"}, "data":
[rows 0 to 24 of 52, columns 0 to 33 of 34]
10.141455134873867,9.74583161348659,12.799801744978124,13.32487366197984,14.128415798872194,14.942160968855525,17.091527828379807,15.60034464900121,14.504317644565285,14.635888267257386,13.341771762417379,11.90416938265485,11.276570324441002,9.189896622922776,9.310861859787119,8.999443353554183,7.577205703976952,7.422685531393951,7.894287539463193,8.1613315937333,11.160345605051461,7.770954517212137,6.628279543801381,3.2723439891872546,3.532897774818102,2.5509474725857384,2.6663932277447504,-1.2322138099300872,0.41482642975733247,1.3313560323877214,2.09435084660358,1.3701184926889327,-0.8924121151843429,-0.5314908847602643
12.951951356731179,12.799191453556837,13.91250154630987,14.574405215715906,16.27813005161701,16.896015791201563,17.24715087425046,17.705498053414335,16.68362636408472,15.288882350013331,15.002790566425569,13.55184368547861,12.07717806171168,10.759551085063839,10.46311801121676,9.682019949441758,8.801659578711194,8.468944182432839,8.750691552039738,11.395919434363487,6.996021618364593,9.05886328343602,6.613712747954337,7.545649784358749,5.173865394906246,3.7910646296504056,4.264949962162859,-0.5214494390943653,-0.00513723051414853,0.8201366308676562,3.1561780188021986,2.6685988602087236,1.0838324473169818,-1.0506818095963637
14.58214443069862,15.382217712205824,16.458982380468154,17.130497732509976,18.057418833473623,18.369349791424124,19.031185596065548,18.11551859905679,16.888414778400584,16.057621158153598,15.846078390601608,14.985407703189999,13.969311361748547,12.287146054384088,10.826884636553226,10.87516166619369,10.110806766539548,7.375034515765408,8.626353367784164,10.469813043117188,11.450690541522606,9.256948617614018,7.125854223391971,8.176470170419018,7.007717950601482,5.242106896383292,3.42710708329713,-0.5066205871898847,1.794247451033207,0.2307167152533693,1.4394538439352658,2.2870792143862686,2.208839668123013,0.2099388406469645
14.064153332214207,15.487796748792904,16.199468671921416,16.74349119575979,17.630681656041684,18.013623860570988,17.950397199192757,17.48216059323829,16.737448184341098,15.9861201708624,16.277850030880284,15.493845526400635,13.88059521713898,12.327257337501354,10.95076941605407,11.146944179576089,9.718440832378612,9.525555242036107,8.873805975134575,8.590311135791934,11.281992590567302,12.265684376119134,10.187053105076364,7.58587596506498,8.984349796261293,7.7936831385631935,5.021987648420487,0.7859342030086299,2.433061137310168,2.679233484550118,1.572190282203551,1.6484340539582176,1.7565975183746667,1.6884927526924094
13.183973596091255,14.29091118661756,15.372144937591857,16.37114009591992,16.786187190466908,17.46026334248906,17.452560821674574,17.040152013879315,16.04084883462191,15.670037802000536,15.414568322205673,15.035606243893689,13.456343617391765,11.319466761047106,10.17287203701571,10.744611777735296,12.6929641614406,6.166858357615704,7.566023393329488,12.351912215088984,10.192412999242759,15.145329319269525,7.439535212973715,7.128225064886784,6.985613347771532,7.094597945135499,6.802412931292586,2.688147895181312,3.8148288776022365,3.735521729986482,3.1753293932547764,1.825283654282665,2.140533117726983,2.0925765323737817
12.130411232097039,13.03243873021197,13.768419408868247,14.561921878845343,15.473654335780719,16.089616476584126,16.271609316290352,15.9571253817423,15.318467557519444,14.86939816748856,14.426120869394264,14.079032220452637,12.334637238456285,11.018812735180184,9.548571880908648,10.575493069471818,8.709086702183834,7.433315310832058,10.978654451920029,10.006744289979391,9.552003477724126,10.509949434400538,8.537199352438368,7.616120504399699,6.390563000870739,6.7610319899554945,6.497500977058785,3.485836475018269,4.265545191250349,3.5403257168780238,2.760644770037257,3.0865103721730223,2.533548481758061,2.0781412443754292
10.81054729868379,11.94549723077406,12.567343893643507,13.056575869860565,13.666762293732035,14.246076177745879,14.634219917404623,14.602552168299425,14.239610918773687,13.873421886686266,13.474656215663947,13.557600735639085,11.862042357866574,12.632660715048928,9.831422257608509,10.445234142700038,9.372137401901188,9.591615178029256,12.241175552202742,11.346388543450843,9.252684257013273,9.610781473003678,9.600882255056817,6.7736114674452566,7.532191625567098,7.65097004057326,7.254012455148243,2.671989508807958,4.603135110817878,5.182396399245755,4.653765660944578,2.9234845326481183,3.0446276679586592,2.2844351169683947
9.291881699296864,10.305561182222805,11.060726142410765,11.76209274502156,12.306294401348735,12.56946422977492,12.838506071927425,12.657149174868726,12.662192327507919,12.64656756045941,12.355160778274806,9.38955060781715,9.789802833266862,15.298779368890813,10.202384439654395,9.699137667890781,8.333235001865988,13.112614940661953,11.224831234698716,6.950990073903766,10.879261603901254,9.29155679834273,9.559071530275265,8.97634558544484,8.59701643209152,7.725287605033055,6.927022956816968,5.327345986038319,4.829697711957809,5.456674399684576,5.2111161387918825,4.450553946366456,3.536153488454891,2.735520094051691
8.311449379846286,8.709398568294198,9.119824386914722,10.12402505834724,10.98571041028768,11.186925369076409,11.252253601327078,11.17875776049154,11.10715179699875,11.34641071954508,9.500712752002551,6.778304914842425,13.127353595974327,13.334320768592947,9.457885577372538,8.121115939298097,10.286056004892187,13.292961908146518,5.925504146939465,8.216814666097276,10.844867377094694,8.966033903799135,10.539663032828113,8.585652298603174,9.522550462704581,8.352117851949393,8.581464726206537,5.059272246971552,4.955755072576664,7.157038597239265,5.5655424883161535,4.99134310890311,4.34352458974719,3.2080904697461667
7.022179789708129,7.701716881341611,7.8398173734641885,8.360123969559252,8.816260760436585,9.30679975945593,9.932999825342607,10.095738350529523,9.763185555489493,6.644298937233028,7.6942815764265315,8.007122813831165,12.764060849581865,15.229093575683384,6.255147134060012,7.399994434930879,11.859956314776003,11.7796272250816,10.758922798997771,10.11680436288594,11.019992780138798,9.1396012118334,7.558804566737406,7.277468982472302,9.25940786847648,7.737201336237521,8.600786054014401,7.145396041368485,4.910738651066995,5.818799118099104,6.763386604225575,5.346026644748363,4.43502071071309,3.7315025476750816
5.963603378357438,6.344020208365976,6.405193078471421,6.8026830288987465,7.418528592992837,8.029271532228673,8.627395079196202,7.126443524435827,10.466907044190261,3.1903045646448294,15.623646426228126,9.895154117456364,9.110235956895664,16.003315774255928,11.846905329204816,9.163239124303262,6.547416890668961,8.312190681081363,8.694332876021829,7.229262080682095,9.950087075160802,9.229373382268069,10.087393685268198,7.317987460218335,7.766087509025191,8.21812870641009,8.862141436920497,7.794735026789848,4.648943653037359,5.511221630466308,5.87519983991471,6.896495763759831,4.949095711571589,4.631574981654452
4.757181737054171,5.516220205801678,5.370917767256617,5.679432146715698,5.759572304702847,6.516531515984806,5.364480909038281,4.820868037398701,3.328801139036244,8.441729649233663,11.93838060087384,15.276405827944528,11.577329562925506,11.012769650041562,9.60332676887476,3.8946084521990456,8.40184515806973,10.385024561413347,7.821680431035125,10.216831983949602,8.614588395737247,9.988418386955477,8.055720852560434,7.585284755815012,7.074940945194193,7.503188685147799,7.670681550734506,8.472073561976513,4.0297530525793,6.875091148588373,7.624911106334562,7.139233517955935,5.516203365687905,4.594240173925631
4.4046987632106855,5.13378963989844,5.51306361372911,4.508365302065475,5.564454611843763,5.698433756697995,5.225993747155757,8.376701126787632,5.754924714298943,11.579740300047115,11.599770535131297,7.373947199672964,14.530577474437163,9.813972357894016,5.558257648892266,8.968368981849405,8.078811827565616,9.568541113334332,8.016104925524445,9.468228459118619,9.71121458967861,8.754131825636398,8.275299156313745,9.432566680937184,7.111305575232658,6.356584856674835,7.220383057139827,8.122745628781656,5.032000364650702,5.787625786364235,8.335744656967218,6.480517825464273,6.319741140553925,5.1411022599181395
3.794596652095943,4.328348102356465,4.74839089540412,4.613667937836001,4.590708211205943,3.979985247902238,4.825898473877292,2.3324737384743126,1.2538256397407375,6.877471321004949,9.739930073019712,9.724724750495168,9.402749673940404,9.285708592644422,10.94848688002147,9.358855884208905,8.365632620412033,10.035790142029745,7.906422094507192,9.062723011346526,8.227200791430429,8.647969385466924,8.879826540415296,8.244390639639295,8.687258260032912,6.5497254028226415,8.893157257257705,9.463413889466961,7.535282213810421,5.283765722677779,8.101404432887694,8.047322641151514,7.435456629222423,5.229004221492312
3.3752956506668212,3.5373850079505575,3.470862476414963,3.4520790900716567,3.820687698149596,3.931326941183292,3.575104870328119,6.890499617373068,4.848092202412813,5.802067084947372,8.126389053096746,13.66945391810524,9.783370594933029,9.75737818877617,9.031886374438727,9.087698969476017,4.30765052858176,10.271688732712958,6.81536526410436,6.693552764146048,7.426216033863801,7.922737868084029,7.528295291806891,8.41068082331423,7.759736702245156,7.194682710785648,8.185173775519814,8.694489275692012,8.439987457761848,4.9934971438760645,7.236133208043852,8.158365914637937,7.083809702087939,5.887558904079169
2.5111085513921148,2.717488643175014,2.772314197589153,2.6162079992212695,3.169593142937829,4.413790784930667,4.163033343745759,6.179162296131243,7.7922831726801345,6.173527139826277,11.809725860969223,13.759333353837942,3.613727422115915,10.280771495171392,6.44563296405192,5.983446808553134,8.900633980556991,6.836464714652962,7.761751050169056,6.886604110101236,6.6865168977588825,7.8757944422616495,7.138747130807417,7.4237948609866775,6.231841625789976,6.56286193295417,9.480707968582552,9.721575045349928,9.23351914004077,4.352195611623164,6.738753008834114,7.447062462994502,7.4227595305599445,6.594161688133556
2.0418717351939457,2.3139335232924103,1.8806836216726004,2.1370419329475716,2.5299666857706407,3.6272131585602687,5.096851600029722,5.553580183738575,4.342109432581417,7.855565026213794,11.763930383212424,9.60988976047085,5.294463754825274,8.221768696127281,3.771425356268817,4.453949162528635,5.054510707169156,6.629075402889577,4.700053207862936,4.8039036452886466,8.827420657304835,6.507151443404779,7.1385613590506285,8.764966540058815,7.431367723624557,6.936002550215196,8.853371583922373,8.92549281581149,8.841031411777601,4.950928330719185,6.285869541862924,6.949811287766261,7.618246029209129,7.09639633639522
1.1922263549824046,1.7777567478506433,1.9620725847253728,1.6394426751194486,2.642363001768592,4.221147439466758,3.8400668449185527,2.1117065270954627,5.61801627272524,10.35615617569114,5.8377590397836565,8.62369813930886,3.478221151909253,8.583413772874609,5.371876134924537,6.3526093957953345,5.025882242935663,7.608864888708093,5.310173409520213,6.379414091099295,6.883297976021251,6.632876466827111,7.099261180883451,8.86229001186727,10.031876787031083,8.055044564055656,7.135554865879211,8.074103881925689,8.053570439678555,4.781708420091945,5.399427462052351,7.224399756397725,7.623924687926534,6.964061674881338
0.4670788647838556,0.3975069159231424,1.06235529681809,1.3867751471773195,1.594891421766565,2.4545145345114903,4.722285545447648,2.9862666012850907,6.5561915046250645,9.90652300502989,7.992024514106373,9.942074517935218,5.221988993584332,5.6005033926181165,7.092167393272689,3.630998617087895,4.452451479028727,5.859869188465479,8.38661146062496,5.883093192190169,5.064991056034863,5.914602402135624,7.222606631667149,7.881441124716638,8.197678053367742,9.931839621629193,8.74662162270699,8.001280580163979,8.268064114466277,5.1991281591785645,5.478760929253238,7.880054330719675,7.947966367738167,7.6589137811333545
0.20115095708943584,-0.560799179088586,0.02854341234393424,0.662342692612841,1.2243328981670032,3.6647023180169005,-0.30671525793558047,7.81107684505404,7.6465523022818775,6.728938536530581,8.111611302494994,8.97279463238537,4.9300606888896334,9.938263180298513,5.468262774898765,8.249466417701898,4.721844848714821,4.882373342682968,8.144049485865553,8.39712563730691,6.655231618935421,6.008386707964475,6.248425737467517,7.653994279782363,7.776338264348043,8.531734296470098,10.434773985812424,7.218431465954193,7.7426642372376016,4.442527528438109,4.833166336799095,7.402381610593731,8.243758964167066,7.611023235609863
0.7269635159940073,0.008851653389080517,0.08351600790722134,1.2782853634297549,1.5724306944901756,3.6485870699896394,1.4983821539362068,5.591958797187316,6.050308047052774,5.616341206625196,7.378224594543611,10.574425775512596,9.775799668788377,7.724506491262586,6.207843608754199,6.808196397536108,7.38688580954689,5.8949590928245525,7.807147980290485,7.908665893204513,8.660279273838544,8.582582382881705,8.500453080210974,7.715497125264838,7.458211836770035,9.992835935877881,9.290304972173097,9.706860831419386,6.790947980278466,4.607032068197486,5.672084154229096,6.805812812187593,9.326116009095067,8.248067546681577
1.8607868877719531,1.2909233003342864,1.6403528269975758,1.0835791237889192,1.3285494195122252,1.7762871158119276,3.1051070288532316,3.4960356650070303,6.012474783689735,6.392970536160322,5.439350795946358,9.777343935752862,4.876109061884925,7.475789339896712,4.714245414721352,8.117204518095214,6.763407612846853,8.384601028289278,6.66660103977579,8.635180026353577,8.487341721934603,8.111015931247968,9.42653948641811,8.671110310434035,9.467551412057611,8.536315136277096,9.494193414191484,9.967925454510068,7.706732924255042,5.290126747766928,6.130212125946013,6.7196527417194645,6.854143765260794,8.124951859887622
1.9499821913151067,2.0441518141197417,1.9942643514396496,1.5642232542757355,4.041089892061725,2.9015614911590055,2.991193950578677,3.189395899799199,6.973294439704167,7.261449657747834,4.665689584708701,7.45968008160749,7.066978527209959,7.898100014377317,8.817254805801037,7.921278036179917,7.356902564086999,7.403834652434787,7.246236959493251,6.391390471408539,7.006610021640799,6.046213558197025,8.553754291610765,9.119910471772755,11.087034865559648,9.4956751428065,9.654261891323351,9.605972426733336,9.390667522501527,6.583053265160182,6.958712278959794,7.216606542618851,7.814082937585209,8.90906532064313
2.288509855926462,2.1535896991288426,2.9647455204665216,4.23910433015124,5.446870058628059,6.207146642836895,4.803913206668766,4.4149189712827175,7.482624385032015,5.598898753671003,6.254654695505038,3.8955276364822455,9.889013735612231,7.6517979393694695,6.6943297052015645,9.339601129962624,10.062974729616947,7.79302777896775,9.045229636534478,8.177813264034082,7.050736363295493,5.759572944787716,8.314620573086707,10.347247698077428,11.066102679228306,9.85291362179476,9.478721534519304,10.225521891642398,10.180138458030873,9.464336007198128,7.587065364528852,7.562650297418735,8.354082518482121,9.976565142139847
1.9630823048170838,3.1235750410000307,2.288636909265485,2.2511852193060355,4.003049471870361,5.580817370560965,5.199567691677641,5.440261107652341,8.37176215767916,7.547611076582326,8.068904806179034,7.075241549489128,7.147849626895153,8.561625364475805,8.784276916419932,9.334207738013166,9.40380604993247,9.37487877617063,9.259565953874693,10.310323229665523,7.582390588612817,5.753231928365244,10.271891618947553,11.439168741906022,10.949356248523209,11.214047122923573,10.283819324803632,9.385700168784785,9.885464794288698,9.805297068484927,7.288918483455192,7.287428630642111,7.792737890025111,8.865547636788557
