script/wind150m.json
[{"header": {"parameterCategory": 2, "parameterNumber": 2, "lo1": 6.000198445256149, "la1": 58.999992894266676, "dx": 0.5, "dy": 0.25, "nx": 22, "ny": 24, "refTime": "2024-01-21T15:00:00.000Z"}, "data": [7.811574172681953, 9.834455756779882, 12.932400766824918, 4.927270900201389, 6.015382035514649, 11.83049805390957, 6.1073099346511475, 9.981302491693754, 11.49566051685383, 11.510468729857793, 5.391996643891322, 4.967374550504149, 10.351407211983005, -0.19982529826331033, -0.6995551293900353, 3.2772746074413392, 4.280181941602452, 0.7012781577261782, 4.588111074975053, 5.797088113183991, 8.138221507025154, 1.6265927583045603, 0.005179803715485544, 12.02713404252228, 8.725335857132198, 3.898113172682228, 6.854192219225893, 6.437284070522583, 6.102322018957324, 8.648680640073762, 5.696453946506793, 4.763536221170036, 9.337445741461792, 7.732093697214153, 10.82764734031506, 13.02550648104588, 6.794844322559952, 7.573485077123017, 8.319330340927976, 3.4521238351545978, 7.0676244043426335, 9.69474082003904, 5.371127139114402, 5.795322738077959, 6.804215877501429, 5.660449942509652, 3.383118684048329, 4.895431947068915, 9.531975282952084, -0.5971283039974374, -0.9662747311947711, 4.135048894646848, 6.718076874678584, 9.472842628798832, 5.3829024017671125, 7.1666062946921185, 3.5836361254769464, 5.134497917022252, 6.765876583344832, 5.173637924093903, 11.342142886012823, 7.078580842027077, 4.244760146137506, 6.490424527043793, 7.904379002340418, 3.5093304518875224, 6.6359287269516, 8.512530657591261, 8.472988009875847, 3.1373600493944602, 9.825867884531974, 6.37393326481269, 9.016680249587187, 5.6661459603807804, 6.869946199068262, 5.818492003134516, 3.0168887660619936, 3.666074723192739, -0.604507565630169, 7.5390765975379574, 6.926118637375452, 4.132445864447634, 5.585686642746522, 7.435101236367871, 10.744884397625176, 6.284152478246154, 4.989040575532742, 10.37978939395356, 6.721994742478581, 5.3690606996295145, 0.2639885273234293, 6.74678392669261, 2.1585658714832534, 9.238778974512371, 5.56544766192149, 3.2240017554708467, 6.917395944025437, 10.938186189152916, 9.296662027821533, 5.091144214760082, 6.848748604973765, -1.75864859888281, 2.601084486314934, 3.408889093676254, 7.579823518100182, 12.713752081953169, 6.3803620061037885, 5.895777338447241, 6.683198938808746, 7.746509100963141, 7.486154976987218, 10.915004296631242, -0.30144691557622944, 5.506863446399941, 11.638041523180403, 8.671385643667508, 5.013689157557458, 10.182443143644537, 3.4605846551778705, 7.12037226043049, 10.292568710422428, 4.39097667058114, 8.522716381341805, 0.19755270824647628, 4.822915619907381, -0.9806989018353499, 0.901887874842476, 10.415021974299867, 3.3231997522777355, 6.867200125531227, 6.563849130013248, 9.186210268976332, 8.521350340937381, 11.353516384304275, 7.26032586070505, 6.648325341893393, 7.988312301905377, 4.956157158445697, 9.221710187834555, 8.072546008729393, 13.32612506806785, 3.837987894974363, 5.625858822357132, 4.788810856076277, 11.589375208089745, 7.951691162236121, 12.325426048124628, 13.46277856989183, 3.646227212729349, 11.833723044865248, 2.5107012865782523, 11.619025457205286, 4.018679873424749, 8.536427095359945, 9.681808518141562, 4.312567025464837, 9.08716188352962, 9.132312164912785, 5.288287810370167, 6.006684352953932, 1.9134020989258944, 7.237086690539313, 11.355305143121267, 3.0185636220608063, 12.514576918220069, 11.034418786673772, 4.490249765691162, 4.705265515785108, 11.545726942025762, 6.805385225614302, 9.178206105001985, 11.639363043428338, -0.6645699981839989, 6.920568400135137, 7.060548509255062, 4.479005359963172, 8.442310296818041, 6.640184280337668, 3.2223470386867494, 7.04461979016591, 9.5755529677832, 10.678959720293228, 10.25989230008755, 7.232630930389819, 9.603403177135405, 7.26028482000398, 6.578862523394114, 11.364315929357923, 8.81537239054589, 10.1342148179797, 4.073695639375591, 11.325453655908943, 12.366731035828876, 5.104009450890901, 10.472157032622258, 12.893694577191747, 8.933463854656706, 10.239990162418636, 1.0410096077266313, 4.478126728632288, -1.3713912596281586, 6.01029703188651, 8.361499310654452, 4.732823528942629, 4.689896959057133, 4.036576198754468, 6.252030477503575, 0.03670077049322408, 7.385318182799834, 9.504935660927746, 5.360465791144133, 8.155084500011041, 7.00361288545448, 4.483590506031763, 8.817168935230184, 6.47077412750193, 6.555976268515831, 4.9499879019856925, 8.490121476684125, 8.655987407087343, -0.7991418142570906, 7.611454884665122, 9.156671743776268, 9.03637729366113, -0.13650653702560436, 10.782016857472085, 1.183955240946221, 10.064181694226175, 12.454560540348346, 3.7906126748121913, 6.750450635143725, 11.448075238316164, 6.123360247973209, 7.956645160520083, 9.656933208917978, 9.811077938369296, 6.716166571488819, 9.255970921255901, 7.89081624795176, 4.406209889135177, 5.88155986479814, 6.344304181869759, 7.942381098213158, 9.121796893071833, 8.23348812544285, 5.793477777543163, 0.8257748951764291, 8.459736128430185, 9.104747732719046, 7.199836256127268, 9.799075697786007, 3.8749464807620315, 6.06831964175595, 0.5871114475533775, 10.006854113400928, 6.439866473687216, 5.455471182615579, 3.2061792357549597, 6.44989261262792, 3.091596327990335, 12.635714409030138, 12.128426715554143, 12.388360585199079, 7.414813934354909, 9.51539899388822, -0.008239317634624764, 7.700764844676121, 11.46776662878966, 6.837307239665705, 3.2701366041775204, 4.5074494454219876, 5.664807805719318, 3.7236973818120482, 9.914757567052133, 5.572671959483081, 7.934204797745892, 11.599387073168755, 9.094026116111285, 7.456091229892544, 9.096957521416876, 6.465049228269579, 9.941369761984326, 6.849714292821828, 8.564426164146473, 1.3300110416784103, 4.336328796805331, 8.455264427540195, 7.3382794101895, 10.079394523259673, 9.604851935519994, 4.467359305539037, 6.16810107332274, 6.824250135486321, 9.258504094715882, 7.958968827184242, 9.26089343114158, 5.207999982172358, 10.485867304600555, 7.072511768905788, 6.929504178393724, 9.006312405767448, 1.8884558863177205, 8.774801534557175, 5.331854456638062, 10.953613112027796, 5.612707448481769, 6.733515517600342, 3.781625331306278, 5.400463199428596, -0.16477757729567463, 6.842237022633242, 1.2859704817850317, 3.348466449448889, 7.691576831456772, 5.331737730287178, 9.534073768251606, 3.177993283808118, 1.4476454186235843, 7.934621046261888, 8.845671402163402, 11.844967729908541, 12.116830605214414, 5.484011108413857, 8.081363143938203, 5.084078884623284, 1.9004716245620343, 2.6706988368205993, 2.9528928786268533, 10.0315123828539, -0.7470393092537759, 4.489004159348397, 7.014384443533386, 9.863614953188705, 11.07844059152017, 8.808649870021526, 7.469550491420044, -1.1708653862470966, 11.655301313634595, 5.903132892130814, 8.9313091853492, 6.867461017893259, 11.20801308878808, 5.867651637205923, 6.041257995573702, 9.444442313139776, -1.0926112779897503, 7.107353115513528, 9.20643067785039, 4.943751504421068, 4.561805504296347, 9.929520131114387, 6.751085355056179, 6.767015422149863, 6.5304512216562625, 5.970170118845328, 3.606020855834849, 5.004921247272566, 9.700047075145479, 7.124410440509606, 7.248342705480306, 5.634674413686352, 7.029709628891481, 0.9815017189304736, 10.199287201904044, 3.3673445172642658, -0.920417889955362, 0.17113381720368584, 0.5345338390651242, -1.5618944687869383, 10.916553913552077, 6.173403560107385, 9.591157651428494, -0.1456711826785501, 6.525888831377233, 7.283158960673296, 9.17386811746237, 13.259697272995934, 3.287707376625998, 9.413131567929806, 6.26269904880912, 9.296194225674206, 9.412978778943135, 5.867386232320362, 10.855893078289245, 13.36488441147509, 6.51585786978783, 12.454070699833068, 5.043199688838666, 5.081053598018864, 5.221377698065854, 6.916739392431592, 5.586282448187961, 4.312609935989913, 6.73614881741766, 11.079585066818865, 9.003759010379083, 1.6705419566207493, 6.627100903855992, -1.0528144288363708, 10.966002574627211, 7.746994454027124, 8.116088353601395, 12.023159397863198, 7.624804250650184, 7.913704855888743, 8.663537417952023, 8.082096141479315, 6.706334874692085, 5.373448487334902, 11.373937726140364, 8.196670633634518, 3.760506210656182, 11.272772721714698, 8.993564844852628, 5.95880021714832, 5.54935405614914, 6.422845130559468, 11.043664246774147, 7.262138053072205, 12.837303037865897, 10.324924795668156, 6.49870840976269, 11.01464758270372, 5.438246505069675, 7.385603021479302, 3.7810330495177715, -0.9701403969990626, 2.4208096259322445, 4.623448892840172, 12.694411907890142, 2.8416049941970987, 9.842818339462971, 2.184029103200688, 4.360227068289528, 10.824709137886881, 6.6333044604469515, 2.547199109035845, 6.530168248647052, 4.607732902188078, 9.260137785441795, 7.895482033095273, 2.9806448316545966, 7.95667943234291, 2.076286381862369, 3.6336958238762276, 5.64661743024974, 4.314465797448571, 12.343988016398056, 7.288266822953509, 11.754150852023491, 4.749210056145235, 1.6921435673973049, 10.017112033981086, 8.443616935013816, 7.5513564826582975, 9.12705579307849, 6.423226813936284, 7.5398023796313955, 8.096466683536898, 5.493428124143187, -1.897462120978287, 8.199332187849402, 3.2943878563942697, 5.02892256296798, 8.282644199491354, -1.5189134505772428, 4.142359100460631, 5.4613872329506, 10.698070888004416, 6.099209534619952, 8.528942228991307, 6.919587514736056, 6.9456421166232465, 9.089018992166185, 2.6684782587128066, 10.374802982137494, 7.290375179293556, 11.617279018343082, 13.2625467576935, 3.282387231072348, 6.649672118791803, 7.703082826594719, 9.342282034694174, 0.8346426355515653, 11.134570648624901, 3.362804156010659, 2.2747266612094874, 9.132834773705033, 5.995359411290317, 4.379535646259277, 3.140494703407522, 2.6246298175887377, 7.58513766270766, 4.943437248337884, 5.435086958033164, 6.530443938148501, 11.05800455991815, 4.79337833672044, 10.695758638778036, 5.143631331580103, 6.956388359526943, 9.606811153507325, 11.125314590964692, 10.822923057227428, 3.548929061076774, 9.652263277108036, 6.39702921653721, 8.57937356433969, 4.918622373656484, 7.630357129370767, 5.996678895225331, 5.657274680282412, 6.552745772351878, 11.593752161988359, 7.598424293962646, 6.868946202730729, 6.26635829326375, 4.956534200323936, 7.75497864118563, 2.2334823804629935, 9.751886262544916, 4.813949958233707, 6.274777310356949, 5.801477172162882, 7.0792559046854615, -1.4814010147519427, 11.264260947287452, 12.058841000916459]}, {"header": {"parameterCategory": 2, "parameterNumber": 3, "lo1": 6.000198445256149, "la1": 58.999992894266676, "dx": 0.5, "dy": 0.25, "nx": 22, "ny": 24, "refTime": "2024-01-21T15:00:00.000Z"}, "data": [10.699223144803806, 9.494635405951065, 16.109304144528505, 8.339461875881478, 11.464072768355582, 15.272557708251243, 10.73010991086162, 12.921320567789913, 15.19417078076616, 11.795940108514792, 11.497071124969056, 14.807665843255089, 9.01617351141328, 9.315783278128912, 9.987365976326197, 10.853384620358991, 10.011143448733717, 8.36538468080245, 10.961917448077442, 15.655056698523252, 15.45947681634748, 21.239801121072063, 10.686717315444923, 16.86662346596913, 9.695057085800856, 20.283247901468716, 13.64600250768679, 9.598493273247172, 13.90706450226877, 12.442977341192403, 9.933608666409087, 11.874203451893061, 12.672237135994285, 15.067792371842383, 15.889288285462394, 16.73266468220755, 18.56085713001198, 12.428971746460354, 11.245173540464679, 10.498730129603912, 10.239339662472872, 9.762477883127879, 11.587786808003305, 8.90245863349236, 15.93855646163276, 11.47273490772407, 10.439047576040675, 8.689219910295725, 11.884301201780282, 13.73255519143619, 10.488068764250054, 15.747837179219148, 12.441829731492216, 12.48378589480812, 8.78810896935264, 14.234282636185558, 11.658605299296022, 8.919743468272339, 9.890813072076083, 11.086438351882641, 15.8263511661563, 9.31356430524561, 6.083069804122154, 6.719747918934006, 16.658124059266513, 11.85565879440668, 11.121277220758339, 11.641557029991306, 10.66920709980045, 9.91243428230737, 11.30998590416962, 10.082180141131502, 11.447873532513025, 18.800151420372732, 9.969093796119047, 11.549048272285432, 12.203316585284528, 14.988102853483882, 11.777330168004331, 12.085721504889129, 11.160239685630998, 12.600404276290217, 10.227786224587504, 11.357542657817907, 13.507903012570255, 9.588559871445854, 16.03048201777012, 13.93965430730543, 10.40214866637398, 11.458684583314747, 12.593861653580968, 11.551160643602516, 12.407969210927236, 10.746671749526469, 16.195632767499827, 11.648008775570776, 19.27701377958863, 11.375696406293951, 14.224135872765336, 14.70065570239236, 11.874714282014876, 14.203094501734048, 8.419926527448242, 10.818078746484403, 9.851722147343828, 15.514329185097727, 13.323564484025065, 11.933716182081028, 11.32504628264642, 11.136520631257337, 11.001493388519716, 14.174251163669958, 14.90579265691241, 9.175394840129922, 16.09872009712968, 15.400628389110885, 14.153511383720952, 14.625213312686707, 11.767688063171331, 10.811971407911699, 12.27846270747204, 13.013798937402065, 11.48047406547808, 19.832055073533702, 10.752065174243269, 18.29813007036859, 20.639741726211646, 8.663187666934988, 10.231245687861287, 9.738598681289716, 11.018692760365498, 17.92789459351827, 11.944669223683793, 16.803191171673777, 10.394775711415594, 10.627687364274196, 11.38586122304295, 16.373614934623493, 15.856209782759617, 15.805264731466407, 12.779934929365673, 5.294215826954432, 11.374579306305112, 12.478179613632348, 9.753652273526967, 12.829462461960127, 12.380739873747713, 12.89962829044806, 11.610154605091983, 16.600944830816843, 13.557671401098654, 9.74812025887207, 11.16980180695723, 10.483180099137938, 16.972108442730253, 19.309270600597543, 11.101586095146471, 15.268047123470982, 12.770337816110871, 16.02646208431777, 11.387484230479846, 16.032005177842443, 16.005984620664577, 12.108427701309429, 12.768701973921258, 15.022620371176188, 8.47207159691975, 14.599419502228411, 9.485200810418803, 11.5491065861739, 11.65181878276116, 15.90912600621952, 13.856116534441231, 11.430498504457477, 11.02214614228213, 4.648640018104723, 11.938978539706094, 11.063625017226153, 13.536626619435385, 11.064775713377612, 14.482082751940366, 16.774258855379752, 9.608319890021274, 16.296244872084475, 15.685261608692253, 10.569202607400282, 10.343029094786317, 10.0035947487353, 11.418285231752865, 11.151761872255946, 11.04978037976478, 9.3380759108183, 16.805691307891674, 12.318577796035951, 9.279071953305914, 16.53793880181597, 11.708576620801914, 12.322360264174879, 9.248223133291242, 8.88042269530743, 9.780885230360616, 11.050602208207263, 11.736918428476878, 9.455149956187089, 14.38300810418949, 20.078996546496676, 17.16592840436806, 18.56529552437224, 13.568632248591646, 15.282132800996393, 10.25790402843789, 11.506958360365353, 11.008732544978512, 10.06720422450945, 12.39797863778525, 15.049699700138314, 17.391113824442233, 10.093650008190078, 11.477405176688077, 15.810951706468583, 9.699406366514472, 17.084316346234218, 12.47426504308117, 9.258763836013923, 11.158727714916827, 13.431288924550675, 15.458572088834776, 13.515464461822662, 15.565850691200783, 14.015458229910909, 13.75558931846768, 9.843962374425903, 14.41423650034228, 15.49240589134189, 9.532105617655635, 12.720134180614489, 9.428684951335407, 16.33506099527315, 10.834800623734427, 7.032153058443142, 14.505812194212366, 13.23134384943391, 10.366883433488772, 14.366298100676003, 11.223370063278093, 8.022956014891454, 14.948600748073524, 11.006012423748613, 12.13597031183377, 19.3752266822469, 14.893925163136581, 12.494654075618785, 7.2735926288367745, 11.954502636418567, 11.50750308859763, 9.517121869203633, 15.250869567701908, 11.504058855623382, 10.65318675819639, 20.38828982773599, 15.976195278866863, 12.564397255711903, 15.490216800749756, 11.554880988568764, 16.265343458458958, 13.41264413439399, 15.24413539314282, 12.39776690765205, 15.926343161150621, 15.059196796870392, 8.018432759104313, 11.276226209298061, 12.691978356979265, 10.199085528224717, 19.605329293365862, 11.021120963419861, 15.532823267410121, 11.456108429184393, 11.118937294305557, 14.942102130189653, 14.877963193012814, 9.61064229424741, 11.990017066698059, 10.634060939674471, 15.564083916748523, 9.853096332855243, 10.8953500249418, 13.643949397046603, 9.431512463979374, 12.818280342507647, 10.442814225627739, 11.639852233895114, 11.61863884473515, 11.558803408492667, 9.645792510543705, 9.027810908397223, 10.67605385689817, 12.41063009924357, 9.41442669891206, 10.764072001020825, 14.513547779185497, 12.876880132795796, 8.784658489445045, 9.989571212347702, 15.637213048548558, 16.28971570637703, 11.296222225502598, 20.373755851496973, 19.496927246181276, 10.554244247350903, 11.125837022593469, 21.312857496334512, 8.983660549779579, 14.573421066454976, 14.750831325379034, 10.929544020978048, 11.237724625221274, 21.449389583345173, 14.59962107101831, 9.635397630816449, 15.358848984356005, 16.65316124223067, 7.9609753605968185, 18.222992212406798, 9.483465521883064, 13.5370608265922, 10.723896357094985, 6.3691088704945, 10.664449432414683, 15.200001546161612, 12.192678431978326, 11.062337571984756, 13.287883085806444, 12.731199634273901, 11.054662996317425, 18.09774970190436, 11.222118260143796, 10.44811507793383, 9.737202964310622, 11.897667272922977, 11.229344792566343, 13.699869144835219, 15.189001909202501, 6.473710912331671, 10.432184550531712, 12.532251396720135, 9.698342919039433, 12.876303540357942, 17.798776607626646, 10.42556534869769, 15.000370581147246, 12.966742870666021, 10.008212785295399, 11.428331654635965, 10.0953512048041, 6.692641946336812, 18.239473599209088, 13.16424485522438, 10.512815986967679, 10.73935961289041, 10.483461551624304, 19.59303679818213, 11.294460397219545, 15.56421726350471, 14.214142596180983, 8.979678831396251, 14.52460653120824, 10.544404684655214, 10.842042055182759, 13.599749072288216, 11.41013019512166, 9.261513681089527, 11.811679156799482, 11.295547993699383, 10.115191608395834, 16.406994048832725, 12.857566641288003, 10.485423384519484, 12.740004505399925, 19.556455935959825, 11.45645296935641, 14.013252005285302, 15.042055766366527, 11.05462489660545, 12.900265871149541, 10.42915406389058, 12.448800718854798, 17.784175463029584, 9.453672008022778, 9.266744318491442, 16.00340994554166, 15.86725237303015, 20.434576899107373, 12.283803465860712, 17.032675978227587, 11.430524638628524, 12.867039215605704, 10.716370534102452, 11.20499043421499, 13.462673273091998, 10.498978145777897, 11.239108488252354, 13.074999329073059, 12.250959620045233, 13.282018620147944, 15.125247027381691, 10.088422632234346, 10.413828307372592, 10.046004773383387, 9.602439387435238, 11.271099176494268, 9.332483175928768, 11.225782474438025, 12.15967907650027, 15.142952425026905, 11.539304442700018, 12.676802560830001, 15.44869676944772, 12.978308262338201, 16.197838824219726, 13.529048824413678, 10.62753924384467, 16.292205612486416, 14.357159203278764, 11.168973970155026, 10.52333337681064, 19.212512155509128, 16.287448231804337, 16.93659410720762, 15.831886167142999, 10.781780276096736, 11.409067315025089, 17.962979560914683, 11.796140628831848, 12.769464239748613, 15.641654883217921, 12.675411649909664, 10.000992066591282, 9.574960957101723, 10.053405424169785, 11.063518552103673, 11.988005247405935, 14.125571006388661, 13.315103846542417, 11.593427995442733, 14.115137934168118, 13.326380453356153, 12.47619090113732, 11.15596273307996, 11.118580394052398, 9.17027702628443, 11.139368393276365, 12.561275636087505, 14.995076682992913, 11.780892024728283, 9.682152968515378, 15.585786448422429, 18.630489765681688, 16.012340944188182, 10.491343095860428, 13.43324606943613, 16.17121143327706, 12.871634326908598, 18.790300083947713, 12.949025814780486, 9.81956324577674, 20.595828238122596, 8.634598574716042, 13.202469115457037, 19.225933070516955, 15.572710093083755, 9.262308265764473, 9.755819987396844, 9.846451570398575, 10.234343305589343, 15.056248489794509, 16.048003180446383, 16.56521719530067, 12.957034188096653, 8.13442294781003, 10.203516237381459, 9.25356340643463, 11.550093215498578, 14.011978140882565, 13.49449817736539, 9.541038096880374, 12.812705264968185, 16.481824055329263, 11.831544513275592, 14.930700387835813, 17.46630987376744, 17.617471433963008, 18.8817219999348, 14.9146455687528, 11.956578478236723, 11.309249657413186, 9.66134418586318, 12.024709972114403, 11.305152690024888, 9.051968573740062, 10.026119262895348, 11.931404917126898, 10.181066050203711, 11.20230061512953, 11.543714283104832, 9.94528269086943, 9.603410653233178, 12.650985465858113, 15.307203174991084, 9.68256812348756, 8.545009202693015, 15.159073203069099, 9.240393655875565, 10.527603488770911, 10.215882388499896, 18.778983648000533, 18.48244296582497, 10.581092188360165, 14.888916638665217, 12.501436314859907, 14.176435499753207, 11.44295174794909, 15.898613325984854, 14.814456342351269, 11.237338363558324, 14.01178511628624, 16.558893892887074, 16.00724935505799]}]