script/wind100m.json
{"header": {"parameterCategory": 2, "parameterNumber": 2, "lo1": 6.000198445256149, "la1": 58.999992894266676, "dx": 0.5, "dy": 0.25, "nx": 22, "ny": 24, "refTime": "2024-02-01T05:00:00.000Z"}, "data":
[rows 0 to 23 of 24, columns 0 to 21 of 22]
16.500146460622762,12.711497512993967,12.807901166698253,14.304282268621098,14.901679043274138,12.577989769757663,22.806827614063412,8.574484609050243,8.418524961400793,9.978878446619108,14.073452693812756,16.369941595214218,12.229995938584237,18.181076604667194,14.795903988599855,12.370250831719325,11.915310992804269,17.67058705087584,8.83475061028146,8.99587224837738,14.684102349906082,10.332522545468187
14.763029127567842,18.539461808013478,11.731919484679299,12.540508824134875,11.55143387812126,14.565255073175786,15.785348377537815,11.627096765830068,20.93922798382304,24.47791007965477,9.30397038938901,16.828953106244953,10.939600044596059,14.574855620089311,15.634132205645585,17.95442828097044,10.04480784846491,9.198193784816496,22.819935103591686,15.933605475505695,20.51637494028114,10.39958931068089
13.270751733054286,14.509977753981449,19.299495466973973,10.343134080888008,10.229153558504251,19.698515363381482,11.107584503503352,11.912468556630373,11.221727372614499,8.870486989836591,11.315672040580038,19.959862260409192,15.106869803950119,12.20872393312336,17.01577066073437,13.425208972786763,11.001632313524667,13.320076178187342,15.20532809658035,12.989503070176273,14.210283169039291,16.731013559494155
22.776045864598444,15.851642157507541,13.70973837399797,9.271166809974765,14.242698454662797,23.509227147315613,13.108607359544536,23.444882476519407,18.01001658717793,21.55814599950806,20.347461206217424,9.421407485265043,16.900384009776605,20.921491771620943,11.89932975845294,12.67147282861379,9.375339034340806,14.231142202402673,13.328152707673397,10.494595619741784,9.914422583345543,15.95108783331545
17.825714886235087,15.754452025665941,12.415087208700111,12.552240840101888,19.965028524891522,14.514188734474288,15.183231899010728,14.266453222937225,9.880408763676826,16.701420076451537,15.100169588826821,12.816918153791637,20.049709757098864,15.095006788491112,17.758439443382,21.544602148368824,9.935755493805459,14.139700967208105,15.406119478740914,13.400463753819254,20.745247832267758,13.885618696534502
21.063661197969875,12.807279152382092,18.922066378490854,23.52407325316567,14.15736024723014,14.794944310545008,11.30111714651273,13.778248534129608,13.080353122755632,18.41702730928679,19.44100300363507,13.899117600345113,22.63672008330626,9.284809271628744,17.5318553210423,17.80996501145952,11.606302086614834,15.095662730713475,15.236263527247495,17.094420255404604,9.821809368998283,16.007316306630877
9.0365971772174,20.983689172039398,14.503938926220782,21.55982433912979,14.287116233700337,15.69728200637137,18.608809822117006,14.785365194600573,10.103247973980128,10.013012137125502,20.8152458245102,10.139541077858208,9.736531353424544,9.727027456364064,14.734964725010483,17.560597180374764,14.870884888576597,10.073287438244302,20.105639272843494,17.378673371134713,18.968590277871098,16.315728248000777
17.44031185070145,16.521247190554206,15.052010442187775,16.01926724133562,9.774610612028876,13.958049836429224,16.756599287643446,9.196224059835783,20.535635261356155,13.26214991550868,14.915031981059798,12.863633036621021,9.31580730482502,18.23676555431211,13.067264823650353,13.726679987976855,17.512125361326714,9.719052198884357,17.221237144878906,13.825229906566015,18.729711874856243,8.909713660707466
19.64851639534857,8.389899481096815,12.172803987760132,19.431449410747117,11.171029610882146,15.167350261036365,9.442993468322243,13.362389420100241,10.79880779404788,16.504498984460664,24.462874016826095,11.961074319082917,14.071538926532494,12.640981598017065,15.427934211281968,13.093833123856388,20.315746828752093,9.93422624315833,17.289035922078746,17.036539326095955,8.712110095522004,10.90730327938847
13.759745519842795,16.042985001194175,16.892420813706526,11.405029400289354,22.58761202709796,18.36432254064815,13.382361402759948,12.334441356368005,17.647711835776867,18.448062883920386,10.46484429870618,22.922502633101,13.644537921068945,14.720110587628023,20.713837363636195,19.57732955760907,16.419432439750388,15.59593873115111,8.675377458908434,14.774574716010113,21.127317540692584,9.10107029271908
15.050242688315228,12.684293498498104,12.553889813521996,17.90511359380016,13.476803797303985,18.411305836349218,15.709841233192263,22.362100452737803,9.599080484813175,20.52586653458004,12.539035519502606,12.291440094334185,13.126423719423514,17.78460852678648,13.693119486105138,14.710936966427798,19.56866272156968,16.80008492285617,17.73850567930671,9.981734755125617,15.20670487937308,12.217806904637541
12.327896384164223,12.0786078159085,12.81260450282316,15.704087595652583,15.91403826055102,18.136094071680276,9.790824108956519,15.591368831611142,17.698888947644818,12.847113750815309,12.771060245491814,12.667977560842631,9.751823579451422,16.610397617788234,12.241981672435017,12.792479674397999,13.00354736620682,14.121875056861581,10.79058435883471,13.127545784640363,20.017857011341242,12.768648962911833
13.1434843639046,17.676716698215287,14.402166101876865,11.864024404152785,12.178653027084167,17.635429792551086,15.888212510969625,10.084095543280062,17.250370678372033,17.19326849178407,9.0872098832056,23.085451017328403,12.818226153890693,9.59553734189272,14.316514848509891,15.142729268190482,16.628972402934785,18.042208286255864,13.900822467862337,15.10232146132613,18.951916781449295,12.54540661396481
11.68662134874057,13.314237007112157,18.195644681405934,8.693485793362909,10.250202124307238,12.428596865278255,14.871489360770045,15.970799674654788,22.235179376644883,17.57307650259551,12.527312741654065,9.025088023767127,23.96066629638437,11.219769797045167,18.622568922895226,22.181188631150054,17.94470686926181,16.117748617780162,9.504443595591399,16.1645029348487,13.887186320956564,9.265584742450454
12.32029371609909,12.577566264073397,14.492393336786426,21.00364225233227,15.712730081426347,22.830410744849587,9.608747004801613,9.090951128531401,14.90473727071559,17.930171071529127,13.469365922095678,16.909701526985184,22.322276519433185,13.577280581983251,19.082256907208016,16.28217542936058,14.239001103868238,16.467113290109623,15.189377858543429,14.069737163867492,15.014210684713063,18.234396063014405
14.051414758651083,19.791079122193597,13.471205326280975,13.289578222145796,17.6705569599944,17.34353542646341,12.452268156371522,13.793611446826864,13.462861626494972,9.234365004931647,17.962904462694887,15.683525610296323,10.052691885335133,17.46485813651694,18.05790881519664,19.16756605858862,9.927859803300521,20.46237828482796,19.848222475109587,11.507691341929887,13.203038599567337,13.145640066775014
18.07622677671842,14.342699454937144,13.23239377248317,14.064905853385373,13.35106640803001,12.466895790494917,10.400994336694989,11.518512768513906,14.55335908603912,13.5610597176972,13.758240018596997,22.980462389266478,14.328106252092583,16.72847949680932,15.729256110774852,13.775553374153356,14.755715679413575,20.340712159755505,17.589106512113737,8.73399243861561,13.914553057669783,17.03864713202493
14.612275632576095,12.803763156258794,10.160905025217275,16.951982715289414,9.693978631806344,18.68381563903882,9.556015214846033,13.66626470142385,15.253576161979439,12.360041023370133,10.460899301403284,8.48195291109689,14.870547304006955,16.72155738299082,18.498546138200577,12.60850141376193,9.350593540794893,12.813226696390847,8.072430986349293,23.95827018477929,12.98755103109021,17.59172002847543
18.64243367249521,18.29756727371324,18.82176538213095,11.894753804555869,14.32853734031538,21.551915176493537,12.65043093217088,15.069978921174599,19.08210010843464,15.706802063875928,12.790329606261794,20.42324504066136,12.859396423261115,13.14582018050774,8.840009053054574,16.324103356501904,14.699042335257834,14.769345633552541,15.714099078549017,17.214071906278257,11.459359682316144,15.939295205669971
17.00272704705797,14.997384845627176,15.510040601110516,13.758868039975985,21.029810492323225,11.748860505692479,13.878499463701385,9.638242169043824,21.254738653727276,25.511376948603417,24.56441688082681,21.223332611852307,13.114892179557016,9.358800116150643,10.763055618086982,14.911080602033367,16.898501286410717,11.177766458480068,20.485461136452255,9.419243807776585,23.563791773312307,12.672010472349406
10.22118673452402,11.012245387281258,22.61845460567125,9.58242126162985,11.234772521479485,12.147803013989495,11.068500152719084,13.125589492097685,12.00835274318928,9.22208847203362,9.48675045381178,9.208695412489059,9.993210028140428,10.718007503425655,15.196670172066154,17.130181954741612,13.881815960666206,19.324419392239793,14.591242713768315,13.286427140775364,14.45807776676867,16.497372616490264
14.546485749477398,16.086001901960625,22.8922704995486,9.312625413220271,11.046896379417484,21.056708671469586,17.051926523921267,13.36975606902411,14.282881608098684,12.742682094822953,12.09633158162982,14.657990628836043,15.476868442411126,8.978557322401969,18.355488113106652,11.872203338493183,11.691676045721069,16.597138426844925,9.337401560563812,11.589330784351922,9.914365377051015,14.86109395123119
12.335582985329012,11.69024913670456,13.834043974414278,16.913364083399205,8.379293734492144,13.436683607784925,16.21976223412473,11.922982015523079,13.910315235952218,9.817693083061478,19.95252438018265,15.651762926141721,12.136994647564402,14.437625768680407,15.373973673005874,14.201601508857152,18.126616294054767,17.209863232947644,15.30336145881498,11.633418281376807,12.457629653112168,13.061000709603023
21.233963746563415,12.866464371737168,11.740182009759737,16.806981373910258,13.751465903015264,12.890635797832147,17.22577042835191,14.347599334504373,22.255958109686016,15.130962838261013,7.379228385417031,13.972672889904448,11.723983000854904,11.970853559312525,11.969805868489205,15.747608833610663,15.427697160486398,11.489593550856627,20.35790283836291,20.397713428179202,9.471042910054187,10.080973424090576
