script/wind350m.json
{"header": {"parameterCategory": 2, "parameterNumber": 3, "lo1": 3.000054539987559, "la1": 64.9999836372058, "dx": 0.5, "dy": 0.25, "nx": 34, "ny": 52, "refTime": "2026-02-14T10:00:00.000Z"}, "data":
[rows 24 to 47 of 52, columns 0 to 33 of 34]
-7.778427129249695,-3.1605409803229647,-1.7837726867674266,2.6065582216196947,2.799473086234427,2.217399826903298,6.6420927602164195,10.108716763526573,6.554291862884012,1.4669403752495689,1.251977929049215,0.7005721865009361,-0.07093484889890625,-0.5137457071043678,-1.55224302590391,-1.921720317576513,-0.18185070196637299,1.1428454582072987,0.9561463053894852,0.8097461899103928,-0.007271245432212452,-1.4362884293784262,-2.3279129477241436,-2.3463042442301174,-1.6690800121926037,-1.8036711393038538,-1.4056832575935005,0.310337521191333,0.1601127145211858,-0.18190644745626572,-1.606284111498432,-2.3555776892265343,-2.032779935977173,-2.2469039695052113
-9.639586879884725,-9.196582851638667,-3.5564942597024967,9.211248637395997,13.86949535964812,13.209398310265216,14.91915107907489,8.022836737105534,5.372728427472261,1.527561759871751,0.8606771598883651,0.06215941827723209,-0.6063248565900393,-2.9249501055658067,-2.9293163104882614,-2.1893443233966314,0.5975883361907991,0.952527613289375,0.9147151453907987,0.7751691334271364,-1.5299603609368888,-2.170013194077212,-2.3729753053570235,-0.2848447845275868,-0.2761427509952716,-1.5720767181415056,-1.8953379852138863,-1.278012808899525,-0.9092712071092506,-1.4675594277238815,-2.5376794095100994,-2.523154050579587,-2.452263953779366,-2.9563624072531365
-12.163268285831451,-11.209850076499931,-9.086474165140373,-1.1632105188388673,9.141004859174666,9.767673927329508,7.731472973962892,7.299181019790936,4.594398605486973,2.3605003485275415,1.6651355329877637,-0.14067856474321908,-2.3619836754571626,-3.8496217469669354,-2.7191878881259823,-1.1119546911185039,0.9945216616769531,0.056989372938209354,0.36065459323118376,-0.09245730837821052,-0.42587802746037146,-1.7232122050627552,-2.0483866099340475,0.6323120544768459,0.3711352194839514,-0.94030480980824,-1.6875992840169276,-1.6478150718898454,-2.322174027127657,-3.1217507472616157,-3.1032329135919636,-3.105330722422423,-3.571620079254759,-4.021787335408502
-12.213322446018184,-12.301785119914499,-8.160491193420151,-2.0475804178885504,-0.841986473861337,7.763247887481405,7.0067698151516975,7.916867950771896,6.12559910053398,2.7364263496686694,0.6094924092779794,-3.6364166617532807,-3.410513985054825,-2.606721849473252,-2.787790225142217,-1.8475341922085602,0.08017988581991209,1.0797068343443912,0.7452404751731168,0.5286350755300616,-0.30230141546185874,-0.9662677872289891,-1.4856864016607698,-1.30819550879883,-1.4094334527967343,-2.4902008157220004,-2.529196168247284,-3.4831326218639957,-6.076226000894539,-6.74769827298327,-4.201470058929026,-4.1166147384031415,-4.235133704444861,-4.653527345069941
-10.399425240606314,-10.260599923232204,-8.64730279011857,-5.196354559877486,-2.0914155385799305,2.5101385105302163,17.106752265276935,7.12084031419154,2.6510876925266897,1.8329945619257295,-2.4092655135002765,-1.9513540513194028,-2.0842151818901122,-2.0835475786255806,-2.2804401583888194,-1.9723284878227425,0.10186942435862166,1.1674941500479479,-0.18817163799571002,-0.3378832947649355,0.2702038233882992,-0.00032242951465747083,-0.87304044282755,-1.932789393535631,-2.6953910530193737,-3.6935251857437237,-5.0933075677182575,-6.095022413911851,-8.819293168041089,-5.0825971814180955,-4.84597176021418,-4.585267627032898,-4.611156302699905,-4.730326226436627
-8.71691711548387,-9.23068978074226,-7.932562224336951,-4.593269274561072,0.9891741024944518,3.325498698797111,11.843825581987858,12.84817549667613,9.008434246040087,3.1272000454458846,0.3976441078038854,-0.9148655464845481,-1.5711162638798721,-1.680946042388976,-2.0206450472809587,-0.5610612296486854,-0.3473925314060836,-0.3594858656645469,-0.8510933226513636,-0.43388608526622163,-1.4347026085934915,-0.7340902200771819,-2.024811465734638,-2.4169181906522312,-3.78684896149425,-5.425485811698459,-7.036452913304784,-8.567253471119935,-6.824658331372077,-5.386332622867966,-5.133408779131894,-4.214000390845729,-4.976096232304447,-5.001457910822933
-7.500684279002505,-7.816651339457479,-6.6605172639482815,-3.7549412445275188,-1.1214394758744461,3.34061288702379,15.312167536063052,13.822600527988298,10.056053967011596,6.03492292628178,2.6690552786655437,0.8158494881220958,-0.3714180739099907,-0.521270285710319,-0.19603196662103817,-0.8912301851886234,-0.24473354794220187,0.6147566791239523,-0.5180607562981794,-0.9901061620295919,-0.04995412899722684,-1.8474557499656936,-3.239931110443271,-3.0629880181775073,-5.862114257675255,-7.057915139321913,-8.227682866078991,-10.243572864031009,-5.625740535034114,-3.710769326066636,-6.000638846827071,-4.321411581948446,-5.517504984871024,-6.476224064279167
-6.599453075348516,-6.872372144404921,-6.368335083695733,-3.838344301227172,-1.0663196445619147,8.862981006587873,13.552777197726162,12.15243387235718,8.619114419904944,6.3439476419012975,3.947564751089381,3.5035412955707637,1.4860641899746514,-0.6166772870771002,-0.6274896517792233,-2.026949339243083,-1.8933816079065962,0.05803272240693262,-0.7320985331409181,0.1963019141886057,-0.9623990035340338,-2.1780210694099775,-3.6065112301001374,-4.45851245799709,-5.836118433723063,-6.971345902188178,-9.263558276848157,-8.527945283352386,-4.674633129123746,-5.231544764711531,-4.940114557351236,-5.429131377089985,-6.489388934508011,-6.999425218288868
-6.50453622421715,-6.1606666104799235,-5.699259609830985,-3.8503984906795443,2.611324008667303,11.248600189348817,12.007723120155083,10.515861395917089,7.463253704404009,4.9463500112470005,3.3911051750949874,2.159569297540588,-1.6987173187311695,-0.18703659542158083,-1.6132446785952357,-2.496361894198774,-1.4827822698600683,-0.4235561029568871,-1.4952500275374958,-0.5112615061220386,-1.8404434540397492,-3.14566127215353,-3.9457289927912425,-5.42842866115732,-6.285081628235115,-7.827719086162993,-8.216769362612432,-7.183435828527013,-5.456378669325495,-5.757559101966894,-5.468581588943933,-6.4510886486207815,-6.688625482401598,-7.130628019551112
-6.243909114748553,-5.420583349632903,-5.06818945739729,3.0127947355496265,8.874998373618025,10.310721922983348,10.12085748048142,8.952425439959818,6.515008434616639,4.143333903889384,2.3085450881001104,0.34545032205839316,-0.24199736747538034,-0.1618823770498083,-2.2552183685803975,-2.568753276553778,-2.4805115210054853,-0.48284140533761877,-0.7012973201325912,-2.240663712657707,-2.9672408573077234,-4.277980979790202,-4.799719019784902,-6.381671415262144,-6.202197808142406,-7.106809091406681,-7.865322806455784,-6.876190843201464,-6.756765368378817,-6.722425618607219,-6.711504061054541,-6.61247943112726,-7.043029921595942,-7.323688146908501
-6.239760507056413,-4.543281919389766,-3.7142775998654356,2.2738369328135444,9.14343959832153,8.865165518462234,8.52847690030684,7.147106627636749,4.6621327711612395,3.2108945188702327,0.6307995296743202,0.1371401140920251,0.06730531391138973,-1.0115897770151505,-2.9148261047761035,-3.2031781652603764,-2.698907975024811,-1.8446080800778133,-1.4547086125214637,-2.392820228087184,-3.4112863300006686,-4.429050132303994,-5.100172011686294,-6.164956496486181,-6.5791328047371485,-6.9259324074986095,-8.11824895855525,-6.795270315563903,-7.548407234412051,-7.064980928538663,-6.835912245201171,-7.207626066397145,-7.404290047737364,-7.49607434759164
-5.240177900326597,-3.0077937750489707,0.008359145442953471,4.557226158651941,8.176358151916633,7.74396435401148,6.455287903289882,4.751849996362476,3.922182959530593,2.570592174785954,1.8312911669468142,1.0167379524707536,-0.3813127867270619,-2.195665106668516,-3.9560702845300777,-4.480020592897018,-4.450594629391698,-2.426876267739833,-2.6440929610552213,-2.735998931669019,-4.026663214984412,-4.619047794529687,-5.723615568091639,-5.8301795438871595,-6.804446243195278,-7.055478165190377,-8.711329262846757,-7.925264961192475,-7.9225503144398655,-6.97213477464861,-7.068807289240992,-7.409264336037873,-7.179444990148395,-7.830137268950591
-2.6954980952197225,-1.158177183000981,0.6627757759486431,7.098488066257463,7.106648839883168,5.937869319751806,4.768028958496273,3.8240189268379323,2.8503814250622654,2.386334240554123,1.6772703484773155,0.3397541125625205,-1.131371749273157,-2.9840681581304653,-5.021695104361417,-4.705098224402957,-4.311696143174843,-3.212785527065892,-3.187316791683796,-2.182151024657215,-4.114569255013831,-5.2379153214923955,-6.487248156465347,-6.570295596268216,-7.190945827447499,-7.561037731141635,-10.141243619507325,-7.860145278235977,-7.165205652793496,-6.830081141767937,-7.1341519355031595,-7.2419737969944675,-7.381450632672462,-7.987120022503421
-2.836970297739297,-0.5060005366928361,2.805222930809263,6.873796368307623,5.381669167729162,4.2306262689446825,3.476651728181911,2.999295974492077,2.331406365142412,1.247391419888219,0.6899636646780127,-0.340887608786987,-2.4831650291934273,-4.235727026897051,-5.102872360694251,-5.201012199544724,-4.5588007167698645,-3.78954184631202,-3.1208390557988595,-3.8548115969865027,-3.185259471737098,-4.055587491242973,-6.344939926166526,-7.425260738018809,-7.7385183626754115,-8.094407028461045,-9.719875388016222,-7.289420745944664,-6.955910197761703,-6.789247653679239,-6.930827674794874,-7.316502598958724,-7.861948549312566,-8.013065122726042
-4.444712428169598,-2.037951105895489,5.598015993209573,4.600893260884554,3.5054088398769596,3.1469584248182985,1.9570654985244982,2.117858819546803,0.9028428036843021,0.16021385142806227,0.2549008477483935,-0.8676731507465881,-2.807614617757386,-4.421866110492776,-5.894721200568858,-4.850956172828934,-6.234580537277995,-3.299879671115034,-3.603225679226664,-4.5099564991088235,-3.1247582071708853,-4.374504550592063,-6.2564730291529695,-7.807551683488827,-7.929349073829318,-9.724336557339427,-7.5539467552760176,-7.226474263228167,-6.88028350379271,-6.670892487783281,-6.866977005905825,-7.224543322521807,-8.085971954817309,-8.152033645826236
-3.354783793748388,1.254890442476495,4.599773230076584,4.013165006384393,3.2593853080007844,1.3881633312188506,1.371247710593162,0.9719238298511953,-0.01832531254492359,-0.973396189319908,-1.1123755270406903,-1.2510546327314942,-2.769957571052052,-4.078569408713798,-6.515730366942446,-5.049776494259993,-6.399390003657557,-4.719469325333977,-4.762310381497156,-4.837468786657274,-2.19421522718144,-5.768164214647969,-7.565575607282589,-6.854119127981106,-7.501444110973551,-10.292852796306759,-7.289651295635838,-6.96616257605217,-6.9672576308292715,-6.415376014361668,-7.009086109110096,-7.576538928661937,-8.136444984395045,-7.3618128659339295
-2.3292765656747334,4.170534476715765,3.287275157841205,2.992353243298367,1.103760613917478,0.09328813518628759,0.37885196996284587,-0.16724489344330015,-1.2216378651975859,-1.923901262647763,-1.816591596399311,-1.9322938763441053,-3.642554090595309,-5.73738934637393,-5.034664549250455,-6.486186060608865,-5.905068034266145,-4.039119708740087,-5.775336998994262,-4.265595201120182,-4.432520280168062,-7.101538434222192,-7.482512980744127,-6.370192311722612,-8.915746269216365,-7.763490557762756,-6.984504111320133,-6.66555092359965,-6.416903501020288,-6.703420825250155,-6.799090948724348,-7.264059139570949,-7.411452627606056,-6.96695021851113
1.5199465729992732,2.4447697988981187,2.218730871685011,1.0909198676598924,-0.17732583754258793,-0.7158623653552855,-0.9145960081264671,-1.9741872979284454,-2.8524475188334004,-3.019883371773148,-2.840380088655103,-2.94884657276098,-4.189223002820852,-5.372636935929579,-6.293750632383164,-7.741484980568759,-5.693299143478845,-4.542849407900295,-4.983083026296436,-4.786023037604464,-5.856543821412663,-7.320437108552664,-6.818481625173674,-7.425026049518552,-9.565148750828032,-7.36730349248144,-7.085025496763333,-6.786167913422319,-6.057577737589783,-6.2314504381173474,-6.245402046194829,-6.881917614138698,-6.539029282119333,-6.662373270319828
1.0413101540087122,0.6548082233399455,0.5652928491276298,-0.8944140980847015,-1.8867146293018608,-1.6420906082653512,-1.9665617577717143,-3.734897308940271,-3.88440110118032,-4.025846925452449,-3.916926286921928,-4.510613946396568,-4.834385384438556,-5.3902891943911255,-6.286478644587043,-5.706537907953238,-4.911321120597649,-4.955564390792227,-5.411692912266521,-4.876141072211287,-6.492285377049567,-7.135192185114311,-6.710010569503599,-8.836984034881443,-7.633062699543684,-7.148280582013804,-6.9718478745566665,-6.2772384011978595,-5.337466550524226,-5.3077477334120955,-6.200682397868173,-7.095535649235641,-6.451628848461616,-6.364119827532932
-0.9606860183164619,-0.46151364707761605,-1.551462915250212,-2.6697954228966307,-2.988701509224342,-2.791630819544248,-3.8974075613237487,-5.000579665394493,-4.924170837515792,-4.592862769883059,-5.274455540880467,-5.71844240004472,-5.093452175564528,-5.352007770322335,-5.996557116405663,-5.903737975273391,-5.286896645061067,-5.480693614782282,-5.229531068454924,-4.988974044563803,-6.532483557985071,-6.854884065978733,-7.340766981709454,-8.862235735645312,-6.670928753679891,-6.375167717348059,-6.725080492787451,-5.92526394805409,-5.443610873404918,-5.403869968300882,-6.681178713816086,-7.087568790562976,-6.495442300982028,-6.369037086539048
-1.4715942496872336,-2.0742766245322026,-2.9884630361159683,-3.90400532298285,-3.997304157685425,-4.2066423327742815,-5.215226094023559,-5.59370336450367,-5.3582421874970745,-5.9600181514156505,-5.897346514190145,-4.804222832713213,-5.4256111048880165,-5.837668275288801,-5.93184114310714,-5.438082922227151,-5.9543823982145385,-5.145112206408461,-4.896908825187328,-5.681306750121975,-6.923466205457735,-7.391757201479927,-8.351256460428099,-6.332959183999989,-5.9499319447719445,-5.699659936971373,-5.889315485662737,-5.606832587065953,-5.909940879730825,-6.172650042693664,-6.3895335410566325,-8.100285847167845,-7.036723529597871,-5.409203556945697
-2.4682175656239793,-3.905529268548771,-4.953952686210959,-4.915963323329623,-4.599268266207435,-5.317336656098243,-6.2576947124969715,-5.76416805781239,-6.142496416265402,-6.8921802385906314,-5.779171147215834,-4.891559535864824,-4.891782106207968,-6.28097086585599,-6.34899382476036,-5.948573966411358,-6.308121768617436,-4.20199618920349,-4.989047638528568,-5.8066718818133065,-6.706210759056485,-6.9744739271021166,-6.864723110023746,-6.0571683800146365,-6.014100559803506,-6.124776018870937,-5.768308422127051,-5.32815674508329,-5.689526525273581,-5.93645115276721,-6.575682016885009,-7.688160987396035,-7.235185422521542,-5.889979809593994
-4.833025602000103,-6.062742566497953,-6.437414191697935,-5.930719106561973,-6.154063294107353,-6.7986567287507365,-6.628243743016137,-6.382674119157363,-7.041654340924215,-6.318938700771508,-6.309777048125156,-4.479770793462051,-5.337841540500401,-5.2246464721700985,-5.152556575599787,-4.421334995010933,-4.251938935415645,-4.561193134405808,-5.240780605811268,-5.864007673928066,-6.323752801874699,-7.375683626227657,-7.226636314336515,-6.704218695567121,-6.7576911638943775,-6.650681251668613,-5.770077807526294,-6.129047426409952,-5.531372535847031,-5.768858186356287,-5.416108124701263,-7.473241652373933,-6.2368709167426015,-5.773380846373254
-6.369448981733452,-7.115888093543129,-6.892639667197301,-6.859005240696727,-7.457318024404806,-7.423697404310851,-6.506875035098631,-6.9479226623467225,-6.428105315414176,-6.120161740975313,-5.851882052038205,-4.731233816351808,-5.279662726037098,-5.126388145512024,-4.658307851202404,-4.888547178131175,-4.9148085210526,-5.172600840682888,-5.421628889462223,-5.803178760868877,-6.241688690304394,-7.275468836522372,-6.791843824406604,-6.934144444792708,-6.525884017046644,-5.776981504263214,-5.950697537745493,-5.514807999776561,-5.372485579552353,-6.323200267908434,-6.426430824664042,-6.7601363249865,-6.792495796416069,-5.619292226416296
