script/wind10m.json
[{"header": {"parameterCategory": 2, "parameterNumber": 2, "lo1": 6.000027932988019, "la1": 58.9999434238085, "dx": 0.5, "dy": 0.25, "nx": 22, "ny": 24, "refTime": "2024-09-10T13:00:00.000Z"}, "data": [-0.6766359751688347, -1.7687150683714756, -0.9166366984612404, -1.3217681593521922, -1.3500794661449853, -1.9206133737786275, -1.0362795484351592, 0.010922072816745189, -1.3781239960586986, -0.6718884426576486, 0.150699853752864, 1.1011955857256979, 1.641760575671935, 1.8513233197612946, 6.294280095492591, 8.07010951596428, 3.749394520005699, 2.8928079618922844, 3.1110785351131898, 2.550305360359425, 2.628737032178547, 3.1172963862705076, 2.7830666621332143, 5.148455485347285, -0.5408294886090649, -0.7325826709984193, -1.0205346971724645, -1.4829852976312898, -0.14448619189434206, -0.9032275439797345, -1.2814698686297585, -1.9713238628479592, -0.9488973757395993, -0.08627090948939324, 1.4272323915822707, 2.1235846239509724, 5.59051423830317, 5.903521860394075, 2.8867923128590407, 3.2412329172825807, 2.975436820199188, 2.570945368748244, 2.3473637593058547, 3.158198700976241, 1.2016951633184765, 3.4512619248934238, -1.2256170841257712, -1.055917359337884, 0.42224246828522516, -0.6106596207916679, 4.633793367217852, 1.6522301591812631, -0.08944553152445735, -1.7663918486241394, 0.26799735492716786, 0.24572938306207112, 1.4136373889717833, 3.971610864287924, 2.4543997880599084, 2.7393765553774294, 3.0308083323506345, 4.1791322930060355, 4.7261421237005115, 3.6429307844611905, 3.3610365905536472, 3.640649317400146, 7.696569632093373, 5.755142198741115, 4.028820186414896, -0.2195712885595259, 1.3161600645129252, 4.052349169743812, 5.821668901298764, 2.238389061193562, 0.8925072190539887, -1.0069511063786445, 0.5325382205388984, 0.4945126180812515, 1.4817255415757424, 1.7205576407644751, 3.231888338517179, 1.9716724448767304, 2.855547732927918, 6.703716108707253, 2.76311224110475, 2.743270904980834, 2.5828143235276926, 2.432854308662019, 8.496865602292925, 10.312750150559825, 8.708475226415962, 1.4345134556875863, 4.299361997682957, 6.012324497819294, 2.246852238714755, -0.10212360247730487, 0.29061395193139866, 0.000878428545981811, 0.6186925829172528, -0.020339109005075125, 1.504975036353633, 1.319382990301492, 2.133771406930725, 2.120658162761472, 2.0847482018819377, 2.85771910749535, 2.5236663889229676, 2.2027595101216972, 2.353039097703603, 2.3411061859677282, 8.028176469631704, 8.766318509186236, 14.284210899142066, 6.285356137481678, 3.566695126098523, 5.487429742626451, 8.076504430305851, 2.201254156699524, 0.2717027751847802, 0.567293447517362, 1.4279202318500648, -0.08339694846299765, 1.5515118780720991, 1.0987330415601881, 2.603741896856761, 2.221681294279367, 2.471560709937693, 2.320963133815463, 2.3803081395674464, 2.350424659551337, 2.6165309776003953, 2.18665758882861, 8.811796742741652, 8.654333666234761, 10.147450838272343, 6.909230740032832, 6.302842858454155, 6.97969759904905, 4.461772914850715, -3.469858721818264, -0.9992949288780609, 0.987098196452271, 1.2249297056858994, 1.7053012155187783, 0.6054266350818568, 1.2373255207882596, 1.9874972736939738, 2.1051970338836283, 2.271009915108595, 2.548898720285504, 2.5911416342463247, 2.4873292690598623, 2.4909676604115623, 2.4865150711760413, 8.714017130361077, 6.769948032296154, 8.880826450286829, 6.965357048478729, 6.9832190942431165, 9.462595110884429, 3.629924358808786, 0.3635299196739349, -0.6577963097547752, 1.2119210861875327, 1.3853212663182821, 3.8304184788696545, 3.4345091622188795, 1.2625701302904917, 2.1241941325687637, 2.319092845670606, 2.2844404015501993, 2.2400035797068316, 2.7282597620904574, 2.406564782443532, 2.270490959037738, 3.9397091043681174, 9.834826679158082, 9.48807846737531, 8.580021894959225, 7.3377250222079855, 6.267040186721227, 1.2165144385735398, 2.3672264814709902, 0.7777595423840488, 0.8355166281027406, 2.769326513454228, 1.858177591027335, 5.281236171297274, 5.326949651951937, 1.7595710149179686, 1.9838993648250316, 1.8776618455486747, 3.1617811617376295, 2.325892635454831, 2.6091402656243474, 2.3307773732914354, 2.8240046809793653, 4.276065283623405, 10.254531359409985, 10.970589679444657, 6.146723405277068, 7.387229005582517, 8.588043677615369, 4.931848232176513, 0.6292706108070835, -0.04001462387082539, 1.3452717583051603, 4.250450889396942, 2.473743348627657, 4.144871149545391, 4.809213310285647, 4.624000912689496, 2.261836077505647, 2.017149245285815, 2.637672861467778, 2.672394853606162, 2.512818775003612, 2.416449888261406, 2.5013610439080964, 4.6223146817330525, 12.778656190288707, 9.244457427986868, 7.507127217527845, 4.229597213512733, 7.947503620518746, 2.783913717237779, 1.8086474242344823, 1.1374895303374428, 0.6605235060597157, 2.5054586109870063, 4.448459433703436, 4.842644618346855, 4.600954471634252, 5.10774848362836, 2.9215930285087968, 1.6837043154782678, 2.0965944882889773, 2.154988942912815, 2.3525853791363205, 1.9931545996838593, 2.130289158722632, 3.320864039096697, 13.374969986015492, 8.49626518937793, 10.363295879001106, 5.95963400741261, 8.108201353382283, 2.9625197861694934, 2.476700962307818, 1.4908833498439538, 1.2596192052595307, 2.5051341593933087, 4.412794482512175, 4.085208419222158, 5.444213400731176, 3.328129305376385, 2.2456526424789023, 1.6953383098432961, 2.116820374369232, 1.8828766086121251, 1.7324488468720374, 2.6890245238538113, 3.434592755512788, 7.326522450558148, 13.599096758292724, 11.01874636764881, 8.001132187820486, 8.555665313464111, 8.767239483293185, 3.8735354839338885, 2.6456480501018826, 0.7477583662622113, 2.082786118125259, 3.489748154233229, 4.671588290000886, 2.890184037168729, 3.1274140605979914, 2.3414871280582696, 2.8029596183147043, 2.2951914873928203, 2.6209286104878933, 5.660242354663479, 6.570907474241809, 7.158994298013857, 8.03376514366046, 8.494659451072259, 13.99101763400575, 10.518358512156835, 8.52948119763803, 9.412061820043192, 9.888930422269334, 4.5783869187352275, 4.538831282062472, 1.4496465246075285, 5.366030250812973, 3.644513827268345, 3.7968109987082364, 1.7553293085377297, 3.049099706670749, 3.1263907152306287, 4.41307281116348, 3.7487264116474304, 2.729488858654544, 6.579553521216015, 7.206894799475233, 7.1778006432797925, 8.067945390942327, 7.941419899815406, 15.941009127580028, 11.909129627663457, 8.00743420102938, 9.133349457716374, 9.880743336184436, 6.7073644608786145, 2.723331899766377, 2.5499225898416964, 2.0836574136460433, 4.402978068295709, 4.635425990667702, 2.6764415912984485, 3.5748327324568727, 6.0402288554851, 4.563827986006308, 3.740410735563357, 5.122405272678546, 7.638725624266556, 8.379358602386834, 8.428773894132409, 8.08317183063642, 8.542979182820151, 13.492458604359431, 13.396672125332447, 9.460560651728454, 9.372947662137557, 9.746663202841054, 8.130119695151341, 3.3452241037139627, 2.2562381418902384, 3.2349889934245906, 3.2931576334113113, 6.700136615529995, 3.998015132634689, 3.648439774811498, 7.611262219600266, 7.437113335442784, 8.011886389484877, 8.498195028220872, 8.499627344224226, 7.413996673457749, 7.449334936423378, 7.5359865278960045, 7.684096402354664, 12.897431056464349, 11.430079080927824, 8.698771554695394, 10.399759446634263, 11.571462519456528, 8.57042480443125, 3.976931523610681, 2.735920940803538, 4.46863868509872, 3.7004010254674857, 7.185238954735263, 5.337109543440903, 4.094059834938277, 5.116004518734449, 8.522679902747706, 8.543245065786886, 8.935260254350778, 8.671237207741232, 5.931360287478624, 7.950732900565133, 7.871938426885624, 7.318989099981946, 12.535732448494024, 13.427041305721954, 9.296065510951331, 9.93993888609697, 10.604888119053804, 5.537942683531441, 3.180513333940949, 3.5388611287384593, 4.032613179726428, 4.8525074841993785, 5.875750343193426, 4.099785042115463, 4.721260010125882, 8.669766510786042, 8.295846882216965, 7.905385084379697, 7.684082980974268, 7.1437554207764915, 7.834926967913463, 8.97922073774488, 8.04502736898933, 7.351086909603985, 12.771683645681454, 13.890370102339245, 10.609192281611525, 10.511384122304442, 8.52869809604737, 7.4275464446918695, 4.210717135465296, 3.2694030467352815, 4.678307966693551, 5.281058152522225, 3.787976212404974, 7.211251821024033, 6.474816119398203, 7.7991338837071345, 5.788870869362061, 3.598912189939248, 5.996524131010473, 7.400386260615589, 6.8170767263047205, 8.261851964929187, 7.745414566938386, 4.575113865082234, 13.747086412175191, 11.007950702251328, 11.287929426028938, 9.82961440947695, 8.877635644857564, 7.7245950464852555, 4.907876827412187, 2.821675343586679, 2.9219157289097635, 3.0873345238826175, 3.0900202545489672, 6.9342662224446885, 5.253022280092771, 3.8181816847558454, 3.1743007806067, 6.523578333489893, 6.493180718275427, 5.965382873516843, 6.407989606893031, 7.298581579177108, 5.814765792446404, 3.636294446667309, 12.92374302305354, 12.086324315031854, 9.87884385171399, 7.7646944981629495, 7.736550739961189, 7.755246371475371, 3.6506750130513566, 2.858271242100402, 2.289755377120991, 2.7642873339025815, 3.622433013169772, 4.039902942061305, 3.2738676604422055, 3.9363915265184635, 3.5914846477010767, 3.9889363251564145, 5.273144431370829, 5.684143930941865, 2.2276828828734963, 3.2796096267638886, 3.2601137949910206, 2.19710608680561, 11.946633033966583, 10.194302613481543, 6.4928101401252, 4.627433155492536, 6.3065436078513075, 6.588079881397399, 3.126142465175065, 3.4044734655971016, 2.266838475616718, 3.0894437633805483, 3.2747081801441107, 4.084401681992148, 3.1362335813705657, 3.727776525281959, 3.744664038958606, 3.48239268151621, 3.517286576759085, 4.444125447868038, 2.84474092943284, 2.3799774025256206, 3.094049619324148, 2.2195679738141507, 10.54125108303154, 7.661508483398768, 5.4915124636111825, 3.5960189532404203, 4.267785899782507, 4.336236501202023, 2.04644548179318, 2.3958809118195785, 2.6260738254798017, 1.8346979517035042, 3.0258152283193303, 2.9987450455497453, 3.477254102657357, 3.2348174045798546, 4.902921050620045, 3.6963540563035773, 2.385198463865572, 2.057537000696155, 3.085003321412406, 2.1222717591351334, 2.0172788240232373, 1.6987899809605664, 5.0524822542127055, 3.8679062686308816, 3.9476744569350752, 3.9798234304213715, 3.3221148570808445, 4.177254864170798, 2.905163716352935, 3.250549428639386, 2.2436792586805745, 1.4876080838694485, 0.829669040924795, 2.831243734228805, 3.491854327675631, 2.4192865481985364, 3.3512741801403907, 1.9304908183410743, 3.4017219200646642, 2.391848658114219, 3.7026744856775022, 2.9952579981345964, 1.947950860207803, 3.6175827500994617]}, {"header": {"parameterCategory": 2, "parameterNumber": 3, "lo1": 6.000027932988019, "la1": 58.9999434238085, "dx": 0.5, "dy": 0.25, "nx": 22, "ny": 24, "refTime": "2024-09-10T13:00:00.000Z"}, "data": [3.8606122976983173, 13.94593036417308, 10.560415937744263, 2.128941185391432, 3.3931583996530317, 2.2265497955637925, 2.1949428374057995, 3.352547208847384, 9.61119793072077, 12.336723194619351, 10.219617940291108, 3.7132279718181387, 3.341649410731115, 3.176687123034067, 8.179949963704594, 7.908758564610931, 3.5147229744741177, 2.3947168357076385, 2.646568047369833, 2.117005812548228, 2.6654959819035584, 2.332087407256125, 5.621266149124384, 4.413514507008383, 4.3134208162300665, 3.2925587950509296, 3.3785542861306097, 2.0338698477579813, 2.376986319508135, 11.615350747043859, 14.411424762672253, 13.435767671972533, 13.13327103315661, 4.168567382419993, 4.120182520629681, 4.235247008343198, 9.658975764772036, 9.183121019357923, 2.9554494193428433, 2.529356475138135, 2.8837543641170176, 2.614815938081148, 2.1722805667382663, 2.170355581287044, 4.059287305060713, 2.269134853116542, 5.268025136580956, 3.264662778395312, 4.265310102590127, 3.305419117275535, 10.534208530727728, 12.978778194636654, 14.785888457247717, 14.07418287220719, 13.977437003177227, 4.575952696368001, 3.815411506034053, 8.863270547481562, 4.897993887923451, 4.009537367044654, 2.5052033443572927, 3.500819601393233, 3.419585216247859, 2.3207635352764777, 1.6354583191633214, 1.9694000613534082, 8.341948694008316, 3.392633366101233, 2.6456692506653225, 4.783563759386977, 5.071273954070843, 11.332434512477919, 7.719920427212437, 10.13368464048265, 15.097691512888236, 14.058736906666503, 14.446267753647144, 6.276473938337394, 4.007322620480047, 3.6056692296040165, 5.47467285233197, 3.064595674289647, 3.0213572531197346, 5.059087970793538, 2.125199077419978, 1.743647887731386, 1.5462392598107795, 1.6636549186220106, 7.672425635768345, 6.414772200487972, 3.446693318298494, 7.346635621040099, 11.496841467397887, 13.541201968217518, 9.81898935460175, 14.488435088781744, 15.247256688716787, 14.298365973016612, 14.471181424356622, 10.782232816636306, 4.474924107345525, 3.672562838180061, 3.624656806033624, 3.5381702131736312, 2.3227598060234547, 2.366657497922126, 1.7615662497878977, 1.4678052081152935, 1.291372432856694, 1.619554002939119, 6.266134241150266, 6.7676710038821914, 3.277057791408625, 11.834924891949141, 10.810639658766268, 11.030813354144952, 9.532799180870535, 14.279598325493511, 13.219890199055396, 10.678815378333539, 14.235720143550807, 12.749753250540305, 6.217069696833242, 4.352249238897232, 3.6582739632872108, 3.163565151067876, 2.8951853585993153, 2.125260059350729, 1.7872359270787987, 1.670895829786519, 1.6008630139943134, 1.6279284043404025, 5.37980135882245, 5.069479015559353, 2.617162394115036, 12.285135917949354, 11.858256870310175, 12.286250070849036, 14.192660314133976, 11.487415046532346, 6.840506353309132, 9.846668907556742, 12.895102482916888, 12.481728227191706, 4.675345270975006, 4.180119930624845, 3.1892326317064534, 2.6697673856852147, 2.505234797031091, 2.239685546826759, 2.057413266823993, 1.5892274664790251, 1.6454663561937413, 1.5326585240456423, 6.798427892811522, 5.4886490786142845, 13.295581488295683, 12.764791260655526, 12.324111227022554, 10.693193824439081, 11.773460730964818, 10.584116806123497, 6.792468169590344, 8.864832966251255, 7.341163583323196, 13.031757629801511, 11.834485782788983, 4.224572666736158, 3.3043813869713037, 2.8525351840914537, 2.266178508062753, 1.9379041582339873, 1.8717807002387354, 1.413633319087052, 1.680472352113207, 2.5534902489218805, 4.44696069942263, 2.2278268122116773, 12.877008469761185, 11.94136777979239, 13.128241847838659, 4.256857131627675, 12.227081340923167, 6.720797835676324, 5.694427982248183, 13.549505871777592, 13.673168899473152, 13.033157023670716, 11.910948812445552, 4.635300528403368, 3.1141653868354964, 2.447144786720374, 3.026729018809812, 1.978016800166, 1.7217082591149033, 1.424223402025246, 1.6292400805917566, 2.872650283580347, 4.665884114098661, -0.39127409125492096, 12.99566177164607, 14.131462993370832, 14.05855818059856, 11.368439293598458, 6.455267327410266, 6.379783513424062, 6.311870300653111, 12.746034772922354, 12.954426998100859, 11.131822627710266, 11.756559516391153, 10.163615851316289, 3.465965766377081, 2.5108174393380067, 2.22336223930456, 2.20459631768756, 1.8197943244263468, 1.4034865134918826, 1.1474237859047531, 2.791672593291167, 2.2995470845668984, 13.127868183926074, 10.823810461532188, 13.88679109328625, 14.094393036876097, 7.849589289083623, 5.074551913562306, 6.175436414270792, 6.845184757621005, 7.026151327692285, 12.420813839073503, 12.97384312566235, 11.564161347191492, 9.960058894716294, 4.7844898302376695, 2.1687858612209983, 1.9814929036226299, 2.0199029111390474, 1.9614786860627635, 1.666680739922714, 1.437358045397479, 2.7932231511515972, 0.7150260484386288, 12.796665949140573, 12.884656587110412, 13.229927746442575, 12.723504016904844, 6.752250309054324, 7.1516720376140634, 5.909088477347274, 6.378302648888837, 8.229728271496318, 13.233378088243347, 12.37540562418139, 11.093559461237096, 6.924345813017895, 3.665677749301878, 2.522278122255737, 1.979225040886039, 1.7959897966969471, 2.0084038484452864, 1.838335506797609, 2.1879521788748204, 4.5908349138203, 1.8155336130450277, 11.4444693758036, 13.729336215448434, 14.05256749760029, 14.127702423359045, 7.6187426494472215, 5.4086279158479185, 5.8252762929335695, 7.4598423758621255, 12.429579924243209, 13.444947809958302, 11.317983729400703, 5.251085722091075, 3.994182692043321, 5.222086360905292, 2.7596658472977817, 2.1403124007842873, 4.015570541719245, 4.717347234453081, 3.8363060454323903, 3.0624750431032464, 2.9925767200587754, -3.778314862780645, 11.124201719357389, 14.060482147307019, 13.150197364003867, 13.542317521645883, 6.523445110013814, 7.401844368697584, 4.88110504056431, 9.150629788569532, 12.169632813079073, 11.026252173458449, 6.068138710680657, 5.5818813389093425, 4.355433629171621, 5.65216325104289, 4.381900133617946, 2.5314528106756318, 5.3342720271406225, 5.180291122465305, 4.2388037301461825, 3.2390870486761307, 2.559774973116166, -0.11611289779476426, 8.969784013204189, 13.567709720235946, 12.690908897043428, 12.307771073223934, 8.958761755932935, 6.92310025254143, 6.585087619112224, 7.9426894519968405, 10.698252503107037, 11.249406779798052, 5.417974619578135, 5.2972626080605005, 7.841887855340329, 5.1286720717996745, 3.7890516424703673, 3.243625910866616, 4.593706106965653, 3.7007139427048106, 2.863434298137984, 2.409303393020869, 1.7371027851864551, 8.485575696894589, 7.669173423240708, 12.615304489839605, 13.543143049580259, 12.72809485591277, 13.589660697746698, 6.99574996976048, 6.338979956810377, 8.0311752333555, 7.467770387077646, 11.20702752862057, 6.210108683240784, 5.222435779080324, 7.360910804276236, 6.574243504982463, 5.887374050055589, 5.394803969882321, 4.2652619934767, 3.6354480258226003, 2.134286826565769, 1.9007565618381863, 1.4716763843029514, 7.927876442424223, 6.245161455792807, 13.160947990484853, 12.252203227014743, 12.923870532036359, 12.78064141188816, 7.293342159156982, 5.840162469974417, 9.118741949839364, 9.153919328431957, 9.650074784763635, 8.15896644408353, 4.868829825568411, 5.135680998403112, 7.226267396700483, 6.030174528747659, 4.631939305351515, 3.7620790280588254, 2.4629356527996733, 2.144584618566533, 1.2385379854883343, 0.9074177951866886, 7.867043918059315, 11.266022407723879, 12.682559359187962, 12.151703288487488, 14.608329461939732, 9.801535964743719, 5.566060998461701, 6.936565631801614, 8.665789009424225, 10.560063618248378, 9.592531538069778, 6.006141195846741, 5.925865398465537, 8.112743029898938, 6.996934442027884, 4.565335270085979, 4.081324030775135, 3.779735948366698, 3.120874441281259, 3.1923177533844127, 0.4507164825715007, 0.1474372348256307, 9.208345396708461, 8.545683397156724, 12.249508855167191, 11.306771426785017, 12.206260524430855, 12.4378512993567, 8.392606212099727, 5.484779338897606, 8.115865654973328, 9.75225437310997, 7.878929137365246, 8.099783522741923, 8.082273202278563, 7.1694909583726565, 6.216762632341397, 2.9142636272983338, 4.227575110151584, 3.752458848676828, 2.8229241521533166, 1.538254858322156, 1.1078641641842453, 0.37974295002612174, 8.345669816830295, 12.035773574900803, 11.098416189880698, 12.179060221545344, 12.276314746793453, 12.244034867303526, 8.2086947132313, 5.989772809530843, 5.942606375022829, 5.960840560401821, 6.248427257678647, 9.047827599477275, 6.994100754068743, 4.074636548590239, 2.6852606535159103, 4.226354492446935, 3.314159959639893, 3.3831196902854157, 2.5783353552165966, 1.3256533302947675, 0.5513498123309589, -0.08262320149625375, 9.762854402708818, 10.666761792250064, 11.276535932150338, 13.137753205933732, 12.479588078585245, 11.786329010402778, 7.44296645520504, 5.678135781062463, 4.384961364700773, 5.375882426014334, 6.878946216053871, 5.957115169872446, 4.262944409980816, 3.7128780579537803, 2.770116898490046, 2.8666117886164844, 3.0939371179777484, 3.4050585205464188, 1.366310175225329, 0.7801337883758904, -0.5440744272914197, 0.19878857671965663, 9.59507926387992, 10.817723099498311, 11.877888216635835, 9.828443486518982, 9.815641432662147, 10.613792400160078, 6.080377122612812, 5.646326865581664, 4.421009949820027, 5.374567499151354, 5.314848501669756, 5.062129279622594, 4.213366209117517, 2.7794816356030707, 3.12905785878293, 2.2526849817254386, 1.8552496423076354, 1.2613331529127048, -0.008148595973764947, 0.06574839466146938, -0.0659591416473602, -0.23017856620944557, 9.683613166198214, 9.89907559621729, 11.005321644321308, 6.107963251921599, 5.615543158913358, 6.274381863870543, 3.841469195608937, 4.156848320454162, 4.703270984980016, 4.541897185784004, 4.5841266850813405, 3.7390278444825547, 3.962010589519535, 2.233857467569975, 3.080888859705879, 2.5639854445799894, 1.448452970625627, 0.9784699042331143, 0.6190978954758147, 0.0868817243027966, 0.37736786844062875, 0.16275857073898956, 5.514373292747391, 5.997702084307867, 7.121089757861387, 5.392601521713722, 4.568830438379906, 6.035249242298235, 5.579524027698005, 5.100652868205025, 3.7922515175476676, 3.066981659852081, 2.2436281517088723, 2.8683400407221975, 3.3010482600375552, 1.7632817022802965, 2.1169342622128324, 2.620617579239338, 2.335854437166959, 0.5853316404553067, 0.22490334927430766, 0.15075419812094795, 0.2787865220128839, -0.06628666745895936]}]