script/wind250m.json
{"header": {"parameterCategory": 2, "parameterNumber": 2, "lo1": 3.000054539987559, "la1": 64.9999836372058, "dx": 0.5, "dy": 0.25, "nx": 34, "ny": 52, "refTime": "2025-11-30T12:00:00.000Z"}, "data":
[rows 0 to 23 of 52, columns 0 to 33 of 34]
-4.93101036326966,-4.852777912227377,-4.63899968297048,-4.612663683678983,-4.130511189344108,-3.5610243904364043,-2.808811955436256,-6.247550312375967,-3.7059688138597897,-4.712710181749581,-4.508180691561905,-2.24305835483693,-1.7011109916765363,0.919560869109721,2.1991756061133896,1.8377042817424771,3.512161805267883,3.8316997210300565,2.619303213895912,6.6971829093940825,5.819902596282371,10.95376365406091,8.54216402640785,6.132532358925759,16.373825304439126,7.356314138724534,7.482750634121285,9.878875309861579,11.234180079057133,12.425936870407003,10.433502752928153,9.631646791194157,9.45591816702398,10.333297298011491
-4.650223544994996,-4.676459950925469,-4.634026663910984,-5.02896142640443,-5.547401413928722,-5.078623827365643,-6.20794880697735,-6.052790485082352,-3.031183796842294,-3.223163489579188,-2.959404097639246,-1.1976379330291216,0.11903030203457124,0.17991899930982885,3.3455714103517775,5.832910099291756,4.697692485934735,7.820657238999472,6.79906452759009,8.928854300771738,4.324421618310151,8.824726973362363,5.077441790162629,11.82769552216525,8.955325176176078,5.875230203244042,10.988224102316178,6.0456521518729955,7.713628487016287,12.107350781222067,11.552355884087726,10.916245334332523,11.505655096856376,12.994664127698314
-5.350088679449198,-4.938336095204423,-4.692020942494376,-5.587905488573901,-6.412668816044331,-6.274757649700942,-4.340736216763056,-5.672028898500485,-3.2046144699771024,-2.850172867793156,-2.056185218261027,-0.53935903955947,1.4052118945492718,4.402057029212593,3.8454415204413777,3.954450730118613,5.647125352633374,4.9472645423159225,3.2575199660468614,4.0127285551963725,6.82486522186865,7.57713950659296,8.337105223640545,10.517077481509107,8.865117475238014,3.2005006951724813,3.6365393758897073,7.141992833049428,7.298399325765889,8.649937191433231,11.728534054100644,10.88087210250992,11.293627325898894,10.79888549656508
-6.810747434511985,-5.13981553306992,-5.962226397454834,-5.504249027276481,-5.696281701970166,-5.501935580090658,-4.2655973061916095,-2.5498658610301295,-1.6836031699597356,-0.43176733342530255,1.067731168067337,-1.1367364871053633,1.5323793002549528,2.494703089766886,3.2909672631879916,3.716076777649039,2.7766610200429236,3.61581026692491,3.617615643717644,2.354278570621179,5.248835864272365,7.2702284366432455,6.4607489943457255,5.769053573097155,8.082161670672187,7.045404622244183,10.250587113190363,7.8943720277870995,8.272711422320002,8.905693584983574,10.08790658442876,12.213621216553278,11.633937898331254,11.546807219599648
-6.472956480766194,-6.190181202588435,-6.1118679480214455,-7.094080537691661,-4.3428332549171715,-4.1388458353822415,-2.6483845597478144,-1.6244938556831041,-1.6478478040304962,-1.3893385002288139,-1.1729976864820193,0.23421307634797334,0.1038844214524305,-0.173572142233202,-0.2877166380981141,-0.1273351145816401,0.5917254759671379,2.117889185441833,0.9296332926247256,2.519417514672919,2.677914684714234,5.332543712915851,3.992455783608927,5.206776384899579,7.738822361159394,7.486511288646121,7.010693579153263,6.736019720171436,8.45240526158406,5.756804869303489,8.417313264219466,8.530116521333328,11.717208904148753,11.562320231896052
-6.487353221639395,-8.432818273374759,-6.825772328849854,-5.00119247065752,-3.081860454845981,-3.114059052869663,-2.985025107588046,-3.674728689248224,-3.6643836998780666,-3.469556172637258,-2.5491718305597435,-2.4426884649917984,-3.3731038678750775,-3.7390881538992273,-1.7300226499260098,-1.305844586235993,1.377835124169119,-1.5238892447837251,-0.7860038729549641,0.5271196135143075,1.1268149086569674,2.3624198553791396,3.923425545975723,3.335788637251467,5.620239414040313,5.428876058746622,6.1900371114905655,5.520758057646097,4.904317845010472,7.2060920667621255,7.117891831328738,6.678318241553719,8.195852214907125,9.830219030417249
-2.474311921881452,-5.026176935915822,-4.424671984563028,-3.475010525755103,-3.792352819926522,-4.172185639893097,-4.867773892263031,-5.012403417926601,-4.855593850325838,-4.811138452294346,-5.713212878139643,-6.341297835506665,-4.436779036721445,-5.608624263132201,-2.39201404088287,-2.916558765588187,-2.583009638717266,-3.23472194535602,-3.561312140592002,-1.3138430917071187,-0.3619165777847265,0.1267264035185361,2.4180116410569563,3.8270027202160746,2.9208416105362165,3.719060032565468,3.302303863963364,4.2858734378572265,3.1805887101627017,4.546641032223057,5.663409203066488,6.503134510247811,6.815942145126625,6.474430785009824
-4.608087701978681,-4.241120581899064,-4.3653235639534,-4.988350608640588,-5.5135448657805455,-6.039836273261665,-6.219588495512792,-6.69074753934022,-6.856891026527742,-7.864592041460708,-7.727080288240442,-7.545136529837935,-5.227033232820457,-6.2801259175933595,-4.318561801795913,-5.9534977379729,-3.105283872388121,-5.2623993228604045,-4.866289414794656,-2.4776013932948464,-1.8960431466185783,-1.459797463666887,1.8582972386250218,1.7997665146268913,1.774364123915052,2.610696952702436,3.088533645090909,1.8238492244111413,3.1801452095855174,2.9853920660937274,2.871303952851266,4.458309414970305,5.905338964108626,4.554479972288928
-6.238034787167935,-5.319434957179107,-6.0697348704277605,-6.565429434184687,-6.753330465974104,-7.227570296800514,-8.039094761592349,-8.529547089263906,-9.373647629053547,-9.763831143659518,-8.406623775126148,-9.840838734601398,-8.609277672547591,-8.913902681043393,-7.264276224025306,-5.393936883661776,-5.042280783154658,-4.631160618937717,-5.2759621450045975,-4.432753564464575,-3.392044766968895,-3.215249396212948,-1.0586483501730388,-0.4603843885043075,-0.28447916951566854,-0.32668441568398215,0.30575668541044415,1.1471042706598498,2.005024214728012,1.490141020908986,2.2301251049171857,2.1159605074244174,1.4954478168698637,2.7527936558108332
-6.697949125315404,-7.054230349774679,-7.257582095127544,-7.392157940975736,-8.289511980163622,-8.93849052964874,-10.068625733749409,-10.598256443959576,-12.133592329293068,-7.776615209987431,-6.895645093016106,-0.6946823503800739,-6.336064728695645,-4.289722223888302,-4.943663234745809,-6.686940624702485,-6.9095498330590495,-6.161772245273896,-7.309853269014912,-5.185410842029888,-4.128131909784093,-3.496154628341237,-4.542841029420725,-3.235426753161707,-2.5957596389834423,-2.6616038122886487,-1.0341902057262564,-1.057213434921657,-1.0799305050204402,-0.6007891634153895,1.0060833112290737,1.6628041193217118,0.6499004159654757,1.0849374896693516
-7.161166637699685,-7.604697105590069,-8.019784691418177,-9.046551247664633,-9.639932913850085,-10.796502073472126,-9.119535077491948,-4.686528135414725,-8.129163512094204,-0.33599257849502934,-6.615468945122231,-3.5277505853344246,-2.465188586784542,-3.2029672336537915,-5.815258925117609,-7.356931255996457,-4.736987021511811,-7.584412303768632,-9.472281509227757,-5.516041034012869,-4.982784814394051,-3.6622454686892745,-5.358427667624359,-2.231669501061229,-2.7353458142652247,-2.0660117718108504,-1.0178156138335637,-1.8156462675217488,-1.4428913600659767,-0.6445828386711476,-1.7989395926140952,-1.5395125089136428,-0.36993696254274916,0.04803242235972898
-7.455934092604503,-8.296696393076981,-9.364594768719767,-10.354326137078703,-11.646918447084003,-8.121484797475883,-8.829584098753957,-0.23342316060166346,0.21716170574823201,-5.568996351189803,-6.61738229061425,-8.333157060811851,-6.905064203712161,-4.1508006089873986,-4.902568346111871,-4.093208482178113,-10.602317480622043,-9.247011697984139,-10.381612037509669,-8.969426378523432,-9.385616077526986,-8.448247730715662,-4.693587095126738,-5.415563742850504,-3.561640451721369,-3.69354008331522,-4.151276196584325,-4.0548609638349244,-2.6917039221163606,-2.2084117971122015,-3.145336219306606,-2.803750067142849,-2.6767283702365465,-1.6455791366340622
-8.113307422251482,-9.357168167190618,-10.462097849488721,-11.39936805927519,-9.976825860195945,-4.836174793740603,-1.846128412289862,-6.62655943596256,-6.081088335236043,-9.245379142381305,-11.93405224262377,-9.22884671305243,-5.328656489397107,-7.50756784086437,-2.165617893890065,-5.681342037989155,-7.38840482117478,-5.7300505824828685,-10.379326779377202,-8.313203525001699,-8.160649216555923,-8.393383604763018,-8.704202967076741,-7.788131131908205,-6.685573716822185,-7.042820472980372,-5.810767837184066,-7.035451625739102,-4.452766548636108,-3.357516102700981,-3.0140681253393873,-4.008464186623427,-3.4777672090988294,-2.696048831845057
-8.820660933152023,-9.969999841280941,-11.396865358823202,-9.83285773405299,-7.851052355653358,-7.295519347852386,-4.37389473773587,0.7019149907314346,-10.537414905366877,-5.9687002559698765,-4.370644938187396,-10.421271789101732,-3.8937125757797695,-2.562746042309375,-13.112974897448119,-5.380079856924116,-8.68456049005954,-9.78778257578634,-15.484815399218068,-10.364776425038432,-8.137941712778856,-11.375337128231932,-9.243139102246886,-8.692407833020157,-7.013855167163014,-9.340637188459072,-8.401926498038497,-7.436808148067662,-6.436287210362235,-4.794581705688289,-5.028101805600437,-4.576050508902833,-4.1164145347936,-3.617033254370047
-9.285739563441663,-10.586470376280989,-10.293804972965251,-7.748261557801922,-6.954899368340747,-9.316649022456573,-5.584225077524671,-11.142770822019248,-3.8876099174944274,-6.312169067222215,-10.7604474160952,-9.461548195780091,-7.334299485926108,-6.270857801368983,-7.284173175861915,-13.08070153984114,-1.5793598504107185,-9.765344893706178,-7.203017533187639,-9.52914571681395,-6.106882380924018,-8.129846018764516,-10.56823675122527,-9.48906403749663,-8.484763263028066,-10.12182470038103,-8.950950651587378,-9.702815239865746,-7.847050733297429,-6.420727230586482,-6.206255914799568,-5.781643066660041,-4.809722505897222,-3.7609630337747
-9.134183384401329,-10.002566917447393,-8.783072428858889,-7.043725807420496,-8.20965206005224,-9.592682592699424,-11.092198703873182,0.7567060931612761,-5.470466967484625,-11.213539408254233,-14.221245071670968,-12.354362092997622,-8.872876503200617,-9.609580377869031,-4.466890056471093,-14.443702685352445,-8.626649848037095,-9.182365601238496,-10.829184557438017,-8.631270241643362,-10.122667053170238,-8.631772971993687,-6.621407579936102,-8.014978678199265,-6.580423194714222,-9.70428828032273,-11.730879990410092,-9.194775721948801,-7.250308557056671,-6.91679900563657,-5.558621318275818,-4.264481908888857,-3.0666603875107388,-1.8609548239627125
-8.827188458612676,-9.034883220090919,-7.858318490526265,-7.543440917520627,-8.841023871578617,-6.6085294062873,-10.500280538337288,-9.31977423626452,0.23732910306169364,-6.26455141154412,-12.762309395436352,-9.186190658312558,-4.3332648282182324,-4.249310228001071,-3.6245507953983407,1.2084404582110704,-11.795990659053102,-3.470787697102191,-8.353628445045457,-6.179099503364002,-10.433502022639583,-8.162580151473014,-10.003769956165609,-5.208891449458297,-8.495907887637413,-9.785787696179076,-10.578544532234899,-8.90171267687781,-5.906939046236308,-5.018558991812875,-5.534958379432496,-4.667076628412541,-3.519364746620629,-2.988916694756629
-8.359769712316245,-7.741685516549808,-6.907490417953601,-4.938566143885175,-3.019691111395407,-5.6049487823756845,-9.889270893532426,-4.023248711227022,-10.476143446995431,-11.07363595520438,-6.943283127634022,-12.705748281203,-5.4257723032215,-7.210873444929631,-7.340752403157611,-7.779376844478188,-7.148279183175701,-7.543994861927299,-11.664915850713498,-12.169589099077037,-14.327780538871096,-6.66088548431175,-7.609387394612646,-8.715488403325038,-6.104160518248059,-8.90929822800514,-9.41810833541473,-7.524551508306445,-7.790152809400375,-7.259209340549984,-7.312316199930624,-6.410968896635268,-5.867649430423017,-5.112203744308483
-7.493381015689885,-6.445817330746521,-4.9052646705300615,-5.366762182890745,-4.572552736222602,-4.542981328792815,-6.8027818444248345,-7.829176960066192,-8.530379198528719,-13.01813607553631,-12.12856470256201,-6.264443998232463,-6.221663742315242,-8.89364523945415,-0.5418967255799919,-11.258110524342435,-6.009416343506895,-10.154766068380198,-3.834317728210131,-8.588390762956989,-8.814570964327201,-10.505923206016666,-9.602951460395554,-11.57497446395739,-10.721463134484733,-7.912934213099387,-12.782129300379315,-9.774289761733444,-9.372171044089832,-8.202294414619416,-6.486234407405943,-3.722153212614145,-1.5004067724796037,1.41739497435038
-6.392503261801144,-5.565178888549063,-5.9311521430192835,-4.689511660704545,-3.579878918080861,-7.13316838885881,-2.4344756428268846,-5.689708878376057,-13.047240905803829,-13.611679108322116,-9.381554873289858,-7.651362962607832,-2.8977684404216055,-5.504511754279942,-6.382573550473304,-8.81700284802514,-5.039410999356036,-11.145625141635744,-6.847544585318683,-8.387404405972209,-7.271594005214222,-9.370147597474569,-8.579973740164931,-7.762834672989293,-7.222140610525045,-8.458255247773844,-7.386630992261345,-5.291668414245361,-2.176817594221872,-0.354520273292385,-0.1858879259468327,1.4232451185141712,-0.07654865088474493,2.503173372265123
-5.967290516592437,-5.5262852753482985,-5.151983588569558,-4.343464238792364,-5.851260412172106,-8.442557614341677,-7.833285832904892,-2.315450210297222,-13.953242862634777,-9.430117449176963,-10.794687444228583,-8.19829852810508,-9.057135983832437,-4.425819121081719,-4.581321542573037,-7.208229792635296,-7.187605072530887,-9.937953216376373,-7.809508575859389,-9.68135056636363,-6.7342957094092535,-5.990413917642152,-8.65206145858992,-7.079350231054949,-6.3389507118470325,-4.699124158756627,-4.656663495657598,-4.143851248710602,-2.398866117191522,-1.2785168463571444,-0.1234655677351477,-1.0002689614762572,0.9468700473758596,3.994500814592154
-5.449848718910596,-5.687620144834418,-5.672507045583682,-7.465982867632637,-5.606070899234866,-6.079801598409604,-11.998361008690898,-13.085754635241718,-11.19508020067974,-6.006425664045038,-5.364778922989058,-8.512708490707444,1.6169748871426268,-1.6440124764783417,-2.07641906911321,-4.003355758639079,-8.377487790149136,-7.432302992052552,-7.084740980421126,-7.215284904169536,-5.634859206549963,-5.9060196303109604,-5.135647391451971,-4.927381436617413,-3.9926397400187543,-3.268600421136801,-3.1332950265935287,-2.8733351959433446,-3.5994230633892106,-1.8058157924988405,-1.2238259650620662,-1.2352710024955198,0.47275774682496213,3.8845323769633837
-4.799494011049095,-4.940601597707424,-6.804865100144125,-7.450731033352207,-8.43487442352578,-10.759451490097058,-11.70462085657897,-7.48902548041485,-9.784625385814943,-12.44605015603002,-4.541329274775154,-10.952097131335194,-6.650091459620738,-8.363573738861474,-6.050054728772898,-7.882333342154593,-4.999572329005612,-3.6951565535382715,-5.116725522365539,-4.066544841408956,-5.0402413017277885,-4.892464883895865,-4.1134807018679655,-3.8213117910031396,-3.335121429654947,-3.519798236698497,-2.5011838784597,-2.087664385576625,-2.6931317538968074,-1.6750527956550396,0.6291577167972526,0.18311442808682576,2.385206058782097,1.8813126596250669
-4.656796071122434,-4.263014925085694,-5.313007306700591,-7.660479710895441,-10.732973213651116,-10.98682841426597,-9.83457488213964,-12.537643731410977,-10.52911732997056,-12.608940152846936,-2.8123389543732538,-5.080322283934002,-4.11827895870664,-9.262106008782569,-7.279371127516689,-6.0124724237435885,-6.078126233584076,-4.838100831857444,-6.000719513148224,-5.372508995541674,-6.141054639502948,-5.447796342191404,-5.1966236307481015,-3.3753252490568775,-2.6513582561488507,-2.4254537779536447,-2.256753744869186,-1.2748832087864164,-2.101274479035308,0.25658960836346345,0.014001418544720961,0.4199348410143015,2.5958540281261584,0.8729526421728576
