script/wind350m.json
{"header": {"parameterCategory": 2, "parameterNumber": 2, "lo1": 3.000054539987559, "la1": 64.9999836372058, "dx": 0.5, "dy": 0.25, "nx": 34, "ny": 52, "refTime": "2026-05-06T23:00:00.000Z"}, "data":
[rows 0 to 23 of 52, columns 0 to 33 of 34]
0.6576148852818353,-0.8637465677308818,-1.3235124435921068,0.4697887736524512,1.9666522190735118,2.592730826072705,1.2171451569643439,1.3749616769291446,1.9260876093695227,2.1060855887246754,2.896910213486084,4.659579679020192,5.844952617516961,7.050885118670306,8.097184587954258,8.190867146645344,7.236465991851302,4.834639205473952,5.29157014099365,7.752127416890319,5.793650918678039,5.754152936173513,5.987022759609392,6.9523318761791595,7.6562325189737015,8.453155952697925,5.2668918069502375,4.081665782509015,4.7100889970432895,5.384981019349409,5.433950610896711,6.705712878679511,7.939145210757134,7.765046239548774
-0.005560402283864831,-1.04331499911989,0.9971021668279326,1.404563438375878,2.2293602555621455,3.463859611857444,2.2644010968481303,1.5204671879163967,4.40042434355725,4.216300607822341,3.515122150230084,4.162478504738932,5.064276135446999,6.123341994561448,6.578982756361403,6.715600647633524,6.310385571834107,6.486433266246674,6.62822097729306,7.6547574196711725,4.997236569767514,4.2328390921823615,3.587848680788921,6.30042076134948,6.066151780480646,6.752176386446975,4.625709146498017,4.919233344526823,3.9555905008968106,4.325697700140834,3.61137488455673,4.259850109882716,4.021073512650528,5.724965988605327
-0.24368938589916292,1.3580130801061787,2.450138312523537,1.0289604393746445,0.8522760263761011,1.6114835067492952,2.467847419368566,3.3221776997349197,3.6008403393448396,3.897896035033122,4.009601015009441,5.887390677056231,5.683598818606199,5.241885269894061,5.661751231742985,5.736081772962328,7.556310661809438,5.269267440619909,5.381202672907789,4.858543536525764,5.80039756148835,4.537303155612716,3.2548594637601793,3.1613290479332936,3.804503686353546,3.5055011788131454,3.928735978374628,5.019054458945125,4.6923492125283275,4.2794521610839675,3.897823907660513,3.4289394100110804,3.1887379295149083,3.664212364877801
0.23428934076672225,2.013793989130605,0.49261150261357745,-0.3211078872445552,2.2731947525526586,1.4474631086689964,1.2503449432424478,3.6010026527748935,4.033576601604239,5.621469248931849,5.82829275074431,5.446885988313303,3.868393792669981,5.489166296155789,5.424735229971145,7.092223748785584,6.097478734249526,5.04598655107242,4.7820952464535,4.702537472172468,4.102982842555283,5.15852987618411,5.164945094185962,4.816495096781931,3.534122677699283,4.204787600933683,4.665819577762151,2.7022163570545294,2.1950939367971776,1.0444049899530563,1.6294947766214583,2.4320970770552295,5.318920202269675,3.424479380622132
1.323884749991855,1.129855910893053,0.883218990063568,1.247908116725266,0.6900219192946379,0.34819645822757866,2.687100940224835,4.56613196895633,6.625797878110189,4.767991914211314,5.345701702611382,3.4046686325159254,5.139487752961829,5.303193361730412,5.624966048958323,7.152767640912269,7.607477168679444,4.001446824534592,4.950655936972138,6.739881782981844,4.545609779644499,6.110767663349949,3.092550350312306,3.566092884391758,1.7499256711322069,1.0083790633204428,1.0533607768764008,0.8910795461296505,2.5866769759631105,0.9375344370116493,0.8956974121853102,4.34576737702027,1.2581623064305587,2.7359302374420595
0.7375624003087381,0.38505482876197233,2.057113930895551,3.824792170222029,3.1807084262339846,3.0263292359056986,3.6969005368011025,4.882909620784946,5.3319008652027495,6.629110314100808,6.58486238175676,5.499680545700718,5.572197248912471,4.110539402311331,4.173466965977861,5.880068577383724,3.7484435550129667,3.1655414262113593,4.823231062978358,3.9760659491076695,4.180195619820474,5.632329742926922,2.870643902879277,1.0044233787695918,1.7389013686748886,1.0289134665603388,1.6170522008332484,2.669529213308654,2.988074966887703,2.9540735052345317,3.8805506133013066,2.603360445383919,2.750181493284395,3.381451681551668
1.8829116459842237,1.6873515250611144,1.171444775161204,2.5675791377878645,4.448054394460889,4.597745385258866,2.3659722895458564,4.004139998352597,5.977631913598855,7.512632321812232,6.978644705530725,6.954583678873449,2.5564822596404064,3.6926789975999363,3.006166687805738,3.4936825179035207,3.3212292407412067,3.8197421624896917,5.526415150544719,4.753271932989464,4.3236802288630125,3.8265148386843832,2.5987293728831675,1.1858571021761104,0.9650565353598101,0.05963451329564367,0.8779858763617404,0.7114179557121971,1.2895885773855276,2.376745848328709,3.2839776269165033,1.7466727758892722,2.8465712112061965,4.408109056554874
3.5030466273508334,4.104376071713506,4.151017948293871,4.877327657158499,6.09103749534614,5.963380786592837,4.436895711285219,8.324150570329166,5.706915197882107,6.133470868514639,5.741138297591417,0.8496074139526805,3.483574225436053,5.331588386592755,2.475790147131177,1.805793239014826,-0.7073801235193579,3.020630447098969,2.5648956741359,3.268157251804046,3.1623763579324287,1.5851113259791116,0.9328116053295633,-1.2574261042304102,-1.164609920102141,-1.9253669499378385,-1.0386440716185117,0.37640371250687166,-0.3241118727347534,-0.041841246175697025,2.3621091365908504,3.526166531367153,2.8318462808289717,10.754991705982633
5.906940296172364,6.501118920139367,6.803887723126754,7.205586869200356,6.952943780496395,7.627245655137303,8.715991055587176,8.761843062463376,7.333524301708149,7.204229099180685,5.435463099350937,2.497509805866506,3.940095600488456,2.3322360715751174,1.855909365270056,1.227705962284828,0.3853643372968441,0.08644874516478483,1.405170370090548,0.054676454935809804,-2.122537822511367,-2.8875654900509247,-1.2094917296458707,-2.341179275453212,-3.624721733094538,-2.509709351697434,-2.451428753202595,-2.7739115604030755,-0.9708673297424175,1.7724063958958098,1.9944992292191241,6.07099421066127,8.404548607263916,9.701123368384927
6.908969986986884,7.06123284005108,7.5273810755841275,7.824158543002693,7.461298075576878,6.167410247659822,8.484825419825858,4.346014638904689,5.194985252521668,3.3449344503140455,1.841584650924938,2.622430627681457,3.583519972401171,3.401123927286176,1.1020686455083644,0.9272403275794548,0.8567058992478569,1.9525477440976142,0.42363823721002436,-2.4852347426362598,-4.913657207875873,-5.833487243534978,-5.225449142948815,-3.351139778076959,-4.677826391584394,-4.125685701883372,-3.4142931710295605,-0.5715723914998236,1.7548973370106205,4.214591011141273,6.382110305670456,7.4599850649725905,8.974765685632914,8.506759480744702
6.913965653748861,7.406947230819638,8.74247264074878,8.83893292407509,7.923652721836821,3.270622020053834,6.956333729568035,7.464780813124384,7.755105966786468,4.669025364522286,5.679238684734782,1.7248058382462788,5.054350766804466,5.471945200750379,2.5036233700657293,1.6409257237362314,0.32094320169136076,0.4934445379261257,1.164440538654246,0.8477304302749479,-0.4163066127027441,-2.572797086931261,-4.652558186775649,-3.5342815060836204,-2.1111838394280866,-2.86478551969555,-1.397079335770838,0.8683709840343112,-0.7122282025275087,1.7658902694080416,3.9602608879493033,6.709885544419931,6.792582435643257,6.989375831781261
6.858655833671546,7.1555054796140976,7.53552472346745,7.42513551577282,6.468857949132153,6.510232719815145,5.833279537380079,2.639904460456994,2.0994995380829544,4.8487176803352705,6.426532450148305,6.607919719520481,6.713892696441292,6.6063997478774015,2.611838108559369,0.5660006472635152,2.020084722599844,4.403575691520158,3.117768164381941,3.876210203223903,3.3445072266648936,-1.9688194710854923,-1.1654245011635809,0.24979280082762392,-2.689726044722692,-3.5079486303130505,-2.21420326384954,1.2955649887571112,0.14292485713958136,2.3887065204966715,1.9433122277059922,3.4969191426598134,3.256445794820224,7.1496407468201975
6.586210752454818,5.988931246449989,7.217498064774896,5.970602417011446,7.964359643283539,5.883787096747872,3.110118047012238,2.0737546894558596,3.6673362442519593,4.4436371825639664,4.255567570227304,6.423822894833807,4.683808715154376,6.546816675217414,3.446888488393776,3.8541028419512444,2.722381389626943,1.480059272640431,4.296608127238592,3.603450582980392,4.601014423433555,1.5349801498966864,-0.11491020289649306,-1.1443753873170013,-2.9551540028625918,-3.417255410028676,-2.855062425766154,-1.5535665984676572,-2.5510152743409225,1.8520535558849873,8.272859339866812,4.2149541242541115,6.135834317360858,5.5502913262913545
5.486380554962897,5.57089289656351,6.544731826715493,5.882036322215353,6.62769424054265,4.456085959759531,8.215538583123621,1.4010226069450904,3.4601689706651415,4.820472313097517,5.6715465561484555,7.092562086200825,4.1245242949319545,3.542877262012887,4.340084541739389,1.9138345690411844,2.3631403023504958,2.4586754231645194,3.7013114848244224,3.7121232061412055,4.257914065185057,1.906322537316454,-0.8002859929472719,-1.5539714617146552,-3.159303599324694,-3.639883121085355,-0.5781123734496162,0.7013557782270596,-0.3259998394972038,3.0772209994260025,4.16240034561934,8.224275407544331,6.97954133958227,5.067121171127254
4.100436449378316,4.680683163069325,4.796710852040167,5.301320217348554,4.711868501264877,3.9992664218377287,1.7530618560667064,3.9771880690203014,2.228150136231561,2.531736450791675,1.7665343661581188,5.137231861567956,4.417559330177208,4.422087228656936,3.1900255505612156,1.819046121486337,0.30985322277904737,2.427851406669958,1.435193321909354,1.79746018748239,1.1615418450883956,0.8827385319212749,1.3544757933133849,2.6847395927385778,3.6556226044187525,4.034479942037671,-4.555534504299748,-0.4650603744506869,2.5591713037779598,7.759283324819691,8.775165996600208,9.204182824903512,10.784757276576618,4.464291455113193
4.355710153216129,4.865966941203396,5.379884804676535,4.480340983106899,2.7526077591515343,1.8898136077698655,1.8534913308048526,-1.1563670528210128,3.69602214819449,3.8279047078709967,5.44411230454146,6.880710995199207,5.874668045915199,0.8192847930402939,2.8935683251837045,0.4918607984560768,0.5500304376859209,1.4491912095054633,1.3890118949432084,2.1254507389154274,1.6958167784074478,1.8090777233855286,0.8861040993735486,3.1330904243646343,3.0961896947033876,4.4240948671160245,5.907354841073587,2.013881302843531,7.074998017811412,7.439439832281819,10.620940311291562,9.618443652567318,8.373359241901055,3.9686976204293685
5.110263112540506,5.703727401642665,5.731589857541991,3.0865285728591743,1.8485875304223622,2.2550505734225097,4.163351826147432,2.2125550021508955,1.6406539169392949,5.806981006154575,6.50472626486583,4.411049142234979,8.039221585854447,6.7256039868646855,2.9800744348772072,3.5531323529737158,-0.4187946950972548,-1.2321766523089288,1.469942229501311,1.8769847242727218,2.361656233676285,1.4647266966983543,1.4369747961728012,1.978215654024052,4.866607416291062,3.22154633730691,4.67417514546989,2.412206556480709,8.355468760827291,10.513356687281075,9.977477540629728,10.137304507489413,7.377935302037351,4.796566478748411
4.324712917002523,4.176026004511215,3.7234931281259716,3.198243030926756,1.0221903430959736,0.15063723913556223,1.5645299809337276,0.559098456615154,5.55496808640234,6.620532642485906,6.186452518783952,2.950023019876951,1.6971834690783743,4.83251571705243,5.818761747495448,5.566079120549981,4.3290195364457125,0.3552424255867031,2.8344174235745623,2.9470282885007597,1.235501701478,0.9101138968195689,2.1257260617792904,6.212919852928583,5.075849691869684,5.457992922850954,3.078436729752496,8.48372189870874,8.232113209187442,9.69872275160454,9.269733941406134,9.520545327113297,4.810515204218271,3.797271899557399
3.1529498604328854,3.7391678687413017,3.9513029843388905,4.20748081475488,0.37316952459699376,-0.32301177368772493,2.3134613942892104,2.1983705702900456,0.8299041854556487,5.980066254099501,8.073337454646913,5.3657400962248865,4.2167061644067205,4.003502047271871,5.672277529154391,5.06031767645843,4.955370116512994,2.6137288057488264,-0.4120627317170768,0.7735810811181927,0.43420650685295265,-0.10665646625995825,5.57293860929723,5.742858739660862,2.1025500840874534,2.134192237278938,8.152371938467594,9.330938291334837,9.05284878548654,8.196253652624705,8.211528534021056,6.730759407613467,3.507170512797691,2.1645740807258544
2.686549798398279,2.2441869282429487,2.2740474416775145,2.055158488573,1.1731876572882867,0.20237833102422323,0.6775168282544979,3.642613485724017,4.069802052133386,5.005272378343715,5.227514871527868,5.839013524772803,4.671721905395104,2.5766312083390934,3.2478408781780046,2.4691604322199305,0.7192485386373312,0.4036851430953819,-0.9677575382630215,-0.5380069526704145,-1.4359328189693314,3.0147431495782584,4.173029852144601,3.9165028223753,2.1659404631940697,5.85590374085935,7.349108381311072,6.605987787648869,8.286593698682426,6.507608318984119,7.215580423715741,4.7980433966845615,3.3315777700541584,0.3483876096478159
4.407383152454155,5.22724782124238,4.043679555650784,2.9503441834089457,1.70799533366198,1.77093235994095,0.3957329553779408,0.19048711064642324,2.7938656827817616,3.9101196693826696,4.916489765384798,5.775811940176168,2.1617359955958695,3.4909112139806586,3.6563685125009244,1.9499967678747299,0.01875740356070524,-1.2432516866253174,-2.783038555825789,-0.6019036835723961,2.497280878725568,2.5399954765878916,2.9000282293572788,0.9947425796401963,3.6856741825219346,6.0299019624948915,5.622985285091849,6.309493458868669,6.204949162798938,5.747709999101616,4.956542098357907,2.275011075637651,2.032156463462809,-0.7219636516141097
5.388704274441903,4.867285354116978,4.405489950640251,2.6853545287135443,1.3207272869161413,0.8881511837765058,0.6901963361571677,1.4903502987939357,4.031774417004852,0.8658587531429981,2.5673466692060996,3.668856141083112,2.717263579189504,4.242004665090773,3.7595080766904245,1.774752851426013,0.8473113357208959,0.0077338881153649446,2.5375520956796835,2.747519145637702,1.8200468357130204,1.5441546117517342,-1.5125672573082016,1.18252886491793,3.271943505358275,2.1876259409856535,4.81112711977221,4.472936736846384,5.058471783417046,4.432299291831515,2.468371531687887,1.041798000397007,0.2315028508855792,-0.7336169227489512
4.788973092015821,4.601584558627419,3.840990625249938,2.7760706685971686,1.5734515026484035,1.5096646004516532,0.9814427892694964,0.2775255516748927,2.211028741736891,3.911020829731124,1.18847338957725,0.5466759915657304,2.257398719757638,1.1101345518832375,4.417307978526223,2.109005051486673,0.41401765547529706,2.280642990779238,4.235714644065023,2.1878917705003937,2.954768518924409,0.3635600746545942,-0.03691794332241923,1.8902497717738451,2.94296624846785,-0.20114323984887394,3.61902477120875,3.450353052504673,3.681525085554206,2.3309115207453255,0.48561036656603856,0.11627270881331835,-0.7426018305636936,-2.577522696320258
4.048378808587258,3.4635093931542658,3.155641688886762,2.4974039845762985,1.0612821732620898,0.7281180676438815,-0.5275914966525082,0.670860302570472,2.389213123496574,1.5203263728040644,-0.1135703527564188,2.104288479812701,0.6013802190168257,0.178350298180732,1.1934919643240482,1.0891972645154069,0.697250104428573,3.9170303264861763,3.115465775548407,3.4685593523473788,1.5213255604489464,1.9320088560022157,-0.03395869034725668,2.409868192738281,0.7268964007660274,3.939249919734945,3.8346693153368756,2.0180939021231534,2.5960186355268395,1.1729236246569203,-0.5349632651386413,-1.3032870765368905,-2.5126471957756324,-3.571795266584508
