script/wind10m.json
{"header": {"parameterCategory": 2, "parameterNumber": 3, "lo1": 3.000054539987559, "la1": 64.9999836372058, "dx": 0.5, "dy": 0.25, "nx": 34, "ny": 52, "refTime": "2025-08-03T18:00:00.000Z"}, "data":
[rows 0 to 23 of 52, columns 0 to 33 of 34]
2.3533991795490503,2.0062248718971967,1.103567598094688,-1.4728439212677524,-2.152153168236512,-1.2559363316897123,-0.9805861656406041,-0.5164817640978087,-0.9569700357555058,-1.2697580188281026,0.8958995857850747,-0.30583539606187465,2.4384707673153416,3.973496264405147,6.1825541500489125,6.224273483779679,4.094237227690199,5.736373378078738,4.293018684483388,6.72116133923687,5.601184170222543,4.364202216894743,3.224253712491139,4.771363514631963,3.623623840878935,2.332159307365777,2.3873137263230597,2.4531328501781355,2.7329769244609152,2.5798902419193377,2.87590168067928,2.498574693499318,2.8321509789220833,2.4606204651443444
2.6122674876128906,1.8101832424315754,1.2319833319755977,0.48743018650018827,-2.0290564312817145,-1.5068197389445035,0.06924898154164072,-1.300985926464958,-0.7576878231680677,0.14132103160589513,0.6434201037794731,3.115382956822584,2.9687182377765535,3.772566267939223,5.481499005881007,6.2300362204717805,5.3118724448389685,4.9887618881967875,4.527957366540344,6.170581289488067,3.9819080952966757,3.648593847488665,2.5784423478019702,3.8156131996425904,-0.2173150658795265,2.451234136581737,2.3784153438671214,3.578913462935549,3.1387883737154842,2.961746884713304,2.901038014126947,2.4075229150544595,2.718835700369087,2.6260357288912393
2.6433104688283673,1.6866352907722424,1.4370341875995447,1.1141035274399513,0.9139896306358152,-0.9405022298945832,-0.8891969791154266,-0.4874603458591139,0.6032928488846003,0.6283880205820048,2.3878462614259215,3.2519516422617216,3.6819147291209937,4.703865730007141,4.980548314676266,5.4507695958939655,-0.3229668426142057,2.2785706217772344,3.3403493644304545,4.193954131210767,4.110164815440313,3.646953587522831,2.4770637247140335,4.718742837303442,2.628753241133003,2.489625016605253,2.7288519710926558,2.6660200087315253,2.2358475533795117,2.7572422134268866,3.08530805003254,2.9253749509476448,2.8895441033286615,3.0249255391046312
2.6571237915413444,2.1988096976642675,1.6571974992511023,1.5575521841465103,1.1193037060524784,-0.056970599882754464,-0.7267276013072537,-0.06495223278485403,0.7293815764313977,2.2834349748709646,1.7907270002459394,1.957142445494979,2.4879822385315307,3.8443464018597773,3.9199327086799123,1.9446945666452704,2.8151664172037396,3.529814946230917,4.381300751946003,2.8534287759713726,7.409504588515768,3.3248804457479686,5.665106303407138,2.4228199624041453,3.2365478593885197,2.228569277976255,2.198609125935274,2.5292265010380537,2.383236660025496,2.0423216284807877,2.3745699619715532,2.6359825337012692,2.8343424775676005,2.974369819813651
3.1273980335021427,2.720163887314152,2.7137972939368065,2.951687464022832,2.2340822240259923,1.4573808725041715,1.3252189394549123,-0.07955471458895966,2.489908579432781,1.8166520563458908,1.4256018673969308,1.8609589065027934,2.158379153822789,2.5337541839150934,1.1332910581034006,0.5558885611588845,3.3233219076523723,3.490455601810846,3.9463055170667736,5.418156335713373,8.281463991746442,5.336172741934651,1.923506802359428,3.233479396335511,1.4317952387158692,1.5782572128847117,2.692703791186801,2.638286933334392,2.637600228626932,2.676147032830416,2.4679290180927347,2.724637319198086,2.1639558124859795,2.5727184394306715
4.363667109480944,3.4277933564440026,3.294693469812734,3.0149631402404,2.920593765563787,2.7274570738893944,2.3367206673399865,1.4390280599175684,-0.8700614823723288,1.317277566823091,1.543386916365032,2.273243806051455,2.239277360616476,1.0904776299699839,1.1403358106262798,-0.43628009132018825,2.2807850608538325,2.655335723983281,4.951686830454702,2.643473912818592,1.2100900205882348,2.4962105027947685,2.2134381956975973,1.5244257726614967,0.02780143561635903,2.522492357321461,2.1849019206610794,2.1837657253495237,2.434670492823734,2.650524844191837,2.336308457714277,2.6049457364767705,2.321056371263925,2.35223671013497
3.3319591318112076,5.152044269445132,3.5742646734503256,3.51729281411932,3.563174888131925,3.8804034945529446,3.0306801806182855,2.795701859530616,1.353410359341737,0.48520973327271316,0.8640636262013017,1.8933407833007143,1.84629848794986,-0.1607062653401415,-2.754053856264599,-2.6600285070884033,1.5917212435051349,3.5804028753905586,4.250145991422231,2.1128536638576136,0.5264937680687043,1.9524917857060995,2.121000836890874,1.3471188573330788,1.853036635469876,2.993949272914324,2.1806346876172267,2.411312050513323,2.287590733073223,2.4525156940921016,1.748328216128586,2.275541410298691,2.264598017641816,5.928441969935076
-0.0599522516878739,5.9014043462699615,5.351150870202522,3.6617063088517297,3.977213376743937,3.7316929577935567,4.910889468297416,3.359937866124112,1.670352095300463,0.984008691280085,1.6723790026764027,0.04756121063618752,0.679569194387213,-0.741029551196048,0.1767105069068739,0.18326872858439705,3.0118356881920665,5.398786056609084,5.8521527661974675,1.6739325538997212,3.6281792838820244,2.56990765591729,1.9536655374933056,2.8455414931093705,2.3028739921523917,0.5730909904813272,1.996948524690382,1.535182103959242,1.7084510865849651,2.029875798050696,2.6435007305281464,2.4635141256881665,3.075126479549866,7.323796970020085
-3.6473636361031248,4.766413092794007,6.397057130542768,5.238296348619503,5.026610215342894,4.278541579185573,4.981548805135785,4.010960635859342,3.780564819047374,0.9326706921366867,0.757641102628366,-0.04972335176394166,0.19426773232073008,-1.4141687414650776,-1.1831629685668312,1.86549645504702,4.683187200230679,6.598800254316796,4.742014887160698,4.444728758015003,8.53755765424328,5.268020310324479,2.4901965840410285,1.9431141275433779,0.9067932579837814,1.874228534757774,2.5996772480001185,2.1644876971903173,2.4358917991302285,2.021813047450461,2.329364948498454,4.00032611376665,6.962908650624848,7.154307873668333
-3.8324541689304072,3.527522028650853,6.912983352595178,5.463226612327683,5.4984816137967805,4.707025328716207,5.097177296817704,2.6435395438186355,-0.5734319916696696,1.9555342120084407,0.8414044949305278,0.3217128918296752,0.27059061255721534,2.1461782918733863,4.312789120644198,8.207211243444165,4.0396985324321255,4.243804771076338,4.885457421971985,2.4231928264061304,4.3986991248005145,2.6316248109424016,0.6545494614895112,2.1280568676433984,4.659158776057643,3.3682199366000667,2.8161816832809086,2.362187183852494,2.3197487718779106,2.257431164430618,3.565894580576467,7.29944593640833,6.553876048077256,6.642309321447252
-3.870072096994765,1.9499991372763616,7.4740267907450715,6.324545674465986,6.879342434650366,6.037198823598923,3.385928975016592,-0.0013734311474424279,-0.2568379248027798,-1.7937525192024273,5.276871086282166,4.43931560930904,1.4647543727239736,3.0961223258304615,3.5610632967277156,4.73036600706754,1.9511185917477392,2.977020618944964,3.601776812224885,1.616595113922739,2.400759997699931,2.159896013187632,2.7170549940979254,1.9238650761016882,2.7848358490767726,0.49934024067886157,0.9930630462584523,2.226930360429338,1.1425527789014394,3.367397244279504,7.105397619589895,7.805473462377109,7.135440641388756,7.297292491524783
-3.874343395955293,-3.770017498837961,7.882098889164519,6.8526729595892215,7.582982352900336,3.146028232829497,1.9130004981629634,0.9344227994688435,1.6740929803901092,2.390507596845367,-1.6525472893140645,1.637727917450391,1.7035660131686676,2.6720329995631174,3.6047187218629997,3.6201076304179094,5.01339739758501,7.054715388021244,5.515249768029544,4.817907257953551,3.4748774472912816,1.6465319805428584,2.231811087849956,2.7128956251252805,1.8679596879066749,1.4116277304446747,0.11028562141291379,0.6756071892521586,2.1269268581049054,4.280362488193491,8.228901177888272,8.2277030666134,7.261564766708003,7.173676051878164
-3.907677227027411,-4.081977191003576,7.488610627725419,7.363091545422547,4.239600592394744,1.8620716989357353,2.260427995869748,1.2626342298650435,1.1491030622390928,3.536566448744508,1.6574922849181353,3.0884778278567975,3.646454739647851,2.96380516337543,4.362007466005268,7.739416186812806,6.022347434088155,3.9099796155284743,2.115784208588024,1.5601183252893214,2.778572963871522,1.278012993662538,1.9616023680261432,2.182016567402786,2.3800678010378458,0.483546355733598,2.477328736921936,1.9137578683268404,1.786243927308993,7.369757367430652,8.629713692969181,8.319035610145379,6.804934479623367,6.545819874394123
-3.612881641543431,-3.864571747191681,5.7438198775346985,6.781655885693068,3.1267890630918913,6.6763198269202,2.7550406348018917,0.14193301177265394,3.3606605408199877,6.123966855160289,5.764432982575997,3.7484472919911673,0.20629455961492088,0.6245804004144958,5.322576811618717,3.7026035106967536,5.590424855496669,4.434092837661443,4.486796623766858,2.394355056642059,1.6633903894911026,3.7069480232552543,2.2640332728611336,2.8591037934033467,1.4620198755381266,1.6082311664309776,1.4481481239743856,1.5855785933346724,1.5965735203145928,6.2858190579362185,8.670654443961984,8.327253918497398,6.627464333865136,6.684938308519726
-3.287959669681639,-4.1665316881064856,-5.036892303405106,5.832610442171974,4.318687991380888,0.3610611496181151,0.9069924805293237,3.2210126906689416,1.4834126983774556,3.594338798379326,1.9373849033395105,1.6908272793194088,3.804615253934424,3.069172781679413,1.9555166173237484,3.0170783356294106,3.5870782578223297,1.519019169055257,1.505331401526793,1.7370518315479118,1.2652918518061016,2.1182317182080044,1.8733307473258631,-0.5307443746092486,1.1829258963810791,1.7023450328158511,2.0003852308390084,1.5153854359650838,1.162662729295984,7.170762477726904,7.714692915829435,8.077124407656138,7.212742599367725,7.274177874729255
-2.9465457873913534,-2.1078142873138543,-1.5492000959723944,4.581068994824674,1.5880253289722162,-0.993039984734901,0.1873328369946247,0.5002263579532006,0.008592117937182914,1.5438399325952181,0.8906544688176372,3.5524286967303182,2.6688124875575916,3.232316058399621,0.5829824606915996,2.8124849716478297,2.734956406164232,1.7081848162895514,1.74884321855601,1.6452551290043762,2.3876672078176027,2.821740670560915,-0.48583424789515434,1.5290338642863888,1.4972142491960954,1.2971723778036977,1.1199804648306546,1.7211554452159201,1.486163223852962,6.265449192537251,8.3177408893156,8.740166053966629,8.24123587644563,6.643909331701688
-4.115741700207223,-3.2447742488508498,-3.7736428755415945,2.9575479607162474,2.0715523004496283,1.7469615302365857,0.7232133211148811,3.7280830022785434,2.3598911385632775,1.8129221544195206,2.6656991034337847,3.5731465335451023,1.4231405531817873,0.8851994974163374,0.7801341402216375,0.9332695928399447,0.9060456942761836,1.742937889006155,1.5952569521383675,0.7250406837367159,1.163516213850551,1.357520355977371,0.7203612001092485,1.895711079841188,1.316859846750998,1.0162378538284498,2.4018581935398644,1.2639685006382564,2.523972317725257,5.081753541957658,7.55594418098402,8.999475870926483,8.99558962241498,5.976832213387228
-4.356173903475905,-4.894691588123898,-5.428737921937754,1.242524508246921,0.7796863981504341,0.07366827455565066,-0.26261990663701545,1.9619613898510537,5.117722519337308,2.298844674472831,2.209082809687551,2.0845071004721025,1.7488801534131126,1.7127122512592827,1.90212008694814,1.0178825248798982,-0.18352637611196973,-0.5139448711822182,1.326913947163213,1.263300461427848,1.2363936829694433,-0.27219243564010565,1.2100678542324617,1.6279356522487511,1.339811992494766,1.853728810421087,1.0971532357414664,2.3577587240635824,1.7125032647382405,3.3850667146720093,5.520198670954591,8.764869773919825,8.968945872139066,5.787683598388956
-4.567917261789361,-6.046608675664434,3.4237871686111108,2.186624808470192,0.6282935333615194,0.009802328245961384,-0.20689461542818532,1.3224012066812096,0.2232849461955601,-0.7644349010990664,-0.7613499754294762,1.423195588485837,1.843617783087046,1.8285761964720881,0.9403308217922457,0.7268973710319058,1.880180088749459,1.2688251822321786,0.9570556631421336,0.6779165268613251,1.3245410634014236,1.7649922416895973,1.3024172076506237,0.7065658689628969,1.8275882525034495,2.291047775643653,2.557752744715328,0.5107011073419947,1.2704375412120785,1.5380144671406208,3.0559139596075395,7.274961607258984,7.852889140972318,5.969930298916865
-3.0573975293429427,-6.36205163503591,2.893373432461107,1.6340998065053822,0.3560869414125886,-0.21855043751874756,-0.5819344471664174,1.8273634763093207,3.9932747524069625,3.34652175503087,3.487188327529692,3.8124429747442634,0.308885407764244,2.940546468516331,-0.49477235185465374,1.7862099274231444,-1.2403023941235718,-0.783912113106019,0.08438289698167982,0.8383711443681717,1.2931556890779377,0.7831422971904255,1.932992645182687,2.0459160435820807,1.311515641926539,1.7813286020492538,2.1054005168792584,1.6521622566424623,1.5630421084738653,1.075065128504724,2.015616914310876,2.3486102312380908,6.445868663012818,2.9420676234738634
-5.65342107449158,-6.887260962889886,3.10618190539431,1.9379476128058735,0.02805716651180617,-0.5482905791731636,-0.6716713099450424,2.1651466123207244,3.5491401675718146,4.776324602437382,3.005715299838439,1.1824146241929807,0.4754672786449117,-0.35516762375832944,-0.31501460717562,-0.177592468284063,0.6404829359037321,0.5578726239085924,0.8668538636517185,1.8223584474127927,0.8336160481561444,1.595387972720446,1.4092762553373375,1.4767711140643731,2.7224838081154012,1.4795494960059359,1.8139594602806304,1.7501593067919152,1.6435335626542618,2.231696628591333,1.9575977758999843,1.892544796104262,4.398300931349657,4.340108583816194
-6.669855979299092,-7.639457104737539,2.4194343249152968,2.1405440829905458,-0.2904599312735827,-0.31554127444630814,0.8371792497837242,-0.2202221857190386,1.4535601871310802,0.014568241235871844,1.8020578544806463,1.4299981079133932,0.4423417533065134,0.37783371737967714,-1.17588229963846,1.1015298873485484,-0.07965664779344765,-0.6563555774176816,0.3447534355905466,1.0921769014251255,1.5574245611534587,2.3634671533147333,1.3918740166987824,1.2937735467578015,0.9795096776619706,0.343757326317,1.451581493944412,2.268077539347599,2.314749013295903,2.2116313187989034,1.7862861898618172,1.7170494579030595,1.8606043109562924,3.9663652463324865
-7.414219145877577,-8.084049438731547,-0.3231491292735725,2.50369578488271,0.06374871927711195,-0.7749359923998397,-0.7467734143744056,0.28103856236078123,1.6099831323800613,3.06009062134597,-0.10361829409949315,0.7022267302015885,1.3977932761627359,1.0343073377808356,0.744330741802747,2.934116082856419,-0.1915088295154481,-0.5100513588029714,1.988179141980636,1.3673494161172703,1.1053512555794653,0.6485385997707488,-0.40497247542869286,-0.18380193153654734,-0.15705957525750372,0.7482138395034632,2.9479760645535613,5.121347106593463,2.3685462215151634,3.2272642469469464,2.663909346499937,2.6620072178149727,4.209841350119944,3.6568270705190313
-6.81706562474496,-5.703296307551551,-0.12063514500918966,2.869548055453924,-0.8483257599602093,-1.9449203412630254,-2.7228810586227836,2.4944593031077957,2.6220541662915466,0.5478313423234507,-0.4396272918002292,0.4695388964939824,1.1890845651450135,-0.05384450383372381,0.8633330451858888,2.261220380136886,0.857212494730787,2.5993299852377225,1.6155333372097669,1.3862238757001122,0.8509498763993861,3.825226180834202,1.3579724456210185,1.4440202549980783,-0.4351505848655469,1.835390377810908,3.4131350859404033,1.9443864709083105,2.0815264018117836,2.9463479321631776,2.914067748837603,1.7093148585102655,4.511149583220669,3.799417805413344
