script/wind10m.json
{"header": {"parameterCategory": 2, "parameterNumber": 3, "lo1": 3.000054539987559, "la1": 64.9999836372058, "dx": 0.5, "dy": 0.25, "nx": 34, "ny": 52, "refTime": "2025-02-07T08:00:00.000Z"}, "data":
[rows 24 to 47 of 52, columns 0 to 33 of 34]
4.840992999923973,4.362400176154351,4.5311926531704945,4.540929524032827,4.952726059598271,3.271170212350445,-0.0676438741095368,7.0567926528030105,4.241085593538389,-0.05667410265106141,-1.298034818946564,-0.8589937538091661,-0.8204265199557759,-1.9626677010693265,-2.877379819497286,-4.096390913202695,0.6082839548796205,-0.08607072549532788,-0.14413832272536303,-1.2290142200124676,-1.7204520094891202,-0.29658232888573055,-0.964011668932882,0.5811670234635622,-0.36735163812728056,2.038955931378515,2.154792766441291,0.6690378986351396,0.6476955833166165,0.4555529910160954,-0.2087733825223818,0.10690493100932794,0.038181651533534505,-0.4833298157677363
4.814781704035693,4.838317795814916,4.545472091847847,3.7517397980249925,4.176993228468265,-0.8070879946842944,1.5095771809907599,-0.7763793488703234,0.309793634773524,-0.67539305331922,-1.5338247688243922,-1.9694623780184028,-2.0926206912929706,-3.540752848977959,-4.376770533021199,1.006591680122162,0.7327836214146777,-0.7245565477781047,-1.5079217034518813,-1.3949252336639775,-1.2911969095672684,0.7800832384148634,1.1488825696908833,1.2213805077532593,1.1634805983684133,1.1710600404160387,0.9523185425969559,0.3118394911227122,0.5374186000903511,0.04427409852407455,-0.7440652132741857,0.07764685942531659,0.12921898075340846,0.4519954735421542
4.38795910590594,4.201680717614467,3.2649864909873387,2.9574218215524337,3.310283316748959,1.131481645097884,-1.7515660821438497,-0.2723789424478988,-1.8272452994848878,-1.6741851577548525,0.01047935521581276,-1.2611691007009398,-3.2501847880572448,-1.3646303565405582,0.7406671529736248,1.2201641279676998,0.0632899779600666,-0.44098003125884744,-0.9125389015217094,-2.974825876598084,-0.11025323623119579,0.00785748765410952,0.8572860397221674,2.7737879659176383,1.5888598127199076,0.9424999187144966,-0.0975154653091912,-0.03205244176326217,-0.5058442052788853,-0.13232330766306744,-0.43611557222181585,-1.2581091900512014,-1.1906643100709209,2.36796780594849
3.0078916491479895,2.5575715928282694,2.6819462823814466,3.2908186759457565,3.386805829192955,3.15724962781774,1.7126430783896738,-2.6265481047497627,0.052774137948078025,-1.0740183724497077,-1.677949108545533,-3.808142524686875,-3.6534084346905167,-0.23863532395762593,0.028936494996511054,0.6714017291117587,-0.4803582544106974,-0.6624468538537129,0.192856497683865,-0.829288626009322,0.09285349602871244,0.7955039479290485,0.1908204196140408,1.3870915632307157,1.0633764107230317,0.7980756320211325,0.025879204114893417,-0.596426293406982,-0.23072332715541422,-0.4167668979264252,-1.9908072437152045,-2.9938535823469894,1.3354221492549225,1.554328702807308
3.1194660697713092,3.1057692467723954,3.028660320223241,3.280592274389073,2.9390809953793178,2.5925568857165064,1.9985579158980193,0.17381838386877427,-1.322561230576784,-2.4077628410772367,-4.54566712740323,-1.7046237550994403,0.09220323476719551,0.5068466152622693,0.8163085225650087,0.32072281328701285,0.7245608628172424,-1.5506126342355842,-0.6091766900016525,0.2621623143492255,0.11201431582135317,-0.5939299968725551,-0.42586751894632235,0.7761855463195341,0.44331341271342595,-0.015011275864121567,-0.08856484319017065,-1.0725077501458744,-1.4798315648775795,-1.7329778565286171,-3.3583297482518413,-0.62028245710837,1.1133607179532976,0.5902390586175604
2.68499245041536,3.0729590594289813,2.8328393491788644,3.1480501849740086,2.931213557324745,2.112975677067671,0.8590182668601322,-0.5129230333231667,-1.811464223248742,-2.3993216716793,-0.5015837446614345,-0.24397814659804024,0.21403100540603895,1.0062006928821936,0.9092352425266982,0.5965554734047374,-0.046444894246540996,-0.7821273363289596,-0.8417804534508553,-0.8619416660361533,-0.8329228300311052,-0.5525634319188765,0.37062022940194916,0.15141337253772277,-0.3869760963256081,-0.2638087521646468,-0.8338444435298684,-1.005071059983019,-2.5947196677671864,-4.012947845111814,-3.958758163894341,-0.993859444606317,0.05610446442742572,0.40406426476115853
2.9910549062909775,2.5606595236274434,2.4065429708044035,2.049167076884807,1.5610589672531106,1.44760425591566,0.8894182878998806,0.6469059145889877,0.2321809735797275,0.4108916476326984,0.9854330270662482,1.5667812055796924,1.2416222417015153,0.6017354134228242,-0.2717414964425059,0.416549445824806,-0.8491943986953834,-0.8793534097582327,-1.1260226176531336,-0.5290832165886821,-0.032131038427316336,-0.07738611365375206,-0.3515894579512301,-0.44806654469107776,-0.4674038059081584,-0.647351171316483,-0.7739709504278979,-1.4901893725960431,-4.207144612584044,-4.042478915803851,-2.920857618731115,-0.3777714358581207,0.8621745654405731,0.04004649674345726
1.300218700828,1.3956901030475672,1.5954340061215921,1.7297665784911558,1.8109874748675925,1.4754176044353284,1.2244894127452695,1.3238725518749,1.4793070436940416,1.4582299868981916,2.0495293377212174,1.483882978736716,1.0909018819734215,-0.16463721537903067,-0.658822409247147,-0.8254658764303355,-0.591006069560614,-0.6790493294489616,-0.10542802021990139,-0.3364673363329522,-0.4033400024437475,-0.3012467071741061,-0.33308008368946224,-0.3431904354610248,-0.37454311754201564,-0.3374651223898645,-1.6731019012388373,-4.498081542329808,-1.6558039895348997,-4.307778721974853,-3.025289960238826,-0.21329127674838416,0.8333019560506392,-0.010028093301990164
1.7044974198463052,2.09968638038554,2.0954660115709935,1.766385757406883,1.6749939972914851,1.547681129958043,1.0661707086790673,0.8755394801473013,1.0690023311648904,1.3510943395129107,0.92180478715343,-0.02223406515667911,-1.495672561718093,-0.2540748344107741,-0.6823468047341418,-0.5173156367635048,-0.5205495094549124,0.01872454156083191,0.5924305695563387,-0.6466436608798666,-0.05115368339191264,-0.012866461468735994,-0.3315859081856528,-0.3047105838958337,-0.42313871864053804,-1.734050189839816,-1.702310278092597,-4.841638357121828,-4.681725469820331,-3.8663029332115717,-0.9506759715995847,-0.23563133181523493,-0.054918098158158284,1.3980581505886864
1.840344006606535,1.7710503944540608,1.5906612600662102,1.498297328851538,1.122278719571408,0.7211287289566854,0.4992462815373168,0.7471282832469465,1.1963031406071336,1.2823893805476883,0.3262879326878487,-1.0238153495389797,-0.6585958249524454,-1.246876295276252,-0.7714756554874426,-0.07550683364895973,-0.8318969620968631,-0.44263929607011515,0.5503997173419989,1.1933789643644206,-0.015734392436226992,-0.34827817027525226,-0.48807385453407853,-0.2633314111407583,-1.7791149663074592,-1.4841060082648523,-1.9102302749480888,-4.425237396121933,-4.7424325315611915,-1.7488152956372858,-1.660753426973793,-0.8127622210026959,0.6788877178848941,1.58224104374588
1.4717612459532725,1.3564736058403473,1.4663846370488698,1.3841517549215436,1.2759932289607914,1.1011159545689937,0.9175710859384877,0.9750665594625815,0.7134771171009152,-0.10858419067951545,-0.7779549534713761,-0.14453743179761674,-0.7558481347573849,-0.6292266986196309,-0.25698547047390313,0.09625119849230254,0.06972953941120594,-0.13517527761463846,1.0706204384665368,1.3538465039913512,0.2900338891152352,-0.09370081532510012,-0.3415901289214699,-1.2868091997061577,-1.8223909289699216,-1.7704707574818301,-2.1910601380789174,-2.160915686579006,-3.2516812588938877,-1.365737238541941,-1.0088637821815443,0.3104467373346434,1.370101188171747,2.011974987092549
1.9422864941262026,2.0565581521831486,1.873945461301767,1.4358718592220998,1.106327015077679,1.023014657537443,0.9214546864149044,0.7032556226130937,0.915158121936065,1.1612991281265521,-0.31053133376910624,-0.543769848491676,-0.5807769877617047,-0.9208557467970415,-1.0768712437894585,0.12067325781076844,0.6594168722907264,1.7754857182901818,1.948820542914728,0.7231473403612514,-0.16169618007576644,-0.32552293749293176,-0.6313472775596225,-1.8491694355779815,-1.914402036278,-1.9514300419710506,-3.8542775009471217,-2.3774103166317273,-1.4931416406947666,-2.240845816829071,0.047388234347677596,0.9845615094217102,1.642221490553121,1.95706367696608
2.160496151161896,2.177001075948339,1.635947080687756,1.3513262105347053,1.1551597367434647,0.8981242390752107,0.48910680898736725,0.7207514295804539,1.2468275584913713,1.1146026881235727,0.4197856087955323,-1.7511499803448802,-0.7888264976736138,-0.5476155477850907,0.15141045995451613,1.4016036332003703,2.0571311054228416,2.109211259555327,0.31931140929395707,0.16989418598483702,-0.5607377922631089,-1.1320098545497617,-1.8999878555971783,-5.34348225834127,-6.805235654778039,-6.690828399437965,-0.6866323019406918,-0.47842656667742733,-2.5665841027755225,-1.4043232010653817,0.09817067401364418,1.021475736768928,1.333266292518453,2.4498282190502447
1.9029996812440915,1.790262836587098,1.3994138067240252,1.220124235171943,1.0482677687326327,0.9580235281084863,0.8502053241916611,0.8678872163144823,0.7518583149088004,0.3982548130552501,-0.1719469778781895,-0.10284954925346176,0.2507005550057461,-0.12037581693348212,1.0978631358629714,0.8784405556784862,0.8747408794079138,0.21925045420955142,-0.5009486083459029,-0.8650403247738494,-1.7657232049995277,-2.5705356814995337,-2.3723777335429737,-6.343615519862307,-6.5202176967611996,-3.3145727122704223,-3.428854366451487,-2.628458298117908,-1.995852655252007,-1.5417843623930718,0.03310310608649003,0.39510599368496496,1.904354290179103,2.22193319410154
1.772488960236775,1.5248317607084139,1.0938996905108362,0.9606459822852088,0.8894778068935777,0.926739518415621,0.9049294517831694,0.8761819263963928,0.7353490653549641,0.3367399583337146,0.0917543338067904,-0.153592105091349,-0.10772650423880954,0.10225632195939884,0.07572314446100434,-0.17607975266023904,0.7500736839372435,-0.1898480280256614,-0.25136663799964765,-1.2832919784145327,-1.7392890256282199,-2.1450786294291406,-2.959689057016551,-5.69757059480815,-7.565048128086528,-2.8541819324683693,-2.304116842896533,-3.4080760301964905,-2.1642909967481447,-2.074072342612558,0.2701168058434552,1.0783768416068469,1.837660518767049,2.6705843397748925
1.2619119397257368,0.9645542295520041,0.7772321941840727,0.7144755624160798,0.7626174010474085,0.8316285833919126,1.011539010936262,0.9563747527892739,0.6506023247098235,0.6841170935254152,-0.024465210160581372,-0.5780217747598666,-0.14709425320295688,-0.6357645771423451,-0.09983109346922991,-0.018800279976582443,-2.0380969284084647,-2.0208079188083747,-0.9266536921593205,-3.388409351709088,-4.624591766162313,-3.663432763168294,-3.7348704599039615,-2.717520001313296,-5.095597221832952,-1.9583554992802417,-3.99811622630747,-3.116245097961466,-1.5987201216845963,-0.726884784095845,1.411980771583129,2.366401290281963,1.8377660102234314,2.377933336572642
0.4305539047877181,0.6309642756884503,0.6459062036517536,0.8658762751562842,0.732912711517404,1.0147772143623048,1.2026220343528211,1.1716534664769165,1.0533183893353668,0.6869859046082607,0.003177730169605637,-0.7884721309397305,-0.5259932506603774,-0.7704598486293794,0.8243701745375608,0.008987076565916572,-0.3321890550634267,-0.6349949474666476,-0.8989766100261788,-1.6186745475852065,-2.242724065215913,-2.9567603574789567,-3.0599937462977644,-3.502517203281929,-1.9421605117677332,-1.9888134675754578,-2.6184066168913542,-0.2965622051442952,-0.9397317220361276,0.7833871214755896,1.455165073757167,0.8781312443356376,1.1445511547167113,2.3144909121811983
0.33084475881028613,0.6308236455166756,1.2352158553246115,0.9984544504199943,1.0925741653058751,0.79074018032465,0.7476069286709858,0.9316771023884601,1.0611686209529838,0.89315244958807,0.5037077403939332,0.4165649367990737,0.05615594680568837,-0.3164339647928465,-0.19215481430622075,-0.5657465019946201,-1.2624884867877553,-0.6113349774833935,-1.1131973027409223,-2.199660084122687,-2.3382128667377704,-2.3188024185512393,-2.7735551165756913,-2.3887372336882877,-1.5193401334097691,-1.240172331901276,-1.6455080076595017,-1.1369577303469047,-1.1886017551417372,-0.05389139324829728,0.47626055055389294,1.2027818202421074,2.3252495928490187,2.2410334635529567
-0.0619459526652625,0.38602527932832364,0.894662618445779,1.0534900122772866,0.8276545462519405,0.9442264494631208,1.1003415040849809,1.4315581953942211,1.7640600560381912,1.8129426945938216,1.089350858191839,0.17456808235180973,-0.3540855412324215,-0.5118851804938598,-0.26734071161686124,0.0772077679184725,0.061034275725048624,0.059897501045130815,-0.33011502804217013,-1.8464665346481728,-2.888350970226627,-1.036588719387754,-3.2934527384866015,-2.7150152298613186,-2.1962065921110865,-1.5806334397773851,-2.941112784646963,-0.46394501327736093,-0.9233036952100114,-0.5728346439418383,-0.11347124021149048,-0.10510419469452568,1.7401201453836135,0.27394162294725805
0.11181275308336548,0.33603683445913285,0.6010981147656174,0.8712094437724855,0.973313369091295,1.2067157469738048,1.3086780107858225,1.485000901812047,1.4442139680657018,1.2498031221300516,0.8491576519138607,0.03487206593501874,-0.426367346158447,-0.36423743949396237,-0.2800995882618098,-0.4528239103003319,-0.08832333150467431,-0.24993413693508207,-0.9235907091444543,-0.6627160051912399,-1.0517510789480362,-2.4295848369508017,-2.920830679565004,-1.7939779009084782,-3.7029499776855297,-3.976078815397526,-2.7091505925063655,-0.7687438813379811,-0.6720908143917538,-0.2038120958598304,-0.39211300559444534,-0.8079674583595453,-0.7364237420619455,1.0188351702283864
-0.4603450088806679,0.2280994272529688,0.44790227805510424,0.9408227608514257,1.0856571976234786,1.2313552870969269,1.5293932345763093,1.4023961644065703,1.190659507076859,1.1955378310396985,1.1262613282719842,0.15386641588721808,-0.6024411745780042,-0.65000336626436,-0.2759339958170022,-0.3396408553210861,-0.7699440079846748,-0.15784738501238643,-1.0442950238837971,-2.199258129594016,-1.1713732486877286,-1.2396724686538587,-0.8620905267085589,-4.242784895214381,-1.5672358437857576,-1.7447348108581509,-1.7453813919362633,-0.8480682821328976,-0.7980347231322417,-0.5671189764119476,-0.6205618858604459,-0.7281582130634492,-0.7015742872325974,1.0058006226756129
-0.4351238275100708,-0.7231356397170134,-0.04671716248932946,0.6786000732938882,0.9772289405379061,1.0556162868587486,1.3167505573017824,1.474507951352776,0.6263111650866454,0.36585594944572275,-0.033505324097079396,-0.4765352967498554,-0.859851585425656,-0.8165722543855409,-0.4820115736347437,-0.49096791524927463,-0.4898559548087197,-0.5457288255061311,-0.31673002797370525,-0.3195742946176014,-0.1654752314812639,-0.7418583367025626,-1.839345122841482,-3.7592123540545512,-2.0558965757600296,-1.281600733542375,-1.4974777994682886,-0.7862198353588533,-0.37153592565390714,-0.8570783629285019,-0.49009134488634143,-0.5676863079990482,-0.2821960189219474,0.5698681511249639
-1.3105514724412217,-0.4645487640610721,-0.39818554367439135,0.8143479272943469,0.9443895349252016,0.9192361157269533,1.2293601623423827,0.859875109757363,0.07863607417059651,-0.3475755933385042,-0.11843287720686259,-0.27015061085228786,-0.19770700427545035,-0.4997407870580775,-0.46175854755780643,-0.6233373405654316,-0.7952526127534881,-1.0302873620867339,-1.4978975961039407,-0.5308239857552757,-0.1043496404571797,-0.9734655061357814,-0.9363331652715894,-0.869195950293113,-1.946962587598747,-1.182527853280687,-1.0580018546787042,-0.7890067152176076,-0.1996031893196364,-1.136022453050581,-0.9038107063456109,0.09581595790275607,0.37428721717591773,1.47609385622715
-0.5467520997730027,-0.89464161526502,-0.5354593092043178,-0.4321872233015118,-0.28573366419891033,-0.06307373169011257,-0.30673625570318547,0.02023014654710749,-0.34386670097640126,-0.9440460681742749,-0.7776191160589933,-0.783989172556159,-0.987470952141788,-1.113355802751834,-0.8511819818691255,-0.6655719444932214,-0.23506397074554403,-0.49896344894266875,-1.705493325654142,-1.0105038705090883,-1.1328195800358913,-0.40559926119251627,-1.187864853965802,-1.0364951148460249,-2.4788565246557495,-1.5841027514731174,-0.9492489874287294,-1.3625610352537076,-1.0540680039447357,-0.897413152926456,-0.43063708902736775,0.5694880907355557,1.3960179798403471,0.7257621131979017
