script/wind10m.json
{"header": {"parameterCategory": 2, "parameterNumber": 2, "lo1": 6.000198445256149, "la1": 58.999992894266676, "dx": 0.5, "dy": 0.25, "nx": 22, "ny": 24, "refTime": "2024-02-04T18:00:00.000Z"}, "data":
[rows 0 to 23 of 24, columns 0 to 21 of 22]
6.9001276494097725,10.246543039141503,10.96220192144157,7.834237746060889,6.920581326812364,3.868974828883848,4.980852327286943,4.207764744369213,5.312351597365823,12.044802268723986,11.641079926604881,2.248791016438083,2.7598716522370084,3.9349841962672727,8.22520379973755,5.822285302162267,1.6031910839560017,2.211029424347945,1.765807172937348,2.7064567508944655,2.423725494765152,3.5048920067700013
5.984578057601078,11.094885089618472,6.600339522931589,5.208931892065963,4.259450400800468,3.8108849959793956,2.3476268124397093,9.975257143749527,13.497150085274441,15.26647528919752,13.634980626773787,3.932796200992791,3.7687564303558103,4.620137244036146,7.919860800803395,8.915772535959748,2.708820672414373,3.921098182943998,2.3507249525922176,2.1374583604789565,1.6324188927918513,3.0711855523541822
5.7995871979968365,5.297550785758406,5.555567318710135,3.005197215040504,3.110680480295861,4.4973695166745875,5.923320269638534,10.876364258094403,13.68330695657309,14.796434491521437,15.613920659807654,5.140237969051536,5.298671834767406,6.529717181956092,5.60742485614677,4.955194593874919,4.390679405024228,5.688233225715455,5.821385251011838,3.288223979743985,2.9424154922209644,2.7599073813598998
11.795233383278914,12.685163469494551,3.809608735990894,5.002460211740286,4.59551312961381,6.817574294817564,13.200624216342272,14.691337184097787,13.596051024281637,16.570401142716573,14.767254949761602,8.870142401883303,4.781677880277933,4.495180339056146,7.095621444837269,7.032760853890608,5.414350301391836,7.842660390971352,4.391026151800759,4.979916898916568,4.6621737442280295,4.648282196290165
13.10254778281725,15.068064409080593,12.920103704457011,10.549157747577336,11.949824897654716,13.222384799070463,14.419432623101727,15.919229151022062,16.412236450829845,15.292011832922409,14.639493335859974,13.782032718060275,4.457708151146079,4.537053338317462,5.1981814938989945,6.420332835444859,5.716973625446889,5.552530723773201,4.8837918398158,4.50228149218618,4.207883970634375,4.278619372569005
13.004125006176816,12.844301490766236,13.761703174686756,13.749607461235122,10.769953153482078,13.53469495168446,15.065452900916489,15.463994860538314,17.578990383284967,14.937941894389535,14.445091630312707,14.41395657796163,6.614890869161433,5.162722703740592,5.893015344825501,5.612855741444415,5.589791581588723,5.446306461770609,4.95287090790735,4.339592659329697,4.248251003790653,4.144834587922077
13.533591189042431,12.161184198464378,12.544568067893392,12.510374337311813,13.644051726329286,11.656403682360311,14.350159008594487,15.284380078792001,12.875178799479373,12.538086862962327,12.975406181144796,12.964988079125577,7.451657154719054,6.201982553590235,5.336403417799015,5.479440092792879,5.804054932298301,5.5319221490100245,5.6636178387433675,4.585266763650281,4.029560558734773,4.143530210113113
14.365356865345175,13.582414273451583,9.850312118308972,10.850018411264099,12.954708578773378,13.828491077082973,12.532762206015843,15.026498323553124,11.050532300366918,10.352675953264814,10.446387920877918,11.766729874802586,12.361185444364954,6.0711326985698815,5.922508686627012,6.038238337608989,6.207007251818016,5.729919718946268,5.4628351658836545,6.132909441478958,4.9050887809135375,2.20098052904414
16.040496284162582,10.287612235243655,12.486224537605358,16.283112657450477,14.904938402620092,5.177378108623376,10.299422127925634,9.73813135021299,9.072276362471234,12.320720739364459,12.289716881118782,12.637045956512141,13.611942989363568,7.936321861418666,6.359946016952681,5.887157418147401,7.051432254145358,5.72615462291924,6.010182131048716,5.373575896410721,6.045076715630297,7.817619224033791
15.523493147824585,15.795092481471915,15.575868409209512,13.047185913446809,16.15236440437063,12.750347674471756,12.295325884531485,6.23931447046129,8.73156749714112,11.231803114772427,12.29658201007234,13.138374378663265,13.600229310851814,13.719880274140996,6.462566533315089,6.7233723877299445,5.61619094763122,5.721593346300384,5.954362067869459,5.113556828299605,5.316786344294937,8.843967518688734
14.973057811304631,15.393895736860474,15.091458947100804,14.577156925987241,14.113432688791747,11.175238946624152,10.509938937753601,11.534948503839859,11.970998869211387,8.097262931531002,8.015942716466492,11.528193240312158,13.9654499618639,13.399871513562228,10.784467826940364,6.726840148752798,6.384998719290662,5.937958934018603,6.462336828842429,5.897893078592374,4.665398978416507,8.680606895260018
14.206540918647873,14.162816196097268,13.663648097448874,13.130099280995525,12.598147985048463,7.979159444812331,11.143789521778311,11.025252103354633,9.444350321013877,10.81425622537845,13.452688010965936,9.292622998902488,9.623404533423379,12.73319485047556,9.222123248359553,7.122281297578614,6.304152757305107,6.1491840541130705,5.8936227205626,5.91830647046676,6.890668941156548,8.828502635085293
13.416307094544583,13.436174303084508,13.274235350206753,13.177296096766705,12.429009208054799,8.88894147995614,9.205201003083765,9.273404674027827,10.025231290805415,12.243387750334108,12.275115177698757,11.8205530375993,8.269599775033457,7.4747337071737086,8.839293032568602,6.508714238238572,6.5929695034945235,10.475457783280772,11.54287192232074,11.794569900758047,12.478402820064627,12.405963061543195
13.165382969714626,13.078524343758648,13.460894785342278,13.095878403669541,12.211018686502094,10.275231293492045,9.782396257358224,10.217699618251062,10.03798972441837,11.376642607273123,10.815874665365918,9.21157474778971,9.379466283659472,8.619051317220777,8.795001237604815,9.22955067506395,7.295706675383784,11.94249806258673,11.322939057863849,12.132824802136888,13.888966528815551,13.624505471087872
12.411654614880534,12.91364608774907,13.341234480990634,13.630635815221094,12.503109039929209,9.706928203224784,10.546016863652616,10.85151943489807,10.14863847233883,10.091187568774716,11.759530212825052,9.186678604897134,8.973214161755338,13.579779927748937,9.55137414323185,8.550970606338398,8.893942022616526,14.260603073153334,12.346431968830274,12.233190375369213,14.243342591456779,13.909033116102979
11.952330376523388,12.47926060894404,12.977384963772066,13.560485642198913,12.914391439893715,12.534586434426284,11.091950130284182,11.981180131657498,11.441961992939898,10.48975454158159,11.806489512342045,7.941948616387061,8.017016850997592,12.825704718127064,11.237773871012052,12.272343667882682,13.334479150966068,13.633150828347455,16.678248909395233,14.805680221970292,16.066263943385636,16.93435131410561
11.34695644286115,11.915658566278012,12.3712617169768,12.867786653298596,12.282988816359547,11.976222883502528,10.474410993193104,11.725037346469732,12.968474065090469,12.264654992501523,11.160258884374635,11.183567128307892,9.90043986072909,11.02891744590355,12.435856207637952,13.184600407833388,15.451219446811422,16.344112064711663,14.867042186381003,15.28129088327772,14.945568923481718,15.67247635895762
10.481752839096826,11.182975459572237,11.940791547933552,11.753392464487478,12.293610564609446,10.997072174572551,8.89760129421908,11.054188657464634,12.43964618590678,11.881466402644536,10.74403912992622,9.058937232668997,9.94283642665886,11.502656475165411,12.285848380774562,13.900535689063409,15.257421650379417,16.543235005813276,16.89684030061888,16.325867097669768,17.138965983854092,16.73915074923417
9.965052100581909,10.140933325740635,10.635674523461965,11.12204911949906,11.538437808813313,11.707011515332802,10.584985198239325,9.898741063359783,12.302811153971412,11.888241648018573,11.656850078666457,12.33972054285862,12.20862006190571,12.546543468960028,14.047292391749831,12.98984270556324,15.467124177767268,15.980154723561233,16.47301220551763,16.173204658651255,16.882179800932924,13.362307314332115
9.876160532961293,9.977720244312655,9.474284528599481,10.327638228402723,10.8389707657574,11.545973324689824,9.338808400439722,9.88610997994684,9.478239534749399,9.448151149803257,9.568990148078854,10.516026921565187,9.607987590112465,8.883920081465314,8.785901930092141,14.070718103626572,13.950607272601014,14.895462725803768,15.574735352211047,15.148576622031687,13.322710737977147,10.821135949672662
9.531475377571848,9.710282609799785,9.281366168462188,9.59197588561052,10.13964161686662,11.076103289271456,9.206756357457218,9.219975515504409,8.192347593110618,9.096618712368937,10.273168503145675,8.875091743879288,9.936398509742062,9.14887497681141,8.052213186370478,9.904868863440534,11.959707068977554,12.124859126506788,8.379468769059601,12.165480309658287,12.000505082778421,8.993807893207288
9.879822948787014,10.09674995426032,10.414382395020091,8.210302891001005,10.47026188094552,10.194698077731381,8.62074301745041,9.687594462353376,7.899484550175395,8.92121482254518,8.829319300783677,8.900941569382498,7.8135977757593045,8.317859930177606,7.82352235407922,8.832664432044728,9.163623759569319,12.386353005361432,6.245811904957123,8.165006989079464,9.363408926672932,8.09165900580049
12.670663352276774,9.271968979587024,9.98443867107851,6.161957186975771,5.963114747716216,5.495428632066206,5.74315237294144,8.21851090011319,8.72723920660876,7.111902750109961,7.327857762148741,7.37686541062708,8.085359958907242,7.945720646422411,8.543519103643906,9.584638879759424,8.430799426234223,6.969481338191554,8.576542229767348,6.637540763982584,7.140445401109417,6.319791543222497
12.450192341376397,11.643930490396306,3.8804575914658046,4.554157646960248,4.06762760798075,3.5548207034992068,6.134603774909277,7.578091630154858,6.519880186008153,6.734137288664941,5.702086842726289,6.1318235483380175,7.517337958159963,5.728785456297213,6.7213716074726255,7.389931142301603,9.53103141165344,7.886765402785271,9.834974397131809,8.428079619112706,6.448952477998969,9.07848024763451
