script/wind10m.json
{"header": {"parameterCategory": 2, "parameterNumber": 2, "lo1": 6.000027932988019, "la1": 58.9999434238085, "dx": 0.5, "dy": 0.25, "nx": 22, "ny": 24, "refTime": "2024-10-29T00:00:00.000Z"}, "data":
[rows 0 to 23 of 24, columns 0 to 21 of 22]
-0.9010059169085669,-0.6025243142234127,1.1315471873531087,1.729093110685386,0.5533248837605205,0.6574674861121345,0.7533603524354121,1.2541533955832191,-0.8267256476869574,-0.4551361943705347,-1.2016565991796453,-0.9367287775836656,-1.4438762978573991,-0.7260992038667891,0.5249879035179094,1.3766575864807171,-0.7019733487727636,-1.1415982650225094,-0.7733500221135745,-0.618291123109354,-0.26595957619316307,0.24756921998080733
-1.1599201399479686,-1.1404200410208531,-1.4511556610941456,-0.3974365750901745,1.1332968778467818,-0.31939237915017604,1.2535005891899298,-0.6587836590640819,-2.7693511524490027,-0.3311220253688626,-0.2528353393367652,0.5359159463996572,-0.5936730017959748,0.1646247242540629,-2.7718595265722374,0.5453643170719099,-0.9391337652288495,0.435566180389095,0.6955473309808415,0.09346313992217573,-0.43732116401337545,-0.34172857504102816
-1.1059950931193183,-0.9802346053458549,-1.4646790939626455,-1.2584042232785784,1.1061277339607543,1.2765257149733709,0.5797533673656954,-1.4083333892056615,-1.073896549503685,0.09293353263498913,-0.41555023294644095,0.30489705131136174,-0.7079534311168272,0.6118465757999508,-0.6371390350283483,-0.14758601919856315,-0.6715326631198275,-0.034337507009408574,0.4700582849103857,1.585192860126011,1.292378169327918,0.3641082462920376
1.0301047029669774,-1.7734591331418126,0.4723992154373697,-0.5036831199477274,0.4662455759954298,0.8581437121947281,-0.3482972236423943,0.3683685851197833,0.4080723806911149,-0.161244309066774,-1.2403667015689854,-0.843775935144776,-0.3814133712751211,-0.35020809516054524,-0.4388860898462507,-0.06768830303525848,0.5088115679865318,2.5851032255965065,0.4952076554631189,0.9408469419536022,0.7509999199502553,1.090721236091758
1.569153697101852,1.5875351208883655,-0.06029698349921768,-0.19566908374670824,0.9140206211873663,2.331598412649314,1.8734268232395865,2.0953745239334283,0.9099814255438182,0.3787442399125287,1.229893773512494,-0.9203380990530314,-0.7215079676796383,-0.5744828648250633,-0.4167903582598458,-0.22604356830583824,-0.2066746649714228,-0.23305367783292993,0.706597349139415,0.7696481189867737,1.4207340866525198,0.3555361908691115
3.4038119598147665,3.6692273520922134,3.707765587640692,2.3049113200302433,3.1511701659298583,3.332052070183763,3.3401110880133387,2.5748543319106303,1.2777764146895716,0.4601273938036228,1.1346000367924576,-0.7523173426629784,-0.7895091329538283,-0.11268068671956386,-1.109912501518754,-0.5586257212184574,-0.0905377559972316,-0.24563686147976266,0.08751497187401656,1.2748853219551006,1.171510842346216,1.238351248933614
2.234529226158786,2.9804156725202446,2.1800546138115444,2.0536147256258155,2.6436069606540724,2.614296309295918,2.84857625315661,2.241809312482979,0.909854013279999,1.229052702755639,0.8452625865986351,0.9747993530867526,-1.003854204775391,-0.16852119165174514,-0.6746087970521366,-0.3938275240734045,-0.4797226104335118,-0.44149513291344766,0.03170419070834457,0.3919319918576549,0.8969087509265354,1.273501876249225
0.4724028436889499,1.4590274919022166,2.036631757011741,1.8668712716764106,2.0439090169744096,2.290007907353917,2.7731168448243078,1.6336971057642082,0.8343113120099537,1.3075286800312829,0.7487086275001933,0.20355296777866042,-0.3477953305885426,-0.5024320804858565,-0.03389738138349459,-0.14340667584519112,0.004963395627470223,-0.4068101243620901,-0.16177892326135346,0.3480576901153279,0.9289815074263048,0.7759915780160329
-0.0721206915477809,0.013698106619909587,0.9256098542906237,1.2704882149382088,1.4451394871567562,0.4499570303208303,1.766596707207485,1.885816551736644,2.023456275640205,0.43344156320215654,1.119826681155035,0.5527981122266049,0.9404119292484887,-0.5520298221759664,-0.2541354954053166,-0.29051694481266904,-0.23867942338766743,-0.18612951572393852,-0.4405529333286496,0.8297495782884098,0.43635917381427036,0.27081822968445524
-1.9343567313968049,-0.8880198776211565,0.008277961767664627,1.008296158011741,1.1856073401499647,1.3139843635936357,1.5153096101660013,1.5326390212661796,1.8741544339834104,3.636773717066617,2.663675862601192,2.008707079149516,1.7232912144579946,0.39752065991188995,-0.3929435563633319,-0.38155596811731324,-0.5999407502744907,-0.5505344117113374,-0.48417749385130143,0.004747680018643893,0.0506598048484441,0.9200211307153764
-0.6026630808554768,-2.0186850280690614,-1.1053417603845612,-0.371417967144027,-0.10854222397291344,0.7367228918499936,0.777674726689096,1.3306947738703219,1.7785053195850857,2.257246309563256,4.086645352091122,2.3908935779692824,2.0133461988912416,0.651506363334319,-0.9805720858146336,-0.38565276410522675,-0.22462530198843575,-0.5011352207770364,-0.6887314469949652,-0.01786081056839753,0.2665068627211219,1.8044766689625593
0.003026219826002122,-0.8385035414110064,-0.22396133523557268,-0.6207967272490099,-0.587060766212485,0.07553592469488345,0.43646863801657887,1.095053023204182,1.5704015602359,2.0134984624559973,3.325323507421096,2.8837597170165976,1.6671047777320096,1.0052602594003759,-0.7001072960383289,-0.032188450745203066,-0.40211297755794567,-0.4399502148650074,-0.8825655627314303,-0.3309245237049595,1.2381983874817368,1.0327367579940252
0.08801700873054356,0.8169044672363754,0.7719608547618793,-0.34404061944773207,-1.281960828821985,-0.13145315559085083,0.17544768493316565,0.4085862111786904,0.6968135646898268,2.7242947169823646,3.256856394511018,3.2316877791823475,1.0061896123186533,0.8072720914271494,-0.5037980437166164,-0.08133454573817278,0.41639241734255855,0.5093677989012388,0.08979304094646347,0.1341444064626546,0.4601368663708698,2.334626389146452
1.4031661134917186,1.3295775355671866,1.36844205498174,1.2322877879012117,1.4046223995797515,1.0487374457648575,1.1882145394789738,0.857979119581681,0.5992756124786845,2.6717928736288155,2.815010450842925,1.4523458493006685,1.28219116025821,1.2571024193299098,0.9944278626507541,-0.9241428049112417,0.4905356570217219,-0.16037112111558133,0.28589236775365395,0.25937810168737524,0.5456867447762729,2.068203848714283
2.367861049375027,2.600534453767083,2.0708230763036592,1.9824688590899084,1.812730024164423,1.2434768255152342,1.5274999507590579,1.8319337583634097,1.372092684351449,1.4390558648930358,2.7896460024020846,1.483384100492723,1.241938953793977,2.946477947342514,0.9845293918291734,-0.6303089223428833,-0.21058712637945803,0.10855476204687378,0.8394032883632025,1.2946753916030944,1.8782662167279616,1.6048443085434614
2.8166500734548277,3.08653942779146,2.815816277539948,2.1530178412321463,1.682660955615089,1.9023560704233384,1.3339825937280265,1.756247164779431,1.7469034362255262,1.7256181126205692,2.454139739498749,1.6744586261923762,1.8563957692021604,3.0979391536759664,4.745629233695419,5.393084155057039,3.7161125926399694,2.720499189840713,-0.17899144047337534,1.5896038800005805,1.807353198163085,1.6227192348366322
3.7960130444813838,3.7660172779645977,3.783257463147466,3.3355703925553906,3.3137478722708695,2.9558900811535156,1.8174966763047555,1.8387421209780892,2.415781515720388,2.16278944424917,2.711566037528557,3.774237332930497,2.840919506738664,2.41886259455573,4.953260509572109,6.518285782311539,6.354106337897949,4.959735886934975,2.338418090842483,3.0999088080408588,1.8726904604136134,1.9030528999439464
3.7281315649423146,4.141653188921885,4.871226541177405,3.929446818004186,3.33929653324414,3.1458732649850405,1.9769994185993915,2.717510494007722,3.8392614024847296,5.266461496026486,5.752426279265625,2.8121938595648346,3.096511294335453,5.306929826150792,7.549749411179504,8.26432073326326,7.7440643676397345,6.286814175475333,5.016542308092811,3.7227043908801623,2.4335521726608746,3.232866329629029
3.2327222715231416,4.602570748234594,5.555047198762701,5.656516252272586,4.875365367172941,4.67968786691676,3.6187287475318968,3.447954417157667,4.0518322222316705,5.984585400124694,5.25933748656034,6.608912077911482,7.86948132043213,8.544140920908513,7.259208243678222,4.726331116337621,6.013785148371022,5.057655074537136,4.645459284530432,4.257974723654467,4.223323658113661,0.7729205642487306
3.8036780027612673,4.454563924732542,4.811399871665258,5.714410550853047,5.102746913447457,5.186105997092821,3.976686420995785,3.524055981010328,2.8974828471897,3.579392119398352,3.955791586195361,7.439426919363219,8.60060504699572,4.3238016473731795,2.6699470538795356,4.816076243128637,6.295327795066977,4.948578548852669,3.883279831333363,4.133405906309693,1.4232816793263487,0.9333234737385696
4.334326052464514,4.604978139086974,4.817333763511191,5.167297683522074,6.085241672386421,4.34871951390138,3.4284384158159202,3.1502699253223967,2.549489104066256,2.8563653456606395,4.638468593080617,4.271259277068634,3.4584836517851416,3.7180986452696008,3.4100786616136456,3.715424076173484,4.302732734218069,4.614456372821835,1.6695783418855388,1.6549244873608815,1.2621207083144783,1.2284016138985394
4.29606555968951,4.111486603182527,2.658117415464498,2.224971002604273,3.4527680535321124,3.5269036789440844,2.5592008208750503,2.774294774323658,2.891588219079033,3.6688880981087473,3.7649284645351644,3.6254526462777172,3.557598945440579,3.4844274912000444,3.672526431303371,3.3629873609626824,3.482610073220286,4.295238549625193,2.17407793703614,1.6019005595910532,2.4496685979293207,1.2137245597883157
2.7312366112459134,2.950935180688905,1.6466040391273706,1.5147074575093282,2.9593066898341625,3.1446059570591083,2.1141159100661633,1.79367774428768,3.250608704238227,3.4317778852528034,3.0383151118062717,2.553266024108492,3.5045917584691275,2.5842228362296567,3.7075760821709345,4.293405842818756,2.867577952301471,2.12983857944117,2.898238015964998,2.1527150118467553,1.6815908169042,1.2100234761516107
1.8007708333003443,2.531668229784299,2.7094596545397387,2.3308498417873187,2.4117159659079723,2.933661486565706,2.595151008486317,2.386911279430913,2.772704527119318,2.4084813812927486,1.7883592400872574,1.9068992346406504,2.4279747592055196,2.240341469628385,2.3018886850276354,2.988919948558405,4.303656183346114,2.5660773971429585,3.4436327641033952,2.307798205913481,1.6344870165626828,2.3236218028731663
