script/wind150m.json
{"header": {"parameterCategory": 2, "parameterNumber": 2, "lo1": 3.000054539987559, "la1": 64.9999836372058, "dx": 0.5, "dy": 0.25, "nx": 34, "ny": 52, "refTime": "2026-01-04T20:00:00.000Z"}, "data":
[rows 0 to 24 of 52, columns 0 to 33 of 34]
-3.5574696733235354,-4.191453494951751,-4.9300400025153355,-5.149911211943634,-5.164381809469613,-5.648286241012966,-5.620610846440138,-5.264494360467297,-5.105938461295894,-4.13593576391479,-2.81120714005444,-0.688591135361467,0.5896364319956688,1.7880907372327464,2.5833692370919805,2.8275257865136156,1.919632965467666,2.3027593024343513,1.843340672196013,2.5181164938632774,1.9359911777240302,0.7990281484212688,2.7702521837214404,4.819559224771541,4.033837364171381,3.8274511499530077,3.0094134189774397,3.9366370517364047,6.02372862477111,8.308789564441046,6.986590858891848,6.363531888758267,1.468305672153471,4.518203380603515
-5.192021868440608,-5.483337361844256,-6.333851283511498,-6.610478202588253,-7.431886642800732,-7.995758329449094,-7.609279938240783,-7.2112899081695385,-7.000818227109068,-6.346620671334647,-5.269668290112221,-3.6358468975722475,-1.81581399060719,-0.342882965105639,0.08591822749470815,0.06484113960434959,-0.8635725354624854,0.7367508160398685,2.1604754020183554,4.445445769886081,0.5033617441672872,1.772008754629402,1.3140112342824146,5.3041422734021735,1.215718205630975,2.600559879033197,2.1459236538129556,3.0527116846817983,4.064104845656165,4.753991981668739,5.488949733043499,6.916711435586992,3.5790331605126777,3.202260241669668
-6.257248957497734,-6.079404191712239,-7.393730639271419,-8.342948711531209,-8.897503680185775,-9.307949479423197,-9.544513138181317,-9.212974327562765,-8.965604227196138,-8.589960448572496,-7.174134457856602,-5.9168220747740445,-4.363741263809871,-1.5975666078485316,-0.9770430099716712,-2.0854445612825363,-1.0663454876834613,-2.5508517191605495,-2.680726496899846,0.23280222301854223,1.648342376873762,2.045713074872631,2.326365133399213,1.6794076580243786,1.705938690319452,2.194641310674536,1.4105258336022057,1.944724705722165,2.7095671889002126,3.9050385554203215,3.9546363282247765,4.119245965469953,3.4730109013472363,3.791885479521228
-6.745487907898414,-6.822726586246104,-8.462678555041693,-9.501995347544392,-10.360997892032223,-9.985728733172962,-9.233210561042132,-8.172807212802816,-7.3018853304552485,-7.346605239183885,-7.530220052894362,-7.633528307683642,-6.1635033974805955,-2.76006477926939,-1.821347072676132,-1.3872084404724248,-0.6662481382314,0.8357410066909449,0.4229000436560934,-0.3376947188711386,0.7238761627928242,0.8455176316584921,1.6129036081806385,1.4996957210955313,4.056274903221851,1.8529046747305948,0.7672127876302449,1.709808292806875,1.6354888562132437,3.0443617581462403,2.840639799907517,1.6279506750743138,2.009497799014852,3.102847220661142
-6.44194991883991,-7.391764156109205,-9.07119854017551,-10.126466926260465,-9.094842431633273,-6.905821860617175,-6.220499074724265,-5.754584432807989,-5.070768433351385,-4.830192263150211,-4.7242622650434445,-5.849055947652433,-7.478547573773907,-5.093675456267747,-4.474722570510057,-2.257451233259332,0.8259639210653476,-0.26649641864043966,-1.1121237180840606,0.18883662509652013,-0.07369330361533222,-0.06829973630609164,1.0217746680342277,2.2023834940783527,-0.2223958187309314,0.9120544848278985,0.5264715792795368,0.8303284800422366,0.3543715888462697,2.038170179618289,2.2537288292305435,1.3767147772745816,1.9397583054399308,2.518505254391964
-6.5054618806125655,-7.541123551796825,-9.118703789343892,-8.458265067057525,-6.16749006198193,-5.643999644450634,-3.992958316592283,-3.5103056463959,-4.257730935949899,-4.2694899646612665,-4.571307820081609,-6.222498467172918,-7.514965332748951,-8.511581205027506,-3.45131767959671,-2.9845568294100087,-1.6073176818447346,0.07521487927283829,-1.0875066572260208,-1.9356629097156384,0.059272614664323084,0.9947612138254315,0.7333732056660023,2.2941453181704436,1.526473807947641,1.6176578026883504,0.6728583890583856,1.9400539142591042,0.8838813633945818,1.2267310845200077,-0.17159376757738318,1.4153170212648973,0.967674590327504,1.7104587388762538
-6.6717578867101,-7.839350186692464,-8.178779805014523,-5.668333582453326,-4.262084510344202,-3.8679224190496466,-2.8467396510099707,-2.2559413798611847,-2.4792480468954463,-4.322934296766305,-3.915541354553309,-4.731423199842184,-5.421542396370703,-8.326357781654846,-4.370063181887109,-4.526138515789478,-2.0950960066831965,-2.1680209861295943,-0.584047481125345,-2.532497371910787,-1.0101759856053452,1.1187499734945021,2.333370618713684,2.3254253082678855,0.6477581249609837,0.7758124628302291,0.9680530126413011,2.567830245560485,1.8236016273200444,0.9077097346395582,1.6980451607815938,0.6807149251743179,0.734221396191593,1.6445647004422657
-6.903161295392493,-7.857027277333285,-5.862500887750802,-4.359006388610004,-3.533330952644294,-1.959682834073911,-1.599846339996855,-1.7428509211891319,-1.629237768730625,-2.5456736528865322,-3.9164813575955977,-3.3962752556949014,-3.5035787072741993,-4.150129414800654,-3.50142890032771,-1.403768500632916,-0.6910006788369747,-0.6900742362702341,-1.874066545522404,1.5934186586598271,-1.5266330199392706,0.016755427440737245,1.6893636054063592,2.8955231636184315,2.332495786443716,1.0081744142248101,1.4305094000662735,-0.16026595445476854,2.4864748134547514,1.8025129830931315,-1.2117659983457565,1.958808167823915,0.34480241404740547,-1.864967746594732
-6.887520594192724,-6.253939826476284,-4.115264438149702,-3.021176374389195,-3.8624191751432817,-2.152949094116461,-1.9656427383709294,-2.080222024115612,-1.8442486475817192,-2.177193613268151,-4.4613361301267975,-6.73955625878307,-5.141974581626677,-5.543300641928603,-2.535310518656479,-3.994069284789421,-3.563981813583655,-0.7876065530235589,-4.152374494200308,-4.18025345182243,-5.028782016869605,-0.7731810257926234,0.3767110342508583,1.9220990459573495,1.809014085387422,1.0492371744524756,1.6450874593892912,3.824512840594113,2.011842941989253,4.480416303144182,0.843070497547156,-0.2456866149022531,-1.863317128155537,-2.3497614572145813
-6.9437760501515875,-4.611162055512032,-3.5622759157347783,-1.9899088200407598,2.1644448975739716,-1.058304060112268,-1.7596496246016526,-1.43982883192757,-4.017652076300613,-1.4983961121677254,-1.6346706616986872,1.6147139880934696,-4.448033261220819,-0.3379530663996793,-4.886439436821236,-3.429964523156551,-1.05443890273737,-2.0527630654647626,-3.185660740058596,-1.4609394663648827,-0.651162861405232,0.889212924792847,1.465180829419314,1.056157364756394,1.5348729627851692,0.5338390248193428,1.2940453358670492,-0.4992439896804936,0.8639079380294538,0.5532458467277969,2.1915427062317554,-0.7047768636540218,-1.598972297678284,-2.290553852114543
-4.18506436562692,-3.7415634927302333,-2.2008290025676103,-0.27422073069366526,-0.8900264248565177,-1.245054477573035,-0.15518435455354823,-3.3584367818409224,-0.8902295940546343,1.024572422452101,-1.8186634584386492,-4.497590112151225,-1.6271657873915704,2.7076040305848585,0.37358263556369936,-3.0811143158204266,-0.03944940746895861,-1.618455990525371,-4.818893616728807,-1.0322544826759898,-0.3282640386078555,1.7049459644718326,-2.6357130636251394,2.4441122780706204,-0.8997179013379487,1.0887483017554958,4.7064899368364514,0.8891654043526002,3.4660447959780467,0.4686862001208812,-0.6221638610513808,-1.1772985517872794,-1.8220180165671027,-1.8560337433714134
-3.954209873099231,-2.989015380782835,0.9558665411071818,-0.90351557481275,-1.697332554836826,-1.4391158872525378,-3.311339294347996,-2.1361988982007962,0.7710860941028879,-4.313862253658598,-5.625627116407331,-6.675258324992182,-5.8907422313665245,-1.0006547866678905,-0.716417040405413,-0.5458276235087827,-2.817828505351324,-5.554832384650452,-3.2021623160909027,-2.9755594381573984,-2.334250368603167,-2.2036179666905724,0.8061385720318529,-0.3609936286716761,1.901343369135322,0.8082701572072697,-0.5540122060016006,0.7920433178181615,3.7022545916323897,1.713495242432543,-0.46027172528052,-1.7647463153503042,-1.532441583162782,-1.436802851099764
-3.400900354268959,-1.8950303570971392,-1.538629373853506,-2.634280946678504,-1.748130334076373,-1.789073671472969,-0.5753575971125892,-1.7999269746505335,-6.012832859694422,-6.902317491832698,-8.96552847911219,-7.657684674326702,-1.3484415313940683,-2.8222749291964093,-1.2700837332543333,-3.6507344821179797,-1.6762883160839255,-0.6815597449179922,-2.79879771864839,-3.9565353286041,-3.2978100223996294,-0.9145226771785193,-2.236027182007774,0.6941649730454149,1.0243376118371825,1.5975420898434045,1.2492225676228281,-1.7271981621493706,1.7902742573690953,0.5581740935522582,-0.43535323766565154,-1.3209711840098508,-1.9562224252310743,-2.4373328652211255
-3.5218066059667796,-2.6575973455805726,-3.1683338375826713,-5.032407728679291,-4.801757693433972,-2.737999043147214,0.8224793791617426,0.5409531184108525,-7.785215402092315,-2.652513654978379,-3.2323168804345257,-5.758564966768168,-2.1769096439848887,-2.6498524813031255,-3.5470606557766433,-1.543890745186874,-3.257094441167793,-5.371940283545981,-8.201712833561146,-1.4525319046715435,-0.6127823643931456,-3.107551985377593,-1.7300279255107003,-1.2433427234753693,0.6327230174459834,-0.34748798612411846,3.151947209974122,2.212335217138616,0.7049577096003159,0.7955129770661291,-1.3009055904136042,-2.3287748235653116,-2.517714957236308,-4.798193237931652
-2.0740140214599174,-2.287998549291235,-3.3454983922835404,-4.030908423033374,-4.595944763436808,-5.8915907270907235,0.5305706710197046,-6.206774836022266,-1.8025406370052275,-3.494398147227463,-3.996556829880387,-6.840648027465326,-3.232642435458894,-3.9097701121215347,-3.81934547999245,-7.77686101466393,0.26632470068041597,-4.940261749077312,-2.7181672608075136,-5.1857517137438345,-0.499378453829654,-2.2101690194045234,-4.827097169349471,-0.30250016370402255,-0.15666098231015843,-3.2041320241545117,-2.6003887462402857,1.0322044892781237,1.3280663083332178,0.14352249680699372,-3.345587524334947,-3.9196169708100688,-5.635319699644882,-6.094551702123171
-2.8449982723732465,-1.2861363140197104,-3.2485916756631315,-3.593279847688977,-4.2883914913497465,-4.9908466084376695,-7.184581547477193,0.6811517990465794,-2.7339737209117754,-5.435689871831528,-7.822325981052584,-5.599154453168483,-5.422116254400763,-4.845428081203629,-1.3609818590884621,-8.091380434805748,-4.709421170140583,-2.0555099603428477,-4.662819587233916,-3.5127337002495698,-3.4992107847934393,-1.5472037065346373,-1.0639878997068368,-0.9888699500934889,-1.5551828616736956,-0.8624737932216665,-0.8371316519744932,2.1256540840866176,0.45989618662665815,-4.530964378979949,-6.803616677201454,-6.535349070178956,-6.870146285030874,-7.193715227856207
-3.0710552594789737,-2.4796508461294517,-2.963923409458088,-3.8300925923245757,-3.992449430452353,-7.023796328969724,-4.642896393936559,-4.221109449367023,-0.41982955468395594,-6.247536395948873,-6.815150054766565,-4.16207514885924,-0.9870389542985065,-1.081340468411528,-1.8970165744972582,-0.7608825376846525,-4.172736014435385,-1.4729867404065509,-3.90364820623038,-1.9086103891842425,-5.340307523318149,-2.555245236306007,-2.8480447565692266,-1.3542544248845616,-2.631671801718743,-2.4402777212114612,-3.195164992537854,-1.1784322343352278,0.9829270597500672,-8.12025641640538,-7.7631055303937915,-7.8031975961152495,-7.966952022477219,-8.167524583286289
-1.5495077479391186,-2.293331027001401,-2.6200541150515697,-3.9866901469828453,-4.311436731504226,-2.347437940408299,-5.500189452339864,0.7612797631838437,-6.5309702107659815,-6.0952951550539245,-1.6368986500131208,-6.283367409007031,-2.5378868323751558,-2.666934306818374,-3.5443906365669386,-3.3637605458314193,-3.2517004650947916,-2.8136986797717305,-3.9327514011911626,-5.714272414139427,-6.033647885172839,-2.5477554660949715,-2.919526117774567,-3.3535198752158175,-0.3487612337499951,-2.398712678970078,-3.654685867436439,-1.6032762977086303,0.7491366494821792,-8.4811699985636,-9.29606620719888,-8.952232940717401,-9.238877942152874,-9.313870791608897
-0.9858973688159193,-2.2458704327847228,-2.057748751335063,-4.217053289785634,-4.407717135575382,-3.593524495730127,-3.298954005920428,-4.07954786548092,-8.106106176125714,-7.244038538666742,-6.298179587392419,-4.249442261756078,-2.86646291874035,-5.652345770014137,-1.2070095838114936,-5.752050089347806,-2.355266274049006,-2.5598972240412965,-1.4824938170262174,-4.331237753984537,-3.7199261622810744,-7.004892202921158,-3.6182307006448524,-2.3096948571342195,-1.9193058607446967,-0.7838659565650866,-3.303232168909178,-2.3207769567192402,-5.615838121110894,-7.6830091175476465,-9.583675786296542,-9.855355227286994,-10.299481509929127,-10.048744274393275
-1.8094615530613218,-1.375354323769087,-2.30069629656546,-3.8065926149838556,-3.3188073803332263,-3.6721746660410437,-1.4838881533139667,-1.6072314128679535,-8.496071282504474,-8.138462499365119,-6.032134634463066,-5.578888864524566,-4.143258732789536,-4.149777722716417,-3.8941435568192744,-4.187128734068593,-3.223296317904067,-3.3979460380736914,-1.4793033309014203,-4.152967083266995,-2.7534079012584924,-4.556450225328051,-6.121666520576924,-2.4079881685876217,-0.252632986461963,-1.1475318105552836,-0.5592512755589654,-1.5789603892800457,-5.755067039472412,-5.910158257228903,-7.055006906725462,-8.458791198435703,-10.722481509375651,-7.42860226944874
-3.127675432095393,-0.6918367594672761,-4.468457740663072,-4.88829298323657,-4.047529367956688,-3.564641451690335,-0.008952022469794138,0.7024545765829908,-6.293775529634024,-4.550198367921882,-7.579261260878662,-5.9152987960231265,-6.230261969510296,-2.6155220802047676,-2.4221367662729003,-4.723231675971437,-4.00835503947123,-3.6301774472120583,-3.9082800244162246,-4.837052831131521,-2.9041845299713573,-2.7421533132270075,-6.405912956483412,-3.9024769719527677,-3.3112759925486857,-1.1576924388498064,-0.4880876242870552,-3.289948528618707,-5.687459905483102,-5.638323981542563,-6.621958404468419,-6.916840492913741,-9.22726217675594,-7.853557418605783
-0.9066819595224577,-3.928501408283306,-5.305079393709032,-5.203625839905388,-3.8784741274877295,-4.061040148959968,-6.602752160330539,-7.191550348973138,-8.115303449030678,0.05533626756892277,-1.9064095400245666,-3.8838757218103277,0.8872800864759748,-2.302807330814552,-3.6460428914655383,-3.820111820842835,-5.122931962196876,-4.492472587797031,-4.37876920830676,-2.9645582769818737,-4.04968859103383,-2.5710365661415553,-6.6283797966205755,-3.866804448745615,-2.951040216904581,-2.1443422074252974,-0.3295788544147332,-4.084392883550729,-4.267990094471889,-5.210756025990792,-5.319017021781574,-6.4123015183148215,-6.889892989005332,-8.369102125613486
-0.6708461858360162,-2.1890133690798943,-5.735098622630019,-5.901483170130336,-5.2074592964540996,-8.262712876241368,-6.988935273761265,-2.927455547333619,-5.799282149813939,-7.331405119123017,-2.3380550275938794,-3.7426618186245917,-0.9944252551497998,-4.353442683650991,-3.316334623855173,-4.498380290200762,-5.871056307228433,-4.7540733100941175,-4.425334660902904,-4.100110874866217,-2.7733456138377592,-2.027804932808634,-5.215703160827118,-5.774740191416467,-2.4927181297440932,-2.0481327740843143,-0.6819189210258646,-3.4155374107465666,-4.208838032237177,-4.6093202671118085,-5.309505485561365,-4.802908829911929,-8.549479311998384,-9.300554525531343
-2.658693841904289,-5.659038727154058,-5.774104332340673,-6.75142594787617,-5.6565100592365605,-5.386249981823481,-5.410729170791817,-6.727677549787768,-7.52408342118478,-4.642241835533696,-1.8165520485846973,-3.148127087782176,-2.4489073011002973,-3.0583348820093743,-4.01345911530325,-4.796624714055327,-4.121070094107415,-6.008186172893201,-5.051108477975686,-4.4348073804534325,-2.553043392362105,-3.2604083970573754,-3.346377751384127,-4.757982578854925,-3.8153660095178115,-2.782054412411359,-3.897327576962031,-3.228463924738485,-3.0889494724501856,-3.65639276178434,-4.47140188493558,-6.171966339858894,-8.621467991434194,-9.27052390218086
-7.321119446421256,-8.598527761411159,-7.480664215016513,-7.131875514739436,-5.722504458052009,-7.210083829603007,-5.569800400655787,-3.8897179259944688,-6.952808482233524,-1.1430908129669155,-2.647463198611035,-2.3967012779055663,-1.9357734849903498,-2.831268086225216,-3.99512078012707,-6.831763141012993,-5.112123898061459,-5.686363696431249,-4.99834401860716,-4.2592120030772405,-3.3557242626942476,-7.1067611885121815,-3.9013387061468707,-6.933268995059854,-5.743024829276831,-3.873120248563646,-2.3064392566410263,-3.141037531243887,-2.575137147496484,-3.976988056174635,-3.900751179968375,-7.555630487332739,-8.840814900048416,-8.933307157920552
