script/wind10m.json
{"header": {"parameterCategory": 2, "parameterNumber": 3, "lo1": 6.000027932988019, "la1": 58.9999434238085, "dx": 0.5, "dy": 0.25, "nx": 22, "ny": 24, "refTime": "2024-05-14T22:00:00.000Z"}, "data":
[rows 0 to 23 of 24, columns 0 to 21 of 22]
4.208374141125264,11.972148796484744,3.6275042045262444,-0.15795429812712822,-0.21382051572183516,-0.37941592811095287,-0.3177657423319683,-0.2642938773428262,-1.6985809317629794,-0.2123539343332811,-1.0021135921313677,-0.7779609102925751,-1.4835979078598331,-1.5633892364990587,-2.081585559796333,2.6391920448099535,2.2577880543923348,2.1457677378404925,2.0841189705367267,2.3955382845003133,2.0455572605266634,1.7273117671685703
4.737378414776956,-0.22385808927192205,0.5974354060026756,-0.7424664398156023,0.2375510109999528,-0.5846924492476493,-1.2579539191491176,-0.7771566294013227,0.10346129566945478,-0.9781816448532629,-1.31328030233795,-0.8010943873095272,-1.7833277822806688,-2.024999080921761,2.691625224754358,3.050820214714428,1.296303516163988,2.285013118415908,1.5817625265159105,1.1746420353779907,1.8139972601194108,1.9299107481196558
1.3057274361012767,0.3894102176940123,-0.10654604818275487,-1.0861401850274923,-0.8531074655631392,-0.6808437624479586,-3.3778126652484675,0.421816125018481,0.18095228450911321,-0.30357461983101786,-1.2449539969528207,0.16406731395830873,-1.0940653021266962,-3.837088603044028,2.028398402560126,0.8893827841974312,1.9595276640908272,2.043631829455639,1.223458558914222,1.1727122376716776,1.6027876874866667,1.9138481168531676
1.7824375643670682,-0.929925611111265,0.09182121737616737,-0.6372252384818351,-0.7195486450170568,-3.82176163515103,0.3744738328312567,0.6726146134728248,0.1788281668326008,-0.77823097925548,-1.276772926680872,-0.31624308592273737,-0.284430622455213,0.4962608977180103,1.0514448544466293,1.9111472224290722,1.952790038326368,4.713211544163365,1.7334607017972579,2.150316604301012,1.7569043159513986,2.013076994868986
2.628786431282204,1.4834904253105963,-0.026981631218500387,-0.961693273953344,-3.339478537466569,0.5814465914611447,0.6265999597111827,0.444196202299966,0.3325647252919856,-0.31959531756229387,-0.8915507757892761,-1.2311939740540345,-0.8349309721036581,0.04789547984192193,1.124130729501528,1.656556322541343,1.49990046241036,1.458479668619124,1.5869254873850913,1.0073967803990322,1.6452438703967236,1.6013777913380765
1.0731914764160226,0.853731165632206,1.3738903132871283,1.5715928923152906,1.2329046657629874,0.6561058793561071,-0.15311904701421072,0.15776007805621317,0.006761711526843153,0.7145914267726475,0.7794069695504379,0.02308642575479624,-0.13495996491365447,-0.8236614360606229,2.570247851977998,2.291391085343739,2.097949214404678,1.7001247458779254,2.037462503362491,1.5966697637958422,1.2345108012765826,1.6231116968039931
2.368896713311161,2.6805762207741393,2.1042292909062947,2.0141254297530202,1.5536369146840916,1.1120028508910837,1.1886715949702307,1.4476526845485715,0.17803739741442332,0.5458837139041238,1.310329544792408,0.2648477251024771,-0.7804868320462515,0.6047605294716607,1.6242676737778798,1.8353378062428378,2.0141282288761997,1.6359798887385117,1.7825409623680188,1.2531086096301052,0.8492490298951331,1.5661622468779806
2.498264924438263,1.8888296148726453,1.632850240906146,1.6186653554755264,1.5232241606907737,1.9175561349151513,1.0279062846501394,2.086654777723671,2.3850931075030957,2.453775718246862,2.0026806418201764,2.631282174613948,1.1928594193452906,0.9058567367101094,1.4832315168324142,0.9802687895124699,1.5896310120492783,1.687604434300966,1.5301676857706736,1.4828026473578644,0.6774756874192767,1.8868430580911588
3.1324070468291993,1.9361799176864603,2.257902097797474,2.294774559011223,3.0177853518687487,1.5913292633979277,-0.16410951317640485,1.913378384143357,2.059751250645131,3.6562656325976794,4.4991712984250425,5.739800843893678,4.242373280242831,0.6663626496794955,1.1278525528011347,1.8808655795145623,1.7517207079794241,1.3213014124302636,1.3419488700791598,1.1335840526456444,1.5299905827704312,1.0302089723416392
2.9474592009252327,2.844750609912689,2.834642190448523,2.39975972414286,2.7987353787565077,2.3600151466335646,1.9532421805456652,1.3542626830504572,1.237121235849131,6.039393713941625,4.4926654623218285,4.205634596538893,4.162915127762234,3.3937519465632597,1.2590219959903584,1.3342149929377118,1.2145934563660785,0.7225151382772984,1.0119030821776398,0.3706756759410115,0.5255672867161355,1.429982651294646
3.356974241073567,3.3285352440950207,3.5054645474258828,2.901870955168826,3.375974586257048,1.233574743402336,1.4569563036322957,1.9148631382481278,1.3378105528061441,2.814077634737446,4.498105866355995,3.6684576557047235,3.952759755509311,1.0383306264809458,1.3994191099055286,0.883613062842286,1.1823884243922516,1.1248198460230965,0.6104681415913258,0.2844267461446782,-0.38374218162986795,0.17967673078985952
3.67190155192967,3.5403862417303165,3.5516472537812738,3.3069560097255373,3.00487634159403,1.7933177810908443,2.160113375428705,2.106231001225934,2.8294817546037656,2.1193895324650702,3.0603498669017823,3.3643314669815565,2.4279259412788172,1.0385376118478262,0.760576330076719,1.0014371311752488,0.6128140429881531,0.37405680371118566,-0.18558380648818384,-0.025987824248531986,-1.136039869822938,1.4530684985256177
4.001627496300113,3.480966665600828,2.8192719455020674,2.7390211708186274,2.9895066576216176,1.165759187122746,1.549030647574326,1.9717399859032914,1.3080578692944778,3.4790145807206283,2.3041038809906613,2.565810876466201,1.6594566187682136,1.3304387653031036,1.1264265011869945,0.36239875061671567,-0.047537683433957756,-1.8625470223492442,-1.010647008727722,-0.9811782474871528,0.7739183797501111,1.1248623629981203
4.504503635868608,4.246959457713452,3.36853613192352,2.3495534102066244,2.8587531793200633,0.9188852004328285,1.643929358455046,1.2098955597977696,2.132704090330448,3.0656724832048097,2.458522094639689,1.5764226133608257,0.6651138049784325,0.5035551537147619,-0.13962446442099558,0.20336320030315547,-1.4758100936586516,-0.41052929373368613,-0.5751704109489052,0.32174384629541747,0.8862748118078817,1.188217030516138
4.034738285652628,3.4450156093071356,3.016119804972082,2.6857332483015313,1.45122636468501,0.9013151127428516,0.7058394322862473,0.30227810196920396,1.7677301845390125,3.103452426720636,1.7719079960495858,1.4267221711861238,0.5777316087238681,0.9224420183960909,0.5371642090530828,-0.06345401866991626,-1.3089429571316182,1.4076452695144854,1.018597348002913,1.1882642810570023,1.4255050264189075,1.8465560567509056
3.2919923710629133,3.088508457117239,2.8710412742389253,1.9369122097147409,1.5998213976311568,1.6254101957162383,1.1920947659000138,0.865036436841506,0.5375361155807374,1.626593711989538,2.4049063748300163,0.3681778585744566,1.9597390731550854,0.6734147634557166,-0.8798257716255391,-1.729961521534372,-1.4927265005610375,-0.10179005193628249,2.653905198031996,1.0781031045392595,1.6063634858957558,1.5628894322367763
2.8657443983643307,2.6794727479879135,2.3663584389100496,1.9038985519987743,1.9676258819717964,2.1170441733943264,1.013901507182812,1.8246151250919047,0.3780530335479152,-0.20394590803989965,2.0005259581824175,1.355846923130321,-0.17583989431716238,1.422738298266475,0.6296935834888888,1.609120103700125,1.9010348750646309,1.320632114930913,0.01555645439036197,1.2723630656440452,0.45505734053063285,1.0084200655734676
2.48402504361529,2.246710161346114,2.3009103227803274,1.8224906522435451,0.9500352592865774,0.8812821365081531,0.32490376407756966,0.38747643137163423,1.498827458482126,1.2199655117214319,0.18201409121526776,0.2251788516588925,-0.5475275650067474,0.05968650626862439,1.0458751710951493,0.9608356019540598,2.0484241549163373,2.6255246890803097,2.220554466562565,1.8552596449437337,0.9038404709953698,0.15254734282846583
1.9228088883491319,1.7516153026132046,1.4797230356215822,0.5525297734986716,0.31203459523950045,0.10101872988062062,-0.4173517775219598,-0.9303627062612303,1.7002735237382067,1.1124398065205978,0.43656576867062447,0.060342803543228525,-0.4004975302133824,0.3812097860855446,0.07925777559349081,0.9555077097514638,1.5554355500095067,2.3406684004477913,1.8127085910690561,1.136428421724233,0.4346614196522983,0.5931073451498681
1.9368340303954985,1.4717620183506657,0.971041331574163,0.5755108739949097,1.164854276143335,0.225179830835227,0.2593610753136324,0.33936253880765815,1.1766509364537356,0.34950267370726523,0.19477377411650412,0.32857044480807046,-0.19368520468917055,-0.22302074758558704,0.032679201508508164,0.673067334872306,0.8544806295828928,0.4671129360885615,0.7194844579719649,0.7588972271477704,0.7180541268603535,0.7296548505021129
1.5025502436662705,1.4709946867024208,1.414376544477568,1.1108635368619764,2.012924390808373,1.5911463490031723,0.9601540741334949,0.7252790056682517,0.5535248008502518,-0.42646224544958145,1.0175409023284998,1.0068865229640367,-0.09843988303275408,-0.19982279595273642,-0.3787683021845163,0.23590325455030572,-0.0386793623074093,1.4230260619096295,0.2900728317149643,0.3332647236041686,0.5957660546792461,0.7147470716904276
1.5989481757889175,1.0320664197016312,0.9650131626177613,1.6670148749281817,1.0832149022559585,0.6473942006634384,0.05104810463369171,-0.21849830200635936,-0.1911124298935008,0.6296566186762462,1.040363958689199,-0.25161010290146774,-0.0385060146056966,-0.3651510282226288,0.044641616415389156,0.0663242789822148,1.7700938533970358,1.6013372932004788,0.6668050742070719,0.8405848346560857,0.8197397860357699,0.44132104890471
2.732369135023475,2.8270454827962457,1.6339626015980862,0.8309142804283912,0.9510918661692114,0.6237729388614972,0.5915239533477075,0.3607795836089136,1.0302358325686969,0.5126927499289433,0.12398726254118035,-0.2538253270179898,-0.5319631030298217,-0.22543595286142698,0.02533065887899891,1.0647599946200457,0.5840900337125673,0.8902871459857791,0.2461764449048715,1.337505237145584,0.8176243245063677,0.05541202095343087
1.3940110138267339,1.5996869379798677,1.2362488712173154,0.7857385649516705,0.0227241375507945,0.6106420164210778,0.30316270021900826,0.242010082723894,0.5983150757772362,0.24185022194799943,0.3212105110375821,0.36022511402395363,0.43496602788357935,0.5699437510786751,0.8312772219705318,0.3237287979154107,0.37899097512525964,0.5710136142782213,-0.08328279918169848,0.3784340727779278,0.3768260920181959,0.38295778397952024
