script/wind10m.json
{"header": {"parameterCategory": 2, "parameterNumber": 3, "lo1": 3.000054539987559, "la1": 64.9999836372058, "dx": 0.5, "dy": 0.25, "nx": 34, "ny": 52, "refTime": "2025-07-02T07:00:00.000Z"}, "data":
[rows 24 to 47 of 52, columns 0 to 33 of 34]
-5.372260040844026,-6.317648669900853,-7.740787144908971,-8.54678981753886,-9.098701101590919,-6.149818530753056,0.2566653951831643,-2.893923664591699,-3.08880027276605,-0.9511015267460923,-1.605769207367193,-1.2575773071498635,-0.20763649188914485,-1.0304504445347098,0.8784563921174717,4.219295711852389,4.047887228875842,1.1608880468688918,0.9759112220886859,1.3357857718786732,6.3417556081448625,6.116924480397363,1.645343203469369,0.8603880307386839,1.1338490941508257,1.2838589163321503,0.25353282025924573,0.18977339304402377,-0.5548175398134815,0.03352031796623293,0.7974815810512769,2.1495320139184795,-2.2992582245249906,-4.235486417317203
-6.320872113205271,-6.656382931541032,-7.656911390359069,-8.313041636164733,-9.01697439147661,-6.7469437998786965,-2.4746639593167368,-2.3910354470289747,-2.277542922170654,-1.0110616553580674,-1.4217772469253556,-0.49755064883122374,-0.7385375047154592,-1.1218470582153244,1.8894424179681097,2.3228358024736897,5.8816315914248545,1.7510994571188245,2.163258770825706,2.336970781362373,6.2596376340799065,5.930385753202357,0.7774441942327172,0.7377347264141433,1.5030890921913758,0.8975730465720331,1.203265716399685,1.415968103545552,1.0797737704031953,1.6775595978354527,1.9086004326602801,0.2648414495953401,-1.6212165515956156,-3.1279198969085167
-6.568048452486011,-6.804818300020575,-7.88422996937673,-8.742440108352103,-9.485354807412069,-8.640525460782518,-2.3894491299772236,-0.8593230022195013,-0.872129899420546,-0.5423230227054089,-0.8110655241966417,-0.5371343082808905,2.491138496683304,3.7043323468712845,5.05977152534371,5.00987718641143,5.777246768978917,1.466370907487797,1.7764177526255767,5.000180180016286,2.8908260420471925,0.9176466649710731,-0.02389770546711387,1.2458351307022233,1.0014713165736164,1.1735264930290668,1.355174199484113,1.4232099646209642,1.8927245581222776,2.3311605443143555,1.8413584184553824,0.8567295840169711,-1.4134812329695805,-2.2022626283803843
-6.829077454516628,-7.154068401003142,-8.096975387169671,-8.5204555871347,-8.931452374140108,-8.87857417993661,-6.151971472124161,-7.166798511421018e-05,-0.7220584021115004,-0.6962884207785572,-0.9809173681696617,1.3829228660665251,1.0022295829068442,3.0592823569398173,1.7289019035752786,2.9504132011193054,4.431117210132987,0.862114992408981,1.0981798427382439,2.016266368305088,1.0249618477369153,0.6866214264995277,1.0221880479795833,4.802800086754322,1.3716266643015933,1.1592764000805795,0.7574398109869391,1.540404632088911,1.6490650836937522,1.9829295278665588,1.067436797050855,0.33300844771909055,0.025076399147350943,-0.6109711074815029
-6.819261883287947,-6.962469014292326,-7.458973169957044,-7.965428890163414,-8.708901383138741,-9.035766308623261,-7.793745695671972,-4.7217496811057345,-1.4661900314059095,-0.06472132935601708,0.8974350954322751,-0.697847066398694,3.321723395379956,2.061877498377173,1.8440135627842773,2.05655283587273,1.2178986541628745,3.0270340809839573,0.4204367141089238,0.9582453331732321,1.3331061852335893,0.9282005874771082,0.9662205546535888,1.3953775249099536,1.0936203626012895,0.8942441407264607,0.7464829556859476,1.492313275428223,3.5843684319469125,1.7100868073651891,1.9124752575580046,3.1799677325084668,0.35523653548952105,-0.6185714586781365
-6.655244924467137,-7.0280673551876305,-7.276187668543618,-7.656653219561529,-7.968653088727123,-8.271400532913274,-6.7180106894335525,-5.3644168442687095,-3.779686172139554,-2.7467120285830267,-0.8302759587753442,0.8652753189167466,0.5516407413558378,1.7390292887556458,0.08997388524071576,-0.13767300847694844,3.919248404001429,4.792411659085379,1.7768923363822315,0.4708301663683683,1.399282339905903,1.6842431790073233,1.6373552466770422,1.5190632754981996,1.3847270812109815,1.2667043605571846,0.9619147537068661,1.0359388034250046,3.257814697319363,1.7870143430277141,1.4120348877708166,0.1395651629903444,2.6443338230703355,1.7700433695291649
-6.981942915938341,-7.6647181385181,-7.99319369616247,-8.473970325351786,-8.40093542629526,-8.811649279849137,-7.5496965415755035,-6.425160516085219,-5.1143832337065085,-4.220527411232009,-3.1587939689694564,-1.2620237649885442,-1.1908566430532983,-0.24742662585273867,0.2996047848594908,2.2204102627199136,3.870091983140738,4.208458106356483,1.1619639271643953,0.795179118827609,0.9919463231127891,1.2210902935986923,1.5745708063093216,1.380876989980302,1.5076618229421652,1.3947413164129454,1.330595838568745,0.9870511282475706,4.104616101560406,1.5043920716953612,1.778921626918773,0.9793681364440362,1.8418053956349554,1.9402042512120394
-7.7595459163553775,-8.436215405146394,-8.672258174894854,-8.946685475274741,-9.316316807812221,-9.031463157293674,-8.978140402803511,-7.4132476956136175,-6.7466718260675105,-5.883637701433513,-2.845539761786935,-2.8606491648304186,-0.8958100912850249,-0.9562292797036577,0.8546881291879085,1.574538851220344,1.4126233698496529,3.136217348880643,4.959112300899869,1.3295870493025483,1.0677289345881045,1.1240998219739964,1.2993520116013735,1.4301480117302117,1.4322227484559673,1.1373253181390024,1.0375530059127938,2.364264674963728,0.45064846897653593,1.8217869383134038,1.5838179086867343,1.6763278679560742,2.174391096600056,1.5260294139571156
-7.1964910253095775,-7.690882740668545,-8.249752221802607,-8.993657715343737,-8.565092944986363,-8.039966664733896,-8.023073361137799,-7.7747643213776305,-7.962573261117132,-5.567314679616937,-4.243168158295035,-1.7499350818532309,-1.7327808492034353,-1.1894012571128185,-0.5617620909934126,2.110563821303912,2.799341359089764,3.654894841211739,5.561091556901819,1.7241445806556273,1.2722193024229218,1.5011958782763797,1.8854414454040076,1.1287447963158308,1.1427008832356018,0.859722692280719,1.341986183065684,2.8856265009204156,2.0886517537765465,2.435544070360506,1.8727904048358754,2.905060065117136,2.3376530468846526,2.003949474065489
-6.535471226472523,-7.529402831641797,-7.902751844608474,-7.895160242670909,-7.511953394180283,-7.84437336554144,-8.08928283899813,-8.3556842305252,-7.416480929551135,-6.05992158583946,-6.1104869453853645,-3.3419741983848708,-2.8312626486140586,0.003339110480689345,-0.14711372081989085,-0.8744348764435115,1.8470406295446857,5.389779615297335,5.314687893403476,4.295642096948916,1.6388895008415738,1.7316608920155676,1.9796828214115392,1.6166919695413464,0.9352459491013224,0.8067611390484078,1.0141163614128073,2.406419278359862,2.7242325082189605,2.2155570650351,2.0790658723780227,1.9170947501210265,2.0481902821303657,1.841350604014682
-5.963159107607824,-6.308876436773299,-6.623525732680403,-6.914029016830825,-7.521519011652347,-8.18721714288109,-8.942262818987015,-8.361741081261929,-6.89917323715361,-6.618828971705016,-7.69717589918979,-3.2485380734661606,-1.1924716290726907,0.6776661685290919,-0.8008603564764275,-2.8287122477839373,4.4371914202010405,4.215861226518389,5.768711588879652,6.744119280206994,2.446112930998844,1.3752900835773885,1.7943232843185832,1.7143351577599208,1.6656727888113874,1.0451783432569979,0.7177751569993819,1.0629411023888329,3.1061119420321632,2.5300427551871123,2.0202504004201502,1.8709471243903468,1.6074659808411504,1.5389511394809134
-5.489474980332899,-5.003795217287497,-6.45352269549068,-7.021087618506766,-7.667124836535117,-7.835575904278344,-7.651411856960613,-6.941871793770918,-7.069541195774551,-7.517655024902292,-6.08831682105762,-2.053563659810549,-0.6851005886560585,-1.1289395016930854,2.09383968273049,2.955607160693785,2.0436293614606735,5.036825274234234,4.587356204311051,4.091254482705454,1.4438606112037753,1.4858288750692494,1.3229909583079247,1.7454320284476352,1.3917208739860725,1.289066377917232,1.0934262372299655,3.0236797446163903,2.9442554118381485,2.4007128408449727,1.7563283965744345,1.9740514757658978,2.097389086594974,2.3555509731179427
-4.87687096084569,-5.851101535615132,-7.060805916333406,-7.542582068352161,-8.510890743639893,-7.957242045529008,-5.96192305621799,-6.607296163266793,-8.22006332182883,-7.945782022425198,-7.470941471740589,-1.3835785394771052,0.06697594792203287,1.9997408128017227,2.6831391981086092,2.83268225926801,3.157813094483671,3.4852393223336473,3.030853687880374,2.5150849072804893,2.6170697666652267,1.872635630753858,1.307046740870378,1.5944238691497719,0.6056402506327047,0.8034404206640723,2.2767403872771212,2.7465173437688164,2.8353846340275672,2.178868643119428,1.8950287768689307,2.4007397479137813,2.6332459071134693,2.689524475408177
-6.283611522176982,-7.212921077823301,-8.0795112032933,-9.375780895150097,-8.836698176898615,-4.884661288043368,-7.003861865615928,-7.154344594834357,-7.352420846179662,-6.9906163586405485,-6.258847229778442,1.2396911600871041,1.957171900645757,2.232342605535526,0.47311125804008397,3.315494247538145,6.898767080222354,2.7684346309911754,2.8209619552685723,2.390703585252711,2.5075421253376753,2.6771976445082837,1.9622545154555093,3.0616945604712376,2.1573911826959407,2.3430645820760407,1.9158351520699588,2.146754807572622,2.529474468476701,2.731935001746839,2.4087174804982907,1.6419827732744157,1.4863731959516953,2.211268291785438
-7.105442213118087,-7.541394138472183,-8.554204565348844,-8.516682988150674,-7.090234894625327,-7.398009419997948,-7.375762578015574,-7.01931487899637,-6.880782942306924,-7.530618943957193,0.461300916957218,2.8163576033775715,2.5788375564133124,0.7906355076937789,3.634105441688137,3.8693664305015925,6.723843042593708,2.9244219573617136,1.9146373480695016,5.365702324805959,3.552271742709294,2.784482116186181,2.9902175339291763,3.175148317082428,3.2117752210638475,3.39847191810413,1.9775947259794628,2.386576966208941,2.502285651147883,2.492587542342767,2.099781392423267,2.354023115666961,2.6815494240309463,2.652241595566936
-7.505140332059967,-7.4790607144201395,-7.9802101131825465,-7.293033487338781,-6.422513553061036,-9.004730182522383,-10.353404084916024,-8.38601027040464,-7.405973992520912,-6.261355009258871,3.299431812008984,2.446289142066532,2.9659380568819467,2.7128640865557987,3.9238134380967957,4.090967515103211,5.2516706136583595,3.1519320984430297,2.795333105737429,3.4923651370868094,3.231387611291064,3.2276989709813937,4.184259184433669,5.0093996531222444,1.5196383259186865,3.3208512402959847,3.26503165027342,2.4415591469066706,2.0363891138890278,1.8433838124796211,2.063474471260168,3.0180716831308962,3.3395595184656495,3.2493092932149934
-6.723183564781505,-7.883898216028059,-6.994900452637033,-6.063671340585356,-8.686569437395148,-9.204865759397412,-7.861750089038501,-8.300321802776207,-8.751460879428501,2.305295797409335,3.487139286578125,5.025108027738377,3.7838058243391037,4.394926243335049,4.327139834843919,2.982752236888613,4.871766681991174,4.712090071398872,3.1666203773032886,4.483862505765792,5.240811226185543,4.848481903722438,4.611333119031865,2.5770873251421516,1.5115912557334552,3.7087868898235734,3.8665599596625304,2.9761765820307424,2.4556484617954197,1.6193840607232077,0.9123670788122403,1.8929525922382648,3.008349297981506,3.0990676899280825
-6.8980396864487865,-6.918815443307884,-6.1860071118843445,-6.933329988613843,-8.468417224721415,-7.6829868694239805,-6.344739058997743,-8.80053057711262,-7.988810109309142,2.8389915040042255,2.7575867660824493,5.7000105784308515,2.9676561868166496,4.288758787017596,3.5189389000432434,4.414945401139639,3.8478160715209926,3.8273188556886693,2.255490451860949,5.117931449517085,5.146642953595514,3.1618467983095253,4.716831855725183,4.352248555697653,3.5528970240150075,2.6021467195965258,2.781114239024862,2.2166667240350755,2.182831673854848,1.7749410317087435,1.2527022739935743,2.000643558988162,3.8200336178470167,3.113581040414567
-7.554939712338246,-7.379487223681054,-7.245870855579431,-7.635080173081135,-7.965745562154796,-8.030204276055771,-7.842893886385191,-8.4598317650589,-1.4084031401500472,2.1372967490785766,5.845360745487654,7.50263406705767,4.1848306899214,3.4394719025954226,4.3112697267238165,3.8879529191596838,4.401139485969605,4.127037762672204,5.496639070071413,4.903880248473597,3.8942570913399672,2.4893109207748476,4.25251389759272,3.9950345745581033,2.8741089462016673,2.2014827335559,2.3109165480416385,1.9333463437605636,1.353636796842802,1.9528294944925433,1.2781112811044568,0.9066715195075083,2.915837689222319,1.6050506106681584
-6.359423819566552,-5.674208479003151,-6.85962315092022,-6.492410361454483,-6.809611519664041,-5.946553870573758,-7.6332196434934865,-7.580439926878085,-1.081368999088672,3.4606787535774255,5.928102526595862,6.746146165326909,4.920533446201321,3.380605597947024,3.1480523960644504,2.7655244710314926,2.4387342346476433,5.213343644589838,5.422228571546897,3.0130439150874158,2.0925949912544,1.2295007578148123,4.254565692341941,4.055781249663632,3.4309214557347576,2.3195716182736645,2.587358032004732,1.9352190379404568,1.2483375773444225,1.092479534221425,1.2488647068578849,0.9832617578535263,2.3417296519204673,2.198551174545364
-5.822138352767547,-4.656899375243714,-5.783121206692536,-5.6198648756075755,-5.964996198717337,-5.600447487112553,-6.845124724608701,-3.8106035228668764,0.16812398068046971,4.534531546149602,4.483678029460323,7.5707671479828536,4.370860914691118,2.722025758754793,2.5303636197443278,2.352434183658151,4.122872200234276,3.9628026683888304,2.2718708964692738,2.476797444354343,1.6020851921240913,2.4742794084738247,3.3816075867669264,2.962782064373354,1.7732504392928203,2.8050777124231288,1.836784445297035,1.2143635687910812,1.5852521751980098,0.9406257738803651,0.8238616174409759,1.181976344385075,1.4974579281973872,2.4655313057646433
-4.737297771690525,-5.526637975858224,-4.55554446020355,-4.9037297298872256,-3.934254453898576,-4.756547047366371,-5.4533866049401905,-1.4103546390964847,0.761113070331284,2.2424348570792296,2.4920252348920173,5.755264256354712,2.8323004028752194,2.8595334757917428,2.1059887098957235,3.190794713550697,3.061995697989252,2.7560556633817654,3.5513426037642075,3.003543558029651,2.990670257977426,1.685452424507477,2.7981652650484174,3.6550054234672062,2.053015453134367,1.7054482491772838,2.373639441380234,1.2109096798866967,0.9943844552981711,1.3755536067991774,1.1238082981629776,1.1554872311071618,1.129830245538078,1.168328233405397
-5.2296720374168055,-3.7568156113989493,-2.659398270342668,-4.1536657276273825,-3.6194599575598505,-4.393007350667068,-2.7128312462978217,-1.6919527629660758,1.708172454341355,0.8943261715995704,2.280865511550046,3.4086352647550693,2.664217760374775,2.2794187967245683,2.0279836685920314,1.9200194302680758,2.1616084607608497,1.6602693182143704,3.14394010617998,1.3856114860398259,2.5752939236560017,2.858264986747162,1.677022365725674,2.0091480853285435,2.5641842735934652,1.9443360313891846,1.3655164558702464,1.2304218177369883,1.5335472307486857,1.6622752905814289,1.1729476922409674,1.2368232768822298,0.964249692564907,1.1522233240168391
-5.364389523718318,-3.1978980567029236,-4.329564262520335,-2.460660823217329,-3.1909105055959532,-3.406147199868177,-0.7707064134540248,0.34494995264530603,1.0702550943721585,1.089367560373871,1.9545110706736541,2.490527420650155,2.8548507435682633,2.4533388576871586,2.368750815498156,2.1001890379944617,1.1231951635877544,1.3655540889293467,2.041114623239386,1.6068600919343072,1.6050355999674684,1.8723064192127739,2.722884137613908,1.4159243337788396,2.4665960394141684,1.5618936904934981,1.320899269302703,2.421804911742621,1.7743793864489597,1.378526508892605,0.8122922947085246,1.134919757931609,1.4218774097892428,1.00135349217979
