script/wind10m.json
{"header": {"parameterCategory": 2, "parameterNumber": 2, "lo1": 3.000054539987559, "la1": 64.9999836372058, "dx": 0.5, "dy": 0.25, "nx": 34, "ny": 52, "refTime": "2026-02-12T21:00:00.000Z"}, "data":
[rows 0 to 23 of 52, columns 0 to 33 of 34]
-10.960174995684975,-4.492425254542139,-1.6517598783402567,0.1037001292186816,2.1326886514760517,-1.1655257710031035,-4.129841553646296,-2.917427982287665,-7.15413370787384,-8.531214512523169,-7.178633585673221,-6.5850770070976665,-5.701507093325951,-5.022357007838116,-5.237102198794941,-5.406186912421659,-3.3140323627715684,-3.2662382864656796,-2.308108594179607,-2.886660083410246,-0.7477426977853133,0.8994383690597625,0.03168079477487049,-3.565325387276365,1.1769621490217803,-0.6240693177832158,-0.8563844251800553,0.8225046584245966,0.9976789308417804,-1.1055225774359636,0.40012908522007007,-1.0334613217369344,-0.7124667576207625,0.5639961677990972
-0.34944225319414507,-1.8699332020509722,-3.012658177416975,-3.400087527478187,-2.1986981639556844,-2.27506416158751,-4.263060957875558,-3.371405141095619,-2.2165789134351197,-6.759608663504581,-6.986726652979677,-6.350365739108698,-5.813646516236205,-3.9921680288483596,-4.046026378173977,-2.9938050216704064,-6.03008866480831,-2.45301396312513,-4.936806385257792,-2.8089872819642587,-2.1560781965434623,-1.3375033973074013,-0.5959538755873808,-1.3658130632805505,0.6298266493514421,0.5607115383175068,-0.3964351895143461,-0.22761484944178628,-1.345850270152742,2.2389765142790075,1.5145683604917008,-0.9133706051857863,0.0714310416178697,1.525551581911228
-2.5578370138493502,-3.453878421573272,-3.4265558594730274,-2.5225571564974407,-3.07319270619787,-1.540527104165091,-3.14536231469847,-2.149990891290272,-1.2231552914544435,-0.5130938913439259,1.788580374954678,-2.8082527981913863,-5.2087918809355145,-3.303455436018093,-1.3581684292363359,-2.8317438353464555,-2.9994599396437738,-3.2079124815066895,-3.263456308760017,-2.8817490526443987,-3.839862069934405,-0.0262510760460747,-2.373233181593,0.6637922880152256,-1.8183422655610808,1.17059513352422,-1.6943177158154634,0.9957268178787223,0.3243993853102254,1.243863724310787,1.401484339595213,-0.23807738266789294,0.8244564233419499,-0.29261452209754396
-3.1290755411896325,-2.0200502895881054,-2.1096876049780597,0.1271513048549624,0.3747268603753117,1.0094644639779682,2.514328941296184,0.5433156409727586,2.8219230712510326,2.777852220605672,2.0938647078698494,0.9450222525640716,-1.8339394601548984,-3.1531474418678225,-1.5761284050729631,-1.8068629851535436,-2.384874439497297,-2.1925974985667573,-4.887320931380178,-0.7381550597401547,-4.928215962249119,-3.101559322603672,-4.175240338687442,-0.012094162837040604,-0.9534429861429093,-1.006847976459157,0.2838636884053092,-0.12100669406315884,-1.2441728138130668,0.2402626566650642,0.22401966985266938,1.260397156748654,0.953985312927726,-0.6997995704804811
-3.046882998115956,-1.9379541953275266,-0.035321450884908664,0.25794536439311716,0.30260862765255125,-1.0123407822075345,2.0408202434665768,2.6841558903030682,0.2627628999077089,5.441420558232805,0.23052626447762573,3.463774599279027,1.4714322615356554,-2.5007075113923056,-3.965157137256531,-3.440178516299885,-0.38867058674993404,-1.9175168642665967,-0.8324502907109232,-1.0211950780186199,-3.0307300642812054,3.878833678820745,-0.9451383965714126,-0.8411045817883626,-0.36988732382578443,-1.2543393058367736,-2.1039081082042568,-1.8859275523948928,-0.039238550810518545,-0.6974571237201229,-0.6749485653221856,0.8714908862048886,1.8129296906530905,1.4926955664871069
-0.42134639828091786,1.6976688328754161,1.0200251906012892,4.590552624719747,5.919973022715681,2.6087299179202765,1.420857601559361,1.360766812817984,-5.285886326249932,4.914412856560759,0.49260635254097385,3.994413173568026,1.6396352380003538,-4.777873409658186,-1.156885042551334,-0.8042658161608421,-0.40117351261569373,-2.6087111713945546,-0.621583731631767,-2.613136017693727,-0.44004238909967197,-2.3993850620651385,1.3419285291307017,0.7993944574549536,0.197917604600207,0.5491107014004707,-1.2292847307646306,-1.583656139086779,0.7455942045193437,-1.5250267261316663,0.19853940390382693,-1.216743382279861,-0.03999183087193661,0.16836892558797145
-2.657800895012128,-5.212591233360075,1.4985236785243528,0.7138689855361371,2.2279448045919654,5.226555846726422,3.6491895844317495,3.322386898339054,1.567595985873143,5.616245008675934,3.330607214825183,2.454748726685642,-0.34383979280137505,-1.8325141162247762,-1.6188998217815078,-1.4742906021218558,0.5548733991816788,-1.9259924754244637,0.9457157505916383,-1.9368319219801593,0.44603856842788453,0.29709067228963415,-1.9357390067581945,-1.5147786737540807,0.09868197240079811,-0.9918956919035877,0.7110837137415975,-1.005416933008334,-0.4613303844443163,-0.44840617757532314,0.8119910318068513,0.40191512371385624,1.3833958124383692,0.11520351815595242
-0.13568743476268413,-0.09756529597298359,-0.012928608024366498,2.0442830428869283,2.2829403669977575,4.040279378514041,2.956599873116825,5.135383776675126,3.794119087488152,5.375414745009755,2.4918101677092124,-2.241760090043032,-0.3629724702856433,2.648366343625819,-0.6536523529425197,-0.42915776515500415,-0.31844161854334,1.4241614881696656,3.0411163365434324,-0.5880825212537915,0.2159189832030497,1.4842939588309239,-0.27590290558096947,-1.9635044090154885,-0.46173605671222906,-1.3678507294816031,-1.3392524894484263,1.4040088784284939,0.4025201325131544,1.0332610303836722,0.44763828452823007,-0.38187431130881855,1.0165881318738819,0.3942776052371398
-1.5975239662057847,0.6247909581446622,1.7683804900179991,3.6609643794044557,2.894651648815258,6.315057520390002,4.034523692011013,4.337056473694915,-0.3970004487210525,0.7939916166154813,-1.663917931378898,-0.6759773895234823,-0.9470983341467449,-2.1532387602788425,-1.351331499153894,-1.5999703654525046,-5.170210550258415,4.304897432171956,-0.7319076042184723,-4.7666461751847,7.31845237683927,2.3675032343252753,1.8846930942481734,-1.2715413866977063,-0.7196828210866505,-1.2443519980634978,0.27955620362913347,0.19306002872226147,-0.2860902652562264,0.15357292435280356,-0.7718578836406041,1.3390945320551504,-0.5772306318902436,-0.14287915962337727
1.594183422781808,-2.265060169651398,3.2929161558519495,4.819777782797168,4.807069222231854,4.9780838654155986,2.523638276291244,2.3988111531626353,-0.5181141541419326,-0.19341610530233636,-0.39540343846040654,0.9401314717745045,-0.6434633150196303,3.0916199693013717,-3.516502417177823,-2.4376235658187912,2.6148547950736076,-4.0144239047080434,-1.7932939399581054,-0.25870080018702424,2.4622690690977858,0.3583583957912312,2.8185159404606717,0.8091645695798005,-0.7149470240474206,-0.3226074200764045,0.13309037260615011,1.1629994361699831,-1.6217497984871232,0.184347298966243,0.4901444699235701,-1.6976322530512487,-1.0615456078390653,-1.4929265437641992
0.20405596686474328,0.39124851896990265,3.3772518887073835,3.6164331486725367,2.275503769423256,2.453137300137575,0.0033301575162365876,-0.9471141075016334,1.4796059105195003,1.6947398851770452,0.5969491847848615,-2.3899764034385766,1.5035373294504237,3.8277216757425934,4.8070393679167225,-4.365015880762523,1.3264631694778326,-0.842377091372492,-1.8060668092308252,-0.5128123109669817,1.942112960493212,-0.2886609445582452,3.2295652508977395,-1.0857276895179486,-0.4707048988656715,0.7887632949187448,0.13990470610015662,-1.737718695322033,0.6693196153464501,-1.5025043184800044,-0.9999159311323138,-1.8546334307626626,-2.2283944442005104,-3.2373332984967718
-2.508845447088095,0.6503202594335032,1.1703242382734516,1.945730408169344,0.7854885235070487,-2.30612348560969,-3.29311651298265,-2.484359757669372,-0.7306719934690231,-3.7544268017095925,-0.8280419848184641,-2.2622063576190943,-3.538741044984066,0.7280433702019814,0.35917348290148987,-0.4786798514021331,-3.071043833852134,0.8316494159601826,-2.4116391323703392,-1.178254986969007,1.2861363299431687,1.447079295274544,0.6946548483761815,0.7643973554315561,0.7106415003521324,-1.3723570137780514,-0.3571247161066296,0.08482004670735459,1.4583349573588156,0.18966843552143467,-2.6759212545206403,-2.5973333971352766,-3.1117796817993812,-4.053513733614442
-0.010722808672109592,-0.9435050908338105,-1.3457982699374098,-0.11295075945488783,-0.3199251543753286,-0.7730005104076506,1.6598855288757957,0.8811622996586556,-1.4014947487306515,-0.33448226081394333,-2.807770524098379,-2.7825112991519494,-0.560267490935487,-0.9685514719801112,-1.4461539974848587,2.2222676825390417,-0.704492041428095,0.06427089084727046,-0.3226055559430399,-0.13335394673571394,-0.16190073892523785,0.8085512817999686,0.805788256540192,-0.6422968942024795,-0.06398902798969162,-1.3659662381687896,-0.33909865114932586,-2.0019907442425198,1.656171273481292,-0.39576216222848715,-3.0307038400847484,-3.464512836747148,-4.296973953444936,-4.926548348141077
-1.176732426546323,-3.167131603605483,-3.0808026141847265,-3.6540812505137605,-2.462552333877732,-3.1166555418846893,2.393499281917539,-0.578222977392492,-1.069258834995632,-0.02249505748202626,-1.0142754242187042,2.6201814669758337,-1.6700730114964286,0.0601076416396665,-2.6239716462351415,-0.41055835761074383,0.40875772716155456,-0.5878355511072709,-1.1409913700566292,0.044878028946983464,-0.6591612419372884,-0.5025163746348545,0.8762910768664761,0.014431253795782027,0.32461017274571136,0.3699062095517843,0.6406013715134142,0.3592356446021462,1.4243738045344663,-3.445808034009324,-3.7184692502802967,-4.618808352959596,-5.1882435941649145,-5.458159348376929
-3.3464828982856574,-5.41138598063762,-4.574987079616686,-4.010455658031196,-3.876445129709808,-2.6187388352246184,-0.8825353013997476,-0.2278229788193474,-2.1709327813986086,-0.08104933021514603,-0.6355690154490736,-1.8733172025046751,-0.1473907197046323,-0.16375732253391329,-2.2180146261679106,0.4640476313419849,1.2019040434618167,-0.6258688597482944,0.3611402226373876,-0.8254237372799953,1.1815558657964047,-1.4428763161145919,-1.5477136491196974,0.5357178744698221,-0.19936424426063618,-0.14502905354600498,-0.5066004706191666,0.5595774162188082,0.07777319071743434,-4.633693345904188,-4.772123040055447,-5.303172987552204,-5.906230076833197,-5.825698082652565
-1.3136682201940417,-6.967681485549284,-6.582945730470272,-5.190059595894586,-1.506916220778756,-1.8816869005135832,-3.6516015529281285,1.0679681972053658,-0.20602561793221988,-0.14675288836426628,-1.0228006401391998,-1.2510517764791127,-2.081007855017103,2.1143416353236075,0.3278811826635816,-1.585992005886696,1.961550093334691,-1.7131105039593881,-0.9173302880041363,1.0807924055761455,0.2640042339486908,-1.6860513633395962,0.9274165456913175,1.0102897866437812,-0.213563380228294,-0.006346240255869311,-0.13342391164669234,1.3395866309075009,-0.16549764039957096,-5.245230916698135,-5.658374857995675,-6.064644620125385,-6.46017563175107,-6.363671383045585
-0.7443593522263968,-2.313621818520221,-9.66999343059531,-4.836808973689607,-1.9186648266674986,-1.862201361783977,-4.140923301329572,0.3577090064451933,0.816031826786293,-2.191440624321577,1.1622547756823225,1.0915740869955193,1.308576821916899,1.2924938749628347,0.8287572133883037,-0.024318869199113337,-1.3424553816713334,0.19210071080686428,0.9072032470925689,0.14753959926594767,0.08029509776208049,-1.4145666229655502,-1.1909541483131754,0.8839721334925884,-0.32776931536794707,-0.23755938985912206,-0.6982519096934862,-0.2718956022834052,0.6021084323508419,-5.353962979168623,-6.053704472450693,-6.537361830129895,-7.381751454853526,-7.374747919327182
3.5098693727700714,0.21781612167259792,-0.5648833143545674,-6.745622096249803,-0.8497583629989526,0.7968333529733463,-1.938742552424671,-0.7095030465731799,-2.5900312334658957,1.8348348599712938,1.8108036066790025,0.001974674160365261,-0.20459952557155736,1.242582485027743,0.3057340727569891,0.7144092526915548,-0.9134301889166497,0.2180737770544136,-1.2161471549519474,-1.6991261101863757,-2.090997432126523,-0.9110548959168716,-0.7274188744272415,-0.80673119979036,-0.9785764173211775,-0.43309913630986496,-0.4686946541799173,0.3103601251144743,-1.1224786299724505,-5.8111816544511266,-6.171481120702686,-7.0140986636802065,-7.938484486138169,-8.30960555408057
-0.2422849452927115,1.1735548628716632,-1.524207863698047,-4.721072900383915,-1.9038785694045757,-2.114859835091433,0.4675103931876311,0.09565886867442706,-5.642824648772193,-0.3078176198628414,0.712739637064997,-0.04841169288353128,-0.47507686109144914,-0.518840132535616,1.402134358711976,-1.2235095467909138,0.428603325214048,-1.0933929765838608,1.0304084548538213,-0.4497448796314178,0.17532752503474072,-2.7473468004597668,-1.338243829757057,-1.0811421851052434,-0.6732107390243666,0.08230415020134907,-0.2940913462999735,-0.44064663079120675,-0.8364567724877414,-1.4066466253591785,-4.453125981091151,-7.194141297208241,-7.994417869907877,-8.09909915182132
3.8932988933486565,4.439929301451263,3.2800320291801426,-2.854665637672833,-1.2645940057716665,-2.065928937541275,2.3458408636819446,-0.22264737732349013,-2.7965152838892786,1.387307362410006,-1.1662647022162416,0.45783266462980665,-1.252801755888422,0.3104975739194462,-0.10215966400996884,-1.8514061884147661,-0.4579677571152418,-0.8349614904911303,0.18232680821918817,-1.1264364536130274,-0.24142316598974606,-0.2700188269247786,-2.6104378926885747,-0.5692394728747129,-0.8262977842724036,0.31578807264877956,0.30964197876560023,-0.05067885355477784,-1.0066897402761823,-0.33388055327858,-1.663624373540624,-2.8295360241698315,-7.550156245957483,-2.5997331296291
-0.5527376611746249,3.624433280558756,-1.7271071741313457,-2.062268845236929,-2.6810528576468466,-2.433991242291984,-1.3576530597027605,1.7530253969424177,-3.177142145445501,0.25566759897219005,-2.4001826898820005,-1.1095794103952321,-0.3262889355801159,0.18564655990661602,0.5606849902413493,-0.8331220207343926,-0.8605437893651273,-0.34522024604106116,-0.6945948364605191,-1.8475351611057533,-1.113771594653501,-0.019359536385831832,-1.9271244577745594,-0.9731712653750321,-1.370161007929198,-0.4501817250757204,0.21523996146624913,0.1350361233204379,-0.263292421302999,-0.5541216662133153,-0.7114697208477392,-1.5560472391815448,-7.106326595177513,-7.020144794973188
2.307429433370542,-1.0475310772153472,-1.8847676276546874,-1.0256767373276416,-2.9460480409970367,-1.750437411063865,-2.6585100683153997,-1.4809441163183172,-0.303502066418718,0.8917738088382785,1.43498767410523,1.6061920556135987,0.35017043767429845,0.9714240915862327,0.14019358198840157,0.9488952706717299,-1.115082821526701,-0.7707821625951974,-1.16141077122112,-0.3225333766365532,-1.833650869802223,-1.9879185535738746,-2.0881902443357654,-0.8152651771818992,-1.2847642938435433,-1.1841520423000338,-0.5933098379523751,-0.7513612690236675,-1.4559484667532887,-0.38006888362723334,-1.212718612224844,-0.9901376867060694,-2.7472002730392115,-7.750231191971807
1.830560205126423,1.4661740617813177,-0.4768638206240547,-1.5443002705975841,-2.871980635629543,-2.1172847441285985,-2.4202077423190578,-2.012132112513675,-1.3087540679466494,-6.888236803967105,-0.9987682449144418,-1.238410989717216,0.718181594503424,-1.0692943181220158,-0.7888556270470034,-3.244134318908203,-1.3530444446129068,-1.0695343292333155,-1.2187478761199269,-1.9238609979028856,-1.598187544073731,-1.9721642514742286,-2.4638807826833418,-2.3168624428471873,-1.5087524868981914,-0.6733602919358647,-1.3141343957134914,-1.6375192891560446,-1.3508054868180173,-1.2113037340725592,-1.081288431097407,-1.4961705014922557,-7.671400827752076,-7.780182211143805
3.476076399628563,7.40120995798021,-1.5024974153725714,-2.9061328601928365,-2.0272517305007467,-1.6185679234318229,-1.5972285120102496,-6.786656150799578,-7.045879893186201,-1.0823659149456324,1.4185544440385267,0.9283853788736798,0.14446197644845274,-0.05298820028971151,-1.0983546808800955,-4.276996020237329,-1.3462244460406243,-2.598631799178284,-1.5726500763666247,-2.5039004120634174,-1.1539803542874705,-3.2284599643049017,-3.759087455875357,-1.6285858640171387,-0.8160626716963328,-1.6720350411232157,-2.3024784114186065,-0.8560527467784759,-0.9159586165478854,-1.3363368819727008,-1.394864645876863,-2.4111476429254446,-7.9827361414413,-8.158440688734679
