script/wind10m.json
{"header": {"parameterCategory": 2, "parameterNumber": 2, "lo1": 3.000054539987559, "la1": 64.9999836372058, "dx": 0.5, "dy": 0.25, "nx": 34, "ny": 52, "refTime": "2025-01-06T06:00:00.000Z"}, "data":
[rows 0 to 23 of 52, columns 0 to 33 of 34]
2.1870007113380305,1.8953143085763628,1.20017781699028,0.3653347939898014,1.3093571649088094,-0.03973119454411678,-0.617062491331,-0.6351164581418924,-0.41235876196176807,-0.642045822615625,-0.4426910517355553,0.595932473394642,-1.7122286053580498,0.5044115624731551,2.8339747305406435,-0.6365284646052396,-0.6282967949915826,-2.517984305166099,-1.8417413349034868,-1.5359756897999366,-1.7568914619594598,1.0991110212932522,-0.7359184118306348,-0.5322583090588375,2.4858671269908004,-0.4830976456655855,-0.7037314265884546,-0.32345226707545266,0.6891249694165524,-0.2475176219844931,0.4727198654856961,0.010851616560043185,-0.1039610859069233,1.6213451457826338
0.27856829658013477,0.2011109947067176,-0.3175487563277144,-0.22383257620425248,-0.49100142474370784,-0.8461004948347199,-0.6250139674230564,-0.8156172517574224,-0.883503985057686,-0.28879630827971636,-0.8908446899698274,-0.8046826951285346,-4.685552451422,-0.9183547488118122,1.1398750408553968,-1.7038661725378113,-3.6062236257897293,-1.5582627203423591,-3.3636288172874225,-0.6939018848331537,-1.470502022666903,-1.1408943511910408,-0.6255966640084272,0.3221671208701863,1.2534900854570612,0.5106887340535834,0.134731822130499,0.4004560323642413,-1.3586885190514262,1.2789840255821188,1.1659847298748036,0.5580313004523192,-0.09907819935492039,2.0438000505619436
-0.8644495261852272,-1.3253266305180322,-1.437345843600826,-1.6130162666023629,-1.4613117321875773,-1.5790180768874256,-2.137404118647794,-1.9144229108727238,-2.5456071818808335,-2.3428615782463655,-1.9627725258230624,-1.8782374718929784,-1.0493141917979365,-0.7083674410160807,-0.6361520882977785,-3.90018394231934,-2.437533567967266,-2.4305454668578315,-2.1083764840883084,-2.676630580954894,-2.59414355817684,0.3120834810744565,-1.9498274502377517,1.0662143356075777,-0.2840342405451355,1.0713381848709476,-1.5081080138201113,0.48096105268477174,0.2104271167417048,-0.6616913968715364,0.6713108455362122,-0.395669640537581,0.769611994586259,-0.5319330530700194
-2.2011905637655422,-2.5443205947545184,-2.26607385811419,-2.5046210219243137,-2.9674617563417707,-3.492565212871311,-4.033845889874008,-4.2507889278638755,-4.6771302674275566,-4.0191505762872515,-4.694089601989529,-4.123974349727316,-3.0128513193851947,-2.3668670098440043,-2.0592019667984904,-3.6452294234062106,-1.1409103496142596,-2.5311234108520777,-5.8940329614827265,-0.6016701333209273,-5.178002345042428,-1.7407592394856959,-1.9028280959750987,1.1333401734437238,-0.2550116596714988,-0.09066565901920541,0.1396147300857425,-0.2173353316845677,-0.5986699956257149,0.6062997022083421,0.7209849185520721,1.4109162825959922,1.7187101849366822,-0.43328158801111955
-2.956048228894695,-3.4451393724158206,-3.5123051997577677,-3.8706589706176064,-4.857361444806381,-5.289045874361808,-5.734607323572925,-5.7346825317161985,-6.2637809392710535,-6.1519010787181605,-6.782523444754642,-6.661840822901116,-4.7853828833549015,-5.084113647897673,-4.2733377979287495,-6.081230665620788,-2.334710300041866,-2.298357183813246,-1.3856556416316164,-2.5956081493683367,-4.4366050989735335,-1.1767790570261254,-0.5688364463656741,-1.4940655957111575,0.02758186115234486,-0.9039889800378903,-0.7933052226501653,-0.9178177374185311,-1.4817666496253232,-0.040395380825255185,0.5114906787935175,0.4453734012166139,0.6489012918677339,1.3349762986394111
-3.8580987459964904,-4.481291635749354,-5.3480300390519195,-6.147320527089803,-6.7063445842608305,-6.307209328231055,-6.548216744851909,-7.413395495633018,-7.33046843402215,-7.3919978146763805,-7.159155315369069,-5.729296098387613,-8.04358479360929,-5.789717720851435,-1.5592977621104256,-1.7458020780283854,0.009708063729089974,-2.316316561643655,-5.670945030568002,-4.304306587258859,0.5989231837137078,-2.6924891141583718,0.7046080184867645,0.815528127893315,0.25376732968550975,0.002785604949730218,0.1299971234624552,0.056943862787480724,0.5656393713011444,0.11863247489672527,-0.40287774119350217,-0.6139512779307427,-0.46606207087672574,0.00039397470320644057
-5.325200120052383,-5.737975471546559,-6.683652110641892,-6.837346083116726,-7.377173446265346,-8.073615787421941,-8.265099706894668,-8.576837112170585,-8.645258353714764,-7.669006060202388,-6.514085091234227,-3.1978461797507713,-3.50751649379643,-3.41453204504501,-2.637593682564603,-4.257869620461308,1.1023244963838892,-2.2161073280733423,-5.4443079703608825,-1.4780331601854926,0.6991427733263272,0.1268976326423581,-0.7310416678117695,-1.8501850924313252,-1.2105146875420327,0.021439060003078374,0.9742775579745104,-0.16984866364084178,-0.40806601300148154,-0.5577066423595691,1.72453545302176,-0.0821386580966961,0.441140300808221,0.5006128356199968
-6.589776028438598,-6.8181097257306575,-7.860614997135605,-8.394866766499627,-8.779034295542758,-9.56107126032589,-9.597509486372603,-9.233466040314651,-8.051615461774892,-6.562805986559725,-4.761733845723209,-0.08818352533786267,1.2435823202888467,-1.8990483756901062,0.5360608109241156,-0.688518010981218,-0.24701045700759833,0.157647952991957,0.8777926416773789,-0.13552625362764234,-1.2706902131062032,0.5676462757747338,0.3080610711289023,-0.8416231007894697,-0.1495150890190834,-0.34456225376888605,0.32879615689369,2.128755662371257,1.1193934235874528,0.8061010236783214,1.5071309621384945,-0.606475404030483,1.2402454832656717,2.4686873851669824
-7.52241416218077,-8.120582392639875,-8.769099258993695,-9.492507555873555,-9.675503110396837,-9.484756732702673,-9.07749667404327,-8.177756023151533,-6.48903449061359,-1.2316694126834553,-0.8481538524008082,-2.7921018079026423,-3.6511059775909183,-5.238854121377994,-1.2463805507517454,-2.259022455412783,-5.081626116677661,2.772440745602975,-1.1085515890218332,-3.5823564840403104,1.2342475942789857,1.6123010127505795,0.711975057218086,-1.6326716187854882,-0.7419794054527129,-0.6070340654678057,0.3395580066985675,0.7226748968573655,-0.1742476937932154,0.5770400433037647,-1.3456715682826466,1.0611622907985583,2.8652264871390125,3.9189465537671064
-8.256395418933877,-9.228180992918658,-9.437474377382225,-9.424449098854268,-8.599591250096978,-7.988206115388307,-7.15496243900688,-5.34411944435071,-3.0668151865898703,-1.969137227237483,-0.830008563544988,-0.006854084349493252,-2.6527667083179622,3.528748074971664,-3.4432949935282657,-2.185793191604867,1.2836304706855874,-4.584532142147726,-3.9905710017372913,-0.9346585683191374,2.1876330193087905,0.12635190976708666,1.9263506100842729,1.284678073562828,-0.3813048031527034,-1.021770248955953,0.2577972395312923,1.6642040286318849,-0.2845276881386369,0.5109694460993182,0.9250613230074514,2.1829775860212393,2.969342772870049,3.740333300754031
-8.863869550595972,-9.21798417968988,-8.25516419269819,-7.876577607105155,-7.354140586666002,-5.755248985719454,-3.2665404122367123,-1.1063074421954187,-2.081485272808406,1.6020724829870336,-0.7240775483959565,-2.4801783172341096,0.6462255282270651,6.5475469543051235,4.9911056122374795,-3.8142814252872546,0.6674378604622048,-0.14307738083477584,-2.7056247242922686,0.4806266704546099,1.325120608799923,-0.11223177357103722,2.7419519129670746,-0.4208970779416854,-1.7602584280551614,0.8314604093248182,1.2622175395068016,-0.268002863132823,0.5346201796280554,-0.40226259728542496,1.7805805915297075,2.022808343351683,3.040212274091511,3.725371210714183
-9.44485608722535,-7.835959927896397,-7.183059702341015,-6.557253918349334,-4.852100520868044,-0.06405793366461587,-0.8231184535993904,-2.625891649346446,0.6803454052847879,-6.680575760208386,-1.5274253754242837,-2.267792022593518,-4.200163968687674,1.2643733682005995,1.9065991168273646,-1.2844413492414806,-3.21535292396408,0.8545517679556852,-1.0804928598120909,-2.24540619230358,0.23433497431741734,0.24052329716419438,1.3142019529206483,1.074904844406474,0.0025451855530286105,-0.547733947280559,-0.0921326784219101,0.6007487030636596,0.3220467937437501,1.4581516556801215,2.1587029833582734,2.7316090253637255,2.8657314315466422,2.9659058404067644
-7.729102733117687,-7.3030496909471285,-5.078799180414916,-3.7524090798862146,-2.182518945913862,0.2604849275774947,2.063658249071185,-0.31345998783362383,-3.306154215964566,-1.8839041778419423,-4.540456366149914,-4.51909418785419,-1.7737653501945276,-1.894260638277765,-0.6428598063283433,0.8788930106412236,-0.9250913802443369,-0.4871941834452568,-1.3143402480988646,-0.8789439481684751,-0.4445362087570374,1.0192865542179779,0.06282604338643287,-0.7709402845440769,-0.43238856202118237,-0.6785505109669422,-0.4208323801145455,-0.2831021917284722,0.6178894812139352,0.9976558803158135,1.8748480222906814,2.24353012669757,2.3314108073937776,2.6995706272730264
-7.91335815926143,-6.471681034319138,-5.236959058624922,-3.3126891459547685,-2.2718465166414155,-3.66760513209059,-3.5072283555469896,-1.2280094306924005,-6.108275925455665,-5.413004505783837,-2.4719092366961077,2.393603119836042,-1.4474290823690872,-0.3409769629982339,-2.3378088482358117,-0.14786199665817382,0.530726447817559,-0.7419727821672129,-1.4303065494883256,0.6167923749346794,-0.42608869207408334,-0.5110299029556166,0.2572660928123009,0.6202050860021988,0.0872809558345934,0.4416251060666003,-0.40193363589556347,0.05547897277601032,1.4284952803433504,1.5935789217098724,1.6772583394661387,1.6892116898888994,1.857338089497575,2.1891200558811543
-7.312086653058563,-5.912919962225108,-5.390080038302005,-6.825969173044182,-3.932402479527552,-3.6016659099316164,-0.3299761552992508,-5.490057597894606,-4.012891190705681,-2.239055749811081,-1.2092549301150206,-2.9856089432597552,-0.65762112465683,-0.9300545029980269,-2.062283878342007,-0.5840588893287909,0.674953428909423,0.17173923533914484,-0.03464421816526544,-1.0931400536077949,1.3044783994502478,-0.3576965888258569,-1.1083210322401067,0.44852618502537994,-0.9164097847015596,-0.5101916082644387,-0.1957988341420472,0.03673190199001315,0.07786119120955874,1.3347000703645624,1.316236551741256,1.2812846651271703,1.6406171500686249,1.930899624173509
-5.467462384794453,-6.2956041030773635,-7.883428951530861,-8.094439838962293,-2.0734426626827873,-2.477141477297828,-5.3189788861648815,1.4874523065884313,0.028229158807439494,-3.663414717063585,-3.368923829420482,-3.72694258702434,-1.3979374608252133,-0.2315522084236109,1.314362914939283,-2.544410425184264,0.8930649726391046,-1.3813401745992688,0.2968051757525273,1.1931630266071105,-0.3490193938423714,0.2933236133962562,0.06205625794078006,0.7238856593958015,-0.40703174166987255,-0.6415310347784384,-0.5215596409443498,0.6118297322679751,0.26687898262251253,0.7608014568065266,1.0938670699535862,1.2210551095832778,1.54312579725162,1.9737851693954138
-6.806315379859274,-7.67249635349361,-7.821995500473972,-8.400912192490926,-4.632575255148051,-4.189919713281518,-7.921578967391497,-3.5539997953807245,2.004307952369052,-1.922352269766158,-3.2070004067773987,-1.6997468656342924,0.9404002212522892,1.4426012129026975,0.9754669524968427,-0.33243382030254254,-1.7733171225991142,-0.6693904851051183,0.44624015389180377,-0.9189963111650915,0.5344916417535626,0.33817736814633204,-0.960723075144325,0.96422407911575,0.1421537979918116,-0.7557143318492648,-0.9015440983660191,-0.20283924637356832,0.08964825184561316,0.6524135826728908,1.1154714045115535,0.923754729856417,1.6806576298368807,2.091894139762361
-7.804819363482367,-7.720030822935324,-6.430442863516614,-6.586849763629466,-2.2568656158867495,-3.326562719528904,-4.973136844521052,-1.848857708932576,-6.432108664542693,-0.5927808684228417,1.3812363588740173,-2.540157098499519,0.34833870203531025,0.27143020130504947,0.15608743862658625,-1.0187596142785018,1.8650744046377463,-0.6462934875669321,-1.1030364365595124,-2.2575017454805653,-2.684651369234153,0.18509964794318404,-0.0682597218580233,-1.1361947943164528,0.7933269101229866,-0.7036911410153693,-1.4417365460387255,-0.1596422022757897,-0.4497842079261727,0.30505876783332997,0.8633495838238807,0.7618651430676234,0.9916916517446278,1.5846512383631834
-7.883190974750135,-6.6770996059858145,-4.770609612799329,-6.682864682221898,-3.957229026885288,-2.6461337327623666,-5.81975117633168,-4.136469433855801,-7.185472414004819,-6.995173086207918,-4.956749393062482,-0.6407936775873146,-1.1771827886040722,-1.4782102578193252,1.4246604462188046,-3.1862521381922395,-0.7122908326079378,-1.229256959726036,1.2378371308857865,-0.042780928814785936,0.050598249719229486,-1.8915873224749702,-1.491212685636826,-1.388700143821721,-0.6371778202155571,-0.7249715985568251,-1.1751452656741521,-0.9439066680676892,-0.8437884840538986,-0.5627713017199482,-0.7032178383074328,-0.6344024342004145,-0.6758053106413137,0.127711728730794
-8.409450616219228,-7.591279214799104,-6.981164980867447,-5.620145785147157,-1.1638536349267354,-2.52339878682324,-1.4895315174572565,-6.5427229681393495,-7.9722483488604965,-7.081077149425955,-4.670803371379377,-4.15097534269265,-0.9831569346804121,-0.8681049968045437,-1.3638636915136932,-1.7912223824941815,-0.9649201975893577,-0.7528966180587486,-0.03166384485032759,-0.846049459465079,-0.6213607153853049,-1.032994584618018,-1.9362374736892036,-0.9228395513067106,-0.3200382428929344,-0.7201768323019216,-0.7413780950171327,-1.0240347387140147,-1.230995931042055,-1.2111160901419658,-0.9850489815038254,-0.9551808560852668,-1.603859533586844,-1.879368771616141
-10.097303896905522,-9.181142518858127,-8.954634757346689,-7.544065128517951,-4.199140210516447,-2.300381350778836,-0.2831441042763085,-0.611038021937254,-14.000325883409115,-6.685424439699025,-6.392099813416324,-4.251255247864641,-2.5007481552259505,-0.25374516991934487,-2.044913542341748,-2.056578402059287,-1.7109331566201649,-0.8658299922506478,-0.7604395550767377,-2.247413558275564,-0.8778806650814459,-0.3967592017754499,-2.0451724168904812,-1.4092571065908488,-0.9753563123781335,-1.0072521319584422,-1.1456543964134205,-1.0197127686660028,-1.6461351950769174,-0.5014682760142398,-0.9302692695891236,-1.1922160745909862,-2.752304532940389,-2.0151800521382377
-11.629422306526473,-10.917717288003903,-10.283067191442962,-10.291540579895832,-5.576898457063819,-6.592731312069913,-7.688179034501062,-9.11676044850319,-12.177128026200608,-2.170501528960508,-1.2472969227588782,-4.849643269312684,0.44571112067589436,0.47578288911792405,1.0637075865208596,-0.8446398108810098,-2.251277178873092,-2.1753153746922287,-1.2986404003072278,-1.2127098260344062,-1.2969486548054332,-1.7007578312734841,-1.949285771156492,-1.1686083473283213,-1.1160561141920222,-1.2104521879406325,-1.222723137053367,-1.6978564858426406,-2.337134129272245,-2.437446569809006,-2.015772962942928,-1.8861075137372412,-1.3959491581899144,-3.578296718660159
-12.509070135045194,-12.017151402377733,-11.48835803645198,-9.826200794195632,-7.9054994732028145,0.23457828234441058,-6.1064887826105085,-7.5797398644108185,-12.597662671888383,-17.994400088938388,-1.7029253434726823,-4.630363785119914,0.7177264018346624,-2.6326192594071807,-1.319856003438858,-5.83014774370785,-2.6844782090562234,-2.4704920467868967,-2.317385115529436,-2.6996329505019516,-2.344624777615398,-2.3979086302653028,-2.427967020669873,-2.513611075286979,-1.2656049277367953,-1.6722582251268472,-2.403739141175721,-3.3162107300101193,-1.8511174021034504,-2.7892761135269364,-2.056472983690776,-1.6117698541094374,-3.050583189808651,-2.2404184175380815
-13.086955120727438,-12.658212273842084,-12.322000193649837,-11.27909973899696,-8.287412011400836,-7.169395707996037,-3.08698195880689,-20.8487296101143,-16.657693127202656,-4.966791747017721,-2.5605492111446866,-2.297170665478857,-1.2687267333281622,-1.7126374769547255,-2.372667356501381,-5.696556539837681,-3.3227772698168447,-3.5056770670808906,-3.084364719016959,-3.136647672404912,-2.819164426256601,-5.63656206960683,-3.9212552525759645,-2.1395046089876453,-1.4094830045143232,-2.0052613101120143,-4.053334944944956,-1.9510828652137264,-1.472117639638543,-1.6742435854992141,-1.9085941320466475,-0.8168787455369232,-3.608504564432328,-3.36502098306376
