script/wind10m.json
{"header": {"parameterCategory": 2, "parameterNumber": 2, "lo1": 6.000027932988019, "la1": 58.9999434238085, "dx": 0.5, "dy": 0.25, "nx": 22, "ny": 24, "refTime": "2024-06-10T07:00:00.000Z"}, "data":
[rows 0 to 23 of 24, columns 0 to 21 of 22]
1.4686042489304818,1.5481932887139613,4.132203075839834,-0.28996009295439756,0.7132686994686991,0.8958456946678254,0.6994405784740398,0.9956295078480109,1.7269582669482866,3.8458500144075103,3.5133859204342275,2.202040297102723,2.223175493114518,2.4968997419117684,6.8739240022117345,6.501994602080065,4.819584800945953,2.999641095334405,1.881897247856639,1.4033114642796773,1.8959387494683366,1.6237079877778027
1.7123547719976695,2.7217892543467355,0.9032185213324648,0.5793378041163355,1.2757183454078116,0.6312341331541542,0.8035186786178541,1.409377713644131,2.980809323444375,4.922549438629827,6.309519154928993,2.6345133773091898,2.873657760794436,3.2173086843155816,7.5593223942957435,9.188943625167079,3.9563672802189496,3.78853449182249,2.9603303234685265,2.3035838981619614,1.4955320693847434,1.969380849517856
1.4932097907315078,1.5111137308803146,1.6743188340516038,1.267401999744381,1.5224682713864355,1.8858048744784495,2.402007518648261,5.095671194555445,6.267057077858157,7.225155778049143,7.91853396160222,3.4252729232621957,2.997247329010193,6.880460004939685,5.1040958360979065,4.8172125684976566,4.066564814739127,5.685969058565285,4.509253845684952,1.240200035722817,1.8113607149158868,3.121158323484166
5.942783322770724,2.2533881227513444,2.1312423964377416,1.704582783848478,1.9601303189687338,3.9182056220752584,7.0428614247211785,8.214067465471352,8.431561906726513,9.136716472098007,9.243575853391564,5.5538132905214,3.464310549268224,3.3290134221813834,6.091838850154397,5.1239768819863,3.9518363936167673,5.248589501903745,1.9809153086480717,1.326825253960813,2.6518706632443823,2.367893878452236
7.112492911181632,7.357999080790271,5.102713998419317,3.302169356016857,6.827063121494263,8.504527553358608,10.130578900407057,10.35061986446831,9.828110524319962,9.926839005642668,10.925286924303807,9.434749612731666,3.946985371719674,3.645119499900816,4.238429221210212,4.194315414024616,3.6705204291358804,3.395127025837894,2.7968540400298982,2.95042346977232,2.8439445645203776,1.8927877946658171
11.379645023204018,10.188370005929613,8.7144509309725,9.0711641811835,8.039344410747907,10.39532970841877,12.149695734769317,12.782366936706925,12.6300050690065,13.483524600029506,12.116038354240526,12.09861971092161,5.781374503123284,3.8243835176499577,4.475855177500823,4.148681509422885,3.148289007136029,3.4780435643503678,3.017670228292044,2.5295630368357367,2.3757268700967145,1.8015788896181533
12.386801810230528,12.806483778991732,13.951973197252078,13.889156526316228,13.834221959645175,13.378974559234388,13.255044522754625,13.228672059051767,7.397018876099578,9.184701112879157,11.12301161593843,10.57964857962558,5.20841560038708,4.228804830775617,4.419047524780123,4.608631042568516,3.598420108139571,3.5804711546595596,3.2496877551377463,2.3863779193123613,2.34631032631259,2.484402974890542
11.940118133705548,12.778572601119754,14.077726913481024,14.006276437167031,13.641285683268851,13.251127056936902,13.278968506683984,13.484102082790239,5.014385992380843,6.364741541053289,5.9885786379279775,13.058747969612321,11.561923998482293,4.693008239232393,4.686871343652864,4.03054324069533,3.9867814188713764,2.145615156576824,3.2485880931141655,2.9261948072853783,2.5094708483914,4.462978584269284
11.26907837589631,11.862341465772134,13.051439507461593,13.130166619590728,12.853186020818681,5.412754961128888,10.735776480850014,8.06377121486805,5.74872955856993,10.680724773009159,11.896155664805518,12.7591726860723,11.982105993570496,5.530709210387377,4.43071514172447,3.7719299847893732,3.947345152678631,2.1342769989204395,2.8813735075128473,3.4599892213581644,2.9161790373470073,4.989302272588087
11.002099799585821,11.742231339580437,12.253241572474044,12.410474897841086,12.524162061682064,9.331126532442745,7.054295956936155,7.009520145501046,6.6912590562848475,10.871549226936532,11.762095063659054,11.796404395035875,11.71365726944541,11.333052868426318,4.76832254436755,4.026857539181605,3.026684590604081,3.2721246413529124,3.2161043759574106,3.34097951701748,2.39335918412136,5.376450286025707
9.993331506488888,10.61302452059858,11.395358586392224,11.861642552781566,12.00647904362615,7.011844747212332,6.032054635353116,5.665955240300673,6.469454751627003,6.17339729280831,9.504042121359756,11.30366479772576,11.277485919856751,10.878133007024717,7.402844667063614,2.399889431309976,3.244948103142085,2.4113149392617728,2.92602133559519,3.0109419408793587,2.7958735097566554,4.994148825907037
8.674757295488051,9.581344627960547,10.48683473494557,10.880249964326707,10.842982082578635,5.260927588863648,5.744471985885615,5.204692365911213,5.190650592286091,6.218049657524336,9.427777355166782,10.47449192185136,11.027824313902295,9.176097916799183,3.7011563068607165,3.705890876944735,2.923206780075929,3.268456059938566,2.7843806600578653,3.688370434072093,4.010283009823019,8.706111601045018
8.00657716639923,8.613275204074625,9.231706066875805,9.717859439352194,9.84215741781182,5.890260666539095,4.5327679982894455,4.15384453143573,5.70879860219223,8.452969213575326,10.005294015516785,10.607080044286914,4.956269089703202,4.22243804445341,5.17164479945494,3.3043678772096006,3.5761201359121526,7.562535266789228,9.607934275145253,9.650245089968086,9.587082314318149,8.962863839188337
7.073337556935828,7.652426342790803,8.001050931807644,7.981663816561162,8.538564390094772,4.892934137959841,4.330261078098956,3.927622300566589,5.3034605473698155,9.05791662159636,8.447809786833135,6.172505946855499,4.972351052243018,4.670121140669434,5.589940860887816,5.803195203395552,3.78689137975353,8.263177484439561,9.618290395335807,9.76168277622588,9.403206668220065,9.312497031971242
6.31625034711258,6.753710210715343,7.095956020487684,7.679222349017978,7.90327162438173,4.312736296029078,4.276060622498126,4.410490545796807,4.599569920038451,6.6923982149342836,8.292174466736299,4.968712694583848,4.894683213167424,8.705653570335267,6.196562918437261,5.340997968877217,5.265183464622631,10.095540163331627,9.736612426212487,9.277191760654365,8.991941216367469,8.840144689511112
5.493379069174779,6.029171140611643,6.790217044330154,7.292858323221971,7.248949000872951,6.5330729093832405,4.11141124100556,4.236034946066426,4.760477515984477,4.816710032060885,7.807218350292016,4.993077786074343,4.666846876266126,9.027248518257682,8.859613083567021,10.167430258226082,10.379757180439578,10.16740732377809,8.493022669277849,7.693317659020983,8.468411393239437,8.90102051454311
5.026238694406116,5.2602920731589595,5.873146205939094,6.334540880670884,6.609356237229879,6.455552866220085,3.5727812045130203,3.043875585118105,6.712143111648402,7.382791146883064,8.30558368459092,9.331376422037495,5.389739781121235,5.243602047035305,9.66409282042643,9.919252069472384,9.82411832525592,7.980408204347938,5.462134223759346,8.416782665901495,9.282233984539985,8.784670955858317
3.915015732171878,4.8055860141575195,5.778778458939778,5.809156420551992,6.954304185580116,5.6729543852573014,2.6955406683654743,4.371597957560417,7.26815917776889,9.470803920686972,9.997166601769292,6.306949730093423,5.332115532479033,9.066815059728139,9.962312396545077,7.9727618107556815,8.239636670677584,8.029930287805882,7.987070232742276,8.541256736715992,8.731655446702144,8.538379462282906
4.766398427441115,5.416392356696133,6.317508580676005,6.317533839915412,7.485749713974643,7.450559497187055,4.7320410328255305,4.480071756047797,6.976749054016014,8.321420656762307,7.093793624523286,8.45970473782072,9.748447433072936,9.568035731009223,6.6429668496547025,5.174381634346582,7.9767451095387365,7.979645399657908,7.928110449513535,7.941196075670213,8.014228246877718,3.907002138279641
4.4985621841866665,5.107458244519585,5.762804284917078,6.2209734824136875,6.959426117150829,7.970580079403794,5.218999213335443,4.43542660597871,3.240960962426627,3.8268906652308403,3.8339239687614377,8.291368852925546,8.431872041691138,4.034280373431015,3.2907589755195668,6.717175151085501,7.494948189558141,7.523483316133836,7.47728062626261,7.938562608962673,3.9753145854718333,2.6954234672801998
3.265766177081304,3.900587040785108,4.820831991544381,5.620200257644971,6.381703989429834,6.950052238492989,4.429946326384078,2.8219163675416787,2.6667761013076547,3.0928233504923495,4.930322062965843,4.226796144438096,3.9240007846936,3.6679737539056427,3.423977739929201,3.4332436099395647,4.804741605725993,6.849933345572394,2.703534909278964,3.76321029297609,2.960922463773497,2.2054319614547824
1.7077128714342515,2.7154618984847345,3.601262642578049,3.975757869141378,3.870996791583836,5.276878468503112,2.4929990237504733,2.9549524182925877,2.532707051556245,3.2540131186230177,3.2312652061380436,3.9374555302014826,3.090708433090827,2.9637177319683685,2.814173599127607,2.7533559705648485,2.880987508949992,5.209594565850624,2.9378277651687736,2.5846813978870866,2.76873990138236,2.058436868899166
0.4302082559637574,1.6023463506728863,1.3774090844670044,1.1128138733821789,1.817972932132722,2.190426018465743,1.5349340091911639,1.6617172354860754,2.791984987247789,2.458699725322379,2.9950853678807876,3.0495638724993883,3.97784857780016,2.6083452848053783,2.8749028100033676,2.7716776044372873,2.3499943978382065,1.985892331588399,3.0908847278116003,1.9447525010763145,2.121071539338422,1.7428553860499518
-1.0111245610349664,-0.18570978297155383,0.21467978860547252,0.6036892820869116,0.9424872987158998,1.6906425693076927,1.222428663938781,1.594871064948512,1.752217639059984,1.8630003123700956,1.8491615913042008,2.3308269709611196,3.3051702788207877,2.0697926813940404,1.998061130258895,2.1829558411416747,3.2149159847322606,2.1421798683060174,2.5715953663221107,2.0622988379166096,1.6295870761423867,2.439645753397877
