script/wind50m.json
{"header": {"parameterCategory": 2, "parameterNumber": 3, "lo1": 3.000054539987559, "la1": 64.9999836372058, "dx": 0.5, "dy": 0.25, "nx": 34, "ny": 52, "refTime": "2026-01-01T02:00:00.000Z"}, "data":
[rows 25 to 49 of 52, columns 0 to 33 of 34]
-12.651540382380423,-4.099439213178274,1.4847796440862393,-0.5692541834113783,-4.022256968638892,-5.764246873469806,-1.9468445034036943,-4.971572455795544,-1.822243085691019,-1.796739473332137,2.5041847455242467,2.072748774087146,2.0150570493765216,7.144338345734802,8.035673265412058,10.333580462730476,9.900531944665248,5.44203113505185,5.552759041430249,5.984251669374685,12.300846738845634,9.561138657098068,6.35069804851243,7.593283512932607,5.814657549624457,4.357368315405213,5.746430301361048,6.366231904734306,7.500412902162717,8.555751859604195,9.84501768105706,8.716273554935695,7.972853337312408,6.984126263656057
-8.289229645426758,-1.4731536374863088,0.25351348563000425,-0.6252981254033451,-4.983618244966716,-7.35857883917156,-2.619722452209284,-1.5262742426700218,-0.9174584515630202,-0.39503598305173065,1.8134541863057938,1.593224061869265,3.81578490568868,7.050831243717031,7.527449298443365,9.603572179862118,8.401216875626472,5.792640696784605,5.390154178968213,10.371867558698298,8.726418890537175,8.419095790876268,6.2023763329186545,11.730858886186883,6.287044154104988,4.586038057507885,5.807664375576031,6.27951850787471,10.875358053445662,11.320049472306328,10.191259442972532,9.408356431409384,8.920971852917395,8.426713611759114
-5.451717016170146,-0.7984489502416275,-2.3165742985978715,-3.6065071785070555,-5.5906082590239095,-7.585673253885303,-5.594317731380989,-2.437200603894781,-2.807402924890183,-1.1208646141332375,0.6339435674647061,3.057930236951022,6.435043746134201,6.592610030538392,9.240008583768953,10.826197801315494,8.398175735650678,8.018683907177687,6.063641422961075,7.132587726201834,9.529215749512566,8.918739606638683,5.838239246025533,12.116386206852857,6.416901464616622,6.271444385657561,5.831832747107192,6.383219479919975,10.990089190368243,11.842726016165065,10.815903257484381,10.490624599049207,10.017213964761453,7.840483478081077
-3.795040177195554,-2.8532239260694756,-3.664415378992085,-4.189072711816069,-6.401660234249309,-5.657827321196232,-4.9689994770162675,-6.163426018535533,-5.091103322414427,-2.318873036411316,0.010680831845542514,3.613637176751499,5.182142188290889,4.501186346211181,5.785953428548891,7.478471324728921,7.939207685572251,9.574766351982998,5.295588008737782,6.916580979372201,7.430554863331008,7.780966393776414,6.012407454417203,6.817917269390652,7.443242503319776,5.454882065411848,5.508172992657074,6.12548006708311,12.4497730409365,11.86855889115153,10.682322991403973,10.82446721348875,8.276159660411793,6.8238462991121756
-5.331340287272632,-2.9881300128393677,-4.098781849938066,-6.247625408257856,-7.8043150015833564,-8.11227322538717,-4.949753732205488,-5.6482155495528445,-5.173406652160356,-7.449267902365754,-0.31535667697841235,3.8332024795550934,2.661150984041825,3.288209921074935,6.257592181086343,6.47962387299966,10.425349516839939,9.941730704879804,6.656798491840264,5.954086082357058,6.980392027202751,7.385404166440434,6.701044139535124,6.760733080962534,7.627923539229453,5.836293530746318,5.533861752640636,5.916875772193857,12.124194139126885,11.18105239470993,11.7999508433107,6.4581290844984585,7.329726929648283,6.171590292588806
-4.10916594933492,-4.922728031507613,-6.279784184172623,-7.514810360604553,-5.512483572902759,-6.175560244354397,-6.278533164580972,-4.839741041221819,-1.3013123501938395,0.33813231606981803,3.097555019559358,3.7914656166010543,4.074185045136024,5.881425582940072,4.528411657829513,5.522521559959201,9.246487486747645,9.771550151126364,7.313854489509574,6.3596079648968304,6.452822845875004,6.4512383768069705,6.1492896035334725,6.481277596728728,6.3586432283996155,4.758923015045507,5.622522319164794,5.919667266871425,11.145464525479571,10.486726370376099,11.348443042507656,6.096678932335424,5.386135315448932,5.48490081106959
-6.947449943189126,-6.763728396594734,-7.401390445307512,-6.872243168292346,-2.217269922599911,-4.307831814723595,-3.101428292590156,-5.966596267598078,-5.129808639527385,-1.8905832912478047,4.501357930772315,2.4032624603075328,7.472952852298569,7.113570644517595,5.48386904164332,6.466117026823687,7.217991025755995,8.868794859075075,7.986663406334921,5.003355310824938,5.103383810069123,4.947824029592128,6.482373516416992,6.316471241400586,7.169228802226111,6.3464873024184545,4.848252172214716,8.107401782047615,5.634153217661486,9.708499901598396,10.052358524106193,6.389953408250804,5.197880797169251,4.579075382418211
-7.242108542927866,-7.77021233223189,-7.46456056084522,-5.150081461065696,-4.762332472986512,-13.19814138666732,-0.39313487292666566,1.134607835951477,-1.8891392144532004,-1.0118249938719959,3.399840317900546,4.795462675956223,6.3827848063734764,5.043284330049908,5.075575286428034,7.853418033024105,8.207124673221907,7.756871400050321,8.45739216107161,5.188047596840755,5.718295811742885,5.326357776642379,6.291659131747672,5.526136895493653,6.528019886267057,6.541309265140393,5.338262602341496,7.960842381135905,10.505950658809276,9.665968204805846,9.610071677852103,7.25837182964523,5.024877633226084,3.076204572023414
-8.2270890281789,-7.579325289672718,-7.015366965768658,-7.877735456717898,-6.750593915928115,-4.409007961421737,1.386383010611906,2.59381299339738,2.2821065654713015,3.6483591357290877,5.222231391994544,4.85121668146534,4.4816702300956734,4.845607606010521,4.8985960362908,6.894916653801038,7.368617291599877,7.666220228958786,7.804787492609707,7.476294224441994,6.3777761161396676,6.482801239945218,5.833567025240612,5.799272379134342,5.8524018898018975,5.341448102550411,5.298386559914398,7.13453783105666,10.598307104905802,9.612940336642769,9.617504606074931,6.98572419580031,4.60023109967153,3.195914702094283
-7.231495494237599,-5.901967481979756,-6.80148991705975,-6.962388659866951,-3.348192254691116,0.7664420087065489,0.6694586868059376,1.154347825489559,2.703974033855872,3.260959222541733,4.6140522953386185,3.6954033713002303,3.616183602268983,3.445892240632169,4.928329883102713,6.604804113628793,6.725243331808103,6.797824895881265,6.901875797763728,7.3158832598315335,7.258172564390121,3.9472370732187945,5.984650898093352,6.139539800240133,5.500706865679487,6.005533382563943,6.578066662940045,7.802302138054166,10.105431934730682,9.181739925004129,8.84666880149641,6.170127958595899,4.994940183586574,7.552225516758175
-6.573687238848173,-5.549712199721973,-5.949431158057442,-1.8130038513327922,-1.623306076757025,0.19867193472002975,0.34575767661011625,2.132280782354686,2.4418170815296563,3.292548060584703,2.5615974503206234,2.540862420257716,3.039086568807954,3.8450680071262147,3.509124090840304,5.67056593868584,7.460384580935421,7.183738549165479,7.486650261350957,6.8961266035975,5.679874433978831,5.497337121047969,4.645752844540242,5.594916075732798,5.770239872793478,6.249147980470143,6.370736893010264,10.05304863948937,9.81704851444819,9.013169906432209,7.427061152755798,4.2173057384447885,4.020476233320264,13.565104015020054
-6.8451001847965625,-4.001735259938965,-3.026232523810222,-2.333901761337532,0.2963832251587216,0.3907173703133452,1.4760592887480801,1.837375358527124,1.424861454930871,1.483372035036788,2.545607720174975,3.4501890131582402,2.4689634667294746,2.1918865921091073,3.784937470078282,7.1897016206809585,7.5987730339207475,7.5253034929963825,4.8164807788712185,4.046498437388718,5.671172630330956,5.4207892930205,5.702878520476759,10.673600570230803,10.236400564004667,9.354620374784226,9.33133101370586,9.491805504399824,8.9167839747058,8.05726109630317,6.348182433726284,4.26067469113457,3.9705010279394815,13.406631024530645
-5.476359254555189,-4.192442347064008,-0.7944328994983874,-0.7583772714048173,0.7144382937636765,0.668457782473218,1.5761272673463183,1.3073933267222448,0.8128461463689091,2.1404976903500104,4.131857135081553,3.2027359960417088,2.900447350927149,1.7583718052752255,3.206574571379181,5.912523607030371,7.452044175569923,5.669132633671806,4.922917681782551,4.636795793675055,6.350015872419892,6.258719790619554,5.061659364179791,9.535217251131472,9.369175977575074,9.308906598998846,8.560852206863327,8.346438717028109,8.28759921366357,7.176206662307383,7.522694027068067,5.418388786340643,5.313040572569814,11.203328053200307
-3.3188605636199835,-0.7159569347065288,-0.12025156109506004,-0.07183057729599694,0.8381549874628726,1.0238915521769858,0.1199186452666086,0.015928925351413607,1.7890886257878547,2.4435716541369863,2.5618659104441464,3.18326453147193,3.813248946843716,3.0377955032496384,4.1389515231515075,6.217019331348083,7.405234713536561,4.096411931559785,4.466148514263446,6.629881835932236,6.1944280703787635,4.792571097845711,6.164359344119549,8.254543982373185,8.372512840442838,8.525827911912844,6.7362162246865696,7.490113114436587,7.564802812688017,6.640532143882588,5.7480958985772235,5.519881813763905,7.847522845409515,12.120162351979584
-0.9981324078283641,-0.2330922984821383,0.1403720504487469,0.004103905618005113,0.5191979464073693,0.5799013085280496,0.08882612278573905,1.0014355640265602,0.8046439692796827,2.073586025903231,2.9462363390540403,6.025488512747267,4.07263757695709,3.9732477195063085,4.421186926219242,4.7465667133582174,5.1724987092383055,4.581539906992081,4.6535896567217,6.228759276753808,6.22424287100256,6.515795989283301,8.551542249789822,8.588241917267256,6.07662618907313,7.309746117500491,6.722548887833546,6.708812290016526,7.378475659695194,5.939663555063686,6.917581596998492,7.9738005423751686,8.431363687209728,9.78070030453648
-1.0763097548392435,-1.3553315633396634,-0.5470104350676978,-0.4427474181480831,-0.07776778440041517,-0.4606189845480947,0.1509349456317401,1.9908178373716576,3.3806615071546537,3.0116628879545786,3.9138385593437075,5.824546346334664,5.186447028026186,5.0314456152509255,3.921764123340121,5.470024339060425,5.730861339292199,5.763330921967661,4.448327293858898,4.315342888747819,5.303439204066425,6.570253275414743,8.910830994257068,8.203748214437718,6.925597243738712,6.286484954134129,6.959160826449609,7.901215260907989,8.423946600587737,8.34847662444407,7.358508422566497,7.381682400702724,9.2310868368061,9.085632614145021
-1.8278995260667736,-1.142007827152148,-1.300906530060662,-0.7382307927249484,-0.9408661440664546,-0.29824839831284383,0.691147010390797,2.083572201709695,3.062209241629096,3.197747595282916,6.86383727606636,5.483034144166311,5.041115805383529,4.426443524793594,4.209428849463472,6.116608873287975,5.902000735243818,4.0366025840969595,3.6392434050631626,4.44393285022514,4.613383367856996,8.65179722798469,8.603951844340584,7.627995658898594,7.801074792347664,6.368929358573665,5.147979306332964,9.419632708589345,8.121038947467898,5.166548542558068,6.106825924929488,6.841987071508329,9.732271893352433,9.23184427791754
-1.8855406438043756,-1.5130451502413085,-1.1907761585991332,-1.189100772006353,-1.345764849865361,-0.2780930188218501,0.8107224108242423,2.7765195578414272,4.357212686114191,3.679471042009088,5.624144468345947,6.170590929308978,6.555125516787064,5.512658057806602,5.3797070121733475,5.073471157799818,5.8644484400185775,6.080765408361377,6.364824990159959,6.59839599144281,7.706791696179056,6.177490389108319,8.15752210023861,7.022397451092448,7.4440852060762115,7.765993033097977,6.211945181044678,5.874169614394644,4.991502206750733,6.257755999274216,4.86733983050343,5.2015392822466895,9.912803350522415,7.872811130332943
-0.5759618822129735,-0.6681420094474522,-0.17057786316880835,-0.422591028809053,0.410227870760945,0.9595773242454455,3.3898669798226058,2.5693414603430775,2.3613578305356517,3.5577928631364593,8.121940646426182,9.68531332132506,7.612036146925954,5.856590270152086,5.2447060728236545,4.280929337501432,3.4979265901382837,6.405399118898656,6.748705110256726,4.200226763229868,4.205708458244599,7.2150293931618705,7.3758172211118005,6.944076028577693,8.154762508648878,8.223948795227031,5.6738794349818615,4.867692449960933,3.7515111864269253,4.675345388179642,4.530467606095085,5.65383239176531,7.54057720224662,6.888334053973837
-0.541459102258026,0.30120457582446536,0.4532659297502768,0.9432920090121532,0.8627885213830631,1.8393592194635502,3.2747622958038796,4.373458524243289,3.154648460250509,4.51404007483175,9.577242740038324,10.171994414060116,7.755139997148215,6.107265452640502,4.739136318802718,4.447994745550276,5.4366104603025285,4.852454944396495,3.7291347346769563,4.192215003077276,3.8477962926381584,4.9752619660394055,6.020028637584023,6.73106107110466,4.886714732096223,5.904804739874836,4.267036435395812,3.23849736074507,3.8751067135058106,3.3740018316565825,3.2263120027151726,3.8481153352403084,5.117739708437934,7.085662256373726
0.6039416842437122,0.2938808977709919,0.415017822229797,-0.094158616085476,1.5921780419060427,2.5674077106184003,3.213252344854152,3.7007239392061497,7.793762070475881,8.489071683960086,8.753058129026106,9.813273407667102,7.025931953692869,5.844491551119469,4.590904280664693,4.899160274736206,4.492176550133118,4.616516375445663,3.90094843232405,3.1638935076446386,3.8135616714060956,4.13961278927952,4.2609917647766755,6.184696423909805,4.730084163588008,4.478144858705406,3.9732449346575254,2.4729997208800896,3.0458105781830906,3.187261853736607,3.405570511556215,3.39335248488474,3.978371621801484,4.474827092170548
0.7273634681326718,-0.525827245738245,-0.33984855474770165,0.49734327151126756,1.3034727000307778,3.00940510466115,4.979660922450166,6.049874962786905,8.700821434151548,6.099653358529737,6.531600939131306,6.762849273278915,5.300587359878923,4.374568092478356,4.2322931668985,3.69991870860257,3.8240501611072646,3.97728125648537,3.9310107553181344,2.6828851342998212,3.371180314070003,2.910871988897654,4.4470611603526065,4.076184817773558,3.6511390297722217,4.200536953744289,3.4931704597272057,2.295108137701561,2.8757916002049617,3.745397353097898,3.734201974668838,3.9008111149863725,3.2202691684506437,4.339206440664347
-0.27137376505761923,-0.40463710968490446,-0.38174450518306496,0.8582156677296442,1.5040794278767837,4.780382852077673,3.9118483152332035,4.543525346163552,6.183454808396887,6.3215412168945795,5.559605075739833,6.709549457979657,5.206910046734285,5.183994819522353,3.625947221580072,3.7092238621188645,2.71089885612783,3.440750998850032,4.269309119103172,2.9941519684845437,2.532641422304128,2.8015243964438827,4.3139220423707,4.433107077030563,4.603788475247718,3.287564551624878,2.8957272204569082,3.2506128100304563,3.2875347508470085,3.400337129072088,2.7764992210357446,4.172997691441651,3.171119114087149,4.190952718018627
-0.16646947419683775,0.13160887972735077,-1.0251817779808499,0.30394484200465627,2.721491194549031,3.8130299469690168,4.271146107592271,3.807741530082758,5.581408173257665,6.418253575953195,6.916816602789401,5.773743371237728,5.112670337364902,4.6905884382189456,3.4615929041019684,3.864815268758926,3.7288923967471552,2.9059772486276234,3.4410275403753796,2.5078237686686498,2.4396141941326297,2.6913273577377286,3.6416717582678952,3.3598065127036025,3.788304725797042,3.05743460103058,2.534391727365508,2.3503890138461756,3.4389106236300457,3.3081698894624254,3.014400788813707,2.497937387959819,2.597038121438035,2.384951043738999
-0.2578651218774998,0.20675943396047633,1.0111676285527473,1.2347429132615635,1.806011540042397,3.8109288243860324,4.74537514444821,6.123380916987934,5.4275260754616825,6.367004823592498,5.796921765239782,6.181847351406364,5.730980375048916,4.076682909848545,3.7523037581827134,3.7243515574566186,3.584926750396501,4.094279365642592,3.6486267392515455,2.663976325968152,2.5796541827806867,2.0360785721145565,3.587715768702235,3.394844231603279,3.6389822546899446,3.247197276465178,2.2628574012337723,2.367709084455963,4.044754535856595,2.9933877258479757,3.258447182912278,3.5165800857459018,2.1952441134931133,3.1162656754366047
