script/wind10m.json
{"header": {"parameterCategory": 2, "parameterNumber": 3, "lo1": 3.000054539987559, "la1": 64.9999836372058, "dx": 0.5, "dy": 0.25, "nx": 34, "ny": 52, "refTime": "2026-02-07T05:00:00.000Z"}, "data":
[rows 24 to 47 of 52, columns 0 to 33 of 34]
4.473942670144036,2.5566389035978814,2.062259610643879,-0.19651815147613785,-1.0582813878975748,-0.8252574712448092,-1.6064208265951265,9.96937642209624,-0.20880378916891165,-2.099799175142956,-3.5341574618943232,-2.4446264021531676,-2.824151743169043,-2.767947448713885,-5.231551804040441,-8.925799520876003,-3.82867578051781,-1.4880406475450965,-1.3929862209915744,-1.9248119008870228,-4.184072231254857,-3.778984473645156,-1.5719918999993021,-1.5232165779778872,-2.189633065763438,-2.067018933878759,-2.2420004809759972,-2.5086507561967784,-2.328113690007523,-3.2782384059300105,-3.2216468758632253,-5.264941357439831,-5.374181394530767,-4.523388050662575
5.698603079492086,4.816891731704816,2.3451310406999086,1.9132021886636124,1.1491581667273723,-0.3786750325588077,0.8865894440497083,-2.4769531768034043,-2.8489941837654653,-2.6337491915235467,-2.2577591858234656,-2.484179990945139,-2.982549484556534,-8.77177205174737,-9.051479637249106,-7.229335053986236,-4.276176763496766,-1.4089352508464112,-1.8670147989169454,-2.875265682499905,-4.007611174690399,-3.047740709025827,-1.340406834251611,-1.8751747374934191,-1.780391888461547,-2.117237298601179,-1.9711626817188874,-2.261632675096151,-3.262520750891773,-5.882938363733811,-7.683627316634195,-5.217749805301215,-4.716570569556468,-4.3010048745354545
5.7554821518172545,5.646928474853402,5.006808163408484,3.3830970755775183,3.318449066230726,1.7517547683764847,-0.7801238545038033,-0.6506214889039739,-2.1580963774549415,-2.4585396113187388,-2.289308019519804,-2.8345949490421845,-9.202434037515546,-8.308330868435611,-6.619848128656285,-5.6348131548047835,-4.235932622755729,-1.3959147280226438,-1.4420460705868519,-5.373382299209696,-3.123088268818162,-1.7006247834199963,-0.9784918603869454,-3.615087785926445,-2.765235433955727,-2.1345852061401325,-2.438221660830832,-2.8968628337020497,-7.9420277836626125,-6.669477516806619,-4.585554982224303,-4.531314222622314,-4.118875565006827,-3.705387442504007
5.397772624810897,4.960137831638518,4.6521628659113565,4.300010308224815,3.466813425529032,2.3870209691200293,1.372026900001552,-3.1056975252349512,-1.0774919032179813,-3.104775063148885,-3.144234788515144,-9.651158639878657,-7.381908518704401,-5.752628618997159,-5.714125800726008,-4.902934510801876,-3.478412411113054,-1.751023156314156,-2.0296300560532097,-1.9918717577044844,-2.6445598558533785,-0.9731422875460665,-1.404634139288975,-4.016551493295874,-1.4148554698496663,-1.8878044795905868,-1.8865623145675756,-2.4457230852748295,-3.9146642513449894,-4.124819124753985,-4.031770679980722,-4.054186656912346,-4.337561069252949,-4.498175120179031
4.586063530671232,4.679275482393536,4.30884970657805,3.7887801484474948,2.857916133642995,1.6645273672349812,-0.030669773389653474,-2.0568556079085147,-2.9068567790487174,-4.016403713323731,-10.237402953629259,-6.205253984606102,-5.591064373976176,-5.239131684177218,-4.4392575441699496,-3.9467483449483654,-3.3739156460916226,-3.119119066272116,-2.104255591258828,-1.6058083366577935,-1.2957231885596339,-1.5774152913328408,-1.8333991674900032,-0.9148217762031651,-1.5452407617455115,-1.7665392030844131,-2.1565616964909307,-2.008273961726329,-4.714200793008754,-4.000961869317876,-3.859828103905957,-3.292749709680917,-3.228865514289115,-3.521368734866362
4.712055274149425,4.914498310545784,4.539292003820742,3.1920505741925096,2.7198664786548084,1.3941626962689024,-1.1824439465683976,-3.735735626850566,-6.573576680902415,-4.926050139599124,-5.841417387700148,-5.544780900248165,-4.595435447765292,-3.7841121505973647,-3.392524120464794,-2.8914273645813844,-3.2690081829071085,-3.645048697984467,-2.46336608163499,-1.532701094321835,-1.6055340069160267,-1.2796349489865644,-2.149827974167682,-1.2514600990765155,-1.8399406939276384,-2.2037488573596304,-2.010377016847908,-1.8779116710600043,-4.667375846756563,-4.113969170901251,-2.624931734183231,-1.7244473456649896,-3.5858452176527735,-3.5451041775683345
5.466439560741141,5.332526786944878,5.054327001561499,3.1085546788863865,2.5071832343613503,1.526880311133881,0.1814457557203207,-1.3154209836923503,-3.1999947894779535,-4.169856959981168,-4.014856188757644,-1.9240458089896877,-1.3738147242931735,-2.2208187147658283,-2.1058120354252994,-2.9138367558288953,-3.239548835522275,-3.275616978999361,-1.171215358314251,-1.3098849623659685,-1.022790414094721,-1.185665021217791,-1.8758956921492511,-1.5850581450928611,-1.9292600209500679,-2.0668745454926527,-1.663830935596296,-2.079838420946326,-3.68732978629856,-3.873960806841045,-2.903884647843786,-1.6912387415707206,-4.251201143180621,-3.9116437767778027
5.281793799614689,4.8323980657636065,4.49673762250689,4.222003161670335,4.055461795581449,3.5667646657046346,2.183458914333101,0.9745163817265166,0.2104476315583546,-0.30625610075701076,-0.7101315371461043,-0.8569974683717739,-1.2335892187578925,-1.9048962118063824,-2.4477201838909397,-2.239492948424658,-1.3106658820582255,-2.0360480456114187,-1.645292601215361,-1.1074844274053535,-1.1797280602214357,-1.5248636063650338,-1.3744644686980678,-1.3666806654449988,-1.7163354962303736,-1.3791598704342312,-1.3915106953896603,-4.631112241260285,-2.1619585511722423,-4.458732239345551,-3.038445324023714,-2.3758175064997453,-4.20772075666942,-4.009976503859803
4.775312820309647,4.525829126583313,3.8193270388097713,3.3623441415191264,2.89675846975368,2.3782440157427494,1.6723928701078963,0.9272096371851677,0.08915094149628575,-0.3281319626338745,-1.3932134240810217,-0.6394946105352728,-2.293305245124466,-1.500558625103734,-1.4590205230732107,-2.573262533520659,-2.7380959631776496,-2.6195568380207273,-2.0402736194632305,-1.2483193635039032,-1.225306773874684,-1.3646637528960472,-1.0837810952038929,-1.0521147526422152,-1.2570860407408815,-1.4912288542679086,-1.6541673292743742,-3.8209045424115144,-4.133619851259602,-4.8661213062469395,-4.419100740554831,-4.8502538950923935,-3.8668068183241315,-2.9220568655277632
3.9941522828819926,3.8173928588657415,3.6968490900147297,3.5178748814346386,2.754263951841659,2.0254152375852446,1.372149968925191,0.7188223573870878,-0.09425638798360082,-0.42281978518744273,-1.044429474595427,-1.1610841681711936,-1.3132554799488365,-0.9354637822721213,-0.7499736593235192,-1.6422349769887061,-1.8634957192180368,-1.6700966794136085,-1.16050751463252,-1.2382269837322413,-0.7642013670945712,-0.8551434930939813,-1.029435322883991,-1.0928460075202775,-1.1483434286116094,-1.5157329499342806,-1.7701244831326512,-3.0468569131177894,-3.797862061967802,-3.8064074226789932,-3.3731858418430996,-3.0427595278611284,-2.8522502648990993,-2.8103619945319624
3.877218181584303,3.8546314012916527,3.6045895327054134,3.6211818685784856,2.9505353514981802,2.64198604334118,1.942579494290973,1.0042911633799325,0.5152404818190537,-0.06061437704465831,0.19830224412978548,0.3513371978606118,-0.19416564602020037,-0.3907421420095462,-0.5561460523928797,-0.18447758735865746,-1.0709565933594452,-1.5173932046014662,-1.8186718578682493,-1.6625528605281428,-0.39643286332587013,-0.3594329298814155,-0.9231229978569875,-1.3512892364326823,-1.2563963949747965,-1.6287850213280484,-2.009243085832607,-2.9207035046629763,-3.2148865311022194,-2.7826977315392707,-3.0123992775733357,-2.6927221519361235,-2.5915601646653967,-2.692420730939587
4.623896466749443,4.0039587368089276,4.144519139867059,3.767143909634666,3.507251146719613,3.022110741680456,2.7068469132138975,1.8383687331319185,0.9950456111543199,0.6804274744467264,0.4611722883988443,0.387747308468348,0.22020577986646492,-0.43063853468612034,-0.6295975371078301,-0.4547431138231349,-1.2706702592734265,-1.6925026140501138,-1.620797066737808,-0.8505856355378143,-0.485510762430236,-0.3542612342142947,-0.727340022148818,-1.090354877237464,-1.6191373657255972,-1.6577261843315076,-2.4372437162518885,-3.5135659397619623,-2.789029206054633,-2.438536596163815,-2.590972316422386,-2.368151339390068,-2.0859199772961747,-1.9580171658785475
4.691595550304431,4.541105652574807,4.932978749103627,5.181488244428679,4.233925111724559,3.9032908353065627,3.1452001561684777,2.463909067417052,1.7130367028487286,1.188977833336938,0.5372505761048777,0.6980212281596511,0.4767306580235892,-0.10532863163284584,-0.9294255766945384,-1.4534179509452925,-1.2215325681173475,-0.327368237772842,-0.5245490011062099,-0.2647122311108186,-0.5247233240616027,-0.4573498268940714,-0.9384228369293358,-3.231714303967239,-4.436108139022279,-4.582547780212083,-3.9152134710993245,-3.1628328714397957,-2.9998929257635623,-2.752133655277801,-2.6594541282345197,-2.5278205696113907,-2.3108727444879147,-2.033381307020451
4.1967291794099575,4.507121404135001,4.768541016810059,4.689907001157158,5.386409746083966,4.528971853580602,3.815485446286528,3.5410372747671155,2.3001910834819284,0.9295089331294433,0.8952079778817544,0.5964414688317978,0.5506136881014349,-0.26473075086625175,-2.1292379414159996,-1.954057568021399,-1.3333268500716555,-1.66567954610413,-0.7260688731327406,-0.7432503596437405,-0.9054928589787803,-0.9271841207237497,-1.3524953215353752,-3.15340522375052,-3.5138836281675982,-3.5465716290112645,-3.429256047019831,-3.1512687717395083,-2.936339342815182,-3.1170677145373595,-3.2682834733666324,-2.9069519231512166,-2.6121788676752646,-1.9971717256658175
4.466945546618399,5.104733143295605,5.231702418568061,5.842398101734113,5.231021166150451,5.184405081001484,4.251849932669598,3.644762938150719,3.2529976807421273,1.8757704915205446,0.4199362116734719,0.3086318287252981,-0.3173900978751004,-1.106663798956707,-0.4310733555461195,-1.6012829483298219,-1.1641648408149796,-0.0979437346095267,-1.079803307009998,-0.5861064709719226,0.07488437979207886,-0.22699958959388172,-1.820804861024974,-2.7651381707567846,-2.7969740045167115,-2.8817987287998856,-2.8624361468870996,-2.673651702672388,-2.755842225670461,-2.881308113419552,-2.742733702268698,-2.8442070835860895,-2.408369596565236,-1.75468698603842
5.351207044145352,5.307654546611243,5.772129116261651,5.880427622147572,6.460036608518468,5.94746769333174,5.113990937044205,3.581318747719524,2.690318298396715,2.5588893914016375,1.1645620401370766,0.1310864437347431,0.07489795525239358,-0.5958698952144544,-0.350896567932932,-0.17018386995369242,-2.4057024453379117,0.04524522403948634,0.6454276942316541,-0.26505143729349995,0.02369065444918939,-0.9476337009873496,-1.7255991612946284,-2.2715943097381976,-1.513894792007625,-1.7118502783002678,-1.7377873198978637,-1.6185056807751033,-1.6712062388285707,-1.814494511750153,-1.8281405943890916,-1.904083295604471,-1.7021937327688805,-1.5068069152113444
5.427263058923114,5.712828815433019,6.654030401741455,7.220403444777825,6.567406333063618,6.352396528493359,5.318090649691634,4.428710015489026,2.9645227162277474,1.4681834141754877,1.5048111953135899,0.5683273228272259,-0.22372940327719668,0.3950784254801086,-0.4152909745872947,-0.648586856133029,0.6895201526526702,-0.2596452010846956,-0.7936216288222238,-0.1537851442601376,-0.5509952516447797,-0.9289959865053867,-1.1697814893488647,-1.3194347780542786,-1.503465851901111,-1.5428334921518072,-1.4988005104856075,-1.1259057749987769,-1.7081968226340563,-1.232034450870899,-1.188016799758068,-1.1706314725464322,-1.3483789047249366,-1.4181309539377047
5.20565525258068,6.117835146386657,7.479803139825589,7.629642330730033,7.584454696470298,6.449907760793772,6.203045029219289,4.586186327513387,3.753664888974371,1.9383786270644612,0.35610091244464953,0.7319597625566725,0.055721141289597986,0.27190636048871014,0.7211895662374628,-0.058602187001949045,-0.5298411087971644,-0.08622560534994894,-0.1882311659916001,-0.16024339204939983,-0.40156354775726827,-1.3235438407209303,-1.0541064252772647,-0.8056298763868337,-0.8165519991848076,-1.1685649293506675,-0.8018055022809056,-0.46387134418734605,-0.5655646378413424,-0.6721214486180862,-0.7404197240918661,-1.0522816618489028,-1.6550409691293821,-1.3140178067737787
3.929196647484255,5.16781164574694,8.26480837259518,8.219410113073703,7.690058458139515,6.990050942822045,5.503082253120542,5.515720452515434,4.35070220198394,3.3177881671675173,0.18710827350062112,-0.6476694227811357,0.07601490540493185,-0.07806452125291664,0.4971777699011692,0.5433141081101467,-0.01326245422039475,-0.6185580656789724,-0.712435835835238,-0.6058665992766522,-1.161182208507099,-0.6289577865774306,-0.7911253431396996,-1.237663747708789,-1.6159991807678122,-1.2917663511669077,-1.0282905792730805,-0.7240841604436271,-0.7519035616320564,-1.4689263928008507,-1.0993413015219347,-1.2620571467230401,-1.9589551657352828,-1.4392830811067636
4.950540057039014,4.945675518317649,8.41809607952625,8.094221999696401,7.587450438163229,7.010201825064743,6.565363577143413,6.025839426904206,4.982839876233273,3.178145448369162,2.1074719705686853,0.008357863911809009,-0.298375214841247,0.00013223064145351685,0.016792232506425007,-0.3563368723941252,0.027285613990381923,-0.31471490110495876,-0.5094912042519762,-0.32220569866523596,-0.24942984913727007,-0.9655285755113281,-0.12162250498542117,-0.5126941332264235,-1.125799838292082,-1.7698893299415883,-1.2225905070066807,-1.1426762805502684,-0.48870269122850474,-0.7761640483811468,-1.502600395729169,-1.7029490649787797,-1.5695137287391765,-0.42616587822717844
5.870230417213693,7.302221980554658,6.609853151248632,7.572424215057096,7.2560626373440975,6.8397816645192995,6.406547416884383,5.630577129061523,5.068430290993902,3.4452318349763016,2.0969551494611274,0.4759846554717967,0.3029996772974692,-0.05009458901866079,-0.09270264191625055,-0.11590492572802037,-1.3313514593195155,0.12333772741366616,-0.1564559499781382,-0.5760527951082678,-0.583240251590794,-0.2599197294410667,-0.5140792117925105,-0.5389360572696971,-0.656580314466181,-0.9551566185123036,-0.5202979991414087,-0.49110865508159957,-1.0406894811470233,-0.7131761770715067,-0.7724123516908858,-1.838761899234,-1.5043553216642587,-1.6114940022387951
5.8919159008040065,5.93387921906839,5.775170750747472,7.353155584070554,7.398562317793017,5.935029470788422,5.770001413821816,5.03377426697524,3.359790105428756,3.076387341485655,1.2255232199690527,0.8909193455284237,0.2878285458113864,0.03805691636033453,-0.17869604198536138,-0.4305755553106693,-0.12643734874026405,-0.7632505798411581,-0.5243470482022087,-0.4174873733332979,-0.5511075150682421,-0.45819249587747896,-0.7684743709215565,-1.2978924757893862,-0.5686098553064434,-0.4744983264397829,-0.6092135446131878,-0.21165446393311246,-0.8432489710234854,-1.0445713498617366,-1.0363770154215604,-1.3451057344913921,-1.3523545347051533,-1.210457998095835
6.268618824102751,5.750764057606248,6.618048666208064,6.443002697474265,7.059947582492513,5.388018778372145,4.413806955734991,4.153883319914088,3.6668474190668037,1.0199707111378264,1.4656158679696927,0.670070791950987,0.23134947591320643,-0.17782528408590254,0.419989068949284,-0.09916615478053795,-0.2503776533218286,-0.6068199626044953,-0.7317490339715003,-0.5112921909244343,-0.733912326069369,-0.4247656486298257,-0.4099469479722005,-0.34887150130819816,-0.7435441609733339,-0.0673046685319062,-0.4211510636493804,-0.6622994740301076,-0.9339011010330236,-2.0243115328266614,-1.6378540307818292,-1.5160052666015178,-1.8219020149972547,-1.1744124527477982
6.908310566590434,6.625710785912137,6.4085913265847845,5.813547546454944,5.211301401274412,3.052613662273952,2.0027590338224552,1.4301193540360024,1.501487155727182,1.0166472583185049,0.2606662198580773,1.1849724003682778,-0.3828296449076128,-0.15352446142954046,0.44897120267776186,-0.05633733287961376,-0.16807558512764265,-0.5267793342642364,-0.8597322411469347,-0.4444359700674285,-0.3794746320577389,-0.4282507615648295,-0.3451420337676755,-0.029572473765231113,-0.4737639924070321,-0.1520032281981571,-0.19461477682939324,-1.2716341130228246,-1.1257930041586641,-1.6251952242079408,-0.995086002696826,-2.468959486341204,-1.5215803051742252,-1.054081781180921
