script/wind50m.json
{"header": {"parameterCategory": 2, "parameterNumber": 3, "lo1": 3.000054539987559, "la1": 64.9999836372058, "dx": 0.5, "dy": 0.25, "nx": 34, "ny": 52, "refTime": "2025-11-27T08:00:00.000Z"}, "data":
[rows 25 to 49 of 52, columns 0 to 33 of 34]
3.354518027154343,3.043406598418204,3.7992522883531663,4.496511535402495,6.705029105346161,8.809538582371804,7.065550028354298,5.581366144700552,7.274171648286806,1.844933033878717,4.685683602280421,4.026934107537078,6.794884560821657,17.011607695504082,16.691046345918025,16.833090167906615,15.926690903263165,8.452525722915661,6.468329665630586,7.886984888311554,12.846508783792665,10.756001105348284,6.170752860592533,5.939557531279263,6.2462146548679485,4.212926029110127,5.110608837146951,4.464962038286087,4.11089974124117,5.683501055010583,8.90211909707109,8.328202086641086,7.418804223032546,6.589307534445612
3.888921369590207,3.5880359949226324,3.1887615067553585,4.399326017096454,6.3282852788863435,8.428009848761238,5.0899627255783235,4.005805933241599,4.195438460893933,5.086332822666646,5.020532651141828,6.684037790476554,17.105219755606466,17.3274200410746,17.023047899912164,17.36213686151305,15.663548293951893,8.829246382962696,5.678275484919167,10.04892993078773,8.852335019384006,8.164916253148451,6.018346042846898,10.80395680447428,6.18217165086794,4.374150661463313,4.83096553082988,4.920211784662301,6.3531052462462885,8.331141296582484,8.392834483456545,7.784305393561388,6.540992821030777,5.447841855912534
3.8863975816546854,4.278192429608247,3.9451394569358906,4.672453538979836,5.982566088028999,7.970845473503325,8.766261260848458,5.119481360692615,3.905752326054632,4.4354645805899935,6.978275150634044,14.734833645827702,16.450658570417314,17.092526853656725,17.41704184139301,16.690303848734846,15.160931609031438,10.355080622784978,6.466740639542997,7.662010852791905,9.251388429373467,8.495224050333858,6.399487496253063,12.079468361516764,6.115077717075148,5.405790609936721,4.815367635934506,4.529674502314338,6.195172504684027,8.486533001931393,7.557993297288085,7.159226243835747,5.283996355978194,4.293285331116109
4.670866653540108,4.635052022882372,5.023556641188628,4.859373807944003,6.018755943509436,7.825240536272247,9.09414366003681,9.696549468090868,9.155516814775797,7.792811040167723,13.772624365669598,16.40474538302798,17.193078842356307,18.092031939461794,17.23691097660984,15.743613973766086,14.631814578395685,13.788044129180545,7.530706385770917,8.428359670003784,8.389297305183383,7.933275280032832,5.947145943152521,5.890788300663349,6.349447994754052,3.919258735228709,4.5893159561874635,3.9965734985318733,6.872818521452276,7.722312966565572,7.186578732458661,5.573027774962659,5.341355532269469,2.5129822604166177
4.100748437682302,4.370264527965467,4.769577146863453,5.224987187802668,6.481554483758996,7.821514138765865,8.994192053895425,10.533379436997691,11.73397477759065,12.651894957433699,16.635853589568125,18.0771356287725,17.797384308588114,18.151593250906913,16.076871107702875,12.067712836298892,14.827641567660512,14.978139072032523,9.56050533443723,8.010444742554142,8.207652914281715,6.972879519772668,5.877497736696821,5.912922920601216,5.938771576849555,4.502117888423798,4.063123644072751,4.119719831586991,6.660912492320036,6.38655691890865,6.184365648109288,6.324379533605967,2.934219925137427,0.37505290722323803
3.683980921818293,3.7447809912751286,4.81891856946561,5.822485751181039,7.213548868827849,7.812905434238802,8.83870028965973,10.634232090703888,11.90193009725842,13.459858574469711,17.45944823266472,18.948973653294814,16.92106591383137,17.439268298645498,11.23640647984488,12.06692710014494,14.695053373684749,15.190157589053957,9.403939692521437,6.506732713468581,6.440638170669574,6.116892056648394,5.488781863708468,5.347539316187769,4.361939031663883,3.2595396717921283,3.9758270983301855,3.90161210802202,6.874500919377796,6.209041431848733,4.759845661166861,3.234614479084436,1.335070237894009,-0.9845708443302894
4.156433243767976,4.7011222394365175,5.301374108014288,6.4095780166498,7.377550551300937,8.21327763779873,9.337955867344258,10.231972923121365,11.631230118726672,14.089683838161744,17.994331689637193,14.819479681245586,16.1321077415979,13.114250417517459,10.559441103308046,12.950050810236336,11.509235601139364,14.885118695339814,15.166584723800867,6.319055477974266,5.944521514442437,4.763847733802499,4.741909981643864,4.883260426003364,4.473078036735081,4.449838472517755,5.107852498596816,3.882857299328991,4.634451817915063,5.992957188284651,3.932367973419724,2.2163848583912578,-1.4617921106335587,-1.3318274932344811
4.616040302473614,5.197417479688794,5.845877903902969,6.783099541697955,7.564768768003944,8.446462136115944,9.21522257267089,10.700965968634765,12.242244211895619,14.627384793613768,18.71721471727165,9.440347631450784,15.011253953587078,12.607408390155744,10.788117008547726,15.042200813683177,14.744627930238808,14.80353604160159,14.429864435745802,8.670463048914455,5.973491573306114,5.607729697484892,5.313169923362469,3.693094408847998,4.944566107474678,4.21319422536071,4.540731776684828,5.207427059335569,4.683420409519701,4.576203461988243,3.351858624668802,0.14425630330725295,-2.615991066351283,-0.11645901702887552
5.716801796900559,5.950043061731323,6.544417512341216,7.146334860016699,7.954994484684793,8.672512737215765,9.540927211430551,11.255295106922421,13.313150547775258,16.657576641515057,18.368536355743988,13.279690474131632,12.189653379366565,12.116903126974714,10.56533998604478,14.77767305776496,14.142952412685224,13.395386249966469,13.851579360899082,12.254963900095223,5.941613445353561,5.91912151156622,5.026946740557068,5.0433950749469565,5.1011143964839,4.713865953885199,4.407936547982804,4.9840734806269635,3.659880606307719,3.678953484555873,1.1873775882455186,-1.4887231515718096,-0.7266796772510687,-1.288453072612201
6.127094921762799,6.592402628644745,7.465680664197906,7.673350347711304,8.278002257010241,9.17701911391408,10.404513645747908,12.357111290196361,13.82148468863601,16.508390486558834,17.916308750696615,11.961569245947384,11.435216668361853,11.604242841575708,10.149126632540929,11.147040768587505,13.660479567706231,13.787205914450258,14.006425669746791,12.395864653948887,7.599488841253711,5.202671436892548,5.793218736297809,5.920273072436111,5.815084419304999,5.073750252016129,4.894534123573709,5.314182928086166,3.9016418771586734,2.225632909287218,-0.4721568548193297,-2.32086624902166,-3.0153847271549687,-2.523335480568005
6.761884828434734,6.703541179572566,7.332264965982311,8.10740133487156,8.380554194003755,9.243723309079082,10.14998009518056,11.809767515931364,13.68013136815208,15.990792791574222,17.653395400777864,10.901898534190805,12.470030778338183,10.734852027474341,10.354006612967973,11.604745998984294,13.970089463316237,13.415500078028188,13.430427760827673,9.62798147170379,6.3863134486357644,5.4567168875857615,5.339028862875256,4.930986581409129,4.744078579027312,3.415175101811047,4.323758512565612,1.634373831568674,2.7999065911634426,-0.19479328408009486,-0.8848187239990792,-3.1369540859232723,-2.359605941586446,-4.207806954751911
7.198186885708377,6.97610360204859,7.686093770632932,8.493985186708997,8.976255917142005,9.549451961609247,10.52483989294887,11.927011044251087,13.263628499993752,16.686270272806357,17.86961930696524,13.427944051544083,10.89346633333843,10.751117732937372,10.116339596270583,13.594426548120506,13.458862698598743,11.681945128219667,7.958553241879902,6.12479789088345,6.312026835570613,5.627621351560163,5.756104838696242,6.650224286087007,6.318506073592802,5.245833280348736,3.7367824245954906,4.716631908063958,2.471138147004506,-0.21374764380486588,-2.6087389424199,-3.5122119838878296,-4.0192398589734015,-5.4217885101523535
7.689817512361343,7.837154635948977,8.583997063649283,9.096615230276178,9.489830875348506,9.81010331303492,10.260351226552661,12.04899638589768,13.19758906293171,16.731509817228286,17.776127065428714,13.977240197102239,11.575328823330317,9.680816013457061,11.998495287331345,12.79141298270068,11.401572931846752,8.455436139859485,7.924287234917793,6.700526702062725,7.797255097550864,5.793484802160382,4.062187999282108,5.769598359325203,5.836787235702965,5.084480201321051,2.5238359709661085,2.093959911441431,1.2516095606040318,-0.3965094317036292,-3.30876184039497,-3.5937370957826187,-5.9961248397131275,-6.660842023709277
8.494126089052662,8.593154809066233,8.548680943409689,9.924691638168277,9.053011472580037,10.462336534241045,11.018672699647544,12.506130364828762,15.571723090509616,16.961726383239093,17.635918255562572,13.828072363333035,11.14165641798525,9.712183077678493,10.58895508615597,10.174438890433985,12.196022100116863,7.918828280633371,6.564736320831363,9.50117409516288,7.458977027125813,5.958333014006196,5.686363129886508,6.184303148857541,5.2750256503281605,4.426105875726608,1.1509996454429847,-0.7816430366118614,1.156287805046253,-0.9788911192963946,-3.5104147052936323,-5.184076625830799,-6.557958151359882,-7.727064714108153
9.06071868210129,8.90382900465193,9.654234616578334,10.07380601619945,11.004749459848773,11.777720237133563,11.824932317455866,13.171728369240094,16.950977381884986,16.912863503191755,17.815665082053947,16.032119414897522,11.922246631066816,9.72988039980187,10.04746929075237,9.799051281533146,10.712006809008779,7.978891555284995,6.380733766365683,9.952399366418241,9.92713298362215,9.090684936486712,7.704968489723315,7.124384049888877,4.361720906439324,3.0013840815411412,0.03533718370282465,1.0877753819270626,0.16822412996346472,-2.834611320198125,-4.445448535847215,-6.286253193630931,-7.001417391026798,-7.359279343562302
9.333568680036286,9.12906476027026,9.549521201970402,10.03770246586611,9.762595899235082,10.998046748930154,11.838508330071551,15.141401820848078,16.955815354791902,16.6665652830813,16.95263827185315,16.30765259784283,11.023474889610476,10.08346148832455,10.528669083681084,11.113351206192254,11.89158118981001,8.753993126015542,7.493237610381096,7.303263544239358,9.57660949628741,8.515284616613306,7.245684901156835,6.388647212267986,2.765681894103306,1.079303222679264,-1.4998009260706724,0.9506267159048579,-1.1687002460159932,-3.9140689818733687,-5.350731931060987,-6.901519725729852,-7.370377887471075,-7.332168856454087
9.4915090087371,9.415924535606386,8.987095244513203,10.060869852266908,10.501373318486904,10.599770076694833,11.877291586044478,16.503464418507697,16.585551269499245,17.05297674632032,16.252811199826436,14.122777679728928,9.19693480752672,9.97529959818436,10.680115952120875,12.186897845936521,11.775646791575822,7.379908515034114,7.1310311034658485,9.31330330484183,8.379632255987197,7.6747957189081975,6.972586640920605,4.814414844910594,2.7511327665664194,-0.061282791634853624,-2.5886973046643793,0.17405472055623333,-2.4064050665902377,-3.88728310264284,-4.308917501263254,-7.271380961763026,-7.2337421865995895,-8.757521377564196
9.750290752147933,9.073282634782279,9.470722488116357,9.15393101613417,9.243968645415128,9.94435456900079,11.504502213410571,16.629042903071507,16.592575204776537,16.362053368229237,16.821637549764226,15.672547542151666,10.102677524059898,9.498285617065315,10.330143389400877,11.237557792000038,9.664666416857036,11.186626206586242,9.68844926843049,7.220366592464438,7.349100014327689,5.098258139753197,5.686787062255604,4.041753792271664,2.438613369055421,-0.4384530678739925,-1.12351495148953,-0.03227438725003317,-2.633136501239129,-4.201262061995474,-3.901329046846184,-3.485236462077254,-7.259237526551544,-8.322750474840818
9.078080325706551,8.915955714947874,8.94349932279998,8.465606488176064,8.764558498669151,10.57534000300912,15.94855182789011,16.194604918456175,16.250502051965544,16.010968910325595,15.86716256299672,15.12348386215134,9.773574282657135,8.819350385633355,8.881044933961842,8.373898581237082,7.526176316272329,9.900861642817386,7.720504129079441,5.119661771036967,4.847461301377751,6.215445219612663,4.751955460742096,4.165108723170077,3.001715984101218,-0.04141861060728969,-2.71824591268585,-0.08013245394470507,-2.7872700349615034,-2.631613127324522,-4.182393704153465,-3.6803711409493824,-5.806350661023189,-6.11243215357145
8.312492401124382,8.689258978978545,8.256609375411944,8.662349697009713,9.839412887570875,11.448513095122731,16.37303210274141,15.489907727598627,15.677965396616543,15.58149922282079,14.6735825346877,14.423320758877276,9.683518896025221,8.548811522614251,7.821345104050627,7.957645437531845,8.381111532018533,7.418715593628537,5.553699331541702,5.084732711379283,4.244379269844746,4.706288858328632,3.8561148261136644,4.5483716064396,2.3618921012294853,1.4910233914362163,0.8152090138833539,0.5432891123901602,-2.7291510622592385,-3.3718685095313305,-3.3999942052016894,-3.1125718691389004,-4.708676135328707,-1.4695637442710423
8.465138779604583,7.819614880349601,7.111197649408844,8.44644821446081,10.33887929485542,15.361119593202472,15.654117042725455,15.547099680514796,15.234395214966389,12.876544700501713,11.669608039683599,11.815362235848587,9.009549445552743,8.914167348522572,7.204834175398348,7.630043886362899,7.099419701470075,6.223030875032235,5.551853504867249,4.322975760960833,4.811242711369293,4.028329233255699,3.5930741373297477,2.8904811337704537,1.8242026264716091,1.1395257733179505,0.21226327042419024,-0.8612525872826166,-1.098069169359637,-2.3208903000752468,-3.444810283824313,-2.7725097938379206,-3.6374221154107294,-1.6855890765962622
7.775428096018666,7.3444132696453,8.056315192540987,8.990722222962146,14.491748239156612,15.989995833963306,14.115118068065867,13.772699326512523,13.680186774240953,9.198818358629621,8.855594247137686,9.372930468954909,7.560942842166145,7.314662947516013,6.307860472025054,6.1254096009019285,5.256546821825428,4.469040477370182,5.084728795208003,3.5874117330415904,4.443539663133938,4.672611463870488,4.687139066840792,1.646446851029732,1.330940285699556,1.614461511935464,-0.26901739138495595,-2.2307401996963048,-1.8936396485645144,-2.291739692595666,-3.6213597875474557,-2.7694623598760475,-4.065128482658015,-2.163460542702393
7.696012440256256,7.646123276846862,8.36455896412531,10.931276812902015,13.74380396962253,13.169572322844422,10.476249961792782,10.21880999194368,10.375980069022452,8.669527760980985,7.630643398692621,8.255668952013648,8.146886009483216,7.262244839377649,6.088180787768173,5.270950629055615,3.5267897475643695,3.4204835138481635,3.967927555698412,3.648022437367898,3.9146594549596023,3.293097768034166,3.3987405430498248,2.0680104336307146,0.7531073740838812,-0.31390017445411894,-0.13748555202982476,-2.0243201792461143,-2.504150859142123,-1.8970340212525059,-2.517983015709464,-1.9439158455333576,-3.83113188650533,-2.1524918881347697
7.754197700785602,7.050403369818223,7.719543295526682,15.191721315285342,12.381010692490563,12.397276765904477,10.451110522879114,9.463607684816044,9.40045104933003,8.581781829574517,8.415465757764183,7.941867488384492,7.378779690571629,6.9425344268132685,4.965822869758967,4.026649528948612,2.597868545301682,3.042665542114728,3.0807693637566196,2.7751803002609656,3.1123128768767114,3.0820603191721494,3.3239917696821646,1.6024034618857055,-0.30359666463182283,-0.5826338427599207,-1.2143089983869662,-1.3417515586129942,-2.8190610403974814,-2.555685851149474,-2.419433276107633,-1.59852967421718,-3.6784230261925965,-2.9245232017143206
6.76346192936761,7.245665087119874,13.053251823520995,15.253141008738437,9.67988776175798,13.694338823393267,9.899117878023304,9.421527378107712,8.36292288906157,7.762997400037133,7.567876341824707,7.739193695915606,7.343745791463574,4.789203387646549,4.544587394265866,4.234266597229678,3.6427895626891242,3.3355211953980795,4.63338587665812,3.3737324278662704,2.461815741317773,2.1908520142374854,3.129053748028173,1.1210205833131532,0.011360385124979718,0.07974805877473018,-0.43186710721773136,-1.5396016263458556,-2.1772604788647247,-2.798321534556034,-2.8383289603161446,-2.8466771005680735,-2.8676662964026267,-3.3679912145177524
