script/wind50m.json
{"header": {"parameterCategory": 2, "parameterNumber": 3, "lo1": 3.000054539987559, "la1": 64.9999836372058, "dx": 0.5, "dy": 0.25, "nx": 34, "ny": 52, "refTime": "2026-02-23T23:00:00.000Z"}, "data":
[rows 0 to 23 of 52, columns 0 to 33 of 34]
0.5689468181744713,0.303481769139502,1.2366854641281164,1.2663748365756728,1.5385040764227147,1.4293221333702812,0.9109170480203108,0.7965385993279254,0.4875833718122531,0.3116059424690946,0.3459906494120994,0.39019006371253456,0.12806341464929427,0.09734594375978212,0.5748762656391229,1.6847309273281954,1.8030711722278998,-0.13728100881236843,-1.0465195249580004,1.2765351542446353,-4.2629457282033405,-2.557272668676221,-0.6219988866779239,-5.250067419147366,3.3950758698858263,-1.5678153835889068,-3.1259048276118118,-2.226689437283949,-2.466279996704041,-2.2091503100717387,-3.83064389298793,-1.7301867958668586,-2.2841210640853884,-2.773525797864769
1.8044868023141796,1.4586556834372648,1.2412546981525991,0.9007256048241816,1.0704969125899189,0.9234614028927643,0.7651989327663546,0.6667882715551452,0.47324528756340606,-0.146984922686407,-0.25677726611592505,-0.21991395011961784,-0.12464580942565982,-0.4273527262648375,-1.147818632623608,-0.3400877853183676,0.7427172456038241,0.9118693047699107,4.712853932146882,-1.1855161862865664,-3.1358112071571007,-2.416836115925411,-5.484706030100026,-0.26408686596491154,1.1378139757459043,-0.9462471626616614,-3.2713443488446394,-1.366198679823436,-3.408917956809426,-2.4633495119967828,-3.067368234859942,-2.342481428115108,-2.3701217401743553,-1.8211836272848299
1.7595370769898764,1.427275920933409,0.8326566285394157,0.6422722750258971,0.6455830488237174,0.511008952161118,0.7216051670873624,0.6315773055836587,0.44159184200467433,-0.4299794524918877,-0.7833138570312903,-0.6831335022658769,-1.3846845974562787,-0.7140203495866226,-0.3355760181438523,1.0976221823122179,2.8431836608133114,1.7099469223204968,-4.599658357887148,-1.82796856459089,-3.0309949516835997,-3.353769612434307,-0.8657256671053751,-3.1973957328288134,-4.058660491906589,-3.5364125105237347,-2.8382543826814284,-3.7050830176871896,-3.3905147441610652,-3.7962003933108344,-2.939071794475179,-2.865144975098674,-2.7827892177397477,-1.263787515981048
1.7428197953432591,1.262770564863463,0.6157941439625845,0.5249711285446681,0.6295228201164714,0.6639269405246241,0.5091643773551993,0.2505687244805489,-0.11200351766152605,-0.6895244464678894,-1.005563959972755,-1.0404969886026212,-0.5166952154852245,-0.9778777489501786,0.2940158123416004,2.6804852401927177,-0.8488037326008552,-1.883473158549878,-2.436128908556504,-1.5150610522839474,-1.2944307554724477,-4.898896231610991,-8.80117995146882,-2.3191579383377734,-2.8868434072395517,-3.819671430689669,-2.1957102765101704,-3.4617664476945094,-2.783950283672961,-3.0391450065476295,-4.354849357392154,-2.6734884268670265,-3.4978015117457173,-2.9251689105576184
1.0745781300536927,0.7680052420028896,0.6779807413728907,0.6198490949436222,0.38959760575088553,0.45165858612340615,0.34649941495025666,-0.0943451023383464,-0.2717023432429565,-0.4868637730698817,-0.3160439018546218,-0.42387932313566445,-0.9143866034713404,-0.039986410267586245,0.0664164820477282,0.5310914093494316,-3.4111081218308046,-2.8006359703215384,-4.055323402273496,-1.8981094623546189,-1.9786203779329892,-2.352534595077316,-1.9048571242869055,-4.881814763108853,-4.880367749682469,-3.613780509779642,-4.233752030529264,-2.7743163694880244,-3.1896660464642097,-0.8568778618814944,-1.9184891102521877,-2.8167379022875365,-3.1572591948272866,-3.228232476755807
0.9024780875356793,0.6604495707352733,0.47450931074526465,0.16139926900054072,-0.08934375650535992,-0.11506465285504258,-0.30871306842390966,-0.30716701627782317,-0.646988982761133,-0.5636574321324105,-1.1015732807104137,-0.08946656071084563,-1.6285746538943755,-1.4849674870785428,-3.00996504198202,-0.3125200355151736,-4.741995573606636,0.1284536456484761,-2.457043936170483,-0.3301910543601371,-3.4479672602543383,-5.778827714007171,-4.030585091848323,-3.4444699895252318,-4.075909582030288,-4.402590997993095,-3.1128071158860253,-2.052802504838043,-3.728057883324728,-1.632317084797112,-2.399806041209498,-1.691647816675774,-1.883180596503218,-2.9459690025838765
0.6843731677622932,0.3916883845835443,0.2568195507820135,0.017271273268862557,-0.35426335828974787,-0.6300919638603613,-0.7466479104933533,-0.7987944652100355,-0.8671189321023725,-1.4678283422596008,-0.5812307474157796,-0.4950963707862725,-0.7090584549903588,1.9543744163499916,0.9647038468698521,-2.83935253240856,-1.8376503069467132,-1.0947388900489938,-3.8801642988095666,-1.5373257982854887,-0.43512793529865534,-1.9324394691583457,-3.5790218268294813,-4.586214849177584,-5.00154933980518,-3.675736508734604,-3.587043826729337,-1.9658716383198713,-2.0442364976561387,-1.6196512824252678,-0.9461175888072635,-2.4111235811428675,-3.4100282916821536,-3.191439619623727
0.16228607073233609,0.02007387367456811,-0.48164167828956844,-0.47703931437533903,-0.43751409296839744,-0.7361207068268502,-0.5238850289661867,-1.0393268167343725,-1.5229641353473664,-1.885122609399713,-0.6722822678672766,0.31012653167944976,-0.6585367455358527,-0.6507965709015854,0.5200308490067953,1.3064749668330797,1.2671676652167336,-1.9545988722981986,-3.628277614614834,-1.3458109211322205,-3.2181165256964315,-2.7623539147024574,-3.114450673876757,-5.219394166122109,-3.5670800204365323,-4.072123311788686,-3.5150394797566005,-3.7316792643971186,-2.337376613816472,-1.5403724049896084,-1.2199704264712488,-2.1081418284465596,-3.8423739145449898,-3.8612549115612005
0.02610120376416658,-0.2553963933231644,-0.5527183915299785,-0.8980269304586527,-1.2056205778915488,-1.701902425791303,-1.9746846933801343,-2.140083904347684,-1.4359652394235807,0.31388596341083796,-0.8565166091607581,-2.648826761711909,1.2459339824941638,-0.5716296302290997,-0.08145621591389379,-0.43399219635524483,-2.8051446773546207,-2.007819153787495,-1.4320007136600785,-4.636612846149477,-6.0168073418686685,-6.775267231326799,-5.340115052903682,-3.8963727491427242,-4.036335568771059,-4.23285160237924,-3.087754855921381,-1.43259174420899,-1.6745743784887177,-1.1315319107399069,-1.5015029477861488,-0.7619442510082829,-0.5932794403103102,-2.448482086542241
0.13217021238876797,-0.40548607387970387,-0.8900464275856291,-1.5632797680013886,-2.124530971786869,-2.84589502598765,-2.3606546190635735,-2.6674151196385134,1.147450527561526,-2.9490329488954456,-3.486427948114065,0.13047244526798749,0.8829373917006567,-0.8571880727771717,0.11817882208672749,-1.8188582892114438,-1.7724565394996816,-7.723797264071321,-9.219204821367686,-8.455022170445146,-3.065294011606558,-2.9715726087795886,-4.222363504618436,-4.552460703845468,-3.307990326106564,-4.488952240848458,-2.7007843254711235,-3.3287160754916503,-0.7157412189266796,0.6606815573078147,2.5146637468513395,3.2410001083198776,2.2040062506896354,1.948161857285212
-0.12561482454032497,-0.5573627684050254,-0.7584336254174244,-1.604322101195551,-2.647090296830617,-2.806465109500323,-1.2043972984757247,0.5932113628439531,-0.8185658416340758,-0.9020507026751995,0.5178831644239723,-0.2686660545945829,1.9086975584061316,-5.040171422687035,-6.367314449491931,-6.529897773581838,-4.540787576610897,-2.730156182994669,-12.725358606371639,-2.585411302418207,-3.993810486300258,-3.347793402384096,-6.839809120528388,-4.887482268249194,-5.5688632801978155,-1.9935620756021541,-1.1534839284916767,-2.181498547495668,-0.42247740466539213,1.9845312954237728,5.603519794645462,4.406989309152195,4.004551471235256,3.384768220332217
-1.2042371213701888,-0.9465618130110364,-1.03834163292762,-1.5947274558833116,-1.6925171981579383,1.357651789128487,-0.27313653320599957,0.13804511382885723,-1.0624823098625598,0.08721106629707531,-0.4406346908140115,-3.959717941621221,-4.4575071710636625,-5.32219990322374,-7.499627237473772,-3.5934230728994057,-3.857861130663189,-9.933797713011348,-7.49606112715958,-3.050216744923669,-5.573914551920522,-6.202937063614147,-4.897032954658471,-3.9615612006469765,-4.355053703711058,-3.634200197124082,-3.2979470112052365,-2.6882654804218715,-0.6692618970403955,3.6791964716006937,6.703109708305802,5.842573858843087,5.090585455050675,4.865602732226905
-1.3008575392387136,-1.7256125920236791,2.0871536798925363,-1.6125356819635097,0.10570240093097155,2.3734609969521663,0.9822314941130544,-0.7675962011264442,0.3698507334360323,0.36315144784803083,-5.482338970616644,-5.884302823282276,-6.165982146861081,-4.263750620870911,-4.013001200710431,-3.067330860983096,-10.608878622606541,-2.7250425502127853,-7.522881424674273,-5.360622380928847,-6.20905701289455,-4.563110367267359,-6.009728255126298,-4.255456260250368,-4.7417425806614855,-4.490927371742874,-2.616358367489087,-1.981640985285927,-0.4405836608954007,3.764569518133843,7.523718616542059,6.868007961716829,5.639798150169561,5.476997769109471
4.201541156796057,3.9286927171123565,4.9110050635239695,4.184440930147835,0.02431848378701798,1.571040603169565,2.2012438227751296,-0.14663324985543552,-0.6770275177549785,0.992610351712207,-1.1729021081360098,-1.490825720180403,-4.78979091287383,-1.010628284019724,-10.800549370473114,-2.8185497848982948,-7.086791498367142,3.3499401719524027,-9.469444029533015,-3.782785718026631,-3.4871050191237507,-5.828061052825428,-5.329015274596612,-4.6322441629706965,-3.0615223809094196,-3.9225825068574385,-1.196370987537424,0.13167444154413654,0.6803905926599005,2.409204654785421,7.443184557276416,7.445531340229209,5.994757644097163,5.509471289599179
1.6506207598711418,1.5341848375543634,4.438186931196034,3.687269566934297,0.9809106259087149,0.5066633307056367,-1.2506252080048674,0.03869175286671553,-1.9559469617289023,0.04889322305906273,-0.9771084266843799,-6.0071856644467045,-5.28550257944559,-1.5820256773056776,-2.641786504824652,-7.131104211474512,-4.614229193804728,-3.64359521816719,-4.860343343818021,-5.113356736705768,-6.008494191971867,-2.1390857361075986,-5.042576953498446,-3.9771342667743887,-2.2862523822667,-1.8092822328482328,-2.119190000289114,-0.654530357368316,1.6387578077129954,4.990334177244788,7.8032402789953625,7.57433644081024,6.502509111727416,5.720044487579642
3.2991169490195236,2.2209771156979894,2.0286317692678084,4.898693678602489,1.8246176621530554,0.3379324908930881,-0.3462843579224654,1.137794470023935,-0.611194579767967,-0.4097864273984757,-1.364098557787046,-3.0111189246621093,-3.911449985628351,-8.057814118228702,-1.586761751206944,-6.47004956412238,-7.755539421208986,-4.114213373028568,-5.046613634690367,-4.986847441871092,-4.059786474359707,-5.2057691965704755,-0.7911673463568537,-4.03432852860845,-0.077619502530466,-1.5302696272625247,-0.42911951878265653,-0.5260309242845193,2.021393407964459,5.269080075693168,7.423336167315303,7.415284714219193,6.11015709298516,5.162971228201093
4.055220872739041,2.563667260713125,3.0330736777712635,1.3378630863802812,3.1887033702567966,3.6844830767754577,3.6209530504822265,3.813898125684012,1.521630144895658,0.3318110700692483,-2.7650015710695803,-10.043962418471462,-2.614594935689736,-2.470253282990213,-1.141801128181557,0.2392071154920134,-3.998010078135578,-2.0516728380681744,-4.727046334150734,-0.2514318366565777,-3.5465903454305083,-4.1540744602969255,-3.2412655226059877,-1.9119567050724113,-1.9521863684290215,-0.03619676724609334,-1.0497586858035022,-0.1318845244599013,3.125481082327013,5.064102032491014,6.476235558898942,6.683009686717776,5.501964457825855,4.429376585818354
4.4115382180214695,2.338737013915185,1.416622343755792,3.193900219288808,3.73881675343036,-0.2914997348296641,3.7362437674073927,3.1269534608425618,0.6338497054796255,-2.4313416074144967,-3.313810399283932,-4.725571934023687,-0.4886245916644381,-3.4223944856749497,-2.803209081395941,-3.6216760317500407,-0.27506216323831706,-0.627227303954498,-3.9838082720646257,-4.513197067307507,-4.698936286626143,-2.646123452817054,-1.1620119685239942,-1.3196085967894609,-1.7368373861755515,-2.268115352944713,-0.8152433564392298,1.2372191368184484,2.9327460302572015,4.358069876533968,6.040842794042521,6.433688553724521,4.7681491272457945,3.4031771271923796
1.9668361378459123,2.679368182544373,0.8253862311016307,1.7618759084083526,4.376725364253211,3.2862373349355454,4.920264524248944,2.710816355738055,-0.4696055261633872,-5.6318460193775355,1.7969768342203152,-1.7700637614547403,-0.3516931799033342,-0.1089072923625721,-3.8561610831678985,-3.6793453040324424,-2.0195017005700096,-6.112108782561652,-2.3941809310640476,-3.076510963078058,-3.9056438353725578,-2.4746966783420246,-0.6358976829881917,-2.5716835107952627,1.2194316943241612,-2.1062758285519285,0.8316405424269983,2.154855546096061,3.32942547680579,3.056764614484051,3.6489955819851128,5.465901706491419,5.166232249291145,2.672001168629937
2.3501850700019626,2.691628021729677,4.111228910177688,3.1933877526246657,3.6896558008492426,1.3661653402301652,-0.5987269841072634,0.5980421342629196,-1.4818941433043962,-1.4017083426401673,0.05877104791248651,-3.8376913412648515,-5.515168658839149,-9.100336938458478,-0.5913496123941182,-2.1504774439374215,-0.9429099401097017,-1.1489519158663917,-1.00014656157243,-2.1057633474833226,-1.5791373868548513,-2.15509757132313,-2.4399173417101974,-1.9433714068961845,-1.5204545575258166,-1.3852268521887683,2.082759766161657,2.529564701345401,3.1470862591879016,3.227154298289163,3.2263080972132556,2.9551932143282307,4.470825681640659,0.795621033130655
2.8151439808674747,2.1979926785695816,0.24281534801283053,1.9451560737678306,5.1632894612247675,3.2719876148922995,0.19676025311761103,1.377370208850286,-2.465215933998508,-1.1221289876574279,0.6732050102689866,-4.258326579937584,-1.2580251221003829,-1.4987474666254934,-0.8725805633734156,-2.2445418214068784,-0.8086079338680232,-1.3394494074468526,-2.234030452421633,-1.4794539850361208,-2.1535871848920114,-2.743077315389196,-2.484531810630253,-2.1768288805663665,-0.20196212020485987,0.3040964058609336,1.7656862404582947,2.406148293359789,2.6541890007497497,3.5552204397897027,2.613344197808017,2.100310842858234,2.818829900893462,2.4715902465108655
2.5093338660608473,2.1075543788901783,2.3373148167697173,1.6391081324145382,4.14646231310252,1.6164418190088705,-0.5450605420284633,-2.601338597220815,-1.7015231164636384,-0.643775625619511,-2.48753145360487,-7.165617090466439,-3.9815257674058,-4.87163467059689,1.197778212362637,-0.5455231964449704,-1.7708765964854445,-1.2703413520487274,-1.419499000007426,-2.546255144392578,-1.739851278336176,-1.6588968354062057,-3.139920904186047,-2.6497885850654126,-1.9114463946900906,-0.26258526584420455,2.1193700788047347,2.046605960111329,1.9843859032375324,2.668948857523775,2.5870375579857847,0.6692709882495039,0.13459269900065932,1.4325657157638574
1.6722202657645098,1.7936324826950534,1.4101647363841463,3.188871299986481,5.124517906645389,2.819980645353084,1.1873023098047888,-0.7830641983048716,-4.517390464902982,-3.940708459858621,-3.826591970300784,-5.868918553353891,-5.476673997969508,-3.3039163804005742,-3.234952065657311,0.1760899978715211,-2.498012510111844,-2.559837517420229,-1.9944993451054562,-2.635173739353119,-2.6034578368547336,-2.337471248932854,-3.1365099914429084,-2.459805504591367,-0.16600947641186525,0.20191271391315405,0.23788710493965395,1.301210545189164,2.215325824232482,1.8571644529270455,0.24443196120655647,-0.556311287936848,-0.17397269768505547,0.7288082074114666
1.0203185633474632,1.4616934001166937,0.7518636199298073,1.6724063694589157,1.192317937431899,0.8882269517284748,-0.0884053319677483,-1.92657107614946,-5.172586929049051,-2.852924247080181,-1.486043473614612,-0.893078968957634,-2.5366219082190633,-0.21343100053514497,-0.5230309721741181,-1.9041581650463841,-2.1394333093684965,-2.5809497717424374,0.40010766519751023,-0.6800209419914065,-1.4029111100179585,-2.252168227674704,-2.231026486923798,-2.545368062581444,-0.8085795469822478,0.8779867047159208,0.7631005486082911,1.9943964505801308,2.2770864773573494,0.6677702389813581,-0.941442651532105,-1.8529534435433885,-1.02554852310514,0.231771032524344
