script/wind350m.json
{"header": {"parameterCategory": 2, "parameterNumber": 2, "lo1": 3.000054539987559, "la1": 64.9999836372058, "dx": 0.5, "dy": 0.25, "nx": 34, "ny": 52, "refTime": "2026-02-08T16:00:00.000Z"}, "data":
[rows 0 to 23 of 52, columns 0 to 33 of 34]
4.099170755591624,5.691954009066586,6.717153044705547,3.7710599092146806,4.174125107539992,4.733778572378565,5.845134173169561,7.919065123032897,7.130308970869099,4.16854472801737,4.899054922147382,4.812927454596972,5.08650089093009,4.119633228730151,5.295898548025009,4.7075327458498,6.497047071337948,2.7581701847680646,2.7034079503515436,5.321011364639341,4.730712949572898,3.8351514740367127,5.647883164147745,6.408259643525585,3.964695079651728,5.692385168450078,0.9676730022523393,3.0796731940270345,2.7852914513754694,2.995810141479141,1.7895386829580477,2.6436636903248347,2.0992498960863726,3.705117338429358
4.321857762453536,5.186547098782682,5.743030723276446,4.980952004396284,4.250775884096632,4.36694273115427,4.909182082899062,6.868619018113682,6.665842815643249,5.304358045303783,4.190154119317148,4.161863100119022,4.230443544629323,5.536405094989737,4.661961082440036,3.570436368474384,4.343112680570418,0.7403490948964655,2.9721809217353754,6.53562746538325,3.5097354921413673,5.924178117960669,5.055150995527748,6.932790580616723,4.025751495755626,7.179102019012341,4.295246652674332,4.824439088187496,4.823908628582765,4.4090091872602395,3.5278077957504888,4.265781264170991,4.934722799824581,4.8613749195111655
4.453533098392392,4.612381496589212,4.542391394365213,4.192975182821067,3.332840750139572,3.9651066540288005,4.004251552747432,4.830483082032807,5.0267820619956,4.501698579913409,3.7232926678770326,4.268644630511789,4.160523707630288,6.509965705525827,4.530738644732381,3.256887419964055,4.911843672639303,0.718392141319736,2.6537304453282675,2.4682246869033264,6.673317009555966,6.769609341335838,6.156126006563682,5.612027444917567,6.393858283666043,5.1234486482089565,5.1553812681367415,4.320769611760978,4.278300658154605,7.010750278756265,4.8068473731205055,7.1155451515035155,6.6737832441643725,6.261089413079068
4.037878265459892,4.319503332362904,4.457570078169453,4.307775010071593,2.9862728035431156,3.190385552415953,4.031601434312113,4.604389212679593,4.992633357805189,5.928121170183167,3.466226996111344,4.687963382100138,5.042684609217029,6.952415187890815,6.774943266024859,3.750958056916396,3.48577806577404,3.128553400629134,3.675704396106287,2.648506444928448,5.912300531098951,6.31766736788181,7.315214583393819,4.671803232512105,3.823144674421933,3.8912257831350026,3.858483951281048,5.77428106192802,6.552579446978861,7.713613652239669,8.879053552076067,9.190727491029246,9.286529074706472,8.567036393533472
3.895480830390028,4.5034065151934435,4.173690258161705,3.661596156940196,3.3917922080873892,3.519498538002395,3.3841149348158184,3.5738422520775606,3.8780473054022355,3.676842808853581,3.405926689790251,4.657371815681563,6.580521028184118,6.236436546776185,4.942537708665622,3.417591397616161,3.1852201554410677,3.765665051677076,5.131265202699721,5.912842616780719,5.434539981918624,5.960332166989729,3.460444901656966,6.183900938371241,4.163608162042764,5.226718925727105,6.469268100696928,6.4421542825938705,7.956078042537693,7.447174464236188,8.959372539622544,9.408966148348375,10.208109682344222,9.937106710414385
1.6970877612881485,2.8900755698926432,3.4213275358056623,3.414036397438567,3.3128923553818943,3.5205238768143974,2.772977684405593,2.8132592002226757,3.208214679788955,2.6285276592084563,3.95600750893091,5.182183724668346,3.6067500291382584,4.572787249735668,2.9119311579297897,3.9949688154087344,3.674363027933662,3.2747187782552856,6.703422587563002,6.657356104014217,4.541697735659588,6.86544528625994,5.06432915107116,6.353103615945054,7.435728021907698,5.482926796225782,5.648902824970768,6.232602712937254,7.012969122907659,7.543773433185646,9.10807199948607,9.181861351092312,9.701275007831766,10.077259387810477
0.5295870734504105,1.5989295345167602,1.9203976151942643,1.8580121640313263,3.56535305196994,4.670716918896011,3.1473665171010743,3.134615866530407,2.7179162595714144,2.926423375997384,4.583472819458139,4.118170839073109,4.6264803628247115,4.978511261268809,1.8599944749240869,1.7168151792327875,3.7953091246788784,4.709356701830364,6.585615786918904,5.724245910698624,6.239896909645796,7.28308328554093,7.8174146817349115,6.22848852873977,7.353120539776821,4.438691941699957,4.879784508370305,7.231148469129414,6.758963096950119,8.906533939975143,8.81824596767022,9.689309568294375,9.416508822959717,7.6477282546301755
-0.3667941347257273,1.592770609596721,2.0471284267798913,2.6604070357168306,3.1571767726570763,3.9972698301636824,4.533974983759567,4.251901214009486,3.634368981094654,3.3283314998158002,3.1292565103451477,0.6727278256996465,1.7447019602249576,3.2319370745703857,2.666893849785153,3.469915912528973,-0.07118704915999652,5.465095436937356,5.420652219046312,6.461632051064438,7.164117802826228,6.851829695388714,5.159050368419283,4.2152804007236675,3.645084415545568,5.423868388994853,6.897551533802415,8.575472859939364,6.769744834629496,8.562073583868814,12.665010937934385,7.679576780346811,8.85361815535493,9.348419142051243
-1.2184245025850162,0.8765174407565594,3.3574343177036656,4.771310892377556,4.340831051026845,4.125263931613987,4.462122871731591,4.527748263559738,4.814329563837802,3.3573049867051785,2.8889783383489447,1.4680586425687376,3.7849233835405203,3.9829850842363124,3.481975755193495,1.7126638265894236,3.3621807829162678,4.364204599314029,2.846171458751045,4.8742637856595445,5.718723724834234,6.195474927043651,3.5621008639023195,2.041747833250784,2.6744862209913345,9.626713270557778,12.886306573381606,9.186477379906842,11.712932438981742,8.956669784024356,8.634940896439966,9.270086005486082,8.73097690022878,9.632725005007531
-1.1474731307478838,-0.20035137229389094,2.351892152465561,2.8119522235977654,2.90635611951352,3.026534047881015,2.425403717738215,2.2905853205232556,1.441528601756029,1.1192125921153904,1.4051273571501186,1.136710504492462,2.470608452084244,0.7792362197487046,1.1271296149207817,2.004697583426152,3.315648726369287,6.788545000388064,9.094703360504543,11.507434869561065,11.462356210580678,11.28625822140327,12.048127226605414,12.733404820242654,12.591290732902817,12.677191187121208,12.05984297231683,11.34110863988553,11.271097534894,10.601616884415485,8.713097387433024,7.903996403932205,9.12697082294022,9.32407849648571
-2.539124985166576,-1.4239060663981458,0.09546352883928187,0.5913494084583161,1.1302243854189353,0.7257720094177106,-0.7678018886766237,-1.0297955844192748,2.409935820999048,0.5543801154476675,1.7555109253133732,0.40843044563168923,5.020515833450625,4.659673135769108,2.875342075941865,4.810583478132274,6.215793222937499,4.405045169145926,7.808836058161683,7.863943613877104,11.000242993361312,10.505932192472821,12.71499192585958,10.208804649446988,11.075643827127024,8.346498148698346,8.16764574739268,12.066920324293251,11.222293810038494,7.2318255134595795,8.036267721673049,8.561414660105585,8.850270980164712,9.111016230495128
-2.872887176315972,-2.2041711793147427,-1.9024508503843724,-0.9697230188955649,-0.28820960712871224,0.3704113965211836,0.6938594986394466,0.035580234984949395,-0.06425245917555164,0.7772125704966351,0.40989894144248734,2.3392770339188043,3.812903205030736,5.9234405858186,3.653859309361965,6.541555081213518,5.70242806949542,6.577386471450561,7.815035678045791,9.840200211510592,12.01141434801991,11.660440663672125,8.837952360784668,14.12885780748688,10.527478682155413,10.324679331227678,12.26443235971556,14.494391068492204,13.269699284140257,10.300629312813808,8.232104094547122,7.997067057387668,8.238625403173616,8.781332107994908
-1.4480638170188171,-0.8643117960482907,-1.1292649902348888,-0.5117075229410362,-1.0004120317404759,-1.438699787269828,-0.05703904592835127,0.6540145089957863,0.45732035685234174,-1.0113430624920328,3.2648161265095474,5.188835325351768,5.135250609784765,6.149682145107678,2.3639355646333198,5.398368214065334,8.257167051728663,8.198594663040751,6.889078115944373,10.53285065812242,10.342376651041395,12.830794209702624,13.548785830181725,13.53441732927078,15.390811897812757,11.71834539868383,8.183394796602428,11.56495610101126,10.567443588344906,8.324450503091315,7.5704241508266445,8.021106979381733,8.284145355700181,8.033211575748949
-2.197382145791159,-0.3060418166046329,-0.3187801298383123,-0.82751517630119,-2.1851348166793563,-0.4931330672741469,-0.49154290684314317,0.09604904795457582,0.13340947594814143,3.1616987509182244,3.7821979044278247,4.92246280629826,0.028251537250175107,-2.136693002162006,6.094452077872977,5.68748756802974,9.290582703686063,5.329521249293431,8.16834865243345,9.74693003095121,4.732863519808842,11.550646827291523,12.340201196382287,11.917882347762532,12.351388526439385,14.474242822221939,13.503470129604723,12.726225931206939,9.05596054439576,8.324535408165648,8.331004606122415,8.177204185006667,7.958179275632808,7.5314960216574205
-2.206869916722631,-0.8475158458196492,-0.5514255239041791,-0.9624914518068274,-2.719399694699537,-3.1521672895605577,-2.434534288131194,0.14247999159592753,-0.7833929394095948,-0.35430000900422987,-0.32041292880374755,2.761746602927939,1.9360446083382026,5.23312583119584,5.987394943262133,8.72012155028288,5.250884918657261,6.1919243134782285,8.177379463674626,8.209571414398107,9.436760677094854,9.809059521026219,11.668085210351943,14.236179738753739,12.277737134749746,11.714438327620442,10.538334617071227,12.60834556521172,9.273762411295152,7.6419654011131835,7.321359529185414,7.999260787881564,7.787449419451159,7.235681000927381
-3.8418055162337374,-1.9001182545366133,-0.36971719919514917,-0.7379860959152966,-2.8759210793119547,-7.1147165733954765,-2.491325988242048,0.6712153988151427,-2.409609431397115,-3.0611463702470982,-1.100216915108648,2.0319750037693303,2.1999347686819988,7.174201962238928,3.7950375107274423,6.36479855690619,8.790750253527682,4.548283355103822,6.779653358856466,6.850963939170446,11.323745175752723,8.780258890274828,4.766481609060075,11.243211399076841,10.456636619021129,10.935973610041966,13.746723522361181,8.544571760260553,6.73216560192941,6.750803056078271,7.425922438727219,7.510251410398495,7.6998305410716394,8.243454158060604
-5.538005011942574,-3.083568050397706,-0.6929789716284153,-1.0744160487498386,-1.6801232471665801,-1.0032543139349206,-0.4479906523418422,-2.1062498108750725,-2.153471076569533,1.9368531654045427,-0.7454160394234678,2.6959573607290546,3.3170415150810197,2.1755358728108636,2.2671212922030253,-0.4011170390656812,5.075328000783083,3.1327789886969506,5.076896674404288,4.171606651417178,7.60169201704997,9.627681993516415,8.563322109616331,7.16600270307372,9.230462225167358,9.2804183945002,11.901628886670657,10.667181733303014,7.577460632132518,6.72399172080798,7.3355493898479445,7.395519620673965,7.410810026135412,7.76582066863711
-5.715910106084564,-4.401152569814923,-1.4549618219574336,-0.1834925020136648,-1.250546310558591,-3.460602693495376,-2.467744296993637,-1.0977712144779135,0.8281639887416561,0.09660800126905275,-1.682254802636009,3.0878380756486656,2.432462185747026,3.0955453278253855,1.693015445389561,2.500204583440633,0.536084117895542,1.5871607851355904,3.5410886138726543,4.623612340645762,6.35355786230572,5.348251828475235,7.107570258555329,10.251985648851441,6.506176611524164,7.8285972845138465,7.985475259476356,7.984418184563606,6.586697282256675,6.557447647484269,7.537172417386406,7.061704445982236,7.489020521030777,7.907713935797735
-7.205315941424361,-4.73235171701596,-2.863988243009952,-1.58098517699269,0.11777606966531144,-1.6619092411355068,-0.2812738961802868,-5.448154604712635,-8.937894290730515,-0.6866374696998419,0.860928947218078,0.8455608789283875,1.317153122711252,0.3401749733223543,0.30232896439220597,0.7312289431096932,1.0761885460583824,1.6566639715134837,0.29555676085404464,3.263438193314709,2.890334721388171,6.129100920920302,5.748906403150242,6.263268026422755,5.907336526472299,5.223350942772337,8.012995605767811,6.04076955831004,5.21942500563908,6.395041363742134,7.03044964986351,9.522015821953055,8.942721769045022,6.657146310877491
-8.387913806825198,-6.988549168522284,-3.266821814552423,-2.3905883025273447,-1.0156548545558424,-3.539121098093897,-2.4346120398666313,-0.6818880036899915,2.0726472203871915,-1.6444137657821738,-0.7750746299794209,-0.967146265757457,-0.9128319201019853,0.8942659429585547,0.7301609281352838,1.2871801574426982,0.18162111649534482,0.528508539164112,-0.4698930266486788,0.25765525111677634,0.9636561214137515,1.2543061971024474,4.13211600147695,3.2314248503431258,3.564416942726172,4.826008788638265,4.3494065079908015,3.929615728475301,4.445346245005004,6.440093540766095,7.6133706413428,5.827092315852124,4.101531956697363,4.089673057899759
-10.114666143618761,-8.821883113232483,-5.594701839163822,-2.7296641434301274,-0.4796434857208564,-2.4839762739612166,0.11932702767775565,-0.9667533745753073,1.0248192504663902,-2.363778571379864,-1.1594784556580162,-1.7371167262372103,-0.24409849914016551,-0.27285959547094324,-1.2171900412388743,-0.6081175583459906,-1.281738262717193,-1.2991140251879827,-2.9087436406460414,-1.2729362100772807,-1.2763861636814702,-1.3858753108021873,0.8064176512459642,1.6471221792413795,1.98761024810513,2.0977029209912614,1.8372509796666066,3.4016175612391777,4.138445168318797,3.870350337385571,2.4348439661625947,1.9879479650949101,2.3471937265990896,1.5681013795122498
-11.83676432459237,-10.494738486304609,-7.752209371411319,-4.253457899192101,-6.03000621519692,-4.914899036485251,-8.106217162392017,-4.623347306904911,-6.277057038476467,-6.277827930257877,-2.2588350453351977,-2.743696812672303,-1.8415942214335992,-2.2029620843915056,-2.104850677587673,-2.3558300464284896,-5.268768998131116,-4.323659041146859,-4.083835054136424,-1.6933079781958071,-3.254904811529688,-2.1481135292363325,-1.5514194055926216,-1.1846667497165404,-1.625685174984482,0.14427912322833622,1.0495737796656222,0.8750705606921151,0.8388290359867144,1.2908977952047933,1.2890280820409465,0.10412660660795339,0.08457422401392428,-0.15902873595570138
-13.065599442126157,-12.49946762515872,-10.679639391717899,-5.7275040598590214,-3.63432280754594,-9.55514833419428,-10.958638927233155,-6.285265409511234,-8.98800184100702,-4.62641094950217,-3.0727379636336107,-4.139486006815658,-2.168071763659047,-3.9690511297932014,-4.7261433152369765,-5.816538595866426,-7.535578707577066,-5.904884064559376,-4.8675224586472154,-3.5032802081453616,-2.9904416304646224,-2.6147142718507728,-3.0776244031542714,-2.0086091384745655,-2.1918018540133106,-1.4351885549031245,-1.0152889669289,-0.7286867520808367,-1.031422791170609,-1.598154961587953,-0.9798696807393207,-0.28240417856514033,0.8627240485038086,1.6138526872487218
-14.335691178464325,-13.98026072285463,-13.09173898494813,-10.308811945850993,-5.8464758936506485,-4.6938606590999745,-4.096667375588667,-8.470579757279815,-9.52155322321018,-5.16127424151408,-3.4974364775603632,-4.481820733128918,-4.328454162504547,-6.195676644001432,-7.324961899467226,-4.4125505964454454,-5.887645538291172,-7.156088408659262,-6.379178651214308,-6.004645359557995,-4.512643771610836,-2.739640189114164,-3.336591800056312,-3.052623783559366,-3.3858773669176445,-3.2635749324289836,-2.9514550729172027,-2.7799817232728827,-2.875058141368636,-2.369402747048194,-1.8123122646360605,-0.6657271987332478,-0.42148777368886964,-0.1532877660780779
