script/wind10m.json
{"header": {"parameterCategory": 2, "parameterNumber": 3, "lo1": 3.000054539987559, "la1": 64.9999836372058, "dx": 0.5, "dy": 0.25, "nx": 34, "ny": 52, "refTime": "2024-11-30T05:00:00.000Z"}, "data":
[rows 25 to 49 of 52, columns 0 to 33 of 34]
11.895552685009672,11.845596516562665,11.97894035645478,12.376227327632506,12.759640683748268,10.952998500379046,6.549310073500509,5.304099360769948,5.182758083007689,3.1634783626313867,3.9394652509700685,2.216642187895626,1.8971761546836892,11.542752880428912,10.763352363226064,10.32227987629973,11.78348618165042,3.714242417427023,3.4851096638601677,3.2195473639101104,8.754480976776204,8.416353358629458,2.9134391193324345,2.589388243415218,2.4185973792973696,2.1243727313749656,2.087091896364229,1.9489463758571832,2.2875016331446605,4.084830080318107,7.910496452102929,6.946074116201879,5.16376973714367,4.289019961288519
11.8959397739806,11.692741305268395,11.51296647512203,12.387993725246874,12.18825558799516,11.227823910514926,4.3757234923319634,2.834402828222731,2.7031691989262985,2.5597097673548945,2.9179296798188936,2.9888054050821253,9.178527217019633,10.322792951516636,10.29662896594583,10.643398495273455,10.970357361862655,3.7718363967912754,2.811685430561334,6.682213596530207,4.816291653147063,3.815827796385553,2.9524238711022,3.7788433200798592,3.4831888163771625,2.077460832163988,2.16200429619772,2.3307176329456594,3.5929798408106257,8.445076033920962,7.897762988309219,6.545764440410709,4.499247520630284,4.295231680897255
11.082067308638008,11.301900477496595,12.147899606912565,12.146088555979189,12.289463219137996,11.748787758595036,9.102754802265208,3.958924623622795,3.028280146382036,3.042606644729201,3.18461694073241,8.42192522963126,10.074843451089418,10.39080785594776,10.686790511334744,10.498652992065255,9.788059719287235,4.323361671123831,3.172753209108484,3.0102269141362936,4.790268750617089,2.954817301613731,2.707362705592992,5.568516672844918,1.9189917944105663,1.501759777377878,1.439797089744712,1.8836754752488944,4.757916305254944,8.972018793744805,8.932369773487467,6.400367898351051,4.883647586499395,4.641031906198284
10.952694803427121,11.656103351079627,12.589715163073317,11.57908792697214,12.12681312882588,12.19015669762395,11.23686140446212,9.483463944159976,5.141170671602606,3.7071552585393395,8.70951339530133,10.446204411237161,11.756324142772632,11.45838486627179,10.59718577967007,9.977299294546519,9.194541695804268,7.332327019691895,3.285702335444912,3.0047022301893618,3.0928817080805096,3.246133497896787,2.1217848967585993,2.263992783062325,1.774007285209895,1.287432350101074,1.3727489539116366,2.029726539533622,7.7880094144493395,9.182462914303052,7.868010891042431,5.713342085405914,4.9759584652411615,4.142797441896663
11.364615636488777,12.488158455026655,12.606487935400176,12.053111042715209,11.858287752806326,12.13857564458103,11.093499279403137,10.309013402599202,9.702659293258403,9.418405913869918,10.473533039827437,12.615129980827334,12.506171660648018,11.640819689931563,10.3286237982591,7.299564444431798,10.141538897417167,9.265562341641559,4.892822030292409,3.3270051851319855,3.449361440888607,3.0057144004001475,2.7162345060340916,2.2558783983574067,2.1048704943432974,1.5573538526154682,1.4856078238551436,1.8283906792059872,7.667820780123293,7.783433109290217,5.9951569011346235,2.4268448687253557,3.043274504644056,3.4170034293568077
11.405851390892348,11.917007673166374,12.232928687219497,12.294156761529024,12.011290393359127,12.1477447333705,11.433784039232341,11.535201621088664,11.723629571926978,11.540504121559312,12.529511349097449,12.871501868863586,11.686935653642355,12.278075856472777,5.815025505001974,6.824513500814505,10.411680247293987,9.033570473053334,3.4521144260346057,3.1591618432079027,2.6293793251332795,2.369210965450125,2.3709928976069543,2.306167565510622,2.0815920289318117,1.4896127813688247,1.5052569444234363,1.9344782354690198,7.30331741150132,5.4911665875139795,4.471324161743799,1.6907744599343606,3.668476062407872,3.0376092143638473
11.770741628804231,11.487845819127124,12.093697776637864,11.692234662547994,12.261316460966762,12.213561645559489,12.158693560109306,12.213137612527815,12.440500020809925,12.594944954357151,13.307919368107441,12.207357529524185,10.647314683380312,9.757557362752953,6.391812493210332,5.902800554878186,4.867607569946706,9.548450888387682,8.92262905727774,3.3157712764204272,2.5984595473992607,2.450315262272569,2.0823559555777007,1.9278340782339018,2.152463746716025,1.3917641870373019,1.3193235238991163,3.5006760673040183,2.2449557700177496,5.2967423537331015,4.032114231856613,1.3424616033097492,3.1982553272140555,2.9566732585238746
11.482031859386918,11.924624758672257,11.577560147145336,11.567644401305612,12.625077583150171,12.729280867578517,12.593930224709416,12.593831422913643,12.19768052648188,12.565594457094551,13.262501887007211,4.318018103753675,10.600359142022183,6.857849801303814,4.492070158387288,9.131270730539143,9.125957730766554,9.277559554773209,8.982987321957081,3.388506094621483,2.4793184666008026,1.9778258789546388,2.4074605509988,1.7373448260022257,1.8441914369047898,1.7113436457209656,2.0953346388418685,4.397160728502339,5.666942387078763,5.575466930461917,4.284216228041042,2.9576049404788116,3.457458975609554,3.303055485617222
11.473993952020582,11.581347895352357,10.995474908701121,12.582709858773777,13.068409315714247,12.409059140763713,12.513668239996937,12.390612195841443,12.118730897522003,13.088491906510594,13.533132503078349,7.124082424456405,6.08110962245851,5.8081118933025,5.108094346443602,8.7799991762592,9.422399284953864,8.708883929333364,9.400707492812417,8.346260239513322,2.9119418295722252,2.3938677881593575,1.954730063128213,1.6851218008162898,1.6530964631248795,1.3535134769441042,1.6723931836381574,6.534795881586101,5.2348649108720595,4.423253818558371,4.420601448160129,4.09807640617794,3.823465305372913,3.0426375037849733
11.781640576924575,11.416221253453365,11.96015271763367,12.657664448158549,13.279400811750595,13.12314292542347,12.831383416601762,12.630234965007013,12.426157502273657,13.045297870060725,13.332078932928967,5.943577309560725,5.219731759621925,5.419013609764455,4.989334643467209,4.884775951334884,9.22437922207661,10.03334870955073,9.196824017239779,8.637022869849645,2.578835343898453,1.6825511318713942,1.7701997186536442,1.7159025529084702,1.551066636838308,1.7507386015488,1.370936326384554,2.954267298919434,4.915112798814214,3.8740952069244825,2.9151386386065514,2.94185663927835,2.9570934527859216,3.0999435608444053
11.400199433682044,11.5091943479822,12.027943651532865,12.618815202806896,12.706118874425984,12.9236680441195,12.304282922268918,12.09379584045143,12.207905200319784,12.924343695669771,12.915657253704282,5.313992728641526,6.604069137569111,4.872572290668684,5.06036128244286,5.162576520212513,9.771048718641316,9.930730526187356,9.390953368589395,5.65178959174002,2.6093742937716344,2.2717268829225743,1.356994848836218,1.4503965514711212,1.4886997027003963,0.9046529875354022,0.6318329157431347,1.8374549925878967,2.660019191741131,3.163949489454655,3.2120690692322693,2.4558910921410844,1.9648205112047452,2.452948857242533
10.834790186115868,11.76969387979008,12.798609410292972,12.451548043394508,13.040621313965062,12.229642808226753,11.98742608932064,12.19631484872825,11.983449988245294,12.512606598492539,12.514940961726058,5.386097979721577,4.9736872286167015,4.249511362353688,3.345361952664786,9.384773611566885,10.483676426437004,8.220100737202339,3.6587647675315096,2.9671698822501926,3.3873361939379563,2.7026807310412435,1.9056586408734262,3.978959611949518,3.48105762144437,3.4201542038005663,3.56728708057267,3.2634310870761407,3.310860448488994,3.267015324655775,1.9107883217587445,1.977348341584465,1.6100392091216502,1.1941133149854395
10.969472945494967,11.33579038003321,12.425977981049822,12.612366017012484,11.819018456357382,11.599015602379108,11.695090372995013,11.660139537539873,12.377661446897129,12.323007016386546,12.345707926303364,5.197319200886174,5.044450406830418,3.46827323024238,5.953437260708859,9.491905006129224,8.870860688506792,3.7902750853128198,3.9728218060228326,3.6481273778956558,4.448065189341981,3.3585260490291104,2.0524984919115723,4.528833420955982,4.653063997004764,4.442546706842181,4.449952173326599,4.481795261577543,4.518971381329525,3.8580826725535062,3.4652150408472755,3.0430017966740053,2.2589983815281003,1.317318656078653
10.93659403859058,11.896323964976915,11.58256931953744,11.815169536094157,11.509947933273528,11.178167812796929,11.447144854808457,11.505550116883708,11.866363162893794,11.861593937131873,11.610795433478552,5.310567795870926,4.721634603335448,3.2038619557901904,4.365455209814757,6.228985310970071,9.480765990768974,4.284455849972488,3.03681903235122,7.88325238474914,3.9998190627200167,2.088225512923603,2.7512657521093717,5.612267197900608,5.340450483783097,5.006924432111308,4.4916660307635565,4.227915249846638,4.594162591454126,3.725109114174863,2.912867834243456,2.7332518725565347,1.3082898679390187,0.735515485703783
10.852099733561166,11.13411706956029,10.432268949958086,10.705291490004255,11.31125967880906,11.346238373576963,11.37147108587924,12.009200560974095,11.87365140782006,11.878750863861992,11.649863365788587,6.746333250060515,3.993113379379921,3.8876287547711454,5.016481165475859,4.582577926600458,9.180447904762527,4.899909056735244,3.8424851975888767,8.67318528479888,7.987272374385132,6.953933875275694,5.751295939325987,6.01039895371154,4.444841403793374,4.309142771067511,4.65712587041321,5.086974054904835,4.462393682452573,3.888336434125444,2.7998990480289954,1.6060733967709016,0.9995571250290722,2.2938728348176847
10.4691878399262,9.955812981811277,11.101901590328863,10.9005506600085,11.493845425937455,11.105777206304213,11.871133608799438,11.835638042113455,11.778973255279066,11.565513143208431,11.620958785506438,10.067788198147436,4.408601689504538,4.685450876008282,6.332828110192648,6.232443148000163,9.335245896508894,6.1612547566522,4.3096798967273475,5.209128010598508,8.249268202452042,6.680255985805259,5.831240497946526,5.565764470834388,3.811547973601575,5.428097915224252,5.524480413667685,5.074340431433159,4.928755734095022,6.805610925494574,5.317465248928755,3.7993316878516046,3.283476322088815,2.347639584421044
9.781794188692139,10.284952029798893,10.68251907953233,11.29683753282935,11.400631099117303,11.511833711916271,11.396338352702557,11.517486961252935,11.720345716323708,11.192306528242398,11.251156186858621,6.538560551188457,3.642852120690225,4.77683472211926,7.194891499490611,9.355831759635167,8.91299438511658,4.471308544112643,5.389071045894804,8.930321546931873,7.920390330872564,5.9580124520880435,6.068016883771229,5.676984122985948,5.853084761252442,6.2189881310844495,6.009543362682302,6.533225800133921,7.231727072288557,3.507775200605522,2.5230891606497092,3.044463484799143,3.075505189992882,2.161725045219678
9.439237072559706,10.050047534656583,10.403732002571068,11.448091295587599,12.078018831975479,11.742992200164938,11.792185318920662,11.233980860317619,11.737841105551563,10.632501862939625,10.944729063412444,9.822742369176133,5.056987295213877,3.9422409074530638,6.305453022162789,8.6413032889559,6.3367567723223015,9.687046111501274,9.44284064284861,7.678384544319688,5.94513341270568,3.5649257389096243,6.8396610490011795,6.010448814168299,5.643550607265697,6.318036877159396,6.372490994183738,3.736445782432488,2.7942145261505438,2.2151279176956704,1.7481451624795845,1.7483737393558894,4.342957231505402,3.171291607462725
9.80402538407701,9.749769710279578,10.413617991133473,11.463273477582252,11.341201729919886,11.846297103823643,11.343564373138927,11.573573362422811,10.695237242224183,10.009090667709302,10.286958360093626,9.470505476810862,4.403505163967816,3.586311437018558,4.034603345327752,4.317165507570221,3.854455392422596,9.510938396924109,8.709786379856963,3.5868211039482296,3.189885926796141,6.457336810813273,6.530583779103219,5.8835294653943,5.831675220587727,5.588148155441885,3.309448238721618,2.2619458569333215,1.4519477185482517,1.4722595002651067,1.6376761596189957,1.816969725922407,1.8819548300490407,1.9576524929897878
9.419948989091528,9.51069671353186,10.46172697517077,11.306688655205516,11.120593934145345,11.425503841697479,11.118531155596374,11.453222643444942,10.745022241024722,10.079123144974696,10.50733409176993,8.850047309628103,3.844255579271717,3.3790798059443024,3.2468479145396483,3.510869489281023,5.747154915547349,4.983262727486457,3.2592849601640355,2.9136768378031257,2.9707981371663683,3.191733481740385,4.486948820690048,4.7827809949505955,2.1691040740898715,2.9033530956929106,2.7196108548114664,1.6365984528591275,1.9438804654961988,1.3064116147686065,0.9445855007301308,1.3925763899618733,2.8255906717919315,2.6557434127628268
9.419172698812211,9.263104535040007,10.750160288714682,10.847124736872999,10.714885201584302,10.99884521313996,11.309494670452416,11.102661715517812,10.186147150534723,6.436399864770373,7.239828311079639,5.045986250715082,3.774474513206106,3.0879554177698063,3.0819556628809046,4.1130933870781945,4.683222708660022,4.457501331303095,4.670122796187723,3.0012353297302847,2.8602545167382907,2.5580402996843215,2.6989312073194562,4.7313697383658315,1.8389934514612556,1.860270776874269,1.8550143771116843,1.0711183621934346,1.1021762860628357,1.2527427044419992,1.146286185200486,1.0108769129831439,1.2266031542243878,1.1631448557821487
9.157073593676477,9.85906140427543,10.240259772802874,10.635767957244942,10.699857158947092,10.278119406508413,9.938880083229522,9.208135946473917,7.6226165975694125,3.0165370605642097,3.476553409497273,3.2046441611099334,2.3881141731129123,2.4341727079708115,2.0562906033265462,3.13405987529432,3.8778366487999265,3.3069043130231535,3.8060643263890808,2.613124401139538,2.6782780901959136,3.027259149119872,1.991608291040425,2.0582835942487927,2.026860528345109,1.6375108317523719,1.3324365481621514,1.0532288713445734,1.2880572598045066,1.700593079863183,1.8318217592181167,1.6272620234626607,1.185230443794093,0.7725016467075254
9.400688835905559,9.49663061541442,9.921769960041727,10.542376175877166,9.914762363509213,6.028944696889129,4.493489581326495,4.236055635051662,4.087413057793403,2.385055087491533,2.2953848774062595,3.480232480502081,3.31458289673087,2.9276312457125875,3.392380524625517,2.834533147041785,1.9965650150168937,2.2897781912190758,3.2573029214304348,2.64963268717936,2.5242764464571947,2.943132560305643,2.583861528799483,1.6821118849773153,1.9904587261952147,0.9576046519685297,0.9867271516256554,1.8335848810408628,1.4954371302148708,1.6278744369983502,1.091993336979219,1.3947847421173234,0.8057578523237106,0.990719955073127
9.242874067552853,9.369480282639543,10.144692305112182,10.14140989092557,8.765899143150921,4.1952369271471746,3.755031210691357,3.5460662881793263,3.5524950789152747,3.041675288714732,2.7139535821221794,2.738275093183911,2.8324462746437327,3.6673775538535667,2.085020170254098,1.9554596426749706,1.7100248774975966,2.1986728407641394,2.880898039271316,2.290653015874394,2.498996273685728,2.14075455985904,2.4753476098691074,1.5170613578274972,1.6931892471492636,1.1322693356517681,0.8106377324882169,0.8921111882097951,1.0440213280176818,1.8004269288082495,0.9097334955923675,0.948505619366434,0.3268343666694643,0.6288792632191229
8.416819952617475,9.229480189053017,10.0700343758017,9.459952777361645,5.24179879098775,9.142886353473633,3.7882384684029056,3.0848864058023255,3.0573115040880885,2.5226751405155987,1.430912012350554,2.685239488466699,2.33313896765469,2.108660253876311,1.467481825724424,2.01036227215704,1.9731101820867747,2.058731140482432,2.817428050817137,1.7057637685762452,2.243738103135817,1.3070478169359439,1.2270571800396497,2.0012825794536533,2.028139178647976,1.8881670437363292,0.927651991616751,0.5340619305050487,0.9462934283218607,0.945404532851052,0.4994504470092723,0.717939708377053,0.5585209758033854,0.9118938268110707
