script/wind10m.json
{"header": {"parameterCategory": 2, "parameterNumber": 2, "lo1": 3.000054539987559, "la1": 64.9999836372058, "dx": 0.5, "dy": 0.25, "nx": 34, "ny": 52, "refTime": "2025-05-19T01:00:00.000Z"}, "data":
[rows 0 to 23 of 52, columns 0 to 33 of 34]
7.616131083181639,7.784676861924204,7.853840778682844,8.136316000702053,8.21153314708573,7.600018855243768,7.5315945582327934,7.889043976059584,8.34521615951738,8.48894038110518,8.208000559844232,8.530451497514933,8.544081629739221,8.755494638467354,8.590181306592514,7.731167855311136,3.432962771922217,2.2693555389396165,0.6405152569390484,-0.9277220464520273,1.935445108305019,0.385066350149908,3.3558567805542725,0.09192146581893039,3.8307813195622598,2.808518652780035,-0.04448475312900012,2.082333874118109,1.7030881072071127,2.3228153122284545,2.4377432480420755,1.7875473824982084,1.2888148426256996,1.81686535278272
7.108159529233124,7.441801303842109,7.6756838861896615,7.910605896031051,8.555485528443642,8.363395167319277,8.180044072656731,8.351265559732557,8.892564672265246,9.090170576638856,8.619531563282036,8.513636432805658,8.794958831775066,8.33723438496265,6.933719007195847,5.974276220178183,5.8069099314352695,2.256235075091674,1.1397513690867445,6.988509326210793,0.19900159398404982,3.341927528651646,-0.9985220962033478,4.731568483083101,2.9756476411979884,1.0539397936745478,1.8836328994434453,1.158629732314711,0.9091578760859621,2.7784141034165835,2.116233023718072,1.8855807737367716,1.3533074618139007,1.9378389317037887
6.354230987458176,6.951410992556059,7.365805657374614,7.691012255014671,8.003532992914455,8.005255915152853,7.851481489928647,8.25901750164866,8.250408247745398,8.296009534571928,8.437755308349635,7.873894587949783,6.992215490940594,6.411711258593319,5.192041426986547,5.7511898428857755,5.014777177616982,-0.8432531094973892,0.5353445094253183,-0.0805902719955829,3.623546332535156,2.9658209702133522,2.7186294066637617,3.6707911117013112,2.997509591183188,0.7951118166717189,-0.6181418560151396,2.145721916314562,2.0027852166326077,0.6155570033022436,2.2317172746142058,0.7873254419882925,2.1507628049885232,0.6011069721653972
5.4121500895857615,5.797293392500699,6.139474313338354,6.386229976576825,6.59837496047418,6.926259883016367,7.13793059350698,7.261712860984419,7.54589005451853,7.211674740021177,6.7243030921283085,6.252703657020481,5.867349712417499,5.156924411957508,4.315523798683402,3.317604951930796,-0.19589179886029048,0.2606630477818772,0.6596481495778279,-0.411750485037579,0.9112459697796754,3.761494401469978,3.2150218356882374,2.626180566562694,1.687294761000812,2.1257474951771553,3.2006306220396628,1.092715225913889,-0.2836655157256116,0.18403456603828944,1.0679013966089952,1.661371510361071,1.8117246343206646,0.919156041168132
4.624051753911017,4.6480107507783766,4.6285954107343965,5.079926025711903,5.305220987142948,5.674701312281212,6.203697987861798,6.1147424642198684,5.612206517666847,5.3260525341376175,5.227654643863978,4.87822704277409,4.679957940746052,3.7730911277339976,-0.8773925515852268,1.1857100138900016,3.931739831078101,-0.7122870528334462,1.4156614713244369,8.119059226544188,-0.3797855041124001,7.983967188936375,-1.536731364233813,-0.0025434775443579126,1.4009292432113165,0.3909882555224657,1.1098597738241576,0.4897751729628706,1.4295629129765148,1.846769704210459,1.0355938896609385,1.2518919311016838,2.187676200265459,2.254218525537488
3.6236994571267376,3.590887371935125,3.5632735334458494,3.747391922494234,4.233706718911794,4.39997127573767,4.005841920301672,3.902804847466568,3.722787983400547,3.7732780936040435,3.225123885129389,3.332355409633001,3.1158149686540173,2.8479500621286835,0.7347028232161127,1.2658129017384894,1.0760478027130393,0.2183054240669817,4.041090277497656,-1.4402315076490402,0.2749505068217371,3.3284455695521022,2.8256750705079643,2.028597814952439,1.9683668896298308,1.7448834947710223,2.123634170365215,2.1575061358691197,1.3667882150385582,0.7254864876647553,0.23642811160129232,-0.986684805737864,-0.1640093367768021,1.7167473018087316
2.008791277579566,2.2246339831790682,2.574048095389986,2.8107937959734017,2.3955536368197032,2.2135496899936666,1.9633201608505741,1.8900595187109872,1.9315502684565529,1.871022753384756,1.7738274952641717,1.6343246019283115,0.6532922993000696,2.3057856409242636,0.41548980486943016,6.456329492460423,0.4768804864695368,-0.16607457416615848,4.4543855536806465,1.5018491792813442,0.8584303172966574,2.460654720828324,1.5797276102506883,1.6087185891105154,2.1082106343303595,1.472776644907268,2.6470386560184362,0.8456578786055782,0.042474927189381326,1.6171481740815496,2.696622712058558,0.7813111062747168,1.467205210822191,0.23557433495480198
1.038057197080634,1.272771547844059,0.8959796724954009,0.6913704994886447,0.35421392333696117,-0.059741673652468734,-0.04908713095750101,0.09815315736111532,-0.1622055790767873,-0.5581407390643423,-0.4716156927632542,-0.2131995677767977,0.7967207938757626,3.68332335760074,-1.290839405721737,1.0905330373416438,-0.9447424441151397,0.10071739673085221,5.25803401406918,1.3453023433431248,4.830271166085427,3.230136433677992,2.7417582044744617,2.228080032063487,2.0140499415149105,1.510956844056262,1.5659268967411386,1.809171762151568,2.2645329327833865,1.3552771768925445,2.220096298739531,-0.46397040585110844,1.7472750825299976,2.041153550261997
-0.19036989595547105,-0.4131102541026877,-0.8744171465459076,-1.1818065536863116,-1.3377295560477118,-1.425838336406152,-1.8962245932544401,-2.536703816096656,-3.06501758049911,0.5067543624368219,-0.45730484559735984,-0.3346511845902572,0.17285300281371935,-1.0526571603231454,-0.06947732370758308,-0.6238133021080341,3.694371078115046,4.1007513409063625,-0.6476102434196408,-0.37261140116959834,6.006866197434622,2.7318529022477245,1.8984872433149642,1.357998020862965,2.1032341573650566,1.554215969235558,2.3777802199539138,2.408888904392456,0.8080668569330993,2.4658716321775787,-0.75739457732325,2.260212040774742,2.03357828123882,2.1917983064301234
-1.6435389033622478,-1.9104589541141914,-2.2205014042727935,-2.4111709122231644,-2.5394695345161136,-2.8448579979670563,-3.6534390576347793,-3.5863669173272568,-0.816110270591265,-0.6178576608575106,-0.11963284399002606,-0.08851029904502089,2.2270063461903136,3.8153204843883746,-1.0601714896369194,1.9372641618845474,1.913742482444672,1.1271477429500114,2.400405376520813,2.2594723844653126,5.485039794404115,3.068544491065949,2.1887947618834915,1.477657263575139,1.9499901396464292,1.823245764906532,2.5452135841773935,2.281174079529224,1.2757838273643547,2.0280190105138245,0.048409097507860946,2.861717868614543,1.5641804639642463,1.2257382387377553
-2.6080598830084907,-2.969502925152288,-3.3495729907767946,-3.266933304826339,-3.902243673192779,-4.806814605636586,-2.047983289171354,0.7502150419461422,-2.8453937753920653,0.9691241223580531,-2.699935883801965,-1.4281735237971565,1.777450678254315,4.971098346383678,5.343513399595772,1.5260349295222182,1.6824774530016606,1.773096078260645,-0.8918990520406779,2.0158520894191945,0.8857373360841556,2.197284952308645,2.9102725862906715,1.1743905481445573,0.7347491730598569,1.434058256845173,2.075876684422347,1.0049344805154408,1.6574654874821486,-0.01813628449558636,2.8499455354388137,2.6876229988442017,1.9506181282845962,0.49106030469650724
-3.7425907248139074,-3.8827956513499937,-3.767477840020113,-4.637271945195229,-5.2251235542818275,-0.505279200498,-2.9897202173325725,-1.4424451550684045,-1.4750804961178157,-4.376240696648139,0.655498723065251,0.5034069354385228,-4.067655864793342,1.2973274815702232,2.210635661465654,0.28845590097966245,-1.0345130238717453,1.1873146125897163,-1.4776031984393811,2.0763714133545195,2.2728170174504707,1.2626581973525282,1.4116416637397478,1.6290380092639454,1.1464611277982741,1.0875340317659696,1.5921570223788564,1.5629067767423304,1.9698059711679496,2.1443298905087644,3.957580599218725,2.9900856302339363,0.9660578233035498,0.782632749908478
-3.697605532442004,-4.14729210914183,-4.8730726381595435,-5.373717978829913,-1.3716639365792818,-0.09108947051783063,2.5548482626992532,0.4237657120205222,-0.5247136884870544,1.5864411778948515,-0.995714411375051,-3.5586065723177946,2.0740947700010963,-1.555280230234456,-2.0039843430584017,2.1297275886778135,2.0540285847282234,1.505372176777175,1.6659527069575637,-0.5295371471625379,0.11098582241248434,1.7808785054096206,1.5437859026928322,2.188942561259795,1.0247117481187218,1.1912268791275695,-0.9630906593742622,-0.40847734911803096,1.8130655424682223,3.3535529301103284,2.5904552909005925,2.3944554303677887,0.614542165286668,0.7432601266705774
-4.153527246026446,-4.499151801804373,-4.726639505348109,-3.4921162815126907,-3.6133185389868334,-6.198459986912426,-3.4549906686759746,-1.3552664579101583,-0.4088815006969004,-2.4457111708956236,-4.78810379893144,0.2440148076221826,1.7067365735301494,1.2852746724885922,0.13721516341024262,1.8108866657358242,1.0864932856828704,1.806549135635624,0.3854952491182674,2.5329247646233526,1.7403679328359447,-0.13453405378477998,1.649412690711201,2.1100379288396693,1.487397978071962,1.5731229237476425,2.6975390567513404,2.022867006575285,2.168843695772192,2.9278524596574353,2.1803778513052743,1.8212763227090765,0.6512194735741166,0.7157682777807929
-4.229336592242813,-4.31247203049973,-3.810274158972706,-1.0520038333700852,0.7924384779591291,-2.4161081359158816,-0.918123768227136,1.8465885472706183,-3.7698661712495625,-0.31025684075840354,1.324941482799022,-2.377109160381693,2.5638146294333417,-0.0012974516505962013,1.2553903173825003,-0.6598197935745452,1.1110686770144835,1.955045252851628,-0.6490078636121495,1.2467006072481526,1.5991273310449143,1.4754332469382687,0.25548337690232903,1.518276556534486,0.7402528311589436,0.7513741261033182,-0.2069233760374806,1.0134537507675816,1.4634888812730575,2.6761756875541973,1.7610944996580575,1.0385329661556197,0.49920013712665895,0.1927593887529837
-3.9979837704552197,-3.778523389265647,-2.4306911536177536,-1.2463618328872965,-1.1218815302239533,-1.481427675312069,-2.4187801200092856,1.7033661735585837,0.031671540895273874,0.0016227226827166626,-0.049159639554329115,3.4249896264888418,0.29437027746250927,1.6192219099334786,1.90515663434775,-1.6309650414029337,1.6954996570987468,0.34402846839686757,1.1766510485536976,0.8839960189147754,0.7985575542461526,1.3216625549343914,1.3127854514193338,2.042192045185803,-0.930354095474748,0.5917860869964439,1.651489495493331,2.0222782926683944,1.7316326672107476,2.6707207399648794,1.7007492045683286,0.7133034897171441,0.26183917401419626,0.22324105169333197
-3.2126226340025195,-2.608189251317023,-1.7592842515262987,-0.361579350696114,0.25825795897497567,-2.7261922319215204,-3.288843569936634,-0.18451871662429167,0.3484685577696003,-1.672712754275356,0.7567091206158763,-0.195076671880686,1.8834212444431302,1.2113733583921118,0.8568937672245145,1.7700407185853528,-1.0561090408089873,-0.7892536794446403,0.23270427719010855,0.32446114294768547,1.7977111338715006,1.5244886739254049,-0.17866445695214614,1.6527346672389014,-0.3272042707419018,-0.34879397350051977,1.0570024195768066,1.2683724951301942,1.3395769610023103,3.1922941299470815,1.0062503605740332,0.639072757044936,0.18798407270300327,-0.18025908163697948
-2.2800391454261737,-1.739005390901026,-0.6441574084507443,0.37257613045823385,-0.6210276575035439,0.9558852841804327,-1.7316884907465557,-0.7388100859431201,-2.9976834210570034,1.151581401785278,2.4665679174004214,1.3141442194805208,-1.4507761280315215,1.5795550091548987,1.0941668430995006,1.1533516409986666,2.073051802579632,0.038900966821799526,0.20237437519838025,-0.5172656666225383,-0.2204810034519565,1.444883209164908,1.2796605244243893,0.586349321792531,-0.6300079600972512,-0.3880601909900815,1.584938144799417,1.113700024558399,1.0101810465744672,3.0612206988393207,1.0310270452509476,0.2781405300111931,0.051152489391372964,-1.424076105861174
-1.2623484035964379,-0.31868791105751204,0.37139448453673907,0.3265126686370949,0.6822373047034201,-0.44813370099222893,0.3097451740815351,-0.4145494570314664,-2.6745771397507956,-1.0460089866556563,-0.6194506691768823,0.18734447697541945,0.4125955166066634,-1.1186807731547026,2.215452533772889,-1.7466066998139513,1.089443117839866,1.1563895220072018,0.8517827300190974,0.6164814899763852,0.3632601063603096,-0.7426649691894228,0.45670381888345946,0.27956521352318725,-0.8566525437672372,1.3581260906944639,-0.017319548567779376,0.9273160767606721,0.4102289891733583,0.39955132443827535,1.630745176984436,-0.03662319815276254,-0.06755068740019272,-1.1892299899592003
-0.1993214072665621,0.6924986182346438,1.399768721176818,1.4401832578813596,0.09809227694976487,-1.963671475417645,2.183159833824463,-1.8029577271390576,-3.535243429736164,-0.07471103715124332,0.030092754823637068,1.4508901209720602,0.7708456672030902,1.2789515669735652,-0.8216256085553212,-1.2258168708829598,0.2491465871193281,-0.01385718666409868,0.40848230099863686,0.8450771572997707,-0.32992311315854395,0.42014953887986534,-0.28153205022168365,-0.14416004979245814,-0.5091522248560131,0.39916796946004934,1.329609310135984,0.15216187555305527,0.08186612963822959,0.4146343955472806,0.7735256295698847,0.8697719424421643,-0.8854806431959477,-0.856292026241182
1.2135074422184988,2.011830797252678,1.9799329860759558,1.2750529543578353,0.5763015349794627,-2.1101502164721118,-1.9802374241287484,2.0656258312350415,-3.574362093521517,0.3831095071192209,-2.4274891676851453,-0.4607737329875765,0.22271674412511328,0.04289862454417191,-0.5938182643366967,-0.3429435225783397,-0.2670089610400137,1.0327095310888492,1.0383282828606235,0.34788414108538906,1.262524028023799,0.25713004984246607,-0.031193497988455037,0.4265956327938957,-0.8796368726043627,0.6701139973953927,0.5494810922988858,0.7309686018269955,0.12885383959660046,0.5315069403672857,0.37527563482079956,0.9035208862197271,2.850392570956874,-2.0493704888573636
1.8779493992495013,2.5439716564495276,2.3126735638596743,1.9905425851156904,0.637114303287417,-1.3446640847474332,-3.6781474077643472,-1.815001395328184,-0.3883108100001188,1.35925047947777,2.7818934269366906,2.5274452068910715,0.8221322179516216,2.4231824872649987,0.63059609794344,0.44729987566844115,-0.4833933432916043,-0.820585831802714,1.0634061123540097,-0.6970456837727143,0.48041823688834623,-0.5528630120297127,-0.09095198710556002,0.2639336400796905,0.27039200979335826,-0.3188756273395861,0.11054407108912481,0.2616414501277222,0.08241444347570125,-0.050724576494300275,0.21555584735320601,0.3111226472406876,0.7887719699042886,2.7336526776428207
2.3107425492908074,3.040848090498418,2.618665475047382,1.2064081617076499,0.914713186539173,0.1530391632887556,-2.5122975446696962,-1.5136138294627752,-0.5748894011682885,-3.8608821335803016,-0.8990676000431459,-2.0381695130842292,2.1077607347884952,0.3137379227536665,0.9675952741816892,0.5464439358673002,-0.7602344206954849,0.958211427448909,0.9473751714620575,0.27803418591830426,0.4744859704570157,0.30283806872282965,-0.367220834035251,-1.0404294403598064,0.49271199622818,-0.3373238198674384,-0.3437329965556601,-0.5775526196932836,-0.40834571444258183,-0.4842095231876929,0.20911677070048929,-0.07948521579979734,1.19999443042776,2.11975857456457
2.2121782787257263,2.7853260431057896,2.7815260916904614,0.9879096104545368,0.1799647067559701,1.9021469009170542,-2.399872492356632,-4.090145407146302,-1.646045333366569,-1.4404565437512045,1.506158346380243,-0.7295273581993321,0.5369085245806248,0.8920333709549655,-0.323904864415077,1.3059068650008154,-0.09917197935049488,-1.4004098341161724,-0.6310651317211866,0.7349027189354425,0.3349182500368589,-0.2753125168263564,-0.28325264260661615,-0.18459146797337975,-0.5685909796663464,-0.23349652130178136,-1.3537583535691962,0.24736447238996664,0.35690443853529485,0.7122305494852722,-0.26409412111558833,0.3839734705359999,0.5480861929834175,0.6907857098232589
