script/wind10m.json
{"header": {"parameterCategory": 2, "parameterNumber": 3, "lo1": 6.000198445256149, "la1": 58.999992894266676, "dx": 0.5, "dy": 0.25, "nx": 22, "ny": 24, "refTime": "2024-02-11T02:00:00.000Z"}, "data":
[rows 0 to 23 of 24, columns 0 to 21 of 22]
2.8563613780300687,11.838517815465103,0.09394440080485587,-2.493487044737819,-3.585932935214914,-3.50760289196671,-3.8433574894065927,-3.9284575379830473,-6.994101693385108,-8.83672621472792,-4.3337024606970225,-1.0819205090600523,-1.6062528276399746,-2.9121212919313715,-5.245179722105693,-4.4893292561349805,-1.8382116511564661,-1.921071649854333,-2.531422085731803,-2.015857926002549,-1.2872670135828987,-1.326960052760412
3.6213335952378314,-2.815489276860468,-2.6335092190521663,-3.467331973136771,-3.300422055501941,-2.9272315738494554,-3.7118809738606355,-9.839947540647195,-9.711390550693125,-6.8440965037720325,-3.632173039624217,-1.5161310246732753,-2.051986492351199,-4.715496084834853,-5.506917680103591,-4.435072499154039,-1.4341147450100018,-2.1423054082882476,-1.7071691451415254,-1.4866698887266812,-1.1080032466254441,-1.1466112363572034
0.4802644294967647,-0.2922892861486055,-1.9847437351026012,-3.4170016815327147,-3.8789268421013428,-3.6451356691578023,-10.136781564316575,-8.864149260784908,-6.514863104319448,-5.172416392755055,-3.584650983691065,-1.3201624082480294,-2.193898363775537,-6.308156606287056,-3.6368072205552515,-2.3776777884787332,-0.9890284049257271,-3.076997790471152,-1.9897764050071214,-1.6739148375361523,-1.2121985597649023,-1.1256309316377635
1.3946397385646978,-3.637882857800548,-1.4714235652008654,-3.4064846997198894,-4.280231610970983,-9.27303610573861,-8.657886333695204,-6.556807688753027,-5.017234523285243,-3.6095168060420715,-2.1190385308284614,-2.0470463915077604,-2.4703502464200753,-2.852221573965106,-2.538928170510013,-1.2742741749727753,-1.4974465768496348,-3.275523253405516,-0.7335610092573267,-0.8674643716490086,-0.9270812334809642,-1.0583217073374342
0.7554510800525889,-1.911663745928751,-4.2812070566206,-6.287220857033393,-11.38109068631087,-7.979374797028086,-6.05716796464777,-4.932766642961258,-3.657715876598185,-3.290277319851124,-3.218419170321553,-3.5133720818605076,-1.9436015929186337,-2.258263061659577,-0.8604628522752533,-1.0382898032571994,-1.1222598446844012,-0.6722265951611572,-0.8699113006649871,-0.7891930835958112,-0.8700276083178045,-1.2380254907835626
0.15098980592142794,-2.768357695665419,-6.413998844099102,-5.928350807385688,-5.983474878953189,-5.361254168524412,-3.9993974639225045,-2.8823832319241385,-2.562517862314405,-2.019477423955677,-3.1820747036656907,-3.9192393647594006,-2.7225688864739275,-1.0775256992812354,-1.1836081048196538,-0.42417889456617947,-1.3935095059306049,-0.5563126632986605,-0.9760682092535455,-0.9453097187260907,-0.8908752322948216,-0.9454665348294911
0.8922130855436708,-0.9811552381573706,-2.323038623171551,-2.9121744865550303,-2.530172638833623,-2.5382966430378398,-2.9635800908464565,-2.6065178340864317,-1.8328585874960186,-2.237466028924984,-2.8574174918902244,-2.1715946789064513,-1.0401856665344178,-0.7267991459833556,-0.4074895658109348,-0.6169156111759211,-1.1692191385137785,-0.6746286448596883,-1.142275306173798,-0.9775182217285853,-1.2215422371848175,-1.4351909796393776
1.4279023994997162,-0.15985247323641807,-0.9809233252413077,-1.240826380499266,-1.386302425912528,-1.7278439127615464,-1.6975892270700403,-1.3671263152582516,-0.6412577592803332,-1.26411979340261,-1.4568726606810474,-1.993463639526383,-1.5922946363719197,-0.9425068136621706,-0.4894696971850698,-0.7600426544095651,-0.6823472599070523,-0.89429192120038,-1.6464221216538653,-1.1853585030923819,-1.1296577121968963,-3.2904674925382036
1.4183295159231235,0.8679315561040527,-0.12624279409286773,-0.494259566389138,-0.7524912236175936,0.032902714486489903,-0.9684176722135703,-0.3749529895802557,-0.2058560936585099,-1.0329642727033004,-1.3910879933182083,-1.4943738528751025,-1.3671234735876554,-1.0964750537401389,-0.8802110417894204,-0.649911220126454,-1.0054325364190737,-1.0827064487986873,-1.3291833940427185,-1.7736268239472057,-2.1974775619206017,-3.6416707561578576
1.5532330345474223,1.18748713403457,1.0657352076132274,0.07120717057298279,0.20466680635692103,0.05284515224011933,0.15909308677899706,-0.21698484137767254,-0.45310917704934667,-0.26860947098989746,-1.153855998656794,-1.55801807670771,-1.7800179623827006,-1.3407120082258597,-1.1226570861613596,-1.1391617546332529,-1.0553539128064826,-1.2589031678073026,-1.2397938982277954,-1.5764716124933638,-2.223465846442265,-3.7793721410835497
2.3148849856704437,1.6777287170948965,1.2850980389670934,0.818270786774894,0.13115982646496693,0.13722538889282435,0.007281088508284232,-0.08944697666957098,-0.4759785823707399,0.08563217136688517,-1.211588520654824,-1.4259430410293836,-1.6448627138646692,-2.0698319743253726,-0.9022158998605851,-0.8138237377627148,-1.5278831849650034,-1.534515005916843,-1.8724279658552585,-1.9634858860809214,-2.490463715923686,-3.7451223269810328
3.6002900358874186,2.8668821409742007,2.189340864770855,1.4496587228611482,0.2373982487146771,0.03208276220765197,0.10292815070560396,0.1860759859796515,-0.2595472874015455,-0.3738369970182733,-0.6195797319558379,-0.8593773831961378,-0.883427000306202,-0.5692263765990286,-0.48453632230716875,-0.7495446546151556,-0.9696612851546859,-1.8097881498338177,-2.0744081646066106,-2.537163009532353,-4.37301828776198,-4.6944394842376225
4.429748489312971,3.8422065051256955,2.9141510168196127,2.396987645957693,1.0528090659135876,-0.050040830994119816,-0.23623004558162777,-0.23068615659023153,-0.30013855228466113,-0.6764637721487757,0.054750879995052334,-0.13853635824793076,-0.24059347698926437,-0.18812525175795974,0.28397333773381367,-0.7352877295332,-0.19326159838882426,-3.3340255646468684,-5.47623967250351,-6.139018753641246,-6.001123412463671,-4.247233468075159
4.603237822624828,4.0885614127608845,3.46806487084811,2.4943653351548107,1.7413424560522344,0.5929235472347817,0.1671506719463258,-0.5216328953476647,-0.30955433440438535,0.026794783603807232,0.01127001447613329,0.20570688519468552,0.44142054155221233,-0.7599771557503692,-1.322550345543457,-1.5187103216510385,-2.337418907750911,-5.316552466663794,-5.3918295701752035,-5.702320556722535,-5.380930732456211,-4.405503402182872
4.424575264006296,3.8443622706444307,3.293228847467139,2.361433641150612,0.8440262695755856,0.6956374033128235,-0.05679421478389823,-0.5343282852193173,-0.14264187570789483,0.9743018309880918,0.2954650314602602,0.3726426961763965,-0.618438579199125,-1.2955074429013003,-1.1343879775387808,-2.241249895299693,-4.2898143951537655,-3.144714117455275,-3.5905881072884234,-4.137380785873695,-3.384660299867366,-2.113845015923611
4.188569367783836,2.817980102717526,1.5259667642556796,1.0042226571351414,0.7450830271634634,0.3993754673435171,0.22785005565170324,-1.1885144652517576,-0.7965748174347107,-0.12458026119395978,-0.18435485373909852,-0.5019455193991658,-0.417987223759612,-0.7418023847457346,-2.77194619891893,-4.678297584986904,-5.637126623842339,-4.483757579682087,-2.5068776130831405,-3.256874418119384,-2.9356302002661767,-2.6937406179008816
3.4804529356632945,2.952486300208182,1.6944967287499155,1.0090057572763005,0.4182911301593245,-0.01062572063660496,-0.12118984682606092,-0.2689378593852863,-1.2610962335468607,-1.9911068799820784,-0.6827569221918766,-1.2826137586132977,-1.5629541661213793,-1.335654307686072,-3.327510378265307,-3.9698567539941356,-4.519242441327423,-3.3084552528749804,-4.447887060072871,-3.6430182792974763,-3.421371256699294,-2.6658795763164522
3.151396517687408,2.5750168415661308,1.472970429588399,0.8628866466417388,0.10633129554386961,-0.44901583806492124,-0.7433048282073091,-0.79490620273692,-0.8608349734750329,-1.6698990372060654,-2.3524669888496184,-1.890085639635044,-2.6197308721068526,-3.1038611980762263,-2.911034029777517,-4.279257663664017,-4.193057865376913,-4.397139254833671,-4.987515674588989,-3.938543031585091,-3.3870817583659987,-2.6389376030072174
2.6948511563193294,1.959068170245965,1.1062937555961843,0.042758743055879594,-0.9099242378890099,-1.088592374925748,-1.0241595667466907,-1.3149429885061792,-0.8180400463503523,-0.912839946956876,-1.3086445073989958,-2.345586638220818,-1.7181631366810464,-1.2222783238983035,-3.027059373862842,-2.3766070417612624,-3.7443272152121145,-3.1396348614006926,-3.285706285427729,-3.8765623094036292,-3.5996372805031314,-1.3008122312829014
2.677780612002108,1.8181470293186608,0.7250516420202509,-0.0405412170311618,-0.9631146235906132,-1.5024083900547742,-1.3801487750253458,-1.2404177178250946,-1.205136311772328,-1.4843646761686102,-1.9006731830359138,-2.6867586703902084,-2.304306770454129,-1.8884265740853423,-1.8691740249886974,-3.6674552355630885,-3.48547439329196,-3.724991895452062,-3.8622545130346086,-2.4091181411753166,-0.9792275823066662,-0.5969586227941319
2.0725411571597023,1.7032097329861213,1.0975860789068472,0.25437048817005264,-0.7324977628799878,-0.7900445597271917,-1.0797749703431405,-1.1385859979246982,-1.0440748274023834,-1.7220813914960873,-2.240021792615206,-1.140473338668002,-1.8291706161828303,-2.2590430883665125,-1.7671437402347168,-2.3043674943016774,-1.8893276381844168,-2.4824605617595554,-1.0736296524988378,-0.8577778763200314,-0.5874706438182371,0.3394782551263692
1.23856070027972,0.36701463892194186,-0.04056633319939827,0.5575705361702528,0.12812778760952964,-0.4561706171702967,-1.2451070974798737,-1.5708956817633903,-1.2397035012862125,-1.4026094975407146,-1.005860834384355,-1.1350060044321184,-2.4488165072495356,-2.077530093157637,-2.318280128074689,-2.0127281080655868,-1.8575457006698612,-2.0701757718411824,-1.0390988118268076,-0.32824728127531105,0.13147125012163233,0.39939416388255194
1.1251905146367835,0.6437437104032248,0.12095675126018948,-0.0162972954464257,-0.41476008172905515,-0.33826570832093544,-0.6492165768114113,-1.519986970788804,-0.9292733906427524,-1.4478262764208922,-0.9910258681694779,-1.5803922555506977,-2.388415826803599,-1.9498592951275462,-2.3026182067495498,-2.009954572460215,-1.7041269078275647,-1.258806273707798,-1.1277949277760089,-0.2212930008149574,-0.4719410679241955,-0.4022398895233429
0.6536437254668895,0.33787475188714916,0.27691069653389777,-0.017615173019823804,-0.11643106941102342,-0.528681196012464,-0.4115247231949854,-1.0194121377292804,-1.2670868294639368,-1.1720148548396774,-0.7268437999622837,-1.2957122927917495,-2.3229710593108726,-1.6093946824645724,-1.717574591541905,-1.7510985677486979,-2.016577749527752,-1.2371800945310572,-1.1686790033591035,-0.8949754974371199,-0.756331228461939,-1.5159568159758259
