script/wind50m.json
{"header": {"parameterCategory": 2, "parameterNumber": 3, "lo1": 6.000198445256149, "la1": 58.999992894266676, "dx": 0.5, "dy": 0.25, "nx": 22, "ny": 24, "refTime": "2024-05-02T01:00:00.000Z"}, "data":
[rows 0 to 23 of 24, columns 0 to 21 of 22]
1.6670582924544177,0.6852551543926091,-1.1299331954137508,-2.679017921158342,-2.823679607112594,-3.0525926219969812,-7.0013159220734025,3.239214742710624,-4.192700039105773,-1.782664394829229,-6.138574319072086,-3.5342628333640413,-3.0898084089928908,-2.4668111289544794,-3.087083955817692,-3.7599338606197756,-5.996959237500939,-2.91522479289835,-9.696248392576315,-10.103412102035565,-11.893455216740563,-5.01378080519044
0.8418189099295955,2.746286172995776,-0.6376761166874851,-2.050925537163927,-1.9803915365350817,-3.7443670941131115,-1.5139646830473037,-2.2156602582752862,-3.8728384495970802,-6.886041409162602,-5.3012593158878225,-2.0749049530836765,-3.071687027894189,-2.2424056416173976,-3.9911551755958112,-4.9163340455159545,-1.3877280694005272,-8.122973834916298,-1.531907123119475,-2.295464912130458,-1.3583330397223259,-6.630118083601027
0.6224596667817257,2.034278176697953,-0.7342956527831771,-2.8226455463206546,-2.7083752535949017,3.32474096147732,-2.718165026851428,2.337838422502887,-4.290413818819547,-4.649490858000525,-0.7026441242584743,-4.73656831819748,-3.607739233476514,-2.8901164021589825,-1.72342073355258,-2.965642903757481,-2.389313194735394,-1.4836568047063974,-2.9753267837091326,-4.030383955372023,-2.1650218867995266,-9.885626897885627
0.9356026839222588,1.4939920274827823,-0.6815223804263244,-2.4811822977151485,3.0264913383107346,0.4905005841474388,-4.019487864886119,-3.0701654215552616,-4.7911515821828585,-7.34482289108831,-6.679751425856072,-4.793621983577498,-5.130098746427149,-3.1004302011475158,-3.065286833390035,-2.899944382041362,-3.2362905551274745,-1.5698113223089354,-5.605840427089236,-10.513791440547848,-4.712397432557129,-3.792294331231775
1.1628804176277425,1.6819344635481945,-0.8653320714503656,1.4327647889458748,1.8647757547990575,-3.970101003428885,-0.12249787080170424,-3.4174891505960328,-4.282735408699311,-3.2538719669752365,-4.485540952094053,-1.0048773458903868,-0.7029875725810862,-3.080445876529921,-3.0867732417028457,-2.549821402187333,-8.559110299047346,-1.4687322615602834,-9.171577086669014,-1.0921968086974616,-6.234531410183632,-5.694337469223584
-0.02968385615625917,-1.1855485868568938,-0.8205835144403941,2.8453084577122323,-1.4839295319489463,-2.527682283170607,-3.0955656197662975,3.18571293003734,-7.098092710038961,-3.8463048494889067,-7.349758037318703,-4.025032395681099,-3.161207379891647,-6.205487115559253,-3.0856564283569017,-2.7495037534153477,-3.7906089514255226,-6.002275735657434,-3.433413391151778,-1.8758997573755047,-9.269080906845675,-5.116319190593536
1.5364910228782875,2.084516107331802,-1.3937271333862409,2.64442442225393,-2.629771094289079,3.1947918435245346,-6.324160725640998,-2.2645863445923524,-4.24915647021458,-4.694835086414161,-7.2101956179271935,-5.692781223641933,-6.6624848425939485,-2.958536261567477,-3.953498638059774,-3.7616449466794464,-2.649092192848101,-5.934502487409013,-3.4311083744486073,-10.039205109300442,-1.1977617508904594,-5.092262821086926
0.6293458403375856,1.9380352538208,-1.1923754467431933,-1.4719960074942549,-1.8978631096081404,-0.9766251586493262,-0.39167642656519536,-3.3100946823180264,-7.838743568298982,-4.614585476910979,-0.5498787133649712,-2.7275641827753634,-3.7274588356606935,-2.8198978001655366,-4.2617597084729235,-3.5902703297234027,-3.5670575896253527,-8.884332792126369,-5.577680218176332,-1.7582175834352456,-2.283614939937935,-4.656402434671279
1.4724492464944778,1.8330065306891272,-1.0054965368324464,-0.5805154399778214,1.8032242145896924,-3.7879305377843675,-2.979850722591619,-8.153395828425023,-4.345983369097078,0.018450215186102053,-7.639714169814292,-1.7029890270730819,0.03910439596028166,-3.162717397826291,-4.519749390759184,-2.915245502076972,-1.6873343015657,-8.629393219477853,-4.448711711062466,-3.5787789475292584,-6.096207535389602,-6.393791903663672
0.6689153040269862,-1.1213677645999491,-1.2173425411297365,0.016305251735666205,2.6518914433644123,-3.690378512363387,-7.184937965269801,-2.7598356265327935,0.5014043328440686,-0.7473296264492985,-5.4022546766948585,-4.440394592922698,-3.228199681674526,-2.4418819689063898,-2.5000630126823937,-2.5790774745855902,-2.093288628432006,-0.8500929426148164,-8.849096906058143,-3.725683029235559,-2.230393087763273,-4.360143958713319
2.0727063917943847,-1.4050684960283342,-1.5178791868947188,-1.9691796937088724,-0.9419493491536755,3.8713662590663853,-1.5443712202568018,0.5966529142053939,-4.276621051164008,-7.3776345256095235,-1.7044177551808521,-5.849799683988508,-6.393447772933122,-2.9214694127304037,-2.864325801574315,-2.2713984216199536,-3.815819215827811,-2.0750108645367638,-0.5582003539552426,-7.041494164609832,-5.796032668989454,-8.205705871427142
0.6054501126786622,-0.8274201928774294,-2.4330957724184326,-2.354047889843299,-2.2458296097438977,-3.3510914561219693,-2.602982348465282,-4.6903585788944175,0.6959297579106977,-1.5160469637654175,-5.955605082889096,-1.9742650767241692,-5.78520895781514,-2.9796655701262296,-3.7519110298940124,-4.079074498396309,-5.141815000683864,-1.4964740158001826,-4.929515233357159,-0.18963594408988108,-1.4118379202051308,-4.9335745243041655
0.5856538738714154,-0.8419185846054443,-2.8608144709079975,-2.8188203668042,-2.165928146952308,-1.8510672142816467,-5.428680892418912,-2.4403696066085723,-2.3082928809554053,-8.458384836303788,-5.321825877510524,-4.29870750992813,-2.772232091649858,-6.339210045741174,-2.8792224539291933,-5.099692570597196,-3.3215128039465465,-6.916504730372995,-5.217100224973525,-6.94783079043086,-2.6220654852593412,-9.029162386147718
0.06057887948566967,-0.5379442638364661,-1.9146972986448205,-1.93871097528429,-2.8001375287931247,-3.7948762152150186,-2.627239151607278,-2.094414841897286,0.36116641296409635,-3.5394056499875495,-2.050539507365716,-5.791799439862944,-2.928475955677566,-3.7467525900406176,-1.860579406441014,-2.568072988072614,-3.7125382915222667,-8.75182231304391,-10.616447443230996,-10.395770869801664,-12.495714801582322,-5.153257178448015
0.7373700302519656,-0.701633561402056,-2.400831773512329,2.7242308779373645,2.8172706611539002,3.822370616793446,-2.6700432299756858,-3.6574926263273198,-1.832240200138803,-4.2144953302877,-6.12685802720582,-2.982135809126679,-4.315879947013882,-3.0493391604258044,-2.820879647196541,-3.2722390556660566,-2.1931093346259174,-4.417384988563998,-2.162781397127493,-0.6287355309953295,-1.0096358841960391,-1.6171587876295057
0.8522275034295833,-0.7628598538195792,-3.2836488248114324,0.749434158080987,-2.4124493788263037,-2.2116603444749714,-4.117489529741121,-7.1059819798648025,-5.239899783491921,-4.896277004811148,-1.2992188790203478,-2.5314368124536437,-6.5804695003165365,-2.9883309509230673,-3.020608007240305,-4.240156319401763,-8.228075006460106,-1.3425036486477857,-5.131630130554592,-3.873721294551276,-8.443913749026727,-11.590722829752798
1.1591421605359875,-1.2877714884109237,-2.4921370170934978,-1.4675118009284038,-1.2314897016533126,-2.2402066664164026,-4.227611963033454,-2.957215008514747,-1.8654922715197122,-2.610069302717846,-4.548332678564799,-4.489356653405318,-2.664048061056174,-3.4811744797032307,-1.4282533733121252,-5.121860846755154,-3.2368839304519503,-7.167524205150506,-5.614833956216225,-7.657544591617035,-1.131440283726064,-1.1697335652375347
0.24201551963538676,-0.8678279204999314,-2.3446535385344713,0.4895282582860746,-1.9302520001013037,3.3734272300194004,-3.363527742466411,-1.1817384208498145,-6.199622449058291,-8.466925518845754,-4.655182829267367,-5.8278570176231,-3.3930701226979942,-2.5950357310976906,-2.3363786672413167,-3.0596353458943613,-8.32008190710258,-2.231975227968712,-10.808588410379647,-1.6575403857607136,-2.2691567730315496,-10.89425280617884
-0.22992071867057753,-0.8126268609991867,2.237438336960666,-2.4809251325739465,1.750981493828162,-1.8266230341803973,-3.9332957968139124,-2.1567381621242303,-2.6735200420863645,-2.9976720164228645,-1.6696725384005169,-1.2860229689539058,-2.614476381300054,-3.928597831469493,-6.315244044280913,-2.5239101514172857,-2.714846095942416,-4.277908766018122,-2.381914593163364,-4.629111938313784,-8.676022990902391,-5.792915419850469
0.49695557572079435,-1.099696811953468,1.5380077479693457,-2.219278775742352,2.8191805191867747,-1.1196325335788027,-1.8955620127851174,-3.762216284105614,-6.3836796135332765,-6.569773804340369,-2.4792245923425633,-4.438538700626828,-3.2252718811238785,-2.36035664091821,-6.0404966276673075,-5.3912824798596,-3.5092386397165316,-9.50850778232895,-2.2760344540127795,-9.938917457335627,-1.2932229233299175,-10.158365848284435
1.1138644720884396,-1.0354139928809163,1.924947526584196,-2.8554255133776243,-1.4545852266447492,-1.9936250044148078,-2.607076678687599,-6.307021551300155,-3.8132164599293112,-4.532037633778316,-4.789506469301158,-5.5626795441830605,-6.492700449517416,-6.568166351098019,-2.681714295869581,-2.12276711194207,-2.708020336939358,-1.5657174696508338,-5.834195081220976,-1.137028434735425,-10.477171732896476,-3.2465783841053764
0.7239566318746408,-0.9248036821017867,1.6822046689927397,-2.289701201979617,-2.139047371341298,2.904395712112544,-4.531139749112037,-3.2627570379439863,0.8386782770008835,-6.0719656639395,-0.21874572736550124,-3.7094554698460622,-2.485005688577618,-5.514764265324239,-3.0992889681921483,-3.157588002595008,-4.62517762165902,-1.689933737358294,-10.702529228212972,-3.4585458376445204,-4.976418307806972,-11.07762092692707
0.7057498169321063,-0.791361658135157,-1.2217026682870784,1.343004754777696,-2.239576835542488,-4.071118497783498,-3.3103788336060336,-3.0348282916762206,-2.3870286509295533,-4.625551871079586,-3.777488493226869,-0.701983074963688,-4.342202739670446,-3.097353053042115,-3.103342207678342,-3.3262659554127376,-5.702321822048031,-1.311185117394351,-2.377944953383473,-11.787535765291963,-4.666176001928388,-2.2044216010090953
0.6609050815641165,-0.6034603215146243,-1.3065575235821052,-1.873280322111386,1.8668458532644605,-4.3528712013471145,2.9581995021898133,-2.454915832334243,-0.6041737643907945,-2.757228678752231,-1.2782795301395962,-4.051500570675921,-1.3656415187372157,-3.475697264951924,-3.1604825220444317,-3.779630672912032,-3.796268565633491,-3.3709367870966562,-2.7880257452493096,-2.202808025864849,-6.4000109066114685,-4.589467548498274
