script/wind10m.json
[{"header": {"parameterCategory": 2, "parameterNumber": 2, "lo1": 6.000198445256149, "la1": 58.999992894266676, "dx": 0.5, "dy": 0.25, "nx": 22, "ny": 24, "refTime": "2024-03-23T13:00:00.000Z"}, "data": [0.8203863157564706, 2.51083599899302, 2.5520199020972614, 1.574406845476004, 1.3596360487865926, 0.2199718460995309, 0.8289401919453526, 0.7694262208658729, 4.050783681150291, 4.282314747213822, 3.4825065676732048, 3.2587590365092987, 2.9180617791034913, 2.320016856819899, 3.9013688404906066, 4.177041106147479, 3.3776272362534616, 3.2800136356320806, 2.406066797038862, 2.6438478716742444, 3.181628465523194, 2.8793408364548245, 2.4062939396490854, 2.050752524812245, 1.262315688808186, 0.9333521937547226, 1.7365954542270567, 0.9949949381379305, 0.9998139469761876, 4.80818076749122, 5.777101688620286, 4.6513694977199425, 3.3589551965473374, 3.3424491155008345, 3.03527082087962, 3.5651968822764535, 3.62450442978762, 3.690846835740035, 3.2906336971850436, 3.3991930560003993, 2.2953013595498457, 2.9354140208763106, 2.6516292397969754, 3.129812824671759, 2.0662142732172963, 2.4690636766534726, 1.4218443297820749, 0.911068474995194, 1.940756069523587, 1.641400626873948, 3.733326925597127, 4.005648636546635, 5.297026786139248, 5.8321318351895, 3.9966717549158797, 2.5575315459363552, 2.762500760432567, 5.2473083761435575, 3.2507760668392405, 4.152293993691274, 2.6829201929314572, 2.5998110135849055, 6.986396195012132, 5.105250946526767, 3.963917660994478, 2.8905027586183865, 4.851752217918413, 3.3588664676374402, 2.6288401703898905, 2.1829903218026225, 2.0295020921063833, 4.880971311390452, 4.502119810347073, 4.7411756435810855, 4.760715412693714, 5.352707471039686, 4.525725120155848, 2.173249723607314, 2.7180624762939667, 2.563257649579801, 3.033453400726848, 3.863437706413765, 2.77460344633949, 3.0579061666868124, 3.3993374046240814, 3.317499543157596, 3.199854864317421, 2.9247908990998996, 7.221841626534502, 5.154605241357209, 4.709517895983552, 4.918296577220363, 5.630310167038895, 6.07148695122761, 5.12671027336408, 5.419909665895055, 6.3692860222491, 5.5918599968664875, 1.4778937503893421, 1.2740421596941225, 1.8025636260843034, 2.3890800044956406, 2.738007830274222, 2.831888349748227, 3.4741869239583694, 3.300521875681751, 2.913287834046013, 2.7392148227722424, 3.1880347945253558, 3.5289783664189383, 8.707733438515728, 7.422228192246493, 6.480277809202219, 6.418745547505011, 6.241969682783215, 7.2501985394243365, 5.550719445849886, 5.961852090463307, 6.781850454866126, 4.867750438687615, 2.7897870992827394, 3.4780050265087326, 2.198969091863673, 2.316107476047949, 2.65727177768369, 2.5923669163947833, 2.9766147175553517, 2.9587181612261233, 2.3338225656506997, 2.6518308462856703, 3.5746706644076593, 3.5532262528049214, 9.508828330161627, 8.3210468074194, 7.765106450903026, 7.296954221932097, 7.480665673563094, 7.173997370992473, 7.900918485981997, 6.178109417110021, 4.856594167722446, 4.8155929450230355, 3.0863989942256604, 2.687522393055307, 2.2791450480742363, 2.882477388531384, 2.4544007332622253, 2.0666504302237305, 2.9663998225889396, 3.146931653528386, 2.9064145163713735, 2.8221782705231373, 3.08565466462797, 3.3963615776035656, 9.872300112375147, 8.762455251950113, 8.969520498615132, 8.02679960625378, 8.096575338797507, 7.383540856922345, 8.558968395853297, 6.061786848989167, 5.179161817361895, 4.2288630256867386, 3.3069317188849934, 3.5442264052458863, 1.898414145567817, 1.682007604739585, 2.818891947720505, 2.6836078662210787, 3.1790794736241152, 2.843052319455377, 2.8450390135164714, 2.9190864023148246, 3.084208064719317, 4.207398979176555, 9.670602728675075, 9.638966885588795, 9.999419898927943, 9.278272476812505, 8.969663390528176, 3.846856673322118, 7.238045232028314, 5.267677527674668, 5.019498892704156, 4.468672702562881, 3.2023581988137257, 5.3778416682837955, 3.521886402595797, 2.7827477862203316, 2.315731795094695, 2.7880046270924432, 3.521532917297423, 2.9567913618501955, 2.8884841230794702, 2.5320850542577116, 3.41934877893225, 3.5486888125495044, 10.373234409927838, 10.9831975267808, 10.24733957114527, 9.103375221062816, 8.348181381099385, 7.1521482702583095, 5.372159960863567, 4.732699701880871, 4.954941681657253, 5.330142800414781, 4.746506662643373, 2.208450729408225, 4.374653379987945, 4.003857098569218, 2.5276038456717087, 3.8695891838319714, 3.2369046750819708, 2.5747060556779475, 2.5697864139775914, 2.750006506331332, 2.5313570350056454, 2.277526200457376, 11.28189986453524, 11.005161155725128, 10.471458824129735, 8.842256137875909, 9.76445664964124, 6.165878937697009, 5.556579551035439, 5.002126345628165, 5.194790398324203, 4.75405061863298, 5.084918039478572, 4.2318190106640285, 3.996672933875945, 3.97274774811421, 4.977324613757117, 3.1543185976981394, 2.730346810502775, 2.517787515331961, 2.6214932425796, 2.5601106220799776, 1.9180298180189015, 3.3338364968588876, 11.775632594531778, 10.967859538254912, 10.312150734157257, 8.977907012751821, 8.672323066824525, 4.779649471777981, 6.355422399914184, 6.078899740150375, 5.186134251795399, 4.6673764011500865, 3.832251106901518, 5.910903071677758, 6.366538674029951, 5.82602624846038, 4.546145261229336, 2.728426198954764, 1.432242736409107, 2.0161944616217213, 1.4841446260631883, 2.5193488891164573, 3.630868462305469, 4.283467443615132, 12.191902145196496, 10.718722278675383, 10.540636709951134, 9.209116089677135, 9.187998778662031, 5.819684344151247, 5.044105441498414, 4.984291873176389, 6.393274225388733, 5.666581827014385, 5.0098174830124, 5.939503178237966, 5.801654858944189, 4.511313723143238, 4.43985466522817, 1.593176527709701, 2.28427934993744, 0.22924184863692537, 2.1776868236784375, 2.863066062451439, 3.5605974085829017, 4.7719002189287485, 12.328457408781768, 11.300071724571518, 10.349094656564809, 9.391304601355722, 8.55195356220378, 6.081868437328286, 5.053763977347434, 5.6907668051639275, 5.881725736760007, 6.121640730377182, 6.543995805654684, 6.138789716961253, 4.56386677115405, 3.659261814702509, 0.8185480205994426, 3.489524233048249, 3.5651382588753315, 1.9402596278171527, 3.9196352381100805, 4.2209705020824915, 2.741328090662705, 5.092423455804162, 12.192739774799625, 11.24046866073996, 10.265620722187656, 9.586481602190839, 9.580130985129529, 7.042897019727686, 7.0101248926712225, 6.5235369028652155, 5.954273534059671, 7.4073879191050045, 5.881451750194521, 5.40448752133366, 4.311692649980999, 3.5949523778345007, 4.251110856109497, 4.432823053499482, 3.924662055999047, 4.901189510145896, 5.479249782524915, 5.510106500208318, 2.8158231012394284, 3.2756641386123913, 12.127735745595762, 11.495008710128634, 10.783088891248372, 10.286829073427858, 9.57774546125406, 9.092767370348215, 7.394139623835758, 5.945163027324971, 5.881528091180395, 6.926402010989989, 7.261080098613585, 3.838534611102962, 4.3213458408163765, 7.324923453186463, 4.476543551313936, 5.136154132887226, 4.062371243821044, 4.928737657746169, 6.118739544770298, 1.4001890881512222, 2.07281151384659, 2.9617428437573774, 12.30526173623861, 11.828980175462965, 11.207273023475286, 10.945037063842703, 9.859767977958109, 9.7869875548705, 7.559169279971613, 7.3114578575032, 7.020842115740161, 6.864497712222187, 9.513091559232521, 6.695476253081873, 5.451591480679281, 5.422972191064491, 5.545779561520453, 7.241647207942513, 5.435311247447036, 5.000513798369514, 4.214845169314913, 5.063112678829108, 4.19430640630204, 3.6301406020932623, 12.45332293701621, 12.101725098738392, 11.582651012356017, 10.946761551815754, 10.338620397874939, 9.278557624394448, 6.876687456401321, 7.437923783038833, 7.041364470751471, 6.943591704812517, 7.9892762840803515, 4.810806948560264, 5.712887815758623, 6.458373041081608, 6.783928468233779, 6.64756829793164, 4.70314366727674, 3.125394311464278, 2.9028584149725947, 3.908268537613328, 4.449957643695878, 3.282039411813861, 12.61275826234238, 12.509196826826853, 11.701504922544819, 10.960484679573035, 10.743800803159159, 10.936568960073188, 8.520210753074872, 7.284712208046648, 9.058615836156275, 8.517002245911149, 6.314093740992161, 2.4708960785101506, 3.865927341448362, 7.005839694382295, 5.696199812769907, 5.188830604966719, 1.8503296090404122, 1.8743359086690734, 3.587359267844509, 4.5937797032238645, 4.757734080927323, 3.192755213879778, 13.047045250832344, 12.62315311148913, 11.96731380249962, 11.14399984069082, 11.30427460112154, 11.302562028563361, 7.815744180332249, 7.921302246627193, 6.809628065835371, 7.023809128769029, 5.779477004074921, 8.500078378044632, 5.831696148656752, 5.10842054183406, 2.967613483190459, 3.3753127527400597, 2.0620723176343625, 1.309084673837606, 3.0080856016884385, 4.549766859206132, 4.299862631933648, 2.3745969793967614, 13.154836251527557, 12.651384988711888, 11.92405726667146, 11.374864767144082, 11.66782355793014, 11.984512039232747, 7.962878351967044, 8.222658684441454, 6.210368510901402, 5.246264862027876, 6.984004240782698, 3.7210138302469877, 4.136846764411853, 4.506839381454033, 2.6495819223317083, 3.0792640115173637, 3.024812696099718, 1.70214494540621, 2.1104926072644825, 2.457009612660082, 2.658515017875383, 1.697483108221266, 12.865816546390981, 12.178761302622286, 12.331230977268353, 9.961743758344062, 11.576670715476574, 11.02624032047058, 5.713241853416999, 7.267705324281272, 3.1650404403377737, 5.994015241136842, 3.3785194826561957, 5.499843092035411, 5.460559160587482, 3.3371416051588745, 3.062819084303984, 2.8882882451327707, 2.1238295695997804, 2.4140346765136917, 1.7926470058169175, 2.3884545633035987, 2.5583911887321475, 2.2176915300337994, 13.09895504447445, 12.044768205730596, 11.379739753676343, 5.939281768964024, 6.407669230235193, 4.691658985964482, 4.83562701208598, 4.730983826381174, 2.809894205740879, 8.398592748376869, 5.88611695519082, 5.408229565629685, 5.15531515479577, 3.898009575427273, 2.8877802553566427, 2.925688370798842, 2.655706204554024, 2.4260068217056103, 3.4726534689179402, 3.6213914605622874, 3.055885124138795, 1.3008971972847523, 7.8374419853901145, 6.0795316970552395, 7.857569078742927, 7.268888938986279, 6.154002851074627, 5.077688413097201, 8.64966322334712, 6.007364826560265, 2.6917213248336096, 4.43853662108467, 4.555653351374943, 3.765195007401785, 1.256760122221947, 1.3243827134105226, 2.1267088963676777, 2.2372878519701267, 3.8952412323320487, 3.4593438363718136, 4.847250625757729, 2.918727032142569, 2.5933365645061595, 2.0842929072718315]}, {"header": {"parameterCategory": 2, "parameterNumber": 3, "lo1": 6.000198445256149, "la1": 58.999992894266676, "dx": 0.5, "dy": 0.25, "nx": 22, "ny": 24, "refTime": "2024-03-23T13:00:00.000Z"}, "data": [4.7983600935888555, 7.307971998371833, 5.833358236704271, 3.4915975507330184, 3.642856003101773, 2.983345481153811, 2.7425906558228155, 3.513651696819341, 6.10636511012139, 8.544183509656069, 7.7845754170553425, 3.4844959302539467, 2.759153359185549, 2.3812969838752394, 5.143385495731488, 5.513742577546204, 2.910517106968231, 1.2309224793809732, 1.1660852083981017, 1.3839328122476315, 2.421620193654576, 1.7657713023424648, 4.6422793203543415, 4.091985139139554, 3.8992711369607767, 2.9731636043984784, 2.630096002185034, 1.753260843356815, 2.793403736151529, 9.25085610679904, 9.13166840965621, 8.357789223101843, 7.888625321453729, 3.8325706280497682, 3.333909025647031, 2.752033865352804, 6.766101541514637, 4.989249101770774, 1.6787837300430846, 1.9360241206272726, 4.214981502334062, 1.0043468514390859, 1.8717016543667127, 1.733097677661698, 4.056380998463768, 2.4904406399245054, 2.346383820922743, 2.4693569585788313, 2.8154779954345095, 2.56393146289282, 8.51467624096871, 8.19193011014257, 7.935090396996229, 8.40553165396756, 7.485563591454309, 3.769542570000495, 3.008659379263796, 4.477530700610196, 3.4714788455657564, 2.938890601839852, 2.257936936793885, 1.8935283629731172, 0.13751479806586123, 2.4710465213560338, 1.5361090741230674, 1.6770668178649177, 5.474691888709018, 4.1688589604296675, 1.7770519248080021, 2.229053460415099, 2.6451568809267476, 5.244786669556613, 8.066650587128535, 7.6604302168658185, 7.578261715649863, 7.471729014991502, 7.464999908574574, 4.594993679957467, 2.5541576560124475, 2.792566768634224, 4.61387295368835, 2.321510632838578, 2.3019973461018446, 7.3889022578957615, 2.5707493632358456, 2.3428085771845613, 1.9592253722854462, 0.5993793265063524, 5.592277667778017, 5.072511656394228, 4.030332891538364, 3.6590974958820435, 6.348439196720869, 6.617069882605423, 7.2029308366809754, 7.857165843661147, 8.613493604402247, 7.871903869085576, 5.503838645793428, 6.961333912391509, 3.27455814898037, 3.146170418830441, 2.0271083669460777, 3.0006728390416435, 2.0069806298638277, 3.3335265201278945, 2.944382480420764, 2.234465297925829, 1.2599009622064852, 1.3629598033785415, 4.87735742590028, 4.940135972041054, 4.623415926290403, 5.714161409068129, 5.783915129178345, 7.252078341941855, 7.815284791099107, 7.619798490886248, 7.981956703880405, 4.893617705639571, 6.165825530010692, 4.619372189601099, 4.630231343039857, 2.873302955427144, 3.1707524885414244, 2.396009619161619, 1.8337001292026105, 2.0841694902294337, 2.0922073612128234, 1.8559196351001797, 1.4087665357462635, 1.2910951464254001, 4.181591569077385, 4.767548052798888, 4.342876062631757, 6.157727186389606, 6.9285566454044885, 7.505131072597992, 8.349896543089086, 7.690320768022977, 5.152134264830069, 5.347026310171943, 5.977620051756163, 7.72818469023219, 3.6276246766379097, 2.861515448382511, 1.9894881298797775, 2.2847282853589364, 2.063807771101208, 2.131412072492459, 2.3508343381219774, 1.5171794592895007, 1.0786921378028858, 0.7857795000358196, 3.6573158710377682, 4.350841494006176, 4.185222201219728, 6.807899487778913, 7.35511702950945, 7.0856182645454036, 7.305807533845999, 6.8859730132887345, 4.4703351924091645, 3.6284379736927055, 4.907044095703776, 7.08994865753038, 6.394020339390947, 2.356938102563169, 1.9840892959801502, 2.127609181223779, 2.242082951463702, 1.4276169552303068, 2.1527872219310416, 1.9957883948567796, 1.3010548637862405, 0.7120790280468918, 4.015897130940861, 4.048959481615734, 5.321559528494648, 6.569993276971488, 6.585389569395959, 3.7266685629028897, 6.4016430338661126, 5.047007140182287, 3.6376003017572787, 5.161964908631412, 5.1913382446869, 4.830128593242204, 5.666087699383044, 3.166670897106276, 1.7392124565128824, 1.85518264034328, 1.5724520148814276, 1.238062850036518, 0.7346946345905235, 1.42504241774657, 1.3852797230544818, 1.2736514344061962, 4.093579167940788, 4.432214799927756, 6.321468097026057, 7.192542843164613, 5.823078790631971, 5.995061291296851, 4.956745775950432, 4.340593887870605, 3.8724026830715674, 4.344158198712912, 4.1806417712759965, 5.459846509875166, 5.8568145052739125, 5.437349071369461, 2.136529457906623, 1.3863833466584736, 1.085945602909701, 1.6442660664766409, 1.2709378256724875, 0.5098516078798423, 1.0867928504790838, 3.2169508462718213, 3.9529252062666433, 5.47333793115105, 5.711614119611854, 6.534877770700681, 6.845997205685384, 5.189690369471273, 4.357354347980528, 3.805852412206924, 4.535019312594438, 3.765666759344682, 3.4535889471806462, 6.384431707450854, 5.616603798524945, 4.748709038072268, 2.0606478677395197, 0.642255827267477, 1.142299506961198, 0.8933768190045916, 1.1210516266457649, 0.8196405792563184, 1.2638177223333613, 4.177561570286254, 4.585014725311083, 5.689731796787141, 5.312181478171707, 6.027413551419628, 6.942019450812909, 3.6756765684588237, 4.669933241121497, 4.587483942536572, 1.653579204943544, 4.054070071450399, 6.149119710591112, 6.260659815261826, 5.428558482601684, 3.209306274403331, 0.3542784523619482, 0.2720480228046743, -0.46118558122662545, 1.268177738174379, 2.2898717842723277, 2.2506446076123514, 2.1678959959989124, 4.9988004053704405, 4.2490013815757965, 4.993380068353422, 5.015846480651786, 5.902820286685407, 6.088460579897397, 4.590470802694541, 3.2687392054529854, 3.5083144994040247, 2.760215965805774, 4.2524141688363795, 4.972371633997984, 4.477925815809479, 1.4992700727261334, -0.42810225607360497, 0.8188004590594505, 1.7217072188509275, 1.7465107053945197, 3.5959398804061427, 4.403422489264684, 4.192530839380177, 4.398524687159555, 4.30426128069656, 3.8009185968330303, 4.402010593777703, 5.148521597806351, 5.47209875609952, 6.103611570654262, 4.011251943870186, 3.2232265913317657, 2.317933032747406, 2.841131948387564, 4.101897442173175, 3.3932994277819666, 1.2940802149048831, 3.2283024289634628, 1.8280758548274092, 1.4979347375215382, -0.9843842187168553, 0.7416182349958986, 2.2215082972036613, 4.339844425794755, 3.354776319435323, 2.0379570602039605, 2.052876908799153, 3.4339465525829795, 4.439544305344487, 4.808950023611665, 5.621300624790497, 5.321625748112766, 3.7438626582582306, 3.4289485263354536, 2.7266656778467113, 2.8950770979907583, 1.8031116948434291, 0.6443601481614963, 2.1473112749513406, 2.2090216467510557, 0.8358201183547356, 3.473038830617084, 1.8520749786902435, 2.7880537755141375, 5.934846287390332, 4.239793253693791, 3.5296309672893575, 3.922174235424445, 2.2874037654951773, 3.3109219808014876, 3.8280779159373783, 4.831842895549171, 4.759675548278424, 4.962451692982961, 4.45941587994321, 2.5774822665926775, 2.874846810826167, 2.06263066650353, 2.9714183430849674, 2.0372863648072395, 3.217919542232445, 2.6398902006546265, 1.7038655121121107, 3.5611357332900444, 4.843836461182056, 4.596886856974078, 4.112095075559075, 1.5103881763695903, 2.301218546568513, 3.671072069028386, 4.778241406878664, 3.328688312996186, 3.567174653408033, 4.104787154003468, 4.108079152354235, 4.364434938642257, 3.492551979257699, 2.168704769088434, 2.5172328330951936, 3.183536447740545, 3.8945856046446212, 3.033977209532146, 3.128988704760298, 2.932257766210791, 0.6693161350661265, 5.418444367437657, 4.080325766687437, 3.539752662345216, 2.2530599983061164, 1.6634316657893171, 4.475213279208411, 4.162168192786112, 3.174909222627954, 3.146702665588419, 3.2197825827677744, 3.794082839229309, 3.765157368218675, 4.036532837870359, 2.936852508142237, 2.1731965711959087, 2.5202365562665094, 2.45718558977612, 1.383425119029493, -0.9317169301477758, 1.9599724902084203, 4.446737454806873, 4.9388963038177085, 4.063984640276377, 2.685113818891707, 1.920341869856346, 2.5399091167165584, 3.806606367810713, 3.809885196160238, 3.198307143885031, 1.7864582171715728, 2.7276410205370007, 2.6298120355132193, 3.23871197087573, 3.492946706220931, 3.7133651153986063, 2.6539310859815757, 2.3784626422738313, 1.2991333257384075, 2.2546702036714668, 0.7857481149919936, 0.8937993976415336, 0.23678162818645695, -3.0538241429010826, -2.0566947066129577, 1.3610508093670144, 0.6973321538418723, 3.0519693376722308, 4.296934147080896, 4.196848557064264, 3.0629490672291584, 1.1063858484090665, 0.2541577527869962, 2.565734795711023, 2.4821161172705497, 2.6354555130403003, 3.1213922766455258, 3.1121271465709732, 1.77088987707286, 2.425178597185178, 1.3151547421298837, 0.920049444990326, 1.8217868089844143, 1.8957256266853362, 2.961104463364507, 4.7218992447673385, -1.2171722696069676, 0.29574937302857696, 1.4402959216008921, 3.165602018404119, 3.7671459034755386, 2.6949595351629885, 0.9708520263800413, -0.4716826626744787, -1.2224199944345568, 2.2145505863136306, 2.202917196535848, 2.6765991228726724, 2.7812426686705756, 2.3367405192564537, 1.9130373638069547, 2.1848755959391424, 1.1290236031063918, 1.004650587180248, 1.5734910998108975, 1.153293795660911, 1.3974627986423667, 0.38380761142249026, 2.27991661417112, 1.781618131789014, 2.1221015243644796, 2.5688150934097944, 1.8967965757456322, -0.5126788488266332, -0.983514366851656, -1.8866153864501942, -1.8304457335244693, 1.9374543617105529, 2.027504703057896, 1.5654441138126762, 1.6747254411321857, 1.613832421307702, 0.24515781247462423, 1.8367050059123766, -0.050695613352806874, 1.7107227729761658, 0.47784606883601005, 0.9434752412458509, -1.466271990015094, -0.4871467060027561, 2.1071501520364624, 1.6320575313626935, 1.824147308896171, 1.775493692440654, 0.9013101175413974, -0.02699744395743967, -1.7870917410487261, -3.734254003955949, -2.648187539411159, 1.3173024664878852, 1.3766455097495152, 1.0009738753988393, 0.5132589458517614, 0.4221174407667131, 2.742782148940956, 1.4101622539584155, 1.7082463115529476, 2.4821187324404876, -1.0815727165866325, 2.2888850637370894, 1.4288802145360193, 2.3683160834951678, 2.0472764924862594, 1.7440388694128124, 2.1448221172845416, 1.4435171613322169, 0.2665473183474166, -1.5551461503171016, -0.6162986771603763, -1.7979801878491875, -1.5839486217815082, 1.2936409013760637, 2.605811700488282, 3.9074085722116143, 3.6364190033194452, 2.5981967205462535, 1.569294065739169, 3.545724910701844, 1.870917513567863, -1.8473306024135125, 1.1680579927342225, 1.7239339169312269, 2.591532967888665, 2.1817441820402066, 0.3661261147290307, 2.739694249848778, 1.6919528278241867, 0.852207661711926, -0.4727973688324239, -0.5004573425740827, -1.441932707724784, -1.9214234076398025, -1.8634414990461565]}]