script/wind50m.json
{"header": {"parameterCategory": 2, "parameterNumber": 3, "lo1": 3.000054539987559, "la1": 64.9999836372058, "dx": 0.5, "dy": 0.25, "nx": 34, "ny": 52, "refTime": "2026-01-18T22:00:00.000Z"}, "data":
[rows 25 to 49 of 52, columns 0 to 33 of 34]
11.384003407835966,12.26114851852279,11.411399330031022,12.155756207574747,11.175976302573005,5.063741727694277,4.261175055712936,0.9100284759032604,0.6738262717687155,-0.9084405029342936,-0.6048171105005701,-2.380274963224838,-1.9788458231106845,-0.1068206588737534,0.541839472144151,0.7239400474944727,0.8651875179669549,0.4354396861311037,0.41476274669839186,0.13562389425371896,1.6437421030217871,2.9884167456906527,3.3389486262673103,2.906311077276134,2.349600972451237,2.0472410467938067,3.208470441809906,2.9293407944855145,4.074928358764922,5.514489810938452,6.903966367370567,6.685610030483158,6.831365919738075,8.07032535706164
10.947206905939293,11.109786418842248,10.974451014518403,10.44010776281432,10.710022453947847,9.011860371037377,3.2712707021521785,1.549159405810733,0.038247553283137205,-1.7972143642772962,-1.7606871974287588,1.045397666461703,1.2992258454514751,1.81620098381586,2.828056766379699,2.870623864143377,2.096172782344324,1.0180051358218871,0.3035373514055753,0.9255618203660815,2.9481883926608288,1.439725671726049,3.0987887288228912,2.885286397685699,2.631270995638116,2.052027505067723,2.884784248687545,4.319786333604394,6.192499091921482,8.064948209928044,7.91308244746135,7.634317522300475,7.662596087701881,8.767711921336922
10.76749625493404,10.565051894584023,9.679106467192721,9.531266180926211,8.943409167840397,8.26483567820516,4.975772143989336,0.19837804306525425,2.1324522681542293,0.8025511632320578,2.3986759605438572,2.7099760830708868,3.919793018131521,4.358434855671699,4.512837355797737,4.47850101010504,3.7573330890432683,1.5355388057215344,1.3843751453314168,2.07031191826651,3.1419279767753947,3.8958329454154113,2.806124654963015,3.3864816937604174,3.1098238429335012,4.077058802934783,4.362169350999349,5.12764591544448,7.85225911304782,8.886642998451496,8.871229969747986,8.082142473586044,7.804245775068535,9.066987946294736
10.495663697325638,10.293054380231327,9.189292550332206,8.467435576216522,8.111476139021773,7.064991279272699,6.23920783581408,5.749339775827334,3.9700849898430004,2.875141940384246,2.6784665609836353,3.989508774118895,5.217637161450456,5.736411506588631,7.1894532503042745,7.085934129404038,6.359750420259848,2.9057272960709017,2.3957255120592627,3.115420595680247,3.663445700956013,2.9518799638705207,3.6891884925340097,3.0568865087843275,4.395830575557539,3.1022863646777585,4.022862890481382,4.60621141519338,8.653881689386017,9.224009603918285,8.775886711941384,6.945994509827032,8.137259093812075,9.991409651926608
9.763470511635141,9.582135462281984,8.830416740777904,7.93580826082674,7.459115739121088,6.727800698214191,6.373890783129897,5.232071071874988,4.698504426930479,5.089897800282868,4.60240923343876,5.3261977910274005,5.382237333613836,6.560653381755215,7.570780668571656,7.894087384287034,8.124082323994392,4.935606089786037,2.909622348064683,3.7904688065064884,4.375743466721136,3.863348845233758,3.673006027222009,3.404736908479199,5.164145650108063,4.613956398323084,4.374690137784335,4.952799125253589,8.541175835287984,9.591883007391393,9.098632613051132,5.3109688288517924,9.624105174836656,9.655579033994691
9.653360009583219,9.154533557066847,8.416244238276866,7.567267994485435,6.719805031179582,6.111093427978974,5.839181454367022,5.471619791847473,5.097774630185427,5.895466272793464,5.42483583485342,5.450024567786245,5.772234913002447,7.097376318659517,6.27924265899681,8.828208307076213,8.722051728807502,6.416377446390494,1.7084466866754435,2.0725813632170453,2.9243383047054436,3.1389408186202488,3.1810618363563217,2.891720808529755,1.9916551965251745,3.4155837061962444,3.5991704268666727,4.916445339409937,7.616706404399325,9.881674374952434,8.844821247041434,5.186806423813565,10.336965555635768,9.863196501699468
9.387798192005611,8.554783087811618,8.345669508716217,7.1616909828956805,6.4847463854338905,6.0581366729939425,5.760182306312729,5.570869141209357,5.4281101394804425,5.310345172495649,6.479129562550007,5.424615679369705,5.985446295510686,5.9481523566505565,6.780725164791801,7.980855065622953,6.862144857313672,7.027270002956739,3.0785731221740082,2.009824824738183,2.308146675474271,2.2976292941754313,2.691950272314137,3.0217500254346517,3.453365488790903,4.572928214595708,4.695306560777401,4.35516956455936,5.707523151014018,9.349823589595264,8.97038550020794,6.383693083859511,9.34578840816986,9.97613925724061
8.906345176471307,8.608796739819365,7.849028630798284,7.488679050673796,6.597342575501404,5.806435431424627,5.911440434050588,5.683318629471561,5.799863372795562,5.397202504566194,4.705301378082083,3.4914564606676217,4.3754256606432085,5.410425292912217,5.5173308871903055,8.767957086444003,8.993622059604744,8.383244935140194,5.328761209527114,1.3214844484312809,2.47565101595835,3.543398667720947,3.3653622352613524,2.6905628981614877,3.3783028052510833,4.038975381105057,4.507944728238126,4.34279226721817,8.512762623934734,9.550500694579247,9.959682407059484,9.545504123322349,9.300994843449958,9.760386568264185
8.313853608705134,8.381688353910818,7.782124910194433,7.452018585079472,6.882144940112385,6.293905854071185,6.011829116276837,6.0730242569147395,5.920665062726785,4.952551422698366,4.206230264288077,4.359762646575033,4.46684458583771,4.753365394210668,3.5867796969359844,8.734719631217862,8.447841109459937,7.336515011183121,6.292798610944516,4.228990955492397,2.34853782468903,3.567399710051426,2.966978222079789,2.8961046956165295,2.542792406820765,2.444423515023775,3.667699376056316,3.8315134167359393,7.8272767411048,8.907781782682626,9.405089918687638,9.335723731537614,9.152613558974407,9.655735922801759
7.9261803779364115,8.265611382507927,7.501495374513143,7.3781066438359995,7.1252522041775395,6.6444237139702755,6.361726833639059,6.148610787921638,6.360418026687178,5.173933640424692,3.426685226752742,3.0776403500634326,3.483897779750177,5.266963403019746,5.53823943810156,4.7351053249716415,9.117522058372819,8.900372122275481,7.5632396036554885,2.7110730181509646,2.33890336526525,1.8276703220661945,2.2620353966949778,2.0575285048173986,2.557268392031325,2.5498647487247643,3.825980674945153,6.286047355486036,8.496077478870921,8.974160003056415,8.987831141483722,8.978441566390417,8.863903898894538,9.12206632395812
7.680349299528792,7.740908887619184,7.269901002707625,7.376509911559059,7.132241123468069,6.785904962547511,6.635125287931816,6.324116436186142,6.9897786891522395,5.827017233645508,4.089155633794449,3.880525957840505,3.8859193160942023,3.632285906988054,5.229764965906402,5.628902730431611,8.412206656219217,6.455727601797443,5.469112817815485,3.6955570266601336,2.4123064258680857,2.3397889191121544,1.3790377284451278,1.3921116734786616,1.4163760939225079,2.7473512072838937,5.102936080511613,7.065664810530618,7.654511772620347,8.570775286090253,9.95539386941463,10.723217655944529,9.657761075422597,8.86205059632622
8.182600008688572,7.810852492124888,7.265062877312459,7.149274090118801,6.77677682641623,6.752380704803282,6.862416194945301,6.584953336692038,7.277768476952964,6.7260718081767985,4.195894915975848,2.961145981607361,2.28261979785981,3.2026248278810328,5.147743818505426,5.322678646658664,5.846312445038357,4.784418994398094,4.279079549628728,4.382740700326358,4.266704386725116,3.027406329835455,3.323430185602051,4.192327848736278,4.59948776396764,5.114177719737521,5.864641328949265,6.320997912332686,6.400152385094859,7.605172131759284,9.152411322411787,10.2890429888758,11.220255298389676,10.020890579307343
8.222474943848693,7.810013300832632,7.303644373605595,7.05440784482491,6.73443459987715,6.578939208611677,6.810108671436596,6.665129119882219,6.772561069990332,7.291861868903134,3.01332260809546,2.835839019432777,2.6502290265506483,3.7136339005697936,4.521845924860458,6.598268019554479,3.6181642456408625,3.688770746601567,6.027417477876002,4.60028626532018,3.563414647153022,4.6461283208023545,1.9223419059698603,6.235954274672332,5.720287278728944,6.154830050432652,5.997512685492506,5.973714932604066,5.894580021800733,6.711088665322044,9.116268558856772,10.823279877477402,10.711634237484764,9.606286203454152
7.913225184363243,7.384755124697399,7.3598985639762065,6.801926361390545,7.059104576638466,6.595870754696693,6.415387959475172,6.155620990306639,6.749078508302511,7.291650361359357,3.9557626335401457,2.4003455624198295,3.790144746521792,3.1399654300591524,3.5327060740316023,5.470181516577418,5.913000925898149,4.390762187762738,4.725037687532952,7.753245526028119,5.601472861223748,5.018121860012315,4.799043437866299,4.817834661310212,7.576969327570027,6.682405105841782,6.9095173222946356,6.1526076010048545,6.025290912604325,5.735630134718825,7.942946435950912,10.816001736633575,11.196794421704968,9.08110357839847
7.823802880742417,6.740725752049001,7.276227870124925,6.536676565487928,7.286670979171482,6.8264974103114335,6.299461901275432,5.8914698910369445,6.511316715820585,6.952585289198776,5.266559888522724,3.1148530986438754,2.612982752485919,3.7487983805667944,4.668163593830507,4.989070936973511,7.537852479697071,4.701084944510578,6.182758627778756,7.08505450094761,7.534924216923741,7.595149263472873,8.540757141983109,8.542014252873809,7.739691799844218,7.15327511190479,7.034466133837558,6.692603282406139,6.627701136994138,5.045406745617436,6.340086426792146,10.489838307860836,11.425758686932312,8.137685141265644
7.927550739570115,6.656445977507708,7.022690167678972,6.8305673204121256,6.868616299616077,6.5414253767518895,5.965475612679092,6.40225668463532,6.836554585028278,6.206896938180634,5.838115741992224,4.240699955621506,2.9764993887621514,4.754336532135796,7.643978082169129,5.000950094640488,4.542154488195315,5.908648513753726,6.1532235845126335,7.54261099590293,8.347084937741787,9.935909829232884,9.447420213013237,7.592087355075429,4.96261825855218,7.105827673559132,6.722078805756834,6.696225439671036,6.313755881050527,5.653652609340024,5.276694466743616,11.400327986386504,11.180711770080972,7.45524860910817
7.813632431678617,6.394312296581004,6.034422474344646,6.976138000367046,6.5676096986075505,6.239198390950353,6.0490040055820735,6.507333938257243,6.944619556337924,6.104732221216299,6.362528848567534,4.151584252641626,3.539627244331605,3.7790891964765527,7.040525929266078,6.638685407170449,7.478669496025681,5.302101359755071,5.809710523086723,8.510502412216747,8.440290311404214,9.089969519663981,8.948188789270056,7.82950370521192,7.484871010403599,8.23449787297074,6.900061158445359,7.1455453848199255,6.344105920905857,4.08460105765283,4.502395343537525,11.143540028597016,11.95707883698021,6.697195642090713
7.6025046623776795,7.935943722976029,6.342193278196145,6.811458306690601,6.711826383537421,6.291123182374412,6.06817238448534,6.561109174829949,7.247657612277169,6.450413709036544,7.067194264906831,3.2391751788810454,3.482392730303803,2.6121511457179905,3.607377588875208,5.825628745446485,5.7250868093753455,6.94061426558464,6.155678725740972,6.154788983591403,7.712056463753171,5.901754279708612,9.417941183696467,8.123519206020491,7.381449086517349,8.96669722292362,7.606961692167525,5.5321954593762825,6.191415207652084,7.133687300073147,8.409671149103833,6.243856537938963,10.586606110831335,5.280136876267821
8.437596614127617,7.998218839739422,6.7818935249058185,6.350912736955235,6.588890358963066,6.450538101063469,6.301779793290652,6.484615091519321,6.704882583344263,6.446446135790729,6.917479602159691,3.0075904174231214,2.2787298624439654,3.1642122979155434,4.564201814022596,5.541651347733838,5.719996802193907,4.236087620392417,4.714312057006164,4.697058664066859,5.543102500611112,6.7955716796417525,8.691033345493791,7.591341527780286,6.01973039786972,6.791344201076766,6.951488783942676,5.699206631830603,5.967083359441123,5.034783785068912,6.065865841870832,6.237735849883522,8.256323798377574,9.734164664826766
7.479577540187258,8.576701374385134,7.641180814432896,6.459660289743123,6.740218336624311,6.418396334394452,6.494565566454973,5.641576934421004,5.546882481717481,4.95387664418299,4.354376236483166,3.5192871377044046,3.476405591996989,3.496663953692082,4.834077398245169,5.18984558296623,5.456269223085396,3.9880528201716006,3.369646635864958,4.876556351273035,5.045015054783666,5.7133165955371785,6.064378897459623,6.27736451269261,5.55584200548996,5.8280314866724945,5.316273336693628,6.083422760771865,5.2610299019406614,3.472811982632746,3.5204087366395265,5.4734964792508505,5.286668591056623,8.266874450480104
7.693366645478358,7.061050289980216,6.812732282396717,6.607464159229192,6.8212270080080595,5.949640713852002,6.01832632534401,4.959680829532253,3.5725510808922682,3.891663178205695,2.7079693848164506,2.267218359884542,2.7855299192760024,4.042640840879528,3.975032402066584,4.988387292677072,5.963337118192067,5.32543614099778,3.9015362964501272,5.008589978133742,5.296957430723814,4.344707348240053,5.113464431390556,6.682991865311918,4.1444872142137354,5.460329693699641,7.04231151141048,4.950397123763586,2.8029346665829467,3.7757768721386133,3.8975484081931473,4.621480490359838,6.945765541487057,5.543847631271462
7.032179042594774,6.31278914735432,6.054237769695593,6.3568590018916495,5.638935889552276,4.295020089541467,4.580285695678452,4.157704198811082,2.649745162316114,2.3995244661675046,2.9615799885963034,2.3787460592888503,2.9177474723129593,2.8529388366428385,4.405316613812114,5.3274812849026505,4.953052210967623,5.20971250207138,5.407145421631702,4.839448535753316,3.3170867189971713,5.765905019494482,4.327199186830962,5.739667071694106,4.950454800960453,5.707900577226688,4.232952184410575,2.8894857250116086,3.4683833505435016,3.3992138852933547,3.7739728434500854,3.5659598044272744,5.850643620079706,6.190646108300271
7.295619083389344,6.745679431062161,5.926684535479328,6.2328070711955945,4.605225702711377,3.252239597200201,2.5474071437635843,2.350471303499115,2.054179788420639,2.334787425858251,2.440855084359031,3.2057144022813775,3.902118918445864,4.357095938197872,4.814655022982636,4.6562949615265055,3.5814358957810994,4.059262210599915,4.586716979021651,4.580117158480424,3.2977128677776,3.9470452735332024,4.016019941784455,2.2504012694765434,4.064406227880933,2.0273184337095826,1.511433501185505,2.158962182804697,2.1427351186616717,3.4183196032378835,2.639908742681568,5.859082271292965,5.522165285951339,5.626652165695054
7.490543384314813,6.338737544706683,5.901496731420555,5.997650270304917,5.729700957230779,3.0158046184144065,2.2522707258711625,1.731985807310057,1.7423529249181688,2.349678588796336,2.4897507669200767,2.733724905193563,4.501648208295584,4.8768990643537595,3.179289027099121,3.1456720705360177,3.6566206047929217,3.262716491180792,4.035849019933315,3.1838275408327896,2.701593850428252,3.1331571219147127,4.25196927354546,3.0962891366416536,3.3772173036394304,2.6154089480372513,2.0995857986186937,0.3659549635792748,2.753379742222453,3.3137817409967236,3.680607553047038,3.2550110696674532,5.595726193307303,4.891304775968677
7.449945844857369,7.022901767334228,5.3899803399029595,3.627910181574057,2.7546080139041433,2.9220785756507297,2.1188481128885477,1.6697817112135604,2.069598859567898,1.9945245088586367,2.5304565200756253,3.1642006345380005,2.790650060554014,2.7346808696854352,3.457944415325196,3.8867580876247034,3.4821877655513496,3.1367390872999503,2.59856652694239,1.1572901026767726,3.090679978489843,3.1565474236593043,3.227059776972765,2.5223041612729187,3.3342828634263357,1.193885596262551,2.2009540646338617,1.7897942318012774,2.5726464169680288,3.2929970329220675,3.836335569281549,4.686867275776352,2.810955382879762,3.7047300568869876
