script/wind150m.json
{"header": {"parameterCategory": 2, "parameterNumber": 2, "lo1": 6.000198445256149, "la1": 58.999992894266676, "dx": 0.5, "dy": 0.25, "nx": 22, "ny": 24, "refTime": "2024-02-27T13:00:00.000Z"}, "data":
[rows 0 to 23 of 24, columns 0 to 21 of 22]
-1.4344444949992978,2.819079804918072,1.9696642188017592,-1.2406763604820878,-1.0233195014918226,1.0938868473733254,-1.4100705732534118,-1.4899042551000385,1.5787739440079613,2.874650177036734,0.46667331740507245,2.1047375249224403,3.3999303146854167,1.5861399441062312,0.5453892058361158,2.870093423963021,2.426763533583156,1.6067395564344213,-0.08930708732212907,6.126815709287339,2.086493539244835,-3.7147328488385756
-1.1288424624105204,-0.24339942321415542,3.8719109738487707,-1.5860083858616698,-0.932679042753148,-1.6425765988571552,-2.569497605670511,1.3243135307624974,-0.8546514395967848,-2.1383857337096552,0.04814620094703779,-2.204484211147337,-0.001657550616875009,1.4310900564396847,-3.6644933874454,-0.37717492568829875,1.3807347154482956,4.5303168135551415,-1.8169602502706115,3.312265985831309,-1.29219938575832,0.004674664499313565
3.050520609997405,3.697002183539547,-1.5435838328383524,-0.7777145927171192,3.041438246710612,-1.297096142249061,0.8217404620234577,0.482902133050365,2.008818361917289,0.3323291897994744,2.923498728495732,-1.0227653226298261,1.7989615751548902,2.1528086186928954,-0.3905662099787035,0.46947005489511634,0.6649797663461203,3.200200156352709,2.209065447049169,2.034961121104385,-1.085530826853615,2.123801157265112
-2.4261453634960124,1.571090442311774,-0.35187334707983786,3.4519564296929057,3.148167477396768,-1.6735412797713478,1.6856879882529154,-4.950944039985714,-0.2547097723972866,-1.3516672871795912,-0.19324189390470964,-4.645104694551333,-1.8502953808996618,-2.403517748092889,3.8701404062692273,3.1736766249464923,-0.9492423444972942,3.596324914699746,2.7166167239713763,2.667472553220282,2.1993414760650727,-1.4056588972389652
-0.10818123594061166,-1.4328756164641046,1.3677397139134049,0.1250862480769322,-0.3002549261633234,-1.3266044485968895,1.6591426124588327,2.0595503401142756,-4.222441241532653,2.844811197653407,0.9110866105291633,4.03539417875839,0.14700961338338744,-1.9351978077644434,1.3883682281786094,-1.8191802195847921,2.0030020622977194,2.15230557224732,2.924602238949709,-0.2171787460383643,-1.2425708390238694,-0.5632038172539057
0.46820369174713355,-1.1923565636861757,-1.8271363935421998,-1.0142710634939995,2.224364254928715,-1.3387117310060497,4.0757030390670606,0.03708803868813707,1.8811524074105885,1.6718994609453963,1.0101774746473948,3.1572376249941816,2.1271381149725275,-4.761370432754941,2.080644645317298,-7.053804649730614,-5.5067608358727735,3.2001529044959622,-1.5687158997523756,-0.7159622990567698,-1.2315781812493232,-2.8495880655557015
-0.8177826507960797,-0.47322717613437637,3.432905521284001,-0.5301786433347339,1.7182606315770628,-3.4667994909000757,-1.5108799229382557,-1.4129878737065118,2.8063332572846016,2.057877135608179,-1.1921838698869438,0.9943061481093727,3.5104527301138324,-1.0449867251438218,3.030766363525604,2.1262509227913697,2.131205930051854,0.3284203747693453,-0.19999458029760078,3.5852574956400987,-1.3964870125210598,3.2206035719096264
-1.5183615390997935,-1.658771441580113,-0.8025330425357035,-0.15703594903644127,-1.9880172496507285,2.641106057385412,-1.0455729956683704,4.1267033047042245,0.26093100898883836,2.016774276924965,3.6176149329782916,0.40955006619771595,-1.1590361235169648,3.377316964352053,2.9786901539395094,2.913741795240662,1.7729999351733736,0.4340617032069463,-1.1788027186222836,0.5073579800358344,-1.6752346709815846,0.956556562130168
0.5599747029015152,-1.815666882699589,3.4551569580520183,-2.508642300816734,-3.4155097036255286,1.49206314592075,3.3246577049495283,3.9412001225577047,-0.496532357044175,-0.6468834659221273,-1.5241872715581124,3.892611058415776,-0.275085373314785,1.2994415404682482,1.303418919496974,3.091426590502755,0.6745346109135467,1.378254682330326,3.7904074303599185,1.1968516503816913,0.3893978609653947,0.2047718194331635
1.4407974456095056,-0.9650676345704153,0.2974766809636363,3.6550457546820834,0.5593664420366113,1.4427295413801122,1.2734784751246382,-1.8004176906923848,-3.949558649381805,-6.895529661875882,1.2439322366577517,-0.6880942441045306,0.27030510045231293,2.3046052324333153,-1.62391499854932,-0.8174231653846594,1.9417285974797316,3.3625121376351528,-2.825644718817275,1.846285436449042,0.15604010407214347,-1.6383226203892378
-0.46042330833732464,-1.808384608215132,3.340694993080301,3.6905454499243464,1.016687260182422,-0.7242350070684397,-0.9551920437670932,-1.5472301293644806,2.8821450612357227,-2.7237373153624334,3.0212534037624783,3.1695322117588023,1.671490175855942,0.9402865533875754,4.7163913478480906,-0.03639396403919064,-1.3184110345707463,-3.5869157335229453,-0.1376674772142725,3.9647031059159485,3.659317046010413,2.019635997151891
-1.5687166022215473,2.6011939924575302,0.5940390039838859,-0.5701768782804396,-1.4157284281125186,2.7037909681913788,0.23537826718322424,-3.8960937150095294,-0.32441797384385984,5.058150991478302,4.501420990996279,1.4542523615463427,-0.550143411349978,-1.2392649022403386,0.8173514370249398,0.0894305004711763,3.318674960126267,-3.95831557838676,2.1793285057854925,3.7704598086386087,2.891071665363773,-1.7766211975003268
-3.5946458231903256,-1.0094487607060083,1.1273581852987076,2.764717158585127,-2.6031537246834833,5.175300645148817,3.124661861383839,3.514794360816609,2.8968339965936805,2.757558321820728,-2.31802399575774,-0.534074146518847,0.0577931285596322,1.089235890081922,3.8219582514818953,-0.9345162042085171,4.244616160104639,3.3687983234776433,2.694181553474038,2.1115497642724326,-1.2892602035785081,1.3864166272033924
2.736345057052462,6.129003544693552,3.0129736225743255,1.758181534876947,0.16907795654200558,0.38478229383323975,-1.5134832205144821,3.178943541091726,-0.6648694649356546,5.353738781506238,0.16562899162355713,-2.140202947896462,-1.791345412604166,3.872094652764026,2.3973636458441083,-1.7204714979959264,4.44755407906193,2.023028816846709,-0.22485109279518078,1.7171823125596444,-1.2668272423029994,-4.244286170069823
-5.301120202739028,0.7041994618149741,-1.1233857599598602,-4.113064571147166,1.7958794016706257,0.8641488314388116,1.7826102035740843,3.124045607231245,-0.1225755747903933,-4.036991059947805,8.479876354757048,3.6499669806624158,2.2554175054573453,0.8343412604114834,-0.38647349364278016,-1.274836855606428,0.16010966699560475,-2.4378008053841094,0.3044679940268389,2.048282250406618,5.014458546318058,-7.523289085041748
3.637927490960495,-1.3772338036285998,2.3554266321361874,4.58522940476312,-0.17925559027419435,-3.2405618607697684,1.1722451599445292,2.9791128928487387,-1.0456364663964453,0.5348592080771469,-1.5501362580241755,-0.9541239156524933,1.3905056875034993,1.7988230805440273,3.22591472445998,-2.1069202085597896,-1.943468550300743,2.9852412414090517,-4.723342593060991,-0.19788050942419616,-0.2837458803265603,-0.7310342482509643
-0.7672923879632182,-2.634254704662042,-1.93644231811736,2.3433735383527243,-0.7094464523564233,1.6575872664573879,1.8696711499249283,0.5106633098073023,-1.408314412582132,-4.0117283246479225,1.5148364366489873,-0.7709211891167067,-2.427109393281281,0.2858795616114994,-2.8353107486795075,0.3685820062972643,0.37900528017179136,-1.1157280698844259,0.2983840717430124,4.920441263827281,1.1092008405740068,0.11004232989249184
-0.8497684854694002,-3.423985338456318,3.344747692150697,-1.6683595249531094,1.6135855249928086,-4.4992891526625005,-1.116757924559851,2.5425517404553437,3.019866207896289,2.0018138468525546,3.358948050698321,0.04321273911323027,3.3297235352204826,-0.9672214028823253,-1.1886089347627102,-1.5538867926396074,2.8057232076464445,1.7313464873883877,-3.265105743706382,0.6286820448163462,1.4545662014733907,5.21131797268099
-0.3160206258433811,-1.443031142480945,-1.2475769674069197,-1.256822254837223,-1.5287741961191992,-1.49178413655403,2.540409146781623,-2.057065262678005,7.968346577481435,1.8687567127176,3.066468693368509,-1.3828324732200916,2.0130876143169676,3.0264141705894008,-1.0326743692855966,0.9949526680906998,3.329538529011783,2.8450270781313955,3.5887133915222074,-1.234849299325007,0.6468451153532642,-0.03163455009776823
-0.6356311593515097,1.2387435025748121,-1.4282218873712158,-0.8385504875315585,-0.3483589520376845,1.375679602236064,1.8666702851614236,-1.4552237004010007,-4.979783476082891,-5.8572289851586365,-4.510734338945597,1.0795535392963294,2.19348975522655,-0.8675177237876491,-0.44242395157446285,1.8114022214034242,-1.3736901456722101,3.2271363377839966,-1.7360482056196793,-1.991138689489231,-1.3347568673336445,2.6312750914970775
-0.20779655684849166,3.5295192939230033,-0.1562756535047898,-3.013435098877125,-0.6964609039210963,1.793896681805062,1.5447488682426835,3.393526065500929,-1.3486246102379382,3.246772199498565,-0.14780070146232496,1.8018388497863034,3.1021431955173453,1.6495516837544968,-1.1640265763220423,4.50719308413788,2.978002525728648,-3.2510563417426512,-0.12653520016238798,1.4970824412420196,-3.1177938277939687,-0.0757552019915958
2.8574635269642616,-5.448257152246125,-1.1001336766467285,2.2234664312788612,-4.066213116984271,-0.24218794633345722,3.110690799645119,-4.656899735375196,2.2501110979486887,-1.316438163720674,1.6670305423952674,2.551672243331417,-0.9436521738621161,-1.8175201024776653,4.868828895717858,1.5938009061792644,3.9516048124620973,2.134205857697737,-0.6923031214168478,2.781870445400287,5.187717210365248,-1.8698772355065334
-0.20627167891885642,0.8107923907000533,4.142887900034195,-3.0758138669471733,3.1296890484550444,4.756049939027289,-0.9849943255747367,-0.9192537686694564,-3.454376267250166,4.223108752055453,-1.2580983080221724,2.465057619849047,3.105310818951042,-0.4963842724925068,1.6632312453170608,-0.5308530714688392,-0.659809957168889,-1.3469439965176033,2.9970925527153485,2.0568277919004276,4.365463495211123,1.9088263649346566
-1.1312150007735184,1.2245921970618046,-0.6550250801423175,-1.1536672919524744,1.9567306444030022,2.6766491629860654,1.7155709897205824,3.575003049404802,-0.43787781585016544,-4.3842749597453015,-4.019117001583293,-0.09732523291344239,1.34908294444945,4.324609397350535,-3.637292277878984,3.230402133110091,-2.599397532923436,1.7424418407745086,-1.6770894704460668,-1.370894307026612,1.3718042508613062,2.3505588907184203
