script/wind100m.json
{"header": {"parameterCategory": 2, "parameterNumber": 3, "lo1": 3.000054539987559, "la1": 64.9999836372058, "dx": 0.5, "dy": 0.25, "nx": 34, "ny": 52, "refTime": "2025-12-30T00:00:00.000Z"}, "data":
[rows 0 to 23 of 52, columns 0 to 33 of 34]
-10.904756127490796,-11.586721437843357,-12.075894820235108,-12.610743558292633,-13.042430027562526,-12.227587273080967,-13.283152871450582,-13.215534129494127,-13.213362342289168,-13.779802375023667,-13.69514315782069,-13.825206247627529,-13.944542819760166,-14.282080931210906,-13.9419494642386,-15.707382106834551,-14.834960976592964,-13.714768276150021,-4.790529640965481,-4.226469446988999,-10.157398114579756,-7.743277595682318,-8.291311715445701,-11.369078744306837,-8.09166621566033,-10.158628721032269,-7.453314869509552,-7.998589420480566,-6.2913248253272975,-6.339819782226745,-7.716773341616988,-6.35007480286825,-8.229383862165156,-7.183417929290134
-11.213830046801567,-11.550636923956207,-10.713865513367068,-11.154792029525485,-12.372651586481984,-12.554509179804974,-13.133395685131791,-13.495078651574904,-14.031084412811337,-14.075821243602762,-13.522816647489863,-13.901732379798185,-14.50059277558778,-14.441064947107595,-15.394562152970119,-14.790654954254903,-14.944449773198345,-12.0612401713774,-3.128541305080037,-7.105443644109053,-5.121206088904787,-6.689636800656247,-8.950158715369435,-8.585033852389579,-8.06584011909453,-9.510184088683772,-6.179739838810145,-7.963223288684939,-8.291956052184942,-8.517082840530371,-7.246759169323762,-7.4939902198234565,-6.699939575809514,-9.282369741812584
-10.141390541632305,-12.542586967830854,-12.008189255223042,-12.147356890337266,-12.407354334107383,-13.960158784478732,-13.555311863615373,-12.480258768643457,-13.780813396641676,-14.48280152183433,-14.310792755748809,-14.905479128318314,-14.791775844505587,-15.065154929889404,-14.957250362258991,-15.012463280638109,-12.874952224615553,-2.2223842903461715,-3.4651938835495266,-3.899354111005694,-7.098900335457343,-8.598179880276485,-5.146028680258839,-11.104310216415671,-8.318832603543495,-5.984260876491322,-7.43850422617015,-7.94251708839776,-8.775177479801355,-8.688288835933907,-10.351613059996419,-8.880413959415504,-7.838996949319742,-8.1299497246243
-10.846482386289042,-11.941243607175686,-12.379811089088165,-13.68727576508822,-12.50470186419797,-14.415740599314331,-13.348102399120123,-14.003587817844545,-14.528561651498178,-14.179258926431352,-15.681904521396653,-14.650995379510153,-14.884239018801328,-13.877188523826302,-14.958613821061682,-13.441814370221122,-9.161177939686684,-4.180543891879611,-5.7986317973405095,-1.2558395926570947,-6.60477658105618,-8.417768724291056,-11.155843771452593,-6.709027196035564,-2.7995353046131584,-5.884549193022253,-7.656919510892371,-7.976597512175338,-7.190602714753557,-7.982815117941796,-9.325598016230934,-9.383290340188543,-9.875789017050147,-8.891523398371753
-11.311604985815515,-11.320531431418589,-9.60135091537194,-11.921755329459982,-12.215748984937504,-13.66035580966725,-13.179302793085723,-14.813257787911152,-13.365551462973514,-13.335589853620284,-14.436846496789965,-14.618468148649313,-14.836224125631313,-14.667315600372756,-14.397208760933495,-11.613804258064858,-11.954246671333737,-1.0397219584712287,-6.6343812841641885,-7.72835608564745,-8.72647816095158,-10.240703238729552,-6.6477496533492975,-10.995520367224447,-8.030250801297672,-6.366112574983631,-7.557792777934761,-6.9535046460556265,-8.481770574929794,-6.983012640291185,-7.021889904815846,-9.755216583261708,-10.318187921876778,-10.127867091006413
-10.795072026682359,-11.01861008653279,-11.676642623467552,-11.650080111602428,-12.209866570080226,-12.903893219842557,-12.277849574709142,-13.223553257059313,-14.314631742769945,-13.355264447903163,-13.839596888549464,-13.095359721628446,-14.48191332749459,-15.096358561938597,-11.951150031007206,-9.074267446011504,-6.979431075322313,-2.167433971645448,-2.7075492224831934,-2.9002465949917475,-6.716490533248099,-8.814139658702342,-9.327578011240599,-7.567498312817317,-5.926409622043476,-8.791965174660238,-8.262287779698056,-7.95388197859538,-7.760505989839641,-9.93375336578434,-9.303631133050061,-8.628237581290756,-9.796521704935408,-11.552817022553388
-11.677315995346794,-11.939566219868738,-12.579550588416597,-12.736050420422046,-11.36095435418492,-12.190184696940095,-14.55248855982244,-14.510835801047586,-14.499151533484769,-13.513930958927425,-14.592587214003316,-14.504992554964982,-11.62036626703051,-11.703217461602417,-8.501423583133391,-6.956164632684997,-3.3733908438426927,-1.2545654195172506,-4.918005829139588,-6.402373860479521,-3.915779716014093,-5.76420131573145,-7.477838555195125,-8.315384619413523,-7.700040963905574,-7.044313123213075,-9.498737046212879,-8.666398528684281,-8.635778118145023,-9.496780325298273,-9.240154635420966,-9.220577017776977,-10.450652578152088,-11.470904719864714
-12.345275011736799,-13.047795683540235,-12.74237713411429,-13.849983279821794,-12.42617902902842,-12.731037639669804,-14.56994711829041,-15.325960641431127,-16.122319477114633,-12.877092841632768,-9.81243701564638,-9.66393543308721,-6.994949459994896,-11.710080866558178,-5.974761051939582,-2.8007192492321646,-2.499424994262343,-5.956659405338818,-5.649589303813634,-4.270429815134771,-6.8268478139672215,-5.973837710690789,-7.740517017940547,-6.977688688379518,-7.330083342620872,-8.389228784817544,-9.120203274061302,-9.717841217995517,-9.167837840399928,-9.60667730368534,-9.750193665193043,-9.231196952664684,-9.11738627294343,-15.95093004108497
-10.720853587225253,-12.950476597734625,-14.491940347856534,-13.683946443579567,-12.392236305197553,-14.276596973659021,-13.983960985796108,-12.284438348157833,-14.367612348661197,-10.478622305813339,-9.819952474862278,-3.4059789812791523,-5.312157372912496,-5.396266714281044,-7.051051995063543,-7.522811978835481,-7.437112577890603,-6.212450899538166,-7.628004538091327,-9.983021517330881,-11.341277922249088,-11.223894711738858,-9.179921934212793,-7.993889753414669,-6.964757670488699,-6.785691900400022,-7.910109815778685,-8.297966659416812,-9.879393695813452,-7.710684118315237,-8.432717680643268,-10.592091554167256,-15.40964037224022,-17.42174753000045
-13.151177124878032,-13.17901195384089,-12.851303432403705,-12.829565184493976,-14.355317026793493,-13.369438670295553,-14.292374469791254,-13.807816243041412,-10.800339618545204,-4.450902332023707,-4.3261496230211876,-7.216441220199596,-9.63205338456456,-11.053219296927379,-5.072949750685553,-11.378969951441988,-8.726427171832677,-9.727492937811272,-12.170508092246532,-10.430564224300182,-10.97647997822414,-7.599187327247993,-8.026394532304096,-7.3775796044956605,-6.29479446784107,-8.00072320904224,-8.783974285832995,-9.701829066325764,-9.236616192820865,-10.288089275995628,-10.231698972215725,-13.572516124200025,-17.153900221736436,-18.495161288407992
-13.776375753840263,-13.728105100975526,-15.110456466557112,-13.897700694730553,-13.458403583131036,-14.400448592702995,-12.720153867840885,-10.18866552674474,-11.215423424060338,-4.1150673006712575,-9.964379975751505,-12.756993472246222,-5.016419962266737,-10.743006772916656,-11.729646736821014,-14.099896992307968,-8.627300590199397,-8.42493261302372,-12.585067294872493,-9.392475434574255,-10.63965360149458,-10.837593731084347,-9.368243554862776,-6.559999528756284,-9.1430909885186,-9.354680673508568,-7.615649454356613,-9.700470057793533,-8.31889269596981,-10.282146273527315,-12.833332418117728,-15.71181381866359,-17.972385781643155,-18.74312978718985
-13.868328936039381,-13.852717660910582,-13.67789145621651,-13.414805317604527,-13.867593852690138,-13.18537967988122,-12.232190501203913,-8.21509754535313,-6.210533765259026,-5.062162926760006,-7.557613605510497,-12.968580140312419,-12.751520497833464,-12.860427269154513,-13.447094523857684,-10.861638206811847,-10.855112513894978,-13.841370568869253,-11.022416749349098,-10.625148347822252,-9.578346316481412,-9.605710960023522,-7.566816854077897,-9.144504159093664,-9.46315541931442,-8.723090730906945,-9.281508517603605,-9.249969570777811,-8.90711636120048,-9.675302261471776,-15.256493711344508,-17.434713783438013,-18.392237243271733,-19.243585446228305
-14.59180919074508,-13.559793902576017,-13.718149990400523,-14.276136869126052,-14.74804286038731,-8.017991056264341,-7.486640632282486,-9.177030732296036,-9.824583152753048,-8.474708784063138,-13.706480043971702,-14.08662770603764,-10.726620750104477,-15.336094195705577,-8.163778841317173,-11.719407459982742,-11.630203282691003,-9.085418837441232,-11.565726005439144,-11.95342016747472,-10.965349904235271,-9.586570120386757,-9.193358393358142,-9.160993739120974,-8.685698191125502,-9.265772683967533,-9.395117251476593,-9.867260131910445,-9.752193320931582,-13.25754058043268,-16.822234324049152,-18.24840123035819,-18.978339987574902,-19.2960272183273
-13.285089898752638,-13.301126192718806,-14.354041297116527,-13.058791294121304,-7.341751013965133,-13.392334899753225,-7.276968487844079,-4.195521545767828,-6.86712041924607,-14.716890262834392,-12.942213457228569,-8.501026411333005,-7.308499580415501,-7.156378408569844,-17.24978257118136,-11.894097826308046,-11.206346604342636,-7.646472767860858,-11.705034033189582,-10.092810621313983,-10.184538491557515,-11.418879460932992,-9.369818958528642,-9.621304291473539,-8.599457837994992,-10.652863992477556,-9.218280682323737,-8.586227375852241,-10.166873997806661,-14.242283473948609,-16.932775985688014,-18.522390012650252,-18.87308782649762,-19.41098742814708
-13.862839297844815,-14.016120675179339,-12.666219116957041,-12.434429335265289,-6.991530102432225,-4.979187735575179,-5.036675676625224,-7.730949662811085,-9.805486731201023,-18.33208273210351,-13.398314918264342,-18.853603044044895,-15.542429663494167,-9.642963342200755,-9.548314117296563,-13.595003388706258,-9.90567646543739,-9.440814992474191,-10.254657972047339,-11.634512011006413,-10.541560998030743,-9.310081844808128,-10.281700531261631,-10.052803896440924,-9.974116049365213,-9.824049890473475,-10.449895893147612,-9.696204480980137,-10.308944816252271,-13.273910827183236,-17.778660847588636,-18.788186521398856,-19.013910491841106,-19.941817286626833
-13.79420068300093,-13.670769550092155,-13.403847541633018,-13.611075728860348,-7.63273129411065,-4.403486410767771,-9.07425699472741,-3.8678946710394397,-5.88966949189391,-11.344254002085266,-8.161801758702428,-15.534576877541683,-11.111048260766283,-14.761584122094604,-6.4880430506544515,-11.129760431027222,-11.212473787300622,-7.6472209443608365,-8.438947477435102,-11.470411115364044,-10.898574984265254,-10.945015874920218,-7.795083964315816,-9.579410281525822,-9.419400402933158,-10.26772266756019,-8.951398069188285,-9.660338650582737,-9.079018278033542,-15.502068759563032,-18.052086081670158,-18.99736891635189,-19.09591412871465,-20.219158279087925
-13.360090667608974,-11.74777400324274,-13.97422723455046,-9.40334391088163,-8.614703949547966,-4.756611338315136,-11.88825722632537,-6.359740050137165,-8.91195235703332,-12.309694558575494,-12.603328627138799,-14.54128038594098,-4.0698667925725776,-5.20071330804919,-4.107480030473372,-4.1046950957386485,-8.912563597921077,-7.7380542938894505,-10.105731562852737,-8.024230697827429,-10.100922724492666,-12.013546927655515,-9.631922755838895,-8.80627904913742,-9.863871041773084,-9.325638132545004,-10.470623260614639,-9.97341148353254,-9.53492009189356,-15.216763062759208,-17.872422448914197,-18.916968889629278,-19.31529330009414,-19.87520953127778
-13.854907330020527,-12.991348381903215,-12.050995170138666,-10.761127440734182,-7.125061844747334,-10.293375169307698,-11.297688791711462,-5.548191330124125,-13.152583313641353,-12.941098089307552,-13.153724126697384,-13.444348346714492,-7.20162948730615,-7.786033308521077,-6.826833677345515,-6.069641028891739,-6.68709424171132,-8.426055375928556,-8.113463325877976,-8.055328006069699,-9.658041775486662,-9.232396983418482,-10.023724949470724,-9.521397555629516,-9.475644978578412,-9.81249684759886,-8.981604485980585,-9.797624043702214,-10.012187183405851,-14.951403387380733,-17.589757663091966,-18.858636742680396,-19.08643050966339,-19.88365571906998
-13.760506738678954,-13.73375464506028,-13.011945096086043,-13.300620967696698,-8.239594695416114,-2.0384287019904264,-12.061311018928876,-10.84603014618666,-1.407936967005624,-16.336658650460752,-12.442764975131903,-7.535170995597915,-4.353918709927302,-6.370980842402851,-6.471303839856683,-6.388326622874372,-7.416425484871832,-7.235840394929094,-6.8161968579591425,-6.750912718580805,-9.640530598424961,-9.966296953264763,-8.241800733155515,-9.209040015664156,-9.269102315221287,-9.657452690723165,-9.660480211148451,-8.72690331309122,-9.552933872865564,-8.817754257793133,-12.934331113435634,-18.827878778681107,-19.018423590544664,-20.306922838543677
-12.46614091230466,-12.433878578755914,-14.675813944252845,-13.688554688685446,-8.796922306488192,-4.484535163431864,-1.2437407048833513,-16.420239701000867,-8.252066179158486,-10.166720928724397,-8.73865346525773,-10.808605974189634,-4.011518098952938,-12.06492093894402,-4.309619322456657,-7.313207436662148,-9.249194638946996,-9.316602823632282,-8.312991960373683,-8.54586845338897,-9.382563793928123,-8.411065034644082,-9.044525629581363,-9.513784842224693,-9.726389946232803,-9.145750235512006,-8.627236285280038,-7.683512652580118,-8.506065913340581,-9.242903783320532,-10.867108296233821,-12.68772232630283,-20.230410295920407,-19.013663728838935
-12.863957533133519,-13.828801408169829,-13.279151813369905,-14.446706691047826,-12.350231866718355,-7.903294716174582,-6.606471350999411,-10.738932462322866,-13.240227008703858,-10.019897825625932,-10.038446597435447,-8.693837313324913,-7.734232473212995,-7.518240805397139,-5.040575727077387,-9.252796302796728,-9.508804497610763,-8.544973003299463,-10.343783372721788,-9.15161523152125,-8.595042931746903,-8.549062144771067,-8.39157088328187,-9.06373206834855,-9.7168199106634,-7.710828091803845,-9.483631061488664,-6.910712425856811,-7.1598055061579675,-8.063727113483418,-10.067675186765277,-10.442264796312351,-21.563730519381103,-21.178681163538887
-13.770569780680734,-13.88441242450501,-13.669991189806733,-12.619299333332398,-15.28054041576392,-6.043251706034156,-0.6178734218454582,-13.131202183829641,-11.762246654080895,-5.116916107524212,-14.154083224281935,-13.119927624972053,-6.553098211891968,-7.658263962312291,-3.022660627188806,-10.66971707304928,-7.600261934401272,-7.361783816073235,-7.37157538043216,-8.3385252612582,-10.329602255935383,-8.040992828134986,-8.688256727630076,-6.955998199453176,-7.929006471423782,-8.790269573397811,-6.811271802893602,-8.40757098042821,-7.968016229138335,-9.354345886589053,-8.370136435401976,-9.00378561626053,-11.172904300791831,-22.6705776020062
-12.912201675954384,-13.268432620554805,-15.167680056678932,-13.634445918436702,-16.028160331391664,-6.020583356361276,-3.5639092058264485,-2.9762585220052467,-13.60443204832912,-8.952686924899991,-3.7414124327989167,-7.320291179992319,-11.651432343128521,-6.952924885405611,-10.601905547455312,-9.935907618222258,-6.9798937334996385,-7.6400092739374585,-9.167044654306057,-10.753075510423063,-7.815076650428832,-9.183683253065187,-6.8213117966086525,-7.37120527208104,-6.93409081259623,-7.090158347635833,-8.450531600047686,-7.959488768041871,-9.205095643193706,-7.454181030043759,-8.631910745916866,-9.3717006039784,-11.012195437649288,-23.473244311720208
-13.494838597456045,-13.907296294433701,-14.34809235959187,-12.996748630393782,-15.323961264837507,-6.256767643868522,-6.59523436392693,-6.845641973634301,-6.745270948043595,-3.4162098560839738,-6.92937145414559,-5.459115571773449,-7.830448630533307,-7.234515505721024,-9.187162214955372,-9.11784602318331,-8.491194919248118,-8.32019284897357,-9.198399972536636,-9.421843475387625,-9.826160392244976,-7.503982098829484,-8.223605694670365,-6.424373385192299,-8.85098707401256,-7.691774377149047,-6.077409864182358,-6.667446341548314,-7.758292136969551,-8.644569137579703,-6.913048338725166,-9.081065004266502,-14.01439070718459,-14.128480722913208
