script/wind10m.json
{"header": {"parameterCategory": 2, "parameterNumber": 3, "lo1": 3.000054539987559, "la1": 64.9999836372058, "dx": 0.5, "dy": 0.25, "nx": 34, "ny": 52, "refTime": "2026-01-03T21:00:00.000Z"}, "data":
[rows 24 to 47 of 52, columns 0 to 33 of 34]
-6.579973952505273,-6.7803017631992475,-6.816101342574983,-6.17469495565504,-5.4394843087700835,-5.379513136711832,-1.4551504701394953,-1.519487545794938,-3.233565790064142,-2.434351119582873,-3.4919539972048628,-2.3842043334864678,-2.995380345459684,-3.072287112839549,-4.837752560670899,-11.612524453627962,-6.034185385647663,-2.8969933607377336,-3.13018705389235,-3.418756677986335,-7.783246539151433,-10.471146336216869,-3.2886809154150085,-2.4192162316013612,-3.5935105609431264,-3.945058255408266,-3.5445524897634226,-4.730444835728241,-3.7246914103309625,-4.118016332038,-2.605004023103601,-0.6662405789801855,0.9773551233254614,1.0026764120368215
-7.415906758865183,-7.555876102447463,-7.85317473518875,-6.959191128548293,-7.126885100291333,-2.7220855198041236,0.19291063757856536,-2.108421304315444,-2.123447907775516,-2.0557982494546647,-2.7899079981374033,-1.4110522407276447,-2.936947417166925,-8.740787110180067,-10.948529177753507,-10.744834958764667,-8.89996436302856,-3.124608376643329,-3.3772657180424854,-4.13255876380036,-10.304193939124444,-10.525526696998876,-2.723608256467398,-3.4383125279905227,-3.096931960361333,-3.6652449294659095,-3.4487572637369945,-3.3670578999028473,-5.064608161582691,-5.967481532476353,-3.7396109587834987,1.072135820411732,2.0728748434628264,0.5333997847358833
-7.317468763044658,-7.747825117825476,-8.474032342441513,-7.52762427151596,-7.9374912177001615,-6.303872239733511,-1.7722183332511559,-0.5269829755654146,0.06333101649914089,-1.8602531073473525,-1.5041878491151182,-1.8559086606800117,-6.6574942047278665,-9.976205137293363,-11.078167438156155,-10.836259725525515,-9.117842882926693,-2.672398862411794,-2.7245829338392475,-6.7070382154926715,-6.612085886099888,-3.8964283570418625,-2.8568152994008233,-5.191542213427215,-4.178408817842095,-3.6095725861554557,-3.8905474152426165,-4.375325727783958,-9.219451855928968,-9.823430638047002,0.17217380869448917,1.2310647977341886,1.4541483123946453,1.9892390948870697
-7.569958894443437,-7.715536592286482,-8.57588417579211,-8.139141264491299,-8.451012383502244,-7.862007561368001,-5.210033306493244,-2.815257607309755,-1.4781762510052474,-1.5113320012949496,-1.5839013011844296,-3.9968594314480437,-9.304082396065603,-9.708978927300773,-11.029146508564931,-10.306555427100177,-9.02788188227155,-3.4022188061962426,-2.2188014278170822,-3.1404167070985616,-6.385233268845312,-3.1151064345154738,-2.985986796028715,-9.008506838065445,-2.7614876588964723,-3.1938969047454053,-3.027975302457905,-3.23537269521936,-8.659987543546054,-9.017974945831599,-1.0787516397257526,-0.17903634812620453,0.5572239803717774,1.1589638441762402
-7.412280015031683,-8.03732905160245,-8.542473069453008,-8.825590541275508,-9.130175835082326,-8.517291793533778,-5.735637896396562,-3.7628707780704613,-2.4450714114683194,-1.2591914763827967,-5.628329797024013,-8.571729474028071,-8.894306388595236,-10.031684965790685,-10.743259732408921,-9.499224788162735,-8.410464693196348,-4.625179308285233,-2.5961347979399965,-3.1765473786854983,-3.357878085375534,-2.9293193970090075,-2.6952009580099894,-3.243439759515968,-2.2180446906083886,-2.466554848916831,-2.695137785095588,-2.9819234421570933,-11.127487314422478,-3.1207685930413867,-1.0706825152786017,-0.5606539545692473,0.349317475267006,-0.18231620629236053
-8.233146750959962,-8.222853079762004,-8.76911743899984,-9.07197639224929,-8.91308252468717,-8.760071560714424,-7.419717298709565,-4.834313737171024,-4.879385346090169,-6.173708380817904,-7.737423388600461,-8.559266397598343,-9.085155614353303,-10.38188857284719,-10.571095243600496,-8.903403691194159,-7.546393686627424,-7.200142734844493,-3.487649152442706,-3.1950517857129834,-3.493235504635639,-2.9679887349997074,-2.548542405652173,-2.041545078509978,-2.410296152420265,-2.793643662447233,-2.33908856562859,-3.0833989484809377,-4.103235231180959,-4.9055844008930825,-4.027329269953014,-0.7763185886381591,0.8885563656270339,-0.39787359966500196
-7.4839639816388255,-8.44547038395558,-9.112714422737136,-9.224511978073807,-9.442795188902277,-9.409606114187051,-8.052658101964507,-7.062426773030614,-5.4440968698323795,-6.437640774404649,-7.6482700355637165,-8.150272247624647,-9.149530959924325,-10.081438294593296,-5.78869353655867,-8.473708228164329,-7.23247045789231,-7.75550869442244,-2.6649724400066632,-2.443511181120624,-2.3395907826025497,-2.262663715676964,-2.5074005267205273,-2.4960947710725985,-2.2614659978439864,-2.0371597181074756,-1.9635985473871784,-2.2344835373159873,-5.258984015875935,-5.079971353086245,0.8490305010941295,0.5714072013704258,4.090348954059123,3.7906819673697836
-7.325945359307284,-8.127777985485706,-9.297901051613279,-9.23050471911234,-9.32610556107101,-8.836377805512736,-9.095517977277542,-7.77690758050453,-6.35900122370248,-6.807137892266283,-7.738049501531502,-7.891715419368378,-8.648939469743684,-10.022477218722777,-3.9144487436238786,-2.9006571484094454,-3.2577534660990213,-7.837393108644416,-7.13733058183883,-2.193946652008324,-1.3132446139742928,-1.6985798704163657,-0.9146480202624699,-1.157661000980171,-1.183157603286539,-1.2232931498079684,-1.8897893889314035,-2.9348195932415306,-0.9055482335575598,1.9678104682172355,2.2096993857901652,1.8455832770426335,2.7580171962208606,2.401409377582618
-6.178287767382538,-8.240422984146974,-8.533228474504936,-9.134168794420846,-8.77739000743436,-8.345594968012632,-8.192376896860132,-8.488278247265388,-7.229014559325589,-6.936050444584416,-7.574830463646782,-2.8391010769442797,-5.184041831840183,-5.781887347385203,-1.7920929000598547,-7.33725994669743,-7.074906947770737,-7.7743031292283895,-8.057781616755221,-1.9659677657741017,-1.3918696673407631,-1.305133528795324,-1.5607123633751974,-0.8177502178075183,-0.6508530428160988,-0.5633288335273975,-0.44807181437589133,0.06383701113313943,0.3987944607019225,0.6732949867444215,1.668063528365509,1.282076044610607,2.625638783382812,3.3908717279458056
-4.497137687224325,-7.684251050064891,-8.097352666145023,-8.26735658773811,-7.89592491969389,-8.150231854259852,-7.33070494969106,-8.342639966050273,-7.49743045259764,-7.453930410796567,-7.761425345141064,-4.7435411912635805,-4.094521754957396,-3.2470467057347134,-2.207534570115781,-7.477417733071238,-7.320266996760764,-7.614992060751484,-7.365104548455669,-6.908693919652244,-0.9021791767076518,-0.9264542814909733,-1.0865752160297053,-0.941282905553634,-0.4967324197382444,-0.15923458653866962,-0.20739202996096676,0.17846786090756536,0.26345080735912674,0.6444606872551697,1.2279710817743343,2.3736714619837476,2.9762129042097314,3.3779956612568003
-6.009628482819129,-7.437100015957664,-7.995421357472377,-7.444673355191403,-7.622626272881794,-6.407763264263485,-7.5049476285806005,-7.504211296628495,-7.848231195596151,-7.498119239018263,-7.946006408742696,-3.9116975133847154,-2.312003215065213,-3.5959569809549903,-1.9394064708627228,-4.007156553037014,-7.223390296507587,-7.3253473478078135,-6.677882542262141,-5.855683912128894,-2.3338229806113984,-0.6393671991188643,-0.6913074103698271,-0.5895992379922194,-0.5518424248308119,-0.10821818424431856,0.09871715055022519,0.4848452629825454,0.18909674102150795,0.5529796238672824,1.322704306982297,2.0665010988546872,2.2352551649319574,2.932220556932999
-7.509790936397473,-7.056626244694406,-7.506591096980373,-7.426790912430065,-6.269978785563623,-7.184900710240308,-7.201946955419426,-7.3954403785800436,-7.5577494321385785,-7.5662345500302415,-8.182069911695264,-1.4210995575956449,-2.9296798769235384,-2.6762866810723245,-2.118553449846182,-3.9112311310003998,-3.938294769504266,-7.099934318548107,-6.340283498624637,-3.5328347373423625,-1.1646765555538052,-0.7283571634870188,-0.5639651506966173,-0.7906956485875507,-0.4505544293252696,-0.13635965851973553,0.2224812047941393,-0.15723464942328766,0.2498377719220815,0.9678783754871979,1.3394833268458954,1.7333640535021668,1.8732308486820757,2.6811770997139375
-5.985031628900333,-7.609397874195915,-6.403890325928036,-6.758831378346548,-6.9920306498112135,-7.366898480667776,-6.935550560534519,-7.172655401141382,-7.397141087162144,-7.847231336371558,-8.927545697052217,-2.5610514782472444,-1.6548595783889646,-1.390151141943421,-2.6747936004965482,-6.0584298612984275,-7.010003936017177,-6.51570451610065,-2.979056345855874,-1.5862525124189406,-1.4222643528961676,-0.4718712860894623,-0.6735525785870368,-1.8353518674195537,-1.5724004597321275,-2.1527087494177892,-2.833856857887822,-1.7050769333450304,-0.5165065155941045,0.19583337782304053,0.7894061188299583,1.1832513746248596,1.9011274113688468,2.186475468167526
-0.860868203270518,-6.858103406875527,-6.1303221916142085,-7.202875636335131,-7.2482822974760355,-7.389878378715287,-7.047932298887279,-7.4273095311149495,-7.86870461308511,-8.684448113399897,-4.232902293058936,-1.949798837767251,-1.2614675520398833,-1.145699090748288,-1.5417559687116624,-6.506104068542265,-7.812544654511788,-2.9034782396386642,-2.3138227004021408,-0.5061703813503117,-2.0491110728612694,-0.6762464848046018,0.023145929289093623,-2.3614335556117774,-2.745125755458363,-1.7865387044177576,-1.1817572462553783,-0.45123589673452436,0.0673055036638761,0.6745799204237787,1.0678388385918025,1.9613589489941259,3.0583374547186315,3.6342400290850017
-3.8074880920653293,-7.4419894059947325,-8.254914176704155,-8.028677884510618,-7.397611617765055,-7.545651231115241,-7.182227582084225,-7.320059093159087,-8.316330867506577,-10.073334182972374,-1.6627090177219488,-0.9378725906412013,-0.006347069233928083,-2.2254850400323907,-2.9204983630682255,-4.004042767774085,-7.120248199774897,-0.3379047082904404,-1.0536323525952906,-2.458389509899752,-0.9749775425561549,0.503495056599829,0.6051378476032889,-1.1769556897730993,-1.815970077572941,-1.3506423087299446,-0.6512271911863597,-0.5744709823378119,-0.1600580218602032,0.30526593913106703,0.9282239891592905,1.502111547116674,1.8066098504428885,2.5446838888095957
-7.886339347936815,-6.671364657643768,-7.306435193320662,-6.956626909164438,-7.351535503398267,-7.948542520042142,-7.543365143542472,-8.290325318878486,-8.710779903204594,-9.317167662676983,-4.680139974246786,-3.9018911052766905,-1.782222443526324,-1.1081422263802472,-2.8911577110715454,-1.7888240154006778,-5.540371625612411,-1.4797696017868005,-0.6394590527405444,-1.7798082723114637,-4.11014297287981,-2.697307692388633,-2.3561939080526324,-2.3943953793282846,-1.4025843002459897,-3.0052149116320552,-1.724093907603863,0.17228022965701276,0.8118341897389789,0.6880920976786531,0.9026978859338595,1.5054315059741579,2.378725086384384,7.333354934111314
-3.9294225510041225,-2.4710218003279056,-6.5598908637976105,-7.478042350202585,-7.782173939245767,-7.997132182739412,-7.779679102075761,-7.722203989056078,-10.562398434586587,-9.96162952282764,-2.2977988483385308,-4.532236874403895,-1.3552065412890122,-2.8542206734491713,-6.684332437726586,-4.433888739766273,-6.23167598414045,-6.070494107042727,-2.290782250579315,-0.764391247985754,-2.707673839952461,-1.7764276063934143,-1.0135930889414249,-1.0093290737611247,-0.6868616021828735,-1.1931276622364957,-0.5699207142244247,0.689965363172349,0.7006291047947768,1.8079188419684449,1.5622929600521769,6.744570204354453,5.921228233185286,7.1209035043887114
-2.685371550863135,-3.2702678701762733,-4.683903178648739,-6.707238186653333,-8.419642400846291,-8.905983469828655,-8.352619014023414,-7.992884321646702,-8.368435426540254,-8.819721470608563,-3.506561131915775,-3.1252195981377375,-1.602814653547607,-2.9420139784915165,-7.4878767631360175,-8.626670159374122,-6.7288188019769235,-2.5278248977935265,-0.055873535816430786,-5.030861159450211,-3.167599211748846,-2.210683168435828,-1.0030505201347508,-0.7167223809939516,-0.7345818123215602,0.14865860556361388,0.8730272551871607,1.2016671933264713,1.9744996704846065,5.048904382050841,4.439475321279962,5.811364418359479,6.081531497170628,5.572655513911125
-2.936046539831581,-6.046548051569122,-5.741819473079327,-6.483472914495242,-8.792186918644255,-9.165914276699604,-9.622047496702821,-7.570299808900177,-9.567602188149232,-8.498754906377377,-4.198158268646017,-4.418693479512317,-2.5645731841614188,-1.7462325348254044,-4.854773756935788,-8.045864849148664,-6.806620208047049,-5.914893830714409,-5.283090087900522,-4.296362577538636,-0.794090773878728,2.182131405066912,0.6818597767399687,1.8200080115590118,1.3680939745242153,1.4329107661403404,1.7561381121030752,5.295179174673665,3.6726557844291445,5.28103098941588,2.87981449303773,2.515974940058062,6.310312822303932,7.6088843951841385
-5.999357062565985,-4.3898568747637015,-8.186202908969287,-6.064033877439932,-10.262801873371505,-6.7997128260551465,-8.554823979466754,-9.090691158144491,-8.373279044008454,-10.582078106473482,-4.40325525601137,-5.371266368976518,-2.0681118671785272,-2.3669710344062573,-2.877703078261301,-4.270272093043616,-4.248697385915097,-10.564012349084834,-2.6462157638815693,0.024866846223449774,0.9588414478428972,3.1362467780904715,3.2967891528272655,2.555836257009643,2.4869079418128672,6.659783746284822,5.301894895603116,3.771677419340675,2.3601672602383976,2.5092100266747868,2.9017216152986993,3.5767146859690038,5.463861723536312,4.49707513261837
-6.5182703198333645,-8.543281214121501,-9.711004596380779,-7.257688924216616,-4.275899877488331,-8.975547421654102,-9.192470758752668,-9.419107246040552,-12.179772193263886,-8.941346982657166,-4.283974285361367,-6.166515022835299,-4.0250860507263875,-2.6970368899035635,-2.5294569144605004,-5.943265992133561,-13.144146304615699,2.557872530913071,2.4663853735580363,2.2537410125868313,1.6225766079370059,2.1278490684869134,3.7384644827143503,3.0831984409690802,1.6833070323188566,3.2943949744236707,2.7298965131082746,2.0095496784823963,2.805340829406625,2.1041888276369045,2.1300049525590867,2.841515667711732,4.278806524656598,4.491220910115524
-8.337004492685848,-2.8254570080188692,-3.6901680702331103,-9.048708579867775,-6.713243233038079,-8.528903891938624,-8.60595184037538,-12.094417470463888,-9.556962860830962,-10.033944952933497,-4.344816413256178,-6.400452867892864,-2.5764773334288136,-3.1608693822783778,-2.6508250796766686,-7.228259417977656,-2.6403484515836055,3.4545986614525357,3.048547957135178,2.4487859320675462,2.6500930740403104,1.8207861882634777,2.3685791045980844,4.307243753091224,1.709981061786495,1.5790500176361983,2.150286314213537,1.3995410696713164,1.162003968431858,1.7135857081613122,1.649371495745577,1.6715503998105679,1.936312521193111,1.8142877596039062
-2.6434789019089577,-6.23637115255964,-3.614777830334425,-6.861627893591535,-6.152259648791313,-7.546639364193065,-8.36862626860616,-9.218211598806253,-9.27019172435155,-1.2495507035312028,-0.2850403801729224,-2.292029556180855,-0.9111178924287582,-1.293376476863542,-2.531252271561326,-4.692080345229863,-1.142136317749,2.7506944749079274,3.5712749400941974,2.6563061197475077,2.951428236427131,2.647591415003256,1.9320074487734291,1.7533156223978488,2.06475670162574,1.629358790565662,1.4559129539986224,0.9330373656089093,1.4378745568458329,1.9640473391601776,0.8820521701736871,0.8662255355497144,1.3410348563627603,1.2908163837717601
-4.504295354731966,-4.085576102165001,-6.691591513080775,-8.408263919768935,-5.293796091459152,-5.851215316330029,0.46799634063593903,-3.108860892756513,-2.228691187320343,-0.8739075296431029,0.6573007563202068,-0.9577242682513369,-0.7239036878651235,-1.643601328871465,-2.5597145343159307,-2.1879882899962517,0.6505913892775852,2.7459396443045017,4.118509922973182,2.875489825380216,2.6629244556996308,2.0361043564959855,1.8144979036443494,0.49491156020804433,1.651060370062819,0.5313597049069151,1.2962353611897939,2.128709660900951,1.6226447202811345,2.115426537831339,2.1227988277919714,1.8786314581746408,1.0981182318318041,1.219754205036131
