script/wind10m.json
{"header": {"parameterCategory": 2, "parameterNumber": 3, "lo1": 3.000054539987559, "la1": 64.9999836372058, "dx": 0.5, "dy": 0.25, "nx": 34, "ny": 52, "refTime": "2025-02-08T15:00:00.000Z"}, "data":
[rows 0 to 24 of 52, columns 0 to 33 of 34]
4.430929508569552,5.9150069567617125,6.485403060798469,6.220683811053667,7.8365607645667,7.849741645279138,7.569948727849579,6.2829562990763215,6.460751846434181,6.554529878149539,6.530634763879629,6.659083787539681,6.921035728261378,7.4177995860117765,11.135243597280347,9.78975777586724,7.574796814147835,10.132901365154146,4.266287063060158,12.530560516562495,3.225680196070716,0.5762377765946036,-0.9531206298034657,3.526593665533171,0.15623769537510493,-0.8534995170440058,2.7113063939059985,3.465132369698873,2.8018562905522932,1.63736581183619,1.6601648603521904,0.17878484321694973,1.5390503418911223,0.7334840916763564
3.107707523104517,6.541444184369474,2.45565917779119,8.603793400680168,7.475435564555975,2.3144150629115505,6.472213189869412,7.722076431170202,7.792721717954947,6.810411602264395,8.336028339336101,5.755945170207654,5.72010949312805,10.753522860973217,9.823406159270691,9.732635505775164,9.816704630283251,6.330663248290105,5.465925443806243,3.1054982521434398,1.9627618065667551,1.4123218748217754,1.2805805952784863,2.3690114041640493,-0.2114124290392765,1.6197826475569814,1.9283659604654033,2.1343722846717763,3.009022328572475,3.082133732535662,2.23080915536528,1.7618131223848597,0.20429403063841073,1.9036539190251571
7.528811698561948,6.5162661212929445,2.930684156035009,10.038172216447542,9.854599063338283,8.965927077913667,3.8423528752458656,6.992601349449335,7.718855529509227,7.561397475964086,6.93033362118927,5.874168425006377,4.647855987730319,10.459488681696591,10.189186422660084,9.077423196038513,4.920990825299923,2.594358091558295,-0.8972899827567393,4.9337500412551645,-2.7934298108875533,2.129303969694405,1.1624849146180805,5.145919120928802,3.236604964176219,1.6648255927823923,2.08562206401259,2.745449502151021,1.7309104291622286,2.4882825798631734,2.9044476249872226,2.492454629881078,1.5851893366367136,1.572839742635653
7.9752098156591185,9.849337844733894,7.912194313783405,8.917094053735198,7.917793021024105,7.986852132695337,8.208779384405766,8.066950424606928,7.5650143107923,7.139367218907102,6.193466366468168,5.2657013600512235,9.158469501082102,10.827629196270497,7.996498244849677,7.260535361682232,1.6708860364856453,4.211293776609183,4.665878663731122,-0.6317329754152301,9.92980453357943,2.5293782061664536,6.189953734786667,2.203028582008183,1.2534407129392913,0.7151086009758406,1.2525477614927376,1.712583566477821,2.0968284938894466,1.596067725951725,1.8477455338507456,2.366302865440668,1.5130714694886973,2.210704574507534
8.760704453204182,8.185761937257745,6.969672196404037,10.002768449209848,9.142245737851805,8.52454412469205,8.480675913496231,7.127899020803464,6.9955957018080115,6.466045964035304,5.37886226478197,4.748335589320263,6.452297038776858,8.316835861590581,3.5959810957360783,5.017644993509441,4.362654166493878,2.1415321810540324,3.0972546978788524,1.6458278616712325,10.185371500966973,4.896382511410956,0.7857963321190141,3.4590173386095193,2.2546680199863487,1.738485639297,1.335685542066097,2.021522643530028,2.039876075888112,1.1054782745257437,1.4491480630119205,1.3228287226419915,1.2595838499687018,1.3527607385289895
9.412737833513605,8.06194462517348,9.170780544220213,9.040200344348925,9.05120158974761,8.515655698999714,7.909475048672584,7.279009374833934,6.53779673038394,6.200649354756678,4.999129745969784,4.777605121243362,4.687736106560202,5.760203501073973,1.1754726891323055,2.5637521756118833,2.6951971950752696,-1.0273974780536879,4.534684409677404,4.651175052948133,1.3288157862920604,1.9553042139193735,3.0803202091655995,1.7194894074059668,1.4275309077302736,1.6439780291505266,1.561705861911012,0.5284063551497543,0.5976119800141443,1.2899385071567262,1.4046206669242247,1.555119640677857,1.7528437617540786,1.9971702968693184
9.158640898319822,9.6090734405862,9.537875660970306,9.394270560627945,9.180659855671886,8.05776634843583,7.521957914761571,6.562757142245571,5.790008208023662,5.167676118082672,3.2579352242772974,2.692169410080606,2.2470909067354183,1.745577923300217,2.88185118680891,3.0347708785251872,0.785327411641079,4.65864409590111,6.593267931793225,3.2825622987915546,1.0611554085217194,0.9952355598971068,2.170726869766686,1.9606668566929149,2.5497329531000905,1.3834234592472434,2.223478131159354,1.4165174317675435,1.112577008911393,1.190389783869356,0.6346306581166137,2.1345970879452856,1.948120639024907,5.289132175738285
9.913523408955673,9.97940748612324,9.909066967678031,9.579586932742451,8.60108615945367,7.69662187652414,6.813569077354171,5.687340942538946,5.726799114542861,4.450524836750918,2.094532997538783,0.967299192321311,0.2092634973267151,-0.26860342262995923,2.7094341837969287,5.459022491146227,2.053841421545518,7.076386678028528,7.649442803770919,-0.13237118868928235,2.239763559002687,1.8818706112963768,1.0775441347284018,1.6912890555314437,1.4169106106863987,1.6123623642274316,1.8222451916775804,2.4898961785674727,0.4635948673477321,0.7641465171136855,2.3533499013038828,1.7153467496789283,2.463525700020295,7.600926044149598
10.341224908554812,10.397084284069875,10.130295064698515,9.557969276854026,8.524799591863506,7.566678339027721,6.157629662281962,6.007323490178867,4.637769138226873,1.117320848399834,2.0121703814971403,-0.1001092763610229,-0.24385721644820238,2.370484666372048,7.310920030473202,0.15720717049658917,5.908393859808952,10.790828553097517,3.3822381518925004,4.775727774522476,7.726489260157256,5.828440816636745,2.2001977978337033,1.7440782068372969,2.1959795437217395,1.594827838954309,1.3082266830203653,0.33302298009705206,0.9670530051358454,0.06268136326232511,1.40163547323328,2.6687081985113354,7.5241170648711355,7.381902854899313
11.361955764980653,11.179898315452174,10.596994046334213,9.55784366850077,8.850365999296535,7.53172524995747,6.628657903304445,5.384305066878255,1.3916367870671413,-0.8007323035712102,0.0744592310009607,2.9185335803261756,4.140785651408642,6.154954688416375,4.235550701166924,9.650538497044922,2.673911356525181,3.600140228465709,3.8360007751374168,2.304964511429192,3.7690408461279667,2.022135209005315,1.5666527403140575,2.28417013067579,1.7676064449041833,1.7623168224872314,1.4541779765552736,1.4872652038493368,1.3263890756384602,1.3842397859803333,2.2838275499015976,6.6099988606787905,7.339254752547496,7.888734014152343
11.636043014250458,11.36978534668364,10.904988344892436,10.013231967084165,8.552361772844302,5.588246494711847,4.300061629386714,0.18476116409337964,1.9034218168763495,1.387208946753373,7.544279142733052,6.764385020948313,2.8336964054661955,3.665788624487189,4.736583587258724,3.954602879301723,1.9519910502311928,1.5069052100636562,4.523458345818892,1.7512269853183282,1.6367223340361894,2.1621626404324252,3.7752178434358243,1.7012533434198356,2.0742686826435515,-0.8769949428836838,-0.8633621239709511,0.9144600384947706,0.3004002751005362,2.6320849039583263,5.837331354900094,7.087287627019119,7.863391066477353,7.899886818572869
11.717504191136221,11.42064878070985,10.912849138991312,9.625299170525038,7.092028681101695,2.4418483012029997,3.792215327838219,0.01199066833409503,0.44174787201317395,6.268685387427656,-1.394684313315728,3.0965943775255425,4.686806743976123,0.7647378476063851,3.8129082223074167,2.753336739139562,3.68284850366443,6.4225482838195065,5.66257525331649,4.133135076541027,2.60474325708357,1.8747950316013446,1.526675902881161,2.238374257159753,1.0807985349866027,1.0741419183886793,1.1410570664956674,1.1046679095430707,0.2761026734812063,3.287502994101499,6.77817358383702,7.453815487054232,7.435690526388196,7.2120701666154385
11.907672551965822,11.031009616814861,10.32738387966344,9.657769765812308,3.4869359912759723,1.5066447946386377,1.618444990961279,-0.16690028847919916,2.911230204462861,0.6487985933417701,1.1050090202015874,4.8898751052985805,5.240347141111215,8.021241233411379,4.566298101367504,7.0014850954359815,2.966820883578116,0.05496620637938301,0.9710977072552683,1.841529798622341,2.3436193325449017,0.9883685180708685,1.64082138331315,1.067082670508281,0.8243976437747274,0.7969097944958681,0.2748749506081459,0.8850582573192554,0.6806987433730288,7.718523408168781,7.538057574107212,8.017498381155304,6.886648106472892,7.00799223637807
11.5542573366467,11.158834955751084,9.51393078832977,7.625788684840668,1.766809306996985,4.752378487079085,5.94826951852205,0.3488780252041376,9.195732842513586,5.913806205928602,5.718907383780107,0.5270866118871438,1.2186659678313083,0.8563728479696836,2.5353842805343136,0.864310679470081,2.978481771939211,-0.645577122587258,2.9910139199555066,1.190051591630356,0.45649912294927975,2.39019904594938,1.2784560967365328,1.5972253176661293,0.9211105129082233,0.15907087798256822,0.46191547428512036,-0.10250481656325927,2.5774504079852583,6.276066091582256,7.829850804667808,7.104248777771811,6.94555553881806,7.4875985156302445
11.432234278983415,11.112663517941758,9.17521256381901,5.682099804047486,1.4804571341674322,0.5374086093293908,-0.8899764240830571,9.17517221867693,-0.2640459046158218,0.8757298127705464,0.2260467725672322,0.9292377466404709,4.0514937846126635,1.689618600734613,1.8345132080204554,2.2948873010989908,1.8999549303435876,1.367783936748815,1.6002651212968486,1.143632794513229,1.2541155066153244,1.2316969425042847,1.4139694936096008,0.6345919148654809,0.14297798484791427,0.5034846866026863,0.6200663588458657,1.5164533258796002,2.216722799844111,6.240381997356472,6.926039043257713,7.449031246389484,7.6749490019421,7.7869139947427195
11.401708262208954,11.004548331839786,8.300643746766045,4.882423577387911,1.0291800880943394,0.09853131243555172,-1.1769588566861098,1.0510745476812364,-1.2459310156228214,-1.9971084726008366,2.0363835615995933,2.8718596751677183,0.9089675218107431,0.9038116145156514,0.5050663527725625,1.264143790305675,2.5405025099205427,0.08800415124173042,0.7249580839090914,0.39695984194655765,0.8308344657812919,0.7233969716632875,0.2979720741431579,0.6322314719142283,-0.7424549181426345,-0.13796792127445823,0.212015187961361,1.4829061689058747,2.2132323304318304,7.347490238685395,6.8075682699237685,6.500471643213471,6.415410694565353,7.437927515402121
11.286006153050861,10.900502840106675,9.60250262737611,5.519584534451575,1.7076154207841578,2.07271363757942,1.03375602017964,3.005936176638585,0.6450822924929835,3.8894832065339804,4.398668771934398,1.4145179782559236,-0.3346458180578264,0.13874288556259254,-0.10873745184383858,-0.06356556809792595,0.4937436316718132,-0.18779963394337407,0.2819074153492431,-0.3185056975928475,0.6059649884921298,0.69593766682991,0.21098780717895468,0.3264443531656956,-0.19784867800733238,-0.3566563023511131,1.2878569983967467,1.3495780789776481,1.4961982780352354,6.765701528315947,6.8834680057296795,6.35428420760997,6.121994066910002,7.603248353346897
10.921062417422283,10.644355108578203,9.149774117761806,4.898632729248617,1.8732233733782946,-0.07274969236726175,1.6276050578675907,-0.4075565909694235,4.288918451769664,3.6142373758367494,1.920668133716044,0.6366311374379036,-0.2447167959353812,0.0029919729782452763,-0.06672711822266321,-0.08676621023054976,-1.2879498539777823,-0.04527680906232496,0.34365995984154113,0.16863850018341817,0.2401723448243986,0.3833255368796881,0.4098970377578879,1.1546187883385985,0.6636540627882048,0.39338260445422263,0.3884486940880112,1.1569742461932597,0.8570401324281289,3.5574361261922043,6.0558297620728325,7.139755673070632,6.224970568919379,5.658160698592086
11.084596433922929,10.379247606350127,9.675477610519058,7.21542726814698,2.5048857853220112,0.15653391543885548,0.41882053919559004,-0.38070326239705626,-0.021591576151968293,-0.6964255801779587,-0.6560657870351743,0.15402879979884782,0.800357777214742,0.5251545578682594,-0.4463939439012734,0.1869634645128944,0.2456520091745897,0.16586555441976575,0.6641320997108754,0.29225477207274736,0.2961985203458515,0.2860242150346709,0.11694929552918261,0.5993972124552028,0.47304116214798947,0.6495513495904546,1.8279279467389655,0.6987559767027054,0.9066611845044273,0.8151683427579369,1.6969709759804046,6.577032009345629,5.395041287301292,5.175947493722355
10.435942879722163,10.204780865404354,9.134870595452057,7.14301883533991,1.2935444934829137,0.22607432639027267,-1.396820100496962,2.519512744613378,2.700126969165488,1.3001865844659883,1.8955815551137776,1.3102536880050448,0.5303062482819043,0.6897095068146271,-0.6176154840043842,1.3272562759964037,-0.5214338646602636,-0.13201076857189833,0.04372218795539791,0.5623832594097732,0.08381608418499599,0.5030644068050864,1.2462960298290198,1.3617101106004703,1.1704398760632846,1.1654907160808745,1.3960014030263634,0.9150693018800057,1.7081348404705523,0.7152390697599709,1.1888806734359438,1.4230743009664069,6.532635586203843,2.0956236693816677
10.822558492960352,10.245351124135647,9.496647606364393,7.630029398832729,3.9128341382254397,0.7109081829511327,1.5378109364892094,0.7628988928761397,4.852676095193117,1.8084757560274334,1.7771308575972913,0.0386898866873408,-0.34636888211113825,-0.936820088029968,-1.5174058098960774,-0.1247431750758746,-1.1043196311311345,0.8363422228961415,0.5953004916855248,0.4102314121338119,0.5354981757256421,0.2801096383584533,0.6461974664131749,1.1813168068739637,1.3189844070887875,1.317524195537616,1.0281484535002576,1.0337100463818205,1.2408888448541793,2.1780904690945917,1.177113980915586,1.3088982580213246,5.75706414250579,6.782290302203613
11.68899815596597,10.419582810044858,8.717301177581913,7.597314334311524,4.335608203314594,3.354285089537218,0.027204193593960008,-0.09318458636264057,0.4441216962015073,0.7551322946695563,1.0741255419735092,1.1467545995889428,0.7517794327444604,-0.05437805018712491,-0.5679296997101995,-1.2658105968006477,-0.020136480497990123,0.3752470009098034,0.23060864883470283,0.35876353621327667,0.5373495920978733,1.1082569533578188,0.8755173605877615,1.2099325606768057,1.4574230747498937,1.0177194552498876,0.8213331107496356,1.4193367640439685,1.3069181221556145,1.03553369895218,0.9098300203090032,1.938342359613414,2.297053530944129,7.2383931974725515
10.721271881933518,10.475880655328474,9.511918750097276,6.607824405402272,4.922835978504196,1.1123592692974338,1.9387699781985392,-0.3966637068755538,1.0340136360420666,2.3980182425884227,0.7242003625249528,0.9630445825767693,-0.11068734133392259,-0.430326492790361,-0.4603691708969812,-1.514163084340218,0.33794656643372306,0.24934343983133467,0.5924999760322355,0.8103111933399508,1.493638844490203,0.8705940435623704,0.8073417320771654,0.6861382428359826,1.2951981946260447,0.8771310022881837,0.3672727732323624,0.44271966110706223,0.7602293991701179,1.422748709487981,1.404010361884339,1.8139368607083777,5.948303776997889,6.442090053425439
11.060642029002935,10.598735112038096,9.909185434519411,7.264754842968035,4.698687755311139,2.8259941218169615,0.6355814631697352,3.386119187116322,0.5618588104883943,0.15572187021130177,-0.5939323335969001,-0.3375309498750995,-0.05388119856143038,-0.37057519362440217,-0.51049838169048,-0.32240869278275175,0.06368645027851043,0.8576478772541966,0.7469109133303975,1.0292515856196442,1.7208949908557163,2.0717193985679008,1.038594683056682,1.233156643042731,0.618250828235664,0.8600164697242224,1.0123629277320685,1.6492479740457626,1.1318788443912327,1.386690342745812,1.4957523227966913,1.8626562514842246,6.0950569519980125,6.6297289363026355
9.509421571122424,9.817872693528344,8.682082403125996,8.992855361686992,5.745021110366201,3.8944994400283313,1.2236920554352755,8.239632274879236,0.488766775275064,0.25132546166740544,-0.3356179371526066,-0.45246604041670496,-0.9878325353433176,-0.9748226346664244,0.1440285560056028,2.1686030158081855,0.6958521717267049,0.7797219251384041,0.7914390459206645,1.0731879476614659,2.919375193390654,4.110882352975067,1.0950151469045601,1.269931224479944,1.7443795753421198,1.7653764738307667,1.570501634395712,2.020506585969098,1.8848275451065357,2.2743663738229434,2.4092943944823983,5.5608864455518425,7.0079497512686455,6.8950462398621175
