script/wind50m.json
{"header": {"parameterCategory": 2, "parameterNumber": 3, "lo1": 3.000054539987559, "la1": 64.9999836372058, "dx": 0.5, "dy": 0.25, "nx": 34, "ny": 52, "refTime": "2026-01-18T21:00:00.000Z"}, "data":
[rows 0 to 24 of 52, columns 0 to 33 of 34]
4.185368972245442,3.178453668406217,1.956318068343561,1.550646601227599,1.1572548089764714,0.99068027961359,1.132985669017588,0.9492629520152757,1.504979536584941,1.6628855993852436,1.77252510882241,2.4175068602867946,2.6937933310429867,3.0859398015164876,4.064171682467402,2.25866014966149,2.189459563826817,1.3740449158353654,4.963440566898188,11.049024603640117,3.059336552925845,-0.07610863291945386,0.5827959987371629,3.42450072573662,0.899265074172651,-0.892053660730152,0.06548648019025007,2.409944464167265,-0.18327158759140896,0.20580168156720635,-0.7817615503126913,-0.026660729447152774,0.22980165836433253,-1.8787047295642403
3.8136856246178583,2.9794681150229447,1.6040635970493873,0.9688170551897664,1.040292456651938,1.6705442679758595,1.2219940352609322,0.8181577722347375,2.3525845259742555,1.8105457771702769,1.8919382089914245,2.2618329597059703,2.465808431473192,2.460129205515493,3.679788918919578,3.4329435517125817,3.6970596074871764,1.0013565514934437,10.156307849452205,0.20340160417105999,2.581277926972566,1.5011965424113538,-3.9643560140386844,3.6126821267565865,-1.0711216050824877,0.050138871854708736,-0.7986046975437824,-0.15915787929940078,3.48565490237991,0.42708544296823947,-0.6024034504972072,0.2629515579026811,0.0930303526316567,-0.24297875145947495
4.648144419679717,3.622341964650671,2.441860505863158,2.054379676650198,2.258648377119097,1.8916049239974027,1.736792054439941,1.6967985794473857,1.882383589362192,2.134014948277076,2.115756633150301,2.1641973183363414,1.973671402920582,2.0285828984119445,2.2999918782629423,1.7684679643864396,4.728663951654604,3.8322196107120443,-6.643107258643754,0.8455191621629442,-2.3117261932653332,-0.18914339944293299,1.6649114408428611,2.6251501904663503,0.8116142078117391,-1.677361537362324,1.3165729122239629,0.29945584269176284,2.1148524411932446,3.5988052766110132,5.513104851828492,0.4312507753868384,0.37558672980042684,-0.6531187075128894
4.847269633090265,3.969635828998504,3.1763179233673067,2.302600518776549,2.1014475893213076,1.7528839304814177,1.6176914861681564,1.3327242420266425,1.5054229082499062,1.9804786265647207,1.961941643301189,2.3599743808407387,2.0597384577569393,0.9097690206753317,1.7628344434104068,6.820089692201917,-0.049038746234679964,3.0818258398823497,4.16675032677331,1.307059268243907,8.179196584943332,3.9240330472938294,4.875105939831962,-1.2556469655316678,-0.027267670631706355,1.5086452453314771,-0.3469804513198131,0.7164387020323999,1.9552303177985393,1.100113555716872,0.4030468824365757,0.4686546985241657,-0.08745425583578269,-1.2341645863457276
4.758660618622251,3.8838345240012817,3.4231046357949757,2.5117424928327288,1.3102935812181165,0.8406440044811213,0.43362631639058924,0.8014826081351818,1.0541699100355617,0.991766396670327,1.6810209787138113,2.182747359520617,2.040729211214869,2.3213261155867997,3.564124100979246,7.870660025383034,0.7671571323706545,-2.71514354607488,-1.840499727667379,2.864009515010345,7.291608604823814,3.7139116823493175,1.2583322374238126,0.8265766341974017,0.09099107344858547,1.1905757698058264,2.13899308782718,2.28482171991791,1.7755761636864593,2.590357156478936,2.2104861188731766,3.2926337931864116,0.2260984514672019,-0.5354991467726545
4.163736217454151,3.5582712718377234,3.0758692669495367,2.4725073067640624,1.729813886251486,0.46398346862650064,0.2688264888689695,0.35933329456868257,-0.07274149146769643,0.015581874266422569,0.15543785509756144,0.7252648263906197,2.7376216124018002,2.729469061591025,-1.6889777637035788,-1.195291621057313,-4.291470794499328,-0.10051458051272436,5.798747701540206,5.0779142523932554,2.9983371655399256,-1.6497912678746725,-0.24387120321812789,0.19337864044982297,-0.8081407302996876,-0.3124490184113718,1.9512610243709017,1.6590876653481426,0.6743782488434736,1.4876584580230119,2.235344747437381,0.971601398864869,0.9700304304111648,0.6488978767043052
3.628548256999875,3.9084918839316916,3.256565255137528,2.7720179405853886,2.0328178023200842,1.3003248407625418,0.23241051507019872,-0.6777162697384952,-0.9301444906183302,-0.3735592963815417,-0.693901877801096,2.4283851123034967,-1.5544804711509232,3.69517172879511,-0.03164514008501004,-4.653097464630206,-0.9012897957312586,7.174357888298797,6.179761156296026,2.9639799870287744,0.8874372113795037,-0.4087572860160572,-1.152800567246567,0.7616504441638784,3.270780506311444,2.7229163885684184,2.950324356033372,3.0041552808915846,1.8786537682173896,1.7385232107449857,1.3593936426675233,0.7643931285956519,0.9335317387474067,0.4111957900805646
4.570421980209735,3.965052645377386,3.701886809614548,3.165747175384061,2.322475352164027,0.9058522229703336,0.043521201059165744,-0.4665218951556146,-1.0406117337645417,-0.5442876647275163,-1.6885163412873212,1.97451452158342,-1.6569942181856507,-0.593860116878671,0.028725982067681104,0.7205088379668327,0.2067489649919001,7.0423997538098675,7.891811353429483,-1.2320072267537416,2.582732488224606,-1.5654430029620712,-1.4254981715054917,1.9163931589485552,2.186256694224782,2.5077632699075787,2.7485542471982036,3.855335163484073,1.1496136954843963,1.4111775763013759,2.591113197885428,0.8476305594422857,-0.46079356741371563,3.1861250963661836
3.895383914810322,4.133825296798025,4.0760936663177985,3.191291085815445,2.1745628588099475,0.8911790878710465,-0.33227056318803233,-0.808103415806574,-1.3090118215273165,0.8925440661287929,2.233242313861485,-1.7259995700554571,-0.056963197838719594,4.862451821548112,12.245506970620875,1.0357155363256316,6.047701744071161,12.756508472729243,5.775388297127103,5.8872361880942305,12.328665433032036,6.818830374022352,5.899965041269842,4.127814811697069,4.599639442323256,3.5979928090917515,2.9807569662245164,1.684910315927868,1.82099983137101,1.1964713922228596,0.55921585438581,3.632309419814877,3.959600197414125,4.000263649927114
7.368869606717963,4.95295937176805,3.7096641895379054,2.630863218374649,1.311690954443154,0.17790465311128476,-0.7962813840290603,-0.4921013266555454,3.231776574286184,-3.4372037163153135,-3.51842966215663,4.756275869663419,6.024588129263931,8.50439900741675,7.326829437998771,15.39483282000427,4.007801739355818,4.830682223378214,2.460057887545303,0.7680948248815697,6.329435483926548,0.29063112833837684,0.3598134960926003,5.171478833607457,2.6260547434675177,4.080875814015218,3.844117064900705,2.3842702908118976,2.1831813646531892,1.0830322282910736,0.9533467653684959,3.811990947785459,4.037706438740181,4.0454590902093885
8.632729007386073,7.006778985263744,3.1743658047223713,1.799155247688477,0.4060012170766381,-1.108225417378615,0.29662876166821317,-0.2836130676186044,3.959839651627372,0.255556368558605,11.420066303296794,8.085025545743758,5.826249606522163,2.0737205324078136,11.860136761689805,5.72913905083852,4.642993977491899,2.9071580123560152,2.7905322976010214,1.9941571509861686,1.5429787194838134,0.04227696158417178,2.669349465750401,1.2378963443210729,3.398149067726842,-0.4665350629201227,-1.085914759435433,1.9639440283708365,0.8315078753119739,1.9337800166784105,4.2741255887834075,4.615175339886135,5.027631768872548,4.720031780573907
9.351935338945088,7.247229262232647,4.329276583349302,1.5496516337579425,-0.25194725308995425,-1.0334070101612571,0.07313887840741272,0.5887723641363428,-0.6548372568506525,11.531189851402823,0.2215815349974743,4.988359037485342,7.883009221534409,-0.30909517429180045,4.900515676514333,5.080731651623987,7.383619204898841,8.655354041807561,4.3729015112720315,5.554918689280183,4.504635100272717,1.675266063061679,1.2050409925489032,5.099379766087171,2.2172289973954404,1.5996605800139996,2.6048405389310365,2.248787086692164,1.2267096229263172,2.0507148226257192,4.259937198844047,5.09769727434553,5.110028121166577,5.209812783045805
10.052663544703895,8.046559358110665,5.331765477900311,2.8660165228278722,1.306807762326054,0.037583380515080825,0.6163719850316713,-0.6477848989622438,5.567434276368449,0.1948515361677947,0.43476511967386505,7.682614708395281,7.8757571925638254,11.139842915629819,9.563512711052027,9.98231286645037,5.372706542664097,-0.30102507981421334,0.6968117264458488,1.8048528804512731,3.7553463248008727,2.96933528293448,4.196294443369227,3.918523018397921,3.7263358219242724,2.272718461667479,0.5588862779717212,2.1656466541747017,0.3303604598931723,2.661134507606157,4.5985369995132555,4.543003210415742,4.8043565674205935,5.414674971328782
11.06162713736416,8.182778715179447,5.827915140844367,4.088742096543787,1.9624260541233816,6.887977965696398,4.8202530770362815,-2.0976339295776456,15.138209776756355,10.028578088688642,9.675290434354869,4.339726615307269,2.358151192747955,2.5202477754834143,4.208766644459458,-0.268355309202856,5.581891532266787,0.09443651041955523,3.720913095283846,2.5388141017022847,1.471533649938736,3.9962976754563577,2.1804778834390315,4.089837914912922,1.7036226989860799,3.549088940328511,1.9761860768542,0.8435842240895992,2.9495990968765553,3.117956034772083,4.270736631799135,4.577365729946906,5.051286951684593,5.099990509501483
12.668336820409504,9.946869540756527,6.644397191237564,4.134302955080796,1.7255324468861317,-1.047302687229938,-1.3942926854314348,12.06829907101053,2.146462196121595,-1.443122444749582,1.8708863149301793,2.6118436340424522,4.170454382973139,4.6267741328048695,5.109039251529789,3.826662994823701,4.577287258773111,3.3959954664946643,2.314333194631833,1.8062199830020944,2.4005209326695094,2.1153633222054755,2.712723863405562,2.343891201842752,2.56347936687546,2.692172909510727,1.7919752760329888,2.936524981372828,3.1000014532109605,4.9195820047497,5.330310258308061,5.341287068358513,4.604724366527488,4.713486499172754
12.197732168247231,12.660602360487653,8.233508023014622,4.435488601000499,1.9751279844046343,-0.5048234417852577,1.9384304498183993,3.5306526816260244,-0.6223831424615326,-5.844961758930317,3.9026081614755177,4.306473204171457,1.6984998319529965,2.769798712163187,1.022871124617708,2.335158302100051,4.2730424844396815,1.033601576800396,0.7991012357563964,1.177759179032797,3.461183145359511,1.697061982988983,-0.26766127084033264,1.7340344486056842,1.8758866562370662,2.4885961555787808,2.3337855047096796,1.8856332331216712,2.63074880386189,5.074827972774509,5.076422151982934,4.9116894370383415,4.98870244051956,5.272747443013347
12.963500402761047,12.142662940070435,10.700792930929435,5.935471724153443,1.5751684228075649,2.8860756619608465,5.848902528687137,10.426500989311371,3.3806437980765054,13.205103430319681,8.782522618216138,2.6558382095561215,1.070904557952429,0.03881083294545057,-0.7702373172634235,0.7061914639243206,1.3123585804237958,0.9555291237416979,1.3350450252877764,-0.13370708012994742,1.241395989269638,1.6919715506584192,1.8496501928474232,-0.39975761181825725,2.0638784652046205,1.9028277221852459,2.6413779179712265,2.3517060721754226,2.927421851644604,5.74924353895447,5.637737449472383,5.403145555961528,5.128451974956191,5.467812062339552
13.693306619779557,12.948658842238993,10.254404928251017,6.968858510994802,2.8343012637908926,3.3619419977264475,5.994751430108651,1.0853033489658743,7.364923494588013,8.067886120301875,4.280757047981092,0.764731246465631,-0.08031986360955352,0.8134171298962305,1.5021308771422661,0.48142351809419637,0.4107633355229656,0.030296419984080784,2.1980136607380745,1.9968466252197015,2.4964003685558125,1.118340471255395,1.8796964108736023,2.540655921304596,2.3657201763487015,2.1224845268112693,1.9730672431886915,2.5176430034029313,2.788528551180978,4.640361249794874,5.465662184938183,5.946607557142624,5.951046574644031,5.950070409964545
14.129702192358147,14.004919653116668,11.189544546345092,6.220025322045723,2.0099462609268564,-0.13303679870343532,2.0949336389563484,2.059790568184787,0.41746568554972086,-0.45292131385866746,-3.1133445020020964,-0.2382262056226497,1.8706839513349107,1.2566247890641395,0.25814636984722933,-1.1869262946924064,1.1431259029323717,2.5280788197551236,1.8744671871842757,1.954331918426132,2.3510468201365207,2.289013125161531,2.224201983446556,2.509441298443268,2.4238276978699678,2.5289907667973552,3.0660796217277744,2.3718705093738404,3.030832018789566,3.034389911982024,3.411982481687986,4.895552538740432,6.370783139385775,5.988831856344509
14.215746469082331,14.767048109267643,13.628229708148874,5.1006955512645655,0.1458284767291339,-1.4249559751921304,-1.2240126002139293,5.913084115125074,7.918322548024209,3.18357374192414,1.8694448640028152,3.570488471700633,1.5642581928989852,3.577121786187586,-1.9654414406188416,2.078523391649805,0.3303279684350914,0.4052016676500791,1.694576859038407,1.748887712215969,1.8624240842539028,1.9437873526782738,2.7729832853764758,2.801625174688553,2.265082652559637,3.042389582595541,3.2541215238343764,3.042554319761188,3.2268946699119083,3.5073613333815645,3.285244669377399,3.400352567443813,5.615116289505535,4.438718216329778
14.267875111876494,15.104848394002707,14.715554614718881,7.4141608095455345,1.6225288977960164,-1.9970655737078684,1.0346634235654901,4.641208394232544,9.08237248884059,4.164774895746141,3.978553427365546,1.5355614250184237,-0.4527202101839833,-1.6245143281438117,-2.232758713549942,-0.2259869089510494,-0.6969260050880314,1.6330410878010404,1.0917944490391818,0.9701035797970012,1.4321690850280364,1.8833984913143322,2.104510826623204,2.427700330321181,2.988636075323046,3.3421540624313293,2.731569504747588,3.2736072020392366,3.6755913564935008,4.043474407990121,3.4633997749694863,3.234749546193932,4.10079096955694,6.281449854373413
13.768243194076653,14.49779176475292,16.010840050160894,10.311722975640539,2.3545035416181035,0.11616295783217641,-0.08822656226510733,1.8198836915629417,1.517455041111559,1.3079346511362815,1.2817549616590846,1.4985681203099337,2.46882080038984,-1.3007572638221008,-0.22817481374392842,-1.4614244955411402,-0.39417590546932035,0.5244726695802204,0.9043943056982453,1.6575175184701771,0.9985242194799158,2.135924161789698,1.4430197315438356,1.2612440104930798,1.9981902897840649,1.9640067971774637,2.57953120399299,3.8175721758764585,3.9721315560949466,4.285055177848989,2.948863060300987,3.3912024897191504,4.061759221512414,7.1694198200204315
13.151260338000391,13.709808534657983,13.990819810253118,12.763578270654467,5.035374480482782,-0.7613488363855279,4.764412548577714,-2.3088002787471993,1.569819324540557,2.3839491223586635,0.8664453593505184,1.011865048691959,-1.984043467943126,-1.0534518227413856,-1.5111565530173217,-1.9930465533774235,-0.08015575041532683,0.9823464387167649,1.243138102916041,0.5647400516553319,0.4744587261916716,0.893324223793383,0.7354779397376087,1.0916802051763022,1.459260675181077,2.5292227152731477,2.4015559082719604,3.8946190325652044,3.7578707980976205,4.131020643620904,4.019584293181714,4.0788946025875825,6.134111153777461,7.310081135528445
12.513637776400001,13.112528261587284,13.063829072878198,12.69648621422459,9.454991485633657,0.6666230693196562,2.642605736688258,6.568476955873545,2.050855861166398,-0.27200652456692204,-1.53280842042619,0.2168090801616009,1.3448558074288912,-0.03203686506019038,-1.4254724174310476,-1.14863116089598,-0.8735944524091871,0.9483350848844204,1.0065063749578935,0.8739539008294308,0.3410831671006197,0.2272765174698067,1.2525876892995154,1.6927026646499335,1.600145294562437,2.3245211302640767,2.1966804478162696,3.399259322581261,3.298486382241563,3.2690887267442172,3.2887604654556135,4.366568737537965,7.092685620679063,7.713121216930253
12.298917747092283,11.821598926714458,13.371564949156783,11.769918975645833,9.621561560302743,4.813823316866816,-0.33132679949336774,12.207404760490922,1.7575775127824547,-0.18508993629540876,-0.5318223786102242,-1.3616707819349358,-2.198026943476835,-1.3864781037166678,-2.4724732776659035,-1.0306628232473771,-1.1311625249145765,0.7987959575770915,0.8189155707075911,0.8396662678024461,1.1221819076974529,3.192706428906223,1.7100552888665392,2.081448625354208,2.6334526287910043,3.345156872120562,2.8391235112209428,3.184418821701672,3.1377632438898817,3.6690569643409834,4.3456333692135685,6.57210300980198,7.1910655792921006,8.030627052808669
