script/wind10m.json
{"header": {"parameterCategory": 2, "parameterNumber": 2, "lo1": 6.000027932988019, "la1": 58.9999434238085, "dx": 0.5, "dy": 0.25, "nx": 22, "ny": 24, "refTime": "2024-07-22T10:00:00.000Z"}, "data":
[rows 0 to 23 of 24, columns 0 to 21 of 22]
3.1706399479638248,3.9078734417396506,4.80120070767364,-0.10109895188498698,0.04287448167866062,-0.9120222954310094,-0.2552250680010007,-0.27524629283537755,-3.5523538318821455,-5.050728479446698,-1.2256361565829252,-1.0014728763861673,-1.9799023612710243,-2.3651893800340678,-5.343805181078713,-5.521536268953384,-2.5487108375506495,-1.7054349448895123,-1.93970907779895,-1.5887755850776109,-2.0731849635932913,-2.083893763949319
2.5650624256914223,2.41627143638376,1.4899498538308837,0.7774541407257534,1.866643279540893,-1.2260336274836516,-0.5812320307660948,1.8340366156811378,-3.062656166154912,-3.551558690629757,-1.5742455715981436,0.6573368650030826,-1.1214923588625432,-2.345908994989494,-6.699973175275491,-5.848886536474525,-2.655268070179014,-2.053090664700333,-1.7553837662207339,-2.206380321934957,-1.6811338307962318,-1.4162872381975822
2.1196447801855287,1.3175074936689677,2.1754250251419274,1.9993432177568986,1.7042027041169943,-0.8662123895910596,-0.0031175155772980635,1.2433133154033358,-2.4991251306928137,-2.4333698973292957,-2.628230634670479,1.03164480838476,-0.8890828786822926,-2.8011677885846815,-2.465654915323821,-2.359066121616646,-2.502200545990753,-3.4467904098572775,-3.4488136055323153,-2.634585483842002,-2.0470955477665536,-1.8997643984828454
7.393845730547837,2.3344927374147004,2.380854466969781,2.0812491963968545,1.8083166711174399,1.630913280934474,1.268683499144364,0.0766377860216819,-2.28498270160989,-0.5875565754673471,-1.46888327674937,1.5127666892448988,-0.1915544767561849,-0.47046916882062967,-2.663381974373466,-2.5665459167593276,-2.827542018463063,-3.660417267461218,-2.124039589279611,-1.8806443975134008,-1.6055298303549637,-1.5699957713616421
6.987126995467156,8.117975384321033,7.395006767175273,4.979550016594835,9.340381762940211,6.800084866299211,2.112396257917813,1.0765706926485248,-0.4786920915915682,-2.911108805518966,-1.0177541754654247,-0.5129625603306591,0.9304322213809433,-0.300792463446279,-1.7770165922900494,-1.8942409266690818,-2.1632780813230217,-2.4152879903226117,-2.154784279323347,-1.502485877739031,-2.008229256534903,-1.9901633667924925
7.088984916329522,7.217521270683629,10.557864355261646,11.951629909354038,11.486746137636178,9.156346885118339,5.528579432587459,1.872408896922506,0.7692871308867433,-1.7852690951281915,-3.7725105662586826,-0.29319135106339056,2.9140056659512004,-1.2214883644894343,-1.7210597600649822,-1.8570139880043675,-1.758444530625567,-1.9587378583864175,-1.901114500998607,-1.7123396313870842,-1.5152666464650841,-1.6181773252546159
6.897939523653754,7.051926171472719,9.42563859778879,10.629178851689327,11.009982562100047,10.914599898974927,8.58084466146192,5.702978498861062,1.0338865976059741,-0.5711216532546114,-4.530106928640788,-1.9975410906165811,0.6349789554561658,-0.7207574209406173,-1.66341659619858,-1.9336021238682082,-1.898609010550271,-1.826787103534998,-2.2386752717431784,-1.6039889488617307,-1.5829989753439406,-1.665763748074054
6.814184564316994,6.847755916958274,8.636629961284736,9.400793975043895,10.757462272592324,11.398692110889309,10.043968121258041,8.10860434542372,2.133155327898987,1.2502645274546982,-1.2893873762030514,-1.094492141153469,2.045811216307226,-0.4915119039518022,-2.050430043351832,-1.8494192261545892,-1.919221337505653,-1.7306986272020497,-1.795124513795882,-1.991445509753885,-2.163210887890746,-2.592586243889106
6.479815825691895,6.526247717942238,8.372362587498284,8.885319383903358,9.878728681347088,4.138094548687911,7.290522478765815,4.8493555231775165,2.928893470095396,8.205086468072173,4.743937246724256,-1.1896546777433277,-0.7368586967065227,-0.521203977691819,-1.5208274955531846,-2.002992386955267,-2.507121964200039,-1.9605463812993733,-1.9343555768508904,-2.3080530402188084,-2.2979315311553394,-3.7128226048578306
6.139852801363868,6.24038673996696,8.214188537485281,8.637539598514461,8.948658751674703,6.393180173954424,4.891638259665764,4.435395429965391,3.0302644144243702,6.9034537877415225,8.23442399633855,3.832270323327483,-1.1452038621109883,-2.630040529428434,-1.2100532318894213,-2.1853789932772956,-2.0798453750297687,-2.4575592164624696,-2.7100921160255886,-2.399514560623686,-1.9641062365929907,-3.488121320153423
5.5542126783873425,5.89593024607089,7.046874169272134,7.8406665414336105,8.061641807704552,5.064515395100775,4.251081559847728,4.524288432939408,3.938554538842583,5.377083954601779,8.237628081671732,4.640203323723952,2.6024998357780325,1.6251752298975577,-1.9397189838667346,-2.615998841991858,-1.8140118250349708,-2.2317328578158415,-2.5360948678876825,-2.4571105534740023,-2.3705057301994215,-4.665022356843743
5.225292216439829,5.5030178727482735,6.47006563736726,7.198224384904369,7.063542937547875,4.036150462080005,4.710933750001106,4.306143593940702,3.8096357818365125,5.350931727020508,6.049808523634762,2.7651677272778867,2.781532838207492,1.5987502951265529,-0.5524441407147747,-2.240552546190037,-2.6086771864030145,-2.352921379469823,-2.419396085895126,-2.91755838528612,-3.4097110555459706,-5.984720901934618
4.761495203238255,5.4237693387775945,6.297336010167207,6.720771984450673,7.113300649428509,4.440865687745489,4.032002845878228,3.4688423805387556,3.571992695730464,7.584517021797906,8.280514562596275,3.7305272009693686,-0.8660956698187864,0.3852889227026175,-1.334036405969182,-2.348560409996432,-3.0684236807578285,-7.279435148133143,-9.946841475892992,-9.961803497738302,-7.5558958650611645,-7.872525748314195
4.942699944662359,5.484249006801461,6.020714182789432,6.4220867119653295,6.687322199074185,4.339016843503036,4.554723243977717,3.3207700847184456,3.448273280793122,7.073176538281569,7.397382571313148,3.4946300062054307,-2.6532351314551788,2.0830358184450954,2.225263406960076,-3.2569118075386116,-2.878773916497353,-6.6513046869629315,-9.418453873350186,-9.741896348647026,-8.838357202157733,-9.299326934587603
4.891069512388461,5.4097126664628,5.888235273093927,6.247906089124455,6.68081621707285,4.330792593395985,4.649092434404781,4.016629623633612,3.8387200335146856,6.440758135926458,8.769491916429775,3.5359980424625577,-1.2290867202794422,-1.202341861447384,-1.5826543149210868,-2.814418353655938,-4.229885634459934,-5.239121151611848,-7.726659701767967,-8.89629998929704,-8.857513672836408,-8.78813300423886
5.0173217724659604,5.437701890339618,6.032059111087568,6.264977050694988,6.727805486893726,6.628321357902031,4.768548842630367,4.226199498663177,5.83722312660085,4.534814190193198,8.48832395151156,4.7748117334768505,0.3033954324652493,-3.738137931608004,-3.8537042543341333,-2.8158566074649607,-1.7168650362948816,-1.288366193696926,-5.147930162930209,-6.087336798550155,-7.597290103110823,-7.546309170754181
4.929930168714282,5.370044866549003,6.010400318066278,6.38475103913246,6.764271750596883,7.180103673835179,4.648097139155969,3.95295136780589,7.694091911460436,6.295420431428513,8.426689368562336,8.452108395288917,2.158775371627085,1.8997417082919104,1.3425744690562638,1.1660087162350843,-1.1167024166600406,-1.393990554000716,-1.6205252047976506,-3.74808143315781,-4.491732085936522,-5.058817539281003
4.767128104478675,5.395205051653762,6.127138701031559,6.509878967996706,6.928347543714739,6.1893590188714205,3.9426384603007434,4.821938360215785,7.447136756006327,8.188862308218804,8.566444736625618,6.331565241475428,5.260898263855963,3.500080690427624,6.064328823560834,6.299280762687424,7.500942877049508,5.346429534870521,2.61717494636634,1.0651417820439602,-3.2000356715703595,-3.135864528224536
4.880411681332067,5.500946071134568,5.959969550489678,6.7132878591666385,7.050075389287584,7.145928106464333,5.507480325880834,4.519284132925061,7.551608485158695,8.360917715512809,8.816867675327934,10.964526350931457,11.322745021799465,7.414364815896316,8.082217376639477,5.0750590686495745,3.9019996273044226,6.333812165338455,6.396886079215621,6.362474516055517,-2.1184935505568907,0.6126495868881853
4.728984971058084,5.42183264542137,6.135979457795601,6.6232893470105045,6.997880362658306,7.66627523636954,5.280387089218115,4.766260783807429,4.726192634237173,5.104327196853842,6.049399463256444,10.751863045251662,11.800227399393986,5.718715281253203,3.5549392557999857,6.820121630026718,5.152819335285769,4.990271564799093,3.54713561873898,8.602478772783435,1.6368318641855955,1.0593313869379655
4.605371795194301,5.251079130707257,6.0450976992811345,6.453011646131703,7.285009208256404,7.743960475906558,5.704268527198737,4.635334658339498,3.868272185076265,5.044199263461416,7.870071118384424,6.872166400902179,5.880253810932781,6.146601014100188,4.1059720082240165,4.977903470028329,7.643365242110784,2.615537560879696,3.2162073302297784,4.256476583295241,0.8555299418518122,1.0719454624027502
4.444741693233373,4.922685828555358,5.850749813638366,6.382433498730597,7.217632626622069,7.619672102154023,4.639098883977939,4.942445206311752,4.793037290052503,5.7150852412691835,5.4483238008498365,5.816451848165688,5.433882984910361,4.741533445123603,5.1553858802502885,4.479224696622174,5.340969139386295,4.2213523511747395,3.5208890852671897,2.5203603938114503,4.170840846009217,1.5577547081281755
4.177705292141276,5.196254994180118,5.8768023710858985,3.600366392016634,4.187305878959181,4.278167709370422,2.727211834039125,3.02092316374407,4.656783340230486,4.9585030925474785,4.8497498302341056,4.5924061463446355,6.358203680165596,4.763995950756102,6.484689624500234,5.889315074217501,4.2443242994753145,2.256461563422909,3.1532962905944264,2.4103709822629282,1.4451998866289766,3.339143906105166
2.6654854683208304,2.278849269642687,3.2110114966169085,3.783634053366464,3.0172945857864373,4.2517268821360386,3.9906676395860137,3.4275485931058784,3.744155522624494,3.502138080689886,3.3173379716620572,3.6261398650380845,5.223719383774651,3.638164367684773,4.5807268328711785,4.26708935102092,5.505831705536292,3.1281817917261683,3.7814394730210568,3.0495326937357112,2.0893438236913284,3.3342066798635974
