script/wind10m.json
{"header": {"parameterCategory": 2, "parameterNumber": 3, "lo1": 3.000054539987559, "la1": 64.9999836372058, "dx": 0.5, "dy": 0.25, "nx": 34, "ny": 52, "refTime": "2026-04-22T17:00:00.000Z"}, "data":
[rows 0 to 23 of 52, columns 0 to 33 of 34]
-3.7461718029026234,-3.573908891856332,-3.7037967327279735,-3.6074377253884937,-3.3329637542766766,-3.33532107395935,-3.1829455758171985,-3.0718072076234644,-2.9718038888427722,-3.3631516885707744,-3.213886342385998,-2.825908535929914,-2.2500140750378446,-1.855516827813149,-1.5378497173926438,-0.5712203377309817,-0.22377087340306465,0.1529457082462959,-1.134350694839861,-2.0312881165301127,-5.281326772192691,-3.417966313335491,-2.947550540998108,-2.8624472528694387,-5.262265804007301,-1.2050746300555268,-3.5740145328972557,-3.068736615212823,-3.6740118791358642,-3.2558561300055318,-3.725974136243431,-3.117449798678967,-3.3371618952829625,-2.705303886014945
-3.7302302958087554,-4.022992746536748,-3.894176772297472,-3.3653367990520504,-3.118372120901853,-2.8091090673719394,-2.993096930077058,-3.060648196788905,-3.246384692805195,-2.9802005178154864,-3.179877538519071,-3.260034511812127,-2.5059515596444464,-1.64878154323233,-0.9731578068788903,-0.40706103659397025,0.13692892788024877,-0.1741675668028082,-0.4085316668673775,-3.638735331045256,-1.082632606681849,-2.508638981095816,-2.2912072342326972,-5.701867111265848,-1.597599697640451,-2.539867438367666,-2.4205720712438765,-2.546457734530268,-3.6671491618193977,-3.6432559567455947,-3.3073192342750146,-3.1862697776612325,-3.6726983916127276,-3.4821144218103086
-4.601762252023583,-4.205474643363241,-4.071420617783417,-3.6478334763538482,-3.060186563371462,-2.82730155527343,-2.598986353066966,-2.5801750850176353,-2.297452160349163,-2.85135092654437,-3.4263353005714,-2.6888865993325126,-2.1884617563478996,-1.2433653769662338,-0.22771988605528276,0.34864109290181955,-0.2626054161673151,-0.9263128969393626,0.14999745199067174,-2.2754334056051264,-1.4838227830178201,-2.3730012154985696,-2.156430125405926,-5.856323447429238,-3.852937895123013,-2.3762889923443455,-2.398851075902161,-3.2807245976420036,-3.346463998385461,-3.914009807456439,-3.8010458021871063,-4.522836563227192,-4.467822968446096,-3.683994127717466
-4.451095850241329,-4.595278363207636,-4.402319769631925,-3.7099624211717144,-2.869255306329079,-2.4870662652607636,-2.5136115997786694,-2.4404885814953667,-2.231675789108824,-2.1969408002330324,-2.162596140567388,-2.1001184358317646,-1.8626740893141231,-0.831584334248941,-0.01015122969039827,-1.2363821255260712,-1.9799998123306304,-1.0483734812984362,-3.3418464901805804,0.5200895908087086,-3.526090176221313,-3.81295439915911,-6.406759627229088,-1.649636150096786,-2.6433677392291446,-2.5307707992923,-2.5919336412111007,-3.5691483063903995,-3.584812996388509,-3.2512543696356513,-3.386238599779161,-3.702618358261984,-3.614499371193922,-4.139213059939954
-4.051228238611608,-4.20265278794961,-3.8946443252892933,-3.6181619179333855,-3.2073191262932705,-2.681615643467627,-2.271022811088146,-1.8548509313286639,-1.7209230605394732,-1.9281147921635746,-2.008514884729797,-1.2278773565153331,-0.8390692345654366,-0.47810006209751793,-0.47329375192079987,-1.791816671928618,-3.01381511563419,0.8197238450514844,-1.0744397931504888,-4.115686284764737,-5.824715062380071,-8.813343450457833,-3.0589284713553453,-4.135768979663116,-3.2811664191060785,-3.4515848808423946,-3.179584806213722,-3.0636173147756245,-3.7488583021236885,-3.7651482815331194,-3.9259780891097624,-4.264430951100397,-4.215994282299474,-4.110377417680461
-3.410155732139636,-3.2519020859732106,-3.032811186845981,-2.879146757383796,-2.66579774642136,-2.317361437817412,-2.0980436853798943,-1.995380337926021,-1.8606093966627348,-1.434655064506502,-0.8471729795165304,-0.5426520895218548,-1.026714592620883,-0.7339320705221934,-0.7803957546334961,-0.9964904914697496,0.35532327296467553,0.4108412753436164,-3.377848372629087,-4.465726335284386,-2.484223424623315,-3.6372078852980576,-3.8157068189426333,-3.5253913005755724,-2.9103389713781054,-3.1185930363627707,-3.1293453934439857,-3.1189035744352362,-2.9467887156909485,-3.7571885723978506,-3.7249436130635636,-4.093719486523829,-3.9477509627877945,-4.062204526538285
-2.994003942102967,-2.616280459544156,-2.3306860420962305,-2.4425045065814155,-2.3289324968906757,-2.1421713287400124,-1.579106147383736,-1.0956980111153247,-1.028142673917476,-0.6453060471708808,-0.1973411688452219,-0.2759711071129967,0.18007259526106578,-1.1329499156218796,-1.8578040542185046,-1.3166336935135945,-0.6301693859967483,-1.3081093449341004,-4.929255665739247,-4.233439371888294,-2.307947238106235,-2.7204036811272974,-3.444214506633801,-1.7933234811699863,-3.636497400850228,-3.0797956411621668,-3.5207739615884166,-3.49947046796618,-3.004160451480273,-3.88208726483357,-3.965176095810353,-4.001477337620734,-3.6699006427735164,-7.521527417322627
-2.7837376460443184,-2.5404487077107607,-2.668597895123181,-2.409447405567172,-1.8975893589709254,-1.182859835687936,-0.6315308600188987,-0.36568309413298905,-0.15728414860945514,-0.15067904948844574,0.6905890163070413,-1.0546983888778012,0.41759936112000984,-1.6231059266756707,-0.8669597657559888,-0.5913156041832793,-0.9813329746749742,-2.6904234435903795,-4.29858106086314,-2.5213219580334743,-4.224377881457454,-2.4765050324151883,-3.258421377178225,-4.542117466924192,-2.516966578705998,-3.1775467912238873,-3.209054882020098,-3.8247819584917293,-2.833805005665842,-2.918931096209289,-4.579038940707162,-4.209464602957985,-4.258344751848694,-8.292749993302756
-4.051223758348896,-4.201505174068647,-3.9765456086961075,-3.49352619364244,-2.7293724983460623,-1.543103303989406,-0.8006128576412165,-0.01748247030255501,0.5503742126338376,0.3612465057120313,-0.6657097431102216,-0.4716819079994499,0.5765227544221154,-3.022275874811545,-2.747624943832503,-1.7031286608603637,-5.358846558617283,-4.503245505025091,-4.113669603780189,-8.811257336439159,-10.612237331908837,-10.874309175033208,-5.05361024307474,-3.8383411047719953,-3.3448470408664037,-3.3194168129777117,-3.6308658425894045,-3.127146669472565,-3.7911112881818445,-3.3395957952703723,-3.120032685746069,-5.383306290856176,-8.718709512499156,-6.470346252841658
-4.12489323161249,-4.100861593916396,-4.01772904440068,-3.3631233016584754,-2.4924248393435193,-1.4317854971518356,-0.46336796071083697,0.1180025738355568,-0.6528369298583432,1.6173577691553727,1.3643264832635524,-0.11133033368916104,-3.5232748212360407,-1.720394034033116,-3.7324342265871047,-7.664789406543676,-4.78729003209873,-9.714977923138346,-7.144573332406382,-6.194368338286551,-6.588746034099959,-3.5518121190250014,-3.273395395969067,-3.695347979804043,-4.494169964534811,-3.74292124376288,-4.157107230214171,-4.037058667189586,-4.075805594183739,-3.7241787725719524,-5.081766009205649,-6.221679781288562,-6.119895690041936,-6.750855478446586
-4.155717271037829,-4.091487514959961,-3.964766322845556,-3.502430545568884,-2.639388092528394,-1.4871787351381363,-0.7940730943990679,0.6672261597714635,0.2900243263984439,-1.38103394447167,-3.3893818682192824,-4.6051213019653465,0.7448142951251573,-8.046720357561485,-9.188004763698412,-11.415493171724053,-5.338154611394485,-3.9960521196934176,-11.951284959814469,-3.917975414227513,-5.4687776862111885,-4.327818307215112,-6.633896724888636,-3.758712999498723,-4.218129247070107,-3.3577003153586054,-2.558431709370954,-4.005939189971298,-3.6711178232641655,-4.856966413968254,-7.310625476491796,-7.110787081129541,-5.703159972405355,-7.072982266497325
-4.464948893193671,-4.161088062344263,-4.209729923014659,-3.725711109069092,-2.89784896673718,-1.7487769272909517,-2.0131934479504108,-2.6458679335083604,-1.435983644270402,-1.589486265977492,-0.4485561456132562,-8.704034387380391,-3.38575422540066,-11.703020475451384,-11.108382374767434,-4.167171179157945,-6.958309548431452,-13.26302407175116,-7.653308486041056,-7.714545680245688,-5.187254145613492,-4.397672803415515,-3.227337014132933,-4.435992103610633,-3.2987175769631127,-4.134496102665735,-4.787065882546968,-3.977393694456293,-3.8718249565435574,-5.238535214171156,-6.67863506042205,-5.3071804072785564,-8.447000476782227,-6.925149589129257
-5.2245653295180885,-5.081014963503939,-4.919172974202382,-4.891266914457303,-3.066990740859103,-1.8223523132399566,-2.087087758385159,-2.6647002993710305,-2.9442111169708913,-2.9955709688622214,-6.07690091267823,-8.828398421757527,-10.292138325670436,-4.111793630057729,-7.226668660361877,-7.130554374924461,-7.83162979331373,-6.137780457766073,-4.598221083497628,-4.103488959011221,-5.130097120407358,-3.3757496401791784,-3.874123290642893,-2.89123501023106,-4.910062797682215,-4.191033903620183,-4.68792216634707,-4.5059630714167955,-3.9940513170325804,-8.80630614680136,-7.122088553465415,-6.898802512364891,-6.616094114669983,-8.058873594915605
-5.490824616766492,-5.796075760533155,-5.977385463492879,-6.842274574059043,-3.2796112438878198,-9.072170095052508,-6.122114692362144,-1.8940821066679396,-2.0041987055266106,-3.7306127645709943,-4.689862671105063,-3.864856612147081,-5.5074573026946005,-3.0908676117220217,-7.07189837898525,-4.146331555573582,-7.215064644897537,-3.5096511652802187,-7.70667442378888,-4.716972512940795,-4.384415807112494,-5.9536346443995765,-3.998322979379473,-4.190327141196499,-4.140627522457286,-5.137119723121957,-4.683904339256699,-3.661627282779704,-4.405766844884615,-8.20020960801303,-7.417435496225824,-6.569090842542265,-7.6862927065202635,-7.2872126504946415
-5.7516980864127385,-6.201501104495585,-6.949346399397442,-8.514488013632944,-7.598958642197881,-1.7814546043888801,-0.36360186090629437,-2.3307804125674063,-5.64332825659909,-4.859117825595078,-11.55206562218605,-17.106099031151448,-7.759303320043714,-1.9854385781606252,-4.7150066997271605,-3.1407365501107782,-4.513257590022274,-3.802947223785397,-3.618926149137685,-4.010221040720067,-4.758872361026977,-4.18235301801333,-4.343275098169287,-4.5108418498080525,-3.693255778867651,-4.376494197611058,-4.487895981961045,-5.255785488043869,-4.445704725188065,-8.469752126535191,-7.73967062038568,-8.72770111084496,-8.270888411327306,-8.426124303153829
-6.181167726812394,-6.9741734610750665,-8.150802198871071,-9.581362262532268,-4.077708590775149,-1.4713121016055206,-5.184553171128399,-3.0667970326314906,-0.5144449049296302,-2.9325769661774657,-2.26433515337377,-2.679665536673816,-5.657640182961032,-11.930577330012925,-2.507912434137772,-3.3501347568567086,-5.672375178954978,-2.5888734426642284,-4.099639959477799,-3.372029068529873,-4.49747695280154,-6.385696412658508,-2.824685671822002,-3.630896321747498,-3.59837570090309,-3.3130676195785957,-4.155270051883535,-4.556267838134875,-3.9753282438902398,-9.570408625757947,-8.173442816606851,-8.379441757702022,-8.864440876622538,-9.860753388739909
-6.793898076213719,-7.772138436320338,-9.099073273761492,-10.295930569957669,-5.577453991406034,-1.1705144324135401,-7.116782639203361,-2.7932404246647695,-2.6517732387114403,-2.418158312897033,-6.34701653218417,-12.173202776504962,-1.3366009006088373,-2.2743726094938688,-0.7957173053085919,-3.219220386965951,-2.271513091335678,-2.7978753387073825,-4.508389922625882,-2.3629200173381166,-4.528117782101662,-6.174642441834189,-4.38114050753125,-4.669073103048031,-3.921418361353226,-3.332351044155903,-4.538166045332997,-4.825155353072218,-4.994818490774032,-7.197650165012553,-8.298728941992573,-8.67236398809093,-10.915572682823813,-10.327652119548436
-7.548691786260627,-8.261693290862238,-9.658680623041656,-10.581927757553178,-4.530357602780006,-1.7752694316794175,-2.9043070329360705,-2.7652831468466377,-5.2488063502182065,-4.542935070652533,-4.224416252521268,-11.690401597509721,-1.9399099542766054,-0.7739829960369644,-2.873480177810379,-2.5278771528222928,-3.682915339641674,-3.1541660723130756,-3.3637060645167716,-3.6007349701826468,-3.4008068517750596,-3.924639367936159,-4.31458109369514,-4.512959766719004,-3.7522893675894524,-4.415379555492511,-3.3977669577490195,-5.077675515981566,-4.134077289103986,-8.234736560824908,-11.780689571821746,-7.56832784352864,-8.724260308387812,-9.556556330662278
-7.911563971857402,-8.795783321627123,-9.710209733751636,-10.388656833499526,-5.836727016695426,-1.1493503681586303,-5.141213691801118,-1.613482018688554,-0.7429794486493727,-10.769852496479718,2.5480581828029862,-3.017803695558151,-2.363626163329334,-1.915336762964416,-2.955320837613753,-2.2504628847756876,-3.1764710796540627,-3.0173349116193595,-4.47464158127545,-4.693546580612594,-4.289650999181808,-3.432588616340194,-3.9141390763441906,-3.5622229502973353,-3.4270180674082544,-3.9982325278622937,-4.382161598228626,-3.1158013176215547,-3.3436052707351607,-4.547276688700422,-6.554551583312171,-9.761455388450276,-6.9729154522832415,-9.884067189298854
-8.254954505142665,-8.963644085095515,-9.520182022025475,-10.020326173484962,-4.539682076140867,-1.8133001494756813,-0.05288982853967012,-1.8552069179992687,-3.3149255829853463,-3.983628841203199,-2.1538833301867712,-2.9887875180984502,-1.6644295572782737,-5.147521655351955,-2.780638662311946,-2.8707592009222664,-3.1523912934380087,-2.2490687624659396,-4.016918493216901,-3.764037212186183,-3.5156798635034954,-3.4080322587908607,-4.388470058719104,-4.2142578115989435,-4.45258051886998,-3.938182086627038,-6.129464284258562,-3.7364792612802735,-3.61438985376626,-2.6060093336633394,-3.55490094968221,-5.673425403413848,-6.798618132960617,-5.257277270740522
-8.588392082299029,-9.143949878976153,-9.535007413882322,-9.98752521046838,-10.235366200028222,-2.1731588962480655,0.11011508579427132,-3.2840489348546242,-5.914690436412339,-2.5887856538057448,-1.669010913239181,-2.5446187608280484,-0.3159810294646943,-1.8052033630802862,0.05326457131976399,-2.846372279565227,-3.069507851981313,-2.7817307742053585,-1.9672870375100593,-2.9632413076287056,-3.331102279049615,-3.847397996319871,-3.602556510682462,-3.5376991295789666,-3.7970772320242943,-3.948504669466422,-3.010311764213642,-3.433588003321908,-2.28756506090415,-5.2511752564552845,-4.483135759834698,-3.816186100484638,-8.977077778916918,-8.056730597245773
-8.530302699609555,-9.28685997137736,-9.713889319599003,-9.620444051967583,-9.813140396607432,-1.081763494244384,-0.029827635598155103,-3.2143396985366732,-5.129800073332992,-0.31859424058642916,-6.756816104625186,-7.9839831499908485,-3.4565226830206135,-2.826889953208379,-0.19793420475417564,-2.378080329328001,-1.395630847526807,-2.6518900338213225,-1.5604710525748327,-1.3294983416636326,-3.6490280591919997,-3.3233447511754357,-3.1529104980999048,-3.714407573856912,-3.8496572462275434,-3.2796216951230734,-3.1959903481485834,-3.8336732524366646,-2.5877764303148614,-1.8668260921746092,-1.4504400313992125,-1.9798662434197194,-3.5566852171574697,-7.785075026421585
-8.065538342100744,-8.939200648251441,-9.56932956943467,-10.083232817065252,-10.456502704328411,-3.0948746500144417,-4.23347208378679,-3.156643417164843,-3.58466610356489,-8.126716190125904,-3.2226845501053494,-5.1134767452737115,-4.792011738039847,-1.3308273674851856,-0.898784369012108,-0.34542195585190816,0.50115255324795,-0.3748000859258931,-2.2751681746245596,-1.609093745589192,-1.3827835751668625,-1.6233900038377809,-2.579155451194797,-2.4801479133242346,-3.1053106180976293,-3.8305245220284685,-3.6890512091615744,-1.5409838645251244,-0.6712067773015231,-0.9036794587637001,-1.247671756413602,-1.4616369697666227,-1.2722546132062302,-3.2518514190220795
-7.976747625969862,-8.541644131868534,-8.555350118261506,-9.641883571164527,-10.16956044321534,-4.601948652442302,-3.1238700461572386,-1.2034377536153882,-6.331164106306387,-2.5539764010142156,-2.3490867066636527,-1.991385264608998,-1.829063999378339,-1.5924401485423,0.6386971581335736,1.7474092292126926,1.1327607518533203,0.8077377978021868,0.0820376542166987,-0.9343587943516772,-1.3553654760875498,-2.5794109183474814,-3.120536062360523,-0.8484363161672213,-0.7088235671294424,-1.459184213928897,-0.6356710932286429,-0.34823245184080526,-0.37239063031153646,-0.7650218686462043,-1.551247638904955,-0.7795334026724512,-2.8055512250329087,-2.4081756766935176
