script/wind10m.json
{"header": {"parameterCategory": 2, "parameterNumber": 2, "lo1": 6.000027932988019, "la1": 58.9999434238085, "dx": 0.5, "dy": 0.25, "nx": 22, "ny": 24, "refTime": "2024-07-26T06:00:00.000Z"}, "data":
[rows 0 to 23 of 24, columns 0 to 21 of 22]
-0.05549160849963136,-0.6591251911047885,-0.4264455229575816,-1.0269031934599813,-0.1847440084844369,-0.48209870456039927,-0.03504850887463147,0.3067454223973377,0.5631788004137759,-1.1165390823961532,-3.2353390160873188,-1.42346369793381,-0.9896688359630633,-0.09289546547887613,0.22129297427048808,-2.8579012974553275,-0.9194957576257498,-0.9461994857646314,-0.13403231629053897,-0.09994947548669392,0.17731448660340896,0.2536878816986717
-1.634073958145886,-0.5586423813013048,0.5028916255280438,0.14513001671950138,-0.49486840453595893,-0.8371693140773389,-0.13165296163261533,2.4167911321994597,0.9761312618124522,-0.6920283817761824,-1.5562861671352246,-0.9771004157792168,-1.5418624671771726,-0.6759129758796174,-1.0204096812824657,-2.668919498045782,-1.1054850775370588,-1.0295485868991388,-0.3417682861520588,0.09417611490117206,-0.10622540161169185,-0.40809519523171345
-1.1704299976241013,-0.8999797024444323,-0.13836857340711897,0.10942089869907907,0.37135888936628214,0.008352900140570604,2.9205583473886176,2.4577011835430924,0.7826518753568952,-1.263256376155449,-1.0044880410321584,-1.466142286777939,-1.10512967609868,-2.2519533884957674,-1.4818358936456344,-1.2321830614683482,-0.5585659546201946,-0.4193075573345695,-0.5600793292425505,-0.11967054388318217,0.43746442560812093,-0.49931619596905613
-2.87435236491155,-0.9005681648635456,-0.4173067216751579,0.10763707850198377,0.8115112245842317,4.397692924606697,2.711871428833959,1.7578886946979457,0.0482171274676732,-1.1918672871271685,-1.5069318771600475,-1.267232611080274,-1.0099124020377679,-1.4280776097865087,-1.600420548236643,-1.3097711722214833,-0.12658585883308288,-0.8899677759065809,-0.44820300404361313,-0.38446510949489565,-0.4629761543438213,-0.7677815653523874
-0.43240854528537204,-1.672857571012328,-0.3897707889674639,1.3401011254415276,2.574756382587541,2.7938592427660787,2.0397427892955227,1.3818593049140364,-0.15683574698535702,-1.3128140443267668,-1.345852881993189,2.6122153024386003,-1.0060758446576734,-1.0017146725630401,-1.0814755556756739,-0.9678509720857561,0.03745843926841682,-0.5447313341260311,-0.3965608874834171,-0.5680293808812167,-0.7473151155161646,-0.8243600973021147
0.6170834027165879,-0.7851961746871768,0.34195273096992845,1.6015400411495837,2.3320184998949354,1.2999579449215688,1.648529163102269,0.9016026068174369,-0.731298621833575,-0.4828346954717378,-0.5319341957055236,0.8363183372989481,-1.615230440855846,-1.2809520038977396,-1.1228571215159744,-1.366562688060963,-0.13651649965976545,-0.31049473439342135,-0.3021811424018894,-0.32730071873283156,-0.7159492744090366,-0.5137543815988351
1.637395457221351,-0.3755526564801698,-0.21313403013450474,0.40433042115525536,2.644130304722859,-0.01617892488761029,0.8817176224916152,0.1421797196664589,-1.044948881816536,-0.9267619143972645,-0.42812779800064427,0.36559521530742817,-0.9901472596833377,-0.7228607673238748,-0.9431018931417658,-1.2426418189891528,-0.5768370307639794,-0.3063349100509477,0.25106733427824796,-0.023174535513633764,-0.37458053733609936,-0.18821051986162485
3.453945247700439,-0.664302403169433,1.0241183207559794,0.7511737374061452,1.5091332857316457,-0.3565220064894751,0.39633404568476865,-0.6537371686825462,-1.2115698266482051,-0.28492903884131554,-0.3123553548833901,0.9472333619443023,-0.2321925771138129,-0.7777938813055851,-0.987940418010319,-0.19334318653786475,-0.8271794356153565,-0.5453207088625757,0.1846445084237645,-0.002025961418549913,-0.02633908230474202,0.3491502612403992
1.8304174565068356,0.46915301960321054,1.7394795498681095,1.1274712789211105,1.2648802286733214,-0.29129618403201607,-0.807775596310788,-0.4985855774664903,-0.5646481822131625,-1.4976976368328778,-0.43555910194753916,2.3030619558120717,0.5228822755465844,-0.9777093512512567,-0.982979798637456,-0.11514040557948309,-1.016202265816733,-0.6541446734460111,-0.34779816252039375,0.4492936999571032,0.07483808803521905,0.8671828182018128
4.039235913964422,1.3428888259958256,1.239698662058051,0.4800831606117896,1.3564603223241818,-1.6992274136297647,-1.0117113394868846,-1.0251340607375548,-0.6501115567527407,-1.8751966332961276,-0.4574696619587827,-0.04113931212628913,0.47448877665611866,-0.9944343138204557,-1.5022991708621327,-0.00797567142034053,-0.6760440088991982,-0.5595669118248429,-0.5766900534938574,0.7835162917953679,0.5942736397083895,0.9469138666724277
2.3884252446685332,2.1286505981516295,2.019145833864534,0.5019093623248045,1.9485851981634879,-0.9623625723588078,-0.7812579925569028,-0.5954818675077627,-1.5251215561553566,-1.1925370562483353,-0.7866804333862608,0.36860370531015735,-0.4058191085818169,-3.257899745270856,-2.381173928369804,-0.77382220331222,-0.6886519101939018,-0.43229529662030397,-0.5627009087556376,-0.1703519648187945,0.7432791086881241,0.8901069996112476
2.0596820466172714,1.9237906318064428,2.4765867814706484,1.9288327902703206,2.83453151129978,-0.6794849759943228,-1.2047357523356976,-0.5867743973637787,-1.2036780683031214,-1.6800490669487425,-0.6959362502382155,-0.4743681348797217,0.19934522865158455,-2.3597873803086875,-1.5229138412038432,-0.8447011722490698,-0.7461100529055759,-0.7287625193715486,-0.7513630717728387,-0.4602791041144903,0.6110747771332453,0.5267078824732843
1.8930558338422432,1.4683621741215147,3.0540843251598195,0.8135887367256852,2.935112907563903,-0.9229157780601273,-1.073345481675872,-0.7685566098456847,-1.441145004067772,-0.6766653321333821,-0.836088936696063,-1.4686975951065526,-0.7601851919885787,-1.347123702642863,-1.538243601225689,-0.6426705767967817,-0.11441558980666965,0.27839853088320404,-0.9412751548184614,-0.6269047679576847,1.1037388928148903,0.9891638240903203
2.6671519648616178,1.9325931212382204,-0.3741581081638543,0.221045700212371,0.13304925818477642,-1.1538391135617865,-1.239554179539479,-0.7325086403160657,-0.7683515226860913,-0.4633162154762952,-1.0889186143588396,-0.3603591966271033,-0.7487771423206587,-1.0184041756603635,-1.8359649525704327,-1.5517561370061377,0.1395591313289526,0.8850058681137777,0.47181366743456216,0.5218554031997094,-0.3338666226655157,1.4614636993895096
2.738376153602689,1.6649752494126655,-1.1113818359303376,-1.0051750189729407,-0.10144220528590821,-2.0589576100636524,-1.0109591527631465,-0.9816496308423817,-1.5320253955161893,-0.14355180390591216,-1.2967464743476413,0.7397106849810192,0.0288645009166539,-2.551052354184137,-1.368186357786644,-0.9704853945440243,-1.203245143247099,1.0283896612531414,0.43904323903163145,1.563742149243043,1.2350231838197678,2.2460840235903383
2.2318318635951497,3.486747658753808,2.9604608126484635,0.18944432828289087,-0.8189602288089818,-3.099971067110223,-0.7247466228092949,-0.7539530149233192,-2.184475354535987,-0.6212724625095445,0.8776132326259645,-0.10636288532165365,0.7376991806403915,0.24085327960778663,-2.1883772789439555,-0.6393946694439999,-0.5077316453030852,0.029078878357904014,0.4034425029495537,1.6490752303472103,1.7502903579135307,2.521821659747514
2.057803905877344,3.7173852832507515,3.2257399146110832,0.7004278348804356,-0.6083291386723334,-3.08220427625992,-1.6420647235796706,-0.7302128023235831,-2.0588814186454054,-1.3540680177450157,-0.6407968450270021,-0.5869990621596635,0.7012592370030135,0.8004722292522184,-2.1349381177673665,-1.4451104475818601,-0.5391783479176335,0.08849919124821785,0.5886126759307394,0.3335461720423522,1.553766288349708,2.5567588138874715
2.8421963446836185,4.341082697721002,3.6364922846606755,3.2833803319583317,0.6592676328746779,-0.7672914977904711,-1.4627109638552505,-1.5566907520222395,-2.3253178198928817,-2.0550974527224053,-1.2573704484570531,-1.4178878443195133,1.4652055196132387,-1.6317408683905625,-2.179385271488465,-1.9971050357665148,-1.30661085525442,0.09540706023799876,0.7826688520150415,0.12649160609935398,1.6120303028735368,1.7846099305677028
4.447588216294685,4.266795936383912,3.094428987873351,1.4645155903101033,1.0772406362053735,-0.19134139557659888,-1.4854026678215917,-1.531167933486001,-1.8959546126620455,-2.3760283788627956,-1.3627250914455122,0.2413451662699899,1.6490602242099146,-2.0009532136749835,-1.747661971485072,-1.302621581051844,0.2944193152506767,-0.4173691692794388,0.7047664991107327,2.119248452220904,0.16985347580405002,-0.2246104670221296
4.557534063400886,2.9916493149600205,2.181935421014253,0.782149695273758,0.5944314797969393,-0.7824894031496873,-1.3123873031542963,-1.2350542764217813,-1.5696148585427703,-1.1001808131813147,-0.9199489229045467,0.36191436764544754,0.44508423255851637,-1.406713635367841,-0.6300507722971781,-0.6602959580968303,-0.07430540126623462,-0.902814398507559,0.7054332119524965,1.07977164232762,-0.3834071722154843,0.1618160581836654
5.366523493660602,3.183113500606963,0.3160478257603936,-0.6076849304693545,-0.3394249434633661,-1.5172351373908308,-1.7081368114318314,-1.181235155841235,-1.3377776718931889,-1.2182153228091557,-1.5894839250623127,-1.614969472417635,-1.0107062154371036,-0.4835856593262587,-1.509852851071054,-0.9537655031562253,-1.7817882536516119,-1.6391243353633378,-0.27821595348495093,0.004948193922172751,-0.5849935436682173,-0.5089914278006593
6.243113447455378,2.0212600824090177,0.5177858436207193,-0.7512089365114821,-0.7890752071946784,-1.8523012715144904,-1.2397579118342426,-1.7806645120753293,-0.8170098929895153,-1.1929734655122075,-0.9137585320208448,-1.3244035763398847,0.18631326848698446,0.2839073953350507,-0.4902625170548762,-1.2678541191821258,-1.2163786180631067,-2.695604005507123,-0.357323034651231,-0.7128560768415375,-0.27326744825606075,-0.602780033397386
5.877031842000598,2.10318055078829,0.5081175103313234,-0.2001845029117044,-0.44864222805287896,-1.3117693999357514,-1.158311907280983,-0.8000228136038682,-1.2902515988243495,-1.760293670596474,-0.9480876023644114,-1.1221296247390768,-1.0364509200837566,0.0015224340992217736,-0.3667947895600046,-0.9578866039587915,-0.9995714998937859,-0.8079135564409331,-1.3897118892308682,-0.4877149417902695,-0.7746872083160918,-0.8894964221602095
2.984846384772704,1.07425337206694,0.3307708758126166,0.7872107730615766,-0.30150255585176544,-1.7235360341844406,-1.894475474475386,-1.275968814786644,-0.5386772879522688,-0.6275842291734265,-0.8182422314699614,-1.2333060297309528,-0.23922039625850267,-0.658060733873517,-0.6170259103684212,-0.468129026842766,-1.3972232640450923,-1.3979434476761035,-1.092534268099106,-0.8871650319632333,-0.38073693346565535,-2.0774303901403597
