script/wind150m.json
{"header": {"parameterCategory": 2, "parameterNumber": 3, "lo1": 6.000198445256149, "la1": 58.999992894266676, "dx": 0.5, "dy": 0.25, "nx": 22, "ny": 24, "refTime": "2024-03-21T18:00:00.000Z"}, "data":
[rows 0 to 23 of 24, columns 0 to 21 of 22]
-1.0732389929435464,11.775565464552308,7.966032586537398,-2.693847905905594,-1.4066745490624648,8.369184934212058,-0.02845453521101409,1.0064333917805455,5.344110922529456,12.121232706976928,0.8201877150119642,5.555464038369735,12.596035933115502,4.941515722797921,1.6324303998739342,3.963680832299446,2.859416779459246,11.448486439089052,0.8826080709121451,10.06427679200478,4.098064586005431,1.0763798297949612
-4.058573279176586,7.182121979202317,13.265848766946686,0.16316839236036743,3.080608242572931,-1.8043592311336971,-0.6053741184038928,1.0880995335828232,-3.3422195626602975,-3.877230310177147,-1.8981369750216859,3.1346042964670726,6.14314183713912,7.585315914271576,0.22262273557716641,3.5061989626641377,-1.7434117137617742,6.466793389130678,-1.734655340219679,12.130079193393811,-4.386305497636214,-0.6408191626337467
10.730595641527158,6.716865931565183,-3.404597710298899,0.11623090242330926,2.5529942325940054,-3.914765787677836,0.9674270137064747,1.8978879857970747,13.028259780136501,-0.9492257019593063,6.608582201983546,3.1748412267005093,2.6233691969589032,7.880861519402168,0.3804253254438156,0.3807489012669374,7.62899912309262,7.9326947954310025,7.9900189665608465,8.188000877014835,0.21994674980742057,4.050801192239965
-1.1863035651276275,0.4752085347113071,-1.960128871593379,5.867275460284145,3.8212282064265435,-0.5516949170485346,4.037034217740225,-0.4143531292535492,-1.0785661965721365,-4.830716229089852,-3.435060435851853,-1.239923135094391,-4.077572775209549,-2.5702713336000835,5.705895627221933,6.349604941817934,-1.9697631458949727,5.568934637242334,5.4510392936478596,8.42983508398761,7.31422711242241,-0.6638149791413459
-0.9387838227872398,-4.546435353925897,2.3382400110679993,0.469902469611864,-3.5050760967031476,-0.7234475104628978,8.234620417136028,4.00362398371151,-0.5245678429817284,12.399832014593999,2.825596882162158,8.544078370526131,0.42362504583007016,-4.416903125876919,3.175699469034751,-3.6123516069441157,-0.2299018522685406,8.387303668980291,2.938886709049778,2.496250289918698,2.786852503962044,1.7550412770767878
-0.9202680779554611,-1.567935678634894,-1.061408204622205,-2.595498247034676,7.644644369933089,4.004778473133421,7.42492661532611,4.196433927518579,2.7534371920653986,1.2540881322906006,2.9448457925494216,6.235299100400614,2.1021758601886584,-1.3041836719859081,2.2111171460365315,-2.4455540972888294,-1.7100499223934076,12.857084766566976,-2.950496185737437,-2.1465365623260664,-1.6916814278168926,1.2248952727749123
-2.1247947496828337,7.458994845580705,6.461333662060402,-2.8155910884350113,1.2111048495876398,-1.573450988995441,5.355200009365899,5.961678022129732,10.695990703680582,7.273790906184346,-4.3480236506814665,1.13830175780372,12.856255873548283,0.059179100851047474,11.692753973773332,10.518619941357068,3.465771358229484,7.416471982155959,-3.484726052911176,12.719121541627558,-3.772523908674308,2.5790296130663117
2.12788849467727,-2.1888841217914856,0.8695805800664743,3.8850274401542704,-4.457259862605473,7.556609914764468,-3.470228037340936,10.284284638314547,7.4703714711587175,3.8453747803730534,11.101170899806451,4.786130096534955,-2.625540785791112,8.327146833428534,11.96966126221057,2.273457629708216,-0.25841375146435525,7.801585711265603,-2.4879447113554143,0.0887344212058685,0.5298351914488768,7.992711703348748
1.856004642460926,-2.176880588467829,7.416209032341805,-2.541353204879502,0.8865225953134962,6.804115580073541,13.111732445334757,10.889955715038452,5.672265591482317,2.268078118171938,-3.3950437385080234,13.438002244428388,-2.6136909271506563,2.681125575817668,2.781558462643271,11.846093286899192,6.697400413666715,0.8272070977628357,13.004625015629424,6.446597676044174,3.1179738497932297,-1.7025241861672689
3.4337149655091483,-2.9038473953407897,-3.610572574133108,6.266791980333064,2.286360168990932,3.4976065189182473,5.755955283679283,-2.0787857594881776,-0.21348811073079832,-1.7638822854208924,1.454633378940308,4.2851667602857955,0.7595338724523956,2.8596664467124446,0.434994757077388,-2.36970595010914,1.621425472357142,11.579235169840029,1.0489841843953551,3.5316467406777305,-1.9479490364661787,5.6830269466488375
-4.917545708054406,-0.03814546616941662,2.9452422327025953,13.280334275377465,1.6654154907224004,0.683126397966724,-4.071696876222493,0.004145294629129722,8.575349839472624,-3.7454773433674355,11.464168902125705,12.808595586011167,5.494106584668193,6.494541149968905,13.570514977410628,-1.3107555204576526,-2.095678450048976,0.758549706495443,-0.05110304582174672,10.250918801302896,7.70231010552935,3.053588667452285
-1.1663268447061836,2.202642073457726,1.4051250285191785,-0.29791899754777024,-4.278071736785475,2.945934912841035,3.2344357684585017,0.23365250241238267,4.767045831366078,4.911590902359978,9.20237955133121,2.780191248570059,-1.5517132129512325,-2.1271844464101894,4.047406451402466,-0.4729601596933894,6.796352064248997,-0.9144871588778817,8.287158642097355,10.834494920821294,8.590994119765762,-0.7062000657183105
0.8534007386964354,-4.506454352474183,6.480318058308794,11.981518067746771,-0.8022149817624463,9.506116643786802,10.113287427205048,6.7839701611997105,7.433051029988274,11.656098819569904,0.05455254681971425,2.016533990810765,6.047711912655098,2.3867378371642234,4.468671165788744,4.2170100182257855,7.956951898561673,13.346058443856425,2.199803904567824,8.680176428268933,-4.031435586303775,1.7673597641845604
2.7638973018337896,10.302588230440648,12.702010237624464,1.9802261617526271,1.1091692283764127,0.5229521718853152,3.293869632042515,6.153936815793521,0.24460581648765514,13.568992733296684,0.2269326219900814,-2.0551048275831123,-1.2617553390181593,6.3899019295461725,2.7292387134836256,-2.650770901497084,10.640938936516722,2.1934163096120325,6.0582103086389925,8.190699260962669,2.8044670803352023,-1.9106305450422636
-0.15720488351295892,1.2767457230021233,2.3268539407619,0.5312190176548774,5.320561499693921,5.551296628760374,5.421918628233016,3.395496669671297,-3.27667959618992,-0.12005057512097048,10.586024964634897,13.328390410683287,7.811119304015837,7.056779526527812,-1.285466944832274,-0.07611687038711155,1.6837496694448135,-1.3840718427108158,0.6752663592167458,9.593954960324178,13.239472764341379,-2.4217667078403116
7.979746673742389,1.9615015476389595,4.587384752764761,13.017004211379678,-2.476015095158612,0.1519388902326901,0.6214634108004354,12.668827633176557,1.2836588992697238,1.9524280663855806,0.2984389628004752,-0.5756014537111875,5.62427856317988,7.264252991762905,3.344486581772408,-3.6143821780116827,-1.6924210088565912,2.641665051363705,-2.2156186426317115,1.3453867502418186,4.978751097193576,1.1127340478916017
2.2906929906487257,-0.9727981538238257,-2.060634844031421,9.742378370549154,0.680433345810453,4.144301690147246,0.9448436484357239,-0.8615275555904746,-0.4256773168487142,-1.083794781512749,0.834796006790186,5.591612054076941,-1.3480312653758162,-3.800641699424881,-1.6874940865130916,-0.5515052861582908,-3.5221324081238414,0.8086336861197871,0.4285419146702305,13.332761357652048,2.299687993807005,-0.09875414881716116
0.9914663336073999,0.8892030658453397,10.589191034583479,-2.729043593595718,1.7790067953894975,-1.115010042954598,1.462813961776726,0.9886507008488818,6.431104924243178,10.258495638281351,10.566746541816302,-1.5252736088223542,11.626245450080994,-1.6705156237609182,-2.2589771319287175,1.1546509025970404,10.1390371963427,4.688999706727285,-0.963796926633798,0.19163754474654537,6.874180602801772,13.135661998566414
-3.2633433375676395,-0.5379368526849443,-4.219640166912097,0.9995614396870883,-1.3198529142506943,-1.4888460095400722,9.408132172395037,-0.9871275529287817,9.862054211549475,2.8797164914220894,8.024527794833467,0.7518278948959443,2.1579631379325823,12.983099560116734,1.3159289585963407,3.0190863058081336,12.514450528330205,2.345631607981673,8.981182001221121,-2.4905676745274588,2.018048359303354,5.701936974083726
2.6333650763084804,6.068987297666518,-0.2761515188309641,0.5549902208769407,7.513668092786573,5.674254216107214,1.0914160817372602,-3.536708964644803,-1.9352131430617057,-0.6000601672181559,-1.6973246626100393,5.932818237880437,4.099361619709685,0.3049862369110118,2.4071251233637376,2.4332463913184688,-0.9882893106847309,11.345754616903783,-2.7884593001169384,-1.3614810044211259,-1.3717968790309791,8.632441925035911
1.7235246526438788,3.738152722492176,4.338544906377021,-0.8565285582940843,0.05556069248498622,5.428002249823008,3.829313252404774,11.693277105109447,2.09684811331814,11.936231476592889,1.3790430145419654,4.767949571247032,6.400612948479655,2.147244708894506,-1.997148882750229,13.478967561973343,10.401107930828339,-1.0853694217610514,2.8195993311293432,2.438769064655767,-3.031559013397106,2.7699143573840903
5.326617624007968,-0.6557038563963745,1.7353555305621156,2.886501831038316,-1.7623850311109641,-0.4522520614155748,5.588826300981226,0.054088954161838176,3.886427472843601,10.162430454658834,0.855028262495158,8.716461100135117,-1.4562842991089642,-1.0625956471477642,10.08567561780871,6.503139813829853,10.255598828040403,11.468877451263209,2.0915227666317544,8.332182461365772,12.875979169190279,-3.535784118941706
-0.3672357324200604,2.5793806208387973,5.8310399656345915,0.8887038943761706,13.104212899043551,7.894354177682122,2.9005345907690874,0.49412200297997316,-0.9757890968142384,11.71251708704093,-1.5325282910123694,2.266190320562697,11.805776543338565,0.18564518911917974,10.522855221985134,-3.7938266983418587,2.1525188700705433,0.2746731846024517,12.647798540093774,10.018583540140707,6.982208912578934,11.80735903730876
-2.6246793895088563,0.6055443214342296,-0.6155627538542567,0.6795186676540131,13.223050233760306,10.698511997588854,0.49387084971394557,12.283773254760783,-1.0234988786914856,-0.826122030811051,0.4298574794816037,0.6579561103459779,2.511115323063449,5.145801917355122,1.548080598405421,4.566610153878161,0.3359654417090931,6.708944836100044,0.7924080393763089,-4.899341221370801,6.571530001516721,7.755657886577148
