script/wind50m.json
{"header": {"parameterCategory": 2, "parameterNumber": 2, "lo1": 6.000198445256149, "la1": 58.999992894266676, "dx": 0.5, "dy": 0.25, "nx": 22, "ny": 24, "refTime": "2024-04-09T19:00:00.000Z"}, "data":
[rows 0 to 23 of 24, columns 0 to 21 of 22]
-2.3123575934279668,10.255377488973105,3.9722123487332874,4.77999800303722,3.992638609227815,4.161256473898356,9.72491458738552,-3.1026257582777466,9.259624371051823,2.5572132390451463,1.1151352468851423,-0.76292110610562,2.460206429446146,0.74293476182747,-4.1305544258750295,2.9086130768150347,3.4460570035838605,1.2540870182668402,-3.791694293663872,-5.230406954858549,5.230171405315516,3.632162577057212
-2.187350334508373,5.165984866621956,4.966071675919619,6.076166896297741,5.762267835373954,7.2507310035389425,2.8606876679142834,4.6595581956011145,5.480071527314888,6.222121958977458,6.4329627048204365,5.157359718078918,-1.7083334284266918,-0.11891151112578065,-0.910603359911867,4.319947730379732,0.7827542913864676,-0.36378969342573325,-4.078359151320551,-6.581090204560209,-4.407892591089594,8.06082076793354
8.84319685287634,7.127797392354186,4.930461457399418,4.750793919192087,10.202434553657586,-1.8280823694156105,8.776393190882809,-0.7193465775475417,7.6474765393956705,6.25714170225702,2.06449820072596,-2.6195807876710635,3.788407275583502,4.508636761886407,-3.725413920888163,4.960732792135306,-1.4629350469278624,-4.3296613808398385,5.969214601568149,4.712005850243072,8.478581082798236,4.584364858502613
7.626073487039254,6.1358543951769775,4.951736151404272,8.051778263029249,12.912941019459291,14.332224308517445,6.383402275513394,3.7110989870253808,8.362789533361559,1.2441338983493957,-3.2939086129918924,3.781540158967706,0.8060729847700193,4.233551481139082,1.5539609452686811,4.824921805632098,-0.5781372901591745,-3.53844628064589,0.8516098263801789,-4.803680769571598,-8.031379526579348,1.325753578567759
-1.0655788083409765,-1.0841721818136392,4.779578296389705,-2.4024024264477344,10.80405387973994,5.072612025632352,3.7219944377920062,7.956102718453348,6.467553774038847,7.669110477317494,6.450816692340093,2.5317850642145148,7.692646079104895,-4.179304824497758,-1.265657334052517,4.8616068379451605,-0.1341437793060393,5.649645857495033,-0.8165753535118827,-4.004520992750843,7.674572465303925,7.4784189391586455
0.12725107211473272,7.855958312462363,4.691864522022106,12.94969007830785,5.032075793306553,3.091868332052755,7.780903025531087,-2.7797544045715137,8.633811326394959,7.230729571806181,-1.4284963237543638,2.394539507288618,-1.8774599509655707,2.93259344727297,-0.6648327612491932,4.710152231959396,2.4934405035923386,3.0927269399698814,-4.613002676580343,4.097986222788525,1.3647567634080255,-5.131433969491923
-1.3666694935484425,7.620825575939554,4.3419743981671886,7.75315493161809,4.190227065732299,-2.1315507202890736,14.555610611932574,4.654648661627473,5.884927914321938,8.495654359360234,-4.276288992408924,5.748293913007509,4.747227877584519,1.512739326314678,0.6913933277281025,1.4788693262700436,-3.86364999819808,-0.851509016783864,-0.7246481953520665,3.8247728155319383,-2.464600363796018,3.630955887778334
6.7766787339945775,6.797977117410343,4.112222863002909,3.4315571226318653,5.6747396524772,13.66015690731232,3.6923558011604554,8.197202753170835,8.769147262094675,3.1394765225547454,1.8217148232585585,2.4871959884459796,3.6945847261214504,-1.1007471873274937,0.9820909806433122,3.0805490918015215,0.5965834182222811,-1.377311597219903,5.356460396892669,-3.371775638027295,4.7647091390630045,-2.8168831522508615
8.352190951728605,-1.1275564876483608,4.029341680290005,5.2611530788024155,-2.1984567661318644,7.54516359381024,7.483218871634433,12.833900313275933,6.123293318037015,-9.701075700888738,-4.72009066980901,3.936183677787671,7.891442640669453,1.1456484325394525,2.0806748331823544,4.789961835216756,-4.484588846731933,-1.1516574213906596,2.4071876791861615,8.164930635081152,-7.1523162135503915,3.482696582752679
9.061808514861594,6.892150920632342,4.032378682312063,5.0578944015324545,13.1249976967119,6.933587036182207,12.794709361884966,4.159768531364752,-2.816941264879723,0.9215562547822985,6.032402832396905,-1.4347321350323192,3.7359221906803244,2.035719490266298,4.43009234272887,5.082070962824044,4.754238041133515,-3.651101278375179,-3.931120672475023,4.69405980503339,-2.507309669326099,-2.6957905862338043
-2.299412062629923,7.718761411378849,6.641734555841695,5.981262790448535,5.960658072238912,13.687650286719048,2.829039797588219,8.303733100987412,5.938794890352148,1.2954085486833584,1.7091672505004334,7.013678680248849,-3.008048195591466,4.3626201919636545,5.264133226746569,2.9156366066661947,1.0232582985245582,4.579944984899446,-4.686588744607773,-5.801197583493851,5.523084695944154,8.571861013576093
-1.2260013814254827,6.804529092878469,6.560498897000346,5.925890646624495,4.9425736449365925,6.4134943927924235,12.495362379201804,4.905734495001954,3.989814429473536,1.7415126254094575,-2.9289367502664074,3.759580878746874,2.949588808326782,-4.675784854535706,3.817397703650949,2.7987848833800575,2.7421991184860937,5.819477274425039,0.7472158119280398,1.19887939556813,-5.014998279576015,2.1708040623147586
-1.0276686024674944,3.5706931492764107,7.280836830568131,6.071203284163137,6.3042423135231465,4.833458804739462,6.724676291795296,11.605550730721104,2.9421266093647396,1.5933193379977648,6.088331928442167,-1.0930834166498247,1.231082596504474,3.000114275973185,4.061066995197596,4.316112467686331,-0.9590063968824066,-0.4658854393618429,4.004654259745627,2.9239288426554118,4.801954181672304,8.346488907351603
-0.6915008064859248,3.672938510075212,5.2839705539268405,9.418761412273374,10.357365504593954,7.126381245094565,3.023918388715502,4.386601543134213,3.8305473463673296,8.069300962341337,2.172400645760357,6.431176063197474,4.749513728099647,2.770133796959449,2.7248695458532772,4.493265226597276,-0.07633311825343381,-0.20389437431659033,-2.93627346398881,-4.988832032618993,3.9108830527189644,1.7478532486678933
-1.4606072535600352,4.684523089904935,4.991908472130455,12.477157366516016,11.805339807007663,11.785201850571875,13.997079170525492,7.86389144725317,3.4436458042772737,7.319640305193822,-3.1821060203672653,1.5303526610359002,-4.0141596289431,-0.3340665793020761,-3.272571814835716,1.7895811988787276,-0.5197582669566795,-5.672944085272727,-4.257181702132242,-5.740153989811978,-7.003024830957461,6.0484165420926335
7.904892054103212,4.789054317137051,4.468820540529444,7.18191339036642,6.650699133180829,5.106937935507565,4.9902055895759325,12.64988381260269,5.759051641139542,8.41904838175052,1.8999814306065341,4.628800728153406,5.250279265873412,0.5832750418294308,0.1923459967529525,4.352008670266911,-0.8050238892744057,-3.851219701343077,4.0003545877377436,4.978834322781706,6.484474065952108,5.655800325174156
-2.0971339862929,7.678569213015586,4.870639760212147,6.927162891929349,4.908573756539964,2.544761290487336,6.839815441513977,5.9908661806830406,4.06934739925009,1.8420233200040783,0.20218871281314313,-1.5939771173950672,3.4288917826230514,2.667402358447241,-3.040921186215165,5.145611200730866,0.06506348122954685,-1.3768078882169779,4.811617090106836,-7.148819483832289,-5.294784128076137,5.142038123064287
-1.2239323857181061,7.9930857055306905,6.187033599975443,4.31395489809586,5.685720913468758,12.777840674403219,7.1106371051896256,9.565550503581814,4.891133364980861,-0.618905517667759,7.134394637092208,6.338396003852168,-0.5848117647958883,3.225008641062297,-4.0044106993484405,-0.214015461467848,0.42374468048268926,3.6987434920996733,-2.0472187097665406,-6.508749890447894,6.659130532296531,5.283687043112805
-0.5231829110248435,7.194065664435125,8.11048915641034,6.516498165601348,-1.8408887914694398,6.343871682134144,6.332436655877972,4.794861776284637,4.962012766663219,7.037468385967068,1.089033551319002,3.2539158632218377,3.566575590666481,-3.442822056326715,2.577676942819791,-0.1220951362942644,-3.3665804021279784,-0.2776841129982142,-4.385581342721865,5.9033761398286,1.0895005472344574,-2.0694475861617376
8.360993043954975,7.0535899295055735,6.882105911774516,6.663205213815983,13.149573685011706,4.78680098613254,2.912219942542667,7.291064173686731,3.686971246178279,6.4827457016204555,3.5624055233276675,2.729223157001244,2.7978880148451113,-2.6982852677045286,0.7618867250269654,0.7624993452016681,3.156639217886075,-1.5491115063170813,5.885298794030931,-5.292481853938551,-5.994469488060677,4.786620741062132
-1.5528967603537385,5.384118446115692,6.235427531916897,4.667068824861887,5.278272839034602,4.014688455597666,12.543248778951558,12.279089228379327,5.300598515834896,8.45750308100105,7.327626238866171,5.697892604733473,2.833815195245588,2.447124908457714,-1.262868822778784,0.014119975889976951,3.698380684363298,-2.4501498220198776,2.323221184736386,-3.853825021260201,4.883085202787602,0.9021982283289366
8.796336629572078,3.751711651331875,7.693827854019595,10.051740064304783,5.29592637338413,12.207650901798774,5.825742914926922,6.47770736544374,-7.533338490527383,4.71749596665432,1.6985205041629283,3.291975702316667,2.8294652919863728,2.381855812258171,-1.0397829348732563,-1.3553166985246314,2.562219909339885,-3.765201464157075,-1.4623385383762926,4.81064743419607,-8.07284323556921,7.081126313053632
-1.5586138938212737,3.485189906058797,4.0341122024334215,6.562410297693645,6.6236817338089296,5.409401373380098,5.989359274527221,9.238567687192734,2.8317765070416216,8.519774488660994,6.875904066833104,0.2975183600679948,0.20177949310041654,1.3341391432606788,-0.4731273363063593,2.074205860875184,2.8272756113533024,4.841904995077926,-4.4870813972323464,-1.6675915829645085,6.208938150370709,-9.152107853561112
8.029326782550354,3.5400845340938054,4.835500764983315,7.623654089641827,13.327679019481668,5.304594786915472,6.336266596185018,4.4622534919827945,4.0985405550375695,2.1374316400368496,-9.463316020416737,2.695796210869184,4.313135313513117,3.105698424387988,0.018898153450206335,-1.6611254132818516,-0.6369878273171036,2.1971206565160957,5.2525736965651095,-6.321219818102179,-3.710163238517253,2.082303414634082
