script/wind50m.json
[{"header": {"parameterCategory": 2, "parameterNumber": 2, "lo1": 6.000198445256149, "la1": 58.999992894266676, "dx": 0.5, "dy": 0.25, "nx": 22, "ny": 24, "refTime": "2024-01-21T02:00:00.000Z"}, "data": [3.792460661699013, 3.8155909923741484, -0.16492457638771732, 0.8730359272370384, 1.982422588760482, 3.3235644761656884, 5.793999650016812, 6.575901200964737, 5.870629674469714, 3.0306921345487496, 4.112273917012092, 2.6707461915304465, 2.490584147046128, 4.226100415174569, 2.117531283835965, 6.326376323920817, 5.109643275279061, 2.7274697412482185, 5.175632185906278, 5.320573163414025, 6.799284684112136, -0.9346561365027374, 4.052189535189536, 2.734824027466371, 1.5407198476906687, 0.20262750439530475, 0.4680585995854491, 2.15551754626431, 2.914494901554462, 3.2870391911470564, 6.021763817753974, 5.5271627607709055, 7.346736457365981, 2.5884162131285016, 2.002668861813713, 2.950321267408865, 0.9688304681860015, 5.763557700738257, 3.575912273106185, 6.279850246227543, 1.1567787768173832, 0.09328375152295575, -0.360551818098012, 5.579697716591431, 2.420884853607347, 4.203481486350197, 1.1995435569879798, 0.15638985529527574, 0.3328201442847336, 5.604468823591877, 2.8673101477379492, 7.691607573158559, 6.507162911727248, 7.563944775519101, 2.472098489272315, 1.6431330404806408, 4.618956072979129, 6.322792855424594, 0.6668172658560623, 3.3216471920879296, 3.337802721861893, 2.3812537330767056, 2.72903812657076, 5.26632690812627, 5.360087959184303, -2.420108907855502, 1.927435956767979, 3.3481260701076603, 1.5698872830323707, 0.09767993919630108, 8.51644329581972, 6.806928496452686, 3.6091469354017316, 6.5783756401301865, 6.8578313771108315, 9.353563437855167, 8.157080509728281, 5.286258892688793, 5.1397685434302485, 3.346250416079614, 4.274018637206693, 2.935127693513737, 3.224558670700903, 2.3503068886556693, 5.083183282486135, 5.453830750684902, 4.288984158978077, 1.6908509600348578, 3.243468968808042, 3.0905598900522087, 1.539850113533399, 1.827855263166611, 3.726457040535416, 4.735598802799463, 4.67504947495833, 5.679892592356628, 6.85300117799564, 3.5162412354220813, 4.511925008903056, 3.477566277336854, 1.7642089628574742, 2.1180922608359607, 4.441866543179565, 4.489949610163211, 6.5471671333613894, 1.413856461650255, 6.687304744620182, -0.3980567218387133, 3.8177939090309305, 5.568997478352756, 2.0825005493060096, 2.1861077898725183, 1.7763354146505859, 4.859481505020169, 2.212235276648039, 2.326431228137272, 3.1757002244026444, 6.635539326986427, 7.266018216654535, 4.146338451384518, 6.745385728284009, 3.2994170731285664, 2.0406696929814006, 5.901160834109097, 3.2527639813706974, 4.317466421637266, 2.084800775737714, 2.571833247845062, 2.0604957792923284, 3.0237406904481476, 5.685474634526743, 2.4411890156590967, 3.694242481199443, 4.1820621574707655, 1.4305755174455412, 3.059789621797984, 1.871571810258783, 6.62687842556043, 5.3234919947173465, 2.823678621932717, 6.525991249665567, 7.417546235177636, 3.7882565991780712, 5.911497079953788, 6.947545459712043, 4.538080148172525, 2.571479302758073, 5.318607002658826, 1.7820066225837194, 5.591402627393748, 3.6180510192116317, 7.56618525522107, 0.1051492414908517, -0.8900841803123373, 2.049229884194346, 3.4360345670242367, 0.42396506582814114, 2.610959579359166, 0.23431703845180818, 5.774260025835417, 4.24593435233894, 5.696812976609146, 7.3953788545461885, 3.2469341872850097, 2.4397787063957663, 3.1739688868158487, 4.92596499356973, 3.00408286998762, 3.045814423950914, 1.4582963728277407, 1.2466267417019172, 6.249256221293962, 3.9388177231599397, -0.1694046123930728, 3.1278573729794035, 0.8116552125237223, 2.171607365530653, 3.5888968094868643, 0.29280290211198085, 2.3081193026846285, 3.4391608873185113, 4.90857806187594, 2.8476278091736775, 6.7003220331515765, 6.427614937262442, 3.1401436297551726, 8.12743907385904, 2.5110180789346734, 2.963312884879101, 4.15332219631135, 3.341968196533898, 2.9179873783375636, 2.2795754820508978, 6.1650517907452835, 4.642009573320258, 3.363691568492946, 4.296240881564158, -1.492696367486445, 2.6726828420664224, 0.060222242324368264, 0.5433951041282443, 1.1703020138388605, 6.661384224226834, 1.8811654381330454, 5.266695594303717, 3.3198611277848786, 7.369849316032278, 3.893662802736608, 6.180946230799726, 2.789036666030562, 2.4906598008434977, 5.882641499550907, 4.212023127675397, 4.481311532665007, 2.3858109306571587, 1.729070249269275, 5.225349138584888, 6.75686491690347, 2.7529629476850537, 1.2410618308941292, 3.6158553570705485, 2.0291086350253176, 0.30306458504965683, 2.5050985510759887, 3.4539200688572493, 8.648494990978305, 2.9792984560156013, 7.837165129853992, 6.464870923688334, 9.381439984871449, 2.725580840952668, 7.05214579203697, 1.884778998931567, 3.06907939044592, 3.5891381892271235, 4.473533029661718, 4.009273739644217, 2.8148251506493827, 2.9126002568001224, 4.930692006848739, 7.1823909158852, 4.0326346361793854, 2.1129840821975177, 1.958689327778466, -1.3402717709157452, 0.25830053472827663, 1.991921400596236, 3.433372364879723, 2.9646548388719105, 5.858425221665602, 7.600374673382425, 3.5026512740513036, 7.815557234828708, 2.3904827041685834, 6.173058406028019, 2.296041050504374, 1.780232869448633, 6.227247309715203, 2.485515507620001, 1.3303087628038348, 3.8613109325547423, 1.9137820792139824, -0.6585850469906974, -2.149315569131732, 3.2997908646561407, 1.042814217031839, 2.3585618367661683, 0.09316282991566785, 0.6828512169461112, 2.5006223053350167, 5.180794541228303, 4.751922361591361, 3.5312817061060007, 8.661180451483373, 6.075891333437295, 2.8044823571698148, 4.205931540980844, 6.906980124749036, 1.5793724117988217, 5.5535773739452114, 4.060520562508273, 5.774077293612525, 4.013339192327708, 6.460708186873705, 3.049638757416229, 2.553787711891752, 3.009542599225156, 1.270642033768455, 0.0636494632708421, -0.0931369272046637, 0.35840150852460373, 1.914405553298789, 2.3276222962066253, 2.9611115733630684, 8.180925212060387, 3.8391220909451773, 2.7976379646004936, 6.787221339949637, 2.615038004238462, 4.983439158665973, 1.6832683074998356, 4.397507699406938, 2.307715781831524, 5.006976426509853, 5.716903713846342, 5.431111044259659, 6.585797595470469, -2.768910735608684, 4.009010133025266, 0.8738690214447407, -0.11476781612284442, 4.586127498009918, 7.92568068890761, 7.837296376264097, 3.0840220942925876, 5.587754338578154, 3.2234812921437763, 4.282623628419131, 7.229263977639181, 3.166873280018486, 1.21525106997145, 4.056889642885454, 1.6650779461071605, 4.768315569154504, 4.17755161043451, 2.7749932399948247, 1.7747685988985975, 1.8035453155352112, 0.2891807677631313, 3.7055378579835225, 2.402172366146656, 1.5521779783331167, 0.20654184485082455, 3.1096248532309834, 3.6523745342467286, 2.229275324566608, 6.140152947998458, 6.815548612276705, 8.492511599047505, 6.565215968378159, 4.584727720613989, 2.543538634163368, 6.7032454509921235, 3.1051419932791235, 0.9834959396037959, 6.194362097323658, 6.124865635388343, 3.1220183977388243, 4.042685123305334, 6.107260598060923, 7.874886693292598, -2.993757474569853, 4.060008089064276, 1.878415471817777, 0.6139078039595051, 2.386347342659624, 1.9974571799442555, 2.403413409253554, 4.389389884777429, 4.445240094170057, 3.0145809758113042, 2.633267790811607, 4.499618753124554, 2.818517626086924, 4.043837347260766, 6.006279907486335, 0.5274920226726085, 4.613211597479581, 3.3253336725000437, 0.7451595388642066, 3.6366374232625107, 4.983292538699141, 0.16936493721150814, 3.751923414656196, 2.648456427860661, 2.0149279556387527, 0.6004843088608763, 1.7155953036706109, 0.419565460732426, 8.928621599501751, 3.400263735613254, 6.6316439203589415, 9.22210450135082, 8.219886907062318, 6.517723425823319, 6.807533273125831, 2.8120778634600554, 6.122658009303109, 1.127742684916433, 2.717306612809288, 6.609350734388178, 3.2150790278608925, 6.070030918437817, -0.4365426418156338, 4.5804073902580615, -2.7589835879099947, 2.6437827139517047, 0.2708951293058048, 3.5181327173481103, 1.52859747608939, 2.6908816389195587, 3.7166236638649046, 3.41663959464641, 3.5506345825933874, 3.4686411279454332, 3.201214080751744, 3.758541326640889, 2.2512152460941968, 2.2269473776504456, 0.8749061119668923, 6.9267971625954265, 3.510197583774722, 1.8057763506212934, 4.223499472157375, 1.7463454470369162, 4.9675396337288, 5.63186989853968, 1.9694102324220657, 2.1099129358576825, 2.8078514575049915, 2.7725727059177134, 0.40424794312446094, 6.363436817222143, 2.1752891703469075, 2.9086909545647677, 5.541183967600666, 9.595776608921048, 5.426750564858599, 4.748553885445725, 3.1324788137805766, 2.3643671123302523, 1.4236057718632968, 6.5655108132887525, 1.5797119251827259, 2.195896959167494, 5.59230165922926, 3.2072491611404086, 5.2930734870084315, 0.29763619262211966, -0.28946166064868323, 2.894102209974205, 1.0102334105040391, 2.9277624689882495, 0.2080074168788075, 2.6433861886761316, 2.4109595773286876, 2.9291046796084053, 7.160260302868715, 5.847395319742767, 6.402910558213274, 6.264975739784325, 5.507723782973021, 6.743899003269807, 7.538291491675518, 4.47182928902948, 2.6089173782374804, 3.5381795475378803, -0.618605431669193, 4.6315560572826, 2.674358105293032, 6.5378009119733305, 1.3336378943989065, 2.8357960183807633, 1.2523816855403405, 2.80899996518104, -0.5211932102768309, 0.9376297584854633, 7.2491032602520065, 5.9163629841468035, 5.096356773961176, 6.569318568657042, 5.454140454470028, 3.419424440267339, 4.0127460325378905, 3.912388786794053, 5.599082602856823, 3.8492945994547494, 4.525226796797256, 2.841892290858889, 1.5730106372796062, 6.120469317585698, 3.6549520073945305, 4.264318101439765, -2.613366409536457, 2.665875237442529, 1.3315845961880064, 0.84712794462518, 2.574899589336066, -0.22461371811497718, 4.014532361710487, 3.160081972678909, 6.2075546175230905, 2.793706967654671, 6.4415426988314675, 3.8508949570960174, 2.408839850174859, 3.759722097915651, 4.328119078141683, 3.080913433661763, 5.147206628112905, 4.669136411697763, 2.8639604567577917, 1.7797650681986927, 6.119793008285136, 3.3313650456615305, 3.1511695458637234, 1.7963186050835498, 1.3196461267951516, 0.027558942992328087, 2.9640649885499037, 9.113155222142893, 4.581697609085309, 7.962558499432445, 2.854625766790558, 8.208201245080318, 2.6540273519072595, 3.795791378975942, 3.081521938972353, 2.580144153587855, 6.10085403658617, 2.905765127175099, 5.39824233908759, 3.1793282863124888, 3.0739057516134234, 3.581400756772319, 0.5202294463362771, 4.738174318581375, -1.954044081990363]}, {"header": {"parameterCategory": 2, "parameterNumber": 3, "lo1": 6.000198445256149, "la1": 58.999992894266676, "dx": 0.5, "dy": 0.25, "nx": 22, "ny": 24, "refTime": "2024-01-21T02:00:00.000Z"}, "data": [1.3711437745370847, 5.16013251871346, 5.905178226301957, 7.351589815623486, 7.892998192986955, 7.433812204708942, 9.309288387208397, 4.713588252437209, 15.073660274567722, 7.525996881107331, 3.867962858412772, 7.765258120008603, 4.370154972933644, 9.462693061608272, 4.526636747894295, 12.512986142270119, 13.333932993658987, 8.25217764004043, 13.740301444864436, 13.124082758993465, 10.221228990792573, -1.0158463817136765, 1.5662492300286552, 5.4689121719387455, 5.947706386030034, 7.814031281527664, 8.149112222601621, 11.006944751470012, 7.621356852882544, 8.273077812682967, 10.353031784543921, 4.963668410472915, 14.190560303020288, 7.983462051070065, 6.084799398965176, 8.472179852827523, 4.8917063313382405, 12.424102077129294, 11.073520138135406, 15.488254236287474, 6.313147260954768, 5.611276219372324, 5.735272843508301, 9.189426922521264, 2.703627742432109, 4.625757463483414, 6.089075837731006, 8.195761884223213, 10.019010712773133, 3.038448089307133, 15.265387283648066, 4.3122132758089355, 14.653830303275162, 13.725452831697506, 7.604798425438322, 4.101502512106541, 14.028976971758999, 11.792257628962997, 8.631357142925996, 5.606105839588461, 10.453172538392478, 6.763322366624846, 6.833276226811546, 12.987716482430338, 11.646941887656013, -2.7092019686607656, 3.0453172551025696, 3.3170331689692065, 6.221303385683376, 8.790337384716112, 6.613216373285519, 8.369999373012508, 8.937466092330045, 6.819936313917593, 10.387338432531598, 5.965252911637708, 5.3652142550330195, 13.500423356749142, 11.192968200908, 5.905367987479752, 11.303810460395598, 5.276625759531672, 13.733263743522857, 6.317852143524338, 12.659018010106237, 12.974386180383725, 13.27612683545705, 6.065864733141718, 2.847588026478737, 2.146764282856487, 6.209809429091578, 3.1604241949371192, 8.240225786103588, 9.148206098433084, 9.243787094974982, 14.710039616371455, 14.001872138659143, 12.422094394125187, 12.872710137954586, 9.928875867710682, 8.246589809399376, 10.339154937375142, 8.961809474853501, 6.68268464907982, 15.137080109030284, 5.293815673764637, 12.9615542405836, 6.1912393350130275, 6.940066939731835, 10.33304400938563, 2.942437310269943, 6.788693985872752, 6.63657338804453, 7.917999772782165, 6.737097071050307, 8.17451481344576, 15.09659172402339, 4.611806967559005, 8.733224725746977, 5.013512476235425, 5.338020973783009, 3.729226907572352, 3.8082300522474335, 14.903329363633892, 8.245079668836992, 7.130815682339278, 7.751312555749735, 12.19663347555432, 8.793458485845033, 8.133272965350132, 7.933876478882129, 10.255265962819545, 2.186465683361349, 4.850473847949036, 6.2617354934217655, 7.266538140677043, 7.812014658459885, 3.9237351075677815, 8.646435830750274, 8.097352950404787, 13.738046844586869, 14.566902001970245, 10.064031390859574, 16.023713315875966, 16.150968807122677, 11.48879632054262, 8.71219277945284, 11.489822725021051, 4.8832714423686046, 12.995896392907058, 7.682071823288697, 11.902018574147082, 6.577973659496557, -1.1417590637818524, 3.094113325215402, 3.60102480383877, 5.639778448341836, 5.765925840193888, 7.997839220403164, 8.313718067521346, 9.000942077443757, 14.802769243548742, 8.081050432030061, 6.825839646514956, 7.669051252357498, 8.6845005969057, 14.259581258452059, 8.116986547156971, 10.124330765792728, 6.264899809666306, 6.378577747779706, 15.167195577950253, 12.491746066787261, 4.501334651119603, 8.209310788614829, 7.431045459877104, 3.077272041770763, 2.9944059080352203, 6.238801100126059, 6.474894288305825, 3.395472926871242, 10.56906513177316, 15.115654589197998, 8.073688865034075, 13.71072849358629, 9.952299568202644, 5.204884354950787, 6.693969289282925, 9.298149385165525, 8.179599988014731, 10.609247591208685, 5.275507488365227, 5.832437025349935, 15.353313956059278, 12.131131636018804, 7.009759716244517, 12.349931574611318, -1.920996420429058, 2.834029973174121, 5.888522267201152, 5.915175995283774, 7.255112300832415, 7.815754366073788, 10.826188841561828, 8.635982628572132, 10.425698096574664, 5.379482534228009, 7.285234971152681, 13.332111138461519, 3.3584866092083496, 4.543192586623304, 11.707217883562608, 5.787462084058676, 6.687023851976652, 5.53410089877125, 6.309372648645088, 14.109011897733344, 12.298894345416404, 7.617494032507912, 8.108747845185695, 1.2377726759714185, 6.338571727476135, 6.061762017994667, 6.9837139875620675, 6.384042810816291, 5.160985489579284, 7.624478357138599, 4.902492980945513, 13.711783486401293, 6.064691296618457, 7.424000570440166, 15.258574977193689, 7.440326356617002, 6.005976187143251, 5.332803752921984, 9.625948655484738, 11.186842327155235, 7.388837565948613, 6.839907219648478, 13.946494784142931, 10.826594118611593, 5.228957452414562, 2.4628120473614823, 6.02549341552183, 5.03916097912198, 7.324266027031407, 6.053043288113434, 7.2746408951017685, 15.52367467689182, 10.180076940318399, 5.451132281002989, 8.046675141790493, 5.361551834613309, 6.8929260136965125, 14.757192458226928, 11.657089968384096, 5.394405544742817, 12.367391204809628, 13.437824709145065, 5.153153897018692, 11.56390025767049, 6.9623536864095374, 6.390361883153514, 1.912969426847672, 3.0251612095066043, 5.262764451568964, 6.721101487765014, 7.764984129349461, 9.497942629977121, 7.167769598007674, 8.56429718292451, 15.948609940324891, 8.322697043848077, 5.176972706847105, 13.23638456269295, 3.253849960311418, 9.389222440490917, 15.012389552128646, 5.970092370545258, 12.304679367278501, 8.868295586043166, 14.022222651599836, 10.760152455987507, 11.512359131637336, 7.3447477225343345, 3.9940413124520218, 3.1258543845496676, 5.07035136034499, 7.032413333182424, 8.950673921077621, 10.15209898269349, 12.113753221415896, 8.081600909302452, 7.347195569020097, 5.23060643995076, 12.482603092980444, 7.315297834884528, 15.505266425676426, 4.626837353350687, 14.723099582668716, 5.5162633498667635, 6.687549200932201, 7.812651930493769, 13.93664441883249, 13.9105528250768, 13.069002331083476, 9.807173388767993, 1.7769024676542946, 1.8211923667325114, 4.635165555648571, 7.2071317911132295, 7.824012259347697, 7.163906332882685, 7.076780825473492, 16.022938279637646, 14.541934696440928, 7.770444629683186, 4.931240254854599, 5.201905584904344, 8.470727967072639, 4.066273509758072, 9.12161336404496, 5.020027354461884, 10.28127394734073, 10.257755478703695, 10.450893972830528, 6.254421424690406, 5.804977419243091, 5.866821231160863, 6.724947272814634, 2.4182710423535494, 5.8011387642259304, 6.595385607319823, 6.414578747582438, 6.290629431041943, 6.171983119350093, 9.446453985514193, 8.042034764921974, 5.78991693169208, 14.877173385908762, 9.442181324489367, 7.765654478467921, 15.693502487788193, 9.130116516559566, 4.695049043528651, 12.606445578315835, 14.617877890149863, 6.785713322106375, 7.893544227457177, 11.971910087331239, 10.2337565658423, -2.710894838221245, 1.6009710301627902, 6.379712986825158, 7.559644426761948, 5.915899714715921, 7.001651757383819, 7.368664141656378, 13.021293376957505, 12.49052107687598, 8.611729866506032, 6.5269094030901496, 3.7689803070987926, 3.441252487196425, 10.478430173467169, 11.274423871827988, 10.159416354947483, 12.38083102093233, 12.715377087074515, 8.806084160112531, 11.268173343517454, 13.691163653010605, 5.703763493393336, 7.62300939084143, 2.831713448306552, 6.902608907859092, 8.554442704704343, 7.772813343974794, 8.23779261976479, 4.750370872537884, 14.148179729187373, 5.098349281805559, 6.249977315770856, 5.865263518903029, 15.621142970363382, 15.492228585924027, 8.776283635652499, 11.8392795533001, 7.519589966826287, 8.40865523768539, 15.262577164889455, 9.950213285841942, 13.822212732969106, 5.415756840686598, 11.663426067642535, -2.962185865054834, 2.9973378932465877, 5.832984859715224, 3.325085598183489, 5.804085430400574, 3.498175017370452, 6.932111338699517, 8.629038327429388, 8.3380088277724, 10.169765596002424, 11.846119046642503, 8.105786490111008, 7.746175177561795, 6.686756011806217, 4.239235547269835, 15.194653124674193, 8.869867408272908, 5.372335760197995, 10.907882267323552, 6.29107476812585, 12.972472589527781, 7.968737611436745, 8.625809737725346, 2.765618274181359, 5.745347901955459, 3.473688026937974, 7.833936918810272, 8.194420457452557, 7.504938289765538, 7.305177053227055, 14.29867742156918, 6.307983184087617, 4.877629457013436, 4.563407205131279, 3.2445353667655814, 4.313734428002578, 8.251525936327981, 14.943238209417068, 10.364446477779435, 5.903303301996352, 14.104699253510274, 7.2998004914449135, 13.147705748985217, 5.159923102819561, 1.9702711691056227, 2.5909052564965225, 5.560124893293104, 4.499020258097213, 8.396024990768803, 6.243148887587885, 7.411003245980237, 15.551148231009078, 8.004613169511627, 13.28759959394369, 15.185761638438077, 16.029773815254643, 15.890154975085, 15.389021283473793, 15.65739206072765, 8.706628923345193, 7.888852505848389, 7.982664539324019, 5.578724299984937, 11.542037189771063, 7.711395631935149, 9.342742509948232, 6.187751412286835, 2.8814694138460877, 5.154891565756198, 4.8727866867723675, 9.007013608454528, 7.97346526894661, 7.6729787491383945, 9.567052530944691, 13.01052047882679, 5.1139508127016695, 4.945729597182424, 7.627474898919465, 11.618481745521049, 9.951010930601177, 15.117675079779241, 8.598411011511212, 10.322173835282738, 13.607825317323304, 6.100384276905613, 13.814034946251661, 8.317179582810752, 13.29648705062299, -1.4861389708264297, 2.43671142492186, 4.953374513699701, 6.197047340223304, 6.482186367213594, 10.054098547649797, 8.815459670742566, 11.90868268548006, 5.03931592745167, 7.73455120194617, 15.10407387641639, 6.024244236956572, 8.31919020129752, 9.261111942783156, 11.619988777064295, 8.327184654884713, 11.289384860993813, 12.60958955838286, 7.095883883059314, 6.21957437212244, 12.707741269111994, 6.041036419417473, 10.588435075155363, 2.6360456813706823, 4.951626712854262, 6.312588552933826, 6.869244358858553, 5.909380478602009, 9.729294572545365, 4.014588831455553, 8.118731052050883, 5.252910070512913, 6.406545472355025, 11.014378933662833, 3.893600941322879, 6.603182095527337, 11.453406894879965, 8.510512949351742, 14.759499222869106, 8.405026898990682, 8.55294909643352, 7.901978839937993, 5.743418427522286, 11.126168683431839, 2.009394491122954]}]