script/wind50m.json
{"header": {"parameterCategory": 2, "parameterNumber": 3, "lo1": 3.000054539987559, "la1": 64.9999836372058, "dx": 0.5, "dy": 0.25, "nx": 34, "ny": 52, "refTime": "2025-11-25T11:00:00.000Z"}, "data":
[rows 0 to 23 of 52, columns 0 to 33 of 34]
1.0300827982208847,0.5979253652610924,-0.23564737402101946,-1.089953118288035,-1.3476676193195196,-1.9205484550194658,-2.7738369607114057,-3.4522345605509006,-4.286286828055745,-5.463553881705633,-5.939419347758106,-4.401295604912412,-5.61068071514136,-3.736608330578057,-3.8218765638751173,-3.171670616229683,-2.8783156178688816,0.13105134367288263,3.5410274644032103,10.894182278221859,1.049570163047046,1.8486152838065848,-1.3523086445066927,2.034572416885281,2.550132251236159,2.21964858019237,1.9190365769224222,1.2478287422954546,2.8605999748350457,-0.45842325262969064,-0.9359842536556147,-1.9558523586905245,-0.11300158952910415,0.4420580671437943
0.6709273578369601,0.8079284778191377,-0.36811895667747024,-1.0126437575127396,-1.3520550658546775,-1.8736901863400086,-2.4055596467847216,-3.5532241006620966,-4.439213925550005,-5.179991737511088,-5.687943627142994,-5.233332727498671,-4.614592781039341,-3.038903755060995,-2.918996758305249,-3.225282938848686,-3.440711556192939,5.381554863603896,6.249878078246815,7.333805663884428,2.373432031953631,2.3453673082463373,1.6548471419143798,-0.2823062037885411,-0.4357227343030732,1.0127074152943307,1.2715625634895973,1.1280512822971527,2.185002511566523,1.0230234310248514,0.3023905995951186,0.29561873588328597,0.0705331679318944,0.3070661789304025
0.4408374335436718,0.22190469565494775,-0.8306433054893531,-1.0936016434003064,-1.3508051384415884,-1.9339551441437046,-2.505320583890611,-3.6267134859242067,-4.31876290082245,-4.833593328735255,-5.223879416115787,-5.067710658945324,-2.096572640735769,-2.7630015962646524,-3.488128624915257,-3.2656804621483357,4.251106194269474,6.703360148138026,1.6701250123850093,4.661379393528183,2.292232533379356,2.3891099023997713,1.5547508144545645,-0.36955171403436204,-1.3053712012014216,0.9588153543966513,-0.027943503633401007,-0.5109193884918889,1.2561800699881003,0.19194149753164513,1.4300310054283234,2.7350112733591794,0.1823623350665602,1.3326668578964698
0.6139409525084397,-0.04755158336548729,-1.0369097031958958,-1.4198634027052932,-1.7134893883501154,-2.0319438053758714,-2.734992017847033,-3.618666407356056,-4.3730842032166235,-4.6932430669227845,-4.928287913335663,-4.363262586419056,-4.116112556321848,-4.168398074254803,-3.9937153570674804,5.832465753778742,1.4781038616446838,5.91936292443156,6.43105438135459,-0.18696150319011962,5.298986249994033,2.830982109582624,-1.9765115221128176,0.25416817385976204,0.1303016584441438,-0.6104532650390767,-0.2399360688802272,1.8388230024632077,1.33922821842781,1.671279556515851,0.10299984982537885,0.49260774007671565,-0.23737053442961226,-1.287783628068116
0.6501069726015317,-0.26777831876134206,-0.9853080684720181,-1.1911135608047845,-2.1801990296318947,-2.5236203929928602,-3.1071180447185247,-3.5024000580131087,-3.7596095876688693,-4.280423109856481,-4.638068476055371,-4.476949601949226,-4.314914038861023,0.4380806920417225,4.80229074957246,3.761293209146422,2.3675069942468823,4.634385795862143,2.324799508967117,2.791555606827827,3.576288932810653,0.34326853894512543,-0.6731859868689,-0.9691260839147563,-0.3870435804768279,0.9307869434170378,1.3627721147774816,1.5245943830473807,-0.18212290361882202,1.137107291880182,-0.998975830734172,-3.2618652776327135,-0.8146356705519294,-1.748170429801409
-0.18404670309434526,-0.8649091154216223,-1.4875925271377524,-1.7250671058631633,-2.160285060744995,-2.840575856841743,-3.200815416003081,-3.431979556900068,-3.687039611145093,-4.049529658218463,-4.260010489475801,-3.393834361748773,6.41905090250112,6.559216380938005,3.850465726604239,3.669213046846967,5.861846258191307,2.294210897157152,3.618459198405472,1.040746608037397,3.030903583997774,-1.0775006001130398,0.5124412651542483,-2.2661177653413116,1.2718116198373322,1.0690473942796102,1.013749119752053,-0.29354303967652945,0.4576518408859389,-1.4488495131507908,-0.9849892843163757,-1.568642650939343,-1.0314820966938554,-1.6035232789409886
-0.5442867911065751,-1.121280071803393,-1.4784950306912925,-1.744824368325611,-2.435960013770153,-2.755455442397043,-3.1276300514024826,-3.3497548690496157,-3.553692476677188,-3.294274518502008,-3.3424427430699843,5.900190211211163,2.8158946059187198,3.300706747275414,2.6200464877310012,6.1713842403493295,2.3828986606536033,3.747755084253555,3.7084845754816476,0.8027361766640734,3.058051215887788,-0.6444895394268153,-3.3827579466908926,-0.252131162133531,-1.1321283581705848,2.068457889334259,0.9801848149889425,-1.0127495261795756,0.1810671540869833,-0.9213037651476694,-1.0404293179221287,0.5631188743255586,-0.49506396979486766,0.2183455904117295
-0.81369933031627,-1.2758789035692284,-1.4735186056579757,-1.989213892831473,-2.2794036499099986,-2.1482438714151297,-2.145283078524967,-2.296315427768258,-3.2184210239502633,3.224520664705949,8.69806110023978,3.0983487303304735,3.9052044924185654,1.2132670987227763,2.490452935771578,4.400084284468463,-1.3053395867559345,3.38974197016875,2.7757474354992127,1.5182166483634327,-2.2747321780453618,0.5568191062207064,-1.3981606927075172,-0.4864999115204627,-0.3371252662280912,-0.09251469933158153,-1.1936412400976784,-0.7138745981292123,0.4805836519978299,-0.263967339873417,-0.18954552039575762,-1.1620620744973131,-0.731108862794034,-0.8873324295690731
-0.7874629458532098,-1.0452696519113427,-2.2022527742343634,-2.4371140272111678,0.24172267409623094,-0.173188699784163,0.24188631077491654,0.03271702827237037,6.881005374324931,5.360175276169555,3.3144306479302887,-1.1184244597165889,2.608873752665418,-0.5486224286399232,3.598403745811338,-0.03833844409920584,2.439777687280243,0.42262820517229965,2.1711424928031753,-1.9238547117015408,-2.5643437057932523,-3.9242740705135075,-1.383096871766102,1.3567250435263774,-0.6300524579021883,-1.5535460530092573,-1.445835765110349,-0.48845268853320983,0.07130474641202438,-0.2232926053949116,-1.5793084969075164,-0.76189430442381,-2.429127983991508,-1.9854878404588672
-1.4084998929800283,-2.5140729678689806,-2.563369525789295,-1.0113735379419393,-0.43261970793710336,3.8254384430014343,3.4593218357779687,3.349767546614465,2.554446189180109,0.1923340639666941,-0.487020376286508,0.1789219323587298,-0.4573205520552769,3.2634464762255497,3.359250808774515,1.6677052373533356,2.0575050101173633,-1.8927262149069477,0.1560894414309934,-3.8775036809291334,-3.3195764691823277,0.32663504496931633,-2.147663986823296,1.690394113433227,-0.5397808015900352,-1.8468837996310976,-0.28491885197372807,-1.5541749579396444,-1.485499637709054,-1.1904057257781548,-0.9869799938346913,-2.322200923244292,-1.523060606159747,-1.9476803780286236
-2.47514126983912,-2.2669492083689464,-2.658412040509788,-0.18699086256995315,-0.11810112691525905,0.3108860818001661,2.0249471286461675,-0.9575555625636903,1.0768043477676574,-0.44742614252373303,-1.1031027740266954,1.7665574221284368,1.7775404570335405,-0.3867916831663885,-1.4074940263527689,-2.641505595869469,0.9909007728190125,-0.8552491721797724,-3.964230627181162,-1.5659184877622396,-1.622454761467679,-0.6106286134261345,-2.8161177923395733,-1.1401882941449928,-1.7937883406289605,1.3674765764087136,-0.27940259672381257,-0.6613173937890829,-0.4559816939885144,-0.5346826337626384,-0.9450202107485736,-1.5728717065550677,-1.4307734149397078,-1.3226677965945015
-2.4725566981012608,-2.893767528740387,0.7266523909511994,1.8356241993018552,0.8316391228188341,1.87317387522169,0.06412428724279479,-0.17990882468790861,-1.6353020871920103,-0.10442621303495618,0.5257154673917792,0.14837632814056595,-0.44691651499268537,-0.542967023445426,-2.854913419368174,0.7983481564750476,-1.1006611466735108,-4.059099218848082,-1.5005495461806833,-1.827130334421791,-1.3413151269166974,-3.667289369871006,-0.6441587827822439,-1.1072518978064634,0.5937227921434479,-1.0621300716467288,-1.0576317363045626,-1.2522044892006206,-0.6571587289439085,0.027339438254382654,-2.45937279741785,-1.370829207086671,-1.386191117342153,-1.641906596687639
-2.6644677396268603,-1.4213421507770945,-0.04662233261742152,-0.35923489815504966,-0.5226974878177062,0.6716239736616559,-0.4322838289788476,-0.4498407646467206,-0.9099755204861205,0.18070689198278816,0.32104153740667757,-0.7205447068700918,-2.2071167826438702,0.2525712081697451,-2.297784658719891,0.14573221963378932,-3.8677756890770674,-1.7474057824547842,-3.4409925376170647,0.035580683515014234,-2.014819086422311,-1.8912377613351987,-1.6953317764106934,-1.3029099316487438,0.11109985959677503,-0.6476071355508309,0.31311628416207743,-1.0589703018331624,0.15724925238289647,-0.8400981842830585,-2.9886922219382055,-2.0488238425026526,-1.5683663300836674,-1.866214834107984
-1.8938673670290453,-1.1507836142643881,-1.1371081814636728,-0.5056212200902425,0.38035253051649304,-3.86896695051576,-2.0627969215024446,0.2946632656306574,1.2637133897398294,-0.3570308424713224,-0.19312485615466807,0.06297594261223234,-3.018007108134762,-0.7852164570216613,-2.1836132291897177,-0.7504683885171213,-4.514742503717027,0.2929799058704137,-5.136356182488131,-0.7674635402093123,-1.925196064667532,-1.3523666555333023,-0.8310406835461147,-0.3901354930894438,-1.0448297368408443,-0.6405482792961018,-0.4694679929730106,0.8286658797303127,-0.5907264630828525,-2.0118783326450513,-3.0472493308122366,-2.8451468269169755,-2.258809629728007,-2.3369986172326813
-1.8234618576543056,-0.6319401029420713,-2.190448200725529,-0.3063137152297729,-0.19547549248997922,0.31470379580622887,-1.1278899236167081,0.4326260662561765,-1.0043057056573343,-0.08538975375287555,-1.3721400117928668,0.20799361328167135,-3.0432354637997645,0.9948285720607052,-2.0125531681703226,-3.6129489071258063,-2.0667299188891626,-2.6324477133536286,-1.881783631114818,-2.4149196130646,-0.48450803626371985,-1.0803009744438685,-1.475943555845567,-0.29030827440103446,0.16971809052979814,-0.45470292330475953,-0.3972073619918158,-0.7289288581389354,-0.46261260371043283,-2.655684240675862,-3.3046109015894425,-3.1157790353065122,-2.6710232564608765,-2.573778080317639
-1.2203092957608888,-3.1278583104171642,-2.9431860878670992,-0.030643898569969925,0.24476683030395044,0.5446169637242755,-0.7134701368186542,0.8492523907815297,-1.409711625351685,-0.15820186213399076,1.3697348939435945,0.497811303838194,-2.594474690742204,-4.231870892354569,-1.254607357691729,-1.6918922489874173,-3.8579863417327105,-0.38778324990790425,-0.8239413168553115,-0.9444040004423925,0.5244095608216075,-1.7733450677434033,-0.5537921214421329,-0.08799615049015289,1.1287772029726277,0.06792634342007049,0.16709028639817025,-1.314092122297062,-1.285764943835752,-2.8984372650072747,-3.3057152650665973,-3.1560765110333406,-3.576845966024086,-3.538702204793974
-3.154668941570742,-4.6105570043681965,-1.9959080207749411,0.4060583132959446,0.057554912200779844,1.8758861656572496,-0.05907923144875633,1.9099364761087703,-1.3397032521958754,0.5750196949480062,0.9754413727139308,-0.351760687580093,-0.44820787958682534,-2.11883706323123,-0.6103938133976737,0.0654380189267967,-1.9470301303347919,-1.1765136668560585,-2.360357667498658,-0.09787746630495023,-0.5028403402136523,-1.0711268447148232,-0.2855484938476562,0.3959572098425621,-0.32436777983749016,-0.003119738238199871,0.13426595392729102,0.0223164630617031,-1.001512908119075,-2.833496486737985,-4.231241317331114,-3.3835890966428406,-3.8290725097280984,-3.962016687211821
-5.061124837104758,-4.832710415023579,-0.9994022633763782,0.7871389896876232,0.03688859716977518,-0.06822814890044078,0.48817145460307576,-0.7127271344454458,1.1988154626755938,0.6612098967468223,-2.0818466347786924,0.6738912062927188,-0.1398747144630765,-1.1678872385626082,-1.0701079239710174,-0.24085723667095071,-0.982852998679442,-0.31655017271497277,-1.5603295129672012,-0.4856938052901879,-0.847802312298346,-0.8540627303225233,-0.5240854460782114,0.20522090571968557,-0.18002243845848942,0.2435358847876315,0.4881721962571269,0.7068326879388352,0.6062296760138541,-2.469562091725482,-2.8159955965062475,-3.693141033800676,-4.187088336749216,-4.293271813215633
-6.16403775778328,-4.698573140615929,-1.654296235879289,1.3016711108788876,-0.1484947330951492,0.1713476608446613,-0.1304437028461809,0.3760924493576198,1.611869146060883,0.8783446957988602,0.3134046629484314,-0.2325492522339435,0.4063660173095885,-0.4448151850766958,-2.448022346268778,-1.4369024737605847,-1.8358819084580353,-2.944084022242143,-2.0332823215133495,-0.727109173020716,-0.7784724156641053,-0.020031559155809328,0.23857746245513392,0.21880774098842296,0.8828751188054098,-0.25019502516435416,-0.15144694598708006,-0.7425176845507325,-0.30860384289663395,-1.587267760075277,-1.7586807652775949,-3.772537360002771,-4.599449251103418,-4.839400562910763
-6.509686573632296,-3.9339683578847704,-2.5111050473193446,-0.48234555989593,1.5818268865785732,0.7152610916838537,-0.15588329542039844,0.32074200970933153,1.06830783144466,1.5365162378441757,0.5560180194433975,-1.4833362540099622,-3.0023543467891014,-0.37041936766331307,0.3328121735703831,-1.0979680713001405,-0.4605443824518666,0.8896359780522968,-1.7962739384607103,0.35870758588607815,-0.5959865324284518,0.025437580261832078,-0.17583481130550724,-0.2913544997070574,-0.07807997963067526,0.4184710653990808,-0.9388019734467269,-0.2511347774253136,0.1529254865040399,-0.7049810545294147,-2.175486196769125,-1.2729591470231911,-4.692715401786763,-4.322797329684734
-6.987120326290234,-3.445398949775265,-4.186934266683861,0.08890621693752271,3.6273429392316348,2.67048565759539,0.6491628408153428,1.2676410091400288,0.12827944857508536,0.22022614304746668,-0.14819009186948615,-1.3146395819725192,-0.41171003441072185,0.026545813590152196,0.20671196376031994,-1.6802081892551988,-1.2268870213255185,-0.5447499341632172,-1.4873590642295103,-0.3609361188107561,-0.8751929400344076,-1.0605415693105538,-0.052113041729940704,-0.18945486498495342,-0.29589333472898355,0.559599907100293,-0.4064417202086635,-0.7044838184148376,-0.9471907323201901,-1.6172541943077305,-2.911443661756632,-2.563941996504698,-5.242444802362795,-5.514940533565227
-7.31013967931312,-4.6130497976124625,0.40824838305818695,2.88232174807262,4.567074657295784,0.7111318853957472,-0.5887582487703178,-0.38640752886756463,0.6642945010355198,-0.14679292337260005,-1.6769980846337107,-0.4872596978560485,-0.4362517406441977,-1.6960731591395304,0.8830713773393588,-1.3143194530632603,-0.8307179562407021,-0.42947360324604494,-1.1604220856021994,-1.1317442806707863,-1.327801022631914,-1.5484446353319774,-1.0485313710512765,-1.1615204635477048,-0.9051392036764174,-0.3342243941681472,-1.4080796327021818,-1.6070629308615993,-1.3502148373230867,-2.4401496694894234,-2.403994757903584,-2.7470385632711003,-3.0473975299026415,-4.934343854377686
-8.072268390771258,-4.23880031501444,1.1307685274899768,3.4616151930385586,5.02595648591855,2.786086579479063,1.6195103553292476,-1.3900975426437687,0.6318986692586326,-0.812483386209528,-1.023555232659805,-0.6432805660441417,-2.88406083949899,-1.686858162144655,-1.372900011846967,-1.627665077311657,-1.1431553203359197,-1.179779543886816,-1.0269849991593578,-1.9401526936845794,-0.792003989588758,-1.8830574636779143,-1.470041822900792,-1.7327377875749899,-0.7664901468945008,-1.6847397185038908,-1.131207350763786,-1.6547236566692864,-2.478223485925922,-2.878413202153805,-2.2363125478876933,-3.7144968172335444,-4.99935528393532,-4.804973691747249
-7.568239545928981,-5.1182545835116695,1.12704535651502,1.3529013810408739,5.066109465958026,2.764978911170929,0.3408514857236648,2.1496478505264127,-1.5670535786165813,-0.9919314747700434,-0.07471898983482578,-0.3026323706880844,-0.6210022273855068,-0.044887668353090514,-2.1827232409086874,-2.711354201793997,-2.0208249613329063,-1.5079035804013727,-1.1934174636769694,-1.7206955780880746,-2.145351849858228,-2.3102254290176782,-1.142222148029382,-1.0917147907903584,-2.1444975234461303,-0.8249047113289322,-0.775690500020761,-0.7151516862864497,-1.3996627422428425,-1.6082933831705004,-2.5122545652305273,-3.659968175674292,-4.05667393824574,-4.504191491138346
