script/wind10m.json
{"header": {"parameterCategory": 2, "parameterNumber": 3, "lo1": 6.000027932988019, "la1": 58.9999434238085, "dx": 0.5, "dy": 0.25, "nx": 22, "ny": 24, "refTime": "2024-07-17T18:00:00.000Z"}, "data":
[rows 0 to 23 of 24, columns 0 to 21 of 22]
-1.7082172960764463,-3.31238871232556,-4.5546327896321674,-2.5768941507796157,-2.3799358185679127,-1.6191977648113454,-0.9020880939555163,0.8728074830760598,1.1403312758441215,2.948109762707324,3.0489026591818384,1.3827699551199386,1.073101436420782,0.9048886630466187,3.5070167720632224,4.094984902454872,3.0803857857352566,2.3071517720624084,2.194586251374139,1.4450172820153027,2.4647856781127078,1.950006026874566
-3.827579639920075,-3.7221779939734456,-2.905105722430224,-1.9390328926680578,-1.9804665733181273,-1.6725478975826928,-0.5064047027446328,3.0064326206684377,2.4600991077184315,2.4657510861715806,4.235357982742651,1.6870673925285946,1.4777520775141897,1.8208932370488224,4.6704615298963805,5.327776977222667,2.344821521278553,2.287720707922582,2.373561593990306,2.5609876902245787,2.142143712283536,1.5127486682534883
-2.998156713844062,-2.338303992675348,-1.4345751752145075,-0.751571089983778,-1.1078790991006504,-0.9551244521250453,0.31498372134722696,1.8258058284456056,3.7963903198457,3.0826626822208687,4.712622993876348,1.5214471338672935,1.1209194455646843,3.422905923536806,2.6899010882164194,2.7564143843163627,2.2071268688069807,3.117021069063775,1.8610365592752054,1.3446028210082848,1.0568162958651859,0.27522149114494165
-8.730154822423614,-2.5995556045098662,-2.061572667628715,-0.9290865428795576,-1.178515904878377,-1.1553114467463823,2.2819310688937886,3.018388409598419,3.572465490504586,4.09385124046124,5.219035648081132,2.347197072504055,1.3713703944040583,1.435021058835475,2.681058940773949,1.7626082940928476,1.7390731998560638,3.700783785870655,1.5407019335012124,0.3151309179527291,0.804925330552683,1.4516887928219009
-8.333496544231242,-7.673222201220493,-2.9230645696867112,-0.12858417801005143,1.0402420639467778,1.1703733251334976,1.5098451269765614,2.8204067770730683,2.8955742762544885,3.477232131314871,4.843093474342102,2.9990869307193555,1.1970449899209108,1.034856666507506,1.451462465534805,1.5559546938153228,0.8844119981299028,1.2873547018153348,0.9945007614457637,0.834081286212801,1.1043177076480435,1.6013361060053317
-7.105719710244295,-7.594387564931916,-6.409190098229637,-4.9097073898516,-3.0476784077622243,-0.9134953017555366,0.9578365743007504,2.0213948684652694,3.5756138842659584,4.203008033207229,3.291559744710094,3.24225225048005,1.0770011515599507,1.0178154863274973,1.4744139223520716,1.1710551100032545,1.029230069831963,0.714298432315029,0.5608247475541328,1.0789294293383576,1.1982593633886012,1.4321068247356743
-5.808802572624287,-6.5106120895791335,-6.186216103700213,-5.300779147742402,-3.9085502671572097,-1.844197895617079,-0.3941274190387171,0.9938836022681731,1.6419687809945736,1.655998274814096,2.709879266338971,1.6996966275798606,0.52183394270867,0.901282746640059,0.8641235225285283,0.570848975536445,0.8712565895155165,0.5784836607593326,1.268142884577551,1.4300945002939143,1.4642817340783234,1.87648656224437
-4.96410628580187,-5.41294588977516,-5.4940255463521,-5.246037921711363,-3.8609330228107437,-2.124792024028277,-0.5591915263466347,1.3081606097088498,0.7949010416029785,0.49941694324458913,0.29913964867662085,2.338122403675895,2.748582992804602,0.6529775897905289,0.9739191975406284,0.963512169498156,0.5287158615625998,1.0348486128793695,1.267785875137201,1.1424265697017195,1.6959613361346428,2.410981585852326
-3.908165185045901,-4.470640617301838,-4.997120188701147,-4.871427839082203,-3.829835859029866,-0.6781697283532966,-1.0510555386797467,0.30241583762517993,-0.09011278068787203,0.3490055781967227,1.2475519222691758,2.774219801375749,3.33628773851241,1.4149649547264003,0.8789293139518048,0.7454145579817367,1.0131038752224044,0.8984147322656992,0.912732304028185,1.0748525272477407,2.2457256964766152,3.264761844917381
-3.661759203704113,-4.106820444077746,-4.770466325048158,-4.883657395019246,-4.2210865875084185,-2.4960695894698284,-1.0088716770537531,-0.8291853517050886,-0.6258212395175429,-1.6279584282593946,-0.7945432222648084,3.2544943670165924,2.9285807527671386,1.8897628855542727,0.9376393517400456,0.8541690477602896,0.6960037160512779,0.7524932845821545,1.3100327544307488,1.3788338754091929,1.1206727994605539,3.4273584320366615
-3.2006638076607805,-4.077711421306676,-4.56104848382324,-4.7854004833352635,-4.482689906367461,-2.033693893219224,-1.0292647428807151,-1.4709398090833343,-1.5331944724921165,-1.6662457587336195,-2.2166436630571495,1.7032481365581071,-0.23827161499700336,1.3816229759668972,-0.16205220089064978,-0.031175924051579793,0.2319827476318986,1.3854269437383517,1.6665279884611113,0.6970725140209149,1.5748877073625598,2.9588039447265886
-3.2030424212671735,-3.8151113752228705,-4.816524255601381,-4.172294504432173,-3.9884584178067466,-1.9528452566506862,-1.861987831898751,-2.402574988870971,-1.8065705146880502,-2.2518471112344245,0.2875763297952513,0.7751412321443096,-0.8603974595369344,0.4994221610741815,-0.19110917985496234,0.7838045374444137,0.8787598289320875,1.3370948217288054,0.8166557225869716,0.4277923048677224,1.438256803010735,4.767024740949481
-3.121755574921918,-3.67034294079657,-4.064262163049043,-4.229204187808695,-4.588905530421215,-2.8479556873084064,-2.219402119999506,-1.9948724585591429,-1.8903037945392454,-1.7846723619115579,-1.275865195562404,1.3402578802646101,-0.3330722921645137,-0.3644404531751893,0.21409030997593123,0.5230799132424804,0.4874226842599303,1.0357237394328238,1.56237935670044,2.745929507011732,4.991319301898145,5.631274306451206
-2.928894231623296,-3.6729351254374016,-3.6636416643380922,-4.209736864460676,-4.85138330894659,-2.532728327426411,-2.655779605525443,-2.038340951876398,-2.2650641880970173,-0.20909340881577015,0.7896920885918856,0.4179521051194749,-0.03721348404686815,0.11444116322534742,1.8342336510870647,1.6281875806881807,1.0128018707002902,1.5734328885399849,5.227008156218442,5.438649549600987,5.007327705347563,4.862105535842784
-1.8358656655525767,-3.6177114611690215,-3.82420926233242,-4.393055307842013,-4.6305702043380155,-2.695576057440118,-2.5190761972413327,-1.7589616640517973,-1.556500270558285,-0.8104722554662447,-1.2377343471899087,0.15328007524376797,0.319983243312579,1.3401064085015135,1.5441458218329862,2.386880909538428,3.077989532168832,4.533003724683541,4.504449649373159,4.527912311725093,4.233843361304961,5.227765781436079
-1.9805472523358887,-2.610611477279996,-3.8428729114371083,-4.344651851714224,-4.374034747299117,-4.751640199777024,-2.321208665340056,-2.018220550516848,-1.9258770466883512,-1.1544494390091502,-1.7838328987541936,0.40896551668177533,0.7442335286069106,3.4237040448713754,3.8291596890081583,4.279962689950274,4.147294058583028,3.8180347726714348,2.837199908903828,2.7040161768670457,4.639581048457817,5.003114732472052
-1.6130041490444946,-2.3888260383841606,-3.0875236791255505,-4.114722598588889,-4.371903723159274,-4.8327734979240855,-2.596660768034769,-1.767838191055199,-1.696555261826896,-1.0029548612807047,-0.42364929739203344,0.2574993611590431,-0.0367171490281159,1.3007639939234197,2.1744095043881355,3.7790029453272576,3.8751903014843037,2.1267971388445464,1.4277133161661246,2.9146027129311682,3.7358167148096073,4.276062982994188
-1.6347174751189495,-2.2685456090273797,-2.746568672501089,-3.9551954859234972,-4.19860831911495,-3.73623947869769,-2.005832172178614,-2.0138339203738846,-1.5424347082840497,-0.9922788486485656,-0.8619615455814625,-0.09928979730734516,0.7210141123919693,1.4476713829672625,1.4796611148238585,3.188072996621995,2.1861607532858813,1.6718928237841708,-0.1922530569299041,1.4778514895296149,1.8822863956189027,2.2111173840238956
-1.473833222070876,-2.2493946436040386,-2.5863496648278055,-3.463510621633133,-3.869693965579106,-4.616458787813862,-2.631356202904291,-1.1122935363727464,-0.2535452196147014,-0.22415296295831824,0.08855481214822152,-0.5382246943388111,1.305478243874576,2.018745900523739,1.9803695450727454,1.6302925553232106,0.6848610632475118,-0.20064547261688767,0.1401205568138663,0.49743659812666413,0.22784015700831445,0.0129082471846477
-1.5857231059094814,-1.7729693835216331,-2.2627623919254893,-2.6917382611606153,-3.0857996098898566,-4.249903602885967,-1.274211558392694,-0.6099395038722686,0.29414705606939584,0.8056684390274241,0.8506948459219474,0.46861739574630257,0.2054840375292023,1.0466926503899858,0.9617535537323063,1.3024237738641975,0.3906556857248505,0.713339155272321,1.324665209939581,1.0983748224931786,0.8695924076234766,-0.790252062844208
-1.4093844162359197,-1.8014204590441187,-2.160599951905746,-2.6152939164001663,-3.1624521733058937,-3.553836899207964,-1.6743037012614341,-1.0614068019256317,-0.6651362640281024,-0.487351023304869,-0.3228889392979233,-0.14891444888007993,0.9492081315478592,1.2190239194695782,0.921439731227089,0.661805097749092,0.3321591202701881,3.1812568254205633,0.9500797172734963,0.8487809860978406,-1.049605361111418,0.2879506219696794
-1.8850370553378881,-1.948679277232124,-2.3390957239241787,-2.3480491866827875,-2.6910797950108574,-3.3704270909881227,-1.594243522446282,-1.3365282161417589,-0.5237560659025792,0.012392040786764036,-0.48332130456275996,-0.3560718260767827,1.02266041212565,0.47693850615996974,0.14559146653430338,0.34057645143231463,0.44359230239936237,0.957799699653961,0.08155167450322366,-0.06450246256862535,1.397748992930173,0.4908642187960251
-0.26870961881683675,-2.548801730057764,-3.484198966087788,-1.5496725589705516,-1.8730349302592533,-2.9494870523667034,-1.5298122661912847,-1.1245704904973868,-1.539916138573319,-1.5189586518798652,-1.0035712287392424,-0.35278124855210247,-0.8179020076357577,-0.21998877699157798,0.324506119979029,0.5799960469592327,-0.5320581519833198,-0.5852085598132192,1.1332460692530226,1.6644195796766381,1.7221318118730964,1.314377011357264
-0.894071099260966,-1.516869702253542,-2.2340217688591117,-2.0808823634688487,-1.568530446353289,-1.569246371918887,-2.0124314467217266,-1.8653513996277318,-1.541657833473162,-1.1575777366484157,-0.17596465171775322,-0.5144420586718701,-0.6698686434270852,-0.5804028392039627,-0.40180039378847204,0.4606540504621709,-0.6557279923422029,1.3718399113609794,1.5910746604342578,0.8445884434482822,0.27234455912640826,1.0030343074544326
