script/wind50m.json
{"header": {"parameterCategory": 2, "parameterNumber": 3, "lo1": 3.000054539987559, "la1": 64.9999836372058, "dx": 0.5, "dy": 0.25, "nx": 34, "ny": 52, "refTime": "2026-04-08T02:00:00.000Z"}, "data":
[rows 24 to 47 of 52, columns 0 to 33 of 34]
13.019025306915777,11.952561851112078,11.028405571577133,11.080527749391557,10.903746893495144,6.039648764159242,1.7854057885062016,9.811813921828946,5.0618301312767,0.8606367433856824,-0.31733547851135935,-2.279385537578008,-2.3725851046976576,-5.210707544052025,-5.892340568461394,-4.645682039054347,0.25888825208587496,0.0592685599089346,-0.3661707590735634,-3.719950599297069,3.5107379668191943,1.665732019434625,-1.3234930772646063,-3.826447405056675,-5.538172995122049,-4.9173402479563375,-5.436493424567342,-5.168908324885223,-5.111506069874354,-5.508830021384255,-5.644890893447163,-9.023516146917448,-12.222136686957215,-13.917343279141393
12.435984108603447,12.107609175382704,10.770719966672225,9.866645570955896,10.352059060353808,7.622022456175568,7.107374031337059,1.6905222830654885,5.22993287339694,-1.0584836825335577,0.04110732984439584,-1.9570018685110597,-4.141825147918536,-5.368429705817025,-4.99989646206762,-2.842006886818469,0.39782548569396775,-1.0806275343152036,-0.7605773754892166,-3.37423210860738,4.545966819593075,2.0385280926677343,-0.5900713553736383,-4.2939046531793705,-5.960801956939928,-5.921383898510758,-5.682299861214036,-5.318194426647891,-5.939751752943763,-7.462199678545919,-10.072937913547216,-10.784965893179677,-12.593119135811964,-13.971579424055026
11.944904415046278,11.902379509167433,10.296926201932715,9.002464090754057,8.771787519241748,7.964590954697344,2.16543480817549,0.45834705326388575,0.3666527529633303,-2.4746807678427043,-2.028928593032365,-4.450241653264909,-3.901481116069518,-4.874952822865068,-5.736484152335603,-3.1813609687066053,-1.7779779157965108,-2.0649175882670865,-1.895686590640427,-2.8094377058889664,4.92644313303229,0.6606189635794344,-0.18993303628369643,-4.288012590225086,-4.594515218664769,-5.66591496340302,-5.783792180541665,-5.404444728915761,-6.776370883415766,-9.175946986831717,-9.391543043998446,-10.128420522370975,-12.733437261972734,-13.823158014668897
11.497362838077066,10.9529902821586,9.752972083026656,8.483900206083652,7.46422127505302,6.646303184820668,3.874664896096139,-0.6273221407984281,-0.13458982116832657,-4.090244408573452,-4.827678277830309,-2.0382526543498067,-3.6320627584197376,-4.250499557369672,-5.180888938371514,-3.6759305995028155,-3.361497890707665,-1.6459280338281834,-1.7786126325660108,-1.1495509996743907,3.0838852343649745,1.7100557886817285,-0.7695389122057982,-2.516865413103222,-6.167702410138606,-5.330590015827098,-5.176417251152946,-5.154262042807596,-7.661921226244973,-9.078037554763323,-8.524370351287462,-9.211267911724164,-11.798435569355014,-13.170642679017927
10.801908305716815,10.589111662772902,9.300346842142407,8.186612501597752,7.028180634547951,5.773614104817797,5.07112067362751,2.6079085988328994,0.3824193564119523,-4.83635861905212,-4.724428889875654,-2.5468611607317744,-4.579921629901369,-4.525151460901151,-2.3402846972564366,-3.25068001035413,-3.123291825161699,-3.671086571011642,-1.6205349065215624,0.7546648838363829,2.804497594722043,0.6009080742092138,-2.389401985614028,-4.8226044026765305,-5.715501091370764,-4.560490240368007,-5.554265198277289,-5.078412593627794,-8.164051997206233,-9.5801898049778,-9.243374852505912,-9.243603749244931,-11.065676206464744,-11.699557589262872
10.207426044985965,9.924674084386872,9.089244025780655,7.691740244662364,6.9350300096920385,5.471575162062456,4.6410945741653435,4.210400522599064,2.83019959741594,0.8937470258917025,-0.08145210263200012,-1.1289523212731862,-2.4559655995748138,-3.7155361995553586,-3.591241949376028,-2.044820225073336,-3.6953647894407524,-3.2406758218662772,-2.410343529615193,1.3834197154966088,1.7984281812110912,-0.9228438368557637,-3.411514163622049,-4.87100593525928,-5.579992216674115,-5.805339229360431,-5.448404540470296,-5.071477164405543,-9.703873171840632,-9.195484584365795,-8.26868957589703,-6.208412695074004,-8.273254668208608,-11.052934526047144
9.842747835427025,8.917242570332713,8.235547152637785,7.182416131278293,6.815670612134533,6.247015554185455,4.9909246413292445,4.46022876130536,3.4190497800919903,3.125638823840952,2.2539544167269185,0.0624997470787859,-1.3802662657459235,-1.5120951816367154,-4.161322195633894,-3.1997265162706645,-4.385724694311925,-4.586369910451369,-2.055191461183768,-0.4928309948110557,-0.24544273784928855,-0.6965941018785309,-4.014542000860702,-5.9538049036208065,-6.004724235248682,-5.9474948958192,-4.997718539876608,-4.8082534591196,-10.104837978524872,-8.44560953945077,-8.143594939195307,-5.159973740193285,-9.194597400204442,-11.071884911952308
9.956969492652094,8.823827225172327,8.032743662569349,6.977666956756363,6.064092944307869,6.4370840098509605,5.944517546016294,4.924632850679067,4.18902062621457,3.37801849668279,2.854667380630474,1.5394751519443741,0.3722622523341676,-2.3723778418018044,-5.107880360711411,-4.74803795812579,-5.084060916728765,-4.696489301691234,-0.5306060122074675,0.38070530602965424,-0.18622032977022268,-2.4996774087174534,-3.5987993249479246,-5.0546155741802865,-5.505798633435405,-5.2215946309657,-4.416238451916575,-4.422750044896419,-5.976454839705242,-8.772001392101085,-9.489410113871969,-5.5715584463473125,-10.518880615051495,-11.857993372754667
9.724444352163486,8.515943006735894,7.812856355314442,6.652082690377582,5.7842499618270455,5.835749581568775,5.820155517962458,5.1755815606519215,3.9080421482350998,3.394973369304735,3.6113513526518495,2.7796406006698335,0.4671327833101581,-1.0600513296304586,-2.9161047347022855,-4.932329517568626,-5.014786044478408,-3.765667175485369,-1.6444440365958854,-1.2436692306157282,-0.18000185158379145,-2.958775126968129,-4.326174894126439,-5.304762746618068,-5.488587344980475,-5.604692834618961,-5.099689978834373,-3.9317435459168864,-7.92452642354193,-9.721467012321003,-10.082508529262757,-8.229443100535322,-10.360363772397186,-11.822698270908946
9.516896257092448,8.244242125473452,7.39626318224436,6.241858606325454,4.787969929658738,5.403092160108095,5.535242017813415,4.455845080063065,3.901664621771925,3.842723615386484,3.1051381414671706,2.249989607196017,0.928928131641989,-1.4827469674520288,-2.956132619697885,-3.636465131064288,-3.108646495182258,-3.4971523250402607,-2.3298925710209164,-1.831544570967177,0.3382517343603209,-2.906875065524269,-4.236500636373654,-5.892063822370264,-5.142526130852119,-4.782587300415736,-4.799931848720795,-6.245116220017599,-8.396376480910774,-11.192489146853065,-9.94192324058472,-8.78065875007954,-10.68521361903698,-11.835316015716554
9.064122899727067,8.273423872600393,7.362171378099919,5.77752703555748,4.267697631317926,4.724236393693701,4.927991898961363,4.097970655174763,4.030492466059552,4.63517252605989,5.3481304072693465,4.198045739910422,1.1252152765118055,-1.1623014399961868,-2.675065683932347,-2.594494190725252,-3.520130461490643,-4.012931519483005,-3.518587064989802,-1.1694695145795209,0.66049247109978,-1.915080111420939,-4.495162445193659,-5.959147787348501,-5.5386911721333725,-4.5959480487187365,-4.816746671394464,-6.460038006537832,-8.538488908769024,-10.632193089655319,-10.626009022904704,-9.748787164991567,-11.550711230233457,-11.672972641783403
8.460969391108819,7.703595832057894,6.557102022075831,5.2547104602137775,4.040053976014982,3.833067990790231,4.42102584059315,3.7536165282226737,3.7304810435955797,5.121757873013233,3.85176118033475,4.062319630844699,2.39008273510126,-1.3996809793905058,-3.7039764746419412,-4.293789256441353,-3.566135550049332,-3.7958323239017853,-3.638522472220604,-3.4802835877300327,-0.45006549857342376,-1.976493273700296,-4.160299919793529,-6.185787522003747,-5.276384796861493,-4.520101300494994,-5.25840875449876,-6.971212492371957,-8.736626774427188,-10.088337099915774,-10.560604048576433,-9.446260792418208,-10.737975979403052,-11.551421945683146
8.211029275061387,7.238842347245728,6.267243438251604,5.106815640266561,3.985810684337551,3.3733395608264587,4.126654153777187,3.3622206358780353,4.537596291678983,5.459469137541152,4.33100386475838,2.8808698770564276,1.4205787320579109,-1.0643664925487475,-3.1132114979514567,-2.601148894697982,-2.360051426510792,-2.3835910584850777,-0.963087867986758,-2.4060915548776642,-0.729546630124784,-1.5596234906337607,-3.9171393262033187,-5.360452187956323,-7.810173500979869,-6.205352232294774,-6.6344017712237235,-6.716534863609068,-9.805112378829774,-9.851583155612252,-9.975011878848933,-8.878292047272165,-10.944713245376306,-11.566560724458974
7.60250216446113,6.693815647471974,5.881997746380661,4.848764364734686,4.246394834654342,3.3077792390381515,4.169867185453863,3.7014035690228573,4.471076201540015,7.093375066824776,5.153306879100576,5.248160987830083,1.6487761436121997,-1.602985318147923,-3.548462716940468,-3.9336881240547057,-2.0535898402324957,-1.7626376140638438,-2.0490605039610648,-3.72946175763922,-2.3930486744184494,-2.0831733116424247,-4.136529452951439,-5.623799744903698,-8.569198773554453,-7.749223540104395,-6.282224651094103,-6.7858787478740545,-8.761761848189847,-9.367079850048308,-9.842151455391805,-8.384438730237703,-11.15812623193362,-10.94292195824463
7.637138565977342,6.938922053970027,5.671932561487163,4.7159801956876475,3.9386407692851098,3.633798804697841,3.3178426891084176,3.83150304116711,4.510592923567033,6.40185045385927,6.990930321182717,5.3125711215790705,1.3241601184534326,-1.2476003529825725,-3.0684415092479527,-3.843385710958396,-3.2337729319217328,-3.207043587136254,-2.5077814793528135,-3.3318203793593684,-2.354873713525717,-2.3843535934588416,-4.334326484107139,-5.165075201494974,-6.325995856177412,-6.844712871816954,-5.185705020759453,-6.463656578178091,-8.474285002239323,-8.624327888473573,-9.303046899673843,-8.472390144485502,-11.946913269377092,-10.837444005538593
7.747132999482185,7.082542441743656,6.227428831181476,5.124853805642823,4.041462442435856,3.601796651867096,3.380637203570496,3.4930475587855416,4.562891589276069,6.312034331220197,4.804655514242084,3.4639458988148015,0.9982793758823726,-1.1636464141262808,-4.406089677468925,-4.692445537935436,-3.7294460971992893,-3.7871738092839466,-3.2067392722822983,-2.5989510150086277,1.0794123764134613,1.0821322601833876,0.5373072638754066,-1.076846043370727,-3.440291231560374,-4.548537823237211,-6.652126676747681,-7.2490804411436205,-8.597451932239222,-9.767513706338342,-8.962916328398647,-8.732561860356368,-10.972829441651092,-10.837105539507089
7.920776255711752,7.229218187752442,6.252205669530402,4.860841879241143,3.677193519264072,3.320738828810309,3.7895531720154016,3.7075400390288915,4.805528495431314,6.504432413406584,4.540746322298477,3.703810713720932,0.38878178637701777,-1.534224032659155,-2.3127139587935446,-2.6121361325711328,-4.530383562149891,-1.6479569427984047,-3.14022278980563,-1.4689224579676563,1.3056649918380308,3.9269373795990683,3.8450624841663266,0.6649609464349441,-2.5017242312186383,-3.572968013286707,-4.793790455626845,-6.965843900127296,-9.567658453185212,-8.944600585667063,-8.948106703421383,-8.192988804664115,-11.19254321271783,-11.270260274465036
7.279095940345194,6.719496457402845,5.624994944154469,4.231032725500444,3.406022031273002,3.3529488551269906,3.9918751801460584,4.772228881194906,5.6656209187482345,6.292794639869877,4.290954426352297,3.2708361176076224,0.5520994119113436,-1.425817308032924,-2.799879495635787,-3.522522577727483,-3.6510732252713,-3.323969201224385,-3.1032184878907043,-2.973582309386879,3.1826249589670894,3.323406032822619,3.9671850639800135,1.4941043217453014,-1.606877982857864,-3.444113075052702,-5.232938974517899,-6.850009604847627,-6.618157673249083,-8.167227598768248,-5.367073400143915,-7.93747072764185,-11.514791805863684,-11.094183730665014
6.860278379886215,6.330260517118572,5.2683954381355385,4.235323626450351,3.332783142978268,3.5246185704428727,4.588276863336563,5.015032151422234,5.878845176783826,6.212512060257069,5.17701726820845,2.6146868909170875,0.8854195875809422,-2.5210365828481325,-3.1477816813021757,-2.9169942371277466,-4.161856928422232,-3.0371983808147527,-2.6969813454397955,-2.0183883137719194,1.6764969197410413,3.1766100153988237,3.0419235700641916,1.623578838382996,-0.484316794384795,-2.284239825067566,-4.149308664073759,-6.18313618415739,-5.186411376777896,-5.681575635282441,-4.103881314482135,-6.073819919221664,-11.58594029208691,-11.565847125419085
6.851294562226117,5.706954982917356,4.7473246761932035,3.745229484969563,3.1266164581048357,4.09181031431576,4.808209633349406,5.443391729875887,5.019558700123274,4.806863732516845,4.577919332236789,2.6577868344883187,0.8049927281070915,-0.9759457646132504,-1.7883290961110632,-2.0025720127226374,-1.4698424404218846,-2.10808538648976,-2.5199721503688544,-2.9623646442914864,-0.44003496628172456,2.5032691805184806,3.119079644564442,1.0858466576812933,-0.9679925895629541,-2.791273337762981,-4.733558590988633,-4.629474061255331,-3.285771856518525,-2.9307661112201893,-4.286282140298814,-6.253832296585139,-8.639160621988502,-7.906616103918074
6.302793603738317,5.687210061361722,4.736889699862393,3.7824009656916937,3.0415991697247384,3.690775493582691,4.604621307863431,5.428430409431838,5.30170300743093,4.348736922859259,3.7131545562058226,3.3112317166215006,1.7135915601909357,-0.1641639599378029,0.06862983178726242,-0.44282379625981844,-1.0951637802275394,-0.9250210336771594,-3.579412394626814,-3.897759013921565,-3.024207410694604,2.864223131580278,2.335781575350586,0.5090878521140075,-2.0040838152613594,-4.741870594463929,-4.8460630737511945,-4.456394333616912,-4.993300517340269,-4.222223615335086,-3.7985595169129613,-5.05021491430518,-7.22841004632009,-6.339984354853986
5.677629264244113,5.339275881006338,4.8580477162613045,3.897810489727586,3.1934468958629845,2.93964401274981,4.856015274985172,5.402826143796188,4.951794726537005,4.305923161069344,3.4940585868333285,2.4506061677538438,1.7775715703340083,1.1530487332599821,0.7845896101286178,1.089648909823187,0.9339191190745549,-0.608741227055116,-1.619859009031956,-3.7289618422022945,-2.488650569895682,-0.4102075044596076,0.38755903216634807,-0.6265215922094883,-2.982420536156275,-4.49037062016822,-5.94683631541746,-3.49072105041186,-3.9230544082591603,-3.33853738341636,-3.700148596550595,-4.476284554376025,-5.791694631079815,-6.202808021416257
4.878150328726742,4.838580370900528,4.725711647451573,4.325342603617919,3.367659063372869,2.895699008575441,4.037739550161065,4.1231970049917965,2.9416005113064183,1.9140728921687755,2.5831789209249645,2.3563488626399782,1.051144395677146,0.3486059938519247,0.6168227413529492,0.6302237459771338,0.6783559996833711,-0.9688586499668116,-2.7091880489664497,-4.385231111782499,-4.381746876650408,-2.8041878502056856,-1.0568046720001498,-1.5737350911674284,-4.078028349628419,-5.627888445824927,-5.151561690959565,-4.978418260999477,-5.013085563348491,-4.77574210834794,-3.5373423762605096,-3.9120749114319953,-6.396773355591346,-6.314379117568851
4.716776842815991,4.283458773763653,3.810472692120066,3.862715098037744,3.7411055465182916,2.5526784391895445,1.6948207729683535,1.9668391080186927,2.3232118220755984,1.1172703410746194,1.081960786752337,1.343014749159992,0.7012460064731109,0.7653648309801748,0.18128345783883565,1.0344560080381042,1.440327419655338,-0.5074712735233061,-2.6544727331632054,-4.591777003147385,-3.8852828467232183,-4.739544816760013,-2.0205302947968313,-1.9212541392032902,-3.5312263690652754,-5.081996675392205,-4.0822547447772,-5.1698103465081555,-5.232797776962958,-5.139135074389782,-3.4953990727643816,-3.873377519971836,-4.677935933023711,-5.671078393597416
