script/wind250m.json
{"header": {"parameterCategory": 2, "parameterNumber": 2, "lo1": 6.000198445256149, "la1": 58.999992894266676, "dx": 0.5, "dy": 0.25, "nx": 22, "ny": 24, "refTime": "2024-01-20T08:00:00.000Z"}, "data":
[rows 0 to 23 of 24, columns 0 to 21 of 22]
19.14938845838311,17.240853098630602,15.058607905622706,2.5737936578543072,16.618512754536265,10.714409167720104,18.732937140752686,3.0704480263069427,25.42588766385391,12.145568451858967,-4.820832614989251,16.292600287289506,21.47380735502537,-4.315757708233993,-3.8078835856256994,4.166627118847413,-2.2236141084993464,16.73337541795421,-5.4734919906296,19.48817360758196,17.573831646001125,-4.24115531384959
-7.237870670648892,18.325626372837288,13.225339261294172,-4.406074300498625,11.652845342095697,16.806902111038287,16.798653903650823,16.923079239757513,17.92306550209964,-0.0650724292284569,14.573595175380083,11.82656147388371,15.143076013761323,14.566520627572837,-4.924282603947569,13.944541103769986,8.96952956808634,16.313253756447867,16.000750747686993,14.409817928145607,16.400850579519147,-1.1349746911067538
18.216232423642047,16.391215619355716,2.719250263209222,1.750747209645548,19.67722736437881,-5.53073040798829,-5.31447520125619,-6.970858573466216,18.89459588826935,16.91419989485335,17.339391207989394,18.007467935587446,-0.5407166853220287,23.482044305143468,12.998624009640237,0.627889504679042,14.936667417994888,22.538724429129473,17.34578023052934,14.07549623170037,-4.655443936847215,6.509235519492232
15.246470329341541,13.786916717262418,5.2031894542170685,9.14831236246935,18.146378970120754,14.761060998019433,3.459861795991748,14.116795476728479,15.9510366647354,16.327140474507882,-1.4745970435489293,-5.187333129197893,-2.9772855834439897,3.488164918704913,22.358040018320512,18.50105570490021,7.597157274088674,24.78457163665085,17.551245159716704,13.917574960000946,3.9099163488824,3.312500819232948
1.7634028033075564,15.381080630859204,-1.8473785342134277,17.98974501677032,-3.763628861564969,6.245290026471048,16.554095668049875,2.3372328472405735,-5.344549502589734,15.225429547443477,15.466012669715079,9.622252241367077,23.953603928713548,-3.7381033674283968,0.7113792728671271,16.73268517524268,18.192213051030144,14.998546567685636,18.021577705020626,-5.729169630347534,9.606834177701423,4.931851947005368
15.070112648634298,15.62823548295721,-2.76845970474373,14.792236162524679,14.350324865083829,14.646409282507499,11.833052593880817,23.009500683643292,3.0582149998090546,17.586960811788774,19.05637890641642,14.99761864622081,20.044327917143956,-6.433782774541869,0.13520852735092817,-3.0181799171241352,-3.068347791214604,15.881404141100697,18.00760814346391,-0.9391894849252048,15.350598145459038,-0.29740001827142604
10.32769153373324,15.849048558909177,25.287282868214728,11.660630809604658,17.887688776088634,-1.2304324209896562,14.26805865970041,16.783795585276568,15.47557152469743,17.367939342162412,4.016852389907862,5.708666970268087,14.593668211263388,-3.7619293560167155,14.907627515857333,14.359137697588764,0.6894980106356544,17.072665093569412,-3.464124014473698,16.299520883298435,2.4013360408003637,20.288734003950772
-3.770758181816551,-3.631009786848562,6.131472379380439,16.303723610179112,3.5361395486109277,16.62389922619929,-1.0606032662044427,16.635873773588788,23.649226678969796,5.4766663089870296,15.287414547021465,25.56753707899419,17.885832261523397,7.791986674432916,14.837508337491606,14.011638755929747,19.223890023739244,17.44724068430513,-2.3145900373444523,23.77604927113114,24.00728032947422,16.868061268507503
21.85389598121947,16.917904904491426,19.09978282808848,2.1671439435813213,-0.17449588690152842,14.927330498870617,12.590740354475445,14.305312832772552,12.967528723535452,15.50768821934013,15.045877719850942,17.427385938945633,16.884922928095587,18.135734599440614,3.9861690222377852,25.60566627033721,20.915161577480823,17.982850289607267,19.40619861684873,14.891870202554935,16.861520237010026,16.822380162787557
-4.413684308100059,18.289056429137105,-2.481917561129642,25.12205379039569,22.47544578582579,-0.9787162551152105,18.199181164698608,-5.2975125324655155,-3.167941859100896,-5.170979182744654,4.695794302414535,15.022680716333427,-4.111317690283421,15.665490460419061,17.375817848934844,14.346884705739885,16.543049750065723,26.013136025798474,-3.112490490665493,-0.4877806700736625,3.9702627311111445,11.908046558186545
-8.269829268094782,-5.820724327077999,19.988294699721603,15.729714870171025,-4.573809257637524,4.610477577053847,-1.528645842928808,6.098194175809207,12.277087888804234,-0.11854549390593726,16.1531106947544,20.626530572469534,3.8769982034212385,14.764480067730103,14.187864064088025,0.0024735492502270997,18.08925963470939,-0.8525443879860262,10.575913877067654,25.81613239807561,19.299643454854642,17.84990275845442
11.045108774158043,9.544294582467918,12.308487715397417,-0.712105339171034,-3.9739528894844844,16.553502725627947,25.470380159433354,-3.906168558682334,21.843861401047267,15.797665276443078,22.99561399813254,-4.414533372444181,0.6565035071969938,19.058788048912163,16.107747912056915,-2.1486716071853915,22.882942975788186,-7.267185395384004,17.0364348355716,11.832945623711108,12.975933624088176,21.26972687196333
-0.27819631544123646,-3.752498131258012,15.617075017026822,15.80436200545624,-1.2361863910036814,0.6153814749096833,17.274198531421586,20.228239681252656,16.724341683415947,26.0488846243931,-6.472869243282649,16.76496434301027,16.381833618138884,18.4665091580715,18.865655644922015,16.064994458285557,18.618217714243894,14.729671460855451,17.7258411496172,16.97555961348414,-4.992817587112294,1.8384163109879725
17.64684977039926,19.213674709476315,15.116839550130594,12.360692809896802,15.899723243258087,22.442996110826794,13.636887573425318,25.46088861995259,5.138845842817623,13.965635620977194,-1.2809085396239834,1.148324809004664,16.90407654832632,25.009564563385148,16.035479289821343,-3.774043303433899,17.655559745939772,-0.5020493592449475,14.81619902666162,16.840295759897934,21.636799810693944,-1.9726217125353647
-3.638643653173228,-4.048518300611104,23.82296088212554,-3.0127915230045237,0.0652573101220069,12.747341232070317,13.759918037563715,20.720104738461576,0.11791567623381913,-3.5556491202117955,16.84149087349268,14.158331274633223,12.90382776463991,14.208959947313794,0.2983669848406988,-4.446639870181974,15.157369240730683,-2.3984691799366806,-4.9180530192020235,12.69613150136509,13.685459708308638,-4.045602726092337
18.107708078292436,14.226758300602919,24.318210255778418,14.214606299302943,17.62344875535782,-1.4708730751176289,-2.197648129706366,16.031322591516933,2.666056013595565,21.60765918397473,17.424672183953817,15.549367520249223,0.3287910495943637,15.660010103115432,21.14499296183642,-5.498852710310406,3.4410157024321153,20.163509389164663,-3.7296425675075775,13.256610847644552,16.92238649418838,-4.263279004691086
25.28973719713746,13.09704107888959,18.2898837510875,12.814074573637988,-3.284628117717197,25.638383301659772,17.26501806254805,17.480089878991087,18.075065105785587,-0.8965015817687327,-6.693634226229382,15.115559630668583,-0.5354823480549759,-3.5796910148212238,-2.7513053282975135,-7.701750077644556,-5.7986289921153205,0.5060544858100219,22.75363098174738,13.7259509255859,-7.638559374020923,22.427483517344214
18.462563565365585,-1.2295804734545834,14.886191174108655,14.840755701806035,7.453164112149622,-0.551468101784254,12.789469973356832,18.240767203317382,12.924277594361648,24.249142131317893,13.395171182248342,-0.37611319553409855,12.440883627375984,-6.935881682873627,17.467291460206127,13.790029027446495,16.97804824980539,14.044653366708324,-5.611124303827658,18.255108126434774,15.771683774558827,14.493828673162598
-5.976839555109527,18.11064985075613,-4.245366553881781,15.537483793126794,18.126102618804236,17.847944932591837,13.114349177576287,0.8568005788480131,18.594255604364008,7.31332832924338,17.68606526208007,7.173573979081306,-0.09923122099900081,16.189379291221282,17.77898303286972,15.750877987590966,17.041910953661482,18.121428356700633,-0.01234290591208329,-0.46298403574736413,23.74563314013447,19.32769632666767
17.364907924741686,15.497477584845793,6.1318425067429105,18.832471495755858,16.499784296547222,17.326400111613626,18.208792488714977,16.227363453098278,-5.673017339309441,0.07015578051375546,-2.953562986674907,25.611715419187856,-3.1721227930861615,10.523125832738716,-6.52341666149633,16.263874197736573,0.4268841637372628,17.063908695853605,-2.12391700148543,17.11351007690055,17.566067541543966,26.16124266295548
17.05456748379171,1.650882894791651,16.87228281372104,-0.3280309171025849,-4.146441478706814,16.56297858168644,18.423649556789957,15.294237573728099,22.66017198315219,16.89120576074802,-0.38899611974143716,-1.2926430637492312,16.668855221333768,4.8645078105158825,19.546702085992997,14.462729808083491,21.210697109682897,-2.7998671725156803,17.519491748814517,0.5640412572055135,-1.9463735769917423,25.860295555087916
16.493117057909664,-5.200226903119177,18.007811195666964,-3.718474992563837,-8.685268088269606,1.674913938259847,25.805417798527582,-3.1714737941479743,7.527350370001624,13.892427948695072,19.183194578507138,17.173530365896283,-7.764055065424755,-2.8731579486525782,16.726437068891432,13.77525868253573,13.118098434739592,15.343105636142656,26.435289586838728,16.217005267543527,16.21323462269185,-0.5504167490220152
6.80372338156876,-3.3236545546875527,2.415942584472724,-3.7082329614687057,18.944774203770884,18.02929297882515,-2.8903081070885692,-5.9002482911559575,-5.538241196071208,17.950796870647938,-5.007593815459474,18.626805540042234,19.197048050748435,-2.3802303413933164,15.819665213065157,16.681450553306462,16.719425111321286,7.1927268962333155,16.17850739692128,23.957167993668218,6.999281404146617,23.802237285839055
18.03130557231356,17.63053876654962,-5.61187852498394,2.104911539377725,17.396798757464946,18.453418454781882,12.774123814254896,16.419003770288892,2.9710404603125125,-4.40511407130804,-4.343970876380473,-0.7343261884337325,8.460573123744197,-0.77265624137397,0.4901646394742987,16.32991801961329,0.29732713517006737,7.868187294361148,18.51780148869192,-0.14835893949136733,12.675014198971374,15.510930947891156
