script/wind10m.json
{"header": {"parameterCategory": 2, "parameterNumber": 3, "lo1": 3.000054539987559, "la1": 64.9999836372058, "dx": 0.5, "dy": 0.25, "nx": 34, "ny": 52, "refTime": "2025-03-28T00:00:00.000Z"}, "data":
[rows 0 to 24 of 52, columns 0 to 33 of 34]
5.781520822093388,3.674398743332673,3.8306710606127736,5.756930801877816,6.276119745320701,6.084749431316386,4.519236971529724,3.962496486759388,4.813947211865102,3.43100654446549,2.890954815796896,3.52888326820481,4.2803066801863325,4.526748446700729,5.663496119171297,5.3341618586869926,4.369599306972579,8.684453963538171,4.7304906911875815,9.758244634260398,4.1147254875722705,3.968335278802754,2.9176877919775763,4.791298288706721,4.746257853619835,0.5898532080582639,2.44938635822734,2.4004548053533457,2.836766581282591,2.6392364317267534,0.4664248171478735,1.0561715079567733,-0.2198709266710553,1.303902595959424
4.6856218252823325,6.336573099008258,6.734033745331451,6.40021611827991,5.822166546731199,5.0759731388584095,5.1272403872912395,2.8592549468571296,4.386548913493549,2.4183265142492765,9.353973770949901,8.5756048490766,8.373943078311711,8.41526163963005,7.039671928774402,7.7393403479568414,8.43427589942561,4.084004879951052,4.0199470982829295,6.652513275776446,3.263275407217641,2.6762077929185804,2.2463013822647886,4.526979978613412,0.9417194636150822,0.22152380902980545,2.219558137550657,1.1705516316516884,2.060549377403147,2.452873820548566,1.489119434412881,1.4331281594675627,1.7242814438792546,2.09098131346068
5.755760723334803,5.262303862632875,5.383075617030517,5.842909398022139,5.485104322258056,4.949290881958053,2.5785752464406055,4.809461266206053,7.783167502326173,8.719569200959,8.775136818974534,8.249508509806862,8.42896610809509,7.506616298154959,8.747167067638847,9.312411553622225,3.434814580992935,2.352176265724813,-0.049318233771825676,2.0980421217336436,3.498173390822912,2.584554610985955,1.2311532465772959,2.599798964348826,1.8228374037318147,1.38116705666859,1.5428461642722473,1.3073798596230748,1.3098138932812153,1.573905036621337,2.08006580830154,2.601967389318027,2.170519002392854,2.1681468583208083
8.685811869586804,7.3939197540715025,8.241810608144192,7.7866342961961195,7.910829245593852,5.226557658473206,3.404974210220697,9.098779473122915,8.904301485966489,8.17837455053994,7.545225161117068,7.495386744827621,8.273808954422295,7.908566001977571,7.972669788255326,4.480393924952542,1.326540069692182,3.32792759722663,5.107731004322999,1.2855611053426002,6.412514255640761,3.2519371872548235,3.111090535193048,1.7452545336291112,2.0035380587037293,-0.015598489003816442,1.7007458705653986,1.946325790567956,1.898774453797734,1.8270092340146273,-0.5819957256652892,1.916487292523455,2.4540632351287086,1.9249253997032298
9.27312495198055,9.505097851035263,9.80823190125782,9.811889519175194,9.784289708027746,9.321354915692934,9.142481428839185,8.812487881745506,8.681233606075923,8.098275868774737,7.659466491269387,7.833691498404331,7.1440941629706005,7.04700970156677,3.9055094552414693,3.9054917071895443,2.712793524230251,2.0829208026390313,2.1037898803598534,4.214967280175505,6.77207920424764,5.412278513801678,1.2833553682542385,1.8020192457626123,1.3739393152951456,2.2265105349077046,1.8176749492606534,1.1941493968380588,2.3570169368707727,2.4972098060814076,0.6762596251845292,2.193053835855973,0.6365711448804995,1.1670735154636194
9.260345549685423,9.637116980918544,10.730651970137354,9.775161556668788,9.936112877650192,9.83626987544378,9.189686362633983,8.618517952152036,8.06802899821699,6.873077370621924,6.475189837446636,5.147727268897527,4.441507992117914,4.378532500541464,2.037838691810629,1.9512214672906114,0.3811333103931255,0.7926845263823623,1.873108995569457,1.8852496478703604,-0.2526766628741246,0.03092946950422587,1.034766326996677,1.7995386889776115,-0.3758799740114765,1.5936145543522016,1.451381036110834,2.0671772102212156,-0.3828154651953571,1.0832560202729946,1.6497648073433937,0.21538976969435006,1.5659787613851368,0.872266704264075
9.540662246719048,10.43288263312103,10.573610423325631,10.120009292010968,10.086649753125464,10.1711623567584,9.792228763918507,7.1099816683924475,6.436990402268317,5.575462137365826,3.784301031109276,2.5818648315902717,1.7570444295304806,1.8519604881501521,-0.9042362827723689,1.3096343931196657,-0.2982711878174105,2.4480291397051235,2.8086884259035974,2.0308185137461776,0.2796866684877784,0.933620208954589,0.7616198174865659,1.1984207625943266,2.2422241738608353,1.049871992064621,2.411186356362532,1.4448255989046586,1.743680683353679,2.2586213415465446,1.2976125638735259,1.8659314259127733,-0.6460802213565999,1.9445729500798403
10.638651174391205,10.692213144026274,11.070360527839892,11.020130241357663,10.740922415157943,10.099193203335167,7.236304105036113,5.425591767386286,4.158932184146195,2.7728708019625854,-0.016512747053645707,1.3185364059069093,-0.1385906350985617,-1.0341174726915183,-0.07139637065839032,1.430914562295608,-1.587687623750252,3.476762013558289,4.421354520478862,-1.36971117481327,0.44503346850948994,0.2710285659173446,0.9087827194229784,1.0882829919849117,0.6336071278705819,0.16566110175296977,0.36673465707927955,2.376903456630691,-0.0999064286304536,0.1855395825149255,2.267126392672688,0.8571313433481947,1.3073199535453934,5.266737335216748
11.105673749696225,10.812774113845792,11.40933273281445,12.66703499032791,11.969732139449814,9.74090496295625,7.15242112795965,5.794885053122088,2.4419771588113655,2.1691407765523696,3.0185298827276728,-0.5986977661709102,1.0174214284318137,1.8719778845328103,4.550883813096844,-0.5654534180828049,2.8835271279327355,6.764569533456963,2.9031106334145376,1.8690145946880052,6.606910481999615,3.714341255401109,2.5322350616783287,1.4766535548471242,2.00756197468788,0.8077186203644103,1.9669736618966833,0.3053646174402193,1.1955032649903463,0.7044174184930576,-0.3320577845304053,1.3601471095319086,3.2665211957407747,6.243254587057458
12.69178103996876,12.737359680442854,12.750934008627905,12.125194032121335,10.332011040738093,6.283842630597983,3.6007875371804983,2.6474868830474865,1.916258294590304,-1.8061559771266915,-1.133880128276463,1.978590491383741,3.589234491728113,2.7015712132754617,3.5229460028845954,7.583308682962051,2.342873247393001,3.487573100980219,0.995223047665419,0.18968921995730625,4.837513013073344,1.8449899416365803,0.18922641134925128,3.2715990379896396,1.8159943415337079,2.273107190741957,3.5388645506541265,1.1134422062841103,1.0103166631925842,-0.9142255961960033,-0.26461866928388666,2.5420143440799743,6.345209165011976,5.66057367668156
11.577074364917513,11.9429382640361,12.224709195892103,13.615398826901014,10.695401005632014,3.366802177686888,0.5340198844094813,-1.5892763978133007,2.774621875013391,-0.19124541519936686,7.078416448481858,7.853362342898231,-2.253022065639973,5.305028121836528,4.94166989328346,3.1369151266556803,2.394574018325043,1.883294254141078,-0.7491517992616814,1.8489608583020176,1.5462702870748946,-0.732720086532511,2.878987988667615,-0.5165443929238914,2.9189885423561006,-0.245386285311744,-1.0035323253927801,0.6089463993977748,-0.2980349987816475,-0.3639269201755589,1.025224436179379,4.4009518981345215,6.145873101411597,6.271770388119668
11.330015458460164,12.05201299318343,12.461198697915194,13.551634281776339,8.27708782640376,2.3247992558170765,7.274204356427929,2.4685580639028353,1.7891659651237357,6.691738825483357,-3.0760628299799517,2.8938683339192623,8.260710027455184,-2.8131246165850086,3.4956233965217844,3.1029803995236134,4.584536048303556,4.405476399101248,5.9677000584220385,5.244902884150044,3.04310066558756,0.8427564792983221,1.7848724501230862,3.473214838594529,1.629529686472647,0.010399820451298274,1.5898152873833509,1.477074659623195,1.4375506495289,1.8083295156484818,4.9767136432485755,5.269490898645743,3.1729694629327057,6.013049791195145
10.930406123154315,10.721163907504739,11.339401807897826,14.043560371846736,8.205592920090856,3.8267360518179343,4.297457878593477,-2.0268080328708886,4.889149096522355,7.152894022599647,1.8329009817296806,7.797308111672348,6.991360188900173,9.504883776312349,5.630193318635408,10.441131561600763,4.502771298228242,2.1986223790706196,2.6658915148591333,-0.24610876782493366,3.244421087409884,3.5880258742229847,2.8463702574791405,2.661992025388827,2.474784210618841,0.9827154522152073,0.9632874213497129,1.2018199988106077,0.3252531065614597,2.8577361979238938,5.866858428811184,5.921111493668059,5.811961104805896,6.2495266678916765
10.83680955906727,10.240025257041644,11.22075116419307,13.377106522429475,7.125070999871216,10.433638167966574,12.31041284195202,3.729592646696212,11.39686274195244,8.310042160494758,10.340104341552557,5.637443494892404,0.9393231694841015,1.076013872992915,4.674556265935334,0.9315553631307211,5.992487276263376,1.8785280643557019,4.334282941836883,3.9549513825080886,0.8765266650195646,6.9784816346621605,2.889257983659625,3.1299162844021358,1.6212757273073763,2.5801216190275555,2.6612028486202655,2.798833267707526,0.4755528011811382,2.8762559319031147,5.738455025965051,6.476162101402107,6.202341655529495,6.510354961589089
9.559038037717261,9.562725623076107,10.430979636582933,13.272555879812561,9.986418670503898,2.9435319097717185,-0.7235578831080246,13.188011673098199,5.476938325250851,4.340662963376768,0.32284643949532016,1.81921652917079,5.8144560297649255,5.018041615258884,3.533080219885963,5.323539462508217,3.2608780910396558,3.068749542684741,2.9172694778784933,0.8880983738920804,3.2048617400836727,1.1936575800318376,2.951163389301368,3.687276176878967,1.9475572969787511,2.2612713073061945,-0.2929801850732102,2.4856960539652526,1.3409560276211692,6.083809161290737,6.707899759998878,6.760783561267491,6.537807379472249,5.8807844818512995
8.346758628889273,8.097426192520627,10.38228589032493,12.900858674918988,6.668694921435289,3.8183312786153527,5.2380159202189285,0.39232485467117967,-0.8336376704944036,1.3203739110009938,2.431849025170078,7.240767076995236,1.768237745813399,2.2883761875530304,0.7632477680050116,3.488242403778016,6.068142000562789,0.5289390306914293,2.7431167412026958,1.8519247011831095,5.542079678233769,4.128511543285787,-0.33222647411625805,1.3305586323223193,2.6277348059397028,1.745357883197424,2.757918070548166,1.822907971394355,1.8792425405291688,5.954350598729022,7.026534751925149,6.688375775620298,6.250719255284253,6.017407582180975
9.634584972265309,9.504730629290338,10.386580950126012,12.458372007504394,7.01731809559001,6.544991461202203,9.217127965690105,11.268578117008051,3.69428146689249,7.512427980990939,2.985271772983345,6.743765738660061,2.931090734679204,1.2255193571934702,-0.3842643330912051,0.31000365777659716,2.1402521102635297,1.4983446728159393,1.4942712664671045,1.8759299631536783,3.292240098770952,3.4315916410818628,1.9230149260342153,1.9833239879470135,2.2183434910725754,1.797571691846411,2.065841852052567,1.1195503120241133,2.0975842015609216,6.06368369706981,7.016329122198017,6.79757072304587,6.242793273658466,6.203804257228721
11.142075304282322,10.512842000228208,11.492053060269965,12.987428462945319,7.395820385291869,3.821740849718889,7.514621688632166,5.648353449541297,10.481165463095847,10.856688775833616,2.755267825661041,2.284286681592763,3.0181536994457625,1.6672128831397108,4.146290261134646,3.5835204688510034,-0.5328549661498955,2.71010411186665,3.351139080609703,1.2794888822031205,2.1344420924331553,1.62974199884208,2.7520013201154363,3.0491369214882376,2.232002864343517,1.0130161395278678,1.3976016070949806,1.3820895428860602,2.316196299316685,5.9266296944436565,5.839356666760174,5.669381638216019,5.421720595180035,5.587742749878625
12.279503961635466,11.910295608177776,12.020761684363098,13.087425486730071,10.21928476309665,3.7314722840911814,10.481705292568197,4.7267782459371,-1.917212184947898,8.167660287777853,1.9898670004744892,3.1933189045259924,5.224776275026724,6.146346247676527,2.6677968119572757,2.428730228087939,-0.21306373721330227,2.7472886516540305,3.1697123371957128,2.010147879056089,1.9523023094983265,2.884711692984468,2.184366160849489,1.8983900999661025,2.337254243352398,2.115935465371278,2.1713580936916665,2.4816865607014256,1.5267198664856203,2.205938794930729,2.7741272817688634,4.573529135555071,4.537890360824634,5.582704954941265
11.634073723703832,11.951324584281934,12.304715387684574,13.20368382023811,7.625052715136228,2.838177686176936,1.5455127764497174,10.395625191960864,10.492004884726748,7.934397692373348,9.466366689680779,9.67801438086255,3.1249709691965433,7.287224248138139,1.6855427226082729,2.9530294104511605,1.6880771221672517,2.01669042327228,1.8531351589310134,2.56300273160632,2.053964234617804,1.7651672446304667,2.216767508628244,2.117045723382872,2.421558737253141,2.063176226338654,2.233474308878279,1.9140222486398986,2.2044720406884037,1.78718644414917,1.825600740928609,1.649372984400955,3.5716533149210763,2.541258672776462
11.190487968139642,12.782798095854945,12.523687946285994,14.016335800136984,14.090535351447409,4.302471037386943,6.472188354776071,7.877582689422949,9.145548312993387,8.557206213893306,5.697083543215523,5.004629638571244,4.235884153182037,3.670936925110631,2.44969566011111,1.9165031192002153,3.8321231432583613,3.2723370841774724,2.385992326763475,2.6077117396611107,1.8551339892451786,2.3599412668012194,2.059543094988307,1.7400525723648492,2.341328259698557,2.0424850622873865,1.7506352244222436,2.186749753121459,1.7487471071326974,2.1168831641298436,2.102162748955109,1.42673869296007,2.870171363478405,4.127650072684174
10.853587848917007,12.047861492398434,12.277951313186417,13.345342719887574,14.486216011964247,9.682340748643137,3.591497066337978,3.0240483326644654,6.886075514346231,2.2603556040583532,7.0167682498510695,5.965548682570191,1.1342085206111032,2.8427256863296795,1.175618135592545,2.799539926526092,3.0626807410317056,3.8434267370085915,2.6299747321595426,1.387033262641553,2.0752857180342876,2.698928017281983,2.4459411141867973,2.410429163546912,1.7593855140640227,1.5456470579760817,1.766198585759811,1.965926835340026,2.392726494964233,2.1272040031215242,1.3834217626664571,1.4285789917565492,1.4824045342970862,4.254689379496371
12.34922779237814,12.496566133676478,12.57120029814887,13.385923306990804,13.811790195097599,6.152818014417775,4.727437106314053,5.178270974437678,11.025632752062968,7.431292784621923,1.8724642536134828,2.6070706772000927,4.336045079165859,4.831710858533766,2.4389221794515596,3.6704212321758503,3.3332495720018835,3.4860796800673497,2.677473560709299,3.38651913188648,1.8490911416171492,1.8917944474779815,2.6385245276098668,2.4191708084775416,1.4358492885909695,1.27023039353239,1.81963086885803,2.4421965848987814,1.803564404633892,1.9104464556602636,1.3907596947508194,1.3806341861372728,3.627148368051157,6.443097195807385
12.653392846667856,12.96431327294292,12.338353480860576,12.312049347573181,12.714594725910612,10.57336525141061,5.074310597312194,8.046254072323526,8.19409971124726,1.5657015894668014,3.1187701947300237,4.128682094672133,3.7520085600105153,1.578810932440217,3.077569733006521,7.615036187089852,4.30308296668139,3.6094557666682228,2.488318857481634,1.9826307849701694,2.002903444509401,3.9966503638281266,4.755614838529103,2.060369673422173,2.7277740084816555,1.3043619816819048,2.6321105834692036,1.5006996711849574,1.3653282653088468,1.6661453112964992,1.5981081931827053,1.2940112471678864,5.400920064178203,5.6296976124303395
12.877520950911624,12.009257360975205,11.637041284681557,11.399362628160608,12.18041620898853,12.765648244312425,4.3515761518587155,11.714388871221619,7.171003673799789,2.5258299739239507,3.464738639649338,1.721905446432327,2.6897244295755245,2.7210587221121343,4.952215040428692,8.510771055488838,7.188960741541202,3.170020295276972,2.78420678159007,2.214451920286866,6.08388977876658,6.140163794592195,3.4103753076091627,1.7625822538694824,2.053417964008578,1.6248093284466931,1.8976069752921003,1.3888910101071912,1.409985815283634,1.6458043824621533,1.83465645971418,5.363004695212146,5.73123144131275,5.991828937304862
