script/wind250m.json
{"header": {"parameterCategory": 2, "parameterNumber": 3, "lo1": 3.000054539987559, "la1": 64.9999836372058, "dx": 0.5, "dy": 0.25, "nx": 34, "ny": 52, "refTime": "2026-05-12T22:00:00.000Z"}, "data":
[rows 24 to 47 of 52, columns 0 to 33 of 34]
-0.023719757165030574,-0.8304141974683211,-1.8643052432918774,-3.7788935592138935,6.938022963380049,8.090766837760372,4.534283590144926,1.5684937906282626,2.9627281202593894,0.08179805941269677,-2.4364735315415684,-4.817718736857802,-0.15268840400280734,2.909569826966389,4.074923295740952,4.033849754266165,3.6654468163058844,1.013510387714289,-0.6728282791806143,-1.7618962141990926,-0.5690838427329867,-1.8080369829091187,-5.09799684410856,-5.307774355662745,-7.216588971910484,-6.975836976602961,-8.103450258985752,-8.161444837290992,-7.991120440681805,-7.7858560625826,-7.369407863912256,-6.600128166029551,-3.8131027498272165,-3.7468327163979187
-2.2185212152315485,-1.8163767408588598,-3.065013561297519,-3.5659280170368826,3.9628490128359783,8.702041978247365,6.550896207271115,2.7182804100635107,1.2454323452956777,-0.7909031358724273,-2.7590336772986923,-2.6195283900095765,-2.1415428333541966,2.617359453401697,3.9505007064605215,3.611471144870904,2.2894955038138822,1.9176701123814461,-2.5936505943043016,-3.9309685274764163,-0.566124912573417,-3.1318210260690806,-5.397594328961225,-6.0709900104576935,-7.644614556496504,-8.946582305140497,-8.17299982730877,-7.685537688831765,-7.483054445903973,-8.683045539117503,-8.136081287527835,-7.687425763715648,-4.459698422113916,-4.06974779400598
-1.0498701981747849,-2.2126259867823084,-3.6398173348351466,-3.9613150785108218,-3.8915163831613158,5.4632222803755255,3.60303069000677,2.40940717073126,0.034408183437420234,-0.058506866633595334,-2.0879882807924397,-1.411586231561452,2.281789642266437,4.123259581835527,3.8301878343685747,3.438193856330859,2.0738520117213115,-0.09947614012669138,-2.6308974043355113,-4.243874659124284,-1.5710092236795705,-2.735950433189127,-5.242677074187492,-6.811163528729219,-7.688816453783709,-9.53016962633834,-6.958070860130429,-6.88341322762097,-7.2433663864698135,-8.036905390533013,-9.000698423920166,-8.08547747378211,-4.7365970401143205,-3.4846990354604515
-2.0272932403592367,-3.52528387971638,-4.828041644557201,-5.349612994893856,-5.244876806702118,2.3395889198063906,3.794560654922903,2.5142890741460704,2.0353338358708815,0.5693925217954297,0.9024125494298528,2.345848959685796,4.352660644941078,4.1983892744023095,3.874486981512976,1.4551115949194646,0.7349888391515422,-0.715971419832005,-1.1152523344800067,-3.479749503521801,-1.0332802707726132,-2.625821801279688,-4.84639779460105,-5.6395036688579205,-7.452256875204014,-6.8510672734479465,-6.0829011521364995,-6.451080855695487,-6.7640963372006295,-8.176144930311818,-8.507251263853906,-7.918845269190452,-5.3472408844737815,-2.665494669611744
-2.992396885332558,-4.32210753569237,-4.287461439891153,-4.456858113845918,-5.845658922863682,-3.095394805110362,1.1552210757730417,3.113864277845012,2.4209554971910996,1.1937981486873797,1.2353460001363046,2.411076690038586,2.021824023296414,2.3037730870287745,2.6440952498326014,-0.07171607654300419,-0.3832400017537283,-2.100556438596468,-1.9255027336739003,-4.68642480859373,-5.658479845019581,-5.285957432847123,-5.526787318981756,-5.6505988872427615,-6.809388999485558,-5.619604295943459,-5.74413986063576,-5.6482996453859675,-6.941269751763506,-7.848466972314182,-7.304202159041581,-7.157957070261593,-7.541757614342844,-2.242291365815816
-4.109701600379479,-4.6369120625269025,-3.4007751566779163,-4.3363301638736775,-5.261928682162435,-3.568140142042436,-0.01888507203985204,2.8396540263964503,5.472575228777647,3.8346437900331956,2.607326501624102,2.4204791827024374,2.878621233944924,1.6395124652184407,-0.26600360458891625,-0.5788451397532504,-1.1723841865806641,-3.5718641633474744,-4.312664158823176,-4.598306686448542,-5.716305109179063,-6.759476136111877,-6.8260078896069825,-6.338336838628013,-7.60346885492427,-6.992983625668826,-6.561449339144043,-5.81556322814233,-6.567915555351089,-7.308013257349196,-6.659424824514717,-5.400160965657657,-3.753983163497985,-2.903775880949261
-5.023126991033012,-4.041639284182056,-3.9200415861063105,-4.772556365244857,-4.539368978638167,-2.850851106119721,-1.6204298977452063,2.0234770776572812,6.319290284915873,6.754701623605212,5.474833291891815,4.635866333732584,2.9794071163954206,1.9189467192387544,-0.32406222363464987,-1.4423847057166976,-2.221613210857762,-3.9122896598221835,-5.938606056281809,-5.724635471952475,-7.545670175198107,-6.801860169839178,-5.702368125811794,-7.436298162362754,-6.405280742042676,-6.246610288121985,-5.309264323314663,-4.91521497594609,-5.561426810991106,-5.465677350875129,-6.6569697922894,-4.122619057500688,-2.879214548429967,-2.1352903650284176
-3.516288044875528,-3.072004387173671,-4.858124909244866,-6.004882716053637,-5.117966367364185,-3.084391525629952,-2.2864469187063188,0.8480783285877149,3.7473697521745817,5.926648305034156,6.25317487899595,4.98078344353957,4.095310039965026,1.4849754510514357,-0.6355135075276017,-1.555607608827492,-3.2893929899353416,-4.727589616161747,-7.0301495008367105,-6.722759901501889,-7.822070977243516,-7.255314227791424,-5.632081741413921,-5.356242178795178,-8.085311035886303,-5.45625317601975,-3.8606352236679977,-3.7274869261595156,-4.667134519070926,-5.26718303061637,-4.740200992677554,-2.8683458637823893,-3.005325237062006,-1.9753953747790176
-4.480853691583551,-4.892627087862711,-5.534876674872231,-6.2645804575814505,-5.032962422228719,-4.57889483636479,-2.666231419607875,-1.2460734912271585,1.474110685933451,6.090476762659664,7.093855383971278,6.03729631584811,2.3239649177378445,1.2813513826872047,-0.8549388672404158,-1.4365813172856663,-3.6168604547617846,-4.924347063377711,-7.261934398633458,-9.258877995458235,-6.931855178352738,-8.394542045473752,-5.561145865754866,-5.707877335762664,-6.449907205491847,-6.608584606607219,-3.6883083827427745,-2.4150472707406623,-4.272885930904498,-4.029735140939969,-4.764848719970598,-3.7936738505340157,-2.1474166260484377,-1.516188703650863
-4.58195938806329,-5.990084188741689,-6.166320167251335,-7.135680090779647,-6.007659974204629,-4.363769052762837,-4.977251602419463,-2.7802288262540324,5.213870786930628,6.726428306846483,7.254573329427263,5.650524002660096,3.163554518593684,1.402690651428833,-0.9026461196917138,-1.6557882344917103,-3.7104796039801946,-5.489081734730612,-7.393043748338079,-9.179450554526412,-6.114795834345162,-8.861112304700258,-5.312092135331361,-3.8199859046750415,-7.990420503346801,-7.420747904037073,-4.065088438005946,-3.1468536055597416,-3.6341841469332725,-4.459885048430274,-3.7144877281682773,-3.5787088280046486,-3.3727013334781657,-2.7548763043926616
-4.829434497480513,-6.014544217203072,-7.410877202294512,-7.9722370329347925,-7.117280583551627,-4.896356279815129,-5.941886077607602,-3.296487385582471,6.227973211712436,7.956842959376846,6.274950376630768,7.16265590928684,4.008814767259122,1.7184836557922705,-0.12404028010236785,-1.709342615708914,-3.0511908926894633,-6.566488454880633,-8.148125529051798,-8.812660085670759,-7.004258445944602,-5.939090546052275,-5.771610670313454,-4.218165819861476,-4.755214835588731,-6.6435181853740435,-5.08708676797275,-4.3077639096988,-3.7380139457469745,-4.6081520147159525,-3.4978471392189157,-2.8212660600097226,-3.4590245795720773,-2.976006505324876
-5.267849456732419,-6.5130358471733425,-8.323426207943314,-7.0701948461123445,-7.5055708789673306,-6.398256709016215,-6.045551800662529,-3.68143536779452,4.551218094569182,7.511255466288331,6.552962943013129,7.9954483530003895,4.846813124893157,2.3979347652194773,0.020583266558538562,-2.378453312244901,-3.640748669766006,-4.700970939266358,-6.845660057473611,-5.684893676605176,-5.7995241376484055,-5.616387724213183,-5.4595117861010785,-5.193857866098952,-2.7511221926886122,-3.183487565955366,-3.798634214969394,-3.1977918845092295,-3.83418935440772,-5.71606335801939,-3.8930353987107464,-4.192797526292572,-3.260735219618811,-3.3751021502056417
-6.052060986436668,-6.405635595986671,-7.5118964953329215,-6.558268160148873,-7.054163574717752,-6.293214556927226,-7.120725249001138,-3.3129922362734825,3.885861805642681,7.0611611265451035,7.577412864665167,6.455438698973315,5.752946836741906,2.6268316732912456,0.5122941155444767,-1.2639076113864423,-2.719731910442061,-4.147461530596717,-6.505029546684194,-5.640054334736847,-4.401100933970405,-5.436460341070614,-6.560519601734971,-5.771218958327777,-6.143934667160318,-1.8779219938633083,-4.59040838650236,-4.270836063878352,-1.2354179404672854,-3.7076106800798754,-4.190117651873552,-3.2984076284016264,-3.1809106564281002,-2.400364295452505
-5.819373529278031,-6.040148482530239,-6.2791737408597195,-6.358052500470266,-6.590272263745667,-6.277775615602367,-6.846948780117311,-4.841915464020164,4.075172021355469,7.380442935447519,7.76523925185911,7.154264417766536,6.242874621535954,3.2880966995675114,0.7487323067315421,-1.1794628001707255,-2.4338807448776962,-4.126993114192231,-3.467364878651926,-5.882830444664739,-4.6903249211117375,-5.018024123560671,-6.765425345482428,-7.0001357806384465,-5.399533346935357,-1.6571625723233185,-4.735282158950329,-4.690043761451511,-0.483552928272366,-2.9955067013948766,-2.918248083134892,-2.326113135918773,-1.853863778002215,-1.6511132045061494
-5.997417499672322,-6.3360820090525865,-5.057695984758242,-6.270841823093635,-5.7685724412972545,-6.299853298922748,-6.2338719795212,-5.797793871874228,4.855464519452248,5.877063726536404,7.819448521633925,7.518232338009184,6.59829265784505,3.5602089679857554,1.5448264124617996,-0.7706779451611818,-2.6097830892449343,-4.404356827204205,-6.0655946353524,-5.8709202380575825,-3.5991426050065067,-4.54035827105205,-6.006604042870497,-6.9029628664412215,-5.572303374181243,-4.757193725934897,-3.2032954799819886,-2.773511050764552,-1.0225927491398759,-2.491504892085548,-2.483513921660027,-1.9743059774045846,-1.4554018526060666,-1.4134938996191273
-5.804693980232509,-3.382443280690103,-5.505297829971508,-6.2040399634079675,-5.5921223778263265,-6.54013895055032,-6.077245792499472,-5.425155631589861,1.730625235321527,3.5588527361528532,6.291771649648759,7.547328911519291,5.851969525460884,4.021166238678915,1.9396103073808126,-0.4990715600402002,-3.031231250183141,-2.9879262316394373,-5.922176051930016,-5.422515641977725,-5.429194568874054,-5.33486051217236,-7.113788138433953,-4.7461457740376805,-4.7452323935638585,-5.465555086458175,-1.7413670838659192,-2.032763177330136,-2.1786296329286934,-3.1218472588869637,-3.992107148493293,-3.066666604095348,-1.9556624371920381,-2.015385175654521
-3.9567829237512107,-3.3589947227263095,-5.909459308973708,-6.133594838894737,-4.912485736412458,-6.6336496220549,-6.737743690855042,-9.817802974559996,-2.0625692017300734,8.254569090475794,7.929631549916205,8.212953344030401,6.652284048820116,4.348893491405245,2.2396580708290874,0.3354063014510147,-1.6289081167150863,-3.2653049005385006,-3.637238598195989,-5.205397459333553,-6.226565601343566,-4.3654537554955795,-5.51295701439933,-4.976752257570953,-4.943118251294498,-4.594445434891686,-3.430327537852102,-3.0370500013355994,-2.104107113802485,-2.8392249822737523,-2.1128542256249734,-0.09271675429336511,-0.8184701930723582,-1.5764770085549114
-2.116366468464028,-3.875286764198153,-5.890231827269998,-5.463844024458676,-4.438070993045699,-6.569230285942817,-6.321047893369591,-6.475037734865897,-3.505376073042498,8.728155176432413,9.826496657759638,8.165101782751892,5.853038375530191,4.082729308598197,3.225685145075535,0.5235091600250797,-1.8251120331536688,-2.8711645502537513,-4.392294109902181,-2.8383073348661068,-4.477840795850396,-5.619101286421988,-6.7896373665746985,-5.430134364054222,-5.278418328808733,-4.810663477778525,-3.930357314803227,-3.0987395628591186,-0.5154238848814682,1.5542568786242321,1.5206417356370618,1.1243112464570093,0.5327785058995622,1.3370446409390513
-3.332295630506673,-4.017939913558834,-5.743858960548762,-3.9398932947962306,-5.463344385098273,-6.152502432171723,-4.444614821009187,-5.130797770576763,-3.1120073854499966,8.677706234140057,9.614363779006792,8.096525528913014,7.207817250406123,3.108396337744625,1.9085295398885005,1.2071785654087988,-1.4223352621550398,-2.866265072531365,-4.134844468024283,-3.552421371225022,-6.708394526616579,-2.9924301892139367,-3.118487125373661,-3.258234231066797,-4.396799358086855,-3.822432534215401,-0.6125512493823012,0.9838047135291168,2.702392566588283,1.8799059544204215,0.8683623923677855,0.7137220619913085,0.9237960528409241,-0.8698308286666816
-2.660470754296594,-4.30488926650681,-4.761790458615016,-4.225907182437416,-5.753107523593788,-5.816577530072665,-5.160697838030299,-3.992381719395337,-0.3787519156972587,8.352880829167438,10.174488394310746,6.990472589994422,5.934891345483537,5.363180801253556,4.237191138492709,0.06595530566330447,-1.2558494287838227,-1.5438005993709611,-2.492141330523967,-2.927299596550839,-3.398194064513327,-4.5917582140090865,-3.56799121261194,-2.9516914438039152,-2.0713120707713872,0.11894903659654438,1.3260869268465574,2.789954584737788,1.3679552917379256,0.5981421738594145,-0.08581396284785632,-0.4654733894247016,-0.13909251328836347,-0.9107913898315647
-2.697314014414928,-2.4600410269195616,-3.6213302209940967,-4.398529130526665,-5.666362479173875,-6.271323874868119,-4.454191715425263,-0.6797387574932267,0.022006508623671157,8.475857723760107,8.609936202834609,7.740627358947946,7.716239431710734,6.9334065648872825,4.597505015527158,2.060418993128627,-0.4151340396840819,-1.5370412410837953,-2.7363759714817903,-2.5256580818515992,-3.230935841854898,-3.731553202733593,-2.382127776190263,-3.892951679004419,-1.356708390795183,-0.51397695046448,1.5260523575974982,0.3118441600584809,0.5779322399727268,-0.741093932458308,-1.4262374087013792,-1.4870980040158719,-1.5299487414893829,-1.9457786853827177
-4.3518481737379,-4.241103749630524,-4.6895419482076734,-5.1847599576806145,-5.581819469033278,-5.016421294616981,-2.699291600095405,0.5979377630195802,5.980063465255871,8.259008478182622,7.4621357632690755,6.369718052590937,6.829217557139206,5.691351616745568,4.65645885310179,2.9715459195205245,0.2994627794240518,-2.1489109737486434,-2.3363926153047725,-2.0597183249207185,-1.9669755578553603,-2.492382742559635,-2.3397693949247214,-2.988890549910137,4.242133557600817,2.372107544570565,0.7688323379698688,0.14455063209648505,1.1882393131937605,-0.23230860707203949,-0.31571999339810364,-0.9080333715839465,-1.4461017084885068,-3.141180417466845
-4.700977587312431,-4.5657689869814595,-5.0324832189526845,-4.178327254668417,-4.380640859094878,-2.757021264055704,-1.330379535209025,3.5898183673728554,7.021430557666583,7.784223304428705,5.164288984170012,6.8619684073284795,6.945255523759268,6.527054988518193,3.0218047443479814,2.900997102142205,0.06201912719353925,-2.595944836149657,-2.8470859318150494,-2.571454410272503,-2.758774908890744,-2.3108361594458957,-1.6507901661752382,0.23548379624216761,-0.9373676190533332,2.8862187875961505,2.4817811163724413,0.7221499469186299,0.9961288192436528,0.8294370409239333,-0.23193448585206153,-2.5003313297551144,-2.149779156786055,-2.862885715832661
-5.1666695095140165,-4.8230003553147585,-3.5414429357371393,-3.0339251973232035,-2.523602327296503,-2.4402914669065736,2.4121584532941514,5.473337809277181,7.0514166986864515,7.011245621676407,4.974765349711092,5.842695717204435,7.029574939731933,5.056632040305628,4.229107201976058,2.057604544572983,0.9343700264867619,-1.308974158470279,-1.9943725383088258,-2.8271286709223657,-1.9614289244788787,-2.6470829499087087,-1.833445797155769,0.7643021331599994,-0.6621819503629313,0.4329046329288186,0.3056552581238872,-1.1850299710358836,2.7245603126424407,1.8800112014864006,0.8347347720589936,-0.8242059974888031,-1.0037104886493171,-2.5807251973351817
