script/wind250m.json
{"header": {"parameterCategory": 2, "parameterNumber": 3, "lo1": 3.000054539987559, "la1": 64.9999836372058, "dx": 0.5, "dy": 0.25, "nx": 34, "ny": 52, "refTime": "2025-12-05T19:00:00.000Z"}, "data":
[rows 0 to 24 of 52, columns 0 to 33 of 34]
3.41544824326482,2.798798905827536,2.1113580173413555,1.6858041609279328,1.3796488082099136,1.5666360177539684,1.3882874888376477,1.760042746395068,2.2754876338333205,2.621632428814263,3.148961926157966,4.185372892525481,5.277158261884449,6.1601884984579645,6.929397149797295,8.226404146359677,10.178969432211591,7.740644965939636,10.39096845990486,15.97190957655406,8.777691378785338,3.5443871202976998,6.503397130580449,7.803241494945226,5.960738510895332,1.7782356192946083,4.592441045474066,4.644028913239585,3.156100581603423,2.8067688944121123,2.1625993502678575,1.7480773786997645,1.7122075350276698,0.6002500883696235
3.5317894750238703,3.219433891740184,2.1391736855215493,2.441072977049646,1.835293531301362,1.9694109976681229,2.1183930779882005,2.086777797054501,2.5513190320075947,2.5811750833784903,3.3293882118053273,4.185681773491333,5.03167342339792,6.156172154333426,6.9790402323585825,7.391230007023975,8.102506008454968,8.411722147359221,14.888373508168167,8.439571779533226,12.738623325168135,8.377171635309608,4.133314034156009,7.326831470137387,2.024887314047746,3.1136371923794974,2.486314077839836,4.896971520299725,5.588768461978267,3.853328097403983,1.6370137578264137,1.4896516251008258,2.4613271712169444,3.4993752296330745
3.25277236235004,2.879786248159076,2.4094916637865396,2.2142843187855443,1.9435368390733117,1.7444745424646626,1.4495047437888258,1.444053702895399,1.7526335058830322,2.590885740338742,3.6696978866580454,4.484695888773968,5.110701338198697,4.774266295136725,6.421142435511439,8.433577425360046,12.075136935193163,9.667595677631839,2.950208484338386,7.761881032350451,6.395792163253311,6.332992069238934,5.268493411169144,6.32471208149037,5.613575521907534,3.2696315680373838,4.5836834397166655,4.2804470344023215,5.184698441335582,5.27305041310808,4.710980602619419,3.1641570957044927,2.405730996764757,3.3039732128201265
3.0558402888215697,2.690101806368481,2.3641267231673737,2.1968427616692288,1.8879299847068454,1.0925038458181153,0.8404460311443106,1.1132014337204392,1.9746150556962678,3.220247594643801,3.840042577330115,5.3413030918852415,6.770392347806018,6.0395450409936755,5.986951507594551,13.579541906248396,6.965437523773386,10.1699101984088,10.165643085154931,8.29950147232728,14.033370628108798,9.086082244240561,9.135804050812828,4.891013558443525,3.806583262588217,4.123905592591965,4.502138645259253,3.9741731895148797,5.021696094095723,4.294836764610732,3.3473222151981967,3.439653037516833,2.276452739533907,2.9513055638554238
3.964011267422547,3.4189280964810873,2.7186406534895258,2.3219798772884634,1.9328482463125432,1.605828841320468,1.3349771471302794,1.611804510533937,2.1282315571000576,3.1497093769905664,3.8032155823034937,4.392792448216565,6.449734896365054,9.082446366921065,8.473242414961435,11.950889171428717,8.267140864975328,6.685605844093549,6.25457561614697,8.817532009257564,13.322220369790855,10.903841028874412,5.342731843034406,5.064583921194314,3.1880275314028714,4.602078670672981,4.747095936507406,4.162308167379212,4.8356044782504295,4.066934226060017,2.9795977936857008,4.5247454879147435,1.5776442648788407,2.3742354885472174
4.852213879803986,4.778929953567248,4.27691071584231,3.3583449548879916,2.517223405279983,2.43182477804563,2.095665926606828,2.111278261612821,2.497028582784092,3.477128898151703,3.7297550837177558,3.6676164882734543,3.03931483512462,8.252472723179228,5.732319621125931,6.0696757975516835,2.3778567460037237,4.339807118126653,10.742188396345743,8.742928846843885,4.2277093017418075,4.739884197794383,5.365794015220202,3.6997219733530486,2.9985490446561545,3.291320732386445,3.9736856096308344,3.7613976721604665,3.8544894485933137,5.754635948108427,5.081946801068574,2.8868460098389517,0.81574431139892,1.8492402066855593
5.425129640125909,4.649473868792938,4.030614776051628,4.353098599742616,4.297690880443193,2.5854111105110515,2.9140046003345277,3.3517895795134502,3.591275600000241,3.280608733721055,3.3110434561094735,4.236842606440182,2.8045110569444196,3.9362532034682016,4.8410603719180365,3.6381350665636183,6.1468373009340675,10.608230859635189,11.418753335211466,5.801445968612677,4.825470059529657,3.102938239834271,3.823176658658599,5.088911154786202,4.171518973429975,3.544381173745724,4.26216026182854,3.854840497262409,4.965447413292424,4.96018265348426,3.8143300754984373,1.4068015639817122,1.0898265283201358,0.5825994297371928
6.718611693397228,4.918037612042564,3.5505985340434596,3.2062341528455813,3.750642611336122,3.84214259820715,3.195724694788999,3.20797814346195,4.128154899472662,3.0465156719551683,4.736672589975052,4.446543102579255,4.133131529767429,1.5504435905114138,8.970878343615446,16.150738645045642,7.263884223509523,13.056865687766262,13.843806491117858,2.984053103466404,7.09128148947209,5.747481845212757,5.521856972187275,6.152484839219528,3.4572090823900923,3.598513970682119,3.276657237989126,3.283166902604105,4.161990560087723,3.473667157930448,2.7104938423672587,0.49768666429233666,0.2860326757008525,0.6474083654195284
7.722635304098497,6.479811299976478,5.199042522677931,3.91542352780358,2.1646239829643728,3.796831976689894,2.028269502756941,3.8281661092366153,4.724203029374387,4.558994739194784,6.691678793070304,2.4722937082037886,3.974928011380557,1.1880342221193803,7.2332192052983615,6.4352752757323275,12.407866474559857,14.458425285232215,9.548005756733989,10.469198475902873,10.201711603240213,6.901929564715248,5.317723359174286,5.08033219267493,4.262941171066302,2.8740392697634136,2.618616276325606,3.1790672488067178,3.5510486579125247,1.8669346135916394,1.5013280755327296,-0.5781527817557454,0.13887231063226335,1.2325746257905636
6.306200182821243,5.707457316020114,4.283432901521983,3.8606157545436033,4.549717596005474,2.862794826295509,4.3029473279280515,4.546503743990256,6.3302855192696255,1.024571276304823,5.492043437760698,12.85116743590924,8.136862503906112,7.8479695141710915,12.507446718959523,15.69241520055022,10.620337228403713,11.02464399974164,5.497908052968197,5.683744036165591,6.522400602512608,5.561468259331155,3.163431080930735,4.538583883148593,3.260936867693841,2.3207703885441693,2.7237488850212923,3.3189693284193065,3.161536328403714,3.3659002850897033,0.7177498292794371,1.1502144780983734,1.7521012107841114,2.273958754776533
6.357348727954461,5.557258090619361,5.723773155326559,4.307969691658909,3.2637094172477616,5.899220322207999,4.07958299564387,0.18756958296000126,5.671834119832753,7.7493585302868455,10.202373142462573,12.15991980426568,9.057672792626311,6.819843984352901,12.834113424804965,10.789538601996007,8.704330592687773,8.112632164229183,7.781801119515196,6.602627384806309,5.355795436995274,4.339591077814641,4.0472304338361464,4.100650876783768,3.6679268781858014,1.3557961529643299,1.3195908713512112,2.8930966365893283,1.6745415689176093,1.939720031081897,1.3983801955546409,2.343330576225903,2.6355865963568554,2.8690225472347928
8.239311079591085,7.890799931595735,7.584008931684119,5.623004509569839,5.536927123555481,5.547585111184008,7.7019382951118684,4.350850631329732,4.632159876353369,11.429152706218217,2.964712059055905,5.8800254043802145,7.960435426593256,-0.5044648428835357,9.334210200136466,6.372364299392826,11.084895322755811,10.232771424137667,8.44692420247332,7.746807128722997,6.197957604070399,3.958919772796059,4.490661340076235,3.5203153631146673,2.625435525335408,2.5236921856691166,2.620061186017786,3.467963068115947,1.4480439488539494,-0.44393892029205817,1.0679026414093493,2.1522800704385405,3.2066634065680084,2.249784727221191
9.962530018532961,10.760866764846797,8.299338863930803,8.262493879964978,7.839617305057315,7.757584156948619,4.609376271828352,0.9289980545985332,8.128714646548072,5.064897680975127,4.896440745034286,8.710196763019479,11.213546794139749,10.032000880527635,11.222132686829699,12.376707550531945,8.007317959094218,3.9983421477753973,5.764550614715241,5.2433223504270465,5.628778779296147,3.6519614024618052,3.928777561688395,2.941481261729856,2.28017827112149,2.4394352011541764,2.565397212815266,2.3449853812608485,0.1837093719814863,0.16345791693237974,1.6156417989677858,3.4002823035209175,4.530558065038419,4.006396876923704
13.775882831098906,9.751521814757638,8.30490760141374,10.048666448019441,6.197180186660249,10.918696553432289,10.068356247146506,6.176195692346233,13.734703624201142,8.805854789307704,9.368832516115575,9.56727319188255,5.929685174758005,4.799981387219699,6.219640617026858,5.080368556342756,6.74044579656207,5.230709886882404,7.381589263714373,5.1431004257849775,3.6416513979972316,3.7111721646061837,3.9980050046591344,3.335269568517348,2.457034987586175,1.4541146897688677,2.4489208451232742,1.3614854790918887,0.7933249571174599,-0.49985371057676836,2.778679151619457,3.071305304082794,3.542277005586199,5.010748931183961
13.551620127127915,11.310120063561007,9.005502582767601,8.479061029715242,6.558230622967376,5.75470976724817,0.9650083930477544,11.1673605533105,2.0535556619533097,1.6599432176580702,4.51594686912891,4.060778902102685,7.772438057988615,6.524990618094674,5.7182446170964125,4.192121536515264,4.925119705644614,5.055872583485279,5.744583813027615,4.464967158690866,3.6018228732205384,3.6231832329528553,3.3300941991754587,2.576827272305038,1.8764521502801457,3.0477996335570214,2.0543189304634644,2.052326600159015,-1.6389923630077585,1.7006863669624006,2.158367575802022,1.845089459440289,4.367742165155262,5.693410959012306
15.337897087448665,13.122732571854758,10.446751693783359,8.401148332200076,5.6199877593886205,5.148884489689212,5.929631868584894,-0.08861873071248662,0.6491709308255705,1.8808998969752238,6.768285965045507,6.782633787744937,4.46042253211586,4.654476825670385,2.4934023163397687,3.520199227912783,4.392761352255081,2.8553008256001675,4.687416117149318,3.059305888318051,3.2232165294657658,3.535943203310763,1.571353953451744,1.7381428961000696,1.867007387127058,0.6284603435526069,1.85268438964964,-0.8472697432462091,-2.5474933740281642,1.879744238541491,1.0922310162166557,2.4185633688067814,5.408459890625227,6.72784187213212
15.883631334252977,15.442249607169249,11.235703507200434,8.446211077878974,7.029483139181036,10.814967765472694,10.089227038299233,13.294129971144333,6.6329952455528085,16.618103040138674,11.237288949807898,5.853304990924324,3.464080543859693,2.385819656958561,1.6205723476779292,0.48607125710405874,2.6330908093367005,3.0253095422237055,3.8640155222300465,2.721032444706043,2.789904865092198,2.638189843919014,3.237411204842566,1.2444792387685102,3.106658945878472,2.4747581576614306,-0.09263638311105295,-0.6264645424587979,-0.2093985207886252,2.2599312394446605,1.1845337631618404,1.7004096930128658,6.520985893416178,5.18688011797186
15.63922127381637,15.86349712616904,12.113249911234426,8.264719707873194,5.043966111776052,3.3366300381203615,8.974576222518742,6.193797823310829,13.546874906358227,9.792089151438597,4.000624341913317,3.482327008020153,3.529080525712169,3.1458503572316663,1.8114855864582775,1.2190474493928303,0.9623376504408694,3.8883970518553657,3.998274321708182,2.862566209170827,4.382740676566738,2.9664159616135986,3.791380645433228,3.6940855974999565,0.9955927126641284,0.7368870129500352,-0.3772919116115619,-0.6592889647102794,-1.1482201620576178,1.40182134097176,1.2800085578187836,3.4329168871411704,4.392204259108856,5.886727318088156
16.20776845881242,16.232951641032596,15.256417000779173,10.115691985755685,6.36938559642143,4.843163566766732,6.301054176035573,5.259455314760407,4.597683043845107,4.585631907551409,0.931414824462556,4.415104056660114,5.989020499411867,2.801202635144879,-0.15330063621121537,1.8604951669872305,2.0634327765877485,2.9359268171165445,2.076036204485901,3.2922906884117507,3.5160513278850387,3.745126993942365,0.9101398804969566,0.6090072725752139,0.5894812682009644,-0.4460518295539799,-0.8152736836823152,0.08960626150351854,1.1583210149461638,-0.0770449365802789,2.0543391735007135,1.9049555391587525,4.180708731808029,4.966114014058705
16.60075577254485,16.82769912218819,17.08044103945379,11.475525199398048,7.740230956999447,2.6610842632759626,0.22153537807719303,10.97628486408148,11.901956598678101,6.237691671755481,6.5523688200520445,5.811914438991489,1.7181206469690287,2.4597172108976095,-1.9086074143075287,0.6365335954436657,0.027948904138494556,2.060872176035127,1.2214877095483798,1.7129934448398916,1.2397094624120393,1.8249184688775555,1.146604758362837,0.33960096289061914,-0.5062212743166382,-0.7916656614664245,-0.7469351056836204,0.74229560422722,-0.8460150152399984,2.7640351444083895,2.584387305732246,4.826745821981425,4.543883145934882,5.613914300147956
16.95637149857278,16.394630138850342,17.337713439873383,13.670894117033859,9.110836914531319,7.600299086311301,13.67515519711954,6.363027615716873,13.247102805640537,7.447990765011346,7.26908225901862,2.7239379083047597,1.0101983727466115,-1.0233880630528334,-1.7213416159795352,-0.7046177243042478,0.8672647892666077,2.276208557853922,-0.6298060989754196,0.49664751261413986,0.6342696919551282,1.1070850469364968,2.3200072468235877,0.38641227790904725,-0.5802919783932012,-0.47804321232658215,-0.06640617224101675,1.705535834391073,2.901256311258414,1.9457517825001398,3.32251789565613,4.2387403108477875,4.149526451200449,5.127964616026239
16.76041336080581,16.593319676954625,16.72606342876356,16.01252126832497,8.529962970970688,5.570971053563643,0.4532011879087522,4.844716344784167,6.429144597322512,3.18460615744164,3.539187422762728,2.5619403383399133,0.07913856757024341,-1.272697504837961,-1.3929326447277102,-0.09766292930383794,0.6862346349911749,0.39839497423549797,-0.44072667742627636,0.9889611724660963,-0.3212486513787856,1.9585881429630498,1.4078790303847983,0.3539728587943537,-0.06247859916005825,0.2628964260746814,1.4577770964015446,1.6770323513175003,2.677929689880081,1.4546216611165688,3.0184145246527536,3.7909533226676895,3.157453892456626,5.1781417233284115
15.566384624209581,16.484122508659564,16.11283182777565,17.066436550433288,11.408885767386431,8.978755955183427,6.025099834323042,0.0526506905708629,6.5434095211078365,5.655873013252788,2.9361692113021496,1.3178680442992272,-1.2176718245915548,-1.596982239925594,-0.4690190157658307,0.5998118762432921,2.5766296098664183,1.9771517560632648,0.33572658689640134,0.5022720901567728,0.6196103248045456,1.724811751911714,0.9360389878649752,1.7860506922330437,0.8703633004770338,0.2859769016479857,1.7929862385611177,3.532166832497179,2.4266722443931514,2.2929489394146105,2.8370702227757985,2.715706337713866,4.744050257998258,4.703086590044753
17.507805383652787,16.212451825201352,16.394883018639366,15.788278634778585,13.398428886693408,6.6278875696584905,5.856985717076787,10.182264535625402,4.912469309147629,2.5798274590654406,0.532618752798579,-0.07044607508042318,0.07959500361689907,-2.1332482421509074,-1.1261710088905932,0.7839785811533656,0.947337574801873,1.6543249069215984,1.318433273530462,1.0010479440860574,0.5723809896912163,0.9407984322383888,2.0707179046699693,2.4797202866064794,1.293637740280663,2.1266464198373725,3.1067248412638495,3.3913737060331215,2.2250294439710734,3.0601919135413804,2.7695191613706784,5.853741326904321,4.710944579847168,6.213035481451103
16.50692449166745,15.294359060948498,15.370737371625898,15.712371289318504,14.463292111701792,9.234461488684586,6.195678160777501,12.473729903848687,4.928914946403134,1.3165518335897506,1.2417709410324733,-1.131648286731352,-2.087868911653059,-1.0578589933928657,-0.49072428250647404,0.7146053021184514,-0.03739431353882434,1.3685799855280592,0.37846835519560734,-0.4720203960085192,-0.748992981418253,1.251536278146423,1.522519504564035,2.9457779279176086,2.279288366455338,1.7883492862946335,2.2750225256980388,2.431555137928513,3.1499545620533134,3.9683731148028,4.670963982338691,5.065492854458706,6.705519067873865,6.282878610577517
