script/wind450m.json
{"header": {"parameterCategory": 2, "parameterNumber": 3, "lo1": 3.000054539987559, "la1": 64.9999836372058, "dx": 0.5, "dy": 0.25, "nx": 34, "ny": 52, "refTime": "2026-02-28T02:00:00.000Z"}, "data":
[rows 0 to 24 of 52, columns 0 to 33 of 34]
6.366138200414694,6.491115222059277,6.513754348459936,5.803029606717761,5.24182341165638,6.490245819664772,6.978235900766081,7.40987236874946,6.418841651885007,6.615279417284195,7.029156154239226,6.702124931018226,7.6683960817011485,7.181216950517365,6.239811655080524,7.760759633149299,6.970566577696878,8.357248992433139,6.4327632325730395,5.975134577309944,5.648579922497724,4.543636261936565,0.2035900668607786,1.9952957420896125,1.5608767279730584,2.422607181809361,1.4074914346798117,0.5726226503976602,-0.7355328947423804,-2.8348597112946328,-4.1681706016391376,-4.5025769512030225,-5.155182020582561,-5.91497995794509
6.697111341910581,5.741104676112913,6.091284711749143,5.547828003456095,5.377395129803404,4.745619898150609,5.068235510995093,5.85763694636407,5.423551174404711,5.277812542214571,4.90215808594841,8.247115768223386,7.861883018324046,8.222537554352495,8.234340533115125,7.190610880208125,6.877629426350722,6.743978976908445,8.151692761397792,5.0375490998137735,4.964205871099284,2.059331081728013,1.5625058800549325,-2.1377577566116166,1.2491380059276112,0.3139233302483664,0.8995709868027277,0.37229360977402065,-0.5087079145042798,-2.9910858049616267,-4.688807364243087,-6.170401360937117,-6.455946766040633,-7.5062265802592485
6.402683243759478,4.6947505508769405,4.512196131042454,4.50377053238921,4.034190981419862,3.6686022990656553,4.255232636859933,2.761993947324747,3.1048932920955057,3.1121739548042773,3.606501420790253,5.3653477736821324,9.438167514570797,9.863947899924538,8.73797069893096,8.48734745075193,6.65957945364841,6.764247312739778,5.303924579241971,3.922065377711986,3.060507591907804,1.009909981211913,0.8649954389175041,-0.33762611818964305,-1.9570388360938835,-1.4345304259893596,-0.5026216953180611,-2.9288850249763336,-2.076501862412104,-4.681451012129145,-5.804446778038292,-6.021741423881752,-7.851817346391959,-7.823262159407051
5.470236317094325,4.305941424185868,4.089411286977437,4.109839871846319,3.117764398495113,3.239895094060703,1.358583560929129,2.2676303028138896,2.0628971415219124,2.3439156575488287,4.269188693968747,10.542219531605147,9.370853864663346,9.108707614571497,9.237769125767532,7.893953428219681,6.286922956017848,5.951900352280361,3.9479282153388127,4.51351088116601,2.5072149147179172,2.6082395967183265,-0.09748532557800307,-1.6990210160810901,-1.5727405520019484,-2.2718519050982318,-2.8978630749709757,-2.213383214430381,-3.908377860299723,-5.898638638790891,-5.822127809832196,-7.0798787657342555,-7.388237852796709,-8.132327954603381
5.065367751800136,3.9878835931572496,3.5181239171034067,2.235587199042791,2.4241292269082266,1.0048993233127215,3.393275719036529,3.0701171313846576,3.3299272227260737,6.400208622652515,10.41441760005242,9.898264981095851,9.501262101127322,8.637012747903682,7.901582108630459,6.0577679048648125,3.9671494685379605,6.054679942422847,3.9611702703162472,0.8043523522201149,2.6776298284331386,-1.1134743355611636,-1.3545498111458363,-4.199420148104917,-3.7170399792253286,-1.8862553561970272,-2.44958829349914,-4.638415881353719,-6.248956545313351,-7.041852348061141,-9.759443048567404,-8.850550609612446,-7.630827254864316,-7.937520027011281
4.338346485910076,2.982007528807692,2.114003634380722,1.021702984815212,0.10524167206800558,3.2728024459555405,5.740321742956315,10.45447294660963,9.078017376174449,10.204537211258247,10.621856830114716,10.513656251659556,8.603626071584467,7.815255562342316,6.667058837619924,4.5717139045890205,6.976717951999443,3.822783345350355,0.7144085715561245,-0.13605367650717148,-1.0612562878632974,-2.7235625907528216,-3.2474332381197173,-2.6787696741907516,-3.5227986967966585,-2.7860760901639763,-3.7212295053459954,-6.813056517297738,-8.063595055786749,-10.214920668963822,-8.889050795389931,-7.940814729713592,-8.079337217397384,-8.264642941276964
3.227258488008078,3.939383545698654,1.7477492442553397,3.78213183880766,-0.3750686288436315,4.4209752415443875,11.96313617169761,12.283143471890801,12.059218964993361,11.496597261928505,10.828911500835208,8.534529105791691,8.017018896969404,6.637885515984488,5.756832132283616,3.8388781167240538,4.26852210577092,2.9184915971465375,1.5784251726297385,-0.8536582469865065,-0.8905574721916005,-3.3960324409794973,-4.939332488734574,-4.880051156537858,-6.226717531115612,-4.261904089526008,-6.41007119661534,-7.807095595743583,-9.257830241207767,-8.121139665453631,-8.629699274500386,-9.297095050384598,-8.9425631170759,-3.694088778494548
2.9131097411702345,1.7986588734774973,2.6299290582653936,3.4354669284392774,2.263489063996901,6.405542084769455,14.634190015650965,13.816685945169175,12.698258339883687,9.826018010332323,9.35783144697831,8.523445445265754,7.934197569933067,4.699759656580591,4.688862304522773,4.0404526578227955,2.189629029367828,0.09419363387159568,-1.822296662124124,-0.5764658458070123,-3.9889457243301814,-2.986458738467245,-4.160654784673594,-6.1543422878971,-7.412740845514686,-6.880466560350497,-8.058054012277447,-9.148241184645657,-8.843100562722661,-8.301387329490465,-10.01725241274679,-7.66656148305585,-5.956597931177211,-1.699397668589281
3.1175517692210666,2.51463351041828,3.218160836668742,2.698915121495152,3.3799869753089617,14.267035274007993,13.798248077935252,12.989605927492052,11.523124366522623,10.359049569627626,8.652906932720304,7.122171990851676,5.901160089892946,3.3018473391361582,2.628876180171948,1.327698757884749,-0.6635023036624791,-1.4633305544038355,-3.665345484938977,-4.112934522816266,-5.524714754262612,-8.287505439342025,-8.541931228459271,-7.21277077253774,-6.340077678013758,-9.386316493100232,-9.547451566171427,-9.012879195849562,-8.436804787168159,-10.251909437964173,-11.403228522245971,-8.532547646649858,-3.37251512883098,-1.383360477099043
2.529011066123696,2.3943663026894115,2.7076318008262192,3.650928432897326,3.186684721603352,13.79012318203541,12.453624426162458,11.807014676000327,9.893926166097287,8.622985186317331,5.335223105048942,5.848538794734399,1.6189678780662298,3.2885359438725463,2.1938163527744097,-0.00790315643578361,-1.5112257426251856,-4.942398334079071,-4.580236885992925,-8.196570577403843,-8.080299066634613,-8.225635072647705,-7.182015278304756,-6.214963191637153,-6.110621396077531,-7.569507960744826,-8.997769420980335,-10.78748236975027,-10.95192347763414,-13.112257253615077,-11.15330855088738,-6.739404659943272,-0.35275444827374886,0.7260147637607999
2.2186931363144966,1.4419143371464676,3.0318756335813775,3.7914919623422376,12.475433880676844,12.31451469939157,11.12645376193025,9.673644915918635,8.318057212228164,9.383137038442444,3.6372788159043945,3.3049541041214483,2.4362039642747844,-0.21510381854876698,-2.072658540796923,0.751404626724303,0.6179066579001637,-2.4298433605426246,-6.19079060763785,-7.188198611657522,-6.080812149050205,-9.161823468678415,-7.261179123641107,-8.821718521692755,-9.848069866731015,-5.594506334383911,-8.474324812073645,-10.318081687767707,-11.29176569486858,-13.421591223144366,-10.537516970745788,-4.40005526601305,1.0108366013244159,0.9776493414865592
1.3172610035834542,2.5355531842231103,2.9255140870523677,11.276331983568026,11.166908908821949,11.303594412537192,10.651666984998922,6.385075063517091,9.414608294908364,5.735530378998688,3.158549933106631,2.6123397738940404,1.7113246272814127,0.4788809152246963,-0.12011161604605665,-0.4856551705939154,-2.652968761336453,-3.482335946981233,-4.525824979687602,-6.5714518231151064,-6.408479878008474,-7.826280316925634,-6.40888145546396,-6.938697203085883,-10.463767807259359,-9.405282170502824,-9.499987975706762,-10.668248244499898,-12.162021439770463,-12.744652942677103,-8.928484324450201,-2.9710060741789666,1.2587494585425711,1.3289339190814295
0.8626039801035094,4.87644749793883,8.075385299370456,9.913438307739973,10.347343089114842,9.887420792959878,8.680447047442193,7.0831668959519005,5.639121798994018,3.3103691959946837,2.1719875130353175,2.6394333194655615,1.813143261232075,0.8463944395033656,-1.5845922632557405,-1.0856131952810653,-3.206410443087392,-4.667142292830222,-5.529225746338022,-5.333909791642431,-6.553999953746899,-7.482224120799677,-7.663563068375691,-5.682162357176998,-8.739388233301211,-9.574656960286447,-9.399680144561184,-9.67059824277511,-12.23977583087388,-12.564196299984939,-8.265947873207095,-2.312220306138237,3.1857651794549815,3.153043789581862
5.60557226868667,5.97045085481903,8.287222125298907,7.6035581011537205,8.0045941183659,8.330864504857862,7.873960181608684,3.5653223380849663,3.68301851001011,3.197349371947167,3.2972242022820164,2.535353554960338,0.8976466997417357,-1.7046360546495685,-0.9058284336858384,-2.9726539569145713,-3.773229138579902,-2.595704583727741,-4.578259217703467,-5.162535576703587,-5.737451762580228,-6.908958025588068,-8.719524164484586,-9.391452030536492,-8.347908489217211,-10.004928642953246,-9.504431160395196,-9.820069130162937,-12.092522363675707,-11.456208723690844,-6.881570532549614,-0.8975594573230476,1.1774473917094437,2.889473739085774
5.182382600641015,6.936045043146139,6.562668448466928,6.075832253703454,5.880046650140821,4.251881192146547,2.9708216724386682,2.955095006457912,2.1534293720409017,1.7629517442005085,0.7097462359022038,-0.9380930898650435,-2.293913203031728,-0.26443978911296356,-2.450594097645568,-1.4839670572122046,-3.590808820384678,-5.107057384448317,-4.320114954922539,-5.620270391498806,-6.46048419739665,-5.855984992871433,-6.721914589882925,-10.369078325117888,-8.66753378476872,-9.669890663955654,-8.930498864373776,-9.715536680565316,-10.67902410714932,-10.041880788058823,-7.388508348230719,-2.747118658650506,0.2163723591189288,1.5840280839547993
6.025771831234209,5.475488951203065,5.069577349174421,4.616190385329139,4.09966834021758,3.1726327377205155,3.16094466667152,2.266621438678856,1.3467215042719445,0.8040436191839434,-1.400566776549696,-1.9102213874551028,-2.111885967399958,-3.0141463238571027,-3.24620219095184,-3.0579317381541276,-4.292100389001517,-4.295529391389342,-3.692021843306534,-2.8135500310818995,-2.719116889209715,-6.169773937294012,-4.428745305441054,-6.602914925557312,-6.742270319661894,-7.7079787817929795,-7.991875095022228,-6.93979466745924,-9.682482720495006,-9.248510843786462,-6.531956789523484,-4.330853150758768,-0.5476350613318773,-0.11245858693047166
5.261091955066974,3.957710335820754,3.4874218442801603,3.159764012361728,2.9620518593810714,2.794909345314475,1.7680966914619367,0.43009378382204894,2.282643493130306,0.6663404449773342,-1.750389750007867,-3.057970163109237,-3.294066011365903,-3.6089673596083878,-2.6985754786140808,-1.3859158257242203,-3.842425151162069,-3.189686702539676,-3.6180639368862972,-1.7686911044302056,-3.4587974159155195,-3.4196864366018196,-5.077796837169816,-4.6459869716836995,-5.84200043929778,-5.927871579055382,-7.578170413975031,-8.013132054831472,-8.595361218173048,-7.820118711446125,-7.372941543170317,-6.818350603714513,-3.7884832708555507,0.4670637437007897
3.332480031607795,2.6155451234470126,2.3599893534843237,1.6719448658949085,1.2754446836591866,0.43716101907771165,0.34266573761527513,0.9327211074644461,0.3707710963374561,-1.6634225352414835,-4.518295977996505,-2.7639589583177524,-2.742482157186598,-4.4917502162952125,-3.9332009138769806,-4.118472492564614,-2.5299268885642423,-2.693282678156602,-4.220815866261814,-3.997150360425928,-4.005262649756488,-3.5147858235575846,-4.531311793873033,-3.9867985168107714,-5.52250704188231,-6.223046792408,-6.775845735140001,-7.681284857787959,-8.008426053896695,-8.719819590933604,-7.252357161866718,-6.351426777862446,-5.210406131571648,-2.8875911988125513
1.941703717184863,1.486359763434761,0.7374203501902257,0.08580969137417659,-0.35515184497389607,-0.8434456736553316,-0.021215531582874925,-0.6313635958861027,-1.4332731816443798,0.1378494457567412,-0.3449219042946171,-1.9625064342047884,-4.063062520976207,-4.798845658257531,-5.80522824551593,-4.567777198697838,-6.159218804524361,-5.655105068006494,-4.533405307481234,-4.94201629179462,-4.600186346074426,-3.677803288363333,-4.8579901572028605,-5.073476374907918,-0.7645366481520325,-5.528462944489888,-7.278264321764266,-6.98915951079749,-5.265752475948556,-5.966266016107091,-6.295654900396748,-6.104812980570755,-4.3172740648604,-2.2819981845950754
1.0428431431060943,0.34466629408646776,-0.5148809097457476,-0.7334940168691335,-1.1331076877996493,-1.7419030917688358,-0.3001232705039356,-1.6959355106275338,-1.4001848290423804,-1.337613660744833,-1.778089529645062,-3.6257963495173295,-4.449242140083999,-1.3151143123768194,-6.340539953229852,-6.634086307333489,-6.309571839032141,-5.2828110710552165,-4.037324959327038,-4.782007087931737,-3.86610992910632,-3.423770265847794,-4.489424427775091,-5.215676849050082,-1.1996128472086411,-3.18471161988833,-3.9517056016803815,-4.573965818040179,-3.049454684438582,-3.2121604798034276,-5.491774246505391,-6.294616731011331,-6.113633452710303,-3.829418833117945
0.07336685652290269,-1.4555326451198294,-1.5116021862445388,-1.8419019768209102,-2.023750565790286,-2.3819214874952253,-1.128008235251624,-2.2903395688248933,-0.7597415490594494,-2.297588571365591,-3.0660700384753334,-3.781009309819565,-4.7092008463427195,-6.379631598612748,-2.7472482539039143,-8.124529072774104,-5.270921151706873,-5.774827042256223,-5.47344770186262,-4.724709773383413,-5.500037630438152,-1.9367135847903603,-4.360045945296792,-3.857847989904152,-3.430837454902238,-5.510613133644654,-2.4339182065417524,-3.4127407936438883,-0.8282919166017212,-2.1393469358562736,-2.8466944593363364,-2.2708072318975003,-3.8048269522523555,-2.056583670218421
-1.6675664541528894,-1.5797482950440553,-2.158076500672382,-2.4559817893324034,-2.9306868750101276,-3.1132227171684,-2.052629949633026,-1.5582530652298927,-0.9750782321892584,-2.738270990241226,-3.147988835845783,-4.894221060123615,-6.772944163560661,-7.476189128047031,-5.319578668052031,-3.747260662432935,-4.898739796427195,-5.654379144985847,-5.119877848150113,-4.154355842020644,-4.258020668733355,-2.025215315806242,-3.5605413476544436,-1.622371743299435,-2.645406224835099,-2.425529991799101,-3.227751592820946,-1.5447322054517636,-0.6030176459131402,-0.49872731183056945,-0.2086152797284709,-0.08228455171932798,-1.7597354472868432,-1.1415857415225674
-2.034023182015388,-2.6652105945846105,-2.9868921747358526,-3.380495040837251,-3.696269860982065,-4.336169752181776,-3.929115219494748,-1.0219892370909605,-1.8446037810249678,-2.3472594509214986,-5.67377886974313,-4.850425905123684,-3.777131886812139,-6.106108313350507,-7.391983792315389,-5.302207319082141,-6.040667923237237,-4.756736103403921,-4.6314590170164855,-4.305263973080707,-2.617340153809829,-0.05117955419621867,-0.40012121190252575,-1.5925079717710031,-2.540888739065144,-1.3691491263072204,-1.2232412935834898,-0.9633836720958895,-0.4733489339608505,-0.6941418596281963,-0.9601947873410343,-1.0834632833010045,-1.5320756100540442,-1.481936046152699
-2.5394895694844712,-3.460536430558733,-3.6200508214483915,-3.922794096447792,-4.790416373042769,-4.315777704500002,-3.5535786534675315,-2.3723908522655,-3.8610876163837564,-5.345043286100648,-5.991669026353402,-6.306732940717529,-7.1294873037054405,-5.48202399872366,-6.6363995271843805,-5.652058369207514,-4.765125639286258,-3.138561783987937,-3.6338084171047953,-3.4688790414477686,-2.6908880717873416,-0.27055230516586737,1.3030409229328814,-0.718512159100545,-0.5795137271995775,0.08829702754496134,-0.5666568163739404,-0.7753131150603351,-0.9601725715590339,-0.7883587018535095,-1.285842024771785,-1.5714993752066697,-0.8827874475317848,-0.8006906292002409
-3.7368960123772705,-4.28592538091156,-4.159889756519423,-5.804413969800475,-5.258279602383677,-5.150265740407177,-5.542093881052872,-5.133745385600798,-5.327722450025619,-5.285009826466206,-5.576516684085569,-7.590946769342692,-6.565577710475305,-7.9594956617955575,-5.45640453578488,-4.176117396169266,-3.1338474885583953,-2.277853579521717,-2.9088354899748654,-2.8525842201833225,-1.8826557183844068,-1.183496335440502,3.108499757608337,1.0930943582022508,0.3271940641857561,-0.19490905550808207,-0.34892459368212425,-0.786143517984564,-1.2264849131002193,-1.2694641879956203,-1.0792063471078883,-1.3265304932385102,-0.7691730925791262,-0.9080216385315409
