script/wind10m.json
{"header": {"parameterCategory": 2, "parameterNumber": 3, "lo1": 3.000054539987559, "la1": 64.9999836372058, "dx": 0.5, "dy": 0.25, "nx": 34, "ny": 52, "refTime": "2025-06-29T05:00:00.000Z"}, "data":
[rows 0 to 22 of 52, columns 0 to 33 of 34]
2.960329343181377,2.4088866036686687,2.5932758896617267,2.768150659242779,3.534838847891726,1.1123561166503617,5.267306183715536,6.385271651679532,5.450173235030565,4.703960977301233,4.2807506614932205,5.474717530032829,5.516844327748655,6.221407330193732,6.811363205122447,8.006218451200109,7.000297681754839,5.473748878454102,3.365574885384136,7.133106529683189,3.6768015011948223,3.33525847978674,1.2901906137338832,3.098894933792361,1.8563548133896588,0.8671545384532341,0.3614830843712924,0.9727327978092707,1.120415425155333,-0.0353833789724893,-0.09071527098231366,-0.30090800627392467,-0.1889886386749127,-0.6074474807797854
3.376792686268587,3.356469271388673,3.8703000082398296,3.7245247738292333,4.796404896540918,4.742024683704749,5.239983384450149,4.931787344576607,5.437946754547037,6.877657059900421,5.967748348831589,5.560437884087017,5.017158707493133,6.321096606176131,8.923841025637827,8.564793114524463,6.840966189757288,5.148746294123835,4.320714133142606,5.5807467845926375,2.957106626237323,2.6819547541195914,1.868465922783513,1.637192084407087,0.025472097061574814,0.1619477115809401,0.4842526297701413,1.274441543062189,1.1054111908028144,0.5153393604160055,-0.062161264306625025,-0.6053461619983959,-0.7182678717420743,-0.5781408413393774
4.319748529536873,4.548233635921492,4.910396307891449,5.5814172298626925,6.167742110252447,5.907291576662515,5.49320136505357,4.787182182468824,5.977725453459335,7.202920510170856,6.324162867147985,5.388351238167986,6.176069484911642,6.867667261365108,8.314824807736978,7.7299813096652965,4.014580334453836,3.1393524403119075,1.746249537676378,3.2773023950738795,3.8725339827583816,2.7654186665990252,1.3581758683702074,1.678702846501759,1.1394910012472548,0.7311825146163448,0.9315005965197102,0.7128870707771164,0.8958562600421759,0.4587954707642333,-0.21183618456094638,-0.273273926306578,-0.9462929686525947,-0.90477731331396
2.9717306368308507,5.341739350899412,5.855266887885507,7.129450473561676,6.921103907532695,7.460428340118897,7.422275235692756,7.001121155547796,6.562314713270328,6.837124761828338,6.414318665796602,5.319937626978833,5.8568225852071265,6.719443705650408,5.622671719481026,6.124671113776416,2.5274026774769167,3.6985048769590247,4.8235086663293725,0.902930999794199,4.290669767312546,2.2066041462012334,1.6058657273377754,0.7300271461978582,0.04599595565940673,0.6385653817574454,0.6559100744311136,1.3946843591980491,0.607808397150328,0.2594272367782554,-0.25728205418018496,-0.5742441663712151,-0.5852784408780167,-1.116555202297081
3.4932207111866105,6.079459517391846,8.137413901781839,7.825107611179149,8.233362336365909,8.138651099323944,7.7528639302165105,7.825583479191938,7.059292026703248,6.689555798459609,6.441266677720291,6.0428393954024475,5.841409828935883,6.957739698490589,5.229330203794666,4.595145970515123,3.5954551026648054,4.17706044197676,3.7360518913819445,3.850729782437351,4.617319165346018,2.216666801330598,0.8768697051236951,1.0814895784200547,0.8653970425443299,0.7016380998729633,0.7861002654816773,1.1149126922403791,0.6752231877687755,0.07531575990165026,-0.5454712496646839,-0.980298224042048,-1.1177717748690512,-1.2051981352645167
3.0948895375287573,6.782349008130571,9.033306684277807,8.636342877024996,8.516264599488421,7.99093078419408,7.2793933108434965,7.290972398739421,7.758636782100634,7.612152655924384,6.7743448767714085,6.612307976891832,4.155463323873794,6.681809186324685,3.9667300294172185,3.311518985825036,3.6779947539149056,2.1978861976013304,3.4961402750138033,1.9581292436210749,0.6057035100425948,0.11262399815726234,0.5982986009436982,1.2115795243853924,1.1948094881466542,1.3514755478937952,0.9090738898709786,0.34199671322037645,0.19848424758028863,-0.3107976580348979,-0.4109643282952492,-1.2765125071339738,-1.1500111240634545,-1.4669936863102486
4.920335476193542,6.862486608004571,8.09934948305772,8.799170657889352,8.587367577675586,8.523031567336059,8.039813683592286,9.208691118705454,7.527946828663435,7.673095613214776,7.487901015351944,4.835485210643946,6.680985429039748,3.3863390918391794,2.625859449224884,6.2439757404731715,2.219458937373216,3.1553639488692538,2.0284948199122623,1.8598935559823935,0.7140787389640524,0.2779510054133836,0.07122056408785665,1.1693148935006066,1.2135669033748337,0.9993060121315137,0.47039119630459286,-0.8264428273184832,-0.6444841412637641,-1.2700215286340588,-1.335423142440199,-0.7286180211983169,-1.1787271175154959,-2.3356097671837075
5.886586296599371,7.848697898784375,8.033195217512715,7.7948044643344785,8.57841859713505,8.420563771479094,8.756828517874617,8.053216942903688,7.862642749314736,7.856102152966944,8.57155668531283,1.855103915663278,2.688772641853148,3.909436229083206,2.810180294644362,2.359413489590888,2.226988071131359,3.8180075880593267,3.3793108197840795,2.0665736527962593,0.5530917187056823,1.0270857932636215,0.19942566187481794,0.11826573664501543,0.8551342138158666,0.6122877114362737,0.05971881649765082,-0.39741896547651206,-0.5397421460914815,-1.622237542007611,-2.0855300446863954,-1.5691356253941577,-1.2804506477364888,-0.9110724162630076
7.458640039760275,7.421640859530014,7.687215050492051,7.374814003400836,7.165118796372134,4.33983033426828,7.178249353002174,7.800302772658598,8.872489006296089,2.814576108049222,3.4059789733786237,1.7490244289836425,2.700155822600965,1.0999072683917148,2.0372687953503865,0.023311144991431648,3.1552428329022066,3.835292592555953,3.7052657029200335,1.6568081909573638,1.6140494438949338,1.728944897686985,0.8785244933292582,1.1424837580968354,0.8292882973167156,0.5071274541155565,0.161402211423154,-1.0566938466907265,-1.212787840563808,-1.7529244053878195,-2.095649644845818,-1.2806255695764377,0.15670993640625713,-1.3802433477277747
6.122470943569936,6.566470790244764,6.661902060342873,8.916459625198152,9.618586013344432,9.876164840276486,9.173549000849173,6.946918672569031,2.4893430152913663,2.8757079304028097,0.6993091039875006,1.7749770154253053,0.9257653132818734,3.903897286345531,2.901454877626724,4.301996851492737,2.34830783028635,2.6903206125024557,2.05639691921932,0.4342382736264949,3.241388295881126,0.7696761712406665,0.38942572269617254,0.8186245552231289,0.08142665006482123,0.15775275888690357,0.7759859213705635,-0.06145705395477827,-1.1083838013305514,-1.2545624288961965,-1.883466410268621,-0.5369234004412561,-1.8943981225724305,-3.187296400665218
6.48949586609556,6.157620620148279,5.507280415216937,6.075451191360046,9.08272428328704,9.998129353653457,7.7002305515455305,3.3813570370111306,4.9688401690532755,1.3531276726453338,4.8536817732496615,4.499870328576487,2.272103477446162,3.2169709100376993,1.288339676326744,4.058223405869285,2.6455947474326025,1.6113561912085974,1.2320395151018892,1.8964698495451509,1.7748896083803722,-0.009054559016139092,0.8425470999563762,0.17192208387006858,0.7324814508398567,0.8344444676872977,-0.8700881317686345,0.17447120009335082,0.2090287294170123,-0.7226492670607303,-0.13968238013408357,-1.447088893990263,-1.7058375173489504,-2.9259424913119894
5.5517485253993,5.960141216470187,5.616203898239062,6.711706618620638,9.290009307025846,5.947649133823328,6.055879478683501,-0.4211310923073199,5.589445249939451,5.26851739150378,1.3698937205921173,2.5404785529073015,3.4646580357078784,3.609526051331652,3.1482770424521163,1.638712978198906,3.1595286675609033,3.7523069439905727,4.672811571855729,1.500394143425873,1.9351815683871025,0.44874389881848864,0.030169599914712006,0.0007930566578894497,0.5569337737897299,0.40780398759812786,0.5779456565174182,0.5329677556904032,0.17412492470753263,-0.3013793400290161,-1.5358971623610276,-3.2481056982107823,-3.497740272168891,-4.200866742227904
5.115198469001098,5.523965247361293,5.555480213919516,6.429900040330782,6.837537590555075,2.0057109913857207,3.2759154096908962,3.7350070051449227,0.9437138565960219,2.2689570426341548,2.7989472207101844,6.468307013856598,4.8038705585082875,4.385307773399833,1.5964738812713306,3.7763922614927505,3.2862804671851373,3.1604666497073612,1.8491120337904878,1.2171359706554061,1.20968042287768,1.0079741730671574,-0.08029245240880055,0.017207989061657155,-0.045101656909154006,0.6834717996140538,0.8389910285686356,-0.013634074693237911,-0.06810330960850423,1.0394251637647263,-3.8133667499508244,-3.1722312504463446,-4.6640206381609985,-4.707343398047687
6.372512238639004,6.089490429049076,5.150902467437527,6.496784897504023,7.364448479742453,6.878534580072977,5.224507424626155,1.734401859182861,4.571899499085253,10.2232677077198,8.689813476081069,3.485862627644341,1.5213384960953713,-1.0746064710724075,3.277339906204168,0.5718774360821053,3.9745498238791748,2.0958484086336218,3.0992652216884746,1.4983400629641241,0.08547416344146695,1.0200987670094128,0.2522801113904885,0.25961514691401505,-0.19168935981293658,1.1862008232171464,0.4835260076167067,0.5344324841655209,-0.8381219583168074,0.08204897754375946,-2.0107613301407894,-4.738978014706469,-3.187845414415942,-5.690189481366803
5.6591841761074795,6.222040892015773,4.913951678298316,6.042503500471183,6.614118858941743,2.175641959881097,1.1950176564192798,1.3914116124751301,2.6003680210030735,4.167672233151307,3.816780962768488,2.4169266924703807,4.57471063181501,2.1408631643319196,0.2034092994310629,3.557495302893058,2.4534764869437584,2.2346432640407796,1.6638810586096857,1.192481007865874,1.5470055263987985,0.0331354105734277,-0.01715367577554254,0.058805836871863776,-0.38526096555688094,0.48971194573132365,0.11593100977311961,0.2938488006894299,0.2536022585778353,0.026330230902451398,-1.1352669649209102,-2.995513546577407,-6.544952463560823,-5.817640476427741
5.097481075410656,5.032350938001914,4.947472672822197,4.799966237047955,3.054544132972352,1.1891819503171859,1.4896046883928267,1.1532971332916344,1.1664088982893632,3.82015062846586,1.2790747406327092,4.722823831290824,2.948568949495646,4.066847430888393,-1.2485013758292884,2.061580839406363,3.1653441816608168,1.8844400567322999,1.6410848877610358,1.2871213579649474,2.626976701245175,0.5451060812768511,-0.8600083162846281,-0.13390790073491157,1.0420382088742466,0.3751472820623897,0.015152079845714336,0.37039071892754516,-0.03257307645416614,-0.04451897918513918,-2.1104530704793905,-4.3932007854870285,-5.922872993238478,-5.5495923157948495
5.350220120962448,4.995763508977622,4.751355257236863,4.909891391555346,3.615433449979833,2.3828528934434114,2.0661238858984685,4.926126141845383,4.277650070968012,4.340856398534084,2.298689565622964,3.4624384236087216,2.1817516964450614,0.7815279949773406,0.17377153500658676,0.606778322661492,3.06625711801615,2.3774871407691744,2.2715801884465985,2.016933595544088,1.562144694033786,0.6489341520801258,0.13145066932658045,-0.39978311053825966,-0.005326682096763241,-0.07879575380501147,-0.1934674959051477,-0.10948655039193796,-0.4642922501942297,0.6395132097305857,-2.2882176311328206,-4.51224716370682,-2.540049159809018,-3.5589477452652787
4.571030234092648,4.0233755612588205,4.295219769469801,4.438180283659029,1.8224289697204814,-0.20812477766667686,-0.6719275742931362,2.781380191413393,7.16782309062045,3.653094356044795,0.8913564922421148,2.4447315175900726,2.770524772841025,2.8555637118931814,0.457027731457768,1.724381613066725,4.232996283154943,2.3404096305821502,2.530205754695736,1.412571846330766,1.0101270678875938,0.3749852300001803,0.14320375372287286,0.13844597201799613,0.32654952138351917,-0.4458525520743272,-0.7427543996062519,-1.1308271722906158,-1.0150569066987007,-2.87005121809926,-3.8359646667722607,-4.666359134371325,-5.171354603765936,-7.877722723716313
4.156012623644868,4.190692970652619,3.315858944618302,2.944580379522219,3.5996738577850524,2.055883822808592,4.414125109463137,1.7427115738656098,0.40336398798220724,4.531220732214675,2.5996558399277787,1.759758521500133,1.83032977024824,1.2024908336859652,0.19765031761545876,3.0421376250529284,1.7299964243432107,1.727883122338726,2.336723316715094,1.7663501751932102,1.108893966330096,1.3464935984894832,1.2159698483524801,-0.22358129477103203,-0.2847815825531473,-0.40127412128483175,-0.6494062832510701,-0.15876870755254144,-0.4191550887972996,0.1607919442091351,1.1064767621150355,-1.2297987153335528,-1.8196476323745832,-4.896372049683894
3.98636363390603,2.9975367166483453,3.324759296873348,3.3684183996083545,2.3425085275659754,0.9495704285130034,2.6910231971740375,2.2931417485207617,2.9855741660705855,2.7724704167891394,3.5109167622577755,3.7121361108665614,-1.2654730085854244,1.2166017524533572,0.6688592081214929,2.2194720629156914,1.5753677779604807,2.0811385724897304,1.9637360932034373,1.1145561481654644,1.5731359199974424,0.5912575366331124,0.858066242486072,0.7104603375229898,0.09306757571678535,-0.7623792268731585,-0.7196203512311496,-0.22932530637155465,0.03506970157815264,-0.10416157060983666,-0.3341840882431545,-0.06971476953982066,-2.2709956004933765,-2.3731420354753876
3.491781937603659,3.0090505403438743,2.9068474916215914,2.9061081565783278,3.8808191108271255,1.2939233053982542,3.1008597608408213,2.090366491021433,3.5112155074463622,2.5526139783992976,1.575214648084577,1.3708226431605581,1.3685836765597863,1.7247949322557181,3.672276379901533,1.5979967182580659,3.2379798111116758,1.654803758925616,2.1057056051659506,1.7988993865786753,0.4693545826339934,0.6481824482041127,0.03384543917892914,0.5152580867767849,0.819602205243155,0.35324377957761927,-0.4510784085514242,-0.24239539489169815,-0.032111867521074436,-0.63811133850018,-0.7659070012140371,-1.0454439089095326,-4.2865453846907755,-6.232996288675806
2.511564568698843,2.414879820162491,2.375744225982449,3.512255623338121,3.8977238073264435,3.45380149473989,1.419936084236453,2.7711981798494087,3.124710283074288,-0.06563391996139957,0.271417382318639,-0.24162571074036673,0.918579402717572,0.5577190024192764,2.0706243103332738,3.339658240343107,2.2035611947511873,2.4393577038909258,1.6946918559352853,1.289255780483663,1.2673480410480806,0.735692833539261,0.8010031416208601,0.3516619944827113,0.023825438557436743,0.15562730789097315,-0.10288210981201137,-0.0131610214472166,-0.25195023947736384,-0.24012199763335393,-0.26384751038031495,-0.41552637475851306,-1.6306339644203023,-4.718544994652602
2.0473014328807726,1.7155777656834814,1.493704261522487,2.0730459086298723,2.0478526936928088,1.2098150378129788,0.2997928938401267,2.8702806495320803,1.861427345412572,-0.3437084152613611,-0.2272014421065801,-0.023598272364121483,0.06459696459185695,1.2356874838978267,1.900098906364636,4.832037897930335,2.251915196714443,2.2917444717565516,1.3516581757321526,2.1926167061105986,0.9039970452243354,0.612086436203223,0.4502601427243001,0.6170068525656632,-0.004811345216364675,0.14229515148074795,0.9029337013953357,0.25827198300349025,0.06050631081308305,-1.4071491707815582,-0.9849030744232543,-1.2531922562127344,-1.2586733805617751,-1.569151085096103
