script/wind10m.json
{"header": {"parameterCategory": 2, "parameterNumber": 3, "lo1": 3.000054539987559, "la1": 64.9999836372058, "dx": 0.5, "dy": 0.25, "nx": 34, "ny": 52, "refTime": "2025-05-16T10:00:00.000Z"}, "data":
[rows 24 to 47 of 52, columns 0 to 33 of 34]
-10.645252251098057,-9.985551020735313,-8.266767753767692,-5.856894974916426,-3.4096774382552177,-1.5603391667379296,0.4041891916919227,-4.59937736390422,-3.480144451254644,-2.169390955265336,-2.884259979375762,-2.7526632878276653,-2.7661930583428935,-2.770294514631119,-4.291207906417446,-9.846403929001973,-5.322885150733661,-2.844381728634154,-2.641325754310161,-2.942540564121318,-5.543142260775595,-5.302331702708228,-3.6327453383290287,-2.417430431084558,-3.6033974538914126,-4.105900130818929,-5.124163628363313,-4.299200316825935,-4.165836723960628,-5.0864617079083905,-5.191451714876779,-9.852934186620729,-12.134078932661073,-11.628327211248838
-10.426659631418687,-9.465327342533191,-7.67007165262457,-4.9803074951737685,-3.2834497346282716,-1.8730991224508506,-1.2343013438854165,-2.1672115877108493,-2.7443368074512047,-2.468278539505084,-2.8834364335130824,-2.6015300621403536,-2.6361598688266845,-4.223794710534714,-7.206004597015343,-10.427876709693937,-7.883074311125175,-2.9152728485687294,-3.046244176125518,-2.923806678531751,-5.421300328052788,-7.6039748337209625,-3.505266126757652,-3.3462460639090974,-3.1989335713325837,-3.618056361504661,-3.5623451794084953,-3.7824545280114297,-5.507396605022683,-6.94826919875049,-8.622867379848916,-10.858913725279693,-12.686437013150115,-12.277153067627994
-9.789896398171427,-8.787102409659571,-6.360363677086373,-4.065788833339748,-3.0200842203606615,-0.898666828206904,0.9842095812680947,-0.8811606073258711,-1.1888003123628348,-1.7477836405310283,-2.082817403616226,-2.4022997666549992,-3.412700600326825,-6.03320245891908,-9.843568189491588,-10.616121722449067,-9.692724198085216,-2.6105701941586674,-1.820560141529067,-6.829809111033348,-5.138966650289954,-4.638742767294135,-3.3991986905799507,-6.160308648444855,-4.444490255735044,-3.781811469294191,-3.976478885554878,-4.691552225482305,-5.602010682373813,-5.402860770862628,-10.471319351029306,-12.214854284555985,-12.508195793535704,-12.569970297975104
-9.427422960012507,-7.932205257663578,-5.755771909993591,-4.372112779451176,-3.696125237653784,-2.716354801252388,-1.2515858888617424,0.858979704534259,-1.2291620154454148,-1.7157369624854661,-2.0746655969914536,-3.1960064008493556,-7.252828264536289,-9.239001045386669,-10.482713533253268,-10.553958977767447,-10.58755271770238,-3.973852997746987,-2.180258476229707,-3.7030038444649187,-6.1035233083527665,-3.9036231075796346,-3.3168302818723197,-8.520271706543493,-3.5449227283752376,-3.803599083242547,-3.541457826082691,-3.5718397708340257,-6.89247037504353,-8.701579296076943,-10.91821358732348,-12.255139360850007,-12.261460406551363,-12.992013259391106
-8.49524023994051,-7.558275694047782,-6.5990393858558996,-5.25884246422731,-4.197442312056536,-2.9619024405475876,-1.7083995676421269,1.087573830853598,1.4663131013028807,1.028278431222444,-1.9146966807150647,-6.671022349879027,-8.574736052526113,-9.572074797867272,-9.955577926080249,-10.361665744658797,-9.611382212551126,-4.288596165743876,-3.225432622251626,-3.024100148914335,-3.1243452732955674,-3.903716847832703,-3.9080072621568958,-3.342119275457581,-3.489990232720216,-3.1899804918519963,-3.334569443376235,-3.9859330992464557,-9.494626033718232,-10.695595304670283,-11.333053115622308,-12.642810197709071,-11.336652387011348,-12.199675138681618
-8.630118784503571,-7.556365515567648,-6.954150413245416,-5.9892899692076575,-4.930661296569761,-4.000217080547896,-1.8604267305959197,-1.4675739906278682,0.8456820707261387,-1.4990141499781475,-5.163742557330156,-7.805636342693486,-8.73027392489228,-9.063700591244052,-9.376372118786398,-9.598809344913395,-9.301190560586386,-6.8072596297648005,-4.225482752961039,-3.586242310871802,-3.2446293555547103,-3.532298946132532,-4.800339622400043,-3.4656917211611575,-3.4796621325468866,-3.426507235705485,-3.524592020064574,-4.421728892014419,-11.201166242669926,-10.412547496813225,-11.871259126190264,-5.929965327531212,-9.35256712181722,-12.762517949960591
-8.109357395048029,-7.55932633212038,-7.071351051083931,-6.287355362376246,-5.208119084638533,-3.729494229320957,-1.856295567100465,-0.6204078766268781,-2.0310442158907476,-4.488611242633698,-7.3035895071959605,-7.918949181227595,-8.217255408756246,-8.297726234764859,-5.256917816494986,-8.84966969610405,-9.486187642535684,-8.519163667807431,-3.273203310827882,-3.25840280536455,-2.8394359171169077,-3.394927837222066,-3.9326173420466435,-3.412252593262411,-3.486081147405318,-3.506105330748726,-3.6400117107442775,-5.038292310867312,-11.811727639422902,-10.945764174745142,-11.541714805182737,-4.638312166680276,-11.797979601007787,-10.93856682041417
-8.39548259499529,-7.8773966621604075,-7.121432468750964,-6.188383127592157,-5.0814034717302095,-2.6335194629918135,-1.6249538412559688,-2.5552629923725036,-4.95196756961678,-6.705005521305941,-7.430849475078541,-7.655573175098731,-7.73286318632665,-10.765702416754348,-3.676401377694618,-6.274285767683534,-4.938313536406913,-9.19937517218061,-6.723458379523721,-3.351699245384027,-2.9388146586432287,-3.657028983230521,-3.166932897458388,-3.6430484794700018,-3.339386401375287,-3.4949846684896353,-3.5959124464850274,-10.803387606983463,-5.867837274983236,-13.025627159439566,-11.877924903961876,-5.326643436032742,-11.806033031803222,-10.388328983462609
-8.933415037734346,-8.23435957257793,-7.226753797148942,-6.065648588107023,-2.896432808248926,-2.1288188809241095,-2.9353307605936045,-4.890560470648738,-6.186055593164264,-6.883103261775757,-7.284192774237746,-3.166325991509718,-7.469506473084206,-2.926844202299645,-3.413041182564065,-9.568166730647542,-9.218319581487478,-8.943935465024257,-7.4219217755993405,-3.140342399203043,-3.201177417597639,-2.935130782447699,-4.104768974255251,-3.684348763452393,-3.237013706927991,-3.5204459679432047,-4.612356284979276,-11.142354942444152,-13.810588754021,-13.329536088369853,-10.196133181419377,-9.682922988561593,-9.857160269777424,-7.473186456816005
-9.50099037092961,-8.660628743179464,-7.7257016471665665,-6.585968365393506,-3.4891173100514443,-3.0713220372585375,-3.8048274381268286,-4.962167178662629,-5.839113249030267,-6.7879957173078616,-9.358903161325992,-6.384689551621146,-3.2876318375069626,-2.7554493600452385,-4.14411564849954,-9.382262871694108,-9.475165528398877,-9.23533084747989,-8.93536609379708,-6.681030907155748,-3.344484884537612,-3.2688323758833517,-3.545826000983335,-3.648496368743204,-3.2762376302796645,-3.6339981407302893,-3.832386635243847,-11.872389854518104,-13.332503077798256,-13.625347738434598,-9.325418542915692,-9.774421188506174,-5.63564600978056,-3.2044538987719875
-9.833187061164855,-9.338368407756056,-7.874872235310102,-5.558985489613269,-3.9337886052466464,-3.281216067482842,-3.9275619953518666,-4.568332910518652,-6.53518134598159,-8.357635888545165,-5.8074751587600435,-4.98051637159984,-3.5288718248763016,-2.377351632186104,-4.320795130258076,-6.017192438612165,-9.232209179751226,-8.645679433322584,-9.151384837780924,-6.020375100068073,-4.629988672199599,-2.667168522247316,-3.095264966951673,-3.068854653667853,-3.023057225393746,-3.3181981986532403,-3.9651315899885793,-8.327065468185904,-13.34896986635012,-13.490323874327665,-10.1424315505719,-6.640605996208739,-4.5141062180838,-4.12683084377739
-10.245955885797033,-9.86127485640925,-7.356078232126482,-5.541332456199933,-4.546942476504593,-4.005194081917233,-4.485556892775717,-5.857000988194054,-7.3029699132707755,-7.534872505120988,-5.191796048606399,-3.432541213580513,-3.4565594077522426,-3.40092294814958,-4.420920167554643,-4.804334023522172,-9.390423138504898,-9.517866203269477,-9.539910220102477,-6.058932152244557,-3.409524367339177,-3.266355507763211,-3.084806070983236,-3.568347361825511,-3.376143405661167,-3.8334846182766915,-5.3237690849891495,-9.124049775294731,-14.481022736353063,-13.047930825101211,-7.81517079350733,-5.919052437040073,-3.059201335324549,-4.010106311811708
-10.666029343136499,-10.64463374738221,-7.675847990637958,-5.689933474517858,-5.4002734863969115,-4.813114020867117,-5.269534177285396,-6.209972267400732,-7.118680752517615,-6.234246424096892,-3.64506591668575,-4.02375137617655,-3.6884202220133058,-3.665293940417936,-4.191834107289508,-6.253434970634413,-8.683557236131426,-9.345975570926884,-5.564761100576293,-4.816210323709265,-4.698882895305554,-3.1198273413117623,-3.1713636369099354,-6.540290659580473,-5.508586123750657,-6.513748559598691,-12.282542954754804,-11.374670031298113,-14.324354708509633,-11.705983240524967,-6.919838199415537,-3.0708714340321466,-4.680192954849456,-5.256746080451881
-10.59972701253816,-11.020872753355116,-9.393772105556337,-6.5061810199396355,-5.745052262696116,-4.830256326215242,-5.390903752881712,-5.968537463590127,-5.61746769675792,-5.458929859280375,-6.321408339062047,-3.9961111038524555,-4.70684016602335,-4.288415803287926,-4.559841374107931,-6.408816048877982,-8.33800663393245,-5.965641540505479,-6.2241074465755,-5.194190656314966,-5.30168684569229,-4.8843893644101595,-1.7075830192046013,-3.9853528297265703,-5.902268005101451,-5.4122474761426504,-13.3921420794249,-14.196547324414013,-14.121153670943674,-10.850627455472914,-6.820120822648001,-5.98363590037134,-6.565890420294093,-6.7273155714415385
-10.986762825623273,-10.97477699705936,-10.341115839428088,-7.9791646342022196,-6.368351887126449,-5.42670046943377,-5.254263331549161,-6.51314779710106,-7.143737120947218,-7.036303675408847,-5.8313434482967565,-4.820698415447188,-5.391396529169385,-4.815810431735127,-5.940942540059779,-8.622287388201784,-8.46769806704275,-5.235082453914705,-4.647563579983371,-8.38522087134263,-5.684952659885096,-4.42837386769732,-4.442170907717665,-7.348031447305225,-5.508636009060502,-7.933390492170731,-11.795065319955793,-14.47305476416909,-13.91786185341387,-8.33410335563243,-4.60799995316716,-7.053415384104824,-7.153085621230105,-8.271881179022103
-10.832175976960766,-11.052139277136407,-10.405258158994828,-9.64970213309711,-8.265327110001605,-6.165312624306203,-5.8851434272221805,-6.35477544432401,-7.818368572811595,-6.852019466462998,-4.779950982192005,-6.032500196014475,-5.234507336379729,-5.239239651689188,-6.066803633856401,-5.311240880424262,-7.296701609298921,-4.61501921624321,-4.012939857237528,-5.221655343437515,-6.219396603019972,-2.8710851054543216,-2.7096733585346917,-5.71712170934923,-7.153973321597959,-8.82147319149968,-9.814499487931464,-13.350069850127502,-12.002056962663872,-7.779495692618532,-6.873510836611781,-7.477603015654242,-8.47403227961998,-9.377653972559793
-10.811535952346127,-10.959166958947172,-10.66286762187922,-9.796849360628299,-9.26221007591306,-8.376416070789132,-7.12665848077495,-6.787750915833394,-7.047763564823865,-7.022020291110261,-6.036511112734655,-6.464301555740885,-4.4331758112574,-6.55582772349899,-9.472370711776692,-5.614176177783451,-5.609670661343366,-6.12095587368223,-3.7323678528583204,-4.6439069310836905,-6.173686935303178,-3.3898617761403536,-5.78750131918552,-7.707963437118735,-7.546101343256525,-10.335961842409166,-10.937840510530593,-12.244992967012537,-11.410130412014864,-9.020674801613856,-6.984834855548281,-7.680278663753598,-8.306073776911168,-9.264351188389108
-10.762818144969403,-10.918079145434143,-10.888439322892882,-10.420583762438163,-9.481512268634429,-8.978480778574955,-8.32951123773777,-7.520359027210858,-7.441494163368384,-7.2615870907449835,-7.32910879737983,-6.295144772118103,-3.9191329124524925,-5.614068922009705,-7.143551563861407,-8.33762203536345,-5.027941296040341,-4.854745754781759,-2.9811610282953196,-5.700795357710122,-5.467625717080544,-4.937830960971422,-6.068482722258639,-9.512979767294892,-8.749944813691902,-11.196222074666476,-12.531382651705297,-12.239564457004388,-7.829322621916428,-4.366179345726713,-3.7309350842145346,-7.519383814519908,-9.158012686468098,-9.597910910155587
-10.609288237949011,-10.715665868656748,-10.633427273048605,-10.277734757001767,-9.871276475407784,-9.072594263819392,-8.383822637653266,-7.718270058641827,-7.505257808680392,-7.354592296908598,-6.761092141623997,-5.864065292711023,-4.367776100267361,-3.6696348191405197,-5.927986846172246,-4.012286039400777,-3.6139972885001974,0.3612742068425162,-2.3807642068905936,-4.352705820259255,-5.533948211128794,-4.7876712891633675,-7.792142081921141,-6.385891116556652,-9.6609290846211,-11.737077545313038,-12.41775108057978,-6.652512334719706,-3.402940597770069,-3.8607389453397056,-3.136802370000513,-4.316384820115897,-9.291622503835974,-11.109305791488053
-10.186601411035506,-10.29842535490317,-10.165896567862854,-9.800751672485983,-9.31221599411828,-8.906830743274499,-7.957558256487085,-7.354973552736994,-6.908199520565044,-6.565096141903329,-6.240843456121365,-5.6998744914357005,-3.5616971526320804,-4.485407709504465,-3.8200806295768404,-3.3721018481890734,-2.6504790243907888,-3.294146361568932,-5.211671555554795,-2.3840870609024702,-3.5948970553618427,-6.525101654739622,-9.714001407042499,-8.516855337997843,-9.145281285250665,-11.366580219839053,-10.18536238671723,-4.917050148815886,-2.9084733614153877,-2.7361876264059273,-3.5613831657139348,-4.8386932871255315,-6.722428355130326,-5.593770871282461
-9.362457411281731,-9.42428639826014,-9.33329452122141,-9.021714694940902,-8.73968786398156,-8.156978983743528,-7.508150341623988,-6.500369349337714,-6.062820580069868,-5.648058039270652,-5.1325781878271926,-4.699744160956539,-2.2342008006993237,-3.1304751399186226,-3.693363886135467,-4.107522776233447,-4.414712403727315,-3.305467602457525,-2.395969431112048,-1.774424415977463,-2.5883140015471975,-4.418087028965003,-6.575645228180493,-8.752100016297314,-5.0540637355264275,-7.064008303383321,-6.266621689599621,-3.535279332793431,-3.693853488419648,-3.163049996895771,-3.275921012437264,-5.098697318716006,-6.621018034552556,-5.723853017129795
-8.571330858555422,-8.393711440186445,-8.212914979533053,-7.801688458529893,-7.3958176198197005,-7.0089537859450655,-6.434759579039476,-5.755108334192807,-5.105602038628112,-4.693520149369873,-4.577183335422655,-4.633761129075644,-2.934430346085481,-1.6045209425680134,-2.243628045333333,-3.6114927731094317,-3.550948288850964,-2.720463167133884,-2.787343342849761,-2.854343024797158,-2.0489021727122685,-3.5690756654013014,-6.411434677659438,-8.146731976656014,-5.135396555800515,-4.050946910592197,-4.871345485082241,-3.4306472090261706,-2.2284835858977328,-3.5311217412684783,-3.2375743964280304,-3.8095729037018313,-4.74645417055695,-3.415596826321864
-7.948919872153515,-7.630415147864804,-7.202802882767517,-7.0453889438662305,-6.843796673927429,-6.3514508598382955,-5.774756914690944,-5.260930400486174,-5.322847801214304,-2.6948895718818178,-3.0513423412073686,-3.6653594184865677,-2.0145780659368753,-2.3863763426116447,-2.3325451651151106,-1.9951074989301645,-1.9236613723223581,-1.9086463413744796,-2.3729481384061213,-2.053715592366784,-4.129935055691093,-5.011728929817078,-3.8648764645976126,-3.781131954326222,-5.571278261298949,-4.268201912366891,-3.0488693807763747,-2.985039517176189,-2.5057264926946017,-4.733518724279214,-4.561395495190236,-4.170208654763538,-5.228643683526538,-4.0580403251415085
-7.692880920177234,-7.496668523709391,-7.258881786370787,-6.921671949205538,-5.929306858812784,-6.21884162899385,-3.947690363763973,-3.8445416006500923,-3.8832746537766094,-3.0909059003812662,-2.1927866586462432,-3.3760390145602286,-2.6903378991915443,-2.096020482894904,-1.498804843022432,-1.8074820677977048,-0.768413958846726,-1.7865450743699267,-2.982899534211838,-2.239560822389967,-3.4811312778181773,-3.708087036684696,-5.04870558595407,-3.8381894256974434,-5.949762962669089,-4.341954333570135,-3.31461411736594,-4.214796566053124,-3.490458907190918,-4.177939992594924,-2.877128503820906,-4.791719804303424,-5.064971844768728,-4.670965400116292
