script/wind100m.json
{"header": {"parameterCategory": 2, "parameterNumber": 2, "lo1": 3.000054539987559, "la1": 64.9999836372058, "dx": 0.5, "dy": 0.25, "nx": 34, "ny": 52, "refTime": "2026-02-27T12:00:00.000Z"}, "data":
[rows 0 to 24 of 52, columns 0 to 33 of 34]
6.8026894290897495,7.289891379812735,8.006986166814286,7.21788260554585,7.518359183803338,8.43769331511536,8.32554826873036,6.957439338686326,8.546126751171407,9.64811933269034,9.778698761461081,10.26311975974844,11.27368365885224,12.10652576606768,12.613359332509209,10.758279751603173,7.92234556589474,7.781730788470488,4.591972779090914,3.5461454846909803,1.8584799125200115,-0.023276694494428728,-3.286730095410574,1.5837400963956205,-1.2283293336610288,-1.8124325487069228,-0.444446991022103,-0.7796823694987388,-2.1515570590949764,-3.3605677074943383,-3.703194264651273,-4.131589152251275,-4.376987059205998,-3.2897660508954645
5.810507989029648,5.732245421559714,6.012094765217955,6.582154857603895,7.731765487814647,8.96003741100108,9.557855828871805,9.14678931404505,7.600627528051489,8.671139444026107,9.998828942294317,11.913895771852994,11.18132838477167,12.10982598008153,12.05096729071674,10.047191982206964,10.328903683223839,4.521314020029677,5.476044585686995,8.706461089332539,2.390210884592076,-0.8391543721244811,0.21096728250895488,3.4920641590224544,-0.5974069960177685,-0.5204893220907413,-0.5640296267990412,-1.7421475250486218,-0.7243058985379934,-1.460839253031107,-3.144202365667754,-3.1504279050200763,-3.6790662840281105,-3.249111330674647
6.43871501606459,6.258555591897147,5.5761709128783385,6.489155105316851,6.846177549757767,10.207962211970768,7.823501265091556,9.548395318893926,9.793291758127886,10.620097805346218,10.900152041252419,12.624730107700524,12.534392622005992,12.164789857337137,10.154763154437777,9.024355798555684,10.745672434795011,2.3483898066213555,2.5599913244461203,1.458471547280511,5.915059413527233,-0.025879743086814233,-6.449348931659775,0.4946344740568725,-0.1854278538147473,-0.47440571920807684,-0.16388848130868633,0.5568073060354995,-1.3257502238983367,-1.0420515156824157,-0.5867723453284875,-1.80006805662221,-2.6900870287079863,-3.095555683907418
3.720412925790625,7.45224985727831,4.678682437022059,7.676603160770508,8.754471416001934,9.335230995136564,8.938680258642835,9.348442574445851,9.912114304753844,11.893349545946425,12.104053431278,12.548138065260057,11.62914912409464,10.609706449702458,8.697007355732216,10.822125621957436,5.10291700160002,3.2468208676086006,4.236648632684598,2.405762016423419,5.802230968039696,3.9422009545035497,6.608143791298787,5.301007677179076,-2.1294477278181523,-0.7243285376028279,0.4629932181967155,0.3703205179701771,-0.918163046882971,-1.6133222264698888,-1.5523775685885803,-0.9204721676652698,-2.0518238232269304,-3.13902642873652
7.909181915956652,8.160749654648088,7.364079761019309,10.294008684291631,10.350473401731842,9.052816282280572,9.060261114415912,9.886902657200867,10.187321259113046,9.993973606457523,11.136684632929882,13.25480543952404,11.4036936146073,8.976813127548873,7.0090395978912925,7.050866364423275,4.427927698882402,1.7060320814128915,2.6591887565473074,9.758654892182062,6.435568816152765,15.00865251993207,-0.30348258179537696,1.238690127258115,1.714021330171588,0.7539030256799777,-0.0479459283025973,-0.7759823412073714,0.06368393657738178,-0.21162419762215562,-1.6771106250336714,-2.674420452887018,-1.8114135977095212,-2.303151752047148
7.67106924378876,7.398499253421596,9.13193033473445,7.328166906359885,9.224107034334287,9.725376141343997,9.23300938319753,10.077730669515278,10.808121546882367,9.553833393471882,10.986581166421816,11.503102454696647,11.073686048010602,9.438099432231164,5.502353851669563,5.654428425123072,2.47657089050372,1.5085503083072187,4.095412942772159,1.6530685246770223,0.10512643612489182,5.087003606438684,5.7721923163539195,-0.682878237776696,-1.4327387825810471,0.6414593524323436,0.06686585123949153,-1.1550518267150227,-1.3427510587059563,-1.177311448161444,-0.46985932719345364,-1.8177878548077393,-1.9994254184033375,-2.502585646336748
9.46994919595137,11.482490416805446,8.138900343939296,8.211176368874609,8.246132749119669,8.704286823565791,9.754376595994605,9.918218444339866,11.009685322369652,10.833581074902428,10.17726193724159,10.526038345495563,5.2184266786832625,3.753830893884576,-2.112425702254494,-0.06581644031819296,-0.2763079505894052,1.1395203282452842,4.6044461998915045,4.51735203576379,5.907932119857051,0.5638212771513387,1.132463369406258,0.3496997273374171,4.22080419142356,0.054048288802584186,3.030237620556303,-0.8979424433906382,-0.11096594967848088,0.18452936513667204,-1.6536723297959286,-1.2099267359880348,-3.054318744824531,-4.291211181989402
10.908150497185396,10.762230039555263,8.956357411693585,8.852924785209535,8.58245943846034,9.168228967008954,10.046800572825536,8.880264698063128,10.134259753263093,8.563449971006158,6.978996530075816,0.5325444175607752,0.6586820507135649,2.2283729778070906,-2.271116896181324,-1.0994633587556897,-0.39349546492195664,0.8496048870484556,3.4262156544729563,5.6974238480670385,5.636141936678271,4.5938356989299045,-1.5114780542475212,-2.4789166402818026,0.43715956559149194,0.49797518646298156,2.118240309437127,2.3523230386522287,-1.4720062387749284,-0.558762507881841,0.7587001956904452,-1.1067112722502266,-3.0306670910494984,-3.7649013115049885
10.967164121129187,11.991748065017115,11.24793135763521,9.461716677827319,8.273326589295303,8.823199826279172,10.148715295713142,8.920693518375037,7.442396938509729,4.419041376293379,4.7973695608880895,1.6831624963149499,5.092616323621253,1.4262600498011242,2.674526980940421,-0.7927456117655205,-3.9216555919579132,4.418650773267779,2.826847560804905,4.067723517146623,13.96706721548901,6.399997351876725,-0.986226470201937,-0.1516399298492357,2.6534475289615287,3.3954244478650746,3.7648167035947124,1.0016263796028284,1.1939788128968443,-1.2169377577335159,0.31250890042802615,-0.9798063365199635,-0.015341076088077525,2.0902121071021136
16.477110595135144,13.06093867582173,10.880146686210177,9.77140736374608,8.601487794250275,9.789569656276093,7.874194988943548,6.974455660380955,3.896576858732667,4.485588611451062,2.9367325729108438,0.3963435018035305,9.460893184630697,10.187624767255908,1.2958088515261483,1.3869478169073564,0.46067685936988967,-2.1388697360665936,1.702409108510031,3.6069540011597665,11.462519084994193,7.306066048453109,4.234676802963307,4.10768686383844,1.7501845739860478,3.6885707031439163,3.970398018754959,4.125268231311391,2.53099298687814,2.40295713457491,-0.3787334350473339,1.560427844789833,5.2128658239743,6.614987144664097
15.8759272696713,13.418724355179615,9.873524445061049,8.7536416896286,6.8368098311440475,9.481057015642318,5.732950465720491,5.2582113295255954,6.835705158927791,3.3194621022957858,6.742686358045036,9.660735118222012,12.376177195948388,12.277319182228366,9.8648009838873,-3.2120475399517527,1.2229769320056965,0.8192987720191114,0.3961332293650648,3.081588793983715,9.05011033961976,2.854150095453154,8.05177978644078,3.7093330888122167,2.902710559317626,2.9083115217526823,2.9755544417101945,3.6742694756474337,0.00968747059097215,0.3532609608121374,2.5652876404236724,6.345143798003497,8.31501830703564,8.27786076245266
14.97843275572865,12.103112151386398,10.803657659160056,8.831554312447665,6.786097839664906,6.490909503455173,4.1948957365234465,0.9936685129887555,0.6701738819803026,7.677965976709926,10.054710072044106,10.103528307899543,5.111360946375471,11.573711875809202,11.152736261736871,2.8761741686726525,-0.6216868777212153,2.6921369399484245,2.562750484117423,6.663336399322504,5.537832990472663,6.0235789125069354,0.8650809866003643,4.9025807718558285,6.030906447392206,3.5543773296947867,3.8656996756399664,4.816313341331915,3.9188586123467015,2.416414027168005,7.812488018075661,9.549643009017466,10.359525949460338,10.903811398925555
12.565916000268984,11.834861642705008,10.92308988797575,9.084971923936646,8.717760571874175,4.861027735261673,8.5719514722205,4.516025371209903,5.751004261469062,7.9055385359944745,6.991698446244719,12.691265679725648,14.422066094086626,9.76659264102669,-4.781591055318264,6.707063604181882,4.660387543759494,8.986926088292744,1.9829007181516218,1.424388447554704,-0.0498924962802373,3.5109794784046926,5.575271933122379,3.9735354090535533,4.504071500356619,3.4880841158869025,1.8562209918598616,3.651918817232546,4.3562368888985885,4.750184816228349,8.124497720757386,10.188086355144796,10.787308180912628,11.79076837626839
15.230054102489671,11.87568932964336,11.351357883984617,9.511161144517315,6.396747995944668,7.111032503693077,12.274069243743881,1.2612572326815494,6.511532911815527,7.747862663330468,12.413409280547462,14.190217544193295,6.337703404720621,3.5679605379552624,0.034712466666754475,5.564540522194967,6.473180880063791,1.9008589140341314,0.8702599637280951,4.62334591999893,-0.8141398180430347,4.380704921232472,5.712757628766868,6.819537984930222,4.498892493840791,6.701899429213015,6.558162363754431,5.04609898831902,3.5768543892675457,4.445988813808602,8.452306633825264,11.080081836446379,11.38174679224838,11.650718474371489
14.087844344458345,12.278615518057418,11.831352868429121,8.891704046261184,5.9183916490334045,5.186342021518264,3.268437480307082,10.314836326443196,5.280639099667404,8.801022739545587,7.676425691464775,12.555741113592859,14.3006251414817,8.539469604547467,5.639364670291285,3.4772984972155476,1.2473998818770733,2.5423464330243335,1.63122447458567,0.8396214838033232,-0.7232940490294578,4.170819660374828,2.5080587468840054,5.727091153129214,3.801988578462216,5.423234846134941,4.691835689930198,7.818801394309314,4.831855721162305,6.569579654821766,9.197219709544106,10.794160865083247,11.207481517378687,10.821066499656354
15.185430167454678,13.88274626485705,11.608417227130866,8.647122166905724,4.738313107552118,4.3187963044516655,6.974125347254591,2.057387735689537,4.008352389851429,7.047971258094874,9.95913729720031,12.545828416028929,2.4912942971821197,5.873571934873337,-1.171894246994458,1.475722174950003,8.398491436446378,-0.5388187325405667,2.8540461158743047,0.8048237560465717,8.819405382441474,1.3799934578681217,1.9560840638139207,4.872605168297665,4.575079451129618,5.332246721753006,8.998147273273657,5.257732035654654,5.272161106461026,8.132707242625461,10.69782986389553,11.221859276718417,11.158623573154596,9.718069184995967
17.233881508262797,14.973860146734777,12.382762240452758,8.911997011936277,3.6686922350430313,5.124689531323671,9.399520241703888,7.2957418258434465,4.95622115526497,10.013359132714625,11.511497499678258,13.695316333884778,5.675966985294016,4.79346173643715,-2.238877126431972,-2.8882028989302553,0.8386028176967991,-0.6371975806111683,1.536290864637571,2.140301026375817,4.672208685009301,2.7025599302452568,4.6683783644494055,3.5898759236082785,3.594261635926983,5.462496075613005,6.8223495864465304,7.177704429684154,7.008487760879914,10.200501496031006,11.772895009707852,9.55391269402166,9.848205806658159,9.447272057664266
16.00236252557469,16.452769175772485,11.71986708980102,9.371853504166436,3.3581838767901147,4.8556172805160704,6.215434452446593,4.700663675047541,11.35906694883476,16.8818351292222,9.568557264123312,12.78252516448468,2.7135395481994307,4.225006643299875,2.2254583171673907,3.9387949612106103,-1.0147968000214012,1.084227143379188,2.00833332169686,3.056391509143623,4.242858964457789,2.252364818443032,5.570786528230386,7.658237323596787,3.1195842914333918,4.622286177822927,5.167065707541565,5.193856328133456,6.186569388966198,8.914165899022501,10.976703702174282,10.88807193132858,9.078798269747455,9.120531778004192
15.160578260787933,13.459501685698076,11.30164257055613,9.155082400787473,3.350509174604107,2.7440875439817467,8.25131895397523,8.06934314608177,6.2603436130256656,13.16933227252022,8.843171928663747,4.27886781952605,6.801572528469723,2.9102816788185657,-0.2972621647274294,0.8129112196883399,-1.1594487739646986,0.9753517888859679,1.2691766922597323,2.3204941154294323,3.055736297619729,4.509108386443623,4.463818764793657,5.019019812928376,3.9190382945228737,2.9189835867604716,4.93028898201658,5.816031998249458,5.573065048491662,6.47088723383545,7.4896285385454,9.00475725137082,9.76269496096296,9.225799215034586
14.395381387577077,13.085520881789481,11.733358751637004,9.20231064726651,2.5069939215848844,3.980440352750422,0.9756726359569602,13.30801787738505,12.995794421777834,10.513625302282206,10.599058208530904,11.256535021658761,4.353025541594884,9.621136464702635,-0.40954179068284013,2.1327990267641637,-0.1663958982147372,0.7276011891502481,1.4463212432448485,2.586194952741986,2.8154136516831523,1.796727079937842,5.142889915102619,3.9421233247099967,2.928871977389524,3.8878563079389705,3.9904756561690715,4.205499440155169,4.597727622969181,5.927137587913358,6.651011697701746,6.8156214222625415,10.650555261024433,8.842009679990184
13.139104283438407,13.212065366131045,11.483861842686958,9.356500213040817,4.377035844821866,-0.1440630012384569,0.8810176672791623,8.283224878108303,9.132764866158713,9.14502345157181,8.454684775769133,8.767948416322419,9.055842177248975,-2.4542082186809324,0.6714540807987764,0.3966817643099793,2.599105183705807,1.3390701022389047,3.0628936712865067,1.886902647603709,2.54359289374891,1.803542663685716,3.832713469465184,3.8647943913886373,4.102029766378576,5.880309519843988,4.427397307134225,4.419795135762465,5.344025790055157,5.730155235400878,6.513045451902261,7.017748092510909,8.327721215432424,9.793848560525895
12.286522456952948,12.694623135783234,10.9938972099621,9.403910702331482,4.969773998114985,1.5971096951819184,1.7810347038561454,2.54474789723857,11.071946878489896,8.653716159978547,14.1633299848775,10.721543774060779,-3.4930475112080903,0.3854489063456368,-4.094393589831802,-0.4994307213372835,1.1166318338462626,1.3336023943216735,3.132219060937934,0.40434379901142914,3.8600574381064643,0.6181492543768217,4.849165356973171,3.150268211237955,4.856173261313686,4.327222579685362,4.890926446986034,4.147358314462798,6.2019969331639615,7.028917624466199,5.824780789522913,7.0468847904502185,6.207745783263454,11.59686712285622
11.878823216581353,11.4667078486065,10.848041515371083,8.559039466504396,6.408046558072326,-1.2150605014964957,0.7079906113494218,4.695822248116967,12.023076661671075,10.942540241239552,4.952254015946423,6.038299813312735,2.6459897854913583,5.337122459623826,2.434718489946745,-2.179700329313594,1.4904216277268454,2.5924673832706926,3.0449895828969087,3.944009533486145,2.2457586620075713,2.0834089658024797,2.655567122493436,4.220422625613121,7.422397816749728,4.088685655961317,5.006158458745301,6.215367028275594,5.150442653200637,5.158105297789553,5.788697402735019,6.286668173869328,8.302575542053441,12.36490299955279
11.723791787252823,10.868253178475562,10.117624955739252,7.458269258866675,6.5926510992239775,1.2565376883018138,0.8788810897048248,4.749172729741964,8.93598158065335,3.881192969003882,2.1637393757180576,1.486521089201789,2.9182128765772117,-1.2620309719843412,2.370973085772579,3.842094167988491,1.1478907718480613,1.525974225120444,3.315846946743713,4.300744802799757,2.3687390153117813,6.295730306388876,4.469778331001057,5.032465078430242,5.516718436336525,5.487954529785574,5.341644300540563,4.8544638052658735,4.851189063563976,5.104781312826837,6.210066782017204,5.066920419072259,10.340350985147817,13.336157719282546
10.695346659614826,10.231818828769354,8.459512557747345,7.488186616956035,6.786280464104875,2.205802877022256,-0.9737993715358418,4.456607445451396,9.035406882731937,3.925145008525196,6.15815174668275,1.0764058338338516,2.7896943665656453,2.8153634855454173,5.327777538934831,8.59700398587721,3.6753553709182456,1.3704690351373474,4.373727075652931,4.729375723056253,6.498175493792762,7.484444592480413,5.1321520384234445,4.785650691008291,3.3378428694443967,4.620254947207607,5.151070173666364,4.953111678568774,4.967968750987843,5.923711360853966,4.869413547001165,9.28339328999783,12.406272216438264,12.45718864805977
