script/wind150m.json
{"header": {"parameterCategory": 2, "parameterNumber": 3, "lo1": 3.000054539987559, "la1": 64.9999836372058, "dx": 0.5, "dy": 0.25, "nx": 34, "ny": 52, "refTime": "2025-11-25T05:00:00.000Z"}, "data":
[rows 24 to 47 of 52, columns 0 to 33 of 34]
-6.524431337226257,-2.713606450403461,-1.0184498182738895,2.419883398822331,1.992423820268287,0.7769227778762228,-0.11186866870778853,-2.077054697102562,-1.3973525826391024,-1.7375471798570765,-3.1071160198296774,-3.393005048267337,-4.4263686951155465,-5.160731292392433,-5.498347658696617,-3.164877359385808,-4.160990823950216,-2.8501951782685038,-1.6163006827823063,-3.3647082211436947,-4.253601206359109,-1.2083480000591045,-0.32007703186484465,-1.2937630923116183,-2.356564179495478,-2.562155934664206,-2.3679515451726947,-3.540126094708028,-3.2776825277172548,-3.5196316274419686,-3.245505671543822,-3.830958473326317,-3.6740165430412057,-3.4936679301314593
-1.8578766547200418,-1.480238816701374,0.5902760728954538,4.686966861937251,3.706194834077408,0.8074522987182073,-3.184005630907038,-2.538283574828951,-3.7157262139074745,-3.7186220146915057,-4.006316964105814,-5.827427869375558,-7.376252226800652,-7.135092831687531,-4.1931506053626935,-2.786493062101592,-3.065841682117757,-3.225493398108229,-4.305827970690963,-4.696508013523325,-2.5604606983414384,0.2291426293166682,0.035777393390278786,-1.450783863846946,-2.1785766697655125,-2.7170591754636186,-2.052664356816554,-1.9905157157746973,-3.340497579822108,-3.8070996668916575,-4.346252828032152,-4.102156077283981,-4.324374576199812,-4.0313631616581
-1.4963387795043563,2.7647965571954383,2.080587752528945,2.5519814628633233,2.3610189155052943,1.250993309418487,-1.9595652040264404,-2.114122195763125,-2.4857204736994305,-6.490128336974813,-6.2169261807995575,-6.989438281875661,-8.52890579861522,-4.899862884156882,-3.656600614266055,-2.6825730140620334,-1.716589659132455,-2.857977235305837,-3.7756272168457135,-3.526577268496043,-1.3707718191074827,-0.23201830026994014,-0.9879461016465514,-2.7551384767881277,-1.2689021648742471,-1.237731786750936,-2.8503555181490614,-3.198986563151294,-4.157885741486549,0.5789314263480754,0.16236979421288555,-0.4319321324592834,-2.6440974707885885,-1.9143171835361756
-1.1176933761299042,0.8312531141886325,0.7922725003319909,1.2317594049309315,0.6124532541353416,-0.032178229506066566,-1.2305320172261343,-6.703414667484955,-4.087928621134356,-6.44994009055098,-7.654431182679184,-9.369047878700686,-5.162235995942302,-3.86448611991385,-3.0691070005106544,-2.636182692288671,-3.3940953446820012,-3.4026111768228238,-3.670137892288669,-3.025675926366406,-1.9286662799762833,-1.9849145855894403,-1.8959752700590176,-1.4711753146573887,-1.7254264421913914,-0.17357728007884804,-0.8848734248738397,-0.034951231379578854,0.28760486995600965,0.2441331904306993,-0.4139379366885939,-0.719524178549147,-0.6895590321350983,0.6054127486999537
-0.7874798972805656,-0.4876908841416902,-0.17841286461797118,-0.5503760936283448,-0.4555665239416238,-1.3357282238380026,-3.192148471581085,-4.824750357013296,-7.2591977169188535,-8.904150510613807,-9.952682884086764,-5.966187741735777,-4.810142367668948,-4.0494950096710545,-3.259009422294355,-3.192726220051139,-3.0302186437174328,-4.169383690289643,-4.197941880736827,-3.711093982559187,-2.956333703746701,-2.3647206158114398,-3.2066479527738734,-2.1484570529786136,-0.4512264177372328,-1.1218807044898094,-1.154382348126,-0.9214875256702704,0.5049069452071838,-0.0040468322470513605,0.28113548918106673,0.2803578692438814,0.38235227599476346,0.2143231051698927
0.13094020999352335,-1.411174491682212,-1.8733308443876502,-2.207890552200142,-2.2568204180431115,-2.966251479996586,-4.58427755250194,-5.998166382979106,-7.844249662357599,-9.688663733931655,-6.190024956166792,-5.394484053668325,-4.388378370715686,-3.3738599175312944,-2.815765951900733,-2.3470408232514997,-3.4119113709257167,-4.006764932239894,-4.984770726422196,-3.681106571287102,-2.137920283456099,-3.0196987574635514,-2.9050975620836996,-1.4148925826170897,-1.1242395572244257,-2.6406829974276027,-0.475160095611164,1.7535722498379762,0.823623966585881,0.7347675364090381,1.4107691387037467,2.4240634565688657,0.6679507386938363,0.7027562001106104
-0.7988618101045736,-2.321337378459123,-3.3308794427005886,-3.4458451668998795,-3.636550185234824,-4.557396797665426,-5.614592773890932,-6.937209604377428,-8.803448620356933,-6.516747582337353,-5.821412677725402,-5.063827874770974,-3.69169138239914,-3.122314682307981,-3.799877595563148,-3.2483271946687062,-3.4188061495435984,-3.5970768473255728,-4.157718890215414,-3.9474160742669646,-3.200348008303973,-2.9259862654236644,-2.7677578551424182,-2.111889745530503,-2.9530150070037147,-2.1118563373976267,0.8815753926137383,-0.7572623697262625,0.4067989795279456,0.45315410543084694,-0.4511110461007001,0.6848462272054826,2.9682679876855502,1.2465188264044904
-1.926986678680111,-3.784396948997706,-4.478845282586103,-4.80040716410545,-5.329918841036336,-6.140606429653651,-7.250258068747291,-8.56055215754605,-7.247816566213613,-6.717812599924946,-5.889764431664175,-4.3323408776256676,-4.592685084182897,-5.292571952354681,-4.00022830783691,-3.557444354499606,-3.3074995537094365,-4.0456982072148975,-4.3685393868133735,-2.2324607550832667,-2.511683723348473,-2.399763801244678,-2.413553769553607,-2.4014159441464984,-2.001093476200603,-4.224100096721732,-2.86659080614441,0.055494440996751465,-0.30938242144254463,-0.5995730128846253,-1.2294954158014604,-0.5835976828305528,2.3783637617745796,2.676950437123995
-3.34774096621186,-4.87457583866628,-5.619401165634356,-6.099415377348843,-6.8709679606605425,-7.628056775176953,-9.286464876569712,-8.075329191303613,-7.032970367217815,-5.625826515841223,-5.2277020564786625,-3.9780117948423843,-5.9626900370078175,-5.12333045116068,-4.924661265032548,-4.030592898679088,-3.643456712890649,-2.937572323239088,-2.4671831566014992,-3.1708575384115556,-2.74171531749768,-2.3639709940604403,-2.9352076478741056,-3.209200503391067,-2.5851259458683886,-1.9889069806208592,-1.5247387443492313,-0.9418875554614086,-0.027623045498524606,-0.6774507887789328,1.362848663911965,1.7201468306366001,1.8822568460988194,2.602998079105966
-4.345420431442788,-5.567298138638346,-6.713008089651707,-7.581610442416147,-8.293632371262145,-9.606941036617261,-8.700538324446335,-7.6029855774337145,-5.2224571202393095,-6.221091724558325,-7.29050079545133,-7.561928684105819,-7.962349885906884,-8.474855108169299,-5.477130401309334,-4.05389838134376,-2.688164924978845,-1.1920302681754074,-0.6602702340203083,-1.440505760450345,-1.5916190001449868,-2.6931845269525896,-2.8036723930756904,-3.3864925949175246,-2.538218305907823,-2.3195782350699807,-2.5568206667394047,-2.840202897912321,2.2183085614077576,0.577995190114732,0.8957156360402434,2.27257537394307,3.8224620159423135,3.1227805962140236
-5.152552660695841,-6.528870940039253,-7.8588572886157495,-8.693153656266649,-9.627241853175278,-9.63581883952163,-8.35141341397021,-6.140917043526095,-7.4135538892272965,-7.963106418177379,-9.231578699566743,-9.351356337652232,-9.282666098158291,-5.655275435763991,-5.145921306031693,-2.6820378507856413,-1.6289647492484232,-0.06767423969133365,0.836079873449514,-0.29276372443329235,-0.20613680842340315,-2.2016470653734705,-2.333018041379472,-2.6552371550670313,-2.217598181175511,-3.732774006957107,-3.0208661964229098,-0.7404646491153779,-0.11331427585966347,0.4039423484731361,1.2484741005751159,1.267166419506007,2.66933487276926,3.8299920322651078
-6.7166946438231365,-7.616688993161003,-9.320151204534174,-10.030122821098674,-10.996192195253949,-10.424447315069884,-8.502359974147877,-8.79638482887239,-8.603419610626142,-9.441579845454942,-9.484959196762745,-8.628672342381718,-7.666091556685496,-6.006526423566892,-5.075921950575504,-0.893145727723566,0.811472079975672,1.0804545739473554,2.3414568633307526,0.6215964892020234,-0.3375427884744476,-1.0605837948008427,-1.782692721674979,-2.2594723438478215,-4.379498945007525,-4.632634123613712,-4.85825627965645,-1.4760571389186645,1.4492519536949553,2.769884953127313,2.1103438928235385,2.5637898176352176,3.7669987619645267,6.072193660633131
-8.37822239310897,-9.253667743866625,-10.269769070529046,-11.035793040807171,-11.645444836930269,-10.438415693992567,-9.19881719840436,-9.330964592124253,-9.716217512743928,-10.230183529935816,-9.811922100112854,-9.935879382133406,-6.144622819234733,-3.8490934638631358,-2.2358508204968666,2.905657426834839,2.653364109446284,2.3016055941613756,2.320501573057572,0.2830882601944172,1.3425907764662093,-1.2806431575982582,-2.847351516785694,-4.303455543620934,-4.423198036573957,-4.924948591436251,1.7114924587269071,4.340970018999541,6.15756157367178,6.206899257412384,5.62591884307987,4.557588864104062,4.468739692020363,6.332905386549457
-9.894893602609267,-10.540045187628987,-11.120393637105066,-12.364759827724724,-10.887447634189252,-9.765890905926609,-10.656205058348881,-10.6181310686088,-11.047869235690442,-10.51011482446593,-8.94176906883227,-7.922249482121075,-6.839794100632152,-1.2872498919052007,1.1250789974651199,2.2522305907837534,6.515772228366944,3.876631771025502,1.9721841522130128,1.1100235194815546,0.8740728597947197,-0.4579641353022717,-3.440424368967892,-0.4268984787280988,4.128171184161363,3.2315733544751493,4.637707267304746,4.2230281931043745,4.657051222921783,4.519277633393557,5.573961264021962,4.398133390706707,5.243492073464605,4.804941670165145
-11.224080030631653,-11.670505172442692,-12.724377458674544,-11.830427919771967,-11.872045628516066,-10.791161258152764,-11.392113745461153,-12.06538802503745,-10.356429039962759,-9.848966934688303,-8.380647853193828,-8.104836118640486,-1.2776989741897655,-0.2928743420169555,2.961565378101171,3.91962478900451,4.85737618491415,6.051131147003057,4.912042945690775,2.4815974911984924,1.8705954560660634,-0.47249739943923014,-1.811652222910595,1.492234095425621,4.205390414813133,4.67276294625358,5.917296532346692,5.20210725133755,5.978706142231266,5.347559870278468,5.200730769776336,4.33251982589328,5.275520603231003,5.274654212248994
-12.147074653629677,-13.013138696502319,-13.47954018077123,-11.645107443013211,-11.16395848470579,-11.3691442901939,-12.784990298955186,-11.9921774672447,-11.150647436838643,-9.113378120167706,-9.75722083349824,-5.923626159721991,0.06587624187526607,1.422514137866371,2.769905395657574,3.49826159606622,4.031965184560134,4.933757430047694,3.5263686828627145,2.373815065241012,2.5443448990894444,2.9648469385444582,2.185238068499845,3.6919532595982507,4.9499319177628145,4.617900852402113,4.678882589271862,4.7576856704145465,4.401057989568373,4.720020618909469,4.4319575866301895,5.606134579355989,5.3551169464867545,5.608147670590324
-12.907446249239552,-14.07301860188787,-13.150181912257516,-12.493357947103055,-12.669013289284889,-13.091882344106686,-12.53776421677917,-10.983596459680923,-11.27666656449058,-10.526664980064663,-8.27451533967593,-1.6571639608720203,2.3432172452068376,1.09397644619946,2.512930797108009,3.245347142031681,4.266050716067931,5.229080016706362,3.9161682653887193,3.8528955652557957,2.9003971333448235,1.833605199167585,2.2896814242102406,2.138164952197638,3.560663180094123,3.2468679374984624,3.381777931475651,3.4841080473389767,4.036043815233223,3.981418123983858,4.058294392803979,5.037720564518999,4.139348861177072,4.9802513842770475
-13.943522115603695,-14.732323885978213,-15.402109201463935,-11.9386013723647,-12.553884557623743,-12.944994209302493,-12.124635799004208,-11.916452926450924,-10.000903863882584,-10.040828761634167,-6.541436928241474,-1.81139023724139,4.286067918751741,4.258007218569388,4.2432298977396075,4.214587866465902,3.9258330332225717,5.051072469964495,3.133683467553833,3.5383957304258127,3.563982272315547,2.9190286409599695,0.9518780167947194,3.1388165869676428,3.5081314884511317,2.8063040084022353,3.2016176670693195,4.742070310547354,3.777992915823833,3.7525152579818353,2.929618767872847,4.026347049886523,3.079501280283996,3.244777589358862
-14.27782657790562,-14.585361065490641,-14.410507247966137,-12.02961749410195,-12.564405664428156,-12.921091613166336,-11.466003409852457,-10.5461822487994,-9.065820523618111,-8.990323987508846,-5.089552296115053,-2.2246560994008715,9.80424119142524,5.535749656776485,4.697659935347847,3.884031828925768,4.186445201433828,3.8372526849924626,4.974271528475981,6.343416690222496,6.437476776628024,5.2965897484958955,4.7256264540440975,4.171769234134414,3.410594058049273,3.631786206724533,4.534262026938291,3.9366335157162706,4.974004079961387,2.2280006323261303,1.0879562056546286,4.217000709066719,3.3237180647862963,2.97654304713144
-14.267169423568928,-13.939461013637084,-13.609921275041623,-12.837982173743432,-12.888484835499337,-12.0681477355536,-10.977491049384124,-9.570261465308953,-8.417892001756053,-6.828165610354206,-5.470507485433611,-0.053157651623622,7.887964231561401,5.4024710497167705,5.016547173921259,3.393079665037299,4.2449544181607015,5.459301440440012,7.148830199757184,6.77513156371908,7.170737011991358,6.253275293437874,4.726942038532737,5.610372036287345,4.605999437954283,4.482216962755992,5.994599353966808,3.567916298580851,4.398593820603617,2.0710779532800174,1.997379247374475,1.7149946556562305,2.9250112219083078,2.1967218981997054
-13.887397355037614,-13.885644244502418,-13.952165611297891,-13.46815841706684,-13.568574028097848,-12.096656523313785,-10.541654726177784,-8.890020415541205,-7.985352458975714,-6.288655346271398,-4.063514379387299,6.049129254000964,4.875611521664316,6.473351605670005,7.0592026266232635,5.027795556939071,3.8455446494290113,6.18312472024892,5.907995302516143,6.358792247284853,4.754049237343371,6.49561476727664,5.981989461506459,6.019659809031216,2.739801701232217,4.488168142538054,6.7419039083702135,6.074345972693226,4.83580402201178,0.8104972662132068,0.3226128882736001,-0.5797755528772541,1.0333547275570742,0.9844288086707351
-14.089337346501924,-13.807233216807724,-13.997339753627996,-13.84377170017819,-12.588329662843444,-11.712152290965015,-10.749507146588709,-9.017152512122657,-7.809533675560254,-4.691422643912684,1.6845678340155272,4.750651345225994,2.999692273022935,3.4017165686494297,4.621555402917424,4.754220090058598,5.000479962812968,5.003674129300517,4.464198528021908,5.348838568847694,5.515704614050489,4.913958796805602,4.502611102936485,4.9975010939925575,3.3115409458707594,5.54840769985125,6.067561676650645,5.498695094707607,3.86332504420928,1.809719699510646,-0.807181855127466,-0.4258431687162621,0.9010817009312032,1.1016778129789826
-14.403657025815994,-14.299031142963695,-14.284871298939796,-13.02914918413913,-12.092184888013616,-11.225855692254273,-9.299688905572493,-9.125935180497107,-6.029394834091769,-1.1045953795787218,3.9038405633556272,3.270155819718446,3.3469335165770024,3.948812604507287,3.0729857050522518,3.5735307037448334,3.6025355055996457,1.152539140045522,4.519332534022522,3.765797609079461,2.611137612219681,4.6953210161453205,2.856772292818622,4.475878844934535,4.622947224808261,6.112730696155639,5.287200050504253,4.196701392568471,3.0105416654982093,1.776813422336919,2.0580710764822574,2.433478217403284,4.079073079469189,4.275048399851236
-15.417410233831951,-15.733640892641935,-15.099939111674473,-12.991393916507846,-11.701099999580592,-9.7540981448602,-8.659723289488115,-5.817890398325529,0.9861445335433535,4.241636553951032,3.1310883706369657,1.4490004698991537,2.5210006413702484,1.6985136589489884,2.665263917298361,2.005054360315635,2.875646146149142,3.1121577946518317,1.9892240325607973,3.7579403081723846,1.6434577097154284,3.2688633229570137,3.444582370644001,3.6893982402540937,4.54858853023931,4.585502961695476,3.5363648622881505,3.4051341215590454,3.5226016182726685,2.897431364365152,2.610513104783996,4.31862800462944,5.196389682956341,6.398333814485676
