script/wind250m.json
{"header": {"parameterCategory": 2, "parameterNumber": 3, "lo1": 3.000054539987559, "la1": 64.9999836372058, "dx": 0.5, "dy": 0.25, "nx": 34, "ny": 52, "refTime": "2026-06-13T19:00:00.000Z"}, "data":
[rows 0 to 23 of 52, columns 0 to 33 of 34]
-10.360526756687314,-10.565171378502534,-10.68136383473964,-10.785408259111605,-10.661538706585315,-10.62354172478443,-10.295529597895712,-9.825259855497986,-9.574198718577648,-9.601250634499483,-9.928532543113876,-10.118110657402175,-9.984622328509671,-8.67361372150177,-7.366532185589347,-8.564510522850801,-8.25539692607071,-8.317539034272276,-5.820940993974342,-3.858681870744329,-4.793978314905204,-2.779159746429395,-1.8143849875323537,-4.545128064922688,-2.237767954314812,-2.085056431016018,-6.8226335836528955,-3.464749531113988,-3.9447578153587886,-5.7649138159033635,-5.155249835379929,-5.456958076227881,-5.751779693055762,-5.073476533900114
-11.124592087112593,-11.29387806061766,-11.220993743200903,-11.195412501496952,-11.383517204993291,-11.04022555857649,-10.775944050587679,-10.215766755822491,-9.800520566665826,-9.47199016764283,-8.895649081855359,-8.255819720588464,-6.63599873408841,-6.807180674460557,-7.550154865619451,-8.204772664403858,-9.23979398297078,-5.234128372070278,-3.777172485149977,-4.88658623038821,-6.224537703979839,-4.3361881142619785,-3.161751698048569,-2.5898419917377287,-2.5770794882313335,-7.8460658434945545,-5.3431327656217915,-8.61874421701099,-6.191630754276418,-2.864530197002696,-2.460939604002517,-2.5633850331487618,-4.719174366396455,-4.4615198528356705
-11.74321996528658,-11.660890905408955,-11.582297933697687,-11.51338731646986,-11.533672293118048,-10.983562805971042,-10.095266920876504,-9.469929249364194,-8.14608526309723,-5.8892610739583215,-4.542818833409395,-5.440663167812468,-5.92468398168012,-6.44047239185013,-6.730433528150903,-7.2098613605456805,-4.857733329557149,2.9575116782075055,-2.9508749489368977,-6.2329136930654805,-6.174235473240121,-2.9260783597204196,-4.161286126335509,-6.076803277633885,-2.189031345563957,-1.1592564395195357,-2.1457827057001477,-2.9112356012267733,-1.9558394384342734,-1.829762142788237,-1.8542616558122866,1.1298390307651478,4.758942967438792,4.489463624875914
-11.800946572787975,-11.864964142333092,-11.571671972294512,-11.2372870129337,-10.750568087281403,-10.29725463172491,-9.544086417679374,-6.029109575717832,-3.8238357059451475,-3.7012953051363615,-4.168711012872022,-5.218408754756706,-4.947874301302271,-6.477664094724957,-6.007854678260801,-6.3578192938477835,-5.828374550636842,-5.286547683602017,-4.63307209044062,1.1857207352054995,-3.945062672943691,-2.3390098648246815,-1.2461575829491884,-0.5416972506910057,-0.007066972633021459,-0.5261333324825208,-1.773419978793232,-1.5842790895207326,-1.0900150864208877,3.289013505006747,4.417114201413198,4.373351325863624,2.743286107424023,2.4027286391037586
-11.988930029540851,-11.698677697541683,-11.443769896501136,-11.102930298923113,-11.17643180179932,-11.127017922838865,-8.450170198989134,-5.39223863213837,-3.1237433997985398,-4.584030812738342,-3.8567527465434743,-5.607426462359421,-6.813838827364758,-6.378874031994951,-5.76457088619232,-0.6241861723363307,-5.068146785797902,-4.3073343660569385,-4.621787562348728,-2.374713820444568,-0.8421780633145659,-1.890091959694375,-0.16839577173992157,-0.30408902126734166,-1.0731509383166464,-1.0931854474027582,-0.06777771398374095,0.9402071252007275,0.6821277720593932,5.059604841524429,3.9201110991313044,1.8356087675037864,1.4400079845397291,0.3699036594588904
-11.999029445214468,-11.534134904965235,-11.01878892925173,-11.121759608425833,-11.611990268075585,-10.215921672420928,-6.506001737586196,-2.787300705844864,-2.04112840227235,-3.777535956853931,-5.447549603482399,-5.620346422744378,-7.32654858260981,-5.995630077864059,-6.635039359164358,-3.1731183808889263,-7.2659728805904535,-2.5914925781538543,-3.224689776112664,-2.1982003785168995,-1.7588666831369817,-2.235524438465943,-1.45466784350281,-1.9925952720130087,-0.9731931078507893,0.31131534545467937,0.355387615442845,0.7201751524662598,4.00459833799834,2.801388345556411,1.3242408840188857,1.170791853343673,0.41724952966782464,0.6973395752297721
-11.353463290234517,-11.310050103740155,-11.243193687905608,-11.313374372043697,-10.72210281614455,-9.433554739504292,-5.17350372865926,-2.1957149185654714,-3.5767753094348134,-4.70343826316802,-4.615598326388757,-6.099790936235642,-6.858749198084929,-6.62387603939798,-4.646107759011583,-3.794778049040456,-3.926426283798424,-2.3693381845647563,-0.8558371944861245,-1.7261750797658086,-2.6482814952219496,3.2906941576090167,-1.51834529350879,0.41748943602260014,-0.9213499847047094,1.333316059516939,0.17539164921112663,3.9760060738500784,3.7140453547323045,1.735705239356632,1.413950239227842,0.2651879696215746,0.34318671089763697,0.15306419667628343
-11.118599293307902,-10.823159266465156,-10.740103094293518,-10.80572700950379,-10.043916436939874,-7.145953352784609,-5.0096501036591565,-3.905572787583152,-4.823530433980959,-6.172963047538585,-4.840537252079815,-3.808373021397106,-3.867815961289515,-5.130427061204663,-4.453720819891721,-2.8687186695505527,-4.367526544377581,-1.8144557576323335,-1.716340689741865,-2.6740825040159577,-2.1724856154189855,-2.7402450719138494,-2.3894419644166573,-1.185678117966683,0.36920629838642727,2.189953771396447,0.13598940512119997,2.7896653721282316,2.640584520680926,2.7480755417138636,0.5269914355019533,0.5705880693383591,-0.1381755455291242,-0.3482110583229267
-10.247606498996575,-10.057048761168371,-10.573032986309922,-9.895234701711049,-8.79952741386599,-5.8869104567516155,-4.644447048001607,-4.745150097310954,-5.421572661002621,-4.967634329288484,-3.5226790160140355,-2.5883015601984947,-2.975909445438322,-3.3849586796333155,-1.1369081481195602,-1.342726060530838,-2.1776273658872802,-2.01319467055494,-2.400231108111652,-2.4823869808884966,-1.531601308100288,-2.2276314418445065,-2.092676751880371,-0.5776295047716398,0.8590624551936819,-0.5098187141340115,3.6097743240902975,3.875605522851261,2.8532836481592345,1.9519278142289458,1.4558810046187411,0.4812046733050662,-0.5541838542665064,-2.2113521731352375
-10.264609578559064,-9.690679707151753,-9.200864594582013,-8.385131040605227,-6.717455293008244,-5.752994182124808,-5.329768168008789,-5.108005600675117,-6.950109170518093,-5.6269899483293875,-3.8986939169354127,-1.368040665578106,1.0134478254173136,-1.9338221414154688,-1.2924878006839202,1.9134098563562847,-1.4900018292177846,-1.3620040376137967,-3.4553617925487914,-3.463076450660193,-1.8133126355678517,-1.8856321312408277,-4.518427249197198,-2.0262572169690722,0.771109866616218,1.2358334919042977,2.5824146113858304,2.0879791614073473,0.9147873156298514,0.9972948397722933,1.107444675920285,-0.07146336595108899,-1.5692673289283454,-2.800654265024499
-9.756731853811226,-9.39318384453351,-8.688501708952618,-7.965846122604092,-7.2980689647000005,-6.814936458911315,-4.895193287813586,-4.531159573371963,-5.4652506713771025,-2.741445774414042,1.5621919719496673,-0.8195570083768755,-0.833474372477649,-0.7647784793837784,0.20306906671258598,1.3798201674579822,-2.910192199473927,-2.710739865552218,-1.843722878022289,-4.09516284984604,-2.422848833567649,-2.937007481053181,-4.45762964450396,-1.426068514828635,-0.4988952165594371,0.6665124900974874,1.395203191457288,1.4538499739501232,1.2932604433245722,0.18068059029905395,-0.671190980488327,-1.5603947420237794,-2.3698964762554753,-3.8252615805463632
-10.021646236905363,-10.00137546380352,-8.942225935474468,-8.246710796199668,-6.873312656952059,-5.642577587272022,-7.229139608841857,-5.57603518421116,-3.160263022528912,-3.0683274556617106,-0.8331760243097901,-2.706599231006881,-0.08001724024403692,-2.6275760940418054,0.07089514081721066,-2.8057295244287617,-0.49502942518631743,-2.181447691927304,-2.8749218948684985,-3.267697158410726,-3.277230623479468,-3.3540806882650087,-4.524809238825232,-0.264691607189154,0.8359752847496056,1.6176505852574037,0.2682501824900582,0.528345223580557,0.01106701469503139,-0.6730309419530489,-0.9991856435187407,-1.867740521162953,-3.2586043739912287,-4.483668555013221
-10.183607343757142,-10.086183030506172,-9.474731491241291,-8.786664733774412,-7.966915746704016,-5.1104414685549715,-7.3635055882115745,-8.071204464864818,-3.694890386703236,-1.0666586893328371,-3.5497984037317747,-3.1712968599967137,-1.474104600086902,-3.1168909010640204,-1.8262222930593854,-1.6093815558664066,-3.261713811362957,-5.035511752877228,-3.366774526613103,-4.82885669185064,-3.9332857022936683,-3.7397435786494095,-1.4315358687415616,0.7999591599219309,0.2945009559979135,0.9370791948307795,0.6758876300455088,-0.16144688700860388,-0.9965648016415477,-0.7407536432608359,-1.530539321676569,-2.512469679528766,-4.163463364621473,-5.4656077075107214
-10.682639763657985,-10.23736066798737,-10.091251409001918,-10.725382010679207,-7.122012022653761,-9.492224511417287,-6.665271626002497,-6.108884546816481,-1.3580601093375537,-4.7777638971370235,-3.4759697314407783,-0.561236834358418,-2.921011842879784,-0.013723101893326872,-1.4823926213824794,-1.484767541461341,-2.229701596685976,-4.297946281376121,-1.8193673045977423,-3.031667750085555,-4.6257246118448325,-4.279434268490621,-4.033386048970183,-0.4959655575265226,0.09287124970397552,0.206522180219231,0.4966670596323701,-0.47637794712350084,-0.08972016582972218,-0.22100943705672357,-0.5569395939915333,-1.6568846162601025,-3.8672178220241262,-5.680460029226941
-10.789685232825894,-11.166571321591068,-11.639654552316436,-14.957361180691175,-4.944878890963041,-5.272760282086281,-3.018166005556591,-2.5838682356112037,-0.3952884545402175,-3.3310582301937077,-3.6859637236330522,-3.6021702110438936,-3.884794098521806,-2.440043181896123,-1.522148499628986,-2.786576315725506,-5.143524867034096,-3.199576539858565,-3.224567547672888,-1.6850813615037454,-1.3219947723487533,0.9521759436295637,-3.156283212142464,0.24173132963412697,0.36347116110628375,0.48353073425223125,0.07016218045597114,-0.2298472804845046,-0.02208446229660251,-0.27787610264498336,-0.11731870675467947,-0.6182400241055397,-2.8623358805733368,-4.853011647438081
-11.54895414462606,-12.3322977664141,-14.053891577643716,-16.442830367828094,-9.427866238559576,-5.400871177141563,-4.903921169159495,-1.7160830181125493,-2.042571724431885,-2.7814295528269524,-1.8672710720832701,-3.6558062896342816,-6.380701004165319,-5.338365398646531,-3.735609687785055,-3.453417584169888,-4.352889795545608,-5.496538136433716,-3.0094683362335015,-3.8626293432115038,-1.13893204209919,1.0514573061157315,0.6838987315488277,-1.0762632688287164,-1.3100971218647466,-1.5561896060331644,0.02191017535021448,-0.788775995115801,0.5272370395985077,0.9359998984138642,0.673945298178253,1.0406108311110767,-0.5877763412223259,-3.1054983943133023
-11.81832720665259,-13.603918142247275,-15.695745884890338,-16.391601317628712,-9.650538403222711,-3.44160560260071,-5.82084117341649,-3.903845962197774,-5.189478369415293,-1.7259691825080854,-2.532095135091589,-5.714510054464288,-3.9432215081485418,0.6302710089192083,-4.331243353388827,-3.223292390578103,-2.5950331419852235,-1.3087592795026592,-0.45170736000414924,-2.046833243406726,-2.5216744357567302,-2.206079247667455,0.5475459256017721,-0.9854463637069156,-1.6984793627299324,-2.887743513597668,-1.5998634474559834,-1.3333755919684838,3.0667548557281097,2.2323508153964013,2.782995483067252,0.931348016867283,1.7019296184037631,0.6546356155570939
-12.026564477048565,-13.96998649098149,-15.754013251458026,-15.936886275615775,-9.572392473334515,-7.631707970046323,-5.077018915870126,-5.3116514989079295,-4.7316723011076816,-1.8717900184792304,-2.369658953629959,-4.839283317517445,-5.962600417134942,-3.8121840226257424,-2.873413171584462,-3.0945073838016905,-1.8568573384108122,-1.126634240471411,-1.2226917344236392,-1.6805469584030257,-2.436518134685861,-2.480391384335983,-1.4524426756606323,-1.2306773855411415,-1.6787307828769933,-4.508676725507457,-4.184921880043702,-4.159791791526889,0.8499966750372563,4.7687921272971785,4.248466642486893,4.094301835860033,0.6807389339842786,2.081480436798987
-12.262085038842876,-13.369233212451912,-14.539462474019247,-15.167593863421592,-8.762966590333079,-3.530951918885195,-5.639423910022105,-6.017873050313379,-1.7714326594213825,-5.363005840991033,-5.9022533983466,-5.70536899281619,-3.7135685233087834,-3.5432158958077316,-3.886654968950811,-1.1372105633572835,-0.9048859952839952,-1.3349628148421535,-1.5334587455818296,-1.5558471787581318,-2.5565260767329496,-2.2310870522182022,-2.060269410758727,-3.592081025689264,-2.5447837218955307,-4.535142331118743,0.5935002742089436,-3.7644808512574466,1.4361480170814762,1.9868088112886109,5.47558202225781,5.11641162333647,4.394180019258643,2.0816639139046873
-11.731264222379263,-12.795195531821276,-14.17233641874998,-14.045237748229871,-9.29682832515647,-6.127183853804268,-0.13903514073738737,-4.273627064802002,-5.360921099112058,-6.0979482675530265,-5.509038459106765,-6.339955997912284,-3.3707787865779792,-4.564650218996818,-6.629897334650315,-1.369553759579311,-2.272871196261715,-1.723566916873946,-2.088696608451049,-1.4981907810992279,-2.334884900582928,-2.2231144495258905,-1.1542448104760639,-2.470309726488077,-1.7811502243468775,-2.7319367239393695,0.6584516290274661,0.6128032150751482,3.5975264220492202,4.192187477601362,2.9491396552490325,5.352657367989533,3.686705260860839,2.253289672237129
-10.568675671951997,-11.95763418685918,-13.623799004093403,-12.450374191836932,-10.947495127656104,-5.819415155173802,-1.9755390828007366,-5.870788174158346,-7.205024803264344,-6.630287430334074,-6.466334271568726,-5.0195676307205055,-3.8774274838213048,-4.976552930483204,-4.9903301444942585,0.5666538837243053,-2.57591133409207,-1.3849908468600263,-3.6291474270105826,-1.8373453832452087,-1.1508137590772738,-1.1658039248094638,1.3325676041534957,0.5472213237628198,1.5329968568672918,-1.8692650607897963,-0.31497109889599806,-3.960607518330447,4.6353912822691585,3.488308897915568,3.8936291506809266,2.834456340117831,3.7472820455623204,2.535540465884803
-9.647892066232279,-10.489951615537061,-10.925247446844084,-11.951403964077635,-10.83794340750076,-5.111744248697945,-3.1031290352218512,-7.157861563433016,-9.083552471181473,-6.518660302597053,-9.689063483894397,-5.09062432390774,-5.725184846458002,-2.714235546433631,-0.5282022213141563,1.5738695799937692,-0.7378265152699374,-2.137758745510634,-1.1359030265527281,0.45214481399316386,-0.29930580855796585,-0.4733967974000917,-0.1874828209025291,1.4182813112582464,2.3807761875813975,-0.7531697594059984,1.0362492894626165,0.196257258401071,4.183577465849409,2.935241281206998,2.448614228630255,2.5680262564318954,3.1244887194324464,2.184813917647667
-8.153097921625236,-9.058914262195772,-10.271831826505888,-10.430255883785119,-10.073341162422906,-6.193165467835956,-7.6364639168112145,-4.39489973657273,-8.6604520389687,-7.318805252924583,-5.329868536319828,-5.887990039477831,-5.225492617792508,-2.455347166901711,-1.2361452535797988,1.2028399237229774,-0.5858226424547047,-1.5724262882081004,-0.5972446291057967,-1.5298369687367526,-0.3894198411957828,-2.46679054717105,-1.9062673855678365,-0.6692952510111196,-0.6081598471440605,-1.9284828615719922,-1.2952520239192262,1.02153451576292,3.464110464173927,2.744283038704502,2.375568176688129,1.6573764052517064,2.891302484291183,2.943319289725026
-8.204619093604524,-8.6729598410539,-9.420784629453346,-10.073635664166789,-10.108528561166278,-6.70775618582717,-5.313206829098388,-5.752046827096152,-9.967474980928888,-4.4694339683672455,-6.501114986188141,-2.901706554233213,-3.5217172002219423,-0.6512363641540637,0.25104297022528516,2.1937183478039586,0.36412106707378733,-0.32477627405404824,-0.8642151045467782,-1.0450667544837078,1.5928081593163523,-2.129016959106174,-3.3203303714354475,-1.1194482771802594,-0.5533928843900567,-0.3268445214479797,-3.1322465590399577,1.6477978265214122,2.4077788400827638,2.676657580568573,2.5752541324662714,3.933218369984372,2.5024700498181596,2.2599489456305775
