script/wind100m.json
{"header": {"parameterCategory": 2, "parameterNumber": 3, "lo1": 6.000198445256149, "la1": 58.999992894266676, "dx": 0.5, "dy": 0.25, "nx": 22, "ny": 24, "refTime": "2024-05-04T11:00:00.000Z"}, "data":
[rows 0 to 23 of 24, columns 0 to 21 of 22]
2.4016860063815355,1.1537446456394278,1.599723392484531,4.124537530985786,4.511553591621275,0.24892972533055568,6.550107301355469,0.3734337418950675,-0.6779410598204243,2.074912169236595,1.7374848194697796,-1.8445378757184092,1.0371090844223254,-3.0148774538285656,1.6431767527527674,2.3761611241377936,2.3530596784015185,-1.2509019474894378,-0.2719887944395166,-2.433027071359628,-1.2522849452955371,0.34080148749025474
-1.89141820093503,0.4658362280457899,-0.7554228875996575,1.1062093142065532,4.102678468759163,2.3504670075150367,4.131027926412162,1.7286449683349265,6.202345462658981,8.093615064409798,2.251075521041198,2.9930168138814173,-3.4761925211156046,0.8634708345375458,-0.2864190977867846,4.3547889749670246,1.4999377126424855,-0.6019347974551498,1.009762694467474,-0.38270446935102825,5.355728034023248,-0.44391624341262437
-0.5554633097614227,1.1168615971347915,6.938873309794057,-0.6524401452202113,-1.001900570376891,5.928993323855014,-3.327668208815305,-0.40911306132168407,-3.4444705696526845,0.14441875562637393,1.682883720219751,0.9686244634508013,-3.8893906663007756,3.2181453873963677,0.03677620291848092,3.235690178006839,0.9393168564001994,0.5474459033209083,-2.34278912793177,-2.654540261686009,0.9209175726989661,-1.7381580993458374
-0.3640391904516878,-0.1694457537677383,-0.2191027649620815,-1.9681343699883467,-0.5641994938890305,4.3520345317786004,1.1489547260279733,3.351563432523396,1.5826160633690083,5.80465397533243,6.051271314714709,5.015415703115492,5.614626268079575,4.660282746915003,-0.7480172192734779,1.4144776464219293,3.776413460152155,0.6139893247951533,2.485513805201207,-2.1566795371154845,-0.9868049398658565,2.399194945405234
-1.762062975867969,3.028457837740633,3.177451726801091,0.15009446969951004,8.088095128013085,-0.27791426772596295,-0.039525786494438844,-3.9905463989149865,1.8003918009351325,-0.8285195203577841,-0.997452175690673,-1.0860468388791449,4.045606907242458,3.6497554449984855,-2.9883315308689733,7.435634979583358,-0.03296113169271591,-1.677381900227823,-0.9253153981937077,2.042949862295956,4.977713612451676,1.2664164695859232
-1.506331115707296,1.314177951661376,5.992200471381425,4.246758433966828,-0.8845768115301321,1.8837973386199476,-4.660516617030947,-2.2339885049500374,0.9380954545463712,1.1008915080424901,-0.8013077034040904,2.115255506416778,2.223051270722437,2.2073089499904968,1.3366630217491993,3.37602948343124,-1.843013768854495,-0.7499668501144057,4.571018910654198,-0.9133790591908303,3.891709263789532,-0.7405745453888705
0.32619015541174945,0.775158196119702,1.1176307484801358,7.948867640684783,0.8982635204552446,0.7418332790904941,1.664178753101958,2.8119543336939534,-2.0728928842662255,-3.824278736634834,5.574185888932669,-0.2863783496860892,-0.9098791037035302,1.8469683113736568,0.6464440786057871,3.6975281846647814,0.5281638331947253,0.836346087578509,8.113582518783515,-1.1195731899314512,5.886565855073931,-0.8405317040526122
0.9126107674935824,0.02830728553718367,1.532648458824996,1.060710048877658,5.461511462270488,1.5679577705128454,4.964039671290538,-2.646821131014998,4.179908995000347,3.2874267229500416,-0.5968111055293678,-1.3140481892545994,4.948974770058925,-2.9577782672163377,3.14474746740337,2.7837529802989742,-1.0773396443246213,-0.6597720941652695,6.582784345048218,2.409690636328307,5.566629583093823,-2.4636533680478756
-1.891192775768431,0.8586893962753627,-3.7979654486445753,4.739876110913907,0.30047950869690115,2.1165146436489928,-3.769628533536499,-1.613487093659978,2.1028625884151695,1.9721192209841107,3.0675822631989376,0.9829074949604643,-0.8881894268015946,0.5556561466898833,0.7804449854478454,2.1120999064726256,3.019186949136051,-0.27128674405177217,0.6445195852572937,-2.0050680575819566,1.1267543049539746,2.156603930253111
1.2855873193513263,4.284626417339411,7.184138087568958,1.5570911468376543,-1.248175930851505,-2.6370264287156018,0.89211202602672,-1.8223323893976493,-0.9072757713654432,4.610579124977626,-1.3753484085001313,-0.17585807878620602,1.5045333415838456,1.464182791257771,7.197779722625762,8.016216343776643,-0.9738142287939893,-0.2123900134136609,0.6787497372244252,-3.0422138261272713,1.2685299699147223,3.737333125844772
4.81141800688247,0.12025708777663059,0.021266993169339693,-3.0304978120759594,1.591220264160537,-0.3646055929677174,4.949159213746165,1.126960801516191,0.44877499254592434,5.161707880040189,3.1437517184013704,-0.682094337645436,-0.5229728274900478,3.079482758000425,1.5029877765358448,-0.19407049258132025,5.350385489451554,0.2764377855731434,-2.2529819468418015,-2.1447867248613024,-2.993259750706545,-0.5442962528407885
2.164856801799598,-0.16299195011830064,0.7753949503448971,-0.7766920734578554,5.350545294552233,3.2770816863945584,1.270210127677151,0.46558733434772576,1.8808038038565633,-1.515645355814138,0.787089887543938,1.9811411583543894,0.3369928000740097,4.53703558773898,1.7496780201669029,3.340632685439751,2.3823127737509946,-1.3596134592188358,1.1198729859620322,2.4040108417358454,-2.204929733020565,5.06773910521206
-2.916832594171416,8.124531072602679,2.8607077284042592,-1.2912642431483718,4.903852111765192,-1.2124844311610596,-1.4375356181429089,-0.7428987464929964,-2.988845840262434,0.19075476721010504,-0.3529829612944022,-0.8314328672371577,-0.8627467576948854,0.2912915770000645,2.7214871884032883,2.028496654194558,-3.145130824428053,-2.3531954559053996,0.21378105284022603,-0.67133781227326,7.690065736817446,2.543073854236101
1.2956115586803618,-3.7974100045891683,-3.372905222639891,0.5429019828761502,-1.1386904841855985,2.976822751935358,4.32735651682105,1.9372685198332928,0.918124756394106,-2.5584265457554616,3.268084367994936,0.062489659247825666,7.561093666039168,-1.3685911464912148,3.9349623546114576,6.6487036075927675,-1.4159349326711215,-3.6745429239801095,2.1725770605541386,-3.733935981747958,0.11486571147411512,0.9903669364376919
-0.053372743861511,3.66100455442526,2.1262660181304045,-1.3364570746441613,-0.42713936595802676,0.24945517441074266,-0.9135174768420525,-0.7685439272881848,6.005672384261071,-1.2541598568774484,-0.2558690938237762,-3.8819782774939116,1.8724378594059532,0.1592361784163897,2.7067813003403844,0.8936131963007627,-1.067046665416234,3.201405782329641,-0.9837501359722904,-1.0351531240150473,-1.4347190500023344,4.518997223523079
1.739437436556651,5.670138989011743,-1.2255276197758602,3.5238521175451467,-1.0547781847201094,2.2708995674674366,1.545853631829245,1.5450053756537505,0.42020648133999294,2.322911498286207,5.397087555512129,1.4917783684660455,-1.417282082190803,-1.1134828031422817,0.8893471950938532,5.691192813217747,3.985861233873704,3.5054436693331166,5.1401229862234805,1.17021279737989,-0.49744967142677676,0.8261359437904588
1.342829808734482,2.8983837585061565,2.629772746560311,-3.396833098137803,0.18782093785947424,0.9065502932527509,0.18372162935998865,0.9328374689785531,3.8616661070035816,-0.21295895817114932,1.849424622569492,-0.1629610771053421,2.818934989588146,7.315479205695958,3.826227100300652,1.4825316905755326,6.146122685683563,-1.2939515288570134,2.5492966721001973,-1.7701411788341164,-0.049636112329202814,3.5194658095020723
2.483332260979401,0.6696383577183579,-0.18955669936894012,6.699541171951675,0.5832486769106745,-2.112141794427882,2.059905023362086,-0.35284509423825405,-0.34090405075682784,0.9192121906286147,-1.0047773540061848,-1.0492401244973433,-0.6647634978414898,3.40039006067328,0.9749444712671428,-0.018491841726835948,-1.5918608496407443,3.352135631840222,0.0015393846661626443,-0.08378090396853655,1.322479030563956,-1.0625370115916226
7.523922947556271,5.04807347659423,7.373113302799339,0.8718535297250327,0.5441168878654666,4.386829180365145,1.1058544592637158,4.088386200587146,-3.3885766446846257,-0.7644151911519187,2.10371294285487,4.869189795939755,1.2922363758093844,1.9860506679588426,3.6143056445761435,-3.2751000284739695,0.9516419544987106,-0.5914635838860608,-0.3608822796140057,6.90404046132276,4.0033719202054385,0.3866111967982999
-0.3546860954707071,0.6255217896750085,-3.252520432512978,5.294337617231581,2.1032754927324597,1.0022837486481957,0.92539545029642,5.351773912409746,1.6764762250629253,6.966436604101188,7.971106512659101,2.1630040458598443,1.4141935724688428,0.06921540769388856,-1.0908481242499408,1.985007622415161,-0.18391700101224115,-4.15949176917545,6.046127076949544,5.059793709388678,6.97783591650366,1.5274966344423657
-1.2566188517268355,-1.894032986274215,0.03344170226386237,6.073240068563219,3.841519498861386,2.238353900195888,-1.1546631487549992,2.7316216443847408,4.98947565637102,-1.9125069137875175,0.13584235213424364,-1.2488630883444303,-0.40183735455680447,-0.2272929379497285,2.848738820004128,-2.727648331263403,-4.1875323896447965,2.784485585105193,1.5782020692916778,1.8228235481495922,4.014709148315622,2.5501155287407147
0.7025520487079034,2.1443065963165404,1.439154967424537,-1.3165774480232495,1.0136936362802071,2.2130531719204822,3.763180219083003,5.150522425848646,-1.9837890033787553,-0.9215675155167191,0.9226238447722646,-0.8273477489002803,-0.7668449037955126,0.6123448450740889,-4.0384545752393874,2.1758431389127657,0.1228325120896459,1.3516497870643684,4.322879302362354,2.867777447027362,-1.164957972180319,4.7985579046973985
-1.9254160082787692,2.0870025354163833,-1.5212039971978715,0.9198911325717457,-3.647156490912613,3.5681673382293178,-2.2550215050622597,1.7341848856255315,1.2556192248569775,-2.485637452444034,3.6202714198972483,1.7850160942113877,2.3020016600458866,-1.5648022347180144,-0.7843464734767044,1.7827608790859641,6.305943038808481,0.7915474677185157,-0.33986174036293515,-1.4564537049417154,-2.186061563332522,0.7009201407049827
5.1838233635506334,1.0365318835854347,0.026629144955663032,-2.0005197452387793,0.08134401969418364,-3.7395402624327527,-0.5543146353746048,-2.0250224669521577,-1.509906881989124,1.7086530805034614,-0.2933097599924253,1.5780387777755496,3.4735293138324463,-0.1430003902560557,1.2904073605298718,-1.5580904832002627,3.1549201523340846,2.1001553136689353,5.525591586171027,6.49506574197738,2.1136005344403563,0.808720514233597
