script/wind100m.json
{"header": {"parameterCategory": 2, "parameterNumber": 2, "lo1": 3.000054539987559, "la1": 64.9999836372058, "dx": 0.5, "dy": 0.25, "nx": 34, "ny": 52, "refTime": "2026-03-08T08:00:00.000Z"}, "data":
[rows 0 to 23 of 52, columns 0 to 33 of 34]
3.973061360425735,4.9718308629654215,7.905421268990667,8.318991860148596,8.679165217509672,9.006348843789757,9.006822909390873,8.854787569248742,9.642711653168012,8.040005052751363,9.561368127591297,9.669745718422492,8.548679252553807,7.9283446346855015,7.386051248397738,7.1213642492609575,4.686107468513484,2.719075616720368,2.0613604228368048,6.766980093204342,8.009125265070931,2.9988222925972026,6.382169943033543,7.9908425989083005,13.693229254534028,7.658419118596552,3.7512139360607093,8.914038137887154,5.249979102243919,6.987816311786825,7.018026466112814,4.005495759045668,5.441121895614731,6.442925250910841
7.664188300017244,7.085090501430686,7.227959981424297,7.844861535652738,7.749875041288553,8.80095936870134,8.795574106056659,9.673966936928293,8.668095007985444,9.235956054046426,9.603309025391166,8.828050229143482,8.288516197071864,7.794690577061112,7.429783639183277,7.943983596618634,6.265904724659558,2.0201350461276903,5.293421441502139,12.005682878052209,2.807808224092012,6.464413734158204,1.6773999601346055,9.659798205582394,6.1004700785898205,4.686154436933994,6.267468709829575,2.97059126177742,5.172311523694642,10.612561908110129,5.683319090753388,7.735513182768426,5.14851271800565,7.869324988366131
5.8045216283240935,6.4103572168492144,6.818209970965196,6.954650206395484,7.250776715689192,8.725052130011969,9.581913370620265,9.813997082817053,9.227698910952627,9.349474826153907,9.21540485602305,8.767272745004314,8.544647445661427,8.13576933758583,8.388515704915196,8.652591526392253,8.6960911756832,1.773283385532645,0.8796950629943021,2.183287489695665,7.562976884621115,6.018392634436269,7.059263128458171,8.795749191819512,7.60209820630861,2.3085744272705986,0.2504310963084543,5.928056158386502,5.485049136900267,6.886782177684119,9.05004266118184,6.741458457868065,7.180088184456882,7.265983841200086
5.699028650657276,5.986549238195956,6.073004889020857,7.046939824973186,8.497663816753485,8.95563568183725,9.466933522586594,9.612276391591488,9.94733468643771,9.971248600639019,9.95598880991719,9.119558602395415,9.00663574478246,9.559273729660703,3.828331920202595,7.492672854936578,3.378448892772394,5.270510006999111,3.7632087940811805,-0.08008844562596053,2.7636046504454197,6.865086995406882,6.880767604618359,4.187684096864623,1.501636448886268,2.3863414259584483,7.400420381781235,3.097985679543611,5.257640598492142,5.817521072192253,4.7138454869790944,8.939518648485201,9.07362448578476,6.360045611187863
5.192410360551175,5.5382499949722535,6.839781452428557,7.939791829098159,8.62298112336778,8.672276349678487,9.376534691115918,9.785984339135233,10.913479155963387,10.607353760501658,9.70400886905932,9.70179819911058,9.619676779499573,1.769909358658116,2.162603285101116,4.961408119167225,7.278806446016022,2.3743426737522295,2.93028140273784,5.1953154646821424,4.7351024533354815,9.541763187696757,0.7157929570306577,3.708957552945269,6.3747145252220045,1.9419742030106608,2.452082466526713,1.6637862531626202,6.000686297333691,3.6196215060718275,6.0396472292126475,6.72433806166239,8.040777957635646,5.544470676638146
5.01680893602877,5.745938071600486,6.809608745697485,7.471946734950694,7.784044879003876,9.201219483093645,9.91871774656457,10.317047786908647,10.553876448600615,10.829476144356597,10.796127447925784,9.940726367976847,3.73528882986825,-0.9737116890579981,-0.18534961732784289,4.146748330227721,0.436101792237863,1.118176895729034,2.5790105007879864,-0.943375482718277,-1.1851849028134396,3.713040149583548,4.359545232101668,1.1814794629981524,4.6279349685879225,5.367103753788965,5.731075054201406,3.6762342734287405,3.6858491182367397,4.2248067169002566,4.90261229941864,2.6142053299758086,4.785929364932455,6.02951735600731
5.377806345711097,6.0773270055942294,6.7367352133087,6.675263162595924,8.17021398026939,8.95823594096521,9.598929849154189,12.534959180870713,12.183548082252244,11.180842195526996,7.636526603750198,2.0999704509995927,-1.13940209078825,1.6552726764494696,-0.03966911990947694,-1.3145402726601174,2.0325018349546915,1.4046615159782698,1.3400400488665705,2.1110848709339267,0.6158979310607634,0.3328870699014124,1.4696382456139139,2.6324076809024155,3.6723069927126133,2.08439999694104,3.5349370479541213,2.424581088832353,2.3781016098588,4.019419333902006,5.452654779870527,5.048628349292746,4.884429269102334,1.1983430275463667
5.330645982809944,6.267818025361272,6.0782905726928895,7.066380688861513,8.973029459549116,9.078350626935928,10.129384511937824,11.454429478462604,10.887205864973147,2.212476850338478,-0.08947200108945899,-1.8477362711162555,0.3204098628252421,-1.0632143764982687,-0.9520545405134963,-1.0952312718340076,-0.5101184413645691,0.27848201796301275,1.8308731102045956,-0.9342638752113664,-0.40788019229644207,0.9946852465599313,-0.039820628794808716,1.3545763719358548,1.4239299787626793,2.624640469210971,2.3080481864493048,2.4845630043367644,1.7365585198238944,2.715298805361319,3.0592273847458005,2.940203814115285,4.365900844814983,5.473928860209044
5.373190228363095,5.461356957750755,5.6970574191427374,7.469219619925068,8.369079578184849,8.897433283892182,10.06979288429545,10.466170919333331,3.2407598739430115,2.105663062798692,-4.042058514167289,0.29857458697864575,-4.103810989742169,-3.6326873427462676,0.11803821159273623,-4.690467362854674,-4.966526187632168,0.6918228979403339,0.2990672687758425,-1.2829931989214847,-1.7304221745042876,-0.6332335993535737,0.159079763713752,-0.4887624571085736,1.5314497483984544,1.6682304340605503,0.26522949569685444,3.9753316116025452,3.0056284334747843,3.6944603775618967,4.179348250361851,3.0494804755105265,2.7982414744132926,4.951631598676703
4.759735838519175,4.9580141317641475,5.66641024458141,6.146316658214133,6.4742786406893,7.562631721943085,9.675987677192605,1.6887009419376713,2.999146322704512,-2.05125603890579,-2.5613547041881546,0.6692449646561637,-0.8926261209475193,1.050475870288564,-5.995725209083346,-2.4612547400692932,0.8890993019320813,0.3766832489674327,1.8493922422402318,1.2071937475521592,-0.574746142643742,1.2225709902939428,4.730512406882044,4.050431093782541,2.6570354960849087,1.1985074638857458,2.782432416430344,3.7185775866904995,4.538442186011509,4.081283253571189,1.8005292221587268,3.8515053135554793,6.514386657472698,9.152239758073677
4.283272150272158,4.3338031881532,4.246903409784204,4.918266324212762,6.253906096196342,7.7840787744833335,5.133003715271744,-0.9555113941070491,-0.16715780923901974,1.678186182955673,1.9338857739455146,-4.2561650313787425,0.027913106861624237,2.396943310070015,-0.761414435371215,-2.5610395953567227,3.4064354527643945,-1.7062767853766405,-0.7810602222775339,1.6541623727125352,3.9736845596228445,0.3501438981782602,6.833981080363246,1.3892246190542104,2.7525715894596963,3.535834844275563,2.353973660976023,6.259218999687737,5.015980005370829,3.8599312334865727,6.688058403529993,8.43607441057904,9.95909844189154,10.381498756294896
3.504479348623577,3.719856946340861,1.5518653080345342,2.743089524814242,5.789117873528514,1.5837924643401144,0.6474304203402383,-1.0539708867442292,-1.451557184065729,-0.07177373643438355,-3.7723373802269125,-0.14740506693143304,0.11039080383948517,2.4209868492956166,1.5628105725253312,-0.4858177361948584,-1.0416453723454664,0.8861697455403592,0.6085932923988254,2.833358114586285,6.305114086415157,6.353259105696143,-0.2582113034251252,7.285868273576751,4.506663242591913,3.1230004766018102,4.24039539804093,5.714067368912188,5.967879872412738,5.1129580411961415,6.8640093298355795,9.48226151901206,11.309801516130483,11.89536446391378
2.707878025586166,2.0910946649901025,0.1381755694332623,2.0887852027933915,3.5878870180322004,1.0338445962834166,1.0352100262472341,0.5824747727717672,-0.9478328696830726,-3.825873854910658,-1.9532949754274347,-1.3255122974399205,0.14737269093912816,0.931187648945383,-1.0667824969753676,3.4174816041452107,-1.1439536665694585,6.089703987291624,2.962892274786228,2.882994334832128,0.7894652474539511,4.492012464708934,8.019540688880847,3.4787369627261215,6.248712650545097,4.707920941959591,2.794487784361266,6.101000826343751,6.475931041339752,6.149370849660837,8.433470158326417,9.182319548012764,10.744538500409178,11.51733236541439
3.1644777776030377,-0.15875351004247396,-0.970638073038816,0.8127958357321068,1.5618544000281982,0.3857867822456588,7.513031616659217,0.2652286866861397,-6.299409906853603,3.033905061489724,2.332477602748627,2.314098413102984,-2.0635236582887395,-2.997828089783683,-0.07526144066083723,-0.10424529510315192,1.1184630446059944,0.08215818237998937,0.702645049554301,3.6091235400235973,-0.5744380926189392,4.022046222517174,6.138375600910322,7.193674401805174,3.4205130239847685,6.871664203217405,7.141222622001738,7.018554576556771,5.276471305934942,6.043150257828499,8.406919295294356,9.824571224762096,11.398254060839491,11.59596613053155
3.241392639599918,-1.0289782523702686,-1.0253861205389343,0.745645348611461,1.8330654426711948,-0.6100535420221316,0.9736245387235205,1.448701486821586,-1.0958897869260549,1.07471008646123,-0.8782050836198549,1.1127391441003458,1.221136596420677,0.7162625175351774,0.5568228979807934,3.831325832509606,1.4002034751442163,-1.1703999817501765,1.9470072333345885,-0.2072713973567795,2.510940080355023,3.5843403989250726,4.524558887995205,6.5609822090375545,3.460596174139649,6.604390501741407,5.075523798875759,7.609689772445286,5.870136999424618,8.208330509542703,8.456555573302753,9.0886150967171,10.167525252072572,10.77753408293633
-0.2978227907379475,-1.1460963260273598,-0.1998507490722534,1.161349885422565,0.37540194979912767,-3.3704625876656276,-1.848433000418511,0.07433354419629098,0.6457890637687499,-1.0988064047235426,-1.8597166648195356,-0.3162521092178106,-1.9991025816444252,4.944685330735464,-1.9553618128274577,2.6052599239168415,10.883391198643396,-0.9188973917076497,1.7812019900034417,1.9430109915157494,8.589618295483811,1.6049740767607463,-0.30672014944928033,4.485928561090744,3.0632475431593953,4.980035662515646,9.02175058967027,4.390571887284628,6.248087886860439,8.24253266600594,7.4243983473363,8.70391218679888,8.646949325738998,8.922463174128787
0.10028154870023348,-0.90636727760607,0.37056001178523723,0.6006487772261344,0.8718765848438056,-1.15613700115323,-0.5742813493508263,-0.7307840488425942,1.4731007128889209,-0.00203390688357882,1.2677716692228427,2.9222707001627883,2.3451114670067383,-2.471584823295639,-0.2946512152090588,-1.0943235532150593,1.148583436939596,-0.5107086951584118,1.360672508791425,0.5787454053614645,3.8030340541400114,4.212057228429844,4.511607517031146,2.772309328544955,3.1972249096582805,4.71846609415714,6.826380969931467,7.723842970097649,6.3538828308897894,6.937606283052337,7.020491248180097,8.109270098491423,7.043650110364085,6.844842332766093
-0.2785812662519415,-0.26114757415359235,0.729867746754258,-0.31647289973857373,-1.1257994411524501,-1.5839532569189414,-1.4993861798263906,0.10065444487528645,0.7426634237953202,2.274541737405096,0.14934068663619335,2.511651095391497,0.23321950239061134,6.068976749196878,1.941089859105662,-0.1410289017447267,-1.072760463007587,0.049649876810701134,1.0564192251818496,1.69262920580101,1.3831984328592215,2.0331782397737617,3.537370199645296,5.029710808119969,0.9885908571521881,3.2691068890950086,3.276121203839818,3.18492656114089,3.572623677264647,5.125186874890855,5.320118213024121,5.219323757670869,6.161748494954587,7.723735541829669
-0.3563724709917003,0.9947755022991313,1.0068516973173327,-0.11464643201544701,0.07170226848448932,0.28810949529761737,-0.28999374467155814,-2.093297623064915,-7.788725077051684,0.8434710466883071,4.600794408722796,0.5944150713818008,3.843930558712957,1.0701280305427028,-2.096643162409709,-0.17489601187388268,-0.8805032744309165,-1.308650353334916,-0.6482193802702629,-0.2865192606779841,0.8496943704398452,3.347069885501376,3.22421346396842,2.22743668589619,2.650910787718103,2.110629522418635,4.357868361611295,3.447687934603024,2.7889624533404587,3.3478306965500604,3.8839671487016725,5.198276281474469,7.000477985909013,6.326447829414344
1.2367837595520617,1.3671662269368567,1.0872395189687203,0.48320305301426664,-1.0798758988949517,-2.7083060525444296,-0.26772954754112693,-0.26539470977273116,-0.050750346731757406,-0.40008551077590787,0.9295642615366944,3.3642859428348757,-0.8419099846079426,6.063525570333304,0.5253184556728588,-0.056392058344041,-1.0086226467908601,-2.323116228080115,-1.2252019349520133,-1.1942879844523937,-0.6691415288324623,0.1904231925391664,2.184329149861295,2.1476499979834553,2.360052380512766,3.4323876707403986,0.7610881813769494,2.743359999585505,2.097392508537664,2.1382956023829056,2.689689148206794,3.443628127546574,5.579063112257125,4.700941259362919
1.5479168267846446,1.3459098979464559,0.6092309273104967,0.8793097587009351,0.6503599840937505,-0.9419856448471879,-1.1748536166911143,-0.06241164851019375,0.9481933532819656,-1.0632456876796208,-0.9980080633638039,1.4474300620666858,2.5774482123531244,-0.46352650522415123,-1.9109388058293217,-2.715804478347556,-1.9579996556877848,-3.566819701233272,-1.6116961441245665,-2.00147539055569,-1.538710356335148,-0.8798772888429098,-0.21721030470729102,0.902446518082925,2.4687718577903803,2.79141580315677,1.3562978759575066,2.250698866535307,2.104796420238692,0.7995620867659882,2.2874994425700126,3.001876082760015,3.888025205428314,4.288110157920249
1.7707092472994117,1.5922727943116521,0.05057315926461638,0.6867658907690536,-0.35191261329848633,-2.4946841109781164,-3.24110785846212,-6.385917157668956,-5.217501303304777,-3.102775700703943,-0.8633999333850437,-1.2507404595238072,-0.14945775630905073,-0.992373229932966,-2.177064211941947,-0.9438442384145673,-3.5759946511622127,-3.491591018073321,-3.180676373934053,-2.5560602492636875,-3.1236316365181844,-2.6892633701316324,-1.8959395311809677,-1.2466525528805361,-0.17777518856995517,1.483127383214571,1.0404522225402897,1.6884060721956726,1.2019458784583208,0.5928200974554596,1.326392209996119,2.939042970856177,3.206708958841061,3.8212189565242247
2.0315104953749117,1.4305481547648995,0.2560626364698586,0.5503186363335678,1.0634061554355878,0.1386563195047793,-5.814359607803218,-2.1351777361607263,-5.240591102118416,-7.218948419641892,-1.0509802065769553,-3.2668727729307228,-0.8000283886093091,-3.6362053726918515,-2.478839205371455,-3.767355799933536,-5.368708299435837,-3.9473930542665823,-2.1634525632506127,-2.902430139991037,-2.8263371440459113,-3.07917752923032,-3.648534847779248,-2.2702021703072686,-1.063709978330396,-0.1857141388469146,0.6210388923929242,0.2354199021978275,-0.23495864508433414,-0.016199615454758478,0.8714326375667714,2.4236500537747374,2.8433994386220767,4.2294122969233126
1.6240294812560787,1.5185620752217153,0.1917763183882845,0.17044302441034762,0.5536309711737517,0.43094714072693985,-1.747741542119261,-9.756659702517895,-8.160680647531592,-5.198309160522555,-0.8168996322126563,-2.149505790368312,-1.1648982498328484,-0.17658952455016588,-5.874720216730871,-3.137301802387257,-3.8263848030695526,-6.876638389142794,-5.923831887192288,-5.3707735972841055,-3.9531515892829323,-5.1570235886811036,-4.8620514112658535,-3.4280243963906916,-1.0321255169317498,-0.8620773852484147,-0.20003488201863537,0.652711561192999,-0.01760297692969134,-0.188759605281138,0.9775384875907356,0.91748405660342,3.115886678578798,3.772583607298101
