script/wind10m.json
{"header": {"parameterCategory": 2, "parameterNumber": 2, "lo1": 3.000054539987559, "la1": 64.9999836372058, "dx": 0.5, "dy": 0.25, "nx": 34, "ny": 52, "refTime": "2026-04-06T00:00:00.000Z"}, "data":
[rows 0 to 24 of 52, columns 0 to 33 of 34]
2.1509156447245945,1.2764855345931112,1.73881757940473,2.539133911680328,1.6676340730702952,1.9219197192386028,2.436938653339859,1.2088058319295794,0.5087634221095473,1.1332380685558254,-0.3237890083897951,-2.3532157678674306,-3.300057954581969,-3.00723253571712,-4.728424279970712,-3.401878013197856,-1.3583301897586546,-0.0367734632164111,0.1507607634807643,-0.7968444336287919,-3.3633280416137095,1.595202279915765,-3.0263526979015483,-4.653041625112894,0.7446412355671268,-1.9469808087312093,-1.6367976333055065,-2.5787813832586597,-2.236024483068896,-1.97470189446975,-2.29160208383417,-2.585366874106647,-2.8270579686484063,-2.0105021144719246
3.7619837957676396,2.564630084306784,2.3702282505887364,3.238862032066583,1.9645459153165306,2.5703179503748506,3.540057189324216,0.9941497945938199,1.9953382192954598,2.1620808486309047,-0.3134922776704772,-2.567317353118805,-3.29978552815787,-3.3102239639466458,-5.074803512495116,-5.141373939327701,-3.190665510954472,-1.1767769270783632,0.028368980755398367,-4.350061904591275,0.07685431869289194,-0.7912174600152846,-1.3715230946741943,-3.106784516652619,-1.2608593378694954,-1.8855015852732555,-0.8370640642242847,-3.0669328022168205,-2.252332479075905,-3.0788200753172035,-2.2161339440249166,-2.2134838224856175,-2.4021637453533526,-2.679567751273047
5.759213019066796,5.067807963556095,4.0406639969822935,3.2125265173334956,2.9615669837108296,4.327715271499235,3.8223652929199057,1.5405340445055178,2.542906085107002,3.5787067334584846,1.2491001852805752,-2.6052358050630113,-2.4085155473982245,-3.770380557692884,-4.23100084688219,-4.215304570864427,-1.6257051743812811,0.039868055905423326,-1.3159061688465563,0.016928713632648827,-1.9804262583615417,-0.6726442432881781,0.50783110229365,-1.2728612555988519,-1.7308644766308994,-0.8994666823801781,-2.145197165942699,-1.39160508454239,-2.0217601537889247,-2.8048917236269,-2.562728344733881,-1.9647359461583846,-2.1860249967847096,-2.5449185402395202
6.88346431875179,6.346077174047644,5.352403089148327,6.144707851436092,3.0979348977209495,2.1142558210977227,3.396219360130654,1.7230598163299766,2.569753354751648,5.173644082820337,3.0278205584156317,-0.18106764157852417,-0.7503226311339712,-1.8653013797802236,-3.1867676594578485,-0.695656282220731,0.07316658280709791,-0.5568686880987669,-0.8440039350960539,-0.5598793608000769,-2.5265500326491375,0.4630421902145899,-2.5449883002554206,-0.9998102880934711,-0.25271466227366257,-1.1177917975756948,-1.2566662993695479,-1.5531232242414812,-1.8973840892131622,-2.238730258346594,-2.463345348894623,-2.3380397300921656,-2.223469648867035,-2.1613645125457834
7.64800386585628,7.332344091174348,7.116937763308322,5.737581723152493,4.715702470883558,2.1587908901266633,1.2104739840804688,1.3773696737716976,3.215536022491057,5.161590551643283,6.415609815073625,2.508452174918657,1.9886487075985466,1.7551389995659314,-1.065457097099745,0.14832685891547645,-0.25109149949085113,-0.4901738776945173,-0.8566957206856379,0.23814983492766215,-1.0414356927829975,-0.3323027747282711,0.5642127064752855,-1.096032362211681,-0.8864767317166977,-0.8926126492769907,-1.0675526145345127,-1.1388443454150452,-2.2159389392377533,-1.9637044298154436,-2.173380168027612,-2.6697986741888786,-2.1806877104309286,-2.4560924728446136
7.93248512961061,7.24102617763288,7.4900751587930845,6.420225136857041,4.90624261159398,5.083350305128782,4.305689589719794,0.06498664340113618,3.8526330996364004,6.295394152689964,6.9192352667219374,8.664785496118693,7.020574325061465,5.457938312303876,1.7207920687751679,0.5667969766859855,-0.1368801318123802,0.3829231385340084,-0.6194296686538275,0.7933931517809824,0.9606676739360326,0.6717306757062712,0.2691837157551812,1.0734336719840243,-0.11065727385047944,-0.41196559161896074,-0.521632701427284,-0.37683142495479427,-1.021038025339588,-2.480666780005475,-3.080720267567399,-2.04356428394583,-2.5960861058136846,-2.433751185803402
7.8840571539917645,7.165225292729299,6.902701843447401,6.414040619186611,6.182865129438004,6.523053630194293,7.321703154306326,2.728907782514006,2.7095367399291046,7.028839471392824,8.003788922428168,6.135552167772156,5.565831682209345,4.686340539822641,3.3421344728907743,8.141703510835733,1.2532624558712209,1.753880631432084,3.4963812417354116,1.1028261975238314,1.083630819783919,1.8132455179111902,1.1623505324992407,0.25466573942074344,0.15295484984016583,0.20282969358675978,-0.07602589147222859,0.25343475920016134,-0.7000484094028245,-2.5720346397002567,-2.6592692094703354,-2.6926412792031194,-2.650781184909046,-4.991625460330602
7.389437236321088,7.176186916324982,7.661777898686,6.422532339812232,7.7475841040154005,7.545070126068864,9.344709934635295,10.236204628513814,10.568153998867789,4.48959354521753,7.91265229280639,2.9676157104013146,2.0399793610590122,10.113570636064344,4.5218350045895885,3.0609327347724573,3.528054618865722,4.128560290536716,4.315337705779168,1.3532765168384662,1.4135899650187258,1.9179453578849388,2.0886373386165293,1.8297699534452179,1.2678096900766862,0.9487637473207732,0.6586420889254244,-0.565063363057384,-0.04634626918265659,-0.8138715299740807,-2.806610596849944,-2.5517696391325435,-3.0817237205329393,-6.3813464925835035
6.999966526375251,6.025492260478208,7.175576697761457,7.640585045860535,8.274211202560195,8.303331487536386,8.675438143019397,10.265107009857656,11.214791329943987,5.468352532135626,4.514155914088993,0.6611386015193312,4.466805365573578,6.206829107346619,7.438089387534061,3.9488927163629217,8.908216886769672,6.978144598401812,3.824183265847373,4.42644156578057,4.5356575791778955,1.4506343478629686,1.0282523550911697,1.5126516253806792,1.359417078793529,1.0145177392770797,1.1803885571462096,1.3752512150852834,0.5558649500581051,0.03512423775190067,-2.446373524924667,-2.350459098850715,-7.032889286003113,-6.936727098725534
6.668617894436474,5.800964620294809,7.689270986163428,6.554786242190937,6.878101329944618,8.449125412613352,10.241041703249412,10.27613229769173,5.287423911635131,4.4967883174327525,2.8147921274356307,3.5552480504982777,13.07074747940997,9.980736504229519,2.032674424659315,8.421975441466063,7.466842756203775,7.437225504184782,6.4676546319712305,5.000768466690254,3.3529061812753045,2.1566608959160285,1.7062433221998725,1.818566781195939,1.8675390225762938,1.5982287910766777,1.45848932877505,0.9221144109814778,0.841116825452611,-0.02403347714214733,-1.0809217085775389,-4.405548999399393,-7.335602423841641,-7.901612831172539
6.454145582472015,4.669175543487249,7.01606679140056,6.9338356775459715,7.454197521101063,9.201170211687092,9.965346052327432,6.975866487763262,10.334582765089191,-1.1531576236420171,14.630086022639325,4.84160810397215,5.708009703378949,15.630563314233248,9.383690972177773,5.873005191881211,4.0011385134053725,4.732746844002412,8.448784138948177,3.3058181854931585,3.9637265143541347,1.8048073356688952,3.1311895223039405,2.193745320047204,2.110223080620233,1.257257349525259,2.401351981337896,1.7548342742273106,1.691805734924494,0.28934277419106536,-2.682404864972043,-5.399956433523408,-5.9663480604692305,-6.666508841800101
6.567215174571481,7.64704691478851,7.0357370567811754,7.6686311868982715,8.387457255257868,4.7727800873142945,4.111765638130804,2.452998838602515,-1.4381962555645418,7.873081826016617,9.438531505874266,16.100653912740896,10.670235464751949,12.23357511676555,10.406743613867265,3.3037738512127777,3.0323700148132335,9.863108740762351,5.71140855445288,6.51447375427806,4.200133541870193,4.052030419050108,1.6342308042842069,2.0935379259104883,1.7490117375026202,2.156469355370791,2.0684819792615334,1.8458253072835207,1.8906274832910805,2.1830509308629695,-1.6514514686596877,-1.6320481703842828,-1.401287229382591,-3.8011549101223787
9.150652574792288,9.222902856812377,9.350673114493391,8.887443543946347,5.885887847156461,2.4155869927067504,1.86465431134787,4.209009152812174,6.0753504222211525,14.082917471058689,13.52352289577444,13.668964733485845,11.077305679662386,10.067370144414898,5.806471569803871,6.9696018080772975,4.172108192671362,4.590561211388932,6.192613700206742,4.887134239582123,4.880575086652237,3.3758008143468134,2.5449132084633095,2.7528745140454642,2.3293236518082425,2.677100039134886,2.4008465211122005,2.110867696521271,2.2129585210966263,3.659900703039972,2.515758359795772,2.1249577628792933,1.55644007605433,-0.1327743384969956
10.352321618861525,11.064669050495388,12.330607959986258,11.774294781254337,8.233326593575455,9.844231224105767,12.142180934007486,0.4445074381063751,7.702437730863278,14.592766363358066,17.604212133090716,14.839689752743434,6.1145995835772124,1.9516218351972243,12.911726506712014,3.77212812721717,6.494027473542352,4.942719252785871,6.133728481351728,4.960369980569662,4.2744966478660515,5.304213685109671,3.3648251600777583,2.882063183124982,2.740523561358055,2.4105288407034515,3.422284425172937,2.7002263515124967,2.976729766765772,4.914641338432963,4.459953423779842,4.171441849833875,2.0490700912192037,1.1040062471453387
13.546216595028472,12.712962828257966,13.836986526894968,13.438961832173451,11.379041554256546,5.445545588853796,3.67269842986235,15.69294440450698,12.342301541054225,9.22939168500429,7.291846520907822,22.04433713175402,11.770479404498628,5.461220210415121,4.69660505519231,7.676792542493745,1.1984243690959575,4.199035218739489,3.031271687006879,3.4220312162109994,3.471659581832185,3.5968693389447925,3.5554936538015625,3.6964818378315494,2.586198845224321,2.9112459091551566,2.615456022662255,3.2123938929666056,1.7895629841824503,5.2613234766123025,6.284948580607468,4.779609747289544,3.040265736739282,2.6047765071766915
14.310541171183049,14.087400115572962,15.806996817782785,15.150146788485026,7.845590005742977,3.870603245120605,10.526508451925464,2.998480915839935,4.652569457622344,7.321175616316781,13.48775504648573,21.086867349820242,7.215021746831586,7.755010175164647,3.3786502687015827,4.674150102069503,8.208743862202219,2.0482030193692675,3.9968298133249296,3.953397937591466,5.796474463568728,5.5319441422791025,3.1122999233285964,3.6130581440862812,1.9288959997522002,2.8138317312667924,3.655722745755035,4.455696856377156,3.2223565404967673,6.9296855062903235,7.596840638010744,6.035097999128605,4.829041404602618,2.943118979397719
14.496427582991762,16.093391233487264,16.84257747566058,15.149233126118906,5.199008020083504,6.281782583480871,13.431163959624872,5.970790282957166,1.4345448206963474,6.466484876703032,20.944228434521502,23.418523091661296,4.819489391677155,4.526347987512065,3.891740132945649,-0.9360228081770438,1.6503424733014398,1.7331467185763885,4.676624847298471,3.5594123372227484,5.627197380806815,6.399094631817675,3.856110381736181,4.593706186955907,3.2324465072288286,2.7620978191220127,3.8314054344139525,3.819335816054497,3.0129290968063676,6.564722244239292,7.358367134528554,6.01711432672625,4.782965501310357,3.8147290667424
17.019422416470515,16.1978964556466,15.28328847399011,14.081771982989737,6.0707128111325614,4.313093374633483,8.039293180437962,3.5730194736050724,17.293826469695336,20.777408037308597,10.911148586204794,14.29280999939604,4.581648003458301,6.186599537934176,4.084450581556838,4.094648048988688,4.244664572545383,2.053041607406889,4.277599317347415,4.496572016303232,4.880356873531907,4.315491191304266,3.870434534107257,4.990542990535992,3.7373290913426263,3.637252276030227,3.912495625278009,3.8655995306791584,3.3393365967924935,7.450601680482044,7.036925890564374,5.329057929826923,4.250862227910324,4.84422907219571
15.033139438227648,14.694847645109258,14.601559520535483,14.21160598483548,9.282975381568448,3.1176135411228376,10.476286716017203,7.354718436602814,8.048262020851446,19.404394363850574,12.364303264889392,7.7652777119305485,7.2760035297836705,4.262678649965601,2.6989945053531046,0.5617196777659313,3.788172158569678,2.7442697959888065,3.5439667561173493,4.685046027025616,4.127640888808881,5.912928287765013,4.706111040820991,4.166588027998813,3.0925904568632516,4.185093550039976,4.622370433150755,5.089375467023779,3.823942882066619,3.7638037148624592,4.52526614355734,5.362387173465413,4.174318593535848,5.213424953582524
13.504901144449848,11.635109732667205,13.234680372649152,13.664545038727601,6.783583904560786,3.8930912248069434,1.1029944337822473,20.968289409699278,15.646594110070529,15.842679833066619,14.625464005425219,17.38483072264526,5.423937501443331,13.951234071070505,2.673290815185686,4.535650544366534,3.82490821951696,3.1044070820751286,4.027168813853805,4.2713890154268634,4.7160811384689,4.639824985314073,5.280294916670139,4.760537206543587,5.08148707405681,4.242598575591364,5.3530066880960785,4.274440356271401,3.4989961302604886,2.79965130576936,3.107101343332408,2.9230129855341644,4.3668630022144,2.792735450128094
13.440085815176216,13.771757318166681,13.15302710950392,13.397608518801789,12.80030538440271,4.467160638827247,2.9295713721244416,9.535366937386117,17.13078831146983,12.367180938664506,13.97376555617583,12.902928929181265,7.268598846806106,4.3258334479660565,2.433611237551557,2.290643311267973,4.034277601542007,3.244763510526995,5.108479171199994,4.0575400678286995,5.318104041085553,5.5495316636676,5.505223040592002,5.236680072427604,4.840285409885213,4.9092067178172325,4.559330885652525,4.410197889415637,3.9790149524741136,4.161129907530391,4.04620248068479,3.2137495354978234,4.9974835848231365,3.8576363293257403
12.171115141550931,12.833514303645591,13.155206199770673,12.867997781957955,12.970682778901615,9.13459234803356,4.130686935043941,7.278331618274758,14.545189887017388,7.215351856329814,9.766087730359367,13.133715389615537,3.565056735905327,5.386821838126965,3.3912826333973567,3.7326905534259973,4.03581892545617,4.359342602956639,4.681589542041182,4.647706771455169,5.700614852605506,5.094187818358922,5.127682942806275,5.484915303270395,5.925503652371989,4.858347672421144,4.571004387184329,5.415435614891524,5.831934209306176,6.1016702442000454,4.7729118887052095,4.3474138530560245,3.368122010820026,4.951538033997335
13.89680962402453,12.414309519060668,12.877239802636488,12.22195036597075,12.42102030502043,5.725426159345802,4.570295081455678,5.234258979695573,17.538956222779554,16.609642683922758,6.033942506571733,7.135841200078163,4.386526750181663,4.974400354483346,3.1337137775824893,6.517209145197222,3.9791445297342096,4.469505112353906,4.891703671363341,7.432294094372887,5.252825796536905,5.762851088164374,5.466770136377954,5.6588366154125875,6.489041738769699,6.680949495173498,6.350791356518501,8.444648287561277,5.791067354939383,6.632585074134506,5.197147233347007,6.2351205855677,7.816676693796001,8.35321529058164
13.851570257002926,13.104953197634565,12.406567007906041,13.008684995186693,12.858618691491063,8.80900893599585,4.650833743494732,10.369610793385746,18.817106515848327,6.63761320418914,3.010377309853438,4.828131189037196,4.790332472944979,3.7099897141360514,3.1158567311060326,6.215928206859532,4.994351522051707,4.91369808991995,5.5403881612716095,5.866299272548932,5.830690202773243,9.52703909233315,11.107154393424832,5.71388370443543,9.703669974907372,6.920918324268674,11.32262198187351,6.674910138799325,4.962921008554141,4.928675051696952,6.263840908968965,4.210122601378566,8.136051672895196,11.352151805409454
15.401850553964936,14.992295752845877,13.765797575376583,12.982888651995555,12.517601830014087,12.356532711772742,7.452728506548369,14.227571415444222,14.912207002715508,6.925444890580786,6.827270248905178,4.945944131260502,3.813105898236036,4.42338272865577,4.805487133158225,12.177822873638938,12.042257282599703,5.06676884780303,5.561957789773278,6.256271824596177,13.77241841472403,13.875683734273846,8.261921173512626,6.1655577330201945,6.842481302806013,7.357428731400113,6.89047376852449,5.756572031658786,5.119113666952495,6.128665903952647,6.105932514467434,9.775784702211842,13.140797294364408,13.342638220275296
