script/wind450m.json
{"header": {"parameterCategory": 2, "parameterNumber": 2, "lo1": 3.000054539987559, "la1": 64.9999836372058, "dx": 0.5, "dy": 0.25, "nx": 34, "ny": 52, "refTime": "2026-05-06T23:00:00.000Z"}, "data":
[rows 0 to 23 of 52, columns 0 to 33 of 34]
0.7317610926533358,-0.6666960582407845,-1.214603826806764,0.5966330560517508,2.080405438242301,3.0675864041271557,1.7973623853641196,1.065241774626405,2.064135758590862,2.283199145933653,2.895047610356963,4.698840267658365,6.027871485645641,7.152579486448049,8.292812858856136,8.22473952562281,7.338676387754592,5.814850597502345,6.5193314904886925,7.886912130000756,5.95088697660306,6.022045620820748,6.597813793434097,7.3823813434984205,7.3535271168830985,8.169457896130233,4.548631239631509,3.9654643251005663,4.659748423988551,4.629715712723113,5.05079931126137,6.445033462900867,8.176058167421836,7.334990881735229
-0.03058308948001108,-0.857814818798673,1.1406468094618631,1.3569811419462903,2.1285965087645415,3.388973082256693,2.660897234228222,1.5824346442512525,3.7803064335043666,4.121850333237837,3.405584214564632,3.413121742314021,5.118411043735089,6.2025685975671205,6.621652831582681,6.772716893623173,6.354748166684038,6.7582836618729685,6.8945033428393225,7.4798650965668685,5.4943425237888155,5.099260386029137,4.385002072978939,6.6325621931479475,5.8201566377568446,6.51299609478389,4.145776841819028,4.55882421373884,4.450253531702116,4.992830484414771,3.749017727989299,4.156893868131406,4.340975135276002,5.960302045838568
-0.24024898768978342,1.3101651905529843,2.1805748781595247,1.0229923718883385,0.9005230706181799,1.7491711800496097,2.638883875169466,4.015332842476888,3.6316334113591404,4.087286969786358,4.601656929381842,6.174110342492287,5.603725291870624,5.320472967360307,5.704466072932658,5.817883763935619,7.573739479204964,5.719456257485266,5.589153872761039,5.181140364245449,6.3427624854315265,4.795388366084669,3.5379587548258282,3.879867507747123,3.9102631521589055,3.751752044314692,4.454384108057764,4.67275568902246,4.471952375016624,4.0434344251001075,4.231365019752983,2.9450443106777917,3.220732773088217,4.045643572864009
0.24847788609871746,1.9606629881915927,1.1076680003936592,0.32928006821137507,1.7577925915741421,1.408336686789552,1.293026770994196,3.735008825336783,4.082865596788901,5.664255909512651,6.067893713832173,6.019129577821615,3.8949289467917567,5.4866112576422505,5.469986790665378,7.08950945765219,6.377331585040674,4.90988070038767,4.661249667914395,5.029461561454949,4.189871193028653,4.85044669226657,5.881469815909147,5.128235156526136,3.8528502473377415,4.058352647991275,4.509703444780848,2.83326070338855,2.7582846038020485,1.0838386808668659,1.6591228591822926,2.0310028327526948,5.3544314481018835,4.530921984036884
1.3395908233139602,1.0894348493876325,1.0608588277784474,1.9492217345362737,0.9350253950972118,1.4028851166202463,2.9687495097132928,4.201088937354619,5.8279326991380325,5.458896184462664,5.369519033936628,4.754468082873306,5.945205933860449,5.609191192990569,5.4254513487671545,7.166833269205245,7.180551960644445,4.141655550857075,5.165621071742213,6.319219468471435,4.75778999639629,6.396409931741107,2.5179970951788766,3.5826287321021564,1.799136503061058,1.3150249309773443,1.1129445795196005,0.978000056788703,3.3099375317179187,1.2600629047131384,1.458841500748958,4.4023803636081,1.765145769158182,2.9076608185933064
0.7394881544707516,0.3850593428691039,1.9552084495154791,3.7562928111979055,3.349501255968448,3.0667311603162957,3.6977757770778834,4.992399665969019,5.313370699661184,6.633766069208747,6.859594129853083,6.286770118082505,6.392546546207028,4.720400782247449,3.946060392951231,5.799864506473751,3.774960393092581,3.7330320057708506,4.984471771060838,4.432455227322417,4.528724175069613,6.03489574666895,3.384099003353936,1.2732827088052425,1.8630182352870215,1.305789931555952,2.061770932637759,2.72813959289961,3.046451247146425,2.867679750104294,3.7506943719450874,2.24960433455226,3.3232438436499123,3.7314260487314352
1.8310134105615299,1.6925495266987247,1.2293423864225663,2.7943494094468555,5.096132643821665,4.39645051878455,2.8088317689212796,4.414355713022987,6.2711164811261595,7.602152018434808,7.673956467982666,8.36554964476531,3.3293537823255606,3.9635134756220647,2.9325726824251714,3.4960745757654355,3.5380199452538266,4.269353871629582,5.646274849197227,5.298033991432251,4.342700328385264,3.6606036919914158,2.5986178640739306,1.9820792401076313,1.66396156672337,0.43096775210132376,1.0020956649803805,0.5812350151277591,1.155820094018727,2.122060695700061,3.3813305407875487,2.3878804586615456,2.8372100827645377,4.557522125635903
3.590468753983492,4.130374152754483,3.688679372434697,4.858562248673928,6.059493809261614,6.544756397279038,5.1452818359816135,7.99917877906695,6.57778940107075,6.657076394608398,7.1913847835772495,1.5079341754079174,3.9909525700183566,5.720633720935028,2.654528339605379,1.6392297463130399,-0.07555686740848923,3.257939295486765,3.161545305061981,3.0951785046561127,2.6431023888157124,1.1979622206317782,0.7657226081922794,-0.44757598969489987,-1.0560707710990245,-2.0282552188225274,-1.5893317365165027,0.6822339126101272,-0.31110302725634376,-0.07887021659914861,2.285637041947061,3.3287851872248093,2.131213313732995,10.846628436539522
5.872187378237528,6.492143886128939,6.892983991649148,7.125571365174931,6.980766457663797,7.702938961028322,8.782877238788664,8.675604675113657,8.885488169205326,8.066269966682983,6.234845646764646,3.453154706675628,4.316021828224158,2.8430297719014037,2.506232426501831,1.1659497109695072,0.8167881825615322,0.5958613391101995,1.5707919046700491,-0.7902248374544542,-3.3577046464011877,-4.152137475008509,-1.5332157056045428,-2.0960408368606207,-3.8467721988368964,-2.1690992070261927,-2.218354556535766,-2.5105776560430244,-0.8695644804738305,1.3992887558037106,1.4783582521586958,5.867360534378611,8.968795779716727,9.558905000900253
6.454643044658127,7.173434532539054,7.573408784783458,7.8260653984549515,7.383842105001063,6.9628791921346,8.61154588166571,5.379141852601827,6.670274417524351,4.366661292007475,2.9842804320027745,3.262950231825463,3.9228839521792755,3.827740083175935,1.810381832704888,1.7320991957700282,1.1182622864863319,2.036087917328739,0.6789856318542156,-2.542829840208813,-6.12107669644843,-5.76813805807674,-5.490636447017561,-3.693208725707117,-4.342342088120739,-3.577895346612854,-3.0623804110804937,-0.1579024064606999,1.825015766260312,4.62620722727709,5.922423103756452,7.874622259580488,8.837841692121458,8.487419780766432
6.928859540677077,7.8756334578336755,8.61985566880557,8.654670630100158,7.906068166719904,3.7823387120211587,7.765419801397226,8.555654849285544,8.700228954870303,5.533403806085548,6.170406910311141,2.92948248684715,4.826389755613568,5.221341090584678,2.888336896938584,1.7825039645088723,0.9959380944974481,0.6865617682229023,1.3012153485861513,0.24816915253699606,0.32127586017433307,-2.3062013138282045,-4.86422790575445,-2.569895394973702,-2.1755546080008554,-1.7993059540044392,-1.4916443515413398,0.3795192579568123,0.13474489376035412,1.8727833163625103,4.328927090342337,5.1530420779323505,6.529495528577336,6.431007178376435
6.884598811427373,7.4203921539167945,7.528281794590389,7.505737647654815,6.691946982176052,7.4991384461726165,6.98445480527126,3.801597853533416,3.177493944653286,5.651074825283576,6.685417671430149,6.858161515805974,6.7950480803026565,6.183513996340443,3.282824888715203,1.4413243564356504,2.690844039254441,4.753651528778382,3.9547453624414337,3.940179990793956,2.8010996903189214,-0.9739862949052993,-1.059752006931143,-0.2838091270618987,-1.6862176636600203,-3.3153172308661807,-2.7056221258156112,1.1625744845291526,0.5215182908870198,1.962210471017008,1.8012508070516269,3.276151256225727,2.9726785540945775,7.4600431085459284
6.5939554737066475,6.040407545408656,7.1895313310685385,5.985545157117587,8.072533522634684,7.0030655342196075,3.8297241585697916,3.2628902054368876,4.34754377536341,4.455995735980933,4.573649449982041,6.621580565302318,4.689309941986049,6.644743137262816,3.676184879524891,4.275523610502547,3.2306779948175657,2.090972231409599,4.993576663853845,3.6942810631868226,4.387905821035428,1.7760451789683596,-0.474050080187978,-1.1893539833015008,-1.7439885943246753,-2.0406218775645093,-2.2678518991088983,-0.966038753960284,-1.6781025018587388,1.7445479799315093,8.172146390767177,3.722775021786997,5.872510405819084,4.726970370190291
5.537266961192006,5.6019311077582765,6.864457656835668,5.9605571408292715,6.767102261085052,5.480066406374593,8.309834892400197,2.1206531722501074,3.254358595552445,5.020855521681711,6.0001561766140545,6.724628305063284,4.360173286800094,3.544636605452516,4.299217613373504,2.0053752079485467,2.752386232105464,2.3593824329991175,3.8812529830156963,3.6804271223423126,4.850252517353694,1.5492358759405684,-1.8929715529317614,-1.0313242712126776,-3.0787200281681524,-2.8265231901269154,-0.7779687437285076,0.5537315842507262,-0.301888520866627,3.559891278558512,6.4058476504030075,9.36101480348575,8.756672849598699,4.822040359116646
4.1900101937253496,4.74686309333428,4.6606490764292,5.200957925589578,5.659311764587847,4.648255046917567,2.734834084264988,3.8599594536446666,2.88419250843291,2.7364189279029976,1.7286504518752492,4.654818342591915,3.616071099910996,4.38114947943144,2.92725681401608,1.8318022808321017,0.335015048635483,2.5520619109835194,1.9176976561745074,1.9678539371302408,1.0819716906523096,0.09582557531281295,1.673487862087966,3.5400181863834304,4.010270234229534,6.212508096844098,-1.8412710736294635,0.02132394832903504,2.0366849655439903,8.113607902397993,9.0029005359336,9.272240055161953,10.289430909433008,5.308511867418988
4.331554108948044,4.967881958900634,5.40080668418502,4.493681400724128,3.085151870591702,2.4001791886494246,2.388674543891423,-0.8155955637126096,3.5332731100201427,4.031341040794748,5.6192558106264565,6.734710414946218,4.184971516853914,0.7387451566701487,2.5896065692965125,0.6121442473704575,0.9531508118597537,1.4173137456918834,1.7004507188966973,2.743769811251249,1.626956739940895,2.7274937240162322,1.4149332473871776,3.277634662471756,3.345181021704688,3.5486929012953388,6.484777835276583,2.033558405807874,6.672116769444983,9.053504537346143,9.568910233216261,9.089332625160013,8.04910289045622,4.833177111525828
5.135125541673848,5.485208911354539,5.381454877046479,3.5792308062568488,2.082232871789351,2.7386633688086723,4.229106963858038,2.4436192087336313,2.1442391415155106,5.244675247775989,6.288807935503841,3.7154230290670776,6.1390506754105925,6.198760960197198,2.274554371272651,2.867122429645804,-0.6673293290688853,-1.1082118662780815,1.7489765710897824,1.6837833479074453,2.88981558401824,1.5906501421657249,1.4707841567237747,1.8831986791360158,4.6262155717583235,3.317766976824443,4.9808165231508665,1.9617073213123069,10.514551771161276,10.282454318649688,8.568559831533985,9.710957114066138,6.239125038916557,3.0468067137175154
4.413613857791576,4.448417010638526,3.794971261641039,3.693688995799111,0.9505368924995252,0.7683608898529884,2.1119333426475104,1.0944506741645719,5.913349380533583,7.020294255386613,5.410285552042434,2.3151238743698035,1.9006923039825179,4.605496913223181,4.88075126774794,5.019868220768338,3.9293483152738715,0.876226025372968,2.7601331338143242,3.618149065283851,2.1964635268696164,1.2417673902038033,1.9029196718953778,6.296347376082527,5.508254818868571,6.256027917080356,3.112167822260501,10.151159317791983,10.213101314151631,8.281850745067972,8.574752883925493,9.08101288248088,4.064868147066386,2.2127427408249356
3.134514166400233,3.7817314856496362,3.761687125352056,4.6853512547332,1.4177254888155622,-0.09952121637991236,2.7247241959828754,2.405767803823581,1.2027796007336742,5.736173904571341,7.769223808344026,5.237861906913452,3.483493595715902,3.2821244053592804,5.620103578079679,4.847976828573132,3.839293626107883,2.2283431932640614,0.10925818196816861,1.018815150704554,1.105670206353794,0.4868952798647513,4.981606467608734,5.77082019895899,3.336880324183049,0.7705173962565304,7.795719042572909,9.131643016358849,7.946738130059543,8.061451126959906,7.498374627530347,6.017204932344028,2.3553373060694036,0.971492888039762
2.8521114061400707,2.480675777761824,2.332762568367331,2.346132697534079,1.469752297921879,0.574180230648789,0.3943020073208842,3.786545255082455,4.38225291933282,5.1014105244635255,4.854857909800171,5.1511439233614675,4.671794930502607,2.182552956236834,1.9204286754040059,2.0954884907695677,0.3042068988305721,0.9640218409874529,-0.3340486054631596,-0.6491620503078128,-1.3271388934653465,2.938490893830378,4.40326983537622,3.618316645416197,3.1345664590982105,5.44741537550402,7.580151232555097,7.025647678537469,7.719670687891679,6.468525712583861,6.505053699172466,3.8420374567549382,1.2178620329817456,-0.3794489714125484
4.800523596417876,6.062226593612269,4.156102305877052,3.245556224744582,2.5275494282823434,2.2598615430753295,0.5040482733377853,0.4229023550633689,3.1157398205334528,4.127968276809328,4.901589332016361,5.5112492369905235,2.096151732057509,3.6501520662917466,3.8156933479162465,1.1022342609055429,-0.3720868358599718,-1.225614512410895,-2.4283865369299287,0.6294097035574185,2.1372997500128053,2.6225175885378977,2.93903834242048,1.8387264719119665,2.2346049392725775,6.3751774099451195,6.175092891318091,6.441475761859476,5.405889162121732,5.05304282549795,4.226523998918428,1.166777928126525,-0.36935018450936524,-1.624516401457646
5.393258284817618,5.056419264791043,4.4462904083300225,2.9104823850458144,1.675725810244527,0.8430086450240459,0.9017834325403412,1.969509145417716,4.20961451127551,1.629712442572885,2.609907741944834,3.495175629138652,2.3576547402148114,2.828935533723799,3.5309548288337718,0.9185892490119248,-0.7656693547123365,1.1129379602415852,2.3010400287666974,2.4202292486839854,1.9415546130835182,1.5605555662947153,-1.0413586768623566,0.4471509025554295,4.039213285398061,4.021349285798849,5.377668482744805,4.440344599690959,4.599399067956344,3.838448751105197,1.6228180606249423,0.02260887187049403,-1.767260312169311,-1.8457682297437468
4.837299253527281,4.6390595373413985,3.8490649241050705,2.8026334731782407,1.7996177657244046,1.6102576541125306,1.3029586915036506,0.49647180633650195,2.6172834573954535,4.102058697333132,1.637511822499029,0.5847790312264126,1.955106525979931,0.15660485405837207,4.478722650475624,0.935968534088391,0.5348776058043909,2.6078499569769744,3.2478222126069394,1.5159930566280375,2.7195525015265924,1.0823427513736892,-0.5743043575833101,1.742947697227654,5.493113065951308,2.4369558110055376,4.744368752061905,3.4488591176663146,3.0649749723253272,2.1718896862227433,0.3369666265968739,-0.27116445975678055,-1.4821442580943762,-2.9498255950067924
4.080205072319817,3.516398457953409,3.182122096912544,2.5231406365608287,1.14267612458161,0.4638068323269581,-0.2941606030976302,1.1366021746692692,2.8330484801162625,1.6350279705529012,-0.623857141684917,1.4697051995253911,0.9832624270612421,0.22975187235998953,0.5214657584624626,0.33698662779555705,0.19489002811903472,3.689142825218288,2.718209786911858,3.42382852354637,0.6467347897764111,2.038603838310894,-0.40634000357389016,4.725544998302886,2.2754002070546235,5.767392119337472,3.358545875659175,2.010362128475212,1.733878639478027,0.8234383024691868,-0.8010512929897695,-1.4568531367701447,-2.433284792997743,-3.85039581298726
