script/wind10m.json
{"header": {"parameterCategory": 2, "parameterNumber": 2, "lo1": 6.000027932988019, "la1": 58.9999434238085, "dx": 0.5, "dy": 0.25, "nx": 22, "ny": 24, "refTime": "2024-09-02T16:00:00.000Z"}, "data":
[rows 0 to 23 of 24, columns 0 to 21 of 22]
-0.6542078722890832,-7.083251336389067,-4.7589457997911495,-1.3172504673160579,-1.213682948659365,-0.86793256176477,-0.7821621995643385,-1.4125685261728314,-2.727979609320842,-4.9887981582007495,-2.6058425439814346,-1.1769601255789301,0.28362431332571836,1.1715342857555018,5.12615810066047,3.63555804296659,1.5707294000767091,1.2105726598180493,0.7584536678223448,0.5063120839076583,-0.16245468602301882,-0.8110649833462101
-3.8666314365955756,-4.023403065954756,-3.094253566561941,-0.7079900234090106,-1.9808811828488286,-1.1634738439974424,-1.4855923091719003,-3.85993280543012,-4.23425227636208,-5.04610114242926,-4.3483044216059294,-0.9498877805979238,-0.7438657777278233,0.8586711741187603,3.684836739606953,3.645432651774608,0.7641335652468241,2.1645001175213276,0.49501960244136844,0.37712649493257,0.21192222445274078,-0.3970144083051837
-2.46956111922346,-2.096905405678595,-2.385476920099408,-2.310837317856725,-1.9186564499678451,-1.6467390761003609,-3.3947715170538015,-4.007499128054459,-2.192869039975876,-1.2699213154680677,-4.207349300661828,-0.9138924002639167,-1.1016033900957412,-0.7964962577621476,0.009315836022545996,0.6767231923798871,1.3869491566344916,1.8382622373814501,1.142893712872063,1.0872837626310148,0.2623378636566508,-2.258706851804893
-8.109003480544168,-3.522108898815377,-2.8153969307056914,-2.031692238790691,-2.3752912065988676,-4.373032744650826,-4.494067196857902,-3.6907221847484593,-3.1323503448861536,-0.798840909543302,-0.6551625561911768,-2.1039480435918234,-1.1034902972694416,-0.9320360031556586,-0.7448663036577495,0.33508274869359295,0.9921832200338878,5.337607543615811,0.7511819917546464,0.39386334714745497,0.7058336029735748,-1.8609148571618799
-11.88591173594496,-11.599933345248662,-6.391870378830407,-4.123936144686048,-7.993439789120062,-6.416466673785859,-5.773271965936261,-4.077515958316725,-3.5107763580960607,-2.4413302012038036,-0.6430209476052428,0.4788853274801062,-1.3247562355087883,-1.3248461008194687,-1.2728494751645159,-0.6964392496179205,0.9837302953050424,1.1720550313541147,0.7769623520232167,-0.3234586259308136,0.02927550849156925,-0.9273004156089679
-10.114090648793463,-10.48905306545936,-9.996436041303182,-9.090078626297386,-7.48121884420391,-5.851300699394717,-5.080057061041266,-4.953196249852091,-4.558358235194283,-2.985594078848936,-2.749912824997527,-0.49057636027511836,-0.3518228050935334,-1.253970998321986,-1.2693459138957943,-0.5767097690205114,0.23742990672920714,0.47054268497781254,0.9594369887722515,-0.5731001982880048,-0.7477518060402297,-1.4372803935658987
-8.161768522469375,-9.262308315717293,-7.802174829000808,-6.750650791568606,-5.961106574421773,-5.2167517699317845,-5.9293293099863185,-4.952748855480768,-2.523585516744536,-3.8167630586683745,-4.010319313059123,-1.8501093150322427,0.17178343448321687,0.5900388938637497,-0.7648124623351328,-0.5545143859721915,0.33523026503640313,0.4752929282780203,0.3987858181360503,0.22440272229579622,-1.3217613478804024,-1.4160455314621896
-7.4857663032208555,-6.446359969240822,-6.276866173696141,-5.368761496883904,-5.082313854812233,-4.993175368427924,-6.128903461121088,-4.426977510282999,-3.1488362551261497,-3.144334568499949,-2.6128981401072915,-3.915266011887679,-0.5060638180226784,-0.2918076779433261,0.16546080569276445,-0.2112472891120994,-0.36195406774156363,-0.2985578385725481,0.3276318278422821,0.45754432694111286,0.18665557667670865,-1.5764539574745762
-7.445079177786833,-5.994184006789161,-5.110995871445168,-5.320593800541401,-5.4616488154421665,-2.657824840043432,-2.814528931538983,-3.594245562471782,-3.235439646066916,-5.972037274128399,-5.5405524529760815,-5.142744350262073,-2.718446669362917,-1.0949338944264144,-0.44640188205106496,-0.19662708392049194,0.6372361754362577,0.15677205978417574,-0.2204079543586295,0.20139031508827074,0.4673314336290241,-0.21184312842137878
-7.343784081387352,-6.652995309685031,-5.7758528302412975,-3.743490186800169,-7.134892174264841,-4.626708952881895,-3.420460824818229,-1.8303013306732192,-3.4088468198239132,-6.833692533538613,-6.1197875360762675,-5.513779328680236,-4.681036490920452,-2.8462807910499106,-0.8653083041707146,-0.7451168210831692,-0.7009553337740133,-0.15842885547579147,-0.22307690434398691,-0.2850352161352557,-0.5325361430529132,-0.09033062706621661
-8.486469768396566,-7.6048627150423185,-6.779427440928841,-4.547499237382129,-5.318805451302463,-3.563927681461809,-3.1342460283374467,-2.1777244642766838,-2.858897843555257,-3.036777297970212,-6.917686348362508,-7.093739509001791,-6.72280305939845,-4.134568533439694,-2.578473318509805,-1.5880951789250948,-1.08835790722077,-0.8342432151467336,-0.44295965354683153,-0.14205580668222564,-0.9886386645156756,-2.3505999786548473
-6.63734402154696,-7.888603658268025,-6.695368101056169,-5.391965764622142,-4.0293711334084374,-3.0194501545599866,-3.098574817516088,-3.0445834649076233,-2.901554681620125,-3.7865097572867232,-7.3432922139780805,-6.287754497742446,-6.411874496338936,-2.436435978160497,-2.2789991708159003,-2.0785524877860313,-1.5908612728787865,-1.411458473864325,-0.8941858453967019,-0.8772077346777077,-1.3328807394205364,-3.027266435408731
-8.791994693105956,-6.071451341578327,-9.251448989679712,-6.830530713683338,-6.529406051165135,-2.7173318116115714,-2.7426004871181577,-2.5307840181467913,-3.0784717363739786,-2.878697857965312,-6.547725503005237,-4.636951767987407,-2.2550447516155097,-0.9143538568549258,-0.5043359524078227,-1.858009633759048,-1.9703278522009207,-4.736508039209989,-4.265176292143336,-3.7118286018982385,-3.6462570441352447,-4.819627300915237
-7.8176449651315725,-8.782728389546913,-6.973722499382741,-8.127031307076305,-5.925005128334108,-3.077447615332403,-2.72664015060383,-1.9144884842287626,-3.9038527508180647,-2.517307465251994,1.7271469512057582,-4.379501484076115,-3.3403048961488997,-2.301448448665665,-2.1831274252020667,-1.6488836326396434,-2.22657883818055,-5.617762467779636,-5.208673951221545,-4.607908847573108,-5.339210125929334,-6.08778441687632
-7.225279872505663,-8.89428004339426,-6.952380549796395,-11.491175740354405,-7.884642166537379,-3.980757196925686,-3.6232652127920852,-2.32029690748139,-0.8383060565929048,-4.664151653008944,-1.789828330640228,-3.448780910322447,-4.0827630338952074,-5.036078002608199,-3.7887127239259724,-3.2982211321721113,-4.1958006656870666,-6.998897530537464,-5.9190814097748135,-6.332835691002768,-6.476623650731413,-6.922563123831374
-6.196235346305434,-8.335456568941707,-8.512836368685345,-7.558192326617856,-7.319433191576299,-6.10391215632717,-3.0443178809734937,-4.398295220784294,-1.7187848982665124,-3.068153835891224,-5.35032589345941,-4.116669416283673,-4.264143150685742,-7.034816643991425,-7.0545875723239355,-5.7040485758370405,-5.979731217840246,-7.830721112476549,-7.189860708144281,-7.185539199478688,-7.005980520224099,-7.422089170691989
-4.490595524406581,-6.249868719856631,-8.919454307293485,-9.355847606657521,-11.626068275304897,-2.7002748555201164,-3.5939831029344376,-3.1773181716192416,-5.253701422896589,-2.7479456302962264,-5.645870366730599,-6.5408339638075494,-3.9685468466557094,-5.736306218612273,-7.5169469993803535,-7.114325742087411,-7.713136757745365,-7.441047415635907,-5.255238499810004,-7.815386869293752,-8.172707451735272,-8.690785160711732
-2.2521937855242093,-6.0028046792361485,-7.361329020067344,-8.254897081432668,-8.494370918071036,-5.8196533508317545,-2.931322329797526,-3.5206780360560113,-7.2229598409843785,-5.5834736690250555,-4.380940652416615,-4.270540434749965,-6.112326408247262,-9.001529466787694,-7.652787169697607,-7.6921984408511745,-8.552594129686511,-8.693873340789223,-8.363962135451684,-8.396821379906013,-8.888553707478172,-9.353929457457594
-0.690613522987931,-3.722182482216156,-8.384233473485764,-7.511816207502554,-8.27060541287589,-6.419406128905753,-2.923808759025358,-3.815968630942208,-7.074482427984306,-7.697119903542091,-6.316969490053446,-7.278050497435466,-6.828940808617861,-7.7102883614394235,-6.571358315828627,-4.865428744076933,-8.415195571256893,-9.143133047434125,-8.884195334327726,-9.102735100060514,-8.81020384999827,-2.9833985329752335
1.559721614171947,-3.291999919188366,-8.258184500624212,-8.479260171410758,-6.913764034980485,-6.694506522900747,-3.715701030343992,-1.710488779253857,-2.7430372810989874,-3.720098183508786,-5.253367353003578,-6.169962888940712,-3.6116063206239115,-4.577028314379112,-4.095805531919927,-7.565008080028173,-8.08514064968826,-9.384679796146315,-9.216734631702565,-8.3063915838625,-4.367587137985247,-2.0262736558153414
1.1407193848764343,-3.6551739069241296,-7.393678774434028,-8.046398585406852,-8.604589854305578,-5.613855442687013,-4.5036061027003225,-2.5732584634772744,-1.6870844364291129,-2.849788250308808,-4.912844632671161,-2.918772259239481,-3.247460445160316,-3.7398801495394363,-4.218487991843137,-3.9226705463234937,-4.5619916130266285,-9.083960607996655,-2.908906186726357,-2.214688278892903,-2.497691749368454,-1.5831105757784647
-0.9630346667176284,-2.620522621150176,-3.8082252524344185,-5.706737429424475,-5.08394981554816,-5.79964198310366,-3.5379017942578384,-2.308254831953904,-1.8897697731055454,-2.7116881494584226,-2.5869507688800066,-3.022580745737553,-2.710194780423398,-3.066652719845417,-4.464718190373418,-3.3976470604948648,-3.1816672424229857,-2.6444737731368275,-1.9428162571090712,-2.6600180537516787,-2.7010607024521893,-1.9416982014577457
-2.6789084495828486,-5.0176361957417415,-2.9781463183340016,-2.4462846376366936,-4.6152497062316185,-4.08477107347722,-2.0252083135904058,-2.0452773636006674,-2.92941275214321,-2.9728766193023146,-2.161294660216337,-1.3058907357061673,-3.5128746241975692,-1.601152493634618,-3.599884938131751,-3.8553175575691654,-2.445493595901792,-1.1328780513461048,-1.9143593857748051,-1.98067500462343,-1.8483299610212995,-1.3051960257649702
1.0924505823347028,-0.6434228988447483,-2.9364919747341833,-1.5787612418944326,-2.6011540728663696,-3.968937949044264,-1.4639120744634606,-2.50665883591665,-2.0406063703492703,-2.0942077224511793,-1.1923300520019777,-1.734509704792485,-2.4020860769044856,-1.7320065452053983,-2.5302395444914327,-2.8048895296133938,-2.7417248677985113,-2.3198965398904914,-2.465272936926347,-1.7040739945593,-1.7501012179591096,-2.650929414989265
