script/wind150m.json
{"header": {"parameterCategory": 2, "parameterNumber": 2, "lo1": 6.000198445256149, "la1": 58.999992894266676, "dx": 0.5, "dy": 0.25, "nx": 22, "ny": 24, "refTime": "2024-02-01T08:00:00.000Z"}, "data":
[rows 0 to 23 of 24, columns 0 to 21 of 22]
11.322542938580918,22.843814153571984,17.351967165588434,10.31486361254033,12.84948641255741,19.85784872567579,12.56984352627688,16.5736713797468,18.220471035271924,23.625928671237872,14.507385782473577,21.296459409801155,23.48094974125469,14.843758604222021,13.646962290997948,15.490716472453007,16.716632871769477,16.18299961849091,15.892846958010818,18.714926135781052,20.3665292044147,18.638599437967088
12.12887848572475,18.191923418967928,19.388530811609677,16.45173561778591,13.338276039782782,9.810035908787874,17.356011436376267,14.221863070559191,12.811513738593172,12.849541802949252,18.16359434564268,13.995132817881686,15.246057985305562,17.011821745661255,19.447028424088224,11.420507744354998,17.20471761437953,11.311646734656634,12.557558477458679,22.698648621752717,11.152581882009407,15.773236163247255
14.850070747284157,18.502193675254773,10.314741651690122,12.703559875392797,16.767654676410167,10.317628969001575,13.632024840149862,13.573377219947146,16.747171060561218,15.465283672091891,18.9761630139773,13.411708340082798,14.710017851291237,18.844063087372593,11.730945714986781,13.415568464420149,19.275993375636375,19.80586405044388,15.05916319856186,17.297316567000934,17.166484726493675,14.881966756411826
14.126808737425913,14.945627795350463,16.945511397166932,12.11621420053934,18.403407485159438,11.159004879171336,15.778535499654728,17.761189893339438,12.618385193943661,11.104567898789272,9.801096886742425,14.408773086398627,11.486267594842769,18.469471139939248,18.519598473404898,20.361845961631644,12.425548040316261,16.534859173925636,17.814068256045942,18.573199268574054,19.654242632672403,17.252516979344943
14.278113674395229,11.170751937805047,15.585053790732035,12.224711977677778,9.20258320925246,16.953459206746146,20.17256842970865,14.237220072307716,19.265171022223473,19.00894380970986,17.87640194296155,18.573972315164113,13.502756979038269,11.205289448085905,14.111017169361494,9.89519179150111,13.20130356330572,17.864255467919552,20.1440408540916,13.829307103266654,10.97892909782992,17.22606434908305
17.109101782953193,15.908741623481834,11.601950752958418,11.582323245556134,17.79475903809822,14.66048669192318,19.898885026074986,17.413314075413805,14.624878863223104,14.387282281096175,14.936112519830765,19.260602960009784,14.934229013282351,19.253597573277894,12.87175488295837,18.82032636470191,18.09541641873774,23.561908248587685,9.284431183412984,14.168043492324665,13.403599975410485,21.26648530342533
16.561325564543388,19.5451904632479,17.08423436986813,10.404317024243836,14.430930626259036,17.754183611876957,14.329794572480782,13.744578746093852,20.898900469415285,14.856472953237235,11.583530785770952,16.356372033282753,22.769641795887782,14.163944858280475,21.41552224269746,20.171195208065786,15.247054825591814,17.932285555936943,10.070774559901375,22.711398224285833,9.547918733377411,17.304557212209225
18.01472578642065,15.775224518353909,16.903306058605075,15.99487957313173,12.817096008780071,19.533798905208428,10.305309248269808,18.332789736968806,19.74195297192896,15.015954676769192,20.036558841262355,17.279218873314306,10.78918690954315,19.65215469245405,21.2156615603343,17.41950044664401,16.29621064700267,19.653167803169406,11.51693220211743,13.413018710271967,11.823098699921083,13.33366986831611
12.964882678170689,14.373264368978324,18.901763071032274,11.770485705063438,17.44322795753863,14.122190261487836,22.60188101544536,16.907018971336633,14.507652953972842,11.88371498283309,12.289781612347394,14.788965547042274,15.960197150587069,13.946407243783069,13.36841967814376,24.30211284131448,19.17853441916886,17.52160619737714,21.87874883634761,18.785323130201252,14.51209216342485,16.6994168866728
14.017267656874319,11.907869113281063,11.278434694323403,20.390089802694625,13.425892155048247,15.362838832410352,20.26951111886062,15.338995428210826,19.938083586975875,17.678278296120933,20.344516931960992,15.761138021714157,14.199439854602707,16.01715685637178,10.594647968890099,9.677011666343414,16.029394213337948,24.73607166427221,17.426551618773463,14.162006294182431,13.660648724123766,14.039240483795403
10.600191612290994,18.287407717195748,16.86641550114904,19.734639355940327,14.555426832769887,17.089548912931075,10.980032866625164,17.236854903120705,18.029517100615713,14.26229853062496,22.84243657717282,21.08546135362665,20.42505674020508,12.897560885706405,20.705992433966387,15.08576390008609,11.749448753492441,20.168909180549605,12.570971987701265,11.616972107743013,19.849583446821033,19.38766641713104
11.853256100612557,17.273461454533287,13.438576080460562,14.932195089803361,10.798331586943192,17.06094251000331,14.515404756989268,17.511905080615712,18.116727953629724,17.423042727050998,15.393306959625752,13.60232248004756,14.63656056696926,10.428437020724646,21.336537764907913,13.599939008689134,19.08963817874347,18.745747538141046,17.811503489604227,20.894143776374495,18.050718369081974,11.732766436884955
20.148439558076156,9.986806973841842,12.703113104513937,23.362702872812132,18.760592601469863,19.752335196853245,15.74621151441585,17.55198231445529,19.13312753507044,20.409040483440116,16.84399104144316,18.81878878213378,17.898018336402263,13.229598690350134,18.221087300118906,15.123802582133344,18.78554939827806,22.189280740684534,16.974604866084224,18.129543261277387,11.25509190925989,14.01549586439382
17.034446280391048,13.360583573344714,22.273528195543086,15.895468300765186,13.687334917309448,13.165751193146448,12.082028401185022,17.496336615822916,14.866999909266493,18.1009046014408,14.144116107489763,13.143523174083663,10.567532223252353,19.370618378607187,17.352296810867053,10.871577428068944,21.25138667371738,14.427191019068323,15.668533801858409,20.529911119583144,10.919518534114632,17.847045805931714
18.77166557182527,14.090911467568397,11.500292570107035,18.55275358545158,13.577350572403546,12.14142625318721,20.26454654998002,17.960258463015396,10.281442905387106,18.574457966828923,14.711257734449799,19.49687041168875,19.358011408835505,19.040711260126184,14.146584530484219,14.359578084613934,15.307233529873395,9.86454135718137,14.85014260959982,16.058398381892843,20.21927785583419,16.499546812594794
22.955437340569233,12.079826794492202,16.48670724210626,20.028730518349835,18.150914641082867,20.577275133856965,13.099613118397663,26.940009222034035,15.923841593771126,12.133708142465613,11.539064368106109,16.027565146073854,20.46188360086877,12.488847691040704,17.68231558065908,11.541232149941683,11.876746619167694,16.982816012767156,17.75592669254489,13.754504041441475,17.33228433230821,13.948697908779327
12.796436931018405,16.525959713176906,10.303523539708621,16.462577241579716,13.80054082774452,16.979355761045912,13.603459342599406,16.89661783075619,12.469623254178424,17.06976685409467,13.769344436257143,14.836189542009777,10.70917764262891,11.0420560030889,10.720332604190157,13.627998598798374,10.528261914971523,16.38760861858647,12.836911995918229,19.21615983953505,15.222798230853716,12.78063257169049
10.895562459784964,19.972380086307467,20.266248057237114,10.0260130117194,15.444523008474729,17.98005815535289,15.950175255135202,16.545304113073552,19.68129755479123,20.756348329539126,20.459935786684404,13.37998301573001,21.63759775277001,15.209644602963689,11.284758589665826,14.59735055463893,25.315319232625885,20.378803924264137,17.089121986517686,13.818903317869516,15.137081847604444,15.925784296462442
8.311574349937775,12.201800864398274,11.380117611932489,17.058275382154566,12.008636077009667,13.234750521445198,19.861937433147318,13.728889783956582,12.763956638252754,19.57646743764987,18.126435430987637,11.796671301161476,14.222074476270176,22.029328489166208,12.35732505106427,13.689833779118063,23.042373484772995,16.89201477767019,20.28303401776812,10.785962236632727,14.411920096715015,16.055489924406498
13.925316679187372,19.507495067044744,16.868720874544056,12.016545018423397,19.428838721459286,20.317385931972428,14.00748176274933,10.629805392506768,18.894720207801598,17.847022114068775,16.546437894880942,19.6110037293193,17.679842020604625,14.896230862436424,14.891225326112528,13.858776461792392,19.592717640804153,25.130264929109682,11.611822803678608,11.154451037544929,11.974765712656838,20.409780208750554
15.213656934990615,17.560534254239993,12.821556275426548,12.677077699902917,14.976991487295582,19.81289267260019,18.178506031586487,22.111273640452914,12.650642841639819,23.398414619763184,14.432866490235481,16.499210909676844,18.38511093743984,20.47571184468999,13.401198836649185,19.427312475420532,15.474447596602507,17.83475018651757,15.504353616754443,12.255279657700527,11.979886520281672,15.537609785403415
18.693949416800937,19.16167617749191,15.079179984051361,13.205235149242556,17.306914611863895,14.310437311916372,18.72425296939391,19.110483257662413,19.19777257552561,17.0934037009586,13.233457112184057,19.978605909771247,13.210689559098446,14.779371976032863,18.396141685400625,15.805825538620622,20.386911716493877,24.909396209617505,12.449747222171624,19.562452686036487,22.410900740964802,10.694865168496769
16.94776769965119,14.975002103250542,17.345478466477037,20.364250372125394,13.910320509091196,22.164011115970325,14.04063379025637,16.964666684923767,17.770257615756584,18.08736052304206,14.3570201928685,16.681213706808396,23.866779460157137,14.192696344752017,20.766648378698388,9.039051358302402,11.787618672193227,14.909163315798429,27.206727188480887,19.85415667761368,12.846269595393986,19.970293917737717
10.629298253125206,14.617348380101115,16.267894038442243,15.356627238755063,13.322265508172771,14.348974654774507,13.190400122059197,26.092732473760442,12.907073828781867,19.253026993282866,18.766322481345156,14.266259439490883,19.667649568643185,17.3832222130522,18.743506394182074,18.6662780373582,17.971341790823537,20.37706522025569,11.527395452757503,9.558042318062666,15.76731224606463,17.81155461014194
