script/wind10m.json
{"header": {"parameterCategory": 2, "parameterNumber": 2, "lo1": 6.000027932988019, "la1": 58.9999434238085, "dx": 0.5, "dy": 0.25, "nx": 22, "ny": 24, "refTime": "2024-07-08T05:00:00.000Z"}, "data":
[rows 0 to 23 of 24, columns 0 to 21 of 22]
-1.6217332926429684,0.6333976177056443,3.2839201953961332,0.1686156856230338,1.2490104998166587,-0.9502545007212291,0.8372946595441942,1.4175446580661275,2.9303620814358893,5.357501608193772,4.010015170418559,1.0223567389125257,1.1132391617452018,1.2659366665265657,3.5782936621315966,2.4717032166578994,1.6151932953615074,1.6598530235967994,1.6212817188578215,1.5582630884456088,1.2791976863261543,1.461733293929306
-0.8504001393042078,0.311092452596267,0.9475858106802989,-0.9526319028124656,2.1091820387440405,0.5084007342892853,1.282506201633418,3.6531070149086147,3.6978377643969824,3.9262695859033605,2.809590629654581,0.5879932536011879,0.5990134327748203,1.6355521486466933,3.331552745732864,3.284858259099381,0.8545500119566264,1.1596422730409492,1.7584384352250428,1.2251032196736782,1.4619738976039967,1.6231326753626525
-1.061732993005506,-0.6021325333851297,-0.22449491621728962,-0.5342720684431436,0.7788326447387014,0.8823716022745863,1.6545527687528296,2.5530352636583897,1.5796881381441303,1.8785679148642023,2.3973041641056443,-0.43765264800947723,-0.4164551528803374,1.5751925685566686,0.8321611279538882,1.1761064709234315,1.1132567333351775,1.8545170254439733,2.0622791461445646,1.304261380059,1.8004283503739142,2.1989506221439497
1.9140176437729204,-0.6236291305219914,0.2590950792266144,-0.2773988871610605,0.2616499054816749,0.6281890838058423,1.105867706584473,-0.10051071015897807,-0.22508145229960105,1.763199437237133,2.0987975681148026,0.5764900061079983,-0.20489403245580012,-0.31922390526196537,0.049515784452762814,0.7628454259768997,1.276435781322223,2.2593605010635063,0.545416619962556,1.0891458665876017,1.1785300072188787,1.4326880942985014
0.6835249846655236,-0.85478692977003,-1.4066945950164795,-1.038022507951005,-0.6160693290297741,0.7762526075707182,1.3995103136951033,0.49737723242744464,1.2890193442441382,1.6729548820762923,1.5002740792872733,2.1479116037602055,-0.06969973323055513,-0.27393800170434945,-0.04328842300806876,0.46154540272070455,0.6322649292268067,0.7330106598355481,1.1054433230178897,0.9543982867427503,1.216120035421444,0.639207431598906
-0.8001609625154605,-0.7049514750053588,-1.5416012558222436,-0.18435627055368983,0.6832819473993632,0.16506145006377343,0.19180024904834722,-0.5000532677398482,2.8615673116754343,1.1538463597875996,1.2585618623317787,1.4395690628612146,-0.09968244891565421,-0.45351934053010046,-0.055735364039789945,0.5129050950886579,0.252905641316963,0.7946202756328687,0.6422533017770133,0.6104146241422382,0.7219273959512281,0.7998369694921816
-2.336191209180073,-2.2782148225300225,-0.7266915749678283,-0.5329452332620931,-0.3053441104750686,-0.5013852253086768,-0.15620668333542412,0.05453453354550345,-0.43818762749563317,0.19692535918833615,0.7542678582736304,1.1039917014546534,-1.1288897505193374,-0.5894787604370013,-0.17743162933660703,0.7063282341363321,0.8136927393440607,0.8197880392924756,0.3534350071831661,0.3803381783000597,0.3122185317069024,0.6593898932654545
1.0629470349579049,-0.16808122490805033,0.8525554765163214,-0.8375717653599303,-0.5034796487254216,-1.15325295475612,-0.7739924760609656,-1.1298219869171986,-1.0203929271768823,0.27495410912822443,0.052282958002964626,1.1452964031739488,2.408734268816195,-0.5475296619693008,-0.24570018716433306,-0.35031540393825694,-0.058681759256635796,0.0040640536967405435,0.3133065220609208,0.6056811341748292,0.4209083905851436,1.460356643676047
1.3361478658111368,1.5294432605984867,-0.3714637475631221,-1.7985887137034566,-1.6516050135117082,-1.1587588529253272,-1.3005348352598536,-0.7928634401101468,-0.7605818374885807,0.8178517783101454,1.3345160681920305,0.4396019296687849,1.928891899816774,-0.9732589761034897,-0.587978014005116,-0.4446399788714629,-0.22648865799088708,-0.34254087968782143,-0.1385759476197599,0.8032843255282747,1.156042482281907,1.5873546543380883
0.7126333474309426,0.5498114235549799,-1.0283252263586917,-2.451547896735746,-1.4261269795629612,1.2580323778137934,-1.1329309496088953,-1.1102171469454136,-0.34763049291296444,-0.6257535911897365,0.5435488515240253,1.0959859802531222,1.1660148816820355,0.6272076408078932,-0.8576233564735029,-0.4882529872254409,-0.2637871132071152,0.02315944364389426,0.3120157838649909,0.3529771577237191,0.762381823875197,1.2269746546902274
-0.8155908834388541,5.021562565837264,0.39944084886280706,1.7620214235967633,-2.7069586439559647,-2.0285128966274115,-1.609509942298603,-0.7411817964259765,-0.9453047808428351,-0.7850612082935234,1.7325215542784436,1.2605698961720222,-0.09871566672929821,-0.6035563122247052,-1.4615120576063845,-0.9644947637363068,-0.805252281737208,0.37370619558427626,-0.18981293434140387,0.2430264587367383,-0.42262768527415223,0.041818363151705375
1.496361939169388,2.2107095173258346,2.042776983573611,2.5675667944455003,3.4983883892700764,-1.7820151441277885,-2.094418533605816,-0.5989966468447594,-1.112051008421786,0.20373492931244458,1.4370429955949984,-0.06511814988572309,-0.21350079085673224,-1.167403231109179,-0.27237129376707425,-1.0273073395519177,-1.0189525866457585,0.21496721136048452,-0.5898326368749768,-0.5283291559205194,-1.0071530132243238,0.4163822391097422
1.220030771922584,0.2548784582079692,1.7560559074769462,3.178349301214653,0.5762856946487511,-2.812760911784014,-1.3487719899696493,-1.305034155342083,-0.7275589052913191,0.6233494281243422,0.1750549972727456,-0.5482597543501078,-0.7616893747447575,-1.2501361951471155,-1.498330599230603,-1.6511622438135891,-0.9204164792733871,-2.3907870324374807,-1.3176922072338337,-2.911288069346203,-2.8830760711048726,-2.902236146012484
-0.6550651719625916,0.8384890850077261,0.5490811688948347,0.22913499976995857,6.631711006468401,-2.019543922394703,0.16317458849978414,-0.39735745182955,1.1358491549759715,1.951180868711775,2.1376813099399916,-0.19253721718253886,0.05713386029069413,-0.7806103046175159,-0.32312862192515507,-1.6895146568219819,-1.4143288495842516,-1.1004085347404187,-1.583665906034317,-1.729909402710763,-0.8527067228969547,-1.00183791223758
3.1830143830740636,4.348126417143663,1.8638286666126962,7.7454174134722305,6.462102176668517,2.497504791733895,2.3935069221041645,-0.636247799970154,-0.10673161751146847,1.2159024156955287,1.5084472705819583,-0.49552254377302407,0.9584761534809365,0.200566758427657,-0.6645832404420559,-1.4032957739853182,-1.1622003050443395,0.006182740873707074,-0.5133930917589584,1.3359696231746618,-1.1297665950679876,-1.2489628211127852
7.476258518772083,7.408120536643325,7.231532220456033,8.509544558584853,8.881050809047444,9.343468150181675,-0.45879394987304056,-0.7661758501856976,-0.1400081732116729,1.2718321468668614,1.277575160230555,0.177451351448791,0.9162379430690061,1.9979701438718964,2.0136544548387194,0.6536976624714476,6.87364131976286,1.058890502008844,1.1857776034715457,0.07486909703672597,0.02660204357291969,-1.4236863852687238
5.469060475391087,7.000127643774175,7.841506226968829,1.862285728408104,9.007401594496656,3.2552470471006387,-0.7704009599045966,-1.173320410479042,0.1181259213040211,4.726576686874494,-0.49230337744398084,-0.6434752443132337,0.7744130278147663,1.653000766516049,1.4169827591580204,2.4648596562511513,3.6062247558050897,1.5434372401194867,0.9107187815626744,-0.19048829984866633,0.825100115799006,-1.0049209521469804
5.6828857616493815,6.112587620409932,7.201910725489582,6.611771410365906,7.110695324760291,2.4771347109090907,-0.21772965954666013,-1.124474229148956,-0.08338567535921794,-0.18291133372242993,-0.6216230495031841,-0.8667256550736135,0.6808694256001153,2.1607182577812836,2.0181421555484214,1.268185977385239,3.5681422439540342,2.4322975655059245,-0.2874033967637125,0.6323269623262532,-0.7186513465696257,-1.3827818320416163
5.331016547659872,6.699825454682561,6.7921089967379675,6.206234487189388,6.148918066288468,5.513085745396703,-0.22119505429072908,-0.18782250064822567,0.09156335415099942,-0.2350976082553138,-0.07222329271325699,-0.6855615359620029,0.03735998120168942,0.45302757435409435,0.608058650637826,-1.0298166652100391,2.1100200286772717,1.785488908910618,0.6085132743164112,0.05013777642731766,-0.7426374482785691,-1.247259488544876
4.811112140286548,6.271889406884598,7.499548443950156,5.294188933108769,5.553585792888859,5.955760591062055,-0.0905481469868538,-0.20556986449747922,-0.3853386293052514,0.3061035739907227,0.2705190595706813,-0.8214992288162354,-0.11328826197887586,-0.31962413692882174,-0.051150061976372035,1.8380799557390741,0.7943862273416928,1.0964938412239673,0.9479865820865069,-1.2869982952638501,-0.7292195148221344,-0.528401684472265
4.961134881228455,4.241290723617045,5.8134262995062835,3.9843265702878394,4.866542806795721,4.960766470024033,0.16717901853475553,-1.0168619859764654,-0.44056144181037277,0.3721035943352726,1.6715699691886732,-0.6111691297984791,-0.6878252565149029,-0.21252514786058033,-0.5008464953325095,-0.45402793559106913,0.8596496769549498,-0.13547232970802817,0.016143565919567036,-0.7071246156351245,-1.0129168715881376,-1.1079066547165513
6.2797898405154235,2.9920095541561538,6.4154401297561705,2.4667583584897326,2.7095921768773183,2.4967001173966628,-0.16496825474128532,-0.3529391420064292,0.16467092406765418,2.8656672705697233,1.7448809573639776,-0.3126112393572199,0.8425452753501067,-0.6817350660490462,-0.2728142925675687,-0.659721977105978,0.11372743265846293,-1.26798661126304,-0.12244530385120941,-0.8668838336291973,-0.373517999441723,-1.318075422618353
1.877845291651767,2.7989042126821704,4.344163562398542,0.9644387471746245,1.2908614246786339,0.7393507263258898,0.23770005971545002,-0.036597861551790026,0.19899647663628753,3.2218338472703696,1.960923581855288,-0.506371793232545,0.27750052777055206,-0.31514714754566014,0.7206413389161112,-0.8704458321240408,0.48406129854844504,0.31340105944759805,-0.9838502057240848,-0.45115888739401444,-0.6764812851451125,-0.8865853918877606
0.8149815916035992,1.4654600079114226,0.31480198741768817,0.5811849353348542,0.48356513017269115,0.5416139057406533,-0.5106794702661024,-0.4853740745340809,1.263362456305298,1.8634064110417583,1.3302952497027447,-1.146703334261174,0.24801632613685531,-0.40609312091240884,-0.6957782480697721,-0.7211072895315118,-0.07587822477929097,-0.5163350690613928,-0.9586071841203431,-0.7787057293984722,-0.45592703750730734,0.2383093181762177
