script/wind10m.json
{"header": {"parameterCategory": 2, "parameterNumber": 2, "lo1": 3.000054539987559, "la1": 64.9999836372058, "dx": 0.5, "dy": 0.25, "nx": 34, "ny": 52, "refTime": "2025-08-20T00:00:00.000Z"}, "data":
[rows 0 to 23 of 52, columns 0 to 33 of 34]
2.4632522530299954,2.8137599344219053,2.7869469101369586,2.5375555980407074,2.257189512322622,2.691388659015885,1.9889941929036838,2.549105449649938,2.691191010743606,2.048475503130868,3.060599818378634,3.06568818959774,3.295980555605104,3.300967857148686,2.8961391955688183,2.9943946296558344,3.2880988306114807,3.2456608671294633,2.5890681308551544,1.3858408574088037,3.5343863735979735,1.7598210770855915,3.3481119544037976,1.816776879877546,2.2078112508757095,1.1854936600399917,1.4094705058402417,1.8948431875631253,2.16065949179968,2.4243201510591184,2.0983100063567166,2.038774938387572,1.5876217719139987,1.9378469533385008
2.4042467590737227,2.59530656990757,2.5440196908870694,2.3782375806016565,1.8835927546556366,1.98682131612833,1.430974145252458,1.8371004759885292,2.1608811489488766,2.491855061938214,2.172691996168283,2.643050871941778,2.9734114030695618,2.666355953463315,2.7128545190503663,2.7423189214256323,3.197497897083924,3.16189773938157,1.8091193815493791,3.623452404708449,0.8349751820605523,0.9113489667061767,0.9884465688211392,4.076875964534292,2.421634443932337,2.1089768241012683,1.7853442502325325,2.1884395874725726,1.3321551263120759,2.367740219488602,1.9048671983674164,1.9162148576234128,1.7989564529464628,1.3760193489489732
1.9832779823385558,1.7065925119837995,2.095036976278163,1.8709528733960232,1.5821122527556548,1.707629115978262,1.610540690363875,1.5186332822181496,1.5704306004432986,1.8347942881180208,2.1730098354062743,2.6805161364311916,2.597338521986846,2.7321235696430604,2.2337708094951845,2.2918549295516386,1.8656488053411955,2.019960047740531,1.774948726837216,0.9938297823013469,2.602850661692719,1.426146468645343,2.0239489770771657,3.4545883356337352,2.011754203704516,1.6979112342983793,0.7499868119973685,1.9115571892691188,1.6924989975825286,1.2551881646290979,1.3914249328500694,1.4586328344765618,2.0826695085895373,1.5026255724387656
1.48433502203544,1.4160889793364853,1.637526049382122,1.5689099373834363,1.7012963493430164,1.0644261967731738,0.7185766028746646,1.2957593975222408,1.4457397438212178,1.4648850388733794,2.4503663025134137,2.5450691192532036,2.5468721019343636,2.489935385308396,1.9603193582492116,1.7305919256441422,1.4284906749123987,1.5924552270597843,4.120492568287634,0.01409340662823488,3.4642634355313406,1.972177329550959,2.988619310455332,3.0998748771311493,2.2774770304419585,1.812863628155726,2.8873964478948033,1.6227473597354294,1.2613850691217163,1.436300816456971,1.36996519959059,1.4161230244063538,1.5799435047262944,1.6037807969162317
1.230617201585731,1.0865375444313425,1.46773689885266,1.3575075669727816,0.8418602784198658,0.6286086801970824,0.2264970837134199,0.9792832909333787,1.057654767708667,1.0770385371535445,1.135545270269472,1.9036168446322863,2.6513850945401667,2.3830729646662294,1.000665538296047,0.24565793866657462,1.6754380137242477,1.3882653182703524,3.0423832562210023,3.392213588793213,2.6457014148375997,3.56833958819311,1.56897968038719,2.2860838592796267,2.309888671875602,1.3860105747635005,1.8884240051975676,1.2524851937439445,1.7517369238360883,1.6207747170577693,1.6494278333147847,1.4569512068178097,1.7097444365981018,1.6553966898713988
0.7748425865815083,0.6013978231919805,1.1115545111272955,1.1553868027770375,0.2830008118290748,0.20760288067766794,0.18430205040122258,0.8496997010344473,0.22668196420067618,0.3733122485803916,0.5676210979331421,1.2180411279069867,2.3449836965115005,2.770159705672134,1.2793679496017605,1.0629185207672474,1.2084893890254458,1.6667276360631662,3.0996041128170093,3.464876047797554,1.9467909014916793,2.9826660830907312,1.6785504485820433,2.285189468820663,1.8163769966485515,1.85951425395031,2.0325182204456156,1.9074845083556697,1.7395371059035112,1.2604064556459633,1.2423736869255138,0.8881157622745319,1.4277234064838111,1.3686770297119641
-0.010436602027346857,0.11343661024858048,0.32842247338529224,0.21425332681849113,-0.3092869186893612,-0.24534751992882675,-0.41402869436035816,-0.2733233046368786,0.22564101765719285,0.13772458717128028,-0.11564320468828407,1.0344491224245007,3.104226849435554,1.9478437390347718,1.8139952392153726,5.086692633268651,2.301030198263184,1.9358324621525733,3.526764863702982,4.072127157183704,2.2160843900922447,2.6112778260480214,1.5655298657699708,1.5783296936103681,1.9781684574406646,2.0241115223632797,1.904586279588064,1.956629808514957,1.6943683847746773,1.8699247581873584,2.3008839286308906,1.6270193133081008,1.368385168446579,2.203703056304238
-0.5731846529304112,-0.5600406375396731,-0.14153875639865704,-0.744620523120976,-1.0819826217987512,-0.4308807368077037,-0.9138005529312433,-0.19010608719471017,-1.2391551726192136,-0.6512068135096524,1.2509726370418102,-0.4083153082837185,0.9408350139046859,4.60381287111814,1.7191226243180617,1.3679174060832275,2.4589140129804146,2.0466368351179485,4.267372232011417,3.4177063563383574,2.8437064911790686,2.8961236145784355,2.653158701493637,3.1917435877583076,2.310257247821928,1.9715346444414685,1.9781947649662237,2.03232633828163,2.0957772748461148,1.8688442106507042,1.7996130886537138,1.5953919765955844,1.9395750483253438,2.8225487024740836
-1.3337655212508344,-0.9187680296147243,-0.49555644689522044,-2.099114627646764,-2.592540355274902,-0.706421639920621,-1.4472183154886142,-1.2404199317752236,-1.7773600603303423,-0.06919308551687257,0.3982412804534126,0.06092837889626488,1.3170956281336048,2.623005486218904,3.618323200994078,2.079450094045101,4.322157870636984,3.244352398798845,2.090929464141643,3.027670094290681,3.769158990257172,2.699060767815722,2.167696375295245,2.204598894126093,2.4487104053316835,1.9897482217477271,2.4817717414443567,2.280930734112673,1.8950303698040778,2.7755999614748577,1.9138843576121642,2.7686721835551786,4.934483892754628,2.575107592897138
-1.2409862776535028,-0.6666646652708181,-1.6401836214921641,-2.751678417112373,-2.771182526097085,-2.61437811218211,-3.148572908754807,-3.117891249700413,-1.9252005361705833,-0.567430336679568,-0.7148751326877856,-0.28475849123770086,2.884196898048343,1.6226311253344035,1.7903060062660672,4.113642743405574,3.6854374413596256,3.115778903065014,4.049612924864217,2.6601779594146953,3.3614939547344567,2.032838243316999,2.107949844593163,1.9178932024816504,2.392150174132233,2.186492918956998,2.143034815649967,2.488111565678482,2.0756487037979694,2.0497100627345666,2.97280214078685,5.38754352244063,3.6756867252588123,2.7020194156068693
-1.6719358188380844,-1.4638233431529994,-2.7848165871680286,-3.1538822027288664,-2.964423873376312,-4.534852845338848,-2.5898797571744336,-1.2398086113590074,-2.8077899953309924,0.7289982530733317,-1.9302887599229526,0.6776513173108681,-0.2206720613969549,4.9216622185026555,4.648667935791979,3.0398921605477356,1.90953089351499,2.2387178362058835,3.3524158135603255,1.4511501495457881,2.449471618658131,1.7916250255557213,2.877491692770898,1.968458157036187,1.505248947076328,1.717495219511487,2.7280287685947378,2.108917797550249,2.4233499843023116,2.405518412509158,4.265659018239675,5.1675476055109675,4.328848394371276,2.2019394321035537
-2.068133275556224,-2.110915189250152,-3.607632375665729,-3.8146238870857707,-4.372969939477341,-1.4360063371520926,-2.703151395576634,-0.6718723326121238,1.242477532018443,-4.4737818565802145,0.9165367784823928,0.13987238224430298,-1.2534111717259049,0.4723326535055526,1.298235289312564,1.9552080389638011,1.7614171075465055,3.05278229110386,2.3822866598275647,2.8993939116025667,2.0569723949060337,2.843910780193065,1.7748840533428445,1.4175757224003251,1.3567936134508096,1.7269944028519553,1.9113066179290716,1.9665255167609217,2.071162806573968,3.526622661798646,5.9987370059312255,4.700266414374832,3.8394932367245835,3.2097824784260434
-1.870477267076267,-2.999085925119059,-3.6766651164054163,-4.094937560939361,-3.146193543425825,0.5280957469467719,1.4778886821443011,-0.7588077936861322,0.7554294783994642,1.8400758225184084,-0.29936397272093235,-1.929753446851176,2.0545335702677674,-3.2892466188309872,0.21619240652773572,0.9888626407723732,1.183415165956669,2.24624762085154,2.2727297863626825,1.3836950019386955,1.6269195929038645,1.4728565202982478,2.2110839763813726,2.5638146400664055,1.8002225925860933,1.8366527667832029,1.5161615547286607,1.818088827997105,2.697111034739161,4.823952589536618,6.320900909924961,5.324191370939478,4.203237216197806,3.1770860776853342
-2.0622689750807295,-2.9683534738441213,-3.562781609420978,-4.707276042370507,-3.7174922871674023,-3.8541798021176823,-3.184251506279118,-0.6933151657761372,-0.22212323694938874,-4.532844281677832,-5.918366019151902,0.3597141713586156,0.9567629638555258,1.9532360836034135,-1.106279996585697,1.7212270154156597,1.974977254642072,1.850978967509773,1.569226519268551,2.2730999942131906,2.248381325687889,2.986955286615304,2.271503762120632,2.0506558988978996,1.6884288450405576,1.671973976914264,2.5724517486571874,2.2527711764850555,2.6827852980318965,5.332770948815217,5.98872071613647,5.385678973180632,4.453350742851773,3.2658492408980004
-2.3831786589621538,-3.126628313484062,-3.983229221067629,-3.513225269978971,0.7520252619339977,-1.4251393290296834,-0.42101248290780763,2.5890760084740276,-1.3663619618765248,-1.6621159190881731,1.3535541745439024,-0.7392727865100683,0.5765001083912168,0.8568434202300829,1.2173010470567078,-0.9499008794256846,0.8987052845459347,2.0940028312632673,0.38143039469135637,1.1484862198163939,1.3990221695382228,2.1647997429189445,1.5433037575639146,2.183769936191778,1.355599266070971,1.8255377694186334,1.6554786943929405,2.1168411759331294,2.188004368778945,5.790179174813234,5.909239568061899,4.890505143237881,4.1219357252197115,3.7108865677995344
-2.6029327899557386,-3.2607241478498388,-3.8772107652003545,-2.8263538875805048,0.0983472950633642,-2.2590266429425383,-0.35480741616066747,1.576036510334468,0.387031555469994,-0.8140326420051517,0.26952994742304287,0.7549297665483166,-1.2692580128351854,0.25868256887123453,2.26321727997823,-0.8533034935959951,0.928345747249067,1.304191567836797,1.8452709333895077,0.6620470856121555,1.3778757998151892,2.7047934680429147,1.9804392013346483,1.7256932818010073,0.7969721984616533,1.8400289223943238,1.9597813243099866,2.449930193726282,1.9094768647260716,6.066647436986733,5.430870795163879,4.458160074870392,4.011478554546624,3.789334572765897
-2.8732626380409205,-3.138870625845184,-3.38619022808358,-1.220132587279345,0.11925394902213785,-1.6554119841314696,-4.463584623649114,0.23735194819422284,0.422541401208417,-0.7642512859439416,2.0493859464839024,-0.4482771487580561,-1.1575484439184014,1.7531318233523059,1.0392523412816796,2.89577419754172,0.00802623304985951,0.3261141927145599,0.7478117640489469,0.4968751513526445,1.882139515539326,2.0258864817456685,1.5249345176093239,2.4393981760952395,1.853297115175167,1.3768017190215798,1.8518987150647437,2.127189884686729,1.9243499916873574,5.330923969480639,4.6739287609354525,3.9205927045909332,3.7259301798235134,3.1617056889193926
-2.6695654600314493,-2.9478623598673184,-2.600309262057837,-0.1071638079476621,1.1274599041378714,0.9083818454637785,-2.812634565906386,-0.7266402486607966,-2.078824139657491,1.2819027988414022,-0.2114417154752503,-0.4603943163855657,-1.2045115561716147,0.20365992569975294,0.333384415897414,1.055952218975135,1.9645189402183845,1.1782416362295904,0.807808823939016,0.9146240125281179,0.8627707385198432,1.2714668807371752,1.5090045495296205,1.63106735322498,2.038764357823345,1.417233803300638,1.70315834270934,1.5085067493184037,1.5185426324151807,4.838548145247473,4.11825293819319,3.532932054635588,3.0490777169115155,2.355315935977542
-2.47268647949938,-2.437561688265765,-1.371521620252178,-0.314413841097092,0.798253525768052,-0.10906015245233727,-0.43076068543340285,-0.11329102695504352,-2.344365235256833,1.3862247368456848,-1.7990560182534432,-0.30792294001359644,-0.9623845209411226,-1.223996635510155,0.9697576176586519,-0.6313361320951605,0.8807141235631428,0.7120813681041274,1.2108689418882568,0.5600734789831362,0.9331393550736025,0.6103189163790673,0.9553186396903877,1.4368718198889663,0.8626204522777675,1.4771512562256492,1.657049175371877,1.5108211847299378,1.0714319328904234,1.2955368154890903,2.1151510559044837,2.29880963147988,2.2239203256339453,1.8088132726881168
-1.8652890680117644,-1.6397280049102245,-0.8058534654857797,0.26030414279919806,0.4655830293455395,-0.30178163753941806,2.509396534134141,0.9918110920330115,-2.1949227694654794,-1.3917869977868909,-1.3525370443482656,0.7459258335599201,-0.7244897849853592,0.12219168254209468,0.0008175843298364101,-0.0320587769987685,0.258339975995201,0.6784922539336822,0.6529485797952163,0.8578586191967423,0.41766561003663727,0.6036531159949204,0.33633057474540196,0.9307640190717077,1.1739442350793161,0.9463110973200624,1.447791357829232,0.931993799514397,1.1109857114670127,1.1067990197973963,0.906934985584784,1.004034077892872,1.3240346019057305,0.8153886095981758
-1.5333387493799082,-1.2377295226105305,-0.43479698595118144,0.13376597250105063,0.11643658862765749,-1.0188879496460865,-1.4924395898104,1.4013683763533487,-0.4235529614491637,0.23945219188574796,-2.5334783458071315,0.5688693109988204,-0.9104428029318473,0.056940099805000165,-0.35695113182374677,-0.5297089666695756,0.07206866444769958,0.6228056842473897,0.21157227493357597,0.49533197883058255,0.9280845169819565,0.3472443407538722,0.8089816416317672,0.8948054637837112,0.6255968904265273,1.00663424804624,1.3932530917668913,1.1450665179897197,0.8933440422633729,1.3767452368903779,1.053424530503321,0.7467121458590413,2.182018088723142,1.617543884166059
-1.448773636060743,-0.9413522708665005,-0.21270416469447334,-0.5397590498839665,-0.8225686801645353,0.6664439020961442,-0.7523849459708226,-0.19625823554653327,-0.04437169653446834,0.6537089241924389,1.2409757000938146,-0.8099046381335078,-0.5704735295574712,-0.39692110083086896,-0.2982179840578151,-0.2454838531127866,-0.8179991564332375,0.05770377422802822,0.25433787529449575,0.5237957154058447,0.3900902627952924,0.10608066977175228,0.7238870657458532,0.792859539226555,1.117121611148733,0.38481827284075254,0.917400334949682,1.2478926694914552,1.2170616010637907,1.299990081138132,1.0736854403897695,1.2847034172042682,1.1999027050039281,1.472540168809266
-1.3826545740481189,-0.8713273862317867,-0.6984466196129568,-1.457456766445668,-1.1670907002058106,-1.6068661670960476,-1.3296215637455329,1.0994896777929084,0.98952208539846,-1.8355945404421803,-0.8061625585698775,-1.4002868006831368,0.23208181871744366,-1.510704446522737,-0.6101901178338205,-0.9038483109245218,-0.5234295750610632,0.25728576602029196,-0.08484310596654884,0.40483798051378794,0.5404857646502012,0.6252953055550687,0.12215950788123663,0.19872066142268474,1.5258574721157354,0.9550808817018926,1.6177227440304005,0.8740491066005542,0.9877050373473643,0.9078792450367438,1.3706211216201887,1.6472849761811095,2.567573143689742,2.1171184321126324
-1.369063572778493,-0.8589152383766213,-1.2887446449638942,-1.7698481299568112,-1.2508368409523665,-2.43315210715846,-0.17514225933546015,-2.7305025424090736,-0.48923180881335027,-1.226806503656098,1.4502318422382983,0.241788069974328,0.9167831814495107,-0.40822172401540036,-0.6600860234630402,-3.119900955598531,-0.5102856604193889,-0.8490571712754417,-0.12256602331261392,0.20180574455152434,0.7395959385818147,0.010349661052170705,0.10950296985600629,0.41480588559915266,0.9943056551119002,0.25454105138436406,0.2881099930031591,0.5930797408917171,0.44878837287784124,1.0184404119137738,0.9532031571218664,1.2422037343459669,2.9600674853096223,2.3934971913076613
