script/wind100m.json
{"header": {"parameterCategory": 2, "parameterNumber": 2, "lo1": 3.000054539987559, "la1": 64.9999836372058, "dx": 0.5, "dy": 0.25, "nx": 34, "ny": 52, "refTime": "2026-01-05T10:00:00.000Z"}, "data":
[rows 0 to 23 of 52, columns 0 to 33 of 34]
-1.164556246398111,-1.8693158071748037,-2.650787558221028,-3.1046794084014735,-3.159923480385451,-3.7565272632576137,-4.694919821199995,-4.559623540683588,-4.83296322633765,-3.8784721887363287,-4.04634454746456,-2.8561149839364424,-1.8839879110242175,-0.4822151931142168,0.835959217726548,1.5976266710227356,0.358496009678267,1.8751163389874417,0.5963906744622143,3.6906242608947357,3.6484411745968917,0.2986525856339091,4.184193894456303,5.725514812798032,10.079472722012875,8.145840148446014,4.220042455181541,5.2465667320604075,4.825812458492908,7.18134790767099,9.7509409004887,6.983450949081852,5.556783483877562,5.291787530335468
-2.4124822651725686,-3.4194624653917547,-3.447780616433861,-3.8208560827011637,-4.455526141508311,-5.443065093147411,-5.947557980513121,-4.760920877090915,-3.5977324610006196,-3.243694212076698,-3.4180634056763743,-3.7842840942318405,-2.4378639908063775,-1.502344838248022,0.6391206315655628,0.5069576476401585,-1.1278178481865306,1.3248291362444349,2.6868094135712215,8.126277089650605,2.3286996993514406,3.3043059970351094,-0.12793279829412335,9.634181692044557,5.863795489529831,7.3628009427587395,6.867983603546534,4.19009212469368,6.8381192591237285,9.694307492951994,8.733340592685842,8.462849795038347,6.647281881702769,6.840190653741035
-3.991201425438802,-3.756788063533912,-4.001687967473552,-4.52590740744449,-4.37174332004564,-4.230606808511215,-2.4171462621665873,-1.8582020745608856,-1.918178869524043,-2.1327743530754995,-1.834879568797232,-1.3825488677810602,-1.6941864197533798,-1.4635244648523584,0.39755002071950635,-0.4810113313231859,1.0099348501484102,-0.8588823336658697,0.1653811864306083,0.16954629098327895,6.752044351514227,7.789228613067337,4.652997655310298,7.800579850387346,7.306913708128333,2.883332577017231,2.118168676653355,8.034067591093732,5.647303483001149,8.18014600922269,9.236777104063027,8.702547089867934,7.983508369319527,5.37234152824867
-3.869913452172776,-3.788652050065166,-3.7006713159735685,-2.8867320757556123,-1.6665658586460597,-0.8819530028381943,-0.8063559497198731,-1.4906094779041057,-1.5471033969860026,-1.7058679559162009,-1.5001321909505154,-0.5232657509645261,-0.5866116052041972,-2.025535786084376,-1.295715530559693,-1.6314298427636524,-3.0687536945764546,1.4623583333886143,2.7156050282241266,-0.11058669863611728,2.824136090505598,9.675750451620464,6.097497710192767,4.739758830904647,3.3923617949017815,2.7742227629248,7.817288481567509,5.702696410059661,6.683695472877557,3.3811535923612683,5.4434027762599175,9.878369874205248,8.397063508123848,5.192834090560897
-3.7652035459378843,-3.1958751247982216,-1.6712293243083995,-0.5806009431247791,0.49931988747932765,0.44502619845306474,0.34453299612483074,-0.08113689476287528,1.2954457479807677,1.278490806616684,0.4349409216409031,-0.5987897012266271,-0.09534517961466232,-1.5910062750694602,-3.566867369598813,-2.0136202403071377,1.5848745434702556,-3.2719688913895015,-0.7424096766376117,4.421440125315215,3.9380530947718313,8.79064901647762,-0.12406884037813129,6.446517771186779,-0.3735824276412622,2.336465784471417,3.3694839914543797,4.322916335772974,6.295857618061641,5.6621856577975525,7.724189975613393,7.192839643612804,7.646422576666794,7.546361682516793
-2.837071397545071,-1.0313221981771712,-0.07338392612183278,0.414997217738256,0.770259417791038,1.2356493528122534,1.689748368039629,1.8710794354384102,1.829598952576213,2.674032137471201,1.004325075101211,0.3543523435556823,0.9596208489907658,-4.44770010485439,-1.6410181570829103,-1.8305483191404046,1.6953782154303585,-3.6999902257848634,2.2228129471242544,-1.1106130356511912,1.0203644321045509,8.590484899567974,10.740088691395906,2.6760365449748797,0.5604382512308961,3.6471036042924236,3.8945115810039037,5.131917776977194,4.71258610870245,6.189741010229633,6.604245565911733,3.168666509191912,7.86965786340654,6.562491745328644
-2.3316729975236736,-0.022472119191153026,0.7955793977655095,0.29301487398815684,1.208498486994151,1.2948640678501582,2.0254488098764254,2.367395596208551,2.1555069190845484,2.0667023684982198,1.7697047242873578,2.7085642908391785,0.6671902137324556,-2.1072407262111708,-2.2404921177814816,-1.7627642836073172,-2.1946815895732183,0.49642346276510224,4.341651411770473,2.4293708218419576,1.121686631862355,2.070602255102846,2.516472971481568,5.759502009702061,7.42562102436886,1.0621207527388807,6.509616730639582,5.127377271791366,3.907914952131186,7.504480865189153,9.039020984234961,5.814424066959195,5.823700180541807,4.69895520300512
-0.5032840540374667,-1.5692039362359782,-0.5046343361657455,0.08535065949870925,0.9197652118439,1.3015341153519318,1.0647260565349717,1.1315248261107045,0.5942350183772216,0.05076121376277721,0.7448435040147909,-2.5199666580494955,0.5915265470503652,0.14049379280471128,-2.072691027537841,-0.8952105180209015,-1.9967920484259132,1.4807276137608654,4.290248500959104,2.5588462645044885,2.8095865812849805,6.937952225558213,0.4981346849788415,1.2597651317218872,3.1068939456246074,4.37769541441982,6.759055283354076,8.35521137287883,2.199052320875563,5.430331739863836,8.498372694016732,2.5301375001934785,7.448519462677825,7.446626651992921
-0.6952197869869797,-1.027009726024278,-1.0729839606911333,-0.4773464087959682,-0.13180591778612835,-0.09920922217121092,-0.2190670632600395,-0.03341175400400549,-0.5422873640739936,0.43554676847457763,-3.0666013663817844,-1.4469914146803762,1.854960770008428,-3.1276836767135743,0.9129378158565247,-1.9302017601473083,-3.719965491004662,4.748124608460807,-0.18510710434530597,1.7256008432590437,5.055685269652975,6.935408783496399,0.8236557660469,-2.6356546136783465,1.3015579746310753,3.7376287425537726,5.075637032786411,4.389063580951935,3.9946644364215596,5.1484229900146214,5.385421350611825,7.173229495505553,5.7224479943619135,8.1261051187651
-2.4160778901888373,-1.4551896715055512,-1.5396434618992383,-1.2854014644110443,-0.7756914599497612,-0.3158013163188786,0.037695368229165915,-0.6332107414445295,-3.0853233966814213,-1.4483230173140496,-1.4390103764521598,-0.04290790895310303,-1.9549673835131476,2.6273602636428848,-5.460591127613257,1.4287356619152007,4.079622934038388,-0.018611680675339675,1.3219318601253083,2.7681383060283316,7.177623967221868,5.907472252023877,6.966550497406335,8.568703664565286,4.9687110803829375,7.785982886861957,6.5172985100060385,8.871227492216757,7.0958888214157625,6.257828424481687,3.4376944862128656,5.358522673600044,6.303253644408376,7.234913073871546
-3.2464916685825393,-2.3194142572525465,-2.635890512342166,-1.0188287199266368,-0.7366426396130746,-0.6891657522642279,-1.7508116169717536,-2.36288976954546,0.5753434810279768,1.1991786877748438,-2.448531786207581,-3.771424954567737,0.9284672285036595,9.565396204389469,6.039175606284858,-1.623651739624019,4.208597742429404,-1.0307576544624708,0.6552677226451435,3.4383259867149008,5.297879912875181,1.4378308787776213,7.872259030643985,3.0647659263130613,3.6436562994071764,4.134349526508786,3.0876645634753284,7.9178141956523795,5.751045790998885,4.1013388697709265,2.70740084439261,4.204774334184089,6.91449370294445,8.228799387036108
-3.868863321545578,-3.1182504072327566,-2.0625540726412837,-1.7861026767196306,-0.47888275350257725,-0.23202419282698986,-1.8697538690451472,-3.0135763945615732,0.09051227237436174,-4.923487857330675,-2.9509853613640096,-4.170489130297471,-3.9697124246803717,4.479217612296715,3.409134325082116,0.8662068256525748,0.048117061858810393,3.9583303747706466,1.2483661811769255,3.940404900362113,4.931474161269819,5.139055168979057,0.3118328968231025,7.396984825597613,4.542563128722543,4.439787592225825,6.244524930027122,7.3717916932396665,7.1084107209302925,6.366031297227696,7.226023189031847,6.7275288982639685,6.362498141779713,7.257353389468612
-5.331581803746775,-4.460824040249927,-3.1372745887105626,-2.7352692676390027,-1.7277182391561965,-3.081825123305618,0.45145738976749034,-2.4446062556057435,-5.402763469620231,-5.637846971000452,-6.350518311846218,-6.251971332318503,-0.05385966219149584,0.6034124910416122,-0.8575436757799133,3.281455903131165,0.6003055124772676,3.1489825892784262,2.5048767462523673,2.161046690725136,1.3484123820500373,3.619256494435078,3.1242775795862188,2.8364273820155352,7.248917646584672,4.408884858756499,1.2509957760520631,6.293263687661953,5.681770173826098,5.747502652504644,4.6971924360330055,6.880777410214291,7.498084841533041,8.117490625293081
-6.29656319221754,-5.128178838823973,-5.0045290208116775,-5.010338660056236,-5.959220292130511,-2.4873410697303986,-2.1437932421812853,1.2443398164128139,-8.95798484245967,-2.366055966909296,-1.3570878450821378,1.1355128314276517,-1.4784728407038108,-2.7930034424980987,0.2592694557704089,0.6210261748444995,1.439913462293262,0.403408232095569,0.7834673741925546,2.06637370478335,2.5352000852575247,2.689517573696263,3.9456782265329844,4.54240306203451,5.620257506289436,5.342637429621341,6.040726084134672,7.520606314070768,8.239004853732677,5.599378696566782,5.747779296612161,6.994572058815083,7.565368600669846,8.233727944152267
-6.986015080379921,-5.756925314140221,-6.372397384964412,-5.650198745427457,-5.778146103343863,-8.549367128186496,-0.7690072525956628,-7.773866667298867,-1.5991586433914924,-2.4105166322458884,-0.871755214318746,-0.6357088609975016,0.23294412597286757,-0.08166485750183426,-1.704119822475099,0.8024351064217936,0.23054275580331818,-0.32786538335738913,0.4993283374907346,-0.5429762272576294,0.4930603754599941,0.46181456775329055,0.9704705377478177,2.7572318476332107,3.6227380703044534,3.6189910738639393,3.661198038768778,4.327245259159813,5.50459740173875,4.8026163183022765,6.504406999896646,7.29605431629191,7.907611445127161,8.25560929388585
-6.588229093209297,-6.853255433828652,-7.293822407869585,-6.5548387395322685,-5.72919628258098,-5.66820321885254,-8.09325229191444,2.1112148409485405,-1.8997845174671333,-4.419257209233652,-6.014225188328698,-3.884224282718578,-2.2921795813368884,-2.490528567844301,-0.7857838001198081,-1.2468018602265107,-1.3168919975821136,-0.47958346850926303,-1.255549976144074,-0.6968678729358712,-0.5995152283569329,0.017341893739826142,1.2721622873993552,1.4348203698979867,0.9428179921892192,1.8488849437682766,5.316278687510036,4.774009513301363,7.233538153112634,5.585199193224861,5.60867108839803,6.597393932326962,7.903482112083276,8.522486723396868
-8.634389367185127,-8.647823660640425,-7.7261876050815745,-6.783924910370651,-6.724404103744615,-9.732461367824307,-7.481662242810059,-6.273604126330057,-1.5716418833833987,-6.177491002982944,-5.864525141653275,-2.8982384194464617,0.314254445075769,0.34445709667821867,0.026655270399983378,-0.8991330143690087,-1.8519369381500355,-0.17694154877092377,-2.4822900895860336,-1.051965471782088,-2.504516054524649,-0.7400752167662711,-0.3167581112486652,1.1342563139023902,-0.903772944778442,0.2637961470983272,3.1240671839686094,3.928837665370734,3.732648375660674,3.3632431597299877,2.8326865491939794,3.4918846555611656,4.60643585444026,5.584136327505025
-8.163332298394085,-8.44893727206923,-8.253389057185343,-8.002234980133425,-5.367424480601313,-3.567496128548838,-7.754597122036494,0.2454058300325674,-7.921050927841973,-4.817613799147862,-0.5209415922371678,-3.5300028871205655,-1.0606501844035874,-2.0999375235891495,-2.555800702319957,-3.3385272552783176,-3.666256237174958,-2.02578950459852,-4.048962245520941,-3.7663869453691348,-4.872974525504765,0.9386671082945119,-1.0725501910015003,-1.9478496002558505,0.8355027354740998,-0.27727859489673456,1.9189829718491997,2.012002428223214,1.7401078582038196,2.175295913097829,-0.4513908196548423,0.6035005092727912,2.096384257835445,3.0246792796055035
1.6941034565431923,-6.12890396831556,-6.781150281938158,-8.57266225654037,-5.665482515273758,-4.9580574861850835,-5.204170547946615,-3.4819913411679595,-8.711495913331808,-5.412305038811517,-4.321791425069238,-2.4256945222280186,-2.4869055656408054,-3.0652574409792894,-1.2262265298499173,-3.7964314192297555,-2.4210320410739397,-2.4748636776878388,0.23425944833254514,-2.95654642630652,-1.8949187106601402,-5.601015565058384,-1.6716304741925334,-3.5156971444463396,-1.6798916354266533,0.3516478362938762,-2.104046090660774,0.4854013684289437,-0.7755300278695227,2.4202203488967307,-0.08310602760383723,-0.7437568532259854,-0.49280380101023297,0.6536999347182114
5.078122876539581,-5.960190346126071,-7.641502252808981,-7.69389280159665,-4.2395312750836345,-4.311997940220313,-0.6949359857688808,-1.8787607996986495,-6.978632608368644,-6.263117664076983,-3.8174430442512843,-3.0567886796200656,-2.3126745583852713,-4.050231266789083,-3.3817661555540353,-4.486874727291878,-3.522006410590232,-3.5754550882671845,-0.06529124912129156,-2.0682741406226364,-1.711743588080118,-4.486203133737924,-6.634637855076774,-1.2433616452502414,-1.7420558269426734,-1.9369149823566294,1.0155692435546066,-2.0337326790211447,0.07508036623153337,-0.45053858082811915,-1.5177314192532005,-2.1550049233641064,-2.2058391350923667,-2.884705945553307
3.3609930137580846,-8.376813874000817,-8.484540170830357,-8.465518490905303,-6.3433700194678515,-6.1698092233039405,-1.6288258093607604,-0.02986109355630896,-5.2043484050713555,-3.4173348574256677,-4.877782755502537,-3.4284655239361976,-3.267199140851353,-1.7204103817906133,-2.4127803381057698,-3.928333973081913,-4.311197328882749,-3.42662547533313,-3.0571411449385355,-4.96301675483398,-2.5519013350300526,-2.908681230000883,-5.812299933149635,-4.099992279667783,-4.460821815148383,-3.7048105761449985,-1.5479460689167792,-2.202039967733332,-1.7942500306289826,-1.5056734337241415,-5.009257223162329,-4.77899000578219,-4.4599297490517475,-3.7971089512765523
5.45706304564355,-7.046485007533155,-11.348686376897293,-10.186693396045008,-6.33566121448394,-5.861761571392069,-8.104829744021243,-8.074953930733967,-7.691406884537723,-0.016189661902978443,-0.353794254185583,-1.5806379310255914,-0.03397488868227141,-1.9845390810493195,-3.6990211980144325,-2.569525381603443,-4.862555472192999,-4.275382273441115,-3.46585151735733,-2.6182252902106082,-3.35251591917773,-3.6949503505442487,-5.471525631540536,-2.78163115607057,-3.8298895252754086,-3.922656195566916,-2.7205119955389705,-4.410165170711275,-4.264803774225079,-6.7415347977874385,-6.2912048537322915,-5.569271454657065,-4.469721482553287,-5.461133275624725
6.562802075523603,8.302452769702434,6.136084050246814,-10.370561525641918,-8.149094287578821,-7.667296814382717,-9.497622027846646,-3.985019422599511,-4.74682472651498,-5.922337262940248,-1.1559370891252796,-2.3475083854390313,0.18407074409838653,-2.658559951123483,-2.5788024033841284,-5.044008719496407,-4.686875360983124,-4.17249627674662,-3.9275196385084827,-3.997065212565671,-2.9171078294509587,-4.143071196522382,-6.549265409334867,-6.962825423385464,-3.963290033376883,-3.7948929977447508,-5.309834433623704,-4.632835743682418,-5.676372988018984,-7.372278487651159,-7.4638380598921215,-4.574086012818695,-7.605688607594114,-7.6776555848116415
6.56459068395652,8.868478503209403,3.401238560070422,-5.279210876679002,-7.06564527759692,-7.2577414624930885,-5.069640436370285,-5.94076080881162,-5.604899972725642,-4.217978280151803,-0.8512949080702277,0.16442298801978064,-0.005107015769492282,-1.4014079058073294,-3.509985779438036,-5.436860526445137,-4.5953919025761305,-5.288802214335282,-4.456262740862334,-4.605957428704237,-3.2638130780746386,-5.585977480434033,-5.9655776831149,-6.211794009700655,-3.190350581138733,-4.341661827836035,-5.994805113494501,-4.996262674257169,-5.003918644610945,-4.046670689100601,-5.781897310178584,-6.827520584755584,-9.705314682234023,-9.688895255735531
