script/wind10m.json
{"header": {"parameterCategory": 2, "parameterNumber": 2, "lo1": 3.000054539987559, "la1": 64.9999836372058, "dx": 0.5, "dy": 0.25, "nx": 34, "ny": 52, "refTime": "2025-12-04T00:00:00.000Z"}, "data":
[rows 0 to 23 of 52, columns 0 to 33 of 34]
-6.076131235003129,-5.193985237538957,-5.195794560943748,-4.31503603050128,-4.0026365604536345,-3.4368216562774467,-2.8620564714497116,-2.2698512406661995,-3.212031619044977,-2.639319318479839,-0.5693553637249437,-1.3740226840325571,-0.7195674947903921,-1.8561503950377203,-3.569574588030781,-3.838794981670295,-1.3431857000250143,-2.1796008096124435,-1.9186746061067868,-2.2429446779421327,-1.393718832309494,1.1192528722674875,-0.32101255964957615,-1.3208870237038326,0.45701822478836224,0.13165521823804377,-0.6462171129845111,0.8750703839762358,0.6224685679213079,-0.6737067351066374,0.5112410230168601,-0.315749333508876,-0.3017764864691569,-0.014460398286403593
-6.796280860014672,-5.86276516648564,-5.209341708984903,-4.728550207058103,-4.593596226942867,-4.398329734542966,-4.743088492382647,-4.456654651171851,-4.005039552651392,-3.0336595681786394,-2.522519305281774,-1.8877697211180517,-2.4037122598372362,-3.5128275101633277,-4.538092219449238,-4.603959274652682,-4.13217712061819,-1.7929308491534608,-3.854293463535281,-2.8388753453633635,-1.6503424946120946,-1.9368437054799974,-0.7674193530873579,-1.2471385955404437,1.5398739262100973,0.9428439206549258,-0.3590658968819366,-0.04251871368355715,-1.5850411755694789,2.2025054788776606,2.416185710132143,-1.0551200919246515,-0.3644170942385456,1.1826074140748335
-5.524330347302397,-5.3744305808500785,-6.15946239782011,-5.417430252580035,-5.699501557032606,-5.299305763045807,-6.05530600889055,-4.910558432375485,-4.125511854712007,-4.324571765029213,-3.921856033801371,-3.4969371058248706,-3.198760222092888,-3.9210575777935563,-4.2398229016454305,-4.74549925506088,-3.03880918792042,-2.9277749132411692,-3.1057865654027434,-2.0082250296943496,-4.075009735580216,-1.8952356780654356,-3.2700119174372237,1.4218661220732667,-0.29927962027362726,0.18466528197683066,-0.9020973844878302,0.6805632666790358,-1.0738297616731813,-0.4975766703976428,0.8549142325923758,0.3207925523819034,-0.728354551148023,-0.21782138369055162
-4.402821051494757,-5.9247401307968985,-6.226954831812522,-4.824782560178797,-5.431234718491793,-4.33239967367971,-5.356419421430991,-5.457099832556463,-4.999786295545217,-5.264660896091943,-4.999847953104877,-5.094200583533478,-5.347043448227831,-4.293830863061445,-5.956034278160234,-4.544566986951291,-1.0977634519747161,-3.554943029766075,-6.022758395195457,-1.1257183816166567,-6.876664079184994,-2.672550666625417,-4.684547000044105,0.09033467585329617,-0.47724050097638276,-0.163996724787338,0.5307490017240112,-0.06954981440964786,-0.7148392709775728,-0.4049553089757199,0.2062331170658632,0.44156548661572026,0.24161603407622587,-1.4778041945435292
-2.133816172893788,-2.9384866538539414,-6.124825271856839,-6.899448759959644,-7.038203131055763,-3.668945059915312,-5.05657933656053,-6.411129313033874,-6.345376839938287,-6.242095842715593,-6.189260013051952,-5.554097942032304,-4.6643370865543945,-5.427237181253461,-4.305282214803127,-4.478569203312652,-2.256505945751459,-3.0646195340213596,-2.3490053277633343,-3.9643030496487244,-5.2496101321046735,-3.821656730391169,-0.6744428197352209,-1.9938893560890747,0.1568529675075896,-0.9914837982179455,-2.347707189157538,-0.5939079163166717,-1.1411338795241068,-0.047783776171673766,-0.13749397016618495,-1.091815821808429,0.7751664990780888,-0.3427780302996045
-3.0503626798074976,-3.71599403376756,-1.685439709222329,-5.437207641797105,-6.860905909953848,-1.9526732880587612,-3.7437440331141394,-5.168195462470353,-6.188339587028024,-5.994059354379137,-5.8746955425538205,-4.948032708116079,-6.48687663586244,-4.072787940736734,-1.9979780540810073,-1.6895823127510072,0.5308752981192154,-1.4981119603520692,-4.513720145586747,-4.3650161302888115,0.5816118062131094,-2.7659681341587805,0.4098316121153582,0.39895379928659663,-0.31676836637420613,0.4077165595483464,-0.4796973993704566,-1.3217715112681994,0.6130551970024705,-1.6689302125839292,-0.8476483658394265,0.14161849921938433,0.18903739199556652,0.010956048533737987
-4.428658176993409,-3.5499367491969656,-3.2153899415194065,-1.3604236302682982,0.11218049749682013,-6.459206132538918,-3.2022998916465535,-5.101989208944876,-1.857382811924913,-3.11532966629325,-2.4350206717247644,-1.2086577173485105,-1.8383615530162376,-2.4150272698554773,-3.387219121976335,-3.145428476605031,1.0032262367067741,-4.04297842761673,-4.0813608711773925,-2.877620708374846,-0.4939173848677621,0.2614292972966076,-1.0348695384263185,-1.3773778753957429,-1.3965582109964123,0.06950705909344422,0.7021434111328427,-0.2373600435983619,0.008827554998660194,-1.173195604976396,0.6200243906662406,-0.22361638165353903,0.20121081229731147,0.4293486507703856
-4.080676713709779,-4.7427097243260015,-2.3392386056961874,-3.6874767887225084,-5.000540960888775,-5.052594140933109,-1.8952974363838533,-3.7110584266317326,-1.5529508965396952,-1.8262801702728249,-0.8296975963398983,-1.5482063284503367,0.9880825829484259,0.9691486800253575,0.21608346767882924,-0.7147625335070346,0.10531028703952025,0.31409733273611096,1.3378205821382196,0.3567720491711471,-1.0470162029675039,-1.1933229607453824,-0.4101591774374311,-0.5576470470811282,-0.8465518350316259,-1.0079501921186576,-0.96253979486549,1.0223622940374288,0.031801444641696826,0.9297575247712091,-0.41448327187487033,0.16424907600679467,0.12795696182221006,2.3201245877277827
-0.005530766290693204,-0.42652527588132094,-1.5215967544227138,-1.6238138182173476,0.46446343614379587,-3.454515791910278,-4.247150884422329,-2.209870664222465,-0.6299873577812865,0.12432693327262788,-2.355875823754384,-1.8913568780181467,-0.8636042755636038,-2.732994858949016,-1.2560156640659341,-1.9921822793432726,-4.945416765925948,3.55541007832975,-1.9478221796185446,-3.1175180646488783,4.168109880562132,0.7996597439464986,0.47151017073137813,-1.5404011042968713,-0.9244280370179033,-1.1065235514614598,-0.3445484212326726,-0.3156219396431289,-0.11496584078024445,0.010821005854698869,-1.241658874657833,-0.2664480350474129,2.751968309460761,2.849388407595749
-5.826001683917807,-4.155546093774919,-2.517530535544093,-0.47510640266505766,-0.6717811038646786,-4.191334627475339,-3.4526293511632944,-1.9062045641823493,-2.581211849008108,-0.40430217885143616,-0.489103942233996,0.4652058921722402,-0.7391187538647014,2.078091444331921,-4.421735819127431,-1.6903100229107437,2.4735418986220212,-4.203888572859155,-3.251017128501562,-1.1824920519516675,1.5774516324250933,-0.13060253794339408,1.2232049140940977,1.116461868857264,-0.3011340581034853,-0.2868884542876033,0.26014277907439476,-0.2867713596572255,-1.0491054182662598,0.19278805674835553,0.4069162531068705,3.493111652260675,3.2484963739201844,2.9191853103290546
-0.519494962003518,-3.338562883951798,-2.1133646712407357,-1.7238039762113835,-1.0603423022632266,-4.437745804332762,-3.96600211770926,-0.9571466149856128,1.2707714416881903,1.4808430042307283,1.6277913635123205,-3.048764148629428,0.5611255290202832,7.535966608608089,3.812649912244038,-3.1443912163174774,1.8191465253867631,-1.4312988056181735,-2.8337878302038124,-0.18192717411505244,1.2826289656846643,-0.40791440987124794,3.1415237880024423,-1.5088689427709845,-0.5247786210676387,0.5144560853717259,-0.2630676805411964,-0.8350346333003088,0.21619736487365812,-0.3940228084534216,3.5988823123698257,2.9368910038159473,3.1387361391255366,3.2312147301672907
1.0431130929506875,-3.1402217549497426,-2.7791415340315893,-0.39507762786777156,-0.8254352552984788,-2.540894744929725,-3.1168054108579404,-4.05920509366702,-0.4400514001784039,-6.9384021562295,-1.2811921911486333,-2.208078961157854,-3.531895797629548,3.546132104461777,-0.33189427197968796,-0.2744056613303595,-2.056021338975409,0.9655093830439148,-1.3219448141442482,-0.8504960603521557,2.2155553647876234,2.1102542059191687,0.7318288321410978,1.32411770931675,0.11143534198530099,-1.5225639327498535,-0.4056494207173869,1.2237157186971075,1.4634861745318548,-0.030011797554677325,3.310174756656461,3.5312168515788946,3.695132742407038,4.017194106608034
-0.5980838591769563,-3.6586684442502113,-4.440505711417672,-2.508488393066354,-0.6747566573165222,-1.0029494332756277,0.632170010531905,0.09325572728234136,-3.1367172492740134,-4.912240780923239,-3.0107398936790735,-3.654896510129726,0.8514951868195139,-0.38039535191718044,-3.286574387479114,2.8129631861284783,-0.8256225331291059,-0.795645327016799,-1.7450091658248428,-0.2511000798704226,-0.19633254927110746,0.9452665347144499,0.8345914992306472,-0.7502687347954345,0.3267896206078462,-1.149155569841579,-0.44229651568532496,0.009567695621629454,-0.007157830804228365,2.1373809609956926,2.575567246357318,3.1404904907938365,3.720629553288522,4.08871563455554
0.34697832572709353,-3.0767059709418856,-3.217617057833446,-5.070485249297107,-2.569145958070286,-4.658143056570766,1.3397428213086617,0.5461919305315626,-9.384027393130859,-2.6926794097278735,-0.5590241733722494,2.7560660591167685,-1.2403319875742416,-0.5528750721966014,-0.4296912118013435,-1.0147374410629777,-0.12434171348981694,-0.9248576701219672,-0.01706725128985316,0.1280047162959985,-0.09637872983933592,1.1235549593595628,0.40414253861027655,1.242159191513672,0.2651129870498001,1.3407742523938124,0.3998623351589326,0.2637327387358171,-0.3176640010003159,0.3883938550328454,2.4447894350456014,3.2235836418214983,3.76981129172886,3.5841607644522564
1.286768057638474,0.31032549236905294,-2.766604274694068,-5.127712708785702,-4.53758583870875,-3.4802241117616135,-0.6112186516821893,-4.524003945665553,-4.033420553744575,-1.7668278143562506,-0.479810367383831,-1.3195020805667907,0.4588061148398417,0.44672305432225734,-0.8390990254016489,1.0496396596813287,0.6248811115973553,-0.8793675417754575,-0.34800161397890417,-0.6369329310941358,0.829636906715546,-1.214354330963412,-0.8650943706036466,0.3925619505727579,0.027529670097520022,0.19719065194117005,-0.28743989678639237,0.09670716645336543,-0.3203504388353773,2.496665715791594,2.705877619969157,3.0455838213199025,2.9720534272019123,2.9727679800621627
1.319727809215845,0.4819422538535138,-1.2546167401125181,-4.3572953241232515,-2.3879307419839133,-2.7547596124492433,-2.6635887631726236,1.6216081768122947,0.2948825143017958,-2.0708039986568276,-3.513510834314341,-2.081041080275885,-1.9463304195441575,0.7061009880943228,-0.6708733907058496,0.5920631948912279,0.5455033223386235,-1.6247086882722126,-1.048229012302661,-0.2913595742505812,0.43432538779496294,-0.5088650354299943,0.22551901776961086,0.45057345948487737,-0.17927197344288934,-0.6357688709170123,1.0867559630196173,0.02256436875141048,0.3007237545187095,1.927621555918691,1.9462699778508359,1.891883594506785,1.4033271438515664,2.100859054711766
1.6438377038725158,1.5102421875778422,0.45458441392936716,-4.330166642951355,-2.7446793315947198,-1.9380779598502067,-2.506974505818829,-1.5208994177161408,0.7989510645890748,-3.3223102166904224,-3.102740830126496,1.1517897189782091,0.1871808289254933,0.8584828985687855,0.4418820881399659,-0.01121072167952709,-1.020597047722077,-0.04995537068977427,-0.8265949397601859,0.11261905685526848,-0.17270521758391363,-0.5260590266230455,-0.9065749736809016,-1.1283897363698323,-1.0493439424648128,-0.46400438988714887,0.5768931642468424,0.8162036297150087,0.2668734530262619,0.9042982971207824,1.0850467683824687,0.7945761462730573,1.585912089234082,3.784908943572142
1.6083713699867992,1.5803343422732212,2.9579956195331545,-4.56285026351012,-2.038733822824928,-0.8791826266152043,-2.098061902426556,-0.0592438537113446,-2.0648994705530708,-2.835764204866625,-0.9166693426164361,-2.2091738062552753,0.17366544336844308,0.2545925898617577,-0.28385189781270925,-0.028803766611764224,-0.6789721264861043,0.08759137176655377,-0.9743897612071815,-1.1389903437028008,-0.843495461587795,0.16910584424471956,-1.0177554694162994,-0.36166313759273383,-1.00861432940855,-0.6711091589969768,-0.4614896815900178,-0.08683631756883313,0.12787997538562793,-1.4831441723985674,-0.38214573072885627,0.4989559035862618,2.3526384931432296,-0.5358623851858698
1.429726528120363,2.070763293690227,2.2705708802586813,-5.705967609953798,-3.8068164119424557,-1.875755560684428,-1.4580817323792525,-2.895307024618748,-5.758178102251698,-0.8914551865439195,-1.5877872763292493,-1.5799304666096403,-0.9846036836666295,-0.2253623319124911,0.608778454660474,-0.35363287664994314,-0.06529505916275335,-0.7443905145761531,-0.614570541170528,-0.7964305291274574,-0.03155060822291634,-0.5268543344682479,-1.0715691767107862,-0.9299372990946911,-0.4576195989523679,-0.744874642031907,-0.29907224011280453,0.17445229956580843,-0.5680625052966739,-0.8449707282878286,-0.7214411890056931,0.05460904225822468,1.666348738945447,-0.983656733786447
1.6192994764180095,1.9177056956997585,1.6994662540788645,-2.506289694760596,-2.882688618681298,-1.971941611750574,1.1114820191532166,-2.68774903895595,-2.383013633782429,-2.3304368623752865,-2.454270342603693,-1.62415347992321,-0.5155891059183418,0.6006705502639916,-1.0531738125240881,-1.0254866716511746,-0.73329455855849,-1.1243007085356194,-0.3672000543503999,-0.9161806241422776,-0.22406321368453017,-0.8717267507768264,-0.7249058305627876,-0.9360653387093723,-1.1878201584312895,-0.42900148764945834,-0.3612508487642207,-0.6064004946949358,-0.8512451506147475,-0.9725937533017024,-1.0040039646568628,-0.511333392564935,0.4528733835272832,-0.5200705767093206
1.2425664351774826,2.0890082906735694,0.8379711716568853,-1.7083690356275973,-5.396206259335286,-2.1393810317170874,-4.529915658295141,0.24025357495547958,-4.2624702914126695,-0.43283296107981223,-1.0539515059140652,-1.2651018511352508,0.1428584956641413,0.021385398336651755,0.7689270836661636,-0.8977045272968933,-0.9355359595184259,-0.4344688678804208,-0.9495388721564323,-0.963593545992291,-0.8439001583779838,-0.8765452944162129,-1.2152325936436517,-1.1055282346852235,-0.3424013877200407,-0.3820031901003511,-0.777212529724099,-0.6287498501444183,-0.9094627880967096,-0.7440849599572797,-1.1504760460908892,-0.8384750747739694,-1.025845657687646,-1.6152784241501716
1.1030924666889872,0.9417453441519736,1.091346485912227,-2.359368064769817,-7.278858197649699,-6.074175444766512,-3.5263687372657553,-2.5252529298352373,-3.1993399924872348,-0.5040593987115521,0.1778712939979544,-1.1807772739623064,1.189716556663783,0.4979524087642158,-0.7529985842238665,-0.8819184622609891,-1.2317329696312747,-1.035151372511884,-0.8507839740066795,-1.171502374494417,-0.8570631565194162,-1.3490136835479125,-1.3807216983717152,-1.1971707691529025,-0.7021584085237615,-0.9969745279852045,-0.8144967638336645,-1.3063074464342659,-1.3599318347722553,-0.6170087620379038,-1.3576600394572893,-1.253438798662982,-0.8891771488653116,-0.5454519122863254
0.6850783852857855,0.8459007062912446,0.8027531113683322,2.0798617113007345,-6.438007616037031,-3.3168939124898853,-2.387764518048887,-1.0353796949455933,-2.336515105009959,-4.033089102739338,-0.3959490806686429,-1.9346125357019517,-0.22127215721559107,-0.6864368339520949,-1.323394748711781,-2.572490057789276,-1.4891643854028076,-1.192900442416858,-0.7231948345463445,-1.2146490519720923,-1.2756484903772098,-1.3227726006697553,-1.522897789020055,-1.3284547715827342,-1.1200655475407335,-1.576503776136754,-1.6215066921035288,-2.0745145149695765,-1.3370045737082834,-1.7099315363849603,-1.4133389909057454,-1.3890723686535238,-2.7540195015873703,-1.6038610476932214
0.38586028342675477,1.0776648220042868,0.06638331873857878,2.125974765377574,-6.859580596566366,-6.190792516022142,-0.9820465578186761,-6.398319078275407,-2.863974570466791,-1.5016157202224436,0.8633386283764033,0.7210178367945519,-0.4695942904852931,-0.8988294249437127,-1.6178587986773207,-3.374838929145223,-1.2971118624186906,-1.5681114016771753,-0.9518225375533218,-1.074347405371518,-0.5635390420230917,-1.8794059924058413,-1.879366824370899,-1.071492821146489,-1.8586821457938327,-1.4321230165788745,-2.2611482685321964,-1.2823173979336504,-1.0646310532339989,-1.0749647625382412,-1.2364580990207226,-0.12998454687099661,-1.5474617605539882,-2.0772543975855675
