script/wind150m.json
{"header": {"parameterCategory": 2, "parameterNumber": 2, "lo1": 3.000054539987559, "la1": 64.9999836372058, "dx": 0.5, "dy": 0.25, "nx": 34, "ny": 52, "refTime": "2026-04-26T02:00:00.000Z"}, "data":
[rows 0 to 24 of 52, columns 0 to 33 of 34]
4.318173179809403,4.505142146277002,4.8054294609599415,5.057896474909888,5.307143960344599,5.402034381990148,5.440279229823616,5.703770549977105,5.7862594745154015,6.027506060418044,6.389480975559581,6.693071455382176,8.260520061940447,6.161878483605004,6.361386262179665,5.518824774729288,5.833550985071159,3.563414752787268,4.636156276903947,2.972813688380537,6.524580678633697,4.430201897854549,7.633461392508473,7.459579853528965,8.024220397328028,6.648819291503717,6.072238347733488,7.260405640520443,8.290315055440727,7.258985085392703,7.16336252936887,5.978473766300116,5.1667322590390965,6.515561505252004
4.3638837471546035,4.680540996587741,4.790549062202455,4.793046051430073,4.969052311046931,5.18659040107638,5.7957940435988915,5.8376892776403775,5.623710032579319,5.742060872550283,6.34686928714124,5.2866313477374565,6.666152867741171,6.124544290468243,4.702967016342096,6.002230666823165,3.6874247869935384,7.179510638200924,6.232576295124975,7.340229592348505,4.281157692532766,6.828841002559108,7.9322847816880815,8.996111461923675,9.715227990182697,6.562725846004826,6.487384399129581,5.642164024931036,5.190281319497509,7.010778034373342,6.875087126450342,5.930720011901795,5.937937616117941,5.315834718271392
4.084158997229294,4.458916246139335,5.254616801452099,4.87003031980727,5.088210893491392,5.169953705879495,5.431187307908282,5.985201002949396,5.646337487025082,5.828274515534917,6.160515544852331,6.325342208445353,7.067804533376462,6.715780634026445,5.968947222803497,7.582403733201073,6.0311656237952285,6.2459317982099885,8.487988826456972,7.49858996042542,6.012220990042349,6.079007806578583,6.134313805935064,8.96267573110684,6.7804812337285565,5.8884838911388995,5.66725076845643,6.993348978065394,6.9507736748900655,5.771060025557912,5.9276309298541925,5.768716785694755,5.8444508895881055,4.747077144582607
3.9483642007308366,4.145278157440533,4.663313169390366,4.907780432358397,4.745803365077475,5.182637601476335,5.14833176429453,5.707946774648459,5.656308422140739,5.648612866616037,5.990679577261599,5.654853758859759,6.674707296178796,7.005972919707583,6.808661358523755,7.546271589900658,6.640765062404593,6.05297495413827,7.955134782445953,6.429375939105713,8.600170581758965,9.44579060700321,8.398193529108022,7.835219714288411,6.57236658469759,6.818209267218509,8.882400192006909,6.830423237895967,5.128608705948991,5.999129611816631,5.681403470750708,4.846879498738464,4.79339319266635,5.069262018861296
3.5880810810611714,4.2380930848975025,4.03684428168786,4.278003075783144,4.70014352941557,4.849301362890595,4.948978000397479,5.355651914541416,5.537738068771609,5.294792315380288,5.386423086225773,4.650795785016945,5.076135205162718,6.231615050915416,5.632611727268381,5.4979716252525765,6.490561339264504,3.1803676422236347,5.724233039376522,11.554061318911254,7.397349516145282,10.305980774243471,6.067243261582897,7.267328789072868,6.786306780952026,6.120320112362956,6.680702778838757,6.291214703156377,7.725965386105958,6.4314235844250955,6.402284332947143,5.4404372403126615,4.687235795583837,5.578323848090884
3.547567052712216,3.882666733067731,3.7747550894453377,3.802126234648616,4.281337305230325,4.570739624014407,4.853799783155192,4.696543845814016,4.86917273883876,5.267904712031083,5.189723319519372,5.097023336709628,6.366537959635558,6.074659245853222,4.78536452151879,5.912890311469393,3.285410005543213,7.0539514401597305,8.268064519506547,8.09912366670945,5.826838381023383,7.056805616158042,7.520493829864121,6.559882172207449,5.854187914791231,6.418592858089141,6.055347166701758,7.139411603218973,6.742518404000203,6.048725188778621,5.581778036733006,4.696132717890031,5.204364266519046,5.724211073589286
3.2380395319704607,3.3101364790494254,3.4611455765138452,3.909814014976626,4.269365397588535,4.154055537916442,3.9721304357895635,4.6092736384704205,5.4010148212500155,4.990503710670294,4.179147817513303,5.154452307701258,5.3235181671191745,6.428470937437159,5.451268393075991,6.9449007733650605,6.051780440404065,6.426827858587743,6.344463302903839,8.711649822336621,7.998721530676916,7.216989856637244,7.487527514502588,5.439903031541123,6.843718938275376,6.057480589061313,7.115883183144592,6.821189758166956,6.804103851156562,7.301025128256666,6.250232655964355,5.303898365622761,6.182632681269082,5.824985334786136
3.0684114829998466,3.058910180185193,2.9868872079559203,3.2851747603154298,4.205727792978474,3.968778977307744,2.512465374838155,4.248162608961322,4.968054614006271,4.41178414210014,3.3448775095576195,6.20232747986411,5.006321977935642,8.532263142212058,3.879857534941259,7.847388431027322,4.950631525017653,7.610327832204694,9.62513206622034,7.672651892329657,6.277355173220818,6.781383688187603,7.9466625117426535,6.77672133631066,7.297869111560376,6.337888902462632,6.829805808060034,8.065423595271337,7.10648245130009,6.4627051368104365,6.294823923319322,6.657677487676215,6.056278314429101,6.49715349582812
2.830495821902253,2.727936596122582,2.6079214391031047,3.0035435560284327,3.2393461907380465,3.090432828120034,3.915078419297568,3.941281476309582,4.402737750349784,3.8406260681258177,2.218891723263083,4.6265242246734495,6.034417974460638,7.004281294331537,9.886209820561405,6.334770248082681,10.010199881881425,11.235849563186996,5.723460307030752,7.427649295286154,8.253816807027604,7.276445980901857,7.390383538322534,6.431488720019106,7.573440365253164,6.791524395051277,7.898655859288483,7.567420864637155,6.383393117435949,7.9645400593496,6.507846228721257,7.448267888105416,7.6619397432680225,6.374093545570714
2.4917335589325966,2.4283754033300884,2.2512517111239085,2.4318267370289837,2.099989352658026,2.631965624214884,3.183744575856974,3.6023030144500696,4.382752246286523,2.3880403898989817,3.2681571371894584,0.884535450545402,7.265473345503774,8.797533836046517,7.335606942558514,9.42943832173047,9.181027847862218,9.8688401327454,8.325915575297719,5.3739279374298645,7.502456381375169,7.880069302674375,5.612377774474499,5.7274757701242365,6.521296830008556,6.793172546652835,7.9316041685819965,7.841607650441157,7.032966276850857,6.713704947966137,7.001616385265201,8.432884428555276,7.790198082838354,6.785735120030232
2.0931903823444937,1.9451539689958792,1.983776772520529,1.6713738482572489,2.198706010480131,1.8934569652660347,2.5816236224128746,2.9694920482711136,5.17148558714346,0.6963297596978064,7.443970501314461,6.588731029585103,6.637514521613145,11.732040409730928,10.223253520809227,8.112879353086829,6.131621169791711,7.564825412888216,8.2413973225503,6.861327785407339,6.191029401601911,7.562217423329824,6.463233553874321,5.104278197616,5.654715922125138,6.473524321415476,7.8864019956663975,6.395711386452718,7.1277043688475334,6.692458256847484,7.35236232421805,8.987848454175637,7.599883812245477,6.6854610080098285
1.65827417672044,1.488561070609454,1.5258801922570873,1.1983940698414333,1.3583981757517158,1.062339471765169,1.6522486889229075,2.027925101643377,1.6871279894041964,3.1398208472151614,6.947736877564874,6.859712670168342,3.623577390319962,3.6150422657016534,8.221870704303388,4.045117193053077,5.672305028392636,8.133415045977436,4.381203973464182,8.341921426037114,5.992712244803801,7.023406149080012,5.416164873078031,5.229079128114773,5.396079865529433,5.690230144434798,6.416066140042229,6.948459506336525,7.063463929629166,7.78335651146385,8.08446871030683,7.84828233700067,8.271781591971303,6.600395002996697
1.2060005124276798,1.0893789278744854,1.029264573072356,0.7383081164558394,0.39512093335638376,1.6863600917922579,2.9939301259704068,2.659647125578285,3.4616275098107816,5.489085463425948,7.441091385587925,6.4728844727351635,8.371255095352392,4.2671313580875685,3.2175512995260847,7.046323289333736,4.4394831360460145,7.395002770646437,5.809997314623912,7.398970733433753,6.641619151340924,5.216085571004781,5.498986704498933,6.300879819999365,5.282017856114686,5.531722864249215,4.990373760836448,6.354298873781959,6.726343544844445,7.857774519657664,8.846726138903085,7.826645687877432,7.66578130161045,6.646415801155787
0.8155151957315161,0.7961826317122552,0.658587754437386,0.2706799043002376,-1.331309382847928,0.12864138039986467,1.9851160827537881,-0.6364026276215474,0.6272060748007889,1.9289080324640546,4.1418839433418,6.623994282081326,7.630393556261533,4.853772229142615,6.188821534340756,5.258543217539672,5.970655232723165,5.569618887615902,5.489575766883357,6.239410884885408,6.483380648616081,5.706630223719696,4.879292189441177,5.98037315965461,5.7621156914232685,5.66853487581372,6.483775096011053,6.321938089449903,6.972616841766582,7.810871775874124,8.045150139980448,7.45842294939386,6.836162495613235,6.2006055998659235
0.6528609567484486,0.442809572709814,0.46428761564211396,0.2730704213379919,-0.5576553102669177,1.2425547930542167,0.06319341432535114,3.57545574360539,3.7457801139264415,3.260667482172504,2.548704408373842,3.6483109707861723,8.802835640228128,6.414792832376403,8.099021214344539,6.328491681572928,6.137246470347512,6.396866672276599,5.450127590269429,4.311409916350564,4.803455394809199,5.5356221175015925,4.239451728896869,5.853650808980213,5.464890322162701,4.896245952078613,5.618163911621647,6.292218000875786,6.677063156808965,7.119469168116422,7.7574678144928795,7.1433543685280085,6.404383725146578,5.892112237787753
0.35111527821893074,0.3883693825640799,0.4255886814225421,0.08891362156533514,-0.5022379842108597,0.7421492721377221,0.8946042114454504,1.8186706673076773,2.1867303451209694,2.7276810151975157,2.935236502754628,5.852633488785439,1.5645405502044598,4.38661539738073,6.613842714792112,3.547815943101014,6.357069427240046,5.527450724774812,5.221396876690925,4.502020838054776,4.056948535811564,5.46151462394095,4.483212913987543,5.255316627500005,3.5775410789271413,5.06623635527668,5.737339815865004,6.956224839214606,6.348812820064814,8.255861531145603,7.938784477590915,6.711453095899161,6.065168225807385,5.679532521431018
0.24096150549347478,0.38494874846695676,0.1309892307347159,-0.12518292607035436,-0.674095105312813,-0.0030505160984120824,1.2327434430438338,2.449734702997177,-0.6268297994055083,0.6434155771118528,6.157386573621103,6.563282926771164,6.405010353611503,4.674380348434255,4.83292675933415,6.047682712409594,3.2130660954897596,2.363577744040324,4.483193974756314,2.5316555156920026,5.76881851393992,5.016998591747334,4.869072472651503,5.877388311628195,4.272262692717192,4.2218114642656,5.422980592147271,6.9275629338080185,6.3126258180177,8.382372295898888,7.625872685587438,6.559814237929339,5.965588636963339,5.515587392813144
-0.05986022465905148,0.33230361095841915,0.034644972355583205,-1.016108663441452,-0.6068575807160747,0.03452816501425825,-0.6339090542577239,0.12854913631773487,-0.7445764785584659,3.027634383162239,4.180004318458171,5.160693170728136,2.8211401655012733,4.6259012762280225,5.560405764846947,5.791143898032412,6.179956060664075,4.906243030950119,4.336774554393814,3.2614426508536254,4.474033246103133,4.866328695291399,4.981777740214382,5.632365830186715,5.438088517948844,4.4507394733106125,5.307546082765375,5.3459763315174715,5.519049143205214,8.591610571042265,8.263596464637113,6.734875014498151,5.922239736766312,6.01591872523405
-0.2632536635666363,-0.08365670243647462,-0.08741150873428624,-1.5016300315274864,-0.9077013883020221,-0.26382429394995616,-1.0410102575883846,1.5871842206252391,0.11043618666865887,2.188860060730615,1.7946709862692958,4.604908042025448,3.471871138408172,1.1033519196513142,7.041948193659283,3.6598773899569204,4.984097426964871,7.172821730273798,4.1485582409905195,4.052277778847604,5.34290144057891,4.764308681448317,4.133658413731665,4.838254989979565,4.530329754769603,5.9406109925084625,5.3930959925375115,4.8523670251890625,5.139396869160641,6.0387491282427765,6.703629214717919,7.097171845594447,6.333818525246328,5.854943157444103
-0.33145945674134925,-0.44512946172308343,-0.26615630830755455,-1.0669048340678613,-0.7327849027197374,-0.39689227182825393,0.5916530917965123,1.6030188996991745,1.3979781792324293,3.596717493298052,3.1802661163033235,3.873873055249817,3.5277105445258283,3.6609407710218718,3.5910877345337346,3.146464873777267,4.82889838178941,4.324466451898233,3.789294884530512,5.485848623494339,4.308643262190907,4.041770095689699,3.820724631134287,4.940392366433975,5.159038291522868,4.868001547972799,5.198353223246482,4.886005564317388,4.880847984261108,5.440723431975068,5.65245061645268,5.837317080400941,6.729600272789446,5.045468365236713
-0.6598305759017169,-0.6358556891623853,-0.31799765780257006,-1.3282616154223468,-0.7050196140568977,1.1585809540755592,-0.5103134618363491,0.6056517214394758,0.12947549668421568,1.9550458816500278,1.1091030562950621,3.6047219758454263,1.4480287376334395,2.51914900923828,4.035204661730552,3.408703311141234,2.7456288649955845,3.350060677224805,5.766341658265624,4.557794703723188,5.776938347381639,3.748291682352766,6.523653030816158,4.235464446539919,4.515586494983593,5.612071179435342,5.180262991956566,5.155066432726658,4.861023733059743,5.866906912602942,5.944658680180472,5.356764847161826,7.475933625456998,5.878014892126976
-1.0353302155387134,-0.6908629887810313,-0.7026215935440568,-1.3607699112414187,-0.11547364714003572,-0.13926503705638474,-0.16125129731249757,-0.4548886166926792,1.9492397244524893,2.0533344859508444,1.355753250649344,1.5825936094934483,0.6750309686712694,5.392471083603094,4.385434254997621,4.161847181990592,3.6939813593712847,2.4851917487864053,4.582613710735132,4.620851841456504,4.741853745524294,3.016852446438954,4.842284861384374,4.489684564597026,5.561988762290644,4.338884940572892,5.15392538438617,5.431555433579596,5.4544464265799855,5.836346256310961,6.093691688212091,6.287334503218864,5.498871687832843,6.918418355946882
-1.0173420951147973,-1.0197851135339402,-0.7709177473037382,-0.9561002971047301,-0.06790980065986153,1.7064550195302222,-1.2584362383973817,-1.2803634543079256,-0.6588849816865759,-1.811785023772171,1.833890167141365,-0.8557392947998416,3.349625219359771,2.6626497211162587,3.91852488945256,3.328515860012538,4.419144829499411,3.7754821981624325,3.2002254671299792,4.325966255610195,4.852141519594426,4.0445367476080465,4.017419835722686,3.5152039105687667,5.498973258141532,5.213182669948932,5.357158289725315,5.431142279598993,5.568506323420089,6.070136295258236,6.971923226771048,6.261426218898241,7.682916902102672,7.127898865648642
-1.194270236334632,-1.09067464419759,-0.44336360104316247,-0.5871921324388247,1.1300754700816777,1.9277544332632763,1.0286090238381376,0.16594214669348772,0.3949826251033671,4.132813316145591,-0.7971388681838835,2.273676757483523,2.436641388712291,2.5144303698504387,2.147833144702013,3.7947473420169078,4.097199794357084,3.236762319475393,3.9519626958661975,3.902572405136681,4.749707600258817,4.6235442947538985,3.9625079846465345,4.152743657999406,4.420904900147134,5.32432867830773,4.937040229036372,5.648801008320657,5.429023381843034,6.651998567443376,6.980622779151184,6.532004325273276,7.53819979373234,7.300424323598516
-1.1969820794897827,-1.1410438121453612,-0.13152025288156513,-0.2232342112666966,-0.1577280695774444,1.1579781054517446,-0.06007137779658907,-0.10169041738300409,-0.9460457938590877,0.8073665556837085,0.31682223027013384,2.1130670564999385,2.6200832276236765,4.4168427562835335,2.781366287110343,2.7207026599568818,1.9040509806620567,2.6816620046732558,3.207387250518309,4.377421298258634,3.703643548386321,5.328978710134194,3.4875622490499554,4.749865230512726,5.438768360353474,5.2466160702309885,5.386110330210465,5.445460412958502,6.006867375725127,5.499109526321513,6.102848619622682,6.882025019663277,8.259203976827186,8.194212404787917
