script/wind250m.json
{"header": {"parameterCategory": 2, "parameterNumber": 2, "lo1": 3.000054539987559, "la1": 64.9999836372058, "dx": 0.5, "dy": 0.25, "nx": 34, "ny": 52, "refTime": "2025-12-27T00:00:00.000Z"}, "data":
[rows 0 to 24 of 52, columns 0 to 33 of 34]
20.82683456926279,22.429462329031853,22.612269768640992,20.55897544802843,24.46349717532206,22.041193737021857,23.92961292166117,23.76590929644349,22.739676947589047,25.762455209339947,25.24164395719959,24.59616693278118,24.331773440911345,23.88979448808726,23.407365547570073,22.25311070874604,21.20898928198469,20.00239026101678,17.289159053208547,18.13096377697222,22.275464937683456,20.857122426280363,23.100005620825034,23.19065879155309,22.991406381214126,13.325051801173856,12.48731805497955,14.591198012639309,12.275891358651782,14.443776566362699,11.540663884159494,12.381127743686267,12.192928511267723,11.293868063111152
20.956411565481815,21.250103366506636,22.276381241553782,21.418020810837117,21.802868787039902,22.997424330648617,24.380165604640535,25.773165267999495,24.41465641518098,23.912884121383684,23.819560820966007,22.75247868287007,23.068643414632206,23.024144199671046,22.825905392268016,21.80505411097464,21.11751127906178,18.015332861729654,16.67303313533051,23.447278110565293,19.499677666067257,22.255270978723882,21.09404644474397,23.40145726977947,15.720951054191596,13.642520835960669,15.796918546363296,12.658686626930928,11.820382212400684,16.388845551088,15.132626907649488,13.78484298000788,12.135987141086495,13.343992684720561
20.395727650685583,20.474283706464263,21.54713959362091,21.089196361031753,20.546125907980898,22.896860354961003,21.679007227396045,25.984157383154393,23.901148596746562,21.96292008650902,22.362093507327987,22.372196199633315,22.37025333578222,21.822743046968114,20.90861083701973,20.209639308004878,20.99676987695357,17.488623173362477,18.757042419467606,19.339299099937637,24.20917530164567,20.460789213883494,19.583615286886495,18.521034265863225,16.145209822421275,14.45121600893417,11.342843390601631,16.485447829914357,13.603556550568811,15.208269135309822,15.434336006596071,12.100120837974778,12.48374757410873,11.98422039845222
18.922731469843214,19.55101974991172,21.52711448759315,20.05516603667803,22.656260118515497,22.608222996860622,21.74976934969976,21.37067140096851,21.62905335258465,21.85990646211423,21.944590283803354,21.981272790341507,21.804495584083423,20.751294176694984,19.498451837861857,19.674332480111964,18.210924604823408,17.079557685382426,19.422035015159434,15.691299160202922,18.857579490961008,26.5268660220112,21.27727703892082,19.968256045439265,16.353792933501545,13.605298907631848,14.688553492656505,10.736872317077335,11.366141525914232,10.337049213709259,15.842995627068976,15.188689814093534,13.873200561930828,12.313271488067072
19.90200156906895,18.948484686025882,18.032321335406923,19.057279988654013,19.70578950257034,19.65924198053096,19.65430477299583,20.00606207361034,20.362685158943226,21.3306651463823,20.803212535517265,21.76238260694372,20.46513962386607,19.848576465904113,17.77445903442147,18.23580398357219,21.033421581663603,15.315835106202103,18.63448217146615,24.75334399163056,22.38265202892994,24.01224416902659,18.412125247167477,17.242393292377457,18.53029323825198,14.643837092288686,10.816777105648834,8.70399796503682,15.279792521296537,15.28889171599574,14.828054764684175,12.719527713985164,13.217533880405,13.67046246606086
17.810029309214165,17.43492111823554,17.324023245712226,16.97374529790553,17.03811965667155,17.61972845419684,18.43845433280167,19.093453621375453,19.377047299179722,19.028456738351718,20.651463257513715,19.558478331973117,19.073468904042603,19.918058060346002,16.72550201346065,20.308105887463714,15.898569762992793,17.782572803812585,21.747504291991884,20.681451551140665,19.604045205498373,22.327789294679725,19.4172297532686,14.128661486926815,16.869182282323106,13.442414186485939,14.084689736454832,14.784357993820695,13.537442559262095,18.539234711152464,15.561046805886061,9.658616620940846,10.508215206458376,14.900743370637251
15.489672598294215,15.447303154421412,15.57739848326055,15.87858253816366,16.428814085583813,17.01181004216282,17.139979719461966,17.081404634427273,17.13165740752548,17.85621773509015,18.652632181568986,19.05043561383919,18.583184902886632,18.689892190453158,19.110746630055495,20.975750435151255,18.819985714785844,20.609162921022318,24.153812805578134,20.662188972599935,15.756104909997925,16.580068373027192,16.35209488582827,12.758463511391911,15.813360710333296,10.720157049518209,16.202292202275245,11.725854207172107,14.629883467781438,15.54386151955593,12.991422324966875,15.192936679646737,13.447468883541834,9.689329032993239
14.062028412151006,14.415916775458443,14.768654294796365,15.5808722758023,15.6968430644497,16.207432490328873,15.915288737032634,16.300697819628557,16.769447653864486,17.570677471094633,19.075739675515404,14.078395628651467,17.676348248859924,22.750228637722962,16.328857602741994,16.093409581689464,11.896023099333421,19.62242165832695,19.73351663558106,17.190367691141304,21.48340224121244,14.219853456515304,12.597750952895304,10.097461661777483,16.474711499440467,9.328435218493283,14.853380258651626,16.75659752779643,15.87137875042057,15.004948628781387,16.271132828248035,12.197134607630103,13.701600388350197,13.64776743815391
12.873574078748975,13.38361208792555,13.876178036267868,14.11810645699165,14.336265085420784,14.876582299420448,14.945567009937413,15.486753244842404,18.571276689110867,17.23086835619511,14.090933111667558,16.564976116893458,20.990398615034994,22.181703032065975,20.973000050234162,11.391296908298193,17.75972922770846,21.324821883837284,16.956812068381435,23.90132975523081,23.759040842668412,19.718868764541995,26.314816385689273,13.698327475428066,13.21735365997158,13.966891123926015,14.602788178499129,14.901072213859472,15.158542719190033,14.223491154581682,15.631345903517204,13.289766851598337,12.465891291164839,12.143746030383486
12.216959037007198,12.3360481222432,12.64506581573534,12.699499761059888,12.600288646017002,13.15023157637421,14.343993010300133,15.978042044244631,14.752768694704425,13.92083702375326,14.088228493808161,12.924672824376767,23.67547587978833,25.854050278279153,18.744921724552928,18.819536262831754,18.858001919550013,17.941992590969523,12.709721484314306,20.565440329095726,19.679685262339714,16.635568851881036,17.482734151372284,14.398372147009422,12.82997348860634,10.983507246522121,15.726354272523015,18.00014939355915,14.152982956178603,11.483498935911477,8.622654520613304,10.573470167703453,12.9827965485269,14.988641921222703
11.00036810581561,10.505219118919031,10.732873852450252,11.47795595990474,12.179107754133645,13.259567609136166,14.884889314823786,12.765121839549007,18.051140345721816,8.52453028341433,21.85574716554575,16.12497767444695,20.193459162899078,24.10943993027732,24.07895357024035,10.818799370433245,13.986095008439946,12.710497751040597,14.571435969496177,17.087745992416036,22.284664187233066,14.5561824885266,17.804968741416165,9.329636986069389,12.674042531683618,11.303226604865953,10.062119787667147,13.864326701770707,13.244352736185204,9.798068299318594,10.72324980888362,12.056925571916564,11.745181992740235,11.287817705734819
9.745043119193454,10.231654902954078,10.409990773771428,12.165945964642498,11.53003952535394,11.946698277515793,9.774814083676723,6.243388182786797,1.9109338163476075,12.90252978326695,23.2953798964685,24.447902576828007,19.31883620431666,27.664803236734212,20.086673197978367,9.531229864394321,6.766415145264572,21.75768087115279,7.64903665903569,20.073311848156763,18.661558472533248,16.743237871282332,13.314355864964377,14.343093667276953,9.96833734332516,13.779349625923512,16.068262908782085,15.200137250210197,10.355840360953827,10.605798438926485,8.298037649744053,11.825168330333684,11.656100556798211,7.790774854835061
9.776773127800702,10.40208492832459,10.834603523840265,12.880278282626426,11.257863837648758,11.285032975914357,7.256064207151043,6.230335431075186,10.788289847574887,22.30697241107844,14.748745351497071,20.06069867455268,24.052828688288542,22.286621360905414,13.079545970008223,16.464125108016184,9.104406633703507,11.318212099974202,12.028356913604103,12.686271830162072,16.78674185429722,11.766958261958491,13.956658513649609,15.765680007864239,14.933367715148135,14.282915380113671,11.004425411470857,14.393002502514555,8.591974253754914,6.652392154986572,8.245215632478898,11.74138064923262,7.801533984056553,5.642827528283915
9.746063150672123,11.50073261531816,12.340516771511503,10.427490911374443,9.545524940034255,12.829809600952533,7.063108275844916,1.3830929963249552,5.669550879096556,15.557942451715858,23.665340888606835,8.56354307351021,12.020110917326718,8.739678147846927,16.08529212677698,11.348345369094924,16.6806177179803,12.047831599429209,15.836249501662254,13.396774963627346,10.326450390352399,11.613725774990675,16.700740477553477,16.570704129857837,11.899728953699967,17.098396351751546,12.910598303238737,12.982278260477582,11.066074453024429,8.72673240817029,7.522641416323198,9.13772092038179,5.743115042557875,5.284480912499876
10.843811658054465,10.397103729673606,9.93537346343114,8.68043431826209,8.374662587838857,8.572248306849,6.509508404984107,13.857880295832796,4.937725482845475,13.615812446423314,7.0541069032038095,26.21806519829805,11.051446411724495,15.738971134100222,10.383623176890882,18.65639210242739,4.518946332139436,14.179165986440998,12.228839992719758,9.495009326091818,7.778157718650355,6.952275700922879,11.888564797391728,14.584359045432528,9.242201485679377,9.122760871868298,10.31552258893721,9.715451070447934,8.440066417064555,7.034349187233848,4.141241359379126,5.479494650103688,4.748777411912304,6.154018398206077
9.676181205302585,8.955143174523615,8.375453644261134,8.400291765385717,6.984984438945522,8.440408986851766,11.782254195890568,-0.5030624072508341,1.0682801212534958,12.962667522542208,22.949712622604363,24.757821190085856,7.895396415424922,11.990761113387208,12.818181474980165,10.406344859295624,13.126919328937449,9.215066148994138,14.504190378344754,8.465150530785715,14.284892551240508,16.088747597262465,8.472520627323377,14.489952123779075,9.666460191520123,7.952781627599009,9.449836171721731,8.343193735071944,6.567073911957181,4.594422768369019,3.7840168173890634,4.1651154572212015,5.310792306702234,6.520441686915894
8.913917266523253,8.645740941638437,7.129610433448582,5.400162109743384,6.674675927725873,7.306380919780064,12.995292920795801,4.795361911279997,3.9914859823128666,13.637421646916115,25.035736450344025,28.751063641001945,13.700321761278053,16.6253816938837,9.058336787547898,6.122697075638693,5.889432418821813,4.535833602997239,8.577885527662085,8.803752999317245,12.19212986208993,13.464269378880475,10.452171541290248,6.362559889797592,7.062301658236932,5.86695164039722,7.062945514419722,7.750063349433891,6.406299965664011,4.325141378157682,4.223819610203282,4.1940621638309565,4.766592948566594,5.80796651485158
6.911552693778013,8.221233269881502,8.63588684796805,9.336694318177884,8.982909774556274,10.079601062660133,10.177666119756225,4.548099838705657,11.617269496398821,13.901663137296845,22.68712276180877,19.336786302294623,15.82993699080406,19.383548439398687,13.257842414954698,17.388850121926897,8.68616829291105,11.262399630930533,12.18810854143762,11.147524597690278,11.637465992477251,9.398188710000603,9.204837684673034,9.652155533939398,4.092778295736245,6.312430711008252,6.940182261612244,5.978391329695146,4.743131878082181,5.000529697935988,3.7127012304763336,4.697511560197658,5.483361436829943,5.373797404924606
8.711648347565687,7.890709414862808,9.350444624922165,9.066630281892882,7.789972143311687,5.566588510085241,10.490110170802595,5.667692449920869,8.844532199749327,25.48594460803204,18.01704284455755,11.64740269513081,16.664759399317354,6.102729510552985,4.97590469475946,8.3905403592048,11.021818116401406,8.676726713847799,6.670452698527861,8.891648458041077,9.202586387502794,11.012389271027745,10.89013468717551,10.32972212469436,7.7559578548991395,8.205438532464674,6.879527182181119,7.924943948930155,6.03972865764487,4.319830649866833,3.7141885846275997,4.843175051069035,6.068080324753325,6.318461594890019
7.137549003960158,8.544185940953385,8.504568557471062,6.841718915889831,6.823927406675682,7.5620025674172995,-0.42477056947129566,15.255747618244765,12.483303672681512,15.600233676599553,19.936998490929216,24.151310142444707,13.337660342961042,24.781347504868883,12.202881862638113,13.266346794198926,11.226896533142764,5.04892150313946,6.988929863952381,8.817104247479756,8.80602966031827,7.869107760204601,10.88886395735819,12.427173497774746,8.218293048145767,8.152192530723164,7.438039861625237,7.1929532053220475,5.404007746874841,4.091952422951955,3.677270422092599,4.411380663751493,5.667099566731667,6.490734395460733
5.145055897692256,7.061406767168872,6.955379190692579,8.25411907381663,6.698932036444918,5.784735028632353,0.6529657441903979,11.008460755639549,8.854860955971903,11.413105852371615,15.573107594599325,19.919779080788782,16.42260142699525,9.50064627872239,9.039759432711469,12.136029962207697,7.564394894663118,7.7805296389778125,12.147046521861965,8.613243682742905,12.631347663819016,8.525370656331958,10.768651567865206,12.18835201300573,11.157555290122994,8.906622168049745,9.43099297621281,6.848995401607601,6.28172018832141,3.686396339497222,4.751536086498424,4.329857268230496,5.539631080980408,5.579163189097003
6.35965080548785,7.068988927429997,7.220118787245306,6.851794259913882,3.8515691250730546,4.075182300475555,5.84809798988852,9.727741906500299,12.055255537764852,10.128245150662414,15.189494034426767,16.485093202433408,1.7943013689653216,6.783596415336813,6.441269081381404,6.707606500324106,9.960746699564258,7.933813412077127,12.640751389999023,9.582944385752153,13.900262624310653,10.318176361538356,12.453135415070399,11.416023927549515,12.098936637192601,12.740014815729884,8.200756894658701,7.453376424852943,5.749291863014436,5.244541921558895,5.411269008571563,4.514267828665523,5.629104594674737,5.635804531142175
7.514534048487854,8.36308470271825,8.655288111255075,7.230383792691395,5.6928404002842115,4.764419866171335,4.40663493844418,8.101479227756924,12.00486286708364,15.925181838413978,2.8626119318662764,12.305429344650898,14.70185429699086,10.415047066603448,9.284595950514834,3.443961969679737,10.070072739624838,7.607583508674208,10.919693975125837,11.663012534928265,11.29568497505122,11.341646555311044,11.454216512971282,12.923320333431002,16.378046026979522,11.14466263799026,11.685879692965763,9.86591504948664,6.189342584128262,6.058016243059685,5.009835795355941,3.955057430232997,4.099830387310004,4.719118706083856
6.240490474782263,8.075704665879908,7.568792528526558,6.55302872563987,6.344107339911348,5.376520387573119,4.890813871695215,5.006488331384378,12.776384824026358,7.145173899958572,8.562287385203467,5.936907735931504,15.976452596151411,8.438375415333505,6.854401713328107,3.5786498464318726,5.4155457127298465,8.292277405921718,11.812029623748575,13.610018278197918,14.90563480699401,10.744733363469607,8.828212896479291,13.182726150724985,13.578717253669325,11.898949401773278,11.516298485044723,12.046286287848936,9.466258411661375,6.415121540743616,5.029682105435001,4.6410227432716145,3.544412500708215,4.586881707121728
7.092033575134874,5.898386575009102,4.7070132006382295,3.5096341324701674,3.7763877769020917,3.5258078139145153,2.0328814052732818,7.222070394920022,12.669239698441801,13.217696976900385,10.750577973717112,5.541809987702283,7.879045768327276,10.820652294338842,10.367849578618467,6.512658286709129,5.950651792364991,7.667073950828799,10.774389221078449,14.371568344053943,12.295646843510594,11.844718218419224,11.278009183045263,14.68375171176076,14.268141952775265,13.609296145568592,12.264238182775214,11.47019373379191,11.418685753401157,7.971051410985642,5.7250823685701,4.8685047607450995,5.103037151218905,4.3375581183624465
