script/wind10m.json
{"header": {"parameterCategory": 2, "parameterNumber": 3, "lo1": 3.000054539987559, "la1": 64.9999836372058, "dx": 0.5, "dy": 0.25, "nx": 34, "ny": 52, "refTime": "2025-04-27T18:00:00.000Z"}, "data":
[rows 25 to 49 of 52, columns 0 to 33 of 34]
8.164887526932302,8.825167882744678,9.150983212573706,8.748732124468615,9.342834358289606,7.573841070297269,3.977868509370001,2.008141581753784,1.955132085656217,1.3127772399664157,1.0686555907664141,1.4827906845941605,1.693244104642551,8.106911120135374,8.345671168847536,8.434325560797845,8.49870944002779,2.8606948205864877,3.4288098695946916,3.400513783387275,7.628760054155954,4.338001316040832,1.9458714687635577,2.161925844055678,1.713862718854988,1.6517168258227384,1.5184190625406901,1.2322277719540895,1.672192440842907,2.5737364008375354,6.418929354916474,7.539878594269358,7.97576357725227,8.601096128155758
8.398318182822182,8.931686041260603,8.853072370482789,8.966939547329595,7.996411463196677,7.011967058452941,1.8945974286775973,1.1810845791642528,1.2786676942844357,0.9343899325075884,0.9251735512129164,1.3864889428231915,6.744329219989895,8.05267273827241,6.468304906723096,6.10350586442588,7.278953642203082,3.3524709689358416,2.471473796769514,7.4976519064460945,3.3816329629278505,2.8864687789220693,2.5216622002956615,2.874949824345461,1.9708643413711249,1.405179066752794,1.5153513184303609,1.7078960609706466,2.243621981865035,5.166467612467379,6.174783891085223,7.757754342057092,8.513497636862375,6.776858217025685
8.421253320033127,8.491681017766583,9.058019710818101,8.637683472767998,7.653543282766799,7.1456138182394655,4.4736824480915836,0.9723849955476705,0.5374510742851699,1.1063714683482064,1.3354164052167894,5.763844538083042,6.714669475773939,5.99338253231128,5.827802147704402,4.931374784631609,5.83322137728608,4.646597179524922,2.6706364363788584,2.396202889375056,4.17097254716242,2.7375637993275435,2.4791447148968047,3.8017396765444036,0.7755299269282121,0.9825581159381535,0.6959024023373336,1.0110543246722254,2.032731103744855,4.779241897109324,5.996030632704344,6.777571401647578,5.350799209157063,6.653114197928493
8.321048480164245,8.197916824148118,8.8208360626297,8.698476114302302,8.516904271035715,7.687324098536896,5.848155301272761,2.690168101403686,0.21624944422707706,1.0925025051260464,3.288358149068661,4.498440165474513,5.0416427025847925,5.479432814592734,3.8499515484130296,3.1783123996796467,7.2444025063524045,5.528114918341325,2.5679153686362133,2.9618176221590438,2.8252590665944295,2.792957687567686,1.4616003313892545,1.710003131216872,0.7940807053315908,0.6876041851258545,0.6317294940879997,0.7779219374837572,2.233049128044652,5.48198032251706,5.215036496251008,7.33827017670037,5.400933883770793,9.206386176318752
8.146111467712831,8.00840536240178,8.062332950122002,8.32838346163371,8.339330063236742,7.775827794109111,6.245958159074597,4.4861987515206625,2.504748770416812,2.0169181095381714,3.5057248852571874,4.588058121070305,5.3491556812738565,4.191269344247247,2.5072004523353066,1.6071643260009867,6.5225449013575245,8.247608956034297,4.527570770979694,2.437932665814959,2.8338296273528,2.117134472829335,2.0214375991148064,1.0685355812417017,0.8853727467606972,1.1440880566089024,1.2815652922149021,1.0320098107852476,4.229374831177749,5.739523863511097,8.150415755873869,3.6914774047624097,5.665648975623182,9.064277169507724
7.844789981391697,8.129982873703202,8.04326856383129,7.974719455930023,8.375903801245597,7.466923924000098,6.157079025477966,4.724726081805811,3.846412284205021,3.612108651843423,3.7921662973237846,5.086021277762031,5.334848869851532,2.878125286799889,0.8029827033518262,3.8495669930773824,7.368284440526185,8.938166008544183,2.4420171987831756,2.0472603372897575,1.7076873757997009,1.7530243625353938,1.4685221802946233,1.3793942977034994,1.0327898823875172,0.9349777530719245,1.645272386757654,2.5905778762877385,9.2206175146331,8.02606405251498,8.09892445487108,2.832681621402661,6.782417622181158,8.910882384952375
7.637665306658394,8.160346786992804,7.671623347116829,7.81132069464964,7.616859988848583,6.754024463021409,5.964179887354222,4.501345690362315,3.761879476584141,3.9539682043941493,5.066746397716261,6.204599103540849,2.533065761714454,4.268246403055081,1.6554876058079069,4.151748618536443,3.477311689331088,8.04734004010023,7.1863937614293025,2.3887992221395766,1.7529034988129764,1.5298114166674568,1.3538902820762093,0.9095172735507896,1.229025654237229,2.4969695525266165,2.745581224568354,4.490938039418405,2.828222919299784,8.015629491494577,8.91023168325742,3.008026446009577,7.713115050383906,7.996948750524872
7.900384804663699,7.896859501042811,7.749764728760479,7.790225214815213,7.597347426308331,6.498679800105897,5.547163855777014,4.294746390622794,3.588254095103528,4.878051920879943,6.244344044339509,2.0072280323766067,4.697069408485506,2.2469494026884846,1.5497057353988883,7.430222746879609,7.108672712633951,6.740771171033426,6.286613903186528,2.0581102556850217,1.4696528206693897,1.362057913538807,1.2203984609185063,0.7920635157779403,3.096170331334756,2.7667350282707583,3.221732855425386,4.4881584265069545,6.386854282304947,8.749682963043641,8.801757672177354,8.10892508392567,8.07522305060839,8.06134578190154
7.597811410065649,7.855496847836834,7.590890188627717,7.550575577871982,6.889375108939257,5.857086796696928,4.695547213548658,3.6642525280166076,3.021805683389045,6.019140491587185,5.8898854345214815,4.4308130876910665,2.5477616324213064,1.1515134578639818,2.0366818289237343,6.9938731917077295,6.617675319520615,5.52772243786815,4.902432511029088,5.1995090476038,2.3566860495060733,1.8428944584574263,1.3427168051163056,2.2774788229189125,2.6198533813645755,2.452863827121628,2.2132518782877706,6.60666914378647,7.16866527007608,8.295878959258678,8.51876490179585,8.347730288390238,7.729312317848145,6.856096176926202
7.166140399791857,7.20301531856041,7.158588708973025,7.417640482846831,6.186198912899993,4.966861313309301,4.111628816353431,3.904169475056624,5.739802983585727,5.65411299005556,5.578224236158497,2.847353858349316,1.8484562976928434,0.6789958434673005,4.017571312728905,3.812846623894575,6.7824305165991925,5.794310177549165,3.8657867622912323,4.451706941606638,3.3102911630003025,1.3482370632475984,1.3900308871005322,2.2351328400706616,2.41563975041555,2.139819455323519,2.064650985459633,3.9402529094646894,6.926442478775288,7.21428532477864,7.655508768336321,7.439319153389919,7.060636729107991,6.483538722908605
7.054402240106879,7.0134855604558135,6.679393782074045,6.930453064327196,5.569173204778457,4.625689606125339,4.316525732157273,5.394708103122612,5.681825826208866,5.493521307646773,4.920664796105023,2.291883146079767,1.764565061622162,0.9840030574214613,3.1123222448246213,3.103283353920601,7.208884230649405,5.7188375794875,3.075296405792889,3.3939540391852274,2.2116797387993428,1.8510236275020333,2.0237963103258494,2.1708886156917453,1.887596666031691,1.8141102259142492,1.8862169209759814,4.506799028374219,6.003589927365873,6.9060796180447515,6.597082236685826,6.267547138475752,5.914670304873086,5.292194440117296
6.9877717414248925,6.971587734125684,6.795592300221664,6.059753893440996,5.046283680047899,4.214906358644464,5.238301227640353,5.406035912901073,5.638386379275093,4.807608494337973,5.177176780535979,1.838840492531037,1.728698427965751,3.0146060831581676,2.7760165547207394,3.610025584633336,6.651018680597582,5.408747984802456,2.019840355627303,2.3690487223727406,2.8606081598316493,1.9647161661183674,1.7893563064598565,5.640691685693869,4.492497234279505,4.547962649314107,4.482701169632966,5.165133610558494,5.772052466107797,5.387704766679595,5.6033836079683255,5.077964367501728,4.986397269317424,4.145587905172501
6.766009047512962,6.20456369981872,6.287100100994841,5.333541199946965,4.338513201856749,4.943320954466313,5.422943600545604,5.3259321586287305,4.287220991830887,4.862357588318884,3.62987657949693,1.9319550333245206,1.5148316802416073,2.481429038205078,2.6234592009176723,2.6561480128472588,4.965021152181326,2.4322665036438393,3.27833264620899,3.2337024750451255,2.6147064601769716,2.511327368133726,1.7938708186979313,4.7613220812382036,4.162848663207182,3.5359447730018974,4.711189167146864,4.210661036411093,4.059660378080315,4.556170349109091,3.9448519175926733,3.735095488086195,3.522243811376185,3.0164194561801816
6.3477909273907,5.911724465486732,5.676021420481861,4.937611634700698,4.326202671900894,4.507513619829672,5.117463619752213,4.239489698087917,4.988992971233545,2.984824361322382,2.2572276517044525,1.4028063240131172,0.2252057388052712,1.3631737816856282,2.2789727704162863,3.6563070511986298,4.554793683456476,1.215804118318982,2.059245041629153,5.17473739733949,2.480865474541617,1.5860723339760654,1.1886124187772305,1.9073022822048837,1.4094141178150141,2.4713351866001076,2.124073397285556,2.7669207766125705,3.491471182260766,3.561369096555771,4.7041982201242805,3.5773185985355713,2.5249383627156434,1.381730244336938
5.8686396105784535,5.742867835632794,5.488280217370164,4.1246206936240295,3.9764427741199038,4.0715193249958705,4.023180454921562,4.27905046334694,3.202282199606471,2.873092894130708,2.669219198924805,0.7789697408290635,-0.6972688983668355,1.8448989904194022,2.258319724091506,2.250129211761995,2.8197635392514937,2.2744661075582973,1.8720752855870388,3.652016504802501,2.8657401734479113,3.529493562924409,3.747849350465203,3.585149705890486,3.3255487342702925,2.215989079519201,2.210339349950347,2.129394637811174,1.9508385383380216,3.374430799113122,3.9310213495503254,3.2861380398459006,1.964149899692635,0.7274768665445077
5.469150079316247,5.447563675742164,4.061399449167909,3.445319595947065,3.598597811849603,3.3423068658749977,2.0073222984991808,3.6362600581324016,2.4827296374840704,2.658797748478374,0.30013094168481486,-0.11018982122951063,-1.2279766475645368,2.3074151246129535,4.129261923657119,1.9900743336688667,2.826709850952233,2.1888375897592938,0.7312280490412193,2.3303306399060784,3.7871871000708563,3.31888308581278,3.3837777078273388,2.877482740783551,0.04765764861225512,1.7077385942345007,0.9768305209750304,1.013243699022635,1.605697839679682,2.701532306319775,3.313167861860885,2.4057500945419306,0.9542734763391127,-0.6603426520020333
5.754243732513879,4.637459539671375,3.7405070491741816,3.0875392809879276,2.7257976920778355,1.9259074372646685,2.083026363456072,2.198142180810203,2.9153273888102795,1.3229247931693218,-0.752802780469191,-1.8695483184484243,-1.0436259524046063,1.0762156175742266,2.1801895474725534,2.67652377088841,1.105377068073095,0.0017859009819690115,-0.13485942359376296,0.9586743921295817,2.016645529208911,2.930612024607274,2.258846208866722,1.5047588611713043,1.425551810638882,0.9145815056109623,0.20964259378506028,0.012221754304803318,-0.4390336433603683,0.9528323033772088,1.5056828868528458,1.379702250689054,-0.65694252755108,-2.313428833694559
4.956238664849387,3.791849229633058,3.043772757117284,2.377250987956204,1.8923099835075945,0.5692184296134988,2.567020111385065,2.5337797734322245,1.661660553620112,-0.22907800934360442,-1.3035929125473211,-2.4313978153013815,-1.4758333630283254,-0.6205499056125159,1.0602703053229996,0.19939801871056126,-0.5908961917384952,-0.84471325618739,-0.7201103909160281,2.982609352062697,1.412952080461478,1.5089660838676708,1.9068103605798468,1.4620356138069845,0.6549420530662016,0.014607863970083608,-1.4814739123470329,-0.3729688765481371,-0.8812919327386594,0.1652339895708631,0.48453633493524867,1.1873183314866593,-1.5211849289239991,-3.5099276015929406
3.9609695816310495,3.3675501922371303,1.8280016714688807,1.0722532792039405,-0.022825262376805537,0.2079479669891067,2.4812464572128343,1.5657331012676365,0.4232107084925833,-1.4025956095417982,-1.4051454501966152,-3.3782094168486907,-1.5966520783141822,0.2938393678047268,0.9359701906801488,-1.3713861302039092,-1.5461550308015592,-0.38633802094832453,-0.15706577378920472,-0.1557992133862863,0.7834796902319515,1.9750223520223311,0.5313308751868224,1.001930298459671,0.4883925759318046,-1.2671610196776508,-1.1452957790997904,0.8253786388819963,0.8642111396415005,0.6605989275446248,0.22565549550488,-0.034784389688337275,-1.2810318086694477,-0.9537776892095051
3.6465621799219896,2.713938638087306,0.5736328066898823,0.6806985956354107,-0.9092240382399448,0.9565046123175073,1.5418627308809343,1.0351671251920487,-0.7173201903581833,-1.122012456118406,-2.1657856071913684,-1.5124346828616406,0.18378071524759365,-0.5024181918727535,-0.02603904108209373,-0.7985314204835751,-0.6452719461796779,-0.19926538308091998,0.2870765653874978,0.733355892196228,0.46823677390090945,-0.16844429718316575,-0.8181216248568303,-0.4771861989509728,-0.727600022477704,-0.5122074874570934,1.7657212219044098,1.3109885323524122,1.3417468634200347,0.5797843466433211,0.23587967221264303,-1.4666749988602237,-1.9255718020402708,-1.80742946919333
3.506667313509128,1.4275424341419651,-0.349764048107369,-0.1868456239701846,-1.9783091221504356,1.1042669434977785,1.04587590380225,-0.9718679508989899,-2.2570561265986666,-0.7659997818805271,-2.9868777611411246,-1.4425159067629074,-0.6907362086766944,0.5750669014646825,-0.04761748138231921,0.4211483066831539,0.5210128023793025,0.13393565172045402,0.040894251129900874,0.47017662714167374,0.5628721318490297,-0.6398542860642714,-1.326596786478847,2.1901281704708073,0.6272390387067474,0.4516587781207823,0.7742475490672889,1.3876073447059225,1.0421374762722624,0.9141806385913039,0.2761210878834766,-0.8153783218957786,-1.3499727782719786,-1.8909924682556611
2.4476831572950055,0.11672057469042697,-1.2624916230125676,-1.8818389527589054,-2.9275480542507184,0.04331257812234527,-0.41560632306325346,-1.8725895194882447,-2.6685508219829956,0.4551084461126328,-1.3453698050270984,-2.386257622771087,-0.08010997580556346,0.08149872843995824,1.8934391394485544,0.5307730052280755,0.5096867230085742,0.8666511096479189,0.5456730514764798,1.179080574885096,0.5007214377256063,0.16097067489112826,0.757379368444947,0.9673287420123462,0.6576057800467673,1.2294089513337394,1.3907111727216614,1.153363486276279,1.2409270908433603,1.3901799556526682,-0.17708733585931086,-0.5477344540305049,-1.4236994702163508,-0.7269870274743826
1.8347307080828188,-1.2189960516419918,-1.7802755515048823,-2.8814141434431906,-1.5280933860652828,-1.0720306241291355,-1.4705632175110304,-1.8014109604521256,-1.8784963258656056,-0.38796606434284,-0.6494555927369405,-0.505065706199826,0.10014828070902694,-0.16951134229606413,0.16496722374960832,-0.054105162035415426,0.22468557074723697,0.3703009116029593,1.5701408527595864,0.7707043424950344,0.500578231658525,0.32708493017621193,0.1417529615655292,0.34406243794581487,1.128641191512075,0.48225700855744613,0.5813609752604267,0.3967241310031633,0.22765382518752186,-0.34082977974210876,-0.6538331158413007,-1.134269801210454,-1.350907348115759,-1.0040997752865433
0.8530070925256171,-2.1745532777283634,-2.46560402511085,-4.21600211854942,-2.5547716605069284,-1.5370965439105346,-0.5281424821162491,-1.7571456482873913,-2.8670585025419113,0.30941561926794786,0.037259036605425004,-0.16965389705626793,0.6051964506034823,0.568893190780312,0.6033575052896448,0.5174338626375602,0.10539658397851884,0.551907748756038,0.700003880907831,0.501858837765125,1.1950301733619908,0.6504942525993676,1.2101073226666528,0.17065203931698178,0.4092682518249992,0.29279885887269125,0.5566903822527369,-0.36665430822328676,-0.19030527226686542,-0.3527892514103628,-0.5555773978791909,-0.043591889494881936,-0.7997535420263822,0.20386061366461244
-0.2955987638396497,-2.2376736060899503,-2.827578277526003,-4.85198406948004,-1.8746557694516897,-2.818337127835424,-1.4039363291804472,-2.025573930747491,-0.061693054488475736,-0.33221400845724247,-0.6313515746517486,-1.2698328256135534,-0.3948846886470062,0.5859620008642025,0.9842253334218101,1.1766901135284347,0.7067845246825959,0.3348523136166962,0.9225316555560963,0.2691292790453533,0.22185387618079522,0.12623820235624064,0.9748390749518664,0.02651138607030415,0.7886033200895206,0.44329921732403416,0.46182035116641795,-0.4695661102873886,-0.859035792507723,0.2099988085517054,0.06530988904817651,-0.5659394832123138,0.4774140629037005,0.16255067485726576
