script/wind150m.json
{"header": {"parameterCategory": 2, "parameterNumber": 2, "lo1": 3.000054539987559, "la1": 64.9999836372058, "dx": 0.5, "dy": 0.25, "nx": 34, "ny": 52, "refTime": "2026-04-19T04:00:00.000Z"}, "data":
[rows 0 to 24 of 52, columns 0 to 33 of 34]
-6.117933410310207,-4.870905316427976,-1.8616462496754493,1.0036134103707322,3.0733125222037607,3.4914554873698203,5.835510270797579,5.176490791958327,-0.23206564206326352,-4.098437050948758,-5.229405810838996,-6.597675408809379,-7.943352624583323,-9.204345449264588,-10.191662847270944,-10.074823191183278,-7.465204073941816,-9.783958689678066,-9.990517149579574,-10.645004006916633,-6.525021093720947,-2.909399500701293,-9.1732542386668,-6.676044376473144,-6.258136660799834,-4.185606493703746,-3.7497237317786167,-3.2014501767838173,-2.5574872982570453,-3.225599093560742,-2.363604686842443,-3.019346148571474,-1.6837598593155871,-2.6095789820460595
-5.316344017510671,-4.012237657598295,-3.071873814054653,0.1018938744631603,3.2629777136709572,4.062427579494085,4.884642627394428,7.8039187019108125,5.027161522549018,2.1241811126361796,-0.7003083092797528,-3.2824534839570028,-5.815380045319375,-7.439516543955309,-8.284881961540451,-10.040895276484083,-8.920387906005613,-11.062783528690375,-13.716352621271684,-9.125596756514826,-14.404521526594465,-9.668792842485873,-4.635437498982034,-7.966787453681333,-2.777458049522393,-5.371618726695473,-4.3426973485797316,-5.010092806240635,-4.14858815146333,-2.1410586044818025,-2.302726682121593,-2.767833602937111,-3.134856730031453,-0.578524970505363
-4.882045437768061,-4.450002236979176,-1.6680448848583382,-1.1228312729628394,1.4770151078127516,5.2779692034451875,4.474618832498,6.369234587260106,8.323006516317154,7.236916272917704,0.5514739299507786,-2.302798045747476,-5.133588726434311,-6.495939492877707,-6.996599807452052,-9.800959344467396,-9.596353129896249,-11.762220510045957,-8.377777775420927,-9.122658116460437,-9.271423542091792,-4.89413047511357,-10.326832824939505,-6.17138446032898,-6.139517960825397,-5.2231834703643125,-7.011740229772546,-3.0078632460924553,-5.625155446478299,-4.210794036912977,-2.0607633879184015,-3.2218763775622943,-3.6253289054202367,-2.205859963620787
-3.3455487580757644,-3.905969657896886,-1.8075245242115683,-0.4860396570610867,1.0121626705750024,3.899540074586343,7.357584360968544,5.662238101826801,7.9949080223418525,8.437842052698336,0.6231670227281534,-2.7046176878394528,-5.652648823554179,-6.704957699798714,-7.173994835009447,-9.547194553138773,-7.655661105041125,-8.807849271820727,-8.356932722717382,-5.0313898247983975,-9.167034984570199,-8.41793286664577,-6.283118334884,-3.8834039972275827,-5.777884535740854,-5.691924124672459,-3.6710850980701757,-5.778169754742806,-6.544131877490668,-5.8820711870644065,-4.529574740425925,-4.296710994162016,-4.049997516647582,-4.171344490241309
-2.7906928853692516,-1.937110414143236,-2.8326742249636236,-0.43903151262044615,0.9451828974954962,2.6844645355330026,5.2984720455833285,6.325214200324942,6.269743101064276,6.957228058652077,2.784989637446169,-1.9011891412966522,-4.8557936358878715,-7.07046538168657,-11.084862997688143,-11.211916860701654,-6.665805375032547,-6.021016130753639,-5.053254459436293,-7.68739363944814,-8.118062826803355,-6.222063992348191,-3.913561977930089,-8.272050047744711,-5.149979316811467,-7.953918781394935,-8.254749207257658,-8.486038021491444,-6.193466394658542,-5.495438600371226,-5.614885372131128,-5.191913695205352,-4.832172165922015,-5.452406031482934
-2.209115740044729,-2.437380762585559,-1.5604091935108728,-0.5673771977666913,0.28827051404615084,4.352080434212718,4.129224187950936,5.915144571518215,7.009223180556005,5.066908534164343,3.551380852799402,3.2355761435074584,-1.926976922792423,-7.814945482656331,-7.183618035945436,-6.38429109801516,-3.1830553529858827,-6.042838191002504,-12.000582481667225,-11.740531536317848,-8.71921848162135,-8.355197969681647,-4.408720109561821,-6.537469493999031,-7.669996592583304,-6.213205178070835,-6.410233524352636,-8.397877637365703,-6.566443556829758,-8.049503802303034,-6.7754598977046765,-5.538558455393477,-7.204978181367586,-7.14138760723801
-1.9132235282148558,-1.216352016323706,-2.071249905452175,0.38122046130518883,0.5563352844871181,3.760787543369252,2.681366640948706,5.231523195892481,5.991070790715087,1.0305154318568828,1.2030458972366922,2.6561503571166765,-1.818589063005408,-5.998346011895367,-9.786798736141042,-4.926878729166347,-5.880817619523788,-11.382235136581423,-8.869964544547463,-8.589355110081119,-7.6592223548027825,-5.038503363177415,-7.581451407863733,-6.934599688796061,-6.825281445169229,-4.068749815077035,-8.045956558047216,-7.093037525998203,-4.695720878957354,-9.028469790265541,-7.091845757918303,-7.674146938119363,-7.791763775565193,-6.453331591611463
-1.7422243745112542,-1.1157469948919398,-1.0692435987053042,0.46672249511705804,1.215343653078261,3.523519891343072,2.137244517773825,2.916536629878224,2.4660726879289965,0.20265449550406364,-0.16373630705905123,0.6084038596347016,-0.9188364826340758,-3.812531355519873,-2.526164991955163,-2.7848913715000068,-3.336299777509513,-5.131692917138037,-4.838026676851277,-4.798311634337686,-5.000737714454604,-7.203760251611289,-6.1886777125668075,-5.935724105298649,-6.44009297035343,-6.465443377073002,-8.474229956367923,-8.48889219843995,-6.197186456155857,-6.843448649441899,-9.059479540385732,-6.75401727929516,-7.249162697871297,-9.12757580592793
-1.4831159177245057,-1.5787449886125382,-0.9367224493452037,0.5461192568043185,1.6092879012734251,3.0395191453271515,0.6754991193040378,1.246201358289403,0.48902314046371737,-1.6772250632200159,-3.1372792829490073,-3.478398339493573,-3.8096934180672384,-4.879693998322597,-4.476028311442831,-6.443653642826319,-8.151138223865615,-4.019255732415172,-9.744074205552257,-7.761605985067393,-6.157982175356038,-3.5664218591605965,-1.456616498724814,-5.296491640870542,-6.798081342616933,-6.946691513470528,-7.319680145473123,-6.164556715881373,-5.498029837443639,-6.078277208158759,-8.921533500677125,-4.527164139509351,-10.007417748865985,-9.08329658946902
-0.7959690205916838,-1.3066847993714341,-0.4769313364470973,-0.42826710621548336,1.5222723510353464,1.097145306430489,-0.7509476311128637,-1.2081315662716208,0.3196237101068895,-3.002482511722534,-1.3490908782554136,0.54365729610527,-7.056824473513023,-0.5602483955844965,-3.483994402834163,-5.640816549696255,-4.5987327484899865,-6.9271704713900455,-8.696843173738909,-7.5148905822581495,-3.486244042579971,-5.837982194698789,-4.2383023029775195,-4.755113489668587,-5.678917919717002,-7.375805894943001,-4.967409013327781,-6.994519861933928,-9.26559436251508,-7.588239172561677,-6.1122466214324875,-10.258297935688834,-10.26531898546547,-9.667742209641021
1.1417172240152347,-0.7115956494074274,-0.32159084232659346,0.057823641065220054,-0.2534098766906177,0.035047673332977536,-2.1181706723518308,-1.2942229794367646,-0.9827297649136006,0.6721270055890243,-5.8341958521490245,-4.054363788094941,-0.6064598467096369,-2.098151057352285,-4.229671730305506,-5.985569298674399,-2.2717569953184635,-6.086913928499452,-8.223343104616136,-4.986150798759065,-5.183574557250493,-3.0137927004423504,-5.570029883799931,-2.355660155054966,-6.830630771230885,-5.76317441805407,-3.357083684441575,-6.459583180876671,-4.670474048707202,-9.339081768994191,-6.2448516172219515,-9.218087767951484,-9.453733589360105,-8.985382232429366
3.2596378887142485,-1.5885276377100221,-0.4016659533452818,-0.7057635681799534,-0.24389636262660752,-0.06761015296633592,-0.8326996932194776,0.10466596562539779,0.820253212894464,-9.074566621492004,-7.05966144629442,-8.899924517633183,-8.768497296555783,-5.356945304142974,-5.193823678277292,-3.338282627452748,-8.42027612780435,-6.815944548805699,-7.82443452418737,-6.650045101786221,-8.757570154184934,-6.2565677210725505,-5.193280543047791,-5.70779254761641,-3.3334290109134663,-5.613875068652581,-6.84479613652567,-5.880699267964714,-3.053036841716671,-2.546945994433078,-1.2839464173271242,-3.6615907803320282,-7.360233430478683,-7.186410385921003
3.9013736534614982,-0.060716975125753775,-0.5071940705509376,-1.151393572278752,0.4439498976127613,0.4045222025507318,-0.2663014227818466,-1.0112394689969717,-3.145530222479938,-7.985644439768223,-10.369975870570878,-10.261654343781299,-7.1845887040840495,-10.274535020831856,-4.935170350382878,-5.669218136119303,-5.205382601236911,-2.4308009690480796,-8.711971762741308,-5.598348856414926,-4.403468183492199,-4.09886702941707,-5.184008791749809,-5.290739502241798,-5.1133938257855,-5.150092813428462,-4.393135841406089,-4.96609797199861,-1.947790228808632,-1.6323398571085554,-0.2602418969227372,-3.1258311980072673,-3.4791002394800237,-5.487426834240967
2.7281533718230957,0.22166611740323222,-0.6372327789872847,-1.4992739915713276,-0.8295727767642493,-0.6345132980601419,0.9233101078928803,0.4696904436513186,-5.152080674503917,-5.213675644461603,-5.93731467327197,-12.504821166347247,-4.746333201970824,-4.077022709028446,-9.634749654984484,-4.586559418756075,-6.048261128735517,-5.824238839788382,-9.028199589963684,-6.07441974657927,-6.478345715506993,-8.035914035597797,-4.4932291640297795,-5.971440456444562,-5.2719850589880055,-6.093944810169504,-4.623490310090449,-4.796513251811252,-4.855484754563256,-1.194128581927923,0.03157135915320299,0.8631505097122291,-0.20970382222319792,-3.244701172002628
4.235888145839402,2.2467577267498076,-0.4404526764500251,-1.3964276889149292,-1.5329385193886362,-0.5469602540782009,-0.09814197962914617,-3.3891648316877574,-3.2020832946416538,-5.230090206340972,-6.874889193755559,-10.061272896317153,-7.410228942960777,-7.544541884063551,-7.878386542393147,-8.757202254705875,-0.6513920372033606,-6.104276762999518,-7.15383395062243,-5.354188089889206,-2.507570162577485,-7.101472719204538,-8.077711809509523,-6.149722994299476,-5.347837888840074,-7.616196936160831,-3.6394624548983163,-5.586641303426315,-3.6828190496810915,-0.21393596794089756,0.5545710360271239,-0.829077821910593,-1.5745496572243605,-3.700289200885263
5.560996701457811,3.809059296139608,-0.9446841845480519,-0.8120624120427721,-1.79891723809232,-1.5728011841293752,-1.3965388921036759,0.46384316583594315,-2.0461123718381176,-3.2284132189332038,-8.498512711126674,-8.854747551541102,-8.099211730337931,-8.540141559937865,-5.533525397977443,-11.802617841324862,-6.565488339106428,-11.269168253442132,-8.812520063612325,-7.639078895712718,-7.5464517655020815,-6.922221819167966,-3.4260818968543623,-4.506974825195581,-3.3060155654039987,-5.815716679122149,-6.939791547539132,-4.499488207881001,-4.057286463081925,-3.3005288856654715,-0.5736467146015004,-0.992099863339889,-2.476735074375293,-4.053809701192578
5.689634359518858,3.8580843226128505,1.0711155397635226,-0.762485684619644,-3.1709000311103566,-0.46851012120792646,-0.02819411268661004,-0.4854055072013478,0.33103486978879004,-3.3543834525273204,-7.808969837013561,-6.937481144221891,-2.7654467995196446,-6.432182332893791,-7.370385721715247,-4.651726665147711,-7.6241861278756815,-6.001500158683888,-7.965976291402426,-6.7770114764109906,-7.869615362367009,-7.637848697220663,-7.90248258269231,-4.92203333474883,-7.216813748203226,-7.546348734861154,-6.819947688093182,-6.285163064865324,-4.585638147111727,-3.1523685542619586,-1.321089024655233,-2.1506385613215864,-3.7916399814646584,-4.788778462624591
5.666078553348797,3.971083759287841,1.6238941619069724,1.4844264982769975,-1.3818315531032896,-0.5260246189333782,-0.22465265874054038,-1.2455054983877145,-4.3940499881199235,-6.029228343739999,-4.4135453908828595,-6.962962225544947,-3.3997812906347753,-6.562979780568167,-6.648050472269858,-7.465394947025411,-10.405949084159282,-5.302430916041051,-9.703332791011738,-8.101081030864302,-11.010458918417351,-6.4818044994140145,-6.450824442717849,-6.632114179334211,-7.433042192462501,-8.196245747060232,-8.872840933056207,-5.1152036041656395,-5.09765459390033,-3.8248468685982258,-2.719291062510516,-3.6282035815254075,-5.40897477756073,-5.815076622640722
7.52963367772363,6.324557695716057,2.9227335038262243,1.8653038805632685,-1.5990098769398733,-0.2827905809463008,1.448725822661401,0.053523460324858566,-1.9496002223021638,-5.021786374809921,-6.025011832831452,-4.407601900253459,-6.40444891233785,-5.18774936926277,-4.428965687369658,-7.2089716091779685,-7.950288567416087,-8.906213133656646,-4.997263800094816,-7.623198031845876,-7.252779719514848,-7.821427774116003,-8.762048844510389,-8.419827821447855,-7.905499225173085,-4.910180778033008,-9.645514200146179,-4.470511565863799,-6.1890590401148105,-5.365231205609263,-4.453173996335567,-5.780691025121368,-6.5836212510160825,-6.690712070486766
8.003562228754936,7.501678898306441,4.966416398059176,1.8534285757632458,-1.3976553187674916,-2.312949694479775,0.07015371217900081,-0.08436918598677066,0.6290141514237091,-2.98909633217998,-4.607534348967113,-5.274469092027792,-3.4838766832699064,-3.8821210105911437,-6.759921457312246,-7.377754586503849,-7.086353247880554,-9.150248192438509,-5.175760973995629,-7.155348013213587,-6.6528884307425455,-8.913931710073,-8.82767151541695,-5.582399174470608,-6.498669548887006,-9.28298922445559,-5.946741202383723,-7.9017738334062715,-7.495864746100503,-6.4135544795238575,-5.577620851538018,-6.5300071328672535,-7.663078249060502,-7.528168480179449
8.715030442952386,7.314013415090206,4.393948242637962,1.8734128632494291,-2.2672102327069497,-0.29474633222476143,-0.2705144457399718,-0.2516678436489269,1.0294852192753543,-0.40120443828764396,-3.2258537065397435,-4.299690351697098,-3.910656208019494,-4.2700997146776,-4.126662310286665,-6.238417894289898,-5.8627556311086275,-9.326857893436005,-8.174335331253591,-9.511624148018871,-6.20825448732576,-5.557576682443299,-8.125076595749315,-7.500694833614515,-8.42942426953226,-8.868148845521205,-7.624935193219449,-8.16902927710119,-8.270034581747455,-7.261408304711919,-6.53169660182735,-7.124778397299158,-7.173403828305193,-8.848803394532494
8.65564063124669,8.426545366042046,6.970840016717962,2.311359233510671,-0.04166115968092856,2.6501587554113977,0.1910815033108446,1.2826957250759188,1.0927154001683907,0.8535316684785305,-0.42694352431917654,-1.5396038545731356,-0.5819676672837166,-3.4804837877317443,-5.429131226215115,-3.74128967753467,-6.111729260174954,-7.0635395748880185,-7.512198998630469,-8.668910412995853,-7.37558627453995,-10.812877953597672,-8.81698642492061,-6.214155893428146,-7.852373880681679,-8.33545878876427,-8.965468191311844,-8.869033001177067,-8.630491750879496,-7.571324144474299,-6.927977958819964,-6.768901632146749,-7.387817559448208,-8.672433953711163
9.942855874591057,8.560390984217431,8.695059855528328,5.222295824750564,1.1190834645328567,1.0699755903813797,-0.13114981151672978,0.9986681287842905,-0.26199061256251455,-0.549498813688433,0.026234269154052442,0.02220232603931875,-0.4627134893154434,-3.7913173059946943,-5.795525038926107,-5.022157298203713,-5.353472844652893,-5.087451079880194,-7.145583905364487,-7.629026701527322,-9.14007732094642,-8.982153551631306,-8.8744736493841,-9.084906818421688,-6.640591519367669,-7.7383767360929765,-8.435995724922892,-7.783059409892788,-7.598151512047565,-7.461995879214779,-6.9933137929634075,-5.7809161153514514,-10.258642960901012,-9.852838163033397
9.87455794349136,10.35917359172936,8.421673767255239,5.320838184489575,3.7440864203770126,0.1468443386410095,1.1855950900793293,2.1166819420914993,-0.9036647651466952,1.5642829421809339,-0.9204174895858342,0.6934012675010415,-0.7762508482039034,-3.9719272207212595,-5.069057493402167,-5.3691750376009475,-4.490342201595999,-2.8779949595284733,-3.1638836886351327,-5.92929929781167,-8.818539317301934,-10.233412430108375,-8.107865312209697,-8.298166653364076,-4.797916602288644,-7.012607065795785,-8.07383437639816,-7.90475783278153,-7.827418905418953,-7.692338301650088,-6.4396793844209705,-7.098233048152124,-11.183929951521884,-10.513631085436492
10.223743452153698,10.477803994847575,8.37697790935105,6.6890371128172355,5.314938793447082,1.0489266258266203,1.8130577532737535,1.2702828732452118,1.2594247660306783,0.8710119071943347,-0.14733485365851123,0.2567905959568543,-0.674890526492149,-2.28517138568245,-1.4466664714906534,-3.782652887811802,-4.214330437087943,-3.397413373650744,-1.4892683501137478,-3.4644876861043135,-3.5979125000918883,-8.619194253485517,-8.082352156649481,-6.269035105818763,-5.9041368447842375,-6.406220071507113,-7.167637338889002,-6.895363495456981,-7.825143306514719,-7.167536643617925,-7.498536500051575,-11.028053819310252,-10.675926097611445,-11.940013679627347
