script/wind150m.json
{"header": {"parameterCategory": 2, "parameterNumber": 3, "lo1": 3.000054539987559, "la1": 64.9999836372058, "dx": 0.5, "dy": 0.25, "nx": 34, "ny": 52, "refTime": "2026-05-02T00:00:00.000Z"}, "data":
[rows 25 to 49 of 52, columns 0 to 33 of 34]
5.314303997190795,5.406013455105958,6.039098559809258,7.726376695415547,9.546424378775281,10.686487949873307,9.97358527931347,5.377770478258277,4.883520306871126,1.424119514868147,4.790737837050778,2.5168560201605206,2.950209788828017,4.781054600728569,6.253529504824449,6.00803934152737,5.55439680507514,4.924457086290131,4.078577999019135,2.94646539683809,4.831987206285465,5.231783044050817,4.377613411787268,3.738486740357689,4.5361805837466544,2.2647929871908863,1.6576206422565787,0.5302646815333059,-0.764473996376217,-1.5422144552529837,-3.2498994932734693,-4.18423275247448,-4.472126677847448,-5.7553825977936315
5.7181080699998095,5.407582806879689,6.389937255397165,6.405344154030969,6.959827276257375,7.328494687621943,5.683318843363391,2.5357008078695102,2.1242281011291633,2.554952704323388,3.487193282975639,3.235054380743103,2.5922303418504566,3.5071823617636637,3.815867514157172,4.275850109860817,3.534976927789919,2.7186900866838863,3.180143705478873,3.952200036641617,4.1075326307170466,6.12017664770974,3.0306498951824077,2.9061637592658154,3.6166531993950444,3.3047994638195046,1.7742733197319507,-0.091687882305974,-1.581314023589422,-2.546669634185516,-4.218322979584901,-4.778022982778513,-5.4289401590163004,-6.112207401550156
6.901284192210192,6.334069150474728,7.283371408337049,7.123256562998397,7.02286625727543,6.94310838893402,4.499482602152635,2.269443996771872,3.360991698656143,2.097158428352804,2.105108388685968,1.5909124777105677,1.9234113333707201,2.851770488393626,2.1689733285026125,3.106682738071261,2.483679002076227,3.672326905990676,4.03035983967177,4.989948569783286,5.062298820797038,4.77994909724752,4.473456763878166,4.663927488134604,3.9721872683294164,2.9238099958032158,1.5061237069318953,-0.3540346334424763,-1.9577009481036347,-3.3676858226668203,-4.339120705473749,-5.282713050449401,-6.42843964319854,-7.363655276176597
7.4569135937835656,7.3344124585664545,7.371987035241742,7.834406836502282,7.294534776785027,6.4436101554762395,6.357439796146615,3.5616500824601403,2.1826013155212842,1.4951999700619463,2.2451826340491103,4.771375182775819,6.864702060415684,6.905851014124637,5.232776866443703,3.7638930909405732,2.442234559300145,3.137650389588084,4.016954949599417,4.226188863627127,3.7597079512219733,3.828629805983019,1.977079191181236,4.420746418584243,4.414883805549328,1.902644536149573,0.7339107267708593,-0.8472867954625233,-2.06292920190004,-3.3533755512407586,-3.615851734722751,-4.148022098323512,-4.818106413642462,-7.279994773304113
7.272477920388016,6.604238427630382,6.857594409375267,7.788957626273993,8.052482671302448,9.774758728699886,10.301457969045423,9.518175292974576,8.244796765945445,6.864084069631753,7.535197775271287,8.321929370977198,7.960851339323295,8.132285845454065,7.4780189909884935,6.435856034087352,5.9275880102415615,3.8915295233581078,2.027494336456088,1.3260368389387118,2.382057147356759,3.4645084053828987,4.385132000693837,4.34441824975317,3.105070769416552,2.2267399888006127,0.6367970543589104,0.18128316320389837,-1.7339620559200668,-2.9796894845718542,-3.197637532978175,-4.0278917593326025,-5.0021560219043275,-5.525373469341426
7.4900600899405765,6.8986344424803825,6.8032342171884075,7.58944551640226,9.192333196521435,10.633884606091438,11.560973881669923,11.58760839858115,12.607713679483503,13.534136016078406,12.957259237965545,12.46227189556183,11.957070575862762,11.419461078445869,11.097302481282288,8.497102251830926,6.494522508902952,4.042610854328653,1.9460289037054286,1.4720861085802777,1.775204241571236,4.251029904688424,3.4696065528472833,2.68502909168009,2.6401315029704535,0.4695286609755606,0.22276392225100797,-0.4707072704905451,-1.1558573938746222,-2.6393599888791743,-4.510374997954272,-3.0975688381749857,-5.667401029913786,-7.557475954552122
7.838838219739052,7.40559995758085,6.814804829497589,7.147010090753376,8.111345568523348,9.912860465115765,11.730266077832864,13.828576322105372,14.996413198541667,15.01868281289764,14.280266247664386,13.94648795789617,12.306952678613719,9.90816933720574,7.39013055438547,5.568322436495034,5.313479193531921,3.295169433548393,1.377063611262641,2.722900167198773,4.207957003834363,5.308894683970455,4.083568014131833,2.4740932393585187,1.0372262690798995,0.3282800868009435,-1.5493859875138327,-1.79123814965047,-2.1731672395686177,-5.18076609541226,-5.06811113696308,-6.362868503490731,-6.4235995435305275,-8.516609671824972
8.852759631696733,7.907046560836153,7.1342761299313295,7.3599413793721755,6.997315929424816,8.782534787065519,12.300838882595155,14.750934955781528,17.09423780747487,16.932174073846333,14.7265153644905,12.445272790737596,10.044027241503596,9.02943164861628,6.940117290850038,4.55071229050242,3.6415184347983516,2.540402772118308,2.12906442339985,4.937682884347825,5.6258224272476385,5.221467723362463,4.146293483101008,0.7664691402747449,-0.35297334648845724,-1.7091906330239117,-1.6657577963290242,-2.1777506524638737,-5.556244574859153,-6.94127238187612,-7.755762260302491,-8.947744698244676,-9.270628096113905,-9.574874278694963
8.552899667710589,8.745141118803113,8.23272958246062,7.304922243106211,7.7586396564165705,7.9269333618529325,12.620793480005641,15.206259529229992,18.11848726796953,16.0073318299044,14.799592891666691,12.466763548392382,12.800445710901137,11.934547006433627,12.113987792827526,9.710903984602192,4.833468504896004,6.069000437980763,4.764297336693333,4.308290429294524,4.266197505072598,4.540235611571441,3.5037942647571483,-0.05693644799722182,-2.6872733300514033,-2.8530883747684057,-2.430455305870669,-2.506720090990666,-5.735160066170458,-8.997833724175893,-10.352138045380523,-10.202755640784646,-11.088999289091507,-12.043422786315011
8.313607077728125,9.242741157286096,8.899276208760664,7.54106330760235,7.509618037197289,7.336783498610942,11.861845717822739,16.03511049016307,17.80788409880045,16.02215763797479,15.133529751392334,14.156534237252828,14.23273304187937,13.185419277021019,12.719153908758889,11.542117868204892,8.678246108357255,8.293747529872556,6.599354184163273,5.49643817351913,3.9889800087302367,4.501672996715023,3.982469524690573,0.7965798353771227,-2.4509867689470375,-5.28009201998162,-3.501657497345062,-5.139320190186418,-6.9762849869126295,-8.030286214696998,-8.985082083337895,-9.834897668764647,-9.468209147369967,-9.534228637710479
9.297906891339004,9.347130561268127,9.026295371309144,7.574221694919833,7.6091324383371886,6.930239378752875,11.221160265241215,16.818655937311526,17.653022738929497,15.628893510038779,14.997206308165905,14.616655738786699,14.230041306038363,12.886317659292896,13.208672341768203,12.013499105176896,10.85636995124285,8.741625204470695,7.419176124865654,5.991993773414191,4.133701468452077,3.4848105705883468,4.697836206651111,1.6657882502536676,-1.4878726745045756,-5.278155575222429,-7.164674442628986,-6.215139961972276,-7.523656133705457,-8.444432674747276,-9.205490538487284,-9.491559890987219,-9.986877123605286,-8.895966295761168
9.68142948410343,9.55820932711399,8.729452067228817,7.535504697365692,7.660899525228859,7.289383900162199,9.613510145428336,17.494626627342175,17.464262419408225,15.479069672976568,15.250863747330845,14.175333720793963,13.983610541870252,14.377922449548096,13.027452461722884,11.294336219061424,10.715985991691262,8.753772877602252,6.899971754619997,6.425578783702082,5.436351553589484,3.1445465234091325,1.8238476397683812,2.108883937823552,-0.7130402255164652,-2.5420512847151664,-6.2664764755695215,-7.111920028223282,-8.321556259335594,-8.157360452481521,-9.346917967933212,-8.984173396864,-9.936669114374046,-10.665473501207096
9.693371315233842,9.208257809185275,9.175311059572822,8.138367220195802,7.918796012493226,7.416201247849276,8.53828358173351,17.44939841451339,17.083390276906005,15.319813231132942,14.791785381399508,13.906371251713168,12.933214771102671,11.97314941805818,9.737370375372004,12.466217423046443,11.524769987279234,9.93140154889162,7.856351510523747,6.6818359033298735,4.99065312228006,3.9415281198441647,2.2720641501248178,2.0496572083213835,-0.2518083068838225,-2.1244632585311845,-5.096073075731741,-6.409880001346833,-6.800002820718153,-7.823586523508906,-9.010290552272927,-8.977703175585837,-9.357761191846887,-10.844661855990044
9.431491831546921,9.103864308586724,9.724139769820418,8.758909338688042,8.124156245057552,7.705428389288753,9.194660627311677,17.138867345848354,18.028073182400025,15.577965627569817,13.893167027324834,12.994265942231234,13.081737531851063,12.488602638305016,13.311650462089974,11.51223386661514,13.467630336471887,11.777345019773511,9.728576012032685,6.919899087476827,5.782781016581236,3.883334653502616,1.7611806107675,-0.30215512903091846,-0.030472443898878755,-2.3177146787855096,-4.092765031594494,-7.324890931826718,-7.169012666080235,-7.957914103940559,-8.665397125469823,-9.787802002197424,-10.67110355901869,-9.941411403148702
9.541309734951934,9.442601577988947,9.31517912547283,8.739772143857184,7.76263431161256,7.683152386329218,9.156576378687234,16.38128682820963,17.90602977549706,17.040529546671266,14.878856179745354,14.09667720446284,13.105408910831457,13.086486983705276,12.995689896004462,14.487728625388025,14.633501582679404,13.391937563534828,11.842959752414858,7.877525191506127,5.368016310930955,3.771331995834387,1.630450003840686,-0.18616166147637414,-1.8826627594525056,-2.4680448735877865,-3.305840211406325,-6.8914779605155285,-7.957763662996599,-8.778170092956218,-9.328368533627364,-8.82629747000858,-10.73071524892074,-10.04311741978253
11.241254362639783,10.222332827680667,9.100649626510842,8.844993920530355,7.7684199866885315,7.127645110938163,9.816014027077959,14.420382218504452,16.450906134551037,17.56551078258931,15.986473673020196,15.192464709906275,13.368286759905155,14.414986216095198,12.63074301350994,12.600858179492993,13.611654341220676,12.626426296607974,11.650309261252998,9.97380403810495,6.836255616957876,4.4262063932658915,3.2734481657094463,0.43974863837143363,-1.6056465127793207,-2.2642986146976285,-4.0079900390174865,-4.655436626181298,-6.354712957061787,-7.7378051403661505,-6.476207729670642,-6.352487810636796,-7.187984336600349,-6.93254353430815
11.306538640749832,11.777281902674154,10.794891623759584,8.50184382260415,7.423515380694891,6.411780829109652,9.874343934138858,14.077066976371984,15.428734166815138,16.6150662201051,15.743953232571267,14.92964544595104,14.249314818105361,13.940102205738755,12.00120521223313,11.926947822651057,11.131861641033366,12.121121537499658,10.60576240720645,10.97945493304989,7.449324826483208,5.238800205680086,4.296016696572113,1.839156714922123,-1.3360631226876039,-3.5973727305659593,-4.891615320315691,-5.3179218126202,-6.308939218807862,-3.3604084579190054,-5.144536784765987,-6.815578928106921,-5.899425269980528,-4.957808574105162
12.060131880726475,11.043210612882248,9.935993029412392,8.486325550069811,7.400492664685069,5.940484573088434,9.645468125039233,13.568963378996244,15.861339538914653,16.305084223356797,16.914776908300727,15.216812878019214,15.089152715145499,14.57046885236954,13.865807932123088,12.887417925465423,11.908290622442419,12.359676891008448,10.926816978070702,9.92966414249871,8.598902442508502,5.5668465482007115,3.712746923045865,2.2142016391693606,-0.2004115394904554,-1.8273704265218182,-3.854589507421186,-3.986364606307166,-3.5123230410254034,-4.8291991087822295,-5.83902283897728,-6.863002456485543,-4.05473963905038,-3.0072954097461824
11.536512263831106,10.97523191883356,9.623390582758674,7.90774262105782,6.962268026944974,8.070169525891718,9.383985665818853,11.706036070590889,14.935373492554094,16.704519049898593,16.358552784438494,15.92178767473865,14.925779860125484,14.226197374502156,13.954085261187267,13.151266751837385,12.75235544556602,11.88661954862944,9.964434215861269,9.542403068290398,9.353310352066563,6.012094424782066,4.130639469991215,2.1787030989531386,0.2474173072078508,-1.6759386537187795,-2.1486024915488335,-3.289745394934687,-4.112501060032487,-3.885543361901732,-4.945189286820507,-4.969525571989965,-4.397329250990692,-3.284933005228705
11.794644088442553,11.438844777165272,10.278044924704618,7.989145057969646,6.07065277674037,8.78616325668835,11.52977327075925,10.545383281074724,14.42838991632756,16.331017463085637,15.713146594710286,16.103459301905687,14.470478909644237,14.078473075209436,13.293788125920898,14.083626340877636,13.838342981673327,11.876675143424023,9.529436423078891,9.99507092498766,8.442747940946449,7.167252321167719,4.609010350554485,1.655386327844498,0.7707423315461615,-1.4817410564022881,-2.650744319552216,-3.586296130303865,-4.40259406992782,-4.3861654763338,-3.6631778347126964,-3.3948142441276077,-4.167617600386965,-2.4492375405222253
11.461728620180834,10.697835609306853,10.783065106084816,8.085776421583093,5.470305265981587,11.24816335436944,12.822426595296102,10.741169580721747,12.594085752848166,14.966250590109077,14.884068279965403,14.887575579736026,14.721397140218404,13.738736512840267,11.641237592893662,13.737428637216178,13.198275217668607,10.593274828439617,10.073607372018564,10.583498181857815,8.84208911807808,7.18847399227185,4.784900917111652,2.350743906573578,0.3775963686853152,-0.5328466013769185,-2.1914540307622885,-3.073422048614088,-3.633238167460197,-4.81120878554693,-5.527034432414924,-5.869080439660005,-4.701997458938804,-2.78248112147967
9.780633892115072,9.56566190683657,11.026418669554046,8.422765180771398,5.454910642464135,11.74915865310384,13.55899755019193,13.618782415736995,11.410553950458329,14.253238187332245,13.907073928873965,12.618261271285302,13.757171589625473,14.703310364813392,11.794850883734815,12.23700669851152,12.061673343276953,10.778516239829669,9.578350250035026,9.882576642493694,9.630680693976576,6.634815069832738,4.046209315106244,1.4763919176221738,-0.522749951294166,-1.5864132743665098,-1.817999016763038,-2.420023841241797,-3.484876169074999,-3.8717638579484306,-5.013732639594573,-5.297672794730333,-4.850689266804641,-4.761340714645179
8.347055513008918,9.06296024664971,10.432259372294586,7.889299682841719,5.512711653493298,11.883198301529651,13.991019281483094,13.304914347224155,11.435620914147899,13.186078141245199,13.030604717260005,14.31260591931551,14.090282262616954,13.769018346581419,13.99070319919,13.504514329345136,10.63761697574305,11.053308901701184,8.84068972061983,9.132746034081151,8.447043855446461,6.1976054565482395,4.127704784612398,1.6944225304883829,0.11659009291986076,-1.21562683514532,-1.3534166976044109,-1.4979288377463056,-2.2016013186685996,-3.534866673746614,-4.415948568182979,-5.204647566388618,-4.6809677827834815,-1.4401607914969687
6.836608752848674,8.931989150382757,9.760219814295773,6.607043781041475,7.386411095115264,11.334716038870106,13.820601092864758,13.295889188349904,12.737271967826372,13.187923973830857,12.856530469201195,14.115125177879717,13.848925780863118,13.904883342925647,13.57687207800192,12.406121167417526,10.02337829334653,9.865712998104994,8.646666599855074,7.294994260602087,6.8338137468268,5.880342725659836,4.8665744722311475,1.914835862735187,0.7812545974424399,0.44032140495765953,-0.44347605629615006,-1.7023622080946803,-2.2323473385598334,-3.59948130209464,-4.141726473452519,-4.586682363238172,-4.001895241867208,1.9632339311524307
6.584082782062919,9.153692248268493,9.56007406209086,6.945982211288371,7.314495157388199,10.691560956610111,13.110415218759162,13.277475220722405,13.010501574375972,12.767983847455033,11.740454886247786,12.07298792930394,12.623824605508474,13.023924430783692,10.795726190531534,12.656695298245593,10.696312768240132,8.603014126984547,7.63623727068021,4.233985254707906,7.559317420427182,6.544738892308827,4.3142148921214085,1.6948381528900989,0.6440816815968408,0.554702071066751,-0.15629154205074294,-1.6015527834917123,-2.126529453598811,-2.4636635368823123,-2.655546475662668,-1.672930081932201,0.8644306623614803,1.1793372562574476
