script/wind10m.json
{"header": {"parameterCategory": 2, "parameterNumber": 2, "lo1": 3.000054539987559, "la1": 64.9999836372058, "dx": 0.5, "dy": 0.25, "nx": 34, "ny": 52, "refTime": "2025-05-03T03:00:00.000Z"}, "data":
[rows 0 to 24 of 52, columns 0 to 33 of 34]
1.8293815361889565,1.955528627671174,2.2947943484644377,2.4218649443215217,2.706769979633287,3.0746576598388504,3.073547955447909,3.115712686268301,3.2113765506035716,3.4177217516418223,3.3340492544567653,3.5529085646506124,3.3482284071040134,3.3650557995251447,3.8876538227228523,4.029164654203169,2.2341994195761266,1.0873056235900111,1.6973211471089695,2.695855143483695,4.132486450631777,4.261011217742889,4.837440738531067,3.626769033480926,5.322424347027914,2.6390262372902686,1.9312425366867976,2.3630499403439367,2.632775809492439,2.627829364357099,3.082493175273311,1.8370185774348158,1.5443463184945125,1.875156988890102
1.5417327658862392,1.715376972025837,2.0512287865866963,2.1843898510254673,2.4563558684634006,2.8288841778538396,3.0496198405375248,3.0405172559974227,2.953268759863838,3.3744719566623926,3.486966852929093,3.572392771300655,2.9931694559123527,3.195992881536752,3.9208535364392443,4.770048846915104,6.008448443314665,4.529358604919295,2.6310578856669724,7.409131403765906,2.539317111964822,5.212832552481376,2.0243981198158756,7.701990956595791,2.8945436088226297,2.5024907806585435,2.23233931076469,2.752933533707753,1.8982609170397184,3.075380862872836,2.418662330897608,2.781192270560495,1.8633396625995835,2.148028391820914
0.7448974750507495,1.2800016965296448,1.318377538728078,1.6274809728102153,1.9684140864563215,2.44880493734659,2.657479020054793,2.7694430091115483,2.52641603732371,3.005060037296036,3.445758724561905,3.5905786255464345,4.003048930425561,3.97286896540059,3.3225897863964375,4.862516902848717,3.323048153081466,1.9917521610604279,2.3470648523118744,2.6416074263842786,7.279898431842938,3.9782833266555655,3.9656463250292537,5.571777188539985,3.6946238151946824,1.9385913722517871,1.4688046764454312,3.0110643068448977,2.1879370078639155,2.0218891542409523,2.5018527007539006,2.342873826853274,2.6549153397109158,1.7337014387468075
0.18090537682342595,0.7058959760739221,0.8511888460648368,1.008614826732684,1.360475460640801,1.845551605371926,2.1008133091928487,2.472478032124469,2.6673548509736045,2.9567884131974838,3.107631446695693,3.5157373205860223,3.7388336645034066,3.886575581378499,4.149270782109014,3.865474532236125,2.310231359163456,2.2071223214314495,5.072842615321176,2.0832233076555133,5.302302677805867,6.7440816256882785,6.8753993493946695,4.400611492922603,3.0788882329989486,2.4148765119471776,3.665078058199199,2.1160467481899206,1.701372655941745,2.2410290801784933,2.5377952783406554,3.139393292417671,2.559351968918504,1.7940127301124356
-0.7438908268629846,0.0024598143640785675,-0.15475055004503996,0.2087205917446859,0.5207237938746108,1.1233712478957856,1.4308836713623496,1.7973845443012828,2.2520858540584774,2.8522592096338037,3.1484001723723853,3.7972195805273645,3.9078040732182204,4.654864432274857,2.671832126083853,2.2186010007096306,3.376016343094568,2.709466338272987,4.610586663612503,9.758497601251353,5.3618155442433695,9.39858386993192,3.4150586240665475,5.4606809475481874,2.61771633767847,2.363914323962899,2.6042292040761907,-0.18572923022110727,3.0122014698883395,2.160559817607481,2.4072798284728467,2.2605059749972702,3.374473437029641,2.678385966091276
-1.516329208082937,-1.193023516885651,-0.9430597428621694,-0.663797932156719,0.005195782174806435,0.26426789565400083,0.37954676186039227,1.0172633211137703,1.7442590011222336,2.0982531476160946,2.180938231345317,3.255343071089732,3.7549245596773972,3.8749631520078593,1.83987766527691,2.3302810012720774,0.9460368629105678,3.2977845979550082,6.476835911454159,5.197641909187488,2.3091428569518495,4.479206789318533,3.226283132448142,2.9360482595701343,2.6513323920752034,3.063841696070593,3.2895552584402434,2.6503581255858344,2.4441365740521364,2.7095045653362315,2.6170330083633773,1.3722438718177474,1.739812113111225,2.6277514029972013
-2.2072473597759066,-2.1933301996680803,-2.0917787516047195,-1.284110393844735,-1.0364679781293544,-0.3331581936071345,-0.10418208372232442,0.6919984366307225,1.6651193253404257,1.7674626164242961,2.3726649264700646,1.5132215341397597,2.70556386622707,2.7818080409327828,1.8204319931716255,4.034658276122749,1.9219255692598671,2.8146789360513442,7.7763880161469485,5.065533354511012,4.395258725836551,2.6903837435615814,2.887181061191825,2.9484994639488873,3.469720997209882,2.5251110130518195,3.7526942387273476,2.327503477169567,1.7804590293741127,3.044763910303183,2.7536432105116573,2.7183382634599575,2.8417931069918616,3.014932851375584
-2.616153088310583,-3.0440025875272934,-2.8983787405130332,-2.4107289695191083,-1.6904056509770784,-1.3198724150357086,-0.46859915132577445,-0.3776735435373478,0.8810321204182614,1.7652029972549557,2.200671553709142,0.9820741132954132,0.44560983309675806,4.5636184802452595,1.2367065581185983,2.359783197693123,2.313365178021426,5.616328216581948,5.65160755434174,5.702006549011805,5.66169795571145,4.238247451367725,3.810663676968562,4.000080086487431,3.105854519421051,2.296823394234465,2.8123015780316134,3.917380090300297,2.529004353466941,3.1091613350509744,3.145762985354879,1.8458251603878628,3.53132710368959,7.196287215846929
-4.48195170767037,-4.105069649651665,-3.5561459907152084,-3.4106193749628098,-3.466598203408667,-2.4203891306306846,-1.18988014756153,0.21620101621981497,3.0675818061340285,1.7843535971301874,2.5719233152022354,0.661740360815503,3.6450530503266054,2.927603824669677,3.8359322888727414,1.9355459947343179,6.204972935888252,6.48064760805563,4.395269363669937,6.251976842599731,10.236720495497954,5.9841207951033315,3.469863522848536,1.8391655273175622,3.1798833987273296,2.0869983456659016,3.6999291777745476,2.8595955723258033,3.1909865956430057,3.743080461055765,2.419639970444912,4.27345167059973,7.1214699725911546,7.51024770905847
-5.117732303088645,-5.287984666528185,-2.193507881909869,0.6488388780737842,3.6222694548677064,4.180881836824956,3.159136311538094,3.7258821091441865,1.2417962320865845,0.9766307581096766,-1.4192591880181116,1.4364078183625393,6.595408910205246,5.303382589630139,-0.2384927738736304,5.6067540339307405,3.8968969193144103,5.979646198871712,6.7787756624060584,5.734305655504496,5.6021303328769,3.6222672425405116,2.2914824798267537,2.4956760358969747,2.0994765270017877,2.223453143618192,3.753806465822669,3.765213113154925,2.5342266827891073,2.052921548630766,3.163570179761917,6.765791693055434,7.417951412246874,8.584741888619567
-1.2323946842057147,-0.627258197063393,-0.031340289985890044,0.02535000459299895,1.2179556165954264,0.3471457106078471,0.2582656406089769,-0.4726658813019423,2.3342043598694184,-0.8229533012345461,5.235371568008638,-1.3703505123406117,1.841267262610605,8.401464719878327,8.855009766587173,4.2503588567246,3.133842307170055,3.0179104185862147,7.397792491572608,3.1685251170317814,3.960091502637351,2.768379951874103,5.341927134754644,1.9412331713882458,2.021537187060923,1.2892413018141418,2.6452863891668414,2.5861912271412373,2.768870379005563,2.537343395945567,5.973211044842071,8.079830662661367,8.638418794899225,8.279005184700601
-1.89374324840778,-2.232218488298324,-0.4913578352859177,-0.4996735363438019,0.10908319215591833,-2.0033331452015415,-0.4323591118476482,-1.117946037999193,-0.9660236530840115,0.739572585555294,2.455021000155216,7.179139377608886,5.076208443461117,3.2622856800095628,5.3313782328710815,1.4972257856510134,2.344125878547098,7.4250438122696325,3.9660677523924477,5.521483998326613,4.255363892997234,4.738898891214269,1.556287990936315,2.9230426541401933,1.756742184304106,1.343587155293581,2.670967350937833,2.823330355823514,3.1464892541034515,3.6110261659756997,8.367597961943993,8.45312908613521,9.423206756759875,9.153918517523604
-3.4555063407796736,-2.6751355709029947,-2.1647435290661186,-3.0734652172220374,-1.8941172629769578,-0.15809522231339682,0.7172222418074325,0.5093587931834792,-0.1007035019715419,4.327313498834495,6.578492947227089,5.428984318992647,3.1589870303886523,5.5362158671635635,3.6061968769049715,5.488283005667015,3.7649534146025827,3.2025315426031566,2.7753993461881556,1.1187044095230583,2.803631044049518,3.4433936105892777,3.7695889888446636,2.494288335056867,3.0998971271279725,1.8192770407608243,0.28932503210880756,2.082900295386385,2.4512185624590743,6.422527622844928,7.8903369723797665,9.102140754438746,9.06578910636255,9.396902479333063
-5.7895053987526515,-3.8816292539138417,-2.1561172201642638,-2.783301479611684,-2.2067762823190002,-1.5240108052178059,1.6614828496109006,-0.1757303668288241,-0.8564214470994089,2.457196113799995,2.3264490442176595,6.204305451353094,1.660003824003181,0.6283692501976641,4.231254906123531,2.344276690733548,4.080037418893127,2.2198232087272936,3.133957542744341,3.4107831989966133,0.5414235832151,4.183084235979611,4.211871493544479,3.45153191028196,2.221258687085835,3.0676500687705244,3.2976558278714725,3.32689267177668,3.451330833470168,6.770993373119127,8.531053043089468,9.021562629646748,9.673499040080882,9.299632976496252
-6.501168923542125,1.6813628028478962,-0.6833289572113329,-5.207926361769827,-4.6641601445119525,-1.8780927402795886,-0.9104535715544291,2.6006839932350934,-0.7530646679118104,0.19377257145760637,1.5493662777898876,-0.8764359304575395,4.330744296866272,1.3071620589642239,2.5793601119954492,3.3305095489712824,1.587194760863118,2.623803426109138,1.4328163665751972,0.43505555656000033,2.2912863850353107,1.1721806778673451,1.5791789718501366,3.2029603595086495,2.159674310890399,1.8966745945353871,1.1544156659791514,2.693038940645961,2.727077564855408,5.942488829471163,7.867600427659307,8.956906048588612,9.707629485812626,9.002456084835282
2.4691846568955294,1.0564583198198965,0.38462776725107567,-2.5342542109837076,-1.2578369345372,-1.6607607390612538,-2.023275016296308,1.666776240528411,-0.5014051487591336,3.1781183996491396,4.921612620699114,7.452307093199494,3.147881857773898,2.94586705187452,1.0759765027324455,1.4201636687534847,4.001661646227876,-0.7803120474207289,0.7093659360460337,1.1924128303212949,4.1640264794727235,2.807701845561376,-0.09140150342134257,2.814643541865591,-0.14935720105749853,1.7241898108130638,2.8937314398397316,2.401594817875545,3.072025100313794,7.4265137916654576,8.337965297054849,9.124325563935573,9.401828495231683,9.467191063182817
0.10023759605098721,4.892308609840399,-4.400576756002449,0.039835020213531205,-1.4359357189550346,-0.17736080648933036,-0.056244538395294356,1.033316454216967,-0.6291036266616378,0.8125172663315163,6.613896732043694,10.044086339283242,2.2131837122695632,0.8793646618172863,0.09075753601789632,0.38894217594789826,-0.8726516464985128,-0.3886541173271213,1.776122241106856,0.18999524617054897,2.46671773547608,3.1786800885828113,0.9621961321949536,0.5123791864296542,1.618982124595635,0.16893906171957915,2.7211415233352416,2.497541581738643,2.4823532147402103,6.651199364009091,7.602324446401462,9.22256347161709,9.522645026366058,9.057545261998843
3.3665155420953887,3.3806593026986147,5.554515471732565,4.188896473065563,-0.9361353465880587,-0.8590152855089299,-0.04877013701731217,-0.9257656609966421,3.1254534451029614,6.332719382063127,1.4515444688054406,4.0671173523882,-0.26627121437190626,1.9863591971400212,1.6610601644939522,1.893592581451277,1.9408697525778946,0.9062199421431614,2.0713962608020107,-0.005402819855757585,1.0092472852583203,-0.03846067668398133,1.9195743641730287,2.768899128525347,0.34301286994156577,2.3000812890754885,1.600539821817906,2.4690516293773603,2.401652702733278,6.680011334902262,7.703500554681161,8.444449224087656,8.297122651953831,8.904719444264359
5.395241934779628,-0.6178607985876942,5.594911418180431,2.004214901406429,0.7076811855891859,-1.5377604846599024,3.118749535070423,-0.44403784245470207,1.5715995472150763,4.555373500044882,2.257699352593342,0.7497329738985885,3.1932310646752935,-0.64551511714584,1.5109668504543934,-0.7504041902665348,0.375745366926845,0.6268223254856811,-0.4157307463518046,1.2558283778266583,1.530729567518315,1.9795464266147231,1.0533734861788144,1.0715550579114426,-0.26569314597259724,2.4459412619827208,1.7975421692911866,2.6179250642971286,2.429830835952518,2.6616423495603017,3.571659353007768,8.549283191219386,8.756650620870841,7.819623801005233
7.144278443407786,4.693940195379627,4.277880704888556,6.172061206849362,1.2013355541688693,-0.9189211696905139,-1.4104690126466668,3.0774952516698,2.8387568616599896,3.048300975103255,6.572421831912551,6.565359139819923,-0.5501049633674809,4.512943829543592,0.5808639484136483,2.0025709494781876,0.9672930531049039,0.12586966801089336,-0.2016209159091091,-0.016031146789194175,-0.03374385608173504,0.3823988984471276,1.5210772345139267,1.6485138821776673,-1.3405992993940015,1.208423725923608,1.623369672791073,1.8880726874274083,2.072280338039654,2.226949823440415,2.3470986686804567,2.374162581918678,6.452266534480883,3.7351843566464398
9.630361727464058,9.25964414377271,9.08545066185431,6.790492733628865,2.9299854178926226,0.21339144498583415,-1.4974638058212366,0.5033528527270965,2.9697934999100926,2.7418350463479446,4.640865609880223,4.488273665748276,3.348151747065432,-0.08881266794627322,1.3112462753979126,1.3390207863997845,1.494385284183489,1.2728243333234328,2.099977407096694,0.4740155704810281,1.458938876666038,0.13983199076901445,1.534949048433082,1.458706331269279,-0.1816109792723903,2.040981290807995,1.6281546158418625,1.8230488057391505,1.9669681377216388,2.718759212343679,2.625713869852654,2.258140448620672,5.002234345491432,6.181195484797594
9.362245902105382,9.759598483859122,8.408115921856632,2.3622426286698603,-0.23776518656275722,2.771633817621214,1.1856513802898376,-0.6041874043621709,4.246447558971885,1.7126879180048646,10.06239707917882,5.116363446245201,1.5993988195872844,2.284501993304657,1.6608633654205731,3.1157536669478407,1.1157877463893022,-0.5969297367631275,2.0245070339763758,-0.4843639412420997,1.464891654512467,-0.5249289070666455,1.919342350990491,0.8135731530525493,1.690066869027587,1.6333654974319232,1.5558602039833584,1.640169396727461,2.080104963761483,2.418967158507246,1.991411381502457,2.2707054605094807,2.137746938154973,6.179708699723632
9.472320912422763,9.377813268235156,8.806861788451911,8.226780568596071,6.296240619373225,-0.5870106678746915,1.4068983947888616,1.7442640365059254,7.942191753556103,5.893249697099592,-0.6432268812976755,2.2855334883156404,2.161011068746685,2.119701495688052,2.3049142971835246,3.083494481010643,1.4813016927725324,1.6832475439777987,0.6648545988168354,2.108517264173285,1.5678386963966342,1.5648585888598165,1.5688790939783992,-0.45089083432446486,1.922582070015161,1.7605096872134252,1.5908750516063095,3.503532672474647,2.3973147506494064,2.894080458412742,2.49182119590354,2.6693901863565683,4.879315313310034,6.464395725444144
10.03417865285512,8.056361385772114,9.082286002045795,10.712521515617222,7.427995867293051,0.7741810003910935,2.1862300414324274,3.3979814857761323,4.48719779892946,-0.6603581480067849,0.6496010628386903,-0.9647298622168381,2.413151088559864,1.8658047437279053,1.967767903415928,4.380799887383012,1.788406196109723,0.15612270308476875,0.8244489376676937,2.014187167263845,1.6972767030108513,2.701697083405453,2.188101129124682,1.0600024585534649,2.7170202129117778,1.7783592855133628,4.173858577304939,1.9994185947257903,1.884251567915381,2.1823400518272056,2.7198347782776486,2.0067132827440806,5.026857835834735,6.728782617467541
9.94333870218946,9.676313263401402,8.824025209528397,12.194086548897861,7.089219866696868,6.731833294579122,2.405795032410144,9.189473329184425,8.716058431100631,2.1137348910644085,0.8324912737201565,1.0278588456230415,0.7574082801267634,2.0798402918532384,2.685608675794521,6.975923838716553,5.740893078895578,0.7104774291803712,1.756195654625014,1.8789868466362565,4.458039590067141,4.250087389788272,2.5677081833349207,1.8857177047087161,2.069596590758713,2.0389569022927807,2.4994417055516567,1.8556692237903125,1.9624330688221583,1.8145956980970037,2.465588015398006,4.774819453245521,6.316003445285442,7.701671689432656
