script/wind10m.json
{"header": {"parameterCategory": 2, "parameterNumber": 3, "lo1": 6.000027932988019, "la1": 58.9999434238085, "dx": 0.5, "dy": 0.25, "nx": 22, "ny": 24, "refTime": "2024-09-05T23:00:00.000Z"}, "data":
[rows 0 to 23 of 24, columns 0 to 21 of 22]
1.1825654538015118,6.077317454316914,1.0002061540972864,-0.7156463206074741,-2.1333795399103863,-1.6614556835818002,-1.6152887363368267,-1.7926055116785302,-2.811971891494471,-2.071268367916583,-0.45601966598658517,-0.21861940548803457,-0.46259540264109283,-0.9304050267873597,-0.30843849065058215,0.14379349356617854,0.23719366342687892,-0.8019064841226637,-0.41428282803590566,1.1868587996340716,0.8046524813884077,-0.3592397832095119
0.9931917100413373,-1.8870966222205716,-0.8048192677491401,-1.631245105701886,-1.6268578334156212,-1.647549910452421,-2.246915475619503,-4.742088666657257,-2.335718371631719,-0.3198233045035882,-0.06431424764812972,-0.40092763077851185,-0.4868058846094107,-0.34188808317749936,1.5222181804283603,2.083769343375634,0.3428709048430575,0.9333753626343908,0.6765203810022737,-1.0205635306162433,0.33712487553235865,-0.3218590902267025
-0.4431153663254472,-1.065004096514058,-1.2813048068692916,-2.208569302003,-1.5615188442539347,-1.9232780691358546,-5.881186728065013,-2.867396836046448,-0.3379903851146458,-0.014229927177113109,-0.3888662042310994,0.39401253096611655,-0.6365161997695609,0.7658984935673081,0.5465413642785475,0.3285508226959923,0.27310938204417406,0.5251603200542438,-0.5941244921787184,0.11153061136741839,-0.36047152887551676,-0.5784374171697196
-1.1449179044645266,-3.65015895061406,-1.101026899180664,-2.057855561540739,-2.260151703235919,-5.711237707726169,-4.259606823837348,-0.6679609349228299,0.4660634383398968,0.08486947341953269,-0.8837730209596462,-0.36885845560058006,0.28510232805688146,-0.1389943133182098,0.25808759893128136,0.9366067243470496,-0.2017339052509858,-0.8291934083468362,-0.5534741880018116,-0.030825396663595423,-0.2509267035459885,-1.177562226446547
-2.6244804954238643,-2.1175458936709246,-2.6889615661949207,-2.8923824898421664,-6.164411907070715,-5.222598654129457,-1.6355954613122863,-0.2815684317765442,-0.009496567127832686,-1.130346008384724,-1.459681191459289,-0.5566654796315926,-0.09156600220881816,0.47779928818072026,0.2258395346269338,-0.4731557048447713,-0.9489543785195815,0.01289260408145494,0.8953414988543342,-0.29596801533589806,-0.8722704657332089,-1.717736198819056
-2.660456268777798,-3.2708057793827097,-4.824197882380429,-5.788468594243135,-5.054125205240148,-3.0407136978449425,-1.9323045556420277,-0.4284066671107791,-0.3069910906573579,0.2493958181060304,-0.5324254836996832,-0.36940560337155015,-0.521124091285717,-0.575866014920304,-0.05919206540882829,0.10854004414793897,-0.7052576243693053,0.08499873236188404,-0.7059740523219163,-1.170866838658239,-1.5393067722294607,-1.4952606743797263
-2.4882992754704656,-3.8656134707543943,-4.924678241400812,-4.759033743843881,-3.6374048582336784,-2.4458118997667775,-1.085012948930382,-0.3540849869968154,-0.2974185511832157,0.259736517392508,-0.3011690014797308,-1.1577440259503073,-0.8106576173712472,-0.9698190699686388,-0.6512250115761891,-0.2842460284521494,-1.1334808529680926,-0.8241614654917865,-0.8528501561478057,-1.4404500874344883,-1.4261243439498008,-1.794820620581951
-2.926734641089314,-4.48687354827504,-3.639457829394173,-2.907158482741696,-2.207073546228546,-1.0907273040864014,-0.16248597310580337,0.5579421321586504,-0.25638801451595267,-0.43337764272444146,-0.22124100829501986,-1.4860088816823998,-1.6125944697302614,-0.0691460974412639,-0.623426419903673,-0.9077472439160356,-1.110337096129031,-0.9286792297055886,-1.3157510795950162,-0.9482951322722293,-1.6447443472464445,-4.117821150303517
-4.562982741988706,-2.350226420726281,-2.3007647159651667,-2.3570602176361355,-1.0770086555080678,0.35681893982289486,-1.4528247386409705,-0.9897250895787649,-0.08967648715439525,-1.4066073624288,-1.524321686819353,-2.009095823410516,-2.3661513344091802,-1.5710542722351157,-1.193983227857064,-1.2748670019627726,-1.2491265373668388,-1.214392000957744,-0.8160012866542893,-1.3751862949514464,-1.603737720892804,-2.5145925068433006
-2.0266178491800204,-3.0483986437927273,-3.342905430393997,-2.579794750986369,-0.9307795866663575,-1.2672510849073781,-0.8322995248030978,-1.1692363338078022,-0.5071955483212444,-0.5990450953351618,-1.6295329965350418,-2.393420590254624,-3.123160451213313,-2.9644338115695974,-1.1642049989634577,-1.120650666916872,-0.9057975870886931,-0.9537232660136952,-1.0428109039774778,-1.423047882059271,-1.7463850185735024,-0.758736777875067
-2.3800970673838404,-2.535541642698866,-3.3256021170782266,-2.79263659370661,-2.5539904028102316,-0.7717013724479459,-0.2360909518305997,-0.4101473508189173,-0.7750179204158965,-0.34292315832964737,-2.192342607525149,-2.255415754932828,-3.5483130837988743,-2.707996856456676,-1.2118875732215386,-0.8779938396993556,-0.8985918131283354,-0.863141727335369,-1.0685450777388061,-1.5684897529464819,-1.957044900116762,-2.520439258111677
-2.3649073077035743,-2.8870252807197643,-3.507624499373285,-3.0331380014415807,-1.9603814652993423,-0.2877193489149034,-0.9177655616463526,-1.2025131129673088,-0.8730730109738921,-0.6076799423610878,-1.8349543094718228,-2.042737713072101,-2.5802811340910146,-0.9537545873559664,-1.4114035068316002,-1.3235592408356571,-1.2969576899396755,-1.108326758434258,-1.6365115383932505,-1.8127814089704277,-3.0089516150267612,-4.134992816866877
-2.893258611713035,-3.557052578023749,-3.4671496061035376,-2.4160288794618925,-1.928312720365441,-2.138143040953382,-1.5652207457044929,-0.8520593162814845,-0.6952175394786506,-0.020799972650578008,-0.7523359171245482,-1.7807428749627394,-0.9070398939635057,-1.4761530848908753,-1.3768079883603423,-1.1293105557219685,-1.3557218362481556,-4.867183930403817,-5.606581082122743,-5.190018699680793,-4.311379756177486,-3.0247876416087274
-2.907380113370068,-3.5989745227331422,-3.2337546843285203,-2.837619574466018,-2.8234291121331547,-1.5732531867833512,-1.0556008702660857,-0.4466829544057713,-0.806870367267359,-1.3309301785465817,-1.1369932324463994,-1.4552159137597542,-1.8145265954129914,-1.7178970660412292,-2.341074888773235,-2.8575221331997724,-1.3569585410067806,-4.639361532186822,-4.913924165043919,-3.6012532936124764,-2.5707738128829316,-2.200583528284679
-2.5714540109844592,-3.385862491586039,-3.5725428195519617,-4.074093413608146,-3.654681582083465,-2.0570592690879272,-1.3611201462240583,-1.697773260397308,-0.7583118471691931,-2.429501314736539,-3.250505598468773,-2.114844339457374,-1.7643705102507596,-4.041116339074946,-2.337196503285885,-2.599737542826903,-2.7391678970822633,-4.380204722011643,-2.9828850065025243,-1.8348013986779224,-1.7110608082684884,-1.84756166095517
-2.6278150482477676,-2.713781986838689,-3.0584612101613002,-4.249658900992601,-3.712628244016101,-2.957899542781327,-1.5695350805188863,-2.346666981451405,-2.1517959362246994,-1.694880679982166,-3.3481346152844114,-2.287581072385324,-1.4687366278462055,-3.044620034588536,-3.6182032119363945,-4.096274637127771,-3.9725780431929785,-2.435143275632006,-1.6946310757134413,-1.410047506668417,-1.445993872260246,-1.4159864204678954
-2.126454219990314,-2.86931880335896,-3.7116692006611967,-3.598682794413751,-2.8976460136265922,-3.278128449169802,-1.5376307978738188,-1.792715539770558,-2.7326747662343687,-2.4699967609718794,-1.9290936488426385,-2.4688209286537743,-1.7507667070112352,-1.4958747736424407,-3.215402592020835,-2.7598562842047967,-1.8453576742029498,-1.5668580800483658,-1.5869025879364949,-1.3401951557529304,-1.0329920367472711,-0.9620029342465601
-2.4027539122574937,-3.2065848148813103,-3.6023252982414395,-2.8601182034382155,-3.1140705738648484,-2.597230445839504,-1.120307917549723,-2.172198868065075,-3.6147718104619897,-3.4286967200140914,-2.871264180591986,-1.903206019825307,-2.9306261074963076,-2.4090297888508285,-1.3409722371796882,-0.9900779373027999,-1.8054684845578461,-1.657679878220747,-1.5255929883273776,-1.5774554455884704,-1.6592500639015637,-1.7021010264503118
-2.8065240389443553,-2.8531569714674316,-2.980043974646812,-2.9595233804323473,-3.4871898498896012,-2.8349565469303872,-2.024293103894809,-1.8274095184345354,-1.9851742434376802,-3.52032733567223,-2.3460330566663803,-4.123451038562548,-3.3469150445253275,-1.5881285844193933,-1.2724908708288643,-0.3151824246880146,-0.8699572386383349,-1.050874100640066,-1.3158988228348714,-1.4856036363412437,-1.4170265001187965,-0.26353335813965434
-2.915429034820536,-2.861965492184761,-2.906965964206492,-3.1830161411142153,-3.4760584930494067,-3.8916318847669547,-2.3615196929617004,-2.4304823146790238,-1.9905356122244249,-2.53134048667382,-2.577328586800022,-3.1335248235962676,-2.792644551679857,-1.0280536697976628,-0.014851954128721935,-0.2139979924652421,-0.747854356997449,-0.5919808327057725,-0.9024745340818292,-1.0122937108814214,-0.23127226455757713,-0.07510001650888534
-3.002037185722575,-2.9352928824945583,-3.0690737191830544,-3.168792326438546,-3.6804628622534725,-3.9504377315842394,-2.8548659855652643,-2.343626744629027,-1.283403526996661,-1.3970593550658075,-2.2835396393351535,-0.6465610220028483,-0.8890413819908616,-0.7091996639732764,-0.11931750180180427,-0.2438704942908716,-0.329380907664533,-0.3210150275267431,-0.5577850499197616,-0.5739963757202731,-0.34142969216393876,-0.3369317479620505
-3.2850461442339944,-3.0967448985440513,-3.2067283547267604,-2.772766821273045,-3.8824631810421346,-2.5449261427901213,-2.1249209333171546,-2.358163173927325,-2.016830726090284,-1.6399702472209359,-1.189306368078859,-0.9962520607653891,-0.7283007383714459,-0.7375208996399414,-0.49555699685747484,-0.5139081405192225,-0.19889171109413012,-1.4460590410941816,-0.9452791183036887,-0.583511598418918,-0.13122844111585327,-0.1317938840968258
-3.5516061061744524,-3.858623748887314,-2.783805221404298,-1.7873602844241239,-2.3353886630937484,-2.1589151550461034,-1.7851415717678383,-1.2725779092939553,-1.4937340324942356,-1.2196911799275536,-1.0647101687660765,-0.8255032786164859,-1.0569751056980783,-1.0015917597229178,-1.391660961934122,-1.3980226134993516,-0.5106157407121008,-0.5637206138530876,-1.5958495881423707,-0.3865384349812414,-0.6419960565230519,-0.6408592805066242
-2.397476120689856,-2.480965387284457,-2.794513787636107,-2.0860511211414465,-1.7445642499214444,-2.259793699374287,-2.2264618323336993,-1.6094522425510813,-0.8037717186086403,-0.7747756511086639,-0.40678228414431794,-0.6723181300792062,-1.0554818351602309,-0.4389561579681836,-0.5299877775132334,-1.0957314840668,-1.5434237107071234,-0.9090384787865181,-1.7573379288056499,-1.3670512127536503,-0.9843758784478074,-0.9666690268263136
