script/wind10m.json
{"header": {"parameterCategory": 2, "parameterNumber": 3, "lo1": 3.000054539987559, "la1": 64.9999836372058, "dx": 0.5, "dy": 0.25, "nx": 34, "ny": 52, "refTime": "2025-06-20T03:00:00.000Z"}, "data":
[rows 24 to 47 of 52, columns 0 to 33 of 34]
4.447758058350332,3.4074440042560763,1.8935650912821702,0.12747662965556808,-1.8398809570649934,-2.7997518013443368,0.3905479719107302,-1.7483969158536585,-1.857967529169815,-0.3127272145872926,-2.212066027054327,-2.7614949932948347,-1.477490309698747,-2.1955311902804,-3.03252203363632,-8.26151600476124,-3.9672011971225474,-1.4841895297657237,-1.4815010744417227,-1.9719216363024017,-4.657779188727967,-5.463542992195903,-3.0388527960437726,-1.9296146375160383,-1.362084008255278,-1.632956389393102,-2.4778394533140036,-1.3406297632590662,-2.055985054597494,-1.4734929917366522,-2.584708924736324,-7.033088466691652,-7.434595730762396,-9.326641269291025
4.296246664071627,3.2725491542495577,1.4034886234967299,-0.02236512483851895,-2.271574786765685,-2.8807173777094577,-0.9861344330411816,-1.5474246005788785,-1.9108086317215662,-0.35082091460363235,-2.288901032009804,-1.3675555358769163,-1.2912564635368498,-5.781599695954794,-6.405324055229239,-7.478584964123732,-6.144084173637097,-1.6913015439347383,-0.7004405403365175,-0.9574504045727628,-4.805140209260566,-5.368134790748322,-1.9533161779810755,-1.905866666304625,-1.4833680724166745,-1.9827137788602298,-1.5068491582247856,-1.8414646880847259,-1.956923505647894,-2.908995919372336,-4.842488695426379,-6.3732454846649285,-8.598725977303475,-9.535581407953831
3.9044453475410448,2.76671859710586,0.9136494636570567,-0.5830123262186125,-2.7088229623314475,-4.67285032809422,-1.1988158714920045,-1.1145660972523213,-0.6506918751110491,0.5964318049691358,-1.0291803517311027,-1.6146828853303459,-2.8573552607257833,-5.1568817884023606,-6.494515630625571,-5.365482047714363,-4.770301398129365,-0.4354839032946858,-1.0122805371341195,-1.6884916570477426,1.4696008492147807,1.526615018385664,0.5987025487482136,-2.753633022474411,-3.050197110454677,-2.4006548355256276,-2.062003485498698,-1.5926151796394046,-4.219443241004021,-5.720900003467928,-6.59006604456645,-7.063804145687091,-8.737249987169784,-9.66075946490179
3.6299055387318955,2.1765381140689843,0.6793519070133827,-0.8834889012634493,-2.6527237004742803,-4.626403646638637,-5.720321313043508,-2.138008929333898,-1.2081291424619722,-0.7354534615229752,-2.169793839613639,0.004697803864975623,-3.954798666617092,-5.057753193027875,-4.670544059764202,-5.554779148556637,-5.935776504998805,0.4690747465436037,0.7416669869224864,0.7485333476736347,2.0982634959451714,0.9537293532706753,0.10975166142153754,-4.653269098423584,-0.8114048336865056,-0.9876849157587491,-1.1485951812089543,-1.4073880916550623,-3.1767497976481205,-6.2573862677774414,-6.2209861607083,-7.105949737213491,-8.238986474019123,-10.069904083040418
3.4918639939475162,1.8754880710532944,0.27405761043973875,-1.1010551047068509,-2.510575363347755,-4.343794017211001,-6.1650069074777525,-6.358764538943949,-2.3646908468591508,-0.3477118025679929,-1.1605600088379384,-1.581661290247064,-2.8803730644174865,-3.578887170238278,-4.285023929385284,-4.377004558118188,-5.0535748310207556,-1.7604592096249378,-1.4957875589651133,0.9383507451758185,1.0848696921256806,0.18135139876196765,-1.109563084496753,-1.5153582461029627,-0.09035439107260193,-1.1279590276340976,-1.1478339953065155,-1.6083162614515039,-4.862861905485132,-5.981870352222256,-6.551391112518471,-6.093748071021465,-7.615717495655178,-8.094796013554234
4.186002848602586,2.2148559179381864,0.32895492048863906,-1.1896426051908635,-2.3592071404206965,-3.71696316222701,-5.654626877516332,-6.592561151101109,-6.382921060961133,-4.984054696932745,-4.140300087765889,-3.315964312088171,-3.1946466646029177,-2.9883733092296367,-3.3805404853659455,-3.496821006783391,-5.617309046970939,-4.75374373492854,-0.07979130566673366,-0.5863195271644475,-0.6318646205017424,-1.5897576079353442,-0.010115841391114915,0.3531319942997102,-0.718832572404856,-1.2330553012152257,-1.4354497563234052,-1.2621588164815436,-4.991384323418105,-6.715280647033391,-7.093833661451415,-3.0041116240126278,-3.645937017530459,-7.064340498785551
4.237041009974194,2.7402968936164918,0.6425704800344526,-0.9436993724372872,-2.638300571795391,-3.559210522974712,-4.861074040044366,-6.183817864268572,-6.462911034721639,-6.134465901025281,-5.0989394624315025,-4.98151976370667,-3.9031909895219177,-3.3909731779037284,-0.9501653546151434,0.0525397570172336,-2.904531115161251,-4.474932803286641,-0.3754280452061453,-0.22341339862458484,-0.2433895588270515,0.20553207553297853,-0.7741813328857439,-1.606465250626056,-1.478775539329139,-1.315272280186685,-1.2271604517734809,-1.3608480279101334,-5.528799675093724,-7.10761781224853,-7.801042617443175,-2.020429861272554,-5.8405402460484455,-6.10159541923434
4.279530971305997,2.8566986834049746,1.0501788704324246,-0.5177506603075046,-2.1941873427094793,-3.571319560318926,-4.321115241789712,-5.4145214423352845,-6.228582197241973,-6.672584564886469,-5.931163902157374,-5.635158260749493,-4.883262264795655,-4.08534690659571,0.6994101444437009,-1.1422414632191311,-1.584188678711718,-4.061646327890407,-2.837451300112094,0.8789300927149535,0.5546539696297639,0.10034695712903123,-0.05443870642076135,-0.46470305826690345,-1.1008449421509872,-1.1429252532656384,-1.2051081497484868,-2.439192675243794,-2.019272385653106,-6.733121068568861,-7.338150946064666,-2.3661450615068893,-6.340397089560385,-6.272976032223583
4.351524013907277,2.8744939223097496,1.5330945344654319,0.02617631267999774,-1.6912477451211418,-3.0651929039299364,-4.323553980896884,-5.010735337401544,-5.735156702028995,-6.310766658815713,-6.338568154078191,-1.6978275396467895,-2.0137857803267916,0.12536242350238666,-0.19106278914790475,-2.767754438389812,-4.014988559301466,-4.357571909231979,-3.7153102544852876,-0.8642017243671088,0.19787490291468302,-0.36351943571830525,-0.7322864247417638,-0.9827056422383523,-0.9594416577854482,-1.014346492726419,-1.627491350878651,-2.6412621043049347,-4.844434360692782,-6.232900878556719,-6.958957136359737,-4.640313150983288,-6.160894608742516,-5.733906448457054
4.357185879812946,2.8430595953499602,1.4314712218635723,0.06964058340033281,-1.0734479651735114,-2.7043213410965277,-3.9137333846189386,-4.804501182355929,-5.3952796890698576,-6.018639978122894,-6.305551296255934,-2.2029652864075073,-0.1828578674262827,0.272865549030673,0.0558714217421802,-2.4329102450076623,-2.7734021354193237,-2.772942965808071,-3.493454001552374,-3.825148756393797,0.24902522317263784,0.39067447140822503,-0.17435073752905678,-0.3342222037190403,-0.7723207042018755,-1.1614187313640734,-1.305737037100704,-3.454318194294597,-4.689887576975855,-6.287509101267376,-6.736933459279298,-5.401832265631255,-5.560740422296062,-5.790164962519649
4.339313418648814,2.932384867973643,1.353373133631051,0.24880996237777214,-0.8315874077044572,-2.2681191832026966,-3.5545294779513825,-4.785131876331128,-5.368595354804772,-5.866612598627958,-6.1065499322021335,-0.35357809967738346,-0.44824779865247816,-0.004871116001789476,-0.008136545926218573,0.8932912929638497,-3.2612048893021197,-4.4193379894237275,-5.328180066418837,-5.246082471713289,-0.7984839517605001,-0.3574764227276357,-0.38070960700959067,-0.8290847239783389,-1.1654351116226378,-1.309858263264617,-1.3235836464577562,-2.669021239929827,-5.0688503289015925,-6.023500526036098,-6.728301211766088,-6.700805347465413,-5.628858347704672,-5.235891466289687
4.283828310686551,3.382435483233332,1.5924223867349565,0.1256451243477037,-0.972019932435451,-2.0238756402810183,-3.269237096609372,-4.696459110856119,-5.321721512953707,-5.599349962867637,-5.804529814524345,-0.9257538319821386,-0.12844133733159763,0.06059418591190515,-0.8280917313336966,-0.9533018471182924,-4.097514879076322,-4.54782039161784,-4.864630811054699,-1.1721594884696727,-0.29373789756330027,-0.23891755228122405,-0.3774481415992046,-1.3265771492371699,-1.0991172726892686,-1.0192857593360753,-1.7507161318292812,-3.6845219076812237,-5.492260488077883,-6.246282839607903,-6.716793133083924,-6.906630727781409,-6.204282159916095,-5.336413365705359
4.398146136009786,3.187012726851929,1.8999396817880692,-0.0005105120999736145,-0.8734864367717254,-1.9316997445368016,-2.8302196863839053,-3.9859510992989615,-5.104949831119321,-5.321457796337375,-5.514221743513886,-1.0407286365110031,0.21478075309437256,-0.5390092564709197,-1.2181983145567745,-3.4382955062923797,-3.105035663119614,-3.205704124444539,-0.7672267774443158,-0.7525085778973092,-0.47871851349890543,-0.9307964305881602,-0.7939567898698549,-2.934507357995815,-4.092617034585608,-4.126175092970425,-3.605746730689172,-4.712214677091274,-4.710460681615857,-5.8049345460170585,-6.845768722392337,-6.954520078336061,-6.5340394297097735,-5.5215999911672276
4.340087398716088,3.0229325752045257,1.6965327580245992,0.3282927869460832,-1.029961341930932,-2.137803929210802,-3.1140605824844374,-3.770453862537261,-4.532622018021482,-4.731440018506823,-5.302750811642178,-0.4340067744938602,0.2508280826146125,-0.9888364001014155,-1.5665514008022638,-3.521625632241952,-2.5474996931607508,-0.6978730906319298,0.2602413935105741,-1.1788792903636542,-1.4768372667672405,-2.32400742650258,-1.8332202753765354,-3.931505755654929,-5.648320725312526,-5.475532981884434,-4.843795410113292,-4.994080902665487,-6.165128534511586,-5.952171619202873,-6.2152879656446185,-7.1442299261484505,-6.35177605490848,-6.087179071427819
3.9791578245401045,2.914442937469983,1.5179034969257366,0.32338203067349525,-0.9132696400844572,-2.148190123843081,-3.4027110149091686,-4.1089443106433325,-4.963639639758926,-5.018325104602813,-5.198128091933312,-1.1425692451214786,-0.3666958582852733,-0.4554057692108737,-0.461794920516678,-0.8407343140720658,-4.413148044441721,-0.20084489303996444,-0.7088172118035525,-2.768514082794841,-1.1104445582624187,-2.407521252649654,-3.011393203213118,-4.387826396761929,-6.0548773436066075,-6.324325946802261,-5.966544834993836,-5.656827318497674,-5.92375868157543,-6.523131515451654,-7.100162534356236,-6.938667573746835,-6.547300198450702,-5.382543236259711
3.790004552144296,3.149443427989087,1.9424406702789738,0.37074017288951905,-0.9943876758539364,-1.8895196914724643,-2.970182673705742,-3.989509969235468,-4.652095289259023,-5.324401468149282,-5.0928615033217515,-4.602752774909508,-1.603560239034386,-1.0440635483822116,-2.138490218096978,-0.8949326601399289,-4.271069180746096,-0.6065865736192962,-1.2586152242639022,-1.6879527760736046,-4.9532227676610665,-4.321421383650625,-4.792149572185708,-5.363453675352249,-3.656507642036441,-4.796571675004259,-5.007480946885114,-5.685551036784515,-6.0216072374802705,-6.617277276187425,-7.128562040289494,-7.543846492179524,-6.871176647951844,-5.762678567518447
3.452688087909243,3.1983154339885806,2.206433521754432,0.6533229516661079,-0.720438415653191,-1.7634395042886466,-2.794718480241936,-3.7133527479602777,-4.388529912913137,-5.156825546483452,-4.800306695557891,-4.780759769107405,0.23003819601066172,-1.6781560356803407,-4.850173499203696,-3.684255078103872,-4.251004214999011,-5.043725308496527,-1.5529814586807138,-1.583442286320817,-5.491903203387126,-5.200147208356923,-5.433836574899381,-5.752664702434032,-2.6480579802689324,-5.906774341856424,-5.692263154084647,-4.909767096578035,-5.712169225499532,-6.7768267506635835,-6.722503663021369,-7.134866902141016,-6.868634347761299,-5.075498585404735
3.1929307545565426,2.9406867879681866,2.4731970473412948,1.031182912402902,-0.5217896027648358,-1.6994073366860836,-2.509705529840192,-3.307909296811755,-4.307295216499874,-4.800396341357613,-4.366573327217816,-4.212057218373365,-0.11060174705108036,-1.220058362476124,-3.9786094179842992,-5.981748204162747,-5.863006813473107,-1.8609039659019004,-0.7488088278886988,-5.795052364635097,-4.850782210040011,-5.853213303243966,-6.013236912917833,-5.714373547167917,-4.88531856263555,-5.493474441131551,-5.267291770773697,-5.10835508076801,-5.662287176817483,-4.840279712008695,-3.003163703251263,-6.798373114496523,-6.673602236295489,-4.375059595935829
3.462558645479684,3.1135770657835273,2.704044475500922,1.5061186687917283,-0.09181389967701695,-1.3324238079155923,-2.3637291003184298,-2.9426776864176967,-4.022955719302868,-4.228482260505806,-4.280412424079146,-4.689689313494513,-1.7996992929742543,-0.5763185299891141,-1.9568034906284306,-7.134495751859467,-5.754483843020772,-6.596766097285562,-5.154637195911269,-5.448486595175947,-5.828007744545509,-3.570837858717338,-6.099766922029316,-6.015747227632202,-3.846117465349258,-5.433378114609983,-5.242033934350625,-3.462565366986044,0.09992029759168868,1.427315847653016,0.3893048432233131,-0.5006919588457075,-3.723043937737001,-3.2834079810201935
3.362801773119263,3.126967000570083,2.954268995275454,2.066467143255637,0.7151418800869338,-0.6440362898220987,-1.7688160377014457,-2.788266353356633,-3.43068294170179,-3.8679437271785813,-3.979928101142079,-4.71098304285469,-0.9122749658125486,0.39281699696565975,-0.9964586955237773,-1.3355030314033915,-2.150593618787899,-6.118645050900613,-5.940563364566538,-2.028440684207032,0.4755335493224431,-4.041850795854181,-6.133672798362745,-6.668902591153542,-5.543360548905412,-5.687094862922825,-4.689847269305116,-0.47239593379466394,-0.2784076548867126,0.5275517913094575,0.00990078797478477,-0.6552588984513369,-0.6802083747030601,0.13509537599499982
4.135261677002137,3.844799983351968,3.3272901836247994,2.378991657676791,1.141644166306465,-0.2740843711543494,-1.238836431339685,-2.144460336202611,-3.0311105643862777,-3.6377298992261364,-3.823868067205983,-4.484378340786412,-1.9752937371017547,0.10972260305077372,0.17846107211143766,-0.524030406201626,-3.575989122489349,-4.718934752865158,0.5623387194516563,0.988289013261108,0.2327049024093695,0.18339678271662999,-0.2420969500957329,-7.038536666020847,-1.4392459819019179,1.8489134604648698,1.014758056634682,-0.023258203575137325,-0.7571604761556162,-0.6970029535104602,-0.6792213554136659,-0.5194114443055385,0.9542134371718438,1.0345673427100006
3.4647151103313454,3.831840017040131,3.6846042483666306,2.8295315421101814,1.353318431234016,0.10993502624826419,-0.8869699778115392,-1.7969938882469083,-2.5503003466745264,-3.033200197797224,-3.6658697125693065,-4.416020633320069,1.0114082348379643,-0.9650542885809574,-0.7087421458472615,-0.47795884321623316,-0.25602062458232255,-0.9859808314280321,0.42358890619896433,0.5106378784802246,0.4007668116183544,0.0884432177710873,-0.250544203767667,-2.6226397696768164,0.3345360415553984,0.8450471913822786,0.7677123712938423,-0.02636397572382701,-0.661571349179846,-0.7578789811829744,-0.9505522306537612,-0.46019741347106397,-0.4208578448198257,0.03353000845804593
3.2464241768072566,3.27715930146942,2.9610477487201763,2.533930370123095,1.729421242595478,0.11734910205451884,-1.0233126530839944,-1.123049758474605,0.8774765650840517,0.032172180168631645,-0.8358843039888744,0.12155946524634949,-0.41718065498110923,-0.7783684052890356,-2.731263134852965,-1.3130903988293448,-1.2255152471089281,-1.0426883473222455,-0.6678394301710484,-0.3371259138496049,-0.736263869038992,-0.7730236449665325,0.2685589555340683,0.7691311014890955,-0.3313859421260019,-0.2163766580392139,-0.14054050149123767,-0.6116860888583082,-0.6639529647405849,-1.4806803785008555,-0.7678260699575841,-0.6532463293198676,0.26710483082028685,-0.033076235237456404
2.5409546782765755,2.7991925012759857,3.0471565520430275,3.446403422498903,2.857280948061442,1.9834508984257935,0.9972669304215228,-0.4480663804207838,0.18772862985591537,-1.1156284261176592,-1.0764973200503074,0.5147800282717383,0.4781406580532638,-0.1836066593556343,-0.6588267913801236,-0.7312875423008595,-0.4698837897657618,-0.5845868015435407,-0.7516135536502234,-0.8226864951391484,-0.40982169684671993,-1.1556247956666765,-1.1381322126162787,-0.8364139722934981,0.6773323612341297,-0.0705282280412435,-0.4855402669685769,-0.426923224369598,-0.6333178233262052,-0.6816730736616904,-0.35660989519664177,-0.6656022702189667,-0.7074353297354052,0.16204992692743372
