script/wind100m.json
{"header": {"parameterCategory": 2, "parameterNumber": 2, "lo1": 6.000198445256149, "la1": 58.999992894266676, "dx": 0.5, "dy": 0.25, "nx": 22, "ny": 24, "refTime": "2024-02-23T00:00:00.000Z"}, "data":
[rows 0 to 23 of 24, columns 0 to 21 of 22]
-16.9814395416217,-6.345113887794483,-4.507459900652122,26.46546920178595,22.853880612982653,-5.908174541698054,-5.828661014398925,-10.779529879167734,10.522664589268912,-5.928285493451629,-7.9720467528982955,-8.030672592563809,-4.785833780196253,-8.635032093606927,-8.42756125287532,-4.0946687313002,-6.082910957004943,-6.438032196530689,4.580433144506228,-2.7347945512191267,-0.29183278614515656,12.55896838268874
-7.845880617230892,-16.03910009991602,-2.616974129254676,4.1694636090700765,18.088397948686072,20.57189853482976,14.06638590198512,12.225267258808286,-5.943758825013369,-4.386987359638137,13.382432078767216,-4.9307520099482165,-15.280073941623394,-0.718607908877386,-15.551957884170335,0.2979953217259493,11.980697959792744,-1.233719782248006,-17.948383222202736,-6.965804145299792,-14.943352175710713,-4.021856934837376
-5.212675798887275,-9.559931785452092,0.839921556896713,5.093775857182938,3.443101023072219,-20.894475567587072,0.8280744719738627,-8.146885410614114,-3.322705770829069,12.00389379939281,-7.071078708391851,-17.525955977709895,-3.0198866333012786,-6.849849517876895,-10.128905864096645,-6.659792755775291,-0.49842350838864835,-7.520476422580521,-4.040788198136149,-5.038620564225028,-4.76421872715449,-7.612192198276613
-16.858670057971732,-15.819864157417864,-8.487032425532908,-2.543214887015218,-8.61137230405747,-12.904585108383287,-4.478923985044352,-14.888339297422128,-14.937840426661609,-12.887540837041168,-15.136333851887661,16.6744774588924,33.033302274910724,0.4023022910078223,1.835989817709609,-5.552604753715172,16.722627357121066,-8.176697982926003,-7.013864458605273,0.08373509293232273,0.7441207038125504,-5.817359324563613
-10.261719836486629,-11.69652980844387,-3.83416446263405,-9.912900750792948,-1.8430459033723952,-8.340877113749148,-9.030730609393693,-0.24713877294298855,14.51751198448154,-3.6552104316739795,3.523076181562787,-5.570466315688425,-0.41553171013300516,-12.06197645410701,-8.690746060669309,-1.8709487506609754,14.75043742965873,-9.346684174231925,-0.2093120661210924,-8.923356843981372,-1.5198644529179455,7.787264521552372
-12.473536373754937,9.472683037395807,-1.7989586687294095,-14.980202939066357,-8.67500684464536,11.682043946557704,0.04341992396704164,-15.20866851384705,-5.517150469158862,-16.46085231218316,-12.368685965685835,-7.479418130381362,-15.943205142298945,14.127996430998992,-8.748839099204975,2.639918274653534,-14.70353542551354,-9.018226910352546,-14.305652717055422,-13.904905878701266,16.520766063088526,-8.017163386765455
-11.186969899374283,-12.341439718887052,-8.063023900083834,-1.611410649516867,0.7521309106344006,-12.67122456443339,-11.901149290031007,14.413735578533359,4.47961984610078,-2.3036819936235853,-20.062884459016008,2.7454815710316667,1.8786134276589384,8.040031610413802,-7.823742319264808,-12.427768119999868,-8.213098679129176,12.28529298069747,-1.7479459034942983,-6.413965937034313,-19.576403037705575,0.5609217450184936
-15.098257872522465,-9.791294065734673,-4.536173296005468,-7.925189909440763,12.205816364093772,-5.780901258660047,29.960801113092643,-2.7096717688103076,-15.93105195059666,-6.0353181294426905,-8.694320742503429,13.345293380357488,11.906932208681003,-7.989760648213481,-7.163955573289522,-6.979154829554042,-11.324870580683356,4.125132730864827,29.21100883140483,-14.683594397603075,0.22008666198456578,-2.8050432412717554
-16.723900143441885,-10.756545156633262,-5.315718563993942,-0.21061049495415435,-10.17047191980067,2.9945858762966715,-0.9601325889263488,-6.074504438332377,14.49718311453329,-12.808767592257256,-16.705631723871722,-3.740852936811867,-9.604693381910959,-2.4243742796339096,-8.7493708072743,-6.130112939242182,-15.65150259036719,3.0389749976658536,-9.030624940119226,-12.821783429470067,12.702793460012993,14.034646957012136
-6.619146447651591,27.66144359501282,28.262992820453576,-6.8481934788592635,-15.28039545645746,-8.03445822552799,-5.950929958819906,1.642867610006792,-15.994095848739164,5.562854727118637,4.0445178557630035,-16.004950067158777,-7.163260864630301,-10.477211905938491,-2.012384982323046,-2.8619785123084798,-14.165509471086096,-6.884413966055714,12.871175908849109,-9.010287486449386,-17.221543049818465,13.465894054904817
-7.2688113602026805,-1.9998600832930433,-3.8522288922766323,-8.273971980888952,-5.737069206134949,-16.324493472716753,28.98587439960064,-16.93674999992753,13.339232478094578,-13.773301159400825,-4.09395013516433,-0.1015855120022551,-8.158110278994297,-6.407594013062009,-5.737474980079116,-6.913190825636723,-3.4249337281184413,-8.267044523260438,-13.616319860078075,-1.9714378824806222,-9.139555397189632,-6.5868458201196285
-11.744653293792341,-5.736849636080571,8.24575062817407,0.39448692494301124,27.874347580481523,-16.021782468010507,12.199530387696358,-3.0089158801866436,-15.43304624449943,-5.511486290696892,-6.84236704964752,-5.308979585051982,14.0633306649108,-14.56583192456379,-6.48092488144049,-7.135607917476876,-7.327988152955122,-11.401812783561018,-7.781231459404428,-8.41373822604949,-14.501796753155087,19.54201929718609
-15.15238197083677,24.581622911891778,12.02080007859316,2.1671346334035744,18.80076138555624,-6.409289313745371,-4.653908484351509,3.537480872155413,-7.912918109058485,-10.944337068738532,15.054543891897223,-15.50648076535534,12.80825578371231,13.83812273289875,-8.453990187324631,-2.009551913641529,-8.454576913272287,-5.74760964502589,-9.876711540760166,-6.628164680569126,6.188576731546143,-6.624628200478763
-8.599823650942131,-4.839181849467208,-8.960921417220916,11.623542558532678,3.0075603564669313,18.056034724478433,23.07034846827602,-8.378549995377847,-13.95852517484225,-5.50566856597625,-7.165899902210145,15.075252768778268,-5.481168581466082,1.818910172100017,-10.061556607662158,-4.30301730280458,-6.669538831023338,-3.0496036826308646,12.55880882309741,-0.5574947249919374,23.663109374160104,13.513262836728467
-9.87667560365868,-3.939167135143929,24.189943569300176,-12.787229473571132,-6.508390530478273,-17.02994089547644,1.863713521666768,5.516889706091845,24.38561484142667,-13.637076296971888,-5.6837598747854265,-8.983878852435538,-14.935353229215327,-1.0676972069300257,-9.894920382318695,-12.330427260599166,-1.1172930450675835,-13.789262846275312,-10.001629163420688,-7.038073557636195,-10.52458106886215,-0.46073614133634555
-8.508458602562591,-5.231325364770522,9.356142755139143,-7.72142961690906,-14.541030716644464,-4.400175724980262,-4.538311950921618,-5.747883344021624,-8.826564169976415,13.802462769812037,5.087644728536284,-7.220657034873041,0.5433298192475221,-7.1642527195071,-9.110723547800138,-0.5747174813036878,13.854564580159755,-14.2627089848877,-2.185623006937962,-6.070286090667093,11.805396722347298,-2.127535159879177
-10.763689520342052,10.75973888201701,17.093814508253196,-5.171124934037677,-5.651526676593501,-3.6043649357158207,12.229026844986796,7.35316269138646,24.52031315787259,-7.739793862890037,-6.505014054773444,-15.82039231566651,20.806327035744072,28.061638387533193,-15.447736933448867,-7.300065048563281,-7.41512092518074,-10.834612663978056,9.335594177973888,0.8383361569078496,-5.832309677726166,2.094923205175788
-12.659865390494193,7.625754348445055,4.902882478467964,28.586047394458884,17.52801024260231,-16.92673043283012,12.206145797891457,-8.980538648369176,-6.681545160611951,-8.990532885013096,4.304088244908547,9.544506540874623,-6.896986077781056,-10.8242663240193,-18.580474914804423,-6.697154033098649,1.1025144436275136,-4.047986667935385,13.721437733206583,-17.043589365559832,6.395553405312743,-7.319463039915318
-20.181798163605865,5.713246842010778,-17.408304989004872,9.614327899281788,-12.058661929710945,-4.308799826755142,-5.131368851618038,15.486803032006163,-6.96856825414504,1.1929720419818857,-7.066522911521217,-0.8554530815510061,-5.622045469032217,-8.136482232329456,14.933712193856639,-8.363286376192974,-7.18206971935413,-0.8545071845198738,-6.89722569232548,27.953667909434987,16.232132334497102,-7.725047815865247
-17.519280335119742,-5.551796521334104,-17.103080088270534,19.07057388485339,-12.777294226370264,-4.105248899174644,-2.4641867651980447,11.023231904976452,-15.380616350141645,-5.66642271107921,-6.437023546670521,-16.364644511622384,-5.3999281318703485,-10.722831140305484,0.17740164004226025,-9.239015032013763,-9.827489352207435,-0.09183552094442164,-4.394565692349703,11.58584968790713,-8.577557612840954,-9.180386741875845
-14.251519311642891,-5.810075921928003,-17.25095447039639,13.27798537149275,-7.438622975997609,-6.0643384833279725,2.797769966498677,-7.546396593667202,19.385394660793985,0.25099646092377953,1.636828277570857,-0.012628419851448178,5.337240028025082,3.4869322655497985,15.40369746447651,-8.922897154816008,-4.03134880042392,-15.43971885975232,13.684337429974189,-7.0277887566722095,25.850866570425097,-5.158625813527666
-7.4798386837297075,3.1606172086140885,-15.20145821788875,0.0034769000740504097,12.193692054859499,-11.414083654329858,-13.054937606711974,18.27399541915397,-12.03952676649106,-4.585322125536723,-2.2052359109697597,-1.7886933780338452,1.257280399362601,12.623290322781756,-8.286419646861752,10.311393401801247,-4.8079680191469905,-9.163578435874337,15.768154153551377,-6.845433629136438,3.0676306888047655,27.324038536792063
-14.836731085366136,-6.167378212834306,-4.659220251436232,-12.257796580240672,-2.6917383733782003,-5.065275035003875,-1.7495307527239725,-8.024886628665854,4.018759669034319,-1.8227312079186475,-15.8944439901996,-10.608706268929913,-8.087090242969934,1.8942191842851497,-7.324984038815008,16.302893490714307,-1.754895109886794,-8.609339792396913,-6.902078600141969,2.051938066678258,-3.199338346399808,-5.916714751262561
-17.810169070064706,-6.296554389602112,-4.704441544703728,-13.39093092694629,-6.017112506688138,-5.561776935953203,-15.688527873548612,-8.386217502167563,-12.154296645694325,-5.3819254477348,-10.128672312532167,-7.4109114751985645,-6.906447162596966,-5.556114246664898,11.887203646612615,-2.2171334012756825,12.751534511616589,-8.565198079039108,-6.091594669635588,-13.368142526985574,12.195831505465335,14.274324589087396
