script/wind50m.json
{"header": {"parameterCategory": 2, "parameterNumber": 3, "lo1": 6.000198445256149, "la1": 58.999992894266676, "dx": 0.5, "dy": 0.25, "nx": 22, "ny": 24, "refTime": "2024-04-20T16:00:00.000Z"}, "data":
[rows 0 to 23 of 24, columns 0 to 21 of 22]
-5.230140330994816,-3.7648748778245427,-3.432851979353718,-4.57440572262387,-1.396641006281442,-3.2858918008439395,1.0661773955493161,-1.2413324326650057,-11.33428172280917,-1.0061887362149817,-3.2795938913028233,-1.5331212962469443,-2.496204574978174,-2.0653967874660726,-3.553377783769935,1.4689767532557712,-4.727231724115321,-4.74410259154495,-11.953780264188323,-6.511075276352553,-7.050294825107335,-0.9670954731666992
-5.4378185003804465,-4.324191996595089,-3.751855247157951,-6.332262228286831,-5.741777553979393,-7.309518673434891,-1.8342444154329243,-2.947774729470367,0.09638709990102623,-2.0970947509633455,-9.705779690205194,-2.8140224420527766,0.851346633279661,3.342434420930236,-0.29101594697900046,2.8206544461569374,-3.3994658418306694,-16.421948418939866,-3.1096871206005714,-3.4919995527477825,-3.4018890157183157,-7.177276917001543
-4.797664964031368,-4.835854394300805,-3.9057298303558463,-4.743640837192657,-10.037215956282337,-4.23091459430248,-8.388544823108079,1.0957868388863343,-10.256624291985963,-9.979253757263583,0.7262819591249192,3.3060908415091914,-5.823740270515498,4.538775934095418,-0.5036544830452628,-1.0856710896259718,-4.57235602948593,-3.673381338622478,-0.45142904244226567,-2.0439932813260118,-7.322700792013625,-5.746983543334604
-5.35345634292585,-4.905371990751407,-3.4818598089835895,-6.167801758658416,-2.8592223130570344,-1.3178651354830466,-2.35311900033975,0.534735974478171,1.7322610367684286,0.5130772808698236,1.3336339474148666,-7.482999812766774,1.0977410737777997,-1.590597370981177,-2.290351442248211,-0.4459100494403624,-3.9139110851074252,-3.4103292171001254,2.1343618387460177,-3.0074044268160995,-15.50790968594615,0.6645102331501385
-4.6293550657131775,-5.32068672233034,-3.8633714862354913,-4.837751835129879,-2.2068381729791415,-1.6359575932332853,-1.4103648198550558,-9.85611073830883,-8.820063538792185,-6.718637872559589,-7.282016240449533,1.283297038569532,-2.222682844191513,-1.6789697424279932,-1.3810877353073623,-0.4922318855378016,-12.90344820146389,0.44809327144464967,-5.074353920795413,-4.500288042161806,-0.5790236585275771,-5.037541969107213
-4.268998966245955,-3.365218163718024,-3.933531537147951,-3.518816206772469,-2.7573114504064193,-2.7784016322764487,-7.629556295031536,-1.143981938250408,0.2267336564844384,-1.9949147865838985,-2.8885415829278887,-3.033587489001869,-2.78932380548108,-9.226991721767627,-1.796022661518739,1.6782556252304177,0.5198283762708007,-5.815217403446496,-1.9062712683195508,-1.5968150007974904,-5.217350950302358,3.2071066665307404
-4.783978597792742,-4.887777429705372,-4.153062493078278,-3.3359688246164643,-1.1287403866473278,-3.8832734514580505,-0.338887263094864,-3.6819621326671013,-8.062129496538514,-10.694959879568122,3.676716352342819,-11.19363151102764,-11.704934346248395,-2.8172104477518323,-0.06742837639291065,4.095151510391096,-3.4648617133149493,-5.8474609278124525,-3.755081134169017,-3.0413856919514095,-2.7046791953514737,0.585215907112742
-4.739977796837676,-5.329229762299698,-4.335907814442263,-3.0772769310392296,-5.459714539963798,-0.9058423029658418,-1.06543250480495,-10.190076349567283,-2.33194619808095,-4.227203112311574,0.4536592124296947,-3.2061759179689857,-6.118067504338703,-0.7733928968346674,-1.1890237734765896,-2.1024809164020986,-2.9433067298753666,-15.350680155587648,-6.260030979606457,-2.8431911499836486,-1.1566377064319957,-6.053663792541562
-5.3616823262311595,-5.662812267094346,-3.385107424934361,-3.0820436418394985,-4.633260010027149,-3.0640291153484003,-7.974290168851305,-2.588439226093633,-7.801000784312337,0.8418943702038206,-2.185032153987318,-1.7569303600689123,-0.46846439740359674,3.0630265708713704,2.7845146616776986,-0.7247017773281877,-3.944413246249884,-16.064514880542202,-4.711262826086785,-2.2003981004712,-2.77957877316842,-0.4308333202967994
-5.043871178720397,-2.5433472660730336,-3.4633592384465577,-2.748895353390806,-3.4414923088803167,-7.3047699152419225,0.4375684331607225,-7.584525540951469,4.174730634506043,-1.580876602168807,-8.733205069810312,-3.627218592332633,-3.0325179159131346,3.7210119083431183,-0.788539018079437,-1.2829045124611225,-1.4839120879859569,-3.4579315151964605,-15.039795078950052,-6.500938251072112,-2.7427889722921095,-6.141889735401873
-5.523761857668391,-3.198381183087057,-3.37266210944812,-3.160027272348161,-3.1112216200595952,-0.6201830464242468,-1.6778988179033227,0.30966933666426727,-7.8936155569345035,0.4018462093228063,-0.4139290734865941,-9.874731190190337,3.151355129623988,-1.7307932776942239,-0.7647009150660783,2.1838693889080516,-1.9308922870068213,-2.4534432458235456,-3.1152301637871886,-15.139806462457898,-8.08172640974388,-8.396060565520063
-4.829554905641584,-3.5618031814828783,-3.2967758742158004,-4.9573773637574226,-2.169228249046744,-1.1527007444129242,-10.371254166860762,-1.0515993965529515,4.531293969005707,-1.1517434504478667,1.5591522794453452,-1.9719422831857465,-8.582776292206576,-1.8711417017140304,-1.4128559723046492,2.5166668410494397,-6.476220315207448,0.6453324147518298,3.346493329774521,-4.266679424747987,-3.9244092636974064,-4.618074654631288
-4.7372698909386814,-2.966903322263964,-3.7731093189293596,-5.396428934476318,-7.467821705586454,-3.4794299979970744,2.379000389885227,-12.1055361644514,-1.668270051308822,2.862005424248397,-8.579068114564924,-3.6636917010579513,-2.705730554413503,-9.978728645666349,-2.3417434552991336,2.9275517404587066,-4.529164571029448,-9.213710133072137,-5.9285548297929465,-5.21704440343199,-1.1447556444521354,-7.945892197928098
-4.598426811568599,-3.6546020492215407,-3.832439448626884,-6.884091204715602,-10.408999033848874,-7.366666354626608,-1.9184675401528761,-4.133641653801273,2.600122824734059,-7.2745873164628625,-0.9941508452277772,-10.220985810044464,-2.1703134372022777,-5.596402367279818,-3.023237588875631,0.3965315554029379,-4.6687639078172305,-5.9557362568579615,-4.863166112952902,-3.470250144323543,-7.460685621236755,-4.5639222807096695
-5.433251620277766,-4.131658871821552,-4.373643892467049,-3.3593487620392724,-3.324960511681781,-2.8961005981393355,-12.17950880236203,-9.076733108776573,-1.5932763778703856,-2.0361755245312714,5.163913914940011,-2.78764195382249,2.868003441049073,-2.485200118033205,-3.040810292224813,3.4313166751243354,-4.037726571354951,-0.22500578085118603,-3.2141107427915747,-0.09312954315917225,-2.7155980115738614,-3.1308968447570438
-4.553628739825881,-3.7914700936171317,-4.471169864015259,-2.0322782474298604,-2.8648769273072143,0.09566141080022726,3.0825592735258622,-2.6603626853451736,2.8612005388063944,-10.886368367155306,0.07714472641913195,-2.7029673522562074,-10.669981484912682,-0.26974559793431113,-3.399754073842859,1.8019934613657684,-10.839194584385856,-3.4886804768835544,0.8898661972076414,-6.810577044125908,-7.301249873549915,-5.067005840636958
-4.9856040437922315,-3.2741173173380176,-4.949888340359277,-3.224614373069692,-1.3221015027271985,-2.0591049411492457,-7.412604750604256,-6.6675302606660125,-2.0863182653598185,-2.2661508325381488,-3.3425056054378226,-3.922237793206091,-3.185090832633024,5.312229520774924,-0.4092113854644424,2.9186147567301743,-0.08797032228230031,-5.210201278999657,-6.111169891607547,-11.047539772035273,-3.3841594299536313,-3.1705695030984367
-4.442472337772268,-3.501487558081551,-3.614098639581022,-3.313065204427536,-5.777888269157068,-1.309235383221717,-7.550127607081568,0.1221727321125001,2.779937611605725,4.444831955019798,-11.307125313739744,-10.182041078456692,-0.5839425176780187,4.376433354857541,-0.6514338354742775,-2.71381830159034,-14.303944878932885,-0.4894757159869096,-3.227032703441639,-3.034090726702218,-2.9768934286295625,-6.3954474206070655
-4.733778643282866,-1.092128199843499,-4.791275364921197,-3.8517922124661896,-4.559680531909425,-1.6439812914400513,-2.280220583113285,-2.675582515610625,-4.297727357100876,-6.369864488403903,0.6401826626412623,-0.8170121066710899,-2.432170663499516,3.723403558846981,-10.106696084881994,-3.2843106827266446,-4.063244189556037,-5.142295631639406,-3.4969587664327757,-2.2077013524039293,-5.60884370351848,3.940797947397655
-4.749630474951856,-3.6264176277717386,-4.338887538775565,-5.999099081994858,-3.523076054293996,-3.567664777835082,-1.9530666766366427,-8.332278968758606,1.8583173353215305,-2.218866651298038,-2.5297098952437413,-3.2219763818604576,-2.5126951559555244,-0.6036186707664299,-8.556019441940027,-0.5178299770516698,-2.641072391611103,-13.943999907220823,0.44400004585482106,-8.4550285682785,-1.706909867400589,-6.776612347488199
-4.314206068884027,-3.498047021531476,-3.94359601658072,-4.675235233049617,-1.8309616162664086,-2.2571746482152135,-11.764831025637195,-2.9658706915873614,-6.684371582093448,-11.096326284557653,-11.517799882154746,-11.275498910945874,-9.958790158404605,-11.217262534072868,-1.8179581131636935,-3.366245562608289,1.1623826232484198,-4.496140648972603,-4.095522566800913,-4.368105813531035,-4.881758600989696,0.012250348601089894
-5.1243901426484975,-2.889751185977553,-3.4802410213136272,-8.14458251098112,-5.224150232005721,-2.994173362034339,1.669294099382244,-6.972944933233013,2.6096594176901493,-2.095685818508047,-0.28246248031427507,-4.90223229042477,-2.35263932646721,-7.681037251571408,-2.0521668759002734,-1.7187864179540293,-6.542907398449064,-3.381713776260568,-3.731880038156728,-0.82664442100768,-14.53736447062068,-3.248868000881126
-4.454423022731792,-2.7557362570989588,-4.493742381919309,-2.3895504673253782,-5.743292567555029,1.277221910024086,-6.197501085032907,0.6124382940006307,-2.3518877337450417,-11.045590373575203,-2.6706638778557017,0.9144929653896925,0.7299028331457482,-3.0077155731622014,-1.5761589790880688,-1.2457099294222036,-5.288323031743077,-2.8756904298576407,-3.524569245607949,-0.7371851939177002,-0.1994762657460481,-2.6874862220791673
-5.102318861380837,-3.390574080603172,-3.2426658094328,-3.046334953476619,-3.018010354851723,-3.8440190321420693,0.2898587172316643,-2.7007929671614823,2.384010748120681,-2.477555432581437,1.432884618169835,-2.7546199084780048,-2.8944105602228403,5.054785169704297,-2.4490944679683664,-5.087662381851632,-4.935134666705028,-5.100503680748148,0.7965199437713399,-3.4040132978813458,-4.522761803666603,-4.645318566195929
