script/wind100m.json
{"header": {"parameterCategory": 2, "parameterNumber": 3, "lo1": 6.000198445256149, "la1": 58.999992894266676, "dx": 0.5, "dy": 0.25, "nx": 22, "ny": 24, "refTime": "2024-03-02T21:00:00.000Z"}, "data":
[rows 0 to 23 of 24, columns 0 to 21 of 22]
0.41822110608966706,0.12670722199169976,4.487749988968389,9.539654491175858,9.251786547149875,2.6723887760545737,4.7363220847980685,-4.8629146035930315,4.503192620112421,0.5384211426484655,2.958604256471935,5.963655163224754,1.1707462209325672,6.674814838118642,2.1475519575619604,-1.5752521472218566,-1.8432408836135998,10.002660081306614,5.982561537134792,3.307845029975472,7.23384588861407,5.697743723130788
0.23872829604601795,4.8754626873891995,-1.674015960761996,6.838368267297274,6.7241438467251236,8.19087840246311,7.664692145155856,3.8868020981454827,3.9222544213742934,6.368455706217474,6.579976960758997,2.887084407035483,-7.235977176243032,5.876306751471688,2.5931924638288226,3.794086795707139,4.805261901225592,2.106675125958304,0.0689467798456007,2.970702684179644,0.5622560550995809,2.4209026858357516
2.464893110833098,2.373755552381109,3.5381541999994166,6.432769904917182,4.656708856394262,4.190342379819517,3.257080160677716,-1.2527157195158567,3.314211818089488,6.273175032648547,0.7467108780000588,-3.3773409979790974,6.590142533945899,0.055673196078991634,-1.8201188118797818,0.8311711607388995,6.399256072308022,3.6981921550215557,3.9556619119398055,4.70331791272577,4.548159207628135,7.515766795138426
0.8159825601626481,3.1279846777584304,6.070216014183829,3.3740401983094555,1.8389771827562378,3.9422296210136514,5.262185764627243,3.999156868274381,6.270328163433331,4.117120074289642,-0.012819211202165441,5.538479866903855,5.1398282778315,3.3952119609714786,5.0065595628281665,0.5158893477046081,5.949959786609403,2.8461627618883867,3.2336697414284403,3.352263264605363,2.9675948903349108,3.4788803026431396
1.1246396811442105,0.12176222135285344,-1.1751752452957738,-3.679564931105551,5.7013315354562,5.862156373994151,5.8662379841387216,3.701427136123942,4.831255967162023,3.3996253886410783,7.844468296905475,5.060198927147525,2.9756098298881715,0.9975878239714118,6.5967026584133714,5.45716366470705,3.947656817077643,4.290804316630857,5.4072577018905,0.19413656848017546,5.090163313778723,3.3143701264403154
1.6631338347584974,3.778993915688095,4.063254069343893,3.6834219196466256,5.076299475193579,5.4335415036712735,2.860466765489004,-4.584436172623267,0.3192379617757184,6.792945922423154,4.657143432720426,3.780312664951766,5.586748624862287,5.638896472334057,7.3160919508366415,2.4376438471459245,-6.795729069783198,3.1668144433262744,2.8012479343167453,5.786112876568881,5.693844010460831,3.6224540122729447
-4.108105400915509,2.874359928092469,3.442044061803185,4.531897357339302,7.934510387456401,-3.2714833846220515,3.70997004010963,5.297791950017695,7.201829328281834,3.5016179085189107,-0.23076493642821036,4.644628411288546,1.9894644704949862,7.665678435082016,9.16341944367476,7.368323955207894,1.7815274134338295,5.02900675586707,6.108165735091693,8.419368518062154,-0.8648266036462627,6.0243412846408555
4.909977144242641,1.1510134409913806,1.9435290396682632,3.4749589549687996,6.565253089693659,1.875649724222025,4.373988715205913,3.6875131881278818,5.564914876608867,-0.1290252689008428,3.5911737585065913,6.51842027274913,6.689237535091814,7.563877520863086,0.9006030357154226,2.3389324469147152,3.5722277445278925,6.6299808664481015,2.987982866373954,-4.575554167378691,4.047236102206681,3.925830024915206
-0.27400557524135893,-3.7708361389984786,5.231875640668906,4.500895251155219,-3.6123223315679622,2.9870540192266173,3.026538132387366,5.258809561941392,5.595898593330851,-1.3443703786179535,1.716539950220498,-1.581549699216379,4.664434591709791,5.363444734223419,0.5000345325592206,1.1570496452819008,4.726334379055029,5.391505013915093,6.489575574109218,5.9425635302342945,5.087880688622093,5.1577540216168085
2.5488198765450223,5.800907726237465,4.497148512065781,1.9741539926576182,4.151946284767614,5.845558377752128,0.43642964024059494,7.891724078108656,1.2423897875301593,6.439885097158429,5.34855351092814,3.970510516986419,3.354019059687996,6.591330918385753,4.723762682806229,4.781037218426667,7.739338389888236,2.948551568227466,5.299285497985144,6.83986510615705,5.170028029383336,5.637561134607417
4.584557525306217,5.8443208173505905,3.3248618884838383,7.826605576795512,1.0005606736984547,4.724572178439486,5.835795874532058,2.4642975798251943,4.206555191434003,4.55544263155101,-0.3177578812329882,3.8193570595152115,3.696653265672089,3.4925940980813692,-0.046643585526548105,4.101824402565957,5.6999269122327085,3.4050198047338744,4.173457537922305,3.4663411320067317,6.243343072872045,2.659838203050334
-3.4082047818244905,3.156823889134286,3.6695191027427274,7.430276050813893,5.65017167910936,5.375078115128098,5.533756440371746,5.572439662681651,4.936934199389488,4.879370650893626,3.685233504315827,-0.6050448299307211,6.176111422232634,1.6692334734921381,1.1409185350808866,0.4052151225565181,2.54030996850311,4.307327295502563,5.431832388294836,1.8586226592132582,1.5047894151202172,6.639231911572682
-2.7702534212150587,2.8739149501323102,5.7874401520772025,3.1100912044760434,7.650832301819195,9.855754751171903,3.813475805021298,4.132155161986749,8.062901060126036,2.6746377132265464,5.865860100493172,3.947832399349052,6.34555300728178,6.666763038036238,2.9231364754448856,2.511365762677583,6.430310394446184,7.02212643776179,7.702867133875796,8.604026040218805,2.893305660052644,-0.018161004711103056
-0.042761927382655225,7.369362139651186,7.2987655082173495,5.896951635918493,3.957506735124532,6.919679594964857,9.296959437347681,3.520566756033906,2.943040179742879,7.722449008333216,0.9025052843710564,6.146257583072293,5.455842598296681,4.561241458496831,3.0002285766532055,4.588074697974505,9.234769488276427,6.693993771647224,6.343494954024309,4.4006852070962115,8.58952664515397,5.40968478385627
-1.7554916523892183,-0.7537279938062312,9.457636203026441,4.805917859823602,3.6151962102685427,1.5443442379256989,2.976174179216184,5.0408371378994055,6.618622857905857,5.825865388245735,2.643158146779142,7.0744724794012965,3.4091542001613595,6.781040183932866,2.826421717977118,7.190456240924142,4.095481924238804,-0.1777128052935552,1.9689455956498627,6.8106903527766764,1.4790653649960022,3.9847887613643267
3.0687552326639778,3.0307405808909915,8.947601099196167,1.0723000783774461,8.24220470553202,2.1826048847990553,-1.7723443124321696,2.4743823178282534,3.8642874272547503,5.986779176694834,5.1291935901479295,2.847076750184095,2.00681608882925,8.188242309553257,2.6011483298904317,3.7890052498396956,5.693993179320686,4.015202734063683,5.471746969967006,1.579950061628426,5.897599417597782,5.975988459610798
-2.9035482577379668,4.749298785949485,7.8284251270661755,4.334206278732656,7.8276611546247326,6.167012305658757,5.691630554866778,9.029066884274586,9.230900808075521,4.586878737082203,2.5972838988761717,3.985614416353534,7.650026434072567,4.495346678349148,1.4134850332823372,-0.06856703087340484,4.862209165693035,2.900991763995899,4.979568211961643,2.7275456991647014,2.0967933307297817,3.110571383355905
-2.616724192955147,3.4183035514141085,6.127440876177446,3.9607652103638777,5.166077523809273,-1.7191123390192937,5.410823086461735,2.620506560743599,3.168028933041693,3.233694283160516,4.774516185099686,4.939912293657604,8.77555639023138,5.620324791680436,1.307346460165248,8.040348488193274,3.7287906957365173,-0.3663255292262372,6.1405568845538525,1.6931835568057783,2.2102759244674113,7.32683098131258
2.8603100106343073,6.747636295149443,2.955343879916975,3.1870254422941127,-2.9776902412848107,4.086067132061848,2.9605648522886794,8.200126833586461,7.163484591204318,6.075676078671048,2.5345218257709834,4.838084729124646,0.3620565327560525,2.970745698952261,4.819130249202581,6.312552132150242,2.5344166521816653,7.143370918900274,3.6242925516645506,3.750387692319028,4.72622849428942,3.017299302618342
-0.9470278313598408,3.960953601297256,-1.6318220291641812,7.2241852625365315,3.85089855774542,-1.0631393861939236,4.085936218213556,6.175940028934459,3.9018541156763304,6.3983511080902655,6.991469281042229,5.113975967873532,1.4740604829290904,-3.9503230112065943,2.686478906214608,5.343028438324642,5.2425173019494,2.4517923890758615,3.694502317762942,6.0179083610956745,5.507805918466692,3.693502365278059
-6.123817122525391,-1.8275690177305564,0.8016669709603738,6.492474022093777,1.4470656802657673,-0.8313980400145894,3.63757912662498,3.0371599806789122,5.443671046186503,2.9576303354627975,4.766954714791463,2.649948569978335,6.015118173872326,5.028144253942756,6.7400791506243785,7.354721390388162,4.329154003046712,4.741927927172096,5.374429909103398,3.0147371523372506,8.779313384947384,2.6146470274106286
1.6855373139696512,2.66370979464427,3.0257768800998766,2.5989510449784836,5.70582476390303,3.706384460905826,7.180936751337455,6.823903281027568,3.624829847387284,4.242194246835148,4.273293812575482,3.5126254392614826,6.401904460727235,5.575693644488851,7.266690912729241,3.8681523878963757,2.7922451620713367,6.230064207922743,5.933004859488823,0.5878121522740307,3.463148993747051,6.986890469200483
-4.839792403419614,-2.079325601378929,4.827743049194994,2.9556166541285456,3.125102560175189,-0.12361966463108785,5.663816024962044,3.6892870373253164,4.725273894095195,3.4729303541377976,4.949006028381311,3.703653631298113,2.2503531309803573,4.522542155389322,6.450282025133673,8.33071431720485,5.347871570843471,3.289790940000001,2.9022853256119325,4.151260212192627,2.3151096075503177,0.029759120149949546
-2.202671670189051,5.614139573597006,2.7776084200029123,5.41671739649254,2.135429394411128,6.457189382926641,3.1134964842312667,6.915392029823078,2.34092196236529,2.8728379597757154,-4.681655567182088,2.9766964514461827,1.393341857288482,5.990952252184203,3.225806490534814,3.7476487564626932,7.034365769342356,-0.16375906575511204,3.0799223132627933,1.9139453927042656,6.333872173988888,5.508477336776115
