script/wind50m.json
{"header": {"parameterCategory": 2, "parameterNumber": 2, "lo1": 6.000198445256149, "la1": 58.999992894266676, "dx": 0.5, "dy": 0.25, "nx": 22, "ny": 24, "refTime": "2024-01-30T09:00:00.000Z"}, "data":
[rows 0 to 23 of 24, columns 0 to 21 of 22]
0.8370952548760748,1.4776903435795106,-0.622728667925242,1.3924656087119534,0.31233740441634666,-0.5971318660469558,0.8176541276787663,4.4008239344486295,3.2334667094114,-2.637160353190947,-0.31505036479369614,-1.0268204204041516,0.24547842442954756,-0.9173406623116946,1.6072342536734079,-3.203488529372269,-2.6038049727265733,-4.2909463347185985,-1.0786177798909933,-11.017112794762355,-7.512199135246101,-2.6754246239033668
1.3406734398032405,1.1634185511504733,1.031370162370152,1.0601432144908678,1.7040169298598629,2.1284645236147806,1.1291760235224013,0.697070956512458,2.1098318772887112,1.3641570448809117,0.858509344083121,-1.2749268790877168,1.1266291966362405,-2.152468205744855,0.15494587560378983,-2.878849783760541,-2.6146628914166614,2.416603616934864,-0.05026586444104521,-0.21273322741301365,0.05097986726225608,-4.428103517536669
0.02718359754034867,0.7426837327147396,0.7744448093475403,2.036989474903984,3.310960119460949,3.7029359969890168,2.205804873487896,4.22501375889048,2.169225247379642,1.6204079559058642,-1.4747716901769392,1.3930193537777826,-1.3402756970924634,-3.202609980925255,-0.18944222827818047,-0.2651128976208139,-3.8912733814897367,0.8444352402227978,0.09721459528046872,-1.893029629484853,-4.3263063084499125,-3.3118550671130658
1.0222840800228248,1.4189610419020409,1.2593142663537547,2.7276112991728616,2.6421902497134933,2.7271455349705693,0.08262767333438137,0.43543800734887483,2.443838142350462,3.2605450261047477,0.7514330227936299,1.2557787119366446,-2.5011878791184863,-1.7697106870740495,-0.022629069788317913,-0.5916847892125242,-1.6543632437925413,0.3478106543477979,-4.027424463633742,-10.627775731083043,-14.563927864509365,-0.29258149659310495
1.104411784791005,0.5773756216784885,0.8809246002549467,0.7828540880383201,2.0047046123641765,1.0293879955683167,0.22572765969550093,2.7370498135704975,2.0736517100326273,-0.7294319257576851,0.9316506131601672,-1.7290311206110478,-4.715247490797824,0.9014147664228859,-0.7527919547650765,-1.1436817238331192,0.8443140714618177,-1.7403213747286799,-5.719152376814103,0.5282984909403199,-0.4240872057409688,-3.7410888836987186
1.0579935219457772,1.1287960437988678,0.903868090439019,0.7847210906405483,0.9538018586318047,0.7643858792430227,2.2158759703312176,4.356145257129151,2.5095102610853397,-0.4775389943985716,0.06127037933780618,0.5188500642096388,1.518485470169422,0.6111526603521773,-2.0024812198661914,-1.716571509716732,-0.042740615545693424,-2.926059682199591,0.3949766381274364,-0.4747009986990485,-7.983547048891772,-1.215037450608795
2.069990891472628,0.9988263577059703,0.4860369823540761,0.7987695890805463,0.4052041500157827,3.860007459495944,2.195620539714451,0.1644087579414473,2.210508917430123,1.6656428938857504,2.236178490833448,3.553670258720729,3.292131053081796,0.21026164771789974,-2.2865122323263747,-3.0613453618215867,1.5429199951737558,-3.989967554956454,0.8192075105350108,-7.755942447683721,0.4504758444985588,-2.568573831561096
0.8033530517133064,0.8377401329689562,-0.06747143976946211,0.39457851439951797,1.7140747333461852,2.798425279284568,0.6173237924413211,2.7164042589553614,2.812213994094937,-0.2787781760414013,-1.4861881278277218,-0.9541049359786239,-0.806530811849018,-1.4258100675040097,-2.953344660891324,0.6634624197970179,0.6416971006035661,1.1911643064793243,-5.884103322678109,0.5125493379958265,-1.461340632301635,-4.8180974934432275
0.6950118798770982,0.9370507285581661,-0.29897452245352724,1.2289563495653784,1.1793397084213773,0.42410395681106694,2.0512278591720134,3.3224250037711496,2.3925509766644018,2.9495080857370968,0.5619170719916791,-1.9524217446185153,-3.413900332325992,-1.240778750643028,-2.3667012288652294,-0.5064293630396377,1.4368126687051157,1.641355674917703,-6.108783104175836,-0.6893476442486652,-15.112694069077724,-2.751542310912497
-0.11078914825197361,0.37320534746160594,-0.42474718486850166,-0.4193200019338341,1.9472998469449754,1.5337096554932494,2.1859166007915922,-0.14452281443391146,3.0269327115484,-0.19322618884410941,1.6265150385484954,0.6229756547461599,1.2472659798888803,-3.758131488135803,-1.1112742639544333,-1.0571797972885122,-0.48156145889251906,0.6201327336906348,-0.627657289694663,-6.423325287512953,-0.33465849258873137,-7.26222134189887
1.0541485476042745,1.0141001036943957,-0.569039901240437,0.844499100511578,0.598357642511532,3.5471706115795856,1.2589928039585776,4.208242843567695,2.298740184258971,3.4380959806126,-1.0512123875664883,1.5914701425844149,1.35400713641692,-1.9400503304643506,-0.7019259435398068,-2.582922227540903,-2.4218418390677585,-0.7401795952786651,-0.5044020864664474,-7.723561057306562,-4.92248292105687,-4.981477110020902
1.3592814208314636,1.9953918893834413,-0.9556584882516351,1.2915263242792498,-0.36548095673939734,-0.3189138915826791,2.5745659425931637,-0.3219437274160014,3.0235195955415595,-2.548610548725965,0.7863789824642676,-2.4497351537363925,0.5845225125803682,0.7549863423438766,0.022182384540810614,-3.5029307541611954,-3.231091948550608,-1.6302161896976033,-2.645139544844765,-0.9549756015096826,0.24279914393636123,-4.2499355662374905
1.3217859861416827,-0.26240989589275926,2.908128510642516,2.0742532957314572,2.1574455516215756,-1.155969298738562,-0.018310490911258463,4.032432177624976,0.2633488471984753,2.1116294300367975,1.7502832490491897,0.7785621535618228,-1.194723756612538,1.133974045848776,0.9862949927732678,-2.933625629060088,-2.909842030279244,-4.072303221040303,-4.467990200985464,-6.442073107384039,-1.0959430716900718,-4.842654873777014
1.3842454687955954,0.4045977082725484,0.4585538979199371,2.6577794820685194,3.441569947427686,2.4629214757310116,0.018257983923317497,-0.7149986725431174,3.0394165230317483,-0.5846765546449847,-1.425678879766565,2.3487204927605925,-0.9986968936419662,-1.341439858390154,0.9406864518269786,-1.2772589380187747,-4.151145687288205,-3.5160984673500404,-1.8892384798237432,-10.827853571138146,-7.751047125556755,-6.09698451905951
1.3762445987175793,-0.20693401290378916,0.26464291672621204,0.9147719535217089,2.1515303718317407,3.3541890160435495,4.695538606454213,2.7501352965400807,0.13477327552125778,-0.18538260690610375,0.8516337130552739,-1.0947201937069986,2.1879313015096145,-1.059788816284753,0.7127018062003859,-2.1828849524735414,-2.459228533310375,-0.20366113150956122,-0.32153190242523866,-1.0283575536269998,-0.2220777006159682,-1.317466101324916
0.3252417720123817,0.41302083546091356,1.1837747007154675,1.32956599006043,0.6005588150284832,0.4432061328702221,0.5640389408104665,3.4418186370606305,3.7324674139118503,2.839577169707129,-2.8980285128287155,-1.2207922846124433,2.125018012543844,-1.7669972173529784,0.16240772827348,-2.8175580396027518,0.35744457284134196,1.4451373397041498,-0.15194226659433005,-6.2527025273731445,-4.9311528563355145,-5.5748013722783405
0.959364310471465,1.0686982206346753,1.6910979081781807,1.0474550903452868,0.5994560968358703,0.7992453904305846,1.5249159491846618,0.8555940681077174,0.44123705801673213,-1.0862172325936572,-0.6462305403381423,0.4905382539140292,0.7644193216181357,-1.5897836331505284,-0.1185625040708351,-2.0303839951146676,-1.011664896768029,0.09969745317551579,-5.153167022079459,-8.866839349263888,0.8066146116480138,-0.9039446602853228
1.5110571880722619,1.112943799651089,2.3829004480654343,-0.41736106845437076,1.6764926737892913,3.642353532658176,2.7284695410206186,3.34668505624301,4.19574640719489,1.55654974638101,3.7869164118318994,2.2027726840394606,-0.8378054012786704,-3.7299579066824604,-0.28628523216473006,-2.05252326319121,1.7432593917933294,-2.277577335001419,-2.874558541649875,0.33071862199468643,-2.945520657097095,-3.6346272231488683
1.2953556689241943,0.6202590133525965,0.38653603672177966,-0.7735196850928097,1.042507972499215,-0.36983052821717916,-0.12024139150765967,0.9084852757825213,-0.12132140085452803,-0.4789007933424352,-1.7446091057380857,-1.635931284974216,-2.116285765678105,1.0478314377201623,1.2195445880473148,-2.7038934650563,1.508869673864159,-5.4846363316762945,-0.11336226900790809,-2.750288388657195,-7.982611446029539,-0.4822751296681687
0.5461325657251597,3.0405455616340054,-0.27342257421699134,1.2312432882538944,1.9868468741312613,-0.947142913623535,1.3397932141218467,2.535369153431943,3.7990107611960875,0.7766648800938915,2.0985527760609224,0.5795375932216968,0.5926730122519478,1.465847261991534,0.5336172663964717,-3.479903143223017,0.44941585969663705,0.4687798103121093,-1.5897894432890427,-10.89225175987192,-0.9239304008364438,-4.198519985226172
1.7852163538355816,0.9038566734984436,0.19765377381560667,2.1664493919454477,-0.08818796475815448,-0.5141599994047892,2.5744996058137417,3.4715676116680303,2.1298495061545664,3.3344964951993252,4.800879207810449,3.8591362817531993,1.5605037528259462,1.833479128331578,-1.5683347507314271,-1.93535710520924,-1.1271866226278617,-0.19057162228654972,-6.351861575265449,-1.0400224053404559,-7.271419725531971,-0.20393425366870832
-0.08277614754743795,-0.1522137097978323,0.08339398370614157,3.0463277524127585,1.1097539980729216,2.9426334963442504,1.135432389048449,1.1670141662538887,3.021604492128857,2.672110641104531,-0.5133929151820714,0.008673158617411032,-0.4872891910654105,0.7923948307464919,-1.957181602469308,-3.4243336871601935,-3.3710377869756774,0.30766653157061397,-4.062616076943821,-0.4912564736609839,-14.986787709900375,-5.813252082572876
1.606809495744235,0.1064450834859448,-0.027683511613083515,0.3045177168355297,1.5141564390200983,1.3698104270721725,-0.004568553814894095,2.45186727161439,-0.30666160667804065,3.204926260070156,-0.5578055863823153,-1.6719905414874479,-1.1777877536757992,0.20811708939748377,-2.0848050612643667,-1.9967538289058198,-2.167017383160348,-0.6987869629088087,-0.20724478895891224,-8.041776729884361,-1.2104237083986205,-2.4103485916425744
0.45362818013559625,0.14952016701320744,-0.13899516613395582,1.0285161566490457,2.22526110507042,0.347140088140102,4.590871422718584,0.10921660090554657,3.020553375684853,-1.1115063039441024,2.825782979756752,1.3024088360336208,-0.8921525208690286,-1.5179356014130891,-2.212042852548398,-1.3552753980653964,-3.943449202647915,-3.7627845287343673,-1.2706137350131512,-0.2122208365784221,-11.904512582067518,-4.361204486427485
