script/wind10m.json
{"header": {"parameterCategory": 2, "parameterNumber": 3, "lo1": 6.000027932988019, "la1": 58.9999434238085, "dx": 0.5, "dy": 0.25, "nx": 22, "ny": 24, "refTime": "2024-09-16T07:00:00.000Z"}, "data":
[rows 0 to 23 of 24, columns 0 to 21 of 22]
-0.49281911909617515,-1.744310647532563,-1.187301791741802,-0.22052241799891814,-0.6382473617091565,-0.49175508342728963,0.9815828984482355,2.013200643689246,4.755582608163366,6.231195988291006,2.6186730481180445,1.1645902184504153,0.8419465913572528,0.950350034126941,4.6610919991522834,3.6021998290926125,0.5809860162233403,-0.509494437458858,-0.7294856394074535,-0.6259424274674668,0.22246078744851885,-0.4684919527823176
-1.5986902483929752,-1.2627227444520446,-1.5765365275679055,0.20723553082939017,0.04355061783555136,0.3564465857292272,-0.1422433372119995,3.239680951315145,7.046016954780004,6.4101144550250835,5.299683549498658,0.6960476055422095,0.6338969941610028,0.783933454448767,4.649689169779284,2.1292567712511326,0.9626003116355418,0.8486603610373709,0.3422452507380184,-0.3168780909060874,-0.45762419420982386,-1.0286581482911126
-0.6668592719711389,-0.17350487994065453,0.03199280353856932,0.3379869346518121,-0.2680495094956895,-0.5059039276645799,-0.6032649961859062,5.884460200989911,6.813519467706203,6.76112493580225,5.3091328023621855,0.8143661889871764,0.25972893220897814,3.429819386684181,2.4975333333441285,1.0767317664377933,1.0564755454142094,1.8689513945289082,0.8097791382932589,-1.4296483707500653,-1.0231062900230525,-1.5326345097061538
-5.613175110121849,-1.2133078249867493,-0.6303462815207507,0.5005948522956879,-0.9312619780760765,-0.005439048881978803,-2.3113642423878225,5.783898662708228,6.646529849717551,6.12414676819366,5.414789582746889,1.310382906069257,1.371339516298356,0.8814183487160996,1.2848471325468993,1.7493474670939781,0.4731816421966004,1.2064000734847038,-0.2042708963835993,-0.46099392263976235,-0.21342224173198726,-1.3625283209978272
-5.213908297059098,-4.822719186087346,-1.0059741131648698,-1.094445954726486,-2.5926312992725236,-0.5390902278097615,6.530990105152605,6.365636858342598,6.286476612249565,5.360094536256283,5.233925549884475,1.9897264341453746,1.1986513957887577,0.9185646832039437,1.3429206759794317,0.008188198897602153,-1.0444272146878677,-0.7696455071362794,-0.7795333162671724,0.28217028395695,-1.5308971715429416,-2.0456711196264976
-5.373381502106996,-4.694784025068873,-3.7335769321055983,-2.462957712848197,-0.6943340945285017,-2.8251032991436347,6.830484501241963,6.078810034187487,5.520426034419585,3.418885552539775,5.247020252572463,4.492974208126845,0.9789203721414584,0.7762374601759721,0.8481866183153123,0.11515713375996624,0.11419316602518252,-0.6653717027526226,-0.78670712304003,-1.3513142897370083,-1.6534816513536812,-1.9880219561781136
-4.931650828460942,-4.623852325241675,-4.3349395204563255,-3.424505651645276,-2.7246861757263363,0.40938135669307624,6.980219659211711,5.949065842885791,2.171337932840128,4.102702553659632,4.694888217051505,4.302899644280098,0.24608659857623338,-0.38586758081695754,-0.6088281466712433,0.2311149817131446,-1.2298142404426524,-0.8766732066376596,-1.1673646877877037,-1.6317893581496827,-1.819684147271586,-2.24238210501175
-4.739735596919375,-4.304516371776001,-4.033815906694042,-4.840957259054994,-4.517990425904196,2.0972607652626953,6.45598656759574,4.079607950428146,2.1285855562135216,2.9494354657575004,0.9768843343839632,3.401424878447341,2.3583293115234274,0.38470723912208754,-0.392164295727309,-0.900041694322373,-0.7164928972628272,-0.9018093817378154,-1.3616539584647422,-1.2714333845018484,-2.070800668493302,-4.481355298748899
-5.292475552665003,-4.377535126669095,-2.854079069911535,-4.135474563649559,-3.04148334475802,1.5618362975445137,5.316291046093537,2.875395435479982,1.7630384120004952,2.647367391460222,2.5415296928802444,1.0143832111997182,2.856991767641852,-0.8021306253669321,-0.2906853812486119,-1.2088252834540583,-1.2494317342573906,-1.6764827938021836,-1.4707228092552254,-2.165613294670174,-2.6643087448791896,-4.185472340853654
-5.457585565117065,-2.4178081038506085,-4.2598203373450385,-4.620205684277569,-2.719961463216154,2.8169344391692586,2.2251054119590616,1.3038005162289343,1.4275112711908509,2.8295218777069087,1.3837329631537998,-0.22227873799135633,1.8794601287048895,-0.7274881268714048,-0.49556882226175336,-1.3698049055024442,-1.446613347312303,-1.3294553120424046,-1.88746299656408,-2.2370528300257693,-2.136571030325458,-5.361184061513318
-5.817504726216862,-4.92814278939246,-3.9416114994525233,-4.8353883647056985,-2.376314425527185,1.7848858661391664,1.8913386577404796,1.4571746230468114,2.073088389519932,1.0398036837167446,0.5240767877773937,-1.3886182002888485,0.52821805973703,-0.5356996930240344,0.7873064529244957,-1.387213244462878,-1.5898829150951128,-1.717974389903763,-2.2738236445540316,-1.9185589560636733,-2.164527652117605,-3.4239695023279717
-6.25198067125849,-5.733111543676427,-4.412836634939843,-4.633362851105373,-1.9109499967812906,1.339292716700808,1.5623922056988089,1.5135680773352975,1.1715871537438232,0.902598182088774,-0.3401959131172653,-2.547465815997208,0.08354307387838061,-1.1976163154553379,-1.4611057419138702,-1.2318767416537504,-1.8425935762076933,-1.5041742249286683,-1.9982201443374683,-1.6253761569983631,-3.1191805166053905,-8.01661313669336
-6.841963837193826,-7.838826116234273,-5.794508749325275,-5.07346830529459,-1.7450662329842384,1.2180505287010184,1.0548620924387344,1.3246660435553022,0.4535375884443183,1.3151279348009204,-1.1884546948758603,-2.0447202990141764,-0.5092977230765616,-1.1903722908536298,-1.2702563541753342,-1.54115786972595,-1.8782406577316466,-4.9277298246449535,-7.1334691829858174,-5.544995533678795,-8.761395681826079,-7.856147333066686
-7.360594928010878,-6.9682051860477126,-7.141044961945852,-4.509718099316558,-1.7410008372222312,1.3492330985417504,1.3858520425831313,0.7983593224593021,-0.0227990478688235,0.2857971849906629,-1.5294591956979142,0.33136561519488034,-0.9355651593616604,-1.5854997203327603,-1.5789874859374031,-3.4056164523368446,-1.9099415695597042,-6.281374439834835,-6.863102367510924,-7.257679970801386,-8.184044475096892,-6.237805801176707
-8.125577290959399,-5.302132161937438,-7.163763490108067,-2.61213836534387,-0.2011780531819112,1.2950950912990313,1.3376488314105954,0.7768512106978239,0.7099650200322015,0.30424506909604143,-1.6994062545054525,-0.8890119601982255,-1.5551550154360387,-3.8010175190855415,-2.3098389586845784,-2.688948563301175,-2.5147321082042855,-6.3882347863447455,-6.337391015451614,-7.864117785411009,-5.4260968817619455,-5.20887968546681
-8.465696373479396,-6.378771321918495,-6.177521031996218,-2.7146421110833447,-0.06547464858940794,2.6586358856749897,0.8152850922329867,-0.2539251724411646,-0.38583612126164885,-0.48774405874257476,-2.332505447335175,-1.2655399796244269,-1.1806939103283969,-4.853872903149078,-4.550557477670783,-4.7931669091082725,-6.158415978387488,-6.500384981031638,-7.072572774540965,-8.113481819040233,-5.462284391888985,-5.32514954746721
-7.25020523327876,-7.086596609498147,-5.574417373767356,-1.8197648216020597,0.02594021047803455,2.563719592040778,0.9039800460569432,0.7212480372837112,0.13346084782908846,-1.3979363575141024,-3.329279452820896,-4.629344770536958,-2.5553524273612966,-3.6657062537794713,-5.550571845853116,-5.5551751548929875,-7.673679802655084,-6.106666781639658,-4.447642437810397,-6.076051593604073,-5.782736962471666,-5.198231434075581
-6.830228360222119,-7.038843194231384,-5.409994727509044,-2.663569897931934,-0.5240322597641929,1.1168163091113055,1.0063800525278734,-0.063331214351387,-0.5791700211957315,-2.734029773359707,-1.7543013365814042,-2.3008992665826535,-2.5942516412755996,-5.066537802418478,-6.093173605227506,-6.652397475872781,-8.285448471543233,-7.224401339596147,-8.536035595187599,-6.624116591699639,-5.632356274438438,-5.370298434988658
-7.570073864665621,-6.1403768432058765,-3.816793506492073,-2.371493209742989,-1.4694849111059454,1.1666691665162707,0.36176190963522736,-0.1369991044780854,-1.0879391333987758,-2.761196847279803,-3.258968349551204,-5.103689097224416,-5.786171884665981,-5.393218380501156,-5.787109003730213,-4.833584218053379,-8.80567782748495,-8.566690311731065,-8.950628766223206,-6.976037950111674,-5.923569310133114,-3.34330774256155
-7.296215169773767,-5.666416484112584,-2.7623320041559545,-1.8390702887627035,-1.6806233626344127,0.02184877058698216,-0.41398378521446355,-0.3135292870741212,-0.9404407373048562,-1.3083814002467047,-1.773822857195308,-5.17444551398474,-6.146361952481085,-2.6908218615463224,-3.1477136033006134,-6.943567533944078,-8.887827580555484,-8.938176040662412,-6.851961797046724,-5.605698073231326,-4.321076408963383,-2.786313856901146
-6.956042114548264,-4.809992144044119,-2.0460677470355293,-1.921133187348967,-2.4598009156342915,0.3842708071132828,-0.39240303452938063,-0.22939476786530957,-0.392677636542721,-0.13011677552407597,-4.367148534223647,-3.483749925171658,-2.2734731309439855,-3.0670494418405636,-3.019856662202203,-5.054267405001493,-6.191292891559762,-10.08897899852528,-3.4875178626192023,-4.1969425737330734,-3.6171973412534757,-2.097123951219972
-6.839655752006916,-3.240763066238963,-0.1818634355947115,1.2881352593823925,1.2757439723275485,-0.35886924518111013,-0.04166327473991191,-0.5044114928850336,-0.4848697486500129,-1.4146146908514052,-1.610722583319668,-2.669607524560474,-2.3390684974781095,-3.1180297517683764,-3.8235253901322155,-2.6362526121249226,-5.929215478633594,-7.123594786491006,-3.7162414226237606,-3.2513717528169637,-3.0791738154951807,-2.197320272760113
-3.2089144655256523,0.8877165342896234,2.0488926390943347,0.1733904646958639,0.174787829806477,-0.4749378143944223,-0.5819202979558254,-1.1679385926726957,-1.2657564428702848,-1.5333335137069743,-1.7509663489514495,-2.3477284244305086,-2.7828243364502945,-2.3376541383294374,-4.623471199239177,-4.892606168452143,-3.4335964424338257,-3.18328446510563,-4.794365762259297,-3.1383095307083075,-2.489559823361543,-2.360462535378558
0.9993888591640807,0.9921175662023037,0.2890006468433571,0.1396297352803823,0.6307962965246405,0.011499974638807196,-1.2084867923173537,-1.3855951997556513,-0.6495130503935089,-0.9337425035864498,-1.0856979169145662,-1.4838986900977007,-3.2632619073829043,-2.9565683917380143,-3.259454307055594,-4.0688258104125055,-5.3401593962725755,-3.3858624617076933,-4.688258354253603,-3.2541497293704533,-2.3979037774141494,-3.582517096821632
