script/wind10m.json
{"header": {"parameterCategory": 2, "parameterNumber": 2, "lo1": 3.000054539987559, "la1": 64.9999836372058, "dx": 0.5, "dy": 0.25, "nx": 34, "ny": 52, "refTime": "2025-10-10T09:00:00.000Z"}, "data":
[rows 0 to 24 of 52, columns 0 to 33 of 34]
13.600048270162658,5.854135674534388,2.971286185905047,3.269040465153357,0.7030846859411942,2.52581397472719,4.349011093087168,6.2487937767285615,6.228464237445942,8.593228854488553,9.688339256560702,10.200476138878377,10.285371500586999,10.55487253152829,10.740679186212915,11.251885835746336,9.063961524677941,6.689473031647459,3.9364158322759755,5.592216019068903,7.104758958976152,10.77851651776305,7.874860591368354,7.724821807938226,9.966890928583208,5.4474326846641565,4.1197181204639906,4.03102762338649,4.355905682053886,3.8635171614624815,4.1464396205474605,2.819497925957077,2.7845122967175753,3.2952559701752446
14.211094746652792,13.769766475758948,10.622884464010168,3.349752194389307,2.9826763775661265,2.625834453251977,2.1383704947934343,3.7278991758977704,6.103507124226676,5.968792188664313,8.971381614307441,9.59293221031613,10.350942165100909,10.245484977547765,10.58827747511517,10.772359752945444,11.129944246274292,7.936789999152707,4.108304348414143,10.597379456495837,3.0450270968924724,4.912008636117559,3.115648760331949,8.87602486458794,6.09636251989791,4.001754357908579,3.1498038381400564,4.389987143856589,3.1311228980354353,4.515955510079589,3.9065198573016047,4.196739173232908,2.439252174819578,3.2687608148642173
14.973471469194441,14.662508959601553,14.610317807405533,13.879535780591407,5.468169511556661,2.8637475195762567,3.8034435422275923,3.682737331415343,3.5911331381506266,5.4416647283514585,6.685947908516421,8.814076142098997,9.1642614473463,10.550474703871377,10.48792515521247,10.677759544185502,4.914886088695531,2.2150606593858946,1.9783817720245647,2.9401979297803846,7.159735686867067,5.307578492491915,5.008404848054615,8.453126223732363,5.718472846202922,3.467839637570222,3.505155084314908,3.4682682776279443,3.387886200345635,3.5781536770516364,4.09946377140383,3.973955250253077,3.1813999119202867,2.3978172221093152
15.184122503181227,15.426699609007512,15.295038698325294,15.021631075283006,14.292664976977486,13.614810626325776,3.9115102794093772,3.5826318349613895,4.266329425533604,3.4577430401619376,6.099080962304624,7.275732478890034,9.976684290697305,9.85969659920649,9.722560934801603,6.667530340211827,1.8858144438369686,1.9059413811640953,5.33299719034967,2.5858096883937085,7.019475835839203,6.697884648862877,9.643620938198985,5.330269468927012,3.638306042396196,3.9651847110313008,4.733654711278187,3.536131065036995,2.780053812587968,2.2751920773597014,2.677696016563436,3.78878758331955,4.185105319701444,3.3990084307058788
15.320170148965422,15.545350001600765,15.837949694165397,15.520778741450817,15.192281594492615,14.254774317463285,13.737886086661987,6.9271224655613075,4.149450830070858,5.047691185880305,4.0269929591759155,6.73874048605341,7.842671296350622,8.543617277863627,3.640079154429814,3.2452249619371463,2.769136494177979,2.0916654555444825,4.034955182994373,10.106064269060662,8.173984156207695,11.02003438734056,3.241958548034737,6.871322821966681,4.875994230043897,3.5710510213595303,3.1212579602307464,1.9721736917601376,2.683955694664974,2.6036294434849827,3.1017039823450077,4.161215087153814,4.8018625889286914,3.9727839878333633
15.209463860179964,15.335930702177013,15.823837524689218,15.911383025752299,15.661767540825405,15.087759499521171,14.088875729998215,13.466327370549834,10.188196699341198,5.238192243314149,6.3115651952280825,5.694998950850861,4.230450906964066,6.064570468645394,1.8090956655347377,2.4883063328746187,2.5763163554824082,2.054266479132004,6.298940010029749,5.416158750598815,3.394317479602123,7.582275613740263,6.595090141182767,4.245050252408608,2.1611861724642214,3.672214698635581,3.1769270277354322,2.5716805953158084,1.9006819535224553,2.8651216541397257,2.556813515901849,2.8357656409726832,3.9040454836604974,3.842019129808592
15.165479139067855,15.355742433412072,15.490999295934623,15.838719510622306,15.680618115757232,15.214185201285732,14.834826275798658,14.709950749641369,14.679016488478538,9.252156643981436,5.3744992690666775,3.7443156984629025,4.866329193187559,1.8024071954653387,1.0508735242956233,2.221859215291579,1.5457007556490145,3.23640038481414,7.947950938117194,6.144130484245958,4.133294865984146,4.13003584270375,5.587217300050974,3.639411677356404,3.9876313636487293,3.634377645392518,3.7661389514199253,2.699911093801362,1.0541924768247688,3.0619345215319096,3.186627027700219,3.776207801960629,3.746744597286661,5.462265848356631
15.061350869125574,15.13995083462653,15.227011571828763,15.380737796749449,15.480064610913049,15.673392507855835,15.706447347735795,15.77211943019236,15.649560041213746,9.776875827752981,3.963704980676155,-1.703267652737524,0.24003102598702944,7.253715863269193,1.417742862822603,2.869949671257319,2.5457590941967903,6.4857332463273725,6.979421933277171,5.270486939126566,5.706482738603664,3.5063763500561738,4.381621971411542,4.34350849943498,3.01805771071252,2.8707406606704273,3.044291594839503,3.0837464152936405,1.5386089842624024,2.783626682814526,4.145955704962342,2.8585917078131926,3.970820663921083,9.240163275147832
15.034544637069656,15.008040573750272,14.923996547605523,15.076296102549655,15.419349303496329,15.737878855381053,15.887908795234567,15.988345597462057,16.04868151791457,4.410244068262474,0.5956440176002105,0.2225756940034366,2.9553519239601997,3.099563540423749,4.519970954892655,-0.07007321948740085,2.647189333456932,6.128294396831768,2.8672143794108877,3.86046085329571,12.51237533102412,8.483764470760077,2.7481802149360735,0.8348076263614602,2.0167142040900803,2.455800481135023,2.712977204622156,2.275662473019725,2.4083470013258674,4.051052135135252,3.7267559467829914,4.365779856966943,8.656151007515264,9.604407183699134
14.668147614771714,14.520249529281433,14.628053740580434,14.831065805993642,15.378102036950825,15.427746704132309,15.775886312105708,13.108000454166705,5.315405553334482,1.700888861018815,-2.8146250399416366,0.37281054913727607,6.3236391216416346,6.087289218391995,-0.08599028637885502,4.718386717132126,2.8322885067310493,3.623848914245621,6.017861254357851,5.464807996993489,6.734881616302992,4.813984761726114,4.089346651018232,2.1862290012206107,1.7397726225052212,2.493531582543456,2.6359091753180923,2.2375781853751273,3.421577889376042,3.391924597500492,3.64305286709952,7.917647513018508,9.609797172430216,10.285615366568079
14.733770733501153,14.696634450850906,14.54643545321787,14.537793658990223,14.77601252391631,14.611043651068627,13.760237658984623,8.79774542018599,7.876117318470828,-1.9673750789755846,12.006710012423152,-3.4747906535094595,3.37848502165345,10.42243817221753,6.5485043273651495,0.6071607956064294,1.002526650137662,2.3478501509324876,5.422040781907887,3.5242019046920494,4.8560136229635535,2.4711915526590773,5.566008090451449,1.7715308130019252,1.28797626264487,2.419823090314044,-0.39235222842372824,2.1871236975449957,3.1207073452104592,4.533612748108655,7.7690051258998825,10.601802500876133,10.614852468242054,10.963762235730924
14.620953099873901,14.689896832492705,14.416235145369301,13.804140877769688,13.599973050524357,7.527660769739559,6.277345313766718,0.49551543436576945,-1.8833265104614783,6.052867608855774,8.044706325290209,10.471100146614967,10.184666713192996,5.543083523935992,6.547856996993077,3.308762444720629,0.9531956571339223,5.1115780867101375,2.5736008368442578,5.298724044664765,4.760913385149557,3.683937080975407,0.20187101451009173,2.748639805983709,1.695389855296149,2.6537767289320477,3.0015719449927496,3.253390977820618,2.9231185150214545,3.299184051310067,8.499671759466388,10.2785725078304,10.3772591037327,10.659859980873764
14.814910173567283,14.203992816361051,13.692120156011974,13.425832556317944,9.162049723140305,5.221724773533027,2.7705690054152825,2.1362406705561274,3.517153449655249,11.38255843138215,6.58974274489244,8.782457684024347,10.943127115849432,9.537511244379834,-0.30485543901542617,5.087116795597793,0.6147684878154932,3.5182686713254068,3.8072758117645824,0.44770532946264696,2.1224598923381666,2.851674279372604,2.8383396599303934,2.3148811336200237,2.578325260311283,2.4237032468559296,1.0638691399909506,2.9304595486037144,3.3583021530906287,6.811120997923731,10.265619991078186,10.577577992283462,10.942132596729929,10.875484316657031
14.835101851653706,13.993039004239664,13.32334292508279,12.611060945683505,9.139713906875714,10.52665615467756,13.399462505610865,-0.6291689381997058,4.777117018083822,8.674077098247686,9.971843410531271,9.99882517289926,1.617171439236103,-0.9792381439293738,3.0631052078881096,2.6817971325040895,2.406436467563443,2.7441513157932267,2.375314386269256,2.9656608526880097,-1.3274400472569812,1.7880885197465102,2.7179357788512144,3.2911846138860397,1.1955528744387327,2.7294174029879867,3.741425354660471,3.469540344469808,2.5252898043642227,6.619246027272939,9.995136836290706,10.36916544356934,10.976339984197628,10.719826710917149
14.745737284904282,13.85634880548873,13.287303795045684,12.531742785474776,8.978463097126175,6.179741914364689,3.8142820914279887,11.982138613441725,3.6152094472964262,7.812348605908449,4.309086565526661,10.257702134975803,2.665685388005204,3.2864627271956754,-0.10247112582936728,1.2345031773234443,0.13853716956150078,1.3176869930147614,0.43018545011451637,-0.3706152893674329,2.2644997624000363,2.733864496117011,1.044658976229043,3.960707646536361,1.0270990676391112,2.6744557434985654,-0.27623686987162105,3.4941640426673954,3.0813349985497096,8.268453224137804,9.56467522918703,10.039312061117085,10.60898349802428,10.15984206383936
14.392934108352726,13.782653211775054,13.032766260980518,12.348748819195595,5.753271554975526,4.113241878871247,8.618321812042083,0.35320177913597506,1.8626688508724403,3.946087372702781,9.860660868644699,15.688367369163918,1.3223998777526667,7.7370192552548245,-0.6087943047058576,1.6363868443161738,4.017073903719387,-0.9690745923955127,1.1741384957237107,0.5970564127623648,4.118111840786836,2.560809785377443,-0.9427627951875033,3.0788215761016673,0.5198077491474716,2.2044096201459658,3.9396356725814545,3.9659469041238498,3.251028806456154,8.310789387156152,9.482013462432498,9.974485701032867,10.23268641515132,9.026546733775666
13.690999406304678,13.243831061351155,12.573456839915142,11.520663943985115,4.437549367591939,4.888044474516883,11.045220149472096,4.550832606126243,-4.769044913376773,5.016071950432007,13.373000320275134,20.944861888580107,1.992294794270971,0.6081786242654859,0.02291884070745821,-1.9392341774291084,-0.027692222440904225,-0.5365751222652823,0.8247253990473122,0.794235917269245,2.162180193913203,3.008432438949946,1.0733561401605467,1.9467142538320126,1.0990553075123084,1.3825166792625905,3.8033718231731717,3.671901555404429,2.81201250004841,7.429481413325056,8.850308306902527,9.341754396035666,9.505951853803573,8.85060546443544
13.902182180257547,12.425887348838469,12.723593227640052,12.262117444414349,4.514014976185067,4.695979879077584,7.184252549274656,-0.0607497056035327,11.819130373104619,12.77174092293061,12.97343720767113,8.834166115698984,-0.5867091101860178,1.4985601689618941,0.5874089337743527,2.1160780304391316,-1.8512089154480835,0.8343955203706004,0.5553380456400536,0.7815568753530623,1.1832832001443458,1.5121049637883457,2.1062602271164184,3.345331007299348,-0.2959797683203506,2.166836708471946,1.7906322811678317,3.8183800211990175,2.3549638333744882,6.1671669320839575,9.097190614192952,8.98945242662261,8.550211154635507,7.950721187755064
13.064824699224133,12.512153663234383,12.391416398909262,10.861774617303963,5.623583584423928,2.8755591836660264,9.973085969595376,2.9250710094823695,4.373793675913842,18.970698859939574,9.633967541849838,8.418865641371097,2.132501214078345,1.1474729097257954,1.0107314471980613,0.6771303899790069,-0.8921029186277636,0.20743213231702048,-0.4108538506834728,0.1507527800392827,0.8381891177947266,2.120384396386174,1.994460012228777,1.67114466353885,0.7811562065373618,2.67761695315705,2.952849982324014,3.0733031554788823,2.4736474044528753,2.5534669292647854,3.2685712419351884,7.225206127507778,8.29229540016447,7.682492182001689
13.158196691732156,11.821666732664655,11.776946708173059,11.214539559439263,4.885297074155165,3.9533410161822506,-0.9060739715101217,12.181156651264262,14.49222025152301,15.130170451720419,13.422605841582056,12.491520179888582,0.695535944086339,7.96975979559286,-0.07927683770388984,2.6456055703768286,0.021467696522753814,-0.747689066701304,-0.21393522238636117,0.3821387750182174,0.6027918514770355,-0.4022264158999392,2.236829448539073,2.319588092427896,-0.3960076874043526,2.0072334820712188,0.9461308233123877,2.1211836771854395,1.737068143012931,2.0474881349028062,2.0342428343000627,2.0797303237703106,6.967570434101658,3.875710377528278
13.10940856472279,12.566136429624844,11.655133507257494,11.25482201006851,9.332873548917132,3.987359085224688,1.3430207675062789,2.8018940651993534,10.99118194648906,9.556414977403131,11.805859425121687,9.508611569289075,2.648313515101965,0.788847915347076,2.085225307524845,1.032859485907282,0.9479120041482957,1.0082955003144412,1.832314946315932,0.7933834660800054,2.941177348852144,1.2007127601367906,2.04429282739065,2.2900557730456645,2.526909552254901,2.678760945755908,2.5357633514740456,2.04852520915342,1.8733844921538216,2.741305594708012,2.1142258569990506,1.9438482269950386,6.072722230286724,6.493881186484518
12.680278709796363,13.566633928342078,13.161565948087523,12.464653335263046,10.483013926903332,7.48285385140705,4.554415281052683,4.512665782621271,8.749534246225924,4.5297012932529706,9.561702224147032,8.353202337653695,-1.2307172262136068,2.4230905777759157,1.717857017139618,2.8130660395536595,1.1363391246969157,0.869001524506367,1.904826118167179,0.369504805532935,2.775608824762254,-0.20682118304120498,2.401829927897902,2.0068331544614715,2.8417396572679006,2.832044283004956,1.6992098759327754,1.9502086186554235,2.8885574534593474,2.138081734223815,1.867270653821711,2.234294638918659,2.312806910000441,5.98287993081144
12.735945712761522,12.28920582663691,13.399570092916667,12.895618333007253,12.235866795009017,5.904310505178119,4.210733793798744,5.578770230010589,17.660927446342566,12.272892853972921,3.396406465934226,0.23963028332144876,1.646523257509175,2.2344898075086066,2.302769149839391,5.147014987749764,1.5200175431125458,2.0458300192329744,1.5100736018681145,3.3473079782423474,1.9510634639679851,1.547173461850154,1.880664013343986,1.7379637444920577,2.389923548394554,2.4587969951801116,2.717599627479909,3.6200712794459458,3.0711717853257916,2.7992800811561986,2.104706475591215,2.676557269129698,5.055622043796848,5.653885567194128
12.393095918457872,12.431827953256779,12.39394516667887,12.707380389889217,12.977357386109782,8.917118249140263,3.8757555683636222,7.755368962848298,10.997316035762333,5.092433528849961,-0.5018339120747388,-0.18212461407678207,1.1565706784077232,0.3293431479346432,2.9802054266618545,6.683270463295281,3.131216684817764,1.8164287378973565,1.910908111324829,2.4618741488425826,2.7106031674901687,3.1110510187776943,0.1580154155742916,1.6194088744647381,5.276869795318078,2.2800566586435167,4.937148931203428,3.0794994622178935,2.33513419633966,2.112260497609275,2.815300556950292,2.219961432455092,5.450405360256254,6.09453735568599
12.445230539822164,13.28069536873953,13.04408422755505,12.570280870844211,12.930023544721104,12.230982856773464,6.573502614793507,12.099680111448643,12.264541467811013,3.995105418641767,4.139722829475619,-0.05905725389786343,1.8952750432749539,2.343460908794834,3.3664167927522706,11.071855651598144,9.202597127795967,2.2411053091521294,2.5855764804910795,2.6224537992363555,5.842523511846392,6.711132839458625,2.343811010013065,2.294328211155682,2.7645585086896394,2.7282115142593875,2.7717566921968793,2.445850466774554,2.041416797790523,2.277930513328355,2.6570611722662503,4.745771529469646,5.808719239322686,6.132329644140848
