script/wind50m.json
{"header": {"parameterCategory": 2, "parameterNumber": 3, "lo1": 3.000054539987559, "la1": 64.9999836372058, "dx": 0.5, "dy": 0.25, "nx": 34, "ny": 52, "refTime": "2025-12-30T20:00:00.000Z"}, "data":
[rows 24 to 47 of 52, columns 0 to 33 of 34]
-10.880948819994103,-12.069666462222552,-13.666192398825146,-13.09804196873138,-12.571402889661117,-0.7292669115021463,1.6469303560130168,-4.825034850330764,-2.529850162697377,1.4821088606990507,0.36382595853831795,-0.7092593450580136,-1.1513541171444117,-1.9109731522218565,-1.6128618660941245,-0.6160179829913413,-1.2860133526832558,-0.3448352076543486,-1.4993084531345238,-1.5766624163496317,-2.7678030557048876,-4.459107626010308,-4.462340352569089,-1.9437069484333844,-1.800629663565524,-1.6155920203429797,-2.3298127632961636,-3.2954898351378192,-3.4533077977864375,-3.2703741948291674,-3.984258643840335,-9.664673116004998,-11.891442910591232,-12.72468811064847
-12.219006365440444,-12.117370804672516,-11.626922201082351,-12.176520225815938,-10.60776538138919,-11.121966733864603,-3.0196416216507833,-2.58849669842504,2.633623924351797,2.1067520371020603,0.49108467352843865,3.114967943896131,-1.184529355736594,-0.3814725063716452,-1.9027444066346133,-1.806082294053318,-3.3407115726149463,-1.7891673861987147,-1.9942256348059657,-1.3275207520066232,-3.9954242154272643,-5.2407036718452495,-2.4952192471089454,-2.0469686288989384,-3.0213329522982972,-3.68311788400097,-3.6407680567095664,-3.760581981619676,-3.5887919011670912,-4.39646838640123,-9.703952515686957,-11.52232457783512,-12.956926924060145,-13.186051023127494
-11.419281575253812,-10.894756133219365,-11.444095110454464,-11.711171158143257,-8.880409318668503,-9.02026743923273,-1.9039544591282125,-0.8960668829761005,1.519082460528816,0.986214488649321,-0.5090309514443337,-1.1304324878400476,-1.654269405127436,-1.8758479330340119,-2.436296645364124,-2.1820199996213887,-3.851948880392272,-2.630029675473669,-1.8445081801970271,-2.3577453936322614,-0.8765649032483487,0.7716714933702632,-1.346169554099074,-2.5329229594173124,-5.449493982767649,-5.038223227905548,-3.953319460164651,-4.082111704832559,-6.208553580448923,-10.259799544032314,-12.85976670073719,-13.195131879707867,-15.935032139784822,-10.596006016069747
-11.910053955225173,-11.969876037142567,-11.313546223522353,-12.789324090007385,-6.009986497783386,-10.239547596098916,-7.855946912355967,0.9616175603276887,0.61874482129589,-0.7070664782752777,-1.3787282014544178,-3.026414788773078,-4.713636007630985,-3.77752362208811,-2.6742920509811494,-3.208578111501334,-4.865390251484624,-3.292558847673212,-1.6321046667790249,-0.6153180955045212,-0.1768079043251661,0.7831664443425267,-1.1255223536599361,-4.228283820658344,-4.486824764284746,-3.4133254367700268,-3.104558863216751,-3.2450107426447614,-6.1002672267549105,-12.093444949373932,-12.907511015437148,-13.523737819655315,-14.022035806765977,-11.039919349842116
-11.980500901062815,-11.014526396029472,-7.9825274126280314,-8.042198530022869,-3.031894972096935,-4.485429212877009,-8.559337545292976,-5.6302746574782185,-2.468789496208092,-1.7731333810233507,-3.024605458876699,-4.723666614345475,-5.4018650652652,-4.636375755966521,-4.069347223074587,-4.159938507391281,-5.491531312717924,-5.299837683327872,-3.8779401702919976,-1.974858198797453,-1.235556850740048,-1.8972762194936759,-3.8017313060441578,-4.900041315857692,-3.389728659314408,-2.940524105292791,-3.080655717081932,-3.260075088857222,-8.180898340983239,-12.89941431934844,-12.899268388309821,-16.09610338674959,-14.164798915245342,-12.299452368951144
-10.79805209980242,-9.282506185116608,-7.984402832895619,-5.821631364082326,-4.142383564548469,-5.7813884697187445,-5.356357077058143,-3.851730020924104,-3.418202656875003,-4.9849247398956145,-6.450069664364944,-6.754619429979217,-6.613758448863191,-5.639954818228365,-5.584978178128959,-5.221216848659794,-5.463698064682017,-6.225437525213858,-2.20681018574882,-2.825200476884064,-4.62880665230281,-3.6743727600477736,-2.793472992397311,-3.461753393732147,-3.5191753382090503,-2.8976289422507975,-2.8035759012447654,-3.555801546420331,-9.158938297955645,-12.149063202416002,-14.57522068999272,-10.180920193078734,-11.402918123569913,-13.856264896192009
-8.331656161364815,-8.748886803188064,-6.822083695089309,-4.442965469617785,-4.705648130625633,-6.600115643011298,-6.031463083054072,-6.034209247820501,-5.094868559779036,-6.1257041148416365,-7.991715576259509,-7.761598304168508,-7.122910874629744,-5.862387868446332,-3.939859511451606,-2.6020971664915358,-5.67127861592047,-6.726874723003709,-5.024867781020742,-3.958019952192105,-3.527515832508268,-2.923759942729048,-3.1571093388935054,-3.74694722475266,-2.9733466831744297,-3.2154444577373824,-3.162314647580208,-2.9551763035933103,-11.570162326001963,-13.24875246016254,-14.534416404212516,-8.354709273111068,-11.80254875904508,-14.325196727689173
-7.988084443992613,-7.352920781947687,-8.356903252451152,-5.579722016944198,-6.55242860339754,-7.225584501507829,-8.329987669497495,-7.279222238766773,-6.693358743071486,-7.2339896960842,-8.455471561336479,-8.503532547255805,-7.94241870356759,-6.293144586571132,-3.379658193867139,-2.6218353517584068,-2.391263905287693,-6.853549539149228,-3.953323434759849,-2.549790349994188,-1.6267614292117245,-1.9482524366934226,-2.5840392487547508,-2.23756640257531,-2.14524516577679,-2.5527808019887663,-2.997660638184011,-4.485199513002563,-7.551440721978201,-14.416592436128212,-14.537777071371499,-8.40775009046594,-13.898603804556833,-15.129531230146824
-8.123992914427294,-6.969637610896084,-5.704435650032766,-6.888501693000678,-8.091335399634572,-8.180648250041044,-8.159975238851333,-7.806144210231891,-7.602663792856423,-7.262602137702032,-9.077243173055319,-6.527649439383387,-3.9124888891061302,-1.4181201945473327,-0.30010445040211575,-2.0483712581440536,-5.284972343067154,-6.008617959892559,-4.30810241848694,-4.231923449813057,-3.5246076848116146,-3.319408644482409,-2.4563936793050427,-1.9042524941417502,-2.2839123720573755,-3.3659189553499274,-4.590130492112052,-5.938193513684912,-12.007502081723548,-15.110076555699079,-15.661030607206113,-12.318562211849141,-15.394183863557172,-16.083404370543107
-7.9940745134042075,-6.872813317710994,-7.058774500403978,-8.626610305484352,-9.0279635672417,-8.684703505077142,-8.078834506151711,-8.193919413338127,-8.469084090959536,-7.47849056573455,-10.0724788313776,-5.552002566377541,-1.7744121292069646,-0.7924043990762505,-1.787147791159033,-1.5531146510250842,-4.738274806877506,-6.578395712460166,-4.03028646616484,-5.623322522450595,-2.6502183249031765,-3.5160870398403428,-2.6350675707897615,-2.2577468948677146,-3.6483803327506013,-4.143137661818375,-5.255747939075746,-8.483024367045159,-13.378639590470998,-15.123094340206816,-16.21013189155462,-14.9722159081231,-17.267935158298666,-17.170268819794305
-7.972694174694403,-7.582402622156044,-8.574726544880741,-9.204334734581249,-9.369443272233841,-9.548884915458801,-9.006020979794544,-8.705664112250249,-7.911810430300633,-8.210127032909199,-9.698917927925313,-6.434114207245588,-1.8201268656687553,-1.7695239742222335,-1.535389588646382,0.32807547831812767,-4.763523205884836,-7.028687919746209,-4.202193410109982,-7.64640637371762,-3.4638498629969092,-2.3903931887662475,-3.1457503896508987,-3.7195014163513473,-5.0399083455909635,-4.540799052886355,-5.537433407451231,-9.165524988140923,-13.696445790251927,-15.464687671898819,-16.739615060951046,-16.906377777531063,-16.925177974652627,-17.569956306055975
-8.73770750192429,-10.40506648898221,-10.547943963298195,-10.065848672469805,-9.498199878157884,-9.06784008319951,-9.161477976777244,-8.848249276966577,-7.8783298997432185,-8.352252532130926,-9.840480611242556,-4.25443325402733,-2.1118760896716027,-1.2204836326312656,-1.5048311515714212,-1.8558928458287867,-3.2433513582901385,-7.08531259007033,-5.335422525465333,-6.656997265924046,-1.9878182345043698,-2.197413026030576,-3.8851261723624515,-4.6231586929929405,-4.789538139828304,-4.8791307600595415,-5.836747811338382,-10.448364293083516,-13.772511730607384,-15.516265692141857,-17.029625507101766,-17.899999105512165,-17.653276636292606,-17.29849093928977
-11.243549665465245,-9.436782939885884,-9.45198254437911,-9.21501706979776,-9.476150144469646,-9.34904854292488,-9.251777180775113,-9.176981829163736,-8.078712598959529,-8.85743326248148,-10.130660984986056,-5.098776349390437,-2.012151845606431,-0.5723925859810852,-1.5494778824255373,-3.354410956842496,-5.314911432504436,-6.6794518447849365,-4.671778441274044,-5.24157613709095,-5.579556528340724,-3.425270840767411,-4.283440808877957,-6.89020337802928,-9.035928378779444,-8.94747811718843,-8.9965808378204,-12.869876857245997,-13.835202451543813,-16.037599837961455,-18.50705914136797,-18.220813324595294,-19.49517162935496,-17.227508070592627
-10.540911109127316,-10.4165347652942,-10.17709936373425,-9.777991181857272,-9.97863548954956,-8.364595024765254,-9.566241052665584,-8.5088956066745,-8.303783039829522,-8.985869567412918,-9.2772063749458,-4.606054721379504,-1.0271020809072808,-1.5093965860928982,-1.9352767983894026,-4.02427512225241,-5.903668278252671,-5.477743872252348,-1.445846290972415,-3.223169954099233,-5.00094513828742,-5.274936614249403,-4.192326371300043,-10.27577916727428,-10.51203970932266,-11.17822384289467,-12.162468260437542,-13.790897205249772,-14.912060529999373,-16.64840851138281,-18.34736783601522,-18.322705527898513,-18.878193681704463,-18.809949503306775
-10.366766297244963,-9.925069502207903,-9.551271262835606,-8.50899088196121,-9.261242636095574,-9.755340436887147,-10.378261309263536,-8.60523502094084,-9.029630303606334,-9.216400485216315,-9.364504551905934,-5.227212902291386,0.6962033935497223,-1.0777186111946437,-1.3697245333509585,-2.0512296546813227,-6.543962740237193,-3.384882324218836,-0.6298366456629879,-5.160826011367874,-6.120712174305964,-3.895220519385477,-5.5466005012542245,-11.090149922113342,-11.296108057621009,-12.580897886140324,-13.16280224234211,-14.134606148384885,-15.253895770445496,-16.52589823155075,-17.546477445549687,-18.846989923191856,-18.535253043324193,-20.740004401472977
-9.961080640359764,-9.8140894616171,-8.164045157371586,-8.320275076816174,-9.418055054190821,-8.899082847333574,-9.21331670987026,-9.227184143271954,-9.286922921213787,-8.836877140337052,-8.922372244640865,-5.0662167485987375,0.8446547618638852,-0.6602319089152761,-2.618051006433581,-2.548802820650449,-3.5133770398835598,-4.291680870590803,-2.168074717787758,-7.13966844299566,-8.055997454001945,-8.548344969627264,-10.425002872378283,-9.752060540386337,-11.913346879316878,-13.739626454591585,-14.15456706211423,-14.39836174368244,-14.675998268754636,-15.45145942001339,-17.282359023046297,-18.491987064020076,-18.552152267056172,-19.45905350342762
-9.981330307376583,-8.431075556365183,-7.1611740703636695,-8.153632862311772,-8.525478891006964,-8.570619207984619,-8.830361390242363,-8.682433268551305,-8.98122547002314,-8.980353690370512,-8.416586654883512,-3.217852485747581,0.10455628669212419,-1.506838364193766,-3.0332059155031343,-3.8024007910773525,-4.433319259472283,-7.807612321525943,-3.8220344421945955,-6.837858218641679,-9.773251814664073,-11.631358054426821,-12.079316766766066,-11.765788821109382,-7.765161003107094,-13.660646728058913,-14.317263101526569,-13.788724836400123,-13.868901597661146,-14.4768111009096,-16.051161517437528,-18.053932312481887,-19.162353656586863,-17.940573731849206
-9.230924295127926,-7.426343413391452,-7.103068295349981,-5.927554468318019,-9.361493248838777,-8.975117947322966,-8.778112411830772,-9.694267394917576,-9.02329871320788,-8.721623640055766,-7.3253024950282395,-0.6238770297610611,-0.8195762097821312,-2.3040281653979497,-1.2217165325094212,-5.582122100965298,-5.952485103565085,-3.498590302301841,-4.645216524263179,-7.484616048464976,-9.77704977082668,-11.785686970481414,-11.340076144165488,-11.863166222358569,-12.182136386592052,-12.929119940008356,-13.675805484816632,-13.283862636380858,-12.847483188315886,-11.933659192021485,-11.144413230298404,-17.55944057423731,-18.17871482281821,-19.261921504378236
-5.883307809531762,-7.12578067951499,-7.520191710093036,-7.3417345385013215,-8.768960084862925,-9.750748202161276,-9.316590316095619,-9.502954703748825,-7.2872272769686,-7.9501751201869935,-7.818760072511101,0.1466722867027425,-1.0448652357872255,-3.6658913818024925,-2.7602370974555925,-4.919520747252605,-7.6343162975281125,-7.983675399933137,-6.203721380163789,-8.898449421725925,-10.817531044418265,-10.076902172511828,-11.311642365820374,-11.681437285839321,-11.803629326705172,-12.944476935678635,-12.481705274188105,-9.681971130635619,-7.342470169230602,-8.566180025605183,-7.7732622830428175,-9.288652603389126,-17.2838435938632,-18.41884710464712
-8.740663005595284,-7.930033338876556,-8.213518433273562,-8.521342553833204,-8.633213986775568,-7.879649844237084,-9.38356711184607,-9.991873002496968,-8.01958032663062,-9.288069305874464,-8.274915044349644,-1.3004533810228878,-1.6133084174934245,-2.7955205962598897,-1.9761397818048088,-2.2292381908397165,-5.395076289676755,-7.937099840592945,-9.156081303258388,-7.78762092329987,-5.120721346608834,-8.11225119270172,-11.43695897541621,-11.462177642518673,-11.218044884814438,-12.069562128605542,-11.700198609181063,-7.24456974839872,-6.4886935545766375,-6.722862973993556,-6.212463379482163,-7.098968706201793,-12.877922821940539,-13.815196799044095
-8.084889340284251,-7.668474579564923,-8.239554069002446,-9.285825322975969,-9.623961658728078,-9.454064569042629,-9.494347048118867,-6.421532329246709,-8.030950029563204,-8.454168164966363,-7.733315581963523,-3.0682418158012776,-1.5300397326765902,-3.2273661669416076,-1.9667218209471609,-2.1633729473744747,-4.712106585945039,-8.937467126646293,-5.6635983621291635,-4.943637560454748,-3.2173934015852765,-6.09062227634381,-9.200886228515412,-11.245803353054665,-7.623594174824424,-9.012200560049026,-8.666657334762759,-6.540791400622165,-7.527857650973928,-6.209269387857172,-5.799395244803126,-6.676201751049836,-9.203493283445068,-12.939365797921795
-8.795845317132155,-8.949930022275371,-9.570921554122874,-9.912203095241717,-9.302018662313625,-9.41403630832685,-5.406509754722242,-9.077780596183212,-7.8173103492916,-8.611018837534095,-6.976240384723251,-5.488192042942209,0.7544299989463634,-2.2229912636173386,-2.409572947395616,-2.4943330700724515,-3.0819011883479144,-3.307298411826727,-4.630229641336766,-2.852267599377068,-3.929864339260491,-3.5870788325510996,-3.28925392559142,-9.401060551535224,-5.37359493202918,-6.197201959137255,-8.193585108775503,-6.264758236387183,-5.861732007830068,-5.742634485120609,-5.580256239058228,-6.598367105651577,-7.039715311213328,-6.983505235845187
-9.103515693071515,-9.84957463364243,-9.989067843127494,-9.939823663864347,-9.4913695052596,-8.750440483770891,-8.070658807300006,-6.504931866735453,-7.157209382979296,-4.462979378803599,-0.15354021233450785,-0.06002665052310292,-0.9892082155271507,-3.3362738481740553,-1.8255684390491522,-2.790653954799898,-3.4361444013957474,-3.5911357609198706,-3.7383419173462498,-2.9209728379077067,-3.562553108903036,-4.7359362414562725,-4.243114948210598,-2.082185114784302,-4.610552472595406,-5.164458977050537,-6.543522935721534,-6.310543928434265,-6.123184425752166,-7.000122428806349,-7.0391472834981315,-7.258770982314511,-8.796999629933998,-8.03750020508397
-8.864897278610826,-9.56079699793636,-9.909671326496904,-10.354371912880543,-8.16275877494878,-6.504779243666345,-6.063288050718708,-6.432379106112034,-4.402303454445196,-3.4694259993635135,0.15381960278932943,-0.0025505875956164867,-0.30112332489662563,-1.3877989372596982,-2.0224682987181324,-2.4519840609863817,-2.4667133880687477,-2.934807655853326,-3.71011763210149,-2.978110593264731,-1.5129127328771297,-3.9508688225987556,-5.062371958351029,-3.558057238119822,-3.482594715591493,-2.513805614682956,-5.849035887090625,-7.184589974697189,-6.867577288968575,-7.00946923170162,-5.63331480805312,-6.445495585508164,-8.457293901619217,-9.215621529650225
