script/wind450m.json
{"header": {"parameterCategory": 2, "parameterNumber": 2, "lo1": 3.000054539987559, "la1": 64.9999836372058, "dx": 0.5, "dy": 0.25, "nx": 34, "ny": 52, "refTime": "2025-11-22T10:00:00.000Z"}, "data":
[rows 0 to 24 of 52, columns 0 to 33 of 34]
-1.354654599895768,-2.117709726850358,-2.8424064993777947,-1.999171489312345,-1.7619393535726149,-0.7351483456995702,0.1850868313777385,0.7154509953475724,1.60565646451881,2.046202131520362,2.0208876283551427,1.1683711032220654,2.758493484915662,3.186373969455721,4.439089309007702,6.1282730906290315,8.225989508616705,7.925704601138661,11.899502087039904,13.34135815049083,9.914817532547191,10.944951353232968,9.742165094072213,10.277716683862225,13.324917957702834,4.809029236576731,6.815001160680339,9.733517453360989,8.171263856646679,6.535552226802283,6.287746329772996,6.4788918767077455,8.204130290420942,6.918400810443115
0.7556872184747274,1.02043015165733,1.7074609611190674,1.630835242000662,0.8856271079887581,0.4537363210368242,0.9764885935157357,1.4478959844302977,2.450579514712792,3.4368521087523454,4.711195699891293,6.096591316632891,7.776122565075991,9.414752344611681,10.118410407158342,9.790155500417534,9.427411830474401,9.273724863488766,10.566022159315118,11.510865162041174,11.435283179040136,12.755446877085122,9.82988310729208,14.603112522273474,6.461542611150712,5.919975884191766,7.403005882121931,6.561151722522764,10.606832973684124,13.019738189709381,8.360750708339815,9.042464205255639,6.52042118282254,8.232786133644622
6.794507033821748,7.177150921103655,8.41238994392553,7.827822911550549,8.492413617896124,11.260980112877238,7.711660820270688,7.079254923823611,9.946877506209782,9.42806874746782,9.822727429866564,9.111581604910544,13.54089132605049,12.191228560821443,9.365031160339385,11.27723993384838,13.178472446367795,10.692715001036026,10.705432281975343,11.036200944863777,13.579363277061422,13.246629990077393,14.077226218627004,14.815365773705517,10.20331483875726,5.937094693443836,8.790522884368803,13.354441215786105,13.208894683923788,14.153993845966982,15.113889085209125,10.798375163553635,6.834136786695602,7.922589310044636
11.80518399087074,11.555722109697658,13.836238375229005,14.20107295668801,12.5390090689218,12.88905492923196,13.070942920041457,13.711338848352707,14.954744599744979,15.845212619809798,14.537069853449369,17.3757336744725,11.991131425146932,12.618882426444197,11.943693524246653,12.902771744687056,10.035302046523967,10.666862787100193,12.207228241674505,12.182994858385936,15.796443404685728,16.840350269870402,15.034474795912287,14.658503526502225,7.2497721579863,9.492629152926016,14.78921791706649,12.920623597395974,15.078614183321719,12.034483261319991,10.987369307645654,10.538462302139331,7.469060483250223,8.430179342110172
12.402388533726928,13.755558500226616,13.906946565549784,14.180906038786825,13.985909700312035,14.205988622548912,14.98618388161696,14.928238240622832,16.342194157992928,16.800552957964026,16.849351949573176,16.944259807828736,13.726829281614163,14.753481246690129,13.749378888159459,13.753106787591614,13.035958037669522,8.073990845515254,11.585353921213226,16.88964946603586,18.295038696113313,20.276746040319328,9.562785599215815,12.031091694463395,13.461700149324763,13.173784991471267,13.259069582678059,12.55898169614742,14.496971832912694,12.270008251845757,11.30549560963935,9.589605309062037,7.477326487605332,9.875202800281148
13.846834840990233,14.20509835685046,14.368879789121802,15.68705597535666,14.834431488459227,16.178638160266765,16.95063594477103,17.464416535420586,16.116449681448948,17.738416765516035,17.637468536497575,17.737480988339485,18.700454412985206,18.4807629748379,14.892945854622571,17.28574091160333,12.298537406103794,12.913501128841494,18.1458641105093,17.797769362113467,16.74395943451033,19.46195807916112,22.597919788999473,12.321282340675817,11.108790280806234,13.138060999085928,13.852880326594946,13.326429033491513,11.058119571398795,12.140530415533958,10.33843158517879,11.47484182438346,11.007913311443847,9.910429713309911
14.032394004441946,14.963899747153873,14.791632291547021,15.556834318407985,16.99131266161018,16.87242630329365,16.968786731310924,16.795487917447378,16.830393095023283,17.355242397881717,17.72082092160591,17.51213966447411,16.48741763397716,18.253561634903942,15.687455034892503,16.694390412015586,14.2783500731669,15.28921444189449,21.50315171573874,23.439894373797483,20.644987305072206,22.22241030689337,14.676287417763916,14.274869698332262,14.87091369854436,13.837351466510977,16.718882391776532,13.807865695496726,12.77238860147659,14.020857439438622,12.950201031495027,13.404207687457543,12.961243031231703,8.528074454846413
15.130160355435367,15.628868080146324,15.45323078563399,14.810077852997592,15.499568915518937,16.652193589934836,16.73215400593036,16.972745356799127,19.719752247573766,16.829734414579903,18.34237987801548,13.904885989264523,15.008240736368132,24.087378838758866,16.852682979744937,17.375754055645146,13.664950560712741,19.048218772165953,23.05423575643695,23.01785068974088,19.664206433621885,21.30949552531643,14.981127023518415,12.79408335086738,13.48650940156196,15.801149079646837,16.69522525525282,17.33525918760189,13.765467916527896,13.840852562836755,14.119084097201755,14.450295775484905,10.018364781318063,10.430159967966341
14.683812041229555,14.21135097558941,15.167090552105783,15.80915727561746,15.650617141075157,16.35065562380748,16.335969266942712,16.09207390354045,16.685323508152933,16.957200481089853,14.189302026017087,11.990664092780397,19.537100479176388,22.861401279056096,20.2912010342697,11.817684065282856,15.408509233184457,21.453790927137785,13.654474751205527,20.7026346367592,30.406192633801012,22.11501588653751,25.897111147638164,13.128816273851124,16.806483707078115,18.418535718532834,19.106590704530063,15.579911706608451,17.402571898349066,15.765702563450477,15.453906452817355,14.973244134564172,11.300929141456898,11.203809147188373
15.74304859763911,14.43698563493623,14.096919465279516,13.936203715532557,14.264103733344347,14.762820200755069,15.10726050887441,13.99796879558614,14.711925128127556,11.900446768588267,11.714013565904063,10.305788066016895,21.218872663696086,23.21650578247913,10.903411209563153,16.389857781717943,14.732631115828825,14.975971074038991,15.465526313418785,18.301230152098164,23.558159366236968,23.61275484989478,17.04791128404291,19.227439026855386,18.633731153750777,17.868784983430583,19.190512327091128,17.65684340464674,16.99874182221686,16.902155602679997,18.07329697687188,12.129969132071063,11.2579508983531,11.61312488820873
13.45582478423855,13.416561345806617,13.473206600099882,13.040235984195967,13.249587826379251,13.210154589988024,11.725193828876806,12.357815309403145,17.24655491232185,11.1334244346551,20.26150420813447,12.580546255155946,16.111036924841887,24.42207097483966,13.325449297676547,10.333165229526086,10.405453927922327,12.421426982299053,14.343336245080426,18.226350872486105,19.026366551576125,14.483123817712494,21.48482252099476,15.429527809510159,17.32179632228162,13.117957115109805,12.673439132993506,16.97091350203621,18.493234230142097,16.158653896051423,14.781823688125566,12.179666246897137,11.354142399171927,11.496129246244609
11.734210180278614,12.292091947857628,11.785553977821982,11.612620846033412,11.183772606098081,9.635672794035443,11.350298005445728,8.375163786868947,5.914263749290122,12.701555444226527,17.942781729937394,17.446701017789113,17.400762657663062,20.823773393296026,22.24468823694234,14.273982597203812,13.967176090327335,16.453676289471158,14.42810817681898,16.606249279820197,18.3517480193622,19.07262260933028,14.544880738208745,19.148543186629375,15.491483053047734,14.441216936227445,18.452559840845367,19.563424463516977,20.07393373246111,18.709967534378624,15.323103807087458,12.561664986283676,11.98123128361106,11.112567623158384
11.114178408598379,11.854997670621037,10.54270891987225,9.037187440906909,9.589008842947969,9.432847797000777,10.259932130474393,6.08754797819898,11.616435031238172,15.978908571098131,16.238872284527314,15.857545740056695,19.38080976435265,17.037587699914678,13.368198818193772,19.882232720420195,12.289300401527662,17.355393122538956,12.941536763472378,12.661650455365638,15.429574963188422,18.564757445141815,19.137283169527567,11.95685828599358,18.171942216677458,13.069934357278173,13.997426303202017,18.44797496533612,19.00300080579546,16.96964331775917,14.700674823507025,13.397734408231077,12.239805879656256,11.317364066937794
10.020029276742497,11.112334453858754,10.862454295115986,8.880428733021533,8.608976715573988,9.36901708417151,13.003587239650347,3.378905247376374,14.405724274921791,14.18430690351763,15.058283866514417,18.243095846364177,14.62130306049053,3.05396738373504,12.078886054511882,12.036742527162781,11.78720368715775,10.29513369023157,12.61661905903724,15.705027331463945,8.293559090840136,15.746997234936595,18.410147287580713,19.08232804539093,10.960884092332115,19.69655474260581,21.037790195404945,21.17141444242538,13.525363841706424,16.24113969359428,15.512243211747045,13.55452818024261,13.087568731930908,12.06628355083698
9.647920418060059,9.379608943102461,8.737691056241884,7.34895904099197,7.706570539514457,8.770184394923941,7.392737307836672,10.785613956877999,10.041576712519698,10.222131776608796,10.59785646242023,17.06894565865099,17.642401382607677,15.394301876079892,10.69741665310356,12.108793010109805,8.637560510915302,9.467763598099234,11.598318262560014,10.9387534193081,16.0832334646569,14.819674753998893,15.106147732723368,19.707549794296405,13.967468660386517,16.768032698434208,13.914042531102098,21.98478416920794,16.703356984206735,17.940485558594972,15.816505718487868,15.244548741495475,13.898354846253232,12.642034285503668
9.468570120041699,8.619230450605441,7.1501931866193456,6.484907409578856,6.158053096138379,6.89724898428821,9.736556575746235,7.089182376861346,9.606855333989824,11.054890123204247,15.258369640056307,19.964831701967675,11.126615972735854,18.27892740861253,10.071495864555244,11.701270858821136,15.389623102266865,7.835983585026617,11.602435604097549,12.063516155621869,17.61970858479275,12.835312356172802,9.062755768698198,18.816662372932246,13.910231933990014,15.62813263257964,22.671286102920256,13.02040332776515,14.380819958705004,16.88587358040371,19.19852492444704,17.137244937341883,14.9099608088924,13.779703794035388
8.296349863316948,7.721407608041653,6.407755192300188,5.530881754428504,5.03810060369798,7.032897960384657,11.17125398187172,10.621796166310423,5.419320652307932,13.245565152451894,15.141020407194446,19.743513263842306,11.18637670023188,9.040017215774832,6.433233659488657,2.39067642071626,8.848081546442057,8.16581273267765,10.268755039926639,9.493414559981842,14.518409881516224,18.676109347284267,12.123741898361697,10.729413304016676,12.60459768209141,13.346297126205455,20.095228404399922,16.69733153638231,15.854412440731615,17.951112847187066,19.548366186885566,20.373870765682472,17.424935243481144,14.683233615231742
7.384375236650701,6.949053578733369,5.373717843329429,4.418376987341313,4.913452527245236,5.967074271563218,7.095441777300527,8.544315392668603,13.415016919332436,15.842099777219003,13.05096583095654,14.909447506974779,11.502382325624222,14.745038477377497,12.240865293349517,11.424896506259344,6.336486718634988,8.774333083353813,11.475155849629099,13.621640266699348,14.472735320114584,10.655904694871857,13.029214353263933,16.81775416032779,9.763004807090747,12.646802394645675,13.738834571209456,15.131937072155305,16.55249704135167,18.62291493598395,19.356233314850847,18.51779429081193,18.412121021305545,16.369537241366167
5.591247386836648,5.438994551476615,4.791763999896166,4.643825749379669,4.428145501497664,5.0973453726918505,5.668739717900376,9.466309817110082,8.854168617442058,15.211339178772615,13.24073679523617,14.179338644988931,16.132354865605592,12.552876272189215,7.5532257610055975,6.812641102831655,9.94091228930829,9.848564333901322,8.754592253942588,11.977284638806513,11.076295117172409,14.58271068818784,14.162861805216382,14.434643824391381,12.77487936376943,13.533447576779864,14.928185257208277,14.16656196045972,17.429112386064844,18.205724903895952,18.41687240341752,17.367370075125812,16.882698347509898,15.10744353903905
4.540236285936355,4.6673266283062365,4.671548475414903,4.288005857128664,4.153721746402327,5.649409947868583,4.514027182794038,13.09552834243046,12.060502001458065,11.69671559005794,13.584865451074563,16.35329819715221,8.675300438797656,18.35645964426461,6.584881744266809,9.418988221862929,9.135144143010487,10.335383624571612,14.277047871339898,11.4529021903393,11.377223986632346,11.752992486087912,17.538041226644623,15.596239238062902,12.968943702363891,13.868034156899151,13.088994037699742,15.48193364037602,16.837016809268547,18.901583298817496,16.891434375809542,16.960468325300887,15.681045153229363,14.617657279971393
4.364946169635598,4.792429257308126,4.107377658828217,3.79752788867651,3.5549785007689074,5.034194881318748,5.1632002999891125,6.429268725376588,9.950125683679705,11.365141829885697,13.392717373658916,16.926552104794467,17.114346135682666,10.63730281938034,6.524271777463737,8.73992360637403,10.589471199906484,11.698008013552693,14.421275767152705,13.331427650825312,15.351742799452298,10.618788140426158,15.49173548844906,14.578535768751586,15.415201309796203,15.176332608846048,15.517693538838309,16.996924281338217,17.934670770074707,18.742465413591304,18.554671698833015,17.475977980049237,15.15890620268071,14.965515345289203
4.1070552061111885,4.557462231092532,4.045332110151075,3.633912965763089,3.1053128244608814,3.2263951397781283,3.5619723181299126,6.234540018555298,8.984942655832944,10.935326711259806,15.694599969123233,16.330269829856615,9.261889243489023,16.003258977746327,8.967395451402743,7.480817092033198,11.447215498070674,14.2242248184135,14.932424514028334,13.231308766274362,14.864074154751421,12.853423958185648,14.875983986939236,13.929992596387466,14.208613733016122,14.873161034393826,16.19654881281139,16.901434623494612,19.433743287741713,18.55910334952557,18.164349624171592,15.886449037623422,15.505964173036658,15.281500306630626
2.881544359303067,3.110492447726264,2.8795792887950955,2.8550891015858104,1.434858490452592,1.858096662748602,3.7459803229066764,5.476784707998191,11.762239194485893,10.765792446323276,4.63465918581515,9.60852919746184,13.607773505908764,12.524523854565059,12.358131760352906,11.724090585304987,14.08433355371768,14.665761680504776,15.523435451472574,17.952463379775732,14.118795338226388,14.810376099330117,13.65279131389498,13.84304167116516,15.06896708323124,14.665204229622399,15.59964580663686,19.344879643543095,18.967910059828608,17.81806884247473,17.359724569020756,16.364385592601707,15.405741887608649,15.088974570707366
3.63355198809585,5.617612337139977,5.631603456468213,5.38042339788655,8.690387614764157,9.406137345411963,9.780398257834529,10.507058458410205,10.46883017641954,5.895446776034339,7.838229076442127,7.122069984116177,13.202997189419374,9.125800221639503,13.014930233965082,16.23764656179085,13.139352874470244,13.98629666279053,15.463036031141081,18.06386759173051,15.949159935052148,13.33076148221504,13.278320318822788,15.86057383536475,13.797401090803838,14.204050206888935,16.374887544253564,18.306014711992372,18.90399237829445,18.977173303237926,16.253248905211347,15.639984132733268,15.033877820874727,12.774997256836
5.114702905131694,6.570962173701817,6.779864928976863,7.924285064530894,8.331046119958582,8.989897585180085,7.793876791254082,9.712438138261504,13.422541555942361,9.622328847106754,12.855231537028681,7.67636094479552,12.826151125916116,15.517084124271797,14.509529022807952,13.628039326078596,12.901155832206658,13.568245171517775,15.795944722283574,14.463914869578911,13.018355481322194,16.87789879682307,16.70178034756644,16.226490175910204,14.653564516888153,13.835714349162155,18.085359663554417,18.686597665944685,18.328843469784964,17.433243220253193,16.04330447610281,14.90059645811519,12.357188787938838,11.61375107567096
