script/wind10m.json
{"header": {"parameterCategory": 2, "parameterNumber": 3, "lo1": 3.000054539987559, "la1": 64.9999836372058, "dx": 0.5, "dy": 0.25, "nx": 34, "ny": 52, "refTime": "2026-05-10T08:00:00.000Z"}, "data":
[rows 24 to 47 of 52, columns 0 to 33 of 34]
-2.6613983770898755,-2.9625658815907148,-3.398125087170232,-3.3339152742456206,-3.5544112492606477,-3.7566182108036164,-0.1416391242597537,-3.821008315976513,-5.152950497073659,-2.4803746981145336,-2.482706480731595,-1.8406570979029884,-1.0472983090574333,-1.9156011491583247,-3.316977621365131,-6.172090152111942,-2.833822389209352,0.8984561379034439,1.781398460470313,1.8557734724441841,4.9679964191837405,5.096093735220108,1.6361313450453623,1.1904729809165577,2.0162091504856843,1.8041955615157195,1.8635179554996484,1.9751930916301956,2.5775542407436727,3.09766997497427,2.9553982801533603,4.909564143806975,5.535923986950698,4.5393551504468705
-2.922918237257812,-3.0879345792876296,-3.0742690053531803,-3.464927344819536,-3.8854011732573337,-4.263504626382453,-2.1684579257274175,-2.4899837054485805,-3.071082389318878,-2.3257731869820564,-1.8484200193788938,-0.8657276408545297,-1.1782526453427071,-5.1114970091347285,-3.6230703386957885,-5.547073104850766,-4.531390936882471,1.640271166549034,2.2533288954805446,2.263622148410624,4.7820061100367965,3.07760387404943,1.5491593498913958,1.6153216634097614,1.8908093930722736,1.6016038686569318,1.6806292902406612,1.7501644000069279,2.923500003616558,4.196389086439378,5.174917147619926,5.134246643645801,4.695895173832356,4.127224259288885
-3.8259613613323458,-3.620970004488657,-3.83410882675676,-3.5523589198320304,-4.369666614602464,-5.786163302403107,-2.28660133805315,-1.7618262891532712,-1.679315091951609,-1.3305102351167652,-1.2496983831643285,-1.0436978362264655,-1.8313409195018318,-5.844422955798049,-3.153069125052988,-5.065252439493961,0.8017984116419103,2.0289282193681237,2.051861606824812,4.9056145866654575,2.764480367670687,1.9670960193302867,2.4960441440054635,6.116291403632189,2.8998816518068953,1.459065535090536,1.401647160070154,1.8279158567565092,5.266530189595397,6.668006980763175,5.26031758118263,5.135669598755869,4.898799312800204,3.6021831734284993
-4.549918163429536,-4.250931584489154,-4.118940695776204,-4.112817807862982,-4.8764690277651015,-6.213119451761715,-6.377882345045106,-1.2140984185343466,-1.8015183201677507,-1.359891456689369,-1.236162726496933,0.8961510989187758,-3.523393302732491,-4.455145812976732,-1.151626024001619,-4.061010615786222,1.3050707718790828,1.8053522147966616,2.124833655657652,1.9137802490611673,3.2419081611956453,2.3876766130205738,2.388535893994706,5.606946954681755,2.3579211832337466,1.9330642767990087,1.676653460180628,1.9488573115062107,5.547377129175855,6.631113233470119,5.396201565519207,4.138608606126034,3.395189867251903,4.453791320903784
-4.696333265951673,-4.5727883154026046,-4.2655120643569635,-4.331982824158375,-5.148763083807731,-6.470612457870664,-7.249382844460854,-6.356334067440576,-1.73742998859459,-0.778603779418024,0.04486424449019034,-0.7702754737861727,-3.488702089818516,-4.074068929008507,-0.6914826342800625,-2.1694999155991628,0.14283208529592953,1.2955904622857632,2.119493461819882,1.9959237584469596,2.012963063576313,2.932151511599969,2.4660371108909755,2.681072510394598,1.8618321815731986,1.924135681567958,1.7844734928786787,2.0128909024954735,6.649604020987352,6.527327682390776,5.337958469228188,1.6800006705567454,4.911191969530363,3.7814484027331963
-4.767738063032921,-4.878245522107564,-4.63344528057659,-4.594698316454835,-5.438309431114213,-6.27642499471545,-7.041628982409058,-7.043881985357989,-5.186360283183468,-3.8594426221724643,-3.1938902788346755,-3.262619581395927,-2.8940942563159373,-2.816773353004749,-0.8199649864033528,-0.30990848855379677,-1.5228946773759726,0.9565370464404205,3.348730343222727,2.442418797281208,1.7021686689946127,2.389819383261399,2.6452412811045063,2.2390782663876143,1.7766564769626394,1.5433897585304166,1.9375546327672133,2.295366835499166,6.606576863996992,6.356147102558718,6.0063586078882505,2.63536565649713,3.6801901181453998,3.8712537468659156
-4.885544748999995,-5.056068615272942,-5.287339428266295,-5.1881035283626655,-5.614206482737908,-6.225491430070097,-6.764680225646829,-7.791034170558417,-5.913790163141779,-5.392766851634916,-5.4351028839416475,-4.731841147308363,-2.9135553043895097,-2.86004242559807,-0.7852453176451484,-0.6526937291440326,-1.5039343823877422,-0.5095812112550163,1.412388824260367,2.378726658608936,2.097784122836683,2.3946576136940267,2.4674375621168223,2.2032321103726757,1.6491484322891103,1.817541537286699,2.0567841328224525,2.1214608893763636,4.946159318933987,5.570796434751436,5.3886621315176475,2.1860258209854573,4.804819835379734,3.4017053695416184
-5.361663295762001,-5.49581334611208,-5.752714486674071,-5.649252028173326,-5.98321488078354,-6.211069363693623,-7.01019506888601,-7.022543955737251,-6.703489861293406,-6.409313062096451,-6.16822203728987,-5.59025806230943,-3.75190881056826,-3.111065131679403,-1.588794639739814,-0.9042635411196225,-0.6096413886459577,-0.9952389922248851,2.6076909191634354,2.320806126061749,1.1947532408944108,1.7214958582888373,1.8499023370734657,2.113101263044597,2.103515794046592,2.095418621165407,2.041865211079967,2.554216405334889,2.0339425404727005,4.72952446909428,4.181508529671379,2.9286435048030626,3.465857849251298,3.139083550862101
-5.326369201164636,-5.666207478809488,-5.729038652799084,-6.146252791975134,-5.881729805545347,-6.177879091540385,-6.54891245903275,-6.960068932900858,-7.050973103261016,-6.264320130599341,-6.942977164768778,-2.5776686294487994,-3.7747676914886963,-2.3418380210312213,-1.6702805665085274,-1.856861911748035,-1.9933721210596704,-1.9123611662678177,1.624551066877612,2.717911161894408,2.01523490849193,1.68655254873329,2.2533715850309686,2.275530404419738,1.999171261487997,2.2438740135600166,2.663033135307798,3.30985701165948,4.038912116229319,4.350410655031521,3.5220536784191805,3.449059966068509,2.96558795396559,2.637351679939939
-5.555448376468659,-5.642692085567903,-6.20211241423679,-6.589745357355885,-6.196738055571394,-6.512073791181808,-7.017771071023513,-7.21794716914268,-6.948275067397046,-7.0644918817581965,-7.10405723701026,-4.852288686221196,-3.1980442930824826,-2.765346242488016,-2.1235027184724427,-2.5355784479018837,-2.536360974754495,-2.9005848661134976,1.2731839225509403,5.390863563059737,1.8244429762971226,2.0274873700367224,1.8012343965491717,1.5085188015462652,2.2123569366472196,1.9375060212635224,1.7923415430669978,2.293393478890806,3.744808905613902,3.79569567179841,3.201503748023395,3.1692933997462847,2.9032069618861573,2.325128360041868
-5.912226142735626,-6.334576137860287,-6.76267072212986,-6.400253780384068,-6.7743330321887605,-7.706186717696591,-7.563388338590068,-7.572888864114956,-7.43466153440298,-7.633425483186117,-7.581065255778564,-4.221797553668808,-2.3510903405341432,-2.7894852258856684,-2.128029703115592,-1.5034253992975508,-2.4263474344906832,-1.8173842782162257,4.2890201099331255,5.593915091664384,0.959801001610925,0.9298771390961045,1.3671260260900273,1.5475705246097486,1.7684107398944873,1.585797338737114,1.6409145181241782,3.262690844183764,3.5208206061565335,3.021401057621627,3.0573160718284638,2.958493617009096,3.0465539073628967,2.853464571313659
-6.5600545957213106,-6.615463499914233,-6.927440180510565,-7.016729633130862,-7.848018435231031,-7.933106903141953,-7.859087012809612,-7.954147759430917,-7.700539497853283,-7.760725863433347,-7.72298233447267,-3.3073767777447522,-3.763839520363532,-2.6674152481456637,-2.2413674462784132,-1.3587923223811842,0.7146007664050747,-2.197278705403696,3.9036401693538436,3.1954298420464498,0.4631974200963931,0.9933415337880226,1.251645925384533,1.1924871106761903,1.158625469342158,1.2629000908579375,2.117068010951147,3.097008625746684,4.100495887572654,3.7584944604528734,3.390261314426852,2.5964065705670754,3.1886418276539117,2.7986737225290255
-7.0672433533326116,-7.330474907886207,-7.245632894077191,-7.755605799008435,-7.8796475664890515,-7.880874679819303,-7.810243308513052,-8.098662147997896,-7.923303393943649,-7.694892436416001,-8.481472975510108,-4.212568541950046,-2.8471991731766124,-2.185670244050592,-2.294642975086997,-1.6913065721070317,-2.4668467270139214,0.6618637121228608,1.4831132286199658,0.9151631946833707,2.2520824434160813,1.0369817092979052,0.877188781722897,2.377357777854289,1.058554920338449,2.248870721755276,2.6079344648391096,3.7797077528632173,4.000548253218158,3.892314450743453,3.4048056713264687,2.642686484823394,2.8879670648796947,2.5065934978369584
-7.59546613467883,-7.731996174219688,-7.773921681296521,-7.856392307127894,-7.771191892532119,-8.001510953703319,-7.83929508666538,-7.811558829414728,-8.303435727234515,-8.1053935994491,-8.556376019178945,-3.7025902308942524,-2.8150480661809802,-1.9945715966634503,-1.3686509165907526,-3.212221705376943,-4.20688796827821,0.39183811240062416,1.5846757539715781,1.832947251066404,1.2384127900853377,1.996880240954457,0.2944392853242516,1.138328752082435,3.5056620070383606,2.9779311944455005,4.383343912502948,4.264455440522869,3.966861939887266,4.246434257668044,3.554026430561931,2.4649158389929116,2.635476494096594,2.393001737335001
-8.120021780671182,-7.8854638766678775,-8.010817060243152,-8.078550567726829,-8.65607826488299,-8.987357845245041,-8.026174641376073,-8.316983805686561,-7.710416576777215,-8.749606127516987,-8.836954476850345,-4.078778617465873,-3.0371415062830316,-1.8827670475090332,-1.704776743750947,-1.5081336581894096,-0.4386692452141171,0.8784700285932983,0.39647779685056256,2.6619881904046405,1.4660960864479904,1.3284568873190525,1.585215867782171,1.3624562893426486,3.179381373893924,3.0463911830417922,3.8591429432939224,4.595629247425565,4.453740065820237,4.244148884692424,4.075325361796006,2.9966541194188263,2.3578572230099324,2.637147417485647
-7.848619617744874,-8.113742168573891,-8.322241639315292,-8.841578063253182,-8.79791348363206,-8.272791737699283,-7.712851978432456,-7.66747359566271,-8.388619346304447,-8.737881745807176,-9.152343364691369,-5.034380594795231,-2.833949810624443,-2.433699212403294,-1.4673194995624355,-2.05637914415412,0.6818987227256357,2.1874940647248735,1.1478363350799055,1.03272685669298,0.9751919727530766,1.826046265296479,1.238557180691362,-0.03646657959247412,2.0692473829142286,4.731831820313525,3.556514989033874,3.811365150981073,3.823228527024979,3.9980364731091345,3.7839745118529726,3.2983791147108144,1.7435412228353573,2.5220116904988794
-8.535186665566465,-8.205240846383616,-8.735117091407355,-9.274675127484752,-8.200614137749502,-8.402223804999887,-8.493755421349173,-8.965890285179398,-9.009190853169686,-9.424050886798227,-9.845427265165393,-7.280543170222958,-2.495271014366592,-1.9590191885650365,-3.2402486538639845,-0.2573289737627398,3.3140953576933563,1.3528759565994743,1.383668111293747,1.4914454249092346,-0.20628556977734555,1.9868193677148287,2.2652066595162053,2.8542337104414335,2.0965403587610756,4.188452116761395,2.898783703639663,2.5804355127147818,3.125197352632998,2.1217604551292704,2.326652583859916,2.7298148570816814,1.0049557581211017,2.2386644488657255
-8.284129512617756,-9.103088270199647,-9.156941935022775,-8.882938725099342,-9.324494402886257,-8.837957970856193,-9.972756681345237,-9.747640481445341,-9.275691642551338,-9.942752447394607,-8.85478947643526,-6.212469438222245,-2.320211561617748,-2.1304702014393935,-1.2655686500801444,0.4265408977188455,1.026521952588091,1.6633170417579084,1.6752906780496186,1.5444465319746403,2.1845421665735185,1.6567101446223707,1.509324812344889,3.1234418314541545,2.617688564425877,2.7172315753160508,2.3986106484472365,1.9816046208055094,0.12965630369812914,1.6846347330529332,1.152853675617326,2.6317469715691844,1.600583073911624,1.7560703189339657
-8.605983078162328,-9.296308445239926,-9.296557582153728,-8.809963489803051,-9.377388554128219,-9.789301490504439,-9.793219698287642,-9.855942425027203,-9.076942267378792,-8.618619426232087,-8.483179370187269,-6.186733643430602,-3.2148020713675343,-0.13729077114211222,-1.3561807179507697,-1.4077019919139595,-0.3293663070957826,2.6565685567266866,2.314833492541685,1.1510278947689898,-1.4494057471330715,1.645999328612762,4.535909006258968,3.724830077407787,3.3791642935832806,2.7556604631645993,2.6999307987991,2.0124214477738285,1.7197623065373584,1.5205211640133922,0.9594568527378975,0.5925695021819203,1.7318424773856196,-0.5273581266954063
-8.95074615231379,-9.503172067378607,-8.793700822239188,-9.626258235403483,-9.7968061506623,-9.97171005816795,-9.918848297809745,-8.483317486785232,-7.887618071835694,-8.738660785395007,-8.447921533205177,-6.904317488862271,-1.531075176125939,-0.47286469555038474,-1.2815196811357095,0.08996020925436962,0.47889869957863973,-0.8793387872841399,0.8279350590110165,0.8615392143557143,1.3353667996705116,1.3800166238245242,3.2200014195360236,4.0497532653630675,2.8126782232517025,1.897688521724392,2.954347619621357,2.0596574817794457,1.449672674104999,1.3198766507468103,1.1135710824159668,0.7462130667856217,0.901147342025776,0.10492528204755175
-9.216987992958265,-8.944094358652132,-9.549626328612113,-10.277721429861401,-9.455364184288753,-9.921503375252604,-9.017239507753795,-8.17595311686568,-8.541997868663476,-8.182208484187703,-7.532132999352081,-5.699008194427115,-1.4873166769245925,-1.3373435162508673,-0.6131357809564395,-0.3154008987031887,-0.26074832923168056,-0.7992991202259606,0.03558274801978392,1.8101721924815286,1.2215950191069147,1.6013805604118252,3.0930800400160248,3.0768390977109843,2.3951976337134644,2.868325222726279,2.0584744496622918,1.9997951875592146,2.145265276222382,1.4233685474560447,0.5884090553795227,0.6171756214671258,0.3447158461843994,-0.1896241937237189
-9.665241807938186,-10.139673131874577,-10.289018662642412,-9.309448389736403,-9.557511773247203,-9.51192234373687,-7.787092001597269,-7.291494184683383,-8.572477045447418,-6.928375085081357,-6.237333943602226,-2.4601097031820522,-1.2717169482638961,-1.5746436085942501,-1.3163349644455022,-0.4830375059616448,-0.4989210080124605,-0.8245374260315129,0.7535825906742804,0.8162798008612752,2.2441648172456787,2.026111910402077,2.8463543745957627,3.5554575126834096,2.933468512585315,2.1137222856810314,2.3417243405127905,1.7958409683245846,1.367311080335835,1.5294739804994673,0.8284932946503355,0.5139894876617686,0.3022746314008478,0.05039611475659437
-9.828592529400154,-9.85902471819641,-9.907665290025752,-9.325441102700083,-9.166656147340605,-8.144496240414687,-8.055548687861007,-8.361408932277214,-7.528040779407305,-2.3244216224914034,-3.0962226242370163,-3.155219745003889,-0.09573234393500013,-0.4710776109388317,0.6344628344583809,-0.6234138598699357,-0.3566304124830362,-0.18554571831325323,0.8137385166244034,0.7952827969080313,1.7354387682304209,2.2362652836628443,2.0530219743624993,1.8957094614377992,3.0081087256746906,2.2558592347798125,1.5630703354830058,1.5339920012450714,1.7303674405596228,1.5179971223339492,1.0663377778811902,0.2497996185133911,0.2862802090963632,-0.1306180592341637
-9.521131989248065,-8.716222422515655,-9.278725489201475,-8.751128263799396,-7.799649624864004,-8.622534970137364,-4.860523871559236,-4.776164782631341,-4.659603239223115,-4.634391569278125,-3.395393238964667,-1.6199165793720685,-1.7259653112064164,-0.8587220736375313,0.2405441427195316,0.19105159123606216,-0.1523183458031474,0.19804921018758012,0.2681534108403585,0.6893347690028037,1.0667093647475812,1.6195314344827563,2.1752572802100136,2.2677198401684593,3.6557000497680106,2.582892801284284,1.8112257922736286,1.8292488336776913,1.989589410795923,1.3143086705133658,0.4168285835738013,0.5536557375913169,0.05484471744549611,-0.031482655184333366
