script/wind50m.json
{"header": {"parameterCategory": 2, "parameterNumber": 3, "lo1": 6.000198445256149, "la1": 58.999992894266676, "dx": 0.5, "dy": 0.25, "nx": 22, "ny": 24, "refTime": "2024-02-13T08:00:00.000Z"}, "data":
[rows 0 to 23 of 24, columns 0 to 21 of 22]
0.39770979845790344,1.6912258474674526,3.986518841685916,5.137272686081188,5.858616490026875,4.593090817058929,4.157480875961745,-2.106266175129688,4.1948933767877,4.646337870024151,0.17561438983224983,4.97406931756475,-0.05264117366507034,6.0195364717423905,-0.976257399275281,4.094455334532342,5.748514272858424,6.04507740281103,4.264724617133847,2.412766235806283,-0.6415060889262846,-3.610107838192405
0.6909695321236324,1.483815415081452,1.7272404210967394,5.901635710695284,5.597056297170147,9.085180356508774,5.61441935375573,5.798678495696322,4.264384785417054,0.4327187128223132,5.790000218701274,3.3949430507920053,-0.10416894611495553,4.615663966781585,-1.1833101654573572,5.370503408895904,7.399572169743034,3.994990629182985,-0.5782100692230097,-0.38315981632438545,-1.9329300483645184,-0.002840773543681195
-1.4070244667366303,0.1701018535878818,1.8660231065625907,5.8619204486413,6.7009874076653775,0.4116095699075376,9.314098443813393,-1.7071329034347111,6.225057876978134,6.706710584924999,4.732128781427862,-1.3920963868857081,6.696679260810474,3.5142498501996275,-1.6260566545034405,0.6343385109163029,9.812940744402933,0.12199083331636042,1.5856694115595935,1.5498760586724436,0.5950592874276197,-5.987531796178048
-1.56972174754022,-2.9909075474976423,2.286688497988958,5.8481600290215985,1.3977231764705547,-0.1310581646618722,6.430715212624717,-0.010182981877366487,3.9384216989139116,-3.060583317441649,-1.300101906260759,6.194837587045363,6.219378641712872,1.567349460550849,6.238101722694056,0.713627212019814,8.662084901578712,0.13368000525927096,1.0918155979937958,2.224448355621259,4.470846249972367,-0.8847819772972915
0.23251999972696188,-2.9176044201660947,2.4873873935092234,-0.949010155479257,3.5674734955499123,5.516466523317431,6.614318124990419,9.075731545720776,8.097317891219227,8.305452699022783,7.623665506811506,6.94345673709338,3.454964914080853,-1.029599536320977,6.381761664046695,2.051473079308217,4.5441635658056665,1.7050531270944516,10.230398967572773,-2.800078513569948,0.4140644502486717,-0.06772008541285869
-1.119387648342149,4.490274905484348,2.544000810363105,0.43770958610582744,3.052505435713217,6.063403305376171,9.466082310438981,-2.213173870874504,1.853480506556064,0.8110974195315579,-1.2719156436288175,-0.9007126383565405,-1.5430367128785392,4.919102750090922,6.038120354401935,3.3317927425485543,-1.782899644420157,7.231278714501869,-4.168964317010047,1.0959657472642652,-3.544915965322539,-2.8004013178917706
1.1310928562721978,-0.27885525717264936,2.5965742328933725,3.066485216363725,5.907659391210637,0.19896094064329076,1.6656637878933496,5.754721887338271,8.155772865003515,4.996205065923203,-0.5963354597386513,3.4217890984837345,3.512916214631514,6.3559156642580374,5.562591378143549,3.401815985621885,-0.7470312890807589,10.36806011680056,0.7585449020448292,6.133573104195032,-2.398244902396833,-3.801109621895255
-0.9928871829122702,-2.851750377982945,2.9996001126808114,3.0369513678540314,5.395701303748341,0.3399322369140795,6.492475021009637,9.039945809167987,1.3285863839646868,3.7767696577533907,4.785178423210485,4.751942015309122,6.550612229863132,5.212391668922708,6.2040755244919685,0.6311578285508078,0.2998890462837507,3.7619591285899587,2.6894828477602264,-1.9088440866903196,1.1727129666374958,1.610138317384846
-0.4598356321067637,-3.473748114764917,3.8631345530236536,2.802155475795944,0.13761406229152093,6.6427930454517385,9.430671155601939,1.082938792807892,8.161563403187392,-3.8972841564546363,-0.5442855314704106,3.357858042461014,4.419979632687654,3.922493173012751,4.118742124529097,0.7502059773306594,-0.07333286522252185,3.957062051648311,6.88041715891205,0.7770253141812637,-1.3679590273044844,-4.054475615528904
-1.3414319861436088,3.5631802429650357,4.108595643818746,4.8162339603798365,-0.23629061483979827,8.809300478130433,3.122637212428547,8.191709554853732,-4.210476398915401,4.769224775846614,7.039233239116613,-0.9976338944427633,-0.5042485986954457,4.6801582553642325,1.7619343787022932,1.6311800027290244,0.635889795482374,-0.40808295110958415,2.300156833282383,1.8417634714497935,-1.1424966648722512,2.221042697723739
0.5483408637053893,4.158384107247448,4.294972700307517,5.313385530903965,2.7952720650269285,-0.7699726438622999,5.463910057544307,-0.6102616248285443,8.159257580152577,-3.049572642968935,4.243855262268235,3.656868526720585,-0.8220387640667426,1.6810770867052707,1.0790185259822893,4.055223405849575,1.4475305882640483,1.666039679936985,-0.09743580152029341,4.276678002528762,1.314633768553307,-0.19631393527650248
-1.2517672018835067,3.8098570034954617,4.051366693432612,5.995380629943265,4.689166496604791,2.976828447204514,9.139715844302415,7.475878858427688,-3.846595490927536,5.074240199750852,-1.011173661841164,3.4398580801929852,4.436118185418293,-1.1530423382446535,1.1004347473273148,3.8002043746939904,5.943010123197766,1.7245660823168163,0.607863344654031,0.9494149913600696,-2.9255824547502103,-2.6417810781346005
-0.29288982894949955,3.597842732329175,4.606370110903059,5.581352634426235,6.579538290354689,4.6982110661402,4.253524599581111,4.104359396479445,5.481964875330554,-3.3765364162294365,7.274154645056115,-0.9739771345303917,5.446957116701835,4.7930072304685565,0.20289119090029023,5.407129910760296,7.269537613227034,10.30082909457809,4.352210530202852,4.493168212696602,1.1909093513412476,-0.1022814681604994
0.6508845446253917,3.360021459707711,5.428480282065754,6.031696950285788,6.712119732195063,8.503668075241688,5.7683700348284965,3.9826356630168123,-2.6911602711115608,8.200557237921656,4.127466407310762,3.067863634126061,0.02152013322978107,7.152621313510292,-0.33712813222311083,2.493439460086769,5.647017194063922,7.613557350495195,5.57534299951725,2.125229681565218,-1.406434298006989,-1.7336849917216999
0.6831014944974967,2.7794747452130055,5.87959833221747,-0.6821881120355652,1.3187930356104265,0.1627383813114227,7.542081709385926,9.099456090306159,5.414037073237531,0.768948288613174,-0.5851070971374026,4.813321853653152,-1.376297436115984,6.1124434270901675,-0.4516017368282023,3.3126703776665614,6.891467571694703,-3.1811547700065392,-0.6121504649398197,0.27596113886928086,-0.14605448683284494,-0.024820558596153307
-0.8480560939631092,3.179035230995047,5.402829145370019,2.8227828516743796,3.5847677018095325,3.2890040562571494,2.8768871142066996,1.1212444454266997,-0.9939041320716432,4.229388995149895,6.45693679681953,3.3103939118884544,2.880078986673813,5.358725621864967,-0.5996869441403275,5.035981561300925,7.764272590910858,0.5862336049047104,1.4778920260568076,1.1620333428471292,1.2108183186949961,-4.388006463255361
0.3390526946346642,3.856863658937761,5.780173810439575,3.025181054394408,5.4032458148872,5.426120504982663,8.980016834819637,8.48061504926772,5.4720227707682145,3.3488048455350428,0.14795460086715595,-1.0054892433744222,5.369484073236765,4.39910456429663,-1.6682413708677069,5.4249146419217595,-3.1580408950040253,1.831053967198383,3.1397578916989204,4.354869735961229,-2.2403862797913647,-0.052615910719671644
0.7984868424305834,4.587675403610116,5.8848770556260535,4.787991041975397,5.635913294286924,-1.0122258831155833,9.406099141117213,0.15863350575441315,0.3659737443923421,-3.4707955762572498,2.8136626477800473,3.146754043804138,5.665455020085904,4.481335829974337,-1.5497208288034638,6.559519821082631,2.831871015322362,2.475601661853111,3.260993723289377,-0.31470468970043486,1.4247657404344352,-6.440767578425362
-0.560817386503054,3.8198736979385712,-1.2035377756457895,5.262734955143911,0.0076022179444466655,2.6919789088348502,6.486088694052236,5.900155214974828,7.118816710912866,8.113190040659715,6.265116530153766,3.8580748765234434,2.3005180936323146,-1.349613428205156,4.757555848300539,7.402835062892754,-0.5038849050149153,8.883427829401176,-0.5265340925578895,1.4485557053097586,-3.9546173129718327,-2.3920869193269585
-1.6092586143614582,3.6207685600867654,-0.3419433610240532,6.046328321279808,-2.610086645689961,4.828678202933881,5.661147071289568,9.037777353151387,-0.07263513832573432,0.3883923301587139,1.0720743927701015,-1.0426968188126522,-0.04599528572841437,-0.748039501938055,5.7943747198052895,6.6248808035664135,0.5726267749878391,6.54009626090996,1.3237536515284862,2.856875015406859,-0.7974968345551178,-0.4775799241585395
0.7725814963046297,3.587521707448021,-1.5730059564129701,5.8968773871145945,3.124794032008489,5.550522962560151,8.975155049680419,0.49875812960299043,8.357879767814566,4.01699116663205,3.4432790243166354,3.892246488524339,3.4233418378300065,4.093597907602708,6.3199129707765955,6.599534106606163,1.5469570052116624,-0.9992560944271673,7.283120657077189,1.6138931638897283,0.12616453852632037,-0.700855477653838
-1.2231190656640547,3.734911087002336,1.692713205341515,6.282968907511885,5.74271872367649,0.8988395720817252,2.735522446956004,8.855171527104245,-3.8026655970414143,0.7561878241020902,5.370820918595037,5.5803477531171275,5.210488446347083,5.902502640830032,6.280206496530118,8.211810121116937,6.103875316322919,-0.5503801621271337,2.405050556311465,1.3098709010018734,4.764931478911034,-1.691370730813792
0.6343128405960392,3.3064632410595465,2.9370021493414598,2.992376373366309,7.493916997385546,5.017272556976162,8.972485905759921,-0.2026904498020348,5.25726303510585,4.057223565747264,1.150633371797598,4.402576504868969,5.486440236143819,6.314964836405102,6.116806977859557,7.4403630205700715,5.603886220024098,0.734308853853118,-0.6284456584842111,4.636777105282502,-0.14387646408084284,-0.16818593798062453
-1.3630532876951404,3.4011548047984728,4.354065292658944,3.4411956985070766,1.3201084044571416,5.814953950879891,-1.342771431886913,5.663039129815441,-2.626753190434255,3.2559852671327323,-0.7642928273157438,-0.7843438165792994,2.734438031969455,4.221186761974602,5.96030276309149,7.2264794275719435,6.469265886326212,4.933335309297547,1.4340404313688748,-0.5005240451300653,-5.269872607282184,-2.1418385321063855
