script/wind250m.json
{"header": {"parameterCategory": 2, "parameterNumber": 3, "lo1": 6.000198445256149, "la1": 58.999992894266676, "dx": 0.5, "dy": 0.25, "nx": 22, "ny": 24, "refTime": "2024-01-21T15:00:00.000Z"}, "data":
[rows 0 to 23 of 24, columns 0 to 21 of 22]
11.276747652312423,15.007604745640784,13.722364659512593,23.216431556469338,14.101626901148576,13.1973165449266,13.300033714834871,10.752056790610105,18.594582067174837,11.82460387339509,10.060083113777255,11.53974125956419,17.349734117677496,15.38120502268997,5.82322471701844,15.909827757321848,9.64764858362139,14.744135281897776,9.46005112245021,13.366795858490606,16.959822636834634,16.501926825496557
6.768125182179803,16.11681747909502,12.925161213370261,16.908506847952196,12.043609303981034,20.840453514189104,12.463464971611874,18.64276863429458,16.431489834016524,10.489105577761201,12.200255585238665,12.187196846469469,12.78681187105839,12.98005780099957,13.26700363584832,11.83597412878703,18.16027699255594,10.947896806544126,12.870292494805602,11.984714379920792,13.170814164764753,11.697607247332956
16.734872311384784,18.773923197481967,10.572917993981877,12.879602781258267,10.78306367402425,15.883479814066527,10.996647049920819,6.941451390305921,15.653134891850637,13.530137197651856,16.0681266735028,17.449729764157297,13.140928911244156,14.787844963030015,11.99291139923334,12.56579516287879,12.753303423451378,15.411567998472746,17.22708684613728,11.306446468175597,16.2097307876456,12.858189673334866
11.66639680929028,23.001336387253026,14.646462484963116,12.662018595544557,16.029134031682663,11.241856975056091,14.052157322378378,9.458440661137207,11.105278411468907,13.33251800677766,12.751620708164168,9.17133254769516,12.415411730884331,13.142073526553387,22.618913902551114,17.172922833843298,11.190971066622438,17.162431515422284,15.95830916537002,12.604910726282684,14.625158889592203,10.08318799347449
16.344852225041734,13.16808704006983,12.499765562409076,12.766938965917658,13.598026669291906,9.874084694978965,13.98291180800981,11.816600703763193,9.678262831486757,9.998987603782309,13.695137805013536,10.568229153392592,22.689551839238458,11.052418071093411,11.835093775393661,11.40333452458221,16.304908411811937,19.356003468220983,16.24073128556379,9.109775504077545,11.832075012521793,16.76965316212368
10.117482952811999,11.573327714861357,12.121565474714414,13.003901286982941,12.340996859563601,10.232913817966194,19.445202244096706,22.429268726276117,11.396092018468739,15.365729694742374,13.153969443869258,14.150499001557446,13.277853120125432,16.65860393389673,14.5385410313946,14.735274512075254,14.190469241107284,11.255667833878107,13.119523307906977,11.693217719736623,12.33008204967558,12.060832161519816
11.821020414308792,11.578798481927175,18.356631388089543,10.682144620780637,11.743399839189973,12.332067419025122,11.941994578219226,17.685208872204214,13.31380878418924,16.242659211818168,10.415829287065778,14.39471558566848,10.817346637766578,10.56186489232393,14.185806280530947,18.601667718571115,13.479459813213625,17.459864300321435,9.53660798924456,11.383179983469619,13.946085991246328,13.677439588471076
10.341291039899025,12.645813379575928,13.842357671984182,13.053782911520694,14.983980859594524,15.030652817708056,13.007351440289481,20.651940616472633,20.416832168490537,15.222895327704327,10.500186284083592,22.042672628875433,16.472924031898206,11.461520142785313,12.94944259913019,12.740961721642245,11.430415273015308,12.865042811797334,10.46432176595938,22.64700763328182,22.82701814169307,14.345702593644967
13.65679898326434,13.38484348505939,13.7802439443123,13.175609739957205,12.11086997644181,13.014403398334274,10.969300012706471,14.289734236202547,12.11032350124534,13.726950048133725,12.072268524297193,15.551289073004671,13.22571471031148,15.786902277695638,16.299403451369823,20.233864461363567,14.263864439020418,12.962212156605965,17.518764988816876,11.628737935993552,12.351038767911726,13.392954337691187
15.626027549955431,14.243703985040954,7.160774918950392,14.969583960128643,22.744811113498052,13.381175841436928,12.071620162350824,6.920888216939872,13.007266051896492,13.887023058222317,10.397940371815654,12.118297306069813,10.269003966548647,22.21384358919039,13.55539511430459,11.832529147939953,14.818981661033295,18.71216610466681,12.75656106242716,11.313277418762462,16.37179638106222,11.959532659542383
9.010717995315225,9.854118002371058,13.380116756138266,13.667799180110297,12.671445516536851,12.98586203079579,12.018042852003708,14.311511613684207,14.643396232947334,12.572846724903517,12.025623337627634,16.497668815738642,14.514401715553161,18.031574047893773,10.323242224888459,13.285377231985905,12.15471073299282,12.004531450837769,10.899932903891585,17.791842622590046,13.108589281904063,16.395756497958452
12.590403323134094,16.156567826931536,22.91423611675645,14.064470790090786,12.67493513616631,13.921074239918275,18.786152574987295,15.13753514901824,14.740730162121656,11.761878714971921,18.89793454933138,11.576200466961726,12.110822749139905,11.953660313692827,13.369843632804143,12.261488687470592,14.9651141467553,8.24113032694437,14.883018704070262,12.048366332066749,11.525190709882285,23.067383572856567
12.41790616110162,16.428444814936068,13.89326755616329,16.536676119057432,10.872778957697289,22.770780934116576,16.864149381208545,19.295287439653414,16.550822549353036,20.130087630375982,8.178721178895799,16.36125993537499,11.85811824927644,15.648918078699664,16.165774213665884,12.101255424840692,13.032591441034114,13.666359054467476,16.459426667773254,15.290069412629874,16.625455915244654,16.138446118579235
16.151037148244033,22.797077792373496,10.237466630921356,11.479452908881338,11.253270813104093,22.459101133915777,12.9640408827174,20.933189767588136,15.759943766919108,15.830886585977693,12.806093673457692,12.03894044296735,17.07857302529188,16.843893516163572,11.885635175676137,13.07958216266982,17.68089462222779,14.475565853790032,10.988266292104274,16.518443245234252,18.36188436507022,14.267798471102017
12.603118474323063,11.075156526730442,19.77120297821058,6.4818418242488605,14.19146052688964,13.428991857929956,10.320767352847962,12.306647593238951,10.453671287927111,13.973156820680767,11.203627824236396,15.005707123501823,10.956363438495892,12.500928834676515,11.263512129008944,16.175028630455962,10.377976615914282,15.38787520625947,12.755991957324364,11.340812562264496,10.697620848720016,10.054528724962632
15.48907115797132,11.339409784391586,14.272794100184914,13.054449274784037,12.857829876881961,11.951714532811927,9.489620322225186,11.984951196495805,11.006612662516218,22.24750462466699,13.437307047665781,12.629319117390711,21.45690136457131,12.934274072056363,22.760645899646168,13.447661381483476,12.512613548457862,10.908218150787741,13.876706089738684,10.562391274591732,15.119005582412685,13.696150126785147
20.754582716000453,11.160750883688616,20.15824421545395,11.84265708444128,9.32405816468849,20.169310755346995,16.682650913224286,12.774967351305296,13.625180466381805,9.002388175108706,8.982729965032663,13.550173537646952,9.302851862430352,9.507342825712263,13.759400770076754,9.951906018997555,16.45802178095486,13.338233422391276,22.538259951333206,13.96793424852282,9.715056900145308,22.585727542584337
12.761524476641398,12.847551715295134,16.352953755987162,10.981986334106535,9.995012876939557,11.666352174871909,12.302905954689031,11.484021357862414,13.369798280652974,18.419624102899384,12.40451820537676,12.314047753902598,12.054440278125348,7.489749628866256,12.394194712123836,10.395946575117636,12.039617817348821,12.845497202315586,11.151316872743323,15.68273550223932,14.696560333637956,17.09328254258988
14.147694836616736,15.745290238414114,9.267214450846648,11.587638918344865,16.672111688348483,15.394722705476052,11.034041272307391,13.540749018274207,16.67695985576945,15.192329223897898,16.076849256603843,18.56910463301056,11.805259984972919,11.182280066091755,12.543297682035542,11.764488772656929,15.30038525300423,12.281378687122125,23.048409801268892,10.828075015351716,13.365526466084885,18.176029035996223
15.60555724017461,13.834058727572767,13.140016558157651,15.500424070980342,11.210044831168368,17.035345407456145,12.39285865466087,13.67107368909439,12.029797519009653,10.587298404805015,10.704157674615237,20.83904146995728,16.00942522662097,11.839296654418574,6.609919831213219,11.913368469114966,13.990137280346,13.635848724134227,12.867882638170173,11.422689812471178,14.705071087495641,19.873721253290643
13.034238453323077,16.258091909763525,18.154766247223776,8.65186272218302,13.638251710604694,15.716694999899465,15.329482461731974,13.469830561942592,19.800879921752507,15.519298022951922,12.869290391304226,13.60269825200536,15.042359549253167,9.45110114156029,13.306507550304966,15.727525895677447,12.782984215692089,12.010596211825886,16.95874913756815,15.307926466643439,14.422092901338928,22.42539831752046
13.419942878265813,16.612402608782723,16.346055166651983,11.227752994921012,8.934649094154924,14.077442248874567,21.350532308980384,14.918677617696309,8.480093436749796,12.619520639327233,11.885058701372726,17.221763925796424,6.357253820591422,9.171695548903331,13.939220035698078,11.79393444371581,14.02048160149393,13.077106860041441,20.650052388224804,12.993542374740745,14.920360583670922,10.933193714036953
12.64379173092708,15.299831115371907,14.996708917260136,12.199218496176048,13.254272355024293,16.75820418484861,7.487327288371972,10.882861790063606,16.503446332384488,15.879383574159343,15.687512937272801,12.067691869211364,12.047129567632965,13.141796972625157,14.307936618403,15.35277798643145,12.033776643855546,15.004099366169275,15.830036680029384,20.201693866711683,9.122392547888774,13.523740315630933
16.601255716366445,14.587214440061215,16.425019641937748,20.833271770619348,16.678128043272473,16.289820117074488,20.202124015500477,16.529161420163867,10.66443646620016,11.697889286250184,14.23397439687624,11.008714737194683,12.0330931722413,21.94972674173508,15.451490787085707,18.177520351152868,12.782907836351782,10.655965625830202,15.095922088251035,9.617561846879582,12.574948415874541,16.341113212265466
