script/wind10m.json
{"header": {"parameterCategory": 2, "parameterNumber": 2, "lo1": 3.000054539987559, "la1": 64.9999836372058, "dx": 0.5, "dy": 0.25, "nx": 34, "ny": 52, "refTime": "2025-02-12T09:00:00.000Z"}, "data":
[rows 0 to 23 of 52, columns 0 to 33 of 34]
-7.2951870117615885,-6.885678074241135,-6.923904738813226,-6.579256360460632,-6.657992282832397,-7.185737785901216,-6.1658160033648,-5.832379585376663,-5.974111598297159,-6.064215383707323,-6.076430371808091,-5.430193638375186,-5.641825519460968,-5.495143242421024,-5.930222333239422,-5.756378779510806,-3.7403960831808343,-2.922349463262175,-0.44066617246890916,-1.047124140460419,-1.3458161366027035,0.006070190188281461,1.6804511381996778,-3.069003075074712,1.7427346027619064,0.0991142539080809,0.13690811426206873,-0.5176262181085701,1.4450794188378917,0.5290927078764515,0.6968560003287606,1.046515646572915,0.06154334148694321,1.2560319672544664
-7.915177644942531,-7.3633220251185465,-7.747641596111446,-7.4629953232419695,-7.249011140944201,-7.413290451409142,-6.686666089809304,-6.974932745558651,-6.591237285427663,-6.058372151326754,-6.803362268530879,-6.128048278009849,-6.387132786003413,-6.301374272119263,-6.496401068566233,-3.842264657376012,-3.2309076440902547,-1.3931678923515498,-1.4026072257079578,0.1034510405139229,-0.032183162919192834,0.441073832206113,0.26636985813609854,1.0741432191324538,0.8080875087455417,0.8359801708068679,1.2966939243017843,1.5278686145450615,-0.7154991854807715,0.8623969858728898,1.285198917780547,1.2614141421786063,0.7149818551157323,-0.08771680288649285
-8.432917249757864,-5.0237919537693045,-7.978057359447511,-9.039520648780575,-8.179737327438927,-8.311808611547624,-7.561154509186519,-6.856331916118009,-6.554148157525423,-6.932485792388182,-8.316310770029187,-7.100407128177865,-6.838167890385727,-6.63494511187936,-6.079035629109859,-1.4723211505916256,-1.2212269003910259,-0.04773414527220195,-0.5178322382426223,0.09692288883139664,0.9336710878964847,0.9144180628589468,1.2804423493795576,1.5168228594078013,0.1407293123964965,0.4488914214191447,-1.0063766145862412,1.658156486333636,0.5410999308522573,-0.8847508601470826,-0.3149128669304919,0.8178214895849195,1.502789947601868,0.40437726100088794
0.6865669658662642,-1.4287759467238006,-1.556972192378509,-2.695195125535034,-3.742629433829743,-4.643048154825395,-5.453085872688028,-6.945562688991321,-7.997149696597692,-8.28786700761564,-7.6452441508330145,-7.504369004999465,-0.7480900134962628,0.704908400457501,4.849301321786693,-0.7331359818623241,0.6184849681914757,0.42729175152012616,0.9736216279415209,0.07161987411480197,1.1787871188633765,2.353897910913267,1.9017438922511685,1.5751382245825287,-0.26015869058401675,1.3309199050983846,1.300414909975637,-0.977072557921386,-0.9093383633433675,0.5764503038717366,-0.12304281211616944,0.13696694321099318,0.28111906755475347,0.12065345013677635
-2.1025675513017035,-1.4976224878859363,-2.6524795092719486,-3.370851042978095,-4.7224698140311965,-4.374282760635482,-3.809659253443992,-3.2970183590810302,-2.483015552801105,-1.9170136009784753,-1.9222049010339792,-1.0459264922908627,-0.03749548944718604,0.14936323314957808,-1.7323925967024831,-0.9204226183057206,1.172224600851147,0.6166106462796922,0.8445297050389035,4.427875646218215,0.2442744931936006,2.872917666576816,0.06776347556280324,0.27580726991042487,1.1458623853082368,-0.8251395661994558,0.04189373166311769,0.4461312825211563,-0.370417280586375,0.09916949110434224,0.35855392697811445,-0.49003023404048907,0.9309491744514924,0.5531924765179544
-3.076663365009552,-3.4277995100484087,-2.932303689499413,-4.12473045364872,-5.882178148785153,-5.07946840907809,-4.524038401983415,-3.105332078019165,-3.5255297307563325,-3.2682019159889846,-2.923440010668089,-2.4810334145176016,-3.314459718223005,-3.437607654576955,-0.2771340402515495,0.3159621313701885,1.432425272972964,-0.7004387275702674,0.31983871391102336,-0.48988101793345673,0.014426848011650673,1.6656909857182491,0.5414755709482578,1.6905423047333243,-0.17073311721919368,1.067602940778881,0.9288449664098154,2.0651204911483103,0.45279748815481907,-0.14190360155362267,-0.4791912818098124,0.17410063758440072,1.0222425738327245,0.010671282953278136
-4.498235230863859,-3.231952997047934,-3.9586977219072055,-7.24940961838392,-5.454776811460941,-5.5796245994348865,-4.888738788485026,-5.097131112031205,-5.0545409921044895,-5.008948442078189,-4.282502719825758,-2.3621958492166746,-1.91048583406691,-1.703138685016557,-0.31650025615507466,0.23443240212963232,0.2996833103275546,-1.20759972539786,-1.1777771182510224,0.4478395392544894,0.8290844549257421,2.0004010722782333,0.746682932599999,0.515674583728052,0.739118954936576,-0.4135770883691009,1.299024152877024,-0.048390554606334756,-0.9269119659649566,0.6468817719999771,2.540092224765534,-1.1954998978413875,-0.24280687475289156,1.1358576369343152
-3.450855238661778,-3.950302346701058,-4.835531158185721,-4.981268021459558,-5.2524278003213585,-5.228116141600455,-6.051831703012925,-6.211175543867068,-6.227906638147249,-6.32465676007408,-5.49598093067855,1.1030306646846735,1.876126178584287,-1.822794461604646,0.24827579673466163,-0.5726261658865797,-0.41591529978967556,-3.123186535179546,-1.0810983421697025,0.6996283113312928,1.980768179369837,1.9281718061609054,1.610488162423206,0.7401355420512422,1.3961215927989137,-0.23959532695626953,0.9522996728808717,0.07889517158681433,1.4363018587756782,1.4941818210784763,-0.013518130512889182,-1.252455039423991,0.25263995805401196,-0.0122074292619854
-4.226025135729734,-4.460244924424558,-4.842917909588946,-5.527275615570606,-5.611417858358571,-6.290105204372896,-6.850970635603512,-6.940142250729669,-6.413881582989108,-0.9287497566833282,-0.7307875673978543,-2.8208985675709317,-4.3219733444363895,-3.5942764830561904,-1.9458460876717436,-0.7049459116278769,-1.7148183638011951,0.23572438058738415,-0.21988119213857202,2.5193643855692627,1.1467293427451972,1.0092923394928657,0.9543740138475217,0.671811778936655,1.291670772584855,0.43647193341764734,1.4791531102579702,1.6977643532982323,0.13419696570808892,2.0821325731242055,0.4055616610211265,-0.0824555121002599,1.0563364339327694,-0.5273153223934532
-5.606360678825324,-5.763453371517755,-5.619690184018333,-6.021606321895242,-6.181929570026127,-7.019934959756176,-7.077740878048537,-5.357283432512535,-2.279941974863744,-2.071457928660858,-0.24525439046628986,0.19362129944067094,-2.9619678369165934,1.9848164798914243,-2.0994950820454705,-1.9003625022302448,0.8436018910854407,-3.0317418263452987,-1.4396614877481642,-1.1045457518523134,2.152750721182188,1.9669038304839133,2.2134465695887617,0.9065543911452119,1.0672098656119948,0.8169634273287216,1.912485978948788,0.7364664782712227,0.18443758372334482,1.0024588956197333,1.034290858903471,2.613095088788337,0.23704412152005067,-1.2564932793283563
-6.814537749497344,-6.111301954097333,-6.19734888855094,-6.785734333570797,-7.040382882827296,-6.634141780449066,-2.1886514291114687,0.06083523384883954,-2.7938333380528526,1.81881431574901,-3.158692425706825,-2.293301582636656,0.7267878745439476,2.6368523914273974,1.0967785118560616,-0.7719268338166433,0.925348374237306,0.800869650309422,-1.8386361392774682,0.32088829594608365,0.6809710314347704,-0.11698102355546096,-1.9990197036746262,1.3383767515160425,-0.7059785077026006,0.8947486999195545,1.777287432071044,0.11977945512466541,1.9287611751216835,1.1896019885110856,0.6740053153638083,1.9957982864829376,0.5052087305015871,-0.4117055909201804
-7.13779258249222,-7.156114852346553,-6.91285190195677,-7.343495483023344,-6.422395886135773,-0.38840724302287255,-1.2229497661581217,-1.1426439529983503,-0.7444512584181484,-4.3516077134017,0.2961171589913772,-1.6056965811256474,-1.7406174026693337,0.7766221700009076,0.805810319656026,-0.9575872540471536,-1.4322103457881017,-2.7233267036380515,-3.994815958400024,-0.6056780786451551,0.6615144850376571,-1.9644734873445944,0.4669648385020066,0.6082220871983481,-0.7745463081699004,0.6180742213746245,1.0912995993076198,1.0054464556872378,1.7019856131286533,1.8734992897285225,3.2245367502640154,1.8236352897993038,1.8376485393153699,0.9308487806752632
-8.081957249937703,-8.34178018113436,-7.4585179688927195,-5.632681842961441,-2.9824062849795707,-0.262479315725456,1.9072795046584692,1.2228236654854348,-0.9482200040300116,0.3259924293910138,-3.4122526591278524,-2.69962974723706,-1.7431438756269977,-4.41908295855248,-1.546643379342541,0.5909201540223652,0.6885091706157033,0.981602469078887,0.2298237050575387,-0.9179193359938489,0.25282464499632673,1.7731989053342403,0.5314228054716129,2.1403991845261654,1.2088082501064767,1.696815697914924,-0.5696899335080601,-0.38767730309543863,1.8197518045450427,1.5253253393513417,3.0549729547951294,2.4126747787611267,2.467009702337336,2.7750644092816095
-8.375051806923603,-7.088387795533756,-4.581299692727452,-2.498068992711441,-0.546778119053255,-2.0781794047608173,0.5739216044704977,-0.7616400087113848,-2.270656219604308,-2.8548316658736006,-3.698764013166306,-0.25066197416690345,0.4603561788101775,0.3396226170450958,-4.58045025870201,0.026931373891417115,-0.11081662840863753,0.5271625700565897,-2.8898214655962975,2.1668062374128967,-0.5886880999935081,-0.7716317041635721,1.2861356478148998,1.8215318231324513,1.6383622709898675,1.08781771145738,2.7805050285450634,2.0966326103047135,2.7979695607943214,3.0447410592267254,2.277077176964874,2.0285553527545965,2.7193087556306685,3.2668071935825607
-4.649680059990897,-1.7066112523082055,-2.1249986729623704,-0.6041752580390496,-0.2634354510742617,-0.7710219383753485,-1.3049494523718075,-0.9150551195636147,-2.647636644497831,-0.026637393576872483,1.18557640452419,-2.8177846293540383,1.5525987788629294,-0.06929998571642317,-0.8716687463791738,-1.9026482501267388,1.8222625381059983,0.42427270657208355,-0.9480698164030871,0.5284026717371383,0.8033175741865243,-0.24064812025667726,-0.9045273588427571,1.6449137133784646,0.9158142093472642,1.0433784037034324,0.4190467662643706,1.466303249120814,1.00284374686834,2.5350686887673537,1.5187311793463991,2.384851120385424,3.016071895858586,3.9098924722184694
-3.3608745109280744,-2.910529533763619,-2.029691167620848,-3.1645826158008985,-1.4475883818432012,-0.6592625948123044,-2.428069657112199,1.0563266489676713,-0.2294364042108017,-1.234550650704716,-0.5014818189728661,-3.133591753783562,-1.7467902722795439,0.37058619482631844,1.3814948037916064,-3.293355383243385,2.2634690114286524,-0.92696392820975,0.9285104678790819,1.4087285909264977,0.4888333072001923,1.9196044947554483,0.5779680668885312,1.6469987515592208,-1.3368506554414537,0.8475267370245199,1.8571854487910904,1.3421220848357793,1.7012562036648822,3.505959403592615,2.4128202730661283,2.4186272532769078,4.376289368677019,5.24017241250448
-4.404260168413011,-3.7272255856421967,-2.3646323314432633,-2.003874238625744,-0.5455735677102413,-1.8973917675210064,-4.35889038431285,0.019668089771582183,0.4987774864996924,-1.770530182373134,0.915058780528141,-0.6739545707808516,1.3385147238540493,1.2489330022705973,1.3787199894886286,-0.4658296102491533,-0.8082171125804375,-1.4677832186387596,-0.015584244751126526,-1.0018170027577025,0.6363846308756872,1.0065757283745709,-0.3709024043072695,0.2123257671007754,1.0293621414700156,-0.2677578878983755,0.9936945527410952,1.277715390262041,1.265726973394877,2.9985461739595016,3.5206426370788226,4.635836827913314,6.03655902809603,6.783652040568185
-2.3692570483174364,-1.5794266029951742,-2.6812344160955184,-2.3042705222895052,-1.0509666178233732,1.1824243166470605,-2.5510951858251265,-0.4765631971584392,-3.1702418136348527,1.1044565691163624,2.1721471334238602,0.4249327087194935,-0.8015519949651669,0.9624111566906347,0.8837896012773672,0.44985618692125845,-0.6008968197920427,0.17084097130280507,-0.9734452342627211,-0.0340285493258457,-1.6311342098804844,1.195266188731737,1.6852054733319546,1.2083899470416262,-1.0406243942066282,-0.11124333759191832,1.61692592724328,0.11390243332539884,1.1216334559064223,4.21511466428568,5.284436298402047,6.0468285162795805,5.77663264068118,5.602273821645489
-1.0658310368189325,-0.9418859851141578,-0.000662538367683487,-2.257014523130456,-1.3892919841277362,-0.22302838680250228,0.6960813275788641,0.3894524277084594,-3.9245166983190267,-0.8321897955462134,-0.05331473413417536,-0.2161927987583535,0.5635056780618113,-0.25188571126188136,0.9861378897200089,-0.6751732721618368,0.19527621442136708,0.29279176499812287,0.3037681092207263,0.6428597053981412,1.1217557142792938,-2.0158406738197057,0.1985487905236463,0.60901945678027,0.3148790889707799,1.6491396571153467,1.1052167697007036,1.6951493258650139,1.4380605686310637,1.80560718825908,2.3812419168626273,3.9466205108801735,4.330388827068023,4.467009481413691
-0.5774699654073993,-0.6587145668896347,-0.2593305739936239,-1.2072553596475182,-0.6962230032317511,-1.4650809567330252,2.3035177546674483,-1.3427146339014497,-4.3754395615365524,1.4159827022634508,-1.1421839265512805,1.6144837272397328,-1.2588470083470584,0.03630087741952624,0.26446243905738676,-0.16290879660648014,0.16360120585846008,0.34178948116986063,-0.5661824837199165,0.49540534290927385,-0.04940132523404529,-0.308263558817684,-1.487084287822449,0.40949134726806746,-0.3601065555077289,0.7280179024945163,1.0163849027813339,1.5293308850396694,1.5266485666232779,1.4303235079539138,1.6069545267181333,1.6296643581780095,4.429848590239061,2.6011157478256655
-0.8099569596894257,-0.5217299216306294,-0.6408162760583515,-1.8981227835433954,-1.8598048660365718,-1.471242845766838,-0.8268242975414752,2.0133128913939538,-3.8893989091704344,0.026500998821107985,-2.2694497929725213,0.4068771030094565,0.15615241134141436,-0.09791949792438331,1.0345514568171212,0.1278290301054085,-0.6887648846900701,0.568614447472168,-0.1314156478634022,0.03562203035994949,-0.18207717506005314,-0.2741535975455147,-0.2366662669739764,0.3464315508353496,0.5882871945520961,1.1425610044835668,1.2555094096422625,1.248194088618999,1.3672148464239295,1.9921684497175969,2.213418899849056,1.738407930820472,4.0286919699780235,3.9527402994505776
-1.0940003829112042,-1.307421384074076,-1.483197156375798,0.02364383484366797,-0.6638491742509811,-2.1094812206724285,-0.9846661229975027,-1.9012828012020992,-2.1369250745962374,1.0442310073689964,2.06391293855531,2.127605749667141,-0.7131507835592749,1.7191915191104457,0.7855373892909572,0.9573377216965964,-0.6036825240855691,0.15688464809658478,-0.4053257461116331,-0.21172796274121902,-0.5085011723900773,0.2784767967290366,-0.40640836375472333,-0.15106946431483712,0.4699089391918445,1.0201968403056627,1.0618915740190469,1.1416120896352204,1.4650914408538174,1.6205196215484652,1.1507480373902712,1.4692919136755678,1.1376277263221848,3.7862062174075244
-1.7039750783334393,-1.408030351476192,-2.023900082383929,-1.8964447619500833,-2.382318030212958,0.20368094252135202,-1.4001251594744069,-2.4874323799684066,-3.147834073545798,-8.41792510182743,-1.0942038842186643,-2.2444898501098365,1.8535501044964604,-1.4114714631488006,-0.012082399547371954,-1.6511293409277463,-1.377414561402557,-1.476357001453648,-1.1304901911552752,-1.5262615022453956,-0.6296187452687331,-0.608079643763927,-0.8598202356704446,-0.6896908248252156,-0.3965167424792925,0.36094697431907624,0.26348825578334184,0.9312825097974875,0.8381437818918898,1.0494432031573742,1.18289583109978,1.4209192656607248,2.325827642386426,2.422283628629552
0.2207222100971327,-1.665374064557743,-1.801110352789957,-2.0184063605970985,-1.1267659177833578,0.21786580207003223,-0.8536756612659919,-10.079926838667118,-5.542401115194307,-0.5601372439335793,1.2251263225187965,0.33145799805208986,0.4423657748465987,0.3021769967443205,-1.8930125450291244,-2.9354520546851837,-1.7379159414800678,-1.9181394198522885,-1.3354059225874655,-1.6203717413624468,-0.9266049404588427,-1.282323400343902,-1.8283202790466007,-1.1030947138692,-0.3320995884096291,-0.5417989660466307,-0.9103729518631773,-0.3697242584734257,0.07027255941333083,0.5054159105435067,0.7575621151256098,0.671082479682464,1.8471556396627742,1.956892714630693
