script/wind10m.json
{"header": {"parameterCategory": 2, "parameterNumber": 3, "lo1": 6.000027932988019, "la1": 58.9999434238085, "dx": 0.5, "dy": 0.25, "nx": 22, "ny": 24, "refTime": "2024-06-24T08:00:00.000Z"}, "data":
[rows 0 to 23 of 24, columns 0 to 21 of 22]
0.2775122057517954,-0.36787096903546407,1.7109781052061745,-0.02304280519424581,0.06834658262995509,-0.5052306587308472,-1.1480982628871481,-1.4105016974911597,-2.662006880730064,-6.473160849331072,-0.9660665533470967,0.43954746656160676,0.6377521967233611,0.8871429919626455,-0.10608639266888999,3.0763710694967545,-0.3382171302114688,-0.053059840523842404,-0.446808835822812,-1.0254699541932066,-1.2601388821914115,-1.32785461236123
-2.061323652255442,0.4731022685398768,1.4257477894843615,0.18839291707463732,0.5013821653924342,-0.5871897400737892,-1.0741107133526966,-2.0069761015175445,-3.935327470747499,-3.236847034492611,-0.5863589825600038,0.8370365286799983,0.9088984521361027,0.47035226335990116,1.7273093051066464,-0.10373514483816076,0.7562465971392428,-0.40051057881213015,-0.01609699170147595,-0.7585612867790352,-0.8857447986856322,-0.6473736682369629
-1.57030455694607,-0.2204244708849605,0.5594203261481245,0.04215511383251683,-0.0729127095810222,-0.5726787048313721,-1.0996036831135587,-4.0019284175518495,-4.356755003507763,-3.492041994976209,3.4134483018077493,1.1605911428497833,0.8377389172503638,1.600418138103941,1.499212396021055,1.247693526622724,0.8807509461214377,1.8288135944862915,-0.6632760861163337,-0.5878103157232649,-1.1997619481267836,-1.0253464837047963
-4.496231179343516,-0.5038368488254029,0.42273019479476576,0.15242591458241045,0.06295644391636385,-0.1458429233474913,-3.183073203821705,-4.270365943314548,-3.7248422862840074,-2.211073867291346,3.044866609824864,1.6540097307608956,1.0990818868881358,0.8242492648643606,1.6242218275435991,0.41105814363375526,0.8647899243625207,0.85233477020505,-0.3919884259636597,-0.9267535081939565,-0.8549910118165673,-0.4433466319085391
-4.130635727259702,-4.844040234841441,-1.1055037814894717,0.6278676479576619,0.2948037504062756,-2.0742493080973863,-4.208658768691102,-3.580164151977151,-1.2910920760189375,3.1126364862471436,3.0104026557104744,2.5054120744154327,1.2522200803057173,1.1019663682679552,0.9043650802246136,0.8840811494593929,1.0303590641402607,0.09054506355283712,-0.5459563561029316,-0.22919616662441858,-0.6808697324657652,-0.802806156946194
-3.3707758549367366,-4.270566763249677,-4.9498237559811376,-3.931248525915917,-3.13862071343681,-2.62232806376405,-2.6968557882040374,-1.26564538977216,2.913985117477452,1.899590932207157,2.6281497002089207,2.272855058306302,2.0362646154563726,1.2181888832673826,1.1273407942818137,0.6440076200657602,0.7610121360716358,0.34104297398768724,-0.2603530709770183,-0.6056588635335413,-0.5936328925493556,-0.8688106315731308
-2.397948495538148,-3.4255700843799244,-4.172879253413225,-4.293870418000258,-3.9847788963367194,-3.199405511580619,-1.5132362107880388,0.028593912353684792,1.292045091370428,1.537405438657828,2.143122080534728,1.3851275434102954,0.6985707699845312,1.1824386500631834,0.449065631337209,0.12869498716228395,0.13117486677928697,0.44539569792038075,0.31102962761163044,-0.04895146341229184,-0.5898333007070309,-0.41323973724714963
-1.6924696243009465,-2.1597681945857943,-3.0654557098747253,-3.49992573845206,-3.3022344014202996,-2.6927572386265943,-0.8876450364018448,0.6852703241569627,0.4265188346058363,-0.02467526513988435,0.27553646922758157,1.961756709061384,1.3469898045519102,1.0841258976910473,0.5949644167278796,0.10312253306402451,-0.04374793222699311,-0.2620124706985251,0.12638586809289779,-0.5073112553009279,-0.3303274647471197,-0.20459449084122291
-1.3975104128785143,-1.8409007638718802,-1.8538778950838786,-2.640279746806897,-2.319931750818135,-0.698364366630315,-1.0777382242525517,-0.3143512646578243,-0.2935698302390756,0.17019058132056922,0.6051636002138073,0.20637013856555406,0.08852349287900295,0.7183120534674068,0.4168196129604352,0.10217427158572144,-0.531094009426858,-0.404524254456298,0.05555349632103526,-0.3337100448143608,-0.13589602588276511,0.9756081834655758
-0.862857667191174,-1.548476034632235,-2.088496910991415,-1.8389598928752984,-2.009658026869468,-1.4509409585415622,-0.5522370601821228,-0.5846025466766067,-0.2944207859475116,0.06881162117023285,0.013754450988717585,-0.7026150200020077,-0.8488937680057524,-0.06329646438959209,0.5789868175432593,0.09717159421192965,-0.27227455007947327,-0.41651835515190416,-0.38663099017657776,0.1389801922500355,0.13077411035322004,1.2953067614217413
-0.3067380600295318,-1.285786588713107,-1.7739396065352295,-1.9293797632604266,-1.952709122651833,-0.9994566451101472,-0.7087946945776661,-0.7414295306802587,-0.5916975720514068,-0.8909314666449424,-2.430199145675142,-1.3192967145218137,-1.1751003212483204,-0.30573190464491884,-0.15124854460756823,-0.01038459955465807,-0.26710320859250636,-0.6847590104258173,-0.8567936504571619,-0.18030028923647956,0.36281506869168534,0.11970102468840788
0.19465633271620922,-0.6087232216817058,-1.5220980893494496,-2.0052248011285005,-2.58221921060318,-1.3395506098413972,-1.0948777844485835,-1.0985231586438617,-0.8362810361374889,-0.78230676597115,0.27873911261282824,-0.2694600559299092,-0.8222635547247797,0.03656489086584399,0.18581651401583604,-0.38168587058393566,-0.4681502155451494,-0.9444795343493037,-0.26009291189120864,-0.1575929773298158,1.156031158794554,0.40754002046653465
0.6400076104220629,-0.4237602568134394,-1.0423240002397252,-1.8873545393815825,-2.5737271015479526,-1.2459570193717964,-1.1392654534490823,-0.82245807905166,-0.9943325416598412,-0.1459994884877432,0.14905157111543402,-0.07600871501782708,-0.7832284812342377,-0.6540171197540898,-0.4865716357410741,-0.4346429863624187,-0.6846334723969394,-0.9831159137512459,1.9402347110430056,0.9502580588128018,2.097989187894173,1.0700483272577397
0.23900229117148292,-0.02075921641827618,-1.1076962605495762,-1.886036957439281,-2.200163960994403,-1.792293962813368,-1.1713921061777148,-0.9694059236712345,-1.0212946067830346,0.3720290559419464,-0.24887401634711676,-0.7103897629417496,-1.1117257586748224,-0.8706391808437673,-0.626778212650618,-0.26057771048065753,-0.1323115795443746,1.4520186559117172,-0.48146198486932773,-0.03967159339075243,0.6879501332450326,-0.24078270121625267
-0.0747677895375916,-0.9957457709366245,-0.9139769695083264,-1.4923308570713276,-2.573973383779,-1.276663019444154,-1.249394274192075,-0.9485233858970371,-0.8780962960156857,-0.6052541482714082,-0.19307746972417913,-1.0762338577432586,-0.7498037251572568,1.6643405122530415,-0.5404632136065539,-0.63541380584126,-0.27181798025718756,1.8350166991298162,-1.8578224483873034,-0.2590229641348083,0.061834535648757565,-0.8316647288616718
-0.01691152283771235,-0.9255160085627618,-1.7884898598466559,-1.94558046439128,-1.9518529382309933,-1.9850465907494408,-0.5681667492349997,-0.4891798362948147,-0.3843647582570725,-0.9218732993786594,-2.738629594812851,-1.41508132811088,-1.1804540080744848,2.2041467282725438,-0.06916854432069579,1.341833266429346,1.0722634218226963,0.8678440623187391,-2.279289772497686,-0.7317560333643955,0.11817900135775576,-1.6100145882254777
0.25213202123431555,-1.0147070420349884,-1.3055468812183706,-1.632194786238572,-2.4669162689897397,-2.1812245663681122,-0.7912079925631689,-1.0217493497133974,-1.765572302434221,-0.23164289221075607,-0.5775650088865897,-1.7479335670230853,0.06519051599282728,-2.2066368118247475,-0.5393863148957588,-0.9951613143458853,-0.009223958165223674,0.5343429738031358,0.40203538562187136,1.5682289444766444,-0.17269841207463488,-1.6749496674213833
0.26914597195365064,-0.5263544880259641,-1.137424288373833,-1.7431017158476905,-2.3670585614130255,-1.9594232497590052,-0.9958157084567886,-1.1523285817581486,-1.8868730746628404,-0.7670736358828475,-1.0140103665292577,-1.7100368212105133,-0.671752687118177,1.7460035881907225,-0.7218304712613337,-0.814970563358967,0.1389497512938843,-0.20571862324022536,-0.49582357756199624,0.4866543010388099,-0.749788028686223,-1.7706501332791527
0.36474097357747226,-1.0413060884332894,-1.556135741974592,-2.181420620642707,-2.2549488346348605,-2.793033596004177,-0.9947722367669453,-1.0240750953173843,-0.3891801210340767,-2.2248911097894553,-0.7705754961014714,-0.6578716479751836,-0.1276449354753077,-0.8617272930055442,-0.7121667811282237,-1.8043882547866361,-0.02029139104135663,0.11812288712224527,-1.2131268370961106,-0.04585437538638836,-0.4092063134630242,-1.2363281495547445
0.19880527889930594,-0.22997761771146588,-1.573774855974288,-2.357566560400015,-2.626725958644256,-3.266308639100072,-1.4310892349385371,-0.8197718726325283,-0.7166178648958754,-0.9738246547174524,-1.7478293469279815,-1.5881726900858113,-1.114776511256727,-1.1747744872422088,-0.6988682721839629,0.7705016756834138,0.1642283333620003,-0.898496708463028,-1.2966406262819141,0.0641526642189224,-1.2486295290102005,-1.9702190828345483
0.2276145435738674,-0.62879102674445,-1.9085820284994288,-2.552498198816186,-3.0690937038589428,-2.8953298900053377,-1.266221810095054,-0.7463183174561687,-0.7264075708626218,-1.2207159206576876,-0.018354460357743938,-1.7728086622876598,-0.8771757763853564,-1.1526215305309904,-0.4284336658751104,-0.06677896749290885,1.2513753306744935,-0.6980138937051619,-1.170532702339565,-1.7105764717933314,-1.9959010422747416,-1.6675328629340607
0.3186337749365654,-1.3780685984158947,-2.1600313910867825,-2.877252703798894,-3.1044852745534217,-3.0728861271029917,-2.0269900034887165,-1.306749202592882,-1.1776224767295822,-1.2105029711762738,-1.1083108043998156,-0.7122993346144466,-0.8364304485002101,-0.8179174136158252,-0.6617931548982819,-0.185175967050695,-0.672417456564327,0.34281374862454916,-1.5966270268640006,-1.1522079084988421,-1.8649983625178748,-1.8826885007201843
-0.5808350436313747,-2.1456770369753304,-3.1432624902756903,-1.401217919385189,-2.077691612200313,-2.778822030510044,-1.6502825054618326,-0.7470893797598736,-0.2751501502273248,-0.2997994140817446,-0.2824089737133501,-0.4144732467786036,-0.8900466411767477,-0.3782119762121807,-0.9860577721523155,-0.2315131601313983,-0.7121795923866033,-0.6468645158012736,-1.2289540431412307,-1.1522215291668356,-1.4419778486972075,-2.194755516155015
-0.5242875440357061,-1.1218520226241873,-1.1612710033550133,-1.565851009464377,-1.504951975017845,-1.7201232671078073,-1.6130344120443816,-1.0635059128130018,-0.2162367103411799,-0.47645828624576253,-0.4354474901427161,-0.8142746445425595,-0.48489518450629,-0.5799533845562742,-0.9352542027216251,-0.30568267626458395,-0.9487082302569172,-0.4147345538461479,-0.9541472106998345,-0.6697182554617279,-1.451496681110658,-3.4955548194726376
