script/wind10m.json
{"header": {"parameterCategory": 2, "parameterNumber": 2, "lo1": 3.000054539987559, "la1": 64.9999836372058, "dx": 0.5, "dy": 0.25, "nx": 34, "ny": 52, "refTime": "2025-06-11T19:00:00.000Z"}, "data":
[rows 0 to 24 of 52, columns 0 to 33 of 34]
-1.4447600416486006,-0.40940337252126785,1.093796222895194,2.456074913066541,2.7668853724284506,2.6683337148888073,1.954817341647183,1.9646642412652107,2.524137309462284,-0.11134790021868787,1.9862497883071764,1.9737255201913015,0.919227227314073,0.8207414721198364,1.5336641156403308,1.7937797133847622,2.0120035238647755,2.2674885149782886,1.1615371880790963,0.9458119735644819,1.5648781626317727,2.83478351544252,2.9373125866748717,1.785874898270902,2.353023674859473,0.5416236671087054,0.7003244223773607,1.81179093828754,2.3236510205495624,2.2029792044143606,1.5073257951500805,1.8484712320275654,-0.20674447377058522,1.5817589286806706
-1.7730695366935454,-0.665932706197526,0.7886720168776439,1.6665446272610684,2.0163214699320453,1.5283930206361775,1.8010978883304916,1.9467206759419768,1.9968206671825537,1.842404387244822,2.1693388327771013,1.3921233113677638,1.3613067762797777,1.0262640965739007,1.1400723636183892,1.4550270618843422,2.457717288684059,1.1010218134286913,1.9676708288422886,3.573457607564539,1.859510720922574,2.168026140073514,1.6616153622891177,3.7105129290861187,1.963169404120426,1.725847265640933,1.5579657238149252,2.351955743168129,2.4228034008944292,2.0595840184950402,1.5032136749751346,1.9807969233160099,1.6813216242014133,1.435835044286201
-0.962258434183185,-0.9125721222894694,-0.45316179368160225,0.21496079356856718,0.5715229822239658,1.0451217548374419,1.717522813674885,2.268697159128425,1.8723307509642713,1.843626307790004,1.2902838573741917,1.4018284294517243,1.3493288467510025,1.4736884083450446,1.1447493446452197,1.5761481888511384,1.9739767913581507,1.9991285077019068,1.60393004553425,1.967107510797777,2.6459775729702395,1.9696541128954397,2.262730620349526,2.374977474655705,1.2614453472850367,0.4218131552431493,0.9606728168494431,2.240094099473808,2.0871924010103307,1.901164833008245,0.7480341882891773,1.3255971445605623,2.171575652733316,1.8730116588959467
-1.846470440258499,-0.8096402835522871,-0.666979915354065,0.012854536337168251,0.7993197018442884,1.3544750712746716,2.3349815817765016,2.170449080386697,2.426794601241591,1.4084720959277204,1.3366691932101242,1.8178423141601165,1.452703523406485,1.601493399831345,1.2466251891485556,1.5194141575188567,1.4283276815733386,1.1313132100163985,2.597693336509526,1.291448344392929,3.3321828533057314,3.4147305515924424,3.091880659282759,2.349730404989504,0.43062966798131,0.7785248897985024,1.6421765028347446,1.6528604761898573,2.2329903808617106,1.849288177693693,0.8661278865164171,0.9212354172152815,1.3781370048040933,2.1440893459354204
-2.0149152364888057,-0.9270885319898678,-0.27675836213686855,0.39643866611866363,1.9043865335757508,2.5852432751307157,2.6375229242998794,2.868051378764929,2.48583086991636,1.5694773357344332,1.0118825983806583,1.450088369933803,0.7016421853109717,1.305009813760434,0.6718201178064278,1.5320949192965618,1.7883789284028366,1.7151989797898886,1.6620856991912876,3.3694417332487943,3.1249472065466577,4.990295186562009,1.8192447754063126,2.4720908759256655,1.1708189817986967,0.5846209132966489,1.2883151372281374,1.7970320143765872,2.455604448104096,2.388567688741108,1.6429353136334777,1.0927597655776051,0.8968623464711178,1.044371996497238
-1.2876705210531323,-0.8659942581482769,-0.05771605056671737,1.494839824506447,2.401611374169027,3.0433330592723484,2.5896338128049057,2.694463348149608,1.9848148422606908,1.4120037928874798,2.1816314918658626,2.3340036419924317,2.4118776499449024,0.9618606554812449,0.792412427241495,1.6736025072973648,0.8858343244644657,1.7048168642989447,2.81725333631832,2.0747938953799085,1.8472318819721067,3.1554167654195306,2.105667940786733,1.75512685310353,1.2099351778528613,1.1577497546207023,1.4897204666545454,2.2800294005080026,2.205307921157748,2.041515156164909,1.4821011672036155,1.0956851900581595,0.9012504219077236,-1.1422022325646852
-0.3487893597206464,0.639978511146242,1.4167159600858406,2.083633942370249,2.1986429301718826,2.4162984257226383,2.2381172113088663,2.734177382113121,2.5629976542201662,3.4844500561971268,3.191153666969076,3.191159419171305,3.2031841015322904,0.8197098923661945,1.832757191184361,3.5884612478372415,1.1855169276867408,1.8490081137517331,3.850821561663162,2.872970354241863,1.8082146082358284,1.8253520097090878,1.6885427553375705,1.4353801859688595,0.24529454419422528,0.4103857612081213,1.2723305885317524,2.0791294752269245,2.277305175277276,2.6610103694757696,2.1154345929787293,1.4432443464700515,1.5676715821263347,1.1470554602477265
-0.39537014587670716,0.1823585365723801,0.7442971066936973,1.1574483610373916,1.3312282637145285,1.499469422046618,2.379295064227732,2.850695596940467,3.9774464155663853,4.648071574123739,5.041847942541157,1.138385686604407,1.7067996918884671,4.509675143603614,-0.19899735391977066,1.479056277625599,1.8637593121930578,1.763076066523979,3.5421304379611787,2.916462210185389,1.99614574995203,2.0969226617462704,2.2820632849748774,2.677822241235841,0.08139113097805906,0.7054678388333583,1.0887607932957537,2.103993664172832,2.1759473881234626,2.2749269790125517,2.116608988668746,2.014676990617769,1.9497462725401606,2.386814329124771
-0.43995187758071275,0.0390996127102976,-0.07234605375582216,-0.290148944241969,-0.31284394772491503,0.6682271582109499,1.4894450330826738,2.4683812541561094,3.6029831883893566,1.9830167326830783,2.059634170942059,1.395093339172023,2.296432195437283,2.901231172507596,0.6200419729564794,1.7135358772641212,2.0514141704968334,2.8361932380525356,1.71822824105246,2.4092897708865,3.55126653578627,2.29844905898935,1.8013034345568153,0.4557237993160384,0.38705546936237833,0.8532908306995173,1.4360805549696725,2.1651354364961413,2.1141755616064244,3.1693561385440514,2.749402525452691,3.1249805273996927,4.0637706178471955,4.323347481994497
-1.3332279438880694,-1.464646348984479,-1.4734883836530388,-1.1676101245822486,-0.99285975508116,-1.2808924022400514,0.2676860490500146,1.7910117670587282,1.5742798572418408,1.281493180862618,1.4962539927781124,1.2282506805747522,4.524111169961445,1.387989964123807,2.7388017432786325,-0.3697397221208917,1.0787951847212192,1.8246571168164563,2.6077000310373624,2.4336580882564127,1.833791155862629,2.0285755592122277,1.950803601765772,0.5647362745808525,0.6512428375198148,0.6766415253468328,1.6356193114348418,1.9993816924683332,2.196518246514722,2.4088256015819156,3.206859477518886,4.92431159860698,4.285121058612313,5.0381041413632515
-3.223103988573954,-2.213101926473764,-1.56136582016634,-0.7355601237596846,-0.5758291270516142,-0.09315862227616925,1.2427845216624802,1.3222840409059369,2.458400147240082,-0.17603468703979988,2.9589262869272868,1.1767362027535924,1.876002327834983,5.352168165039808,2.156530975445742,1.6968288106687015,0.13872583244624587,2.431892023727038,2.411199337911333,0.8046322383238858,1.1393303401110313,1.7542786906561891,1.7015363220497832,0.8564417406575326,0.6174497395700229,0.3405515286171672,2.2513213235406964,2.33006395722703,2.161336158455074,3.009657961242575,3.8328860176531134,5.326241037860942,4.922198641276476,4.322868109000692
-2.303378104226447,-1.9483560165667784,-1.3688049855949194,-0.7374219925025379,0.6575289664719681,0.56128667949632,0.5807131009835982,1.7351451807753029,0.49134636063684783,0.9520634487375087,0.01764074608590467,1.9413827846832243,0.14682286400309108,2.795250769881181,0.24750193826803066,0.9959159263630838,-0.5474288392694912,2.3269246152288265,1.3553968622864312,2.744834477211612,1.6441243091249569,1.5971909034322198,1.4000531501960545,0.5774452632954243,0.3194870981756228,1.093070955559643,1.623912879322871,2.081059013994315,1.8665631182172557,3.0940284340196103,5.948282583742598,4.755727972581614,5.0435044670998606,4.838812712785163
-0.9533491735523842,-0.7001208670836864,-0.42751131440480816,0.20942294808710565,0.26049249083533105,0.7442211721423696,-0.9534424405861234,1.8735885832853096,0.8845582084282159,1.1346758599215427,0.29351912761488647,0.6496312171124452,3.0440498048848084,2.135443747776633,0.6033876722711204,-0.39961325449578994,-0.058912168729922,1.2775309357174967,1.1363399028472745,1.2704367293914416,1.1630112133433552,0.6858576305671411,1.3732770514743602,0.24159856132590782,0.8645934338422044,1.435959664234913,1.2216619878496708,1.6828626968335958,2.1896449369867876,3.7851157571382292,5.48978324201003,5.444792046163489,4.515771052191154,4.943177015606829
-1.619718251052191,-1.2478357107078726,-0.8653675197354713,-0.38406578343197717,1.6691433164539202,-0.9606233153351671,-1.7627200410217407,1.1177511369879347,-0.7205595704748218,1.3018011496007187,-0.03390903956237764,0.33359165742620583,2.080837515569078,1.934616938098977,0.49368978404324115,-0.5630951154521319,-0.4630123812969134,0.12445650537401232,0.7970004614962721,1.2421466405923407,1.4216091195499305,0.04035866527818115,0.3707476681825425,0.1638435192927405,0.7517406271801733,0.9247426886017468,2.1739407298907505,1.9373364339702217,2.2808263121694226,4.0069957183373015,5.116095220296535,5.72751310881864,5.768403113861354,3.203628156874336
-1.3971353425766144,-1.27308774073396,-0.7314355286124126,-0.3148558584828757,0.9499905955070018,1.0960015971467072,0.6222981506731617,2.6900186868821434,0.8917353544948797,-1.208928114625618,1.0823210204435982,-0.07638697075029426,1.8381540435678143,0.9177541597205143,2.1479744375053045,-1.4797386515250757,0.4272083868130007,0.2017729096520064,-0.27394247726280213,1.1385089913788107,1.3040376872448676,-0.12741384840675046,-0.7445570052752889,0.23407843344867701,0.7609967256474246,1.1876340948389978,1.2029936303902933,2.041510397691378,1.7381540655874115,4.5696441993140775,4.493045971738662,3.72491449460172,4.191538745879565,3.6865228280451077
-1.1767463582882838,-0.9320055757607519,-0.8852955887477236,-0.3491056634371695,1.0513738764353202,1.0900481793136334,1.636449325428972,0.15676452230988464,0.7960976084266238,3.09990575725982,3.0724540596861774,2.715290393385416,1.3275925536734767,0.9616923662463288,1.3941595802465616,0.2950972419087508,-0.899021640227156,-0.02034576741955696,0.4392458135725712,0.7955871830787057,0.8824961476754907,0.0035353352674833884,0.23670753896314362,0.3849831080767938,-0.06615304807866927,0.5254847140217329,1.716940740143206,2.1007562717842827,1.959746029422888,5.213316447115642,3.693704814455675,2.926411482374541,3.5736529451874595,2.9334960751403703
-1.77959000262278,-0.9549551717156718,-0.47998518569911947,-0.4741936964862896,0.6766921213655992,0.33503588564191594,0.8079920286985908,0.8098743112964929,-1.5928413753730426,-0.023760953923523627,3.4160095206288372,4.054275391964077,0.18708183481830185,1.291811514517196,0.13663880480324625,2.369058561167221,-0.6094926241444656,-1.0350922493774621,0.0813140915860197,1.10975982614881,0.9799035277891174,-0.42212330589134667,-0.3827103270472882,0.9618881505136775,0.13698727861788484,0.4623802292326943,1.1209557094430815,1.8921953945878438,2.0348221518912775,3.876533721449536,4.108605448914975,2.271076325439968,2.427364988795172,2.353455207740811
-1.9205450420709442,-1.298803329739121,-1.2441251884112527,-0.12827240950186167,1.3730301784945866,1.0820468862740267,1.4485849271947875,0.8038773481419156,3.917807492980107,3.9741551943982953,1.5987570708613201,2.049979435104778,0.6418183595735674,1.2159575727629497,1.8700937265462454,1.038308269227206,-1.8444085249236049,-0.08511321011322204,0.29993823055750973,0.34117437963157665,0.5901695821324358,0.5012532474550793,-0.3497362382695431,0.301808932570915,0.0031962373935984245,0.9647716235773134,1.1866017903884822,1.3565783045136248,1.5601022772907176,5.044018949078701,2.1381081679855076,2.4955656240265567,1.9618775606994243,2.338040347063637
-2.489696696861186,-1.9150249005361786,-1.2912366440131866,-0.5714786177784016,1.5097839030874547,0.509761662668925,1.4913393638268144,0.4768931608051181,2.527873970444035,4.163139913797692,2.5450938667509493,1.6889995401646816,1.9554716724511854,0.4080213702501468,1.3467492574011952,-0.49162149644121894,0.19213827749132978,0.14230051221797585,0.6784122205511548,0.4544820795115238,-0.021921010857891148,0.1600894237045508,-0.4426207887664218,-0.05501113596572174,0.6443916374345413,0.9763809000422286,1.3480438089635687,1.6265452742944033,1.32511863099838,0.5406667352351067,0.6695094326759574,1.3882506533450245,1.01094233676047,1.418406586262902
-2.45979102606234,-2.4180850097374518,-1.4372157101696352,-0.7250960818489276,0.3665852017548681,1.052582361228215,0.1437397058957888,6.272969557584345,2.8539146016056445,1.7254524569150835,3.1107865632329457,3.9197819734008603,0.678099564797972,1.9561384859190762,0.044681729787595596,0.5323930041066207,-0.47548323193265785,0.5125392714654313,0.21581865556048,1.0393336722242683,0.2037277473008427,-0.5236893053434857,-0.01071277607723467,-0.09146970663163605,0.7849808056016737,0.627646407430561,0.9642557015992259,1.3851509236667083,1.7949175638916812,0.08636234181156537,0.6142398598075564,0.7339885193689077,0.5725129686842377,0.0788476187026324
-2.44034804674719,-2.1282836587687584,-1.5466788687949444,-0.5021811632466368,2.1884508634012056,1.0037040853975585,0.6484186762765898,1.9231281597433125,-0.3821920984852647,1.4069571814707105,1.6909938173264418,2.1308778056506537,1.7943616420913289,0.45612279624312607,0.8303284305294878,0.4235078065761516,-0.770819550762191,-0.6148814615691953,-0.19471355066715407,0.7748269708708531,1.3479838229690886,0.36290213457647,-0.23114422939375578,0.2727333669675039,0.4871038275790149,0.8140564818391811,0.9895658307870028,1.3880930440131534,1.573894771595003,0.6829925111219118,1.0211000292439902,1.0025847270939767,2.3182281689848856,1.994486934868078
-2.727973956772845,-1.8022314837799174,-1.060475096460947,-0.3479659813882326,1.853144949179897,1.9842521915842777,1.3423565870439604,0.4793112259669139,1.1503308078288044,1.0849008308082047,1.0366235192875115,1.0951942627265614,0.4690677429597495,1.5619730170332964,1.5233647722523478,1.3575114348269242,-0.5514703314721255,0.2722358908768546,0.2993354575118239,0.7354692760345054,1.1516627084324793,0.041520837750114455,-0.06546706473805604,0.12185456942589525,0.8802987786731334,0.5825380453696498,0.7745547504876634,1.6305857957316103,1.5736234500137922,0.969290372339703,1.0479498607421387,1.2180189822559913,1.0569522654447814,2.3897208612714973
-1.7390865265964248,-1.843231109523837,-0.738934067467769,-0.1518287047859155,1.1184449622450767,1.0900095628425646,0.38547338961111527,1.3588288369465087,3.406172415768708,3.168215551401216,0.8517318860786609,1.7685560434300756,0.20210833888298704,1.4788510208732513,0.9892488829209488,2.9366431571429756,0.6798308729050762,0.7435548455590025,0.637769419721105,1.0235310674373397,1.0360104268057369,0.7912339107837971,-0.3004991295622882,-0.15707636895930363,1.0681465150770255,1.3108179063829222,1.2725779992476776,2.0471506640175465,1.956315949574641,0.6430165030088596,1.4444542797407045,1.2609325838603245,2.3166265198083242,2.944060975864598
-2.0871514393967434,-0.7967116874942162,-0.8347994813616472,0.19233994770790558,1.054824258131735,2.9986090515275006,0.9160382032769038,2.119866333140492,3.451132550867632,1.7186780356224445,0.2569367410661477,1.4786627031727557,0.6335551717233547,0.789737047986456,0.24436207898454343,1.2789891800270998,0.38586057619340397,0.621839636956681,1.80649841819915,0.9437051577638482,1.5426755289857021,1.0211534383878735,0.430002814612263,0.06100684724813698,1.0087509338174043,1.2403561867859834,0.671842578776261,1.0931215425471712,1.4197562759769489,1.0552914880429496,1.6935325061534319,1.39026479751446,2.331898125055838,3.295818562561572
-1.7010814196860422,-1.4812017618770075,0.07055508573873538,0.4224722221194897,1.6917382134861207,2.971679014171941,1.8574345216631463,2.951270915876471,3.558283394998048,1.2335805525988595,1.789809994972332,0.36732084308824076,1.009744017949811,1.0021520081810917,-0.22522013846125585,-0.23990008167512536,3.313235951139999,0.7678891614310823,1.356368328418156,2.4267034548781528,1.6591174635314014,3.789245228298361,0.9407956111388122,0.5837955259650929,0.9375045605846004,0.6664048946518637,0.5313541596659517,1.713678767881123,1.1542389702477582,0.9838303255773367,1.8836323551673244,3.6946529936647643,2.0012316254440092,3.731754143460884
