script/wind50m.json
{"header": {"parameterCategory": 2, "parameterNumber": 2, "lo1": 3.000054539987559, "la1": 64.9999836372058, "dx": 0.5, "dy": 0.25, "nx": 34, "ny": 52, "refTime": "2026-01-21T07:00:00.000Z"}, "data":
[rows 0 to 23 of 52, columns 0 to 33 of 34]
-9.401095217992921,-9.71976809943347,-9.940592654842876,-9.690729725721503,-9.442539984999819,-10.22463149933364,-10.31522954373222,-10.803593726552577,-10.971139331134427,-10.433366200155387,-10.549485209851756,-11.215129644019083,-11.088324459435704,-11.304252912149478,-10.019140030234546,-8.329395387699599,-5.839367852910947,-6.5877432586362765,-6.776873672731491,-15.14367132172595,-5.97068953257156,-1.9243932258142191,-7.760869433475035,-6.008026994928275,-3.4747942007960773,-2.3739991629121135,-1.5822701875897878,-2.86436669756197,-1.600421115622646,-1.6989946453008908,-1.8734991184291592,-2.3803346582874445,-2.3850669426171875,-1.8338512417099215
-8.921322638909402,-9.148195810365465,-9.514092801978292,-9.685862334090704,-10.141154166426961,-10.460887265717737,-11.008062217015576,-11.58927827364642,-11.567144496476997,-10.982652605745066,-10.698049514541026,-10.897269789326138,-11.265623137561324,-11.617817783137465,-11.251867896088447,-9.178077355091501,-7.839943958439073,-5.902654693564547,-15.341794416697898,-9.15955896820371,-8.198223965700992,-5.622377875189096,-4.049290210537109,-7.119420552265329,-2.3721467912743104,-2.820697900444003,-1.748395987262316,-2.5531892405691163,-1.7282084180262691,-1.4946606919535914,-1.8220658482510672,-1.8190919352957822,-1.731700621206611,-3.130411689814036
-8.328379293263739,-8.809252741718584,-8.697893619195849,-8.375056766876131,-9.126581280486976,-9.745222604571804,-10.024966758125796,-10.790457058872912,-11.466259768582328,-11.89517667724352,-11.895206864117068,-11.261022916967987,-11.30023921795861,-10.361312436809461,-9.55584139518057,-7.399091105554021,-9.822471699950041,-7.560550865943092,-6.5756081301783045,-6.212879520787731,-9.654649930092196,-4.636926726835144,-5.27774051707055,-4.041105750826343,-3.263534072385014,-2.0044043375293836,-2.4403346351735298,-1.8378630993118343,-1.9076652389306668,-2.2652815203029575,-1.9012211103386976,-1.0812692677579152,-1.3097974839702624,-2.9078389231607913
-6.184564969204966,-6.483715838315558,-7.7017524822929415,-8.18064994701824,-8.134200994499516,-8.584660347930413,-9.71045918814171,-10.771760663850216,-11.186127395892777,-11.365480932737082,-11.5854965751617,-12.6064430515234,-12.66215329798614,-8.927432894451787,-8.291132646435722,-12.89689850509769,-6.930251033153064,-6.094471397161745,-14.581136801518754,-3.990979492235168,-12.635580825321448,-6.939243665867153,-8.040585123827846,-3.178022879242658,-2.764956068007075,-2.6644086880524385,-1.9793809798023292,-2.505224285912054,-2.580618814983825,-1.9549913047290661,-1.8033360062012334,-1.457452174188459,-1.1826096821610959,-1.5890695369555263
-3.4055445001027653,-4.196014632136935,-5.865981096756791,-6.829729661621777,-6.521281444392782,-6.554733394672056,-6.345050350629546,-6.835367426013763,-7.952576687525765,-8.976575721000762,-12.435618961177127,-13.302136962316794,-11.200506221974743,-10.55479173260246,-11.273277469182583,-11.750600461544487,-8.602785689182985,-5.4705411028630735,-8.474034801284443,-10.658688313712515,-10.896818766884648,-8.896629595131168,-2.067251910745925,-3.7312283292076316,-2.688588572914873,-2.4438116384193433,-2.8836309010252164,-2.652402871069038,-2.5667495217287923,-1.7389197126884646,-1.4953669060705368,-3.0996887268342146,-0.8960392628556462,-0.8977830538876027
-3.1396599602220365,-2.498181651715313,-3.2691446460865476,-5.2048073939043356,-5.677383970949256,-5.4402246509115155,-5.375005602804817,-5.087251602406203,-6.13536237002253,-7.611760866166844,-9.574931432596827,-10.254661398062018,-12.793620342886639,-8.940991442983218,-6.772281001506987,-6.21581151535593,-2.923767220300487,-4.925377454388954,-10.822914409895063,-12.457664688100527,-4.232156455387723,-6.930718521540571,-2.8560850468892953,-2.8766415384464814,-3.0685402594628086,-3.3265353383431253,-2.605725943563518,-2.485708088768067,-1.769984667922892,-2.574098092785069,-2.645185246187982,-1.2561475518917435,-1.0338332026145864,-1.8864611459725464
-4.526239220378689,-3.7283202800834037,-3.206192703166147,-3.257592270755239,-4.491795395798207,-4.916211646952294,-4.782206970964825,-4.827286820047235,-4.6852114780807925,-3.970346627419152,-4.611242458250585,-8.06239405677385,-6.276189275608683,-11.190176772341214,-11.166842388760632,-5.476576837949164,-4.426232216123328,-9.583134159852595,-13.60388339400312,-8.491833105248991,-5.686195461420389,-2.938515754392187,-4.875092214855376,-3.788399474117788,-3.594917542963928,-2.5302270084855922,-3.593804024545083,-2.056703813132731,-2.0727557722825405,-2.56505741348787,-0.9524501962507622,-1.9313857776648733,-1.9129364775300888,-2.0757297385830573
-5.745308773210389,-4.900188833303485,-4.85343986639489,-3.9547024872132375,-4.00142673257649,-4.649050327092923,-4.804582467871409,-4.929616219739529,-4.448774644869877,-4.833471927685734,-4.491333752668438,-0.4380564525880151,-0.9653659440030279,-6.782436826909552,-4.242399462416213,-2.164185071673986,-2.057666767912249,0.2236896515869672,-4.987508459579932,-3.9060053039704945,-7.097937299264637,-4.152131395733889,-1.9690741609022238,-3.4403182642012085,-3.0226205086242426,-3.2541467972126714,-3.871341904465833,-3.9460926154510387,-1.1385467193585763,-1.1063036435327254,-3.1828051654077623,-1.1392869406062285,-2.7999623294241163,-6.113859831899956
-6.461785116106445,-5.685709571935256,-5.566168365594768,-5.366812931015961,-5.210270861608761,-5.413107777246523,-5.946882684640073,-6.687614536324636,-5.820116751624771,-1.9204481922660475,-1.2845584566573034,-6.022856505586489,-6.339727937272267,-10.337875775253158,-5.228766220411529,-6.729608361200407,-9.438649358244408,-2.91319383608611,-10.560891024250045,-11.709230902112173,-8.180122444435302,-2.543602997558603,0.17786495787433151,-1.6903160024091046,-3.5415225859091937,-3.4814788272928596,-3.3852860352782255,-3.0987952074260283,-2.494482767346757,-1.8892037790311926,-3.418915671418839,-4.008321717686495,-6.17572638240905,-7.800260927292845
-8.28972668306439,-6.970784696249845,-6.0766527640344625,-5.596736625097661,-6.170586105148455,-6.698532145959374,-6.445994239916151,-4.59100495787472,-5.370983844294097,-3.432726888759311,-1.4369429384564505,-0.9172420585653106,-8.578642859032188,1.023636564738216,-5.104127855484762,-8.629094995551105,-3.3736006066181625,-8.216487437214164,-8.626613794962799,-6.383203699695605,-3.545392986381115,-1.3728404880851504,-2.3941125251116833,-0.7601503510016546,-2.4974263109310826,-4.159356318971766,-2.951216265606459,-4.138601674452454,-4.586326591293842,-3.646689954035029,-5.260276733526289,-8.39802302461355,-7.821602198430353,-7.155190577927871
-9.414847562424436,-8.168654862300963,-7.611703517150961,-6.8090392408123055,-6.386790331743287,-5.547189691031039,-3.2489742699845547,-1.857735012532301,-2.86090490632973,3.1754772834860194,-4.960395135405104,-5.564335671724824,1.0386490262404857,1.0113306505815038,2.1580238770069053,-6.987580825050694,-0.06091479519276647,-3.7074177311639067,-13.782530222698531,-4.34841030836003,-3.9700908452959407,-1.857031825000611,-3.962499963055835,-0.40471374917559905,-3.5763258711508548,-2.807913063392507,-2.3138401640345414,-4.2579675973720885,-2.8745756070481554,-5.276441680337581,-8.886417441321836,-9.03365057860906,-8.610048894504898,-7.614434923385917
-7.482967608397419,-8.794437538987514,-7.757264126731375,-6.8570002079181025,-5.992075174009743,-0.3571166642002045,-2.4201448458733474,-6.136019056302716,1.523620978368443,-12.500620325366791,-8.229595238035845,-7.588370809013159,-5.0646945519629245,-0.33454586014952775,-0.953240011435996,-0.5679375246917452,-8.148979024910949,-8.160173956278209,-7.28586211869297,-6.000312864062144,-5.595802392277569,-7.321804122491891,-0.8560087970537075,-1.2265727587025412,-0.5009936903082111,-2.6005774105687545,-3.57817391924414,-4.8932863708691565,-4.455709882593117,-6.598880539517386,-8.478002634013961,-8.105668769828535,-7.5581199975463775,-7.8658839731600825
-7.3936838701326835,-7.648487762769615,-6.6823527591359655,-4.99602182910746,-6.464019613541636,-1.7281331681258902,2.601257341840631,-4.649901665579356,-9.620253809772132,-8.508684115638667,-7.949156638246717,-9.662655845803524,-0.9086735947642315,-2.644637777384459,-0.3807254217263362,-0.9886415626895495,-4.912855302454282,-2.4628110892335755,-5.962630253491748,-4.031008091946583,-4.485515626043447,-3.8624255189121808,-4.49273643783632,-2.736869241687466,-0.7707735056287627,-1.539307553128544,-1.5366003675156024,-4.297251160338733,-3.721603028814955,-7.085366400595506,-7.350710714082166,-7.174897485171806,-6.470096292691003,-5.925315257374913
-7.6202962606737055,-6.403845642405218,-6.368675026988262,-3.5664710462634943,-2.50663546986783,-4.405615541685694,-2.9284262771616634,-0.7773164322882017,-11.314736242146973,-7.012816658263941,-4.677477986085655,-2.241265626486276,-4.724610211727702,-1.6872364246845175,-7.357293214910434,-1.170774034627317,-5.086197699320548,-5.246186560786375,-9.542931001813983,-4.463051258101626,-3.4669052285133275,-6.215971417707795,-4.181998891068311,-3.6559775644783277,-1.666241008469585,-1.8199846335697194,-1.1108446000704466,-1.7714598602375515,-4.019787258944364,-6.250833671446717,-6.548751759527007,-6.6905824724743965,-6.330140395206569,-5.81998989256831
-7.952574254884235,-6.573999220990597,-6.480237438145864,-5.51936319241707,-5.799364201875024,-11.802241043052756,-2.131701770164106,-9.614995425384878,-3.5454088583318932,-6.6112122302129785,-5.333702314410019,-8.549860446742482,-0.9432000891816024,-1.2357791114414056,-4.091997613755188,-6.357489356775272,0.46691615755772997,-5.158491626369126,-2.0891300578360226,-3.3701341435273457,-1.6486231579499622,-4.2408975513385965,-5.555889245189574,-4.788776438272124,-0.9185918003887177,-2.5746362537373533,-2.299107309509279,-2.0704723776561154,-1.3147359947540116,-6.428806244792926,-7.007005972872201,-6.944303290477238,-6.685433432447042,-6.406854243934203
-8.600755855103126,-7.054512084205608,-5.5039391532538104,-6.094487039956947,-6.181607024500993,-6.492263460391009,-10.36699305175907,2.310379058118365,-1.6913815587464567,-6.867578651567426,-8.301829342034411,-5.5307397106076195,-4.454089633381361,-1.7973594723289859,1.5782097542270348,-8.142235366013388,-3.763795767891865,-1.4582716954916792,-4.13467037838473,-3.573119024719045,-4.602567915722398,-2.7865157298867236,-3.8410989185231554,-5.325556828708078,-2.8639502334150677,-2.8176225792734724,-3.725467857579243,-1.9939335604242512,-3.406280425731409,-5.963853557667394,-8.122065660916268,-8.404528026050226,-7.719639809293828,-6.783387480738231
-8.299148865776203,-7.32879193674828,-4.905129067192523,-5.824331152514682,0.8130956071818642,-6.889138803986684,-12.215108894702302,-2.1333516893309685,0.5671140422759879,-7.935726651600207,-7.7311616282208275,-2.749193388046313,0.3585086259817294,1.9111690261961425,0.9513346062372418,2.365494966911007,-2.4767078223449768,0.0469998380551797,-4.365996249776018,-2.3378790185443266,-5.870956895612847,-5.16079491584537,-4.743425672531866,-3.3553198017636636,-3.547343427082822,-3.4024212359437893,-5.798855607761756,-4.246442151833239,-2.6640713285429416,-3.773582019470405,-7.81988231951954,-8.506450467338126,-8.310636990606302,-7.9859467911164685
-6.1240877318082445,-6.624312363065588,-7.485742680212558,-2.11140563997899,-0.20573833187434526,-3.406853717264132,-7.844527027823728,2.391201498724246,-8.799036530929731,-3.471612809374292,1.386714398885137,-5.494164501035327,-1.3325008316835092,-1.8886294266485324,-1.1342520284154674,-1.3211420858562057,1.3131874475569196,-0.06702861412653756,-2.698842349264605,-4.483304692857942,-5.5310736030890135,-4.612484134549602,-4.162737768720763,-4.080305507133633,-2.450538790895808,-3.567260075646131,-4.431521855880678,-2.949364883044493,-4.538809510353608,-6.0455538584008846,-4.3278698137796034,-9.125674424486055,-8.873936423443293,-8.968260399212262
-7.6927736366728325,-5.23306929567724,-4.38633984570701,-4.9204345016937365,-6.676985362479601,-2.797836704696455,-5.162975924701143,-3.6956811096910425,-11.256392302967491,-6.657149440333657,-7.283675320729065,-1.24513881284818,-1.9444320524160736,-4.332132593605041,4.452315091720267,-0.23392384183868767,-0.8217401623951304,-1.5900958032978252,1.6515518768168098,-4.282480823961744,-4.163174282729211,-6.274761835853613,-4.207637724115323,-4.388460311925786,-3.2095049712499604,-2.7204400098428416,-4.572676755193092,-3.7682914997352754,-3.3558188992404534,-4.8063273322470765,-5.402841830331447,-9.194601638889765,-8.866667583960462,-8.9564139341951
-6.951632331583501,-6.768144525481616,-3.9857370900052556,-2.5786605968247507,-1.1110103385112855,-2.573436144911777,-0.07315668460928362,-3.5234131950908307,-11.757994618330601,-6.801441051256898,-5.733767770429819,-2.3851209235655046,0.6458049619569689,-2.9196061913928912,-1.9926198663780306,-1.9233465798051403,-0.4666838001846646,-1.946299989528713,0.15327377541136072,-2.9120624527289523,-2.23665727517247,-4.459247724864832,-6.393805354819992,-5.3934575877436375,-3.9183006345075606,-2.8148181429912333,-1.3349138972505412,-2.718199930753952,-3.8124305266658016,-3.2142001219318077,-3.7765521143218037,-4.630332646055959,-7.174693064163256,-4.336810277047168
-7.9858749401975855,-6.242964523365322,-5.6071849761048504,-2.5337883970979975,-0.5866509735338924,-5.521345399254665,1.0406262897236231,2.3342548628737734,-10.623797762727236,-3.5463228424121493,-7.944739690573388,-5.7169029945345535,-6.224278928470561,0.022428213155403005,-3.042291204652827,-2.3869163338912687,-0.9085751942062512,-0.5268023912976428,-4.891821246821375,-3.8537679212497133,-2.7866599977659927,-2.0044202584992785,-4.254729722763197,-4.132942670792586,-3.460553281052164,-2.260871926433774,-1.9435705714665923,-2.259340503516164,-2.873170006034532,-3.2556414079911407,-3.6004676812058864,-3.85468616796972,-7.532761467103498,-7.036576431063183
-8.800048940268217,-8.12169664884423,-5.725317326149228,-6.26978477986085,-4.165472475546674,-3.779871898406979,-13.33673440125014,-11.53264252182714,-13.185460367055962,0.6786446475542074,0.6242165916353126,-0.6013697182784602,0.45165779671526857,-0.0954691388336632,0.73050218129384,1.268425182658567,-1.8888587848767284,-3.709618117831955,-4.66367387233544,-3.869017350010159,-3.7058660783118507,-3.3074948012316634,-4.719799227631059,-3.691108956776196,-3.7820698937852133,-3.369303904372507,-2.1951952764889406,-2.4594951706748773,-2.6458536849373617,-3.126501031801821,-3.1826727398666375,-3.7670661233713316,-4.736545805853036,-8.8957272489084
-10.505251614139354,-7.748730159296216,-7.319433729805932,-5.765405932039807,-7.260284584887911,-6.089471844397392,-13.721506121612183,-8.991000499319709,-8.03494636776346,-16.768438656594597,1.526948429191212,-5.248132859617654,0.5177717355258641,-4.673588528409318,-2.4352426362193906,-3.0706581939065116,-2.677262428992677,-4.949197698943107,-5.298133485714468,-4.935072685582567,-1.913595061820052,-1.3249088095272576,-3.402818315769834,-4.5294379658606,-4.026842601553236,-2.949603742525957,-3.3280636564905364,-3.0504940006810743,-2.7285839156721936,-2.2302485254791042,-4.612358321235725,-5.816750944335156,-9.614233418088482,-9.085044555713607
-14.021334485879398,-11.009689755691694,-7.9391365931736,-6.59114841416519,-6.677393398321478,-8.79152525451093,-7.9784073895297425,-21.318682965828625,-16.87939658771303,-6.548910094341153,-0.1355082705438385,1.063453091484367,-2.048706938169315,-1.79393181108463,-4.483257794516654,-4.795306403936678,-3.816340990717866,-5.411809931503285,-5.272083417510191,-4.232736151821179,-1.309157709818475,-1.784095029387657,-1.9425457058173494,-3.444880854514736,-4.142298706702772,-3.5966241299887627,-3.5719937521713847,-3.1078048424159475,-2.215503005588513,-2.231085406112526,-5.638994669349963,-5.6794948919838015,-9.501664821653726,-11.756779824704076
