script/wind100m.json
{"header": {"parameterCategory": 2, "parameterNumber": 2, "lo1": 3.000054539987559, "la1": 64.9999836372058, "dx": 0.5, "dy": 0.25, "nx": 34, "ny": 52, "refTime": "2026-04-21T09:00:00.000Z"}, "data":
[rows 0 to 23 of 52, columns 0 to 33 of 34]
5.063871322671116,4.834112061558987,4.522327053549775,4.283868874841936,3.9885298736846457,3.5507567085821994,3.2348671403038813,3.34658626364459,3.8595202904555745,4.581002559835086,4.218313358811818,4.2063144981631755,3.9651252656840255,2.417960216689343,1.1995534527668161,1.5705523293363972,1.4925744405445942,2.3894655966018203,2.082454964833198,2.9673602539562687,6.11054427708319,6.238194908560512,8.086750475120748,4.122918325842664,5.017567708130504,4.732642959863525,3.587582498881078,4.2711802716839955,4.196654145933938,4.947602381381185,3.633561617911659,3.936122140866819,3.906843376252219,4.2507075822391585
3.94674079389263,3.789254862862717,3.1279989576331495,2.695972051550457,2.408151353456942,2.44674679322897,2.4660575276788435,4.2596202538189125,3.57546055873285,3.1539346922050515,2.7236123762378632,2.49535951942474,1.6137279267674118,1.573054069200257,1.4563285060161948,1.9637335637522664,2.6088793401176558,3.2532576075846333,3.0180896689589423,8.36397099606055,2.966115446633161,4.791513086323137,3.5213515038446133,8.176310910638223,6.0803137922108474,4.474145871716069,2.9959362091942365,3.6887749732083286,2.8597684489648283,3.777635896636313,3.301624174317784,3.8138088867821014,3.897797374831192,4.140030478059943
2.6571377506984577,1.8916897712151979,1.4089401886061321,1.432001083890293,2.1266735841655917,2.8537036084847243,3.4838981846335386,3.0838340741180184,2.154865151765543,2.2725029837115507,1.8175276863923142,1.0549494952336167,1.3036710559675357,1.4514585116198642,1.9396694811925526,2.589302670882116,5.496938134290553,1.967550467530504,2.2401203519348067,2.800290578637349,6.432713518327367,5.974147368040432,5.562531555360029,6.815321505632113,5.329457733765135,3.4299638099461354,3.163751607506702,2.859025496457698,2.9968190639010293,2.610817826976241,2.665630968580202,2.977605414011512,3.876516494106279,3.9600644385198644
1.2334314806377265,0.6033838577328243,0.7729937536514659,1.5350432627677804,1.8852885863800652,2.334375877988463,1.9366899407308449,1.2264080040349294,0.4025558675422944,0.7144545562066009,0.7888849640999668,0.9058029362069997,1.6409123979252556,1.9319613945097773,2.0203809038163927,4.628584826398197,4.267109129526563,3.6831055784743367,4.838864444896732,2.630097673019996,4.057741083805327,6.580502025873036,6.079563247750951,5.758629883180046,5.415579092237757,4.587334997844528,4.424594334157845,3.332339481382134,2.7451981635375686,2.532848581291702,2.220329165360516,2.161725137423199,2.8008974904400428,3.4277985429441107
0.40255744501676666,0.7491360227055431,1.4977898208946114,1.6658244511627036,1.9743025036425605,1.4983353176098007,-0.3765823958052486,-1.5500132011192904,0.15281584431580233,0.007618664803802722,0.7988741245792351,1.522570009105191,2.3793470551255296,3.271654551036769,2.252926869478273,4.636741955105874,4.119391706913284,2.097237348777322,2.76684598042794,8.079077833865142,3.238154712156547,9.422183771528593,3.189755090866616,5.789294966561291,3.6147419642423295,3.6692571155471274,4.029044613357885,3.0412895336036803,2.9412143056170343,3.3429912912814848,2.9379224070043426,2.9204764923535147,2.4377008176531967,2.909635358188463
0.9293141367697135,2.7287958743267398,2.447277254502489,1.7732301828463595,2.48610339557514,-0.04576311813549127,-2.1431644551600897,-0.8357583887259397,-0.3659464104646154,0.31965839695308085,0.5423198150024893,1.4472421830670184,1.4137821202221286,2.647013858367334,2.784880238907359,4.005667318604686,2.5245347842645294,3.167771348470676,5.014343957458009,3.4092739134151877,2.619504414639191,6.186029190852729,5.02078837710676,3.5124471319209865,4.642314518685543,3.0228199967123657,3.2410746592927153,3.3922496194636698,3.072355360393536,2.744314238243369,2.9729038421095013,1.9998116147744158,2.230498470749173,1.8861465456781752
1.3345967915952444,1.2631426952438887,1.238485463122391,1.0405822429196152,1.0580836540260934,-2.1044417251109833,-1.6430196031928197,-0.6134789978134332,-0.1395076001634097,0.4524021862800829,1.625711359979702,2.5966858703321876,1.962955188292598,5.087933156951066,2.7697036029349844,3.924311763979395,1.1842525319528898,2.6198370604385826,5.0512129091547004,4.997032319503715,4.316294719627599,6.365210624038908,5.5379305224735695,4.307477143785734,4.556272340227165,3.4145477529429136,2.984105468339427,3.2668381173314742,2.97127520159881,3.7352639023726426,3.392596887168122,1.8742992809835364,1.7893887240422308,2.3971926388675753
0.5642218375021559,-0.26293572209014276,-0.8900686627416045,0.9821711977555421,0.0320945648071488,-2.5253713528463937,-1.56704317340983,0.42589998412114477,0.45512280572889824,1.6548986322807393,4.106044655007271,2.7019269726656203,2.2806804645593552,7.0494832001272965,1.8948759794606091,1.807745702943251,0.011424863457398283,4.515136616607502,6.1937093942077555,6.1072305484182925,7.404809470118891,6.553258128708671,5.380788302977225,4.441864674825566,3.248317235710917,2.85970555234075,2.6416052649895283,2.5386547549942162,2.51205086011474,2.771803974492526,2.7559327777915184,2.677186873465345,2.537231358851038,2.255067002237998
-0.20177469693337996,-0.8526484176794163,-1.8047486475712273,-1.072468560534098,-1.6857740348278514,-2.783236847366903,-0.290257125827513,0.5316928680114785,1.9802051969954007,2.3061880151360823,1.6921448662097485,2.6922757154370833,5.0535334819369515,4.121003614097949,4.828925530789367,3.241575238124216,4.221995451648945,4.190069763203217,2.3186968023709302,5.021178058897596,4.990369605728104,4.24829741408592,3.5110933021343325,3.591247478667357,3.948766488440005,3.219626059311812,3.02214023095496,3.5263385476791393,1.9334396020937132,4.445905607675724,3.9607464555722265,2.698765199560591,4.000182088867799,2.3787467418285733
-0.2536997846849039,-2.5731921615628295,-1.8847948599505384,-1.931148763175727,-2.6593122307878683,-1.1657665703599942,0.04900544761477912,1.1512301345732738,2.5124129633346053,2.163384893492443,2.6994762341780985,1.4292356696618693,4.605881278775152,4.928096912216128,0.1893151725924442,1.6543182960959986,3.2332409016114125,4.50779565701552,4.825397060629194,5.471802383045682,3.4785085235646673,3.0134564104796655,2.2788848435286937,1.370511808285303,2.6572144602356067,2.9000650920454363,2.6676748996350046,2.9222613604899514,3.632193433549829,3.2666674723637805,3.4752317248024758,2.050451859107787,3.884400711865219,0.8485845665844702
1.0778780393470822,0.6464840239013232,-2.8084705688955514,-1.2057006108916148,-1.5233480042359637,-1.0412750969070357,0.7639563981700404,0.5914337016451577,1.0753281482492836,0.9484252314037656,1.8640750287930747,0.08337271879590387,0.3357915500316809,3.527982702156045,3.3895095652475202,2.8922055575043624,1.6149994419566396,2.4853140033175065,2.9549305055781416,3.378506752279145,2.1509747766826215,1.9046340974501617,1.9829379853106395,1.6008978442192632,1.7726921084910159,1.2603099133265872,3.0851160267287216,3.0637793553620805,3.69830566333314,3.0083644394327247,2.698832108810165,3.886841998180553,2.80231129375008,0.968944056686557
0.2527770351553562,-0.8144930621905123,-2.6357184037549155,-2.408229042013916,-2.4083832882640475,0.06885893845925445,-0.6162978603152476,1.871152665344746,0.45442514683940505,-0.11397279437495084,0.9368548097044903,1.8545544494600144,-0.8120504060993204,1.9737752136260345,1.8057786812346615,1.1124123818185687,1.607877527606375,2.2060382280249873,0.9955038031748334,4.604632618878041,2.219046620470642,2.290582605124413,2.0822193818542782,0.1060900325809321,1.3200992841372172,1.8224843701447013,1.9328054185219068,2.2693347587975174,3.305881179278078,4.512930550790945,4.2943326935499675,3.3894191552258,1.29780141912534,0.3049060694168655
-1.3212359669718556,-0.010744535676558578,-4.9179298195704435,-2.1970010532841573,-1.2570950813187765,0.6053301123912898,0.2563305791102338,0.015511422193643917,0.47740588959382435,1.482749823025069,1.9880625902168123,0.12059040252098316,3.284960050265026,1.2129411603007565,0.3241195124140009,0.770443563310008,1.3973507624150892,1.206855271741537,2.1278427549695356,0.9503531800519086,1.8899823272541878,1.7088238342555702,1.044125610759331,0.48766771088969146,0.8801848781438009,2.1139085907728443,1.628906389992463,1.2518381952463355,2.7357489607055454,3.4798967251180084,4.917694652640764,2.574342869550026,1.226266317093133,-0.5452531599335794
-0.20508731410804612,-0.9104596978703728,-3.670834794127831,-1.8449547377329614,-2.1359029205337903,-1.3766225810581125,-0.9683319528240368,0.8515693201841797,0.5389947309646684,-0.4458184475899706,-0.40144244482263836,1.2516826825562057,1.5446314534352021,2.468982999110605,-0.7784093805032796,0.3604699714402689,0.8008143001507285,0.5593799594230036,0.9261926824852401,1.2738296380688512,2.030557316421339,-0.1278048143968667,0.18607469816244396,0.5665417786925945,0.5733053395428833,1.2662278697071376,2.87886373865292,2.0574960921215046,2.619548273789322,4.199506856098529,3.476301460697472,2.521124375903539,1.8133505671501335,0.22082179758609696
0.06759965925613426,-1.9982053526487087,-2.227426008818511,0.09610202460813451,1.5523882779406186,1.222175291268895,0.7813956224964339,1.0474697450187813,0.5537356267795541,0.4299513176516039,0.7746049988781611,-0.24360520026383614,0.4336853130183985,1.201969570365416,2.4714154129626094,-0.6447721124072091,0.2166371612488515,1.3293620982141066,-0.26735221960142064,0.7521824970256745,0.6928258050529085,2.5855222173103733,-0.1435246362701027,0.5791292372491103,0.6528874245215832,0.8083843038214681,0.9008721127813024,3.0817494641865,2.1647561666902067,4.539710555592755,3.7180649461707787,3.129721086275374,1.151318856642982,0.7302727572104735
-0.9142698213835769,-3.99129374113615,-1.1465091584316964,0.6448111617790794,1.3696306812068533,1.1071040338791205,0.12364893181485515,-0.7907080394056508,-0.24074032729706316,0.33755301940394045,2.0262580064388924,3.131280601938424,0.3940441126622968,1.2876894621481543,2.466650854651709,-0.045603692678273,-0.3059187769355277,2.16379415725824,1.292983684532458,0.008706782662361048,0.016526128627600545,1.377663461660954,0.5461997456685358,0.31409057090562414,-0.9550898880005363,0.43351906212726476,0.8467962636124504,2.734357562777175,1.5477622305572287,4.973630807071286,3.3156219002936327,2.7602460861113625,1.4367618541241658,0.898642812413852
-2.1005531576037226,-1.3168899402735925,-0.6439568283396897,0.3896107800569837,0.9361077988106303,0.7526944236085034,-0.6698860429546112,0.043642240578077016,-0.5615196221035985,-0.3524443793481175,1.3487098967600821,0.40956453758923733,-0.7836013293871054,1.1404893280580184,0.7245863768831585,2.8740110615109753,-0.7251719864769497,0.2215831960662549,0.6271877852039043,-0.18764998172299482,-0.12285500230405562,0.7378728555384783,0.19553233094305172,0.4359988779766605,-0.7687976605512132,-0.29315342009135886,0.3417627219825134,1.1315954304736338,2.420901368224067,4.065828322364438,3.0173032656114405,2.7663854540438333,1.595055304489966,1.2174301701065133
-1.850394718125625,-0.9717314648719585,-0.5533141599494986,0.6345814110029481,1.2626574777129114,0.44857576799209603,-0.09163053193339261,0.36591041252851453,-1.1568563244850685,0.09082912973347543,1.263306572532749,0.618580612305951,0.35429479768461936,0.22232158580676975,-0.0186953598889429,-0.6932581769623741,0.8458224558202171,1.6381598076337336,0.16469001791355736,-0.3906692438264093,-0.2719733671169485,0.47603783298425106,0.8334376464203419,-0.656697981139438,1.153619799262598,-0.10800370256054183,-0.34636653044396426,-0.24594164041363845,0.3536814647115192,2.941227066071372,2.3845624204998175,2.3155786537996113,2.2323675286479205,1.607521330068242
-0.9677854043593243,-1.0360586124572417,-0.510662444263121,0.2849383548443162,1.7979951571199684,1.6939834156910998,-0.7930807399830561,-0.5690268199930633,1.0684149283881028,0.3801250811741436,0.9441928632754436,0.3488824427942982,0.43580439272252985,-0.9132716313636067,1.8207599216778598,-2.319833954337836,-0.3727511381220005,1.2207183569186897,0.6606958088627038,-0.2631843299302968,-0.27023903566736796,-1.4395218711244617,-0.7521064562957609,-0.24459355254143775,-0.5061688855555911,0.3996972265107551,0.596443187889549,-0.962737142607099,-0.1103230690516525,0.0798023656449071,1.7186605642199062,2.5081440000334205,2.4585277791041302,2.491600049750993
-0.8209617220432571,-0.3793447539552538,-0.2226609702422988,-0.03156257558400421,1.5534261993240912,2.0104008793571984,0.7469760189720411,0.3079150294079609,-1.9049255637120357,-1.5140974726834726,-0.08287863320099698,0.6550866587960749,2.5426314166831534,0.07121202948726853,-1.2768619567109996,0.358853385324717,-1.4362508913468637,-0.6148458275127312,0.3862286900289753,1.0790476790574992,-0.9277569403025784,-1.6142697229857064,-1.796777973238589,-0.28392540121401244,0.7561041937781191,0.264684356057854,1.8454682950500785,-0.3102536054983922,0.06497160932221438,-0.07502901542268933,0.40338611528145224,1.3195002914309946,3.980099504138134,2.6329817750605122
-0.7049085475500889,-0.7596562864402272,-0.22391048738841465,0.4537448276588646,1.5633379765418332,1.4096862998209574,0.9669676841256916,0.36577957388766386,-3.8519938649305545,-0.38110617396582464,0.0725219510368886,-0.24181537076650192,-1.5881522458401727,-0.788184521088245,-0.8854453909320824,-1.9307561448610338,-1.8185890404735074,-0.35580909226802904,-0.32108555455964294,0.5692336264132825,-0.2831671711811869,0.0867464471749745,-1.5510561211820204,-1.0008344689982072,-0.31632616347093956,0.5022518369813039,0.30510242528313897,0.5636003862011798,0.2242256828195382,0.22501961998398912,0.5732334060194555,1.4312476777848615,4.499392825370496,5.173212752480649
-0.8775343219859143,-0.45427213658222043,0.12897616975270312,0.8343401907591849,1.794726364616146,1.50962451038009,1.9476469946850146,-2.0076677138933814,-2.184716967088043,0.2790727028841108,0.09220719272477418,0.16231846322024984,1.1878299727121882,0.11639806472823547,2.7378077028262298,0.14034072680030757,-2.0905716743866494,-0.6335329317073433,0.09950639877323737,0.5656734152750771,-0.8917045831146767,-0.8763863736485297,-1.3342148622534107,-0.5216714755980132,0.2379204017045153,-0.3555386124635034,0.554343803695838,0.7363251351215968,0.6797149005507123,0.4540714859510174,0.9188023058778164,1.487465709529769,1.1951003101952877,5.837078412312549
-1.0932649358101512,-0.8300717110442991,0.1805033617414663,0.9520855032615066,2.0436780339171037,0.5771606388743853,0.6110648543948203,-0.9520349169140421,-1.6981763348087386,-1.82290292288617,1.1970292907404034,-2.3952300336926147,1.046374017454455,-2.4915182710583212,-0.18382975412186123,-1.4361420524916884,-1.934972025174484,-1.1700279748244446,-1.6593422872886616,-0.17378931496224986,0.4312928253850642,0.6311059292739151,-1.1939118876759218,-1.2788580770380007,0.5479600461766538,-0.33012209840884876,-0.5117468909367752,0.03259135095033002,1.2413918720528325,1.5068708243956095,2.559443906333906,1.9411193976410261,3.304888247061048,2.6686866622031844
-1.2011899299428404,-0.9476135431609413,-0.024995700572551367,0.9465895115123052,1.991205445849929,3.2061901539795676,0.2611146861396783,-0.0416815677904739,-1.8557861318491693,1.7367025339382547,-1.6317018210200713,0.051772886703768686,0.023315731399308124,-1.0993019946205067,-2.154722893228899,-0.6248748552320821,-1.8082349954133803,-1.7912570232098435,-0.5513738175363124,-1.2339946723261217,0.02340941965671741,-0.1569667361813598,0.06625672687922471,-0.09845304402282051,-0.5540528776359241,0.5034742924814282,0.7016407213881828,0.9918558031372084,1.6238715732931377,2.310134743134344,2.609159137439784,1.7201508417238205,1.9969710130190697,0.7763289110143062
