script/wind250m.json
{"header": {"parameterCategory": 2, "parameterNumber": 2, "lo1": 3.000054539987559, "la1": 64.9999836372058, "dx": 0.5, "dy": 0.25, "nx": 34, "ny": 52, "refTime": "2025-12-18T08:00:00.000Z"}, "data":
[rows 0 to 24 of 52, columns 0 to 33 of 34]
3.661334647069814,3.5218802663416424,2.226082646174682,6.7657646842626935,5.277267609598819,5.286247055178989,4.080791758596617,4.62264554585734,4.483059664041248,3.762474363367338,2.3268109849926457,1.7410987486935454,1.240669250215341,2.1795224595311318,1.4479955593481952,-1.3025345465836644,-2.34889378506793,-3.772003139855991,-4.070276795913919,0.3667954027549035,-2.2979267234658645,-1.024881970103228,-5.194802275814862,0.8511404821669949,1.2191625206733223,0.5083803537670943,0.4487319889330588,2.301824933551426,2.7258928000553855,2.056360208537971,1.569044013300562,-0.6041075631325287,1.3213356455635468,0.18058801436672542
3.0164883078898272,3.4774588410830867,1.6063110690593998,3.9791866725193805,4.118851309929747,4.49419664920603,4.5576736843450965,4.5421047072583525,4.321287265148147,3.6822980999914843,2.706926842655769,1.9411378409348987,0.3041124625486854,0.6307026195454483,2.7780585873619827,2.0535445531942944,0.22251880476203134,-3.7567301141750242,-3.386813032250859,-2.008186543834185,-3.7642962499657133,-3.181855879513543,-1.504909960748198,-1.8791561948521132,-3.089088531665764,-1.452270493603828,2.645669719620894,0.03303776108972031,2.549396483753978,5.705741564416383,3.381749939198795,0.010102241108125349,-0.5229377475919403,2.6504580878543917
1.9491986794895702,2.4162400354373097,0.4367560468491196,2.3324108888317774,3.4132889112570353,5.618967878854455,5.04035551964488,4.560432346784386,2.6976049369300115,2.6791572750050965,2.2881807413372464,0.45345842548626536,-0.4506776297614441,1.151637700380155,1.1235419170914673,0.03328965168323893,1.8014665926577922,-3.017950831726428,-3.7248455095961046,-3.048947974192322,-0.5438439240623091,-2.5818089979253447,-3.115681241479396,0.2641002761761975,1.7359057762537744,-1.2120836818012506,-1.6064405440039153,4.02478776455122,2.352080297359406,5.039961829711776,7.64532708610005,3.29662167385342,-0.24780434777600438,-0.815143841140158
1.2792540320704682,4.615405852622694,2.137021681148373,1.5591209218834157,4.218391125050972,4.53129359624844,3.6296432320722065,2.194698464552198,2.1343715113158086,1.9667524018000175,1.9520750929331148,0.44872406903032735,0.7893542224838372,0.06471828659838441,-0.10098186507486057,1.345038798803231,-1.108136407357014,-0.3397975686321,-0.41311955522694516,-1.5133896775887226,3.1895382043011495,-1.4249654334308468,0.17741733416398714,3.0436598065186837,1.66353505153589,-0.16110258232901586,4.317136178580783,1.294690094850209,2.914972480720041,3.3208775690069574,2.189989223239633,4.900853438958928,-0.5728614417125281,-1.789226049198948
4.330429574509232,3.6163393242982056,1.8572924151041528,2.7212443307783754,2.387195193071163,3.2615498888007313,2.8085933427766903,2.470046792956287,2.7513311110188496,1.9316061793481845,2.1781014267812817,1.6201788228438245,0.03331968169608259,-2.0001450308565953,-3.4726477485423706,-0.04852356701699921,2.5399989217782477,-1.2117358744877327,-2.2416705581946546,1.7749136113752402,5.41167162259609,4.288275074318403,-1.140281605425385,0.7183925584038561,2.8382398414846417,3.1102786630890917,4.113936037966401,-0.004415173452405212,4.5667600363904866,4.59931551152987,5.32374599860953,6.325768288375598,1.492903608821562,-0.2646156789786086
5.030359262299611,5.846274515499912,2.1927935966845724,1.5584400883148686,0.891845503608518,1.3121058069584441,1.6685243167075818,1.0671832653150757,-1.380558239398232,0.28344399655977354,-0.38069278914967214,0.6427001670394789,-1.63010286335492,-5.753034578746565,-2.898155039013094,-0.4597967844090885,-0.07780453496524177,1.3354300857077985,3.546817866796207,-1.6067387207369335,-6.147122305449847,-1.310373741520795,3.8261315489105314,0.5644549907576993,2.786114892335171,2.3149564174892836,4.092125799278005,3.3672302796974933,1.0020487020117212,6.015188104407648,7.242455161764164,3.9882320773114337,1.3548903767919471,1.5390332490290055
5.424119311775395,2.0159973063168968,1.4263813941011927,1.904674476816561,-0.580477352306842,-0.39222631196327506,-0.22637349015979596,-1.8203840122719885,-1.5849876061342438,-0.44192281939980144,0.4320266783666725,0.12539287850698255,-0.4692006589117447,-0.5650766285960542,-3.886353987810324,0.7176894389013873,0.4576063068266774,0.1133594631484558,3.1463995666884763,-0.23593894704828583,-0.10848309717256302,-0.8282059272820552,-1.7699155254035874,0.9967181025995079,3.555611330498745,0.9598140540196513,7.3153903558099325,2.849345656984723,2.8016611189600438,8.135396804467286,4.953004069118387,7.577393287069129,7.0027583948320515,5.777986963433977
4.652451574013362,2.606182379698211,1.2364646535223294,1.87689435747444,-0.6507761455175448,-2.326527879450174,-1.7378653761868035,-1.9791431458889586,-1.9696043754076766,-0.07910463461974886,1.08512672468292,-3.077718098313086,-0.3133131469478998,1.2225768070899912,-0.5364852900323762,1.4244996891215775,-1.111588779491517,3.3966754765524563,5.026658961964328,4.684694836156094,3.455991561839844,3.8583137389112556,-1.277239169691617,0.7469885604524434,-0.10488438509786889,0.993137395720249,1.2320405537780825,6.218320344672579,2.683876000874744,1.9560918259488065,8.981156787471045,5.644376648396653,6.432408766433429,9.89254175175133
4.1375153101780615,5.64277718279246,0.14073784049539265,0.8499296414867745,1.3592694133834227,-0.10929396154170679,-3.074381066819406,-2.259527108778831,-0.514134967610917,0.08097405513845175,-2.0040502990424645,-1.036184535409931,3.6381542374361624,2.932898340387171,2.1826881105412337,1.0817496907202897,-3.2221699885367503,7.061923879001787,3.059577663515469,3.75604470348626,11.247936175066892,7.113934364864637,2.3894093385579676,-0.22840570053534484,0.9873908467858554,1.6946484524811898,1.7381783165225044,2.426191292404362,3.2289826157506316,6.080118531199285,5.985706342214327,7.035962646997476,7.555758092128014,8.591650830919312
4.179976541569866,5.4018351116696275,1.8024960589598156,1.5465612257612713,0.19432791893687154,-2.4028510840537463,-2.0221162235707806,-1.89890825017507,-2.3936268038178636,-0.9606517432365332,-0.7799864615588383,-1.1390065866148005,4.406330742153773,6.96951788352189,-1.1949240563432029,3.820921458565034,3.132474358024229,-0.13149198954397381,0.5081945168008711,4.498721245611546,6.553098242593121,4.334469672969072,3.6158405460004714,4.048994622455604,0.8695777428948974,1.12158972825154,2.512499088057037,3.443300246225933,4.931823176116198,7.275316314043681,7.187617247452597,7.28682401664721,8.49905734671083,7.873398346058648
5.536527575026,5.67991371607792,7.646458197077123,0.8414837143464448,-0.18623313289836188,-0.9382863969977004,-2.3894489352204484,-3.5545849459006362,4.065162251674345,0.9215940034096936,3.585785491850056,-7.2030965659433805,7.43559758003286,4.512123728574022,5.622469255001891,-1.0922064230376485,3.7413732525457224,0.3997976228043453,2.2701947609962274,3.175663418665939,4.4671283150071215,2.322793341660149,12.293979608999809,2.062553218564682,3.1005624323006193,1.396584546494831,1.1634854361815843,3.698576551260257,6.556291047608461,5.189547422790924,8.107737191676515,10.100405749680665,7.1744691446233535,7.296016645843354
5.963942735351825,6.16883733691619,5.0346834155320055,-0.6462846651888049,0.052373305026464805,-3.5310709166159953,-5.828532286333379,-4.636198315139407,-1.3802927783331136,-4.996348040211845,-4.544559442621486,-0.6262263850171269,-2.3200202314616636,1.148747953751733,3.2039959512514686,-0.7953264377021562,-0.1721585786057442,4.787055412376798,4.7671858890182754,1.7880794866179441,6.4960730645965095,4.075144294841825,0.9867300471942891,7.788024151791647,0.5082372199583246,-0.8096013612629026,2.2684476559264026,4.126097402279955,7.64746989827565,7.598958845865294,9.357761187262861,10.096814053312803,8.159260316336665,6.210757808874612
6.325996388424501,7.898917571906021,6.637370882429048,-3.234747494368031,-1.6073874392815994,-4.2724075715605245,-2.5669362536392124,-1.0562495217019803,-3.8402074323248265,0.5399353742724746,-0.8125650890949782,1.1781723559910957,1.7345994328634677,4.5767141851730875,-4.445558049071325,5.247863585762955,-1.2403335621327196,5.628592118411221,1.4559991877208085,1.1875216087026588,1.1684645379825076,4.836013202812286,5.707969427335389,2.5064147036075943,3.5399060809725387,1.1192157741319233,0.710982140345299,5.358555145044673,6.66869860897877,9.382448207067911,9.004289888540423,7.168113502385448,8.412833514998864,7.426717125965259
7.662031070616248,7.4080307357389925,5.245559464441376,-3.2461119174339506,-4.597692954353259,-3.720032684045345,6.2790332880196695,-3.499857719344646,-2.9641882833050244,1.7601044609496168,5.970938165812973,8.212615486077144,-1.3008994085604644,-6.390544211694357,-0.12675595002678527,1.9580129544223834,-0.6658521291460493,1.0726444319509514,2.586060647232781,2.5818100854817927,-1.2792664964113518,4.280747987768112,3.8133198298854563,5.234720150764574,1.9408351221778561,4.387003374458566,3.674477742765639,3.962440190619669,4.786296459993141,10.132319318145985,7.253755785482229,7.617240497137904,6.907154357320955,7.498718250928999
5.771821676948615,7.542097479604571,6.547009126939461,-3.9326841717274057,-3.5246766289913722,-6.328351238003831,-3.7453352348878965,-3.5376410604153072,-3.286648442535115,0.5547631309676346,-0.6526232088701529,1.787255406398414,1.3068864053811675,-0.9466597145567388,-1.7807299640422405,2.224714728634603,-3.6686944362684146,-0.7751748735696282,0.7361781355053026,0.8533991760631348,2.135338521424922,-0.2430280553647388,3.2405138902267625,3.9455782033377935,3.0005825848173444,3.9960716891350576,3.846804162921666,4.8898284123990186,5.931784146032905,7.305690080797591,7.651937261044869,7.0632634462539325,5.884972377781864,6.963348481694645
7.954624192589794,8.508262102068773,7.000919389285713,4.276943429240768,-3.16307509315399,-5.545391770733738,-3.15129236217793,-1.5771981909966146,-2.7165203545672796,-2.222898304093502,-3.9999602483109857,-0.0867884147684694,-3.173269912816795,-0.535804650967755,-4.658765378894581,-1.2348907081542324,1.0643162945997764,-2.691453798928769,-1.4393782433964253,0.5786895678900033,6.973105974838749,1.958711732062193,0.527267102114193,4.415693316790694,1.903584307429713,3.1159654114410333,6.564438585184002,2.3926254358881547,5.072015758464571,5.689283937258369,7.405023565147621,7.005548081184638,5.9533595109695545,5.701837568385213
7.617742533527592,8.406080506270717,7.500026097264405,2.345892513264491,-3.771720925691792,-3.8179294155224865,-1.6667564354107491,0.15105830073236945,-5.361868061168777,0.6407130249251902,3.981505402711008,3.7686630684040634,-1.7098004906388788,-5.179513756120583,-3.1591131259182634,-5.716835737081418,-1.623940845900345,-3.810179967788592,-0.818404864267121,0.3992185723379247,2.1047988243922857,2.777599094138982,3.7258469969748544,1.234106793929452,1.2585970453004882,2.328239162633311,4.6691787979892325,5.282460412506282,4.026409003863721,7.064549169105226,7.407685578889221,5.360518434191101,5.342526825264133,4.873383223386044
7.919156059196157,8.348684323511167,8.605152391836342,3.934834815648529,-2.0173144432253927,-3.0413936363162404,-2.604421612522838,-3.8329481156454013,3.320052649059969,2.4358080692613906,-2.664460759457653,0.2711582982294797,-4.0845441138472545,-1.5157562573773071,-1.34770089165235,0.8120547792648015,-4.365014326931245,-2.736280727945803,-3.0838850531926663,-1.268474748579983,0.8442523671944534,0.9671984283460348,1.726261197431191,4.570306731553558,0.7966231417525135,1.9464196089569532,3.3635140996486887,4.927538761357724,4.157458985406625,5.573035387292993,6.439011029194356,4.306956431191028,3.989506862251911,4.235689053547254
8.010730482086775,9.009487011471142,8.51268442110551,5.368347259421686,0.9448530331404409,-3.767242646271162,0.8181345030833497,-1.2536346970250796,-7.411902966284834,0.8818235524681153,2.1872187021913363,-1.698887220387852,-1.4339456321394561,-4.077871654944372,0.08214263572277417,0.21309871346478282,-0.8753272974833303,-2.738512313676822,-2.5966566798340236,-0.8765178176274002,-1.0922275548067903,2.4049056928598844,2.9284144215891987,2.4899017560018346,3.5018323810995606,2.7983953301023767,2.8121831930163848,3.8373051766620883,2.5418362361634688,2.2678541499352627,4.762301234986242,5.565343711933686,2.948124787402245,2.5821826140705237
9.165237226992415,9.913516212286565,12.486820355824554,10.131246543723826,2.0581091231066186,-3.2190542968983107,-1.6468526580390104,2.6598608035050737,3.4824553967770115,1.4069432690679888,2.598320426803325,-1.465715095366407,-7.447480866986901,1.7721195002618872,-2.0853319148897564,-2.387310702014671,0.6835111997237714,-1.0499027773460843,-2.7123246685122577,-0.9724980849985282,-0.6302925336297546,-0.283104222163907,2.3747007148300074,3.8942797152995676,2.731251199294054,3.0573031312283576,2.797632259753057,4.103605137474397,3.58786275016252,2.322315479979742,3.5278741822976594,5.6219859113127875,3.6094094658804137,1.347726827848548
10.910595631101627,10.218116654296479,13.389716872476932,11.955503090290309,4.017240410879294,-2.163894097083768,-3.255252655200555,-0.08209030450517163,1.657312266986462,1.647842543058678,0.1163857207895152,0.1587043607815743,1.2397381272367736,0.499814954977105,0.664317074305895,-1.443218488173788,1.7686993040706869,-0.9494887888180592,-0.4245442065549838,-1.5301514152165399,-0.6168629185102098,0.5327843111573463,1.4657798949028176,2.3078269834026996,4.720131753061473,5.086616098093431,6.000328626002189,4.3573462377021075,4.947737072396198,3.5707464622682035,5.631280466556323,5.600506936622409,5.760440378981329,3.1696958673400766
11.179476237209045,10.538679779664603,13.10278261966575,14.419509519937199,8.724772735851415,0.6740961033303823,0.11089252464747945,-1.314466990823749,-0.5879937178365512,-3.210443063122952,-0.2830498114025723,1.7068084034948388,-1.3503398349064473,1.2642890648343663,-0.6669808497451145,-0.19400697155000549,1.3511839497106022,-0.37654315525342524,0.4768619280491244,-2.1040164472828167,-0.5257938346878599,-0.25511086766728625,2.921293647380906,3.018088821552931,3.3789705730548047,6.547962141494715,3.964969837119559,7.769489007057983,7.193485079675975,7.92457275127521,6.572515121518752,7.736176237636791,4.9302700484823045,4.227800999245697
12.536678469046814,10.951639872966911,11.649368542727794,12.56330031387102,7.351642046209572,1.045693596896696,0.23594164325966313,3.949268903303181,4.120710200463553,4.073689340316552,-2.2558611657523695,-0.9348140178792996,0.6726617646464955,2.943336033770766,2.929823016806127,-0.19380252480880727,1.866247416611688,0.9943687371827316,0.6281082221356199,-0.21435730367580044,1.0844156624744452,0.12097584578702464,2.926602017952831,3.524119824027307,4.204623763187453,3.686773959931421,5.386008366796815,7.073811866337338,8.796833848791962,7.835389136598207,7.3509340961951075,5.065207488931338,4.916683075829553,4.252544953584665
12.247656375712882,12.776502307049093,10.135219757928311,14.56807495816322,8.110460177055584,4.606763965329588,2.806338976019074,2.6539376710149924,3.9087263142088475,-0.658929509338537,0.7851234930979264,1.304309400146166,2.929108419942082,1.1228041119465515,3.490807586625239,0.7467636355226105,1.051231359454828,2.661390476006793,1.1040615859250202,0.12463556069149716,2.0228119099490787,1.299576941991658,1.7831171304904943,4.193939056364791,4.568096216778885,3.7041638425050483,5.930729161441679,6.918286283737733,4.405724633598482,5.151737358351717,3.800160107366356,4.79588065410256,5.28566707807028,4.538357094979013
12.981255017154492,12.052971273768899,12.713043649836068,16.090838971184517,9.981457903058168,6.0523405877315595,2.660316070058733,4.203352563526309,6.0393272378508485,3.4116267859503737,4.887496846813089,1.619692417663082,3.5111677749076375,3.802078908126536,3.3846058694691705,0.2952284790488868,-0.592894089427192,1.886674458742777,2.8333108326710312,2.080859129102057,1.9096622051836383,2.4522369118955747,2.3018374125262984,4.304077521389959,5.380325884628843,5.306951805113309,6.398424952063221,5.421373567010095,3.18529539999144,4.2456893308482755,3.493216764320437,6.1495906929613335,3.582823651684337,3.590764872641091
