script/wind350m.json
{"header": {"parameterCategory": 2, "parameterNumber": 2, "lo1": 3.000054539987559, "la1": 64.9999836372058, "dx": 0.5, "dy": 0.25, "nx": 34, "ny": 52, "refTime": "2026-04-28T10:00:00.000Z"}, "data":
[rows 0 to 23 of 52, columns 0 to 33 of 34]
2.417508620069079,1.235817735453176,1.0179452942114269,0.7823932442455557,0.3822358674388873,0.3969024221980677,-0.09471434821458727,-0.05880343808523608,-0.3115933944528627,-0.45200936666190505,-0.46083031512779127,-0.32705426904128004,0.2147335694843834,0.3714017037135269,0.8869905446339903,0.7958680482337398,0.7804082056039382,-1.9995038430633416,0.5979775241097078,0.8096213770459497,2.084548479977389,2.4403526622318648,3.3353546723958587,0.18563403006609297,2.1845415222626494,1.349410478500668,1.3957499027887295,1.5621987498536096,1.0937565303253642,1.3398524730857717,1.5386103178246995,1.3697508711365787,1.4122374379015095,0.9716814349713898
2.447169532666637,1.17641085168149,1.1118365931602265,0.6731133192555133,0.3697012241376305,-0.11644922598868014,-0.5078357935373916,-1.0234128445687585,-1.2940361021723839,-1.5875129941138924,-1.5794185489272128,-1.1763963243561226,-0.40703441994797745,-0.17484381415096784,0.44118182321917515,0.9319325207715168,0.9755464858003039,0.24928747910119914,0.9334582701167116,3.167005019436463,1.8940923157786098,2.1951299864444147,1.9778968760481905,3.0071771828395715,1.6938355061196744,1.0380277355160057,1.4694053075176392,1.0399933628142486,0.7505756115684021,1.4356052456767217,1.6091182397250094,1.5283802171236647,1.430126191392064,1.2454198996051937
3.4463072186796224,0.9175948100827123,1.7177487185152764,0.8773853933940939,0.5049766876821046,-0.6051016981680405,-1.2365158362521966,-1.6931853453625891,-2.331713364009452,-2.976336502993509,-3.020991246411217,-2.8900462895630388,-2.1980801932621614,-1.3820770673827596,-0.11312660019243667,0.5510739182119406,1.6736527351804058,2.069102235427411,1.5711575141882452,1.5037217161880712,3.0849536968702918,2.382226440473091,3.1082349355284715,2.7467473753425184,1.4665822280023788,1.2302446780678302,1.4378128974671907,1.1732194021904827,1.4077358333751808,1.097785222959933,1.0677486768823572,1.4517714841261153,1.7208086869686756,1.5224673002520155
5.4688807560171915,1.1335539059614317,1.4786202507012722,1.1775443754754922,1.2822277730786267,-0.22887811105453904,-1.0143952559594032,-1.9458038924720393,-2.3000138150086578,-3.2933777780998135,-4.403071913596739,-4.018577152275651,-3.293383022439595,-2.7721216047933934,-0.9827069568141401,-0.2282856869660419,0.19495991641721072,1.6826513840345874,3.1350699575700722,2.3126172729286627,2.810019496868427,3.726941905953983,3.407388690965035,3.0177433050959195,2.99162008983802,1.5158464399933964,1.151847385477572,1.0781486552733772,1.4055349875304066,1.505221246389667,0.9498350453817735,1.183609127197241,1.5535977037130204,1.5998435363640795
5.400466151204758,2.5326448991317485,1.6254478492854147,1.9657032209197167,2.087980089581342,1.5116122506105245,0.5082026102166652,0.10210354014165389,1.021392819087561,0.9746032337175988,0.24463496868340903,-0.1764885621442272,-3.742831955021559,-1.601617147088367,-1.3331752939457806,-0.42242945911347435,2.0555011953303217,0.9239412159296595,1.9164783840322381,4.014507643910295,2.864851555494251,4.932911213776365,3.062358933256225,3.010414298858966,2.213076933540017,2.1559083549270324,2.3928067384351204,1.7553311574943111,2.0525035357425727,2.0080930088650275,1.2446724933891167,1.3168052735383848,1.2173350301873285,1.407199444902543
5.348622462152026,4.261108834493594,2.1310102159639563,2.190438112721981,2.60630352533568,2.8454839325483476,2.309391762240514,2.043696893199007,2.379294407739765,2.4517772022648265,2.3519336791702226,1.6347002695024901,1.7316647452180025,0.049369705281302176,0.08402933874123214,-0.012059472578484465,-0.21931466156300147,0.8662167060694624,2.2069108152812382,2.9341691653259545,2.4301677620389603,4.0723631490924985,3.5163073927584527,3.4040428358798085,2.3731876591063754,0.831009900612603,2.0754853564818685,2.506841846036851,2.0404967142010455,1.9814601180494655,1.295571269011833,1.5164407134326765,0.9768816747406456,1.1019329454624682
5.034864829441221,7.06303853142213,3.259604701364189,2.800156890743032,3.3117671391229826,4.03931482460705,3.096981609800794,4.939976931533097,4.823837963760622,5.615180181795223,5.344701297239557,4.779999656477867,5.0251517606315685,1.214371522176653,-0.5041014330953452,-0.8216267557099616,0.0212842654257912,0.7967879400850633,2.382912064297126,3.146435781097504,3.4735368149314945,4.855936927750614,3.4659631273546903,3.48221573219097,2.779425497653411,1.7974263032188593,1.7262026706768738,2.276612067781054,2.439353424554677,2.097043050777064,2.143427016874354,0.8100943797868476,0.6670780945273707,0.9900910304230192
6.860465024678359,6.273747930471671,5.358763230381131,4.018426646386998,3.6452705839201776,4.92128455027988,6.6873376229449715,6.991188908378226,7.43559105216199,7.948357943078937,7.004029762926945,2.3807813822984105,2.9590973591616976,4.749621584100361,0.516149325696516,1.0749304352351723,0.45203023756293015,0.9442796829649833,1.7631858322079517,2.8616015767894036,4.331526627661586,4.029482430080173,3.5307942259763103,3.2964610230788223,2.9752543020441236,1.737219888667507,2.1652699366381642,2.173667174539965,2.1656000059475935,2.276660374257948,2.233868251861783,1.338246081593648,0.736124320505013,0.7772225946763774
6.772585781610446,5.916781661758688,6.063119902391386,5.283696356667384,3.4399469522239956,5.4461845524246595,6.253613434564932,7.878406476572305,8.410481688625854,5.423489535971703,4.034800819563045,2.2284441155936765,5.072931665399151,5.794031899964998,3.6812353895910883,1.783730007704648,1.1863081390214774,1.2106044303138068,1.1669999347059006,3.1909446434476156,4.667075001713424,2.9136623036343128,2.744550556890501,3.6307391207447286,2.957212446159595,2.0688509939031983,2.2579817355973613,2.8063919520843923,2.1830151004833716,3.214079695551387,1.9514961691949981,0.9778138394078136,1.102298718822821,1.0433088221608835
6.3771098441523,6.3868688342662585,6.994254813830359,5.873188071447637,4.341558239231387,5.550400733019077,6.060287369556736,8.434500989928976,6.177936656947794,3.724928016813573,3.500121549648864,2.53524394164797,6.276749777771215,5.538834527647895,1.316234039223568,3.488479545122388,2.538113039196205,2.364171011157028,2.750128307691928,2.4025670798217957,2.4907207678015273,2.8830291275604503,2.5152789510952833,2.864491443332332,3.1225637084938356,2.4465037048052154,2.114224856275627,2.319747492873892,2.530990750337116,2.4758748557648103,3.395633466693294,-0.5519874716372484,2.1277234710265063,1.0149446560073532
8.083800195340963,6.178162942501722,6.861075141480144,8.302058929448503,5.2857309239578685,4.824042715586542,5.757311220611171,5.174035313885977,8.017060572871328,0.12789597343453257,6.830237510425312,1.5615494163888,2.255385452347994,3.4119857044287256,3.173238128325921,3.119966806916139,2.5988763648098474,1.952126370383614,2.7650302137744314,1.7948983751923449,1.8148408253012256,1.9317083874705032,2.278115576139452,2.426682924057091,1.982205993447714,1.6467570457572849,3.1298210540567033,2.9750879688885834,2.5708886804787645,2.2689888962720675,0.8708907272855152,2.0341102805353333,2.258452283294435,0.6360534180061262
9.128591719492842,6.611961308632245,9.507329005812476,8.987101810514025,4.429855667610151,2.093424913193691,3.5963978891492827,2.114091043517792,1.1424331737693103,4.2637290966033285,5.376296449797365,7.159885479767538,4.991922922547105,2.1754603882628514,2.0109242891182406,1.54634601434569,2.090829692687156,2.7510677904941825,1.0444179860222516,2.5021003617048962,1.7771944036737635,2.0049578184841894,1.7482962130327946,1.5664534452950154,1.7126924721439933,2.2184723278236387,2.3726462405944946,1.8307579553146596,1.9216310976911049,1.8338324246664393,0.028670013564943385,0.6143861851789011,-0.19124095836458627,0.15976782479163587
8.958133775578672,7.175204297574354,7.865353102957174,8.101417731651873,6.851993798780764,2.7754955843721096,3.714703692438204,3.955929662968332,3.906501703998787,9.26193653533962,8.010878595742154,4.789550425209775,4.491573800369478,3.469083859537795,0.5471570447805302,1.5225380416237613,1.194006298429081,1.5591369435130085,1.740194647847396,1.354853446603124,1.886846948296898,1.4458988839664308,1.1624685280569944,1.3382286437644326,1.5865376717217665,2.3433539024589933,1.8742600769635773,1.5713367272202514,1.7013261675116746,-0.14332683560933862,0.9750106031573471,0.07507421650393208,0.2951352669113071,0.8452433633492679
8.301824693423944,7.350226631300732,7.590348696170804,6.880277176876351,1.6343939287719285,5.152854971639854,5.380480524166754,2.220029118431419,0.34103753090899347,6.705020723908895,5.511190534532979,5.7347946855542755,3.101791519207934,1.1465842485881947,3.0050874081841146,1.095921825499391,1.3280169671678974,1.4368178153184663,1.1214286077350304,1.4382968787890216,1.3902508692509696,0.9268833430597156,0.5864254557487404,1.3897898045694757,1.4313837457873735,1.5315791315109608,1.5308340265577018,1.1774244686751116,1.4326807893313838,0.06973774253868736,1.0489432883430094,1.528776206163664,-0.20485668900781864,0.206541490641559
8.941199104510066,6.9258139824874885,6.51772275837954,5.582725022560857,1.0172384397340781,2.8351800939849907,2.814391051693149,5.440496835244678,4.934756647105141,2.6668891044729484,4.068024607378038,3.794276834947005,1.5975161250488272,1.0526329910188363,2.3179426155132163,2.892015359860612,0.24846637007501943,1.2922844539082265,0.9305748006075875,0.9584431314619258,0.4793326061189829,1.139133496440202,0.27047634790375996,1.1635022697467854,0.8122325003749021,1.431006958023549,0.9564981949116705,1.435823350780499,1.2226477976441792,-0.12818346767796285,1.3478095055352868,1.7904766655029318,0.8156941985566639,-0.038182703426912906
6.670344865878857,7.663732486629816,6.351280765595821,5.053453111983822,1.91600534077502,3.3094662220049225,3.8965126046490117,1.6251959357514436,3.6593061014625503,3.9562537332496976,5.951275902792486,5.6183510699574954,0.5658178512448505,1.2376829791652546,0.8884253591726773,1.3967575117396187,1.5851516499295246,1.8236046830837749,1.433973770958854,0.5863139265019036,0.21949958524796614,0.9675678398041528,0.09707466910512742,0.6222614039551594,0.14934389149120503,0.9539600268243226,1.2613049944067096,1.9574925596215298,0.6038402370588758,1.0844178681704393,0.9758774448074875,1.4808185194634969,0.17123962733203824,-0.34105596598702814
6.78476895937599,5.738174837793938,6.1104157369146535,3.810854130589464,1.832659684920562,2.465868044445739,5.071099175892432,2.050811980872305,-0.1424599352220324,2.5849451743444067,6.9615655365856615,4.194941607873751,0.07018607011352129,0.062372963822942974,0.6983962482258657,-1.1195690836519183,0.6587525178151438,0.8189709951499664,0.7523937833777082,-0.10988113814305678,0.43773789878787206,0.7264080848511499,0.2647525415373231,0.0322238741091961,-0.1719673783948914,0.5607915052967591,1.1792609718848046,0.9616471901481256,0.7892984344370831,0.7907270386182773,0.588895289353991,1.1741705773175601,-0.11937288491268981,0.744785851353433
6.305298996228627,5.48048440152118,5.489910519882512,4.551827710074256,2.785625822499898,2.294471651431851,3.452303686085142,1.981808115671579,5.321531187421751,6.735786372877134,4.091673917164032,3.363305983296826,0.5193585231116781,-0.2658612654164437,0.2643444676541441,0.4284095406676903,1.2427795108735202,0.9542669155321069,0.7226507611508491,0.4070455557930972,0.21117141326060399,0.3974579010839102,0.6144193717080373,-0.009756235436034339,1.5981434928008038,0.7662407606614617,0.7514463306201875,0.6073994043602936,0.28940485469652183,-0.27676357449063066,0.5023939371591927,1.0873557357684787,0.029256115566282423,1.037190728241931
6.046868892502697,5.342008814397237,4.878180885782866,4.615573826834222,2.13069947038751,1.6009205604805679,3.7109776540377695,2.5219586618055816,3.8640642151488893,4.171977912297451,3.524141048270393,1.8085988961243205,0.8586538897958463,0.9018493178694674,-1.1458568497676003,0.7470783970082115,0.32363696679167075,0.8369861513128486,1.2111001128675878,0.30405556308219367,-0.2786918940434997,-0.3073205927051283,0.6007701038301909,0.417502930645746,0.6681924750245111,0.7927380756591612,0.9146167683851693,-0.172229912682304,0.34592337370000376,-0.00537785943361574,0.9791281167349588,1.302863701389066,0.14673558192088354,0.3886165801440005
5.611110093020145,6.034799772359497,3.8848857480255354,4.069190111480866,1.711506103999928,2.1282773085941367,1.7158387773285253,4.699988216881002,5.31354793857481,5.422795353602454,4.743194963801337,3.4260884954648025,0.9298899258758997,2.642093939849922,0.8126929613769295,0.8879123850333219,-1.1705975060313036,0.6843609765682024,0.649006517380743,0.4850261294701102,-0.2897868579314595,0.02754923199308736,0.40875568982219923,0.5549988929923358,0.8167345205063222,0.5584510327348723,1.3494025458975494,0.0435709448001896,0.10249606864626543,-0.19019961622746964,0.46204224327600807,1.1828822988957104,0.5892778013176454,1.0463039295693084
4.6659709446814706,4.859839418403182,3.9307617531338197,3.1131763741746092,2.293637074797815,1.9121125661828142,-0.3264339009561778,0.10038980000329699,3.975326944708003,4.248850592865051,4.233384962230341,3.245654357592346,-0.0810588501730683,0.16456719332617278,0.5263856563842931,0.6867641452004487,-0.6083767922589145,0.7645252686604954,0.3361206870129932,0.8681865462583,0.3010541670407369,0.9108159920594306,0.8264454136852482,0.49061874219845203,0.2762120814814104,0.22362907537013715,1.063241017148618,0.22434425705405187,-0.13280276702346938,-0.1949325524704543,0.5919156558583255,1.0638791043032172,1.9485117214668348,1.5401591017587397
4.0220699374147015,3.0915779945825905,2.571315390808602,2.174700919427754,1.438197708301878,1.2970941054759466,1.545776430780949,2.1397913851653128,4.170724068818188,2.885386207524413,1.4649649133132758,2.773019234719132,-1.103016640210576,-0.2502099029613,0.46065140783032665,-0.4327957042928398,-0.11554937664502161,0.5905840981560284,0.5053754909502732,0.9745711379453341,0.22681480029475704,0.5862260588243229,0.38607128687250475,0.29082531410142926,0.8724764097966268,0.0761647128041761,0.8635798836779802,0.40485845688830974,0.43594855161072454,-0.1023571683273046,0.5303449715310405,0.969264541715351,0.8591410901143548,1.353043763587356
2.6079505377174677,2.106826449699132,2.418984498539056,1.0429727123220005,1.0677213731665012,0.8022753519967177,1.694808479689722,3.1466080309448916,4.997405377026358,4.412826923051252,0.7640416878487939,2.6529476460476635,2.789303801465571,2.1360609924980567,0.3138602237595722,0.21372183721189278,-0.19024611001430702,0.7979072377075169,0.48980676423774866,0.6232413539778503,0.6078314905812222,1.1405394956722894,0.3223130660291423,-0.030112706100041242,0.5811327990696783,-0.020245565039135056,0.4285464807397365,0.2854788924793368,0.6258154820259496,0.4092287791318489,0.510291681312666,0.6939451824690168,0.06274839264455322,2.026028386576019
2.4406159991731826,2.4093294261237355,2.074380419801713,1.0122142095004851,1.1029565826075833,1.0617967057216442,1.0433469671272713,2.21316298215942,4.58289483236178,3.0913590724927515,0.08972394865492506,0.3064535930138618,0.8230356472514546,1.2676830765526044,0.1524740974537938,-0.19009761373254824,0.32895793344082813,0.6844900726914933,1.1766023256078038,1.0401866977065708,0.8219099169070891,1.4877198219015868,1.3507411976500965,0.9145101518108703,-0.3554769516589849,0.1214331068032351,0.21485534921029475,0.43804952913540046,0.6121166870908464,1.8255139047780988,0.9767236108708081,0.755384363399214,-0.2484528913105659,1.3582362794983056
