script/wind10m.json
{"header": {"parameterCategory": 2, "parameterNumber": 2, "lo1": 6.000198445256149, "la1": 58.999992894266676, "dx": 0.5, "dy": 0.25, "nx": 22, "ny": 24, "refTime": "2024-03-02T06:00:00.000Z"}, "data":
[rows 0 to 23 of 24, columns 0 to 21 of 22]
-7.829426677352647,-13.34155907206166,-13.756344115388153,-1.29262106140987,-3.3836599160304512,-1.543209722841931,-1.255983731129487,-1.8111318849516131,-2.4866764811472604,-4.930484079860631,-2.137721886879974,-2.5011309997089017,-2.2686972787149253,-1.9660836520099352,-4.252243765746852,-4.476224557154815,-3.388445304150316,-1.9350463463302552,-1.385396908773588,-2.0924107088672583,-2.3902099944398625,-2.7766102517547546
-8.283234556830527,-9.00968763391014,-9.988148021825008,-2.482924463150288,-3.7699497778726747,-1.4830514657234575,-1.4914405407349767,-5.070016411637459,-6.496059334181518,-5.453645998177002,-3.431157807359746,-2.1450621995174464,-2.4735040404196007,-1.4794572504106298,-5.248203643981088,-5.048072537846812,-2.178541442677315,-3.1672399787659207,-3.6789987316042376,-2.6340629525939816,-3.2060407958889177,-2.281317235380151
-6.692693834611698,-4.901841834380947,-6.162983991465097,-3.640966622933806,-3.4106664227875294,-2.535305515838808,-4.722326606157578,-6.721199340350574,-6.654649777060156,-6.006856843828736,-4.16958907348617,-2.5187387132732706,-1.8858399003785526,-2.9768697582903214,-2.736197021866165,-2.6425871915783428,-2.3487030803318087,-3.0294482183604208,-4.917781086840843,-3.0331506567272473,-3.316350615765032,-3.0690824408285065
-12.003474324195928,-9.279283097736949,-6.259173371551813,-4.132409785748283,-3.5611621360022157,-5.235490924975679,-7.246028482323896,-6.86814989897189,-6.854557431860007,-6.896553639812146,-5.702006895471424,-3.1357779485510515,-2.8154395157925918,-1.9943824053235002,-1.7504006071340084,-3.3785193632861743,-0.9484192719872058,-4.075826440751127,-1.5009541187574746,-2.5159003853244837,-2.701045705737218,-2.369682167604842
-14.914218193841213,-13.39377198933733,-9.758190155223392,-7.504003752830414,-9.285280749907153,-8.194306549308308,-8.38938583101767,-6.968514426328975,-6.90545541291111,-7.26769200559042,-6.3993857514354495,-4.643295292478798,-2.982340719460871,-2.500473369952172,-2.301410258855731,-2.4496111769130713,-1.8677071721295653,-3.154084016582916,-2.745923656392468,-2.3739984340441027,-2.565671141069535,-2.455797393985102
-14.485939652321944,-15.13410602148283,-13.143195366030445,-10.773719571362196,-10.350857770308675,-8.369593733712795,-9.132975073257183,-7.960885147155846,-6.397192577171911,-5.4475515894002395,-6.980699422914135,-6.427499557200605,-3.659909269641048,-2.303335162817374,-2.8952074007167514,-3.309304397444259,-1.7970890825173145,-2.4229072259937894,-2.5864481522830682,-1.803355688773723,-1.99805501514021,-1.602926622609386
-13.319050713320246,-13.312162452876285,-13.394675189022832,-11.711581805552823,-9.57630132762123,-9.58296934652261,-9.221698953977555,-6.96166810148616,-4.335383228725481,-5.48543426653189,-6.805453834728006,-5.910161794285957,-2.8070656939041774,-2.8443735374023538,-2.4242533605229415,-2.1686133712551166,-1.6334900866405153,-3.0341058513225683,-2.2571661854558633,-1.9105811396212384,-1.9591612328239305,-1.5055133914919077
-12.893913515616353,-12.41656276425238,-12.3912483149844,-11.144244774754446,-9.025966433975569,-8.898807291106358,-8.92653119566145,-6.797418787760867,-4.572739678172533,-4.154294282471824,-4.477324244917189,-6.1531957973821525,-4.966810101121783,-2.640852616062613,-2.484228909420335,-2.203591661225377,-2.406752328038562,-2.0222224256346775,-2.282845207016663,-1.3389354016430643,-1.8098038607915767,-2.3666318338235786
-11.811722185861028,-12.265256787149903,-12.29089970811587,-11.354440720094567,-9.168435897003684,-4.2239942472710705,-7.427125554931068,-5.774033431667154,-4.272350354801263,-6.519351087288616,-5.394339387661383,-4.8596783815914995,-5.7816650459158385,-3.8866831640585255,-2.8474210344267608,-2.3380431802411077,-2.78456042391902,-2.224021670351259,-2.660365307313107,-1.6224402456312474,-1.285118920616333,-2.399902440537253
-11.108902614938064,-11.38042153672331,-11.597518086469815,-11.348856120999034,-9.136232101828806,-5.1306391754219325,-5.527058744167479,-5.526671871005709,-4.310729030250522,-7.035317360348364,-5.953155241087733,-5.821830659422992,-6.31333103519567,-3.695676287759744,-3.4423586444347642,-2.5578043607687744,-2.883141960902286,-2.095377118859431,-2.4496472605395967,-2.24537848429866,-1.795551948336131,-3.90453997316655
-11.03135500570358,-10.790585856279671,-11.124734697152995,-10.220396710057416,-8.122183310035547,-3.8921928492736146,-4.363777571859471,-5.1387481461171385,-4.4505563566235775,-3.7899701709039855,-6.706710762323356,-5.887862082097451,-5.474753454683707,-6.405652526358618,-3.198888538725359,-2.266765114025453,-2.6437615959580234,-2.3604923108081475,-2.5547957415041247,-1.8951209625939178,-1.634449807028634,-4.282652195291296
-10.761835318742474,-11.086521262852994,-10.181131028805535,-10.2816770515932,-6.986413017387916,-3.5623531480448865,-4.2504929385162,-4.756027198666442,-4.0167676348706935,-4.453022705237516,-5.90269568847583,-5.312376359092836,-4.794650767970009,-5.507668300334618,-4.278080537273178,-2.834913285234332,-2.175972461348668,-2.388981820800214,-2.2770457612010264,-2.1928832929816267,-2.468368850307876,-6.468873946175508
-9.5770612906633,-10.48718844860471,-9.94202106105293,-10.041021532130321,-8.280439270992721,-4.558843767335614,-3.4146074017802897,-4.575942532222004,-4.43100694191123,-4.95740502224598,-5.395278405589403,-4.595909004126526,-2.6413165121712097,-3.0669064332027607,-3.5804477619868313,-2.7186746826206174,-2.009478971574406,-4.9784627740475464,-6.386567556025907,-5.767588767662001,-7.321991217859466,-7.544732685052906
-8.596897869556937,-9.307408373875363,-9.72250431120335,-8.603166113829463,-7.883284526305887,-4.812111555847035,-3.2084005247586083,-4.416073129554419,-3.985139187067107,-6.454329057415063,-4.92215535199251,-3.4880552912614124,-1.9659466499778904,-3.276088867807682,-3.43887585881083,-4.2842776311227295,-1.3388125396240398,-4.821496388505404,-5.22861432675151,-5.806763807536922,-7.13867951417615,-7.603966584418586
-8.103692808917272,-8.330647381961091,-8.445070199424146,-8.216907780240756,-8.690728477381791,-4.720433296460016,-4.476987952992352,-3.214888802989673,-3.7436709114888593,-3.793775253790659,-5.829454626532853,-3.8138628853726915,-2.316239419125317,-5.041275932668546,-4.009064119310699,-3.6607306175829017,-3.18760226225537,-4.448172683016346,-3.6705112681777514,-5.587188787588105,-6.726964576688678,-7.27535821858934
-6.210619459918308,-7.997459950899061,-8.131836528225824,-7.791704976475245,-7.605914410744617,-6.456420438763205,-3.9323827303477046,-4.018269908937494,-4.039109892419659,-3.0800090033117624,-6.227913208871984,-3.507031952129533,-2.0834680332359565,-3.7202297998795726,-5.639101508306877,-4.500402368356867,-4.728798353761893,-3.6003060252343038,-3.983706951831118,-4.821208066696689,-5.626223590440365,-6.753390454180248
-4.107421948535141,-6.315376493914868,-7.599127421022495,-7.9848495237894275,-6.487813094806232,-6.799709829207739,-3.752967205123117,-2.9189959291262837,-5.053401888880597,-4.211792131045706,-4.122633690642209,-4.547989765666602,-2.869720488525797,-1.6704357683668107,-4.85751775159251,-3.7575097539395794,-4.33242441189263,-4.906727718868162,-4.09056847732014,-4.551306080172795,-4.941989280832656,-5.314811795754563
-2.1437287330929635,-4.1817389740577005,-6.256734501756654,-6.80767713532085,-7.069021440139763,-4.616475696705391,-3.0115213849231233,-3.096061304951731,-4.300963006089361,-4.542701506885865,-4.303740166577142,-2.7303519671629757,-2.667638541082969,-2.4612311401813627,-3.7320508128270355,-3.4838085108126124,-4.60478120716364,-5.3112282546542815,-5.775056927949661,-5.554345776303648,-4.408125759811407,-4.3148285238466775
-1.2723357648443157,-2.808936044326035,-5.183779622076328,-6.084280729210254,-7.217806244214657,-5.530486322225085,-3.535133390071288,-2.9386285434028316,-3.31708259784721,-3.4620248455648412,-2.949189929296394,-3.9519689042216877,-4.1654015892910765,-1.8531886801920292,-3.409506607588735,-3.2511779137201,-4.957999093371442,-5.923457907640163,-6.0331545060432425,-5.508616402541668,-4.65321643590982,-3.558368304493055
-0.6253140990097543,-2.4792762967223934,-4.511959749991099,-5.321701547743496,-5.601775568343626,-6.462058475554686,-2.7020340054005207,-2.9468021910723636,-1.6694283398800398,-1.9114076453776097,-1.6136519762209736,-2.889995430822327,-3.48081601764286,-1.6945452167712913,-1.1630425208054829,-2.513680935278358,-4.524180877449766,-5.073626467051444,-4.591640771637636,-5.010080932832811,-4.023194234416608,-2.669018996485156
-0.5103518434654651,-2.610905321514482,-3.609091114304262,-4.462050717467722,-5.194001191285073,-5.7509220952400435,-2.9692725100287647,-3.0163878472490584,-2.1724537364669687,-2.252657455937211,-2.593173639743294,-2.3365429803528532,-1.625320421924545,-1.626127890757305,-1.297134801304546,-2.051393625863668,-3.0273978983443324,-3.6281106336194795,-2.35704724440352,-3.272701596374471,-4.089109560742595,-3.351048208588454
-2.786548352073291,-2.2307450606184895,-3.1970626566607083,-3.162051761210309,-3.553483669879432,-3.5227994688190774,-2.226339646846163,-3.0876937039251606,-2.1355362481349762,-2.270008111595093,-1.6732076045683257,-1.5885152477167068,-1.4221528729195805,-1.3796953126353697,-1.1823119037425438,-1.7901234513430162,-1.7639886924255,-3.3626045715849804,-1.918218272092676,-3.2675017484661644,-3.6501413829440903,-3.804019929871096
-3.1158836178817846,-1.4177857495138881,-2.8849095921918013,-2.1961977379582844,-2.0527843944436883,-2.3630130192728767,-1.8340718694964815,-2.124155038164486,-2.4114287486817654,-2.2866318224562336,-1.5939883306372258,-0.8975483087186925,-2.1283429333918558,-0.9040084115698622,-0.4337045512451168,-2.4328336668467476,-2.0914768049171557,-2.191434561845857,-2.828755345781855,-2.5530415491924154,-3.325202254182828,-2.9460283131687124
-1.0115743971612154,-1.4172625473528164,-1.2590997283086371,-2.2132992698311758,-1.7357900018700991,-2.6812457676172827,-2.2865919625017157,-1.8688379079580077,-1.39951034669804,-1.6906231873086797,-1.3586515136184925,-0.764207360013624,-1.5769672067793747,-0.48743464747805587,-1.04295275406152,-1.5848565416179543,-1.7501067786722018,-2.165937451910599,-2.735885553208709,-3.186785792258929,-2.5791001484041387,-3.981105102637689
