script/wind350m.json
{"header": {"parameterCategory": 2, "parameterNumber": 2, "lo1": 3.000054539987559, "la1": 64.9999836372058, "dx": 0.5, "dy": 0.25, "nx": 34, "ny": 52, "refTime": "2026-05-03T15:00:00.000Z"}, "data":
[rows 0 to 24 of 52, columns 0 to 33 of 34]
7.8959696887460655,7.056450120317462,6.807527192521022,6.752529331354261,6.418862089649657,8.123526154747607,9.456246897645975,10.584411652036687,10.630112405205391,11.394432708560641,10.623917860342763,10.096152097166332,9.966317443627519,8.970719576035572,8.25058785809679,7.820802823804855,6.986781364090301,8.442470639343437,7.094192519096943,6.167945993616455,5.126587152958173,3.428319908514355,4.3381452837638435,5.667604512134041,5.287389234272787,4.828481999747383,4.6402622984506285,5.445445837077452,5.229823155696668,4.91743023400149,4.709810406282739,4.673026148668652,5.443169849099968,4.8933179410147005
8.022833731166147,7.838175548571618,7.888459408594756,5.726428599709063,6.775795899130447,9.446721273563103,12.784423596573351,13.603510291315963,11.825535114457558,10.950026945897458,10.3496771341309,9.905677912955003,9.22331096124625,8.407480197798604,8.060885648120498,7.826831030435755,7.796185285184016,9.900023276315283,5.719226367693524,6.621734985117891,4.98297326200017,4.709595101083705,4.048529556543683,5.044116912954478,5.050675940876551,4.7952874448096,4.118113485176957,4.200324819870285,5.000910403990336,5.432221243925637,5.139243097012499,4.613035275566863,4.233610201541398,5.285103862393755
8.633859265104604,8.395735911820433,9.001797931020754,9.827585854395238,9.668286320451493,13.600925356694493,12.827363253296822,11.579330431129758,11.98563623614879,10.784357881773664,10.16240390376515,9.52253772857923,8.883148511900446,8.31010797332958,7.640795871839643,7.942074795488362,8.787016150271905,4.954123372236248,4.557649908636675,4.605476878010533,6.20214717187991,5.111964758778656,4.147970006390066,4.702968168757985,4.7473002662076,4.372520735507096,4.185804327352227,3.941006978456214,4.730287786879829,5.116483327250952,5.351114152583964,5.110777555080011,4.814291755479227,4.447891094683793
6.777025777102861,7.996445815545423,10.481815592621476,12.625207967155882,12.426325956932246,13.83405800780792,12.200429866055368,11.332773586786114,11.340866856180796,10.483569698942373,9.993117680551595,9.329192887138106,8.657315405204493,7.838746668107029,8.140407908866711,7.138412786575237,5.643558153010336,3.580968420110039,5.202140286978459,4.298775808606719,5.977721181832492,3.694365467060108,5.0115274514003305,5.458193494316612,4.078082709271407,4.652014227286327,4.064528044761789,4.2678275312464375,4.448023286228227,5.110587278298034,5.309327923917891,5.572696420518274,5.109861242610284,4.8770688128877095
11.946635723766429,14.518381769461374,12.808706686750972,14.08885705867225,13.86793402821307,12.070211738761117,11.750602231388394,11.391882934200613,10.682610082575293,10.160417384425452,9.765044669447787,9.155379464196306,8.562083353630618,8.577416704280633,6.26952548219672,6.336269429632389,7.340062531292118,4.198369001976727,5.4126084068391025,5.090482936549853,4.502774443084841,5.722312903102945,4.2616224498100355,4.378314801409341,3.8272541102206565,2.905867134102102,4.443090647875991,4.04090321242825,4.864203625031375,4.497038713201953,5.462398815903359,5.238378634206007,5.47600451118577,5.069147772789367
14.042391330502202,16.414351006126545,14.779766431476512,13.559795442950296,12.252644992414345,11.95919636567369,11.461916980739028,10.924743538580254,10.29339077649897,9.938975267280654,9.494559873531395,8.633830638951789,9.472422110270065,9.255010534941137,5.404735520783297,6.642577725483534,4.7693797019468605,4.344537126961624,3.315815773361118,3.607538657988779,2.170772972000827,4.593290495616134,3.981792101648587,3.9693912754561644,3.112476432282955,3.7554823777164437,3.5771085871113497,3.8999623510579,3.8819308450920196,5.245677920004826,4.8626440998360945,4.64743036125144,4.551663274684505,5.125977214941074
14.165626770862842,13.999390906547887,13.415132638461781,12.33187567624842,11.843313372883133,11.465289410167697,10.87691283781086,10.461428690315405,10.10096222720962,9.639783405373374,8.968857954079628,8.27439055084753,9.978802763414553,6.954794893368563,4.861121329503135,5.383239843462547,4.131820701405137,4.639328928812821,6.008579972898441,3.842448975243442,4.467971735785592,4.076911773005376,3.522720503227969,2.734527125702952,4.023565740340374,3.398626221048274,4.218462302920938,3.139935440445872,3.7653238388208927,4.03507267650638,4.761639025120177,5.174726233178883,5.800791721365065,3.9087173939769118
14.570153363307789,13.255042727335335,12.361636498189108,11.409051479092467,11.225758419832594,10.637162294361747,10.403539397350785,9.988148881963209,9.729953961052772,9.614564517816403,9.64914947226942,5.652745757936746,4.738414070728711,7.33881699333616,5.187411280772055,4.990606368353421,5.216977063730513,5.814128924909556,5.155647559392035,2.848500046933612,4.495562754421758,3.148286822047372,-0.7082918354889073,1.465360122814959,3.040201640669586,2.935923839865575,3.860550123481991,4.645873829016027,4.0995808117851515,4.023866583195216,5.331619128324329,4.032578849673897,4.1358232533792085,6.553419406219734
13.00543940794315,12.328182115022608,11.130076813743173,10.65761713706328,10.302414713472023,10.060183363505839,10.077192557049976,9.659506323441857,9.541045189962995,8.175490240478535,7.491983727936543,3.704820256343421,6.544886128788728,5.551711668434295,4.484647830372761,3.8711010798992467,4.14289971340619,6.017316689625717,3.703107348579321,2.014776913432815,4.986072762890893,4.7311332099138115,2.7570022471723736,-0.21108718151053482,2.8996877520400473,2.5382276882326114,2.813071289642347,3.285729618093544,3.098523023768988,3.988031612100954,3.8610541610814324,4.230454336573132,5.119572580812782,5.658232247052447
12.069280528922143,11.01872104308885,10.471572492548376,10.084868394796581,9.502808174284295,9.43656648595466,9.591365898943605,8.879037393491348,7.608632857570215,6.88252440152378,6.841151626347314,6.368206094871814,4.535470967435956,5.897844738651479,0.8975435558559165,3.7855278620352553,5.621345104838103,6.326432521050028,4.495396860598993,3.491714751275927,3.856357149490841,4.0029542539244956,4.490554706322096,2.3222944047417386,1.9303349166627504,1.2970979984213717,1.9079227161599701,2.5488980506664416,3.1566442456956083,3.7150040283886323,0.6371948177063641,1.5469155262800514,4.700998263421294,4.240548800127612
10.959283466157428,10.428171801094013,9.932032279081291,9.163592313883521,8.809366348591931,8.452435645278916,9.665310278310427,9.048846842341584,7.9986228934156385,-0.029095682429660128,6.0547497859703405,2.186302872986049,7.21384165629203,7.387502706221032,7.53196158691736,9.20108175899323,6.735417808391664,4.836729518190942,4.734381622405144,2.921789976013408,3.430511288245268,3.807283060286003,4.4259718525404,2.677331056351204,2.1768200275899208,1.8312039117530539,1.7222367439743484,2.8253170177890987,1.9903784360603924,-0.6010022677152967,4.498125348964158,2.0508423620643934,3.804527768471285,3.803779519466636
10.499604066400474,10.041596520407237,9.315533908083413,8.226974636738891,7.237141653622559,5.670993434255872,7.870757545027663,2.7735148718788962,2.109320305330897,6.052630204810957,6.914670457871931,9.127977484984063,10.754097020442163,7.622256736026685,7.20821092355383,4.815282757225661,6.300757179736061,6.417009549348168,4.002857152369084,4.217216302082703,2.6994618162671946,2.6803941286484325,2.0992326885076773,2.479262040718929,2.587239894228556,2.4463061455340225,2.1394695122181413,2.1295961573626396,-3.10425467281968,0.5905431524974732,1.5153895049227402,2.202394602196166,0.1998636737426472,3.232889864175623
10.1796984859306,9.458920614499212,8.245263524626063,6.67259323487189,6.39453000264933,4.997851091546013,6.860241482399254,6.253716927460416,5.082067046551242,9.87610154839693,9.242566413352568,6.897680891661839,6.613320817601231,8.219824101027243,6.411176127316508,7.670637642587687,5.929942337136201,4.35293931043621,3.8953040387185855,3.0108572888297185,3.921686096700072,3.841628764601928,3.824979758675792,2.2817436221387224,2.4186860980675706,2.101725339748747,2.2388029424266183,2.8110808086169277,-3.329083471984409,-1.2223214222866607,-0.4742398520089304,0.762340664586662,0.7964605487550925,1.8840279807420863
9.72987291979546,8.909230958498819,7.290771296032898,5.658605867910572,5.205134220616783,5.029859378442774,7.38738646605313,5.47250505977153,9.316764734986924,12.036401768939756,9.22114901358586,9.172370725711854,4.891789438724307,5.924474572737567,8.091912439192162,6.62157384846778,4.411378419720666,4.580632027366856,4.162411670246584,4.5995760457561135,2.969485753089637,2.945434949231429,3.643560396480743,4.129571483804484,2.051261621875169,1.5878787664342915,1.1753712673231604,1.4566360017887914,-1.8571363588626655,-0.9987238231448489,-0.7232717991854927,-0.4562440540699789,-0.22864813722253607,0.6615530856084748
9.235577279653691,8.101655765059663,6.578419260810701,4.709827211746013,4.174669437480981,5.163648309662639,4.951413101308963,6.241206330329481,4.970400328168103,5.842735430589562,6.359578375150828,9.841783656459318,9.548331090155072,8.28750404309345,5.992082523540401,4.62228949006227,2.077542098940028,4.204003643215772,4.026641581561506,3.494666881366902,2.8670061175119548,1.967513136273718,3.4797540931896886,3.698125667563189,0.6172616299649407,1.4542064200109428,1.5613938437104227,0.0878582487386504,-1.9669646756833,-1.465458730865618,-1.3077092077126027,-0.23782555831673002,0.167032321515538,0.5816249973696128
8.372883974983,7.361892108474342,6.009932529452447,4.640068806894055,4.670741532700909,5.083415913912249,3.957241479611262,6.737100463892125,7.400098969938001,6.782441234207613,9.649560191031275,10.026185583806464,7.041413231828991,6.697643345953733,2.5303154303280264,2.28911056332626,1.9896612518040229,2.219914046033243,3.63304542923996,4.306444069334621,4.402915459040545,2.9652210756416175,0.9437782686361906,1.026965849175749,1.494230273652879,-0.5583703767554561,3.315500731260491,-3.4547136063113757,-1.459814514210137,0.04017420717263772,-1.5950951011389412,-1.0561796802269194,0.18413259085929595,0.8964719944973366
7.616652601181818,6.839793663607113,5.7197835053739965,4.745565817325002,3.9149029716595134,3.912400108326871,5.245846849715626,4.820188136241403,1.5325308590380777,7.53142393643179,8.153061944915926,9.729416155745719,5.857136973902417,3.4957127649798156,-0.6440194598805437,-6.147355827873837,0.635413502953736,2.0531852324336897,2.1678121949054048,2.5442484933691256,2.708042567843938,1.934580147689556,0.5554514246491812,-0.9065771836612967,1.2467104120579786,2.6051818998527825,1.7290198601508033,1.3001616537771175,-1.552647064641866,-0.4100058674695638,-1.5285586446350743,-1.4462252567374123,-0.46212030559664635,0.3190899879169835
7.010387416097733,6.456581719677874,5.633845507377512,4.415880505470558,4.411559898309114,5.3362608385585055,4.849747314769074,4.275830754535614,7.224027978422516,9.451432558386557,7.674250824028767,8.708925292215223,5.708749504408665,6.356927728448266,0.5145512210680973,2.736629782429228,-3.3233112727008596,1.6044664289083193,1.1317259991947504,2.5432340777871434,1.1954312193332588,1.2977718485260064,0.037919172380843344,0.7151523914097979,-0.27570158770695136,-0.19117395394132033,1.2851066416287942,-0.7030285025118431,-1.3934092028887468,-0.5863167903874732,-1.9737565250312061,-1.6760362918896194,-0.3621791084218183,0.2652141360659182
6.667431132881291,6.061939281553471,5.237142743684712,4.179900477018165,3.9439122011923766,3.787719254105037,3.356405563363011,5.212568035637934,6.929668030651646,8.398492743137831,7.297172548736986,6.249193436069945,6.545396264472132,4.194788890559617,1.687518526688429,0.9293116784613297,-1.118583251794768,0.17204149716559494,-0.1529167996945806,-0.1488319392194571,-0.26920920836244716,-0.05241738344894398,-0.4216965531951597,-0.005823428672483682,0.8175886172560736,-0.009025666848583873,0.19154371366646422,0.27756392174898764,-1.690450584552639,-2.811252610848553,-1.5252384384234559,-1.4710632307611935,-0.6925564793139696,-0.7178819253776485
6.124047027494059,5.485510856028094,4.957061452408106,4.131594065285961,4.033319882104174,4.634655671829148,2.6763000109789683,4.320279094860121,3.30231754286572,6.631227185700932,6.734137348727896,7.797952919369034,5.057004593868982,4.113060768827798,-0.9137528632788793,0.8636691470113222,-1.0526902647756329,-0.6482014628805576,-1.311461638797572,-1.5431872616753994,-0.839200253244296,-1.1529412595048159,-2.1047356543360127,-1.9279074097342694,-1.874866468979877,-1.5602257803198898,-0.6869198406318626,-1.8677307088214112,-2.3852955246322036,-2.658119347561314,-2.0364811687014415,-0.7445449940508148,-0.9616205092603195,-1.9811704089226077
5.429647126008511,4.902223269334111,4.367489768365868,3.818683282107526,4.1285803156530765,3.404556682651674,1.732042912334028,3.1318143780876904,5.232389852633861,5.707787278740415,5.818395051820579,6.547647500889144,2.9943984455834047,0.7050031336919634,0.7505163468884151,-1.250248074811736,-1.1957029246415924,-1.7462049939322681,-2.0575243847349984,-1.5654712519623637,-1.0939925200099867,-1.958460350884111,-3.098176314077539,-3.2382941144259196,-3.485518124287673,-4.1825150502499575,-3.9541201000019415,-3.398903925407199,-3.6734132805314754,-3.993343198702834,-2.8943778417262678,-1.5999295355556566,-1.8228433569156783,-2.791395319069309
4.849365505179217,4.377477918514478,3.509406943065714,3.1043405942831472,2.909201373535784,4.047183484745997,4.934895862113431,1.144103594688647,5.0654846024287705,5.6510916073727815,4.358788647617717,6.023285755666649,-0.5630316301860089,-0.008836827386741049,-4.177046378432456,-1.5124549702406702,-2.216978160806206,-2.2901455495411316,-2.2791195803459305,-2.116085335125666,-3.5321617513576546,-3.489001759071127,-3.7611053070183456,-4.150220144107857,-4.266737847059674,-3.0687072410885703,-4.287998641865717,-4.4174305972365975,-4.411434239803679,-4.482843535367608,-3.2377622792970757,-3.6348250412682233,-3.632134620643013,-2.1670172403906967
4.138954103847368,3.540055144519476,2.779355679355684,2.5595716306083216,2.9189697810297277,3.180537287020035,1.5424226370085976,4.698367456324674,5.828701122404859,3.7660596268024635,2.3836680735480535,1.1653080810613248,1.70509371368537,2.179917967574833,-1.3657663311427988,-1.9928109867596202,-2.1328058433141432,-2.9350668187311952,-2.7264385458133846,-2.9081667716157957,-4.110626653187722,-5.153845900356115,-5.554439287318115,-4.9315742165038,-4.389511300471054,-4.955165706617234,-5.484440341223564,-4.645582399293635,-4.018006003379277,-2.5810297378979192,-3.5196989965924876,-5.550676955053413,-4.276742807359915,-2.7265251705179043
3.2211813183390943,2.7570695601068462,2.481886796817975,2.4866312457705475,2.8598695863242494,4.465345531811929,3.088305674167076,1.9310010699821123,3.185517096346805,2.1314654779436575,2.0804949758524547,-0.1851429712751534,-0.042544804646914285,-1.5412513302888902,-2.5111255279820095,-1.8662378244405717,-2.4475852133928737,-3.5433843538289964,-2.771378723873831,-3.8107917502757944,-3.756661334176366,-4.634988458615293,-4.948990521300662,-5.064183602433083,-4.064694306129912,-4.262214625298912,-4.3653464785960665,-3.61058183754631,-3.476409514434967,-2.7726023846174503,-3.867244241863468,-5.805466367801161,-5.769652779438394,-5.3246334473257395
2.6215420852649998,2.337123451731556,2.186896842599656,2.4058190247351434,3.234212734774135,4.461962783228648,3.5168937997543,1.476601132794521,2.1780136194969373,3.199165229932944,2.6505632191612434,-1.2662764918416773,-1.8707368755829612,-3.3272315507753625,-4.840283273117454,-4.435856594469094,-2.845419036550168,-4.271298043028781,-3.666104965415594,-4.0327874063021305,-5.6124638653715815,-5.576480804758892,-6.648326307735268,-5.7617229596360895,-3.9562196471344246,-3.604654929861115,-3.3790885858153428,-4.008109740486688,-4.020105226269749,-3.399143242862774,-6.25201000453027,-7.324449387763389,-7.740624448589935,-6.216590728899811
