script/wind150m.json
{"header": {"parameterCategory": 2, "parameterNumber": 2, "lo1": 6.000198445256149, "la1": 58.999992894266676, "dx": 0.5, "dy": 0.25, "nx": 22, "ny": 24, "refTime": "2024-02-25T18:00:00.000Z"}, "data":
[rows 0 to 23 of 24, columns 0 to 21 of 22]
-1.128043775393394,-6.577717012217083,-0.7816805063323278,-1.8768497488306426,1.241999386923231,-1.8566715412980213,-0.48217351727202074,0.9943767197234306,-0.12552255052506184,-0.09344655031427568,-4.669677541635139,-4.315409064777932,-2.894510520446404,-0.8775430996721488,-2.4405718072391114,-3.141225942436854,-2.8569610439432886,-0.9312394899471188,-6.0655441168703845,-0.907926245252829,-1.7021540696389839,-2.4064736483020397
-4.1293235136092825,1.614969609675982,-2.4462088460383504,-2.1444096890214364,-2.7141555767793673,-1.7487538611567581,1.0520786305463061,2.2977357844638506,2.1738576572477335,2.759960665641466,2.2882495336611126,-1.369264275688355,-1.3653264533773695,-1.207562781569034,-1.738069999947769,-3.671816658935881,3.1635949871751814,-0.9515316887951736,3.57557028763356,-1.8637678393346013,3.976697805012523,-7.329212371026681
-0.8962337892366002,-1.6184747099071215,2.6004037126341184,-8.159307639846846,1.483374815798599,-6.602252781506324,-1.7650913400081887,-2.4751812504278576,-1.3913526307643804,-2.9575755387299085,-1.686021607015781,-2.877874254024314,-5.751490908743817,-4.609610083268441,1.390876597274622,-4.578846829082948,-0.46497016464063773,-2.69789629333318,-2.711294696470524,-1.9337858202368978,-5.126418629644628,-5.3009073100093795
3.0576717288598294,3.4607102091771327,-3.5139900278404315,-1.2352999429420886,-0.0006007788051091238,-0.10960082099874921,-1.2240612306888121,-3.189889663309601,-7.560125844948106,3.5007689662217523,-2.7197677981345207,-6.085121659340964,-5.261041669109032,3.6742574214094756,0.28136610817423646,-4.446591707765761,4.117816991294365,-0.5161740440237845,0.3028771432974644,-4.769639830775862,-5.821258249847324,2.795695354610012
0.556442594516688,2.8258013889396767,-1.7091779548430497,2.044009330057139,7.722013992356054,1.3589927202274905,-6.135773479507285,-5.9778665473849895,-1.686303272028386,0.8752618798681987,-1.9985059435828911,-2.3610737175280754,1.6539803299190416,-5.652989698668716,-0.554199056312854,2.6751348277174367,2.2931782208971376,0.8692483037870303,0.09460640471819276,-5.784751935416268,-0.5633429827393088,2.931929173532899
-6.187893099176902,3.9851250840748778,-5.761939340628362,3.714876446336244,1.0850277286353178,1.8046331005174694,-3.932071580397027,3.7261911597537605,-5.700737876901753,4.053650275593592,2.6621347782579536,-4.467989741846185,3.5923765419196667,-4.197515178562363,-4.558254832899848,-3.5303602191023202,-3.3920243117858697,-0.7488236594339955,3.294516635298001,-4.661590086147844,3.9779265247149884,-3.4602644980490505
2.815134320244133,1.3536074466606383,0.1367545014548367,-0.09281215473617578,3.998258941502106,-1.5082037116998508,-0.2597890472802267,-1.5912247647602862,-0.6548659743979179,-2.200785457798711,3.5053278401674923,-8.110850916609504,1.859824819857554,-5.4974980722849365,-1.789623036667504,-1.2494549772431165,-2.1999356098683887,3.0766997095483353,9.492045992426931,1.915645744090318,3.2085827556771087,-0.263576931661171
-2.7489343604985614,-3.5663754185776377,3.655346188873927,3.352223121388845,-0.43934654061834355,-5.4703085855213525,-5.566697055965333,-1.1113629968985352,-1.579380649841449,-7.8755368714608,-1.2063925645675795,4.1478223855924705,-0.02511695538905638,-2.484555001995182,0.1263339983960671,-0.9859962641232433,4.642569323889277,-0.3186569236393272,-5.425893510077035,1.505350129702163,-1.2175725821523808,-0.9741126368050513
1.1066366799450351,3.311574684849692,-2.36295314022191,2.5869502963902025,1.3032709835591665,-2.981064063474951,-1.9050475048669486,-1.0410786070200144,-1.6328414688892965,-0.08660678606429752,3.2516314757324514,-0.49149255350269405,-7.871802935603898,4.4703609296892095,-4.59752148979861,-5.219724592067163,0.13260247484177512,-7.3301005694905985,0.4282366917106072,0.590059997574077,1.3877828612776324,0.8894577014459837
-2.181231944017991,-0.01999542668732645,-1.313041652862749,-2.3931594367044564,1.0765233363093463,-0.7974145024906968,-4.102355106944771,-3.1665456930968787,-1.7825574423922217,-4.589555964916319,-5.8724997896319175,3.3079341981150225,-4.415379001990849,3.0855342558858525,-0.7605142176568784,-0.7096461993861445,0.8627952848374335,-2.062846981149579,-2.3024176789102166,-2.388876615353657,0.3662133240655051,-1.023318491056602
-3.068238868860986,-3.9665886084919593,1.3470014925994251,-3.2640340959889356,-3.558856618424288,-1.594287496752612,-6.45731384816413,2.0675832831506296,0.22765764692947427,-2.1093954209982324,-3.1102839634812893,-1.191773322513177,-7.538360437184674,-4.2973986553056855,-2.2185758698433573,-3.9871455706329444,-0.13842307864434192,-4.35406149856855,1.939019713229037,-2.0697807697070045,-3.17988072117158,-0.2964948310644876
2.803319979935383,-1.515432698772472,2.0500551259560598,-8.564255674619721,-6.502932146430795,1.6295322316133762,2.263126521169245,-1.4377003063110867,3.37736604127611,-1.339419489125327,0.10810013850797903,-1.9188528342255156,-5.355058473186751,-0.7584136644392847,-9.288055838797534,-2.9706853057386615,-0.9757179426822898,-3.0870298124885873,0.904658062369031,-1.0640631134261742,0.34745403192980184,-0.7671190803765324
-4.381407916020038,-6.547642701564806,-3.870747018202911,-0.30404930043696,-0.8511299312986135,-0.7345183423524972,-1.3227689871829793,-1.3599794879332197,-2.3914043029876098,-6.293959066607162,-4.4372622750612,2.6210654287538837,3.0377211885989253,4.000922465968632,-0.23133395379282606,2.934613766017853,-2.0402557778553456,-1.830916597056165,0.13695310933110855,0.5267619649371346,-6.851060167438845,-6.774701283194907
1.5385902121787975,-0.6136935143751784,-2.2327928192649127,1.0059145508301761,-5.158622178780614,1.6386367210586998,-0.3913305777028942,1.9027507190756603,-2.147509127733492,1.5026896702842818,-4.376801701853438,-4.413863618154924,-0.29459259536402116,0.17924944662454864,-2.6626019844382407,-7.046231945460596,-0.338692357583088,-3.041246127989931,-0.6873996450746371,-5.764992128245413,-0.6421059981881397,-3.8702885892235037
-3.497253575814217,-4.079107765875343,-0.4516701311648701,-2.766140745112555,-1.5865454350915822,-4.5887045423612065,-6.300593294029144,1.1308595573932414,-1.6175843418245979,-2.99661639526777,-1.9438110223378786,-3.1180786655290196,2.375547489332776,-0.6893954226948968,-8.16631174162355,-4.273084307202603,-5.906112183677746,-6.700812979189344,-2.4557616088843788,-1.9028828677959118,-0.6042054991775212,-3.602421667035029
-5.897798198480655,-0.37446094329332297,1.9133823435724877,-2.176700444822899,-2.620885747941033,-3.6946818065666,-0.7735374729618198,-2.548978467644386,-7.859458652901794,1.1363080017982803,-1.1184651361266642,2.7640183586104157,-8.871643886486055,-1.8120171965777911,1.5399572392865402,-4.070050460416042,4.1154309787848335,0.7581661940334415,-3.4091391757789,-4.128546659731042,3.3278100695967687,-6.075342888221941
0.2191205100860289,2.8015842679600116,-2.08691692593507,-2.5527120413134607,-3.971381827473424,3.066761138625871,4.154578390466071,-6.7878558690350275,-0.7890628157215248,-1.821718182846741,-2.4879399410861267,0.20780639968004921,-6.619719183127739,-1.2973325221671075,-6.194904417824325,-2.2972848723839365,-1.1385734427041727,-0.9038679156060183,2.0249401855612135,0.12875109567685808,-1.092127040360224,2.0289849359996173
-0.5144521098018594,-4.504127973853711,-0.5894784832696379,2.5611255790548797,1.1915409190902164,-2.857778124586566,3.5625800198980504,-0.5460701143833879,-4.617423748936466,0.7057206772601824,-0.162657325071729,-5.439585952839417,-1.572488088176669,-3.0575427175544974,-0.5072557141675985,-7.13945490694897,-4.253127862201925,-4.293166374044293,-2.300845919615368,2.2490746200387077,-2.3224861761782076,0.2161817691390434
-5.130417530165889,1.5750380402028836,-2.35523584607503,-2.074306452693254,4.035846403468544,-0.18444332390925117,1.2061785151223279,4.094091519388625,-1.034302814122511,-1.2286727473660535,0.04953365531507532,0.4007729469524811,-3.4594316958094344,2.2090079994328145,0.6496063221404864,-1.7012088396891896,0.6902393514565486,-0.4372824536254404,-4.571661682615149,-0.9931992374612834,1.5723947115123924,1.010815270139341
2.557145392358969,1.4142327946412652,1.6471457855231497,0.01558734812834701,1.2848337220639703,-4.961606198230692,4.178564107197561,1.935855974173818,-3.031754668293053,-4.836752226630661,-3.9174519946884665,1.3684719329260484,-1.5798581430675438,3.8381921438937443,0.3191701976363638,-5.681048625125148,6.257406884214713,-4.61259616964801,-6.032781620297199,-2.319122923325678,-1.0424507830172274,-5.204870790562336
1.849496583161973,-1.4945772480461263,-4.8220210717074785,-5.952958670563369,-3.4837255009961954,-8.280750578739141,-9.488512276425652,-0.8679532693761148,0.8215511739032311,-3.3717998960572264,-6.898376645779082,-2.9912322482045317,0.9419906479900712,-2.625403447506021,1.1653981974979177,-2.8343754419529366,-1.2356435087840643,-3.1692951257158777,0.9675418311271482,-3.660192341396566,-5.464358013346272,1.0926241513113066
-5.631371519476836,-4.449137769442064,2.0976669473121294,-0.7087346261346706,-3.420211672161461,-7.214403311449169,-0.14654250899989651,-3.502720849943415,-1.6458451092889084,-1.9107393233187284,4.106694121830559,-5.0393411954465055,-3.193101335266112,-2.9544241335526573,-1.7535827012930743,-0.9064789937558869,0.22698340886228416,-1.7230805157475773,1.5004943463390419,-4.5746592526091785,-1.0123740846096805,-6.552353433230645
-1.9835604910027749,-2.79132188001681,0.3012222713260692,-3.067700370219739,-0.6737690267025731,-5.079400936560188,-2.111978996891829,-2.5992234203472924,-2.182400993972339,-2.2631255445868925,-4.594998412092426,-0.07391740064176863,-6.069274835764951,-3.763967638278383,0.1910660228281719,0.8681102951858624,-0.19906897077838293,3.6570207650563593,-2.4874176430713018,0.5405125509647736,-1.1687181130408362,-6.5407080567276354
-0.11559515066874147,1.2740724006465225,-4.01245514524806,-4.320171131135748,-0.26755074421871683,-1.3062292682059338,4.182088881702032,-2.7452351318860844,-7.1493637028488966,-1.4384085707227479,-3.175745408140867,-4.648269189159593,-8.812676377066166,0.2003932670283134,6.110455386484067,-2.4994655645088923,-0.6441783642361876,-8.353388293285054,-1.1541589008917552,-6.665360230894675,-1.859804964351837,1.1351309067017012
