script/wind100m.json
{"header": {"parameterCategory": 2, "parameterNumber": 2, "lo1": 3.000054539987559, "la1": 64.9999836372058, "dx": 0.5, "dy": 0.25, "nx": 34, "ny": 52, "refTime": "2025-12-27T10:00:00.000Z"}, "data":
[rows 0 to 24 of 52, columns 0 to 33 of 34]
9.945378444268146,10.194185260597008,10.193915947900674,9.972792785045332,9.71152171073536,9.98211479132132,9.852857124828729,9.737453700051807,9.69878716644946,11.487669844462836,9.140552156231621,10.6210117115005,10.69369539004416,10.894936783801993,11.104045792340804,11.556859149408456,10.425109561726423,10.101063788911837,7.3241415567548085,8.052262401317094,13.179896587904503,10.341479803324832,13.30501079076587,13.760004377841966,14.938833398367661,18.356358710836872,11.327913168897888,13.155084602678015,12.977167211818447,13.344628897953847,14.051198113393232,14.828363144219482,12.82054475495609,11.348370955352554
9.333785923584617,9.823451911690187,10.213383047272597,10.101370513911199,10.06020374539763,9.827013431474718,9.751563043804971,9.890250727962918,9.907744946395365,10.118522023115224,12.730720794564215,10.015794507736254,11.177316261698719,10.915183329070217,11.548435128261696,11.346810254794953,9.594830236063913,13.56318091629068,8.307939915888088,15.359050276864453,7.968700503556195,13.49461997511041,10.86925892765383,18.967015063981712,15.34800554420894,17.31909619886926,13.926573302623758,12.497003212990036,11.926777781953007,14.405842251084296,14.261465349253658,14.678513549886505,13.778349729491191,13.171764880386512
9.24292028327293,9.28831035291985,9.748349070226048,10.05834762610681,9.895898802140724,9.694462245120778,10.075601817910286,9.520742719414173,10.379955599475004,9.879494542840325,12.118684779962747,10.529331397938329,9.191450141563323,11.059659163535496,10.681179406856856,11.807851187658349,10.680188744596501,10.573585813167375,11.680279897947639,8.324795358526224,11.851297783491875,12.252785400661391,14.11860173587117,17.956599580005427,13.972222868945055,14.339206831504978,12.372211145274061,12.56888660411779,13.2329390660512,13.61816989741582,15.45842148797714,14.723573334847845,13.315750172629137,12.945907949993277
9.127212762716853,9.167176498766962,9.134170868534591,9.558200018897681,9.778456608261124,9.52198383265702,9.453903890075914,9.926774267761903,10.351438448089235,11.457738778543543,12.145018712422589,13.122857201000787,11.957488630338709,9.573295072339201,9.452144761264167,9.764946999289473,10.151053802883863,8.959824997921427,11.556258427812887,9.168223464135155,11.411378338421663,12.460901585741771,14.603540248247125,14.00506396374952,14.50483068381961,13.851565446054314,14.418268261481805,13.576389471928255,13.2171117371811,14.70063503597285,14.376107040490739,13.78249869526158,13.536780468476513,13.106621981776012
9.081416893655383,9.12132237336898,9.224221014007075,9.112870391772711,9.348733102025431,9.395544108540253,9.815565011687328,10.116589758162597,9.709903568455244,9.353188612879853,12.942109948607383,10.798877940789014,12.77824326949089,11.145961954221816,11.437098741553045,10.770306267882068,11.559631373160558,9.271382683705346,9.615527889472578,13.025968728131962,13.058667135143335,18.527596184062006,13.870365128009466,14.246484845839163,15.422786974130949,11.836006869881626,13.550404622598304,12.762230923814633,16.421248248734987,15.393158194774623,14.48575844335441,13.452790607689485,13.650580705720838,13.805318709929786
8.745026699930202,8.741626930429028,8.632054274319996,8.780638394498473,8.83664423478845,8.935766720422082,9.385905394363228,9.714953812915128,10.496558179618738,11.364930585959003,13.046785152838686,12.28466101104609,14.873399943374261,12.433406488037091,11.641182851907585,13.121158388905808,6.660735625231356,10.436812690171081,12.887276680269533,10.723163395712385,8.456020491162986,14.7020815893076,13.578269203112145,12.972099781701242,15.54859354737417,13.13756329549873,13.746485139258949,14.674764731487608,15.25318204347038,14.193216483974147,13.55210028651708,13.040641889788487,13.491612731449974,14.403637145229792
8.136463364358539,8.142889280040192,8.133387704738686,8.266327158156882,8.565428720448605,8.656404806699006,8.866065259230705,9.75884016865947,10.123129307406515,10.751024680137444,12.184901350166239,13.715638822300546,9.542164838434656,12.613022829799352,12.904577641902055,10.236233576332088,7.285351402923632,11.830734793021348,14.38852407175943,13.260873594925908,9.4075966238845,11.813670935007265,10.97677846341079,13.00757960147162,14.991071969467995,15.105662487966281,14.274917668733538,13.407971601329805,13.051525704725533,15.125297012423916,14.066955322563786,14.225019309707026,15.17489928351156,17.179083471723448
7.823622818849542,7.650576583472349,7.589766940609412,7.737586932901355,7.927887334069367,8.3844235366126,8.535180794789602,9.066870180275606,9.983454693076132,10.608079104823233,10.997472274213319,10.289050705580626,7.428933518312015,17.28985712302057,11.958564694380991,11.799171556433503,13.681122642147923,17.379001973689867,16.058005769470338,14.312429327621004,11.474859736132595,10.451769362048529,13.096208710237477,14.67455311075767,15.773382563886038,13.97335892442638,13.58659286132436,15.357163445895285,13.10384382062776,11.817101693073756,14.476221164380966,14.336151762574843,15.680858032720543,21.397034420791513
7.4436991991231425,7.156502294472367,6.891684627870421,6.85655772019818,7.158059895632696,7.593331637243262,8.107736221322384,8.45240307027806,9.229448414396531,9.86100251086549,9.09561836916798,8.812321072090255,15.802713876749193,13.722186188036144,15.10818795725732,11.793161747075885,16.977004273279128,18.01588575447918,12.054539486798223,15.160808220178126,20.08639757708626,14.308086478367827,17.56965310228844,15.131152995469968,18.09588958127155,14.514555482625191,13.987930622357569,12.949412903658263,13.277068421046332,13.12562716286488,13.922904096084714,18.75030735782338,23.07800386922617,21.8264630373864
7.082587902971591,6.963735798688387,6.346299297769761,6.106151314434489,6.443035601362611,6.780218850137976,7.37621986250967,8.145616850672196,8.515947620084114,5.686532795531889,7.298439591834026,6.428188498469159,19.6333038720177,16.754890320270423,12.439196193834864,14.83389480456604,13.336034177318934,15.567304130753874,11.315658612660748,13.07803525051426,13.166337623412188,15.124894532757514,15.527370571864372,16.310453194997987,15.6650270809888,13.83047513084861,12.99861166318844,13.94021527046725,15.488886573724642,13.565552245797301,16.047297796625244,22.173738402868782,22.75935034785328,20.991692453093535
6.63815011101476,6.388295682538755,5.845170150235458,5.351139129032139,5.550456487123694,5.584497854927725,6.593445773285799,5.5563857353336275,8.058291120804654,1.79169822935999,16.97700771352867,15.201042634203596,15.2745744848796,16.975171304754348,17.32694790273563,15.162197045046454,11.394792292480423,11.880086468486185,13.137421462786094,9.143362582597348,14.107924103996353,15.619575262535056,17.310242340239302,14.290134862154831,12.654716596077343,11.281593908006833,13.178750855641464,13.80267593749908,15.904044486825708,15.266526651052706,17.851230700613584,19.156483872574743,21.23021424475752,22.93251058560534
5.87129457732656,5.850672926619141,5.231070840808451,4.721497974840502,4.17172941383027,4.102237344270369,3.348743167613181,6.38549103181235,1.393501232528644,7.01370157604036,13.226326177706744,19.680515984675353,18.91268331906365,16.62071347132314,15.371295409606669,14.670086697403505,10.797076879731808,12.489775713959336,10.925594067041178,11.921379824083532,11.831286099944428,15.344822789516359,15.889190331215618,15.583855667287484,10.279783561874567,10.92234240935014,12.592488360189666,13.865754080630582,15.287373457514876,14.996033207600105,19.137558503078164,19.995953837496668,20.639766907407893,20.831082609226584
5.255175776693944,5.066362433518396,4.672535362257158,3.76299394306283,3.188757284275753,4.321909308234922,3.4020345552229143,3.7469730331805704,5.491222689181465,14.953547048214983,14.547974802573892,14.261219790631316,20.317867052375234,15.994482034912547,9.425035683346506,15.886139990962999,12.465273259882004,11.226635534250288,10.934919235083145,10.650928118992322,13.022670483654167,14.623919192480527,14.555314808256286,15.114022231953115,11.943873050957023,12.01043001206282,10.941278255897103,15.42127185963674,14.472131718031982,13.718015094345981,16.987438527556126,19.720057354492482,21.305711095914486,20.265102721332074
4.523320381014159,4.569888075505479,4.210890246430438,3.2680500787639275,0.2411554205693692,3.1080170932023954,3.342611750420273,3.4104848522173947,3.682513178090314,15.189314307257133,12.303653777385128,16.163851998265677,15.030326691676112,9.684257805181222,14.975586955121791,9.945365134955576,11.169922009693087,9.109164515610411,10.274226889994837,10.454061006418572,12.813466239472806,16.227423561012312,12.080050698189787,12.182157797574652,13.184037927266964,11.812926240922963,12.931455082922962,14.593391402127573,14.85900049720916,13.213583921564988,16.07829389477176,18.736730796130278,19.036485822153157,19.53666047936078
3.9706051761632835,4.040323105563787,3.4871318877705444,3.1683225293168653,2.329882584041466,2.435172501376514,1.649341563154583,4.794583804255021,6.169821189051474,5.022750467151262,6.450077674764629,19.121850261539723,10.490609182829981,11.342328808480856,10.797858046816009,11.06099784702048,8.128568369907931,8.983533421756613,7.471315735093144,9.284382709563785,11.068065936623409,12.480564026608025,10.191294630028535,10.798511687474708,10.607140413874971,11.632730087788842,11.894005340473042,13.013375202022079,10.59570278477561,13.596257979124198,15.293674711978058,17.484119914770552,17.190034469423544,17.735317225022573
3.323540050879973,3.665651135969359,3.3340363471015935,2.798805647466568,1.4933467929312807,3.1799141945799008,6.7178880492540385,-1.429691680172939,0.43922453047397486,5.280946324583423,12.486689283692394,22.386239735845134,13.941938799945914,13.21553583130507,11.887693091206783,7.234648187665811,7.782088025890605,6.134622758792768,6.880880137696445,8.955373783837572,9.893713996292737,11.0706147139039,8.950663569204556,9.148012162812693,8.65761260518738,9.792334577324318,12.088967495962805,12.938632700983016,10.217162290579704,13.130892738195195,15.056512980053895,15.037328509876055,16.474851993652994,17.26909470686043
3.4483361725807584,3.3189269594400272,3.313550516944928,2.4105926092485492,1.160790774266929,2.1842413816128117,7.173076692602199,3.70746859927827,1.0068212569488588,6.554475406527004,14.580444811138584,26.833052746169404,10.617352259167472,7.416871874682397,6.208674307131467,6.858564782924667,4.619649468865734,2.63230174691993,5.805188321174339,6.010653372849913,10.784582666689628,9.983871619279626,8.68057859155198,9.041580563533131,9.702231733832713,9.62764645700597,10.337593153247154,12.143231509627466,9.178589816298615,12.189066056509828,13.937657718279707,14.927634765308698,15.934325553298418,17.063278534960038
3.0644263240545535,2.766268636153366,3.0351969768371276,2.6864398680007726,2.5350926571294727,4.640519954294872,6.4981019880499185,-0.7584844398969792,0.38164339372606265,13.966895134243877,17.247428607925254,10.293027233820764,7.1217950694285825,6.734027007973698,6.45952099582756,3.442492951546993,5.8880636395998875,6.916872353337526,5.858413515955623,7.2929960941320875,7.439556148816142,7.638310261662134,8.066293276167288,8.18341022484887,8.944055890805512,9.514577538110577,9.168054098767069,9.573076115507323,8.471734402322863,11.65094057578431,13.810172961952166,15.164123425887004,15.876644442854447,16.09603071784319
2.774759333097813,2.3959768679415085,2.2758481089868163,2.7508508827065374,1.3313630674483738,1.753605155362584,1.3659590829090569,3.3532551084599582,8.17981958672814,15.17286978030096,12.551747811112342,9.884057254385697,5.242778988892494,7.090850825644479,5.831747916070161,1.9986119097417232,4.931650031410257,3.4856627284899964,5.021416796133802,5.1005954008745675,6.123240044496348,6.760553294758453,6.678744221012608,7.9769655406328175,8.070443815327387,7.945040298572817,9.600359026049158,8.939862720339658,8.776021688352094,8.815449485088253,10.262879788424524,14.772609153798541,15.575761687541997,15.601767100408395
2.475479204131873,2.404100999836035,1.7150928880183416,1.9934248379986612,1.3370618676592543,1.5483632172808235,-0.362193243837361,9.651004997440404,8.933460444807187,12.992348363383922,9.995812171727307,10.202660971885985,6.138733079202062,14.069524252906477,2.3474525767698977,5.910898988739207,3.1053811938982063,4.566085174898453,5.778177429641806,6.753812948565684,3.8227583569755335,4.330450219308294,5.676486477225359,6.7883719367126565,8.186509762734069,7.441765847506035,8.10888331722416,8.961363202997346,6.971978768463264,7.956374590158154,8.618485499425635,9.361709001809363,14.058739805751395,13.843973633883241
1.4498072291415918,2.247887081498761,2.169481978366933,1.8274410606649232,0.22232042152375103,0.8378494890282306,-1.6253275719389912,9.348254785945597,11.594488704799911,9.672814581555624,8.436422731547927,12.835104640857963,2.2933985116177573,1.9843071604006495,2.7289801809885477,2.723569612303643,3.332112027999851,6.00971360466837,6.6304356495396455,6.18062393776351,6.441028082148384,6.529006961083531,9.082517988018795,8.350732950275662,7.045341923087362,9.985254945844613,8.478591058824305,9.509310493082959,8.03480426617572,9.025788594115427,9.725658539482794,9.009627093520928,12.667788690820444,15.272260955801768
0.3603475173371225,1.1961306533341383,2.3868383960789115,2.2152924027297227,0.2829831213736359,4.916211375507337,3.4523480048354274,2.180283592129445,15.402481451831612,7.241085125103495,3.645323560146458,1.318794461864365,1.0943570474393793,2.174639673539685,2.7420408547926587,0.7897370097747005,6.473862412806277,5.558334759245108,7.345616379192285,8.302791880875807,7.408672526599959,7.312632257449869,7.742976480607923,7.71343861250603,8.783988612551898,8.188121004774406,8.99966106994105,10.08292828325201,8.908285387115447,9.501869675352811,9.611774721059293,9.212073041707795,9.2701720992376,16.175532234045676
-0.45480556428556773,0.3405283143288393,1.3455075758663506,1.9576057096806891,1.8698732933354645,4.303432540480385,4.096942461043894,0.0907495976706065,14.513126951194408,10.986742852870625,2.4388445614384637,3.065803124492679,3.696299799447283,4.910852994707161,3.5994772079639836,3.0929245710435462,5.456976997780032,7.4083817406437396,7.392620975987475,7.077128076141758,8.619613533144316,9.389616810705093,9.94782913335767,6.806298889226336,9.304026396051835,9.352863134084869,9.103966038180026,9.915572773249743,8.441614564026766,10.685851630851635,11.16048555027631,9.182925471618663,12.565068992590648,14.587954183278688
-1.0522305054142675,-0.2896395383034975,0.9335188488513362,2.2318538673833688,3.0246574418106147,4.339190860860844,8.48696574681709,7.96587196222811,12.051837514700662,-1.162863284310642,0.4348488268540501,4.303638456579412,5.007721405951086,4.0473134720418535,4.714879896315899,7.559240019679793,2.606015689070337,6.59810580660127,6.773177944651903,6.715530301168703,7.503378733940501,8.75027680136035,9.968322170168594,8.56947988176753,9.483782161964802,10.431424725447783,10.005153832684304,9.48120566677207,8.61118238871177,9.930023629413334,10.649997619834384,9.739945745667221,12.667631981193164,14.897636883575155
-1.092649705347041,-0.6208830441456881,0.769113934554486,2.253512514613426,4.022615941688766,4.167807110514007,5.693583661851762,6.797751914410607,11.580653234954864,6.41358461277573,1.9630595524060888,3.7778632278987456,5.659338715545189,6.808491093838537,4.648547504166792,6.932442611397757,1.6510407775874594,4.684868598233594,5.6099118587134145,6.775791878497959,5.654561365260385,9.85451793062138,9.375774690431722,8.414238613038952,8.903785084353816,9.162685651878721,8.96278181807946,8.349672119535871,7.860369015734953,8.516771315229791,9.801771784533658,11.503425625858107,12.685922255194008,13.708129212764392
