script/wind250m.json
{"header": {"parameterCategory": 2, "parameterNumber": 2, "lo1": 3.000054539987559, "la1": 64.9999836372058, "dx": 0.5, "dy": 0.25, "nx": 34, "ny": 52, "refTime": "2026-07-02T05:00:00.000Z"}, "data":
[rows 0 to 24 of 52, columns 0 to 33 of 34]
-8.01128184150096,-7.042060708342187,-8.475240778895149,-9.03185326138418,-7.336244961797191,-7.636656100517341,-8.233122861361755,-8.355836569576054,-8.511211221664674,-7.414498096477663,-7.145389929267898,-7.349451670517769,-7.6891141004712535,-10.116646378204425,-8.930412095413134,-7.568019541844835,-6.33799391084135,-4.225165112861523,-4.192374026873969,-1.5975275753155271,-2.6704166964651934,-1.3066430872464623,-3.8987915724305204,-1.3688598380850392,-2.92957088949239,-3.1111745954290324,-3.077873054404398,-5.674281575162356,-5.50822059842915,-4.907926987931737,-5.44206868268506,-5.9831594185572365,-6.994719285887071,-6.273499888306424
-8.430821878757875,-8.690166247691714,-9.505052506927887,-8.239112786296763,-7.491040777458583,-8.545930760485682,-8.385328543941224,-8.573746315371979,-9.107085314121305,-9.500430497972108,-7.907990343964658,-8.10513651123522,-9.008810849084915,-9.724319894581164,-8.744522208449405,-7.68021064949309,-5.651513581380249,-4.2798458103622945,-3.841689259337967,-3.194022200811639,-3.7228341955284385,-2.749275611254958,-1.5950041906243786,-2.2966915371151417,-2.984185487176361,-3.3386415111984666,-2.492261316762847,-5.576919285818316,-6.397786244320993,-5.322361711896282,-3.7558140572752676,-6.5390551452932835,-6.859782762342568,-7.897749179983025
-7.589032834314907,-8.1165335839566,-7.959154311345568,-7.944602552677283,-8.589473012883976,-8.862789030098245,-9.40433147244211,-9.235366913303384,-10.041666516201724,-9.751804601937039,-8.320787782095614,-9.471297740622138,-9.760669223242454,-9.39506515658128,-8.810732437249333,-8.256731758559827,-7.602441417389297,-6.180734946636612,-5.193297435428628,-2.562862232544865,-2.155162191537184,-1.989022485621039,-3.77424468623459,-2.244270384942898,-1.8787607026629451,-2.110479534855968,-3.2513371351585194,-4.748236330876284,-5.798155691237169,-7.866210992561027,-8.008437007495997,-7.697578842243063,-7.873889631717836,-7.852611759942926
-8.698272106966844,-7.687333261070398,-9.374843228436305,-9.285656200630848,-9.70031169490346,-10.428615362680357,-10.476363895252476,-11.445151441142357,-11.509577958173068,-10.317188241258828,-10.343831473963064,-10.159269480033382,-9.162158347101059,-8.85066586790379,-6.925204318747421,-7.6474361651490135,-6.006336431480214,-4.336267287942783,-3.9708119647178806,-3.337300711442638,-2.4216017545628215,-3.3137055655754093,-2.5263572104635217,-2.3732429726012203,-2.407511891794891,-2.053610545597001,-3.0701266828823726,-4.429568589855051,-4.6034072201019285,-6.815972232933395,-7.282824235572797,-8.102443023182616,-8.161478880546262,-5.661602176968079
-9.16713332315129,-9.470648220197281,-9.884095149326292,-9.975103708826975,-11.43758409999974,-11.924508748711046,-11.678330443149084,-11.345878685648634,-11.372094095268052,-10.723682601309159,-10.004559075796971,-9.066341122939674,-7.153694222731003,-6.589802600100981,-7.400980948065471,-7.145168183172805,-4.795682045404225,-5.224236725795905,-4.393724944905543,-5.091818674966354,-3.105377115071367,-3.7158424825136267,-1.5503564746637055,-2.271813785099415,-1.5678707220310653,-1.707694318406463,-1.904271840795039,-3.19765623143137,-4.079795671772768,-4.2678014609953125,-4.29366799109202,-6.753455786685417,-4.308289857032381,-4.6729013476323775
-9.926606855723177,-10.95970787970826,-10.84851155614546,-10.87732469017449,-11.327332054067666,-11.078588627819185,-11.537271053743266,-11.584217676321394,-11.592786644076595,-9.918919985277903,-9.150093065940366,-7.638144963096746,-5.711289836651866,-4.714702681069481,-6.63184361278391,-5.990556527643575,-3.5912141710508765,-4.1341821614876375,-6.7254345105495394,-6.696288776190137,-5.191061265936216,-4.166836321007987,-2.0200233731398978,-0.6395292147405534,0.05146264845345906,0.6265483567123374,-0.4859042616388922,-1.416184194284131,-1.9253328706054726,-3.653761533678109,-3.321532071638504,-4.672605551658429,-4.460198872379891,-4.064327582136642
-8.62586882580553,-9.591256833437464,-10.24082369559949,-10.996027528014015,-11.089946833831439,-10.466805028947972,-10.454188382439,-9.589184268372481,-9.282986219949448,-8.276630201829427,-7.264593981300812,-5.475896355674186,-3.9831370448307974,-5.679536922462896,-5.215469144003903,-4.561059448632069,-3.636683478758921,-4.518327856096289,-5.30013444689008,-4.321668029807041,-3.6678205017553456,-3.1737158103816547,-2.7132373089670696,-1.0496790799525573,-1.079312244651928,-0.4212621607901284,-1.1480782690973848,-0.2074598648122189,-0.7157229041978024,-2.0259193553961174,-2.6841886469409104,-3.1061735902663017,-3.4215575104996794,-3.373762615027097
-7.151864468645445,-7.437701047932344,-7.165618995743314,-6.35008873919841,-6.571774071997609,-5.364632246085725,-4.558263994391281,-2.9467189751432805,-2.2767291271587373,-1.8562364878257718,-0.16874677101642344,-1.653102299636166,-2.1680959900129535,-3.252584507292337,-3.7779451330284504,-2.9949781319866755,-3.8247094099833765,-3.5929651501255497,-1.8222860880824692,0.04102615011318727,-1.0937378248495164,-1.3534122249232465,-2.3882011334665805,-1.1567796796643384,-0.8337164471426849,-0.9657146863618726,-1.8917400302136782,-1.9148458525667946,-0.39392906082648343,-1.338606773379499,-2.3480749014086557,-0.5145522484079657,-2.708125040382657,-1.6922576714370436
-5.784036283199865,-5.637813276123003,-5.542875845289287,-4.786094937332982,-4.044804763769849,-3.5341363818136866,-2.4077233730411747,-1.012208769077504,0.30989361937114857,0.4734974046408162,-1.5651965258846487,-1.5439953289077881,0.22263782869442506,0.5799730543336206,-1.1667541959632957,-3.927597925077643,-5.0323081462028165,-3.223283293707145,-6.622066078528681,-4.044296587490894,-1.9465964981293076,-0.4213833269327022,0.9681252077160789,-1.8897263516064435,-1.7687992460193422,-2.2694559735542565,-0.9963158121898593,-0.7880117569260382,-1.3829992971371226,-0.823685436331544,-1.1719634170730586,-0.44188338976414865,-0.5725214382988955,0.22644404773842544
-4.820531928512918,-5.7432785531184,-4.998599700266185,-4.2330671465428225,-3.0620074542153013,-2.4618424852377836,-1.5954807005413407,-0.8582235412659082,-0.46311487705322363,-0.951798049560725,-1.4377090356802031,0.19931455889573513,1.1872836830288522,2.0239648811882645,-1.0993787120893321,-0.793970590724728,-3.0154478863832708,-4.671869967685434,-5.52751349282238,-2.06561909644895,-1.0906434505544644,-0.766617797148068,-0.9219201491249233,-1.05693408546708,-2.044684538156547,-1.7595458814277147,-1.1110901617519764,-0.5050457676107487,-1.2600689029608434,-0.9735992129983596,0.45688890685510725,-0.4800329689181623,-0.11637966802994454,-0.01840029990301169
-5.739267216297474,-5.289912623358337,-3.992911167449395,-3.4663623504388363,-2.2284945207070654,-1.5087977958198788,-0.985420267775987,-0.7916983989120806,1.8147002170310276,-0.14930439402844822,2.4108018695612823,-3.445641756736855,0.25354274930007925,3.0765104448403227,0.9183028032904038,-1.977448874415483,-1.2870790891840704,-4.317600645218388,-2.3470868966262635,-2.522839597503502,-1.5086637635859703,-1.4071673027367089,-2.277035247105643,-2.5423133683527372,-1.8723666898088245,-1.103315569335919,0.1692737902697663,-0.7788753443504871,1.0468957549264633,0.7987343475999445,0.42504872952832323,-0.28406358670462567,-0.06290574692390198,0.12790900225979288
-6.985357940023257,-5.403858413242468,-4.2576671461540325,-2.4419764681901275,-1.1308251514531416,-0.8879022894488788,-0.7262095007683204,-1.5211734381911344,-0.9151044623278389,0.7608362258794976,-0.7819041419753266,-0.6874330602358972,-2.092035176853794,0.6986970670183622,-0.042047311720304355,-0.5733650919480415,-0.4762284435858984,-0.33261268050454623,-1.3354369763640512,-0.955861526858243,-0.4645698038066741,-0.32221104706671116,-0.5305089660502234,-0.8303511024083151,-1.0729981777688486,-1.634150130026154,0.2789246817451421,1.168395766167265,0.11715053790541897,0.601984288820813,0.5866205648598456,0.10469861985207615,-0.9523697413934733,-1.0389562780739747
-6.791594679397041,-5.131727147753158,-3.700621050878898,-1.713062922950229,-0.6525529819065632,-0.8750974842723362,-0.8943951924574168,-0.9381006484789779,-1.6000935584539693,-2.344865774659039,-0.2695179589370613,-0.03584659865044904,-0.2634097643190937,2.0602443080155353,-0.5277219394262629,0.4394747119354875,-1.1895279190843866,-1.7246363378026364,-2.2824366858887664,-1.0720236269514631,-1.284968118632429,-2.190686703904162,-1.022459127469501,-1.9649380583082674,-0.8330284876858951,-1.3804356683803825,-0.9953153230761205,-0.19697235347127712,-0.3389829366351638,-0.10168934601003522,-0.45281222851220543,-2.1299602258361703,-1.240313207551991,-0.7175032169447413
-5.259725548535844,-3.8967693837748505,-2.925851637992835,-2.524550770548351,-1.3997425790674667,-1.6121143006370924,0.27644985356570156,-1.125878724848712,-4.881647551533724,0.30185389059113443,1.2264388924524827,4.065681256849411,0.037517592316909966,-2.8777204056181382,0.012129908625870937,0.329743758741509,-1.2796252420551952,-0.9743178579349189,-0.9291827191391424,-1.0921576169246339,-1.5846332263100376,-0.788948872027547,-2.0074351942488,-2.121716024327148,-1.5062679806306447,-1.9020844959355427,-2.0790971115208103,-0.9373394767529083,-0.8209159448414831,-1.3691917821026607,-1.5075258136461367,-0.6637677974795874,-1.0516880938788546,-1.2969219192158836
-5.2360967011894175,-4.539304415992788,-3.6577503043595643,-2.6920160845536962,-2.613473414277503,-2.637789946899452,-0.5856714303350627,-4.218971688845056,-0.7740225947889167,-1.9986282535217041,-1.8822097563090914,0.8020819968252851,1.2396865196764966,0.8033256837580789,-0.7164017274738583,0.4032475348884999,-0.9419695184754999,-2.0658238384830176,-2.441972003720223,-2.357912495396418,-1.875757427993719,-2.440068914347708,-2.2791516562669343,-1.6596886190139857,-1.533232703407828,-2.7552480484138084,-2.220783668004786,-0.6808295839854615,-0.11204831309883798,-0.9162534137040534,-0.6615600079084819,0.3952036524590251,-1.5586277322375557,-2.359391725048739
-5.405787254936064,-4.2189794307402995,-4.254180714939194,-3.003975591756283,-3.0041113613830914,-3.564012896629304,-3.676679024704968,0.6422667192304748,-2.106593360960203,-2.737674420342743,-5.248050091673304,-1.704250990993892,-1.4767061871367566,-0.44508222831088873,-2.641270503386097,-1.747521889996402,-1.2285139241230065,-1.5634996110909642,-2.710709152535003,-2.5534362626622538,-0.8687592602795726,-1.8855952043920505,-2.4542824656543796,-1.8521199075549355,-1.2729895548593126,-2.1177347119280983,-0.9352049541619479,-1.4870333568922487,-1.0165697127550244,-1.0807925981158724,-1.0701798627509282,-1.1503229752455821,-2.6713749300315306,-3.082567766561236
-4.962807166782607,-4.54070320950744,-3.7877202937697,-4.409584809803476,-3.2859584362841363,-1.3112704659868635,-1.8782826285371503,-2.1839183129502304,-0.513296316608615,-0.6304791458930475,-2.979208167217157,0.04238127075289447,-1.081431370572356,-2.7139754491490544,-1.5845752706309988,-2.309648799450483,-2.5876743782827063,-1.3398981891872177,-1.6475485456496763,-1.0477989233754348,-2.1044221606156426,-0.8294829562720214,-1.2089357725471144,-1.9559080227569385,-2.0392531116415804,-2.6309524694049147,-0.37924000829160986,-2.6605601999435273,-2.1423148881131855,-1.6432586030534915,-2.4770788170489215,-2.575941054936322,-3.915572469011733,-3.038178453924285
-4.964199589057179,-4.824119870785869,-5.022057984444863,-4.801613374177508,-4.025353803669757,-2.6685490720489784,-1.2657467293045976,-0.8687369449099771,-0.613331695325712,-2.464381177262067,-3.991367120277721,-1.3429206797478226,-2.4197173508857106,-1.904050276510687,-1.732536035659043,-1.4161408470808021,-1.9812034802194645,-1.3240879277384123,-0.5166959352905307,0.09563112969354756,1.1167234163433695,0.6537193909033566,0.06571340893372243,0.7686617590772263,-2.6713453055576295,-2.9235283988155056,-3.6232530369398335,-2.5744588813505294,-2.5345572701456414,-2.5002230274417254,-3.7205847714336917,-4.576178163461607,-3.3113135187943006,-2.401964523031083
-7.133305791613283,-5.80024589424768,-4.954770134993397,-5.101704246643401,-4.112635813819237,-2.591943591315221,-0.24180573788196322,-3.433230490923723,-5.488091805634635,-0.5269518038400431,-2.032288694006868,-3.101816396215934,-1.727892233934638,-1.484188333336377,-1.9012441733195324,-1.3175930393331305,-1.8845677116268063,-2.0198445302613353,-1.1941463780368728,-0.5663829880719695,0.5036055732452388,3.1932576822464793,1.8728318225252973,-0.1256308450076553,-0.4157528622363625,-2.741332947833258,-3.7692338511254455,-3.6057868473272623,-3.4631699342431226,-2.82927812192324,-2.7162002919848587,-1.0335357054441932,-0.5500454547964145,-0.6799437157479201
-6.272331752565389,-8.733146245515004,-7.724428750215019,-5.908894723786439,-4.90951510626447,-3.2122597302947136,0.048145995084242096,-1.4557839783435726,-0.26641987888529994,-0.8297841714641848,-1.660340517474815,-2.4213677868030947,-3.1084556406863575,-2.098855318358897,-4.142481501330806,-4.733659700806027,-1.5139957248615188,-1.47036966268959,-2.5398061285642424,-1.3859669072898024,-0.6412885728188507,0.1917757462751813,2.168117161554296,2.118607708661414,-1.8255154024738778,-2.603965228021604,-3.871091959109845,-4.6822363238296125,-3.4550883127335013,-3.2996942205176083,-2.7824467292446213,-1.3096531978527073,0.07741524079069871,-0.5921152518395664
-9.394146587161762,-8.883837773556689,-8.958186556942604,-7.8601289306908555,-5.813803343224832,-4.736021198706139,-3.206835219750721,-1.2006580266008127,2.0659134096955327,-0.8066121093103723,-1.5473741206548464,-1.5942639363216735,-2.2038625706237407,-2.801172020307504,-1.9261347419311556,-3.8203693693080067,-1.580225979431722,-0.9593520076049707,-0.6506887019733052,-0.5900453785767598,-1.0160898764874795,0.23939355885558014,0.5767350727282081,1.1661597847523666,1.5553122492577547,-1.5902082078835738,-4.575653452527107,-4.405263079591828,-4.5073092011439515,-2.879089630722157,-2.44613075661242,-1.8606662566403145,0.22393958988704007,0.2762139272945407
-11.290833252770117,-11.121872241309845,-10.348056484149382,-8.458520399544382,-7.046705095091008,-4.172543606478489,-5.055012299833577,-2.1324652315397477,-0.03379580609285848,-1.2459201670740658,-0.17246854594603236,-0.8169691894176251,-2.4546174656286808,-2.6430743539341686,-5.122149608754916,-2.3077776117280475,-1.857823579292263,1.6690525055667993,1.3786061010514876,-0.41090241882443934,0.791622564836914,0.5332978341521463,2.384837619540134,2.5785405675865842,2.2498495310651188,-0.34483256265390044,-0.7565356844733372,-2.1057761102735104,-2.7896843363225154,-3.796931452196031,-2.6298405861204612,-1.681763739281527,-0.7597294791092137,0.30692603318641587
-13.786135767692889,-11.812672302678465,-10.376186461108768,-9.592635970559435,-8.776067506533439,-6.386177600644502,-5.148459024873539,-2.238453813632452,0.2898334550689081,0.5081935946515724,-0.4884566455219834,-0.7795213734465426,0.20910179015637342,-0.12579776283885244,-1.204714355193379,-0.5922454862224757,0.6159956686554269,3.4656798947520793,3.9777528647281524,2.049231950534352,3.0726365259195116,2.1515208601806983,3.9781102183424424,3.0688015036811684,2.853267205128684,2.6065635363971933,0.05589057782238392,-0.10235629133416548,-0.10540031999437954,-1.2452428642142401,-0.47664288470081917,-1.548534910622031,-1.203469204762904,-0.2258227441622787
-13.324948911023089,-13.493050550966748,-12.111474348474784,-10.331250665822704,-9.401417034604046,-7.84576424380625,-4.173538215915939,-5.7703354139512015,0.34890656529559094,-0.9288888265510851,2.137003078669535,1.7567306744523918,2.601109443767381,-0.21467727431721265,3.2480328015756736,3.930960632987467,2.4667904687278597,3.703481194766796,3.641098645151041,4.388231395673849,4.062030281262264,5.81110858045505,3.6202344942983853,3.3797406227027365,2.3180635898494986,2.769177014162954,2.879299638326837,3.629559988109689,0.018709039487824698,1.2556388264480844,0.10604873935967642,0.835349197942718,-0.7241457794903684,-0.33782331652446
-0.16985964414481836,-10.863629246572474,-13.465221221698378,-13.191538332695018,-10.157462083327637,-8.875038475304128,-6.639129502897054,-6.148367719831075,-0.7070167331087295,0.7407243941036485,4.450586699305345,2.0532602914149796,6.80254078765705,7.534231429989831,8.051385018285574,9.933398180910213,7.7560341646263415,5.225621007640591,7.383375402932643,7.429195246707419,5.5632616270642945,5.622929380503851,3.671827227470991,4.871885923273385,2.808704036273004,1.7815687992522988,2.928811912395122,2.8323181554118757,1.8815705654097155,0.8041267857793041,1.2660791828246267,1.0935475826922179,-1.2423785045405575,-0.004488845468456846
