script/wind10m.json
{"header": {"parameterCategory": 2, "parameterNumber": 3, "lo1": 3.000054539987559, "la1": 64.9999836372058, "dx": 0.5, "dy": 0.25, "nx": 34, "ny": 52, "refTime": "2025-04-10T10:00:00.000Z"}, "data":
[rows 0 to 23 of 52, columns 0 to 33 of 34]
-4.120654638856514,-4.527615316245885,-4.568966361723728,-4.68609304982725,-4.72311577136783,-4.793658039709814,-4.449849998863247,-4.450703268178933,-4.179340566376604,-3.6869680625659385,-3.4710871147228977,-3.4582511623663876,-3.198405596386372,-3.171732946710915,-2.4517760287526644,-2.0550409292698744,-1.3296719202403808,-0.3656445414174329,-0.9348378844995698,-0.5218414453620756,-3.950806889374197,1.784233562908479,-0.6709066756915517,3.2312273679615764,1.1341285406230328,2.2324810557784507,2.393894813489183,3.274479880677612,3.6073740521377657,2.127093053866959,2.7283786514144315,2.4319161567480885,3.0763208869186576,2.680195125921324
-2.7673024836539675,-2.9163740957879476,-2.7584900071496223,-2.5657550091600343,-2.1565891249492544,-2.313392075879309,-2.308194536726348,-2.038129008813903,-2.1644347267616832,-1.9499302622791213,-1.7711360937553404,-1.4566510117555014,-1.1561412347358044,-0.9845550563806496,-1.2080827621352046,-1.4873121814613788,-1.3712468875814232,-0.3188268681678022,-0.2509042892638687,-2.156622108919296,1.313092709772197,1.6179611510593919,0.0721042263165742,-1.171495145073383,0.1693876878515597,-0.3004301537279784,2.1149954934346606,2.2691878009007556,3.559437989700117,3.797146788092632,2.620517407896014,2.9771343081948896,3.205181507194263,3.745830717816328
-2.123761916102357,-2.45774171778193,-2.550825090423928,-2.5635744852402325,-2.4805956300881125,-2.4759947139333227,-2.317178793136547,-2.0982015760757284,-0.6771245829021855,-0.6427988786653513,-0.8316392981559071,-0.5760414128437202,-0.1121500416255574,0.20236720054401472,0.12354479411181112,0.4347836825443622,0.40171887727596706,-1.085385694604936,0.18737476873367478,-1.067132859932381,0.09649654142356001,1.3361893371506222,0.4846792605008366,-0.47285538256757953,0.9801490174598873,1.9243546053930487,1.8962400193291813,3.0488125193991986,2.8207086426383476,3.1486654453667193,4.10754147062583,3.549098797933507,3.5214960923067027,3.7889044866142076
-1.2213325519700087,-1.157692019175302,-1.2284024943630796,-1.313014016490737,-1.2106390418059187,-0.8178609473780496,-0.16542888099429778,0.3974579759819176,0.6103931397729819,0.7134760114518182,0.667787567725814,2.261392020963636,1.6710371442152538,1.7152758481051495,1.5098457068421838,0.5810871950501335,-0.9129490107567033,-0.14522847914079184,-1.9621267741113515,1.127266138573905,0.46374841205281975,-0.8265759962903098,-1.245137281953866,0.2764545701924634,0.8058556737067962,1.4804439239692613,2.4744018518353346,3.000435488728028,2.784044096223243,2.957139169430709,2.6131678253099615,3.3449123227548077,3.658126855453303,3.680692977628711
0.10871964394593117,0.24892943361071823,0.5342802759290141,0.7662161089200437,0.5124028785310705,0.4724710576443216,1.3179828458203109,2.0739246034309153,3.206004730723232,2.813525921939955,2.9567841111957587,3.7448274058300624,5.020470751081333,4.114184392400821,1.6849582204410187,0.784889085987897,-2.580641464072255,3.2977320990994228,2.3490309500083772,0.18532411064358398,1.2296241268513373,-2.97346694484636,-0.5073792140877055,1.087902402850311,1.5504697899240254,2.610734627728887,2.675342447483335,2.6848355236736725,3.242240848638662,2.967527603141033,2.618071668662644,4.032674542945782,3.13788836676278,3.3924875840555315
0.4349094563551146,0.4607669050223452,1.0033179239283052,1.4438858411928281,2.092667970835747,2.9090973883475693,3.8694453976506584,4.572661281303774,5.19087892380032,5.660206173685457,5.95174736999837,6.639554640851733,4.7452992788879005,3.740989776704234,1.5251926690959217,-0.1959966432245234,3.3641442686479026,2.83531152206266,0.8325643925929158,-1.1690881220176,0.25022498462086434,-0.21715539751925086,0.6390835118182205,0.9599591920126123,1.9563984024582521,2.325877062705677,1.9919219471626408,1.8987803305111182,2.5889356619458974,2.864722903494355,3.182672095130052,2.934718283030266,3.132697796385408,3.530174179121907
1.207707749535848,1.8543381679748738,2.276366785253789,3.245059366527963,4.841553383471258,5.686964156858746,5.887144540002872,7.35250663991327,8.709488651954144,8.481487568335393,8.51526579254225,6.68045716763214,6.13262711376573,2.617596606362108,-0.1308927568815353,2.5725077374399326,1.2313873403469398,1.9647599423648288,0.3454309916521675,-1.1203657107206217,-0.5337259072611399,-0.3459630459362512,-0.6430567898124621,1.3774013006753316,2.0704804557221785,2.2849541320486937,3.1037820808374232,2.0903991146979424,3.0003210684573545,3.4519861334441755,2.274081079793165,3.101778903383144,3.0319445060468544,8.163419946730869
3.3435701399418765,4.124551619817458,5.109710894347853,5.521629227379327,6.222024929742089,7.463846389283007,10.064924897027755,11.654804954094606,11.122883683572141,11.187786034169218,11.42204453054137,2.0609583591185485,3.1940187890867846,1.0161972844595604,0.9575735092034547,2.42159828558816,1.350220421676063,1.55500703547846,-0.06707263917138481,0.34723727680420485,-2.9283037913615906,-0.37844355682007547,-1.503566274998276,2.161380840411825,1.6023991696231337,1.564868492086805,1.8072974359075487,3.200962952955656,2.1166084336489956,2.0867690526050047,3.6928750375735406,2.9457038863886233,4.503745850155898,11.336705233381094
4.490746656523262,5.076422225611207,5.277397328419263,6.376852712580933,7.668224934445714,10.321546628970893,11.255926987621056,11.440848086358066,11.854434909411898,4.304536778466869,4.08151015032477,2.3987944119881996,2.98787087513177,-0.045624610653205076,1.488843001824052,0.017282833217337423,-0.02930793121382289,-0.813081214136539,-2.702467992933918,-4.83519104384567,-4.194589939046852,-4.166810530503944,-1.7208177060158873,1.4014259386461714,1.591681331822267,2.139473866253435,2.3439526012129797,1.6936683945035154,2.610979938056814,1.7037399627482233,2.9281990772478435,4.184366206636723,10.73824731067063,10.564482157268012
5.386487368254516,5.306844202797619,6.070998692740962,7.680717954753371,10.105157833430214,10.635044394068679,10.94544069342673,8.544703840596721,2.9767475842953695,3.876908458055788,1.560401502919261,2.1977210176268027,-0.6586881130204698,-1.2321337600792193,-0.7063961214127169,-2.2745163868620204,-2.992832803916356,-4.403115180690113,-3.0050260665215673,-1.6130516429406554,-1.8992548945423977,-1.1845766556093853,-0.0295583889816899,0.665686701184438,1.8576478849747204,2.250286426251685,2.4998050430528056,2.206386134172699,2.458473629427611,2.09939052378743,4.228452178090591,10.016317015132923,9.833049831942857,9.787329226461988
4.509964357158701,5.4450188911171935,7.646414406438739,9.642397218988163,10.163086198692724,10.973775663631807,7.735641437795728,2.917392656184216,3.8265758571220925,2.187195340950541,-2.2849500122061603,-2.8433286129782607,0.7773576349226293,-4.049572678509143,-7.11548457917589,-0.842829433233129,-0.7132550757144416,-1.8943167786091712,-6.04803511296422,0.44533182803295024,-1.1263129086787738,1.2254205932484268,1.9487648176437224,1.2357648038368103,2.5982236092848123,2.0677059417478123,1.134537799039305,2.0405322836142363,1.711506032412127,3.0929543103136194,8.189902979217194,9.154330565231026,9.215271463604322,8.758332108645352
5.301899096684583,6.747689974845729,8.13768856764132,9.34112290408909,10.38798410785526,4.739234930227876,4.384220677115023,0.578204146368733,3.7000592761646005,3.3242249113708944,0.7983834301468395,-2.0813839285313027,-4.877555081131613,-4.882767009900073,-2.365918305378579,0.21965155675295206,-1.638780355623559,-3.177051319882775,1.1089421314517602,-0.002486919755650867,0.4027585731754204,0.28477230999029807,1.4558107702148253,2.7917918771018044,2.5886022832189983,1.8603283085175235,2.422792471689776,2.3632060964742796,2.5059949290540646,3.6291668892859805,8.92764795332642,8.78687300034927,8.652413499573237,7.892763765998143
5.220662673159508,5.741851762418855,6.941282989234753,7.745869012343976,6.978320044562077,3.0729569384019033,2.418486442101795,2.8138980825230377,3.0075327643696332,0.24623366025313925,-4.471616835934974,5.374646474317308,-9.959154269434446,-0.9440555863800758,-5.776337147537836,0.3091077981114132,0.2187762076286208,1.2058805773647818,0.12928884524435943,1.0742572472367304,1.3049788212247666,1.3983357936667262,1.1256621701550968,1.8660085046346009,2.620320978180415,1.6324203136706361,2.3883284941292793,2.2474164952445967,2.319791783870016,6.533371953871357,8.190279061528452,8.418328506062664,8.086152508138321,6.82482760224246
3.633536879429642,4.316929922073642,6.216571580548182,6.265650579837888,5.826230260916088,7.364547890904839,5.792135411780178,2.440330566486113,-1.2459632754649776,4.280777894447834,-0.20771772677725375,5.042274475103499,-4.054892448320451,-3.4649617438151155,0.8805872485066983,-1.6549329353774527,-0.7802810168210895,1.1183313059379314,1.9520063028337178,-0.07370211488164617,-0.29433232539729487,4.829347494440203,1.8269783147645202,2.232392371090695,1.7943622156148298,3.933788174308999,1.6126396103715945,2.8584768433281638,2.3221701486132473,5.085501357511777,7.925237196302807,7.271730156148443,6.824648803566676,6.07872980529072
2.4751118138900643,2.538119898201827,4.400674350625447,5.585160575804393,5.374355180943656,1.1748946896460646,0.7264251135082888,0.9260410948161367,-0.22600463820276137,4.337495831723625,2.5701955631565307,-10.670544492625515,0.982116358339181,-1.9860402777087451,-2.9858003802933526,0.9128488693083501,0.05169977755401435,0.5558188076651731,2.2420078131098364,1.0581186158397016,1.4682839824809617,1.4393540919613326,1.6791318107505713,2.2512888570735607,2.223606041858557,2.1615231622645212,1.8458598631881755,2.7014205713201354,2.3857195464221346,6.50678935016659,7.394715962027524,6.332130234025616,5.502619754001571,4.916875077650307
1.5344217764675614,2.327429366888985,3.949916438845417,3.9237906664090993,2.5681211293143753,0.022418498506848097,-0.1414094288099452,0.029848242189277494,-1.3180081339022254,0.46060072595028784,-2.000369438518049,-3.9307984802015534,-0.9066571371513655,-0.1537914415721898,-1.206038711136336,1.199756916680493,0.6084241944153287,1.8718498952013125,1.0851356098988998,1.5847595008691333,4.76927942388927,1.9478909163318185,0.8287215519857564,1.662993929025288,2.7067505107610037,2.2077667671500287,3.2060986552854405,1.5472666561770005,1.8847902718774072,6.381880659200819,6.87766621216552,5.253968876813574,4.275416306700418,3.733165788911307
0.9674533178276727,2.0433474963083067,3.3307797477453676,2.9538825296357802,2.213437651726325,2.8368797893978264,1.296865741299969,0.7559148387732167,-1.4084160449557719,-2.014739216535317,-5.677321716775164,-4.560394071452025,-1.3476373266822266,-2.4800563883729416,-0.15626142012449173,1.575810924850735,0.9609926645457959,2.4642969682488185,1.9921071283171272,2.529371929736611,1.4187433236297848,2.137641027085483,2.126373598696452,1.9069591675390183,2.0598316253088402,1.6192189888429456,2.1129939063106873,1.5309458188010472,2.287646144537853,5.54509751001647,5.813191313458717,4.334646223929384,3.2126552897910243,2.7720767274226628
1.1826807541196256,1.3112307536745424,2.317146186451185,1.3237171164646921,1.8033750756180837,0.9108109688409659,1.132196050155018,-0.6057174610125716,0.6128189567269278,-3.6165325038026306,-3.407809633272995,-3.1419636296744913,-0.036313411961400956,-0.48103055025978114,-1.3507531992647999,1.1281635597737933,-0.2501265080033771,1.1198127376363443,1.994502818432883,1.6891252220424822,1.7575142289838062,1.2227381046174333,1.7854789410773066,2.894268220415979,1.939968142124003,1.4902302301708403,1.0933098279130726,1.629909887474093,1.9882049235187995,5.108805385089887,4.068401032982198,3.464807830594276,2.3150718554096055,1.6754820429539434
0.2677246454341238,1.1247688548734864,1.4334690568008839,0.6927805437199115,2.636593951794128,1.3573011111768438,1.4778622017128988,0.5581269006427695,-1.922206415217235,-6.390019839965389,-0.756930793279444,-2.4445654251442215,-2.328951301333965,-1.3013688255161073,0.8646295059360382,1.4417267545823689,0.9730978189172607,1.9714718868971275,2.724339491242416,1.6759259717702844,1.7007331572446713,2.3462449691489633,1.84037390074433,1.1822728446051876,1.809313891985763,1.4325752780907497,1.3402362825212115,1.9921577758197697,1.5172014712838993,1.8722428613049233,2.0008105832777248,2.1883636076784425,1.272218776019651,0.7192281965969547
-0.24807767068183956,0.16221493243095556,-0.16607465900259344,-0.08589134487631178,2.030613487551039,0.3077633249852861,2.0237288277491317,-2.038735745808215,-3.350717379656767,-2.9994324036798834,-2.3005770049001955,-3.6679814758880283,-2.4264245283205788,-2.6744972300942615,0.6158854782079488,0.8454351988299341,1.534778645745588,2.0541508587923345,1.8881257324097758,1.8121334038239136,2.351419442724989,1.7855607654172325,1.984039719537273,1.4599431636236617,1.5049459928398703,1.5144309717365025,1.5973374720382056,1.4497936643919134,1.416745274077271,1.1395838036773707,1.0289262919741655,0.8192905534371604,1.1900214528435518,-0.2714133397102724
-0.8650519309850117,-1.517615806584783,-1.8107703212517106,0.11783676117094763,3.1814253357763733,-0.08721658198148466,-0.35875862070644526,-2.024230119788062,-4.448999220416161,-3.599306995305868,-2.891142783005671,-3.2610135445671755,-1.0601393774410937,-1.4053554880149925,-0.747247133725103,1.690843114998529,2.4233356999804188,1.932704297932951,1.9841566398271304,1.812816016401185,1.428249454409524,1.9286664694129834,1.465795838421146,1.2794641581450035,1.7191674799441607,1.022552752765459,1.0975573965687406,0.8677673554033406,0.778581056008485,0.8264681217609192,0.734815631582188,0.28638353212759066,0.1959953166962836,-0.9432370401364322
-1.3171367312720081,-1.5229599100773357,-2.155054542192663,-1.0366006007827417,1.962850398081531,0.5744581147184479,0.4520890313566614,0.23552372482728387,-3.4992085779177233,-1.4158144606492804,-4.74375151649738,-4.645810280022306,-2.853584852221533,-2.0514047392629307,-0.3538105915735746,2.451159593930062,2.255084731354477,2.8924500911875852,1.9387912509749863,1.5726062162377836,1.8425202975912571,2.0723626920190568,1.759785248250787,1.3657180649136758,0.9729639037937797,0.9925062848398623,0.7501294131564865,0.7907941193738179,0.7182056229024645,0.7502958325058914,0.5073702076983058,0.03511399336719526,-0.06505848145873834,-1.3504581775866087
-2.5631569221055406,-1.861311405562976,-2.4599872633373465,-2.4453703647876512,0.7637759191197716,-0.21516975776950273,-2.8475821628987017,0.6592149258442089,0.9475853858529736,-3.236915416655634,-2.614172547452583,-3.325332601487779,-2.8734472280602374,-0.7170782730805944,0.284252030557327,4.3330180897307145,2.8946378402836705,2.6620283525399504,2.116555505324601,2.120226208353055,1.6615438980559416,1.8378759030670915,2.103217113728098,1.5908756901652488,0.8113721110684667,0.6486239768433361,0.6984554462743504,0.9313942199226095,0.5985091337787215,0.42176367905593193,-0.007845574316926642,0.08977179200559428,0.2675507813068075,-0.11922390293297942
-1.0474739070080197,-2.3699678473033,-2.3570131724588808,-1.7504833070009203,-0.05217651409975773,-0.6090153994001842,-0.7876129383744365,-2.517578089418566,-3.633832068663234,-0.5982914474713854,-1.7332121033004353,-1.7606553919560486,-1.3519335948398932,0.9537105757812907,1.4562461205705073,4.446768415083117,4.203780017555422,2.650138074339842,1.5669660389902602,1.4120656112566132,1.866207487969103,4.0645413157161085,3.6266832084933105,0.7678742267995372,1.0782757019614282,0.2123785424621507,0.543424521582619,0.4563300749237386,0.025032652444120795,-0.2536664975023329,-0.5164947888373023,-0.2672028436708875,0.1425141847023592,-1.7830772933653396
