script/wind10m.json
{"header": {"parameterCategory": 2, "parameterNumber": 3, "lo1": 6.000027932988019, "la1": 58.9999434238085, "dx": 0.5, "dy": 0.25, "nx": 22, "ny": 24, "refTime": "2024-05-10T12:00:00.000Z"}, "data":
[rows 0 to 23 of 24, columns 0 to 21 of 22]
0.8284098697608254,-1.0197800079828676,-0.280320392418304,1.185506794768074,1.1941601110835498,1.1687427729533755,0.5648933862126494,-0.26229650036292834,-0.690284628377062,-3.658815438303345,-2.1459279776546825,-0.943001555240852,-0.9566030848120933,0.7175334622879725,1.9193411721925784,-2.1169461554448405,-1.364752113490239,-0.42419622490321307,-1.5067429077510852,-1.7290034837433719,-1.993935055099716,-2.166706782836057
-1.1289629131036973,-0.8116820005422067,1.1286741504951083,1.0665021083368131,0.9005800501067905,0.6240753927856962,1.3881688341682628,-0.7242504706051829,-4.017430046097677,-5.7249599033504825,-5.869219810031504,-0.8660520623077764,0.021765307772802327,-0.06808648016397455,-2.4583044913189513,-5.227170312121827,-2.1244977899793436,-0.5437933111321849,-1.7521504290884986,-1.8289080876790336,-2.0578046216979256,-2.061640633451446
1.4737441779937657,0.8845373889472878,0.6292796647185362,0.24622575574931607,0.02572380788200895,0.6306110017930305,-1.4195917802439288,-3.705703679572523,-4.117038749874967,-5.198221128295376,-5.743284049316419,-0.5441141241475128,-0.6181039939126298,-4.716575278420763,-2.1043401484932533,-3.16169293474694,-1.6313927124995509,0.21107334773538394,-1.1213744998009016,-1.6987862385622814,-2.248851076834722,-1.763178770390343
-3.341614259917708,0.9982147342184019,0.9243321833129449,0.709683299432814,1.1704998354913059,-3.132862798848891,-4.015314716357233,-3.9416681867305243,-3.9630901448150953,-5.174163116900873,-4.774282324387338,-0.9854414380417539,-1.2930787801714334,-2.4884517895848703,-3.2758361514023733,-1.8007985744222799,-1.3404902467336446,-2.4753122407856107,-1.7700097089074909,-1.456266464631508,-1.8253346542786941,-1.8512173907417138
-3.677841645708982,-0.5907358299381694,1.2642450124009228,1.1414433456504103,-2.7315301844704782,-4.089965737490884,-4.595507938502449,-3.976350287149538,-4.329831883288735,-4.802855574328846,-4.127814568107547,-1.4780661512598199,-0.44265491707658644,-0.8109405207715628,-0.37622467429266454,-0.8423292404218529,0.7951437212960032,-1.4507623729876247,-0.6571301661888072,-1.451579289942679,-1.8206761628167374,1.774567378455463
-3.975976644554575,-1.021033920900014,-0.17636316911861968,-2.0563125778775526,-3.9187240762759137,-5.055340177353873,-4.851394590094345,-3.9493720394916005,-3.9181724353998817,-3.3177525217531985,-1.7012393890212836,-1.567333521722884,-1.2318286816587036,-1.0476640404007893,-1.1900943904006405,-1.4009511314995162,-0.9016029002446094,-1.010448076904054,-0.18877285126991064,0.6237541055653562,1.864650417625605,0.41178800691583206
-4.682791001721349,-3.3909348857565162,-2.3672344489727033,-3.343788364837057,-4.2297994354256465,-4.226982630131881,-4.38202013475835,-3.722042612639211,-1.4790923029759,-0.5657441177191306,-2.292539166149425,-0.10850541936455763,0.40274418136867995,-0.7676097970025753,-0.706523861278634,-0.2646787901559878,-1.1339922190416285,-0.8794117479535395,-0.7459614337647086,0.10956649872080365,1.0264010048551169,0.6861547274228615
-4.431059331732609,-5.764248755322507,-3.282271842915595,-3.5648051330188406,-4.372471808718455,-3.5816906397233095,-3.1219200493218104,-2.0804997510660823,-0.4296868045499562,-2.598444487871774,-1.5919743566979367,-0.8626148823601408,0.23533351943915304,-0.5854834464071111,-0.6983576743886318,-1.4911470148674881,-0.9473109814491665,-1.224716062394905,-0.11693346028077965,0.6282280122963083,0.39158933477168134,-1.6127896492748512
-4.9570006100999615,-5.903856900493738,-5.204122574052871,-3.67935023966813,-2.8606793668085233,-1.2938028303107776,0.18204189474320084,0.6908635797188304,-0.7290984384475522,0.9443465881731803,0.1734017412889954,-0.39360567484920334,-0.4348878392635363,0.11534376947760244,0.07952343793410808,-0.029487000156797928,0.036626580421357156,-1.0792251221303553,-0.8570785215509142,0.5291243053539418,-0.35141124773906957,-2.3809097047082206
-4.396607631869836,-4.6243624342435306,-4.823561945416213,-3.578415216883411,-1.8433875910197035,-0.6657450368466468,-0.8021285020395266,-0.7012179255794653,-0.5380730411307766,0.7140275291482735,0.30172141353616483,-1.7784190582997426,-1.4882412766791178,-0.5086352996095711,-0.05781185568787503,-0.014646689403349449,0.0766841505113278,-0.45419096912741863,-0.5824541797093634,-0.22459608973557746,-0.7740566254010356,-3.9246119308627136
-4.283349026913123,-4.639299507644221,-4.165365572823514,-3.8842419626337583,-3.060644814788243,-1.6476705683264319,-1.0892290206606834,-1.3392106225320233,-1.227244809794932,-1.809078825950789,-1.8059258651698509,-2.2807350569353755,-2.041903005184114,-2.222228146122191,-0.9885284357284921,-0.30122340857203805,-0.36131361022714137,-0.23982893313763803,-0.7237256166339462,-0.3193936220602728,-1.128063357535094,-2.8153922308092323
-4.018118822780013,-4.5941591893065254,-4.614047016194716,-4.131736461070567,-3.4203441412474165,-1.435642793649266,-1.213648143336838,-0.8069782082161282,-1.447371093633726,-1.249745495212399,0.9213947388409582,-2.586326314445867,-3.6330533713386406,-1.8735977614079835,-0.49157371910217146,-0.24948486640798265,-0.3917447646912635,-0.9999928393874107,-0.6719668571114047,0.09152540805305964,-0.7396435222207868,-4.5432733692574105
-3.7065122203886207,-4.236052838867376,-4.505147538981209,-4.272588725532176,-3.8814954436116182,-1.4036885419957985,-0.6737101300853686,-0.9589496551802174,-1.1679532442243703,-1.783379726259272,0.718241374182059,0.7384270529780135,-1.254852477051298,-1.5975962523747018,-1.4695641058048983,-0.8059849914522115,-0.9000169277360425,-0.9339416644844597,1.5813493557824099,-0.49208035841075437,-2.658050951123089,-3.3004186779154407
-4.062263542222709,-4.299963223063322,-4.21599885170265,-4.11878737057448,-3.6675452201285816,-2.1348194459034695,-1.1960676667716443,-1.0605586461992045,-0.480622158526032,1.583757672332856,-0.27428129184955463,-2.0972569756720953,-2.171000061412697,-1.5301366222951933,-2.1579265456445706,-0.8352329857811208,-1.0143503828778013,-1.3492644463583947,0.949422744564284,-0.1214737281281911,-2.5643282257529956,-3.200530317919697
-3.9394505900427292,-3.8746881829356967,-3.8921734829631793,-4.53426504487838,-4.612482298761312,-1.9843012182896882,-1.4372888601708989,-0.8127253582947231,-1.0767547284922026,-0.32837604361907374,-2.7499346960984634,-1.3348632627240724,-1.6887850580801969,-0.1537955927336958,-2.4959623897876217,-1.2060858160491659,-1.404233087602034,1.3753457673137885,1.6432821082222795,1.0067063524591784,-0.17717046205660594,-0.9804200133295352
-3.3313399397721732,-3.87872922352049,-4.02880766789685,-4.180834791050367,-4.144468982009685,-3.4817941434452173,-1.0829602585365983,-1.1026698901965466,-1.5048512590581067,-0.5331837829481391,0.0006156575355259312,-1.6549742420617584,-1.3481384698959882,-0.9483185440145674,0.6683772093350148,1.6801585175982472,1.6095562009150066,1.150811125028073,-0.5364839432909779,-0.5120026342549252,-0.5426300434328245,-0.5480558103167862
-3.3519172885585005,-3.6815441718759114,-3.8257008689662833,-3.973263190706824,-3.989492870526895,-4.207506386700818,-1.6241935303772914,-0.76726354479002,-1.3596190527080239,-1.344700532553997,1.4437157612144182,0.18457194007754107,-0.25422126269072587,-1.6625822122662748,0.36138427497539505,1.5403248237418647,1.1852285428660851,-0.1925861704675736,-0.0018552766360089054,0.3506675631465857,0.022968269427049978,-0.564941855120218
-2.9249207088045672,-2.6662928752014583,-3.207759915860939,-3.6267689910570473,-3.083654462414991,-2.4784922141179173,-1.3561278706221054,-0.6622046630694617,-1.8363995174165741,-0.3221281353389005,0.715392208652427,-0.28992312277155374,-1.7755252704494797,2.877844045809367,2.7364400751728657,0.7568934534863486,-0.8344738009642937,-0.026253206611938012,-0.5813846952340544,-0.5631121195165681,-0.7243164709876708,-0.4994465391435178
-2.0660991190591607,-1.7733720973648783,-2.262947431934062,-1.834588509045514,-2.176954611176598,-2.6463415513066413,-1.4557258689456931,-0.771913962256525,1.7221447511294237,0.44040608700659345,-0.7802478120267656,-0.8074208450113658,0.1936124768764447,2.1193416979252104,-0.7263589287323801,-1.8583132427664644,-2.2788161130106395,-1.143437784565759,-0.5521884153332098,-0.4767156944712706,-0.2883673106868723,-0.35861462711627756
-1.6572354948872683,-1.9821278260677921,-2.1680136019671843,-2.7536175905735356,-3.8565619548485923,-4.294390744688913,-2.0127452403496147,-0.9252651130702372,-1.5884860395653322,-1.1438067268489627,-2.7170280524369512,-2.983067568761158,0.8896581517745327,-0.8129504233945476,-0.5666589989042745,-2.8948134128353478,-0.18131801285283705,-1.2707883826033994,-0.5276907704178384,-0.11890093150726856,-0.3070230896380944,-0.5433953958476512
-0.8631231093474654,-1.5712771657255413,-2.633957549121695,-3.4860168794153883,-2.993529719401834,-3.7503595323431385,-2.5783780929998756,-1.8184552039211672,-2.169942986552195,-2.5075409135946924,0.033738611877160235,-2.512100814337258,-2.347226445496775,-2.2707287649553507,-2.2277526572823816,-2.152163708700579,-3.645950402268023,-3.628818861375301,-1.7433155154682218,-2.287375715924272,-1.8666175746770863,-0.9472408200711395
-1.6939079313187535,-2.659869734878515,-3.0668822721078155,-2.853780067983286,-3.3015254584287614,-3.4986273736408195,-3.2281055724054926,-1.9938657715680215,-1.312862585578604,-1.7442557274438337,-1.746276733140431,-1.6224347985377545,-1.9408499884115713,-2.1641052807711403,-1.8189519702235117,-2.064814401246861,-2.966599331738508,-4.72445993312051,-1.2843034138943028,-1.8241364727679523,-2.057087209997473,-1.617212734325571
-2.5132755525048127,-3.097336708820987,-3.226541758538893,-2.237120512011314,-3.132857563235258,-3.308086099207467,-1.6027263122871884,-1.3296301691999217,-1.575718940514723,-1.7858555758525159,-1.7548502753691686,-1.123013048736854,-1.5109760065073197,-0.34722199203305115,-1.0916567962956096,-1.4257886625250396,-1.5077595367645937,-1.2947007944263722,-1.7395868342817837,-1.185185793524807,-0.7501837679394094,-0.9136445714235863
-1.8911345364580956,-2.209706837291877,-2.6691860015632027,-1.434050088073025,-1.576210135014757,-2.5087534717266315,-1.75971069733396,-1.3829198562074931,-1.2638236073022784,-1.2494868606885292,-0.6185258859363959,-1.0451948728487768,-0.6669273310864371,-0.460780793695742,-1.123098442197202,-1.5243403964264837,-1.8993322857972241,-1.171214272339878,-1.5185201814282965,0.06755770424397342,0.17388656415409073,-0.7841887138291552
