script/wind100m.json
{"header": {"parameterCategory": 2, "parameterNumber": 2, "lo1": 3.000054539987559, "la1": 64.9999836372058, "dx": 0.5, "dy": 0.25, "nx": 34, "ny": 52, "refTime": "2026-05-24T15:00:00.000Z"}, "data":
[rows 0 to 24 of 52, columns 0 to 33 of 34]
12.337581430391996,12.445836612029737,12.849735271903638,13.082398601323955,13.354886247313674,12.87936160461455,13.044042862270866,13.62651052212645,13.741615885523464,13.597951351810757,13.982525854672891,14.788842403155224,14.607276589835514,13.928697225299231,14.0660722321907,14.356172245105164,13.44457371000676,11.936481136772896,10.910474268372022,14.151461006481231,12.706520695189504,13.402740326977925,14.147259622870987,11.136377029786216,11.579567826283524,7.771193503620413,7.6917672641744765,8.629435333749448,8.89589958240526,8.59180968024814,7.125606103869386,7.89792110717518,7.896442391378778,7.131195827302443
12.280724099383235,11.903045983369696,12.23229977260759,12.727292050155636,12.884041695421727,13.079921498747527,13.073208811784506,13.67362158077525,13.864866573425292,14.00451181114456,13.8343826170588,14.552277398054164,14.489581793451446,13.727831071710927,13.714039410216614,13.900855381255134,13.744444336811716,12.941326053192235,12.793535457683126,18.85524083574935,9.706704667494254,12.328845574083399,12.388581729323338,15.734552754346028,8.498308084172942,7.835946645671009,8.639788050144425,7.432821776471735,9.920687670544783,10.128586428593955,8.617470403246848,8.520330889920954,6.718487767789186,7.663232391512328
12.333352964118577,12.058642192646326,11.865927275222292,12.402684666390247,12.578159936009458,12.816081728680942,12.895408206327353,13.207278693805483,13.562303793034662,13.19440815078546,13.432816989492288,13.753211362345114,13.72575056431765,12.96846810107751,12.796134258477037,13.220163858489123,14.377604247138645,8.879199488515065,8.701669234678986,9.813807205984686,14.799972223587524,12.826776211112204,11.7939025724869,15.00743039977769,8.15514746740784,6.048330089031868,6.96572120998147,8.431812586866837,7.760697208114751,9.544113801314651,9.839932201360599,9.179357639834219,8.743172824781357,7.120647289376379
11.920691760385923,12.04087828909698,11.893436047886622,11.653239815396274,11.862817223306081,12.166744167118091,12.532902330811536,12.885904115777711,12.929780704233918,12.73351823264727,12.870267378451514,12.730248891611572,13.386070395267488,13.033966401553991,11.851969730680386,14.306598144693908,11.030897129422506,7.441848421378693,10.52292126102432,10.353467079952335,12.920913117493855,16.1795650874279,15.01678929189145,12.409388041555754,11.514679544578774,8.33624888946981,9.983710710997526,8.662744704760158,8.192003359840113,8.415321029140927,9.598665329428673,9.258318695718526,9.04564634432516,7.939713093146867
11.042121351387884,11.058156392180933,11.168487722173708,11.268624494266739,11.50019580910653,11.859127136233218,12.028081649593899,12.358746065029361,12.565714938157344,12.486189329690694,12.714223289623378,12.412899326323222,12.64608436496005,12.400391184001869,9.636732840257318,10.67500028963766,10.667506845739098,7.838448810767298,10.286693643096502,16.30116308057137,14.291441161856408,18.962015713157154,9.481329611761943,12.898974337514748,10.058126692963798,7.117941166611112,8.40078307127081,7.893757422110981,9.557394239354256,9.59570960297735,9.582145887050777,10.127887470172587,9.52629058727022,8.756953052971248
10.563743352261389,10.573738584086609,10.685866658262615,10.845869970241212,11.403581739937591,12.12631325276093,11.574539042679195,11.689971354781676,12.405176591430552,12.543773959095565,12.300857755615542,12.148563885789756,11.968297838834344,9.40705404609799,8.55069842712678,10.234807587284653,7.376715086698272,8.433068970010023,15.684050322644756,12.132356235902822,7.648849087056881,14.916146504167669,14.089170679547896,8.436902485880207,8.631662514295435,7.459622616302729,8.29423076357711,8.028721688493196,8.54195401240481,8.417216557749306,9.452939429452487,9.39691045412222,9.929933804335045,8.678197670537676
10.368197911855919,10.339400121705843,10.333464004299307,11.010654163163801,11.600414740976811,11.536540130096775,11.400519699816845,11.381438892841263,11.012908822904798,9.800029551527603,10.830960106345284,10.267824084803555,10.032236718269967,10.47804708733099,7.740115678968521,10.663521818245844,6.846468751618343,8.606776872963975,12.119865676365254,13.797878426746095,14.894713684042346,10.866428058621766,11.14259113920212,8.214909848890686,8.624770198885395,10.755558656307953,9.749146669997318,7.733814456063592,9.018461335690962,8.635389502230849,9.243801366819165,9.847246231478133,9.19778133166007,9.496019971940738
9.71304107641561,9.855329910131367,10.242317240770243,10.632886615402418,10.955139933978094,11.92860575414324,9.777227882295428,10.193875812640256,10.515941171412626,11.474749404489812,10.33993801302143,5.864994677547862,7.208018641745129,14.32948185935405,6.612320543743381,5.315529527739496,1.8664848045206195,9.606892761238566,10.984607737514409,13.12253525253908,13.264090506108792,9.84119313960979,11.259484055017586,9.342094593053885,4.072319283325523,7.699208308117518,8.50174540006474,10.235827366012096,8.575265825587602,8.31313665404763,9.279790721799593,8.216308647632891,9.544630927866656,12.844448433593046
9.923377401765688,10.105283962527537,10.348098366635488,10.87185559506803,11.228406822629863,9.6146107347964,9.995825469163426,11.365609461063615,9.747960184078346,8.1222731593111,5.731782513127562,4.756214684842033,10.291223589287975,11.474090859265537,9.159421101067556,5.272662202073975,6.233621198124624,8.472415623320632,7.73052855215406,11.735981451807758,12.96512091089978,10.87092802001446,9.433559560689108,8.18963811789391,6.75453582784625,7.649595094083631,7.348333950596073,7.745671144427837,9.752619047788425,8.681079897555458,9.040467533533894,9.481737340323065,10.88154176412622,16.532120400526985
9.709771168047293,9.73702814284193,9.969243132468057,8.300533671540531,9.034525770301892,10.53870718992764,8.814750761811762,9.110246148008057,9.36575870937964,6.296503931957754,4.7785883544347865,5.466291031596452,11.517693568170971,10.693475159835987,4.581232619504934,5.784795185544507,5.086775732493749,6.736707119296921,5.840559383067832,9.694480324822832,8.825938079450083,8.85716876949477,9.661585519888337,8.399187157888822,6.915146168058057,7.411701214264122,7.534378115826064,8.071367165590837,8.61998372447461,8.023268871572968,7.705729556511596,10.034066828532476,11.921309951705421,13.594003092014741
8.936055628460853,7.7794071062625685,8.792266930864946,9.065127285342914,8.475377182223665,8.711104646755203,8.508398528365921,7.763259382166713,12.3775878758833,-0.03272852628155942,9.992793811250996,5.439038231212204,7.194510316175673,9.50036044681064,4.881876303753131,2.549020278063114,4.30056623321641,5.085206408993764,6.537533029787408,6.2523273640853185,8.004320157939457,6.068611504073568,8.440417007272954,4.473168349937205,4.856418954218227,6.620236605370688,6.798250260365431,8.060987801957138,8.113102287482468,7.524828819321356,8.035252649552875,11.17636099683905,13.69573927645359,15.999564416581169
8.573875501738092,8.699511414905208,7.796053939243774,8.033599655812758,7.419860904068486,5.045043922710115,4.497356379695805,1.2177371768279406,0.3137195311874379,8.11587781392383,6.803833378139187,11.518480742190429,11.781523723835868,8.776487626188539,10.962872940418443,7.670898801599218,8.211700081395565,9.616070839967712,9.365919883193861,9.924622725575967,10.694845647751016,9.874360747058597,2.6901572909795823,6.594551241465645,4.442861800665765,6.209318895893965,7.2433519084576234,7.202532067410394,7.010289545278075,6.808535135694118,8.257797703064677,8.933732833800814,13.29196481731131,12.81676477341788
8.299722737514152,8.010429305289852,7.323926693790347,6.918533819169358,7.071729515231412,3.5199657194145755,3.657938368701115,3.5105707335131195,6.052836040715711,7.749393340442784,8.365972606177923,7.247484844592148,6.652779692974983,11.711867242619856,3.6145462266788355,8.242213696497505,9.032665937972173,8.33834660240659,10.373583638994194,7.885059808599525,9.0838759099522,9.302989805149664,10.043912284927368,4.2343218618322345,1.001252120910201,4.6338994423653075,4.617728753440705,6.230983203494064,7.85366203725652,7.112678019693789,9.34075891730048,7.537886882649848,13.401316284795392,16.103606266115854
7.741760750540281,6.97521627007121,6.545084820488067,6.545189427381384,4.900063125594605,6.927056303816473,10.089293163821885,2.3181729697031224,5.003524383588184,10.566011391383746,10.842404390405374,13.9177963596477,5.851181357596432,1.4016374219532202,6.360760979992051,4.80402079149444,6.098108069136035,6.878246934615589,8.152866199936302,8.531971543262593,8.06030086905524,9.947509634929158,8.659485697318038,7.4618348826553,3.23352901128093,5.878693340096473,4.3456284033962564,5.663672094482794,6.649529318873187,7.520947009199758,10.553717101384839,6.8875119936544,8.942391661934389,11.489944393634216
7.563978578728126,6.390183570987399,6.037239649344898,6.773186483237012,3.7523646947993963,4.63773930572454,3.4141935547756876,9.45030056775853,7.165194920163395,6.988685178107352,8.831762263266604,16.404374748964308,7.873337914751308,9.809821867269296,9.404845276687336,7.024369845981147,3.919688986575976,6.457773801317975,5.822819612454504,7.133310201553965,6.824938261277713,7.312547172515001,5.797700301422859,6.880130439666205,5.950888043900289,5.959124153288842,5.169317504747664,4.681448894768014,6.06948227326187,5.668239265036831,9.931968161962022,6.962572511559293,7.6365980696273965,9.832862469484459
7.221383109123172,6.995116912735022,7.247640347784757,6.42623125467186,2.944244573350876,3.9094686847717144,6.987038601402136,-0.10083089141894873,4.878058077176772,5.832726962383276,15.331531371799645,16.881633324923833,5.16001599532065,7.685102815289194,7.474126610330721,9.807312002434106,9.28464224616827,7.731736853522191,7.974716297615294,7.367603181834262,7.7555915054765245,7.14212810169449,5.25771336126046,5.826270103996447,5.202359628842231,6.337946356872323,5.96227494582846,4.704103288896338,5.3406855353505955,6.7898742955822575,7.944672640184466,7.75766302159589,7.939161683728531,8.472989481917697
8.00432085770853,8.233508399835113,7.127038160829052,5.845553783743434,1.7183889215556034,3.371867813083791,8.567182686244864,4.52107827311377,-0.10444191766789565,8.51713365274603,16.281201252967858,15.29222622342081,8.18393812253026,5.517798987376996,5.067327298942713,4.794011216230232,7.086752845296833,8.001160132200173,9.016202952755322,6.7772351099648995,8.859543055423119,7.757976678125933,6.458532842903404,6.016336154445564,6.507272874562336,6.3189012176175465,6.7993588702078265,5.729007191933548,5.217759657741857,6.638989510000026,5.26915202540197,7.771456844751703,8.264954385757031,10.019511746464172
9.546620026676965,8.444526675566859,7.074376990235052,5.014028691877607,1.7993463409203834,3.5885714837753415,5.380533768333254,1.447566440865102,12.26192918474813,17.727134259919936,7.767909965308234,8.398425804791637,5.741213317972328,7.5942890151627775,6.1234202451768995,7.460278895378753,7.950155635234754,8.72435744856083,8.524390800390247,9.480113618940065,8.450142661092586,7.581822368206982,7.716247843076698,6.871736018100208,6.523704506833025,5.940263047340631,6.910741451349797,5.607608605846478,5.797935035098157,6.061208625670293,5.730641435750202,6.756578624916523,8.31382255148431,9.343458489949299
9.255822687730133,7.866445955040255,7.177788553939479,5.668426377392651,1.1028913487557386,0.1449703700619882,7.708208841333575,7.423319468537661,7.26598375644034,17.41699949921063,8.89536748139278,4.214529112295106,8.775356987615794,5.286906482177811,4.0709539349520085,6.556692928455804,7.691767378791896,5.050328374402066,7.678099779055718,7.986894132622357,7.215918158722081,8.341199772949627,8.123501326280838,7.1851551478347835,6.92998028468337,6.507171247420091,6.412348935503665,6.143427412698407,6.412061156828403,5.942030918086118,4.8065691437576,7.2097959373394795,6.718207196032069,8.577391013876987
8.520432900310759,8.245097527183649,7.2097425538133555,5.711647182321993,1.3179821533074119,0.3543058375243895,0.8327629630956782,14.590392347169841,8.380588818247805,10.145082256289255,11.081390187236526,11.527351959719377,6.3386723082543925,13.374664686793459,8.270026771623316,7.6533015164899,7.1817562752961654,5.24948154409421,6.0846692787755625,6.678617983802146,6.557145449560375,6.691517344039478,9.31882611887555,7.615772364393798,6.675304986358578,5.504671232425287,6.289969941886726,6.0084724788730375,6.03102005082808,6.459725334319767,5.730418321882157,5.28095291833601,3.5618705544156724,3.9135928134818614
8.412983209959778,7.996630049750831,7.617740138594071,6.496332100918398,2.0496483781228463,-0.8718430772784417,0.785376212157102,4.919743478519937,10.32239707923045,13.86195911494805,8.274502801011435,13.035719429069168,8.64754303654948,5.880659777230076,6.451410164645929,7.663105303449608,6.999057902446706,6.1086936463764525,6.27203776171975,6.4948906494148115,7.069594894174149,7.2977824665399496,7.7187209470427645,7.957077962774791,7.456927579439291,7.01219365510278,6.354329497959781,6.144704852342906,5.326580477907589,5.948772373725008,6.357755291158197,5.616487082505268,-2.836874822456269,2.88228888492502
7.725785197493812,8.070988668115662,7.481810254091271,6.75731548214534,1.1691116961153913,1.686325745316932,1.6793337957555599,2.943092760918902,15.090534372226802,5.498362016090336,6.0774504807930665,11.095759675684256,6.391354717102657,7.967973624587396,7.733111697820174,7.029192518941547,5.907952141151325,5.6587889305080665,6.566890184035887,7.179057859585527,7.211309842922622,7.551454210013563,7.383461349048009,7.284145352812415,7.458654223411563,7.320316270775431,6.683028019973517,6.497516408050763,5.893079673222424,5.64622801846722,6.2172794784585665,6.5040126813723385,2.518919439248482,-0.3677325894912146
8.407809829300348,7.824139845961396,7.619099079927903,6.964105622207805,3.2389807074309904,-0.27882618420513583,1.1990824618408196,5.78166841940454,12.466370166884781,10.790411346646092,5.826784782304274,7.434723074498104,8.469002012361775,6.032115534892909,8.120956402053888,6.269232511394685,6.94492898941887,6.13164548696339,6.401419581842282,8.21515462047538,7.084522559318576,7.895252645269531,8.029615169829373,8.103977432186726,7.674768289276731,8.23510323431702,6.801384614104923,7.664689204976197,8.021836132204546,7.415607265876228,7.730170961889555,6.947971067576411,8.07816033683624,2.8212439037612755
8.130728329381453,7.811000908700764,8.611249739818383,6.984898354422516,6.1104865723928325,1.457756342408193,2.334814296550846,6.3956771526573535,11.34094989273478,6.258751661120751,6.696745322588193,3.5612877860514565,5.076384774293968,5.637745860454254,7.31995495635201,6.8476043188208875,6.253791090405915,6.5988619721850235,7.112374610856306,7.759305997182558,7.049946533889308,10.09515761774417,12.243185143613001,8.544961286286217,7.704598541832946,7.979027311941887,10.521127444928718,9.392599366591659,8.82031462561349,6.647780390355349,8.131037145070165,6.936072731511004,8.649868076512252,8.939052885339759
7.952628211744097,7.810828223562051,8.730332973617744,8.220391010093577,7.814494257550216,5.019328804994686,3.0457353579001176,8.732814617493206,11.818061083861199,7.3059206193856,6.769315226504545,4.252450968288923,6.255473262472383,4.753409111312029,4.095554063015617,8.986869338823233,11.100406505871936,7.376131777278653,7.751283668452025,8.053358591304601,10.46198307171974,10.815049312088634,10.423240305203963,8.748994247764141,8.163509126773343,7.9984864499313675,7.64984442188895,7.824912769115482,7.305596331685822,6.99590857522106,6.425795045312478,6.271552015882552,6.055817430855762,8.670276257421833
