script/wind10m.json
{"header": {"parameterCategory": 2, "parameterNumber": 2, "lo1": 3.000054539987559, "la1": 64.9999836372058, "dx": 0.5, "dy": 0.25, "nx": 34, "ny": 52, "refTime": "2025-12-07T04:00:00.000Z"}, "data":
[rows 0 to 23 of 52, columns 0 to 33 of 34]
-4.179481716322096,-3.8264631334185433,-5.468192989146116,-6.7341949229377835,-7.390201443857769,-7.538013106300825,-7.512351636351551,-7.714686139044267,-7.542380280434041,-7.757310495709382,-8.001570281589322,-9.110878162608998,-9.818968330418803,-10.713947700404994,-10.44751574146475,-8.702891516428872,-6.117184508130716,-6.619250156941978,-3.303011896822411,-13.177879280548316,-8.56751942275442,-3.3164197753500733,-5.24316836265313,-9.489334251229698,-2.3688017921665105,-2.028765275354778,-0.6577629169526241,-3.292012350382058,-2.1086660506211166,-1.7932989512549609,-2.7032919480123856,-2.9195161110493544,-3.0172426065847047,-2.3017492623353246
-3.28423205478942,-3.2185361671845185,-4.752416195447272,-4.861160059731782,-5.614624295733642,-6.2073209280833765,-6.696933965179708,-7.378279995304721,-6.9983652916421635,-7.719590522510489,-8.031772983709125,-8.94122978739628,-9.559983053136193,-10.191506102760176,-10.33386897615063,-10.51334457487274,-7.958101210836503,-4.945715638577113,-4.950950051212505,-8.988762720169237,-5.741966096705439,-4.443592290808895,-1.6810900664016655,-6.074887776959218,-1.0930495970599543,-2.4044985251841378,-0.1710878761938333,-2.254569833443559,-2.7231979598548377,-2.64269160452442,-1.6757837677353287,-2.2611532457728316,-2.279901478660057,-3.189951182690142
-2.9572618967566178,-3.72194539973018,-3.3667269869849554,-4.432127652925851,-3.8770204024184585,-4.432749810246839,-4.718798913276803,-5.3326605411277095,-5.744927956150197,-7.116800179588474,-7.250290945891503,-7.930259413727291,-8.848083725217952,-9.493907462197336,-9.984515256453129,-7.901570428576855,-4.6503750924241345,-4.180589069036065,-4.170454502199627,-4.128120332539821,-8.163825381608463,-4.2928641271396675,-4.178586037335329,-4.537980379840181,-3.3401547637190676,-0.8058101670274224,-2.3027826717769124,-0.507735541529766,-1.611330716477919,-3.0122486630833922,-2.6760478869610207,-2.1413137316061457,-2.0211711850429213,-2.9213387196452825
-3.3198969940676126,-2.367899763213444,-1.751917917379775,-3.1167972160510016,-3.465472760823657,-2.9472542299652322,-2.9661857798122147,-3.4610369103011354,-3.9672693157841183,-4.822942432457233,-6.629539378057473,-7.601734856846268,-8.823552679953476,-8.517417029024617,-7.940894231780431,-7.3854890145686785,-3.4546661353872206,-4.130363947962899,-8.563558681923942,-1.688380372724151,-11.182753118977208,-3.89424546453717,-9.061497786234149,-2.5003734541588085,-1.4989752682513149,-1.811768234398947,-1.669863286189131,-1.3982089396314392,-2.584610097087454,-2.3182554660468586,-2.0258935004538485,-2.413914438723653,-2.281572676074163,-2.611035583910835
-1.6216119142733216,-1.9328757147401163,-1.8015701482780926,-1.721705999519742,-1.780475336649565,-2.1654026862631994,-1.9308840388880106,-2.492069531617308,-2.914491173695967,-2.653595300400333,-5.116727391362172,-7.51153303862031,-6.999145988952227,-8.363473517319642,-6.10802819253782,-7.137024448702498,-4.333373761631128,-3.548741621954978,-4.241089764861129,-5.8304600348416695,-9.543036947260342,-6.719711323585482,-1.0168761857799806,-3.9626529484987736,-1.4130105951653873,-1.8069321218623569,-2.0275907279332004,-2.165531415771858,-2.525439376005524,-2.2086432390672615,-2.274582021722112,-3.245831315002578,-2.0124536081099036,-2.3098285236698546
-1.429667926894576,-0.9311095408285128,-0.9469365060011017,-1.2502581498252587,-0.012881623990323025,-0.8322989035063355,-0.6111066484266038,-0.0035088200986015516,-0.42990915915827044,-1.0632241790872963,-3.898823164366753,-5.624826652688008,-7.050476403863903,-8.802516018786768,-3.7666910837169696,-1.9902203160080103,-1.4053679456534096,-3.7987496671784444,-7.868049192728622,-7.483173568931022,-2.1502290072427397,-4.340709319763838,-2.0968824308011116,-1.6084418990217544,-2.0244333685203575,-1.9569961626864638,-1.8269214408424765,-2.1124775523511157,-1.8373570286784315,-2.666581840274582,-2.5080698700886046,-1.8331445193457385,-2.005617854594076,-1.92825239559868
0.46838293270993137,0.6097749492742486,-0.007219892747247229,-0.4338370075289016,-0.7517096381929735,-0.17665181012786843,0.31697496498837435,0.42639629956252334,0.2027999200481797,0.47651600836504804,-2.1388961112741853,-2.654016148633964,-2.472092422977242,-3.99998501349223,-6.400059450892132,-5.523653238919739,-1.672518687666135,-5.948232831462118,-8.342906930219375,-3.37456595928408,-2.5044696720879953,-1.567644806625725,-3.157029879263236,-2.545582787546632,-2.8393645332256003,-1.7030781657260483,-2.0941016705830675,-1.8235511775930386,-2.5883507084163635,-2.9380684856648123,-2.1730870038071104,-2.193451975328345,-1.6805315739554518,-3.422088156658883
1.0759672598489793,0.38010777710885063,0.5305034215731365,-0.7305256739969004,-0.694008307242092,0.31741972180278344,1.5105083720328325,1.5847202689356608,1.948686988843702,-2.4212609184204883,-0.45202994465549057,-1.472884225836771,1.2036881003723323,-2.274865069632212,-1.2660791995431666,-2.2868064292330197,-0.0040931043380606266,-2.696779859238028,-3.401576302788181,-3.548941687083899,-3.559533164825394,-2.2665729843863183,-1.0594217457566204,-2.289105211595686,-1.252013427236858,-1.457466848580256,-2.6308817557845905,-2.0011644355273766,-1.7295906232457363,-1.459948543569146,-2.6684832500650066,-1.4409946706951506,-2.706419693658782,-7.302797073171172
0.867107607587548,2.239128896826231,1.9141010156847036,2.034274684565193,1.9101419461042541,1.6011201314476378,1.6719662805053646,-0.7191927924774888,-1.44805024024426,0.5341248105514834,-2.166991161715684,-0.6318427280488962,-2.2132611864099747,-4.943530716617011,-2.6380832230246676,-2.8851804519994766,-3.7819663584227334,-2.513596589726595,-3.4506709401550926,-4.1006958216831855,-3.5946118727128895,-2.019148832094965,-0.12318572608784965,-0.6154455877259466,-1.8261805579824641,-2.695275420625184,-2.0002715798142163,-1.641433139010825,-0.43925029407476845,-0.7202765993469105,-3.5743012017675526,-5.40653382599026,-8.590453891776695,-7.279411523455372
0.17542742852331963,0.5376049132615158,1.6502204787974935,2.7436220843880763,1.5261216247372997,0.5023251998138594,0.5941374346488907,-1.3513782195275326,-2.7073178486638887,-0.9090736671324942,-0.059960344651791626,0.7819252895907737,-3.217100244241401,1.4156773799518823,-1.8264330251122356,-2.796915284535077,-1.74285166761101,-4.820659602237483,-4.987598671540534,-2.8693027287006054,-2.453321131658014,-2.0749132187369863,-2.016388277133506,-0.7356098360764229,-0.7592330920362201,-2.84462629742389,-1.1858455874126737,-2.6376035106131885,-2.9795002381300084,-2.838974957244626,-3.6564245089131386,-7.73566918573159,-7.302134818269745,-7.216807993916013
-0.3829473644155344,-0.3132793763907947,0.9605970108473808,-0.26497767341029005,-0.9868586878633221,-1.3654499791710473,-3.2043764647514843,-0.9951653484869302,1.6464639739308722,1.3707937768986138,-0.5960882203378752,-2.2477604000585663,0.23497207978992668,6.2538851205020025,1.788112478879479,-2.747407689835564,0.034073261429931966,-1.7428733566366588,-6.031677597067162,-0.9720759926668535,-1.607382360751402,-1.4157082086579316,-1.8541046662107603,0.595523152295591,-1.8978467403267736,-0.4655957789719193,-0.604455794609228,-2.987850788597425,-0.20208662145831824,-2.375258324754236,-5.069094853802793,-6.252080073684763,-7.060696152693001,-7.356995286076633
-0.7490762783678886,-0.5727949403880719,-0.6515872301983453,-0.6156394320855975,0.6368155777152775,-1.533508032888507,-2.394603288256213,-3.2395943243927845,-0.24099772315269172,-6.782040589417782,-0.47700838210013613,-2.3698767713592,-3.7465674499548394,0.8326864400745249,-0.16513097200683888,-1.048864872371868,-2.6727471993521172,-2.6486027370616223,-4.083416063052247,-2.3685792825942644,-2.0931592804703496,-2.2517212824510597,0.609573308571993,-0.7009455701975518,0.02623536551876549,-0.40638635234949977,-1.0140747271329582,-0.5395539028269183,0.057397105485560734,-1.5777732126643012,-4.572073885552122,-4.8268023918436525,-5.513552291410429,-6.529193443942069
-1.3827131411473026,-1.2261112338284863,-1.770874171813752,-1.7278589573700949,-1.5033834208852443,-1.1933898554156066,2.259720407773678,-0.024658648415078407,-2.1734674360057586,-1.3390427445828714,-3.531293400831036,-4.742745384092446,-0.8661703596070343,-0.8877278336305359,-0.683362212069141,0.00417791645547074,-1.1517520111931108,-0.9431620478045437,-2.142827515614811,-0.9677364110359196,-0.1491384229015534,-0.783203038410157,-1.0818170855811748,-0.272658726276997,0.026333895428669346,0.0925645216723733,0.47900844717471264,-1.2595222696420192,-0.5326580738877347,-1.0444568361142135,-2.529335683457535,-2.195876681065299,-3.2657809879591886,-4.636702230044975
-2.655080047101131,-2.4427236093069933,-3.7266973357768536,-5.012052240061932,-2.5495779974149135,-1.603595549915469,-1.3978094088306265,-1.137209338273484,-6.462287471015443,-3.3176030124987146,-2.3409514368512374,2.4152126914025427,-0.41525210311536065,-0.08572655832890803,-1.4257862524912552,-0.570234578184391,-1.3853630210536374,-1.9034727574252557,-2.682745863743248,-1.3206890773836977,0.10280698187187627,-2.555705841970315,-0.41350475627652267,-0.3912365486624669,0.5313936077823397,0.06980621037450616,0.9834498418440224,0.4694753578156004,-0.43997016594435373,0.18346436088798806,1.1063835180451782,-1.6990249739448715,-1.7726122277351828,-2.558092409878852
-1.5044698081258563,-3.343342562063931,-4.871627878685154,-6.565659897746629,-3.733043280202891,-4.122899523629202,-0.6927056645593076,-4.991372368272491,-3.317115403614752,-1.827374172777433,-2.972987629334332,-2.0014634806353597,0.7839725003301578,-0.05506795578641097,-0.9991811142727595,-1.1750446624645765,0.6051926966215115,-0.9474827336663749,-0.15486554336004119,0.36859089304307396,0.26427794681332745,-0.2879219047968502,-1.1436932272688456,-0.4284575924056335,-0.11928716475382192,-0.4022655141242931,-0.5260491634421613,-0.32651641538425163,0.254231711965391,1.7227485461528613,1.0535697219955258,-0.909403842779667,-0.6514461640558257,-1.3032976465018196
-3.6356020256433155,-3.7394435794160508,-4.712470592008668,-6.597612611501864,-2.1858609686563835,-2.35344872123039,-5.830904805997654,1.9887743010269163,0.19551863481147264,-3.1072766279442914,-4.017140694541439,-3.052874745231109,-1.6933863649984784,-1.4045040835081497,0.15817380685140994,-1.4008859625816386,-0.42976813411241216,-0.8046874792075663,-1.0810646372806116,-0.43211497849087915,-0.43457861555963195,-0.7018093067935572,0.11796824362314987,0.42802921253776466,-0.44532333730574886,-0.4469597101695773,0.2300053759531684,-0.5609566345759763,-0.25206483955437936,2.887877057827787,0.4812229760636244,-0.7091832111260064,-0.12359013100946262,-1.8953295777739358
-4.12330663232998,-4.429461393232873,-4.380534524053009,-4.877144408779107,-4.079843523172517,-4.1983640101962605,-7.3726957889139975,-2.161609026090427,2.1283143977041368,-3.7142180934096958,-3.962331203310975,-2.017581666603464,-0.3725755860444926,0.27713500501092847,0.4502240306125909,0.6632782531536593,-0.9739587638986076,0.0664637368509343,-1.0549963001875613,-0.43506201741060985,-1.1054987831140037,-0.8452702519489649,-0.9487623960380293,-0.6346251366959608,-0.7312924234933481,-0.550163122195322,0.03905247477237658,-0.09161888062622033,-0.020737664783068172,1.371306154173947,0.3191500316123161,-0.403863802309021,-1.0651234202610138,-1.4134550706131745
-4.921827917019216,-4.921184514748034,-4.464352109003212,-5.856938856500185,-1.8273108138286362,-0.6113195073355574,-4.528943902419914,0.025501590891788682,-5.7721478082687785,-4.085745209822974,-1.1701555730915,-1.7669506385158487,0.6678692241421058,-0.8926997624047601,-0.8038604172543496,-0.8240964015901032,-1.893582984982423,-0.35276105309206585,-1.2970019267427124,-1.7329923698784084,-1.6965156372396344,0.3869753812856768,-0.6332145972015208,-0.8205986761592283,-0.8027212878885122,-0.8790662036880893,-0.9779039449573254,-0.5537140579013884,-0.1679573963992465,0.41060709739906137,-0.4386566580327332,-0.33453777948356433,-0.06961535100255219,-0.057350249446800096
-6.123911605236477,-5.274181428450711,-4.612314384269339,-5.6588403791110355,-3.366367666515333,-1.7543515165993233,-3.623429727717607,-2.252826697062024,-6.795292989585459,-4.924942688831913,-3.407217934694681,-1.5211331495277634,-1.0065353221249405,-1.149983655022856,1.0296411463084045,-1.9873888938358153,-0.34762697725479663,-1.0174665395793276,0.7231453716382834,-0.6839642629160686,-0.3698683500659653,-1.235105047069582,-1.2635055471932979,-1.336607425464177,-0.7700133496725625,-0.7566316140801063,-0.8578781519787938,-0.6881569312938997,-0.5337501234496677,-0.0985634367852763,-0.021033145878703814,0.17527451285074955,-1.0842149205569822,-2.547093091014952
-6.986729771720578,-6.746794939648802,-5.717828625951219,-4.291085375195974,-1.3901467817777364,-1.8144376715039738,2.3108700781097196,-3.2800371060144418,-6.348199078882525,-5.416694470242096,-3.362593308631469,-2.9966042878419903,-0.20604655763993723,-1.8075455303794044,-1.3821436122034503,-1.8210897971698778,-1.056444206479243,-1.7205407683518117,0.02074695758927607,-0.3497751062068773,0.1286088771272084,-1.153054437567666,-0.9634218058658223,-0.7540767602103086,-0.945339084322897,-0.8204731786571205,-0.9921148608665047,-0.8424973760925509,-0.7359639980149092,-0.14376603316743078,-0.3002559697029003,0.10627873073697007,-0.22325804676133676,-0.4806693989747472
-8.895767766755405,-8.182733781827503,-7.23663253481898,-5.832863001646806,-3.006363764061861,-3.628979171424954,-5.677177244648727,1.2698066711117844,-4.40800530781457,-3.165808546104127,-3.8813695189882527,-2.8706728763186136,-1.3892767777599018,0.2823645826939309,-0.5146610808467547,-1.300681915528044,-1.0238119554504876,-1.093419611792895,-0.8149726283597505,-0.9969985740414004,-0.3972232371108835,-0.47605371477923697,-0.5572537527038102,-0.8409598123629436,-0.7615548721636541,-0.5673330542617739,-0.4954078798582178,-0.5685873474813791,-0.9011807006708588,-0.7835053029287727,-0.2922730205559818,-0.2188799482046676,-0.7516624989358979,-0.8566075185215841
-9.769182799535145,-9.743712387528888,-9.069020735574206,-7.949236547470966,-5.983512957827414,-7.867277307684343,-6.095593912509016,-5.67002861585029,-7.643594233768828,-2.002740127775521,-1.5123004601214283,-2.345512044808822,0.31807287899131603,0.4069934481942565,-0.6379013299378878,-0.3943843251162482,-1.4119225454510358,-1.40509142013122,-1.3635370882676228,-1.6093487320161113,-1.3146736154395415,-1.368358332955683,-0.8360810564636968,-1.1550437638444069,-0.7026983729204139,-0.8305994935134337,-0.9710679912216356,-1.1378009813086085,-1.5703917354095613,-1.4233525136089769,-1.3607542879897525,-0.8777385364165158,-0.402287743340814,-1.602870305735238
-9.064460214803995,-9.309443500090232,-9.945021392251238,-9.61484087308688,-7.42388115334651,-3.1289855005421163,-5.5306221736965995,-4.3726006089347145,-8.441302845162976,-11.415855539421262,-0.9747610327193776,-2.2949980503137493,-1.034903980813207,-0.7882373655479139,-1.842450432927399,-3.560198286371435,-1.7811136528286724,-1.5342631886490488,-1.6291673525816444,-1.8954714199734362,-1.4388820238549755,-1.5547497274955677,-1.3368310795127756,-1.3755056392865503,-1.1745195226200176,-1.5848226127620337,-1.6644617213319592,-2.2653969459627614,-1.2356813708260805,-1.955654199401968,-1.2704837854094684,-1.6938288147784333,-1.0414138890051583,-2.495109289932413
-12.071132532497659,-10.761099637318559,-7.453205306761711,-7.619528961199189,-6.367701729446302,-6.660586608273547,-3.4438005080763174,-11.24201817720666,-10.491460781624118,-2.2351013744925123,0.4548467154707326,1.5252625992392017,-1.0248250897619129,-0.15055544462951687,-1.4686897904938525,-4.683526320717002,-1.8977146933144322,-1.956147397433143,-1.7352680712016584,-1.7532663356575227,-1.3473048699855823,-3.7482129060699405,-2.5152015844406526,-1.4171415739079978,-2.019232547363274,-1.3201840511833798,-2.1761736490551966,-1.1578788848176844,-1.2581622949817552,-1.8156112955773445,-1.976965761394834,-1.2936504455295623,-2.2793884025648343,-1.8520116633540238
