script/wind10m.json
{"header": {"parameterCategory": 2, "parameterNumber": 2, "lo1": 3.000054539987559, "la1": 64.9999836372058, "dx": 0.5, "dy": 0.25, "nx": 34, "ny": 52, "refTime": "2026-01-31T20:00:00.000Z"}, "data":
[rows 0 to 23 of 52, columns 0 to 33 of 34]
3.0890454680017987,3.8854870505619696,4.151143312964177,4.42753808971461,5.557010737529912,5.4323926323612985,5.631830736785382,4.452992276050413,3.9755607849204404,3.4361914372973135,3.167833708709482,1.7347992707142403,-0.056150769351823004,-0.034338601543497695,0.030659662759293112,-1.6324205626730675,-2.3896048213487138,-3.221368584359527,-2.1165166749187327,-6.193248712168168,-3.0431004013736795,1.285029771595594,-3.140924654210601,-1.6119999317840417,-1.393800521886931,0.7660817332955794,0.22025242621011895,1.4309586350945938,1.4202620010942868,0.22076573532378077,-1.0299195746143612,-1.655568484636626,-0.4622261557139653,-0.6971473628781366
3.596359258600588,3.7597999009252554,4.399560098965663,4.758847282951074,5.4193028482368275,5.300777116975051,4.733865201886496,5.903028557756767,4.124310920914923,3.2126012822427406,3.0535001922955733,0.35169401895975827,-0.29111089115603833,-0.3804980728243945,0.12551880754734912,-1.7880342195943548,-4.015273466122831,-2.3563460868033683,-6.076505188242344,-2.490327548704752,-5.1690068702843766,-1.8061479583137425,-1.1630621508994128,-3.7762490505775337,-1.7166907726216052,-0.5265396323701266,0.2008840328240163,-0.0869285039813015,0.5302990001235458,1.349243041032483,0.12321005967285271,-1.0931102510171322,-1.54236282466454,0.37243934903262593
2.6514832084657955,3.4875774120184695,3.9201762382179357,4.2978129498246265,4.996278195220173,5.068284017355512,5.455910631947737,5.495910769268206,4.420118955156722,3.2275746266358216,2.9613093692936605,0.277048219910962,0.33758119397242536,-0.10581661086124995,0.35990053961830815,-3.3207593805633526,-1.980447342115643,-2.5676210002401234,-1.7134386666311396,-3.6562507177132075,-4.129777321955309,-0.33493041046936756,-4.536126764440746,-2.3066118341440007,-0.8196727305753425,-0.732241381215691,-0.8653218443631099,0.2149546120160455,-0.08904634190990816,1.1095793946382337,0.9714810366383206,-0.3135249197556881,-0.952309793555647,-0.9115525422666245
3.1157902075824997,3.1669344362126646,3.6110165488181094,3.647328968246469,4.407850329300649,4.8836976117198825,4.889792987861194,4.393907522438986,4.105687971637675,2.6732503901927327,3.3273845507018613,-1.239729746248966,-1.5450773788391505,-0.6618920493972698,-2.6009152705148244,-2.3936853684315693,-3.0517016103369516,-1.8794743246348231,-4.535193077126296,-1.2134249616460788,-7.5432036981021975,-4.621363068720889,-4.752010892269923,-0.07879350632238749,-1.2876293943220656,-1.3348179739859831,-0.5820032960209522,-0.10745564805007163,-0.190308682120203,0.2995136144341884,0.0827463380495337,0.9914167902857154,-0.5495048031347776,-2.0627918230213607
2.565421032759087,2.6794764043681285,3.1196198027447477,3.6805299718844107,4.516629110563075,4.448162789105575,3.990536234568227,4.357697031442356,4.182362899290536,2.440071924198115,2.0432960277731635,-1.0329774508745568,-1.7938549547780596,-4.014352898250413,-3.4764268456620333,-4.5866951972432854,-1.6943590635232453,-2.3163629068361753,-2.1282331284545135,-2.391038308078961,-6.8638076058446735,-1.680905236943016,-2.461811068060795,-1.0317037531452955,-0.4405555535443911,-0.8232075257740163,-1.4216890555416606,-1.196065869315257,0.2320548031022075,-0.20019861776725806,-0.10814684640481546,0.36535162094560436,-0.09763278914622285,-0.9005065861553423
2.3402697660813634,2.3024481099004537,2.6481515592952514,2.9788846365004935,2.700033743100938,3.2529257919806738,3.629382905531568,4.966815596830635,3.7710552424882473,1.895652912569598,1.9722280315799128,-1.3691926687501517,-1.6081404047189125,-6.678485100914803,-2.399639856906742,-0.3291779746271272,0.7334275902924874,-2.573516205447547,-2.3090587313850017,-6.538543069985091,-2.99811733178327,-3.585327164435848,-0.05486894937441638,-0.80718331113632,-1.4709544134109789,-0.8300992715609012,-1.1923163041449323,-1.291029957977059,-0.39383182095611646,-0.39924608922265675,0.20057682491673234,-0.8110826110033619,-0.5713800419153308,-1.1280194992289705
1.668849116133157,1.7787495614688684,2.2193461114320834,2.806767609668216,2.7722368332919816,2.769394695886553,3.388996485234262,3.6138533266419928,2.5191416275645158,1.6142049818506485,0.517905385755302,0.8240132537809357,-2.206372426101688,-2.6074929905542428,-1.9892402541303489,-0.8692348475280296,-1.3220937302887161,-3.3344141811317884,-1.645007650709993,-3.8426457340070717,-2.908834450313763,-1.5217840111956953,-2.1573730371393176,-1.5375047877293353,-0.2121456647120868,-0.6129182890341643,0.13869326329076648,-0.838545161095894,-0.4479428305501208,0.13774019878168448,0.240247137895643,-0.4292019415211181,-0.6020447799619587,-0.3858558084794586
0.6939449032516377,1.3433744763563518,1.8430336648859535,2.694230081329448,2.5931422064683485,2.525879777636306,2.2454471258118374,2.30889186135889,1.198145350838944,1.174169266036543,0.3649104903460806,-1.729615935334517,0.9713096244516642,-0.08996069374730385,-1.6803130390426817,-0.8445172229324084,-1.3341639860648915,1.5560115627363085,2.47618970568458,-0.8082864840862428,-1.4923742270528035,0.8320995584368484,-2.2988693100607707,-1.888295117887958,-1.0069846107703975,-1.071756358861033,-0.9021820064503803,0.2651080939004721,0.7414904711711278,1.0198911480359683,0.3239399644810712,0.04799213221454384,0.13453194145493066,-0.6428855925290962
-0.6063794870503758,0.04082234231258413,1.6647503511633344,1.729401746580156,1.971493082984411,2.15388629831822,1.147629446452992,2.0377159591952423,-1.0108634631586209,0.24643019105221597,-1.7431500351767755,-1.4250793841171387,-1.616838451657794,-4.795106802992258,-2.3396763682146835,-1.9485237213373274,-5.129406471209731,-1.0753034576815892,-3.4162184665779756,-3.8806915244721267,1.3518369497423435,2.7103781397327866,1.7972416735121723,-1.5045173451329246,-0.8033457640142789,-0.9935421999416698,-0.5509732792153278,-0.7916973009116451,-0.11079730913298935,0.2948954437038727,-0.9284812797052505,0.616491856805178,-0.3091671777685517,-1.284048830294635
-2.099643277624775,-0.9215295704122884,0.07944065317888688,1.7468366551142438,0.33182488346585953,0.5172955851078163,0.03561388939725417,-0.03836751750698,-2.2300667414050532,0.22690862927886568,-1.1633486808028777,0.4106296102208584,-2.7579000441873336,1.339507354844169,-1.9673085393499314,-1.1852642099243373,1.7673556708799938,-4.009808142780246,-4.091761188299989,-1.0894732899454749,1.1392081476740636,0.08367550280687601,1.9469310851609645,0.11112272152191942,-1.0080261958748997,-0.32642222515544606,-0.386935286620658,-0.5394334971312112,-0.9066111054905658,-0.4860322239785918,0.135136411106233,0.5288190296374021,-0.8338230854865427,-2.482163714857322
-2.1943566966952135,-1.404902109980136,-0.796967231777964,-0.4670212572450207,0.6713541664039491,-0.9013996871192143,-2.3667229662137896,-1.4272579364607214,0.6071563659033482,1.6040612277585715,0.19794728758515473,-3.823986383646396,0.3938809589513216,4.439934670324612,2.569307892560202,-3.6048593154689152,0.9131167421527223,-1.7885652676045363,-2.391515372804519,-0.7989300734937739,0.301298713972439,-0.7675771752960611,1.9622840995606723,-1.9881797216670893,-0.6435656521917295,0.8815962866617532,-0.9735248176522875,-1.2255881685480892,0.12575450164214091,0.032940310685557014,-0.008447676494358842,-0.8651520788372445,-1.7529527660928066,-3.3242939398177858
-3.3603311780327547,-2.137452142030289,-0.8414131363838858,-0.4015322346662583,2.2225257321769236,-1.4514904520628225,-1.6814277263161073,-3.4126286556827323,-0.6782176766798642,-8.438068570621107,-3.9993289216424808,-1.6795510319813949,-6.046389491874181,4.614610056046075,-1.5542721580460135,0.4917634373749667,-1.4524753061202615,0.890422682406143,-0.3076317378715518,-1.4533376462221133,0.11982721612411461,1.5399708379781891,0.6343562276227203,0.07003550607073647,0.9726656135986279,-2.329595883068405,-0.9642257924004938,-0.47597419148783515,0.6843553974156928,0.6724599683266255,-0.9894429019035457,-1.542953587631407,-2.530331773394553,-3.9645044691020344
-4.212600929081678,-3.469237556333998,-2.5458789674143607,-1.0201348696590657,-0.6412013292332528,-0.63371472309436,1.7455767161301292,0.7099121603116335,-4.037372169351324,-5.676186133488025,-6.20884431790082,-7.267227685126187,0.08276613352051915,0.31356560819318235,-2.753768730984832,1.2708733593512846,-0.9392725004020099,-0.7972663968792867,-2.3475465006500245,-0.6670918321622457,-0.1308692773187786,0.11986584433238007,-0.3212093648626046,-1.1111974394813062,0.0027332686091845375,-1.9237220410150042,-1.0594835808653058,-1.5595254072265494,-0.5005417020621236,1.528802568694674,-1.6032167790393101,-1.9752084208252705,-4.025919582671678,-3.9402743773006286
-4.702156496166277,-4.520968472984858,-3.587879372264534,-4.654448402823306,-2.962868396943144,0.7281868394550424,0.3474073600261849,-0.3252070411054569,-8.98289495511322,-3.2373498405467434,-3.1459563288238113,2.656181093686958,-1.3566373558531628,-1.939483000556411,0.6966633903990795,-0.9743459318908668,-0.8066983496998358,-1.1508300460145378,0.048195786142926085,-0.45783486378537264,-1.5196752362445045,-0.48281552475628736,0.11145590376093795,-0.08708996936556562,-0.5388034403861323,0.39154063236004183,-0.4762332823483257,-0.11569965419392429,0.7322000379858634,0.8920914367415677,-1.802076213241209,-3.0201280897154716,-4.228273625440622,-4.04198921345033
-4.656117267416032,-3.735751343282203,-4.153636415159456,-5.470414679717238,-4.9824155781329384,-4.097503846252587,-0.9977241995570717,-6.593807762822559,-4.67328747614271,-1.654622336074222,0.6195274276176909,0.8469354871506024,-0.02718851536330014,0.12515691756628275,-1.1082808466401863,0.356291483225533,0.4870649341886168,-1.4007542661331602,-0.663396997845996,-1.5348137066733691,0.8629796611034991,-2.0458249461761255,-0.9446626958163917,-0.1936677923298963,-0.698016443471958,-2.1433511880799845,-1.7682256833094447,-0.9571933113309652,1.1313230426675598,0.1820607440849182,-2.531112241915966,-4.2999008337760865,-3.924491629077438,-4.422415718647785
-4.908723757050288,-4.420688193634235,-4.289477255970009,-7.3164796300356025,-2.7387391154284684,-2.3511175451621478,-6.993330818223749,1.7717559823574334,0.07379733450873015,-3.6645715968591235,-5.86779118919178,-4.491821917910891,-2.3912801836331234,-1.3323270859675913,-0.9056021468302327,-1.4695630597350955,-1.4371488028174246,-1.9957006031297215,-1.9475226848268035,-0.6733835972093615,-0.21310414599978797,-1.4070234274085474,0.4200655106873937,-0.0751333032605693,0.37320185738674433,-1.8882577197524282,-0.43002471227926475,0.006571416238135262,0.0010398465473224602,-0.6542042152704668,-3.1496048118303883,-4.499383199264665,-4.244838544208233,-4.702420900964047
-6.002599427377314,-5.938281171812314,-5.5863682358424525,-5.673845633954705,-3.7777033809295792,-5.511361070579442,-7.956790409885873,-2.9415212316132675,-1.9569372194956018,-6.118191731466035,-6.206815239206912,-0.009791600532277142,0.2412533197460745,0.6251007412702894,0.6034894276740891,-0.8523023723771289,-1.5924830154712581,0.19201043249432317,-1.7455070430885855,0.5055795701967856,-1.1204699372614706,-2.2728685045057118,-1.772129849353017,-0.620990344971624,-1.4785568474757127,-1.1932401592584216,-0.23805424587894738,-0.5664659411954174,-0.5172006587752349,-1.7035293703006107,-3.6179243259603937,-4.147237670622139,-4.449489566508839,-4.8652629485992955
-8.055293192731854,-6.383012973271866,-6.674365044573202,-6.674542011351358,-1.5955064079818218,-0.8429262835110629,-5.010064079822835,-0.44196729770624316,-8.11524307124772,-4.29603584124276,-1.7234142999724695,-2.9458403562543802,-0.1061442811930485,-1.4331525105779,-0.8749928061451958,-1.3606082255801928,-5.625051423842746,-0.12775280429778282,-1.6791394814349205,-2.079498173134307,-1.9003581899575268,0.5471699153043811,-1.2790168875635834,-1.121546890594918,-1.8853191931089543,-1.3115152532082328,-1.7186499239572275,0.5336664943261622,-0.9846392739481625,-1.9822581847537692,-2.7826640701841656,-4.303100642157982,-4.7353194996662085,-4.913697922267663
-8.954502540499767,-6.753309209432589,-6.207394396835732,-5.503029664260353,-3.5902510124626925,-0.9362044946557043,-3.855082992497735,-2.772170149756489,-10.776716911472594,-3.847681326484993,-3.19233770513145,-1.503150989759389,-1.6184079372166598,-1.040269873901508,-0.5407481171873411,-1.785405099363069,-1.3102851809550675,-1.6484152361933748,0.8099838663519013,-1.6101730171858109,-1.1265194710670796,-2.250439787061299,-2.0957885004455457,-2.4007367653920766,-1.6541684816198436,-1.302976037552363,-1.5837582431221588,0.34955101812720935,-1.403308499730009,-0.9521763421340034,-0.6710574214359429,-5.3679649602752635,-5.497739159154191,-5.421849938107382
-9.866949475439101,-8.858625281377229,-7.820083146132614,-6.145617680167186,-1.5250281081346642,-1.6762153103889965,1.9007551146213986,-4.387417785025438,-8.444508894261713,-5.067245367526633,-4.303288750439581,-3.5445862509699118,-0.3254030502982923,-1.520383431152343,-1.6756870528035694,-2.7860779795999155,-1.6006447137453335,-1.78902715816962,-0.5473166467578725,-1.217613382466125,-0.8668380150081904,-2.496742395449199,-2.0090373336041965,-1.2570787428367698,-1.2878661255747585,-1.3954197266981891,-1.3816869773663394,-1.772252873311368,-1.7343874878538577,-1.4835257902244283,-0.43242087552962233,-1.2583104162111522,-6.885030635714095,-2.47089589246384
-11.229047211424815,-9.579111655064056,-9.049037016786917,-7.844496080253063,-3.111310817060114,-2.729454933238452,-5.3566631647286185,1.3323624197010493,-12.095773241424382,-3.625432139077122,-4.872157816594263,-2.7905118859203655,-1.3471867494741394,0.4958044904792277,-0.09140877298166768,-1.1922031719728334,-1.2191776586166079,-2.1945552096175693,-1.5545574150771237,-2.104744660723188,-1.5392495420924512,-1.464321456208868,-2.2859211186661383,-1.7606300409644653,-1.6799875824802206,-1.8689963052833733,-1.85662259391409,-1.6869945960332218,-1.633636663601304,-1.9680574974366056,-1.1026015229749144,-1.2808843493220161,-6.931198754744695,-7.31613809247921
-12.648906515596137,-11.377180287383396,-9.156780905992592,-9.271493473810931,-6.540453525039381,-5.429352836666682,-6.073014357300323,-6.807378852742618,-8.603410988975911,-2.2337264211981793,-0.8188132795144923,-3.1497559675607336,1.4590455679692702,0.9760637880657832,-0.8621912832916149,0.5597685647489323,-2.1030292205676067,-1.869071510890244,-1.603610366929905,-2.5997459988580203,-2.259378369011802,-2.8466421125393677,-1.9557576979485838,-1.6829641523394487,-1.7336096230631388,-2.0262934993840656,-1.9979554465330394,-2.6544334960804505,-2.469211104409526,-2.4831612198951603,-1.3480999236659734,-0.26389190668784207,-2.569886872191976,-6.804753045671294
-13.966074110650537,-13.29978210086411,-10.683046942002948,-8.691302552002528,-8.12054179155666,-4.996210087107578,-6.556359145447303,-6.017029459243492,-9.49433177675305,-12.240797800593525,-0.6677669144390709,-3.7474497244100498,-0.9365774891880072,-1.1515864555038908,-1.2922975715687877,-5.171212048052301,-2.507303761978873,-2.7337222229604423,-2.4513428220304734,-3.058797318910805,-2.867024368093345,-2.3088557714979574,-2.4280880104466105,-2.4427864754415403,-1.2591310590108218,-2.728359530927863,-3.320730437133298,-4.078638618649923,-2.3057694639044146,-2.4301641383725094,-1.5325015564308475,-2.304574877742793,-7.097440021601571,-7.6950325948907246
-14.119858393533804,-14.565742327177064,-14.17409011676899,-10.05057039816236,-8.553028943519138,-7.924405629693642,-4.152661795176675,-13.906890971572205,-13.941619313785823,-4.719162408533332,0.18191514256704194,-0.0677988354546621,-0.5573436570546917,-2.3086389907007097,-1.8517659524287988,-6.815418045072889,-3.1767180945623674,-3.4970109673932086,-2.6895036735791233,-2.9694195527441143,-3.014325586818144,-4.999014253252809,-3.9641808578899753,-2.137806454059863,-2.1891109753709452,-2.247015779066256,-4.145924642631034,-2.386565546942903,-1.798782304619994,-2.1833713239463832,-2.6462797703892216,-2.6550041455523927,-8.113077163194676,-8.144648774098647
