script/wind10m.json
{"header": {"parameterCategory": 2, "parameterNumber": 2, "lo1": 3.000054539987559, "la1": 64.9999836372058, "dx": 0.5, "dy": 0.25, "nx": 34, "ny": 52, "refTime": "2026-04-28T04:00:00.000Z"}, "data":
[rows 0 to 23 of 52, columns 0 to 33 of 34]
0.35822564697880627,0.106883173661826,-0.0691243566198302,-0.42461329276310106,-0.4616965659851301,-0.6212674581807486,-0.39047269447312466,-0.027353727251530055,0.029549738845206303,0.17716108668209077,0.4424081448615665,0.9091828162589266,1.3631676479156984,2.556813317311172,4.272860461667076,4.931947772342352,-1.4711020970893025,-2.2358745094185877,0.07574883513357655,-0.623276296021358,-1.0322177069056506,-0.692324474535177,2.2810463658753455,-1.7361956953691382,3.0765420333508975,0.5103282989040984,1.0197276663088357,1.2694348144772933,1.6529789642863755,1.611433925481998,1.1862670693762403,1.2466976644327303,0.7741206179013781,1.43432557512922
-0.0026084573433183085,-0.288843552558107,-0.6759546556083543,-0.8643122018713988,-1.1039058880481407,-1.410195143409099,-1.1939575930926494,-1.2195607414718803,-1.060284727557034,-0.8573140619882502,-0.6008010103779884,-0.27194232116194583,0.5426354401461809,1.6401840897562712,2.921371695874814,4.651265222781417,6.053973517926401,-1.3411765054704279,0.6461913487786936,3.1218666759176554,-0.6436459139103916,0.8308343137768907,0.004370692872154547,2.8035112920004694,1.717600634675183,1.1761066425085753,1.5963107321170704,1.7703624642815687,0.8159413800607416,1.6764912960884653,1.5356860587825092,1.551465719355939,1.1049798604229575,0.5280237395215038
-0.5104460501738699,-0.8359621704687514,-1.1286685419742444,-1.3171221999827203,-1.635794407770172,-2.1617898939099875,-2.2567924239722563,-2.387115485664775,-2.3039227488860097,-2.2174918137723516,-2.155623203920171,-1.7020357529840455,-0.934091043929893,0.15091594679733844,2.7299709786961714,3.318876279946571,2.343020713342378,-0.753215028047198,0.32535050718011266,0.4410325066395802,1.3691883520681225,0.14210974738667378,1.3131984507207048,1.0578198018206557,1.2772879731858924,1.2121367426014291,0.7237124002190621,1.287956505175513,1.568120656424465,0.5032407171278394,0.836513144041803,0.9907688056609593,1.6192555605847818,0.934535332558476
-0.8813316623113406,-1.3205541005394186,-1.3628863809468297,-1.6711453081298597,-2.323433556930341,-2.8081787402164933,-3.2527553915706124,-3.5451282777885496,-3.5754774806803735,-3.926755025115123,-3.827139465586829,-3.4767099438027524,-2.696611006409525,-0.6124330170794549,0.25265912937797397,1.8537333424379971,-0.2003764456547144,1.2961615907416788,1.388443687584619,0.0831927361498737,0.3841567140386262,1.8631374718950175,0.3785023326160768,2.1803321638929205,0.9336937855154949,1.6915750261938998,1.9906198735570764,0.8435598446431127,0.3715902887844804,0.8582350951050058,0.6632668287842635,0.6587134122425256,1.0305885424791266,1.118349950053593
-1.3520930373785356,-1.8037871943417005,-1.674132552816989,-1.9567608459645676,-2.856710949281246,-3.3926014609274953,-4.283090407520965,-4.847272735659635,-5.196673956593752,-5.576834256401381,-5.683053729117558,-5.234662518069594,-3.8791386862880755,-3.6133904762662112,-2.1703115768767445,-0.32362581234596643,2.666071718542944,-0.8909305864535016,0.9843804709190108,4.522446865526376,0.7528119868761884,3.202752222181145,0.2939087713777305,1.0559861226203253,1.4388112163264075,0.6068681816153628,1.263170153639341,0.8418718378512128,1.0874219088385062,1.5565186382667542,0.8988520597877937,0.8520647562021004,1.2007832946859294,1.182989184690916
-1.0955217206015613,-1.397478005523749,-1.4938244575603148,-1.8765125077495202,-2.547657357232922,-3.6866418876296234,-4.338233255963246,-5.150881120858558,-5.502114113826994,-6.170280706525478,-6.150570080845151,-4.678176615991565,-5.848227964637836,-3.7382204146991875,-1.0599142473560306,0.1346477352129765,0.41660259456742765,-0.337067343339386,2.090484532265999,0.9301984906554905,0.2634595691105845,1.4984693445396484,1.3311978941937144,1.7979987738316578,1.2923420010396443,1.137946490818708,1.1818174954175955,1.493337596944435,1.0338050504738705,0.9170364999218643,0.7058613831973362,0.5424034105656373,0.9108461315931163,0.7050175853169172
-0.3029219023285134,-0.19820383410994608,-0.8927998383057888,-1.173636265169741,-1.964062332660088,-3.038621217908907,-3.312697585052045,-3.383200106248891,-3.9801782295871613,-3.9170757969954435,-4.411742915339201,-2.4761504967573083,-2.122045541606073,-1.8530137861825025,-0.8508774010193411,-1.4822770039900295,0.4524517385178961,-0.8234807901266677,1.9975427836978588,1.5766256305167037,1.7732074329551113,1.3986418457858563,1.2803411885351212,1.0414786389110962,1.2526754750888371,1.1187554209954182,1.660341227208076,0.9763619533725867,1.070964330260206,1.383155520407805,1.4552001576682612,0.2759271317538093,0.7548189852157773,1.6134148980134597
0.27963707588213316,1.1758383749722776,0.7363526335240391,0.2999588202305568,-0.7318064630151843,-1.8831417304826987,-2.698969188860454,-2.537391416196232,-3.109296270081124,-3.2415269065777097,-3.155926542219659,-0.8515764841943957,1.2136147240853827,-1.3183978056209376,-0.05952862954789433,-0.6992446184924738,-0.7117046253408619,-1.2685137285782437,2.7368465118547305,1.6196411295353816,2.348815456606595,1.4848334309547548,1.517158274240806,1.9397323594094573,1.4905320445454207,1.0879289970062547,0.9355215543438613,1.3729471772347446,1.6245150266124746,1.2423834545134411,1.1069263013638866,0.8635897749115367,0.7602899566141555,1.3089164994651736
0.8876886179238842,2.2121250857366985,1.8364827909927253,1.7352961707995118,0.6431483238389741,0.03266765951186147,-0.20994497214016072,-0.12353822642215348,0.45834947623463834,0.7383464218703997,-1.6131829496397168,-1.7101955313042807,-2.251839025826377,-3.2722704139386107,-1.4667110584315943,-0.6101580445342244,0.0050177469190988335,1.4671826925650389,0.10726780101832334,2.745870998326873,3.712926510252807,1.5085187853024031,0.8946777251979751,1.0188643144165934,1.6090407871068177,1.3109955407305052,1.8532002549618696,2.0669877514606076,1.1002269980343495,2.320500531330744,1.2894156136932475,1.4208688444018043,2.3051360432560597,0.2414388783874664
1.1199111289028494,2.7203378250920074,2.820723214873248,3.0904323831346208,3.047794191644764,3.085859721918627,3.1424850934293276,1.5277390427038875,-1.4519764857332793,-0.3113386524557689,-0.40658213085347333,-0.4791571267716642,2.288828472621642,2.0768386306471327,-1.4768191707424756,-1.210310165790475,1.1255430983650305,0.22497861226681104,1.0408330594571658,1.0077812890173419,2.263852466682196,1.800511700058245,1.1343698726069706,1.1495217143405307,1.6193910995977459,1.7567399404641397,1.8294685937517083,1.8072019674243867,1.1454946981059,1.7676637068618786,1.9965356875279274,3.4770161365057093,0.7377965540726582,0.3832057481467244
1.4499630566263184,2.923532233722659,3.3748385827355194,3.1531161571557167,3.235744794854989,3.4624145189632314,4.199996388633571,0.007824309629756155,2.867792000853018,0.6415299803286347,2.3425309689386533,-0.7067844667231806,1.468437595624123,3.0232914057168325,2.592788014087391,-0.8963071069064609,1.163733549672936,0.9921804492350732,-1.467688215836459,0.8602603891541252,0.9948352486766535,1.2662976746950956,1.4927866450146103,1.2161417828255487,0.7037624712358215,1.728957500175073,2.4255306341496197,1.2988393809383425,2.0574835785836183,1.8091389016287183,3.3180745673406844,3.589906888511654,0.8648338114846993,0.25916620496020293
1.6841270959512091,2.530830392729723,2.4269741411036363,3.083256689470545,3.1028806807346023,0.15260152441454256,-0.7672692477418823,-2.3616211162430356,-0.48389305192106924,0.26908439053236594,-0.22050439119422408,2.9119160367006054,-2.7990000337202483,1.441899169877197,1.8821964973763545,-0.18192837829784908,-0.5139770312069817,0.7338957116242703,-1.5043901298798406,2.3450569291685373,0.8888817523131063,1.3912243769410888,1.145010189337385,0.9810261840611916,1.0428900420611797,1.1769471954606536,1.3708644338858227,1.7178960868622093,1.8768633040810503,2.800612108712784,3.8928460219170935,2.0276660689637955,0.9746856994568263,-0.23931937025920644
1.106591352271186,2.072966884288798,2.2205354332561975,2.621191880874377,1.5834652662775044,-0.3837065638277751,1.7615377809686368,1.8038041273447694,0.15482278653205545,3.7337103720834093,2.410544484728973,1.2359073403843484,1.18902064779806,-0.07021683567692193,-1.2323405179084757,0.898824762173545,0.8509776998500403,1.0558552844759748,1.2530801553055781,0.19868261238421736,1.0839625862656055,1.1364468829617118,1.1480009393355604,1.6481495413709302,0.8248611052316831,1.0206922232698012,0.8192223458350504,0.7833387013340558,1.894638270107169,4.700800170728102,4.220514638391628,0.9057722666342362,-0.03348491760796756,-0.06672183787863281
0.7876830739090204,1.1634976859455517,1.5645878123117327,2.130709635760673,1.4031609831992913,-1.6111230560094543,2.585451377320237,-0.7871408093430893,-0.5521334144882964,1.1900003942042994,-0.4946894939068764,3.4916468741353737,0.5424723931943642,0.18458055999956832,-1.7780251186103757,0.08343615276934961,-0.11697923618859868,0.345329903801747,0.14095277143632953,1.5556191105131725,1.47915758858872,0.5875709178636636,1.0555683018653572,1.366765042645576,1.387134461272585,1.7126153589107926,2.27431551459835,1.5408618458691572,2.2466576430867073,4.544295742228379,3.3370272600656237,1.5944827314448264,-0.49606650172075073,-0.1082952069895626
1.349809460580761,0.6340905045872753,1.4751562091289123,1.8683004164155028,0.04186267875491959,-0.23047242106860488,-1.0467341152110285,2.579368299133106,-0.8540406041033376,0.6583834522880927,0.9342891022196744,0.3246934428485303,2.25088376772765,0.6476117402991147,-0.7450408188127609,-1.1208646682679273,1.3201995230905355,1.6504148202125233,-0.19701757306336204,0.40388765297199497,1.1389138432264598,1.0884944202239062,0.6428008390307811,1.239629758029432,0.9051142102096267,1.0247154016566138,0.8880104705351674,1.604972642955954,1.5884600350852307,4.0374447546071845,2.7956144097568316,1.3500806034946697,-0.12019786125700081,-0.36038548519558483
1.134677160538052,1.1095325713716908,1.5117894792197726,1.592675439787808,-0.5744274548938029,-0.49773934776173906,0.33532891035204426,1.1285806103988698,-0.4258670168014497,1.3734164501371413,2.036272155960031,4.415416621176914,-1.0820292716978093,2.969277247742573,0.5875202160080385,-2.2707591497608557,1.7920542953760514,-0.24783841074060034,0.9530763553622967,1.0442267996710322,0.5510640497116788,1.0433259783514248,1.0714473147016859,1.2763281917880187,0.030349368331648592,0.9494038079318,1.6517474306438322,2.264140653309136,1.45649493660271,3.979321311894527,2.5249543972913933,1.3283930137434472,0.9348601083549116,-0.4013163624473843
2.2066726356364827,1.7781996199976546,1.3931403806900815,1.1646712580442016,-0.5964708931293021,-1.2405867152874372,1.3048440265865222,0.3156005896677321,1.0114074774102888,-1.337842374825238,3.971905476407883,4.16376204724444,1.5521183009749604,0.8003264322356827,0.6556691641223363,0.46437888143461376,-0.1429104630801422,-0.4561904966144507,0.0676358502569823,0.22255850559196544,1.1001408078813006,1.1493612518261116,0.8784957774288352,2.2390983193922174,0.6379289231201393,0.6238646461055903,1.1099323563525407,1.516928378831496,1.9689771348293001,4.264803203373693,2.38624016119278,1.311846048119544,0.9241195196607214,-0.20285522922971827
2.223988639443913,1.945453130636702,1.5198724014095866,1.3460212917648977,0.012844813096737115,1.1609410539977025,-0.689409755376029,-0.6140497592484565,2.7005623057709056,4.718285802840225,1.9261186980617588,0.4394127773395139,-0.4696498145368356,1.8713543957776928,0.4849899755357133,1.0956375404757988,1.8230660904980645,0.09521433397016846,1.0084915088666404,0.004589578291541652,0.04349273162960682,0.9484296585207167,1.397224595160977,1.0246906811553662,1.0923093559480002,0.6554320655889997,1.5470604838505269,1.330912917715261,1.3530779795833723,4.183042540518102,2.2856396844602913,1.6775207719921075,0.8413047141966116,0.3861884657608403
2.3717546628888995,1.4980832340081398,1.1669012810549189,1.5431321961273379,-0.7633883801655086,-0.5833427741793136,2.0993661896971823,-0.6070215887104886,-0.28846325726200533,2.227953364017972,1.4035849061680714,-0.32851518616044106,0.9267433146307277,-0.932380202223155,1.359308415432829,-0.7980435349119414,0.8438806671446633,0.5249345313766415,-0.3484746499568684,1.09167791442075,1.0346618398456888,0.07271826237616133,0.5468475341930301,0.5308809678749066,-0.39997967779759586,1.3299254713138866,0.9780212283239705,1.4262605795777281,0.8489364385193353,1.2563528550979544,1.693032580548451,1.6032135946753623,1.2187448139537451,1.0224830527360582
1.7552135909283462,1.3784799678392412,1.3011815687739396,1.1318199946091505,-0.11854544144880688,-0.2825508786938822,1.076635014437753,2.51901924121689,0.9950659372527306,2.8777059358710155,2.1615166371527375,3.5133548796762417,-1.003003839910715,4.151521340932085,0.5632725887850103,-0.8322775816742808,1.5695886898536457,0.48644834808462295,0.3025130150667944,0.8258834131072894,0.4209018803174574,0.4800577876618173,-0.015855759720937924,0.7040181348893109,0.5538179885051617,0.7554645814099059,1.4420283249657815,0.9824730289799458,0.8411579782846339,1.1271685509122158,0.9305207919360349,1.1912736451144514,1.328141995228544,0.49428207073381414
0.8544082289132876,1.41521061147655,1.3636285981360339,0.6783281127900477,-0.0788062488740685,-0.7614501555370208,-1.1063175382999164,1.3162579316891696,-0.3742184763811496,0.9551793587595361,0.14848089117307794,3.326241206882869,1.541119585888892,-0.3486375285097428,1.3892488812427626,1.2120210434612786,0.08939005848001982,0.4371854188985437,1.2285129927394525,0.4462406944177187,1.1227369948516988,0.5535147384291602,0.6693568274846196,0.4592909958288512,0.44644089946544097,1.4061298973925904,1.1669403763033577,1.225456401053327,1.0360129606728794,1.5744433573377423,1.3045896793617524,1.255470758447074,2.872414342691063,1.487716929284126
0.7494792054775483,1.0947860859878635,0.8978724658058362,0.24392439910749228,-0.2554156669527795,1.0987621254274316,-0.19882789380019392,-0.9209934051437203,0.9317429698901073,0.7424461059279714,1.0619180932498276,2.047288995716452,0.876133667129141,1.8113110388302727,0.3421968523536921,1.2546427248987613,0.22770104787136924,-0.5427748218149205,0.8464652916693108,0.2386877507005941,0.5260452553995227,-0.4739718496033493,0.25458636996226397,0.40658353799163344,0.8682466006400325,0.42116415861798856,1.1707954895747992,1.3994956291809102,1.4584480990109063,1.4921028139859012,1.3915099330399345,1.6576216115460447,1.5080201943127842,2.459391171765399
0.9048248963441463,0.6330943262099794,0.27285167416704376,0.3474496770063231,0.8244776354310536,0.518969299312484,-0.8777387177584726,-0.06467455634162245,0.6924674823433467,-0.9616479834833017,-0.7471192198665607,-0.8058414451943097,1.9054059284265858,0.10494803424556814,0.3085327332800342,1.3040430279172872,-0.6078663203878554,-0.04922153843677979,0.14828166709293303,0.5730575816371646,1.1536813652061517,0.5784292845587923,-0.2148444164000318,-0.3548107719982286,1.3539132553444007,0.8951931579305549,0.8657809716956442,1.3779532534077237,1.1880279093931396,0.9219327299505824,1.3482917623718043,1.9959810401253828,3.8612269241107375,3.94565066697222
0.6056045248687113,0.035077351329340076,0.1955587312686229,0.5272704317852928,0.9033661708822641,1.6040646879147966,0.11557690441065188,-2.851670115200759,-2.2221503820009016,-0.7261363834123138,1.2355726722010665,-0.1733214018269378,0.5734387442199641,0.3869036383146324,-0.6273062451414658,-0.7439815932210688,0.8547260192079369,-0.5027800021280071,0.06575549255806733,0.34018673505134145,1.0058875968342134,0.5952080182055065,0.033188943093121155,0.6881412899366088,0.5574240183930086,1.0019582160957485,0.4335534164497011,1.3218745545403434,1.2428893315463907,0.9338774506116961,0.8713175424153933,1.2346868814388097,3.6574484994889227,3.72045913130071
