script/wind100m.json
{"header": {"parameterCategory": 2, "parameterNumber": 3, "lo1": 3.000054539987559, "la1": 64.9999836372058, "dx": 0.5, "dy": 0.25, "nx": 34, "ny": 52, "refTime": "2026-01-01T00:00:00.000Z"}, "data":
[rows 0 to 24 of 52, columns 0 to 33 of 34]
-16.046176487062763,-14.503076770653816,-13.63990759704486,-13.379481052506929,-13.216067380500604,-9.031044886080592,-8.629039933335802,-6.389595620337216,-3.5196103975926474,0.24909310854116645,2.659564068572058,2.3909524385505594,1.106882286017925,2.653530590615141,3.8975905441191805,3.638250428640086,4.57691367686619,5.028681184362247,7.671572088670025,16.30499899933825,4.97384147994065,-0.023076508990187757,2.5877076710692535,3.151828066790991,3.95959471749442,-2.621620310730448,2.5020834642314234,3.9723919620008057,-0.5015679432756309,3.7871430554376886,4.075453286143268,2.456611048572105,4.309393828853857,1.758165896400525
-13.74807005030864,-14.401434828073691,-13.240183626676396,-14.184035738391657,-12.604830637398909,-7.149262680770531,-5.7071918113245825,-0.22975239400727027,-0.6507776848132225,0.18424375466697743,1.7486195714322093,4.128226546933465,3.9896315139319753,4.421115394062599,4.709650119782934,5.53336351990328,4.249173011141364,5.338295711182582,10.948408158484803,0.854206010842848,7.783857313364769,3.7392535669477107,2.1920806536839748,5.672833995963221,1.533745538523899,0.7447611333664435,1.8388259583710393,2.0747413370250585,3.5390888650607364,3.9362928832437185,2.7424358172596213,3.662207428700618,2.2051521526151325,4.6670606057596515
-13.002361864720434,-13.71517129087787,-13.517295100347678,-14.81530562059681,-14.266303569765352,-7.771470816565399,-1.694371395549598,-0.3887670521356239,0.9683661477191667,1.9646698886451746,3.217065389024632,3.807640582351042,4.084132252051225,4.228022251555856,5.301702166513798,4.3994442855943845,4.193883919026902,3.858484529241198,-3.7332721203464247,4.300498708742271,0.44394337922783783,0.5015952009428211,4.272886898319549,3.389704277714148,1.1913916699649034,2.1349006920062337,3.436520120397385,2.7499857859941863,3.8299341797896025,4.5669047882100715,5.896890392754763,4.609843301189716,2.671822542986521,4.847062095052126
-13.626733378138995,-12.683185199780928,-14.074922706680702,-16.519787718028685,-8.724747443071227,-8.156072357358665,-1.5858284683806754,-0.6421988910326233,-0.7732641560484472,0.42488358372914375,3.2714984806965246,5.9664738141424385,6.580992792202285,5.575100131051344,3.290822389843791,6.4890225803142245,0.464159997552787,2.4454477493524878,3.3224021715835788,3.551310452244068,10.707518313225435,5.943985615723208,5.51221939266474,2.0774962535959216,2.1235996550573093,3.332262001131691,0.5647609338352192,2.1193605862442024,2.8273557483896052,1.7873342539599226,1.8206860435105752,4.293131086336281,4.882754274035272,4.009829065766782
-9.988097347825734,-11.574923415529476,-12.452199108545113,-14.311711669697136,-13.539986104908584,-9.275045504397703,-7.2223252026115,-2.4866995937328507,-3.747854664179676,-1.3517334258227722,4.111628398003644,7.802615239001853,7.552231933674519,6.407610331930996,4.315283921253802,6.637969431979739,0.4848576970375306,1.0027547998572077,-0.2244880044740395,5.177121805103188,11.341252003640683,4.4438328278990165,2.9981496600373765,2.255373922948806,2.318103111849967,3.127725512527652,3.949425565747731,4.235565906549594,2.074879279833816,2.8592746512832825,2.5632750227336634,4.5502302403950825,1.9728655796749273,0.7280216628391738
-10.866910438592495,-11.053718345248598,-11.417615576022916,-12.474110229506739,-11.851236186176887,-8.95722614037173,-5.94644302829082,-5.780961064566432,-6.863379883067645,2.078736721616171,5.2855088475154774,5.125424464515127,6.774530258034033,6.458320348945338,1.86940585709576,0.34853531866625875,-2.1308949362025422,0.5371491701923031,5.984391943134977,4.6860245806174134,3.525560072281311,2.7248547237782397,2.410708455921331,1.6459126778101993,0.9914005717305778,3.816626987517849,4.39516216393485,2.9040427705351135,2.716627562807805,2.4199981516099296,2.604377486112714,2.535620449962714,0.31202421707321687,-0.8143432666685333
-12.132744794998166,-11.033842046219826,-11.24654387432791,-12.358864857237405,-10.4000932847244,-9.186872747136988,-6.441707745103594,-5.763490355123052,-4.32091920209616,-2.63430458875567,2.624101845110435,7.241567173456418,4.948408416745783,4.281829318584758,1.8118941576700993,3.2850126879875634,3.0930480830557068,8.45507144008895,3.5477692280550186,2.2519839977550262,3.2341187501716195,2.5534639115904314,3.7056737861648816,3.7521978806596286,5.322506346283996,5.757917083315277,4.308952665465321,5.06569192621096,3.144310428398828,1.9175603454067711,1.745340489842166,0.8966159974738235,-1.8503416078249464,-1.0067151736794173
-12.419790592839133,-11.959964920935949,-11.969398495575595,-12.700541325884346,-8.83747606918817,-8.429907117493864,-6.957526622548507,-6.276952330843212,-2.815468550932572,-0.9755813439521962,8.05700310593237,4.749412397572877,4.802295018583001,2.734354770720654,4.950805574997419,9.194079065613677,3.2513576083510904,11.136672190824301,9.778056428288004,-2.318886566193153,3.4435726433060716,1.6493701542117916,4.766710414231914,5.258726352022921,4.464320359582789,5.263528297382503,6.324822455236586,4.376825803648077,3.0504149654786077,2.3543393866222297,3.2084093182180324,0.944802149487494,4.6585884418333,6.229277450851022
-12.558752417704078,-12.251775828555827,-12.108773317443571,-14.414298315438385,-10.383762155495138,-9.57635509999914,-2.0375168252344102,-2.573275729048958,1.3915166017069405,6.132830644947079,2.778627927733725,1.2234734073710125,1.7549752865131536,2.228945020873461,7.32946724058591,2.187360790167717,8.840117159042638,16.93229039727276,9.305316566825285,8.368550238598974,13.158072903175901,10.357814035798446,6.938255393222574,6.140299686726342,6.522254657268944,6.329005022673414,6.089315899838392,5.195983696113274,4.695017187006869,2.6157401579180766,4.065546158243636,7.982871813702497,6.744446256665856,8.21056713293746
-12.280646308031967,-12.618879445837369,-12.3031859267191,-13.504635197253936,-7.550835828999673,-5.261946635171559,-5.516492326850727,4.489116532853154,1.7613127475503143,0.4186279906155867,-0.08815636910644076,4.574523513384942,1.2107319447188862,5.300994891248821,8.868128871925581,13.107416473190655,7.900283608554088,8.879283280397015,5.795293962112593,4.773700015688023,7.632501773754564,5.165123508077761,5.188325007330367,6.706695286166344,5.699122035840972,5.872962213985555,6.491937205729417,6.106633483336717,6.815971041297388,3.8170011664077563,7.121704263396058,9.46613436956881,8.34314414798408,9.922867900957424
-12.143864997550406,-11.947418602800456,-11.0604943589626,-11.720306534527463,-11.315341065850001,-4.645808083268355,-3.7014449524401587,0.9240819341411615,2.4724976370276357,3.9499567294514426,1.0355400952643443,7.095993241267034,5.600836395705015,2.9531725815058554,7.699194982350215,6.525774279099562,5.735416663005268,6.426784538274123,7.247736008129872,4.3411694107843894,5.24445751299016,5.311456643496346,7.040309059030151,4.7167376066655855,6.593897730561886,3.376409845847956,1.6515232755076703,6.251129625306139,5.231704309765354,4.933502755150693,10.762226854520646,9.612922165840745,8.62602247344197,7.41821169069767
-11.323844428480264,-10.652716045064409,-9.813418063189536,-8.40738397597101,-8.229556652825632,-5.823837378730287,0.24462644349385707,0.7450821034013095,6.61579207578221,2.128517122739871,0.8879389054152989,1.925551658349678,2.8821105125182096,0.5746148344902083,7.30019277276108,5.954513425028977,10.136934537282357,12.144201856663678,12.627436302987569,9.654321630847896,8.34521790885086,4.878596741999486,5.939015206592414,7.737122966709332,5.737596231047436,5.252108355087083,7.08245180230312,6.7727973809575,6.130014601384575,7.975896138883077,11.270006823765826,10.080116167808669,8.597243147431515,7.876050767271707
-11.70592300821059,-11.5070678074684,-11.725573872845557,-11.413020517702801,-5.2063912888027515,-3.0533752840005244,-0.33267611917002354,1.636707114925898,2.8744880995470092,2.7192959151414677,-0.44143539938356113,1.2161592137777228,4.7138514247358545,9.56225502593226,11.663280928143317,15.225884491291062,9.255296470893713,4.274780078806993,4.599280334083567,4.654630732892666,8.275828445260085,7.465374516952438,5.60114530814076,5.4182904027034064,6.572160250594183,5.1601157262619015,5.614493829687513,6.136018929240961,5.374742511516956,10.879252298219868,11.733242948361472,10.189433530542242,8.653439242162694,7.799816943607788
-11.035118844484838,-12.410679442619838,-10.89962707011845,-11.796973013586364,-5.540950541611542,-2.937577947331268,0.32370897396403575,0.6616053562216996,-1.4048602793435627,0.17381855367980578,-0.1355930405609117,1.5319919035786158,1.4557379294281205,2.4580394098568448,6.1727042725555945,1.7277003848280073,8.785447272419114,2.987414640336911,10.185519492912448,6.0758193016203235,4.750255608758654,10.100707686266173,7.031194396239751,7.425041547701195,6.210400355236341,6.594246492295701,5.012381691868692,4.781325111452098,6.7160421070002,9.726164242943229,10.814744085786376,9.89317627103338,8.828512778095282,7.995380971078396
-11.3876935273948,-10.505094457526125,-11.127325418048605,-9.08858167303828,-6.908316733412633,0.28193839706316065,2.216943290712667,0.14839051069868225,-0.616966350708186,4.419320082481243,1.4577975394239269,-2.995831216584832,-0.44218917588181955,5.290320104364574,2.7147129189802564,7.280494362080254,6.935874674728356,6.1980553435835635,5.331615155548463,6.230923467692117,5.645279564505315,6.224384894314362,7.231569188286769,6.4317470841004205,6.292219050806668,5.788524368969534,4.842944799822517,7.349973215612132,6.240795320619086,11.101558424601714,9.949310362476258,10.181382073753099,8.83462256464357,7.891788832704673
-8.861690262156738,-6.597774184724283,-9.062031002915605,-7.441041025382003,-5.228542834194706,0.3330094363811133,-1.0702093530282117,3.727703520314592,1.3960059612904576,0.1470884156933905,-0.07565651510190136,-0.6036553839889575,2.4747556598614433,3.8992496163680657,1.2575598688364455,7.910706169007824,8.965086922537026,5.191098434691127,6.176562476899339,4.996932768128069,11.015754694750566,6.150899935608197,4.011244478305404,5.754358032095733,5.508253073070855,5.640438574865518,6.700261461928077,4.597522456028907,5.818230777213283,10.218049636960455,9.23316390838007,10.031317940811183,9.119778862872716,7.88912711967108
-7.086479171823962,-7.451487232990737,-7.845454212934306,-6.107616204770783,-4.362305540297749,-1.2425863413258156,-6.829959717344373,0.6702973125502028,2.767642943995368,0.6784108154120696,-2.202678320768357,-1.1023562296445073,6.566543294050385,2.2520523281079337,1.9785885143773707,3.1986783432803145,6.248417649181042,6.17885168423603,6.849955913394971,5.1446507758534405,6.793863276094199,6.551445653442392,6.268159548216355,5.781788590269565,7.0599440701160505,5.609347526174083,6.779367496924383,5.776065469560553,5.802208216655343,9.197270200802329,8.607067321436888,10.24191203864185,8.125193770292586,6.961844760389806
-6.925306041743224,-6.744230398040002,-7.881825566828408,-4.955721933059779,-2.905579738691253,-2.6043139373134574,-3.7664939155238444,1.6124939684217048,-0.7025300974996181,-1.661522159758564,-3.3821333818797408,-0.8074263165415482,6.46189778206309,6.548228617071083,8.820591093097628,4.379301152742575,7.3078340032612905,5.628568148479876,9.641313623220377,5.489789914148461,7.308242176423131,4.006813998083854,6.40857636163215,8.134929895217073,7.145762191412957,4.995611482189804,5.144605064266585,5.193867693183174,5.640501232402666,7.67146229725773,7.303189043726763,9.918880362150453,7.950201655342627,8.149244742434314
-8.588521833773596,-8.2538608785416,-8.131024808282296,-5.013956570099787,-5.360587288784762,-1.9405646925977609,-3.5248787948026665,-1.0999165497636894,-2.4977693008045794,-2.427476572745359,-0.21463997886924271,1.7359341464103801,8.627290683849756,11.10538389330077,6.113596760870219,8.307551475787157,5.5325037518586235,6.695636339927228,7.4789585532550165,4.3631675875809695,5.87420721506161,8.195457427489144,5.122967158711237,6.61821229236366,6.881947291153328,5.41573719100572,6.93946251867822,5.035117685315773,5.289071058670379,4.9800776159922195,5.571896958067976,7.960048351924063,8.11614871789288,7.749190470772332
-3.099777166838748,-5.736788720909006,-5.820838772645622,-4.795694126619409,-4.995186665408036,-1.6307822926671065,-0.33441162437514327,2.950008944645447,-4.457804582716824,-1.3726825329002208,0.24548074378660809,2.392326710660152,3.3882680615291463,8.679657736910508,3.728657526117516,10.099992012870153,5.3326588390998015,4.072705985020136,5.03101913604046,4.790386664593253,6.2575270910202185,6.443748315891061,7.315496956085314,7.040195479856012,5.852202421301303,6.086808656172063,5.759291415683601,5.297095178642051,5.467950354420091,5.030563248746955,5.105434027951172,5.766644665317292,7.744427179990214,6.21323737917773
0.16132952767156045,-4.624043560856097,-4.85157316886027,-5.00341404395554,-5.6591343075281815,-1.9633194165769579,-0.43375429496517526,1.1176703140903967,1.8544063236902253,2.351220936106426,1.1328043369037428,3.375333475291492,8.962381810912268,3.2624305875941304,-2.299052519611038,5.270338816064521,6.406347393694201,7.174739581912293,4.283480046316726,5.827317869515405,6.859583808990775,7.3643255687719416,6.607625098566661,6.0655135685960255,6.874916544451562,6.94427963952959,5.298748474938667,5.752930646130135,5.185860907588313,5.64053004779021,5.257371935362831,5.891585860219439,7.122530890837339,6.417241065059014
-0.8321848228403166,-3.491578823525042,-6.326584502874569,-8.815658014068282,-6.312403602098474,-2.1630729329723204,-1.6406897895354449,-0.0906881198091048,2.7276244401888317,0.6615660541086895,0.5408599396120644,5.092100739931777,2.349788207041067,6.9657943094286905,-1.9397625796518712,6.777281353729452,6.45952986205319,7.287110826118891,5.189660731827417,5.81716363181651,6.289753959946941,7.236766558398542,6.409493259418218,5.685837314245032,5.190237433781229,4.545394747585857,5.358865164684456,5.199197672818796,4.7068300797708496,5.072726923425445,5.3928331376416745,5.8103018914244435,5.5006784866446665,5.957328885279066
0.10686784144519693,-4.127340512381113,-6.3635169595558665,-5.297376447328655,-6.460225518133139,-6.481683826394147,-6.7443732416643964,-0.3053879071134396,0.5975053650384707,0.16362509825737095,2.248820602199434,3.273303349425762,7.989268771734702,8.960764123282349,6.595977094378653,7.818481132463237,7.493962474909874,7.138621181841256,6.061482094514516,5.640392761160183,5.777555992120409,7.2002705087243895,5.810104382750152,5.193414527735769,4.8722817222685135,4.962956987564584,4.753799922771015,5.6083863260856255,5.216183830210704,5.271344553423281,4.728374162229017,4.216993540668546,5.768070415513688,4.651981239339016
-1.8025293151019417,-4.680744786693219,-4.430733369397324,-5.264682767517654,-7.259688147704382,-6.268326811418913,-1.0476453845732443,-3.476212947970491,-0.48419993380787074,-4.227141886135284,4.0307215778440515,8.864563832212907,8.44456884960856,2.247224546854698,6.144655206875992,9.311960140975925,6.199283291006952,7.978008091118798,6.248793750606043,6.2895140498686,7.98139257018274,11.654252061546153,7.142038842325815,5.5891443359135655,3.705434936529176,5.227894181507948,5.357024654632316,5.219870102355804,4.980257340414948,6.092354804458946,6.043392423285216,5.666390456050158,5.612290144622652,3.787340866923881
-2.9796052539000693,-4.75012281151579,-3.9777049782224245,-6.036899783083201,-7.958118919222419,-7.208744105445059,-1.9575166457253825,-5.216768577136503,-1.4663628824050108,-0.2636349804009624,2.738036341660627,4.696186842195549,6.515753890910087,8.09317388199315,6.69826261516242,12.047025153021572,10.069552811763302,8.102443591391898,6.819224540516951,6.7651057194364075,12.991415755391044,12.338518516520299,7.335638811183392,6.332381492589741,6.552809531380876,7.080701018968877,5.586459897848505,5.610604406548238,5.794242095733023,5.4004755272722536,5.6066242947938525,7.023083274573399,5.5097704963836405,3.939689157543548
