script/wind10m.json
{"header": {"parameterCategory": 2, "parameterNumber": 3, "lo1": 3.000054539987559, "la1": 64.9999836372058, "dx": 0.5, "dy": 0.25, "nx": 34, "ny": 52, "refTime": "2025-03-16T04:00:00.000Z"}, "data":
[rows 0 to 23 of 52, columns 0 to 33 of 34]
-9.622687371394974,-9.776683275945144,-9.95245207681999,-10.462468644022564,-10.963524933537247,-11.538549118118372,-12.136963013329472,-12.416302752335985,-12.89040019024966,-13.75199661151357,-14.295517779127168,-14.655704560107912,-14.509621885761918,-14.0738449393818,-13.965065807464546,-14.29055542646202,-9.082295128472307,-10.087414562304218,-5.389454297867295,-6.7707890986620445,-5.909575698860227,-3.9618812926202756,-3.9457788900488726,-8.145523396726787,-4.9159248706110255,-4.051993380680261,-2.0890399643286988,-1.705671016669267,-0.9826891803334313,-1.1831721962506323,-0.9896932509066866,-0.7123741973802518,-1.0986584361498624,-1.1025852639889258
-9.708193238748242,-10.071223885240963,-10.329918770634285,-10.396180088985206,-11.024696156893757,-11.650390922968645,-12.018912237281869,-12.391565264685125,-12.849804044547389,-13.321205215818438,-14.050320510716022,-14.40412223074198,-14.512695978805077,-13.855247055372802,-13.228406431676897,-15.099899182046856,-14.764159270959054,-9.233685574530005,-3.4331310742420365,-7.605608269192011,-3.65027142490746,-4.984464099214448,-3.6742240983233017,-5.034543484536893,-2.3926703822944044,-2.3445492460854456,-2.0996827232441904,-0.06821068622866831,-0.5514089505822038,-0.5569264321524375,-0.9404754804025783,-0.9150256243182084,-1.0926533065236428,-0.38481321680086594
-10.090056656256417,-10.416685969731242,-10.505575211016,-10.894687343507082,-11.014133087213278,-11.514661569133123,-12.081091297042951,-12.347579449395067,-12.761701737216006,-13.227225470544797,-13.802196370674912,-14.36668400844021,-14.114885961207158,-13.963357902133907,-14.393855005866687,-11.707779329283895,-4.81305813754543,-3.4252553314084944,-2.5697905184784577,-1.8911528394209964,-2.4661305929636006,-3.6170910158433376,-1.6251842504587444,-4.677032425242358,-2.424341273658083,-1.3582100942301658,-1.3616566564369719,-0.9830330083588131,-0.8429922419335908,-0.9070545143872889,-1.0040520297649382,-0.49153705298243044,-1.3340361761265866,-0.49366228053145184
-10.044257048044713,-10.715182754011654,-11.213337419943544,-11.064352507789057,-11.164244747216717,-11.533927028728444,-11.80240299652642,-12.254199952832112,-12.694989946845599,-12.852117586463706,-12.987062664460318,-13.019819612998266,-12.48076513368875,-13.696811092017573,-12.925905422558522,-7.510978917043662,-4.237318079536196,-3.2886108462579724,-5.365349102209637,-0.43770471534752453,-3.7744520442080987,-4.464236143551823,-5.505393318453825,-2.1357560033545644,-2.3890923916803515,-1.3856614961612497,-0.260070482594765,-0.3234176259476677,-0.7051338792923469,-0.818575308813411,-1.424064200453417,-0.509649726658625,-0.5653798401287023,-0.7687418303576458
-10.379896855173618,-10.839193847241646,-10.864421090441192,-10.929859740495022,-11.644911199906948,-11.8128758137861,-11.998355054210878,-12.421027714192718,-12.563125147266216,-12.351989363397944,-12.554282070794043,-12.851516438239782,-13.234741813843799,-11.109968540662637,-7.561590220095984,-5.281658687575224,-4.919422039234692,-2.059971042783583,-2.832655163512408,-6.010840414233805,-7.154126203184674,-7.687297407069726,-2.8590323261179873,-3.245448628089167,-2.4866835708964445,-2.2665846929496167,-1.6095787048004384,-2.0515003120902513,-1.146261115102639,-0.9970934037936984,-0.8589135396602025,-1.6305624226928472,-1.2249372989411216,-1.2350317142835947
-10.086220571733971,-10.719026290801542,-11.226345930209654,-11.3391473205579,-11.128751292023573,-11.825384954172891,-11.228854740156619,-12.851272640845654,-11.907341203938815,-11.936531840261607,-10.840007234639511,-9.08195927305081,-10.518960747160977,-11.269948362514526,-3.9183225734076066,-3.972215075895646,-2.7210822784544897,-1.754848122809876,-3.995621468859579,-4.618103816288494,-3.425005323021215,-4.438525614345977,-2.807248332065313,-3.4165550001903235,-2.057630842045391,-1.6118063485564917,-0.5270525546380207,-0.8950384419675963,-0.788449769117926,-1.43336867331199,-1.3458487510947537,-1.8715962972223605,-1.4372938934857782,-1.4702601353018006
-10.576034294431986,-10.816770010233796,-10.941263294275442,-11.138309203740803,-11.532659459486132,-11.690999297209672,-11.723211816314853,-11.381966323307896,-12.379458082755658,-10.722702644894605,-9.979761545030009,-7.183366185871524,-3.9101995958984284,-5.669859768800778,-5.540882826070119,-4.904207005838116,-1.624113729889092,-3.066824566254319,-6.00804802021161,-5.299389068440068,-2.658136734574347,-3.0592933268354554,-3.628016213042363,-2.4799217710375743,-2.881626522172455,-1.9225898292357766,-0.7705029363276457,-1.1872254446659967,-0.5826783607129081,-1.183880627872774,-1.3526862444543313,-0.8341142992993444,-1.4993196212219237,-5.111444635086781
-10.36140783004627,-10.698202289744863,-10.610572761277133,-10.718977315419343,-10.336207658390679,-9.459383463969367,-10.123037125309185,-9.442186400993744,-11.050108841445565,-11.127717771530492,-7.063264399330781,-2.6685037249154697,-2.984190285925328,-6.803709376509658,-2.232832246236857,-1.6567527152062138,-4.596959931678954,-7.641522528556,-6.611741771143401,-3.363283864396599,-5.2509318128666,-3.270264450884156,-2.834643449815972,-3.682975318196044,-1.4644762032688077,-0.5815624144563412,-0.38436521902168946,-0.8651748331933384,-0.286460337542508,-1.2097254008390625,-2.270729881732579,-1.8854838690336377,-1.532364010728042,-6.778138094230093
-10.071172070579493,-10.60237451786961,-11.091364171886674,-10.987893726901689,-10.64449604596571,-9.441081392596658,-10.356011628657727,-9.748440902941756,-8.797999698377005,-3.3674365660168104,-3.0358066255830334,0.35805101381722776,-1.1506445146419992,-4.699525315341249,-3.1981446630467696,-2.1551821634570483,-6.084527086445099,-6.087190715058779,-6.583339291883927,-8.527267761379202,-11.775175609283435,-8.246154790274307,-4.458862049751788,-2.2594100067952936,-1.8134742989625685,-1.5565314514981705,-1.5868385848374558,-1.1394094944848172,-1.1313405300280834,-0.7179934456655025,-1.1912808201616547,-1.5283143902461942,-6.681224018754718,-7.880497157676512
-9.783475265157602,-10.2109640105939,-10.981570410178422,-10.112572590143786,-10.239497720749036,-8.992732683989649,-8.145064649256984,-7.50711126449943,-2.369664605492031,2.5684101886917006,0.24193485070727502,-1.142453977142321,-3.252580225462427,-5.454739512406852,-3.471514115663647,-6.381195198098969,-4.215245620896406,-6.03149763202516,-6.649544860411681,-6.012474128577114,-7.390619380920831,-3.0147084884372006,-2.5987537151288396,-1.980982826728834,-2.8319546856415165,-1.173775931169199,-1.439637515824529,-1.4081171753258435,-1.6875887018399183,-1.184273218297219,-1.668742833186519,-6.156200692424203,-7.191590623972959,-9.08577192609531
-9.907781296162913,-9.763623585953944,-10.319429683419413,-10.34610077677994,-9.37442359874506,-9.680411389429457,-5.003521640469207,-1.516973340434651,-3.2671178980366973,-1.1420468155804238,-4.158619036852944,-4.732554402486478,-2.5606524817478693,-6.506731852020065,-6.9662797155080005,-8.04579445563036,-5.273770984454601,-3.2982791673469913,-7.745455443118692,-3.1468246018095436,-4.0359898074442215,-3.9935879848204157,-3.951425699867433,-1.4039490438140954,-1.6498841705938077,-1.2896274246484403,-1.0004474841673194,-1.2436617113178121,-1.7835486340336248,-1.0972195994694165,-2.694313299266319,-6.760267543051088,-8.887987361960437,-9.014648502304768
-10.465475079397159,-10.02252963401682,-8.86755067374097,-10.48414311498515,-9.033108903073943,-5.2664899562019585,-4.443372436307158,-2.2008683565396066,-1.8897523588395018,-5.21947355991744,-3.2319196219210866,-9.616142088524308,-10.8689942650147,-11.029328977946447,-11.043777126512602,-5.652025147784495,-5.419165682523315,-10.011704830850855,-7.197063292224184,-7.55619043921382,-6.144954588126354,-3.6331914420542857,-1.6980552312247073,-3.573321738952391,-1.6334901655630818,-1.3932203787768858,-2.271673508213565,-2.3483987927285934,-1.6625836134102714,-1.7335703364673865,-5.746648686694923,-6.886224057076369,-9.25284464132816,-9.721848090140805
-10.928844057851526,-10.46729213294211,-10.791953407357024,-10.475020670415798,-5.947171687299046,-1.8591557297519117,-4.34192391956155,-2.2634914762985203,-3.470420064060453,-6.4743502906239065,-10.67097241210018,-9.675007083156858,-12.932546079409557,-13.43554069823247,-7.123111913189878,-5.800818504801588,-8.746373360510237,-7.66597272234747,-7.6875259543452,-5.86808972873014,-5.203882408998436,-4.029947012383096,-2.1315865845655035,-2.351154383830102,-2.34153574676077,-0.5772021152995283,-1.7462354142852474,-2.022164539523397,-1.2607944459628408,-3.16663327107273,-6.039537216011334,-8.356098782231523,-8.996947975438628,-9.962675709417086
-11.35146718346145,-11.125198227040483,-10.655471570141817,-10.314165433815038,-5.89102136967587,-9.764642863670574,-6.399107721771769,-1.900370018515913,-3.3764876043816585,-9.047527578227031,-8.503773979488377,-3.2637750659914895,-3.978024089039625,-3.080814341024818,-10.368390323850374,-4.43186552897227,-8.825880668529157,-6.537748533213026,-7.834988354803415,-5.25062927230477,-3.8590076319666005,-3.2846687975684388,-3.4298145926419075,-3.1088644826957386,-1.1617328066587214,-1.8735868722064606,-0.568460417067617,-0.9005825672308335,-0.9572438044310294,-4.341430490572951,-6.885633716400588,-8.786683748774468,-9.205092042039801,-10.06422087700882
-11.344984510556676,-11.545907435438556,-11.437495867395805,-10.723070596045225,-6.920618728296713,-1.3954788123361699,-2.739746205228465,-4.708018700746372,-7.683714947890778,-0.5397736412079468,-5.61608995024893,-12.2817172107723,-7.2647561965288565,-1.84589082903666,-5.696823695884624,-8.175986110189529,-3.934031074953364,-5.105665216900018,-5.107654025121853,-4.191089048156767,-2.85775722871412,-0.015166217182948012,-3.6084285753023626,-3.459673424301742,-1.564705392706649,-1.8627412204237652,-0.9840858985242492,-1.7331978233120164,-1.9273479444412025,-6.032983885715942,-7.251175182644169,-8.582776828952019,-9.47466943310883,-10.076633221909884
-10.749415217486364,-11.347996472749942,-11.208713863952722,-11.455757676694882,-3.2749330791490827,-0.5917973210057198,-7.016847844715515,0.454250735518704,-0.2608344884011087,-6.618596764114351,-4.443302332798851,-10.214089762594195,-9.4584886368506,-11.887584660232955,-3.6189238948437903,-3.3145198974879047,-7.532155296290577,-2.6033076227318364,-2.6218832014989895,-0.31251914660420377,-3.2663235195631035,-3.4379223147691054,-0.5220161686653345,-2.2522243003410347,-2.4404354818864378,-2.1140241812777534,-2.199012688911492,-2.250278548979572,-2.3968809688402373,-7.361763004979876,-9.280091081981292,-10.543823898718765,-11.76395489229774,-12.258068646480831
-10.062187705957742,-10.596454078495485,-11.034126494841935,-11.230134865476527,-4.993346745331639,-2.4542648439073322,-10.428097487601214,-4.359738651436604,-3.122779672467201,-2.660802505149505,-6.563993621096153,-14.700065603657105,-0.5445661568524716,-0.6787094900383641,-0.11552258106472835,-1.356824509108312,-1.1954696371205518,-2.434837529097983,-0.5797317562457558,-0.8307677674239874,-2.8554588048341674,-3.727219455194639,-2.3837372606087444,-2.785960724568562,-1.6726513604955602,-0.9621767668914224,-3.3342649989362587,-2.651550377138525,-2.8368574096128034,-7.272586139673317,-8.80154990069078,-10.277036422610227,-12.642933226274138,-12.212230242187628
-9.956571641593822,-10.106900670980501,-10.487726413651092,-10.446339009699326,-3.8834675066333055,-2.0410156851797563,-5.036117091014214,-2.834387836950574,-6.345243290216642,-10.728287207060504,-9.952049315446859,-9.32162588894138,-0.26569848776656524,-3.503132331567577,-2.785482475301675,-1.9149016129439214,-1.7198147139315338,-2.1120517881449845,-2.381245896790044,-2.6845863545026964,-3.4325502301270316,-1.5474131475302653,-1.1378957594855903,-3.392359636627608,-2.057518499967973,-2.5024828221482283,-1.0735476068975705,-2.8228431302331374,-2.8192391338577383,-9.402744175146674,-9.736502010297889,-10.734891868177757,-12.061443489545889,-14.113701244922266
-8.369692846014372,-8.48833693581178,-9.74895881722193,-10.604433721141715,-4.7915544473488865,-0.7601288635952533,-7.71455441444628,-1.8772905398409285,-4.625792335944471,-17.683373789039337,-5.596376248958676,-3.819042795209465,1.7865045116772078,-1.2932996347150925,-1.3049314643265333,-1.6069957257202334,-0.8695553269529448,-1.5726256334735145,-1.6123070960670722,-2.0505996426658735,-1.5982365468822455,-1.7126084529552223,-1.8331000801121664,-1.4416911591932098,-1.5570321474726831,-2.4140573660443976,-2.0612879551147394,-1.8083583856870882,-2.903846567457458,-2.4099670103635606,-5.795103119687809,-10.356428413125556,-10.13998696457643,-13.360704595652411
-7.378512716324925,-8.603939736964344,-9.326642013843985,-10.97560753968165,-3.6401478579671345,-0.9562865390502938,-2.798423574861227,-6.0136306891250655,-5.632637078325102,-9.245885258953123,-4.327023500732014,-4.283482348454667,-1.435198540248586,-1.1981803267684739,-0.9766215164610228,-1.3450167566097597,-2.1296749985124577,-1.2228097611638924,-0.01841125008224151,-0.9350527312481198,-2.584361195760975,-2.583183838627989,-2.168589046058671,-1.9779724418783236,-1.9766307813648056,-2.180545648076221,-2.868754622720907,-2.531284725357643,-1.7898495043328124,-1.5371417303395685,-2.149623520765941,-4.233543265423438,-11.201564686205765,-7.73097617637559
-9.26603903591491,-9.336586330711846,-10.772123240617425,-10.502075356268397,-6.925022903592383,-2.3215804334481622,-2.2345259274655493,-1.759296971918614,-9.863726372608905,-5.276102477348038,-5.366681739122517,-4.308204307389511,1.2545842829265932,-0.6669206722925772,0.43799889366327605,-1.2278077364020803,-1.8398260761289986,0.20525133793492217,-1.8586503133168777,-1.1665178801580438,-2.4774840232702,-2.072954175008657,-2.5475734996117483,-1.7780901158850448,-1.9833893777389877,-2.430492563993679,-1.803473814641459,-2.2556994146134763,-2.647229637625286,-3.7342050060027296,-2.904161363790064,-2.2965903793463522,-9.296186738614141,-12.429041611727856
-9.1283507509829,-8.851108736536917,-9.555322132364322,-10.29194213353684,-10.067013036819626,-3.6673130120181736,-2.3876324129696713,-1.9974726730508996,-5.080119959096865,0.07824712838406137,-3.7712538052424875,-3.2678252712444578,0.4708700473196501,-1.096867974090385,0.12053322128907928,-1.768341024103303,-2.1986051062676815,-0.5369023296479558,-1.0099102174235293,-0.8472630107415008,-2.8497053762661464,-1.9291896730441156,-2.3325016705071953,-1.940003751012652,-1.8469759781566004,-2.559404885846486,-2.1088620337942743,-2.769585649906924,-3.6574042346171343,-4.5283226874613725,-3.4787815219474933,-2.719926829903967,-1.6261709163968083,-7.5686323611598505
-10.352368038162558,-10.294105964303109,-9.90399460338175,-8.99177825501429,-9.629167546032692,-2.164937441691662,-3.862285284629478,-3.5910240092611394,-7.013250980008311,-5.938327705710859,0.887288634556662,-3.0618676209787217,-3.6449600335649763,-1.4415491769096207,-2.3808283441596827,-1.7213813520025019,-0.7805133212972358,-1.442995390803832,-1.1016199158543796,-2.061402552748549,-1.8579491168239375,-1.597022106268073,-1.912085653254961,-2.389845552559626,-0.7620307594344748,-1.232092679062104,-1.6225736216487054,-1.6570935776407305,-1.0837635517338933,-1.6710000028200764,-1.096472899124288,-1.179463045122781,-5.260837227649979,-6.7611363335025
-9.888861050180049,-9.511869184541679,-8.158762494274667,-7.999359655823545,-7.710533468843029,-3.6498282958596753,-2.6766361073096534,-6.022936816535912,-7.0775421298817776,-1.9289973461195051,-0.17370756316548866,-0.859496516497725,-3.58968625305414,-3.5572178918355752,-0.9909681254342326,-0.06002313379953276,-0.4014931523589248,-0.5406471333372436,-0.9248755273017758,-0.9492286156367211,0.042915816527443605,-0.9319461911997291,-1.748495343663072,-0.7022661413686471,-0.4119904921274059,-1.256147375449311,-1.899113387657131,-0.5543321732739012,-0.4948911068070467,-1.00596014287271,-1.6935540037879322,-1.418002504031551,-4.052074023006457,-5.758353590247229
