script/wind450m.json
{"header": {"parameterCategory": 2, "parameterNumber": 3, "lo1": 3.000054539987559, "la1": 64.9999836372058, "dx": 0.5, "dy": 0.25, "nx": 34, "ny": 52, "refTime": "2026-03-11T15:00:00.000Z"}, "data":
[rows 25 to 49 of 52, columns 0 to 33 of 34]
1.6277231799483642,2.72646206677323,1.5341801435897338,1.2469276640937614,0.059632709854377755,5.464270113775166,6.71399266167092,7.48947216239053,7.127889404901636,4.857386856184574,4.920869978978295,3.706514949546214,3.122100214268351,5.102235580559005,9.278114070382653,14.658135917220845,16.209842581843855,14.606718419547297,15.066600052092975,13.22550159757192,14.855484958553875,13.714378634274334,10.44055282707561,9.647829641528318,10.4590398850983,8.708610256953582,9.461879084338088,7.299529558006951,5.860184322985448,4.3040789849691485,5.180252464092459,4.604845115619515,6.872418287518707,7.68002339318274
1.8500720380991444,0.9557937116921299,0.3545427927719476,-0.41386287644248515,0.42462863538550627,3.340516300730031,4.856495199248163,4.745013611045142,4.781073402103896,5.374905639389026,3.1199263218299342,3.278361934912418,2.5994661702996535,7.0905486172579915,10.442695959174875,14.96234366706146,15.780813669022203,17.038576038637864,15.463419806029156,13.074337501043209,12.577596606828953,12.76418102519067,11.638386957184938,9.812639403744244,10.681154393519318,8.746517169480896,8.64646370708243,5.30643548677404,4.764506958235834,3.6623749766585116,5.253700403106914,6.231398309795104,6.273164412131873,7.24712833388307
0.004574471932723388,-1.0007447985619131,-1.0676443529815396,-1.911520643445889,1.1481734586229446,3.0910780634541686,2.593352092464655,3.8357536058319806,3.0444630873465974,3.9551050788285904,3.3847953564414888,3.9024157227958454,3.870994885041851,6.100263984928692,12.381538955929766,14.720283075493365,16.239877070975137,18.79464221948947,17.11529263302993,12.19713748868548,11.612204648134295,12.226303547181182,10.887449472619744,11.637433933455746,8.691324776034662,8.69892174245189,7.625818431193337,5.505592041955478,4.845697140553228,5.864681715763082,7.4003559137709,6.041106758938605,7.968687952602871,6.587420243799418
-0.8014107078935953,-1.0819908134496201,-1.8880640190378923,1.0895873758146946,1.6485215445594195,2.5331732067927475,2.9407960264744095,2.297183990600924,0.44100782736286487,0.3608561763891779,2.486361716229259,2.9179356183984155,3.8580992415163564,7.196129870818511,12.930192779899096,14.094277741411345,17.525714688156494,18.018504215813465,15.774518192121663,13.201463318973389,10.849779850244625,10.973072496263631,11.890429452331501,9.869717862009754,8.611120945246762,8.38601795831806,7.25276755308009,6.132287512517769,7.139510376244479,7.478117721566298,7.4616313610356855,7.922395402116954,8.340163941685352,8.580356283921882
0.052715290026351086,-0.5765943361025038,0.9798295125371288,1.8755832924654534,2.1020919324365286,1.9883267903929498,2.4986690489714944,1.985545241811642,0.12340219643303996,-0.6560163225528783,1.7796805422637934,3.3351551483552564,4.721327481594876,11.370019929872251,13.654111147776504,13.112317567495971,17.32941620589515,18.007891475059516,15.374312159739958,12.850239561278379,11.110627406099445,11.809961626495928,12.306761837647054,9.125562606362918,9.155189101373299,7.5365541403079535,7.266490492788497,6.693969176363315,7.386642816048227,7.246144353249296,8.311159518059153,8.56366463459965,8.427969505799815,7.689667216358083
-1.2273380329871981,1.6775255921017216,2.010445197990185,1.7714526659648413,2.1103393920023983,1.8514913020128314,1.1455852957466703,1.0642483644332212,-0.14940653495971112,-0.7602126617094871,0.6684874732786048,3.5316221675992705,8.091518454659429,11.311017249380152,11.44834360547697,13.309644099845134,16.71230702353978,16.17697632863357,15.873085647913161,12.809658106706062,10.654223879316271,9.839562557284134,11.023700659708114,9.324061358089395,8.45843378167484,8.385309178663881,7.121208746776835,6.783583743808785,7.948109633183079,7.3765309720365,7.152469318626652,7.5431429513625785,8.474991787020668,8.764168583971522
2.5769332795636344,2.626828348585423,2.3372855163297337,1.73915521877087,1.4735025920207931,1.2583040089421382,-0.12363277373711293,0.03310937125673238,-1.0129039592408107,-0.4330080568608258,0.7081354817495968,3.208069759413421,8.124144456818899,12.374068615795602,11.860045399155158,13.906150806973844,16.232763892005952,15.661228106122087,14.512570465453528,13.95570843060343,11.666018326796808,8.769891839395852,9.827530155072452,8.49437255234088,9.588040006313499,8.778980783349693,7.370835374445116,6.428153646573261,9.127322961550462,7.913711367033341,7.841888684188807,7.059268076702815,8.869945346912228,10.79395560842631
3.3781303321003304,3.023953341658519,1.758281328012178,1.7382412945234267,0.39163467305282074,0.1961960143819776,-0.7637251715404909,-0.25534229352516763,-1.4125071082686556,-0.5899962469908144,-0.02967541946059719,2.4353196752080737,9.365657924490618,10.707822955886641,10.410162653424747,13.79600491967952,14.61131678674984,15.637924721370972,14.761873234684694,14.042968738479981,11.712582469930641,8.731703265689989,8.854919139591061,7.694823862677725,9.419151600702925,8.269261309416283,6.850428703893241,8.489714265529518,8.907467330155676,7.584943234277411,6.9552894819449245,9.8992410478228,8.54330349672652,10.995518716431112
2.6556494246674975,2.725989347884251,1.4958900791452512,0.96428443302026,-0.0880965330277202,-0.8559458066010044,-0.9233086383942775,-1.4518064219312858,-1.6022655992217079,-0.18775861246302936,0.22971928212118994,1.1052759129898349,8.853097075938466,10.101444614203485,11.74582580766185,13.918801316819367,13.789634655945806,15.277114134411743,14.553204882602783,13.217164398008125,11.873208061364435,9.140135908419659,8.219195595651861,7.376490058201649,8.50316761061785,7.772753397591068,7.434018660881587,11.141889897970149,9.349892458303275,7.5067752325950305,7.942469522504097,9.950230298895969,10.015362561560043,9.920466759161632
1.649064726502193,2.167719528000083,0.8454982933614075,0.25734839441167284,-1.045224443850827,-1.3725275847806067,-1.714434580201336,-2.2695394199698504,-1.9406819617453284,-0.4183270678209904,-0.09310115489136306,1.943457362171217,7.961519111417433,9.879789126587637,11.416308848501167,13.526350383322663,15.912895225897852,13.951955842052238,13.73344242004523,12.586905716965388,10.895902052674034,9.905524243864788,9.103859064360545,8.037343340211992,7.843331768916985,8.869340376577231,9.667335954166383,10.620298633708272,9.379544887859181,7.422638172601874,9.69169670048587,9.199134322263587,9.112034241290049,7.948142511666116
0.4525388567264871,1.3769574512735485,0.8223652912775549,-1.012538665247123,-1.989718771990479,-2.3721343187878996,-2.895395992369795,-2.9520607058095694,-0.6319214424422532,-0.4225801342461858,0.292327715908511,1.0847739509121745,8.548003653600924,9.576211406788373,11.927255089799381,14.100003279778104,15.433791156303919,14.66945143977256,11.9363746212886,10.504077302808922,12.055478783296497,11.979801852658442,9.002982305355712,6.694341619258347,7.128317093542102,8.865416251305826,7.983933765545463,9.150232387175368,9.058897600300394,7.324240394123969,9.110977791275932,10.03124939083236,8.135663098693103,5.5937659328711735
-0.10013751593510539,0.1950210245304468,-0.29237539066614177,-1.5997290406029367,-2.9154893609202026,-3.714399054144498,-4.531434088040213,-3.3914903318684786,-1.5932883208507698,-1.071082783873857,0.14320936176423882,-0.06150051490910577,7.465790356906678,9.76810253025735,12.124346971577888,14.920018857160455,13.650339381495128,12.153219270403364,11.972117222071615,10.000463226311467,12.040576012022568,11.868450316204365,8.081688157027294,9.031758100117532,9.413629902069054,8.40486782177995,8.26232658235357,8.892530991754901,9.010391732646072,7.068152101671635,7.951039303230956,9.20486582927674,6.728339410179213,6.637415687702137
-0.2117040567590301,-1.190606231822949,-1.554423015060992,-2.1053378195253707,-3.9661685493872767,-5.500335374498384,-4.412446337588777,-2.001632608202371,-1.659073292694123,-1.1272662759241387,0.16585637461944838,2.5017396531523386,7.771269134683966,10.731003533111474,13.403937482628129,14.301284456725913,12.97149481980709,12.649589310329493,11.322404723710276,10.456014257247729,13.40662792648101,10.878042923280404,11.039421668127844,8.946288259177232,7.663846132069179,7.395529142031635,7.647703054316628,8.656831757477926,8.722235764982138,7.196851323467721,7.909130221713818,7.8084437352584235,8.649076920447355,7.046219213272059
-0.6962173406732729,-1.0752792132224258,-3.2355679221282907,-3.461772793255129,-4.916222005570785,-4.752370844474763,-3.075688834488864,-2.454008847856392,-1.732587727395414,-0.5734583818853458,-0.9659391290178362,2.324166741392906,8.356388034240808,11.246961000487243,14.059282858889151,13.442794003093159,12.684297371554267,13.36910230672618,10.89545610702408,11.220885777850748,12.215984464100268,11.885716808258866,12.172014683741446,10.716422365148135,9.253512847454571,8.645393466027295,8.532698491948091,9.207872416757246,7.355387695247312,7.010268479332494,8.087249578640238,8.517020766746116,6.118966339293948,6.307974531429332
-1.0634780334880145,-2.4330803140769297,-3.298930390993318,-5.38147393611795,-5.604294739597814,-2.645498699094017,-2.936734254182432,-2.7768399753071313,-1.9069777023068408,-0.2595717246316712,-1.609158058184965,3.0555942414617254,10.14112820200974,12.407904724309399,12.921108811667233,13.47229176931385,11.992053289178093,11.381553622010433,11.910908401962915,11.408276457221655,11.776790818131433,12.047827301409173,11.69831447004304,12.221889451720847,11.382490153310616,10.046281206739778,8.46073418993123,9.046535365672263,7.516688986406236,7.11585146140686,7.457761235277985,6.983860613322903,6.238678767067735,7.975954557394935
-1.951606623253617,-3.0449831637206244,-3.542596284654767,-5.8204599358870155,-3.9735070930125267,-4.48398263845582,-4.871610282463159,-3.9627131095421237,-2.2951387225522084,-0.802258530165437,0.27700865902510374,4.412854254477612,12.663368951363728,12.912892209679491,12.710419549935049,12.15940883081359,9.757511739405686,11.155133559939737,12.746009800422438,10.815054990412015,11.378237374226524,10.18705177455305,13.780754528957326,13.471743307508598,12.345886325141382,10.026470080476521,9.689261567961447,9.156524001443342,8.02473290245338,6.498730120203304,6.672002805609125,6.663316078158512,7.664318648274124,7.930723634249926
-2.2890076118626865,-3.2980529405946104,-4.871267097244425,-4.768860797623939,-5.736717454298025,-5.490478872279592,-4.474738910295417,-4.151476035599366,-3.7688139990513463,-1.5273748285366828,0.9877592298679315,8.206417324674545,13.236100784308228,12.917267104829582,13.117992098717831,11.522449436903758,11.52903620425567,12.40044123674838,12.408220023665084,10.312857637865593,10.057741979551842,10.676113859263054,13.111720022145267,14.879698551310478,14.045155821689827,11.243145641541297,10.951406289998488,9.32911132477314,8.583423396085045,6.921239642745239,7.181968156485947,7.10977552636299,10.361326555132806,8.887793087993085
-1.918052349687431,-3.8042956078306065,-3.9187311030010683,-4.988962711483663,-6.012553014413308,-5.415144270982961,-3.888337983265252,-3.864415127105727,-4.159233056983154,-1.5439403723441532,4.508691228319642,10.715148378672838,12.707292551592772,12.167605718089495,11.345428766820124,11.04586886865924,10.928162754722548,12.250892451318203,12.273763497579468,11.251445592176507,11.249684982507874,10.887367632223638,10.181268621402344,15.590533177915404,14.788457476113901,12.572052208034064,10.933472768410653,8.52871172104805,7.563831942736235,7.446787610418285,6.727133445475368,6.280655362644986,8.526418848747788,6.4403731847820875
-2.242928026038188,-4.137939880569583,-4.871810818121091,-5.766789194264972,-5.694764674605885,-6.189246010241141,-5.3209792322698535,-4.08956235712636,-3.943266497951819,-2.3993562383047706,9.482855510544193,10.913075115768551,13.670114017641033,12.909988632900737,11.013657907235851,10.407447373763588,11.21540784151701,10.97204698706253,9.941956785960516,8.288873627234029,11.878176433943688,11.02693612922013,12.718288323224003,15.012703645701865,12.97629199917576,12.259255429820252,10.294556687765501,8.475784589629601,8.159425391929744,8.441828395661316,7.709246852035772,8.052972696363584,5.582838768082457,9.419837981062301
-2.615880815664056,-4.0573312839358815,-5.294363413157738,-7.060382220616212,-6.608067469784006,-6.403907641477761,-4.282731370264665,-3.0012261389942867,-3.6578582433152915,7.376255451940198,11.709790706307853,11.535645983509774,12.737958320377084,11.581529751620964,9.836524217654246,11.020601179640623,12.08537078954854,6.251818427467742,13.582283464324716,14.633688900346424,16.65018859534291,11.324757355381799,12.282217311245455,13.729679316626873,10.652536977635117,11.007303720004932,10.385711865982488,9.210386570156597,8.374319265868943,8.245805454494242,10.053527044876375,7.1298221782335975,9.734620869615,10.364625533260357
-3.3557275058371343,-4.826086442265477,-4.862938978185226,-7.3770888977708395,-7.596674258912239,-6.098475625217663,-5.153895236201856,-3.872886607044486,0.26130529132166985,10.51988795604215,11.969930057336889,11.47731100408944,11.183635560664447,10.322895776421088,9.198021084342056,12.905173676497782,11.630841837852213,10.9493615615377,11.790397598830648,11.854317406197751,12.992196889644815,11.66257393195149,11.58886754890382,11.99671970260836,9.836553949143624,10.459986528992735,9.524916346615084,9.347301611930432,9.280084002349671,10.308796711851592,8.910975448454126,8.185930067362715,9.270603225071245,9.973906720387847
-3.8232251985032257,-3.698197327544211,-5.062191395402391,-6.600631805366033,-7.234318484775488,-5.544053754881784,-4.6208199148796645,-4.633726749645905,0.8602210600287852,11.943156857466107,12.335534029883199,11.045693944409376,11.51054115525017,11.127936015815406,9.223279727522211,11.87038971845873,11.02397869399367,11.810186164312947,12.479275172328489,11.623882409206598,11.190931976974252,11.293210672829899,12.043254339713013,11.041972234241838,10.610054946564086,9.356510843138258,9.015241306934803,8.216781962539464,8.015633705189172,8.579852332864041,7.690955439539409,2.9852264540262694,8.018086499491924,9.689758087844698
-3.512859356285151,-3.222754064546046,-4.526810545221328,-6.622313048985181,-6.514169204948619,-5.941567114409043,-5.755260203165334,-3.0634580922106305,7.668149521215995,10.554606303803036,10.924419994020964,12.32853728606939,10.307743750186916,11.190561500152336,11.196201652279987,13.337626306909453,9.869382568648865,12.659817523885742,11.889482192287714,5.454645220328147,11.673470159185777,10.646622612754747,11.083090187834433,10.380360618807707,9.621005396444591,8.286668129552233,7.005500364534244,8.543012942288703,8.657834122027788,8.890881019364183,6.247558124053898,5.002609659686942,8.817450266129189,8.867113269829481
-3.2366060408089137,-2.940958059199097,-4.666667939280812,-5.5096337779597615,-6.1383931010120465,-6.538975951707031,-3.814649654914874,-2.196578683094697,8.22448838949941,10.727626872763645,11.456988107326662,12.272194839245598,12.203882981468304,10.175637717195984,7.544773783227543,11.855082340963254,9.978751309776603,12.130385095600166,10.706687484460296,6.694547706621833,12.290876859422147,10.34335320691913,11.115044422935764,9.612564897283262,9.124962974972622,7.9935098861340546,6.758946530414832,8.456980986636141,7.633933029571698,6.5114481268550914,3.826058735677502,5.142282527206092,8.6236531657696,8.479182784670583
-2.772430498394469,-4.283071826835785,-5.026688945900224,-6.035690237753714,-6.63995005579186,-7.982626595057318,-6.220868740511471,-2.8247217998130294,8.50888220052938,10.216287230241376,11.52650378575634,12.689113570052058,12.441608403990466,10.633317750091653,10.531112873876575,13.273861298108532,12.48725636553665,11.123501956125109,12.123680079330873,12.269828127042828,11.213142888630331,11.038793287986724,8.723649894302941,9.789944179713524,9.086729821099075,7.769496442782223,9.422340798619436,10.651619590631743,8.220334567684883,6.425046508501839,3.0174244778575092,5.3934997878328135,7.750332562451721,7.609948776535785
