script/wind10m.json
{"header": {"parameterCategory": 2, "parameterNumber": 2, "lo1": 3.000054539987559, "la1": 64.9999836372058, "dx": 0.5, "dy": 0.25, "nx": 34, "ny": 52, "refTime": "2026-07-03T00:00:00.000Z"}, "data":
[rows 0 to 24 of 52, columns 0 to 33 of 34]
-1.4583118486371294,-1.89028861212482,-3.7168532952139257,-3.5943793939559505,-3.9505967141568377,-3.4019813449530614,-4.9464193294479895,-3.430823152464527,-4.005193809186675,-4.068438422314458,-3.6656757474833173,-3.711349109575302,-3.1531386685936735,-3.5102088609380195,-2.9524154493338703,-4.320137467578494,-3.937978271936523,-2.9169452713290127,-2.1760207288496995,-4.294126510549223,-1.752347562987069,-0.83670556659765,-3.193980805124249,-2.924334286770231,-1.2083189197576458,-0.8622926649146307,-1.451313461387139,-1.5448645563747805,0.30974466882239493,-0.8559617735708523,-0.5342548338665162,-1.0432506622637718,-0.878780750809882,0.44798052737594923
-1.2603015302797966,-1.8222232800682505,-3.2537760697116562,-2.5448666403830074,-3.6725248277834135,-3.34625877690739,-4.1734681673352245,-3.704835692337979,-4.026091240632643,-3.829927503592643,-3.450239403808867,-3.014796575129083,-2.5313100992679156,-2.4033303807498987,-2.8495135423543543,-2.578891076465103,-1.9610223184915436,-1.5954023490212543,-3.2031707949818924,-3.486906153402823,-2.3891382042460165,-2.3004035041734037,-0.7976983436777704,-3.1360748112064756,-0.28754343425792994,-0.8970018308156714,0.2812020029448929,-1.6851524053301283,-1.4659927980502472,0.8383439881343183,0.2828352316127318,-0.7244777134907697,0.15999135723964686,-1.008404450773367
-0.45757048145817225,-1.5134993684328408,-2.4029975823550243,-2.164992120757386,-2.6173010135759895,-3.4529490326329904,-3.671404536840381,-3.4297214315513695,-3.796719686394227,-2.9094902176670088,-2.951111164904623,-2.8082881754129505,-1.1191190576303884,1.229066322424456,-1.206847567200322,-2.5204980170704054,-0.9121812150533376,-1.6288457899573139,-1.6741488003554827,-2.2241772607617705,-2.685736944254453,-0.7609812731499278,-2.7408888355300434,-1.7073173345595802,-1.4368353642725746,-0.5838610203099165,-1.5611940857456155,-0.4616580262046864,-1.312580438891057,-1.358246920046798,-0.29413679296603434,-0.6642478390101092,0.21057206596258288,-1.7897732257382852
0.5640157840107796,-0.9623103578887041,-1.5425259828224527,-0.9520289819372553,-1.7315330408922072,-2.8630432808984403,-3.2881101281355507,-3.6214540696062154,-3.2657759711360597,-2.6027022833078584,-2.537161412850886,-1.0399585352074125,0.5436744918294667,1.2387690758532,-1.740396674173499,-0.4000249650967792,-1.5402365680350187,-1.2061918010602626,-2.265634234495257,-0.613265196648585,-2.047840502645064,-1.0573895772344812,-3.0305395719734936,-1.1161265819859516,-1.0742148267733163,-1.2687707178622547,0.0542279126693722,-1.2696907787022793,-1.3757181990988776,-1.094286805988417,-0.5416193957491799,0.5007045711274359,0.3548860010470155,-1.3673637535792318
1.6574740409066333,0.2695700686279161,-0.12230563971897157,-0.014835242374599556,-1.1083949718795028,-2.175662538090234,-2.776341731381462,-2.8972875776383233,-2.445791861861539,-1.9895761744550016,-1.4485192025707045,-0.6074311610894377,-1.1333460684162835,0.7850024262848843,-0.954331131935313,-1.2500610720757843,-0.37258519704312365,-1.5481798614878273,-0.5542030310315436,-1.776120122995487,-1.2462809117529512,-0.8763285397821466,-1.0143572242643106,-1.3940451760310455,-0.9691289482328885,-1.5979074951315602,-1.394301465876313,-1.5756623910119327,-1.4141662072459016,-0.4682515716316758,-0.1095338559028828,-1.8458946685067807,0.6498293293986309,0.4510706955966654
3.3277528436411603,1.2024933832645666,0.8751080915173995,1.2324921488547727,-0.18871058195623436,-1.0734430588373374,-1.6547475321614926,-1.6445373782471961,-1.2323443720373952,-0.42019217778602663,-1.8859766479366795,0.784234240909896,-3.6945514578082657,-0.674934193337424,-0.8123367325406703,-0.025599102194378675,0.039446076872965745,-1.8802289783491493,-1.9740267913000416,-2.040365222394281,-0.6355078466309368,-1.269841125413916,-0.19679434905331583,-0.7579864304914977,-1.2826605513784934,-1.2562640989160274,-1.3000522254634925,-1.6422197110367298,-1.1786831543545213,-1.5405549313070181,-1.0093771441074615,-0.16067035094190282,0.10757315024485742,-0.0957787793640384
5.365818905920748,2.61170325748037,2.316102483786523,2.216734609478768,1.21582173527699,0.15555081015253988,-0.13164402367616754,-0.12414861434399481,0.5129198124892264,0.8773944266332404,1.6718741558764283,2.7864314323452435,1.7858244853755199,1.3356912317402212,-1.7673970990648513,-2.7461596888250996,-0.1212080942847279,-1.6885154153053836,-2.0451108998627765,-1.181583608944012,-0.587955754858357,0.2631665896797101,-0.3459142997422718,-1.2914849476810921,-1.602509144394472,-0.49306404851300734,-1.1697920544658207,-1.3075546870199075,-0.8349167572463577,-1.2326611985421168,-0.453585637582612,-0.7478393579521564,-0.5039901769821302,-1.3076642970678867
6.099834539971181,4.192179846950934,3.4211025100293915,2.8433566123468954,2.1898208986844865,1.9597304133079956,1.357477303199911,1.5249979889766854,1.4467966011991775,1.9898173180259813,3.438478552443131,-0.3780193617555173,-0.7312145746282176,2.279080885496525,-0.298724575188276,-0.5244320206184607,0.18759104756765776,0.18135550360966995,-0.4779347425448033,-0.34761155040561414,-1.2253918159334176,-0.685021261835163,0.9242220234268693,-1.9076770248997514,-1.4852972868676801,-1.3428934527418157,-1.3728926965274404,-1.3044906590999081,-1.139073611434547,0.19289210160831627,-0.5812390938278371,0.23124451728655188,-0.5157220864122731,-3.7173512276487815
6.435095485896079,6.197385445581325,4.092096152799469,3.2408482657625814,3.378238180902538,2.586412831367521,2.5196344332654688,3.263089755106016,1.714580290350533,2.7986469710321713,1.5200592283859087,0.3845985384399618,1.0254989596036774,0.68538611472552,0.1660286149565713,-0.734729149527904,-1.1635918804159766,0.16578786707389348,-1.5356072478499938,-1.8869931929467119,-1.1968701061626403,-0.9016716747650316,0.6663004866117906,0.057342198866892,-1.316049420866584,-1.5956964582372875,-1.0865053250797292,-1.0949439065777713,-1.1839876872679251,-0.7254875220609895,-1.1778426725851414,-0.8311293761765695,-1.9139340641755664,-3.258545259509819
6.431215187753785,6.8410671827511615,5.01711763714661,4.544332405625914,4.061372701750127,3.5208387487306507,3.776288811876167,2.346541668789628,2.1689883770864538,1.519411240966253,0.4031071792454477,-0.12530097364928344,1.8167648643663636,0.11662737697291306,-1.0936382231368016,-0.21291064114138233,-0.10678956351799992,-2.852792268143102,-2.5978995463424,-0.8633561401150361,-1.3465193566926983,-0.783751920396975,0.3935980605086194,-0.4794071249552325,-0.7737189282698329,-1.7163392343597572,-1.1031328655840538,-1.4552426386421529,-1.3393367147535722,-0.9594909172942611,0.06550850721371589,-2.3644325994395285,-1.4670949249059635,-2.207264689185526
6.912493887852332,7.309520425224601,6.022374351002734,4.835776976543167,4.039458840444919,3.633669088991729,3.1904686218533738,2.8946680554015263,4.665690410432496,-0.7208441813721559,3.600735874883182,-1.2968893129938774,0.2732201780603615,2.9404492194230225,1.3996735949599244,-0.39375573817254683,-0.051960320271491375,-0.6749872332522068,-2.9562545311064716,-0.007460385510001025,-1.0126424355147086,-0.3099799637407146,-0.5802430257464372,-1.3203927438202772,-1.76260816007937,-1.3419829704023978,-1.5576472453813404,-1.8443152406840744,-0.3364379878220091,-1.0354300702674175,-2.430015424492525,-2.4179183046341346,-2.0713171793593474,-2.108810400839846
7.31459251010602,7.418921472962726,6.524591988972423,4.969533593496969,3.6130146165446955,2.067834927491118,1.6350662480763076,1.455743748248919,-2.4141593709894598,-0.5855849683679673,0.7197342657339896,1.2809769910830942,0.09874769068298322,0.25491475639795497,1.2989628107010964,0.9455180432883815,0.4716551361981032,1.9511989325165675,-0.052745010202249275,-1.4500418699774262,-0.5267051193929808,-0.7314533711383678,0.32282780172464903,-0.705846786338822,-0.03889136840199034,-1.3442721376974494,-1.0160330476478685,-1.5247211686593694,-0.775842373875479,-1.2060619752740158,-3.733036934274776,-2.359287389828452,-2.0028954917243667,-2.0708157593018806
7.8522789991681154,7.229609573899405,7.02161305706835,5.076195861024832,2.1048941165574204,1.6136305715613406,1.4229465508615293,2.331364416095129,1.7172269513384701,3.0131787311296767,1.91223240386418,1.792535344992187,0.9258008649243329,1.4123822180523538,-0.8160251119118315,0.8402466252403379,0.9741941529726987,0.7537645189642407,0.13248169756797934,-0.28773344570126186,-0.9625116854697511,-0.4493930908921231,-1.2843429165930262,-1.0462597149676507,-1.2183534421857642,-1.6278033195316444,-1.6330484960185396,-1.7288125097337228,-1.199282946474688,-2.2750550407381422,-5.125914242914007,-4.306083189851711,-2.572629423138623,-2.5329781572525043
7.603850151861136,7.3359021528036275,7.271218497575382,5.5775791577696365,2.3153177366355338,3.1318789047538726,2.6878654642261908,0.46390962582368944,0.3791901061762874,1.7825683020370393,-0.5313735584002647,2.0084878470204863,0.6201070263429446,0.22802849004432474,0.13175678130595503,0.3011741489126703,0.061557723781453466,-0.4949863815891995,-0.06698762956349114,-0.6792293735902325,0.3891655984659202,-1.3301783968077496,-1.321180414222252,-1.2203902944806801,-0.9312792706792671,-1.9250737572055345,-1.4776775677897633,-1.8452250260158,-1.0862864709306772,-3.021032883948098,-5.102851077243388,-6.818893731269498,-4.795231701039329,-3.155234368123555
8.087560377631755,7.369490828639195,7.163926120514141,6.868814339873452,4.406668251621671,2.078052799998774,-0.05615059621851656,5.062757921420386,-0.38072131854200203,0.834036791816081,0.9533304125751524,-0.7079631298123703,1.223855438363434,-0.156034423588865,0.9704210839139408,-1.3971987515762407,0.2173560456859227,-0.27245700969072334,0.020470596149473105,0.30795843362834774,0.22390566929518468,-0.17234047042840928,-1.1761312653001956,-1.620894256304117,-1.6196031862461724,-2.2647942892159434,-1.5105921184677331,-1.7729736121193973,-0.19999888779415131,-3.3229364829864263,-6.086158281879606,-5.907708537613438,-4.587219608655224,-4.249377621011142
8.046646640602525,7.594689728259877,7.098551322279318,7.324666837858963,2.924089938541924,2.3919914130590203,3.706192126938525,-0.3523223011812182,0.5140938748531402,2.0504515536831307,2.774596206207508,4.0280890025891,-0.3412847030394889,-0.36723336410700175,1.7626903336256754,-2.363387607688816,-0.25951571297268283,0.36221890025250203,0.21683075659836662,-0.494287188202991,-1.2354261765186365,-0.9691284057416444,0.30291535760111465,-0.19299360122894882,-0.9134204462902041,-1.9229688365276683,-1.908985262388668,-1.2870816945856507,-0.43928089045468194,-6.320818966816901,-7.995484057214779,-6.308809060836607,-4.694632933699174,-4.981228685624975
8.285737772835018,7.234406233664591,7.527414091063917,6.892522753705509,2.965670365137655,3.7158843340771157,5.346284858483808,0.873141961026264,-1.4732464173968955,-0.02791235148083111,3.464145786542222,3.9127549809654254,0.2969449676371152,1.1515143756430737,0.8565538608911933,1.500234911728181,-2.005664413896206,0.18123006039867035,-1.1469116683140885,-0.44740803947153557,0.13679188053076208,-1.9898002498054106,-1.5359271259961038,-1.2534794794495472,-1.6440657687109406,-1.5517283820093721,-1.5209256865919807,-1.1940766348398482,-0.8512175537633446,-6.601628176246985,-7.76823951412131,-7.05959358122251,-6.107471851167751,-4.902674589878286
8.906356316454952,7.153489200472572,7.690524634903774,7.312157092319923,3.4275997856260942,3.1490984127461057,3.446432809961579,0.18594228545737337,3.438031264242558,3.3519839594025806,1.9406494231073093,2.3544129298454135,-0.3257137438227323,0.41214155390983903,0.6875191304623153,0.25009001426798616,1.8824632486861506,-0.5084613510542145,-1.178185639621217,-2.030783050175678,-1.937105508509722,-0.8587896939401222,-0.8656715031763667,-2.6153288494085327,-1.7314755293063038,-1.629179059336875,-1.35147490077012,0.253484372047508,-0.5057843332410871,-4.67684720693064,-5.557277568042011,-3.9369613429839907,-3.269852923807902,-3.3694247218922486
9.57685669285756,6.4000665645529455,8.044236435886015,7.507952023828222,4.355420042760946,2.2809191366752777,3.410194356240158,1.8646250774344288,2.667109060505151,3.4940217900974675,2.057448320056948,2.220461870365039,1.85322438691502,-0.07931809170323381,2.1322371607953357,-0.7260214168749443,-0.3556434795430605,-0.7361367065000006,0.44182404467416536,-1.7032487591807728,-0.7137125377265336,-2.506393247714102,-2.070083171572201,-2.103225237641989,-1.4847255913479624,-1.0466215298877164,-1.7085142424130235,0.3091299596173356,-0.5133133106537171,-0.10898277118444105,-1.7793285986983414,1.628037279975418,-2.1168358599387256,1.6807609271984632
9.832086291385568,8.267313213803549,7.863370730432418,7.600116775106342,3.924926498355348,3.3659381833050595,-0.5373741432944296,6.440553491598092,4.7901631960452855,3.775142896440218,4.1686430734336595,4.2804682318094445,0.7906039150708875,0.9885904696479096,-0.09891736178494957,0.45674838109303745,0.5510863651462239,0.03458561844431551,-0.21080018876016365,-1.5340735318514893,-0.6205657197717681,-1.8641232296775943,-2.4807647336174314,-1.9716164962164726,-1.7551056827591822,-1.0030047974344856,-1.3128304399469284,-0.9748094285264455,-0.4064106152710309,-1.2666842014281499,-1.0347233186485427,-1.7923417210685393,-5.132527372396248,0.07040533505010083
10.72886551557791,10.40012605631876,8.697152681427784,7.661834287534365,7.941709724225903,3.4333464235570417,1.7435281936321814,1.8979716468478949,4.2728110127028245,3.060497562546154,3.3047746598761756,4.333782901097557,1.4452973098466566,0.19658318591675505,1.3915706743932785,0.31004119609463954,0.2007112260978198,0.03978514094734622,-0.5870274139892404,-1.7947454031419343,-1.2597658176344009,-0.7943292235814378,-2.2844353496935597,-1.8116578916537378,-1.809781300213559,-1.7829021157258136,-1.5357691755155798,-0.4837139314252796,-0.4756283612202412,-1.4074684970929057,-1.2791997835531324,-0.968863849032955,-3.5201377874017767,1.8109397282587183
11.603623607441971,11.130315293237254,11.138445965692197,9.068007015775212,8.233898441399019,6.89763456042444,3.052840590264427,1.6024670496432043,5.210413015769159,2.872767852086207,4.092299485531542,3.833471833634143,-0.121205070025835,2.0896518765002,2.376882421913279,2.2049276616426114,0.6817084262846355,0.5007114797987493,0.4178183445748249,-0.5891324013954135,-1.3047105620555806,-1.018350450510085,-2.0097688312984827,-1.5534537400943773,-1.4474063250276912,-1.8441181733380738,-1.366039285568605,-1.130823532442362,-0.9179048737056998,-1.7759615074437105,-0.8914279982028909,-1.3210736926528166,-0.07801905916705776,-0.6749892732841754
11.61663232929633,11.481337793118175,11.660029935352911,11.569042900320847,8.513799808704603,4.514073498330343,3.5104915125876013,2.543121956766773,7.448234508936525,7.450491020809368,-0.37888807420916376,2.295728279530269,2.3137389041957186,1.0531912582424172,1.7574603165769542,2.59573888022775,1.112550516262162,1.3897714397827814,0.6062140282823313,1.0861613959973588,-0.7525924964067472,-0.26403036634697996,-0.9076654985964022,-0.9041721457009234,-1.1153051461151078,-1.978707625750829,-2.215243815849496,-2.92442919440508,-1.5659789193453115,-0.7325982575163292,-0.7258290955345136,-0.9966509464699915,0.16217388349361567,0.569708849573539
12.06939478334002,12.309075086108196,12.593017561126544,12.492660980587846,10.910630981487627,7.086111152297769,2.7247129725263677,5.818045454601979,7.529991636388504,2.265850538253455,1.7424493116465636,0.6816110166835647,2.6703276515234102,1.5159340363474163,1.6621274609041867,3.8811588740584377,1.5305244017793806,1.4255231433305635,0.24398877189110169,-0.4883265409909274,0.6738708564297444,2.208729601248493,4.115369359058173,0.630948872313426,-0.15263369051382883,-0.7387693974307927,-3.0993370655596784,-1.3814968697199907,-0.9137118668784904,-1.4732053812044448,-1.8775032762732888,-1.0388155846182618,-2.2852564565655715,-2.9983475986499477
12.36647189016565,12.216126161112836,12.647952073828689,12.416568324196561,11.701719983956577,9.104231233629879,4.813849047703543,9.994857246473543,8.444332307759934,3.3940923894662545,3.492170287900482,1.351238122014702,1.2649971973665262,1.4283069009039788,2.656774208465852,4.864450596918734,1.91952163597464,1.6320005571271292,0.8405968491469934,0.6049908372632629,2.6632733234640984,2.625776449578113,1.193638266891564,1.646453431270077,0.6316037543175447,0.7792270306119671,-0.3885789442842014,-0.6914525397110673,-0.02767878027064108,-1.0642250134686209,-1.4204091877575697,-3.7557619868503767,-4.432844606624198,-0.877912038127505
