script/wind50m.json
{"header": {"parameterCategory": 2, "parameterNumber": 3, "lo1": 3.000054539987559, "la1": 64.9999836372058, "dx": 0.5, "dy": 0.25, "nx": 34, "ny": 52, "refTime": "2026-04-09T04:00:00.000Z"}, "data":
[rows 25 to 49 of 52, columns 0 to 33 of 34]
14.853997762376137,15.323201316074496,14.433192440900756,13.20752081405625,13.262182073220542,9.080860447100815,8.131242536569648,3.4212118079198106,3.534851573025892,1.196545997375554,1.7986067749070982,-0.7995053677643673,-0.7369554650946499,1.019568284839759,-2.8821586504580696,1.2795996193792698,2.51377232872587,2.490588854815046,2.28228318345107,1.5251439955074224,2.054777148092021,2.65229035354012,1.18629372807869,2.125779840821092,2.3098050295609753,-1.864886070213053,-1.0357381749507084,-2.08369915039854,-2.8166484090457464,-3.1883782975994337,-3.9901168151237956,-3.2762450826172733,-2.3604729291091533,-2.9010186696920663
14.508916800564048,14.399232324022828,14.284667179739126,13.033561828455062,13.14197503899772,11.118064633121394,4.022602914519292,2.482859442208739,0.8894062533663761,0.07274761989405983,-1.36732536527063,-1.0811141803053526,-1.2909111765268437,-2.0564630419378154,-4.380212249537721,1.2712529370779189,4.864182824699125,2.777487156079038,0.7404881848023582,1.9608113056703056,3.8396828170667545,3.222854419683346,1.5982115554359786,2.3176651104908914,1.2184989687935333,-0.10643489254330878,-1.7438233360715072,-2.0891712884082443,-2.6944834435587226,-3.8315544548283484,-4.285624373475301,-2.99394522540581,-3.0830797677721393,-2.8842115650580884
14.072188349414184,13.708069917025512,13.265645624566272,12.657275111253123,12.302691619100047,8.683535246208375,7.25977953027963,1.5066899732588248,0.7235898074092172,-0.12633802885777926,-0.1175177283410806,-0.01909582072398548,0.8208110325374112,-2.334576731230097,-2.5385569498204674,-0.31608168692588484,3.9885567926251975,2.4977771979163386,3.969510984493938,3.3247348545787645,4.527681985898841,4.579939975156667,2.6155301576307775,3.08595708927928,3.8403402380253726,0.44544378718173483,-2.2352687479867845,-3.335329691264147,-2.9560218534511264,-3.657553222178636,-2.997053215430017,-2.1695455260632293,-2.7648881141188566,-3.113130970273221
13.272571030593712,13.568582271696023,12.906401974102877,12.788815923314418,11.707647213710583,10.89848597626689,7.038284142071187,4.407014085595693,0.685374698174868,-0.8572080372292096,6.760050622715749,6.166928118210928,4.329398517678211,1.5372684226614821,-0.4404288540613835,-0.8610144888653569,5.678003717410541,4.607638063880103,4.848208616364542,3.9905368317839196,4.879659653278261,4.3727787529449165,2.622745456277685,3.2154829355603316,3.0569151885011463,0.0018526257296961849,-3.3595146578108386,-4.158237027855893,-3.591588533325304,-3.598837099562605,-3.044709468470813,-2.2035829508166973,-3.0741614934790795,-4.094641546753332
11.83123178741745,12.05599378563191,12.519020786298663,11.585475089764934,11.280540761717074,11.139330341463419,9.516694654555144,7.372212688910592,5.7902270608440425,6.339552872836435,5.3973910602669894,5.848313854449394,5.102490520699284,5.933140397034785,4.036543262836995,4.193416914569444,2.858359917182633,6.164584449063701,2.791439964543331,2.964701949652056,5.814378336236074,5.7011261449935375,4.113933120920347,2.8723166602185035,2.0304165316013854,-1.0105432516993764,-3.9492814670205214,-4.493141220522277,-3.773838121655606,-3.7710203612878987,-2.8382029664751576,-2.475925521356135,-4.178189244712044,-4.475484345538238
12.683800488947819,12.595478518310648,12.576052704726209,12.283780484151755,11.311706770387499,11.13245240829231,9.913668743686731,8.342370976534886,6.1381385087272164,5.39756113435233,5.3546193858945745,5.217607001949988,5.332521094320717,5.615287538458331,4.709642791976336,4.192492600571915,3.4259546671741288,5.619063391940602,2.06561703685157,1.527807583184523,2.4230183942351484,3.67288572154797,2.6791239514642387,1.3061659565497445,0.5323642421799715,-2.5095399257045323,-4.210329883529206,-4.823954191694001,-4.1049316583479145,-3.8015058646016713,-3.56261783131614,-4.406066663340737,-4.810736587780326,-5.011654329885239
13.126116797399074,12.551330038459364,12.436673616726571,12.198701575496404,10.87371697597525,10.703545066425516,9.760757551986893,8.699926055976436,6.850747168075724,5.0305466940366435,4.3031663339587105,5.02863129839066,5.449894957687805,3.624899560044257,4.026720593353123,4.122642571994799,4.74481679075871,2.4952420176838883,3.724875861748592,2.99270745794068,2.2288549744804462,2.19770042723746,0.30669845225373277,0.4851710208820865,-0.8556389334111387,-2.441751223054747,-5.289583052672568,-4.698626766518829,-4.508791840448041,-3.2344894518358824,-3.643721018296966,-5.051769671914934,-5.288335849556506,-5.966711485373172
12.832562731112764,12.856168327023132,12.944288263667623,12.010447231994169,11.296025886897514,9.53501342982235,9.875804420099037,9.034933962661967,8.189317347701053,5.658984371856403,4.792216557609931,3.8318206278426334,5.0919997669230765,5.285726115414283,3.3926475838034635,4.792495660374957,4.969100595742543,4.035071204549105,5.400965300670246,2.150051210261735,3.022421895352072,4.5823438842857795,0.1745936552816922,-0.2972895610774022,-1.8843516732157155,-4.013253548300299,-4.84222500835236,-4.433704460225251,-4.357681513338298,-3.685177952046857,-3.436710525432945,-5.759011538975665,-5.887050247604989,-6.654005881204518
12.787102491397718,13.278345492373623,12.026082959291136,11.097915915552802,10.022876184919637,9.490837498395313,9.807978882875169,9.987492827197872,8.229786600779882,6.658261802175549,5.744168939200441,4.24181368077874,4.806350423608304,4.474201900902737,3.4852755460424847,4.190504252279046,4.7370338079561565,4.400253317249051,5.446891391457985,3.025736809111707,3.69161956222144,4.662091912742472,-0.7026128245176831,-0.6947096723468289,-2.6406445345424685,-4.925947448677247,-5.1822605938978885,-4.467831317042225,-4.747483923702384,-3.9589186654271904,-4.677359726617678,-6.577213554960936,-6.430096175558461,-7.048037147449293
13.013506923240083,12.884632102735527,12.497086120460338,11.632903705077135,10.86798300822699,10.795226932467743,10.07019998492564,9.799883365262144,9.279379839857059,8.101816090160561,4.614114701802572,4.771394960083519,3.614677319156716,4.636790677353982,4.447704904010518,6.660520329371056,5.820207606808622,5.553455631255699,5.563818094480354,6.684649851676736,4.016557805909928,2.751594481739425,0.8374140446346684,-1.7368786670138934,-4.165330355855088,-4.917611296329027,-4.861586155250716,-6.154261375003464,-4.860639520574602,-4.86854424723581,-6.162045001369163,-7.1165078703386015,-7.407390818910913,-7.746859575697232
12.89054899765718,13.304232244326913,12.096668833593988,11.729637826005401,11.528964267312048,10.733029619548747,11.16771422332168,10.373929404202817,10.792942081696436,8.219212493532607,6.637507834926364,5.204033609021663,5.074694258028047,4.216972673383789,4.397017923752097,5.748306261838733,5.15279853437373,5.014611174884806,5.308542645923418,4.775247907632621,2.983607811805683,1.5712106529462928,-0.6687291802661637,-2.3746128757238254,-4.937207272940945,-3.938930992308481,-5.072853247863768,-5.561608963610923,-5.0894510167481,-5.920868864682579,-7.567935529888327,-7.38841707967411,-7.776585068246123,-8.370310581994202
12.1573550610073,12.84993229012415,12.558759556146077,11.759513348817546,10.967342369082434,10.617990975243734,11.096446987746083,10.515230804050612,9.607256932772287,7.6534501262937855,6.558181228613174,4.610914551285027,4.450005023753564,4.016296639994005,4.964089949364324,5.648754059479713,5.4691070767713414,4.501747930811022,3.6710223782504188,3.407204722053906,2.3254722537394463,-0.08071158204334195,-1.9928034757507918,-2.945914897572134,-4.698236058882916,-4.966761346403862,-6.447366736217448,-5.731941644338797,-5.302370113977387,-6.646208576603189,-7.857169160501513,-7.407866783875037,-7.923469398678923,-8.533268264925903
11.732162575620555,12.688941060525828,12.64756128239527,12.439214059185025,11.647821178126188,11.06646029548642,10.602868766029697,10.806320440117373,9.309254397625082,8.03887304971245,5.636858021027405,5.142945493587432,4.817830341347999,3.9938253493527576,5.560824677064546,6.635328889999624,5.1716086740295415,2.849713958684834,3.27238540896184,1.7547617585852504,0.6402814009540289,-1.6429558854283275,-4.578085283258184,-2.6605468615901433,-4.804316918585721,-5.398077835674361,-6.216468854127636,-5.339752844185116,-5.891149804739692,-6.902430575097729,-7.92955714314678,-7.840928159054953,-8.034354997395528,-8.677599063712595
12.293481828866627,11.994587314707823,12.359474672058353,11.767536217456689,10.773311468392201,10.286331902260118,10.501096506636417,9.982142057557908,8.611676821887219,8.10942357934863,6.816135867552788,4.586903522632853,3.9679860738249126,3.4484330046863536,4.315796496869592,4.901849867260321,5.5639127466745215,3.7412051809407556,3.1531081411413022,1.5838052244513534,0.12220567509552342,-2.3547820454975747,-4.894053465524838,-3.246659961802941,-4.449667050310638,-5.800114935746951,-6.190595046871894,-5.494647015903715,-6.232321785333753,-6.5403518840792545,-7.87330052164501,-8.343888601208949,-8.169820750827375,-8.44012442516223
12.03568039301917,12.177981962641827,11.998421545240596,12.671977749010761,10.314719775616004,10.24317107774868,9.701402259786128,9.811638116370471,9.294491496292686,7.232445516825609,7.244155023361545,5.992954716178716,3.6031379498475076,4.48274993288503,3.4559497751647417,4.1441610437200005,5.57839022968824,2.4892327249336748,2.4754427069641154,1.07731734657537,-0.7056219669351804,-3.1487085020375054,-3.7570680608774736,-4.107986835520019,-4.209992735946406,-5.948517704775376,-6.910599015647858,-6.016321898831884,-6.540627618624879,-7.113462940523115,-7.279836237180395,-7.910310823246289,-8.12735015406685,-8.662886229675934
11.120152151594711,11.513432547461921,11.757928595301365,10.724243098122608,10.453528537463916,9.163580287098128,8.955956625292325,9.213175576439767,8.111466889105365,7.7687830038889825,6.892445782235604,5.46230285999005,3.1098128330723904,4.315977434458598,4.811854856376445,2.883465316274971,4.2701205373210716,2.761346907186776,1.5920076272827572,2.332386687069294,-1.0448769159409077,-3.049352414050613,-4.260635921720765,-4.93454600535044,-5.275848881687105,-5.361855666236287,-6.380489133622339,-6.623002040442455,-6.500016000273477,-7.290787784475386,-7.532068126968336,-7.903030076445506,-8.351389204772339,-8.62140390300453
10.544736329854876,11.364836369639974,10.627546004564476,9.52164536073942,9.943189667043,9.254766579226676,9.076450103946286,8.207326728408082,8.077017745212972,8.01155488220107,6.168776724306282,4.786105144060316,3.282715711347179,2.9566864553120045,5.230215214408144,4.94038615996446,3.3499412111427116,1.6124024752779387,1.3075584566015392,0.7160267512073825,0.5442723928763396,-2.242973447985154,-3.6246867664674967,-4.799471025764313,-5.3092660414289226,-5.911852356466242,-6.391285616752003,-6.393410338735269,-6.20065937650731,-5.591856886426575,-4.7332843273817815,-8.453772286496601,-8.869876123487368,-9.266609468679198
9.56136953461248,10.431622514125001,9.9263007710132,9.716680188388336,8.551440592564234,8.497298150390005,7.773542076214325,7.933627597150809,7.78495248828537,7.4011845460098895,6.342769394082446,4.346019661594835,3.6600373301959026,2.7320762727223356,2.304596799056573,4.817012733052691,2.790378222869404,2.9447599997301666,1.7286472798682901,1.3859482084854335,-0.637578788149117,-0.8285788127265776,-3.043965994217279,-5.279669407764246,-6.527051826948764,-6.196153200568035,-6.767352942870686,-4.82935795073477,-4.6882006455127145,-5.0978148474380784,-4.761641733845629,-6.31405252291768,-8.36726435536046,-8.372517685130678
9.268837011570763,10.790860298682965,9.590237498847141,9.35457003906257,7.780048362807108,7.979095226974534,6.988471659943712,6.373406766163561,5.968956175494569,5.45490970251463,5.758228469548648,4.316291002685283,2.850496023489493,3.2308519871582932,3.13937867912612,3.5027842359953083,2.3540263534391297,2.219249593345069,1.4710482456822582,0.8659949172850361,0.23524525597300586,-2.701145534255637,-2.695786959262737,-4.240959436748815,-5.799255404411705,-6.319160679697184,-6.151027899010909,-5.107053095083963,-4.502983903822798,-2.9072523900608545,-4.478604679583608,-4.68157555215175,-6.707699564641075,-5.577141988491717
11.042599563700009,9.447125949218057,9.194489966383852,8.166862998126676,7.498820809445987,6.401831107443105,6.284345872457894,5.343581165687376,5.4966873098336215,5.867377201990177,5.58621373910213,5.600589980483039,3.2767828407657458,2.8333241175792896,2.7193168905375975,1.9481820013752391,3.653833599404694,1.8116890743896406,0.2922309290744471,0.13692093074744338,0.042072119408169996,-1.4748632136672992,-2.856669733194111,-4.568681968930616,-4.433580001229785,-4.796492550145729,-4.79837218140736,-3.479658437132144,-4.598493815487523,-4.417366487951239,-4.39793858567582,-6.319305388095107,-6.242622520546239,-4.543430080281521
10.465497514347335,10.039484286553526,8.646320072836343,7.809253465552841,6.76524551509986,6.0406159015398195,5.232072968885777,5.500444952327409,3.9745717938858576,3.4259558653488047,5.167718417172953,2.906704912582614,2.531576046634718,2.9313836045127557,2.4298490110305604,2.5439990214608184,1.9322077001516558,0.03571408141483375,-0.8113187108949249,-0.4649748560433697,-0.6894125155598958,-1.732174818931108,-2.547035844284037,-3.0124738060264034,-3.174266244061107,-3.490813146993804,-4.870619626315171,-3.9237646638035035,-4.423834164397312,-4.611976487370672,-4.530870622033402,-4.549897426320065,-4.4660752782655555,-5.205587111619372
9.692602103904845,9.45251451661999,8.478419195595748,7.140486491205341,5.849372647510628,5.070040036893608,4.855402659890729,4.79005050932076,3.1830935885771634,2.471746346777099,3.766674313350877,3.259060748204611,2.436265919769154,1.7078413116520232,2.899747498931505,1.959511758920451,0.7575744490699405,-0.10917652051054982,-1.4392477116682392,-1.6393114381482106,-1.9563042073636299,-2.1409015786788133,-1.8233188173228474,-2.473935123401662,-3.2900121426857267,-3.9280338684989045,-4.556852295829683,-4.1910750795717435,-4.185203351934908,-5.083149227213826,-4.320848402851105,-4.475966293340688,-5.331701957518183,-4.728245154818216
9.378351873937069,8.78380377851631,7.729513354589145,5.5122288362875755,5.2927492799648,3.8043364633831023,2.348647734278875,1.7278589085720297,2.273902785848416,2.699505434746973,2.8924683199754506,3.3947687694324196,2.6448779538349294,2.05364742863345,2.429322315093976,2.223079203378079,0.9656448551482057,0.34425960812459666,-1.7752000527413139,-1.8822503299717595,-1.9023736090049748,-2.4431385761410316,-2.958101587301028,-2.5358832718287716,-3.7113854172852427,-3.2837686124056953,-3.866326309033073,-4.423180978417909,-4.09207455118094,-5.487026843044155,-3.175040904162183,-5.210462753450041,-5.560835909324412,-5.419661174343918
8.823294936768077,8.733013604900492,6.21284099016867,4.627777437184122,4.46228946753045,2.394073682485907,1.8221589811316075,1.4533936628079482,1.3173564132476179,1.4626490924808282,2.2547624831468545,2.1721900856006826,2.312123832186334,2.2106516810031867,0.910332953176408,1.7268478928789037,0.4829564195568891,0.959951988647697,-0.4445590875707676,-1.8878332705934304,-2.3711075390566254,-2.5062552541803247,-3.4552921465993975,-3.1983276691838594,-3.5199730622401315,-4.271290713760256,-3.470299224347229,-3.966549822169017,-3.8784101462653373,-5.27848191938581,-4.850211907178327,-3.402937524475647,-4.703111881306219,-4.810905050692381
8.08877641601176,8.056375305584623,6.293739072992514,4.062919552613145,2.70410658825426,1.863035280335314,1.1424997203250753,1.134061398411543,1.616075404770406,1.5675387646539054,1.8744908155033664,1.9924690247744434,2.2448151262123357,1.1913269216375395,1.2767446390376298,-0.3338227475195156,0.9861520108428162,-0.32418337673078423,-0.24957206865783255,-1.3381530953883658,-1.8836578406399829,-2.169980967406054,-2.567215616609661,-3.632389215459069,-3.856911870674621,-4.360277362350415,-3.52944725926764,-4.067693225839856,-4.077110239972713,-4.435911241888853,-3.7329354340868246,-4.137819435478301,-3.287269993189957,-5.161271832087841
