script/wind50m.json
{"header": {"parameterCategory": 2, "parameterNumber": 2, "lo1": 6.000198445256149, "la1": 58.999992894266676, "dx": 0.5, "dy": 0.25, "nx": 22, "ny": 24, "refTime": "2024-02-23T18:00:00.000Z"}, "data":
[rows 0 to 23 of 24, columns 0 to 21 of 22]
-1.470018586517517,-1.172695180797746,0.7975661724535568,0.8696485472327072,0.8729249015189299,-0.5060711718749479,-0.6991134553632234,2.00650092822574,7.4429264673187205,0.34407922172592037,0.03820687837971538,0.9979437466165708,2.4133844316788293,-0.26505730175258096,3.58139599807269,-0.20638895897920553,2.0839176203440766,2.2443800662878037,5.925054669290917,4.970966979318101,7.260115109740188,3.690979811990173
-1.5409528882887378,-1.1723428258250592,-0.48517744708528376,1.3552497562161163,3.158131929606639,0.6589538463907997,1.7480945619243025,2.30113503288251,-1.4868608369405,-1.2020649992395325,7.153024129077301,-1.1974022763968029,3.551039975611894,1.1409743812977655,1.9806914799657374,0.33870746306656835,2.0741401453432182,4.678996866354885,4.2027554746423705,5.453372289002804,4.7503315528501595,6.871818249378565
-1.6328852887361818,-1.2456140709840284,-0.6946860640713697,0.7134125171449812,0.36292473474995585,-1.7845304644459232,4.678493514042577,0.5745837685501708,7.826924341732168,8.443533677308189,0.5714862355619307,2.9240306631494914,10.885463978050279,-2.090180508999208,4.012659685673078,2.9469685668083496,0.7586401155600151,4.259910424141888,2.1929958647346193,-0.03356279024200054,6.800975877335235,7.018866187753904
-1.2109342546801054,-1.1379403687537941,0.25425951418261167,0.28725163082498995,-1.264600312253268,1.5200984910203938,-1.2647398953029512,-0.32374850895151835,-1.0008177408489642,0.8706577233467186,3.3638180021611817,8.494880701409548,0.8295788556436823,0.5551935421482925,0.5103736366359445,2.397208475953298,1.9249286844225502,4.748703503006314,0.33992747651070954,5.0787027362766235,5.482743303427508,5.176872257533172
-1.3935579331460823,-1.7718612984062492,2.7848005045511535,-2.324813275788254,0.8784165803551229,0.10926159000060223,1.3700029609842514,6.2780005264662915,6.8234139316200295,4.776961878336074,6.109169611913359,1.6645248750803314,-4.960513361888413,4.220123183929963,0.2504981085019766,2.413647465919765,4.829018334895774,2.557342532779661,5.401296593492178,2.158998752392779,4.270153299965359,6.779379958044374
-1.4810314416570822,1.789537064408523,0.7057052690631327,-2.141629263357237,-1.3251062556364386,0.2658507305358872,4.837168764714742,1.8557563718950991,-3.9703130059866614,-1.8538073988262278,1.4875561283753211,0.1646037080659904,1.7729740421915785,6.002313034750527,-0.5650743709897937,1.0760948682196594,3.158594653666493,2.5546211107975125,5.350540356603902,2.652152054317235,5.58425210063846,4.187305139577968
-1.3207395236984913,-0.7100027622929981,0.16381948280916775,-0.03263342747316495,0.5537615648681978,-1.2715787428944278,-0.022877215736752474,2.27472136096015,4.899934819030323,8.693428987187822,4.82633430869782,7.892590083831775,7.592805485296441,1.9324491284395324,0.5267539626302397,-1.7654040101461814,4.301625330218404,0.9471950751591138,4.124884807504439,6.068763142833424,3.1176378387480432,4.439478428841134
-1.7520577587628785,-0.42787327076259707,1.0954096601344185,-1.3339858478133542,2.6440357798298972,1.1002535001334328,1.3135837816227227,6.390397791486384,-2.3829176540799906,0.23608672304507816,0.4080375049675931,3.1300085731937517,13.472739270125777,-0.13593512183733725,1.5854417708039108,3.31433125549517,2.847772297858631,4.568937672687389,2.672439281203745,2.9921470940450368,1.7842664013392577,1.0481628045258433
-2.3384930864096676,-1.9854305531093075,0.9060560262467456,1.6430460184359357,-2.345516006318423,-1.5870135808812766,4.990046584564114,0.16367471242195716,4.659571500001725,4.074492345903994,1.3677273167831012,-1.4694949257348295,-2.0930222117032633,2.785092254987053,0.8053678367229419,2.5312707092564315,3.507352340922985,5.914256700558276,4.310412397916968,3.553917510968341,6.094367554134948,6.142627461023174
-1.7020793929146734,-0.02238545686579878,0.25989721706097313,-0.5995599278506307,-2.471373706076517,0.8941291009494692,-0.8925767154510964,3.3177441886073757,1.9094838791585917,2.1743385700848705,7.978548547212342,0.23624135479954445,2.881864213761096,-2.6478436524266695,1.8214254821566929,2.5663250076603505,2.745156288752442,5.058459392053581,5.9158926827778195,5.03059721742313,2.6596132130216166,1.638446254248944
-1.5353984488289405,1.7755070810244113,0.4566092241227059,0.34646578034197084,-1.0206525410680067,1.0468225875174153,1.9845091808596458,2.7300046130775946,4.688121357355118,0.7082954546975311,-1.2764616825592079,6.414581976702387,2.8635147798053535,0.24776923062902498,2.5024849573121384,-0.13516598525407586,-1.2850609478667712,3.2698309457705856,4.257603402240452,7.625399939739961,7.076158798621951,6.795546274276157
-1.4268540881165892,0.809057763356087,-0.07367954640269975,1.218854755140134,1.9313324565697034,-1.0262432684253193,4.542691509787591,0.29198756037515894,1.6568628050889918,0.38862298796051165,3.3220132867630903,-1.9741181497487092,8.009700911994958,4.680734535140871,2.4484570367486227,-0.9938519203134227,0.959523101277525,2.5146369859966815,-0.7187948449865784,2.925424148861664,1.9610443170119103,3.09285066952771
-1.3296626020716018,0.5889169442327802,0.7830412318211738,1.0326976191097201,3.0251891488325673,0.5995676541980323,-0.5260531267891542,7.139053217023396,2.1901483232618593,1.9073538188911363,7.970491045912433,0.16917793054093672,3.094581356629466,5.861763610341966,3.1022831647901703,0.20483098374706282,2.0351001508322755,2.964272565551112,2.5632630199388666,5.543195405778454,1.9453988501008859,6.68611746352787
-1.176638476583004,0.5065883668147804,0.6545695750088225,0.24513039773423212,0.461345278216389,4.788604806402661,1.276266875128854,0.33261386756071964,1.1543095783164923,4.845627293390576,-1.760378307498489,7.1637622921017865,1.251813645752844,3.845413314155611,2.644779297946127,2.149329408020581,1.3152710334008035,3.594467627684091,5.10075434066562,4.990743879990582,6.501954320301617,3.055273836008309
-1.511163337476489,-0.04626383604549402,0.23308721712721361,-1.8809490026818478,-1.6201930221296543,-0.4279123095844438,5.5991238507555945,6.101355482804966,3.2281113675634154,-1.7100467747495482,3.0118171130901845,2.433309050843025,2.6609615513538665,-0.019603439357173135,2.2491110129486214,-1.0679607629721846,1.3028567115366598,3.9602884598444064,5.241734771062113,4.306869221622377,3.9365007261893914,4.277257219495086
-1.4422911388807402,0.20094553459258988,0.09560902816762185,-0.9811172769622629,-1.4122672492665884,-0.6394904639225427,2.5267309727843976,0.2868805466494015,1.5361524639088708,8.790644622363141,1.1571634552403314,-1.0834539224671302,7.339399666894485,0.8358088826187718,2.2836714986583617,0.5582833061733624,1.3537158001218292,5.032424222614629,2.7600830739172784,4.160162496581451,8.784662678992445,8.134036386161052
-1.3998636707661605,1.4473324281075666,0.8958666211760793,-1.8427381009354786,1.8488840490470368,0.8998246588773218,3.1889845260920437,4.808912889637717,2.394609412781952,0.31153523673652245,0.6518029092892993,0.30335226752638134,3.4253512377562423,2.3647621066491538,4.544543880864688,1.033220375203664,3.2739584308575496,3.2061139158274026,1.8314788281183896,6.84545152295937,2.2502268727094275,3.7269104608769976
-1.0984865937615464,1.455258672262089,0.30762799029984317,-0.1679122932471129,3.180096314213871,1.5275495984092238,6.974668159686635,1.1759917498663994,1.0495265562271947,3.2403709332665036,8.509122564918403,7.064645729182323,1.2666005986869726,-2.4579479770568398,3.712850310482261,1.1700663177571815,4.845418073279104,1.1529695443216998,5.669291603745024,4.864065055961067,2.5000688251060326,7.34253273453395
-1.3247100108952723,0.16937063651647988,-2.3580399196411452,0.5402618390870281,-2.3569817100752584,-1.2710924219119648,-0.8031569322267155,2.4011801791646654,3.7230574220925168,4.480537796314085,1.7820276207445445,-1.9767606654185825,-0.7029960123440631,1.4698029856703658,4.882427956208894,0.9458790405571864,4.359250871062451,1.8760217411364308,4.87355074403034,0.4017118571506819,5.293314130430799,4.9441754753377145
-1.4866979946014853,1.044877400599735,-1.4372253809049327,1.1685314123075559,-1.648108621511393,0.05862064231171852,1.2881798874856472,6.8868440168633205,0.602268591787245,-1.3374450797316737,1.2864733844460912,-0.18824706091600082,2.642472795223053,4.152433682571618,3.962036376418169,0.7183360444029215,2.199837495819291,4.50286787593858,2.5459323902640683,5.041301180235884,4.386722775207181,6.918763258488596
-1.1810927030825762,0.8177539540336268,-1.003549498048806,0.6391083648690167,-1.7469056757387134,0.47949430706832274,4.74736035140928,0.311693331403863,6.342727632176869,8.964712186628004,7.899462649725956,7.594546918802648,6.038455495979799,6.199698498488885,-0.0018814152964227082,1.3510971933442337,1.0150513873867062,3.1049502349860414,3.154919835540853,4.23231902718619,8.022635004724911,5.2271233174965515
-1.6862690954267399,0.6533026115287252,-1.6527097787094942,0.9353585313159741,0.7923193020790444,1.039672831144905,1.9969751412700865,4.416998937958809,2.00112026379048,-0.47143081422369976,2.270001648895726,6.721302800223146,1.7142341925655318,4.542567924445103,-0.43765267369302224,0.07821481287635494,0.8898442455625512,4.853969129010884,5.564219818566625,1.1579618549826818,5.16729539826804,8.593279719103561
-0.9857714816201187,0.7943855630504012,1.084039324704363,-0.711833018275465,1.666608182227086,-0.5819407494965178,2.029433765017783,0.7055376801916264,2.5331839875056605,8.907582571649636,-0.33356925339567434,-1.5279481561746155,0.38107999512491303,1.980938967009986,-0.6561507247244586,0.6343284821581044,1.5667844590276894,3.006217388445161,5.056913394833923,5.245234568793848,3.562899911377498,3.2002688810814193
-1.4929638974805406,0.8378926731413344,-0.5758772314423377,-2.101695155814213,-0.9167837943604138,-1.6070942339421055,-0.48851040639361737,2.183222095074389,1.1087534163204942,0.2601448171909681,4.346266832479929,0.8250060539412888,0.5391925672019424,2.1177245445161996,-0.5139744834997144,2.393981243256801,1.63662632811839,2.386123631929441,2.579323230937824,5.241576146148709,5.27832196315949,3.418880552700961
