script/wind250m.json
[{"header": {"parameterCategory": 2, "parameterNumber": 2, "lo1": 6.000198445256149, "la1": 58.999992894266676, "dx": 0.5, "dy": 0.25, "nx": 22, "ny": 24, "refTime": "2024-01-21T05:00:00.000Z"}, "data": [7.864073801757735, 5.625631135903252, 7.337294482049335, 7.975803787017075, 7.417468022005602, 3.460893957031229, 6.626410792545477, 2.4686025149668587, 9.413749218086718, 5.214788540297609, 7.0622815902121605, 6.668253878127743, 2.8261351276856352, 6.357175499519931, 1.4917547532235278, 6.081595947257302, 5.862198136821642, 5.576140739195947, 7.37822813278785, 6.591920951178981, 6.879375963725747, 6.933706496336201, 6.910904526203725, 3.8286465242615537, 6.483775428425837, 8.126533072394452, 2.9048929392220697, 7.38438179934753, 8.928363601005024, 7.2773799853749175, 6.60730559663873, 4.089765455021268, 6.531258204045198, 3.058776264632856, 13.411285002013745, 6.837870352751534, 4.6940680848771095, 9.904782857311334, 7.45386142424593, 6.535712131467877, 6.637715266998591, 8.135523073489852, 8.738768003142328, 5.117323058791529, 6.058952450293103, 6.805153461165925, 2.809428530929491, 3.6258572516962078, 7.400973661678366, 3.017126258276628, 4.511314513056779, 0.3451766564412963, 5.732556995596403, 9.030391957486687, 5.553322331249807, 7.746830490709419, 5.374509156890098, 12.402855789288225, 7.378718634720387, 4.587053026473251, 3.251113871052346, 13.768408142018625, 6.748450057032616, 6.578353893596475, 6.240791456270521, 4.5676135819855865, 3.748001514587353, 8.105942000872076, 4.1168121980389305, 5.0211118671691, 6.318258095756716, 7.618631444762058, 6.473233627560452, 7.037179868807938, 5.262344654612425, 8.917904716123896, 4.735265550745652, 8.281399062036028, 6.857441675423554, 4.752718212964685, 7.17013197629874, 6.759628042238801, 2.3053739246296816, 10.58947621537438, 4.93832875413407, 8.234499408510487, 6.885148732527395, 3.9361914142080514, 4.641118962589056, 4.253485364449611, 5.715868070734014, 11.828521106868159, 4.416432970723028, 2.0948856110774976, 7.897732567432516, 4.4115653641419605, 5.430702556687589, 7.114632249145873, 6.121708267648705, 6.109428289959626, 6.721987259105301, 4.481722107683588, 6.006361048876028, 6.104351169870147, 7.209104295155979, 10.449913507197014, 7.790900349697944, 7.588823768626539, 3.524095311444974, 7.6449699268507425, 4.40590862392828, 4.357597897047494, 6.629164544572057, 6.579313877371063, 9.671071120568909, 7.446629738333481, 6.630928956857902, 5.629462573620135, 3.0970502314308517, 6.4724696392005185, 10.873929356801847, 8.299046933847011, 11.50221079868201, 3.622242506652757, 3.638053455571902, 7.86325899324196, 7.242381996291135, 13.22941818411082, 7.299749555295859, 4.926709826300279, 7.3866041855218985, 5.392002636443325, 6.133997667235406, 13.48849560584897, 9.647208776661655, 6.117193299996409, 10.123269645549847, 5.36989233576854, 4.654855812731442, 3.7430784674604998, 3.427233320786291, 3.3264474493904057, 3.922869909617736, 3.9393233014495572, 4.410564716681963, 5.988380671217849, 13.217264442337006, 8.774369204063467, 4.7497975576943166, 7.375668906238139, 6.628796739044315, 12.28660998012758, 5.511043680093528, 9.023354843724675, 7.0523008475503755, 8.026342014972832, 4.703092745305561, 12.57091913405556, 4.3927157046885235, 7.3524725152639965, 5.2571962186679695, 7.219028517335193, 10.35894945825924, 3.8712659436343424, 10.615443022924486, 5.329196813106248, 5.5611694325220995, 5.487986233208895, 4.639497501603034, 8.307960123493334, 8.806298716849703, 12.724345562590706, 5.128017060985229, 7.167268946318412, 6.951470874748904, 4.936899030606795, 11.671257014364356, 7.667551283129326, 6.429880819721018, 4.665242701057294, 5.359666047953214, 6.4155419932519235, 2.8573144168140456, 7.965516279528827, 4.419411684401262, 4.974419606377808, 5.313107789229904, 6.137380558189071, 9.024280483449955, 5.894272060968068, 4.20263735392682, 8.96915486223189, 13.522741362380073, 7.662195576939347, 3.655864088233033, 8.162426795862645, 7.024785954089732, 8.985028194259678, 5.49031250225592, 6.5059458271371415, 2.672612485019866, 8.93289595036267, 7.178543282093058, 4.833558725384111, 6.783846292672185, 4.169147817486761, 4.4927470006317, 4.2139073614032245, 2.422528149327753, 6.017927809799365, 7.24357452043459, 7.31531835401499, 6.6378305611154795, 6.742710168672408, 7.222223428613345, 8.064328765950833, 4.4275153938442555, 4.616310253351977, 4.47964265532986, 3.024561510411697, 5.06729930641833, 8.284845888139989, 9.344018766726945, 3.251128490124224, 4.768658396373288, 4.890469343342705, 6.6828364546323975, 4.187657000963676, 6.968160630354467, 5.511309845430305, 6.7225273288444765, 3.4423267156641866, 6.792390815549833, 8.92671236331365, 9.675788544636726, 5.103768713113514, 13.687873870114121, 5.99757043428368, 5.486835576363095, 9.903271577680425, 7.1826512817243575, 7.633965334756089, 7.8158800600032485, 7.146135605911125, 8.471289941845505, 5.080038430840674, 5.990616678242471, 6.490630087772697, 6.501308719538669, 5.083438996696333, 12.356028118816523, 5.617881274963333, 10.703017963787222, 5.112803704108375, 3.7686383709182074, 9.627512326098454, 5.19127531807347, 5.5892316620431295, 14.055497588445334, 1.9084284228160084, 3.631771242511932, 2.7231949183852193, 5.909241990440507, 7.610488211600119, 5.69480547054134, 3.983340280798759, 3.7704442107787774, 8.453467337926252, 4.085472887919207, 8.64833766578129, 5.904824609071918, 7.149844213725648, 7.214792085367582, 8.236037880998744, 8.44766838316249, 7.509395809945208, 10.462029530884166, 7.188172972637719, 6.597493758861717, 10.583348313809617, 7.407554901402558, 13.60078676999085, 6.141370310196003, 5.3520674123416425, 4.987531414279591, 4.626431590158617, 6.2640203236010015, 7.820221520843002, 6.89031964863562, 5.109401720021624, 7.8689778394822225, 7.265036787274139, 8.49336356414735, 6.955327662826053, 3.5411323545114786, 9.451927567527651, 5.603290838437512, 5.697433918824341, 7.073775726529134, 8.94074486736507, 8.751904591620793, 6.678193897254765, 11.729503404963072, 3.8478523849756887, 6.847599593406674, 7.3609503789138335, 4.809625539982225, 6.346798281184113, 4.860109395154563, 5.8097235617563685, 11.638246392866487, 4.418169845464474, 2.872229360565143, 7.447299037587558, 6.880166777928993, 7.019920145815509, 5.434559355150813, 7.262790249839155, 8.436025385503347, 8.659910051093409, 3.5947343402606613, 4.631350844096985, 5.006343932456009, 7.037421947267193, 5.750328811618845, 5.276230355175544, 3.329419775859675, 4.155779045442837, 7.665354202169603, 4.521616941427188, 6.9210886972513, 6.0353321996237, 13.170736344223757, 7.0907975726061965, 4.347894945690586, 6.278994687403913, 0.3761159875402023, 9.43362452834109, 4.539554619898392, 7.313572540036707, 6.401536731745589, 6.154978313692702, 9.514419717027057, 3.7811450106827342, 7.9792005907445684, 7.012584739791337, 2.6258798684382847, 6.476795353239471, 4.3742319242163195, 7.422084464147388, 4.951691285056166, 4.7820121165164435, 7.065781738329703, 5.26203327130841, 7.05021463951755, 4.59972693804313, 4.2255036172681395, 7.597819159050017, 8.418382731451452, 8.45133810897669, 7.3972902953673145, 6.210150325131788, 0.471515167149751, 13.45022661083355, 5.869500042811519, 4.5749031370557915, 5.860646688237506, 7.713562800290709, 8.925421560520569, 4.514261136220371, 7.5089107587412, 6.7841589776976425, 7.4411157813874915, 7.589657447452154, 11.664337690154364, 4.781283276499118, 7.613581231520359, 3.7181320577589285, 4.568976341765854, 5.90742966919117, 6.884856772509385, 9.324006981298577, 6.40494537120514, 10.621239292742704, 10.75702495516912, 5.413393450267854, 4.4552651482418835, 4.531813786163008, 8.978105614170211, 4.947043077784592, 8.614728361671036, 6.993882470693391, 8.41967587692794, 6.058726051852475, 6.723220393282654, 8.138649898841592, 2.757447904502699, 6.0320293133871035, 2.0641795462927424, 3.840331479572877, 6.763957293421841, 6.443632339030882, 7.091859786449685, 3.648299927870313, 6.227320225775671, 5.980006961186696, 4.856058327323917, 7.762038030680623, 5.15805024138188, 12.478517283455414, 7.163191795832499, 8.005930312580134, 9.773670411162195, 8.284615707298736, 8.918318201171422, 4.368299287671843, 11.335112154807126, 11.684776839960488, 5.296096523993594, 5.310406624280353, 4.734378525966696, 7.168898950859999, 8.72212005543256, 6.643381622573105, 7.839778899646543, 8.755344585876381, 8.943914712757651, 4.996053554859454, 6.657127154997044, 7.475120567699866, 5.958184525946579, 7.111014646109372, -0.5698927221919559, 4.524469839945348, 4.4249592622401, 7.02756751328502, 6.0722908886557825, 9.00543341962681, 8.619639226404958, 8.596951221682904, 8.483173556233115, 4.615506422249347, 2.9220085547775385, 6.0613143870936925, 4.722767376398084, 7.71696351089391, 4.091104232982648, 13.399993923928484, 2.8225224128324373, 5.824679380058074, 2.9108813287888107, 5.713811084672657, 6.159265555057138, 3.663828721533082, 5.813930324293928, 10.379237572311576, 8.57484497899576, 4.60432198505507, 4.831204890115979, 5.832143486709807, 6.1028456371394535, 5.367360735513, 8.240104511710385, 5.127367020418977, 5.982164186695727, 5.15318387991453, 4.5380091999605146, 4.2682757526026585, 4.899143072301172, 6.391277574446905, 3.4381731871997414, 9.694348009051849, 10.817167541437325, 6.212538727335501, 6.7206187910749655, 5.732486961904967, 6.789115467979426, 8.136082670049468, 7.980289923115968, 13.189526771431042, 7.4333597089461465, 11.85658806454137, 4.520475725795542, 7.078125483197361, 5.804113003083086, 3.8266702482847754, 4.474171560755496, 3.389614142603663, 9.192053262944734, 6.405615821389353, 4.526339411086896, -5.581224977943228, 7.049117163432637, 5.844581028336594, 3.878127713474537, 7.235345487912404, 13.65938649285385, 5.344856958452595, 5.288148046937101, 7.72283062846142, 7.9067135361796685, 4.687805729324769, 3.8305670582980276, 10.002775653827172, 3.8484428727496276, 14.669470058408404, 6.997314203149319, 8.605500756008917, 9.28949938368113, 6.964786522645907, 4.901928101153195, 6.264959869266209, 6.52984147531052, 3.638125266773893, 5.944230223655729, 6.144769030743521, 3.2369177590680134, 5.731287162830889, 2.787412657931326, 6.09133128550811, 4.90455871894533, 7.183164943532852, 4.0888228925812315, 4.874922168339217, 5.081252101720967, 5.926275291472315, 4.07747080243917, 9.064341226408853]}, {"header": {"parameterCategory": 2, "parameterNumber": 3, "lo1": 6.000198445256149, "la1": 58.999992894266676, "dx": 0.5, "dy": 0.25, "nx": 22, "ny": 24, "refTime": "2024-01-21T05:00:00.000Z"}, "data": [13.581397931391766, 18.962513627285652, 4.419673594674213, 8.651776363134283, 19.641330999663822, 17.757661298680834, 13.569296812702852, 9.007669361362643, 9.141069758165372, 17.95661367159818, 16.895257416968448, 11.730569472739598, 9.296925242375048, 15.032698990089939, 9.892111447343499, 14.46313365804157, 18.74630531144329, 6.369279948852794, 18.54079504504803, 13.222601966349352, 19.512549183882555, 15.315649252746793, 13.066352124507054, 9.058771150030585, 8.325236164560781, 14.49841584065572, 17.535641011258548, 10.533050661289545, 20.790987128108515, 10.140141170633408, 19.26965107059437, 9.355316004695265, 12.158209874494803, 17.465665492140204, 10.735502093236226, 4.641166397017699, 11.372431761937554, 17.429937837964278, 10.064712075251297, 13.094339302110063, 14.14897504323203, 16.88597639808889, 19.758693726024337, 10.63004970641145, 19.231818753147145, 10.2079489364898, 8.86271355101784, 12.274452071602926, 13.604409727771934, 16.19969540346187, 11.303878343745762, 10.095568412788024, 18.77941642793518, 20.05051047601906, 19.757391654528313, 9.403388424017283, 8.092999080947642, 9.186333955613927, 16.513731050280434, 10.25993214436617, 18.338676180492296, 11.620997774495919, 9.34273940619382, 16.621742073616637, 15.171361789608069, 13.435649017521731, 18.999064374816292, 9.857824849335913, 14.460317576836294, 13.091497850373486, 19.344801747701233, 10.758689465298845, 8.425487634802925, 19.443296839084162, 18.76821354291996, 20.150474501921433, 13.076737434927669, 18.004935741622404, 10.448150341850935, 8.194254795377807, 11.565927427954875, 18.76733308428715, 10.832524321480152, 8.31700669485964, 19.72629024446413, 17.02322136017314, 8.283528034966857, 8.244184535390568, 13.547532423620934, 16.29462609837211, 8.33373079999905, 17.13812436188556, 11.851168425556187, 9.950082339143883, 19.206609338003243, 7.739047841179, 19.414408389300778, 14.171389032086871, 16.263538172614854, 10.019119913574523, 11.16730242306499, 9.64218387441263, 9.988164034497283, 18.88634745941262, 18.160982468605255, 6.412476094953803, 17.88191295772312, 19.397107092347085, 17.59145291982238, 8.064781144099072, 15.802374474326921, 14.741801446622976, 10.185113937825076, 14.669569036413415, 16.640630675582265, 17.223683487531726, 10.272636172863523, 10.873499337317735, 9.427849459894913, 18.6893687281876, 17.280700679530675, 9.675816206297103, 11.073628438163153, 10.178096931245724, 12.949542840071334, 14.416571207795348, 13.931350271333171, 12.860698220701252, 19.322413851309655, 9.825783276977466, 13.730209760277639, 10.009396375243545, 8.534323570401043, 10.444182048851099, 9.131329574048337, 10.345530660564952, 11.51393822509471, 10.26098047550676, 18.59131229617009, 8.271583201874494, 5.656165248023842, 8.378116013562005, 7.868480176341483, 14.094792030535578, 14.75929911534839, 16.616261026905438, 7.734865171350382, 5.8705850924316145, 8.204977096225601, 9.22800153092103, 20.07323620306063, 10.350610741936302, 13.469476543057292, 11.036353475312913, 20.177789613343965, 13.998529982731037, 13.896692773519186, 17.04220579837402, 14.157038928191282, 19.305529201757714, 9.848138718693935, 10.274469697707683, 9.067110092659714, 14.684541823051925, 13.88452429905148, 10.75210918922513, 17.386854113495815, 7.347485613514534, 18.529753561706798, 9.111456924499347, 15.595543839423506, 16.277618960657346, 9.455098035937151, 9.889037244437196, 10.150337694705748, 19.986749253780538, 11.467956059173392, 20.132814936417596, 13.308587756829954, 13.108980008464822, 9.478756233743848, 5.1861662780599, 16.43294431788301, 9.494589775436042, 19.119904464093437, 18.806873689845414, 15.380240690897208, 18.317613079055405, 21.06896597014528, 18.60486163336272, 15.51745103749566, 9.753700440408734, 6.681632855501998, 19.678615600732453, 9.698098668204013, 16.238697765480964, 16.421633807953263, 19.752371337402778, 14.587598093439036, 12.920717987444487, 11.932349863909135, 9.840657333848606, 11.036914046535538, 13.15207944214507, 11.658508196764553, 13.28263892159677, 11.658135484383555, 14.095000880993245, 9.009281843798872, 16.773057350217663, 19.965560065561977, 10.881255217787013, 16.426310948307776, 18.8068124878962, 19.21989654906808, 9.408350689482367, 11.590346264008643, 9.828665345031958, 15.445075451990595, 17.734030632382368, 19.40954734161595, 18.17444465834563, 13.097053435188567, 5.291027797716505, 12.41086112584527, 12.831064364110434, 11.871428605364928, 14.040258976431206, 7.586234380143612, 10.749785367182733, 16.268072728448434, 9.509476905488256, 8.373182810949858, 5.247820392866758, 13.35670500538566, 8.040403123368312, 15.732196729907777, 11.353469518127183, 7.8172965016575295, 8.82587952718205, 13.350237689577815, 18.03594025571851, 10.118508666822539, 8.87080080947881, 8.4923795064552, 14.034236170023942, 12.292387627040808, 16.372513879079904, 8.726421027279178, 14.458037518267135, 7.859534014340864, 15.286007126326552, 8.143848893650409, 10.664145712465098, 9.629149848823786, 12.119613142011445, 16.518977222603056, 11.94274242706511, 11.120570714532173, 13.729641494902026, 6.327886183223117, 17.55579064009927, 8.621908101983472, 10.135366230678482, 10.5552807449846, 17.317583882951578, 5.541439206237795, 8.099355966750261, 9.589100850581346, 8.677457287855553, 9.482713585532363, 9.897798113937652, 19.273862043015097, 10.017505317294829, 15.106037154232588, 19.33823761079567, 17.03439025681146, 18.904246605419935, 19.16841132816111, 16.400956597268433, 13.289000281894122, 8.777448774568628, 18.11488384568079, 19.022262173125235, 17.35944037978904, 13.397687294175528, 18.734913365064894, 10.15332853942626, 13.979794143054066, 10.629513921956477, 19.966065834057787, 11.46339408470623, 20.54524769473314, 10.86497221405541, 14.565195642130274, 5.29859562780892, 11.848481281607118, 10.076505347573526, 9.352725417277048, 8.778911476614145, 14.832449713626227, 12.42279387473587, 7.842099519701906, 13.1385073971554, 15.731785891463856, 19.283020104933215, 10.948446999005435, 13.091241925498519, 11.682812655184309, 10.366478240019076, 7.648910260645563, 13.662022027508215, 13.359017028199347, 8.337547836794107, 10.479280554565717, 13.992272235269024, 16.54837700415431, 12.875993130185302, 15.317255175609063, 7.544974190640747, 17.50682126571044, 18.368859583007524, 9.847131047100863, 15.124738976356872, 18.801515631707886, 10.119723433602203, 12.234621804030715, 16.02191872163953, 16.174061368740144, 8.926410548527432, 18.05192438050159, 16.048393977250846, 8.892632505378804, 4.066272795200374, 18.57482225152205, 10.732664215809706, 16.1208058698813, 15.34949452478738, 9.30985041906653, 11.13631392839644, 15.949300940702436, 14.959107912925061, 9.904038200629241, 17.72804607538266, 9.671912716430656, 13.100414979484254, 11.697698848711132, 13.492205733021299, 12.28580158665372, 20.420110659799725, 18.479811950669603, 9.746309161826673, 10.439953863688395, 17.327921717963886, 9.832194195799262, 19.344537892850948, 8.914791260630293, 9.921302378800313, 17.951527537447642, 19.688093164878637, 16.230089997766473, 8.988967581986099, 16.130494816946822, 8.278353893974245, 19.218106568605386, 9.618055519062944, 13.294640866107395, 17.86134672888077, 15.039395519638834, 7.823010471260966, 9.284802376636573, 7.968592622849553, 18.9205697084164, 9.369238356444903, 17.032734774703645, 13.257540398998058, 7.187287416155837, 16.253302727716132, 7.993338217916757, 9.638908861845104, 13.124573110146036, 14.985339156693273, 10.934738983485273, 8.503427476773206, 8.75697870029103, 9.415672305204435, 19.084077142039277, 14.269342158823894, 15.373816667938511, 18.63151272745211, 16.57220569238522, 12.245021257535992, 15.137236639668311, 19.68067233385055, 5.7138200134293164, 4.973941971789292, 13.192783185019548, 18.732584290440375, 10.990207911229156, 18.434078731671427, 18.585149159914526, 18.61721679135829, 17.328021854821483, 11.957637974374865, 19.15848229413567, 13.352743596837513, 19.474564744378352, 9.870536805942537, 9.019835314625716, 12.175743358900833, 14.181583889105212, 19.51864420437314, 7.8236227419923, 12.680366388523252, 8.801802823771968, 9.272172333917847, 9.776292220464095, 7.97161600976497, 18.8969076461871, 18.822461342063082, 13.373148652629947, 18.402118827603044, 17.104422886582746, 18.097045382946884, 12.696490240859708, 20.713489871616115, 15.746964155171435, 10.378989270811493, 15.697258949446006, 10.464113964716798, 14.461706777492706, 13.518221131929455, 10.602909445600497, 19.217189063463394, 13.519740388979551, 16.277861767171963, 11.841369013281621, 16.013944068510046, 17.6692906970072, 9.76844828689546, 14.498713735017754, 13.386223225495494, 6.915988034223796, 8.826145491017197, 12.213359149672325, 19.31533179002563, 16.292651382995388, 8.286438068950638, 10.296122208493475, 19.04478263430823, 13.411144672849597, 12.725599798778047, 19.6636064258922, 7.960231128514775, 13.010601443865209, 6.413613104483965, 13.881638729872268, 11.311848105186249, 19.635555618765064, 16.45453859635115, 12.992139828710846, 11.3849834068003, 19.812205787663896, 16.826014052227027, 17.996759872041693, 9.843853341839981, 19.159781002871114, 14.430797440683543, 10.556190020184449, 16.58601988200979, 6.927099293742578, 8.476406842187012, 11.82905926252994, 18.64545676626531, 13.965025368837454, 15.327131166339967, 15.855102003176338, 16.720977822165025, 7.6929828378934815, 11.839215846458195, 10.555337192458655, 17.5377869245201, 4.096665443261323, 12.9266912733389, 12.952326773973523, 13.393139368618288, 14.114314845163463, 11.45556134121418, 17.117258243464768, 19.2557418004659, 12.966849108799085, 17.084362158596388, 15.650218725822972, 18.567207427111914, 16.993014826893873, 14.3186513605324, 9.062967536577236, 11.968995618598779, 18.895640829476875, 19.50123592792212, 15.124921236898693, 13.378948142192694, 18.107248758533494, 9.354033325680247, 7.07893197483661, 6.809711662833869, 18.40719066827, 17.885514077635797, 15.867866310648745, 10.588098503987062, 18.95322257624688, 19.269156814911067, 10.508022465735298, 18.731592871049322, 16.189011266379662, 12.125698223805822, 13.620288419024526, 9.004079303753729, 10.861158679911698, 12.09298344823601, 15.200471674054041, 10.429343344342524, 13.22351727449893, 8.343170241981236, 17.61994583847842, 10.148264727210153, 19.150536140293454, 7.748522642695667]}]