script/wind50m.json
[{"header": {"parameterCategory": 2, "parameterNumber": 2, "lo1": 6.000198445256149, "la1": 58.999992894266676, "dx": 0.5, "dy": 0.25, "nx": 22, "ny": 24, "refTime": "2024-03-15T14:00:00.000Z"}, "data": [-0.1939122898362681, 2.3148226914437817, 3.900852928094243, 5.795217521649435, 6.203165549066218, 3.8259935104700835, 9.242394960519771, 4.030909448160328, 8.849355517033871, 2.618472666194927, 1.6580935951383005, 5.244970560815222, 1.0478883121266724, 3.749247806368851, 2.4311706046893993, 3.972947894120788, 3.541379685234287, 5.53671259047121, 6.464378314665793, 7.286821525400629, 6.724312725934877, 1.0783113438313936, -0.22463935058665657, 2.747701589011216, 4.612638835167288, 5.368222363832729, 6.7915057392782705, 7.150584150253034, 6.0880132293763385, 7.36674116156805, 5.756392209913425, 3.405991512058727, 7.222290675568867, 1.4335420833830437, 2.6578859352877835, 4.305734210054818, 1.7779719067190738, 5.192272260285428, 4.965272718171926, 4.751430196096215, 2.7114074133655177, 2.1276594671900986, 3.524949621860038, 7.152065371988731, 0.48912090810253245, 2.1763187613045525, 4.835862532721243, 5.846667708476591, 7.900612088234698, 1.717121850892763, 9.60386872768722, 3.9005569800361277, 8.954420793525324, 8.211127594172256, 4.275485662897149, 3.7349168716346295, 6.539006938273691, 5.514176965079787, -0.8747320001783032, 3.5396783500836486, 4.192941052546929, 2.9459641841426842, 3.647288655053325, 3.6022498870138984, 8.50543608494351, 3.7695801852873383, 1.3730116171301279, 0.6615548112318371, 5.739226391888656, 4.861602997694245, 3.6150001211626663, 2.445121527435958, 4.124888348142533, 2.0521020069608102, 7.59604591359117, 5.667044287120463, 3.107859075715672, 7.28989527898639, 5.97335505150343, 2.544709049869544, 4.598913065460423, 3.238163259066759, 5.88985150605624, 2.459112588751689, 3.0043956190133807, 7.4021043104030415, 6.303719131734466, 3.5008835478546545, 0.41717805282549236, -0.48640611749527235, 6.603864094390305, 0.48817643556465823, 2.889732941811541, 6.8279351640871315, 5.446027532633374, 10.260001692657358, 9.195713291891803, 8.319483770588704, 8.014002927289749, 4.619734381358865, 0.8448855084364527, 1.211797998703628, 3.7310685628844147, 3.908147324944965, 5.792584344424424, 3.1390235313579478, 6.472022410526194, 1.8655927740060152, 5.7840895542480455, 6.974140566188791, 0.38503693435210257, 5.095761538162774, 6.548300933893186, 3.466889363973898, 4.722453533261644, 7.284724610658129, 6.931662886941287, 3.902285223035598, 7.156663117474943, 2.11953013763013, 3.4451087914775687, -1.7664846887918153, 0.2995478601395327, 5.9443363540308125, 3.843192194058037, 3.7276024000682977, 0.002060027025203491, 3.8685292607722, 0.7948414767662062, 3.2727972208219103, 7.25250324040579, 3.0765194649649956, 0.5658756066406813, 2.2692676978224715, 4.4497043869590955, 3.207020931489678, 5.611119742278778, 1.7933062202338077, 2.3921454638397868, 6.502597797572875, 8.954773484908, 8.21926279782464, 4.842704655398379, 8.402379405819293, 7.801258625516601, 5.157805359615919, 5.755820420551458, 1.4384113089051414, 2.6626796553484096, 7.271706925656815, 3.648216157054615, 7.01649338640173, 0.8840313399332983, 1.3908263203128233, 0.06775171127833882, 1.466268877470223, 3.4235100576406383, 6.9493853847637865, 5.792544037046478, 2.9323704555691545, 5.126294958782457, 10.247011820402813, 6.532099256139169, 4.69486309729999, 4.427604318943226, 5.215523876333697, 6.523064291147206, 4.661440150826928, 5.795204959872634, 2.790842956949112, 3.29011912541003, 5.749509748884494, 3.199214870104387, 2.81373807520889, 3.9294237752016117, 1.0335427298932085, 0.24636017916704, 0.38734586462214954, 3.9994367534476805, 4.884754131785941, 1.1213599239621534, 7.041165419832606, 7.429176545824254, 3.600026249782928, 8.93010018241563, 2.3531061608239225, 4.987858969575094, 3.0835933160046025, 3.259706784784596, 3.1084431803585693, 4.173340365509611, 3.2872906939593434, 2.6723769984649826, 5.280423809472289, 6.237097498977642, 4.861991490184691, 6.6792724203119285, 1.9233837858991265, 0.48900681343403785, 3.7231424719096773, 4.535081287007511, 5.799379032281773, 5.153269645459506, 7.078903180796979, 8.75242710822638, 6.994408225363611, 3.9316354925831054, 5.342776354629725, 7.401456524458887, 0.6228262106857372, -0.41532153610075345, 5.496810051522941, 3.511577742931786, 3.759281793998133, 3.1764554417196047, 2.8864124585326767, 6.272891130001759, 7.734551411519504, 3.02670074472923, 0.9643303444563346, -0.042995310511475766, 4.845348190219316, 5.548752336431863, 5.337323482780225, 6.707972143261184, 4.412344521533971, 6.207236122698231, 4.502925957658849, 8.944278446643732, 5.7923538666057555, 4.014540988114774, 7.065321888035598, 0.48058315770982174, 2.3960423121572454, 3.0452504618159306, 3.416584926629478, 1.3469175606897925, 3.5799964031532006, 1.509974530107646, 5.805446204451747, 7.458118133361149, 7.32708765752436, 0.27726218015934234, 4.0661732506672035, 6.785882943204753, 5.69528723673502, 4.08186106508126, 6.200114706721451, 11.083945470575856, 6.408907335656363, 4.327830041204693, 1.7835827370525947, 3.0125188747703424, 2.932924150712719, 5.832576079545837, 2.051843595642489, 1.1549439986261212, 3.093688046816041, 5.5524756465711125, 3.1459217529604984, 1.9770027293706351, 2.9718460221801455, -0.8819782707995389, 1.1285480466881088, 0.29986994835800673, 3.259415136242113, 5.4808536776584065, 4.971638629237476, 5.138994402480748, 3.559544928518015, 11.026741177664093, 9.931784736436931, 8.20543569060285, 4.769515878678351, 7.436317627569533, 0.4186698886452589, 4.387557919850441, 6.162266091773746, 1.4420537240170503, 4.906317431651109, 4.768925093436979, 6.072175812596779, 7.020565781078131, 7.211799290204528, 4.390791119523812, 7.304275086564229, 0.6525169081373337, 3.8756536947188125, 6.261380597604571, 7.488115805521904, 8.00908716280604, 6.227700752685981, 8.092514056041477, 2.710371959909667, 5.196085713789442, 8.609588113396539, 3.5989162977302644, 7.508193757425984, 1.2828583833765186, 5.675367221055898, 1.6473545368871152, 3.9683622336711277, 5.666542300001603, 5.784308755440386, 6.068510102387686, 7.335962723340631, 7.047968172613709, 0.8458318001067485, -0.19812370744595598, 4.085420738156434, 5.354081250572247, 3.6715394025950894, 2.9057126787007475, 5.104313647561728, 8.8930737613447, 10.200655382072737, 7.804034279849162, 2.2870591018467685, 2.695091381469504, 4.899844809788996, 1.897338076403132, 3.354008214710394, 1.2763045335427736, 2.1169309569400223, 5.065362685268541, 0.9962453144130129, 2.8991931352358242, 0.9511296156157588, 3.7935520123564874, 4.779033743449075, 0.30930771615307595, 5.041771538332988, 5.761773742691611, 4.574616956429924, 5.565169398940234, 6.527609720456581, 7.652217779877348, 3.4785920649575317, 5.267296191096301, 8.522680771474384, 5.2095819407986275, 1.793406280969881, 7.077909476228567, 5.2578821661257615, 0.5267902685379062, 5.174476508261083, 6.155761435531771, 2.7046981368061687, 4.453757810877124, 8.616213721186588, 7.596604818732094, 5.795855818191607, -0.24711259397671212, 5.5486874145737675, 4.693543841769863, 4.658761935323004, 5.123606708760881, 5.824648795116199, 5.7691415016957635, 6.12271454225908, 8.021784209450262, 4.080940485724031, 2.772103747269477, 0.8316896661076331, 4.6339065799559345, 5.005344459044837, -0.9158935996990906, 3.937508271056607, 1.5335897806628884, 2.5545754740838094, 3.4709478189933995, 5.9080244357802885, 2.038117474038531, 5.07697999434601, 0.7168850494976751, 5.104417668697906, 5.522604608201035, 4.434551616374187, 6.751526390279474, 3.8840022503491927, 7.4967430392764545, 5.649098761761557, 4.851026353610248, 4.695127176070891, 8.015989621521276, 7.339123270661301, 4.84906330700118, 5.549821414725807, -0.3444117891905889, 5.197366496858071, 5.262497181100596, 2.403451062630082, 6.547975608166562, 2.700212133876378, 4.777750065722977, 4.36789131057509, 0.3492517675615423, 4.404867436287947, 0.23302675930923775, 5.7630613338937025, 0.9117564733075019, 5.155271411211377, 4.500843262951491, 7.27122235264617, 5.631066145471339, 7.680814726063928, 7.546115626823266, 3.3480807563618296, 1.5812311077562247, 1.7490035328440856, 6.239167484214605, 3.6547490787120145, 2.836751328222857, 4.779497193461657, 2.898054042344155, 4.43376896325885, 7.371901354205759, 2.7378817960256203, 0.5631164345866974, 4.751487796448403, 0.7629852240707937, 5.86604059662347, 4.2916433169501484, 3.916257495696213, 5.925628348088526, 9.651638702991596, 5.58765277983558, 3.046715672434725, 3.23353375796521, -1.1071293025472446, 1.220826686471184, 1.4107302274634261, 5.635048997520021, 5.716587304275119, 3.524399312799791, 6.123667978770927, 3.976018739605508, 7.275022907691687, 1.9690318291622246, 6.957886447281911, 0.9403387309547103, 5.032991037328839, 2.310588435677365, 4.862361718624644, 5.697203915526935, 5.27358631786241, 11.031605344933583, 3.4407696966896255, 8.287656564976889, 8.44183179072323, 8.092608073169878, 8.422102856477727, 6.445906000862145, 6.769928044914555, 4.091929265685808, 5.340240262923883, 4.08749316422734, 2.7924755439801814, 6.203289585243142, 2.617029504053199, 7.0516058112980335, 3.5331484496142234, 0.49170164288885326, 3.581733015765314, 1.9824753024526018, 7.385308997315212, 7.279002200690224, 4.683533449232131, 8.65025765876477, 7.264123168353114, 3.6331136140441687, 4.180416820579283, 7.317985644602275, 5.629860954477448, 4.485264518200087, 5.910979673659026, 3.951271753791696, 3.191706289644322, 5.591809799730967, 3.4409775559906945, 6.645721644913509, 3.6208665750106785, 6.369589917203706, 6.237324142186654, 0.7324920638136496, 3.387234957646463, 3.424730543529267, 3.6868757399828307, 6.620249746735918, 7.372373310106047, 6.438634398730299, 3.14326519119821, 7.480717164398196, 8.447307310516834, 2.2253036464751625, 3.0144932382243455, 6.662144944031965, 4.941166777842229, 3.9181530139166987, 4.914160200362827, 3.9148969823599384, 3.550362862162354, 2.9860852809107112, 7.721931874121037, 4.18842311351775, 4.061017085521514, 0.874962892877662, 3.5741837699385446, 5.437742971091896, 4.6396573771363006, 2.7819653266799964, 4.8282178398795255, 3.671796861746016, 8.100510179904886, 5.274430371267175, 4.172710740412841, 2.835768558637663, -1.5618748666876223, 2.2768169600446995, 5.097649156167052, 4.3830956371155745, 5.6304244921017705, 5.837919692946036, 5.480682769652505, 4.128228091860933, 2.190531780994791, 6.636247345362394, 1.4882929118055488]}, {"header": {"parameterCategory": 2, "parameterNumber": 3, "lo1": 6.000198445256149, "la1": 58.999992894266676, "dx": 0.5, "dy": 0.25, "nx": 22, "ny": 24, "refTime": "2024-03-15T14:00:00.000Z"}, "data": [6.520034741226534, 3.8853296503952843, 4.341260209278894, 4.7581291875024405, 5.110179630966309, 4.888419323334193, 3.213128035835683, 11.241681503863733, 11.18755732013362, 5.855379534302232, 7.354832938689022, 4.608413887272325, 5.025750595637919, 6.17007417322889, 5.131558286185097, 12.00607140475549, 12.702861442662924, 6.972501693492997, 9.358560837455212, 8.793436052919136, 7.984374690577761, 1.320886776367777, 6.458350760982189, 5.359990557688433, 3.7288124233622457, 4.886638018175985, 5.64643157507292, 8.185203568463955, 6.180425243985561, 4.240045142596095, 7.172035098871117, 4.169547172726188, 11.52116497338777, 5.428446458265829, 7.041859518535702, 6.75488363957853, 5.526101672104381, 12.877392696008798, 8.338067724003217, 9.943257731642623, 5.805555012655705, 5.20077087056121, 5.821859288069014, 9.344562460039574, 5.5149163704852375, 6.847128704963939, 3.9873300827238594, 5.946329005446758, 7.0958920275880315, 9.702232179003683, 9.903394248266622, 11.64082596318893, 11.20778779752353, 11.368247621695506, 6.117419753281534, 5.386578240559598, 10.844434091467734, 11.750169496633951, 6.559315525777802, 4.913075096083554, 8.672734295334145, 6.056984782338933, 6.611540660240565, 12.517040286994796, 9.8047454937287, 3.9931917435881097, 4.94377721619702, 6.781858548621674, 4.460678329809947, 5.9629867840616555, 10.128719198034146, 11.705501816559106, 6.402831234400227, 8.511287101595377, 7.575753183820088, 10.907697684334515, 7.365247353244659, 10.647178483219516, 7.7711524621610995, 4.836178209135188, 7.251614129646783, 5.010747796505275, 10.506917215311987, 6.0658143603110775, 13.209344053565003, 8.768034924808505, 8.750884475712734, 5.441174729597492, 6.2201934910172225, 6.272945811056588, 4.3736094011098725, 6.5573967557426975, 6.887064575537991, 7.43384730370853, 6.282404498084063, 10.957638495770661, 10.826606960944519, 9.604164857205339, 9.921776714495396, 8.763852481738155, 6.466964760573534, 10.343327518171247, 6.331283671960376, 6.428606301549258, 10.499083783392802, 6.0300953323628645, 10.742063942113724, 6.566688113180347, 8.317778619382832, 9.013872545670534, 5.1743914285021875, 3.8996865735820427, 4.201570141912182, 7.549847019607875, 4.5549078250532276, 5.3442276180786745, 8.41318742137929, 11.307463808070152, 7.388102531657857, 3.4099301013233805, 9.912050886854612, 2.1643517542699473, 5.2268429529522225, 11.186165563472814, 5.814848447294084, 6.5362568423125404, 5.97477801916696, 9.77419221146219, 9.2673512226354, 7.781740174585568, 5.227864210534755, 10.888456581801396, 5.541966767439916, 6.578670434380662, 3.5669094316746954, 5.724766429697915, 4.7366727701096245, 9.584110319787282, 7.584400954987442, 5.158568937514393, 10.167652541495722, 11.271541218059694, 9.537915856252706, 11.4783356970353, 11.14569098013458, 8.984375659637841, 5.790523915902866, 10.87527225852897, 4.708492495304049, 11.231019248320882, 7.225156388720436, 10.020355753230005, 6.308147538972719, 1.2834888282204366, 5.1682854823669135, 6.686338571655344, 3.979996245287356, 1.7416974764314894, 6.15097783567223, 9.259376187860045, 6.272427198138052, 11.147256101851909, 7.340762390756399, 4.9225494128795635, 6.201839052897497, 5.900355955588388, 11.141867005264418, 5.398038767928924, 6.700356977563974, 5.879418477281302, 5.6759147962644265, 10.144711589658076, 11.258451290258863, 6.127678557452608, 6.861709131215679, 2.861165330531689, 5.170658840497417, 6.960354772822903, 4.584740197476564, 4.538442197359885, 7.390904481855539, 8.67875441834539, 8.44193919636592, 9.088290280762905, 9.988138994993411, 11.59196800095133, 9.918418080541702, 5.120781807061916, 7.039148852662162, 7.37959597647221, 8.950076144931673, 4.921009287589971, 6.046776149888095, 10.055091650546803, 10.785892633181476, 7.725169626681261, 8.571603061542058, 2.2095016850882887, 5.765897357200137, 3.734512628389232, 4.049880972774005, 5.1836735298100685, 9.98055649119582, 7.886350620417989, 2.816065521757874, 7.492399629226363, 12.052885704936697, 4.848804516695519, 10.512091226266978, 4.0142637382665605, 4.586372123358093, 11.339346578346632, 5.121373589277218, 6.373819698641202, 5.259234028045823, 5.299909656608542, 9.641084902159633, 11.376498413847193, 6.130292508861129, 3.3536170052983234, 6.495782902055649, 3.6843311586478675, 3.4534968901676026, 5.119185815697407, 3.109431736708325, 9.303449753915093, 6.163230261137962, 10.018428889393075, 10.06877133544344, 11.222216622037548, 5.514563700353554, 11.71167112441774, 9.178322486410615, 4.959259252312592, 4.536909504234742, 9.136818040396124, 10.479220172865748, 6.905305603577823, 6.353315453206533, 9.358769527004396, 9.818500113745113, 9.871942664788897, 5.315148821011918, 3.5848002403174, 3.5576459830530864, 4.353701525828172, 5.64299750604755, -0.41456742309283146, 11.127206015018832, 5.8712127014058755, 11.606925412763841, 6.014861151444727, 8.137853712649266, 5.150813326351997, 11.3341871368204, 12.94913461496895, 4.713847438455072, 11.86262257602587, 11.12972459475093, 6.046600495886018, 11.139751187966885, 7.108787956115705, 5.575942310420111, 2.404594794262758, 5.478080645041172, 2.85316793428649, 5.40471758469851, 6.57818791474622, 6.45619501298666, 4.929483493425806, 5.974849081421802, 11.528816511657823, 4.236393641689074, 10.251648026238566, 10.415196089482523, 3.918518853414426, 6.111849125775264, 11.38993182755171, 5.527043904336974, 13.260460742374088, 6.928665679389172, 10.861384475692166, 8.796537365322402, 10.668565891306368, 6.847738125321584, 10.144566622607952, 6.344528137763906, 2.623727720110644, 5.677581529408432, 4.857906383358829, 7.113026010352889, 7.534457738773072, 4.251874570221545, 5.501882008700679, 10.71225807162376, 9.615484773389978, 5.005007303843435, 11.663355396693383, 4.806582126311653, 11.171991951870995, 5.278611981040936, 6.441395569492567, 6.946592968023593, 10.010768582260651, 9.307441798645664, 8.791204358477259, 6.031576864678936, 2.7319334120972436, 6.76945660845803, 2.883010281622322, 6.069331113116373, 9.33930612973221, 7.830127749109242, 9.599087424972305, 11.141357361091114, 10.574615509903856, 4.795206841649871, 3.499705043384649, 7.902184070852472, 5.3657670444472085, 5.088683669627155, 6.2129837032471835, 5.193774411908237, 9.651998772404275, 6.221569498883021, 12.71617115404439, 5.774869521048016, 5.075384267652729, 7.078245641977961, 4.515735739694633, 4.574233892152691, 2.674917423244793, 5.502502141538865, 4.5091091952185876, 3.4483184326997773, 4.902783129728918, 6.935418216729087, 9.624567845508617, 10.38496430505, 11.441452630904143, 6.812504682247888, 5.341111803942183, 11.225450893944089, 5.813478094113019, 5.051072306913712, 12.253916676291023, 10.68582450563312, 6.697259324587796, 7.1959231483665125, 11.144993197866862, 10.564350343270974, 7.165005699981903, 6.307640428794653, 3.7151316003151544, 5.44589283995235, 4.065272525024347, 5.599259890720415, 6.227253814187954, 8.65287543591586, 7.690420909053563, 5.491712718946211, 5.137574617480184, 4.555735689792015, 4.118363493315892, 6.729742026284889, 11.3765512220945, 7.393980502139395, 12.048445870744152, 14.059854087391486, 7.004025561241001, 8.892494962375395, 9.041013993339906, 5.8603566039276815, 5.582784358666155, 5.98395475188233, 4.006018933775849, 6.236531848187113, 5.100887344566131, 5.849726816262266, 11.13584750784623, 10.223581790634553, 9.559428634003403, 9.170871623725454, 10.760328853155285, 11.702573991975472, 11.673474453954112, 4.842536438601492, 11.59266949344052, 6.149157005313461, 6.649962485474755, 10.464620431259295, 8.742425381168092, 9.391411059064549, 5.873027071880412, 8.852483554812176, 4.829214611351345, 5.354248152509117, 4.301765872751709, 6.850744327120603, 5.45510167666363, 7.300026975084452, 2.3280196526102075, 6.568884948150473, 3.771236578438796, 6.82928558438172, 9.123869107688503, 6.297557638968273, 5.98986112144028, 5.201617934443163, 5.447025605352454, 10.925462601712285, 7.188835322152799, 5.437587591822637, 9.384325731234332, 5.697328035149537, 12.659879977767654, 5.33412503251307, 8.855310445523761, 5.141274248084669, 3.3369559011600924, 6.196372764169586, 4.907203238604391, 11.422303373668058, 4.892332725460131, 6.053301947263161, 9.997408374799601, 12.435163419127438, 3.9168062485094937, 4.41352838758702, 2.7762249737545064, 5.056674774259573, 6.93562950717353, 10.941310608613875, 8.104989139134517, 5.275990676747635, 10.112042596843226, 7.137155678123003, 8.76705202947383, 5.840401878619002, 9.982352346459486, 6.016665829862516, 3.467783642888325, 6.400050682375644, 5.224380620844696, 4.3747733799621935, 4.808347472757653, 11.370195568769981, 11.145460125198309, 9.538467202203027, 11.214378215871049, 11.585239085856035, 11.36934358903392, 11.104039450554518, 11.65148583565586, 6.052787055707649, 6.690035992217675, 8.325628517820338, 5.13900595391625, 10.360617112767338, 7.340804412479297, 9.472205333689205, 5.524357995649119, 5.718289648900745, 3.0862465303721476, 6.586539581761534, 6.2887687732659225, 5.198445891533193, 10.772853862001313, 6.993274925505669, 8.861392079624872, 12.241383967763062, 4.575646182285823, 6.198766179678061, 7.911465193920824, 6.932644439565641, 11.146025113781718, 5.996692148079347, 7.417002399722888, 11.415446448806275, 5.2778885553221455, 9.553513948753452, 7.588674251185415, 8.747961042190719, 8.445830525606066, 5.847465922344039, 2.5154977143177963, 3.898443844234787, 5.028310185994938, 6.9637490482780136, 6.101412378416621, 8.393193529436216, 7.0049684882587355, 4.4061988786077695, 11.28520329927503, 4.358591844905791, 6.4474377604289534, 5.768638383228361, 9.107909856942491, 5.835489290000576, 8.152780935912709, 9.930871227672396, 6.633449075486862, 5.72361733834664, 8.951816514129689, 6.140917889097242, 12.294557560174928, 4.932514939548621, 2.46101109494329, 3.788419106074304, 3.046988845263265, 10.540120653077981, 6.080762329631998, 10.735530751299095, 5.59656723657038, 10.566062076121192, 5.1071592671017045, 10.573982601791318, 2.898459416265921, 4.3982150632181485, 11.356978608217396, 5.923867369958988, 11.204257682452345, 7.4805336453915645, 7.339538768256279, 7.386376177676935, 5.187274877101541, 7.679547263180708, 2.417940459154812]}]