script/wind100m.json
{"header": {"parameterCategory": 2, "parameterNumber": 3, "lo1": 3.000054539987559, "la1": 64.9999836372058, "dx": 0.5, "dy": 0.25, "nx": 34, "ny": 52, "refTime": "2026-03-08T22:00:00.000Z"}, "data":
[rows 0 to 24 of 52, columns 0 to 33 of 34]
12.10787627647391,11.757284265004966,10.765396253483045,10.119808603312276,10.23370146140816,9.565051942445233,9.282416673481857,9.187682283658358,8.644018262659364,7.615689883906882,7.477587025428059,11.35013718275879,11.06687594551534,8.222383530365132,7.423670204529495,8.433662464633183,7.843019635937573,7.2316041021619775,4.468287856003668,3.7727157654124652,-1.0272421125664406,0.13572796213138436,-0.8565439846414236,0.7231683717769444,-0.5322603833251817,0.36711300786944184,0.09529857057239893,0.9449107021538774,-0.6711385014275887,-0.7840274984399004,-1.9851719869629563,-2.0581712488670934,-2.356085993074207,-2.2442758881766505
11.460027511834463,10.943710662309096,10.495102689877088,10.375728577802644,10.612631611915374,9.717541558787511,8.089592674475277,7.989236852308828,8.12126538223229,6.828531526041321,7.85757496467172,9.999934149155587,9.614370174919937,7.7361141715360455,6.56166303049314,5.5038438355359895,5.038395099217454,4.938618388908413,1.7349568956019248,1.9303849174971244,0.5936084507872305,0.440257321676704,0.03329165333196637,-0.5050818293482117,-0.5381997367393168,-0.6867798953547178,1.7332748583459336,-0.0002454187014720109,1.2263188502782376,0.18262034376403793,-2.2535575918711177,-2.9434618609521856,-2.031889043126345,-3.917762610096776
11.382183180250676,11.337902542375106,11.093823215804061,10.740137852070704,8.883405049256028,8.879299899645721,9.235340946363399,8.06689901994419,7.131682881693618,3.7026234619092118,8.278225591620973,9.631489626732412,10.964715266509767,6.78331945758079,7.839631617154453,6.455182845522584,5.036179933050405,3.574419968702466,-0.6679554873188881,0.3442378934985064,0.72290622483759,1.051930822546077,-0.21623588626409895,0.5924986548365269,0.7161596286138429,-0.45201567001629067,-0.25615088153096355,0.6499636937271094,0.4823165994134657,0.24860493577119183,0.04833262565931725,-1.5633399945162858,-2.6130940304872627,-2.7334136183067232
11.614311519151594,11.792741136580302,10.375781298693758,9.601699323753783,10.070910860041174,8.779530749818125,8.786728091241972,7.979172134273411,5.670022441695394,6.446875364579755,6.778973518260943,7.379530167946259,8.918579385711546,8.358401625054734,4.974947279619364,2.466497523422144,1.1061886110973167,1.6984915932422626,-0.01608057482428123,-0.025786811866107626,1.0363104071317302,2.0030525703700035,1.846885736204868,3.0320338752240223,-0.16387402081773045,-0.3209379729707417,0.3737807827606265,-0.9376102827707449,-0.8055183296405227,-1.3289560187309397,-0.635702460120192,-0.10510982396791063,-1.4946827486544911,-2.553673843823061
12.635653120659516,11.815876674941768,11.551043041812482,10.949276354561764,9.402352251638812,8.147087076707749,9.331064698549753,6.2529383461333,6.275385862911425,6.402374707097759,4.710285005406579,4.102964149424674,6.345622607432033,6.2062145366844375,4.392424852554596,0.7448775269670154,2.335336393666811,-1.337763479180823,0.31251937558603426,3.4345538780107834,3.5616871801961754,1.9734509317243165,-0.12338416498785197,2.752688879949668,0.2091444449732456,0.9437618386201945,0.40771563300448266,-0.584545574399204,-1.0048965600836495,-1.6338493113009809,-2.1447937731719295,-2.8750642104245743,-0.6434807362853927,-1.796657125911076
12.873312519947579,12.262936351831224,11.748118041185132,9.561814638149272,10.295933795481112,10.014901702342016,7.744910366450789,6.828401827623386,6.419308914471032,5.843539393707115,2.952229184107264,2.1664022151424116,2.490613870413396,6.879180335064624,2.091444100415037,1.9918338659939019,-0.23106695545702474,0.6687180072682432,0.9617688607773416,1.9126901763084627,0.39624113833367347,0.7591781340680162,-0.12335373800084957,-1.5161640525538214,1.0298046673527292,1.9918904354064768,3.2927232253468373,1.326328034982315,-0.3799877916939809,-0.5574502263885434,-0.7229021059737729,-2.36136651124266,-3.1184074631618612,-1.864209430694546
12.902383053386249,12.706945582622419,13.322923086012034,10.817402396306743,10.65156648714084,9.28463245591001,9.063934308163677,6.406348901356024,6.139080649450537,4.766998843719302,2.812067822065498,-0.36372777794487965,2.2990821535713915,4.788285477253971,2.083074545217127,1.20065230713056,1.0882142415079574,2.388726441133216,2.4116960021555163,1.324173572834022,-0.6053847999405364,-1.4620384148213814,-1.7976083556888287,0.798760352992251,2.6721137486302284,4.536298440413528,4.143201058426228,1.9274110900643164,2.2980506010686352,0.7156780333915413,-1.667074507811132,-2.3821816721614413,-1.953355729811921,-0.09051936717055237
13.561648693933247,12.839329780887407,10.027087250393743,10.11991372874643,10.365101428456194,11.004460711303986,8.39037898471572,5.592089362637091,5.336810778818302,3.4580136260444165,1.9544082529882714,0.6965415744119275,1.6432272925342528,2.2116839537673174,2.5814274787631315,2.2605662486420157,-0.0749776797001081,2.4423174859577625,2.3204289576035153,0.08942654490412864,-2.3254121304691333,-2.6325946025422216,-1.9298405739353064,0.8336283313319116,1.0828638226464296,5.338221856233586,1.8349108101095593,2.0638149368330643,1.3756498294323265,1.2026314380894558,0.6624619181075637,-2.86527410139632,-2.3903614672451545,0.3859439263113996
13.449662437475121,12.42125677800596,10.874619324488792,11.521813781825939,12.268690285323094,10.08443473216682,7.720089900717036,5.493440112685903,5.534185614642177,2.833038748791184,-0.41656135326310223,0.9486536653197708,0.015895700244425957,2.366974719332646,-0.03638893781021733,1.1822239746557202,2.7575620591504633,-1.278985529875905,7.130488880449336,0.10357843661794323,-0.27082116154700425,0.5646560388315491,-0.10419883505632703,3.950800528064521,6.579015926028436,6.1934504190302055,4.084643585419118,2.360148641964945,2.8778731561526776,0.7251986803529519,-1.576670738809411,-0.28674708370096347,0.20408028053250263,2.628690126138691
13.165112320150852,11.8971641836496,10.992869429010584,13.18730233532691,13.56840999914567,11.962462087340763,7.7911337452451965,3.7324821005822746,-0.8734678598563658,2.0091265093039095,0.22827484567692047,-0.26022058912431506,-0.059182160404238175,3.18636700346614,5.660165464826923,1.4013850918607307,2.489064277127621,2.607054108802526,1.2900125805349338,-0.37305554299024507,2.633557596217312,2.2680540471663804,-0.6005091548524424,6.470896657347103,5.4250260432924495,5.228669242134013,5.650153206028119,2.73838984500105,2.0038263680327306,0.8951973444894075,1.5009629476229795,2.903555728481559,3.7945664047896894,5.584945413551356
13.204012634178557,10.916514344140744,12.703263831388156,13.928279132599322,14.614688680297148,8.268105426356044,3.975928638761505,0.14083392267441774,0.13204735688657138,-0.32694845618564944,-2.537879906438048,5.832501336670916,2.678563408621306,1.5385565605794365,0.36026246204729323,2.081370321741,5.266548799787617,1.9334611649455744,0.5580340877975188,1.4130164270905963,4.242230520182345,0.4299027609572951,2.9070331325670895,4.293106641160861,4.323974367222536,4.407743131468322,1.4862062499690545,3.5800055526135175,3.176250782385611,0.6965656743495546,2.6487013882644423,4.030760571811892,5.358614387220461,5.2019575933834
12.487831058551047,10.890949502569951,13.528116284398582,14.905637963045601,13.579607966705147,4.743422233664659,2.4279154936773346,2.3451005149884163,-0.20428129471391626,3.3677309953264647,0.19872210724476672,1.673944810252912,1.783091548942273,1.8264739549707596,2.849672219706495,2.589864742459083,7.685778165987803,5.094168054188117,6.748358184562893,3.8994506347940785,5.531708801785837,1.0392622511587197,3.262514786494438,4.374405612079873,4.03774000090253,4.452669907561002,4.796125694818318,4.077830319477826,4.315803496432019,2.238661992491001,4.367988651594208,4.755072981826075,4.894931850234316,4.786803955875482
12.798530736007493,10.279478298919912,13.666401397845064,16.413011259641472,13.077485104653148,6.219741079957167,4.761668214153199,2.1667125430868057,5.850572284259109,-0.8062734624897087,2.640809493831399,3.053955000503598,3.2174314984833927,3.6509763181067516,5.975521281293318,7.615338096781098,5.49277259764316,5.5140487643188765,3.8946207978185807,1.7766117075670902,5.033095232030049,5.838806487385711,4.452484147563358,3.032673820593952,3.8972606439291213,3.665649213830268,5.717371833211068,2.9391637599264877,0.8788139745652949,1.7969174715736356,3.505561648884452,4.135463494468861,5.1305372459322545,5.278283018905723
13.34604786961403,11.208279725550128,13.416035240393368,15.964138487180927,9.081498459638892,14.20115617162421,12.792594958030223,4.182488830180023,-1.2669706701506314,4.229258249422894,4.442300089524631,2.885849331466901,-0.21099115283738065,1.042592483844084,2.522130555194254,1.8757310000158165,5.939722144728694,2.856731986637643,5.523248074922425,5.607975543712376,3.2437342748219913,7.940776754336893,4.906633871952171,5.746384816280856,4.56014263369624,5.003020335718004,3.303049658906342,3.6362079427280865,1.6114088796036605,4.7578460453091616,4.279003065021765,4.460737191494956,5.5475930045679025,5.036576103993753
13.081501024749723,12.534345671668527,11.02961088402177,15.0378780603923,9.088854211407922,3.7501992149722367,2.0961078957895407,4.009005211225425,0.34509079643954804,2.4288089743701144,0.414907687366206,-0.6116298919339035,0.31595795717810515,2.9069947753237497,3.71556635191793,3.9536910811583716,4.827513040774526,3.7266126387042298,4.583763319742218,3.2982331906471605,4.23672095264508,3.2899277385379735,3.8497075949254,3.835375198246251,4.985859190788655,4.9915239539184615,2.683421613012709,3.375255541903586,2.4521567030664757,3.402105040176606,6.3303316133893865,6.245273911396611,6.024928858884777,6.652125102032993
12.34961327451882,12.477268356124325,11.11672469615061,13.925958037667368,8.875884001431867,3.5220834751978876,3.791713946884057,1.0341255190922636,0.24654978249621182,0.8582174824240386,-1.1446760906928086,-0.16104091133970735,2.080975008921838,3.5069446284108965,2.3533905236567634,4.826392562093491,5.794260116248591,4.092938152628723,3.548432599157962,3.3368116330067634,7.435447561152153,4.07143433633792,1.9406964742484438,3.491084689507909,5.293904875520955,4.2540485170559235,5.621906765040438,2.002867672684408,2.7605442515629046,6.095563953118376,6.945400683381638,6.910627673719158,6.5141054858140635,6.45081554652284
11.659423238600267,12.376872263857326,12.701912890483332,11.905228430551963,9.105834884907212,11.380656844538786,11.30834299297645,7.549970815481339,2.635897335214558,3.76012925366459,-0.14946142467596985,-3.0413872217337423,5.055589281399837,0.9528036510578088,2.5887670197332935,2.938710574840955,4.724484130657013,4.656712298538326,3.8997720950197077,4.515058173360236,5.029717726417126,4.154352447446065,3.7815480119165272,2.827447477451851,4.710899194466929,4.225275484103788,4.410577218757898,3.5845090565293276,5.1027948832158065,6.040659606960042,7.459805041990728,6.4502981039555385,4.925869316505845,7.356419565759881
11.788663302593926,11.940744828225686,11.678558076116172,11.804569964933128,6.86156396966326,4.358768513925554,7.199774033616741,6.3861974381656825,6.408854491785751,3.3646938694830233,-1.0217270468223638,-0.472693742015972,5.251414361357502,4.187590513282872,4.2261553032156485,3.7561509521948127,4.032980124349362,5.0560419316891485,7.377923836276321,3.2304143032227115,4.5652926833880905,1.902306738759932,4.159325007046999,5.571122493753135,3.330227354995083,2.3116858114093417,3.64317558422007,2.8707896814186884,4.6825010643273455,5.534290462463867,5.116099364462095,5.582594180119751,7.21753550458612,8.854665980928896
12.474712168475053,11.804633918966662,12.113710586959234,11.573339764206075,8.355671316091378,5.325044367720997,7.867940087785441,5.923714630287328,-1.960716602492096,-0.042079642011988466,0.9802433342016238,1.3994310346750614,4.444871044262856,4.416831312234598,4.090258786340555,5.054892395917288,3.4638850751084007,5.605617710344012,5.749093011336414,4.871355873681468,4.448224996675123,6.42256084967366,4.6836328087301045,4.332888604114032,5.17355396886724,3.579928359121192,4.906388438803169,5.059199536597236,5.931647208902419,4.425411809945583,4.496162870241663,5.799308801068513,6.932319168961274,9.182226726421812
11.03812038327302,11.606774851047522,11.2582937028621,11.457985812551495,8.21734549715813,4.908597582784581,2.7735408735782547,5.159187569635633,6.472359040445338,2.6889280581153736,2.1449905579924398,3.2898974565380725,1.3999122788221934,1.5128725530463973,3.068159081136932,6.0951258291104935,3.42522230379496,4.818323414786321,3.7620685468569905,5.8109325556499405,5.149415392723181,4.311163048548755,4.696737604598901,3.6486983306166962,2.6380373178990704,4.05267653292483,3.628266317358842,5.000619091746779,6.250305181372644,6.574577882400721,6.349426352271357,6.403769232155879,5.762995559216652,6.640587675263192
12.159052755331414,11.08831226001681,10.647315977739563,10.483498879269396,10.229607956318876,6.335673351722874,5.934856313244257,6.3657971215517355,5.773752427635075,1.6827189132012303,0.06334260470259688,2.0164328634240807,1.1258814072833294,3.32533007019402,0.7831232432270212,3.341564032682379,4.697142669653199,4.987808824927104,4.307337337871469,5.121405495022171,4.660898090651597,6.7680756688405115,3.4528388011895688,3.0862604531676467,5.498641587472175,3.9073157009169552,4.307888762707639,7.252837921461552,6.971900192793248,6.147762614152819,5.424459092769575,5.432479681767789,6.401532487257826,8.418632363384496
10.313188668534904,10.579093646210126,10.484433380416197,10.764081279968297,9.87266316318229,6.320189099351973,3.0442441095496933,3.1010130186649913,2.609957285509688,-0.46185568954034756,-3.5775002935873865,0.23502842030930293,2.549700391624285,3.9250916760140893,-0.7919181208862195,4.848492643428301,5.0374764833874615,5.555525654900508,4.952136828133462,3.1777623387303224,5.986984658540787,7.820987583906572,5.771701278489952,3.6046451209471475,2.5926130930328313,2.492527629527852,4.603975584818467,6.462830309209029,5.382956247317325,4.590121971584676,4.345375992533618,4.215107223682456,4.966128222973783,7.882184993216681
10.739329555380236,10.118882312263494,8.602267324183636,9.733013512468293,9.31838295941666,5.601832399092287,5.289363812583815,3.485225748663913,4.762402399610703,-0.6052510535269642,-0.05540333908150113,-0.5242493848457274,2.5283903761942637,3.854983024935382,2.50150641720413,5.6634550480804045,6.068607849401259,5.891001523800288,3.887460974880902,4.247453437957106,4.2259859871139405,5.616683436964102,5.56077645553943,3.7478146003937756,2.9025411294190095,2.3318601163207093,4.925325118134235,5.760686337980162,4.838880759017159,5.294247418633116,4.400987924789383,4.052106968627356,4.9924560862920275,7.566793198600072
10.184387339625788,10.01216149089832,8.111550314170799,8.767277381560168,10.233682881927377,6.149003538916668,5.358907908914732,4.227532273298328,3.1079717632064163,-1.4243051327449003,1.2998849387667941,4.420008608213002,0.8404916686291523,2.234770451905947,3.1306986322297345,5.008119882092047,5.781484652291666,5.465874135128252,3.813406196797079,2.5516314447874566,4.769084930873288,4.724780451381993,2.8850190262834143,5.392573539197665,2.0283015116139613,2.2673459373839906,2.9449211542922566,6.602229063525355,7.461275689423242,7.971425981197619,5.812773891203638,4.807190532881839,6.555288515369395,7.447759217772148
9.481448859041395,9.471817226329565,9.191266172255052,9.425190025175405,10.799489046470443,7.527625049212232,3.207455204044673,4.722016512219816,2.791731195994251,0.5634647070916088,0.8918017331662474,0.742095452708609,2.764477977948333,2.6582708514518694,4.380426977486447,7.127398813874707,6.9854198014695585,4.03217147997082,3.631256221036183,2.798891365781931,4.1845822202053995,4.028586876423905,4.980780961646782,2.744492213042905,2.045102919943519,2.2083450693838014,6.055620237542551,6.793332555824011,5.178713077476678,4.51322001471037,3.309648201121671,5.050125799274252,6.3760398694143205,6.905142299802742
