script/wind10m.json
{"header": {"parameterCategory": 2, "parameterNumber": 2, "lo1": 6.000198445256149, "la1": 58.999992894266676, "dx": 0.5, "dy": 0.25, "nx": 22, "ny": 24, "refTime": "2024-04-15T14:00:00.000Z"}, "data":
[rows 0 to 23 of 24, columns 0 to 21 of 22]
-6.4418821175382215,-11.367835595946824,-9.979835783594929,-2.7852575719781365,-2.970541646782345,-2.2768120096767737,-1.7395263414354531,-1.3124160872426331,-0.8988968804898096,0.5368509685086735,2.4410486462788525,1.7814135081647904,-0.44653660148480245,-1.9982633772321758,0.010413222559221197,-2.112541306031607,1.0730848965942512,2.52814736380776,2.040329573647567,1.5332632890089297,1.0978922711776715,2.7943242892343894
-6.880544054213854,-7.182840261260824,-7.312309795175396,-2.9050099782287675,-3.0911371145281197,-1.9264121470685172,-2.330672271693739,-3.768064068448228,-3.195378884081335,-1.5427622689052398,1.0902592300055232,2.1976241906262413,-0.9860914890619327,-3.084211912667655,-2.6551854456163624,-1.7379080654773997,0.30839079294071925,1.2747485249503194,1.9524239484924852,1.879878407171983,1.3164644594470025,0.9081778122953836
-5.511310734247108,-4.444347794182221,-4.089082000565602,-2.817436996013629,-2.8522493875674417,-2.228538539750685,-3.7230317337557146,-3.514390007863421,-3.375120756525681,-2.0466363875666866,-1.116442040357495,1.1289830144303126,1.12264998491812,-3.582536601190597,-1.2512900299188137,-0.08327420004670652,1.0477018373759643,-1.0768125618143853,1.5428512467469147,3.2608574723694272,3.732158225347366,2.4816029286837833
-12.456398628726452,-6.669601648601208,-4.681626005768746,-3.236409601450568,-2.7625721039262,-5.583413944371154,-6.182588126648098,-4.526330238675715,-0.3443946997595164,-1.3536779828932617,-1.5063972870117988,1.4979876506592251,1.6721232000787065,0.9425170473610782,0.7557922454095674,0.48544072481520595,0.8237506911797701,-0.055343222933902786,0.7000909314512422,1.1644426870516067,1.6646449079091672,2.116752440616847
-11.830077384196395,-12.726375239348753,-9.59423844774754,-8.535584640895317,-9.514127505397587,-10.323443081460931,-9.273161736209167,-7.120476358367572,-5.532304342824148,-2.5917757492164,-1.2371811005337918,0.6092179040003123,1.0068018696035226,1.119534740240376,0.9766673667705311,0.27386017611739877,0.046618840598767766,1.241152258419932,1.4128987183195707,1.939462078415918,0.9981753498542864,0.5502500606328087
-9.332799619132102,-9.165976647330913,-8.998763796514195,-9.670725577575139,-11.154444909060912,-10.377423327797336,-9.678682189211582,-8.713097908836572,-7.426064665468431,-3.65146419641236,-2.8155463860975694,-0.6812161363504324,2.2053968978372587,0.6438126318330254,1.2907442181932167,1.621745142411074,0.9867976205772213,0.5116236157085565,0.853173654644952,1.2827978327065732,1.8274358101181851,-0.24086947232696962
-8.388428781052925,-8.20354903708548,-6.3956028004920356,-6.655033195099647,-9.800104024434425,-7.79601406699943,-9.208433628916213,-8.360993325304701,-5.1906161940302535,-4.592499577134289,-3.7861323501628736,-2.2226643888021904,0.022336822800545424,1.4559226709776507,0.880322248000388,1.1471721365061758,0.7986746151522705,1.0762963379722819,0.644014874655399,1.28257924728799,1.7126305358796967,1.815823191871962
-7.3100282016032105,-7.328844554215498,-6.294445968688083,-4.703161829955052,-4.731232574461648,-3.9670213071374842,-4.491130964626589,-6.775820666241982,-5.380051377027624,-4.927867423836608,-3.684358272771606,-3.6317311045672866,-1.945184382852938,1.0918939990284677,1.7913176843583687,1.200260564546044,1.3400065181933927,1.559746572408115,1.160487358828226,0.874874584827084,1.2437053177038473,-1.3597097997236016
-9.147554413906605,-7.770252006256807,-6.922597890725614,-5.9241391094471245,-3.4215504434044806,-1.08719817797985,-3.1511970976050767,-4.046160957555591,-4.700011355016923,-7.424209848854843,-5.796972200419247,-4.815510178633277,-3.8283764941803313,-0.34155198920106555,1.1895536871386312,2.056783024401855,1.4964303477854046,1.6250731676432542,1.8658323681013131,1.6818243647493512,0.8790186444372095,-1.5793402345634238
-9.748767290229713,-8.266873991386113,-6.986292805517236,-5.623267454893296,-4.288301412787216,-3.466650827127426,-2.321670506639233,-4.158991856436848,-3.134190979513795,-8.328372560969488,-6.140266505226827,-5.201416983630621,-5.30316070124121,-2.1194411818955423,0.7388403318013572,1.6616273752397475,1.8296940096833894,1.543994618786858,1.6127473688945884,1.846142089612623,1.8385956789191114,0.8857040411653287
-8.910454261840655,-8.31503236087338,-7.848911156965642,-6.307454388224626,-5.390229501693017,-1.8845676000008418,-0.5434833229699574,-4.150242219565356,-3.9942507155887697,-3.4304531019459086,-6.193247363911221,-6.397354956474383,-5.021071586406051,-3.633595605737334,0.5935603208647079,1.0468594869094638,1.9939597713779547,1.5693368082069166,1.7250577726508847,1.433107772670475,1.533174381805391,2.8720880027274625
-5.356589224992303,-6.597791725199968,-7.9337650530866055,-7.368893857520796,-4.690847224795656,-2.614113090457864,-4.0070504781939205,-2.989763253085568,-3.893253092956369,-3.565704006369654,-4.552324070723877,-6.880733097087679,-6.883872554448272,-2.994985523380186,0.06763387072688373,0.8633164941523532,1.6712343898147703,0.7507003228589338,1.077237684391365,2.2510061128613224,3.223985444897432,4.933254888687601
-5.0614793196504815,-2.6796855410521396,-9.025478493580433,-8.13711795843257,-4.93308433005472,-3.707231841915458,-1.6636743159659235,-2.2741048935162875,-3.556018149673713,-4.5508427585999955,0.008351996764012508,-0.9873444280946155,-2.442757210224414,-3.755920146833349,-0.17181292450152272,0.6256654269966869,1.2532228587398715,-0.5029441387105232,2.300086687916297,5.264611996216753,5.280559420051615,4.9805914581684725
-2.318078198462556,-3.6203493764464656,-4.154474891116392,-7.882730481188267,-5.64288418980488,-3.327032405649445,-2.4597625546974062,-2.129329273372949,-2.338813117628129,-5.877194483133918,-2.0368248778737605,-0.8715092308645844,-2.654109540976059,-1.0475969510937102,2.0903160770797906,0.1393693375494255,0.8625566828575232,0.8070262569874415,2.2106484157543345,4.435528851436813,3.5523086261358747,3.039758328352885
-2.785972731785813,-2.8434961740575764,-1.566232256275822,-6.274149568242829,-6.53129699832036,-3.6141491112024555,-3.0435478389563086,-3.852909075787957,-3.1206697251187796,-4.130865334846516,-3.5374002254328123,-1.6521568770136617,-1.7144796125503066,-3.976395115209182,-1.0607024782800414,-0.747242108865341,0.716891646735339,-0.3149350317078386,2.283697622340196,1.1123935543629226,2.438741785374814,2.083701100120797
-2.728082711821026,-2.9835175421871276,-3.519736305941839,-4.275541921631969,-4.253377490948157,-3.3468935786200293,-3.6357685040453314,-4.4968424564423,-3.5274220609381453,-3.465748649901181,-3.3171966273469993,-2.181971433725474,-2.3686207892778293,-4.2056449119781565,-3.8032471594588713,-4.154171850920759,-2.974228906844199,-1.5248729808476236,0.2792687239713428,1.4415208202919976,2.5331363643889913,1.9665612656175413
0.4256677842107716,0.560041029666537,-2.1049264703155437,-3.954691242359736,-3.748669690961544,-3.2230425325175136,-1.5461031268994876,-3.2616281437534127,-5.504185453030876,-5.563596049007718,-2.536327015928964,-3.6033555146601652,-3.5351680948531254,-3.1426371452805615,-5.967118481885766,-5.127190265260033,-4.482907990431093,-3.3411375533152388,-0.71635329789253,0.25522062363475284,1.3680779841010884,2.2668163349815926
2.181140364303667,-0.04240346020832296,-2.4106339332627127,-4.463414604948203,-3.157320422199902,-1.411554538812033,-2.127130374985493,-2.6724182123916473,-4.620640596624924,-6.428911955516217,-6.844416992913389,-3.2737263922242446,-5.251482389942123,-4.42684303569489,-7.684966256874749,-5.965937731186122,-5.074361181153118,-4.201680799625851,-2.867930183389989,-0.4392327576340617,0.8863985936748628,0.8148939920216879
-3.1239909488705595,-0.7004455213832864,2.4338392228406955,-2.4915158812421985,-3.2266227448589424,-1.0826749264585818,-1.9153075423588368,-1.6890986516219728,-3.6968237101804884,-3.6283491831397323,-5.17498152349738,-7.697931300609968,-6.779033698707634,-1.0441138420602907,-3.2278724434312553,-5.058942827120845,-6.37642122497,-5.049112931036542,-3.4148564829950643,-2.2283329286358544,-1.3036168676787978,0.9564173899523607
-2.998574516440163,-1.2342675773374328,-0.2694710645172641,-0.41189710306116256,-2.9568808766186723,-0.6979701021804423,-0.3463434947183681,-2.1730752710975056,-2.124676245565736,-1.1946535339309723,-3.893440070577723,-4.59657408408296,-2.8839597194681246,-1.371247960168728,-1.7954241334578012,-7.282888658693882,-5.911516232255948,-5.306788871037428,-5.125491166236346,-4.178076029583007,-2.1266004298901287,0.4726020842115189
-1.1695966047950306,-0.8062553009157417,-1.2326190832712058,-0.037992459077920274,-0.45733932944060807,-0.04370562466480816,-0.5537541197391301,-0.9204040504580312,1.7178186923215162,-1.6014206622766691,-0.40911602799225644,-1.181631417883575,-1.1920011574778986,-1.9952503586464072,0.9019489519807845,-1.4788646416995705,-1.2533328320671913,-6.069889858103041,-2.3476093615266773,-0.7763306582604922,0.6639592265774099,1.648668643027189
5.905423983040516,3.109478279427765,0.6826828730538888,0.9914388303907025,0.10473626297956272,0.2843305037744037,0.49132611439352586,0.1766664941615302,0.33254192707506103,0.4764256937970736,-0.7225107480170203,-0.13029267255952132,0.2782499650912439,-2.1968070099711063,-1.2062614077681126,-0.056693342761781326,-0.05574259101178474,0.42550877709562485,-0.14097404743606232,1.330051407437011,2.2202354451865376,1.8144834919237924
6.172090769771794,2.656310789555446,1.2020933837166743,1.4712261449621509,1.908963202482293,0.5551711660420081,1.2059394158851107,1.1402897044508624,0.0637755125085704,3.3828673530423523,0.5478919234083972,0.8689848010109287,1.0200507770763703,-0.6208336643931401,0.06268994852823959,-0.1738861038484537,0.07506328508031046,1.0083164917596878,0.3927219204740741,0.7005891881268488,1.6701215132445235,1.4506400011888259
9.065578063582988,3.988393145702202,1.6249176261376197,1.8476857475046782,2.1590085247260364,1.3143994608884024,1.5024828872710245,1.9270447383454334,1.2361532905910124,1.308527245867316,0.7882324831924655,1.3522346821060456,0.43721535373013715,0.42612872333118146,-0.449744947756324,-0.401039740766471,-0.39254425775321283,0.028588623474225083,0.28813676904166863,0.2575472164912553,1.1929787838924542,2.0621230616071053
