script/wind10m.json
{"header": {"parameterCategory": 2, "parameterNumber": 2, "lo1": 3.000054539987559, "la1": 64.9999836372058, "dx": 0.5, "dy": 0.25, "nx": 34, "ny": 52, "refTime": "2025-10-14T20:00:00.000Z"}, "data":
[rows 0 to 23 of 52, columns 0 to 33 of 34]
8.843547549750937,8.72134861362106,9.252987939636894,9.710203204812357,10.135408003845198,10.372472763853391,10.716320900486743,10.790571233030503,10.68217079997706,10.904333531119336,10.220091999420774,9.16329423604542,9.885884115140033,9.721196874575613,10.136381336458133,10.42181745236997,6.436244877801301,6.0645414908914175,2.3725235038173547,4.18009507577346,5.799543871376102,2.8424670281565314,5.294132825279998,5.963792666795799,5.562684743861223,3.5137153641649275,-0.7099204774475346,2.071780570095154,1.2771465643936233,1.6024163920786278,2.4679622749061556,1.2191890182081224,1.5204804124353235,1.8649280880473567
9.514525541733036,9.801327771325576,10.012006072006063,10.544902448420208,10.900315298926298,10.981685449646001,11.243468263660995,11.350130484658754,11.479035434694845,11.68642270885795,10.600284890095832,9.983958964644417,9.876409572225773,9.618765821149752,11.020766705923021,9.396024460473729,10.223857019216886,6.264208766461287,5.142182472457136,9.41348744390784,2.6655305504673907,5.563051562630333,3.060543442817738,7.5266652826317655,3.138556525255697,2.1782690605120836,2.4973303719583506,-0.2652144953105386,1.7959100338686964,3.11065898009344,2.400516356885726,2.054306998813299,1.1073582289776922,2.3059699084387373
10.224568640800452,10.59098973928018,10.737589079202364,11.060513051698754,11.316278781567732,11.116669257948532,10.954780202317249,10.472468963521441,10.19253030411227,9.74278612575337,10.919819487483766,10.816528891244873,8.66918885813844,9.519861063788507,10.966955763015742,11.310907851815367,5.945241264742832,2.608551532440786,2.2900263523993996,3.5601672476968056,6.142199053783414,4.544080025424662,3.8948342799347366,5.875178580588719,3.9543905981244754,-0.04717380026994942,-0.698134393695548,1.8856005547684958,2.0061333275874964,1.813896551572603,2.5899130354039963,1.7527004062310507,2.528207940529754,1.3882872295245172
9.34100950423824,9.567776330311888,9.974864081326986,10.208688820574412,10.436780416782806,10.525673587932733,9.628270743276499,8.618558014515438,8.365146969973896,9.050485607700034,8.758357637477102,8.123427140624468,8.465417102190527,9.534984936168852,10.97061745645113,7.902069572978535,4.825631157637367,3.314122492246843,5.065789869189157,2.6662498858541603,6.402034877842846,6.512357157293929,8.07661827863727,4.002498022722115,2.8559437652118556,2.0186819329438763,2.5165976631079485,-0.627898802414988,0.6146761985381095,1.1562936262060737,1.675205718873214,2.35536160433996,2.4578103227205172,1.2454909417621085
8.344933185473167,9.160468218036275,9.05568849443119,9.133624038558587,9.576190620547294,10.074818142069034,9.628070844533466,9.598801711423434,8.46880400503674,8.116331388404303,8.71873766488129,8.452434538475442,8.280236294686919,6.935443295095854,3.761597164571096,5.515538369422616,4.984731990326612,2.7087770524667643,4.424394334133391,9.546746013973994,6.049193691761117,11.545960925995384,2.9595332608197005,4.467467005839722,2.6943076608426795,0.02310297981876479,1.791739554059993,-0.40751004377908917,1.9558688558831252,1.7265805156242067,1.623303889178515,1.6764071508033769,2.4494515862491153,2.413798030521605
8.292435419239531,8.480010206749895,7.675653411049845,9.227147873823876,8.073223343245456,9.15300268487607,10.490221004775666,10.7443365661835,11.230249993321907,8.247079733965288,8.40802205124864,9.487613258614573,8.088531307958629,7.5787694498286555,3.919816122005539,4.468118537779994,1.562777697097309,3.5940994691436905,7.2489221060861215,5.431436817042622,3.5932433823395957,5.5353835658771455,4.2327465651257645,2.9523123437039067,2.3624243557292672,2.0440984143545147,1.604953122978231,1.9741255604848194,1.1529726188768834,1.6458050531417627,1.7251141063816953,-0.9310070168819055,0.4330083669016803,1.859132944562625
7.936850484918088,7.65417634193888,7.6120672405933645,6.918497763403766,7.093757202910065,7.341609920180173,9.970666850135459,10.53929493718703,9.651672537128917,10.763966464412796,9.936108381683514,6.328107173870685,5.992402935305832,4.5248784549827885,4.591942807905294,6.021919460837619,2.9253354886008354,4.3678334197665665,7.579384080176432,6.399984835723904,4.022871609493404,3.4769558955753253,3.2148719544051776,2.3753486895296048,1.8737363622951801,1.625345291306091,2.4186090498597603,0.876533298156595,0.955055225420477,1.5465796770494622,2.937246991231558,1.8617608370607792,2.1170021645317587,2.3095056003832983
7.784883912014289,7.5930579858599545,5.997749030601693,5.946986599888726,6.399562082060375,7.350613440261427,8.945255615080635,8.764104800251527,8.814323089696712,9.367900417044448,10.17030213915115,1.839134339793441,2.7967157384277086,8.332939625643792,1.8330828329699158,2.3710866130827304,2.9631097318557873,4.955119511423947,6.811254593132789,5.999549428149627,5.4682431930643896,3.895074371159761,3.0073441504210074,2.99708988914291,2.264547955639272,1.4379696142861185,1.7698716737278006,2.217093978838023,1.8663071269214875,1.3881236693956782,1.8972121694155688,-0.6892459089912003,2.4608244970438085,4.753150377829785
7.210697108146373,7.383548873182656,6.230240930635778,5.2864496722736005,5.51160858027327,6.0559666132045065,8.40252276010348,8.290170531814258,8.075728541595678,2.737190041624569,1.6528737202347739,1.7905006900264973,5.142676248780578,7.356155841714644,6.604666457534382,2.5929625790529545,5.181737648249782,5.4873872918788384,3.3263519376326083,6.512603462721861,7.8222516591859,4.664501544038192,2.06961168885632,1.579576750750483,1.8939542928808009,2.038224408674801,1.8250418538649276,1.6215344414676083,1.729352191995697,2.2184750587151205,0.966842811712184,2.6219076693049588,4.37095247070446,4.949409444146423
6.410378113481567,5.737959576643522,5.886347115028936,4.831785533462835,6.0678785174090555,6.536377419607112,6.2311012254167135,3.864154529310252,3.0644370667735643,1.7793217300759603,2.740162928808833,1.3853519254582256,8.032703973328026,5.384332918307548,0.11679084859905915,5.049656261925647,5.076009029370463,5.396262531741794,5.83033816316753,4.520886787289962,4.65081151934463,3.4066394200029997,2.161488422004369,1.4289845672445103,1.7654909131570742,1.9240220969444926,2.0740795677633224,1.8959436014536264,1.3800583643780473,1.416235766117841,1.1705892544362935,4.568882360390233,4.5503445747094595,4.565702347506846
6.705007787872064,6.056062607723195,4.80473726202985,6.543309060994443,5.976677742480188,5.088831337941238,3.98231696335634,1.6938484310532016,5.563450546326118,-1.3387206403702614,8.705435000414992,-1.2003608223511726,1.495337586166028,8.322024961209758,8.234031290534283,4.12667231023069,1.8701417378327496,3.062953601913478,6.20911980434562,2.6130601314026367,3.1179380454579335,2.5293073152407772,3.6163308227551156,0.31418658872121885,1.1803954174886169,1.0307546047711589,2.0395767833420084,1.5569651866692251,1.6909207567092688,0.973806573314639,3.1282768201927147,4.270056379382148,4.829775419057255,4.793126981734755
6.849922895253643,5.902802343040274,5.691068892943381,5.4524491610015495,5.372854661969869,1.0150716822971744,-0.01401055099716833,-0.7530083833350284,-0.9511342350172731,1.1616277908266404,1.0954739815834478,7.370505897115315,2.3316174944983508,1.6803462136803786,4.5181885768006875,0.9108225836586238,2.9826076908329253,6.028245448536894,2.4910493336936024,4.693448119567368,2.9131363932518957,3.134573879899462,0.8306243191392038,1.2504206570021665,0.8827554980598649,1.267278760047656,1.4975155025114304,1.5817126453421377,1.9363477981061794,2.20963942636315,4.9456523556812995,4.617270697568398,4.974288986363382,4.922204307067259
6.793183049765188,6.249117659407451,6.961784948772533,6.032989850490391,3.542606678385623,-0.34212052020774897,0.3000407578066139,0.6632469563023355,0.21110541499820207,5.692974474688279,6.0181595360072295,2.454527759941023,1.81674207759103,4.615128683024176,0.4188068595867643,4.482843214944875,3.086713265503091,1.6664593689974412,3.3750718290968735,1.3830432928581247,2.1982815614106226,1.643280178510667,1.705478750026197,1.7140655369034663,1.3543266484463867,1.0954271774699385,0.9384076084638904,1.3674442586592028,2.176706649431357,4.0060815502479645,4.305920331433152,4.511843314992644,4.928563931570705,4.940794749449911
6.356647910947953,5.9563387127716165,6.925895393664925,6.4565479362969915,3.5216768089094668,-0.16805904313855924,3.9084555074347986,-0.32640952210785457,-0.24787502711600407,2.9198842645973153,-0.7660939325238576,5.701846296074186,1.521334876242219,0.697264614670379,0.943052884035732,1.8669611451649721,1.83142199827225,1.8648326132857023,2.2867166831387076,2.424090339717444,1.874697853934975,2.6979765710426884,2.012313843414888,2.1154870537339274,1.28581698397892,1.2973765637086707,2.1893081854440792,1.7672759178022404,2.513514265585963,4.598356964649536,5.30382466706248,5.4183254347636325,5.088499888028569,4.429149336635417
5.419898124109477,5.182002257607905,5.92749607678798,6.027777328916694,3.255673889397265,1.7267061117590414,-0.9526881797382594,3.628258178126156,-0.9418252322081543,1.6205923853233875,0.39984238389821936,-1.0967701080037717,2.33116254272204,2.1042782969187215,2.3931092036105257,1.1838502774243387,1.770568060839491,1.9015743211509746,0.852078790728301,1.0655178623049695,1.0469567955712231,1.7738666040825994,0.8340008387382343,1.7552570480680674,1.1300752405939503,1.2330329209237425,1.1324682501186407,1.5352315130714482,1.538762211408938,4.045232194272853,5.870684036326631,5.490227236757984,4.65542486699115,3.8771028545614743
4.2688971977520245,4.545061151971978,3.7399321710685456,4.9478921535887554,1.6514694569981647,0.42541321314086195,2.5535717474283643,0.3578550242016667,0.1725669355510092,2.445742889534918,4.00814906191071,5.911253404297457,0.9256079487464014,2.081908180822039,2.061604771036878,-1.0942618644526594,2.210134228720126,-0.7608283206106445,1.2698054161741168,1.3962962420979448,1.9077657099264487,2.1711168929312197,0.25337558066098737,1.8826728058309397,-0.1575919748323409,0.46801348175176966,1.9397977887743345,1.9621653812612114,2.121530824637424,3.955190811809603,5.841240291191279,5.599559211896829,3.9177326128754553,3.42379665795874
5.735011931206384,6.709509120245079,2.669375636707168,3.499725698986963,0.29957458928054886,-0.2818695107834995,3.351181393880133,0.21926550626496843,0.6652338432872654,-1.2821826559845881,5.644131905967923,8.191465636392683,2.957448078023243,0.83034389244474,0.9563754740713871,0.4816561974895631,-0.9302803441730084,-0.991113933204138,1.4874540654307586,1.07886397773165,1.7935926300454286,2.1833101088474685,1.054964757489891,1.5526293720540063,1.6051874902107728,-0.11442791265672807,1.8030960986196916,1.9587668963252254,1.9882308048799424,3.5411380150308265,4.882583044202561,5.101415339671494,2.9810030404594103,3.1714311195588887
7.507114139706427,6.910051776534451,3.4076399935469377,3.2095595671755093,0.9554095761969282,1.4396768056688236,1.7937472304100515,-1.2265406177432039,3.4684384301129136,5.629488680260775,2.433339606476365,2.9925537054381524,-1.1254157175508201,1.9524704750382298,1.3233236261426575,2.240861502788992,0.6344351374076803,0.39203286662679804,0.9717078605633852,0.8911085796704145,1.0045210974670105,0.8415713925774546,1.6181646836146095,2.0336942946297527,0.6441457059089031,1.0221800784878006,1.3980532925847198,1.7348310258819433,1.636772585495296,3.8493017873305964,3.617158795641042,4.100521029563626,3.3427879078162976,3.219692616156566
5.965021120006329,5.800751710790534,2.768821425224106,3.497429151521918,1.275669230333108,0.3063643208812725,2.065038243926806,0.5240669903004473,0.14463959431819604,1.5677057840797497,1.9667545678965077,0.9929694680791172,2.0910627398393307,-0.9414099533881257,1.6942310262162836,-0.7051258920564707,1.2178631268399038,-0.4191956949966261,0.201470455302086,1.3708932501389373,1.1159378586765967,1.4362460520216922,1.5299935921867118,0.2811010349218708,-0.38235605939180434,1.6890551899774129,0.9419004404528214,1.9030685977208501,1.4568735522220373,1.6157933454240956,2.500068458909696,2.5525097031226376,3.4032988544187686,3.064786438736535
5.307938650948969,5.238278879446084,2.9168975158433432,3.13340728619404,0.6646488301262409,0.9141068760190239,1.3446717349381854,5.329147829756176,3.4316380026014057,3.6125901685169217,3.0784099065771127,5.782929050816863,-0.9736661117155974,3.265278307055943,0.004451375007644888,1.1209741307001602,1.794764369861265,-0.5594511706594072,-0.17215440466363766,-0.07728914009371936,-0.17926866874197595,0.16139340342763464,1.389886117517519,1.0239840890189358,1.132235714836343,1.3245707348099516,0.9683091878426663,1.0750519835792958,1.101274772313243,1.2875351725611437,1.3939503336283365,1.5272751846500219,4.357202573779515,1.9011100954788647
4.5209071061545165,4.988782439448308,3.6648673923200406,3.307318325802708,2.5895326454952365,1.1984289720688799,-1.1053807029175808,1.6558578366634025,-2.1787484719991395,2.1756837814592176,1.6191428204856992,3.763707402136243,0.9330735873684189,-0.4518516575323917,1.434566263489067,1.2813576134219806,1.6972040018648331,0.5717818812507514,2.1941858944945314,0.6445345980240931,1.6739273471034497,0.5505262114557046,1.3080329720907689,1.538014981808243,1.171062335103315,1.9168377688739366,1.061159813775656,1.4612361170110537,1.067991655217463,1.8432347649839118,1.2739174297459654,1.6305503459885344,4.365185339142225,4.470327891228506
5.094081153568416,5.447513186718892,3.8943188032199303,3.345565307949694,2.550597631227404,1.585426122298206,0.7638004658773043,-0.1834808644765128,2.406717693723977,2.05833876670356,3.475339197290323,3.5004625987954476,0.3859915820536424,2.8284001157622063,0.6300690272621954,0.31399138250169967,0.11266866926535299,-0.30350940918526637,1.7643632838702614,-0.6595609194696316,1.6344619961017843,-0.7212950060197737,1.7341064848225995,1.4394681852188722,1.6425659248678046,1.3674612145467966,1.4136981160248865,1.4912849900851468,2.0920603548491714,1.8513026761339486,1.439262451768894,1.691180408005303,1.4125929313658663,5.041842262802366
4.74936013296902,4.619244110241697,4.037649139477258,3.5587334210713983,3.056462733777237,1.5634410442272844,-0.10125682501301907,1.1058979119168837,2.7188364741987185,-0.4880077025940132,-1.6126175337676907,-0.6088129156958446,2.330912931360453,1.6957289511127336,2.2169008100955407,-0.7186978406099557,-0.45445267405226425,1.367694390646216,0.6898861120622057,2.0132888408873955,1.7279222956367257,1.4863552226328378,1.4209228163075207,0.34394350212165326,2.133764427512999,1.7337489561647164,1.760056655897694,3.136580965761816,2.283301823315913,1.4054655457493925,1.7019371238239847,2.344572651817951,5.418358655489521,5.46890770936347
5.712157054820202,4.085542922662502,4.5484065884862135,3.857762499178581,2.7235930971552964,2.7543096234559186,1.0126680322066282,-0.672844575035026,2.1006918875441682,-0.3167714651702881,1.4553775467017966,-2.587639448975153,1.2750013236137672,1.4779367938922656,2.2394639067184787,2.29425413215528,-0.020889300826351598,-0.012613898072323678,0.7366237385864562,1.608052604593553,1.7779082305292542,2.410160804674898,1.5374995907332534,1.0934291899103104,2.712145485667391,1.8763869496049848,3.5445144188071276,2.244267538963744,1.8199327938115009,1.577023423910719,1.4012330920877474,1.715237036510749,5.669787752260472,4.520922706603894
