script/wind150m.json
{"header": {"parameterCategory": 2, "parameterNumber": 2, "lo1": 3.000054539987559, "la1": 64.9999836372058, "dx": 0.5, "dy": 0.25, "nx": 34, "ny": 52, "refTime": "2026-01-16T09:00:00.000Z"}, "data":
[rows 0 to 23 of 52, columns 0 to 33 of 34]
6.710478111148141,5.271950122951619,5.858436198015367,5.984821229389202,5.288756344237854,4.083277615238832,3.495676664132569,4.23013253530517,3.8037640989880144,3.178262272831603,3.21947360841319,-1.1054668405645975,-1.272956021216628,-1.5750447639186242,-3.833810951509083,-5.912568556094791,-5.707434712230639,-8.858861579704918,-7.333607779865378,-6.289481095690411,-3.7809073077277318,-2.6683342182229337,-7.827903151205429,-3.1475503888136926,-2.1919518158606746,-1.5037557491681406,-1.8814784612435218,-0.20599698763817453,-0.017172436289840408,-1.5572427071149528,-1.32895468322004,-2.114680433123215,-0.5505915152472262,-0.7047905227535616
5.633513485620903,5.024548869390273,5.794716406664715,4.6422241715228045,4.945949927926078,2.291939289161752,3.9247339883881254,2.846207419535988,3.4743548722219013,3.81305855794847,3.047334922100957,-2.0376299918065164,-1.9749044592882055,-2.7937368876122335,-4.578242611708837,-5.891189108321199,-6.736186471980321,-7.98369629972561,-11.16428552513283,-6.4515499197787305,-8.375437610420928,-7.033234933367147,-3.225756501590522,-4.93047662780963,-3.9905668313133242,-3.3490351524227764,-2.3199235116129753,-2.826206615447361,-0.7596492939535898,1.6455700450584132,-0.5948956962818781,-2.0896012841291616,-0.6258737926106674,0.9725776486042262
7.255316951776107,5.538008530729581,4.624843012172739,4.951102312858471,5.95288152488292,4.184310210856968,3.6420883419392043,3.192557947388458,3.607126775692417,4.328528972296468,3.5221084880133584,-2.5254838743752197,-3.2134996379257776,-3.0751230670343315,-3.409547476231412,-5.2860287284836565,-7.354128605702894,-9.759406377275528,-7.096772872148193,-5.224652373394417,-6.459026877937482,-3.8694742208642183,-10.549134985667491,-4.035651567895012,-4.017773040373475,-3.138757033608558,-3.2575686200538447,-1.0784686627034183,-2.2117779720189352,-0.5517487869165246,0.5541302825860043,0.10266825574260209,-0.7805859969245558,-0.29446611486473234
4.708332686092717,4.330553509744341,4.0765480365488544,3.843688928855072,3.921807188900516,3.274066499896566,2.7838467918398817,2.8636770337815203,2.3183678458171504,2.137396121108348,1.5020508965775827,-3.6469404540317,-5.1751200340725205,-4.531126774443303,-4.844176037343822,-4.197969029611545,-5.901146107287569,-6.269132565695566,-4.451665227229093,-3.4657490688517334,-1.7847476170924839,-7.997143236354986,-4.2996979921826295,-1.678817385793855,-4.076618939388587,-5.137473068861563,-2.731318808753324,-2.678697899520426,-2.8232201085596618,-1.6459411127295596,-1.362731639644294,0.7139987695734004,-0.7872894758980042,-0.6940975773567576
3.476640445737743,3.366806808032911,3.2292844264654863,2.570820092596435,3.4197628429083693,3.2841033705496994,2.485500628357544,1.622281986975889,0.556071709800363,1.1910566578634187,1.0184362606266386,-3.641915010196822,-7.531589809587388,-6.90018443564592,-8.740672261975892,-5.21913661189033,-3.5316890889752695,-5.604887253560524,-3.5217109387150094,-2.2435983333870335,-1.651704786635827,-0.8330549304659621,-4.03371205582601,-2.59003974753595,-2.2244760533891146,-4.2350283103854895,-4.5990682450545215,-3.6162423793492335,-2.191659889803249,-2.0955304152692045,-2.6484550471032473,-1.0053362215577772,-0.06169728874243999,-1.2442057049410093
0.7030879641427363,1.3625235022535198,3.425649605645022,3.750141480879233,2.6851762354590814,2.363106384362453,0.8618750484610689,-0.7021688069500224,-2.2451958261435427,-0.715450589969191,-0.25717865907938986,-2.308112919674137,-4.705314711148723,-8.755538620009808,-5.3217853287185095,-5.31758980161282,-3.7139962931038455,-4.952066605986679,-4.0081473527279075,-7.279371536274712,-7.654206405185249,-6.347287921474078,-2.2411349632526965,-3.110324584815247,-4.291217974870381,-3.942624287843239,-4.716928116786497,-4.392484710346131,-3.6045686369120546,-4.078265224027264,-2.177810851203039,-2.0931383386379583,-1.4062193923962696,-0.9315389524217056
0.12161553051320048,1.1706754821842948,1.1022775829988276,2.388411435141132,1.6166156443015227,0.3017109982284382,-0.9097326632997671,-3.476391790010204,-2.142737501851423,-1.6368749888531426,-1.2059303021791432,-1.1698250513947923,-3.8055594553978924,-5.954406199392405,-7.276610388051661,-3.75704479138098,-2.0669658266540334,-4.170444585198653,-1.6357398167596253,-5.03018555355644,-4.322706406141776,-4.350805183049128,-4.929155555670113,-4.351151809226609,-2.7397802288281756,-2.7517688159830893,-0.5241785059157065,-3.18248718734825,-2.1066073325266874,-2.2071139280415886,-3.5470083368069396,-1.4370870375006188,-0.057939120491110566,0.9025108745529171
0.5591869997231734,1.2141161690924367,2.2181951593930735,1.7086076105110135,1.2465081261498536,-1.0419711172868908,-1.6385081422762269,-2.636636579533197,-2.0128562937035714,-2.8017455720603857,-1.3302696791797286,-2.506584308556018,-1.2530608070328764,-1.776157877500909,-4.008927056665519,-2.773749030205381,-4.3043948536897245,-1.412148763282601,-0.07086430880970958,0.07186600665176748,-0.8870620299345214,-0.5734236947873298,-4.7375176038116775,-4.202069519550896,-3.6578372487436153,-5.2009304206390246,-4.543229983188668,-1.067330457047519,-4.7548507460451095,-3.299691161550308,-1.6044739814285298,-1.2805028653720034,1.2702524099530323,1.8150104002743355
1.7700180708620037,-1.300779672256695,1.1190833543183454,1.0075640748398265,0.01579000054128074,-2.1399699383647115,-2.3945665497326125,-3.4874722341326394,-2.8411080072858352,-1.791418977241927,-4.842413829745326,-3.544276521117458,-1.7191565694296833,-3.7112847290851434,-0.9723331214811148,-2.212882710144266,-6.009318302922545,-0.8838701409837998,-7.34132084352097,-4.589531488492798,-2.23201327652206,-0.8507902167661137,1.1725818544592568,-3.4162518989267507,-3.837838435227559,-3.9738298322496277,-3.0431464306522704,-3.2021003622292175,-2.1359257024183633,-3.1870792503773258,-2.296604506612983,0.764967943546519,1.0838769838343882,1.66397833142125
2.2768903344287863,-0.40916709727638134,0.9796824317574164,0.812302212030033,-1.0517934925021588,-3.0507634875218637,-2.905710949793637,-4.376791174976745,-5.559346904988635,-3.0788912859614914,-3.5565563944621186,0.12299043839127471,-3.1464350732016113,1.0738888529998551,-4.230744180623064,-2.8716333248048924,-2.413383934336913,-5.778705296876513,-6.511820303907226,-2.891666412078201,-2.6233745196933977,-1.0127119530704702,-4.426332757003721,-2.4481340906140194,-2.5015863962522076,-3.487260607140093,-2.73339816351149,-3.3440211035683,-3.997860042831932,-2.2508504209479283,-0.19763685540234888,0.9144831095322095,1.341542156154694,1.6508501018576032
3.9557260945319728,0.27319800141409273,0.7915836404700158,1.5117899123780996,-1.2046302916219784,-2.613172866274538,-3.9479137700244307,-3.9548879043058207,-2.669318134066662,-1.489094811197753,-1.4750634089656038,-4.6608798887132386,-0.8798257188751051,0.5811642657145563,-0.009892360757328328,-4.638724367644436,-0.9661947262494797,-4.648526489796374,-5.406101327141288,-3.6044871414380757,-2.8260800230898973,-4.242306682108265,-1.3810641885522026,-4.0467711696994995,-4.48591929404591,-3.1584055237205946,-4.093636950276327,-3.9306981079960233,-3.2342950236086985,-2.3891301624437413,0.30939576787603323,0.5297655502537587,1.2623901893325629,2.1080310591291713
-0.16433807433596886,-1.5937982337796994,0.17082411668901265,1.8507644032962587,-1.7274056816647536,-2.6491913305872483,-2.5290281687647305,-3.517910155836802,-0.43186995438327785,-6.0397154245053315,-6.149952917783393,-5.799399436113101,-4.73695996387297,-3.8458093622639575,-2.905654084903927,-2.408448376025521,-5.92220306670676,-4.795695396385316,-5.729069015149751,-4.371293601504633,-2.932105996113753,-3.601024742396582,-3.989174750353971,-2.3749863469257066,-3.0002725908733106,-4.993216847268646,-3.7033968241018003,-1.5620471382520618,-0.6939289863600707,-1.1038906636970551,-0.5658272363707061,0.2293285429711821,1.1987790959108704,1.4588286720494295
-1.0314936911377692,-1.316358924203671,0.055340360563612495,-2.007405887473102,-2.9919518926566853,-3.372422301887328,-2.3441465291715025,-4.084863144930235,-6.492485269834577,-7.774017702311642,-8.469492471643946,-8.75955568633642,-3.4332081149483433,-4.487192421184146,-2.37476501308428,-2.9944910168831043,-4.81433296760409,-4.068574749994728,-7.6024609156125305,-4.975133099707596,-3.489691292245626,-2.7534197188798624,-4.290540024815401,-3.9371335011004707,-2.831525937086837,-5.576011312816971,-3.9103483171936437,-3.86504234236834,-1.3999921581101635,-0.49764405796297356,-0.5015490732924833,0.17579845864526442,1.1839233439211347,1.4482025939896115
-1.6422900422350364,0.161033972359926,-1.1341281475782101,-5.173178050706001,-6.988478027799955,-6.0001828113479805,-5.604844084067233,2.2650752041105093,-10.689224842516097,-4.577468502749751,-5.921503856532284,-7.435854970274769,-3.3998258125249183,-2.7250645633708754,-4.198051360994643,-3.805834249979924,-3.875740229296185,-3.6458276377082615,-3.129750310231263,-5.404640241317691,-3.904469508975238,-4.818855359936004,-2.5879099978971043,-3.275439792601872,-3.898785489803125,-1.556439961146294,-2.6909157898839675,-0.483937709488806,-2.133286954401644,-0.431657152026605,-0.49829564246911523,-0.01105599184602434,0.4732558759044433,-0.3702962780658644
-3.302576071923172,0.29826699491095177,-0.8228312220622143,-4.203155228431293,-6.496313632715277,-9.16622682944895,-5.592652934969168,-9.57782931161652,-4.320923849916975,-4.272770036039489,-1.6731870024169992,-4.871686376585402,-2.5797403714766465,-2.5450906790083163,-3.9061820804192746,-3.813966100210842,-1.5603858404765418,-5.307615713389253,-4.409542099292342,-3.683426041930944,-3.1645431501977046,-5.969893774952198,-4.84968332080063,-3.084108862104671,-2.4739285898800865,-4.093645543558184,-3.9517341992988113,-2.0178186334365793,-1.178144175244371,-0.7291274021356167,-0.44420445846860207,-0.332081526927196,-0.7665252142165414,-1.1790252215786656
-0.6958964466442944,-2.0892713880548386,-2.9690875138409765,-4.863419703521749,-5.571842314677369,-7.402731062622801,-9.874663453590752,2.0065780706287017,-4.031601206808356,-5.375265129000296,-11.890863446116144,-7.501931619920253,-5.324317167455072,-3.6113549719718065,-3.5634753661870757,-3.9769081608562824,-3.201616291699697,-4.4246153530486,-5.497058101866263,-4.355369575657718,-1.5445802527221153,-4.929572332630836,-3.6381857268294477,-3.5776804747175603,-2.8927642034599765,-3.016368362457188,-0.9824375934993111,-1.0873182472531493,-0.7108901910091258,-0.6662806021108731,-1.8453724137805358,-2.0365581583176415,-1.034846048467847,-1.6060389668124284
0.2498565128128999,-3.419945939615071,-4.1135830349847895,-5.197809338356501,-7.198824884573272,-6.603246688197769,-9.643346028029336,-7.838811220292225,1.6650357487562821,-9.457796360794854,-9.696688452213778,-4.248571171467413,-3.8485071041559356,-3.2450096347739286,-1.650167914582514,-1.4958926229917173,-4.209264530675098,-2.4559424771927874,-4.159623811803004,-1.7925290576895032,-3.308467797712848,-3.5913464723413377,-4.444286988340855,-5.252768704425597,-4.589928271766469,-4.1082055492290355,-2.0164775860448962,-1.1645345706570696,-0.10556234488569864,-0.3118364593662959,-2.7634974986565672,-3.3966531948347525,-1.6115296214277133,-1.9916437454474523
-2.4721723144118886,-4.126934531437855,-5.9846132907376255,-6.6775634565782145,-6.8845643025393874,-4.207441236360894,-8.023429997252828,-0.4947075017275288,-8.385741106601897,-10.279714957595802,-6.325267626876938,-6.358472933958889,-3.664512852771359,-4.413080063622371,-4.086829163073928,-3.826781494470377,-4.685317219088299,-3.5575857139555356,-4.654786380980334,-5.806349657334724,-3.7559524121761387,-4.50807422475713,-4.275465804376891,-1.9677251015441986,-5.275601281658649,-4.369828728237046,-3.435391242721948,-1.755643364116832,-1.234399908453003,0.3385987035016645,-1.880829062867504,-3.1225520273185934,-2.3491461550627792,-1.60472555084397
-2.635655426313025,-5.174783912478018,-5.864266401166266,-5.555436285269966,-4.5511559929857635,-4.846440091409692,-6.317329690889395,-5.593215933345479,-15.49425718197346,-9.121323965495813,-7.871434838891304,-6.445754824899953,-6.679323041290235,-3.1521949457931417,-1.8106231048235977,-2.3596761570934746,-2.3244862785412646,-4.011857870728494,-3.097121761328644,-4.22707900888187,-3.8029958835683715,-3.6595416108823957,-3.3457610121113976,-5.284897845926793,-3.40012118715366,-2.9770557632155175,-3.2069952409403966,-1.7768436082801102,-2.203677469216629,-0.8740611502024506,-0.34042377607886454,-2.5978538023028515,-3.127520010447318,-0.7139579341526635
-3.396827206638666,-4.471240019378566,-6.621458148273453,-5.9197825539973215,-5.404545841495111,-5.3431874486585125,-0.6484642150483462,-6.8225263760805674,-10.311302664807346,-8.9376090701782,-9.608211884838349,-6.66716823482639,-3.7024227402985748,-3.1279522227922967,-4.829461298381266,-5.97358213038547,-2.7235180478422567,-5.5826962289539175,-2.821335933975612,-3.9460629345090354,-2.6852920577259924,-4.430072849816157,-3.770485567032351,-4.345508466295044,-4.135929073038547,-2.578888075751724,-3.174992859241831,-2.137387179957924,-2.767708731642651,-2.293977712928619,-1.6206539482654483,-1.1596127858894845,-2.1620471066587577,-0.7055239627443475
-3.327170459450368,-4.750224672990909,-6.999474637317143,-5.689226030243508,-5.448791327830159,-5.796284946251904,-7.6251024197519355,-2.9015330638091825,-14.147049538344712,-7.079998061446349,-8.954032763827803,-7.3795946130280905,-5.625967143028476,-2.1703622099828284,-2.5316454151707783,-3.29913796302021,-3.0502343093752025,-4.851141673052453,-4.046390109922425,-3.891542389852691,-3.142586914525128,-2.9183447584534536,-3.63159608410847,-4.71577682049121,-3.037259062374437,-3.0534339524760807,-1.6756507729395633,-2.5669764411520877,-3.023180234721143,-2.2956636142853752,-2.2105442875219863,-1.6518290424944206,-0.5815995951858248,0.062273419377328484
-4.347579343758917,-5.8752600432651905,-7.978072536015648,-9.924874487039881,-7.087361708542018,-5.260167125137619,-10.961027414407855,-14.37105389867932,-13.284949233276725,-6.52995197058014,-3.793097958231733,-7.9564567976973475,-4.578301006942564,-2.681867620861798,-7.018876832339771,-0.8653552414061357,-4.859346859275112,-5.892595290068581,-4.500842930799632,-5.154450817259126,-3.0681998315418055,-3.4462143400317395,-3.7776091479543323,-4.940766138284562,-4.373286636015683,-3.3564819009203615,-2.6760642796360967,-3.030020135558502,-3.472964126431924,-2.8848209659303743,-2.345621140425707,-1.6620395767826737,-0.4846134495137925,-0.09614748952574603
-5.6738432810427,-5.9761119838292895,-8.846483491973398,-9.033721526713181,-9.524757441328639,-7.945462111882385,-12.473533995271488,-7.303951303577448,-11.178166765849245,-14.342077271777972,-6.050846496783113,-9.859266581953158,-4.775049810719515,-7.3898575888913465,-4.458871713800327,-4.808330824138766,-6.211713298929554,-5.625574317641655,-4.540514904057429,-3.8186838984573095,-4.766220370661784,-3.229937458105293,-4.713250676702696,-4.619963347030797,-4.568921983446241,-3.9457191634758,-3.658825789773085,-3.8527723935372373,-3.46485308249969,-3.1280939025152033,-1.9539812345825183,-0.9945411444355462,-0.07965203491460307,-1.5200974618926164
-3.584649293730743,1.2340384214776503,-9.902158975309474,-9.78705577708316,-9.53049324899465,-9.085853738371819,-6.258812004427723,-17.09806225395362,-12.841445105748347,-12.023460375480928,-1.8913924011378775,-1.5463559445725819,-5.959087007922542,-6.87580920141492,-4.65359936991302,-5.95172285664617,-4.9048953357050165,-5.4247501847590955,-5.514748886763397,-4.310570425999949,-2.635910872588977,-6.822102496318353,-7.087188372991043,-4.772404160683655,-2.7127007264692886,-4.087103127745212,-5.126708036425641,-3.860632938686982,-2.626449621096831,-2.156142623988474,-1.6137103695963262,-0.11157962389103819,-1.09248066085239,-1.8520513663989955
