script/wind10m.json
{"header": {"parameterCategory": 2, "parameterNumber": 3, "lo1": 3.000054539987559, "la1": 64.9999836372058, "dx": 0.5, "dy": 0.25, "nx": 34, "ny": 52, "refTime": "2025-02-27T15:00:00.000Z"}, "data":
[rows 24 to 47 of 52, columns 0 to 33 of 34]
0.428325100480635,-0.5628452349682797,-0.36315423257145785,3.3720183034231894,3.0433331321277506,2.1114789099552733,-0.9542272006518612,-2.6611840023404496,-3.276177420451609,-1.4922876171151227,-1.207963518201415,-0.4740609133311478,0.22515514027441805,-0.24689383015798672,1.7297695893455074,3.492242806436918,2.342220618153547,0.6470752790780991,0.27008687544188315,0.3321251554370929,3.586225923572312,3.9198342762740994,0.7600076296774441,0.4516648187179081,-1.0058643738509694,-0.8234942582434556,-0.001498053840411482,0.04152205359946267,-0.15110065450427113,-0.03452137992333591,1.0217345175836052,3.8031357906167984,4.363513526566288,3.1478363598758463
-0.15713421154003854,-1.3861138482598532,0.3172029779568721,2.9731184893032956,2.0964679843588225,1.3482888380007123,-1.135609132247032,-1.5127424363266875,-1.9464125680563082,-1.348101587599751,-0.4749920027682023,0.6656434628632785,0.4988548346728679,3.0583092424447598,2.488214832634465,2.2990748764982385,3.7339420622777046,0.7233909287469837,0.30067438654314543,0.3716843427838799,2.301986280819414,0.3760723557973879,-0.04076521776075316,-0.2681148216220014,0.7620662497916422,0.7192051114779483,0.3112015588397641,0.10927529834936328,-0.8566835681584324,1.199472177739172,3.013384742217734,3.0289996499690903,2.3428962436769547,1.3193284795024829
-1.7813000948252937,-2.443439145462361,-1.1826932213744323,1.3475985337258087,1.3414653762864834,1.5068954989714998,0.5634050258558619,-1.0698192513735734,-1.2146200140857393,-1.0861116330534526,-0.38796723346846873,0.37149310720553197,3.6219226094513077,3.5744237346073597,3.0346512894020328,3.354213006522602,2.8509331558755058,0.6100547561412498,-0.30920311085724617,1.6138907413289978,0.4910836843577535,-0.31473463647539496,-0.6307407028169046,2.109535199666531,-0.09747783939388555,0.26650702801898796,0.7992749178314286,0.39610552848328245,0.27836279360057153,2.9957813422104684,2.979284637913894,2.5750207491358514,2.087018021667957,0.3750608600831008
-2.417773401281381,-1.7771444145903803,-0.39652242844670643,0.8224706268161918,0.36301761763867546,1.1834161724583272,1.0364527790224347,-0.1227484984519719,-1.0057500424018748,-0.6847720303100736,1.1172016269124796,2.466025817682131,3.7871142778570475,2.437033106422976,2.1185460335345523,2.8461542358404817,2.671992215709154,-0.08147405025461188,-0.6459403680026871,-0.39541531850729345,-0.7013744319303931,-0.6150589176001492,-0.3294296712335588,1.6779831136059224,-0.404746882512318,0.15290666383557086,-0.05578922467424351,-0.2528657461231783,1.4405096923080603,3.1099525564007378,3.205891745372618,1.6508001923048459,-0.2957290107993618,-0.5916746179215424
-2.2493070911843684,-2.4743013853849125,-0.7839434616836117,-2.0543639204592337,-1.3386101628091411,-0.13469103373388894,-0.3362432817752382,-0.5759834009828957,0.9739464607454489,0.7588836461965343,2.422629497996307,2.750567139473455,1.9101853161825246,1.7952410439324082,0.6029256651760031,1.928933191670982,1.6985506033734057,0.4992819300026487,-0.5150739108303125,-0.4505640088190941,-0.6271994912216651,-0.9156178946593314,0.4120791226343627,-0.0956062191776193,-0.36741370310808336,-0.33939844577457967,-0.5102942113073485,-0.5277520226458186,3.0733003126938097,2.468678195823184,0.9504394583908463,-0.007006107804970892,-1.2799705562351253,-2.121926176727827
-2.34003685117999,-1.200111453521763,-1.7412384228691926,-1.7268529128108074,-0.7485733061347721,-0.7767994707048747,-1.3027505105777184,-0.8116437825819669,0.5186984831556686,0.8655037880203513,0.644130023678075,-0.8021199374920265,-1.0646788710561785,0.6452444635885427,-0.6097422189430322,0.2154449719478068,1.4031735165407375,0.7797979965513846,-0.5513585682186849,-1.2653120172691033,-0.6656837786466154,-0.9626711110100529,-0.09187409680149654,0.3397882262715173,-0.36382114253675185,-0.7071649177661837,-0.6334655601132796,-0.6430799458406286,2.585828298382648,-0.29831341621006247,2.1935752863393225,-0.20865548993801922,0.44171887422664086,-0.26276488529585956
-1.3173936430181445,-1.321384157950728,-1.973000479069408,-2.9432159107882967,-0.8474818857085965,-1.6716364214553838,-1.671919135209329,-1.728101060967326,-1.5445189274783577,-1.841771920681228,-2.1202554256432418,-0.5454060819841173,-0.5477414105308565,-0.36596828725880814,-2.1705730952332005,1.6041221037577098,0.375995125490634,0.6771585527019797,-0.13080589275667218,-0.33306081681634536,-0.2673009257445796,-0.5673233504296126,-0.26514613503465195,0.0675658693294805,-0.2296298816828449,-0.6724098939119074,-0.9713411352100488,0.1582777268197564,-0.1788337489383874,1.4539169727024852,0.17055030541872737,-0.35451492227219533,1.276597955817941,-0.6648382316247357
-1.7679163762818249,-1.3954113201988931,-2.2484775026628747,-2.2382065441452346,-1.963455730878388,-2.1084448274549596,-2.1532466933396717,-2.77577802469591,-4.136474204852953,-1.7829221304785063,-0.8159631043707359,-0.054495240684749084,-0.7096446631391824,-2.922079011160895,-0.7965955895507799,0.6181482952911559,1.0618540911901388,0.1238523423218527,-2.4286299983042756,-0.31276515442353375,-0.2650954332522413,-0.1349292027005708,-0.13219816706337503,0.4229378029898349,0.0813848819140968,-0.735874740448203,0.2899098662432256,1.3742225490933422,0.3968489901911099,1.2044775945643358,0.2209784332759898,1.1554640670115837,-0.5801726049275694,-1.7367956356275902
-3.0640976872513104,-2.785656200571787,-2.2600182870918153,-3.2953064303144637,-3.1654918563425682,-3.0441155590945015,-3.012339237653633,-2.802435106438837,-1.6117817353082593,-2.288954911952183,-2.243823635722249,0.0889391146537851,-1.2204385344720687,-1.6016947834522715,0.5867837470628887,0.8844731791031389,-0.5741787589915376,-1.4254434853032703,-2.3232410065130398,-0.32137315468033295,-0.30338506788857705,0.5354156067523996,-0.25091639917533665,0.27733805215071555,-0.15867595260265013,0.36187560556284654,0.19970538887813982,1.3068777533082963,0.2866633728747106,0.2694406433015013,-1.7845505631814624,-0.6247272033153815,-1.4677844998210947,-3.0804773841523994
-3.3812191653973076,-2.6379956084921843,-4.028329994104602,-4.030533130419538,-3.5070882142050555,-2.5283361161080844,-3.1695652550644007,-2.768507982362563,-2.0969619549657366,-2.50638590288845,-4.133609919617835,-1.5486594473610096,-0.6631162426246726,-0.20152022267306646,-0.576244434769244,-1.2646910117574868,-1.8526711401131173,-1.9145045265414329,-2.5569821943364737,-2.387661752072714,0.44237732555641457,-0.32332446206773247,0.34180163130255303,0.9573022281361802,0.24147086344447016,0.39475561607844556,0.5003400333929061,-0.36888421128006116,0.18482425336493485,-0.24171364090678515,3.034207167997998,-2.493869312164714,-3.2659216627264978,-2.4366087502054974
-2.5444615848985555,-4.574188875953367,-5.185753949298961,-4.715580622841302,-3.58082047208764,-4.238904947073716,-3.789006670696487,-2.5300243564078295,-2.9235435114329076,-3.5079182456233395,-3.48838171797264,-0.9657752937866337,-0.6383567398680073,-1.225122534194987,-1.2133917180203184,-1.0251409118779564,-1.2894906623381786,-1.8829897809239526,-2.163283592972054,-1.7131588257145174,-0.9190578832620272,-0.3872549471561471,-0.13004856638294948,0.016132362322662866,0.5030623298085218,0.45609916682891644,0.5040754430956872,0.02842718841613403,-0.16049846220400807,-1.8844511646886706,-0.9173659536005238,-1.680434639487778,-1.7078577482138417,-1.994672871537993
-4.529975001251638,-5.589631633549697,-5.680672251128873,-5.021729963794558,-4.766815415293525,-4.510283264601774,-2.794530721719836,-2.814774954844259,-3.0634976702275347,-3.475625542128347,-2.292035968930612,-1.0446859543489877,-0.20391572695614,0.4126656596954229,0.49253978173400603,0.18742861363524008,-0.9124204637230843,-2.307995722539912,-1.8371791171767897,-1.31975247026967,-0.7751020698720853,-0.17501394545818533,-0.485990001402007,0.08659948306475333,0.05106225789633514,-0.17698466726637355,0.4748383586831187,0.440298486471807,-0.4892625598083784,-1.764004460379564,-0.8991643392144509,-2.4061291301250565,-1.9078795170348661,-2.427977331130864
-5.845790794018839,-5.778782426435469,-5.015272184820359,-5.6289463605172125,-5.648365441044945,-3.05905500681379,-3.4301925763791696,-3.3196504477457975,-2.6329597894983343,-3.4445485056127647,-2.0136880255919234,0.31472952183927333,0.2592051265804616,0.24643466889372578,-0.12044709315407187,-2.502661840502934,-2.1047594615403957,-2.2624736397850826,-1.2966378818374589,0.987824686058099,-0.1660088312534318,0.011612798320534176,-0.183280240765864,1.0421067629073641,0.39413200899198136,-1.0854531576680717,-2.2916762930707097,-1.1056373993499533,-2.205934243245997,-1.2406647497930319,-2.2635755545880523,-2.1837341316121,-2.780907603880075,-2.961507601699951
-6.343757404522585,-6.014624564134563,-6.719735612424729,-6.747477562634197,-4.2547769145608525,-4.5565051775248255,-4.044165767205537,-2.9001207210396136,-2.882120791206243,-3.412688620789122,-1.5311331689524788,-1.092046294990875,-0.9469139384369794,-0.7221418078037538,-2.3752499389105455,-2.2627717939324787,-3.103951408832367,-1.8402303346167341,0.2714518908335716,0.1180360786200775,0.7315922561914625,1.2638930051878143,0.49003635237277915,1.6436173172475865,0.439429141861549,-0.569866793508223,-2.0007494514530015,-2.883682354964605,-2.919761906760223,-1.8909622081698194,-2.6705742297528583,-3.017795663850022,-2.289825864479818,-1.0387392243365632
-5.984949064778159,-7.528708249388274,-7.513085264666209,-6.442151781619799,-5.223764555846738,-4.707583897736226,-3.3464921711684226,-2.3095837652024045,-2.3287088525472757,-1.871621968124127,-1.3720907419862518,-0.8483140986449897,-1.1032623348785666,-1.4625934988830889,-0.6954501128536008,-2.846016776978827,-1.7173308290669114,0.38215519119691943,0.28973505269378647,0.18072791849671285,0.7641457897868013,1.7488729242453072,1.9049097673821123,1.7655198066259823,0.7139226713587308,-0.7227221956897537,-0.700796171784795,-2.554131636493521,-3.760300024172114,-3.3292514934785338,-2.8251948917426284,-1.8259086597507188,-1.8102945733313183,-2.2514014550928163
-7.439056898100062,-7.5946830647924095,-8.193214339921203,-6.542107648073951,-5.580750901281474,-4.103364600219422,-3.578718001349513,-2.4295723838412115,-1.6801066958546953,-1.341623868288423,-1.762525223506496,-0.6080786480163433,-0.537948366152075,-1.0768738140715244,-1.099022626893639,-0.6319312157380398,0.21257161971705296,0.9954125131305472,1.2200416915136858,-0.8139701125035861,-0.5991701027577239,0.642745053023715,-0.22677454338609399,-0.594886036615294,1.5398029967653957,-0.6195427911227822,-0.1680502899409173,-1.3825516372340565,-3.014338326552613,-2.609628308088582,-1.3771091875764676,-1.7209147318598585,-1.1988516223896333,0.711869713202475
-8.007102467862785,-9.251937234569837,-7.36657108343795,-6.467990520489251,-5.226637533211722,-4.474852982277269,-3.6638878109143103,-3.1938699902739485,-2.492685006487653,-1.1200147003208587,-0.6115457309282435,-0.028991251841715828,-0.1813025859596821,0.12008730719984276,0.6900545633012501,-0.06321195225845117,-0.26984465524373674,0.044114463394966025,0.8768278148625932,0.525838895191087,-0.4670661411707849,-0.14429240962209033,0.6451353986135938,0.1980058274324587,1.4040083894322286,-0.3143066791794327,-1.6198201932441214,-1.9214346811274141,-0.849172646896638,0.6796054232088378,-0.4769026586232074,-0.46494647144877976,1.2823201331435075,2.6734246951297016
-8.984114202654533,-9.633888626525449,-8.594748484203144,-6.800225466096696,-5.813697314264858,-5.063222557487165,-4.804107327637316,-4.085406479702557,-2.127377976414418,1.0352746889663658,0.12040481613338312,-0.28140356654933674,-0.6319869121553331,-0.024551445549204604,0.6836116826134688,0.5565434042155021,0.4226968280888636,0.4157372301993632,-0.9455180331873638,-2.1600213715296785,-0.6484589019375075,1.3517631025482486,0.8236169783704529,0.38909283124898864,0.5268322453349866,-1.4196427897458828,-3.285305958603369,-1.7243798332569933,0.7478857243312077,-0.49136654692193327,-1.020833677741342,-2.0664295787772136,0.19526318268025405,-0.18365502840045173
-9.2225112262628,-10.325468211699176,-9.800701447882922,-5.883573419666969,-3.8701488162580335,-4.483383256833205,-4.575332854944564,-1.246997415704346,2.4286318141260765,3.1732944583362834,1.785858611578241,0.35953825884767754,0.17619832563562532,0.11077507486052378,-0.15373193519506007,-0.26076598912581883,-0.04837065787369536,-1.5117407234164837,-1.5334982970296032,-1.556082969038125,-0.7399189101825749,1.0594683008477572,1.2320033791076643,2.275813888579164,0.6996141581237008,-0.9487253909050299,-1.5986272739533998,-0.9598707429918194,-1.3292419678004133,-1.3294228588627077,-0.8598539356374113,-0.6474579247039965,-1.3105415986196192,-0.7230225042482632
-10.398101364064708,-11.68374398454235,-9.854171411813985,-4.675960404771564,-3.528595168805895,-0.7068259131325312,0.1547242109598823,0.44942598133405404,1.127727682796761,0.6899695915611596,0.6450729502441409,1.6599450344654103,0.15718614148659896,0.6049565259389243,1.2462400911764275,1.56774127416118,0.8391545302856029,0.4195797592884793,0.18485908356039243,-0.0653385594344735,-0.05094281089864225,-0.4104739768919808,0.2431707304826549,0.24093442572466345,-0.644074956680756,1.4507966629991815,-1.4992498667915874,0.19132035357772867,-0.16929091263717358,-0.25924075312399825,-0.4479503577035338,-2.328147238439066,-0.15153764640598386,0.9723845417360787
-11.436479209990944,-10.410577875645592,-9.075496510186916,-6.197191087448016,-0.7677442123480052,0.17156460941617735,0.31099160212243754,1.0027059811228334,1.255451873909264,0.2757120078624482,0.9383289315764624,-0.8930076682241955,-0.028041790140959623,0.6415295793914453,1.411065266615933,1.458878149486703,1.7289058656141305,1.8391974998454141,2.19564316438189,1.6351888675040465,0.6816356513425729,0.44727878036109703,-0.4837470412311075,-2.3470389777128617,0.6991628252088307,-0.8163677651539208,0.012545131537714596,-0.24396969776833968,-0.6445458959062299,-0.19907850076449962,0.776056677257521,0.4579602000312445,1.7337137157221056,2.2553785555331753
-11.142211412207413,-10.252538608198826,-8.792741666263574,-1.8815113730443,1.0049244336760712,1.602380873424784,1.5401330234436559,2.3068592709973705,1.4198922769699642,-1.1327575919037673,-2.0006076139170657,-1.9709656841912757,1.8211773688180042,0.751767348789717,0.711696891191418,1.9333867958739368,2.0689186873192815,2.058094094280057,2.348964940651786,2.543022995901311,1.3035461429469746,0.44660770421366563,-0.6449627287430366,0.7291175370093854,0.762676690406534,0.21972639073217967,0.5270031913181118,-0.7430213064880717,-0.23201737559131394,0.29482316124145125,0.23388254980793538,0.28205384133013095,1.4021566169334478,1.2997159728001673
-11.6207324791703,-11.661501034740711,-7.916243175328216,-0.24854531083602213,0.3191025818059431,1.9135069122812216,1.4159391313987055,-1.2127942148026798,4.006039149211612,0.8330023153234933,0.28762623272951954,2.542309261609724,0.8262599761528356,1.5188447089489676,1.7867667317160556,1.8464546721851534,2.1130495180569406,1.7142201353628617,2.6495875080328584,1.2442463702398225,1.5477177583210002,1.8211416989898739,1.5914305517154792,0.960257356511916,0.7923362833689557,0.38337268229959914,0.34211764835691677,-0.30769959237858574,0.17573737264762157,0.49845584562466383,-0.3432581027808243,1.0312339974418168,1.249416940513437,1.2424866284155929
-12.870239206319045,-11.443202762744571,-4.766019495872415,-0.15666776181841305,1.043213454883138,1.8030197401473997,0.34498364792982805,1.1228891874253555,0.04063539352858493,1.0441699493327208,1.2128468033863582,1.829150865146331,3.2133925847749354,1.1336607124611704,0.751521253695791,1.6180156113091593,1.090296865173287,1.4929454371436977,2.761807303996385,1.5426117818021514,1.6476217890349505,1.4821231821425471,1.9691223076089994,1.1566531661600707,0.5830772239063381,0.06034488682051875,-0.5405652147756598,-1.2006752686641817,-1.187527570776504,0.5213775482699957,0.40413299061052627,0.7213373220540975,1.082880791912407,1.867202342684715
