script/wind10m.json
{"header": {"parameterCategory": 2, "parameterNumber": 2, "lo1": 3.000054539987559, "la1": 64.9999836372058, "dx": 0.5, "dy": 0.25, "nx": 34, "ny": 52, "refTime": "2025-12-10T05:00:00.000Z"}, "data":
[rows 0 to 24 of 52, columns 0 to 33 of 34]
-14.245228360046108,-13.960900409304953,-13.704534663296078,-13.678296048184254,-13.552820260332506,-13.27202904147213,-12.95294355470181,-12.77007007620032,-12.491924863247634,-12.126494978178295,-12.032582937599301,-11.776521962734574,-11.379566545629201,-10.792578921899064,-10.224876303461917,-9.049311053424066,-6.062108427194245,-4.331432226502438,-3.5422525377870646,-9.179663084418602,-3.378366881611564,-1.2024363715782724,-3.6996335598614856,-3.899606120709029,0.6316256135745874,0.22138228736435875,0.3022323888032952,-0.6506852967646835,0.3651220878825918,-0.9708595550132212,-0.18332261932865848,-0.4974332677976411,-1.026373307085789,0.6523492553708649
-14.85972569951786,-14.659850749147928,-14.243288412022999,-13.85601997063626,-13.454643802960742,-13.565336404200451,-13.499452540973712,-13.402719204112687,-13.311024837699344,-13.18153814696906,-12.973078754604181,-12.89189976828089,-12.862457965218645,-12.540301107651402,-11.480310778931356,-10.530052074211753,-8.622898265208097,-3.826532960138589,-8.407188167100195,-6.652861744768117,-5.81027470610248,-2.823265293219592,-0.38132800964013763,-3.113803302655837,0.49715239020650676,-0.06237142895732548,0.16210906269167655,-0.7496443145190469,-0.6750181406228737,1.3126300089757785,0.8609289466276882,-0.19789843840548574,-0.8020974955857993,1.186578714588008
-15.088044599812383,-14.791585915700466,-14.513317256042262,-14.269560472097503,-14.21594955381049,-13.982345751223514,-14.050846453654602,-13.910616288815174,-13.780672869413939,-13.348044867905095,-12.96110983771788,-13.042498759209382,-12.942771497831165,-12.415111164201692,-11.077270386022336,-9.546337272245944,-5.576467406688502,-3.708089206041362,-4.23814492015415,-4.51463717571258,-5.980114479725753,-1.7800194782703629,-3.608276259783095,-1.5391382559246425,-1.389311543922627,0.5540585846983335,-0.4194056193868539,0.8847111846996363,-0.42598890944145135,-0.46563493038356407,0.894641756961819,0.3178638397604161,-0.23994872416321167,0.7132928739394863
-15.66690092952504,-15.406987026098577,-15.119304551087756,-14.889445100675168,-14.572502534592235,-14.205823214643798,-13.946409591269045,-13.754096262027213,-13.326221414859404,-13.042040767379772,-12.903850871633221,-12.410904112240043,-11.89230781879053,-10.834445547733251,-9.975439188549593,-7.20421433134977,-3.3622216386621555,-4.196705880636525,-9.091401081108737,-3.1003848041592255,-9.237961787275168,-4.30004105668394,-5.010368932223135,-0.3725275266396481,-0.8977501760539323,-1.3421111631716873,0.5460388911104841,-0.5777847221489776,-0.6361848070076321,-0.289871636096724,-0.2658742410814642,0.9673335055008955,0.74430305443603,0.464342476889963
-16.618842580658246,-16.155235367844142,-15.72667180378872,-15.459461537646495,-15.044905974359443,-14.646218138924512,-13.647560717815454,-13.008248008217338,-12.20289675414171,-11.723427618863047,-11.319270800464512,-10.729199176530585,-9.215066377308444,-9.982425647412937,-7.527537667929821,-7.8525131737793155,-3.494994728713363,-3.409520988014455,-3.6065227387261145,-4.7352173364433625,-9.56301042848197,-5.059394967240876,-1.5128608150632954,-2.5142498706826077,-0.14284513380823824,-0.9390999217042817,-1.5247083792629066,-1.5774893293013368,-1.0356199945871554,-0.5363752251671061,0.23780994215912554,-0.21625041786240323,0.9546551235024578,0.8625266821956232
-17.039685368228344,-16.475802933486257,-15.875572239870438,-15.647931967002208,-14.886518510236902,-14.018585310483042,-14.052679310358185,-12.085912423033582,-11.456740245971403,-10.77015749011138,-9.98550915153367,-7.674579644635488,-9.412771644910642,-9.5521701879235,-4.915181383968964,-2.845530720814835,-0.6720718920221422,-3.7738736107112048,-7.622032343949855,-8.881270411697216,-2.5367818841469885,-4.337689670276779,-1.0165624281683674,-0.9030152233852116,-1.1174771305021616,-0.8746183994418034,-1.4405995764582311,-1.6434569660715466,0.41563812575279024,-0.609084230946426,0.014628304156496793,0.2443411787136813,-0.049023650654475025,0.42294648916350497
-16.4161640394224,-15.309914221140028,-14.527924084680292,-14.369001949729812,-13.48835656531945,-12.697849242475911,-11.994149803677905,-10.76970520675235,-10.391855189367961,-8.850953402879911,-6.113732587179051,-2.764712805790461,-2.2102681651136877,-5.17223588605958,-6.42290521947265,-6.797765746682878,-2.3729260606411886,-5.964385529568481,-6.837453531367335,-3.963447387894095,-2.5613546924505113,-0.614208641590976,-2.185376446982907,-2.2258899632077,-1.3134569472378164,-1.376535782161141,0.3508340753833105,-0.5014831279733305,-0.8550645278451988,-0.5305699590486838,0.4498552032750607,0.37295972713788583,0.18390419883592907,0.6405057593839916
-16.2893193012319,-14.648216371121526,-13.994425823426516,-13.233740074649946,-12.468753820493383,-10.735092925237362,-10.614599304400272,-7.903295076587735,-7.567086652514437,-6.947817312770714,-4.181751459531011,-1.1646782704302068,1.037566177600359,-2.7244743242695244,-2.722341134113622,-2.4832960451397037,-1.995705390638238,-2.1891497575946444,-0.36000015207826735,-1.745344727182213,-3.2754701417669985,-1.0149649989416227,-2.154227312393658,-2.810463722183402,-1.184610962316432,-1.6251298574083939,-1.455676338377029,0.4935510142255731,0.47107042295688983,0.06404632167541344,0.5201221655209899,-0.20627097173419662,0.3980848989904526,2.120286625983894
-15.953274381906429,-14.465276679531,-13.849902887122038,-11.074741134377327,-10.672754766441303,-10.128426554865964,-8.961692506414852,-7.093835010549757,-4.115084298333477,-1.3212191875900892,-2.7573214740357086,-1.4647128763084978,-1.3603284357383867,-6.041920482368707,-4.09967666332132,-3.1065959188422734,-6.379664821274654,-1.5362213580068642,-5.399114028733072,-5.119989865875801,-0.6133183610090929,0.38776803201373344,0.1136415411175411,-1.8254131201582446,-1.566944440011151,-1.6021310801328235,-0.664193367945482,-0.3514280485085563,-0.6692953848521231,-1.2501601947972594,-0.947461475502349,1.1529242685760615,2.1907347240441717,2.5725165038319053
-14.797603500818957,-13.339753832261094,-12.379402673520705,-11.277973005473159,-10.289322281389333,-8.979442857154682,-7.905179138496126,-6.80918348768561,-4.000386030269107,-0.47031642439059296,-1.3965093855622353,1.9731717127844948,-3.540846388258476,1.5520382961448143,-1.2916730773513174,-3.4794137433365058,-0.8223562236841655,-5.505236772012995,-5.410542142864022,-2.347972198988444,-0.6723720414098315,-0.7947742419439979,0.01780977606955989,-0.7229350171755106,-1.194117946580276,-1.110091566478134,-0.40279249340639345,-1.504494065200345,-1.49917128442779,-0.7064894354252872,-0.4049045314623429,1.9978113193065663,2.076170397743929,2.5513547133086973
-4.383316302555117,-6.075313932136588,-7.729516767300425,-8.447913973898551,-8.813685249269506,-7.024087826908951,-5.550974907525745,-0.9893707380560604,-0.29031261109209877,1.4864568678994243,-0.7462028492629488,-3.9848362170911202,1.1004465294015366,-0.5259092393004017,-1.5493270451798349,-4.497702132068739,0.16274923130990476,-2.523073208969777,-5.6829199294736865,-1.4289138116848301,-0.9102930366339731,-0.36606319918288643,0.9627583606352403,-1.6820055015551096,-1.3102775267859108,0.1592648320977634,-0.8159988654335147,-1.6736782518811677,-0.8286217353398525,-1.71349805360348,1.1483171188702037,1.9773713881795287,2.6177216084465162,2.7331913343429863
-2.2476853526396408,-3.02765607703144,-4.919506573127267,-5.067673000119725,-3.64625359093243,-2.95011275687189,-4.2365742226556895,-4.1377114853978565,-1.2919577134353992,-7.770635081402779,-5.103431870992223,-2.264070221357446,-6.753240375151087,1.5347048056516783,-1.9418219294777483,-0.7216829638958927,-2.3916288654559352,-3.184832744319419,-2.4484635027524404,-2.8428491271910916,-0.6799970692386272,-0.4401280644433599,0.09395821117963474,-0.023767283002178802,-0.1259089931167422,-1.79907581075794,-0.9569908464006921,-0.6271879269974323,-0.6262955598724403,-0.348934122698978,0.10742728344023574,1.3525024821347025,2.343679560456769,3.2350901568903123
-0.25378458224126993,-1.235533533340878,-2.169909430480975,-4.830688131409959,-1.6842104375822091,-2.718229232979989,0.461059468926726,-2.837717962842149,-6.655634127806223,-4.2081644885387055,-4.647808188776766,-7.328175870887992,-1.7312031093921088,-0.25881568996604676,-2.468109769386496,0.887080887488518,-1.6443689165538078,-1.1429639158243827,-3.7157895117403292,-1.1832469970950257,-0.5363884413758698,-0.39127077438453733,-0.6282435462111968,-1.0198702992662383,-0.4167619655747789,-1.6693581093624559,-0.7415084959915974,-1.612740161455294,-1.0354372305143626,-0.5198454678888845,-0.543423060572131,0.93131925830733,2.0364646031850233,2.1891642387855716
1.4543983933652667,0.07304137318080392,-0.7131113720960335,-3.873965832175632,-3.33835157143936,-5.83329453658772,-2.0135667818885032,-1.4221503702075406,-10.457095131134137,-2.4939750735118915,-1.594438262345976,5.13218773246411,-2.0611353476571175,-1.7025034739006546,0.42465156356305367,-1.2940026335363328,-1.6867574729320098,-1.8603652315879649,-1.7038606057777397,-1.6615058189203864,-1.5309034354580056,-1.5510260039864008,-0.3956554869745439,0.06847540472095777,-0.5656889401855009,0.6348619889537973,-0.4785337333715611,0.014765830820031705,-0.8547515583999038,-0.9033581560402697,0.1308549759528637,0.7686148682279202,1.5246344099803657,2.221895076034367
2.599594941188572,1.7467008143466376,0.5174932425380055,-2.139119303013927,-3.140517274151693,-3.3902769599109335,-1.8080821013589752,-7.390991530275846,-4.776475052571205,-1.6207676464803955,-0.6300175636209387,1.4414598007606434,-1.329577017241571,0.5796640131119902,-1.4292064906238233,-0.5370943974144213,0.7223455912496972,-2.04918024131896,-1.203308973366209,-1.2573396088767428,-0.2626282739178087,-2.172770173768312,-1.3852940959144648,-0.47485550706151414,-0.7707970467408477,-1.0695381590829536,-0.6662891207752063,-0.39235231942411114,-0.2523844970985654,0.5972082664607541,1.9043810808042594,3.2316165612614887,3.2227432522143182,2.749637196509715
4.718655926096493,2.893800019853435,1.3316267024576283,-0.4523309283261466,-1.5424746512529668,-2.694971138655668,-4.616458535351113,1.3501775310189275,-1.250031872102195,-3.787655050407834,-5.047935923184191,-2.871660482834,-2.9056626533610324,-0.43502269896781137,-0.6621278641642951,-1.5505235706204612,-1.5034517414351065,-2.2832184311415062,-2.1862212850527056,-1.2336770472008205,-1.056092079796342,-2.1144341552620824,-0.43069876018448977,-0.6493145442417213,-0.44688590912773796,-1.1134331763711598,0.8673536880121362,-0.9912927443930963,-0.1711124906658824,1.9792486545081418,2.2175704680282307,2.9545968667603244,4.130700722145164,3.6794124141825613
6.000200063587642,4.217937521122023,1.9461053557801549,0.41634707481226874,-1.0443274753996585,0.583289362663628,-0.4884849971018805,-1.0055333316905701,-0.5105575335466398,-3.4910732110836338,-6.137235477947645,3.7288298653784926,0.35530256263656834,0.6482863456217391,0.6395751558198783,0.4161000098886267,-1.970738255241691,0.6403815014020818,-1.5354378642392081,-0.7283131703784294,-1.752685126027783,-2.5178166537103563,-1.2289983488449703,-1.8237273220334111,-1.1018697450716437,-0.8064279362173356,0.5458190965903045,0.5609502174436682,0.731296080737723,1.7045451136550354,1.6701105209397071,2.1141152509306447,3.079967697679447,3.676703754391207
7.714245195086576,6.064813122252828,4.1938798048885,1.8368726707981196,0.3549851924743227,0.131700871816894,-0.7484468499137374,0.43808119453540106,-0.5586760075520831,-3.0513633276955026,-0.16021802856007583,-2.3929311122111074,0.02944648873034857,0.6523878684351252,-1.2530522835682734,-0.981266607085201,-5.527873604564058,-0.18387727786942637,-1.8557026863312653,-3.1622676350300627,-2.643493177961283,-1.7641581732256892,-1.2948869971388608,-0.8335370338386586,-1.8772259815886285,-1.1668829728986494,-0.9697403494618532,-0.38099759388549875,0.16029451849794538,0.7995902034389706,0.23773296375774466,1.2469144776168763,2.4347666669194035,2.1894397860118646
8.69158965563368,8.381938484473348,6.559801655070291,3.6546022166322354,1.083440532101609,0.1382053717199256,3.9633566940068694,-1.1633824919066793,-7.9468441454804,1.7185320466032274,-1.7876987538862381,-2.378895364903875,-0.08216939186004062,-1.2743298269099372,-0.2985981173133288,1.1050212103716692,-0.5630383887039659,-1.5591174974778608,0.30357799055763807,-1.3730006290660655,-0.8205255567895484,-2.7665966753628917,-2.023445117590782,-2.4896046428300993,-1.198394945497773,-1.2622775617119302,-1.1022554374487856,-0.33541668146858394,-0.05318992838422096,0.007874585488690477,0.4516805250436892,-0.13014887255562546,1.743611272626467,1.675949771132338
9.5614353220651,9.627837632770836,7.909524083891385,6.435299391657126,1.1714755463146604,0.6373245425700728,0.08312304922347875,4.811559683177027,-0.04326090966659133,-0.8443356630123914,-2.6167883945054347,-1.5802674825716148,-1.0127540410457432,2.08379395642913,-0.2985287053346787,-2.789780802137765,-0.32644117379751664,-1.6520940315837518,0.7719440118930134,-1.7970107641527713,0.2554157282231738,-2.3587247905798847,-2.619004416080055,-1.626874904076086,-1.7154931489981298,-0.8060429771682541,-1.091861029302058,-1.0653868193721887,-0.8111846008353636,-0.20184567844863896,0.035303611651639616,0.03978347468612708,0.5928191039876571,0.6537432414595108
9.850131298830249,9.627454109704132,8.411841135189448,6.557402148877692,3.4000094049893743,0.6592317694890267,1.5986348557348087,0.6008100728565917,2.8658609681654283,-1.0211560370159256,-0.7061702329819763,-0.11593973308470472,1.248952177731412,0.46236647307879675,0.6163607579205816,-0.9269401697041985,-0.7379842592118292,-1.8296466167363172,-0.45124417579322806,-2.406010282862261,-1.1923449998639706,-0.8990143950439067,-2.2479106837409057,-1.470941823116802,-2.090208723596999,-1.7072786596935092,-1.1916533853873974,-0.9898606974521034,-0.9241630389972674,-1.005529678524477,-0.11660270691362258,0.021651858507562672,0.30638569448008,1.9885612621008597
10.66463377835418,10.457507103532695,9.645679526373964,8.5613429276799,5.92925120948366,3.424877360279794,2.7911052681055177,2.604530505147678,3.746995240256138,-1.9906504664021445,0.848752525948362,0.6865115174383618,0.9307476738348875,0.5810891042731842,-1.159523090443808,0.11587624203951497,-1.8888591491071418,-2.0452552075608694,-1.2994819059379648,-1.4336161964926961,-1.909037536499018,-2.4711413296485896,-2.10576920270497,-1.9720309385205395,-1.9739533097823332,-1.7610218246635025,-1.54255553726857,-1.8915035637630844,-1.8137849428651984,-1.5987061256827215,-0.7244426131597954,-0.17254080601238878,0.10056211535262653,1.8911136909329942
10.966602207257704,10.98842891321041,10.619374727270593,9.860761022874822,6.7898156025122125,1.8884062282564822,1.79737868356099,4.201321014750886,7.637903048590038,4.306875114126661,-0.28973737635270086,-0.6398201520553878,1.4970336120961092,-0.08812774334395063,0.28997024043233055,-2.694936176505996,-1.6904314195627717,-1.5999052048447273,-1.250039469728893,-1.9709266403401247,-1.817747562036187,-2.039592771583568,-2.375262418545213,-2.7145730994474544,-2.40796436664133,-2.7127312963079606,-2.8936775799331045,-3.293539404626338,-1.9169083844684411,-1.969972228287174,-1.3297783811446715,0.12521485784179526,0.5745544726277572,1.659287107478338
11.485173145277713,11.563319705224023,10.213744303378133,10.125549677406683,7.772332290659691,3.7470204057760084,2.6658382046375224,5.412915371947127,7.122968123046675,-2.7531896795389974,1.0733768598049294,0.3672939309583523,-0.46274060616599494,0.8440085888694064,-0.8435722257228574,2.713040513587652,-0.9419677154497269,-1.805396287758059,-1.4157446321788338,-1.3655252549258545,-1.325748881871023,-3.9030926144623894,-3.9775028673594766,-2.4214542626760154,-1.5794368203263953,-2.674736107842917,-4.48211051403189,-2.244296587394662,-1.4486181238303961,-1.1684354509569732,-1.2038712884585343,-0.3427225276980227,1.6985334229925289,1.1364260960227062
12.27649577470032,12.45625219546028,10.723661006367509,10.362207519813603,9.05052536327149,5.814075196009078,2.738793947427237,8.099593365411128,8.583705003242075,1.3370325486599557,0.375989253225619,-0.5064842481681001,0.29105118417850967,1.3399695830838285,-0.023006816443425733,4.897347002274011,1.0709773086310748,-0.20992858116582708,-0.8151805133847193,-0.2155462223650957,-3.192558155685766,-4.113998531535141,-1.6334204252512694,-1.4317502153980612,-1.594728511644044,-2.5104861191719974,-3.532946422348866,-2.1872709773984873,-1.6196180393815813,-1.390121182119804,-0.8334302747144112,-1.095494150675171,-0.15577743236353234,1.8149340441416655
