script/wind100m.json
{"header": {"parameterCategory": 2, "parameterNumber": 2, "lo1": 3.000054539987559, "la1": 64.9999836372058, "dx": 0.5, "dy": 0.25, "nx": 34, "ny": 52, "refTime": "2025-12-22T23:00:00.000Z"}, "data":
[rows 0 to 23 of 52, columns 0 to 33 of 34]
-4.28825623827122,-4.383976732760724,-4.700993655263655,-5.02983392559282,-5.631272056509672,-4.486556997243787,-4.427846660950547,-4.570841430471981,-5.334879462841738,-4.80980405498428,-4.8788123664463985,-4.853069580182403,-5.241802819774965,-6.0316052806400045,-6.904199779470098,-6.809349407437447,-6.5893381011598775,-5.307462347272805,-8.45332956118968,-4.916088679360412,-2.8629279637159195,-0.8591191628195374,-5.266081351424714,0.05653545275549892,0.308996218984759,3.217223136613407,0.4280987700263319,3.860583565320108,2.831126068432133,2.9541982161141664,4.520639333094368,3.0470640762126306,4.741008394198083,5.4839549667195095
-2.9826666524528083,-3.2034934849176153,-4.261879221907502,-4.184442842014676,-4.5938880996312434,-4.984468983243817,-4.997958154735055,-4.70999726133962,-4.935245251949294,-5.282253308701963,-5.670052118228771,-5.241369806199786,-5.5136500844764065,-5.98263375143709,-6.366267843989441,-7.362648833972182,-6.139924561744074,-5.816524652172711,-12.782408979254473,-4.815078901450379,-7.858475217689662,-5.299512767169757,-1.1970140498139679,-1.8414994171724433,0.08525529411896822,1.2728575430326885,1.9135971279978734,0.47549897216228637,2.5938846347339153,4.945299824338527,4.633741481462828,5.2067260211749975,4.895434468602737,5.183705348394291
-1.284274304022163,-2.385954946431464,-2.8631917068793107,-3.712276715321138,-4.2662210428873655,-4.82627655796793,-5.045923427036296,-4.915217421677389,-5.235936627633675,-5.258021014657319,-5.6575695827424815,-6.364148185954458,-5.515726972728102,-5.517236487381289,-5.7829432106820295,-5.116801317858481,-8.908281627062202,-11.074376262143142,-7.818412920293673,-7.949439090953001,-6.460399518763095,-2.964537774961056,-7.665233749427967,-1.312196967393255,-1.148513300823817,-0.31957040874209103,-0.08229214760431962,1.9134002651095567,2.535211247875403,3.7967240232658206,4.832115048633579,4.528529016386984,3.5256195552732534,3.122291920983814
-2.4656468751093024,-1.4633530875959624,-1.7757546571910685,-1.8739984450002756,-2.745953680683454,-4.083850995531387,-4.5667896063162745,-4.7151304390824045,-3.6262358520704594,-5.473803286920347,-6.368112266645711,-6.3460589192929495,-6.490872883485572,-5.436472632358079,-3.2028161494566536,-7.21544259227702,-5.7805929275589,-6.559555871968301,-6.7469088613598975,-3.8162735670123613,-5.748492161718133,-6.67330354996848,-3.5691774035089416,-0.30744582366444134,-2.3032455762708954,-1.5169643425423736,0.05784873873864995,0.0047457552162530284,2.83354533624348,2.6147040536660513,3.433815858258567,6.276703594102117,2.7868781206587188,1.7820680923232757
-3.5818745050930985,-2.082230282905849,-2.134168734918561,-1.5818725102228413,-1.7141937488122567,-2.29371189865759,-3.1760145602638006,-3.3219531999289185,-2.8168279435233226,-3.596323038137839,-3.8912893825501755,-7.207964422003089,-7.056763231963814,-6.834733311702415,-11.790037867762,-9.783381190185928,-4.570821134298066,-7.095228285429019,-4.708825588703437,-5.120096959978854,-4.450790325897148,-1.6458965379508623,-2.9782199121729973,-0.4726588524791147,-0.24771861246480548,-0.2536531872613773,-0.07484543962226067,0.4011257717830885,2.3541022603706807,1.5528381824742223,3.3639895785666174,2.3264077545554014,1.2089718068440143,0.25200234095356944
-3.936566280040807,-2.657170205073173,-2.127790174633584,-1.6561713178029394,-0.8182922858433153,-1.0428166713475824,-1.4441092918246385,-2.762237422028135,-2.6884143691886497,0.12418162447030794,-1.3374174927961937,-5.106937959817927,-5.831830383020823,-9.212564982932806,-7.168382439263018,-6.734921336749003,-3.787649326416493,-6.9673087769237565,-9.209601742423311,-8.40322363559941,-5.215660156071384,-5.503144288450968,-1.7758387455356048,-1.7554856484884183,-1.7707715808745554,-1.0917775557891827,-1.6374461350653897,-0.5557015725968248,-0.02812176507590151,0.771510887808873,0.021146839864874475,0.06992296042927408,-0.01670221170528961,-1.0050084708391303
-4.528645565236912,-3.6334924256339627,-2.6781841134412026,-2.2926652614732803,-1.534808922485662,-0.7132089375282835,-1.0213391228277806,-0.8508235489378353,-1.7746809629928162,-1.4108294130107002,0.08714147064345817,0.47684008369135095,-2.7080777749957727,-8.077384835616499,-8.797334336804218,-5.042696955955117,-3.125888181134808,-6.449908214484836,-4.756644514246224,-4.500410095708697,-5.569649924433773,-3.8634800020470204,-3.424746988985129,-2.546076750407724,-0.9236198697392572,-0.9876846697994256,-0.44470020213705325,-0.8875602334655742,-0.5025947068293886,-1.6586878355793888,-1.7958839118619534,-1.5094659740728062,-2.2368382487151734,0.09550714227576083
-4.567714309912997,-3.885181309174074,-3.095965924471554,-2.578870584865101,-2.0480965719355764,-1.4881857560535847,-1.104366222867655,-0.9114853796717282,-1.690966317450339,-1.5038688908395448,-0.7615054620749621,-2.245613255916031,-0.36296126287158037,-2.1011009903301097,-4.961926613366357,-2.7382139836128703,-3.454373539919895,-2.1536099924851553,1.3067424872364695,0.03149155756694961,-1.9036690903861249,-3.161141363656685,-4.101492215082604,-2.182616544685143,-2.360465557136036,-1.7523174577237253,-1.6205272176165098,-0.03313813422617866,-0.9390606109780966,-0.6139427823845719,-2.300779685391884,-0.3350235993290178,-2.615290642357601,-2.62881314148991
-3.4133167179224992,-2.9320156544479627,-2.6908298364532546,-1.987047228217323,-1.9574296731881464,-0.8077752515396981,0.006919942398199122,-0.983168544899287,0.7114855541656696,0.24805399866724812,-3.5666112628086566,-2.805362792121017,-1.3384682117095865,-3.266263153199129,-2.1838382369706646,-6.316411248921749,-8.372676185782721,5.361575208039478,-8.044942844568403,-5.8551083854619215,2.0866956572335584,2.113517484807168,3.2232216442532557,-1.5357176902477492,-1.786979559513447,-2.131703799678371,-1.598807657628073,-1.8859455418619688,-0.8808238094816448,0.6156607192310735,-3.1404442630881797,0.1326585435130978,-2.3761249740339503,-3.709864421141854
-2.5472030530215437,-2.428662692179866,-1.3596164972199836,-1.8870837626217567,-1.4904823180490872,-2.1133362086289678,-0.023674102064655984,-0.3782774156815873,-1.6766785968929399,-1.2768964025403662,-0.5849907480333043,-2.0893729108739176,-0.7428695348273555,2.16808235349201,-8.74059048625863,0.3388275865501564,1.755277700600721,-5.218480213629577,-4.881841490977007,-0.5294070352089079,1.2111506338258518,1.3755854951565987,1.1254908310476683,-0.15903256022945175,-1.6813983289126533,-2.597410997561678,-0.9879212259385868,-1.518478545884845,-1.4909830130804422,-2.0023025992151147,2.037038009055845,-1.2169522625569371,-3.5731357060690314,-3.855680728064648
-2.451124361087309,-2.053984651190611,-1.766244623534641,-1.478643281223795,-1.7438548431480831,-0.6807729661466853,-1.2913212197704298,-3.210007347186837,2.2787397042479354,1.730467544308229,-2.045546161318497,-6.657776902006724,1.2142619589392643,9.36476778109256,5.334717736688488,-4.567468086885499,2.3371465135555365,-3.059203818730809,-2.080908800115292,-0.6029338407984929,0.5697042811994938,0.5089619535779779,2.3533365683135514,-1.1659722760090248,-1.6315134200419095,-1.7830581402626329,-1.9099278400671824,-1.109205465359428,-1.1492663258590996,-3.1620882972957522,0.6132207592695162,-3.6536931176468026,-3.730674151989786,-4.066045390951556
-2.508476113374519,-1.9751178786104393,-2.244724145849871,-1.4099289425731487,-0.15708838652501422,-1.9144576643519584,-2.0952178905372127,-2.7228899741054,0.37547106967523364,-1.4513200645484787,-4.298528494423303,-2.8357810116541007,-3.1833222009551987,5.637400902049458,2.4218678060994177,-0.7016680320776094,-1.6840471613592385,1.9763723331715646,0.477224924992983,-0.749836400999686,1.4562917437954273,2.347331686280337,0.763731737635097,-0.06107724724141844,-1.0352303898750421,-0.8710806087512025,-1.1491574338066743,-1.7596889179334427,-1.3476745914359511,0.12568345002596018,-1.2022539303102269,-3.605495839664645,-3.833541909009522,-3.872637469377795
-2.930182752388344,-2.29920378610781,-2.5663285480420934,-1.67454428941298,-0.15606100928234043,-0.8093302661503521,-0.3338242286140729,-0.31254550301172895,-1.8021417058320177,-6.90849642577187,-5.555016909469087,-4.281684823506364,0.512837370140645,1.3933844179172237,-1.4924603142549426,4.5787400992624905,-0.8215003706941976,-0.3341026459788353,-1.658586546396577,0.2970220057527919,0.6095116121683682,-0.1846372469138392,0.1746363339105878,-0.5850852065416546,-2.1738637392853994,-1.9088311257616104,-5.734884359383583,-4.806231552989953,-1.461571692850419,-0.4341031870016399,-3.2480992182989223,-3.460161020871116,-3.9427565245982703,-4.333107328430613
-1.8627046575015933,-2.3556027156942108,-3.233107930235701,-5.5820688974505055,-3.8325318777389845,-1.1388903894757483,2.926978082613041,-0.22367901262756293,-2.684611211606637,-0.7453474145768952,-0.5660150550055397,2.704957131744235,-3.2565110455836406,-2.9557741966318627,0.7856890281076865,1.543206319514186,-0.418211115141665,-0.4861013554405695,-0.5192021275641174,0.3339424266169362,-0.9741819313769631,0.04790368433305927,-0.06996032855035429,-0.904874285709707,-1.9227589705609354,-2.5449217039857324,-3.0675127841384575,-2.5226278804023745,-0.7916116118485849,-2.527577842681105,-3.8199052166692535,-3.052009377560687,-4.249611407211348,-4.736396182184966
-0.5571139545645268,-1.5835095132590338,-2.8764853807715403,-4.074484523253797,-7.251610508293856,-5.139391140558273,0.8139771409997191,-2.047838104421903,-0.7637441796141379,-1.637008556727734,-1.8890483602126151,0.30303216231043717,1.710149588061606,0.05722124118913535,-2.7826079834812436,0.021505569567988242,0.16847277910936936,-2.2811498532583476,-0.44369491339354694,-1.2445239596980489,-0.25323502403368575,-1.1861715898477811,-0.5818945970007177,-2.167137263851611,-2.602155909723199,-3.2972433563547052,-2.370473126851178,-2.5904427563485055,-0.4610369988392,-3.822844888104866,-3.2301516014186835,-3.4189129745518816,-4.593818535900549,-5.310964786655218
0.7090454057219715,-0.8884501683109259,-2.675271152883469,-5.6170265469804,-5.998183006191572,-5.483318803978238,-3.846299382632711,1.2326962952760412,-1.086325005728853,-3.9027208361176373,-7.625563745775122,-1.3987942897966081,-1.8606556122376967,-0.3913978515008611,-2.0250381339641312,-2.3966407356261197,-2.106157253298109,-2.0454913107840134,-2.1618125834753266,-1.9095273954927474,-1.0677026697521708,-1.9642289205565358,0.5408962377813417,-2.5414419192639683,-2.9941855942422624,-2.646770223974085,-3.7467732778079332,-2.2992320928207266,-0.28443312676199595,-4.152687130843725,-3.9651481273707594,-4.955870914398135,-5.584026009311458,-5.718519275060197
-0.7743848392156382,-0.6580439314795348,-1.7094819608458236,-2.2118975803315215,-4.126487250027383,-2.629298529866054,-2.7547028727585214,-3.922422970641775,0.17392986199726543,-2.6615324100998383,-3.791866306463764,0.182054958847304,-1.067829696300818,-0.06715372876418625,0.4394100847386844,-0.38043779271552525,-3.5708850021986143,-0.26259985810955744,-2.1457437804068933,-0.8112327172129796,-1.5834535743351736,-1.9284026285909563,-3.0144920610928314,-3.8450643068233417,-3.687096852865493,-2.338944306556042,-3.300537211094212,-2.4416141617899174,-0.0672948682135258,-4.992992559199001,-4.629440473329288,-5.611889817150362,-6.267667073704688,-6.03064579631729
-1.8363012176505313,-1.296762096720098,-1.0814036739995156,-3.2796894026420604,-4.935294272140285,-4.562781497712323,-5.994990081775524,0.93919901169197,-3.750830144137084,-3.325952882928557,0.3597127604537113,-1.8629759367692809,-0.43763819468989495,-1.5039859082633924,-1.6480692804556623,-2.886444523314632,-3.095514927165411,-1.4424170269985992,-3.6566809804652256,-4.041741467924061,-3.12919093718143,-1.0191380685913227,-4.096592096121114,-3.9213657235056116,-4.5159235794966746,-2.4676106442639947,-2.9712118611672693,-1.4712297387034414,-0.4636221942772798,-3.988835463934213,-6.4905352415181845,-8.512288584710076,-7.6133939115134766,-6.725924688505039
-2.718867892342571,-1.2502938019577732,-1.6279729285868416,-2.07243019885081,-7.273356339374279,-2.9842581219343995,-1.9807889864146258,-2.7054347065568547,-7.988736780205413,-3.0198762433235804,-1.254299332877606,-0.7723593770571656,-3.6687545837637674,0.44993373673667847,0.08600610913204114,-5.7671463041975946,-2.755784091426049,-1.9127124178147024,0.768163972043587,-3.2590072042611093,-3.265636372265963,-2.394906485217504,-4.185748883658322,-3.6133683724390973,-3.4349380908995735,-3.2606477375756993,-2.8308728699951264,-1.7430268990267745,-1.4229779550207773,-2.8522582865858053,-2.5445156175327623,-5.404807061891798,-7.364329569361653,-7.297122424413323
-3.314097914791937,-2.3880531878225253,-1.9364059825544013,-1.0683481242566497,-4.462611630453683,-4.891421312706882,-0.512250456522857,-0.9021458355272337,-3.6717270877980823,-2.080258310246147,-3.8914958264643125,-2.9108549237560517,-1.5725135806144008,-2.0525898802858906,-3.9584337473542703,-6.562254720632746,-3.140374049108635,-2.3776150387401427,0.7342492157834385,-1.893646742296523,-2.476402995352817,-3.7691020592555065,-5.1056485604554505,-3.3358251272255894,-3.1882213372212145,-3.2358197676693976,-0.853059903572066,-1.6570597254527584,-1.3183433210136637,-2.856515580572967,-2.007888642003116,-1.9335158740009433,-5.409821888643617,-5.288664604420497
-4.735484755494118,-4.20807907871164,-1.5153767632033643,-1.719641148621672,-0.8133765692405637,-6.248088499010938,0.7010388519311574,0.017688075588727595,-5.7681605670191205,-0.1350537561465479,-4.134396250294043,-2.473004612867629,-3.3311851712453198,-0.4472937589349407,-1.533549298725312,-4.563911946789625,-3.282254856324389,-2.07430619477727,-3.5542677459023966,-4.534065664137615,-4.052062146187086,-3.053381335281247,-5.7486121797286325,-5.340534640082832,-4.421327101989289,-4.999860926045593,-3.6048670213761973,-2.075260735890229,-3.101440190195052,-2.4161282873071572,-2.361502222081898,-3.1102907320277273,-6.137830031251295,-8.097094003965285
-6.251226891258991,-5.618100881924112,-3.3629992215035376,-2.861647877120235,-2.575755809711048,-3.413793624168969,-8.569782747394624,-10.136406251389845,-7.3175375506642135,-1.3527154217201514,-1.441289271129475,-3.014703415592161,0.40417403633226456,-0.4185997041009567,-2.5315986997142983,-2.6327258361900254,-5.83643123751222,-3.5976145853448376,-2.033312896688055,-4.394040774545996,-3.2992451929484092,-3.8270717928022964,-4.816821547224232,-4.55409380667477,-3.7948049936941013,-3.771364163455674,-3.2294253540266826,-2.6766426317098793,-3.119568560792084,-2.4958389449884564,-1.950267527402046,-2.7683823043152054,-4.269074321469861,-10.287557334743589
-8.08444967448413,-7.389351259392416,-5.517844232000901,-3.3799745895908995,-3.061782733268066,-7.3215826109083855,-12.373893051369114,-5.128944240233797,-9.57077871451987,-11.805191133194365,-1.5364998484719898,-4.36050131500455,-1.354619791986875,-4.51294024539534,-3.218344844742371,-4.9968130514150015,-7.672947422840826,-4.735453375657369,-2.8874544769317456,-2.895021245708194,-3.6654505440365885,-4.377740832606817,-6.380384845755593,-5.566783438291742,-4.738631188210784,-3.3203307720472592,-4.055563677357824,-2.9642420465059756,-2.881593462377919,-2.4298928590042697,-2.5566774757682125,-2.9084367066977843,-3.5826431205896925,-5.821067976610541
-9.668606025099882,-9.518090984965143,-8.571767175489503,-5.693108366916504,-4.08396983641436,-7.486640772581071,-8.20995161751293,-15.011345288728572,-12.910642503585397,-5.546337600096738,-1.58218481505292,-1.7545196748480059,-1.1354303203842153,-3.4957868809446992,-4.6434348099225335,-4.4682049022553505,-5.649971397978669,-6.991397927862956,-3.454468711328246,-4.078606933131539,-1.3642847230421131,-4.156949275933715,-3.9199455353800112,-5.03178682833123,-4.551123361955173,-3.697250742823144,-2.937955718016478,-3.112839935866994,-2.8395773935713557,-1.9676965191337756,-2.589306069102042,-2.2138230933241214,-4.857793967324154,-6.687508482685197
