script/wind450m.json
{"header": {"parameterCategory": 2, "parameterNumber": 2, "lo1": 3.000054539987559, "la1": 64.9999836372058, "dx": 0.5, "dy": 0.25, "nx": 34, "ny": 52, "refTime": "2026-03-12T00:00:00.000Z"}, "data":
[rows 0 to 24 of 52, columns 0 to 33 of 34]
14.187938243048878,13.60663849054997,14.201684192359856,15.278984803861482,15.330411136131247,15.3678988161213,15.618935295507566,16.31589359071245,12.814963035309018,10.952589353240162,14.176272081192643,13.623556481552587,14.063358782094522,13.02271798428885,13.351842882173376,13.505832717629664,11.589955232552418,12.46234940240746,11.644419006678019,12.066747933045905,10.959743262795474,5.46736868250688,7.28236962019332,9.532832927853974,10.189720265531133,4.3290954540374385,4.9942099713723405,6.820032451326098,7.083555961274364,6.472487382199185,4.630919930652405,5.03151021544147,6.278882859184878,7.600527662566045
13.421492781062346,13.593769586701878,12.935547861290315,15.263917775877504,15.502005328078717,15.410931377280898,15.03408639794707,17.05345599043214,14.63787632642668,12.587704721494493,17.24861113387872,14.452965809236796,16.51526975064684,15.419248091011353,13.731693401882335,14.90658159753023,14.081870582210772,11.443446843074671,12.628194910594138,14.485924464528784,9.137512041754789,11.757396353942395,8.761555905454824,9.985994631226601,4.844092096465666,2.6235844632401646,6.386308433475462,5.953391015007457,8.020257790648072,9.228815382570229,6.551375161498962,5.961246216212026,6.12646661215258,8.657572390429932
12.572784173666461,13.367883073006766,13.772447331854922,13.071266778379366,16.276583400631985,15.361285615057406,15.3596800496729,14.242923403373695,13.709632685094052,15.375246052264853,13.072677374793605,14.792633828422321,15.885304814039905,12.912093738737592,13.172591758661781,13.128297895436951,13.241898973379367,9.042988348782002,9.255466817405365,10.6827080907416,13.333126343643865,12.983259382441863,9.32873101267835,9.697925332388408,6.13214930920418,3.9619695284900143,6.3683369616719725,9.757188393257103,8.717514214640252,9.036142134101665,7.9727045541658965,7.473646477713016,6.513554792950901,8.531216947555727
12.21916499642245,13.2105363814466,13.063607557255743,13.593089695543437,15.409682299678071,15.735676813687892,15.183343202250871,15.928453129906217,10.897181904661272,13.814363839241018,13.833565973394295,15.233620833329944,14.278979230082744,12.938227923920387,12.92452382272924,14.78980998429167,13.298445070118108,12.722778203658812,12.94350259687512,6.840241843870076,12.632643549299585,13.207014981430795,11.86871152883048,10.515219335180273,7.645304070396795,7.3851943663426605,9.29903810131774,9.002138727240542,8.181325896125141,7.459412491564787,7.133406372425244,8.86455059165504,7.034030822060616,7.198533145771101
11.127834424101149,12.207509731367256,12.433555446050951,13.670270814771923,14.260331001013162,16.726988056529045,13.009996592577586,17.425147968127995,14.278729466945956,15.988467147005618,15.401437342148565,17.269326843071248,13.157736585219865,11.556084266433986,9.192932578531957,11.705781821357213,12.754155878032511,8.702416150596353,10.826991819236527,13.145832284158342,12.22891787789949,12.305227201589041,8.346120363894082,8.154890288825616,8.607911499964793,9.486824143215896,9.026778634269604,7.789725694346808,9.912864730247676,8.24479710135165,7.9254645961328825,9.132232438033183,7.598833907022923,7.182291567274023
10.260414067408457,10.925186941007876,11.863832797590746,13.323968698929352,14.004695984279238,14.950229337926418,13.048543317534978,14.509295593198479,15.248151541896883,15.875171169051685,14.804912779716117,11.548815947396418,12.09917386613335,10.7044665506584,10.680875537151955,9.156293747622591,6.2614558619268355,9.342852269512667,10.867776906662604,9.366998474899344,10.331048028758937,11.55070388017896,12.187503879612969,8.97875470888309,9.962656604737026,9.836264136067342,10.361640140730607,8.942500036320064,8.498558596423752,8.836500406977619,9.16943228024214,7.683216126067405,7.279972280085174,7.728143518090711
8.923731803488108,10.69063823121485,10.890290078844139,12.25821907369154,13.395819882142433,14.259461599879051,15.093808738928571,15.997092683260387,16.760450746651994,13.560868928905183,14.2917991686892,13.645021169538717,11.812125848338331,11.614454155287168,8.629974988039137,7.625306173844878,8.407960711350063,9.932032365487188,10.89516350178629,12.423853945305394,13.511006946214911,7.137798042088124,9.022454010948026,10.275416126385062,10.925014707659933,10.213053762258172,13.20563738877078,7.589726849479566,8.394731411750444,11.641265447428644,9.334019322990805,9.677222151884987,10.225158784404583,12.16881876105736
9.778099174203899,9.554879056935754,11.546985419301103,11.856239070787485,13.899869209135552,13.829434786707447,16.4944095527177,16.098548485397334,12.476554652758827,13.465093026968786,10.711567956388311,6.27654487510445,10.664975280766974,16.51140845752127,4.686192985876149,8.868871688949069,2.228093908251083,11.8700800365525,13.398081541335934,13.049118367060801,12.135190207223202,14.077788618668855,9.528018456663329,7.402727551845446,10.636215659878918,12.55052814815759,10.11262714957328,14.592300479097837,9.348460643170803,8.727298516656093,13.232501914353591,10.519155027479385,11.881311127765665,13.636225247565877
9.704326256350765,9.52747917943992,10.345343465598647,12.417496791462739,14.858428254400067,16.36923436561339,16.757760518838804,13.842804562199454,12.042257361835448,9.34567572777702,8.509452613967262,7.872694908280723,10.422967041472377,13.242081799369572,10.452261118803602,7.043620346614839,10.21850283179427,13.45934308982073,11.17862477782407,12.531184508251592,12.994476750588674,13.73879281522356,15.572546307649487,9.058127679134353,13.973389780335022,12.472825275143107,13.819622874827468,9.418708843753006,11.026630753458921,11.343475449326778,10.805710365839111,12.500466087853207,13.213207427585774,14.191741927970085
10.204061334268099,9.931565122459356,11.155839130963026,11.984464397522617,14.161691997215392,14.42724744075359,17.464594249865787,11.651060179806551,9.478075615138362,8.070443366640184,6.093025330591799,6.216047847204571,7.9644802378352235,9.518041939678845,8.537867301651533,11.181053932074704,12.56089006201954,10.934661815090656,8.798204507961035,10.234781735138524,12.436524516510655,13.047563906964765,12.513494419827897,14.501140317200157,12.732263090572335,12.746218816999571,14.159053547452158,11.114731806985914,11.396115782572547,11.893401102802365,11.720177761792417,13.064225483636925,14.39716503171875,14.771213574698152
9.121221451235176,9.9328036889215,10.293402544470494,11.153700743789292,13.553395844292236,14.51066213670267,9.227396631517385,8.976937028510603,13.423465505437779,4.897838607645812,16.673005256341693,8.371352416404287,13.193436830898582,8.770375191287275,13.585362400966252,10.88316521652425,8.550874037543215,12.819597546329154,8.58953973421136,11.789282090400008,12.042765783856845,8.3596832918336,14.979003600225452,11.828677308673813,10.524766142803276,12.022978597235866,10.639459546015551,11.179927142278657,11.43809690180316,11.376807533738793,13.03363424645717,13.441559419290108,14.732150167206607,14.414797966901704
9.342011702956402,9.702308106856032,9.887462514796361,10.786943850284462,12.717408616267665,9.575413186254032,6.597673094943436,7.014883243224922,2.8102459489729092,13.901706275621743,12.392245346305504,15.277471158231583,12.315618504053147,13.692121656972992,14.626909137796728,9.735038578220795,10.079930594894046,13.127882148856463,10.493892255852415,13.820974995016543,13.868665048128534,11.70705312342663,9.490334771441876,13.627226004892758,11.808668594190468,10.905533952793727,11.686553649246656,14.579058688575532,13.293300510933147,13.083699908138941,14.286499417518126,14.295242710931177,14.461210958981349,14.19878789347794
7.827203270291957,9.515951583967754,8.60118751315941,8.990996568897875,11.344818341877613,10.622448117035152,11.29332943472779,6.3515066654812316,8.126489982612284,12.630545790930997,15.76225225875955,13.818988982269858,7.178878860874582,11.893832443772277,1.500345179184738,13.878731916067965,8.813793866061658,15.406146095014657,11.23935787626528,7.881684197034028,7.39775386860861,11.535678318178691,11.215573552732437,10.109980935222534,11.304368121667183,9.96654126587819,10.954342920195673,13.897663466659301,12.410511919663652,12.322212755342814,14.020387248831868,13.528453036617385,13.605253099132103,14.824158540287113
8.247605808399022,9.657364117715648,8.58472691836838,7.660871959264011,9.256269063284178,10.762371377909506,17.020512237385137,5.937485733618428,11.61091807204422,16.707321043246523,16.151732187029623,14.35921987513816,11.094776105388885,6.262043873010812,11.204720740738432,18.29586559400425,13.544024523442,8.460598552704745,11.025758576601191,11.517800393994829,5.939038978996922,12.186706281799019,11.690647822195801,10.543808789840922,8.627384495398692,12.17121379200317,12.474445081380194,13.542653637218312,11.215711535517496,12.718501994875709,13.646047344108771,13.678237473271587,14.32486624104467,16.48694800070337
8.549171715357508,8.983218204131164,8.620128344429347,6.873354883577505,6.190171998392036,8.978316350557611,8.163571595194616,11.896778633655561,10.415645593348202,12.726577851407278,14.21501020384092,16.551332565637736,19.004203778078086,16.184117790731612,15.618983960695415,15.562389935703033,10.426921109977453,11.325626617878081,8.032664854167741,7.643662799338706,6.720769142796881,7.862847817938962,7.874262818747124,10.648279321621896,9.718425546237475,11.388644235622303,11.443070700187354,14.16174320922189,12.080427097118156,12.049491962275175,13.534490099083671,15.062151432066482,14.259387543505703,15.418080775958966
9.569047710761769,11.045847861558974,9.003423629915051,7.174816511940175,4.316027772054251,7.522830271412614,10.716542718980289,4.043209577436811,6.06032857349192,10.374138861986246,12.928027543508916,19.576396299142456,11.127601425752488,13.114380499772325,6.660332377746614,9.678557952391353,13.776721163407881,4.65343150615166,10.855468766236298,5.899933139645617,14.902354980628937,7.488535943775039,6.977917064412767,12.50607511217088,10.057577645564237,10.55752199205596,14.290824978528633,10.587731115818082,10.4821753346988,12.338041166294433,14.181760010719966,15.215713019051702,14.242108870639651,14.500781283909447
9.497692682710406,10.780600944529743,9.280538076651515,7.017611211317539,2.7038668580465126,7.010150603849491,10.634333040022069,10.948840467219313,3.9200281199770113,15.721706592242901,18.108170524046628,17.887972184566458,13.550185095531104,12.670396773035408,10.332607244589726,0.21351180206572465,9.739467732834727,6.160758862936269,9.28778851118169,5.757567538935521,9.05250056022826,9.351350132359972,8.850747031005172,9.084822219901099,10.295771188861188,11.217944524899183,13.642944028155796,11.65343184627808,10.646900454131917,11.961643255011603,14.733695366243074,14.578921690032264,14.559462824567296,13.65353544843764
8.708519096908114,8.818767075071023,8.287157980050651,7.22293288974882,3.7466557264561975,6.592678269679879,9.916495982103028,8.657183860516302,16.658517570235663,18.072617140475018,12.395610887104189,13.325236524855093,11.373498881133164,11.759986316214102,11.66775209209175,12.90652784228493,6.845888467029393,9.807799790224557,11.53329116641603,7.50540850221826,8.638750039838554,7.08619142693722,8.353232592350343,9.439081137394526,6.9908261703494645,9.236165747552915,10.648304537216378,10.866145001723389,11.510086765303468,12.903537916876857,13.436115785604608,14.157087859934759,14.769398823640062,13.743471182878977
8.882895178772507,9.325870420134525,8.289271132447626,8.081357316515334,5.727413088095761,5.566662879414191,10.53311604100338,11.112766753593386,10.233309988371689,16.608152613664735,14.448728214224724,13.509041155598338,13.45277784369094,9.657178163556814,10.965065376973659,8.236501543857232,10.600835801506658,9.730750320616794,5.961701580805415,7.615371315522578,7.734487885411068,9.309408605375468,8.762694618294386,8.768879724300884,8.545155841228382,8.90748207332467,11.011389545552374,9.490934956045983,13.196981428344259,11.123958235437465,13.022162315665968,14.876218510804666,14.050579515269465,13.925134326067939
10.859170976705757,11.327962748701948,8.994354103103207,8.626821867858306,6.663706101436636,7.633295788514342,6.144568363071091,15.792022537454933,16.09143490770887,15.481641454471994,18.295204766386433,17.2256704921294,10.011137529596553,19.253856004193825,9.17758115943824,9.98678299868356,9.037622836196215,4.987643151468242,5.996325960450568,8.136807475430349,9.02792945787206,7.439678817607633,9.769678499467068,9.438784051291949,8.211821456240687,9.297219430332678,8.366929721453408,11.684277295068831,10.668781720381617,11.465038657469837,12.535075736049661,14.111350920672674,13.472140904838662,12.054003786222683
12.162069723789845,10.613210682370664,10.828113840887557,10.338824947791204,5.8580497853109055,6.609429796393741,5.500816569130693,11.09533470981464,12.977222037664012,15.444208814129409,13.485268488255635,21.459679930049308,14.992768024078531,8.558286458858849,7.289546353658943,11.07864297776715,8.634389380718183,8.723481623952955,9.143901846414439,8.804406484428645,10.820596214386219,7.6344472243231225,9.479522888162531,11.261154041925572,11.282065162322182,10.24145031113937,10.327073264331265,11.720343993481674,11.554691081846249,11.36954385956326,12.726334954858443,13.28599385193418,12.749036506109073,11.13041403194292
12.593709884242765,11.511853033673372,11.497312845967874,7.954303238092152,4.983497164854422,6.060943839348284,7.425202370671505,8.273576036193562,14.295691832142055,14.244244541116952,13.081802868063402,17.631529693259726,7.92538293282799,12.496033007187998,9.636028988032182,8.158403005620858,9.231260176720923,10.699157837890267,12.789251012505835,8.207363524023643,11.267504840347035,8.658395892234937,11.335321206924204,10.792102257123263,11.432409052118087,9.950043655330472,10.689935879390767,11.592087391821147,12.09696493780887,12.875167338986166,12.436614484210972,13.69859402479898,11.381846105533832,10.5530973915952
13.194079238082347,12.639537913903476,11.59515491486658,6.7798206188031696,5.714870080488823,5.149726698261726,7.1004895360965765,9.69865762364086,16.87788740795798,14.858149484397234,9.625853233388055,14.407038794475989,13.945096612992984,12.804289000765953,12.56255442727566,9.214783809628765,10.895314429385447,11.92452035131556,11.66729324077035,10.487657497340185,9.246523394451543,10.185511765973098,11.167553122992926,11.187561697309995,10.44251768159883,10.299109088433088,11.37685305186613,11.640756794130258,11.561889732159754,10.36356671634277,10.545263405313522,11.501366992224716,11.43966172783672,11.116676967408763
12.688732815545693,15.03270137956015,12.645906774779233,10.691072291532416,5.869114905351272,5.79645017861494,7.599502408740689,10.37652456676598,13.978885724780012,7.588468631456981,6.433882331337491,8.137265081939118,12.232191252615733,10.776416907911964,11.889392052982174,11.426653502011845,12.10127367130722,11.383872717493212,10.428395399951748,11.601008684123684,9.712794877917304,11.951159583873007,11.736890444496357,9.685172127776926,10.643691694786407,11.828913533329883,11.89163001700743,11.829831931554963,11.353285688246233,9.81446834520875,10.871229297786355,12.043862952585453,10.871907471283267,9.562767705677123
14.379798810634767,15.794557280833752,14.783564728459188,11.555757874603993,7.353754741072009,6.490380079401468,6.564863636472426,12.092566166951606,14.58616133459748,7.926709617602372,11.661662378844266,8.734961550437344,12.294045960940043,12.740643061901984,12.678726634074618,11.524076014638826,11.379165555272563,11.068424143111061,10.889313425463827,9.697478247096422,9.371524909003854,12.533076410002874,10.44756831272608,10.569019224941334,12.145893727103385,11.921551451527336,11.438333892063659,11.802013238197073,10.199918391237306,9.863034711023857,11.447629678560414,10.651924372580591,10.084554258730698,9.997290231720813
