script/wind10m.json
{"header": {"parameterCategory": 2, "parameterNumber": 2, "lo1": 3.000054539987559, "la1": 64.9999836372058, "dx": 0.5, "dy": 0.25, "nx": 34, "ny": 52, "refTime": "2025-07-14T05:00:00.000Z"}, "data":
[rows 0 to 23 of 52, columns 0 to 33 of 34]
-7.639964358358683,-7.490743612811611,-7.340465266636909,-6.8925741010413475,-6.427607656572145,-6.493749614923953,-6.50128661187024,-6.41278706309487,-6.315331048461154,-5.950246231452741,-5.520990051625191,-5.324686622620718,-4.844726468570483,-4.3735768393879475,-3.597614344966565,-3.0873001854813564,-1.5922435650464297,-0.8951446171922608,-1.8578104618556648,-4.375468684377987,-3.0984600892964407,0.46159457381066776,-1.0129277806395376,-3.5444864518425634,-0.1519656742578005,-1.2912454457703415,-0.2776973836415627,-1.7429405898245252,-0.5177493626924289,0.25155294365547604,-0.6328303648785195,-1.3168433447437107,-2.02677553890236,-0.7767990732224894
-7.782439274437262,-7.412883207334424,-7.1526669305394215,-6.774510365508845,-6.522772549178957,-7.076511537870253,-7.0474119898515815,-6.799830466123982,-6.3933647321222935,-6.082925577401703,-5.595624570488032,-5.567342670824142,-5.28684082226543,-4.917213414595126,-3.8767390209441674,-2.942949757103144,-2.405008680974291,-1.343778368056529,-3.6959920824479404,-3.431790768306631,-0.9632983297155486,-1.3843589444193047,-0.9003788182308576,-2.0795386280749524,0.40903915237878585,-1.2102905392422285,1.07889403752804,1.36763821443408,-0.891896292830061,-0.45181056750443543,0.38814639787144534,-0.0772998143303421,-0.7582919685358003,-1.3031880400539186
-7.558841561700615,-7.39684066309535,-7.074241766317107,-7.121330444213599,-7.276040283924697,-7.387081921015205,-7.382174818935687,-7.124420773572847,-6.8313493338599685,-6.09364178952272,-5.861460040789327,-5.7619990758733115,-4.986902582208802,-4.635002067367199,-4.220272077743659,-3.5405192572878765,-2.9363434946484737,-2.3794848536415656,-2.8739965098225295,-1.0004816938503154,-3.4350612139181087,-1.3662012241650463,-1.1383350638572372,-1.9320933546371313,-1.398586128940252,0.23738491927601768,-0.6274828743519519,0.7472022721450573,-0.22925316236255044,-2.017827056816352,-0.783084413992604,-0.0799008709062681,0.4825933469267179,-1.5154134186488686
-7.79411525014345,-7.87861407457715,-7.824188709865784,-7.7377825501872035,-7.7948052391236216,-7.953551529764434,-7.786054628570832,-6.995609798878789,-6.929946996694644,-6.2799770141032845,-6.047590724807497,-5.33759275264992,-3.91423992495438,-3.272568864663662,-2.7710323119016875,-3.1154242392381293,0.4231752004507068,-2.6072889539642685,-4.175641019037964,-1.2109535553412238,-4.245283959390307,-1.606569480708745,-4.3358092444453025,-0.2383499918869685,0.2514115610661053,-0.8695413866147104,-1.079490530523584,-1.0689671597488208,-1.65631232363911,-0.2543076645215652,-0.4483315860507412,-0.8897743301966674,-1.012366710601674,-1.6715550459847253
-8.674188165231184,-8.739149737430925,-8.470074735090561,-8.671737946709602,-8.489257402728752,-8.31202816560959,-7.484280581238656,-7.445079402579859,-6.81044083613308,-5.841096394002491,-5.798077190667149,-4.673757609643945,-3.07707028912724,-2.0709024395917917,-3.561026355282317,-4.010689580159147,-1.4564403382869284,-2.0769108719903073,-2.0100595928874005,-2.4116217724861593,-5.625575067934738,-4.5690999175186295,-0.10898274703102838,-2.0632635180157037,-0.8983530902786988,-1.017865106610255,-1.5312950947816677,-0.49827601396335136,-1.698151172045263,-0.5717199649687597,-1.4563281601685216,-2.041189373469696,-0.29404120675135365,-0.6769190173705415
-9.332827098250823,-9.156545196075248,-9.165830294167046,-8.731688362894399,-8.453176423612904,-8.07987453261514,-7.2775626293041595,-6.716243521223242,-6.2781714551076035,-5.746256867814913,-5.115812315508561,-3.547466985435902,-2.9617818932275557,-3.0974548626286964,-1.3892434171157533,-0.9097619756258963,-0.05160366776274579,-2.88047000765484,-4.24678156996104,-2.4739082458087545,0.13215377172538917,-3.721011554145679,-1.437027752403726,-0.49003695348020104,-0.6380047752314,-0.8448984716767288,-0.8859394381948051,-0.29926211699887634,-0.8652857662164221,-1.757504387552191,-1.8822266276313016,-0.11507788130624773,-1.1458195425646631,-0.013354410133042217
-10.101865133870117,-9.695892423688084,-9.417871775451609,-8.784401531620189,-7.988475227655289,-7.104009150942143,-6.741505432591647,-6.500802117001954,-6.147553965397566,-5.508788842630254,-4.061601093837918,-3.0438890569113544,-2.2178176563640206,-3.0732950587523535,-3.2972646595111184,-2.4693174093029797,0.5599136778046778,-1.2875027720598229,-5.091847700506798,-1.8502281554708855,-0.009416680185709238,-0.7253124868061367,-1.3032039420790713,-1.3645275430133175,-1.4244098933804805,0.08365317599470808,-0.7367624051160166,0.13490937979315706,-0.7871066268011443,-1.7332265898734782,-0.6968216941398473,-0.9253063811338528,-1.1150894208582993,0.21773661376874304
-9.312871588446171,-9.591263340836488,-9.30813494372435,-8.477650384037917,-7.235954768932665,-6.088061343797931,-5.625293758235519,-5.191679245423976,-4.847102359471471,-3.1071701609706515,-3.4394682378253885,-0.47525895616867636,0.6576964568295774,-1.8295847629406687,0.03528120689680271,-1.164935075944019,-0.24330112282026828,-2.2833293548862668,-0.6909034977055102,-0.08281447392792535,-1.3481329220102327,-0.6025720997065992,-0.6080776762740021,-0.8266883161727213,0.18513472712797505,-0.27127495966108367,-1.41995369173588,-1.0252193791570292,-0.41020171061483424,0.5118929242045043,-1.0309285279973417,-0.01777144307782378,-1.860935701597519,-4.369132313992568
-8.046177201209705,-8.444548652683734,-7.869257369982886,-7.636529507992351,-6.443215487476634,-3.9917911281984373,-3.685769311651784,-3.1999349611529144,-3.3558826326971127,-1.3558960622419687,-0.5741435852900754,-2.2057160956281687,-2.08444305655391,-3.662163170083762,-1.3587640360509545,-1.2366322401229435,-2.224220693522478,-1.0137770864899076,-0.5427941613595093,-0.6791386607837576,-2.1140595012760586,-1.6755418574895518,0.38896693254238374,0.32882367343151314,-0.23223315475102163,-0.9510220256235489,0.012582034609706454,1.0152802649156194,0.3069590332488287,1.078106207221259,-1.1949243261227773,-1.2298238776545702,-4.6791237156271235,-5.9698577027734085
-5.079279904805889,-2.860961104650476,-2.9664260822383155,-3.519324541995539,-4.7281448799885295,-2.8456737756906083,-1.4822642039225318,-0.08047311448227847,-2.52096451353873,-0.9741014931559501,-0.7168922317315294,-0.6124351287264194,-4.639472925288819,0.4273842086748592,-1.1044357313153432,-2.302149153909169,-0.00940620560219356,-2.6905782790586565,-2.4824879282896086,-1.9326183067517386,-0.8121322279317704,0.25514448675539286,-1.1501069830913124,-0.11165796824629617,0.34535262907144354,-1.2002738220522806,0.24193181271335598,-1.4572203428985193,-1.9976336211328964,-1.3419222746067228,0.7193221909518538,-4.282700416532701,-3.8837391959967196,-2.860493173801452
-2.20011385507562,-2.7516472154318623,-1.3404776741994568,-2.0536690920259586,-2.3211023144627267,0.16840422307386946,-0.11800595415479603,-0.8308339010089046,-1.5024034932762798,2.6128299801338275,-3.464967087146903,0.9689695303500966,0.3133435272552766,0.5199371895437089,-0.5592219369790897,-2.1773117739745316,0.4323265278156545,0.16203898178174012,-7.025040484660289,0.1342290376496951,0.044547820887523605,0.27174151886396813,-2.6440679753397665,0.7144094397009583,-1.6333905699588855,0.019242644033445066,0.17793919274438189,-1.3146104414808055,0.35786430252457313,-2.0663840513287774,-3.99370516510885,-4.336958974885182,-3.4289692559057743,-5.345566713436516
-0.11408543000614853,-0.036175946525558535,0.32954144634767474,-0.4025653263752567,0.5673995147087562,0.22618720710346615,-0.28831524456565644,-0.6634682060400655,1.2834966622672281,-8.502856423401616,0.3531018994546812,-4.047647601616381,-3.6075496174406663,-0.8258318364755145,-0.20857322052483201,-1.1837426443087111,-1.992872385574861,-5.696769590403103,-7.149696085173508,-1.8440162977335255,-1.1891761051296794,-2.052051641385378,0.3074066048905976,-0.60149065213495,-0.10455741759996386,0.19268240082999427,-0.7766566355472159,-0.6130129419833327,0.03079470941346766,-1.3512602040793282,-3.9391378670029766,-3.520967387468263,-2.628200925156754,-4.899270567475409
1.1175950947827702,1.0797936753912751,0.8873283555768198,-0.05994091262150055,0.15347595516194398,-0.3735077748856755,1.0816471142388067,-1.833707107579771,-3.645494837582901,-1.4004505929755569,-5.90477166692083,-5.7746764959034635,-1.5970169148409907,-4.272000453609082,0.8837261287936065,-0.2058800937990632,-1.695221165393701,-0.4308521043911291,-2.404376675823358,-2.1363627029384835,-0.27114882227677173,0.26562250283796063,-1.2187011598045938,-0.2970097122728567,-0.16230477211814232,0.3808951047101182,0.3469648365165419,-1.9073847132553061,-0.9159901960867484,-1.4888387093589979,-3.3756423575251047,-3.538141070159386,-1.3488643975786576,-1.3555477718558047
-0.18602387827753897,1.198797348684852,0.6471096839026664,-0.9300734045279159,2.278843966783256,-1.980892210103932,-1.6320820948233672,-0.3879341994304685,-3.3553066536191247,-5.844404695721669,-6.96779552936368,-6.839078263340091,0.2128849605789202,0.5281264875504669,-3.392001546351155,0.3946595784587525,-1.5967119841021735,-2.9599650502347488,-3.8904005861383424,0.7437180944295708,0.9194355880113602,-2.6796996341876325,-0.4565226398284574,-0.5662665226849145,-0.0415001649566082,-0.5419307552733358,0.8355059900806152,0.04779243728962004,-0.6835921512385777,-1.2026773054716244,-2.021640840407247,-2.3148558931629015,-1.6644055636571835,-2.028060750099963
-0.5468500637228887,0.6748332449207254,-0.10727429838797972,0.7095523380815161,-0.534681210196871,-1.4991860674707993,-0.1536993075746795,-4.470799181507288,-5.716441559777314,-3.7927318265271732,-3.5577175670153403,-7.105677123207794,-2.7903638225566407,-2.2929887796513344,-2.4787411762964133,-3.1785382858952875,1.201380265691553,-1.449425470451222,-0.5526077891377831,-0.814660492009255,-0.04610324256213636,-1.2558355311969942,-1.8249747333765478,-1.23254692314895,-0.4303428140182455,-0.8689036228852143,-0.5520028665745709,-0.5052480017070835,-0.4188295630859821,-1.9440737995276693,-1.6328189236567163,-1.8627314795576206,-1.3853794173562777,-2.119984925335687
1.0090934528966728,-0.7958828829787753,-0.8621658883070302,0.943445752243804,-0.5039005248370894,-0.494241782201983,-3.7498895333629227,0.26555075723627936,0.7967772900009588,-2.6642834553301022,-3.650417959786371,-6.4753181472358605,-2.974172051837686,-3.321719989941481,1.8133904307349744,-4.90333088848509,-1.4153789821687046,-1.3897100997936385,-1.6940290043393262,-1.6558263789365513,-0.5674032331994396,-0.8301089690515373,0.3312058494862208,-0.6129104074077683,-0.936342682930345,-0.619239420444732,-0.8547491836312103,0.3042691411915796,-0.8527371066379623,-0.11657284276300738,-1.1224301481436647,-0.9351509461923335,-0.5407558643113632,-2.085867733884141
0.08927436047048629,-0.7811301155920699,-1.2135960273159148,0.48513901189280334,0.2035803415868845,-0.02906215725160652,-5.445229574802676,-1.0390083276498843,0.34177270920742425,-0.904536681887774,-6.16018778688053,-5.672040434410343,-0.22169997509600334,0.6635480883571495,-0.2640684599530321,0.9921129576965556,-2.000171617394645,0.025629182402341296,-1.807217133948409,-1.0832042248089955,-0.9678719996431805,-0.8616273894815621,-0.984343013225816,-0.014102891905704542,-0.8954973636304548,-0.442491144102395,-1.061195987132869,-0.7244771626700519,-0.3766147312498215,1.4257350332674537,-0.45177166069192876,0.49233040224988384,0.812177013229901,-3.6127758073681995
-0.4774636338748675,-0.5098967796643046,-0.2708145312443541,0.24379573988317974,0.8600503164330505,0.6085039450581498,-1.8864114761188204,0.00497062272894574,-2.925460379854154,-4.754730372523512,-2.165594883987407,-3.3689467267725117,-0.674463867627072,-0.612937015600879,-1.2756822868860136,-1.7853860486826718,-1.483209707567873,-1.054596287869171,-1.367883218271628,-1.677725255330565,-2.4233120576004565,0.45064367406692846,-1.038174778572734,-0.5384819134706493,-0.15048773948773295,0.09914198019062091,-0.17727855040052162,-0.43079458262563025,-0.10138098580421578,0.5356788931867069,0.25870586694689235,2.5558708367379612,-0.336705092191191,-4.001927553012838
0.11920913008885375,0.5067555124090027,-0.8666878146784557,-0.2690440712757888,0.31231143852857485,0.14586529692164463,0.5665741908558477,-0.07647792782369785,0.06894572303586051,-2.3309546179620106,-5.0204264647526875,-3.1273789894057757,-1.2552262609192262,-1.5487729446640033,0.018754382433433046,-1.8085185911561399,-1.1944382811618905,-1.4939637829762955,1.1146791210991698,-0.7936319386895733,-0.6240678662873477,-1.2737028307247413,-0.6891317123271102,-0.8175922460115148,-0.2607301337440752,0.06601106194822592,-0.5141014411979349,-1.206771480509585,0.512404371415816,-0.07659952319470113,1.5674566294686696,-2.139084362004807,-0.7549160575366889,-2.9743897238257673
0.48849793376046646,2.038126992918537,0.6128590977780066,0.7515721865968655,-0.9572466793030538,0.16259504058196972,1.296084678691822,-1.11721692018878,-1.6184811531693786,-0.45501474136023434,-0.6386800803019284,0.44006906684539177,0.6977629966509281,-3.125808330685247,-1.960567900510079,-2.3326150572458912,-1.7571827022813193,-0.8109167250496875,0.421977608699043,-0.6238176787734032,0.11591123098293638,-0.707176136028939,-1.1010802355071287,-0.4886762709449348,-0.02300684464760795,-0.331711560198218,-0.2684443796311049,-0.6431101923061249,-1.076935714134701,-0.12019810808921778,-0.11483434029012826,-1.048279618404421,1.2054406995563773,-1.4204164729773314
1.9806378572490617,1.9853756875769002,1.6632636801752345,1.9136430734305987,-0.6301733528656815,-0.5138942568144197,0.1943152681225376,1.6286662259964932,-3.3343831005467095,-0.28500465319811713,-1.9096600150425682,-1.7339880024169962,0.2564967794300524,0.5420078076601554,0.9773005990692618,-1.2193539015471524,-1.2280574895146212,-1.0271433165899833,-0.8381410902320979,-0.5317463270153919,-0.4312421401794298,-0.2346939867454097,-0.476786807898666,-0.4132079867285829,-0.254626247427999,-0.1230200938544479,-0.3055995794585657,-0.7612626207967543,0.6939483698878516,-2.267939380363968,-0.08317577047462392,-0.16414517193687356,2.8858027488627194,-2.7640720942208645
1.8263127266289312,2.4564172449231054,2.4984381357896743,2.0071705308241916,-0.6353236306977313,1.051782773918567,0.1244296282480085,-0.3618636617583427,-2.3601224540473713,0.26886800894775004,-0.22685147695031252,-1.0091482753916357,0.1851718033463072,-0.03106795663777385,0.7272480651811041,-0.8255599961572644,-1.0364145018992432,-0.41976973242669474,-0.5785926706312785,-0.5658967374617251,-0.5101527799183312,-0.09521606756794997,-0.4352486281122696,-0.08264769239128347,0.6456151701560058,0.5129895309383032,0.14624085061327943,-0.16184657927361876,-1.593798548414329,0.6187228384810952,-0.25873617517374786,-0.7186512895215438,0.09038942452434537,1.7946975829020908
0.0586640473641757,0.5341726214750144,2.1960887393752615,1.0148154245756003,-0.7769771851359912,0.6758624483417021,-0.9803248623199524,-1.7266653618618988,-2.988072659926774,-5.487323087998994,-0.12827137467378483,-1.3721313636822448,0.0903040359919627,-0.7026040919508671,-0.3704893155460071,-1.5612219892451908,-1.2896494651172743,-0.8390605182142155,-0.7440589411172479,-0.7915736620267777,-0.8479829114283609,-0.3681109391077274,-1.1534858828095682,-1.155822992164189,0.3964154236220531,0.36535461533159014,0.24742429093877802,0.43654551160473365,-1.4294022659637424,1.1752612281367796,0.8765971426976331,0.6369511070403728,-0.3196348128735102,1.714589134525939
-1.108530369091906,-0.08546619217557377,1.352591596513844,-0.6376036095191542,-0.8218546646084691,1.3506781818070996,-1.600787219557832,-3.021174569543966,-4.199848571602455,0.030648000044421524,0.11957845391889729,-0.026302274345276256,0.24735150151420593,-0.5733939984286262,-0.8133359655443051,-0.8424846531792323,-1.2103255807707012,-1.4874075435842953,-0.7747268520577695,-0.802465352057845,-0.3860418239794092,-2.465042635789579,-2.1204652219441464,-0.5479550539694592,-0.1351780979054083,-0.362227814159891,-0.8437350503504506,0.40514815345924887,-0.4850200422582253,0.9839373100191229,1.2844787386501562,1.0571590039172838,0.9186368865513181,1.3030558056846633
