script/wind100m.json
{"header": {"parameterCategory": 2, "parameterNumber": 2, "lo1": 3.000054539987559, "la1": 64.9999836372058, "dx": 0.5, "dy": 0.25, "nx": 34, "ny": 52, "refTime": "2025-12-09T21:00:00.000Z"}, "data":
[rows 0 to 24 of 52, columns 0 to 33 of 34]
-9.199015275275713,-8.418181936547949,-7.622372565283768,-7.09106987060296,-5.849724786352017,-4.861615889413211,-4.594296899404852,-3.1735120542880053,-1.37205392433247,-0.7714477188920502,-0.1899434335245953,1.7542934437045992,1.484951771675171,1.8556179805044186,2.485071947800055,3.0447304327565687,2.4048549892727054,1.498777543257142,1.5496171727192263,2.4563854992772267,2.887263655121802,1.8778924511359953,6.281875794757732,4.449952718156522,8.712915103190497,5.053514667054903,1.4022778161487652,5.18769482703712,5.418578607143636,5.54116171939455,6.110402855749907,3.544579578984757,3.6590084474985547,4.3444007549938055
-9.749075134828727,-8.638557067258754,-7.67402046430245,-6.538019746138135,-5.616312407813819,-4.168386167205607,-3.676249804772599,-2.9822617984441964,-2.1169765853633353,-1.0205541395029574,0.5846385520985419,-0.09382757126450351,0.7923689486394023,1.6420992254523996,1.9059334618945727,2.9784351616206433,3.683697837384003,-1.0845579462421353,3.604134583193887,6.667589198938843,2.466238948870862,3.513885321718752,0.3563755253988029,7.649032817460612,6.415140695864947,0.7044368644932966,5.7738134767607985,2.9191551986830593,4.1516624552953365,5.657702307849822,5.872686692071793,5.986624660335185,3.9406215452363913,4.554603780102821
-10.411556449653771,-9.325498957829806,-8.219881797849839,-7.468189483128742,-6.384600184622478,-5.453146112609857,-4.5517760484772465,-3.591378767152727,-3.595202231759943,-1.669468266060989,-1.2493147771161612,-0.7202201985787253,0.37518632716921385,0.48207999125456796,2.043745137039918,2.2389125420505827,4.920691965666588,1.1765101670182418,1.850980825611861,-0.4001856040570319,3.6181434780693293,3.2143684455704804,5.080897043490373,5.107998179823679,6.308428273110771,1.4983258209022823,1.5206816647187302,7.001136066319244,3.7991905712547926,2.4242270179184597,4.477019526509246,4.5312616453964205,4.32375381652573,3.6354674138374476
-10.91154347555128,-10.142111491495216,-9.57400232989097,-8.623499495500312,-7.357233977205926,-6.8466058006742,-6.004440949308674,-4.729406576079243,-3.4151727919477626,-3.0283414847945873,-1.7900155541609553,-1.5792899637144315,-0.48684778067543033,0.005059285878365049,1.6552450577502944,2.6786403981939175,1.1070436803843098,3.3797821601038645,2.4127923030179796,1.4803426341494568,3.4977619723260287,5.709298190323879,4.524978140376895,5.915413548232341,5.0836095244014565,1.7721953560951567,8.033239318854022,4.344051588328293,2.3999076729726756,2.325105610899401,3.2041258546118474,4.707483066987225,4.731291799440067,3.7816881241881792
-11.762805682457346,-11.149338236337165,-10.30051930169696,-9.377602236444703,-8.86024773470174,-8.161588212031265,-7.059469172799672,-6.091036345760022,-5.713457355681941,-4.872022139964568,-4.658178520576977,-2.27588059439037,-2.181056092156608,-1.1793854952074538,-1.4809683607310624,1.0268352579546811,2.113240933833686,1.5162303056600075,0.1293005440161963,4.545528034009241,4.011555980370307,7.590765881228323,0.5371049891670746,2.517596957943652,5.42546223680743,3.5238186402839067,5.60287432821858,3.720119250121032,6.555179588119117,5.014966290747877,4.15282207067299,3.382909192671654,4.349687028294524,3.91778402491377
-12.372956993085971,-11.62658847145971,-11.31715338287024,-10.451156138535405,-9.505027208007148,-9.229404528343874,-8.526971436433183,-7.620703364629501,-6.477494864496711,-5.816126022758246,-4.542894662273477,-3.6866774466553127,-2.2333603285148924,-5.632770890880737,-1.8395761550964986,-0.9475602136111636,1.7950301086376914,-0.7324570486558895,1.6674561825857726,1.1587791402208059,1.6846051915344706,6.45458834776731,6.682056014254834,3.0447773510849587,5.425610887722437,5.513074296481343,7.039197316898231,6.511909262074613,3.862128232682888,5.76342332914443,4.1442992449489635,1.7506415950130245,2.7845755883744863,3.2320663376825403
-13.288403551124647,-12.384375309330387,-11.729927248815422,-11.179461814628159,-10.743434793226683,-10.177490768747676,-9.587960149347003,-9.180655825203742,-8.008144782734387,-6.49152204978522,-5.924396924798472,-6.37813983290296,-4.111581238417744,-4.5556345277185555,-3.0572132281248963,-2.2685612023747366,-1.3550434733272854,-0.20156939697517404,1.3990010716964854,3.8001075815841943,4.99503496731411,4.998491413739922,3.2529895315083066,3.174398565640154,5.902104774470625,6.131120394069447,6.977077989966867,4.3674786043205,3.2808114018151353,5.11416502710209,4.700321200620582,4.778471115992148,3.6908729456619445,3.917138827501058
-13.38618896571726,-13.27821319376829,-12.025839255064243,-11.517935852846366,-10.832958642398264,-10.225368589618014,-10.420769267937105,-10.170885344656392,-9.565711134151785,-8.18673215137502,-6.902621318533718,-2.3205233005985595,-1.0888431144058317,-3.162093009270076,-2.1572142265587178,-2.6331589460644063,-1.162074417370067,0.15229101981256785,2.5024649988307703,3.540670412004562,3.063653600257893,5.560354486732841,3.3816040911743324,3.379173352005641,3.4138602506775135,5.6183421579793,6.031255364416466,6.970733139397473,5.779794824577334,3.5222887163936436,6.083667843300229,2.9733271538929458,3.798449962712009,4.782192367020769
-13.909374306003782,-13.757193240625172,-12.359881530234064,-11.561476008970665,-11.076046033524277,-11.097499079940732,-10.747862782787625,-9.916600566531638,-8.93000424061853,-7.398336253814984,-6.519066546605993,-8.702928662320703,-5.504672519539126,-6.557221070601256,-3.1214546410705597,-4.983616854426383,-4.784502972291477,2.6408722257842925,-1.2260348714123543,2.9526821041701092,6.6754787310258745,4.819029930982327,5.936004168783758,2.6510388555298836,4.578913261783397,4.865747441281568,7.131675380003782,4.079712224392812,5.50309513287865,6.747511814974264,3.113853160732289,3.5409484802780975,4.433681093325481,3.495358085502908
-13.554568522963827,-12.148253063017233,-12.12072584421142,-11.364908598218006,-11.867118879355646,-11.210487659920563,-9.928110135684559,-9.865930543828979,-11.01168198488326,-6.530991284648279,-4.5785675947791695,-0.18818560585240127,-6.042966428250998,-0.2372753676749589,-6.634963921431557,-0.45563674578064056,0.1673076290783587,-3.1075685384104457,-2.5745201828173414,1.8684556925599214,4.571078684607426,4.981536475895902,3.1853764204946056,5.638748905247275,5.453317825217847,3.860593677408046,4.630302262320529,6.513339148047557,4.478099162914609,3.990226171872848,3.2045820641875733,2.22529140114154,2.733070353736428,3.296530563591595
-13.724961711474434,-13.00896838875237,-12.389194553330952,-11.935228176788861,-12.088484163277695,-11.001856297822439,-5.012332686103341,-4.03745185111168,-5.96768604452416,2.687757043138831,-5.3739619202075195,-4.001843825669869,-1.264635005882306,1.6536369186125641,1.3733035820149682,-4.108220396279919,1.0570182829044767,-1.3474314110044685,-0.6329763297052495,0.4900399369244698,3.3470499231108914,1.2726419531848063,3.8733398084279704,2.3472613705377827,2.239383578035557,3.6471899816912496,3.4972036301095746,6.384283081279224,6.032000069285267,3.129177284693185,2.800341848832723,2.893945855897908,2.8999616036874074,3.314092613522379
-15.370754920996223,-14.971928242959674,-13.877353482527814,-12.853286813632959,-9.452373911173808,-0.7635806201877959,-3.3232410811583115,-1.9923752060728752,2.057640566127639,-7.830498787527244,-7.140808186015483,-6.568281319199437,-5.608642664634093,0.48144153749848795,-1.3450296366745966,-1.6678493477027414,-1.9747907871881694,1.6844025031977674,1.019317377886986,0.7756712894068468,2.7019856489336402,2.9742615213626107,0.16049544739921087,5.085430947473825,2.3216088289082553,2.6786542178969803,6.4899065233049695,7.279343671497706,6.343378723182097,4.624080643039171,4.99551457975346,3.3398886211219816,3.0233854824728184,3.3765278390089164
-14.471189793401651,-13.211920443841041,-11.553263986399024,-8.140688267125844,-7.49507866395118,-3.3728632199411734,0.47447096963295177,-5.1627323084141,-8.692793313328444,-8.979788367579822,-9.019704308310098,-8.008415736652864,-2.03053799068864,-0.39951289029252596,-2.704600144695445,3.6539866961048304,-1.5798876530781756,0.875303667260616,-0.38106541217663376,0.24625663650690213,0.24712213665336952,0.8450968300044681,1.9596290091733328,2.1534891465388197,5.112174916413836,4.275661870696165,0.9768979183460246,3.880379621034798,4.014149651653368,4.133864684987038,3.9809588722639124,4.428882905221636,3.026443201097866,3.533588661794051
-12.585568317041611,-11.31855778359288,-9.460771836832661,-6.777563275786911,-4.736515473344145,-7.243651852000407,-6.945455720915334,-0.757109532614144,-11.587602253694211,-3.5019086325609594,-4.035262329765313,3.548174181687687,-3.1521627036296036,-2.305815693748428,-0.05744807576427681,-0.3159868856363213,-0.4278149310018882,-0.6498229067939941,-0.5550280140721886,-0.5874561344143606,0.2591756716744302,0.9023153037447565,2.7309042104849826,4.359522879614308,3.0227535037230036,5.489940741427163,3.307955511416184,4.653702674603667,5.687625286650407,3.554615154912402,4.056996405704417,3.562995421081544,3.1404251402567733,3.559055634783797
-13.2205005344402,-11.228730535241182,-9.206836011451678,-8.349494771886933,-7.952086038829573,-11.191656024482276,-4.758382469671266,-9.847107409343396,-3.9316970617860707,-4.460825138867131,-2.871826639665328,-0.5486921102764418,1.292069572575617,-1.1368680879376083,-3.5348389908012066,-0.6030108445001825,0.15622491319800025,-1.9962567806252345,-0.532096945129857,-0.732263451477669,-0.5961703188039679,-1.6749499033814002,0.4156327424855485,3.088763329602399,2.2701981812822267,3.6219405568252756,3.590090402006926,2.9295125220077813,2.7830995306730966,4.015351868987229,4.3939192705210095,3.4822206686897244,3.5943447514770557,3.455677192781494
-13.611038647974837,-12.538073676861623,-10.454522671196084,-8.050750395814978,-8.429978998024291,-7.334196010733876,-9.510470225380914,2.0700204690705624,-4.239317912761818,-5.382125611010108,-9.597322990355734,-5.510695164449395,-2.0146977193626396,-1.0373975963490243,-2.933911629607588,-2.3105553699992125,-1.6594646599679892,-2.882580464735132,-2.794493985015101,-1.2030389298428148,-1.7749140520350428,-1.0600467484020424,0.29043014316158366,-0.4936808697704015,0.9831869572489854,0.8027819434989251,2.644421800739836,4.312713645837678,6.315397607947469,4.7627656058608006,4.025291132505664,3.1786627560712977,3.0757230004525185,3.1990403872505735
-13.787154999165827,-12.471875668036223,-10.758993689560064,-9.120170706336676,-10.133139475235152,-9.956447953181648,-11.336311217086017,-9.4161614758738,0.41010546878232373,-8.50262014591495,-8.229407758812187,-0.6934902104246988,-1.2127625338990087,-0.8338720886967667,-0.3026046553195714,-1.3152476546381437,-2.5907335569483743,-0.17515205440041515,-2.4097522275630174,-1.206975839254182,-1.8899623228873161,-1.7586501489377406,-1.6589601646292351,0.3822509008135793,-0.6142947599702286,1.8835157112459104,1.3806210942266504,4.224823188140177,3.1066458980076175,3.897816361884121,3.852219609407765,6.202934526860127,4.50823253594194,3.2930743520614607
-14.409649146455148,-12.691598880325454,-11.346055209269128,-10.668613779626659,-7.313807565823105,-5.874671168395927,-10.492965705884302,-1.5304062624069668,-8.259942458456642,-8.546290910454024,-5.53143846487283,-3.4771895966366535,-1.258480887135877,-2.1100007405471435,-2.7461520776273898,-3.035348701807872,-3.013362345883104,-2.6025633057541113,-2.5452975503159516,-3.045400890752828,-1.8840776379288415,-0.282713427635672,-0.45461544609223065,-0.05248143111729246,0.4365207977691987,-0.2886886836860732,1.9529733647058416,4.994105277215028,4.69420575777289,4.370420106664771,4.579201041149895,4.350237671621594,4.279544682900164,4.604386308189204
-16.003275026736915,-14.584243235255073,-12.497495196034453,-9.520767036919391,-9.00986662974495,-7.114041395577909,-7.621996222991845,-8.385243331878806,-15.395601201720535,-4.609966398621733,-4.539870605363996,-5.795041678770931,-3.6003051742823002,-2.612018620221418,-1.2314947463309298,-0.5058984457380085,-2.0260641006150046,-2.176293948903597,-0.31056499486263417,-1.494687575211895,-0.6428311086444678,-0.41105903757668544,0.6974463878563214,1.8587604287554986,1.6951350853787746,1.097631294625487,2.3191548207390444,4.160663194067748,4.631957152764952,4.132592173831482,4.6307400683252995,4.181011106767707,6.814273648138618,5.721798195556163
-15.569495107180959,-15.711998744875581,-14.74994744228764,-12.444724096499433,-10.530020233631603,-7.668911106827652,-0.9975728533700559,-5.043667623152163,-9.597185170908975,-4.728819271525071,-6.094909423876236,-3.6167263640349585,-3.62299078692504,-0.675987372935373,-0.9933297099824133,-4.168460387258621,-1.56265675984976,-4.49940956216367,-0.8672473974330461,-3.303793581889269,-0.37186015980012027,-0.5374582931392728,1.1383065912441674,1.8175714784542596,1.3699656278103478,2.062763711831064,3.0376215763156713,2.676299961283373,3.827363299765805,5.20922605526182,6.753020898507757,5.642778317641185,6.800114279492099,4.710598359649162
-15.29076754149572,-14.924254643747586,-14.049569102675836,-13.165182115117291,-9.140986012696311,-9.738722734336664,-19.18261385082454,-0.33646949523632,-14.791228553926393,-4.477036856068796,-4.423238372403036,-3.2188166584926607,-1.4333554209931871,-0.809449058304219,-0.18743955429871093,-3.2807645521460174,-3.0499797558444652,-4.248358096757685,-2.3915394763099203,-2.819647581493709,-1.3226670391721636,-0.6293018638984109,-0.9269649783345969,-0.44303679274212077,1.3283452243581204,1.3904452758893202,1.4630699554885025,1.8168548710521366,2.23806698359585,4.988115054628072,6.257896977366273,4.623994504213174,5.987912700630546,7.345734549418146
-15.778878596602954,-12.818228423306078,-13.532597651184135,-13.10821360938805,-9.668287032678084,-10.491483681671749,-13.579977678585678,-16.587461646602165,-13.981155445964731,-5.218091839809856,-2.5970347514791072,-3.9617259710930477,-2.621841184824351,-2.6069611757310147,-4.25392127410139,-0.6176043414829967,-5.706384165650714,-5.4365266298148605,-2.7204299903819127,-1.1263706650929626,-1.8542753559012435,-1.8660107696490882,-1.2080345728493491,-0.3754499033506025,0.10343254144184713,1.1901596687241953,1.1141248551446672,1.8748514720553404,2.8504346667474136,4.194667718540447,4.21076970130633,5.009139319598089,5.526547171601622,6.561680312304526
-13.889934496000894,-11.919871925513446,-12.255606575191614,-12.004176928424375,-10.641954283664498,-8.546653050955396,-15.783111686079362,-9.585282394486216,-9.899663990712973,-13.917438327747497,-3.97333325697659,-7.318822892968117,-1.314062548895353,-4.625464198893068,-3.209366297876966,-3.0191959447201073,-6.176950378288857,-4.799555141056863,-3.1285720628640235,-2.3225317353989303,-1.970742655488799,-1.7133215368387098,-1.4897210904806937,-0.22206457562590187,0.15152991842394248,1.0721497212588869,1.6792449936784695,2.1539013916463783,2.264539353694148,2.824813764178728,3.655314166868822,3.903012144971918,5.291335802750643,6.628890518569821
-13.01655607348567,-10.071066931415672,-11.234353284670064,-12.880145323173805,-11.165394533546866,-7.3898423419673165,-7.528725161521572,-21.53874626527436,-14.503094929817708,-11.592784773194696,-0.6975370182951902,-2.2930201385538527,-3.88108283044684,-2.6904507825764368,-5.56342796276263,-3.0908223554592067,-4.758966056233182,-5.762603897682633,-4.548038544596035,-3.665213181865742,-2.1049601855732183,-2.9190687674842066,-3.178739020402865,-0.2591605431689636,1.1002366335250762,1.3658433623116413,2.1635721592019106,1.5456113425704616,1.9481252211418594,2.433241545662941,2.63956250714014,3.6228444476451434,3.299867413426641,5.705197027317814
-9.087899509211091,-9.173150735705098,-10.404830477226398,-11.999606542869566,-12.26524270832038,-7.360893108818361,-9.062577277583731,-21.30711331193464,-12.10911579503807,-2.736101247664961,-3.5991229884402633,-4.040255379613409,-3.644864085300046,-6.469379310015784,-3.886453656555134,-4.844008625524618,-5.542626965993422,-4.638836106727852,-4.430882583439976,-3.429783023224376,-5.7588234158060985,-3.4656130793805455,-3.627775928292259,-0.3980198021508751,2.2740603780519253,1.896367171088465,1.3066579376819147,1.5504907499196103,1.7145101052922895,1.8093426739823817,2.1546880070479832,3.6424079881910827,3.1893468323452994,4.350990027913507
