script/wind150m.json
{"header": {"parameterCategory": 2, "parameterNumber": 3, "lo1": 3.000054539987559, "la1": 64.9999836372058, "dx": 0.5, "dy": 0.25, "nx": 34, "ny": 52, "refTime": "2026-03-12T12:00:00.000Z"}, "data":
[rows 25 to 49 of 52, columns 0 to 33 of 34]
23.65650128259911,23.779678147226512,22.858520980603018,22.381849907114404,21.592081968785187,20.033371594009235,17.166145565603298,11.50979797368089,12.738344040719516,8.657469058092644,9.842078979419183,10.186495461264276,9.377124004443697,17.128725377654206,20.12047340720904,19.65013138578097,19.222829885909412,10.955673357982603,8.705100903213152,9.195154316637181,13.108312110012564,11.929069023959787,7.792946843333021,7.708684358997682,10.301231577897296,6.615075520856548,5.499709872825518,5.321792996759121,4.032987661579213,3.8363007816960555,4.164480667886311,4.051981490533335,3.6460218756704976,4.5490675591080745
24.446922168290484,22.897340482000498,22.66727255905283,22.572756424061662,22.140862349180036,20.012441381671508,14.381121026795492,12.887591913811063,10.679321913097702,10.866729931670124,10.752010769322554,10.535080209513932,14.973070975166003,19.90553478156965,18.73086344282031,19.045551925363615,17.98444177187451,9.982244688775724,8.839456012515665,11.889713139298772,10.269692891019268,10.3159834873552,9.230328449068494,7.634797839632481,9.473319666486141,5.908274300904357,5.5259038744659525,4.816191975113141,4.504330107172583,4.843361020555845,5.044384336416519,4.988655113642681,5.408809959690932,5.588495588726265
23.548661955825448,22.540726019689522,22.311792684413565,22.05086669068151,22.02997722232393,20.730188205796043,18.866806986920604,13.7749925486554,10.743597183160508,11.005467464250478,10.059573290936855,15.656081487896298,18.334124794960548,19.71704016007398,19.26635792785144,17.725473461796472,16.32030900662906,12.638298991467543,10.548749602153194,9.420513288429818,10.86051459419634,8.663167098644733,8.470744199936854,13.395862714083476,6.719877008385651,5.885873838659431,5.151552101427615,4.286703371702368,4.560256662631613,6.900158362230226,6.468421298067906,5.278290997445394,5.859371954622212,5.243423772091275
22.81719030840921,22.382197951962382,22.058779301577466,21.630716840682673,21.29895472364772,21.204275904388627,20.677513862003114,18.78034360016647,14.108157993013386,12.41687485249177,15.53285663122392,17.356573874232403,18.660562828518675,17.59383479327155,19.4026791128743,15.82269704296857,16.802073939932065,17.96288956360981,10.493427092645264,10.274159559076612,8.96289515130683,8.891793007791568,7.648777338218754,7.980843413177159,6.46277465332403,5.382829528857881,5.348769700854665,4.4352533992023435,5.360874252861087,6.24317881540052,6.163238389546008,6.030864044998055,5.568624940100752,1.82882707053297
23.332274561446802,22.674990668513956,22.379013263535313,22.00321605290406,21.695536763485652,21.272926496801297,21.082983496998274,19.947720142640776,18.892651388728435,17.703548760318796,17.78715238695762,18.12777163435334,20.37592012563312,18.811199329956853,19.45013120908369,12.932072512390427,18.68004451713249,18.579871550632266,12.544866953714974,9.06580743552269,9.615679941522416,8.919687799716174,8.027503272074165,7.152018125329601,6.458772513254987,5.337630524104242,4.225058756676004,4.088633606018501,5.80695404572014,5.960662851012217,4.737967614901272,4.286280434957478,2.02540060715361,3.27902616930184
23.65142449296014,22.823950273076363,22.6715835385813,21.79770180069028,21.722855802304828,21.54824367811792,20.454242095503137,19.91700320138625,19.337592766230475,18.46847752849155,18.771395729171683,20.147687453073768,18.229975781449443,19.326660832912214,14.134915352982222,12.629908617479488,16.89418793397778,19.39218137116718,10.435118789033734,8.777851421277452,7.6914377061930574,7.355512887278249,7.252320650104246,6.337380739112736,5.144144881260383,4.410252625014252,3.9960423230468716,4.243468397718988,5.61950617285319,5.504861980792271,4.305568359218283,3.4393289639278843,2.5093392012597646,3.949782323254174
23.69003832268742,23.36761946274286,22.87537446042779,22.392081945682524,21.93210150990444,21.944642027132662,20.255755100120584,19.928737386247835,19.700318363796,19.171115235662,19.961404299221098,22.71616925263196,16.513568828856002,15.14679079171705,13.643866544971589,10.21711058665714,15.432309415109785,19.655898066118947,17.655369339048303,9.027909043893898,7.670980652681748,6.771726934488111,5.89718754108939,5.312447131782269,5.032676618981446,3.8826872594665622,3.7723435202844864,3.530288433935408,3.894295132712973,4.29520355566585,4.7985205922549135,3.113780769044747,4.319765185841264,3.70382843068378
23.433053629038692,23.25561387615651,22.780905583132455,21.97970156548195,21.69984732751209,21.46279320343596,20.26877785211175,20.281520165469917,19.726435802989204,20.257364624903055,20.547066964425305,15.08019097607152,17.800839575418536,12.880766233360989,11.472125872281755,13.253920695557108,17.02316412694446,19.533770839449364,18.215814289634867,9.899483657400852,7.755096890043677,6.204414768876797,5.395561632627191,4.97708245319795,4.3990998161605885,4.025302920822581,4.138933740282071,3.0448942473015865,3.480615812068241,4.250679203376749,5.427591174901468,4.614963255437394,3.895746140959602,3.0954457321717994
23.522456037539957,23.40643968433811,23.125903534655357,22.31170405504302,21.501724622105886,20.831626114415673,20.27951399352259,20.058453480233716,20.33286452456023,20.518582305153,20.908957758716443,17.03225660982829,14.335007796495008,12.536779237372276,11.903361172755572,12.670152655780806,14.160334838673478,17.971237852779286,16.777120276232544,14.93450717782031,7.947959957509335,5.9647101539198975,4.890450568497975,4.5967076107629365,4.759260783044868,3.8978754323097884,2.852470892835608,4.005357328949199,4.784873855225738,4.7501809927281755,6.236711367613043,6.257367557626126,3.6721778241241156,2.2173619229733057
23.402515542132996,23.36020967313243,22.829535561846974,22.509016116192377,22.272327087117798,20.475732467521127,20.865386327339948,20.473627618173413,20.51596239314529,20.390693410329398,20.605420777406852,15.241029234606136,13.44149927632648,12.330821811519026,10.980454355523916,9.568657220212547,14.134471241640396,18.331882513392024,15.25835451416381,13.632074409443653,6.98848851578795,5.243648841652602,4.972820422710411,5.237870234871981,4.75964876454666,4.000648292378043,2.671395999524778,5.265847418806456,5.337270702173504,5.999051790386829,5.862724630728379,4.47934853089538,3.184709269546492,1.1841566570500295
22.713504129037663,23.288924196722835,22.38537325052598,22.30817787054934,22.524743033065665,20.717518810320954,20.32348972511554,19.785642554407822,20.02309062603263,20.315243277399585,20.36583694974035,15.538438649621325,13.587963435515709,11.364618480353156,11.007946323426259,11.462151904545403,14.73394855317408,16.57295672188701,13.711990854694545,10.063528584397602,7.80560318185436,5.581300864072862,5.07007635228439,5.258333813415932,4.762136845049201,5.0469349326661375,4.046630043549943,5.847149035150191,6.091918066443019,6.103517805862992,5.621037822590346,3.0515157780363404,2.630992836485357,0.030889815621204502
23.732042627653545,23.115333309666187,22.579247773724653,22.908704754383606,22.18175155780166,20.89762089760127,19.689648118094205,19.335039985539158,19.65017989856525,20.356477785936402,19.941693468220095,13.626981836387255,11.26751596619646,9.845405078643461,10.261042471461085,14.489363763419387,15.093785774443091,14.48508585845578,9.630881924168335,7.710433616049714,8.052250926582058,6.150278628042618,4.987998472722762,6.431242795295854,5.794243073744841,7.863185603035668,6.172948468151284,6.059578460831293,6.53824216321422,5.194369671111193,3.2819572825423653,2.886026599445475,1.5536302982121075,1.5479928096314965
23.143808994658993,22.785417377506107,22.82848458118716,22.68206028489996,22.087271141062153,20.487560699874372,19.5177678157718,19.20415588157482,19.33868686062295,20.29262072555596,20.149250695556095,14.018663472129084,12.602234455627267,9.738952306606718,9.618334723500523,11.891545346919857,12.53262731605706,9.959697639184377,8.552271066549984,7.606095552054712,9.706045671427974,5.941169033828377,5.317919358137492,5.934533864821663,7.752667720154404,8.508877071981198,7.028728320587269,6.071622279792052,4.778711532939506,4.826310635265205,4.521381896558947,4.754371970653093,3.8793570411104,2.7308394735105637
22.875628076564496,21.471566179276397,21.756553150042816,21.292649474641244,20.99425273965157,20.139455258110434,19.66455102144991,18.727267591654343,19.465178884257654,19.011756229329166,19.367337550884592,14.892970281381196,11.954360771780209,9.197724518192942,10.05546746943633,10.264256802153039,10.783648573613496,9.782151373328972,8.559437873776298,8.524457820913835,8.023600792168834,5.338017626335869,5.609513261032761,5.3045476257742274,7.080000973782401,6.216798362267505,6.443749762578686,5.377466950738377,5.503196949359537,4.905138285945022,4.970111321432541,4.161132435090597,3.4505735028601587,2.070608989248862
22.117147379450554,20.83095362280166,21.4205202665959,21.328351347124432,21.850675596412177,20.666093096980255,19.46924686449433,18.493985077168322,18.951293201003505,18.231801194799775,17.608746237163803,18.543315928800215,11.626857413936,9.16192334447056,9.121355520832031,9.995426917470814,13.127475800862596,11.143259241662335,9.11578532267333,10.948499654753341,8.31908694160812,9.764606741413388,8.470922876686407,8.442669996029368,5.956132431191898,5.764760169345399,6.656613238500937,5.6940584535157,4.865141044409248,5.012091261826679,4.661793703299388,4.247169458364642,2.532875990836153,0.43597204846709303
22.635196087345538,22.62476226156528,22.892784811501183,22.082183096448528,21.97068038838122,20.206636647050576,18.548511174249892,17.953042314843398,17.76893559632479,17.594065515327895,18.049040735679785,16.272104676674473,11.836452926440417,9.1194197253311,8.125422867688034,10.676559717319844,11.395732038976455,10.55617088027576,8.929535258979568,11.079898298594419,10.562111264705827,9.128640624954157,7.7402840046856785,7.874450170104528,4.822580579600236,5.987603953971446,6.2194257792784695,5.476450282345508,5.307152916642599,4.30824336634478,4.0517733131946025,2.292480923406156,0.5859797649353244,-1.1403694206683364
22.093222221386938,23.25600131941341,23.0061365660489,23.010967618025727,21.39009837886125,19.526102374939057,17.697432467626257,18.340424048362532,17.393771260176344,16.796195796497443,17.233220284238378,13.46706369139197,11.367975513136734,9.372175463221055,9.322285785315264,10.511733233929569,11.000362929530775,9.15172284048005,10.280157849523775,11.985918357505803,9.179266702366025,7.047681754814345,6.03527726346324,7.628819317108661,8.007786167198049,5.462279140081713,5.294332924926013,5.042932147652173,5.035002432979773,2.498343685137759,2.2168529157611614,-0.0835208822702049,-1.2867996633473051,-2.110998469886235
23.598554787259033,23.301056329454436,23.2937393324893,21.95871196619886,19.743386203582986,19.04879141441736,18.688569160773636,17.009494520565173,16.755711751182204,17.11726007317053,16.98857885213612,14.479594952435544,11.488706297344267,9.208002352331151,9.633258985344535,9.071805500480377,9.81449667272415,12.400665992763617,12.193854770034436,9.666661528626573,6.999939915468506,4.955501627667628,7.509546397958375,7.050444699968872,7.113861930010218,7.278594275897953,3.5050353293568004,2.671158044820603,1.6608068489870795,1.9046926148482768,0.5893639855878486,-0.38834702188799536,-1.188019941911346,-3.0036281730282215
22.683993085927494,23.332272094789843,22.899427793515958,20.68449027811119,19.15303495467017,19.105224226215277,17.005789573033056,16.86063570409453,15.814407247909728,15.107570087742502,14.24089449850015,13.134654345129476,11.616981728755142,8.882387075277492,8.602193216251901,8.103780620224464,8.427260801961888,11.157173258724043,8.616714778345441,6.331199549000812,5.126576526145727,5.58293212206699,5.721243326913732,6.579252227490132,6.635230019186518,4.877346381255688,3.3396314397284086,2.087944756528628,0.9530255407536946,0.36483365666435186,-0.3660194698476327,-0.993212114034497,-1.040800455508225,-1.4539910233238376
22.726910384622546,22.309440957281765,21.33811646122477,19.695187662554375,20.017678422250352,19.764828969714454,16.503819974845023,15.951525065393946,16.2746994761265,13.831647898403526,11.950035530213915,11.838004124771182,9.611983186935149,8.877817445495134,8.121823975731692,7.913670372760082,7.866590680119066,8.539321493124444,6.996668228634839,6.317354377951052,4.966067346502416,4.617010491809596,4.087475047694174,5.551812454259622,3.250250884720251,3.720420901146001,2.149624087286851,1.2810327634578298,0.9288658474236757,0.18725938923026153,-1.3475322191326586,-1.088519211010888,0.3097838897474589,0.8543334070559173
22.51966596847114,22.52653687920065,20.250562634252415,19.35650023035248,19.819697350132724,18.213537812056938,15.851612002054033,14.816212845206596,10.961278486571123,10.204116501371361,9.534707381231854,11.28836201103018,9.112509641749304,9.007913673763753,7.869164633244552,7.5527502101935236,6.8107531812957305,7.184418001337606,6.34203238930413,5.705900028842472,5.288730867463552,3.762508994769317,2.8802772341871288,3.2098418421923816,2.0307910561796967,2.5258698641271735,1.276157255841584,0.7099989952835486,0.251339958701179,-0.7963364646568708,-0.9452095431407591,-0.776559176178975,-0.20719088932061608,0.16395277621999893
22.715818586562193,20.530200098653562,18.726374187705012,19.73686527795945,18.91674364511674,13.716025566700976,14.813207884205907,11.042350924636958,11.639427377764354,10.058754525648736,10.274020791125428,9.370514425894978,8.337092129224096,8.964142723160007,7.133414786066585,6.810948886419772,6.726671618001474,5.994708183820196,6.544617582476733,5.768461894235706,4.482751937629001,3.327990320614296,2.150753038252601,3.034334353261948,1.8139281164571708,1.8269089089381592,0.5839543121332577,0.36602140236142405,0.9382980076625542,-1.5069398756491887,-0.9952986849540557,0.1577007922375092,-0.5218527561118127,-0.516847602903557
21.550385452726395,20.161021350419738,18.31986310225747,19.264052267618123,15.730356244471746,14.387775457002478,12.245611442018214,11.046553496663638,10.474302056348472,10.383672263499262,9.439324134860078,9.5127378151941,8.852163314228092,8.708230225667375,6.6856194568437655,6.302103442556187,5.730355893346448,5.975838909182513,6.164673252798169,5.562026668748949,4.101567765716611,2.6203349635877213,2.2120939398323824,2.2398700883200986,1.4307005873560228,0.44532172650490087,0.404913558714374,0.8426552815918767,0.09784127654081572,-0.1731370016367713,-0.9027393309831658,-1.0411860187611819,-1.4595646427605307,-0.6813458753899091
20.461022147287835,18.969662193351507,19.066309094344245,17.54917401226461,14.222976979926152,13.284544512378568,11.228789783809768,10.668403614688298,10.629032849274434,10.42427870409407,9.681895208401434,9.638059178818516,8.96367819759453,8.326640333100457,6.181453479823215,5.358689435244263,6.357700891699329,5.536645113045272,5.6631257695465,5.017201238679512,4.2743369326919725,2.453495414860941,2.096752571405166,1.490693069509826,1.4619373072879986,-0.05278404821482161,-0.40752010134358785,0.8523155925550537,-0.8552758603161038,-0.9629134466692787,-0.40424798652891,-2.0792453585611694,-1.4387841795384009,0.12902389705909306
18.79388664739962,17.50932218284601,18.041011088376354,17.26459139876397,10.977952185676772,14.279958130180392,10.65050853484044,10.273571636714436,9.975338782139987,9.732754425419778,8.647468897427167,9.159326729574776,8.562714153737419,6.311606798640701,5.373874604975406,5.974778222523268,5.517709992593443,5.629737235463965,5.042720460892583,4.045912041662486,3.3872332865958046,1.66757196127845,2.035727251805226,1.7919448785506842,0.8412728457820765,0.6778903884822279,-0.6371896491922775,-0.21222523484414807,-1.4392185050568704,-0.9308962781288518,-1.8666081874715295,-1.8091085825955846,-1.2019641125491938,0.4076889092898718
