script/wind250m.json
{"header": {"parameterCategory": 2, "parameterNumber": 2, "lo1": 3.000054539987559, "la1": 64.9999836372058, "dx": 0.5, "dy": 0.25, "nx": 34, "ny": 52, "refTime": "2025-12-18T16:00:00.000Z"}, "data":
[rows 0 to 24 of 52, columns 0 to 33 of 34]
9.66072781479151,8.645783964390258,9.36831314022245,10.206381002210739,12.02711420696106,7.971309276604855,9.496802820455704,12.359138193081145,12.956965161493395,12.196542314801674,14.789210077993957,11.990628229271323,9.897066377456213,6.399538513219638,8.085980519628777,10.159122328289223,7.801427115561063,6.433782583722693,5.466247258512396,7.66303846665866,5.267391669554194,3.76080955962222,5.005079146428973,6.301204472498945,4.024881375870209,1.4514422208106719,1.738541069593166,2.016113662983586,3.188174823310118,3.5825558129661155,2.1940931339999192,0.8528675016487994,2.0611676516391046,3.228755268987772
11.206951224611673,9.009863360152154,10.159299270837204,10.247214265123553,8.05362559989713,12.490175758838497,12.942941248998398,10.601484890367576,12.861372605048716,12.925313119043135,13.319101363039907,10.827042819952128,10.922603311301602,11.084262372179913,7.14856692349412,8.490853941000674,6.683244956104817,5.5122161718302,7.967444636200481,11.250317615602217,5.450805436767222,7.5621425564460445,3.024924806167062,7.330029304073437,0.4051760859500381,1.0678302076456432,1.4707986785905407,0.425618137919865,2.849301950164341,5.609503765912016,3.367513425222577,2.677828368065165,1.064509758051324,3.279881110094953
12.961984921507153,10.872218818345853,11.840177505545462,12.319062710117526,10.965137287009412,8.207840865756639,9.88374152106257,11.590969736103046,10.786736568304102,12.56966036207586,12.940536043363027,14.778389175527389,11.720431452957085,7.749209674913008,7.797396629622281,9.588227900893486,9.370622939381741,4.386837102868356,4.920630323679305,4.982600911974195,9.101301724403953,6.672215642041674,7.0535636455630115,4.3401168089764255,1.4849734986458552,0.1771061425561751,0.1681074702358022,0.8341419140133467,1.2693839510402112,3.508486492491745,4.266443029868865,3.1374746508058626,1.770725404260116,1.4777918631490368
13.731782898288278,11.907967520398058,12.673468082202712,13.229583468432548,14.88566309701532,12.535190553211462,10.872839563047354,10.799779936622919,12.292229166180988,11.400524621389371,10.043351555916537,11.734993730694981,11.775275318990147,8.493407014684097,6.325999970689534,11.932044994437218,6.76994172728998,6.518792196448278,8.12208039792813,5.295462937498047,8.053730611329572,10.212528890444066,5.897006695077409,4.427166216210679,0.9629667505476864,0.9228273676126252,2.9612332876440433,-0.11212239169469812,0.5330719622746973,2.2423488049285516,2.2154688977378756,5.45158023349533,2.811252951355147,0.46515481153814836
12.546723516797258,14.166923095373601,13.367032734739427,14.180535634940993,14.662362098484316,15.2090477074657,14.67808097907806,14.500734067882851,13.86877671961507,15.712879182869521,18.706720704370976,16.471700576997712,13.533599302507447,9.161682337880634,7.728266957348589,11.035579052147723,11.87698685709014,6.22637629363821,7.01189933758473,15.555212602521282,10.442537752860867,14.57260380797408,2.2374686181920937,3.787612370978483,4.5778949669896765,1.8463895530357073,2.265318333467843,-1.0136066801750219,0.9213934035851331,1.00839558933305,1.3239893742280107,2.4809520885270837,2.5903663321580264,1.0769445523116663
11.939916914458385,13.473750255527952,13.328212426903482,14.422239309421917,15.7584752969108,16.27643431674599,13.197204250059682,15.007893027796948,12.585060679742561,13.605764132215747,15.563536211572183,14.817003039340667,14.159122664871145,12.295991762584647,8.805141758693013,9.91459555689142,4.551197094824588,6.741120101994054,10.505703567745629,6.8737760690371585,5.107435470394454,7.8219669179943585,9.080771388491078,2.706944153643765,3.9079055343122784,3.997464507867965,3.2957116068434322,0.012668715116286818,-0.1651011203186811,0.31097762823817104,1.2675799754112538,-0.03562808320814586,0.8254683275441195,2.0304122180399053
11.606672133795323,11.569736170337208,12.25254777582308,13.394290261054078,13.838860381336168,15.853458914356159,19.6070816739463,17.253412550524445,12.08607784754482,13.411628087754451,13.410464134926125,15.630485585558445,14.526152349652657,13.619662660569155,5.251060861054808,6.873436105768539,4.6086265331076195,8.832500279744934,12.46328020275544,13.072558290244341,15.579467154589665,11.026285528948266,4.70014369660177,4.533732465642917,6.4018401685152275,3.3336904226381465,6.914534506359185,1.9526639587509946,0.2947964978835379,1.4280593567546527,0.32033073752582897,0.8920134038688852,2.889802033947979,6.624114268967019
15.227978761352121,13.873926900208275,12.576589806209652,11.41106534942247,12.955310490322558,13.55425934264006,17.843441675488744,17.661566697850077,12.550709809605696,10.716781242328523,13.32403202428441,5.328865829244829,12.29642435439929,15.089877984077047,7.401131761025796,8.94513887307934,2.365959879420257,8.474515749241672,11.555355777480555,14.508983462207139,12.877463366650511,9.021634882676096,3.216429194188175,4.101507456758326,3.218333041056115,4.115027218309075,4.192130009860377,8.121211810339108,0.6670086566723048,-1.3904896533935338,3.8768038694395974,1.9989876244150873,5.522696685299516,6.421090782471655
13.865583549223864,14.149252053059891,13.67845215874377,14.147273966811138,14.537863520580364,15.410928216667331,16.47870051064828,17.977553705199277,15.231850390941489,11.72886245635583,10.330946060474101,8.25661639931272,14.073875747341795,15.407776470927683,11.634012519978855,5.489586157352228,5.476340547782949,15.096178033662973,7.600807442682781,14.606605571403652,18.521256485832996,12.209638015999932,13.111072762448561,6.248169888972473,5.577953796678371,5.489106134830604,4.8245082601030544,2.5595581385631956,4.223766374586705,1.0249975541252676,1.3572444293401922,5.536065192114792,4.826252917727243,6.353624147292104
11.867202214091453,10.575678688009205,16.17335987390207,12.323237513873242,14.236157843685012,16.210702537054928,16.15412279330606,14.671254474463263,11.978763263923724,10.071858215524598,6.739671568367596,4.158787399945844,14.362844460674133,13.135803012443803,4.888178638693387,14.836571637576855,11.659553638663889,6.4584492527101975,8.87130383638645,10.045793680646092,14.160515921108507,10.770350479809391,8.94363415565402,9.014942343391665,6.110524569718673,5.679004494705516,8.656228911962135,6.1233200929825955,1.8358562918693124,1.770674235680947,4.35235920457267,4.622527590826951,4.867947238802385,6.578801593833872
16.73972862887702,10.910481633123444,12.001770853511452,12.638560022835977,10.56674374537912,13.903258566908931,11.747017700427248,8.82130359966328,8.749476144777251,5.418090348836132,11.700675467989164,7.216239051018465,11.260220138311043,15.43585853290153,14.769314862332823,4.355323381191604,7.825274714760097,7.211157410074449,7.220874842652162,12.203234279710644,10.9391081503303,6.621182986837718,10.516510519048085,5.9608701034910725,6.001230235403146,7.28369557990438,5.173471792276447,6.861065365118798,2.1810140931786135,1.277550084243051,4.473212702755943,4.393502164441613,5.669406394916206,7.03379778142878
10.511538926872941,10.424234560781713,10.654195477967969,12.081982694889533,11.688462282158135,9.716030249490679,9.1987829476681,3.497377700173791,1.96629348937437,14.743378575467633,17.959346349901757,13.77443997707297,11.128686909412927,12.192340845222118,11.474962008850795,6.722760003122953,4.84686714475617,12.546760727746923,9.48593912341763,10.168250000793222,10.672508061175005,8.110591387058438,6.350429838289298,10.464401004005747,3.9567527418476045,4.002771446210096,6.69760634752304,8.598063812173223,3.9878367950262605,3.329475091828202,3.844377237230647,4.365305038430797,5.496550013682387,7.041447281522358
10.121366625710573,10.120863841604821,9.513252880339529,9.067163548865459,10.701278968149728,5.056379687579388,6.441282836228794,8.024333512180066,8.938279235008121,13.937699596913847,12.334633336699195,14.338598552522985,17.957334222334154,9.185881467213438,10.558789101731831,13.679865188037576,4.911043243481688,13.125821318212584,9.23626821581766,6.723455888595397,5.992373603139172,12.317099795615233,13.81958203236052,5.579737076780319,6.249274692719953,4.948339661459593,5.3663557991682875,6.9632116059801,2.8751093630749,4.481328714500697,4.2052332031159265,4.475099106958257,5.953981271782494,7.418322872192115
9.452462272318318,9.538263643535378,8.394905004042029,7.776474599314885,7.840128703290474,4.9540945442789015,14.682530900238078,2.7444602722746225,8.131841495621513,13.66723339724511,11.478739646282923,15.991790337038866,17.603001527342276,3.000281530437219,4.990801564739261,12.475013447853396,10.255538443886824,7.93569427638148,11.094334270857406,10.61162694653152,3.2341329423570095,9.127774743054317,13.128043607813643,12.514036186296206,4.492189746158967,8.436707306848106,7.806514865592137,9.505218570302151,3.5819815052086885,4.755368719535411,5.063581902342231,4.736580061255478,5.874364745431619,7.811382316967169
8.975392181147669,8.56288654700992,7.853802549792132,6.571437177158357,6.126013626531251,7.452320318129852,5.095019679806968,10.461858618222125,8.61166335861347,11.289332585906335,7.343192331238428,19.253355130764863,15.240764130265045,10.247345116402116,9.101113319709626,7.7348637552367725,2.7012842646847495,8.227942093860088,8.978897270090018,5.731086210610187,10.260238181538329,4.803935487725054,6.130054133505505,10.62880699183636,5.31372842866281,5.89031381702804,5.711890158439267,8.97777006429488,4.862727549405842,5.842548999519477,5.469930827588765,5.154833563109798,6.201229609127766,8.34265097828377
8.957382310897486,7.942285107262814,7.1370329831441435,5.917184305129908,6.083086243478349,4.437081278096492,5.644144679094746,11.236155662381798,8.039824139145287,9.377535884697608,12.022803186589833,18.02428852859856,7.046876809984559,11.546842301682476,5.255755109895461,6.422781055825979,8.94743300642884,3.394242023099764,7.068096785384541,4.767039995140067,11.413625645823975,6.74030276805976,3.7023302776517535,7.860947445574031,6.913298468634082,7.151103351488974,8.613754265333625,6.64680160853473,5.8554805787907025,6.277553100531252,6.140747987321603,5.4028878696876905,5.9426786698413165,8.488987072411131
8.43962220343266,7.708844916069443,6.20391437379835,5.374561652395689,4.0250030085983814,6.425426107293358,5.197630638784326,9.524050831113094,6.69365097814071,11.290512650471573,16.138928995025648,15.622308229238357,7.095573024363613,7.220637895254759,3.0853441451256236,-2.3268526326230488,6.2948184874241235,2.840349971072676,6.432865964383509,5.389996555369899,6.510964948664573,7.448812541097176,6.189853474864632,5.1895853241598155,6.113277107770536,6.817543785244591,8.785567651613558,8.032160441415963,6.355485991948703,6.813447731739752,6.349266046586015,5.911406208189742,6.379972090794926,8.896593253787291
7.537056412561781,7.370609647810767,5.871611030685311,4.25566884515974,2.9983901904452623,4.698214634709846,7.295194485869271,4.36876930463796,10.741302187988193,15.664433060253062,16.5974080779393,16.128118190837288,4.434668962802607,7.533555408528953,9.307003062989596,9.299094456773275,4.288928566605129,6.565888196404161,6.320154788611127,6.1863861163057186,4.946632102786706,5.189168386982638,8.69775599405688,9.12165697659215,4.357366184723487,4.844617279756908,7.387973305760961,6.960760606870873,6.794632360038563,7.007418364845515,5.898284726540014,6.829527841090993,6.918931664278796,8.037872860105557
6.180967788501916,6.251892366308239,5.5642211052802395,3.8008244134301346,2.9121716663335473,1.9570232269063947,6.478121212903725,7.1680573058213435,3.7610527308986406,11.33211422595736,9.766285436844655,9.19796032770288,14.391922077235085,9.37546315288003,0.3731273133226487,3.6977009042278306,3.7727851413842557,4.460787620602792,5.4289044542941385,5.232561792428968,4.40346028225184,7.653238500659217,8.171448972490376,7.3550580993483425,5.7484824378829265,6.437146982245679,6.523737597739489,7.521129154089536,6.537183294547075,5.473498208225879,5.551593732749384,5.923410743735125,7.418363812214277,6.729394791591575
4.861714154113491,5.076565967276115,5.291988866475106,3.5163705407900476,1.6523289599556765,2.3123305328396766,3.039883341199657,11.97990802491085,11.946356503728195,16.341181383157735,12.946706492819024,22.095128600688344,2.320431603304722,14.375079179368184,2.0492223275730512,7.219930686446699,5.8799553301593495,4.559136263402361,4.041310551666185,4.143467912477327,3.5326516173888516,4.80027905575081,8.53222244633279,6.713580296149681,6.093794433763766,5.131565697954112,4.811537040908928,6.411926413240449,6.253514363756919,6.298725952749691,6.734363436263786,6.389075548843295,6.567037185815379,5.32421709158286
4.4964117214069,3.9609186965621346,2.9804080543434925,3.0780314335305805,1.3722218977035174,-1.4204300682655806,-0.6192875052659532,11.418960498109456,8.105334128614789,12.617635904399517,12.190217786005295,15.023761916300684,12.1857009185473,7.3069757666731405,4.448481702719962,4.274104071986281,5.828358324862949,6.188081419759776,4.938543676837751,4.132743413432099,2.9142509902772535,4.2622516826863714,6.992916494757016,7.89299735759287,7.767155919763918,6.310803854179717,6.282543141957716,5.990218100912193,6.86528103096597,6.284597029802271,6.489516352364016,6.745276686419564,6.59050297532013,7.411025432958234
3.639653461281837,3.2274779164693244,2.181871556026593,1.963668959902717,1.3634781839977244,-0.19386270877899453,0.27174323102805115,4.845580584726589,7.515922049130827,6.4171361817285115,14.706685144170448,13.152781184338991,0.5783840927983509,6.351170264088313,2.0344461326484513,4.724015089089317,6.261550523103085,7.424950258224861,5.6501636058313105,2.6560298778603793,3.998504673445006,4.297321394748988,7.631205397846744,8.11416237924462,8.169189001699504,5.76994907279165,4.969298311495408,6.529316932149055,6.829041214574506,5.735614595464632,5.458295928567545,5.459482962742886,6.0481702063136,8.662771233997647
2.851938185282434,2.6354411218790235,2.198542107167622,1.5123170762770008,1.2263535776852346,-0.13020032084362235,1.5137057734757304,4.557866747522543,10.687156742284978,8.963299898810922,5.9623177315307,11.267181135051526,7.782048992964313,11.364063375379914,7.554182172665815,5.144483573179357,7.085396400268608,8.256216920923958,5.192671678870844,3.9247776319220824,3.5098430999117687,5.437594671416463,8.58809151723036,9.046099625066976,6.764064427774617,5.9356359552943925,5.260619591845776,6.506783210673944,6.519763778823939,5.5295031193847075,5.3764641810003475,4.90362805088814,7.877150520512838,10.388268783127568
2.507134596085327,2.3030734038911156,1.8450397701985144,1.2522969188379587,0.5408370145575819,0.5426416511265165,1.3896951376067161,2.985891775307045,6.316278350411397,1.1428989046425386,7.6369761483947,1.004544791469518,7.420047181547159,8.912880522381199,6.534917280312379,8.132807311806841,8.197158757943281,7.727974945265796,6.068826373038953,4.870876508719338,4.5751765889921225,9.403689967928617,9.140761239765615,7.117592806104596,6.3082206351209615,6.587344824014551,6.123326777872347,6.569182559304464,6.4190669671308,6.5828347576855055,5.775727726063051,6.69502162785284,9.700084420646549,8.719696043533487
2.3064072965812943,1.6125526642550723,0.5344081778591508,0.39626630886892233,0.06522350335052705,1.101355739101262,-1.1314690069242532,1.5739711374393437,7.592587446420333,2.1278477949924075,6.082795198489883,1.620011548201684,7.3139535047895174,9.116885051431524,10.148170819100633,11.061260320674972,10.799000357053568,7.869384918481671,7.030239085432001,5.000558590976568,6.687319673341191,8.078081420141675,8.2353702723353,8.336477514112927,5.649335844004337,5.651278874522275,6.823251828971065,6.74376474609332,6.746935347705986,6.487041075940321,5.948364221149743,8.179226644903986,8.234777426799251,8.591712346011368
