script/wind100m.json
[{"header": {"parameterCategory": 2, "parameterNumber": 2, "lo1": 6.000198445256149, "la1": 58.999992894266676, "dx": 0.5, "dy": 0.25, "nx": 22, "ny": 24, "refTime": "2024-01-27T16:00:00.000Z"}, "data": [11.165497882254368, 7.5791627615675505, 9.098151730064572, 11.426470773009884, 10.51152174652096, 9.094359844838515, 13.159866227794113, 4.466354221524072, 6.354985651164736, 7.25918323130636, 6.746642935749122, 10.341690070562992, 7.329385721241105, 9.704318386386348, 8.528358438901797, 6.631706349961478, 6.010670112068265, 12.362639504012163, 6.747543814765705, 7.723714417271276, 9.542876636489751, 7.329515323942294, 6.348624416742838, 9.923447167733514, 7.204382097102778, 9.643107239335704, 6.866345231780123, 10.003310355699648, 10.548022407853281, 8.106791388338026, 13.18113867511731, 12.104344699187505, 6.6305500937064545, 8.418661838210902, 14.13679753740397, 9.813233995952837, 17.691776361086742, 11.268660919544, 6.9303680267454135, 6.581072193075221, 10.477180820709906, 9.739634068822955, 13.330285388555485, 9.39665018293112, 8.390759287111083, 9.47868951085387, 11.437030855703563, 7.746755619583663, 5.833513611613723, 10.408023313992427, 9.049726997682562, 8.432412061179823, 9.38130074294773, 6.6231607281207525, 6.995707332382567, 10.862527993165664, 11.284774727605733, 7.285859789397098, 8.212793298352844, 7.981778809205796, 11.121520783417237, 8.421926529308697, 7.977374246001237, 7.75614537519992, 6.660290075848737, 12.37263860339617, 11.443913996088698, 18.42219145578287, 7.459699682709543, 7.786332953647554, 8.390962448636271, 11.730834150300467, 8.624887588930637, 11.624059360531492, 9.017632243252375, 12.791814100875687, 13.04515523381901, 5.171128518211589, 10.508975787033185, 13.464737816049398, 9.397408728748243, 8.524216203348889, 5.158170427614549, 6.114371541078421, 8.849678203481716, 7.641050276285803, 5.561602735023488, 7.8409653026245705, 12.001005209265282, 9.990302882292092, 6.535155650120809, 5.622218773559086, 11.176173759123916, 7.043612614557263, 7.57401798575155, 12.143465349926897, 7.020439475536939, 11.838696974013597, 12.560357511501442, 7.461471280607499, 13.095655202586682, 9.481235864851213, 9.881460671009117, 11.467554315565772, 6.605902449402075, 6.829934863239753, 10.948494453770206, 7.506218377634211, 14.346277142695312, 8.522614916473977, 11.59900084950597, 8.213872173676712, 12.367175720652261, 12.037649109039464, 6.130015084091615, 10.100399812024943, 7.790878888337268, 15.444706875555587, 8.485872873283132, 9.675679559625557, 10.574950094835037, 7.126502694415114, 13.353507697016292, 6.494689388749447, 10.885450907911277, 8.346127166165966, 12.811212665761184, 11.695321485001454, 8.378223750570685, 7.332892842805255, 4.952275200997524, 8.109183096861909, 6.837143905715134, 12.062769296186072, 9.89694418136761, 11.275366194252335, 10.129149246366875, 9.669791072856826, 9.80075666703709, 10.047691398841565, 8.519413878003451, 8.214627035680586, 13.08887891904461, 5.95445560561666, 6.337405619667527, 7.042618975674608, 9.757080932885552, 11.552581138407687, 8.160962022135516, 7.327413952538775, 11.353871002433273, 10.773091285826997, 14.143061059760061, 13.814675058513876, 13.216344875268899, 10.2953652176132, 8.561257974823508, 7.759461754198379, 3.579742083995533, 7.710669021451175, 10.963965276051882, 8.25468548957622, 10.385722209002534, 7.381612664370161, 9.694847199796545, 8.292590862691098, 3.448614585361456, 9.472541220738144, 5.638209911981423, 5.990125254387682, 8.504199366333859, 6.6915991292006956, 10.952564844965753, 7.373048528785027, 12.236181658623796, 7.419332970048227, 17.607443135906017, 8.321054975985053, 7.8446021118910645, 13.200519927058183, 5.438677383597924, 9.042757297380085, 6.816145067927522, 7.2289469547231855, 7.504444911023538, 9.097188218347553, 11.527571459988376, 7.406019598714295, 6.594574235635331, 6.393750375735435, 9.73853344435803, 7.8614585111319295, 9.867865031995846, 7.097880898370732, 9.276221073707266, 8.147195136337535, 6.244196946647869, 7.897681157436184, 6.830259985663785, 11.212811869276837, 9.976342257826254, 7.7848816084275745, 18.70944398783671, 9.643018978481402, 8.886360621676868, 9.126193497183072, 20.50479803944355, 10.692252684422987, 8.250539578203671, 20.2856026167227, 7.290561796870808, 8.536983794573793, 11.734899346145838, 10.94012052096005, 7.20709078005472, 9.712194917040934, 5.930185004994447, 9.609418576840637, 12.03571339112303, 6.243685665088336, 7.9162959681421885, 8.678260456851781, 7.554972864406304, 10.123178411997037, 6.926309362787636, 19.13309467156132, 10.620381772645969, 12.56856641343812, 7.017446004552669, 12.806855101884524, 6.530940615468701, 6.976661630498355, 9.296798418175165, 9.095929146390299, 7.381095316293977, 8.039666546561298, 13.927465509137269, 7.8797724913042915, 10.719229241276151, 7.419429580161992, 10.479552324182798, 7.109763626245358, 7.982908919611441, 9.312704432394089, 8.201264295774854, 13.759539818454973, 10.513750059563558, 10.119342383501492, 6.172904754361708, 9.443372655616383, 12.199297771460223, 7.387026319839684, 7.641958153047606, 6.952506739338031, 6.171520697102069, 10.68703375524421, 7.3784799624207595, 7.815239824433179, 8.07114898033358, 6.721334535229337, 7.362672950126786, 6.783356573736241, 10.06964211432307, 4.935234560796154, 17.26266776241577, 10.978114019831647, 10.584862936283967, 9.13271871808796, 7.487617152755396, 9.609482779581624, 8.119478980113936, 5.721721979037047, 10.575917056864771, 9.070647900073071, 7.05380645092955, 19.476567665651054, 8.370804556775854, 6.5283496300424275, 5.7340841219314616, 8.157387732592225, 11.935954529775387, 12.558907883757504, 9.693613545414328, 11.70462881617438, 11.421144774044325, 7.008491361954117, 6.53177924452718, 10.239949829902757, 11.303543456450727, 5.536617278764501, 6.384785894371926, 7.52223104208126, 10.603609037467349, 11.715259551417287, 11.748980501760169, 13.606423988136108, 7.674702686396553, 6.451314828716548, 12.803352418662724, 9.060348732561076, 7.253364187554174, 12.04538163326924, 10.322932440745259, 13.241507161808178, 6.706239897274751, 12.196052846772224, 8.863579121300043, 6.782374887527279, 9.757966456969553, 6.456739857355023, 9.922756742363092, 11.156869210904034, 9.235999451640737, 11.720385980896031, 6.476452517644871, 7.264358373212854, 10.116769295805712, 8.37120398917196, 7.980692504139944, 10.081092330058132, 11.490318085349532, 12.347236638913623, 5.810515505039464, 8.799934732246095, 9.215790486353605, 10.557894382870378, 7.485718828351841, 7.968519794237926, 8.430511846211576, 11.68488466289281, 9.663414776558435, 12.730054181758048, 9.004136233279132, 7.042079816033736, 8.740029944850717, 8.740219122337816, 7.2704617063086125, 8.117127269755779, 10.572086961750424, 6.371795083055112, 11.38004876391134, 7.576087093044398, 6.422586932239863, 9.819241648974105, 6.11440513453666, 12.22640710445938, 5.611134525049954, 7.649587319699669, 14.106220294361966, 6.570290850333267, 9.432822247820038, 11.498869085766325, 16.170575971157668, 9.821566377748914, 7.217935816976427, 8.806521506817507, 9.483118414894651, 9.871708223783752, 7.39425165480507, 8.129394227028317, 10.95402195404561, 7.37030219279698, 8.186594497088896, 17.24611445838613, 10.187210891101472, 9.992873079658716, 8.409971160760419, 7.504781776698382, 8.156190308921285, 7.898119231836187, 10.403610836405162, 5.9378862584039815, 8.140057724428676, 10.565758989481543, 8.926430265822948, 8.251529501433485, 8.49671692567039, 10.604608938525235, 6.926142210317288, 12.99709600235149, 6.761398387629323, 7.4602756477093495, 9.337286348679946, 9.782149289355717, 6.317409423857758, 6.4775278374043435, 11.605817683724961, 11.797828349678067, 9.610062926609038, 9.058109125808013, 6.505005359917782, 6.761519564925417, 6.305615666581911, 11.606918335205219, 9.056609345625214, 11.99023103812068, 12.938442628909533, 10.883438770804105, 12.954143370945093, 8.182458481072148, 8.609404012949621, 13.109475409251056, 7.569402998228231, 11.27193179862166, 11.914194187711658, 11.555968880968924, 7.7719535368188355, 14.156338486779157, 6.24197052439516, 8.85896372684039, 5.71407765378101, 11.453526023754835, 10.738730810258756, 12.793717307682435, 8.750917498462531, 10.629636881090402, 6.959784531558764, 8.208104954705059, 11.05017128969583, 7.6426390834658875, 11.749806962423296, 7.461092343480267, 10.841639850561128, 7.0440644641465235, 9.58880510966302, 3.3107303046130743, 14.619289255435987, 12.657691015255018, 12.459081768864447, 10.225180085156325, 7.167723389619721, 9.075994233773699, 7.531682168101457, 7.42779312118158, 9.55607232914069, 7.668920972741414, 12.472135915619821, 4.065470859700324, 12.295404774123718, 6.95074233910675, 11.274753274892817, 6.600939160529709, 11.320113351326977, 4.31746241609484, 6.288228597333863, 7.079580961894191, 7.229510450511932, 5.7680474566555935, 4.721760864574501, 6.483159504886174, 6.166512093917926, 6.230499123894099, 6.931867562611754, 7.680698526700933, 10.941120117900551, 10.91903319283666, 7.25626562696056, 10.953252334275007, 9.449344597272596, 7.384108784161303, 11.238760721071797, 8.440452102744494, 7.723992536392402, 9.758679135360705, 12.328344533987138, 6.232915416780086, 7.883769460043014, 10.395451493062563, 10.406848270567325, 7.36876754267763, 12.182124912051416, 7.210081109845528, 8.609052624654183, 10.85719059758864, 11.361431516198053, 6.575931003073769, 9.975477679196567, 8.660152028957409, 8.891394477921134, 8.847765829494476, 5.3655460324384325, 7.589654351284036, 6.962036788125391, 11.389038058629518, 16.32896363774136, 5.996554350055222, 7.585605579766322, 10.0273126038934, 7.368165514541648, 6.702740782902791, 10.00437162254926, 8.461774035579237, 10.541197846357134, 7.731668885700915, 10.426675026274808, 9.996643122704738, 7.219322634628017, 11.427997992031894, 10.268860967359979, 8.582995879532524, 11.669063616365426, 8.498950006699145, 9.947739033624122, 9.887914579160146, 8.231058178723762, 8.81575619171085, 13.86486165422828, 8.737473347672081, 9.397969893035079, 7.1435927365948535, 7.689504758528304, 7.976332095968483, 11.921700043128126, 9.393493914891314, 11.912498569578066, 8.189428086708983, 6.338547313221986, 6.765199196358095, 7.178740440052832, 7.580954596942683, 8.042202135535021, 9.69613937896041, 11.088983113796102, 7.247646614147772, 12.665981024519736, 12.927931197991729, 6.6677311396698515, 6.832927335976245]}, {"header": {"parameterCategory": 2, "parameterNumber": 3, "lo1": 6.000198445256149, "la1": 58.999992894266676, "dx": 0.5, "dy": 0.25, "nx": 22, "ny": 24, "refTime": "2024-01-27T16:00:00.000Z"}, "data": [2.2524745123013408, 0.4909338249503972, 4.258691815251476, 5.729522057603833, 5.7138640532781615, 1.7610208514048626, 6.467310860579328, 6.886940573092189, 0.37733703754372483, -1.9536396663492896, 3.5489430855438546, -1.7037313227584179, 0.8151608397509057, -2.972291987258962, 3.6985286549905774, -1.5036872623137199, -1.8734021280671633, -6.137204020169781, 0.06848835731182874, -2.9100206591206508, 0.5158110885720121, 2.777113164862317, 5.549841176832139, 3.8136311699113024, -1.8950178044678887, 1.6398089180348328, 6.199284051602896, 6.783440147191135, 6.510881575656322, 3.8526757932476174, 6.048274191738255, 7.601739943987483, 1.588269026645288, 3.9928380294614394, 11.206293550213367, 4.841062218590866, 5.96993801452208, 5.512970473702134, 2.1997063419181435, -6.312381938012698, 7.734158736570248, 3.504164344829942, 7.5401995976610365, 1.0061755485537924, 2.9758919931138763, 3.7952474774558067, 6.651736454765033, -0.001905024689299252, 0.2757551688219336, 3.8109616873802916, -2.006855712248515, 5.512810411566676, -3.6939205180073453, 1.535582189564724, -0.4855754286624924, 9.548307371508942, -4.495205653273087, -2.0045836469984564, 3.203095331562398, 0.9718701490116721, 1.8209729103558634, 3.768420517253935, 0.45245687803371337, -2.17181626974362, 4.163091376728264, -1.998273433156563, 9.1374879711115, 6.037324851666117, 5.204647834358417, -5.418109422322812, 5.356599700423749, 8.139811174855799, 4.250256233385137, 8.034010297460673, 6.092183282518677, 7.809311327647116, 7.610625767971951, 6.718935655897156, 5.42947014870896, 4.305505512766913, 1.7884784263630502, -0.0011947725963186951, 6.080923840062032, 4.616463731603691, 5.8125750684241435, -1.7783097083871813, -2.8086577618332016, 4.332308466057799, 11.737229818027378, 2.457529737240354, -1.7092593773081495, 3.0581586008926047, 8.180943913848417, 4.601721196147557, -2.7826566399042005, -3.8716360795799547, 1.776703655715738, -3.2393288130671833, 1.577991694831806, -2.1585600582987245, 4.322300338914185, 1.9521251765489602, -3.2054148407508363, 7.367489524768184, 1.2729152804645385, 3.633201375831946, 0.39448066132100285, 5.83129697862743, 4.570859183404615, 4.580730023427296, 9.793927298145269, 4.379774422868562, 5.441514824102317, 8.125718051093104, 3.652555061625942, 6.3321387609061714, -3.3937909195094598, 8.76761175145027, 0.7689228995003831, 4.643212552705305, 6.608599466533244, 2.65721729463891, 7.0633987861074505, 1.5040634374470678, -2.2724435564507646, 4.174897015957941, 8.209159953377696, -1.5583600387879224, 3.284283506537448, 4.429735475909022, 5.748193762754241, 3.3093587418499757, 5.73617384568339, 7.412639479171572, 3.2447221502626307, 7.835777156983415, 5.001161625470871, 2.6918232453742275, 4.067867807766128, 5.417273382309647, -0.10139137394642889, -4.197761570774461, 5.016084856176962, -1.0863044467583969, -1.3715712748816327, 2.363307207876882, -1.7293726222630132, 5.360466500646214, 3.5990361334057757, 2.861777448145353, 8.32234747847102, -2.9179717092965842, 7.688116158001098, 1.9584228740392655, 6.338916267437998, 6.9218911019505, 2.72097211959626, 4.019417388107488, 6.151203323871896, 1.172995464913056, 5.346108924929509, -3.4070104938191186, 6.550662547572577, -1.547785335911844, 2.540271595009536, 3.990813885961526, 5.490377558793575, -2.92655634121222, -1.6038196097396347, 4.1256335271020035, 4.002405819468356, -0.19840518443564165, 5.833395280623984, 5.750351250139777, 5.804603575836132, -5.152391718650885, 9.650305290692733, 3.3195459688817692, -2.0963903297934334, 4.745845939812298, 6.8293471331385325, 2.887899636104124, -3.4791846259589243, 2.455167588728696, 3.281770190953451, 1.8860411908989148, 7.4383291381920245, -1.8291210938370843, 4.099877293718691, 4.027353971934962, -1.2556994838019604, 0.44856849415633593, 4.667492651928432, -0.8013811364982392, -2.888845775218926, 7.075830432527438, 1.3097586337095577, 3.0629577307054126, 2.6451242689054393, 5.187017098124203, 6.424751397245212, -1.708302319867501, 4.287252349916376, -1.8909690048982963, 0.7413987374693748, 3.163543927366244, 7.684933020489981, 6.2028478450629665, -0.03189637168703433, 4.691387227863188, 2.6570728303830733, 7.947765381288478, 7.595325465800032, 7.737652360667398, 3.3225820217911783, 3.4746219041717095, 1.5564435971832973, -3.097080764225811, 4.790873891254354, 1.613729792949627, 4.2486944419410815, 3.024268921124039, 3.794229493002424, -3.273770719623505, 1.0628577513961845, 5.845328962297305, 5.484580744036708, 9.671789040482464, 1.9199243060975248, 7.774834479407652, -1.308251951685121, -2.441064160654178, 6.389674108564604, 3.795716478747368, 0.7766400338580433, 2.5899424917980767, 4.621098908261342, 3.809653889073541, 4.660242664629455, -6.300642368111036, -3.403709826233121, -2.1176217526431014, 2.8619174300278143, 1.2132762040907619, 4.479990614407849, 2.238081575136935, 5.516320975944396, 7.151736190316067, 1.3821241549069467, 4.8093621228629635, 6.371885880192571, -2.159608334950186, 2.348030087029973, -0.9349342240213345, 1.3616616215945851, 2.6056784039306535, 0.8110778502616062, -1.1381158742215054, -1.5917146178744257, 4.08476442364226, 4.627916071367195, 4.034966192937391, 11.820222936782498, 7.9775170041388614, 9.87818531187633, 6.348509672232635, 6.838395180157226, -0.961567801749827, 6.994331862580669, -2.900145356565892, 1.5099996582614665, -0.3932471507993436, -3.063515162938334, 6.033135951964987, 2.1514355115636032, 4.578074274824089, 3.9475759364032488, 1.3325286955135858, 4.385393191414678, 3.5913169231338804, -2.0960341268599714, -2.485703040698788, -0.9258179116668739, -1.4253071295776871, 6.402724771015642, -1.8469696932803465, 6.242780345727273, -1.3806167448815663, -2.5528155534402126, 1.4653981128426266, -0.8342088579477986, 6.226299512644838, 5.835795526246245, 4.5093352671244, 7.655322234708559, -2.2623607754066084, -0.7039535191512859, 1.649538522502634, 6.879877608314901, -0.2034340101648594, 7.895585101979317, 7.024566941307381, -4.678437995966322, -3.1659583388281782, 1.7335472118420083, -4.073884950516797, 7.114184475005316, 1.6905432246683054, 3.818169872422758, -1.693058669214628, 6.690539742729549, 6.939221567958138, 2.60051254625651, 8.165065357919046, -1.9406377523415446, -0.12259523387320756, 6.306529594706366, 3.060161029185419, 2.6774473651412647, -3.323387514393227, 7.580041755624663, 3.8852305821366024, 6.440817903838033, 7.58055762536298, -0.4448361822572504, 1.3471060581155487, 6.160875782995977, 4.014078755930159, 2.9898456780337144, 5.360966501559667, 3.4735125473092245, 5.46372449342784, 3.4359802228789436, 1.880032605485611, 4.224153408780254, 4.341245787233144, -1.3638835046175668, 1.3866571354085477, 5.631721645236917, 1.2289330453994285, 5.89847665360819, 4.399092268420366, -1.849987169438556, -3.086289472818503, 5.177677810045758, 5.828114514844674, 3.4192377429577245, 4.949852013446107, 4.58232818660538, -2.52886393051688, 4.176753378600947, 5.071346865153419, 1.618026988443408, 6.252202468084326, 5.311254581410567, 0.5172016925376692, -0.04165761777943323, 4.386139399282234, 3.137980358678779, 2.587943676874161, 6.026663862402868, 3.022678387074948, 1.4751004992999937, 5.772255050141242, 6.424947036961126, 6.620502416517721, 2.5753686050130864, -2.409629738232911, 4.140016808848588, 4.446992094087, 6.230632275169239, -1.9834231582592183, 3.4276477057411796, 5.834201114884045, 1.9424838911114954, 4.095222346924173, 0.03547005998635357, 6.305594262564734, 1.6170922892497015, 10.829155413756427, 1.8247448457411186, 5.233684133374272, 3.268688915838468, 6.140732065166699, 0.14955680290374, -0.13092806004204044, -1.3734047325763943, 4.782590028658281, 4.5542806866104995, -0.10004416032060912, -3.571518238498918, -1.3850059964807038, 1.89736903575262, 8.930161633702514, 2.7518912790347, -2.7527140833725174, 7.3124182939627165, 6.247226560245939, 6.368579853408885, 4.963289700957586, 2.6850474782259366, 4.870572677569823, 3.7946256538935326, 6.749580524151964, -5.643929006782601, 2.209317765774088, -1.6855047989055916, 4.555652898351949, 0.6304769683853787, 3.5186985388786707, 2.657391146767407, -1.8559755379806804, 3.6277103123253025, 4.476172151153915, 2.7408690134231937, 6.406199733568713, 5.138359042000259, 3.5795199270706557, 8.41768914202554, 3.852112636483127, 10.659924328206303, 8.049059566229825, 5.582955867877529, -1.3069692064528469, 4.498374428871061, 5.1627926964804285, 5.320563064266593, 7.27622293233053, 7.343337038339106, 5.091686624474025, 1.059889062696799, 7.726810197036642, -1.2818133290253915, -2.2554942766302046, 3.779967510333386, -3.16604281821253, 6.086885037565303, 4.267474884674848, 8.45573770924557, -1.708147516590902, 6.74962016121369, -0.7192643869600259, 8.775756644487885, 2.9813267154508254, 2.719040092586189, -1.8529844956977088, -1.0104891712443598, 3.973849494131868, 6.856331395529988, -3.1334605891650127, -1.2652949239413551, -5.199802215723236, -0.23882866909299408, -0.32156158764656595, 5.677378793407067, -1.5856988110397416, -0.26560855436775216, 8.43837714507826, 5.6486070742389565, 1.7487076399732149, 5.7332543838835255, 4.168141740103393, 4.589450588320721, 5.948105149746548, 7.01946080781344, -5.233397443489572, 3.745975283741031, 5.964534343305211, 6.639764591322854, 7.812128050547646, 6.686144977648283, 1.8635059718306328, 3.6911621032826925, -2.4269541262683614, 0.9911981966190919, 1.4050503135783523, -4.058848011688225, 3.7805761151425332, 1.8109017670410401, 2.8648441754338814, 5.98196544183648, -2.1395910519172996, -1.2894462389222676, 5.80434772891441, 10.502400139035641, -1.9328872668227792, -2.1699057483629387, 4.793986993335438, -4.213252048261558, -0.8652614599860319, -1.4553648011873526, 4.055226116628464, 5.150936793835021, -5.707039367297484, 7.1248715772670295, 3.243123979313627, -1.6612448709690109, 2.424230221495522, -1.4442022614812253, 6.394802741101548, 5.837062464683796, 4.507156358900079, 3.5943749930757405, -1.2185488265366264, -0.5597942090502942, 0.639587849745369, 6.889444349849987, 6.573303485265289, 1.6852226557705459, 6.379013535213014, 3.2415670334431845, -2.1469417607951553, 7.556089811284061, -1.75322577573314, 7.8957040035023125, 2.9224361850281513, 4.180615773952171, 3.001774623927883, 1.9960942287377546, -1.9401515296526584, 4.311446050463836, -2.780707039270091, 6.603549665479715, -1.7715951981364768, 5.803315307813892, 7.8521979390632435, 1.747855067001926, 2.089015839602328]}]