script/wind100m.json
{"header": {"parameterCategory": 2, "parameterNumber": 3, "lo1": 3.000054539987559, "la1": 64.9999836372058, "dx": 0.5, "dy": 0.25, "nx": 34, "ny": 52, "refTime": "2026-02-24T19:00:00.000Z"}, "data":
[rows 0 to 23 of 52, columns 0 to 33 of 34]
20.32009785219087,18.208640547527445,16.273925655620214,14.938409120506554,14.420215031673079,14.129373651201837,14.594917209057167,14.496984668252585,14.220705144142512,14.059073243589268,13.318592842238045,13.328085000609704,13.288123598505235,13.29791338980415,12.537103392763875,10.996006445358498,8.27083079314852,8.987903051833188,8.38269599977596,17.250567067175616,5.625099514448654,0.4992019149547141,2.9604912213143715,4.736418190731952,2.871134593718252,-0.6182967536626292,0.4038643311043,1.0005113420053127,0.2729982522532783,-0.5965610306282445,0.1405893248135021,-0.5282357102211322,-0.7320622232228723,-1.6943929912283089
20.611911433791782,18.461064383209845,15.813209256426642,13.97691427239297,13.476473151408731,13.339643446878439,12.906971631645916,12.98936732143863,13.003802037642041,13.065711956892827,12.930031308548724,12.903403693191114,12.586106212224005,12.222309696043599,11.48833886139312,9.017290209567255,7.811002795663076,5.614149867820935,13.912864520167938,6.47700992803619,7.422129063867842,7.072676052088183,1.6196970580896028,4.244298017247436,0.18818552658128826,0.2124655114486649,0.6874885225337037,0.6060116673914903,-0.6482937761384904,-0.754615712505427,-2.225257436471674,-1.8110672203642793,-1.8744945894835308,-1.772515769543393
20.714851576816002,18.5199775109477,15.623284044132802,13.036372351640507,12.205616738069436,12.074895508054189,11.561056106875556,11.41207523732143,11.410780004967656,11.920624721253649,12.225797726794154,11.744588867060182,12.33903542300981,11.350599891163784,9.653079966691374,8.425647224913424,8.78101952693119,5.495253756560164,-0.8722198407637006,5.19904450263751,2.7836608274842147,5.549655478404527,3.7820591381119875,4.334076320173256,2.0492096009232887,0.4706206506905411,0.9121512419577543,-0.8442316917411287,-0.4650664904522707,-0.8990879176522651,-1.9652459474824018,-2.7072332074614005,-3.5108360593918104,-2.829091241455313
19.582400997992863,19.34373200750442,16.672850782841508,13.77206019142208,11.080494389388196,10.405900645909552,9.910334084479112,9.589018843236788,9.437397553849625,9.97834831482567,11.349779845579834,11.54100527664434,11.017201043931163,10.923700399779342,8.009712017781572,15.31706001078145,6.0406834954065936,8.645938995918593,8.295803812227014,3.76214835201078,14.045973207002021,6.813573949519711,7.106068445281821,4.464378198761935,2.8001935124330135,1.8673093944916828,0.9552661998039214,-1.2613662361072144,-0.06865739722176234,-1.918150803316665,-4.177365692055955,-3.176898811960019,-4.325194440274594,-4.90886161434197
20.25908565288074,19.021323052759058,17.531746784792468,14.750039732084415,11.69054432607671,10.202075300296782,8.668474062611818,8.16656579287057,7.845962038965868,7.579282984744982,8.008698314038014,10.17563038233197,9.833077384979164,9.365568840074411,9.74120542887038,11.922263510655219,9.468700637847029,5.350929020894546,4.207118113072956,9.59622606040244,14.378677562218817,9.058437207301942,3.9444639941990953,3.4904452921544475,2.0671760027673693,0.7306237387707146,0.4646537085626051,1.8669920321913152,-0.837815660910552,-1.0661992135997416,-3.237364718996818,-3.936555205744874,-5.389295463034831,-5.510345207426192
20.21532536793529,20.05869145422811,16.996545200211322,15.339409581714445,11.892476273553296,10.41189733670279,8.96376902494498,7.806692701272394,6.9112157428618755,6.290377804621434,5.336525754128229,4.771061690001127,8.042095545880953,10.695658107399744,4.897396968849174,7.250766459058776,3.46500802082732,2.993797506912135,11.2324156743729,9.245439673127107,3.6983098946638204,4.022903614357584,4.780406170539413,2.2984534164865034,1.9451365704559938,0.06662204872354509,-0.21617480832217154,0.1231490972974231,-2.042524367826866,-1.8303029318464188,-2.882852092307711,-2.732691441993009,-3.4158048259002904,-4.855587909114567
21.184318946855075,19.766282943395254,17.82992312436696,15.896550814039017,12.897416641599134,9.753589072239272,8.422975897698757,7.0432241729267195,6.8326757619418315,5.316458934583108,5.263075280486901,4.4810513197815345,2.1848904812023426,8.775064494764763,5.218660275876478,5.827146002917443,4.792413365740236,10.762897254389776,11.616644909718095,7.440425090383445,3.782115164192224,3.7902938273998426,4.095109810031791,2.2554441066431337,1.413059831838725,0.10850674986189889,-0.7752427049811753,-1.8147696322565403,-1.6818057118883016,-1.464431844368258,-1.2603908604875318,-2.615360271543413,-3.5231247771479883,-0.47928655052413643
21.66693726941593,20.828227820443875,18.951795338320977,16.199344364577623,12.960513500768528,9.439831351603518,8.998214928579102,6.539490569925479,4.744462105372727,5.6042555748945455,1.0477399994126997,6.199572249961306,3.3347374459143997,3.173326954743287,7.9699107310911605,17.964404829480117,4.189876096449199,14.269463776755131,13.320037698427695,1.8377253422066775,3.9659866967673505,3.684880185473537,4.7293898384355,2.5303463097182806,1.2820496296538728,-0.6588317523870542,-0.948463160570258,-2.4724461839877914,-3.2867864181484587,-2.4060230573255366,-2.0606695216836353,-0.49128018718273075,-0.34373002724914,-1.186829901993158
22.19292044320524,21.332661697394897,20.082196657842854,15.833000317202533,11.161625880628689,8.695623639176027,7.365073466480011,7.807270031469552,7.329294766375231,4.9222568690051185,7.076940464374695,-2.8347261606269565,2.598652283133891,10.659454807264176,20.931066879806842,5.547698822423474,12.072255229192368,21.536814269731515,12.093546982252793,10.61114361914224,13.850625939370879,8.312316814528192,5.957540669964178,2.7393877042140353,0.7354467531150045,-0.1822058501089966,-0.7128866561703708,-1.2479726453774482,-2.3166046274435907,-2.1109285150130597,-0.8026261529844066,-0.6077504143266104,-1.1909688278576898,-1.860555829516168
22.13153592207348,22.015156689971587,20.734396689412783,17.328784178567307,9.995123227962738,7.883691317310422,5.664726414012081,4.515768958193713,5.094778187113279,-3.1439454913466034,1.3990080695823783,13.181452926842379,9.366175279602796,13.568949475325041,13.996816576494684,21.142174754315455,9.416164476558446,11.479735312736459,7.301798286581456,4.429182622922191,7.99580449956371,5.265283773261859,3.0279002398215584,2.742537399954258,-0.5645974919997016,-1.0171688222669162,-0.9798830700079717,-3.0914702129102793,-3.545590112399575,-3.4228170889263945,-0.8081281543849985,-1.8646931699535274,-2.551831140915224,-3.6059032835304614
21.917394548160026,22.087923204976192,20.79703920258968,17.234042028002477,8.964180382217911,6.798433700871921,2.8511381984942576,0.8567090758973684,6.817874834147028,6.100422782481174,14.94519420217675,15.727137490752972,8.28210505402338,5.317516715723474,15.072335467682928,10.936180003237746,7.507617013432846,9.049208628570906,7.111535966181657,7.052654622796587,5.386904223791662,3.74728677567132,3.322164445569708,0.8338718166000932,-0.6209995301414288,-2.2569107097856445,0.05374922927520518,-1.759400433595008,-2.3921757367637406,-0.8354509761230157,-2.3085399049585718,-3.3098813035155485,-4.405602661227239,-4.988001905657391
22.24333061620927,22.582337468697553,20.91510717938203,17.57089453381388,11.412613940909438,6.898166665347774,10.72573422362309,6.018833150346899,3.4070340019046355,12.773102183293412,-0.7221573314064095,6.441100413233636,11.193137977565582,1.4035629288130538,10.72546182528268,9.786334524378518,11.21697793387069,12.233340906942416,10.190605285247095,7.405007318835806,5.973448378188171,2.931272819364163,1.807053862741531,0.4410324849433449,-1.6407600799786903,-1.7977906178162268,-2.184928757499857,-2.067232774031659,0.9245228871713354,-1.6996413963506667,-3.224637406795587,-4.8520911492749415,-4.885604408406309,-5.37523351980605
22.40492767672065,22.654422958334045,20.83583907584098,17.73148494883628,13.01375635212229,7.153665672076412,7.707512640797136,-0.0007345066067077833,9.647660696322465,0.9771785398589368,1.3502916991389482,8.652287092634923,12.892279811718325,18.356843759907363,12.84486069978742,19.179151645672622,9.117497361166029,3.1854364585511807,5.434004480555132,4.077931282585591,2.7743630056070647,2.4418004578549213,2.060370911437087,0.27293363918475744,-1.3719812151946462,-1.2088538967611302,-1.0617423446235648,-1.6526687419627664,-0.6664665188453747,-3.192654448971978,-5.102078802538074,-5.3158512558890445,-5.544228137690034,-5.554374078196031
22.338644318618353,22.312483795539976,20.064522453433952,15.963522433282957,9.990482657920914,19.079346498653933,17.445417170707703,8.152926567568146,18.46555530313698,11.604266221751743,10.506269539455076,9.083518938333087,5.81120692816579,4.051998943114202,9.015047854335378,8.121631839442859,8.510350864462554,4.607594353708372,4.611994633255218,4.562507586186732,2.597767068431908,0.8089717027657198,1.1278809426219731,-0.022384333762639198,-1.3668058764693687,-1.58330884150424,0.3347683098892186,0.3604683081366824,-2.299615234537113,-4.413396729363676,-6.095126441112998,-5.864993410154592,-6.345709567867992,-6.7318570035379
22.61864801179092,21.791285616180478,19.046267288736743,13.610825373272496,5.114182845337333,5.057843300192252,3.0935284291436944,17.607527734154186,5.009383671395669,-1.0926741871068373,3.4622089185648437,0.8290083200133757,9.147297465395889,11.885826711516414,9.617814372546164,8.91949967081134,6.5658367446115165,5.6693429634463275,3.862110237232738,1.8884152886799883,1.6240238927899957,0.9050249784077522,-1.4311626512684377,-1.6760973061003805,-2.1537721850167646,-0.8229197839368527,0.01578435672563969,-0.037618998716240235,-3.464499090763956,-5.968875788891422,-6.407303588709722,-6.7116269776771595,-7.175399489429193,-6.9520407282722765
22.777010967030915,21.781467762733246,20.11338667626751,14.43847981067437,8.397583455438243,4.1797583611886635,5.880965239704989,5.008922318954463,-0.2959656411414317,-5.9018705132666085,2.419713095680589,8.174937864636371,3.767266232840723,5.363633097698996,4.355887296746166,7.207376277862501,5.953584437876256,2.8510913230846247,2.469405225826346,-0.731482590957237,1.8028035463577392,0.750013516146346,-1.06658586104704,-1.922325967856963,-2.325958632918844,-0.24867099890338054,0.16758357824365458,-1.1657554058814652,-2.4584864729544442,-6.566926455723461,-7.129585410542502,-7.5337381410224316,-7.403700984203087,-6.4742918176054705
22.536970527488553,22.013258941530047,20.474553478684726,14.130041843702868,10.365075408756859,12.440732518224646,12.308514664814483,10.981386954025856,6.627994462762791,15.454797800599447,8.554057408737789,6.703739047982698,3.368307945403195,2.336145736913874,1.2830826237348814,0.9054072277725421,4.223550397579854,3.391454496695452,0.8820804946155268,-0.8639408537242167,1.0505831319573553,2.1225816608639487,-0.04819731041788988,0.31670487168100725,-1.3841519218147065,-2.1485675593147553,-2.091701335547384,-2.8412418403082302,-3.8393453957135266,-7.2120822886593805,-8.029102519809348,-7.831818619556079,-7.13372008719672,-5.60442071917687
23.489022026589918,22.058539346385068,20.83244991079675,14.861297770882807,7.894415365856384,5.342141562381644,9.08309311901701,3.4184878462654575,8.856681652978377,7.79665291182633,3.519371920308744,3.0431051013265717,5.414940563122164,4.376555321944598,5.703284790962392,3.030656368503485,-0.09514924360480588,2.0191215625956267,2.0759640462924436,1.9878314316376644,0.5729986702661042,0.6144205974156827,-0.311962392778056,-1.2171023488750017,-1.305690878204142,-3.258823380348151,-2.450580397782191,-3.3571455953274523,-4.426659634201172,-7.502511483749052,-8.484262735033832,-8.370905690191885,-6.993562672018506,-4.720644451496018
23.31037803780982,22.757575937959466,20.788777036597374,16.878818099669168,9.794708196623592,5.6294158608655485,5.831870293940301,4.343922058624449,1.101569840931808,2.5836656718303836,0.8888404973150208,3.852330387747037,6.38126339703881,6.613482664253883,3.7859290756017563,2.7991336906526474,0.7101944183999993,2.020157482679465,0.8542619603371113,0.4241298542196814,-0.3276695899177545,-1.1816564093008997,-0.6333465771408147,-3.136048206767934,-1.7065485699979026,-2.049139023767591,-3.2375554541349625,-4.386636776117927,-4.965100024425822,-5.520142419376391,-7.7760159145272,-7.980717324404648,-5.919785691641434,-5.237039226716505
23.033414841941063,22.637267071286885,21.02433928969707,17.90147439036644,8.584323115899,5.072599205581948,-3.501508178422279,9.370625737293121,16.967160457769594,6.9012632231468585,11.411194794649706,7.329046428438964,2.9792201989608587,6.405587445945186,2.740380885613002,5.1598499884797295,-1.6679648867977184,0.4509756784301708,0.258868054732989,-0.2709795340358712,-1.182671556561311,-2.2524340071870044,-3.83544593165457,-2.0599117967042795,-2.1336558541696804,-2.8767327947656915,-3.6507969712729507,-4.567241107151983,-5.796478580104718,-6.070940972457681,-6.842300396483561,-6.226310120724635,-5.874058143263343,-5.174634355463271
22.576430638695808,22.909905513952808,21.090438192419878,17.9318724751267,11.662321222725852,8.368056587936271,5.938690419047292,8.41251901294024,12.912730198380396,11.817980111704344,10.03896514358047,3.351760379243358,2.6925365726856816,4.68555078864968,-1.069805678893813,-0.3136364032328541,-1.8507516382759894,1.420485772260552,0.004861897177484083,-0.991245093472009,-2.152703159067848,-2.7076504379124513,-1.5637687214259715,-3.0777159042238083,-3.108735296431075,-4.060617733150813,-3.49060594079949,-5.221548952164236,-5.993672669519045,-7.112477306867294,-7.496474327787462,-6.760451173824839,-6.009566686354356,-6.419565178723901
22.0604507387403,22.584554776665048,22.054225477518052,18.217622024932165,11.433435919193734,6.390481992829429,-0.7175851451673446,0.5427284683910438,5.408326345309384,1.6048717402552866,5.457688392567689,3.249694192013589,3.430378057977145,2.7583765819317647,0.6811612768892236,-2.2939524701291467,-0.15297934975404848,0.8383736020142353,-0.42015075693969456,-0.804490731566611,-3.0003517551788375,-2.7853026679498716,-3.241815824711618,-3.304827884250378,-3.1843005764840755,-4.222986239161161,-4.836806513895521,-6.108774969985502,-6.0781856589428465,-8.156963800796207,-7.362745079274099,-7.506182328121756,-4.913675087796428,-7.153412087833617
19.63356325719214,22.226510864904384,21.518945335097076,19.108805028836326,12.854035598643922,7.571646173818975,4.72197731065788,-0.9696083251304668,10.234671021659887,8.592208834796427,2.563466272286411,3.3868048432648843,3.5224515239296874,2.0926190292774884,-0.8536444004785216,-3.560698142136974,0.20257371403787428,0.7780811832471994,-0.6516585895903806,-1.5808610676748176,-1.5119215677842874,-2.1642985126867065,-2.4839345561320565,-2.2377874125076866,-2.2443820492285376,-4.0467011459849545,-5.0454030765843605,-6.459085147221716,-6.451759657798465,-6.153193714086584,-6.747262033173915,-6.873763533903698,-7.1548351583213705,-7.627277288115935
18.331048566370107,21.46533766332504,20.78763940357388,19.250870069774056,12.724659897442583,3.9510225743193317,2.193738820092222,8.482141799770341,5.265160455511673,3.7980938403220756,2.6226680370097326,2.053930436969649,2.975218266213741,-1.4953622162428524,-4.277498149761597,-3.8311367683732382,-0.3120722542900054,-0.22239475347831347,-1.1541360522620887,-1.7008054456656285,-2.352768133516618,-2.426292096965278,-2.395047417087167,-2.7403734841772613,-4.396424754162187,-3.957228161394968,-4.975144936554013,-5.983880681096514,-6.065813710672679,-6.358964365796928,-6.555754835667005,-6.575214236443927,-8.832736441842197,-7.712415249983066
