script/wind250m.json
{"header": {"parameterCategory": 2, "parameterNumber": 3, "lo1": 6.000198445256149, "la1": 58.999992894266676, "dx": 0.5, "dy": 0.25, "nx": 22, "ny": 24, "refTime": "2024-04-21T12:00:00.000Z"}, "data":
[rows 0 to 23 of 24, columns 0 to 21 of 22]
1.4098039636644304,-4.34754831616347,-6.399849360649917,-10.895873216307802,-3.3276836022897873,-4.029426918143671,-2.089282132662398,-4.383238758959814,-5.056535106400169,-3.3609015365124035,-7.150338409823341,1.4807391763297424,-7.350691182820715,-7.652494552726168,-3.465448239464194,-2.1555856485155958,-4.582071883931164,-6.9858584169286,-5.9204018483022685,0.19766867262457785,-6.709368979019011,-4.473977343922802
-0.2854939843126184,-7.058923559623622,-4.330692347564185,-6.116266345762915,-5.248649941413167,-4.180060229510955,-4.018214854593712,-3.9116640050311555,-6.970249569201087,-4.416991672157657,-1.572361052788317,-5.37443625560664,-5.186348351862819,-6.2169725099437265,-7.115214495050506,-3.0650142230997726,-4.554835823791087,-1.6577905857118107,-5.868237029072752,-2.873329220696037,-5.124381292085361,-5.645330769927359
-4.232814088956192,-2.62983822627988,-3.116019027629811,-2.2260447668467087,1.35141366723101,-1.4893307518023562,-3.626123132112921,-2.6791538180194463,-7.404362915467744,-4.795059178335434,-5.410329841418511,-7.691479005168581,-6.497067058886543,-3.5070081172953724,-4.92132687973574,-6.14549312205444,-5.917183464737539,-2.856470673652031,-7.719238865633516,-3.457227739987269,-6.531429639821912,-2.796874168626586
-5.745525888482036,-8.833901507313328,-3.888848152327269,-5.058319542745792,-5.288147101908202,0.18596435004624184,-2.9782347634223862,-3.8429708848938575,-9.22855970242453,-5.654272219600256,-7.905631186638884,-7.0461816748755055,-5.777406093609259,-5.707742617281512,-7.608890068432521,-4.823116849403838,-4.272403802619782,-2.010627401060674,-5.034370753548868,-3.488533845050077,-2.59113837664244,-5.096417793138344
-2.3311628476490567,-6.889115327537551,-4.468706236074894,-5.882031926922001,-5.737908772273731,-3.031803799905385,-3.458009510525295,-5.7074883324479195,1.8294949224211434,-2.7783284344041284,-5.644400246511819,0.28017693179783354,-7.68049089601465,-5.350911997130179,-6.818752175040301,-9.076060323994794,-4.357898304240786,-7.265443676195126,-4.296910010077069,-5.049134746987535,-4.698070758604196,-4.540026506145216
-6.772297346773077,-6.420976669790956,-5.588277925976222,-5.822462995306685,-2.9746501536246543,-4.598106814213631,-3.176757663643049,-9.181899295408066,-3.2331356448508495,-7.018036071649856,-1.1753421719525237,1.3799677781436412,4.648875979740432,-5.409474867666041,-4.402392128668417,-3.6913860810196213,-3.6329485685062983,-5.832032979260193,-6.643327391113658,-5.326156081513123,-5.632696784891114,-6.109789223348406
3.3275551622561568,-4.2726691543542765,-3.8651330718396992,-1.9047936662139915,4.558559929381938,-6.160295003242248,-3.7875436080912372,-6.311983707881537,-6.106716874546456,-7.299736120782079,-5.35802142577673,-3.6432704306445745,-4.266355682559304,-7.113324169779236,-3.2313150251134397,-5.375036532229183,-5.58131036101586,-7.539331457793478,-6.679580418624487,-3.5746237760761543,-2.6247236186207745,3.784606542822404
-6.780751496666663,-3.5718147929390613,-3.8906522898272566,-6.071150593134047,-2.372003483978551,-4.138246840197725,-6.4577164954136,-3.9557389872165243,-7.0257511496714,-2.869087285796364,-3.349595808342042,-7.151700011829629,-6.399778842785229,4.339853106976229,-10.356175902390937,-1.0008659944274387,-6.098013530591694,-5.537981665560847,-4.689471488197894,-9.685224976062102,-9.425540534413063,-6.636388176974535
-0.6933844915586739,-3.071398890173404,-6.257907968256955,-3.8487536973677066,-6.289764456745222,-6.98149926178365,-3.9359447286554934,0.8773390977461835,-3.685791772237182,-8.773255322296809,-5.991945762031297,-1.1126811708367714,-4.000029542788172,-7.186350817173856,-2.5736522311190293,-6.443090358027051,-4.927402111820358,-4.94246008258784,-8.582348253114475,-4.020660999176291,-3.198269966758937,-5.562418279142797
-6.075442217679623,-5.9888356521937265,-4.268152740085012,-3.1499414186421464,-8.300627663448607,-4.3720977047794,-0.4331185742168423,-3.8812681036086443,-7.285278108424864,-4.28636929636466,-4.112577925113073,-4.057095703315816,-7.0562980269331055,-7.818282957351969,-4.1891085036844125,-6.192696661158328,-3.938853303167595,-3.8606771727055307,-7.705554149314626,-6.618389530000694,-2.20762793919329,-5.0145998663582185
3.4896645799099475,-6.576245110959005,1.4281971377462332,-6.436375374006682,-4.732089510821729,-2.7037994354496373,-1.621907500972748,-3.6396013434896766,-2.0770995857043966,-5.948007554070868,-4.415211328887457,-8.309331999125561,-2.8208118631524393,-5.1973806556398205,-3.211436001003391,-6.091938632380146,-3.195902075141496,-3.489089360346286,3.4114563154721975,-3.026769345871349,-0.4033165797737284,-4.403895784165859
-0.3880850000448356,3.5299930107552364,-10.636148256907635,-4.51031441122769,-6.26468351054587,-4.844317169382398,-3.7642148541340346,-7.960521998064952,-3.5315908664791387,-6.087357871220998,-7.116872497189877,-2.5909566919441156,-3.5709298356793924,0.8028579652472241,-5.814795248861601,-4.472628073902342,-2.6871754766839313,-2.3347179523249166,-5.749238443097424,-4.796797257637166,-6.778501066938366,-9.217535812211754
-5.604839830738244,-7.721265568301946,-5.929290102979594,-6.984344871625152,-5.126785720635847,-10.708084379477675,-7.670952833622384,-4.325255675689766,-5.223421618919885,-5.710819381215874,-1.989916113599312,-4.887380274713798,-5.835955492119407,-6.322060085733011,-5.615041933212433,-7.722760337504136,1.6800793830918959,-2.3456369289088252,-6.850992909326433,-3.3818460600543365,-3.519453959752601,-2.373834415318184
-6.759195363514662,-9.035878170388527,-3.433954336305705,-2.0773269602206454,-4.078494976180372,-7.6279406959011276,-3.151590224338381,-6.181955345059967,-2.312967620780985,-6.299522042899314,-5.59356045032439,-6.554466442716621,-0.14997931348185456,-4.453692933144841,-5.774778598851188,-5.622869125183025,-6.835154909305891,-3.544514143435728,-3.4110280923602616,-5.050514017304784,-8.47192364292194,-5.42890251567708
-3.3868376386124206,-1.5523019490822374,-6.263081956540455,-3.7143005930885824,-3.061451915489839,-4.838914162016032,-0.07846397794993686,-0.41427657189028544,-7.321681447539684,-2.1685679613207185,-5.560808474420099,-4.605289767711114,-4.0533837580715435,-10.250487493802511,-5.7410295022497335,-7.3755015146824245,-6.963901596938927,-5.889790743947763,-7.0215175369707,-3.0915163851922287,-2.5937517392601412,-4.9696354852408575
-3.9310515714794336,-3.6348755442602227,-1.481348682761843,-6.1485066477123755,-7.39145032231689,-3.7199144798923682,-3.049718393370439,-3.4442884248477323,-5.271967548037745,-7.952696049591032,-3.778554181460758,-5.6473870120409355,-10.012279481960597,-5.156525948749535,-9.764133403820528,-1.8336546889961942,-2.6127881908450203,-4.636113460977587,-5.984625123830624,-1.5601349142089194,-3.4539452216736803,-6.685901056204191
-6.552914620508391,-6.7798852782545715,-4.33187989464226,-3.3923844074308205,-0.9121455191209892,-4.132826724355654,-4.808434139055023,-4.404472199509705,-5.438278750879756,-3.4379300904586216,-1.2877398392806305,-3.6565370297486286,-0.1349763721771013,-4.768167452582151,-7.497500500118599,-0.43893368202781163,-4.121664170330951,-7.02192806129337,-10.42746957198051,-5.732532630743306,-0.28748686820685077,-10.208944244011372
-6.010687749655831,-6.301686346088287,-7.150900759779599,-6.673858328247144,-4.288396096574698,-5.60206041451136,-2.403777383731978,-6.112343934439511,-0.23250184946808453,-5.043211266408983,-4.194721620195603,-6.357306874469036,-4.125447779743494,-3.0446429016310863,-5.719581608898955,-8.042883818711598,-4.9524636352279074,-1.2594314686221482,-2.4017288335995355,-7.1551601051268,-6.837000191682035,-5.781053596725804
-6.453437032159887,-7.159474114516197,-3.748968313943835,-6.4242946600842235,-4.568386500148587,-6.046138956480783,-3.0503506878203432,-3.8990964707011337,-5.191885744189381,-3.445103298924387,-5.055975039555255,-5.412982603486294,-6.845297728046741,-6.208601293098043,-5.064138829769456,-5.047997738949375,-5.556569273748967,0.7516433576823564,-11.128078280956023,-5.316917512486887,-3.27857948796,-5.93649631218604
-2.157865062649527,-7.449227877173654,-2.6006073792811515,-3.2872311593515207,-4.653882836412627,-5.733371385675829,0.48834808681928144,-5.066752646966171,-2.9892800648742908,-5.180544217930814,-6.530131400424365,-6.393899420757566,-5.436982215477389,-1.4802323433346796,-3.3462804611819106,-6.558128244678892,-4.379967733408142,-2.9435725261935843,-5.436333517317554,-4.985778963509019,-4.3030846377159335,-5.106384248201135
-5.803243822211891,-2.334629979981454,-6.477070238157198,-3.4300375150806164,-7.104627686887575,-4.365263512115711,-7.0264157969106655,-3.0051456837661985,-9.4414566052042,-8.017699017488521,-4.703831668608102,-6.345893619144677,-5.847024213333769,-4.807751541892151,-0.10478180949029489,-4.191941278558703,0.6194592374041824,-6.331056369486292,-4.538337250853717,-5.402427875440405,-5.588626400412271,-8.41862491304901
-2.722265020852355,-4.689839609585442,-6.470563916063557,-2.9200686502107636,3.8938292085272406,-2.332323578622073,-8.611951777182638,-5.975146898354783,-3.5682595015669487,-4.3215085316267485,4.088461852925155,-7.974016808966149,1.1077585345196324,-6.960967100562666,-4.811059667838976,-3.079727226396859,-5.595391815829778,-4.319365113200312,-6.065918656410107,-4.964847227841475,-5.957474898451996,-5.647596024765019
-5.027096474118612,-5.479316409869146,-2.293004595574802,-5.327530992707334,-2.35452412022716,-5.362190695207184,-1.6415872322274663,-2.3505053404962704,-7.13670114713594,-7.048649884569253,-3.4474165175408276,-6.465271533762865,-2.6580523424270006,-6.573585823137064,-7.508289972287137,-3.8412357659291425,-4.653499398502454,-3.417137674336883,-6.309577753772897,-5.916963403599569,-3.619985987084993,-2.3026622134705264
-4.547160923685075,-4.2673459443414785,-5.204366652244035,-9.360871171062435,-4.634891218281124,-5.127030662210216,-3.5019548184906677,-5.0388954574857525,-8.638435068104764,-6.242749141805131,-6.114172059969282,-5.274883156544304,-4.357902443791988,-10.046688294353093,-3.9931753294567174,-1.7843845479755234,-3.9918538238187264,-3.936403485414993,-4.429073397293563,-3.865178327224233,-3.8616985336824663,-6.8622921194262725
