script/wind100m.json
{"header": {"parameterCategory": 2, "parameterNumber": 3, "lo1": 3.000054539987559, "la1": 64.9999836372058, "dx": 0.5, "dy": 0.25, "nx": 34, "ny": 52, "refTime": "2026-01-12T17:00:00.000Z"}, "data":
[rows 0 to 24 of 52, columns 0 to 33 of 34]
18.176928867823328,16.590901112413448,15.822392920294636,15.164890052679569,14.517172726102547,11.823731794434636,11.297197218121395,10.872832135474116,10.80131263580257,12.53810030313777,13.61829450844291,14.313802724004708,15.623096754415988,17.29694651983836,16.779255898456185,17.572531481646646,13.24856938461402,14.165155520336883,14.81399581195472,24.587611016228976,12.163079607463157,9.033983214511537,8.530961457491655,12.261859282217841,6.034727725612646,0.3277277887126202,5.430145388053693,5.517585701774373,0.4977704416751196,3.571495730813873,3.20239604954984,0.7625365227461063,1.5910584862881378,-0.409666927212759
20.456979729378954,17.282739949976914,15.199681326450422,14.422104714624076,14.038088758170087,13.110362314802792,11.431144355005527,10.645782249781936,9.348255996768302,10.19691164236331,12.406365214580058,13.556246319213704,14.987961353714136,15.845318020382848,16.38612188370569,15.835381084734324,15.601689646514984,10.659728532141811,12.448422586711722,11.682961661094751,12.69702688842802,7.994324702424593,6.6920618721455165,8.109742371220428,2.686741199784919,2.005696429738134,4.559157869313514,3.830984462697821,3.4920863498868617,4.29833995203909,1.5934531928288547,1.4515081546066768,0.5812071992369411,2.6936371893692543
20.957894401963433,17.37938601093393,15.839060648576798,14.83328284620801,14.685454468855141,14.216203910985799,13.688359907596498,10.720649800387463,9.070943826119587,8.307138616016449,11.2633539209961,14.246198333481876,15.204059350550425,16.184893168531833,17.402160428645566,14.970557046629965,11.427360651579786,10.332874231718934,8.214666517593155,9.92992273892003,7.583105178121968,11.667569780272059,4.733979444751675,9.896414043146173,5.829986470318003,4.00176153898056,4.026970145460053,5.354815797161751,4.183792404501935,3.001389918364894,5.63840007887954,2.128606369535551,-0.19403062182856662,2.563292352195898
20.856144399798072,20.50990290287672,16.75859929772807,15.38794282633818,15.41487962984935,15.304559166599669,13.134029839226242,11.973032933007108,8.859692510191381,8.83376490469377,10.19740795078768,14.090375554202112,16.80897020001811,17.67964500323598,16.974023301306552,17.810785633365153,7.9966527376797405,11.535937645146417,11.16283965647251,14.46543848320685,18.25741872093102,9.209944714035263,12.895340644123445,5.275322694690285,3.813210761140554,3.9812271153479335,3.2471570121991347,3.5552024728156058,2.565764192717128,2.514057914816865,0.030862737194616727,0.9939563122155252,1.4810002505673339,1.6880783688681165
21.9262127537878,20.33308116450737,19.328845653127942,15.386447694062912,15.44705980901213,12.9633109010661,10.33354657281187,10.989922216057273,9.942619087950245,8.399530151012943,8.381330954871316,11.201895187151433,15.214628047725366,16.22013589821802,13.058958061725377,15.417471877032265,15.114726624490094,11.18728872265724,14.635595550671049,9.932289600390556,21.748876820583405,15.890408505575705,6.2960719185702025,6.857244276728449,4.604033235870226,4.466190241253187,4.510467852865161,2.773496641773964,2.5624641563454835,1.960745500224454,1.950040291779383,2.666849689845191,-1.3883810269765724,-1.252811509732471
23.533984660237856,21.74057514005895,19.81910771914085,13.18058995761905,12.09113382134684,11.748388554689807,11.596681249762073,10.640645618140356,11.189494536895207,7.779586337828109,5.966501687677139,5.377984370297549,10.079872626436424,14.809429401895352,8.527795925443055,11.219395587166307,10.116558383125145,8.392516592787734,14.979660682331335,13.253608316509977,7.639925968010641,7.930078673652343,8.171493051407634,3.0926020012043627,1.7783019815759145,2.951087119774917,3.4778378025240904,3.230360300704513,1.9797618446561493,1.3807633529674956,0.28334493654520415,1.2295485806186583,-1.4591299760043541,-2.383355286816253
24.577395988849467,23.960304605711084,21.674204031110364,18.382557470666665,14.280889674815413,11.131352421978193,10.847628764635743,8.933342094850959,10.593673405306474,10.67459595070436,6.902436459480804,4.645741384825483,5.293595354794103,8.006396367175043,10.336550790756833,10.304531845507258,6.825723398988464,13.404223596918824,10.753347608899258,8.94083022553374,4.068690366672121,6.378084718684696,6.753338688222658,5.210921053744422,5.252177429397857,3.7759431130870618,4.616784010254634,2.6251249367890517,0.496693850774491,2.248558173149327,0.39092498616536264,-0.782280739707292,-3.091429778962954,-3.174978258255038
25.264355801333874,23.45883757820807,23.33763432365093,19.29580583274898,13.60202424902496,9.436789335037625,10.262440879943451,9.796009966210587,6.143110017766535,9.828651769981358,14.710517523053495,8.017259946472773,4.6547732013615635,4.598687378739317,12.339863157092548,18.497839412146195,8.59332477276488,19.38953259496712,15.098479559838168,4.123258274876668,6.522137884582944,6.219168814057158,5.557708414286924,5.511875603091515,3.3409728763345745,3.3924140176580826,2.695612228003914,4.069167302246037,0.5334300264499214,-0.5051109272209071,-0.5876918462321582,-2.6938776625811416,-0.8170326735798956,2.8743409249313716
25.91914530582846,23.002974626884907,22.1511526214135,19.2882670036009,13.316607077773922,9.281674868719259,9.963037854897076,10.974169571994782,9.809779130878606,5.945797112307503,12.811813486696247,-1.3031453492841196,12.20166560097915,10.669813130586457,26.471698782629684,5.785770750707675,13.818650699297857,25.297129321376673,14.32280295366546,15.17448935240557,17.4130502864919,12.44237323392652,7.933467336561824,5.563434690910322,5.156686585792539,4.328799262943471,3.0084128594301762,-0.06179927871383318,1.0578083888951832,-0.6761070234307112,-0.58428836610037,3.058004909120601,3.6778698077559877,3.3036534922256973
26.50115052236131,23.924127877143608,21.81507000458047,18.600794755051833,13.17090208106138,14.218327615435777,7.708578107541187,5.642032080778243,6.882421747911615,-1.2635111928765848,8.861765081456774,18.090079875217,14.587414409025024,21.6546906681335,14.96970424196658,28.410189519073214,16.77747382457088,16.206047023813884,10.499090040742757,8.138498122675514,10.825952140890118,6.612331025908805,5.455693694800686,6.506860776159916,4.3197527814550964,5.637090665895431,4.859579896870352,4.46910589755381,2.5699475729291845,1.9397209784073326,1.8654498604636645,4.57279415274683,4.617537267960326,4.073939102957372
27.761061955067003,25.341345108365374,22.384606112597314,20.257954470025652,11.79525530552766,15.089552044959412,4.744012807248157,2.00724434136008,14.934176761036996,13.165348414249664,22.561426666351373,18.998099500327704,24.11807172603313,1.6917136906162633,13.166117129296639,11.475965507912598,8.509392082017389,9.58682842932568,11.494494081451384,5.762969698964472,5.026282283986394,5.537055285059923,7.649772494700668,4.9437514427545395,6.547508871673741,0.6673201240920824,-0.41752483361899767,4.8060428001113165,3.078867946399039,3.4104204601766215,5.526106933544955,5.6192464354750165,5.264304227628872,4.545850266871632
28.24698631573247,25.610596365906762,23.688063143040466,20.751338093922115,13.88515213424473,7.972368879345307,14.292111223830839,10.364652298253585,8.500670324380069,17.961919621963926,-3.384087691096242,8.076487522473844,24.000444339438605,3.730321720407407,13.79670888312006,11.016839477654816,14.144783129207669,17.883865465360035,12.146514574166227,10.518099429849984,7.84627872215017,5.696502279394386,6.343728622308912,7.181289990668664,5.619208958578688,4.2332298795267445,5.299879222467737,4.015105695710207,3.5522911771924552,4.8132766666377576,5.697288250249941,5.8173348922482155,5.245229382601673,4.323788627288558
27.47094817117172,26.073555063401116,22.456494658071215,19.936090242403647,14.409506274124247,14.114905731080059,9.42507865872521,2.84366358880257,14.5460372169937,-0.7505038323576677,5.564262580826579,14.003386240091471,17.728385277103936,23.160974172444693,22.515660515540194,26.33817096119099,11.054235587345808,7.874016526581409,5.844292644901971,5.149309213112373,8.40634823780315,6.276941117954511,8.007887894838822,5.62805733231493,4.82429037842101,4.370299887422571,2.9564345966215853,3.244368646404885,2.7564181605182845,5.602722893648625,4.907156249065078,5.388252984726168,4.98584094117246,4.191190456830281
27.29200311279003,26.309978683713634,22.506969632216236,17.83649196320208,13.286860853018672,18.785617822724845,19.6506730159617,10.626176718572227,25.32875252504986,17.024579288845512,19.563673443337898,19.313665466959627,3.88485700452225,3.131586259517858,6.702642834863888,5.51817770292102,11.895676589186717,5.487054737585941,9.348133384234103,6.038448662326088,5.252419224946749,6.831779279039858,6.010972448923881,5.674962712140317,4.234844637022541,3.30381140266914,2.9038618602920825,1.2691673326468933,3.400143897839896,5.955952213520383,5.747705248711478,5.52504640849428,4.652816838798889,3.690332270629063
28.13766831520135,26.97324786567176,21.816342607480614,14.367814289235762,5.551020855718493,3.860144249463929,0.9992265468485645,17.426703501807115,4.885781528736928,-0.6381063530546166,3.773689886162207,2.7821570226925694,5.711262913630418,10.85789451186148,7.517392706753901,8.366817811999898,8.48674363048878,7.905585774024105,6.187905440389006,5.472350289998638,6.46221540200497,4.743300551947705,6.300458783950728,3.7153374683385287,3.4032134858004834,2.977712824412633,2.4580800484106624,3.9629579595321434,3.3572260068252398,5.956335863285219,5.278648239674418,5.005025931781954,5.1973686545621565,4.402967887036625
28.09111355164486,25.82603907703301,23.43350030374557,12.75791385323708,6.687695514258306,6.22410468331486,1.6290542860043478,3.1226723402506638,-2.765176202064506,-7.013195602100317,5.199752832543241,7.601265381514889,2.833777736632206,5.986145158069569,2.656719104069695,6.136752809366333,6.858772323885856,3.943116078229683,4.198267425825173,4.111463193644707,6.055855000763884,5.228142317980033,3.311858497837866,2.9777471649584015,3.906169240828446,3.0904717847881935,3.572134078515025,3.8712404057075074,4.419367799492843,5.099790634306112,4.286140849965283,4.3426835884744674,3.898493927202871,4.36941673087921
27.816774019063082,27.2043232634793,24.1712688167575,14.608877409100133,8.608791186473304,11.992857710761324,9.379456795336916,15.976633078895928,13.459764623041893,25.818088746552085,12.854812786074284,6.476187500322296,0.22007056730587782,2.4585896130126947,1.021616192861561,0.49010437097463994,4.183343294475127,2.8284809246879723,3.4598996009818084,1.3604604248453172,4.5058558732186915,4.832120320745916,2.325735562979624,3.6472546416516516,2.568264897484546,2.6292703336192393,4.904871665512804,4.024325687667461,4.09203864769152,3.6633340649189288,3.109950852742784,3.070019153708927,3.597454382660175,3.630165239206557
28.054626036044073,26.88732884816054,23.719907939849673,17.761747710775573,6.524949235060239,3.142890983001878,10.730904724951994,4.259147141686633,12.094175687023233,9.370126256016144,5.261274065460653,3.5859841145808073,6.521726048302025,4.239643122589676,4.593422253731657,-0.12758245442501528,0.35869140267736016,1.5268663528539983,4.3949534131471175,3.966635931348882,5.510399896101723,2.4287221893462534,2.6014069501396015,1.875371444908773,3.645217976382075,3.135418858433088,2.408650048119198,1.844103733845516,2.8150902653777963,0.7064626862448667,3.4741481011242326,3.620657986779293,2.8718228677462636,2.6276390164490064
27.15441003810625,26.674266060381907,23.04789706875078,18.62955172694558,10.567533383792945,5.839142381122166,8.775078052961835,6.002861333447935,0.01087732363157074,-0.7451718579286357,-3.429534912428465,3.0044664868198727,5.162360109673902,5.9739757659554975,1.0913819232599875,1.7022911689635434,2.9634202861548635,2.589479590813759,1.0300848018259052,1.7985270873972983,2.6715152409944776,1.0606485572766526,0.6933252588843436,1.6271200005140838,1.2822538953751643,2.823006056588099,1.9352231395584991,0.777736963430616,0.7301106794179029,-1.8644959938519279,2.576771410211317,3.3163023112967456,2.716139214381065,2.817673331622097
26.332475580869986,26.141053948439552,24.3561875363011,19.649639965071913,9.813869383853383,3.621076250786606,-5.115997078234678,14.275747229054783,25.24059848464678,6.31436180121214,8.389169305755194,8.24868979677481,2.2334110869657566,9.076710331763271,1.900644882438475,6.763120851289286,-0.5222636054187989,0.07657990276333328,0.8076598234241933,1.9899176728927015,1.249248417313417,2.0623188234902528,1.8953829953954182,1.7334496788321176,1.5509131543369752,0.4102543999606317,0.6989952905845401,-0.6410467750750484,-0.853877892457512,-1.2461842071717277,0.6622747272381355,1.7910185582119018,2.5249615409860584,1.0429116636818996
25.341594907532702,25.242993290231404,23.46615389342398,19.201603719392523,15.653303422027625,10.569694089875188,12.630045632185974,8.917499900005744,15.739254328921986,9.858162667060256,10.207460619663523,3.8927238441737475,2.52703622202725,0.22542887131445385,-2.761471038822234,0.5727255330662413,-1.863463435895739,3.249026745526431,1.2505934326535024,1.8709515257405345,0.7903354530779116,1.616253108392887,1.8038199993089064,1.9212618715495313,1.4920429968358593,0.11911333419434572,-0.22411653700911402,-0.3955006812191365,-1.52801290987837,-1.0565949431347001,0.4953895214990683,3.1490069673568195,5.7968491972996015,3.4240789761442643
23.651721538708262,24.38872138035977,23.17169632792168,20.093908561832418,11.935066519540703,7.175141626996862,-5.012368179419995,2.2434762548153717,8.179744447209265,2.0222217482481692,4.43146125708481,6.110775530722923,3.833211360522564,0.5237676708777376,-0.21138754566747084,-2.517607087772909,1.139287479992407,2.5344946186582886,1.118648617526673,2.038134444821281,1.9710870218856533,1.8965961297576832,1.6569265695354676,1.6800104331680978,0.8414120278245432,-1.0006807691056838,0.7844491991180447,-0.8836576692713795,-2.022032673095909,-1.5720763385195797,1.5948961642359498,4.359896520190123,4.901101929157478,6.1995985331534476
21.478593573290503,22.508745277552855,22.378008513784543,19.121287613652285,12.914385788362678,7.551533358284327,3.4369481091997187,-0.5356559476687756,11.937488499068959,9.296820899568043,2.1159492809840654,4.235896788922846,2.075363458058273,1.230315883418005,-1.215400028161399,-0.672676269718312,2.1302158767071324,3.0162914549351605,1.0942107682780693,1.0328441410215055,1.425161923363867,1.7431193761120252,1.4621664183200858,0.47938645444484734,0.3501280044115693,-0.5131818191389513,-0.3145598315781769,-0.5901983869619841,-1.417260682157538,-0.832815267185034,2.6959036468858595,3.41159118448905,6.4681596809968696,5.899342032733627
19.50843810366821,21.217209444260746,21.924106001039245,19.974624325971135,12.882113794503931,5.832081155328606,6.791768019236765,12.144794803307295,6.081405012592011,0.3137355872347743,-2.763803565301558,0.11653914605378511,0.611050702041648,-1.3938569559412652,-3.040193270798786,0.7959977178964428,0.9267512682124274,2.493457340805254,2.3093287522972212,2.027363756252217,2.1214561887447108,1.6253580326337542,0.7166299135713233,0.9881365302898694,-1.802880548854073,-0.2631870283755984,-0.666065958577529,-0.9333987212878392,-1.265636825364576,-1.2085759897268937,3.7638589158441724,3.876674207336962,5.417193559142176,5.512100901308803
15.005101549905849,18.29820179851972,20.338089748326126,20.48168668726013,15.2947599248932,8.99368980207517,5.829697970354983,17.456726442782983,2.9134769253638018,-0.7904485630340671,0.6751208290536971,-1.6954999284609134,-3.9935625555566205,0.5660790367319953,1.0290031660257544,2.913387680922166,1.5874334136735382,2.5774235029464685,2.581945640284546,2.7792587199173946,2.4177730554138113,3.891293953298435,1.5094235703433292,-0.3475797350776457,0.5601606818493257,0.4116361076500507,-0.9922802180024021,-2.2104480718677535,-2.158460027048444,-1.3337970551977123,1.6187667328847022,4.217413317184327,4.65404314365311,4.68067270881206
