script/wind150m.json
{"header": {"parameterCategory": 2, "parameterNumber": 3, "lo1": 3.000054539987559, "la1": 64.9999836372058, "dx": 0.5, "dy": 0.25, "nx": 34, "ny": 52, "refTime": "2026-03-01T16:00:00.000Z"}, "data":
[rows 25 to 49 of 52, columns 0 to 33 of 34]
12.36239311759511,11.989782315430345,11.252317152333006,10.956832248345838,10.581697351860369,7.890447813327619,7.318592236359635,4.037288360106375,3.3715712871985026,2.0338467922606966,2.0174050060845423,1.992339318545332,1.6256182784866011,2.450139298269245,2.8193451498331794,3.7804859655147953,3.5898118159475314,2.788467459047808,2.5225523728075303,1.870539629758983,3.0899442299280966,4.128920164204583,2.780926071728516,0.7576793368116329,1.3039595131293464,0.7045917143084417,-1.12791290240375,-1.2425655120430974,-1.554370906001382,-1.1509206780423538,-1.5493779463187014,-0.48739356943774026,0.6601327819195458,2.7091797915751057
12.973111251742111,12.207948780871426,11.454188015231752,10.53973642084718,10.0418621270803,9.192496087882283,4.14368624354067,3.5995326804988053,2.747438165695593,2.960810567413051,2.146690208785644,2.1474789132776646,3.389087837488025,5.342597188058111,5.078130908780708,4.657222715661772,4.5036864352553305,2.9408719728927064,2.293074548774215,3.344141205150957,3.4484176049268602,2.971587323023618,1.493748716062504,1.4258261401971934,1.3721092146137273,1.3476902593910793,1.2475374713871807,-0.541145916926451,-1.320171686613922,-1.974850025440316,0.2257201457699575,0.7076396872238498,0.9736972185359982,2.415243900393553
12.830907049862073,13.029483198576694,12.131583691374063,10.169436276958033,9.57184256271606,8.830146612641256,7.72114242243073,3.160747997522454,1.9865355677682752,1.8835862726610721,2.2275553470652856,3.5598723362019484,5.326520254063503,4.6686088395941,4.81489335539097,4.21789969819655,4.639883309109587,5.766589630945954,2.569440498506735,2.6295731270009823,2.7813242826556355,2.104075647053868,1.7414139568957454,2.3834716858488627,2.613085086803074,1.5376703147311903,-0.03936304704017697,-1.1795212257120429,-1.4288819508437525,-2.0687002139750073,-1.768507847043136,-0.9952876515840909,0.6853111644384806,4.364278857957424
12.853881550707257,12.509859063934597,12.652609442288032,11.920437309762697,10.64675790473216,9.17179383957621,8.380106190239612,7.085930401284713,4.893842354511291,2.364648869273049,2.3717208580906086,3.6234769691574162,4.812731304215543,4.846152864004814,5.389391206997915,4.986974726374712,3.7419673805167633,3.535972843304101,2.7802041689142425,2.9459886198817298,2.26985132968791,1.9281968869457418,1.2618176874404357,2.262590970391122,1.7150250913194356,0.8379806786989663,-0.5053167072745827,-0.8642917765522903,-0.5915441886759564,0.03322610502822548,0.8143514170164762,2.352444620348851,3.6773956590440657,2.948414918838122
12.910776045311708,12.602172134744695,12.243226778925882,12.586459837040984,11.876421338871015,10.92230236190006,9.90254365538079,8.65973629783122,8.152175411774392,6.910294258807691,7.26422730913607,6.671414992493391,3.7779239891975696,4.2596695331609515,2.2143587279569488,3.794139249626158,2.7110633224235676,2.7837538343543295,2.5826756926555423,2.0242964771130145,2.534739947679698,2.2300984820073197,1.6292537286314173,2.515205594724454,1.8532888169521835,0.9539802509268047,0.11080570378918476,0.7992748231577985,0.795755352543918,0.9297868869105705,1.731707717244661,3.19611999616059,1.4994470773466597,2.122650943191982
12.808754329875857,12.630402497850591,12.845857057199959,12.626153666549143,12.711282368424147,12.785721399523672,11.280948579592092,10.650677107549162,9.643395467507139,9.560468791094657,8.02651566275796,7.57292386762832,6.431119380752837,4.905464310608834,5.494754362562791,2.6544352265568585,3.0687784408826086,2.2775915381312464,2.8049936829534374,2.6357597947069262,2.0887807039974913,1.1158263483197566,1.3155140313377243,0.34501678966340643,1.2597924230700885,0.8510342922410655,0.7480740649255243,0.6452055895528006,1.3821198473280742,1.9693588451731912,3.1302932613708996,1.5938800551808892,0.7255425584500251,2.431642377257638
13.127380472317792,13.076556341191322,13.380620156001877,12.476958585953563,12.844275398339754,13.861731772761868,13.452964063813102,12.137061629561922,11.828592951093643,11.443944495218068,10.99928698064741,9.516930105074742,6.194879157653531,5.399081558129772,4.4702413804696945,3.708408917976452,3.640928036882942,2.0952150666194753,3.92608113233197,3.2415432080323914,2.2570850949007775,1.0273397806232578,0.7646185350154097,1.2786229429328766,1.5409691594611585,0.019672667321963804,1.3152309034319105,1.108866661872369,1.3997757639803314,2.037197290227696,2.647491357789021,0.817589346031759,0.4533749875686614,1.0524923568908813
13.367600403180196,12.90967861383906,13.070902646516476,12.50728841884994,13.571185528636642,13.730531099149488,13.723009559173716,13.004189464398701,11.623492428896997,12.73054275400402,11.92829491443982,5.684923546765691,5.928075127724412,5.226702944983941,3.985414763262181,2.5823237731985946,4.414810210195264,3.294992584964368,2.819300930137984,3.668755403516401,3.1415254530927625,1.5264186923079504,0.4500762676165064,0.2120854161991875,0.8210029727907503,0.1608437566672299,-0.4898336743245334,0.729639476811373,1.6818711156831467,1.4075484801691185,2.3814533173548305,1.202084145020217,2.260587067850228,3.4930124766024755
13.098329830725767,12.88562547500895,12.954054612084402,12.84402733246425,13.870031849627477,13.911796017274114,13.890010088577677,12.85647478846878,12.256660666913794,12.314018568784226,13.572078725983598,8.119587165274242,6.646302000153476,4.9266700924148354,4.040961532653109,4.294158629746959,5.026592661292863,5.482410217356997,5.37678061713755,6.006917185528643,3.178083261850965,2.205810430264528,1.3108199108064025,0.5928969824278338,0.9186034447944637,0.09393262367535749,0.35113882321610634,2.0109703732771704,1.0082437681220344,3.245154969339201,4.233960932424453,4.525222401656332,2.791156285000142,3.7014414123109494
12.630635925652685,13.180428102486179,13.529045361037015,13.482424722814299,13.208055158954638,13.188384600317242,13.554338326622098,12.861753669601487,12.237903208847316,12.122450181364725,12.890364039827048,7.828059645019012,6.141848402718585,5.111917751383105,4.490013520112676,4.5788370556483,4.6056375050873415,5.812147924543266,5.313670084751329,5.4859250308286756,4.691311041458113,1.9637294097542985,0.8742976784371952,0.28125978237264154,0.03486761152855763,0.13951634133257923,0.4363290984760632,1.051306532158895,1.6202605340237266,3.206943499329754,5.494349386822679,5.475644607852656,4.791309852031204,4.184240261623171
14.073857004256848,13.992235360201375,14.820863680332435,15.052182099327977,14.175328158381408,14.044458804300415,13.225618186484148,12.815036897300411,11.96642670958715,11.854152278377773,12.701027261046587,6.870906046695013,7.187126317726358,5.485098367508394,5.330571544589687,6.690964833609508,7.009850675733593,6.30346568362858,5.680037721545698,5.3335302946751035,2.197291884095693,0.6686620956181942,-0.17821204548345765,0.07450175886769665,0.9443177596535302,2.2942640328984174,2.9232584496896994,3.4896390359005487,4.3173305324378655,5.227147194810843,5.74360346032581,5.3786028180193615,5.007434260306606,4.146986173497863
14.823060361797166,14.800828366303275,14.3907410532717,15.29619171889946,15.22837799624257,14.67030135320627,12.112207777312753,12.796506295146525,11.783730830098213,11.424113932974036,11.51159105730375,7.897134708234326,7.317284747645566,5.073398169434516,5.38065325612248,8.641940465366096,7.366596992003074,5.386698550605456,4.276844444303859,2.328839038251051,4.390302657677914,4.394115429834521,2.500561521263645,2.8131278643721838,3.568949286078439,3.552048428716939,3.8542264072706014,3.74116419101868,4.452409333645567,4.769801108960299,4.927217640244094,3.8602472784952373,3.790015712256312,4.149244175485047
14.92323108028087,14.37627509217407,14.484473928752085,14.87737986419753,15.1074640033774,14.076403390588899,13.049853094759753,11.526143792264493,11.740247675197693,11.58022933743695,10.659719714353157,7.891494738822095,6.894068153982799,6.358323489476613,6.6540556994998505,6.5351298518021865,7.8488022193762745,5.644736604336034,4.7435920647639955,4.515603911549167,5.461259066839884,4.682510321374562,2.9452490640077245,3.2161444510970125,3.4823724883250438,3.186933576215976,3.9454931208196413,4.121423802446921,3.9547114795563343,2.5732228812781655,3.9024493812323438,3.761438088584407,3.6895925784721726,4.38227484490861
15.224720416081727,15.127564510616034,14.134038303784518,15.052661341887777,15.445587062368261,14.529752593811708,13.14872657657599,10.433380652845086,12.342299349000562,12.733332280411844,12.977045421332765,7.184548570028179,6.007131408907219,5.923484600010782,7.237148726641596,5.870386860864474,5.8938223944844585,6.196884030992025,4.421506695212568,4.835061059845358,4.631839520101566,2.6750075581405115,2.6436920041985204,2.830534655887768,3.4348363687431522,4.559393392678021,4.396226537765065,3.7831516906286624,4.095010707309975,3.367694654067232,3.4304029484609266,3.596026697865995,4.2970448666009275,4.826649339632497
15.233406506568784,14.712721018823482,14.107912081684136,15.530564788495505,15.64709973849152,14.1753901547472,12.666474419865597,11.081065559043934,13.061893806646069,15.094665785080144,13.717493214624234,10.18038126739361,6.577622435094855,4.618869935852549,6.008802711389605,5.26669941306029,5.262692424329013,4.920057163892819,3.9037913849416586,3.606855005768888,3.5596189482798617,1.9886732674445506,3.7083936047667225,3.424744803236347,0.8044400945748941,2.008257746860997,3.283796713768179,2.6190401407970123,2.773455613091892,3.778825331670218,4.214731097976314,4.919539783102525,5.054860701298627,4.076365128642437
15.33155994661768,13.994462855489333,14.311500980608539,14.89954959125105,15.248039902746868,14.346884911620394,13.74747432576253,12.481345478723055,13.922945286150886,15.780258926202213,14.173404558824124,11.864201772137879,7.1741899539257155,6.1503922248960485,5.1553789924373135,5.423804002116209,5.187508050636054,4.871939728819301,4.316877019265605,4.264864091741828,4.022883926321966,1.8088761552095678,2.232638331987266,2.335375175963119,1.3096493837868548,1.753770200903106,1.842929453253381,2.5215909157531358,2.050821534619168,2.5799948034056475,3.80738980892573,3.21774233517221,2.203348075057119,2.4504600433003505
14.987460978328434,13.781229611612146,13.078613905244454,15.35706400054512,14.770231655496318,13.714310043270768,13.396385970571778,13.268282096958641,13.305381611351246,14.982229139732393,13.244657744356259,11.340211797030463,7.758528554546312,6.319897309918086,4.630783762707243,6.097556014916652,5.61988597433236,5.738851231864145,4.228043199807888,2.3620455801874125,1.762186626886581,-0.14575480007140865,4.399087167029644,2.172625723789628,2.860618283149934,3.5631350623780755,3.0584587708595037,2.0053394608482873,2.41911300066646,2.985418928821144,1.6690602734531759,0.9347120108697096,0.85564149327073,-1.0540954144762242
14.379545066408914,14.314002541210236,13.712287943526809,16.09021712097487,14.95962137475398,13.855303819700111,13.490465603788321,14.132727715751875,12.178052916226548,13.412801749770587,12.160062666319646,12.24116314938677,8.591727159570823,6.304954039086037,4.723980089669564,6.447645414360368,5.948588523325331,4.029815547277345,2.6758108874886166,3.1436692782759414,3.6653883302178696,5.06757632329018,4.902430125399176,4.998531466588403,5.136906753130823,4.409015824001283,3.196963375869833,2.9862036729456483,2.0519066772403796,1.8670736600635252,0.9632489967293053,0.3027754609505684,0.5988615509358901,2.2599931930655903
15.422913995808962,14.641871031133778,14.654142086251229,15.476743105206166,14.803578590438597,14.478779731183854,12.484323503728577,12.645718896268013,11.688795339022073,11.92052552991767,10.945876483463275,12.49662824341107,8.821816972124708,7.343649566360647,5.923597330236547,5.516326961851574,5.412054386626833,5.542742044516108,5.031147997198357,3.3319977664259484,3.410237851057505,4.593596213574789,5.093757919645021,7.184694113994824,5.412675340333452,4.299934505070362,2.357692574940681,1.902916334634527,1.1163148671788083,0.12946202975465493,0.7187910297695481,0.7836480988769405,0.9176971746422508,0.684057652648252
16.191298488458425,15.727254307060592,15.658550948033454,15.79561615666114,14.990319268892947,14.567145037246629,11.230290572991784,10.846184916617547,10.309092243113138,10.758412261040558,10.371455477261135,10.957285517408424,8.393428572041488,6.917486746959088,6.199663870849632,5.78178855145691,5.838996960574781,6.593534312114746,4.849935128062608,4.47300395864842,4.880240385257332,5.031931802056027,5.1217732379909755,4.288721386615962,4.01608775346388,2.640769218901454,1.7905201064387286,1.5786479814571608,1.5494088239894477,1.0620587106582513,1.4846247252672855,1.602543066554606,0.9458547248956591,-0.5865162480029574
16.845555908814134,15.249810857711083,16.014953626206527,15.710086588925336,15.84754562645103,11.991220491678835,12.053587341157659,10.848639926495816,10.708497201139437,9.900108205984344,8.70158749486997,9.355010970203152,7.669693877268709,6.846162086661553,5.97586878956756,6.400996235125393,5.5378169614000505,5.453174526884878,4.445298924001361,5.214510807266347,4.9622355145678165,4.983151100588177,3.4564342440453286,3.915035554685533,3.319454896606718,3.7555504747554953,3.4169771549095778,2.044208690182703,1.027385055378176,0.8211673566002179,0.9514063717086874,0.7980018844371615,1.510900216641727,-0.9696379466434674
15.193208697053342,14.919208367677557,15.75615861465313,16.20843432773526,16.454810467951837,11.499567607184126,11.763109930490911,10.518223825716248,10.17220208758631,8.772336805101906,7.783492072949919,8.473603423395861,6.69938378847755,7.0983253955794625,5.549757853244128,4.966732245078875,5.466985128177409,4.198598710613121,4.439912260003968,4.629095903767236,4.9855462658497816,4.937516975657474,5.330013443071599,5.004831754296757,2.9273705753400696,3.601222442090977,2.954167943273189,1.3301197384539232,1.1397282764196155,1.1433744007732325,0.42405387770853153,-0.03780954379271452,0.3129793689269439,0.05365404880823603
15.291254084071642,14.465178169128253,15.775679596517861,16.99731397055649,14.146402190923208,10.593238891653696,10.742512642406508,9.487196141052658,9.308993077191955,9.007867984816953,7.995991061204767,8.13419414137938,7.72902633314324,6.959515628568225,5.474624500612556,5.341680815021363,4.702774295942817,5.096339816062485,4.605647062116376,4.3318424821364365,4.81890210237859,4.436653075011606,4.447494317200632,3.433347518984196,2.6840033855431025,2.1551798407532523,1.6930241472114458,1.9252717898540948,1.7183160797930201,1.2007587951716125,0.9297774113793377,0.5394665819318857,0.0866940924744712,-0.5220643219681353
15.848353865789464,15.266860680269302,16.3041135256864,16.883146838151344,11.66332129276517,11.218580330809914,10.286884481819508,8.639456369446261,9.253405601114565,8.819598533707328,7.865362043477519,7.025138684567919,7.464811834290687,6.742120403940441,5.512276596500216,5.6130595767940425,5.805454516215213,4.201897010479361,3.765961022019683,3.630594206724226,4.125614614834816,3.6476079646219826,3.0865520714665178,2.7443244078948386,2.4149905754863354,1.5339433660336943,1.4009101863943778,1.4617317264797012,0.6497569762660532,1.0588482816908866,0.7843070672364357,0.4815726173990015,-0.753214660679839,-1.6025646691939068
16.49667318056441,15.58539332558805,16.302289886372435,16.145524644176145,10.81366402387137,12.852847136405462,9.87268297768214,9.007388992029275,9.45586384240176,8.346007867157189,7.751782550304813,7.170949845457069,7.190509826739756,5.898664429761185,4.987799018618664,5.682376625080633,5.047999867591649,4.0229293696188,3.0315375629268764,3.2554279296641426,3.4983625552666195,2.0801764924660335,2.8586473733323823,1.9496606865122057,1.6440855609730753,2.660859287155634,2.0781827451411563,1.0199064080727882,1.9709197963802714,0.7579611071518325,-0.12748771856349256,-1.0866172401461787,-1.7960055069854846,-1.5309153789327443
