script/wind350m.json
{"header": {"parameterCategory": 2, "parameterNumber": 2, "lo1": 3.000054539987559, "la1": 64.9999836372058, "dx": 0.5, "dy": 0.25, "nx": 34, "ny": 52, "refTime": "2026-04-24T13:00:00.000Z"}, "data":
[rows 0 to 24 of 52, columns 0 to 33 of 34]
13.50965550518224,13.572686732855587,13.926631640844986,13.020949656334441,14.069164245820415,14.862139944190542,15.63261482837441,15.461259235485965,15.866254732364348,15.815766249323774,16.144292240188243,16.587753143142308,15.959486043242025,14.106232448213245,12.11723283535948,13.446983652626889,13.346229057657192,12.638006043488048,11.779820733307593,12.656166687999441,14.370716189967883,16.58908454937521,13.903297148116,14.213847012918535,15.39968778419979,9.502972676395574,6.827452678662105,5.780091590859765,5.938069433431713,4.674666577830717,4.38373888998017,3.9560991827369274,3.5510407551547467,3.8822362737866007
13.783738110784931,14.137163099100066,14.335585615024124,14.463188969724085,14.859612149571733,16.055899789776667,16.392011867697015,17.149917846217196,16.82532665759043,16.908019672578234,16.26566152655545,16.626615433071567,16.699030715609226,15.786591341203053,12.758739824572709,13.472468397868399,14.368198566257078,14.101950801114208,13.28941769381747,17.0747048831642,11.31168126212105,14.446169476820177,11.339403901330861,14.639749452135648,13.401697443820566,8.497433109172889,8.814789203697453,7.635707961641898,6.403463897907175,5.935400603276699,4.035014461836418,2.859210021040503,3.262517405454865,4.021646058406006
14.131984080041633,15.078427463714315,15.314200949393129,16.76393220728406,17.630684103595136,17.90157814273056,17.53150514452904,17.406596561755002,17.72105768736591,17.620900819268726,16.417696604107764,16.92144829897128,15.62498980466057,17.000792114696807,13.230173754711656,13.150709323494729,16.0839444395193,12.447451987213135,10.961419986556074,10.890373624181102,15.098401936951669,14.760497474129274,12.35347358094555,12.062961966498873,12.853870198190409,10.741940213186423,8.435626727627938,8.419147804829564,7.033487505232869,5.360703449626484,5.1093576819033375,2.2919570822342306,2.957993696115488,3.5329146078859313
14.728190290817537,15.642287444794343,16.694071372458872,17.90914470705332,18.91070346234536,18.352291502448196,18.192005331117212,18.30619243803552,18.07582912805645,17.34570218514382,17.903353980181457,15.652011369877178,16.718461200541185,16.6841308378777,14.343653925283386,15.319608306879385,13.715948370265675,13.126208961410619,12.544777426146078,12.569670529850326,13.813647925072175,19.15671922138516,12.59800571331365,11.151165978518389,9.496449051832306,10.476381600264494,9.159538372744555,8.833000364675453,7.432712055793605,6.413527023170101,5.378509666990428,5.374228948611908,2.500159599950914,3.2851256808349505
15.844845909241336,16.86557319493755,18.51089207837255,18.06681487553027,18.603970813662038,18.632708440070104,17.97873226040597,17.695078883698017,17.48606718925435,17.201001594277933,16.39246906821913,16.099600045833718,17.83262591369167,15.499634979205778,13.527466120965787,14.424665265349645,18.477951876437725,10.964046407231509,11.769224189094013,17.52313020909707,13.396908621061066,20.189791847873035,10.514743083628662,12.435000178098102,11.048646188591803,8.42690675671513,7.2547868421827415,8.698485724836573,7.626851789940686,7.267658224823669,5.5830340458278265,5.506855209781358,3.454044199408226,3.0538609995219295
17.653665906648904,18.09877444214713,18.195619578144477,18.763311631449124,18.77106275866227,18.44133011811565,17.48465265294223,16.986345532485277,17.20405523975157,16.784252243134592,15.705976721168843,16.887586205361316,16.89007762264912,16.429642261795358,14.236689479452492,13.977583878822797,9.919135393848086,13.046845318845024,15.347754240032666,12.33015381243372,10.754955301331059,15.780001929697109,14.194504443212995,10.343876245372213,8.58052912429499,7.638032833658074,10.298894794140775,9.897179223599933,7.6240039868039196,8.495581736970715,7.253789255104636,5.112766587449157,3.9229046675694015,2.800138080653195
18.138182549635488,17.870485779727016,17.902961328814783,17.775667796357475,17.177297202971396,16.849683389727357,16.752420275649996,16.11138888367486,15.606435497090372,16.362587247559805,15.566411584195409,16.150833325533796,16.97376679477094,16.36848790299876,12.206066839323219,14.227726708994071,14.015314669621379,13.959482180294852,17.536016063272335,14.925494391492704,13.46611542432237,13.519048737238567,12.446649770711835,9.935071169470891,10.318843157001652,7.784315634160408,7.781103812300048,8.795373533200992,8.234261979114557,8.922956702037059,7.195148121619625,6.415855448568534,2.1943283731263428,2.7075898021574236
16.98332705868414,16.88958820290667,16.962663247698153,16.330921445084797,16.194188657984704,15.739749796666786,15.306408479658304,14.83940280341546,15.876738803189282,16.381783359916074,16.963963741651753,12.304922843070923,12.135366986055693,18.937506629348096,12.497217116462233,10.883372488794066,12.199460661220874,14.890769155687197,15.77374228857557,14.046648046439032,15.343949852055319,15.034171945063209,11.74608231644748,8.803361939325894,8.8218223399274,10.279155958357562,8.811921687599739,7.919971396568704,8.590875659849575,8.095616280879565,8.308471685364424,6.242618682114119,3.725187021339084,4.310213342408165
16.05843391065091,15.488464397061763,15.253692852665772,15.678325797949098,14.546559924460702,13.91230306045545,13.797741353939614,12.687184843105637,14.382301322844382,14.377171873990424,10.84582239965751,11.711310215954025,13.66341019030216,14.393927388175536,15.879754008949982,11.938209328790245,15.00428364736243,13.859687878802859,11.175391716337515,14.737556422939441,17.979063603600036,12.466763832929132,9.382031834389519,9.46710804946939,8.333647393893555,10.197056450249422,10.074228712222054,8.449164618927062,8.890793611499621,8.283303389860349,7.66079975642426,6.103955551576862,4.367387374248098,4.115734369156661
15.412056383949585,14.61024015764783,14.430011630607025,13.607918512491814,12.210414982640055,13.037645345450942,13.288949398602753,13.510663768670037,10.899242217556608,12.41057807535728,12.923764350398237,13.621994776678052,16.73134212878423,16.50524825047555,7.908991916421861,12.383732307330508,12.409492142548356,10.792073637746254,13.104747383821826,15.216052889446336,13.381207364189853,11.25026535578923,10.44989387715027,8.553980251053996,8.67439596234026,8.380898091052822,9.484334656054205,8.483611369721874,7.599556117108447,7.279933998493862,4.911865266007775,6.659565894645177,6.193425235071238,4.948218234580352
13.28821701531359,13.091444265076422,13.384291194167874,11.333368353198248,10.028537650354254,10.812073057785625,11.970457674232735,8.365798573751224,12.442964116063168,5.195488979688343,13.8720191455958,5.984793749269897,10.102591659619069,16.553036923670135,14.765029450380545,10.5664528458252,11.380363674775348,8.855831932757225,12.271331509229004,10.646219473505495,9.97921233232262,8.535301535455835,11.022969591728659,7.5253518098540155,6.092374241658859,6.383049844803181,9.018871683009454,9.034069080634819,8.036214185182335,6.786029367028832,5.944148744206167,5.4625446892992064,6.802475559892957,4.8835073593911735
12.03468072799399,11.583123957468136,11.081748946727595,9.747496452736423,9.323184269381418,7.028719302786013,7.184627813113735,4.551929500012536,2.0303369267648694,8.778295892976983,13.842058025292665,16.027693804541602,14.989883176788583,13.199242933608009,12.774881536286134,6.6906024633329455,8.018996524359462,10.817727562990878,6.641258571355913,9.617594361921105,9.00386041765611,9.472143189110852,5.8174545797557915,6.90376830641174,5.893620989449659,6.080717598089417,6.033804175228737,7.810471100754788,7.078908458709888,5.878886317146631,7.3279686767869565,6.422237131048017,7.223019705819713,5.665990897985645
10.578421541973501,10.661804427792738,9.800981998159381,8.772881473727674,7.933324433823751,6.1803021377638405,6.714333990698365,3.5574852573316265,5.282335514229281,13.01399803137542,12.104052532948163,11.719703357049426,10.837790886160732,11.650892636466011,8.38741206405082,8.521556344065427,5.276670671280942,4.840866706665108,7.525000285541522,6.016223301890097,7.6499862464429675,6.601691968905122,6.504299586848162,6.179943807987966,6.695313965887293,5.54538052093056,5.093667498681314,6.537174740194025,6.214847750356981,5.527451918637837,5.955787174841712,7.999507031531266,7.445010883321764,8.100237208914308
9.736760847540824,9.185165735341279,7.381103290327921,7.01084476722663,6.290602944305439,6.476711443538564,4.870455913683456,1.4130820725465734,-1.6774292475056432,14.936585423965262,9.773842092586083,11.655427561175197,10.798437010254478,6.208620577121189,12.518174826240315,7.3498263096693055,4.8720160870548925,4.320879582111397,5.535018200171172,6.031606349065864,5.9039843538386965,6.842974273594836,6.446388009373735,5.304308120823066,6.37244977290285,5.237143336107766,5.338345339944004,5.149295685268586,6.415545850514602,4.864463307210073,4.989383511508026,6.643954993921873,6.1137553853696645,5.392516650494625
9.083126297780794,7.8679054444348075,5.572583035023905,6.676975566664184,5.076654573077346,5.44437914679196,4.343528889495123,7.046411733052766,8.062802520276863,3.4090554760582905,10.240640446222908,13.500135791440668,6.691396775605545,6.236585147537811,7.271337480679868,9.700744129231293,1.9841444317206551,4.759406333455938,3.3831007281104575,4.024101809394923,3.7012092068648563,4.827845385247418,5.477803493333352,4.939842261950655,4.2466064176389136,5.746315887337069,4.066061032030524,4.440327110449697,4.508175993279013,5.38966265529531,3.9974240382418773,5.709587171326409,5.366918037967531,4.256205444737325
9.284585056240571,6.137260428191096,3.922567471505875,5.62417313425948,4.273465364866896,5.162664766779504,6.425271533058389,7.085036141242939,3.1638875155401833,9.25212914158499,10.933352124438338,12.337226939143774,8.127199973185114,5.304763539176008,6.91309210737176,4.9886235419957465,3.845933005223431,1.7966429416070384,4.47721109785703,3.6627037580032087,5.420396121348659,5.041096028257933,5.477556798717401,4.429412028142843,3.837392899429835,4.485643014287264,4.916093258481386,4.277229341918578,4.773644022186242,2.9944565675782857,3.9112222394135365,4.209197892260564,3.8305790642503195,4.215883453084373
7.243615509295807,5.4137946506895895,4.627597629451971,5.834214995320892,5.009081363450592,4.312850930007606,7.654263296497438,3.185104950117413,-0.10778391271630047,3.6249619469520398,10.721013309544169,11.398549845646036,7.154787735062228,7.474416785910423,5.246665527963944,3.621350442021837,3.8439453903979386,3.3522309417595504,2.57937956283206,4.087331396772224,4.960707404022277,4.113026649990692,5.137814710480546,5.6986651148417415,4.973728854401152,4.6096480043160835,5.127750424482763,4.074674297448761,4.290354284630476,2.358201934648438,4.105700486301476,2.209316136654412,2.890725346578688,3.490047960058606
7.27150908284282,5.31157200900719,4.494278539005425,5.070490052180426,4.086714512377069,5.368235379679555,5.78605986420412,3.3796346869008884,5.973033371980051,9.955422038313781,8.255344802799396,9.77808809799771,4.671900198742703,6.48462833369837,2.9859386530143075,3.9606409293750904,5.384647983089733,4.656029786724194,4.285105679379724,4.306770793460186,4.426754705969231,4.889609819028849,4.992194218072668,5.309927110572028,4.576501937397478,4.546267445087441,4.480780850060849,3.353982864587294,3.9730078393730377,2.9765269664216154,2.371531918896162,1.4111832931850516,2.8445288258043147,2.733959968282982
5.667693266544754,3.9427204349788254,3.3696226990133407,4.380946800464199,4.074458189825207,4.368982297816494,5.802588665293859,5.2405791807246525,8.364965441662747,10.172720726764327,9.402716780104047,5.478454812573354,6.9721456270652,4.0739940830856485,0.9914064968812081,2.136148611129296,4.1476833947943,4.219067924231895,2.612299214279511,4.361241799066235,3.984215333813081,5.120827372321463,4.921108949852032,5.237007447152354,4.12805678991233,3.7490809008748482,3.8191345438065984,3.3989013713646123,3.5586213035681107,2.4218001164977694,1.877464318014343,1.715392369959175,2.206243923857095,2.8403558046842314
4.855010971837474,3.487198534338838,2.8907812724886446,3.3628957536370576,3.838717152904425,4.76296723407576,-1.0553031259695882,6.065932615111696,6.87346419177976,9.369667506349666,9.109153128720514,7.489528611718569,5.2797766493531,5.8868718977808765,0.2709789208592182,1.5189707326596016,-0.8896722114992818,3.7893059347442626,4.0067196714527356,5.341132437786142,2.7607353650586273,5.000720992803908,4.858245991841542,4.571778613884511,3.7110183049925127,2.950512985109328,3.8005212203355594,3.9293845992295124,3.4707635102472065,2.9769464061065705,2.107355288885316,1.462875844356478,2.8687148089340555,1.875587098409695
5.183771324490339,5.379034188395206,3.482739916295845,2.002116414443348,3.7750376013789473,4.638006437394519,2.4799498711610535,2.0832779963981207,6.449561330687194,6.24020205408427,7.5396329828152036,7.8715484958043485,5.751912561962766,2.1187091828458757,2.365930474789018,3.4303220558587237,0.9435752918494077,3.34478184322697,4.539657711683218,4.403352213546021,4.177616404779897,3.8152677121271483,5.0563465214005205,4.465370524531276,3.7264152497747305,3.007601017024098,3.74295720213508,3.5803995766956205,3.975669914840202,2.525432640156502,2.3678283988756155,1.8686358097271498,3.1274370911895173,3.2456359902740095
5.422014505899068,5.592651560361499,5.182378374385915,3.0582368194554546,3.5288700743801,5.1846342606578615,4.108445203870341,0.41899494599239134,4.216996665945946,5.1177714583457075,4.950800175709885,7.0022546094072124,2.9549279578869383,4.157101942958948,4.21512265383194,0.11103301266402935,4.461583845911518,3.129364187175144,3.9954304195791375,3.805111002588166,3.8817278854316832,4.398417361942086,4.48115528442855,3.2483909774676594,3.1206224624415277,2.7845823022696092,3.5784137568486885,3.51731383437539,3.454890710285917,2.798562723830268,2.543014251401145,1.9754106557048123,0.9922132958648047,3.514421677784649
5.072436315409805,6.407120374905767,6.0679028822169165,2.2704469631459987,3.2883441839456107,4.400811968731208,2.801417427508277,5.163405364709501,6.587153096666857,5.512360730294223,3.797727263704436,3.6516949958798417,3.3852952454515077,3.501404675314261,2.362618812995607,1.9487079466206496,4.707497768926283,3.7914228004982786,4.477198186300872,3.1579667965678038,5.395415415643804,3.96453505541644,4.205065019326121,3.655618411851077,3.7257643743031768,3.3040844542222754,2.956164454233473,3.0385646399606934,3.280232891092144,2.766732746618294,2.8763080314875746,2.016794931915964,2.7795146049478263,4.0126131175716
5.110585609489368,5.174898746069824,6.097780399490708,5.256920725481411,3.307570238283113,6.735328993072773,4.55115101519318,5.31155259214004,5.842574135645062,6.713494171506042,6.037390673505909,1.2256025886787076,2.46823333931651,3.802720460350781,2.5491312265868102,3.0945599935527093,3.8194249480192655,3.5617220848216973,4.422811584295354,3.4730498212241114,4.068080633906937,4.615226807515825,4.286462260284089,3.930058019154318,3.017902931285823,3.314418903029193,3.530310527240224,3.220469655421492,3.202282780317145,2.8892969945177955,3.2544745210217183,2.138385043695698,2.5679091143083945,3.077107259165787
5.438805588419873,4.346102327293486,4.782020903442656,4.494712096754109,4.838390900853572,6.083111740159328,4.96411960150083,5.133539687533985,5.776494840648319,6.57211463083071,4.9791006233144905,2.117454009386124,2.02853613067629,2.357022958619495,4.42335596499104,4.1440093789359205,4.100887991505115,4.62234791643264,4.413249824997104,3.986851723578572,2.942106189332111,3.3078928199876048,4.8752553260853135,5.125789305054848,3.8952457437418078,3.2245842862321172,3.2567820024278347,3.1447200748402433,2.569309246216552,2.336790194793287,3.192709753075407,1.039409881162551,2.1937525702386362,2.987841163308827
