script/wind450m.json
{"header": {"parameterCategory": 2, "parameterNumber": 2, "lo1": 3.000054539987559, "la1": 64.9999836372058, "dx": 0.5, "dy": 0.25, "nx": 34, "ny": 52, "refTime": "2026-05-25T23:00:00.000Z"}, "data":
[rows 0 to 24 of 52, columns 0 to 33 of 34]
13.917556489030394,14.264231621178785,13.692982027000276,14.014233086547305,15.013804994818846,13.615578710128167,14.009083474645609,13.588280718845157,13.995889160123589,13.71104876880066,13.393456390296402,14.717722514212472,14.522310477206844,14.63763490422582,14.383716566672755,16.502956067041044,13.231291292710587,14.634539216995142,13.27063391086103,13.741427024905432,15.018405300938419,13.479180421765879,11.476955280185766,14.22608562221026,14.237958857205072,9.58975422539382,8.525232700725063,8.28090530594809,6.077530107247588,5.850173800796037,6.707456855259437,5.872269508748421,6.977173431990832,5.428859631504167
13.579487602506338,15.235191125424835,16.08178972212857,15.100054501952068,14.686110089858602,14.075684331852615,12.889778465928135,14.001228943653143,13.41147741516163,12.50403076650194,14.101767719755006,14.7603703266012,13.32394488224524,13.62219429466664,14.429427214055714,16.087715032150214,15.021993083323487,14.730021014412197,15.095840535231511,14.82320079253217,12.097017718716208,13.76288537840755,10.314158172300521,13.563954573255824,12.727758737882702,7.659455492442081,9.809213397333064,7.290580086226005,6.70001126424763,6.340556639551469,6.235493830757998,5.1216546982970215,5.12244194721209,6.968253594219034
14.615533624275907,15.072647774119647,14.823927374358322,14.402053826153644,13.547055682887267,14.422600326380625,14.89027551138126,13.673105833396262,14.267718950198491,13.171951219451458,15.082504339989358,14.788933306981793,15.237938647272602,14.914210832403363,15.688412396666553,15.147639125671434,17.008963829670485,11.629133529508714,10.964845461651924,12.179353774113425,13.658595792179892,14.218523626599485,12.088987041261705,14.492477715947157,11.727626449087445,8.429814658740625,8.533724225952353,8.59016840202221,7.096190647878137,7.009756814239727,6.110226300695018,5.8176506887833925,4.353920456173171,4.787205930950036
14.913066953206789,14.674655795622765,14.860272239286648,15.325085303109766,16.713179197814082,14.10445175977948,14.835991531839106,13.590544121840555,14.456448073367854,15.839334837456263,17.238862355126543,17.977130305877207,14.562288910657768,14.532474187546438,13.816181686338847,15.455828597377618,13.40925162274673,13.155748271476673,13.305554160807654,11.858645290184416,13.091936518144616,11.681548052852785,12.665316696976447,11.60113871178166,8.715802579692397,6.831402477962183,10.107885370055122,6.931486777937522,7.887789154633246,7.055019693109502,6.6365190021849925,5.915461751712879,5.509238694328624,3.9893344881471076
15.227959731776549,15.183011895458954,15.253320974692967,15.454037971638005,16.498495867099344,15.138714084829786,15.238199351465626,14.838023049405953,14.900964646759567,17.026798778385434,17.326839155175293,15.859576736039468,14.863366504663354,15.002546966343992,12.312514154172915,12.184294694472262,15.317806606738996,6.267714164195279,9.873030021065647,15.656214968087921,11.129130803075425,16.366467425210104,10.772032083329359,8.764169956361524,9.689903762901649,7.599275210288673,7.401940214163762,7.468496780221041,8.905276328179534,8.478383908574347,8.317540072989358,6.36651700523449,4.3481169085006375,4.641579835170217
15.536628766041689,14.550610634736296,15.675868443715757,15.315150193272926,15.482571023500148,16.094086170148465,14.789851046170533,15.092188135961736,14.73391251010503,16.425405895037144,17.926479031845847,17.03025519157883,14.535505465733003,13.115998409575289,12.22186541085991,13.866554194426483,8.671523075899078,10.706501447642022,12.116883613351503,9.390708211821375,9.555074385953882,11.614744670999393,9.864310661035036,7.981261252426171,8.13757829880017,7.496116887397645,7.259188407273405,7.950035545979231,8.830296519157589,7.4509945594493345,7.660568559251477,7.435159642544494,4.788409758864626,5.010521504814942
16.11393228336626,14.814057137079637,15.507864906957822,14.927847858017483,14.966602569721816,15.384438779029503,15.377535526928767,15.000721081827495,15.778671321897992,16.04860203382597,16.84226416957379,15.649839643591482,17.24576509027817,16.968933724711714,12.01925778499471,10.966728012795187,7.694341180426428,11.440043612577648,13.299097815210086,14.209921175555836,12.699059912819443,12.71455566047384,8.898534722880303,8.427578783112304,9.662681243303167,7.385426274190101,8.931739079900124,7.207044541074568,7.764333379160865,8.090086902673841,8.800118843674278,7.033163774592853,7.902739283046309,4.4402209956021625
15.10351530894453,14.503388504020654,14.655158198353908,14.412021835836416,14.93056231439857,14.938034145562565,15.561035635559323,16.262367921387987,15.719001846189382,16.763068190244226,17.42793039674265,11.44089510286104,17.159702065621772,17.38895898402314,13.702064060901158,10.164076736449243,6.904265088665728,12.058734768786056,13.89758329779855,12.792136540743943,13.82107672063363,11.281357682655667,9.422657327813907,8.939589957976347,9.18097606440536,9.006823030717005,9.5413269517738,7.414477078725962,7.297795649605357,6.578290612362657,7.724021321372986,8.278776718466847,7.240789520312664,7.2954060299128445
16.247167057275483,14.699845477704047,14.211938584647779,14.228994415410378,13.355885873359137,15.046757549368193,15.126011142096553,17.543238924131266,16.10817421307599,15.312482656523636,14.901975764529789,12.881123679412733,14.420534539390738,15.762641244835251,13.069031045920333,7.462598439048192,9.01663278504065,10.880814428011005,9.269088187131276,11.51060260176639,16.314449135066845,12.873103681870457,8.284208764929293,8.33299137361172,8.018499642511191,9.153010909861795,8.88472217849954,8.999252792159512,8.627759908100153,8.388385146204367,8.095668235100966,8.638352032259654,7.012888195374387,6.823958874731451
14.454181520811115,14.324097732627347,15.500483374677591,14.37482395061899,13.91012174416382,13.940521144744663,15.978298084137807,15.210310986671995,14.776991644699367,18.13321679554598,15.236704504819281,13.567543232135154,14.13809462962248,13.476079836305416,7.782854060307673,8.98515142176067,8.763462421181625,9.57276974110442,9.264671876746911,12.641329462665661,12.141857714059567,11.598206937988428,8.387806856517297,9.283952059662338,8.076069602825662,8.25226745909971,7.310503924833225,9.354326043573701,8.686629412888058,7.715165619488183,6.900628890337562,7.267590599248121,5.869619011590878,6.944809806546965
16.27029810171015,14.342469258740717,13.613496663928242,12.825837149367086,12.520221572544237,14.168812362754284,13.015554383533383,11.77253250541634,15.246847530770996,9.877696231337593,16.85305805490654,11.772110908400007,16.31695919242221,22.09782957067201,17.839318846432565,9.26436257521924,6.671595262932965,5.573354602460038,9.590384956862582,10.880641713340879,10.659366117047126,8.44068261823051,11.569389106860228,10.856022119192847,9.137857335879058,6.656252446188621,7.235001947224312,8.433914233852027,7.126375200072722,7.281049377859091,6.092613659306829,6.445560126259165,5.146823981557625,5.601324749185939
14.508929857859808,12.764996141510121,14.033849149910923,13.96425102522349,12.502367157138902,9.923393151497567,8.384730619093848,6.902004155299108,7.348876532589573,14.067698503999083,19.960880367516996,21.203756717083213,17.64633108860186,20.97934201872048,22.30104627367625,10.048672657627796,9.902215583452282,11.417355847916701,8.321511736938149,8.14746331766738,10.455665097953997,11.82002106766101,8.398073944017883,10.32865644539727,8.321412970239022,7.652768427317919,7.8202712407306665,6.491069154049375,5.824215870890752,6.896425786379042,6.229877848446534,6.808959117732815,5.524611977882548,5.677271392682544
15.189650976093612,14.250727657441004,13.831987299832294,13.694967629507998,11.61300516091191,9.63230211958952,10.561590455657456,11.423861913875443,10.887348525457435,18.90594351493032,17.584197737486214,18.341720540379765,19.552447089371928,18.733699937661797,15.255830525174948,14.818045775910432,10.0122877609994,8.716585056541225,8.37107211930479,6.974925673386261,6.9847361488451725,8.336048097780841,10.14986732058401,9.20523675960111,9.275209614107887,7.49397081420152,7.301834949939048,6.306824700941759,4.90718617094827,5.947913037041904,6.337997388242414,6.564853459655505,7.3428517545518694,7.708277762818643
14.303116248427772,13.349589799151934,13.934483018635781,10.280774045251071,10.45410361748221,11.400512579910748,14.696814385194788,4.658952739599272,11.618361298259476,11.038681800312615,17.071086596493007,19.044538181479208,21.239445065561892,6.615024462958542,14.256017872221149,5.18763845326218,8.820740019101827,9.7992577270478,9.95756826303313,6.699084208438739,3.31613980537258,6.740591749010871,8.552808617841,9.050460797260117,8.160876144812736,9.055361012712488,7.7182217435619975,5.319179054383423,4.429815487075554,4.357316184320728,5.938473821163923,5.789207660103494,7.06715661561098,7.986376488961298
13.216940982066912,12.77873323019421,13.459340644528913,10.864322265932824,8.864421499275837,8.718520324335426,6.1433868655770425,13.152254239304837,11.807698466218547,13.682296590036163,14.283142607003523,18.353727590899922,22.53308835875238,13.824251344834973,7.8100811808060495,8.067067578830654,3.975542876917844,5.486139687530307,6.627665160283586,8.590308039233998,4.688455525722881,3.081510342778824,6.055743672553084,7.541590712501482,7.619652887848758,6.990764803592701,7.023597530615398,5.055321314069652,3.060401337563187,3.9271660841972165,6.384111422089875,6.608243942312814,7.411165644008247,8.25552562669767
12.58314743221125,10.836370989145605,10.738781296595443,9.748979813211491,8.019998874632387,7.176500207822139,10.314681858774803,12.888274384095897,12.244395315344388,14.158919807653065,17.999095433548632,21.657408550903067,14.674418357593845,13.287541878103475,13.69310141580076,11.9532092282226,10.671589215678052,3.2711817238087315,4.332618863097701,5.821795610863096,7.875413325826204,3.496875999318832,2.697123820557685,4.845975709998778,7.639264680590826,5.760109411305699,6.8347769029443635,5.822754581055918,6.478784938518015,3.2669406166698125,4.028915752091182,4.856166628796091,6.145089298918492,6.953467284073365
11.491678377987624,9.629039447428301,8.679711539920998,8.139122239815766,5.257243270782326,7.934028285851902,13.745581941771862,10.364780556006034,6.584591085383537,13.251768168410257,18.80133959991608,26.223393805840175,11.559901400898653,8.537605770666405,7.369039653405412,8.775116197929075,9.276176598976713,9.851882142330696,5.73509612259025,4.127475333932681,5.966232982727958,6.0742580128785315,4.214244658828992,3.392817507213069,4.901255799831175,4.502710719626202,5.948930166319096,6.136626009201408,6.36111604149801,5.6228715653116375,3.318296776147211,3.8781954698029777,5.317540982474538,6.4055593140116915
11.371710880507784,10.915119861522252,10.221555253027182,9.089859324558947,7.187654117170272,7.906517732757028,11.237009055854747,8.721683782754054,17.365522574370342,18.067044962365348,18.951889190072347,17.797199473480898,12.593829256414386,16.445710903363363,9.809150140339526,9.015409302790147,8.946592422202395,9.112103975697387,12.402966254758981,6.275420834313447,5.241942280876234,7.192634120670861,5.356669742665527,4.296113034381862,4.1408400566916095,3.6496630930732294,5.087377462379887,5.230195916125511,5.037037960131922,5.181197747088764,4.7657018222493,4.067388797734206,5.1259201556214595,5.079520563578453
11.214753336420578,11.440444226955892,11.306794496286011,9.36304826437674,7.607927790173148,6.011238458948158,14.173634700826563,13.596722822293664,13.294240927902136,19.88330593467255,18.534176514294966,18.231303190299016,18.261399369816154,12.789998342506115,11.530243046435013,10.348123043371741,11.039807642617088,8.803276870256044,10.259408748470886,12.15817795682216,9.712650960052125,7.283050156453022,5.292242552559618,5.714913853158239,5.18114050742968,3.6313029860556734,4.0318926180077375,4.239400468430669,4.65926695451027,4.7577749211278695,5.527195504823837,5.615348216191169,4.943810285212003,4.265977990439827
13.789086221692559,13.120798084242015,11.903256285276324,10.266614650398422,7.737805715238697,6.767568135670917,4.855422015416242,20.951357168049615,19.694562824341975,21.334253727248043,21.74591959556438,21.660705450140618,9.303954216774544,24.124995028521344,9.319741303856414,11.454263858175155,11.014315869894046,10.458073249421293,10.793627112258173,10.747172528125667,10.69791348688618,7.547291050927153,6.37404803988312,4.247368533073749,3.554127857328925,3.7926269909270642,4.396371420643245,3.8431831940971466,3.655272165665307,4.346602758467915,5.531902368562068,5.922435985376686,6.614101134044081,5.959133940578291
14.75616436427658,12.806885337036732,11.296138284199294,9.284684805554543,7.677428279337223,7.7004359807177165,4.2313192579570815,18.5816278406971,22.40973902713274,20.0781995945622,22.135864132962727,19.343432449239433,17.399195020094005,8.049303689319961,9.419041301944059,11.026265921020622,10.25376411203777,10.917925416102955,11.466062389377845,11.873541419619613,11.324751998247777,4.504413098511475,6.83183367442759,5.806877095879204,4.876598319287117,3.2615559963022442,3.426903466748253,5.284269705256077,3.721361155798086,5.72417521363861,5.52166601574167,5.854142520520584,5.038439822925709,6.659500610407009
13.381287853998874,11.941254259893665,10.531372716166764,8.740660294265254,6.4226002807673765,6.8876235853885825,5.83816368215906,15.160825611365638,19.042149936703762,13.545863315200268,21.045346735705294,20.467034050986257,10.410487682432205,15.655686111825359,9.35379682494106,11.989021262074331,9.910083820781937,10.15450122746927,12.023029334286285,13.432724311483621,10.932523555388086,8.360367747966324,3.7441470995210437,3.1963375165433665,5.703995550322978,5.205099710705368,3.9765725492772117,4.062423205792501,5.604960274753057,5.328973097841322,5.64146086259955,6.166583832862373,5.502719811789661,4.587817319455184
12.477035704255211,10.574041578710029,9.407091102026135,8.15634116243581,5.993939912108084,5.099900064352634,8.625311880012868,11.137810787595107,20.525696911134208,18.199994735303857,10.17497041314518,14.052574433443198,16.699820462922347,14.439384693214308,11.488502999493416,9.798267432611862,12.056832444646494,11.71409540502932,10.760398169419865,12.413708192786794,11.202495472443438,10.860212616422457,8.200268557646892,6.949979282598504,5.776739349208999,6.193210039894749,2.2674344989955175,4.2433728974874585,4.873865528338659,5.443396806958244,5.2897489450342405,5.982273691625229,5.061986680486049,3.2018111902731263
9.461505359003095,8.427574236592548,7.906084691276865,7.73521750197052,6.0935037364734255,5.227735473291314,5.39846695054012,8.021222627351491,15.002139587395106,12.159765488735951,12.300573808459198,6.094140527003606,11.397552556375036,7.267133778936803,10.495566774940116,10.536826510071561,10.026734305533715,12.571474606637164,13.425654879279143,12.505628439588866,12.323117507697601,10.402518914073621,9.889151046152387,10.687884407250348,9.176175402215163,4.733407785963692,2.797836607191045,3.6651894968235403,3.9650464288770366,5.074015149593431,6.433032295641945,5.948899779643064,5.582915831008867,1.945973033856975
5.751241639487633,6.526178855423291,8.442984142506175,7.175414030692212,6.425491189391933,4.805253348472743,4.272762483492133,10.607320808181877,12.510910051605238,10.65454922917888,11.373474488438342,9.284764627813153,12.002118766086248,10.036290507218906,7.944619905122681,8.730707688300523,11.490089835282353,11.824965336916486,14.114521346885365,13.913861747831804,12.716648067682323,11.522657673408208,9.63479846710286,10.534977477022872,9.289349243139236,7.492988201026352,4.917866902570024,3.2957975596325446,4.265958577680124,5.044636361327615,7.17344310085878,6.423111975467886,4.946867386107495,4.037614137947714
