script/wind100m.json
{"header": {"parameterCategory": 2, "parameterNumber": 3, "lo1": 3.000054539987559, "la1": 64.9999836372058, "dx": 0.5, "dy": 0.25, "nx": 34, "ny": 52, "refTime": "2025-12-09T23:00:00.000Z"}, "data":
[rows 0 to 24 of 52, columns 0 to 33 of 34]
-4.6037639390631755,-4.055961375045814,-4.3171431594810645,-5.139016555306516,-4.533858940910405,-4.170280218921907,-3.2467215812715664,-2.7682519184526297,-2.4399387465750317,-2.1272133179303587,-1.3519664251094667,-0.5782201290624203,-0.902504795810134,0.01730432813957197,-0.16697462670668378,0.3889075571329011,1.978123128783903,5.6345485617563815,3.569662277573394,3.527316090987363,1.9825033765611177,3.6849235400475258,0.4250408582579589,2.959355192647801,1.634336786200798,0.1400976786919116,0.9922313092150609,0.2698572539809556,1.9279590327311016,0.7931445600323961,0.5340493391842844,-0.008788948058483462,0.8508190205429305,1.8412704010504612
-2.5740666011975524,-1.3945179232725216,-2.0559842822973717,-3.658360986691102,-3.5989447839008055,-2.3679591142894205,-2.3182086979037075,-1.0902911503394692,-1.2032919355150515,-1.9449350569800843,-0.9506101662343726,-0.2455437960674759,-0.979553082865978,-0.31078452499421416,-0.6161521046559029,0.4745885350949258,4.683225923185532,3.961338446665259,3.2016936074080506,4.1244018776352505,3.378996521402985,1.8129040982076752,3.3567215743308063,-0.6938472540606556,-0.8660985300895686,0.4622588403969015,1.5759069095063793,1.8371686805903507,2.446073901269675,0.6759537294215292,0.907445761751458,1.4765022713015417,1.6380241189691571,1.1733041181468413
-1.886496126984581,-2.2626753582948416,-2.5621681961584977,-2.0880331119391977,-1.5193518236663939,-1.7005234178950388,-2.265876060209,-2.449266219886255,-1.715815448985309,-1.7085688855290402,-1.657170399338673,-1.7654780171155964,-1.5892142706076486,-2.6183804777694792,5.18403141916574,2.3707124602960343,1.416713736510884,4.150662253253493,-0.18119971874210894,4.874001483009167,2.779522318278226,1.3219150365673635,1.6908240548448277,-0.8152262656674633,-0.9781230002020092,-0.6476620113527503,0.36236466712499327,-0.6410326834211425,2.47523790597658,1.569731182275881,1.9331414943493526,3.2239493739284444,2.261502935315774,1.3002527891857274
-1.1644336846354475,-1.5875473857370117,-2.0280857220843123,-1.8443119955369949,-2.384602269965253,-2.663269081227963,-2.7619817902550916,-2.011888000618688,-1.52348099628894,-1.6100870763558766,-1.4325379886687986,-1.5052320331977944,-2.1107034380606593,4.152775200618614,4.506132477858492,3.9169688222229744,0.965326674400945,5.303841786071496,3.547127671900205,1.4010536025631823,3.324747771173376,1.7080245349947014,0.10190856345712453,0.6916340028584912,0.2998772109920906,1.235413590496471,-0.7167208689163991,2.163237562065069,2.0793053094553993,1.1711333886663238,0.39801344933597826,1.2318541587571203,1.3129231695296426,1.22886501237123
-2.4396194629077415,-2.523448935789641,-2.5699882880736236,-2.4041149361500724,-2.173317245500312,-1.8185257522003695,-1.2737465520168418,-1.4389695255776207,-1.4334047745876626,-1.1418249071482736,-0.3775599723731884,2.7993072709547815,4.478804983387972,4.692474915606282,4.6851123702916135,6.26030638578357,4.5806866943454,-0.2705637124242879,1.4919324365856121,2.0274006371547175,2.54758925763937,0.7468744117176297,0.9259874276020169,0.9079973004923132,0.86992823643406,1.2831792197492784,1.2524968638020286,1.5587858338184462,0.6257434649007344,1.5679459843408767,-0.6495920655355011,-0.30584700031023393,0.557150326239256,0.5683713612597658
-2.1549003489377556,-2.3888562580993056,-2.2478500976428832,-1.9308560287999237,-1.7728765197024332,-1.4314785448360028,-1.3265639095379511,-1.1208901327291796,-0.7524929568646683,-0.8205381851543855,-0.5422975730679925,-0.2930554253256456,1.9086905327325627,3.374051327552977,0.9535687399187878,2.9607694152774364,-0.5424729299800181,2.883163851495837,3.3010363759085513,3.009935556321426,2.5044019425179522,0.7256648243570785,-0.30536457633907693,-0.5046224014000311,3.118493464756665,2.210675349019718,1.787483350598463,0.1857429966224858,0.9826751975555009,-1.1077461439424097,-0.8508279452129189,-0.03880778325388028,-0.1079852561549735,-0.5095956967969417
-1.5952607082419448,-1.7995272580195958,-1.9364155590738041,-2.1790917346824563,-2.217460813226878,-1.8272006008814816,-1.9895156785216994,-2.4070769849525484,-2.847982178997506,-2.681438820246714,-3.1404962740084814,0.7395237775425062,-2.4355875402844287,4.563576353008833,-0.28389804793593365,-1.145985204014167,1.815084935834705,5.691264619851771,5.192180234456849,2.918635416632403,1.8710806347197988,-0.6804583196675066,-0.6986844681689164,0.3607926807363535,0.5702768939432707,2.0162918937432823,0.5957450167073659,0.8713712195763336,-0.5215031776216907,-1.7043812658474675,-2.3664014303045353,-0.07207468766290558,-1.050449914864032,1.156906729427086
-1.8521947150584543,-2.0965106204032895,-2.2102483181538215,-2.2818610371747865,-2.6755195822471216,-3.2020643975487535,-3.122806860941067,-3.7240535104617636,-3.927971743337278,-3.328554034364693,-3.050696490455615,1.5146293275532559,-2.2483119098853663,0.17937273288444355,3.307823927769569,5.229368176634727,1.7398705809375314,9.242102163257607,9.553675452453442,1.1316473342251907,1.2977235118664756,2.161274053578538,0.11779952665303865,1.5562319549528172,-0.05995868403465945,1.5464382227172062,-0.5741717238877746,-1.0937877154891433,-0.18936754961331861,-1.5924303700210722,-1.8292313796001607,-0.911370709213742,0.05319651038867265,3.762625995801688
-1.7501097286399332,-1.9630014784961793,-2.4142135140897296,-2.772010405848281,-3.4592789334565555,-3.9375525686231607,-4.236155783400104,-4.497638522152717,-2.9702595222042127,0.34074967470845774,1.9522252567142053,-2.97154032777755,-0.6543774229137553,7.731008294888361,16.26763586866589,2.317602741812102,8.995788186614423,15.344929564607854,7.143694535392269,6.422229898980217,10.647857692700853,5.684648309364684,3.438355583021713,1.3495431917336576,0.6374284175301659,1.3516580242745246,0.572327572337654,-0.545245953130705,0.6348074677821416,-0.500086505734508,-2.8469551340853214,-2.2082697939714966,1.9643721897640334,4.3733575312948325
-1.6140078840517091,-2.0498686394009713,-2.449435453805666,-3.1988025407778182,-3.9663374005850933,-4.567492321144335,-4.590530144982832,-3.269835086401646,3.1258831738642243,-4.68680610761401,-5.6112350812628815,6.21510802651145,8.051599847800766,10.72830253997026,11.753572854458847,17.03343531737011,6.673109277236726,10.075729433227842,3.8835767150143234,3.908784475035079,6.557525508830121,3.033426156877008,0.7265952981264515,2.7041653132259147,1.5767885197371425,0.3988283764551667,0.10895201850826572,-2.2306202956654797,-3.0962969558881506,-3.7131112998925095,-2.600936030413542,-1.690974577413865,3.431262840886067,4.832618404836785
-1.3935913423485244,-1.7959136675757008,-2.449582955332138,-3.198596387523198,-3.766955160507657,-4.458934045986035,-2.225063695100802,-1.569949453348861,4.941329347672717,2.971088962256793,13.779464021606131,13.405090973397714,10.05397229224157,3.2698080114156887,10.879275477235478,8.21425810609207,7.243931361127923,5.876105450109265,6.114389360258902,3.3342897031422614,6.000198284663813,0.6154393526628716,2.4470524472761213,1.3911300928513641,2.0457706972410787,2.5256785278439176,-0.6623434422326087,-0.32155890636939727,-1.7956341738783368,-2.993263802603643,-2.155859953694507,-0.36551340812655164,3.72649808928073,4.95303952190462
-2.0324436069300615,-2.4318474680472777,-2.959756933819206,-3.1913545875605625,-2.0893350235440384,0.681458529366887,1.8386130079930576,5.831809464191953,1.5606134520426074,14.855782370551537,0.7241504846412956,7.149389334043545,8.805537830790453,0.14055493272846323,7.118859498459382,7.898890107762963,11.113458707030192,13.063426741533082,9.26043916023625,9.357640305115813,8.069375575651886,2.131682111118561,1.3341283332483864,3.418514331891094,1.5108911095546091,1.363161104445209,1.2538903242030093,0.23362145596948716,-1.1084561849657353,-2.5155222927380976,-2.700108463157132,0.3311956305979708,3.119336033096832,4.016284815155816
-1.1430478497755956,-1.284166073586903,-2.268375472104362,-2.173095886445827,3.0591747355336083,3.005070161130362,2.7988391415362583,-2.9993103462561783,10.976213998854677,1.1778060626489653,2.7037670774248,9.523299392073833,12.337054597568713,16.708948668129928,12.655582262507764,16.277945463953092,9.02876906757561,4.945129467348979,3.7143304488259012,2.476904491886001,5.263984768410352,6.473747936516632,3.925678376543108,1.0284987954555989,1.8534695961029295,0.7669007929835376,1.4735347829463237,0.010972737781297117,-0.2193715197416248,-3.120720008092692,-0.6490745421252186,-0.571362719380753,2.2480042141988728,2.9477327452372126
1.0922086727196334,0.4545384677183407,0.9179403562537043,1.915194190771832,4.644979984337928,11.120320561602078,11.232630811354692,-5.988068194598808,17.551106856604072,13.173313307004086,12.91676025937339,7.317401723029238,5.016295175280116,3.803856580891145,7.071922871934106,4.779513584378644,8.92650785302264,2.605914515223428,7.495235448628249,6.894117395575671,1.5100115125490743,7.45439178226372,6.5774423479076995,7.167745231830537,2.8405046305907,3.996100021714643,1.8496446705230822,1.5311987787830075,-1.7022442828153392,-2.219115343654787,-2.3427710543369034,0.8472089743706165,2.815467852841824,3.4585452803719843
1.3862462308921535,1.9009675923613871,2.0454630953638,3.213375324079809,4.827541528411554,3.848295418311798,-0.06206078388031384,15.421882847475981,4.014842705699957,-0.29157370327994264,1.4749439327491802,1.220225493223278,6.035505215771221,8.58737498035991,8.463180407770972,7.227121268303488,6.611785586731762,5.5007831955718025,5.082901051295039,3.707424381571937,3.1017528739617775,4.651889775730384,3.5546564337454263,5.3831360124577055,2.904808258700451,1.8363193190358584,-0.32049894058798195,0.01802440939007064,-2.2243144553807395,-2.5440196779481856,-0.5112743052631594,2.7861407825555156,4.47335184724516,2.626924305230113
4.603732138049151,3.423191388169432,3.5691755018337936,3.118812251301843,2.762903648016252,2.1329426119478008,3.8423663027834984,0.7700948211485873,-1.6541495728345714,-4.501779551489365,4.20352626575258,8.999715057447384,3.172213788518065,5.4441159627344815,2.3167897341287658,4.8214721742013875,7.169310996351717,2.88981184969513,4.046052836889315,1.7489740740033821,7.076878690032681,3.1480115047832276,-0.5575535066777146,2.335131965113568,2.2179591203246027,2.684942628922489,2.575028783785677,-1.3139442907603849,-1.8635850376569625,0.47263861211476055,0.9372975079428968,1.5858299971714682,3.2877826400672316,0.9384795829249865
7.280355931990974,3.8321007007318064,1.9022590139992663,-0.16637263573789968,2.0414565883452336,7.019058099708493,9.094819818039952,12.308053622489298,7.478704042415608,21.203392073960543,10.827681681804139,6.708891511841887,1.893990582683565,1.7470334945700379,1.0295320080008934,1.5411766653107628,3.8495904532869005,3.0534624364247067,2.8682632238223187,0.6560482357878771,3.045723692932075,4.218125348327231,3.0152969972871992,1.1932472762513415,3.790303691757155,1.7502532272541864,2.850857695909065,1.5012503534188881,0.49809438172057136,1.0803183714860944,1.804013498884198,4.287769855161054,2.747680694898816,0.8132656492988778
12.385765192285586,9.727256903507968,8.401439226897613,3.306137827653794,3.7002933879458313,1.8275314382844225,8.617216602801552,4.993086335209598,12.850375593222878,8.094085681029549,4.1142339190734765,2.6189502485354685,3.6939123523150132,2.1257129855139083,3.885156250451658,1.851367482863638,-0.327839157897138,1.3795142448431075,4.998937056370183,4.786039507568163,4.781182624434069,1.5955747948798629,2.729304821285928,4.126116544539864,4.056755364272103,1.992633138065279,2.0430328676697456,1.9182216716075549,1.5934557330182755,1.1432282403817051,2.1965120628496466,2.207178887150188,3.1648456866130883,0.9300945476464748
15.91784747798278,15.043169801757644,13.003700262362882,7.584828665809112,3.4731752326465473,3.313162121825388,7.472702305401314,6.170189526149549,1.011733069826633,1.1749120575934746,-2.573478969120103,3.3982945626382843,4.554255375899857,4.978581530145087,1.885062605618981,1.5380143557703125,2.216231104049271,3.3474364273282813,0.7252051922659662,2.839828922338813,3.070557953483136,4.618950570270287,2.1694809378105147,2.4358955378784657,3.6363274063281406,2.837293380141074,4.08106417816065,2.5499001349639134,3.25353095815321,2.670330570365882,2.5186471547882747,3.7211472624902946,3.411086210204807,0.8082628085203368
18.874676166948802,18.918265568647612,16.135521574662608,12.774239848548795,6.8809120494065805,4.443750980895773,-4.033354503317251,13.349566129236656,15.381088240407097,6.426936630862632,8.531764049258882,7.00239583128311,2.6352733058113014,7.853439316131897,1.4400379942613526,6.334035621063845,-0.5010712816930573,0.811590860703078,1.1786865800428334,2.512235035160713,2.651308402166671,3.485023645960918,4.735742019146812,4.038360818221199,1.626508359709885,3.0172359521422667,3.154662201083515,3.1467042748378034,4.472008550744264,3.66978590074593,2.2855255662413643,3.216052892925003,3.1984545700898668,0.32598711433324884
18.094261975724148,19.90221507088293,19.29190657082652,14.982715497068899,10.573626436888524,11.00199128676604,10.903401040183454,7.048672796212935,17.35637433662243,9.158497154684724,8.491787378726269,3.8457493805192144,1.6859320698504014,0.0100868294492213,-1.679327036084739,-0.9812472757101937,-2.5582418468537598,2.0543168890643595,1.346943643015187,2.046118222616595,2.3178918724728574,2.6449228725180967,3.7491346803700005,2.5854183981432857,3.7588651154145682,4.1901574253440605,3.3885314008645437,4.5781565252866185,3.8867922373805213,3.874933267505151,4.416316698964422,5.417795019711929,3.2846721737307445,-0.37888434703232865
19.74322743589607,19.60227489953413,19.85858075424144,16.699925289051414,10.845058319700158,5.827338495303567,1.4397568224491262,3.4755208147898706,8.630447473811975,1.845338420961775,4.757071536610261,5.4824353223134255,3.3308513550838015,1.2827245738448807,0.6438816561018451,-3.9473918742882734,-0.1960406976051854,2.246752088734959,0.6414673246961543,1.8511308111481124,1.521410032154799,3.3312826319863267,2.618081941737145,2.6548704019553075,2.967046007356492,3.1465911275576364,3.3813967118649044,4.093909926500535,3.522558700732125,3.3099559320807193,2.9698832962267976,3.2838970895535167,2.4680670585223408,0.3391013577605095
19.215312225318883,19.564596763917333,19.050813192805865,18.15047557653926,14.047307370931465,8.530181719069423,7.531350824413481,9.186395720644004,11.116149382537007,8.822775706938824,2.105293660931657,4.39896439834849,3.3851765369802416,1.869725512117736,-1.745253798613402,-3.1772890868601467,2.243789742968875,3.0600240286355347,1.59722447787242,1.0604191716931544,1.2696545438073834,1.5078835887439117,2.0590931844119758,2.205661400865223,1.475910010711004,3.0442647168871417,3.7145007311368596,3.787527105148492,3.9256393709182396,3.4616393238402994,2.5477880841329603,2.028170703007973,0.8151722472652984,-0.18637224686409865
18.426887288349413,18.75117806417521,19.372836057346547,19.86114671686981,14.22873516654871,6.848693019563874,7.222023510397343,14.14018852525892,6.888540541545149,3.1400038629683698,-2.2623219095817086,-0.008734568727353566,0.3369453454540828,-1.9018937379121157,-4.863336609470588,-2.9118413716064158,0.14767646388733421,3.2258197602108956,2.674541601897288,1.9737406792471777,0.4535825345639536,2.006028287514938,3.5269814795437644,3.6624656187344464,1.37679611374084,1.2300238222989883,2.754214461587474,3.8522861925153493,3.745073225595907,3.731299413626007,2.777188625264318,1.1495561131057948,0.7127621391105402,0.18324106577771174
18.6414081686652,18.45280244842829,18.116447385326325,18.846847740726336,17.501922599762988,12.409674478590157,8.758673546318029,20.60067837811708,7.245829245114442,-0.19958362667940555,1.9251434417427242,-1.1687668925291776,-3.9352422896898176,-3.027275455107555,-5.6526089877026555,1.0616166057833407,3.5327843047643634,3.719861193535436,2.4564381027833697,0.5910379651296733,3.5752705774678737,5.348227405678429,5.119970258648334,5.734501543615456,4.514640305675863,5.245128336140886,3.944171513988309,1.8429808135868684,3.263785353243776,3.442032549245602,2.7563563623664864,2.1969275054233752,1.027383761878255,-0.4325099008056166
