script/wind150m.json
{"header": {"parameterCategory": 2, "parameterNumber": 2, "lo1": 6.000198445256149, "la1": 58.999992894266676, "dx": 0.5, "dy": 0.25, "nx": 22, "ny": 24, "refTime": "2024-01-23T17:00:00.000Z"}, "data":
[rows 0 to 23 of 24, columns 0 to 21 of 22]
7.805842128486349,11.519019774420533,5.235032675194383,7.70564619172693,10.688829590977338,7.5503205089099295,10.308369635977193,16.234516266061412,9.690773785406957,6.228160208521059,12.081710287850846,12.888101631406274,7.339199616573119,10.997107920003335,11.876643222978533,9.024689783614122,12.923613748497484,-3.3280176403571904,11.446601141301848,14.122476668084138,14.6675498326419,21.18995964597747
12.610195193266591,8.108559870474162,3.252522560258962,15.564844353129155,1.5668170303950582,7.614475788858992,16.68433360688403,12.097535556931444,10.492646491130532,11.648220027836501,14.576774323711488,2.647632311995443,3.972240801540688,5.8919217044988645,21.630643647525975,5.093395609213045,11.296990429334853,8.148578503301367,10.172177431119334,10.87185692016078,10.239783344213226,11.928128526905818
11.699616972979221,6.4648060246158074,9.809373877759509,11.050349952957891,7.282086753795758,11.947210725128356,10.749690249597423,12.585942084385392,9.757397065052656,12.956394087214717,7.308748359841079,1.7590523291579858,9.850702575110756,6.313337818899391,5.458413373557671,10.099887824996822,8.909553513097256,8.43842992457896,0.2531695928843216,2.607916492117811,18.615696801283796,10.672157210765981
15.926957165577386,11.508869113836154,12.490167605121876,8.697843972183714,8.274089048286253,8.66078320228323,11.110698083451338,14.83425941085441,9.993429837259661,9.909857864733485,9.180282171415366,14.811080426553742,13.272570105501163,12.904062475678344,7.473511114673303,10.109645727460263,9.792875216488602,6.98494735600435,7.649142149632037,9.70319983073208,15.489754647469786,18.520673727528152
10.869098599454436,9.789294312586126,13.91318650618293,5.957282315816034,8.863344825108175,12.05231164725279,15.974443839270045,10.371932537936253,22.690200337916437,6.371021789547672,15.397854560611284,14.18081901724052,6.098918473585393,12.99138374712401,12.102893226534492,10.34156817830971,9.8730242534257,5.752030950663923,10.964588419640863,12.663443844482568,2.786808610016733,11.877739773327026
11.56849103368217,17.153482134336592,13.431611473731412,9.679101373888809,6.764087030553467,4.9228810581729885,13.373234986429697,9.16129836325936,9.847457210180016,9.984083233395262,8.57249782574106,10.43665011504744,9.865089614225244,20.574517025519533,10.109908538030144,22.206019091355348,22.158367855260764,7.8659924506186085,8.740458146631008,12.85852762635894,10.759449483316253,16.75374363468598
11.251097377471055,7.757893135707368,7.024132105342027,9.983692944594118,9.30889137776119,15.741444805891444,4.382162191870781,3.630685036623698,4.25743351488645,3.2912779701154453,10.86615672618953,13.078507816423663,7.751846020813777,14.830707666012833,5.3592869279672435,3.5297213443225774,12.475666599267086,6.700734879757554,9.269095514541767,7.765467838063095,9.66882359614573,7.1902598654020125
14.578921363210384,16.012809469441663,14.340047687789879,8.77943040030839,11.09192306158467,14.830775694406992,9.976183676906734,13.04602602044601,8.229719627985851,8.635354511291249,5.366800370029994,10.164581894502668,9.69074066909456,14.38468416061539,10.14528441964108,8.260040862727589,11.79769304251104,8.846714420352658,14.89960987187348,6.651023872496633,5.605382578067252,7.925556169879607
7.293634926674014,10.796936077114866,11.773785687028269,12.723117911725307,18.184975985361024,3.9990931016052857,5.789854006605112,11.568077076373287,3.5415431633941172,4.226540250005934,9.6737205327857,8.799360982884588,10.651739662250241,9.254344721230254,9.985562983065062,11.01682594104921,8.758545351364774,15.40960417934073,6.386004952868447,9.374239912795115,8.217528235422614,14.816645723583223
11.653149047556557,9.977249891507132,11.561889666197683,7.008180617599818,7.323151312138644,11.712001634434612,11.280055214601235,16.39793087241249,20.35926916925179,20.29134027946829,13.17795363801059,8.015263399277567,11.235026630814868,9.342021483247986,4.8200260681465865,9.853352453872546,12.250422343718295,10.704351214274414,19.407354322415365,13.79955174579067,10.187706380077293,4.161372441980377
10.865520688440016,18.4975826683751,10.0527016551596,3.39952660041365,12.574019383926537,16.26803002850238,11.36665472889159,18.589496529277156,4.787272746880278,11.63851291688433,9.38672271530873,9.093793584737108,13.052374279234833,5.619177719700534,4.8918577700513275,16.124790813599326,7.621073527339581,18.194295171422958,9.713164075684576,7.436421605299965,13.519140589785628,10.61238924667686
7.544603967717903,13.172404900726804,11.119659450266957,12.470028419668356,11.020352293336456,7.877663629362211,8.007437760189438,20.54430019319685,9.559604821529144,10.716082434124425,11.465138631988582,10.431576846397816,10.323868113718676,8.06963575960186,16.50741365634592,10.87669154212921,7.107542911785886,18.952188544233152,6.080003446259448,5.590637273748064,4.860952205576821,6.591201931127945
17.859273127694358,11.624460463199236,5.725483121342201,5.724217789060365,16.91941319427774,12.117376104691449,1.205914335561948,6.920057202161781,12.095585070323265,10.617740763013877,16.69496845741808,15.87167362191719,9.378050738678013,9.946056327027518,7.158029226018536,6.7656117694458775,13.589462997962304,5.942974649358855,9.403802750595245,7.784605769732268,11.324298537282674,7.110476678725647
7.754512111784253,9.236254985284654,4.875710301718177,12.850847913890894,11.591541277129881,6.718276299561766,2.8294662368883463,6.235474725588372,10.523545904651018,4.600464994047128,10.761404169406243,14.020524510734752,6.85777499542923,7.032095417884438,13.322547038983341,11.26478344098644,4.7320867572383865,12.643257868159678,5.170320433425912,16.00191080588891,2.9674891893031683,20.6836488195149
17.856799346776615,12.53906156445825,3.7931376718792813,21.11589226041109,10.670186409937502,5.55987118333844,11.407923820143246,8.142486617918932,10.47151184935837,21.272080463181837,10.221115084383879,3.1074306634983744,7.153321161674406,9.038506271827936,12.255479596594258,14.33831950018334,9.65858352802683,12.437885968829786,12.437652687914545,-0.8319232852162666,5.664477114996969,18.451737032273588
8.145885353906076,4.270968838592148,8.088411097715062,3.86034420383966,13.118743616244045,17.76646218960246,10.85841209411928,10.065441287493865,9.834985773040344,7.3509766146131215,5.9721514675654594,14.43196374936928,16.03071227309135,6.77925899851821,7.903234151284484,12.711169504350538,10.396443572096688,8.638798598625181,15.480519797880365,10.509641179619573,9.84618362905514,14.167772964965621
4.574463535537532,15.488811410153318,6.991654936686562,-0.3176273272937386,12.395424151228463,8.13143819163583,10.341484907226176,11.380015871952427,9.982538052571357,21.084770140409017,12.511776170586005,4.747367727585205,12.678348062720264,11.19498767585202,13.120947021082824,10.991827322252115,10.168637813976208,16.513081907714565,6.891983384698631,5.472234617555446,13.543927734810817,7.11850415853786
5.785122651202909,18.418555629833538,4.822442136661046,9.202505320886704,12.59948327596262,20.532600968041745,12.317844187355611,9.784251734981233,14.050845439534791,10.227731426067152,4.537746902363468,8.75562788934195,5.691904695632211,12.62092538124041,10.160182670491626,11.408355443302879,9.998848911617069,14.561398421916286,20.415822745848946,6.754564456498444,3.592122198258302,4.879270255135109
9.943864713981851,6.747611926351939,10.249177195953447,16.59995341823298,7.387104164181689,8.875794110621404,5.429697787893416,15.408301653778109,10.354962275839519,13.34751109077812,7.629796257736761,9.205098059472771,13.0238282954647,7.552268076142755,10.478547952595575,13.752608315706135,6.672855587621336,10.25243432439286,14.555300793502335,10.924883792854418,6.159690352796873,6.657404924737656
5.691753415451585,9.568225643586414,18.64916913202114,6.9714283692150385,7.591356969308,12.351568508123682,10.440932545911492,10.108242588465762,22.475562797822956,17.729698613426187,13.675506714671194,9.816632533970248,14.908778391410992,12.222017418875819,11.654842357338046,8.225355635885261,16.85794483087885,10.57473023411943,10.392048777197395,6.974715460689744,9.975415390491316,9.254472656024225
13.634296509571465,11.865143035306247,4.98451411200393,14.145991798382196,11.889040456054834,13.113201627957373,11.7865206741238,6.019165048803963,4.089410581310797,10.309864387703795,11.184543558412638,11.828477559857236,6.637654176754235,14.885405483036372,10.165276015246754,4.043448298482661,12.621559729347302,20.56878796507786,8.23271702134971,10.74965269872483,14.980221687543997,8.328792444344732
10.869254795644832,21.28332092743007,11.150780823193243,10.941217013927904,20.906858176766118,10.362425139847,7.194756581832014,17.520950513402397,14.521559015494011,0.7742975647268392,9.427672328757586,9.203253711603868,11.398285209120472,14.413035562410203,13.217079566320212,4.154247449926858,4.844542017308228,-1.3253356566846355,5.42557172452366,9.14146797601246,4.652177395201199,12.909143657936252
15.95431482770495,11.886929317732752,12.674344858607906,15.639846706402198,9.846183666035024,10.167310306349641,10.620477314339118,12.555540122482928,20.808952386143847,11.750603855254202,12.513764424812452,9.026738333480017,11.207418503910276,12.985689703488017,9.360103466800194,8.050009394759826,4.279179953735147,13.759061303612434,9.924696922978818,9.007517873472736,8.119420671943763,11.13854544150382
7.044078637823133,12.127021430870291,14.874773463909555,10.983831061516083,7.433671154144719,11.871374958879494,8.89035499107504,10.101220608528012,10.890510447475085,20.67452364312089,13.407307294548685,10.399531200003409,16.786206217800967,12.124426534969658,15.282629476140693,9.385431565840614,16.428861438668225,14.595406239670549,5.784200237519157,10.57050498962805,3.8417566359165867,6.690125876211322
