script/wind100m.json
[{"header": {"parameterCategory": 2, "parameterNumber": 2, "lo1": 6.000198445256149, "la1": 58.999992894266676, "dx": 0.5, "dy": 0.25, "nx": 22, "ny": 24, "refTime": "2024-03-22T11:00:00.000Z"}, "data": [8.608946508774185, 7.841733396023, 9.989101744083165, 11.810963478466027, 11.917143191244929, 8.345685099304259, 13.252573607499192, 8.3806859481546, 5.817630108875116, 6.353641620388954, 9.135395598107944, 13.717249070132768, 7.331215818256782, 12.630306939115798, 9.237278095655006, 6.374771851033732, 6.460570799250308, 13.49701098589699, 5.143570171262332, 5.187162337997962, 14.608209098636884, 8.48051208619456, 9.428819290852323, 7.943322588341373, 5.563114848120143, 10.273871920826178, 8.36459356953603, 11.945111523331965, 12.881585700908484, 8.17333360492747, 13.4569279301942, 12.665620717572498, 7.856253809340996, 10.56128143886252, 10.154487697686934, 9.535333351201954, 13.37742215604798, 12.60045985042774, 8.481084407538601, 3.8463120110556352, 14.766615376412517, 9.066048777791554, 12.632966336846566, 7.883235408796042, 6.272460486253139, 10.194036048543978, 13.581568113553683, 6.281500440014422, 5.327325597680872, 11.592483578886636, 5.529972472689674, 8.378844582197507, 5.37724633278016, 7.818820784208735, 7.025913363743886, 15.196043110508374, 11.48628173692641, 6.963329479079652, 13.14015493981237, 8.502079135110996, 9.757056944669605, 9.46430650611099, 8.394500071664915, 11.740765882907663, 9.295625130649649, 12.907653478557911, 15.109366443353071, 13.656630400454082, 10.614553286551029, 5.798778643248387, 6.956621269309353, 12.46196459074881, 10.598706842253739, 12.736751781624434, 12.717422234232851, 12.886864833387133, 13.165849523787772, 8.078344702907813, 12.491333748156329, 11.300197023842848, 9.41717062414687, 8.032366445786709, 8.857946903477309, 7.158565148301559, 10.475391429725251, 8.84992784255266, 4.424034717363674, 9.392299755584972, 12.89619093645352, 9.358183548724485, 6.728467576563411, 9.458722110042999, 12.959414641415385, 10.213232713587493, 12.449455602707582, 7.759321163429451, 8.51168029330671, 11.305495813641894, 11.324844726052051, 12.13027644788581, 11.848631828622144, 9.9224629096988, 12.659023614506431, 13.900787796939845, 7.966472098043533, 8.97188204767007, 11.415366817041129, 6.895199250170187, 13.073346816356027, 10.356754057671425, 14.659069974958157, 9.373819341267819, 12.83301064241531, 12.38147341198864, 9.27180765838196, 10.915710592660323, 5.144854844847695, 12.063970181047116, 8.127562893677979, 11.013846840194425, 9.81936577957438, 7.670625111913193, 11.450743124765038, 8.76634821817597, 13.709866281046493, 11.108492848161598, 9.520497941641715, 13.06013890696569, 10.07762433446, 11.059011355591586, 8.678958930173646, 9.555491473467344, 9.131235897912305, 11.55076194232197, 8.122776354733107, 12.943859414347592, 11.221913660593838, 11.2051895146696, 11.091082659451768, 10.935830672803421, 6.156531649389418, 5.752546792964374, 11.883301007261451, 5.94688116417497, 4.719731771687539, 8.191166622733645, 13.21200428333121, 13.591214885127156, 9.928787229845708, 8.023291870771597, 12.903541500167018, 12.680063733190387, 13.605038949020056, 12.251406412988237, 13.913314723677942, 9.65409233340801, 8.139214972539033, 9.808545074187053, 7.259456342326609, 7.397581680214871, 12.21146528109601, 5.371294363360143, 12.165100969461808, 7.094354880901903, 8.044155696811353, 8.521860913388053, 8.080531327832192, 12.804797055593193, 8.236781502347561, 8.693546997769733, 8.26950928626643, 5.3371830792304475, 12.174533669640878, 9.333334335542222, 13.13732722277317, 5.0131288477084555, 14.35584097209161, 9.450770088824127, 11.56049102521786, 12.866365831385071, 6.715615446374068, 8.647282724171502, 5.31568233354882, 8.388275485216443, 7.933542714107939, 7.968220988134123, 12.464620668307667, 5.564501413191394, 9.363580701031692, 8.137041699061555, 12.342345385933234, 7.621667462202266, 10.999233950833565, 6.615621822729366, 13.78043500908027, 10.070116146259364, 7.534824152859275, 8.401417619218728, 7.615091600020822, 12.216654131580619, 11.781201904024982, 7.305607245898333, 13.825428867392622, 11.88787409796025, 8.367675177559246, 8.951317891246786, 14.252727270184472, 12.65485790775709, 6.3395641371731175, 14.136843678090399, 8.50948535177416, 12.507038383944774, 13.482258002228113, 14.393416812818868, 9.490180790106228, 8.768175747920337, 8.510282926551179, 14.005025270670284, 8.095504932318754, 7.953211176650198, 10.300132167816784, 8.950002598554878, 8.708949537816196, 12.802593962885332, 7.283091138027529, 14.538078428744978, 12.520964805285445, 14.832831785564707, 8.475873401055214, 12.467134445199346, 6.386103290011976, 6.474442900904937, 9.98353571351034, 10.577417211796782, 7.560259878217107, 9.339998968401838, 12.945005370699311, 9.753320133755448, 7.812817933640792, 5.731383150151946, 13.827008024025007, 7.849235586410873, 8.95100333987875, 8.609553422332828, 8.940111099915356, 11.137823764350378, 12.398867321168543, 12.43631534869789, 9.042064399948012, 9.143703113866254, 13.80189240877118, 12.385954111470603, 6.158850222628116, 6.952452679440396, 8.528083011368855, 10.277807437067514, 7.649707152368137, 7.981453854532524, 9.870458114881226, 9.451682585623399, 9.951431336668106, 8.43210380358294, 13.883661460822218, 11.606283470934205, 12.441414286300967, 12.364769303984392, 10.383042947515964, 8.344986329097402, 9.834131894867525, 13.126477910162578, 8.492060999691192, 7.078005672720389, 12.342359630025221, 11.127314926133073, 7.839539402660568, 14.021753903515902, 8.604239866922708, 8.667700530481776, 8.336813837639554, 8.680817948266581, 12.285334882384767, 13.096025836898226, 10.812824530022972, 11.118316250348686, 12.668325022067084, 8.633410367197756, 7.309980247496813, 12.291931462758498, 12.792812922268778, 7.847040419832415, 6.307451274015262, 9.012030782573687, 11.643926446313442, 9.287398787241452, 13.085761233227528, 12.77105321974906, 8.309822469191158, 8.13761009667142, 12.750847153154766, 6.919357699475665, 10.116832680374056, 13.868865511139019, 13.33378077905021, 11.934073583773396, 7.94271005843513, 7.907635532562029, 11.983143393527202, 8.04226635521453, 10.632305101280307, 6.607081957379233, 11.195380368193426, 10.29167904417487, 9.135918400340248, 14.01979480548696, 4.672074199948057, 5.403828699689392, 11.908315069756608, 9.404288159894959, 6.49634972370472, 12.801429317181398, 13.36068501035398, 11.831716282494599, 10.26481499237718, 11.305165967790513, 11.026808993104241, 9.959304979022264, 9.245933947292606, 8.507101953821193, 8.11205330818576, 12.673672489682376, 9.380426535433214, 12.94141148596921, 9.16294012086721, 9.547527372115999, 10.841051213817805, 10.720232311347793, 6.658971349930016, 7.435963074149756, 9.959246688059576, 8.067257365510796, 12.573590870771426, 10.029995421369247, 5.914485363588636, 12.20623086054718, 8.961254600506185, 12.92215903431713, 8.03781990959565, 11.017747981350926, 12.932952506320918, 6.946970502580096, 8.124004425781209, 12.794291535494112, 13.144247836919888, 10.533150005627002, 10.753255622299076, 7.995222667257875, 12.357998831547434, 8.806973390165437, 8.583870775440902, 8.574462391600454, 11.38139350817451, 9.25114788796987, 7.104305548973833, 14.040509332914237, 11.400692905072411, 11.845010392836786, 9.943593470438033, 7.651185502854648, 10.426236303139989, 11.898222342041013, 12.600062463708264, 4.43934401120654, 5.162470061182592, 12.160468246814851, 7.702029227328439, 9.001348357846469, 6.361320029977623, 11.986219594791034, 8.05528312281494, 12.729056949028124, 7.860105456622826, 7.374322178091287, 8.546708284556415, 9.5916202072967, 5.715056003319739, 6.199301945757545, 12.286045476264166, 13.007774931174179, 12.36516251693116, 12.17115967080505, 4.86223740688661, 6.684476163111473, 7.209343143133097, 14.632643686897449, 9.768077288157425, 12.446430738032479, 13.127914533870632, 12.965584288885356, 11.987353516403893, 7.950727344776075, 8.589816499342165, 11.576060952248495, 9.303729765600417, 11.630296914969032, 11.984751042645044, 13.800614471433294, 9.822977702549688, 12.964306927408495, 6.98078723070735, 9.25295311673489, 7.603549902184836, 12.325951994512778, 11.253846892221864, 12.94030550195035, 8.872451424030528, 12.199014811976202, 7.96395564635158, 9.730492367498174, 15.434049743408703, 9.890428547178178, 12.370124568107295, 12.181232795845382, 11.251328238197138, 7.549818997728997, 9.915829714731041, 7.5330675196873695, 13.45884898600856, 12.458481054961107, 12.516476000227339, 10.29933346196688, 7.289610441611891, 7.721005947790972, 8.98255777853787, 12.071302830805243, 9.304794013701432, 5.331959066680369, 13.078688631529483, 7.035068176222191, 12.416382318072541, 11.893168415124231, 8.268206838649487, 9.349516187560903, 14.98469769567757, 7.751261146934475, 8.206559049815532, 8.126738468060232, 6.507908738015668, 7.834486919563515, 9.825693037863392, 4.961083097729297, 6.043628963548194, 4.605785212255294, 4.66690101509275, 6.705572711105496, 11.433267003949485, 11.795007488957433, 7.426814679633804, 14.251615127986762, 10.76452687648375, 7.352810071936963, 11.880347204851459, 9.838750378744157, 6.977783352481728, 11.319099620667004, 13.394090878159945, 4.526146447866973, 8.202022129797175, 10.869112425148236, 13.803258316102477, 12.070640054596312, 9.882153074193509, 8.118776852601647, 8.21392519600906, 9.78929877257915, 13.256901697421219, 8.207469049539231, 12.597221180278922, 7.679816756401195, 8.387622992080397, 6.81073629021904, 8.167344712609172, 6.475215721496931, 5.6296711698981285, 12.311572673781106, 11.82811802838016, 6.614551691053538, 8.862844736020687, 11.118599924438152, 5.057497561041193, 6.564485546691996, 12.780885377566477, 8.99348273728723, 10.11765170120593, 5.954154984463024, 12.610817324665192, 7.887244193879125, 12.607064831802036, 10.62606447755749, 15.240281923045503, 11.439471312762345, 12.512056195567787, 10.741299396646115, 8.658960692504804, 8.011292250304326, 7.2093355734126385, 8.192986737602075, 12.760513222031694, 10.830166222406826, 8.604656717484215, 9.88802304076268, 6.988477692934474, 13.136342515672942, 13.810397701597049, 10.68768994544218, 11.818636467805655, 9.492245674313535, 9.30129666883445, 8.951806487807167, 8.350257926775644, 12.623881702517531, 8.408621097275605, 10.658858036875042, 12.261571892708643, 10.736771306495916, 12.983766279700433, 12.80153190298568, 7.859035556002311, 8.614237157510887]}, {"header": {"parameterCategory": 2, "parameterNumber": 3, "lo1": 6.000198445256149, "la1": 58.999992894266676, "dx": 0.5, "dy": 0.25, "nx": 22, "ny": 24, "refTime": "2024-03-22T11:00:00.000Z"}, "data": [2.7972465110510827, 4.0955298578163175, 3.4640192799946883, 1.9051048766978511, 1.011843144727269, 4.688781934463454, 0.39385310913662464, 3.224516229635879, 3.873815356004773, 3.905790668593556, 2.8172719760467695, 6.413322185967129, 4.526920705070135, 9.608661952607967, 5.422063430121933, 3.924956691257665, 3.107692680652059, 8.931981247736413, 4.276116664712422, 5.813977188953326, 7.850830943491447, 3.3008485273831156, 1.9486742670921453, 2.9248308744979994, 4.218616698894814, 4.7317329951750535, 2.462800024592523, 0.6463312630594613, 0.9837266205948503, 1.4872693926719143, -0.3216764450298298, 1.0122496201420534, 2.5309015113430013, 0.08325769088148946, 6.598597828374625, 4.296915079248999, 8.619738214189095, 0.2003861637583731, 2.242072503043514, 5.842428690356761, 1.5735339435941291, 5.623771260302582, -0.23257188697252573, 3.169253782054796, 4.914142017145514, 4.374365516390532, -1.6409383216105016, 4.223867494031813, 3.919034854993357, 0.22458927008273516, 4.91638797913792, 5.0722114751399525, 6.836135623494568, 2.2256354045833993, 4.671035153668304, 3.0390309644271136, 8.371361407622043, 3.747392314619997, 2.904749721484379, 3.947454889821501, 3.004842196477219, 3.3284505826264796, 7.134567718322136, 8.748652208907759, 4.436583829624859, 9.372418720543857, 2.128798675685894, 8.697942948176772, 3.4107179732751387, 5.503999713571361, 4.575733447816897, 0.9823343696163066, 3.6211211007128727, 1.1623899896629, 4.290450722266118, -0.36357247222733824, 0.29858503532118363, 0.9767938661320054, -0.4175314741883713, 1.2749366208958886, 5.785363143169244, 3.9030936564207095, 0.7718156316536172, 3.8480459314414865, 7.221642285950863, 4.051726776197812, 6.132202382996051, -0.16321324603039764, 7.602365978836667, 0.11385824271313826, 3.743958331214995, 2.62952031557427, 0.04030255590239937, 2.9510775999482735, 6.3373093584660385, 7.060039774343218, 1.8152863450084038, 5.873705268266008, 5.457730229090688, 8.560792167715329, 1.6096037779101464, -0.19848545915933627, 9.53302798514735, 0.22593749203746458, 2.4500626035934836, 2.3680026408652077, 6.554223575321388, 3.6766963396653574, 0.3375838880278588, 1.146410148405224, 8.156380374107078, 1.3947827908505424, 0.571994367125842, 0.3368477336937517, 2.1302771689480298, 2.590245073396204, 5.808155932530925, 10.802686933789362, 4.248192703117843, 2.4107592415740045, 3.5136017988265102, 4.517718468996208, 5.911357780018775, 2.3522364055618974, 6.946282924036417, 0.363702771478307, 7.371308075042491, 7.369667189736483, 0.027899771641404794, 2.9990159092286035, 1.0099445477482711, 1.2934884278140313, 2.6519379321559495, 7.06919305638633, 5.918608157022244, 0.5540935819216495, 4.1979020268500244, 2.1107013785190696, 0.5734748449803968, 2.752582752564475, 3.8387428180479684, 6.198741554021308, -0.7047496244845153, 3.0556942923739667, 6.075234189708954, 3.4895189283603427, 4.7086692677542965, 8.220834665818039, 4.706998845772046, 2.7678017032267994, 0.49508568030065575, 6.943643228437464, -0.512022342960537, 6.358103212103879, 8.308721260275743, 5.386063655622786, 1.4498456427660011, 0.9448654862127847, 0.9313383887610326, 4.043833472542047, -0.5737016445744711, 6.130790870889627, 3.741999150946541, 4.075174065150699, 5.928247794809159, 2.744112341880542, -0.19606304180388012, 9.230125969434543, 4.242038589876953, 3.8666307631270818, 1.0740463694922218, 4.415962587709231, -0.52548255092531, 1.3964739845576069, -0.16754381431969007, 5.029332625657604, 7.614652226489104, 2.2062839400409517, 8.295974032746932, 0.16761132448220992, 2.839761384552708, 0.0440225979009722, 6.046601590106035, 4.854840316185112, 3.031760602217176, 0.20592060354072822, 0.2211796640424824, 3.9568862178585045, 2.5625382885348245, 3.748204074108538, 5.549496142169939, 3.9373326269827498, 5.149882567022044, 3.4445536691959453, 7.030112974429862, 5.5068442398211435, 2.660608356734949, 1.98249464532258, 3.868982629119521, -0.15032565974431036, -0.4184362370623667, 4.124505131990418, 2.9229347619550463, 9.342847073192083, 4.245948866950069, 3.748959190625929, 8.417861570608979, 0.21480954921106024, 3.9590042730000743, 3.7166561775940465, 3.2461340551637403, 6.411912610218082, 0.6564834213645794, -0.1991818382423149, 1.3910371318868961, 5.530598881015762, 3.185266793694633, 6.90891295647087, 3.6122637812916363, 2.8264171876423814, 0.4582438733568656, 2.983945471963361, 4.445680642449976, 9.083939442324205, 4.095211643072797, 7.766798038270911, -0.9750284875914366, 4.4419968681377116, 1.768498840910135, -0.3382470848862993, 4.07065715169713, 6.117056507545116, 5.502247397639457, 0.11102377747048982, 4.029289795834258, 1.6700992746661136, -0.07876934386434917, 0.5667824088722279, 2.902205016047059, 5.698448873335784, 6.905869912796764, 3.19448731480572, 0.6181763995523026, 4.221859859100296, 1.9222741343615697, 5.227016696795818, -0.8511742297419492, 4.25253577829612, 3.001968729587076, 4.598084442085428, 7.71770958857401, 8.975913367039249, 4.706927454601225, 4.272939997491325, 3.027796104323665, -0.058390613055007104, 3.7848406387311924, 3.612817661829648, 4.231605751880869, 2.714266003148266, 3.0472250877662157, 4.442798631244405, 9.708760072460876, 1.2943726604070358, 8.162920508687332, -0.7532812839300544, 2.9807859153959275, 4.270014918938236, 1.7319311597600866, 7.339332808365707, 7.235557670249003, 4.125686208302437, 8.655640923458288, 7.198827269632573, 2.551160402920618, 3.5318177012728516, 2.712766016821635, 2.2951331340674432, 3.568411171633286, 0.042384715071074906, 8.162215152400405, 9.666247547651569, 3.9153458094215914, 4.403547594260805, -1.0297458300141475, 4.228664393388515, 4.314674597279304, 7.93029577246375, 8.852471558069276, 2.986450341359126, 4.328659334367138, 3.172391413380334, 1.2648720507158364, 6.5616059306805905, 6.748630971044992, 9.033649499411913, 3.7997676597319185, 3.1366240191491404, 1.178259442163587, 3.4259269575517988, 5.761784501593535, 0.1175002392676682, 9.150131606694764, 9.681833806112026, 2.5569032638967832, 7.838805166798514, 3.1885478429534193, 1.8447990858983963, 3.7174978269760093, 3.786853690892674, 3.0985445351111562, 4.264255750949013, 4.824113030631645, 2.133358914693132, 6.224852813907451, 4.143244911002458, -0.9554079353017881, 1.0967830891854577, 4.8961818753090585, 9.558071898050583, 6.517051343490106, 3.5302624496267483, 5.464000735396162, 6.013650316038929, 6.409448795220684, 0.9919635415310523, 7.381104133593328, 4.680804364028658, 4.410218254038185, 0.12106302017722437, 3.1284390515055556, 0.6230202038735133, 4.238312940624158, 3.474030853181167, 2.1937564630394926, -0.2195698245038078, 4.146390013517345, 4.3859415723523805, 6.285773846408129, 2.3784423575257136, 0.03493154453536194, 0.9423868588171317, 4.171381562437553, 8.497355210495067, 4.869391448415795, -0.10745138827846613, 2.4327819867254696, 4.7719691817790375, -0.049802440429967246, 3.0721381351784363, 2.7667359435785905, 3.7476675392126015, 1.812061226387822, 2.132779443704609, 0.8180151528276108, 5.250621010687204, 4.329279016791839, 4.184110141448631, 3.660353848002689, 3.679041181497261, 1.7927996730055125, 1.8371971476589666, 4.435644640046673, 3.7528836241424863, 1.5167488724123195, -0.8512566165490675, 1.1879647549187335, 2.8703581693649496, 0.5107189840429968, 2.3732705863257624, 1.3780606647217442, 5.177079094054551, 3.8964044882697055, 0.4372124613703856, -0.024647546667895568, 1.5641397105468002, 4.143315473914123, -0.1846147352090054, 1.6505264929649905, 6.6541282344233705, 2.407530201546411, 4.2017271303332056, 5.42264132189515, 5.0564159232908965, 3.9668123403823063, 3.5202823166139683, 4.19791570063859, 8.88686368630157, 0.0684092889633463, 4.259858632064181, 6.471427089325209, 4.105086764338102, 2.1054550949980775, 2.3699239661715965, 0.9281464932166885, 8.006713656225763, -0.5110189165839087, 0.10384870224848426, -0.8692709578021034, 1.7014984823136574, 3.9089597837791925, 1.3160835306828362, 5.537593904184316, 1.5049909631346778, 10.205186447562822, 7.411588688293365, 4.287074892698078, 0.3488985738399938, 4.325713877282955, 3.1664872696177833, 2.5773235044721394, 8.043531476357165, 3.7582205404824878, 3.860807329075654, 5.228456674548994, -0.4831721202432219, 3.1514102846743066, 0.9626876886703797, 2.0920764920888937, 4.932943291255294, 5.496784869585143, 3.284430040751623, 5.903009867479027, 3.742361450104771, 4.298340372442242, 1.0955449380598914, 2.7550153852384445, 1.4707468414778, 1.314221806265127, 4.66472832386017, 4.294404827059719, 3.4061117287462883, 3.929245428748604, 6.344549022169935, 1.3475533796168235, 6.140534580179541, 0.3773974536214236, 2.1754815355985238, 0.44614449676507806, 5.030941271026762, 5.713413623166256, 5.2701289884735125, 2.041362962689889, 1.4626698169657024, 4.13504043567067, 3.8220596863533944, 4.4371592689062185, 2.9374172274111654, 1.573049966557789, 5.529515680618332, 3.8403388980242124, 5.37167224489543, 4.635884103982015, 3.8512160510932647, 2.8181990547661333, 7.857522506807739, 5.676541558928039, 6.854429303476497, 2.763866085008782, 4.133728121031385, 1.5406226009384623, -0.04196580277081572, 5.392493662889261, 0.7659026860640042, 2.8159877626044234, 5.296680982231662, 2.428912386168086, 6.033892271622209, 8.397448095151233, 3.2894112825840103, 8.457606435415864, 5.061758720277354, 4.0352785453789375, 5.530114124900238, 7.352572268714049, 2.2737365755880488, 9.089580887916972, 1.6424415441903633, 4.3669783157410516, 3.8837002410596355, 0.6089623332531501, 3.450784533394665, 4.366659758514738, -0.8942923497213091, 10.431488601782936, 3.0371643839861564, 6.072101200344444, 0.8409672574180038, 5.7387168471009185, 4.660984823690905, 7.206708042219515, 4.263614826673981, 4.327395281886615, 6.06530762611487, 3.8452860859135556, 6.298054328930836, 5.000408759033724, 6.796163390081683, 6.624317541452557, -0.08863324442590102, 0.06406287806205292, 0.5553050000554903, 5.477341797203541, 3.6370948973658312, 4.294234397046687, 4.256117727077206, -0.42376466138309626, 4.692112104103155, 4.212051737759163, 4.086227825546843, 3.8057940358833147, 8.931423655891463, 9.520520385262373, 6.2141396291746185, 7.130899778083817, 0.6995687296098586, 1.9493579467920168, 2.9662099506959634, 3.6909100002464243, 8.82359594470053, 1.6159356494812815, 5.743804184028254, 2.2887653961394547, 4.099365740042674, 0.4928406919872633, 0.05995502634500734, 2.4403175645760333, 2.605236990797402]}]