script/wind100m.json
{"header": {"parameterCategory": 2, "parameterNumber": 2, "lo1": 3.000054539987559, "la1": 64.9999836372058, "dx": 0.5, "dy": 0.25, "nx": 34, "ny": 52, "refTime": "2026-02-04T16:00:00.000Z"}, "data":
[rows 0 to 23 of 52, columns 0 to 33 of 34]
-5.442836412533632,-6.107689317517915,-5.4611653376041245,-5.2464470039142785,-4.925596131519478,-5.126396182062688,-5.005867563478547,-5.0690893974299795,-5.638460229381709,-5.341192257391505,-4.832934656597483,-3.9938119608119274,-2.784188314095661,-2.816429874522426,-4.342351079155001,-4.865170148887204,-4.568138333603732,-4.65220841688619,-8.546340678804988,-2.366550018889231,-2.060083805641034,0.15041446826321322,-2.5163157314665554,2.2294864687510088,4.514065859152966,2.6862566694219243,0.4121923298494221,6.315261038571551,3.9151415268775875,5.433997850771045,5.513799652308019,5.360932170569946,6.98525179391879,7.374578187943945
-5.54062439772393,-5.1670028853680785,-5.755990853296689,-5.345963714369078,-4.954651089037144,-5.112171551233606,-4.91551028872554,-4.606039633905441,-5.03534830947725,-5.031641423755977,-4.539132509544339,-3.52428824574869,-3.044125186648103,-2.4259724217582144,-2.8868170698460323,-3.4268674392285443,-5.974930442056412,-4.441348102686607,-11.171138000449686,-2.847215774244659,-2.089042116265257,-3.051758168592572,-1.0171508893014907,0.7148335131966348,0.0010360393667113346,0.6431004111470819,4.052626005465153,-1.9215048910060277,2.938036210159294,12.355251457785482,3.2684990441769393,3.7380086965317028,3.276574519750133,8.6145829233646
-6.372804805461509,-5.609860849786061,-5.7469039545387375,-5.527406938985385,-5.0037396779308265,-4.901285002190343,-3.94392530720641,-3.767164935736415,-2.882379987686809,-2.915167641155051,-3.841963203031842,-4.001801051025202,-4.120621457468559,-2.6264179140042447,-1.5157205540490566,-2.4319921238381657,-7.709469134185528,-11.03264332330837,-7.598575982588562,-5.964303627815131,-4.126125046871017,-1.4628698875667985,-5.641926726107996,-0.5790506569036408,1.4442130030758693,-0.9454933228889852,-0.9370432508551674,3.27043840994706,4.570785508404132,7.005763115160865,11.85043234133154,7.561494787105356,2.590530832120839,5.889265975656374
-6.44322845998292,-5.686373270635781,-5.110417553028065,-5.366636230710027,-4.767968775715351,-3.887385965850795,-3.035630466014831,-2.031931139889219,-1.9996645535265647,-2.4788170323857823,-3.3469071497413916,-4.33802883034814,-4.114785596775114,-3.5180536236518036,-2.194364655377414,-4.842090321294093,-6.2967820856734535,-8.10412185736353,-5.577541880348253,-4.422679753516638,0.1659230745828593,-5.393490845926091,-0.32345164104287877,5.366888067597528,-1.2019269171118523,-1.7520393687093092,2.584016975672249,1.6805831436478917,3.637468535060736,4.478743982231117,5.73076866667863,11.784037282399133,7.023779954507326,6.841154796846591
-6.703297716921599,-6.261774025009907,-5.455193683582978,-4.654700013350803,-3.840106802918693,-3.341251049825755,-2.890202387869679,-3.77170182323168,-4.561284615750647,-4.133606248084259,-3.982749958793732,-3.5208258236567533,-5.1705368884314415,-5.359135780842995,-7.983324005371905,-8.403877131980838,-2.9027990925269243,-4.49607915326572,-2.897653734702891,-2.274871589161851,-0.46616263046631534,6.924291675297013,-1.2751907297719012,1.7495906342062846,3.5339145575513786,1.631487301510485,3.2813454732795724,0.3048285541004343,7.816308608134431,5.151854028976593,8.614641934163432,7.897729900257946,9.377870219989452,6.482721070944109
-6.436376780904218,-6.11473765226352,-5.552218571437987,-4.733410479916592,-4.13938113526298,-3.1426109771850865,-2.902388398079517,-3.245211674990521,-2.8295631407731934,-2.878121405020996,-3.2478634826509443,-4.273683362533017,-3.318884194717219,-8.100168314150595,-4.011338427055119,-3.54356745166777,-0.5386802002763033,-5.922218488252408,-2.807666836087293,-5.347281906844076,-6.638763599927646,-2.7464180235509352,3.582295474254187,0.07105403146981172,-0.633342262279985,1.4281259434058096,0.5503299420502467,0.7125912786968875,0.2304794839229013,6.39462612651512,7.944907200573005,1.8454274091415954,5.113486409778715,7.667446222008763
-5.5311210719455435,-5.134300778669763,-4.833801506165572,-4.394304650768718,-4.132366266456898,-3.268722802731621,-2.5936697119620815,-2.6072929430659957,-3.518168222081391,-3.77319008570723,-4.00864200985213,-3.89841189781654,-3.1459281785852498,-5.760955442452304,-5.160371081751685,-3.983187602591409,-2.7563975319802334,-6.166791519611376,-1.5984879473954197,-2.6699539087598856,-4.676909679009763,-2.6954595955107794,-1.930523006826927,-0.272789400348585,3.631922154995852,1.5209647150499948,7.062633961593099,0.7156051586599823,1.7268662332324622,7.267063184183145,5.181224989776691,5.927061580765066,7.976285225893529,3.1389602987230756
-5.077697225019202,-4.967671788807352,-5.150359799191028,-4.149495243657362,-3.5382712476885647,-3.8052620887777744,-3.5869409411400612,-3.094768104278241,-3.292275030263171,-4.007527721103387,-2.694777124939626,-1.7910414365217102,-1.0169297779061142,-1.9827018951740356,-4.269742183736355,-1.2699272343043215,-3.433356585619436,-1.442174716473505,3.3603397049700017,0.8592067128728393,0.47533731003857727,1.3104316892786827,-2.154920947625108,-1.0655036648016847,1.2850384161981427,1.7629087806222334,3.4459866152177026,8.790187801525756,0.352826864692493,3.407315806439789,8.91161329629494,2.5467860204126302,4.922383430330165,4.646803973176383
-4.386793455153342,-4.6310756102349036,-4.090462962764034,-4.058757925732514,-3.998646855894009,-3.2128850031835277,-3.065368219351492,-2.971261359013657,-3.035264860425251,-1.7798835003348825,-6.412533352716877,-3.002521064160342,-1.9892136731820214,-3.7619275962223133,-1.8753195625732992,-5.033156287167601,-7.783888458925266,6.469339350244707,-4.724988612721718,-1.6035492907567586,7.629228222308619,5.796558240300541,7.618721949053562,0.8199891585180938,4.535521994675623,3.8385376661406663,4.304725583643432,1.9829804759647662,3.793558676802512,2.2027115101669166,3.9561361172171714,2.6541345172228614,2.9486557859088287,3.800808632999171
-2.369506400577092,-2.2976523793498047,-2.682391993136869,-4.0816199498967105,-2.9212100671729018,-2.916264209780053,-3.7075549546587347,-1.1512608905479889,-6.830937072082293,-2.0505531352368815,-3.84672809499622,0.5161980222816072,-1.4815339830615408,2.676398721441666,-7.486866418835493,-0.6994558496199144,2.287329671967195,-3.41934020741952,-1.3874329912014058,1.0050291763584518,4.249247237295807,1.7711676194912571,4.40172514372869,5.112928574565493,1.418931406163952,4.348373919412824,6.038669167892647,6.9016157764546735,5.687838648050127,4.792902064677367,1.788819953979104,2.7717128773812867,3.776781765217594,4.218855790519363
-4.639233725521984,-3.0550434391528642,-2.4433032747424037,-4.277392353086481,-4.3412813352707875,-3.574795997595092,-2.451628266649774,-3.7404820541053794,-1.2631341455531324,0.8526824416812212,-0.6348406898620548,-7.272693414869462,0.3438012087246603,9.905972432929424,4.4924148017115515,-3.4335402196556086,3.498003064750713,-2.0101256796260816,-0.7247575520132786,0.14187817388618282,4.083010651768705,-0.65961471666397,6.558547037499971,0.7014968857747199,1.855834100960612,0.8056816038810551,1.605244022128534,4.959231332037643,4.1086307923421135,2.1889684364190587,3.2217446902317666,3.6505354879129737,3.8949329694225336,3.9283822026976734
-5.48444542596586,-5.056737089897502,-3.6769948060709683,-3.2175475954013755,-3.840808504236237,-3.9807430246192035,-0.8455956514303712,-4.5897000785991,0.045846942772166145,-10.933594330871166,-8.652349084831728,-5.7844234069802765,-5.898324571705044,4.6155045917482935,0.8893066239638832,-1.155926247626794,-0.9476921982206387,1.9518352805641215,1.39604340093288,1.1398844043920011,4.438244300026067,2.7101134543658176,-0.33297915498649294,6.021085919247014,1.4046478816348562,0.6016232501618604,3.0531277987505714,6.003205470735401,3.554769392855634,1.894046047918298,2.3440774032797256,2.806695759288696,2.9456415948951986,2.9109779380023806
-5.682867797828979,-6.353892017279587,-4.765269279692368,-2.592046457602899,-2.5908033745863235,-2.4524427194278244,0.22988815336718607,-3.2010933831715325,-10.50675376270035,-7.551673533145276,-9.16634456919251,-8.935329842384443,-2.1825299326924648,1.1467100697966666,-1.7436752188230924,1.9909376848753366,-1.5702092886885421,0.3457522895743611,-2.968050168653712,-0.8271023094223713,-0.008459597115453289,3.8832222096927436,4.101272981099473,1.056728477368233,2.1728005107651645,1.2711573247225625,0.8261621116242881,4.104409721127007,5.159687899976879,3.514358031628806,3.59041311787769,2.6795674936449014,2.2630534142580165,1.606477233973949
-5.402355422921235,-5.553106681892978,-5.962974213444896,-6.262947895496952,-3.94014701447071,-7.404181187607617,-6.570804378818072,3.2249229133207784,-13.2315082116253,-4.355085059166439,-3.7922604502815065,1.0131593207797054,-2.9718936234207405,-3.7984458196061617,0.4362336645162194,-0.7273969901302108,-0.5621350844805397,-1.4200812757701906,-0.9790309655688602,-0.6244060361901429,-1.6446148625707047,1.4762483889993536,2.1600450883120983,1.344265626002257,0.7464074393755656,3.9409637283581915,3.3009863844492875,4.163148813150807,4.226778928188597,3.119086668685482,3.489270196795466,2.0889282944256857,1.5363985912448523,0.8286188118470607
-3.8920768040475284,-4.145207836623345,-4.853487448931507,-5.180529181224581,-6.428565786716745,-11.453470093517248,-3.7897882300837438,-8.446746518220369,-7.675057104860253,-4.04902612075668,-7.621446092543284,-1.6184851268191585,0.28011335475183563,0.2046138445176545,-2.8210047777146037,-0.49790576193796016,0.39205044224156316,-2.7355092284439984,-2.271573185631907,-0.982921947440854,-1.0259274732229196,-1.2635453909165797,-0.5694378656563999,0.944259413543182,0.7441192780825449,2.431368272355357,2.3910519962851997,2.102492987718205,2.0683280009529215,0.9429203283882732,1.287189601443417,0.4276167971401959,-0.6564311693121896,-0.6220581552003134
-5.528040661275029,-3.8024925190251646,-3.9535347837293187,-5.9669439847503325,-5.134869464074429,-7.75519604866076,-7.839051149933856,1.3666784449348375,-4.455027220249918,-9.20665860048497,-10.991295398605716,-6.817882997324108,-3.633469216461663,-2.5024753224098557,-1.5387220445857672,-4.5821391354221435,-2.727226087338403,-6.434919529548868,-5.368241931832567,-3.1347005640844383,-3.0855971466290995,-2.743802880444871,-1.4737579398938656,-1.250850520075642,0.1331662217140381,-0.11154722988788052,-1.3166298706121022,2.70940954785337,0.9568633378057493,-2.1054655545409076,-1.7824806699232254,-1.6458968369448284,-1.884907678694622,-1.9723228484075788
-4.990588707907058,-5.910129637310612,-3.872535744553648,-3.900083895065748,-6.62797487679807,-12.370190137550447,-10.538677688421107,-10.779424381354351,-0.8937120538018846,-9.994964168500083,-9.847777462677605,-3.688476251562441,-0.638624343653486,-2.018328333907168,-1.024083631046167,0.3674944697069153,-5.620422357532886,-2.150101915790278,-4.336064393005355,-4.1730329134916815,-5.253342695267018,-4.287690601461238,-5.487209410164407,-2.9048725908998088,-2.383985636354053,-3.1408668584586836,-3.5886048688983836,-2.2512211294302458,-0.1583948482228229,-3.814873576112127,-4.059173338430577,-3.281948844964446,-3.262485318231904,-3.668859842955651
-5.210452331621145,-4.40387127769808,-4.667747208024371,-6.50394002418749,-4.221590173056033,-6.330022883416832,-9.448382338983258,1.3741624913192154,-12.956342064510947,-7.770058483705372,-3.829116452949574,-5.714017610956537,-3.2067988821363422,-3.4674519154184114,-3.6964825186352543,-4.428603221093999,-5.333373448486303,-4.134440611453135,-5.909973334627897,-5.9688271284527,-7.981173282692342,-3.3822367842686325,-5.0619523726134235,-4.6303522759314255,-2.9872356693849373,-4.596874590637446,-5.424660782995337,-1.6789943667525002,-0.821155523177889,-3.912294035861335,-4.2640592082214175,-3.8611897331589877,-3.501375434439201,-1.5106901883353607
-7.571182286091495,-5.68777273495982,-3.635345323024237,-5.10554831409557,-7.096358586455104,-4.8280794456567255,-10.446108318111659,-10.504240417727733,-16.96676797520148,-8.46726840761028,-7.617798532763045,-5.091909603958003,-3.841730204385918,-3.9902659812067625,-1.5413871317319714,-4.835927743206544,-3.5766718596071843,-4.4686480360315715,-2.6148995430048743,-5.072120494524719,-4.806982305515041,-7.226695033008776,-6.368487559257858,-7.221479177453179,-4.451038684025314,-2.9727286429545687,-3.6433513457412166,-2.3058493768621187,-1.5860752537901859,-2.3702881518249774,-5.149394476878986,-2.3455675898509583,-3.1790185760283,-4.060137688616452
-9.491691304778856,-7.960610730929364,-5.645244116635938,-3.888002470413704,-0.816317982805907,-3.9246971504406956,-2.1630513260062165,-5.34435797512645,-13.46583586653003,-10.256601348520322,-7.803320543550656,-7.683641010658959,-1.2377495617283585,-3.4872350768960385,-3.7247258935878436,-5.625596441306554,-3.764724720762229,-4.197846990491579,-3.470943106881578,-4.6511332242353145,-4.243820971648784,-5.41886741850868,-6.593893736420649,-4.344289924158321,-4.744172084349122,-3.671936906813419,-2.708640756834516,-2.1039414896393853,-1.9652137540433734,-0.9984571331348924,-2.446236109534425,-3.91452754261732,-5.020972587848515,-3.669626426573045
-11.552837437698782,-11.412776598287946,-7.574560270634373,-5.641965360346608,-3.211084488232387,-4.756021608494452,-13.546486599959195,2.3889529034106167,-14.011936861742896,-5.051825986457326,-11.354122334627577,-6.940460969308748,-6.277639635230714,-1.6135007682906712,-4.437073367046592,-5.336786689290405,-4.505468016916822,-3.8405855977715655,-4.45554804275682,-4.158799682735828,-4.424478491380701,-4.433158842849348,-5.6499289198668405,-5.97654864897192,-4.750059226587785,-5.663273092721668,-3.04080989225382,-3.186490643553176,-2.364694068523609,-2.0391927697896817,-4.574843001102146,-3.6962336192867604,-6.034850260261528,-5.34068213318741
-13.307903801602938,-11.40757458493063,-11.184253094534009,-7.617810983572703,-5.272195055150497,-8.7579092014927,-15.363336517909694,-17.895380648557406,-15.748962206022865,-4.801958717241425,-3.5530487446263144,-5.1816888611598495,1.1112613640338658,-2.8848387343940622,-5.757279109443031,-3.8601757214885306,-5.353942043000731,-4.681629455921731,-4.861341125853096,-4.371580030874508,-5.453704356019746,-3.2328638449185467,-4.555478104321622,-5.335230761652768,-6.046576022854247,-5.002450468702623,-5.300106758805199,-4.743055896031689,-4.364590315191236,-4.905576093738617,-4.829126345803543,-4.205796900317843,-5.42907487417804,-7.321248761741869
-14.792040465542476,-14.871557518608412,-11.135991394648803,-10.92851354166657,-9.414557447992738,-9.037697412839279,-21.033185861327013,-15.676210870992579,-12.44664436568357,-20.266626286426018,-3.8548346135788054,-9.08040475242051,-2.805777206296525,-5.351447231582062,-4.838021333885476,-5.018865479556546,-6.025756737161129,-7.769665653902891,-7.11282961500003,-7.0854284240605345,-5.896919993433069,-5.9059204738938025,-6.507467655960786,-6.8221743337065925,-6.940129328635595,-6.434769468509471,-5.551273144396502,-6.060373574909724,-5.078919448854127,-4.986207083860987,-5.019004962970812,-5.212998599661625,-7.095921441629803,-7.291178103208714
-17.99840262618518,-16.15497205587639,-13.969483781389107,-14.323760001759602,-10.092344951011928,-10.629330213223476,-6.028733621646059,-29.782255567247034,-20.333896806876044,-11.05100813487859,-2.518222932585697,-3.779624310266837,-3.2156970365881623,-4.361722458819404,-5.691458026853004,-7.021676353706355,-6.687921498356393,-9.03617794081245,-7.615312561769929,-8.206389062148986,-6.98362725358595,-8.099193959895802,-7.262750554826321,-7.1617025521558615,-7.311550766065558,-8.072145526540762,-6.9955326353670575,-5.955710491422589,-5.830579613999101,-5.44979591654805,-5.413275917354913,-5.198747749578954,-8.081802473751285,-8.110701864987865
