script/wind50m.json
{"header": {"parameterCategory": 2, "parameterNumber": 2, "lo1": 6.000198445256149, "la1": 58.999992894266676, "dx": 0.5, "dy": 0.25, "nx": 22, "ny": 24, "refTime": "2024-04-24T22:00:00.000Z"}, "data":
[rows 0 to 23 of 24, columns 0 to 21 of 22]
-3.829229651236428,-3.934709273392096,-2.3824491701196844,3.131485132083397,-2.3948811217399695,-3.3490076464674274,-6.642554120222295,-2.8040548830292598,0.13873506950799566,-5.83528998529566,-1.8983239539333665,-2.876340053735701,-0.37087253797517095,-3.0688091691734147,0.38499552456067215,-3.9039374015724557,-2.688075035288432,-2.0294630516285017,1.9067191799491514,3.6430451094124248,-0.4093958746956813,-0.6600598953917365
-4.077920810257803,0.6442140357253643,-3.7683291827513,2.5601529649948693,1.0151672081842138,-2.7701103113275267,-2.3535559124137277,-3.8375512888894976,-7.570662338638545,-4.762991147689489,-2.771349479805225,-3.32665035404491,0.8137289213032708,-3.8636293802352717,-0.3623900991478171,-4.062726532967002,-1.8697343503348318,2.0307077007832386,-2.275372707611161,-4.334151781426475,-3.85764364219356,-1.093280502273348
-0.846370412622827,-4.75704694584865,-3.681354316914272,3.0192687922088615,2.9767132516561117,-3.4393071502233012,-0.10300026848501,-3.2173083059484013,-0.44363305915969864,2.692465261977883,-5.263801314228847,0.4261404779715404,-2.7854917459698583,-5.694561254195245,0.0826694479414815,-2.6762726697783217,-0.10986499153018649,-1.2894453167527442,-1.164791930530002,-2.6761210070510706,0.7000008826309655,-0.4922011721744404
-0.8633792856961997,-4.349189392839955,-3.682961363711753,3.6271940987363323,-6.7106487773579895,-8.371301352589589,-5.183811802823848,-8.182067819839807,-7.314781874553082,-2.7574600913139182,-1.2244031876218158,-2.653074891110874,-3.6050118411973715,-2.3086711587128876,0.7621323044642495,-3.733114803333704,-5.3313510412010325,-0.6004684725044404,-3.2089659436681695,3.3150939137258093,3.994262761353214,1.8853523349029329
-3.4862124166172044,-2.513339922689514,-4.398525246350074,-3.386889312901675,-8.609815052364802,-4.291149123806418,-3.9088705647086313,1.2706127117791608,3.6117349683369113,-2.1393068815806866,-2.0697099816430136,-4.97423170831265,-3.7740008318244214,-0.18495672306141486,-3.124891893054448,-3.5919865056190883,0.3717042802988635,-3.199721533216276,-2.723105273555078,-4.848852099313386,0.828027387923552,-0.5539172918948663
-4.03241197968892,-0.9215154181894483,-4.098117806253468,-7.006848838738711,-3.170469498780365,-4.594225940728488,-5.2798211682389535,-2.806896669579701,-6.5694334918607336,-5.143455754415834,-1.5205723007372745,-1.286980696180855,1.210871489418876,-0.2718406538936572,-3.0928244037656945,-4.415791142887051,-0.08587427689330678,-1.7265773419181778,-1.5581713095351308,-0.6901958740601589,0.857354737604802,2.7443372435167146
-2.9470355353528457,-4.577227924755567,-2.885647137537967,-8.149034243963973,-1.9211808816090736,-3.649398407762871,-8.313911147317203,-4.608016392386543,0.2859257602234428,-3.168989499766792,-0.5832552200192093,0.5877085894243012,1.640492097650901,-2.3923606232432433,-2.885044360859231,-5.345901333424085,-1.1897720195001882,-4.669149772570497,0.7541442143453443,-2.5517932679011284,-2.8312765505714794,-0.2636097943173777
-4.295091086239142,-4.437908382371359,-1.993441239884645,-3.8910874798395105,1.0136863094911448,-8.440054351574663,-3.3064356394597505,1.4918878323218783,-5.904855203879842,-6.2274150895521885,-5.127577050866305,-5.4546585105514795,-2.5789556365186583,-4.237564899223562,-2.6632861763644455,-1.2864821316869643,-1.7631792119312115,1.2235371666102903,-0.9946328530779872,-3.0630794025664145,-2.0044849210425983,0.02708274166448444
-4.698948037046116,-2.280704936971926,-2.4396292129424264,-3.8548782924780753,-4.247747647431374,-4.335208147805033,-3.4986793638698566,-6.904529685607465,-1.0812503632215449,-1.5601140647165705,-1.4864808191109375,-3.7142792103802402,-3.7720364964028446,-2.3714703243605877,-4.169135975283215,-3.6183451176626713,-2.576017212180755,1.8439279871502072,-4.494677878252445,-1.2720595243461497,5.104677971383658,0.8067757464720714
-0.6510162550620654,-1.5943269182679727,-1.4138096839816414,-2.9799187810724006,-7.363022232910007,-2.571351379313137,-7.977274631473248,-4.852455763225719,-2.7363157585021467,-4.757885653665552,-3.1369891023263734,-0.9271349164786505,1.2860974474910347,-5.105953852492387,-3.692497207965291,-3.358280268354653,-1.7547283176755917,-2.171778991553907,2.2078075814479137,1.298699524675885,-1.5440156644066978,-0.12012489043709247
-3.982976584296181,-0.5201831154256351,-0.9255370795048428,-1.81117046227621,-3.465719301542866,-5.887727461897597,-2.1892079752725495,-4.6173934324004104,-0.6919978358873125,-2.786650695298989,-4.08753846434703,0.06398521399338093,1.0395356453872002,-2.652225768415799,-3.172235551266237,-4.755009150935353,-2.907365769117061,-1.8735339384086058,-1.7982253498213023,3.027347832939695,0.42328484536717403,-1.4531720188748083
-3.783765824636692,-1.6521122933556953,0.12122177903034356,1.346700629053117,-1.8145078865448467,-5.537903410651579,-0.5114286371632426,-4.931370175625622,-3.0293983593920752,-5.64974361724977,-1.0834914786519119,-3.87414137340752,-1.6506128876463881,-0.08968071650498283,-3.1002306256326992,-4.9479983996201975,-2.5635606641368214,-3.42964503232584,-2.7986114192950335,-0.6238652439831848,-3.6272065406238707,-0.12640630411878373
-4.295788055295111,-2.3768618528320853,0.6679744689008477,4.407130022309227,0.43390411341544105,-2.043064409339853,-8.425846556482492,1.267386976725312,-2.1596892943250685,-2.3198519686958696,-3.1077939058794075,-0.9504023576998787,-3.7694075169955754,-1.3895748292805254,-1.860713415140126,-3.941189976465617,-1.0506376411939478,-4.860042615937837,1.4969583299293139,-0.013257398959532934,-2.1257118919300746,-1.6024881769546442
-3.2498660599588054,-3.093955783843961,2.0204146538333387,4.68687579775315,2.721025221392119,0.25819514606309363,-2.2804549164471384,-5.0901365494202135,-3.357998278328148,-2.119780990945043,-4.675508783811817,-0.9764813335579434,-1.7797454177747865,-2.4680566849250343,-1.847628324510743,-3.931766357829148,-1.6821240608835006,-2.9075456240691984,1.3054771413171293,3.4488793242559077,-2.278640297989288,-1.2811674478522255
-1.8236263610086845,-1.7321327998528708,1.7353800710420153,-7.404756660230962,-7.268220277660679,-7.5766946383596965,2.9429514287186236,0.6154929814841861,-3.7429289965672297,-5.718546325944647,-0.966988077774685,-5.310106272143694,2.518710838952041,-3.7409757041408853,-1.2747263177709987,-5.0932988733367734,0.3428072346906469,-1.807597112628237,-0.9498268449091545,-2.934972587177157,-3.9943992970022992,-3.0283850204052007
-1.2387253011084274,-1.194228128593963,2.6838809052751107,0.16117730349397155,-7.255290306470306,-4.934821220909784,-7.275792677288769,-6.679978511316493,-3.7211859738460578,1.0847067013728904,-5.781516169868193,-3.723663540338582,-1.0734536614348231,-4.563515634921754,0.057770096828438276,-3.8148709236656444,-1.6488776243792107,-1.1178332447272916,-1.054294084243475,1.7339574183973654,0.27257008511691205,-0.7274596824148084
-3.1377476384100587,-0.10627136047231647,3.677830654608446,-3.4940278756856937,-1.3298227409975332,-3.732940223536404,-4.0487717071613805,-3.213585307059908,-3.2250268849624635,-5.28582871666261,-1.0019344723234025,-0.9218068525294011,-2.0718431609260026,-2.549646722785965,-0.015558454194682618,-3.987977432803986,-1.2826582871656234,0.6940698519639222,-0.9765353243995322,3.4860120608367637,-3.341455454854474,-1.8598760509246817
-3.0092589697608174,-1.3330006600849147,4.604113623017555,-2.624861820746755,0.9999176397892368,-5.437163315198088,1.2211309513786175,-5.028978289256746,-4.07640008980479,-2.0166904503308754,0.018817948443266893,-0.8813348552338592,-2.5476301939305057,-5.504106327094862,0.08532680739352441,-1.439337249755678,0.8527648290984811,-3.750992577578333,-1.3550683992129737,-4.501495424801903,1.092290405544104,-0.5926425676244613
-3.8001064014007926,-2.348345030372174,-3.9147407003679304,-2.3309762898404034,-4.332149813973321,-5.4877860275832475,-5.176828640502141,-3.7830998129266544,-3.5069347842970178,-2.2653036821794488,-5.198533517444892,-3.831304008637075,-2.6396976861327417,1.7994198653607822,-1.7364564727235599,-3.6806326295267597,-1.422196183811785,5.396134201539738,-0.7700519881790971,-0.45972270899145107,1.0504446968177032,2.4970190041891955
-0.79168663844342,-1.1192389191134473,-5.334967599154771,-1.5364419456016407,-7.504474396363963,-4.048312339171817,-2.4874941834723203,0.9141621544724239,-5.224945294277934,-4.75921950208525,-3.131923723797399,-0.8305193356693782,-0.2813652452008754,0.09370765146891166,-2.888688786828908,-2.915506871131383,-1.0242668669271953,0.8054696666124358,-3.211877734636224,3.7422377306222088,-2.3265961546365745,-1.5569080528680626
-2.2455300514994314,-0.3600505021468198,-4.859686768807372,2.5268237677079615,-4.993532171782586,-1.3574765884346547,-0.11755790032072426,-6.349324520326969,-3.683508977801731,0.41267144658185917,1.15125395025598,1.7810851514794221,-0.8383340309808716,-0.6865624217663613,-3.4246083683732027,-1.804098219858798,-3.610826375474177,-0.40882386192927705,-4.053627828050309,1.2358003676533502,0.8811612409467806,1.7624275907018614
-0.6044879324886522,-2.299019439395129,-5.089619807975522,4.017683825740798,-1.769244590931247,-8.062906568699798,-6.789428917398557,-3.504524729664175,-2.3902002019405897,-4.603314999785162,-3.5519359581894596,-1.76051051294367,-2.031735097615527,-2.178261552336898,-3.1457876553733395,-2.706256775245489,-2.886488778287992,-1.3246069183187734,-1.7443051660746058,-1.201007964505708,4.075708562629179,0.9334150907061614
-2.7837454073232335,-2.8323922996254667,-1.3324058668876324,-6.3842009834075135,0.6246986066031839,-4.708580190324826,-4.002927291623734,-5.176231650787452,-1.7988774673590682,0.5351586091308519,-2.521182404848905,-3.6988526605506644,-4.146905445812929,-2.54292873138157,-3.1710210954136984,-0.9363433596342207,-2.1062303022703333,-0.6690785813086362,-0.9564020709342848,-0.5119703234149184,-0.35125458320162634,-1.430601499218021
-1.0659087481052525,-3.3669158079830592,-2.2744848838748095,-3.1938659856477725,-5.9189853467446,-4.223792152072753,-3.9378431551818394,-4.317208040048409,-3.411373413767065,-5.065039922554067,-1.1181276317169033,-1.0518186205373277,-1.633922219298566,-2.3827031714880507,-3.3648280871707006,-1.073732573308145,-0.8236913146642888,-2.9781652182497975,-2.76775609058739,-4.637343785412723,3.5675358990124626,-0.36840731890543327
