script/wind250m.json
{"header": {"parameterCategory": 2, "parameterNumber": 3, "lo1": 6.000198445256149, "la1": 58.999992894266676, "dx": 0.5, "dy": 0.25, "nx": 22, "ny": 24, "refTime": "2024-04-09T10:00:00.000Z"}, "data":
[rows 0 to 23 of 24, columns 0 to 21 of 22]
12.050052863700744,2.4922605877645774,3.057719953390597,0.07627546308468881,9.328223770590233,6.934130712189133,11.781749593806948,2.996656463084312,7.200190740133813,0.7556206281583838,5.826558599524525,8.645631258588619,5.124348043194723,5.350961859962991,-1.5322282682368389,14.085962015615216,6.8449198593461436,2.8419164790263,6.354109823177971,12.232507449648796,6.54176868869692,0.6546082304629561
-4.041230588104412,5.357939306243867,3.707223832745253,0.21673274301356332,3.8256538623820413,1.5269240827327342,11.942606627272912,1.3655100917369187,4.66427266396508,2.975309181955415,10.1777690237961,3.5045313928008572,3.879662713420602,2.4986689995012568,2.390928020021071,-2.06498330368246,1.683640969182924,13.067551790039554,12.189966526518113,0.2636285911431539,11.416459572338171,0.731289218909788
9.117149899980145,4.224354525119067,4.994565731902862,12.166646235862391,11.52639234434653,1.1829014405686764,0.9104021641933056,1.564095039800067,2.6178798569256676,9.247516632216472,6.118286810479291,4.879775216521858,3.206008426795288,7.076545771591925,-0.1735610570428195,1.444746578670536,4.8253744966323024,10.16600833386419,5.377484365655302,-1.371833667402252,7.04339167742352,9.777291001672523
11.727940714297047,0.710350859556641,7.07939043263129,9.86832518390019,7.514768249866128,6.7856663281368546,1.660935100562693,10.333227172177736,13.432280104313039,11.888163427497142,8.253340396713835,5.9098750960857,2.2746078538085794,2.6717491472680996,4.2411636885514925,9.6786306919817,5.980842544991782,6.844781596698257,5.5676873358798185,0.1560738712721486,1.2859212587423348,3.364753120292058
14.56794651243138,11.16786773875466,2.9821639377783753,0.5040338456701393,5.058181181963668,3.701409208626917,9.929041791024686,3.1524779044530438,7.5746465758994725,-3.1049551957422667,10.44442086460873,7.115765547303014,5.076967408673627,2.029859784717379,2.864201715744985,12.963869487811863,11.023969281578623,4.663902093985941,11.447894601245244,5.772536673823745,7.243586826304527,1.7003743130186035
10.602674672470261,10.78650409347464,2.1646013403771938,11.527962460053365,-2.737317096967967,-3.080995112761386,1.220054398792403,5.880143032036358,6.233466925939956,4.481441387425527,1.2435491127670555,2.0377760889048835,9.326307015553729,0.6417348763697054,4.0937573031078225,3.7072052452541855,3.276761068187746,4.500635643625562,8.773269861313398,-1.5275343716422274,14.385221024067297,2.8230570575115213
2.8739207904733286,4.731211236985418,7.2873986602248495,6.096783887710594,6.954285674865787,-0.8116701165761392,0.846500052590151,5.29637496845667,3.896855553723594,5.289496906819463,3.2076147921313467,6.754350066860824,-3.801939537880943,6.457881171812372,5.095459670540961,3.170273803236517,1.5984196802324073,4.761488529927032,7.106166245515622,3.6844314577391764,15.244925316110132,8.227483591008655
5.8319607039989405,3.5070906616475703,8.522626274326731,0.2057936071537139,11.310251408481657,9.595409315176711,2.176507523431813,1.462370611424804,8.397496265896605,8.851381684401487,-1.4824541890729879,6.2516085985683905,3.9268501034466086,3.188893109584408,2.606728780107333,2.9544450252619825,8.302339072060605,-1.7633261964043463,2.6630898844718147,3.8869556537188905,4.01650512585925,4.003207307189918
9.046275436743402,8.974441725143274,12.453465864059448,7.953197025771743,2.768230512302341,2.3505890239981215,-0.5832603817912237,3.4563531097163946,1.6410467081452111,2.558392184580791,10.796734486700213,-1.174458714690404,10.955962823859808,5.277250083794332,10.099070572431144,7.692474459713017,7.5381039585872,7.483769650965446,4.6556327679911265,-4.3411718429437025,-0.12461958922280038,9.39918156342916
8.242249783726761,16.964177085930917,-1.828074847673524,6.495675249618403,3.8127707943187823,8.410865484904393,12.825879495376624,-2.1154712315862128,3.010600845581156,1.17698198520794,3.3076565358839334,-2.385021518895402,5.6263057260465255,1.2389344248355012,-1.0485515519022388,11.894750530614463,9.824384309035281,4.247913404454106,3.0747595465802777,4.880262566393605,10.694826537993567,3.058564985706805
7.181106844414884,4.975065735202167,12.170110872228083,3.0870662236933586,2.0097174759989223,7.401516104181173,3.679026241350324,6.454279587246908,3.8541787965719543,4.065685881722902,-0.1767933349341217,6.064391531752643,1.3935394419779668,3.7635697696614496,-1.8168189715667984,3.026948838617198,14.60479007793548,4.8429214107168015,2.910855217186424,5.478598930689824,16.19500902524738,11.365878264279463
8.037032972490284,2.180925288712601,1.7610429751255994,8.121117415371847,1.2408012533100994,2.9867604860249726,4.256686738402789,4.9164582316599725,6.512716985230256,10.508675933715827,7.028523295143554,1.7382332761102146,4.552015690836351,8.61355702788834,11.053045137509356,2.8497552897194045,8.08989111526751,1.0659701713114036,4.249935363731967,3.2352085492495557,3.8025392250323904,2.880456668488645
4.026383486596019,7.137373493986285,4.083357888896544,4.454981506683519,4.628611729830661,0.7327980751589055,4.92787949837587,3.7989530084161083,7.215587429352016,6.666774483818664,-2.449155080406931,7.314429808178425,-3.346568504697415,3.2251478583045423,7.34078651797643,-2.083997500088482,15.575550379318008,4.43177339943903,4.824270074880225,2.506492186956234,4.918635118830375,14.662418604809424
6.246220369673715,1.6345617343700625,-3.3360963332094338,6.175765361392098,11.829616327162856,3.697431638154298,-1.3264019693028175,6.412811542708192,9.980402224372268,4.041151336555663,3.366816380940519,3.677107068316135,2.0084305454021933,4.291206680529303,10.327570310960654,-0.18849141616360596,5.8927004680504576,3.3164250334232652,-3.224723162376679,7.283561770386847,5.987046844946869,3.1644280196843195
4.235865940840041,2.619318456079374,7.442407735348244,-1.472797716967988,3.03760900620051,4.245849137745741,6.304393990279433,15.057173601976023,8.749719763829935,3.719139104532179,4.879216032396697,3.363256945011399,-0.9946296648557805,2.544742202660307,4.190685218162599,3.9540887150573556,13.301972437530436,0.9926368724874801,3.1795532732040073,1.2715956597498979,-2.438171555409543,2.819373999276107
1.6417038120090037,-3.996176927954703,7.600906845613108,2.8381719682664563,13.02261235890342,4.624384649165498,6.2263555677633695,-1.7685880805399787,3.4893491869038007,2.9579490508439195,-0.7996602102737137,11.04451247242659,1.2691538300511527,7.534360688496022,1.8966260302327413,0.17508805294006363,5.285842655526039,7.2068587755623295,5.332635344449669,11.937446426591602,2.2335520144390033,-0.2953732908646355
7.49210253025815,9.616661252460936,1.9855502893172845,2.0319131878873984,2.9974594758946824,5.646899873788801,12.672396781508148,8.804199709453691,7.3644089695193005,3.4394265919141063,0.6835260135740571,4.679743911894418,6.981056739526769,3.140994389339714,3.343246091980905,2.1598643126331165,1.5117779805237,2.57631286185545,3.4249588935782267,4.2426685267622055,2.401344869889925,3.36942686384235
0.6565356835945895,7.02873971635116,4.5082827105474665,9.93926046677413,4.379491092691152,1.6227083415466461,17.04556216989047,9.456034939417238,3.5370106274897215,7.521321674094869,4.164605809878084,1.20959696663842,-0.03291889265320956,-1.3795889717161836,9.466081541042733,12.47985937901308,2.833220550333657,11.422843807803073,-1.0558387379104663,5.107574250214221,2.850408728831427,2.4949404582978243
3.1639101094831545,5.5781070932362065,-1.6813065132719476,11.437338216051149,10.394883991667527,5.070552671461371,-0.760689264202961,4.2407494536137875,8.026018874056215,15.506393320178947,8.343780985321446,1.314950512988477,2.345184943993361,4.000358394044006,9.38961613472731,12.54665067429486,7.209154363951768,13.169968304917724,0.47810466351459363,3.462143691508011,7.252222302387932,8.458789936208035
1.8283544206076991,2.723452445616454,11.248321604727934,1.3572440402354848,-3.95756845621763,5.9497873548154425,13.72823333163346,10.54571520208062,0.03413178342218779,2.974180474302815,6.308986487765061,7.348902956400897,6.6492498953644725,14.150098536717907,1.992257113865812,13.188936617388118,7.565816336192215,0.28377383350561713,-0.06984571381510235,3.9399944915247294,12.223367434567262,7.098439340614372
9.29594546843297,14.615283089481212,3.432802501636164,3.552461127753127,1.3320999470474248,9.21372030600548,9.746642713442581,4.573503794934196,5.926700806263902,2.674336928418441,7.084022631850564,2.7516372597120355,3.177281561294269,4.037399560241693,12.869616005049654,3.8972887396114038,11.0256887196974,1.8307801846554792,6.836366286769539,7.6305624987128295,3.283808062155503,6.23428157309219
10.178688359386708,5.049658481605324,3.978097719732134,3.493611981087062,6.853748307173764,12.720847857867437,6.06034805858107,5.218695504519279,3.42109270653464,4.214292138764259,7.312307410024723,-0.8439074446310383,-4.11516996322725,7.769588609068083,4.865010758845112,-2.1903864936061885,3.756891945050642,3.2397995839087326,6.821647983866679,-0.2968554805760892,3.2508558819972704,2.432439699824487
11.87075804689791,8.538504869187447,13.4562378097916,3.6458998280826305,0.3333479104775466,8.19332828628192,-2.964457444429653,10.069993089505365,5.869597879192334,4.88907981291034,1.58020940906454,9.009245440586652,7.953866142834418,2.895945796959721,1.873578772697319,7.845424611467643,-1.6298430466496536,10.401258198737152,12.042064621528644,7.724905168338793,3.307158837182766,6.804616374132681
10.857314740936229,11.968028894705355,1.7828639095746337,1.8441512957871364,7.326597096110928,7.764085896402879,0.9059066503666703,10.194235956912035,8.204529722118568,0.8389074773866305,3.4741113597218805,5.107132990896354,4.7716531149797685,3.980197308462065,7.337064817031636,1.9997986246426018,8.436640757768036,5.308165423783797,1.3711108658389062,3.470498191307047,2.54471884905961,4.2401336921844495
