script/wind100m.json
{"header": {"parameterCategory": 2, "parameterNumber": 2, "lo1": 3.000054539987559, "la1": 64.9999836372058, "dx": 0.5, "dy": 0.25, "nx": 34, "ny": 52, "refTime": "2026-02-03T22:00:00.000Z"}, "data":
[rows 0 to 23 of 52, columns 0 to 33 of 34]
-6.991215735507432,-6.637456015076786,-6.138262134501449,-5.569253869126695,-5.913781678396261,-6.429458388133926,-6.825256631141519,-5.4772698195639204,-3.372785223192639,-6.374792694934528,-5.286818146292063,-4.012545229935027,-3.1023881966866105,-4.009992580689293,-4.996325494952444,-5.57055040992813,-4.669278644632075,-4.272311255413943,-9.08357259952495,-6.06321029106952,-1.3612934736543494,0.5759988852971408,-7.623506705026402,-3.518094178766026,-3.643172691290136,-0.13452577981838768,0.20417160550673352,1.0944139765291419,1.421119122624762,2.289005801404661,3.462467311644756,2.788321231004255,4.055101634087662,4.509701914544082
-6.1657636355721,-5.725887082462467,-5.314918202412272,-4.305515864770738,-4.03797112546858,-3.738601278999702,-3.5218499675676944,-2.6627277918899783,-1.9856382970579396,-4.332779126224704,-5.07067949701426,-4.183847538964873,-2.4026915227783174,-2.817354589034719,-3.4239303976655737,-5.056213612080567,-5.936464838699043,-4.014644905433418,-11.400991035786918,-6.4190080102250375,-9.915398377552789,-5.898832057963604,-0.796634846054241,-4.4696424052143335,-0.23167940429956765,-0.7202259546973389,0.18463635574075735,-0.4739016407453165,0.9394605002819252,3.478699433607891,2.5245610617394734,1.8275556367802654,1.9764847553752543,5.019787588084638
-5.842260580612958,-4.902327627189061,-4.296190829582857,-3.4277517013706973,-1.3127919933483208,-0.7779008698537992,-1.3835412503674258,-0.9733861425165855,-4.272380144989601,-4.898142849471703,-5.106632077318354,-4.3868428011730325,-3.4073868229763513,-2.336809198519249,-2.2372787293990273,-3.830399378424697,-8.016240462730238,-12.126709827408513,-8.146271811571076,-8.137379902787353,-7.324845955641674,-2.0731281682376155,-8.636685442307376,-1.6045477537751192,-2.102940308711597,-0.48000852889504325,-0.8708140169364359,-0.30695463152714464,-0.05874442090511056,2.211628998339301,4.376703276431604,5.0889996884348925,1.1791223690839652,3.436465732355085
-3.953483854049047,-3.4450253894657594,-2.9793908324451848,-2.35686642477193,-1.9384217426729473,-0.8316295409000977,-0.2953941256425527,0.8364243935694554,1.4700855464220994,-1.855058823482253,-4.314071340898335,-4.654876902279599,-3.9066113723093565,-3.099699454371283,-1.8557548512935775,-3.2772063549992363,-4.481290564066252,-5.968600016115696,-4.195172878686843,-4.735304649269103,-0.45264672524874777,-6.344100717039273,-2.9663945394045372,-1.6072842642231246,-1.1394795540345235,-1.1045228692736653,-0.9220260455658078,-1.2287158077637101,0.5587513344972848,0.8103888325213837,2.253760587010742,6.0841750258743375,3.4946708928959023,2.952964590023021
-3.909627025820503,-3.199637927727476,-3.069637244213651,-2.98544748231774,-2.0549993966120064,-1.5371987309579376,-0.8593141997621256,0.31158992084605985,1.2663590142948207,1.581247364380569,-4.019517349891225,-4.056953739357321,-5.116430431931451,-4.914225335881127,-7.782835594655547,-5.404653109383331,-2.7013932224794344,-4.893271823561103,-2.3142590329396526,-1.469568377355704,-0.05019316413227642,2.7424951334970977,-0.6376641801247054,-1.3633208818459917,-1.2084776273142974,-1.3804403684664566,-1.2878631994284022,-0.6570557005030745,0.7308470931399618,0.6265149796719316,2.0951913470205348,4.619578344623776,5.201250187126358,4.326214527919638
-4.156227672398741,-4.329792467349269,-4.2581007053845985,-3.5915566120788838,-3.368354675454301,-2.651132290047803,-2.2436802051703064,-0.949579621320714,-0.32235609364207457,0.767566688608328,-2.3767571535954857,-4.322352277340285,-3.9608885376550704,-7.642142372358444,-4.546712313509482,-4.8439193160472644,-1.8504213052420304,-4.8871080121704145,-0.9751875835266046,-5.051568477649707,-5.080541145357224,-4.708198402849268,-1.1583183248382733,-3.0130791473690763,-3.444370404116604,-1.8063244176161863,-2.0188667803118396,-1.231409312338447,-1.420223688758298,1.997928240319971,3.2905605988455044,0.8168256756635234,1.9192291514967301,3.625308974226302
-0.48898555273408856,0.3171370596432954,0.7431583415640891,1.563552920370788,2.4079569526393603,-1.621074389469597,-2.416212519982335,-2.1638219500424993,-1.8713391645804127,-0.9216285262662056,-2.310142147375421,-2.4314385435431674,-4.091930812245964,-5.4986601120654495,-3.867080193574397,-3.2582733500081327,-1.061672406689766,-1.1417010053758099,0.5979602767212113,-3.766800111311683,-4.223370664845255,-2.3601373291086767,-1.849441665981756,-1.7725204363350422,1.963735085594716,-0.7579386563449177,3.684039563547262,-1.5837323932073004,0.1736253042901462,3.9522516212227305,1.5778859494278783,2.260536967325967,3.0499987599901575,1.9252115725308634
-2.3822139293307227,-1.833718587231811,-0.8304591583255182,0.21038944879587773,0.7303821224542216,0.5153662813831944,0.17986839567544832,-0.561568203335775,-1.7397064068353592,-3.1433448465874814,-0.9297775141919435,-1.6128918927825528,-1.4369256809912758,-1.0442005857114953,-2.8239044517122753,-1.525530690526336,-2.413909411712025,0.753882712167979,4.666206970334642,-0.47691418918843187,1.9984639874299344,0.8281246209807155,-2.7869447351850902,0.08302206998208647,0.8091621297097539,0.4303773180010681,0.9089017221803897,6.518155236425642,0.21021435412998368,-0.016032051212730335,5.454621683956772,1.147581840339039,2.335506954700724,0.9525408159802107
-3.02274306869476,-2.4667766066219716,-1.4287482575923498,-1.6857047181315932,-1.1589121174352681,-1.6209239343563437,-2.0286355171158337,-2.633017806145936,-1.8139562176001551,-3.8001369110668395,-2.616705867832955,-5.840203925486614,-3.4158003143114395,-4.43517017630489,0.40969943742705256,-3.1981444096501948,-6.975018054816023,9.254217539588145,-0.6170348940548122,1.0078806281734125,12.595423727243688,6.9182190877373255,6.495201893359139,3.036838656204798,3.6697504684767095,3.7476692194296173,3.8298836870599136,-0.21360392809467416,3.5512572217338816,1.6914942642081614,1.7602524512009066,0.6886452808163379,1.1320628314492864,2.8482593102535745
-1.977885044083192,-1.4964055039478914,-1.8980676974186983,-0.8672044692683106,-0.8461669262559457,-1.8802258222976205,-1.7867115065131571,-2.1906520145684736,-6.142414794180543,-3.8735182661556298,-2.4410715502252542,-1.2689392772606416,-1.4488929037595282,2.992046753224916,-8.315274654287366,1.6321461539031357,3.350103156425899,-2.683490015579646,0.572654214036603,3.667250160871663,5.538296315950088,2.528786906872027,6.205659438633223,3.269236410192816,1.235559320163432,4.431206785318817,6.44145724430505,6.464786247013289,6.048561684415465,4.368622736925104,1.2303153560578735,2.9310225163715686,4.181240471797102,4.372291433101033
-2.2818622816019296,-2.0128497289683454,-2.0657627159515943,-2.0445503832154563,-3.132521190158974,-1.5018693099529186,-3.0668161490060384,-3.195012942696245,-2.9902340377986376,1.5440773894983881,-0.9415036541879971,-5.542082290526535,-0.44201096226505127,11.802649475197919,8.209846838861818,-2.836223734982928,5.2232601172646635,-2.737981254020735,0.8881545645026387,2.8839382562396714,4.10099102968667,-0.7041284257259876,10.813244217474667,0.9166052219311455,2.65577375442145,1.1115142598031644,0.8398076396736588,6.795873997090373,5.387341265219532,3.240614513756712,4.268750969365155,4.972680199670165,5.011569532123008,4.698952880784844
-2.6420447881806264,-1.9648037545995596,-1.850409193195315,-2.1010132904556293,-3.039701176403569,-2.049980325651496,-0.9693798322894724,-2.0669363570652464,1.2957236393467324,-7.002562686976405,-7.358271625001507,-5.788656621788037,-5.040194586466982,5.81572134327455,1.2720394871268457,0.7160117431981416,-1.7159987982877318,5.499232348173439,2.0490202296348445,3.1106904009415106,6.829055704821489,6.255109915402083,-1.2389176401041089,8.303807708582898,2.0651769267977054,1.744405691436293,5.118582164816228,8.271407643147965,8.191199199031672,5.613122604552048,4.852532273335214,5.626517576291449,5.304251616760445,4.9471066765919565
-3.457694096420846,-3.6104943015400304,-2.595517998271711,-2.670103652375867,-2.0255901245698,-2.007945728860563,0.0654628645988705,-3.089878791089638,-6.701978354277606,-8.290185030757177,-8.61493939834368,-6.9126322713004695,-2.6367695545127896,0.9486914366616643,-3.737281080596241,8.393372687447707,0.7259075511516244,2.351580970997196,-0.3434161241058921,-0.935758708116113,1.6180321767659696,4.944768632812885,7.483987373753745,4.473615702738118,4.986112697363317,3.5926778206940178,1.4065995372689628,6.046647862061279,5.4380319817432134,4.59693581493213,5.191115243701033,5.049303552054482,4.675934896589472,4.486892512581433
-4.846234297107018,-4.874726267040608,-3.939593397540383,-5.9690584503743676,-6.691465784247134,-5.08163098466075,-4.512324465544771,0.38890976711398784,-11.083330162086735,-3.174658651333597,-3.3153416804837503,3.422511179766486,-3.343950729904711,-4.468738225806958,1.152570660190977,0.11186162036523067,1.3785065297554153,1.5606553453064649,2.3692320685359713,1.127703091569384,-0.39751054587215584,4.7036747079964645,4.693484743779806,6.519343035106693,3.8668367385843063,5.283586417083018,4.6399085912258515,4.525440777293234,2.8749912668342654,3.290379346823587,4.911851569950548,4.26126829304749,3.8412461265638846,3.776929613444152
-5.848363668254385,-5.297920628809085,-6.343006820692193,-5.4926064146669775,-7.004961070208601,-10.849168684966823,-0.7519310083807609,-9.225595641954579,-4.69573920992978,-4.646314368623193,-4.050269902995215,0.945590918154697,1.4789454175860262,0.09866494997789835,-1.736678699853519,1.3402752321650948,0.20008128059408162,-0.8692242225738608,1.0277449487424595,-1.133738532459836,1.2539875559439617,-1.4406837184714727,0.13693073314290335,3.410581101183983,2.1645266784336945,3.67527718064469,1.8264415586672293,4.2690581517020005,4.70047680718799,3.879663993131213,3.8022420408078577,3.270795532981341,3.0422486997793903,2.936795486859547
-6.135125706295156,-5.434750514070109,-5.796625773139617,-6.110082584760501,-6.13699134902993,-7.001307062358279,-9.771504778850439,1.819534840386811,-5.283879135262839,-7.00003998357307,-10.744209756164517,-6.425534693175174,-1.233896619785927,-0.7412895993648312,-1.8008162723639962,-1.7235790568470208,0.6260037096950666,-2.0648913780563927,-2.2561092871901107,-1.8097102752936143,1.8859587453412026,-0.8365137905865242,-1.4212138855548444,0.3200105272185628,1.9059633967367609,0.9149327430260865,1.5813938269831807,1.7142224721524517,3.918152206908818,3.1168578757043823,2.370411323912392,2.0398578765259225,2.0626177199409383,1.9860506660001167
-7.750995391927481,-6.291661991233824,-5.595898857143621,-5.210987617989284,-7.632971842294822,-13.003583482523082,-9.941368503803949,-9.792287608203127,0.5807586945540932,-11.050034641403547,-9.88507069136662,-3.7434463299492373,-1.720684103213387,-0.03743632614501132,0.10240908260811728,-0.7486533352579767,-3.9076012721791216,-3.3965673444593225,-2.228700602498715,-1.7907619931742218,-2.993398735812825,-1.2495986582345422,-1.6415798736463971,-1.710670251254017,-0.984876341922143,-0.9731196768590087,-0.10972754603487048,1.9196187549520518,3.024649170196018,2.12967399403821,1.257691364594918,1.0208714261538923,0.9041543288607268,0.9595061032944278
-9.619969481685013,-6.851901835881682,-7.006660804005021,-6.212652687683351,-3.9897679468869445,-6.118192505781426,-9.90135672333567,1.189461965185569,-11.929627739531556,-10.035468894644264,-2.564422595489809,-5.658544993657275,-2.6681624394196604,-3.3575157262656523,-3.3193840485988315,-3.3694184620319576,-6.0051385291645865,-4.870561037765212,-4.767050869816176,-6.000997672795031,-5.131641781590276,-3.3080883246295234,-3.2487846259645927,-3.1533684699958537,-3.049105222644323,-1.1827282200133566,-1.918488001432342,-0.19403415333652757,-0.7763597381228815,0.011027722380589874,-0.9442234373200192,-0.8087011015822998,-0.5793427085745076,0.9652225255083497
-10.698743791264395,-7.988846924602966,-5.282704901304172,-4.890537161686485,-6.846822030950408,-4.398516509314139,-9.867794440756262,-7.9041431270876785,-16.826988010402765,-10.317579005420791,-6.9185639228105655,-5.916780200281268,-4.813233012257039,-2.8946431251960387,-0.5704384865144171,-5.3337807635382255,-3.5879596594552203,-5.216776419360731,-0.6795616872656884,-4.752939956355718,-3.644908048151955,-6.752620966538503,-4.665439447033513,-5.304213062885733,-3.857401201339725,-2.353721117924497,-4.167342091088876,-2.1882443275444956,-4.08221744829878,-1.8014323836459134,0.10476927636501417,-2.1906169861597395,-1.8507368036766356,-0.6101985222355517
-12.777072136863598,-10.529637956904914,-6.847913031191182,-5.733021527903218,-3.2370952243699396,-4.620292534370627,-0.6913087393034739,-4.646182626869532,-14.449978443710709,-10.322301881504735,-8.079498169539795,-7.624924922076289,-1.2794132364388164,-3.8457730004557567,-5.031022865874515,-9.64834302121966,-3.9462488118699657,-5.013556759408387,-3.7991476944164178,-4.995052690634947,-3.131438124332734,-6.079484714161826,-8.298203304183605,-5.249439245664101,-4.684690567161777,-5.877988978240163,-3.936210237342008,-6.160958338470837,-4.9491916137365815,-5.090671863020428,-4.668574068538329,-4.108500365914658,-4.475172112461424,-3.0833554862262935
-13.816514758025129,-13.351409032302772,-11.940654907482866,-9.286949566213567,-3.4076295817051117,-6.483257348678301,-19.655129398005457,1.4358875865696263,-14.709731413388031,-8.505812166385203,-9.369071606608777,-7.206879924576197,-5.3200281608976,-2.6289988266020026,-2.8549341458006467,-4.779854655793954,-4.508171908939087,-4.447969823026219,-5.050887003514412,-8.27044257024724,-4.3524976237484685,-4.213818872940477,-9.213540583275424,-8.075497375497974,-9.154849535528308,-8.12050339206633,-7.026486289429546,-6.6854314540541395,-7.102136876599339,-6.219342573707244,-5.97237492100824,-5.738467703833938,-6.116881489851276,-5.766576555617427
-15.009813681311094,-14.421963024841984,-13.165594572586818,-13.47680982496492,-9.931852172714878,-6.478714182104265,-13.008353911223312,-16.159040536608714,-15.978988355954606,-5.932311247353227,-4.738495189238442,-6.691847189000558,1.3459162885479823,-2.5501625359554554,-4.670137967113812,-3.2407711046442182,-6.423721240972893,-7.0658529929669545,-6.558257008951795,-4.922701163024607,-5.691579914648995,-6.950467432512263,-7.822546896250611,-6.615991186143601,-6.998880806736884,-7.142935750290301,-7.869179676535834,-8.59464113788686,-8.470065135321159,-8.363712421170227,-8.09641796568414,-7.441882632142681,-5.63620535900925,-7.049598328806863
-15.55386086908846,-15.870883112299966,-15.876651544815608,-13.093511747507037,-12.577614727213803,-10.19907314573894,-15.858417197222602,-10.530856107468255,-13.165046335838843,-18.133977587450993,-3.15479150454751,-8.104159234622657,-2.2314543734683725,-3.6502729688742077,-4.840800743062516,-4.6037486418328735,-5.925316243153629,-8.408757778803245,-6.5764681553480475,-5.977977038154578,-6.747990021879242,-6.509000424747263,-7.121673953751389,-8.438304951503186,-6.039928673770608,-7.054302387414397,-8.000631447748173,-7.8199540753040475,-8.814218991908804,-8.786887486661719,-7.492595623655314,-5.299420998600555,-7.45773880446017,-7.497603868311722
-16.652088180168914,-16.01384104985833,-15.985995798004385,-16.34542580160895,-12.990362686096791,-11.914660612828078,-10.094958789963123,-24.5477610266793,-14.092280011442499,-10.821510389200599,-4.377147761376338,-4.421482912020514,-3.175635604640794,-4.031222140441941,-5.9228448454926745,-5.490969106733173,-5.39153062484971,-10.67755608942045,-8.374581514475047,-8.100695423082538,-5.506972966116207,-7.9258213169064,-7.209461276594762,-7.751345066176314,-5.281914745755633,-6.5991405050051775,-7.631727385566259,-7.531905210103578,-7.129884107902099,-7.485635684969034,-7.77450047856277,-6.305950426374706,-7.9046612132281355,-7.730282248621657
