script/wind100m.json
{"header": {"parameterCategory": 2, "parameterNumber": 3, "lo1": 6.000198445256149, "la1": 58.999992894266676, "dx": 0.5, "dy": 0.25, "nx": 22, "ny": 24, "refTime": "2024-04-05T22:00:00.000Z"}, "data":
[rows 0 to 23 of 24, columns 0 to 21 of 22]
-2.653331995760205,4.590849402486538,3.942262092042717,9.62962131306253,8.661703704965335,3.5328483620584934,4.813437980175801,-6.783748399148985,2.5530545890676373,3.300852840237444,5.090081441915557,4.177246732748014,2.9650030358904313,3.0422153592565975,1.178441086818297,3.0808403108527225,0.5114908818923432,11.466834768204107,3.0183275291249148,-0.7124982504313269,4.507437763261441,3.1398946070419194
0.3610364897857267,2.3824786681898074,5.783656231700669,5.027248970101064,6.126771518478601,9.373171628627603,8.729544388088794,4.282762097282267,5.38620656528056,1.3686168857401322,4.421340588920733,3.1638403946225218,-9.923004827316094,3.6755989342263162,-10.820556061153766,6.399892137411658,4.5906025467908,1.017662447619912,-6.217693481854449,2.0436754186214485,1.4261914336790478,2.637556221427081
2.700623560470218,2.3445808685653033,8.910670536283329,3.5963719807052064,1.275097927350152,1.8889322453112443,1.6288690739396938,-4.9793557896707465,-0.9504126840046382,3.843235736591502,3.638002045327685,-8.637853187793763,4.570127328537397,2.364641494060576,-4.218207492274594,7.1827739582042724,3.1183666479940744,5.411026351181156,8.77124355502033,10.308243929956182,3.297401164076915,5.058454417533866
-8.325715413667353,-10.92392878155784,3.193485315153836,-0.4577666109405136,-2.8995124394332343,-3.0847230051507792,4.074493799159887,-3.743400015544518,7.647542911936758,2.512042820729867,5.1227912438965895,5.669577005016633,9.041751747602335,3.6550728328475808,4.651802745609176,6.102030165143521,6.034343223027421,5.343814033396444,7.222551256047166,2.9776631759244703,-0.41461916295747203,3.1891794687934483
-4.191344352901623,0.21540895705622906,2.7801144902788693,-5.569176333976903,3.3336524813618413,3.094564793856699,4.287953598502612,3.470876100790012,4.992702740382749,3.817092570238366,6.116247625676363,10.118775656881715,5.441841560519976,-1.0487977966024307,2.849669014477791,8.049567105454985,3.2089509616157974,3.613274672638416,4.5666438265387805,-3.582910489718946,5.811698001440225,4.433023441124162
-5.827520336395431,3.8912654709053864,8.65153794554134,-2.681235628392669,2.999508557469564,7.44629407662734,1.7696179943492876,-9.903829669773556,5.227540127817628,4.379618225125083,1.7096935088565275,5.922665595561439,0.8426132833090402,4.735314094395263,5.357612504505646,3.9991821072918308,-9.488983800963085,4.207234807165539,1.6576875140543652,4.531096352686775,5.617091961467235,2.1353573176216316
-5.512735476375849,-2.1904484257621863,6.227322931069084,2.41482291216628,5.014072126313847,-5.655804849416771,1.9629107995279362,7.705364011444366,4.113508990764646,-0.7256715154314698,-0.2671263513126517,1.8562388679263115,0.8607196849558212,3.125121918625914,3.525320616223024,9.168457174890559,-0.2302759583463576,3.6729475033616144,4.061118047377548,4.650863218217046,2.829487907573403,5.186335349737214
-10.152620575993803,-3.010235481644754,2.001525895038714,2.7160088450472406,5.604482073442697,3.2243760651490807,9.053798809374564,-0.9029113773497044,5.574097044726627,3.8102412782800688,5.866736222014837,3.37908535103758,5.790610823005369,6.010518844286368,2.5754356222833796,4.116448388414321,2.389624573413763,2.8725961173279995,8.783604591888357,-3.8928131375917077,9.014632030638465,-2.4107091710107027
-11.362520604568946,-5.2476676796650406,10.225070724689825,6.755251834081792,-4.8564170251941,2.477783852891235,0.8887487020472894,6.406115329711981,5.562970021059859,-1.1258720920318783,-3.326299599966615,2.9620259292910087,3.555099305622399,2.868388069501592,3.205887868450671,6.567914619103432,3.132265558178899,1.809250854235595,5.1916035896007475,5.7208781757140965,4.26353652554013,4.965163046145216
2.5088319661899727,8.98455585932153,9.456659456050879,5.110213919007285,-7.602630839787741,3.3737328849011843,5.327601260709376,3.369409230637688,-11.056771054013556,8.135389380262342,3.1300678212182778,-8.438690936891462,3.868512084094182,5.3837970133918205,5.204526511187828,8.242488778211001,3.551626220738896,2.2513737495775215,3.0775073432579436,4.195976009901841,1.3577994796592416,5.4946165124530095
3.0063521333157865,2.1273795943673623,2.712609162735857,5.559666380273851,6.3294024658966155,-10.756110588196544,8.972496162724145,-9.991668498006819,4.396546533343791,0.8120313649734129,1.8671151005120419,2.655238940592184,-0.7747762475295167,2.317284286167223,3.0852914492405863,1.7760596766118844,7.15473167963052,2.5740324040319273,2.226157837287561,0.1051864869386028,4.560530957946831,3.7439171677718135
-4.427669940851529,3.476131581675037,3.5818210823148733,5.051508130962089,9.12177561674567,5.807667171694327,3.651246501628343,3.724456214381358,-9.52223351368161,10.576147711225753,2.2462761285857895,3.9891837436793356,3.0478367760713847,-1.1451443668035106,6.282742330917392,2.7118105268753863,4.797441381781698,3.9325910553310206,3.471614338478263,4.340952075587942,-8.8929111914519,6.933893833753124
-10.947301931435454,8.465442566015358,6.957982805841926,2.794690591541539,7.0688187254838075,9.776079071305748,8.661029872861285,2.681151294398039,6.294144545363995,2.587812543408139,4.526130344851375,-8.32542632144652,3.2831144769655047,2.8040639277876473,5.214765314691725,2.704742502809616,2.9101873773558418,3.863165079450236,3.4074566478693886,3.700756093297525,9.18609149502225,3.465408268932825
-3.26152963584093,13.745333789868937,4.5595955278647295,2.823104265859694,1.8354803069725785,6.9944868693604665,8.86809778639975,8.47967482354212,-4.424001739664286,4.850389624232728,3.2813580493869403,3.2449432035044627,0.3429165194423094,3.3618081399338537,4.716416495195447,7.211345161366929,11.302023002761427,3.131732920465154,4.317663287643302,3.2691072349637698,8.34315876809101,4.744487692026015
-5.206043061702568,2.879177190499411,9.469902483538913,1.2512045425359068,2.6271506372127544,-6.6521698464274115,0.6260709475241599,3.704805886449404,8.556410541826587,3.3864033880699904,2.9415443888508293,4.527352093971083,-4.907891575465289,4.277106183686346,4.34917352034495,5.963836755480696,4.125055115757883,-0.8152972796629793,2.739270353990925,5.822626499627047,1.1171006012057323,6.447789455847547
0.9093841162714853,8.494080683132614,4.102139971103919,5.392879063129005,4.655979959984079,2.4149409707601186,3.149569599734106,3.6021851523136057,1.197100848437091,4.562791773720829,7.782533396234611,2.582079447469693,1.9602589192346258,7.685781291547769,4.9919012895505634,8.878677013667396,5.4126965445662565,3.9737834755831076,6.939714482993002,3.362120198337022,3.5102723572451984,4.7808635753673085
-4.669579395900886,6.521032285053346,7.3172739190606135,12.127873961794077,2.721637041387806,4.798459832409335,3.645012599439079,3.6037410991325607,9.389473838009415,2.307934227785178,5.169854462902482,-8.464460246547482,9.003586756981699,9.380127566497029,-0.7472740687638602,2.2567041496725087,3.313255750821685,2.5925596624101694,7.313448938572128,1.5380468653968542,0.5501328878262748,5.929656057788802
-2.403528715926831,3.331850445578796,3.7298231589786033,8.75381334521699,4.71062149720191,-11.494700451098627,4.213348272283926,-1.4603441122490188,2.5919272070164596,1.2440754200187154,1.5338092428585468,2.2634977686209945,3.441285734621335,9.098018122114498,1.8670462512462647,2.694029211897179,0.30110045672861746,2.4934038146641377,4.238257191012527,-7.954714286949697,2.3059930739283234,5.0087823217425385
5.491724365681533,8.13153998851632,1.9048570742974302,4.016854681139985,-4.352631458083325,2.2295179849613627,3.7757470352641085,8.698982552676327,6.785897769907694,5.9864524332984095,5.106144537773029,6.325434665771701,6.316830519076304,0.04557806574269334,5.8001581651189404,2.516771360967563,2.0720407856727823,4.323028837078923,2.526843922918162,8.56323252419422,6.366489651856806,2.872825706405871
-7.276525323537589,4.04395913047878,-11.527048517012267,8.204712652062838,4.492274936039473,2.8637706718076017,4.730395353429878,6.427562206211613,-6.105381879126413,1.379970201288191,0.41873749087602774,1.8921299071594004,2.2375717840253713,-6.653974992551286,3.1267631142478125,4.080220335901945,3.6839405618639502,2.0301130381815504,8.850132047556961,6.09877436407355,1.3758087833373402,4.259659726238403
-8.347566390570755,4.090028747453277,-8.027213929846155,5.416623602388669,4.087692141357576,3.121202660536745,1.8293805229746525,4.830323728590601,7.071426018188763,1.1504356111449723,2.2393302861921223,-0.02361328444637796,2.910845045252939,1.8412079502468355,8.373273748942914,4.863413268817078,8.92406172302747,-7.702789931701928,7.5575413644883565,6.9214227866328155,9.415662894188982,2.4853111816976394
-0.49763864523432005,5.577260095022659,-5.4749628791002,0.3465961995401401,3.981232580689716,4.856744100743281,8.924253420639028,7.673889872031165,-5.017070854368966,6.570204569769601,2.8979828372967735,3.5695331036149733,5.210887751634494,3.689134879257174,7.324593127490045,4.769301842887645,3.421088443778305,1.553145784330608,5.6346398086378615,2.526257905949789,0.9358942071746307,8.844088066535164
-9.74195256405102,0.24990221383247666,11.272191336862814,2.7802692634382358,-2.1050302235595466,3.225705058571076,4.032254630314275,4.358911215398216,4.913686777347759,-2.0545391489077347,6.1974862942072555,7.666452746116885,4.169474448676322,6.158256777097799,4.324539244681311,8.808371991675253,8.476566725517394,2.9545148251423674,2.2308474781408787,3.186722831190383,7.798179674457598,4.0818265174529875
0.8495132524863322,4.6238152236526755,3.387378500825402,4.961076731281795,2.887881982353368,11.554184697946372,-9.70296456282947,2.6398274472815433,-2.9499330499750314,1.7153453547057549,-6.387336305025394,4.120943525489774,3.9638693495146087,8.954166590285777,4.291829530882909,4.594228099639602,8.219079376420138,3.6904150020510746,8.776949739649718,4.664882309701993,4.234808602178831,4.464867603647816
