script/wind250m.json
{"header": {"parameterCategory": 2, "parameterNumber": 3, "lo1": 6.000198445256149, "la1": 58.999992894266676, "dx": 0.5, "dy": 0.25, "nx": 22, "ny": 24, "refTime": "2024-02-27T17:00:00.000Z"}, "data":
[rows 0 to 23 of 24, columns 0 to 21 of 22]
2.6091621787476407,1.1199630625788608,-2.317112732637992,-3.1113276188086516,6.876135621475431,0.5092440591438799,1.0107952540302458,2.633817124877316,-2.709921196847774,-1.626664859213943,9.25702032172163,4.296165458935784,-4.3378986872596945,8.400775408926162,8.153775815583074,3.7381138353510095,11.854498627569507,-3.725186600971554,10.945938731147132,1.6328283350073032,6.525795966495063,10.753818715530073
9.644197317840478,-5.2687340560512945,-6.502308550529594,10.888408613083536,0.15822783919863723,-2.72827217208373,11.370293047965557,-2.1221555574064914,7.614532313783394,1.8967041520332866,2.8708960277898963,0.4208866805313825,-3.099637766727496,-2.65573399090811,6.29471934264539,-2.43235996658055,-2.00120869064148,3.3813699889652784,4.477910227878318,1.6712431849092741,9.65599380343484,2.083205527669759
3.62247757298117,-2.707665433678675,2.0058319417359867,4.079515383871686,2.5023720757365506,7.378215813314001,6.955891565503076,8.567597589191623,2.091731634558632,9.938071138888875,0.6149489172976955,-5.864201899268376,0.9977368463956634,-2.9542870635794496,0.798941907773514,3.337646666422109,1.4385391115327182,-1.3802208406058754,-6.019563421525452,-1.0464605986743705,8.669821135238777,3.5142505017064223
10.877103173807944,-3.5356154683090657,1.7472393160948638,-0.10969330022953633,3.5011216933640728,0.9854532145380662,1.0582623162805007,11.930113516602326,9.935185203235447,9.567153736199366,7.810345078631874,10.41596767942044,2.166408316103214,0.4186551238913679,-4.472567576319683,4.266566654621799,3.0885923939735114,-2.2803276205137584,0.33141614001685055,1.8892008417546249,1.3531940720296338,1.5506630467042612
3.8015339281021197,6.086387808682816,2.5593435146126873,0.02558020438002143,4.8086134402490845,1.3358518675636657,6.997633158321814,1.6855803529115319,12.690678173744674,-2.1114439845229254,4.244225033731867,1.2785688253035585,-4.959904668141009,2.2058086392534473,3.5277444694332565,9.721036457755831,5.752504157825008,-6.1307884416545635,5.97934252625744,11.462426640933167,2.790093377666743,-0.355638451203575
6.168288068396612,5.426973032542097,1.371400791989071,4.222485547601599,-2.15730013547898,-0.34221777156689986,-1.7171912309113349,-5.336480754451704,2.6626796407502717,3.1253092579413497,1.0885278716364875,-1.9566408312374746,1.6039670160111577,10.491478075436463,3.3908400768190576,5.200576712719879,4.960558879947775,-2.2255239105934677,9.411254154788969,2.022633848496713,4.213215942639684,3.2173726165268057
-0.5736640068098972,-2.3962486893561117,-1.8705890354681105,-0.22340385655935488,2.5406725645194816,1.6134698325969379,-1.6531206730479695,-5.449146840198821,-2.951223152978188,-4.505365929294258,0.6385653243407248,1.5021280020385377,-0.6835103312633546,9.211267285204292,-4.196762566815434,-5.385226155956084,4.433705805639136,-6.074868794819558,10.893417108255028,-2.468178964611892,3.058336974668575,-0.2903570506203613
10.693256721270675,5.300780818335264,1.991294575532434,-0.05753963005580572,3.9861825564048665,5.860349505382114,1.4065536445051607,-2.603057026699247,-5.8201701307292675,2.9350150625012335,-3.0544569825696546,-5.3418805022781655,4.669115120145199,-0.1336975747093504,1.4953094966854572,-1.4723085418482105,1.907300734318587,-1.2294880701991588,3.6619164432757634,-5.124889628962316,-5.063955362837909,1.9467001002697144
0.011116581209831722,8.400694143846149,1.5842681901385318,5.158004294893338,1.9751417457036307,-3.222185573462102,-1.5526889704479263,-1.5489468445605157,-2.0776369433036073,1.3673656619320962,5.269068179115341,2.6025150089852103,11.215028210022956,2.543286302806412,3.0217196160449755,-5.110517124276014,-3.08365996101053,9.00198721887081,-5.2777261606318016,0.16569332923901983,0.7468424031892195,10.008612891571227
8.016970227059225,1.6864219109065124,8.50852826378517,-2.30501943811787,-4.715716167879657,6.187954876354857,-0.00728609403224798,8.616796679186079,4.827375331351036,6.728630305508652,2.086872587352148,1.2186264889681862,10.534022641283928,-3.3888403448005016,0.7350798178370965,10.715644770264928,6.299697804495825,-2.5866637279816707,4.45580524446807,2.17999525475304,4.168425495655467,-0.1687348783359865
12.763109544949453,9.961533517728304,1.302507754094899,-3.175649267438258,8.029569551739048,4.468350724082171,2.011571626002572,1.538959260275598,-6.088759434824054,3.321417465989803,0.9020011117149269,-5.175287160578739,0.6906418594803894,-6.061379564107457,-3.199365812844866,2.148115859995459,1.275532113288583,3.432481593701228,-0.635317097196621,-2.4442006387832,0.595250394395726,5.754362022257616
0.017927420847913652,-1.1367883963395269,-4.226915085041057,5.847062206905872,3.317307717226811,1.4936128619092146,-3.2244386436776176,7.965040195866315,-2.537595300260039,5.857008201515031,-6.250446562731986,5.77972993263589,2.825789986988608,4.320881782183837,4.975033524824988,2.591043342853508,-1.1737624587923596,9.452285958375876,-2.9894400237897965,-0.6349108816298852,-6.580222044667396,-4.794829974700332
2.639938431992581,7.978700967581725,-2.5140887134146843,-6.411359164874236,2.6847790876664797,-3.056039621095405,-6.077461653243985,-3.435827432192612,6.074601672936351,-3.6413792294045826,12.095813161948296,6.196431395584371,-1.3149272523473867,2.115701822390067,4.007732331358295,-1.4181261776818723,3.6185331299783354,-3.4560339478919473,3.913867434842033,2.0792990109286924,8.195439641978695,3.641797127610769
3.04441289032713,-4.000875278111296,-2.121781691520567,-0.49162605946365584,11.883165637320387,-4.450039420329,-1.1012629879938696,-5.072042398383018,3.089823021320896,-5.591765148489056,2.9698900920657088,1.9910873282990316,-1.8334310529743114,-3.2130429107315956,3.4779413005338022,3.693621447766511,-6.024899643033397,3.4479186084131106,-1.586189109417189,6.015404707646314,-5.823488078366878,4.781995520927892
4.27369644959869,5.684095884745071,-5.874257586585116,8.483420038207095,3.706148823674894,-4.8031623311225955,3.277880173431798,0.9585422994853061,9.246454296952345,6.845684108865515,1.1645057505741787,-6.374942767893249,-0.5463691556372813,1.6890597462558037,2.2358552859308896,9.062353910502477,10.764256337420317,4.251442313331484,5.951155636848079,-1.9028817426077467,-2.383925835968595,6.318189044309661
1.9454310907134438,-0.4908250885858191,-2.9776877185467283,-2.478193898699671,9.211360781538135,3.3540105201401156,12.290130690040208,-0.32144557191743667,1.7108257350883878,-4.479149457398202,0.830135428555601,4.858909351119136,-1.9527620518816189,0.2806326100116152,-4.826022940896555,11.7983127117116,1.6338223258691034,0.8802665920744247,4.83115498897898,12.917387410703732,1.7040065262085775,2.942730691221741
-5.306938196864315,8.24933925541861,-2.8960803797441885,-1.8569663212700005,6.282051136709345,-3.293778248681704,5.528573304666379,10.213150841551816,3.5169695658180777,1.842818008772842,11.934017728505903,-3.289852915892904,12.392435400121128,6.634854206505,2.8426811830298657,12.260692530997032,10.896560039781699,4.52391008270835,-5.324640695495099,-5.228416573427687,12.320368884035597,-5.2807586955229375
-0.03888152822473106,8.538524808912163,-5.317857294146174,8.418265326624839,0.1761106824180397,0.0743831283426312,3.7619611861307396,1.4739086331414761,0.11085312399400965,-3.5209979451350972,-4.479135280447967,4.297559967220829,-1.685671115277743,9.841337641229472,2.8943851720426776,10.522049936004636,1.8977578206430832,-1.0863304050597018,11.589706221072387,1.0269763023003466,-3.4026935264806815,-3.1682123271058495
5.548675259156427,2.6277359494477643,9.212505005184378,10.190559944346177,4.746440192749674,3.518683071172157,-1.6528381424309748,3.4754336928593634,3.565248283270957,3.0654373412253166,0.13428894254923182,-1.5677229628472384,2.2565424938068075,-2.22589547713219,2.992811528568891,11.806497414962132,-5.406611894272902,0.7734316674405484,-2.913118636103091,1.9757114381110759,-1.9948575631771475,-5.304196803138929
2.3640324849746577,1.8207850783126842,3.2021330419913276,1.5119857874646183,-1.2720480518414343,4.892287790830253,0.651586687557315,9.90443132606573,11.721312333210344,2.1994179844939796,7.848992336799748,-5.2375130546822275,8.10173975416673,3.894775403475484,10.018191840815826,10.39766794051534,5.829405302975918,1.6604808433523826,3.6084010109124787,0.9722077313637283,7.346790355436853,-3.2467987871145425
3.304864044346678,3.712254316088115,-2.772608555258399,0.7379033011935876,6.052530427147664,5.73137053142983,6.099766956515433,-3.641032196404623,-5.652399723364223,1.3868523918476947,4.681808697373741,2.3632363960361187,1.2941864106476721,0.6510078141826511,1.2794468127106788,-7.409658469868885,1.0442321107590924,3.020052576880398,0.7274888764870466,5.155560681093402,4.166272067501914,-4.967057393519424
8.68112127764314,7.862074041855114,4.416680461054928,6.827920710094252,12.87986799294794,4.148067154201984,-6.031202486879794,8.603215405909971,0.7583691219730259,-4.576564335894534,1.673219305957078,0.9069776652156818,10.347370766608456,7.508513512078229,2.365674845011363,-2.0171356836438337,-5.863017419894775,-3.8057904265973352,-5.182566406737527,0.13041511753801427,-2.7485984588743664,0.19924880812888757
4.725351906121639,6.456802855521061,4.031035076856102,3.6469646677244345,1.4050116891300677,4.308198207921438,8.657748815808516,15.774718162934887,9.400888135739928,2.4213746319040754,8.853780776653343,2.151210910147085,-2.550244865851309,5.172257824949546,1.532131700406109,6.297573571540132,-0.7111764328485578,2.4495815173999227,-0.48377586129038685,-4.752991799015756,0.6070993429565776,-2.9147987786288785
5.07968655915727,7.360276745742679,10.69831178683836,-0.021638217080444062,1.283570585660033,3.1597237203037016,-2.090695932065742,0.7610749975916755,7.855581233192756,3.0019794372694975,4.894774092413818,2.72770149241803,2.384346874498135,1.6941645009400446,4.973006805774882,-1.5339065696350587,4.712211424143989,0.6819505035808048,1.2266743186849318,1.061215134632877,-2.1794533422121525,-6.376935454035623
