script/wind10m.json
{"header": {"parameterCategory": 2, "parameterNumber": 3, "lo1": 3.000054539987559, "la1": 64.9999836372058, "dx": 0.5, "dy": 0.25, "nx": 34, "ny": 52, "refTime": "2025-04-02T03:00:00.000Z"}, "data":
[rows 0 to 23 of 52, columns 0 to 33 of 34]
7.24075202911526,7.246536024537448,7.006142424997459,6.873146593998871,7.050702535666645,7.064770768699686,6.691899383609936,6.372612053272371,6.329614603249343,6.230726377676963,6.1344413590654705,5.421142929601953,4.568750751367804,4.496676161440559,4.272436624727752,5.487139619195897,5.062681673986376,5.915108359763325,2.3904034076053575,6.140870675701527,-1.6561470143679735,-0.2573858564983856,-2.1332880469549154,-0.9598882669866596,-2.2841129559125,1.7891903988856597,1.200251354530658,1.2783771253273708,1.7627460590196944,0.7806240965926959,0.7050850096397809,-0.7863302443475522,-0.06742137392373972,0.22437534302741566
7.11872581915528,7.281165164827459,7.107373390382502,7.254200929046233,7.178256175615307,7.082351094988708,6.8075079770232,6.77758308949709,6.383427398493587,6.215185819679158,5.957995776970725,5.445853314008011,4.166900342160819,4.111863523413851,4.976230579581978,6.649014864854894,7.595019111962564,2.8377564178484964,2.1297910080966775,-0.06047691556876729,1.1015130023595763,0.6585310509525526,1.3095932786020794,-2.241565726187302,-0.53842083213559,0.08819578685605987,1.7484541912473002,1.1372166687467729,1.2159912181502848,0.7443713185136998,0.471125827848603,0.029330289766369113,-0.33598380610747614,0.3231644732999958
7.4170061108138094,7.535671533141097,7.648297494329768,7.7311712698846735,7.417541604118745,7.187160723894715,6.966860737050325,7.027347096767349,7.019702577167139,6.554217511517037,6.007036800446899,5.328709908623309,4.746398274409781,4.606610214146648,5.4590716806949855,8.046558531528039,3.006220485690713,1.303341252294494,-0.37190249466085895,1.5708273499274783,0.7108268005833973,1.0874052152704725,0.27210764157836376,0.8615054639933273,0.01951778510107314,0.10922011203174523,0.2961242723149672,0.23351305888630644,0.3106855598421447,0.48246961391240356,0.24592698080003444,0.4442241445914191,0.10992311917326555,0.8484279116005693
7.631508168052451,7.675120087065936,7.725573896750149,7.656003117688548,7.795088877929286,7.79849698437458,8.03421882952168,7.405020882425787,7.0423672027452335,7.033114204901661,6.29140659707207,5.678838788956772,5.270520671939073,5.311307424499161,6.590626431272342,4.592952394879126,0.4137649203070805,2.492046880655651,2.0948872686255133,1.0150704348618083,2.8284231531445565,-0.12493509360451088,-0.8223400906858159,0.7192626789843755,0.7817568328432868,-0.45874829717098,-0.33997673794126937,0.15749185179603475,-0.2786762286408734,0.24924486823179867,-0.0018397281991219259,-0.1616611188545266,-0.009996223913016303,0.07484437043983595
7.96140808146821,7.843837699061742,7.703071492910702,7.2478880671072945,7.39297938170262,7.4716417518451665,7.6096664482098175,7.543739098408346,6.872330538875663,6.435160739724646,6.128049348995265,5.63500478259909,5.41418053725963,4.772392678685135,3.488063680971447,1.939052270756946,0.18669126263129346,3.2943612542036464,1.4152108788421156,0.7826529011863023,2.3204833745202547,-1.2193556049878564,0.34232741233294284,-0.40593517525374534,0.3070215939263111,0.35346262123123484,0.08939655027213687,0.6136203297833085,0.026062053269715838,0.14433621135496963,-0.828722625293334,-0.9274484813167952,-0.41735851473342056,-0.21806851588047282
8.017594238410632,8.059716063733974,7.8201822822429055,7.5285665882831,7.25037351959515,7.398547646013452,6.869183435983478,7.659965977381625,7.878206498146963,7.030694662808593,6.222453445517626,5.828146935263504,4.033331909458126,4.665939043626685,-0.5549850341349528,2.2246907043192903,2.1480706877419973,1.044791640490841,1.1444054253505325,-0.5518475179667843,-0.350895772760847,-0.5411194703244395,0.354835808133754,-0.5004258153448331,0.12280624083634377,0.43583206543979935,0.5599069739764525,0.21827939982004274,0.7718086004092833,-0.1389509050661234,0.19786794314127784,-0.9825483784575803,-0.7733292030012956,-1.002033024728949
8.127494441484213,7.711876126928987,7.5368282483062385,7.304145360198265,7.298504756467143,7.791413973427704,8.568139266180472,8.375256843967161,7.538755907490239,6.287086827397516,4.34660561946401,3.3433612272603566,0.43690118463232686,1.6484941899781458,-0.7242223303410591,2.3606903488681064,-0.23440476265623222,2.647897806203469,1.1582282507970998,0.7301842612394487,1.25229428844768,-0.22608725521631554,-1.4982699480577704,-0.27995890982628646,-0.2749587921375227,0.5605843766380935,0.6006883311964692,-0.7300017652593238,1.1829536239813434,-0.4259139711631433,-0.4610748291371139,-0.09451679895808443,-1.285110326681008,1.2387720461107659
8.795718670749407,8.635924612478059,8.95044849864064,9.111825041327121,9.411178659910469,9.179523420051801,8.84924651748781,7.914029056556159,4.904753146993115,3.998720837015017,5.005630659680839,0.6324691048208544,1.6053770825295361,-0.8508072504250139,0.7092738418608246,1.7778992257771742,-1.1603167064306528,2.234382554853903,0.7043819153966385,-0.4354248193193763,-2.083877337843638,0.21903144689741252,-0.6146091277421848,-0.01703636530068076,-0.03432126127371676,-0.14458676693422526,-0.5043778433972697,0.21412964316304015,1.223712743364973,-0.5432323831091804,-0.22930460252476975,-1.2770494040705573,-1.4192940556964155,1.7751718030870285
9.111050735651759,8.926447302969208,9.004113747893838,9.186796468501148,9.175156469726014,9.398892946019268,8.60759638206589,4.662433866417488,4.463605357339217,1.9204331597448132,2.1479986833428293,-0.7178618287340556,2.4912455708033647,0.3846123879050008,2.063132892137319,-1.071451612070181,1.6321166565014729,-0.16585776485440182,0.9281313622305521,-1.2059188129385439,-1.4655732124053098,0.580543534020607,0.4297181661568451,-0.17502751928887098,0.8963095704341855,-0.24960326112794792,-1.1020689451590038,-0.11265538110724488,-0.5153345835269756,-0.6549114211920207,-2.3246674182260745,-1.1115371744626832,2.924962673799623,2.8091102297512345
8.995916870112355,9.057618330191417,9.25980078321686,8.795990339175338,9.261169346984763,9.329237278592979,4.663396206578531,3.060628670939154,2.9944508956108913,0.8896043304198578,-1.3432144290587211,-1.035266261554964,-0.5377571130158427,1.9464945936787301,2.1696980098211642,4.527413368010608,-1.2763061679938001,-0.3481778788913648,-2.15653749378856,-2.1077512517316173,0.2948049922191553,0.8322630009783215,0.8378202110919053,2.3573466291942244,0.053149649909683835,-0.6305239430385118,0.7361978289465164,-1.0213783743976195,-1.2494848465752129,-2.08417461569546,-1.2847179709121592,3.1034576562078655,3.1268406896869823,2.380404209786944
9.67782038124501,8.856601615619766,8.71514971871259,8.937168902886064,9.451209646593913,5.82627453738187,2.5354208278335504,-1.3955036622627401,3.5912963217782776,0.7447454314793224,5.368366698402618,2.6664941035510275,0.8224482654124649,0.19234839023406078,1.2744357553412007,-0.798023282916419,0.7434062311839517,1.0258916870299621,-2.219255341617939,0.18140258357916655,0.6985291619484469,-0.44131534634838077,0.012172805915593872,-0.8360152222778936,0.4477406594034612,-0.5685198118436016,-0.5926964902781816,-1.5974177785281698,-0.42416950719266144,0.7578393996006515,3.3341836803696054,3.19964606470751,2.3855930180529423,1.9595451501633998
9.043811451377067,8.711563961222542,8.436428900197201,8.984949949138503,9.722208899633639,2.626784599558059,5.420055707197279,-0.34280167178392673,2.615945543244698,6.215979177517183,-1.856315643017303,1.5894966012370368,3.8713541620472363,-1.4029991584686745,0.8140679989571198,1.0638227709695887,2.7450052179019786,2.225058212624957,3.498069594493476,1.136447146372762,2.2973541143895835,-2.0915570953956957,-0.30456104639604364,1.4205837036355786,1.2302586846286439,-1.514001404433182,0.021454349077363932,-0.4438487701880971,0.25991986329410344,-0.006896658638545633,1.7808377245801537,2.386675881019466,2.071741842963097,1.4220217712280068
8.889979756094148,8.432419313008936,8.093217109150677,9.327416659735839,6.178545876063564,2.700812505584453,1.6267671703535311,-1.461815755345639,4.435206687901941,2.895197170961911,-3.1436551528177548,2.1841680521784688,1.6461862997977132,5.607799695789407,1.2897724008467815,5.7721017731139606,3.2351650985183094,-0.9053836040935269,-0.6926095944241152,-0.17583098877477724,0.9005762567188362,0.7989353521484537,-1.044086492068033,0.3828200410695547,0.24018786949012588,-0.5848319646097478,0.00972374216550947,-1.4105966627641149,-0.013028229110560228,1.4271933465207587,2.155460174626796,1.9283708798242012,1.3849233499905749,0.7087269900917398
8.59582860884585,8.07586834432699,8.152626383482112,8.736433250184866,3.2534081447764898,7.550998811700758,5.3992104649556865,-0.6703172032232918,7.570865500758525,6.749144734357097,7.900146329277554,2.7675459389850463,-0.5258581844492117,-0.31096230682645964,-1.6674987614756438,-0.4679594834392731,1.7593850089771934,0.2484305305312865,1.4207518284756988,2.1283262304336366,-0.3012410054578195,1.8459224441151443,0.15457944971784315,1.4519261714551366,-1.0114146867551572,1.0083889670682389,0.5386571373873849,1.2638083043178738,-0.47498811889380405,0.8007647732580625,2.6011323531850175,2.075341655179712,0.7704014460609262,-0.3955249317478571
7.521515689857819,7.152033121989183,7.163792515909372,7.261886160373471,0.10765777634758965,0.24662318114337423,-0.09672300636504876,5.507979437587958,-2.1169010514128064,0.3030772260060838,-0.8435193665383696,-4.071620796290805,-1.1951119945755146,2.736687676314337,0.0004925377974171123,-0.49776400187624253,0.14751152810837612,1.4983278137781433,1.518812189805736,-0.6228242745838537,-0.4902670352088759,-0.07142688593913712,-1.071110645953746,0.49713334042095425,0.15646626428584243,-0.9327987142438131,-1.0549435253683095,1.280209988302771,-0.06354096008954332,2.0138662677662884,1.6415066313847222,0.9072286025768939,-0.09493791299744929,-1.0015786251096181
7.170721127285125,6.6100748349986285,6.370896475510891,6.574830771625373,-0.2720097663832368,-1.7474933710544978,-1.9714714304392515,0.7571780767813734,-0.7788566822696014,-1.1337155797005025,1.050170802701133,1.7072799141701644,-3.318092786366208,-0.6864703756630197,-0.38699148295437646,-0.028633568802026547,1.264066738968749,-0.5873082309086425,-0.403081874231778,-0.6174891023451531,2.646769663166143,-0.034928503548934745,0.042715726949432695,0.1317539634628888,1.0118162016091228,-0.3272488986377607,1.4227292916308143,-0.007539413200535945,-0.32116610704823495,0.7897918077583005,0.7290502426243343,-0.20432256025079895,-0.6960664366353113,-1.0843564410126523
6.769735765626915,5.8670947268497695,6.0773602339167265,4.672920770923591,2.07179236407689,3.4524937480932087,4.187782009116139,3.1072034589867084,0.20694320458880922,2.2919377774307614,1.9240560320058269,-3.0344896824842884,0.9677993253965959,-0.9722637545797858,-0.1375532931934988,-0.18385864337707475,-0.3713960908533736,-0.4182004421835782,-0.6834416343589389,-0.3535361323622496,0.5544044266774938,-0.15642004719615532,-0.1179675070903058,0.8581442719403113,0.40662373030191545,-0.23509506711485187,0.07832330446347346,0.2116639773848305,0.5472242081789362,0.9267094727980655,0.46485428530023254,-0.2560643936622002,-1.3690572420059848,-1.4960741748826458
6.365556178468498,5.166767202841037,4.84088470945341,4.655977306076579,1.2411846457093239,-0.1267823110707928,2.661351697413404,1.7472150326112246,3.171248662035487,0.9688562057902587,-1.973994745687723,-3.2565914881121425,0.09529322457274499,0.6515650919524333,1.8764013872282497,1.1310882919080751,-0.7231633468732032,1.0537242668492324,1.8570129898741008,-0.3304072628737365,-0.2429991961685378,-0.5148720940570847,0.8673161791903754,0.7494373848850329,0.24729793988230936,-1.1469649287896582,0.20517327475893632,-0.6283195119518196,0.29244693856206655,1.555863702041774,0.7977099904970186,-0.9864123699916572,-1.7548021678112067,-2.1692834184366
5.413178850851845,4.282869009222703,4.353461147410315,3.373005138639759,0.8427120011826233,1.3853882981882866,0.8698600891323237,0.9961558381525037,-1.3277266803712569,-3.4908513371458043,0.626668052965318,-1.2577569140082419,2.3962337128968394,1.6527527195599276,-0.6500271707467843,-0.6780774886511389,-2.296603978842009,-0.3708648608493346,-0.3358548068310203,-0.6158097402734776,-0.739020082743176,-0.26862392750305597,0.791502920006081,-0.8953189356199155,0.41841887570047,-1.226879591297692,-2.569501530198929,0.936965735788425,-0.13008865068450576,0.5116336035141162,0.33653122961974574,0.0543575700138084,-0.9313830703282115,-1.5747267141513146
5.090240913855619,4.144793526942223,4.158318640016546,2.8678210769373367,1.3738706731420607,0.6325054195640163,-1.4279874495217608,0.3272443501422224,2.8743546686843056,-0.6704294174093703,4.464985481602583,0.2610472538150741,-2.0440631388378674,1.1658639888898703,-0.8950002647939067,1.6472268923098978,-0.9215525852273468,-0.8930890612020674,0.9189039394192675,0.20012860927562606,-0.26966224150814166,-0.47428535243140246,-0.5924759409439219,1.1475372897011764,0.17926378893239106,-0.9587376613249619,-0.1803407552727879,-0.6903317538070224,0.9630558298753912,0.40359183846689217,0.11669395928542131,-0.1728232764080862,-0.8620674967489667,-0.9580781221538286
4.173730105534036,3.833514776760709,3.7948443808296233,2.7309474431512073,1.0501575901065325,0.7562183196143174,-0.08686766317119325,0.33867775758853663,0.6218178781576512,1.0070990520464012,1.4254169393204246,-0.3472977134454209,-0.10745346316416529,0.32985085117656693,-0.12461404809852003,0.8016742182803143,-0.6093758130306707,1.2390341492319237,-0.7875365120729431,-0.5375971839900952,-0.56405820475569,-0.028350214714096492,-1.9285575184027952,-0.8687747064156547,0.30109027012099837,1.5023453263130773,0.7742015080513811,0.009910704658238421,0.31987038960766595,-0.24816978463743455,0.9306296542899941,0.0015326727888639276,-0.8187243223564018,-1.7601213815224164
3.766621392684118,3.0334907102798763,3.3199533930206844,2.671248452040571,1.8230800677592556,-0.8513389284041121,-1.5870428725961092,-2.2347101945386174,-1.3668013298705395,-0.7205705782214656,0.7114370019185203,0.09492211403226845,-0.1870460768568508,0.3891052513854273,-0.4311427121335764,0.16841394958193787,-0.45482148418109164,0.7896502408140322,0.17479841678975222,-1.1054810693122699,-1.5074506037451179,-0.1389687388959356,-0.8525497344211646,-0.003978215332012136,-1.2912378764181862,-0.6328156176123342,-0.5070887909010331,-0.43423695557551534,0.5033645885627066,0.8334163124475582,-0.5235928461913125,0.49296777087633686,-0.11931213323252354,-0.8242601868879968
3.8584421917065184,3.2847487071607,3.4140153055365983,2.5439735094882505,2.0899658106154204,1.3208994041555076,0.82981481739903,-2.6498700601480167,0.04881482501618213,-1.0318597682123958,0.5683083696466128,-0.5434597584785809,0.0326394861760546,1.8228807568841874,-1.2401471831594593,-0.3147363612614917,0.598194111096969,1.4186289550172997,0.07612159731706088,-0.5711047750983318,-1.4943822163131368,0.0345183147335474,-0.4795115162907475,-0.6927749619566798,0.7483050974974828,0.8188281949100241,0.8858182088780368,0.783475833401434,0.38397131471180285,-0.7053299477356646,0.28306308137169794,0.9966194849060385,0.11756415479959846,0.21508322645106817
3.762106286464648,3.1412642444976178,3.0620904783835208,1.8846351327622635,0.8901582578308009,0.01455141499843222,-1.8681398026203209,1.3288340728629493,-0.10698457146575796,-1.3742919761591579,-0.39621743348637417,0.4722385999313735,1.420905675561002,-0.30787964535828133,-0.42592772651268346,0.20964729120470918,-0.17179756501338045,-0.017414845178888104,-0.11701609713417553,-1.3189907241913803,0.4876533599140923,-0.9921740231906752,-0.37590644477335844,-0.47428234937452557,1.3607241619081762,0.6513698475156083,0.24752399420650248,0.40311537004829806,0.32989628210354777,0.9715623888699869,-0.08450564246082316,-0.9599637994244514,-0.3401611415380018,-1.422280787079553
