script/wind100m.json
{"header": {"parameterCategory": 2, "parameterNumber": 3, "lo1": 3.000054539987559, "la1": 64.9999836372058, "dx": 0.5, "dy": 0.25, "nx": 34, "ny": 52, "refTime": "2026-05-29T12:00:00.000Z"}, "data":
[rows 0 to 24 of 52, columns 0 to 33 of 34]
4.029579228936263,4.550002103462984,5.486119848761908,6.789728172284897,7.182165189503055,7.381127851718082,7.065678426369184,6.966134055251088,6.762240540944038,5.829984282627615,5.210980003802929,4.374019354945586,4.36323378420162,4.159749527991328,3.5289349216765102,3.4951273363195554,3.547796309559063,2.523043362958927,4.046131557270168,11.409599956264646,4.54218622948821,3.7927957727258383,1.2771472219492412,3.3408465595962804,2.6265589272903567,0.9525326697115636,1.3924006960909803,2.584239389644805,2.425683883151936,2.0917753775999044,1.3105178247967244,0.11219234603602514,0.6166193327002156,0.3265187599841312
5.919025224866362,7.5483583447386575,8.03238499465419,7.764684039766238,7.903639353562324,7.7984485831855785,8.600611653493441,7.351533092823946,6.393584231844101,5.5758117926393975,4.857145363290245,4.66360289359284,5.0082096237997975,4.656647837350423,3.1803881488652714,2.1744121512173846,2.965940918011647,1.571971556136286,6.3985257348636795,6.103260749038519,2.333099555442026,3.90545895993262,2.856855775284362,2.574275072509736,0.8494907610963867,0.6354265442257888,1.4237348123103182,1.397822941470478,2.0381917943616332,2.063583551599751,1.399474060439293,0.3825294133924645,-0.1707644055385271,-0.08541877292700124
6.152055672882715,6.428662661050819,6.54320932251037,6.685302434749853,6.668065737064069,6.558633002547482,6.851077101001674,7.066611288818517,7.062972842334807,7.327656071786842,5.05341448358164,4.032734335796929,3.580323537314028,2.1239074895901022,1.1700111314026465,0.5570012987450238,1.7148095224725004,4.000355821976318,-0.7803075578748996,3.679879083011665,3.764579192557345,3.388055255278166,0.5343553655885669,3.3715525458324764,2.53208816220196,1.4527539951746553,1.4710541478560648,1.837275304561372,1.965625107084254,2.03678188070778,1.222713949716854,0.5556624212706829,-0.4054606869496662,-0.6568114903604255
9.419462694945148,7.731786348275265,10.627646037997957,10.597637238820113,8.342534637319815,7.580543556044636,7.030592305759585,5.961294096771312,4.845440976119047,4.8576138914732105,4.3690146501418585,5.280065819695937,6.8922134969264865,5.78226214208717,3.4986422156635357,7.728945256690726,2.8751084678100614,5.101644887343477,4.666360675229628,-0.5262471237091642,4.508887859930228,2.878537329262504,3.567053115095246,2.3862057436965642,0.9509142695523177,1.8941251201945895,1.728759309776289,1.3147407357666145,1.4687268454571063,0.9195190797953408,1.0017543246439171,0.31776549031033763,-0.4602543641273289,-1.0291247474343501
8.177782416129467,10.290627861597304,10.631280652420795,10.975469155916636,8.361075310469353,7.422890324886932,4.64170254154907,4.377498854516595,2.144168601616294,1.096420714037214,0.8061264389374578,1.7797525692775698,2.4671019730960473,2.9711351814200895,3.8125552128732316,3.1038546641024083,4.446667567187649,0.3189674668654165,3.012207274245238,3.0061022914820046,4.540636611598969,3.3285725045078434,0.860313380326067,1.8511103040417223,1.9456321384402322,2.131213448628663,1.4883958014801721,1.3146499483076026,0.896796253152577,0.1565933027558587,-0.026629978337499114,-0.030901622022965473,-0.24870507292372657,-0.8887567559775049
9.324679848646177,9.68571495067412,8.203092944147436,7.5775866294921,6.142250532091053,5.350208963275998,4.514393482956498,2.4456608969355953,0.2744017758062172,-1.6470316614804221,-2.7478825911086644,-1.4409772509627992,-1.1426401751880126,-0.20139960100378235,-1.3975406025376045,1.9961604843691376,-2.584210466565738,-2.5968763837011313,3.153075082792095,2.2772756823387295,2.309651669794675,1.7228999505388594,2.09348763119785,1.571248584906537,1.9590326486932927,1.3969597086889125,0.9998896259821918,0.4884502558345718,0.9591611635785937,0.45917867027431797,0.4199744487460134,-0.3862065514391066,-0.24020311709185407,-0.1819199348919112
7.92994872705237,8.99994122893306,9.283573818302044,5.095933536608589,2.8954598560999485,3.230260118916405,1.4831383519673653,-0.21914644108330628,-2.3816776951949667,-4.181826201623799,-1.369195995018302,-1.5236682503279737,-5.982943581723692,2.0571853174655153,-0.859669711704428,-5.345560513659396,0.3310720266085675,2.251133195833853,3.2489862242479903,1.5586270778701794,-0.40330075620847644,0.3497983275828593,1.0804028415741112,1.2939042843065387,1.2196698560401302,0.8420138765869885,0.8361571806632574,0.0040088377281178875,0.31624490370939284,-0.9368334953288562,-1.0135555402274343,0.0004147941319769482,0.3327103062101464,5.590161501977851
8.20787523490952,8.969619112429793,7.4109212697940645,3.850345344977481,1.2535951264132879,-1.0667777770723599,-1.3365109266322233,-3.414969762190511,-5.027364135271853,-4.157817511820127,-4.335575933776771,-0.9945247361853963,-2.7823033911861197,0.45837968614600616,-1.267199201120677,-2.505139700019362,-2.5546033093964673,3.366507524141868,3.004889818544592,-0.8454089807325829,1.568746610514593,0.3660800175335521,1.8165298522386175,1.359943420397153,0.4288473516920714,0.5076312904603507,0.51426070528595,1.3946619442766879,0.6500710153717926,0.005018318234793077,-0.2521554497936868,-0.33852931121348384,5.2392561796727,5.790023253866782
8.48836221728026,9.79551041994343,8.554030629183687,4.953799022575055,-0.028756674613011478,-3.0340452262791673,-5.801746095098678,-6.612200424430636,-5.6407991414773875,-2.7358719904084534,0.7780127111472694,0.30006317647059105,-2.7514211625521288,1.2817025534183495,0.7061198728882787,0.6501628835677192,4.333092302049615,5.112437280329971,5.0304881388010285,3.990155480208271,3.3941973344770004,2.9369836551747026,-0.09331822289416039,1.3628225600534931,0.5396421969299467,-0.04520205964060524,-0.46856586703957137,-0.18427083688202708,-0.182696647380001,-0.6513865653007697,0.5058098529918513,7.071348861472738,6.134051199505249,3.2392604698240217
10.395871191361792,13.479178191961307,14.822495757596286,6.869466400705449,0.11638273843652724,-5.563809811339754,-6.9603563888640885,-7.471859244371674,-3.3016391344931146,-2.6450347656519773,-3.6040729709399333,1.92320927302535,3.7043221798217054,3.0368251931467327,2.2499075868873986,8.299769690166242,4.910378628204823,4.791249966865911,5.040011181551978,4.40050341928606,4.284795759118391,0.90302410311682,1.6302909351262902,1.2652641461411855,0.5485936975224659,-0.24404245414246775,-1.2082947064004894,-0.9340171462526202,-0.44357360727366435,-0.167115174045468,4.446239825130317,7.627383901253149,3.8443342445898887,2.4880038239703706
14.787086649351703,16.078958637281715,17.106526499078267,10.292249609886715,-0.5176745209061174,-5.700737479744387,-5.710584321794732,-1.7077530751019878,2.309464490593208,-1.2440334347563675,9.141547091871171,8.418894259456033,8.478107538041503,5.852323823387383,6.8188646216440105,6.435497817330313,4.999803318927407,4.409571678017133,5.978716019502197,3.3306768563176194,3.011530189895817,2.6235246484798527,2.4059497419380524,0.6986702746073844,1.2117500722960803,0.6218387923717196,-1.303789069331621,0.06175590468304709,-1.0247879773852577,2.337102103925055,6.263723396252061,5.209517352550617,1.7946754671829521,1.1813211969019979
15.848612930363064,17.211080227347615,17.16950124780944,15.226968985420097,1.1129996812641656,0.3885833859199459,7.4144516558217095,3.1750422282522863,3.499703202384144,8.715420415642521,6.444190507700532,3.696874330913496,7.568190769994688,4.369582415601401,6.6898737414494045,4.942487184508733,7.149271219404881,7.9197804405271635,5.920442460723993,4.01315883265168,3.926050813184909,3.209142917043649,2.8921576102714273,2.4866854747474725,0.7684158971270767,0.13162343708988314,-0.8746408355745684,-0.9846522690422199,-1.1792650902268522,5.364129885991183,4.508476866709587,2.863866810314868,1.749840306018484,-0.32099274389653515
15.997354317612277,16.428806895737722,18.156924764556848,16.03383896843313,9.798431614319119,5.838259329453925,8.58152231052655,1.5681969895915902,6.901618016077177,13.539381576241134,6.482228767055832,8.792439131881803,7.866271828043033,9.587041254494384,8.340038758120906,8.087752321012292,6.633235812840558,5.031506768802216,4.1785035075452015,3.892651767905159,4.240165983269187,4.001322949230929,2.795501979582839,1.5924363919033737,0.7739097810095962,0.27993934639760126,0.4456940057590334,-0.3605369035147525,0.06640023015577341,7.30002842494101,3.770715178765614,1.5618579460917539,0.884139129461835,-1.8625450726444397
15.773449468128423,16.302565619105255,16.235901458355578,15.411530911557819,7.859331124470903,15.123081139008749,12.421123935714267,4.752923451143898,14.663006572565704,9.946807422531773,11.582749867910254,9.212403567766268,6.542997961950747,4.3487652180031695,7.408608527413453,5.7971316161683255,6.89604556262431,4.859759203114942,5.805044150454627,4.135710584824658,3.1167565117482416,4.402324898205757,2.207048173623408,1.7073384401108085,0.7040557475602323,0.3816526586840271,-0.9934590536554889,-0.893967199201088,-0.9775003763234047,5.116233957043011,4.482859291997423,1.0664749437040955,-0.5887461299956364,-2.3222520944561835
14.429309662651711,16.057225487833865,16.343094021041615,18.165248435955203,6.465760103900704,3.982770975943728,-0.2727693917139889,11.522926037703963,4.18578756277649,2.6111096934644706,4.206712522384276,5.376940639567476,8.037648555831122,7.131496615339373,6.618686937612816,6.61725239620381,6.028212134758684,5.46088197536227,5.15062322579512,4.186325321431949,3.823469574208036,3.0814209731979627,3.1339302965371534,2.1099777074930106,1.6511420712977731,1.076547882237305,0.5664618618443955,-0.583511617681606,3.4726679150183375,5.600184433558826,0.7148479032618171,0.9507855165398853,-1.7697762510321808,-3.0508708534423743
14.793343960591235,16.168917661931722,16.959746698002824,17.261727899759155,7.970124985866096,3.4110810449793703,5.215639422719113,-1.1797098767470453,-2.2182192815579698,3.3876289328415203,6.700967287645582,8.450341027584988,5.961593422901305,6.055229282196129,4.64003639889647,5.600843592775882,6.810199550430172,5.538427969290955,4.161293348404576,3.808608900337577,4.183834520864374,3.5637819309146317,2.8329876746172307,3.422771466594332,2.6255249195488926,1.4115251912603946,1.0550405982324433,-0.7756663974907854,3.19948935379742,3.9764769530758812,2.4647039579124312,0.3263234391045148,-2.4149743802176853,-4.227402399952591
14.642079815423498,16.12063436994659,17.62878091644939,18.12684727492213,10.818601847247486,11.14918701149796,10.07905920016928,5.358164250387788,1.9718218638452922,10.363970632256514,10.400500391421911,4.792465084680313,4.748636292769817,4.43689660253114,4.238801363195187,3.6449028332763502,4.942992378492041,4.015515915866414,4.297296890129996,3.962052575453776,3.6244279591395214,2.4214874726292734,2.6300534283275865,3.4307311027234415,2.4865508852292737,2.0083913320634723,0.013658658153191899,-1.0447115670613079,2.347390015477691,2.3974995018246794,1.129419618928668,0.10467771632714853,-2.601677061658836,-5.021709680486216
14.073303765957723,16.382174790415334,18.041231387198987,18.203206077376585,10.760357599164205,5.100770858024239,7.812152135829646,0.7730742177515817,9.182293847383166,9.263491449204745,2.862817678835475,1.2882687562957609,7.472766090608998,6.452726115198078,5.930686306586865,5.1174895416269965,6.799866943493336,4.700287678772886,5.214917622347088,3.4745284219030967,3.657458110714693,2.6448096271022217,2.552406798308007,2.384628148522676,2.5505475793110595,1.8940077266861743,1.2764706819565639,-0.1145932935103281,0.8084652755964592,-0.4878978435287505,0.25400995289757994,-1.2875094939616663,-3.0637040486537424,-5.630200034619134
13.547341033375197,15.95518667765492,17.57538286794061,17.877320282239946,13.838630739301902,6.668363465341171,8.835965176674325,3.857938708146153,2.370522062873023,3.9421387306471,-1.3258611263266524,4.566230504909708,8.840571830551188,8.401809234348988,5.040701447073808,6.141493458954027,6.5240716773183784,5.710422489442728,4.0198945927798855,3.8590977982627432,3.835105235408019,2.9382210484663585,3.036002338310251,1.1382942629104187,0.5091253865542469,1.6804250506405383,-0.1484090030668134,0.9668818446461078,-1.1835508784940734,-1.5367206671208133,-0.15469624022894293,-2.212932565678151,-3.806627724484284,-5.972376791943386
10.759045067630556,15.100179393708167,16.82171737391875,18.27356194051802,14.508163462078485,7.611667538625402,-1.056100327232415,8.810729998845485,12.35297027307871,8.209486679123797,9.186377403246228,8.858521615705968,3.736133878188309,6.603906481968039,5.341752707654994,5.6989148983526,5.781770132323371,4.902637080127372,4.324930652053783,3.9131359347888437,3.958380546846601,3.1650617734536333,2.4947724875706556,2.0183729445593097,1.7201633693793275,1.609528718024447,0.8548173233100309,0.2718579733548557,0.955209647524607,-1.277842962972278,-1.2600518131372123,-2.7232978205144973,-4.688172665908073,-5.61751203177476
6.535085382351312,13.35912241541697,15.568661599720656,17.719354860115445,18.206120296573587,10.148223129887064,2.005781489832748,7.029666521199857,12.584074232154038,11.503670813669268,8.72380190197851,4.7748098603421765,4.318554165242883,3.7122490326533035,4.6063794439492085,5.733126661865234,5.149089202113227,4.935678530185069,4.108101097837439,3.7621637811436703,2.6097447339608846,2.310510085905187,2.421268274491528,2.090844607554725,2.1563304374442755,1.8915088165683085,2.040112423041621,0.9586286517752257,0.24807579223768722,-1.6274706816825417,-1.1130314374322035,-3.466900102448198,-5.280613388914782,-8.265062218361399
2.708002584482311,10.805365587262287,14.514012437023847,16.44338551948692,17.53248631256339,7.845595052029652,0.7957933940629764,4.904942984057588,6.994045668335908,2.1735117674251656,5.5866951456106575,6.111424916724431,5.360990442576906,5.230535537989562,3.047565897906195,6.614887836499939,5.511341373248391,5.828039254071928,3.8468016793361226,2.8991496196171074,3.475799273164404,3.3791458530957343,3.260150142871059,1.7940037315513133,1.4299070819704425,1.5858719946368551,1.3655119553661121,2.347722307676991,0.534451965422715,0.27094218631183487,-1.901084028430125,-2.6687002171463767,-4.230906291166419,-8.600911719509583
0.7544762847424094,7.093639126620425,13.646370305327151,15.374012333580378,16.80635484347091,10.923292797887793,5.6949955631354925,3.718967354843418,12.265746032658399,8.13969909650378,4.529120720119697,4.984192429093053,7.24120747995817,6.283120280903083,7.101165001427829,12.531859936246972,5.767751359645014,5.200457293311509,4.679117953053605,3.298272236773668,3.4613701721661094,3.3902749347713126,3.9087578094856994,2.3961269945827723,0.8526428759395394,0.7692560083145863,1.2466662868725444,1.5477386882595086,0.18640554896317424,2.2038960337198747,-1.916600962231757,-3.020435655567916,-4.8453274702993605,-8.16854882416167
2.499852550377809,3.6799253347606298,11.26405812359455,14.148200523736879,15.684794895531779,11.26675955094176,5.647061897101301,9.152231095155035,8.522124346595634,6.7147288889043555,4.324070699311985,6.05770977018362,5.253021462703419,4.438970065742503,5.639664522431845,9.210907454224339,5.99065989664361,4.101245700262199,2.873343035437388,2.7287242425068734,3.9658788517077586,5.696509362207102,4.039269653472913,1.9903556755025953,2.3200702104277773,0.41587564491062073,1.1216516914661663,-0.5884925321380657,-0.45493410773549053,-2.898737434298506,-1.9674837286362483,-3.2189607610467834,-1.0416129135283259,-7.120077860201428
2.768787526195795,3.985121072876747,8.58442218482736,11.114162850026721,14.664731713607003,12.010031828847447,4.959297887411548,12.162446469369733,9.45984703651566,5.1266174772735145,5.069906224814523,5.874107323499548,5.2680195864348525,5.652245736784574,5.203813860118255,8.538274766389817,7.765661528827185,3.551276429951659,2.9444173891148013,2.492439463485396,9.891616057396563,7.015590694289227,2.1315984404968624,1.2549071244731949,-0.17994810745910425,-1.7371615935015845,-1.9326032697878894,-0.5701055378608468,-1.3743493369841635,-1.4409952201851055,4.664451005176772,4.933871895726871,2.82954781558056,-2.63744549000571
