script/wind10m.json
{"header": {"parameterCategory": 2, "parameterNumber": 3, "lo1": 3.000054539987559, "la1": 64.9999836372058, "dx": 0.5, "dy": 0.25, "nx": 34, "ny": 52, "refTime": "2025-01-19T06:00:00.000Z"}, "data":
[rows 0 to 23 of 52, columns 0 to 33 of 34]
-6.088379056176593,-6.397122553396559,-4.706101753723488,-3.334913278302214,-3.107116847180749,-3.202406208112303,-3.2698573798375756,-2.2889194052689605,-1.7209062588772874,-1.2091017936990303,-0.0645443910928494,0.8878165788132022,2.0172773693286854,2.9301400794629244,3.2321311188371995,3.925669629482762,4.320268873535373,4.8669414469786085,2.284593424594712,5.403042802930283,0.8845453085054357,2.8740218535128395,-0.7086389627822761,3.7553321980265433,2.30630237563043,1.2209936790547855,0.8775863366625896,1.2406072575528375,2.07257175525087,1.28703528650161,1.3786624870601416,-0.09930059851080665,0.8537079693820581,0.3692873867132668
-5.192688560279608,-3.527067880119787,-2.131881239480156,-2.0056951458824015,-1.3933418340262689,-1.042922456607931,-0.6296591263529677,0.6920200638203788,1.5291748440428239,2.8047986653736237,3.7860957011417042,4.380027848079086,4.726846557502404,5.245098667504756,5.624814610584076,5.217314964508995,5.742502778046766,4.344357658036489,2.6641413004675765,3.8332622720532386,2.878887599519236,2.8300985197590216,1.8112786203919085,0.19022097817718203,0.07116829135380293,0.22351739240493274,-0.528774924109966,1.5540338235129798,2.4485669953301143,1.4913486056723089,1.2828119022948068,0.405403007509876,0.09233582127358778,0.9228213904015544
-2.461452501700335,-2.664437038620925,-1.9988147589680512,-1.1113878966485762,0.3510225539690875,2.045097070007098,2.6531967991512775,3.694784406419931,4.821324851407557,5.938459599810918,6.6126231090074095,6.772633358248315,6.263196587878579,6.1217245570355905,6.32990201425693,6.963842860131487,3.21424789425894,2.142607500019228,2.430168200705786,1.4587889409474246,2.0539506201956828,2.2303625493107706,0.8715632753781781,-1.5875886718448373,-0.027452415954393274,0.6243610623862256,0.9955015988405771,0.9579406964028114,1.0882459198059515,1.006435592317062,0.9500201395232283,1.0915517151046783,0.4083294621613666,1.2918553045724401
-2.0332857934117143,-0.6743820778726579,1.3152807818296048,2.064670842532657,2.7918763886118114,4.45300726576489,5.9526598968351205,6.567077776540651,7.522123780573303,7.667049491070742,7.734798061920881,7.339150494960225,6.588424613635358,6.433740328260597,6.681479694754948,4.861389605452354,1.0680156152394429,2.711016198186363,2.434063850777688,1.6541927262853713,2.0957316443363907,1.4460610022846114,-0.39455173010986655,0.8524581625702423,-0.021591924463473213,1.008372991897298,0.35417466009926896,1.915279802858657,1.4646661554555716,1.4896896592082285,1.0546229801328983,0.865996372304465,1.4186598336565197,1.1558714174913804
-1.177772029389869,0.696498042050187,2.5199287868990288,4.105660689009857,5.731528892038308,6.784408820415722,8.096845560808728,8.979300853393132,9.387810787900522,9.028085235144548,8.254693125485588,7.600247507949189,7.390371697430524,6.4013727183108955,4.464910465653472,2.7708334454048678,1.713175103191707,3.5048142028575704,3.0567339401439493,1.6708833644013212,3.029317417689721,0.3065225524560269,0.27701507629282995,0.2180471886491964,1.6284418990528713,0.82518273282773,1.7356417198046283,1.6024844797804039,0.854292928336074,1.2875531232186468,-0.02490803577995865,0.4895403656727812,1.0127358547455096,0.734836586272886
2.0637360723338163,3.9097547252940603,5.836990931090107,6.96063071068777,8.362627892828518,9.58130648376038,10.26450202939895,10.404493273462055,10.190184511191934,9.130653315213483,8.364428335898856,7.879208054376445,6.3319737748993115,5.209371804017419,2.6818305586262765,2.09496799248192,3.6802162188973684,3.0357003812895913,2.175004252162917,-0.4305519111999248,-0.10162731729232002,-1.4211829654541244,0.1458517866131657,0.3667672205067987,1.3443034724638907,2.0330136929284977,0.66327059218212,1.097278627167455,1.359755467567006,0.0753456632546446,0.5599405929971051,1.7857416765638294,1.4430197657351456,0.6293061877884157
5.38547659721968,6.554511329515875,7.781145129041449,8.828555660486279,10.315862976260846,10.848090730882634,11.768668255533987,11.448508634302417,10.306192320515141,9.080702367648415,7.853028061318025,5.189242318644449,4.23387688791181,1.957424381227199,1.6080584751286882,5.991999283445839,1.499211152980568,3.1556609656539787,1.8143901424755162,0.8899040850836167,0.396161579631715,0.28696120451157464,-0.15488643653702855,0.8396927839154161,1.192894796002517,1.7306704855660786,2.6026546962865837,0.9566587809038252,1.0638637362886023,0.8335861357742715,0.8067051558826352,1.5076696179029117,1.300047067816211,2.5754795728051287
7.139438358117764,8.156820510199386,9.436244928172718,10.58652753837225,11.583685906215605,12.813319807282738,13.038346839651584,11.347074546385688,9.575892374318384,8.8445460281901,6.29431276222349,0.19715875608742275,2.3246415085326064,2.031914391000317,2.2202103187497135,2.6714703290415676,1.534295184034614,2.4214011304993215,1.7089244463601112,-1.3581409623385927,-0.5047762405102496,-0.9462379083264952,0.10531314940290197,0.6497063558252182,1.439472199978524,0.5090356673232704,-0.434823756676699,1.2953112483616216,1.0123181560695627,-0.16907455570366914,0.9436598967399258,1.9835758621516213,0.3389416427365853,3.401784382305004
8.176500318013332,8.864612867589472,10.911326132284973,12.643175874418887,13.291230235926102,14.349999114724483,12.918086231539647,10.742038730206792,8.61595603952388,2.690160444421113,2.4958120069932823,-1.2080020784733845,2.9279642776724177,1.3521397572185296,1.5345294299532293,-0.6847199038234012,0.5461035839007573,4.311609059920827,0.43422630886584423,-3.4476104634248954,-3.8426313662175975,-2.907970474548628,2.9319360803823304,1.441351089068139,0.8124845679842726,0.261425406863468,-0.18920788353283347,-0.17237228737694502,1.0883785962088997,0.21141933815921948,-0.4822752532894296,1.060489290230453,3.4774836065402117,3.7029899705698814
9.033771679394848,10.396461417884014,12.379467996758757,12.930754653072166,15.069565193192245,14.52063888239745,12.360507702353352,7.318163309781554,1.876522717427741,1.5608326510852548,-0.9620761830545942,-0.20510394200524915,-0.30525065569446685,2.8277911828602593,0.6116160968795941,3.404920624832059,2.671749816238239,-5.264948065146825,-4.646584789998935,-2.4327237198654474,-3.1058473234155017,0.9197456448812679,-1.1471059193139632,2.6280362942965514,0.5508637892104093,-0.6569727181259583,1.1519868263547222,-1.2089641935443953,-2.053484499588962,-1.4929341119644017,2.619773965677157,4.051423857828037,2.5336152678406245,2.476787629336251
9.838215666925983,10.91482899330808,12.547981873271185,14.243258106159466,16.177149068943073,11.042537529992773,4.736974541916255,-0.42099002295577403,1.9857424611453356,2.230530196014874,-0.730791637089665,3.5341273347475064,2.1819967024076594,-2.5157628888594075,-0.9111371546912332,-4.78344925976587,-0.7813090108963326,0.8170391598558358,-7.6685575173786695,0.253541406728713,1.3283121341776059,-0.7596846507079692,-0.3154529463470734,-1.3276649111847163,-0.8157531950449001,0.16641910857249126,-0.1782665199904873,-1.3238290991976487,0.21974369588355233,0.507836576077105,3.8316709818281023,3.9577796181516858,1.845361541581619,1.12563323662312
9.809115723038008,12.000050299879181,12.982519558735763,12.847211374355902,14.751774912809141,4.919475229300106,4.046178486096188,-1.4923767175075544,1.781282250007326,5.018872271807836,0.7133984056350623,-1.659200767687801,0.9850078861666242,-0.09295771280495228,-2.000342314405685,-1.9235355640785494,0.22504723908044322,-3.8370699927204956,-4.139691699494957,-0.9709080237141496,0.8741925848294311,-2.645547657906452,-0.22235666374663657,-0.10912706091178744,0.8786839553328897,-1.3192437417592222,0.35328433535333453,-0.6933472017153005,-0.45544590673077945,0.24610247067464014,1.7363750965453375,1.9847817291781358,1.3469995449941292,0.6126707352563837
10.299886136549727,9.953009338304446,11.64040621880012,14.753473601006254,9.118946794382218,4.923978820960861,2.8349738424984072,-0.8208667913930422,4.151424428614326,2.454934238314076,-5.018204683645525,0.07908978544128253,4.673694344899174,4.460767120008039,-1.509014833932389,2.042591006132642,-0.9219719229852912,0.0014079412990611264,-1.985133803415742,-0.7212947618285932,-0.9090303649181839,-0.1450804181394268,-1.0388148373469244,-0.509591881749506,-0.029362484865449446,-1.3832079073311185,0.25539200791843847,-1.853426863133562,-0.6600179902144259,2.759764192380684,2.411090633697749,1.8022411617208558,0.6541646419607353,1.5335868067477554
8.50702018721112,9.20686309293931,10.573865159882848,12.94751378855947,4.84307765032752,9.690588784771137,5.163683373813451,3.1354383530248833,3.920537678642289,8.53758549447586,9.520138527072662,3.757720770416163,-2.5332206648088627,-1.5801774706551013,-1.014084581974326,-1.5832041763393347,0.9501189008306645,-0.032360491438024316,0.07221277208312167,1.357388346081733,-0.7463947490407449,4.020728706142244,0.5835419762683393,1.1971533806925618,-0.1500064090760315,1.8412396726049667,0.7512404550769758,1.7304409037910513,-0.9573044803827142,1.5404233470795645,2.659597600834162,1.3047232569935108,0.08567633370418566,0.7596648197742477
6.784340297360589,8.936885980985688,8.734944666882333,11.989416690358933,6.147646763682521,-0.39613108358378357,-0.852717248791896,4.330684072553554,-0.9876673144964915,3.241399664557244,-1.6772864849771478,-4.48069884838195,-1.0778944261654473,2.528737219387942,-0.6623625429771814,-1.7057279897524473,1.7258422366911927,0.3998667692038219,2.5946520973162945,0.20998989542794275,-0.5744759803694851,-0.4992440760816247,-1.911936545989434,0.24022620879090692,1.4449543087915673,-1.3407051959985627,-1.343240518910031,1.162776652312682,-0.7086625287563959,2.708401822288393,3.4264353140355635,2.4180626797918148,1.5909130654943382,1.7463050282840726
7.728824927084722,8.810854203037326,8.037335538739573,11.640312720626058,3.5957599108578586,-1.3276425499513542,-1.829423147244183,1.1390584690558563,-0.9555263995325637,-0.8776886764517579,-0.3093494403609119,0.802544776156099,-4.5973260853481035,-0.32464903964808856,-0.9466724412860421,-0.14438539241748355,-1.0424958230030983,-0.19117756217288467,-0.5163269086357861,-0.5010442236486644,3.8528908705056852,0.3766662217031072,0.4864342093681495,-0.15495406460409578,1.913288061716743,-0.02888932027818906,1.9203557593219107,-1.4455388468380557,0.5758362840984778,3.8712645732068327,4.195077310909852,3.2243038664564305,2.7624515624455643,1.9586544652994886
7.3263171647735685,7.563865009912515,8.359901806811529,11.028595756461513,4.792398991371807,3.836714684750298,5.650372748804816,0.010553884449102373,1.4456368345951818,5.288399125840314,1.153001432476045,-5.226466845131592,0.7135506919171412,-1.7925055735630036,-0.33668344058139166,0.9165544386546878,-0.43054969560103507,0.5979264529275699,0.20023673790877924,-0.4918568797033891,0.6608185454535181,-0.639789868202272,1.5200513598971763,2.2763145354010397,0.9283804661302084,0.051028591335550114,0.16812640598593037,0.07688757925160651,1.4726398851232625,4.991077803663228,4.749538423265023,3.672304818722108,2.72864852873491,1.8383504031003388
6.7165723566873154,6.965761952445018,9.227486080704175,10.882374725079082,3.7066589267606407,1.1472590779108023,3.3377673675780546,2.637049612599215,6.389739896487522,1.4454930400198993,-2.6607179970689474,-0.8026727034449805,1.4993230564340907,1.6743310756752732,1.653794111109946,1.7053226343916814,-1.8083053820136168,-0.28550885071133364,2.409743665360693,-0.2463047913160763,1.010838445361286,-0.9920778635665644,1.0054895289811825,1.7347615134620522,1.6965517053044765,-0.1446207156349881,0.10273894022063612,-0.3841835048518704,1.7880469201083462,4.7158576134536245,4.697114135085165,3.3680506395585663,1.935688698111557,1.754313208357585
7.64786210779576,8.342160314666653,9.400687681424976,10.008713994819384,5.006491416283093,1.4627835450071347,3.4537603235613235,0.5271753704907057,-2.401426789478295,-4.554540256404148,2.9760334961885584,-1.0146342874363656,2.145842965282631,2.3282006973693186,-0.17687814242486946,-0.4844014185783058,-1.038846504569242,1.2725033635389702,3.4454563721669142,1.2304063384379749,0.7260136974153627,1.2560229116098838,1.377795205428518,0.07475952451194727,1.9571599042673253,-0.9091802798531305,-0.0868231784845748,1.200900237715669,1.473546002357857,1.5027838094572419,2.260545243289539,3.1115446185655924,2.306831079153394,1.8023363478377326
8.192991762486509,8.182354842319235,8.869226329296172,9.737617492937693,3.275694768702383,1.1636965107692683,-1.1322968190191005,2.6025783101160274,5.832710476013259,-0.6409538057897123,3.7445409328471557,-1.1552903334411164,-3.130538135844442,-1.9517108634562599,-0.5937093557387143,1.9225931982966105,-0.780330152738105,1.1521246669108847,1.7694514939828687,1.2187737683878028,0.9950754965652107,1.0630479480903006,1.41159253485932,1.306287187884616,0.7265333432782382,1.2883168367720994,0.7761206134528804,1.0642273591488176,1.433626505829333,1.2190967534332375,1.1631537401294723,1.0013195797983312,1.5783643796562983,0.5509797510632217
7.8251001748047715,7.551619348479067,9.067398457732697,9.380230754936118,6.317564788008099,2.452468574703637,0.45157171745236957,2.2214321983025798,3.9698743268773655,2.844629054435089,0.36386431164649113,-0.33321675669387496,1.4134426878722353,0.6962237435173858,-0.8739232286966495,0.04212722579017257,2.2869088565227655,1.7706179481780568,1.1883420586873445,1.120697190207987,0.4880355926796154,1.3618985929293483,0.8478239157438251,0.8485473656162272,2.057229618169494,1.0010152139821906,1.0447692702935283,0.8502704529195546,0.953090297236626,1.244931362858469,1.4029539349270639,0.6864066287267403,1.0058502710171644,0.2775590124066051
7.902821253422869,7.321031723486732,7.472856396670395,8.57110546557121,6.67446248490591,2.8629491532859905,-2.226518083694013,-0.7194040295743828,0.1039941618156912,-1.2088475776581398,-1.0419574585061242,-1.2515070063261546,0.26898520849411633,0.6270911794437257,-0.7410194802928524,-0.8362170170102373,0.8946719760786187,2.78259196871987,1.5674441465485012,0.8378301999987178,1.0244317245596197,1.9704002697735277,1.5730876207316855,1.2447022151475704,0.7711129972122956,1.1330232382926932,0.6499667033450925,0.7705794077557784,0.7698081959608641,1.240515758734234,0.7004610429074956,0.39258694547268014,0.04758735789684728,0.3176939565396351
7.005444253514324,6.930212639479668,7.534350586703624,7.814831926764226,6.337946403214937,2.3555752131792973,2.0003196064390254,-1.1956361412591268,2.088922402980379,-3.2007070802838387,0.4567142383642461,-3.008257907241228,-1.19440665322057,2.3400913470205493,-0.9916212712595459,2.5189574697598314,3.210814064929622,3.417394864066339,1.9840058468123176,1.1971310328921463,1.15384029804949,1.3798971822062027,1.7521322803363495,1.5439402973051393,0.7203340984259824,1.088499295498936,1.0043567237154702,1.2807330109393193,0.5417722740865977,0.04456778583345417,0.12262857595085838,0.5809337203829706,0.3346931522885794,0.9582938904974851
6.756667834845723,6.548994552283193,7.1440356049203775,6.802419934295919,6.3704137790154665,3.5229437790396174,1.0737370318319095,1.8535178539328578,0.294860760478698,-3.5899334342234104,0.34166891628509377,0.0944657302833637,1.6768314103798794,0.28206207307644604,1.8228293488199294,2.679096227536417,3.8776357865299995,3.2509452172370916,1.8168472961137023,1.0712339998253186,1.5669660447635274,2.148473578174958,1.9460837021357114,0.9837665577655405,1.787065171349684,0.7350176430928628,1.794292932567965,0.45686381091660583,0.37384853993292066,0.04716003475294502,-0.22285071179246244,-0.2562327294052516,1.100018580471953,0.3895958446508421
