script/wind50m.json
{"header": {"parameterCategory": 2, "parameterNumber": 3, "lo1": 3.000054539987559, "la1": 64.9999836372058, "dx": 0.5, "dy": 0.25, "nx": 34, "ny": 52, "refTime": "2026-04-26T02:00:00.000Z"}, "data":
[rows 0 to 23 of 52, columns 0 to 33 of 34]
-6.516076671032881,-7.083754727562582,-7.312625006192004,-7.732625831077206,-8.073498853789227,-8.448618687575644,-8.832688320791187,-8.855303003867098,-8.702908875764454,-8.66646037997465,-8.820425632277537,-9.864359145402872,-9.151187743259026,-10.315367641995028,-11.171793583555178,-11.177517634048835,-7.375592999369386,-7.067314436469773,-5.607509816900489,-6.993981996113556,-7.760182850942206,-5.60749535615451,-4.506284039685529,-11.998833773246337,-5.081410921322155,-4.66704264680246,-5.214482731646784,-4.679937745587568,-3.3484363432306523,-3.163669376267137,-2.628149423114766,-2.891103490569547,-2.8609698585183834,-2.8150463503921292
-6.1281920639290295,-7.151115070018813,-6.937579232010769,-7.513371694362807,-8.124320483699442,-8.379932893800433,-8.590896879735475,-8.633278176077972,-8.514430139783277,-8.525964813004627,-8.701591716768135,-9.235048982966907,-7.354097883301972,-9.945058224308973,-10.472946708927397,-9.56768656518202,-7.8559536005501105,-5.077649404674345,-2.5380053584571836,-7.498152255450608,-1.4804103706420864,-5.580168872030805,-7.2660177023745876,-7.673966840374809,-6.050827509492278,-5.529054490379757,-4.835799372271374,-3.857040042281757,-3.1600402311059663,-4.559540460583051,-4.370554241734961,-3.088487322014507,-3.3986457800281196,-3.285801378307244
-6.126935515942876,-6.4641753116947,-7.013065448648427,-7.250531892375835,-7.799314725170265,-8.364528005453284,-8.252440643838689,-8.493439509375468,-8.307213103748314,-8.152874805009667,-8.237878060943125,-8.502328150444296,-8.736807107640407,-8.646557333067808,-10.71613894228395,-9.99104009398257,-6.506868001441562,-5.331955767022737,-1.8636462870501178,-2.4528107416742406,-3.237730610421387,-4.708670928011602,-3.0891455550572515,-7.018829153517847,-5.371243132087499,-4.597655888130875,-3.6439150761198666,-4.062596153443598,-3.4036843784271458,-4.205831164767792,-5.121569661436225,-5.1124849225827225,-4.522159905622889,-4.391387784182026
-5.9984746553418535,-6.412476319648716,-6.842232515018198,-7.2622640050256155,-7.872889816240928,-7.821523596364108,-7.960609981185781,-7.891121857014344,-7.743112490093913,-7.8486108305909905,-8.280328929447077,-8.918925499546905,-8.053990517797533,-8.509358219380145,-8.966833634432266,-6.922609804583155,-5.473205588789253,-3.0228617826760162,-6.3492138663933515,1.6383167193932626,-3.4709063595378336,-5.182908508777755,-8.580431765686217,-5.408976292792688,-4.052722135450007,-2.722860210575009,-3.300983832658113,-2.723289285387274,-1.1787035935445371,-4.53193010378323,-4.7792489923702295,-5.16289322855579,-5.107664908074654,-5.356346813795839
-5.714195299010074,-6.2985383721452814,-6.728444303920763,-7.264990514043926,-7.423794880636229,-7.497600631023362,-7.541895508239574,-7.837366881443044,-7.729504839130345,-7.94568060287018,-8.224376903528267,-9.106025859355597,-7.801011839668603,-9.041926037118463,-7.619152803255767,-4.789493623595591,-5.93789011860839,1.1136385361904053,-1.8463203936600592,-6.48658551232238,-7.426865926109506,-10.412670833960682,-4.6080022091024055,-5.354945339081583,-6.427990510349633,-5.737483981266384,-5.184533249630163,-3.3134121040451516,-4.425715340200613,-3.671260677267474,-5.080576685809774,-5.033365781729838,-4.884011011748434,-5.806075939949248
-5.641029594770521,-5.746945031770989,-6.500850460783272,-6.880522052607373,-7.186357090686259,-7.19582486104016,-7.4670727898524465,-7.464925563057478,-6.7490229928902306,-7.175627075790966,-7.923669359025249,-7.81320604380827,-8.397288807396457,-8.220464870599859,-4.649918998553468,-4.427495668997589,-3.0993577976762117,0.42228308006932996,-3.887237424990341,-6.1242995921160865,-5.540377558280421,-6.404881664294575,-7.3025480530758955,-6.501711869635998,-3.8645816801611192,-5.336005692057825,-4.517378592314835,-4.104625433180099,-4.721400428752205,-5.964192450587341,-5.702362454565517,-4.973592152936745,-5.35493529250609,-5.6299057284782315
-5.35266051869315,-5.710560284642743,-5.9895306872640335,-6.594070232122305,-7.327923743763943,-6.649931794100461,-7.193085806621962,-6.884226911641128,-7.56524644250702,-3.489991026521648,-6.207657433894854,-6.024479822500609,-3.028370479832014,-4.769522351074729,-3.7073734308614714,-1.4412589648145915,-2.6713048707074236,-2.9032067079692045,-4.682932948125494,-5.084071944209959,-3.6021013447929544,-4.479198641110346,-4.833455352036119,-3.04977481548987,-5.4092708694687,-4.329837495006933,-3.4362980589715,-4.2342369865990435,-4.426601078989006,-4.384888264704797,-3.6933867655336083,-5.053774714523037,-5.9091534216917125,-5.669095369088978
-5.105453550742919,-5.326002475068071,-5.4991664054490075,-5.591379673574119,-5.919745250642287,-5.9408460923667885,-6.337535562935961,-6.32452702422045,-6.439306556776551,-7.213060774284598,-5.371394100792404,-2.093213051826042,-1.3239071944478529,-5.9827818350795345,-3.261151697984382,-2.6255960276888315,-1.4511601423511775,-5.591044139096711,-6.1217565458004835,-3.9340317730797927,-5.940673865670491,-3.721837635522236,-3.5140407543918313,-3.5176601741418434,-2.760786753840835,-4.4772577412682635,-4.73950329478674,-6.668398529834946,-4.562937491544796,-4.693171264366972,-5.813803954309786,-5.647048874344448,-5.627766670572754,-10.341267837281963
-4.888889971192657,-5.12922345480953,-5.308064231740373,-5.513260188295021,-5.708706293675398,-5.691811519999439,-5.467869813289066,-5.638912540024647,-5.489198580071185,-4.10940394422092,-2.245350850488907,-0.5377836092870514,1.1976728982080045,-3.5373153505884223,-1.7549565260799436,-1.4271195368015601,-3.6020130927004432,-5.812750826762555,-5.605245504265154,-9.585161148392668,-10.807251372901591,-9.084055263530116,-6.643805529833969,-5.1202491489873285,-5.034220396897607,-4.891662553252589,-5.120588622093535,-4.323462692062221,-4.634190228004866,-4.033023960728677,-4.505241676368617,-7.27736258363866,-10.343007078592965,-10.982125526478896
-4.776336215103607,-5.116593933438068,-5.304594695028543,-5.533111933136902,-5.311835779108934,-5.255264062913201,-5.0068810787507,-4.8284518539041,-3.49152446182561,2.7510856204987175,0.3165057841445119,-0.9072622623309033,-4.521026879901756,-6.551541916744222,-6.0008689906031,-5.249913044404226,-6.071879069626048,-7.873497086832313,-10.01654512490166,-8.382338422810598,-7.351346917234659,-5.385619576346661,-3.9127079071994837,-5.907599066805777,-4.988300907744394,-5.4626788136670354,-5.690367958951002,-6.078063860902677,-5.567599852914974,-5.751209318033371,-6.895081597432405,-8.930287633522463,-12.198546125681977,-12.934046070758273
-4.818077881645805,-5.082629463923558,-5.010109814094042,-5.10942540819162,-5.248217361591667,-4.851102289801543,-4.240792405808626,-0.9996423516988305,-4.128357229768071,-0.8317825446229569,-5.0351946909158,-5.219999094547654,-2.541370035319606,-10.223445152332506,-9.090796192736995,-9.586780856757098,-7.258643654901211,-5.812877976220052,-9.102502991609152,-5.657891349970102,-8.534731099215367,-6.796763105803306,-6.449020845453618,-4.838780703887425,-7.089284004303861,-5.640405939633436,-4.634979866922663,-6.305735975099552,-5.028854841322578,-5.8370503795057855,-9.675743993189514,-12.798559689782891,-11.24060452175719,-13.792858615177467
-4.777559247122444,-5.002933292495065,-5.13418805848025,-5.152525928264505,-5.089609774306393,-4.075371728383882,-4.102446196943012,-0.8686511378546157,-1.8637440409645076,-3.206927921671996,-2.6005574202251944,-7.495898198354956,-4.4989601844116,-1.0675768588013999,-8.102224417342871,-4.4086055672894915,-7.025759597154783,-10.158158802865987,-7.835213617099534,-5.312261237384844,-5.9920971467324,-8.013980386130841,-5.123448458531679,-6.334310832071425,-5.721411091039735,-6.310340621396431,-6.4251682582086795,-6.23647890254244,-4.940371904741249,-7.4550629256955405,-10.05489846700919,-12.893170988483933,-13.839995157027282,-14.711208330635673
-4.787848032388086,-5.031062624363994,-5.248827366229274,-5.5111078846606265,-5.0057678102694805,-2.0726081448592297,-3.6818734375198554,-5.093968002052608,-2.1988010999336987,-3.0990178051117856,-6.8974931931851735,-11.510176309112445,-9.828650802802372,-3.646148230699231,-6.659396507225744,-6.1113261781015025,-6.693558029793457,-6.458560422327959,-4.127263573232779,-6.951267818011425,-6.437297978162807,-5.348840938046735,-5.8096196148383275,-5.5065435178963735,-6.781219838422107,-5.951300164074642,-5.663963678199485,-6.764628220691995,-6.667584737754646,-9.404345350162055,-12.57795500314629,-13.539230757752437,-15.199886527646909,-14.247986983422642
-4.598544263281709,-5.146462694729224,-5.485372923189009,-5.825812111976305,-1.7608570059198558,-7.225845693744871,-7.847459313668891,-2.866372967237778,-0.6000995326074898,-4.65446258384664,-7.135758771144692,-4.8646721695483155,-4.724126405320088,-2.446764771987335,-9.998881582421028,-2.829224401344006,-4.874448358610928,-1.5393474426428349,-6.387587120885812,-5.258687237216717,-4.918036867964023,-6.2125483574837235,-6.276294272172922,-7.120297699368465,-5.081765553891102,-7.217580749866059,-5.401789763864391,-5.083043675812448,-6.404949381279416,-10.365558000336108,-13.381554799648084,-14.458951162770704,-15.334736625391612,-15.297555679379855
-4.668681912028764,-5.139202617103417,-5.579548106383288,-6.458442666750593,-3.1567484779446096,-3.3777853357312515,1.5754303568831192,-1.827353186621392,-8.878714863456851,-10.405854085958543,-8.751784764983983,-15.204019197325492,-13.494838702054063,-3.754729608642512,-5.642330316828461,-5.194646437328578,-6.02840447910641,-4.979337401667696,-7.248898380210003,-7.012045778991794,-6.669008064125065,-4.347860883180725,-5.822508591298403,-7.145657912763641,-6.785468528089899,-4.959823208319545,-6.5877608205288025,-6.490757443480264,-6.553615779640289,-9.737013597609693,-13.75578177710858,-15.13633321448857,-15.143321849147615,-15.95681637763726
-4.797379033035924,-5.339213636361988,-5.972002620731098,-6.403979432727349,-2.310808189933878,-2.5845657415077437,-9.018912305426646,-1.781342657055121,-3.962762229381821,-4.263422646142361,-0.490086718631959,-5.648988890375692,-4.408620557461647,-10.019741799603299,-2.9153502033325593,-5.32955840534322,-9.13184157296703,-4.447866294726369,-5.225575576807588,-4.917043218918933,-5.186054299423065,-6.915890048872388,-4.270333703246247,-6.522343436486607,-6.314599520910755,-6.572398575870116,-5.596631834594671,-6.089683534134473,-6.35073644300512,-11.536039569024634,-13.663358777252672,-15.632031671181146,-15.721464801147675,-16.47976698175516
-4.8462264880139125,-5.515421601534912,-6.094903314527485,-6.4787299153036955,-3.4160455148121764,-2.1452751872890072,-6.121723804394367,-1.8173618824525493,-3.008669464140492,-1.095660666741345,-4.858489307484645,-13.398825248595186,-0.8729254315099934,-3.14471863152368,-2.3284521954317943,-4.112335760846615,-5.731593672281553,-4.742794173021089,-6.110495549942109,-3.344383992786302,-5.074958905076603,-7.223837911626931,-7.523481415317747,-5.03045696186416,-4.70863486411628,-6.754525296683322,-6.592731805998748,-7.314309020323055,-6.831794086890789,-10.729146063077257,-13.812663938900112,-15.654509962358107,-16.095404226749153,-16.561718589859954
-4.99270487305269,-5.538172366129776,-6.18005282818564,-5.418917442522599,-4.042206556639552,-1.2461254926816143,-2.324045039304279,-0.8313655946706385,-3.048721811783807,-3.865069384536048,-5.7663233073365925,-9.31359593265265,-1.0801158762948784,-4.2531140788698885,-3.231064649661014,-3.4141252757373777,-2.987534064056034,1.8550441275903626,-5.88153879185507,-5.47119384587144,-6.407458576222453,-5.173999979361137,-7.150622361430619,-7.464007059046066,-4.8586676621444616,-5.828383411863717,-5.597240238172053,-6.506696480346499,-6.379485890613838,-10.5745050063024,-13.89095107112235,-15.316307583416508,-16.369904440767243,-16.459653303871026
-5.160797580332185,-5.832690781260872,-6.555967681594112,-5.047972433054068,-3.2739167857882854,-2.0319286475650062,-5.647015226024237,-0.10386127798542309,-2.273446643545679,-9.488863037167487,3.3816848617684565,-2.8459575707139906,-0.7670035102736937,-3.1528607960920993,-5.196386884774746,-3.351841231036118,-3.1644454403728046,-4.244232519634049,-4.796884802750153,-3.769327663144571,-5.798544235040458,-6.651258806214115,-4.8680050076210675,-4.738007256966876,-5.058506226227259,-5.338299386094204,-5.791047017555092,-5.764724080268676,-6.29337891613323,-6.235491336276521,-8.821441247652372,-15.092019919662349,-16.248191449427758,-16.48118069108603
-4.987990641358129,-6.163567602591941,-6.8138306166335205,-6.699268535362048,-4.679341602400788,-2.278036247390977,-3.3404007381510072,-3.815327432555278,-1.678290333695149,-3.9233083376777578,-1.0949575679003138,-5.123251159218061,-3.5690811900942396,-11.268770753618123,-3.599920224529588,-4.750969822618631,-5.419703772064877,-4.405312243926322,-3.502829740800246,-4.169662853531374,-5.886289616904673,-4.403032468259952,-6.170006310280225,-6.43949272082607,-4.9927244995551,-6.000504438374535,-5.309110364568467,-5.577102964696866,-5.771533876330291,-5.306354521520163,-6.587982712364628,-9.07123402487188,-16.155177378731846,-13.614994413625595
-5.093554066518337,-6.021196301512677,-7.405518325191973,-7.095862422031609,-7.231381137062151,-3.892979637938757,-0.2276877453836396,-0.943014513001618,-7.214092142070247,-1.9870469811793792,-3.5593240286485255,-5.756989551951763,-4.516459378054166,-4.430630009025032,-0.1256314072985981,-5.865226580379748,-4.554902332316678,-3.9228239072600886,-5.354032406250507,-5.006111790892558,-5.1255003956023035,-3.7354204966546645,-3.7257982915658454,-6.305721109248735,-6.2910168778896915,-5.897612228073896,-6.031107287667967,-5.551581596918509,-5.158651592404983,-6.316196503523609,-4.283771750826915,-7.093200162587435,-15.477058475624945,-16.805147298820735
-5.172085256303367,-5.960235639091541,-7.141632509231422,-7.6296679613211,-8.962779330051005,-1.968896742983522,-2.6979252340183515,-7.258387418798444,-6.835128409660124,0.3497498263468499,-9.559792355837345,-3.6207128374429263,-4.427109204217991,-4.1192738828825,-1.9633616742180455,-6.344619794212265,-4.001687983289298,-5.008525640727484,-5.392690282139287,-3.8902173087629968,-5.720690405007618,-3.7567860754817137,-4.904669764194919,-5.435019989688586,-5.439617411994199,-6.5786733692182215,-5.839217214368791,-6.414374298422477,-6.069494472844479,-6.610789730009594,-4.76758242318504,-4.337220759081547,-8.009114686421897,-16.391996445853707
-5.161326606298695,-5.981200774023131,-7.131611744648207,-8.411904101096702,-9.37368735442813,-5.03317737523889,-4.374260752943066,-2.222593104096377,-0.13236824160973612,-9.027435650101566,-3.3206772805303397,-5.466231312679027,-5.896687449336867,-2.710986378475018,-5.83950544037932,-5.307375277159168,-4.326580886376875,-3.9528490890658348,-3.8652349882676833,-6.18798018504794,-4.212224809123413,-5.371575455350701,-5.119186714291529,-4.889380078105182,-5.771971931734799,-5.106882407462629,-6.260655385746863,-5.861648561422547,-6.521292665467065,-5.57032666680661,-5.4180705920166385,-5.883142255846531,-8.57062188790994,-16.60988477917022
-5.139635346552043,-6.028552053431459,-7.363237328287455,-9.325919732445678,-10.408138960841384,-3.896913080421273,-5.055971647007067,-1.5696877250256753,-4.549339588403543,-2.2641525129534488,-2.851053412577207,-1.567927965113239,-2.562564418031887,-1.848549559705022,-6.3668106160338445,-6.205633077544609,-4.66048989530826,-4.547139684955545,-4.809925646788519,-5.499871993977638,-6.07472696751,-7.5424998029570745,-6.961335734019234,-5.570583843158936,-6.811517823164684,-6.469005421588371,-6.166299480545257,-5.411351134042725,-5.961681425927854,-7.295706133236063,-6.946939932086036,-6.592656158935478,-9.827686507678592,-12.26338878176542
