script/wind10m.json
{"header": {"parameterCategory": 2, "parameterNumber": 3, "lo1": 6.000027932988019, "la1": 58.9999434238085, "dx": 0.5, "dy": 0.25, "nx": 22, "ny": 24, "refTime": "2024-05-18T03:00:00.000Z"}, "data":
[rows 0 to 23 of 24, columns 0 to 21 of 22]
-0.379996331734147,2.1140704823647627,1.3470369768854857,-0.41054128639742726,-1.6173454964468104,-2.46904437667847,-1.672446000465982,-2.335572814585309,-2.4923023895432364,1.093145975217858,3.8526352772359362,1.6220024156063053,1.477817766291328,0.4011398140814511,4.368316932342044,3.7325304204400997,1.6215563037861567,1.2261683085675776,0.9215439786429107,1.4173179911750335,1.406210731304216,-0.29047017012351906
0.37789360628636604,-1.5788473620877324,-0.9828956057582674,-1.1574082319901697,-2.4149585798552318,-1.2090440264386506,-2.269908392833403,-3.222705129232095,-0.588884142298249,6.148321716188838,4.443459469223298,-0.4121246286711007,1.0446346961074031,0.6937893779269754,4.601829406759881,3.521410874020012,0.6952957245046733,1.448425782747428,1.2582745116147864,-0.43430395502451546,0.5856233890032669,0.13737075303421917
-0.7895008733696931,-0.41099851376729024,-1.397601175085942,-1.6880961845978502,-1.3726322094579322,-1.062331788165168,-1.192147513646526,2.7053646177999715,4.166990339936059,3.6559773662196204,2.5663876510025916,0.9656939478290562,-0.09873181353470832,3.962013418177008,1.8213346420740126,0.6555236429118707,0.2594788225417998,0.7665455112251748,-0.27218719114031353,-0.008277662017850178,-0.3304989679008828,0.20615019188058403
0.9818083450478073,-1.9617016540216097,0.4774697338538371,-1.3964535446172632,-1.8597912140368413,-1.6137682029361218,-0.34524780144911965,1.9516398019547083,2.4361853729048,3.58741718613973,2.725524302944801,0.20783604268983383,0.7728907294763311,0.27340737590327846,-0.1485981334065158,0.8019885087577303,-1.0131467363171824,-1.406633062769547,0.3141293718120293,0.8143938496312821,-0.5802324613138968,-1.352688785558887
0.47684644410361093,-0.7669097714524069,-0.9256020206281431,-2.2708561862445027,-2.548020660941455,-1.571904001985242,-0.677358728375904,2.6499192984220445,0.5820252288115502,1.7206935741200595,0.8665959102222354,0.6306858060423367,-0.15671285443090296,0.48893328282148096,0.4703048710056427,0.38012098784676523,-0.7279256881310133,-0.51279448272808,0.9857340695279123,-0.30581308438663957,-1.4609893972011727,-2.151560468970226
-0.33219955684668084,-0.604288924575526,-0.8874939890225555,0.34463036908883876,1.2919337277728185,0.8163169639348308,-0.34351162253556183,-1.6185349413433177,-1.128565629757164,-0.044798349670563446,1.8013083588954906,-1.1078257356092436,-0.4200164394558399,-0.5074168469523023,0.47792777521234325,-0.08116178305715416,-0.8307656824775195,0.09672149474626295,-0.7027413808695575,-1.3060783952691797,-1.4903270505784698,-1.4649834799798862
-1.5289139635974318,-0.3445426343915991,0.25598156499124647,-0.9919848524156976,-0.7514500343722837,-0.6717704671753691,-1.4779392212523181,-0.9786503314698983,-0.45710477786127074,-0.1173732160614002,0.1721747269874587,-0.08693902864843008,-0.4724121623687839,-0.7294948042910302,-0.7993180937451354,-0.5297277807834159,-1.3406882970304665,-1.2466772174167924,-1.1238060889423496,-1.5511667322455782,-1.3133247508182335,-1.36931252022176
-0.10154308052623535,-0.13815082929595313,1.0688787642026567,-0.5994768362475695,-0.6857899723393376,-1.1813280864440001,-1.9090673472526596,-0.010375697319592961,-0.7563716941718692,-0.8503561399782071,-0.6569287505646744,-0.9651192545489123,-0.7594262276589437,0.2477602445429356,-0.7046062672237814,-1.3685836417268646,-0.6593839372842207,-0.6481112771610615,-1.021355979887732,-0.7120951835612634,-1.4072308493812307,-2.362943612995078
0.4560625568820789,-0.3375301682123689,-1.0055752584110766,-1.4955190031307009,-1.3785657186169142,-0.480058772837759,-1.8120299509273396,-1.0492915888590562,-1.2226310153646227,-1.5632011026648955,-1.5111061386896192,-1.0377918690905144,-1.0404416191146528,-1.2200039550574138,-0.633960629477643,-0.7911079618033484,-0.8458851057369999,-1.1039905345521799,-0.7973005374097588,-1.3966324613276593,-1.6730746028266084,-1.1640823760333454
-0.2539163080632241,-1.8983415279631477,-2.238246152674895,-2.9313966234925157,-1.8597587337414077,-2.2239130095592583,-0.5075293373833484,-1.9134332312306164,-1.4960938672985966,-1.2687399741716403,-0.4923429109516783,-0.3468642085037556,-0.2393412539734403,0.0678697106730565,-0.08878289539001308,-0.6439106696039302,-0.7942464408066762,-1.2203893124458711,-1.0054643089571282,-1.716335466012842,-1.7150551890771224,0.16425620406640495
-1.6419815633964678,-2.5496978867358955,-2.688204558843014,-2.6857131866791604,-2.596506274320747,-1.4730130351741826,-1.4995901554896711,-1.4615857485294779,-1.5062344477835294,-0.3015522470250467,-0.11549386029511909,-0.08990305827437932,0.7273143153018027,-0.9340982181678169,0.6885258278904488,-0.6733191921213766,-0.9647451107454977,-1.074224371387348,-1.1979271404053862,-1.5086127804241498,-1.6874684854906554,-1.6963308481588537
-2.679229218017691,-2.9291774131208266,-3.8497193453493224,-2.878563118454835,-2.58164899184617,-1.0004483175168921,-1.0181197273681024,-1.5747374218271166,-1.6880213471889207,0.31245998024612703,0.6532869284454123,1.0605604245505655,0.6858654472750166,-0.18292802742090208,-1.1118091317910352,-1.0016997496252118,-1.4135708914324612,-1.0577313915831434,-1.4356493790923313,-1.0887748970001216,-1.8964558510532072,-0.015174932666638725
-2.9143905812808226,-3.93241557506834,-3.7275251994999388,-2.1536240506005244,-1.6098093798412845,-2.303251767537652,-0.9178845767427267,-0.9159207247066957,-1.2486241921508066,-0.01677692030520639,0.44847194599392015,0.5759754863088773,0.19351665878063934,-0.5557773446238309,-0.4611045304591586,-1.357237714638603,-1.8379229052101689,-2.639177595889994,-2.9829400218927433,-3.025882776347523,-0.42952263570425664,-0.10768497961929008
-3.388978657338567,-3.5907328325242074,-2.3474238273474652,-1.7823004158407874,-0.9662378697578669,-1.2113573096746573,-0.9513554930869892,-1.5417873063107685,-1.443476163594794,-0.694347617413687,0.1307008733700084,-0.6160344020310325,-0.581438955488006,-0.7078604737260967,-1.748744727884756,-2.5073839764297197,-2.266758619273744,-1.3596707508109234,-1.819098404411202,0.04961316805202126,0.18476148644812027,0.5474485655297326
-3.5234606817597856,-3.0185844387149445,-1.9682138600363124,-0.9834750949547364,-2.2669782384672024,-1.9326255814975353,-1.760995180437097,-1.9286291974087548,-1.6316352435403567,-0.2219418570635099,-0.8864320118046173,-1.1684924328387098,-1.749632609459988,-3.3011470073981517,-2.2400588563695756,-2.216281265120619,-2.5464011412334178,-1.0110915391356643,0.19041540317603214,0.6443219159951582,0.5910261392964071,0.3897384840340185
-3.2006735024597077,-2.2483223534034464,-1.862806677388873,-1.3375432085164416,-2.445749431553321,-2.3144970384535966,-1.8994003093900054,-2.619605115956043,-1.7861999740509324,-0.4641624549895328,-1.2333778091170686,-1.9003355695429938,-1.4606936955340055,-1.6293047913127057,-2.712490067595925,-4.271573720297867,-4.417781111197445,-1.1099239750180883,1.2627837511541737,-0.38776156650633165,-0.28581572152586776,-0.17070238578416616
-3.338792498986387,-1.9530452439538664,-1.597193092724331,-1.7698861788758176,-1.6716121831180095,-2.7031607418866637,-1.8799268092858756,-1.7772235186430412,-1.5553964742706763,-1.9339911068974285,-1.936863205860413,-2.043367536132681,-2.621724475550933,-0.021870333978797774,-3.637238439444779,-2.647826856914137,-0.05311447471186747,-0.5917911637335036,-2.443605340359644,-0.5561250402913731,-1.1302908513014325,-0.5095800439387091
-2.946263065969661,-2.5611310822438034,-1.985015468217884,-1.6158828842729316,-1.2163488239213411,-1.266485144920362,-1.3736733589782282,-1.8484024816765117,-1.8778894472900942,-2.7753784364889995,-2.8345847242247864,-1.5398104047170553,-2.2201311209027486,-2.7359414754451334,-0.12769137392988947,0.35452297840707675,-0.7147762728551781,-0.8126899184100391,0.20817937991409657,0.030314517796126567,-0.3751213207149205,-0.3480713651623298
-2.905458138994459,-2.7264125429141295,-2.4247902608627645,-1.7358202929373656,-0.7814459367234726,-1.6172101460644726,-1.824648576040655,-1.7533982320785528,-1.5053090283742723,-1.1338862306106716,-1.240498768050031,-3.1378983511196474,-2.5614679646111145,-0.4275249835792911,-0.7191905895329305,0.5328009784093738,0.7577888845815959,-0.16768962681140773,-0.04129141261770286,-0.20243889477186186,-0.6276637055862293,0.17712422843570252
-2.504076873336517,-1.9928661667716354,-1.4601844934189707,-1.1592118934136142,-1.397310421406956,-1.864701381379687,-1.5795772405758417,-1.7882912582808568,-1.466727294457106,-2.071801948837263,-1.6829969385430983,-2.847753547945036,-1.2429585075326504,-1.132944908399263,-1.0039765924660329,-0.14383586477721516,-0.35989872428077185,-0.7471774248191785,-1.13531330942435,-0.9088831172053033,-0.4211882711073718,0.5638294882563284
-2.3039982024780246,-1.392613911919072,-1.0287087611488583,-0.8004550371260675,-0.5057095511085168,-1.2746477592792793,-1.5598282753035329,-2.0070882829697876,-0.7663600356562681,-0.9795925065636777,-2.33502220844861,0.39844052956615067,-1.2886665916288151,-1.1288397596989515,-1.3294531363001312,-0.6507993024952089,-0.7343897498190006,-0.5677259015278263,-0.22661875665318867,-0.2534510299168146,-0.2158205629347283,0.8226049876658142
-1.960060427298621,0.10820204197033782,-0.22811967910030573,-0.34178702530394545,-0.15738777405139381,-1.309728366132168,-1.5307353905691328,-2.08729714424465,-1.2728015520815152,-1.8321350895961999,-2.066178776303213,-1.2492091001230665,-1.0987238898617584,-1.3666734329880768,-0.42585923585529184,-1.2039882826478299,0.06851908886785725,0.21903256351800682,-0.7702815288808431,-0.085283962827338,-0.20587923217415388,0.4910650581651925
-1.0042443032205133,-0.08195760662505298,-1.2609050147463727,-0.7396705175777043,-0.9428849640437023,-1.5373797477284301,-1.60277858529273,-1.6599072313521603,-1.2494061367697822,-1.5517160767408538,-0.80990441168023,-1.1189248423174218,-2.1527635410383392,-1.1376952471384878,-1.4278154171771866,0.5638760824344462,0.36032894657955267,-0.2512376723426097,-1.0889192899275475,0.27465668300671225,0.3913897859435121,0.2417029108077138
-0.5913394858796988,-0.39199494078391267,-0.7141086145105631,-1.085955136622359,-1.0393913055889676,-1.6324679178686001,-1.7175628058875383,-1.6591512997913915,-0.9694410689732473,-0.8661023436191707,-0.8843752935510302,-0.7758664361248878,-1.722391349086828,-0.6400322508042512,0.1860658425830397,-0.6514134750608611,-0.6730366470962112,0.47740523837316423,-1.3092869139533276,-0.7881673453575286,-0.3558802764686523,-0.48463127511494936
