script/wind250m.json
{"header": {"parameterCategory": 2, "parameterNumber": 2, "lo1": 3.000054539987559, "la1": 64.9999836372058, "dx": 0.5, "dy": 0.25, "nx": 34, "ny": 52, "refTime": "2026-02-01T20:00:00.000Z"}, "data":
[rows 0 to 23 of 52, columns 0 to 33 of 34]
1.5962457696141308,2.169849643047468,2.8171225749554956,3.3824602765074876,2.954677343876745,3.184382457085167,3.410191743221516,3.7571788452149324,2.852023843499274,2.8211279191217247,1.7392323710080408,0.2630898126830522,-1.0002200838588755,-1.7181928926541117,-2.0768109589474615,-3.3377320558375763,-1.9096795487455724,-4.333162341743392,-4.959210842175082,1.47678776242404,-2.97862401932264,-1.8230540683488101,-3.4710968733796355,1.1914279192073995,1.439979388651811,1.0155898364868978,1.0240984582343136,3.1520738358829474,3.449986898755023,3.581880314874941,3.6536112033093064,3.146807537966446,3.9735451443703917,5.322537980081654
0.8158350979785697,1.3935480104622588,1.47972522494572,1.856834703066596,1.5330044505410074,1.5031200436884598,1.6467568522937617,1.1680869052092329,0.8743666352786003,0.21548718979307468,-0.29834356150776514,-1.97243129375677,-1.5149461725512163,-1.6254472016967327,-2.3731108171001396,-2.4431276817868817,-4.2328263246160915,-5.390488666419599,-4.7534597255362,-3.5489371284789373,-5.137597936035945,-3.294819262427974,-1.55588358346693,-1.954311330163913,-1.6404966136045123,-0.7030703106702362,1.0315860231049414,0.6019793929371763,2.3870786134365063,3.838941325164749,4.665758104520113,3.363402818589212,3.1797593469210317,8.981790724278913
0.7286239628428282,0.83763917382821,0.9985329478111242,0.9594697147389591,0.5286572684084894,-0.41035731534267517,-0.6799621358919344,-0.4710039074883583,-1.430178746425492,-1.783207435372261,-2.4192902340955666,-1.8278538625124092,-2.0634652272319647,-1.6221488527085222,-1.2498852119728243,-2.8462124616055773,-5.518957004605673,-5.237884274612082,-4.00052764077008,-4.942937803146812,-3.3200411631745212,-2.5746481865236333,-1.8838593768410488,-1.099420375135691,-0.906164865006969,-0.8260926024977973,-0.9429327467812559,1.584197631696188,1.5125633317820026,2.088667966655204,4.313756359792636,4.72625185913612,4.836143695121369,8.7552612245001
0.09436024957104178,0.20452504047861658,0.39721594968098584,0.533057415936367,-0.6688924977815879,-1.4371877586843953,-2.1815667547257944,-2.426271137976446,-2.9122686299401717,-3.3270691760164444,-3.3305917960509595,-3.0004058111319964,-3.1226573899349575,-2.293687572505898,-2.1384449015134614,-3.066862543482946,-4.07317262415573,-4.095238664037947,-3.382443304851744,-1.4256811250287313,-0.08394961093354929,-5.385035271910211,-3.003890623094149,1.18941170093772,-0.6070747485316854,-0.8426965367488962,0.4767951582797688,0.6210344333345269,0.912627419820453,1.870630433868316,2.596912341814626,7.997160262804902,7.564196592292195,7.564062832178595
-1.1037242341691111,-0.9360265400649018,-0.656175805346263,-0.06186802927555781,-1.0075955174790052,-1.8926120508258597,-3.7958846822081918,-3.993235616113792,-3.2319051931746507,-2.962760823257642,-3.357368538682167,-4.418682018137278,-4.289013633868688,-4.20140576889328,-5.678384918306374,-3.8774055789113846,-2.2157280911299275,-2.508094818622946,-4.731337111455172,-1.4762186262955221,1.007501251724597,0.8101618422204999,-2.899262449929781,-1.3857156225288696,-0.40491820057925665,-0.6787673422589373,-0.9048961241519177,-1.3264762068222482,2.071904135963669,2.494686467887837,3.7303981342037815,6.293806726243058,7.904820537752057,7.642530751933351
-1.9668377707489424,-1.667562290003149,-1.599444995153423,-1.7424255722291804,-2.3575265474334497,-3.130104892157465,-4.442368017151277,-4.880375470531545,-3.9743367685092954,-3.4102455223034918,-2.802332423928333,-3.511076462258509,-3.141500355049608,-6.321492056741307,-3.415508986760971,-3.9258106343392924,-0.9518903934050222,-1.9756613515044221,-0.1843121475057925,-3.136611427085196,-7.421902498965768,-4.873062055088111,-0.13195223583818833,-0.6089178424549234,-0.3085017284394933,-0.3155248334379974,-0.5638799011958114,-0.05844802441899598,1.0560746387734479,2.946115643162916,6.044475680634943,5.02447473388397,7.392882921293758,5.394767083781973
-2.8173721232730817,-2.313862754791865,-2.60934463967305,-2.9736711003983074,-3.6195017433284247,-3.635283174907694,-3.7525611000749963,-3.4763449868392406,-3.7242662739611925,-4.183692578477503,-3.323664661482262,-1.7691760797653595,-1.632012522544706,-3.57171791827458,-3.026640636685306,-1.8716550097381635,-1.6761307647660328,-0.5224566392038246,3.263792467082118,-0.7773648169857204,-2.8520243679163615,-2.6193071396719265,-3.698380741688112,-1.434784957794217,0.7418795160007399,0.27855777560854333,1.7297658551575306,-0.18247734935349166,1.5757768458525565,2.845919446859092,4.372486270931156,7.568066942595208,8.13974586910767,3.5701216002111025
-3.7173724202762846,-2.55369404368308,-3.2596976181138633,-3.5994171465020446,-4.091504843212802,-3.7126640030625917,-2.5790688428361226,-3.7198846011384075,-4.229790991140757,-3.919829571275652,-1.1423021768218309,-0.9657601774133343,-1.0602209463088317,-0.7077580024226946,-1.7404151211575536,1.2564335650303604,-1.044577390918426,2.094554077375799,6.942129351237554,-0.27925592659610154,2.615248421306127,3.7925445928314203,-2.434737055158107,-1.5566500092398894,0.28034990353405054,0.9029617829290222,0.5400152706789954,3.563945568718251,1.0506433913976903,3.188413330815741,7.1785783394422475,7.116388462503731,5.603303442728471,5.776773734986396
-3.3587552151997975,-2.67444288977536,-2.565740307495781,-3.519683440386949,-4.015255936427044,-3.7460827988924215,-3.066947034638626,-3.403949884028682,-1.6486970015650182,-1.2913797313379518,-2.289212791045788,-2.7514789923120313,-2.020739549640429,0.1842924873640715,1.842460617920704,-0.7080029973461252,-3.3282560350921684,9.879316091475397,0.31742130063359947,2.18939802435089,9.576288552357179,6.35577644895921,3.055594502472815,-2.015558819605032,-0.7314260033100152,0.4431964228133367,1.0614432353533205,0.9632402449013994,2.4587487205352008,4.1521138258274854,6.593959587258808,6.280110400421022,4.607556370218692,3.044089026999996
-2.896441907263115,-2.330281959669959,-2.0222764953578207,-2.260260815861217,-2.8904813554961595,-3.317158523352798,-3.8886299118392356,-3.124393826759153,-6.152682129835202,-3.3835371711587023,-1.8364882007623442,-0.34233106742734404,-1.460292368932136,2.331611905981056,-2.3689045726070828,2.9701285352572104,5.292920234947262,0.23861225319504684,1.2174937336668137,3.2980010640439974,5.275422019642646,3.8277431073761976,2.2401213078351563,1.0383195510868484,-0.5267705275342128,1.0230337039764323,-0.6474794563694016,1.9948792124248826,2.4580271362134156,5.317633786886607,5.747657072168806,4.600021934591475,2.5888660374458876,1.8780687995199705
-3.3146373166165732,-2.866110062550072,-2.8198494687393367,-2.7980229108442947,-2.2536132292434456,-2.6746062906690984,-2.8521483158165863,-3.413762929059274,-2.2678591881872525,0.9460678436144327,-4.300007057143232,-6.77715408623192,-0.47719879763299644,6.019357774466097,4.966750217881777,0.10527454415015108,3.7790513875335003,1.6198215164479228,2.6057636919352696,2.186873830393969,4.0732481173329305,1.1506337775111557,6.039192285866491,-0.45206976255699,0.8298877961332685,0.13395641376294923,0.33958045334121717,0.923434591437928,2.630692078316534,4.354050933912707,5.005145740436686,4.112644487389347,0.9922679281448091,1.2651468613355399
-4.194862765292579,-2.6177672581246956,-3.0000022984245183,-3.1017306110855647,-2.079632574689647,-0.3754037825267043,-0.3963642077382944,-0.12291594499798049,0.5312830835757321,0.404041821676476,-5.202579849317426,-2.46029280263454,-2.0496427652736293,6.351988293562295,5.762716830656729,2.1899627094199428,1.3335676228282132,5.824522902277352,4.045947738910402,2.9631671698002653,5.429295102960261,4.114650492337904,0.44824697886063114,3.481536296495953,-0.29127916105517127,-0.48664082901633815,0.23899747946766062,1.123789022230139,2.764031616614948,4.736075949739105,2.8239040770279726,3.2684358274623513,0.1707674522374852,0.6983237630737014
-4.49985119012352,-4.750631866896425,-2.75084886946638,0.2825485704061116,-0.3969866772090154,-0.7527045798022154,-0.7296820357056153,-2.663052803673451,-1.4124831717165385,-6.697907437104062,-5.133155169747613,-1.7820517399887936,-0.5799242607498788,2.8019392050368848,0.7013495492780668,6.467154395449748,1.167693193587011,2.4916628836812493,1.0751019445676495,1.0062024513973948,1.890373035511205,3.137596781762594,2.7965774626120394,0.439488071156622,0.6374172085430307,-0.9575535490342972,-0.8337621297191595,0.10348040659940802,1.6089169091097482,3.133415610180206,2.311289212554521,2.008730860864914,-0.14714600889069526,-0.12674503941013535
-3.9701277275374607,-3.538142823279853,-3.3790486652140346,-2.94057141991437,0.8386201478548259,-1.4298685383078986,-1.4330259565757104,0.03529933541544801,-4.369480828753202,-0.5119568916204343,0.4612335166850909,2.5632096247410976,-1.5350041194354898,-4.480844997948683,1.9233038408218188,2.448466764454735,1.3210241201790036,0.9930234261028419,1.5390609000479891,1.2507396976007736,-1.008479962340087,1.928299848622649,1.4859482926644998,1.224439963897463,-0.7167143519390665,0.3012380008362366,-0.5361267184570089,0.2663905740474288,1.6030873522573204,1.9082324357076321,1.5725979625122977,-0.6344628511719099,-0.6280880674777759,-0.782470852504715
-4.016619297225907,-3.403909668210765,-3.347836604999725,-3.6077835967737255,-3.36203511522059,-8.998717405947426,-0.5238358053215999,-7.090967190087817,-1.5703631602784678,-4.263185369818973,-1.7680105679916314,1.0258695648490568,2.671961770292307,2.996230536662977,0.06585608325779618,1.8537672491951362,-0.4091810245074593,-0.6564498457171022,0.5023107617928022,-0.1900329181238974,0.038660064339617946,-1.6383748752081617,-0.11657216691739113,0.2632539096830122,-1.3029329214840835,-0.9125857540789742,-2.3953097219613246,-1.6142531509313445,0.3705842299702379,0.9107618762217777,0.7320519958107521,-1.798757524170218,-1.3281956032534155,-1.6257930354431256
-3.4085983976290675,-2.7764212936130295,-2.321274554126449,-3.690257772078833,-4.698833541937163,-7.006369064281669,-9.616336152633913,0.09387172787321901,-3.9340637408130315,-4.204866403261787,-8.181883980994682,-1.9126461891684052,-1.3539091912350099,-0.029553370255894197,-2.3334255135639643,-1.1382092659515124,1.0175918887100899,-1.738816566388158,-1.897571836455004,-1.2378927168038407,1.5182988897836402,-1.3252481999484709,-3.0814938556361007,-1.1392382621003196,-1.8939358675618705,-2.2363684964863175,-1.9077554547443571,-1.7463768794715,-1.468326886169699,-0.10938756339910305,-0.3516180208862828,-2.674780845899313,-2.3895647486563067,-2.5482251792811175
-4.679907380151196,-3.0932825612588495,-3.0105797889788803,-3.8084915392686587,-3.7833553539677696,-3.217440100087973,-8.610577370433715,-3.1202440291066424,-5.5230271932525055,-2.9485519907575237,-5.992362929906881,-0.4769313895731584,-0.7141879953125686,-2.5984024904064653,-2.6056268248911962,-3.6167955933971028,-1.994611253653778,-2.8220187800226393,-3.0367755779861603,-2.1580310297849885,-0.7154875010675349,-0.8309092174318963,-1.1879293542926312,-2.526634486226782,-3.5185239943439224,-3.6195089252530965,-2.5522271938457357,-2.150000905666945,-2.4881287152646334,-1.5390065685163872,-0.8006390242730508,-3.452302324008226,-3.3728751514280217,-3.3666088994988512
-6.1455334054470105,-4.3091914003805165,-2.1180300109619234,-2.990592024744317,-7.410383208162038,-4.425723446077756,-10.58678354564545,-0.5167359970451013,-6.8996478470947835,-7.077985949278104,-4.351173499101117,-2.0279631984425754,-1.4275378915130639,-2.9419128819264646,-2.367612287360668,-2.793015862649308,-2.655923327302328,-3.5748981135058675,-3.4379181045124976,-3.3160277753574485,-2.29991076641955,-2.3771716616810417,-2.3741136169903125,-2.981350847699969,-4.343926081273579,-4.1635687069268155,-3.593743969532101,-3.358859679729155,-3.306439147557257,-2.872934064007419,-1.2518382577667189,-3.358066985438146,-4.450603709259302,-4.37267444413757
-6.221694552891908,-6.176623772383151,-3.3821654898155193,-3.0157706774344,-1.7079451319901344,-2.1238689272736586,-7.328357409006496,-7.077437752271852,-13.766785079875927,-6.198563223782487,-4.340729699267376,-3.960101037670713,-5.761105028923756,-2.4348668386003327,-2.219394971555403,-3.1714587211617795,-3.3787761491796338,-4.211394000231328,-3.8477015068569744,-4.337736539264158,-3.8246126644018457,-2.3685168498773903,-2.556211664520288,-3.9883802016872165,-2.3483351462734547,-3.996008131031025,-4.340087227968153,-4.716089390051568,-4.151350644110986,-3.7626607052283303,-3.5840350596392065,-0.5819221771902766,-6.090614906045724,-5.639429333179544
-8.662459863373543,-7.114925633861952,-5.648569903166047,-3.7186323646290753,-2.488615517733574,-0.9797825148626881,-5.050195028998341,-2.9401617137179823,-8.832273340330424,-7.025804273510576,-6.810410365815456,-5.060800706270775,-4.318761895885512,-3.3060661759452734,-3.408092121376499,-5.82762887376469,-4.7946443853059675,-5.353304865693426,-3.4265885207912623,-5.950748141946961,-4.9707606063958725,-4.1032408361040895,-4.581668226252866,-3.4622414628061993,-3.409625826524294,-3.0782473746541568,-5.025661046048891,-5.629779409759563,-5.497139742505103,-4.915807223621567,-4.4889976843123085,-3.0025372840492937,-4.273104809755837,-7.1514142873367
-10.461905235470242,-8.453278315184203,-8.374839508869423,-5.703772333499013,-3.4665467363776563,-5.8783567931511,1.111410724278696,-0.5734371876202495,-3.81589856621602,-5.767555000159065,-5.635821531684859,-5.406177192896674,-5.0608199422568685,-3.80409051773871,-1.5780126393355005,-5.706839423275012,-6.357393304272748,-4.8989160853573965,-5.532006818636036,-6.092606118615041,-4.553864790663521,-4.705331590793639,-4.736974137425182,-3.814374184573665,-3.4520772586799926,-4.478326389346805,-5.22833172236276,-6.017325854523957,-5.979111882408861,-6.417109980183937,-5.0881464238960605,-5.027263985441743,-4.7535374056323265,-4.908365288974063
-13.552506247677398,-10.675943875230166,-8.088974483803034,-8.959217319408157,-4.678284313941454,-5.024479615995941,-11.25780279681888,-18.74468826670987,-13.532468051418986,-6.720616400594731,-4.742972775128142,-6.677660764024088,-4.30597524041559,-5.35977274227247,-5.484792371864161,-2.2045574986182146,-5.350586989618955,-5.502052635917932,-5.563676598185365,-6.603465110906442,-6.523539023538112,-6.451373932347434,-6.243364518799479,-5.258799704736576,-5.654133139136973,-6.256502734116633,-6.117626725947028,-6.094619316350473,-6.6967371379973635,-7.589090891776381,-7.558627926283389,-4.524653438839777,-5.038594578195322,-5.228826960681296
-15.76163567519194,-14.367903278197135,-10.729976543556715,-8.242517592153668,-8.460839023477432,-11.731841100414476,-16.86999681152662,-8.815662450548183,-13.037586884281195,-15.058675119610921,-5.3582774607229995,-8.972099768861991,-4.693131052570188,-5.880885683801118,-6.12184935296135,-4.449726956071897,-5.352774998133928,-5.958063652823259,-6.031004428551029,-5.2765111993443305,-7.196319512835416,-7.854682951541987,-7.331901609861754,-6.568232218763941,-6.368633593069395,-7.740584653848603,-6.9438785103809195,-6.221309334700338,-5.505968297303554,-6.5694713723126545,-6.184032625123281,-5.5372578989098535,-5.938553546385688,-5.850297471057337
-17.97543214915106,-16.69943081217927,-15.63590671421177,-11.000584673110174,-8.326335486330592,-9.661896471929806,-10.21564498086733,-22.960269058161266,-18.76656489850694,-12.345036997155328,-4.602018578930454,-4.168318160546881,-6.84204083925947,-7.839919578698002,-6.601018400330472,-6.65027225950139,-4.600098196130595,-5.686846112147116,-5.586841488800864,-6.81911073812718,-5.282060047859194,-7.270359714089054,-7.477315935139595,-8.453284474483562,-6.926072261369211,-5.999162784068328,-6.2511774631006025,-6.34215503593587,-4.977744751990364,-4.287492017559364,-5.981629269129054,-6.188378412486362,-6.331603395921891,-6.544216427939403
