script/wind100m.json
{"header": {"parameterCategory": 2, "parameterNumber": 3, "lo1": 6.000198445256149, "la1": 58.999992894266676, "dx": 0.5, "dy": 0.25, "nx": 22, "ny": 24, "refTime": "2024-03-10T21:00:00.000Z"}, "data":
[rows 0 to 23 of 24, columns 0 to 21 of 22]
-6.023486835337598,0.24869756673841115,-1.3113215415386859,-3.3110315244550383,-3.27958032475667,-1.3849758726315133,-2.3774529772673323,-6.638145460237735,-1.2001121942743094,-1.4279080650986438,0.9237848192045348,1.051342439270222,-1.417943665827775,1.309883867929298,0.392793501739583,-2.824559569673351,-3.581092795614664,4.428026345153686,-1.3828189035895677,3.1980456679230467,-0.8081983429984737,-2.214359591238638
-6.434046842661183,-1.0657442889009048,-2.820351855320921,-2.4439053713964936,-3.2938735984582386,-3.2146292105601204,-2.7033864049064413,-2.5616717648504985,0.3896985647652094,-3.62077298697865,-2.9550807234421868,-1.1637533209607076,-10.777725884231518,-2.145819507825647,-7.489384828521394,-2.0909715752780134,-2.3614692730331166,0.4988214677648793,-10.11043962618308,-0.12574160984166932,-5.387537453676054,-2.9891102405017964
1.6910071218506733,1.4487655494535503,0.0517002418438171,-1.8257210240713038,-1.391525338573873,1.6624305007743787,1.780723590721358,-0.96291038666205,2.9222431203156387,-2.0006937028366294,-0.7882014249148939,-11.800399236906225,-0.5515829282535246,-1.9223049721839478,-6.608151777043565,-0.12981079634168152,-3.757997198476065,0.8997853562077919,0.9228616646141896,0.07807431309819304,-1.2853264953217607,0.33311679125766985
-9.907857769648666,-7.678146658027395,-1.5995563204614054,3.524114437268902,-2.5122639863954093,-4.013356374813799,-0.9636367643821442,-5.362894872736844,-0.04786873128371593,-5.596100548701848,-4.136374913534109,-3.159357693719236,-2.366851043562736,-1.705941356816038,-0.9655268351855355,0.253614154824911,-2.8516215864325316,-2.06739773305449,0.3474913028777516,-0.5564249263136872,2.741032877619549,-0.7149917224016688
-2.207478210636262,-5.931797426807711,-2.1305198177292684,-6.6961963578075405,-2.0017540797398476,-1.7150291470192125,-2.8029425633178993,1.553330591994146,-3.2056902244754855,-1.4221838674895002,-2.188623072470368,-0.15356258655384755,-1.3856039521485892,-6.537623466908281,1.3481762346263222,0.3773682219273161,-1.2652232648102846,0.3808294504730123,-0.11111222004505769,-1.4334284843605813,0.43722205991263136,-1.7580264992773047
-2.9592980423195834,-2.554234724774981,0.2958572591585695,-6.318773328250612,-0.783862652199393,-2.053573099228399,2.1608129314860998,-8.193557791956177,-0.1822928502126758,-0.30930701251948034,-1.2985049118882328,2.0210883844938348,-2.511039988698714,-1.6139357074220462,-0.7904176472011081,-1.1020791583907092,-9.880278847436681,-3.3276031803335986,-1.5205475950604055,0.47166163529275873,-2.846762717757506,-1.248967912958055
-5.911381301316576,-2.5746693628588107,0.3533529385010602,-2.597775118459153,-4.415752592657273,-7.303716580949267,-0.94773339250417,-2.8903262234331546,-0.42598564726723975,3.34022733172321,-6.222598861263284,-1.0194054397793242,1.1443574110033479,-3.6097338004159307,-5.302767683463463,-0.26048594843731615,-0.37068499995409704,-2.1127257643917114,-1.4116428334876876,-1.1732478062924299,-4.440786895624843,-2.5421584795655554
-6.6836392989956455,-1.1615056298254511,-1.7337928775571168,-0.9172175795113819,-2.5283098316812254,0.07484510265158426,-2.289758823355327,3.164996801394928,-0.32634214601127715,-1.0639277483288987,0.35793768149257715,-3.3211594611824404,-3.281232316906438,3.9310482627310623,-3.767137612195213,-1.1475490132406954,-0.7753517603661877,-1.7201676376446493,-0.6857333671401702,-8.612455111578326,0.659183469835201,4.053486972569204
-8.759321087415517,-6.5049722535853665,0.5326763738868094,-0.37782392272969706,-4.97288859509625,-1.581261344149176,3.1426642795594253,0.03118675722069861,-2.2780513519376706,-4.111855756156201,-8.386134763831933,-2.636781463187424,0.2985276437829584,-1.4525795890326785,-4.728012656587153,0.31377288193646924,-2.516129649750347,-0.19790684975225603,-0.4549407568423463,0.517625303744037,-1.8031812750975784,-3.2099689368220776
0.5068578127368151,-3.0308001474013277,-0.16109375510573426,-2.305876349996892,-6.207313018284359,1.112570336554061,-0.003001726315061774,-3.6342428189645215,-8.203339271320166,-2.5915553228328547,-0.8795145250392777,-6.861305471215734,0.7236248752283911,0.4476784651666332,-0.8996298912530202,0.1690856442216063,-0.2364354055861576,-0.14179131368057854,-1.414451027738348,0.8648715639942697,-2.1572243388000287,-3.909350882191216
0.4129566104327391,-1.6484997411775286,-2.345082295456988,3.6263123048253867,-0.222480702872374,-7.673913879543512,-2.3398820578058332,-9.703714743416281,-1.8615656819129565,-5.6572022660923835,-1.4433406875888448,1.377951298550048,1.3871766487078214,-1.4301931179415839,-1.3611355123416098,-0.05474875564081083,-0.6950633658247354,-1.4121992161820438,-1.3952162671736394,3.127923117881709,0.2512185278465783,-3.3754658371408084
-6.722534151339066,-1.9360932732424132,-1.5683608117040164,-3.610090700649801,-2.409828523507159,-0.34509975043194496,-1.3296313487876366,-2.5939259538166866,-6.333976947121274,-0.019476243684155563,2.4436352709843625,-1.6578257181312646,-1.968536849590401,-6.04241594015437,0.12551260770129236,-1.9865125563317432,-2.6058739673255262,0.3881678805254173,-1.2997852614945038,-0.0798764763535898,-5.695756334403814,-3.0573654091855675
-9.206109713101217,-1.4128076923050237,-1.6702561544627796,-0.30050832879073447,-2.918719987933793,3.8129741793009724,1.2265339803176056,-1.5949326873689564,3.5161788039417794,0.9069788621128037,-1.3212606862722345,-6.729394530110444,-3.381788064046954,-1.8767338039195443,-0.8363583529801385,-0.520751738487329,2.193625486585492,-0.13033668391350492,-4.3557841004302835,-5.349005623731076,0.9231698576821646,-3.8969410211728217
-0.5789587520080153,2.636963952543498,3.212636819338364,-1.0751380070186805,0.98333417900118,-3.1509529514514396,-2.9632173072008254,0.3475120222815571,-2.7561420965756662,0.0186973525404918,-1.6200168890498527,-1.2785542945225938,-2.709830860765863,-0.2470528699941961,-1.5213074483913547,0.9310372126587378,4.272005973796529,-0.4715516675008579,-3.2433664927201824,1.1434297023338125,-3.6037144167065227,-2.393008722095598
-4.929920213957552,-1.7395698278644456,-3.403819470583482,-1.3626851904982398,0.3760824839947785,-8.298710549122726,1.3231663883587879,-1.3704707933704765,-3.497743407125825,-1.1555759404254182,1.8660951092817508,2.4981633011166386,-3.142226852234852,-3.96137979310754,-2.0591694413739483,0.8651782012227449,-0.276031015547248,-7.063858194898551,1.3179916411900898,0.554527302180215,1.1424877115720968,-2.0181836704268843
2.649226363102968,-1.1202839401540656,-3.87467149111804,0.7317527230460096,-0.016844021975084042,-1.3357192477087045,-3.287977638918593,0.14036443392509304,-0.6599673867489356,-2.98179028359736,-1.2328208901488007,-1.5336194732914719,1.1389282075520988,3.6402151093872406,-2.5593885222304285,0.8992243712985398,-3.5265851901634924,-2.4837582270920997,-0.7673783613556383,-2.9017102003526887,-3.8002585948674845,-3.4864750060877974
-6.940479906899469,-2.4987305117963508,-4.1695155407896705,1.2935958329129047,-4.795973065124799,-2.9359515830263394,-2.2617983089264784,-4.543983192352454,-3.2208432153543978,-2.231178777823873,0.7756059568401852,-7.249429921479388,-3.3439187524552954,-0.25013966470277704,-5.320944482696487,-4.318334015355389,0.21938897932462534,-0.5057008220108442,-2.375864646660214,1.1068011525086776,1.6382115953950747,-2.4967574389764606
-5.474374727496547,-1.8824994880885948,-1.1536922731877175,-1.0935338116344524,-2.561017179236126,-9.936674243470524,-4.048940991174758,-2.2862621551262876,0.008765412558254327,1.37006826888222,-1.4489710038602677,-0.5383213579305551,-5.277477949350815,0.6182192210031058,-1.6676958653478773,-4.687008978447404,2.765908471507639,-1.4773747348154336,-1.5322861104724277,-9.019863355414719,-3.060208163388003,-1.7898246752531435
-2.490049769221826,-2.2083449411525824,-5.620386310900308,-2.6164342754875936,-6.672366256422152,-1.3702072442901714,-1.0240715742530035,-3.2918776179744635,2.342574413020293,-1.1727181638925415,-2.6906096342397534,-0.12092289707662149,-0.34812760950164934,1.9419514152943758,-3.202531294400488,1.8204608784096867,1.3686764645410958,-3.7145942248079886,0.05880906711674827,-1.3872282663734499,-2.581116771598456,-0.7126717651118828
-11.030997384265186,-1.322684831503936,-10.344520543486398,-4.296614049507885,-2.6690952207145933,-4.454221864770192,-3.179105165733053,-2.3001333911280573,-4.174050354029912,-3.621541728957472,-3.3608730952865837,-2.269687452220103,-0.934293138822309,-6.760831184270204,-0.10297604094492235,-3.3514433819821132,-0.18381508293165227,2.6814323156119655,-0.9904066771407146,-2.1061795481290067,-4.018612605596745,-5.753138496292545
-8.69013492315344,-3.045511429378596,-9.580377980364851,-2.3023079995681472,-0.9961617346259058,-4.1813468249114765,0.9630554711909561,0.24337383731649417,-2.868232025407166,1.6645726725284673,-1.9053504375515695,1.8363309872894102,-2.221605699521688,-1.2315971707691702,-3.298295021512472,3.125392241158065,0.2762240831548192,-4.8415847625791555,-2.96917621311377,1.5097325220070974,-3.1934636318892284,-1.374391738790654
1.409784191471772,-1.7427385348788365,-6.461216855983717,1.934487051291375,-2.8445712829548495,-2.9246454231874464,0.2791129376281753,-3.794743655563929,-1.098336101728248,-0.043512910971634844,-2.11207257982088,-0.7616724850105626,-0.8362247612021088,-2.64782513880933,3.9886218780794236,-3.049672465831092,-1.6585046760031965,2.3921189296647105,-3.029915478496461,-2.7084015569680613,0.6716910809107726,-2.9322114453929857
-8.620958914095427,-3.711412180752858,-0.75070872322675,-0.9379534632885501,3.1391893391939427,-0.9436188994937352,-0.7977461593034657,0.593121744189756,-3.159804123264464,3.604255110125521,-0.48069098621555517,0.8095687622897108,-2.200707732486748,-1.559751115412378,-4.315830979151721,-3.818173940797009,-1.2244961144535738,-0.744670711286673,0.12841467580803437,-0.17253114541352954,-0.06490012606885369,-0.21020770426009328
-6.85879470125998,-1.2919341394777495,-1.7079980824643364,0.21643058781549868,-0.7936508713858416,1.325287968828737,-6.359034320909409,1.0299480993618382,-2.441580885584928,-1.523754755784358,-8.446652868461642,0.9670957467201262,-0.2548980583618958,0.029531519809594002,-2.830851278416796,-0.569917578358424,-2.695219566954205,-3.6851562908617983,-0.8718128987431449,-5.026907003570587,-4.292185797337512,-2.3466660814080966
