script/wind450m.json
{"header": {"parameterCategory": 2, "parameterNumber": 3, "lo1": 3.000054539987559, "la1": 64.9999836372058, "dx": 0.5, "dy": 0.25, "nx": 34, "ny": 52, "refTime": "2026-01-09T20:00:00.000Z"}, "data":
[rows 0 to 23 of 52, columns 0 to 33 of 34]
3.305471274618379,5.135602472274499,9.905439009169243,9.6189764612839,6.925914098230613,7.573554031332608,4.700439336404358,6.6869351629305935,5.205509634093694,5.937602009359036,5.970118923104272,8.810159177035457,9.861387673839321,10.252894466113354,9.336481845119481,10.540980043199813,12.677689685606898,16.624758638638617,13.609677987946801,15.02963656353827,12.639606605015004,11.067187766868319,11.608755756472265,15.212967439182712,13.120009811939804,10.292571227222036,13.852935481602938,14.12327646765337,11.166583821571296,13.729423799144069,12.719898801106828,10.984035981891372,8.420551848628778,6.973079155928789
4.642483403424493,7.284994748273691,9.924744305456175,11.854342310734673,12.202861000124994,10.483413074349336,6.6221086469100054,7.599376327967923,8.204140244919,8.221162449351077,7.843850283264994,9.195909461771997,9.820789475431425,10.37421624014122,8.948381773202044,9.0466516536669,9.16972113968542,16.04641734288042,11.886603418006574,13.066790944965131,14.867305820693598,13.014451319391673,12.21368266807994,14.064485712861451,9.294266937493646,11.184268391714141,11.533101884824907,13.409380638015628,15.39449556556768,14.255828584697289,12.433949263935878,10.352467379537533,8.316103892068162,5.518525186508883
7.909317704945397,13.868783419195417,15.61004429201152,15.441432734335235,13.945079770103005,11.437740428867922,10.595616903043162,9.443074846379346,7.904993506589905,8.003554885271807,7.656166688429868,9.307189496027439,9.01387351816393,9.76335427171296,7.327504516881732,5.234903610099747,6.776686377811598,13.976966020174645,8.771381891107742,13.019193368825386,14.1567812164244,13.245655953840801,13.010105830489135,14.092133619004745,12.504988369146925,11.615072318281893,12.901788926180481,14.905709014796988,14.6029134514504,13.499345447597625,11.294228188602334,8.90294590728574,7.4895458306683835,5.009463485812823
9.741024166859464,17.10189035604628,20.162464050460873,18.59331235239937,11.38148180607798,14.38247425291179,11.586054782678064,9.567868897323832,8.582373443677804,8.152869452429721,6.915741011846483,7.805112215879437,8.26290620649499,9.010089603499871,6.162994852494947,1.9551862865450818,10.990007897466059,12.307044658911742,13.548920986111222,13.823155545091113,16.337646685042547,16.063570645430705,17.46412568251397,13.83078739239675,9.943511300019873,11.068519870442058,13.903118541646572,11.877365504794799,13.820259387155991,12.197328742816547,9.833807350612773,7.909032594215873,5.826058280157763,4.56970455140657
11.979522208258032,13.983331906918703,20.537207164892557,18.295602336595287,16.22883285727696,14.579917679533741,12.426919481949877,10.18849180283222,8.354319273526839,7.243465224357334,7.04012397103649,6.765017320908846,6.199582052086141,6.6323722070949644,5.471938882622102,2.392974547105157,10.039849899855936,9.695182847115127,14.55528134033803,13.461832094287463,14.941263572803427,14.804636146126834,12.253011000443797,14.838542355052088,10.937453454711948,12.48431661814726,12.567773880525525,13.276304101754187,12.62833809113039,11.44256812292512,9.642288403809266,6.582690227098107,4.033810177528549,2.554124651732486
9.94972039057144,13.127735053450657,16.47113430866278,17.659312729703842,15.622519364250698,15.04166365410896,11.721662354017036,10.094830605636394,8.1307121602814,6.372547768878161,5.297595371138678,5.420195651734601,4.921319837983056,5.410461274751531,4.105872807424215,4.1361781414325725,9.801618062979097,10.72048496583248,11.772546482186788,13.004070656996614,11.341656457135388,13.401076310552117,13.993418648603988,12.422793033812734,8.668838971547396,10.013843809547462,10.070272410515209,11.535352073168957,11.07461473340978,9.700987985709746,7.603333581459461,5.711989593314145,3.0009211270715612,0.7444504750319408
16.250206779699717,21.338867400746004,20.518818218250956,19.37670287562165,16.639572326865157,13.538278526349474,10.841058719650505,8.047796858720048,6.799180309038259,5.421302077819608,3.039461354817805,3.9596678217377947,2.6373663140962136,2.894677577458147,4.5677382635301065,8.460124055559682,10.53220665271907,11.654060712268073,13.40962029114131,10.946745684752491,9.64631130418625,11.507508061221527,14.12940954231412,11.841775788070986,10.038272341429062,9.874370503395934,8.82841872867018,10.394744303582213,9.50551451875611,7.641503230029034,5.888202798237794,3.8693163273792583,1.7316946115329872,-0.5809196268628684
20.35311182382672,20.427982054545545,20.015414460685445,19.17697626050288,16.820984528130523,14.012105878961389,8.760778402115381,7.646948508783008,5.576901850716702,3.758676794085072,3.0963462135435527,4.072146198581596,2.8600045770304336,2.115145641078304,4.3083614031211726,5.775796244426814,6.54164753791802,13.64203104911328,16.660508857469633,8.623913164082815,11.023992083889048,10.109387553955145,12.155610020587462,11.121048663665574,9.378487678227525,8.972731909748171,7.905623522006563,9.136811500659508,7.579959666939278,5.896899540070077,4.353969912043292,1.8547144431617242,-0.9443208320768588,-1.6282933222934315
20.27305862631437,20.30150807507911,18.85212752885878,17.93828050936894,15.478964355375718,13.560615540439152,8.033348509055461,6.591628820926897,5.941348949545942,3.492134789089514,6.616700906649045,3.9991717893576393,2.0422093330996196,1.3633839858945422,0.5185663211765971,10.84631836175989,10.693139103429395,10.313914622611566,15.13957852122253,13.927646931240995,15.747041192245138,17.330177608916813,14.479844679022673,9.952686344593122,8.750920981442869,10.011179799481436,6.884102556330066,6.039310412453335,6.978185179208635,5.021390528930787,2.5430647742465693,0.5985760715075594,-0.5762895678103475,-1.552923503464222
19.892967483378428,18.509354154366243,18.176125528924278,16.966616610163104,14.91656401525156,13.18477520564218,6.031208505059564,4.6957438071087285,6.545982951568924,1.6903663294763156,6.69104003508894,11.114350089309253,1.9503283775958495,2.609775262460879,7.786339143825982,10.949440123451208,12.848667760294127,12.962810933509937,10.96995856657046,11.448999777958411,12.532389512334806,13.164099321648562,10.779150203545154,9.277114170400647,9.196996095942715,9.138876396673016,7.778635488347889,7.243759730572257,6.241123412061787,3.948750802745255,1.7475072553465751,0.22346922405621958,-0.8536911884478495,-1.4790917724814092
17.966190996674396,17.949857789659166,17.498057447439187,15.26423648341391,13.442804875821194,11.217941109304329,4.208104975806136,3.864073311637156,7.298186390148636,2.7697522922330524,4.742180105490065,9.743272329842105,3.729919098447321,5.776635713717593,7.335231509614892,11.551337002024457,15.068737770211195,12.914126087226409,10.295622752090415,10.160962468287389,9.879002504864951,9.716168071042542,9.643308184735227,7.163729722044387,7.270238983810292,6.886631204954709,3.507300173829219,6.502105444057633,4.519218533796178,2.5200195111983823,0.5998173437813366,-0.354410778881516,-1.3232631656512233,-2.0488878153449535
17.383368317904008,16.569038697212118,15.690313342175116,14.384183794755533,12.196631300123752,7.621154095728868,7.116683979156343,4.42460298678698,2.8997211282090207,1.4071634852389718,3.646872824708072,6.492782753106848,4.970156081283451,5.850205311424798,9.109158852389722,10.92536347492818,12.76252206850595,11.81240470396461,10.665558228708287,10.88771455594551,11.019105583200442,8.030275973043278,5.529275298690345,6.326654408105542,5.792443198329046,6.440160828877405,5.959147076452376,5.491002498867168,3.5118811510573353,1.656019087534901,-0.06667753292132966,-0.8802585010559454,-1.8732881579239422,-2.2753145146606952
16.45071944461354,15.869204472844906,15.2147432157424,13.483256531149594,11.81683795597509,7.503394640618646,7.455030223352064,3.347768375192036,5.423465392594892,6.302212149655594,4.046262973309418,6.068532612755791,9.604736502265638,8.628643701459007,10.665891936070164,10.885608728266853,10.20652248105799,7.537819055030231,7.984092738265001,7.510764199457209,9.234004341764372,7.3998699527820655,5.394647770377795,6.270712880657099,6.1210845317358835,5.833557009146663,5.145218585161026,4.230072174360221,2.276209502138637,0.4740711773596461,-0.49240820543161734,-1.5345174668607917,-2.2502760012220504,-2.605201976644018
15.565845683301655,15.425850375425696,13.499076849064949,11.671750009542135,7.860979143950395,10.124242452420548,7.86857626597165,4.644522035718321,6.6771312679784725,7.651714074416151,5.103992505682634,8.014938732104834,10.602434878502535,6.871191959822207,8.131812567549321,6.961859986136953,7.8765563596940575,6.23334816403891,7.559192139976336,6.446894005351152,6.003355709326863,5.4456088396565585,3.572729511253182,2.8497452901130496,5.419162320575305,3.9931080406830546,4.259857762784815,2.8071462020043927,1.2795132501894588,-0.14862454918443502,-0.9796169299631509,-1.8401395341192734,-2.416124891364942,-2.6813002215867794
14.584394794171345,14.612537383634557,11.781306524600755,8.692568499722869,5.321190841803417,8.02565733754112,5.234982502390215,9.162503285932331,3.547367865484778,2.7207516472160935,6.341606116232519,4.396676175243411,6.708017430283115,6.6517619779116215,7.5528220909684745,6.502808413995155,5.342283784572848,6.397495775112334,5.986002143384189,4.4266764916183,3.9915985771841282,4.565431942711057,2.8824159134725953,2.579901942580375,3.536091376425435,3.860207197634559,3.4766526530143493,2.0387627424883004,-0.1719116803653096,-0.9509751193678901,-1.4610360260822208,-1.769870896571391,-2.412482920557026,-3.1708969843042865
13.773779735725054,13.89814801927425,9.85509233266169,6.42306432459813,5.422161123774543,6.950793486790048,7.015425244168367,1.7936870602929722,1.5514111583020642,3.5619963001118276,8.767911784508579,6.063965823066493,5.544052112182791,6.971001001841956,5.136361864483832,4.3644995392992945,4.525387707930751,5.108047740452088,4.823387198842839,3.4231028923260847,2.905346353997587,3.9755826510534376,1.4676095302649046,2.540788023401257,1.7805924121373242,2.4775101860405444,2.4282239238001844,0.8296616280691692,-0.9523822192622762,-1.279301404200209,-1.6842407820473242,-2.347941926217413,-2.982918715037323,-3.400824112453927
13.0970736248228,13.091545700695168,8.439349251907043,4.755407594800602,4.096394535429237,0.7771674252601585,9.346221555885588,6.498678546211393,6.045433352422409,7.0917991693102005,10.03439573323054,7.905517439852509,4.706978182635054,3.789813860000295,2.865306410160445,2.0393168333419154,4.439796860946786,4.003805262080377,4.227711863489848,3.528343368592941,2.326143592443164,2.103246010926629,2.5802028169468274,2.4366737136440313,1.248187622564082,1.9289775640300268,1.1908026144037567,-0.5957432307803052,-1.6296987928026616,-1.8152721139229695,-2.369375523829075,-2.7310712025119415,-3.1548259295645846,-3.5952506456235733
12.810748659787052,12.613526304860757,7.30096816891819,3.727428972546857,4.522054210683008,4.8884685070520275,6.510047829972956,4.271586694227769,9.101194849729495,9.638251266388735,5.279711167714744,4.8809242593860445,3.829469470393009,3.5010569699277423,3.0128433838127457,2.971761943776573,1.5975725290692915,2.8418573258971787,2.89164131998306,2.4185342103999243,2.2279948205580045,0.40725962039751423,0.6004089573459052,1.221576343610134,0.871401639166211,0.7030899711856271,-0.04526181571743246,-1.710359969645587,-2.0959075278930213,-1.9940962282290617,-2.460873207724912,-3.179380580695073,-3.6629240969237804,-3.9878314968164315
12.2228818770721,11.704858650805722,8.068830270979305,3.262414189862413,2.050949861680781,2.904127948198804,3.4074414232902943,4.852675286026085,7.283894876058815,5.725326108536012,3.666350104149708,4.0156391279825066,3.768045837240038,3.3222732059871865,-0.45288701386558067,2.172234342019386,3.3403465132692136,3.3501569510933744,1.6179173703434102,1.888200719679329,-0.3222800592806656,-0.5228183142946413,-0.47671629640029745,-0.0036647951144239913,-0.022957370296880445,0.6900762072407165,-1.8602190773679412,-2.412052989671704,-3.1100920000947063,-3.3017694731120186,-3.1492873848065615,-3.6062872783882183,-3.967754609214462,-4.148004068417551
12.115473416827161,10.678235112062648,7.83957798803086,3.313927266661672,3.7114028723225583,3.1465392348186194,-2.500027595732368,6.2729878839592645,9.702061844892194,7.4116768828258035,5.4409714856141145,5.500045947640923,2.148057643835438,2.1580430729168603,0.25728165881955783,2.529011518691128,1.8530452538969353,1.6877572828099865,0.5075642358782558,0.9882326284034127,-1.3568166641018173,-2.0550750837380285,-2.2726498894532305,-1.6384892085401388,-1.567866805566518,-1.404418481382666,-2.674525130515494,-4.07083432883527,-3.938755521343464,-3.7743753330341843,-4.044873065942459,-4.071676237616013,-4.444378240432294,-4.640766020910054
11.439388458920833,9.56257987208231,8.781472809876954,4.6991444071464725,3.181309632000554,4.780977500929177,7.150946188436415,0.5399701878677751,6.267287629791781,5.672428686427315,5.919963917086655,1.7027396732122972,-0.8240573494485014,-1.9624505488681976,-3.4115403720952293,1.2885218899077675,0.7710299533225616,1.458909978154464,1.6525898649442365,0.6867121802683265,-1.2631336504111428,-3.257844247396933,-3.4554260237440806,-3.39201546008089,-3.1231782417888376,-2.750824985507355,-3.9994310787015457,-4.184994758541956,-4.002137571578412,-4.169375681255394,-4.727303216939256,-4.267665427661335,-4.072160798797301,-5.040220166455715
11.042189181646501,8.72215371912791,8.070460664792899,6.830105638652159,2.933763373594258,2.1038303946934755,3.470781713295999,4.70335724730994,4.807542019589362,1.2998982702614283,0.3031160857824929,0.9465449608692236,-2.073705201275197,-1.378230073032176,-1.0903897554475934,-1.8363377061227915,-0.28995084673405447,0.13433122398450326,0.8598789512482357,0.9684450546209995,-0.2961613730199593,-1.6824172850560626,-1.4730152134837011,-3.9496353596609244,-3.664562419557978,-4.53917444808175,-4.226132071819984,-2.7514035493654183,-2.3630514863239793,-2.8126586871882524,-2.8716397132220783,-3.196857712771826,-5.339196824185713,-5.71987924827089
10.855505386232355,8.748320616929536,6.24942458528346,6.611561139133475,4.404014755063084,1.6664435663784312,4.863103947627631,0.46180807384901684,3.13271587112423,4.113275765372026,-2.203528473880258,2.3942888101484985,-7.3650952228282165,-3.759570443211607,-2.178473090523896,-2.581117308326332,-1.0728100914457663,0.10083747838226936,-1.038302339229859,-0.35963818984950835,-0.8462574143183312,-2.5459135663405315,-2.4752526373462533,-4.198537006573511,-3.576510954876022,-3.3323754319483374,-2.3119803141877666,-2.27202782513104,-2.2806063728625787,-2.9809614443736856,-4.058111567018895,-5.0436191827852666,-6.235319369697683,-7.440379716451218
10.127894728400658,8.410453966768996,6.643322705675106,4.477481088750295,3.9816721968988324,1.5241598965785272,-0.0734150090836251,10.328486752015149,1.601532805103273,-1.5186978030782468,-2.794867725642677,-3.3675447539298857,-3.9762126056964004,-5.091760553123891,-6.1848818187141275,-5.314270529879779,-3.8239517130176175,-2.639025781833316,-2.3250212197113336,-1.0255254068727357,-2.8206400801453193,-2.832805308424523,-3.2935069270594686,-3.3074539509284984,-4.413188979491351,-3.2612803030758237,-3.825315254676818,-3.489289528692347,-3.7496889049769706,-4.019332791649602,-4.696649989017707,-6.5198388818851125,-7.296078421367428,-7.6510481895187485
