script/wind100m.json
{"header": {"parameterCategory": 2, "parameterNumber": 3, "lo1": 6.000198445256149, "la1": 58.999992894266676, "dx": 0.5, "dy": 0.25, "nx": 22, "ny": 24, "refTime": "2024-01-28T14:00:00.000Z"}, "data":
[rows 0 to 23 of 24, columns 0 to 21 of 22]
11.37653731289367,5.283747797711189,8.267437255895283,10.556170540408338,11.028408869881488,8.003711913947278,16.550842377072843,6.984524836419543,4.789181168469767,5.326831219129418,6.55389431232177,5.399988154926292,4.525668177930665,6.676206487190366,5.272684828651993,3.588272996542526,6.012439112189231,5.893757505377104,6.256236481500856,3.3845412364031793,10.089235646650398,7.952927597138044
11.789532518354733,8.55123259558603,3.3607194551073007,9.268176015046997,6.540243593602192,10.294377239180163,12.3243619218249,6.632832121382877,15.91195590897297,17.823068956931426,6.152028520372326,10.233897435005431,12.242909646880348,8.581686351818796,13.63984029880712,13.837178234369599,5.902863277054038,2.9941498761049186,14.169305751795225,4.872523911374154,16.791726269215683,7.608101159325124
4.028793734944994,6.670700134995738,16.07679362562585,6.293643030740316,5.237859177138856,13.321280832167895,6.364769076632609,7.5941209412007975,5.052937137794809,5.659579941054512,5.223537283118066,13.011465642698598,8.267292934265981,4.683963847534167,9.682707760434063,5.412933655363244,9.253706847113323,8.588186773424702,4.601883420561664,6.906272267699103,11.178163073271993,6.202259086335612
13.83825855840173,14.136628907992419,11.462671948875267,3.3534898244793196,11.07257172478408,17.79502990206007,8.883213957195998,17.405135710053592,13.914546747013771,17.062326353982996,16.24166971952145,6.8697852690572585,13.656747406289018,12.006539618360112,7.402330558414517,5.1618315683206015,6.905065885141534,8.696950565283657,8.399019039528413,6.8413215372146805,4.980029138586735,9.976988134714995
14.516308993133817,9.69079300500273,3.9747344406423366,5.963162614115578,16.39513318523301,11.510378752512063,7.50201554228422,6.529673472417863,6.009845473354401,8.370525742905727,9.093843781132856,6.602019405038328,11.98743881154585,9.323786116232288,6.7052932101978735,16.958028453303374,4.429761298743498,10.022449456974474,7.990749255075894,9.480500923528835,15.219925912655546,8.400990502572542
14.56471059168492,7.371613651526171,15.060327687946655,16.993766822553848,10.574930453938988,8.858491472014048,6.3821214803887045,12.558973064683872,5.848267343760892,12.943087210225958,9.747137564271464,6.806709008805665,14.279207811774873,5.8085056873342396,7.932012871599927,10.891217117652726,12.935739235202012,7.060554032043421,12.816208027857666,11.280093523585037,6.2409833991189005,8.721528608873747
5.6528181705444425,15.155367252232313,7.506007160818934,17.186137147868244,10.134522912809874,8.275576324007108,11.550307752385262,8.226220055175236,7.212533962652398,3.815161655905645,8.53548767426803,5.456874627441658,5.659005046234655,7.322464320782529,8.96052907964426,13.406895025261742,3.9888596220280967,7.159022192216829,16.367822952404957,8.265434426467131,13.142185339535676,9.568035883865965
14.155889475968753,12.50013754282706,8.448454717383507,9.397702602916006,7.17379447727219,5.533683750728534,13.336828818783738,3.981211886423173,13.750521686469916,4.464024790156239,7.428214914133688,7.976092328709716,7.44716236264359,7.483174566658884,5.063431951592608,7.51866396729077,9.081113687548136,6.191616789864883,14.239813272385463,8.183783242739754,15.009893939815031,3.6751747900169494
13.48312353670509,6.633307786919092,6.494645427635201,14.667976205865425,6.213655435929287,8.618156655237415,5.096373620419694,4.126835847165346,5.915432230465211,7.3757752461216395,15.883699962883439,3.1992109296919486,9.67609877143696,8.40227560983868,6.983722955697452,5.449152415532803,13.298091336442761,5.884836892217967,7.594134890885115,13.715621701966965,5.078644115629583,6.222655770418638
4.574873703088053,12.179453440582055,14.827093807490154,5.9909692719014345,12.941733244277414,5.656972543063395,5.710182084078528,9.690770443201428,13.942077655142525,12.925892744185612,6.067728389696569,13.25346215543897,7.131164371668978,13.819763146224618,17.030702610993195,17.023437312876858,8.989330784364107,4.879531594656016,5.502968660059897,6.964398923930947,12.231922509358666,5.534990249430421
13.385437272896791,8.315085484893466,8.636601158932748,7.52401893497466,6.024433066308974,14.65257569323049,12.930981762233944,12.194548803508262,5.499521743471765,17.464348288394817,4.002291482676728,7.227893319659554,7.185396568158191,11.156548162155167,3.891049575907562,8.762039934088497,14.951473260125658,9.621872475252943,7.533784671199933,3.968345953149433,7.091124578979897,6.68270387920742
7.255001985965151,8.026032253798839,6.970142201490105,10.815176689773923,13.123515655507848,12.671082737511012,6.209947109307418,9.148522978160138,14.125957825261919,6.7681856129462314,3.145759874646469,4.195331800202089,4.813386536397286,11.61588359282457,5.7913567025342045,4.690318333933883,7.92123268229111,9.806244739682665,10.603326839379339,7.91745523699799,13.307368409415592,9.282891207641109
12.483925379082077,15.091560103751116,12.209274744782732,6.500719218258521,8.790146899833747,6.632543649592913,5.693821507166004,5.443696606484247,7.215472200210861,7.293157822955443,6.8347811434211545,13.141191424194034,7.9323675822620325,4.369797320121236,8.13311978228031,8.704286422023285,7.406348410685991,6.156895235718574,9.319681442926528,10.593490102244148,15.518384936207903,5.591432019332616
8.567021104140464,8.579284698544916,7.968804409148008,5.608298826761895,5.293206278496584,7.470308292711759,10.884449734997876,9.429837981463429,15.714619306655212,6.216168394362499,4.874467842058118,4.663627361465925,17.169452799834364,6.492679339340705,12.800972457020341,16.438471205858104,6.060340692474002,7.352452314169866,6.098997181566714,7.083988989273961,9.116518421498725,5.954627552659017
7.137297744020351,4.1391080045497635,10.505495823646596,9.706771321383908,4.434639756714276,15.55041179265919,5.619731345407425,5.397633277559651,12.410502814849906,8.3038778670613,3.6117464747900185,7.494664136400782,15.043600982433059,10.99666650094271,13.905868811411164,13.482043628122625,7.290472456944423,8.854527608292178,10.511363153029926,4.716364376376822,7.723070395305446,13.948858989831292
4.91502070332377,15.262754456926192,8.389902380969923,5.324240899420092,11.511844662837001,10.02906263745693,3.852705148290331,5.534135998540975,9.279034450264882,5.886654613311027,13.745269714444847,9.923137829856158,5.475105978305535,6.7758348017272425,12.040200578929694,15.24557705716275,5.741864033887384,14.07705161182859,14.871388321760072,4.970871825536379,7.139016077997853,10.826599088643569
9.450002220055195,11.72157166606775,8.652361243415744,3.84204356753775,8.401831088059176,8.60265327309861,8.372273851375262,8.714385959204776,10.883212145960032,8.756809954882069,6.396228714678213,13.180869792413697,11.044397710716717,15.173388835338137,10.058337834573692,4.927071334142463,13.306812389482543,9.741711342858883,12.139364298683978,5.519172823305763,4.781079540430429,12.784220682593963
6.692597417692502,6.4864384681010785,6.263968917095345,14.988512061316811,6.056976998584366,13.218223854197998,5.470991670860603,9.764812449271503,4.933929708772829,7.794320437598415,5.731012127455726,5.137259527264652,9.978889777978864,10.909252768681142,14.410663880017069,8.336813877617903,5.890374917660111,4.320393035647402,5.748661473221494,14.560767647490259,8.25421856140589,7.298259983492261
12.04389089210995,12.746576130205023,10.030595780307566,5.972212180594601,7.872196868892086,13.091794811042908,7.944228871605399,12.242380132781166,5.173356894827313,8.224410847219817,7.03824366473754,15.13645889567802,5.168642596561819,5.200150184909091,4.624389430408059,7.02830066773541,8.315323513866385,11.578661894217761,4.552614216214447,15.005160829206384,5.844824264276427,9.051354928231019
13.000858682429703,11.757017568847576,13.735429300248923,9.872903369802652,14.486472792485323,4.399499152121344,8.1370675769584,6.464474750025571,13.309030878446405,17.330209591112297,17.4136445704088,13.439028222717818,4.853846998644592,7.655102391315233,6.075430448221701,7.739950799157932,9.424500464993168,6.170714281893841,15.751547872696706,5.863686413957785,17.49033993768785,6.340094510163381
11.429554788228318,5.243147688984933,14.145547231758444,6.4644311235753165,6.581156002061513,5.341026599954596,6.332376047640967,7.1264179852794785,7.473514536300859,5.639056742791645,5.3984456245926395,3.7629599305985266,6.568165322644201,6.362288723925022,11.254183961184372,7.748334510280108,4.690691032178754,12.82055933939464,7.454371486842825,6.76184014840129,10.570977987008542,10.127530673463578
5.237809299740327,10.3908694097734,16.389226636296865,3.699077706580423,7.248521046046149,14.754006835544187,12.317054928207172,9.149823323456575,10.15817074727874,3.9413465092052498,8.566388006802395,6.981302818833173,8.684672782608196,5.827640155125998,7.186809720060805,6.7940507544070785,8.754044630490373,3.4627764921814705,6.7756351310932486,3.9165408446293664,5.476385312016276,11.965286801333756
13.19376140551279,5.836274792842609,6.999965268020268,11.989246687099133,4.1099080459696635,4.311749587984872,7.892137400392167,7.828442377721315,9.559043198453216,4.679272600570191,12.734355925538837,8.64417238630465,7.326323235798161,7.463793411716475,9.406324908743697,10.018057611655758,13.997322782621042,9.70703738786094,4.814068132332816,6.749151032391808,3.892763449295401,5.711634800802717
15.167729370823356,10.66783314891719,8.378602358108854,13.671969983012094,4.293151820963572,7.059367352221908,13.655573192343399,5.645019316358904,16.007308563827674,8.914821167574694,7.443400543005201,6.512325832925455,5.695149245909575,6.9062090910117195,6.732712443523371,7.681524333677822,13.400304317873044,5.702563606729477,15.571667130761451,16.732292569617375,6.044098829658002,6.510026097338839
