script/wind100m.json
{"header": {"parameterCategory": 2, "parameterNumber": 3, "lo1": 3.000054539987559, "la1": 64.9999836372058, "dx": 0.5, "dy": 0.25, "nx": 34, "ny": 52, "refTime": "2026-01-04T16:00:00.000Z"}, "data":
[rows 24 to 47 of 52, columns 0 to 33 of 34]
-0.8795097904772189,2.010945174474755,2.714834360519523,3.5889425321130206,2.5015857521232294,2.272558013127023,0.9289804510646064,1.5812898856431246,-0.24595065693180507,-2.3660279782929248,-2.098198851336206,-1.7657110522539878,-4.2762066736000275,-5.301825914928078,-7.566052803538624,-7.829022499648868,-5.079768726650968,-3.8410355632503883,-4.509322054679156,-4.956682793124388,-5.891154177798751,-5.559619019290317,-4.067028616591453,-5.186688659125282,-6.795084510591993,-6.343912237288616,-7.0087526260974,-7.767325830323776,-8.142313266551962,-8.648393867882481,-8.346637357951233,-11.015876648547716,-11.537781609007409,-10.829477752253846
1.6682894654371354,6.352154355184564,4.771092130554866,5.421357570246995,2.526940342701404,4.36991843679429,3.6253857725996457,-0.476899944934903,-1.3429529308441617,-2.0625058727398926,-1.6715752649983078,-2.7408397170054823,-4.247322584693863,-8.004441122342138,-8.395174179300984,-6.861249357712834,-5.893487011566883,-3.8167572733666706,-4.8873161047225135,-6.445957603461278,-5.911543356593432,-4.969063751095283,-4.29861137031162,-5.9963682488026695,-6.5231328400205415,-6.903392344899193,-7.410809538920156,-7.96226686985967,-8.80389695239492,-11.755310836775095,-13.408289183079019,-14.279323620535449,-12.23506178705702,-10.826827177841002
-3.562364862246689,-6.181409657068319,6.655755203134188,6.6856620571008385,5.052066163751719,3.4472733457723916,0.45834206120554377,-0.3442604362994146,-1.0273689425610268,-2.401322889979675,-2.407154573410845,-3.4960138929073463,-7.4385997727018385,-10.09229295782473,-6.468912542148349,-5.716552887058419,-5.564380758584748,-4.10340350499531,-4.581501300439811,-3.0437758505871866,-3.1552885910392687,-4.538285487740746,-3.5905691614946593,-8.794834744453528,-6.655362667817363,-6.8460220493818715,-7.774201734763281,-8.108963863661954,-12.579750906251634,-14.68173651699531,-15.598500524784567,-14.313393124138605,-12.637121424140748,-11.36797120154842
2.290796505600896,3.630170977183656,6.664144603239501,5.584019972270946,5.492477686446701,3.6432286303843497,2.0120410687849217,-1.6486857279170528,-1.190783987579188,-2.639747951173042,-2.8574926717961113,-6.195426436860629,-9.761842951010783,-7.614937361660494,-4.509883559438244,-4.690757173585934,-5.355911505727586,-3.2751593178260032,-2.1621713904046875,-2.6281698350891616,-5.561253800946638,-3.4475931143835936,-5.392683568719021,-7.483971722086847,-5.245585636452191,-6.5125868424644375,-7.48512537166491,-8.198643444574481,-14.513887956341282,-15.819678981864643,-15.539252120256966,-15.214605258536125,-7.197964306864179,-8.521643714461016
1.9329238404808866,6.117275189011597,6.265526086875822,6.394299975213586,5.4902524148398815,3.712986233912589,1.6944668283268982,-0.05268397964772375,-1.485747220368492,-2.9988708966001147,-3.697129744987917,-7.7303703611017225,-10.488965449541388,-5.580185500735969,-2.639917703536095,-3.9370494401567044,-4.336286068182695,-4.107169301228637,-3.043997269721562,-3.915145242272972,-3.5720158880525017,-4.395364128222154,-5.434652756099776,-4.902928598472931,-5.974048212330614,-7.083614631141739,-7.949525648659934,-8.852749776689516,-16.82077080933189,-16.051966358428757,-15.895697293190514,1.04860188694215,0.7458406287732984,-0.48333841114080245
-0.12450694578188724,7.468105751389011,8.202798899491377,6.786697579673022,5.541652955797393,3.1909011702201777,1.314771267967615,-0.5483709056307766,-1.7174874111380896,-1.9574632667716974,-3.772051484798075,-7.328860170266178,-6.98257636466791,-4.115487416387575,-2.0003929937352067,-2.814338323356714,-4.072378569279171,-4.078910087403504,-3.507430917602411,-3.461950696464129,-4.972201458964855,-4.927349425848741,-6.3502712429411865,-5.184402020295189,-6.813523771236828,-7.635715255028968,-8.301503191828674,-9.016313157218532,-17.796874421639533,-12.282255976047884,-1.236714420019237,-1.147316992844365,-0.07081696455151963,0.5932978426945432
-4.434693719655586,4.366858559013589,8.534543916635679,8.759098843060707,5.658621909815168,3.687520189398249,1.258264966739157,-0.531913068030195,-1.7929344165288168,-1.4711050416016849,-3.1575442960435045,-7.475538815605596,-5.701462907861478,-3.0661829730695156,-0.8014355636788018,-2.8200008005048613,-3.480008074973378,-4.123365481788573,-3.9018689498070716,-3.4086576591052693,-3.9293128217031925,-3.844244604118765,-5.6793334979513554,-6.656312487379179,-7.2545479563457915,-7.8172722651209545,-7.697540048405338,-9.721110326520913,-18.50720124841525,-4.263824146109547,-3.110427921198669,-1.4908753950233815,0.5710584491042177,1.5955693625990426
-3.7916813408609955,2.619259420830885,10.279221975338803,8.227277418239927,6.7208756961509994,4.385677552313481,2.2905184217331236,-0.1220361823143352,-1.6713109723518695,-1.7784307142854658,-3.1055270879218204,-4.0772295410269646,-6.4959689073359,1.4854658516897217,-0.9104244917038918,-3.2317251826603486,-1.7618715647372838,-3.5077169718251584,-4.357504630616751,-3.4757125103574973,-3.4867958274336943,-4.349044428147548,-5.044630735742251,-5.037122290313676,-7.48135605999232,-7.117073915906089,-8.073044185658459,-11.448611307270882,-5.154101485233177,-4.592615984696767,-2.9683349025222032,-2.1939419801101088,-0.21521731753910434,2.0279630034576024
-1.274271735619858,-1.5417491701204684,7.194016467361951,8.036802204092057,6.0441431909571115,5.101952090055318,2.598714950938711,0.5323795971539448,-1.5910389820084183,-2.520366879658056,-2.994099866532124,-2.551193870502053,-3.087005652662604,-2.594544223316104,-0.5053858572646457,-3.854996753487672,-3.514295855938694,-3.483350993112311,-3.8488487775519613,-3.5075032738028256,-2.9537782588402317,-3.5722859184336846,-4.9126327500307845,-5.085361409832285,-6.098664051823317,-7.549970538800775,-7.923293745948298,-10.824409816774622,-7.9742845483174065,-5.275867112773796,-4.102385797943064,-1.4927215169678356,0.5501749737160213,4.272222706419862
-9.55386793024971,-3.8985689908573335,2.9510818623802395,4.75271636498202,5.233199555686559,4.691600741668025,2.7359777652694253,1.242525629140512,0.015597048424942412,-1.8849818866096595,-2.586607413859259,-2.4638567348486085,-2.5771268098292173,-2.41075789271195,-0.7119621825450178,-2.5781109572589975,-4.44381828208898,-4.751207957377148,-3.6280688099706095,-4.5309644096158275,-2.543753331167295,-2.898493620532339,-4.389819517804958,-4.925021263345875,-5.803217452142995,-6.3034044874956905,-7.7957383969148015,-10.425198616873908,-10.172353663779973,-6.510326328328304,-3.6379570455536507,-0.3800073407413057,3.4653837947644957,3.205802767655623
-4.875869691004955,-4.104606880823845,-2.9662807992043927,5.444993335615031,8.155900593777696,4.32566078950716,2.58547338040901,1.3872173542909527,0.3867015955143092,-0.7737933795945101,-2.488761390552746,1.8234952427593305,-2.6049623855057016,-1.743265356389063,-0.634418853094016,-1.1923154551208188,-3.7160906664411293,-5.374597847291603,-4.963328443257426,-3.5744722764911567,-3.6470953192402207,-1.975821174318809,-3.4705540766342353,-4.8142080533650775,-5.9008305034254835,-5.611682838612065,-7.051601690399789,-11.2171784707635,-10.311526642288236,-8.095834767784982,-3.4033272101444267,0.42688297657959273,4.516432391729152,6.268910499364231
-5.854784587076351,-4.172016625320607,-0.8612824187750412,1.9324260436489191,6.50364658556566,4.4710588264603714,2.0009518748507764,0.7049512215340822,-0.11926162344553932,-0.9243993711784996,1.597881084394241,1.3376170104235763,-0.9210173026061036,-1.0210448564317498,-1.249881467944536,-2.0140912722559334,-3.2568120583750257,-4.811018127193781,-5.631559241222504,-4.658079908557954,-2.4830850486272906,-2.56989402212941,-3.067790199348398,-4.3808213234748274,-5.161615937493641,-5.845258806086383,-6.814728225752819,-11.681930372963182,-13.928945987845136,-9.663935635297912,-0.4124169847790004,3.09759678486863,4.047321346253948,6.87119290923971
-2.915194354772622,-2.3748863628731445,0.7371914290317669,-0.44527150128042314,5.512007876077596,5.882562635946869,2.8107122217159026,0.8221255946368483,-0.3967199417157552,-1.2435447155545578,1.775707369249276,0.773934794381924,0.2006938200877651,-0.5996824982049767,-0.9679402295723679,-3.5562026668788818,-4.9951796792801,-4.61686177194118,-5.31162340541784,-4.001199940596116,-3.1960413835046664,-2.553034283026541,-3.337280793800195,-5.2618022564387905,-7.744869728373767,-8.119736057863816,-8.0857324438792,-12.126087023137147,-12.791401367576698,-11.261867038897188,0.3106192011511936,5.335592641766275,4.234707148575369,8.812096442154838
-4.688989468053265,-4.9712160247884505,-0.6023113863586402,-3.9238922757937047,0.9858384514666914,3.291597568855759,2.546293428174856,1.838270020271833,0.38799902326963376,-0.8690160824865367,1.7429934403482983,1.7196535086000972,-1.3747475388729582,-1.462634191444341,-1.4375726719827362,-2.922441412727467,-3.7425537300388516,-4.043772121369355,-2.4591612856032,-1.8308881313960452,-3.861024758145037,-4.275017736609385,-2.6225389498377636,-6.186261376841605,-7.5830322394363785,-8.26155901995053,-8.797561809337834,-8.725069854461035,-10.844690041746015,-8.860454558642644,-2.62749811835584,4.691891774546907,3.7478486436434175,14.219517035397688
-6.593187758630095,-2.152340975569234,-3.6829131216288657,-0.781305675971954,-2.0084451103445806,-1.7877596809575638,4.842218102228759,3.249428992106497,1.256006169271512,-0.49881530064134705,-0.22999481400649913,2.8097942919257886,-0.5525087885954599,-3.6800159288850405,-1.7878422634958415,-2.5388083535866235,-2.3931387626692557,-3.3364024703307407,-1.1681043688772998,-2.120480610373959,-2.8496934016533135,-1.320184429943943,-2.950919688167388,-3.4120742078199924,-6.102096306796175,-7.606783220925148,-7.739344716782401,-8.376071567826054,-7.3977957031807575,-4.927027824306466,-1.5016476030189196,2.72321819429388,2.3242715160688348,15.0231942581841
-5.703645304812224,-4.54356488774087,-3.012204740715904,-3.51650484476682,-4.8301596208718465,-0.9906918547780843,6.553140993991089,3.677665379066509,1.3265949267615789,-0.24162124970233267,2.8767492382362754,3.431371484002444,1.624092248496058,-1.6391584250119688,-3.6899962594903064,-2.7335400894082063,-2.9968958434279607,-2.4120074583153053,-0.4081810590864781,-0.7796523785005176,-3.2263694377813614,-5.128238740165447,-4.368476234610224,-4.939564376606547,-4.283922399703226,-5.594805936621743,-6.1331979895480275,-6.870233949291685,-5.808718098946442,-5.530425966789159,-3.6520522694592636,-0.43638873387707994,11.124047581283559,13.857756412962793
-5.37832470743938,-4.7609817370211465,-3.0417679167554317,-3.3578833971747826,-4.606529186959368,-3.777050435895188,3.9125623808480086,2.5679014720527853,2.4942097166838426,0.6873784329168854,2.951814198580183,3.2520252201739606,1.8994639307331522,-1.042295414468012,-3.239801398912249,-3.812673818823855,-3.2583871452730957,-2.834844001435479,-3.431424135043926,-1.4216541318600469,-3.1919881400341947,-2.7023554610225466,-2.9987558368353513,-5.764539915773655,-4.130861353572519,-3.840477494478257,-4.27442861506798,-3.486531127405067,-1.454889269510103,0.5655669074901263,4.602305650578907,11.499756780137439,12.262351166656739,11.767188665523717
-5.4630175966504275,-6.10182793525105,-3.9506723448424865,-4.798992704272642,-3.484880250937437,0.24018878289538403,0.923080561613921,-0.15918507072121188,2.1595653653954376,1.700387675945776,2.8095364605878372,3.5562666242072325,0.9169270616468718,-0.6346771818837167,-2.5201357184350806,-4.34131971757869,-4.602929922741491,-3.3639104378237925,-1.9347066273300026,-2.5714507283279175,-2.815494099028243,-3.1739114735901435,-3.167631464763938,-2.6309020865639248,-2.123399098731229,-3.0206272261536817,-4.691760327715094,-4.0437414916496355,-2.487854849408143,-0.09896116427145334,8.070346452920772,7.885488964480594,9.249244257601417,10.119776487280966
-5.575116285820252,-5.665513036254909,-4.742089066057133,-3.5984670597131916,-4.713917223169977,-4.595608478475962,-2.4696949175510134,-0.0417414534366685,0.8202306635567894,0.42344541175258027,2.2655435406155764,2.686871850857616,3.4776795812842387,2.209746494526046,-0.43092433162621036,-2.0645459417681553,-3.712066490418917,-4.704337707462615,-5.04205255444967,-3.793891166486403,-3.601378659017094,-1.523194040845007,-1.233182950155581,-0.35402060725308326,-0.41251230214943385,-0.1343131416789992,1.3966233766440967,3.9647829724868555,7.517001510489406,8.583850315549784,6.803420619733048,7.569982999687288,7.717383793492688,10.38097625851545
-3.06234730940928,-4.676950783925648,-5.885578386774529,-2.3045664027818797,-4.011231967705889,-5.346546045751652,-1.4967493900498388,-1.3025428470529299,-3.148701642316865,-3.0604999494613736,-1.4254215956370926,0.043239385786729846,5.0217181905002075,4.057222130158986,0.8550779312472184,-0.26514029931273275,2.5837009002055016,-1.665096982051713,-3.2895988352200995,0.07121782885970658,0.909737196113345,2.4470320677670987,1.7145151845986926,1.6901787022497594,2.0746838681886066,2.337361394228511,6.904406410031721,6.189546576102678,4.378194161161937,4.470668503744022,5.7626446070241935,6.795002302737921,7.4263721715641084,9.185804968574118
-8.266342227693993,-8.180216623932877,-5.525100720478989,-5.880221932069057,-6.118754850223293,-5.8168239497456105,-4.025231248305881,-4.39955875922042,-6.376050289772028,2.179552850092532,6.76570450600102,5.1964271274728375,4.791376129882776,4.10212364459287,3.177628996680767,2.337592249714478,0.3976916194007781,2.236779440997177,2.183821386750504,2.838014109618373,2.6539420992641904,2.9691354335142552,2.348641008483108,2.6062130921807123,3.8421420980409042,4.581609298148104,4.168771566757128,3.8750641942911055,3.8034674325141573,4.061507864239106,4.605732773456395,4.261624488125757,9.268157493370854,9.414451185936562
0.478522236425852,-6.020576554918742,-6.67143072740618,-6.586123659604377,-4.5675269920893005,-5.041434809216614,-3.6147670409435744,-5.3150718836823705,-5.443094863551572,6.869266592710842,5.480450956955113,6.14583062264156,3.79696474346966,4.436622933940268,3.442831910130615,2.3911841780404526,1.9960069193285164,0.6409488198059224,1.0890825155060522,0.9456252628471575,1.1599856948366334,0.48287467042478865,1.264929341735109,2.1379246686656317,3.1436426408500306,4.200271624143019,5.276665809524381,4.344152311352396,4.012286154515391,3.157015163126762,3.1187712099453733,4.027592929430439,6.804001522042322,7.031271595477329
-4.611856952509725,-2.6557827897422084,-4.569027638404841,-7.377212067013098,-5.299222232302937,-3.3942067459314766,-2.6267619271747096,-3.728080925858468,3.5180271205015727,4.983153002907227,4.735739220757967,4.215553719016484,3.2390439156523088,3.515319908484328,2.616557047426908,2.2716445664792624,1.3956823940746663,1.6272646190241313,1.922695566665645,-0.0437440018640214,1.78646624473228,1.0945815960417646,1.983446108744117,3.97064369412421,3.322173840758588,3.573267937978808,3.5164705886706678,3.013140425310004,3.7821437983526955,5.466103427528508,5.71117688352994,5.81974288181654,6.920008051976954,6.455946541120467
-5.029714150615088,-5.468885602172126,-5.00590060368886,-5.784280331313351,-6.133873081931186,-2.421343860623078,1.5088798402810644,2.90634160170892,5.104479993291023,4.62109116097508,5.099395174457346,4.702794688691039,5.289613790657425,4.869999052357848,2.1411672792017833,2.3252434671744484,1.4468359841277125,1.0374015343343788,1.7430287097983521,0.8433694227265507,0.6645813557548379,1.187574238811568,3.9909527214285987,3.571830519639323,2.8700408251310043,3.2254441933124802,2.878908980881975,3.8350067237808854,3.9045347410067537,5.075609269710036,4.951879313640964,6.124566981390192,6.085462343917538,6.982278860225605
