script/wind10m.json
{"header": {"parameterCategory": 2, "parameterNumber": 3, "lo1": 3.000054539987559, "la1": 64.9999836372058, "dx": 0.5, "dy": 0.25, "nx": 34, "ny": 52, "refTime": "2025-10-10T23:00:00.000Z"}, "data":
[rows 24 to 47 of 52, columns 0 to 33 of 34]
-4.808174894849526,-4.276878706207151,-2.9179223343329124,-4.794277734861477,-4.388926893947268,-4.575032176109201,-0.9004917796465955,-2.426588976529628,-1.3428768552938466,-1.543240608088958,-2.1663076284342857,-3.233242257617983,-1.9563596586204521,-1.699405360508692,0.19582864509970224,-0.04468246954910639,-1.5322251127571327,-0.13551360069773657,-0.3935309381004247,-0.7617004376500854,-2.6356240972953517,-0.2208424633335393,1.2128852275823945,0.6017792389917211,0.2927552136353649,-0.3250243974088222,-0.5562653853103262,-0.38271006760276466,-0.11944049406936351,0.008336727173461136,0.635570958177101,1.787427995755911,2.30283155704362,2.980748607397251
-3.286942462009132,-2.7596652893870575,-2.8493021644363408,-3.871982608414982,-4.570444520181055,-4.657499421290535,-2.5230620954427625,-2.398348952207655,-1.260782071387986,-2.106799691264189,-2.6423097809795766,-0.38378516535348645,-0.474824277701683,1.8180329672784357,0.8286183956434272,0.9531737930407358,-0.34945211179128527,0.14341455023574895,-0.044985654033558434,-0.6274666798381411,0.5391707267044773,3.276469083051676,0.6439724980500291,0.0013896965844695907,-0.16708915405610278,-0.10705955440862351,0.16729228078289454,-0.03303642759607016,0.08903581683797505,0.7261651181195955,1.9447994552639696,2.023271062076101,2.3645794223545735,2.1921824164917134
-3.183830363950227,-2.5182534958218854,-2.3843577125452353,-3.5458275999721667,-6.750650122648699,-6.72740771821243,-2.641222479090403,-2.4571583587425203,-2.134538495817752,-0.9661238566893916,-1.5048921818194458,-1.7121741965526966,2.351100044378837,2.951100494158277,2.172295723128691,1.7038315062169658,0.8715507760421952,-0.04448159618541409,0.29456277415367194,1.4057475226864584,1.4706705704234329,2.2883165357354014,0.9351088089001562,-0.31928209110988404,0.15977042812877396,-0.34322258624740004,0.446479197726933,0.3198210958891165,0.36747484136604586,1.304665529509387,1.5559529547603361,2.2466653522382196,2.032425711803493,0.9857486545978027
-2.847758959057068,-2.2700869641233385,-3.193928915199351,-3.275490690677957,-5.361608375723289,-5.454705545677787,-7.795106867243996,-2.823798215257001,-3.5444608850736556,-2.1394368535314032,-1.64773790601822,1.7000586084344302,2.801524136774876,2.0959584316498905,2.2079590404971734,1.7671872046179589,1.3676389969779816,0.2851432335911613,0.22833484317881939,0.5913727823440127,1.3646069297843086,1.622661413280567,0.967592915998864,-1.0282820639460404,0.026477583914573905,-0.03450135076971388,-0.09216725581903482,-0.35894801682362965,0.310582477829086,1.0639218001537167,1.5421017387771192,1.9895466200918246,1.0171532769122915,0.655497512561978
-2.29640105002203,-2.69055558293024,-2.354468130403996,-2.6803158746537052,-3.7474053812770176,-3.507053509695962,-7.288283145336334,-8.914165346757132,-5.1942125329483995,-1.892168607316619,-1.1444018692548252,0.3300336269808416,1.1178819359922265,1.344892281907032,1.3075657804617489,1.4180116427129887,1.1125445661292945,-0.7020679324617439,-0.7094944131771118,0.11425419757387517,0.757288882709283,0.6666915824610194,0.18507690715771086,-0.08914802307018982,0.12543366775708317,-0.16971087832504023,-0.2095572534603222,-0.16534135907710273,0.7635122630888312,0.8260171836010123,1.3190731527733746,1.2588191782286382,1.7591863099072669,1.3093961128427205
-1.7726710848260219,-2.4661095636915893,-3.3160289395928384,-3.215043852836573,-3.03222744563804,-4.152776486615422,-5.490178440795084,-7.620400453133366,-6.634972572248144,-5.596087141017406,-4.0152170211959275,-1.9798131879457492,-0.8376087752361576,-0.05233207968106725,0.513129001009093,0.9014221804724079,-1.674016590895047,-2.9409584050182453,-2.188001357023055,-0.8354156290929515,-0.10246840852986451,-0.21678446315032399,-0.5212774914664052,0.4778585452043336,-0.09480509068966285,-0.10214311887816312,-0.1522560568088435,-0.004292536423384241,1.0024226659503843,0.9651567192258428,1.0842469276757924,1.1822289750481794,0.10699400375927426,3.223341005993393
-3.7989611222502826,-4.256165459000772,-5.018378915900036,-4.775071728417101,-2.7237335301824426,-5.805501767641068,-5.574880810954584,-6.041762420053791,-6.385295892430646,-5.002190408831608,-4.1857512738204425,-3.8312649957567726,-3.3055403608732083,-2.3431333441566515,-0.6226500341558869,-1.5060034197685672,-3.3903595485505447,-4.2568469228841215,-2.377694403113658,-1.5846955049993434,-0.7971880304196921,-0.9099769984252056,-0.9137767823295587,-0.542670027138603,-0.30695976627890914,-0.17735306721816926,-0.3438618168969849,-0.3060195523198455,1.2383007163914732,1.5853790257148546,1.536706599843895,0.5207854565178435,1.9195882003194211,2.9461225593129376
-4.140178549823544,-2.661900288355187,-4.410830554548292,-3.6946988345154375,-4.370488774446909,-5.66095396548606,-5.750522498893281,-5.790495418440943,-5.023179838402718,-4.497243320613248,-4.035318075166564,-3.805682003398395,-3.858960470908393,-3.335225798241863,-2.5082636363862383,-2.876199960437693,-1.6739513071951766,-3.545428868866658,-4.8018879620652655,-1.9763816495559952,-1.2468739644908238,-1.3630320919788643,-0.8801109010068577,-0.7981657012723359,-0.0010431891276938643,-0.6755016221167597,-0.7278717243171321,-0.706268079932168,0.12000304530803577,1.2408574257566554,1.845241584959513,0.5118157923743967,2.4411077884347794,2.5106456631745018
-3.378738155691442,-2.29026554918692,-5.370798954745057,-3.7624122161443543,-5.001688631102206,-4.845310408978404,-5.593620032172065,-6.570586599106826,-6.160348353570347,-5.037796198531512,-4.281734845454267,-1.6082902695681132,-3.131777234177869,-2.827843186416253,-3.234641604716028,-3.7389671962116857,-3.8388578084021208,-4.410204879761153,-5.104026493615998,-2.1326520630966774,-1.2047448169770256,-1.1834531772271375,-0.9315339644280153,-1.00092374462917,-0.49889196712659717,-0.7013599388836179,-1.1475903007319816,-0.5762444630888026,0.38598037462853396,2.470090913971651,1.9428002816256134,1.5826389012072366,2.7977042023505225,2.290410139802764
-1.2438365266526443,-1.8373271462742082,-3.770239803839926,-3.7200207011194375,-4.504016400060709,-5.815139223067549,-6.826477857182378,-5.98379157079195,-6.626497759291483,-6.842770521579698,-5.234929761336481,-3.5015959908026457,-2.4235137708155388,-2.2219538085354364,-1.640543600017635,-3.5289268430666634,-3.708026084872109,-3.9763074091275663,-4.466207527000627,-4.476265951084128,-1.7558999870147753,-1.3132549641482214,-1.3698807481393724,-1.2285938353039012,-0.9935020500615486,-1.0484338113937235,-1.1338807903455348,0.35297836685968087,1.4676509791390375,2.3418553651474316,1.909663387138684,2.3223016029435724,2.1761507290730426,1.375732075636275
-0.6033159492140078,-1.21064679544378,-1.4777215417543657,-2.784791432716298,-5.810005174208587,-6.482481486284168,-6.769306791998267,-7.473261240029511,-7.118815346639705,-5.494691942786731,-6.438794198837347,-2.5962740973497556,-1.87560087809631,-2.5130684139605073,-2.9142906771221,-2.339104807868481,-4.184780882525917,-3.76750099550925,-3.7731459828115996,-4.169858785605769,-2.467075957370778,-1.5270528301720279,-1.4917827408921054,-1.6626878915700358,-1.9677070065082245,-1.5263256187898444,-1.4128407045238685,-0.9782863393815884,0.382324928721274,1.673120685657226,2.1426250170334527,2.3577788735637593,1.7461370607196955,0.5992818497035701
-0.8453013823426887,-0.6218710790102067,-1.884154564360837,-3.48481977215354,-4.7853244971304125,-4.647914686820089,-5.7228375450947055,-7.781276829276925,-7.247313570297066,-6.630382878936132,-6.132728171701112,-2.728391433695333,-3.053356689322781,-3.0749052608812235,-3.240721399230452,-3.586679303171756,-3.6652549208128358,-3.9446977057144577,-3.8704582148510442,-2.947002576112882,-2.4762212314022225,-2.0028403642106336,-2.234730728706581,-2.4337700651255645,-2.2295468759385666,-2.3813305762397428,-1.6901776293303201,-1.2800303251888698,0.07140562428902669,1.8303722725692395,2.3083763091735987,1.8344581242697278,0.6584553829570455,0.03357423509195709
-3.4195804040254774,-1.222664762598673,-0.26750775786247183,-2.3835846876572133,-5.101606472077244,-4.8134653025648975,-5.944081655637134,-6.350990288073477,-6.870489817629358,-6.651991361629853,-6.574756011922357,-3.5153276186108267,-2.9686544676349986,-2.708877487947763,-3.180172426712039,-4.547620242902989,-4.329520444108615,-2.3979730886601778,-2.047519788381224,-2.666696011711914,-3.3592904935426833,-2.581272253285192,-2.211667486246139,-5.909751507445088,-6.344598223527198,-4.804219087874471,-1.9725877482986418,-0.5103936661441186,0.5408158818252546,1.384785448419547,1.3221504310333156,0.5927012476736375,-0.35534071870391404,-0.7879549525369103
-2.327567710473679,-2.2983388202534476,-0.9795646388546941,-1.1237080986188346,-2.749569981523784,-3.9417681336243264,-4.757363802729884,-5.932178730760408,-5.834370870197225,-5.742375760546024,-5.40781817009804,-3.4612957310052037,-3.292981600487372,-2.5630367492889987,-2.7270667055369944,-3.2882351292040086,-2.901932038243972,-2.2374425578891755,-3.6425263728665978,-3.108350243124722,-3.9651929930481695,-3.689269286324969,-2.835052860321638,-7.207672935088093,-6.3716260756114185,-4.563571779965928,-3.3010196712869107,-2.034722187308597,-1.1369974859099956,-0.38977984368867064,-0.15805082155407774,-0.6579977570445742,-1.4446148159258332,-1.5046223340103106
-2.103210601944866,-2.0404002235224303,-2.7357710419325194,-2.1338300560072736,-2.0909793843140685,-1.7804164312511666,-2.723377983696453,-4.443057062639405,-5.076421840124044,-4.241343629146966,-4.111699084391182,-2.873853243525215,-3.1703009081423255,-2.9332818574683905,-2.570504473702686,-3.7613999446078434,-3.619766147555901,-2.0755368829061442,-2.941606871412742,-4.956812536224091,-4.060304285834269,-5.570155546557695,-5.7902663596390225,-5.132820454953414,-4.168519229150819,-4.392469710272036,-3.4617961743372083,-2.6208062473970655,-2.1997337440795555,-2.2665035427345535,-1.7290484308196634,-1.4449810466890662,-2.333693970440601,-2.3168147607154705
-2.0653277187059222,-1.9651308338286075,-2.538149638970179,-2.852647588721894,-3.645543900911829,-2.362215056626566,-1.2265952231205968,-2.5563878939645885,-2.455752190159305,-3.5658053699903305,-3.397944773907018,-2.7539358448976254,-1.776312564490797,-2.8089350902193644,-2.878099328953794,-2.6015355297285327,-3.592518233419487,-2.853549334113324,-3.0698494292872898,-5.321244123230292,-6.172857346876915,-5.542876402218385,-4.941333576464131,-3.674936992805224,-3.979517775063897,-3.2161782211689958,-3.4775309626196367,-3.3480850880144843,-3.1428687297744564,-2.919397211159855,-2.582586479958669,-2.472977709565847,-3.408464364620199,-2.930943265067146
-0.45186158124269754,-0.8959366486366389,-2.431670671984941,-2.785159929557766,-3.8349425799144914,-4.546173076743553,-5.017835793620296,-5.371361603520195,-4.658639496847253,-3.9974494827536238,-3.799828138225872,-3.230548947151437,-1.8529199517824393,-2.214159134719534,-3.294671387115515,-3.501289075448739,-4.5918811944607025,-3.128793581599989,-2.4387661344404745,-3.394052700563335,-3.3662945668047892,-3.8919133838675144,-4.418278334485602,-4.591088752634304,-3.3842360102103997,-4.554750112167724,-2.9799379349010615,-3.579889089454244,-3.5259291031968143,-3.2528828360567807,-2.4492286887048973,-1.9483173013492459,-2.9667096935005333,-3.8701579479743047
-0.28934856126462427,-0.6220399487697931,-0.1566874417349088,-0.4537628803836957,-1.4118348828282872,-4.426520615088821,-5.161289634029633,-5.229106796431667,-4.655710389377426,-4.045046522899955,-3.9114468409528973,-2.5460202998028265,-1.4082316476126482,-2.5770744471983975,-2.846233975367479,-4.059922845181266,-5.00235950787081,-3.728124685242483,-3.7653543611574047,-4.657078036105856,-3.1836542284263323,-2.879129401822696,-4.341132210920879,-7.084047055967176,-6.530078535789046,-5.947567429040765,-3.139900467356052,-2.344377716156597,-2.179263568095085,-0.9520310772207182,-1.2364506769192012,-1.320029775737792,-3.0701863190960874,-3.8149566436506754
1.1622109326837426,0.6042876903263843,0.7029150559829553,-0.45545991219644755,-2.1672606336396627,-3.637437065020218,-3.8807163686363406,-4.621221989234412,-4.5068943360760025,-4.143166447869492,-3.3477027673768123,-2.6454063891188397,-1.6330949137733013,-1.7482449864581955,-2.5581764798657667,-3.807844664755057,-4.239996065145769,-5.4811990151422885,-4.527482344799427,-3.4057191147422294,-4.885236662643114,-4.8204342635329445,-5.280351182413966,-6.19880206964685,-6.738691841846716,-6.813064209807856,-5.370041453640099,-1.1053396940503464,-1.7054590847402062,-1.6526992391893804,-1.0442966887817788,-0.7768235577560095,-2.351739490857288,-3.443932156184931
0.9532403599308285,0.7651483939082574,-0.4704034526450789,-1.5769271719594313,-1.7509296513846326,-2.6807016380637063,-4.117789062724579,-3.601408081648417,-3.6199454343214934,-3.273559387821592,-2.7489166591922785,-2.0205877698536736,-1.5567157860634242,-1.7213689176341638,-1.8587904474604446,-2.017021360850411,-2.3330384813715086,-2.2767059243316203,-2.5078754187687102,-2.5859054112878246,-2.2977501709533583,-4.650989960482463,-4.670914470077312,-4.791084338234885,-3.800398407775575,-2.92714497424596,-1.328916683314168,-0.9781587699619789,-1.3823503628540856,-1.2461800319919711,-1.2182466071673559,-1.5381974000603142,1.0457936741836138,1.5355709563572058
0.6386647776131388,0.9039643839117485,-0.9298201166470671,-1.3917869746331166,-2.3557181845231416,-4.048234338608048,-4.453728207706419,-3.8727841782406007,-3.980361558199035,-3.436813492273796,-3.00920430558259,-2.3662273483670546,-1.633176630952162,-1.6787224265017748,-1.5143503016194682,-1.591058094255336,-0.8292448378949492,-0.907546973373767,-0.8394911415707474,-1.2725332526751534,-1.6206798274927054,-2.1780793035177606,-3.028832239121069,-3.1624818476350276,-1.28584682748522,-2.29756733421355,-3.0029375177467417,-1.8968775914360727,-2.891262261805047,-1.3092637179078361,-1.554678458728389,0.049322865102183325,1.8440603324179017,2.442322153363033
1.2480883920984736,0.2136733787775297,-1.4331537783196056,-1.4929819227784025,-2.81432847495718,-2.730850182146226,-2.7380032729425237,-2.6171017662270386,-2.6533583021070744,-2.1070671309154614,-1.8984906652199163,-2.8944987905311814,-1.2784155095918386,-1.55825977285924,-1.3387020452868361,-1.7637896752901547,-1.9079010555674045,-2.066295691785609,-2.0026292838542488,-1.8700377143235978,-1.8351040806171057,-0.8100469107723822,-1.3157939566274561,-0.6295231608615524,-1.5186116850008318,-1.9122622269472964,-2.3912260141973696,-1.5820506134733368,-1.5657052869901635,-1.1812949122403527,-0.3323112003888545,0.511029006815464,0.6658227904547437,0.8423201390258663
1.3441559299786552,0.7779977027824487,-1.2406533096231593,-1.354669680509577,-2.2974427084685636,-2.384790148798272,-2.0866987428795185,-0.956833569451132,-0.39537016019892096,-0.5279195923829714,-0.34250352128690786,-1.113515264274143,-0.8676063985390188,-0.6318288693667659,-1.3703830432570439,-1.847000665200329,-1.7351959552297573,-1.3607009973793949,-2.180336774995134,-1.3793762269459726,-1.891331528307747,-1.897852520828206,-0.9649750510916122,-1.0985235235602493,-2.4775713023315142,-1.1179995617897254,-0.5898702629478709,-1.0378883764644566,-1.6893994991016337,-1.2318959655305044,0.027556321819749825,0.24205889252780383,0.30318335803437746,0.5424182436578971
0.39330471960599006,-0.34841105201646355,-1.8493077361232888,-1.8303722132252682,-1.7255518841732824,0.3096215140812118,0.7473019589483685,0.7907420764336985,0.27811056868934536,-0.16977306819543048,-0.201955956404857,0.2678536080594496,-0.17762274008616993,0.025016892049876453,-1.345727641993136,-1.012947132490314,-0.850286007587436,-1.0755802547575528,-1.2713544375826626,-0.965089152375138,-0.9291119157559993,-1.4186389029962385,-2.282703442546019,-1.955600987345857,0.3619224062348388,-0.3551907704241445,-0.5960368438431797,-0.6894008915957517,-1.518613560056867,-0.611841358591695,-0.05718986470756336,0.039607761384346137,-0.48662459812865194,0.49035086148102724
