script/wind10m.json
{"header": {"parameterCategory": 2, "parameterNumber": 2, "lo1": 3.000054539987559, "la1": 64.9999836372058, "dx": 0.5, "dy": 0.25, "nx": 34, "ny": 52, "refTime": "2025-04-06T21:00:00.000Z"}, "data":
[rows 0 to 24 of 52, columns 0 to 33 of 34]
4.970404597024271,4.868503149055334,4.789601233170282,4.447262483915776,4.54010644573426,4.951392605426274,5.445860604674421,5.722877442825885,6.1074447817688435,6.165287903342974,5.467439142376934,6.296926879928304,7.9271701518659565,7.505689699255592,6.289621599336,7.4169696841494615,5.040677007271174,5.174202128358487,2.319501762081546,1.7155187921074635,3.436699603172379,2.684492642718963,3.000339971205698,1.8390142600211705,3.908693481968321,2.034122606488202,0.7823423322090693,1.9032712180469014,1.9008763573139584,2.105538907954834,1.8187354930310717,1.492833512071118,0.7753583153436696,1.086933549873277
6.284546065272443,6.102518609878891,6.118600327326615,6.447723503966201,6.582354648611917,6.756718413114692,6.602150728285318,6.57680759313877,5.769465591631162,6.472272617867542,8.44401675250839,8.392808313742883,7.9799875245230325,6.855145420989966,5.878731718599261,8.301031997085813,5.952338462022425,3.512059791133541,3.8900073268201183,6.6209376727416895,1.8050000993538684,3.847337605613902,1.1410218893753874,5.105417292151026,2.363908201125176,1.8632014562762982,1.875391075265685,2.0857347429773556,1.4273952488806851,2.1703136014424436,1.9227217299863806,1.7026502407103368,1.1605967909234018,0.7474075230103336
6.618088803787803,6.53458546219966,6.977414836278181,6.90724568030876,7.378066908967842,7.169008089650853,7.604263950118585,7.20826537065569,7.840538980720496,7.356060275641243,7.947395335276853,7.840151133566344,7.967418649701553,5.1715371389126075,6.497642116606754,6.836649371449953,3.3765073657186866,1.295017738274526,1.6496114279012937,3.1346466963506705,4.509773073405814,3.533937279428273,2.525703617416716,4.156247827092045,2.876770027559106,1.4418461098852553,0.8729655743689884,1.8175855507271892,2.0834171083192357,1.5409674786721486,1.7648207001958465,1.520921375956681,1.479270990003407,0.7659099555810018
7.314467522667075,7.287029007710637,7.295879169077098,7.642893214517243,8.110971436157508,8.506613745070648,8.224254905403354,7.849816237506099,7.328768565434979,7.05683626735865,7.078928383169357,6.832985583724557,6.846909669141844,5.271292915320864,6.950473941835007,4.620716083079948,1.5932525255368566,1.8015343217781878,3.945815161770779,2.28242627327172,4.284525744904111,4.719961453998914,5.098752873968909,3.229203767191749,2.191175596642136,2.080929594505075,3.333708690454341,1.696651159577466,1.275119714331518,1.8539282486894746,1.8688527816282365,1.5973372803593684,1.4301628970883116,0.8305536615811783
7.0685466672045125,7.064301602819559,7.087140461734868,6.973314973573198,7.101404762286396,7.4547841540578945,7.306558610010131,6.969217675910637,6.994622675165267,6.740665465743019,5.363047480526959,5.233478268993034,5.36784822484879,5.380571491752109,2.6227197832160574,2.1512646251877814,3.0703117380541523,0.9277927985247294,2.4515109616492348,6.654949939787254,5.211299975000263,9.006891969934811,1.94789403027018,4.068973037752556,1.8235205741333649,1.4359003106896242,1.7730383398023757,1.4363178830649808,2.3653386225298143,2.1476781836617445,1.9127769240161945,1.4850126143575662,1.5741784496192335,1.5549980377867498
5.6227090977167515,5.985201220111832,6.1031148007651295,6.064466577889747,6.221026041342359,6.502040484457885,6.5305632938828655,5.765714281863693,5.902195304520205,6.259354825673381,4.5103990939272,5.7598706684251875,4.244800518305061,5.758633165438832,1.686437625921281,2.3978354547826597,2.011766611583812,2.0148824490480006,4.957115461770354,3.7739379084495557,1.9794319064040187,4.343496707609749,3.9228488921682576,1.6235173709657593,2.0432690570824197,1.3638364431923904,1.9761817475907708,2.218484830636843,2.156852163590379,2.1218754245653826,1.7732901028717436,0.9182166446880927,1.2876528734378543,1.4995420432904658
4.089638424784438,4.256647983051071,5.002335592861668,5.286918339902086,5.31952334127803,5.756687422798917,5.336450685113031,4.828852753248736,4.96561278745574,5.269839591401461,4.832387154545678,3.9271212464049974,3.6319955017358656,3.7647208490646022,0.7334409677404271,2.5676974930928465,1.6427669191101666,2.3012720880122948,5.690501972930965,3.8319162648006353,2.826050220675338,2.6263173748478335,2.104901726955759,1.9884803312291837,2.332873646406697,2.015678820255041,2.471464661576553,1.6273369040170689,1.9322998039968688,2.533447474126983,2.638424967634951,2.1407346667720235,1.7765833383760774,2.414976717795017
3.219560465043342,3.0152766232594956,3.271621567644266,3.736447814222701,3.588302702652975,3.7197495098721234,3.951245820882836,2.8292353033710533,3.792053183354109,5.007039099216692,6.258566923615593,1.2912541047420396,0.8918887275759169,4.410471384858892,0.731551874264329,2.2645705008550845,1.2958742701598611,3.622970067743203,4.928761683412642,2.827367478529585,4.57033832652744,2.7196334445946224,2.32524824904142,2.918567229329592,2.4255912010667684,1.6125751007135716,2.0575466651199275,2.370058545947526,2.309222549897222,2.2688015266996286,2.1160584040610972,1.8707978363143754,2.4101913901501244,4.437261690937986
1.970222917988267,1.7528196213055414,1.7255396618151944,2.6192803953835777,2.7333877223798777,2.8745047723082,3.1059512948615438,3.535905177188577,5.200619042923621,1.653884424365433,1.0090754218686102,0.7968340114587511,3.089230313942896,4.087654948097682,3.0178032952576923,1.3686767400083941,5.935799782236512,5.227310898861419,2.769605800319853,5.673885099926039,4.9189418825834785,3.6083117866750785,1.9326775648530126,1.6906284444682245,2.297342538274338,1.8713587517322157,2.1276466543255017,2.704588126832442,2.070701841566142,2.9248465572293996,2.403384068577851,3.6856881495580747,5.718386230572246,5.047401839150218
2.011803338153561,1.7247595188421594,1.4776021403663782,1.9634728502128893,2.1004195104604113,1.8227122662597217,1.882820146545316,1.7980574662497972,-0.3152628994447049,-0.017061814317457135,-1.1241414928007036,-0.6393251904996803,5.537212787014706,3.7088382378454297,-0.29272176329856775,4.518203110010205,3.59225545878781,5.0297213022010325,6.012320087531245,3.1025666587964604,1.2504338562513717,2.5612467053903787,1.472967544286977,1.5054589288389948,1.916080903969794,1.9841449667718938,2.15299508493642,2.3835438177142794,2.038258525694718,2.292643933969095,3.2098899032046924,5.9003037016372,6.122643942468937,5.766926335841821
1.5606939446831494,2.441959680272475,2.3243255641768883,1.8363641265379533,0.8689721645133957,0.8238100541805476,0.2631258693897998,0.026377782109382377,1.4298544868884007,0.6282784019126323,1.464691733357192,-1.027086226657265,1.1903333930243203,8.261615732001983,7.026248948563799,5.24656578291468,1.1626027298058792,2.6158952965977007,4.719673435710577,1.446326648030132,1.4622318433304804,0.39646962977543054,1.9938249409781932,1.1324695928581785,1.071313251720291,1.7232088562983985,2.143960824355802,1.7308666692388626,2.7095568250032263,1.9143627209301362,4.112198485885655,5.333422036009464,6.161304566167384,6.269546929277489
0.218002128447455,0.4950981352349752,0.823178822861397,0.30877864998799237,-0.09886118704702748,-0.7970011882227449,-2.0431414646987234,-1.057511888435251,-0.9253486434616723,-0.6591028025547582,0.2110482358077442,5.211732996941991,-4.194515012381878,6.480962672004599,2.5321128612385717,0.5321835190727038,2.3787593330674976,3.232680390859085,-0.08534775596011515,2.3642558438865504,1.2890393109765863,1.5868653753697977,0.7027691355164966,1.3028738217191767,0.619661165016431,1.833292838896484,1.7502842518584747,1.812794776111706,2.1485648191856748,3.428312896248012,5.6506719438097335,4.7675421880573055,5.0168369562790325,6.024349550855482
-0.5626672240117012,-0.4134301787562059,-0.6002686954665165,-1.4849381171282399,-1.8588248899727993,-0.45972377254531305,2.4299571433828806,2.57808198744768,-1.4205150933902386,4.44536805894915,3.5148532045354877,-2.120460936014169,7.188974770509114,3.6374147368656247,-2.354364454039941,0.5535787568894339,1.8684005296719846,0.7240412475336092,1.7284424704884902,0.38018263920765,0.9573372698626718,1.00009426131772,1.0781855994919427,1.6053837850523704,0.9130868350983171,1.6083096598301243,1.118052722382411,1.3607737731204932,2.4225261194291083,4.561763052434671,4.980059588338626,5.755770119658243,4.81797967087866,4.8817047255743535
-1.5672975521710675,-1.469502916769271,-1.4146078361056682,-1.9307454005277493,-2.666629909219967,-2.323375678837702,-0.3787544326191207,-0.6961960818386972,0.6915082027327558,2.1443255159065484,-4.8651833587399755,1.691192692011986,4.113062574828298,1.1746653569142063,-2.8590271948696415,-0.11078132242435633,1.4580496891930588,-0.02236523002036201,0.40739773049004335,1.6447574528857078,1.6489481833943596,2.404588312703705,1.4148683568142315,1.50763802914988,1.250728973119389,0.9415562712258196,2.4418090706701596,2.0131351694312922,2.483606635405841,3.9043798074796014,4.003843587068843,4.901082212440893,4.29608103286541,4.08213389460899
-2.0879667088851734,-1.8615776964676727,-1.4369270283212587,-0.9978972216332382,1.3851483470612649,-0.25237512171808263,-1.620287922160669,3.4839217171268277,-3.4611926454155877,2.3826394467873104,2.3665154564399624,1.8850506259879525,-0.07137166016187449,1.1014067045056992,1.6970922289377401,-1.5315447204879316,1.9874980923506576,0.476019233325149,-0.44716816260490294,0.5442846777328023,0.9034630195715518,1.3088640650889374,0.3069832208772715,1.20403088866437,1.14560493521435,1.3733955199312298,1.2006300297886339,1.6202209593028494,1.6690088839235957,3.8922353320580143,4.691731425262852,4.56579994652104,4.545530751061755,3.507417006690708
-2.268521826625226,-1.6371635321822735,-1.2643550345968484,-0.3022440865351539,-0.4765995361159368,-0.39127794825971696,1.8617094398347955,0.12194993394095684,0.27124164158456654,1.6715782545821765,5.595164284122811,6.63570903319782,-1.0913075877457379,2.507372847962975,1.2198364046793524,-3.143631524035114,0.20698090538366942,-0.9762163301366875,1.244149898588012,1.2605481019012543,0.3493543043290972,2.099588485764494,1.3306003334746137,1.2317214662852096,0.5271123886269773,0.713808962381398,1.5422488507832706,2.542871758309516,1.8369584045175775,4.874324533385308,5.140780029180607,4.67306579900631,4.0925355610353495,3.820241978358242
-2.4558093821626596,-1.3583936897387188,-0.29609865049246875,1.1427314043471455,-0.3413830223689701,-1.346102898894833,0.9805708877245409,-0.2510478941768624,1.229185046153578,-1.7990438040133663,6.293525025499295,7.372093847413098,1.889148451759965,1.1148928243313205,0.8067854615182516,-0.022249264732603566,-1.6971488413743665,-0.38517825634107034,0.7481567257064305,0.3794206206744032,1.130055215361826,1.1820630196534507,0.7984573405822804,1.899887699708402,1.3886914374841113,0.41487156847814255,1.0280832879544048,1.7224827179695024,1.7759766480619792,5.498452964857427,4.97414494151288,4.31354093843623,3.904911326391389,4.223203315835195
-1.6894612740256563,-0.8217902002772752,0.9220954897678281,1.214282811655523,1.0132442565867863,1.3351696648580949,1.3640848018056941,-0.4239961075736849,0.9644918902889661,6.065292420758577,0.9076457097652396,1.516713288398113,-0.10767824161673387,-0.2803476186039951,-0.7317407395565817,-1.7471038603104982,-3.5605642437056138,-1.0273140622337644,0.23043927685851057,-0.041898934680430676,-0.24382819592352167,1.2788828893123512,1.0518963076930012,0.9785327875919052,0.6081779336050885,0.5003773240280881,1.2913534884365012,1.4711746880710483,1.2713458397375226,4.292210101325219,4.949695978782062,4.5162580473395915,4.0352199782551965,4.06180388452089
0.5089194598772079,0.7898517699821059,0.9092034740338202,1.2435661219887186,1.122832908183717,-0.22084212110244889,2.4523994652185936,0.07372236291738654,0.5075830633315701,1.1488463038693515,0.5986954495442092,0.3129159768568847,0.8471748646323344,-2.205798276932059,0.9581734620937121,-2.0826972985884846,0.5904209485913725,-1.0159874710155312,0.8847771575346857,-0.11969988766829372,0.551327703310704,-0.03504793298785568,0.5482530894127075,0.560595828682128,-0.5296666280242593,0.794432614715334,0.8752626973229026,1.312225646880862,1.259438104154575,1.5728455355769446,2.2438828556731045,3.881300941264311,3.8149379760945212,3.550621252893862
0.4669943350476632,1.207570837518207,1.6925630863022516,1.7611283071713804,0.6042991795905202,-0.03191243651866965,1.4028223790525187,2.260795928914308,2.641598160295158,3.1253780127363546,2.2042548634764905,3.6595629706497066,-0.9726911376081956,1.4558786698509174,-0.2500905635703481,-2.525222501227607,-0.5107000911078305,-0.368709178011781,0.4614856792705285,0.7622462031463408,-0.3129419193824215,-0.2248537529572806,-0.27220683291388276,0.6024298405475847,0.6486095970907195,0.7677914310716603,0.19018298719960428,0.6162351036501041,0.5081560499071998,1.1725283746725554,1.6041249136479658,1.6713024868213657,5.221303311916768,1.4765394858200673
0.6568433140381884,1.1424375669112468,1.6884707411671331,2.127005611297574,1.9412061652207293,-0.006573549391766345,-1.1526939387640687,1.7287500269043965,-1.22845464448055,1.573208319412229,-0.9282733099817269,3.0935440821279223,0.08139745998427982,0.28509805640296537,0.4537996978307209,-0.3200599738497989,-0.9384947210208054,-0.7666379771198589,0.09798526910324509,-0.13122545807471775,0.5753354874794367,0.2321152373269028,0.05203603312476829,0.35067531488309234,-0.5791010769259253,-0.053813702978283924,1.300901039289675,0.48763789321716394,1.1792286199591318,1.9832655047714955,2.039041806012498,1.699772005675094,4.418856329283077,4.811962574582902
0.6829094430418601,0.9742348587590272,1.2693296802490228,1.9809228110692132,2.533429339935672,2.781796809951605,0.31260137515758696,-0.940037249230039,3.0401722366971233,1.5015288210741837,4.452140399576629,3.4477831771490184,0.5143950505672682,3.0132181125610167,-1.1378743243382168,1.560232404321513,-1.7977968211398496,-1.355229611325996,0.7584671573632993,-0.02462299981102099,-0.07640852752956036,-0.825673052447474,0.015309351608306225,0.08619833710291741,0.25733721429571643,0.2248486554282172,0.2646096943610765,1.8629083465184197,1.9402485465240313,2.049022878431826,2.0117191791077227,2.27816979261884,1.8845187979432827,5.867596849470277
0.9977982684071214,1.1823354952676608,1.4586295037311332,2.400193334205374,3.2319557213558285,1.2889963058081524,-1.3356983221260477,1.4958909278962018,2.2242331916935014,-3.0392657101060174,-1.6334910201153432,-1.670867274140566,3.0783662866553856,0.7716473475000473,-0.9859424175569307,-0.2842962295157824,-1.8824028198749143,-0.31271178408641526,-1.1247456537519158,-0.1011125137694899,0.14336764121503023,0.34425040032988274,-0.07615772389029535,-0.5330573536101967,1.0654397992432632,0.3985462712646228,1.5267146170792232,2.1629602142675783,2.2590543002876577,2.1384549155297563,2.9065297522178635,3.0994140010094893,3.40331909328506,6.308465907915891
1.1346122390391356,1.3689328024832126,1.3238607116347398,1.9496160353119323,2.9105796023024846,2.468012143557102,0.7390486622860796,-0.7471419046650934,1.6338909402576367,-0.46303561248346553,1.36735844551519,-2.912960279626774,0.3453016532657088,1.3602887057946735,0.7835863904708047,-1.2752395482654322,-0.5549167674217519,-1.661834766633079,-0.5057070471718328,0.8278742717361879,0.45553782521914904,0.3354308310868555,0.024183122501376737,0.9185767030433839,0.2917379113891096,0.5723737014002129,0.9469238337875353,1.1668677688793654,1.4196443377243892,1.7829803128160975,2.413073856507762,2.1070731539387224,4.046111783369027,5.468997916607226
1.1814321497440474,1.8211273354138595,2.0830496343669784,1.78974100377304,2.527563910543109,2.9681123282674444,-0.1490515284018281,-3.316278775827152,3.8148303266525385,2.460180017753188,1.3295558282108908,1.1113570505100252,1.6898210859157823,2.186253929515782,1.795896238759766,1.9708855843209245,-1.3562564780136281,-1.0746668901928256,1.2385512876862015,1.4541208682909612,0.3349365523808177,1.488068020302982,-0.16282225989130913,1.1096605163927875,0.6502756452716734,-0.8759444266034194,0.31750590740898177,0.41377313806347144,1.5449886607171321,2.0051827535636866,1.6165573529867958,2.973785449498853,4.694705242218158,4.42405705134905
