script/wind10m.json
{"header": {"parameterCategory": 2, "parameterNumber": 2, "lo1": 3.000054539987559, "la1": 64.9999836372058, "dx": 0.5, "dy": 0.25, "nx": 34, "ny": 52, "refTime": "2025-05-30T13:00:00.000Z"}, "data":
[rows 0 to 24 of 52, columns 0 to 33 of 34]
4.530669612007306,5.094810516885418,4.12816267884889,3.4317692154807866,3.0621179127637896,2.8612918260418354,2.901210578534966,2.455794745233421,2.547219361163102,2.42001982113071,2.3067356718954,2.46698176694228,2.0875047664336797,1.173704822362066,1.9957624319849332,1.821525173920187,-1.0883127877937437,-1.0078555003655534,0.13121652044047796,-0.5173178781714775,-1.0290898943908748,-0.7464977425841097,-1.2464154485132029,-2.779174314634739,-0.9090513589568763,-1.4796335650010233,-1.82907333021944,0.0882994164326361,-2.9339206929319115,-1.6214304627869598,-1.463935819348102,-1.4294117502432329,-1.2718729927607442,-1.6574884067520042
4.014490256304368,4.466291908493769,3.857770122725204,3.8992999960406296,3.5946654536399634,3.081440585612264,2.705257857317286,2.1793308687973956,2.3132264663334254,2.9235086679676594,2.669623695524576,3.0407790853248478,2.179994252697456,3.058336820296131,3.6804247117190796,2.520360674411787,0.9080187410588979,0.8864358598956975,0.5741762911996096,2.155923497919366,-0.2456669415544432,0.03498396888889035,-0.3793508959173123,1.1155736333179482,-1.3385800409431943,0.7106210099201014,-0.48972077664537167,-1.893395678475108,0.82194658236636,-1.0202009328843122,-0.9798048582043196,-1.115861432466499,-1.0867616154468793,-0.9308997107028656
4.043239602681348,4.243148799866188,4.122882908730833,3.56265393679393,3.4546246475408875,2.9494047924557196,2.73176305968859,2.128635312261618,2.358271585330928,3.5421713931507703,4.030020960750688,4.443753504914861,3.5832377616214477,4.911573618275377,4.590786490391327,4.657547154667786,1.7733476152094503,1.264016527051671,0.8849087162733882,1.0363628878239248,0.9924896031663115,0.7142036424490799,-1.7205606194400929,-0.8481783463798174,-0.024384478636641487,-0.3640936040195857,0.11272846377655109,-0.11685064163091292,-0.24452825780369108,-1.0528916109876818,0.20215720058875555,-0.5296742854731874,-0.9239601305688048,-0.14610598270192007
3.247870608196235,3.4210403612711286,3.1149245064052127,3.322850621632024,2.8666132774617035,3.1291606129404226,2.9663522767035033,1.9527383137066971,2.557237749759676,4.552189573594549,5.83603593280951,5.221697296226243,4.1403505174741415,6.363470550127298,5.302706034511407,3.282454723601513,1.6530302807497594,2.470305501641716,2.7732580619006018,1.309279668349927,1.8237450847665715,-0.27619422295059626,0.37614680912865406,0.35280205328087394,-0.2746316553801954,-0.5775998049999693,-0.4154499372636547,0.39491728027589,-0.7086742177710533,-1.7445571907563233,-0.6757820674613267,-0.8275966552110522,-1.4077697596156649,-1.6366512043623471
2.6432983444074796,2.7441601744437194,2.744499405762648,3.1975515264638275,2.197135809466833,3.830711098059524,3.141577407563286,5.88954572052184,3.697029281177197,6.654175862926035,5.588468229365284,5.549662773249254,5.67456027362374,6.57069843133368,3.243553505702568,3.4820128582011587,3.74055317938268,3.239019915035221,3.736813811680862,4.629923690981089,2.014549290026788,2.3216796510161624,-0.44266034737234505,-0.28052956388360906,-0.14853001805311666,-0.3537367512445032,-0.623541054953569,-1.328150021145375,-1.2245957675537744,-1.1945026767880478,-1.0987691230103962,-0.5719491309728411,-1.537045350186132,-1.3149981264742834
2.1109458829897503,1.6707441671367276,2.0133666382257918,2.621485375999606,4.283135527106754,3.396416520215926,5.4260014629615325,4.5483725562884745,3.9802956138690093,4.741719391812814,5.031194304095883,5.83726976897977,6.572046522133474,5.40816959090772,2.677971093127985,3.082304442929799,1.9088387979216856,3.865879437019286,4.921658040392603,3.7624861485438283,0.7275211004974966,-0.023433054661704433,0.19937971408890418,-0.3770807040790219,-0.7250253600989515,-0.40906359029563155,-0.7454591388133718,-1.6888023741901836,-0.7529269129750795,-0.7423394442026636,-0.4547998435824351,-0.5641898758048943,-0.3967143392211661,-0.5465307501831863
3.1311475339865273,2.6809722971104324,1.6989654660213427,1.6078117541457222,2.5500370084850985,3.583152331139029,4.042395844364022,4.636755719323917,3.4822654544749176,5.37297436043742,4.991756744046835,3.957081430804934,5.524757353867132,3.6896086888181636,4.1957667290003,8.143249831890047,3.137106247197052,4.098261672680251,6.414942701550704,4.614544606738444,1.9648871804350565,0.8750678962766242,-0.7204504111895786,-0.6316017221335282,-0.24311904092447045,-0.6793965196058047,-0.39969926769150593,-1.4513172806407972,-1.337625727641983,-0.4361590598291816,-1.2402727301501197,-0.6741078699916488,-1.0096989141236041,-1.172760433132639
3.1267742974736255,2.712729598568939,2.6725237878727146,2.5670557370394183,2.088244690366246,3.2305699213198773,3.616922108170864,2.9491901616447658,3.2093055555303587,6.180602059731182,5.993435157011118,2.412995325970164,3.3993523875572715,6.968195591811264,2.8923186477910514,2.7693560185818438,4.677808094038551,6.19778247499451,6.976210914675667,5.993184834945303,3.3084574207258037,2.493364853658142,-0.2277133207358658,-0.46680291340244245,-0.650544858099487,-0.6642040539555133,-0.9151911330354352,-0.9048474626499997,-1.4836693115414579,-0.6017143029059832,-0.10563590432028484,-0.7821567083029011,-0.7239810412004605,1.0748160671003975
3.1786887398970602,3.599018466959886,4.138375696399612,4.129651534001175,3.245390642217847,2.96729095511699,2.414282109395374,1.2963017763110907,4.062288306199856,2.204377911338684,2.3986860542746293,2.9412980243051674,5.127678151471731,6.90158622553281,5.784584272538537,3.7358530262538303,6.93316332573431,6.38658928742493,4.84308619070199,5.870256391736968,6.450080460419518,3.796075818943663,1.176458804128598,0.02068102177896104,-0.1396558444295219,0.07126836195319053,-0.5335910963056499,-0.9349910408311394,-0.7819354811000871,-1.4378902695208127,-1.1507000721498173,-1.0902293544209736,0.22670679932605425,-0.24499191357665098
3.3313258593855872,3.622186698413135,3.3390217951224153,3.1277675471982085,3.140323391858868,1.4239803989141888,1.186970847752129,3.1312061577419477,2.4404668784605987,0.7048558082249416,2.137936399128102,1.4072847622510565,9.110039057249422,8.226329207217486,4.509413698238989,8.163952644498373,6.38797207059848,5.629393278946077,4.8766476431199575,4.700512589570111,3.673041499567627,1.3711343210354385,0.7119581148912665,0.6850054363513566,-0.05551346805469714,0.3608310919547267,-0.34362897226683237,-0.8576009129145321,-2.277081694975626,-1.254733184918691,-1.083778445804499,0.1360905021197918,0.39645236242673765,-1.3106576422759109
2.9175574998267724,4.630388780227373,4.210596132602153,2.117909023415214,1.7147198994353312,1.3360404574440756,0.8620667996835015,1.6220423134373492,4.175723729765382,-0.6798624890058016,7.091647399963211,3.2756550429204374,2.5842421560266384,10.624911537672185,10.586993410750773,7.218793363619433,4.334245378720767,3.611578123740633,6.139121271488472,2.5487501395021197,3.408370938252936,-1.1814495877470297,1.8685235868188803,-0.26665325860634354,0.2599061103366696,0.42503921122649146,-0.8816773600517491,-1.5602809324079987,-1.7899341307586603,-2.571812666514649,0.7583625737683597,0.3102612064437915,0.08880200440521059,-1.1761886052090944
4.7180098473141125,4.38186773742945,1.166323170873838,1.6356550484682355,0.8563677062462974,0.4492443908303314,0.020836586658693146,1.5270349962128573,-1.688791699335396,3.7772287965848106,2.9703631362533747,7.396527899998179,5.052817289995319,7.979329662671378,6.408876981769516,4.664953988333013,5.374955151861823,7.616045581353256,3.135449721516598,4.088911448376596,3.967117924650974,1.2105467340192986,-0.5725296650655088,1.146676348464184,0.3449562854960412,-0.48102926333986734,-0.2009223312564919,-0.5531402498109763,-0.7202120163308524,-0.9723218099457183,-2.020314826312066,-0.7105623579209621,0.4991173980572652,-0.5126314888720022
3.595521426080353,1.8559771001046599,1.0886589560334714,-0.36523388762023384,-0.21166526868332516,0.8496189881680362,-0.37059050184282744,2.154175603685775,1.6944057218806743,3.75064369138508,8.151218179774808,4.937011169758952,6.652983694929194,7.688302257348345,5.46706240339604,7.208498848502264,6.1936728421433545,3.320122088248253,4.648318316111376,3.6432145580893947,-0.1479422002810646,0.7104484659428777,1.0927985414986154,0.9176198449070975,0.625843616556482,-0.2702667020987416,-0.4711000050070237,-0.8268853419666765,-1.4423320450033166,-2.4304773658579206,-1.6627854065689438,-0.5500749492573268,-0.3887749631322292,0.4981468354315903
1.5364404772256661,0.5163670243340898,1.2961261785136178,0.535711638615674,-1.6898495206588344,1.4465657075430702,3.000687303760052,0.4962963738198399,-0.9982171474898637,5.465253267289568,5.80582002060473,5.510706511474215,4.158143853941347,1.8255939490209374,6.637078333753797,3.297867343678283,6.409552855225434,5.768256935272806,6.068390554282599,3.4899925874607005,-0.1761076734722912,1.8445835646864377,1.358420129716522,1.722726063256693,0.4017586957176241,1.0047114299514532,-0.11413159534449197,0.18615224404233616,-1.2478685582995328,-2.625084776073991,-3.0039486174355594,-1.5440071429289237,-1.1187363831328243,-1.5459503195083677
0.5669182952179492,0.6231876177053922,0.9139581108173979,1.3658663973534801,3.586537342071457,1.8693756278164078,1.5422266840225671,3.8974162856699044,4.13234918156615,2.4473707639484443,2.1914130836122805,7.164028577316864,4.964401941349764,3.1495893544238287,2.9383591025218023,6.084564663123249,2.2120621283332187,3.3783933293569457,2.8174665172008404,2.2390517862872086,0.8579089975893718,0.35545793028967493,1.1659215423343265,1.6557716016698432,0.1790903183363402,0.38310984227601996,-0.022770459675976535,-0.4593000926425041,-1.0060881898902723,-3.261003143333502,-2.454786581239622,-1.5560748592195737,-0.022361849839418014,1.9928738262387835
1.1542178701130357,1.8450355835005723,2.665622303109798,2.462690346640811,2.105629431462664,2.2141521535108533,3.980306286908071,1.695081988266658,2.826080018360876,3.473962083722535,6.421650145801191,8.717057906407282,5.678947461559951,4.824109645138782,1.9582862446700542,4.152616144923505,4.7680719964168645,1.6796769966361949,2.7630162295395326,1.1837762043857025,2.8608492653700313,0.5525395593335418,-0.44524425362173276,0.6164982537261973,0.5508902630933828,0.3218853780848793,1.2506398682858717,-0.5114214260781182,-0.7415008595113223,-2.0645317503140257,-2.775473079637297,-2.976610625086932,-2.3751208806928665,0.7611708395305751
1.4639066749156595,2.6835582245179403,3.4737450739302824,3.4262475362577236,1.3804273307591177,2.6157627762773585,5.447589986311024,2.9068801475701793,0.07959325588277284,3.76967259321904,8.208931600077747,8.645951344245391,3.2807643732481213,2.8526689246401182,3.5049789654681525,1.3136274461552901,3.734525021113837,2.5892832534589005,2.6954307234316457,2.2068596998747485,2.2334022272705867,1.7201573463312871,0.8085520090405092,0.2421616873635401,0.8737038740214812,0.6256556758791819,1.1559139736303259,0.5028251526377553,-0.046314846839109504,-0.5783557707982357,-2.1453925915951264,-3.3604293661401954,-3.4110272843018064,-1.815684798719038
1.867515053346794,2.184407563015958,3.3987756410392533,3.7998201941065206,2.5197997644731744,2.2219002860792103,2.5259818300586585,2.2850262970705844,7.914894520975615,9.589402166778234,5.057001897595478,4.779874095208572,2.9568774647816625,4.486024633087951,3.4415511239621432,4.338957970421962,1.85195266083708,2.84336072618163,3.058230353733424,1.6663104137697695,2.3376842004960783,0.8941183589618126,2.1183245448561125,1.624662375371647,0.7704982619750704,0.2372967597331339,0.5795273737623878,0.3614263423339132,0.22132763005595907,0.7112900722680661,-1.9590169017235806,-3.192498632432798,-3.985544871537714,-1.9570148355624426
1.29512670012806,1.1508991420653274,1.5346117850430836,2.696899144395335,2.7205455570045514,1.369756648643172,5.080731492829584,3.0450676850330964,4.326902682316069,8.818131110848539,6.0796793104738525,4.16623688608889,3.9309564578533855,3.0531997477635735,2.7348417665182803,2.7633414101011775,2.8154004305465974,2.5526601944035483,3.1943160411591114,2.213538066895464,1.8224287754875976,2.2812729801698923,2.3411873576756896,2.0680315024238487,1.202213189422276,1.1756782818063598,0.46519951331052944,1.2213747948786768,0.5772757418193756,0.5173916544602452,0.9275412450071036,-2.598091803394957,-3.7750678317363096,-3.4399923486417685
0.5659833100967205,0.9673265850687951,1.0174905737713416,1.967747509727691,2.664783126751388,2.2739965978247647,-0.04241984952562731,7.333198332987538,7.471495598430511,7.913842113807365,6.657130461844681,8.21050663599014,3.8371986846018524,5.653565815548336,2.940965005883407,3.7963270640109767,3.2503875531366706,2.6839645435346124,2.097776295762027,2.3319369268598624,2.0862758420925043,2.3773163990913333,3.186669337898132,2.916873989691945,2.4853109572848746,0.9746594267638942,2.011564633617671,1.701843445933081,1.1664453889241393,0.925803709076124,0.5011670430884417,0.5947143394309948,-2.100810360694574,-1.462804617868896
-0.18255201454948414,-0.43391318781644816,0.26278424254783805,0.9949664083592776,2.6715847260381334,2.0088586529679344,0.9417200906122285,1.2213583052914798,6.162565700132874,5.692666214015244,5.95956138148097,6.02323125036661,3.401724665538438,3.148787553817771,3.7514852781649357,3.429648604660317,4.114995633982696,2.739598711591421,2.543190099164903,1.6739085057366423,2.0298149052818015,2.023162713071673,2.458350964549099,2.799376215464429,2.830074619277519,2.302018324717032,2.6190929450152667,1.9795334310616535,1.3373758150886776,2.008771407803404,0.8049357687931216,0.7227434859945996,0.34230268385637835,0.6147009152342398
-0.4049946088909458,-0.11505890153694759,0.06822601494039222,1.465010339199442,1.9571612076192604,5.013681526314634,3.3251731678453393,2.3278404372197716,5.943525490892284,4.157717772892935,3.8274380819884737,5.623172975481805,0.9833961912437262,3.1809146339026015,4.863133125118423,4.4757259104385785,2.629539608676559,2.225694621838664,2.262377678949907,2.182025321169656,2.596789576076463,2.436357997820252,2.2920142169177367,2.4809656518279875,2.8398818580591536,2.576113187890786,2.844222688646267,3.4504106856222525,2.4976549472476672,2.351032253872774,1.1360394184018308,0.7955579908050244,0.890271477015993,0.9712437649517215
4.075785830260681,4.29955856088378,2.725647535798778,1.1237697271368923,1.3539094749368483,1.7979442459100905,2.024867039349889,2.2291852223744097,7.8266989950321975,7.837764872454551,3.2031769085582353,4.277164473107734,2.9141541002601503,3.3857170585650285,3.2289927416324473,4.854060627606398,1.7984094743053676,2.7251576164934446,3.1032976167358175,4.090306950625895,2.705777400536291,2.4742696254848964,2.0038455517076295,2.184528924454063,3.5865635491431953,3.922407907575278,5.117465170399346,7.146409925266622,2.6016955339091856,2.289534823318041,1.416896698234858,1.3609353296624593,2.2418583609992657,0.6373313973117569
4.6109289269139415,3.6452204051214703,2.882303702095096,2.9265843872257786,1.4709615659096629,3.0617005232360146,2.106354236029405,4.146023513347846,6.726484173850325,3.3832564918952834,2.2007719936800663,2.08976582845166,3.664136998424094,3.196610101496884,3.850422791082382,3.7493513000828815,3.3746190986728863,3.1551142182902012,3.4543582982557544,3.447829244906994,3.292800437056566,2.96942028283059,4.478603837920966,3.3332965393925362,5.382910813488266,4.87049314856121,8.936502376368548,3.83299301527424,2.9369940066572293,1.979948204106057,1.2388062438549177,1.530225529843642,3.4663594555598762,1.2293838718055339
3.7023417922324273,3.286082619726628,2.8058518552082177,3.729732595974755,3.075955580635625,4.5149536752360975,2.117141719242663,4.868695541334923,8.19588491808404,2.4598562120881224,3.7227177837754053,2.8447944562364595,2.9770276560886644,3.440945327314619,2.671657510274068,8.07567650334393,8.357779360738576,3.3595706332218866,3.7020499299519143,3.540752830193243,3.8351918905551123,5.42106988878943,4.759123033433582,4.146442136953022,4.332524275470026,4.044471247238798,4.961169856562476,4.0795464386243045,3.265702040328577,1.0484082889761916,2.139189315129507,5.087060265448254,3.648870080322141,0.9650984468915381
