script/wind450m.json
{"header": {"parameterCategory": 2, "parameterNumber": 3, "lo1": 3.000054539987559, "la1": 64.9999836372058, "dx": 0.5, "dy": 0.25, "nx": 34, "ny": 52, "refTime": "2025-12-18T17:00:00.000Z"}, "data":
[rows 0 to 24 of 52, columns 0 to 33 of 34]
9.16952217177421,8.714811208183354,10.147237846891976,9.874952493329898,8.991787512434646,9.286328207843095,10.854752698351176,8.535745528990102,9.572856731388132,6.334388472183989,3.832414321625799,2.6639393488644934,7.120522334363734,9.237910742544997,9.611356045091409,10.461624158077639,10.404462138982986,11.767319656830889,10.865241180847885,11.059546838290112,7.998827866854561,7.428227038118719,5.439562694836974,7.1990245281234415,9.260200040320889,12.800586405165497,13.83283187014695,15.118927813410037,14.341250486047995,14.365133406651678,13.38836512020116,14.108051706882277,14.429706295889732,14.44476020456377
8.633773255262856,8.525454415284534,8.714602962085959,9.363362392363843,8.425918815107577,7.980998144724396,9.69946522758397,10.941154024619548,8.821342257193765,6.713550552671497,6.017660294727788,6.1007210768156455,6.276155232514226,6.005389908464032,10.056356324504396,13.345038935841835,10.057445555875487,9.605484826961277,10.89502085718999,10.544299986659473,7.717375865604764,7.4717654480139855,6.69389003293102,6.688739225479796,7.910399439169849,12.220582409382523,13.949302847936657,14.690615279382351,16.90679857406367,16.174423406246575,13.053301750015043,14.951227519876834,13.867578774764938,17.702319895908143
9.895111268638273,8.941009541237644,8.756396034361051,9.293384570718372,8.53416912381274,7.396246565989921,7.041325156862661,9.035500433147321,9.476002202849795,7.604300792520866,8.692454315755658,5.008128535982606,4.785026542998,11.898647498858375,13.685863836221227,12.986736342476009,10.71307911581722,8.23026083100591,8.955527365173975,10.834516766098469,10.225186337288239,8.250473806588428,7.963902569138171,6.1530017132187655,8.14487974172457,11.772327705904415,12.48997102445255,14.83768815179184,14.092234029366141,15.873011925252317,15.71115241129989,14.888265334762606,14.223585415322196,17.086756268120403
9.531515457327076,10.046366807848816,9.876693700722177,9.441006615342905,8.871331073759938,8.465306791454628,7.99316057569355,7.504305292556611,9.752575590403081,9.566508421074415,10.872127187677973,11.71023101154831,7.3888134266833525,8.57900167027604,13.511702505544948,13.52517481162111,10.240156818714414,9.814574636240247,10.64765061211939,7.381909111123508,10.621033363398743,9.481512128734513,6.868245711960372,8.3399201147251,9.680395529843482,12.736754848266006,14.427675369902024,13.615332073745344,14.319756779234037,15.078999177982281,13.628169858675403,17.403765766048867,16.471011761466,16.531356868244405
9.364582518631774,10.305021142605872,10.434239985327181,9.321796827387294,10.521669092344315,9.948774002059537,8.515306659670797,7.093555844360126,7.64248696717748,8.95816686401299,11.603029458864636,11.425326734551358,12.136195699962915,12.354697797871214,12.938561541211808,10.628292809429139,8.778232167662406,11.410635049447759,11.160614388701594,7.547718459079359,8.709305266440811,7.0745390852130665,5.503071764674134,7.180113174374297,11.976822088989584,11.59400661615528,13.632158470486651,12.974407810466019,12.861517121400244,13.536161522372332,13.881490263444569,15.70562231566945,17.17342707771194,17.573559339190634
9.7634162717969,8.838172964284096,9.819996095666438,9.705374594053822,10.285963283421987,10.518914270158039,9.449858585724185,9.198617761139923,7.664706621922253,9.488015357977272,10.87725696864749,17.70401231417658,13.920103891627123,11.769074843641075,9.635974244295053,8.385790611091785,9.173645061588243,10.02109358434169,9.512569362865705,8.742002839076235,6.564340060160526,6.790152333397418,6.540475370809494,9.366532826503107,11.444820855805887,13.47951847488874,12.963841126014124,12.1180542363489,12.809996598497541,13.146071731448714,14.178955605075679,13.757284799489367,14.91121212519435,16.85819125611503
10.641948262504702,9.458312008933163,10.342948179895204,9.808839052000415,8.837026189662241,9.489305465865225,9.434178738395797,9.789930360696058,10.857394570331705,9.95992399149816,10.80827899393066,12.344942358763744,11.40857230288985,10.493253453678724,3.079666486200913,7.021744106017711,7.967744534070948,8.977552824568873,7.272162662992168,8.439090834501048,8.178761358969636,6.38546638745483,7.559301882616809,8.908127001575059,10.294552355026141,13.592989040528767,14.660266285318695,12.435980892297527,13.446255483174655,14.298153374649372,12.924081269473115,15.49690338883738,13.728943895693579,17.41916702618408
10.908502563649398,12.30863187271155,12.942114289946192,11.024189146929185,10.366530763269132,10.570291169649982,9.925109015339457,11.222591651531502,10.07441160038007,8.851754494861707,11.93918164870878,8.61306837840286,12.81091259355994,6.910403131243698,7.752797991618491,8.161196917713559,7.841504569229014,6.638689362779234,6.805565983315834,9.106930282586541,6.294261557523788,8.020348334870212,4.6878555411481395,8.48593048748972,12.34837051741852,12.344637573804308,11.847776186223898,13.756398192688316,10.966110977357014,10.876668686473861,13.75036278819534,12.171604173289564,17.175654048875813,18.5333995345456
10.680798850136394,10.975549152583108,11.73558548383252,12.74582501709003,11.635013053876726,11.267107486860436,12.371626596159901,10.930458381261621,6.355759615754017,10.527529676844868,9.556646793021322,6.849020180326256,8.684710192635835,6.705200363511,7.008913191574369,5.136737334245708,8.412032487563398,7.346494793441818,11.833427497016714,9.529118875277293,5.117072024844934,10.268496633837765,9.852528340547744,10.719372053071867,11.345831041513765,14.055657686799226,12.59552363254419,11.350059988119789,13.535832404009465,12.01444400995086,12.729102776295239,15.94432855636194,19.156903358661665,18.7547513147922
10.3461159930139,10.722677735280369,12.329328581450856,12.468496551778797,12.465420800481528,12.877689005970415,13.650008203534894,14.5216230308976,11.93102444304486,9.144492136188138,5.130213155275089,4.113991173196691,5.565517117961483,8.555111157103532,6.908704224733856,8.413842703584834,10.136546990275482,11.052453280465494,9.397983507008158,7.224418085721692,11.41857300427689,11.738917447592382,7.387234502018938,8.287475067878011,11.509295830308842,13.187135824673884,15.25362883256712,12.452614652542968,11.09230568342703,11.181660175189535,14.503407440317645,18.00803220628023,19.774311541559435,18.825322428757595
12.21105411691804,10.373560825818686,13.081137576881176,12.668053963707429,14.329640084520141,14.487443609418817,12.031986617432722,9.034244824332225,12.783970289850675,13.176822708813457,10.121553550704267,9.655271797026442,8.561290329429983,6.3823143929903985,6.426008714857413,6.588659405009981,10.666722637095784,8.957414523203859,9.251488833314076,13.587262791127056,10.9117721840353,6.854148280148342,9.754435515089208,7.072370808501725,9.622330898988643,12.732973397231182,12.360418955678437,13.740217546993412,10.661829323017642,9.170875740321453,15.436390803217797,18.52846832928958,19.847769381906183,18.32267552708789
12.924548754345427,12.077668277643372,12.597106266003955,13.893766226053433,15.809266205284914,12.936983611593213,13.720975016522642,11.722491617390268,11.036688899975806,12.47097300289946,7.405973994774131,5.685519045438069,7.508871237851696,7.754780628228744,5.99683182211368,7.7524801547598585,8.645581377511972,8.82400292700699,12.501099803115636,11.695439358077751,11.632853889910875,7.505021227045174,6.613658216389087,12.663303283781945,11.591011897421406,11.53934797199442,12.653550534139047,13.883327068553902,11.242511604915725,13.59229516433341,16.041396996414356,19.077641648800306,19.558292285798423,17.6109625023612
11.936214976652918,12.214896854275679,12.188191918864824,13.953179534022489,16.68618315656955,16.026069267756125,14.251316758606889,10.840794199646334,11.93211170197434,11.981038568231082,7.9796243300584635,10.746511738018203,9.551736530660696,5.09127806621558,7.438345128569843,7.816798155625189,7.719802038919774,8.689342618514589,10.563120802973199,8.54351541868477,10.061260764562372,11.304966725667997,11.513203808828006,6.974644038770436,10.596597965542486,10.216693695022553,11.342027658936303,10.993033610323325,8.203634101220722,12.824656240617342,16.20780178521382,18.73536720808962,18.825855875456437,17.629365348866447
10.971109336387702,11.432386314235107,12.535780405957189,13.835573384108892,15.135951794356753,18.49775944640789,16.09900975009757,8.211755115953313,14.97621626094914,11.792163113528506,12.920063208287074,11.04730433752673,4.220255225903144,5.025607980633417,5.275965077152946,7.863240087745969,9.364122890159853,8.402856950673199,10.471882113553434,11.873415930848576,7.931482889513671,12.331129707893083,12.399735123784778,12.092784965886574,6.953699878259169,11.07816141804949,10.398272059491525,12.840449696986052,9.761696375562423,13.853014785398221,16.70303374491035,18.170950214995337,18.035908179938573,17.226642096187128
10.627089346985267,10.836708828210359,11.415472045127096,13.105986378485518,13.898259701692186,11.45966499961934,8.476018414466033,15.093589703314635,10.647884856403213,10.02239202992604,9.150102281007621,4.109727605839036,5.215784614024817,7.340913119579088,6.046728584386174,7.800560564150041,6.535942498020089,7.602028987341341,9.557005504362612,7.278962077929519,8.968928070103331,9.286302166713753,10.74916255824336,12.083083207057955,9.868926587275446,9.383548491085298,9.98631351945665,11.69014004981393,11.074908214963896,13.617207948869439,16.19188048488082,17.44539242740695,17.692657648609803,17.13180514457149
11.468980388257604,11.144438062818967,11.72950268883568,12.876196093414354,13.04992231792922,11.896268040769048,13.651568538224476,8.89303599607496,7.1589342041438835,7.976130168661016,5.463542996196937,6.000127647382844,2.228506739980514,5.668215200988555,6.4167183062190105,6.771869607343068,6.634133075872874,7.521051351909501,9.501135393787674,8.071978061807593,11.330221213719932,9.405992162862185,5.555729870652748,8.976917836580165,10.435058215726501,10.175679753071543,12.40879441652572,10.380860367837077,11.900321833714829,14.375235423847576,15.574091041171386,16.474362056034323,16.462176695659448,15.660316833824387
12.107912006278633,10.902529156417183,11.43470983584709,12.37760563836888,12.549088657877265,17.247974017304777,13.29907602019038,17.08171294181839,11.561612956790388,14.608073047059046,6.493402154247382,4.47262387410825,3.490314745918559,4.222733599026621,6.640825096837128,5.568801691368354,10.37803544916023,7.020277709903864,8.558357017967857,9.331374184874695,9.960515433841135,10.087291166909147,9.352707355387386,8.387051509850286,12.060748250803645,10.231642494527575,12.379941717396774,10.47674260587144,11.775351648980546,13.66483106838106,15.98984734389895,16.284804426143875,16.528645954179737,15.933661519955338
11.682433092936813,11.684635266827796,11.528115352923699,12.550185758300222,11.892013824118084,12.732178044907485,13.36660338811978,11.371647294492165,12.172697203692602,9.765629204328222,7.036329956175703,7.3792023199682575,3.2405499552022325,4.940003815818579,6.605633379230077,9.150745777566934,8.57942176433054,10.002346940182452,10.044569990106996,8.697699838185347,8.312141445014355,8.88239947501788,9.644659226153351,10.740861951094994,8.105318302998946,9.05782086799277,12.110239178236077,10.405714892395121,12.60541479966817,14.090630663482722,15.325863116138306,15.939794023406058,15.513762229090684,14.671224576871388
11.86841099026148,11.64312287447579,11.683569500235759,11.735144164756546,12.944951789250762,12.673635686988245,12.095396400213758,11.353218567356496,3.1012717650250274,7.878085936657785,4.632316795005859,-0.2664703386853279,6.682764845031229,4.424530292035279,7.095165114703809,12.068652154718501,8.715414682499205,9.01175876748919,6.87352202776605,8.771801259473058,9.463099217470248,10.635179805577666,9.931451606633534,8.814627613918507,9.767068560017778,9.570829021591848,11.76816134931659,11.918699055891077,12.608301643670183,14.713037512192306,14.500951494899976,15.166078646495656,14.05949932016424,13.866754490761078
11.415986317816392,11.33261572599415,11.426964558557815,11.770824695624801,13.701319226183521,11.200802189269272,10.962017497301535,8.188409086539567,9.39594254334033,8.459735130878185,6.64905353268538,4.913572511039257,2.6364736432111164,3.671332671990317,5.626376655288089,8.037017313604478,9.431228697923535,8.854875599762279,8.282348245132834,8.979919105073055,10.000313703019271,12.237386994358378,11.885861833897458,9.543907705520107,8.354640497368164,9.526360691435185,10.465006683237915,13.650885065727579,13.56832255068769,13.476797431683927,13.377497763017114,12.876871862503007,11.44432329060619,12.14289560161888
10.461809034906176,10.09055239868804,10.355147590740609,11.335466401431388,13.104597204345868,13.739052389049073,15.439466474332368,11.983165843497241,9.955619562944227,8.325790115988925,4.26667579171096,3.0837697194589557,3.69438429427396,3.6147969298329983,9.203786615979693,8.54364560887224,8.81039910503603,9.665394650141774,8.151675133549482,7.271925924978991,9.223481465592805,11.43786568643216,10.597387549357597,10.077428565424203,10.038720534893999,9.886242169800143,11.491034905501254,12.533688474977222,13.654856619295513,12.932911782598437,13.166830653352246,11.665500568276396,11.409554542745159,11.890718958536198
11.63795598380255,10.653542067980473,10.570845015526475,11.374605710468941,12.240760565252774,10.804500518019248,8.3669012295517,7.554133166267017,7.890389317718691,5.32303811902968,6.135786728685981,4.568214905438072,3.9459882156392743,6.743467113654214,6.052215182363028,8.974644078500035,8.801896684655185,9.468734360374789,8.223518702565627,7.475063680949746,9.758692649914291,11.456655011520386,10.425590265996142,9.768547839752326,9.049578068158363,9.614227212271235,11.08679891367572,11.427288403278679,11.922517201668501,12.566738531825916,12.51979815712177,10.742897568028036,11.589220342484325,13.771344615129507
13.273295006562202,12.229747863726352,11.771689766193521,12.083058960259436,12.438039203455217,11.618216360479918,10.112732249490056,4.929875284178429,8.315952791835793,5.433989728481647,2.3750663260425444,4.265665590438131,5.6754299967946515,5.472021646348254,6.773285524447399,7.0329956742917785,9.640882372588113,9.720902733870698,7.6958807331717205,7.740765280646096,9.939147258564944,11.020459331233866,12.045330066659933,10.220458133329315,8.511898293777087,9.44761912468668,11.011099468503463,11.71643586025315,11.62857752815895,11.664624438102935,11.783308169309041,10.646783872171842,12.4532609125135,13.773218158996334
12.948226990351314,12.867913693506823,11.842770435413561,11.870567533009337,11.875122319744525,10.189880424765176,9.996431364881262,10.731498268824863,8.626371752068879,4.071567847904576,4.259656294667041,3.555358568319735,2.940079059036644,4.002095306203335,6.388025475290348,7.5615376430727705,9.428234585551687,9.249447769030379,7.27839422861901,7.58447013132993,10.127386276314443,11.768302700251631,12.141824422400195,9.680214657996373,8.39975017559495,9.616899536833794,9.92619332274113,11.65834174071781,11.806197736267988,11.713530105805427,11.654361298310054,11.257997561433564,13.23934113003765,12.50379022247047
12.59813121397522,12.49447406578923,11.966791450776846,11.763606716877222,11.56438263752759,10.4440219278006,8.63501961576088,12.459890336392695,10.316372106091496,4.983830642965764,6.569337675111978,3.3939910460744156,4.931422163258885,4.422556034996253,6.26276318501506,5.671868565161972,9.35993089668477,8.91289232403278,7.290476522636542,7.652767687446854,11.410939583665222,12.796164455838724,12.474019272886919,10.40903651030989,9.885317169862214,10.430667619851825,11.618888980865904,10.14938236099295,10.350569681609052,11.082513112545698,11.35750710738129,11.712372494378505,12.8830296205559,11.464579430719255
