script/wind10m.json
{"header": {"parameterCategory": 2, "parameterNumber": 3, "lo1": 3.000054539987559, "la1": 64.9999836372058, "dx": 0.5, "dy": 0.25, "nx": 34, "ny": 52, "refTime": "2025-02-07T18:00:00.000Z"}, "data":
[rows 24 to 47 of 52, columns 0 to 33 of 34]
6.328792435138614,6.418981753641103,3.0387962662945975,-0.8604955235463987,-1.2159749831243147,0.6194790822870483,0.02151022015229688,7.173032345097039,1.997513661220661,-0.9046526636500395,-1.8389193520771077,-1.4442263335510321,-1.855453067582561,-1.8639998265763096,-3.0363339616157403,-2.425034024192006,-0.45310828013540644,0.5395508565243423,0.17165055083525196,-0.9664951058524053,-1.8932637033756374,-1.3131090042464768,-0.850129933231435,-0.9476039420504944,-0.9718596424310872,-0.11319469157118972,-0.05090230369198785,0.1251782392843805,0.6150110229398716,1.1188262237863955,1.5828084236176263,4.819915746118063,5.252575667706203,5.643702310489387
5.603958506608521,6.465722597372947,3.897686720193422,0.3921624441603904,-0.29993311149964647,0.1932295610573029,0.7378590449681358,-2.1917749718133326,-1.0108857825970254,-1.7033383414366674,-1.4852524887651661,-1.9104158924761583,-2.4884007499505074,-4.769976696257588,-2.4046356174415155,0.6599473218517777,0.4540462531252887,0.023787663353002347,-0.4262245729905673,-1.0558093380455953,-1.54624867446363,-2.0127396134079913,-0.5791801773750572,-0.1796301607965925,0.07876755343369934,-0.6504853623286234,-0.07724648733093056,0.2511189969271927,2.166197349674973,3.3001960431610686,4.596929856703915,5.051472156753361,5.048659883770497,5.117953090899038
5.072050695196682,5.746185085389243,3.972862815861302,2.4355005680816864,-0.2504155325143629,2.359799533295391,-1.351967627146334,-0.6916326623250272,-1.0857839928985866,-2.157458672333305,-1.8767959440210298,-1.7767379298495696,-6.113886090136775,-1.6153889668205008,0.47807154291835624,1.1633483024297506,0.6733800440889239,-0.1519075019088349,-0.8301419944167778,-3.171035432617259,-1.6907802005281893,-1.0392278212184578,-0.025863288928852077,-1.0800747337490673,-0.5908415915326884,-0.433158145969877,-0.3095592175234886,1.5114958525068094,3.7466714158169245,4.350930961790356,4.749089955835703,5.24598707637223,5.255335534951484,4.8627563884208005
4.329774338597993,4.451328826371907,3.4149862224880416,2.388514482967955,2.0566710002475923,1.0970087242767048,0.6840583323793578,-2.299834869419181,-1.458223491590005,-1.7636109333405774,-1.8108728554314397,-6.213321486374812,-1.9742643507952586,-0.48147451316389683,0.680347576014986,1.6052148577466383,-0.3332816934094451,-0.760344003480846,-0.845147003518819,-1.2570340913929854,-1.1011292061576345,-0.21358842747339002,-0.23393983105521166,-1.2352109811058196,-0.2544412370889332,-0.3248273817597682,0.21506670447627507,1.302775672657854,3.282192235404528,4.543318333038289,4.808901097471672,5.758596979529148,5.555651349911157,5.706557925633075
3.3817332751357654,3.4696096008856943,3.209219199046366,2.1369176273129975,1.779550620555203,0.9423094829853459,-0.12344932033485304,-0.8001218048770246,-1.6573366964126488,-2.5030443264320144,-6.6567366160308445,-1.327553421530838,2.9891506353567467,2.067402791552014,2.2844315430225577,0.829385398033462,-1.081400665227956,-1.8997408135206206,-1.3139152005440362,-0.6042951879180856,-0.23965735956756098,-0.411940861783555,-0.12280777737794275,0.10855513603821555,-0.04035513385929992,0.30744004029464994,0.8042427053192951,1.4453700073744888,4.356139812396915,4.091447669171776,3.538074375113685,4.576811609395395,4.643930350293202,5.968390908620387
2.5232516671521688,2.3625102663590027,2.175003891652844,1.784140072843229,1.35615416333688,0.968991136423535,-0.4384286997888052,-2.528299134952796,-4.913715716438374,-2.2941228732328036,0.8689726557095955,2.371295114507609,1.6322465870541236,1.3981631493077493,0.24897084505150338,0.11718354360608653,-1.6176743668510003,-3.1018516428750234,-1.8987569316562762,-0.7247263209814138,-0.6516333279691991,0.05447235534292571,-0.735130154275762,-0.25654643459994964,0.055557345411402614,0.1771279702832127,0.6048987971827133,1.2073355632747254,4.617136878525893,3.8173411197419966,2.937658433320345,2.2295739668898507,6.117474368025556,6.320850998159934
2.18177918211428,1.6058958307970075,1.787211988920373,1.5043721981283753,0.7066272600161783,-0.5224042454165717,-1.9278741030317859,-1.6861572188076133,0.6198636642557723,1.3054565045674806,1.6349008216547554,1.9327123314130321,0.5287623265110825,-0.5209685120514977,-0.9239509356992652,0.40888353808344874,-1.6196902159875015,-2.0881565065074743,-0.8522114385326126,-0.5613009806627028,-0.2649828367656639,-0.3289770984228124,-0.3905582607238363,-0.07205261835299809,0.10383295166675591,-0.14919542316584417,0.8741287576447906,1.215773382788651,3.698673553034336,2.5121915110451702,1.0976026210825347,1.4817679689798517,5.989561811343841,6.3285113130610195
1.7581798789134417,1.558448525162251,1.3025897174655172,0.8689029878689238,0.2929830262264091,0.19102039285521494,0.6258736732022329,0.8734522019474633,1.8176762983220685,0.9867460205726224,0.6181911361299447,-0.010871861165606823,-0.7523044443229748,-2.223818555637645,-1.3595322217381374,-0.629346049846732,-0.7349076653659317,-2.2735502335486384,-1.7195956165785473,-0.5175232880757089,-0.5673581059153107,-0.7010400023726152,-0.5323554974023015,-0.398016128647284,-0.11007025997292459,0.3989872017686578,0.9715707170609388,2.87926324371975,2.5476198927114084,5.693479002969242,4.025539863101019,2.8375487474794405,5.592097581430605,6.297795749612651
1.9863881590323704,1.7156884090819322,1.403569701888675,1.5466830571569228,1.2385036809534349,0.7532476693121135,0.9910420700883186,1.8657229515274032,1.1379351654257157,1.635375368637603,-0.7108258211910153,-0.999180520358271,-3.5685942429252826,-2.516525577145482,-0.53744709816027,-0.8156136112118811,-1.4024020637860626,-1.156419558198201,-1.8209242161654613,-1.2257648943876744,-0.47347754000882625,-0.27069252359936885,-0.17705017332301587,-0.20039351396376054,0.39093578837824594,0.12791795695022207,0.9186357672193557,2.9980660086724256,5.513369270052528,6.1170675100831975,5.908126263064547,5.27704022816089,5.669337675595581,5.853190683892433
1.8115436005004273,1.5649587173639532,1.3648803148320228,1.7248146329914953,1.6304198237257086,1.0218937187380943,0.8798786530624398,0.9308867265301295,1.5976610160484312,1.5279613663682345,-1.8703304737026587,-2.6653499243594676,-1.8297692137229247,-1.0264319169226856,-0.596952903687882,-0.9404227480748218,-1.3984875904016691,-1.8574980306787274,-3.167641417620215,-2.3914181624050688,-0.4108337779756087,0.007692253833102829,-0.02892614149520973,-0.15533703288509362,-0.25732957014794894,-0.16896535130195256,0.4479377345693984,2.3509676699649207,5.34182470887741,6.361118624185882,6.748770867797667,6.196925709382893,5.71928683559563,6.019322753216285
1.8539165479565922,1.5752414662498104,1.1822583002378686,0.8564752664918868,0.7394086425140416,0.9659341360745688,1.8161008819320992,3.4191136026056643,1.9515381455995433,1.5754586419675054,-0.8528512977441881,-0.9442953683879088,-0.7804395457112678,-0.8107996523396197,-0.8396942055699181,-0.31685009277205384,-1.116707089658884,-1.4316995669387313,-1.6404641921981027,-1.226890451337667,-0.1214846454983384,-0.2899284623586874,-0.4377018678021606,-0.578947147468598,-0.040573854138411664,0.21175106484964912,1.2259682258008455,3.2015953815100473,5.946044062137705,6.3409770105028755,6.466313518261061,5.770686381010689,5.838098981967106,5.74240474056535
1.9429984835612615,1.6782701220145615,1.491443445938621,1.429702040010354,1.1269174026187705,1.023740616388007,1.4020474976495751,2.3987341364240145,1.9579433132528543,1.085294927169355,-1.88616486715302,-1.2309054444073706,-1.5396607234301165,-1.2928233593083833,-1.2361860200876893,-0.6702464342302725,-1.0261175911189413,-1.3449979325212382,-2.2203004067268224,-1.1804207402615192,-0.7160374612032858,-0.4906812661137743,-0.6741822385614379,-0.17647267238208664,0.20502454195276598,1.2506524274031687,2.3370878590428528,4.288407420978567,5.397130746836998,5.904957944226218,5.586504452083473,5.375693294766125,5.380771957319366,5.726207783708548
1.5072425414584116,1.0924966439384949,0.9019576907560707,0.8333479835987658,1.232530730964953,1.1928282778882924,2.010911978081981,1.8318577944670928,-0.9602396478051102,-2.2635235762837453,-2.563788472736434,-2.1863264084874974,-0.9760722823374459,-0.2720877798618578,-0.5105089869608682,-1.170964485553235,-1.2115904890171654,-0.9236486708901559,-0.6472752218882588,-1.0890975164794476,-1.0305089707976414,-0.7216816392011415,0.3608738574279983,1.7037798443643941,2.66012183695338,3.83631445158105,4.014220147674817,4.479157377365828,4.9887954508944325,5.28111599849104,5.922528993062533,5.698613376655236,5.679706636165254,5.800954669413259
1.1995610312664917,0.9019827610778672,0.47020009162653215,0.6043409414544614,0.3602588053942851,0.9147217962337522,1.3482731890703759,1.2244088794431007,-0.45958968962241165,-1.8139746363807734,-2.7456860404755474,-1.2343692323820967,-1.0151295174150137,-0.9916584291801572,-1.3264538816581224,-1.109219668171655,-1.6272761030307834,-1.2033101802798394,-1.2301684164889657,-1.3751191697120229,-2.0372482606136364,-0.4738612096403301,0.4262813494744288,2.8243013032001736,3.081510250349545,3.436156911929318,4.057037746540818,4.483494783182389,5.380823042484937,5.2295998500756635,5.610502768569725,5.845655587349866,6.28860298455245,6.19336366982517
1.5401210192696404,0.8234416240278476,0.5009627633242538,0.27292623140806094,0.5865103402720574,1.3736424253518398,0.41386918747720813,0.6308607644451749,-0.44303183956616976,-0.8671224976524277,-2.2459732335213918,-1.9894583082263249,-1.5535327532010283,-1.5551413935697895,-1.6607222520073945,-2.1660269880396066,-2.94602016651487,-1.6031030786200302,-1.761397841478308,-3.139263008972451,-0.6747430017739222,0.7041540399924966,1.0204338446047672,2.473566838170569,3.0303250810986917,4.510587029171717,4.516085721069815,5.049530097787764,5.3714183737198,5.529298329353636,6.242506003299799,5.472645198469043,6.370364901564203,6.256538406066292
1.3149724315913078,0.9878584505156811,0.5501128881612934,0.48326351546516866,1.0851808924484945,0.9999653958440631,1.3888572599291267,0.4783715606375875,-0.15957394819590784,-1.4280867830826196,-2.1200060163295715,-2.015394303954461,-1.887321494755081,-2.1452990073824414,-1.9246729533566662,-1.0780660774562727,-3.825571379404995,-1.4563910058017677,-1.4523386663370559,-0.032761803648643756,-0.23644210328549056,1.799017444538377,1.7720296561942377,2.1412353267951403,3.6953831729959763,4.16726443537398,5.840275907891179,4.519451228629321,5.536393917667222,5.589269722892098,5.939885988454154,5.741568505656393,6.21535582114009,6.277347138912386
0.38846335410883487,0.6771393496883364,0.7278693818152289,1.5161919723523158,1.9812775849497122,2.118939294841051,1.2870327274564002,0.2137582673272846,0.6717622396156949,0.4865138545854954,-2.1944049305604496,-2.0510968030745125,-1.5114922373870985,-1.2827606481933482,-1.751889950430731,-2.1554408510070755,-3.309002546792493,-0.41771480575739756,-0.45780662880557915,0.001388535675666013,1.1919856003246807,3.726161332067037,3.7133596592689195,3.2000073436747756,2.206950951865309,4.708245754635716,5.523742847899327,5.1600871387286,4.176128283724545,5.600204974991598,6.757491481316971,5.805138027545181,5.647869765839093,4.8382262096844695
0.35974449789815666,0.2496578766021014,0.37575545174285563,1.2596232720080336,2.349298326637945,1.761077912838756,0.7422963704845427,0.4320167792308297,-0.27849150406397316,-0.46251219183528647,-0.4115220356454241,-2.0744100381977826,-0.6231272770115934,-1.2925972954355203,-3.6042310884213986,-3.284506353908788,-0.4844378444527603,0.08078272484621687,-0.6119036981616895,-0.19762314457791813,3.2178711010819647,5.059053502804823,5.323105855292627,4.40442180546188,4.079520993871533,5.28427325664779,5.5380189285305645,4.924379738499466,3.229842504151127,2.3101217294486194,2.5325960688649203,5.402975346041352,5.985240073014456,5.071333952651657
0.36315747921662767,-0.17253935792571615,0.13654691605168984,1.0749138386213435,1.8140309721837344,2.37790289857008,1.0653767765233304,1.2774908523104136,-0.8601837820399736,-1.4087633053607251,-0.8483722443157878,-1.880849358576045,-1.1821671612945908,-1.2035007765225052,-2.0958046116758626,0.08075528901552183,0.9306521306659087,0.36915913609181283,0.21974147227317092,0.14549438163869124,2.765228430430269,2.5223516495674474,3.874917347278021,4.724268785836631,3.6375502194524367,4.303112454463101,5.561690613128782,1.782440989835247,2.452207944515548,1.9356597890521465,1.744155024174959,3.044387928005293,5.872037206057648,4.301542137078124
-0.15016519831530536,0.459945992047935,0.7840157977207013,1.1981135555946787,1.873774632173266,2.2682466044396676,2.6404273413854895,1.264473366130238,0.028442485216537694,-1.6084506744959624,-1.7163399955620209,-2.70813800406303,-1.4050547635189006,-1.0565070445030338,0.49096010261541134,-0.3092101164135605,0.020558441775758104,-0.3137299303339806,0.08258002080367872,-0.12964552106964597,0.8764909382667069,3.080042197232275,4.025838112931308,3.8525065297775094,3.230269639901504,4.572629152647546,3.178254734693626,1.354462732017118,1.0956643040440086,1.5585902920008683,2.4251529161759544,3.1058734092245217,2.550409194575759,2.790367755071345
-0.5438207356592658,-0.6515801608873191,0.08518057190016666,1.0107264888227447,1.641673287674025,1.8211755912424434,1.0732476269666849,1.284841476603418,2.1519463612735423,1.6848170441100931,-0.45444615797599835,-1.5682765020977634,-0.9754103647302536,-0.5942753816928992,-0.049239833969937544,-0.25822754580257135,-0.7608416620068386,0.0017566983263857478,-0.8580879055850146,0.10027209834728555,0.41840058023248516,1.7543206136170653,1.944346355142727,2.5833473251411974,1.5710071973629527,2.7265105266612517,2.1002971677535633,1.7531857152294132,2.489854857038635,1.534216380547205,1.4800167902397432,2.1661745415191023,2.404510817751553,2.210710407079837
-0.1524707908344498,-0.012153275967029744,0.5613033625295143,1.0506553081458843,1.6549401056111044,1.984421206354457,2.3031305833508937,1.9316911131601204,1.8578357190024477,1.4108646777768619,1.4442651975574723,0.2725452369140966,-0.4843536894594673,0.2643650868685083,1.0999042811933304,1.1269844091769285,-0.13541983347075143,-1.1072518197733283,-0.16796813391764365,1.402970061949293,2.663346298898081,0.9823347574403742,2.1206617041054865,1.6747867836804229,2.013989426019345,1.4108502803863479,1.3188741036928775,1.643043898203791,1.3374836455385701,1.805123650824665,1.470824588571613,1.442823010161752,2.0568771410501263,1.487310817163972
0.028532790043990112,0.32417207623712924,0.5317093457691305,1.112398134066464,1.5645119318101928,1.853814405122095,1.8399450030301414,2.2528751977558263,1.8442702974160705,1.052554939862328,1.8466282743742517,1.005874817571835,0.4226774741119875,-0.02273197680229626,-0.7695148332183875,0.35515621752759297,0.2263228973218247,0.32781169805581883,0.3787450675402591,0.22616648734139633,0.9537256632224393,0.5725675647527254,0.24687247798742748,0.8970293193289977,1.7909976180392593,1.7859774162210487,0.8220220994053707,1.5603693378378718,1.6535804876977633,2.0023936972779395,1.9937703077605031,1.329772792176089,2.0345575002100578,2.2624813970172575
1.1127192310266438,1.3872470048090744,1.1533608724311328,1.2206600238662726,1.2249352585608653,0.5817997213076053,0.5018896361984292,0.8278313133612146,1.4016530978120965,1.1851427616675507,0.9570986835448607,1.6917638418038239,1.2700396075944294,0.7929105251561348,0.4945396587558648,0.08882024473916415,0.029700201391442325,0.29885354545875004,0.6255799807634388,-0.2268119180603907,-0.5531038276650625,-0.49982847270570235,0.3997395936314075,1.0795643446124081,1.2330858692574902,0.7813797499409236,1.3224530812665998,2.1211790936734807,2.4297908447949705,1.804104825469673,0.9971121722127236,2.024715131050939,2.2791185463481223,2.3480801792158768
