script/wind10m.json
{"header": {"parameterCategory": 2, "parameterNumber": 2, "lo1": 3.000054539987559, "la1": 64.9999836372058, "dx": 0.5, "dy": 0.25, "nx": 34, "ny": 52, "refTime": "2025-06-04T07:00:00.000Z"}, "data":
[rows 0 to 23 of 52, columns 0 to 33 of 34]
-1.8520574855594583,-2.8305812021451247,-2.0898598110077464,-1.8432643573914047,-2.5357947711568825,-1.0581778067871348,-0.40624864432683666,0.3034375583511331,-5.425153885325895,-6.343311295016669,-5.815512248235674,-6.092188252144809,-4.262115196554638,-3.871883590326504,-3.8417129521274043,-2.849635816239384,-1.3132431267820934,-2.2032529691531275,-0.7970292406849654,-2.7455349433102296,-1.7490245099385537,-0.4721459358862633,-2.4172032943282904,-1.9427497973126646,-0.9440241541053876,-0.02751590364849928,-0.3431652264969507,0.32838541674881233,-0.12451120901619225,-0.6299354434685775,-0.9509129418948653,-0.9640566237766794,-0.30623156493424203,0.12256645851878457
-1.5812312202685257,-1.9886457406699118,-1.9032061111084855,-1.6235405055275398,-2.140376480439961,-1.826834632580889,-1.7679059388656875,-0.3140460677577395,1.4748391510837742,0.8902290791918652,-2.2739657914414444,-3.676117130130258,-3.4406844860568797,-4.177394610027641,-2.677815219419087,-2.7409994106036764,-2.5545462601179993,-2.2175521376418645,-4.354631379395822,-1.7154357232585766,-2.8243699361456556,-1.4350602013730942,-0.3529703076601855,-2.7571211656143517,-1.352292835589415,-1.0758629136089433,-0.11787096187924787,-0.40856727739575927,0.10055835367993013,0.49005523511753873,-0.6428669066544885,-0.7286817365100667,-0.4780845219027245,0.36462572188311476
-2.619422883505994,-2.1944053861781962,-1.490790752893694,-2.0586217821530584,-1.2216751503168652,-0.694114429491562,-0.975100286397003,1.5506071836075759,4.354216046487331,7.087081109079677,5.150291072283428,0.757412143476453,1.5037040037036495,0.21587124707547373,-0.8636414589172372,-1.5354589304664321,-1.5065122331746887,-0.9099841013151917,-1.4176888109288128,-2.196827180120129,-3.1431333129843586,-0.16829147621581556,-3.0392965174903375,-1.9677518020451445,-0.85316570660807,-0.6924189228749896,-1.2034756319254127,-0.8555124947469069,-0.6427492725072083,-0.155702731796528,-0.2865640344294676,-0.10942591026222803,-0.3834834269684255,0.1871044076260052
-3.334739162489548,-2.3610315102862636,-2.850522774507311,-2.8349907914584107,-2.6225360295684856,-1.4961300433495819,-0.11972877496552849,2.7211846507747635,6.249871770037937,6.173299561754194,1.7785020132313767,0.5909684361067172,-0.11703787443685362,-0.7062173840049079,-1.0660418301955494,-1.3831223315087398,-2.304303742324673,-2.8509818610849513,-4.149071978711611,-2.5893119253865864,-4.882372974276242,-3.82300152554259,-3.502336006384603,-0.33809749713606946,-0.7428932699589537,-0.9612507897683722,-1.1239726204997202,-1.2756718207325566,-1.1296407210820572,-0.5097870940279466,-1.0549716361029968,0.024201992964297033,-0.3206710526587009,-0.17216113926440543
-3.018693141712557,-2.686804657087909,-2.130070957672134,-2.507634479321632,-3.035271339252201,-2.4711227555906343,0.08233559498145,0.9202875675675155,5.204078256277631,4.468310743252656,3.4606204237383764,-0.1704897421168797,-1.0980479026815892,-0.4155253506820725,-0.17075968371968117,-2.408979177760494,-2.5474216258304456,-1.926032803998045,-2.5860943825658724,-2.4436121480394957,-5.385799652926924,-2.3435614081626204,-1.4577210125775215,-1.818454034950001,-0.6352704123760337,-0.39196862682513667,-1.3259567931802003,-1.5865990428901562,-0.6524572601416581,-0.8065396125426934,-1.2942204891691638,-0.5682045737768655,-0.07909168990175164,-0.20588873406680114
-2.3020347861906645,-1.3732923599848976,-1.3878495793202732,-1.0193470217111666,-3.1249835180725642,-2.4919934836306,-1.5047094873078874,0.44017078444257957,4.066203498196748,2.2155746415548827,-0.22134253809633614,2.776526816889022,-2.7035810390056296,-3.060005561614491,-0.6156442088897813,-1.198565221097631,-1.3809118036345773,-0.03184659007380232,-2.407076365880211,-5.049683773858301,-2.305486160092243,-3.0391879470041583,-1.2021475667410761,-1.0890376452015444,-0.7252800895791744,-0.523735045328467,-0.8468674998342316,-1.2633414986818694,-0.7290140088407755,-1.1555148197201368,-1.1666593717740184,-0.7053818974526228,-0.545110131511404,-0.0954610159836113
-1.4645723255686425,-1.894175804079337,-0.00969887499316933,-0.7950263505808052,-3.373529503224303,-2.502593848235245,-2.445912186802897,-0.000908213521739855,4.004836123132966,1.3866371174755616,1.6112203286310762,0.7193117684631394,-1.3152424328904349,0.6608616637145306,-2.066585184760475,-1.66866912839543,-0.08795286989389474,-0.6024506917160048,0.025863531066629867,-0.8031282975537481,-0.502430373635134,-1.583401406321289,-1.560740637526747,-0.5453014509647366,-0.4511433745161195,-0.2591938181644171,-0.24163627361799778,-0.7655127872836502,-1.0892743086525862,-0.5696151942134368,-1.776632364069964,-0.6089936967459456,-0.48857027338371906,-1.521668055913065
-2.72146112593642,-3.171211625499255,2.5915557395984785,-0.8870585493693639,-1.9919100566063699,-2.3379694658363346,-1.3965376167349526,-0.45352828872471646,3.404396403350299,-1.7845183202882018,1.5450791720864283,-0.9416672127636438,0.05867927048280745,1.2467904745276865,0.26064145252343784,0.7673365173009864,0.483757328662036,-1.1611114809981058,-0.6906032010762627,2.1512026404093016,0.9070952187907882,1.204491838574009,-0.8990476653541042,-1.0273726985386882,-0.3188626974916088,-0.322416778742895,-0.8645537666056013,-0.18087461205459662,-0.931537175940366,-1.4506923430821153,-0.561960555461614,-0.5713712647214587,0.6456654190716098,0.953567890312728
-2.824593867151857,-2.3943931975277546,1.2683251194884808,-0.33446838112976035,6.861354996424704,-2.8395685238823334,-1.8736216615704782,-0.8357357654623617,2.9907589091437123,1.0348880865358845,0.10835991886062377,0.16106602910590612,1.6344226036727354,0.7847868301014267,0.1766880757702276,0.4394082584862795,-0.5238076895541324,1.3877690168154677,0.7423384935371068,-1.0094817468366926,-1.5793921360970806,-0.018743599026139462,0.358618187915926,-0.5872900067902651,-0.2763868053244524,-0.15514881860490223,-0.32594291429981026,-0.824312574147257,-0.3864025058674773,-0.31985937600413294,-1.0031217387845404,0.19844210250320998,0.4568064892196022,0.3690781811632736
-0.20293074755666124,-3.8499541087760822,-0.571638454125014,-0.8969382142664551,0.8716908149780614,-3.8356478130526925,-3.5627683309949,-1.1914212346681976,0.6714453676305349,1.5970935481870066,-1.6558785102604703,0.34273971445115775,-0.9799705912416712,0.7669573007377838,1.0115569516447336,1.4519918745298321,1.4657754106565577,-2.058379219056582,0.572689001862373,-0.7221440013282853,0.3756651246591807,-0.021989767747855167,0.9851346168410771,-0.07955025404268005,-0.3385048979229245,0.2503518137308824,0.23662693432161744,-0.14829320260177253,-1.45486624231984,-1.5079557934522678,0.19673440930526073,0.2705940347508719,0.2201770211628918,0.15544203732967712
-0.4662821732625983,-0.015205606468075542,1.7184363305010142,-0.30964087610404006,-0.31907153982444497,-1.389267589573872,-0.996849867436007,-0.33959037358033506,2.3539025548440935,-1.3689990087001567,-1.2619836614526512,-1.0252420534735864,-0.33754100339108967,1.38362040045257,0.8340399474812085,0.055682713109890654,1.2348093122920785,0.26198681638072613,0.9348556571952171,0.7494466332786164,-0.06594770015041719,0.1105045517017585,0.4744048745548501,-0.30892606741721745,-0.05038759736444231,0.6127866825288555,0.43576449118736155,0.3127813603564031,-1.0925052645964881,-2.2019530244173398,-0.2740535324553633,-0.3047092115443366,0.6074537993706622,0.5325703708859252
0.3492618894324844,1.0622948371395717,-0.7413496615713634,-0.8428297245369186,0.148748914964624,0.40879500504490907,-0.2056534104893222,-1.3217753979156244,0.18440571756487525,-0.9767501620385197,-0.8068776727453553,1.0593008853759176,-1.5088125051614636,1.0281646706834442,1.700093158967726,0.7816387690639098,0.3216859759822822,2.9862825840058953,2.715533666976182,0.144042474490977,0.6807677771738652,0.9835280561987045,-0.5195968947489639,0.14040773447008048,-0.00021856263339142484,-0.3584611824519345,0.0655599386824123,0.6741539796062438,-0.04647760425666749,-0.41497811751994057,-0.26523241955533494,0.030052400993260144,0.4014353167757204,0.34610263514393147
7.221820613714104,-2.0954425384156683,0.21176413732584035,-0.1870190592185758,1.1205150684527996,-0.3091809915567741,-0.4413674462082375,0.737124819026286,-1.0571537454866935,-1.584002639497289,-1.2226006983365239,-0.8396926272773775,0.5311714738308199,1.232600025675406,0.48751765710076894,1.0561019139191108,-0.8154710682423428,1.7004969784985406,1.7226180750205504,0.36549003128251806,-0.039067330013211256,0.5383791476627525,0.009830297511341433,-0.28102480357907633,-0.14092307745093283,-0.4010715675111348,-0.12809937152303916,0.4994003402557832,-0.7922837267716022,0.007643521556138948,-0.14693594064236803,-0.38406128709085174,-0.252505705957072,0.11026561457794211
4.7513425636536235,4.234727807700662,0.8304515351550215,-1.001717810674452,1.2242794675385056,-3.1048391680941196,3.438526960973061,0.7333096958772813,-4.963720930714205,-0.10908681840198543,0.7215733492561035,2.8465856025801686,-0.049532791084225064,-1.5876364843551571,1.8166453168017391,0.5325076423219001,-0.2225261576776703,1.778360956934885,1.8973810904194932,0.18115035627346776,-1.1561209238562133,-0.1085698818857184,-0.2919144251836624,0.12134574619819008,-0.5708843044259162,0.6564345699383995,-0.6333370882381407,1.3086916305533056,-0.5157335121894414,-0.8853865346695946,0.06879256123379249,-0.836369145314016,-0.7916239936133183,-0.15778524060170365
3.1546998740064294,1.5678590259747491,0.7539898341626017,0.7542099155100008,0.4879006403899356,0.0696832250119449,-1.6460644809744345,1.3415879427450206,-1.2419993797635396,0.807047118158281,0.25603341514144984,1.0961048582299315,0.5448825259443342,0.9010221592784512,0.3404179702409997,1.8088223777487669,-0.7662026328844083,0.5824780754653613,0.6728912123053543,0.09634312716895833,-0.6860252098550695,-0.9376093871681505,-0.12085017838166881,0.21098932545473453,-0.4589783522159685,-0.476377677253897,-0.09038948389822028,-0.42270218702394624,0.3007030536539823,-1.0971828195519986,0.30275293700689526,-0.6771352672957174,-1.4342799388160992,-0.2414712178539816
3.6683656869505,1.905553196441992,3.0146936891783724,0.3034344767285095,0.8011501487032716,0.9805107988438178,-2.262282657670267,-1.916318385439254,1.3774584180085756,-0.09327727610984145,-1.439121032411136,1.5350711500588323,0.1496729312581111,0.9310619987601961,-1.0636452374579173,0.4925292340842103,1.1299027822124017,-0.011495355166998603,-0.07724907359912968,-0.4872490247471575,0.1339963403439283,-0.7394800591685277,-0.8336261099647262,-0.46885428568390686,0.12784100039097687,-1.084929427274364,0.29906244392569226,0.9282652461987907,-0.03336302691343305,-2.3917816350498335,-1.0455322409518728,-1.6108827890272417,-1.482730206857693,-0.8205387768578513
3.9726456566599633,4.446063826892359,3.0541657666303195,1.099630152243725,0.46496673348612994,1.162198537334308,1.2487811024081727,2.280528997890821,5.971941145522092,1.0414487666996564,-1.3438205909747,1.3673695404896438,-0.25219345808764215,-1.3151013422112636,-0.8986843837855598,-2.190208550979755,-0.15624853054327667,0.09259396904658244,-0.20674248712669951,-0.6328099768561419,-0.5766583556861705,-0.6288467611683201,-0.7459110248424107,-1.5778850229816106,-0.7458106281916349,-0.9908641639928443,0.42370478215112084,0.4578189693561942,0.3613964457298906,-2.089970862958139,-3.15966711720513,-2.2357757542666987,-1.8180257963826842,-0.947916387611662
3.7288249412016143,3.4967103646097626,2.9814752967657037,1.8267169549168127,1.591520203345136,0.5472655826195835,1.5962797177850814,0.8351067632977197,6.084549528261437,1.1011774916118133,0.5332197268245,-0.7362593088803326,-0.38217923736000503,0.47459472122528534,0.11370177955416927,0.7352880471206303,-3.1120419746383403,0.008205710462187576,-0.4655336616300852,-0.7664000576895581,-0.42249890372083443,-1.3526150778842039,-1.2812461451678219,-0.12733959314471138,-1.0561752585246458,-0.9902033343369331,-0.2768595065053156,-0.0031185062669651245,0.09392472030072949,0.20305176977253817,-2.9111001972247648,-2.708046970049678,-1.8844009970095432,-0.6878892309262774
3.9039444040638553,2.653631320293041,2.862390518642715,2.353710454802595,2.441411459968487,0.5699846002525354,2.7175476533919563,2.343437873901327,-2.3210765791584635,2.954013745974902,1.3865304614396343,-0.7170288013943894,-0.0937213269123573,0.08091639349939364,-0.8348352963267908,0.8246674283886206,-0.4060198629906667,-0.12255234201195059,-0.8859638610265337,-0.699571728559521,-0.7698898887392058,-0.47636917308738147,-0.653572005966073,-0.7713500985246762,-0.2619253023017544,0.27204203874888516,-0.1744108672858277,0.9694104072180414,-0.06139851822680095,0.28400189396922576,0.34904377346796084,-3.781695746639924,-2.1343123342574626,-1.174119722602443
4.584443562625526,2.999569463921553,3.054609449589726,2.232868140247603,0.8111937384236161,1.1983785495435957,-1.4373598159485574,2.8254523908103724,4.840453398706354,-0.0772415185828143,0.9959818394487593,0.26810751687914114,-0.08799701369788862,1.3239810182192668,-0.02322170771872507,-0.17888325056581744,0.00904549787394072,-0.6310398337879947,-0.8111389843280474,-0.419936747111875,-0.21526311517275082,-0.9082801148352626,-0.6624821075870722,-0.3015648674631383,-0.9542308677051818,-0.8609167843198196,0.13467935456592195,0.11887142292904332,0.09421299889280393,0.193926412684367,0.16471307101703606,0.3005519513246291,-3.2592101380763436,-0.13706963591259347
1.3058158563995999,7.457817436472812,2.9956487671622978,1.8461897052692346,0.028599398650831755,-0.3152940975992884,0.9457931488235796,0.21482576026001585,7.791817031969588,2.5164484101341826,1.1152268188953043,1.7508654137524404,0.645049387312878,0.6388959562096583,0.6846887331882584,-0.04004501618115956,0.8252467151116103,-0.6604649448921615,-0.816634561177352,-0.49801196874196924,-0.6798068898637145,-0.7521979333685894,-1.5202571481106522,-0.8295443159918108,-0.7276188893141076,-0.8382245139816188,0.60293426384892,0.1285266022970823,0.021479562935793298,0.08910718809895253,0.0630914330619085,0.19379550263948747,-3.7216367938567365,-0.8133595243917218
4.16967983519677,3.5787331196413903,2.53094027344872,1.7503718271763324,0.7099472879384117,1.8574176686008022,-0.769225801254278,1.0370634862651449,2.781831162609914,1.1812580988549106,1.1216377009381973,1.0908470020434928,-0.14047936809018344,0.1620260512311153,-0.669779255633747,-0.03394406722828269,0.3421353294358431,0.21100132624638432,-0.465659245644519,-1.0779639458496553,-0.8729113486997389,-1.5550492550112387,-1.3789923183980124,-1.2128602543973093,-1.3089635039397878,-0.6888867466289945,0.16225892041776463,0.36584094444782844,-0.3327369980168779,0.18582658021511386,-0.27218368429061085,0.2524621220374399,-0.33670705283747326,0.6715618038252837
5.093795046493058,3.725552869801394,3.375110132012882,2.9611870764380503,1.5194442278959492,0.6669816891025145,-0.13622469081596605,3.727589640287135,4.952634214703527,3.9487820184233406,-0.04823216087218823,-0.4754609563341617,-0.27372128422601116,0.34447737612984985,0.40821016027994944,-0.8441241866116372,0.5283576143076907,0.6669008731201863,-0.4292969927441947,-0.39886235143040116,-0.584604820583151,-1.0715335235456453,-1.6484285673688277,-0.85089634188055,-0.7390094350948696,-0.8378448810403767,0.5148024273188497,0.4672217757007298,0.0520806258563668,0.3110927288550656,0.33154779345029883,0.9406913649385586,-0.8768533602852058,1.8742403788282989
5.33604458403979,4.238074334961441,4.1630481952701235,3.3128069870090515,1.441885093179816,1.7447214837779275,1.1301445023504522,2.162191194889881,1.1728551671285268,-0.24613826701390126,0.5139887048712003,-0.16622396735785439,-0.04111959604853945,-0.16765681583493047,0.3304638206238983,1.4039903978772854,0.7102236376747414,1.2931997878084305,-0.41560576293442,-0.24482144664260685,-0.1770297987099473,-2.96688269228593,-3.3452357371174264,-0.6781780452549222,-0.6399113499686755,-0.6439472969382544,-2.0753321818559374,0.36382980944806076,-0.029415278323936124,-0.0219888651715323,1.140118144642818,0.16956375555455314,2.0438550749669884,2.5573359649200023
