script/wind10m.json
{"header": {"parameterCategory": 2, "parameterNumber": 3, "lo1": 6.000027932988019, "la1": 58.9999434238085, "dx": 0.5, "dy": 0.25, "nx": 22, "ny": 24, "refTime": "2024-07-20T14:00:00.000Z"}, "data":
[rows 0 to 23 of 24, columns 0 to 21 of 22]
1.5855414795658005,5.922518366770892,4.086412931628886,1.2372546720163502,1.5344861079889343,2.4753871074571916,2.006738168663626,2.2418403745968996,2.407553886095203,3.0013829793916984,1.696465385021791,0.09555065371382139,0.5834188413467514,1.5469090867198216,3.830720131234361,3.207491633976333,0.5806549294321848,-0.015584729382196932,-0.442981313406041,-1.8418654203794422,-2.0605630841640536,-1.9866681676630085
4.810812865319165,2.8445129572860464,2.5775346640942103,1.669108612318257,1.7942321407208168,2.067106111696732,2.06263571272906,3.902387812570457,3.251540305827259,2.473408043933041,0.8805909436197606,0.20284855152162506,0.6901545198725193,1.3525978689990932,1.2429032058673084,-0.5843718203812033,-0.16466279730870734,-0.8353264486462059,0.409696731218086,-1.304658246333978,-1.8140183812956183,-1.9694814701218841
2.8963659807651134,2.484487548284797,1.8311897644990938,1.7085791143827163,1.805063757985057,1.8241787128989964,3.658990197629247,2.838151581413553,2.253725320078484,1.371052344836191,0.44292640914612946,-0.009002760401167426,0.368677103441046,-0.5695518327717016,-1.3987229115926634,-1.1521064901008116,-1.5353136932794142,-1.8547413289012422,-0.9025842236536229,-0.5418421693210702,-1.905446349062006,-2.696202753882053
5.09912322825222,2.6415224041463388,2.043749945666995,1.9087287767010253,1.9032234637593475,1.844719796280654,1.1863850972948,0.21886127577202166,0.16009347558544884,0.3729939559178883,-0.1322188642245905,-0.346921494683142,-0.20473890276270904,-0.29321483102881335,-0.2551348668125789,-1.2114411634928226,-1.6699208750817645,0.8785350790122775,-1.3298545872312546,-1.4322592799990284,-1.6513644405365462,-1.928705366489448
3.153315528263273,2.3099953394288733,1.1331289489476517,1.0121802958817305,-0.09608365100450231,-0.26147014285217846,-0.41638405210525004,0.034331173028605194,0.10563350691307595,0.8781202648590619,0.8848109857875278,0.49129886947816387,0.07291596166435058,-0.9041445168728233,-0.5918115443437504,-1.0652651812617917,-0.6476798426237573,-1.4773812180476973,-1.5339974342167775,-1.5330250548655147,-1.373581486456514,-1.7341742613970224
2.6030052774138186,1.5130147962549083,0.6638662716899774,-0.17824143543763296,-0.6116471254965681,-0.8324016734292843,-0.28778898386000973,-1.075190634429307,-1.9143179989005819,2.427486220861964,1.9212743539917871,1.566532305461277,-0.23231692797812004,-0.39548517010850437,-0.8079454757483664,-0.63838204782935,-0.9479397319437138,-1.714927607428967,-1.670047778106494,-1.7036834126065588,-1.8310680643745931,-1.4153784519502857
2.5845695099946586,1.7783888278519724,1.3349021135714865,0.5838254129416476,-0.22678017618182394,-1.258138995551152,-1.6935021837546034,-2.6659783576379033,2.385927927880654,4.161340738836146,1.1282339015915976,2.1587275896941143,-0.1297277234196193,0.163898183422337,-0.4228967845471466,-0.4854738483464749,-0.5059125632320928,-1.2134826232058125,-1.4892783955057158,-1.3706201963669222,-1.3188441127562354,-1.4972065108025618
3.212728433366749,1.7570280975720247,0.8772984836702613,0.15046122715059743,-1.2585855510570383,-3.207296889431973,-3.0921934619132854,-5.4696609301401855,2.715222151398798,2.7565022264065764,3.150715259951174,2.226561878200407,0.643899906778423,-0.14978534378952948,-0.5541220718844462,0.2201709471513098,-0.0059978163961932635,-0.02616546407411946,-0.2706672461251448,-0.5054060319027529,-0.7050503611021027,3.2665520557678587
3.8704517338448015,2.2741956289890797,0.40352217460825135,-0.9162010645021038,-2.346515853224611,-0.8629757182015636,-0.5894526505859785,-0.3233906476481711,2.2469029553680815,2.808434622992953,2.4191823201432805,1.5380395061985532,1.0426893394468948,-0.07205427300734928,-0.5365914560622551,-0.48756135677482304,-0.5680411028123857,-0.2730877762582869,-0.7016948928797146,-0.39504268483174004,-0.40398777748298803,2.6022729068907045
4.015630706873307,3.0261990262965845,1.2000294878787054,-0.8963707242970589,-3.878220808250565,0.35014980345141994,1.7916220671520615,1.8845113676129646,1.3959010492942077,0.9991014143581997,1.6602718658815478,-1.0749432509147914,-0.4664935337207464,-0.921420477360255,0.3165761884694772,-0.818298603511161,-0.5171583193752848,-0.5250923700037821,-0.21899323020672012,0.8550800104245764,0.7227160428740336,2.0424535673840962
4.020034005038744,2.2727531414628697,0.7991508694040425,-1.5907537017694284,-3.840022249828599,-0.49829107710251663,1.5355198401950134,1.0930460709454877,2.44956777076179,2.3813807800484157,1.1361711335707028,-0.11563835084906755,-0.9981197550519819,-2.5867363601263067,-1.57275092085928,-0.4146267375727423,-1.0049287338424977,-0.7317665652288137,-0.19432909950009897,1.9596794051768063,1.763263131408156,2.3476323601018962
3.1539665308174514,1.8829276173009204,1.1142362630207738,-1.3438682710660221,-3.5301455323573223,0.930828383185071,1.424464708980121,1.7666005372580937,1.7147111335492111,1.6365423832382875,-0.4185694786839932,-1.5513078573507768,-2.6957131672420886,-2.4332884759142694,-0.17927253725905684,-0.7567623500276093,-0.23705048465694548,-0.047827780621213865,2.0790455761755062,2.1216399446825847,2.1564574310047036,3.5066204150206066
3.0547151947513855,2.40924313650926,0.3270197124209781,-1.2592042344145613,0.7233249699988944,1.2839615458378093,1.2319194399645694,1.4657968284852578,1.0549619814758178,-1.0127544210462331,-2.8820876560284754,-3.269094143726093,-2.5396996209301372,-1.4674702177314056,-1.49520038191831,-0.6406219300913893,-0.8886220035977757,4.1714663511753205,3.4430959608961245,1.8635730900489522,1.2353892268848654,0.2563229983959674
2.3366115516052783,1.7051417334736299,0.49959071505136443,-0.9914017097353701,-1.3060196660456371,1.1817639810981488,1.8395198777066935,0.8169760539907924,-0.41466484560694544,0.5070898423029451,-5.044720383925415,-0.9724122107923513,0.24232250386335813,-0.7346517652084875,-1.7797618862609452,-1.9200249490981505,0.550590070545182,2.8166437583342954,1.5992398876686724,0.7200726156441601,-0.44202450568383744,-1.0285904919895503
2.4775357515525713,1.1857008345766213,0.38473442786461,0.5892601153298334,2.34144449794969,1.1011739211525915,1.0589314045588811,0.06011571600974546,-2.1565033679718955,0.7810249298175214,-2.6674343732051997,0.7353246788659973,1.305264542606443,3.221409387378719,-1.437574623557881,2.2706722983376455,3.013563207095407,3.1356508894386437,0.1271826764217054,0.06585473743415775,-0.6142638700126042,-0.4241125108101839
1.5116759272284854,0.8929709213819387,0.194448717246222,-0.5992138373155407,-0.7389565297480363,0.8571609242483919,1.3632589658469203,2.7504329851175133,3.734173749826176,1.3373842440532229,3.6465542685319963,3.1082623152056335,1.8852215539504273,0.4274847970635374,-0.20273209003759432,0.6013331303595517,0.22540027779036803,0.11903530311251165,-0.14470664726050966,-0.8877345244256546,-1.036192083665513,-0.9430454443101703
0.3171379588986256,0.6707911193906111,-0.06636253572424182,-0.5131623891163609,-0.8103924288807981,0.30421422978906365,0.9135605536363434,1.6999582272551823,3.736520423074097,0.38394166001036467,-1.022934182798995,0.5873935034209069,0.13994521877681013,0.04089679706949843,-0.4395424934031441,-0.3199728521815719,-0.3879151825917395,-0.49327414176678736,2.314934442655497,-0.19169470817498585,-0.6071163744113701,-1.6051019421664396
-0.09913965231929435,0.6516882116915073,1.042157258498093,0.7653893377534775,1.238896966186287,0.9223528974961603,0.29997977858882213,0.15955473275834228,1.7138289941133213,2.337751709465812,4.2602078884731505,1.324490355732757,-1.1026394552052405,-1.815437864387197,-0.7616470557553106,-0.13659541916968834,-0.5043755416022933,-0.4426930648502704,0.38953005944117364,-0.739924951031175,-1.2547061883401591,-1.3808587548635256
0.7294991982096194,1.7222829743326622,1.3577863189625188,0.6306636814366888,-0.2877738251097405,0.564179199640613,-0.7507700598913388,-0.9696119362278541,-1.0213718698184058,-0.8766200232278357,-0.885934997502773,-1.745201786050311,-3.255596758805031,-3.4551158147749224,-3.7895047795275265,1.5121248110945373,-0.9016398638653762,-1.5662443080589052,-1.3701898847812006,-1.810553100063904,-1.8655852091326408,-2.0043045170323524
-0.04266075246195795,0.3611240604801426,0.03814499452071807,0.9938151284369408,0.3590307725445154,-0.08161122297256546,1.024819157811503,0.1924690855419132,-1.03223616973974,-1.351652966477787,-2.022523918604605,-4.1077854757103065,-5.834087465770814,-3.2234085759700637,-0.06326430880131914,0.6271446055133894,-1.604389600694649,-2.133146193021731,-2.671634692919287,-2.659187630179929,-2.699486307621234,-2.110343850472378
0.06990317349317743,-0.9238793707602158,-0.7284432706540344,0.14010031138063328,0.24608961752168623,0.07460172496548997,3.430743782151559,0.9296658148017213,0.18168390568887385,-0.6280611269224661,-3.745274264003305,-4.8484453788118875,0.10144859730175312,-0.1966133407794221,-2.0453656431305482,-1.547852511898114,-2.3114384442058853,-3.913489634206784,-2.3758046644094963,-3.34595223398007,-3.640103686210323,-0.6965510909096493
-0.6173497688672427,-1.5673248055738496,-1.8799186821522633,0.14635488881260916,1.10696779422741,2.1141266936921985,2.2227286815276557,-0.6012695980847468,-0.793920944180618,-3.0150700742040293,0.06618013962555375,-0.3487229505227021,-0.51615124573247,-1.243840297414684,-1.282424987849531,-1.1109091738275856,-3.084413000876759,-4.5682980673118845,-2.385774178461217,-1.4656503004032895,-0.9516531828059686,-1.0464482788119762
-2.709180043458781,-0.7247149910559222,2.1524422883875696,1.3468770912282726,1.6504930505383675,2.1793442566465466,1.467686757825416,2.0238438249483623,1.0192787164676544,0.6841644628143835,1.5900162547186734,1.369155860677615,0.48800191974962404,0.6417536056362781,-2.7178417820674925,-4.388618402274428,-2.4173877217999697,-1.2058397113940051,-1.5717911434774563,-1.323163076820856,-1.8326590404278749,-1.2658096333709983
2.013797542235617,3.2882174675299924,2.908435660126402,2.9388692216643095,1.027209570538847,0.7520446195517337,2.153000390318335,1.5775865982635235,1.121971948726565,0.7298562232621374,0.07205436301910066,-0.16916010556888633,-0.6187027154068645,-0.5351245354789748,0.13871945496796573,0.8045101239168592,0.420396707125673,-0.4187243151410777,-2.606818778179823,-2.128157507405117,-1.4696376427098217,-1.360702301466696
