script/wind10m.json
{"header": {"parameterCategory": 2, "parameterNumber": 2, "lo1": 3.000054539987559, "la1": 64.9999836372058, "dx": 0.5, "dy": 0.25, "nx": 34, "ny": 52, "refTime": "2025-05-23T21:00:00.000Z"}, "data":
[rows 0 to 24 of 52, columns 0 to 33 of 34]
-2.5628225472442208,-2.093243512981484,-1.152608440520763,-3.2503528281940564,-3.11515362559752,-1.9389768973739483,-2.0009514691137715,-2.1910623036224703,-2.82200645036714,-2.651450110515668,-2.379610530575257,-1.9341694614402052,-1.7287179116042426,-2.675141195246979,-3.587106221192724,-3.6720170692394656,-2.0205126927582944,-1.1925510143320157,-0.3986989562794625,-2.470123828876284,-6.717020081424429,-3.7580445114342864,-6.576126559774676,-7.934220947016146,-4.711060440390125,-3.431968437234324,-2.6007016203504842,-2.1457039752131246,-1.8225983430452732,-1.8705124475547412,-1.2054950273382075,-1.1596802289527,-0.23797153970584223,0.14613628785158764
-2.5289901675902815,-2.4109437094711903,-2.6643898664343735,-2.6432339844872668,-2.6229936525350364,-1.2769334223609956,-2.20631728130886,-2.2540755882725887,-2.2427479293732064,-2.1516678726972303,-1.8123141672946759,-1.3575162287087548,-1.5770288420678533,-2.191247042379298,-3.659029647455899,-3.620110542146601,-0.2956017863531705,-1.3515441265917083,-2.253046471166753,-9.097942894742303,-2.687955039162954,-4.756772999126098,-2.6765509824283114,-7.3955030269110855,-3.2807261886529187,-2.639222960801087,-2.521991698521353,-2.2768738338992662,-1.5192897708170363,-1.218943982771531,-0.952611760032208,-1.4543131878245754,-1.0798084428617833,-0.1928135929824816
-2.3316723026465467,-2.272277997464074,-1.727314960482154,-1.2971484425999171,-1.550048322140767,-1.4749393494703056,-1.745177670086966,-2.3340220923607795,-1.6202674012573817,-1.3838277702690605,-0.8547058706040227,-0.8507583021296236,-0.8975728432305802,-1.9462007545252686,-3.6548038850314044,-0.9012037942595703,-0.7601268937469204,0.44061038235639427,-2.389490997971064,-1.391858914147274,-6.613232490358003,-4.850961157302728,-5.22658562104609,-5.4181055718462465,-3.3599354435081152,-2.3905155182343463,-2.23952684941717,-1.6742247477701189,-1.63935909340605,-1.3808007156142839,-1.2765549053711405,-1.1834032073570895,-1.0364158183080054,-0.81791764560473
-2.053361273961218,-1.8397137114436641,-2.4376667505679412,-2.345230856400496,-1.5149179496439842,-1.8043420671712045,-1.6589318327395948,-2.110620890497875,-1.1425377695574672,-0.8043246299979842,-0.020062432320533313,-0.32143295847100134,0.18891667876267618,-1.502776287519054,-2.9244582984740046,0.58513021625249,1.250818212229434,0.147693869360845,-2.606098756331075,-1.2607500969721182,-7.087321606984631,-5.731581865506907,-7.626856141166421,-3.429951716907943,-3.193515677625829,-2.8777444460212087,-2.2628538076819025,-2.238237816821201,-1.6571002228256213,-1.874730025604167,-1.698258270729477,-1.4156339751694638,-1.311314276986543,-1.8323821524402362
-2.982507085143166,-3.6525056392725817,-3.8309399296502504,-2.9305360082679166,-2.117185924156934,-2.3670188482666394,-0.7806616321920667,-1.382808589179012,-0.7146638319475185,-0.39036266315779683,0.5204897126777842,0.5104303841524624,0.8351619812771192,-0.5499577363906617,-0.8623210512327723,0.36944952289108296,1.2912310073046036,-0.9487795916116231,-2.477730959084257,-5.753516727577546,-6.215864331478771,-8.868449924388136,-2.9256798044188383,-4.62612123128714,-2.885582173318749,-2.4394539805658457,-2.670642661078002,-2.079433071025594,-2.1093660666105265,-2.2879589773535955,-2.1116716459994547,-1.9549531434321419,-1.1253803030499285,-1.0897132263240024
-4.575083633349019,-4.1278211607571995,-3.8832738275547913,-3.279007817433146,-1.4584817039275502,-1.3373411249506175,-1.5072009310050831,-1.3381027324381194,-0.7063143509655636,-0.3864939945105928,0.5209930047788444,1.1309363738882618,1.966277754716865,1.0666377892232712,1.1249226035733864,1.3081625260365348,1.7301847623565776,0.7734406919275122,-2.756611511001808,-2.7571203067906986,-1.6508878156086333,-4.727105354842533,-3.520151338205749,-3.099229070886448,-2.827361168984736,-2.6369617982830325,-2.425498685848593,-2.5603835766921774,-1.8655806175762055,-2.6201316907633787,-2.5089569425051947,-1.870293040945587,-1.1661841647231967,-0.7701435547717699
-4.647013042539009,-4.130201705006259,-3.1226977514540772,-2.25959749446014,-1.8989897480163318,-1.6869614518425102,-2.168395802302263,-1.8379732295049933,-1.2375606879392824,-0.4448917395331064,0.2112821708087938,1.3738985412795441,2.2637554491611076,2.3192427882479696,2.8776189569545054,7.248327707488729,1.7278754008009012,0.34664272203222,-3.148434347797364,-2.300816956670237,-1.4395692351095983,-2.50123836476877,-2.70392417438208,-2.7597267976758046,-2.9298456019375507,-2.4371698645044257,-2.2471732875409383,-2.226888180326673,-2.083112505196137,-2.541276003633615,-2.596468924260123,-2.1298428071790236,-1.7400011396842319,-2.176512512552159
-3.8855696133448805,-3.4126375804751095,-3.0924010295390048,-2.3818047422132484,-2.5378803485857317,-2.349688428457577,-2.8450682189325565,-2.692219946427364,-1.9552241966545436,-0.8938457711327122,0.04498373844610397,1.7244073803489648,1.2876680503958593,4.227258920717418,3.090126354073989,2.9360695346576033,3.2537957205636374,1.2056824987245158,0.20516607241914198,-2.4073976782809794,-0.5811516213170089,-1.0521469594314643,-2.724291547876541,-3.9460927193001485,-2.127816842369875,-2.274893415945191,-2.39546987628354,-2.533852441133842,-2.505009671407611,-2.017086444025849,-2.4063039189511866,-1.6306102184470594,-1.9680540837058076,-3.1206110807315506
-4.158736307960267,-3.574177195736435,-3.530197874079172,-3.0025686250068584,-3.076138269541822,-3.413015664637838,-3.8749377915640784,-3.2624645737914166,-2.700833317173578,-0.611578991055169,1.0576751737208774,1.7522919117237434,2.449623552738218,3.3899812650323002,4.465421249499511,2.855069338509675,4.397994048455281,3.644753009497414,-0.1340454954853227,1.092294659355629,-0.3828795061309225,-1.9865187207752237,-0.7234150196058785,-2.063451942079376,-2.338497653363333,-2.42048203980819,-1.5773122829726147,-1.6188967815096682,-1.8567916327991183,-2.1231438408529018,-2.157824729396799,-2.2443168719538087,-4.0830361601101215,-3.6859259833708413
-4.286634500766493,-4.233230085357669,-3.972833186840461,-3.6273766821472897,-3.759130143111613,-4.268087481136388,-4.541844263657958,-3.648871914014545,-0.9324877510973943,-1.0398913028478323,1.4885977816509395,-0.8010929887747201,5.264961116468781,4.255477464521681,2.4104661995276784,5.275998143571113,5.155405154177745,3.740922328357935,2.7839908593034153,0.36419450203070847,-0.9897936194193924,-1.3914150950693986,-2.005835973395424,-1.8663214416191123,-1.6834021356428102,-2.33759922101287,-1.3699899379838327,-2.561496802345402,-2.3336144893466035,-2.268716437467791,-1.2077810875348973,-3.2623033479363777,-4.28622482010738,-4.556592255430605
-4.5913703109917465,-4.6070725186436015,-4.350901746027339,-4.369497518579869,-4.697121048553885,-5.1686109845809804,-2.9477236015219397,-1.703672957999456,-1.5918510432335242,1.3940632548697127,2.95818871742094,1.788831064624175,0.9903268037930597,6.533580355323765,7.215952252775988,4.980656340793285,4.590938926563193,2.348813316460612,1.5756366411284313,0.3256040731898339,-0.49860430021873664,-1.5199067469435652,-1.1168218421346081,-2.02173300667853,-1.9896785438670652,-1.221036878945763,-1.680024190499389,-3.0243950843200413,-1.4330403214391152,-2.490073224346482,-3.715444777738222,-3.832264389287702,-4.697607087607721,-4.530556862225372
-4.600417142920648,-4.895295516990535,-4.867123412760857,-5.2749017251790855,-6.257004512635393,-2.3780146386939065,-3.5187596362745373,-1.5024847299944035,0.3962374457744267,-0.5339555974924352,1.4412818782282837,3.1687464668573955,0.7710546400468424,4.037829833415087,4.5683393332912345,2.690980309201174,2.2644183786416634,3.713985526272756,0.8090509163273627,2.2390666351267736,-0.44269229331520954,-1.1476583727043987,-0.9782920164072563,-0.9828230907911434,-0.8065778832935744,-1.5780201266855047,-1.3224572761781153,-1.7054462907312915,-0.8312835914109101,-1.3680517342591927,-4.562318241034251,-3.8641783937727734,-4.582325504134692,-4.44020142870611
-4.356695988400387,-4.9567766983654264,-5.250645716706932,-5.874749003645527,-3.9793846856769877,0.15325785279931417,1.8706895811683306,0.6723906876253869,2.2332828169682255,3.263323867158697,2.911203889754447,2.1917616779830857,5.593194205459793,2.390836560158536,-0.5867842445226837,3.6265327779971717,3.6037254592623538,0.7618476839413431,1.2589894037238811,-0.37541054125540246,-0.3384683182386378,0.052197673279981927,-0.6978642064135266,-1.447191054449342,-1.0617269504220255,-1.2550318594209076,-1.2395359835815898,-1.8881061451032217,-1.1893490403945823,-0.7886892460145164,-3.5005000715406775,-3.6993430120970876,-3.795222405678978,-4.254321766507188
-3.9512423566945136,-4.703265313702847,-5.194521401844772,-5.427189034591284,-4.049284843697711,-2.7019091814482925,-0.9338397747001396,-0.6927268469432928,0.40463148742191396,1.976047611975998,0.9036227445625203,4.100137982956103,1.6656548401602218,0.5505677624348111,2.2099928995508957,1.8598386841554189,2.6575486994444533,2.885788926027,1.4233282414553798,1.384056378145808,-1.0111036316652515,0.1177671165730562,-0.796630743779033,-0.8957138405723816,-0.8728788366566855,-0.6665180089478284,-1.3341834319355008,-1.0326011735794778,-1.139661856175489,-2.496334901035293,-3.6487669429718155,-3.3904273408143997,-4.143498294749151,-4.475400881134177
-3.561035964620272,-4.095055195335318,-4.531719555052471,-2.484197334812583,0.9382410676132409,-0.46291485741420607,-0.8437131999086838,3.5935826416696877,-1.8070300989655712,-1.4536609326180072,0.9771540579016946,2.3734118055703046,3.857963716517178,2.1111644693005114,2.6100477581232537,2.460110681953974,0.4404971024862987,2.7576932151791436,1.0127631273679032,-0.9228850130898489,-0.15129928302925744,-0.16136056091044104,-0.9345787886662603,-1.200779111121545,-0.043580240693271176,-1.7152342213730818,-1.0138282926534292,-1.5517604046270437,-0.11113524328415468,-4.066481612424203,-3.9495813767771693,-3.7379187293265606,-4.563106440910714,-4.519880783838907
-3.0889373140574237,-2.869883192352405,-2.944680315214184,-1.7754991307935266,-0.2401183073178533,-1.006017135169937,-0.06454336859162715,1.4883656045900773,-0.03202747754001403,0.7659841742383181,2.0533048097213245,4.921793503507869,0.35216173229554865,3.4632663657197127,1.8762036572387835,1.7031870396379312,2.8514753620160715,1.059703361057226,0.8486368768661748,1.0415763523035328,0.8832151149039429,-0.8720988324448056,-0.6235920415213461,-1.0445744475479846,0.15616147141353895,-1.427575176384609,-1.3728935067189239,-1.5841564457034991,-1.524080493995232,-4.4722360106498495,-4.8058768030447245,-4.907143796904271,-4.807624289104442,-4.828658333545933
-2.199478924639925,-1.9097184895977808,-1.6853598984618816,-0.5872399572988823,-0.33082819933282753,0.1617151375748228,1.0211125780528534,-0.17854953375330435,0.5307781257876817,-0.9633707164808709,2.660981954542728,4.33829302640545,1.5125588427537553,0.6585612584845048,0.9502841666215295,1.813457978312377,1.3588224520996601,-0.11588258780752332,1.8807049924767145,1.2891075913263885,-0.2498673634959931,-0.00335982611878632,-0.26021115688092455,-0.9910431820970153,-1.2366622085592498,-0.8360692259669825,-1.0181900328889155,-1.0233826294281847,-1.494488305375837,-5.287606457540066,-5.347773922608733,-5.263659351660175,-5.310615046526851,-4.80318999288345
-0.9675063352674887,-1.0749257531866596,-0.3706833058690349,0.5257644495306345,1.3494412107954166,0.9048542797261484,-0.3716660751800627,-0.4799252189353385,1.3360400439858442,4.260636244585627,0.6170510419737365,0.6097108257721796,-0.23493119996992845,1.0289476876107575,1.8053732957019681,2.250054287427719,3.111329029143441,1.431174611536487,1.7689361660603278,0.20128836357848043,-0.5018617865479167,-0.3337942781724048,-0.6968671832928041,-0.7547756099529511,-0.7713362393748713,-1.3974568592914116,-1.185218197833891,-0.770974865676454,-1.5979547544783652,-4.849542595178117,-5.956856544056855,-5.588043072477661,-5.261289197615865,-4.689121626955627
0.2562901663588595,0.19191021549591344,0.8066866854549799,1.567603344207437,1.7870934944250954,-0.23196115733242234,1.7411789420956694,0.4924791110977891,1.0542951198276629,4.031047799297837,-0.9790966133823705,0.6307037392077074,1.0455332595091413,-0.3267646312247937,0.42918079336801707,0.5334752993558999,1.215774569246946,1.3056208174304234,0.8443002898803464,1.4242289279535891,-0.2248482559450163,0.3136335805126232,-0.6751497694372447,0.6287903025013666,-0.30378325729960737,-0.7080549611353423,-1.3662479968796892,-2.0942779590671603,-1.8853345422853567,-1.8073163459650639,-2.2295402354159575,-5.07870065376019,-4.737195975008394,-3.903100822432277
1.6578957803907344,1.6742242858015488,1.7630841860138238,2.6823696748408326,1.381189320909805,0.8801874860770849,-0.3736827874580794,6.400547472936357,3.818070934099082,2.4246306507157374,-0.10211828099745397,1.3583293402522207,0.6940180020906224,3.0280222087487036,-0.05381235045328901,1.188803484994758,1.2320714731164746,1.5889249091536906,1.483543118539623,0.11815616881900311,0.11850476270236153,-0.21247544040629773,-0.17378767723914632,0.28259531713512465,-0.26749612959539504,-0.4257658861291871,-1.0738492905660852,-1.5821971572332332,-1.766653380993314,-1.6928904090803945,-1.742162068388487,-1.0460637526759438,-4.786093342339554,-1.8864004281226865
2.3466303661635712,3.023832545827537,2.9847502394466545,4.125214403346266,4.183702718876249,0.8675439673405614,-1.5739197949560324,2.1608730534176392,3.9800504530581744,2.4355592029446482,-0.09080642754029158,0.8383259010659312,0.4185131046390537,-0.14244744242418794,-0.5082411485508658,0.8607780477714047,0.8149120090352606,0.5078927731397308,0.6394646815792184,0.29047396323485425,0.5819752765439408,0.7080238565132729,0.7230071523629852,-0.39999925386669977,-0.1520511649223187,-0.18635527039381494,0.20818649124860883,-0.44871321034276546,-1.3431762516392014,-2.8341291450216874,-1.533643171254984,-1.1934444653849852,-3.087839311666902,-2.2390684323101637
3.0792617125485973,3.7540726817626395,4.15810554732938,4.50851594342134,5.117037365660732,5.270463846156312,1.3657974727886346,-1.0562437775897182,3.5930574494704817,1.1950636976102689,2.846222993180382,1.3544192164330418,0.024533042029888,1.472997638721727,1.0557460395303875,0.6471744340138901,0.48082770119503715,-0.43655570659496123,1.1045656568710869,-0.3926891428504984,0.8307090226178426,0.47957923493624094,1.2168907224983574,0.25675637488808806,-0.10889606863147659,0.16907654678898945,-0.11483447726321751,1.0005408771211763,-1.0048899534590443,-1.377831286782826,-1.3357952097207728,-1.0561292643880196,-0.47703902941560133,-2.1380754817573506
3.5242964105647463,4.443634057386763,4.468554795871944,5.313609414328994,5.690449686776954,1.8369714702961613,-0.48141353734739695,2.479124924975704,4.194591345336253,1.8695728138189476,-0.16681279896101583,0.4388823427538377,2.116782980018475,0.1135474810072355,1.1168599654852154,1.184528960257691,0.3910362747259955,0.6396502424753524,1.2821667611821461,0.48085826728322173,1.2498593562291611,1.056753912899406,0.9689094746338907,1.0549627212101416,0.4198244490959487,0.6701081243483596,0.3756358491214621,2.5467850395566294,-0.24777421452295822,-1.3923932811492752,-1.161231042098085,-1.01005917835297,-0.5648725554467177,-1.3501300834428536
3.553793633964978,4.84154043366122,5.169684124587227,5.63512235550264,5.445515709696302,4.9380974776834625,0.7216283018968153,0.6389518722576983,3.8399217612476133,-1.2432376231397342,0.6205629009111122,-0.3984204949606013,1.4287171607247546,0.5807222134041399,1.2870270078709192,3.436003185630699,1.6623943614590846,-0.3355388050570217,0.4424117184878753,1.0846566889400437,1.5345365448642034,2.688751060048045,3.33869896239588,0.8767550775623868,0.8725019370909973,0.3825353371588369,0.871639163948505,0.25017438746511933,0.3190489366637887,-0.5902441307557443,-0.48839122094351833,-0.3272722709085577,-0.43133002126862946,-0.6129764920209708
3.8568089583487,4.800104583273545,5.383473321692299,6.056977328471833,6.40907977072679,5.398071934912176,1.73197027683728,2.4715670740474547,3.825302497010057,2.995554261284556,2.0192620742589877,-0.3098278659559854,1.3549789504376406,1.4519523534779426,1.6091995435717383,6.474016972155925,6.125458674472116,0.3076745459181396,-0.22737612819503192,1.4903264512393235,5.5908385355784445,5.710590218024748,2.722334044001662,0.8501947773965522,1.0089549135135851,0.03933005672735666,0.9864052743512648,-0.09207954369806838,-0.06359905176915563,0.09618454356924012,0.39453887762577383,1.2143708622727027,-0.19664268393170103,0.12351814288390194
