script/wind150m.json
{"header": {"parameterCategory": 2, "parameterNumber": 2, "lo1": 3.000054539987559, "la1": 64.9999836372058, "dx": 0.5, "dy": 0.25, "nx": 34, "ny": 52, "refTime": "2026-06-28T23:00:00.000Z"}, "data":
[rows 0 to 24 of 52, columns 0 to 33 of 34]
5.501718445274695,6.137902080554314,6.18849473478539,7.474076371486285,8.486447857261993,8.628281858000983,7.336944372454027,7.480704309315663,9.396582216479112,9.253744877014473,7.469273429081169,6.624064992379782,-2.6564029118323402,-5.035250477700977,-5.610586639529941,-4.543231959113011,-4.143532910736107,-4.444375051146611,-4.732828059575044,-1.991969006385037,-1.3277795028489736,-1.5594015054258343,-2.2420994915384234,1.430689014341213,3.2897493111907496,3.1504252365361998,3.1329074915031483,3.8285041741013655,1.5910052038349238,-3.4753622826366932,-2.7579363137172854,-2.220096767160505,-1.2763178823684238,-0.16606911294630924
4.743982417288796,4.969970656509598,6.240873450105873,7.573999384775745,8.165611734654377,7.473765289171036,7.25371676642505,8.28207700814221,8.786565535841456,8.678755864321312,6.994060089230647,6.802065195657356,-3.9404057216684367,-4.446361606213751,-3.8963567208264127,-5.133286963922149,-4.896309987316512,-5.563483529288035,-7.283091051490556,-3.921596727320222,-2.9401991434712524,-2.603119545789147,-1.1866589810807389,0.15806848679183935,0.7863650741207492,1.9898676794751249,2.2083595544772616,1.7863936360641408,1.1585435122897587,2.0002566134403192,-2.40379504851236,-3.188820338379891,-2.57658254691444,-1.4165504410565226
3.9499666115208094,4.634230222276972,6.785659656455903,7.894327970180069,8.097690218007182,7.1896645561293795,6.644036309009756,7.402739610216161,7.934543533145774,9.209460421309789,7.925934150026827,5.527166340034495,-5.500136518292376,-5.880791766808047,-4.640753554971168,-1.5349807799908515,-6.498534720749163,-8.9214374170395,-6.025856068154534,-5.230248076596061,-4.091484179129987,-1.8624183692917171,-4.327540941439308,-0.42010937676549603,1.1590727982507245,1.9188718302777448,1.0763880781769888,1.248937385439071,1.6676564415296897,-0.8038113017524009,-0.09845498358568881,-1.8974790608765641,-2.6252861566860535,-2.739146005931282
4.7321642011096126,4.121868308318216,5.55702098507232,7.636541255878835,6.488735205264815,6.7359685637584965,6.105124773617232,6.45016361732957,7.976696960299532,9.566529198297948,9.683761920571504,7.2519072977523535,-6.623029090263797,-7.554625328945797,-7.67886823119922,-2.487732285093808,-7.913689321615517,-8.10608268483404,-7.5018680081370395,-4.7338698617001,-3.5448647620741482,-4.701617003343461,-1.6584734795431195,0.07115638264091709,-0.5308206368965558,0.04550688970015222,1.96557068305707,2.1316720637063242,1.4979162510097823,-2.5578239864315857,-2.7287350200242093,-2.3640453911612473,-2.6371739787213397,-2.6797855788983544
3.7853845367264243,5.17149105970329,5.28065488951259,5.907262277120468,6.320278604331453,6.704337415433364,4.781875334052703,6.522466471341716,7.632875551855655,9.011624649212964,8.893105152990445,5.8893293665652475,-6.2104084490407825,-7.4905953536416865,-6.49134349105191,-4.338063596887756,-8.225538917489448,-8.187432823245384,-7.072103161725941,-6.304518935852941,-2.4533518628161803,-1.9698167312282282,-1.915929661010666,-1.1829792980432323,-1.1600520359831419,-0.07201618942803895,0.9863182480970932,0.4105053017509889,0.8842117826090684,1.229523217119042,-3.5583458310807834,-2.0607719271032856,-2.764665731349727,-2.209540427963018
4.409273696829316,6.856054483177541,5.28092172456141,5.086600152702144,6.029987712928648,6.237415338921456,5.225353629991336,6.520361031801516,7.840726977582033,8.254463387018799,9.502597800678831,6.411371341671719,-4.96211494139968,-6.312190907533121,-4.789554788674121,-6.659722467640273,-6.072021916947373,-5.03153824123152,-9.755578934235762,-9.61548900711384,-6.821491249651744,-4.581372817505997,-2.312392622907221,-3.177689593998472,-2.5223964595257673,-2.646848179063563,-1.4347996370327194,0.3147844138620587,1.4150426590242549,2.019018325711375,-3.9356249338294864,-3.9778037949194194,-2.6933868410913258,-1.8370614615663592
3.867757132246515,5.750350686045057,5.467533511168718,4.251068854656243,5.201489961215774,5.617854922261882,5.192763886341967,7.915545372195217,8.326416576923274,8.824899089258869,9.22348295554823,2.830674424023387,-0.6242617682924981,-1.8722076975372024,-2.700242014299358,-4.3313083886004,-2.4454561453629085,-5.531671268175108,-5.684561509333386,-7.32866993237185,-5.273220477369637,-4.738353577706034,-4.553797503091332,-3.0158279407490087,-2.499337192930664,-1.5078498613298859,0.3923043724693123,-0.21340203758410056,0.2883386374743247,1.9912846096832353,-2.6006011899160733,-2.7409713963210476,-1.2873185341738191,-1.8042405462968987
4.451033353812372,4.882902942164261,6.849146171762495,4.560802756468075,4.820619142603968,4.387727464869116,6.698927073543323,8.734189319541896,10.134525164810407,9.985088902472155,7.536003581151218,7.632819156391245,1.0732877684759665,2.42387267065528,0.14218066696228532,1.0843241594073758,-3.5689484282201507,-2.577050013426301,-2.0305797573521676,-1.1546754896933782,-1.0258329196179186,-3.236642176188226,-3.9872787145504223,-3.658256298194063,-2.2646047416314015,-1.146543053266177,-0.8990229388005615,0.051149800199180674,1.0821719540577288,-0.1656316508300691,3.97100492824205,-1.6937978615786091,-1.4651983235966348,-2.5408115279253267
3.7274672844349626,3.7486126429565734,5.448231937284928,2.884535655868386,4.143288824159434,4.519379285429712,6.743158035014978,9.992295225829386,9.03489959790336,5.94703838539944,5.088240498419557,5.5475226471225545,4.210170298773121,5.268157861514605,2.8548712079708887,0.5244401740988489,-4.004229215690065,3.7996374746009067,-7.110997573902087,-5.099600826882206,-2.6125329296417035,-3.671209102606745,-2.8619990045478154,-3.578992849703049,-3.522901520825604,-1.5036811198736835,-1.1713644453685326,0.28470727769890897,0.9993523527328088,1.0309574158452464,-0.10535423746319744,-1.4473033942790539,-2.7540777238532885,-2.480773550196847
3.8415055751335045,4.380675543267502,2.3655482656912263,3.0872028442151342,3.6360573730980335,5.30545458371264,9.338933432233704,10.647023520903039,6.816922083622096,3.533149209680079,4.397354558735509,4.892653077494902,5.820853691990135,3.7099211170468656,0.750389825491751,2.891337179866989,4.390898859351261,3.683767338010175,-1.9175629733392756,-1.1772716778242653,-2.1304355862976534,-1.7607519441314354,-3.7136990913594143,-4.553467284627608,-3.380771747517571,-2.7159408029399934,-1.246717898417993,-0.8105982364170082,0.34178390769593375,1.2183110947022586,2.9223772883542343,-2.1972384259528104,-4.295546421389398,-3.9094387242771913
3.0970288901914413,4.3528782275128854,4.382005290924226,2.0160433058458733,3.684326246598422,6.675045230348404,8.866115252580766,6.641332207434319,5.0785595799482675,0.052193518207775125,3.6904274610121552,-0.4883724150683739,5.4886224003405655,4.013536821314905,4.589782571582993,-1.489359936093469,3.6089135373217403,2.6602465375766258,2.087231597322877,-0.5686300016391784,-1.4874909462072037,-3.6759859177181715,-2.1781261293522323,-3.1759215533583514,-3.7480694309987146,-2.738698932847167,-1.5063854166756925,0.3969848112935898,1.3743677607435183,1.786981617545721,1.9881088606284192,-1.0741140921659438,-4.006650083310592,-3.939388956017291
2.527575366123182,4.114313253328891,4.742626234994203,3.1764381740753027,4.964763505594995,3.366714131877216,3.9752320471675433,2.0521807767927567,-0.6408430468761376,3.5602464481999276,5.593105290828685,6.045156409807728,4.860610657462437,5.992571384129723,4.542069969888361,0.16234935823291602,1.942410613920332,6.262244385412239,4.248270810972012,4.1522374370130155,3.4800045103546475,-1.6673269767425425,-1.3526523734467533,-0.34208500565083116,-0.5921844885902724,-2.8157835681205334,-0.8023313461072272,1.4889261897120183,4.071528677592893,3.1597778875010274,1.5771203104739784,1.529225435279961,-2.5095374300870925,-3.1798249504073897
2.707807584082743,2.3352297337858055,2.536421741605569,2.6388575712123306,3.524234546838412,3.6092342625534557,5.34370726422481,8.049520805061888,2.02395802183673,5.994409051923445,7.117201395625368,4.752621565685927,3.6732790550086794,4.044477131769293,1.0373417371474851,6.935820636515717,2.2829090940226786,7.077473977484404,4.667854806835844,0.8888428317877693,0.7061242719861462,-0.43006457442031776,-0.7190466449127665,-2.1095681503531365,-1.5371491840468663,-1.4464518402087272,-1.7399755119849811,0.6058061567121686,1.3798232363340488,1.3261694228278396,0.4339039077009664,0.6356321424750991,0.2059576750956459,-3.1576714482152766
1.7104986967793963,3.3832169805388115,3.56930523032092,2.865750535197545,3.790429000131807,5.062561366985245,8.948579146618691,2.0629657125986105,2.532238574185107,7.1617324821240596,7.3753619154315535,8.91182075739032,0.7324196379220721,-1.8819729844614497,1.8006195388814075,7.499554378986321,3.8905486656780197,0.514365183193019,1.8959888196147117,4.334153972421268,1.332216820745204,0.14463006516740967,-1.4136167561401447,-1.721742400482364,-3.4486846373413873,-1.0359284949018484,-1.3898659628292593,-0.6363781264463438,0.32956908914467,-0.747762115488028,-0.46477109765333524,-1.9425833434794715,-2.481504698365821,-2.9753294277275733
2.0474479650821573,3.7383024501791056,2.4498995687839513,2.7003166950878223,3.985337592658612,4.007789103643767,3.8144300258052226,6.781365244532757,0.5281590525769267,6.542449709021567,1.9845551287536145,5.3319920687572955,7.187547981088511,6.9372958376405895,5.451041148011498,4.794336799253762,3.6366651711463343,4.5696940462364335,3.2895611736808488,1.5147568672493754,7.622248075419356,0.9747978067902547,-3.0856907405442073,-1.8465374625784274,-4.255164581413915,-4.453422910403473,-3.751194328495343,-3.904530735297509,0.23016465692182028,-0.42432449193631266,-2.356415580333773,-2.1922651366732757,-3.344428912215945,-4.138733482845953
0.721365193046718,2.6653527914882145,1.4028977580298005,1.1347270404864347,1.8861777927533132,2.299438964509503,4.192705807306436,0.9842341991351554,1.5879871891935304,2.9966423347954905,5.005721790377869,7.786027593629265,1.5542867796732642,7.174975069915847,3.7319794365375896,3.538245579251673,4.227741508613215,-0.26028473499003874,3.7793493306883565,1.5927500239619765,7.060956602612385,4.467332659671989,-1.5997359105246003,-3.2308184228933636,-1.880690911083178,-2.6401991875597433,-5.607346997711608,-1.548390047786855,-2.6767921124153577,-4.438149270407035,-4.085411953441023,-3.3933729692845938,-3.924758166402071,-3.2886045654999103
2.4905901286675607,2.028840912961384,1.8241815925455191,1.7837794245853142,-0.1596218444677691,1.670781207721616,8.348280861323373,7.004247595721188,-0.4191246824310665,3.8011567799038426,7.415312796978958,8.703225150018408,8.370665551980057,3.9152450776114778,0.22521471266763035,-2.2152501488773146,1.6313307106826391,0.655927122001942,2.1897958121473837,2.376494603162718,4.591492534000721,7.136131737051247,4.235186954032304,4.635656948841322,-3.1511946018055292,-2.921988028030292,-6.077922797390589,-5.575714792164513,-5.369293865925671,-6.3391203123715565,-5.272280420027931,-4.811929603422915,-3.9691475764682607,-3.764532529733596
2.1988444979749766,1.6316833638168333,2.7244835479939202,3.1407540878727422,1.7321226779215284,2.513541490427307,6.252451985053012,3.4052479770565673,8.489610792944099,7.231048230220166,4.825998119519043,6.272610855489756,2.207413902797959,9.937632796998978,4.769467728503121,7.0830786004471165,-0.30454382386391204,2.8193915974887602,2.9637122732132517,4.110543274859121,3.0730013674928394,4.587591818072376,8.268333137276079,8.266680062028389,2.171968152414843,-3.47767095737405,-5.267275415916085,-4.036655612335933,-8.558565200875929,-7.688958205197003,-6.281841517790198,-5.1648871479233485,-4.119653324075835,-3.673435646725107
3.3554594142862766,2.535908572039982,4.0655847772605265,4.262743427467635,0.7559454081898819,1.3639461092470915,6.835760700652518,5.05080254783354,3.6339430732286213,7.033561771668283,6.5609942006736945,4.324627986365436,4.563169611167897,1.2090735567310393,0.3492456861212358,1.3346298799345628,0.8875265578034165,1.307813320611269,1.4642636170636132,3.388196067216256,2.4306180224877307,6.652600006094619,7.0208411323606645,7.405636015349733,4.580492086302612,4.84547984358669,4.311141723986337,-0.9304669628206012,-2.0964237199552618,-5.424980234672134,-7.706507755229318,-5.829420376621526,-5.587742040165448,-4.164756587387879
3.786849754651568,4.103324648766692,5.10488849721751,4.915949168563408,0.9545547274131628,1.1088879085252599,1.746876777741401,9.901159162390016,7.159911570458457,7.857965422549331,5.025337968292903,8.378269899611055,-0.8906013612616158,7.675109830405297,2.1841757318227106,6.593303148100212,1.130909027870992,1.7979235889740048,2.5598118446321894,3.5537689980808764,2.037937360094166,4.087399013960954,6.056608511655665,6.68829850188285,3.4531325097076495,6.404812014749988,3.5357559927484905,5.713779474315202,5.942137080254896,3.763120054393519,-1.3598304462092496,-7.014321705852465,-6.595449165204816,-5.808860586047352
4.753221423922378,6.303285016787182,6.311169553206563,5.770772663713794,1.3579134618953743,-0.8739163343140767,-0.702984079827107,6.370700612417135,8.480734033534203,5.856082663913757,3.9491084133574965,7.557129427772345,3.9633310514355906,4.011834529728056,3.003856178594171,0.37576949409238164,2.919939809105502,1.605844472193498,4.753622114794785,3.366017120199671,3.826649108851919,2.7428324129008614,5.955075889666533,8.372024563318714,7.173475853399005,10.11466836888868,7.42837812526775,6.38232057122719,7.124967106531515,6.903864427294452,6.323458835821361,3.170936039506172,2.961895453970674,0.38363209781846735
8.028865772699021,8.09130100799491,6.845341085603028,6.290906891439888,4.152851525054405,1.424402000251934,1.9551787400034624,2.588015454904699,8.51956878355014,4.19511223395213,3.955356888236837,5.0896540477296,2.8132274060403257,5.866485263169476,-0.14294982620212263,-0.14184191282922415,1.74572292356535,2.7266447130844753,6.954917622442999,2.5860322204158055,5.771333648348213,3.255128133891511,7.013531344167259,7.807417533149873,9.760287639805384,9.234733300497405,8.587316030353051,7.794967513821726,7.230482385548789,8.539884359685432,8.453609007972036,8.111766364038704,5.822727772898682,5.613983134653358
9.074302755435927,8.812779842140795,8.058940783038585,6.217679905597353,5.940576610933566,-0.3130223965264049,1.386128876664702,5.837953103856372,9.782626358702519,7.333639522761063,2.240718686090025,5.470836781958127,5.14461138743281,6.758953651918112,4.580409571120018,0.18611918170433878,2.7445301312204964,4.807709495764354,3.967749049310157,5.9002508719908615,4.444968988461106,4.95030572382084,6.223963876745864,7.991027054328372,9.442052469529717,6.201473951160632,8.17294709742454,7.35407807277215,6.940064376707127,5.515390994445023,7.385480710903132,7.969273334054726,6.97556672307249,6.916656378374216
8.602733659728036,9.263778364638165,8.100242507311037,6.2394879063041415,6.260682009784073,2.123168112727291,2.785818020164188,4.371077996960765,7.531994995192793,1.3193400830286774,4.2051193062390215,1.121834375582012,4.8411458802155325,1.3814745824132373,7.222815379565252,2.784041514840885,2.481217453065214,4.067857870056223,2.9958454622634902,6.799018176363107,5.646902920807239,5.6452758894761175,7.10972969490789,7.313842463721151,6.081705488555921,8.501061183413036,8.207594150686116,8.494053167155814,8.830775455469924,7.883298204126396,8.634539170218035,7.891271074182408,7.124621677262659,7.514592093411381
8.235857076146154,9.335359424481208,9.583246053229495,6.926331875265297,7.053915714782744,3.388998759804827,-0.05033038999439332,4.7429120163925695,7.115842452996038,1.8736887314653456,4.482878327027424,2.8281353343601565,4.312156084462236,5.886842454643088,7.64662876198146,5.368043237032564,3.149110439486185,4.141967219096558,5.387254158008221,5.522767934758864,6.0941838624644875,7.084489614629953,7.962848225235566,8.451544910408732,7.4675926092209925,9.20544319363217,7.0835151989694145,7.160363168208779,7.868288048105086,7.278376576173765,8.178765769698934,9.40056667478463,8.751145865880913,7.347789768045624
