script/wind450m.json
{"header": {"parameterCategory": 2, "parameterNumber": 3, "lo1": 3.000054539987559, "la1": 64.9999836372058, "dx": 0.5, "dy": 0.25, "nx": 34, "ny": 52, "refTime": "2026-02-08T06:00:00.000Z"}, "data":
[rows 0 to 23 of 52, columns 0 to 33 of 34]
4.975954174899848,4.546199665184884,4.206315368258038,4.0301776418933235,3.0613233324571625,2.6776836121260668,0.5286613922493621,-0.9485399869260818,-0.400709826105606,1.2185939882424643,3.2649976823054705,5.535162246360439,6.872257645101155,6.574940865812702,4.772496690971835,6.830985411957894,12.621448016655805,13.535907860498245,12.253588096517827,4.522509836041198,5.027438574915199,5.817528277806489,3.6401116647398544,4.11894142040365,3.275122451196707,1.7249954289045097,3.5475852657694555,3.1715604366884143,3.4845776626704494,1.8028886196898857,1.0504819589903087,0.47418834318248504,0.5232249281340754,-0.2572911316297087
5.2937299191732485,4.698323200771482,4.242274993499492,4.051563163931681,3.0660873517077336,2.694433106086094,0.768981064581239,-1.186035768605243,-0.811949411753898,0.8449704960714634,2.7018058550490682,5.365195619510546,6.842710634289935,6.620397580778835,3.717406645273821,4.931223351089014,7.612500049232466,14.114682664604896,10.59594789696663,7.224240638191371,2.8576993476789405,5.718321750490347,4.857924614393555,2.8422472323527113,2.634813512298992,5.36675342596954,7.688218967893297,6.083130141405263,5.476569392602762,2.9985435162757734,2.889522388866189,1.4185783024085978,0.8869255267673316,2.157097363480198
6.51901827429008,5.362932740427241,4.437015029071694,3.5040512431542132,3.2825614876271683,2.4330211362439047,1.1178756365100362,-0.3182320512661679,-0.5483943730992149,1.206237557322115,2.186200439382372,3.686792879027453,5.003362582436851,5.979293869042185,5.603390364927116,2.260208825341265,2.3543514140620116,13.558188070702805,4.315963653802574,6.058905989564862,5.706462018843577,4.619196623831343,0.7090084330094144,2.090043946680922,7.10953612870709,8.062315740759132,6.953724565670824,6.350927753877936,4.797899639401585,4.469761395359607,3.9165204598131766,3.6657872963924367,1.7908182483092705,2.6276905232124683
7.087325763420357,6.063133158074944,5.100496013921074,2.9824254128079355,1.7497438042131999,2.6418027673702746,1.0281622367299392,0.35742885933083945,0.3728298496889018,0.7811202003006874,1.4832066520160232,1.0050167466372082,0.8673067032279002,-0.4541428464002201,2.8543416986486196,-0.19391754649136742,9.76080937022834,12.816233409912662,12.651382409752584,2.0596502511412225,6.350088834179983,3.0902047292681747,3.489164876008151,4.046068212020749,6.15910195896747,8.964732789074628,6.819732736726201,6.2241265924231985,5.395901253074671,4.637427350164799,3.9990938264213485,4.582978826085844,4.156532965397939,2.8661612822527287
7.38165768140722,6.37869023948572,4.255529597973811,3.3751445512241225,2.525746652350176,2.9044518940531843,0.5155121216271592,0.27806824059690344,0.3679601236434153,0.7699087636850792,1.279746238177452,0.35760198236538965,1.2744019142227168,2.088573815744732,2.990403380208491,1.6692447638901293,4.951381907647649,3.9892492170527816,7.383645488113254,2.6635679437210333,7.57671968654304,1.8992052336003944,5.818553544676198,5.984293712589293,8.985439191079719,10.501698860812786,7.610870269854429,6.6199863124985825,6.326871656841853,4.217547205128398,4.036044061417574,4.168335717267229,4.112780389936077,2.404108295719364
7.471259157901642,6.608377685912369,4.637496332683009,3.963943109316969,4.241422802781866,1.8488659061791908,0.07522952918016969,0.40268886668229203,0.7598294407905128,0.6663951031967605,-0.04931948262279687,-0.19470310136875937,1.062889330404549,2.529926576345049,2.9097674380932763,2.412544020307957,8.357427016130826,5.85274112605067,5.936147911125625,7.957245590875147,3.591693796994205,1.2639380740342936,6.08242549468933,3.2717581700337086,9.944494163806102,9.57124344845308,8.166950350857332,6.870849419946339,5.432871732246338,4.818024662951785,5.0356176896429945,2.4658188920901347,0.849169351195575,1.5581884266489412
6.888565365227964,4.198812506194017,5.833231348555886,4.001422239882888,2.8434516747238217,1.5312165882404767,0.3628272378813441,-0.1694840716072188,0.29341689647160085,0.5459291988375038,-0.2892150365625886,-0.12436181246147335,2.070281440009345,-0.21128888432511625,4.978444293944172,7.337492212159621,11.09214648544759,10.410504965702863,6.895106216655774,9.933282120434393,2.7498850940706125,5.033133601995146,6.700129485858152,5.576860406725361,11.116275363197147,9.668828477590335,8.393196765245099,7.658732895968194,5.5736852721329475,4.25804945624972,2.4487181377017735,1.5158425000382556,1.400036852131141,0.3602838947227962
6.676601375773899,6.66488788547605,4.665347565499654,3.52342875263904,4.038540124390051,1.5959221671224044,-0.2969496601530096,-0.43381257631324555,0.03094210416776687,0.7098664099777,-0.028188747065972578,1.5587063160964902,2.2359131613127867,-0.2907485584460286,1.6808264035842506,4.616807395669047,5.843184886094769,9.110196984592605,9.53171693993346,6.70684774048829,2.6806254134289538,1.7923570004731997,0.3405353070618578,5.563709795483714,11.186554420795574,9.849371697329559,8.370765212732517,7.27653048537068,5.705821393549845,4.424365160416731,3.3540846586390503,0.9433060069965097,0.8018721764548437,1.361504544352974
6.7195934445394885,6.203473971240336,4.184495528645106,5.00504907709701,3.3029287965127025,1.2819972505088206,0.12917458236912258,-0.9751897918923211,0.34674531012043575,0.36598990890789057,1.958967756599391,5.795486081762715,0.5702398311098328,-1.0494061609095393,-1.7080714082810864,11.484801954285741,7.422269203097488,8.473275397116302,12.329203788326895,5.566965503840752,0.7950051730125121,7.69186062218651,4.940136837330224,10.845400606450202,8.759006787994888,8.747322209941528,7.569209610105734,5.76287466511543,5.351429333329519,3.8281361450317073,2.73938759924429,1.7487129286112983,-0.4547982174793843,-0.532906182186843
7.111640351618981,5.578023895825125,4.869919601599534,4.498879998007118,3.422294550715265,0.45220857031809797,0.5005715492889908,1.015202209898666,1.5203856757965248,3.49854064278385,2.791485652802693,8.194003650692363,0.7711617729703983,-0.21338399636590152,7.446553852310143,8.324741497610246,10.759471851580729,10.630177728956214,8.874246514989185,7.358806289464371,6.170784203098591,4.854355960942699,6.822121134829144,6.04518696557445,8.491667081278718,7.151125140321314,6.796378123613416,6.8256533880958665,5.871427538596182,3.678895167700177,2.3084480316915297,0.004504562715290402,-0.7237807351556454,-0.5358729288395591
8.242073151496594,7.057504571956541,6.209931400333685,3.673195450073959,3.8418297039647755,1.9985321462073582,-0.8056150240562429,0.4893160692809653,2.3926627408820798,-0.1951236205060765,1.8122634997900982,7.570410015452043,3.181723422470986,4.2344366473718225,6.926373434384814,9.529525108081632,10.532618003579643,8.075543204864447,6.134148911734222,5.694107570162056,6.056362993963003,5.868623665523716,5.366733692501894,7.452104094061215,7.678566103412706,7.041085023993519,5.177483080519733,5.801384750436517,4.359014096043107,2.1291416014934366,0.8866130841720619,-1.0994967968633957,-0.19306930140909995,0.3445516318265464
8.800150009879115,8.001650387572735,4.225236664562997,3.683795363227593,4.701641089879878,-0.2807158128761851,-0.4849926847072249,-0.27284607371767333,0.6664643654950537,-0.9162960912536552,1.6991156412986523,6.073575023760494,3.4987044812060573,5.822334869339051,8.455319944379715,8.231065274826946,9.713528756840908,7.980857778947688,8.418921860693962,4.627406257590689,3.5964369997981036,4.9207358549216105,6.161535831317776,6.7932646865581825,7.348578868364105,6.1059406385538475,5.737278479734624,5.169014234516627,3.648262666304144,2.1667292583109936,-0.19611944492236316,-0.058269672659096654,0.16479798598134945,0.39982405411183547
8.696324819624285,7.347053932704202,5.1221024867142635,4.683002183770711,9.011780870158358,-0.3780432395883144,4.472828815631415,-0.342841225855799,1.9782586108981237,3.824922447596478,4.0808836668726185,7.903395377638855,9.082553337959393,8.553985510731469,9.105557824341473,6.309747102702819,8.787563970982639,7.1474069317726645,5.993461900753897,5.38804133976307,5.493789368392596,4.571830976208803,5.592919187009819,5.544774437641227,5.942944420431558,4.868553808641382,4.235798711205915,3.7764679514827924,3.0415883927969505,1.5532426717375378,0.13554127855541784,0.12072308923806566,0.28684424917489787,0.5440326133886704
8.608166331416403,7.281383335875533,5.271549006445421,5.245277849981108,6.650739404932399,10.42050955686375,2.975266114034125,-1.3958796929374857,8.943042817171236,6.454560846882106,5.528103212188656,6.358118798765779,8.170049850183512,5.733113969830178,8.549021224954405,5.3132746922795775,6.412046518595751,5.768696756172363,5.267582294415533,3.0927850670630224,5.233621293676337,5.4269558563442235,4.339419156400038,3.5141538439741753,4.7884217375348,4.427688777068349,3.9884785931750453,3.458180511746827,2.4106205114038977,-1.9288094316622968,0.48869312668152176,0.2882420129732044,0.5140702033430563,0.6107839065264574
9.184702689038955,6.563730979992815,4.051506564907924,4.267148342088086,4.915320852592858,7.821744407471351,2.1281892631334536,9.099546907245648,3.5940256121487617,2.789245545853252,5.669360438193979,3.875198379874419,6.900635015865871,6.546270478486,3.626384423768112,7.048571992608991,4.811225754544232,5.381195959276645,5.362807368967243,5.573189034653193,5.3678609879688475,4.95023230782026,4.697412577893176,4.488948428817681,3.882838879042603,3.589821800508809,3.2753554226375683,3.4607263537820048,2.001124878099897,-0.7184803481366542,0.39733265268749096,0.4263792966085106,0.4331292342560687,0.5112480680282588
9.873250930439358,5.741506603214024,4.042950654186483,5.418525756172075,3.512079207742883,5.05876670972043,7.660547932741954,1.3353516739040436,1.9232657734394563,4.720579326613849,8.769315315330342,7.225576969831263,6.2196418468518315,7.867752373387617,3.571422831117824,5.260088647736815,5.353910116898595,3.900954485388646,4.453923755789258,2.963364514125705,3.826278773458069,3.7381115441701884,2.8890928069631023,3.095768006362251,3.136319992388841,2.9135142968925094,2.587678547482678,1.7956574181185094,1.0989044940283068,0.9835469044440958,0.46020980058787375,0.2691920463057061,0.3079268013087058,0.6233178625236812
12.299245521035084,7.186882507289657,3.180267430148816,2.640960389882768,3.588652531220286,3.8318892367566435,10.616903074226801,11.606986980558139,5.852622719571995,5.914116869724779,11.949925899423393,9.903254386959384,4.07064895826889,3.1064892005565024,2.00072956555782,1.04924781729097,2.3187612879592474,2.2654474722556213,2.9581120441227986,2.6253589865803884,2.933573094037707,3.252973678380548,2.268500257564145,2.0124694561005376,2.554337554847081,2.2445766954461996,1.8013651009352607,1.4198837856463693,0.9440559025161486,0.49101998047048095,0.4447119535204122,0.33290590444412976,0.49055977803381734,0.6953967122401932
13.622916974288273,9.521906176460213,2.972800246104386,2.03517645211488,1.5718497890177632,4.637755806372241,5.9295839781342625,6.054515752119785,12.000005517662643,13.267069769866703,6.10928242005655,7.14750140636487,4.573152811257464,3.757288062181807,2.9910732965761544,2.369777077896627,-0.08015241523504849,2.9676068233694988,3.4263246313704667,3.591489683371821,3.1512936690374205,1.8372806979521024,1.9628119283600782,2.1196994305663597,1.807794617849791,1.7036371588762556,0.918687339844138,0.3228989337640552,0.220710172491785,0.03526003541876805,0.5472286692230101,0.6541827192586895,0.6771232204118267,0.3952257889183895
13.354780434131563,10.507939329725918,5.724851172125512,2.5686888752999923,-0.5952721915849905,-0.4634784390216972,6.107813253179511,6.841545881585073,9.182157215173563,10.344538888342369,5.5071142982770755,4.778393279555918,4.520917070363073,3.7713327355947386,-1.215705266216988,1.4157429855784929,2.2831274995736712,2.5831317120552066,2.3178436827749964,4.259595874894561,2.5084583502002458,3.175499026900178,1.4201268118048362,1.6427604934297513,1.2467609541799272,0.9238788675091697,0.6264599647919441,0.006419712952072953,-0.3970316425041708,-0.8197968909925244,0.28457820916247656,1.2748639657836691,1.1998433768918775,2.0052312963689385
12.231959557131601,11.084806844806598,7.750993358207756,2.6698203266806138,1.728537220039311,1.7667377236509205,-0.8829297845513232,7.6813761913292025,14.889964092119987,12.965519426998613,10.64342647916557,8.514996657698097,3.662477805416458,5.737099807263846,0.32131318301264244,2.285138795134086,1.1678708391310613,2.5507352330754873,1.9197015870798488,2.8238760153254,1.9893853925026745,2.7935549378403306,1.0897670081806539,1.2841262427756182,0.8230190763732111,0.5592365080282019,0.5587909868840324,0.15832428368780274,-0.2728138711599065,-0.5436938428868676,0.6301935320469363,1.9607283519115397,2.046034394980581,1.7235220564327474
14.319336608147003,11.427630500569459,9.69407480930271,5.020121321799109,1.5374965009125603,4.2241838333559345,4.221028368914373,5.507989203883542,11.311274150551117,11.484093572038622,9.48174814696709,7.382415323800401,4.1445041807083856,-1.2912250110467578,-1.6064909435508063,1.4802554224475861,0.8208149664155163,2.7236386453111665,3.162379149761301,3.684339510215394,2.7488335510695276,1.836593758474532,1.4549301052124943,0.7141296258356886,-0.1819622668172371,-0.28534045551321857,-0.0366133288110421,0.1613860720182072,0.151220274799945,-0.02394871752302966,1.2108205909290144,2.7125866379628203,1.9705159218633468,0.7110480015121197
15.08356947671454,14.210260523149605,9.416299829711884,8.08719353714546,4.347566643176246,2.0005899315094116,0.3887175921674501,9.274820215745995,11.650831717261601,4.588784218061003,5.185925364594007,6.135989089228022,-0.0024584058433265257,-2.769521677022581,-1.1677829251527074,-1.9069159223270926,1.8253914312772428,3.0734364229825113,2.4987527398203713,2.8235258471324114,3.1021266529247993,2.010587310144367,1.0757681604300111,0.570566181509552,0.3770709250821838,-0.034352618653299166,-0.04859082047480442,0.18877649824426523,0.48656058070272223,-2.098911127691246,4.216569595492616,3.7770762759891237,1.6653085454842524,1.027909310494361
15.316275786887891,14.698189562558527,13.003700431213337,6.482451331482785,7.461954934093833,5.471166414623184,9.050832081252395,0.6126505588878003,10.40652402272525,12.908552779093998,1.702822636569526,3.490709517006347,-0.705297233104148,0.2905841372878444,-2.1311877471510066,-0.298373612003537,2.2579831121303515,4.379305489342294,3.495473109670076,1.2460953691990417,0.6340958642711128,0.5519805905413852,0.9894701917253651,0.42264528457037454,0.2827991594605193,-0.8238016917046486,-1.3224045389956987,-1.2677783906451747,-1.5246330303985371,3.1579235593184034,3.3815139667155427,0.8519433803703892,0.7995456486853727,0.964615713979851
15.816355796080256,14.80417270820321,13.854360229536121,11.80230989912726,3.1941666452486146,3.0679846230435586,5.7016537946732075,12.246650518862289,11.517250568970574,6.200610389894055,-0.6070792987619721,-1.650729325957011,-2.486864784710001,-2.8851291271225414,-2.6675577215909327,-1.9641492216202516,0.9490561224337919,5.92048113711414,1.1477674617689078,3.5158186381134473,0.04264267084471904,0.7342726914532427,-0.3842186070239953,-0.6602280642483789,-1.5019879506188347,-1.763272558538397,-2.8940028403975306,-1.928203707664562,-0.44496025225784896,1.4919083686026977,1.487212277954356,-0.7919808763128631,0.04955760551551282,-0.4162259934873861
