script/wind10m.json
{"header": {"parameterCategory": 2, "parameterNumber": 3, "lo1": 3.000054539987559, "la1": 64.9999836372058, "dx": 0.5, "dy": 0.25, "nx": 34, "ny": 52, "refTime": "2025-09-25T14:00:00.000Z"}, "data":
[rows 23 to 45 of 52, columns 0 to 33 of 34]
5.232536034961267,4.209455060837612,4.405026121220032,6.021873677554744,3.876998477832688,0.20877943856345635,0.3183704516796664,-1.2638948216377672,1.9680022863767472,1.1428333707336813,1.00547137309158,0.6770787338143868,0.9958859453681216,0.506547960676721,1.0705110675399276,3.76518910003243,1.6082011387308068,0.7860839035594519,0.15177057740657315,0.16178144845639306,0.8142064611639952,2.217577785688231,1.1300208743019042,0.11020996033943949,0.1887675642482319,0.23685039974130062,1.9427383344968843,0.49963827337347894,0.1404488152822042,-0.7710284095030826,-0.7669003354674365,-0.7621274452839474,-0.5870731618863214,0.19401658548746198
4.3844266135940595,5.223795834163829,5.091483750113745,6.048060533490504,4.594264721930827,1.0139868386055653,-0.7141705230891545,0.35588416786399435,0.4047424226071895,0.3476979806074846,0.9261599035510693,1.276546605689291,1.1465190201284472,1.3878618847351876,1.6832595144026974,2.567073898348506,0.5617178620309992,0.37391621276067694,-0.11606303608759204,0.2557948962055147,3.553238930056407,1.462157838860138,-0.1871216623143785,0.09105130653182142,-0.1604777956844478,-0.7007959682493995,-0.5096993957012635,-1.006347900633489,-0.3376950715043734,-0.44816897366242125,-1.0635982055042652,0.8732003469190469,1.264594817740541,0.17728585741733566
3.8361292839938503,5.383390182403964,5.440086830354975,6.306860910522667,5.240091585249222,2.685839181465171,0.3184293065971598,0.7707782673906944,0.9086390884878416,1.1039889358587909,0.9730119486705039,0.79688226028841,1.2517206657168456,4.587724901966362,3.1941290491980876,1.1262462841597976,-0.7953873696174492,0.3453311722658668,-0.23828248698681026,1.7229714200918866,1.510524383613949,-0.8944117918794895,-0.6519201060535055,-0.9519165206418382,0.9327722970159794,-0.2859295815435216,-0.36723458742393894,-0.6794842502630823,-1.159015317969541,1.395293672635738,2.112840151608802,1.161511276829079,0.46275611700781777,-0.14482274407701545
4.237720397519154,4.718868791584963,5.628091928654668,5.231928942004483,5.028317110486136,4.765932255457226,1.5496966326360044,0.6993828070954728,0.6813083862666712,0.7344068802881443,0.9847673787149208,1.2871899157778797,4.183915214615297,2.842493976698013,1.2907453853827402,-0.6700894022452109,-0.6835646637622722,-0.7548015770855048,-0.25125941544175484,0.1847354940350359,-1.4703567361934533,-0.020925613856669748,-0.7031648445703694,1.6103396305074749,-0.2903768990951592,-0.5675146660008722,-0.42585008924133644,-1.0628481442377864,2.217301231050802,1.7492092184228178,1.2367893801888457,0.1856628619518276,-0.4831612670093435,-0.6607075535486783
3.4324899352521325,5.49570256762884,5.068153266064858,5.215143112985649,5.094456536867125,3.670254009344861,2.790690410434608,1.6400445712386675,1.043487826429821,0.771497404597683,1.8801962757893094,2.722661394157157,1.8107424724957917,1.1855082580381822,-0.2431897317064769,-0.8596092513766542,-1.1792826186516274,-0.24261507957230727,-0.5396621182057507,-0.36281619543765165,0.26683449003378884,-0.7939410276001702,-0.4187118570119182,1.287078262425723,-0.8396366635369351,-1.0942190924235817,-0.8481255696934838,-0.36683861974728904,1.768383734289796,0.0028971944431571135,-0.9886305238540447,-1.1209868297041945,-1.3839942143491388,-1.384797913545171
4.7010922034866764,5.576747586261753,4.796717189247301,4.363587154877755,4.295018523224861,3.325633688135983,2.6743099560785293,2.9392375872507217,2.3184038181363023,1.3042570337594819,1.5228047488523204,0.9964756096470472,1.3353591410040804,0.6790006167733325,-1.4574770240083996,-2.257667375526467,-1.0044392844612247,-0.4297571367741744,-0.647123673465278,-0.9736008279086147,-0.8406461824219156,-0.054507561904668225,0.559056570522028,-0.7316565716734842,-0.3880640105854352,-0.4912863041276448,-0.9383762894907206,-0.903706516279788,1.5994508620339503,-0.8536569386271795,-1.5085537913787184,-1.6485070799477466,-1.9089510601103294,-2.527355053001827
4.377506680082806,3.992408931598684,3.7073730931354056,3.448226539292661,3.2706650435537625,3.2399297414973476,3.168563682984168,2.6600492249841032,1.4548029794859008,0.5488394474700281,0.6298359569636874,1.0767441726089724,1.124876325776156,-1.6235155820940974,-2.8643059622630602,-2.99357993253234,0.1838218446603896,-0.08842632790683846,-1.520626301183306,-0.9162676037605432,-0.37695472924224777,-0.18110689367598112,-0.594432519756679,-0.8514998676102612,-0.6481136333989153,-1.1053977981637209,-0.9882799415898224,0.027231182980111596,1.463027336173088,-1.3863176242825408,-1.6984959761161438,-1.3492493638714267,0.5509384060462964,-1.500016547979762
2.589168412578227,3.4417492475560234,3.0635194250837356,3.5363800576674858,2.3092587556767805,2.711655367978946,2.8094057588183317,2.3195661298510166,1.0471989439465619,0.6553635351710972,0.6420103262372725,0.40344575980535075,-1.5011413467201158,-3.637587793960139,-2.7619550380303624,-0.8730939629380787,-0.1609130675717436,-1.1970548602155564,-0.5718523221131958,-0.19419563428827902,-0.18990384745567218,0.060017300967442816,0.199098463181385,0.3758255155166536,-0.7377019525979408,-0.28907095721118314,-0.7542735874144016,0.8328318872227716,-0.8267380006506664,-2.0569222291069256,-2.0282116527014877,-1.3320832651755834,2.5165137962418482,-0.12115271062333019
3.579699686539625,3.204504622306098,3.359060918247798,2.1873365401781504,2.8833569740830995,2.74429083466232,2.2940259104649825,1.6787390343050368,0.715689499647363,0.18865446221607,-0.22976076469586715,-1.3448562992377404,-3.664963500403046,-6.1592758881131955,-1.1997499491664338,-0.783490129571785,-0.07047351047026854,-1.3229891886207281,-0.29351724920585837,-0.7003120022114205,-0.20412206787482026,-0.060398820029009884,0.18223034918283207,0.29012781759981854,-0.6214027084881386,-0.5320794551759964,0.09112047292430091,2.1750119203065914,-0.5253310476619503,-2.1334219568138084,-2.3180413906998476,0.45958472909342424,1.75075215130928,-0.6064708389255394
2.7143726240221056,2.8157361296445047,1.9253186853689168,2.7438996615461857,2.687414590537129,2.5273579980500376,2.00911377814692,0.9979430338917903,-0.08397187064572553,-1.3107423479782974,-2.7282634019239485,-1.4350011378922682,-4.254860664199113,-2.456177164448197,-0.13590199417352095,-0.7001586556789612,-1.8216427277959293,-1.3172308880389072,-1.154681190683043,-0.7292624518643447,-0.10626859993019531,-0.10345318095983733,-0.37752314321904185,0.037544877548225455,-0.11276592077109186,-0.14170391949686004,-0.09137800865442215,1.5170548892135958,0.9531752376816034,-1.7037351345262424,-2.8326305001906733,2.606541639265097,0.4614615343813934,-1.6319371562789315
2.290485916323883,1.7960543516129448,2.9859834191087753,2.8363372113768515,2.6228112057287363,2.239789848344165,0.9422631677482228,0.14084935340271498,-0.5757989803565245,-2.323874301728969,-1.5604591740901954,-2.547028287060893,-3.156085188563645,-1.8353451808656422,-1.1963959173521703,-1.7130032519687997,-2.090348955697141,-1.32435777472976,-0.5940395562119766,-1.109141763953696,-0.21075866545201552,-0.24907170700052725,0.014903705413978402,0.2630247499612276,0.10741068269621364,0.16114520138334779,0.2845631389158944,-2.6781383294169525,-1.2364653346392578,-0.7502297023162955,-0.5138099322240166,-0.7603909028985038,-0.9742304991685223,-1.9740927339166268
2.076606517954003,2.616259616713262,2.8046300614793216,2.783037515401727,2.617090200272766,1.220971965497544,0.2774587792506106,-0.5455578002188591,-1.3621374224656877,-1.3034259902837115,-1.7828977136813966,-1.6304927415149835,-1.7630118602378215,-1.4178369048365305,-1.807798682205328,-2.2854688527646028,-2.293048796288596,-1.066162351687975,-1.7293079050204876,-2.153718980937551,0.3108263238597301,0.37528901496786926,0.27115712933910374,0.1972960294949257,0.15880348165902566,0.13583566151367066,0.21066909588479377,0.2249867858546489,-1.4188349548829882,-1.4003833060697046,-1.3142552466121484,-1.5763647194658466,-2.0509957021363547,-2.2074085360704614
2.3084642526451176,2.7474015214233414,2.8584566618680975,2.740495624744886,1.8869420425207932,0.4268503225099978,0.2968823166755868,-0.37811225919867325,-1.3431959248953476,-2.3329542030475077,-2.7740829285794355,-1.6200167844502078,-2.194572161527991,-1.7747268266780376,-0.790010724972219,-1.008818996683348,-2.9292394038623075,-2.668936923269918,-2.035665692046872,-0.3668270938041884,0.10193525134625217,0.3982188466031959,0.8308885649563515,1.4763506409146665,0.8414542485988924,0.3771373535694955,0.7911280465167104,-1.0857632899373955,-1.6554736327651185,-1.8596301403170654,-2.2088727948781406,-2.1874868076866916,-2.2117760575679393,-2.8211831062851056
2.512841688070671,2.4962438889643597,2.7143860936745914,2.5671759145735025,0.9351809753439797,1.0387709023788014,0.44947726458499093,-0.6314500623910768,-2.549147422229498,-3.47752885867035,-3.1297456522472573,-2.4501770000842145,-0.868190691805354,-0.7792913120291043,-0.8971999434210671,-3.222707208517313,-4.121399402664769,-3.983287134646821,0.32992196359078924,-0.057211865988848455,0.060946321182024886,0.4284291002783438,0.8963774567679416,1.1183633101334456,0.21032666100187583,-0.6257444213105684,-1.3686313991988925,-2.138146533914174,-2.382797080946628,-2.5988661131301636,-2.6656043454003373,-1.895214376950138,-2.250310092663101,-1.0746237532471965
2.4604282030981692,2.7676230673752484,2.9633350015350524,1.799382194115578,1.5695954908192098,1.101097183609914,-0.442838402824999,-1.4288347799721925,-2.784687595307056,-3.7954158369919986,-3.287191477117158,-1.9363721680962658,-1.0723225456602403,-1.140807261942212,-3.4981228389013146,-4.0928431389385755,-2.510670458446388,0.7405280111726528,0.7123877193803929,0.28678949251972574,0.15208099725944588,-0.5805451251903042,-0.6952959333559614,-1.2064885481006633,-1.3825988655930965,-1.8506923353769544,-2.285059574305788,-2.380090945634857,-2.540388879513921,-1.4313428105304957,-0.4500870163420432,-0.6806816210614338,-1.0217537704499409,-2.0262223357472444
2.498754434697765,2.9243724239906674,2.821454816945483,1.5264147356348625,0.7991264965922161,-0.03783047463353934,-1.467596225132686,-2.49102589095987,-2.7706841357561642,-3.22886166492246,-3.726945934074083,-2.015486695179602,-2.2792794676291974,-2.877021920000828,-2.985860036916886,-1.3362403418300173,0.25159197881902573,-0.0963339663756845,0.450279532640595,-0.7978847505130039,-0.6336195253976422,-0.20327727274903673,-0.5733841121308,2.1399726094261404,2.4535762337840143,0.9504530819456064,-1.4824950978663907,-0.8648711419394415,0.9871567983163997,0.04712683970689483,0.1504155287378519,-0.36274175487049914,-1.3196072416042,-2.0892027408502756
2.564551818455643,2.2472344300313756,1.6410698463980389,0.6906665915853566,0.4268844381229808,-0.841843521558668,-1.6604111922419977,-2.1467920047950213,-3.1208379785419225,-3.8096359318460937,-4.108063045582223,-2.9352153085021078,-2.302914792863463,-0.7451500928703549,-1.376643515317937,0.7428966945040244,2.9375615991001545,0.9097067960796534,1.0404235251034848,1.8898849846789751,1.106582752523049,1.0763428792291263,-0.059963725232701486,-0.7484122188939173,0.4671663433806673,0.21126058055417898,-0.23694141242482245,-0.08300914882681248,0.9569720224360193,0.14117825979945944,-0.28063703102706294,-1.3737529946511782,-1.896534982280571,-2.0016673615720717
1.6559943526791665,1.1332618482810946,0.5435618320210424,-0.05524593156921558,-0.3933955491315925,-1.2465319755110524,-2.0277667288241408,-2.499631696938191,-3.4166782785408394,-2.8474938452322194,-2.1175562273771207,-1.0887095069521016,-0.5489179001761955,-0.049256106828351395,0.14040291960145432,-0.2011026022089002,-0.7407975013133384,0.2693661196259625,-0.5531105249013625,-0.5582599136031171,-1.165206515262571,-0.2319468599809653,-0.18616827410329803,0.4120811037284767,-0.2830947075582627,-0.36245570685262757,-0.3381053595855243,-0.1833194560753049,-0.028123955777797277,-0.12624900795802932,-0.14399220641262986,-0.7920763132535263,-1.5808362700003062,-2.3794384799098727
0.644982058628527,0.9585045152369112,0.17189340483625443,-0.5356024775232265,-0.9636038499903036,-1.3426239458659741,-1.745400775673545,-2.759355458445007,-2.5836598096196206,-2.330368691811537,-2.986121941516879,-2.3511321596790147,-1.7535743300989308,-2.186791845745163,-2.7275050886154286,-2.8171292179432625,-1.720476609996181,-1.5334868776452537,-1.46705494843824,-1.7398392820467863,-1.4444253747249547,-1.138493224993009,-0.9981955426379143,-1.2224258622472384,-1.9412857972272342,-1.2272078823544432,-1.6226361497529493,-0.59116026109493,-0.8987901570175207,-0.23775196931656947,-0.029957457016668642,-0.28120224657015397,-1.9803840459020667,-3.820988623319261
0.07176480629532687,0.023887958544024628,-0.21583671270056964,-0.2397493171411283,-1.0280604598461154,-1.8554077531789452,-2.8269038803845987,-2.4279186038513556,-3.0063410707481864,-3.6331027811770973,-4.344191562754176,-2.889899651333506,-1.9691739179065075,-2.173069294083432,-3.942265972792912,-3.5119752934153663,-2.7627785917783436,-3.305975287767627,-3.138050826708195,-1.0457652989265946,-0.5077009012720067,-0.27436171105420626,-0.4262289188094612,-1.615854574035489,-1.7926320417911994,-1.2237336027646346,-1.0581589292700606,-0.7715882673187038,-0.5570347999222696,-0.08275739472163567,-0.3480372770276413,-0.4719570416194853,-1.4111938586420398,-1.8787603699696473
-0.8073724625433429,-0.8880583124092016,-0.7036774553836015,-0.7506491467857878,-1.138272557047427,-2.2868175021847166,-2.160196647470555,-2.0311374986689907,-2.4286409740567017,-3.5242349919077967,-3.375728075735988,-3.412297954249153,-2.330383849164508,-1.883502433171576,-2.1502513000006775,-1.9268130872231226,-2.7867986475321014,-4.27167236819734,-2.196465931747984,-0.9524155526739126,-0.4054261013158928,-0.42181504898549155,-0.939262670408663,-1.1114417409453725,-0.8821728993778019,-1.3593276368190956,-0.6787203428871738,-0.9693713811569351,-0.32077407978356365,-0.22072269894657165,-0.7941962415008343,-1.9452133592240846,-1.6861572863719747,-0.3584169746460733
-1.6333853687534048,-1.5493992120227658,-1.5028836829430945,-1.298549525501369,-1.3687236837419718,-1.283952129663768,-1.6719874805412362,-1.33780747661808,-1.0891332364020028,-1.0295463804077714,-1.0066044223106063,-0.7342565161430095,-1.1834059152573233,-1.2751703492563138,-1.259946125503408,-2.4120964788447044,-2.0576142782403157,-0.6898315355215168,-0.7794284413124024,-0.8900518035186785,-0.8653319496429709,-1.0550939273481477,-1.5001341163363122,-1.5784353782194225,-0.7273216186868712,-0.992285310691313,-0.720439992958914,-0.10210780355383967,0.05531908287200262,-0.15974849237841937,-0.2052740240476243,-0.6153426805936285,-1.0017251374912506,-0.9383596305441153
-2.6959976270676793,-1.9735282270207113,-2.016350748165586,-1.8101073604910292,-1.6788624696892676,-1.9496590097015962,-2.5947242194019413,-2.431522405334249,-2.4226644591978133,-2.072469243354366,-1.5816686435970921,-0.48917633076111244,-0.9146983548791608,-1.1998706519493887,-0.7916776674080431,-0.5503581646663714,-0.6519608638592261,-0.8922279155947684,-0.8618495884265084,-0.5264973335960925,-1.129080927856715,-1.3935945220307653,-2.74842928679515,-1.0788938871412195,-0.4113143812517535,-0.004483915454604977,0.19399252979713988,0.0960575083528288,-0.10801928226577312,-0.2736597625832354,-0.28378589683953015,-0.26306599512882606,-0.46928347549835525,-0.730817219581081
