script/wind100m.json
[{"header": {"parameterCategory": 2, "parameterNumber": 2, "lo1": 6.000198445256149, "la1": 58.999992894266676, "dx": 0.5, "dy": 0.25, "nx": 22, "ny": 24, "refTime": "2024-02-02T05:00:00.000Z"}, "data": [7.314962174844623, 7.430739898099435, 9.651555257952218, 13.382150399579432, 13.2524469938228, 7.883720504448605, 9.259695963718686, 6.242115312602727, 6.005731119273183, 6.962061437647973, 7.372236670724874, 14.017220137277874, 7.456877236337037, 14.309408179796153, 8.17912113613674, 6.862617520782655, 5.3423656029549305, 13.778498617467413, 7.258814681639379, 9.977927824170507, 12.245966100950891, 8.44690275513189, 3.4005394337842243, 7.054255904871906, 6.86558738158986, 10.473770273972457, 8.637831269471887, 12.985045561521389, 12.911236884381603, 10.782143954471557, 9.527721816787526, 12.010613125246895, 8.321227226151636, 7.717422549970638, 8.483967589665145, 10.813380113857164, 11.652644386408362, 9.388581253671878, 8.608449371679088, 7.807063547629156, 8.5807579730896, 9.028567073453498, 13.823894406868328, 8.224340844708317, 8.43412690338, 7.033594157524928, 13.317088535083686, 7.0597916423584754, 5.900061120546565, 8.283862769007442, 8.415874098303062, 6.404717627175699, 11.28736123896251, 7.882128479333391, 6.959922847421695, 10.96722638613603, 12.599400350438476, 7.6891564443872475, 4.496361957456841, 8.62907173878186, 8.782715758166798, 7.875088062100112, 10.268635847114522, 9.181947676207056, 11.154922304887505, 13.829858044219968, 10.012851635080077, 11.873145206022002, 9.769669303421429, 8.713117063403597, 7.816082228902345, 8.724287283648323, 9.37009822787389, 8.321065865840982, 10.573815806596828, 14.128187665473892, 13.847918756157792, 8.38419710777213, 11.488001622888094, 7.824082814081896, 9.059449800209133, 7.847095952750146, 8.4225203417948, 7.181653525629446, 9.357366700240053, 8.120022959932946, 8.116657618563455, 8.60131699153473, 8.734225909986217, 6.489192923969795, 6.789069150729549, 2.0420331129201017, 14.89315033500928, 8.852387913656528, 11.862190003650417, 12.906366834742386, 8.680528867156701, 14.553202281672561, 10.658101777483713, 9.30919718225883, 8.516631446524515, 6.414972546414004, 14.038977548243391, 13.92457804154636, 8.415164113128009, 6.602036739652295, 11.578427288151467, 5.792927238304251, 9.345025076955222, 9.659273988832817, 12.330508674438521, 9.603290492882513, 11.111156361679516, 10.780888366158646, 7.73872017944908, 11.323937926244604, 10.229189519606418, 10.1466458112588, 7.538188269696043, 9.019625079633705, 8.712450504984282, 5.446762179280125, 7.889047700213034, 8.362608597822103, 12.388454721661674, 7.756949136623038, 7.410058961528245, 13.227984834053842, 6.191709948361897, 7.952303923748655, 8.504671062815364, 6.811795039529112, 5.238166549839695, 11.09310723006551, 9.188140033330237, 14.385516561302067, 11.852024928054155, 4.027187544724423, 7.639525804966257, 10.053791739600976, 7.658479961977987, 9.601237204958224, 9.778930966260507, 6.953321252623986, 7.687282875898338, 7.088744611017056, 12.358665095362632, 12.416882133833232, 6.6539238876111275, 8.180872544177863, 14.779842223118228, 13.333045973156706, 12.824666739492699, 10.593478625979204, 11.078494858366636, 8.401042739628021, 9.575147575113885, 8.123913782842521, 8.892721817026985, 7.801078484769723, 11.173647451879138, 9.599614398414156, 11.98009193952941, 7.899713614714296, 9.038624718538353, 9.672004473196868, 8.984326539472505, 13.083076015931354, 9.545861932023836, 7.282312905782342, 7.51075445801297, 6.589435935079137, 11.385482821261414, 8.000201522869567, 11.358412907665024, 9.072938621624436, 12.326176235584484, 6.152481853468457, 9.570166497833124, 9.258932780051804, 5.331076690147342, 9.800381240215833, 9.296382386215821, 6.968220996123812, 7.392971229516237, 5.259203297450269, 10.499203613620828, 7.074404350544494, 7.6809896779341855, 9.7573675190873, 12.089723658674405, 8.048990422824183, 9.737808658491195, 6.6038220616462215, 12.113771770521133, 9.172229047560762, 7.740847423212271, 9.734619093378974, 7.942807225571493, 11.906470125568847, 13.673154673184406, 8.271566200587783, 10.17940097241054, 15.242130581408778, 7.826650256867729, 9.652989142013565, 11.843945461591968, 10.759561308846223, 7.773545181234259, 10.868176656659594, 6.436262860200245, 10.019083048903223, 13.532826837327246, 14.68985448464782, 6.458720223099282, 8.134655685798425, 8.747130453643, 14.49125079390012, 7.9512725727641635, 7.3233464790426375, 4.155381728027188, 10.147535911430214, 9.12100740025474, 12.640283903054366, 7.872622881814568, 12.13290793665806, 11.529701320635168, 11.6591824085145, 7.772187262625617, 13.465362993362962, 6.3555035909730835, 9.133249930146775, 5.310880790647532, 7.351985280788876, 7.741932103446602, 7.292202514934463, 9.806127708278254, 7.283295981556152, 6.6674575294888525, 8.515119322742926, 14.414773554378145, 8.684166408469366, 5.946201390960051, 7.995926242892865, 10.385420381305327, 9.691727422583261, 11.584354540733814, 11.748102597784856, 8.66419246220267, 10.509058197972728, 11.449825898939665, 9.404159955998304, 8.824343426324031, 7.9418753817334045, 6.650456359977104, 9.700731117904803, 8.476208790818049, 8.254065243193894, 8.36649358179996, 7.028437581985764, 9.20317817331701, 7.187100935600265, 11.673371194500664, 9.955402980275649, 10.182046466588401, 12.50188703892309, 11.599982196846021, 8.847181990978267, 9.294490972304999, 12.516948616274782, 11.615758313852307, 7.329253283464904, 12.52529439075842, 7.271899782513608, 7.296214185556353, 10.644210366801978, 10.051240374200662, 6.630653505924429, 6.44224277627059, 8.981736492399067, 14.838797785627719, 14.43907773771925, 11.80840727285993, 13.230157445167722, 12.544624438255136, 9.84789670512348, 5.874143654155596, 10.622823415319386, 13.530831366021703, 7.406916331845408, 6.721674432262458, 8.607292576660674, 13.47194697158258, 11.407777653355309, 12.027984824268884, 14.083978433402887, 8.489028476749901, 8.376263236598692, 9.350337581719925, 7.215394963326069, 9.10766368905976, 12.379299215866823, 13.697327128286616, 14.395511357095932, 8.495113075965776, 12.938590249093386, 11.753035851066423, 8.474442201339857, 5.555251496801875, 7.140185670861459, 13.847162820626995, 9.004079007290903, 8.312449329424844, 9.116450509762073, 7.55625819541959, 6.254503500149118, 11.830139672289826, 7.0941526322205135, 8.485710859806138, 12.360983573483573, 11.757402526566736, 10.609650575661435, 9.266490470820914, 9.180495367421898, 12.416677028585642, 6.734585186877604, 9.557333285400476, 8.91475470082439, 7.630688485876976, 9.306426510575557, 5.768420759115809, 11.024608234843473, 9.15030420528014, 7.849634115008889, 7.278875293672686, 8.867810846328144, 7.537182148896023, 8.260216074718876, 8.012173801458914, 9.159221390472442, 10.388349778548669, 8.323963144284427, 5.240556452506843, 12.695205573302674, 7.736639147465763, 11.562106678709085, 8.362194162411761, 10.726995252535051, 9.60216506298482, 9.184802505762777, 11.483544848217463, 11.972772818157035, 8.79004215928055, 11.153884552930304, 10.006451457791796, 10.655256123947192, 11.531193251627192, 11.306132207856654, 8.841295865260411, 8.357773529466607, 13.760168570269713, 6.967249352194159, 7.580634724221842, 10.813415691928967, 11.675650420521107, 13.861560076261915, 4.878490073124125, 8.916317687380621, 4.068514955742652, 6.8766203828564985, 11.75148144640272, 6.762549744486185, 7.39413614822016, 9.828703603778424, 5.334903569059961, 10.123484627498275, 7.265182763053931, 12.763570971161622, 8.2458706638079, 11.181033288112037, 8.43023479391215, 7.271447845367911, 7.982221307051342, 6.3899655189785145, 6.241800155105879, 5.992263190856414, 12.575351277877953, 12.894536197523372, 5.692321455836662, 11.045503801270971, 8.87929697409928, 6.597877322767779, 6.742539469236583, 9.944140390684183, 10.568971886992566, 13.369593857302705, 12.942778151316691, 10.763068607405602, 9.490270544596896, 10.988111952155311, 0.8960866638264747, 7.667010964152428, 8.171809579563462, 13.748813229277845, 15.057283289947309, 10.299470984931357, 8.000841794318209, 9.33007423006133, 7.709208824403037, 4.544271338039972, 7.506937947043378, 14.331606578140653, 8.256678513393648, 11.757286006431418, 8.029799302245385, 12.923919599368656, 7.651297892118169, 8.279230860249266, 8.848031893109216, 11.497698014276885, 11.612379277120823, 10.219405583956199, 9.743745164259506, 8.670749551336538, 11.405810214127323, 7.957551344473112, 9.97128660050762, 9.539858496804884, 10.801770213289549, 8.668030909895172, 6.903060599966965, 6.287242091421583, 8.46477732444108, 11.054114411862454, 8.442712216616624, 9.346341906595073, 11.879844511421354, 8.517288387052881, 12.250922902577589, 10.42663523360633, 5.588083468053579, 8.002148532389288, 9.46383713879819, 8.683643572516006, 7.049112203508268, 9.579964796031902, 7.3586194583103195, 6.540680133483625, 8.465060987200589, 8.025551679155145, 6.606775753536703, 8.675474436972475, 7.42865456512442, 7.530472520756176, 11.503333801760148, 13.432283558405693, 8.542906382333925, 11.105488428185001, 9.581852123105731, 7.403764563500309, 13.18512786662391, 8.570820010886383, 5.350564185458787, 9.972410699987423, 9.269067098589785, 8.478770954144732, 9.23990224464516, 9.213270380223152, 11.248273590249072, 9.519747874723123, 9.639747568819113, 7.286973555132238, 9.778860042712314, 12.234894376863442, 10.633844920759646, 8.131815586418199, 13.49173756468869, 10.20958571591864, 8.210464058726366, 9.353394681984744, 8.217111392837303, 8.047875990346595, 7.699066243850103, 11.797818374608056, 9.798037148682335, 5.042455514282946, 7.5966604418233095, 8.899652866111555, 9.244006264316498, 6.9475720162984, 14.07679348195838, 6.555958426285565, 12.366291521634473, 9.674102114275874, 12.179995865086992, 10.764735869101422, 10.043339332868525, 10.721217857754786, 13.075772073166755, 12.22721817585263, 10.31489839245856, 7.1310775767913555, 8.15120935248634, 8.401580672942545, 8.489703235846047, 7.183545855384468, 13.435044839156138, 10.187400293884455, 8.353219837649501, 8.810802947653828, 8.802881836611542, 10.490913010015218, 12.4218933917731, 12.34491164901931, 11.793093075825682, 8.914160313272, 5.621365758854834, 6.825495251346485, 7.565566684087386, 8.16530062715847, 11.359481403460132, 10.259994314142688, 13.263601564419382, 9.820351512447226, 11.440720885194258, 14.183311209777703, 8.290792904725318, 7.6342712443396135]}, {"header": {"parameterCategory": 2, "parameterNumber": 3, "lo1": 6.000198445256149, "la1": 58.999992894266676, "dx": 0.5, "dy": 0.25, "nx": 22, "ny": 24, "refTime": "2024-02-02T05:00:00.000Z"}, "data": [4.728992551050607, 0.821814505652287, 5.911584810717209, 9.431614023899485, 8.775189878309682, 4.081600970219625, 6.936241972349259, 4.371549671976186, 3.801288110758172, 1.2365447767588948, 2.2323213368422357, -1.12415977160455, 2.537958567587521, 1.1055932922964216, -0.47366977644210195, -1.5221295506996573, 3.175858712213844, -0.7476283649836933, 2.364305893213437, -1.8737924098099727, 3.690013839991642, 3.9523082909752323, 6.736286664624599, 5.350091363442773, -0.780615833466544, 6.484775864877585, 6.794731102064703, 9.537309737666797, 8.293961218073669, 4.791296170664883, 5.528715318287787, 4.844722640694746, 4.344643721986241, 5.725186847905975, 7.489319720023505, 5.608374138344236, 7.79275513800732, 7.772227926740447, 4.461245079133109, -3.2512739105931887, 7.1919607131459795, 0.41247128076567047, 6.438588740334456, 2.975878846545788, -2.188577831507417, 3.6063629445718255, 2.8270817258773184, 2.9510484882111303, 3.0036299556057773, 6.356050960403274, 0.49568986411838484, 4.755459290511843, -0.964982272898862, 3.4604812087530927, 1.8501542404125741, 6.578443345885591, 2.652851205615951, -1.0905383796315737, 4.602126400464756, 0.8885387104932473, 2.941250322134162, 2.8770021466509936, 0.4293590272927739, 1.6054926414302388, 5.9715981662774, -1.1360770521238157, 7.259341469960749, 7.91008116991181, 6.428168242665935, -2.57733163489939, 5.918241597692071, 7.05815529934767, 5.737845244393127, 7.878886529358876, 7.2686624075929815, 5.858217800441015, 5.551611805154239, 6.478393984171984, 4.846132810684875, 8.518857844854544, 4.433455303524085, -0.01349944125719438, 6.408795796330103, 4.514261288513744, 6.028030158171886, 1.7299224163943965, 0.7371766722207749, 6.028948545894387, 5.4776606088075805, 5.066062394418853, -1.7283666664053052, 5.025296896401478, 2.8825079808163974, 6.26718496626574, 0.5334324672440914, 2.7531472654179385, 4.34691590445931, 1.559004861952804, 7.158959765625688, 1.7885928983765567, 8.173602144222967, 3.191580264103526, 1.2940112644002486, 2.831158663712373, 3.0548808282970024, 5.360781149592719, 3.633105720298821, 4.754515535344725, 7.060277490817833, 5.986180989741602, 7.668162697854744, 5.784250630015231, 4.472883228531007, 6.8567634890526294, 5.970979095373981, 7.282070362738261, -0.3471537243948606, 7.509511867734076, 0.2325908084097943, 7.9489901656206685, 5.041295248759939, 1.9872708029132409, 8.563081172453042, 3.966885004040548, 0.1191388201277617, 7.098225951030088, 6.6760207338212885, 1.3270787174962342, 5.324671771329502, 5.656466502631022, 6.204855268135895, 4.417360561442364, 5.480077594086037, 8.890701971551731, 4.865304188935205, 3.8119810879026947, 4.627769698306224, 5.598212398564835, 6.4696434256762485, 8.188292845597974, 3.634346833204954, -2.0256956740561565, 6.5978852544206665, 0.9683546599248867, 2.3254545382207503, 3.862691490820266, 2.6744477554551667, 7.18468642487737, -0.11409974939422249, 3.740236724251636, 2.8715647305784597, 1.6584698110879783, 6.379184403867164, 6.710251675660403, 7.046238829793927, 6.277580625106291, 4.244978210116504, 4.562817260647486, 6.423919348598839, 0.3836402030247584, 6.246759592596092, -1.0742721811316491, 7.326279776071227, -1.2787244857176783, 4.683233676985344, 3.9657764488728215, 6.595482312125193, 1.8104871607648716, -1.0998831190425096, 2.5429665985802323, 5.4975547691962205, 3.2062991991834386, 4.486754550348284, 4.532505879077221, 4.217669068069308, -1.9583435136924494, 7.838194629678123, 5.1725104512663345, 1.4018004389173087, 7.505654549922137, 3.644776394155841, 4.911478449763617, -0.6557237335144838, 1.41049067205417, 5.5773469757318, 4.169520311880913, 7.2727883080037214, -0.9152908119944348, 5.818343014595507, 5.2667267499334915, 2.157910548075555, 0.7627795092902702, 8.943262786113158, 2.325510405459863, -0.659633730631291, 5.980872246992766, 3.2886190755448745, 4.410028743737527, -1.0518701533763035, 8.377304433869615, 2.1382779621966748, 1.9183832404020074, 5.660682528410359, -0.32441127616551174, 0.1723125705147744, 3.9955453835334964, 7.745689057221843, 8.276492254809426, 3.323911810501494, 5.830143107676965, 2.721122102444771, 7.008480103600822, 2.901955801114488, 2.6814437047949915, 4.703490452974562, 0.814474519851391, 2.923180580858783, 0.012419523927941994, 6.259636140646419, 5.256329977696668, 6.36306827388203, 4.528247355560043, 4.125856144777347, 1.4197122228987884, -0.28467351177625544, 7.195771768696534, 6.426245656355804, 6.436418971971449, 3.553961968778046, 6.245980557544537, -1.1276350475337782, 1.0663677994897118, 3.5694019159124992, 6.331151675918566, 0.38436923308335125, 3.8964757672129333, 6.43216791157979, 4.855087871409074, 4.7656900086913465, -2.1292261899074925, 0.13184592300104928, 2.2429970805153734, 3.691373389204891, 3.6528084056777734, 5.2498411393108775, 5.882462829838324, 5.81505085498599, 6.693020611432183, 3.1985278709900773, 5.371325374594313, 7.60427434459264, 1.7807587254051567, -3.065302104406907, -2.101069094130709, 2.6672590492548216, 4.7787967102614735, 0.597741378097974, 0.39127074910626114, 1.9481050861183038, 5.461974021089338, 6.484058031284843, 2.4427410952722637, 7.239092896110302, 7.798750410339101, 8.741016473993719, 2.8326108188902106, 6.749834842513852, 2.4170237457666555, 7.348401230762085, -0.052730923532685166, 1.5875971489611471, 1.5127445688402867, 2.095450369819995, 1.8866315657954256, 4.112540559399944, 5.85128379254203, 4.077663267088296, 3.3052209300566573, 2.765493146523334, 4.421358331493129, -0.3196012022266414, -0.36447120245179876, 2.4598912795574837, 2.203607114411242, 2.899696418671557, -1.3521603026581626, 4.334848142132697, -1.7292429603498496, 0.6102202793860172, 2.90389302153844, 2.3007276835331063, 7.146160335260943, 8.716837940352347, 6.282435517091062, 8.56765341866081, -0.2445475765526107, 0.869678571905989, 2.999378556264221, 6.6515871607507036, 3.308645843720264, 6.741268689850973, 3.4756002302432596, 0.034955316323013054, -0.10591437211525832, 4.467703366020584, 3.1939403152027213, 8.422598169974139, 4.461083303415124, 5.293535977687608, -1.5100597493660541, 8.122626397549372, 5.675769655343693, -0.20289418252394945, 6.909632036352887, 2.0649803909704225, 3.5380264741570957, 6.393480156591249, 5.009207858989961, -2.529453182170194, 1.2991785022394422, 8.779955525094252, 3.7872793409966294, 6.994374691977722, 6.370567700972668, 2.245085333512324, 4.51454078980301, 1.7714393940559938, 0.8560863297730508, 1.3269120522080449, 7.796974239113072, 1.966353957146641, 4.371458775693357, 4.38865509462416, 1.2189288728745151, 6.311692583818536, 6.633792264668788, -1.9992730578180464, 0.8737803063690928, 4.885570782426818, 3.5598802156672438, 6.56868065015603, 4.060115859974411, 1.6223949023353326, 2.035804206766568, 7.13838978892062, 3.8660359908976107, 6.488686735664023, 8.804866599014401, 6.708132439435528, 0.9045964973279402, 4.41000046678003, 3.727186756648426, 4.3269217199784915, 7.1073661767964404, 7.94775257294828, 0.07899293479023915, 2.895877756205983, 4.032971608014027, 4.077747287451425, 4.053226354420329, 8.628722935622628, 4.920381588801027, -0.038093985632397576, 6.032451816367306, 9.07324990549095, 2.0078119554464675, 5.780963380822508, -1.1123028009255265, 5.909321915301919, 4.951299774283987, 7.804795868795713, -0.20524187920457818, -0.2170195675862137, 7.521246381837285, 3.9322410759781072, 4.893452260552241, 3.37300445565854, 2.7087876799333457, 4.014433426620028, 7.471552051463216, 4.525599999428474, 5.836285457910755, 0.7307493963922183, 5.094382388274119, 3.1066063136184443, 3.6386711636849256, 2.6721385963934443, 6.622304223571435, 5.949977519968537, 2.764359593033203, -0.30586073255463225, -1.3026029488057322, 3.608720118562913, 7.189713155814926, 5.049117815342043, 0.5324906948521244, 5.217489591472836, 8.298184291079775, 5.419228554883573, 4.891229451236507, 6.075733453726582, 8.263990162476519, 4.753108519709299, 7.295201112927814, 0.7761862576573575, 6.624539027936586, 2.056169111722514, 7.1606895157302715, -0.5546212121411276, 2.6879109457670616, 6.052376284008357, 0.10838094517493198, 3.4151224235378397, 4.104693963013736, 0.5145548367426432, 2.5391166918319574, 6.654723014478961, 5.007761326790268, 7.266587536045973, 6.334692042051369, 7.048510268838684, 8.208547510261951, 9.07963742675375, -0.30892714329082843, 4.44661667706361, 6.384808043777764, 7.2439751086607505, 6.332322017635584, 5.671319521139513, 8.145389331063008, 1.477668276509229, 4.834291653773872, 1.6688751905561947, 0.10016170352231056, 4.832621439292884, -0.36439765068422175, 3.5935327033084263, 6.153797297220666, 5.7838646119169494, 0.6588867009522978, 5.322513503970127, 0.748116521940848, 7.167348348858137, 5.998576884776752, 1.8130287474163116, -1.3371864990471132, 2.5101151570143303, 2.7684713218614116, 7.2822892540807675, -0.3563463315602254, 1.3551914263957916, -1.344930933830489, 3.060805027828354, 1.9962150252611124, 7.995156183138315, -0.17947675781383132, 0.2906747960198179, 8.419399199324557, 7.773332601870147, 0.8120301341146401, 9.264169149208115, 6.303708085405948, 0.7227876184250432, 6.689013793621151, 6.920957329792904, -1.2682841457532472, 3.9822940435559993, 9.502834787029192, 7.850667543198862, 8.063484109168035, 5.141613483196188, 1.7897824161162748, 5.2154124454320865, 1.0256342929354605, 5.891530850516043, 3.4363384863065844, 1.2273131130954547, 4.9708157924781, 4.1989697142442015, -2.5759573222665897, 6.440280920284684, -0.08366330038277134, 2.208906646825501, 7.808951041728246, 7.253365152932894, 3.094266897020964, -0.6111564395098573, 6.727923409652893, -1.2136841618235668, -1.155591065755075, 2.114643352587034, 3.7684415459630207, 4.771655610247905, -1.398017831408158, 6.888910471878218, 4.534759560090453, -0.20366015898642756, 6.267967586784973, 1.725173563900236, 9.573948690877078, 6.289898390119756, 5.105549349257611, 1.002795874947457, 2.490497846505748, -0.1890239404370543, 0.6494785193201219, 6.796031625174575, 6.850329823111775, 4.016565580779762, 5.725286481049085, -1.1233133778355548, 0.9341348113906419, 7.415134582056632, -0.640372941024364, 8.460186712747172, 4.236217520947247, 4.849512759753399, 2.3845356257896677, 1.5212301950964289, 1.5160632095549782, 5.185472598279404, 2.617396486662804, 7.518268367114151, -0.7266576546532709, 3.919723504749931, 5.503335273397263, 4.603375104848844, 3.762686784119531]}]