script/wind10m.json
{"header": {"parameterCategory": 2, "parameterNumber": 2, "lo1": 3.000054539987559, "la1": 64.9999836372058, "dx": 0.5, "dy": 0.25, "nx": 34, "ny": 52, "refTime": "2025-05-03T22:00:00.000Z"}, "data":
[rows 0 to 24 of 52, columns 0 to 33 of 34]
-2.714077572033155,-3.1387693316863676,-3.0040837500789093,-3.3115999667637555,-3.7769571801946284,-4.185146335649395,-4.272201350157707,-4.421797003950349,-4.424253395277225,-4.205349766488316,-3.94377411146759,-3.582400521170058,-3.337157463233997,-3.3155444110083763,-3.261563229397082,-3.5245497042079426,-3.1175125439659106,-3.0563125411058145,-0.2410060406540411,-0.6342035727100855,1.6539430805231106,2.634502508424826,0.8281396837283804,-0.7141633734299802,2.0601517282260193,0.5556776282602143,1.2358864640004517,1.3312181267535295,1.6941603968502483,1.591561567138697,1.7385068805436497,1.8358683453213167,1.3915755712721845,1.7576608458818332
-2.730002506999969,-3.0881959607210425,-3.244051772404754,-3.392674660030191,-3.7604556944231855,-4.101782392204594,-4.283007273278045,-4.4849004806695785,-4.464667499438927,-4.477773519917475,-4.312379858575722,-4.077300817694964,-3.659897763353033,-3.8114672573943196,-3.2383299030382475,-3.691679889569081,-2.481214570827164,-0.8425861346802113,0.005190427917852154,2.0912444080009136,-0.08902186547453064,0.39103268590239926,0.8753035674631287,2.0481093912387336,1.7151517854414824,1.329539325450512,1.7975924021609369,1.4373417657917278,1.2180355956030147,2.044790783734147,2.1459003617834584,1.9701422846403156,1.8487361838028553,1.672663427353017
-2.6442101364312123,-3.0558993116319058,-3.3326453687599678,-3.576443928232445,-3.7011282661649054,-4.232761753825676,-4.377991805335821,-4.37071194276037,-4.347516242948181,-4.5450824257491185,-4.386596141880177,-4.024037534505956,-4.179263778561286,-3.9394827307217337,-3.7557666399062857,-3.3942309303737837,-1.354548428117923,0.22728332415170877,0.5606362795008728,1.183182096771034,0.8118330799761073,0.9988177291214149,2.321613675759907,0.7611923057953458,1.1740427065293533,1.8602297246006967,1.346705327389893,2.120993583779678,1.8782889203572748,1.5131153974889109,1.6697199542707406,1.677622466622701,1.9883705275746741,1.6682679366590552
-2.679179443579147,-2.943886431954483,-3.357832401986594,-3.6356639399631403,-3.774927602624597,-4.045579771640342,-4.374618896728355,-4.447109169546308,-4.322919173026632,-4.282028614463937,-4.112071504133845,-3.84960654083135,-3.8020788548372164,-3.762777246911902,-3.4699230425604712,-1.6303945663797357,0.006425307752571583,0.49199310888390213,2.870593248462901,0.9203513351939843,0.7960826321094886,2.3951368786286777,1.7011137688097262,2.4926815269495477,2.222133369425305,2.02555282009143,2.4773816682379692,1.6442814206300476,1.4430241368161,1.5038531418340761,1.4497099524346322,1.5510571590382483,1.3377498308193576,1.7355257616470845
-2.555763766864622,-2.9202677982496037,-3.1972803252137987,-3.5130558650878463,-3.7446510551329917,-3.894232885175213,-4.1460706745813685,-4.0492486786095325,-4.114639782615081,-3.899608536388143,-3.6229590698702103,-3.203365987629154,-3.259107447993305,-3.019945524956851,-1.5772751179522644,-0.45101047017343376,1.0872772244442597,1.3260801240117834,1.4048692574157333,3.7334161431835144,1.809918613888625,3.562648212388449,1.7057604792382128,1.6924575838548233,2.0964102365726807,1.767683778030188,2.201926297525794,1.6502232859711534,1.8001540402744671,1.673426766716264,1.8976800634667106,1.5892624199505814,1.4098866380488744,1.8877919206445408
-2.317635953366146,-3.1070599837024355,-3.2216839132981128,-3.5309726931926164,-3.668594266106071,-3.774860830726112,-3.7630809762880766,-3.8397982159160247,-3.9382315310081966,-3.7192894735809205,-3.7086007617592833,-3.0319589526925452,-2.3922980909120817,-2.402391368531232,-0.49845029333317353,0.7600178135712106,1.2761295131088972,1.4875223814284086,2.63808592689897,2.9587406500311855,1.7672244135551027,2.9046651436406643,1.83246378567681,2.2545997870425696,2.1240871995371937,2.263145534114758,2.325374355890937,2.1275443488675463,1.841478580378036,1.5281067164515205,1.4465745455515322,1.4322954052118828,1.3115621051544024,1.6942929810317102
-2.026258629519318,-3.359108340345074,-3.3187794481479904,-3.605455184098291,-3.813188566661832,-3.67186504130345,-3.807652759456028,-4.046726938808464,-3.6686826054166186,-6.681989677939966,-3.521665846646863,-0.5570449015402561,-1.2427314672663932,-0.5842657652848806,-0.5082035250303399,1.2003982999509055,1.6734951922862449,0.9156279589597366,3.8062530925274114,3.724657857276943,2.8964348267539295,1.9319571323453693,1.7600782715661156,1.507266176129159,2.2486727174668206,2.1006460951152444,2.2702300782676925,2.0857901995922856,2.199330602097704,2.1567265468306713,1.9949159880904617,1.2916468433370898,0.8952637234187596,1.3198715905102107
-2.3136152331819404,-2.6193190517525946,-2.4055157169384103,-4.181450212264403,-4.1560445548868055,-3.9544007575173525,-3.7049392833156998,-6.46649192133164,-0.4132081377956175,-4.342561151738704,-3.2236709148075295,0.5006434837498436,0.8288426540964464,0.27713737240973074,1.1137469337371262,1.017228085304562,1.467806524511962,1.2976466424482025,3.6069815453326064,3.4829547215712453,2.828293361046532,2.2215248918746595,2.4739914804865326,3.2041257498235676,1.9162660747177584,2.1230291383140183,2.154013004428126,2.3615511637752804,2.5577534712874,2.1548019885495284,1.5768533458864766,1.8684275895643803,1.837387681937982,2.5865257701899447
-2.070716870564248,-1.472912908685725,-2.427238644082336,-0.8912375450571289,-4.861763257199369,-4.189007572946331,-3.5823532499378627,-6.431705186201239,-4.6612940584397755,-1.9110757421524078,-0.005448002265689212,-0.3548843863465187,1.5496730350197179,2.2199794813731097,3.452775397080299,1.3347389949138946,2.3878731570892615,3.4089251001863192,1.5917418647607213,4.04859999755936,4.027404468892591,2.6016369027438295,2.0019736963534185,2.15421514077708,2.3279651915783983,2.0997434940628903,2.302668604356898,2.4037771678458797,2.515544125913191,3.295189023381122,2.543853882859258,3.497937421531991,6.053682451344136,6.317229106238486
-1.3750830196126214,-2.6245194994480046,-3.2507426153481296,-1.148810875725032,-5.465116039387794,-4.703945566372012,-4.18833145235023,-3.622078508284761,-0.04918586242234507,-0.5606990144463998,1.0881240116710906,-0.9449739327508272,2.729392262414354,1.7734960964111202,0.6283224685609484,1.9493136987237973,1.8808472712564464,1.9336215710051812,2.8217044484033247,2.5292690377483638,2.5654339595645324,1.8777243568525335,1.886567216685137,1.7744002055167107,2.2245984858578076,2.1917213086789253,2.6015894831992483,2.8696013627474226,2.230845952279015,2.4104935019067124,3.237653470843472,6.609358383694027,7.148898195551761,7.190751554201357
-2.2358259082789678,-1.9093904780412823,-1.605458388189426,-4.135783396866492,-4.0423808529350245,-3.935657569778819,-2.0136930909617456,-1.4485662259053846,-1.0825469500476173,0.44165028335811407,2.062897334617457,1.4644703778435724,1.0609085114980497,2.7847830916676055,3.2684655664966282,3.930246289385292,1.0110052279764292,2.0730659821244113,1.976398326794411,0.4401573624339095,1.3140981610841047,1.4329859631196558,1.0927376494993728,2.02028066349396,1.8475526232539732,2.314941202247861,2.9596615618165507,2.525852818718189,2.458475968512648,2.6462251904153464,5.7449397063133265,6.618458457281747,6.928474690763381,6.947623010221745
-1.0217965797787807,-1.6629860005582588,-1.793065535750672,-1.946685155320898,-1.3853319881464745,-1.7278087440953607,-0.7905767975454302,1.8011814501085086,0.6911956032823757,-0.08823511899742613,0.608430698387843,0.8023111774441156,1.1095574400792707,1.4981053520084546,2.146797606074371,2.0223663384160084,1.2973411988128885,2.9310040353059863,0.9654988050378789,2.9692497804249447,1.521301342240564,1.8760184823003974,1.285140923960966,1.5118330692040667,1.7028006592339993,2.009539140710301,2.6113593316279697,2.3195253420441797,2.5422442807641743,3.456619387106714,6.116700374872433,7.2762471304129015,6.90248392737059,6.746934280032182
-2.481023230923448,-2.0279271146714346,-0.43181034180212713,-1.0519676708179106,-2.7695265925442043,-0.32853432869916066,0.6735630353506148,0.3108676202224928,1.5604237539242978,2.281639413957725,-0.3212932785302577,-0.1044693161292603,4.08465769121517,-0.9781571119299076,1.4112515946929787,0.887838774956719,1.1679901353919349,1.5150139328497378,0.9112381201615515,0.9972203882912033,1.3735465050037798,0.9503456633233466,1.3224004021162783,1.4543187734177367,1.9563136630732378,2.2419922775372334,1.5914820760491837,1.9918209145949934,2.5827057417060812,5.046683469629641,5.921047318170547,6.4164549558256185,6.208940465827967,6.381788205796889
-1.7398872941807373,-1.4407002296721487,-1.7230481430850115,-2.4230294833430097,-3.815865893530653,-0.9224792272488861,-2.058943146046474,0.12960738721355744,2.1584241324285856,-3.0226704089975716,-2.0615487944136404,0.5457906219993459,2.0375310174773875,2.656024280334796,-1.409883380189175,0.5776330786202288,1.1103915102073727,0.23583017665460593,0.7966241578323033,1.177767848708313,1.5641319300686118,0.9824496621956142,1.585927641373018,1.6803227104052372,1.4640526418598376,1.6554833327665353,2.2306204989913057,2.373007415618358,2.980693808588175,5.456446816708103,6.314095966782686,5.666877009875853,6.031757143427802,5.355369935777533
-1.9657374931801164,-2.0151013235318787,-2.0521208120604295,-2.0473182120189293,-0.8750614199721828,0.3619959364770082,-1.0247292967739121,1.3921178539747823,-2.5776911928755832,-2.9903592893157604,0.4422046451420535,0.09389613113972443,1.5774506227411866,0.9478970093129784,1.2728250393316076,-1.532527363892533,1.357521649213616,0.7417572738438742,-0.1370430624580305,1.2383296693702592,1.1767733241888274,1.4951136782661694,0.9887466840679389,1.7700672701871007,1.3221840501028037,1.577086747001397,1.4302811940349458,2.1581711008398865,1.9487934343019622,4.381360251037295,5.798042009935995,5.357811987266512,5.767890967924934,5.222216980757196
-1.9266642258328508,-1.9055126823397392,-1.8754924775403419,-2.802721490657037,0.07997000872214682,0.6098689745221031,0.08792332981596317,1.651390373596961,0.17358448064461604,-0.5476840428436286,0.5000339599165357,-1.0898364210029055,-1.714547465272831,-0.09586223036888564,1.5558640652880902,-1.7523879630735408,-0.005228267708252866,0.4772137894288099,0.6897968249838574,0.8393906544620515,0.7090666979011541,1.3279725139306533,1.109818979498231,1.3426553422533352,0.8008868254126851,1.2893367448516715,1.9040992541111377,1.8253447171449786,1.7484095793296595,4.803742941045054,4.734241166318948,4.676015651970933,5.17993201089934,4.784384288867488
-1.3506869083609636,-1.8250223814233288,-1.9693809519687642,-1.9075003882220736,0.09239026934409464,0.587280149036042,0.9038248799707481,-0.6085393099803976,1.6062428458486697,-0.4120694014779245,1.2998284226782097,0.5751472713548035,0.5615543735311033,0.9848647787179081,0.06323333205057897,1.312005497113969,-0.4327994144632765,0.1946166553458047,0.14151755889699671,0.08901735305191233,0.8557923555499122,1.0778665317719136,0.558028273648167,1.8369638972586955,0.7639975912160664,0.5502241394152793,1.1151003192683777,0.8992584158421042,1.2365809648301063,3.946995985238366,4.200478784561813,3.761757261235077,4.481812375888851,4.829999456134689
-3.4050449708990604,-1.9695388635485036,-2.66255913079775,-0.9640350765393749,0.841029620539273,0.25054267657674023,-1.0229431667601512,-0.6585301524708872,-4.811154992227761,0.7042588261017688,2.416686688002112,-0.9504149236226376,-1.805143682921214,0.574311713004022,-1.3270842174142519,-1.2021945125339897,0.7960756088397246,0.13727415287913677,0.18348646912817732,-0.39463233920157365,-0.1311219792664686,0.8922904465357222,0.9203633406905264,0.3128719283614837,0.3643089320506629,0.348030582457482,0.27660126547364905,0.18447629028383264,0.8147764059480889,2.7875229342322703,3.4906457014277406,5.059642744014337,4.031437340506166,4.523563612402796
0.7961980501353779,-0.47617583811887204,-0.3085644733851757,-0.20796111490931732,1.0607554629674838,1.1503108427307351,1.0158595857274397,1.2203429180723782,-4.3799988417227445,1.118154435874448,-1.5212641914817204,-1.1444616982610443,-0.3596627452045818,-1.193481570276779,0.10714352361615039,-1.874922518403248,-0.29083092789633513,-0.40034653956426147,0.4394631491729791,-0.19021622842845132,0.2704354638953216,-0.5736940163864106,0.28339285917150586,0.4064535807707583,-0.8157656003536636,0.26205026932949493,-0.2889524514715648,-0.5142115866686716,-0.04828436297717658,0.3009694033405633,1.3845543906087834,1.6093007343303711,2.455240596635782,2.9127025450436705
-0.2157098307443505,-0.2755029230845926,-0.32785709355559717,0.5124895595787685,0.27639992282249315,1.0569888280728854,1.4596768879320159,-3.228861759732904,-3.2954183669281814,-0.769501530094565,-1.7835538043115724,-1.6980026368461003,0.35296787461425994,-3.0108567238555985,-1.1073745602731442,-1.098185564304438,-0.8049951849990624,-0.2543078326884956,-0.5732027342248391,0.13672809854878942,-0.39546174945061313,-0.23788794312283462,-0.8969396875243737,-0.1958407172296694,0.04626036168145572,-0.047190395192840434,-0.48617292290082526,-1.2052597519205925,-0.9152759607759584,0.1339286562256617,0.43088891876344493,0.45400946044904755,0.17298133678760183,0.5567557090150229
0.023347339070506998,0.4200991983484794,0.6873111498296968,1.2266501930982265,1.4918907009806264,0.9827063204223316,-1.2847628015030546,1.2441574342733972,-4.4155439020472835,-0.7158274905867842,-3.464604910729006,-1.8713548190077383,-1.3026705857857057,-1.6541906128575043,-3.2918819870541594,-1.8594086206101672,-1.4107684759154735,-1.112483974527858,-0.6999483928552361,-1.2314468997939376,-0.293788104617629,-0.2035571424536925,-0.532747753657142,-0.6041966121714462,-0.5040372773784066,-0.8179170580964835,-0.8861891289747829,-1.0410254934407972,-0.6488448373757167,-0.4970738527245933,-0.46427057665429594,0.01596696836748859,-1.6517798253964888,-0.05639346415270357
1.496799398059924,1.1465418619388061,0.8062080868836466,1.9607541833282376,0.3986402267265544,2.2612487752410426,-0.8826661700415466,-0.7824017187079876,-3.3739607077340494,0.934677543257022,1.0217500324584585,-1.3239369323593366,0.49923453538173357,-1.8860689979540604,-2.8480715580958442,-1.7309756726646792,-1.785729695209609,-1.2362536246035478,-0.884189357784514,-1.079366692910819,-0.7844132104718122,-0.5841305485662869,-0.7372261708681196,-0.6062403824307698,-0.989298247500554,-1.9693989059987096,-1.202126520452382,-1.602009782310915,-1.4380851147031732,-1.9081155563830081,-1.2216205409844862,-0.5172941302295426,-1.12184036808784,-3.2534748081599116
1.0842353421847728,1.2122669096570593,1.5815567090977922,2.6061310319491815,2.0426159763883014,1.9323243391096385,-1.5733109795687354,-1.283730340535337,-2.1552253900677636,-5.328091258378101,0.5342990065825538,-2.561289183936321,-0.25109452467270854,-2.052302708850415,-1.267013123643179,-4.1193981981107655,-1.4541027724662239,-1.1867683426783011,-1.4680452808461784,-1.415552398431157,-1.5319932040387318,-0.49961313913366484,-0.8585786945651368,-0.7540277654329017,-0.7137957259568051,-2.719598506743167,-2.5542277869019756,-4.474423457347985,-2.7830931078033387,-2.4152199510779835,-1.44468039305893,-2.4770173193459297,-4.654184860917389,-5.2574096840497475
1.174098462588936,1.16027751928896,2.129571259461082,2.983874259019782,2.9694067999157823,2.8752416277211266,1.3404464824865328,-0.13869201580076593,-3.0439136885098192,-0.1696697494978658,-0.007932306308735832,-0.30143895133187515,0.19061406156356675,-1.0353646677573933,-1.6083256556272212,-3.5365108492617257,-2.0851552727933504,-1.833653943890997,-1.7038825017115091,-1.6439689649375517,-1.2474475089103705,-2.3329140898331113,-0.3535215169613176,0.08144263825479618,1.874520914594942,0.975055923747443,3.6975947241794302,1.4743188647574585,-1.767615987418702,-2.5298124458465145,-2.647261947057061,-1.7992078530913322,-4.380204151215095,-3.072341458485562
0.9277875306790869,1.5899600448835296,2.450787128154085,3.0060826209372817,3.1536283114607744,3.3743439614287105,1.534296352921661,0.6317759400200907,0.3454073561779711,0.6540647986685707,-1.381059215701167,1.376621892458336,0.3430815149134962,0.8898238270788972,-1.9100807462924259,-1.8748005745797731,0.6456276812240255,-1.1229546436400735,-0.7731829905166046,-1.6234594345496016,-0.7777164720169759,-2.9466453323494632,-1.8650364264487687,-1.1413051900282758,-0.03383747352425564,0.1684554951058376,0.00026065790395356486,0.7064581343731682,1.4809974756642654,2.4502961330562045,-0.19001221632959453,-1.4731604630904842,-1.5158981610817477,-4.174356893941159
