script/wind150m.json
{"header": {"parameterCategory": 2, "parameterNumber": 3, "lo1": 3.000054539987559, "la1": 64.9999836372058, "dx": 0.5, "dy": 0.25, "nx": 34, "ny": 52, "refTime": "2025-12-23T15:00:00.000Z"}, "data":
[rows 0 to 23 of 52, columns 0 to 33 of 34]
12.833246887880524,13.10219896619708,12.997420711124802,12.67309859019221,12.471089833360889,11.964956776264929,11.42037206539988,11.155726540138897,9.722249324691388,8.845331332843008,7.473886279045873,6.511871446260145,6.593617829601015,5.530723094441993,7.891472668180649,7.380725534612744,8.664792075490757,8.156774972229142,6.948486308603855,8.65909928939102,1.6820107027329192,1.5299088676332175,-1.6061492675586222,-0.8627951081179451,-3.330746805107327,0.1805392336120928,-0.5894158314155057,-3.3520887813602505,-2.5269063160554834,-3.941345370239535,-5.249444253614931,-4.299960619195782,-4.667481264745456,-4.758771153498369
13.22906489710359,13.298492102627197,12.617613861314856,12.296661294557632,12.028496262050346,11.214076275255987,11.239649897401987,10.353347056112863,9.586495166870378,8.754226214437605,7.0687805101175405,5.407615277991221,5.425844937326574,5.521441092027026,7.297697231797167,5.911790968330552,5.378345936070477,5.992765372225378,2.6481619158854643,3.686493390644271,1.9572476524253652,-0.281947929192472,0.5738347598137222,-3.4516429382669758,-1.747818602217944,-1.619272958452407,-1.853305286473626,0.3238340465004732,-0.998205308906816,-4.148215886295476,-4.110652034669462,-4.291360923952459,-5.117308539320897,-6.227227217065569
13.855500628901943,13.476943566283172,12.603817846897138,12.05764105783737,11.58966739737568,10.92305858929395,10.598879949104656,9.863485110305101,8.719870900553559,8.249330884948474,5.003867774358417,4.004874760051995,4.119944157359816,7.698586907611099,7.119318918397969,3.5953140693995307,1.851962587789593,6.83643465079823,-0.8879955576598685,3.4683643665977457,1.658329373180667,0.34107945620742774,-0.6668706026122992,-3.3254488882656594,-3.3932556443309325,0.05376161764966459,-1.0930140711167144,-2.0520981241647887,-1.508750543175806,-3.3563718460975074,-4.984629085536468,-4.377321032348979,-4.891687955574027,-5.699353171847069
13.043876707215848,12.975707057907643,12.781747156753537,12.367802491039845,11.704133697409638,10.847761371240454,10.215608743902216,9.600031437236733,8.366897381461998,5.074833654998039,3.441451749838507,2.753993190084954,3.747017751455621,7.5767629295315,6.781406094932179,1.1758484678606043,2.067630304053292,4.926623617626997,4.754496890814498,0.14136056440096756,0.43908913966587193,-0.04150169395527602,-3.6983857571772982,-1.6715155326768742,-2.2292016125279717,-0.548495463064986,-1.1189264724933288,0.8779520293064241,-1.0615120746165698,-1.4773470040875092,-3.2499996061400482,-5.600405190922254,-6.148571290758686,-6.260404032501802
13.641024410815277,13.05779831961095,12.741299472385348,12.794334760653339,11.031284820171626,10.649795461732204,9.894200101240678,8.774774960095025,5.9760572365221165,4.672980635422131,3.136866044357313,2.755593343706315,4.459771525504898,5.93583469505455,5.066971763163317,2.040513570660852,1.613732310521047,1.166532670070436,3.5459052977289085,0.17638042932987127,-1.9759248326043157,-3.976705669566099,-2.346664047762262,-3.217282148855115,-2.518043318337045,0.4207718671337927,0.1472276991010445,-0.4326651518961488,-2.227174570439079,-1.5212680265620844,-3.1012335806049633,-7.002506624179479,-5.237661674587031,-5.802430525065787
12.307127677774506,13.00544872198881,12.777693825287916,11.877523740254599,11.262599020058262,10.146171781387908,9.171001929325485,7.534795891114274,5.828651656151279,4.870380177978204,3.5645418506693116,3.5137758194046707,3.3437400222978635,4.457818052663519,2.721234119588582,2.7913476873823817,1.2421241812354877,1.318448346449617,0.7730166541896574,-0.19534069291728023,-0.6387718811754595,-2.898443296652363,-2.565374244709733,-1.6304851326764207,0.4362864917632198,0.5473827557764205,-0.28448169970296927,-1.6763667631076054,-0.9880877963817511,-4.0858918200277,-5.37440220548925,-3.913884704847242,-4.005667447412408,-5.276432003982634
13.04693577712234,12.474321359006579,12.083065039137132,12.299568315665969,10.832021853098976,10.194912789365452,7.642303448839087,6.523547482377104,5.708405548394512,4.86806319856936,3.427758841878716,2.0403109735100773,0.9108374161277784,0.7219086507808832,3.392306138308275,1.93466868051349,3.1371169544585085,3.7539926269246893,-1.7289452381018486,-0.5804836141496078,-0.34353405375113155,-1.2976786424213305,-2.476966787662175,-0.6807349834689478,-2.223889781706065,0.1023817746014601,-0.6714085228228969,-2.3368685846156376,-2.7750633568782663,-2.9321450834044653,-4.058604346714003,-2.8872502181263013,-4.317988152367391,-2.108092318594996
12.485848662085466,12.6972549985905,12.775762857562162,11.779759254567773,10.70504080274336,10.14226288000914,8.098444305110599,6.340752258080394,5.879584124090146,4.856201708918168,3.2200555588819575,2.9390122123041333,2.203835255465441,-2.5714622730446726,1.5373997168922071,3.4887478606697604,0.832040075247403,0.8753334104858209,-1.6342985289974228,3.2223026425053956,-4.022883566201164,-1.8124190543034133,-2.1320354004626516,-0.19825159435368797,-1.127525905810626,-0.2395095097787025,-1.2946385268363387,-0.19364310986182198,-2.1203109774482467,-3.542865312674831,-3.8438556192015945,-3.6334871263697415,-3.464523365563068,-1.1379739230949184
12.921356704731206,12.04313831386008,12.458593007228878,11.64069827654562,10.948432593966986,9.692820270794327,7.817696156074466,5.671652331685141,5.598475018787369,2.9607881834782983,2.960711253956579,-0.16949011622526008,1.1586600585303746,-1.6124355861320057,-2.6040386532491913,1.9550835365075847,1.6940151741530176,-1.7439009920048119,3.9551161335374543,-4.69715820133344,-4.9401105620625,-5.939040288565564,-2.048762035605145,-1.6633819348073606,-1.032327217618978,-0.4384196201624806,-0.6160867785498805,-0.9947609417123502,-0.5558163927182345,-1.281344224204814,-4.341291576710169,-2.0109316001217143,-1.259409020982325,-1.4780063434604258
13.22682557213133,11.691190614963263,12.698244961345644,11.303178512150101,11.454574494567838,9.65130733614602,7.2928964164378645,6.243272007006357,0.8980428116893812,-0.32631455691821487,-0.5554753403946109,2.2258340528647764,-2.7168679055404827,-2.537996595210573,2.7557306587850303,-2.112380375120875,-2.2205657995797448,-2.2796036941188342,0.15010088702046442,-5.403624429412039,-6.127582587719228,-1.6588266446510174,-0.4862996828146408,-0.5565758527773459,-0.23016744644858086,-0.9507904706201341,-0.46175666184910114,-2.0141430180212154,-2.2632452864589223,-2.2662965211752955,-1.0634232863547242,-0.5409804323837719,-0.9134008591179767,-0.6562713793474376
13.268200089154057,13.041746791847473,12.333412255359649,11.268685699225145,11.493171024113972,8.282651771257896,5.606357715902465,0.5864439521140346,-1.8445588328755254,-0.173699591674733,1.019424645379536,3.235752130981648,1.4191291670143704,-2.0507193681355282,-4.7764773961713,-2.854828206885409,1.5549087010799185,-0.7458780467153647,-5.573244087424655,-2.278743269121186,-3.093242142860374,0.42103499721030013,-2.1314171811467366,0.46633203660024947,-0.035640941796998546,2.9432575100213483,0.7692108336576109,-0.5834430499186589,-0.5251910873619412,-0.6832818745889908,1.1392065806969611,0.3454923230203227,0.2419518378353081,0.2442630680873886
13.21641964020891,12.824392350063263,12.097558706021898,11.608733890756973,11.710877716762637,5.465265580177203,2.8925272854935717,0.6929737586571895,1.0356580306751293,-1.0771175039370509,0.3792210847650025,0.8982660224313302,-2.173512814896789,0.4782727873528119,-5.146433102063947,0.5681537813109377,-0.7591484574727739,-6.0117214828331935,0.8359639757203889,-2.4300948574148835,-1.6093712359130017,-3.668969165581699,-2.4994708639399774,0.14962615737022664,1.7908815719236448,1.9971702304627035,1.9134512622154842,1.5417546552924342,1.0160431074798106,0.5921661722645101,1.0775439550925614,1.1128857918224513,0.5836120735400011,0.19891200008131268
13.547043943398037,12.613325628802968,12.1782849704176,11.322050182630154,11.314498542876235,7.1080627887330285,1.2275292473375703,0.2301685434203387,0.32288332514506024,0.6791430656480274,0.14622368263952076,-0.10612484179650446,-1.6537777992890932,-1.4138275114704972,-1.895012931614587,-3.2531292330865025,-0.1943167806631474,-1.0260044741674796,-0.0026488073114711544,-0.5971475455801086,0.09146478604267955,-1.8198659865272222,-1.1683087596390072,0.8427385778203733,1.5160027877188174,0.8671775584876191,2.7387929153610715,1.0952091714551224,1.8170050269846485,2.1730047111942237,1.474009111581806,0.8471627275753957,0.08819182710601839,-0.5984306785071474
13.625091357937848,12.601851827736178,11.230688431022129,10.911919308348818,8.045113041933478,7.244783602788505,5.059660507027856,4.05088938524934,-0.05828455840987736,-0.5640777362145861,0.06297010599872424,-0.15779683891794904,-1.6067833111033292,0.16521739954591017,-2.0654597564928174,-1.98376341870864,-1.480766186260105,1.1392141599764514,0.6607607643459648,0.727796279629064,-1.765916323298894,0.275127185790958,0.4778779768494125,1.4205291932287287,0.031368539766055005,3.1101024002905366,2.931246975817955,3.4626998538573193,0.8227955313843843,1.5067162320804304,0.8495240511479781,0.5795444150186262,-0.6660296660197426,-1.250597382069911
13.886213825864486,12.553973836405444,11.215151495261486,9.83906749277912,6.8608293097757915,1.4903453994678069,0.10380805805576634,0.08108834481365032,-0.9167112754311664,-0.2514148091884761,-1.2859616308508766,0.11184880129836977,-1.2636241641058106,0.07005817078328107,-0.6717296920016692,-0.33993123575263073,-0.48629603336389254,1.247702320918688,2.45377620734423,0.9841316862064529,-0.7417582155485976,1.9276524913640731,0.19639085416137314,0.41090225040061973,0.8515466625210383,1.8558760803386174,1.103813776833714,0.6486336705240605,0.8684043149158313,0.9912029964773331,0.20083613300643965,-0.43043006607164186,-0.8708618155492776,-1.4865919166229349
13.648261760278647,12.276266771429093,11.069824320587566,9.78751573294671,5.338008416378389,1.0804840611964464,0.8218469293973911,0.2990016088072928,-1.147800285385259,-0.3046947021565068,0.9467971497618786,-1.039473089199177,-0.6883710580136129,-0.6342274785764345,-2.0183742196122476,-0.07889000223017935,-1.814921666705601,3.7941022845612773,0.9424361516437292,1.0342965348690272,3.225633344367562,-0.32859485847093983,-0.002462192729760524,0.11606372558707785,2.603614683399182,2.2659025016766736,1.8580660577804795,0.7033046438736809,0.28044647117384336,0.4566493824197347,-1.1590778413907183,-1.7175716121528612,-2.2352370958368497,-1.7955995761541839
13.813443101445632,12.40114031166988,10.885595387238421,8.868675388781813,5.923592378522188,2.2163234432333465,-1.8968840220213625,-0.11724999730331268,-1.7005511520474237,-0.1317247968799766,-0.7586220231922457,-0.9241831844652176,-0.7116524506976241,-1.334008884158442,0.2065402737572922,0.9760373581523382,0.9175889810777699,1.9258459260804626,0.8681983225687379,0.9806946546301611,-0.6840578330859798,0.36742173993241006,0.6454120651465858,-0.06442675227383265,1.334901726362324,1.4649549976862464,0.1841391131447408,-0.29549474477417015,0.5067020204857474,-1.1331180501689477,-2.617252823171182,-2.7172275242685493,-2.854519014005097,-0.600157502771303
13.958989180128478,12.942885273086793,10.88803889078629,7.797103692154487,5.742245936326661,0.5566591036664382,-0.42803304312375057,-1.1165280693704307,0.6704390069778838,1.0403910341380394,-1.5991992413599305,0.9659113425178579,2.5673415844056056,-0.48260699028420156,0.40712813751326893,1.4884231591686186,0.2674607156921436,1.0344509038006788,0.10094624420569279,-0.7098927672868566,-0.7616620402547364,0.9786061024242195,-0.0632697207363603,0.5072037916509273,0.566194031515417,-0.09495347435566881,-0.13737602716208497,-0.05736619726514638,-0.1022156124659115,-1.9441826237044648,-3.0329200517439485,-3.3026212053633768,-1.6882857708824843,-0.02730448735921459
14.091388141858417,13.07761971847216,11.744077308667102,6.48024133058594,4.281620478017166,-0.22857486613230907,-0.6144649941480651,-0.7554056102333505,3.2274963198022864,0.32246578495259176,0.5980539761135432,0.7024816145492007,0.3508917625648203,1.392726509651119,-1.179524439890932,2.1180457836531463,0.6188217718116246,1.1756786788325773,0.27272314167658446,-0.4202951158021491,0.18145234247023978,-1.3691920879078456,-0.021663397639484296,-0.5351381484194085,0.3715165053845506,-1.008432223496937,-0.8178592032203936,-0.5326481198618219,-0.81233073993518,-1.9692125426193312,0.48491110271037713,0.7943207292057297,-0.561816169111397,-0.7986930759165666
14.114380479478985,13.26319040184013,11.868273682606528,6.426944128731439,2.758060977766003,0.26030915627473294,0.5077323573943563,0.1695905269445668,0.2266033051389328,3.699138703594669,1.4869253720729447,1.381901031345687,-2.135298547626699,-0.7946699438774816,0.32812282293508926,1.1815388014839878,-0.3798474909873605,0.45710622188029726,-0.11833711641975396,-1.3007557231316857,-0.6755600854957554,-1.3848306718602428,-1.8851783132751594,-0.9582897901886415,-2.1519792348912348,-1.132330121635539,-2.2401484945550387,-0.49619191210161157,-0.7207635722969095,-1.2459516959875683,-1.6241325166976244,-0.8183358534885089,-1.149456487190674,0.3635835720380369
13.936307222225489,13.65661228746949,11.620985562881566,6.30258753446427,3.6409220421592416,-0.48898000476219816,-0.29726207437552277,0.1560263320764859,1.4262438340856802,2.3063805162561226,1.854745889735022,0.6493383380925174,-0.7656638324253231,1.0232753553675413,0.30536176758206496,-0.2306784365175758,-0.6222719277610157,-0.48130973539480215,-0.7815827827794479,-0.9748509825860946,-1.6955138404965149,-1.3532009671018055,-2.1806027216354984,-1.3465983578735186,-0.8455210601958876,-0.6842156493897873,-0.9424709333068373,-1.1157251596096365,-1.8500469437247686,-0.554921411040168,-0.23600272850010331,-2.021474137661751,-1.2820496379187842,-1.9418212444133052
13.694265716726111,13.504442872945319,11.908782985654852,6.613485324138061,4.000530369438012,0.7828965981221346,-0.6760590455858297,0.9568530935343204,3.152427254257357,-0.45157926593043596,-0.39316563137805194,0.8043551107050081,-0.2858443847517113,-0.37426000487756755,-0.3120319080855779,-1.5409418993507151,-1.4940449165463632,-1.9122951507203476,-2.204900333410272,-2.113851850560184,-2.551498160612173,-2.22061258038364,-1.098850241270239,-0.9759741962843462,-0.7659484969134043,-0.543707567492249,-1.3048662504464257,-0.9087434682799638,-1.1235050509472149,-0.23503283141538286,-0.910349643893439,-2.0021629162805477,-3.200592138560039,-2.327464122545907
12.754011814772744,12.662165810743677,12.120581782426788,7.854527691431893,4.502446905115926,2.256963761284846,0.9233039043218266,-1.813125712987529,1.4145495966634711,3.1054487998994804,-1.4120012667730182,-0.8562918119680074,-1.2140880519654063,-1.8293075597719535,-2.2302482864408124,-3.7087472362070226,-2.1827864776728867,-2.1182845053207155,-2.9711430933388483,-2.166429137601033,-1.7002726508867214,-1.4964922823292701,-1.0385526846008166,-0.6970146461438165,-1.5818407107372074,-3.968755674280477,-4.008581782838027,-2.1548054314526364,-1.1337790415880125,-0.6749883806769497,-1.661564278802461,-4.6662455938373295,-4.344832436437453,-3.232650703680913
12.011769131343375,12.20536167571717,12.20040989161933,8.990324546922139,5.112542269699497,2.008897805221276,0.2875868456852131,3.6048099347605396,2.185162638764968,0.4921644138740187,-2.801310349241305,-0.32557516496825295,-1.8774359063339272,-2.792710645873828,-5.348432072562982,-3.9988667908060864,-2.589148678829947,-2.3752028688690645,-3.366718092825813,-2.5532921207378836,-2.351823395316034,-1.9195844425227648,-0.588176350694218,-1.1016260419694388,-2.5316902013541704,-2.797262104469431,-3.2471906268449557,-2.9854142033483027,-1.1083407868614896,-1.5946502496121668,-2.7672433059528694,-5.199129033834859,-4.76986201606856,0.8918468577511617
