script/wind10m.json
{"header": {"parameterCategory": 2, "parameterNumber": 2, "lo1": 6.000027932988019, "la1": 58.9999434238085, "dx": 0.5, "dy": 0.25, "nx": 22, "ny": 24, "refTime": "2024-09-14T17:00:00.000Z"}, "data":
[rows 0 to 23 of 24, columns 0 to 21 of 22]
-2.416203245102389,-1.0965281383823453,3.173826284555575,1.3244876802083416,1.01020464410711,-0.6063791787904663,0.3305741711170912,0.18426278920713737,1.639231714027193,2.8335763094054314,2.363387604599587,1.0361410313591441,1.516123910386149,1.1909600914429246,3.071804087658562,2.653150821146826,1.289307747835167,1.7669243149212193,2.062577192649589,0.5125209952398179,0.20207849865397554,-0.04437716882224246
-1.7290354928311145,0.7267745808484218,1.5588266042572108,0.9738863420954,2.380242447244458,-1.2084030182099395,-0.1989691524494768,1.716755877433317,2.9773800747146812,2.232808106366095,2.8776167833977278,1.3271736695331524,1.579793807377207,0.8923127054800541,2.8319083760279695,1.5868955133086886,1.1957952898559783,1.8929034353154353,1.5154096425173897,0.719058914980996,0.7250096944975787,0.4138242828663758
-0.9904128993337435,-0.2618555595450102,0.5100910174983564,1.8908949894652662,2.264453874679493,1.7132616455484235,4.536305900962881,4.528823377584827,2.65093074168938,2.6660178003923356,2.921595221086151,1.682576426724589,1.6493242170994833,-0.3595158106571203,1.159805869181536,-0.326571235552678,0.9618159128490034,2.847079469758152,3.116863690733334,1.340533336048368,1.002659643732583,0.7552700513204417
-0.6182046701894501,0.659058487835953,0.5228920557993394,1.2641790418586525,2.101342508718546,5.946028865280912,8.554469417172793,6.379925426107935,3.1256655480384437,3.3819997816022673,3.4165267929147154,1.7925269891595386,1.6968432651588399,0.20422351445243353,0.6621013234163818,0.5685765414808247,0.9726784174120741,3.497151605314871,1.8118169229638492,1.6402252963758006,0.572135951740148,1.014904270091705
-0.3289140149445176,1.4864591217232905,2.352431486779478,2.59083472861224,6.61511558825129,7.383735516248448,7.653957286152403,6.796740814505333,4.026627578626921,3.91642998309993,3.7920247083128036,3.11620390841864,1.6808576061366882,0.5964188297376577,0.3779909141416708,0.09760613284208623,0.9386092526186544,1.2946309707844463,1.3245684268569247,1.3751471699676816,0.9120440932731506,0.9647360894179383
0.2665152183313264,1.262564977639998,2.85546498760159,4.2406681179824135,5.265243401411233,6.036853332263897,6.720991253069727,6.324617853210419,5.954303742471942,4.428295140162454,4.1545207977279315,4.620475389732647,2.271076010292523,1.6104211315394887,-0.41935658183380337,0.028804135205052765,0.6281144255975334,0.5155648468177042,1.1819390804123846,1.076705022792024,0.9803587861274186,1.0617573348895901
1.1679434727413294,0.8267986661717768,2.3252175247992595,3.6533048828348083,4.319154869978188,5.347457645014448,5.795053742863,5.425459537055623,2.0323503423950893,3.2586339028107005,4.723633392738237,4.694556380112548,1.866822272068292,1.5807800691847478,-0.3739744925091106,0.39817235339488577,0.33048109278489035,0.6858723203398339,1.0067758279055699,0.8996208197086668,1.0751917955660608,0.9605538656365329
2.413532466632051,1.5313297920050661,1.956281602124383,3.1697270066776704,3.739051952260476,4.879304702552116,5.187474312890524,5.278122771701252,2.3491911068655837,1.6117204434449872,2.2312869968965177,4.417809168699965,4.892790339005033,1.8087151714249796,1.3368134482328358,0.43245246898488726,0.5704632900964526,0.6523870537264979,0.6786201810622823,0.6548963330444552,0.45160382327180765,1.3650486350133058
2.9402128291477374,2.395471540983618,1.983439298220244,2.94748077793391,3.5716664978211745,1.3386174872480068,3.5252963199827034,2.9068990376551724,2.3750036684782834,3.8566805419478456,5.122405585511192,4.170328900750421,4.40074987292922,1.69964665093692,1.5692045989924812,1.0920793447674086,1.2923250419708112,0.4494223957020019,0.6346933105222771,0.723110036774604,0.22457585278584205,0.8618990068839145
3.5422636522689355,4.3569048210271335,2.6785122971843225,2.8810808663699343,3.4996450688532867,2.53132767913019,1.660766889373167,1.4669578761486748,1.571761639242406,4.3442698803751405,4.619312003278438,4.373923659347364,3.987609128640625,4.9033063706692115,1.580804175776418,1.4839659247904895,1.0762331843234838,1.1224735992725496,0.6528254162235262,0.7204472872130843,0.17453066836451556,-0.21359450287164183
4.151296097556892,4.883982569697279,2.7453482937448443,2.718033592831305,3.137343330401211,1.288921528829899,1.4827800245615006,2.070865311832236,1.336547064517893,3.2426446696229387,4.558920100714542,4.174858220401199,3.8286743004185864,4.448395439646391,2.6512700651765337,1.7557489977708418,1.2117195549645428,1.2625458007212302,0.9204701965231087,0.735326162434069,0.464843533957469,0.2598256097540571
4.730866383305931,5.461854601892139,2.5277869239129886,2.8513979950114328,3.128387241743925,0.88626472396802,2.2683200510900177,1.8659702485522711,1.5113383281201358,2.630235204538842,3.596319711214265,3.7715313616930293,3.39085439381167,2.4310662837753183,1.5421502672770928,1.7346083993246024,1.44972216536159,1.3897646889958497,0.9808846396081523,0.8702137561923999,0.06236600664355539,-0.3623071166215588
4.929637633472017,5.575191035946615,3.227497716787844,2.6240237726155873,3.176353255091255,1.245247145941526,2.048623878577618,1.2443478730104827,1.6088184736888507,4.036442490904283,3.027689059153181,3.0366489233377,1.672720703405234,1.7548817918944115,1.797248524197485,1.543186847529108,1.8759962131464534,3.1674708069485544,2.7706005723794287,1.4154156383731986,-0.7009627328953572,-1.8300758834574098
5.148774604020296,5.553201238430236,5.0717437391461875,2.3318724412764618,3.1544515369074184,1.5146093214236518,2.1682626375429335,2.0003394418885954,1.5472413451690235,3.0942282991622587,3.995356983216883,0.9762421152546135,1.4216550371890377,1.9575017574962137,1.8851475928526245,2.454226643171507,1.620845480786033,3.4876535113278693,2.8124551348163718,0.6784663243858402,-0.8561997813031381,-2.8144469056773893
5.179889496633856,5.472765643299513,4.853318152120275,2.071151946150871,3.1146362529079195,1.71418140056454,1.926448457376019,2.6913365210833358,2.9559694199144904,2.7329088154309438,3.6837825742093924,0.8187916536929004,1.700666616263566,3.183786035876771,2.3268879415232027,2.4288569510436018,2.1918888121614173,2.4858271667002745,1.6984157972121543,0.43342136062672476,-1.1016027068892948,-2.6035214166444574
5.212382510482747,5.487860226350748,4.600453750898026,1.6365010959043493,3.2337959134987595,3.0159821876346995,2.260024126438977,1.491201630683206,1.7836803605864473,2.0522138200219944,4.003136893952707,1.5589645056713928,1.802405696988222,3.2157795152287063,3.0796498314886662,3.1253267621011354,3.861878477259884,1.5635074760376462,1.0214040513399048,1.011903090601483,-0.6404282348993194,-2.1708539436543957
5.418089814297629,5.567366810126285,5.40361584028427,3.213395287202686,3.2663628596504197,3.397754416400061,1.9078242343230707,2.3061400552754168,4.016087599460938,3.5366516900265643,2.8268187440678263,4.4687564152823835,1.124973526396612,2.5842473902352565,2.4997375082738897,2.618056426584313,4.164576077515603,1.0796854234371747,1.031617475735006,1.6126443146702647,0.2429443937726316,-1.8726505696169335
5.628707230540988,5.731901153751043,5.355150187757343,3.4513706606240855,3.278205136593643,2.7405640364565533,1.4298985795855936,2.3176074133552196,4.858281486812302,4.269873601459482,2.8063625206076126,2.503082258758536,1.9538216773806392,2.129627039294175,3.6455328489858054,3.088938076250941,3.693714228589647,-0.5096520983659241,0.8153555749537749,0.5676284892770227,0.23031934125048786,-2.8237539872567505
5.805605121496915,5.755425744002897,4.921018000913467,3.498101560317849,3.242960063947912,3.333643154416973,0.9782555007588776,1.7579805682332625,3.991546628515413,3.3876359083355436,4.616343549749106,2.2258443384994413,4.515295877864112,1.7985445309088286,3.5775816777487366,2.7154909097041884,2.617967175592025,0.013640961078505662,0.07373851814652602,0.6244243311832021,-1.2019046510995492,-1.653972661762818
5.684898444723505,5.640187228521627,4.263113124796791,3.8570577970041344,3.021504343796381,3.7837528907708995,1.4717319999250802,1.535464185936942,2.319148337717025,1.770257661971008,2.656377500054587,1.456928568730366,4.07184763084923,1.5162334269001663,1.7590917560666208,3.3191385765024255,2.1289234743531624,2.3307847759939255,-0.1461201022687921,0.896733563375192,-2.1936015076666027,-0.03750579551975392
5.805557831095913,5.562457977128786,4.138517761731831,4.085305136729196,2.9937268382292324,3.6082258598562724,0.9233288627909996,1.8541263850839542,1.9102923613201557,1.7869036339738056,2.8676652771661155,2.7310058381776283,1.9634437246959273,2.4481280009097346,1.9750773549859089,2.1341064843473894,1.1319268309132018,1.8473449442414134,0.38043960657529075,0.836586909590184,0.0684688490035281,0.4085362436079296
5.814912952291252,5.572331850804891,4.085067098881391,3.7450607588035973,3.2831863061158675,3.5704940362339492,0.8592713764872789,1.9138386562746952,1.8820581898770592,2.387870420286605,1.0603303863842874,1.5881218991810924,2.1273692170015304,2.5999805660924262,1.6831024412751332,1.9396744843825384,1.4589419530389585,0.6154893685017588,0.7552448238722842,0.5568543171651511,0.2774129919184726,0.6371380240549738
5.770249900846895,4.362992493075409,3.2373248376514057,1.1316005644909022,1.6384584931770394,2.2338549427640624,1.0898896357942485,1.489462811476074,2.3589771731710214,2.1503028957712407,0.39907486429646777,1.545942019076775,2.2542653981260057,1.7803225991507043,2.219748745978165,1.9582061820082384,1.0409727788695098,0.39811108663179445,1.037821357592564,0.9013068590693728,0.2796940509387303,0.43934853524851625
2.0687537298799246,1.3917964584222486,0.696590050834641,1.401043707502191,1.2057601497530621,1.324946724504977,1.56826940860902,1.3356119554045778,1.6384200394829107,0.9782925479351661,1.3133393720447675,1.0394891305278795,1.9806757231343932,1.2838907622070908,1.6397607201624347,1.529731590895602,1.1035507305182894,0.5696221043431354,1.7294405731561011,1.193700169266497,0.49582613028357125,0.6568668212803971
