script/wind350m.json
{"header": {"parameterCategory": 2, "parameterNumber": 2, "lo1": 3.000054539987559, "la1": 64.9999836372058, "dx": 0.5, "dy": 0.25, "nx": 34, "ny": 52, "refTime": "2025-12-22T16:00:00.000Z"}, "data":
[rows 0 to 23 of 52, columns 0 to 33 of 34]
-5.13314949648173,-5.26121324212384,-4.968255969200783,-5.4008181884103585,-5.18819701081894,-6.106570430679637,-6.9023773213215955,-7.7687542903446625,-8.354474172823641,-9.068624327034213,-8.256616725527728,-8.02791576753163,-8.336407134760861,-7.718182129758248,-6.1116241418685675,-4.49442660781634,-4.403488296442153,-4.963085881265169,-3.431556085573092,-2.1062575984716934,-2.39532858669062,-1.569064267547329,-2.966000950918521,-0.5691060208386819,-0.3784341493224641,1.0646072030835176,1.012307341911595,1.1776998827903953,0.5924763186170734,-1.440332230047982,-1.298196866357913,-0.06665051097733159,0.3810705810957487,1.1637160885137439
-5.932848144901862,-5.906528688001924,-5.125350849883363,-6.214031648965526,-6.727188668961055,-7.115611708256345,-8.318895909310813,-8.242202964959601,-8.051534054094429,-9.076199637430735,-8.391486636946814,-8.45370946163396,-8.407012708826386,-8.116780886612087,-7.437381349495935,-6.377606476101337,-5.885925940773637,-7.387703571521657,-6.243968305005106,-5.739615540851725,-6.63760101862734,-3.8222056098503407,-2.1045624166787853,-1.119218121165235,-0.751870488578731,0.5322511235230716,1.7960415660971498,0.07167959078742991,0.5294569619832806,0.199015430149486,-1.787963206424684,-0.5526664672068029,-0.005887431443007338,-0.8813824827264898
-5.953473093430161,-6.6717340967011936,-6.541075888106518,-6.468851300954556,-7.036606824112939,-7.861261601667283,-8.718688687983434,-8.728987022846688,-8.003054735284724,-8.359303703007953,-8.554495818456889,-8.458744992733468,-7.2812663234662525,-5.685767497584724,-5.9928954232478935,-7.209466560451026,-8.758898405660847,-4.858972054149118,-8.76590122557791,-4.790194241308834,-5.370371753709126,-3.474369299220663,-5.393837544533295,-2.6994410079631352,-1.6631066704473334,-0.03823220871667758,-0.4829723395470274,-0.4246943701836486,-1.42545985379182,-1.0340248228656448,-1.4325249886244589,-0.6594146332747273,-1.0897149680141058,-1.4303983810341874
-5.858682935262173,-5.465352255318616,-5.604131186412747,-6.824435758576578,-7.237132745371299,-7.973794373449664,-8.742261565893683,-9.476222392357036,-8.272358778931409,-7.846650444379351,-8.140599622202947,-6.444771321761233,-5.741635886020331,-4.713687640388712,-4.333108556581968,-6.430850626145438,-6.8387463028345055,-5.650619544065496,-4.807146342205674,-4.417640336929807,-2.329762368254805,-5.149533884198262,-2.6492243961570443,-2.8942721456458496,-1.4912138370535273,-2.4388158590913163,-1.635287705770267,-2.8771454178102718,-2.7885389743258195,-3.094936372886363,-2.2764699991817303,-1.5412904395053257,-1.5520345229295933,-2.305876429667551
-4.212440154938191,-4.555624905130527,-4.611902519115232,-5.756965456172491,-7.063978671946616,-7.325763379345514,-8.06865507203465,-9.1268484091838,-9.162815660813898,-8.346104655805961,-8.027556394234118,-7.011162906236083,-6.321321594483509,-5.990726795704691,-6.949376857467582,-6.25174978415684,-4.868535362625657,-7.378648611485254,-6.575208765141483,-4.922802046257839,-2.102569035272795,-3.2038770963911642,-4.120160885557135,-2.647058149431694,-2.428475361995444,-1.8894432674788404,-2.826257857299809,-3.517366278966038,-3.7368252802170097,-3.046112594127737,-2.316869432650783,-2.5485069702521344,-3.1983399613463503,-3.7266138811791767
-2.917565843890856,-3.230235092361588,-2.290651489151422,-2.678278715351019,-4.512975412483353,-5.444391512323851,-5.6523487965993695,-7.2882267721825,-8.473328064468026,-7.43678400104953,-5.876262580012591,-6.0251678450698245,-6.042563070085576,-6.93643661720908,-8.12322135580383,-5.834180815180499,-3.5297370982627094,-2.8297675175450965,-7.194124412249879,-6.304551709538985,-6.234180710824063,-5.283989531161215,-4.122070570618812,-3.214844758520253,-3.6665915621651903,-3.2403873400898604,-3.351798908592399,-3.49307590264213,-2.548027970100067,-2.968188023217237,-3.608889311698884,-2.7203972555760103,-3.9159565596498447,-5.570069366811614
-1.991567003983573,-2.37611879132638,-2.020988905080371,-1.3098183100508487,-1.6087163948088743,-3.5326874532217634,-4.448033602591646,-4.779874767460063,-5.8030623738415725,-6.148282088173859,-4.273964072239021,-4.574088243628604,-3.4485703127396703,-5.036122480809219,-4.923386764979059,-4.390146716090169,-2.924181065974247,-3.635017287745303,-5.569409105106636,-6.9672217348267775,-7.067099757667612,-4.423354282843265,-3.699513651869476,-2.376615490362128,-2.395767819998303,-2.1732102222379157,-4.25723955586903,-2.642698598576938,-4.068311293889723,-4.00082722214369,-3.6584137799994094,-5.35888441372298,-5.700858716660169,-6.318094277333978
-2.5980514957365526,-2.5658029704437806,-2.3867310807345463,-2.018458552833599,-0.8181954524933874,-1.7596505692202786,-3.293007968960217,-2.5939911017956687,-3.382816321578797,-3.0736420428606053,-2.8451719676864307,-1.8627764505722326,-1.8549883962099576,-3.5149301172707617,-4.527058015563341,-1.5713149825376462,-3.4016090387361064,-0.6631104760223633,-1.651147011167858,-0.2505426240601341,-4.794737800806639,-4.220076989291098,-2.5912840184872725,-1.5048611550281976,-2.7781625651733513,-4.114963164256022,-4.496325619386655,-4.8505094053806985,-5.463699938971908,-5.697445560686838,-6.3060697754625235,-6.334166812260712,-6.694864552177749,-5.093386722978529
-3.253685013334295,-2.9392387079697784,-3.5695750537881934,-2.435460737995006,-1.7724212808682873,-2.1866771769071285,-3.471703667788461,-2.8684606281284806,-2.0765696253772656,-3.253680937189949,-2.5798510686297886,-1.2227857510730156,-1.2923632065759667,-1.6147687631712273,0.008124962629775759,-1.8413030849207583,-4.06918162860199,-0.07871392075207528,-1.7600047232099445,-2.3142836573425507,-2.4186618959552066,-1.9861367871160405,-1.9651255261146876,-2.099674416040187,-2.4805877026071075,-2.6400939852808922,-3.821562295664328,-4.482126680618114,-4.438160807064639,-5.28961617788947,-6.281237448159154,-4.642408437924802,-5.391810216303435,-5.989968351048377
-3.5122300393294155,-3.6768653676245395,-4.269652132446049,-3.5258276534120454,-3.2333733286406456,-3.1885345833274155,-3.2750864043973382,-3.2694583697510673,-2.2658303566072613,-3.5272366684204144,-0.828776840233326,-0.9749093024298513,-1.6568170453161088,-0.7892978228766577,-0.5249189449454761,1.149018245869526,-0.5142089787885721,-2.6282079479323652,-4.317070680166131,-3.2627804939405616,-3.3121779930087376,-3.8598465763060292,-2.7084861663674875,-1.463498406827653,-2.618115355336639,-3.9348875020594014,-2.6911619617705984,-3.6569875019506473,-4.255463790829415,-4.30736652030125,-3.13073858851779,-5.552566855492857,-6.565365968299435,-6.723842930344798
-4.20814054006589,-4.534924787398789,-3.882358552117244,-3.7467461234764383,-3.029230050627083,-1.317973876628693,-1.3334778598723829,-1.4329285121265865,-0.4757811362581543,0.6326696618102544,-2.8388389384385198,-2.5802606144943114,0.13729468693683716,0.31995538551122155,-0.6166067031462591,-1.6170475197037504,-1.102048960875791,-3.101234813875739,-2.40830890264138,-2.267619744281284,-2.947518919577566,-0.9316930745994585,-2.8787760786635994,-2.723510326001058,-2.4952192904223347,-2.6169972358967333,-3.5988127301477544,-4.440249510591972,-4.251298102108552,-6.307431784798949,-5.3942972313316595,-6.257978476365891,-6.30587182458539,-6.346147599784466
-3.8641673441896347,-3.7049005472226884,-3.4357144115109466,-2.6019349974338724,-0.4969911771826241,0.39551953560746766,-0.4301634739845231,-0.38698096220883627,-0.2330966453369404,-0.3413554639682215,-2.814292588494724,-2.1371566712055414,0.5514654335346652,0.19138680475328795,0.39453551850516505,-1.5754171275025632,-0.5306833577304874,0.20702738914286223,-1.23793926652863,-3.736710385167171,-2.7340865444505096,-3.1178025228552424,-2.0937850758481424,-2.868079925572633,-2.0508241751020795,-2.5335799869760853,-3.010750344439395,-4.340073510816289,-5.68795649823662,-3.3675139793211675,-6.14534747477981,-6.080173361798403,-6.857542756854997,-6.6545045476982425
-4.7353899285130145,-3.3167018823523646,-3.1198696449761125,-0.8048202171516009,0.5170011930861463,0.3181032998204495,-0.406635211562512,-0.3973877177338396,-0.9156583575965733,-3.6818204927198237,-2.6830053213540968,-0.3038346397755929,-1.0461772288572033,0.1491490521092199,-0.13087903095881176,-0.7994642780161373,-1.2990975833791218,-1.88945664612026,-4.897852452520269,-2.408395038182858,-1.887364109579687,-2.9855774216562025,-3.6228403676039513,-2.6005067804724096,-4.46386059490193,-4.265984031398786,-4.241296596615587,-5.425524359483157,-5.805211655229305,-3.5490520564339243,-6.395418715472344,-6.119766320441431,-5.728951128009149,-6.0908729082948305
-4.640490989296096,-3.601530138530469,-2.858036813983425,-1.909529415122875,-0.7343592197381688,-0.1833997909741579,-0.19468009878902595,0.3460043816803732,-0.8302287193626237,-0.13119314199874965,-0.6696251788569717,-0.6668953706144575,-2.2583267870120385,-2.296682648338838,-1.1025779504704178,-1.600232619668985,-1.7828016555830377,-2.4508032873291574,-1.7721379187172324,-3.8896103429004683,-3.0056167362810884,-4.800275825645263,-3.251797455984193,-3.903968881949645,-4.766967031658261,-5.723992669832765,-3.642029573612491,-4.475208213665759,-5.129912518678056,-4.976823124149833,-5.798813076503672,-5.725890868203194,-5.454819437243424,-5.443887467611057
-4.5828185678798095,-3.1907233733411444,-2.7009944916164814,-2.2674478857586573,-0.9179640800659035,-0.22816186224910395,-2.4490425922015624,-0.8356904285807191,-0.9518756750160656,-2.004295326616364,-1.5837053112423813,-1.0317803138772295,0.44247474339685644,-1.6763910321160518,-1.1573806735845462,-0.6938935853235882,-0.7171804040249079,-2.1393195418711377,-2.7060621461027967,-1.5598440273306338,-2.278206789869892,-4.599883917230046,-5.111826382409656,-4.741876337884225,-5.066211076587919,-5.9069048772323525,-5.598779848001452,-4.351643866042133,-5.6305650616724705,-5.310459496648754,-5.692320136232897,-5.648995210824422,-5.582206485588972,-5.4496558097573615
-5.245442157702598,-4.133728691516112,-2.902686912453158,-1.711272838190886,-0.903294851555912,-2.2941857981749907,-0.9114729212569823,0.523972043927687,-1.4547619084681795,-2.2154373138469023,-2.5278666654016906,-0.29914241477055514,-0.8818072228355283,0.526852398540533,-1.8839633353355327,-1.7783559504291782,-3.062823584501377,-2.2679547765933927,-4.511790750078214,-3.1194566840355646,-5.06509345000223,-5.328965535478774,-5.450786597494447,-5.845718094449167,-6.590443306399425,-7.023425835537062,-6.651836063919983,-5.271234618542415,-5.387203526100192,-5.260579226143622,-5.4918381888399885,-5.023719182235729,-5.414983460430671,-4.701968667189365
-5.459788829183534,-4.140617016142149,-3.0421645759699447,-1.5301094110817952,-1.1864250073057576,-0.20604985752955565,1.6940227893015056,0.1360947573509079,-1.1307685165632395,0.11363270925694181,-0.7377950994438572,0.31730092448055314,0.040415911536043105,-2.375330403379249,-2.624369547905825,-2.897957141127175,-2.8141205596503185,-3.1889039034500466,-4.793266871266524,-5.690355419277857,-6.3716000019494325,-6.115906265789676,-7.71307417462177,-6.061685983520707,-7.41269334858858,-7.275841277620835,-7.476319122887636,-6.187368511518119,-5.188220118098811,-4.850055655273982,-5.656800170831732,-4.259064837551476,-4.859173388054828,-4.047381459973655
-3.8848161889359663,-2.4348989662195626,-2.5340911061965845,-1.9208247811799841,-1.8202275568643855,-2.5869605031562224,-1.4723122568145635,-1.7133940572896629,-0.31541075461776025,-0.5771483856554117,-1.5807408447129268,2.258096304774549,0.9786511050382924,-1.1564701281642054,-1.299323254841446,-3.193893705790373,-3.330975186576094,-5.009342338405979,-4.525944135874695,-5.295576885362775,-5.607163853110665,-7.389227616123678,-6.589292690008279,-7.679547059065496,-6.620540869176684,-7.876145860146564,-8.016983334918825,-7.05011262716797,-5.671474827719239,-4.0969934679773035,-3.5465430656173362,-4.838682173115693,-4.631116050061899,-4.510596446315808
-2.2392037334376496,-2.3013787461953195,-1.8980030967068147,-1.6642602350701952,-0.8708933980973188,-0.29889031278386563,0.06195380718407235,-3.2214127431667072,-5.63200139097013,-0.8028978169336002,2.699758609814004,1.5780206466899542,0.366440364228071,-0.7996425029235622,-1.1057247620056623,-1.0223783773920343,-2.15176604782156,-1.880158641236062,-3.73384860371927,-5.360904583541803,-6.295810406248202,-7.181316935057678,-7.244694899411952,-8.114494834150253,-8.104342311411148,-8.358204977133868,-8.24684372290061,-7.9424752895501,-6.404244891511399,-4.155517467695282,-3.5246269652756848,-2.0438038652468187,-3.2900395316095845,-3.7574700792396776
-3.293954916525078,-2.703255708235958,-1.9219216017120655,-2.192684980007376,-1.8082216308867731,-2.6691319366090887,-1.9031861362140083,-0.4322901047372271,-1.207381062807429,2.033394507501838,0.8128289785623694,1.3809345917325069,-0.056029595661177434,0.6965239334017849,-3.255485262050125,-1.2087338116103024,-1.8988635783566032,-2.6500813851423306,-3.8106850116446913,-5.265296013066638,-6.173912797547889,-6.8706194965492235,-6.646440342783466,-8.015848723926004,-8.019646961401193,-8.32907481162964,-8.460718234880268,-7.788247454069292,-6.996155523512036,-5.723685450487206,-3.7354530886336477,-3.520080376602889,-3.5020154714803198,-5.014198175664912
-5.824049702666205,-3.855743201611639,-3.3275904153187406,-3.8733993092450993,-2.9342384173544516,-1.210435427764908,-0.3432528843812076,0.028033995499418925,0.8284352322666513,0.6844772207159733,0.28639025008610774,0.30176791512319384,-0.8111016184947605,-2.4128773848117966,-3.7192219799794204,-2.65211174453435,-3.35202493217513,-1.780961843760603,-4.99887651863855,-5.098285566316726,-4.862965455936959,-8.142406740391014,-7.385838564084102,-8.975888066261039,-9.056174110239972,-8.21550572745676,-7.857596792722226,-8.25759178758131,-7.563913573752381,-5.886433359886794,-4.476291311541743,-3.4088130045434055,-3.8531575729201233,-3.1977703714270516
-6.956192852773241,-3.8295217928692056,-3.771600114904868,-5.099308207374999,-3.008611235204081,-5.364973835731282,-3.2128070495140606,-0.9667963719531427,0.11053506534855977,-2.9705342497838307,-0.6293063268926761,-1.0387528333381726,-1.5400560449295415,-2.316135377694458,-3.9266760108547096,-3.6921745160746258,-3.776702781665455,-2.422930815714804,-5.152451515228503,-4.472144729114356,-4.9733574357371335,-5.779438738175404,-8.105286213503977,-8.780596112955745,-8.163189196669169,-8.354735809766302,-8.181332509322344,-8.022740504728494,-7.191955101900416,-6.481854822765239,-5.184234532783292,-4.7648371603603605,-2.5784478713918237,-3.5809281049713495
-8.797256199669905,-6.5815277787148725,-5.0429213242698205,-4.875169631857398,-4.7231000897369615,-5.661606083560782,-3.2853137030334936,-3.0398766464713765,-2.1030763979891742,0.31341260283614175,-2.434526425087673,-2.385098058100973,-2.390104506785008,-3.267590660525385,-4.042869056421241,-4.234104270727956,-5.413492813260652,-4.095610388009931,-5.322324614321583,-5.470943070141718,-4.742919600259038,-6.184230987119563,-8.119032509978013,-9.160497178130056,-7.574806802665622,-8.210707506447752,-7.756403493588223,-7.608577965835106,-7.095810918346764,-6.386203915068668,-6.474751353651259,-5.829427477931103,-3.111460247659337,-3.2166644138328238
-10.150522106347564,-10.040561269119179,-5.613013408687224,-4.234046396034182,-4.6000640854393815,-5.597185647558152,-3.6007248109619856,-4.182939801917408,-1.757529540553543,-1.387965895449875,-2.6379062606147405,-1.5080294733121613,-3.1317920457754447,-5.1983484093065435,-7.351393461106581,-5.271858269702132,-5.676018332685986,-6.2767400352691345,-5.336898309160855,-6.320842093737233,-5.555289404280029,-5.79854864357564,-7.44477336458619,-8.899485950711957,-6.714377237308903,-7.654598353670446,-7.696511410482559,-7.347008587002005,-6.866461542149662,-6.146794113363972,-5.188761947133016,-5.351933931109683,-4.5541671302699225,-5.400430371546521
