script/wind10m.json
{"header": {"parameterCategory": 2, "parameterNumber": 2, "lo1": 3.000054539987559, "la1": 64.9999836372058, "dx": 0.5, "dy": 0.25, "nx": 34, "ny": 52, "refTime": "2025-10-25T08:00:00.000Z"}, "data":
[rows 0 to 24 of 52, columns 0 to 33 of 34]
-12.006013598016926,-11.974712026214435,-13.553794520591214,-13.027272924413364,-13.004859683573537,-12.624553196894633,-13.610398373082266,-13.346003720362006,-13.59129444080243,-14.0404486387986,-14.526877159507897,-14.500874056173965,-14.412939771273003,-13.725025414945376,-13.17402491026879,-12.464298857759823,-8.700563680494477,-5.874553058864508,-3.2629963395583887,-12.549528193094524,-9.781438419470359,-3.9916953487178333,-7.736623364005847,-9.931172872541692,-3.829057553401218,-3.5518090600553194,-2.0072751009862246,-4.2702922748275896,-2.866463567969425,-1.8392306981827753,-2.2019835785253656,-2.7710945629132593,-3.378550849958626,-2.801657652830648
-11.187982406935806,-11.354489964037272,-12.176262140478135,-11.912434580171624,-10.994000664347512,-12.110840050565866,-12.352517258947882,-12.785978216312412,-13.647023076958568,-14.296101608115254,-14.642877545151322,-14.77283912194012,-14.520912752468114,-14.017283360771883,-12.989755436210942,-11.144025245629953,-8.42586847384846,-4.437360371897917,-7.48676125845998,-11.78497337705647,-5.663677124908637,-6.570751433460139,-3.9000467214050216,-8.438047942259818,-2.037374323899514,-3.5784549836475055,-2.1101737459604366,-3.9795993970209675,-3.305747235141568,-3.209528664760488,-2.2370723001979114,-2.6054648250881502,-2.499021798572239,-3.5522730431983836
-11.019290630437945,-11.70140961431414,-11.320570109326972,-10.570931674929959,-10.63124759927926,-10.471576401230907,-12.027439215609188,-12.597654515505607,-13.168326839577913,-13.64408923786631,-14.057320071945089,-14.067496905875322,-14.119828291238445,-13.632210164219776,-11.800545355512233,-9.249865257084933,-5.475602806056428,-4.090218861497157,-4.194363379436214,-4.743391330296762,-10.374134143558988,-5.570476889549443,-4.601665920911087,-5.59883322083716,-4.071018912990835,-2.571263022230983,-3.4806751444231536,-2.858643176872564,-2.965804881160363,-4.764684913755217,-3.855307925493174,-2.9294670285210707,-2.91002607334922,-3.469948362508295
-11.366373025112924,-10.881012142368423,-10.356639940619829,-9.990681652835418,-9.407680154212883,-11.308313593222413,-12.248323938685493,-12.087575621574224,-12.452828068416089,-13.047376517452713,-13.650332091975235,-13.731076428209873,-13.307298129112448,-11.993857923988767,-9.65111214938738,-6.837893538351717,-4.107489791708529,-4.260709691477298,-9.017343708137135,-3.1120726734157094,-11.182710620193175,-6.585708181011803,-9.63578739524824,-4.69149738657432,-3.421209395514349,-3.335159518099799,-3.800895216441059,-3.872583651690854,-4.234088104438114,-3.7803150266280876,-3.8785808320316795,-3.710312190432302,-3.5964884152900622,-3.6350653941837106
-9.790197480851056,-9.590105042331126,-8.98741386866706,-9.18243527151775,-8.920617754835252,-11.442588284859735,-11.32472306867108,-12.002959740103526,-12.818249208917871,-13.18760366437551,-13.462154260997108,-13.155300084214003,-11.673809331137923,-10.063504499947259,-6.389823070904178,-7.527800305832217,-4.980550642041298,-2.917260916462553,-4.417980401768937,-7.8426486808952385,-12.790795934665075,-9.858202297557325,-2.805031043653521,-5.384372325434997,-3.5928448769675705,-2.908316821050466,-2.9349854983982855,-3.389490817526935,-4.334206689461837,-4.333152114110922,-3.7480984440485123,-5.051198776313129,-3.703214052215768,-3.7427092796035932
-9.067664131024856,-8.198414012828659,-8.060781780860689,-8.298352042887723,-10.516854048083378,-10.537530992003632,-11.628395020336415,-12.0826975538521,-12.628146530433266,-13.0084712833737,-12.750744148112906,-10.602111662907909,-11.899363225744661,-10.09035933855679,-5.024682404892808,-3.739427380666869,-1.5261696414433479,-3.6736102810358098,-9.915592328881765,-8.503435039444152,-3.3532012602506853,-6.0371871702316975,-4.53777107209903,-3.535685471857805,-3.417722533020048,-3.372316490964007,-2.8320913685007576,-2.7745113588003893,-2.9383007367432015,-4.481694869132769,-4.277682783002114,-3.6678726063017577,-3.60861501288763,-3.25016413884861
-7.2603814681300936,-6.218671740413404,-6.8967318499769155,-8.873311604674228,-9.698664223688393,-10.262288482283752,-10.845341425572556,-11.210071615433218,-11.800796243474148,-11.494589196718243,-10.788594674784084,-6.281127076741906,-6.9763822085786344,-6.5658318507696265,-7.228544781284194,-6.80155227680024,-2.4380572879262616,-6.617889612190839,-10.153366460433054,-4.535732040776764,-4.632284908649244,-3.3399468843423565,-3.8803231716708866,-3.0398669194709096,-3.680227058758851,-2.6719911319122764,-3.619746406237627,-2.3006859689108574,-2.9985473994115677,-4.686880862278276,-4.102000662628352,-4.319135226115858,-4.015991484351312,-7.987633854019053
-5.962958764700005,-5.414247037601438,-7.227495248169732,-8.705920662034599,-8.637000639827319,-9.12746743995677,-9.124102770777235,-9.175056711140817,-9.350968290209272,-8.67711281038442,-6.486631720509396,-0.7440826805110369,0.16202439833305077,-5.207378812580713,-0.6130350012382292,-3.2684397016633264,-0.9542925427256475,-5.667195539885276,-7.054007943806223,-5.189194157157044,-4.801668528269091,-3.877204920120031,-3.0324884925911846,-4.37663534907685,-2.4293202416391866,-3.1304712203595733,-4.167593239509678,-4.1977977012926395,-3.4281926745334945,-3.3571516790676426,-4.906035377317837,-3.7746296295515447,-5.6207869365762875,-11.91512635809195
-4.779019036696372,-4.886667249852342,-7.498034757399836,-7.629073731689513,-7.561055124716742,-7.614562984399065,-7.610053544659523,-7.71886462086005,-6.64509785587541,-1.5429752667929437,-1.0111388553517984,-3.347830171230491,-4.853619063471658,-4.954700463734075,-4.4368768324947085,-4.483159743832663,-4.258886417213323,-4.190287694121976,-4.44991896878144,-5.545893712873092,-4.87979063724052,-4.131966878260614,-2.0317195776616943,-2.6178961334404156,-3.159930478390408,-3.2313987703705,-3.1994608835088867,-2.9334810649149836,-3.313796511830966,-3.8745227301582754,-4.510372018240847,-6.258377888600082,-10.470672739257978,-10.496317983427025
-3.3088403995879228,-4.556087279386029,-6.074185212696964,-6.8798696730163575,-6.714054988570377,-5.729061525128217,-4.565382522015128,-3.097394485235553,-3.2060177203270452,-1.5296133899735858,-0.9286818249174431,0.7717199184317564,-6.922597141560035,-0.6014317275235713,-1.655096640283083,-5.8899238317910365,-4.018278491137119,-7.352675028838798,-6.559040383365208,-4.1511955728028855,-4.724674134443184,-3.243226478040541,-3.046289272161901,-2.5388535874788745,-2.6449014037800063,-3.5988687491664626,-3.01121214006579,-3.702988280079141,-3.8045159367409505,-3.4298416517666066,-5.063262368894993,-8.75659358698551,-9.15065040196815,-8.930946304419212
-3.571614477302382,-4.094359333329793,-5.3940161831840285,-6.267386550320865,-5.3784772516824075,-4.09915183041206,-2.0178480571507054,-0.5295004100183596,0.4585920950004241,2.799921932771166,-3.161829502275705,-3.0876238040947355,-2.0115532152880875,-0.07271389514065119,-3.7520199801677987,-5.260531922298006,-0.824081425603973,-2.759773461181152,-7.935298072545549,-2.6021647225700466,-2.863585041448083,-2.158234025329267,-4.304407984038648,-2.295093738792882,-3.787841963768135,-2.6842226171381602,-3.048467593520603,-4.151358716406583,-2.895897178958764,-4.660081747421241,-8.190388850557152,-8.442833243028543,-8.65996024221127,-8.598847708960523
-4.249858357579671,-5.095005040090166,-5.585821516927903,-5.232495741006504,-4.092653986927143,-0.33648983500440194,-1.3789633878487633,-2.521385980871512,0.5278950504267985,-6.671512667335064,-1.2862937937745405,-4.718253230172244,-5.1912456123375055,-2.0526015140022746,-2.5206975256651516,-2.0115305745664345,-5.07870247448172,-4.857398278277864,-8.262332460573713,-4.594245987610493,-3.5683027391324424,-3.497787382288223,-0.2777659092159722,-2.4246820440228203,-1.0432379394830311,-2.287292491802837,-2.8930994152723435,-3.270277328761109,-2.6483436422913544,-4.353217670430832,-8.056655327227292,-8.253248539408219,-8.081124168006944,-8.298964991373884
-5.817624395349692,-6.22174802565029,-5.351318314613333,-4.198797110763009,-2.4162038851427106,-0.4319840540128246,2.1650483964229568,-0.8021170860687041,-2.0383065267577893,-3.8513479026821327,-8.113353663757891,-6.099626520000063,-2.792067823285263,-4.187268809284312,-2.208144736245364,-2.6902405298088157,-3.5798008113734356,-2.683025508300891,-4.347207748147761,-1.990489375918615,-3.4538263701445513,-1.9383314902060882,-2.5911639561088307,-1.8835669295359996,-1.9294833516299201,-2.3270764472499663,-2.8601431168296654,-2.856213813953691,-2.386287185205104,-6.804257983531458,-6.698858743355731,-6.4444245962362885,-7.2330046048407715,-7.825994859430501
-6.496494728477975,-6.200566493484301,-3.897795538058024,-3.3437427751281743,-1.7586529909487636,-2.092480090532412,-2.2005642357113397,-0.6718763142418688,-6.403528520763865,-4.977103018585828,-4.638190947133791,-3.0456461224814437,-2.1325079096276283,-0.007652580736821579,-4.718535651788208,-0.860819773991449,-2.4421601876206136,-3.4174875106609663,-4.646277478719325,-2.5126253530829716,-1.5380563314766984,-3.3107409183999836,-1.3624326533152329,-1.7957959995286656,-1.8094446167310807,-1.6419154497980681,-1.635406928266374,-1.167882339001532,-1.0278049236087554,-3.047807160632077,-5.534748208598453,-5.56048432726273,-6.957602606701431,-7.86784548769791
-5.951000895524744,-4.752268624888381,-2.1489610435316147,-2.8058731597816804,-2.3562434491094755,-3.0651976472583677,-0.4334990850976754,-7.402661196502035,-3.3245459509518236,-2.759048548328964,-4.237973175238254,-6.426967719936352,-3.277597866233673,-2.1730952572191518,-2.1420902565621724,-3.6790854496975074,0.4037730949155622,-2.202397812645395,-1.4004000965720511,-1.6897770402297358,0.30388361061327224,-2.035800090524396,-2.1556060658970324,-1.775100091995773,-1.0291854997280823,-1.8932698224653357,-1.171281823151422,-0.865702802567048,-0.42191329531952865,-2.3834331904767754,-4.356089913786256,-3.901556899019819,-6.161080005382255,-6.445858648232925
-4.614738353101681,-3.8538429007125616,-3.394964569266368,-3.5105476201088677,-1.9377961708893316,-2.2611988100938065,-3.4689779198544755,1.97323763527454,0.3818672217285489,-3.848508395415967,-4.015023019784071,-5.269490455262101,-3.225360638245937,-3.2765010123629605,-0.97963301735815,-3.808977059068211,-3.138833023901489,-3.2166592097242557,-2.4473208401365576,-1.5523102922073357,-1.518955331861191,-2.1294581655281624,-1.0863359315062067,-0.4507015310330617,-0.2782354121534256,-1.0980265784606562,-0.9911376563281368,-0.9689629721628371,-0.6995781041050979,-1.668318584590768,-1.9966428953417958,-1.8160372671901879,-3.186966008655203,-3.5577204638070143
-4.071895185040281,-3.6496237773745017,-3.6675164880869526,-2.9344991829020435,-2.7980524977915207,-2.1973157602976108,-6.1582660336885935,-2.5282358480082188,1.9581631452615234,-5.1032111452391415,-5.088064079557847,-4.707973495691707,-1.183100935446724,-1.5041914860591665,-1.9673846363242147,-0.39421221298537584,-2.495707664705033,-2.0591317773522047,-3.0169901150159264,-1.5650192898730273,-1.3598160928348175,-2.172866152160988,-1.3072846443055506,-1.4150157250519402,-0.8717957672938487,-0.5409335808065653,-0.07614316386737148,-0.5472693851102248,-0.6021903052901977,-1.5535249153488724,-1.1960599038132889,-2.0776747643586866,-1.1872071277466236,-1.723870155401932
-3.9586720049259694,-3.46341226895017,-1.9889250243416192,-2.67193821815355,-1.774499157882712,-0.09702173644451477,-3.731242080830238,-0.5808899334993545,-5.4321047174040045,-4.754577192917918,-3.4210224087628394,-4.995569790577766,-1.9055516993498436,-2.231449194416417,-1.8118274038299196,-2.4551350899274333,-4.846383541792527,-2.0352092483756197,-2.1113302537973953,-2.012342676720875,-1.3000960347574861,-1.4676630278936007,-1.262048115395557,-0.6891678927845082,-1.0658474818648904,-0.7167851802791739,-0.4405155183828458,-0.3581463579104277,-0.20193562000004972,-2.2329575401394925,-0.7135541841833808,-0.7280062674197388,-0.5235914255280422,-2.286194949687726
-3.940951316817105,-3.4293939457028526,-2.4609018633169737,-2.339526825667936,-2.2395527925775007,-1.0051263603851162,-2.6095133749532047,-1.4974226240010178,-5.3937739779639875,-5.90228604806781,-3.88643210650373,-2.4108123528826484,-3.3602077046013323,-1.8058155551465143,-1.244755359965441,-1.7837153332560884,-1.8892632152666948,-1.7737263987101055,-1.4055022162762756,-1.7216350313253872,-1.3904948488881,-1.2772138378068205,-1.0694291316677729,-0.9251796622003271,-0.3754341357036349,-0.865064227302843,-0.6842289858971848,-0.6684668002670476,-0.10752851576022572,0.13466589730732703,0.20874048791456984,-1.1981667085552212,-0.8501705161126631,-3.1751218034164816
-4.37919882079451,-3.4222395959670253,-3.482228220702578,-2.779068144710754,-1.6259265618903456,-1.528967531565441,1.7777829218756391,-3.1217425019600453,-6.455534157547751,-5.539589761847394,-5.62976703723818,-5.338782278692066,-1.9399112616837968,-4.154029552258393,-1.9465408296348288,-3.5425805971460615,-3.080703245560025,-2.4026190317424176,-1.869786084307115,-1.4333149262012232,-1.292173239160481,-1.7511027811183695,-0.6744493303057639,-0.1739579913964095,-0.6184019415799656,-0.1362000081444766,-0.3917563497050716,-0.6084117081551111,-0.5716043354424195,0.14846223683623028,-0.18322869101886824,0.3831425214872241,-2.132988176083228,-1.0142514477418254
-5.464271115436872,-3.8658036384740564,-4.611338276757038,-3.5116737929179855,-3.017930509829739,-2.137424199769412,-0.9113679000569208,0.7774652401814153,-6.056419571855158,-4.193412709878079,-5.859647134045316,-4.729526184238691,-2.5845670546263295,-1.3957896746642664,-1.9145613698214632,-3.086737148054294,-1.9050228584811075,-2.075380726292279,-1.8142692049068365,-1.5911233107099818,-1.1211948896760013,-0.755012007642241,-0.9546484984662726,-0.48218947263731476,0.4253983281290117,0.2265669841100292,0.35852364977777407,0.08660400391507769,-0.5113477517206452,-0.14833693446856655,0.6062947435193813,-0.32426379380940634,-0.1595009337532195,-1.055937352056476
-2.3143099297842027,-4.025551238738622,-4.75648176852839,-4.794541669807943,-3.499653658816409,-2.4542073109524574,-3.787025322255351,-2.877138176310542,-6.038522385200065,-1.3925517649233816,-2.408125682906631,-4.990957960606457,-1.8792831226944147,-2.4995939507670313,-4.554896104708928,-3.125126874733668,-2.5644633434404476,-1.8156825321645833,-1.6914991127936088,-1.6600965034230406,-0.8747238662327351,-1.5456262581325915,-0.4274657852347294,-0.7453584189511067,-0.3353915375001158,0.6808041937426942,0.24992677861423135,0.3179089109047687,-0.12177686258572054,-0.23692661167558599,-0.11484985896790217,-0.2999915230618667,-0.035695864060571486,0.1875729742429357
-1.7505878941977333,-2.766677517727138,-4.503070081226713,-4.310133593595866,-2.493517381472306,-1.4671886969159722,-2.312378952577087,-3.185640620293151,-6.0943052110197655,-7.708427664395602,-1.3253099688294414,-3.686728431189137,-2.9979777519649633,-1.3450308556206154,-1.6566534826181964,-2.2609599621035135,-2.156507220253826,-1.6643640579951604,-1.5157638165473957,-1.0965188403608612,-1.0568489338616287,-1.1871707377821374,-0.6870411300443863,-0.7870952145558857,-0.41168904407296936,-0.2970888832465386,0.5535414420507874,0.8673077651146327,0.28549673487529387,-0.14778280782260222,0.25718279813308204,-0.08607373927464537,-0.4655737644896974,0.17216541145199432
1.2534969730763175,-0.6692594215407778,-4.419986267431501,-4.155498850087846,-2.7284811028399782,-3.365186755001057,-1.5685466053593162,-7.9881480747956415,-5.9146327737527855,-1.3718020044444814,0.11827411503348315,0.6500939678223675,-2.5796218154807775,-2.1720667469445196,-0.9704801815959199,-2.171715251003912,-2.497513646136551,-1.9015844042007044,-1.9593019036645705,-1.4193641092797784,-0.5300185674052945,-2.403385844114652,-1.9792263287796263,-0.7561944977941435,0.016022879115855797,-0.2183231910347759,0.7570269971382257,0.6180416470997604,0.6581821525731628,0.5774796221391706,0.904698949504944,0.3118171883458136,-0.08435436432860016,0.8333646105323317
0.4304024260824898,2.23042882513087,-0.4567853463691683,-5.585615293567171,-4.319129164456708,-2.8426810393685167,0.6505706035209373,-8.778622726840434,-5.892553569367296,-0.8814050120145809,-1.4057756886640889,-1.3689786798551964,-1.91771144816659,-1.3531463358119864,-1.5816400923270424,-2.4113069819758173,-3.625393145070619,-1.3319823219631597,-1.4731872020048231,-1.3320803479394847,-3.204035502703636,-2.377749007844621,-1.1220267701500373,-0.4281944899159774,-0.6457537174525743,0.1870812990642352,0.6240840268910176,0.14679414609272298,0.4217932349107148,0.6186145762739147,0.8101932924872605,2.432817826445658,1.216953955566377,1.383934973302984
