script/wind150m.json
{"header": {"parameterCategory": 2, "parameterNumber": 3, "lo1": 3.000054539987559, "la1": 64.9999836372058, "dx": 0.5, "dy": 0.25, "nx": 34, "ny": 52, "refTime": "2026-05-15T12:00:00.000Z"}, "data":
[rows 24 to 47 of 52, columns 0 to 33 of 34]
-5.969599704993315,-3.8387719401626628,-2.334662186926272,1.679271349780062,1.9835983649155542,0.38945744714986913,1.6231277471958026,7.8014320538927,2.7496105035818386,0.6265214254821737,2.7810260202829244,3.3934482404186896,4.897970038975676,8.819130143769456,9.036815100253738,12.663793108839744,10.109186957823123,5.409348884016184,6.234758348616783,5.852103124232044,2.850131327640786,4.424358562142441,4.208477052173381,4.611122110211075,5.945776656637367,5.334461560385708,4.736681932942693,5.393139679159871,4.578314028107983,4.096961339677938,3.084184912233243,4.411824135937775,3.5334016635512024,3.1908453213841
-8.28675691867746,-4.185456007607709,-2.1777017945037196,-0.31486997372010805,2.7793484232835954,2.8742324089864,4.357738746196006,2.106953662295945,0.8189845873335851,0.061779903775132226,3.422389329524701,5.066475440351461,6.6785687753668475,9.47630028957219,12.244076820328761,12.25702372869148,13.363670226337572,5.96002130794197,5.920753725058386,5.505632514172188,6.850936014181243,5.133263209478867,6.222435186342702,5.1368416209629455,6.087622245195518,4.44527574561688,4.291678736845663,4.684576798788122,3.301260479316765,1.9325320576087759,4.441469062849172,3.0382205845711985,3.0366379119582416,3.463068264205121
-4.941121008611122,-2.548060728249986,-3.6629074320334887,0.02338935583637035,-0.5056718530468458,1.4033504807826718,1.366176075317927,0.41678668408753555,0.8347649513136787,2.570617337473325,5.882483132551874,5.5762739245442114,6.767087976972754,10.160044275632524,10.638125832162292,9.869227829741853,13.489225113004837,7.385500076987989,6.562502769089068,6.3361612929624735,5.52443913415779,4.62976944372841,5.721053635639774,2.3471295722101,5.381206572411567,4.676885472015211,5.098803941596126,4.995640864645904,3.4774520126442563,3.5144295639727074,3.1004380554466335,2.909669282261439,2.6959018373712986,2.788347043561796
-6.968014175494292,-3.0023603223731268,-3.7392226585858293,-1.886470724296099,-1.425793226152813,-2.081608427027589,-0.9106287947054488,0.32105365539678704,1.5016392646963048,4.296735294339577,7.11697433763526,9.559544187453021,10.709812361192768,10.74078057519716,12.44029212711759,11.861924631022355,12.761368289340384,8.397572391456983,6.622745816402286,5.173456922569307,4.686326599891593,6.437387768769953,5.537140173792121,3.295079788233277,4.075698262973169,6.00160017737564,4.927286111705444,4.825461054901027,5.040381104747509,2.950792978408904,1.8828213114525545,3.534978441673631,3.3295111006861777,2.558165470343015
-9.791331310329474,-6.66518867289802,-3.109001131935229,-3.138422352794359,-0.9444105497225487,-3.3639696724611197,-0.13949666587093018,3.600730633482821,5.786723959268281,6.167855601335158,11.360880439485937,11.925951946432525,11.416381847356016,10.00673252553184,10.838052576879122,12.15223911271757,12.211474495877948,11.396025150764777,6.472709871477434,5.9163278253209395,5.036747050061303,4.312279812055525,5.55333006423282,4.2384546560655805,4.644118333575269,4.05944759862681,4.6221867214428505,5.5060818586815135,5.032740422429126,2.9108568625760167,-1.687983956698662,3.901376869016142,3.300410620685616,2.22564405243308
-10.737471539508883,-9.515022165259605,-1.201484762204476,-2.9342297845635117,-3.0417807015714655,-1.872967885529411,-0.7365174724482202,0.3891452752427591,4.494308323008268,8.568613585010434,13.12627433485732,13.699538708830795,11.070210894552785,9.673460263042072,11.794819494743795,12.286141745999254,13.419420364979327,11.93885097052368,9.440345928691881,6.412131070874531,5.483129946401063,4.750353425312682,4.187419978245592,5.453842465384862,4.06179662848745,4.4161447453810485,5.234238125827806,5.328084208344501,8.349812148883471,4.504718504469456,-2.1656246425674173,2.4715827978133738,0.866357911123584,1.5257522058981607
-11.003397204603989,-10.947729748641988,-1.622633334771398,-2.7908458527147384,-2.8865078357000584,-3.217709125035584,-1.4755579386900177,0.2519744352158592,5.534962146045923,5.784200146949137,11.684649587398175,13.24255583622189,12.297128652195179,9.149722432412727,12.351873933646152,12.953581395385815,13.081060709778551,10.880167262520548,9.3758847377775,6.73305673273387,5.582988607451207,4.181339927813133,6.116649140742391,5.989874524673996,4.924910040691062,4.843319778112396,4.625135330760451,5.205429935509971,7.149014792771331,3.8301334436903884,-1.740820672040602,-0.02040472866072909,-0.6377919380297126,0.6493585508921559
-11.527525455354525,-11.154750564107895,-4.569660279975264,-2.84524410096959,-2.7625235135773654,-2.89656851127586,-0.5916324732078287,2.849622178779956,3.412894590200055,7.391299421197663,9.773678793891468,13.77208130018443,13.360329909680777,8.035190512557255,8.519476563221113,14.157972303900086,12.564236235373604,11.015909218526206,9.995085473030718,6.958930038755843,4.586045450800956,2.164445101025807,5.577782187032437,5.21217945645164,4.977280278906927,4.027970979320666,3.7038011073064863,7.761914090578843,4.583773499973397,2.2050521295063357,0.03928739261614262,-1.0623400007623962,-0.08092009367325023,-0.42264320370342445
-12.949184997599934,-10.817953791215848,-7.355995252326291,-4.613002540517868,-3.2307677175299925,-1.4672831745961779,-0.7490527733002075,0.3400400136761939,3.6723253709934025,6.3292845841637835,11.020684294723035,11.67995745051328,12.262418807237571,9.794774407362796,9.480170577167623,12.661193502353065,13.235247895522754,9.970462732608514,8.219892509296926,8.60427920692795,4.743996696959018,5.730880920443496,3.827866116018423,5.336551368304819,5.163577082238759,4.477508403606941,4.145234116271216,5.45744081408399,1.48642209207533,0.31830648621758034,-0.7421672578266273,-0.17036122595132433,0.1841659243293978,-0.44181894976353947
-13.465853961747591,-13.596974341372905,-10.16435777281701,-5.7604467358414055,-1.802933717449861,-0.001592989314793102,-0.25649228228080995,1.78040427564866,2.212687084748789,4.62650170581748,12.327651200538607,11.464501601999332,10.222592731161221,10.686362953520135,8.435735694760808,11.317050882689069,11.91300364600205,8.867570666316858,7.735630758493703,8.981917445766971,5.392414383980244,4.8653108274339605,4.6155734795586,6.100440830009334,4.0423470717319825,4.000385824154298,3.4657292854928405,3.3554825015207266,-0.18573831020096504,-0.5563645787718288,1.4454607284152718,0.8692007908982755,0.8624914857191958,0.7111020950833014
-13.580105011523427,-13.30773158303488,-12.912914939482683,-6.8806260578874765,-1.6775557702619515,-0.23309225634520608,-0.13333784222978892,0.6537583510391628,2.2772328807818414,5.641381557302126,12.753641755308587,10.716510646672209,10.486260210791396,9.892055063193322,10.396545772708448,11.561002500703252,10.75672110800486,8.851120024435932,6.361971138709062,7.847570218153508,7.05031285018087,3.7052339079076835,5.364881832697647,6.255677059483433,5.212857743288976,4.05390445276386,2.0829252767808826,0.6786847461738166,-3.3777815652238314,-3.7844620923432166,2.966227386761713,3.859362564199301,3.1536379816532794,1.6643454783183589
-13.636181855967967,-13.245439098328145,-10.461708691564269,-6.306080465674972,-3.0942031412103987,-1.4169517114177188,-0.6738842776924657,0.5182659838545237,2.7059835269457113,5.614919759710979,11.778186968251466,11.415617917085665,11.610967304061024,9.773741388976443,10.394072820909658,11.419551838385509,8.90845076050985,7.9828638883966585,6.047038413201682,8.293181661776819,5.696755758248051,4.372382638446293,5.495973287685102,4.634598665453256,5.301053339448827,3.250832595851608,0.7125398244961706,-1.326344349676921,-4.802362349635605,-3.380041568052763,-1.6156158442214759,-0.5249721742598189,4.236270108768595,3.3100239892082794
-13.76803418332713,-12.634513162191231,-10.432645557382095,-7.584347195161728,-3.958655959588779,-2.9889652064755587,-1.0641565420209034,-0.6408557644019294,2.9328817311780244,6.628444085737506,10.335390558478224,11.991382900367954,10.95874268468455,10.771833779896822,12.161883687721513,12.861986639451905,9.217165990895483,6.8740564551783745,6.595921463655211,8.434491745159175,5.504129003805794,4.223828567479258,5.497692929986153,4.490861942425678,4.560252873692564,4.938861160872295,0.9494662952915573,-2.2945805385183182,-4.391326315814543,-3.9603697227693235,-2.5776828706479735,-0.5982028355412868,0.059186534129713704,4.729725889345807
-13.405906655318923,-12.919817065144237,-10.805338529364317,-8.261366812100958,-5.050153456267412,-4.349562637614385,-0.9627790356751846,-0.18962488986626783,2.022429138794156,4.533962895022731,12.305223802573655,11.635934766314758,10.514605960736224,9.410090729888463,10.6591142858832,12.263972146618872,10.17027437274911,8.281027277354351,7.0349892939210035,6.473509468016262,5.469695167575143,3.702286235949144,2.25694782521178,4.0279257683028336,5.000742841954394,4.96967352962644,0.9798762225954114,-2.78640119537307,-2.4368695744907707,-0.37162599547130126,-1.9723228346747812,1.7087513865330495,1.4664103851752703,6.286407185161851
-12.79916705590326,-12.046479394589776,-10.88261061640214,-7.944544371719459,-6.581971293450679,-4.488633289610238,-1.6233386982793556,-0.26025619969543884,5.133227350504755,6.812492526832148,12.034110195502834,11.19925197527768,10.156082506644733,9.362414291298334,10.13803533783171,8.52050964423652,10.97033714628253,7.2548657748371905,6.4335510044702495,7.416299350967759,5.107438927978392,4.235541281745588,4.367805246877098,2.7161372072047896,3.4821556648266037,5.90710473029729,0.9228691020350519,-4.134423651928618,-4.46838586855109,0.6429435073186852,-1.875173365847094,-0.7380012296346967,0.8223548381597433,7.186675308631579
-12.200169998802458,-11.188458587040113,-10.309054342749539,-7.822091058388854,-7.277129375734224,-6.1755930096294955,-1.4199885125876774,0.5520610561378616,5.101926873537996,7.771950870565182,10.680155336862969,12.920750046682691,9.130733505032627,9.106627556190436,8.198250748832026,7.1383158186552,9.371196396976515,6.527302970848099,4.055083521529947,6.7384181668662535,3.592429926115746,2.5175723132485572,1.073747127621006,-0.1982128961502553,4.1360276754702525,6.943405516039211,1.2328001863391227,-3.179343467550145,-5.170318530506852,-1.3541966580452605,-3.5816963651938716,-1.7474289850148002,1.1884599540925713,5.115569811888691
-11.59053142516566,-10.395841144814328,-9.301782433568084,-8.048007548861568,-7.006910370385932,-4.999567887351852,-1.5488013625679198,-0.5100063992004473,6.217448586375791,8.689704254374137,10.027644847789318,11.021082614784174,9.301659369565387,9.871198631385777,10.407644471261824,4.1001851884183855,9.011262321292715,5.308209360373869,5.595825961547839,4.94802351088494,2.0520380270713745,0.566754820914952,0.6886025532976258,1.7185574363523664,2.870489932919397,3.5916886075793197,-0.19744435134468172,-2.5563030683246386,-5.321783632323422,-4.36010248442743,-4.616279032005763,-4.0213664671943965,-3.8666595002895714,4.391452821178774
-10.942766417665398,-10.627523486031686,-9.242008383841226,-7.329396090904093,-5.615918133277494,-3.627587823328152,-0.13325781518156476,3.1824743104786672,6.389762557583161,7.175088970467872,9.147946649256726,9.81336368434591,8.15126158290494,8.05502569813472,8.349618365506005,5.339393085462159,6.785548634282061,5.371413422122408,5.348401403847869,2.140983728847124,-0.2881787508325661,-1.3857236736209988,0.14788332103411472,-0.28537305915886746,2.053905814847199,2.7944684043623935,-1.0104467150841498,-4.277270044360249,-4.735878981361515,-6.064158469123077,-2.6026641153933836,-5.348171102901074,-4.21927000449708,-2.3770403154620876
-10.554957755298563,-9.76514543459424,-7.689330411406787,-6.071756235782403,-4.301658515097435,-2.402310821007786,-0.21757332081630498,3.6341878338385314,4.907270383625172,5.954688996502617,8.493833944616961,8.74349558239212,7.0724621511006855,5.856543297312077,6.0777868268421535,4.753327305721054,4.371301768943872,6.774300594374574,2.366342465326843,-0.9132331810286619,-2.868813034825641,-1.2479158547079747,-0.32243635391596953,-1.2917271027552277,-0.7250103280520852,1.8094483887433237,0.5179349935463848,-2.548345080896474,-3.5858392865437296,-4.562067350944977,-1.4434027686868247,-2.8052892275595265,-3.364349465106351,-3.0060340755508825
-10.027928121292698,-9.474743565195013,-7.149254012232841,-5.4915850395843275,-3.7571829496593177,-2.3055394333835477,0.40408091418868053,2.2654775127339937,3.3255398801961262,5.671354966343331,7.772677594372721,7.151757222092397,5.655432357109857,3.962177801225512,3.8329729756696294,5.312061647656893,5.148368380397647,3.119418101906243,0.4085678117718288,-1.9652117613694429,-5.128762206191411,0.3820297026614154,-1.029897884804881,-1.7705754385297257,-3.1743272784247862,0.792822130609331,0.12283653723232174,-2.2486983723796063,-1.8265255532234288,-1.4327541037124814,0.12894921395595255,-0.45588795417118005,-2.937786980709599,-2.666346576905717
-8.951359660981659,-8.637997880368076,-7.0972089847587725,-5.924359877615846,-4.065107973883983,-2.0197104249058717,0.08463724005175356,1.2117517690071529,2.042363859777806,6.324380873372912,5.3895382330793815,4.662931357175604,4.610361547408459,4.16103243668671,5.382277927490379,4.932254597774963,5.159533403439082,4.898123031698695,3.1175960141452204,1.3471943791462104,0.9238405631728815,0.6646710019785977,-3.3269505652748017,-3.437536614517479,-4.289659037951896,2.2224110719990944,-0.2413119644906518,-2.243958178147591,-4.261021737997158,-4.26003299619226,0.3261320262368579,-1.364889742576765,-1.7378801559932955,2.53433968574138
-7.587486948700072,-7.1176094962405845,-7.212570186681833,-5.62575460426081,-4.420430983826241,-2.6429563532245397,-1.5571581645367503,-0.20432596848969378,1.5040730922661831,5.050854422021331,1.9843559478600779,3.6687651347820576,2.9305210780597535,2.7425261177114697,4.881168732214097,4.509338087449042,4.291335792561307,3.80022641724148,2.8240931095344046,1.1080921152566123,-0.1121180091409715,-0.4825089403388356,-1.6828768688906128,-2.957510633393429,-3.026829256943588,1.5662107883093583,-1.1847043733819602,-2.4540046694331195,-5.19153272789204,-0.472464661317129,0.44707101451424824,-0.6212021345909031,-0.04517293883181084,1.9717864924604238
-7.850856449961764,-7.613634006817886,-7.2026406181799425,-6.544395959376982,-5.552041648633239,-4.30702449478429,-0.11441013853052087,0.5141728872585022,3.506359060104434,2.581825881748844,3.995587653390545,4.384034918250735,5.028693774528117,5.552870177259465,3.939082899599561,3.6420091338959626,4.014912342285005,2.0802992936930234,0.11614271808185846,1.6504204540417697,-0.4489261007283184,0.4710171723680964,-0.755823870185345,-0.2259456675190819,-0.3232970773356361,0.608842834438734,-1.9788907440410533,-2.359040131492161,-2.635947878482768,-0.2178517539483611,-0.8190773934354761,-0.9766313708919228,-0.2722692120702439,1.774440592716778
-9.130749169346657,-8.29146949485509,-8.022031096569066,-7.285905969435221,-5.862561467987517,-3.7468819635623376,0.34004293382767126,1.033976835226538,1.1019156761312099,0.2911021512179697,5.035737020490017,5.648945870256304,3.7360982217680823,4.5021151320083925,2.7734118212174854,2.8260217299880885,2.785309852517031,0.9950469724962911,0.712638023084673,0.17296224004060926,0.02217317149740584,0.45435047676452334,-0.8081646692186158,-0.7601385271209831,-0.005589954219791299,1.5089006921925583,-2.1847739342339247,-3.3944715541651496,-3.596139276995589,-0.9531365814799267,-0.5353752252617145,0.7024923006355047,1.5451766535641238,2.478507907278936
