script/wind10m.json
{"header": {"parameterCategory": 2, "parameterNumber": 2, "lo1": 3.000054539987559, "la1": 64.9999836372058, "dx": 0.5, "dy": 0.25, "nx": 34, "ny": 52, "refTime": "2026-02-08T19:00:00.000Z"}, "data":
[rows 0 to 23 of 52, columns 0 to 33 of 34]
3.3218054658622056,4.5286110199357275,5.010208014132124,4.667286017902546,5.193164857489282,4.5738601111131745,4.284927246732844,4.719784619769124,3.649704853202527,6.192531184049588,7.671941641462403,3.245764534955782,4.128705347768754,5.018561979479663,2.2935041462099774,2.8285438910009577,-0.1824448791613469,-2.338331816678935,-1.399747952489538,-0.4517881435705741,-0.6747173813111365,-0.1845717818850494,0.6027257726045577,-0.393866844480294,3.86108117655701,-0.027073566097519385,-0.33878170174245104,1.0040478134284176,0.7730587394633346,-1.4456322081791557,1.7736968623781824,1.0345675724109609,-0.668234748724809,1.482364764813734
5.079751910950329,5.010617721600528,5.214428868121751,4.1351173415098526,3.9098226270817014,5.566982100474797,4.021069078487726,3.425628514972011,3.2913041827282523,4.892041656366096,6.513910313449548,4.84383576131839,3.880999964346741,5.016857779353613,4.546137661800483,3.180844397066121,-1.532947022431289,-0.37547114148858407,0.061553915667636704,5.132112094337037,-0.9730481705468957,1.0409647913284181,-0.9932939138112673,4.865408184935257,1.2875201180279843,-0.5437829177965811,0.7293655393760683,0.05968853388269894,-1.875024749716545,2.647740775686623,0.8732820062480051,0.0447475178396513,-0.0983866894574234,1.9016172401334233
4.07603094879107,4.8854342941542415,4.8739818012306095,4.790550797588204,1.3764168594378863,4.888814736871653,4.156844195825573,3.3609444995873985,1.9552241044378689,4.234020960117695,4.994831593841014,4.0702227444892864,3.905187300891211,4.867143561379903,4.325861861635491,3.7530670330810425,-0.46256478148598096,-2.5215782336948496,-0.50900989043204,-2.280118718464296,3.2324905491292357,1.0763333859550894,0.5964927234193385,1.2569677955074046,2.939110146691636,0.7150716463069762,-0.6100342943595287,0.782894762620222,0.34146910926575724,-0.3526189211446626,2.434605329885291,0.8393319221068293,1.6407706514418459,0.4263449855460099
2.8139350718247953,3.4622186694989776,3.8728692235770352,4.450921427536166,4.426702747448384,3.409755559226923,4.8826883834773165,3.6861023711565375,3.9784152080806683,4.121115655199362,4.755674183550156,4.929670557616817,4.920023134333575,2.330526500294913,2.9341524908026773,2.4106182868754193,0.014004461147963993,-1.1249898660685471,-0.6630539984623638,-0.4139454653241229,0.5794983738808066,2.5826193808092737,2.7589086092980084,1.5789425283384757,-0.6681337279367957,0.005782380010265095,1.1459330712579268,-0.9594468926555191,-0.44508551811670344,0.38636812177641544,0.09773348874622342,3.181036035083419,1.7035471208200454,0.5555204893137717
3.2118672174774656,3.7397543231203936,2.825344489052374,4.145987092353829,4.454870418229125,4.454628827915362,3.9893691352738587,3.9312934749568944,4.023167578887489,4.017692669501448,4.150281730850152,3.455579377912701,3.4777562575392835,0.7579367112074179,-1.9426818778107107,0.4470482982199953,1.9889281961347027,-1.8109890132391342,0.2512841588118211,7.114162259070702,1.5774014249603219,7.448879175928433,-0.5407722401473593,-0.7877715787128023,-0.17285377565546953,-0.6297983297028005,-0.06951140923232942,-0.7217080051456247,-0.10612962461856067,0.46235410401635285,0.38744463486955544,2.192390388759172,1.3994125349950246,1.2836069626714675
1.7342010034175916,4.537834962518834,2.933610168011098,2.8775344718298332,3.301275305290123,3.8126046944508913,4.9957114652921915,4.714432389787946,3.6638510988569433,3.6068498432182654,3.416957654081401,2.400149445997295,2.8558631683165623,-4.46144358033517,-0.6814039963624394,0.6044556208895855,-0.9647926499709175,-0.9847859005598154,3.063819466787179,-0.5839614165779395,0.22088584144781803,3.5708437750324027,3.4919171133022613,1.1840436103235041,1.4515698519511793,-0.3434017260690687,1.4056719654061847,1.0008565844884818,0.7848568348814973,1.723027281202946,2.000155804089143,-0.06280094085755406,-0.23292014376182396,-0.14151475723739407
1.2697605903081288,2.7468207439013836,3.2981227563587914,3.659882412025552,4.847537531824164,4.215585751657896,4.156867701778382,4.704751555644335,3.5972635487358295,2.3759627445485494,1.1803657497483082,2.2338335991137708,0.35951597169309407,0.5020381217684018,-1.5489032288451974,0.4558734094759688,0.9208478978154715,-0.3945367179420261,2.8654395564595867,-1.1751247291714348,2.037174788874361,1.0925764796606774,-0.16153497709075118,-0.7509143942171006,2.177939165849976,0.22218064682066477,2.6016082287478683,-0.689857539657031,-0.050394232220093885,0.20434672586337913,2.3122095559122995,1.21946656444985,0.7011586782279087,1.81391636081626
0.194655630350022,1.102006299252299,2.2096321431072985,3.594671026233786,3.606155414210623,4.476870184279,3.77610956974549,4.258341788198796,3.732492260105008,2.996570044654501,1.138915845527921,-1.4486598592951565,0.5087934073416717,3.4089973273547622,-1.410821309142672,-0.28277677285508124,-0.2756800000767104,1.3476285054500634,3.988399626182551,-0.5852155520463589,3.7725571827218127,2.4022093031061256,0.5686167368166396,-0.07053087348723308,0.7743496527349627,-0.3119381137186682,1.2790552195611267,3.5690198187414737,1.49668222669868,0.732210225513868,2.440652899687722,-0.6218723446195837,1.8348457764178883,7.15222406725983
-0.4859094631209681,-0.1279409858386174,0.652924430238004,0.7069773545409886,0.5734776414514108,2.131491313715954,2.431882709947011,2.4621364376738653,-0.5753746365065558,0.5341419861314661,-1.501212181455688,-0.530034905534047,-0.6595569265171161,-1.7176986263421397,-0.9995075118799415,-1.1316003053221775,-2.9114658420139334,2.965790895585699,-0.30581634862207663,-1.7922589732747125,5.267270393271419,1.8092208378652783,1.2384691234940421,-0.9169473437512873,1.55714262370641,0.9968606025787641,0.9911883420383238,0.8860937971143364,-0.8502793760389977,0.9472724638452159,0.3822359446666789,1.9516505179316073,7.082346556710016,8.020096369573567
-0.3437400317902486,-0.9230833907510149,-1.1624321021931814,-0.5141420316596012,0.2931392607863046,-0.14867178754264596,-1.0321315081958102,-0.8028164640874306,-1.5300527604045098,-0.9056903929756335,-0.3968002939995893,0.06965113419935973,1.16719730013122,3.6314697781465477,-2.9236835496598497,-0.8103400243644157,2.6616424492135904,-1.5155028662369747,-0.1463078284995906,1.1011731001577703,6.700746671855858,1.5906681547096873,3.027829070481596,3.2715695231940596,-1.080380178413903,1.941729738776022,1.5487761597736847,2.9579997230965493,2.1087417208764982,0.9063985515426509,0.8915798943812996,6.472617740114228,8.163623956194398,8.651907566694835
-0.31870970778960706,-0.9158392027859824,-0.11946120950834895,-1.0048646372726209,-0.17806779904449901,-2.1214167152592163,-2.1828008533117296,-0.41735899822808864,-0.7409041087734313,0.7498518316139915,0.24605936212215052,-1.7337782178699694,1.031634144596554,2.8402992776930955,2.776745889102699,-2.366685294194795,1.5889870342720256,0.3761562659225095,-0.034373338561534926,1.7616932069280071,2.597837227914847,-0.9519192681107889,6.2366661790201,-0.5162953252441984,-0.3718615031904018,1.523772279055557,1.6290615906897399,1.9136186518031941,-0.001642039739994393,0.9060827418366794,6.344475284574514,7.550731540523443,8.464557847080444,9.18694113798882
-1.3145104403274694,-0.9072779569298284,0.3318998839067986,0.2862813181684513,-1.8270798684205487,-0.6262319550861627,-1.0909474840343272,-0.8218969776051512,0.22692638227309828,-2.968101820216049,-0.295274725922565,-0.4300031665932114,-2.0579209498136124,0.8543562926246241,4.490892163707778,-1.3571638267567465,-3.221530950363734,2.6586235595712213,-3.1985013031986558,-1.6181620899751057,2.9194810084663456,4.241364951260768,0.7216778163732018,3.1237450696846483,0.8463733554594655,-1.2274382520842346,-0.7275363824847194,2.793661342020169,2.163901124167979,0.16929059512480069,6.9750617824935865,8.357446446800346,9.037015990322354,9.50296414695888
-1.4711538230230132,-0.6373880412610203,0.0171534630504983,-0.5679624710046671,-0.8823585829497227,-0.35801404571237705,1.3349293216958174,0.6892687461548493,-0.24269981027326717,-0.5262602565237285,-1.7120360073826828,-2.274282273904679,-0.5086457522381224,0.4494593602913199,-0.35149512100897273,0.6177414193580485,-1.0779950946541703,2.7451469091712837,3.692876590747333,-0.1256729649839008,-1.9242973794107168,1.0819674241493251,3.806150660641102,0.7210870886110518,0.6954701536592329,-0.6926805530456361,-1.5459000376571597,1.8960892146373123,1.8705463061193452,4.939186789522725,7.374787000639276,8.690454455466426,9.370712066385304,9.24951994431685
-0.6358916448729683,-0.11339196381118087,-0.5187056235838114,0.31928839552131255,0.10787699326891957,-1.327530409872567,-0.621996500359681,-0.7293341658147289,-1.1949590875401224,-0.6870621431724637,-0.8890857322591895,3.596760497652199,-0.1604567575016987,0.15684933823404504,-1.3279244176646952,-1.7977311728041683,0.11903695973611306,-0.011633169420976029,-0.3350531130324617,2.36828360629157,-0.8634017045195506,2.437105723193512,3.2083966841621763,4.131799356537349,-0.00644990066899785,2.5769166272172375,2.6444204315464037,2.7621555286777912,0.8758792064255481,4.913465467765037,8.259218714065884,9.14258123446965,9.248562289134941,9.447423591512942
-1.5273114056363188,-1.292182874556147,-0.8377739173199256,-0.15012392423163717,0.6970709754312553,-2.1859135887309273,-0.8895680697214506,-1.0335250494792367,-1.7220394103465162,-0.6318755847758624,-0.0951006528041165,0.09425005191678089,3.557999889174391,1.0146090305872015,-1.3973447911184127,0.21237569640405396,1.6898497464940283,0.3308469585482392,0.3945236304585268,-2.8264763001198627,0.7889288467077124,-1.1304109403800646,-0.2696491604910142,3.3957536856815373,0.1455650800249479,1.044210143249935,-0.276776115037492,2.551618006859651,2.2236594204923468,7.371080988740964,8.32715041636893,9.047540967056939,9.396220518197946,9.497652731019985
-3.7461660216519808,-2.267291967092592,-1.0329148523629443,-0.7763487911755927,-0.4742752138508099,-1.499102438493865,-3.624551682403192,1.389247712717588,0.20449107471695172,-1.3416617986328612,-1.1370167880954067,0.40059896254907773,-1.2057215953511329,5.033840236683089,-0.19687996802867788,-0.5125708342914959,7.427512724892621,-2.4570205444814506,-0.6768939906439869,0.9581795662866647,4.9184478066932416,-0.2649052625544354,0.04860340161055118,2.177337125529007,0.49812773185704384,0.7679312500671464,3.9168351628818607,1.926020469388143,1.0801609157911611,6.390778855326787,8.232440429156672,8.678789836905116,9.303812593268283,9.096382034125508
-4.027621226243421,-3.0475115987780876,-1.5964338050642768,-0.692836001742669,-0.28631776155499467,-0.8778816681851215,-3.7964369367188255,0.14001003191535463,1.778555987228354,-2.5081291720301957,-0.7090037395248326,5.28144408406378,1.9642068218406268,0.9387134346152882,0.5135867595761212,-0.738274270524169,-0.5680893788517952,-0.9259725872400283,0.4295487867300958,0.281994060421659,1.6693902821117983,2.9675072510087097,-0.10831724987046785,0.6587551540114233,1.242713362007346,-0.4424520804649399,2.871728463178004,2.9015984466979443,1.7973909115613176,5.110755030509751,7.472449789819988,8.650320325350348,9.101612760988885,9.201763310490719
-4.832700880815854,-3.3116990406309457,-1.3089517577914533,-1.440525399289479,-0.8731510421402081,0.7529755132065913,-0.9516092372893498,0.10842791305214744,-2.673694207060274,1.473329002074076,1.8320679101440345,1.398888627901705,-0.7706032235259752,3.163888855318817,0.7736959902458761,1.3151867201843694,-1.822306413597648,0.40967104300937807,0.8274476449510898,-0.44981016745445657,-0.47219958606342954,0.38493857747835114,2.0126572366809112,2.6564350590391133,-1.137732204195366,-0.1055280438686697,1.785263776804905,1.3829454811315454,1.7478776360890842,3.5762371338361665,4.7906386863993635,7.078263939889897,8.007480505793154,8.172312598714806
-5.912946935059771,-4.7002891061822325,-2.1186395432230216,-0.21712950184514068,-1.8066783303132357,-0.4445149019035468,0.2374074182370521,-0.08729892229497585,-5.996739443679668,0.02198101174811757,0.9519685895398259,-0.10858187904835255,-0.8963880963401913,-0.6863850779417017,0.7628877013258066,-0.23417300389974957,0.1359253775619182,-0.22524311793904314,0.30673088628239514,0.28938907079564397,1.2185369963298973,2.0380531252701184,0.8629117364874067,1.3679811040414267,-0.6780809691315202,1.2456746981066444,1.4976956766883798,1.3893122151102364,1.2070138436070208,1.1208429195653342,1.5318638056567444,3.6231674106309866,6.078294447464911,6.240436253243486
-6.9975146801263755,-5.585003056257528,-3.1637097838002886,-0.9740401796930386,-0.5336906204656706,-0.5735887570289948,1.6132827010800326,-1.1968737457107193,-2.3165513541728098,-1.3843076000106516,-0.6992449406611377,1.203227799914528,-1.4453851909010054,4.194309063154898,0.024145467004943584,-0.515276067758908,0.40793650231933876,0.08748202156938678,-0.04618071055969015,0.2165920887596644,0.5850667104307125,-0.4547945515000625,1.2295070625199078,-0.3559676995919649,-0.716500106107508,0.7862389796812496,0.3055623482545179,-0.5927526949070867,0.5153098211666819,0.544243716167931,0.7345163625695127,0.9785900080366359,4.481621211413976,3.036779395298555
-8.191571628799965,-7.373517887024038,-5.1717602376778915,-2.518046368503129,-1.3376273815285717,-1.2538720500954288,-0.6860683041789667,1.1843994599423209,-5.936280858332546,-0.1431638362736965,-0.8613256501261102,-0.8368919840980377,1.4221244914624251,0.7448978076763285,0.9597744091700747,0.4849891000614312,0.24036775942390248,0.7268115472687573,0.8584132236396319,-0.310110960781439,1.024009142023791,0.9149728251564644,0.2528509311589002,0.438253359055058,-0.7972909451103036,0.7723038132680838,0.6040615848946288,0.36595443464708954,-0.03771171954314176,0.3062487728389512,0.7723865570227707,0.8050669493322851,3.3373374608298043,3.5205046522929355
-9.453526369917453,-8.665915342347844,-6.988099771778643,-4.5731708264427935,-2.438382737035066,-1.1532503733283128,-4.289583980349455,-4.0613846397555315,-4.234737401337345,-1.1980591400734644,0.6604216824219491,0.5393601472058354,0.5645074280320863,0.913404137199656,-0.5983443909430837,1.0612654159628208,-0.7375332112873597,-0.4849172740948211,0.4900211428382092,-0.2192929044501279,-0.5995162324997146,-1.1141176259745564,0.521532987994085,-0.6913884753672865,0.4749829799718599,0.7444827732314266,0.26823812055790686,-0.46345669523445976,-0.44256208590744284,-0.06638592145944407,-0.09364401312778396,0.7782016528693095,0.3369861343443199,0.2717206606919045
-10.182848438937668,-9.91574896186028,-8.940124192777866,-5.862245515236284,-3.445561889512494,-2.195354488393128,-5.5742439961128305,-3.455104548384697,-5.421723838412169,-9.176482192607,-0.36192009282639875,-1.7272096533352679,1.2839232080098768,0.1955700154775522,-0.4430579437110883,-3.3756442870813954,-1.1682436649651855,-0.52567583185558,-0.8981049842134451,-1.2902784012784863,-0.8674042450559718,-1.0906220202355563,-1.5615019450634615,-1.5954992953222795,-0.025778766079149872,0.12175919217386419,-1.2512605896423163,-1.6432795490562333,-0.7163304396075693,-1.1995000016857773,-0.369261615081726,0.1397840662235272,0.23799912249922192,2.3834115714210045
-10.856918570232594,-11.099303372227396,-10.96552396216988,-10.039240374017412,-6.408437391542066,-3.281852077414457,-2.842931164957369,-11.639343653522133,-9.498022657902485,-2.8900421031554706,0.4335331092876588,0.0903621340065591,0.07035757247931179,0.4886273014565243,-1.2630961083934917,-2.496611347261528,-0.4162237196950801,-1.1338641966728085,-1.438256602665169,-1.4128361071535622,-1.6712140268093225,-2.76177760168498,-2.4400414131385872,-1.257867555093363,0.256493389621791,-1.1652232209938587,-1.8516336800241946,-1.092954012017359,-1.035923901597371,-0.4214723932751411,-1.2185361175692517,0.8940852243724206,0.8948770017647568,1.1302894689348841
