script/wind450m.json
{"header": {"parameterCategory": 2, "parameterNumber": 3, "lo1": 3.000054539987559, "la1": 64.9999836372058, "dx": 0.5, "dy": 0.25, "nx": 34, "ny": 52, "refTime": "2026-02-20T05:00:00.000Z"}, "data":
[rows 25 to 49 of 52, columns 0 to 33 of 34]
17.988444164734226,18.25221922447428,18.641228681354885,18.546671054105534,19.11543665921258,19.846878166016253,21.2062763374305,20.053252282860146,17.796742778564546,12.149406087640338,13.78624253186124,8.934148545377154,10.166068588207121,9.643111399869586,9.643440591565197,9.055381262338122,6.375570483219024,5.711694190030307,5.631774936738021,4.372695226809119,3.6834211569880653,2.802013381457357,1.4901699745567296,-0.40122877821893027,-1.7414089160407575,-3.9662342390474494,-4.703975276719029,-5.392819931046866,-7.553582078823145,-7.091890396279911,-5.694077573700041,-4.784388123991993,-2.2140779681835325,-0.6259204094352412
17.690781758454424,18.46221107907361,18.290505027662707,18.709620255066966,18.604283495045234,18.13161466543945,15.65098142801158,14.560593210051012,14.672324121953114,12.885210082545154,12.921825616744439,9.708038998094956,9.649024407341992,9.946382963877982,10.260093953606923,8.298289907808888,7.741337285408102,6.638859651781235,5.0113101110822535,4.056584036020252,3.4293929580573237,2.624157579836607,1.1967873805689926,-0.43223854797480477,-2.321247090025346,-3.4410651933083742,-5.1992737528159765,-6.467331460763014,-7.376531544866407,-7.153886137657734,-7.353708925916042,-5.187923523109872,-1.258791577237464,-0.23860192029965172
17.23758602445971,18.1250724956211,18.337314493674597,18.62993002947278,18.805606915447,18.05638881401021,15.276967550750625,12.989537330469181,12.219718848230876,11.50970667960352,10.412178401649987,9.279152007656974,10.22549654792386,11.0407867002941,9.79150883589873,9.172541764993618,8.40625108914721,7.102323600719488,5.502795086412025,4.394751776908777,2.8428395831581503,1.4349501457983826,0.914248165930683,-0.3386660371669739,-3.004445820719481,-4.02622670760094,-5.050889924597979,-5.751185396843939,-6.134185615347859,-7.034844478308882,-7.063723769055701,-5.190169345350855,-1.9000109347926974,-0.9390790694968246
17.870524800457886,18.142997495972665,18.53445016399893,18.760930393843974,18.921846574888296,18.376202774007787,16.97329427599664,14.4886655750956,11.373734741476353,9.802357397571868,9.170458754877831,9.901464309752171,10.36262019068914,11.314460690114815,10.964553559725953,10.09720184733367,8.592895642570817,7.363720593284565,5.993421357749311,4.688380896131127,2.9265427673969984,1.333419933773442,-0.013330319708237465,-0.47313641984541965,-1.5634252214454656,-3.584464564194781,-4.352816624830743,-4.498625604031389,-5.4792329600293685,-5.9454501679646325,-6.112199237373086,-4.690593963107933,-2.7750732251913113,-1.794280061121434
17.58772822832847,18.33931659409095,18.83964165714251,18.871954034937367,19.111074095455024,18.927738802077656,17.882816782714205,17.086763076985367,16.2057190004383,13.510428903662952,12.703712867417199,11.05421929236779,12.121107694601733,13.017128800548912,11.837400761519527,10.75453738587606,9.765714169214942,8.121799904109102,7.024111814361711,5.12582463953479,3.941762390383537,1.838492659818265,0.4232830882656063,-0.5521450404312118,-1.8721084952720988,-3.039910871444265,-3.9691161342446537,-4.634407880082594,-4.314952471440262,-4.726416989375997,-5.1390371928469705,-4.648787179486972,-4.732822336158853,-3.179329787234237
17.435073925281046,18.53513157960265,19.148781849886618,19.430928835692935,19.298112594616335,19.15389297748181,18.68790810372711,18.176659355083277,18.430113789897685,17.14342488629682,16.48430478490701,15.72624932887787,15.773977197324283,14.418567165939526,13.21482240012572,11.905111429992246,10.311814194525745,8.696322044368921,7.094017356180514,5.173470231891715,3.377936565523759,1.9989647764319922,1.0573112841331636,-1.2904313915388936,-1.7842516253661556,-2.059447120785968,-4.139764789180833,-4.339026988232611,-3.4587164272055997,-4.990909114661919,-5.392297061634107,-6.321283990904099,-4.884455291683849,-3.8815196785406143
16.238632602501177,17.783818720215766,19.55045512389438,19.664880109329086,19.90389909702728,19.93677987642786,19.85529205887965,19.388681899280996,20.27433345004236,18.556539325467323,20.17735596773854,18.516887678107683,17.688105397294386,15.90673096088526,13.944869869952589,12.566927121353062,10.57367483107102,8.95391509147135,7.076227284013483,5.904170290655736,3.8537284332251125,2.3813105624029167,0.6217717274770651,-0.7200028485642448,-1.451564340539533,-3.6774412033076387,-4.0692240968470355,-4.166400336431609,-4.107593585546439,-4.253736235236708,-5.408788025860545,-6.3070287580852105,-4.017929960096483,-4.026904965994125
15.496901124471904,17.447707229812487,19.27936518236019,19.29918885612997,20.082011341342312,20.56445012502754,20.55804091978633,20.40148614278705,21.620830263444923,22.489508088917127,21.267831929202572,20.173409310163063,18.480378830873015,16.287866608567523,14.619749232767957,12.675644273777317,10.888044435289622,9.029346712908227,7.514180096061799,5.843747574583906,4.436428271557794,2.6587167633717352,0.6879998620381513,-1.0125473179544278,-2.118233648122919,-3.2784713352790704,-3.979870280313607,-3.9349324716531844,-3.5697254813000967,-4.757358060930502,-5.129890582965569,-4.728512824960042,-3.614457138070599,-3.982441517019842
14.73081177481084,16.94561892420575,18.321951319034497,18.94848274797601,20.222883058115286,20.659026410977265,20.588901488129476,20.689981317062564,22.48651508434422,23.29936990658499,21.70769759034525,20.51587678713367,19.30485845285055,17.57993845658845,15.248152590202533,13.205502011186212,11.571218851452095,9.89460236702608,7.707708066825709,5.595619776160369,4.633565529688747,2.6195856840038627,0.6235789069428007,-1.149946987141248,-2.3584581383172845,-3.1558521244002273,-3.6749898394849505,-3.74957982143489,-3.2882404291270086,-4.687952563178339,-4.40824201247868,-3.639557141659003,-4.385573142015782,-3.903770009803476
13.634903441623914,16.47189063346838,17.733360346946387,20.467222595126188,19.877807108686888,20.412366065798917,20.846944711470076,20.142622593208152,22.08772684511344,23.713457658851375,22.384334183726033,21.09111257432245,19.626018125865997,17.9337583706373,15.966163474024036,14.426831482183356,12.229311799127743,10.060886207723541,7.959230372268422,6.474849908190528,3.8394925139707143,2.479918259228331,0.5299532489288739,-1.0151457246864524,-2.149542509162598,-2.822220111101943,-3.804269066039869,-3.349945937747751,-4.043292222898078,-5.373640125694634,-3.7809704125025694,-3.9155925515081615,-4.612256032698523,-4.198638602117206
13.241861068994092,16.20717263819824,17.38917643484326,19.530808320207633,19.386507545216134,20.181912288784087,20.836389709513437,20.56813202070374,22.755304696615855,23.267843814626406,22.068025666628206,21.052447653575108,19.186868930039665,17.569506347607483,15.918452671612664,13.655386839103286,11.421432053043393,9.875050030077308,7.524964848847235,5.804973968453897,4.701195768790458,2.666071323170096,1.2129642329892858,-0.05452455000650356,-1.2899613759000759,-2.818038694418475,-3.1879711392262657,-3.722752087203328,-5.043649269135561,-5.3393178316233785,-4.552048454019376,-4.216172909702715,-4.776082729097423,-4.526231223680171
12.224432094764545,15.63934430996003,16.694565921795036,18.490988732147468,18.71082170287961,20.069814598089103,20.96927017282316,20.315783393601805,23.533317215265225,23.334442319193613,21.94735202171981,19.980653706360766,18.704991649884327,17.081486290656645,15.363071718260617,13.252684389374503,11.38588605732408,9.68828122967207,8.250905679757938,6.20861545044451,4.462052388507462,3.246966739766643,2.0085741422658847,0.6314168042087074,-0.8678499168228463,-2.1110432296822155,-3.309484453543086,-4.730328464023199,-4.788395289119561,-5.39875799689963,-4.624954468328267,-4.220157324129171,-4.832509493160135,-4.573005048441949
11.375603051692188,14.991785564049193,16.06473128115398,17.335114336808555,18.368367798377133,20.011035191652642,21.52679753360463,21.40004474092912,21.812259195441214,23.377799442324758,21.88639852352345,20.32873360392348,18.284116042240278,16.79049538677673,14.766731753851348,12.60491659283832,11.307983513358003,9.498834824976045,8.091659652172368,6.23488304942979,4.162813996723337,3.5965342743933135,2.401703822188259,0.7973595481711497,-0.30433169834179363,-1.6185032381509887,-2.776737231624669,-3.6875628209643017,-4.2601117747135415,-4.00923034950169,-3.9768907108034024,-3.9991650221038086,-4.96030897742242,-4.859051994653602
9.820348315370072,14.562580111938255,15.809316453346462,16.53545437701058,18.202271821026454,20.10086505769803,21.829779233031953,21.199873180501164,22.72126587267618,23.12200556881883,21.189917150542257,19.089757481488164,17.25054283665555,15.195794184152641,14.572769469568291,12.70373606772142,11.238362851128489,9.216013136913556,7.5030457329841855,5.902621214653078,3.922375800861723,3.117269750795172,2.101120024515092,0.6541861322877257,-1.0734230592172376,-2.230801165157082,-3.3169752473800713,-3.2916746350092003,-2.798043787790805,-2.9625306060178342,-2.8814702103240606,-3.4281340447751893,-5.156328232690599,-5.057914461600184
8.750897056471166,14.231015465184417,15.606792939059892,15.963407510623021,17.344951483343134,19.508447060252568,22.321853931903313,20.830562240015464,20.88925210691896,23.10748307591216,21.41294906965715,18.75716500099999,16.923410039419267,15.009885859325308,14.189079908698124,12.866276641500699,10.901731493066162,9.060539402551534,7.465242976200883,6.063426654249898,4.758225421730555,3.5813056447506213,2.1797151214175186,0.7499593239803131,-0.35335554522735146,-1.5308680583095489,-2.479755146510468,-2.670942401941058,-2.36088792380634,-2.2438859597935825,-3.121218226197674,-3.383791679776533,-5.369876907458501,-5.894915342675195
9.269074550635775,13.364577527091708,15.362185685099375,15.311460197114153,16.57588379669967,18.668780902514214,22.419738151659654,23.27644779572803,21.11949711266996,23.019154475687007,21.115268048066806,18.735214552445846,16.313005271968226,14.99459177067712,13.186443369425108,11.41864369194813,10.53295727123491,8.770590597861597,7.4206029913113545,6.456437247646245,4.988239191308302,3.5914409551514974,2.463809387892481,0.5313998856390484,0.0025847016418306216,-1.2714386010656629,-2.071400037700622,-2.129745212462967,-1.40615053033688,-2.1630203887290596,-3.630486595638558,-4.4060277091585265,-5.508707284481575,-6.611433028269096
9.981385712479677,12.972190192721982,14.722516131033236,14.862776065466058,15.498528197316347,17.333280941337975,23.15878023064024,23.592877292328563,22.74015495362451,22.635098706024518,20.838112518949867,18.762300300387224,16.37879872209024,14.958545333952308,12.569751673258157,11.319935086651974,10.269513666650868,9.638922593181038,7.65845828842384,6.040365262942155,5.82643284654813,4.220323293991196,3.6002596315843007,1.3667290468553976,0.47768405491621396,-0.9514539755402335,-1.7286672702320647,-1.3981144145459266,-1.8154784989854882,-3.606518346191738,-4.0779666630855065,-5.214666054966717,-6.070479883871282,-6.509049272305419
8.829110170275602,12.89599676474057,13.769306770010667,14.681598984017702,15.356797847807433,16.315230374135297,23.056878158789623,22.85553388856784,23.338121142983194,22.14153879837478,20.205421130154907,18.273251446665245,16.19875291741461,14.23665249398803,12.608629229714582,11.018845727809058,9.795112304011855,8.696050675698315,7.668206666501979,6.23654524104913,5.266265049439796,4.218418933327587,4.338066802582023,2.47118734196327,0.9800508196772943,-0.1937493228524997,-0.5629497778643688,-2.203226138087036,-2.935103901064743,-4.56422853092542,-5.472030500015814,-7.092360339608534,-6.944933761495707,-6.71270344542936
7.898751435061682,12.085996675985488,13.126175910146626,14.313548990078058,14.992554893616177,15.080215961898848,18.95559093751897,22.62902809272831,22.087978506183788,21.68866402148359,19.845369050354797,18.433239743683032,16.19883128096966,14.283766826590513,12.525937796863412,11.322658174936889,9.47503491252498,7.365903239288456,7.6826863284351985,6.865345995729617,5.337486541164847,4.346814394149957,2.7701146588163934,1.766142998321656,-0.10455076963381299,-1.2282257912392829,-1.9080877668240963,-2.9744775696204195,-4.033527991221877,-5.375955655249435,-7.141209163361119,-7.8241587541827915,-7.60337203110842,-7.396246176805387
3.0953902753614164,12.925517422121052,13.006458458976194,13.984070570553095,14.761538219141931,14.55504134723268,15.367970073973888,23.43873528861916,21.93278416502766,21.20112994096209,19.977680847237902,17.995048252888225,17.175026579513897,14.875644811724701,12.421857716671626,11.034894208287017,8.776376396301291,7.657242527481124,6.686512686364846,6.673573402560463,5.832711158844504,4.495565936685914,3.226052983110569,1.7678682782089246,-0.47827863917389546,-1.6886322800540496,-1.6610150748893084,-2.160624673644882,-3.634432808362803,-5.3742094628053545,-6.802236096262478,-7.44230948849583,-7.6413022647341435,-7.2069521068125475
1.9940762323854753,10.216560863662501,12.11579080283449,13.515334950069887,14.992530028893542,14.46875633018156,14.070591893492109,20.137846498982324,21.914216549950158,20.354359792153293,20.53359872493094,18.54492595084122,17.119794438780563,15.4200659126483,13.280159490601346,10.853073669854579,9.967456990881498,7.784547569309035,5.456763830234199,5.608066330691091,5.782124299379763,5.0929390891732815,3.841803715123609,3.7727021610875884,0.3121970562997197,-0.9423957055527032,-1.4635974351106558,-1.3256560733317024,-2.2747376720077614,-4.1468387103638795,-5.742221630969433,-6.840209353577931,-6.9872597877585205,-7.825128972807398
1.097960557727403,3.6048435664626886,10.91246011068529,12.416833614361957,14.261791586319905,14.31673649425183,14.2228170643485,15.930591317780971,22.283166697112126,19.995241778585314,17.46974168091235,18.769471516422612,16.850804299276213,15.46477007267269,13.74081489678936,11.187830657895121,9.887094982474865,8.343060384953514,6.409674534331627,4.304346480131539,3.709440524452894,4.705528763168949,4.391114242394948,3.4527702663282613,2.8218360657099906,0.3493629281343816,-1.7399998368124283,-2.3659489995931775,-2.3354172564522715,-4.003426833807336,-5.011146721529622,-5.947984087547146,-7.238101251583414,-7.595975939247685
1.0162324233228868,2.3123730764795325,10.755610404473577,10.768388371086331,13.742053881961471,14.589855389609331,14.779461871950746,14.790044148665872,16.7441068690083,19.339278602929447,18.381557734583097,18.35808413536186,16.502151758325116,14.76260635775975,13.112570555948235,11.282130199993212,9.920423387403892,8.766762776661176,6.864096301710586,4.274520711953026,2.7981689538329904,1.4787991380477394,2.113116884641467,3.257312496752624,5.227163888779949,2.09938250716043,-1.248585291636166,-2.5874599112004453,-2.6417731497367094,-3.755872148570668,-3.6052874173276535,-5.2360081493493675,-6.529744717162207,-6.430152890959462
-0.0801448533297571,0.6774459266841776,9.432533400781361,8.26616299003351,12.280403004501364,14.388821300070637,14.125450912173699,13.543091127798297,13.988464128622704,19.535357761392685,17.818476860654204,14.312936175275608,15.892941806173178,14.413549796626684,12.813960534710745,10.971835523986769,9.90875229483632,8.772338941839523,7.306925675855623,4.734182781449587,2.5031013288709336,1.0003850349948067,0.4660890837509855,1.6167602772116938,3.1127118293691085,2.897075599770153,0.9108898749982448,-0.6573098557132553,-2.0044681480311346,-2.8431218737740513,-3.7550068894599042,-5.654069907586524,-5.842936758772961,-6.996382829450804
-0.17704108669531346,-0.18184278505119225,5.868108463488421,6.355405388070389,9.127780027110436,11.347825133850868,14.222189606062415,13.42829232648519,13.63750737493627,16.07868108046123,16.4969009086289,16.09116433463551,12.301043890254721,13.524275358163822,11.464112637113109,10.25622399758734,8.883086811690115,7.611408235598693,7.371808014427928,5.302396763384242,3.480420779755432,1.3384367102264172,-0.09324104247997798,0.9969679913500992,1.4910943663377618,0.7195945053641428,0.38533617280001237,-0.34560926505487904,-1.2517789044347098,-2.7037445439161605,-3.259720421594012,-5.421321445861178,-5.787581030261324,-7.204336938710985
