script/wind10m.json
{"header": {"parameterCategory": 2, "parameterNumber": 3, "lo1": 3.000054539987559, "la1": 64.9999836372058, "dx": 0.5, "dy": 0.25, "nx": 34, "ny": 52, "refTime": "2025-12-08T22:00:00.000Z"}, "data":
[rows 0 to 24 of 52, columns 0 to 33 of 34]
-2.9377271148206474,-2.970472264685611,-2.881945160506026,-2.7476998286300143,-2.400972718439336,-2.5369227801815555,-3.002537654981407,-2.66263043129358,-3.0876056231893556,-2.470143134176205,-1.6161142971598346,-1.5536383270809855,-0.9599403542954705,-0.646912846209587,1.6729158932282915,4.5641069175694575,2.240145656876521,3.934374750701373,2.3697939126968355,10.24786619242223,3.306448817726533,0.7463215430824727,1.1965059827747768,4.062376184038804,0.6669942199588688,-1.0412830247947065,0.9491699494978078,0.886312399353452,-0.22213394601335534,1.3953960583353116,0.8487230308035162,0.04744561876628672,-0.21770017927598614,-0.03659136871051838
-3.197392127991327,-3.072402834784621,-2.880550437809591,-3.37570623991197,-3.3386613934515195,-3.5604566238816724,-3.7280574747857567,-4.012325868869626,-4.188647022240753,-4.141946404929981,-3.92836484412408,-2.2501215450171164,-1.6944182229436895,-0.6948280888586219,1.9762597765275063,4.9718280392810685,5.35553134443471,1.8727503704849138,4.4637194400404505,1.106756715428983,1.2321964063512234,1.2390199931249328,0.40320879658765474,2.1949980142630823,-0.3950582347418208,-0.019901652058162307,0.49962402860530847,1.2388500063107015,1.6186687445550545,0.6685425357437266,0.5922760423185285,0.4369024700104229,0.3628150033856596,0.4072925417138503
-1.5268417906065757,-2.1418208852524225,-2.475318631983516,-2.746052362777282,-3.833953482306773,-4.550312244353899,-5.6778974887477105,-6.67144712293105,-5.970757256471639,-5.276184461274353,-3.8835878246188758,-3.020199387027188,-1.8455284507056209,0.7221872029191173,2.5459818230190825,3.620558622454085,3.5511830063195218,2.0272824685580075,-2.868444145393619,1.9798368494141076,-1.627866698198783,2.3430522272253964,0.6657933852444867,2.5083338742092827,1.3084639028313918,0.7857601630486221,0.2670355911413944,0.5502517241601308,0.13048923694112527,0.8856817430993476,0.22696633219706236,0.04595447745704394,-0.1671113084781854,-0.34175563046166396
-2.5675346479755206,-2.540940069440955,-2.513889910276586,-2.7016042274923495,-2.5755335793420833,-2.6871776650006876,-3.3252624333133722,-3.781454404591238,-3.5995953717834457,-3.4614289215173986,-2.5848707449225463,-1.7548112370252145,1.269413271837529,3.2259433117915512,2.488931441821399,5.209085026970588,-0.6669707970043678,2.5046458094140793,1.7967235094789804,-1.3566929468543918,6.86775868299123,2.7214397960337555,3.3797154977613015,-0.4012063662090165,-0.2258838472650437,-0.14500449825370632,-0.4926021719814611,-0.8599253762247152,0.2136301340995242,0.07106575912432957,-0.8997453009933035,-0.07912467590097683,-0.15257629780988274,0.26932109064513826
-2.1688558649660297,-1.9575489655734966,-2.7156924885528615,-2.7013542383701523,-3.434283909941135,-3.8451549674163625,-4.331838120585893,-3.9989853255292336,-3.1928965703131422,-3.0659837194324013,-3.19998558548336,-2.074402311765501,1.2642973525309344,3.5383969066983534,1.7448980727411754,4.784817922760344,2.6549893185028255,-0.22972125207473473,-2.6344383910614226,2.008510476530033,7.490095323692865,3.008705230144023,0.7398024650741568,-0.10772706683198884,-0.7623421847537103,-0.657242245740409,-0.8630140259147198,0.039962206007532135,-0.626973386904525,-0.38448735706054055,0.7545490435831915,-0.02348551111925662,-0.407297439710398,-0.3144643273789832
-1.8272116903629902,-2.5086823631597137,-3.1486409866435316,-3.4392120285486927,-3.777747935930945,-3.814270623042454,-4.045392224013129,-3.821193576548641,-3.630614889262764,-3.5595789503941804,-2.4254482356078806,2.7027553478448088,1.7849561618234122,3.8034449331434446,-2.054810845064119,0.4231884263228933,-1.7175149704627355,0.976647136457735,2.8254523529747813,3.4049985060928973,0.9667589049266213,0.885882986104198,-0.04703995506815844,-0.5333790903616421,-0.8874018097683425,-1.0340587465418367,-0.5019731655092566,0.1694128880743416,-0.835723135183015,0.09360727614606822,-0.4136568593274653,0.36028830819572427,-0.21178528773564337,-0.19758069734065425
-2.7929659577891486,-2.864572023435312,-2.9645861870615695,-3.3132270505170474,-3.906244588240166,-3.9199278330965095,-3.677985293224273,-2.850019809301586,-2.724760418432516,-1.2876812843425076,2.5247964798004716,2.417370294162874,0.5103054841394918,0.22600878284273815,-0.4087868297935592,1.8595833144729266,-0.8696851863588637,3.9201110274473314,0.8161448345163781,1.9148323256561592,0.5136919014718897,-0.11473036624956497,-0.4959638372973216,-1.0248664712946096,-0.8364010589910736,-0.7163533307858604,-0.7657897252996745,-0.17728461154782696,-0.6326824448340663,-0.11563999221315141,0.005843749023648144,-0.23006579588760467,-0.5758788207070037,-0.04745407461521681
-2.848821645872579,-2.5054533684865676,-2.7674996901535263,-3.1903731670419515,-3.2302922057050245,-2.7764135164869126,-2.1770827986131613,-1.0503078031120006,-1.2329345984260711,0.6439479903100487,1.7686775863354633,-0.2929349867470032,0.2965988748594242,-1.8945471715751656,-0.08997334297340301,1.192331097308785,-1.4499028255800637,2.9068463310948807,3.226723896261708,-0.8478352287903487,0.6602234889367635,-0.47485716252499605,0.02939543620678985,-0.5944969629866466,-0.17781923830396412,-0.5127323122343506,-0.4361121602742073,-1.055364689771768,-0.7198390396365896,-0.3410230239350346,-0.004029844811393559,0.48659169910620104,0.9834703653747837,3.7767418386341904
-2.5794852120503484,-2.481326736078849,-2.4045029097336483,-2.0337389749263353,-1.8649120268708237,-1.758525126566638,-1.2390245519892638,1.2859155277784846,2.4766276599412165,1.5189572036841916,1.57412032042423,-0.43889661880589925,1.7493869465011957,0.1453501898395569,1.799051608404676,-1.0550791608812915,3.124719967587955,4.9401684524286615,3.3547643174037445,3.4636205892921463,5.933383547044225,1.2014390124998167,-0.3293382051730864,0.02886313066752273,-0.4516056135699701,-0.22270962969719696,-0.21006924499396004,0.46849992707532867,0.01669844740840408,0.24806553612783644,0.14106625974345594,2.4535103816097905,4.7396798251078245,5.227543390407761
-2.7789327198466776,-2.3955991977957565,-1.9515464983629207,-1.1301610183928708,-0.36763610221821985,0.1680088686839872,1.4138247637958763,1.55921927141118,1.0319080232637552,0.7370417963891172,-0.641540606909992,-0.43336204449829074,0.855394421041816,1.5075739830224273,3.1820967664730726,5.8528581217388425,-0.876207062637956,2.056305556130124,0.909842659059059,-0.4531051655953639,-1.2307139017065885,0.09824637646352481,-0.7564591803019748,-0.6373068109478484,-0.5061113703110317,-0.7921336149949562,0.2208044683487833,-0.638340067557417,-0.25927142580182727,-0.44408374440312104,1.1023616782489916,3.7477757853667186,4.892437850690001,4.466695782529415
-2.6390944020483547,-2.0514397106893307,-0.7583678796640717,0.5467816705350819,1.2062899092792525,1.642065401958433,0.7172963762942481,-0.3684396810037008,1.6695548844288082,-0.30418950353913177,3.9861142304578943,2.5463493397418144,0.8776247354885921,-0.303065657731376,3.2409485693763864,1.4166112283338153,0.8631637420092493,0.8991754751327434,0.277332974612377,-0.37736974223419384,-0.7232197762791869,-0.25243449836887144,-0.8673577174754807,-0.7913641271999913,-0.5755580411801834,-0.8483873296589501,0.4106161300002553,-0.6489008121777438,-0.44577803552472034,0.4409509097782797,3.278456990603635,4.093187451990786,4.395838944704086,4.217559548399503
-2.3921473238748314,-1.36616464209311,0.5602926044219113,5.30630043506068,6.080578034579328,-0.14092026296629204,0.935980492844263,-0.2617610553301128,0.8391105017212306,1.546072260263873,-0.6400621474158056,0.842451324305373,1.270716681473776,-0.4966179122728853,1.0755650407582609,0.20869024407011547,1.5937156474960206,2.035033204402238,0.9246687963793095,-0.29517996557595866,-0.5103574380421445,-0.3997069055635417,-1.0338063279628205,-0.8550919182320528,-1.2266120532313425,-1.097505028494569,-0.9304722456868667,-0.723604447444322,-0.8671494121306642,1.2522813528574879,2.9022851208920297,3.9753060034452177,3.8581986301132263,4.254360022473571
-1.3628005771966456,0.449067823284252,2.151559006869787,4.9434510077655265,3.638768893398178,1.7645896021184426,-0.30974893276380233,-1.1302508735735661,1.3094303857872247,1.4333684593041114,-0.6634133603650636,1.7584126771041357,2.351817356140405,3.2182303829294696,0.6341625582035934,2.0701308692462903,0.7370292201888022,0.031265830044511576,-0.1840617805371226,-1.62550781448368,-0.871217294330047,-0.5599512471112478,-1.1897597169033547,-0.7778640930863265,-1.3603741157524987,-1.208609621989646,-1.1733254756138038,-0.9903850181281212,-0.3612848072545532,1.6240193882215292,2.8902404224526204,2.6126266326345498,3.1375133111915217,3.560439230856088
-0.5325581530764716,1.6732566074921824,2.4931647706436078,8.849935305386374,1.5490346614524273,2.2781665538509883,2.289062538408869,-0.8593414432397781,0.2530051247409007,1.9404859273036315,2.4803759101762592,0.5876707214549161,-0.18103410053051677,-0.4754731112515435,-0.18700463772215786,0.09869142148256334,0.12797858104420867,0.16087882196028622,-0.4045798234218304,-0.06803806912772377,-0.6561038879194643,-1.3050208390403595,-1.1167625192107844,-0.9166631423970325,-1.240227637397606,-1.4108456892470238,-1.0931367649899992,-1.004025071970144,-0.6911266860621077,0.5088227022024769,1.6988910014055696,3.0655487093468374,3.240966987885558,4.4578051283108255
-0.6796437110960308,0.7896699828669534,3.128623333519821,8.021121778263185,1.274316074080337,-0.8824683642512076,-0.45566178956297837,0.5573685466376478,-0.5909025047725236,-0.4187567339392465,-0.7963572289893065,-0.3956047158236317,-0.3552852413555816,0.8939261611165619,0.21708911626518237,-0.16467346067337146,-0.003784278767803241,-0.1910012683803253,-0.5852019761576002,-0.6049713322594715,-1.3867682389789755,-0.3243729664218169,-1.32769286118295,-1.2888424491467523,-1.541247121301252,-1.4983212178274616,-1.7881714073965955,-1.3820502668170465,-0.7328807013441946,-0.2478002018839285,2.7709264326422,4.251017164852988,4.803007510674359,4.586672844785507
-0.5935078912676581,0.0541776128981699,6.997134621659393,7.4463205742111995,0.10856520843472275,-0.9530059100077661,-1.1005475625548593,0.39537939998029525,-0.7278397925547083,-0.7247201599181258,0.8606849937716,1.1985390733552956,-0.35240470505299565,-0.06188194744443092,-0.16310682728882986,-0.26575016364967,-1.0169611598866577,-0.6887886662935768,-0.5689987743306297,-0.5779740927903919,-0.768290947711601,-1.1648385297507406,-0.16578811753696396,-1.4681418575237044,-1.7606453142282834,-1.604462327564135,-1.5355568801009567,-1.4925360504859306,-1.149134638211102,-0.6332743434408079,1.7330045459965195,3.284713206316869,4.487394208820555,5.491010539697098
-1.0318521498161395,-0.8429387351688961,6.2422573229225256,6.322314273614876,2.1415138632153248,1.8113235032602948,0.3618637430071178,1.4926905704590319,0.8055836837401533,0.44455239885029524,1.1409932781169592,-0.7772078685349456,0.23795809356292846,-0.24014712891774212,0.3117907006729576,0.07243189471187625,-0.4834662432760418,0.2002453700825108,-0.6393894978816385,-0.4034485928732988,0.13563428226168606,-1.5404710274647506,-1.2825835284991667,-1.2887806043613868,-1.593765053355215,-1.4322567265139188,-2.0028858107834706,-1.6450690059038173,-1.325360460247772,0.8955924645070917,0.780078708740784,1.7525367023205571,2.7396089685415266,4.687267705908857
-0.5235804525678323,-1.6861356930531,4.760116794001319,5.355650540474326,1.0682521251082084,-0.3162178224367654,1.3989176669791352,0.44692847910133604,1.3999879995750262,1.1107428066017409,-0.6566109294192246,-0.8037862765054062,0.10065439635255989,0.011862406159432808,0.40787549267096357,-0.10861228339027047,0.4449232943047918,0.9414109671756009,-0.37933230663748546,-0.6435054338172969,-0.9434484200196189,-0.9310984594607893,-0.6618363431609616,-0.8952310082274857,-1.1413063016154357,-0.8990597372355715,-1.1499652343352191,-1.534508891405928,-1.0429895596533327,-0.8886472265720249,0.9299664155387078,1.3127913202137604,1.6036733062096822,2.828446895989036
0.9672915733724153,-0.17016266227136592,1.3888854379959048,3.995369965248442,0.6584859026859421,1.0354577056688425,0.7810364186746892,-0.006253262234332884,-0.6237387582948308,0.4108272265280243,1.0140565642398263,-0.4598088421503104,0.26287063797488947,0.9772985404525568,0.016188935819425355,0.009047838288930252,-0.9230675460079463,-1.3929023715737265,-0.698679372096591,-0.35874501698417227,-0.5439296167115292,-0.7572160639565383,-0.7303116660977274,-0.6430586278645402,-0.400246005145143,-1.3195121159003247,-1.2337804087709978,-0.9830948731764801,-0.7816250322936388,-0.4972039600060354,-0.9330092053225665,-0.48850763443943745,0.7364841648123742,1.8608934274078883
0.7151603082253016,0.02875130568251375,-0.5681907309364362,2.024711267052911,1.0229885911046481,0.3526382542470972,0.19770503242329512,1.8897264325801906,1.3204425865412162,0.3152844399879987,0.4670371509294176,0.29589534272910756,-0.5093024761459843,0.4096859511576461,-0.7843290964188906,-0.0036016898107995754,-0.9872170066108655,-0.6925612188020963,0.3903131830456277,-0.09754960120508444,0.1732278542499149,-0.6089847770282897,-0.6710238868860954,-0.8664515349278444,-0.45310345931657436,-0.26119357593905357,-0.5246461117492851,-0.7975238846481812,-0.5337801753822538,-0.6904048359799165,-0.22427287849180227,0.016020723086468184,3.5820420960364006,2.4406353651247104
0.17075908915314036,-0.15516521991936486,2.0139742966160434,0.667074712998004,3.4810259705044606,1.2634236012057787,0.6092270920150156,1.5601911412724343,3.5909080973093332,2.563504242448062,1.8770372180701247,0.5449629035835117,0.5774858308837869,0.7533347959261087,0.5726564656598642,-0.03414850081647865,-0.29924974807735477,-0.020337129526105186,-0.3728340305357353,-0.058392793681888405,-0.05789665350896544,0.5702992929180488,-0.09916421963196191,0.1028926133493993,-0.2791452623678385,-0.2980938608442828,-0.5797779621953038,-0.3556594471348426,-0.3401801138144085,-0.16284722892725495,0.07254516430585009,-0.12699519102368864,2.2777906447557665,6.409575255358393
0.5042223618343833,0.014915839356016985,0.22583684886092673,1.6851520356279794,2.096570349572896,0.7633913049322761,-0.47329761929689285,-0.4272360214066977,1.5838052639536764,-0.6455571463580727,1.1074658876826853,0.9796278341909184,0.928536635821034,0.2877523222511859,-0.13966075111664686,0.2370714684717402,-0.10891799032606457,0.6432875868214889,0.3116974178277719,0.11993160894774968,0.19270655649507,0.27696682493081465,-0.0508510933001675,0.050482575963883135,-0.07194910573192169,0.23960290600317935,0.05635885111162061,-0.4335615854871956,-0.3915000259637086,0.3643967863872141,0.7084156344186588,0.8480747301373025,1.2949108321706355,6.352311503769697
-0.032092518347764394,-1.530801054525426,-0.1494093617471964,1.2837396408219113,3.0465685566871947,1.9144682006054579,0.9556074584569934,0.7004592529047863,3.7771018319292033,1.4178512526931821,0.2772748935710574,-0.4417110484291773,1.079503430468009,1.5516843767507433,0.055210502905440016,0.29362822085253276,0.460302613214918,0.20371367442132673,0.6711406551573659,0.3429980880121101,0.3722828097359664,0.4659471634215588,0.39016946445079737,0.1666774795386715,0.43199309610335473,0.6744876649135148,0.6786986864945603,0.6103286189887952,0.38880466443022954,0.42070597636653645,0.8048801599571666,1.1873146265571148,4.295443666185989,9.070311302844614
0.15896491979741734,-0.024846624676313586,-0.06763346845061927,0.20864663967317246,1.3925831212051663,1.5146229801808397,1.80166088681249,0.4970207232889757,1.5407279990690232,-0.8140833657175958,0.0056399778897493,1.220162212731056,1.8586682151532221,-0.07507589734570949,0.7044285995841988,1.5510336331366774,0.9839243354901177,0.7676764839835974,0.83571483624984,0.7223517105443455,1.1210644167927644,2.348106295123835,1.7980110838394618,0.5908033463914646,1.5265408327952514,0.9980564786422778,1.604579839060196,0.6582373127240171,0.29505654294400957,0.0520624732246158,0.08086638100964796,1.2318758399498357,6.368980348280409,10.45094682615483
1.3512243605704746,1.8754043562178326,1.4205737641974183,1.716492338500035,2.0112212804291985,2.495684462686746,1.3004306312907192,1.2315334827836066,-0.14752200918023708,-0.232139037684534,0.29610981485922516,-0.16326345776439502,0.507636526300902,0.07792392060216274,-0.0469452092724723,1.679130798062261,1.0459254405787564,0.9044604864430345,1.1359031108969873,0.7859176412113534,1.8323192331440972,2.8424071078383877,2.1052050717305093,0.6988310272469516,1.2162722057960444,0.7634398956558058,1.1644904123954312,0.9917433748167428,0.3366044571814472,0.36169652637306593,1.2781945253716527,5.158821351718861,8.13946435981368,10.94832160729671
