script/wind50m.json
{"header": {"parameterCategory": 2, "parameterNumber": 3, "lo1": 3.000054539987559, "la1": 64.9999836372058, "dx": 0.5, "dy": 0.25, "nx": 34, "ny": 52, "refTime": "2025-12-24T19:00:00.000Z"}, "data":
[rows 24 to 47 of 52, columns 0 to 33 of 34]
0.2712207135459877,-0.3189630439555676,-1.5150191303580351,-2.4510011534241376,-1.0920256629551144,-2.749096914002755,0.9826111254670715,-1.100250882059439,0.6908186377007203,-1.1091637986227927,-1.8091517001238786,0.26136370678488996,0.09849520279766145,-0.27225951102271206,-1.7313115939134625,-2.387193190205366,-3.0517364182243307,-3.3821584478495326,-5.202321893609118,-4.991731559729838,-1.3443483502377545,-1.9734912730797638,-0.8049644469291635,-1.0292860541559499,-0.3382035433564432,-0.42648608714449976,-0.9681416698812443,-0.8926567629212753,-1.0052374183397574,-1.9551290567940673,-2.458497297289636,-3.419092417566192,-3.274138117865962,-3.3288904506156434
-0.8533911949077748,-0.7642130875032139,-2.2754903790037213,-3.0362906768891436,-4.153040426962946,-1.7184895201590227,-2.818924770722951,-0.07557691810603234,-0.2611378365890157,-0.719785600964376,-1.3625383627182086,-0.3633804157846289,-0.29916617168610593,-2.517724556325545,-3.0912153938851628,-3.4974996971640744,-1.4698298182463212,-0.9687618136408999,-3.038790454133449,-1.6080547827167873,-0.5112823569888766,-0.9845654128266519,-0.07942273023958228,-1.1474274503124713,-2.2361508790457565,-2.1327493589350026,-2.0513790471368356,-2.380630219619171,-2.514325750583292,-2.2311830935613326,-2.40093042115096,-2.0593396000554347,-1.7566160987812942,-2.572212292689324
-0.3288560641744722,-1.4661055606777282,-2.6279365162191333,-3.508908930061034,-4.405886438877836,-4.249799548635394,-1.4446523194059913,-1.0573075769469198,-0.6726889703443077,-0.7196168754844918,-1.612588333260636,-1.2490748795453206,-3.7015494780252536,-2.7854023968970836,-2.012730617361238,-2.415194210626626,-2.117564111673626,-1.7424020963954927,-4.184548064238294,-2.1561904647574117,-0.7498376315597827,1.4748474679598549,-0.46341581123332987,-1.8089059675986345,-2.0165089285238342,-0.9470280208618866,0.88445755600314,-0.2842602607699267,-1.4071314031637219,-4.232008856090302,-3.903683345547067,-3.0102095573214003,-2.623634435649315,-2.522281769670327
-0.7191554898923325,-1.6939877621295614,-2.7013480032581043,-3.8534025797126565,-5.138281708857357,-5.017244078648691,0.42013709774425645,-2.2310071331168513,-1.2189695799502203,-2.9155952002507353,-4.039591938394164,-4.277904448954763,-2.0038026186727778,-2.781491488095527,-2.5723632904787532,-3.1425651761185476,-3.403663146012272,-2.049425655550631,-1.6605415070548755,-1.7479139768616272,-1.0515481999111698,0.38817910192344457,0.9559153043205424,-0.49715524661567206,-1.3354087419596026,-1.1876501853443018,-1.850682594509599,-2.088755002785164,-2.6468753910583773,-4.252894758548102,-3.074801096869319,-2.838200425639621,-2.3293692999042257,-2.663821919824965
-0.6904579327852189,-1.8681612214593895,-2.7485953692430196,-4.269429393732032,-5.99953514139617,-5.638292570111914,-1.0408157692723754,-1.852994825083982,-2.3843718526905637,-4.902932180480813,-4.1068448239050115,-0.7805733772449219,-1.8969898482068257,-2.1306852051709,-2.587936999710288,-3.2826303952723728,-2.8386951723861524,-2.855082495485001,-0.46672378265012193,-0.13235306697621962,-0.38422482743056074,-1.8144424767810157,-3.1571690703391573,-2.712987440420144,-1.1697119136471354,-1.8780464669047823,-2.0551297453394284,-2.8894500008247066,-3.8810207588036594,-2.9348659325350126,-1.386499358423134,-0.8756332217770003,-1.4339282610440958,-1.8969418480740479
-0.925789338194212,-2.0444421489232356,-2.97924017238703,-4.321498611925912,-6.464167605265456,-4.805147259528391,-3.2410522554253136,-2.468440256879559,-3.3287410615649757,-0.44128625016085266,1.2045357288819534,-0.21508163909870892,-0.5603582421213757,-0.9031438617556528,-2.1297001013680266,-1.9918448695320203,-2.7966009746149427,-3.153337113417497,2.997131781452576,0.17132597107917286,-3.0418824374704605,-3.251110691518458,-1.0462220153352795,0.07224289273491061,-1.2813258301627317,-1.2447457298638054,-0.5041994230832265,0.24436224189399827,-1.2850425710718332,-1.6322717342237785,-1.1185865407572646,-0.8216531597990692,0.7697667847386321,-1.0752927855181424
-0.7932262662971551,-1.6693149877003244,-2.5375295639217064,-4.529315014060448,-7.021733709481272,-6.546879425758169,-4.014098782850564,-2.4384552327122053,-2.239481297741604,-1.4446413277513965,0.20897461123644873,2.2022461285461077,0.3958779965471479,-0.5452906058183051,2.7469064853300242,2.635892999221352,-1.9456737209492847,-2.4001504015635056,2.3858837972069207,0.8416396081643107,-1.643188384357813,-1.8297449492816549,-2.065046417317393,-2.7981638221829783,-0.29631697353329944,-0.8016107746588963,0.12149515533127138,-0.0007872192368030729,-1.9049485667367534,-1.4438567130899511,-0.8822227136903216,0.9132994559648395,0.721389208521132,-0.8354730932402183
-0.14050260547081553,-0.9290881637873326,-2.5714385348095563,-4.584749193571336,-6.566531689751535,-6.6464816125495165,-3.9503128802148297,-1.8882491310931828,-0.13215987226562279,0.15660762388460014,4.6609742405325285,3.6892817984434774,2.5651292706336615,3.230432342386726,1.6435308144842924,-3.078160572315252,1.213115084101231,0.09386944769794624,1.1323386579284564,1.83091041740591,-0.3368084633101925,-1.2751185382895058,-1.060668203394476,-0.6327250033477677,-1.427475785686307,-0.8221385237289682,-0.6424182077143119,0.11415266554342166,-1.3330209669891442,-1.05133225877201,-0.5432442167741623,1.4242239519791446,-0.0033233447868761083,-0.5787127787205959
0.05077751471909805,-0.9770307465713344,-2.45628996711602,-4.053730606772728,-6.261015260164966,-5.831415704397034,-4.482873569506349,-1.5920030972613182,-0.3188342827228104,0.531535768106089,4.109098790041064,3.935573251740283,2.665672428117295,3.1005049577543464,1.6378329314704267,-1.1361691851584113,0.13268007880118726,0.044667458026196614,0.025428568900439142,0.47045001493723776,-1.4761258763728808,-2.573535138667011,-0.7766875330970983,-1.4059012796586619,-0.6780328121648216,-0.804079361285524,-0.5517803014045176,-0.838778906135486,-1.2551148169394595,-0.7384386645007726,-0.4872223009767566,0.33572007854113034,-0.15249480033294738,-0.37475656283754216
-1.0543769940578789,-0.8301408631612868,-2.49569666603182,-3.412494656420725,-4.031387954183917,-3.108138431168621,-2.512425309335867,-2.1646019289337857,0.9427014510343833,3.5249095349484665,3.320317025533774,3.0930432171654028,2.979903524527847,0.6100831577067496,-3.764343271862792,0.0018331938139764543,-0.9230611647791259,-2.1180032351593434,-2.500332738693214,-2.2485216606278096,-1.2964607742566296,-1.0402002080779456,-1.3954761832544607,-1.884750138719123,-1.6965099940348913,-1.182357422416353,-0.11438999056784566,-1.0809388406509481,-1.0738457408853115,-0.3721069004726283,-0.2979531796407974,-0.4041493889046575,-0.4899442778121153,-0.8331183907091395
-1.8073741326140844,-2.0380436879964514,-2.429541187932718,-2.9362060639641228,-2.01064171729191,-1.4673699800731292,-0.45277579655974337,-0.009550488276729108,0.7757684855110101,1.7434646990818359,2.69796164414716,0.34605434943961594,-0.11232829023738021,-3.779537090118165,-4.1488077169968385,1.7259397027809678,-1.2393987128605048,-2.5481239266510305,-3.382891678849891,-1.6361348574914822,-0.6435574089688324,-1.6114305925233394,-1.9587401178677601,-1.4068496717504695,-1.489383328237716,-1.370151958222343,-0.4163666729243654,-1.2639270274708496,-0.5849949932609445,-0.1247659665022484,-0.21221798972874634,-0.6943514290882871,-1.3316445336867575,-1.1292154346688144
-2.109649376124929,-1.9704112054652794,-2.4247815830390613,-2.2743719830848175,-2.1283512377011937,-1.8254460346825376,-1.6708754046761778,-1.8534234477247955,0.08675165878625321,-0.24415908899985975,0.42025206729808456,-0.27672085964753335,-2.332507671610444,-1.6148700300385794,-3.2440340951629296,-2.255488944465478,-1.4625387527686593,-1.7221769913448186,-2.434242815837557,1.201070010008288,-1.008695702209885,-1.8934264221346835,-1.1322949441203882,-1.6623107989822228,-3.1528374112000126,-2.464202723433546,-2.021252975334582,-1.4069674875243043,-0.6294406778469668,-0.4482826525352413,-0.8289597160151652,-1.0124019115575462,-1.7937808898657082,0.6939981685461671
-1.6108589655617338,-1.953844713885028,-2.2764403993083535,-2.681813375288842,-2.611034157523047,-2.573075923833636,-1.8206926934985268,-0.7263472016549486,-1.407978144741679,-0.2360959019402019,-1.0640506415480286,-2.09854316244209,-1.793649798079567,-2.220875999472654,-4.631057539030436,-0.7999687566278952,-0.15085459296474635,1.619208461363144,2.173626009377897,-0.17243465764452173,-0.8047333513518197,-0.8166004717920842,-1.7879431958456238,-1.9925572704996568,-1.3075162270648375,-1.8752965718732149,-1.6606782100882567,-0.41617668225466203,-0.8678431824403234,-0.7730068268372969,0.728987090256015,2.1549437298436493,2.132196275342406,2.282226219986786
-2.4643765573733716,-2.6255684828025885,-2.7796383694600557,-2.5555846899195775,-2.3897093221023082,-2.0372215188266045,-2.136160462096617,-2.1739250213164905,-1.9092682619186432,-1.2931947521331766,-1.4794343063925395,-1.6364672739255464,-3.534500580226153,-2.490068533034842,-0.27823316509794216,1.3214335781841997,1.7271535928884354,0.582141650758989,-1.3683293850506155,-1.3022828113528402,-1.4474222585401821,-1.4721302846220867,-2.691678410568505,-2.249907048845709,-1.8865344734561367,-0.7643810711920709,0.8721176726455613,0.4738757739794943,0.09254735595465477,1.1713502292205,1.9586119517450973,2.2111350368763008,2.0563719631437447,2.637565467912996
-2.2706869716585945,-2.455846979943038,-2.6445146325522293,-2.409410647841506,-2.473801475405223,-2.30282483035139,-2.5532445564238553,-2.2233801230473875,-1.867066660204718,-1.6879956464581949,-1.944866272198715,-3.224986463401549,0.25608425260719136,0.8313945649425332,0.3841129383527101,-0.5089312902660125,-1.2540320556139548,-2.3694641716528504,-2.998727839874188,-1.7100339779483917,-2.6126787770949726,-4.087122094394511,-4.60357267047654,-2.2408561092650614,0.0797948540518804,0.25815398757063235,0.5942430646228155,0.8324826270320094,0.43640258481811584,0.4422553730997217,1.1276762642523797,1.657213088953354,1.3312061687578964,1.0239984419284458
-2.733839364287176,-2.7648825865909554,-2.9921119430803773,-2.7931443106971994,-2.60715931882787,-2.8032515045661053,-2.4448993057448285,-2.131422019883626,-2.396649087137861,-2.353929633429369,-1.6641682767917303,-1.9094289096862493,-1.6061076598811017,-1.537089776116412,-2.19248582473837,-1.5216634447185766,-2.2417509213252242,-3.53110872745906,-2.3238581136493472,-2.4323008376287083,-3.4299116326039734,-4.941961127335885,-5.656707577611488,0.6356657795106919,0.5716718890387303,0.6494320813247689,0.3653231745748733,-0.20033256800750837,-0.5807584517306027,-0.5300800664844636,-0.1541221607019426,0.6288342527116486,1.1708399124891453,1.1103498896920432
-3.20747890323487,-3.290398194904306,-3.224365176549161,-3.550756292168328,-3.5657068232242497,-3.3314509710137465,-2.926853855819239,-2.371971251812889,-1.6335319511826638,-2.2751522947449034,-2.7454130986160643,-2.5198253282887175,-2.7291543888389658,-1.7822057892279342,-3.126711614501261,-2.5162251489172403,-3.9074455935374472,-4.469759496587933,-2.058610503946337,-2.9450740466139114,0.44562137481022074,0.3996159685840448,-0.6442640356186882,-0.41058960885100737,1.1690187935138145,2.1627400544168465,2.451503235585915,2.768939122296518,1.8665339187001775,-0.1953235690192606,0.27406974479584073,0.7790241269160583,0.7675446054629422,1.2180687298814552
-3.3424610978093177,-3.593401203195396,-3.6628183096095484,-3.8358254965590555,-3.8411793144321518,-2.951425615514487,-2.7393867096837394,-2.674042379274902,-2.580302348949383,-2.4552531315018387,-2.588767801157125,-3.230691509936514,-3.503705817593316,-3.1177766812579653,-3.60305589999398,-3.7855839034098793,-4.28835984887311,-4.035280311677988,-1.5533859331752138,-1.2328947090196918,0.7445803902939929,-0.2340756671901663,0.35545749709817825,0.7662314171747749,1.37000909422514,1.4542426190378683,1.0001238450550964,1.8266399574620689,1.4117937088114016,0.9318519643608074,0.7640857634840795,0.762555421045996,0.616472093757975,0.9845230645290569
-4.130026974995874,-4.12384892220765,-4.4025626771232815,-4.3726545210654315,-4.138410966678815,-3.462780865854522,-2.3765482844605703,-2.6518743820446065,-2.3220300923421306,-2.4869087785738793,-3.660939965950146,-5.48876085139725,-3.9866976214911434,-2.8466705941089065,-1.8248862751061825,-2.438729333481141,-2.4097140300416413,0.18297199676487105,0.5617590431573226,0.18094755604048618,0.4871213865512363,0.1272924727748604,0.3723691045506124,0.7591506889577656,0.7974988255899117,1.293266996774137,2.1293293755367597,3.2456030859076743,1.0931716034249743,-1.8309786782716353,2.0730908683976996,3.090755828423395,2.1890754320033414,2.254707989718294
-4.578425606423507,-4.799612399169419,-4.544360252315304,-4.073833496069886,-3.466972847571833,-3.095659399141413,-3.0550040769170193,-3.1188587093017905,-3.1786192614219044,-3.1898100236896756,-4.075610021745561,-5.6046208193474225,-1.9328229676219828,-0.3448622157553958,-0.5056298794498242,-0.5676276057638475,0.49876107502921235,-0.10134144067452695,0.12491101436809308,-0.7694803933594321,-0.9858475301049945,-0.5329920129645195,1.4346296762444055,1.660231803467752,1.452124145191309,1.0222974620581455,0.08338396460304241,-0.1112093184323764,0.41016691581849457,1.1944613020644357,0.23630948199707322,1.8888198715987274,0.87200141149397,0.9138336477151309
-5.26919621330933,-4.684039337946311,-4.065618917857526,-3.8182670218505357,-3.959364013398189,-3.630770864483967,-3.576171155032589,-3.7132813654920254,-3.129185749308403,-3.159562904703488,-2.8113260196044307,-2.5366501767666874,-2.0305842709095407,-1.2110930604541734,0.18544985094263275,0.32528126829329407,-0.15148150379343744,-0.6293779988374137,-0.6852651845654884,0.23390353208107198,1.6920728493029373,1.0941587007738038,0.4176612461466137,0.019156201891470773,-0.9111128968556477,-1.2698655169077135,-1.1407050036682989,-0.5574909675489963,-0.049497234208969745,-0.2738690809561434,-0.3636165842914532,-0.6980220473932764,-0.7734447076002172,-0.6527309961980193
-4.97770803070727,-5.2600108516890005,-5.073593663363515,-4.903718584057562,-4.434221064756856,-4.130943652489198,-3.79080246375986,-3.6905991824469173,-2.804122663996089,-2.2906307429449804,-3.008547114744981,-1.2549819805700695,-1.6792430637556253,-1.773081916901138,-1.6833393174974194,-2.1251591094965234,-2.3627712263252474,-1.2921473291571792,-0.45282315305159515,-0.09513836902075094,-0.2809502996075597,0.05712296195614275,0.33382094708849425,-1.283564396963871,-1.150323126809878,-0.666595770886823,-0.4527854885423728,0.3521188265020011,-0.5682724579145543,-0.7027181424534481,-0.9539320482474087,-1.8463212171727073,-1.8204898849399727,-0.8214437110828042
-5.157527555139468,-4.931899470528863,-5.2184737482339605,-5.327176070537283,-4.910279248640934,-3.9860404177189332,-2.621888446847032,-3.0941808658673864,-2.9281366432822176,-3.1836047145227466,-3.8235693053392676,-3.291498368932981,-2.4630170805851948,-2.0444163840759497,-1.4606568743085508,-2.1378927055507533,-1.5239183091625752,-1.1393720279433628,-1.3399778826150006,-0.8122782142942543,-0.6834552717877374,-1.0832349064925633,-1.224719755587816,-0.7920065970251051,-0.5834234993133659,0.01624905856460886,-0.011494926201099938,-0.00921141841180768,-0.4336209199310207,-1.4068568298863136,-1.8791219436006477,-2.145963322162663,-2.093662322101497,-0.8523255492720264
-5.0709565492872555,-4.676971581088282,-5.246001486214858,-5.154098697350763,-4.908551625930097,-1.7177326812224858,-3.687413838548601,-3.786601804074093,-4.382287104392386,-3.799071449312416,-3.215727049601581,-2.807922989829788,-2.929910518873143,-2.8060091793612414,-2.228082843318874,-2.0118777062682733,-1.4509719227618045,-1.6944100032817013,-2.3040610492048077,-1.7279930189931114,-1.3817225374119835,-1.8406137100177702,-2.152464043438391,-0.6104710037028459,-0.7672237567908663,0.08706500122069831,0.1251248173749157,-0.4033457548113624,-0.45411758669830293,-1.5776558944848411,-2.0343311385977505,-2.467191453599549,-0.9456077357708946,0.4993431523989026
