script/wind350m.json
{"header": {"parameterCategory": 2, "parameterNumber": 2, "lo1": 3.000054539987559, "la1": 64.9999836372058, "dx": 0.5, "dy": 0.25, "nx": 34, "ny": 52, "refTime": "2025-12-02T19:00:00.000Z"}, "data":
[rows 0 to 24 of 52, columns 0 to 33 of 34]
-0.9170234047803785,2.3191943837982167,1.919812579181235,4.200703992163558,3.1877815340777533,2.9980375807164945,3.6613370832950705,1.4860320615627238,3.790407083503471,-1.0912613273418275,2.545979816141302,4.21979164142274,5.112871244996922,6.665652116148566,8.446817301636075,8.988131457400105,7.142058230250939,5.1511060458785565,1.043433739952871,7.793004728709105,1.7769045775804206,-1.3709876907148384,1.6875324403801146,5.8806429622371805,5.001668733058978,1.9588981396208933,3.1921099764074508,5.4062729024601195,3.5903603530039407,4.203451464608695,3.7758403894274384,3.9848665021420517,4.347099180186122,4.096170430741119
5.992271161191142,7.391524760593731,5.950729205103716,7.117241404502795,6.933749648663216,7.742425449010129,5.9769720831573805,4.961602076884654,4.726812482818915,-0.32034649325668224,0.9367136996001707,4.4184860454243635,6.361215521371775,7.825234312232457,8.070589944462162,10.070743309601733,10.081185326022204,9.071506237256038,10.518112868439486,9.230880129979019,2.9511799200117057,4.9851888782743385,1.042066441012585,6.65095717405097,1.128763539804126,2.0537786891991785,4.04850307835319,3.0646226334363633,4.519218452629265,7.002653994102309,4.339169869163349,4.875550204847076,4.095201768844953,6.112894056194633
9.089705979444096,8.474958680033641,8.102922897747135,8.299297281622815,8.339143792448816,7.751225782037367,6.293303581906161,8.820969232141207,7.351581010648029,6.1578292173932105,4.625122433069004,4.187681671364858,6.48874551397527,7.816598402121978,5.746247807533135,7.754368060407801,13.230904978255579,3.8583583233593584,3.4925347067576116,2.6847753312596403,7.490094163771879,6.641476189172047,3.067826790298828,7.00700892928124,3.9725390913288954,2.694969247985283,3.48276991946096,4.746184410957192,3.6315452572337463,6.050424895198774,6.149707609101904,5.096008816215932,4.713557802543527,5.707904408411961
10.93361396338953,7.980213391977729,9.142279774527145,10.59580944533017,11.2161398508341,9.951675689038836,10.882532652580394,11.645669475777911,8.481778844938535,8.9556173331412,5.302579976817562,5.900860649507756,6.17888995694002,6.917894258382261,6.640361697822785,9.857040370968479,1.8977167040004743,6.333712596209888,7.779996640024154,4.466492165484002,11.744515909341315,6.413413617256541,10.200453959345028,9.264147522838787,3.5057203984297733,2.9136649990117016,8.506548072334974,3.1901381273988623,4.54336319856506,4.773773502472896,5.016632338234174,8.716328844505684,5.7820434680860195,4.281597525567219
14.532794294585592,12.491403735336572,12.788699060854253,13.829778783706178,14.415372422931638,11.88048863348687,13.851763659828295,14.131023908519618,11.569686147983028,4.142927437732559,6.765578753484481,4.4036260412887485,5.296889879029921,4.7158119725969785,2.3899617843126744,8.401896197162237,5.228717679870145,3.745670859957354,2.94509009536996,14.53338408794611,10.023356876157903,16.983950656300102,2.2772910692701194,8.500821710427624,8.933778077634827,5.087936302652077,4.940549747645482,2.739297095753675,4.8786473136755895,5.334461318583522,5.875786585415293,6.751604304816248,5.531340435176754,4.496800676494329
17.36273863123125,19.92289564808419,19.29937363058073,17.42354504031595,17.682614006519742,15.099110957680935,15.079786377601103,12.594166072556186,9.06237897494158,5.271708279878745,7.843588403057874,6.218436392877054,4.181200387075937,0.9143252133579135,3.1758708653858627,2.3224091834772578,2.7906219843819433,6.9451031891788455,8.397221720380772,1.4369831777975632,4.985809760930972,6.585918128835902,12.776661906436699,5.174916551028433,5.582841480429917,6.601806476837865,5.30500297673713,4.426066578453349,3.5013540899229163,5.491722666502617,6.807413169880865,3.9800880194864723,3.7557402270917217,4.419516196364085
25.3501144252938,24.495700184212236,21.61231887502832,20.88610589222609,18.035732706459495,16.13818674050813,14.269517024502266,13.978436603574206,13.436384852462096,11.053413171711105,8.564141213884625,5.921956962674532,5.3135035258141965,5.168555460017244,-0.3658146945636269,-0.4281544553280731,0.02141023942534061,2.9226276108974294,9.841596099355069,10.07477392141598,14.25417558547222,7.238370409654336,6.01402360855895,5.228133893145174,10.580575657387985,6.6586098608023265,12.315922136504676,5.486726750400234,7.320343907601988,7.570593745781379,5.701637853480149,6.877949347505991,4.861272060448878,8.372759816473199
23.89539742513889,23.499269470164467,22.608488525153366,20.15627201970623,19.287451656805263,15.742864701791284,15.85307140619939,15.175481555526444,10.844661417070512,7.367979371539722,6.018757654284727,3.388401608245753,6.4722300184854555,6.998570337942941,2.42947244564398,4.6546664356761935,-1.660170224109467,5.2674928638603715,9.767460836636507,12.09668702833001,6.340387580775025,10.025398565070793,4.650879281133589,4.689676323379929,6.2657196507167,6.790769266647064,9.47144974404512,13.081071124606742,7.006452737638189,6.132459962417911,9.909002155963718,4.978949654205611,8.348674986793613,10.575453990492226
22.641734169951405,23.310271558463548,20.637201282850643,19.93311640892338,16.71774533924027,15.966509756715096,16.520872897299515,12.504639210937945,8.89301645982363,8.31229667990241,4.2169121718879765,4.041668164020859,10.519455333701018,11.14097990693782,10.168616527637887,5.039504615451523,-2.500934486401016,11.230007798936311,6.671505673569406,8.250598776200041,17.922167467966023,10.578343857360991,6.288301519477703,1.932728407981856,5.252477129551235,8.029528486530724,9.254965339319696,10.452705547266664,10.642496758857495,6.474284320303242,7.194066658040083,6.824688651130148,9.67977617307197,10.60131834792737
21.157434677961824,20.000878006766996,19.00197992511204,17.99301105053336,17.19867262650058,16.802381987182578,14.341822371310794,11.794630796731193,8.415382297967247,5.989622293547576,3.6764714813610544,3.059380802829208,10.77527809915341,8.315736114847086,4.362454499549034,11.439127144609634,8.20218061423821,4.637264941609429,5.51302014727891,7.4793323482341805,8.367761217435163,8.714978577674826,7.38421051556024,7.070728196331184,5.273017449689007,6.736719280732056,10.277294244931399,10.429834991501195,9.576390560307217,7.9613079484816955,6.232973658200206,9.671440526207881,9.930716759650899,10.406976218653215
18.628412738527793,17.614772061582197,16.71648785405836,16.872638704491735,15.731490295212373,15.781439089057372,9.254147638393976,7.2071666894186555,6.320069229792638,6.216081677599649,11.626506469564527,2.227797876696595,8.387146682609329,13.491099329971416,10.799904824219889,1.6291899868215751,6.4044449125494225,7.021590467964513,5.5740296505779705,9.092525839680206,8.224242335912757,6.287330546897937,15.06405998977349,5.856671272004149,6.969351789733397,5.653373678775062,5.883901712344773,9.09098634177121,7.802826053819602,6.994941398181879,8.090582472452768,8.896032919265673,9.727028514241088,10.586369839624917
15.678447151373772,15.8285484378875,16.535869299537605,14.687447564116832,15.457320160351593,9.394202882827866,5.598255009923723,4.619211220404996,3.38336893596152,9.118878146798602,11.861476033737919,12.357904209185566,6.526284098129178,11.23470716561809,7.834970175784648,3.8959189280203876,4.201010774072536,11.66967054082382,8.31936317328371,7.20014224497874,10.522280030082014,9.635935773379837,7.47440807429462,11.061943256264072,5.163381535446303,4.308688279776986,6.867516337118904,10.178257264917328,9.609713940369884,8.115690527434571,9.53849520971314,9.240359985543774,10.719903553878265,10.926975862569423
14.756186642488709,13.436826297610446,13.174794788883188,13.78174754039946,11.630194764011426,9.701997444965976,8.065425422333401,6.5686594590531,6.97522555197975,12.38037761970153,9.847758450771252,8.106207125264653,8.030140215962561,7.073394149515012,7.4298308915092575,8.294845357757591,5.455211273055256,12.108818977416105,8.634258105424504,3.9702246839733513,4.993474844063774,12.06251929649346,10.779140214575696,5.82440274495462,6.249916404277872,5.881628873927289,6.482677308995376,10.516781406226674,7.5686547320889455,8.338939560833449,9.124163667986956,9.48664331297495,10.474470637676973,11.163605922079565
10.91748362691697,10.500163560668758,13.276272833475362,10.680008745236286,9.249024498130803,10.171039975278227,12.796663660791298,5.036257679216512,6.181480985951394,12.825567691283837,13.190230048350136,13.288642653615849,8.192026636909363,-4.874669163794658,3.3568734544032193,10.915471472525068,4.7379212052723325,7.043816667040069,6.054617696079276,8.225958645655167,2.740638548533013,10.180305154734326,10.824089237182532,9.082886895570976,4.461739304615721,7.168586547704627,8.056922896908263,8.90032616879658,7.135914555829953,6.967493985116613,10.027804626835039,10.244020359112499,10.150466926036922,10.626036603915116
10.01817214037109,10.734136591168236,9.945181555166382,10.167160445445827,9.396070592062093,8.276648994396059,5.999912196647674,4.860091305378345,6.723930143907257,8.013547723598688,4.024248457638067,11.205604202715712,9.844562319879694,5.927751741698926,6.177538375935008,7.1065459396619515,-1.5457917683329914,3.7214261494087046,4.22474286795063,4.9804685290477595,5.705203027745743,4.199337294172316,6.895239404438147,8.151070542498811,4.773456540668298,5.843771068094056,7.187692211395588,8.305556824966642,9.131738403811982,9.747013470181548,10.88393800754924,9.94636214175431,9.606755944882345,10.411331292743624
9.400718208690904,8.983805096449935,8.415219531081803,6.9896265205536015,8.159485941660964,6.318046290384113,7.39020737773335,5.034373898853288,4.535702531211376,5.976743607646618,7.386293389557106,8.37220698805126,2.644893852213631,6.866568659238448,0.5315852301589428,5.28330927610128,6.7283481308427815,0.49386381426402165,2.7367638867540967,4.074593978169611,13.09894727156497,4.548274735976365,2.690997814568226,8.696040490931585,4.827674681950258,4.592719961445931,9.944258749965439,7.773588701940349,7.743714629614,8.481202961429787,10.90768802987488,8.362730829411921,8.41478946262666,10.138649464617513
8.253542193512487,7.898696470672228,8.02872948152174,7.2781208290906205,3.4929954238019194,11.229913368327553,5.341489676332823,8.226962555565613,4.84838359538828,10.958134410432647,13.523785859156382,10.978584090612475,10.922190909728501,1.2039062877891544,0.7782341637412089,-1.3832107044911142,2.950899541362165,1.3762910434346727,3.8225899257888134,3.1378326243121526,5.8276727457655335,5.592556399698819,5.007719720176493,4.067201945244606,5.201205531718655,5.149230980684886,9.185458043054988,8.56626825695903,8.448564103105623,7.64800909666613,9.545305236069979,7.703216871491533,8.208775755256465,9.004345034618474
8.253764897321059,9.01562365446622,7.373509119205102,6.9320067344421,4.1261389857318305,3.4896931853820585,7.261515515878758,1.9053598747888674,8.343753970505746,12.931517331572312,10.541144910549596,7.02711741138426,2.6656733496485194,10.331717426924103,6.140692465888977,6.404659517991631,1.5222443084398325,3.369583823152381,4.982429686562512,3.0794729635804745,3.9817012711854574,3.035354922643945,4.590901728635114,7.469598429414305,5.026083566541898,5.240591284637035,6.53363538797415,6.148458955359128,7.316708602611705,6.041843255687586,7.038569611247072,6.662046626591045,8.050041346673554,8.60866795449084
8.095494492210277,7.619665500984927,7.0211285614780445,4.240950043495387,2.3143505682102616,1.973800202292833,8.11624140267443,6.665229358840173,-0.1793692895361587,9.327460127778211,9.949712165297159,5.943071043451381,11.503470772288892,4.4659997378759595,1.5187332492502903,2.853741485918566,1.5317333738127141,2.088311896362748,1.8938848230637033,2.486958886189942,1.692415603123624,4.808466667389944,5.107631663505713,5.630065311198155,5.352549007936133,5.995215511899423,6.636122995501975,5.521597915773858,3.196279422845491,3.34086562709475,4.6146434137529235,5.325452005911488,7.256616232094619,7.079596540346382
7.632838904890685,7.54533611349899,4.602233723377821,6.824134326419276,0.8476668011912801,1.6186809441067351,2.2283052146805034,9.308901015174376,10.318695577047269,9.944573757654325,10.726544732113501,11.283835800315522,-0.7100318967904119,8.052494333377949,0.7755689940565516,4.2014602259979865,2.0799028497174983,2.4738705903237945,2.0467026299514273,2.815810045981681,1.952173753583084,2.19180901772723,5.810152886110763,6.32602759523066,4.9402305658425005,4.439862903319354,4.8212748120474975,3.7312199005563773,3.63976768029266,3.585363305793669,4.033789237816966,4.578440761173393,6.280289698952296,6.059738024995641
7.649982345085224,7.347480929800458,7.585319613794818,4.575063631516467,0.4574029633812255,-1.763604970498717,-1.2589860545418128,9.317369322058584,7.699605750609153,6.028349695411856,4.797340222877536,6.526973293407586,8.766553558708196,4.463687831969072,2.150754842054435,1.9900119310212339,2.492160694696734,3.319635106343713,3.253542890522003,2.5917806353794073,2.39360665458008,2.5780387350881653,5.458495715782651,6.2509112620372,6.709249777447133,8.217472945410355,3.2270611496404413,4.730113844415195,5.328802907661932,2.910406685705545,3.3819676554413363,4.261672413527552,5.633753939707087,7.940541696793579
6.927423805383765,6.290208632410769,5.782958814921917,3.368883560943171,0.4760394092506213,1.2173624215073975,1.6918500853078962,6.37863335498777,7.323843924352569,1.5771953654145783,5.086839848360374,9.46461395826699,1.0938278818120482,5.4609565840829495,2.972517254350326,1.8768372355479486,2.6529053537368057,3.811542827499208,3.732558681967642,2.741266888224947,4.375452959514335,2.296169677780735,5.578595344069693,5.956537078274761,5.855448132157894,5.110609380287453,4.192341755600573,4.186668686158523,4.746602224122379,3.2780735360125,2.933169146720093,3.8841499111908013,5.982898336370335,8.037964746332294
6.488299723323204,6.4404916813677655,3.1592006642379964,2.056391253316559,2.1294215739048967,1.2376224987200426,1.5888470343051144,3.9159605226377914,9.255573054562497,8.440080402337944,2.6628326043913777,4.170317237480784,6.847253978149603,4.3072093167297885,4.661683810283736,2.8109689633220243,2.676983256777925,4.920923715134246,3.3938893489364976,3.6051209137413163,3.8803029206995343,3.4528163909435037,4.675873366464194,5.123351503066194,5.713510077456768,4.270260059499444,3.3969321280031712,3.4398053458123097,4.1362316040752125,3.6016559643206554,3.1535011563550004,4.230114658244985,6.8071299434233445,7.24930463514233
6.373746268662754,5.8436492594482115,4.001283439466323,1.6748697950804454,1.5930085671895708,1.564020673512118,3.2768125330772118,2.238712152349626,5.453012200670214,0.35370257525613297,3.239927215436715,1.041337051734766,4.820901847488524,3.767221400474213,6.463032993762371,4.9191437979460115,2.5737425030572885,3.924578841915533,4.156298802432555,4.100678574620883,4.720778063262018,4.415117869574533,3.315327616662805,3.884293170016411,3.1121403393931772,5.462704254653427,6.174460818438395,5.075603246352195,3.4758175761732857,3.262680283298676,3.3939962405314588,5.935104053722604,6.904423837340093,6.57313148563866
6.174468293450809,4.860655198771858,3.676311368924878,2.5204814040406833,0.7159910113484674,1.3513812849842584,-0.29076986095929563,1.3928909673977927,5.457214591644028,3.688429776422027,6.762584031697096,5.013219829150577,5.049900561765944,6.0448946726996695,5.975684701410714,5.444696758788563,2.339083646127073,3.550251297307425,5.174213202070409,4.978296166094882,3.574400274191845,4.2527974562534085,2.818858443839687,3.5942424915648474,3.9140249340862105,5.133143278156855,4.635423018126876,3.1613350712097104,2.542789377285812,2.8223861068637626,4.649880998452851,6.40672947353886,5.882883177295678,6.120977443801323
