script/wind50m.json
{"header": {"parameterCategory": 2, "parameterNumber": 3, "lo1": 6.000198445256149, "la1": 58.999992894266676, "dx": 0.5, "dy": 0.25, "nx": 22, "ny": 24, "refTime": "2024-01-25T03:00:00.000Z"}, "data":
[rows 0 to 23 of 24, columns 0 to 21 of 22]
-2.255551581640807,-6.0802557237099375,-4.717552672240744,-3.4562909022960593,-4.143784484579334,-6.283142444651536,-7.001389232702319,-4.984023332892385,-6.251767101391181,-6.546161037059181,-6.0257856426241565,-8.013946960434156,-4.710268958534859,-7.347643660905863,-5.5109801150574365,-9.038935578171913,-9.789417936772331,-7.587398050644571,-11.157967144897684,-9.5892613074195,-4.498692985468021,-3.675472146308054
-2.0198155014455454,-5.014444783298603,-4.043909257627235,-3.022266638599878,-3.3705395812239045,-5.597350917412558,-7.083822891027046,-7.447269671596858,-8.840594082428758,-7.515182619895084,-7.80248415372116,-6.574790031359474,-6.791928888713436,-9.079516034920676,-5.817895401587135,-8.343018763461817,-10.860154032736585,-6.967618393611491,-3.796885108126752,-4.120788803754292,-3.980372546942671,-6.6766844309800115
-4.674155723831787,-3.928135268656283,-4.289422831172344,-2.036017956013197,-2.4935522922915947,-2.557900866426668,-5.608062355030504,-5.166415863275674,-6.757077494412831,-7.442494969109806,-6.824203331658877,-5.264415588744575,-8.708175467068566,-9.11874394812582,-7.952563776383068,-4.046796205620967,-8.286922104738546,-4.118121806088061,-4.398100547317747,-9.011839587183482,-8.234928958176177,-5.715862529600807
-5.859708697660597,-5.182748707243857,-4.407419606448789,-1.5222225668705847,-3.556833896248838,-3.785891701078585,-4.339514497758217,-4.394443041747477,-9.360883469667337,-5.970346239239334,-4.692620212223038,-9.014803753561695,-11.371459447849563,-3.493254476132606,-6.853534989879185,-3.9207931861054934,-11.584284774596952,-4.306422826175973,-7.667790520040691,-8.974081011908062,-9.719202394760243,-3.827148628382491
-1.107656638136041,-4.890105376925761,-4.572962346087031,-2.7880322467158902,-5.254114977754997,-4.2523535662347856,-7.478691574258822,-6.315960412692587,-6.990148186354285,-7.633198414075307,-8.156008243986703,-9.399791597972625,-7.749034198788941,-8.384138973826241,-7.742308113392709,-4.319173097014902,-10.57287888866867,-4.166205870334722,-7.149660926405099,-5.732060466934636,-4.793239660931592,-6.142923709207191
-2.333774977764186,-2.845454052246517,-4.652425985272088,-2.604670584351825,-3.2198718533655444,-4.886396618037282,-5.7083272280469775,-4.963310126091235,-8.43164826278285,-7.203857187897098,-4.5725257104857,-4.218353693650023,-5.773370452327379,-8.91099877932112,-7.946408542267922,-4.6328056017927794,-6.878973359717703,-9.258833890852149,-7.3719285755720785,-3.6934771938103275,-6.070774514584013,-5.271558846989363
-2.0520518957778204,-4.956094958285992,-4.568949251119905,-4.747157287541398,-4.154440479831496,-2.4563869830801845,-4.827177243487911,-5.696938191038422,-7.382997983853762,-7.138850134486838,-5.956797835818073,-6.520777717618167,-6.3860327697294395,-7.155909943992854,-8.25196731674877,-6.467942910380881,-4.560312989179238,-9.26178963487312,-2.8372219153127967,-5.672533573305783,-4.447693112603414,-3.4812349424081805
-2.8534031690296824,-5.750683759312926,-4.356709815721093,-5.44864632482855,-3.0230038548212206,-4.491943079628094,-7.608567686089393,-6.257906099096445,-8.19320147235821,-8.572337077185308,-6.872567143441705,-8.487701839404947,-8.918586627388292,-7.656163907563659,-7.554514589824741,-4.27964322164581,-4.125442639432508,-11.135153707482731,-11.281553379569859,-5.089232518955804,-4.419912914067448,-3.6731948787809254
-3.3887492817318754,-5.412921089630568,-4.675720401290636,-4.208409022658157,-1.0749850922015864,-5.446346298071583,-5.676374982391299,-6.058465762544359,-7.377457289597774,-3.4575851694725066,-5.066284320762242,-6.297222222642082,-7.402153494056067,-7.564933691612713,-7.859236572735858,-3.932702449960619,-5.128334588547308,-9.038432197463063,-7.7179996588155095,-3.4260417789480035,-8.820459852786641,-4.63313563816207
-4.258236921978842,-2.4650698430702302,-4.274894317320584,-5.532062964684415,-3.623702692679251,-5.571310345921391,-6.612370926523562,-5.493038040833734,-4.139693080598289,-7.70396580110963,-8.029545262632647,-5.376744317563248,-5.259781898357449,-9.218922297364912,-3.463594413426248,-4.293595558126962,-3.7852016133937276,-4.036755147138404,-11.11672317464096,-9.538905229115434,-4.538848722343188,-3.800478671072447
-2.149689839689263,-2.8273220069679232,-3.67604510937066,-3.2395086369049504,-4.70367288819949,-3.6346029285691297,-7.005836362254105,-4.152265528545861,-7.401694327986266,-6.155155119512523,-7.493976440514176,-7.42063444450168,-6.794024690892881,-3.3386466802002372,-4.384707915525279,-3.2546456876916614,-4.723585314342058,-4.12406166769278,-3.32144010284455,-10.673827477627993,-10.183492367354928,-8.286991076280168
-2.756588554460715,-2.7747095769519112,-3.2471220421707114,-2.6747967109679878,-4.4412989227299375,-1.7968791657363068,-5.377302449020198,-8.366889469224589,-4.010989994406432,-7.2586226905595215,-4.4503934183976765,-6.754310006272777,-8.811732576295087,-9.07655663500393,-4.662497101427608,-8.654279321159343,-8.192905173474712,-4.115112581114668,-5.343257957576117,-3.1331457814628907,-5.253388255996533,-4.139979982938681
-1.5438143600861354,-3.767176404898455,-2.642516509464379,-2.1259832835604864,-3.6949111870432243,-6.3403727717623415,-6.2784003459147115,-5.239434996007674,-7.333776910413045,-3.0031026183002534,-8.171950795916532,-5.383204213545357,-7.1719779379997926,-9.336335803285355,-5.183378888442876,-7.5885046309942,-7.01449073743512,-10.028084002226567,-8.82270375100811,-6.699368036805929,-5.592817074417663,-8.752047859169512
-1.613822240112677,-3.5772393766838437,-2.583789532248637,-1.3471648995562309,-2.4577406598910603,-5.60659728023256,-5.03923025628113,-5.491360180237373,-4.03238268673215,-7.679867698921125,-7.47598568662415,-6.957173076001345,-3.6715419495994146,-10.269883442945149,-5.386444523146221,-4.2456330326690335,-6.470230217792625,-11.357856849480312,-11.168534109647497,-9.25353948028683,-4.8982604348896865,-4.52893880184107
-2.134823493170829,-4.9018921040784695,-3.0521851219689853,-3.418064311602061,-3.34527168617932,-4.34858808720935,-4.649760790902607,-6.467330888761372,-7.803192560685381,-7.219013196775403,-4.309504730065408,-8.466496860139324,-7.033930997234096,-7.585844566881717,-5.9709501178883535,-4.041531052284672,-9.546431611934588,-7.246645728499613,-3.5443771658140495,-2.3256148826296883,-4.100095902354975,-4.986249246448912
-2.7219815813443407,-5.261235032859881,-3.1645532407360246,-4.963322171855018,-4.4687913235963554,-1.9400576815136372,-5.4405671358177825,-5.740497757089741,-3.776843844125643,-6.720874515131252,-8.678447640582222,-6.670693809046897,-7.042148823023582,-9.105496328413558,-5.189353172088473,-9.593072402430968,-11.062193687387715,-4.464798151774318,-3.7507077469421373,-10.285242467621961,-7.366144746797268,-7.775576491650541
-2.453209694298063,-2.988453296594512,-2.8586199176036167,-3.635889308410302,-4.084184549774803,-5.3407765760530985,-6.550276110579194,-5.795249500505709,-7.6712525584375575,-8.10772735820309,-5.770885718435398,-5.329422513397374,-7.237227004120019,-8.203278943934789,-8.709180373164905,-8.01304235410483,-8.384022605548365,-4.622775191809405,-10.824656257394423,-9.457712299995666,-3.8060420017473784,-4.9353328083156205
-1.8017570076059397,-2.8740983640538666,-1.6655512082583277,-5.516248530023548,-3.309638688237267,-2.663460262243621,-5.985564614465952,-3.9526183812057987,-3.0758824185406586,-2.78857964244781,-6.223052031765728,-7.045622067939103,-8.379339434653383,-9.160134257302532,-7.051166142869201,-6.365488889491122,-7.427462704923151,-4.959356916464034,-9.695307373090353,-4.852333653233505,-7.559971069905502,-6.02997579313383
-1.8771412934934315,-2.8920557292524736,-4.84625094257217,-3.714181262762094,-0.8366106396526323,-3.4860360111735424,-4.472915290553203,-7.738232774560839,-6.0891568441725346,-7.546701713205782,-8.39700834629258,-6.585063419063221,-6.539936193092356,-5.844075348570397,-9.277801006300907,-7.237559275244898,-4.742930924502756,-8.486521146447512,-3.1782082893065406,-9.890933385574032,-5.490922712732468,-4.60217000430107
-5.042003643699302,-3.159139019050559,-4.277162568099233,-2.420671920349443,-3.682569258502992,-6.390955267142838,-6.968422106028028,-6.722553814942219,-5.260606619980639,-7.691387812283004,-4.743472850841039,-4.929272123257097,-4.780510752539974,-8.850896111593178,-10.339045953256992,-7.795086137580118,-3.6535678525838713,-11.614205721753551,-4.353399525607671,-9.64172691212719,-2.9947988751542116,-7.965863818718973
-2.0522664749695996,-4.095647225876054,-3.90849679945325,-1.9277564285628326,-4.80377199945567,-6.601703970450856,-5.267389242078865,-5.509725083930039,-6.739127643599283,-6.6503811357160405,-5.921036004460785,-6.097800243878705,-7.796864529472878,-7.439216701439243,-7.971566157549636,-6.352692898180429,-4.486509767346081,-5.42906123232804,-7.8454965386235465,-3.7522513207481225,-4.498553344405419,-3.7454059266658497
-3.830275278651031,-3.9847567528446644,-4.83758995687985,-1.6044982055163275,-3.962180114306721,-4.350817045182866,-5.118941254846548,-6.522759514503427,-4.414539820615587,-6.388529487264734,-8.01743306181788,-8.225057873281234,-7.227417890843131,-10.065287725021468,-8.117627036286477,-9.096693163024918,-8.33655549121765,-4.257370305707361,-9.180682195313544,-4.9790286648598325,-9.549771413354051,-7.250066809092143
-2.1053079142006244,-3.4141503057383313,-4.548406121068688,-4.888696441792723,-3.750094889298884,-4.186137470552509,-6.494199306330188,-4.423291171036946,-7.60237611265303,-6.6511964114749285,-6.069389823682586,-6.519734711626171,-9.712222201532377,-7.211953401303546,-7.969369424314808,-9.50175491540393,-7.888614165404232,-4.113407544291809,-3.3204476474553846,-6.621550108610493,-4.24894175196582,-7.007722451688458
-5.710520533329989,-3.644285426777191,-4.40850023279328,-4.59187087083987,-3.3661725559943054,-6.402195515566197,-3.9334202943474237,-6.28904115943519,-4.052453883850124,-8.079446083967607,-6.575408713573427,-4.443379930063214,-4.9883710197725435,-8.259310824085265,-7.943784523118715,-10.931077286799939,-6.449294330673542,-6.993921713690445,-3.8783492142924185,-4.092736156793658,-5.393400103153455,-4.095320679209772
