script/wind100m.json
{"header": {"parameterCategory": 2, "parameterNumber": 2, "lo1": 3.000054539987559, "la1": 64.9999836372058, "dx": 0.5, "dy": 0.25, "nx": 34, "ny": 52, "refTime": "2025-12-14T17:00:00.000Z"}, "data":
[rows 0 to 24 of 52, columns 0 to 33 of 34]
16.04976794085976,16.08926017780965,13.759227381061404,13.159396840580134,13.29104429766153,13.432828255341594,13.478343235447644,13.742964152784106,13.857103836043201,13.647394137791176,13.784083885850553,14.09370551648113,11.954495091001213,11.77376417343476,14.734696507795348,12.754498975403648,10.061741211046572,8.947587536601453,3.377465061465298,5.035670425413751,7.595475569101009,9.348771756207794,7.97974667068698,6.701489405524111,14.012007304344424,3.4331276227097036,-0.8050411709284274,2.457924816829728,2.7384874383521076,5.9177634886321915,2.290477886123098,0.4095406810056802,0.7443138349280845,0.4869359321232391
15.124869248622538,13.900170204927974,14.175436816320078,12.47299009690291,12.173052331318466,12.49460783710071,13.232028201158577,13.525067280805834,13.632136481372754,14.256539656306705,13.73226515172559,14.274623163970528,13.626573759560326,13.03411997676332,13.733093291039458,9.990576789098117,10.609853938108836,3.539550102318494,6.494130641770803,10.89711041319644,5.094799950371966,9.626646295198466,2.829793346563711,11.58014890883319,5.610103445506007,1.08587792338826,1.5382416523473434,-1.3586627966879203,1.1392033681831923,8.144024264326974,5.459912727584768,1.747195764203262,0.5062150398679319,2.3866508070291266
13.272925376785617,13.285838144984345,12.764555038315173,11.666029360980625,11.032805498195078,11.59859022146693,12.198042600110695,13.903428223320182,13.934328973021556,14.137807263339697,12.822320372939117,13.520010032838131,12.98469359355686,13.209096116245085,8.289184498750021,9.4487881585208,9.663451194949667,1.7409172577284187,4.98485211196939,0.6278857122843277,7.638666542702742,7.616189474349663,4.7270994342016674,9.028230482330404,7.172576442583226,-1.3256227346602276,0.37131597447935394,1.7626728610219675,3.6689990621127593,5.387634276259158,6.827397987064595,5.071610412424656,2.3628656982004266,0.49874056880980605
11.204740589273946,11.662157883746136,11.834169709276223,10.838264337212168,11.174626251929691,10.696836063697742,12.022014311855278,13.354415639353343,13.810782051374211,14.757128260308518,13.988632796496988,13.702776505761411,13.14015968820384,11.851773903328668,8.457615195856595,9.923838238665605,8.285292490675742,4.723962662539778,5.242476105116482,4.525055774199922,9.481526320384445,9.066140583838907,8.89085337911717,7.492790925850919,3.455826999257852,0.575176766961196,8.774408916693782,1.8113827619537364,2.8953992358658516,4.216345987913378,5.690931086679311,6.574623665604077,4.392821509242879,-0.028518974246883665
10.568953309750327,11.070339249002076,10.375880753239837,9.573132761446166,10.822502540211032,9.730905294671235,11.00479675649334,12.207025981149886,13.920755197532664,14.622491510201819,14.246582739517605,12.985467207181125,11.406792596841488,9.46796401374722,6.65829533519405,8.04638748996466,10.590254497704624,2.4487353311193725,2.879624613012081,11.496537779347289,9.108069850310084,9.923507539206573,-3.0209005293755395,4.111708632967479,2.1294667097779936,2.0760805659204733,5.314153980853622,0.9050400846750147,5.346779202698346,4.451477004167051,6.151543611174477,5.886762799694098,6.338737723173889,1.558105390972797
9.612813656453403,9.387395459265743,8.965061616468097,8.957011595799823,9.025864243191851,8.706645161557383,10.186150230946767,12.873829233573256,13.05994716803532,13.502499781228975,12.932683293077606,9.347741008837872,7.747803160209212,6.281629622683264,6.631995942354369,6.467194172875891,5.01678548202012,3.8169262484251734,4.8939656201651855,3.112533653497621,-1.9883624995855032,7.243958853016317,11.728140516086725,2.007412842873741,3.9165865667387902,1.3366973925385548,3.7889888423570817,2.358525412528664,0.9044357161193647,5.402520386314705,5.743513497412043,2.40480021741235,3.0464352541709085,1.8663927154884026
7.781255597547427,7.378881482001243,7.521439308079858,7.959812696481339,8.153425011659648,9.490350853492304,10.263419387095453,12.305251934108963,13.740237455482111,13.02504097675316,10.073367911373348,6.1904283294987765,4.791323140267587,6.653746455310513,-2.8497637868472663,2.526732462142958,0.1336170714043109,3.5018941257757428,6.789581678039053,5.789891460287852,9.080837843303918,1.0370608672316555,2.9627716531912136,1.2508233373835838,4.9862591383926835,3.62699275457712,7.58777540278681,1.5305933356382164,2.2161870133079487,6.763810882012891,5.649195683181217,5.0595710351692125,4.882978168572049,2.8803243734799233
5.177767128731379,6.035924299536748,6.693237855810155,7.872858575550734,8.675858580083904,9.060194590771935,9.828679759570793,9.580022275232817,11.040201003694857,11.458021453087165,5.896864670860176,-1.4304296809630774,4.49092606776661,6.68957274802358,4.087813067426442,4.187287976872062,-1.3578176951244902,8.243135217996933,9.073451439268776,8.354944214329757,9.716552816434044,11.03338106466377,0.728239585542241,1.9775997236165328,2.7652874909769722,1.0897431151569752,5.338376561684805,8.814209196709665,3.9644828591584274,4.150767152394215,11.857214033745942,2.1156697273973393,5.044531731754456,5.817508094746433
4.280929227327812,5.181505638068226,6.924892208618042,7.948225960344158,8.083119466784803,8.5513837846357,7.012871386858795,9.18062071240867,9.202824912513705,5.969870729643481,1.8983945734873742,-0.37819037523968735,4.595606245306196,7.201388890860672,8.905442091041895,4.205284352517661,7.404199520376453,11.155493852986451,4.488075361920185,7.806855817337874,17.207062313053182,11.056001902884027,10.36744225097327,3.224021269847196,7.772754809291732,5.709657660104599,8.23453814775784,2.583568179512961,7.582814526628564,5.01792967360048,4.1455389395963085,4.7451796560115875,6.606451520018447,7.649327785790181
2.7858571324278842,3.5859354474075222,4.980938011528821,7.15008236822682,7.0766888385061755,8.35185374801917,7.277544436444537,6.7329166533084965,4.956533501854667,6.359279477050611,1.076271182934215,1.2088272389520835,8.798016982448074,6.888003842043214,3.3499138571062224,13.255812579998528,11.874865371130028,4.360557003076875,0.510622389275683,11.458900736851568,8.389872739516795,2.023238713919979,7.878613958855127,4.334854353602034,3.395561974236911,6.19068662958894,7.445130332340716,9.6899775631301,8.201902789981968,5.540675372427956,2.8372890783677214,6.111814603954295,8.507093559802314,9.262629510482988
1.5258264668004222,2.28056785123218,3.9920022125188446,4.673882608469424,6.52767284135945,5.714247755664444,2.7564255547606726,3.1434112466453437,3.871785973393957,1.8888627512003402,8.003260369340792,6.044948728443704,9.152591005059206,12.760740027765362,14.772089020553494,9.771221055278243,8.489135817559012,9.67163042251834,3.7205119217418283,1.2027944869398812,11.244478664360512,-0.160924563717646,8.54385431588198,1.0140341691477481,5.1103542430059345,3.1861773583829818,2.868000577623334,6.680153156000464,7.133581290900412,4.234221733901495,5.82831791514045,7.106011975810704,9.249889281443624,10.27881498953553
0.9874695538887251,0.8753642218005535,-0.021537972570126105,2.2863303498918164,4.303417554261494,1.420966118141683,-5.26536900511141,-0.42031803464770795,-0.285398311593705,3.7342036620902497,9.3835905898494,6.781329404661406,2.3605816493510723,10.560229855155567,12.13898352131557,11.53944903045028,2.952298881285453,13.527228059559764,3.627987890664543,8.213257834231394,6.170154337841368,6.30343699678324,-1.1497729973103108,6.162550755539399,8.892987743053881,3.577965769884651,3.4392082373643733,7.732766383830312,9.43223822911352,5.7897832487966125,7.980780422095489,9.397849374848429,10.17915555254472,11.142336465869876
-2.2053644068981533,-1.850982507834992,-0.611799924234096,1.6567847980508938,3.2072832179289303,1.5492895197978012,0.03837742645535197,0.5750762332791591,4.814672615190656,6.242191636430407,3.5598333050244486,11.987314763394528,13.80603344703602,8.628219589019505,10.355486023040564,15.205436633661659,2.4778918979351823,9.525372814872382,0.9469455163090883,0.5137492743077727,-0.271557811383666,4.449088203002892,7.07830133209015,4.169242092259181,8.106184100639883,4.253077435732136,1.3876723158224884,5.60331995260148,7.686002102312589,7.346273882244574,9.06040286455645,10.601123918160178,11.496682744251604,11.413742379080386
-2.46191962123626,-1.6301110202273448,0.41373956876784695,-0.23890833967126138,2.0310069960189674,2.8624206982382736,6.355062817370514,-4.628564843665343,3.7183689917911744,8.322993548933905,9.909224353068106,7.428529112852081,4.830526287543597,-2.1242719551665017,7.542211060249192,1.2493839239808069,3.108346785872957,2.0485498385879004,-1.9323116820823072,5.390692265438536,-0.2306318858384915,7.950802779724179,7.933272299458273,8.753175451619475,1.5241899475569578,8.860910563000916,7.147943054522121,5.908334321961043,5.402116902709067,7.473169832710027,9.719866851131885,12.044888169931827,11.698595481072582,11.76605583346152
-2.9695051650481754,-1.4073945378844757,-0.4452857639441632,-0.14434091086382717,1.0796208476772633,-0.46560213761538216,-0.9981430908191457,1.5587230474168279,0.527210902513886,3.757074575492081,1.4276020304162456,10.54461380106494,12.326879973106294,6.0408957188302805,3.9957582113852967,10.509583713855806,-0.41815916113478846,-0.8465545390791892,4.5393383380784895,0.19355651185734213,-0.08088234140922639,6.363676596953581,4.500732594868901,9.353553001960755,6.408614454028992,6.669399503366952,4.9772296439269335,7.116210438771216,7.585493015160361,8.747824343797518,11.137010284816302,12.988941128799752,12.409168300159182,11.891092476785964
-2.0972311923100184,-0.9985167736403718,-0.6569066690150092,-0.022137498162936663,-0.3234254514321154,0.39868253053094876,-0.5127232047327804,-0.1132516374432641,0.22915609022036018,2.7649993075271215,5.499603976052248,12.097575529649706,8.595035152118609,1.9267765300270485,-1.1490435585457714,2.8843722066490964,11.114567005832725,-0.7933087827443414,5.379657972656165,5.379673120145979,11.979038643513363,3.247700486858697,-0.5486558540775961,6.974610861625018,5.500576671715242,5.750546621163608,9.875620467267565,5.15444964715253,8.482183001492688,9.59180600545118,12.315473010908368,13.708917028487773,13.360872948413537,12.609958452510003
-2.358872355131401,-1.0665622714088694,-0.31549110514839007,0.33882884686528136,-0.45019107834481076,0.3428190530320561,2.084760954012089,1.3462171862191292,-1.8711755284468938,8.03076135890589,12.06707573310457,17.77046222336693,1.78572968367463,-1.9215844811088205,-0.5890546284651291,-2.4534423954294513,2.4204026276411446,-1.5696094960616949,0.261697055297875,2.4816682409562247,8.64534524309067,7.212404059338567,5.008087036978011,3.064987620664445,5.3380515400403254,4.277133097817941,8.592328297018373,9.516615576302502,7.663261963310342,8.75356990939321,12.053862570677763,13.727425042008601,12.989106888606306,12.249913968912153
-2.047146157138078,-1.057845728651306,-0.7870452705568258,-0.006411868707973532,-0.655550964595999,-0.4054483709081713,1.6918494073573642,0.6121249557312638,6.248780848746875,11.216804658443225,11.959448782803925,0.36396892582713514,2.049476290117333,0.4755708741651651,0.21357726729675677,4.2506083542650215,3.250219213420019,0.49511205114839196,3.49386598147258,4.9196206906011515,4.652699277370579,4.054360881433288,5.364168728740026,7.737144062370489,2.5143059542323853,5.85142366803694,6.604122637287429,5.9788455634037065,6.323306368152235,8.735583527852048,11.019288106384177,12.889044766444112,12.740981266332662,11.72408559405615
-1.2965771743570618,-1.12329375333139,-1.1317944600938978,-0.36306510141506654,-2.1148007495393677,-0.8721060397764866,3.9796909757814753,3.1752355800685708,-6.52061248256641,10.105083370114347,10.529868576586596,4.978267756121515,6.666878714546251,1.3644441193653136,2.2387226840896326,0.23207330438250667,0.7217768864680163,2.1888617268285544,2.6546090430764115,3.8944426147860725,3.615767384855157,6.605423613999567,6.397533088084896,5.385437417950429,5.648707818522193,5.0260682942968185,7.6891036598259195,6.477394013242136,5.843842385503156,6.97837990790309,7.371502702596576,9.692217948940964,11.297329775304345,10.796712728091626
-0.2724573191907579,0.05913858315753904,-0.24495421514725702,-0.7826941719445736,-0.9958025027358113,-0.6676162363544732,3.1657012067093184,6.08644100640683,10.783608873788516,8.89305652448965,11.477014133971826,16.449782888616877,-1.458739719055404,12.077860309056712,-0.7399109053371629,5.637391133439769,-0.513313958791943,1.2842847107086437,-0.727165864935262,5.879111169962251,2.2856836212028737,4.2504282923915,6.445326936954259,4.553797263686568,4.222164424728704,3.8494194449394343,5.413756025338645,6.476778780368442,5.351469968497504,5.931232729443806,6.763235013018548,6.855670536376891,10.203049994820056,8.6020423296655
1.5127577895557767,2.3886974127983667,2.230811226215521,0.3232803552796571,-2.3766126503311034,-1.1195471465629772,-5.856197804350896,2.2262318849958773,5.189446389511949,4.553568838383287,3.991724086688116,11.483699001809251,5.703043033588094,0.8893718286207197,4.723021992380283,-1.587292400563025,2.9683238134108545,1.3143115644663965,3.461847555321383,3.515318878550082,8.040935928327068,3.5018994865367405,4.970216482779555,4.467236503495959,5.669656868622031,8.005556829234326,6.285265267814614,6.208595329655762,6.0093714759587185,5.60369585501907,6.119442247505936,6.9647549123477015,9.625230579629232,10.746554555284376
2.0601156088973753,3.5682928802932836,2.4763168929334975,1.6372855171323832,-0.913019829502674,-0.05898238702141004,-1.5274221506237249,0.018890286320254253,6.196869860986968,-0.63716455042615,10.578956886323553,8.779570129427073,-2.2860814730771817,4.147763671987642,4.6565445991808465,0.5290314403602178,1.9613250699742437,3.4306762877171666,5.539349441751008,2.3216854814585335,6.317612392795651,3.224352457226801,5.444131700874208,4.572115383132599,5.387476735815135,6.466585876593094,7.595335319615197,6.245296053010487,6.554986977692915,6.671318737321706,6.35194788891116,7.317945111232777,8.25859625406334,10.310648970726158
2.7460774807534594,3.075525315876002,2.6828131740727312,1.2702681061236507,0.5997385181421192,-2.116033417702098,-1.7826867837325007,1.4063855961224856,8.35579690149456,6.870818851512109,0.29025309186270576,1.1620559248909867,1.0125253140060861,2.019670137154601,8.295818083841391,2.9285200241736957,3.3293726734954125,4.910851466972209,5.113482271656076,7.136414074661614,4.635107708730747,4.52221686090968,4.423403325425094,5.7997325931604715,7.6870284861324265,6.821886774326467,5.860488215838775,7.210525189119525,8.289343357463034,7.071257904522136,6.264124492256488,6.549970671640355,9.972678501146058,10.932786852426442
2.559229142379011,2.5462681868953405,2.6501070891274825,1.5886528356576253,2.4145555502303826,0.3857440912399547,0.4141822305700856,-2.815031010045414,3.564251054177699,-1.869645835262471,0.4881486955822778,0.35592188021311744,5.826440098283844,0.5730851072152675,6.189770679218497,6.188594574726245,5.761610687907062,5.0988665294945905,5.329062914465412,6.287109834493898,5.090928127179746,9.07233679537429,8.021498644679426,7.786902089350495,7.7647501043721965,8.067821609480628,10.584360286842461,9.071623945621273,9.209548490207643,7.003450422056969,6.3892693455623695,5.94716555836603,9.880607996282963,12.615197841325202
3.777455626295753,3.6762946844958826,3.099664907683395,3.928216955966712,2.897033832025749,2.0987827784034874,-1.761826743225464,-1.9220954410360918,6.688675746969002,-1.2833764038542923,3.155840854965645,-0.23792222948464678,5.816249268398915,5.819841744969215,6.9951053637266405,11.100959770359404,10.07611387623621,5.189448316949185,6.406534177975604,6.338855844887058,9.35907128436342,9.86186562759586,8.226345794986317,9.217368497643383,7.933723860933995,8.29595871570156,8.092745468587685,6.979601664477619,7.009269008343351,7.494252096492868,4.77137958484153,8.137341967299221,13.295831167901323,14.94894938774078
