script/wind100m.json
{"header": {"parameterCategory": 2, "parameterNumber": 3, "lo1": 6.000198445256149, "la1": 58.999992894266676, "dx": 0.5, "dy": 0.25, "nx": 22, "ny": 24, "refTime": "2024-03-04T12:00:00.000Z"}, "data":
[rows 0 to 23 of 24, columns 0 to 21 of 22]
-1.685053291455392,-0.06926482974920334,-0.1070183206493238,-1.4693799940671175,0.2609453997653379,-0.08729550011717385,0.5745858607513734,-3.7578197715139923,-0.5945248882255183,0.2712420893216344,-0.08064883525928886,-4.167635520933595,-2.1103803609638523,-3.2660507049936682,-1.3053277395840504,-0.8189414979282726,-1.96230896877521,-3.295385007539561,-1.2237900039037377,-1.4155928922774024,-2.944499709762249,-1.4190008100700455
-1.441802490457652,0.6987301552234425,-2.2255086309170418,-6.264012233136008,-0.7003569339026056,0.5975842163110674,0.4382304262036986,-1.1589811253286177,2.765980846834754,0.9340276814494871,-1.2273105752840605,1.6442637742251538,-6.242522036742123,-0.7010434227011964,-4.368733550418032,2.169680276259508,-0.13227977110334832,-0.9347093521949993,-4.935696905242052,-1.696973939863867,-2.128520080242702,-0.8509456116024139
-1.9222729550951532,0.17248865659793355,3.4948902346618307,-0.8114967285717386,-0.6664721434667592,2.119400266543007,-1.7288249449581679,-2.0411378068437935,-1.457596389004922,-0.28339100539491396,0.626482582589517,-6.372038604047555,-5.381243597174435,-0.665849113187388,-2.5701372572549643,-0.6562867428800506,-2.6365215936953645,-0.1936775010357498,-3.2181270291012476,-3.77900572222946,1.1065208207578372,-4.732680545332472
-4.306087134452107,-4.19005093511345,-0.9143055259917191,-1.1568671926493095,-1.803221495759584,0.5779106606556338,0.9821344075450229,0.30079758366805903,1.666350661713411,-1.7736485944133764,-1.974426848881926,-1.565755017656347,1.299694116663881,1.1471919042023513,-1.5855917835929612,-0.368267484385091,-0.7826122759957361,-1.8001751867061642,0.6946793801973399,-4.15132321660709,-0.5137365180345623,1.4924241817674524
-2.2340571953669737,-1.1565468941887598,-1.3577421667317773,-2.2269427865947278,1.126319034858029,-1.2431244249684708,-4.2678066400854195,-5.04215945301646,-0.44702986913514486,-4.092375448001732,-5.457576416492436,-3.076437138807651,1.7552412127368742,-0.6252360535937852,-3.3430268449909475,2.717321680993117,-1.2376750635939715,1.278386602710917,-2.786314203093566,-1.2292228349847416,2.1688840522844375,0.6100420769741977
-2.0727519105447354,-0.2609421621698149,1.6568403910371743,-1.385550892155563,-0.2340341708544276,-0.11533668414737339,-1.815473645207984,-5.095342692824236,-0.5451459971638156,1.056587184887796,1.2547769922061442,0.4785157178956292,-2.498636387753055,-1.3384702140869635,-4.828663687053633,1.143918006494635,-6.0106829795253764,-4.267845752837929,1.419512368247279,0.9245671155352182,-0.02582019642738391,1.2325386218438739
-2.541929647679941,-2.2925938295051376,0.9192619054330604,1.0472942420439728,-2.7840276514714675,-3.184639263085471,1.722958555677692,-0.1248041660890006,-1.0611303580578264,-1.156076242592796,-2.9458603385054314,-1.4532535943326244,-1.0348537786709522,-5.299599859971635,-2.8698930624624275,1.5659927721691644,-1.985327921689654,-0.9237162624248137,1.3035457954276082,-4.1125354384352875,-2.2853549314512063,-3.8070149843867744
-4.0856754365118695,-0.7262291295950404,-0.8396719449414727,1.9631252072322223,-0.7554326019419146,-0.9819961310558931,1.5809846810188073,-1.5143409964146008,0.6968810542639491,-0.6549054407858473,1.2117476994935805,-1.4395054615064695,-0.3074505048908194,-3.2819714808302103,-4.464343563416523,-0.281616291001101,2.0006170138296984,-0.9377380025157239,2.6328958425158793,-5.139020115670445,0.7451807840624175,-0.9157779601794466
-4.555217947032279,-3.4190752979053745,-4.279920273608726,2.3938720447687376,-2.484065825362243,-0.31627588876437307,-1.2689292115858097,-5.947720780097222,-0.046973212840378996,-1.7965387852643655,-2.5467346516420344,-1.3420526355101967,1.194834217996731,0.6793092236896318,-3.182826241848238,-0.2471150595111986,0.6010214001204031,-1.2825588126956142,-3.669456098656443,0.5958227731433822,-1.2104220853681809,-1.4922607604302383
-1.8549692765627543,1.1916631006410292,2.470203334849367,-0.9672612556902337,0.6616800932249198,-4.267774241403507,-0.2800594701050517,-3.45839356026149,-4.376547939756011,0.6475595007240393,-1.3040822250587814,-0.16213327914721457,-0.6719459638771764,-0.6136942684315799,2.653631639063751,2.704096536804396,1.7471114114481476,-1.6735980887733932,-0.769883005277473,-4.741595691677963,0.34125748849082277,-0.06528686425355545
3.3741761779962114,2.5960284594603187,0.1001214935177685,-3.4852509874646675,-1.382505051299147,-4.0842444110852165,0.8963334256113166,-3.9496464170706225,-3.239236224649828,-1.7310586839812085,-1.3910984131863853,-1.8773784625978986,-0.49776462592863696,1.4318338503535486,-0.8525245182795448,1.8641567669283088,2.830205584991757,1.475991087062519,0.7384636902536882,-1.064683100271677,-4.697632709303102,-1.494517702649491
-3.321120613771999,-0.3867259912766276,-0.9070182072688606,-4.291806836261642,1.1099539153277598,1.3071922665097533,0.07888533593393693,-0.6215972244329694,-3.968551565384501,-3.1875237128563727,-1.9718956194410369,-0.937514826763215,-1.151775201314903,-0.8788444900221271,0.1686335075655048,-0.10897133253699592,-0.6893869939589894,0.8439643534637019,0.608094761578053,-0.11221751892613449,-4.523235129442547,-0.9417220365192891
-5.088570872166815,2.989202544570876,-0.4994014499637962,-3.5277529077791003,0.00272223330291143,-4.017732446661538,-2.446895271394954,-1.7412374282189689,-4.089753442605046,-1.4678633110547845,-3.313309536616687,0.1377853161808313,-1.1520680278059994,-1.0200775512964153,-0.43040606303205237,0.7742192881454791,-3.6100342843107414,-5.039583110052052,-1.831909521540421,-4.569388183588354,2.0808199805994194,-4.593660490288152
-1.4517012173317938,-5.060595142947873,-3.51530978158204,-0.5231736983394967,-0.8675863079952886,-0.21313162777026645,-0.05171162663120096,0.6096349070119882,-3.2482033047231327,-4.718316060455157,0.018959859161572327,-1.2251798899708413,0.6562216784587476,-0.9064135216584787,-0.44472637915216456,3.087918350328074,-3.258049385232434,-5.8838936603469545,-1.1693930810782933,-5.130615267943982,-0.1264308871577542,-0.5484589103487816
-1.8466093590539456,-1.45973507832254,0.17954360475910164,1.1481518586200743,-1.6970188616603072,-0.9157749256859186,-1.5087104324792964,-0.6062864770090288,1.6957174898273069,1.2189792056380218,-1.9747164968895252,-3.3310345360930316,-3.1815434626513044,-2.428676666467939,-0.6165752553482966,0.7162829061707465,-2.756384128955208,-2.03221602484659,-1.2749817888678858,-7.556723143778748,-2.669674144754739,2.3229175596961724
-0.5870967314968396,2.3123712414076487,-3.412572187861382,-0.12377810901577194,1.9157987277663464,0.9174762293034626,-0.8176590944867108,-1.461892455129399,-0.7320790105142749,-0.9173116482700143,0.9702891973575173,1.7919207359479101,-2.3580812515420457,-3.740283821915712,-1.6778485472637115,1.26332738049535,-0.26183996314373276,0.19263671890775844,2.475139035579109,-2.1225001374735446,-3.3258507250854485,-1.6588335869861341
-2.754434612218453,0.6680320824353551,0.510374579282034,-4.803098749540526,-2.7882864153157847,-0.8204760628552131,-2.015030561481295,-4.621869461187598,-0.40085753060479407,-1.1183783432515741,-0.6193305407139522,-0.3967339204381189,-0.5942496776241126,2.372988050478233,-1.6264858093011976,-0.1264444137728762,3.615786738153762,2.679648330560034,1.1524165580352868,-1.295981798409776,-2.6281200396711264,1.1053843495899152
-2.5407426069153485,-1.4786391180845493,-1.0890865102384468,2.5456481798642288,-1.562216307327231,-5.129221115925106,-0.9642498614099992,-2.2087392975362956,-1.6154018401943115,0.4285922325964885,-0.7578291918878434,-0.8171768912896719,-4.064782761352132,1.425625669866069,0.7949576159254516,-2.630956519706016,-1.2761213580016944,-1.3218480320156174,-2.7833474642207867,-3.0829582880925983,-2.0928158883579506,-4.315526545610204
2.092415289085979,0.7423498357744917,0.36291268878555316,-2.4110755428480575,-2.6342284979990405,1.2124870070271725,0.6022240934371085,-1.0761707249479884,-2.1925500371436173,-3.538200157136626,-0.6466153708935509,2.141971477364197,-1.3762521796889164,-0.4597672261264675,0.627546013280173,-3.6432773195057258,-0.886246775855225,-2.32195130710419,-1.6273088603777814,2.746618210677568,-0.04844572780017705,1.4999482905014732
-5.295727213498586,1.4185401534704738,-5.5852522433084255,1.1172955012466275,-1.2588384103922012,-3.480407150343444,-1.45724376967851,-1.7226627283475282,2.3428632118217845,0.8757310943612575,0.5568948289267998,0.44722645783977766,-1.6387031747073475,-3.6052566458583075,-4.046598965884693,-4.119103312120719,2.276902054474499,-1.1882667969984972,1.7100137262970645,-1.192310767208398,-0.878896205508953,-3.874910534502559
-6.0068473579149195,-4.948015810458442,-4.020969654576576,-1.2259936924886325,-0.5927069695968685,-4.380033798645015,-1.769085648947234,-0.21542129729128986,-1.0317853431724318,-1.5019507738088216,-1.2384413230657596,-0.9424294650912447,-0.8905210348392342,-2.2242018583654852,-0.05631528033524571,-3.885478980826673,-2.9637643333986814,-3.252946009330722,-0.3018139202674427,0.5113950593225951,-0.6290129652851063,1.2065137424135646
-1.4328714330138554,1.1898737584234182,1.4157327080963102,-1.0466095538433973,-1.7386713241552445,-2.1205383888851683,0.9828541259434186,0.9105526827671137,-5.8602130447416645,-4.76723856338676,1.1406415853682232,-4.702020575534044,-3.214996749161051,-0.47648943666644356,-2.403319567110107,-1.6138007602921658,0.43422882042717503,-4.323265172888984,-0.5601555792120917,-0.054002652427300436,-0.9286687502077687,1.2037506612353202
-5.140952857745756,-1.9229476107662673,-3.7349185697867604,1.9161973148010953,-0.7236229548846368,-1.077484854320348,-3.813771402505384,-0.3402650006991404,-1.9795192131847323,-0.9666340184733826,1.2622588478192114,1.2518465368960783,-4.732080886852554,-1.968070391870437,-5.675313903528657,1.2970718944278887,0.7457725586387167,2.2406939187628816,-1.530274412494323,-1.712754535028743,-3.9957872115455157,-0.29437331438915665
-3.417428006916885,0.1198117586849774,0.3321548336854875,0.0004252552042665863,-1.701459686511077,-4.4043032122573385,-4.321631507787071,-4.326321657835756,-2.101894729159473,1.3804072802004101,-3.7555861415410416,-0.34035437621606107,-0.3866234404575518,-3.716388193009147,-1.6633246502122876,-5.285409659926601,-0.343501863615951,-5.02230591588872,2.012158729134621,-1.4345396907891645,-1.1478132701616592,-1.3837021355011137
