script/wind50m.json
{"header": {"parameterCategory": 2, "parameterNumber": 3, "lo1": 6.000198445256149, "la1": 58.999992894266676, "dx": 0.5, "dy": 0.25, "nx": 22, "ny": 24, "refTime": "2024-04-01T01:00:00.000Z"}, "data":
[rows 0 to 23 of 24, columns 0 to 21 of 22]
1.2819418223137546,0.06953923990704503,1.5115247881058562,0.9909808425926145,2.1564500950000434,-0.481250115930724,-2.6878392559305015,-3.3605559854266427,-1.4734542307452427,-4.426627698745477,0.8869719433301737,-2.2341403187399123,-2.772338130020985,-2.5379176656408156,-3.7393441947271944,-2.7321503829094844,-5.210604201128183,-4.0382907537417205,-3.729290469124266,-4.805161140689676,-7.532178896770527,-5.367619140242535
0.8750529396463643,-1.5340638988947384,-0.2839240517410019,1.0166149298030909,-0.9399167844425196,-0.3133790902713738,-0.5878562043603222,-2.152003057572886,-5.731604206863445,-0.645473207524788,-3.954524485852467,-1.8395388199129419,0.13820629388534403,-1.898831476245599,-2.2097811367088336,-5.058085511781301,-1.0735716492104974,-0.7561345917025806,-3.62225699810435,-1.9333747865797224,-4.625170861011375,-6.496265832619357
-0.44605128305110003,-1.7277633491626792,-0.2288947425452446,0.3119767672038159,1.9217669478913246,-0.8898725488077515,0.9799928495349397,-3.1981351871171135,-0.18170620081562897,-2.6223331678261452,-3.8014022796762976,-2.629284331428424,-1.4557970149254884,-5.538112402449196,-3.956974777538716,-3.724641931967682,-2.0835368974933393,-5.486573153592896,-4.050224398097405,-5.737900725655535,-7.271366135719976,-5.94898839609201
-1.2386764737260028,1.0404074171251494,0.024215129159952126,2.2747216687038314,0.5422711345187217,-1.07849533827998,1.8069412064419088,-0.43850244621063544,-4.653675597023994,-2.275985509750857,-3.496948266343385,-0.6046994799281984,-1.9849629856584021,-3.6498122195212823,-2.0541358756574715,-3.4444291449056292,-3.2271269741157727,-3.781394011495322,-3.5468973103445847,-5.181926936465963,-3.1873902289564806,-4.061663778921853
-0.31980458556339014,1.8547612247344107,0.1526337118092162,0.8152170175374579,-2.7452375290689464,-0.8993567634850675,3.5988293931546704,-0.11784137942046315,-0.24180846945098897,-1.0678909990294696,-0.8319094865595742,-5.056301743774346,-4.262238805011159,-1.4015199318512526,-2.388446503842868,-2.816486553101924,-1.199914034131986,-4.598292510440901,-6.855005881504514,-2.367841372942275,-4.895718316895114,-6.730791945218067
-0.5845385298521159,0.6133750550519411,0.16244096401143734,0.8423838658353235,-1.4516877748433836,0.09009420444020748,2.062884053020517,-3.351273821746484,-1.4252915691084764,-0.2784079180368056,-0.7554494242224387,0.7417681173433635,0.3298771988152447,-3.8707971549017355,-1.469080493960398,-2.208526013978013,-4.683989366629516,-5.239524665521917,-3.981547531855083,-6.390681090593978,-5.52718764620368,-5.58827083853272
0.7685347510918166,-1.9999389112879922,0.17377392926694446,-1.2642106908217328,2.4745352797972697,-0.7028639918059459,-3.7201121600362232,-2.5265880231955706,-0.17317071736131892,-2.1619117009094015,-5.173023933280535,-4.03684743609782,-2.4545938674195145,-2.5199689211167096,-0.967489999007974,-1.5580968893004075,-4.139315391652392,-4.692153167321037,-2.196878164908601,-6.429453194715469,-2.786780030730911,-5.566261637970468
-0.7683915670956502,0.7352378418779518,0.9422834016890955,-1.9341901518625522,-0.603091210690138,-2.9693854064998866,2.843384173422863,-0.03405764113690913,-0.5501735481790906,-3.663071070872478,-3.8665046713962345,-1.098749362123448,-1.4670858520629513,-2.0840916161371092,-1.7230436842136816,-2.7720939539081573,-4.6964810145143465,-0.03713851567687079,-7.3755884337944,-1.8400388528044864,-3.578345673809848,-2.286984423639644
-1.3802515467793208,2.3379069113157573,1.6329956180986323,1.4305520207120674,1.4432110001880596,-0.43167193263542103,1.6377472305538472,-0.8548868576124184,-0.38713351139605734,-4.347023340181922,-3.394927158754481,-2.5274707287715104,-4.0884240272892045,-1.701263642749497,-2.7309637977967687,-3.4359192998049153,-4.274647730348007,-0.24968433178459623,-6.939446612228629,-4.907718004736968,-2.9609774302985645,-5.827237636354829
-0.6127009994296775,0.8054895697598177,1.3327265969611515,2.473120258080857,0.30215574509962184,-0.4747519280099686,-2.7774040708298005,-1.9655885508183346,-1.8292980794858666,-4.037145323823506,-2.1807289980012405,-0.7699061868926349,-1.5860644646311524,-5.671609077327792,-2.0557860658959783,-2.9697613309481556,-1.5173189351859981,-3.120078460407946,-2.5860772878342164,-8.501189851764002,-3.163183354366613,-1.9169702391296664
1.2694830378715036,0.5559428064496603,0.7146629452559311,2.7225610587655935,-0.7179830988376722,-2.004959034443968,-0.41087750974469334,-1.0126780215638334,-0.2678756268861387,-2.078755066337504,-4.44506198981323,-3.5144757392950403,-2.2614312469385776,-2.851142950620842,-3.3702398820885606,0.21893825610184664,-1.3907480058278325,-5.309622281295301,-4.090145289479608,-2.0371825593872295,-6.849762890430761,-5.521463890040451
-1.6014866764230324,0.6442467241334395,2.012839724132127,0.6945461772779593,1.2056502350247786,-1.1381474126316224,1.0724425372800157,-1.1716750534599256,-1.5531465964104798,-3.9864581083058357,-3.0476618059026754,-2.726145083150404,-1.8423501784659972,-2.2277346723583835,-3.9343719533680748,-2.171836029733949,-6.793756915294635,-4.511385143476212,-3.203366969132302,-3.445174322868733,-4.07587635764121,-5.233318714238278
-0.08344485565737268,-0.8005650200474411,-0.26023166107969214,0.07852900679228798,0.6880297484690091,1.3686000175874642,-3.76192270210866,1.4568601129217533,-1.1919296893427513,-2.926450387189031,-2.072991300162455,-0.7130100830862544,-0.4985590464363862,-4.110446492491415,-2.424791348621389,-5.507755079424014,-1.1300742243615922,-4.693488196921945,-8.046052614187717,-7.690956789371853,-3.9152028439359174,-5.3155949188681335
-0.8047873098474035,-0.5908904514132587,-0.2738057108540013,2.684835611870834,2.020817576679304,1.0056220806338647,-1.4340625332007069,0.04975834460106217,-1.9534091440405141,-1.283530358057064,-4.178305176162764,-3.5064750755595187,-3.8583529431454893,-2.3787379640759627,-2.9827268795416546,-2.6988943877131297,-0.9771585879568968,-4.081473379224016,-3.8091829385094327,-5.120534631040569,-6.852306620838127,-4.1167932074451725
0.7363968521478208,-0.40148052619367236,0.606829349246916,0.5694216526109419,-0.09024552063515609,0.454391684042597,0.5406345801518947,-0.14151561852370792,-3.259313207183025,0.5014202193317882,-2.652563747577901,-1.6062647988764485,-1.7630132167748702,-2.0830368761919575,-4.387233900474606,-0.9165753697355424,-1.8388490013690213,-3.159108619275667,-3.859216787060672,-2.2225347804008497,-4.03909814857221,-5.058419094088604
-0.6801299782268696,0.2078629717544586,0.03694814698918324,-1.3022213956600281,-1.5855589286757095,-0.06725448635809542,-0.33551821443787055,-0.8031010924059994,-1.8294681024715258,-1.5392211385165109,-5.2724260589512415,-1.9754718729348903,-1.0630916817293317,-2.0162853480210727,-3.585199597986358,-4.1078479607734675,-1.980482262503256,-4.2485738372147654,-3.8492343668206264,-8.715966230473603,-7.506834065979836,-7.277516491718687
1.2410577051640936,0.8434846883341299,2.0168948626978254,0.7901764930032545,1.3110867078142225,0.7112966638437622,-2.0191237793710237,-1.0208026147605953,-2.2829279059932253,-3.131182795367116,0.9359992672566781,-0.8943733751008687,-1.9161200717742517,-2.7877569482006983,-3.906614424142458,-4.753338674347569,-5.035088792996261,-3.0284692246323397,-7.843692644564729,-2.6112069095504724,-2.923267532930633,-4.13405910630722
-0.6336151617657242,0.6289985578319057,1.724157195480252,1.4495703019235995,-1.0744474882332287,-2.3936828268024373,2.307736585550934,-0.1619287373718943,0.5344644217155861,-3.7433143259998736,-4.176221000616187,-3.5281750435967543,-0.9425742681595006,-5.654337692832164,-4.025786452464474,0.3283333877184824,-1.2601789378297885,-4.362537752645103,-4.651024465908,-2.7302218459504144,-5.325862202499748,-6.427114994364833
-0.18283326060367622,0.20089644543351254,1.2257457237951064,2.321493105380989,1.0167305887861726,-0.41667618606835327,1.9441033453625343,-2.27524156067025,-1.4872608807841563,-0.8678086523215922,-4.879171018344182,-2.770466309277964,-4.068091503482047,-1.2325739474641935,-3.2927687157639163,-0.40321234177063475,-6.812201539487196,-4.952534575247702,-4.1131056391143535,-6.660543878085154,-5.632538275618844,-4.4717414447911255
-0.5272010707700671,-0.017274383280116802,-0.3191664162840697,0.6585113893585957,0.20344807021863326,1.392739753470599,-1.0683390852909536,0.04131275067491052,-0.5733445770528584,-0.15494658269733377,-1.938424021236894,0.06973126102302157,-2.7798311749521503,-1.1972471849414632,-3.5777862880843863,-3.0435374412315706,-3.0845937681486326,-2.091668652321731,-2.8982054760232385,-4.6506828466133205,-1.9670430023527004,-7.723279142004176
0.10262242193007012,-0.7026782226092434,0.7353160632880236,0.4481646721519979,0.1751310199235529,2.0268385388684114,0.9494397712958723,-1.523337770296709,-2.0149610689000133,-1.4726872670444975,-4.355663912489105,-4.363107093578508,-0.938396593587917,-3.390405669926831,-1.6065753075878235,-0.15464246452877553,-2.1813971354456334,-3.8995757862733313,-7.1601355551147625,-3.569840432527789,-7.620208144004924,-3.6429664131067145
-0.8386251593355987,-0.9008977229684991,-0.5261247518667065,3.1279372722991243,1.060189450539936,-0.6953646274648022,-1.3536787000740567,-0.4036406027272919,-2.275789190975799,-2.4527967844695766,-3.4024043441973264,-1.1380395346776218,-1.9363828294849736,-3.169353119871549,-1.545825752317075,-1.2187248532813673,-6.233871401879995,-3.3833497830287587,-4.988058553316893,-5.787050535814677,-2.528520765207845,-8.189330043879853
-0.17388596736504613,-0.7732731053403467,0.4908604987526617,-1.349673947076678,1.47761600211515,-0.7141230252666579,-2.1161706326405425,-0.30317775427213894,-1.750120527289215,-1.4659418521749779,-0.9500307711458785,-4.413015264707552,-1.455493075969103,-2.4536287008659103,-1.3812517671254578,-3.207041593794324,-5.376433994576636,-3.9902114901527215,-4.123949910485827,-3.6351276644513777,-4.330648421409994,-7.493233075670742
-0.5426087044648374,-0.5289632798895268,1.2151711746381815,-0.34474079137600944,-0.5642322980535119,-0.9539032930658017,-1.9483975730731105,-1.9321389511354556,-1.9763841121828356,-3.337065043928821,-5.963500482826889,1.0352640537310662,-3.0343341906128387,-2.887963415046755,-1.2936326058106735,-3.2433170164935725,-1.002557207730975,-3.8062227430948536,-2.8632915025799366,-3.155728494804338,-4.02854934323049,-5.075516020375793
