script/wind10m.json
{"header": {"parameterCategory": 2, "parameterNumber": 3, "lo1": 3.000054539987559, "la1": 64.9999836372058, "dx": 0.5, "dy": 0.25, "nx": 34, "ny": 52, "refTime": "2024-12-19T14:00:00.000Z"}, "data":
[rows 24 to 47 of 52, columns 0 to 33 of 34]
-17.54545971197504,-17.774603141426397,-17.498256415744102,-17.047048327338594,-16.254301367649557,-11.99562571993767,-4.454299177071955,-4.898104725891647,-0.07210910696058079,2.943060411850539,4.348202656937665,1.991595047854898,2.2077635310693884,3.1921838646285194,3.993423448192169,7.169725932311482,5.0550871754203595,2.4414125243927094,2.2043290070812964,2.0205603613768393,6.688490522684549,7.159823153195355,2.97876721600712,1.722036515805177,1.691583447422885,1.6070916647619118,2.257771662400475,1.9660348818924522,2.0079768555490283,2.1058785566354246,2.27824282856991,5.375710500982303,6.936378944560296,7.708656688488092
-17.313325135000255,-17.077955412295253,-16.048424260325813,-13.754482193834875,-15.274258885509544,-10.59048689177462,-4.829966372162946,-2.35075020620438,2.6490929074157097,2.544574499454682,3.619886223212669,3.300364817264008,2.670865335799299,10.936025536942834,9.049521403593678,6.568294040210588,5.949951267757033,2.6046018098370403,2.095264033491047,1.9248833404142935,5.871107857981275,6.675418040058171,2.1195864503055577,1.9986532862314095,1.724755758338404,1.4985696442243273,1.6847769608883159,1.741066229640375,1.9608111575405247,2.9880605411645065,5.784223374164237,6.547907314067264,7.075111635948465,8.23011110885832
-16.845063390418147,-15.757027365042891,-16.118114793872003,-14.995383002883809,-13.017032962817163,-12.154718503979705,-4.487847507446313,-2.083611464643295,0.8509319975772028,2.8316995009942314,2.3260758924614744,2.5190634665885936,9.857872963934645,9.831491263091356,8.265777395248083,6.906804940438858,4.581834059036247,2.641927817491822,1.7541893040817036,3.2145547825702803,2.8093363509686964,2.809438583287967,1.8139027596457382,2.535182236175743,2.1982506938005506,1.0744328320259733,1.6858934097616702,1.990865890020987,2.7302814874174715,5.47385808233138,5.160325007064629,5.832696438442767,8.166935588451008,7.069205557256756
-15.282132387915437,-14.20633182320523,-14.152095207126177,-13.116989331052137,-13.397290394614243,-10.092902623587449,-9.189856890915264,-3.786561915046366,-0.9965374192457399,1.951871720595334,2.5857887902113625,6.35337247096776,11.18461392415029,9.164530921642262,7.557743000745564,6.237676928820758,5.398144285932686,2.7488968194149432,1.5440356062318386,1.5824926612223902,2.552860834045119,1.5427751700234902,1.6724476321352382,5.199391734003537,1.3607876574709032,1.4318856434943112,1.529242919761353,1.2743129443043983,2.947384498422465,4.51491238222147,4.226029507063479,6.992122118914026,6.751144197192341,7.7414777930410965
-15.030863173968312,-14.672082656449264,-14.638774055763406,-13.930124902815063,-14.417854033302776,-10.966544502271976,-10.055460177844898,-8.848817099675328,-3.870485902478862,2.966720605386735,6.8766430957879,5.664164624587922,10.037944885848715,7.929440001642337,6.606505279860892,5.625350028522743,4.878501076325995,2.461435009509693,1.1672478705899334,1.2033245050048724,1.2779660277910674,1.8046865614638732,0.9684993832666947,1.3259481939880957,1.24129535097417,1.1205373055871355,0.6554799087627866,0.8946623745276593,-0.17651707143145504,5.81580743405554,6.76234050028529,4.476981967257013,4.606295648093664,6.845775774518997
-14.82376146058153,-15.01659727332667,-14.186832635357803,-12.04377083107951,-12.531643217747243,-10.650809538987371,-11.026143220537955,-7.163045868568297,-3.0485978432892056,4.464706540129589,6.126976182620273,8.807823833565743,8.168300202295034,6.0750152316004336,5.188758111930839,4.000409500650018,4.250131210219033,2.650381507047179,1.9940926701435047,1.4600379784021567,0.19933468255437617,1.8749083672423246,1.454975932994649,1.129985372761854,0.8270577876475182,0.21741655358800513,-0.7675558546540702,-0.6881472148408603,3.5272606192248483,4.302120763561915,5.468087708205742,2.485210893450539,5.878379355075685,7.268124294429357
-14.939546839614811,-14.203335721158213,-13.348506875288221,-14.226085903800866,-13.822839485460289,-10.721361677982186,-11.23854309166035,-5.478685601840257,-3.4101004156092087,2.0641828243835323,5.449379944779318,5.409031116566163,6.671440536457034,5.719594281506412,3.6220440550452997,3.998845193671107,4.424897781585118,4.0833749387128035,1.1768133638172233,0.36706913097289756,-0.022690205576138857,0.9100098913044893,0.7482893203335219,0.5730629806096729,-0.18070890465732453,-0.8469897065037704,-0.967000645937429,0.9283306847549891,2.618153106899978,4.36197580666118,4.7329457136227795,2.502545327192628,7.321242951088459,8.588728704894708
-14.390515032764634,-13.80126228489536,-12.804187062434565,-12.245607309917272,-10.740360103197276,-10.657012173356854,-9.571723344278787,-6.718294478402663,-1.1612554417195367,1.1882041996941914,5.164029344576594,6.760045324639981,6.085693590245403,5.219084328096118,3.095502289582861,2.2544703845307157,2.1456152778873925,3.519551584662493,2.5958187183727244,0.4398166370403585,0.8328935232673275,0.6777945544203504,0.5139670292988352,-0.8446218660284731,-1.4082352538947753,-0.6428130249993145,-0.4795907409713241,-0.11576112177106058,0.7676296879701031,5.6483316647191835,7.091412486520979,3.8752850556477854,8.703870561510598,9.58720669304567
-13.849674367556561,-12.99137990553753,-12.37703735340938,-11.263570092278899,-10.622262169287815,-11.883783869138295,-10.060167981292613,-7.224725035875479,1.1084879397485095,1.7927213977483185,6.411379780005185,3.1232243793823664,4.394189730583075,3.653603238401855,2.461268486869405,2.4267130525264538,2.910578883583019,2.488128392446027,1.0722030372645333,-0.24787735349625142,0.7041404456296912,0.31209499705711785,-0.19734860342215338,-0.8446222913775634,-0.8489085616702267,-0.7338507242047143,-0.9193935406586585,2.1667699826251057,5.149320598885967,7.048032981500033,7.130563792795423,7.297872703656151,9.52069080289979,10.429360458430349
-13.175036695094647,-12.461464069232893,-11.399562504442422,-10.651206807492855,-9.895489122211172,-9.442518237196252,-4.972931349427327,-2.071345839333356,-0.6680561624692595,2.414976030819699,5.732923188233869,4.357455162600034,3.23987740550752,3.0142338324418585,2.0208454613795883,1.5240994640845498,1.8366371782255013,1.8535088434648321,-0.017750290357757836,-3.416181423584987,0.15072910037090503,-0.3634907759250948,-1.0937601215453412,-1.8210316481318576,-0.9623462690194817,0.06387740333407682,1.109948234831039,4.612229009848428,5.58759560045127,7.140061034359941,7.327011572086912,8.318715167204763,9.138630777979772,10.236927499879698
-13.405229041913602,-13.050959901281452,-11.77018729900647,-10.796965818528006,-10.140611015839907,-9.005825293975517,-9.715352523404905,-1.110383853962626,1.74392327524803,4.344470909279788,6.12205412242659,3.2729497287626677,2.649887163477073,2.1564836251163713,1.3525756636505049,0.8081843485251595,1.4950089940514153,1.8838637080911775,-0.6637904093432515,-0.3301359665396087,-1.4651752423578581,-0.8509862945498099,-1.6690059512393722,-1.9959518825326563,-2.738481948391041,1.3110846432132284,1.7093066369173107,4.050840073241851,7.55791210065036,8.102960647855381,8.907942555497339,9.027659296181508,9.62079711468528,10.052762552889533
-14.840378588677842,-13.175239864695792,-11.28943254155666,-10.079165692384965,-8.338655247775426,-5.488560576101911,-5.945247998970978,0.5273109747447441,0.8048183044527621,4.195020905702944,4.135638875791336,2.102150283262365,2.440894642830271,1.571237941394938,0.8587242184893283,0.6174020386451732,2.5516211325815297,2.664000255660641,-0.3917948114257481,-0.07167291393980514,-1.466661140931925,-1.8118312890101924,-1.9037324203697235,-2.645542945261148,0.6014931603587521,2.9149746231755578,4.143731262493918,8.04177559395574,10.256481047234546,10.281302311206455,9.551055251287638,9.252188981363807,9.71437086792958,10.321308856277003
-13.504879305633628,-11.568581926452255,-10.074801033917442,-5.924375394092775,-3.1310013156478935,-5.2865805395544685,-3.369435549316068,-3.7066000281285367,3.215701376535391,4.003152941730774,3.009171341323395,1.8209447712824247,1.1624315862247314,0.7546040064696259,0.6263046353801007,1.7203206760155765,3.724694407698239,1.835637518516463,-0.1310123595345814,-0.697043656177762,-2.1644602838368083,-2.062116137072126,-2.2222266695872297,-7.281222737696365,8.431201383657038,11.091175530181863,10.814968638149464,11.101751741566808,10.502353194752448,10.124825465777901,10.146797877958653,9.843745022452497,9.550006597766062,10.252131769383634
-13.254584042129201,-5.486349546771088,-3.3018256379733457,-4.0821306702994,-5.135204485245002,-6.590992279059803,-2.62914856819863,-0.031211545238735865,1.8044415273613315,1.9703969973098368,2.1891756621729095,0.8268821593614247,1.2705427325383825,0.639149231655995,0.7023335174321974,2.7240893281158227,3.0312683857739384,0.975243313273073,-0.5815524422654743,-0.9187371919455998,-2.448581939075324,-3.8812676601062206,-2.565139661067143,-2.71866302268724,9.622920632238257,11.244004211334062,11.84234683441321,11.061327909587991,10.826912507737232,9.988494579041289,9.288192705690642,9.606854053212405,9.993095669105394,11.563822678899779
-8.879049983524808,-6.7453490121739375,-10.177387835000642,-5.851444673583523,-7.055573044120038,-5.371193078330698,-0.4477991859232116,-0.062037211862333734,0.7704484617331324,1.3361968589727011,0.38091621094534156,0.28164227359922717,0.9941033025774998,0.6393242412513553,0.9513681611422035,2.0846266719291666,2.6181564091270833,0.389917824863416,-1.511245018328724,-2.0165157944380403,-2.6108588953321483,-4.599793124505064,-4.795379200946533,3.3262238261670682,10.247718450120198,10.65167835730629,11.13791964224366,11.797204484175893,10.98810988759113,10.696141945328074,9.610484553102077,9.480798217364429,10.183554511766236,12.235802602918232
-8.639435446516462,-8.522290002262617,-8.912163675353266,-6.4667159468810915,-5.489538390837365,-1.9786732883757678,-2.3078982733349696,-0.20026626418918242,0.527531217611615,-0.43602470204282034,-0.5384201441674212,0.6188822796115968,0.8666662051429491,0.7560508813093441,1.061407579293438,1.9856894398643083,1.7841233971948316,0.039196217723595446,-1.4230666977506026,-2.100666531910768,-4.4683715957485255,-5.28406101801697,-5.769490425784382,1.5429362286380162,9.356154435847218,10.616176880675651,11.707139557262497,11.565447558449792,11.649846741586105,10.46133424554187,9.938005483905634,9.207026860179642,10.299994851234906,12.238308595527405
-7.142141551496554,-9.996529285999479,-5.747337460458573,-4.074095560972768,-2.649964390565598,-2.961807715246678,-0.9668163258176092,-0.786034460259518,-0.6885015929174505,-1.0165354380730378,-0.7748677246002847,2.094433612038378,1.0428718076584176,1.4132103643549099,2.1476317813382386,1.91940755752552,1.6791769991125356,1.1806380505678766,-0.9522349961245029,-1.2010904398462907,-4.298776765220508,-5.3911195645944,-4.802098964827376,1.06332335932105,7.669393026359752,12.14975338137705,11.080147969148843,11.216002509237613,10.8909193224808,9.397471657185566,8.708455438896875,7.565548386837553,9.46886540638776,11.773613238575004
-10.293226409251476,-6.626924061713984,-4.716279779796242,-3.246028192879404,-2.4076939208963966,-2.1383845039095033,-2.000076631998158,-1.8012883387261815,-1.8100999526328838,-1.3725773846173355,-1.5311990362736134,1.9794494372828388,1.036041423878288,0.38937095276361516,1.9357375340138432,1.4818491022528153,-0.15140305595665388,0.24449102198827852,-1.4954963353264175,-2.8300738652132647,-3.4372893288484443,-1.5300269726718392,-4.202128884836864,-2.7135067018943744,9.962416940817999,11.289466728152615,10.442083296516637,9.764179873687356,8.922291762769776,5.193962952604226,4.628686159476688,5.6491312318915545,9.76612197327002,11.026202377042967
-7.110108168201423,-5.376132992235336,-4.035227203933835,-4.461393082015072,-3.541313166057434,-3.1062006062358485,-2.4359872138553045,-2.8790264560394125,-1.7683945760458313,-2.425444652177131,-2.087044442674982,1.0375372749976606,0.17634105767837693,-1.6135033857740104,1.0240134050632281,1.8636235709832758,1.4142751575545733,0.1578385536338129,-2.2073749204428013,-0.6717883187793396,-0.38765782282791805,-1.7992285508651429,-1.870770116437383,1.7190952594741515,8.062160218792284,10.16372065496102,9.544938655200102,5.925876155308621,3.9705689074652737,5.278581145214714,3.562284574965631,3.651179274504431,9.225418767371744,9.744813830915854
-5.079210445635099,-4.877940801560344,-3.872898692431567,-3.3466402002913953,-3.8041936964784377,-3.4718046254964543,-3.5744369022851523,-2.6478722296407238,-2.6954045223102745,-2.7757355235111114,-2.79851051604844,-0.4137951843893828,-1.4252950205410657,-2.8026287090993036,0.9842857886250174,0.6966091404199977,0.5733729750249696,-0.11781912245608829,-0.2977048305717247,-0.6191750296724444,-0.3640147265252247,0.09464188489908977,-0.423972156602326,0.9329383067743631,7.410760697286296,8.593050799813032,6.681367455728364,4.533381124518152,3.14841746564466,3.291793178507804,3.755701711908677,4.704411792894207,6.038336093267044,5.897520307323839
-7.08806443549804,-5.6390251891566665,-4.96034694954963,-4.498548334280108,-4.914012324621566,-4.1121595157071935,-3.3177007864643597,-2.911011759609093,-3.2440997089730823,-2.8302344965241097,-3.8006787507547606,-1.6121398622434795,-1.4334903073511907,0.7511420204004184,0.41920229618142923,0.4218829079814828,-0.29430609088761234,0.18966211873128933,-1.070538839771641,-1.6837556005153387,-0.2011094909199654,0.3616344311058391,0.017460616973486113,2.396448604000151,3.6211123326219057,6.352972355469218,4.467623256551276,3.303411022306182,4.211793889124364,3.2390172568417546,3.2543231949179185,4.524216737447355,6.248332495837579,6.941714794803117
-6.997207210032815,-6.119096880078791,-6.007196365635812,-5.7390205886748005,-5.218376355528929,-4.161867414510062,-3.395675840947981,-3.214133853715723,-2.7427005802220137,-2.5352469734920446,-2.9498231550711385,0.20648780430899707,-1.7975167191059738,1.044351304630774,0.26886743221844633,-0.32876581150849066,-1.0273207132288473,-1.6100236766906069,-1.4340293799498467,-0.5016221032962643,0.14050910050797755,-1.5990925741307116,-2.5735520789572446,2.160741089965085,4.237870211558348,4.440560287546177,4.838718557744922,3.153103955645744,2.878177000246781,3.657106855587687,3.2406695093197677,3.4851776940231516,4.479151339927409,4.068442923882602
-6.310983175109959,-6.523663118595511,-6.248330180860303,-5.678252217649279,-5.38699674987324,-4.126773202068768,-3.6818065496534484,-3.013227400706108,-2.505859602860602,-0.4229045806797177,-0.35911691494333997,0.17234027183099235,0.25116551455473446,0.3993420251088302,-0.8908398140099866,-2.2625477938701497,0.07738102131398569,-0.9373563806574304,-0.3546380121584197,-0.508125958983303,0.35247657627800266,0.6045585464408132,-0.8493106792371984,2.059837572195383,4.25576862927445,3.8379803823627614,3.32882810063425,2.928328235536979,3.425983277928281,5.041596820792568,4.362628768525421,3.885695015068361,5.15839540645822,5.199972621763511
-6.4018114920065665,-6.420904229782112,-5.898643150243705,-5.26430818307708,-3.8659759424133076,-3.5578419038134754,-2.0978772322701875,-1.6950052801601496,-1.0422100060104798,-0.04776710617640453,-0.6202069204043081,-1.5653440165111248,0.30632743626480946,-1.4040095685278944,-1.4892987724966,-0.06102598991825894,-0.07995047797973709,-0.1800159062823198,-0.32704532366082895,-0.00033396572300104714,-0.5095497147252326,-1.420856388178686,0.9514806209637179,2.5123540081480016,4.472981111254201,3.966339620228996,3.5128429125473044,5.15215733126414,5.523880997095779,4.498424217747146,2.733740726815711,6.018840882718072,4.78775477394493,5.5703546774912684
