script/wind100m.json
{"header": {"parameterCategory": 2, "parameterNumber": 2, "lo1": 3.000054539987559, "la1": 64.9999836372058, "dx": 0.5, "dy": 0.25, "nx": 34, "ny": 52, "refTime": "2026-01-21T06:00:00.000Z"}, "data":
[rows 0 to 23 of 52, columns 0 to 33 of 34]
-9.761397689373474,-9.742717188733709,-10.013874722842282,-9.864106237953303,-9.836748049697809,-9.893248029847577,-10.449045024530058,-10.699973014597182,-10.256938729058655,-9.868015575381868,-10.358748303752236,-10.642458330227042,-10.876738175153635,-11.232110763196273,-10.42231937597956,-8.92956066241157,-7.0309356294790994,-6.809800043443461,-8.709749228304279,-15.487043111565757,-6.839053085566086,-3.2921396745140017,-9.02854719859482,-7.119466903271779,-4.362469038717426,-3.287770477674253,-2.323090276477843,-3.6040050366537044,-2.505952952375252,-2.296767130340872,-2.1860932962808626,-2.8897629456716523,-3.6012101975363713,-2.06859917316146
-8.814018000536278,-9.178805695631763,-9.445085856803422,-9.772781827624199,-9.928689516948786,-10.293626910730115,-11.210911882991043,-11.747165413225028,-11.33783733956639,-10.364864288529786,-10.048480109813655,-10.300039321923798,-10.877946410475625,-11.241302561898767,-10.905806898403103,-9.776069044904405,-7.6852710689119474,-8.217694027953712,-18.0679460271651,-10.97969136249505,-10.92115039856923,-6.738153704130496,-4.319653211276631,-7.838765960726455,-3.2788334820774794,-3.990605292505651,-2.562064854633975,-3.704600339413213,-2.63269888260084,-2.4373723548888098,-1.322795565194036,-2.211423862566883,-2.2807716986929254,-3.7101475604589935
-7.627778541460859,-8.382875313886895,-8.959913378954889,-8.997367345216,-9.28733257286057,-9.68191918895143,-10.230887167329403,-11.163568851066774,-11.956930060390944,-12.455408528670251,-12.037831482763918,-10.700728109647347,-10.275736757078992,-9.943827100090227,-9.570812658665968,-7.498129736112474,-11.112667459473217,-10.787854975145097,-8.105705150995654,-8.59419977694164,-11.835608017575458,-5.5547729389357565,-6.02202460731101,-4.552203358001395,-3.986650755130124,-3.3095946572071315,-3.7840922610634116,-2.671758645728254,-2.9633663265993766,-3.567019405389145,-2.5912983785129247,-1.7190704408798285,-2.234892285797465,-2.934461687862995
-5.696228825010957,-6.560999953332743,-7.353435424500454,-7.583509650089562,-8.488811006197064,-9.1547696322722,-9.445404882012832,-10.30504026761277,-11.265080630304466,-11.67708212689687,-12.094325469197303,-12.217206127812654,-12.937647984945814,-8.82919072345981,-7.806020611587893,-14.239155277599322,-8.395676892904552,-7.610391451922035,-14.263867770416597,-5.521021488746101,-14.28128834638181,-7.9040212379647805,-7.9895454480354005,-3.362123052986428,-3.621617525782648,-3.899036982088189,-2.5238003300982683,-3.512938734605497,-3.9653544346223457,-3.1598494776124424,-2.756888394123853,-1.4902438793480188,-2.2002271702642573,-1.4320127602972181
-3.3334190192860804,-4.080190803042899,-4.577130599772108,-5.351055305121983,-5.738265216616382,-6.102402154879077,-6.420691365920604,-6.912349138565755,-7.7588773631317896,-9.51299825650789,-12.666125114482117,-13.243859795384394,-11.613399264340261,-10.59457322111466,-12.702542393716033,-12.820558499463043,-10.064587665750135,-6.337121366815771,-8.45416925010531,-11.396007181905006,-13.67045903237276,-9.939350242044926,-3.055981623016817,-4.080836302262356,-3.664771225618106,-3.54066709369016,-3.488008739519613,-3.9959246789120577,-3.6435828226155187,-2.7057107769272224,-2.1602150389446755,-3.4886932146790897,-1.5072976813723447,-1.4381669711538325
-1.2681286883266123,-0.7266393775118721,-1.6324818602673123,-3.5310878881196257,-4.833416752754738,-4.957299619206972,-5.025916398260988,-5.1553441372924995,-5.2752075300615715,-6.620458259318372,-9.176074179666026,-10.456431940355259,-13.366074036327053,-9.116046517587943,-7.886127902821522,-8.503594319644666,-4.462601485411389,-6.278960149969869,-12.256158411350242,-14.243009076385059,-5.812475829532948,-7.952597602424114,-3.551117193733606,-4.033241284358786,-4.029775304597493,-4.146213511216947,-3.682551193166237,-3.927211205554941,-3.4129333352408526,-3.526745031225438,-3.254577882556176,-1.379865941343613,-1.255437784186508,-1.8157951252352347
-2.5908897168952834,-1.7519987262468188,-1.2288294206064143,-1.0048918405944862,-2.629566011882177,-4.681840748412025,-4.248304877158612,-4.208357557484001,-3.5173072046765474,-3.3413488236429547,-2.611917906611296,-7.5351058544745575,-5.385341180497961,-12.897534965236527,-12.233297119333587,-6.108993688193585,-5.67840629839293,-12.567796039880802,-15.043440666725415,-10.061029549412996,-7.250572345730486,-4.260359712558019,-5.607073923511509,-5.217035545660528,-4.428475375006152,-3.3990629348693755,-3.78821896138269,-2.3059295949010172,-4.167759182115616,-4.10471727997647,-2.7528209452125534,-1.86917503211739,-2.2361977205322825,-2.0737507192991838
-4.063553377118399,-2.842222805748435,-2.1985537912880875,-1.675067438868743,-1.6081593763660267,-2.9988657750735026,-4.077940101633698,-4.231912293255379,-3.4424769355829334,-2.9221124720263245,-3.0248740387485733,-0.598824786773904,-1.584296197088843,-6.888630053638643,-5.245526342286967,-3.0031594181679613,-2.9073090643609154,-0.5822046132989959,-5.383917377094447,-4.770607479109571,-9.186005036213919,-6.169846514697119,-3.3717789990929545,-4.071958911814831,-4.1486171998822305,-4.056798918504487,-4.4901267891590155,-4.277724235922526,-3.0158337403001436,-2.7545958204674412,-4.293642420104495,-1.9621255603404166,-2.9637677679335503,-5.405709517381312
-5.651316149182928,-4.797825867682352,-3.3527247744142286,-2.7205299907598492,-2.3520614763189003,-3.208225361152721,-4.080408562715671,-5.526548160848235,-6.056678040974973,-3.417578917753418,-1.8829766766389548,-7.27328762129838,-5.590556451259371,-7.36780281625915,-5.223657874507756,-8.6676767677995,-10.092121570006318,-3.0471245341813846,-11.627059074294706,-11.79862712300304,-8.91125324573772,-3.865821601867697,0.3051097867762563,-3.208639814229514,-5.082815947365924,-4.58111306888488,-4.360651738816317,-3.5765026186649265,-3.888467269179174,-3.5162924139657887,-5.024716566258993,-4.6201187665573435,-6.585538754575151,-7.1242303708718095
-5.718881234992566,-5.6373264623379855,-4.967151581212834,-3.903348592853324,-3.3029569837026687,-3.7572532551900575,-5.036974482475136,-4.316294857846487,-5.5343954094375265,-4.258290474289943,-1.2651897829716137,-0.15476715255657894,-6.1784083203802735,0.7822026497629886,-7.529535008884735,-8.534578131467676,-3.8673939108100988,-8.669885144286672,-9.084072571486486,-7.016337351007148,-5.463233492777139,-3.296544041085549,-2.9489241316057733,-2.3514767727562766,-2.911088263951695,-5.504569544524989,-4.4766716177829835,-5.146038880345204,-5.59559695448404,-4.918313011333252,-6.247341838786693,-8.54306877505825,-8.755348381838415,-7.868353929186058
-6.103751965571302,-6.693193446680282,-5.525001298175245,-5.427268599382081,-4.707399828422796,-4.544540703980273,-1.8034370576369951,-0.5601644663947439,-4.65436844318705,2.898798169498171,-7.7055734563169285,-6.023757618962982,-1.4399575065642098,0.39944522993546044,0.4002362155490132,-6.67413237488889,-0.6143749647369906,-5.414309847676069,-13.313385546053674,-5.006672106082913,-5.109869325734719,-3.3168065299954246,-6.359564850915975,-1.45846839401874,-3.0238206813702684,-2.7715543529265325,-3.2041588936926924,-6.112774638149109,-4.453980741267231,-6.244302455754814,-8.797602755314337,-9.31861602103387,-9.914482231278651,-9.86602019552268
-5.396570710909864,-7.804092030372651,-6.366686759058031,-5.674285026377098,-5.816026418418821,-0.7982453277275531,-1.3008665893744047,-3.826183338048752,2.0477001291399004,-8.434782861308678,-8.278180330649183,-6.979984427591848,-4.312373737942122,-1.866216284540113,-1.285660164392236,-1.6921372909896664,-8.273317210743535,-7.892864384605882,-8.172664168914558,-6.087852016391634,-6.58074820904419,-8.177686526513979,-2.6275386343639817,-3.3476329231697792,-1.919984793963913,-2.1376762526762,-2.0144184915983527,-6.577847222464051,-6.286080041700569,-7.723890347869138,-8.240069831443119,-7.5370807997202895,-7.12034615622435,-6.673858710785237
-5.8860537046171935,-5.82777680592278,-6.876443758659433,-5.177317838317665,-3.544923164384103,-2.00359432283029,0.37935435111626276,-3.186170326293557,-8.479450639006625,-10.19466576876559,-8.600788189036285,-9.253710738678521,-1.9503232267912671,-4.012448977564784,-0.6861166059599765,0.400270531042691,-4.460403798453095,-2.3227227863494693,-6.379737735331132,-5.0058251591698095,-4.925612009728479,-5.204680817041115,-6.564829722841346,-3.9969015231468608,-2.510215211247508,-2.610876818048202,-1.6978675419519833,-5.990361362550499,-5.3946746549299505,-7.367110189176393,-7.114484621937575,-6.8371798716836265,-6.520668869142088,-6.393239856303533
-6.291079649463118,-5.975667468641884,-6.174168162935681,-4.5345192381006605,-3.7904775571448526,-3.6589994428134864,-6.158855447381424,-0.6382794732227206,-12.38976665601526,-4.75301963223743,-2.557644063664795,-6.936297712053094,-4.345999478153432,-1.9875086196311083,-4.15342715815675,-1.914229257688371,-5.276230915185162,-4.798381091004693,-9.692751764056757,-5.583313838740154,-4.251271888392799,-6.679748451479434,-5.834476984068677,-6.301916300717556,-3.731484022274167,-2.7989194338078756,-2.2178651434752767,-1.6133672925092142,-4.973616207319319,-8.029049043654945,-6.778344895612248,-6.5297236856035505,-6.350466259434537,-6.207090737796805
-6.88598882936232,-6.2496002160853905,-5.232514940326919,-5.001083744145474,-4.511722741182032,-10.730914308095095,-2.3480687995343956,-8.656550870523583,-2.5751952759423116,-5.373867236219728,-5.354970217574058,-7.205625147044771,-1.950560976732363,-0.5272548357663759,-4.91393932870444,-8.153486867048164,0.14155953021768253,-6.605656214652202,-3.0674735241943694,-4.196343811004385,-2.694649608885222,-4.140624480077023,-6.046170072044082,-6.616034601394535,-4.288455272787618,-4.414832294865164,-3.5811738486977087,-3.6727052223390206,-3.7617016348322596,-5.2895898043236524,-7.022449143747794,-7.224258040621116,-7.238873813496253,-6.975813358512813
-7.7489153883903485,-6.833429113833856,-5.4646155985986296,-5.3537328700166,-5.826898220008274,-6.6924145344682,-9.71110577496543,2.6231277124023573,-2.5692743737971595,-6.713839539427416,-10.026536201191037,-4.517243829471449,-3.419269993341101,-3.9376028491476154,1.0489139027410306,-8.90540767454956,-5.20192466814234,-3.0435440598600145,-4.921030623039215,-4.546638743836387,-5.861388962722256,-4.1385575943183195,-3.3920608579646654,-5.827362809774364,-5.453159872439794,-5.99100519552444,-5.600982024366703,-4.374294203408058,-5.613275611574414,-7.133789893048479,-6.897961738155459,-8.602271790734665,-9.093075823052835,-8.269944487920823
-8.574998503554623,-7.585882616354959,-6.672777538560882,-4.594989469480347,-2.1877703844679592,-7.802053458916503,-10.470072428707011,-6.864665970319246,-1.5491895565597764,-7.313349537210457,-7.984123390229493,-3.9728270682924323,-0.3329281680954177,0.1457451310418566,-0.3475275325000866,3.159263200708997,-4.153485825519531,-0.9518870934843809,-5.077876375605785,-3.112617268936276,-6.197870527758695,-4.753852253695118,-4.888659307245579,-3.166036945035385,-4.344324373661734,-4.477649032034438,-6.11393171773352,-4.924731986392363,-6.701871849819152,-6.2316691254788426,-5.477827376836635,-8.979413903631778,-9.17551065063783,-8.79450353422246
-7.0336458270292175,-6.157838785586575,-5.681561114178594,-2.155917954694903,-2.956905072788065,-4.887504898656781,-8.931392720130281,1.17081004982728,-9.141035339127134,-6.45092970219222,1.3610517615191549,-4.129855067658427,-2.200541782504532,-1.5161464748806657,-3.2898271099538374,-2.969745715440368,0.38546933393827404,-1.2588955261985062,-4.454126822914961,-5.367218060146665,-5.738694826248428,-4.72107427805057,-4.339048547644349,-6.295538792688449,-3.333330521409741,-4.352656450944306,-5.746426054186827,-3.786937122860786,-5.192353537794673,-8.004237208639202,-7.509848677132701,-5.354079814415999,-9.722614392114926,-9.43350241124164
-8.003561651094884,-5.080145685605518,-4.896389374227534,-5.075515523847211,-9.319472441808735,-7.2046057214641905,-5.72923240615274,-5.633438140390386,-10.554915817384824,-7.248105864218312,-6.9556344062111455,-3.945341267898853,-2.980008235486174,-5.1488917463549635,3.7700864066008077,-2.2181961283517007,-2.256403599554475,-3.593090650291691,0.41477798796586113,-5.238467071525098,-3.813029486801955,-6.890383864955209,-4.788906468962463,-5.639044491156651,-4.1361676653786335,-3.2638605460866614,-4.4559757020286375,-3.4554421432451554,-5.855166027236396,-4.960851023500465,-7.812212236028906,-7.873908890863564,-9.352992086807095,-8.910411798975693
-8.64030434593113,-6.4390763535284385,-3.6714792956449522,-0.7230135605399761,-0.17231898646955116,-5.271722401741976,-2.537759241370535,-2.8227387715765158,-12.51131036390013,-9.91913685629982,-6.534288516118859,-3.8456027693290395,0.6660278148966454,-2.953035591051738,-2.439111062172914,-2.3882078516733563,-2.319735329547226,-3.4249363196153353,-1.1169859981520551,-5.313969559247339,-3.778192530333076,-5.947312902907751,-8.06831290449516,-3.4828695974739534,-5.1201891069912575,-4.394745139274293,-3.9111445643791036,-2.5509956588141263,-3.4326264647017046,-4.590809353948158,-4.67527594314834,-5.508058924355227,-8.21400019295487,-4.9010448000529125
-8.08946709629623,-6.730155727137581,-4.796055610238787,-2.496304806534978,-2.952303082131486,-6.7039720046069,0.33023846026470133,1.4839709795940117,-9.849080137538442,-4.615362461450415,-7.456483528107528,-6.305795363230025,-6.218038443746951,-0.8495061425451803,-2.511111258579001,-3.9614199976355926,-2.6222381769048337,-1.3422887661730631,-4.7617528245094,-6.265376551369962,-4.809529673999202,-3.4557836722579154,-5.586362808028891,-4.082242938779747,-2.8437177596065433,-2.7468038923625726,-3.275067497546052,-2.845048283034836,-2.4646778574540518,-3.156669490147953,-4.244572796477826,-4.850966103466068,-7.4348636918309206,-6.925831141713678
-8.664721988424128,-7.346759773612681,-6.1480364495042865,-4.885949710724854,-1.7311923770573823,-3.124734918549175,-14.569456380186196,-14.044487659867901,-13.384903318096628,1.9231529914663579,-0.9081344836908337,-2.203920394633742,0.7331797718774256,-0.5081571441151067,0.7949098115520914,-0.0840453089693091,-4.358338629846749,-5.039205767169822,-4.915383067535317,-4.984205848597322,-6.447154454402856,-4.4864080320481925,-6.265612035368893,-4.756821442774532,-4.36058828379049,-3.896386633419915,-3.7629902104531725,-2.574882132453346,-3.227123262381054,-3.045007844077546,-3.316879960828176,-4.837349113446826,-6.186955725465231,-7.750255457249387
-10.624921785217605,-7.406197966846946,-6.962880276702062,-5.355218301322478,-6.5299117443069745,-8.222536942272253,-17.72192896164808,-9.0117171389496,-9.346662298763466,-12.707414298096507,0.5329790433953022,-5.4614604066347345,-1.3929971143546305,-5.703675547860105,-2.2643265841846683,-2.9274068598846665,-2.5139042890933743,-5.807505628738332,-5.802006965998674,-6.5198506421483575,-5.581803152174319,-2.9334228567461813,-2.9714090899021364,-4.743848267150511,-4.474421644310119,-4.2454488520272555,-4.463063115087926,-3.976775090685436,-3.645921625261469,-2.5783633946911158,-2.235050813334655,-6.589724478548859,-9.13640389685368,-9.44323319113443
-13.5983175881964,-10.940504444631411,-7.930213679621032,-6.470419780577298,-5.897972935474536,-10.44981291233387,-9.654482109904828,-16.834111512272166,-14.082381155478249,-8.405968798812983,-1.6738480565347402,-0.15541515325692964,-2.380234277024931,-2.29574152107162,-4.865995596444352,-4.999969090055187,-3.973356189607492,-5.926459134134356,-5.582172143627359,-6.476827148384376,-4.6665217193528505,-2.143170459609782,-3.0465479220630027,-4.389137240404548,-4.256342201603459,-4.937879986815801,-4.397507968908177,-3.413404573796311,-2.8919977170083775,-2.13270958659173,-2.743327181677413,-3.3630078388796116,-9.566990759683359,-10.659590272189808
