script/wind250m.json
{"header": {"parameterCategory": 2, "parameterNumber": 2, "lo1": 6.000198445256149, "la1": 58.999992894266676, "dx": 0.5, "dy": 0.25, "nx": 22, "ny": 24, "refTime": "2024-01-19T08:00:00.000Z"}, "data":
[rows 0 to 23 of 24, columns 0 to 21 of 22]
14.475458565646859,11.098001165031034,13.153294595417606,15.237445292659581,8.917264345133539,11.553957976868645,14.569137015498598,11.439027191486275,14.133083970421628,13.239753871619422,14.103301289803937,14.343033225648858,12.852577328410277,11.916834948369331,16.086978041633976,17.40626294152824,14.411771930033709,11.951303522330283,13.763694228713645,15.395707267963678,13.081087255550107,6.73804045943058
14.69170581895928,12.865981935105228,13.280203219919951,6.976020381852089,12.717847380470927,16.630312307686864,9.977044588294758,16.132514297274327,13.381380553242371,10.129572370909997,14.239243238345683,12.66152345596717,13.872474955727581,12.446402645391952,9.774135747125696,11.671321764766866,14.933159208738768,14.170211965947185,13.091529599077719,11.574585650624897,6.770416483076847,12.623687064301272
8.018504994761184,15.95393426030985,10.055446867783413,18.036435308386775,14.638252758045322,5.810989014240648,8.84736495586601,7.981606313917611,13.892085213945348,11.107785332907888,7.406747663716058,12.826196321431164,10.451185932466542,12.066149156988201,11.473998573577623,12.109969083740978,11.342100190668475,13.584672133277122,11.933003339130163,12.730466282088964,14.16095621641112,16.645421702277236
13.802987711950399,17.394801572398464,12.142383628970252,13.623445107210772,8.424171659030868,13.438387057362382,9.78516317831825,14.774203697809229,14.314596789140955,7.651514248012146,11.010711985765932,11.979176024510886,8.519595985431978,9.527267741000562,18.128437577232848,9.936147154678613,13.063392539072371,13.647776305145115,8.47631320719156,10.428250796972069,9.780493438804085,9.139595922504078
17.601772178366613,12.736921830814907,6.344152974165547,16.9927989648054,9.797060300865047,13.449117611021213,10.199272343647033,10.169723253991831,13.612975824368496,12.500779346513987,13.315217889448457,13.324990209348302,17.344521417832006,7.9893490454412355,11.95380585757243,14.755470729452643,14.06728739612071,12.462321049241309,16.088120163844163,14.853621645573378,11.85234484143795,10.327254003873374
12.654616762747207,10.000982108478214,8.45229747391689,10.10417799754619,11.668722030143847,13.484256164267762,14.934466096576694,18.46677760101379,10.221395612112497,13.669675081495873,15.369387166017724,14.36047296292088,14.554670945522798,6.508910445577585,7.705583018069344,5.407894309547867,5.392593591153552,13.94075129741258,12.447361598477812,11.438866771279534,15.172033102498167,9.836497489379534
13.845950062980211,16.21393849943845,13.980382893550182,12.768096247172238,15.707839779724223,11.18732655983602,14.186779062206316,10.962752374728913,11.93246013374184,12.898409222881774,9.447510990930613,12.153135693661826,14.271409356601641,12.41469494604074,15.750345279462682,16.172141003348923,10.172130961281871,13.445086328683825,14.110403833303716,17.31840072345601,15.97255653652093,13.190971543344965
12.910770576082736,3.7186199837741287,14.124934459633996,11.201151787710403,14.036254199991282,10.650811629758001,9.39571361802442,16.611416014808782,17.124864489489983,13.783252881664879,12.098763016493509,16.55115897154512,14.173332036673393,13.27886528218082,10.522156480510676,14.973074476134274,17.37602011771458,12.103872517349515,5.230658100580311,17.576618313063932,17.905908297999215,9.227709951825897
13.432260295008627,8.644610002079181,15.415276983825093,14.285634137921393,10.016397855080008,10.93253766779656,15.049669754916977,13.748595494298751,15.467396080633014,9.836333654078134,8.84042385537763,13.794018265885175,9.113881025116394,13.146322789965739,11.409304291678964,17.625938725607764,15.745660422797418,11.919000132394755,12.901825501202733,12.997104910784024,15.497452181689715,7.208838133039267
13.758178496173263,15.586511565345026,13.602197467349956,12.807436616049388,18.276835024558615,11.062406049236811,12.623882158385026,14.927980955585893,9.477932061668794,6.153602911090482,10.262230945326124,13.548868766505262,9.933057790651997,16.69010634142879,14.237356737452368,14.658812487372254,9.473735333541914,14.997044750537432,9.822494442506857,8.362845072125186,13.781216711340416,12.854340367674666
16.267859365737582,13.518140142006263,15.16107054983281,11.225551082419349,7.931857568790884,13.513691454952152,8.179054966307923,12.63165723781529,12.83911194525196,8.15771352455901,14.791146200815042,12.615917336862978,9.903687749659948,13.19648855895054,11.730574399456527,10.468708807505124,16.30315777204072,9.711489685304645,13.976642073966351,14.359754745750665,14.674863302136483,15.592222428975827
13.098362540255295,12.67732151367091,17.63295617244946,15.50514999569853,9.327772339091737,13.07903783517616,14.972604225060795,11.13381659108508,9.690515038300829,11.42781111510204,16.314140347032076,8.398670771082129,9.941039338588046,14.35556478694771,13.714234033151849,6.662210234310544,13.436755518775584,12.917872656632943,12.440781534748883,12.516841573120576,12.930291881943608,17.31524950545656
8.038596733335169,8.32482747147278,16.969132428529292,11.414443227236111,9.286648991253672,14.478141210235721,11.853417373923872,15.850299246707525,13.818874658240748,16.235657035886852,7.816735567007342,13.332752890660712,13.55605525441389,12.383499676005135,10.415309588134019,12.80044592431851,16.9018708211095,15.75383281240828,13.780896433993533,10.464807778474203,6.811244447704473,17.24992485389338
13.012417354316046,17.464554343941078,11.77582212677366,13.707974016006593,12.242028145909586,18.180219624519697,14.847992983850189,17.28117469363696,12.945000786212585,11.197804410937716,6.78494235282665,9.88010398696439,13.539015111573871,14.18749936969543,16.89558464692333,12.264345294563423,14.342335861077155,8.500555326851003,12.582550322763595,12.916811375366633,13.356612798340773,7.022692236719209
9.26455055964635,8.252272887187754,17.847817104423264,13.14946840744679,9.262463554068194,12.071452098859776,14.542353746565729,15.283527711631272,13.518715341325741,5.640036301894823,15.012239125186314,12.363527533665648,16.023096047622992,10.514357303290787,9.688051933137023,11.169964752009593,14.797550978106484,10.119473283288395,9.133835335949192,12.77071122360489,12.184730675839376,7.580249172480635
15.063464113423661,14.38923984484197,11.74247823112648,13.447079203930933,14.591443848310627,9.66467099141713,14.048425154617169,13.371006493777058,11.54428977923236,18.027553184693407,13.723417173971477,11.30021300055157,12.18838780982914,10.90503335641543,16.952479211261625,7.894414791651901,12.26664909006048,14.215955968965805,9.80196320775985,12.64119427640548,10.806760430135723,9.277426419758884
17.564555771383333,14.577307560275273,16.402997268647688,13.605654663115304,7.584699477835326,15.645683966939133,14.668498628659286,13.179369383485698,13.363026886963793,7.562602178336665,9.338597676940674,16.36752419113832,13.511835324647977,7.2764283782885855,5.702719501541063,14.401711338034595,11.948291210414917,9.82993399644587,17.115885826732942,11.184229531536074,13.40902981475736,16.918962046504404
17.063002180187137,13.310601691472575,11.176759031064398,13.017500734940587,12.975000075922967,10.820101266163908,14.609996892131601,16.327151096263428,12.537985688989297,14.575564713786902,13.670627320846483,10.930902478213147,14.255475846257037,14.967804081388298,14.635524007143509,14.65612559523456,14.355206808804828,14.387175637273522,11.59211448169101,9.728735971418274,11.965428271760109,15.569290427866491
8.108224757882772,13.191230645569995,2.188197790416401,13.976301126012403,10.977144906836973,14.559321254157453,11.711539659639556,7.994644505514048,10.51590606594331,14.379892275458444,11.88683005490376,14.62173135600362,9.888113426082793,14.757397455304588,14.79703188487,12.517775284982896,14.251473340046283,14.129325105936635,14.666183505890606,8.142383989431698,11.638920386872877,14.427414972915157
10.791891253054825,10.750092780938312,16.579810833809372,14.604243152573176,13.395785237050616,13.406242321433417,13.484279706035466,7.790688121425924,8.537303318334569,7.057629642760763,13.375710715296607,17.26205843136096,15.22444708865308,14.825707909688504,7.567699943119495,14.463238314981552,15.035081682681751,12.326868369074695,12.604364079198515,14.904884162573643,17.02157015472739,15.740500651483176
15.039598409413719,17.413121844373105,11.70865136416236,8.232863099768993,8.262377159356664,12.590723251315238,14.63934105987241,15.864398907712117,17.50964876748928,12.622772711068363,13.748398853230912,6.568259382247493,12.648825164993175,9.464242939435167,15.687809674341493,12.623358208794674,16.497714623159496,8.034810966664224,12.031427226799533,12.920497976949344,6.336935226884294,18.3412784130034
8.737604796906096,7.702981387462444,14.227190044977736,7.973481146603998,14.9790425737762,17.509424538686595,18.269437202394993,12.945647255194734,13.8512933707498,13.230455104113409,15.81159217374121,13.311231782472012,13.971613883042364,14.505603237781878,13.309865525069423,12.028032540692697,10.384691916936108,13.010614956639659,16.465650801028676,15.395308983727077,14.439395864722208,9.148241910424657
15.177986570223773,13.914868081676351,17.346912795802574,7.292767153495467,13.800122080638406,11.635449746586644,11.178265789070338,5.492140433620032,13.2408063548093,12.94830505547295,5.208989916885349,16.33459635045155,13.485243454347003,10.605621787346728,10.896673886556247,13.100858215605095,10.45936505822358,13.277397042704795,11.674173136400844,16.076748213914474,12.3029981195485,14.344050893436215
11.646032154633188,17.38013663215445,11.666488480942057,12.13010031826191,12.578766431422247,8.551278910290549,15.155869139729298,12.05566619507429,13.163912824040374,9.480385202902827,8.316711156015888,11.605114650821088,13.2699539518081,9.063530810047942,14.13184865355223,15.681974311228887,14.596015208732396,12.601189531111277,13.813120548653254,8.17329821555241,15.056850686387675,10.727819725077447
