script/wind250m.json
{"header": {"parameterCategory": 2, "parameterNumber": 3, "lo1": 6.000198445256149, "la1": 58.999992894266676, "dx": 0.5, "dy": 0.25, "nx": 22, "ny": 24, "refTime": "2024-04-14T08:00:00.000Z"}, "data":
[rows 0 to 23 of 24, columns 0 to 21 of 22]
-0.1577808065916437,-1.4608750127891454,-5.9184687251442245,-0.1941416168890799,-0.5687382820534219,-0.9244354298634707,0.40218478603428304,-0.15086361480366406,-1.74153452829439,-1.3221504098810053,0.013056544652321346,-0.7881739160262309,-3.6933784300979022,2.574231409099956,-1.1317933616364346,-0.9467678557659428,-1.9210762217804498,-3.4487936435428708,-0.8717891676121858,-0.22310562212615434,-1.3084624173969608,1.436861404897513
-1.3499222090332534,-4.115812824680451,-2.74710073815139,-0.8418499899267107,-1.1063777383783946,-1.168399046402211,-2.069411855619193,-1.842539709157552,-2.1383353523020197,0.5360406082078113,-0.5844684043399953,-1.1597340342613511,-1.4295400395668296,-5.259129053249797,2.5836895739964176,-2.2335135445412675,-2.110572809740911,0.21275457441190682,-0.9244409217393098,-1.3245415190790766,-0.5670376039570544,2.390587286455636
-0.5283957095145021,-1.490608387432797,0.5167779375701267,0.12131353098410155,-0.17769576679434837,2.899725013667278,2.39029712297853,0.4506017533891253,-2.419050345583996,-0.26949476371539927,-2.157472371031566,-4.756303233900699,0.5430354212460744,-1.502357380909733,-1.2011265565024438,2.3837119347162914,-1.2704777235137252,-0.6862271136581488,-5.170000205926801,-1.503454805474996,1.990129945304104,-0.6812490584615734
-1.9540711421172947,-1.859018685174501,-0.299834970959475,-0.5014980635548661,-1.024437010518447,-1.1025076273861116,-1.7306676733281592,-2.170160798446602,-2.999311430554532,-0.5230992801938029,0.5202246852335606,-0.3902519213407281,3.171802335217831,-1.3971412215337442,0.12452100910977155,-0.2887499544868095,0.4642973779172625,-1.785945008039244,-2.090395701342707,-1.15699535201154,-1.789374487039967,-0.4836791567143906
-0.364654180035853,-1.7054638168917464,2.550534999593857,-1.3053277234334244,0.5210084594531962,-2.4181028154968427,0.45658196650838834,-0.6272168958392903,-1.392201183171105,-1.55710813869952,-0.5170627894990059,-1.58037959270616,-0.23961648237651506,3.9262367094214716,3.054151806908443,-3.149887643947733,0.1252731424714594,-3.585862082492183,0.30419273293727633,-1.4248885605985913,-0.9084829764999858,-2.314398831881351
-1.353376528281342,-1.127296851141112,3.2374005784287654,0.018174968377486264,-2.0464484353271613,-1.5291974072190815,-2.448001191709486,-1.2497358887618055,-0.3098652568655627,-2.143207955772459,-1.5333258998624115,-2.4904154867335433,-1.558349345995888,-1.5394728150784422,1.2172424228125973,3.4565941382555945,5.514152488358487,-0.5386839601556074,-2.712461743360425,2.1817092281716937,-0.33128228811274424,2.4406987117324577
-2.9147775236015225,-0.9058219234507741,-1.8201306175140946,-2.271467854551874,-1.071173898098205,2.178129317342501,-1.0240580160661532,-4.4027657343270725,-1.8725135189977613,-3.4683706340690534,-0.7479734466168703,-1.2801459751954578,-1.6802664115559192,0.26494668078570116,-2.0447399930714854,-3.176377531408739,1.0514275380713993,-5.0854874757108695,-0.8549117529688025,-1.0473908107925158,-0.7850000420851672,-2.239611776704725
-0.5339540279358088,2.8001336323863772,-0.9695642733345647,-0.8681276564684703,-0.11667216077247841,0.0460633464986509,2.5821581722427744,-1.1621422788673885,-3.935322738087015,-0.9231120356509409,-1.20357039086469,-1.992515061409172,-1.1957605279742236,-3.013204679759972,-1.5140338015458332,-3.0678342329940373,0.0714032887726164,-0.40105247139909744,3.0645430110726024,-0.8647069578216299,-1.101249659087899,-1.5180520666322104
-0.556249946379037,-0.7995211704896049,0.35972290281391384,-0.41113313595930084,2.535647358515476,-2.9651611418637045,-1.6842658130146986,-2.91363375023412,-0.8960200682506652,-1.720431445621178,-0.9800640860373363,-2.5304189074059216,-1.2973456527741642,-2.375157660558417,-0.4482636439005565,-2.5182022374209097,-1.3190073886181648,-2.397197627704567,-4.3608867711945045,-1.0052710216390484,-1.908696213319611,-0.2663368756490074
1.8918784927668693,-0.020656200539980994,-0.08192173103798363,-1.1309506594688148,-0.6434334243182084,0.01172176975151438,-0.5044265270711678,-1.497383784191546,3.0782607913418305,1.8899562604811884,-0.5459969451739396,-0.6232975939731712,0.16257186654129369,-1.3349083513387372,-2.5639372697278335,-3.0321296087753784,0.21113647590622217,-2.612403328348132,3.23214720893123,0.5655687251737526,-0.36897243435296173,-1.090289914045163
-0.33103613752132227,-0.8732705040738872,-1.4025405748841462,-2.7259185707331532,3.145498943062674,0.22176628574191354,3.476856600239703,-1.444133799080911,-3.46999425942787,2.2939691001465436,-1.880238184117518,-3.26818707371489,-1.7803741195105853,-3.6652059260575336,-1.741839486392553,0.5623602381967316,-0.001043212262379737,2.2287739511194506,-2.68869794022027,-2.218473372211548,-0.4694065804238876,0.24235359205281118
-2.643651836298402,-2.7729354311358705,-2.0071253805593607,1.110838112883821,3.7297301150937487,-1.9148726554497797,-3.1439422525526384,2.538154996255728,-0.6254638151936165,-1.2847824381218735,-5.413230226168122,2.7420620185228675,0.2846336593107976,-1.1577872480317695,-1.150657617075912,4.61445028104587,-0.7729853756647188,-1.998761054824066,-5.540227898251678,-1.2619262841308239,-2.8967051526653624,-0.6499594024011299
2.231906091022521,2.740473134616644,-4.781984204918471,-3.6495880887255043,1.4115104944789083,0.2523343467522366,-4.970075775464463,-0.3960336952398399,-0.8015660633321366,-2.3102677039808674,-0.5378241239685113,-0.40628177068811455,-0.7662321423602102,-2.544731164440139,-1.6536738549938694,-0.6515940260462777,-0.912515609710362,-2.105874452529067,-1.999947661901789,-1.5142598296921348,3.384388812715177,-0.28066591951417946
-1.6977172589753928,-0.9493963586019263,-1.423476059583239,-2.0339540996776004,-2.515022990291051,-0.05477651665045544,-1.071962987429842,-1.8879550784606953,-0.8334727259583538,-2.654552979945206,3.2579268487269406,2.3597043489146845,-2.2868620205352967,-2.452255000322235,0.35643711433516767,2.439991392816523,-4.446366586240003,1.4282646012692966,-1.168562712046182,-0.25605078709893475,-4.130836812096964,4.2753375332540005
2.6927476664437116,3.6296727141525404,-4.080596914382049,-0.9334491655884004,0.788639142882167,-3.202598226423041,-1.3188273668902486,-0.4556787272314962,0.4542593022058966,2.4272418220079084,-0.30212619974804045,-3.134818199516898,-1.341026764343938,-1.2912655257682133,1.0950895271485044,2.5424035313246764,-2.2080155482362915,4.014719250992898,1.3650477782523385,-1.9325804357181073,-2.458136756912965,3.486201293707215
-2.8519176829683985,-1.8790005114336032,-1.7830592012558935,-3.0036482424988002,-2.27600663510939,1.883817489515014,-4.247570336822743,-1.144508970829565,1.0111062232845964,-0.3741798601125222,-2.426700058293221,-1.1024572297996251,-1.2008235496792379,-1.3174373102271675,-0.7131795735561988,-0.562331373166199,-1.8010093191282512,-0.9943042166893356,0.6184393958884258,-0.9769754059834086,-1.7275839460584517,3.8642134705814137
-1.6381532279218556,-1.0092005731281601,-2.1251273089140477,-2.31501395722118,2.790672246550108,-2.743780026678555,-0.2492850012571056,-1.2515324013250375,-0.025848352539577055,2.64713549510957,-0.9681276790045087,-2.1318927088106587,-1.4969428700054581,3.093423068974002,4.394759187956245,-0.8825411024362405,-1.0688750484489729,1.278392558914721,-0.8085360973727215,-3.540680260603663,-0.8728842085203796,-0.5956276082851767
-1.3345678730413246,0.35211802421682403,-2.732233547633994,-1.3581369572493267,-2.8436693679668115,3.4864547249160753,-0.46723984821184916,0.20566427093252274,-1.4352028337545395,-1.1720464591318145,-2.766365616710374,1.4509227383009544,-1.479037168515158,-1.4430350982735882,1.0554067907736224,-1.666591520638898,-1.486002292599691,-0.4153718064893117,0.23280253556855995,-2.406617851966437,-3.02065544189151,-4.892574151966575
0.6062781425802191,-2.266068768195879,-4.4201750611173125,-2.378908919716555,-0.24963395047981604,-1.61434723420497,-1.2681791504095936,1.1112531153110303,-1.1851397345935033,0.00309903810400514,-1.1957469177358577,-1.7980096260112786,2.7275126396032574,-0.6971108166090824,0.18336144510388258,-2.5816702401412246,-3.05344653028073,-1.2156967867289756,0.017154454651124623,0.8368031938456392,-1.5726160030407126,-4.021915246718273
-1.445789486638611,-1.5064613786210808,-0.606337116874202,-3.6337906910735933,-0.9203416086136927,-1.0369601811757378,-1.2634181146071672,-0.4610284206758642,0.8614327780337425,3.628441012774712,0.28364131058343095,-1.8842298169760205,0.3539759124675231,-0.4827909719549401,-0.2884541330562581,-2.307713764504441,-0.8961169506492026,-2.206292282344635,2.1810757248699275,-0.4618959604111855,0.334040191776877,-2.1428820957437926
0.886712588887201,-0.3451185183311308,-6.133617743269978,2.520902440342421,2.2809321214323353,0.12373033446890112,-1.6811465943527966,-2.204023106823473,-5.218446298331513,-2.0872990763480885,-0.195998892116383,3.065256956297734,-1.5592844875250294,-1.7027216500689584,-0.6177640230558977,-3.6997421553731846,-0.27240043800240304,3.6959000158468864,-1.689604217629209,-0.08719920289456164,4.500101444033516,-2.411673972524239
-0.9729177879207493,3.0247287537394345,-1.5314671816923255,3.5306766346794722,-0.7178524589701571,-0.545533657666242,-2.5467331754517364,-0.3941834224659735,-2.8612120727552366,-2.5816072492715936,-1.1369759897747598,-2.661993263634368,-1.426403122566896,-0.15821427193023363,-0.623022066453431,-1.8462996714068296,-3.229628146069205,-1.9962622758362207,-2.130720534603207,-1.0495541787077858,-4.609047083891508,3.1496993109779083
-0.597453674972504,1.3538364527774842,-0.40773250936061267,0.16473373789393647,-1.2579449542728722,-0.9262240499819663,-2.4758528242647135,-3.514953006610268,2.5990945087379385,-2.4327911134101474,2.253112017426224,0.13122841167930263,-0.5455398640222935,2.9527033063490378,-1.9342424296069387,-0.20824097518658902,-1.0342432586895693,-0.7390702242045425,-1.420499498728842,-1.8007945670326397,-2.2894050257475653,-0.22319662003791302
-0.06597880264963338,0.3724087053359499,0.5841937994037422,1.5802421091843246,-1.53673770487381,-0.7441440528161025,-2.449584152450244,-0.8852166548492715,-1.056602841132932,3.6734411846812898,0.6383237931918703,2.0139642286922688,-1.4654622251666543,1.95264387125359,0.40306544607840106,-2.0396560468096214,0.16190463585549772,-2.618895665683757,-3.3759689203541874,2.609724924542634,-1.1208587623354422,-3.6918392713030315
