script/wind150m.json
{"header": {"parameterCategory": 2, "parameterNumber": 3, "lo1": 3.000054539987559, "la1": 64.9999836372058, "dx": 0.5, "dy": 0.25, "nx": 34, "ny": 52, "refTime": "2025-12-22T23:00:00.000Z"}, "data":
[rows 0 to 23 of 52, columns 0 to 33 of 34]
7.950401803652334,7.093125733750022,5.856572663457909,4.695683551365685,3.7460192105462715,3.8801130843461697,4.193978993395491,4.716155294083818,4.586846945710415,4.410490884176177,4.129684399062211,4.558331959593109,5.119699471562759,6.107168893429144,7.4629786157390665,7.48253318912778,7.055806567715762,4.743455964525645,7.774207840562096,7.2647870096716805,5.5883434625459305,1.0243602694280616,2.4519234284139553,1.8872762863749355,2.460195143967356,3.1333769279113133,5.199595253468435,5.6100487760375195,4.413545525402526,1.921881900478478,0.6574732499987079,2.5479703160604656,2.8195474589644633,3.002459019877349
7.647505983915819,7.237164191136331,5.983145714692765,4.888071454789837,4.156521992089647,3.434897697258109,3.4923043425734166,4.073608603611967,4.434037422738699,4.24684083134938,4.704538248308371,3.8979706065785735,4.413042305872812,4.797845083687343,5.411801709182321,6.047162540843086,5.048385999111489,5.2195028777171935,13.26529452352422,3.6643401540687504,4.218116569889242,3.6316431244296004,2.749431571840308,2.914773727161472,0.7688422805478919,0.7591043032348083,3.5018328231721583,1.743093003021054,4.670573395555085,3.093789165656529,2.25734489225205,2.2652575811983784,2.999043040228796,3.0143290691517244
6.645098333957344,6.601728869509889,5.934902327103344,5.123254328204498,4.076429112126193,3.1610517705098187,2.808506950443354,3.4854180376443447,3.8816064385387867,4.17320241497419,4.448885760619845,4.690242828971664,3.8442101278566634,4.475458823713643,4.732059649613922,4.8142152606901725,10.644851754351658,5.304815205653744,-2.5967024284604125,5.17361181596834,1.3817798200114624,5.35963110959078,4.015170431322141,3.8262079149547787,4.447016840815499,1.2690834075920852,1.9175966540003426,3.357525727838755,3.4608949808159846,1.7145765717135022,2.997574699181217,3.2514127314333776,2.5625226117833737,2.7684508568655026
6.0880018253775345,5.916222816087943,5.624592260452093,4.681694919326743,4.316065375805964,2.734237684994913,2.06996093178824,2.2236778799342414,3.5345615660989607,4.280781714829069,5.2619399380686716,5.130663714476594,5.326566004117021,5.050773004038915,3.1211571471805866,12.173204413514336,4.906121600676126,9.407509980294115,8.104979623923997,3.4005436439999497,12.090021876315053,6.246476985413828,6.3068543149568566,4.121079489279469,2.324727414914832,1.7415237957768095,1.5285095941618427,1.6610950540465423,1.0469424354686925,1.1879202928172756,1.1345983623250422,2.6644431262935107,2.4922435032515913,2.164004884526011
5.636420354643666,5.247982604157727,5.367775933103802,4.5312390381249985,3.7284899168328764,3.16188569348614,1.9824567471789236,1.923682174843027,2.4839694955930147,3.316536380291991,4.21571690218281,6.027613115666321,6.286918363939452,4.966277640961303,8.584895402228227,12.796195247956165,5.52850174172104,3.0602435784448705,1.2005741034869564,5.251815758769835,11.91922065105068,6.872407537199951,3.029086704823272,3.4391231650328193,2.72238971776521,2.5785881325262867,2.799910225964318,2.1549410554272543,1.0397690434827556,0.7148505793402437,0.6725403039086009,0.355207697444772,1.5923119251346696,1.4200685787707699
5.8909532531233495,5.293402184371122,4.963540603089945,4.3719791185345525,3.559534538851419,3.26869801541188,2.8311197361927185,1.617336656297127,1.1351177235034637,2.818565641961287,3.3015167064636497,5.4034025892635915,4.436713069604229,8.640808706188153,1.922992513182159,3.1784468946578435,-1.2452779580273026,1.4516652447629763,8.245640171905581,8.233672921101395,3.113609076812529,2.9608733609798756,3.5918004473747436,1.968553052024641,2.6466449126472176,1.2684964156981602,1.8881269903731495,2.039657087445929,1.5141256419509268,0.16026060049038338,0.15889542569759035,0.09774188755144739,-0.015441012691297286,0.3584001176419005
6.108517556292098,5.634991946440691,5.144703161606768,4.277808090088934,3.517753544093883,3.0465262650833353,2.727170109173969,2.5027385662504393,1.644247814687396,1.6760179054314677,2.0614631810091866,4.3759097010124215,3.2170857939459,6.496824687434754,2.048382762191931,1.9029677151614715,3.1616085720817235,10.013083717016988,9.786050441415425,4.380881998158092,1.8931175956272408,2.2532128328632117,3.6311089782826946,3.7152059593845466,3.771925092526334,2.02115308210559,2.1354940596340044,3.1702623296886374,0.4608436747394333,-1.1959980889055861,0.30446231791841005,-0.7812708455960643,-0.8277056012974465,-2.992394467035638
6.2054869869350355,5.37541850904017,5.1341876745450605,4.416031932737472,4.009962243931054,2.978921586544252,2.662684243503461,2.76837346077406,1.614064977106661,2.5594335558535053,0.700661565487318,4.781309520780882,2.4767836635066804,4.979062278032322,7.747184897147372,9.654481602682749,3.926058973438288,10.132344028446562,14.119636719437965,1.0120564173394169,4.4345484551873815,5.234573346205192,4.604236264642178,2.9600568392992685,1.6479545815661738,1.7496339305419644,0.6172915724977567,1.0232819678035885,0.297934154640494,-1.561383960414587,-0.9484282947173679,-2.6907692056292407,-3.2774838422340014,-0.620202119374437
6.398388391354036,5.682253158410327,4.8704459038241845,4.8367019780584855,3.4695719241404315,3.4057517597151103,2.785490977102569,2.573571009942873,2.167527360244843,0.5981197323436191,3.1537898274085667,0.020779786353894734,0.2731028940685495,4.718835310744752,13.073696744852185,3.3380249035711658,11.781892041120225,15.683025885726286,10.11245076616764,9.131660327602505,11.088243872071228,8.059239118290936,7.84936043964173,3.7570629041158696,3.6465608541131664,1.936797080621795,0.48012727483200235,-0.409288456608471,-1.1292047410851662,-2.2364447339923026,-1.802898936003869,-4.248559733776029,-4.321679967889498,-0.37083506504023867
7.132725815727893,6.702101311262698,5.096249002625344,4.1023344591722175,4.018567435318373,2.78775037144328,2.73218453007872,4.268582572298608,4.730077178039764,-2.2223590179854495,-0.7275670207316915,9.274864429357077,2.602001577941027,6.813669575448117,13.1822313349322,15.114760293725418,8.245070235311667,8.148147790615775,4.769287964315906,4.136050769860308,4.958533346192798,2.4649435621130813,2.8764989914486336,3.1887815748330777,1.751182475801531,2.7213017118641627,0.97486879478097,-1.4557679704245048,-3.430386581428641,-3.066392714842646,-4.699226504637675,-6.545521859626543,-1.7849396309662837,-0.5091602773438688
8.144613129643494,7.5383421383264215,5.73463876366619,3.302631642270795,2.8151628771072383,2.205816694857327,2.3810098286292365,-0.37792448802431244,6.236196923222647,-0.2367189236850639,5.62709439088603,12.585269368121097,1.3512609182866029,6.41938758889845,10.500889433922664,9.074783756034604,7.623607577172879,5.927415451949045,5.603580915207672,4.541872912132792,4.240152340879653,3.030153833024586,5.3705413662188075,2.725987788767339,3.0855002636079383,-0.5819468430052803,-0.2940247673015898,-0.4881572980479204,-3.015113730056898,-3.609327804830084,-6.928566920653629,-4.04605187592609,-2.4847546501009616,-0.7116128395032816
9.194251545183912,9.073906837796901,7.413965899918085,3.4407156788514075,1.779169612219378,2.5866008481147706,4.605842026766158,2.4325601807362927,1.329599106584233,3.6994990293000436,0.8114794641526205,5.1725480871541825,5.723208186828577,3.3971853312979787,3.926942554889508,7.1842050686915915,11.681222156960064,10.50848645122604,8.447365825020132,6.894923989045289,5.894272185347366,5.019796899798379,1.9361229550147914,3.031876689869077,1.9214380214138485,1.5103404198680703,0.045970828266576086,-1.0672143919698447,-4.203006517648031,-5.588716848495013,-8.443671683752424,-4.23886044310154,-3.2202812131327736,-1.5942273610825075
10.210990448681779,9.345561668571401,8.135500719282938,2.8542068704967916,3.831922848581012,3.7324822718447144,2.3604108060710067,0.08694176109523022,3.0794880576606536,1.6862843816306283,1.9395642238733355,4.916933236580428,8.556853052187288,8.435041884788662,10.338586599059408,9.021831333068782,9.12825152061471,2.596599588425677,3.819491242850575,4.401648521684278,5.33498849624409,4.165878801645495,3.3390419192458274,1.866986289000851,1.833998683791023,1.4238468271766993,-0.6321841650801553,-3.311140075029907,-6.3344442719318135,-7.736472879831813,-5.603122994599815,-4.254714963203098,-2.870202609706767,-1.9368920967082301
11.104438742752311,9.275860052555846,7.617827241990446,6.924139476336436,4.435566831459208,4.644370714109273,3.879631201677572,0.03670117154433398,3.8990084983256237,3.2553312671468,2.7475518673384665,2.1264031910259895,2.825700179619406,3.654204284392973,4.452716495779998,3.3459100292805117,9.115402913593574,4.967192431044163,7.844665330154541,5.350055534142079,0.42759616645202886,4.799974394126615,1.0307852510855373,1.3338595109519373,1.0603243626043461,0.5695058315064039,-1.2334630209217599,-2.9432044035746423,-6.795663771230437,-9.017042687923553,-5.050076271310683,-4.103408890085262,-2.397526755506294,-1.6158248901233632
10.575467979173508,9.410198751555678,7.23264207325399,5.255039313650405,3.0519731153650222,2.3244205230858532,-1.5408982335796109,6.030770073809684,0.89690442402401,-0.051873443816677196,1.5103667393592728,-0.536919106315639,3.661718194348965,4.386150622408793,7.495272752383661,6.713118931160466,5.401166949909672,6.375066602450177,4.064399828250129,3.8613199772866835,1.497057322747065,2.391285817990764,1.1428109015941499,1.1020067469231518,0.5831414296343503,-0.8500686558127245,-3.027383481639827,-3.9121921176879897,-7.654339479587318,-5.69651869846061,-4.934709115705956,-3.9019136552337557,-2.929104505846381,-1.88434212254181
10.452863089013544,8.441981974205907,7.2650582171953015,5.59871491035858,4.915852796878712,2.7204786405683095,2.7358886683408694,2.0025067905873812,-2.087716486896629,-0.5326870785723998,3.0179634301509988,2.0109562079996746,1.6902476741916685,3.044460255452869,2.3802592249103864,4.514105690779077,6.22289560051998,2.8077210997047723,4.269092635772334,0.8970960452461889,3.2293348128728376,2.106697593812449,0.5113042997066762,1.047446205471461,-0.4084663728114152,-1.2880873382124336,-3.240272988099441,-6.253595411155561,-6.914370745564894,-5.6393649746280055,-4.628741479972964,-3.349114821856977,-2.5703082961276227,-2.1163503794231686
11.29634299729575,8.085210845474695,7.023866552243157,3.33446108545128,2.631089986280495,2.0370263446519585,4.05294553567629,1.5741847527287094,-0.37951006825414363,7.89975840659528,6.941776544913364,3.668469804098258,0.5192173663521695,0.5779604207578822,0.15920414821682766,0.9326034788322329,3.724031566464677,-0.1621686869934147,0.7364824700777343,-2.55102660561062,0.5355845058865032,0.2681794626772918,-0.36492469512867,-1.5721283888208195,-1.763938132680611,-1.7167849991786177,-4.025615141148014,-4.725770837559188,-6.826577258006921,-5.033293919776264,-5.016215909326454,-2.4421483706024154,-2.3147123966781904,-1.7082569689591585
12.21127191041906,8.155291855367295,6.954544759312872,5.817198516642784,2.3505222684590437,-0.30196353038989754,4.68285908482429,0.4233817273933109,4.7958288552866755,6.816729727180136,1.1005274147427617,1.1970722808997973,1.8064126960807612,0.9410165893585043,1.6621421515170494,0.5707387740793503,-0.7370750363995089,-1.1761656130344291,2.0076826678907667,2.081325378759694,1.5663280652466427,-0.9219934199166306,-0.7291274544631623,-1.352807530484172,-1.220819252915898,-2.3586753089258634,-3.0818863451664598,-5.43396124876519,-5.603628744875925,-6.940365685039502,-5.26168319404998,-3.012460888297349,-2.3266165768673015,-1.6714932456048728
13.456102876645886,8.360403745841321,6.916834188108435,5.437873331979995,1.554663282091904,0.36295759199673605,0.5583349335977436,-0.3844193238742276,3.453771655425049,2.7789459515810493,-0.7055803682269083,1.3798049961743695,2.4906381322586397,0.49151255458313337,-1.4288523491662326,1.7158060033285387,2.133448201889096,2.492217391635259,-3.9022614045798334,0.07733220522738204,-0.2118676138257837,-0.7529316724021669,-0.8748142261289297,-1.6724644356380705,-1.0540210173104567,-4.10558309717992,-4.643600630139142,-6.4011111069336515,-5.8042854962976325,-6.602074110732804,-7.501947077070911,-1.8139818718909038,1.158383452070751,0.4309392724955802
14.346849750255235,9.982482729904328,8.325017435160246,6.673689206861959,4.089000459749047,0.9961235405752364,-3.359660934978487,2.8081932862183105,10.236222201018904,6.965140146879115,5.301594439916394,3.4659355246963934,2.5885933648286956,0.46425976368094,-4.008970403512939,4.3274847911851175,-0.7127363792517561,-0.44681302227364517,-4.2781056966142845,-0.8782706537321504,-1.5839244068215956,-2.4036668670224386,-1.5096653052986955,-1.032193660996963,-1.774246859303745,-4.337811863762798,-4.322660505455468,-6.321953946828663,-5.718424734069842,-7.633994847531149,-6.612122356330025,-6.194955034239274,0.7545661958529376,0.4472616644554627
15.111319665818446,13.169625265428328,7.165030425420643,6.893208985603417,1.4070672193416072,3.400663049250212,-0.980832822491167,1.3750254666390604,7.536607424168973,4.027964512883695,5.803403448065865,1.3449584817628586,-0.34271662594864194,-2.067884019580156,-1.9863951734913052,-3.025893475721303,-2.599105303865481,-0.47546124610743506,-1.8734051480599214,-1.0352478326583505,-1.2982178527532746,-2.7080318214966654,-0.8738702338857967,-1.324340555593012,-3.499354818741726,-4.9262357512954775,-5.915257320428569,-6.431744108609388,-7.294165203370051,-8.368667493116243,-6.945082166863686,-3.768086401287601,-0.22871368825784286,-1.20334256191953
15.072012682628712,14.765430056962382,9.385214970815152,7.759089407152188,4.26911477390342,1.121689240026441,-1.7210208800685702,0.6908077682452732,3.3070720304237726,1.6401692078430912,1.1697483376680078,1.053640016087855,0.8079685995098019,-3.7618360996450475,-0.9151299705174718,-4.134056680911563,-0.36554028927086085,-0.5668904831093948,-3.10852281281596,-2.248861205490499,-1.989452581507933,-1.0526091853208441,-2.062775478393839,-2.3139683876736594,-3.3098629790770553,-5.099997318744637,-5.674474347479367,-7.769405600871616,-6.619808411215784,-7.5463490724674145,-7.530674837503782,-4.207253017906415,-3.387699216227131,-4.064815543709267
15.02413614912728,14.977395168853581,12.390898091255604,7.155786352014735,6.0581012076447855,4.023272427777017,2.983020539235495,-1.9043054549647942,4.822454698342915,4.704523015929769,-0.4177786999141248,0.7386278829155235,-4.668941379526446,-5.127259181456341,-5.082816051403372,-5.169808084061624,-0.107841755840099,1.2738505573039884,-2.201984150440933,-2.825511062338728,-3.265896178516213,-2.5760588100267987,-2.3173395375514905,-2.5718126526869134,-3.9799905658690515,-5.99679123256372,-7.252415894920504,-6.524988008852446,-6.284476869181561,-6.432083187256519,-5.430418646567858,-4.583378847713333,-5.876265264561929,-6.6135428187803225
14.642209276731428,14.513213014257143,13.818693532284593,9.939487702765359,5.727856559984785,0.5940978413199777,0.3436777877991341,6.581724889903432,4.095839965479492,0.9685469909168463,-2.8469170928387153,-1.152219489673688,-1.9627889107004344,-5.273003674236973,-8.276853133462556,-5.192819658461849,-2.254398482658509,0.39693050604870667,-1.1481472068288685,-2.6696198778736093,-3.781692428084103,-2.429312105320441,-1.1040615627077992,-2.5828364656653955,-5.232214046597341,-5.183565371178669,-5.234565605427117,-5.987495018068399,-6.430154952490012,-5.869143484953025,-5.383859571058491,-4.98290293987935,-6.256410477282655,-3.7291631495751045
