script/wind50m.json
{"header": {"parameterCategory": 2, "parameterNumber": 3, "lo1": 3.000054539987559, "la1": 64.9999836372058, "dx": 0.5, "dy": 0.25, "nx": 34, "ny": 52, "refTime": "2026-03-04T17:00:00.000Z"}, "data":
[rows 24 to 47 of 52, columns 0 to 33 of 34]
11.327088170429839,11.66164641228472,10.617938911309816,9.656598489995686,9.23166826514441,6.878639488313092,0.9670586354598402,2.889108231270501,-0.6893382726141609,0.12352348804418024,-0.2975496434746506,-0.20401849586118379,0.8209448809870713,1.6047812993835677,1.8837996477681658,1.7193013120014715,0.026400445236350097,1.3633353842428002,-1.540640359153311,-1.9377062200672528,-0.2554263970461359,2.8537807887691535,3.7100757182342115,1.262495093977803,0.2723011316496124,-0.4046031998980723,-1.6244080606605573,-2.252364442905549,-2.356202593169716,-2.3117954268009524,-1.7853081849368666,-2.9571348790419694,-2.7109533101498986,-1.564299657379601
11.652269654721335,11.545810868175524,10.301446074605568,9.060222045145194,7.863735222995988,6.147488649354824,4.40574360480019,1.3868876848511282,0.794554057910124,0.4711301791879469,0.6891950560702763,1.7155856183517308,1.6653356832273538,2.8822735472767906,2.181853934851156,1.2196219968497988,1.061033800993412,0.18925929326293778,0.1287574118467046,1.024451228450186,2.6107679168819318,4.143375197916444,1.0195417458475937,0.46367056210616253,-0.6530922706231613,-1.7782918039244908,-1.7694662821315228,-1.6451343832713923,-2.8058150669504944,-2.297653145202233,-4.276348924204139,-4.997334272106101,-4.183073190775278,-4.12602569844961
11.781556483557209,11.071452603557384,10.139870182853505,8.863195721553579,7.164345072192778,6.211401852510724,2.552488768193068,0.6703633415765875,1.3354622027450074,1.3008838249508812,0.6119813682055442,1.2074344509588422,3.0243699915415934,2.8719976992486638,2.054250206634625,0.6260088896819347,-0.2642000283659174,0.07381793851731482,1.5061956118868038,2.177817745526598,2.1635108895698414,2.4387123986489927,-0.7994371066273122,-1.7795863209166816,-1.0144458598808175,-1.4661505828505075,-0.6248249207406018,-1.623639652877449,-2.601758956788019,-4.640172367015767,-5.407781343800924,-5.692620888845378,-5.325948572065236,-5.136487155038806
11.524443366236156,10.576029081520991,9.941441510227367,8.73812503273236,6.768925977359257,4.975559797790868,2.5919709619116977,0.09064848356325868,-0.6243958095734299,0.20267043103048546,1.2563539560610757,3.3205582569319416,3.2639135563928257,2.6716080057652776,1.5099998040379263,0.6821247767160697,-0.23266041434777984,0.6760384166311619,2.3239598283622325,1.8761557925350176,1.6377482776332548,1.044508862373666,-1.1329072472398856,0.5332222623799554,-0.4306476513458566,-1.158683847755486,-1.9098550423989613,-2.1871945405958377,-2.737784772366178,-4.255783671543823,-4.798645407120936,-5.616845966737826,-5.8449877583329926,-6.451966149712576
11.404423905569788,10.174212784411521,9.234016676543641,8.080302616461813,6.678804517679317,5.173998112385066,2.8269184654286756,1.4002918554008268,-0.5979337977425393,0.08391091374559802,1.6056893879196885,1.9091266755926015,2.1192441225859455,1.5127760836982223,0.17636515650802223,-0.659010719593938,0.024158471999566136,-0.6809325026279942,0.35101807228432197,2.2780898715450095,0.27631155246186484,-0.3081906415945568,-2.2001010064139623,-1.390463152007146,-0.4965037942247563,-1.4142080129999388,-1.4368977644148264,-2.291191660790035,-4.054838885173757,-4.930625282855147,-6.097994220020943,-6.160767340132828,-5.994588597351789,-7.100800449770889
10.265794171406789,9.687627820992558,9.06669245041905,8.104306983097203,6.644002506252295,4.9917597638059235,3.2416199509513772,1.9569400206358194,1.4749656749066493,0.5912264377317606,-0.12512186795648056,0.7527027049243055,0.7034739269901573,1.3405583252704463,1.1072879414985304,2.2362076166599767,-1.1720484458245874,-2.293700650220704,-0.787477600639798,-0.5134432093403601,-0.754032447264877,-2.0056199329611273,-0.25274605276146933,-1.276567358418283,-1.7207730324478598,-2.8125641974648166,-3.0944702662785617,-2.4044128961405438,-4.49528791311458,-5.283391482309276,-6.264069036298419,-5.846082109353636,-4.443315261256033,-6.035708969564907
9.899260317256484,9.625968684313767,9.0400328339384,8.297534382057146,7.130227138579744,5.204320354442795,3.2244744837801966,1.9491091150655273,2.147819093721441,1.8667074321731003,1.3586781786617745,0.8910869373496002,0.8455022635281975,0.6273451516787606,0.5192340273150342,-0.49053127060592233,-2.251075209994158,-2.6331002786812427,-2.9292927417223633,-1.9869718749907437,-0.48743754498789255,-0.20797554866186177,-1.3735942189255381,-2.2323841291378326,-0.8999468280889794,-2.116768078042796,-2.3685390674999365,-2.5783170514056755,-4.724598058921109,-5.897544106840632,-7.390400726675519,-4.472192755251689,-5.624648651534222,-5.243918304044022
9.931564699211345,9.605005230307347,8.869948829926424,8.465464847367235,7.240353145797352,5.43755998311053,3.625213735967474,2.4347117925210346,2.08902784507781,1.779641339897907,1.5133104215203166,0.4719303458608892,-0.29787789051169616,0.2516847609695393,-0.5025323746403413,-1.3120145797600953,-1.3046326643940007,-2.3292919386731246,-2.415397555129476,-2.1235493780869827,-0.6316985648523104,-0.07226124030796173,-0.4017026864130263,-0.3719319168910323,-1.7412906299409938,-1.7078730296626343,-2.825585402968403,-3.200700844493594,-1.416254363791433,-3.9135114175678285,-3.745224244976378,-2.691139295756025,-4.022126698571069,-3.121384276958176
9.847860618399531,9.090052888808504,8.519592475188043,7.934128274292505,6.792964898905578,5.243123756095013,3.809349249939771,3.03272984700411,2.341957955085372,1.931465193524269,0.568109420111093,0.1503694849014778,-0.7775789921536875,0.2784531089654631,-1.2845489630449358,-1.2903137603349777,-2.271662212705186,-2.7915222168918925,-2.289187671547325,0.01283084900791915,-1.5940617833106765,-0.9247834754615252,-0.7020633649245659,-1.5425905358454566,-1.207427076412839,-2.3119734524880147,-2.2030878486699907,-0.7601328189553626,-1.9917868540910648,-2.340628646895683,-1.9588252824651213,-3.204410846590853,-3.0370279800679714,-1.959781442839771
9.407256417826826,8.873145386097212,8.247753381038864,7.530631906249164,6.609925743529012,5.459168492007231,4.317466249373336,3.497570746923091,2.3850458805036907,1.1610343336800841,0.11008990020813005,-0.37284646032392954,0.10692038000295213,-0.6742674850817256,-0.8053456375112049,-2.6942842517828693,-3.686185400762173,-3.791682395516768,-3.3087237440028354,-3.215589500292943,-1.3448048431010309,-1.7575240120544822,-1.4757380227983128,-1.8281389125083833,-2.1512016606564424,-2.0855663710388135,-1.1431634779140005,0.4957349779355514,-0.7432534929383795,-0.6794669340432093,-0.951642984206101,-1.4657643439144226,-1.965885414768406,-2.435125527815458
9.06258562888667,8.559706865715356,7.872451430664432,7.405137351920434,6.711361256257537,5.7756039410832685,5.164811391141415,3.5167476387719563,2.241966231796817,0.6530842624184057,-0.3040235110787533,0.16404659231708676,-0.9501174362786368,-0.7694403831237538,-0.31376983238311557,-1.1589940829286507,-1.8752518589289977,-4.730939510825163,-3.5522010194189946,-2.5536701093855405,0.27499564164454793,0.2617129057047958,0.7534804460829676,-2.028206389077071,-2.2460883963758453,-1.3337405449466833,-0.2984940243140368,-1.6115935795614087,-0.9780338052653926,-1.3151627644425108,-1.500860917538991,-1.75901789865404,-1.8997203123663287,-1.9576315536054691
8.832260292593745,8.188361728398894,7.3416194056904915,6.942736840858921,6.885993357213146,6.114593359702113,5.192806136455019,3.5183469126597156,2.1784097437550245,0.933080060675831,-0.41789624352072646,-0.4733443873862673,-1.2186731467859302,-2.466721529332911,-2.2567839885453758,-1.5943162183275246,-1.8940254711646,-2.415911698162002,-3.2781658695689506,-0.6954481013169852,-0.1846185300375319,-0.717304606621785,-0.7094331883494933,-0.8376667043632076,-1.312194220158788,-1.056784335341987,-0.7197645548303149,-1.9218425474853935,-1.7995873783574803,-2.3642907199265615,-3.294221386909271,-2.377035270684073,-1.189004163034713,-1.5355430170756261
7.900231422684495,7.443224019270339,6.991541441610834,6.454375725102982,6.154510578374768,6.004640739285754,5.113045234995711,4.04045673286283,2.114073913841794,1.1552620805570324,-0.3163179393311984,0.2306686194433604,0.5003465568856825,-0.8894393259476923,-1.2594827076363164,-2.627858436332342,-1.9874072819216548,-1.7096851083774418,-0.4332488252035495,-2.143239639280318,-2.2435231213184323,-1.826155327681263,-1.0389099732442575,-1.9611596875114443,-0.9973252690501946,-0.6599307715045761,-1.3594762165791805,-1.8739859595971042,-2.9104329948931826,-3.721964007406339,-1.9456732173488986,-1.331081904486677,-1.251509426706402,-1.6016728442997221
6.840658013840788,6.919350255937431,6.7575825527524955,5.601843041474812,5.6052554995472965,5.445940261392254,5.010131007057947,4.397208657381587,2.803637785845089,1.3040878026963272,-0.1839446652461171,-0.7613002664314226,-1.2116841504445035,-0.893024019553793,-0.054921048925168824,-0.2501242055448699,-1.162240233818127,0.8598335272099077,-0.5322026024811201,-1.2754310130832531,-1.6235857375831624,-3.5789151021812216,-2.8319644446158403,-3.4236228605944325,-3.123772681900506,-2.6063567320878622,-3.884386722965984,-4.686228205222886,-5.830754774626236,-2.9895614441496154,-0.4405068949165285,-1.6512752682225134,-2.072959479318154,-1.6414787569611111
6.70946365265957,6.687638948139431,6.2133175413371955,5.6601864270645486,4.504511812911123,4.921980429529284,4.287991285084392,3.831859445826736,3.469411464257884,1.6863278924745,-0.20503090867181503,-0.30700483177569504,1.444049899041755,-0.12570118424635204,1.2656554287292525,-0.3986399637637299,-0.7455826502004834,-0.42959901398002237,0.29190919552343253,-1.9802932107528184,-2.4899123154523988,-3.4313548318333837,-4.655786534633203,-3.223119468866552,-3.5537150771469337,-4.337909507444517,-3.6753631429648705,-4.9547252673015985,-1.4848730863849788,-0.7554155125272857,-2.0086398255417333,-2.157920699722865,-1.8512072573241862,-1.6151036485558437
7.141489989576817,6.723391228951224,6.19034062760143,5.2852632666065675,4.26823981494162,3.937432070918321,3.5546829828774738,2.9500635172965617,3.6703467933912512,2.2636872993944914,0.14273055383626854,-0.8242122043387515,0.18976817016859043,-0.3111128475573018,0.27844265450211747,-0.2856661611251726,-0.6090662824934446,-0.35422251154301754,-0.6224956263481457,-0.883255347710875,-4.896866059524762,-2.880772455674433,-6.278673632619207,-4.966642435546954,-3.1825712033239,-2.9337128046223464,-2.443422493019213,-0.19748521527085972,0.9463060975616369,-0.92585513285366,-1.0450011146523777,-1.527406813817798,-1.6649063128870927,-1.9634133201647213
6.3450960368421585,6.091303775406174,5.699009675367226,5.296452134600745,4.687782076662678,3.6005633635972725,2.9611747979860223,2.6785250975647803,2.8210757223014493,2.1666353951837727,0.0786588810457894,-1.584336812687262,-2.4682083100565326,-0.8976649824024612,-0.17993269410533297,-1.347274105166842,-0.8747047189875464,-0.5925541518728251,-1.6396859929514551,-0.7501386484944391,-4.14387897938754,-6.563727861715972,-6.068701140754502,-6.4131544710440025,-4.270229244193177,-2.5482022560599256,-1.174594269263792,1.1077573653115131,0.5398578376472922,1.3628209362555677,2.4363166985783358,0.6477796592147889,-0.3517162292669055,-0.9528323848636886
5.5673963605763985,5.506737160707818,5.201423829445162,5.199087444740238,4.923776542310229,4.248572371212835,3.0502782759060625,2.192369150629859,2.404166970590668,1.148144289143544,-0.3037997943081938,-2.1158139137949497,-2.64462130362748,-0.8877257478703613,-0.09024849268716334,-0.3652646553195562,-0.7426165652770065,-0.7236062857085311,-2.131659757794671,-3.8495660699598435,-4.007050969440298,-3.962637543211316,-4.142707292101052,-5.559582087370308,-3.6734221122170427,-0.8001162235130127,0.6420667485191048,0.8180528575702787,3.548260859326359,3.3540579345464288,1.8411345930388054,0.47106653826814515,-1.3404177053444952,-1.8365650600673356
5.827952556074661,5.3202469227240865,4.952095453619408,4.407436794208991,4.518430898594936,4.11617213727235,3.0219711415722945,1.7724382293853926,1.561046961068925,1.0427528152452814,-0.42213477658188614,-2.264421610661785,-2.312614835727723,0.1785994204380536,-0.34569502982237005,-0.30566362407252934,-0.7384064880290765,-2.5140993941288965,-2.845290736103626,-1.830939954122189,-2.6458542958720077,-1.920614907537989,-2.9968864825869415,-3.9584311095800166,-3.0517943081186902,-0.9754077225973806,-0.21973677009312947,4.127922044626469,1.6177027972237539,1.8686524852509467,0.1077062099754973,-0.9345423223901104,-2.249797914923945,-2.2743343740712163
5.19112562990287,4.652461040235537,4.214571295788827,4.060554488852894,3.3960272310960087,3.299091970642559,2.6443821327933112,1.4976409970589846,1.0563101467882572,0.23106968107905637,-1.199868667977672,-2.3874306745065375,0.284468241114072,0.9367600827591966,-0.8087238839672424,-1.5575464518761577,-0.8210289813336785,-1.6502575079391,-3.2879098061894143,-0.8277595430057074,-0.9156606468346531,-1.9292759332568616,-2.3621366942775572,-3.554888419880043,-2.5852785703008583,-1.3630686194699584,0.1179090308904329,1.773982562489094,-0.026716652977583258,-0.11375325748770511,-1.02702389346457,-1.7537930308814893,-0.9776633515481853,-3.451930284791535
4.78020391271827,4.40668877042277,3.635800901512094,3.34738822800641,3.24992727886698,2.3146147609170433,2.1371471908439235,1.300078419444188,1.1109760541190696,0.6360263907727383,-0.4634360672336895,-0.237828155337071,1.3401306055735422,0.08306656464117315,-0.8273238374501748,-0.8847003823450108,-0.654563130279913,-1.2535013080386206,-1.8005182353306928,-2.2748633910065656,-2.4076247911029656,-1.8334372120140592,-2.415838226532036,-3.308785299152597,-0.9413191439602596,-1.000991300259406,-0.038124271076144994,-0.9108355713783907,-2.0275316680864806,-2.6320531121469104,-2.8579605202300935,-1.818143103071239,-2.871813774064107,-1.3679769276600786
4.9134131504103955,3.9891093877766592,3.145357755959953,2.5780459300643677,2.206421854185449,1.201774369039621,0.8955782239818427,0.9710407756195751,0.8887182713846664,-0.09809555322650534,-0.4906973154192929,-0.42911349517230896,-0.690237782089837,-0.6825698948947737,-0.361869356811084,1.4841678505144154,-2.014467824162705,-2.4422181394558957,-2.920261776150765,-3.5537403048935152,-2.926162063970499,-3.2905807623699204,-3.2769753916652253,-2.4780350326829743,-0.8304744775330423,-1.7584894056317948,-2.322406795854098,-2.196132568512847,-1.708203821432818,-2.404791190993978,-2.5164780845045076,-1.6144871589746892,-3.3586003829355953,-2.0756978030019133
4.484265634661396,3.690504070419401,2.14776096787496,2.2077496542503394,2.511570049182894,1.7486018518582904,1.0497118619224788,2.8658867528026826,2.1212691239906323,0.3728791166624598,0.026215924354226774,-0.028205361106073527,0.09073872716268189,1.5843804051440442,2.8906323126140174,0.14914764993300994,-1.2938183022146417,-3.0941795983425786,-3.616555980147657,-3.041926571111611,-3.677519709681609,-2.9566528012142683,-2.1731163294389586,-3.147954480765309,-2.384558284138147,-2.8505931383383585,-2.7766662815231853,-2.3298916056814885,-2.8188363032911883,-2.8258912880957854,-2.281820654845462,-1.109876049209269,-2.7205653956767413,-3.263345073372508
3.6594365022269955,3.2586443978832267,3.0502934894915614,3.7079910623702594,2.6247516916220794,2.7225895411630163,1.948845871206539,1.5489791266240136,1.1707595592693187,1.4548943489197466,0.38615350376770874,0.016086361990621217,0.13465130307625772,0.14869425922796722,-0.6508086362312892,-0.7216171488270384,-1.4063419209695152,-1.6223538632775558,-2.460067380797693,-2.5435364803829623,-2.0255640125859773,-2.014333153879733,-2.6961126617516116,-3.667553794320291,-3.8756000648094378,-2.412242446787874,-2.6776908167142373,-3.7408482110385193,-3.0060354102325797,-3.370519149232152,-2.008034758532785,-1.5197221287007263,-1.989111129660305,-2.056632659777665
