script/wind150m.json
[{"header": {"parameterCategory": 2, "parameterNumber": 2, "lo1": 6.000198445256149, "la1": 58.999992894266676, "dx": 0.5, "dy": 0.25, "nx": 22, "ny": 24, "refTime": "2024-04-12T05:00:00.000Z"}, "data": [6.126116286458455, 8.363571808529548, 11.121609387890325, 3.8747149560549436, 5.5186844647485795, 9.627401118582073, 5.064637013809167, 10.924720275203176, 8.77740210456389, 9.514244509905211, 9.226574230182605, 7.275894768692165, 9.60427624428994, 9.401899979062017, 9.48610567822017, 8.530590548655484, 9.244132058645878, 0.8273285453729902, 8.654684664516017, 8.747610760646308, 7.244065389205623, 18.342474875509886, 7.065711202390037, 10.364064163731692, 6.880647105457421, 10.083150835243032, 5.936006787800927, 5.421031723031256, 10.892572559381598, 6.007021158421869, 5.542100994514478, 7.590612952643283, 7.997310215130924, 7.99319031285647, 9.8069834334765, 11.082092394614161, 15.329082544454874, 5.920087645860601, 8.255715835723366, 10.70736695299053, 5.964663436868193, 9.890430704801917, 5.820807330035241, 6.616310413799184, 6.346004746819456, 3.8939384940268904, 5.180482401589221, 5.580400705224189, 4.47382837275441, 6.625848184423351, 8.885220095095264, 8.880897191647533, 6.361954247292066, 8.607725138301305, 4.205543269874968, 6.412801010863875, 6.53157117889251, 3.452862041394345, 5.606515616956309, 7.495689234114779, 9.550294764849163, 4.378484174127797, 0.5025619917167035, 2.2087399291573817, 13.782256239864047, 6.91046976149809, 7.201862673914171, 6.109685020996564, 8.194159614439272, 10.98344380453011, 4.416357608117121, 4.847313073059292, 6.649182427442639, 10.998743803121434, 6.011189707492797, 5.559263005861287, 6.997027271772245, 7.1384073537617425, 7.405623189611669, 8.402732699464677, 4.492226327938911, 3.8177387081956273, 7.0800315375081375, 4.156726619064988, 4.859656564378265, 5.532048318662498, 1.8156693069104533, 9.96963053028835, 7.760463547867223, 5.432129430791956, 10.79635873018532, 5.116296914291124, 6.865752212282945, 6.701558853637498, 2.628551269084813, 6.329219162994536, 16.79897464250898, 9.26879166970441, 7.794377951289393, 6.90223990174305, 5.150356608257609, 7.462037303270025, 8.808624086591463, 4.566613069437229, 6.814194902238834, 10.570713290607944, 7.205895113420362, 7.532420846940869, 4.664403635660585, 4.808620288338838, 8.116681388473609, 9.91304207371833, 6.658107072685804, 5.959888483109491, 10.384929763585136, 8.10016991908542, 7.728191823703751, 8.622608189476923, 6.856141739445565, 5.62570477747822, 5.995356477089115, 4.330184653129739, 6.166523633167514, 17.757543894868075, 9.404029280510866, 15.535290854371096, 17.9583778743478, 8.737012956345627, 5.567085882308226, 7.889678954914279, 7.406856255364341, 14.179153069549296, 5.4934529153882155, 9.279884758316703, 3.5684727683915227, 4.913705863301818, 5.9578607307861144, 10.18650172575025, 9.14081285875722, 7.352626846066909, 12.399553917634437, 1.1553935484489575, 6.575336394973982, 5.845769718735811, 8.013504135813042, 9.332776840162355, 10.620465101698871, 13.446494280783284, 9.495863183440283, 10.421780031822568, 6.975957867913077, 8.136490497736064, 5.682161584451446, 4.459016740127937, 10.951247138950416, 12.072161611547667, 6.092701517610454, 7.075358216986988, 7.355291235565896, 1.0511990203739776, 5.394321381637857, 8.122914999640626, 9.460063939274537, 4.201559529757793, 11.096201629434178, 9.128534011312464, 4.454913661807597, 4.955872651738608, 6.240959170242649, 3.879125663299631, 6.914080323496994, 9.489351594621741, 7.384716292322581, 5.38202231229347, 5.6646370431379935, 3.8187265499337344, 5.251967249943802, 6.882186603841874, 4.942525908377011, 7.1106833491660755, 11.592091922261611, 10.636295231050287, 7.2117985467048165, 8.191875137855305, 8.743314039836317, 5.0297230146023395, 6.542971429399879, 6.994272178902593, 8.374185567792786, 5.262872339488853, 8.739905290306643, 8.519300104949892, 10.098059009792307, 8.207145691793915, 6.322257311562985, 10.476197283046089, 6.328701618204732, 6.797905055436343, 9.2090194656302, 6.110236630572212, 8.484909938968931, 4.0833923889558825, 6.0006908941487, 6.5551226410287695, 4.53022315990202, 11.89077429892958, 14.948940227349047, 12.990621636726578, 9.32456249950784, 7.300967406840975, 8.832092145283012, 5.958802807904046, 5.802756511312329, 5.360362022226027, 8.821883351953403, 11.509098768654573, 13.799406015234904, 15.434961581933523, 8.202986467112757, 8.258385043058786, 6.75126630229439, 14.195917660551713, 7.457470023457432, 7.078772983313334, 9.670183361710736, 10.2263954377303, 6.482216643678092, 10.492798204086384, 11.515221064029653, 7.112020964358518, 10.619855084295502, 7.511936553950348, 6.255398910201306, 8.20386267120496, 5.130854391880219, 10.14125491538722, 5.454970285503941, 13.820563443863222, 4.994466669034916, 2.1608850457143784, 8.404825798307183, 5.903237307534143, 6.266491826124249, 8.59553724929643, 5.6110198269232825, 6.049588934869489, 6.377181334182886, 5.0226359946175, 6.49599500878598, 14.583842431849396, 8.954431316297056, 9.074218980556386, 6.621624222735193, 10.367255932964676, 7.987590804611687, 5.341599676740866, 5.657862079384083, 9.117834495671461, 4.492097902226655, 18.267097192834957, 10.8071207482479, 10.298222522253585, 11.637661728493008, 5.772188056037424, 13.71056391903743, 6.1887912902510225, 8.05265377527936, 10.31101637307147, 8.018431082980738, 6.510492848382055, 4.207504470614506, 3.613450275253933, 5.5669914914040985, 10.881767684251903, 16.89694182114645, 7.501919697736195, 10.325271474621173, 6.530206990844518, 4.173355121285379, 7.69011257878382, 9.511940373122634, 6.508149277610751, 4.2598854489630344, 6.413077504710412, 6.706777829283051, 5.71174724719709, 5.116468647313571, 6.795667688817232, 7.717021539972033, 9.104382856497153, 6.120824680841418, 5.471484519773014, 4.535375871730088, 3.632593388052297, 6.210320518196261, 6.111572731958411, 7.958841578706902, 7.77280401484157, 5.446481636474237, 5.1946529196004585, 8.109755524452243, 5.656162688656529, 6.126418313360403, 11.982046539137981, 9.657830182223476, 2.738682655093901, 4.675957293582171, 15.71525531999365, 11.516627974245797, 9.607102511842818, 5.343596242424432, 17.120155942992696, 6.735027190448635, 6.37927154185462, 5.076185002421352, 4.615981746812278, 7.189184543252175, 17.037925811959127, 6.7848626262577145, 7.395293060566236, 10.448952917639879, 10.27489380154477, 6.238839147964774, 10.143497025189562, 6.5775384636953875, 5.847790238107992, 11.04331955507795, 0.23296164012234247, 8.711841140897402, 14.98841061320227, 4.420331912747102, 4.980225282706713, 5.423143106315189, 12.98835484051876, 8.44409054573796, 12.843177878938425, 8.476159804023153, 10.077839320952489, 6.43996553596244, 5.247834417617674, 5.38523280230228, 10.636413629291399, 6.107021095144765, 2.392099614124237, 4.494428164367646, 7.092387377618516, 6.5532400604194505, 7.444471081854324, 10.96768316270233, 7.72981492167975, 9.247708828581548, 9.156239531617384, 5.311845705779638, 8.032760315291886, 5.273893133134096, 0.9306776678308986, 7.621220076063558, 5.8449902331981765, 5.932039053165385, 7.917816561324052, 5.040939834728875, 15.175352097199191, 9.308153725643905, 9.568555892794077, 6.145970808656764, 7.95903952431232, 6.210241687324648, 7.0752895523804415, 8.152470853209545, 9.124370812376933, 5.532001606708515, 6.327475492113776, 10.216605148071501, 4.92992041734084, 4.980993581413486, 14.156461948363967, 11.973803390368701, 5.217185258712813, 8.694087066786963, 11.950609811390638, 6.1942715346159565, 7.844152937933951, 5.550064056464233, 5.787924500307582, 12.298753677969332, 7.873739159637427, 10.130620733193856, 8.031675609497388, 5.703553832448893, 6.195377625865968, 8.108055003300143, 5.361081549878658, 17.7938961960824, 6.004470928659074, 10.338917767772166, 9.847398537754621, 7.144450592176975, 5.198803366670912, 7.201350036803989, 11.010129850227845, 6.53531583990284, 5.707648156001977, 11.171242129938882, 8.40060793624681, 9.08428033786434, 9.344340048592592, 4.08612721640223, 5.453049579628688, 11.138644090235726, 6.121924950526795, 5.501551312049115, 7.57908866398589, 7.500383954101614, 7.937971242128211, 2.9680020036762462, 7.694065268956625, 5.861712235432497, 10.038373185255328, 6.63954429505565, 10.364160946080707, 10.43013262367466, 5.483709138852966, 9.456984769392365, 5.006046723629793, 5.98478455508585, 5.033154798241649, 15.036531883907498, 11.146759891108541, 10.19326673022523, 9.800892891798886, 8.308465492171832, 6.907702215068874, 8.543798834414211, 6.0499081462385575, 12.609809786968464, 10.435217144304536, 6.17437972427453, 5.220725215385668, 4.458904746741106, 3.634436600896465, 7.666904329719387, 8.31053639870076, 6.350665197487603, 7.063744082632644, 9.79004705330388, 4.084726309220443, 4.978101362497585, 9.821607275631253, 5.212703419175845, 10.793108203630029, 6.81334033546688, 7.196057144323116, 4.253368625561949, 7.6385241495143354, 5.330839516311695, 5.898180281543015, 4.464247947091204, 14.885866898535003, 6.862784893926733, 10.406921810412616, 7.148450780273198, 6.882344205334723, 3.1915662394319777, 14.204040371129823, 6.6414744002832515, 8.572598628515163, 15.965786992736223, 5.605296614501723, 4.6045595249570885, 12.52829825661836, 7.659623930319569, -3.727506040031895, 5.938417599208845, 3.5371238557880567, 8.9817343431418, 10.645118327283877, 9.184835711977136, 10.056832911128817, 11.938982685588668, 3.2699049936895452, 5.42387663660681, 4.510376526344136, 12.515208035804559, 7.121795880115206, 10.300928473078496, 9.306861860724913, 8.9212133174789, 12.197656394317587, 6.3790152957340736, 5.265452916154884, 7.556870383240651, 7.495280739644123, 15.088488723638186, 7.5563032247675075, 10.463385935090153, 4.03594552828349, 8.663202657448554, 9.990634169050916, 7.854705010472887, 5.020874555126815, 4.91859127852396, 8.854916132484737, 10.014699622438586, 8.207095454779138, 10.26255295538624, 9.908352213853759, 4.291135210581273, 6.7263558571936475, 11.138653367499785, 5.970998218682341, 4.1897860640330595, 5.6271447501672025, 6.136354930484238, 9.391131457405567, 6.356535830603161, 13.98788668874265, 9.442625472051395, 7.761399547309486, 7.030379662912703, 9.995404526734982, 12.301118214792572, 2.815032252169193, 10.430359638651858, 3.942814046974359, 5.553958908112316, 6.952884653894717, 10.330155266254955, 10.32560227628429]}, {"header": {"parameterCategory": 2, "parameterNumber": 3, "lo1": 6.000198445256149, "la1": 58.999992894266676, "dx": 0.5, "dy": 0.25, "nx": 22, "ny": 24, "refTime": "2024-04-12T05:00:00.000Z"}, "data": [5.344512321614072, 14.397082011166157, 13.83049509706615, 5.9669788943083715, 5.756437164163787, 15.580922018581242, 5.941351032601157, 4.747002445947121, 13.614969918845414, 15.873907766346663, 0.39800931269671197, 7.349855946235029, 13.664219710884959, 1.2961713005570765, 0.03410584598459891, 5.600750475302995, 3.737124832750315, 8.679685593402878, -0.9028139529005449, 2.2218512973343523, 7.5057599093645715, 0.35566939724095004, 0.3002020649697338, 14.760001243994601, 6.538980525920953, 0.6495533681401532, 9.364799420957636, 6.032732281225682, 2.5670415044766157, 6.60370562424153, 5.776841321893968, 2.682248619098454, 6.191453770173357, 11.366133657546241, 12.927976289485796, 14.064172697830926, -1.3982159245869772, 7.883133738771864, 6.490612132995041, 3.491510357293736, 4.566544455749455, 10.67331848607771, 4.397908427929339, 0.8784999109406784, 3.4491463285090673, 8.991564422686979, 2.9467479172658773, 1.329231319244705, 7.455933822658732, 0.971182958280396, -0.004277640544481144, -0.16923726635186864, 5.58133053884441, 2.2477012571488655, 9.44421362801084, 9.875661981227292, 4.111743286017228, 9.092848183468066, 6.341955796716413, 2.5848296296751356, 15.489590525755258, 10.191905190854996, 4.69036527390907, 4.474858388624769, -0.03599572867115279, 5.784471779899314, 3.8488101291541295, 6.860145450419733, 2.8087478635636356, 2.716645005651373, 7.7462141307819765, 5.550917374084831, 5.147950318445537, 1.4763094022411358, 1.998432927184964, 4.274312681092201, -0.723648967051274, 0.8233003514397034, 0.5293127641122247, 4.4614794795853845, 8.793711726726793, 8.157034805957137, 4.913785918945965, 8.924949118627472, 10.287925410194207, 10.813440440643786, 9.49324099818028, 4.687781989354835, 1.861965107390085, 4.338653847398344, 0.9498308312256016, 6.851446388562298, 0.29824903320459156, 3.111402127362088, 8.583499804799422, 6.262168920863253, -2.2481611331096683, 15.484918313258978, 7.771413469130605, 4.287499548328406, 6.841874162821974, 0.7381615214513075, 4.316294949471198, 2.9392216924703303, 6.819203269746478, 14.91215876987702, 8.602522233871051, -0.2346847476573244, 7.520631177218635, 5.614615726277514, 2.8855608026529547, 5.505222785009381, 0.43366688791977753, 4.577745666882187, 14.800241724216175, 11.682634801766973, 9.003602935537048, 10.325573440792326, 4.137743384719333, 7.095330975670201, 7.302583952371383, 8.378165234256848, 7.406341295820887, -3.635585670788242, 2.7156860951446604, -1.6731815418745803, -2.5986238363819316, 14.257513689031896, 2.897278281163726, -0.5514580967762391, 4.610231160688388, 0.11394612516559109, 5.853016596533292, 15.610475568216152, 9.728331339221258, 4.840468628808826, 6.312055791304835, 1.8813750561288203, 12.089752782625334, 11.129364188569895, 14.387015304738256, 5.627784343357589, 4.727239725051652, 4.796710562486383, 15.791278359326801, -0.07523546639146003, 15.26647019680123, 14.039514419599035, 5.947296044724884, 15.379263410416982, 0.2968355990605726, 15.593082093180348, 3.555982078177067, 6.977132400699948, 0.5432256710254952, -0.16059052698662452, 4.436041375648285, 10.426851586871614, 2.326526933407588, 8.321613520729247, 1.4786128021586713, 4.683750676696554, 15.472008287214894, 6.178389501693939, 15.316859078718483, 12.308542601071, 4.594675310345904, 4.38126851403555, 14.35171378958632, 8.011755852099698, 6.430029743191243, 15.522155858686826, 1.5039206120077129, 6.774825223882047, 7.334632613574464, 3.642847780730867, 6.469652755034935, 5.379980862278897, 3.2880933776125203, 3.2420805377394655, 1.3286218422051317, 13.093953279691817, 13.033936086959296, 4.315588552134655, 12.042130620963208, 7.2740707541611505, 4.564453198883563, 10.817827409309372, 2.1101416691880424, 7.165154430742862, 4.7447321448167195, 13.268688074387477, 15.796121617662383, 5.4073680929047585, 15.040991270910803, 15.130832956036162, 7.295472750886085, 3.7976519404650486, 1.0271125638467278, 5.420779451539367, 0.014181932926673862, 9.527609368888102, 6.779374518948211, 3.3787646312430186, 8.608316618703451, 0.8226842447115377, -1.3160394609335329, -1.0754099239997799, 7.7945765682038575, 11.666419553073993, 0.6796625924712609, 7.989444272745709, 7.359020918948222, 2.419945658902888, 7.61385082589587, 10.60546581896021, -0.6540473777744497, 2.1399594789495184, 1.5183568321519272, 11.698731545779252, -0.46271069069081, -0.9641408477903209, 8.661318758179563, 9.202723924703532, 0.026227972627104863, 1.8367310116814757, 0.28967252153742773, 4.531337682598067, 13.943929671620774, 1.3711770743121592, 10.233087385626567, 13.735768455729033, 9.405650968923212, 9.851081178578287, 13.242854321494303, 2.077739028155895, 5.417713662771582, -1.51553986744102, 5.8189224158913, 3.0803346737723603, 7.477571629612969, 8.771254609442808, 4.9696267085069445, 8.984396271483392, 6.411812978386291, 1.325395271573027, 0.6650354605924568, 7.520590125131593, 7.454910639401476, -1.1628430436424801, 11.803159273450698, 3.3179771411246017, 6.8226062408430606, 1.0242921027085736, 1.7148387465165436, 5.605272973761596, 7.537192680183692, 0.5090121142393536, 9.578254861417966, 1.0285329427963563, 14.545140701595816, 15.63532467827695, 14.067045718933645, 6.923763513421443, -1.5454057960140166, 0.6221607294768677, 9.598757966352615, 15.408181528222135, 2.623384496310845, 1.723089154372891, 6.83337961062692, 9.25880229405384, 3.622282570354949, 12.079252021581501, 0.971601659885362, 6.360158318983153, 13.990479293441885, 7.738765097767915, 7.871218814991654, 11.514159733446274, 6.918196630512974, 13.783090679136446, 7.291739915138118, 13.097331239439315, 0.406290454275137, 3.5182790141688693, 7.390099974601333, 1.9237977833926017, 12.411487236857264, 7.316477543786093, 1.8535560614576125, 6.983776715689764, 7.727882696403171, 10.210874676503865, 3.514185508619481, 15.168272284939787, 1.1340086386881651, 1.9109511150420315, 5.220113336930671, 9.31523260924297, 8.70527598837299, 1.5926566011362493, 6.240156864094426, 3.340933656490424, 13.566192868803094, 8.493201605572759, 7.413556681657478, -1.9712200756881928, -1.4248299899642083, 0.17454969885826543, 7.205536154975431, -0.8592026701872568, 5.4659241523871955, 8.852553570705386, 9.833382804510862, 7.503446276047101, -0.35915542065385647, -0.7853672991107595, 1.8933293184320021, 7.529515725319025, 15.247888905325004, 15.672186789731526, 1.2064539701245176, 0.789557198963833, 1.6217105503891949, 1.9880368218140203, 2.357915281444603, 6.764431987736807, 15.166710366734737, -0.4878005459531945, 9.15854549725714, 7.643509154868293, 9.718537813190192, 13.780065274010822, 2.9801816295493, -2.1317948799475888, -1.7122365931393604, 13.69047327619181, 3.0805644559244865, 6.347514837203468, 7.463221457142348, 5.426274119174711, 9.124522205205515, 5.923651488393242, 7.047295243705921, -0.6230071958696181, 3.69011334228018, 8.299768620337419, 1.2016122305869688, 1.6522993960219654, 12.372731722999783, -0.5144054147258603, 6.853647254211862, 4.223343866012798, 6.364497846852951, 7.740850711196516, -0.05386746531427443, 8.85477973781844, 6.448675095142007, 2.599767175590141, 5.667031757003441, -1.1574687694588561, -0.7696160996383733, 13.306544078028669, 1.7067745196266892, 0.17959706628911995, 1.7023678053987523, 1.0293950094604396, -0.2742813234747553, 1.8217644647904438, 7.100814150094646, 14.710445330609216, 1.6179478750961231, 6.241960698672307, 7.069174234638645, -1.0678963864910005, 14.709137260489735, 2.547450138348182, 7.199266364022165, -1.197401019385982, 5.004955089335951, 9.477280791813598, 8.440834907314686, 13.037065477172073, 14.660321056169073, 2.416164924680546, 15.57717395655052, -0.3390185599188546, 5.659202731821795, 2.1689503499930707, 10.252705692770387, 8.136155860331415, 0.7879916660337203, 7.892759296490081, 13.456094481613707, 14.99727424543387, 0.038263240910679654, 6.552755835650159, 0.48524179596214934, 1.3726389709490932, 4.972629383513043, 5.99761017020426, 15.081388377833383, 3.1637492288986486, 2.685339772143655, 8.60627557241738, 10.43435970508321, 5.699303447297714, 4.393055929514858, 15.870764904000497, 6.124871269742851, 2.01015678901404, 15.383629086791078, 8.309405238384189, 7.965006867792869, 0.1298343403091329, 7.3847350074119555, 13.632498117752563, 8.522620266797402, 14.483492307570787, 4.709428718098455, 6.105032256804541, 15.57547182047277, 9.33242098690727, 6.520200139182646, 3.2208452650553965, -2.127153327113862, -1.1398198257735164, 2.0989378160940695, 13.906464164401928, 3.645913182500665, 5.067030578919634, -2.455724039177728, 4.423644638430728, -0.35154014920018334, 10.010445513789703, 1.3903988438779347, 6.421821277582333, 6.343883056540214, 10.587356659052514, 6.371801461544735, 5.387001428193319, 8.982929421688125, 0.8308718009752796, -0.7187199624731555, 8.987364154962469, 6.01349937616206, 15.737788621692395, 7.230770111787995, 12.60291913798222, 0.9398736562940037, 3.24112185088941, 11.242432582577282, 8.418850144662784, 5.935165959026654, 10.758469550607678, 4.244947052277975, -1.281339416883689, 9.849682496226592, 1.785551291242443, -0.42579627290486527, 9.834913318654365, 7.744430782993734, -1.643155770113335, 6.504453930645263, -0.3180507644151169, -1.3900953794329525, 1.619854634960689, 10.345835536789398, -1.6619013139397953, 7.418665035594626, 4.955018676403404, 6.735388184660836, 10.339214345859784, -1.243991544211584, 1.4118259232187271, 4.534167411220631, 13.797438598084879, 14.708556447023605, 9.435540735870982, 8.015224745095646, 10.498526331003667, 14.502852168037546, 1.1966982603297291, 2.2191865582822374, 2.8068796688153514, 5.176547222479643, -1.3110075125866423, 5.334518054789172, 8.803271970085374, -1.8654732190446612, -1.3535846548221269, -1.1145930087485407, 7.152896044960329, -1.5740152192575174, 7.5473812356272685, 13.578910404593373, -1.2215002101332995, 14.945588932718122, 4.225918417498257, 7.093887983680132, 6.51819028982041, 13.020432072353572, 15.38237201654655, 2.842148352497736, 12.926906611632873, 5.296392725954868, 7.112301454169373, -0.874893276392909, 3.6362377876254075, 4.540153411031284, 4.682842362052231, 6.891753465101212, 13.199687379349612, 1.9226086712892514, -1.3954777689357754, 1.3340593003120167, 0.5351233939291992, 7.738853480182032, 6.640273969956976, -0.35703455740337564, 7.353897883959673, 3.2211820232608033, 9.056022056418167, 7.28973357089237, 0.5253307382046646, 14.034817259723459, 14.818907926492761]}]