script/wind50m.json
{"header": {"parameterCategory": 2, "parameterNumber": 3, "lo1": 6.000198445256149, "la1": 58.999992894266676, "dx": 0.5, "dy": 0.25, "nx": 22, "ny": 24, "refTime": "2024-04-29T04:00:00.000Z"}, "data":
[rows 0 to 23 of 24, columns 0 to 21 of 22]
3.6845976377286473,-1.1752464913732596,2.6426994041696608,5.210906289311907,3.4865780923645007,3.4154712383380907,-3.13720868450064,8.780195876082532,10.426143579106087,4.261998534090075,-1.6128389563055834,4.110734795795532,-0.09949550038161693,5.949457889720316,4.367854356324031,4.232887595361985,3.547691007759171,5.373855299259392,11.908803991312455,10.17880953197509,10.91323639635274,5.380501806961476
2.579980524895387,-0.762816951602826,0.5268372490892566,6.459522060636233,5.239707053753684,5.773134627100226,5.056885714546663,4.67559368704363,0.813070646106252,-1.6897151714713847,8.536013248997833,1.8630047752598302,5.158746560689651,4.765485607307298,3.4139425953135,5.197351695966455,7.7195078943271085,11.479299556273235,4.144481504547747,1.9981588755787465,5.743273626676316,8.66310533953901
0.011270680504194084,-1.8058750038584586,0.48087431534858965,5.8511022046580585,5.940524547083611,9.60385767879737,9.817996210198931,6.292339160501133,10.284657406112533,9.867589293533099,3.448157946772248,1.8468239291779662,8.897237420807143,5.939723565264304,5.682399387655286,1.7986619387894611,7.292496197674508,3.900820791054004,2.0808273530988597,7.109565213482996,8.478396137242353,10.453751631859674
-2.4927263342997685,0.9543265182264241,-0.045838076983196786,4.60010875610874,-0.9822254871201016,-5.490000236929222,3.4869924931822416,-2.9036670180829907,-0.5491353681889529,-0.9527034686474706,0.45184471527054926,8.108746299305924,5.529845167795256,2.3818643445950505,7.132287582882328,2.093904433012367,10.543558349817491,3.3662218971521067,4.156037605939099,9.981970157564454,12.937838890065299,2.742496132892446
2.527238864088631,3.0804950438812875,0.9344375009832254,3.7740636809617922,-4.738335288747248,-2.358944932535024,5.50875195503447,9.435946756538083,9.799751748811156,7.531320889825797,7.972967731111084,5.205244132680131,2.7386947159727075,7.2084297078492385,6.1491945622807425,2.652829910256609,10.718171546328264,3.1812304904018562,9.61163351508759,1.7547030271317896,1.264637667923184,8.274526736100016
2.8948263453224934,3.3951704544260246,1.386832116009721,-5.2377831291513095,-1.6250351583316909,4.199183299643608,9.554420390085653,8.481054955066202,-1.810551718512852,-1.2449684837391974,-1.2642197700590325,-0.46655939458059054,1.0111534874232526,9.812947264873625,5.528356982120569,1.4900401091767668,3.4536543301449125,5.5231986215088,6.422065480118762,3.4443840737535174,10.01793168820316,5.822701833482135
3.6606946559191664,-1.9682905848514927,1.7870933783721348,-4.137983899203649,3.5628142969818986,9.01101183211273,-4.604549825411226,3.8738832684399767,9.220494229501714,9.272375905881148,7.181982745148137,9.323460006995765,10.101478509134452,7.247877185736017,4.156553703910119,2.807589201903233,1.2752662680899098,9.639363197941886,3.33562370029005,10.324672958352167,3.460077685265926,5.559791232014026
2.986195919989434,1.0241249819999954,1.947109501916767,-2.20859884434637,5.176477917479324,-5.566676306987468,5.256863253190407,9.567755658762094,-2.3217051109390296,2.068832310440653,3.4997893730607728,4.983272373984784,9.146932686003591,4.477716989315755,4.467352684718877,3.3985689779511223,3.7461229773326474,11.23951029417703,6.3584941450295736,1.1475665761622726,2.688646984492852,7.792080843337244
2.846832905832497,2.779861956514163,2.462191939926765,0.2267639160338284,5.366647674838197,1.8199625927156309,9.74422946609904,-4.758583079966133,8.982518855365253,10.49785497650237,-1.1103226673465019,2.0756569119219064,4.08550077541953,4.7948282030029405,6.8013719912988275,1.9806752726478567,4.047449304859043,10.537552067469418,9.617131733802474,3.689094931827249,11.286770149510764,6.667364110580716
0.6337681117492618,2.9035177761875786,2.5428320573577072,1.695233750444834,-6.161249251202154,5.761372504669591,-3.1629438729594046,4.4952631615053855,5.1709418923082895,5.129666589214518,9.387963251910413,0.3767664808863741,-0.1941818552533815,5.856200912822797,2.9851081969939846,2.8080353834128666,2.5293216295754215,3.0494759461174485,12.173151538643449,9.371468923899814,2.9584791962900274,8.276531076072384
3.992379054838395,3.2198481437610065,2.7836634627069654,4.101785682020873,-2.786890421186328,2.2583038927863366,5.021591274746625,-0.12343179770901237,9.095402150061268,-0.7417030113977617,3.35594183634346,8.960914852664278,4.776822626482457,2.4593174528578183,2.1318616943767554,1.5883569180702601,2.317115490941844,3.4930484963795085,4.887203530359531,12.792599300634393,10.148472911414324,10.032389765418774
3.7475169216510764,3.2269475993619063,3.0815696739532092,5.1415335741469255,2.8027949853849923,-3.4251546037378473,9.758698220573745,6.188214538755276,4.153956471176312,4.134167711571819,1.5631530807305196,2.0834218146184535,9.24417720759411,8.185076660765468,1.6489525947380401,3.8102655443348667,5.356689351401628,3.3041545111529187,3.3860421609328175,3.380653389928168,4.234501945531052,4.557423632467843
3.1373109486508173,2.440765065158044,3.364576771750709,6.140659974904571,5.485963795947072,4.00615110480713,-2.7526049294866355,9.788617200938067,4.795812885872997,1.4397381356787395,9.310156396672392,0.2269538717501444,5.461560721830601,10.043122283490671,3.171277351846325,5.160950450140781,6.0056495517996575,9.77470009206919,7.753564832200761,9.742084227879172,2.876382700836706,10.562565405679704
1.4283866330156856,1.6860791753679185,4.7396116786497595,5.102116283584406,5.982899232006997,6.70424143447355,5.452959182223322,3.093251865339086,2.538674885224565,7.519661913367307,3.2147970420675476,9.159355327552914,0.08836623573553701,9.045251114749906,3.61542148635596,2.424696730782764,4.641333952224579,10.635720827375339,11.139636795188803,10.03688195729325,10.641587871115956,4.6617792617278155
1.227929587977871,1.0709386912404013,4.038626529707733,-5.55004708264493,-4.059924276410805,-5.150970855149063,9.769579755416983,9.24347511299554,3.1354146517363053,-1.2025010765649797,2.278733336868061,4.823667266745744,1.8519463773818754,5.721220518006625,4.111258400702833,1.9425647010082194,6.47404148679737,7.305211166572215,3.313391964751746,5.552897172244464,5.231885271874776,3.7853135354786085
2.1529626603382486,0.700169148191291,4.080174110231353,-2.740653053822448,-3.539657247867578,-2.425288757893824,0.24084762625861425,-4.993072061764938,0.09555576472320487,9.391418342691932,5.386201611003498,1.9533249287488432,10.09418366366328,4.05704298693368,3.2694506995526695,4.981034815003106,10.44649200694935,4.674790008358569,2.673264988983307,9.213521185574953,10.033663501044067,12.017522162354306
2.9504248982747985,2.5876177273659913,5.212757221957239,-0.828484142236929,2.7033911883661212,3.7149177160808833,6.521278185825962,4.424150226348514,3.7199946507947095,3.457533255380758,-0.7039981079558507,0.533349706712081,5.842410606851018,7.057171862657656,6.384828335779225,5.949391503394141,8.458048531941115,5.0648405192868236,6.560285730627397,12.542950446740395,2.823778102045698,4.113206381978566
1.2987866421404457,3.3807981195712933,4.855500775996738,1.533976898464211,5.209924035248223,4.235946561147112,7.766247295404054,-1.098624974723639,0.5228475205624021,4.329168447228153,8.854633963026744,9.100242578806325,4.256149466831762,5.925178312210463,5.3130902560124795,4.169941073410234,11.66262016123123,1.517804187110681,9.51964388591669,1.7545664144551745,7.9402644718806235,11.542816307869856
2.439887334305534,3.1994432911352373,2.775666847778941,3.527947750644054,5.3081210295305095,-3.4513002493315437,3.6571670934126206,4.761962857496114,3.724324367524216,7.1939512499515095,5.026116784417891,2.8146352879782097,2.198016782350811,2.7837490550043,10.208403765539972,5.721799855153141,3.5034138904458367,7.873395387837345,3.994593080951481,7.459548213958947,10.0745476882636,4.5809812442968445
-0.4545386503268241,2.9965982831230464,2.6844730142135327,5.544224581249434,-6.236914250493009,4.403948881003073,4.904932926944006,8.93732476977612,-2.1081776481145726,-1.7217693701345502,0.013112088051379728,-0.8687634501580654,-0.047919052549347446,6.255985895976654,10.544481193729832,5.803510116381247,3.606813763035085,11.344004833831464,2.542354010741635,10.24065813481008,4.162841486832779,11.561015357770597
1.7716526075302435,2.4780959890488377,-1.6204171418455813,5.747704533681838,-1.521665340294349,4.091622128479076,9.641928975486618,-5.095382978823287,8.094402024589243,9.423068402393577,8.79874965119192,9.08989957344482,9.666815021570208,10.49515151326239,5.844211849116906,4.507208327715291,2.1772591264681953,1.5809768981111716,9.078004471467507,4.239113892150034,10.742699251430045,2.6376495290765587
1.2160882340648875,2.4970338087907193,-2.6898186793023213,5.813337376013164,4.6863791501795555,-6.3595776093035665,0.06904771060922374,5.35962496807615,6.490366744974545,-1.450707678301117,4.419962150499684,7.370069261020737,5.466692187331526,9.482323062336292,5.718512670919784,6.2079070319142895,5.166815643964165,2.9133786278363205,9.605716458654781,2.2373927382511742,12.94333972144363,11.584496043007341
1.695689348752308,2.397804530564893,1.595766585609286,-3.4058173522643456,5.509991368773419,-2.6218141837462423,6.379704663246869,-0.48169707074568735,3.785741908776571,9.429661328595417,-0.22694514372654226,3.0978702939873433,3.142634698336113,7.356454619891737,5.411612707389511,7.595263936723375,3.4530861113559688,2.7920552103587433,3.9912296167612173,10.036364175885687,1.7481381061888566,7.385966425912412
-1.7714819362095346,1.6541302119369108,2.5055426191206305,-2.472622362531772,3.167641871931829,2.8442819997131,5.508567246489165,4.061683456613796,2.129069069510248,3.34257439856019,10.230346049349338,-0.6049609590301633,1.4624817378827433,7.168893072511863,4.685438764110192,10.44078186783228,4.894839380117326,5.327653308825939,2.79722017992576,1.8396893737726174,11.15944968979361,4.6050646224137175
