script/wind150m.json
{"header": {"parameterCategory": 2, "parameterNumber": 3, "lo1": 3.000054539987559, "la1": 64.9999836372058, "dx": 0.5, "dy": 0.25, "nx": 34, "ny": 52, "refTime": "2025-11-28T04:00:00.000Z"}, "data":
[rows 0 to 24 of 52, columns 0 to 33 of 34]
12.537962493516876,13.339682971533964,12.72359947552542,12.541887432188874,12.718428889231683,12.856083778024686,13.497720011070351,11.89382871091932,11.767174331249045,11.764118666992484,12.216702554458974,11.82403851973285,10.104152466350621,11.371813553327868,15.821992243072893,17.13606223940889,14.650265571625672,15.164699210945397,12.2002104164914,21.57725043021376,8.295566124404589,5.565840278004267,4.714119202407995,12.961525347610602,6.948722929093443,-0.7471701909893558,5.725731660860575,9.808189665290202,6.844237998739914,5.322030543107845,5.840480563923443,6.931541528726883,9.096969824324303,6.866009666526961
12.718727212016525,16.288008405631643,14.286999635676661,14.543587259727714,15.129132616390377,14.83516938334769,13.601759112801297,12.62943119385908,11.614397207919392,12.483173436457196,10.969300358003872,11.33748838914743,12.285049913790191,12.944828514501571,15.96307448483746,17.095699869653732,13.822514006953988,15.67645403737436,16.611717087633274,12.605276326451538,10.08334337207649,7.7672821886069565,5.421555034144527,7.173328120097678,1.2417628975799149,3.558246622275303,1.7113530399466241,5.579033522436624,9.20458241778509,7.845599361227781,6.1198076802519275,7.420945759978021,8.079151805497917,11.89625296593535
12.449525981426746,9.163298918315968,16.165015671259475,14.927444088669326,17.78869062873454,14.64416219157433,12.35767926337519,12.854164241960518,12.953855170306117,11.643856579236822,8.432505520056933,13.675894592677635,12.352656016751515,13.25921092524561,14.167999980680726,15.937596002935464,13.610388522572377,11.046271823395074,2.2082107370523416,11.307473990390765,11.281047874506879,7.7042872821598545,5.671527505992491,7.908466745668692,5.866196788720733,3.6807445000719667,6.0025031157718525,7.138553233673911,8.262961199668995,9.222788239763814,10.859701496874704,10.118993306727083,8.969999182293042,12.314481456908641
16.42977791532098,16.376692888560243,16.469483256148475,15.016581566488496,14.973851631349008,15.997921661357953,15.088829474666852,14.147823037266065,12.96577552498278,11.934151911374887,13.036940429764488,13.24766345687575,12.556288861447081,12.850080328440798,14.749473832549516,12.474195993626125,5.64302546648003,14.8252275440306,12.576249277892662,5.79881829868602,14.653182177881561,6.490041923232023,11.5413249138204,6.208004687816847,4.761343550568854,5.393707816259207,9.16015678767108,6.8533951756803875,8.890422165360079,6.438852200135037,6.624299116782596,7.995214097044232,9.184184520001514,10.211200069717504
17.209901024269286,17.47548873506914,16.090695496432573,14.683941517116429,16.327826810909272,16.832196294836795,16.038723478333544,15.227001729230071,13.886774841372414,15.120365666225977,14.37320146015838,14.66414767242704,13.233450636785598,13.13427985762264,11.43328808014488,10.374829192894945,12.672494332152517,8.84864765256033,5.374793446825685,9.365719950220637,10.83251279342258,9.70227062521503,4.199762526708479,7.775190121967859,5.692649638949172,6.075482904875985,7.733735137740921,8.241512859257115,9.436906347536132,8.898345619620077,7.875609599937937,9.861692787808536,7.338783008915737,9.492182024438524
17.734224131426885,17.797960237802574,18.288684452697595,18.359441163502712,17.70147947267198,16.286394735388377,15.94098028212867,14.322886570790548,15.429835605850775,13.524483802682125,13.620535152081082,13.220788019454664,12.273301821003313,11.051310080475348,8.235102256661458,8.277205906906781,4.565065693708589,8.008136448569497,6.857414991406735,6.739675771027374,3.5613400420021453,5.236146213357611,8.734820594476592,5.986053020017796,6.212941010280336,6.029760941906694,6.443731831021135,8.694687349135073,6.727488441127472,8.901264771243468,9.978791298681251,8.773365601465217,8.666984504320002,10.184979475866562
18.316760865778893,18.06409338203193,17.807602445805763,17.014279684886414,17.198530361068308,16.62782885958945,15.664329897860723,16.349465538798203,17.012750720089844,14.381889968058353,12.120214972068135,11.044005928688613,8.733500654720935,8.34028544076637,8.257460135520688,6.114687860606523,7.553485398550997,9.675082908095108,9.19599880379917,8.859487900249896,1.9368274593448176,2.085078489717842,6.293592679392699,8.708971004938634,10.1631024909283,7.662982060977015,9.378055535682988,8.510652401689516,8.710516233147578,9.318863377712207,7.906482997053803,9.436066729355446,10.171186744767146,9.20688619005561
18.320028618604027,17.926940529890352,17.39534660784346,17.751046366051305,18.022559767719457,16.486284696102327,16.805622851425174,16.64651579610672,16.44401788836433,14.381176432779771,10.990731017257838,7.546930450686842,7.211717004656831,7.036978158986835,6.924545080202368,8.405535574671026,2.3849218302081994,10.887563358588512,12.255330507015296,11.732688463853394,6.714811392671728,2.518680051453429,2.371192953464694,9.088379603935051,8.050215556995965,8.543853329904136,8.405076071622776,9.685214516531492,5.911922965828142,7.997892982201625,10.157623723097762,9.792122796253391,9.902055053854234,12.36463228316673
18.782684785054307,18.76600595523852,20.10183318865719,19.662081692314075,18.773556209661876,18.43843128348785,17.7783433686795,16.23654151856773,13.644678217540399,9.11775663423798,9.59135800255744,3.590162478353567,4.990370341289225,7.397195150774875,6.290166981344751,4.571196411608817,6.364929837784298,14.194457671288948,11.793147164449149,10.360320022059115,14.99744669670539,11.24734641940076,9.223100697604234,10.553410401868767,10.487896377865063,9.931672239491483,7.804178360738113,6.891963094897945,7.231280439209832,5.351972702468425,9.510983588075332,11.521611394327632,13.71045064021335,13.168683416000867
19.62871270112547,18.889179583107943,19.155619554103712,18.80581543828228,18.74252610985252,18.303787627968507,16.508759033425616,11.416355574269554,10.142219009387128,6.537717845861709,4.983655218395915,8.09913406599594,10.313658922729882,8.625098189142946,6.796200492239276,14.630462677280644,10.363132227328352,9.303537973344122,9.21732201527658,7.948473381912422,10.43457723662506,9.510260485003869,6.377111907483951,12.914166893938777,7.802582099783647,10.217298725853235,9.5214057916669,9.729671064504654,9.443001281715382,6.9292297491813475,9.686191587948736,13.495604542788486,14.058277951122509,14.087134632103908
20.06855750016188,19.54301473961847,19.469426490774566,19.078915686516375,19.22879642960518,19.010635428864287,10.505167142812427,7.910280439610561,11.750804852838279,10.999562420122926,12.993555470636407,12.077793722240243,10.647583853932938,12.716970674745705,10.306737840054444,7.909998555627843,9.713404549082101,6.045293475029668,7.848383140182242,7.514539450405839,6.9442247657631855,3.684232576801739,8.546884537396123,7.282606142414472,11.556695555723753,7.47861404072212,3.643169745685829,9.798556454550766,6.161581181266656,7.869424750638993,12.915180962836063,13.972150402362963,14.08297961354238,13.803414894960166
19.512584529728926,19.57198368456083,19.387772311564447,19.4097735651503,19.41322350328325,14.995261343130052,12.009808949236888,11.896039760816164,12.509022103728304,12.513146181095305,10.458445228966252,11.289205109288142,9.24868586615027,8.273233072237446,8.700060873818858,9.378168956717872,12.332294446896798,10.235964195979827,13.042211453239046,12.10585596420377,11.2621295594206,3.0738320079966495,6.539377604505405,12.368998126708483,9.783301222748896,7.6954574820795445,9.830831564597867,9.911178005031172,7.612453891831208,9.635561284668132,14.263411604380096,14.44482025579032,13.95277191994337,13.593049256143793
19.137179485424742,18.494831143979884,18.2092620667227,18.97443618245171,20.267938741307255,13.104440204018001,12.18165984582654,8.043067359386876,13.499925994806487,11.77508090208936,9.407728403740723,12.347018062906297,12.898790462028787,10.857316827368347,10.711237794631264,11.703071648875683,8.091500887798434,11.83156769908022,8.718342639716582,8.152172789698817,10.872452898996514,11.877722853025203,7.4216374598039225,5.737987608776597,7.882878820346946,7.983848087273603,7.196947947260998,10.113829312923096,7.335596262341995,11.230653588731782,15.345896141779217,14.777894668194538,14.50641006867499,13.772477444786729
18.909975072214856,18.472203553518263,19.18587542515301,18.17713657082564,16.05675139058651,20.519629559354435,15.370809673500615,10.063562315126498,16.731503553957605,16.82069896119405,13.126969343092714,7.6995506856462,6.536343217515024,3.951832656242067,8.282720696740453,11.754971867501649,10.434626472513003,12.269066972926163,11.566353676787669,12.267379109042027,4.875449506608479,13.071734695019414,11.006997017785514,11.093531128980375,7.396500569970853,11.889445249706972,8.006676366687138,8.224693444421137,8.367491821976273,11.563964336008734,15.6472842777629,14.62958323207921,13.536365198787653,13.262071094740268
18.786987108167388,19.02116711548111,19.141542418674163,18.496436221332054,18.086324227835444,11.952973498257894,8.862345799905999,12.227170515404767,11.91190176464994,9.341577976442101,9.921551010369209,8.129964078117665,7.956196333786865,8.218396084231546,9.230729363990424,10.662706366444194,7.3537907391606465,10.049047614286001,10.441652393378213,8.830948929536872,12.04114510296066,5.558831906122285,7.563650576490572,10.139730230486792,8.937289957671181,8.992037580835865,7.325436333978913,10.66809117341232,8.161331962514694,14.266618851078427,15.306604446764622,14.645773751080688,13.515832637249677,12.84124540111413
18.743160732323954,19.05613663761861,18.872548992584242,18.17573015890416,16.36098085620702,10.925049212389247,10.285666657102368,6.726809088368491,3.215127620624899,7.3701999826737845,8.0633568732081,8.33136905047975,6.3901391964073095,6.973490779108444,5.0802460347409175,11.335339633374748,12.258500672617568,10.331555089030036,8.53914784960822,8.04718604846797,13.889788514757813,7.485923130517007,3.0428687274787096,10.096806830721365,8.476093675091242,7.232530147630562,12.317279490841196,6.525940310537989,8.296056675986565,14.199195564068777,14.930763962362638,14.861922999981527,13.888419732453247,13.556185379128225
19.3236936950389,19.472379539847,19.007878856519685,17.80117280641812,14.897802353920078,13.215864168371036,13.701057954723888,14.139923523212582,8.207286389667784,15.975628092159551,15.072451571664255,8.54485449751221,7.482198337224801,4.091905112016071,3.0908515881320286,2.2241641555941274,11.29618039276219,9.65302426906202,8.81683658387266,7.840711451713422,9.144308202748443,10.415360335275492,9.533317221817583,5.686580808637697,10.764962469131095,8.076316657728544,11.234114855348633,8.40382417823493,9.29433148712546,12.965348197695269,14.784265132746954,14.25492771824173,13.862134399776668,13.944994247901773
19.281020554567192,19.1735850759051,18.534783431405746,17.741379941168415,13.310697087883268,11.086354932411083,9.618815307961547,11.82044475603854,14.583895500384983,14.209502955112248,6.403590039697305,5.70131580998266,6.936509099816214,7.07142440619859,8.443697682802856,10.818801660913007,3.541300747329132,11.014550692910781,10.38840352943833,9.100292241899789,10.78371029661897,8.505320923871917,10.451739453829331,10.671540743841115,8.892496063775162,7.793920035957283,8.57960055343672,8.160967109305586,9.987756954171639,13.210345809478412,13.285498704116097,14.01847704767061,14.308311888202033,14.316382730363896
19.18056201677617,18.83807429639103,18.619153374168114,17.47006218308514,15.045166913127389,10.802989868330341,13.588554274786029,8.83054625684878,2.810104189167465,10.57337204255672,4.301049361760423,4.385796447436042,7.706329859862145,7.733234191357401,3.37963184331365,8.33688761457693,7.056059708842071,8.559351572851112,7.484907912519419,6.692940847065894,8.150756641801474,11.828217022506667,9.205838861713788,8.50518853629246,10.177142035968108,7.735412187429772,10.08810584912685,9.174241613716202,10.87788252779155,10.486182478632168,11.064761932399463,12.149137738979459,13.309022824340106,14.38322072756825
18.670222138071583,18.925964806905284,18.8919909393587,17.393662576880374,14.661049703825363,10.863574522318203,6.43243259598986,13.224684853931619,13.19235683934158,10.248279398064993,10.38400533418969,9.069181030833585,2.2925144978668417,6.00002914637275,4.270998593599666,11.096775577998839,7.25931897676805,7.298009111532318,6.92572341513952,7.8958632131382895,7.967219012011987,8.67859315570594,10.727207224106738,10.167831292025483,8.014528874690908,8.36932265375898,9.115047870012782,9.19262033244649,10.849247408141917,10.434644349760205,10.183736786258397,9.89474461386571,13.096009683645347,11.917711922873035
18.74707468877491,18.808312916048422,17.796199220373275,17.044078171045722,15.570847942284633,10.983681116208228,12.582328414188494,12.156750657498879,12.605395059928963,10.998054417351966,10.429828345752236,8.215725807368303,5.492787842603152,5.832864992531501,10.024281867230806,7.856019781827485,10.924590177857375,8.719741378723773,7.9602582548267735,7.942358516345263,7.478037419503976,8.739384070351699,9.818599097078573,9.819419981252958,10.220708766612052,9.999043819083951,9.914416032775584,9.314292399541637,10.241610612791748,9.979398264735075,9.696747865663149,9.630991604280597,12.284951664469029,12.955415258916688
18.47282359819602,17.80165545939081,16.915866893555833,16.419228487555937,14.860609737076496,11.919780399634075,7.175323139985799,6.871318653911385,12.603493868191844,8.159414163844708,5.237398402052195,7.290669925016815,5.591115313190815,10.067480286302652,2.6640422421773406,9.615016864261564,9.698555732395272,10.124258007451035,8.682898204297768,6.946532725194673,9.06159208232102,10.386591177989937,9.22145666356428,9.590201867884195,8.094966748456992,8.254257449697773,9.123452742966906,10.278223702690628,9.648726313288927,10.463804477139234,9.246436871703356,9.14644701885933,9.24249539747378,15.437047639969427
18.003799310377776,17.16240549653206,16.41824380747461,16.090115172912046,14.8930165909179,11.291083029565407,10.543118070183914,10.762740510670982,9.288342254698158,6.414219940745427,5.886778194734398,3.658267481225953,7.660572412205245,6.3694010151311975,4.997528559882427,8.10905762825922,10.104865106613987,9.489904452325886,8.159026223657088,7.992042406548431,8.852452291423774,10.670425719797665,11.40518104639888,8.992152569775168,7.051065555404446,9.179278214089647,9.391757706842013,9.433663563674989,9.264805225803386,10.517119778366263,8.679172827813987,8.253260430396997,10.798154658421169,14.270044779264762
17.43896295609814,16.867689264214466,16.171546232400352,15.300502446883689,14.375997422279744,11.934602370375885,11.783018471055945,9.565648149236571,13.917316116086663,7.8065507683041755,4.698545943767501,7.317170313940468,4.608078902195681,5.516385075368342,8.467645859177734,11.004967128449591,10.870936267087398,9.919085542971859,7.920079214737297,6.408661497840076,10.66118513389493,15.547660142094589,16.235146565703584,8.848190057304894,8.559988807718781,9.645932645993721,9.225043873714448,9.332535140764232,9.622200777693266,9.957956334682628,8.899493319241314,9.419421565113156,13.895974849871338,14.143683176131885
16.540380787068674,15.820047533987966,15.468294802056764,14.598709681801383,13.583073028678026,13.371774912465181,8.483545830318286,11.17179069246079,5.789192246739343,6.713820266266249,5.481282216785297,3.2307300935903225,4.796375980417528,6.034293311945639,8.75385364063003,14.59465199378908,14.678676557376564,10.145099748976108,8.713019641820823,7.882782613297359,16.901118533262956,15.295840314655742,13.367691384956332,10.061753159909314,10.29056853816078,9.858090617347528,9.027308067558227,7.752610564446398,8.049359120404114,7.22181506522202,7.60514623287344,12.717612993354349,13.749771510376313,13.872916620906606
