script/wind50m.json
{"header": {"parameterCategory": 2, "parameterNumber": 2, "lo1": 6.000198445256149, "la1": 58.999992894266676, "dx": 0.5, "dy": 0.25, "nx": 22, "ny": 24, "refTime": "2024-05-02T16:00:00.000Z"}, "data":
[rows 0 to 23 of 24, columns 0 to 21 of 22]
-6.466520219126998,-8.322845901245637,-6.7872914905765525,-7.433207127603318,-7.61029894341232,-9.106894485991841,-11.465589553678933,-14.08943880655117,-12.68797079769329,-8.862679696825479,-13.274898727482881,-8.344519420869311,-7.592200816995714,-9.46891386883553,-6.534927025839458,-10.96412940243482,-10.767828779606532,-9.528276371534265,-15.596651497549518,-15.877360458779789,-11.2884748672731,-6.207303080767535
-6.562461099864539,-6.349274359079637,-7.359691416502679,-7.917809880634611,-8.259282174190197,-11.870216161484771,-9.644004496733844,-9.837378210321754,-12.756362543155724,-8.882281551188994,-11.16965717563552,-8.224407676201539,-6.893314558948267,-8.156987276141226,-4.172423410025129,-12.037694983355486,-5.52555609597894,-15.646391798407024,-6.08083687266102,-7.426203242309978,-5.479044189626352,-11.08593923336991
-6.51741667969515,-7.331702864685981,-7.304898351195457,-7.577835020780928,-5.8911267603442505,-14.171374033968068,-14.041139254988359,-13.193127892671066,-12.516655061205173,-12.716006822589625,-7.327216433720586,-4.671204403155853,-12.125246530549198,-9.788625742099581,-7.231119470447109,-7.4032570271761475,-8.685308728395242,-6.9970279087297875,-7.554215872763153,-10.920151441130567,-14.048284897691065,-8.778176460464232
-5.404595564062086,-5.9554079561662565,-7.066222734429084,-7.302892354396954,-10.901682870988433,-12.459505116319441,-15.098804451474072,-11.809240741982492,-12.635148283216546,-14.510393764562279,-9.631302115957427,-13.412637585158514,-11.337007736030898,-8.73828936317796,-9.186337819624894,-7.243660117545406,-11.770433421365535,-6.8446592467334435,-10.23197959194905,-15.06754429921769,-15.114453945512253,-6.249980395538258
-6.068701611002266,-4.604498603013853,-6.7893284879509475,-5.707211669814316,-11.989129849547997,-13.361499040613609,-13.71085476513313,-14.814781732399773,-9.760211793643556,-11.056557082931699,-12.168380059927236,-10.439598169623096,-10.784395425021888,-10.08620351297307,-8.188222985196129,-7.829880027793764,-14.141266712512204,-6.917281476406184,-12.121844697789351,-7.484664271807022,-6.157766737951249,-11.435603272248192
-6.062625267810605,-7.370189813179771,-7.192238687732327,-7.232176155271647,-7.543828263879435,-7.812419161018844,-13.84774200275401,-14.095924446742844,-12.158133707025538,-8.406328666195437,-13.554157544253506,-8.032725883173748,-6.6759350752461515,-13.086889912360252,-8.342606898576145,-8.034675414505235,-3.3393958531132766,-13.516591418401246,-7.919874802270725,-8.846245857680813,-13.576264662349134,-9.771542146695682
-6.929878024507857,-7.06721944611237,-7.35243070716045,-12.496261249221757,-7.75409169848309,-14.153403423697148,-10.000374925775885,-10.399851474820297,-12.113857729603776,-12.914455986806043,-9.601919585709787,-10.799474685088054,-12.16319495431911,-9.900609360631229,-8.137431724983168,-9.32095029710752,-6.275471431805006,-11.198467580070563,-7.145761963162403,-10.577330865547312,-5.280031880564975,-7.081447612563477
-6.227186707541859,-7.117435804449231,-6.457866821001876,-6.296458917417927,-7.888654809176485,-13.734718586569103,-12.061429407978034,-14.671872159149803,-12.029316684426666,-12.247960643689975,-7.50155854351679,-9.435634606699304,-12.64350628468961,-7.8775973339982,-11.331984356753484,-7.940569524187792,-6.40080566410562,-14.824837327368357,-13.515992063689147,-7.874376953458209,-9.559262856907495,-9.081932624407354
-6.639666575938796,-5.680329707541976,-6.740655909940062,-7.911648491378287,-5.61762322331802,-14.40801952138588,-13.558415027301315,-11.985773437439168,-12.47708637402949,-11.847598231676665,-12.427102656864413,-8.110236311268961,-9.54464019357128,-8.959138834943207,-12.2607556072372,-7.295262933453265,-6.97582819413308,-15.50345403226016,-12.852415365212204,-7.7501171331795184,-15.67237023117724,-8.0113221077029
-6.271578922415884,-6.851518888743366,-6.294353140443684,-6.280859280328508,-11.426255952351404,-11.557153154581565,-11.097112431085407,-11.171368611291621,-11.33920649978529,-9.227849925967615,-14.02192145234693,-6.793138504053793,-7.507430047491924,-9.014705884660948,-7.555185603433313,-7.677774661247352,-7.2798078980703735,-6.315682442909247,-16.15481940860233,-14.573855988513328,-5.5643428032451405,-9.073969388297886
-6.283043888689611,-7.209644776037963,-7.6582506599549935,-8.283103808079064,-9.11170047600784,-14.665616249689037,-9.653161575488157,-13.05370325491901,-12.372541363726961,-14.406793455260567,-9.34891612109429,-12.230047018269502,-5.320305139632098,-8.57678265875382,-7.722352756920397,-8.38168458855373,-8.704319732180492,-7.0148929019252115,-7.181442779625671,-19.077181318639443,-13.171102157831207,-11.822628139673519
-5.848589350452682,-6.396929104439867,-7.739964197482968,-8.091958853141746,-6.70765773548058,-6.509826124990025,-13.880446160767667,-11.546642735116764,-11.731973408758742,-8.978795083943584,-9.130190287922824,-8.39134531954185,-14.030995274496679,-12.014897462453575,-8.109991271079283,-10.52558100448698,-9.011562306429514,-6.853363031884914,-9.018644785753835,-8.702203942782614,-5.5843142243990025,-8.103809224788188
-6.267063099140762,-6.521473858989446,-7.471149356702723,-6.185129320632099,-10.115730404366222,-7.546954193031323,-11.625259135085873,-12.751697502936342,-11.077247931211529,-12.874387313684128,-14.273868172447406,-6.853136665392516,-8.399481979276477,-12.584659778960363,-7.628441010124722,-12.310443105012464,-8.567845772170939,-12.014766248318743,-14.302125723568395,-10.918456201948251,-9.283407728965804,-11.76992967086708
-6.798086092207303,-7.785556432543309,-7.214250758942945,-6.644983545467329,-5.872698257595471,-13.846308293782474,-7.847761679371528,-9.517234792551486,-12.568947086599865,-11.558330504799114,-9.310026057096405,-11.648302138359604,-6.778768330903435,-11.434001001769097,-7.415310109448858,-7.914468009639255,-8.051709035115865,-13.219291397351132,-14.102514303761952,-15.395966953660542,-10.4788027486181,-8.044889946300303
-7.095582382314617,-6.51658308846006,-8.234010064207821,-7.8218012327178705,-11.223566222844493,-14.334910958311669,-12.683333466675046,-15.22227933656306,-9.041574231991545,-8.782084563222357,-8.993724310409135,-9.35447100063669,-5.907186158664077,-9.390568251652518,-7.237816215290535,-8.939961443423988,-4.252773031267324,-8.706192756656627,-6.5617507379683735,-8.360407420407599,-6.176269342515113,-7.916953625909313
-5.208969648658019,-7.194814918518768,-7.278732063889501,-6.074484639157242,-10.303984470760906,-8.327608705940982,-13.969340009248556,-12.368476877426964,-12.08058116725081,-13.841003428315421,-11.30493122504959,-8.36215975826127,-11.438227963032157,-8.666416569756732,-6.837040975300271,-11.56526986991109,-14.23302822455503,-7.508309262054751,-7.197312221786483,-15.103138573895198,-8.835317104067581,-10.534114792122349
-7.028171718800939,-7.420036872827938,-6.555585318344358,-7.198557078164053,-6.867449988175421,-7.210331183532194,-12.865662353687668,-11.279644215282897,-8.525928656517372,-8.527143860829314,-11.766366254369514,-6.7761461153096505,-9.573903294543078,-11.194710056998673,-6.994093126824297,-12.505751598625327,-11.219478354703684,-5.703196955360992,-13.368529435022067,-18.140500391188986,-5.50341858415174,-7.68332194742578
-6.976345460728608,-7.381304962854007,-8.438348640913592,-7.561153728235944,-8.38281988036911,-14.5199621210509,-14.956262812514366,-12.524623649748472,-12.996560733893274,-10.216801989976847,-11.988051967141852,-11.843787622406749,-8.83813645796796,-9.193239547320777,-6.758405954880804,-9.615989168744147,-14.349859467594719,-7.2769956999171255,-14.125423632870474,-7.399881238940213,-13.081705135982112,-9.49466370187358
-6.179105307748894,-6.598468169743736,-5.06103993760765,-8.462643823906197,-5.598690447078889,-8.990764908084229,-15.382202743322901,-9.996015415169293,-9.560921673269823,-10.55406079946439,-13.16852202905163,-8.22258889226486,-7.155759280272176,-5.934203635345692,-12.195149537403518,-8.875238296272379,-6.888025685586483,-10.732012383792663,-6.2520090026798,-11.480429153569881,-13.53133512106431,-9.635991052924808
-6.371973849517928,-6.792470952572123,-4.768201869819251,-8.100262404789053,-11.790288197575709,-8.131307735034055,-8.851322119730478,-16.184404183449992,-13.829402174332069,-8.869925422993562,-8.253063875027237,-7.718758797070533,-7.6855691624287505,-9.597414875060837,-12.371051192188842,-14.094438916938621,-6.908892530326927,-14.685866412409524,-7.1941424186744,-16.05328601008114,-5.480809046319261,-10.358018827065784
-7.213526835717674,-6.924958027665196,-6.055902812876483,-7.773304306310721,-7.766737589572501,-7.0787025391666045,-13.744060229434908,-12.660031645825143,-12.49533472610627,-13.863391970437405,-12.40131296450136,-11.463736277062896,-12.187266037310089,-11.59635566842231,-8.14097769850669,-9.156385855746782,-7.720075063379668,-6.001907349986131,-10.823512904612128,-8.167509291340528,-11.43682218579781,-6.496434057623784
-5.8589050707525345,-6.107372507333025,-6.61571963170317,-5.6095349713131135,-8.63200520860537,-13.997035101252159,-13.53000613773818,-13.425598498248634,-11.051211678990768,-7.661197162631465,-7.415358243174777,-9.837818706058467,-9.562438659752326,-13.135883864185862,-8.40708091378028,-9.383047798557193,-8.007871176012026,-6.465716606686996,-13.842670393246308,-7.409580213512605,-15.362417428043946,-11.336437390195467
-7.021353154358806,-7.222825299529608,-6.9227321686269825,-8.34310021447238,-7.9032785624455,-12.355264260485955,-10.587776471539435,-12.38897188510654,-10.508206026785103,-13.879390741154532,-9.498416981609028,-9.048297172530786,-8.536450029067991,-9.817145088351472,-8.332604377087772,-8.791549879416431,-9.664836794240973,-7.196997452324769,-6.366484789904394,-12.86885127843892,-7.0677297129276235,-10.633478528121527
-6.1162745972210795,-8.36451469707184,-6.3585581914238505,-7.152194793536217,-9.870443323228917,-13.431778868492623,-14.96613965385958,-9.723390916164572,-12.526731527962772,-8.65124225355463,-10.677993894434552,-8.051464037169627,-6.421382702655982,-11.17100963680989,-7.812327637227253,-11.923401966240158,-8.475977416504778,-9.260786645771965,-7.121408538532432,-7.394281594584318,-13.43045835463817,-8.043250000248468
