script/wind150m.json
{"header": {"parameterCategory": 2, "parameterNumber": 2, "lo1": 3.000054539987559, "la1": 64.9999836372058, "dx": 0.5, "dy": 0.25, "nx": 34, "ny": 52, "refTime": "2026-01-21T20:00:00.000Z"}, "data":
[rows 0 to 23 of 52, columns 0 to 33 of 34]
-11.203851639683183,-10.961690268023117,-10.923270965770852,-11.646410228122397,-11.916728260040033,-12.413438290258446,-12.571505850336221,-12.549128766075231,-12.590932752911105,-12.745766776503237,-12.283529597544124,-12.33456473714718,-13.193694918861821,-13.889090536054782,-12.87138722087355,-11.975767175915077,-10.217032811926508,-10.15067742245028,-10.935041036156703,-14.519289691377342,-8.546140160999752,-4.056253662821475,-8.89082997945267,-7.054338539047352,-4.658830700413007,-3.5461902451284457,-2.6211099540130958,-3.0206671112362087,-2.4438622411580773,-3.1012229195482437,-2.915954861689177,-3.6073658054135187,-3.5295668530304254,-3.650118009962936
-8.786626827789226,-8.94139658091931,-9.183699377738863,-8.908657156077002,-9.072131880822834,-9.657692775462897,-10.991226229839643,-12.109681411976869,-12.480933022499459,-12.478070627105962,-12.843009727916735,-12.121748317870587,-12.181381860949417,-14.150629308994139,-13.839806757369969,-12.988606937456899,-10.21128340829411,-11.147616791604769,-16.497436472251213,-13.388061283486737,-12.797909718201606,-8.77876793410776,-4.992919761382513,-8.152837319436825,-4.213815441148178,-4.486151582475435,-3.613069718281465,-3.3677835981874784,-3.330651554585919,-2.3440652371368733,-2.15915555959155,-3.0318444825207105,-2.72173032738099,-5.0103482623688524
-5.933799737421345,-7.020931596316524,-7.512325447551242,-7.065462732339674,-7.406091993400949,-7.961827488196636,-8.611953163668446,-9.966465694542789,-11.141100168134383,-12.534869176501921,-12.639327202860994,-12.24441157970091,-12.197754867257943,-13.068093120873604,-12.489563428438592,-11.554823254232215,-12.006325769252426,-13.731512536369335,-8.981444808875109,-11.242624854333286,-13.658847178686752,-7.6542609830566075,-8.364473110781988,-6.0791827747242735,-4.980521669799808,-4.010545633786528,-4.039214881946949,-2.5870635308381944,-3.112615825633027,-3.8177183112564226,-2.3739607898899435,-1.9296300686221841,-2.9319065202934453,-4.3517600108059975
-6.00727260694161,-5.530861396604668,-6.43304589035168,-6.288415804474384,-6.171095766138212,-6.278498296034692,-6.377933477385167,-8.254527943563485,-10.076953392469846,-11.14224141096668,-12.550955742961088,-12.78535794935324,-12.780367605155522,-13.745376010978058,-10.723921226377067,-16.21718271768708,-11.102802675828427,-10.405692761998454,-13.267790710329292,-6.302387040055025,-16.178304538680308,-8.826396994383808,-9.318141755813631,-4.667675539273369,-4.38020333258429,-4.84410961452422,-3.5017702704893665,-3.56107503321145,-4.052235279710365,-3.393526653366886,-2.5474316729976927,-3.1270166586908648,-2.953915188174803,-3.579843553478213
-5.902015647221901,-5.537077539955758,-4.526567600215037,-4.579582288622528,-5.09005207610565,-5.248124145463674,-5.846443059522234,-6.927692850286647,-9.285227627359543,-10.230576432349098,-10.84752449282542,-13.439178005280402,-13.809677357319243,-13.905624879283799,-15.880941398998612,-14.763871346715687,-10.343917394010417,-7.4306056043,-7.175411547015159,-11.736871268675504,-12.85385995124806,-8.983242574238911,-5.571703715543882,-5.243814455541966,-4.073636449049393,-4.549122526451342,-4.22272905904937,-3.2093982392536207,-3.898354350707829,-2.9244265988347875,-2.6674456792235928,-4.860008449612042,-3.4047529283972096,-3.757110158418
-4.619178918341628,-4.689625400126521,-4.309472004036037,-2.654299132324942,-3.044383825262916,-3.383686480848782,-4.896595815653565,-6.532597296266386,-6.909571488363156,-7.6014118164058955,-8.689574621562741,-11.116464937657643,-12.617539879804832,-15.239429043595404,-9.49763439353815,-9.69536789124935,-3.655102394908473,-7.408942306827105,-16.598219956384415,-15.068676654398375,-7.407112900214219,-8.403907737307502,-4.5857495503118875,-4.919865045020506,-5.32954643382202,-4.539983891238904,-4.639737176610858,-4.580631137631186,-3.593787158358853,-3.835439236724261,-4.6313389021255125,-3.1219061920900453,-3.2398089710063522,-3.075539933602062
-4.02447028582653,-3.3179767881593834,-3.4672090369292223,-2.2559201260137054,-1.3694976229717761,-2.579500590187034,-4.511068826883378,-4.015328879917962,-6.49282664185402,-5.255307901442462,-4.167957475703976,-5.00417316413462,-8.971300379584642,-14.316601074418188,-10.046396462292764,-7.81128969216193,-6.576256154409809,-13.238012576544294,-13.408081111878554,-11.045556531131837,-8.453467776114682,-5.455685349133034,-6.05670097878937,-6.304539149787221,-5.66614228511344,-3.3562435139685975,-4.395251751725629,-3.2408324773152866,-3.4527263918448683,-4.2816756524679755,-3.392843301190214,-3.8963159380908237,-4.2987469223013886,-3.4731318535978475
-1.6242117358026902,-1.895123759327124,-2.920523369630487,-2.2886941588192546,-0.7657182385272449,-0.4913500407157038,-3.1743404093266987,-4.4124336551095755,-2.3564164535325536,-6.699356567576926,-1.0898492893794054,-2.343794852946413,-5.327581313332206,-7.450292785345671,-6.248907153367018,-2.9245786863019774,-2.4330178165284373,-4.737290033714893,-5.855318698116236,-3.8704989639794007,-6.295873659368266,-6.939504631280192,-4.95563448580972,-5.936275884578074,-4.79706189475212,-4.54240763571159,-4.797738307060773,-4.707809701232216,-3.327214806422201,-3.1636570549672114,-4.788548047249114,-3.388645931178434,-5.610601031837649,-4.401930360977719
-0.7759244357890058,-1.1372087394778356,-1.6005882787180443,-1.2910400594662883,-0.9627088017264359,-0.16644143117926236,-1.8897908501930307,-2.7349523258714714,-4.1029642104203665,-3.13699182393099,-8.898161085009537,-4.600150850180836,-5.799998630219205,-8.906581104659406,-7.284886527964166,-5.465552123295767,-8.6543971378845,-2.2387831154797757,-10.495993996007414,-8.634530235702124,-7.133334456482739,-3.75442182872747,-2.7994853050333046,-6.371700783585473,-5.454387519004346,-4.659916965182225,-3.782868336730405,-3.7809040292187173,-2.5822728894113265,-2.4844843837223123,-5.312135756041129,-5.048508312079038,-5.1277252022636715,-4.670391381132377
-3.2527353643056705,-1.6280117492884218,-0.5285226183587818,-1.1763550825581628,-0.7942867597280705,-0.006369443607870887,-0.28021131231244945,-5.023273050389764,-10.073577570157067,-0.10027667165674993,-6.1700805220890205,0.8110759102767424,-5.690963257689657,-1.4264642449007077,-3.040631150587625,-5.030128848319887,-2.765352959998682,-6.88834926875049,-7.273872419571975,-5.152060880521803,-4.381488767822947,-4.388916057464554,-4.302742393451726,-5.525988893507639,-5.480777741724634,-5.332263743286404,-4.021475472706859,-4.7379648519619755,-5.218257201166225,-4.656253693409151,-3.5502313753892643,-5.521613609591563,-4.989721779797451,-4.751491255482925
-4.3900398564744405,-3.6925732352262557,-1.1805865851001196,-1.616986126484594,-0.7223180280022438,-3.818738239699912,-2.680957353707805,-4.997080974537637,-3.9641387402514945,-5.686203573123438,-6.091902996217595,-7.842414097732987,-3.461538788207384,3.242526694790327,0.6264783535420257,-4.460183688836606,0.21233092676685764,-4.448255554340834,-8.92267030856982,-4.195683099169276,-4.6769717386636005,-4.519352024427459,-5.711061152778704,-6.119558860330033,-7.603868525564582,-5.074290262217734,-4.5177784910953225,-6.597985371933226,-3.75954796355174,-5.070649759430035,-6.451729841195555,-5.695338177734516,-5.185772773102129,-4.774795758913723
-4.624261659902018,-2.840895351857657,-1.7401375127004146,-0.6663356314772497,-0.5844735279407948,-0.03503025040451429,-4.804480233267249,-6.4739063137515656,0.7681940145956951,-10.541792683082889,-9.789018949788103,-12.361382502326194,-7.76812991919978,0.4898432764132291,-1.766767573097208,-1.4067459764640229,-5.456820895743272,-6.097609401593254,-6.468055571775759,-6.2596830222400195,-5.391026478942828,-6.4586376660633675,-4.292118009521765,-4.916949385696822,-4.078491718328413,-5.4153208921289515,-4.418210126286251,-4.821087679549233,-3.299097957699089,-6.055416735462659,-5.7825058203226885,-5.366507126624067,-5.0835075765834965,-4.2022302736364345
-6.785864518053475,-4.675454118266086,-6.847430273718114,-1.3880255702483173,-2.12155325097412,-8.238334820806365,-2.253560468260378,-7.236614226628817,-11.956127644247971,-11.883778211352281,-14.323703462856109,-14.545243581056114,-1.0512705103632785,-4.287004204126399,-2.5741635548859065,-3.7245645977789312,-4.017446229047258,-3.0684256169224744,-6.630969083772614,-5.835143423133454,-5.285290042264047,-5.19366005781711,-6.20579596818098,-5.026902674046916,-4.30529937478999,-4.716534887143332,-3.247885698286644,-4.390947703005668,-4.911702048242351,-5.418621857107469,-5.913297810411401,-5.62015310876036,-5.149691148359504,-4.792143555449119
-6.101685385870603,-7.759735200776699,-6.104574128287053,-10.26940376897285,-6.596488275115833,-7.335009082943121,-7.672098473011822,-0.5121193128589453,-15.684543394765205,-7.697972713783216,-3.9283113852865044,-7.826260604881444,-1.659001461540639,-2.5317242700077935,-4.660793859491468,-1.7013278659065891,-5.056076264096264,-3.103616877101465,-6.448121667744034,-6.188541612096455,-5.928211907531331,-5.815908159826074,-5.695524233779937,-6.561185854710136,-6.295386622315305,-5.026889152100753,-4.945620781705573,-4.139697683887941,-4.407725164193165,-5.01736810656843,-5.605120746676568,-5.894771040227517,-5.262554538791557,-5.2564978439173204
-5.704345519780886,-6.896651585683996,-8.686293370536212,-7.584970927624708,-10.90276137758385,-17.68830024232696,-5.6890078113036235,-14.092395299025304,-7.087376508777435,-5.39305775097567,-10.163883275748594,-8.336575430012921,-3.300038241632541,-3.3733192975862623,-4.420998353413914,-6.486202683890769,-0.5873468532361086,-6.93542984847637,-5.410617012170402,-4.848558912545239,-4.437595392745149,-5.50127600171584,-6.527454973806304,-6.382285061984673,-4.858302888173958,-5.46436738176863,-5.14911375251874,-5.15904286252385,-4.870367832708998,-6.198749182052896,-6.957655672909803,-5.863614216099509,-5.511089697991016,-6.005460509037557
-5.550781670839792,-5.239438857534524,-6.556138348771313,-8.33723673714911,-12.657024473226066,-10.315401280828882,-15.938028177363703,1.8922833963090095,-2.7845707977573775,-12.035503519126257,-14.425614338963983,-10.863039009268014,-5.370967746948534,-5.059674889129335,0.4248034139113063,-7.8417688788193605,-5.906316014221939,-3.177717487028164,-6.316835459058826,-4.296880026449373,-6.520475399001105,-6.609279826143424,-3.725283905236209,-5.17472184272582,-4.474668069953759,-5.009655415328186,-4.858424360369552,-4.892464334865168,-5.393377006792045,-6.631202945692149,-6.281278960461155,-6.225883641699359,-7.365096765310787,-7.221036445588579
-5.129712676479207,-6.711362151666794,-4.627644154824393,-8.95751068256151,-16.58906922041211,-17.209675579294572,-17.921057860271457,-10.567812768102376,0.07218634630158151,-13.131780899715002,-13.479107948485607,-8.42955470305601,-0.423163915024062,-0.6119067916608367,-2.900741420093372,1.7678823663123937,-4.51024387861691,-1.6814822508393727,-4.4259097881935,-2.422499183746377,-7.0024895305071455,-7.319015469333296,-7.35612858992665,-4.355312694831477,-5.475298234666266,-5.1478572524226,-6.363448892831315,-6.32075257138446,-6.035847626635823,-7.223346745164967,-6.920116959233684,-7.459749412967281,-7.513556939970475,-7.453578217576302
-5.0212441199113504,-6.106920629148038,-7.542889231601427,-6.916280506692552,-8.250483154964666,-12.829220515085892,-15.613881321839433,-0.503329097724011,-13.912807307009597,-10.46005017362448,-2.8533961460343247,-8.965254217097518,-3.9552716909015873,-5.212379105446732,-3.4824159780035653,-4.189055402923119,-4.674693915093523,-4.000937778907844,-6.398364096236822,-8.423068394120362,-9.552184794449921,-6.759505750772439,-6.590414794277859,-6.630214267142963,-4.153201412131541,-5.056511998332811,-6.472565284947087,-5.843064931582772,-5.2676830709820095,-6.828137508170634,-7.549680838716837,-7.501644719988665,-7.52897576744658,-7.770122500105212
-6.89420914627705,-5.6837786867410065,-5.140286277830699,-7.754077761112056,-12.728752422608537,-7.852856839165859,-13.85427068530431,-9.54136424144754,-17.540232559468333,-15.423542902681817,-10.510353073064431,-5.15333830518704,-6.578569726874333,-7.017777804785004,-0.18300404898031558,-3.026354384563882,-4.853681652519906,-6.3631123569576395,-3.910875885907795,-6.548830706093673,-6.554383170284507,-10.276802848449693,-7.387383623394953,-7.91386969851777,-5.8081739015471845,-5.380181807759417,-7.46288725678514,-6.387312109113672,-6.049969194981934,-5.861508700993191,-5.760690901410194,-6.871442485261028,-7.16443580876367,-7.737143380802377
-8.659793035404926,-6.690633425107049,-5.0965089647639354,-6.477655079692639,-3.84520553872309,-5.335979807123434,-3.110532995879756,-5.925239264037119,-17.0938404584624,-13.411952020822673,-10.553960482471352,-7.522542054998936,-2.6255407214883637,-7.911289475827317,-4.1187737493530685,-4.052628360636283,-4.127259480447166,-6.005424588018659,-5.902013105119998,-7.198395240409513,-5.9182347703905664,-7.315667962035175,-9.77124441812712,-7.745995299375482,-6.243306987190848,-5.9530532502829905,-5.164328465192206,-6.458462589242539,-6.428825733361524,-6.052671519287079,-5.752559458325505,-6.461668090442398,-7.44054768679836,-6.778348423788409
-11.868757947648831,-8.976681799134854,-6.107877963982959,-4.456818597885553,-7.676298403124999,-11.299521487156408,-13.960108853707007,0.13986510797976143,-18.867519193645073,-9.893113482480018,-13.38808771290191,-9.529900045351843,-7.607900136067533,-2.9126896911392004,-1.3151921396203115,-4.783957287417613,-3.3375193404810055,-4.626014923449186,-6.43401504369356,-7.587234247278622,-7.064563442976278,-7.916585061712259,-9.700650325039566,-8.854651400840757,-7.071114661340055,-6.489005169501255,-6.598282927816171,-6.526048310302592,-6.724114837647604,-6.536587935227553,-6.624088617564124,-7.997708783056689,-10.974065682143914,-11.261710622810106
-12.228663809732833,-12.183548114483104,-8.408597650944333,-6.258501406345905,-9.854309921212044,-16.079197552426077,-20.694417351749273,-23.98761689932314,-22.45326640314147,0.35534310737967145,-4.438435697408596,-7.589147449669578,0.44303018454310367,-3.6588562236010973,-3.409089397451701,-2.41914730173739,-5.291044971602667,-5.3525234183801285,-6.098875961382241,-7.263557491796391,-8.281753084042908,-8.414541814738458,-8.915995919120547,-7.9719031105411755,-7.212372417701551,-7.808752454887538,-7.6430291953122795,-7.095374183015532,-8.078934635610906,-7.555124660461063,-8.523822810501098,-8.928719786579006,-9.914767510254464,-12.97851285050663
-12.413124432237657,-12.880859180197428,-11.77277799849684,-11.36871608801712,-7.61920363424798,-13.43706782958409,-26.37575269124672,-16.64727537650965,-14.736712374843803,-25.296139089417128,-1.3006098966345807,-8.484862361652418,-2.943251636547819,-6.140648712609392,-5.052749385528795,-3.838344455117407,-5.997455803334858,-6.0141912984864465,-7.4500252037983765,-6.706503508491513,-6.623013450587717,-7.2826642404055715,-9.054785769284386,-9.59455414769297,-8.592457019202897,-8.687674015356572,-9.064778135427776,-8.55169302526206,-8.004245274704855,-8.420821728711623,-8.69489824130709,-9.956695252710258,-12.139254326892159,-12.886121928097625
-16.98861032129367,-13.517658829668,-11.043873892797047,-10.29585044472993,-11.00298230225884,-16.143573232862735,-12.631877967478983,-30.063349134479264,-23.976879223504366,-8.881523172764146,-2.5726406593555833,-3.4515929569688395,-4.127251079182868,-4.628524858604142,-5.91812644785298,-5.2766102747216985,-5.247204536885461,-6.543149259254061,-6.928912853203498,-7.8986025279718906,-5.622893024347879,-8.090988087598022,-8.625094615758846,-9.309344839356777,-8.984676167136753,-9.123567518645924,-9.457431920767034,-9.676381641660816,-9.256843179455277,-8.813143455072476,-9.1938861013608,-9.69936265491016,-12.65577202945633,-13.235353857634871
