script/wind100m.json
{"header": {"parameterCategory": 2, "parameterNumber": 3, "lo1": 3.000054539987559, "la1": 64.9999836372058, "dx": 0.5, "dy": 0.25, "nx": 34, "ny": 52, "refTime": "2026-05-06T13:00:00.000Z"}, "data":
[rows 0 to 23 of 52, columns 0 to 33 of 34]
0.5134801150727587,0.8852393887680154,0.5852007454647924,0.48026906107653,-1.2910981201114033,-0.5352159622223119,0.4647377887208156,1.9552242018278234,1.3018664316179207,1.337253680620397,1.3945564601453824,1.322866244084589,1.3532345022787555,1.3689031776817209,1.7781227573856846,1.5381059627858753,2.5787513728876172,5.920289175343249,1.8080096975196969,2.9093658984424877,1.0085533403006839,0.6787777138396445,-2.3616550731972294,0.6820049047898294,0.6637949156227262,0.18565963240786884,-0.934621991942803,0.16002823050103007,-0.43985520427074365,-2.422393618589987,0.23910544592402114,-1.4671271353510307,-0.2993883893414396,-0.6255512015966256
0.8714601318502273,0.9087417111055308,0.8415014717919491,0.5065105773597891,0.29953293748604015,0.8693585830356888,1.1813914059593364,-1.6863551923414102,-1.0904347010055004,-2.4956376326911456,0.005953581117206777,1.5972075931720136,0.5773060415488251,0.5744545458971213,1.928334915094128,3.221410134247807,7.338629278309501,4.978115202260275,1.9620614729891892,5.799567536439141,4.070442559758637,1.1550334781207752,0.8334891107428621,-0.5883576452789233,-0.9423688681743543,-0.8321581668058944,-0.7383751722563932,-1.6497849833630467,-0.713346603938986,0.5980826630584561,-0.8665539253947964,1.0698643061628248,2.0980982838984286,0.5315890468477825
0.264711183630207,0.30068366575207545,0.8398882813348618,1.1066202668381724,1.2600399420416393,1.397528936510507,2.474906136036602,2.628361008753667,1.8319312577274092,1.7152858616000939,1.0132276010865076,0.542697322007076,1.2446202067632708,0.446658616443418,6.469842890410103,7.69783222645479,2.2613118344776275,2.281438019850795,2.9020228872856872,1.3975614763043331,3.4136376300329276,1.7094610593362267,0.130955877432007,-0.9624662458273247,-0.7422628910913184,-1.389215697806731,-1.6437225210750113,-1.379279974176895,-1.6346032854728607,0.6237115052983864,-0.06750465678328203,-0.567730645126882,-3.296033855244231,-0.6576344041282868
1.3319357172626185,0.6240688460978124,0.7322683824209947,1.539914153423373,3.0394195313885657,2.497753529331542,0.9787693759546743,2.6015667682155716,4.3876007138880775,0.49414904340962273,1.9445699707362003,0.434662727237969,-0.22372729353085655,0.925192111079769,0.3403348898991364,3.120675577192505,2.978931556980646,2.588866685664173,2.906121591868818,1.101230205971053,0.4104304544118541,0.7244268329023074,0.38125698114167195,-0.08959735669244177,-0.25732734940510055,-0.2152395368797587,-0.8005954780658183,-0.7279921824614767,-0.26921331484844213,-0.17412340084117825,-1.4681401256321398,-0.9178767019657875,-0.4534385003897796,0.07209905006911238
1.8527627350621605,1.308695046686514,0.4341547236813224,7.251888596156975,6.012363381641699,4.398676177470292,3.1918632810257814,2.714555038456383,1.9380219285104836,1.5973706469878877,2.2113186194477934,2.0172832314051505,4.63199141778653,2.965463927194713,4.8767889023466635,2.1173064219458433,0.133600614385045,1.5535183300246458,1.6813675230061136,1.349048215518208,1.4248576430300666,0.6953987598903929,-0.5808882840774733,0.444185707632586,-0.9935885854911826,0.5365207270534139,-0.39674109147668724,0.36890001857566085,-0.7576127098622085,-0.7924444365758223,-0.9083794471760288,-1.194837971795924,0.19229889192731706,-0.4375323547699921
0.6819764351578728,-0.9939705425354946,0.6678086756219628,2.3771097889729904,1.32054485127959,4.081981235272677,2.3344534440233256,4.234903998717392,2.3822121837760615,2.5721344880610166,2.703716908640575,2.6615382794582865,3.0908605185028892,2.102791024861535,2.4898420370761665,1.4438230591785353,4.2615860033971895,-0.22186278117395986,1.7483347341981177,0.4860875828940647,-0.22236393379099587,-1.5668941958166045,-0.41436889560766765,-1.713704433758795,0.602405483880419,0.28149589727260355,-0.9523198929318686,-1.2569760164070871,0.25307132953193684,-1.0372558417233917,-0.8601968958696177,-1.0945681945410126,-1.060907641415308,0.2972538743625432
3.581563862679981,3.5629737956759016,3.9130191716536356,5.125687493641311,5.451404473938578,8.969267398873054,3.3256259099015835,5.324428288476406,4.247725254885466,3.308973211264835,1.441248454199943,4.930706857339615,3.3922891578716445,1.4694006134345012,-0.14961182110514737,0.5584836189978757,-0.17013794794526746,1.9211094862579463,-0.28720084180571315,-0.9111949224040764,-1.288439168566527,-2.167403066026088,1.291452836321311,-1.0096706685219574,-0.11474815168340328,-0.17633328408554066,0.28777456298376836,-0.3404275254927074,-0.05193814019215942,-1.5524144665821402,-1.0714773760571334,-0.45029966225797624,-0.5476753062175409,0.7779665944507043
3.175693678885344,3.551448353657021,3.001076001050075,3.604853066327979,4.132991439669182,9.852997188843203,6.724042019254362,6.531263302406933,5.103684753375885,4.160277677475457,3.526842252408933,-0.9951857054610369,0.6046627155377936,0.19633282429119972,-0.5349985059322929,-0.9724738199663474,-2.0045595356619046,-1.9109572786222346,-1.1137553540097036,0.19752356706098162,0.6877288638961547,-1.4782644823058015,-1.3773111713715793,-1.8164916385464143,-1.721344500553078,-0.6856335547611347,-1.0470951509570228,0.5372476546116681,0.7142796541638344,-0.12861908786487,-0.1798040884448993,-0.723134218715002,0.14359299693501773,7.675344942620384
3.217728097070852,2.6316132776304872,5.35265128636539,3.971660626064414,8.115922766665337,6.285486997849842,6.958312505577241,5.921372585875588,3.903763179568483,0.6793907881717722,-1.2561129107706923,3.3284973040385806,0.5376600905683563,-1.8049212633443652,-1.3355862486215537,-2.5033863245218915,-5.132271974381648,0.10173977307964761,0.45256096143924573,0.6327294152943782,0.6459352553024706,-0.9587770412135204,-0.4827516899996196,-2.4298479393866455,-2.4461766233617377,-1.421509972579557,-0.1669209749363713,0.33185790015923855,0.7647341824194421,-0.181587904840855,0.8372824187762533,-0.9224769522479985,9.689235007433465,8.328109524454986
2.4730909770915863,3.159817627931986,1.1658772049356223,2.924093754093636,8.170343083242166,2.9167559989310665,5.807597351639267,3.302751531343258,-0.024754034863122765,0.575270919748408,1.5988895422632579,1.1284456025546366,-0.3071956058436833,0.8415813739030822,-0.0033045032064174832,-3.6375640509722698,0.35187701310421726,-0.6272861596720305,-1.5424558353829487,-1.7556859549894421,-0.539507933701967,-1.3647811568398622,-0.5652419413513992,-1.201498156473376,-0.6450912612547578,-0.1626650642976751,-0.13520381557622,0.6394181447367793,1.1288982497265183,0.5010133817689058,1.801481681813614,11.651986461250651,11.158144905883786,10.137571070186869
2.863164201011895,1.306921959462589,2.4486400367165158,6.896776417941858,6.698555527020893,6.992986728539567,1.4139628079871907,1.630415387652291,3.0575333556964273,0.5991253407102545,-0.7097780478039961,0.7344352768370519,0.5316098306993942,-0.4747451403007642,-2.07668364356752,-5.630151677944856,-0.3866234405364462,-0.3595777779731488,-0.23020093083261375,0.05963698039244208,-0.8045319139534002,-0.6241782000212986,1.021209652975152,0.6330418428706294,1.296041687854267,2.4604641987960134,1.3045129834705504,1.0911869090671078,0.5264170655747571,1.3083476838280559,8.968359555054533,11.337630623350528,10.747111438078269,9.545550688992058
2.1232779309349326,1.5119388747857738,2.500683328295678,5.800194463681239,7.077809266761698,5.2552337838858705,5.909871541302839,2.34770910168888,8.725169803230466,2.115270658458806,3.176382893098515,1.373033450685155,0.8503891550597018,0.02733620730490664,-0.4159593444407931,0.72072810893825,2.496102372245177,1.5236132738318577,2.62209426029693,1.0787019585024045,0.7456579615552775,0.7277446211550108,1.2725387648328188,1.2939889505646114,1.5108388088052602,0.6335095048738018,0.9200767294238467,2.0006684088263484,1.59017110086939,1.6284685424793548,12.725734298536869,10.561167199715946,9.982510407216791,8.809801614848416
2.913508069900956,1.7216012220045733,1.4538987255707936,6.474557186866172,7.586352401196323,4.960109798574955,4.894873842982669,5.503632447361786,4.251548779494064,0.9646770749977561,1.0220768827145892,1.5351711150657592,-0.5636555904918011,0.5562642770054615,-0.670971546744585,2.672159777048829,0.7953290090176441,0.9022956480554614,1.0726443842566997,0.5884890584600785,1.48115032676857,2.0352836091056257,1.284161253006295,0.19004799502048397,1.31556863862997,0.6764319129756644,0.8925628410139593,1.4428912856480276,1.9820658095984771,10.281934683445387,12.922488172826261,12.16239078565162,10.460379111269626,8.474185854928852
0.5366151387803887,0.5302438694068748,2.47233012132583,5.733584740302629,4.800903989933852,7.977085263676624,3.5177732040474745,2.431253118437206,3.5213362384162727,3.1907211395714685,4.096205408884096,1.7312919640113476,-1.5871654968836062,-2.926894883562223,-2.918697338609204,1.5831390701153985,0.788161815562376,1.0793635665378647,1.9180052439273003,2.4322039270734366,2.6072364861533317,2.5752238227300075,1.626325307680346,1.3601849262025851,1.7612390796601771,3.1737383577134617,2.4314944923419186,2.4727971733222778,3.9247984362882096,8.469396694052026,11.28051962755081,10.303109037349843,9.357470054598123,7.381740723272303
1.388438926518213,0.7036056891316496,1.3938925586451771,6.976816180793014,4.208918499889498,2.7777431919599076,0.48798619216076805,-0.1691773153284297,1.9984201778173345,4.027065525250397,1.0451837833285964,-0.6549276326238843,0.6417783204550307,1.363816034379889,2.3097300741663718,3.08046673317607,1.4723335016507524,1.5118415237834204,1.7715746510742618,1.5803377141999182,1.3979806596066175,1.7458903192064845,2.578071738301538,2.5220157725440475,2.654344866512122,2.7435791671950915,2.9575988633426262,2.2394478454372355,6.401073290365866,9.97609837308293,8.771968566862647,9.181589631674214,8.225508665776841,6.255783969185421
1.5588781489172647,-0.3781449020888388,4.696075773146811,5.645159477959805,4.408808186422366,1.0360519685954492,2.8486555628914703,3.2121346519311738,1.0599438213805612,0.4924489974528613,-0.026549445999180733,-1.2760883993899783,-2.664556063983379,-0.6126508286831835,-0.7690058837235532,0.513058563333995,1.920028221346536,2.1041490998960346,2.0473479995980415,2.1507662006754544,3.1323485589062114,2.138957439400861,1.1660958619734894,2.8806776506276437,2.944606559360504,2.072915129081776,2.024721537668171,1.735898851298033,3.5143877127552634,7.2442555546736935,7.935709780229559,7.128328398763061,6.271506608934874,5.06504638990646
4.791592872649011,2.708040476848477,6.198948527643832,5.498461034479423,3.6171546456340873,2.6353102027177275,3.259409094160316,0.7836696911517337,-4.097598946004618,3.2396056271277227,0.025062234673188005,-1.2334091231582962,-0.9718141388724668,-1.2299544141781773,-1.467400217705981,0.18895831384047454,1.8864439670894282,2.4823015730056093,2.5551807827788835,2.4411337402081448,2.211788478950846,2.013954772587063,2.371417198672204,2.834897217862732,2.888059256382988,1.656872495919499,2.635218059740364,2.269851698355896,3.6071142574111654,7.685440383700308,6.904035357252547,6.12862282866746,4.742032247631655,3.2927707796415513
-3.378347410129445,-0.936767845204296,4.043813747973866,4.531149890606484,2.054697218456749,0.6372748649931822,1.99269601609481,1.3963778591613143,3.8538955560682457,2.580160362177139,-0.775343687962199,-2.339733819708914,-1.5105880510482725,-0.26282539837897384,-0.4960327594964373,1.0198458962816601,0.431991733712417,0.43912519706722575,0.16060528549073685,1.3973792362057351,0.9733367600741981,2.01633826574797,2.2892175758996958,4.305927712343255,3.3199884314473915,2.468594632215427,2.2877714292683433,2.92358461935955,2.754871881514756,5.101174653768294,6.7720460649941945,5.705417404835295,4.096865744725232,2.5055088098556166
1.814038602987001,3.3376514854287063,3.8659415982623866,3.7893367831058002,2.103800943884566,0.2235258731740902,1.7516357518536385,1.5749823600073423,-0.10322730306442933,-0.7163713787182375,-1.4353259139088899,-0.9586011211259455,-1.1418277327684376,-1.0170524201709006,-0.7680882458157933,2.252310763848109,0.04969201636936936,1.7496660409335654,1.8497332300110554,1.799719066293548,2.1580215766016937,2.7475255470848445,3.374953008103041,2.7406247053185413,2.462629980703211,4.045220409980848,3.0470838064890104,2.893626504159579,2.539386328162036,1.8596548303823819,2.014774409037386,5.687068491794339,4.0876164068486105,0.04606898821943204
0.5886291902594465,2.771836156643875,-0.22499533146433956,1.0037582714608382,1.7400137143692354,-0.10388457914536181,1.2963465957912368,2.158924211621778,0.472520872155811,0.21339801521390794,-0.7927521053922749,-1.6576235532211867,-1.7154043231008147,-0.841699681631458,0.8208515964468124,-0.07443022157184806,0.763976749000496,1.8905230478625077,1.2313893289581708,1.4958774750922572,2.693085434387567,3.4920328956597526,2.60144306784301,3.0628119592411895,2.6726847924830683,3.0333541078435533,3.052623368399829,3.3304034226595656,2.3907771026645017,2.372378742026453,0.7318681678799495,2.432938333606204,7.4864025667312575,2.599934086036054
-2.373763987955369,-0.6899618640739937,-0.15310362843608386,0.039863846448185386,0.38146414060812445,-0.9528795412180769,-0.44888059628903554,-1.9263566587180831,-0.2395771415164248,-1.297740554507986,-2.8950748608680748,-2.3455679544121204,-1.174140832516481,-0.22757813829405393,0.7691622645615043,0.6261173063293235,2.176623534408389,0.9266967612557979,2.5079027754490304,2.3274291581983815,0.9755801895686769,2.4892804990965014,3.2703208053710755,2.562179706200383,2.7618718984097232,3.298524794254361,3.7440639420789097,3.7369514236335246,3.2730313394324604,2.856350067707661,1.3137350936311019,1.4087571544876816,8.402255625325001,7.244935732511619
-0.2696504867038641,-0.8985588164531191,-0.8014099741342257,-1.36123316277925,-1.286082412170859,-1.4181111167594376,-0.44171751315088764,-1.9999789777055967,-1.121114051516933,-2.5954103705527816,-4.246866560854004,-2.7095494315932167,-2.4394186535506184,-0.8449850636231214,0.32073489862843846,1.0678979615118018,1.475458771851198,1.445298980277658,1.5966393589547396,-0.5300996122359211,3.088500413435184,3.716241794606612,4.2137140713018155,2.523190463859239,2.0619571285712754,2.956810998769819,3.142165493343078,3.2906229406799703,2.0699939257053703,2.654286306094997,0.8084864914258103,6.1222733602818895,4.712864531992177,5.421432743191439
-0.782565146644489,-1.1398323737490457,-0.044068675046793834,-1.5372097466195314,-2.1970322066947054,-3.014087086342585,-4.032955074803949,-1.9110642007756398,-1.9584445479805,-3.379520208121192,-3.1649009024570587,-1.5473037050604714,-0.7036621475512508,-0.7323185445414084,2.0523470784448534,2.534346192125173,2.3473527912927534,2.7876929274345668,0.11840995310788104,-0.4322262873997332,4.081769713167713,3.9689773110024826,2.9008903862116107,1.2552583043876484,1.8202152480262968,2.877494645219782,3.06447042763632,-0.20734172245645477,0.6691437123324652,1.770460293061422,0.6782633215013423,5.2701192901706335,5.914448932600425,4.54052331548712
-1.1729991521764478,-1.2522938987798762,-1.9099069466632381,-2.8221104234433536,-4.069901139342958,-3.9446063240939524,-2.576274752332737,-2.528451364200708,-2.5463109193109745,-2.5013872769088903,-2.9061021743785207,-2.644948798946601,-1.462930768539865,0.040603665201105726,2.390951027059494,1.6936109003501278,3.943676012664883,1.9311086257960288,-1.4114773173818864,3.1758473386696604,3.336153177814406,1.9104558734084789,-0.7556149480476189,0.1522836517623975,3.470701645096014,0.5531157001400461,-0.8988819971965725,2.2674844738801014,0.4707015082362735,-2.488876207561844,5.230459991843043,3.966852402141636,4.291418390706584,2.8724804932886876
