script/wind100m.json
{"header": {"parameterCategory": 2, "parameterNumber": 3, "lo1": 6.000198445256149, "la1": 58.999992894266676, "dx": 0.5, "dy": 0.25, "nx": 22, "ny": 24, "refTime": "2024-02-03T17:00:00.000Z"}, "data":
[rows 0 to 23 of 24, columns 0 to 21 of 22]
-1.7470046237648753,-0.6236705330123372,-1.8687764394811153,-1.1594652213484793,-2.6215635341392804,0.8742412362561395,-2.016631207355707,3.669250219423518,-2.7470323592526005,-3.502952763615492,-1.339500691718318,0.8679319614226814,-0.07510126613986712,3.2299911574875306,-0.5344720597894258,-4.263426827459636,-5.518098120960611,2.799243860283356,-1.4458968491365396,-1.6146541939243273,0.2491973564435688,-1.442959203697294
-0.26219674223745437,-2.1408359358557094,-4.2360465792011555,-0.8944550282703978,-1.57719711969835,0.12064024063666193,-5.399355655060386,-2.0495548584071,-1.430591579283279,-3.457411113516426,-2.135119355474776,-1.8030543860472337,6.210386678506535,-1.6728027692893046,7.50835066448109,-5.672190224505939,-1.99081610687443,-2.3314217423554893,-0.4759750285591869,0.40440532923681827,-1.8096303752626555,-0.5835920630147013
-1.2145650393207146,1.5100442187686371,-2.264617996498707,-0.5596999787168665,-1.6712582394507345,-3.0030387441024855,-0.3066022107385434,1.9941278987137276,-0.606972266711391,-2.3514292771592507,-1.8373273118268527,0.9517978111288153,1.5135105479999358,-4.51988282245589,-0.1931540379311466,-1.7863751300360593,-2.1621947701909296,0.18720595760864234,-4.170610269984726,-4.678785289112777,-0.4676992257944323,2.6573344347339356
1.5524677917571361,6.968053756166325,-1.5544893298443625,-2.370137305584784,-0.4390792711399829,-2.364958270616068,-1.5316479990586505,-1.467290928230592,0.7388757173445795,-2.048521757507603,-2.3671986596059256,-0.5247554422661851,-2.853602535422212,-1.9592077265709735,0.44955240197406104,-1.2054068555012873,0.03399526568194767,-1.0049775679689215,-0.044620702807990784,-0.01768819961272255,-0.6923198900939757,-1.3957655707588565
6.6568759320388216,-3.2229511233272703,-5.2928627602600224,-2.682740383227062,-4.095212881729373,-2.1793365983518838,-4.391396514667226,3.0515055278968464,-1.2823774047371719,1.1977278580353956,-1.7280429846282983,-4.7777041046980715,-1.516993790332626,-3.3255433419779683,3.353943560772107,-1.32054353989986,-5.245819413450917,-1.8021546293719317,0.43176459547882273,3.407826995927323,-2.458345996135017,-1.8312975563434546
5.110508079983643,-2.071401858073637,-2.094014435659123,-1.576056484395465,-2.905197556467363,-2.3086881196807068,1.828880583373174,6.445720687210531,-0.23199405595130868,-4.490790093504157,-1.9582447824815825,0.2278253123884328,-1.3764125393741444,-2.3844651115860565,-0.14797660255360823,-1.0067069198161296,5.430331134642959,-3.6494123532605482,-2.968195793142039,-0.13300954909686352,0.06560854663335149,-2.544445413497959
0.6078359156172776,-0.9126698220807137,0.15352148857185288,-4.1408760793111545,-1.7316361725054592,-1.9415279993864554,-0.3142219105333418,-2.295257256446904,-0.6960287835275372,-2.3408833530431776,-4.32594606209675,-2.052363280622354,-0.5413231664137623,-2.3551104845491895,-1.94280421948057,-0.5797386186743447,-0.06259370876703069,-1.028477093593482,-3.862635091226252,1.53898964200227,-3.0299932051691516,0.16356734814921534
6.509315293444975,1.9285716185158623,-2.4008184909961074,-1.4356917774561777,-1.177808480014265,-0.4859939904148325,-2.216337560702044,-1.3266249367900795,-1.2921347210777125,-3.6228783709647208,-0.2121459220612205,-0.6845387842518134,-0.7784256759568715,1.3971909505169882,-4.841566827994744,-0.916158460290639,-1.858550291472581,-1.7764972232898488,-3.192173781198595,-0.7146799688713035,-2.391734687128942,-2.3952201252109693
5.3783724403949575,0.6077053211826008,-4.320288809193201,-2.7104177168622936,3.6466132511891765,-3.4186075658307535,-0.4270659364388649,-1.7061223394969132,-1.472250213141717,-2.2030673744750353,-0.9126283170234404,-3.6273571171500256,-1.4867294408107556,-0.8649716203566039,-5.342109219596414,-1.3243960841955043,-3.6073740902951266,-1.0748494662353532,-0.33974622240433333,-0.612556680731702,-2.94353685960856,-1.1087537317909102
-0.9896953339172907,-1.7895728033601712,-3.179467851310628,-3.138006762799451,-0.9676582515671673,2.1612664066926004,-0.2567390637720662,-1.2174005727258705,6.84442258450939,-3.658036134268879,-0.9522055104688365,-0.7548419779830091,-1.1639281780693556,-1.7680190329707903,-4.146135923677372,-1.4523279107418638,-3.263872674092095,0.20548538334672864,-3.251046281759915,-2.0279054613138747,-2.149387800096632,-2.2415020525063296
-2.86305463339382,-2.2896505115346897,-0.9888425151637401,0.7520469400989642,-1.9000244001210371,6.533938359145852,-2.6403215030854996,3.372274248487767,-1.7961540626964836,-2.52917954772982,-4.605011437190075,0.014088362801261693,3.663486524764319,-1.007231442267269,-1.481959591864694,-2.933337906301601,-3.2023033972374924,-1.9447418002609587,-1.6300468662739596,-1.6367375248310665,-1.904310108642209,-2.7461748846197103
-1.3532297153628732,0.2568736708129245,-1.2606545570948333,-1.9953810309010391,-1.8985128244061382,1.7457232193424717,-2.3114011963573193,-1.8703050211016303,5.935158007316173,-4.780509578490035,-1.111460293726772,-2.7669560639253827,-2.6362248803689785,-3.7277708997257393,-1.5507049899850343,-3.407742925425298,-2.874921313390127,-1.1312886341803552,-1.2088335260647771,0.973339358097235,8.12280413923453,0.6121859543302326
9.062772178025185,-3.089785547084698,-2.495592294749745,-0.8830726802000929,-2.833088895674291,-0.24464560314996522,-4.276704059111997,-1.9863775169857818,-1.853995733953527,-1.0406321181193647,-1.5111311115865258,-0.844119869682767,-0.5971926532177122,-3.345126139044576,-1.3932691246284272,-3.161726730818378,1.2615106246183576,1.922353503732512,-1.165211209625126,-1.0445999571730675,-2.8957519990165177,-4.800691410767869
3.6482744286080147,-4.065392618172646,1.8807551250983672,-0.8990655034312701,-2.176684344703689,-2.169238107683855,-1.7069829032647281,-0.25585805468581313,1.7240966459603035,2.010272044343635,-2.490110999385554,-3.483660837244281,-2.6615006692578107,-0.688366934377197,-3.8953070432542325,-2.235782202530818,2.1685628591164017,2.325885256787756,-2.1977125343117914,2.1492595688286418,1.1451490724483,-2.2457162702047015
1.0170636882594495,-5.189143591193317,-0.7689402485066661,-1.7208829484940131,-0.21418273386892855,-2.2973657891278396,-0.487142072856411,-1.4306798186862377,-3.492055433649163,-3.9180758111703042,-1.1340352947576415,3.311250269611241,0.22901995491780494,-2.8882755333383785,-3.5466205836798683,-1.121252867691752,0.8410748693346135,-1.779000436414208,-0.24141194811874075,-1.8967913847903461,-0.1217564347140143,-5.163459452507543
1.3561817481504224,-1.276599777274168,-1.7437818011269717,-1.4858931404115212,-3.032885481197784,-2.2817515216350555,-3.859375177691269,-0.3292463054493286,1.3853788084182923,-3.0658610389849428,-3.481588906053102,-1.0293588731417027,-2.7985727192088676,-1.7318743536963712,-2.739406743155107,-1.9445552066952128,-1.1669392107280032,-3.9442123587009483,-3.375018863786667,-4.4014929209072235,-1.9626465675531464,-2.357133365011628
-1.4845593863564528,-2.658393572828312,-0.23583453679527028,-3.8470238134413317,-0.35013905397435285,-0.9953861151580632,-1.3283776833419212,-1.8461449698284804,-0.7663957359493736,-2.9223201042121216,-0.07792353431127699,-0.5301488410711097,0.9018186504627811,-3.1320598483727453,-1.9919641331108109,-6.23847699363727,-2.5956653971376906,-1.3286876625652495,-1.8851524555275492,-0.47492784080804556,1.866151262823274,-5.880863902573048
-2.9791567816826356,-1.537464558128531,0.09870673544335479,-3.8097216291717064,-2.444400867198618,4.748871307776132,-1.9283445748651078,-1.430812253292239,0.0458702627672849,2.913053793961683,-1.9502411927979915,-2.256138284512724,-1.1027096192173993,-1.0038879371874792,-2.3980558834463186,-0.6194697979911082,0.026356493955670586,-4.687831234149285,-0.9938642293818872,0.9327203424465499,-1.8623977683799322,1.7759127413524847
-3.38333959270127,-3.8094411066849103,-3.6930698287205375,-1.7272236034370072,-0.9728774544993483,-1.3393177146786093,1.1897074891166974,-5.731602842700259,4.077971868079944,1.2815104008809088,-2.8438581048341898,-2.199964380734931,-2.172717310726447,1.8637783022192271,-1.465165210495435,1.6751946883527051,0.9876907613767886,-3.711912592380285,0.4797066113900485,-3.801534871131512,-1.1940903126763607,-2.229102817573959
0.8614643371147537,-0.06926860813006991,4.691309265575929,-2.652273830531784,-3.3605700587037792,-4.419226788351541,-1.8075826039794864,-0.5621255250314912,-0.7135734408481119,-2.976893469924028,-3.260207655272663,-2.874616535442282,-0.21121081753378057,2.630676311061136,-1.2113229315635519,-4.489837486026011,-2.4882208542644575,1.2960057643745382,-0.8955306873779756,-1.3563240563917651,-4.03540736097864,-2.922523946995571
3.9070606047466097,-4.364419761294397,1.3943725729279284,-1.9205898089469113,-0.26302679264227447,-4.736761807912656,-1.6206896119342218,-1.2080170480858248,0.16087144144102755,0.5882416301031349,-2.4234828195275506,-1.184891513450268,-2.355818213897014,-1.505869605001669,-2.8467825892656733,0.3108376123724338,-4.378853841034101,3.9691558110513396,-2.3082450307180262,-0.5535458921438514,-1.3347328691452458,-2.1218611248424937
-0.07488313164303247,-3.1420972037970434,-1.4990001311921024,-1.1993634205449057,-0.7276828612506238,-3.239111419170629,-0.4797355974600633,-2.3712923118436113,1.992330092453688,-1.649144435353906,-1.2222030574373115,-0.13871002703297136,1.1193774201248081,-2.5273242625274137,3.1484097297750844,-1.698958853807342,0.6733589882005951,-0.7371850148597902,-0.22472444064838354,-4.435789110192125,-1.6989147239939841,-2.2860814287700215
6.467192133611895,-5.480298815778722,-5.488600894991762,-0.5066027988731004,-1.795804959625354,-3.4134977446468686,1.2158522084981327,1.4639506343035038,-1.9538294936147513,-1.3464464352170729,-0.20283103642410247,-1.2989510396045367,-4.576262515822264,0.6980433581747575,-0.9926046676568131,-0.6183066144480893,-3.485690716596732,-0.991471712001337,0.32969758420296896,-1.1497792357358496,-4.189814453155102,-0.35891290059862296
-2.4106853309646894,-0.911327784409017,0.6210469474503333,-0.12906340067707825,-0.5201808191191659,-3.9459500991734076,6.4516739962578065,0.1853201436383252,1.1458197828769086,-2.1620041272000505,0.7213435452142429,-1.1581326181951208,-1.3401522914907276,-4.634248986108416,-2.180466592719898,0.4013725806177414,-3.9434919687404415,-4.219970496378506,-1.0471970667538564,-2.241540551611563,-2.096721707235472,-1.5624547341104116
