script/wind100m.json
{"header": {"parameterCategory": 2, "parameterNumber": 3, "lo1": 3.000054539987559, "la1": 64.9999836372058, "dx": 0.5, "dy": 0.25, "nx": 34, "ny": 52, "refTime": "2026-02-25T23:00:00.000Z"}, "data":
[rows 25 to 49 of 52, columns 0 to 33 of 34]
11.369029742248614,11.499776562360896,12.183588089662988,12.588534875663225,13.086490807219723,11.348170426743716,10.58388210217909,7.176732880290284,6.349090084182909,2.47920729919645,4.053794382202096,1.6182846956901962,2.759443247967086,6.1534012693839655,11.189342609170197,16.304677978357148,17.77211400310229,8.255028674404814,9.116118523788847,7.427205631322804,13.107240964932076,12.06907532764148,8.454970092317183,7.217179475967901,8.227990587911544,6.115225613135411,7.205869654457002,6.091166351218068,5.506403732086614,11.313587310102358,14.461213131780765,15.444663957747732,15.060809257239683,15.430226242771248
11.50987920316228,12.023636676032401,12.473645468295533,12.3769282534737,12.402826050070514,9.724375698876836,5.296713813174359,4.6628364054631515,2.452399554006781,2.124801760599656,3.1193377517413072,3.1421899745151287,2.011134900009767,7.972058845884533,14.310547274545183,17.66859977448063,18.1127292331558,8.477249768810204,9.682982135955035,10.599203341465923,11.255334476125466,9.988288045415446,8.002726716230255,11.754403977289561,8.210533868055435,6.880521712064064,7.165508203626466,7.065987883832455,10.37741748138635,16.718266977483292,17.31882543585257,16.940474699858402,15.156659832783314,15.979127143344613
12.075421545469604,12.968386743748454,13.116272022437112,12.32807743067449,11.696699983479457,11.15102878030647,8.688137229606863,4.944495211800669,3.927093837282575,2.047073570292422,3.1382400112634854,4.9375814622065395,8.55393718043478,14.849693394604648,15.055101621065255,16.75697411924668,18.21340925098489,12.225070647707282,10.022282675352308,8.62268133029867,11.156609733209416,9.099086112538773,6.27169419549239,14.46231116443831,7.586284955609471,7.127130209108864,7.180949392805986,7.204715291695845,11.344301253792205,16.40233931528321,17.074491485736985,16.604356490414258,14.345362568755407,15.640011182948495
12.493637773776989,12.952366789058502,13.38553944061984,12.873273038026307,11.82924590570071,11.70254232504321,10.033846223077868,8.495357430401873,6.03605729589037,5.75883728400497,10.866613610592594,12.202588798407582,11.985659487501996,14.03729497965176,14.644252499165345,16.401007984666435,18.55076436653589,17.77185985041585,9.78432713155061,9.877893302179222,9.187476446906636,9.125435306244901,7.849499671747395,8.09939440977966,7.60076546963207,6.072707180171875,7.081420551336647,6.599362239739198,12.715528987143289,15.589502976297128,16.611591016017154,13.922514020276235,11.764767554719247,14.79014214116098
12.673877885604874,13.205404506944078,13.512885881421198,13.024688941069746,12.529927428445868,11.924356260776449,10.560799557707666,10.374754034521303,10.30849090857624,10.057478566863182,10.306180573183294,10.584744299711454,12.189348786281942,13.519720601633388,13.953705809107884,14.703837765919213,17.641073992125367,17.21917642522391,9.698095918990061,8.305388678040806,9.39992325308306,9.485969322677327,7.847234948636515,7.556906174656434,8.728048959134188,6.757447917403366,6.019400517574629,6.119864096432887,12.491187500184875,14.725541884024,14.7323876411654,9.667099152933346,13.454979972082956,13.028043779854992
12.468994112942388,13.082263645964455,12.957678545889914,13.164822728611867,12.250344606641688,11.833539163545186,10.912179437014437,10.744340832803703,11.638604612287079,11.665173200304976,11.737873405668294,12.237669702999721,10.703877451688113,12.590283799240973,11.820264816896815,13.547193105063288,16.352093042878675,16.49649806735401,11.069243369555016,7.219043539787462,7.187759768695439,6.70387876372119,7.471854021099362,7.9384174433194294,6.646536199292828,6.066930233277523,5.6489162219912314,6.477394950157506,14.436613335411554,12.917675509355455,12.970110661908397,7.962029113282959,12.416433158814648,12.096929827954671
12.579379431852042,12.419903694788452,12.236787574770492,12.375084880381841,11.939323068185129,11.967155687329072,11.459252523715138,11.201442281312316,10.90835541370594,11.490550914934076,12.769928282300214,13.402379520558814,8.628660645690475,11.027530944019064,11.329805518637366,13.039513443716615,13.026426877109733,15.224588837956697,16.062838507209893,8.775964655874708,6.213481157984644,5.8684476088698885,7.176785305563912,6.869706440685498,7.990013767558577,6.3489332948406325,6.347256999579996,7.446245223093063,8.099951407114801,13.625047524110373,13.174131698479298,8.243008650904176,11.605610488950177,11.559658827967429
12.81025120536214,12.279986475463401,11.787109671492798,12.077535749901681,12.059623735365419,11.537275507430854,11.23228953215452,10.789470362855658,11.217336149133784,11.760198336136005,13.050676750215915,7.253475887243028,11.171520286543913,12.383074192584731,10.343147851906076,15.17073629075516,16.59658797508693,13.742670834931912,15.045757013774905,8.272152746605014,7.367522809607061,6.946397568560309,7.400119458293985,6.375825238088286,7.142943342601726,6.246169313476637,6.2467816420703635,8.972769349716,12.885991560418514,14.021983534438203,13.58078450756186,12.317027368781098,11.68805544542892,10.877490136072579
12.735650862825068,11.963487622322958,11.47687060391076,11.465195205470401,10.677366338074892,10.609146618519965,11.302148557679187,11.047431899387531,11.655981111160477,12.57455387788895,13.963505831807693,8.815833361163126,9.895259535399443,10.543471893560566,9.546723055148462,13.148831356887047,15.414931379812757,14.028419766402823,15.674229337337806,12.96856265107284,7.726219612398587,8.086922897986714,6.495662234879748,6.313647616680077,6.474967822612289,6.322612451677775,5.496677638424512,9.963402679651102,12.85862382878048,12.98253167834867,12.834107075944086,12.876673481016521,11.934211531304854,11.750500486899037
12.292037395656086,12.057295763200152,12.161471919482874,12.306533337158298,11.532374883642172,11.779770983812707,11.45146408930755,11.091001404547915,11.414854270366408,12.349754080952124,14.770159968571852,8.914961315734391,8.983243552843627,9.816987130551121,9.684192959071863,11.259223303672488,13.122924662093368,16.046523019343397,14.133082162469716,14.730692753496516,8.778042970384835,5.856832565038727,7.168688460841076,7.338851416847172,7.186129117923125,6.584002604647904,5.559830152010567,9.185759942349547,12.674529978152094,12.867991593424513,12.318275681353313,11.610051171817183,10.894353147260963,9.571843185794695
11.857336961831365,11.512231375431458,12.545063055677378,12.539120087213615,12.587983839230237,13.132410276596996,11.860131450476185,11.399996833507272,10.691435870597415,12.094150284324918,14.389548832768385,8.497184099615408,9.343073318143466,8.966623367179862,9.75089864804524,12.572920184923865,15.219148859098585,14.74884240264975,13.455644552634247,11.765191450429512,7.496975153622438,7.10622476189617,5.041517400043437,6.339667789943065,5.939744712021628,6.802628156701056,8.49522786914322,12.659632340133903,12.492869152924378,12.079832461033968,11.941488159416284,10.66495733005199,8.995989539898735,8.904248436238507
12.527686513992045,12.047017980120375,12.559514007514007,12.500887406261494,12.743963362121248,14.176165316767623,11.529178296964455,11.055823185968343,10.205532391094872,12.356204390597544,14.436947963323387,8.767625350326108,8.495097881991875,8.619781715308823,9.864364176750346,14.223637740109885,15.88533999192744,11.145652856364922,8.914296025929238,8.691039953485971,9.282399060678191,9.14213631570549,6.667398079776079,8.307670400139624,9.67793669304582,10.98534152125297,12.459279771507594,13.026358400991638,12.619086163235416,11.601086360114618,10.87477853517414,10.082449563578768,8.922437599694037,9.345039823845497
13.11099353507175,11.89519474504457,11.513664094098184,12.549342160588886,13.289094762040019,13.03744410076451,9.888442473279087,10.092212427216857,10.066239022063892,11.250165638175528,14.19952154828421,9.392481348301692,8.63790031078856,7.141574174935792,9.746226469158245,12.968708176697781,14.843825556256997,8.202585548165908,8.559020032318106,8.41136834045772,8.812564971336162,8.805462644966704,7.764789411047601,11.740879473633116,11.823190271377213,12.838974251475689,12.269462926832233,12.431541831001539,11.906686297116744,10.789650784741184,10.736452931449346,9.370282027456716,8.98435392955789,9.025416395100338
12.689676172204473,12.728125105047173,12.052384337732091,12.433753027637266,11.76486368239728,11.486285105089406,8.818024644184137,8.147524103849493,10.551235455601269,11.019772539556506,13.556250107519885,10.351992126138619,8.865740129870982,6.845867559534256,10.128606153094143,10.364181190876646,15.401607979463824,10.131954910709899,8.386207654619911,11.657045708314868,9.610572295048518,7.111414044075299,10.635781328807854,14.082709869213385,11.220716449255136,14.032051341609753,11.950351441486122,11.435610817329563,10.815834663719356,10.284365328066047,10.426131424547862,9.99451828025948,8.787017170636581,9.31618646070806
13.31740132814339,13.047463272497115,12.67206157496407,11.897483713311832,12.026563208822274,9.824267190611037,7.687452270406524,8.376855085350751,8.403394693297425,12.113540328764959,13.891417433612457,14.51184745262664,8.602446618904802,8.977580902185457,11.633681645057079,11.37556258419493,14.808725218304682,9.838735042506599,11.092437370868929,11.365438988584252,12.379103873359023,13.714453595963272,15.319370461317684,15.374619513763859,8.543231493712529,13.186290454408784,12.748032376161138,11.238997486885228,10.803041235808566,10.101447612786247,9.717114715316534,9.825189005743978,8.831788612295796,7.70565956566678
12.376334814502233,12.254207616579208,12.828469962482483,12.504129247510319,11.017483147803636,9.588678041225252,8.663396971120104,7.763978626844847,10.215640989504932,13.507081927425492,14.395291123545771,14.806408735638755,9.787853684280385,10.063098915270078,11.642392759351333,12.453121872914299,11.99518891479201,10.687618447817163,11.429368801660447,12.777441195682165,12.930879071217433,13.91493080948011,16.090379019531248,15.018368546586018,10.727445740982965,12.499806452267347,11.927849873099005,11.657921654731997,11.240068858169984,10.306474423120331,9.146672144327713,10.183281800877587,8.812744966393655,7.0113613754398
13.157536945668483,12.609098537052493,11.281014117005272,11.51019004623706,9.430709196856169,8.534703709416243,8.16279844037005,10.9351008603289,12.07269702691224,13.210794481870504,14.30923353418788,14.16377619453618,10.013308626221182,11.08892367568736,10.134234915802338,11.193515419166753,11.587534667979723,11.105674301657539,10.097588358885258,13.485665208398132,15.439981616677285,14.563326452368392,15.755988544987035,15.323717975276862,13.752340919169193,11.553025074255084,10.884463619046208,9.996246683665412,9.550246604885642,7.4505525723177914,7.29736019694507,8.55472581882989,8.092164204285956,6.202389139294736
13.827601860376749,11.851204882198385,9.923313810573019,9.584931979441311,8.683390643514423,9.40039366742473,11.098434600018669,11.581319178883458,12.708458167948661,13.459308431017629,13.76134203407151,14.53353268024616,11.647393668131269,9.860623855575568,10.157727515886602,10.120051494763633,13.141715136939217,12.254948362102146,15.11490377960189,12.49886621009398,11.914654952800909,9.324549632085978,14.945071023322567,13.99333220384156,13.056499484317897,11.316388983950404,10.733999311270795,9.133451425570561,7.810274121502712,9.043031875971066,8.926500940246946,7.277788201754625,7.100762781138368,4.474008722301109
10.875706271392753,10.18426407360924,9.947147963118905,9.262887467669252,11.058758932239401,10.845063814530272,11.461249259041855,12.474161657226976,12.540836570461671,12.998461677640158,13.042562964119035,14.0298002741136,11.048027103982818,10.466012421789863,8.541390860708274,9.260481742589187,10.324037105884937,15.110321076020226,13.138450540096455,10.01985815123229,10.672000957872187,11.980155637890563,12.578655409333544,13.438263874278027,12.396306023808265,11.37594486412431,10.030019160332099,8.802279745697588,8.285825487354415,7.22720467574795,8.417005432390209,7.738285058654974,7.530302269340281,8.469166347679721
9.38171229543791,9.261047975610186,11.199956438980008,11.263503043167646,11.623141404879183,12.865874107587755,12.474337784688093,12.42876981214051,12.67302005055146,12.736724720732553,12.490565177274165,13.525868106159889,11.491234221269716,9.58510511066143,10.195670825785248,11.127808384598291,13.275819697373574,12.376110989433197,9.72337724844935,10.814779258067778,9.380447378324934,10.696106455525197,11.549337309930085,11.650044181886738,9.50318258174778,10.264044489252026,7.925238482831538,8.348908261360727,7.476893975207143,6.418720580459663,5.736625277494126,7.435142817578999,9.295967977724757,9.408228560435822
10.224283264655941,10.869445269086013,11.876344736735012,12.4422806274574,13.109266738976148,12.689251070062003,13.037292180640534,13.073221442294512,12.61092041384294,11.614467173362499,11.464062813314543,12.339917975473186,11.460306454185595,10.551112372956647,8.916877846198377,11.375759488846326,11.456866759241322,10.798681971652488,11.695343752961463,12.443355945705019,11.795356375723856,9.698996072036763,10.01008822853026,11.609614207511123,8.997908334946523,8.396534653536197,11.546167750269584,8.167929182051447,7.19606366687429,6.723005684927461,6.15794253719276,8.131808884125785,8.477706684649833,8.531342091249414
11.053590726259527,11.555046182641,13.279809454867118,13.134315010972268,13.196385170212631,12.856885596178653,12.10094549477012,11.75669643378582,12.690050029440183,10.942567275691596,10.129737502618319,11.092896797898195,10.228287621896369,10.373270440661754,7.535256556272607,9.245331518286724,9.96972020696225,8.857947655033898,9.991213164265236,9.23533868003878,10.032029506772885,11.976087187929917,10.502156043531032,10.924186164510445,9.536721376495858,9.175092326364187,8.091376130985147,7.868993942896031,8.543085132204029,7.135127680740743,6.567607303895675,6.043470469213607,7.443874108174291,7.46485773763072
10.898093265315707,11.952678400520357,13.378543894976554,13.859292483541878,11.21273314172089,10.701573223922457,10.558874144197294,10.391481347614874,10.968612682626658,10.519611727031357,10.269918780114494,10.13323856167034,10.943042579498997,10.622929318323184,9.87714095236702,10.26072896869288,8.477488405682813,8.16732438055325,9.434150550079393,9.801892587826547,8.327149966966765,8.90955818061114,10.046541641462102,7.951094793567625,8.46189443051431,7.283238659228801,7.144900959922157,8.831731499608436,7.713290092736687,7.690957742368236,6.845985689549754,7.474905615036119,7.112081149484874,6.998751673936498
10.747737051077523,12.919583337744832,13.159013810355544,13.981090990095256,11.051084096794991,11.059192810035533,10.864742020469645,10.417354898038607,10.194450178060626,10.090991063961471,10.43795831693748,11.574693840187074,9.527140989768018,10.101800781683913,8.505982242837186,8.36702910942197,8.164019933662487,8.046197816684275,7.892768186434699,8.39970471488675,8.032078696730162,8.331299878499212,9.267071102225433,7.508956649206943,8.902670195488112,8.582818194337579,7.096432654740591,6.988807672371527,8.707465182974131,8.72574426044013,7.449154170883106,6.708626508511881,6.650723685097422,6.744687511843444
11.088249734920712,11.961439114013231,13.833535236028768,13.318803863065718,10.372715253135912,11.758686793445005,10.923720312774005,10.385372860325097,10.123438546553405,9.88455177502593,9.595933905726397,10.00005771272199,12.035563678459608,9.18522739510042,8.357126717029802,10.14461690638134,9.88264954176566,9.278684826467298,9.54292139980769,8.032271202134869,8.457610368240227,9.367504878106049,8.504346590500028,7.9769585542096255,8.06870725164253,6.55701205349367,7.626042264393787,7.203606987245163,7.4489808843680585,7.146862418094329,7.769397769855288,7.757293139440119,5.968963377418391,6.19979809084605
