script/wind250m.json
[{"header": {"parameterCategory": 2, "parameterNumber": 2, "lo1": 6.000198445256149, "la1": 58.999992894266676, "dx": 0.5, "dy": 0.25, "nx": 22, "ny": 24, "refTime": "2024-01-24T04:00:00.000Z"}, "data": [25.116316527296398, 28.527261141156092, 6.738445860576949, 6.5644908043272086, 24.20888002912095, 21.25965974081661, 22.71136227202511, 5.833624965966555, 14.948311058048944, 21.079037367686528, 22.72446369321913, 19.553832867500546, 6.87444763270256, 17.70101866545536, 11.507711065374304, 17.934691973244714, 23.335823023349267, 7.827582235432385, 24.883593590878757, 23.55973462261933, 25.715840831858557, 13.900911341508696, 15.411856841058809, 5.8625498604207085, 13.223874541372338, 12.008299012741297, 23.429317152127393, 9.821254661116265, 24.38396361552498, 10.36769387757519, 26.274096113431902, 3.237062531168028, 19.588681298189133, 24.423888735649644, 13.412306477142451, 6.958031205499175, 4.629035459688652, 18.96882366778942, 9.502410720007253, 22.87552908507526, 22.589009559315432, 25.342438005787542, 23.79368955558809, -3.935687896645948, 25.564575932607795, 10.242483983532694, 7.315142020729896, 18.31908624535974, 25.760767474508548, 10.411720828533124, 4.203309067861663, 14.799898419212576, 27.545021928585303, 25.519058624857323, 26.36688973705008, 8.960958064622872, 4.243504151247516, 21.566577174090096, 24.655651554756652, -4.393651712914197, 24.926453541430277, 24.281174277793948, 9.45943023328761, 22.40049437265224, 20.665567174973354, 19.452293319408565, 25.4607482315994, 8.531474713622789, 19.8002832373145, 16.708046444779256, 25.486481641118317, 17.921524411949765, 6.875386223612014, 22.554453436175127, 25.27385452657158, 23.760607690285138, 24.02605283732328, 23.857662222317053, -7.945580716846584, 5.363045387844079, 9.214611416990033, 26.362675409144572, 7.955688327072743, 15.459226647638527, 27.99214048028085, 25.846742647488544, 6.986411360192962, 5.406087218371425, 18.294698457069167, 21.10272102959366, -5.959765368094493, 27.32302433974789, 3.9505160086511113, 8.792304370238261, 24.178572599932686, 4.404412364359904, 22.031310491056974, 17.672919227857815, 21.282101178419286, 14.872504071104638, 9.324089665361477, -7.065924746634568, 0.19564635784419535, 25.95542654325914, 26.495887383047318, 9.24548153969199, 26.636887567421695, 24.873701774713698, 22.376068793725466, 8.730037599389432, 21.24773302192559, 21.827335153203954, -6.029423487844701, 22.424585755974064, 19.24546970392072, 19.75468002214389, 8.943185865285562, 7.386337972999207, 7.4736170120100756, 25.65572794133377, 27.174127200647554, 12.09915929759489, 22.368047195901358, 8.942757809361709, 7.250053368529542, -2.5064303995543633, -5.021316824332925, 15.99393713037688, 25.682764655844732, -4.5934530722223155, 22.669581152925023, -0.8146882635335935, 11.026182109942665, 13.56380150125876, 15.384366010054432, 12.531276837361709, 19.588532275933876, -5.1873946850084, 22.813940684196737, 5.5422935211825, 5.027871210326936, 5.381785618519552, 5.241951977568964, 19.11689205809346, 22.247791162237146, 24.16467587715436, 13.389755123378535, 10.962049783077427, 0.45313692387781845, 8.94809310474115, 25.000471552127355, 13.398284831506073, 17.345775642654228, 21.516945757420693, 24.8590792851033, -4.553304638097494, 21.660818058405315, 25.27445350161544, 18.919724995533073, 24.981796699416037, -2.2061069959934234, 9.762641049727144, 10.491327913018475, 20.938253501693577, 14.186327605658352, 9.434455622762712, 24.93712239583428, 9.823830914223684, 21.933950447045373, 12.593540092642353, 26.786746357243338, 23.8750471974246, -6.56943202877268, 7.328297332384553, 7.476560041958135, 26.38299621969981, 19.88503960160015, 23.181581836090988, 26.142188290001865, 22.59289024600931, 3.366105135602349, 7.752352549582192, 24.382153827844895, 18.373709799725134, 23.357783868261752, 22.292805493486238, 21.64582967724657, 30.21009539021447, 23.723369735431707, 26.157900019731393, 18.547787656786305, 12.979589569008066, 15.60501787532513, 24.245519997693055, 9.818349541737971, 23.24227335941623, 24.346096063416898, 23.873734470236688, 20.094973422460335, 24.92349372098554, 10.877162714276206, 21.1642586947824, 8.760404918663387, 15.24293290767099, 19.69781152924233, 14.15398400063442, 3.458129773346119, 5.858430848638963, 6.18105291099641, 21.576483136051195, 24.33230376318048, 9.518774162695927, 24.481713227713744, 23.303448730271906, 24.832777066354645, 13.540578077561742, 3.5684595570956783, 2.5202685793981052, 18.507433456039756, 22.937860419839634, 22.63622460629438, 24.983467142381194, 24.64994706207497, 6.2105992836003505, 2.7036647644873057, 19.49370686872761, 4.408400111763347, 18.096808675465798, 11.348042670209955, 2.362254618480531, 24.470517533593075, 5.209590032821375, 7.161703711977678, 9.938484225806047, 14.397557818263685, 3.9460438530345785, 24.335250314619785, 3.952741813146788, 11.263193822822252, 14.490824432137968, 22.81783586108654, 26.86696545999837, 15.256813397077774, 11.76585674089975, 6.278420267089345, 19.999288156820718, -5.058828297176085, 23.275749544973447, 11.915056873669318, 17.901438094490167, 14.552924396450814, 21.975718993452837, 9.44001045416121, 3.755130431688232, 7.166933875823958, 19.577056056911566, 22.149696581384106, 1.8193432482086576, 24.1367716662445, 17.003568774323607, 5.7141173651290496, 25.106280653388694, 13.402631304083886, 7.8344358775556975, 2.8700828767610376, 20.479843422307212, 6.437385701984276, 9.121527756488028, 1.7209113580877606, 6.579716938615406, 9.39772504814579, 10.750302804251021, 25.538194695982185, 13.526322363352897, 16.75957018984268, 25.421564862295604, 22.622512690359063, 26.721988082367098, 25.506755325784866, 22.813830404251426, 24.11625454769705, 12.838095005757394, 25.2748754669417, 26.46936053595717, 18.818362571117728, 18.076920531417265, 25.645858820424877, 8.102478839942078, 15.608508729673295, 10.855230115063996, 23.351781784591015, 9.352608443866583, 25.03279403159093, 11.488014335573544, 20.900123836443516, 9.100364124074298, 0.9811259284251208, 1.8305762911532504, 11.6076874005961, 15.638468671715293, 24.04667265973584, -5.3138281451699845, 10.380449484909185, 7.634148731884573, 19.997635759122524, 25.485288747392307, 9.241323816254233, 1.6510388684665394, 3.534800558904121, 3.7369557569164846, 11.517457619855497, 13.016116257428381, 8.796943972882831, 11.810199415613912, 15.882338413346229, 25.445106949003574, 24.695028091561863, -3.157529569884654, 25.472183739942462, 11.347858317860256, 24.236704412213165, 22.596855016329236, 3.4602492533673135, 19.14557871515275, 23.89824016159361, -7.529406056191201, 3.4873678150683642, 13.391344478824399, 18.348088821604684, -0.5501080457354924, 26.174042910204072, 22.02768798480942, 19.783736035983935, 6.31392463569181, 26.930248548041614, 4.002945238254338, 14.584742584023417, 24.043196284843372, 3.1722760294504413, 9.264547818063955, 24.559327196698387, 22.366636290873984, 6.4723605389848915, 22.94037060800805, 7.656004765509574, 8.456546527919828, 10.940903515407848, 25.915238548679035, 4.156671366428362, 23.362682288696906, 26.68340006550689, -2.825529829374328, 11.8931432396954, 24.279066739240623, 10.22850914234724, 13.898070804985727, -1.392383443958252, 12.657010178652131, 26.524891012952367, 25.73802784906039, 23.045301206729093, -2.6700462903746334, 19.893625561836334, 12.798798324846148, 22.096351016550603, -2.1991940588064858, 2.212023752252648, 24.23857672310519, 10.922682458802702, 0.5661942526817781, 6.3988494318341225, 9.595816078086678, 24.05092611338038, 6.749799032691002, 27.45504024222494, 24.70757926726876, 8.931536702079532, 22.171261047953106, 11.020954094248108, -4.2185758223506244, 21.591939276869418, 25.051180298461247, 14.689989891247544, 15.18436985547422, 12.834936700635684, -0.5103710599173334, 23.51922381865761, 17.41781922044338, 25.62798488977321, 25.38401853812442, 25.644002528070082, 19.751999407256562, 14.316681376555774, 26.422211141947187, 7.918131968990111, 9.558413511146055, 5.808466367934525, 26.031415636674936, 5.93995452199758, 26.16285201958846, 26.41864406403613, 25.25560163710574, 20.40946489366138, 7.309027667882304, 25.496058872679836, 21.077563704476084, 26.693980293510336, 8.34285552215961, 0.8258694391706687, 14.832175255824861, 24.875818562254338, 24.06764900262806, 12.631201581205174, 21.088268597826723, 6.149484953986512, 3.168755535988059, 24.600070472583084, 12.812151684253065, 28.146523714050936, 24.644882611575877, 18.337023718731338, 26.88725843064555, 22.894448067059916, 24.542106437025, 21.660633002582134, 25.172982733504053, 12.037464354625175, -2.5511107253965455, 23.01807532402181, 12.047104659441098, 22.554997255215813, 20.93042525559424, 15.071905804133971, 26.258940252003992, 21.73929071908263, 24.18276432646259, -5.761241629881839, 26.604225031508932, 25.85769680517962, 14.294965955678695, 24.446564945105944, 18.266386316453566, 6.738459705966257, -2.0028613778758957, 4.9998517270393235, 25.22845113846168, 24.47583675895004, 13.714914026016768, 7.757226994056384, 28.371822674383115, 14.856322687841926, 1.1141796690109638, 28.443215098728874, 6.125885691411154, 23.74206485855163, 11.503007078240085, 26.691776221762417, -8.172249406812334, 27.76313845345461, 17.337523992035567, 1.3116759923899257, 7.725954990074402, 23.036614066332255, 16.353985700780434, 24.71956759176823, 1.1552858919117814, 22.650376153810207, 18.1889822021394, 7.239920966261553, 22.126885013025458, 7.449818391946474, 13.072745775765316, 19.43371512699402, 28.956812207500807, 14.7196931790567, 24.547938058110432, 23.368974459481443, 20.524228421546965, 9.287735373950479, 13.895207271841121, 12.0208368298583, 25.802692091560182, 5.862054793159085, -3.7706300274413596, 20.743112561869278, 21.48363010784217, 18.261773649490518, 4.263907759175357, 27.02638736517319, 25.63432689365055, 10.379643292645389, 13.352705642617462, 19.61115608347069, 26.302376251874424, 10.491164247522686, 25.803864025808295, 14.682678874649287, 3.7977279223142046, 24.020535490346635, 24.962605268208428, 24.7088495683749, 20.930776475430296, 26.822651678955314, 13.582374220690024, 6.371477452639087, 15.58290829023957, 26.501622007012198, 25.665860808304064, 13.290712069100255, 3.0039958456259535, 25.416298769093032, 25.31904902594785, 9.001354431204312, 25.28570327231046, 22.25869378784345, -4.13843043324106, 5.1839834220096614, 2.731501939855673, 11.717684478203271, 0.4896190904745999, 15.952143659671203, 11.598326698230219, 16.33311477013448, 10.916510755997761, 28.121739725551805, -0.07026161087662748, 15.068173742565559, 8.944006104166434]}, {"header": {"parameterCategory": 2, "parameterNumber": 3, "lo1": 6.000198445256149, "la1": 58.999992894266676, "dx": 0.5, "dy": 0.25, "nx": 22, "ny": 24, "refTime": "2024-01-24T04:00:00.000Z"}, "data": [4.898626894436537, 9.963783612932549, 12.822600802810955, 20.669889411414825, 10.124774146727844, 8.696205594151275, 4.638983951332639, 12.46748608602431, 18.051194393568082, 2.247379175258215, 7.809600753713207, 6.559466381348886, 14.93104743259014, 7.603291888927606, 4.128201827532706, 4.977288446646383, 7.983835924793974, 13.389770074224588, 7.142839793488079, 5.04177608404247, 9.534470386527264, 7.266449880861968, 2.62998365383157, 14.680227030756365, 10.083973301036895, 5.9241676242631165, 3.882758705336123, 22.028546825887346, 7.477350413942623, 21.399052805674668, 8.89647525950395, 11.955404786801358, 7.220588483279454, 4.547689844513856, 9.578250427398306, 12.251008366246753, 13.679562180144677, 4.691816918757553, 22.044148620728407, 4.489699421783359, 4.9874298417580585, 4.821481473105071, 7.053049814588674, 10.942285916771992, 10.560983591709178, 22.14617312546908, 11.52770766872307, 4.891526494346934, 5.145109247418816, 11.493690266001995, 11.944801367157693, 2.832144574461985, 11.312164069115553, 7.316346267067584, 11.665031893514785, 15.13444958810991, 13.70092682101782, 15.95160050145034, 4.479423826313968, 10.863356739563958, 7.363164635059283, 7.722059300825659, 15.216172954144687, 2.6016102184683327, 8.11898313365596, 3.7882533810882304, 8.083189590095312, 21.466946531252024, 13.47386755115072, 9.41510442767865, 11.56357833667052, 9.400618726805625, 15.287017715132093, 8.690284437868414, 7.457712624718401, 6.580061039765659, 5.091815186133268, 7.6646679008431144, 9.32005949839069, 15.365040008191619, 20.41520786764479, 10.067999956750539, 10.973868276305799, 16.321678756930694, 12.127427026950794, 4.766641445453938, 15.75276724700744, 11.90969786841779, 3.857654248554065, 7.978112281706207, 12.617208025612053, 4.006793153369477, 13.689579485543797, 13.577331197311434, 10.226108349179933, 13.377496851020144, 8.584641231222921, 7.423503944104287, 6.924032992148207, 8.196601103769451, 20.74607601051142, 8.105799878662344, 11.575793389332176, 7.180309617773745, 10.34211599207417, 15.463092314020292, 10.171311751795503, 7.618024913913187, 7.862401621377743, 17.310270856302726, 7.450044394412363, 7.319049741091549, 8.768577763709642, 5.364949660310486, 6.147700189783775, 4.464593328349124, 22.303595647137957, 20.58217074149934, 11.820848855414505, 11.522574270489347, 5.431873962390752, 15.645109208077313, 9.802159496309779, 3.8099126495374205, 12.191734067199718, 13.14771474935447, 12.467223145640613, 6.678073373434082, 6.713207002482483, 11.349144751027696, 3.5805166457716613, 12.14438193094478, 14.891113371136987, 9.933448738403632, 18.995628786951354, 8.534585827337121, 8.353947157518762, 15.472892194439936, 3.6193678668433336, 14.970145535361228, 12.67509766738239, 14.905332021478504, 11.954905317500133, 14.180423041631418, 3.9670927882269957, 7.356617864030371, 12.604725189802132, 14.543420282419095, 12.554362710172093, 14.298653763035672, 7.974614962122523, 10.228814895368796, 3.732909279292156, 13.053749710372214, 7.888358979211625, 12.401056392826984, 10.8484873440244, 2.684149791363445, 6.748183127685626, 10.857734905786655, 11.883982716195888, 22.129451511718237, 18.33960480640375, 10.544984623457827, 7.86811255599876, 20.621318467823826, 10.84300131204284, 13.884090550160925, 7.955213325583699, 13.569135311650413, 6.406424157273503, 2.0439912689196484, 12.427090819594783, 21.454949904053393, 21.779844771665076, 10.1474299867577, 7.303047423910985, 7.6365517641566525, 6.796772689965161, 5.393650908609278, 12.774311240224145, 12.690181996928995, 2.0913444354659267, 17.8824845251362, 3.4480043628523815, 5.614803244999723, 6.784466771000529, 9.301177684164559, 7.793781483733965, 11.120353435502585, 9.959206610414457, 21.03649164088361, 14.310022006625555, 6.2706944203243635, 14.769454772051064, 4.182215931713315, 7.035562400436643, 6.404200978160966, 7.887301811317322, 6.707971408942642, 3.8185683703260174, 17.28595200399961, 20.787502782327792, 4.775591980802623, 5.7742474755706406, 3.5097923729209124, 14.180623470342402, 12.613034717263709, 12.160242772216044, 6.605063245528178, 7.236840731731607, 21.681387660984438, 8.172625599286325, 7.497129965021132, 10.76633436887258, 20.216529535099497, 14.373985991682032, 13.74446457899444, 10.004565359087923, 3.945363985344603, 7.561122755680773, 7.844409108336337, 5.142617939014111, 13.088225120300208, 11.982476128356424, 4.404544450152313, 15.942899270818533, 14.018223811831934, 10.717683063032753, 13.874788450368342, 6.6101184340055275, 15.142431869964998, 15.774029406025669, 12.251777094977964, 8.21608482315579, 13.192509278034072, 5.469369372434186, 14.00974849879581, 14.089131511997282, 18.652232686281415, 5.763550896446036, 10.251226822821604, 12.998305211545809, 20.981530832877752, 20.499276694614636, 5.938568379087394, 10.61501015490343, 9.968057723132796, 20.491808348444227, 8.036335229670804, 11.998565158662643, 6.555188199575221, 16.04952937557058, 12.304476150742946, 11.30883715098824, 6.477115929668167, 7.740561723061283, 13.743294545077053, 8.994884655715726, 2.7387520264256193, 14.637562271317902, 3.9884697803734124, 10.383929966994689, 21.332652370566326, 13.619939167412785, 8.205020173509396, 13.32519775314704, 13.110908599664617, 10.766941505851108, 20.25070482043506, 14.860611202513647, 20.54113657161293, 10.127147814003367, 20.32153099764111, 4.250416668528862, 10.286717127519704, 2.6383290211037966, 11.199589659421616, 11.116459141532523, 2.658754965848654, 5.487824100952751, 12.047527232320862, 12.006907210299852, 8.140684945165424, 8.038780819868922, 3.8577238451628926, 11.225874384731458, 21.148426623615713, 7.659059798042156, 9.189554883047078, 7.858462547843659, 20.451548053029573, 3.755522990049489, 20.98537039304019, 8.74425167284878, 13.194471498630351, 14.610735227207492, 13.531834790540444, 19.808062856239083, 17.625422570591624, 5.271759833425738, 10.401404714390972, 15.09281560129976, 12.209195912269063, 3.862001334442644, 10.355989447836382, 15.629518261496743, 13.67042655884752, 14.615070519726972, 12.85345047946126, 18.034643311290395, 4.1852061622545484, 12.227195401020113, 10.090095279566036, 7.582023782648559, 4.9932707218651915, 8.076199464016453, 13.630156437056138, 5.510593229854158, 11.545882125473975, 3.1304880835130335, 8.033508549940523, 13.474514649942204, 8.15665040812558, 7.30147151864051, 8.702042289625942, 12.428751759670899, 4.845958723993167, 4.1589656152831465, 9.07098919855115, 11.24287510244092, 4.7241573061995155, 14.543233169201912, 11.552060847792808, 8.674154853943676, 14.249801278042046, 4.853309777870223, 1.807256029430973, 13.56274082787231, 20.681299365460397, 8.102232397949765, 5.842601129086421, 18.843849395791878, 8.369227668765232, 21.5350731898462, 4.65951975589914, 15.03533858706579, 4.700098341291158, 13.809244928506155, 8.416569939288806, 7.352026731882364, 12.124897399690648, 20.717063000415138, 8.235583992946497, 22.333700751570127, 4.747774015675844, 9.289798702924548, 20.98173874025153, 9.657886531791782, 6.508273023851598, 9.325149499778512, 12.182102148752584, 4.570977424729144, 11.680659327642552, 8.534556166825253, 9.275704631001917, 14.724304997619697, 7.487888525220494, 5.922591586666449, 12.787100101782693, 20.347528953996342, 12.056741488024098, 7.765239480559449, 20.44344767991794, 4.053157826074581, 8.306535954119044, 14.187440745955382, 8.23060877791543, 11.381531762786123, 9.889698715998433, 3.158698914487063, 5.723248284407397, 11.348361315308235, 16.50790716209826, 10.374775328053103, 11.750649848419503, 3.2834260111795883, 2.887211464930736, 5.782861939395317, 6.419696144527494, 6.79047582712864, 6.8919499285878905, 5.013513477654179, 11.672434187640008, 13.279195050748468, 13.277392142099934, 11.848033499964481, 11.195819267592169, 1.5401651862203944, 8.347877822732231, 10.04745080661007, 11.750350603708622, 2.579722603602649, 11.345597466201111, 10.395435731470279, 6.258070469975379, 11.701471809818482, 22.0561893122059, 11.17261866210331, 7.453029218596154, 6.920637326284233, 7.468158086760012, 11.251835122638001, 5.163962164579777, 20.71060372641925, 12.138238009640425, 15.05115297668604, 13.75627983320661, 8.072082142625892, 6.135132979706347, 3.476624201885586, 11.430637570556584, 2.6473373946753624, 11.545625923615335, 5.182541568700914, 7.070368902759846, 5.82460251760891, 11.070981553243765, 7.540755688106055, 21.034702056167163, 7.430354486433713, 3.2326323742658523, 2.435138854237421, 8.286095546014586, 5.9301817122553455, 8.880681985794737, 10.457239231534828, 6.147303530887, 9.131781844122392, 19.520761076931915, 5.766401363794701, 4.035965887923716, 15.567715491059852, 13.403281136912652, 14.514350664877238, 10.888656989722826, 9.542377663070392, 12.608289003410713, 16.55110805128175, 11.353341490147304, 6.773835171336439, 13.83679967634732, 10.475831329530957, 11.215759462102667, 5.177792454736119, 12.141000494955941, 5.799518878380456, 8.611922548924804, 12.18984833862073, 7.251786452199472, 13.604247798036443, 20.872919589913792, 7.625493437815628, 8.556871259414878, 10.619526467811603, 11.230584151112515, 7.632338050348648, 5.507160825465719, 19.050786886130926, 7.238342616363195, 8.257850555684776, 10.229757065794033, 8.293051433831403, 9.987737520093624, 2.7233847686243586, 7.594393285813753, 9.791849011081235, 3.629591922590417, 12.731745860810292, 8.426450497392855, 21.343907172402826, 3.8327020970182843, 13.872107230217503, 10.744442024986666, 4.54911360434369, 8.56656985882238, 3.2557967144812565, 10.014906377270968, 5.463943116174647, 10.211076775707415, 3.898327873783855, 6.201605811842092, 8.121863138393433, 11.071312061992163, 9.365186561649123, 6.005213700874462, 11.68138400886363, 14.282533568430951, 5.909979808882774, 10.394665528444031, 1.737524389325347, 8.927421870381618, 12.037152071344265, 18.844430176276312, 9.255275798975124, 13.944578749384563, 10.064477962542506, 9.245004482311343, 6.087909052905078, 19.35188709302282, 12.002549973564035, 11.274114694478088, 22.65971572419159, 11.254145455073813, 7.278445893025281, 10.93436979072928, 10.805901500318392, 13.818733513885704, 14.051521794026126, 18.55853307066708, 6.639396436041102, 22.241454000838413, 6.190641675270611, 12.049177183119516, 10.930124640845596, 10.855613686572308, 5.378897869456804, 12.723681181209761]}]