script/wind250m.json
{"header": {"parameterCategory": 2, "parameterNumber": 3, "lo1": 6.000198445256149, "la1": 58.999992894266676, "dx": 0.5, "dy": 0.25, "nx": 22, "ny": 24, "refTime": "2024-04-19T01:00:00.000Z"}, "data":
[rows 0 to 23 of 24, columns 0 to 21 of 22]
3.9097112350552843,10.814385341260774,0.9804694698889891,-1.1339552843146639,-3.8406561574381333,4.234535352207093,1.9853130122321434,0.6467473090329309,-0.11130401677187338,7.09984584904315,7.968748177760499,1.0388669441870368,4.751109323783818,5.720275374722254,-0.3928847295781884,4.940585504052662,6.277003414753392,0.4412231207965101,4.973264663591395,1.8220532628085704,7.9750753105761225,5.901554442200312
2.8418549815742273,1.999042826798589,-2.312442814376931,6.058796591943879,9.627003948408719,-2.5998365080942087,3.6672690628306888,-2.1176018810695925,6.361810533635367,0.3291906758629232,2.0105006355237025,9.203506069997333,0.6752877806381863,1.4392114419171151,1.482237258794419,3.5081910041110294,-1.7463768853998534,6.539419472227819,6.1289500806595845,7.668474627988258,-8.078315445472999,-0.43860275520711917
5.606613930922118,-0.6332605840442656,0.8622577430819325,5.74170429965526,3.7787476145087586,4.047604183739399,2.724799153580615,1.5007497990297962,9.374123313737979,-3.8918503505282125,6.837334196923561,-1.1310231861012616,-0.3477807957569646,-0.577742172065834,8.219032897921402,-1.1692640185454823,9.279978335281998,1.8463947322501244,0.0638837548684292,6.062510364239665,6.0438938673560685,1.6218393518905652
6.480136843112139,0.3387385533314475,3.7847052838824258,5.078518398042348,6.934890120744474,2.4932596929941506,-3.0788539800766395,7.904049399681783,8.597460253181266,-8.574668472717812,5.4611015990074305,7.072497622250089,0.6163018006811098,-1.0794093631663355,-0.4338637455864287,1.8917452972861108,2.66646154678202,-1.4749225629221623,8.856475379149014,5.847954299744945,-3.7415260856635584,0.921898292090558
4.5982064875357445,7.993412748969344,0.2816246551744452,4.624591873369111,2.8150319048161347,4.682980116734472,-3.8555416159250795,-0.6006097428969877,3.964235952194642,4.010799234466637,8.15097053467331,4.195013012978709,-0.6790640499377715,0.7587780354452298,-3.067227103212181,10.670879827881066,-5.208682638427716,-1.6345029565663358,-7.314946435989063,4.213697595830958,5.991547896939787,-2.090959145491165
7.139395845051959,8.040279081699952,0.23639229187932456,7.345055776584711,4.0177669789833255,6.093252955441471,-2.2551288214426584,-0.8838512200087999,1.184742160557305,10.765369276072676,5.983430461818215,-1.472586179493639,-0.9584378438831714,5.899260331546432,3.7442804419911186,0.6549139227136945,-0.08673873384902542,3.3927208284845674,6.782656038630288,1.4399603186361767,5.141216317497939,-1.5904295886533204
0.33660646590975135,1.053971735582576,-0.7127592156416462,3.2631219737828565,0.23509634829122092,1.478220482562063,8.271248073754084,0.12184644589100747,-0.4803737087206615,1.0417852979660518,0.44563876900913996,3.6884905643685357,6.568060512012854,4.597633064217084,-1.139686607696494,-3.6556488823487743,-1.3083370048502025,0.09732656545132432,4.515385666392907,0.48612819856151773,5.903169392342735,-1.2866709570532315
4.250223358623601,0.07849960511903864,3.119001739788576,5.510278144393479,3.923957747468656,-3.4518139162390735,-1.9440289021199677,-2.638192157605761,-3.4507459676145884,3.1547273789137886,2.4152260564066093,-1.3841180330471667,11.247997126702124,-0.8615408214739764,9.69844121715792,0.09819136226771898,6.5493460360198,5.445454212873553,0.5506117060627386,-0.5907002586486293,-0.5948286052312733,10.41594326318704
0.012758171434095368,-2.8696465800050515,2.128695460992217,4.4009476509746355,-0.014373580986349659,2.1628656888699545,9.317479671363404,1.0419036857280257,7.779035664066915,10.119468188617711,7.663587859201582,11.975946143688432,-3.3577830690448605,9.885319053233939,4.377318574766353,-2.8259231079416214,1.468134793441713,0.3526035819802435,2.491654037684014,6.95706089421631,7.697900983767918,-4.447668679656776
5.93381171450084,2.403088748524758,0.16000803272412314,-1.619366510091024,0.11264160466697513,6.251641447200925,2.0275892741991517,2.926779450076312,2.832680986903055,3.981427046441317,-0.0428667871933115,8.226583386167515,4.341426408016965,-1.2715804988803776,8.870640697782287,9.082855533295822,-4.051527327865427,0.8983830140494294,2.7421308860496394,1.1976878473626278,4.889226811520226,10.078491017206709
4.643141225373573,6.334075917983843,0.9181843579370269,-0.5111254642499858,3.3051781765066313,2.2233690478143937,2.285657737844541,4.391659774356639,-2.811997892288956,-1.8220336137184874,8.83070103992211,2.3498774102866475,-3.5849725116732274,-1.9935513789150616,2.6034435713506476,-0.21062990397249234,4.153082817083462,1.1879977341194599,0.21398774928113207,-1.3987255448960139,1.9524468483697708,-7.272313449727933
3.1116593939619652,-1.831933942614229,0.6916921376765286,2.292782437175604,0.027374124684259846,9.239120159964001,-0.1627046825687056,5.504813825754628,0.7522501588838698,6.4941918052981675,-2.1391345942386137,1.9538734433466898,2.513811099650864,0.8340691196763191,8.288965789904292,0.8037575887866872,1.1387742414910893,1.5626632215435765,-0.022230382776023416,9.526943568962242,-2.21881653587457,1.4652641519950333
-1.3333450626483188,4.781598417430216,1.8396075185363894,-2.3944719474962075,1.6869887161242072,-0.5013240416684714,0.43497315534038394,-3.0493533538617195,9.626256749424986,-2.016281989526093,3.23336484836364,8.869648029187909,6.145897937025074,10.618614942095094,6.780311799282004,5.442421858536756,2.58490958449654,-0.7543614879337981,12.195752542329867,10.744167404102535,5.435691553821688,4.815945595672139
6.617925566748468,1.690051972197027,4.358834042775742,1.9943230281456135,6.869282689053332,-0.1961783664425143,7.285300777049436,-0.8748700318307873,3.2586431755377454,-1.7688058002332636,-1.426689731227382,-2.374706829666169,-1.3523364574054355,-2.1964130024838098,5.919924357306668,-1.0157242294955695,-0.0950577542247588,4.053147602347306,5.390530123337461,8.842175759005212,0.5045819127075792,0.9097882097128435
2.2028757199296387,2.400104340379277,-2.6625548071074854,3.8400097861792712,3.7425101538290826,0.1013054258101075,0.5856084326426386,2.6215535041002407,4.7471509674336545,0.9968312375080395,7.144218987342924,-3.133141999824237,9.109556255688,9.422916425015188,0.513323311035409,5.983687268625614,8.276337143556532,0.026312375056620717,3.9110915478388018,5.190883764108967,4.213054498244117,2.6538564567382346
10.668528605835888,7.307784875734038,0.3554052850067169,0.6611380753311362,8.608681660160507,0.819792886505594,4.298528593608677,3.9634754253005386,-0.6159700160169617,0.39193907465421074,9.074784882687396,6.54795475851046,1.6837814409101695,5.37015538102143,2.4506743150917494,5.911432331597987,2.8057541607920284,6.810352021277474,3.0372504440538157,5.347624613521932,11.077607761713889,-0.1841068405818593
-1.086877017247527,5.8772033467687175,-2.627713013955322,6.078070877447312,1.8430396081458726,-0.5466538504434204,-7.656767038219703,-3.3266873522780824,7.781513036014289,0.03303275776655291,0.1511644789780823,-0.7804800031054484,6.346151673217657,2.2165281346498587,0.9079422777959133,1.666950574781382,6.156322793715202,-1.2744062321094687,0.9246608559678597,-1.2359372560445812,3.1611867439712706,1.2719412711997418
4.54761050029196,5.4530624783100095,0.1238340879463635,6.605234330799203,2.51214924017252,0.009569407042256844,4.425860363493364,5.862076000524405,2.1578346140252203,-1.3886466266650292,0.6092503738353222,0.30324447027925794,10.145642603521841,0.26760819723312546,5.574418462422903,7.4885815894303365,7.108775632984481,2.4349126512695674,4.595766537249987,8.332114066264634,-0.20680264106927185,-3.2296916915049754
4.833026575797264,9.70073938629651,4.7495569958583985,6.878805909140246,-2.757172721465156,12.320221328405944,5.1953066031995165,3.467240652453868,6.591237513370822,1.566377385120389,6.348220116786516,-2.1715035485721343,-2.8848075316947823,3.36765779510227,5.921782924133843,8.18236402464778,-1.0356385961017498,1.4374829667412854,1.6198795043182865,0.7300303683976992,-0.004357129030390896,-0.13746065619157122
10.684781629504942,10.075668286859683,0.7645199234924522,11.285428099310034,6.101473399307168,6.329870275603147,1.64914290000959,-7.324916473227381,4.527464694327283,0.122047977435377,5.408094936004523,-0.9726649708861755,6.895372620678723,4.156360648158369,1.623165703042287,7.659844467870683,2.9842477030202073,7.697153649421236,-0.6462601418766639,7.591610345663991,-7.283383114548483,-1.1694577700797772
5.12198023565119,4.681679216770762,0.6633615187616488,0.0063450778730002756,1.1498999972182609,-0.9072556850123159,8.60867097190431,-1.1039706450322102,2.0603342641472926,10.56255160010582,5.3084232688226995,-1.364764581554289,10.856958513925527,0.3191609590979616,1.8950513712694537,-2.9705849185577784,2.1856962554356345,0.21136011184870868,7.384311355931559,5.108394840655488,0.9325209620044514,-0.7047313817452632
-3.7694888153646735,5.520215401101209,12.425935053579158,2.7810455428053515,4.431695263718443,6.030708514293185,-0.11334399358052566,6.373165199877664,1.94249874787478,0.5766783148265336,0.19094102279321695,12.321058526423345,0.486159277707102,3.739973136243593,9.063941847638342,4.330153388893308,-1.238297482521033,2.7902736305765727,-0.8509467388368034,5.1942966645086255,0.5812444730559947,-0.10626619557747698
4.897787041491746,5.968351459251794,4.8040492861198985,3.3761253805405977,5.874030683631869,6.56951705446412,2.5031506969793367,7.118211825266267,6.170603388626584,10.009484884387637,4.6831145139463635,5.431479345716277,1.1250992045833426,1.6613744839565248,10.798068555185171,0.4174019029546938,5.941948174949334,4.161780379805216,5.72327280157443,-1.4947461575102683,0.4817486140987729,0.22698255414688717
-4.558848836844131,-6.947408808050353,6.232887683708618,0.943163125917803,4.947106547444511,6.705983791344913,-2.726135892046722,4.550288398922058,5.6818263836177545,-0.04049692097893665,4.191015116235347,0.15929460273523438,4.316938527772359,1.1329101578730572,5.399885653186668,-0.8891361654514802,4.472005793524282,2.7474140321406173,10.374131926288996,0.004693046671004233,7.323093888145876,-2.7890676750741115
