script/wind50m.json
{"header": {"parameterCategory": 2, "parameterNumber": 3, "lo1": 3.000054539987559, "la1": 64.9999836372058, "dx": 0.5, "dy": 0.25, "nx": 34, "ny": 52, "refTime": "2026-01-16T09:00:00.000Z"}, "data":
[rows 0 to 24 of 52, columns 0 to 33 of 34]
6.257626731312985,5.48603193402692,5.83356324664055,9.698081770419638,10.425117645558483,10.804047986214643,10.15402367664765,12.854948115957617,13.386811991496188,12.496149811276851,10.415857832017947,11.007210573276518,10.452540235193032,9.804984567403288,10.325453024165212,10.304988454622286,8.044998585978266,8.241089558464571,3.8482935401018783,13.258635441133402,3.7163570267359103,0.2289969299412487,0.39813546479539835,5.053536929106502,-1.4526400202788794,-0.12501528837206657,4.054511001468612,5.620138162098802,3.027928572309247,2.4217421623277198,3.001116851240634,2.7824097047295004,4.250312799613588,0.8951434676691988
5.5967577832211255,7.073302668035787,8.674421286900786,8.673379717516738,9.677747320475758,10.545688383309944,11.720795505133246,13.112054967575375,12.05394347527246,10.191917719123143,9.068559759006614,10.410508303669271,10.56462806437939,9.19901973301193,8.673720979411007,8.23988372148131,10.142919308994701,4.480384274253198,8.282033659043863,1.4147415132457866,2.7559177644045114,2.305993041826727,1.5275276983585273,3.5381886866196326,0.06425540901458283,1.0838201945928712,2.462338814549752,3.3775162800155103,4.586803788070496,4.132193169068452,2.9976894188314605,3.801572692355832,3.646110157142758,5.04105342791267
5.654156684076978,6.230004617017384,8.763387475770907,9.039018001493307,7.81498326905143,13.564837920189657,11.791308235651341,10.917888185730716,10.000764475847474,9.156173217149096,8.4237629331757,9.667046920467095,9.944605791233693,8.160789420783399,8.244614980203682,6.2277215585874215,7.185722783626513,3.7691760754864263,-4.154110030056883,3.2691437588008054,-2.0126080603482692,3.6735071873445184,3.0378056125192274,5.914881936311205,3.510900504321266,3.009662960652854,3.56757220914855,4.392846969510923,3.976168927741021,4.738020045616623,6.067572987813198,4.289221277196708,3.4336668258592766,5.037617502794002
6.570263074757074,7.778354173177872,7.16991499483716,5.680739655685166,6.527127270883145,11.443409815796617,11.893472311442876,10.808996940139123,9.338338508609386,8.131393394282268,6.709087480002654,7.723439448955045,8.29965565123843,8.376420170797164,5.330273051055563,8.792418916885127,1.5375652795437618,4.184046034271441,5.343174267014609,1.540971804648322,9.361409419085664,4.937833681547801,6.0541498522367,1.785426475261121,1.6041061843159135,1.8993895660025306,2.5109364301137598,2.9504138227819663,3.7465884597933594,3.4163736639632645,3.569381464154672,4.18843074944403,4.541754798417083,4.655232496631008
7.301458638341342,5.868208885993287,5.575508401627302,10.337193903408586,11.743572730401086,11.881743424172965,10.732504312679936,9.316277764008914,7.539709800511255,7.102687529134808,6.401752610307372,6.894210498250999,6.319201867592614,5.462921746840983,4.156636469692568,8.601177988637378,4.404521485957347,1.779079686621296,-0.7923718246929199,2.6486119402628505,11.395762171007553,3.9367790592340164,1.691584829251588,3.61118551090066,3.0615382033574523,2.862881847140453,3.575315611425934,4.0701355645636115,4.189224681779203,3.4863119482864944,3.2127485538605294,4.90363597042307,3.8593175139158094,3.4370530015827137
6.5310574194234245,5.252614256126237,8.234645156371721,9.163938714933515,11.317044619696226,10.808832031626158,8.85157975868967,7.669135769117905,7.599318078340222,6.3581928879180225,5.399492057813207,2.93550255912927,3.20390532716962,5.514529154247174,-1.2390027309132723,-0.340550318250983,-3.7106908139418815,-0.5223806302545253,6.647166592115486,6.715802332232312,2.379448858855106,2.704970586306191,4.46639256891107,2.332424877476935,2.155645379087673,1.2304383191462156,2.9582566963014667,3.8036758699046223,3.139387334898724,3.491148923026458,3.7832818943026676,3.6334384125929815,3.4533832347418225,3.5210345063506425
4.411529124212504,6.72603276442422,8.636179017612847,7.018970856629618,10.02476389384536,9.146738461420107,6.900350937034451,6.3059265997336755,6.278949903497398,4.850969022741726,3.8561822788688516,2.078089099046703,0.4721805246233602,4.210297094198152,0.8963096195556006,-1.3037661382885954,1.9748432629272077,6.52746291267285,6.735780244359034,4.816338296689239,0.7680087623775642,1.7966380948639857,4.296198317757733,4.244488747655266,4.74994626423968,4.54101349283411,5.040385074084443,4.78500436179958,3.4424804868570047,3.265914237595575,2.9647814756637434,3.4072582684361814,3.4228814112380763,7.803148419554045
6.1815776178979975,7.803578091397136,11.377130564743444,10.132374342167957,10.352823118037778,7.679191980569795,6.7555836193468854,4.519902897427006,3.0838750685925396,5.013968229909871,1.4622533708490917,3.9034029770521697,-0.3317062099666238,0.5562173265994808,4.117684811477111,7.765466045347343,1.4686972241948786,9.413114963383032,9.68447953210137,-0.2642645847904588,5.363401753855181,4.6817680172908664,3.840553948921095,3.0370399879366636,2.4195567646980645,1.861794333076422,2.3214553624338543,3.967973344849275,2.144933757752273,3.164613492565836,4.324223202783786,4.231157053773878,6.286157552029549,11.821357089467702
5.73548469726324,9.182324896004232,11.225015814784918,10.9609665499151,8.959433869581662,5.982013135690184,3.6416544740775816,4.253042111448927,0.9303110922531416,3.2890554252036353,4.609523888336801,-1.6602239065795887,0.9383234431915525,6.516641407636923,13.183928078354281,2.006043666132324,6.023391585325846,12.752980716549361,7.694674785237977,7.1966624646997115,12.418785387573635,7.137982324354061,4.979326338927302,4.078575421494427,3.765977993412172,3.3349836075890185,2.9787440054982026,1.699145095776364,1.8068876737883293,1.2454163284004602,3.3782015844772992,6.275375881196596,10.321979545389732,12.282934620356402
5.788246395566727,9.707920258206757,10.320857811838124,10.342004296071332,6.173732369869805,4.119687320368842,2.493377118637852,1.2038925562382292,2.85037693090549,-3.1938052063504427,2.4480841221210907,6.242425341825664,6.269639677281693,8.231301178744902,8.156026810849424,12.695959234592538,5.348610657481226,6.170083483311372,3.7937815799814825,1.6145253054490736,5.406704693164471,2.9985734807458906,1.1330202849038646,4.8986758086510225,3.6258923443329736,4.060725584329578,4.655487046880246,2.929723168240061,3.2828397693507236,2.770788988993028,4.252039636825552,10.553063781792796,12.494744536566131,12.708062982915726
2.899795640766704,10.670424569463435,11.358443650791882,9.630741628860642,3.599311837687811,2.630435812365474,1.1902777708149752,-0.04673863471137853,4.231927573572524,3.5855766926627144,11.82174877585305,7.261789092796977,4.205247938992804,4.230210845697532,11.202538884626323,6.758413125087005,3.7695081905513828,3.884033777116594,5.166637680447436,2.1901341003033705,1.4867202643267488,2.4677509285104393,4.654174333203553,1.9310523709327667,3.719282577427107,-0.9688124473541182,-0.948817195481,3.1811862595591123,1.7830176454291693,4.091108720729337,9.874921965240265,12.02574328976956,13.058978879257532,13.414424292700355
9.49937040380053,11.332346395339872,9.766127231041535,7.622485656931062,0.8625884016577539,0.7082688347932204,1.9483257869508024,3.692858717837014,2.0394870141751373,9.620490063187592,0.26999658247051617,5.954341749614115,4.547841202692222,-0.568853759848896,5.027970588684595,2.718211546001651,6.017176540112183,8.29602304652013,8.31706532704823,5.0162558877431325,3.9675513675340506,2.105908952394019,3.2237584144350273,5.510786266419679,3.0165431882402687,3.380527597866753,4.359757624714912,3.645970457960638,3.4462953786626076,6.511920498245956,11.412101342989118,12.36978438312252,13.099522866250208,14.01780021153183
9.660431437975733,10.679349363936188,10.590686974090712,5.066242319662292,4.861980002770699,3.723332784645884,3.407685564080802,-3.0008942726783174,7.730962986025445,0.11842080749879051,-0.2901545263577885,8.491983851528445,6.685546023723466,5.823023578632086,7.4256433627127905,9.493765802570165,6.20543162895804,0.777688818243649,1.7147648751537552,2.9918610232318033,4.942247936840073,1.3768832151742172,4.133381369186903,4.077914938145589,3.4820908881647115,2.8826025136187194,3.1182595003802818,3.401180275751936,2.2136331001305822,9.597383401936025,11.907515267712581,13.23590332832326,13.81203624308683,14.941016381243806
8.182106097246844,8.715514373254274,9.920976773085519,5.881053295540473,4.6440350428097465,6.943260297620925,6.3308129543730765,-4.018985342253153,12.838026543928244,9.518485261594597,8.976341455400485,9.54932239906845,2.0129544038113423,1.840976876942613,4.0837035514839775,2.2896211134425966,4.531659935042886,-0.5398285422075811,6.1670443683365805,4.1822290084845175,2.536010534125975,5.872065610591695,4.590988055314083,5.460950018320682,3.6941208271677293,3.9184477847509425,3.400170007451018,2.1518429686074185,3.821460444694743,8.412222483020148,12.161676796174712,13.467770720389089,14.784821657583638,16.58946009201013
6.9191387889853315,4.4977689385776385,6.551130648992429,1.6074829806058397,-1.0439437451063598,0.9488063453728798,-0.382015647621605,11.375332143981256,0.8867563260254461,0.6927167497274916,-0.23257768441375926,0.9725357826524927,4.193333805911625,4.359401441824817,4.6070885358738956,5.168991378192931,4.09323772163237,3.7380065955861053,4.148634749151792,3.9568736763794448,3.562551404996161,3.8325275111507606,3.9939034336822234,2.976873133999474,2.2785461870329367,3.254823829627288,3.173570419031879,5.868451054146714,3.9745688476572796,11.153786153267163,12.84807421498266,14.427547884013936,16.579822938163378,16.167673798798255
7.257511836994272,6.301098200195184,5.018745204772503,2.868072634643039,-0.3189754585286452,0.6635808495867044,1.277945841773961,1.3938847480466487,-2.5810707524367715,-5.078012846905291,4.663186363593782,1.7083525219490783,0.6145439339585616,1.2259792005351828,1.9505139524085633,3.5550025947393658,4.6174891301031336,1.4864943556751147,2.370536336096851,2.732663627594,8.048497449642158,3.4426292024654472,1.7583976807895216,2.787989032980928,3.1181007741026283,4.966397150214744,5.131927628035801,3.5462673427463693,3.9006817805278082,10.744311456711554,12.779945962036512,15.22117194065284,16.50088723454084,16.829604243314158
5.012615044118877,6.311247287675741,3.222222054705183,-0.0017672935715700212,1.6540237315388506,4.209053931757285,4.942899475225556,5.642481193330362,-3.8220103967628396,10.63479455237541,7.251573906449775,1.6659710548118027,0.15850557873660356,1.6700021560689766,-0.37971687871354814,0.9419657850639537,2.4077495597761107,1.2505042214574202,3.5751942620411934,2.7577893225231445,3.7502013776179073,3.8453196534574996,4.123963079759215,3.95540770277225,4.551197022205367,5.712422854744875,6.424268729996887,5.090228973810617,4.560486512594844,9.499197722758167,12.425499598486377,14.418948187920472,16.686067810058802,15.37538920359214
4.97120965453438,4.986275462322052,1.5823097027643382,2.286663379721723,0.4229643412850813,0.33530919947939986,4.787398251476243,0.19749724496928203,7.36396073723653,7.509063819654628,4.042460426444416,0.7094899251438942,-0.73588914908127,1.210609983117697,1.6307962413972668,0.5445160467343659,-1.0769431472379725,1.451627393492332,5.095151137409487,4.543197799486069,6.308967357834667,2.548073271386319,4.54792995504645,5.3130916241784805,5.47782416764348,4.586324273353952,4.628020206944644,4.627503578501779,5.606674271840943,9.161065886825428,10.396987992178005,12.535655605982587,16.4127687375225,14.74034608218096
3.9982737030195454,4.413425229160757,4.40751055567194,3.5241424959611187,-0.5021803268441559,0.23576745508947128,1.7931212433762593,0.17079110801515907,0.8315046382002572,-0.6953721300976599,-4.075970767725148,0.9791840964134765,3.716952191773026,2.836344532456922,0.15704798012355767,1.3966165346212842,1.971174610203696,4.657183472530214,2.8962182590356322,4.3330313610201685,3.141211398116778,4.992004603660774,2.4152100064743163,4.8076209121480815,5.2269106544874075,4.065695673894413,6.203221706755295,5.922321023216374,5.889230915536737,7.193329010235028,7.417108162728551,11.05266724892393,15.605912053376095,14.92689567114627
3.219210297671098,3.314039334722448,4.979085418684635,4.478139894613745,1.6659130643971378,0.6537217603614708,-4.692974173387322,11.454294729697152,6.3824024974229685,3.9508498507808194,5.7513848190050565,2.4958526753334405,2.2563425886749404,4.666328649863209,-1.6900724115228,5.6577270609929,-1.0599471969657959,2.8244601027388154,3.773012732396374,2.7645757173762977,3.936996439845766,3.348249330755972,5.064433720806886,5.414642717424995,4.512187450560026,5.762871156396585,6.12545973235781,5.549729120624732,6.8430329798298875,7.8594391835730155,7.361999985651158,7.39092009537178,14.377473386731234,11.43714647981074
1.0766447126096497,2.679660708957313,3.447952650135065,2.7501423598701042,-0.767439877797348,2.5109371082367864,5.191910684022659,7.8186570406790485,9.177373237546306,8.344656995155388,6.8946773557518695,0.3662978977311173,-0.5798391311784148,-2.239443903445979,-4.146762909350871,2.427168920359529,0.17968057218455916,3.474083613245719,3.017943790404953,4.723629425144802,4.9698850762256095,3.5006018702887842,3.6938278291034914,4.758864803068307,6.310221479397414,7.427040024942108,5.648652884461697,6.5957166656958,7.648927124541143,8.33136647069568,7.718643303829228,7.917303757753131,13.234289285929176,14.879467580640087
0.5359424032085544,1.1092560777041192,1.836200781004539,0.9505489469962328,-1.0801581228548538,-4.674411295788469,-2.7116193174001615,1.6581254868727637,2.747650860277117,1.3151107281215109,1.3753452903844872,2.1831549092873077,1.8883641340017903,-1.4112840678461753,-1.2336030751298313,-3.03577894966415,2.7506922606360056,3.974934905059275,2.56029872115229,4.8314959607587555,4.948392353610921,5.078752845653066,5.244253216802043,4.846061551276065,4.828386981076945,4.505872454482452,5.482176039663243,7.300971312730427,7.555472107969341,9.065091177881879,7.759605696759732,8.228596952141514,9.429148339000834,14.773459511216814
-1.0480087223675558,-1.2042503181293613,2.6337718400210264,0.8937679616791613,-2.1343691373462375,0.7353975889128765,4.053504373976831,0.5150343741310708,3.8050461454197166,2.1181301073755208,1.3555310619281815,3.2089969575854287,4.499456549881877,3.3894522794584385,2.2275158144678735,2.6591435740454665,2.64122753496564,3.9681982767160116,4.110883909036949,4.993499497092814,5.5765918676597686,5.234856887828409,4.926177566904092,5.4299121478620265,5.5462721149399234,5.331089606724578,6.0160282808403025,8.378320229876929,8.296295666639015,8.870930530751417,8.29422732910829,8.652895261783668,12.956305525394066,15.132897222136739
-3.19184123903877,-3.0546955913929175,1.571289109800692,1.31157912794863,0.5270072250306632,-2.0735786738114745,3.144074936655491,9.298659335102464,2.956716670813765,1.6889342165340047,0.0504706613492184,-0.2642413973981742,2.3385366840875426,1.8267980495020057,5.259482208501595,11.130267145770665,3.92795152031469,4.45417562135347,4.517138715098068,4.957337913501082,3.9855564657072753,9.744344790202598,7.831556598926801,5.721786259994397,3.7396107813695187,6.022033640749409,8.131511177774481,7.332959663084932,7.782938478225636,8.978205644224193,8.594834360328736,8.671265725144151,14.15924713777334,15.258287389991088
-5.521295833012211,-4.5876354996566615,3.2746161882918106,8.794205252350663,0.35801155726493733,2.0883953957317023,2.4239624495305563,14.36404933823227,5.243910475471477,-0.9049137545127065,2.7181210488418817,2.601657825144087,2.016837952127315,6.474269916327011,8.889340634401295,14.190576250533928,6.032304989701596,4.8836795544039315,3.641974357028925,3.9043215566953546,6.793944118703682,10.762423848417257,6.764665412593761,6.936916386028904,6.171973399957114,6.605321607235851,5.501443983129756,6.09510088835882,8.858987878506417,9.378214526836533,9.029846697735369,14.177563236593418,14.665058425374395,15.38766036157802
