script/wind10m.json
{"header": {"parameterCategory": 2, "parameterNumber": 2, "lo1": 3.000054539987559, "la1": 64.9999836372058, "dx": 0.5, "dy": 0.25, "nx": 34, "ny": 52, "refTime": "2026-02-24T23:00:00.000Z"}, "data":
[rows 0 to 23 of 52, columns 0 to 33 of 34]
-6.063821097988969,-5.460884797452518,-5.459906729531277,-7.4402966109710365,-8.298308103429944,-6.101426194516206,-5.080300158287353,-6.414487752281389,-7.218910976169493,-6.982811478552012,-6.608760163751735,-6.8920405324810945,-8.073223093668537,-9.54437922481864,-10.571751981305388,-9.505751692697999,-6.488060210036416,-7.325362166105144,-2.3814129983806653,-8.728179639734487,-5.568980884566766,0.17965225372827323,-4.831677042665377,-5.728248970133295,-1.1086458935509214,-1.1941484240432125,-0.20680239617785795,-1.0850561847023865,1.2888790002094952,-1.060710596162577,0.400392165149977,-0.04815094855765401,-0.4691715437404699,2.2312081084980764
-6.851241873930903,-5.931848903092912,-6.7127581205619355,-7.129762103190598,-8.358870701409897,-5.9963326021400905,-5.0712876994196945,-4.345802229828483,-6.068833098307201,-7.133618197602932,-6.799642282404777,-7.093335201837633,-7.612114385446844,-8.425065393490137,-10.845198225174602,-9.552778256568336,-8.198344785894742,-5.056756315298683,-7.8730332786555355,-5.955036010460226,-5.981605784483897,-4.002317056451447,-0.8786854529965161,-4.82082792248874,0.6084206500499812,0.5987073904210991,0.547137754605195,1.0290660063229091,-2.5748084061376644,2.044352761294365,1.1585635025318384,-0.01036006878629921,-0.2929620872313861,0.9582069546881611
-6.4667423923530265,-6.14289589463402,-5.6308238526611465,-6.162125296374517,-7.043489464837912,-6.886072667552322,-4.733463943444858,-3.255903614940815,-5.035849446865367,-5.44286587395917,-7.033607624977575,-7.591081264744662,-7.320113034016115,-7.412570666698633,-9.292935028976474,-8.56326672785359,-4.931955793103103,-3.8524121959722617,-5.611528079464144,-4.392475043242602,-7.244033520577659,-1.2987491837697154,-4.967220451348941,-1.8025082930836056,-2.3974381102105498,0.8685035898227451,-1.9866840439408495,1.632359487732222,0.3050916220807413,-0.018675735434753458,-0.03436103429987798,-0.5574984496136628,1.6274650961328443,-0.029703453823866424
-4.204359570363057,-3.9749215227807246,-4.2866083780335495,-4.832406846730924,-6.45465080549642,-7.901454965508591,-5.388990546277955,-3.4419687423168996,-3.5455460038304434,-5.104323309392442,-7.199267202246454,-7.837031147943668,-7.1690569906556005,-6.698514917263599,-7.044452540941063,-8.919343838739083,-4.838714222708982,-4.503493074773722,-9.401952143242951,-2.2878645054428137,-8.295587824656227,-5.439291577915017,-4.48242271974741,-1.1253760072122523,-1.409861735849107,-1.1084602701692197,0.5373286525900424,-0.46105577136872794,-1.1775635678125926,-0.224083348315033,0.5376683527936543,1.2068089812589415,1.784577699836663,-0.14919546634350417
-2.285300829527853,-3.7969542462728394,-5.051806269860214,-3.84024577888604,-6.050667172592521,-8.687160128161949,-7.082933536252823,-4.578505266830334,-2.786022138475782,-3.7281908933609804,-6.237290506153186,-8.121320831360212,-7.526986861069246,-7.779963053242117,-6.654627905232185,-6.437231363206457,-4.537767903562849,-4.063790535811923,-4.521596630333104,-6.814238687543354,-9.353228373770532,-3.9236808013383166,-2.134186204843809,-1.7536247588976819,-0.6899699615893161,-1.3183856242175251,-1.695185413134421,-1.1861496132987386,0.6216984392863101,-1.5165301769319917,0.5340066669546809,-0.9798013292465348,1.6582655385671263,1.7382804999644161
-0.16646884386917413,-1.4873210995611683,-2.3523521507165004,-2.9041073047929085,-4.568869218353963,-8.54266622477803,-7.629268195678807,-5.067943551709967,-2.9093525476145956,-2.7917940972563517,-3.9549362388577514,-6.31530319487824,-7.8442450443826806,-10.16172452443095,-3.785321788205393,-2.8766688720517877,-1.883247716754296,-3.764621734198471,-8.68155269632692,-9.173518122037533,-3.141172386072675,-4.365643946228663,-1.0583504535714425,-1.2255442550508746,-0.9845445713021844,0.18604688273796824,-0.544010902432106,-1.4908863805237509,0.9060010595410781,-2.494891963582581,-0.8206677716298649,-0.992218404061432,-0.7528282304701193,1.1766281580425755
0.40411052047947765,0.16955762662291968,0.16679289607655967,-1.920549555073239,-2.78531032712242,-7.670404067420811,-8.316077371947006,-7.4012646697242195,-3.4272529890235317,-3.0543753550895785,-2.6494467347942474,-1.8004236213867517,-4.476915171547896,-4.1260672957561955,-4.730533563428552,-4.602580666131289,-2.1700235304913833,-5.217005863958415,-5.622936576510131,-4.055403419330933,-3.163809201459688,-2.0549775432529143,-2.962616228290356,-1.9402460035500235,-0.7575841509471749,0.28856424267172837,0.43422687794960285,-0.5469350426776683,-0.09691377338332485,-1.2477260266125973,0.49445804234116686,-0.8016020190664084,0.2584003069622486,1.5023054020604851
1.27557103712547,1.173438360548192,1.2687062696748035,-0.536804841147537,-1.8536539560108949,-4.489275128289326,-7.999092840956413,-7.4105534871737735,-7.694624130473619,-5.147265181334314,-2.9259598057135987,-1.5698962921917885,-0.3439277292972354,-1.4847184218615768,-2.5833418321795056,-1.0155320213594947,-2.226091720108441,-2.00303658403115,-0.33261566095368006,-1.854556773283734,-2.4502334939850017,-1.1259515114907264,-2.6281860809921493,-2.1725526560746387,-0.9728970046177101,-0.6205219768093063,-1.6656822695270546,0.4236788007155209,0.9842104138537846,0.6220995764713937,-0.39857828128977096,0.8488786501148575,0.38810383190362846,-0.8282325115613691
2.074034977613321,1.5644738978380262,1.7715880197188474,1.567690364086697,0.509624015959645,-2.96514179227607,-7.1583338984071,-8.124744192033264,-5.280012761314213,-1.928503153056787,-2.9544855776818957,-0.6583836293287166,-1.7693953847866115,-7.254239562794212,-3.6086501618686526,-2.1677592104215586,-6.373128901529993,2.560788337781707,-5.66401632799213,-4.99947805787851,0.503635500477545,0.1586129241628119,1.2567107933239532,-1.5946967344267478,-0.6056809512246616,-1.0227860422109263,0.5419140750047051,0.5311779032310424,0.3052188976764913,0.14391921954843975,-0.6108250417312309,0.08193284085673394,-2.1268855262244206,-1.7451364294447074
1.59587529981252,1.635708909158855,1.5862617097138771,2.014188959422388,2.145364893866939,-2.8327190009305045,-4.951364447782632,-4.523166355532075,-4.903905460982914,0.1935197298427456,-2.6908359245119073,1.4138129528095977,-3.2859394377635773,0.9208290099133296,-3.0759342120153095,-1.6905327214710157,-0.07807999658161505,-4.766474418233658,-4.531583062404886,-1.6320219514840233,0.4970966181167857,0.23551272172510984,0.6697170776369757,-0.576347169047618,-0.6517010618392612,-1.0666419832787015,-0.042509940160499735,-1.3014719264329953,-0.877450417743102,0.2560270777422798,0.5967585819009685,-1.9848040881172635,-3.124651660032893,-2.3645555066779664
1.1106283895219864,1.1599638729251254,1.1049196700300474,2.2448879382059634,2.747185288809376,-0.9055744534354182,-3.5435675008952714,-1.6665675467046162,0.6264187366418461,1.2339097879126213,-1.8183699558702011,-3.566821106567464,-0.0011423032826805002,5.091694118965044,2.80195358744285,-4.612959924854891,0.6312230049754992,-1.7076322671967223,-3.6224599133409585,-1.2183429520677556,-1.1217539334752438,0.3801778948645525,1.752710454155513,-1.8069257399208172,-0.6924342197457437,0.5976749840609988,0.5079731291861758,-1.3650409465336506,0.2185599541508997,-1.8520615329658665,-3.008301602359207,-3.0977704597412727,-4.045172523815335,-2.7740869258243763
0.2584325814901038,0.5822849043468608,0.946971880808293,1.9227719448648837,2.0372026753053745,-1.2890723601048568,-3.945201705549845,-4.117760052498095,-0.9949166648661522,-10.17309823472745,-5.488536173195936,-2.56287216252068,-7.331253463365531,3.836510005617249,-0.6227874438366462,-0.5784862275383587,-1.9424678663511217,1.1391623885519468,-0.43126256991340245,-2.086025917715936,0.1492354955314311,0.541869555235841,0.6956101945461974,-0.35145123743142825,0.09022586617229326,-0.9540185784486958,0.23451903354134487,-1.05599209374064,0.9965937538589669,0.6722778236104967,-3.7626479430151942,-3.176754859601291,-4.1296518508261,-2.4255671026404477
-0.7089005759181533,0.0034304783368466663,0.6391510060625696,1.1238068199785054,1.2199661438139615,-0.7436860787320729,0.4056195155692718,-0.46549133089403577,-4.7769551919863575,-5.859993771723348,-7.309660408672589,-7.157726534685103,-1.2759446436204211,-2.425714669901236,-3.043016923241765,6.341359338901216,-1.1159466332586636,-0.6838833060582336,-2.325042532634767,-0.8194050744247833,-0.9696716419439299,0.2947863272788218,0.5355172337115788,-1.1408829711295156,-1.1850027078887773,-0.9922125301147373,-0.4925016572498366,-1.2984734939991078,0.5781077722298378,-3.2235807378828207,-3.844559120981845,-2.070446770062761,-3.349078116645811,-2.142667688251895
-0.9915391498973066,-0.7755651426971625,-0.1392598725955523,-0.0521430010752204,0.5778269972865675,-3.8995176062557375,3.7529207364540937,-0.19894716436007837,-9.291154833243413,-0.8235287493287126,-2.919154241620337,5.622900773635119,-2.4576392296836094,-2.4278854717611127,0.14182741603442672,-0.7962363615518926,-0.3873130954017383,-0.9707188386296488,-0.980468702374946,-0.48805021685399014,-2.171542540229156,-0.08357023722063564,0.6187628781182567,-0.4395137897434696,-1.1769677319613456,1.4353600840299812,0.013475791889654266,-0.49876407977779164,0.33255744709559537,-3.144814165896656,-2.829123111739301,-2.1956262878371056,-3.6430820227401326,-3.0474544941693593
-1.6335163312658973,-1.2248032084476428,-0.6086967159802843,-0.28023062812423893,-1.2560793366904626,-3.1882572406500853,0.2606674393087452,-6.673755605716887,-4.540129174500822,-1.1974502409158492,-1.4471281964389275,1.9403057078510573,-0.33716872774208967,0.808678442426375,-1.1547170163176337,0.9508121094222903,0.31859619967802827,-0.9808837336564706,-0.6482055347079314,-0.6613197456189474,-0.25346218519659286,-1.187479536023545,-0.6171728990541863,0.4475637828547988,-1.126224933810813,-1.0440342116942785,-0.40320631443567684,0.3539784799957605,0.42725162994744903,-2.3288527950281193,-2.914567300747953,-2.06703840755647,-4.409858480015483,-3.2400560478557945
-1.9274540493368069,-1.6640295239309866,-1.0987345977583745,-0.6160117888589517,-1.448018974651454,-3.1431798438208256,-2.221696855975479,0.5161406344301963,-0.29616995141362323,-2.91693554741136,-6.237097680116124,-4.252791619913861,-2.314361258379412,0.17547980986583944,-1.5904332502613703,-0.4431022295629026,-0.3821292012779693,-1.5152237615914692,-1.3954108744355085,0.30297025114803705,-0.010976614866103282,-1.22044202539788,0.7916954091964338,0.3196112884059382,-0.143106131096904,-1.1502254234460108,-0.8558014663637232,0.8777875958315242,0.060258880827777285,-2.1700957654442927,-2.6931216919425784,-2.185806649449257,-4.569110827356757,-3.818360475884672
-2.6842505313192055,-2.3250251271890967,-1.3943642344432665,-1.6187436025331106,-2.1454395331943377,-2.4239420181942686,-4.2802899254473274,-0.9808056583478598,-3.521960432998429,-3.4339129847773107,-5.756978677272747,5.253838846954648,-0.5781986469336917,-1.066286528561384,0.22881246733349497,-1.4896108929789749,-0.93875728997343,-0.277019177986754,-1.2923649028920254,-0.6675744657540033,-0.5055147265923235,0.5614705484279907,0.07131900232808393,0.35609871708738006,-1.1444433207791187,-0.8361196724117533,-0.8241199697720434,-0.6848378778898533,-0.9759095816946914,-2.4152219371582255,-2.5344753666168374,-2.445686306923554,-4.572181977449541,-4.313075216063877
-3.1504311655761295,-2.735475806756247,-1.9168168365036442,-2.4671884436030083,-1.747162839011355,-2.686652168589009,-2.018494993897569,0.7170211911282631,-3.145413097750864,-3.149424657890909,-3.1517120157096663,-2.192706044667558,-0.08596931455389731,-0.09851513757892504,-0.6650905103099346,-1.0030287259666548,-3.9391420586972297,-0.4804673702765033,-1.0384589865938962,-1.5245477019247722,-1.1203823788533922,0.6339401185638258,0.4531953925283209,-1.0064406077572716,-1.586666645804951,-0.8504499285881897,0.9364840694530787,0.5021889640801869,-0.3864515569185381,-2.8217133677531563,-1.6469374705276207,-2.637255782024836,-4.550546894796247,-4.126146685285729
-3.5299336274442736,-3.167453584372062,-2.3567317195667385,-3.3342125562734823,-2.875944505387116,-1.816281246954955,0.22663985115874097,-3.8163859534534414,-9.873464957433242,-1.418496700244766,-1.4096728860796064,-2.188889619056969,-1.5443980014542955,-0.44820292461769967,-0.9150278873855975,0.5123856225864708,-0.6868171621501157,-0.8462610654634032,-0.3925173352703961,-0.6916031571125196,-0.4363921055275175,-1.3653252048855777,-0.9458344846435547,-1.7140571258934858,-1.1205832081623321,-0.5747008104005464,0.5293040574708999,0.18284260275076844,-0.39504632767820225,-0.659549631733423,-1.3912280602836185,-2.9695144668681164,-4.449294583533073,-4.0361585856223625
-4.063829160559029,-4.006723521836107,-3.179998492296427,-4.249017753752001,-1.8577283311259998,-2.1619573332101827,1.5369061396570152,0.6073648553983134,-4.602086446106074,-1.3743728211710067,-2.51280466121718,-2.4361579337020367,-1.8820160863333864,0.60435573105028,-0.9684332377957233,-1.9983386133759766,-0.3217879734421413,-1.3708199912354797,0.4511586679320891,-0.7247592368406187,0.5916424258987968,-1.4354742067205581,-0.8645066742313668,-1.4117236279993497,-1.2686247585248112,-0.8841223671981594,1.1003741705536412,0.06278069327405278,-0.3474912555897831,-0.6383989491250961,-0.08080784029153032,-0.2229009593876705,-3.7303075113398663,-0.5600044971312652
-5.371048019389344,-5.127420275921476,-4.271954962972708,-5.157771433920011,-3.4704812143890624,-3.3599718001572096,-5.690219366310207,-0.24804215845317154,-5.482379073750977,-1.8103589254075088,-0.8043245430651472,-0.861965307901455,-0.15510107462117542,-0.07091154109072152,0.6277791276228268,-1.063389960423354,-0.7881270754935863,-1.1346438909775698,-0.6131040094173803,-1.1182460450854632,-0.7355184139444293,-0.6453005830634881,-0.9435775391528836,-1.2674813329153847,-1.6516200419449951,-1.0927783462666663,0.17255144406300502,0.13912275073613328,-0.3725123415726266,0.16023249224131306,0.16675347959182635,0.7282848435305214,-3.135097667802073,-2.9878951320921465
-6.2832939904789304,-6.366112474849858,-5.415055289881771,-5.535254648841429,-5.355458941324385,-5.896071629873323,-5.446236169967168,-4.993518215833424,-6.109057649616905,-2.447850691142267,-0.8460371322904204,-0.9255161974617637,0.06556845850588633,-1.063663734840305,-2.83318870534746,0.2606551279744552,-1.558965940196396,-1.0891791642061543,-0.9000680545237074,-0.42084209968735803,-1.3824719802941692,-1.0329258470096363,-0.8047383258816466,-1.3281972117605942,-1.3530583879723843,-0.8943168320172378,0.023370939997708597,0.36600006543361885,0.36574638803893517,-0.16599314797110368,-0.37306532072326337,0.09282780961443304,-0.5852973314299039,-2.9510930622025136
-6.119471379834455,-7.857008758331829,-7.206860108171515,-6.166925145869083,-6.688007304885675,-3.6199647173775302,-6.124448915311201,-3.124564476256391,-5.161730249004798,-9.333724498839011,-0.9093327164728489,-2.606581826072472,-0.3098501174411978,-1.1159665827663072,-1.6017120695714204,-3.7069246847726705,-1.6015699421177132,-1.509483875816773,-1.299743217830889,-1.6153581635722567,-1.5846489662845091,-0.9917521295767135,-0.9828629539521605,-1.310784192947429,-2.0799888248181664,-1.148851366510327,0.30393191218458476,0.6293797691216454,0.9919153515410967,-0.23477457343907873,0.2510362094632197,-0.7361436055700503,-2.9437445959028268,-3.123298785868889
-6.181337367190904,-9.311326922041786,-8.977493228236595,-7.89880992978287,-6.488172833158902,-7.13883243604584,-2.8002193915887106,-13.177337896841678,-7.348954026588933,-3.1117849849024206,0.46737895522270284,0.3443469951900901,-1.203913509682753,-1.388877365617854,-1.5183540083517042,-2.761842536357063,-1.3665551008680321,-2.288027279209598,-1.8802103259832998,-1.851052617171134,-1.2914422012693003,-1.2346460808446973,-0.07954694183031444,-1.8633625769202011,-2.290597799988799,-1.3439020602725666,-0.9295774330688565,0.24494591483498654,0.37907032441793564,0.626478935454811,-0.2484948266213756,-0.0752637662949957,-4.067231925499649,-4.2092598761260955
