script/wind450m.json
{"header": {"parameterCategory": 2, "parameterNumber": 2, "lo1": 3.000054539987559, "la1": 64.9999836372058, "dx": 0.5, "dy": 0.25, "nx": 34, "ny": 52, "refTime": "2025-11-21T19:00:00.000Z"}, "data":
[rows 0 to 25 of 52, columns 0 to 33 of 34]
9.954779736843069,11.258117849115656,12.705837041049023,14.13186413014191,15.647191134112559,16.70434219294404,17.211755233037596,17.36126147590622,14.06958615406396,13.155990214152844,16.104188614469624,18.05425229440932,16.670192585511163,15.304074817897256,14.785191372474165,12.994985753062853,11.446623547574047,7.202216410566863,5.390598015202264,10.12097998360894,5.885448055645741,0.006252090251063946,4.100915021883642,6.237780329137162,7.549940909693531,5.133143234354542,4.0951788379116865,5.664527204678374,4.496268878184947,2.6516498801470947,2.499675326510631,2.8429778531860386,2.504870113541126,2.3730473831328363
8.57494390242091,9.602750929374912,10.764599691720594,11.960273703443352,13.280086638835028,14.337080120026437,15.336592430983133,16.06356614871204,16.926382652318555,17.113971381955373,17.155526249294542,16.773600180773066,15.97532579903179,15.340404391439176,16.098834305571856,16.266692220300992,14.816579285843225,5.6747613047555765,13.007728354708124,12.432041147837042,6.187760898408085,7.226094669945794,4.878089433926577,6.543248122766898,4.538303871947114,4.224638950156439,4.356705853303265,3.338779768364296,4.87091517984213,5.452736522482757,1.6866746294801347,1.652755579608687,1.9828360198842223,2.1487793785498233
6.598074343075897,7.979243396452698,8.548518797192704,9.825727733406675,11.135795338608965,12.441210617573613,13.616588371689806,14.423861254563707,15.109470482983815,15.166076640172031,16.37597955946521,15.281238954734768,17.53920723252779,16.64252894073348,14.864677880512835,13.912699022410767,16.844437972747812,9.899303052602717,7.306424604092227,9.350462046362459,12.45299569375013,8.376296085320687,7.78394399742503,8.46573178379018,6.7765919437661495,4.076346881534191,3.711896478566023,4.0990015413487235,3.577233454167066,5.290193412133154,3.934611446317871,3.789372591185136,2.170755592431564,2.5591222101209707
8.494644703769218,6.898241653524918,8.033628530958302,10.137079658546794,10.73376367844001,12.13952493216851,12.519053248771712,14.435488071728722,15.381806048588425,16.309138857679706,16.153710324126784,16.649588021033928,16.591335971602458,16.37577763904736,12.012034316510784,16.322317381442893,11.980671830990103,12.64690380827139,13.342503544597331,9.233826097767073,11.53268368924288,11.544782771896347,10.93407046026006,10.026112101881072,6.2311009225032485,5.123651901790178,5.253195049608047,5.204356648846143,3.7870979769723374,3.4232248809929833,4.313921054675776,2.4893522573940174,3.314270155616042,2.9822180304324917
6.4900574599302,9.491175035003554,9.480358157750684,8.89004703300945,11.482459433079727,13.763955385143312,14.327890469087087,14.548301553397433,15.22632141130869,15.62684427698588,15.631900233596943,15.731668610562902,15.711423602036547,15.87798893574638,11.957727724218083,15.379721913705573,15.025466319556699,10.893961316478249,10.806730631213066,17.4113612139464,12.859014228004925,14.450829574172126,7.403042439262987,10.635789097598296,8.99647716637546,6.725506969574557,7.40987891547946,5.341389716557235,5.232243273264405,3.6063672584643927,4.315389603341864,3.9049878315554345,2.7276564137726678,3.633134189269352
8.043717993125568,7.673516636909597,10.81567833328862,12.491017339548316,10.628146213986488,11.851299349253456,14.026934977073324,14.506620236210912,14.802860389747238,15.58757909207211,12.448243053086204,17.122430609566244,14.153940083694895,14.261976551947729,10.45954007178921,15.512626040397173,9.039917752856397,12.414973964230054,16.268329171736568,12.371937680347099,10.39456415141892,12.034756814431297,13.213402494707363,10.489220173923863,8.833379370118573,7.513659021886957,8.117920724519271,6.5875156164146365,4.8690234312552345,4.71081353542398,4.712186725860877,4.329963401161832,4.360829349726515,4.129033423875778
8.906853692295908,8.885607084783558,9.102900706123034,11.591945331416436,13.206671161000108,13.136120624374222,14.218489045983647,15.949548904186864,15.899834314313672,16.282739210805214,13.859746311279082,12.793039635440142,13.479702022934207,18.360054412751815,7.708961118898535,10.800457082088428,7.8181873603790955,11.543707983878047,15.073727561968823,13.90623384518078,13.653710382280508,11.50645483856526,10.662685368195387,9.802397342106925,9.24248666728133,7.950418455769756,8.968600040161242,6.8982464397273136,5.372753425675148,5.15360632044166,4.580831400096209,4.250660427321913,3.6216210840328533,2.6691999848105654
9.1259892248134,10.754006789102247,10.138028074952807,12.50539617160088,13.16602302810164,13.394912248804157,14.472756066586186,15.507569455706323,15.180556542336902,14.814533221531807,12.810201053560103,11.358176312663563,12.338127108921862,21.13564909413997,10.940197286420556,11.597664595169782,4.499384247826971,12.774601347664847,15.64825053922853,12.658788913331504,10.286112397580176,12.075755364007632,9.274929446661057,7.671355534095696,7.432730716993488,7.1349945989238055,6.813439471737812,6.914146968192112,5.11178385496844,4.689896222802142,4.389904156209673,3.629577326311905,3.660954768447882,4.873917984191394
12.37386142793692,11.259102716627343,11.046163343719677,10.669478195446425,12.336887072608574,13.144172517718307,12.159575704638861,12.888444619286764,12.662618678773638,16.280262802343383,12.650256749390987,7.402840517458523,14.969190090784485,17.14213588301638,16.585808023649566,7.0080501717861425,8.564196815173283,15.532774111185088,8.693677948783744,12.33199603887194,13.342045481781021,10.048107887071437,11.479964947687655,3.7446434122666856,5.557907139249124,6.435335189448317,5.62963918452805,6.628716709297849,5.110664036426386,3.354191991111764,4.164298729099119,3.1251624000726133,3.192749383307539,4.451428833068357
12.475937064627162,12.930744783568151,11.951300159234222,10.700746450623532,11.979547732740963,12.188434919364507,11.452930615248095,9.86153631185131,11.44046496238063,7.0093421734912145,5.284945666944456,5.383932923658796,17.83303320261822,15.243234365831977,8.03955895490668,12.80044348494796,12.024551564419056,10.022344867570894,10.132169829154929,11.451686314790887,10.2498619876313,11.462409369604892,11.493417217408533,11.619840552180872,9.9312952145789,6.515923548398395,7.1196109059741755,7.00275415240721,5.532876304065618,3.3516978724971485,3.4226612095278446,3.8746061022546705,4.788753277925015,5.011159097149254
11.85358557809229,11.774221964026042,11.51724971565802,11.447237933579913,12.311661449101193,9.700850983048587,11.355764091887664,9.441531491365538,14.160882790377844,9.700848249837758,17.36817241165234,7.326844502828639,17.19817818271961,18.171930605377614,16.252025580938543,10.320755141984677,10.605990200708995,10.167523220530738,9.112417930922657,10.80455967971144,10.742692821024606,10.274107027331102,11.998408604476507,10.424853376222543,8.77756648956343,8.116444438675137,8.027304505475893,7.440703266628472,3.6678498974607185,4.115592934426243,3.7892321893452316,4.316179722512514,4.756003027363856,5.138752427135539
11.203694197841317,10.411688253722344,10.67943044750624,11.638645386107768,8.672744814047755,8.545516098740642,8.359761050755019,5.642164907091217,3.690466992608075,13.05004729778496,18.21669390018064,13.986856586957302,13.110387050117986,14.36191021522962,15.576471041047759,11.298962736315024,10.139517544218922,10.818778654471107,9.297305046950918,8.493425760946577,10.571638174300027,10.733035275130613,8.477330216397828,10.993288458196199,9.753444781419198,9.54476736985666,8.798155784484115,7.115244449023566,4.229875459529052,3.11435558486241,4.588416243386514,4.737528949600222,5.208233170453281,4.830430622816703
10.474685716822725,10.491683591746868,9.898434071946342,10.533863177602207,9.028499440907508,8.114737877984176,6.549300739217272,2.5016984619236236,9.93017369568883,12.553392309440511,13.637474399778691,14.64764199148082,15.5304612602798,14.038124604912587,11.660262391302988,14.683020011579433,5.533315406003769,11.150503110912467,9.266894616537643,10.035234895341762,10.98371785786542,9.3017307870955,9.453681874438047,8.653339262603835,9.004724334877826,8.469015145669992,6.954678692726263,6.669846510397016,5.74889974300686,3.3994709370558684,4.832275797929431,5.064072927205618,4.909445353270534,4.523789723655901
9.938872560391399,10.55706925212898,9.914787175595864,9.302404196629539,8.55694544239258,9.647481044580168,15.380037162442834,4.849950088678735,13.902411408452293,12.777802382350634,15.911238676677716,17.395723267238033,6.780666930161553,0.03673403312314849,10.422889596399223,12.80782469195653,9.294040086835041,7.453554720170417,8.856588720429254,9.834981976788278,8.508448011577997,9.73904956387703,10.33498694054403,9.1358391157733,8.935020960102008,7.833148957128206,6.470772303944416,7.139484510988862,5.796603056933272,3.4876853363841303,5.355700555348088,5.01868604443147,4.993087579689364,4.487733542409005
9.807606135133447,10.559859870261961,10.463048158993036,9.888617600536225,6.192352829039412,5.943196091680448,3.4539809135081416,14.438733961404642,6.364682620309814,8.083947404357415,6.811994537115107,15.044240760643884,15.482111984775994,11.722406603417078,7.912770404008468,10.173998479737216,7.54598700382592,7.210520641434481,6.413778094883712,7.594273740377403,9.83838094522882,6.618799413716409,9.119546225603841,10.211161107278134,9.602618208853482,7.499270312962812,7.544874596191539,6.786842619455443,5.201451895668589,5.145930736884513,5.268619212808114,4.988500628136838,4.608094704036493,4.15081212440271
9.827218673214878,10.67957546793276,10.931025652188683,10.143008289961182,7.220177961916684,8.04277700308707,10.414498116773316,2.4042216492036648,5.477516981690388,8.977403777909768,12.952392793680643,16.912470326815416,8.737511842790669,13.79918545448067,8.591436358823834,9.160327221595663,10.98867781373851,4.5308330600006155,6.469975477642243,7.394562513261008,10.865565644881723,9.811347636325335,7.678670080561999,9.213744310561038,8.51635928457846,8.400502618822483,8.130756243639938,7.601909150031473,6.405134009966526,4.748807157408539,5.2012647800560465,4.582578895946113,4.247643390097185,3.9740372052537976
10.198522640982297,10.7709485018475,10.811543840354606,9.79951029971805,5.362771464040271,10.294307698429305,11.956726053248197,13.193827774943905,2.8993300757137206,15.070364925433767,16.12700978468368,17.52404023227034,9.862121911371835,6.965036831466647,6.001612335048169,5.533632292504992,7.016261585680164,6.908324741940728,6.790449711968688,8.46378847911163,8.345995982951498,10.180974931382417,10.1133903243757,10.122588552812331,8.563119795180267,9.501793193485367,8.319381146309444,7.207113654992803,4.649467021771261,4.6195012633046435,5.070408283383824,4.678206603436678,4.530692873871894,4.369731746833952
10.304027210389755,10.713279723552926,10.46641120931411,9.737259886931911,6.460862591571709,8.544210337615823,11.135392051164631,7.862940906646102,14.45343890421381,17.621849698871323,13.975124221503387,12.390423985309173,7.550806767359029,12.645012993265436,9.845790562651898,9.500904232790132,7.1009845258064805,9.055746127677045,8.537123847473595,9.862974107059973,10.306828038244525,10.423664445798986,11.166303869778798,10.830958418535165,9.992139371021658,9.117268251403996,10.067822058180706,8.623580618181494,5.970642392918333,4.932995531268384,4.740793825412887,5.056024826941551,4.882234798179567,4.845177861248653
10.36050658530866,10.595615972214308,10.607818485173942,9.718614845237708,6.331849439621102,5.97366925722978,10.980012797840342,11.020091752988685,5.6824973066656534,13.006698814096836,11.654804418473017,8.549393174926001,12.8192286712064,9.103447100593767,5.549085443241423,5.535830702111058,8.204344078620833,7.569081965968213,6.354426341616666,8.628809585103896,9.525844868380375,11.161734376404434,11.802096556279654,12.497144847223261,12.111914897536339,10.689679179307637,10.066799007066548,9.46993134318483,6.538221962191331,5.515508834512637,5.645429368881308,3.9962545013860713,5.364085044992823,5.261432384558493
10.498558070796058,10.270878204935093,10.840100265551442,10.12713613721341,5.3201431255234075,6.127532386548828,2.4780981559309354,14.145879602291272,13.790935690818841,14.114209074275916,15.168184831431846,15.660971645093904,5.936439780489599,12.250971845864303,4.577595013303184,8.276778688552449,7.492640836336154,6.467013647746853,7.970516656892993,9.388366699126653,10.342910868693037,11.286306001360721,11.826826003705621,12.68681044155092,12.046885061554818,10.644737744308385,7.743567938197056,7.46851364449726,6.417320550576331,5.721529893596878,5.768015875972223,5.347177586564871,3.6386027584885485,5.220653926902142
9.948797832388443,9.796792098201063,10.733180992806604,9.639014347976765,4.815519910143907,4.883027247831845,6.525196766359015,8.522674836356442,12.2664476236357,13.71287364857206,13.488421133409195,13.825148042535695,11.754316844476506,6.9297978765115475,4.266060285042256,7.130883435692632,5.946011695847171,6.818617132942218,8.778615305771911,10.565735486523819,12.102865162895506,12.38988449350331,11.266309901434509,11.837010973607525,11.803006300916058,9.23699937372801,7.9065886321823555,7.060148206972547,6.6875976581558305,4.920291752128445,5.8311208215423544,5.704940217611597,4.62253813669558,5.057490268817171
9.495821203139938,9.667220360547793,10.053356954667715,8.669281242904002,5.078817799751196,5.368976780923633,5.9565016450521835,6.004300698321779,11.48977469832282,8.95264429691826,13.541172576423953,12.048019180614567,5.65362969484617,6.52195961449511,3.100359353723743,3.4117450622724808,5.122161354658691,6.8094042829421495,11.005450135883756,13.348552441030284,13.239774607784387,12.31036568330908,11.207966987138297,11.094632246483933,10.66177448765731,9.988323147365069,7.4401050731421075,6.8568998496550195,6.85125779122972,5.263312894004381,6.240637614330128,5.678877195906579,4.866070515387916,2.993824422212565
9.399384977146516,10.001209482474739,9.741930715169651,8.46125051427894,5.938155986901165,3.1739318684887645,4.307168485269484,5.854169190148134,12.213461486047413,12.172288101387247,5.2567430225571385,9.457594532928145,7.942435235413161,6.676435060134181,3.5384326111509874,3.1446028629711402,6.129033821012977,8.910464615790206,11.18230532383762,14.133461619008512,12.417585977185754,10.650178005083534,9.926940316820822,10.296017968214874,11.275811992475907,9.268336451276593,7.95920608570566,7.027897809594322,6.280655001031596,5.3387728545195925,6.680537465299105,5.681551523560273,5.170292406323363,4.416578245107312
9.12049454792231,9.579344735935516,9.819840946984053,8.759016627416512,6.320912934569993,3.8607451139855953,4.466446740035867,7.594558145966741,11.380546406357613,6.764357540318754,6.3054136124783415,4.985446292530267,6.4062357761821485,5.539944624024948,4.568259996917061,4.87343934433172,6.691974062840699,9.308648702932532,11.133490796000663,12.387142460616431,10.619154229550919,8.381572464488722,6.897062066536737,9.764236895848207,10.42157717524042,7.983173088971952,7.531254220381133,7.160496907666696,6.837318617297314,6.152465739826184,6.666879174230819,6.581791708876481,5.704889407295398,5.330860069007617
9.584996307847426,9.53261803751565,9.73244047951085,9.70752843651673,6.531619062705727,5.984306836394932,3.4827572296832123,8.126978441484102,11.329219021414021,11.076742651644103,10.170079311525388,5.936229591105407,5.8425470611646695,4.040132287363804,6.281556009574762,6.336582667701143,6.266464390634678,9.202933685527963,10.703176308524123,9.866115760565494,8.258147200142009,7.66558195919847,7.662373459756149,9.815772235007827,8.639120788814095,8.383202273976021,7.33355248297701,7.422749013379606,6.822579260197783,6.671830426794339,7.022258586628749,6.051609960245668,6.147568498061423,5.902503313062277
10.202259022126459,9.41438429578959,9.744418611404834,9.157295922737026,7.829967929732105,6.615670556899969,6.985500605001327,8.209439992886015,10.12964706727998,9.959535216307211,10.902491761347783,7.274541668659594,5.973732168893008,4.604806362180229,5.09655239516761,5.850757909633862,6.566288651389508,8.692426711315683,8.913000578474408,8.450606623412598,8.487847742998147,7.567341281070805,7.978520663504996,7.923442164502206,8.206476265850903,8.733476427131617,8.34427730512317,8.006812539258382,7.754550996421275,6.23453600500218,6.265776085248437,6.127904608185473,7.589483426306444,6.555896592927399
