script/wind10m.json
[{"header": {"parameterCategory": 2, "parameterNumber": 2, "lo1": 6.000198445256149, "la1": 58.999992894266676, "dx": 0.5, "dy": 0.25, "nx": 22, "ny": 24, "refTime": "2024-01-27T15:00:00.000Z"}, "data": [1.596637034730246, 6.704226657035602, 7.428194483225803, 5.516062790883411, 4.890918458623067, 2.2759808501648133, 3.8200686239031314, 0.9169794116489661, 4.231958360989883, 7.710619668739329, 7.130751146208931, 2.415578935352162, 3.7000767783207964, 4.389315754896931, 3.3135791361667235, 5.81198474497103, 3.483361083795245, 4.3587724237238294, 3.1872696094219184, 2.8316215129634026, 2.014954530695342, 0.4530777979907304, 3.687155802205334, 7.133247488393391, 5.63062734355578, 4.0986296186221125, 5.833221755824916, 2.277529046074198, 4.077173350842936, 6.307388952042041, 6.13476016923618, 7.10682767129584, 8.865536547022117, 2.877854268424095, 4.093471828989277, 4.577589341715091, 4.139941218621151, 6.010101521291695, 4.292598019219857, 4.810521513173548, 3.22646177465064, 3.6371948758328254, 3.35650912335555, 1.8138190523856466, 2.7117780142766255, 4.25287348184607, 4.1862639148505085, 3.069496445142337, 4.072578609714675, 2.821383851026322, 7.269540500348277, 8.579843054412073, 7.471098025550494, 8.52256628343584, 8.675862766289773, 3.3558541972426057, 4.0455344003311815, 6.263606875122506, 4.361405470142562, 5.622776180577986, 3.267878415419991, 4.966077474326231, 5.11018746849954, 5.808616639679052, 6.0214338972863315, 0.4890203601549349, 9.182086922741044, 5.678525126497344, 5.098000333966595, 4.143248529145666, 3.1129319427034874, 6.068366950139444, 13.775439462522206, 10.130014595812815, 6.9260684727451665, 8.1339892619889, 7.940197411741007, 3.452174225924212, 3.0957917553346896, 3.862407809960603, 5.395647771336973, 5.336103821432222, 3.7643462082516335, 3.045421294460189, 4.364660731009463, 4.0401045627433305, 1.8224739848564386, 0.42903395782759024, 10.057076345743026, 10.729363562836234, 9.065833175996227, 6.9674815584031755, 7.6775660559724175, 8.231504277569414, 15.86956032351948, 8.174981941842958, 7.757421882756601, 8.18927237965297, 8.686850813973825, 4.954830458674413, 2.246992711543993, 3.229861107178018, 3.9557361958595108, 4.402414964370942, 4.506227780677167, 3.897600976658515, 4.247879686081898, 4.055425709643927, 2.3229463236866, -0.021478094805317097, 10.82696740567128, 10.930272217909375, 10.997377741969727, 6.427661620402451, 7.874924570014859, 9.167757349581944, 14.926510884838766, 7.084483452681623, 7.064298777097394, 7.974333646789164, 6.614414799881983, 3.909637444883896, 2.0929933354579164, 2.738885041623897, 2.9864516256929754, 3.3191110510720843, 3.7831672717033933, 4.368680801586513, 3.988682742106973, 3.8848993105600096, 2.3127187703896324, 0.7517061942250765, 10.548442187731645, 11.24298905646593, 10.479944639811013, 7.6518084710504795, 8.368355190236434, 10.977399808846595, 11.56408431709369, 6.5500914640701335, 7.385202596551721, 6.781444852373776, 5.5434025246661705, 3.3533777567827037, 2.458701332212821, 2.7746506889378137, 3.29604062098368, 3.643966203217176, 4.012358944136147, 4.210944396704774, 3.326237317463345, 3.884321663973198, 2.840242843780018, 1.1047498078646933, 10.199776085817986, 10.778449632884087, 10.057601018978746, 8.53566076012947, 9.059306161415396, 12.323512480457927, 9.210052907210194, 4.5884419066545625, 4.955745952178453, 5.05626717496809, 4.044531415413117, 5.444160887390349, 3.915130251304136, 3.1262176180043566, 3.2477859102165367, 3.8345781251853372, 3.6481160696774437, 3.7093159192479663, 2.771063530421795, 4.035556295493118, 3.3535638218712194, 2.044664966336583, 9.874698972511375, 9.91862356253655, 9.36954051909952, 8.656444225034036, 8.938067913606742, 5.876167485288003, 5.713968789804061, 6.340457629963955, 5.480173914556509, 5.356740015981686, 4.7130568587668265, 5.3007666230955275, 5.177869535108386, 4.516315671864882, 3.469571676479923, 3.8885128787704946, 3.835213813968016, 3.3913227956384246, 2.5155617895543423, 4.224610945845566, 3.3178325066243244, 2.414721983779166, 9.172502542786006, 9.367413472061035, 9.382005972821744, 9.089989163064027, 9.908628563692139, 7.098791512267189, 5.88407316528901, 6.041184033998735, 5.606162957540124, 4.975487765123483, 4.444869861225604, 4.314390599420738, 5.5004427524825825, 4.923239204823091, 2.7648443963439138, 4.24426443024264, 3.6943342642437123, 3.5168580999387746, 3.3011278549488514, 3.7258174195334566, 3.6889137413923847, 2.784128833382498, 9.025416173670152, 9.423157105305775, 9.68481603950449, 9.61538970801824, 10.9946114781794, 5.7123447934786435, 5.0821967585443755, 5.641596993304317, 5.248856662000279, 3.9627697558196493, 3.2100335732853273, 5.652017195366174, 6.894750496391947, 6.33202957424919, 4.949098749003942, 3.5601656889106277, 3.217734151228882, 3.572503973247194, 3.2540528393601793, 3.280586355251646, 3.385551915324776, 3.6083943395444202, 9.049935850502067, 9.250101273344495, 9.598252146859963, 10.081888606972301, 10.5932721295784, 4.486264052483644, 4.719732075694424, 5.480991321709639, 4.782082726130203, 2.5588479082957813, 4.076544324142754, 6.368332280295431, 7.419358623579205, 6.8154201487551775, 4.3445652187920425, 3.787569242866368, 3.3828074677711406, 3.4717907629492113, 2.7299668394421497, 3.2123520896061075, 3.770645586432868, 5.349017105311657, 9.02241360341978, 9.368953158590267, 9.723975183252541, 10.829881652599978, 9.78919411500842, 4.614790577397349, 4.439930806252289, 5.108994329599338, 5.024948266704451, 2.7577117317722215, 4.221294352834401, 6.577040000439434, 4.714549139697027, 5.285212473604266, 4.29814198925476, 3.3567658873709982, 3.635866010125363, 6.121210038596051, 6.040677207982973, 5.385616284842988, 7.087214196228954, 9.600791057681093, 9.05627316115298, 9.38051155735756, 10.094794735000061, 10.799644898273554, 8.580719351799376, 5.559054611400382, 4.808843648309157, 4.793250341703662, 4.409559420654542, 4.660205418272851, 5.057548767413007, 5.0803491835319, 6.549883787695586, 5.135704771613415, 3.9628697480832917, 4.984307966336399, 4.077711283745595, 5.4393506742664774, 4.9430998157401875, 7.903645084277375, 7.99284904235652, 10.088166186597427, 8.782237355283112, 9.145590693045747, 10.382725860885547, 10.225598442055636, 7.298232257458226, 4.830685256385328, 6.1713713931444305, 6.308142427766108, 5.044255175035426, 5.08174886431842, 4.156106180515818, 4.767788278625974, 6.234682239675586, 6.133720618185731, 4.54591861934945, 4.75221733944868, 4.7345720238033495, 5.516232363485542, 8.036251360737026, 7.0128679729125745, 8.051436225312706, 8.931503715093115, 8.467137094234833, 8.886601803459081, 9.996654285279043, 9.438868738474392, 7.561147303057019, 6.431333486500564, 6.6815092136840475, 5.835693483739094, 4.887394480873779, 5.496077172763603, 4.806135163591763, 4.998914760002981, 6.74784942684503, 6.536537197137875, 5.5942073553906235, 6.662248651480522, 7.060401519255889, 7.664384415691479, 8.707975999295845, 8.220946439057037, 8.175118314268229, 8.8065671135416, 8.272566258148277, 9.009543627683277, 9.163560588193437, 8.482392762615966, 7.259612724188328, 6.9149300429073515, 6.440198086617582, 6.344562078256369, 6.783842462883418, 6.718939307180338, 6.310402739962904, 7.620650278096063, 7.590540089708266, 7.425233683764017, 8.388978695751266, 7.757042070125999, 8.041091363954612, 8.312878985882453, 9.71298967669882, 6.418437326514259, 7.572819516164706, 8.22439074949364, 8.371206714514388, 8.518465645557935, 8.754247521954921, 8.246645125281004, 7.105093664313964, 6.729792963588114, 5.441748140005605, 6.265124268611566, 7.927913079220723, 6.723982748011792, 8.620102951963958, 7.783244000821775, 8.139216146843797, 6.233282715119957, 6.131339533030312, 8.789063390587215, 8.611208224447477, 8.345275645572972, 11.086574811220629, 9.194639467907281, 10.340227060217366, 8.716557281295994, 8.383977224295258, 8.539999710663718, 8.718131931607456, 8.506687122087758, 7.634474137569876, 8.300097991289299, 7.285441614435129, 5.432127378588086, 7.238795886505292, 7.347037884460005, 7.793368829107162, 9.831380414520895, 10.751630278827484, 8.076907762265918, 8.106534313520491, 8.08617360792866, 7.003986674883789, 7.5356743745813475, 9.972059823542077, 9.075182484974366, 9.746680330343562, 7.08416679818717, 8.166238669519933, 8.4740354032916, 8.724114426294381, 7.866861521357441, 9.009972688045488, 8.742566792211129, 7.168365123227076, 6.457061176153526, 5.584810647551575, 5.033416324576878, 5.497363607070365, 8.443284861668985, 9.71885201223624, 6.459624583239773, 5.790137482784122, 8.7617380083494, 7.389565752084837, 8.109026091607236, 8.426242735874252, 7.718885643884877, 7.682209132985221, 5.371461680911912, 7.969864031475309, 8.996513137732563, 8.70371257484062, 7.1203296634899695, 6.554135962649853, 7.313881012581338, 6.716282135086299, 5.945951964032863, 4.883454126006601, 4.754065713459672, 6.6800141636935315, 6.953145461397176, 6.020144434353175, 5.41037146039433, 5.5976964668234634, 5.728350164210826, 5.608308533690169, 6.650643328563832, 4.070251713722682, 5.614569177999943, 5.699210148725796, 4.675851949689118, 8.271603726111184, 7.663302220085221, 7.177442683882129, 4.382010118382938, 3.9949472801491437, 4.615982313931081, 5.639103840314422, 6.043494485114164, 4.583431165896871, 5.086486323245809, 5.431904141645694, 6.603611788353268, 4.845999000840918, 5.234798857644004, 5.474171583184651, 4.9561108706237516, 5.242723844051156, 5.322254053197203, 2.9463052788402257, 4.222352536698322, 5.323267889319673, 4.31747976789833, 6.482369060596502, 6.277448936151419, 2.8393947244081628, 2.909895887052189, 4.035041784831406, 4.438562135880345, 4.555080924840699, 4.896257433353151, 5.094529416916972, 4.555629841567916, 4.786683301896834, 5.287486647144151, 4.6797142659916835, 5.29583624833156, 5.296053421108951, 5.098185389647519, 4.605488753618954, 3.740515408026197, 4.619718626106311, 3.2485506916343496, 4.589372595630875, 3.5210685278939318, 4.287469544594422, 2.4073323232132537, 3.0185103348044056, 3.772265642849198, 3.183651292491223, 4.396290663358646, 5.169827865387826, 4.797152193822586, 3.7027666892248603, 4.0919591756809295, 3.4491010377737137, 3.798753975757277, 4.393732901840407, 4.085915776028674, 4.242240484646, 3.9676106918524554, 5.623473403091448, 4.330117806519622, 3.721065623858793, 4.247818183632291, 3.6263078758773473, 5.39743912936185]}, {"header": {"parameterCategory": 2, "parameterNumber": 3, "lo1": 6.000198445256149, "la1": 58.999992894266676, "dx": 0.5, "dy": 0.25, "nx": 22, "ny": 24, "refTime": "2024-01-27T15:00:00.000Z"}, "data": [3.3880133291564127, 4.010003345561378, 3.0887146424793026, 1.6926111409254019, 2.617829447261683, 2.9714322122418415, 3.430518901732761, 1.6535637380758932, 4.845603153161783, 9.66705840774031, 7.782303220419123, 3.3165103109501577, 3.1545533912854054, 2.4297509189301736, 6.9455881256005965, 7.247236068662302, 4.455585888851745, 2.07081540019433, 2.147813417868981, 1.7745632274496603, 1.7018717106909094, 1.5686672733186842, 3.215543311701028, 2.269022308769624, 1.924097712821677, 1.7028532506404113, 2.3975609196128986, 2.6476610981781756, 2.148511939564424, 6.258333537131523, 8.501372120662852, 8.435226207423486, 7.475469787279777, 3.193034664967643, 3.3991004688280273, 3.016124089121752, 5.933784079751765, 5.336150311246147, 2.4418995411749007, 2.4630018446522843, 2.0789521963645, 1.6851066239817418, 1.4690264187884625, 2.086676837164406, 2.101768701361139, 0.8388527983268524, 1.1066893160080857, 1.1831058879226801, 2.1982739053577047, 2.7683566041505188, 4.382149333957656, 4.8485387021308055, 7.515845350400857, 7.81755312064812, 6.968516845538882, 3.023065143909791, 2.891854874069991, 3.9240860267962177, 3.49473665881848, 4.403810343922714, 2.306668937608037, 2.180606565637358, 2.3130236468950494, 1.2739325988821377, 1.2404766916337444, 1.4442365297364508, 5.717903545476013, 1.751088445519845, 0.5953874863986629, 1.1402291372783044, 1.799090907400154, 5.778056217612758, 5.7023831250392005, 3.709792054427163, 6.264167680189525, 6.153073954403375, 6.507958206005302, 4.0902261274084, 2.546115207935816, 2.52990753156155, 3.3774878533775343, 3.2333492675047526, 2.0180036051649006, 4.3794217621687785, 1.4808593081649593, 1.0764348523836977, 0.6290403100680649, 1.2598159491248777, 6.429410987899078, 5.354359950411215, 2.501539438346973, 2.071814413848961, 6.909299537243403, 6.773445404071272, 3.485006242747656, 4.142584752018961, 5.9935788219039505, 6.071627329090193, 5.911352943154049, 5.154585543069579, 2.7687590903855246, 2.582028802057438, 2.0882319873642587, 1.8106428445901128, 1.03815541429585, 2.0168847277765254, 1.5390525662588772, 0.7865923806351824, 0.7790260836034276, 1.133031593794371, 6.335227445924999, 4.877330628612333, 4.059455949101327, 4.979350327368362, 6.819425603163289, 6.319215753590143, 3.0276326895907837, 5.122496809148215, 6.443841049662217, 5.029186588403729, 4.304056362957391, 6.198016886246777, 3.860128535940355, 2.342293068375265, 2.3852253143882884, 1.4136733552533933, 1.4376465896487758, 1.1986725062175856, 1.0067864758114768, 0.5917593244158661, 0.9787436584676136, 1.377827675914964, 5.590556549425344, 4.704209666064721, 4.496600611800234, 5.862701123113622, 5.468660471315446, 4.990484775900057, 3.7039890783642155, 6.242557125739981, 3.6881123667633315, 2.3013906877948647, 3.3482952225910307, 6.198597829795955, 3.2819017280117935, 1.8714065897407195, 1.380192910795795, 0.8231672853576314, 0.5314010637269266, 0.650091096639068, 1.0665566408868326, 0.3621128308215798, 0.923231861366317, 1.0546079406609636, 5.432944157025052, 4.8529984895663265, 5.139131049133319, 5.949436607704125, 5.345155868478076, 3.025376701220333, 4.902434905064325, 3.8666257592046422, 3.0285939503095713, 2.3945611284573367, 4.139826235600235, 6.544775449305383, 5.752477847430519, 1.9790961096719188, 1.0136999427839104, 0.6467781221063608, 0.5185064027891007, 0.381217768446559, 1.1418717492571075, -0.02572810336054202, -0.05970514746546456, 1.2707248819192403, 5.190970633879242, 5.152144559287466, 5.375742369548026, 5.936331590603617, 5.223424717440123, 1.8123998830179404, 3.1292312328896577, 3.488049270312915, 2.1232274564490985, 3.776643496674466, 5.721869719039599, 5.929372165085595, 5.27504438856244, 2.2709847049475784, 0.5376676333043952, 0.46364403275127153, 0.4069297331517067, 0.13276211434277543, 0.7238785701537335, -0.1446357663194887, -0.043512940863699646, 0.8903487964343642, 5.59300001220232, 5.667563267843512, 5.543251451119352, 5.5331671874270505, 4.4092222874413345, 2.702988103062879, 2.7079946309679546, 2.359908874274125, 1.9133645604776497, 3.2793692260696137, 5.42746971399698, 5.359180707874394, 5.395667916902089, 3.7074517520619352, 1.1538836060098003, 0.2610629846145582, 0.13165850998676135, 0.03539814155798739, -0.19747697273046613, -0.5972882192111335, -0.35979973032327717, 1.7684453037008647, 5.787733056672257, 5.632234086617582, 5.424251270393065, 5.148784852363734, 3.3644224196659547, 2.7179073222714085, 2.3100656825995527, 1.7152538144397333, 1.892049703378633, 2.7084421690747393, 4.235764273128284, 6.042113944237849, 4.815291267181804, 3.2846499337005857, 1.2164737238575458, -0.33303814094206097, -0.24958133944354854, -0.45609759168121344, -0.7885823933918312, -0.6765100570163103, -0.46299219777776607, 0.6302394311660184, 6.076196591844582, 5.7046217560467785, 5.477645123892759, 4.62514878735777, 3.1957379380764097, 1.9347550327021292, 2.3145423725660197, 1.7389095728364874, 1.4686995267835572, 2.647549636285234, 5.889206883444991, 5.946118494165792, 4.476607792291576, 2.2848408684564117, 0.032254991585276394, -0.692008808290273, -0.6249634935275544, -1.0830435940811072, -0.8881063723026655, -1.0274950531114049, -0.7455513916898363, 1.0529654279775205, 6.14393687675414, 5.887032089110675, 5.180357238832635, 3.808307128945299, 3.061769051064158, 2.280841080252724, 1.4862539628139582, 1.043647167062836, 1.4750501815178623, 4.346837687855126, 5.667445061872796, 5.1425509295882526, 1.9497743364496962, -0.10063095008802929, -1.0238632247822828, -0.9670197879541215, -1.0232047390104284, -1.7843965546698597, 0.644949223710639, 0.9981787913460682, 1.1389757984709599, -0.5970234807374551, 5.8693488172441075, 5.374342753737517, 4.233008238499884, 2.9697238722926786, 3.218872395368063, 2.4605601719480235, 1.9915006864149842, 1.3836632027498403, 1.6855661601753786, 5.019902552056012, 3.8446446975560105, 2.0784749774760356, 0.8784554364801186, -0.47839995358793175, -0.7853537268837992, -1.708881229252755, -0.9899133750495821, 0.7120551087636623, 1.3086939214857711, -0.17192463016767406, -0.4844283646402724, -3.4831782681570065, 5.166733879125585, 4.409188716813858, 3.2698260280176865, 2.5056395905041753, 3.4944031747712105, 2.61357951422978, 2.031251471721541, 1.5675479462495898, 2.111496676340682, 1.7041187644365399, 1.9855043401407744, 1.713308790059118, 0.40872949820894616, -0.7550306708776952, -0.5368882868233932, -2.338727959520338, -1.865051332752105, -0.21991772987694694, 1.185334909986502, 0.03549079354853641, -0.31017289551912625, -3.0069755309299047, 4.652041776899168, 3.620889089171428, 2.7370470342493176, 2.896965109899797, 3.7586439975036887, 4.371282798205288, 2.352956582653023, 2.0396009424780144, 2.0783790167841794, 2.2754228105719405, 2.754655195907116, 2.1161842224897125, 0.2820453674271822, -1.0694933038508312, -0.9763654845699727, -1.0210743645462426, 0.10041646221630977, 1.6859636217766587, -0.23000460701388944, -0.8745329064738204, -1.0263323998550764, -3.0400106319632667, 4.3770133588371785, 3.621341401295934, 3.12828744421657, 3.4150395578499073, 3.7764542492803037, 4.0120956137348935, 2.7528494456264503, 2.7652909398368872, 3.1602217064430023, 4.082372335302847, 3.845949175860224, 3.5446202653944954, 0.3936569225994908, -1.178225997877546, -0.6165997386804964, -0.13882214469449705, -0.7092573149488793, -0.32650320743791655, -1.012811183513566, -0.05527371963586379, -0.2604758182277534, -3.3220587634173593, 3.995384650949415, 3.7008203016041255, 4.017829769627223, 4.138248693442378, 4.421200534237075, 4.2689862277960735, 3.646877828345239, 3.785825200060223, 3.098415877819487, 4.557825875569301, 5.123597422749391, 2.1195857485655583, 0.2526976791545648, -0.0995156180104567, 0.16470853620971115, -0.8661486471181066, -2.1661257983199502, -2.149094415314771, -2.498877546286256, -1.5578238571268317, -2.7853409405789633, -3.0694383182125184, 3.9024330199269186, 3.8046153702971983, 4.032684292039476, 4.726179271522008, 5.590843711657362, 5.42675739554771, 4.509775321025783, 2.6473118820811568, 3.2703554781524824, 3.9188524288263826, 3.1277307633464213, 2.371864194895424, 1.0165149904795558, 2.1374120762543387, 0.23222922387092435, -1.196145776125296, -1.3469280054928345, -2.543918604474273, -3.191598062763366, -2.2835833409610546, -2.9238866850185827, -2.6674813217219793, 4.244633827055614, 4.248918625044057, 4.033495695274198, 4.7636133511001555, 4.464914207609456, 4.496840722756273, 3.1041963577907152, 2.132419491994295, 1.994028440793545, 1.6793218344566136, 0.8149099659716491, 0.6571277998240691, 1.7852252243001359, 0.45689380799901214, -0.6712545291729801, -2.299848667012454, -2.2250736600984324, -3.2616110053356953, -2.234904870699888, -1.1394383616488717, -1.4823185502060963, -1.9024457410650222, 4.93652285796496, 4.393873763283187, 4.317241694070797, 5.735771313305187, 4.783576565046492, 3.896827427294406, 2.724028467196483, 1.3647781979364861, 1.3880842511254063, 1.3909614573037277, 1.763560950143428, 0.570999354200337, 0.31266568043590015, 0.0441079691321646, -0.8539832966821862, -1.5822037997550698, -1.9766189399081582, -2.5736368338912476, -1.2281868298676004, -2.4305359939403792, -3.1089873199871234, -2.6593416772604774, 4.760650225024476, 4.720585498241387, 4.558151214406279, 5.016402878851819, 4.604257911284967, 4.454323873899165, 1.8146416032708768, 1.4331108990983321, 1.216639349999588, 1.1695664704092505, 0.7844729576247371, 0.14961368232256939, 0.47108376841495153, 0.33247331231011956, -0.6166550830375381, -0.7392619871866356, -0.9394531954174591, -1.0956464615220145, -1.565353554621763, -2.8163492560682397, -3.4353133086823684, -3.141736938285794, 4.143022922886663, 3.344635702616545, 6.076243821397571, 3.443257765172628, 2.871486857901506, 2.861555655351895, 1.1787807321995378, 1.3239324500308103, 0.9787382604679056, 0.8051765885746114, 0.5249155024729522, 0.12694808121119683, 0.48679463051368865, -0.1563652053772098, -0.2750596677853468, -0.9178375066795634, -0.9959628444099916, -1.4881976317302779, -2.656107749542475, -2.4397159654458216, -3.3087018640337793, -2.846288469287307, 2.304446923667215, 3.517321252979454, 4.005104324817061, 2.352766894860793, 2.041496479689215, 1.4532036654577531, 0.9725212335044957, 0.9479380099341362, 0.8042102408749539, 0.5094865196360875, 0.04051859501050777, 0.1673744251903945, 0.5152502871413029, -0.30212050716225325, -0.638021768092059, -0.4535131534390483, -1.6295351812309726, -0.8955371395366156, -1.0744004102329638, -3.036580714487115, -2.9467922893537244, -4.328140832775077]}]