script/wind350m.json
{"header": {"parameterCategory": 2, "parameterNumber": 3, "lo1": 3.000054539987559, "la1": 64.9999836372058, "dx": 0.5, "dy": 0.25, "nx": 34, "ny": 52, "refTime": "2026-07-11T14:00:00.000Z"}, "data":
[rows 0 to 23 of 52, columns 0 to 33 of 34]
0.6397557371407983,0.15660201439348953,0.5130593930590397,0.3652068958243126,-0.30721480639462917,-0.04313778087843638,0.0011832692216193687,-0.6117362247381397,0.17181095107324443,-0.31041487612280766,-1.312298943441465,-1.3692132581014662,-0.15297342787642051,-1.9777932801246747,-2.11617290264796,-2.1062461306716105,-2.2696745494256763,-3.670466723111198,-4.3497169832067994,-4.2568192541829175,-5.789520689415396,-5.5085481015669036,-4.021292669433432,-4.351991530425821,-4.17225014591493,-2.6187727983976434,-4.587817774231298,-4.476674240806927,-5.785354454791289,-4.613053061087817,-7.291120085197388,-9.690053526425464,-9.91449719995741,-6.958624828622492
0.3419138651117399,1.17705495089895,0.3361734881625873,0.03287302417342214,0.12097214328274293,-0.4384954599161493,0.15689948228929382,-0.9558837304344804,-0.9948295114553857,-1.0105859002427646,-1.815935233243391,-1.7218005001840733,-2.275675132585973,-1.9953873645339402,-2.0884598993100085,-2.0851376993129915,-2.7161283390466116,-3.2413678138538597,-3.5020807054249405,-5.713375519445405,-4.244946992954321,-4.869542166353597,-4.417268155770673,-5.085883582909867,-2.7113496440454137,-5.861532823330158,-6.054475458226954,-5.542224472785038,-6.8316741433851655,-7.544417881139244,-6.526457316987284,-7.937557775619758,-8.602862515731218,-9.130301273196777
0.7623938541069499,-0.707745998860608,-0.49419287412392876,-0.03138650814224373,-0.26692983954642785,0.05117436506942179,-0.10689790924579386,-1.4591824232194441,-1.3259906372416064,-2.6263072269769996,-2.848220513240159,-2.302540519241766,-1.7450573349547607,-2.2982634927796632,-2.418921909761139,-2.615181056571035,-2.7715180771324492,-4.901577863439194,-4.922215393161436,-4.757208570799873,-4.689353127147689,-5.379905349240581,-4.933794886675872,-6.242633772188566,-6.356565902988343,-4.105097143423096,-4.4278226508084195,-7.383624383002912,-5.918781254038679,-6.66214508479414,-8.705774303343649,-8.699777265298444,-11.486831330326037,-7.985128902268846
-0.40924014977017537,-0.5684725536661718,-0.295052305506037,-0.3205634394465681,-0.6917912973441596,-0.3132987047591343,-0.8852233607764993,-1.4317555040816459,-1.9736840780210674,-2.536692203418332,-2.516236078645829,-1.825662488882458,-2.562264379405044,-2.818671089757882,-2.720645584659656,-3.114887206053288,-4.680912786222206,-6.1372590508852305,-6.525507972942358,-4.1420655781002065,-5.053005020371312,-5.520894760835586,-6.046433997449562,-7.077595513572223,-5.561397978826922,-5.64649882507034,-8.079597234052354,-6.130708777104269,-7.083547769218915,-7.11255915579393,-9.196869765196503,-9.952908290335436,-12.245024603236576,-9.634071277543919
-1.2379779601436427,-0.8378611416008052,-0.2189628487546292,-1.8771342544541259,-0.6336011413561894,-1.5692083201595968,-1.7118359575301934,-2.047757816824808,-2.7358910389013777,-2.5187162016791445,-2.4570137587013794,-2.8654577029465744,-3.4960884083602575,-3.590408035670511,-4.730924851012189,-3.9929662384595175,-4.857263954483814,-4.859294205319161,-4.534287534502016,-4.9413024973640125,-6.104815934834027,-7.425142572974754,-6.397248633009033,-6.223748930736124,-9.289271601895003,-9.142476049599576,-8.236756139342708,-5.9406151052326654,-9.082304672838099,-6.966212632898687,-8.092721149148058,-7.267389870812836,-10.104690788610842,-7.198586676604522
-0.48722585308666977,-0.7672421012264523,-1.3799502508692978,-1.3740579542888909,-1.9085200822222037,-1.995459443321178,-2.364589667897064,-3.077390673733197,-3.821653392199102,-3.434769257705287,-3.0933788010377703,-4.176323771872508,-3.6795812757153725,-5.028360295241335,-5.270363929060659,-4.081427021911426,-2.770607996322823,-1.9089786900275805,-3.2299229792338693,-4.0381195184664636,-3.0696833947960394,-5.8097865136315345,-8.364285393743344,-9.883386229595216,-5.4271001184458925,-8.385913960070388,-7.549804876288092,-7.791666411647856,-7.734865540067439,-9.410809853118709,-7.360052021255366,-7.564775510710989,-6.267489516516155,-6.985840406915256
-0.698594204153272,-1.5784307494537606,-1.8431721298619197,-2.7252390139511857,-2.790110843099211,-2.626720245295138,-3.0948937517904236,-3.3921557279944965,-3.662227016258965,-3.702334580440025,-4.936133581030674,-3.8879090086476324,-3.6103866101347384,-4.344041789938495,-5.269431550249899,-2.3322869791552145,-2.2821538729370494,-0.3716434128032826,-3.9680197739591794,-4.084442250389544,-6.204865789179146,-5.825935953702414,-7.046080225210838,-8.407164451040993,-9.694120477390392,-7.8894760335593626,-8.144069184325469,-7.6950730449434355,-7.5916843296324705,-6.355431493108329,-7.305788482015551,-6.715308875160806,-5.449413203747627,-6.587842388317478
-1.847746031551061,-1.9286081444132577,-2.6769076155640352,-3.012907525426083,-2.9407432328719545,-3.5286038135568805,-3.7775712771612784,-4.306036443389817,-4.436584739227152,-5.851790301652225,-4.478958931776416,-3.163677661024911,-1.4726608958863099,-3.155673906656549,-4.415053636373986,-2.959084074069642,-1.1688082796132901,-3.6731304753260505,-5.19381181136879,-1.9680581702955946,-6.239430813597451,-4.738285151113686,-6.35638886760587,-7.7417091695073985,-9.623548706503174,-8.821325293492167,-9.07819933323991,-10.89532439093251,-8.013650100526913,-6.8679878008689315,-7.825282571595608,-7.759546675094762,-7.52903148546167,-0.24532000736290058
-2.0680585365219444,-2.318476642469626,-3.2886476549331145,-3.513946553665074,-4.12517621231326,-4.024454843890013,-4.979567527561752,-5.278894959361244,-5.748559778323644,-3.398336039973838,-3.7267104866766907,-1.871543283823319,-2.5676421828132225,-3.27539900730098,-3.2971462010735237,-3.3384892724517528,-4.904424335711169,-5.715899169707203,-5.681737698819727,-7.106345294225498,-7.757591941154023,-10.531307240513613,-10.879355045090069,-10.709910298075899,-8.72577647615895,-9.011312537348989,-9.609076948071506,-7.796043193246983,-8.35850906154188,-6.984914619723227,-7.3809950085053435,-6.319158039382611,-2.9153396979852273,0.8050157204466242
-1.9483020753830276,-3.407874068524644,-3.9935390688840546,-5.369761471545488,-4.744170868052006,-5.630021570075921,-5.955703311292129,-6.000499398379536,-5.277189584812836,-1.8946823242043884,-1.9691797639934958,-3.3379297268859265,-2.732974387644096,-3.5247475246898885,-3.609396350219156,-5.789452837646019,-6.637836625459973,-9.459966525509333,-9.003172595378901,-10.154684567205836,-4.858264189869597,-8.658665787864983,-6.289575241271791,-10.986684484061286,-9.141550147210467,-9.563215333816538,-7.7454887661436285,-8.625991254940656,-7.843843563327278,-6.266988804047964,-7.4933264233471775,-5.752793649939649,-0.08866535206580287,-0.18398209182853706
-4.14644317536367,-4.457324456586648,-5.439585453603726,-5.984697573216142,-6.4078062516319205,-6.912822010223421,-6.278258402530482,-6.2877165072399555,-4.184735011930478,-2.9596955859119296,-1.8161132545004381,-4.208683854011718,-3.217172104545829,-4.722630016423683,-6.731740862252995,-7.338038596014629,-6.680811514653677,-7.529832979330088,-3.287745960818685,-8.670897383715877,-9.062462621538067,-12.191059676365896,-10.847904642305956,-9.843224142852593,-10.937573997080783,-9.870083549105168,-5.588915646830639,-10.43294261065468,-7.420243838792804,-7.351140876555548,-6.161977476928115,-4.377396860719175,-0.8608841030108463,-0.8418664066377484
-4.679514918243906,-5.9100872904443325,-6.806223079610549,-7.4807033353352494,-7.800365557864112,-7.627496558533015,-5.64801228495088,-5.09934170001971,-4.564509908222508,-1.2368171912524502,-5.062086436856418,-1.9876784505835656,-3.5624622212150165,-6.1772034081115,-7.395555941670089,-8.629313957201612,-9.163279917451963,-6.819347074473228,-6.659270905262444,-10.018092360147874,-9.506542901530299,-11.352604955494849,-7.6299377347745665,-10.000364100976205,-8.083107783235018,-12.314836740938748,-8.921332011961995,-9.042182263151242,-7.330244337576153,-6.168299823025475,-2.3802072005522423,-2.327201974553981,-1.3809363895435043,-0.9258851582143608
-5.565033271471046,-6.941771268929586,-8.236515313884768,-9.376650420982394,-7.352694018293294,-5.274974842025078,-6.170976879814065,-5.635878390941358,-3.7638266369360367,-2.9887980407542236,-3.5710857628746187,-5.886405925053252,-7.174312668103252,-4.146590121575528,-7.412710418321715,-7.850880911920558,-9.61334508899182,-6.121913749540074,-11.583279826856312,-11.407634792548563,-10.16060861629047,-6.791646101536057,-8.896419341578715,-6.340177332513942,-9.590680469696371,-7.684185939380835,-7.237284137866632,-7.412765893544296,-2.6762539566793526,-6.582584026689964,-2.9441049153792567,-1.438009325197282,-1.313594559409161,-1.6428177025253432
-6.294970080889998,-8.007495946339345,-9.36385942213717,-11.580325102893177,-7.920742465366567,-5.860809092425281,-5.929274993004858,-3.185989955722089,-1.2577988268442164,0.33196681910555814,-2.736459817557937,-1.3011567147063186,-7.389803022570355,-4.742433864752183,-9.374060616748352,-4.134785401667398,-10.279619368670796,-8.90715996342021,-10.55945449633366,-9.682101465842443,-4.837223583679619,-6.965764415975372,-7.638728390428327,-7.5660354721181236,-7.378944178484619,-6.7496566891617436,-5.659674973307233,-5.0031496658883885,-8.073859421966148,-6.306145383757837,-3.2243100325068546,-1.0984397774801569,-1.803653850019614,-1.4683755916748125
-6.910835952648313,-8.457379879786359,-10.11075463042014,-12.299880704753901,-8.632698690433905,-1.5047538518093715,-2.503376686856188,-3.1288354410191848,-2.39293529079564,-1.0849752419890195,-1.4900387669260087,-3.7714335212537593,-2.9854561702304707,-4.262798919028719,-7.146992330381973,-9.155236394966686,-10.172317116542427,-11.875136025938128,-11.154833613987993,-10.441893522623177,-5.595596048629592,-5.974689371496307,-7.877055273654058,-5.622102982312216,-5.9741079465092914,-5.8593694412411566,-5.328749791641332,-3.837214897083465,-2.4864437890746203,-3.59113266622672,-2.3154415096471386,-1.8904310012611312,-2.437816958435984,-1.8195609879773522
-7.275056484080007,-9.249128415115324,-11.342178569186958,-13.233633781818996,-10.266746457673133,-3.0397469107740394,-3.0522127314846648,-0.06973288313767474,-2.124051196783829,-1.175754659354287,-2.0510268127704885,-3.947323984936169,-4.307145105038345,-4.7422964374271315,-3.4910036608150024,-8.768662172372256,-11.012061423141075,-10.29352914109993,-9.499454563677933,-5.994556641360458,-5.796579202569737,-2.7370651300858633,-2.028065374738808,-3.7518804640602164,-6.534587227742107,-5.364093211560558,-4.610024270905796,-4.983650319453935,-2.248534779572278,-2.2257302450675853,-2.4832532086208072,-2.984231642694478,-2.031182952476026,-2.198503137884113
-8.30957198296119,-10.433384917418433,-12.058007117402012,-13.635370938017836,-11.092013847249651,-2.619240407356267,-2.324921955653505,-1.8573457418210297,-3.0175109711358656,-1.2277018342542738,-3.5803428657166867,-4.114118034018888,-5.5106131538475775,-6.367185625730727,-5.394272815964972,-6.051248078742868,-12.010786133313422,-11.493291008403771,-11.71654415411157,-8.87107481619672,-3.015469193948361,-2.1461578908749748,1.38394545864884,-3.1227244493881976,-4.973232738822033,-4.843841941064768,-5.23247125613892,-0.918642607540213,-2.219736555307477,-1.7586697025619287,-2.2337838324462704,-3.373213998866941,-2.993166587299035,-2.3334705104562516
-9.58283256526575,-10.984171124649448,-12.266151763785833,-13.649749932157603,-10.66421186631996,-3.3967428894394778,-2.1787846990321196,0.011481332565186133,-0.32792830497970316,-2.7629908800421203,-4.337770263924827,-4.422068482124378,-3.650051610362841,-5.70739772137015,-4.860839037877782,-8.97185641034028,-9.092954030174532,-11.885840060412376,-10.736825045165164,-12.034447594188373,0.831183351225998,0.9129601653917677,1.12950530693587,-0.5168349944398449,-1.7262258695515404,-4.935984831457292,-1.5989468295902038,-0.9136814060057665,-2.666527149810053,-1.8331005825706488,-2.7410819453200506,-3.428703557890268,-3.502148793847934,-2.6839715288346273
-9.585210601779048,-10.963213929395822,-12.047486356034284,-13.509726362690511,-10.633453025241613,-2.9683422460448297,-1.6329756225193501,-0.6164437046205065,-1.432038777477195,0.20145984182138976,-2.720384008198417,-2.7683701725882166,-3.405756695791373,-6.925015440357646,-9.178623525819875,-17.265495094429294,-4.092781363409435,0.09130728970361685,-1.3293381610310449,0.18801315694871779,2.3012427742475996,4.266642259805595,0.5965861965424223,0.3080265914848024,-1.827615544332393,-1.6243303707151275,-2.085334300159384,-1.1377168578326144,-2.7559613975998207,-2.6826987715834023,-3.393563830662171,-3.9437731616619387,-3.8926815641930173,-3.5015007620240324
-9.061315013731932,-10.149945415110274,-11.567984280423433,-13.241239129008925,-10.186858303651777,-5.724203710786489,1.7125494794730145,0.1797380153315598,-1.1428032581838752,-3.4401383495801703,-3.030055170141952,-4.490602312477803,-5.06002243191779,-6.714697421636921,-6.133582684840166,-2.5730642027578603,1.1135594328903415,0.30946431724758394,1.6142700010171651,1.4769389930477288,2.5381136038613645,0.8066787008663453,-0.3176614803113177,-0.7564294884422358,-3.284469009229497,-2.3528494645797524,-2.135516742694769,-1.6980329420131464,-3.0818204353442242,-3.9087141922500437,-3.875707519520879,-4.1634540640362685,-5.011148792353222,-4.883136957772715
-8.909500646640392,-9.983965578189958,-11.049205367819644,-12.418090607131337,-11.937390467597762,-6.447636528861081,-0.5760891735764578,0.5220951078704231,-0.050518260514010614,-2.5503500480989434,-2.7039250370341494,-5.154552469258688,-0.812130807573831,-3.916872145584541,4.571013882240131,1.8166311218847735,2.401634050286203,2.351008766841321,2.3996583833594918,2.123403574002036,1.2508955178430907,0.9122815004442895,-0.28411634529031987,-2.305690752313169,-2.2484444407888073,-2.561326983946204,-1.4750765145137743,-2.156068025819321,-2.473463962950548,-4.059939789425856,-4.0045430922470135,-4.8929469823050695,-6.823776710871517,-6.100433496578468
-10.001164821703927,-10.828607089449283,-11.631883449408338,-12.578978274174354,-12.78846895672575,-2.604958672205632,-1.560680936088144,-0.41045931837346283,0.7150281898913314,-2.60399990781416,-4.058096766853246,-5.710086082901953,-2.7776105364557693,-1.728500144659607,-1.637540821845763,0.893052618236412,0.7823365065070214,0.03150876972337981,1.8948486862967435,2.417667078257363,0.9726797295446218,-0.09007327070744528,-1.254068879500175,-2.948831604463697,-1.4311818882196874,-2.371913160767547,-1.9117740307908413,-0.34638931395467076,-2.3656334879114924,-3.988600802643298,-4.598349698518999,-4.960975121576337,-7.388885183559825,-7.204731915347371
-9.854748285325446,-10.625545775310824,-11.891822180089937,-12.965626785364346,-13.4054138462866,-6.650657969444153,-3.620564573526735,-0.004595492233898861,0.34772832376626595,-3.283158482651334,-6.203046306032658,-3.175942487273768,-6.728845287513403,-4.39369664107844,-2.255328535781952,1.3070984599893558,4.547505828151034,4.010634992734642,4.743464319587753,2.6186880386953857,0.2370227006906926,-1.4065798907167557,-2.1304218776755666,-2.672455246501328,-0.8446739982978719,-2.061810218393128,-2.2084332371410484,0.9739106314687718,-2.3176059240612976,-3.477053549034965,-5.519758842352688,-6.095656942213826,-6.256108903599567,-7.045672235535875
-10.089711437246399,-11.114255370817029,-11.595957373984016,-13.009698619310761,-13.879459745639206,-8.658375996129303,-4.217044835461479,-3.401769411992856,-4.085403477546492,-4.731921341947227,0.37238886386600345,-1.1971262923734785,-0.635535214827221,4.1667253868030825,4.677293796165658,6.436772542106881,6.210191953368947,4.409479666266094,4.719542437182389,1.3869889643560442,0.1651914879467142,-2.008366408034856,-1.0300621870370543,-0.4738554341841521,-0.7384006183291598,0.21301554400740824,0.540518169505288,-0.3723113832190199,-3.5779766743755257,-4.496290863715418,-6.248081664646884,-5.57558000500998,-7.373139993779117,-8.227670791233876
