script/wind50m.json
{"header": {"parameterCategory": 2, "parameterNumber": 2, "lo1": 3.000054539987559, "la1": 64.9999836372058, "dx": 0.5, "dy": 0.25, "nx": 34, "ny": 52, "refTime": "2026-01-30T18:00:00.000Z"}, "data":
[rows 0 to 23 of 52, columns 0 to 33 of 34]
2.5994235517255087,0.05693316488773314,-0.6621976433551326,-0.7913919023443103,-0.04524942887443017,0.06757234038761847,0.12801070539879622,-1.552221777210163,-4.363082394667474,-4.142831635045689,-5.003077163389824,-4.742040849475018,-4.662049461880992,-5.305245250621567,-5.712769037273414,-7.5038967304129836,-5.691781959299088,-7.2652251819957145,-7.756900116995534,-13.154110404595734,-5.456953377282229,-0.007595879788537839,-7.6846567814123885,-4.4955865369717,-4.801199123914741,-0.6814741486625744,-2.2940417307187486,-1.1869789358893756,-2.380519659248213,-4.527321263551843,-3.6985646583260365,-4.223589023473749,-2.9452208025171527,-1.3480855802859146
4.929803503828819,4.208224013061092,2.4902539366540557,5.8842762892812,3.4553233821881553,0.593083461493969,-1.531980340595877,-2.4090387136845646,-4.052659353892479,-3.7680313474061764,-4.620435848903258,-3.8587982746624556,-3.705650549783818,-3.9044801822189297,-4.646640894093381,-5.883102073808547,-8.514223800403148,-6.331467319287425,-12.85378300873834,-8.534162323240755,-11.854249653341608,-5.817428634611448,-2.4026788725116974,-6.594971960209091,-2.710351743633682,-2.5469450578099977,-2.3535191567594698,-3.824061212360688,-2.0575986924254104,-1.39991526301828,-2.5360383072583903,-3.6744807511628594,-3.58125377458269,-2.130350724065283
4.723207806388659,4.821024082524148,5.055366463152703,5.383094055073167,5.618820983124868,5.311115624955663,3.3167708393822086,-1.2050534490341562,-1.3490981350360274,-4.611828349303163,-3.5890167432209106,-4.051335896697935,-3.2004942712468214,-2.6161082436422283,-2.076101422958211,-5.569730613006393,-7.399017399667366,-8.643329980788389,-5.348120469629725,-6.048416758307209,-8.582062703910067,-3.981678377011725,-6.66104405585929,-5.348382878225429,-2.7408715391711493,-2.009902840765383,-2.501932500089803,-2.0177864820501887,-2.948754545454848,-2.6714471347655175,-1.4571477535593098,-3.3145757470910193,-2.917833017198023,-2.85735595707885
3.9866380274753044,4.137825578591921,3.947467986097215,4.165654376541891,4.672057974895671,5.5571002446213145,5.371703846877912,3.440979949726501,-0.4296745368603079,-2.2379679497492435,-2.820001146569524,-2.506916814579397,-3.2699637265183563,-3.030850717451047,-4.341116954268486,-6.857104317565071,-6.593954434005638,-5.573103673749971,-9.961530747241897,-2.638364882244271,-10.9656517398381,-7.252813852938757,-5.705435541386685,-2.3467248886015284,-2.9831889861154632,-3.9596077790378,-2.0324854152619873,-3.110487986099815,-3.430300418935737,-3.6115017956557587,-2.7378045440735224,-2.930683508101021,-3.211775673314718,-4.8064297707225885
2.828031142643181,3.161329748746263,3.0106154178695035,3.897303901208433,3.9587561000063203,4.537682372119178,4.859643814997505,3.8944954264559506,-0.4369624544180183,-1.8856811220395744,-3.3142437621891028,-2.1405787535326866,-3.6498109494753868,-6.258123820488247,-7.718365230632319,-9.591880068147507,-5.402578091203539,-4.8360841905782355,-4.409285752510957,-4.626868019764305,-10.063956332118035,-5.219054399105429,-4.419361097886326,-3.482819476413468,-1.8841073118533829,-4.393413051542952,-3.8419707190334007,-3.713733151207465,-2.479639239277428,-2.5962896225313425,-3.274720544412075,-4.930698966821964,-2.5633305416926815,-2.849187601502873
2.17028970917478,2.0950829779908173,1.7464242309509488,2.411595880857916,3.1618613744083315,3.8066266902547867,4.102333908650438,3.365922484785331,-0.7939779258955402,-1.8254398722323253,-2.986732268558423,-3.9399817758150517,-4.063390015673337,-9.242803311535592,-4.23852268698793,-3.091859287549821,-1.554958487017619,-5.4247368854692395,-9.466262641343038,-12.244759949549602,-5.928866002107156,-6.9870433301135435,-2.1921754463425915,-2.7647876807157856,-4.388303112210848,-4.127453718834086,-3.8112596283883593,-3.868538749704344,-3.5578627736565216,-3.684810555677309,-4.634557386509754,-5.197979389933761,-3.838928163324088,-3.7782285956557597
1.0855496585707989,1.0795705350747766,1.0010323780214314,1.9727737894594009,2.3781070712718115,2.847596620986079,2.7628154884296237,1.704599850207274,-1.2367295318595346,-1.6695981732718383,-1.7216719979124142,-4.063427151884696,-4.159285483642976,-6.2853480836947675,-5.682291775137306,-3.321663930417992,-3.193471578224465,-8.101516232220394,-6.222379170051393,-7.039922318417555,-5.480269090724561,-3.7348783061986457,-4.5491354191690085,-3.9058223014170337,-2.794266652142399,-3.34872270014845,-2.314386714497429,-2.325687845317497,-3.7024532957024467,-4.154743658659501,-3.403083965845812,-4.369970301033602,-4.380398523693009,-5.651269424509429
-0.16291978077588387,0.3871560117156377,1.7389261990745186,1.9822168173116728,1.5773761631596654,1.4299928310996028,1.1337873982645787,-0.443992394900326,-1.3460584751732811,-2.316417081283112,-0.9341259015898099,-2.3400494429113,-0.2393471046594797,-1.0475122992625303,-3.3772751170205724,-1.7036342414757115,-1.555890360822869,-3.2073962447655413,2.304734532643712,-1.3616086770188662,-3.8298590886747714,-2.7063822299103437,-4.268400316449359,-4.165141576104594,-3.9228305896008866,-3.956526092495097,-3.6930718393486877,-3.354822889964532,-3.0804557737921874,-1.794528262019768,-4.750566930426514,-3.3282120927708325,-2.01292803109878,-8.14261918694884
-1.140413306923619,-0.40983087661267265,0.6364918068364943,0.5058399574045184,0.3491897973563515,0.02605164805578438,-0.7180697405349374,-1.74208287019235,-1.6191055623843629,-1.3273750475605337,-2.2685604590282593,-3.2014856210424956,-4.521591122602164,-7.364830529378108,-3.583822073245698,-5.560578530740171,-8.662406320075215,3.8275036504567557,-9.682086557923476,-7.213978848569966,1.0563782610427885,0.35918713841721966,1.0085410411129476,-3.47722785438368,-3.0926849767701055,-3.7832589885401475,-2.6071952342895877,-2.1707344723899116,-2.5304792822098827,-2.5781819062782776,-4.034493438404473,-0.575495824481263,-0.8545082908573818,-2.0199990734322544
-1.7277126448753195,-0.501391513640244,-0.48631568868030334,-0.6348979751573258,-1.4494951531691318,-1.9314715545730679,-2.497121492171659,-3.5725044627293294,-6.070303333329988,-2.514896789512328,-1.7958634677626408,-0.4836626635702045,-5.247869284305717,1.8604595449840429,-6.054565560475057,-2.3272552240127213,-0.4385978251584387,-6.79741257168581,-7.14021580254201,-2.5185703178032512,-0.8793336222908626,-0.6550005936389066,-1.6878896335867257,-0.9404556659593674,-2.0814200782080916,-3.9232466427949637,-2.779900824869433,-2.1820251192555475,-4.102553179562582,-3.2462582463698397,-0.42378764308271816,-2.8086305459829997,-2.4257272241449304,-3.619469909393114
-2.4912813424787896,-0.9882234770756164,-1.3031790851038216,-2.1287142283608365,-3.305215054664852,-4.090877824469941,-1.2154189307691932,-1.067764589015549,-1.61596637416072,2.0732527499894435,-0.7642302182673402,-5.221200928179523,-0.24312102121696175,12.117435234685887,2.2275353918115592,-5.651402753686263,1.9630998584202086,-3.63521490581616,-5.943294538373266,-2.358806897920406,-2.5183325438613853,-2.154556516371674,-0.3483934255672575,-2.137785430273724,-2.6773581978985064,-0.7713582562536586,-0.3879558263943652,-3.764094034652151,-2.407958492561492,-2.090162384194491,-3.8057490726469085,-3.6934263641808016,-3.563965490622571,-3.98973065818478
-2.380266741666243,-2.695989318559369,-2.445899728976809,-3.092768966507224,-2.239563220646994,0.8084018647722767,-1.932383713930652,-3.633416005131715,2.3501461656816054,-9.652815574691713,-9.389274559376124,-5.234305500809502,-6.407476084512358,7.748463417467048,-1.5649854033382966,-1.123531772139567,-3.2403873282279236,-2.1590956301743884,-4.296943782731391,-2.40001263226046,-1.0979308246319555,-2.4857404049480514,-1.7071302605875123,-1.2557479833442182,-1.6531680933051691,-3.618678278380531,-3.2269769664152097,-2.747226705580342,-3.3135457301692752,-1.949178559775817,-4.588227316141939,-4.167672596007824,-4.3286227594678754,-4.093994224077846
-1.8579088598754117,-1.7226634216999097,-2.5455465986745027,-2.2552901942342922,-0.6874503206830649,-0.3368965730437021,1.393346964939944,-3.686650040126163,-8.380974692471295,-8.603193150356637,-8.431537926374885,-11.077434880665999,-1.673839030642169,-1.8136250989665585,-4.652679511328447,4.55525478400675,-1.8522488005732858,-1.0082102217156717,-5.706419363152191,-1.5413928823079004,-0.9932880141878507,-2.0043951894270844,-2.2046091718214416,-2.734589690736022,-2.418347618880236,-4.651534343179632,-3.164692250326409,-3.553619176168375,-2.507263089402634,-3.4608871251462845,-4.492036931966514,-4.734645457440493,-5.078532663971174,-5.229441397333431
-2.3624014300641782,-1.5087447029574492,-2.2042315617817363,-1.3040477038083385,-0.49252134226750327,-2.094083330928076,0.8546999029690651,0.2585441733664741,-13.54463918542337,-5.120612400853986,-5.448456795109227,0.1154798401668508,-5.939745873946052,-2.933383482523162,-1.9524147444855267,-1.0974396957483545,-1.115134529734688,-1.8419409639074626,-2.4716058132957115,-2.5532409257201727,-1.606618073236605,-4.3537177294142815,-1.6760517234681291,-2.5621782936446857,-2.948317257759485,-3.1728630712100343,-2.6345187862802484,-2.342780994033959,-1.0718731691852454,-3.9448347691315084,-4.7684408404009755,-5.216804358415232,-5.0025443593674055,-5.200534400854401
-2.4604638684387927,-2.2387798332180218,-1.955034302557314,-3.0707980337122076,-1.9553552119856608,-6.608172191957723,0.8278464428543637,-12.324986541591613,-5.82194260364494,-6.999942175127525,-4.242076440862657,-4.819321726965171,0.3724749616670962,-1.4581808727086816,-2.989369611096592,-1.7362938554040745,1.0026194175575707,-2.7389089538419387,-2.079526660478211,-1.6539589434385784,0.3197887725149173,-4.118734362512702,-4.413599236949565,-3.335595496919247,-3.0987797646728947,-5.632777896009902,-4.801715627820477,-3.195419415940112,-1.3900300598307969,-4.088569188774629,-5.424524114491226,-5.577439832770179,-5.345045510888072,-5.065048069915486
-3.2893457734291163,-2.28822710880546,-1.8672722645327897,-2.3367152774747715,-4.665977331713671,-4.530854705967958,-11.080058934208768,2.5632927539310315,-2.2538487447151,-5.9116758004570205,-8.224724284501017,-6.990666107336074,-4.396356825647347,-3.4020268094850867,-1.2338442126070843,-4.3129565368291445,-2.708664948825779,-5.419890950483804,-4.715938513245238,-2.154147288643952,-3.7884612522964334,-4.8988752107999805,0.11778238066643151,-2.30916688564342,-2.7431688205057383,-4.74509436841917,-3.8608505369465695,-3.050014350665413,-2.3531541326680405,-4.17656711891038,-5.459048686281003,-5.64820893481457,-5.24930949122946,-5.267310757972552
-4.273901349582608,-3.0902024023978885,-1.6740015006018254,-2.1299295880219775,-2.619409478498524,-8.161091016544864,-8.644943352048276,-8.02647973057264,0.6452630608550672,-10.564612140547208,-8.518632251398166,-3.814111012116945,-0.7273782430018447,0.5267768475671708,0.6044882761081876,-0.017978738575638573,-4.678584796222637,-1.0854821599296904,-2.9145830273920086,-1.9518494647887599,-5.074771224395406,-4.897096542000412,-5.505030951503739,-0.9980758185216372,-5.142768320318326,-5.304538733385169,-3.9221971042205483,-4.560602066975574,-3.3797394195593715,-5.005997122560539,-6.1434458486279,-6.507042386324817,-5.698275835785128,-5.323740105702228
-6.159588313467026,-2.837357501711592,-1.966585996586667,-3.1245808009818252,-3.5505715577366685,-2.7437386883952817,-8.070757551680288,-1.4559690637186866,-12.421961435604803,-5.026394991565294,0.04103413012826482,-5.912247026148531,-1.928464819825577,-2.7580421285977925,-2.7230106625653256,-2.934700630928204,-4.630097612021856,-2.9639960250978916,-5.873613917046748,-5.925212725721579,-6.500838929725516,-3.1973834491061583,-5.009226901471198,-5.3002958933536775,-5.0475244138003905,-5.335996039592025,-4.704517216798252,-4.561420487133028,-4.6695454698272725,-4.6770845014845985,-6.9828055168240235,-7.497452935418924,-6.891098914495837,-6.486298564425179
-8.244833796272625,-5.6197836862772,-2.3937363126785858,-1.6768203683324892,-4.191853147202834,-0.7829890965733699,-7.340521559163051,-9.81107468512168,-15.743453128138182,-7.211175706728018,-6.049901227055024,-5.6789611159311395,-2.367711960679992,-3.3585963872786753,1.2496659331656952,-3.6252361204320813,-3.955926998165102,-4.702617880229229,0.17366226489710365,-4.274182146541921,-4.403182749328778,-5.6159449733573,-5.52243195595393,-6.361103041482924,-4.273408185361339,-5.105753231125011,-5.2884357628942515,-3.7344027818675047,-5.204053832421822,-4.758999382068765,-4.329019762779334,-8.82790657807408,-8.589382198334498,-7.738829159720446
-9.479679559365476,-7.937988883475703,-5.364175438790524,-2.0835371501439215,-1.590404496398337,-2.0541384301662178,-1.285033523495854,-5.482030331351339,-12.254406099425935,-8.838068839412,-7.557952969628535,-6.5761185421690636,-2.7097117372810855,-4.625931675218424,-2.927659732925271,-4.775312797850922,-3.490688623615171,-4.4087269251870245,-1.58791144135645,-3.512474664548382,-3.3936551094100325,-5.111219493413639,-6.621255612036134,-4.851921964772711,-4.409879979825088,-4.428551559803815,-4.65004297215136,-5.33534332572693,-5.145228211745491,-5.006102434286839,-4.757359833241657,-3.768872108740681,-9.465366699887737,-5.386525416612904
-12.49781233596793,-9.925920942847634,-7.378248220181381,-5.458429201916984,-0.6869769739932456,-0.08960421810173792,-1.3502817560833547,0.9534723445999591,-1.1529875020161013,-6.151392169261409,-10.222863501395642,-5.932953994452989,-4.013433646306695,-1.2506355833487508,-1.6270901483492186,-4.045039478264344,-3.584004196899274,-3.1200591593672247,-3.728568708364204,-5.044906563414124,-4.172754934627783,-3.988484287258887,-5.585921964864112,-4.73798725230398,-4.606332026034408,-4.517550373843981,-3.635511207540355,-4.18826677876347,-5.134804488409286,-5.475805856768075,-5.208422293277206,-5.276224172378625,-7.240882739759844,-7.268300174849919
-14.344861120852581,-13.630172947004635,-9.75353069787,-7.765913664756603,-4.833027408085511,-3.233583208634361,-10.818110612468686,-15.642327806238374,-18.703606901014098,-5.817827776318035,-2.155653739527467,-5.322752499868929,1.023989908783388,0.038669537907234645,-2.1612304063577525,-3.338256771385836,-4.608568742272929,-3.7819579650871713,-4.191516519979304,-5.064130835900695,-4.792420700017208,-4.79699306944108,-6.120013742674373,-5.390583875099869,-5.577275678747469,-4.69123094806815,-4.754231610594681,-5.19339728213177,-6.040139110894985,-6.098959171082939,-5.676069092710894,-5.430295504690933,-5.03303050087529,-7.559878086418975
-16.64598838253498,-15.22018440396825,-14.658228039492407,-9.255059333857535,-7.222185865608161,-5.0627310557109215,-10.558339282302514,-13.18015625914849,-13.803561751280617,-22.024972655751863,-1.894590125045848,-9.174466495527842,-1.6909285228098132,-2.8126025204194005,-3.9162585338928104,-5.801220247081834,-4.856669430742564,-5.407257769603057,-5.409212377723539,-5.366081565805484,-5.57164510142631,-5.1614415825551125,-5.784581058952079,-5.974940087210079,-5.308951504317111,-5.193878067454811,-5.968669626911016,-6.0642475447989,-5.28002084664234,-5.574085561668951,-4.963929084511526,-5.251195805197265,-8.57276567162548,-8.437081191342102
-18.060328829933447,-17.854884933452333,-16.317826898776854,-13.843822492287023,-10.24097420495145,-8.100655092820718,-4.188029564693998,-25.85580963307619,-21.58862115025589,-8.013010716971639,-2.483757987874421,-2.443177077746383,-2.962610318611489,-5.236781740623798,-5.771128758724009,-7.0731898800613715,-4.496531426951299,-6.028839061119545,-5.651639450689262,-6.0509659734198875,-5.561138041498917,-7.186537259719784,-5.361309832238094,-5.4815603872794885,-5.272596300816102,-5.995174227102506,-6.499194744821638,-5.348411463882074,-4.9237494877039625,-5.333458623716299,-5.3286845705764385,-5.546503925941615,-8.845581443897254,-9.158291310938132
