script/wind10m.json
{"header": {"parameterCategory": 2, "parameterNumber": 3, "lo1": 3.000054539987559, "la1": 64.9999836372058, "dx": 0.5, "dy": 0.25, "nx": 34, "ny": 52, "refTime": "2026-02-04T15:00:00.000Z"}, "data":
[rows 24 to 47 of 52, columns 0 to 33 of 34]
8.382439733778451,8.170940013285554,6.7620608023909,5.788827311788324,3.1525086068188966,0.8758130214064452,3.28184502480118,8.280946330751565,-0.26165658662760366,-0.9238897566809466,-2.126505927639437,-2.12684316415447,-2.166393929522652,-2.5689882055104674,-3.9182457705070264,-3.413498524760637,-1.5912908591533022,-0.42745944720005064,-0.4741107577539393,-0.9393700450829358,-1.5888500463643889,-1.4264527023303064,-1.1024767107757405,-1.160416356349769,-0.73973141102555,-0.41872422710060453,-0.8621779617202718,-0.9770728740358137,-0.9677546378485423,-1.3779764024880894,-1.4228505219302363,-1.6722079881570864,-1.803898750732246,-1.8478546498325015
7.696472759891588,8.17606822335972,7.7625544751652455,6.600515358988454,4.866417257405439,2.6282193421645967,1.5111841217987256,0.2881084738377774,-1.1525747740541876,-2.29152100707921,-2.3280615181354896,-2.656583692196264,-3.0785838114756676,-3.0402915390368945,-2.2747578068891854,-1.7188392305543487,-0.8313513602082462,-0.2149864419583634,-0.37145202436135855,-0.6177716387905631,0.026172792221384536,0.5419074876016798,0.5245992407585759,0.6952624242164032,0.02907020848814447,-0.156373907463269,-0.7698405893255149,-0.6414436782564339,-1.16265450024452,-0.9585483203884921,-0.8391082115016323,-0.8154342028375696,-0.6244305352512989,-0.48885064405913675
9.554812605567871,8.81920937131956,7.10206515905887,6.977053176457178,5.903277573732236,5.010034131512278,0.8936193672010623,0.23132707918750764,-1.3726174798135462,-2.2487358671973765,-2.0003484176788224,-2.5249098596332975,-2.381459011349542,-1.4844881632032259,-1.2640461936916925,-0.9076122690608014,-0.738236323294788,-0.16866235304662605,-0.7052664353584112,-2.5972906754753957,-0.21406214402989476,0.046711115807238586,0.4977460530591558,-0.11990729321304061,-0.26193740046457936,0.25710938366849573,0.310720903388818,0.3910346120634322,1.0637627662948534,0.7235139112116785,0.5002757082810315,0.214761746599527,0.4070678038923753,0.32792400809662015
9.993418118989025,9.525500368790484,9.110827536925356,7.019392640475246,5.284408858743749,3.423706662536538,1.4662433909399486,-2.0192750740468037,-0.6635004995699014,-2.174496229881435,-2.399077637393018,-3.339645118042307,-2.3342209516002668,-1.8628761773748708,-1.476147086065323,-1.336908807491234,-0.8346927529141348,-0.49755439428976633,-0.5617167042904183,-0.5134218659791778,-0.19632768338819148,0.3658115017698643,0.12946756473599297,-0.15528653346108148,0.2815640178442675,0.13619982211894383,-0.12587662129537042,-0.17354474284005772,-0.1930981812755356,-0.325567226883093,-0.23694811108807998,0.14312889283473695,0.16740486224282988,-0.3676686147734383
9.735718040350594,9.72825551837341,8.9490835129855,8.201342527771724,7.587696809312942,5.8606295891660025,3.7125960915406093,-2.2748632790957366,-1.6789249699271487,-1.6079845830637982,-3.0104984565154562,-1.9108301821343818,-0.8746935694452972,-0.22390148862432274,-0.33388164585363816,-0.3498372287758557,-0.6332516132873183,-0.6553971377931512,-0.3441859405435302,0.03921370369563895,0.22501902927508552,0.13179418384863453,0.09485799144698977,0.555707115114733,0.08372115660203859,0.24053818810025404,0.033825280303104284,-0.06435488429587924,0.10802205875715315,0.36226718982095396,0.810754569518869,0.7751479164489772,1.1732397585381609,0.22871873768902357
9.169128038880688,8.981366827409884,8.85564541669409,8.23885766563346,7.340282042745481,6.214017117491888,4.501077281515633,3.586291183137902,2.1781817229928504,1.4842888300294024,1.6188626435967872,2.128258898256607,2.3976515160213494,2.0340267013373294,1.2741806419577921,0.5865646212057852,0.042573380342912956,-0.16327206759019686,-0.07671083743175611,0.40635738918705927,0.2616848684736246,0.3481061585683429,-0.09682138657904338,0.22328783209089106,0.18031945507176,-0.02471502630530427,0.00852657886799196,0.17949815104793526,0.49278352934045444,0.41091159582326164,0.2668219522972076,0.031899420186986355,0.41506325622874496,0.5412847488522609
8.746588296032343,8.307339162772443,7.942912435895513,7.64626130035419,7.223015194610262,6.235272994818295,5.412913864605405,3.7263383374921975,3.0377881484871128,2.6322633445543393,2.6277259514257687,2.4168080600114195,1.951339052206331,1.3680876723002324,0.4773756266583539,1.71248083042222,1.0280455548327683,0.8826146649628438,0.23177836977008023,0.09708716481923406,0.2972254305736874,0.37753220748299104,0.052041755994597524,0.34013284030058794,0.08698663641800816,-0.09380150150322525,-0.2527663219582173,-0.10450406679153265,0.49306855346469486,0.6769490379692343,0.4905976023162975,0.07454095593029902,1.0786553957104525,1.2321277323012745
8.520114477445114,7.942588251112643,7.369141717945736,6.8871503332782815,6.353421173299618,5.797985579069472,5.276467111279104,4.442843239498684,3.230832366112684,3.4445222579095667,3.233503400831786,3.1802124435526307,2.5632993276117446,1.509812899749845,0.968845894175161,1.2601869967991643,0.9382253993252327,1.8459909036443833,1.0534194903843488,0.10972161171845705,0.25020688184185924,0.08779009080852543,0.12324613466580871,-0.04554671988089287,-0.3517082832689929,-0.10960522655503598,-0.335650904443411,-0.05209069896809656,0.1519008948940052,0.35995194613542747,0.009532064564687184,0.147479735436757,1.0917157491251133,1.4077082776634111
8.444950759483971,7.944887357255169,7.2898875856916066,6.694159120681765,5.885012094387552,5.377037777958238,4.746518200331902,4.155669297076407,3.823072972624244,3.3426638304172,2.523695463178036,0.856866800435738,1.9145643424375678,1.7106683247019923,1.5662687872609309,2.6677912123265988,2.7485419887744587,2.179657299042786,1.871661754685204,0.28836745963440386,0.30432695902496765,0.15978647107260882,0.03649867622333587,-0.197429386437757,-0.43839891500292527,-0.6466286332220983,-0.7679479694056325,-0.5888032707830452,0.0030239036628634617,0.23479036703417264,0.42028812157083706,0.9444867313459171,1.258842156764645,1.4336898783768837
8.125493394565275,7.744362203602816,7.271321899310983,6.71066391675955,6.0120878721200155,5.064700314230618,4.404886913834346,3.6151136962659067,3.498159811172313,3.0598191968836077,2.623948908323925,1.341161008805334,1.0787344561294157,0.6628543108665217,0.5684334869875386,2.039407857863072,2.088457056367521,2.1512520348749344,1.8169342244475468,1.3001427045443532,0.16556152313518652,0.06323448120349723,-0.057497449883325315,-0.2758332857595952,-0.5520448544237384,-0.6880132956552855,-0.8060819187328986,-1.001173485914338,-0.06842070323279974,0.33888886076313673,0.5317704476580888,0.8009045029156652,1.0906347439105737,1.1760454243326337
8.170939482958396,7.710932820878181,7.054339994102098,6.705188053883238,6.030609694348617,5.436559104784841,4.243783367292795,3.50174834500126,2.770274070379499,2.0015314624353153,1.583198444560295,1.6846450162394007,0.6361459844282692,0.48747521245966424,0.6844376255580923,1.452015108924376,1.6771578669154947,1.2834768424468235,1.1758636814716827,1.403940369721875,1.0591970213484236,0.20560829133821998,-0.09885786970816096,-0.2572493548387558,-0.4015035807843192,-0.7478028136572213,-0.9480348236214523,-0.8494175824811389,-0.2046563586615234,0.42593173954704844,0.9924980504485833,1.4552412146964837,1.7595991826017903,1.801585093667411
7.905952584114565,7.656215583263408,7.451153086255223,7.227355240390316,6.2185052426255245,5.257849192447013,4.663330090594456,3.903971371785503,3.042846265252288,2.518869725781369,2.0673076978497624,1.3974286569137049,1.395990357641257,1.1364919419893191,1.5110370124445616,1.0440362974682709,1.581557867081882,1.2950845707802232,1.2681413338365124,0.1095492419855869,-0.17997360073766752,0.17314931483017082,-0.3339734181503745,-0.5649293351365564,-0.8309155970266733,-0.9255423555338276,-1.1718697568708647,-0.5076619854829969,0.23369630243495884,0.8331515544951668,1.0814478367813731,1.2188192920893932,1.12043635290987,0.9411182269825746
7.766537894374572,7.609092626681552,7.358333228813246,6.963940967689383,6.697515891824561,5.780021146552516,4.784521405283879,4.170691163233416,3.8318717078299285,2.6200791415658835,2.3804150775319353,1.7308135653675025,1.2558443179660899,0.8572707207942822,1.0401801515849474,1.236626664203504,1.7501535286831704,2.22724036237213,0.8264105651117537,0.3067461470801938,-0.13512337029873825,-0.5543389115034347,-0.8517356902171235,-1.8670889589990516,-2.032521704513343,-1.7643914335949704,-1.2690484601827692,-0.4679023710358891,0.24018922605194407,0.6240924226221038,0.9071608513413405,1.221284835012094,1.2920446799430518,1.079022239064554
7.286474293918609,7.3260596204454185,7.343913628995288,6.780473796419722,6.878829445576814,6.170113798895413,5.695175980772071,4.475710839511915,3.1097244997249107,3.020472221527667,2.6150984964662816,1.497174839873382,1.2691978040352092,0.7796256313140161,0.42297351728949845,1.031951369309152,1.383706790289087,0.7703583304057723,0.773028254898815,-0.12683554455697066,-0.22621098051993085,-1.152783668558496,-0.8669125995602069,-1.5683055129940222,-1.2691140003038412,-1.3422759878676238,-0.8884539710469049,-0.2099191437400941,0.16088780026948812,0.9513029309956847,1.2570427961899713,1.1165087548262416,1.1252356371683399,1.1909841785462716
6.7684830674455325,6.929097613538185,6.610601609278957,6.820681515587612,6.7459801200974745,6.404478965419068,5.676390615214808,5.257320231482349,4.669863499390933,3.2182998371272102,2.594683259389766,1.6719786317512295,1.269963028749996,0.2359603378975893,0.30862674125529843,0.9606886415395134,0.9156538626219757,0.3600618767918035,-0.011268492590300466,-0.15089208288845504,-0.795075090537024,-0.8992633601060236,-1.9639103728195144,-1.2470963879336663,-1.3342964051868156,-1.020086406509854,-0.31196282178999557,0.01868892441050765,0.16238554291591917,0.42959083135998705,1.2601455958108174,1.3831538036191797,1.5487199926918798,1.6033378995846084
6.8413592161759995,6.456247457036784,6.237919952699514,6.169589207644755,6.2245332428655145,6.490130460441319,6.00055694207389,5.246111837027665,4.324494401250425,3.947198037381379,3.202465605547771,1.6279808596678074,0.782260690845563,0.7711227227114499,1.0296357279634627,0.9320091985979706,1.155089144678715,-0.07097251271433488,0.18680420312342844,-0.38059945472722057,-0.7899847830030666,-2.3659719731433038,-2.136353129446586,-2.0955786886697676,-1.6183623683817332,-1.784558726220526,-1.3496402702984558,-0.4885060709722385,0.33945288449160954,0.5513010405890075,0.9684496548763109,1.273573883835961,1.3349054066501687,1.8430006711710143
5.856411131545318,6.083790971033206,6.132162764218281,5.992457749981878,5.89967498877298,5.650819780340361,5.8761703423227,5.043060745403789,4.0188715759319145,2.9692736496790655,2.9541050015553867,2.4924876136015945,1.4092253108612254,1.8368445308285835,1.3571626995039405,0.2108986110806091,0.7536914439889548,0.6998115804055043,-0.01768880733903935,-0.020353512055922396,-1.1769676515941818,-1.8235268944669771,-2.0996189279000768,-1.9063253077858207,-2.088392824961934,-1.389974257774214,-0.9981438447753146,-0.3214201211146545,0.33208478851296563,1.3107765480930549,1.5618421925749377,1.5181619659046048,1.9539127781410182,1.3798716852764124
5.922525440520935,5.77512798866879,5.371115182565466,5.381772270197062,5.072646870018591,5.101080172149468,4.707276527307198,4.3574371503271045,4.182595328714375,2.9129186913337963,1.4340558656454014,1.5192440373236662,1.1809048333517216,1.5221542441861655,3.191272745657289,1.9024804142258724,1.2060759384563715,1.336343211530432,1.936980801405364,1.685498935178758,0.4629618686676708,0.32906078089794283,-0.37633818521030615,-0.9179382224724675,-0.8297693872111718,-0.7070074743450772,-0.6741274228233425,-0.18653363013443855,0.4039574493932439,0.2674341157446856,0.8127880172463445,2.8555062522302177,1.8589964077421355,0.4360626784947147
5.357753459821315,5.225146601928395,4.44506812868497,4.623540630055666,4.531607581163149,4.478397190117411,4.338352396644422,4.105806952563649,3.2608314847709945,2.5942768197664354,2.42150027036198,1.3266646872233165,0.4739070180497361,0.5530789773690284,1.5335728201293701,2.0536558291870497,1.5412171165073374,2.4627155971980437,2.230451142894266,2.518457873400815,1.9797245716352732,1.513798936307231,0.6599051269528875,0.15353856385515408,0.6255914445688552,0.5710253042685364,0.43477952677942144,0.37671216226715454,0.5101862976611092,0.8484135658837997,0.9198018991398235,1.5907656126408447,2.2145711970451942,0.49202322123550807
4.582843313945192,4.619159782171017,4.816322746964148,4.642786495176295,4.072016241247293,3.7456472446114892,3.7077811176512845,3.512460323515263,2.909779728294913,2.75234682454479,2.123408124953102,1.2971523173782777,0.6069693030696168,0.6753502632910748,0.5050668785441504,0.31731595024482273,0.7212809664775521,1.0748320087549197,0.556073797190473,0.5284679256063527,0.6994719140799267,1.471001608682552,1.3645149391728553,0.8919084584984789,0.12455005902243547,0.05286697621315233,0.1532246657997281,0.20853963574446382,0.8532314887971858,0.2920460197421833,-0.04167517839889364,0.13885532381674745,0.05377141215139592,0.6110958734760363
3.6572787583659263,3.4531088379058335,3.625503557514152,3.920885755964797,3.280056447588929,2.9080587753719156,3.0178895922070414,2.537602126358551,2.8426403006412126,3.05279750813879,2.8734901477989374,1.4687168845175282,0.3495384351994625,-0.03458572401825006,0.29266799333844723,0.033621358572704686,0.5210589354978423,0.23546700593833333,-0.7369234038561068,-0.9213346606762962,-0.4115523107358177,-0.2804839885605557,-0.4135258964948332,-0.0018971491251975356,-0.3491768563681969,0.08507099349123322,-0.13530556996853896,-0.18712911102787,-0.09736819842698041,-0.2347915555777239,-0.6934825052626694,-1.9784684399346026,-1.6773923356828788,0.14754225387207437
3.345465830646911,2.702144160748345,2.7450013236861293,2.8084072940119897,3.148334412685298,2.934017727203342,2.972973382065232,2.4332260259769356,2.0307122683812335,2.570916289419123,2.567378424764522,1.886103070418088,0.7472416746125703,0.018265335092574303,-0.15646558201254798,-0.37803485923748237,0.023958431458842574,-0.008424590231094826,-0.7865332337740037,-0.8139051061796119,-0.5810378471820151,-0.8956580481972872,-0.6878662682976726,-0.2695945218201063,0.27665417690867583,-0.10378023728691793,0.26641732380542926,0.3824479277889256,-0.4728185962819357,-0.6452101289380109,-0.908190761404715,-0.19227742726665298,0.7441473477531435,0.650606007859848
3.5057911177252485,3.142586997771664,2.8741791144774234,2.839105829230196,2.321609681978992,2.5317757633758338,2.7978359603455694,2.723924060938903,1.9633573407664424,0.851534185734368,1.4364378363789498,0.9068958635503325,0.3992846173646088,0.18072017396635306,0.7050032529906488,-0.0874506225306906,-0.24540547485631745,-0.6167941923851176,-0.5673702244433664,-0.4336860668400358,-0.189908230967718,0.11633195619882732,0.20986320342981352,-0.2983329059824975,-0.6305073117082547,0.11586501357901645,0.05052226729125865,-0.07494677226884393,-0.27627836995615107,-0.5027209204598624,-0.259703318569062,-0.43597902378817704,0.22046294750922296,1.063832910371807
3.302278981673967,3.427005509270459,2.8297091131329517,3.280399625386741,2.1874665365072223,2.368550220260029,1.58172475277477,1.3646183251876272,1.504195033533963,0.9427501868348334,0.4004428639877362,0.9630454293000077,0.3488851310449504,0.30761324852157274,0.33572988280443683,0.013771789618588763,0.12973835074939855,-0.1821765674562625,-0.9652914056589667,-0.5603359186312987,-0.5078858230486432,-0.44592579612654587,-0.21615132929305605,-0.174324624455392,-0.6520732241838822,-0.5532846419213059,-0.040092722234310874,-0.4468957675770132,-0.5563568199810203,-0.306370021932756,-0.01640171705359018,0.20198898965974904,0.33716646401720207,0.46703516122716343
