script/wind50m.json
{"header": {"parameterCategory": 2, "parameterNumber": 3, "lo1": 3.000054539987559, "la1": 64.9999836372058, "dx": 0.5, "dy": 0.25, "nx": 34, "ny": 52, "refTime": "2026-01-02T06:00:00.000Z"}, "data":
[rows 0 to 23 of 52, columns 0 to 33 of 34]
-9.774716162972947,-8.62644939068549,-9.81927237574958,-11.093954893088068,-11.82293284486777,-12.951277774769887,-13.563433600098113,-12.222970141854775,-9.697837543799613,-9.470815568976912,-10.191665918403965,-8.989771118128939,-8.27408762188609,-4.660047367675798,0.07950955648700837,1.454797006541877,0.1061741944859308,-1.2694916595005254,-0.40911463419243793,2.7941297686459183,-2.1320732160102973,-0.7349632024326238,0.13508265573106465,-5.185022771720426,2.8824766211291606,-2.8334667271944376,-3.8421660241186824,-3.8562426149824005,-2.3473023035474063,-2.902443376422437,-3.858553720540787,-2.6223728241819995,-4.548684786756036,-3.076192967314973
-6.263555141967058,-7.434286659687886,-9.042375840735254,-11.806500691915206,-12.932878757701667,-13.890258039227605,-14.96709748206741,-10.45189102457303,-10.716525787886003,-11.020053477698655,-11.141973599823043,-8.884875713526498,-4.310621793887962,-2.4091146487825332,-1.7284369640383617,0.7593238440933286,0.11924298982243725,-0.5607297614126143,5.198568199092024,-1.136220737663679,0.4750296519660871,0.1483878573295016,-3.0258167233893434,0.45651043869501373,-0.33704554853192786,-2.95178018347231,-3.3897873255907216,-2.189600684896212,-4.899662906349175,-4.007823014314878,-3.771465625657368,-3.3521904207384874,-3.206820733093995,-4.868776261272667
-6.689634670402966,-10.818276015521503,-10.192672261250488,-12.548943796673962,-14.01223733662751,-14.851822190611664,-15.58781026900984,-12.086643772986898,-10.938568918175593,-10.838595196655646,-10.35370432747401,-4.789893619044844,-4.512157556558739,-3.3595621816339927,-1.1995741887022253,-0.25374001887102166,0.7660131149121653,1.5262393477578238,-3.937732275989684,-0.3869137426834916,-1.4882874203613738,-1.2873247216673935,1.44229059240796,-2.8900415699594513,-3.465041334112569,-3.2918033469318675,-3.1157925638459982,-4.138393447939465,-3.894260589132448,-5.629542301483866,-4.689874276017265,-4.547084629424868,-3.8303548021920473,-3.8283708090905093
-9.258194072860933,-9.680379522870306,-7.200991711205086,-11.932272627382659,-14.4753021035154,-15.54967284805158,-14.528686597239204,-12.411516822762778,-9.955638740596479,-10.508472622857518,-9.120549632369626,-5.8220963338167095,-4.842177704202484,-3.18897552513731,-1.1565396575366635,2.0022717036936655,-0.3763778980545899,-0.3536426748511544,0.7711894502165225,0.5087868701505083,1.275493475300016,0.8526676868880037,-6.97508022402783,-2.137486533748805,-2.5174538438222918,-3.745903218056003,-3.0849654314335972,-4.296205810330948,-4.765224147236391,-4.468616463816873,-5.196333216437493,-4.823219110455094,-5.33534794563581,-5.359745123524946
-9.4091036502266,-10.644051838091618,-10.122257046368484,-12.0171847448584,-14.229117539986095,-15.51683747908195,-12.74413451292197,-12.454241854088275,-10.008872094310291,-9.924970380333013,-8.75740654436208,-6.4429072847902615,-5.076298026735162,-1.233845402885862,0.09370420841695293,0.3591548787504548,-2.188815916006462,-2.569756424448317,-1.4779479501119106,1.4621179429421611,1.6503767314026887,-1.6218031900042198,-1.011252243364414,-4.57192725874002,-4.407051959469065,-4.003733191865842,-4.658738014833263,-4.502904002987123,-5.398276992340526,-2.895465705379345,-4.991569671138584,-6.045110330178884,-5.6461237110916285,-5.584155582281453
-8.978943923662305,-10.10085696432441,-11.406980406912249,-13.47169927560569,-14.330731235628093,-15.25310686359972,-14.326235087886367,-8.992455804203825,-8.084226967879621,-7.951197299125807,-7.597797546656004,-4.641627590548328,-5.536257109875395,-1.7911123321873517,-2.2835409295626405,-2.4229093398449972,-2.916837714563281,-0.7286787391015167,2.5940744101424653,2.337381614656648,0.5611390569641828,-1.8400164954658054,-2.90108046444855,-2.778298799239052,-3.3658716705341485,-4.009054963722194,-3.661573576001982,-3.154648903884587,-4.955709676829928,-5.078109453008139,-5.097737183889528,-4.521326215841304,-4.4850364249184835,-5.259637435452844
-11.914074285074458,-10.970461775708944,-14.37799019658621,-13.608923715933036,-14.61610179993196,-14.540440758615691,-13.069217931915215,-12.096689534599468,-6.643516012185352,-6.349676129235333,-5.389779331397538,-0.9538079456652738,-4.2220695043724,-2.9794719916781616,-3.686309279440771,-3.1443707849543636,-0.5033465066526477,5.211368391971835,0.5969833796496342,0.5398086159102145,0.7318689180148568,-1.0087232666207764,-3.6410980000550275,-4.06852868440866,-4.504482756086859,-3.8506874905936153,-4.281085558993944,-4.34025003533724,-4.244032866763888,-4.255844902928968,-3.519538678000236,-5.022356905053055,-5.442105690201453,-7.093049891438158
-12.07605005646318,-11.578582596322747,-13.248688389912077,-13.697188369887575,-15.912867972571062,-13.97110811287524,-15.456016121580175,-13.89910156962102,0.4401577435707327,-2.416388288873517,0.6079072068112646,0.3417755820669358,-1.655803991689562,-6.636408074788742,-1.42692164006772,-1.2683647855324123,-0.5856324223914265,-2.807359077047513,-1.1373244994620382,0.2751888594358298,-0.9294246052676486,-1.9501814766654233,-2.6996695978318646,-4.355444394622363,-3.45701881539173,-4.514557259335245,-5.101666320578705,-5.796593990708401,-4.109782380725301,-4.793977528299415,-5.243080293075761,-5.222112220297385,-6.71182481882142,-7.651646645451748
-15.348531542746624,-14.721621335170614,-15.434125769229654,-13.034323829108642,-15.743650300351225,-13.945307239619169,-14.246650474282845,-12.144873191023944,1.9999599167683824,-0.005207253374338022,0.9138095472210341,-0.9607965965494538,0.20890034428501209,-1.59728143568942,-2.2788216961464305,-0.9075446208630614,-0.8382306911325506,1.512537769546359,0.20046368330478653,-2.484466265438603,-2.8865428053934092,-5.479425414036221,-4.990854279138042,-3.9455783770547006,-4.27237251015908,-4.531948374495411,-4.186465330986068,-3.2798003754827714,-4.410413775952395,-4.395328822770538,-5.9507670117388365,-9.310754214352619,-6.675470711180742,-5.267998520133918
-13.639577329985155,-13.889530995225428,-13.753107902963555,-14.369074244688397,-14.1649691461268,-14.955763405949234,-16.5780053951897,0.5881720471922536,1.0043593835074143,-1.5242780844863413,-0.046743352684595764,-1.1731750592917458,-3.9475931873252015,-4.629856248768747,-4.642471540586903,-3.4345437926431437,1.0272941542152014,-1.7458249703425393,-5.190904301019171,-5.452698299543578,-6.061066481841424,-3.128794207880058,-6.016696364293586,-4.951883590057642,-4.478845973387867,-5.231034748562725,-4.791168480559923,-6.3744100450504915,-5.150032444856656,-5.585110483184332,-7.3452933300459495,-7.6402956402645765,-6.838216362108691,-5.961508142158148
-10.993040590313568,-13.438010232685087,-13.130168229782793,-14.41881223447731,-15.417173236281206,-1.2230806003602666,0.05525151940894059,-0.04820746196666856,-4.522066034877827,0.22212675333114942,-4.119931617633589,-2.90104918550461,-1.2093166913142381,-6.474849363553113,-7.191374259494322,-4.427272908677885,-3.052130984172076,-2.487472846918768,-8.926385723522007,-4.471034557318677,-5.375708714290336,-5.5859711437324995,-7.830516395890554,-5.248132879440638,-6.786236212282306,-5.345151207028043,-4.31636853917733,-5.892343543624789,-4.88752168675154,-5.600823065437494,-9.349413275911054,-8.737918048895562,-7.568366747131504,-6.681088077556721
-13.7111335312133,-12.786552419115708,-13.579232811373267,-15.06622876381294,-2.3488602477169023,-2.222823353373728,-4.866490192769111,-4.54886801012299,-2.601240468499505,-6.936465015276534,0.9518491147067552,-17.632552490258398,-10.372820496812627,-10.145590918634522,-9.120205625512035,-3.248601451505379,-3.6989562355866594,-7.107844187461917,-8.468545772504925,-6.114802770417993,-6.25119705151287,-7.375783352777703,-5.519205382242555,-6.657948830848023,-6.14989076531467,-5.204061018553273,-5.629013200275685,-6.397213363617341,-6.244792247799815,-7.860665313745617,-8.507374426215438,-8.171593562982427,-6.996029153440834,-7.082698807125845
-11.416211328216852,-12.084939694434196,-12.499003351194055,-11.342065698718882,-3.7942349261366335,-2.905362444475099,-6.373778843941446,-6.953656755444017,-6.588674646112494,-3.311879702832283,-20.7749702858116,-13.33507257045661,-10.20422834876646,-9.33614416554795,-6.197737009076362,-4.6271063393187415,-5.855004918160931,-6.197222927161279,-5.66040956222491,-7.288773760115425,-6.141574574334052,-5.814251109976111,-6.656658933312937,-5.597890669867629,-6.116662619079798,-4.889769034201697,-5.184603810219302,-5.784000708614241,-5.962439683059682,-10.283965455156475,-9.477301231745898,-8.511019274522532,-6.884661735269838,-5.9913300819039055
-13.49528841800836,-15.364132145454432,-7.738437173212318,-8.962916126644762,-6.4789411322352235,-13.635276801690889,-7.060978642243619,-4.8162768724116525,3.0187843950036197,-8.139693429395871,-7.086287621245994,-8.934048709966953,-7.394532581438689,-2.7297990580830818,-8.169342263010252,-4.217243558270231,-9.18387278546636,-7.451671928452604,-9.81890736458978,-4.929179638210886,-5.04070456057525,-8.211975836504761,-6.2602568436236545,-5.999109312120161,-5.8980896240180005,-7.0606169610246585,-5.501967816727638,-5.818321842617607,-7.2106134230892325,-10.518143043552953,-9.188906942840823,-7.504253078845653,-6.645465371051807,-5.975641261212928
-14.844331816491835,-13.246988933088703,-8.504838618599958,-9.940980602176689,-4.027039572900141,-4.005623394322397,-2.1059173649114773,-8.176507136786448,-20.1034181080787,-18.13571167688973,-13.75004833802696,-16.410084178866242,-11.300726033485638,-6.725986828463013,-5.313342189603075,-6.574389884225733,-8.095004633299745,-5.3696298611363655,-7.502605696015995,-7.755139373924577,-7.426948846084423,-5.377011862640878,-6.823883884676371,-6.571142117225293,-6.187070577914382,-6.080110432405119,-6.514010194837106,-6.925801948692487,-7.66118706854307,-9.836940046105035,-8.699682962562852,-7.431638517348941,-6.605907354646008,-5.731719594208447
-13.242469813138392,-13.95326226425423,-11.10057183484145,-11.402863899209622,-6.6893621720058505,-5.236040468850146,-14.084590010342039,-2.7730753988141923,-6.5644544135890595,-5.880333923008822,-7.885553626118857,-7.6965299399531775,-14.473288857993948,-11.918017057888083,-5.992573941227509,-11.037310412187464,-12.472750241862226,-5.123046877666178,-5.583688983857494,-6.636528643973611,-7.751234266610802,-6.76942978636466,-4.8940071813579555,-7.08682418838843,-7.7209427332541605,-7.015391661150597,-6.78607093951488,-6.928313323322667,-6.815737763614192,-9.14638048235068,-7.328185075676339,-5.966929869575322,-4.666067395694844,-3.7180469703474874
-13.887886072120962,-13.270756860831614,-14.833960771470585,-15.936605706794689,-7.497849377491049,-5.728811739284921,-13.357881792572137,-6.973085350011739,-8.987733045456409,-4.923214495216391,-7.138748757317653,-13.853734522164338,-7.2561267329603645,-7.526310901188704,-7.718453496082959,-3.827775046505684,-10.363439932280297,-7.487651893345945,-8.176337509689716,-7.999739147385593,-7.156179498751796,-7.671030124947231,-6.963144443713754,-6.88835902427241,-7.6647696593671375,-7.240885854792465,-7.274793082097861,-6.913204583283773,-5.377948474600406,-7.6706087369574485,-5.890104039752122,-4.923880010404875,-3.641412537786774,-3.389233262155082
-11.374338986742387,-13.932918489665402,-17.20472994486442,-16.158913703100534,-8.034606254703935,-5.449111474226844,-7.107777146115389,-7.004574592307201,-12.832425823729066,-8.755984263700759,-8.05545508604328,-10.575172714995476,-7.523421834570027,-7.021910163066478,-6.0651084759943075,-6.691298203906902,-6.258052727951065,-6.95368368867518,-8.846626707271819,-7.235104392106036,-8.069680118792721,-6.344251317725405,-7.374076972368564,-8.605852914808496,-6.704524022926285,-6.0243440847765095,-5.4011537678250106,-5.7498090555894175,-5.3860428154265225,-7.103457688466298,-4.994207135426349,-3.766387146047574,-3.1868626975296586,-2.5985451127487798
-12.76803128704271,-15.740275436275516,-17.00064453938798,-15.837038733460556,-11.136017345786149,-5.459642142680477,-10.222027651535425,-6.451079603359173,-1.0199631300916647,-16.17313029987521,-9.594379093370064,-8.501687158746115,-6.347818764439812,-7.889317253822967,-6.361634140771201,-9.551324043464597,-8.654026574716552,-8.586349907138977,-8.676244773238937,-7.510265541879784,-8.140534098410042,-9.089147262030457,-7.422196194125204,-6.567992361422139,-6.694006536272505,-6.587984881147806,-6.389410720087241,-6.5729351721319045,-4.875546513582201,-4.538012828968276,-5.01418480738648,-4.210657791799795,-3.2689031964609185,-2.5713062142604453
-14.10020346555942,-16.6959313031129,-18.22713310722526,-18.832214590403485,-10.587056191430213,-7.906003708810627,-6.865061600281141,-10.465938412121327,-7.333845439033801,-7.483222280166902,-8.634288973015613,-10.508393930312277,-6.727284226099342,-12.14661397805654,-9.414023965007354,-8.263370839322489,-10.35330046105983,-8.376770490452493,-8.302639100596222,-6.933529531924642,-8.613886815829744,-6.985886661000308,-7.87853232171345,-6.97850012240384,-6.481695605122662,-7.153337798397775,-6.644341843492979,-6.649589865745125,-5.931905187798858,-5.204521124827223,-4.631329910013711,-4.587759207815646,-5.218086867501538,-2.5914381599997656
-15.499478489846492,-17.172156324658136,-20.07512310588959,-20.47548168245871,-15.413433595642587,-7.759441776103552,-6.050663620484491,-9.701381781898407,-13.102092841804229,-9.360679889840348,-10.548404013835347,-9.679816819707206,-7.019605965445693,-6.81717141985732,-7.1330970058708925,-9.308936553749312,-10.490960194202872,-8.067029357360928,-8.553996837610008,-7.793507344695577,-7.8832517256140004,-6.9363234604141475,-6.951951156835544,-7.038536607042031,-7.794859049243233,-6.7995092935323385,-6.751254431572258,-6.662622417903835,-6.2213553701645585,-7.232416711317942,-6.534867500134183,-5.041599945785594,-2.949605999744844,-2.924076469548656
-19.41739126425605,-18.85036677714296,-21.402287465797887,-20.579761206346266,-16.68151256858807,-12.325469973259416,-8.743871817493744,-11.181078324902273,-11.626215362538352,-6.585835078357695,-13.428273174809076,-9.942142806519776,-9.552267883195254,-9.250289964577313,-5.841526381123881,-11.818559620886907,-9.271899317007183,-8.545554626027794,-7.867782498468127,-7.300876300008351,-8.289291963590477,-6.9840141445571415,-6.8121625275192415,-6.583940094816575,-6.840693909284623,-7.870785132099141,-7.088690780253242,-7.695604865851537,-8.288691460430226,-8.689526118942547,-6.015618619469988,-2.7003669105568138,-1.8762594156313754,-0.9411799438135534
-18.477865142233657,-20.7173364871345,-21.64706475634088,-20.76792795279577,-18.23080773008132,-9.160020241530441,-7.5607047823084095,-6.490279089604394,-9.44784499589905,-12.854917703550141,-6.381688461986328,-9.973830170358271,-12.461990715833043,-10.404911833725205,-9.415620795642845,-11.483280571599277,-9.074049674470562,-8.098164602507186,-7.392999114098362,-7.060552455849656,-6.1061573613290765,-5.684658594346489,-5.707853293747196,-6.290486261375826,-4.603066697170369,-6.106136334508264,-8.082433757787866,-8.995385854268738,-8.353677303231803,-7.271934490495972,-5.2190470877862545,-4.059790772386366,-0.47293870658414583,1.041115407832353
-19.40288864254763,-21.828504298817908,-21.512267475236673,-20.357055173276343,-17.729165480656253,-9.693635373316459,-6.796963245017845,-5.699488187193075,-10.429796021186078,-6.294062609163765,-7.521519435878056,-5.978703360076674,-7.779837715865933,-6.765239394672748,-11.338778505626603,-16.21947265972193,-9.661308635324339,-7.815397006997572,-6.334349828991592,-6.813900145646591,-6.793765516965088,-7.28092478874024,-6.3613826844178165,-4.79595088445826,-6.3976240398796245,-5.05523073802902,-6.796312508703943,-5.542510510167721,-5.346682009459861,-5.188448264032577,-3.9853512396019473,-4.016000415084195,1.1757182318628214,3.5587937291767933
