script/wind50m.json
[{"header": {"parameterCategory": 2, "parameterNumber": 2, "lo1": 6.000198445256149, "la1": 58.999992894266676, "dx": 0.5, "dy": 0.25, "nx": 22, "ny": 24, "refTime": "2024-04-07T17:00:00.000Z"}, "data": [0.057752367016447516, 1.710344965507085, 1.2723971857025917, 1.484238232786708, 2.0539358879282985, 0.010915042142391734, 2.0170584432739793, 11.128480963376925, 7.024288737066053, 1.0299082936354462, 6.304990936520893, 7.70697248284249, 6.24102813954019, 8.157418794957351, 6.1873730301341325, 7.021818850502366, 7.022809940098984, 5.868627393879523, 7.297799500987616, 7.247345073597366, 8.199497880849579, 5.154063782180278, 0.18992506929493913, 1.2627155384367392, 0.3970948438514836, 2.7339557698690706, 2.1759559534874087, 2.553561567775406, 1.8743897889775356, 2.187082270782179, 0.6868912957086392, 4.799335981757756, 7.845297747531283, 4.346839939146673, 4.3643265795594095, 7.040061673446597, 5.809838383715361, 7.670822285919623, 5.519908229315184, 6.234806862306187, 5.764460473631985, 4.771582131438468, 4.426701713565357, 7.972446767847858, -0.49839727709729587, -1.8794841454923208, 0.21598312466973144, 3.3618616766315017, 3.672551239477416, 8.933748287647575, 6.09545885880764, 10.47043113550558, 7.187112197771163, 6.923981162698529, 2.191444657460449, 4.792067179335906, 6.652052599096925, 7.55845155743882, 6.574221347915476, 5.933468898463472, 5.958372530554168, 5.997784921980977, 6.442082474320134, 3.8812730301990985, 7.591206162938743, 6.524411316469645, -1.3072443626748405, -0.672787995124208, 0.01570979066549716, 2.6648159144357693, 0.1997246927205685, -0.06248149057080961, -0.3790417453081772, 4.296176378973983, 2.4399677058887788, 10.130087887532474, 11.612464944055349, 7.0433158433377, 8.690529269072147, 7.516581516231655, 6.369644394687459, 5.685931134858791, 5.487312675540956, 5.799935740870233, 3.787329505110965, 7.528829319810679, 7.117190872856472, 7.782054427962939, 0.03897611367194976, 0.7444903302452164, 1.0049874299810813, 2.8520391524964968, -2.868191373578048, 0.32335745938669536, 1.5564845456058867, 4.67287560667891, 4.572754264871853, 3.785350755668401, 5.993246834454587, 6.05762293163475, 6.670489325477943, 6.037355490653949, 6.301483825832915, 5.557790213392957, 6.943172815818485, 4.9521409435368655, 6.6352837194684495, 7.093238205494171, 7.002982962332922, 7.809945530401186, -0.08197761961375058, 4.1145151514943565, 0.8371694072275812, -3.3547611481619706, 0.47408553540435105, 2.698608116577086, 5.790593654747785, 11.36244524352074, 4.879129990801435, 3.5111357727341734, 7.235185607480809, 5.7598701636907315, 5.745335047016294, 7.0003956550698545, 6.5831818795987305, 5.3620188807152, 5.858812708776942, 7.64837552403057, 6.219894725096018, 7.941417414290658, 7.927296021413392, 9.700219433504705, 2.519394159734529, -1.6901761564640703, 0.4076872585655242, -5.535721830951692, 2.0844640471201825, 8.652006285146268, 1.9656147054408775, 2.1734469291276017, 3.702057238225216, 7.803334665571857, 11.917144403232806, 6.417337850581542, 5.899869340189502, 5.991410046337093, 7.649752887549644, 5.3697546459197545, 5.746148568171567, 8.557594436693336, 7.1001014248649845, 8.353942527565453, 6.946924418995359, 5.3090311789920746, -0.3960562175448435, -1.1386904843896188, 1.373419447106029, -0.24385857765310048, 2.770760692881939, -1.5939558348102572, 1.53984562446219, 4.539838367221661, 6.094101958568253, 2.7236158184963797, 2.2806874668468917, 7.283929437833246, 6.727907494921337, 6.747492928290412, 7.381952869626686, 6.167665936981281, 5.213854355678256, 6.819545212367003, 7.683803812190205, 5.594953452263708, 6.738006858619934, 3.5154750718664443, -1.1303688659403888, 0.9383821463534561, 1.493113396364744, 0.20497025391211418, 4.003795523559367, 1.1283178920767236, 5.329679201290625, 5.096285766065915, 3.2287229671267945, 12.335773028312108, 10.473911685834294, 3.4956254626295986, 7.594370200754916, 7.957367275614034, 9.034517635183768, 5.717410053380258, 5.851281791642813, 6.580340920875137, 6.6185151665124495, 6.702627928884235, 6.458180441101991, 5.534729584350686, -0.3410326802055604, 3.526089832526988, 1.726229333025686, 2.3575542488374595, -0.137207046092469, 2.5342389244498027, 1.8640621716926442, 2.0451339139210436, 10.133522715417667, 4.048108927436075, 7.382680063599156, 2.7746829252738796, 6.3707657080423505, 7.59517352928, 6.213193511396134, 5.6037962264260175, 5.134751122846368, 5.229751248245139, 6.855846031582732, 7.302415172910762, 6.087554945196744, 3.645839441034247, -0.28639796195277456, 4.187439746308054, 2.774173679716912, 2.2494280450233743, -0.26744659688235906, 3.2101844525137864, 1.754322693272561, 7.288049801874021, 3.498834829030525, 9.784557810814276, 2.4720911112061636, 7.001350057215017, 2.9995955821671383, 7.111002895983932, 6.657288691669696, 4.902968846975538, 3.441253360535954, 5.854599445073303, 5.868329879672513, 6.459851047359105, 8.823728166021013, 7.868057061173643, -0.7588024448422632, 3.587447310614946, 2.176512651451787, 1.6437204706769923, 2.511491895081326, -0.7295217849053809, 7.766371280094722, 1.966505213569071, 9.768584275468651, 0.7936926375578608, 11.589942222419714, 3.584278364086705, 6.944337880510462, 5.775011671441804, 6.977706635786527, 6.918062381780019, 7.698984214019859, 4.594942534273052, 2.5611789189525274, 7.330960770107734, 6.520148698338085, 5.435762469067606, -0.1154394452847327, 2.923894409867596, 2.166984346795352, 2.674608828588055, 2.114469691797969, 0.7521807141342438, 0.32412477498871756, 8.537783956045807, 3.6634019586635973, 11.520367787345036, 7.245136167685021, 2.9684709354173027, 9.035023598913652, 6.723945155214839, 6.570939539622853, 7.993016006621353, 6.386430670010181, 6.506538589257926, 7.872515434739572, 8.779458862447465, 7.502266622955328, 7.76313194906553, 0.5741728248995271, 1.3156678775837676, 1.4234763589420725, 3.7662156168638288, 3.859390389149601, 3.1216424248272174, 1.9229556946062414, -0.7418887987863926, 8.900795932200975, 3.860469906396832, 2.705940120677798, 6.942847209355424, 7.250627370221902, 6.217285210360729, 6.0844139532106105, 5.37928848100269, 5.572152986836745, 5.6236680805631885, 7.17647218382696, 7.462236331697693, 7.964785797748825, 5.860011755541942, 2.5827394356757103, 0.3017634817702437, 1.4338256829848748, -3.6165808227263767, 0.10618107139349683, 1.274905056085328, 6.365172596368237, 5.1209519512627155, 3.6716208978217497, 3.9131687421833767, 10.778335890263163, 7.64017767385243, 5.676355289229046, 8.005745145897118, 6.1568376941373515, 4.418709047394531, 6.886595507592966, 5.398540270594305, 6.099229259853011, 6.441803716767912, 4.4163895440897525, 8.349580385822206, 0.029702925394477553, 0.4542560035942457, 2.3308849617350527, -2.4144272610292306, -1.5609507262843307, 0.05542234802611087, -1.6205395263001496, 5.3274126799922685, 8.51082429844814, 7.811014180614149, 4.009694467772179, 4.3897654025082256, 6.399152120968544, 6.958277616223629, 5.858337784584694, 7.615418073534525, 6.557838956053243, 6.094557708816919, 4.521575951060109, 7.482358842248724, 8.747311297214106, 8.757932118138864, 1.3766995042969816, 4.292345853130743, 3.0271661427846315, -0.09627110198485034, 2.7620786328916824, 2.775058008755001, -1.0079337426209956, 2.995030798363326, 4.075923213785451, 2.3195266148516303, 6.824189309059006, 2.7510702847783914, 8.251140585593413, 7.61763134921575, 7.628812779213281, 8.810411594961232, 7.383058054084313, 5.0770049852611585, 7.160139052396328, 6.732509623541607, 6.893141025933452, 7.194304736308877, 0.35503367624868576, 3.9450676499757216, 4.091161941389473, 0.9507664217255287, 2.3231822987246704, 4.465818213414902, 4.274773936244168, 4.846009784208873, 8.900546919908832, 11.904226957738766, 6.33492443117096, 6.960765275917063, 8.826391355752182, 7.656400123964162, 5.437730091165173, 5.881745328998931, 6.234146539327752, 3.050941903816891, 6.03124047918753, 5.153301748180696, 7.991199917632439, 7.224524643628481, -0.35535251731303563, 3.516662293280462, 0.23731165129614137, 2.6723514877423677, 4.1312508719452, -2.7940856892760864, -0.4899224624281645, 2.263130676897489, 2.6278590864971614, 3.6757141183872215, 4.293096375699162, 3.0402168635578732, 6.589281817938477, 5.864132612603004, 6.7531939315516, 5.6863689392931915, 6.147154713206088, 6.0132496721233215, 5.969660812985322, 4.667295698861209, 7.918176794674298, 9.950664810158557, -0.5886589104189566, 3.739594653018365, -1.3208795592654143, 1.621608093657665, -0.687413975688545, 0.7748698948719408, 2.1721906822228387, 5.303058935967945, 8.857310030752169, 4.806798545238222, 7.320721022270574, 5.010282237534007, 6.377075531943761, 6.960253235069808, 7.001725315041972, 7.477351397790791, 5.185474844450418, 6.943879101156178, 5.365122132455662, 7.162001349026387, 6.140830965438553, 8.203420957698079, -0.04299424841962, 2.913454253002694, -3.084697039099455, 3.6348847324078744, -0.6286828281976163, 0.9354051624365171, 8.074651393394255, 5.460563166709481, 2.208581469771026, 7.721123727744486, 6.174292408191684, 6.336267205694391, 6.7789084194139155, 6.577097650262615, 6.6665056750612575, 5.660035724378234, 3.8250431176728297, 4.699048556160116, 8.220048363893634, 7.190427712943105, 9.415362364605159, 7.81825753311965, -0.30373070536608143, 3.039058921349204, -3.496301607180534, 3.2681870113941462, 1.6595239801553032, 0.8946980241674856, -1.3764990704864888, 2.919603063968053, 10.468962519559183, 4.846351555087486, 4.584871822830695, 4.910939312802666, 8.248583627046553, 7.4761001484199605, 6.883591385584977, 6.672632985265781, 7.108556820835522, 5.7121982316778315, 5.788256880729466, 3.242482494916626, 7.073510089580682, 9.141079967431308, -0.13667253566873444, 2.8161034687114945, 0.5287565914279866, -3.461016524454261, 3.7583201246195443, -0.24831881926373098, -0.5075431972991051, 4.534322999380924, 3.1792277012312917, 7.757768585405474, 5.103718250693936, 3.3907009954637295, 8.924115121749637, 5.573396460243506, 6.593658828807125, 7.594878065404032, 5.913890653195847, 6.205537309478394, 5.966284999918856, 7.32976577227285, 6.593860679919799, 9.015028653016847, -1.0820547936934086, 2.158647362350631, 2.6516827348582233, -0.3125396805525884, 1.1669207626842788, 2.366849811770496, 9.439777583005492, 2.2561981377823668, 8.657481346355635, 2.3482637916745794, 11.873497146005997, 5.945746361177293, 6.485358885936493, 7.248720603573178, 7.042178590257252, 6.119030200195457, 5.489219263278129, 5.817109540533671, 5.249610884911565, 4.77337012119819, 6.643794959917646, 5.439941531712142]}, {"header": {"parameterCategory": 2, "parameterNumber": 3, "lo1": 6.000198445256149, "la1": 58.999992894266676, "dx": 0.5, "dy": 0.25, "nx": 22, "ny": 24, "refTime": "2024-04-07T17:00:00.000Z"}, "data": [-4.58147546803244, 2.739039954125894, 2.4205753062196314, 3.1927361580224165, 3.047476800401155, 2.9275819456351178, 1.0655918018157142, 4.684048491515806, 9.020144269485165, 4.037221545426117, 2.274174949694407, 4.867141216392633, 2.3897540158899937, 7.790688330646662, 2.2602332675279637, 11.135938059283871, 9.736620673395999, 7.585176281868744, 13.232304519866354, 12.722304966186568, 13.555625475104026, 6.099404636752096, -4.699889561736747, 2.4582302741162128, 4.106850283339944, 4.567807320231343, 4.021196520216686, 5.6552020869204584, 2.943185621983161, 2.49514522410078, 3.1854663565321104, 2.5474131940635543, 10.314188638107327, 3.06384240698864, 5.017386524816125, 4.485273022078465, 1.9804558177640303, 9.99435013975015, 10.542211174025125, 13.87986724015423, 3.4386337572359618, 3.1449545095026106, 2.6841329952158435, 13.044611735156744, -0.4810754869466716, 2.0153905655313453, 4.3459407940856805, 4.417057375495986, 4.676057743321612, 2.5469027079668987, 3.6041759636617847, 5.8785252186340164, 7.944404994602742, 8.325413976129855, 3.863535052802151, 3.9350470709310903, 11.301236601424666, 9.535235201629353, 3.403047234321838, 5.262466798013746, 8.323767878492168, 4.636727237835179, 6.780134032356738, 10.625472594593244, 11.972374107134277, 9.27114423771557, -1.315631958650615, -1.8533553746118117, 3.6883989886523367, 4.823612756996224, 1.930793513414672, 4.05526416978222, 3.637047485640619, 4.162510507170039, 2.8203762246347845, 7.961048883720624, 9.88466957582964, 10.576260436678504, 4.996540898852122, 5.498051247946556, 9.463509591732238, 5.332168426448142, 12.746604274361701, 4.330346207472968, 11.251162769774739, 12.679901662637103, 13.354900830669804, 6.082440672811587, -4.082063814408344, -2.1259601030178272, 3.3768355143590214, -1.2435050580997076, 2.7279155002891033, 2.5978069380312383, 3.380756389648922, 5.267652289749635, 5.571081861376935, 6.0297367006431015, 8.39871845731731, 5.5126448580718606, 5.256834893583138, 2.3736503639744893, 6.896664602290175, 5.778358759433286, 13.520369414372674, 5.798021051651843, 12.877520750956048, 2.59350236214872, 7.284826892996162, 12.875684906675469, -2.330184509963894, 4.188491170943118, 3.4229764649684804, 0.3237731684642024, 3.04523001002963, 3.6949995569065215, 4.534674272125983, 4.765037395064467, 3.0931475762089655, 2.0340068295329883, 7.327573857409059, 1.8697422912233563, 2.1847279326486357, 12.225753892174602, 6.468239567094784, 5.857123546899475, 3.0364080463742122, 7.956583708645826, 2.5240215577925116, 7.06759386779669, 12.829604973623033, 7.846451082425531, -3.0403959468599964, 1.6174562816603115, 3.1060453408874813, 2.231658900011377, 3.204476094065849, 2.5489078514179377, 3.4780624352303398, 1.4310828701929128, 5.091955329363965, 9.493257114931636, 8.51948157027005, 12.40372522688758, 12.459364642657036, 9.299755573138242, 6.05528932362462, 10.373335438730287, 3.251790098364058, 13.480459767747037, 5.167301786209275, 12.533362456709817, 3.0751026523869744, 6.342814614773161, -2.1050323617056086, -0.9442788690308751, 2.5319685960313785, 3.1256427196148167, 4.3538534562975, 4.734167699103744, 3.251370412299774, 5.077452748317907, 3.0676912121128814, 3.497200590098953, 3.8001533973801154, 5.669808294277743, 11.513191509543338, 5.28364269548361, 5.2523362702510985, 5.376255951719617, 5.1288797543333695, 13.746429290710296, 9.256798599621439, 2.545123614114661, 7.654510986331064, 7.693183095557131, -1.4514961089512912, -2.6755351911467735, 2.433322355159857, 1.8031723443575485, 1.4762017354953558, 4.549404829046537, 3.37431445669484, 2.469494292291268, 5.062862241799024, 7.098406105219549, 10.309945761523807, 3.1228509773005726, 6.554613752724929, 4.590349850710552, 6.64476144195602, 5.262813143974906, 3.8778532304161986, 13.761826484086452, 11.390140401416868, 7.470816458594218, 11.952682427215015, 7.152595050632402, -0.45190979488589345, 3.8131027884470003, 1.9396570725650097, 3.350419206924184, 0.40403519431206697, 5.312071309562209, 1.8523002356241691, 3.4491025031290476, 8.23515356867217, 3.8303347573128113, 9.450232567478926, 3.152847184377841, 2.3976503038310386, 9.784775503406994, 5.466516755371969, 5.790252874552271, 5.470988872013367, 4.245584013878097, 13.189836926170385, 13.10568938216902, 3.211895997878951, 7.673648536566369, -5.22317958132126, 4.167668314106085, 3.473231195868561, 3.3458088564580404, 3.529451227707125, 0.8815149200994815, 2.9483746577048078, 5.846441516718637, 5.074629929323706, 7.860542337727276, 3.259667252069662, 11.7070456238248, 1.878958696320523, 5.451590070762296, 5.024464443385816, 7.743226560592273, 9.26723069467732, 6.193649092508738, 5.276093995993057, 12.744207815851777, 13.104722194301717, 12.965216801538626, -2.0901910873582152, 3.3676328114826948, 3.090541194639054, 3.7982276587667707, 2.7056960748046675, 1.044715726351364, 5.60978033345925, 3.31897246721616, 7.967414050073508, 4.5898419485267645, 9.351700156675319, 3.191280634405244, 11.888355255353584, 2.4685674340560624, 5.473962941254059, 11.428774374189015, 7.489482668062946, 5.838573232765662, 9.898336766210496, 5.335158894771955, 2.5742541226936035, 5.667337460011642, -3.138021031411303, 2.6979620878686514, 3.6096301949134824, 4.155807767496268, 4.686586289188979, 3.276757598376233, 2.0612658720356594, 9.626476578946855, 2.985445999364254, 8.402981087568504, 9.371378989513614, 2.987370474685391, 7.032557695399152, 12.49530342375891, 5.043735407884413, 9.7774404120568, 7.467411971654858, 13.25303018481298, 10.49279815501446, 13.662004132288208, 7.239184845486296, 12.80949956630974, -3.740755401255906, 2.7955271117219045, 3.9841400457082967, 5.903294217078838, 4.28182762581927, 5.398814459579495, 1.8580318049442088, 3.180207325127513, 7.108808641658418, 5.92182961461271, 3.156504283061158, 11.903117502365774, 2.624934139369178, 11.871174779670245, 4.1255214432699985, 5.811516688442543, 6.474995327951696, 12.913789501368303, 13.059388793427612, 12.72780017600465, 13.450585858463915, 5.7661493896857365, -1.5214771989545361, 3.761097409009863, 4.2410047515446205, 0.25586212812447806, 0.8717103115951516, 5.407099391051153, 6.183587021855271, 5.4029568690356875, 3.087627127247632, 2.172423729573263, 8.399180763197595, 5.257676129736369, 1.6633822226064625, 7.361351823453517, 3.753964333832475, 8.485395467058357, 8.54201065036095, 3.1347189980940273, 4.301890955793029, 3.714494715316642, 2.9121268622130265, 7.539955558849104, -0.32975250431102143, 3.4683259209178225, 4.542752906237933, 1.0338619989423914, 2.3999915609834566, 1.212534872463023, 2.2612826603605085, 2.6021232562022862, 6.4067224932008076, 10.565406689616069, 4.397457508678531, 3.1477740467769086, 12.348238231610607, 5.009928736320772, 3.2470351511833244, 10.203253920940622, 12.692843188550711, 4.506641131478185, 6.669813753829318, 13.332226227857461, 13.331626535134431, 11.53106254883665, -3.7601290892040304, 4.077634814007698, 5.291638991898006, 3.648781214443584, 3.177949322553022, 3.39054179948287, 3.084767832302775, 4.432133197641133, 3.427634339611053, 3.379963112061769, 2.090312202551992, 3.291842686511684, 8.63615957389801, 5.847748815512482, 3.521684397512318, 7.858575627425728, 4.217010129434384, 6.10155612132972, 9.009545117664679, 12.717561059388068, 2.6956866590230755, 8.112241537059859, -3.530426460704854, 4.024165942541681, 6.396023759963444, 2.981042089061814, 4.118156090023942, 1.4744014429341485, 4.759261901849699, 4.649461800016942, 6.655628118288528, 7.7017270499667445, 11.738321704133652, 11.847337336018484, 5.517213920306556, 9.698072011180797, 3.0772942834332735, 6.292685211804637, 14.49960869082349, 6.904168273289115, 12.805868208515422, 2.9667444064540245, 11.611721404043369, 10.447691755663723, -2.856623393077232, 3.4970755801935325, -3.3384859041422614, 3.582579632420162, 1.368327757163855, 2.8983774381694976, 3.0046622532074414, 2.604467450864282, 2.9128663079269455, 5.8539006186389715, 4.35771269024517, 3.699175932696188, 4.045144720315965, 2.0633632171400973, 12.346115330764098, 7.0418967146676925, 3.7211083017062223, 11.257573486246512, 3.9876804406186244, 10.398296670137249, 12.763647984224638, 7.383909093194234, -0.2951742353408873, 3.1544533604729903, -2.7288371637305455, 3.8751086763523723, 0.5630688234733662, 3.5289611316268843, 2.8589375315496213, 5.294180715345092, 5.749423227792867, 2.4394372471125854, 1.9782738357251504, 2.5261785460523263, 2.4744051009708583, 2.655611459409458, 12.622256704616136, 6.985736793586013, 5.408376070936658, 13.22843323378975, 6.771974657707708, 12.725678699337195, 3.7346783428698136, 12.367358909784093, -3.9531314306637007, 2.7735060753608347, -1.5538215777105033, 4.730190463553444, 3.2071176460253823, 3.2129485572032186, 6.087621611848528, 3.141574177646473, 5.06405045391997, 10.883465670909969, 12.15098046325814, 12.595038948917052, 12.188311884441521, 12.588600089187548, 6.538438685673541, 6.372863419221435, 6.487625474443773, 3.7693161295874895, 12.293151973019533, 5.1680755758301276, 13.540274099990341, 6.266195912672436, -0.5202642625584557, 2.706221380354548, -1.3599047655714611, 3.4513772683638195, 3.6247397323901898, 4.741810621810768, 2.35378380271619, 4.699142728119097, 7.97385953502492, 2.7680427451432017, 4.023121797714769, 7.467121234004741, 8.091265883501842, 12.003215478597049, 6.659576372203236, 8.172732768541842, 7.66502387573887, 4.674380664173083, 12.767120627121939, 6.417912313515525, 13.204748490766102, 12.428230899044564, -3.6811844459071477, 2.5332138007759486, 2.9256407745691, 1.4467268353253617, 5.461995465290014, 3.4453205456032725, 2.883630753240209, 3.69388517427716, 2.7696657065006423, 10.793082023965056, 2.1379876119994874, 3.971461257057111, 4.884068379796781, 9.166949791444146, 6.455507370770577, 9.860134022627381, 6.881253669223315, 5.866675375666736, 4.0767077702150525, 12.398806213371909, 6.333773666500563, 8.579481532564722, -1.2571744772187368, 2.334098717325068, 2.4543126552818424, 3.6175164566440428, 0.6049981543878447, 4.708957593300855, 3.2958115506725787, 1.6892685366129223, 6.920986684481786, 3.38308319104565, 7.9460574109264765, 2.2437762364892295, 3.40409777917671, 6.2414196702595515, 6.304028239378245, 11.92501832727539, 6.579389387584329, 7.256524684894405, 7.053787932562242, 3.115102479396408, 11.778040497078884, 5.5601967552610665]}]