script/wind10m.json
{"header": {"parameterCategory": 2, "parameterNumber": 2, "lo1": 6.000027932988019, "la1": 58.9999434238085, "dx": 0.5, "dy": 0.25, "nx": 22, "ny": 24, "refTime": "2024-08-04T22:00:00.000Z"}, "data":
[rows 0 to 23 of 24, columns 0 to 21 of 22]
-0.4322892139313182,-1.9639056568186737,1.549719997754195,1.811624227676904,0.6240468160511636,0.13172480508248163,0.5298755211144199,0.07823032070287587,-0.36819165209390664,-1.8442843529185668,-1.0876643746741221,-0.26560258774096795,1.2616990439255962,1.3358909687022673,2.8193570247912465,3.7098339365585673,0.028927541546996817,0.6766901377560386,-0.719108760849943,-0.5348723560826724,-1.246213126950422,-1.2947128776460397
-0.5846990694759817,1.1013803924663734,-0.8985970096630878,-0.5606904863371814,-0.1498119320176351,0.24040377770949733,0.040288524314918917,-2.6886468870135936,-1.5114301308508202,-2.555968518046724,-1.268954084073116,0.3646772442625129,0.8384472291247936,1.7067619347565526,6.001145725573703,4.044879782646697,1.8324786333159946,-0.44783100104230916,-0.874131005283242,-1.4088373505793002,-1.198925789971701,-1.1458443343381008
0.4504490576854945,-0.9577128327524087,0.389279427757188,-0.9941636807995083,0.20562523274304195,0.548373426576444,-2.2752823158396764,-2.630702950780757,-2.4459473339147664,-0.7082605178764757,-1.4751920682563455,-0.4978370371227721,0.009490172681933319,3.934465535314001,0.8182776301015562,2.3771547802998687,2.3714851209350427,0.912654779748919,-1.9293275267665049,0.1431487901464998,-1.1802808130260656,-1.7254495896689652
4.015190963661828,1.5272264618827427,1.7354462042406336,0.6519001763008351,0.5067095833219409,2.030697033850703,3.257577903187139,3.694829517272718,1.782666795660729,1.4296093333081545,0.8635843299931626,0.01454366510339218,1.2660912507438076,0.8958073642507357,1.546484672105848,1.6915398071349683,2.3596630955134907,2.529319523746519,-0.36344156160064495,0.13931604373458983,-0.7966473165711592,-0.6415227204777492
4.104118068496514,7.54949983923521,5.7997576558335195,3.8432477482670415,5.529488230478654,7.307705364775285,9.269905539002385,9.177242480525688,7.716172248928682,4.502890264230663,4.216881131723555,3.3128353818727385,1.3203042641931757,1.518625897173005,1.757507983812732,1.7200284217819832,1.8667398939058797,1.1602702616734462,0.654453753762287,1.2092426536955785,-0.14919868466243288,-0.46287613402930244
4.182772933243722,6.327236467678715,8.979789646282905,11.15949207968604,10.257060068210485,8.982152827877917,10.12276083881521,10.579766514982207,9.784120592369856,6.940147939455478,6.34235630557729,6.267047881342712,1.51272656299635,1.8078615180087145,2.030594973944479,2.466535631943476,1.8228275505687628,1.5144898274648335,0.6929106808551354,1.1964003058062254,0.9044674651158127,0.6300234911438332
5.067657055730839,5.937022029021776,7.998966300526445,10.016489793277023,10.958889719328228,10.452699250512083,10.382397769319208,10.832456404585802,4.039240060421569,5.468969345214353,8.887178008280582,7.209143270397429,2.3085475687104364,1.4129427901108575,1.9818077372549396,2.0362419999570567,2.2562747065006303,2.010745966292042,1.0325108889584225,0.8187286593090589,0.9900061142962675,1.5729244681245096
4.425423278999973,6.689605599480672,7.3854186928298144,8.639814593770854,10.16114302609877,10.361625826517699,10.257254445325424,10.620529507358809,3.526225251132685,3.9146397134313653,3.500187423496577,5.924897871472959,6.493417721022523,1.4182827967179978,1.9853511904729886,1.8914640037846782,1.8330067228529743,2.1880462574487143,1.4557970384243324,0.761262944933465,0.9144547162934559,2.300047360088211
4.696939053212605,5.364844874409922,7.002564326863428,8.08553047972103,8.951739538722578,3.718265516848894,6.095513803352109,4.556446542032707,3.316907314190855,8.049724579471654,10.331996757962765,7.942561709816159,7.507668185513121,2.270522298354121,2.0133435873047545,1.9232820475837356,2.3268956214904124,2.415653142214934,2.465386827222826,0.13264461653470053,1.2199348440216717,1.6948111918757969
4.788937627612181,5.6121006485516,6.613967730258868,7.400902411383621,8.321389052620857,5.076130742828378,3.4456631692246504,2.938086851280501,2.803228022074775,7.904104704815549,9.398930183678237,8.26445328568541,8.114906400397393,7.660594025656206,1.7444260496674375,2.248905546899183,1.0912541201093258,2.428936691872758,2.910083367673254,1.3966860947755206,-0.7929513474526795,1.4016958686095866
4.63917754669268,5.227504057443329,5.961293095045745,6.546430254695655,7.314754371176545,3.030174968642611,2.2636475867297645,2.7406405172320003,3.2125596782851202,2.891581286993093,6.302892532769721,8.879027525040552,8.36274810709301,7.402432038916539,4.336086715490297,2.1407893875395314,1.6255597082975317,2.0130897117631505,2.5615879873027065,0.9969417055754373,0.4507651567677041,1.2610949921621613
5.013365429261173,5.149910781894776,5.432034344258215,6.410131334217574,6.679154211014455,2.0168863219324247,2.3612497779967683,2.9502976658345017,3.031924605030961,4.411795795313338,7.670330179100147,8.96679282151391,8.755291475997605,4.877579650416597,2.090501055067515,1.8890158745263104,1.875045596222808,1.9322803330317961,1.9347754795133474,1.4871667953740937,1.0483755026964472,2.09784228721527
5.254654496604592,5.378866801659996,5.7845500175893605,6.08533784640898,6.398225877960426,2.583531239121704,1.2440599740318719,2.138075786714507,1.8109566691053671,7.060626216142417,8.515366370187428,8.083026682482679,4.399889212232769,2.2824613113421757,2.4405885472885687,1.6346856164703845,1.977871557791475,4.678483267958283,5.368574353620462,5.9374229273257,3.165811361389769,1.1184061590903294
5.656155952255518,5.5502086676677616,6.044036147196429,5.9891191834125275,6.37960203088837,2.23924259989463,2.4053933077796987,1.8975629364427176,2.447448738527198,7.414451599179685,7.652188395411079,4.116387431771556,3.0786520350237256,3.153484246411865,3.22276360780631,3.0681464068158353,2.123218570727153,6.531654689922255,7.235751320783148,6.131239056657194,6.0653216413727495,2.5461683833764033
6.22267221695295,6.281658844685728,5.829630131023317,6.446504946967417,6.360858960800182,2.718411122644817,2.0567321764616158,2.845939168553067,2.3056011488242922,4.313599025900277,8.280459911335551,3.340188877550819,2.399960134039634,6.909595734626408,2.4929991267935696,2.596192157497173,3.430756342218477,6.002055978884489,6.1665117928020114,6.2743036081617864,5.662667145404311,1.0185948245690721
6.508888889513317,6.595250342567106,5.902643730474971,6.070246229581075,6.3243981625752355,4.923183670316679,2.0832591790652186,2.0516713225154337,2.423854895931812,3.1948098046793976,6.798521279268689,3.631810902357981,3.2516738704540287,5.374386164151254,3.7073215743917807,4.014086875167536,6.270643850167759,5.773073982067868,5.595717478410084,5.175050340335432,3.406731736726124,1.5305158407630681
6.922939253785847,7.1170543798145625,6.455702019886819,6.12895981888981,6.0303761762470485,5.631181575970609,2.2263061716265495,1.8603331786185096,3.976805299578694,3.5542838169853823,6.457203847129672,7.603377495825014,2.780373678474252,4.317968030819289,6.576530417496464,5.3018467177970825,4.872017682469269,5.487011297279435,2.565577917448346,4.263818553989298,2.5058109696471216,2.3468460281199084
6.135229258178511,6.86995604674339,6.849366265661535,6.501342609048216,6.030667804770815,4.838439255553569,1.4467377843388642,2.2459516160258404,4.093765704020424,5.883964520232543,5.880861896013815,3.2706233607103132,3.395913340767744,6.373081887318697,5.366933310877969,3.762458826932102,4.40898256837468,4.977860160307552,4.518704801373061,4.601664469049408,4.601668218970925,4.632786586290066
5.574157313348649,6.252370988844189,6.944231232199025,6.94412469856451,6.7976563377739705,6.374631368137554,2.000694265476298,1.7200092181308289,3.6347418045383555,6.176033029257164,5.950681622770663,5.5936848837264845,7.518096350321722,6.802927108991456,8.40691240687862,3.3138861162142033,6.452399854714043,4.9455085373520635,5.8285710813926865,5.904451981841196,4.1484067533224875,2.186627318738177
5.008127680627825,5.402480407180394,6.086441901891228,6.646951262665748,6.94710099759052,6.702644879914893,1.7587558299730812,0.9981240694138366,1.0432935531186027,1.8171578952273442,3.2611226073969606,6.258405525759535,6.364598154557302,4.651709583132317,3.3159596984599675,6.350190883516169,6.699729951330011,6.939833240165585,5.297230220673365,5.529481130608717,6.1636122023872355,2.374095289140032
4.7833354340506355,4.813903675711443,5.524841058448002,6.226547652616716,6.466202272087463,6.709163218636859,2.4751615594939587,0.959677280323153,1.4820254110395115,1.0832563045100443,6.113786283610414,5.651794965580635,3.017703573840319,2.9975405110194377,2.9423510578405647,3.825332449189707,6.3356070431597304,8.042264374123713,2.106254328800484,2.9120539726148245,2.688014325746598,1.9231307286560242
4.09512343032809,4.554210194657436,4.828113828192033,5.3321528183748725,5.342020438657084,6.016476842038753,0.8966087246752761,1.755779890123648,1.7559978070119384,2.1040566174196957,2.9632200331130907,3.2189190330848385,3.636639065472478,3.8253846456457934,4.70304062171812,3.801069473474447,4.79379590361227,8.496614558101111,3.0570619424679197,2.437933515688081,2.0003812442467797,1.5812966435816396
3.8188483043170613,3.6093910260368114,4.815758418662748,1.0784177758071696,1.7302229909580575,2.0384558490860063,1.5867616423741535,1.3907900424854578,2.4602379138128554,2.2100144905273336,2.2933211016080812,2.0606689803047256,2.978277115127243,3.284358806187891,5.452286708689212,4.608268031972833,3.968247678499756,2.273219134895614,3.619149477589847,2.6450351865809267,2.051600566289675,1.178493926771079
1.075532747261816,1.580145745802512,1.6388146461883821,0.6431247018400135,0.6243719710523885,1.452785456907188,0.9304258465718527,1.2561030956142833,1.7362546028821257,2.127339331742265,1.6672068654209586,2.038886144417308,2.769219076007372,2.247020369914522,2.697419474856777,3.4644494239022374,5.008195296165625,3.093745148640691,4.23259812888032,3.0401632886260894,2.020173534957082,1.6771326181157054
