script/wind100m.json
{"header": {"parameterCategory": 2, "parameterNumber": 3, "lo1": 3.000054539987559, "la1": 64.9999836372058, "dx": 0.5, "dy": 0.25, "nx": 34, "ny": 52, "refTime": "2026-01-18T15:00:00.000Z"}, "data":
[rows 25 to 49 of 52, columns 0 to 33 of 34]
10.911518372181582,10.920090510665243,10.778966528689494,11.553372832814347,10.404885861430737,6.713733884288722,4.5353554725883285,1.8967321267432797,0.8514410383440124,-0.4711316164854314,-0.16701536343705636,-1.449013942019049,-2.0823634460575557,0.6143562631576196,0.4376501489703019,1.1630555090274632,0.2337420495030336,0.8758020515254687,0.7876026372906387,1.7956486920895072,1.9959678538693124,3.3701063189826184,2.8328739431414616,3.164472853770194,2.9221638079481727,3.182425573028206,3.9306435356508005,4.1801166086972055,5.697644123423535,6.645806789947241,6.879884436475825,5.43819034603881,6.290768034980179,7.184246705946937
10.01032996823587,10.068663639996132,10.284314799482868,12.27235762434891,9.801721819018253,7.271429344272001,3.5847667956482834,1.6594961830459714,0.18521865840586102,-1.5413339630820124,-1.9597972885683956,-1.766013812247207,-0.717885415114963,0.11839464358791082,1.1944861466050718,1.3488643687348083,0.8851362567119013,0.5845376060052221,0.39775879424621763,1.024418897445217,1.3726581391234411,1.0378560264104995,2.38415969001592,2.6758035885412053,2.6286846120726945,3.627037137047931,3.2859906129144796,4.1606433373944265,7.145236000282265,7.606473960480807,6.2445524290555126,5.52942069992139,6.839271843825358,7.651239859920266
9.634418202179605,9.211158393671012,9.4511430743475,10.568671422210997,8.573606344558172,7.116221071861102,2.9756694143463513,-0.8464389584094263,0.03525248018785241,-1.564585053425761,-1.4980127077532759,-1.2279851789821676,0.7627976065638545,1.845163791458872,2.38017070803309,2.639920004442485,1.7499611285552659,0.17769070752785232,0.029281514847663743,0.6584363017166888,1.343211317071612,2.530542508834158,2.420627591711022,2.5270460904487364,3.272375353263969,3.6100370310502643,3.351847780748194,4.666107598234843,7.076299344462411,7.769220737311274,5.898718540489158,5.106957349428793,6.605132525170268,7.2262990631799155
8.98675192318493,8.59951234840045,8.371544719340177,9.193101967843418,8.515156751489018,8.342533249080828,5.372260766022818,3.3763973907950238,1.4314626882773425,0.8057665156786001,0.8790405600824046,1.7243928019468464,2.6401045913039063,2.948801284511148,3.6008961170679448,3.728946631158312,2.100121179630592,-0.023600597878983377,1.1935190309918329,1.6447231951309171,2.557554308618488,3.054820125060736,3.232230940725408,2.6112337754045605,2.969466043862776,2.8177572907193573,3.60927085747112,4.659337092763304,7.471579914780517,7.980858429971724,6.325595857720619,5.665219857490767,6.662336362932545,8.703817746563463
8.428464616173308,8.3138372606701,7.428644783602307,7.834937797663818,7.366445956163779,7.237737478284741,6.268522039536181,4.512741249765844,3.495685372115193,2.6147902686962734,3.396375997048062,3.3543496362206535,3.3585287709968163,3.289864100599456,4.6592094754985425,5.202874420528943,3.8238866233876863,1.4252730933823494,1.149972284315973,2.4982994117619106,3.2621622386681954,2.92305870505033,2.637830745066392,3.0497145896423663,3.091255119283673,3.0370388126495786,3.771251308310935,5.033192907597572,7.720660688734086,8.009727921460778,6.922032283760235,7.126201818281056,8.070461804701228,8.965703290602967
7.765758624020597,7.414521048516652,6.840896943513465,7.046445882576356,7.088615236062786,6.487021013755406,6.114294663911877,5.009063511305058,4.659554991496635,4.56405762029662,4.6032443861875265,4.504499303376449,4.481310879773585,5.003011329540667,4.392207766625961,5.604305280207338,4.739739585709074,2.2077017538132644,1.0811879196212686,1.5868914974201966,2.3965597767014613,2.8243675511280535,2.9095974301649465,2.000928677496905,2.207284286716418,2.24503042368957,2.489026410851695,4.746329939048352,7.311045199570448,7.993970366250254,6.1280786386634505,5.7440133640418365,7.989435307473524,8.892095270394073
7.193842981420219,6.580364824934365,6.4872028306792355,6.7315734429871865,6.333198164210705,5.415700885849554,4.950653278296619,5.644976097661811,4.905933272468638,5.34020725470601,4.161420901929292,3.1520263221476426,3.665744272729034,4.892972438081284,5.5076395681667325,5.7672749364088265,5.1165297717605105,3.376634639581677,1.3309777892441608,2.216353880252701,2.1630730678356205,2.153463542947982,2.2266110252846794,1.8620414932702718,1.4965086750138463,2.0762629579602834,2.5901589912829124,5.415133045424543,6.540187113824204,8.165644002043424,7.261734793624601,6.91497363939906,8.213668629330028,9.189241709006488
6.69558724547848,6.415668352582677,6.071922472661223,6.158514100680914,6.071324268967063,4.720089251239659,4.799193723694172,4.880465195588121,4.012016995302798,4.053841253605761,3.2179195029716365,2.7174794121618944,3.9184820251378256,4.3509048707332,5.439108281419845,6.493883795199251,6.468410487942723,6.437496847662939,3.400611282112426,0.3470750253388956,2.059185385071434,2.628163942016446,2.2388669867011903,1.8265959925711284,1.4481392547247558,1.6458453548767427,2.3216269430084275,4.442639845610786,6.982894053582087,7.999797599547342,7.814843696138531,7.888246607126603,8.004706191919993,9.361929668853188
6.451909396516868,6.3493877157457,5.750617438053286,5.741519325141748,5.7075808053748975,4.773478755285672,4.826019579430294,4.842918434278579,4.159853268841035,2.6891224260212754,3.126473988753601,2.6184587387189033,3.3872070342301073,4.4163377388722465,3.697278692813865,6.835459226561293,7.165791078101432,5.547268107334464,5.227404918705391,3.059142003767149,1.754955941392313,2.54713552467121,2.4862684968409665,2.6429513188983433,2.072449755970466,1.1054573315299066,2.1131329210330905,3.88898109551028,6.565844151974049,7.700649984235754,8.201394341763622,8.328218043659218,8.213611856786484,8.96645936653743
6.275567761795793,5.9782613686007515,5.625687410552977,5.306645259112758,5.253657070942655,4.664191688648176,5.0675868591930815,5.07183577314114,4.273625124970143,3.218347790649346,2.5127642773875487,2.247414666675943,3.2984798320577466,3.918651085963061,3.6983102778086,4.926993683120731,6.278423900217406,4.867425651719365,4.45930781675328,2.236299011556214,2.7624795875425114,2.223573582052879,2.523575577695042,2.5068945398047373,1.9989457539830051,0.856680938798586,2.592964229472077,4.170835536953071,5.973439114446992,8.508018794743998,9.243337620214977,8.947479478983647,8.910458667627955,9.392711892785458
6.232323759198426,5.74255676024963,5.412542232478262,5.148919318900208,4.750986940731531,4.60194585052969,4.749060604057204,4.9655251039337225,3.6475498085905773,3.8095063472390818,3.0232496842561174,2.2610821692951997,3.031239463919396,3.836019693940049,4.060217141455338,4.668577645419051,5.452193995982765,5.313789007965516,4.253466155456511,2.825962787585389,1.087982795359003,2.5573026794421745,1.874855764797596,1.6570670764332789,1.3051945187562877,1.6918233035170749,3.6400677129733467,5.104816694354561,5.97560911123355,8.985585978805622,10.527779441699089,10.453621037842117,10.257874992706713,9.931771794493303
5.633470996029899,5.421447522049004,5.009979477777551,4.83279786888631,4.4651237360457054,4.735556138288459,4.677661329414542,4.809659586697865,4.149394230462292,3.3588290633011164,2.6477690433255625,1.7259203559506384,2.5545224223932883,3.896870851782898,4.786508631796829,3.4865869207876794,4.92327775716008,5.540833240181794,4.359927969839559,5.375512289577592,2.20026993354094,0.20237459117454157,1.3868588070927985,0.995479034996465,1.9075245453568934,2.8038946306234025,4.250170471758498,5.989650697773766,6.485986595893557,7.70002867920246,9.874600890696412,10.547503009461563,10.714690409983351,10.039333834825765
5.092972584189751,5.091626060286864,4.658636636090693,4.5401639067243735,4.386035411523232,4.2520290042097395,4.605187765191359,5.13829880177828,4.476801482181054,3.875116209990917,2.6112113130616357,2.7229311232239573,2.605102714579956,3.4331396258128546,3.4052946628889345,6.442547273474987,3.346355375359947,4.541397571133285,6.596902462030079,3.3945452980042607,1.9176023455868958,1.6503196843268255,0.6103453049733557,3.94865652380022,4.076297276511385,4.7993566241373085,5.008645958304362,5.014828574346879,6.402190721864452,7.117861596277273,10.420841427228979,10.901150813175757,9.840415309714293,8.508037189018884
4.829310312277155,4.717788911409211,4.695355311645625,4.43162984285777,4.135977849417326,3.9279889653658864,4.432606713840164,4.851365761824727,4.5685582018173365,3.6720723255072563,2.2980203405692556,2.59993497323369,3.5527976902229828,3.7423052901341687,3.964442301068434,5.192511016617895,4.518045577552207,4.5202460608049595,4.566428199975602,6.3617306441972294,4.124169671695893,2.4094661514212006,1.2324101955132025,4.1923800412484535,5.129739248175532,5.058611803695856,5.662939764643188,6.214180554852637,6.760650682484481,7.117379070847122,9.613439246018869,10.542562351411254,9.308426832956876,8.777636358450696
4.845210822128191,4.457879727386602,4.7287220794261655,4.350791629364621,4.158727687663392,3.8858962734611926,4.187724719843019,4.553174915678027,5.123681467799333,4.674802419835181,2.193017802511595,2.6252942461535373,3.7518804932095677,6.030201840403975,5.240271396386375,4.687760034629518,5.686307431664389,3.1197132699502186,5.617608708042639,7.2058337557108665,7.503101986512619,5.6234112000852825,5.116875675165292,4.71311695471187,6.237006169195011,7.16758882631829,7.268345399087925,7.362074446819063,7.003990156337291,5.546215479324755,7.675666432173325,10.943107609762354,11.154773761952884,10.431238606129748
5.402520801869537,4.688680147468484,4.704599293749923,4.231309130057185,3.959811197568754,3.642692664131275,3.9259775944231046,4.566837207226556,5.2918644423728844,5.071399262881609,3.624790214391783,3.541003342614209,3.4451062763227,5.823760099392771,7.552470318828617,4.735842412710072,3.660861257794468,3.617458552111475,3.6782111803380086,6.526965919471291,7.793258235069772,8.50487516463829,8.178686292928136,5.77801029442196,4.937899492869998,8.323380010051386,8.275677520848335,7.369399455916114,7.363910576341859,6.711957544250263,7.590985719249943,11.912631942514508,11.129562044655646,9.858266257262041
5.935604656201837,5.478292679138249,4.579580978193573,4.27670496470273,3.7412806222414026,3.4472023025355725,3.7759797778913744,4.184271153008807,5.053612620910929,5.080330137348106,4.646912817743511,4.881907288173514,4.0833732650243455,4.931259804483956,7.215049861693436,5.163692947912872,4.995255542368676,3.7037648519660404,4.951197654546121,7.417488857866368,6.665776343081034,8.934244404128016,6.068594672232864,6.739624421242135,7.109819717124992,7.814871262356951,7.345807430125239,7.9701142101051206,7.559845821185641,7.533699484364831,7.175241401741441,11.3741586562759,10.258924863198063,8.568119692123796
5.425798940530851,5.646091960695914,4.791012880533531,4.502051382907761,3.451487037614122,3.1876558950361886,3.4818933479011824,4.670803393360298,5.093688014176256,4.970768529075266,5.927881871933371,5.050251497766102,4.425043090107526,4.897461754791545,5.169585760530273,3.728398345646036,4.552967288215199,5.125821291443808,6.309310589999664,4.802249050121321,5.174230592942355,5.409806529962706,5.575833455155137,6.150467610205539,7.195343727788623,7.667441548881654,6.656186339425923,6.2030035425482986,6.377682780874679,5.708846366624309,9.256027414915549,6.962275569004964,9.556264458257115,6.117810168446149
5.032734460128649,4.830648317435746,5.371418209701846,3.732531506784925,3.241444540379177,2.7656127685571192,3.3081249530676233,4.377206457850706,4.977935452814808,5.835172555623544,5.4895573837394105,6.361988853877329,5.026215969708954,4.904967123086828,5.558147293278921,3.7105983996492675,3.119348843634558,5.311997365745551,4.444952932528271,4.29952481219239,4.672623459319595,4.519297111473201,7.496459239726242,6.743590879619459,7.989631073864505,7.768540068612339,7.897883909696727,6.686334710603269,6.594400676287729,5.734618683868165,6.492591909223041,6.742935115865248,9.102884749303294,12.240591237621821
3.678198050210657,3.7063553460678573,4.328440313477325,3.9939291766317084,3.012995821171452,3.169489293469959,3.4382177266098335,3.6071705239410554,4.057980585913995,5.588949868669218,5.913600369862201,5.238608522578585,5.499492876683444,5.049805982884061,5.106347521661588,4.498097925591759,3.8302837917465995,4.2298280079964,3.610329476010043,4.438664462482223,4.299023360077508,4.3497842344779185,6.652651036745627,7.45845626097908,6.417987711020116,5.881487156017272,5.261105921830175,6.205846749388023,5.732209039508799,4.226418557528108,3.648296604929576,6.531311867098795,7.254926595395176,8.006005543803921
4.178549294183027,3.0055022561226785,3.0094943489096515,3.5441365581611,3.3920647663243,2.9766525965241093,3.467596815109246,3.4810930317648663,2.834088110455429,4.478979859551107,5.530284100048651,4.851322299414693,3.93177011327057,4.996719510649477,4.444209864256474,3.785900626946081,6.532612743731209,4.79791899371643,4.314834061485205,4.315425427359722,4.1651734055953895,4.732617311944557,5.395025011868796,6.5055180177778595,4.60115955235964,5.147230930507796,6.159552571133891,5.1840587287085445,2.5215207925483973,3.9910467765826545,3.633843424465251,4.406445631733646,6.227277127053479,6.890081503395514
3.5614602906127066,2.9130381291197165,2.6941392793878505,3.188907935404734,3.019657285864153,2.505724181172602,2.852435651968208,3.7132759090831042,3.1966041898232063,2.892026529827532,4.490313825209281,4.130042492854972,4.495689781524155,3.6229758442089115,3.9323321188099283,4.346084137202478,3.8333955464038887,4.468629320491666,4.868045611982939,3.2983079797413257,3.4447353954197726,5.661111615799277,4.697744114744178,5.7321983956635245,5.350677522038641,5.666426258622587,4.331070017168476,3.581202424210831,3.575603605091064,2.7294740504447903,3.3684027442797864,3.3668185573750797,6.931060718044973,7.234747030513596
3.8261072579959983,2.9695620562088054,2.5178397595951334,2.1062087661306292,3.0094289914402483,2.524400973111795,2.2989002355565114,2.2431002517027974,2.371137252147769,2.8576224100702263,3.2282430893115093,3.6576121052908106,3.8315682857815396,2.8261455471738843,3.0287627739443534,3.184802476289539,3.7682226506906393,3.6958142441954007,4.04004533523382,4.052827657960628,3.00170398214151,4.233757999516506,4.910632291882911,3.6571320274403396,4.651316821767812,3.2420380900807686,2.2525095099989474,2.4400786896750866,2.5426842600304544,2.6666003910471607,2.3704775432959617,5.542664866793305,6.032083418434264,5.659628761108408
4.285868906410397,2.149828482237814,1.896715818562138,1.8459810341756595,2.6522992923852877,1.8539186576753401,1.8017175831982908,1.5942681980007911,1.7415612642042402,2.1301817937190264,2.532211926330075,2.8581733391391464,3.5109394571051498,3.8507092691889846,2.6704002312969184,3.045711616993504,3.675735137709657,3.521749245013777,3.9104140023085256,3.352881335258434,2.068829954026865,3.349453347338919,4.883156744215,4.284575910709321,3.932049877226368,3.5931008448511914,2.4593068637738384,0.86382979323096,2.427524452224072,2.800183072182874,2.973541048449235,3.3047836430561484,5.6341310282937735,5.506948081314334
4.379963269816944,3.004723968263477,2.094577652950514,2.2470995455524108,1.457653887027697,1.3387373640787286,1.528782454275331,1.1058071921809438,0.6372339681962501,1.5307568973494206,2.1344922923524465,2.6587193367561537,3.1804047517975023,3.2426392322385995,2.7095713121600085,3.7180850884037695,2.7572524922280834,3.0775696971867923,3.6393914073696156,1.871407969035572,3.2233026374347493,3.7174667117492994,4.786070523146394,4.022440501018348,3.920089905145309,2.4720149334541475,2.7738331985503883,1.2448851306817155,2.049156399973823,2.5225378559729954,2.89817372968749,3.978749744343178,3.4037134839126537,3.200842015581618
