script/wind10m.json
{"header": {"parameterCategory": 2, "parameterNumber": 2, "lo1": 3.000054539987559, "la1": 64.9999836372058, "dx": 0.5, "dy": 0.25, "nx": 34, "ny": 52, "refTime": "2025-12-10T06:00:00.000Z"}, "data":
[rows 0 to 24 of 52, columns 0 to 33 of 34]
-14.142942386197147,-14.026627946359246,-13.832050017650252,-13.46011851176602,-13.278051811608552,-13.234774879645263,-13.214699461722509,-13.258901293889256,-13.292736192916815,-13.139842630212048,-13.250548271599591,-13.077958041921212,-12.489243711006873,-12.047828918030506,-11.64125867881188,-10.596391796973174,-7.67935792079371,-6.910796787940511,-4.073676748301412,-11.037228885705822,-4.253649460489915,-1.6692694363970317,-4.3529350030528375,-4.75704884679374,-0.6189124944600263,-0.5551236713979985,-0.5217655211582116,-1.1751882462222643,0.3984502795988658,-0.5944116591368296,0.3266569727774306,-0.7468657636177868,-1.1585733055571867,0.1564926560281626
-14.314314779333023,-13.916600731895686,-13.770200040398814,-13.795734865605013,-13.589632129746803,-13.600768241728185,-13.553096589527787,-13.56943779702466,-13.6434979834246,-13.747653912400313,-13.927073282599501,-14.032679763884648,-13.86516316244192,-13.585213907648223,-12.817184323653642,-10.755783087957196,-8.311279069068782,-4.573374895796677,-8.03880786654592,-6.789096444320775,-7.5103497061315725,-3.8856801214916756,-0.8507792109197301,-4.020766256067882,0.2948155508801971,-0.18753994879346195,-0.6994712902463387,-1.1697793356445223,-0.7221221680858175,1.286019142203571,1.2804457804119662,-0.19895453227921636,-0.45068375462472193,0.9182713663247358
-15.275755352715631,-14.943548282761919,-14.495162793107427,-14.204737101273226,-13.885487505469824,-13.59967651166125,-13.53683869077736,-13.363934853017865,-13.139137336446806,-13.09056537896151,-12.927768598002071,-12.730095341986495,-12.586997560888978,-12.160737157060543,-11.541246762442679,-9.752253276432103,-5.416676696375231,-5.151251996301526,-4.1054947132588895,-3.8216124697197675,-6.836611106859029,-2.678246558685784,-4.320736114010049,-2.627018884690068,-1.887167437194795,0.5099179434750546,-1.2000788055892777,0.28424975017996534,-0.9498678738322271,-0.5945186398246359,0.5177044601331989,0.015330456077464378,0.6164998537832049,0.56033468480875
-16.08566514649771,-15.586479402582714,-15.028080054146173,-14.656148340144886,-14.325388398466982,-13.475522103147672,-12.792407096954697,-12.285594082139989,-11.562037119844542,-10.489301233426298,-9.944023501242029,-9.640130228004052,-9.405437863314217,-8.628919196257215,-8.75435260036749,-8.432893358499332,-3.7605811549240427,-4.560532323982932,-9.190863301707832,-3.4806146158855866,-9.608052922896944,-5.042278566976095,-5.352809190827874,-1.3548170620161422,-1.104773494352671,-1.9328281956853401,-0.03408868726643587,-0.4758538492912907,-1.4044784999720468,-0.48621214036876603,-0.208018287173129,0.6955920644449025,0.4429894494272803,0.5483613087034972
-16.171302754121747,-15.65536280202854,-15.112571992679412,-14.585939643834875,-14.317580247884122,-12.992238143808288,-12.30302433462483,-11.334106924275384,-10.196485256245724,-9.847914154026558,-9.508963583618428,-9.263842836336988,-7.379445174486434,-8.080002769906905,-7.46759330932399,-8.046803348553254,-4.245520760599621,-3.587835876247378,-3.0107754716215216,-5.000500427077563,-9.829701835485963,-5.742522477269683,-1.5584285533584326,-3.0534504650149468,0.20007118633997806,-1.339311642837548,-1.934308535413981,-1.5731874052726735,-1.3147276782652646,-0.5808623805493415,-0.07172735118524975,0.1019525610760534,0.33778034089846615,0.40344872318537506
-16.18371076036912,-15.198572224355276,-14.677524968472092,-14.467422113796463,-13.363700283982245,-13.843930437843428,-10.911160528518487,-10.271830404735756,-9.3614640604287,-7.857470017431171,-6.8098834658275145,-5.26010638204524,-7.756734614537373,-9.636634740271537,-4.223018732153181,-3.2353270869609982,-1.4175868661185862,-3.6374511963139664,-7.416953636911574,-9.787288484239937,-2.647075361713531,-4.598753765405734,-1.5692784195927687,-0.8496435423065248,-1.6451902162332273,-0.9947719805857653,-1.6003851666759081,-1.462513727350082,0.19535400230602218,-1.222867656654649,-0.5822392018697645,-0.263540910892524,0.08430890184736986,0.4801663771447296
-16.404340441345308,-15.164807521898343,-13.982492249131482,-13.41307112039928,-12.562636859104142,-12.144499241544601,-10.510402037861347,-8.624424536774143,-8.031219806109396,-6.761713228923278,-4.415343950026903,-2.87711034057796,-2.950034957672773,-4.9554839182835195,-5.425765534735605,-5.584860504816224,-2.5799377947609887,-6.615594542482638,-7.486591318487086,-4.223324615792396,-3.0615960848015416,-1.393076213364955,-2.676245785082588,-2.712702005758942,-1.6016298601729917,-1.4326918534493942,-0.07582753211355688,-0.5975131488555634,-0.791028644759567,-1.088695410159926,0.49081681897874624,-0.42424829639452544,-0.4146219419075637,0.5714385950155897
-16.370250223316148,-15.161966766798338,-13.555478288702409,-12.763732577101598,-11.516385054151835,-10.38728435583302,-8.671413165898597,-7.382518669215837,-7.9176510666125255,-6.210300895331022,-4.672495446947168,-1.7326445921073057,0.45614967179488486,-2.0310007171251816,-2.134305790286536,-0.7347215139639146,-1.9060216786999944,-2.351764454609899,-1.3494946966445869,-2.7963560894732398,-3.2003569113350148,-1.3637554531805245,-2.549003628723299,-2.976440754357174,-1.4640987124185945,-1.7720644404350958,-1.492307359839114,0.12044667642123087,0.19608923779474885,0.8269884487796038,-1.0293998627071301,-0.41734663355760293,-0.21225907422008908,0.8232799035722653
-13.885162338228973,-12.754614329422171,-12.12496745604306,-11.633517270516435,-10.795785855631328,-9.78662185620876,-8.922099026289933,-7.693185985003359,-7.240313936192874,-1.6172232504829145,-2.97232139173893,-1.7374463574782903,-1.7801941401916437,-5.965187698658858,-2.7532516646833516,-2.541712514444957,-5.309685543807032,-2.4363842628735823,-5.12138034105059,-5.553301068541385,-1.072252098612413,-0.8911249774154314,0.16955536938623073,-1.9938171824403814,-1.6399118244904256,-1.7049680884898903,-0.6881068890475621,-0.7405704336399911,-0.49082921459784273,-0.47122732614326523,-1.1185679415759398,0.9204660643572289,1.3518524581995073,1.8688403412809411
-3.270743461923085,-4.576054778584977,-6.438377572394633,-7.409361690543683,-8.560474148153403,-8.123998901061958,-7.760979546929221,-5.70550164110967,-3.712537888335614,-0.6202667655919598,-0.314575944955836,0.467721776175964,-2.0955069673695053,3.3611874285738526,-1.110434972269172,-2.8191897436685465,-0.26337037702899724,-4.983035234717266,-5.35255792981514,-2.5228301975682474,-1.4039588064919404,-1.1867645564152973,-0.9239517598442025,-0.8014998345351103,-1.1677079884497732,-1.8073954373354455,-0.9382928309293859,-1.5405607857261199,-1.5087756242289014,-1.0354465566378472,-0.06109242255749503,1.3592933312524442,1.5096637162734947,2.0306514831277127
0.09856198098191297,0.033586660845525446,-2.140468959619283,-3.3933664949062976,-3.9402889513956656,-4.379848727728469,-4.131559807140042,-0.311260018349295,0.03942914646595355,0.9912191300762703,-1.2885259641962379,-4.334646576150533,1.106385966436432,0.5272379328834124,-0.79459257217536,-4.244726167030617,0.301039865954658,-2.328598287615077,-5.617839628762977,-1.4997345275141691,-1.3537074132867934,-1.5498359301945646,0.49978599277454155,-1.9765310608858673,-1.2575586631156672,-0.6248207498477374,-1.3383930627521223,-1.8730695986701054,-1.2716669060650978,-1.8995949156422292,0.8339778726830026,1.1524923035209846,1.5171799913713777,2.2356849319495904
2.407266183659137,1.5371622654033126,1.7746460136370399,-3.1751444755076017,-2.328273730251359,-2.6521906363116132,-3.8253026509742427,-3.712284546036597,-0.936224529829992,-7.381539148795104,-3.4293333420844596,-2.77297864458714,-6.305148078169829,1.6505083175052668,-1.164031370869294,-0.8510346816534586,-2.244061349135505,-3.362544237758237,-2.7503883671946623,-2.6043361127740265,-1.4767343183913402,-1.0922477506229114,0.18379077451433973,0.03413024913743772,-0.3488103241596264,-1.9431496687387106,-0.9970624780822417,-0.8780321306050026,-0.5617141478530311,-0.5226697420751675,-0.4092793016221659,0.4784142683308033,1.371340066227666,2.1875564143331436
5.339087480458161,3.1300683871041097,2.1524016999994338,-1.3424529452958558,-0.9557658428573176,-2.030593024431075,0.14472278005004366,-1.3521085110825348,-5.805934305427208,-3.4182113613030283,-4.06956583204136,-6.93473721818245,-0.8067557250221804,-1.1104620309940285,-2.573918531322632,1.6714406357559788,-1.6117956559392073,-1.3537172456451123,-3.538381694446048,-1.1149363883471937,-0.8162456277645105,-1.1403761777822479,-1.1571639309199004,-1.2775523563262006,-0.683067670822344,-1.7320910393215632,-1.2740623530044033,-1.5459313970253739,-1.2138112482149657,-0.9773678054055647,-0.5686303519589524,0.5164876076289941,1.2455713102348573,1.820875557730249
6.489780599449424,6.211259965859689,3.433407493851908,1.245000038753024,0.2631940786745019,-4.496736906616472,1.3836636356972285,-0.5261912657525197,-10.804784571150762,-1.4780594254761321,-1.7673250171010126,5.315759771376054,-2.350961372272918,-1.4906996536031931,0.49256845415014466,-0.8051697057185583,-1.0244553940376875,-2.0367540939202935,-1.8612153219876406,-1.687215321235314,-1.377984343313147,-2.165833679609796,-0.7619934102818259,-0.5326759423834433,-0.8467711028692312,0.45714881835202703,-0.8044753741567199,0.004246164444468633,-0.9920143395565567,-1.007204117134079,0.9518478984033125,2.4699549712193627,3.101343537868611,2.130879135272502
6.649213253517471,7.598976760145925,5.363960444328139,3.157967605187153,0.7303496750834423,-2.2842810809305667,-1.8421056419301267,-6.134838286402586,-4.092019685153881,-1.3675209433754398,-1.330834034343829,1.1018107455700832,-0.3694724161932238,1.1623984620266232,-1.5155497058795355,0.724632153354532,0.9734083739294007,-2.3294210340366854,-0.9603911701907528,-1.000782096689518,-0.046372617378615984,-2.3451487170769636,-1.4903901274702718,-0.7344175043758425,-0.7955816295675118,-1.3620819031976277,-0.6060329366758612,-0.5534216466479177,-0.2815604527621857,0.7994867869662146,1.6984516653680015,2.6665517337412554,3.218961799636059,3.142716748280524
8.482194633916338,9.464465138015921,8.200642101909219,4.9229691440334,1.1343819136976512,-0.20262055194182566,-2.3701735417047174,1.6363366306479408,-0.9669926523239706,-3.418580127521544,-4.268299910789261,-1.5491655277638112,-2.8833862953402307,1.3789645970569044,-1.1137965520325042,0.24045933865704835,-1.7231531778145557,-3.1737407224154484,-2.793621997767872,-0.9451516459634524,-1.35143870864765,-2.593630776737569,-0.6565206229570746,-0.6783696670280215,-0.7091464503858872,-1.3640330207752267,0.639729184552983,-1.0737165135704183,0.01187529232981999,0.8209057005463941,1.3861096999833975,1.6900281292607933,2.920984479838491,2.3283548579765942
8.813006009184813,8.97376020922468,9.646534554512801,6.5786285953326304,0.9322944688748078,2.640640692230574,2.681848424008835,1.9346259727579265,1.8721227011867076,-3.1564872966564255,-4.931424007460646,4.977952295923548,0.293440856436439,0.11981714443557764,0.4854638944205933,-0.9023186894648088,-0.8502372972267331,0.8466662417638371,-2.3393445864507427,0.3884622228335452,-1.465713982567841,-2.0300510344116787,-2.4287964546422276,-2.3368868328167425,-1.723215647150827,-1.2077671251531705,-0.1181066232946783,0.1420448492124495,0.38527347268860895,0.46645578756965816,0.5066174063349788,1.40361769534474,1.86092913773721,1.8681211125810167
8.72464578879009,9.020312498912284,9.827813806019165,8.949119183247838,3.1121530591747852,2.0263164654917567,3.926786434661631,0.4568604989896636,1.1210350990094309,-2.9318095223755667,0.36258298162735736,-2.203268717066942,-0.5542423518929894,0.1493052728565456,-0.5033963963580406,-0.5149125815117949,-4.44464167160093,-1.193005605411064,-1.4132716754554815,-2.8535983454806777,-2.1968316787399003,-0.6145197941946988,-1.4103579943208768,-1.676548910867851,-2.4551703820613686,-1.361289303110687,-1.7028118863946637,-0.5908658148729977,-0.22238948887508278,-0.5179420146713626,-0.2796503850748612,0.019948403125101325,0.9500516826633725,1.9237024926997484
9.11581370398813,10.379993111448368,9.756605159680662,8.453144906337599,3.9364686940029503,1.7073659530154133,6.880246441065402,3.3858430400267983,-5.938167701645644,2.270396214126961,-2.378718883494167,-2.3707439252596205,1.242559273220483,-1.2944101098174212,-0.33633596665162424,1.2090112040045253,-0.9030128119670948,-1.4633773021707275,0.7322643233196796,-1.1137199293634314,-0.5282147857572166,-2.520877928182867,-2.5444247802810467,-2.169765050020437,-2.0761722119696135,-1.4639441551895938,-1.6149594259619602,-0.8082654705133033,-0.9452289469834088,-0.6679136973424198,-0.277019877808054,-0.47733134705900127,0.4947217732063411,1.9473289575938626
9.865548689368547,9.922475412339216,10.03556503608642,9.538292835221831,3.8708413726319897,3.324127951864346,0.8373271334399458,8.152221037588962,4.917978643026695,1.436739696438458,1.6960251305094427,-0.6483507616407893,-0.9204810370722013,3.3273605544077425,-0.33398309889701294,-1.5922153813947892,0.06005497171794973,-1.4321401967340024,-0.45398960433651514,-1.0909479412202494,-0.1940914975478502,-2.071901792743179,-2.8313982248461493,-1.6600411505099248,-1.0380609767648141,-1.501596854739401,-1.8857363357278691,-1.4580942760624451,-1.5875513813318682,-1.120986524709748,-0.6531591948805577,-0.05162264480569264,0.21532963879861639,0.46136319692648464
10.574561335558075,10.502574552517325,9.72775538267101,9.935950746975504,8.324919671620924,3.1594029810157496,1.0955259310161507,2.683423994166378,6.4699572914165255,0.7042156809272874,-0.269553369261547,0.5637724792208685,1.9273637757215074,0.43783699438915474,0.7705018772210579,-0.22840581777803684,-0.49553504224394085,-1.0554175902726117,-1.0338826311440907,-1.5761914849051422,-0.8634668267137007,-0.10615408124923492,-1.9885723063774452,-1.7699350896742305,-1.3709452008460354,-1.5554191899820127,-1.9906902403706994,-1.3854229853355184,-1.4955563704272001,-1.4089532595063423,-1.1346773417979386,-0.27672380508336597,0.16559058606205596,1.17823237167068
10.740834795651915,11.382322637999582,10.651670300035581,10.572818842686324,9.116193203107303,6.93488740022644,4.044526530028082,2.8065043705743364,6.526650555142546,-0.27044317980144633,1.0446916321979394,1.3128869532680294,0.5968577952283397,0.5519336313287517,-0.45908983837509293,1.0854801345131282,-1.562740928735383,-2.0479668902920163,-1.0456871068560452,-1.4280160496752397,-1.037841217210316,-2.3108908023818104,-1.753039859585033,-1.9263026834725328,-1.396174203772926,-1.6798044733010402,-1.822767837576093,-2.3753330602182636,-2.698959058904674,-2.2922410290692525,-1.1776774899361877,-0.9028334724891065,0.03452958739219885,1.1230590792954582
11.177254749767972,12.090935776371216,11.673681473581057,10.865253464645463,9.473821886806414,4.192775985618858,2.4077201963815575,5.050628600866088,9.902125622954,6.103698130138288,-0.7522034440475448,0.03164052848016319,1.4474019449964786,0.9576997728256834,1.2924628384913683,0.4977933454649881,-1.1654970433137073,-1.1860089233868871,-1.2753541084625937,-1.1138942440238773,-1.3494890185708461,-1.4795173451095163,-1.880682988713362,-1.800504763395586,-2.107821639364763,-2.116263372922868,-3.6936919010717024,-4.8124907696507275,-2.4832106066785604,-2.5492366844053453,-1.6132069521778372,-0.8394065578682117,0.4938051801585304,1.3948540277697474
12.073268491621455,12.599316325795728,12.587711118092308,11.54646730647952,10.944738416883283,6.523891141365852,3.3296835062655545,6.27223201786294,9.206492241907247,-1.7112788803171908,1.8049728604924857,0.1660885898828246,0.8608384864235357,1.4808405703815894,1.2215287775271408,3.49429090466707,2.4233212494833833,-0.23187615035470313,-1.1256405304894992,-0.5511115937837909,-0.2360556383051891,-2.3011095454327664,-3.5213554573757513,-1.5807619757637263,0.1785217912081466,-1.856309840274785,-4.953680548441526,-2.6435000513356597,-2.070815281901524,-1.9147808463400235,-1.5915194543610494,-0.746432885907222,-0.2172867945854439,0.9526439666070606
12.285175563056985,12.374311523607984,12.860581232055463,12.418280871895286,11.333646568556766,8.686884800162366,4.193005020875326,9.096550316039805,9.814713011713126,3.3972014853891412,1.4352323799840192,-0.17963599654494358,0.4655725033342832,1.5005811748407958,2.749357796376351,7.749180555649455,6.0280404676022625,3.0937505543904202,0.36065850757455437,0.41902793211811035,0.9586367947572323,-1.614979797350675,-0.873558085789087,-0.44775225846658434,-1.0242840669332396,-1.3641384096469522,-2.5205282873704027,-2.2675038037568913,-2.446237169546676,-1.982919158310767,-1.3950496435035078,-1.991008796727179,-0.7814327610855982,0.1931651366055904
