script/wind10m.json
{"header": {"parameterCategory": 2, "parameterNumber": 2, "lo1": 6.000027932988019, "la1": 58.9999434238085, "dx": 0.5, "dy": 0.25, "nx": 22, "ny": 24, "refTime": "2024-05-15T01:00:00.000Z"}, "data":
[rows 0 to 23 of 24, columns 0 to 21 of 22]
-4.818549347789277,-10.237007527949341,-4.328593898481028,2.4135564538817444,1.3143462757997675,0.9000251605708793,1.0049241843305137,0.5877151332678978,0.00461231964575398,-1.9482879691711759,-1.742085759360823,-1.4371831277134148,1.011656996011013,0.5070565871731586,-3.1308138300388064,-0.4104685217360483,-1.0446727415694064,-0.7831377220997434,-0.4213101532156179,-0.34650345634933116,-0.36637270688339363,-1.285503096841017
-6.597808244246919,-4.41137526754749,-4.244244246600639,1.1925507220871279,0.3815546787579296,0.13046269790678164,0.37722299935802805,-0.6269730694156139,-3.470015465386457,-3.174395903299934,-1.852701481633626,1.0854412696064422,0.5426600921900276,1.293260900819579,-1.237462549285141,-0.20462621749586904,-1.5979766062639513,-1.7730921749784372,-1.3755580871392823,-1.13787438143949,-0.5779361653707507,-0.5611269746460089
-3.468041357127144,-2.658123692483732,-2.56032150420342,-2.0644375273902758,-0.8165549018924209,-0.21200308490166228,-0.49122067758557153,-3.994751594205797,-3.9776825794778885,-3.800511231342398,-3.0319505728836353,0.4003784222394608,0.9912771894244871,1.6625348481448454,-0.650053912981196,0.1626271625413732,-0.49457821416644365,-0.8425316706319022,-1.4577645655464055,-1.354042565066075,-1.18882679468107,-0.6957985840809275
-9.586023122126521,-4.539141512855995,-2.394084524500375,-1.2460470648143922,-2.4592654507151557,-1.3272741704154287,-4.937741953423886,-5.173762673101454,-5.004017692179661,-4.05862964620235,-3.512480444941791,-1.3805947514267336,-0.02370175833507636,-1.3190882914854845,-0.06547120003735614,-0.3861624559405523,0.16056800708950064,-1.2699964397001473,-0.7247308579763142,-0.881501853084702,-0.838766993137943,-0.19597694436393143
-10.964389634882904,-10.099747001520074,-6.072818682130232,-3.580866996394273,-6.825359280077908,-6.302548125227804,-5.836524563779464,-6.057866407347687,-5.497418514983476,-2.698691372019691,-3.082926740981582,-2.6635952371443676,-1.8615052313337197,-0.4606595159800555,-0.3254469508528087,-0.5115480981664963,0.1638773203819275,-1.0185669924031509,-0.44191203366184084,-0.9197815007858103,-0.27254221289542846,-0.4551952718385595
-10.199630846180103,-10.154661887902506,-9.740290316096747,-8.457114793892316,-7.765313038144779,-6.804541192404389,-6.589305959734216,-6.440742744659059,-5.487097893548703,-4.68660861143778,-5.541886557106199,-3.675051095249852,-1.6417206900819938,-1.3138173454461317,-1.2845627969756288,-0.9684367377914659,-0.45131587561655184,-0.892852071364127,-0.4491820361074354,-0.654607121863562,-0.38787284038530595,0.3179719027229135
-10.364125815185151,-9.499339047168498,-9.220839263332351,-8.749249759934067,-7.8792147158968175,-6.6969027471109515,-6.752574563905579,-5.857977481857624,-3.5405006156921073,-5.824788986222764,-6.086590507011027,-5.379542092473944,-2.226533965668789,-1.697359123708111,-1.5547110904945582,-1.7581941613640049,-1.0097553948349767,-1.2375074590633652,-1.2957879256672478,-0.8413982069761907,-0.311758232684119,0.21913226347518666
-9.82032659252369,-9.314915385187879,-8.963818901770342,-8.35079159757192,-7.3336592072708635,-6.768291129565853,-6.069569302156117,-4.652644282115195,-3.2731869224217736,-4.129014411744468,-3.554625373339881,-6.532016243468248,-4.4404397873866595,-2.0748182050579103,-1.8213025302396006,-1.9266865323834543,-1.4887667378803715,-1.413929412963541,-1.2135000832033853,-0.6151140292076372,-0.15686115948897006,-0.416221649654955
-9.525812419869332,-9.376563500107855,-8.903982728055759,-8.49732399218563,-8.133073923114702,-3.3761540869836564,-6.159740714318101,-3.2913334497956703,-2.9110246223029295,-7.207960359021782,-7.413604895770725,-7.629701291048204,-6.233263161641935,-2.517199223495967,-2.0782001781486508,-2.0414332046474546,-2.2553175922728017,-1.408619109996033,-1.6375257646741788,-0.9848132522909173,-0.27072585027308066,-0.041798569805239646
-9.731881937289138,-9.321167367621737,-9.064597017426314,-8.66025308761987,-8.822496450131169,-4.55581550302452,-3.8674627121605774,-3.6408597567946295,-3.016172438880835,-7.1875221662042295,-7.844524144328041,-6.275831684958056,-8.501077171330847,-7.183237859167224,-3.1502722130924212,-2.2240730391858015,-2.1168987533072454,-2.0211053014235536,-1.9143270093370115,-1.4684411281570109,-0.17129910870872175,-0.06346144634482621
-9.837537574508222,-9.26585814377965,-9.081267817252533,-8.667082932477612,-7.821112577009388,-4.202259710567212,-2.7620992190803992,-2.9809855611427047,-3.503266760247309,-3.557298737639092,-7.9219613751270295,-7.885196874482635,-8.400831045611556,-6.955295984057828,-3.962933093448036,-2.4217571555088804,-2.4506021966124028,-1.9354821642830322,-2.0703996270297713,-1.3986118532654608,-0.07028544673736853,-1.746761968055328
-9.837250728080356,-9.684399085867945,-9.614948507677667,-8.98275580435813,-7.464122679798726,-3.4575971126703804,-4.216496911905602,-3.5331592192993613,-3.4198987571339763,-4.630862654670844,-8.161004913299834,-7.448506299532627,-8.454212056870155,-5.032721412236125,-3.684211209503759,-2.747395192306781,-1.8728462278570082,-1.6253713544087263,-1.640772744866107,-2.067165347435124,0.30262957550417385,-4.068779525123171
-10.02192420442808,-9.884734851950073,-9.579126632565018,-9.48488749831861,-9.244113731945944,-4.141912347715054,-4.113992690479793,-2.9909687696470746,-4.640697877798422,-7.419308761090418,-8.198406900547496,-7.342192528505833,-4.141779719109246,-2.304294087248348,-4.028583676295691,-3.105430502509832,-1.9471343674129977,-6.002467196242185,-7.03195427325124,-6.260006705852885,-5.779699379761753,-5.300473496851703
-10.312046211656192,-10.302361491087774,-10.119827777591055,-9.919853849054222,-8.433717397122443,-4.122032723926539,-4.4333293815739,-2.8384885060978005,-5.273135510811378,-7.4693218405396,-7.109884489770535,-3.4167568705804827,-2.999183078728189,-3.768000920379545,-3.9588196530379727,-4.684134114664377,-1.7820384710604695,-7.00956436070781,-7.013519892057917,-7.288378936691672,-6.97657517117856,-6.1941210611058715
-10.308455307110224,-10.650623413191525,-10.850893336355043,-10.662473273897739,-10.283214956834758,-5.4737072704266,-4.0573510456705275,-2.2241472046364716,-4.4358308625033205,-5.760297601896679,-8.623690841424139,-3.6863977500564173,-4.361643862784001,-8.225284714093732,-4.956145278598137,-3.6931380734815753,-4.031240634227532,-7.2479648847624025,-7.171050534397109,-7.6596688924148655,-7.571087379205293,-7.2340006327981206
-10.311272774808847,-10.822394262429782,-10.849924081692633,-10.454951677695908,-9.968827882420905,-8.207567502571608,-4.778469235136457,-3.274761739668048,-5.165707829170791,-4.667656753884672,-8.035364683160724,-3.0688470255356353,-2.4092055797193246,-9.004837324156522,-8.380036384635899,-7.035110845419984,-6.563300905028469,-4.86394268467544,-2.9835580151507557,-7.117684683456065,-7.331909339252405,-7.360478040294233
-10.594330570774412,-10.540040971899513,-10.50633468084878,-10.427879581726406,-9.886122972019457,-9.607927373503122,-5.393218215439988,-3.5279823847940883,-8.91482015339434,-4.528503553277639,-8.493695635356348,-7.406177217901348,-3.638332492726319,-3.8782340921547154,-7.180215807197262,-7.891623692725151,-8.207446140702956,-7.943337851475485,-3.640517165980083,-6.662655806635706,-6.908982406616014,-6.924035377295252
-10.908137349152756,-11.045713856329233,-10.979703204164858,-10.294411915079761,-9.89025378635117,-6.902712262546795,-3.5919697620554865,-4.350302172412698,-9.734983850510057,-9.20698321021167,-6.499458767102268,-4.439770262520828,-5.284456136229531,-7.279451519298413,-6.630040929888283,-6.401147752705441,-7.139456521285026,-7.35359799255682,-6.900138811096235,-6.6583076941841295,-6.276257826421579,-6.133326939388139
-10.705416996126965,-10.980093683949592,-10.976136729102912,-10.420433515176422,-10.33547520693689,-9.329810876334236,-4.80077987965685,-3.1695986679217736,-6.848374666574913,-7.472239653662676,-4.803050881710485,-7.655428075098863,-7.270116206337913,-6.233630048970538,-6.013560427239838,-4.228797365967735,-7.311460517932225,-6.920807802842879,-6.547582484801529,-6.584216364730022,-5.063450520135692,-2.7344265755683272
-10.25542052117947,-10.62701347007659,-10.948386125470927,-10.545914338778363,-10.185813879658783,-9.567210430226375,-4.147962473907994,-4.282226433815563,-4.157003634876723,-4.412731985064061,-3.9356828963947406,-7.0299547677804695,-6.45528753639082,-3.860263545916729,-2.662153384079185,-7.325903236724503,-6.874611648849526,-6.525774963739554,-5.794822507394901,-4.863106400575024,-2.7661032875688085,-1.9119874449968457
-9.98482302941563,-10.49226474081626,-10.3725476687893,-9.800622918414364,-10.125821269110757,-9.553317117742582,-5.118369289228748,-4.279260013898498,-3.5744596858381565,-3.5647973472516687,-5.472420717191778,-5.096340121995885,-3.9456062084791426,-3.5570809145351214,-3.300569775655874,-3.3548211456249812,-3.7765714247425968,-5.003732177897783,-1.9708333247676963,-3.155391918589696,-2.488802584317434,-1.8888891897552167
-8.827975322325711,-9.217541551394518,-8.583618872377356,-7.414897987602882,-9.421780686402712,-6.953055358163889,-4.557288188423092,-3.829590923063119,-3.1888075168416163,-3.383196332841665,-3.7096497658787744,-3.880369225807317,-2.747532044158149,-3.21526595144412,-4.006250733996542,-3.429368862251915,-4.234868193580045,-5.295857576662359,-2.6374182080169164,-2.414821938981041,-2.4364471599345836,-2.3181725232378154
-6.640213563027603,-8.350758114547071,-7.619573757810044,-4.387067339820197,-5.645120052374333,-5.379338583115389,-3.728830309206615,-3.0729949537546077,-4.3823126911390435,-3.3210122480413142,-3.629583190269011,-2.8494363057953223,-3.837211583131894,-3.0325672218152557,-2.9880871942024894,-4.591295547775054,-2.735564765580514,-2.9793955820968807,-3.636602502678748,-2.345129152611132,-2.6169097914646113,-2.275776598384275
-1.970202823156541,-4.809181572782574,-5.385649791020918,-4.730011241695688,-3.7035352873166936,-5.105940499535199,-5.079549649768774,-4.109078234347832,-3.015996020741938,-3.128147158371553,-2.2032688463432657,-2.95876214453933,-3.83567511259933,-2.872426217342219,-3.2299792948291706,-2.937924958704575,-3.016477361262079,-3.7018335851617308,-3.3496793037825503,-2.7692092537561948,-2.2416236900622595,-2.9984614191920715
