script/wind450m.json
{"header": {"parameterCategory": 2, "parameterNumber": 3, "lo1": 3.000054539987559, "la1": 64.9999836372058, "dx": 0.5, "dy": 0.25, "nx": 34, "ny": 52, "refTime": "2025-12-24T23:00:00.000Z"}, "data":
[rows 24 to 47 of 52, columns 0 to 33 of 34]
-1.7315026574954984,-2.2637905884670793,-2.2502571125621484,-3.412954682298846,-5.253540994612689,-6.543416451968993,-6.081970335622497,-4.393529995435231,-3.8348666508519926,-0.7070500789518079,-1.1395275790992527,-0.19701126370441469,-0.15545245278227646,-0.9169299649692945,-0.6959035021154121,0.7741431502411454,0.8765232738241999,0.8808846559825506,0.579225359727222,0.3396028793354764,-1.1853076698736769,-2.6025559540725185,-3.9167317266251866,-2.9638109780550876,-4.567037154585131,-7.212078264257835,-7.279256049376626,-7.218523342339242,-7.115073169593547,-6.599146361515776,-6.23760778811987,-6.666797697407926,-5.659417630655173,-5.375357805126832
-1.5438422209530727,-1.8687830214045784,-2.4387931398885465,-3.1545504307803087,-5.398362094311725,-7.108425898530417,-7.078646898309161,-3.271080438032176,-3.6696186822348236,-1.5697487249949587,-1.4329928444631266,-0.0540320397862388,-0.9950076285950316,-0.8117141516197669,-0.9263019117327488,-0.207321215078189,-0.38921567637022086,-0.20295808510165764,0.8312054457950049,-1.7043713788987422,-2.443704986862266,-4.5818145952343965,-5.492020136047443,-4.10449000032701,-5.847765076387467,-7.462332814840195,-7.552257069619911,-7.436854441578544,-6.745796802234199,-6.9604963875022845,-5.999206051934777,-5.572638529270431,-4.931250681773904,-5.036294090538487
-1.6053181993119667,-2.110877729073732,-3.002324819433632,-3.8279028273860645,-5.341908137157621,-7.142827316656009,-4.259617570146338,-1.6868977990125011,-2.564861069637751,-1.7727357217531419,-0.7191647748534296,-1.018435111953652,-0.21368203266519462,-0.6590094020593054,0.8520355516757961,0.441084756901239,0.4624872800797872,-0.3538937571721144,-1.13708562045202,-2.428887051474388,-2.7648781409404544,-3.898913156868328,-4.960749357845364,-2.3268324382702383,-5.23309303183837,-5.0750190562777355,-5.982643754887256,-6.266381958039617,-6.220926438023988,-6.8003854736803575,-6.580450529215506,-6.258467929954031,-5.310628859324365,-4.195835563691779
-1.7054021122495693,-2.4836383288242048,-2.898532861821808,-3.6223431044293277,-5.351847964516564,-6.646995593925276,-1.358872800941635,-0.920471205591765,-1.6044630201043277,-1.3191471964821573,-0.986637407276569,0.6362186716286257,-0.26595219744317133,-1.1460115576689147,-0.9027980622052614,-1.058176972677115,-1.3444991206484294,-1.35450411873224,-1.7263173312200621,-2.1579409135667325,-2.5740400101825514,-3.1948920869264836,-3.632546178455182,-1.9140249060690457,-4.215384427660279,-4.845451189910655,-5.874714201536884,-5.789612534148287,-5.360061679999969,-5.47687555018638,-5.204325400708703,-5.298725719594713,-4.070136254543432,-3.4045026597622807
-1.6446676171808616,-2.396416002693103,-3.3335339258284766,-3.7237901874851356,-5.581040114327727,-6.428184811177329,-1.693717388763995,-2.279138423388392,-1.8788385741219455,-0.28774586095124965,1.4841656414887192,1.0764185256659036,-0.7776665744179656,-1.224484646957577,-1.065979060289663,-1.0701304879602183,-1.8249183978352168,-2.4984157567872414,-2.0305280092592657,-2.1029298754848273,-1.9452714122412855,-2.5606306793155746,-2.442909527729015,-2.8283982899758713,-3.9129297344910925,-4.322158535432489,-3.771705161708302,-3.537838108858307,-3.4222910082911,-4.208559807755886,-4.783493006555087,-4.79324135789361,-3.3685788272093893,-2.598289197545713
-2.267594446907506,-2.983853790813953,-3.417116040357552,-4.394821711476,-5.5363376553505,-5.241225470044429,-3.713892846255182,-3.1295862255122704,-1.8943301254356193,1.4730921700648425,0.7954490705649937,1.0878715375426895,0.023193153078099493,-0.44974758282383537,-0.8334663329576808,-1.455838316880425,-1.3663156943332744,-2.3630436028956976,-2.7148309174261223,-1.7980153110685622,-1.24969212871786,-1.3857456281085228,-2.09962709908767,-1.8275278145653586,-1.834651694427707,-2.2849847254918685,-3.081076795831043,-2.366838680137339,-1.897358664426536,-2.5906669537010347,-2.276183576873924,-2.719562986865202,-3.1253061669646667,-2.784520165917096
-2.190005559995761,-3.2436895564628423,-4.121222095681878,-5.198630519237554,-5.740289746871735,-3.9222342194674717,-3.515753443102413,-1.1274772010979317,0.09466296568938995,1.41934528327885,0.5948268802943011,1.498418785483562,0.18178071496098058,-0.05144675207589849,-1.7419104028405823,-3.1463743041761405,-1.8384609317358123,-1.339904520325846,-3.4350077707450963,-2.385303401950262,-2.7796360438347603,-1.8208887691682225,0.05903561957367096,-0.9943298588738602,-1.6753100651954138,-1.8677220085890003,-2.0444250158566013,-0.6444320182463955,-0.010232480519075533,-1.1652266157124618,-0.9470676773051813,-2.1581736336778508,-2.5167343629455527,-1.668933477675335
-2.333198777225127,-2.9976651836021255,-4.691092499058859,-5.934336324309409,-4.756827896461902,-3.709418956797862,-1.8380515971182463,-0.08034988678292992,0.6777691227219697,1.4571985868070196,3.2639707531580924,-0.8045556190721838,-0.41781921418943513,-0.4000839932632023,-1.451238526114508,-2.168910269473663,-1.5172967851674701,-1.9440643463466596,-1.077610839102039,-2.4149934266868,-3.445607342179157,-3.8561464634361107,-1.5902337276690364,-1.3587301191409502,-1.4532147104090034,-2.0908901147758336,-1.5160273627110872,0.2657691774988516,0.4187790276832187,-0.7899058546665801,-1.2320318065445441,-2.0879770468327545,-1.5353228144389715,-1.7585698741103624
-1.8218480548094127,-3.256709257972733,-4.979638881518577,-6.535935348549265,-5.252660683975328,-3.2934015455280856,0.27313583546897047,0.40248692293565025,0.6108875094394338,3.2564613837320917,3.002888127047512,-2.530251820987561,1.766570164773402,0.19198720700223038,0.07071189486093739,-0.3738465200721368,-0.5416763566663877,-1.2849943059003677,-0.36922828198106306,-3.1227868716776297,-4.659566842574441,-4.554172367796703,-1.592601533173565,-1.917224958769159,-2.8645612022500644,-2.963796813940527,-1.344398874206681,0.47792778973837674,0.11321537352896058,0.15453599102080445,1.0765362419992126,0.6852853116349128,0.9900791270827284,0.8167467675377907
-2.0665238344881693,-3.266362614929565,-5.058567427539033,-6.011685878551552,-4.903702440831079,-1.7710819587515236,-0.04766379068315339,0.7063712814323583,1.8244606948758726,2.8217678492535656,0.3852048280537748,-1.163983926502355,0.5255824182254651,0.9761409479268911,1.44768038167453,0.9545171075125051,-0.16779605421318433,-0.8015612762279897,-0.463836088322047,-3.071922204872662,-3.8049205079203667,-3.2962050925291653,-0.8646394790557674,-0.8233050623650082,-1.2675302689421089,-1.8321020989274241,-0.27149072549446057,1.410608216150404,0.7025827942179771,0.012154666261933114,-0.6717167341369575,-0.9551980150657479,-1.286878759042518,-1.9449819917894735
-2.3768185358588667,-3.0498745926193953,-4.746653073803949,-4.970592658700991,-4.023365117751936,-1.3651686707795854,0.22380953988619287,1.2699984152955683,1.7252990770584917,1.8143586466468928,0.12540110868449297,1.0581944169452437,1.2135287889316384,0.6987338826745292,0.21799626021345772,-0.019195778276600996,0.09373996802730451,-0.4360417896344185,-0.12197707582255288,-3.0392227174724398,-3.838334961684876,-3.04591653903999,-0.9286377174894777,-0.24696761540061588,-0.11958698399343266,-0.4087930952342776,-0.5769798402949292,0.3475643470860762,1.7455531235793214,-0.1492535955568894,-0.9444306351300749,-1.2456602492358309,-1.290360756082032,-2.0126502971102185
-2.3132220995559942,-3.2362716413892283,-3.6262292480313767,-3.7271396096544533,-1.2289354797584022,-0.394785973600693,0.6720824834864482,0.801166780683292,0.8823463756945135,0.5828873114768731,1.661056793976978,1.4908060943830175,1.3245830107104666,0.9245113652944724,0.8842803040384507,0.7727435325966395,-0.25625407395307326,-0.8309620206511609,-0.6550037117753232,-2.719398808422021,-2.011638038260135,-1.702739503151274,-1.8766304123870385,-1.068701974560341,0.3670902246078382,1.4559714036099578,1.7114352444563976,2.3979964763827013,0.9388111494011707,0.9381691641871107,0.41758069791146635,0.28642086104439535,-0.1446074473866535,-0.6694348150161648
-2.2187076652670012,-2.4786735174863064,-2.6262051105503783,-2.491939967569591,-1.8635910658663561,-1.460705692137906,-0.701290858199388,-0.23581326791213292,-0.0554915642857812,1.1924906793007337,0.6217951689755594,0.4902308781107056,1.0963781560340282,0.6591150348987174,-0.22555136279592383,-0.567937382464956,-0.1700464118827008,-0.9024763634242395,-3.26600172825932,-2.737934042870845,-1.2827807396761433,0.1557787216692483,-0.033299224321283113,0.7787221975520994,-0.0730452176840158,0.8427493112842419,3.2903455336910836,1.7986199671853482,2.2040751017149596,1.9308394639354505,1.9999300698562374,2.2005753235172882,2.113627221967258,1.5675127950159873
-2.1947873384873637,-2.4511424787795177,-2.6262558922528783,-2.733203453224955,-2.1013777382516303,-1.968013362351808,-0.9097265025149226,-0.744235943788395,-0.07343050848546494,0.7215895788838244,0.6982274932284531,0.38461236893521966,0.6510546943070631,0.22431674097917537,-0.06050959610252079,0.1109648712329146,-1.5105212258706984,-1.6086750458319465,-1.2894295513159806,1.4380177569846893,1.7378017388146925,2.9688699951803614,3.7583719414262093,-0.205721950537994,0.7023444238833507,1.96296364110059,2.2636613495431543,2.3845513506252423,2.031343822010969,1.8624673947150405,2.340153244270196,2.2321652501772395,1.8318379523031578,1.9516046208764024
-2.7918703773489004,-3.1392180981051276,-3.392292758524354,-2.8125667477684453,-2.9730411929844114,-2.6534309891241334,-1.8641605035186497,-1.2268786116756871,-0.42018382170876883,0.13182137682586637,0.595969989148559,-0.7238986467294135,-1.0320881644284603,-1.5281949503185446,0.432160493932493,0.35364823507202053,0.29232968277797994,0.48655515710455494,0.5725686777480088,0.08392352677441796,2.887269685828954,2.466531473961972,2.303519461252011,0.43138498517000123,1.1020099147523352,1.2185788493427108,1.4209850161222624,1.4527609675001398,1.387935918890402,1.3374495818942012,1.6099290698893727,1.396757804667913,1.3699823535154574,1.946304380221772
-3.233158809525344,-3.509386720025532,-3.3792183409042638,-3.1817785082801207,-2.9441844075797863,-2.695577057013791,-2.306030917312707,-1.4889296020329446,-1.0596372221791421,-1.262237717100481,-0.5977520593858148,0.5700779001696527,1.1049986515707602,1.1234905217949822,1.8472266307757896,1.9790315539031007,2.197761982753218,1.7757152198638366,0.6614317220134186,-0.17373489655860355,1.0650213978257215,0.21550550816364167,1.0364322180095162,0.7140302924643782,1.9057347098597224,1.3694010502361658,1.4243268529813997,1.587678828173164,1.5719042233189136,1.755329485344489,1.9073077279589972,2.3230549107555802,2.428810423497594,2.2981342505997957
-3.3716819887721154,-3.408672270885178,-3.241489864688687,-2.940204931017756,-2.8533741897482776,-2.6194530944062375,-1.9042930257841133,-1.7801503368940037,-0.576045321126267,0.28115434753925556,1.1786775437185646,1.872889014619111,2.3272273088533186,2.9476809484508286,2.708200878868069,0.5062257440844734,-0.3962233736457304,1.113864281439426,0.48012908901342666,0.8067447601731336,0.852721225454657,0.9886809672330464,0.9868969182456047,1.111081259582801,1.5121015611578303,1.4899586590486968,1.5934330983517757,1.7993238719478606,1.8026726342319839,1.4034410753680617,0.7645577942465634,2.1996311247335787,2.9836936935905984,3.1522031269334616
-3.381722285293666,-3.333071289471897,-2.9996935812547307,-2.6574353994867033,-2.323400737451687,-2.1664463852614646,-2.05571693594079,-0.655229408756971,-0.13716615211420413,0.23885852793051282,1.884119083181797,2.32058854039623,2.0398753011683084,0.7818554264499035,0.3883895793845729,0.4111459175973279,1.4228347010803006,1.0941535043987696,0.973387648541161,1.6757772114018514,1.9431748309471057,1.8442388895737343,1.7752432069288946,1.534058929392848,1.730046505096748,1.511481859059257,1.2364821720787555,0.8286761691620517,0.7074159073348578,-0.42651883331920176,-0.034505517326877774,3.9118448189879507,2.8923986695075947,3.0660870397074453
-3.6789830154343632,-3.057036231683711,-2.7101503984087616,-2.351903804721537,-1.989390049133523,-1.705411347035969,-1.2033374979238711,-0.4856910388801812,0.2690825065242565,0.7911021149249198,0.7576474049978392,1.7017787867456615,1.133655668106145,-0.30430841905677297,0.1359907594203894,0.5239505900418571,0.4867302494786914,0.17797039744641618,0.958449459106085,1.210250104978428,0.9904475049061556,1.9284498989881778,1.7757310134366153,1.6490303453638382,1.3027018239967072,1.3419180966326583,0.4351385638008139,-0.08433655638412846,0.6329472393087816,0.8255517249901149,1.8560039764984257,1.7924992309559877,1.9024195771938104,1.6546202445381137
-3.5426213508149718,-2.8772997842314503,-2.5636504313795916,-2.3662843685537616,-2.02922608998864,-1.5354707568653447,-0.9634123312975702,-0.16840418450514447,0.6795036033493858,0.5253415876418192,0.2349245303602807,0.1107924371723975,-0.715736602475391,-0.7656581913772945,0.23750056340829442,0.04460371096749183,0.6861079861293359,0.36256468288161325,0.4520300963074467,0.6339188089526507,0.7523453932257931,1.5332491050853,1.675731626102467,1.3319492303518417,0.8402420389004464,0.650153907090668,1.5218636167635815,1.4511884641524087,2.0140046030814864,2.3979383679214457,2.2052270376369063,1.9090756032425176,2.5510853763655517,2.0863981826597855
-3.40173714449862,-3.4668904905562545,-3.120006488321442,-2.6518821290407892,-2.202162098026217,-1.5565739497671507,-0.6601637602050492,-0.7569144553879199,-0.3340724301748516,-0.0748510690648161,-0.05717157328627928,0.47509943837384394,0.6166217430025919,0.6422625814514609,0.25077560089245954,-0.5034883877703588,-1.6456659075779323,-0.36969017941248405,0.1056074848752263,-0.33095805337717776,-0.11998938116411346,0.43192401975305894,0.6943769980690303,0.5429281771473379,0.8110803240590024,1.4234915715052041,3.2599736460404096,2.6468484533027965,2.6578746268276796,2.0915229309656613,1.7480406095458572,1.9241873356635104,2.2269553440264698,2.7803051986045952
-3.994762039511484,-3.7770200974397916,-3.256652360553001,-2.6658811090000216,-1.9653208849574164,-1.9658727879947522,-1.638674158028085,-1.9414470655392195,-2.02860056671528,-0.6752362635843657,0.7045037434549782,1.8080860339457636,1.2700696181712925,0.5245035537646551,-0.08952647684606822,-0.9398554702916533,-1.5066917687968875,-1.099932967007702,-1.227967287561235,-1.1084805661569634,-0.4494838797033596,-0.07860568150556527,0.6852117873004856,3.0066872833953378,2.4212097173470926,2.8524926742374612,2.70750949156029,3.5469390328122796,2.6737308609078623,2.518678196397289,2.2303884642826373,1.6075594498978798,1.8041772798550044,2.563323040508647
-4.099207186194986,-3.691957844330627,-3.351478390860365,-3.343766346959591,-3.5239412830734156,-3.664877326910882,-3.1812988333281718,-0.24275607169469052,1.3337727371002293,1.2202992303038918,0.7209520181961444,2.331595240063662,1.864607670322835,1.6487647183925656,2.3580177036477656,0.8303054997111659,-0.08588651401171264,-0.5267551426416561,-1.130300694420175,-0.47275703094508675,1.3901272591767597,1.6813823204349274,3.7848511307977364,3.737132092997059,4.742055217183935,3.222068107442057,2.9627990734306913,2.7261591697230636,3.2754975478222788,2.3687423700206502,2.3774562494530596,2.3071414906857055,2.7015264224514723,2.54097169921907
-4.778112805676655,-4.1142985631885365,-4.237160025546644,-4.189609754210191,-4.6231877222900115,-1.8353933768743684,0.11238897850780166,-0.12153149127513391,0.05756880922432672,1.7161807988240434,1.859745724275565,2.0839437773648757,1.4172392939710778,1.2371764202376432,1.4439556090228531,1.7452760812132173,2.0513524504394516,1.2085134200166778,1.094592451188635,0.7397492394925258,2.1033954841017066,3.069736205446049,4.059946694626575,5.128313405302402,5.7134494073974444,4.8918541636792305,2.355064333153292,2.4107830230355702,2.4780913620796183,2.0694513426627066,2.3357749891715285,3.0871634601634224,3.4055254491200575,3.052503077619327
