script/wind100m.json
{"header": {"parameterCategory": 2, "parameterNumber": 3, "lo1": 3.000054539987559, "la1": 64.9999836372058, "dx": 0.5, "dy": 0.25, "nx": 34, "ny": 52, "refTime": "2026-01-03T11:00:00.000Z"}, "data":
[rows 24 to 47 of 52, columns 0 to 33 of 34]
-11.629521797452432,-11.061093333450716,-9.389486670339371,-6.974287024944572,-5.8034273413240856,-5.818158449041839,-3.6961112238084968,-5.082109003494728,-9.214344718295925,-6.745262947672367,-7.941740181810911,-6.407625590768868,-7.4598716353706775,-6.971154114851419,-8.67562140741405,-12.462849581558556,-9.15569697393123,-6.906108963883857,-7.2964511428454815,-7.671766689135549,-10.290404364301315,-13.434258358628975,-8.538089611381613,-7.713974392860913,-9.377464665832468,-8.479761717682065,-11.431037633452688,-9.971777680133707,-8.563537896735577,-8.499636055752193,-7.676027492645488,0.053094340346753685,-0.7047753376090422,4.8136494050546155
-11.41098265755351,-11.216251645108366,-9.19836456191061,-8.455274690337284,-6.515707290351526,-6.403953277025999,-5.160586904508727,-7.3481261509233144,-6.200403760379725,-6.234255606768545,-6.384950485362676,-5.795312684638607,-7.063122614827105,-9.77778938870496,-12.548239800065982,-11.783678703803625,-9.841572474985249,-6.773560380659524,-7.183811972603544,-7.252748535895257,-12.823234913589722,-14.217764452581845,-8.701964853792035,-8.077021825914064,-9.16508604171028,-9.316798365691845,-9.084408795366487,-9.607817957130852,-8.602997221211899,-8.085636025867014,3.452564450686381,3.9111278664326377,2.893358297578249,3.376703692438005
-11.440303277379227,-11.402240914246258,-10.496368924921063,-10.086809691714093,-7.1173824217145185,-6.599211580531929,-5.550570772849593,-2.8600714341760995,-2.4741836994214395,-5.080156227263769,-4.58882452038891,-5.332633884310216,-8.512968339815577,-11.112976380754358,-12.516406380329602,-11.658571554992141,-9.913847692503168,-5.899417812104071,-6.194710394036375,-8.138286784738066,-10.33752229953996,-9.630344620896958,-8.2260896394604,-7.415491226388928,-8.086442493792482,-8.967546361691374,-8.787962227775957,-9.156010195300228,-10.026383482747294,3.0445585177137566,4.380271388771641,4.153706144984132,3.624835626956197,1.732928056739656
-11.987938186409902,-12.294723929521519,-11.131242602443862,-11.268168223185334,-8.265415399987718,-6.09661542248296,-2.7555120392861006,-5.526001841521147,-4.138630909053394,-4.126259764022421,-3.896322649959521,-5.4752474067887205,-10.310918767497773,-11.259364370728168,-11.48778324501301,-10.921036412095184,-9.532415465313507,-5.8488470094629195,-5.167339510421885,-6.460517627215473,-8.524664031578967,-7.0046156414793295,-7.611523738233282,-8.758369761657141,-8.329702951164922,-6.094657492177383,-4.968970235110907,-6.570422961498792,-2.636095943619832,7.94381216478627,4.800380131823083,4.192444853076708,4.7501074547424835,5.3403882644100715
-12.745093884306652,-12.897936023236879,-10.7253775723217,-11.875034856359202,-9.917583852724961,-8.00318488298788,-4.101664871312661,-3.865366395027078,-4.2301896828894385,-5.82390635974923,-7.96858552247689,-8.804118431609368,-10.014651861818269,-11.640543801402904,-10.88941621008905,-9.833248456552003,-7.96174320184561,-5.876266468042759,-4.946644444655446,-6.457542965854737,-6.660683784998448,-6.233942851602922,-7.111465956862471,-8.068623390842816,-6.068322864688578,-5.0781285832959,-5.235100841568764,-6.074928391496188,-4.479487900115904,4.151149252697489,2.7301512997504607,0.9639389342131565,5.7086053265896375,7.271223484686998
-13.589556432912175,-13.061569561727993,-11.970512112486123,-11.756029969465692,-10.663423301021336,-8.165337865942076,-5.45948268314458,-6.272769022521944,-6.696815636770662,-7.481513454813955,-7.703909040769052,-8.84256969796986,-9.518149514285716,-10.301518086088624,-10.357147463018999,-8.948957039182861,-7.3704709428327355,-7.32775498784187,-4.8176360888230585,-6.07223113051161,-6.477020434689575,-6.720006188989339,-6.250048127824362,-6.486576677595625,-6.757481408736949,-7.2034763404294235,-5.519614529610343,-3.591039039530857,-3.2839883378667865,-1.5845082925697693,-0.41635233733911114,-1.3474202842822718,7.666230334498568,8.727325223433619
-15.16890100594213,-13.64416752341944,-13.290992145269827,-12.163752220467654,-11.118629893067103,-7.880561653375118,-7.141297864975139,-6.885582664132417,-7.797250848181851,-8.100597813104788,-7.941213426101606,-7.598066914771125,-8.796583543563331,-9.240595866970189,-7.858613283753892,-8.30608749323021,-7.351141892972663,-7.328998209190197,-5.3988449660643765,-5.5551376314408465,-5.610246936621083,-5.967957077890294,-5.711949142148916,-6.370392004473048,-5.854325206633112,-5.346349549312665,-4.234410687067605,-2.751515839280828,-3.069234136976143,-4.282093402827772,-2.8395992507788375,-3.0474446367450256,6.870439654009861,7.734328714180714
-14.441783017641908,-14.984729327378455,-13.882431606161706,-13.380428470165798,-13.405926032749102,-8.568045387652777,-8.328498933000882,-7.618393668808646,-7.9752928534803,-8.436742073182781,-8.047300810000658,-7.321301167591682,-7.26244528699971,-8.755156300646561,-4.640243624874122,-5.33674682255886,-5.836214851105966,-7.5664794480016155,-7.6366412647579205,-5.27498222709767,-4.940610654929006,-5.659932095172484,-5.009727390761502,-5.011963923774531,-5.269650160801922,-4.537636713965456,-4.16776540992188,-3.3760686021253647,-3.6288681424882374,-5.201764179236279,-4.783722726127719,-3.5688509685998873,6.23583639016533,6.846296549570482
-14.535135019309507,-14.559150009091107,-14.726151375055538,-14.739241779676417,-12.673980896608752,-13.975378674630898,-5.417080117244537,-7.22802910300401,-6.426745457373893,-6.69718663750114,-7.1586800694981125,-5.738313523399445,-5.105496409877562,-5.038484259462405,-4.918420739264745,-6.395226511115914,-8.028088253515273,-7.288473905318302,-8.12346653184438,-5.236430967203687,-4.6740325231236515,-4.660608129545987,-4.88723027357277,-4.92248473049337,-4.484549661694084,-4.107199262980234,-4.062174309986036,-3.6717610669966736,-4.877186659772562,-5.526777418940145,-6.205382641502177,-5.315618454404636,2.641157975126517,5.599741541965056
-14.47515862133908,-14.884720333372663,-15.363754332338743,-16.669817959890946,-17.021355352173945,-8.775044080877432,-5.69949787095464,-4.566256121908208,-4.649365918150554,-5.771266627560597,-6.135495857203236,-4.4366918888462585,-5.0321757424291125,-4.375342596542352,-3.5655120592323657,-6.363840218696602,-8.891120560964039,-8.626564691767758,-7.973237058456454,-7.872548576916826,-4.28506835496145,-3.859825760579147,-4.301988496493818,-4.079230992100935,-4.079305287917529,-3.6480638479594787,-3.394246159103808,-3.2411241113170326,-4.918948498527639,-5.215216747319714,-5.578455355272437,-5.903598306666514,1.4310944250998208,3.018528481553939
-15.010475966815024,-15.084492243985089,-15.94302991958937,-16.520064260328358,-16.81183448865078,-17.493381851680557,-3.8905153927727882,-4.204501381661311,-3.991854099517176,-3.9765951274215507,-0.6030806854796877,-3.013343887568578,-4.813415453295908,-3.0492480214083657,-3.313252181980115,-4.416110210553434,-7.493585257111962,-8.964764440626235,-8.585723360881476,-8.396249501366082,-4.432369241487546,-3.134744362322441,-3.2928389892800625,-3.7520342439890686,-3.7145243297726784,-3.5794360206644353,-2.0329213612725328,-3.9324993245242066,-4.984235664776399,-5.487064233313118,-4.814826939355228,-4.481488411656058,-1.2651127299106883,-1.9631715868075583
-14.001900769643509,-15.949100689779037,-16.429172178221087,-17.326225166206346,-16.458505375094465,-15.027991236598712,-6.300722609969234,-5.353227310008979,-4.850697492172571,-5.4972536141133705,-2.940466268299591,-3.2008480144611515,-5.248330801672273,-3.843784472564663,-2.6853300650746976,-3.8962162416615147,-5.157745543386951,-9.253522551849946,-8.728080441706897,-7.8840944474108055,-4.292828646656224,-2.7689937229897654,-2.9818897371386357,-3.0486694581159557,-2.9743805587312804,-2.8153146852718254,-2.7990969452812036,-3.9574231437235605,-4.902020226773229,-3.934077913028708,-3.722817991824644,-4.095503519011191,-0.921521774895188,-0.7446900658197738
-14.519239299636642,-16.65488910752264,-15.229136388424754,-15.818729967019884,-15.112173169299272,-13.691406552855526,-13.887839956369046,-7.383658160034161,-4.663679566395795,2.6838596072470344,0.2337064332701932,-2.8162737661361072,-4.112584205415154,-4.042401938106209,-2.2547999575933053,-6.054796463640176,-7.00012994933421,-7.518682287644147,-7.028120865446649,-5.495522885617744,-4.434694252682306,-3.4727463003823376,-3.208620200722645,-3.7951232893402236,-3.5528249868965736,-5.159224378806372,-3.8162579628890523,-4.6280985490727575,-4.968256532618153,-4.614005988785319,-3.100255491826744,-2.223567311472463,-2.2888349608949143,2.223296178570797
-14.564805546485887,-14.290620233983908,-14.799588878697822,-15.578069197187443,-14.393124260165683,-14.418637188452692,-13.54209472105976,-5.414726989743045,-2.8174124378736454,4.933439261959652,3.74164505666267,1.9797800871382942,-0.6556415527399048,-4.553095032341028,-4.065518256039616,-6.162234242152031,-7.265304224288552,-5.884559663000381,-5.1769754110597415,-2.127788208874238,-5.030707822228347,-3.3578694010923305,-2.5242676755377564,-5.107056503665192,-5.499966065613636,-5.136284255252342,-5.586004505186221,-5.533510003074024,-4.744556320900255,-3.991615222092612,-3.457547077596592,-2.2449560880252153,-0.18946691789339543,1.7594993908015444
-9.772576296327154,-13.643320142256373,-13.965271155542954,-12.085351495921891,-13.098307324935472,-11.816239098566493,-8.633328727566875,-7.1359507166605995,-2.4609401414404783,0.9626337936348249,5.09960853078067,2.947379523818989,2.510396080023062,0.055884404158485466,-2.7476832524913677,-4.136766776837011,-6.830646568302059,-4.267445870286108,-3.8732933244502346,-5.504066224060959,-3.0810175737592975,-3.1856444623681073,-2.736364622228038,-2.88023103211904,-5.0997387664740375,-5.26386609058229,-4.695246858721024,-4.815758465468122,-4.626232575308091,-3.6518327226428817,-2.456470095164713,-2.0411500453817264,-1.1859120037456332,0.5479100945465527
-8.998295924572746,-10.957080396473103,-12.336903621478537,-11.796336318275097,-12.89727602214602,-13.575133678425706,-10.566104602483314,-5.88080614323414,-2.4105764991650895,2.852362567120724,3.899714180916071,3.978091889395065,3.096929277471058,-0.10856478555831005,-2.5314213461575745,-2.6796207791564863,-3.549368880953447,-4.579788784674139,-3.508732650724294,-2.924636618159241,-5.796127058575382,-5.478300441190423,-4.223925758036099,-4.440735260418765,-4.709429881768543,-4.574623635440241,-4.873555758712674,-3.9137239064794977,-3.0330871859561657,-2.216741407719142,-3.1322986198996308,-2.3077165532767285,0.8521772253001169,1.6785530566918456
-14.041652052548198,-11.516653022886182,-12.654524484945444,-13.687914308389754,-12.19115766792865,-9.695567063650008,-9.77921574193059,-6.308771986686705,-2.6541115506866357,2.1063982570059006,2.9000519298673644,2.2169145772539465,2.1458112063987533,0.9443306435623973,-2.580416703672473,-3.1971423354950694,-3.4310418665948217,-4.568177059921392,-3.994052567119793,-3.449305123167404,-5.23250286837002,-4.7027929720250645,-3.8244994495974494,-5.471921954756462,-5.62866542719088,-6.304721554119477,-4.743244065178182,-3.3950954355247194,-2.2728834103011284,-1.2196198057541379,-1.0164550006630837,0.08632554114035003,2.819545933498271,4.379053110965524
-12.643062508924546,-14.068699221202756,-12.952784554145126,-11.42007076587381,-7.8544256218492094,-10.912746426956158,-8.702069978321639,-10.370730929883038,0.7018948287322848,2.3603380861120615,-0.037150825951498136,3.4417887076885787,2.3814832928255836,1.1052959955074766,-0.7622960955995972,-3.442738378777727,-5.005593794292926,-2.4706583178743347,-1.213841484067215,-3.7352866489347827,-4.9867502993266575,-4.536017280229946,-4.203313811085107,-4.2238405705442315,-5.9931217957679905,-3.209008387111823,-5.078734965484546,-4.74952598723836,-2.985755217427364,-0.07026078233305828,1.9320646042804366,3.315660105394061,5.4424959318748805,7.154294199592769
-14.237430555301481,-14.660140605117833,-13.187038702656531,-13.423640234609513,-10.688628985769995,-9.397183933403264,-12.242299989861586,-7.588693462983126,1.2347497338041413,-2.690916234143707,-0.35674316785175825,3.8339651522366385,2.053280528760628,0.5931583251552723,-0.5053554866849326,-2.4951008353075,-4.053541946722148,-5.079428346215191,-4.246644362780909,-3.6379040909237923,-3.143371694287122,-1.5064909267275368,-1.185436157127258,-1.9067343882843601,-1.6871926610146273,-1.1680204192985948,2.1180741809292933,0.7763765819800493,1.5113547542966286,1.322231500153586,0.48958307738971646,2.2570636199107765,6.4787440176722955,9.312345775026373
-12.684423138778335,-12.309753638200611,-10.950822493127372,-11.449852225897049,-9.837310212997547,-9.248935250166312,-10.457918404857185,-5.7213771127863255,-3.172394762781333,0.5345530228860653,0.40787022499128084,4.423330450692457,2.0019013945906683,0.3838570925583236,0.49401314341591857,-1.5896444672912922,-0.8545468830394537,-4.299113907108622,-4.0044259639157085,-4.26891463230442,-1.7213241504426435,-0.6211988749119787,0.9392280839902539,0.4972479090221018,-0.11774748582102144,2.105708687581725,3.785811553665391,5.729197445583101,4.149454304639408,3.9360047202067303,5.023050775832974,4.060131949130913,5.820414551342984,5.7210882912438095
-10.499064549112319,-10.217471218739108,-10.93982001112451,-9.725650184464135,-8.66290872893605,-7.566153447858721,-5.202511998840489,0.9706684858391428,1.2685676483636819,-0.6824737311258033,1.2702378951185656,3.0267915948845814,0.5946518314572862,0.4219813102553871,0.4429872521886565,-0.9693799797087964,-2.504392835725574,-2.955908030679145,-1.364883884195234,0.38374662556001543,1.261971468378713,1.3658464691542413,1.8136521642009,1.7058739333167068,1.6557944566952845,3.288426976570378,3.152755227951105,3.162340082330218,2.822238181766466,3.5506292906368713,4.0691175382080145,4.198130179449527,6.417186298745074,5.322676535196502
-10.754777889678067,-11.285248373685807,-10.491821534063723,-10.994168093733274,-9.244843957411215,-7.8594251699660065,-0.06342672285916304,-0.6345841912739587,-1.4982762918955275,0.9776358410132628,1.610682161343942,0.8081641790321408,2.2612208595607424,0.44169753978558923,-2.0471092136863502,-2.213647213812301,-2.9642978925349017,-2.1997341625978235,-0.7687182615730774,-0.548454535020802,0.13338116856475948,1.6071029520696294,1.786031518487804,1.8230765900592747,1.1652731785968011,2.4460697376621665,3.6946094117683814,1.968485119049724,2.47936376012362,1.5690405724831369,2.2981306690177616,2.9972507612913577,3.173764217443559,3.6890449702889647
-9.627045387843177,-10.412684386901589,-11.207445932659263,-10.301761219974523,-9.94899998772107,-7.582118908905676,-6.043167887406182,-5.279722888839014,-0.11311667838205058,-1.2034776087647565,0.6855974202834373,0.06876186793980146,0.4486189150049606,0.6364891809409813,-1.113591285946825,-1.1335637783497683,-1.6500207054836409,-1.5676479866507387,-1.2525366932164652,-1.2545591869725896,-0.26715301704403405,0.44841088684751945,0.7606806995589522,1.0548998992897969,1.614167618124124,2.6214266371264925,3.0116621950240967,2.1319094761114075,2.0684541235185026,2.193632491162268,1.057911761787222,1.939329373757991,2.7300580132707624,2.9558290045056963
-10.219118025803493,-10.62531257015349,-11.085771564132932,-10.643929475065326,-8.087879127810137,-3.198028488867645,-0.6984013198201305,-0.9738015661147607,-2.0840179780638874,-1.0880461388359643,0.21719625589965944,0.06800970908315776,-0.603493935222944,-1.2907377476681334,-0.7197840247564468,-0.519118756221544,-0.945758324137236,0.2939094424013326,1.0689044965671435,0.8559286782740358,0.6112218303429465,0.8650638382100321,1.2425798710860083,1.5252094416169024,1.8735249491472379,2.056113704293004,1.768124899102939,1.925257527769694,2.105871420483251,1.0457002814951182,1.4133352293144947,1.8810773922690995,1.8713061917734486,2.635981733226737
