script/wind10m.json
{"header": {"parameterCategory": 2, "parameterNumber": 2, "lo1": 3.000054539987559, "la1": 64.9999836372058, "dx": 0.5, "dy": 0.25, "nx": 34, "ny": 52, "refTime": "2025-03-15T02:00:00.000Z"}, "data":
[rows 0 to 23 of 52, columns 0 to 33 of 34]
13.311334574991085,13.617474508075107,13.799081110451755,13.922408801577625,14.089383999992275,14.45587486190462,14.834780057573958,15.374840076849908,15.416245323932845,15.383470845502238,15.440332285096769,14.774932285842722,14.495363821518508,12.41303761491286,13.644841188483701,13.239183431347797,12.533712352851266,14.276862124328439,4.735223012502355,6.920261213528311,9.076840434333537,10.755151064025467,10.987195217181725,8.219920219327136,7.786217418396085,2.067373215396846,0.9208224268511693,2.322235367695639,3.297698380011479,3.1788672059443788,2.680863195988587,1.9153749539187308,2.290610730603048,3.0411432060399903
14.067943255048004,14.047622816329035,13.95636858285741,13.543659621414545,13.862170064942651,14.363739812007507,14.651044383076329,15.01125931964684,15.61257773947401,15.2598159847088,15.468797198466078,14.798737982706632,15.014383794979675,13.671828526948737,15.112181203604544,14.952868597360629,17.24757541442308,12.794196044859875,7.368294435290449,12.689026203221337,3.9576232493451715,5.043718578446636,1.6337984491002713,11.503258916285844,4.679272053475874,3.93592207493728,3.273507160432448,2.5461217547023107,2.3659291166649643,4.357087776563741,3.66195623031843,2.898523079730709,2.6039772265322014,2.9055975935240035
13.428282010333842,13.478521465834115,13.519986740185157,14.157234478552146,14.44621234220611,14.028364939450382,15.517830628824493,15.473183289617316,15.95057644299344,15.448764678560703,16.045756333400945,16.017841215026195,16.281707253730065,17.11832865425282,17.14744381729897,17.34955408275652,10.168229178262628,5.242406700445445,5.0147184266355636,5.381830434487977,11.384097648080871,5.537934775211657,6.320829824544743,7.385689837955799,2.909706862742989,1.471143491294489,1.454953039281318,2.8314625042514074,2.9058594338340376,3.0412545119939036,3.961231516111326,3.3781118749199326,3.6043494995460965,3.030554735305196
14.7140057849233,15.034460790288747,15.203868944516508,15.109950672667873,15.278555171775363,15.339534190147248,15.399923532238054,17.05980936190683,15.887197352046044,16.772656169846403,18.471573236939882,15.966553311449807,18.739977702668114,17.229515064428952,15.789673493239249,12.86578931202323,7.218506773221932,5.139710615451052,9.25307951366223,4.453938626683942,9.45770508936114,9.798752848079591,10.021784025005765,4.325006524366227,2.964691701052312,1.1980992926305154,3.326212139910018,2.8253754958977564,2.953660414291801,2.8659889438416624,2.9653058800715706,4.1502385243143625,3.5284062360235127,3.1694628059957415
14.142211183641644,14.48024817425054,13.578793721583665,15.078156751875907,15.07164259843803,15.830238433109141,15.39805331737718,16.11056181777656,17.236925544306217,17.440126247737822,17.82120280564974,17.83248604887036,17.351151160873698,16.10827907453936,10.285140600675252,8.751309037647015,7.020579206282101,5.730945524520386,7.4219092834101525,13.434369223149126,9.966092968790482,13.960647109272712,3.116943306721323,3.281652592538028,3.3767223308148147,1.8551452907867962,3.346561226210648,2.1659338071299743,3.92218727443811,3.7818589666964404,3.5601491385241815,3.927854496659914,4.603643362459421,3.88464256890896
13.875782678789076,13.723551063954023,14.538595148892997,14.70314201736423,14.700655047570047,14.804150562055131,14.562769335544989,14.804599063694353,15.89417885938545,16.346783930278637,16.74300291828438,17.091035437867436,15.314203239901408,15.044594335162857,6.6384249011413115,6.224859658647391,4.770433046159934,6.379561316531558,11.455478647327585,8.606865754523366,4.5468685560609465,7.387968726749184,4.617779106070767,2.9220041828357757,2.918685518799774,3.1705209720427274,3.2692415530983276,3.1373634626055513,2.5565673405796727,3.303606938393376,3.472740338897752,2.8459491699696398,3.480535760230415,3.450712947456765
13.669852786919654,13.630389855841708,14.219648051758906,14.487079850353915,14.53103995108385,13.749166287185282,13.838638845243125,15.029840692867463,15.063437688552089,15.790401755807572,14.679679262718338,10.348575902757608,12.201378250931947,7.810051832521411,6.793782670570096,10.129416584867762,3.462066665043922,6.204585389146992,12.32541914676339,9.185136086736081,5.811173349659686,4.569934592908644,3.659451425326057,2.3553030269781834,3.1276136235661016,2.638445742025687,3.583113039206402,3.51901833736205,2.3234382947625347,3.478445215740718,3.4060220310020615,3.0316667650773756,3.848726362096439,7.947751385268458
12.1621152163119,13.603468828803777,13.853531440305542,13.780731302823408,13.700160505297097,13.228906348300622,13.628631598276167,13.209612573369945,14.433784220049702,14.845022115878704,11.319873315296,2.749434908064362,4.459883506229786,10.670791154965752,4.177298248565574,4.553467746478742,5.148652243719484,9.169751869860214,9.21014260545284,8.05459611342372,6.757828466537436,4.839436346898674,4.033457209861871,3.0442354122059676,3.120682571478948,2.499424420981157,2.514517038065959,3.671083033095777,3.2648263988739354,3.0670380479997035,4.051077469327184,3.798532205172609,4.028900067081705,10.288395099268746
12.399367654459118,12.869229012333271,13.246425644976725,13.533982505905321,13.505958554504707,13.916906516956066,12.833743477648694,13.391943147141383,10.861589719777571,4.842719576906038,4.721072786085812,4.161779282871885,7.06508240615103,8.354844024424617,8.041542084783753,3.642647742516816,7.687454150403765,9.916695209707758,3.766723026555674,8.913200525015426,16.182647580495434,9.72498639099548,3.5879173076324373,2.339301154499859,2.868519381286722,1.886741226701043,3.6860317132906464,2.9050211351302493,3.742959905600832,4.2259313461356225,2.6901398913050354,4.69018451414288,11.0679089217757,11.163144801970157
11.679486030204629,11.910767267438489,12.044047837145603,10.425762170532728,12.139353449873173,11.908515981329646,11.59965536682541,7.31048291881962,3.009730443742844,3.3875496574163657,3.157037229658096,1.026399760915175,11.782908708400985,6.091263431898052,2.2596496467161797,6.104733671207337,5.336646689168499,4.911589283443289,5.197507548375015,5.88522919400404,8.858848678365062,5.409489727935593,3.6089723910470504,3.528728310401796,3.346096862830478,2.2267808690602786,3.307362691833922,2.7629135920703645,3.2423328916852143,2.5832493043597595,4.941047104495372,9.136290819899452,11.039142100517829,11.452768179774589
11.469641101589394,10.304225576931794,10.869921331246871,10.463692292023527,10.042723244800001,9.991973083539342,6.0238648799431465,5.123652177164689,6.947328916936779,-0.5703461323344666,12.147466863633454,0.7341740612316192,3.945142998767389,13.637076932632642,6.152074400070627,-0.42896499693119916,2.712836755193489,2.8785118131756553,2.4717894132453053,3.368906947891342,5.3536693223592104,3.1595931039657046,5.759572714870754,3.0130339801267514,1.3186650595534475,2.4067033697468445,2.786335429591173,2.602839227408331,4.054571183652733,2.8876967200091332,9.17848622924994,10.65251585506682,11.46386889664443,11.280744969066843
10.965093849401756,10.366718879758054,9.549302222824883,8.526858227666938,8.326981992143864,2.8575317541797194,0.050664142240936426,-1.377377652875935,-1.2767738581319457,5.267739319306581,5.123028063525861,10.806729326735466,6.360212421858489,9.833510403557868,7.372080865131113,0.8553384874274007,-0.33661278916027315,5.6307498693701055,0.07566739690547737,5.573770088668227,3.0323089270871395,3.8601669022196505,2.192594689472123,3.497727496360019,1.60629933492358,1.9974657548032417,3.5219935777991203,3.5518913612899876,3.9859430788878125,4.137015561336228,9.10067104308406,9.04987998732254,10.21061259785123,11.022987266927624
10.459651206986532,9.283106146492983,7.556747459393959,7.226723882543453,5.262520274523719,1.0773714689015235,1.421225661285426,1.9968342250655027,2.5894047064793626,9.007233848399627,10.208157642037568,7.859313402716838,11.121796913632572,5.612478916167503,2.209395049760098,6.5064724052962415,3.021211254127191,3.93987661116312,2.638493180813249,2.10402880394878,3.164949123556651,3.724307930001373,3.4220629880871707,2.8544118807539887,3.1992457631483977,1.1234115497626378,0.0025651410094951663,2.5273912233094054,2.8741384284033122,8.19893184712985,9.143610188888687,9.9642391831935,10.575904948869617,10.808086553013919
10.001715034383835,7.882431345989942,6.642277786673023,6.423156705145338,2.745803548506252,3.4207550465523116,8.442020931306269,-0.3086103119918105,4.006801345852326,3.002910144877967,3.5134971413428984,10.687889684826231,2.083531905159992,-0.949726392664258,4.745319505070588,3.872483704198419,4.621155667512441,1.624706495068876,2.9795637302920954,2.5447268516260326,-1.1417161659222046,3.0568643416614845,3.465094175574733,3.2216746383250223,2.693933866601328,1.8365441876141004,3.373615745335133,3.2046065804357977,2.6001156370291487,5.592146164758758,8.50924372399543,9.716910932599028,10.293726973355303,10.727045644379565
7.978565586673136,6.450303815949278,6.54039006053179,5.496052773266962,0.9965488491248327,1.583485158078399,-0.8375889198649362,7.197715362298671,-0.9195977464130835,5.431745974901308,-1.088853823760479,8.850373940261164,6.886946137064198,1.5273837838514572,-0.403174507014249,2.818156866527278,1.7231068814175916,2.5971221400750264,1.4646564306918248,-0.48989764726710966,2.22212673944893,0.982055661633755,-0.5843050764132303,2.966218495430298,2.050396086397682,1.6459303120115356,-0.36774190194472334,1.9278041125420908,1.9141501862656438,7.92807245387954,9.213356616352247,9.904753705779179,10.08958674734067,10.0220855608536
8.218290629304006,7.470965336901982,5.550000161584342,3.787419356975213,-0.12360914896996832,0.33154316654780597,2.4022869463678806,0.009461887087471574,-1.5711668302856647,3.94501800544938,7.599225181072234,13.128824818016021,2.412827745585697,7.264977258021076,2.617111742979186,1.804157299605856,3.9572319862876775,-0.9318530922956598,-0.17396154893051913,0.9479622441317332,4.550487505349288,1.2981443515085194,-0.06899209624648237,2.048046308411622,0.7406154920328751,1.5633765220422655,2.8520065005023003,1.0437057255483106,1.9397568873716209,6.341773240320077,8.392424945396296,9.940491935353501,9.445887909665325,9.846178205464321
8.698637834484868,7.10680412820599,2.479110861061782,4.3607003035395815,-1.6160024177001877,0.17151854166680675,5.350418738517649,2.5043120259881713,2.345996801130062,0.33969969693636237,7.17086010821694,12.335716364660248,2.3620202028964634,0.5873064947706808,0.6494285301197164,-0.283888610314151,-0.5845549594790542,-0.6944690539127047,0.40888036764672187,0.4790030674850699,1.6106580245417421,3.2290208366318773,-0.4239189006958537,0.2572979019838765,1.8026057085129004,-0.25767888615833834,2.6047186981901267,2.0530691318595857,1.873741175551988,7.153325937719356,8.645388223620905,8.924076383774212,9.313552411553665,9.081199246633716
8.708539100611972,5.959090223287401,6.222351004006813,1.7663748082976016,-0.6423698279710653,-0.37942272241343383,0.862752894336399,-0.6080770067903933,7.72874250433738,10.25912016104774,1.7999905161763814,5.125180666512189,-1.3587188519372873,3.363761859725864,2.646950775577764,2.563286151319521,3.1416615747306893,0.6678612434827941,1.4299914815736026,1.2304539601743265,1.2325084735981875,-0.4456787459290794,1.8264315408816527,2.702080459750445,-0.4006319825977311,1.08611870877803,1.4306568662065213,2.0960828588911844,1.6171049565312552,5.917166981932934,7.6635516022606085,8.134454367952276,8.599352891246555,8.713193553077328
7.071272786376009,6.175469985257948,4.351730506949782,3.1567487190512917,-0.9016452342986286,-1.0492466690633837,5.645829141164078,-0.578316291211822,3.201902460509683,11.391362741516483,5.6667326601572325,2.996646245524433,3.738893216042104,-0.10596092842267044,1.4903682665245392,-0.8148662166807683,0.5447966297996801,-0.33191400142192434,-0.06720187787458913,-0.2427360914570741,0.3112353381429904,2.217062365109037,1.6435842498151687,1.2245808529237803,-0.10956128373288611,0.8995289189599548,2.0923198371295744,2.0736095849183207,1.1969902484957076,1.651151531530343,2.298670152044075,5.451660558856195,7.62375704430672,8.148133423089519
6.5627722814882965,5.321291049091311,1.8343705385040814,2.4500134385667507,-0.741669841237567,-0.39057457438550286,0.5214275664641045,11.682801456732767,5.02870914372948,5.210710135638108,4.796079153107618,11.314941649372756,-0.7119954877936281,8.535884642016361,1.611380266046231,1.885238253235826,1.4350616952711657,-0.24346082365910454,-0.6358974618090644,0.6375517516808442,0.47506498659639246,-0.11809207884941886,1.6644069180696093,1.2738032592487256,-0.3484181771014492,0.10357639244036847,1.9179932150842147,0.5298343202739291,1.2411153732858158,1.2501777790542157,1.6800149531719828,1.6641967648175007,6.954257560272628,3.4466375477609477
6.588132747841781,5.5007348325719265,1.9811182927484985,0.35971961184795825,-0.8427965859551669,-0.719293107862335,-1.238326653816408,2.0887787604216577,2.573569073444553,2.8423020570999724,3.7277828819479857,5.510890236135005,4.221246252457567,-0.7848081579560922,2.0123589757283797,2.005323847196162,1.2853494419537022,-0.0757271546971207,2.2175413689251458,0.010911558740556654,2.4508337886940037,1.2316598520933497,2.066681395303556,1.8670224849128854,0.47865055531997913,1.7628049004736228,1.0296403238552763,1.3306414968965214,0.7437124687522108,1.893672019722647,1.5285765749204148,1.5154916983420208,4.989165585687997,6.803166489561429
6.081045406962234,4.5829144186880395,1.6640664190649843,3.010275012358556,-0.27891397094967585,1.6827094488045211,0.49259062131350145,-0.37261823974415387,4.8210814365365735,0.5992795589107349,6.204121722930238,7.033334666370635,1.2003867183494232,3.117844702442328,1.4907448888071042,0.40126991784607297,0.3914659866520062,-0.24814247299626727,1.9512179207214257,0.7864877896214113,1.9892788317494792,-0.5437848982933754,2.091299942001611,0.5096820890011806,1.714139187636843,1.5250114530666559,1.326596764392819,0.6766757003152436,1.2836917152805964,2.021391979600861,1.5006783811597857,1.842302581600767,1.5079165980165063,6.57846499445189
7.085949397231151,5.316787463856019,4.17742642527713,2.5796576819459753,2.142897258381993,0.48257336319317823,-0.9768750202206954,2.3979226754902023,7.511585451865196,3.2299310630392943,-1.2688677780910027,0.99548787846355,3.847608941168855,2.4423965972893513,3.175678860985329,0.8681655560663217,0.8596662681840946,1.2792176735496088,0.4418207433391831,2.4201936257075904,0.4743958780364499,0.7169339805451201,1.0810851084435984,-1.233222144775295,1.990784994222303,0.793467358226031,1.5464509915341562,2.7659320893365056,1.8990402329141405,2.1307117115200747,1.5552587279148515,1.8267250679886855,4.883022755297526,6.648268180955269
5.7069600298602605,4.901462043055865,3.2282321351294434,2.852767548372428,2.158659053684312,2.097639293866807,0.9398427754667598,2.0618339213508374,5.8179203299675635,-0.6341459001207604,1.482132014236935,-0.8995178892982747,2.352289945696473,2.1627671517158555,2.5415512122057247,2.2957354168837876,0.25786312352091595,-0.34747510911615426,-0.9393676560646866,1.9290885746363144,1.2036975545599973,2.9281446533506172,2.1266337725739404,0.5478121685534189,2.1365206928167857,1.823338332130812,4.747660601478789,2.0359523457747057,1.5574469435757266,1.3538453459211868,1.4006498420656948,1.5299347992884247,4.820424192893183,6.484053572285338
