script/wind10m.json
{"header": {"parameterCategory": 2, "parameterNumber": 2, "lo1": 6.000198445256149, "la1": 58.999992894266676, "dx": 0.5, "dy": 0.25, "nx": 22, "ny": 24, "refTime": "2024-02-06T09:00:00.000Z"}, "data":
[rows 0 to 23 of 24, columns 0 to 21 of 22]
-6.138423988243189,-12.715735750981256,-12.062211282143256,-0.6336092790011636,-0.43231478076162766,-2.063180128801335,-1.365132164966684,-1.8820690697243423,-3.417362890118427,-4.161938557475291,-3.96438699180499,-3.306454341578975,-2.3023851301624654,-1.543340521298733,-2.656249779474994,-5.06083289790251,-2.662737657667029,-1.6682614564223115,-1.074604793871936,-1.1744351037902159,-1.5107289599016362,-1.2721015339825186
-7.31263603005612,-4.873270238293615,-6.636272305569195,-1.5070680400312029,-2.772481467829,-1.3811909684513883,-1.7945296754771312,-7.108645646145019,-7.689103714586053,-7.183372470821726,-6.813024050886234,-2.5848423883559994,-2.7341609597935252,-1.6860827326355214,-3.762160629457059,-4.304331407541603,-2.452318803283752,-2.722589869715479,-2.4005160052062515,-1.3760031324826212,-1.0968024768147489,-1.0726799524924342
-5.861841847580815,-3.6063525144653865,-4.086180081432393,-1.8886676670065194,-2.2613470914654408,-2.2611786569690184,-5.775421747125479,-8.555241513703924,-7.837173725981399,-8.480869884249133,-8.27346692719059,-2.8302921008013042,-2.890755658327302,-3.5248144476679975,-2.406024734225464,-1.7534197950825468,-1.591750347169402,-3.5937485713600883,-3.5344949201491724,-2.6658298763989667,-1.8114583354330627,-0.9453200289359451
-11.464935480315221,-7.548926824514777,-5.449909925988209,-3.062878449427588,-2.5640761893853887,-5.7747901926663365,-8.280685102330168,-8.196606771120193,-8.032809119740994,-8.292504281760573,-8.473682529370699,-3.5703048686394703,-2.5312145650565823,-1.873534758138398,-2.343379780747879,-2.893551398086864,-1.082411069134639,-4.208653744021655,-1.434477647845845,-1.460928010232454,-1.274439204206681,-0.8459572622164878
-11.002888772468253,-12.344226962465278,-8.23609630229662,-5.6508556345380185,-8.004336918157943,-8.259884977093664,-7.100064610815189,-7.086421963863579,-6.977739011539105,-6.388571675764878,-7.0412178967483205,-4.8656628963460635,-2.6028920470068857,-1.9989093193041403,-2.226067311717861,-2.352816210262923,-1.8715400625533165,-2.9443975570904857,-2.08351605490117,-1.4545075125677933,-1.5105770067963553,-0.6984989852011682
-7.875346084351469,-10.422176263107573,-10.595067143564565,-10.272153286062006,-10.314636934621165,-9.991615572530884,-9.501159636201704,-7.625358250081465,-5.3679993110671065,-4.365129657175226,-5.75389843790314,-5.094367009830306,-2.634566279374999,-2.467772404652128,-2.4052282580543296,-2.5754055173688215,-1.738290551245269,-2.0472669849559235,-1.7536846216590192,-1.231700700756354,-1.2165887666882669,-0.3906825173656252
-4.376948923839304,-7.469935884215847,-8.82947940675169,-9.996259174791614,-10.63324040134205,-11.121238237789473,-10.218460843625923,-8.963940907596728,-5.152292042476511,-5.586796178693611,-6.24295834261273,-6.161544187201258,-2.49264368836457,-2.046569226921202,-2.3247653149709633,-2.089205233122113,-1.881705352673437,-2.4043480932721515,-1.8568349335925682,-1.7154045289072473,-1.5340238752631885,-0.8480234672484432
3.193296166879764,-3.3691300725983235,-6.095062820465148,-7.939104543168307,-9.371504511925611,-9.30356264733931,-9.13841928979236,-7.3798918872305626,-5.954958306761278,-6.5257499144831055,-6.64123038896502,-8.190370514278305,-5.13857399950784,-2.6759608944548194,-2.357635367061916,-2.047427775787296,-1.7049333622471983,-1.8809713970867248,-1.7812105179883984,-1.6061507907465038,-1.6320684467436848,-1.5890752954673486
10.035131897954702,10.147260835322294,9.682026484595383,-0.049344888895901426,-6.869065919104709,-4.13617923786318,-7.279470448904058,-5.656948942140626,-5.1854675713428575,-9.327606177356415,-9.787581489413226,-10.012257837656593,-8.881531656676797,-4.223361446470192,-3.24085506902733,-2.738283094455542,-1.6822138285519284,-1.3270236628948633,-1.9261496212195262,-1.8425278688931952,-1.4427723765450144,-1.4840891992462721
9.609462720769665,10.06292808304572,9.856165751759894,10.049959345926222,8.267561968369371,-2.0653317052588496,-4.250774558762127,-5.022405413583116,-4.762451107464625,-9.505167919806926,-9.726820083862414,-9.486296062734134,-10.166518389208408,-7.543295388386452,-3.1959887315751168,-3.224420885270902,-2.509668895172076,-2.0973367321133045,-1.715214752475894,-2.0099178443202335,-1.6588863443337847,-1.8336841280775058
9.034446289548024,9.620208872514713,10.211481999509777,10.028378296568855,8.702407399034911,6.483583660560774,0.25287924833170905,-3.323041564356444,-3.4455756666769375,-4.325145208369742,-8.722739914148299,-9.178173353476009,-8.63382690784146,-7.733487903292856,-4.690566019224158,-2.980475449532116,-2.6659591963430374,-2.405615275806789,-2.0558251280864064,-1.576805960465979,-1.2558609490602222,-0.7067236980585387
9.062844208790953,10.349583236745383,10.52477272603366,10.544172257459076,10.301050157765149,5.809113381608003,6.222123390376285,6.408097029137082,2.127093046984642,-2.230106056077771,-5.107618507941827,-6.282493514569203,-7.649251327959135,-6.5596659489043025,-4.037912315103216,-3.807145669578891,-2.4946994161976863,-2.6520070906136626,-2.1839232408449227,-1.974980995241237,-1.731401384986817,-1.5393151525335982
9.612567925620503,10.315063296082549,10.786837470026544,11.242254183315938,10.669333091033435,7.416338020599861,6.819141104948628,6.643870685675296,6.214891730454299,4.8518148243703525,6.431393350375595,7.705852502607134,5.195360600119624,-2.9704261119438855,-4.191597971428098,-3.27223021047583,-2.7298209441124044,-6.323882171601207,-8.278095236979517,-7.57376885315131,-5.87455402162806,-4.314445484570817
11.268956100400676,11.511161610898268,11.949084336127884,12.064052692629932,11.023164535177042,9.288850772082263,8.377486775194285,7.222408434880288,7.0664616412382,8.559461523452171,7.578854350444839,6.356843839753606,6.9728419070350895,6.218157523099731,-3.1735752875605385,-3.996113103194397,-2.663210245492607,-8.633706027065907,-8.319958821995389,-7.479769075688716,-7.319674747399929,-7.0639663318042984
13.796297264138948,13.629035131427534,13.520543129499579,13.280842854238465,12.178168592550666,9.397566311013321,9.746634153307996,10.156264150832236,8.544299509290022,9.048223383559387,8.276747631556054,6.463809469822129,6.590293301014677,7.861049309621687,5.102268214991997,3.6538882366148684,-2.12586948825869,-2.5029689732087217,-6.452756456368744,-8.018825056917956,-7.6878321352297485,-6.542168205362157
13.790375296720496,13.853354219809422,13.801053481947084,13.8376631621544,13.12852005654973,12.264776841172733,10.348857583776942,10.367600656446799,8.41250566109862,9.414158782623149,10.689123166977987,6.771566384611154,7.3386631623342,9.339954513776476,10.14193307358537,11.171587536133318,11.345956240034537,10.547755541744893,9.030355342485935,1.9268789103737007,-5.076737180686076,-7.000936665591654
12.322151991415133,12.856438053892436,13.830159395746351,13.698790557096883,13.48069771252443,13.444662281975086,10.721640469481184,11.32027418577457,11.573939107588526,11.23384520770225,12.147791612755926,10.907904521910263,9.077978438024154,10.696028261181764,9.908873503289925,10.314873837760139,11.252101610182919,12.17163638985886,11.688594325961759,11.691673184172359,9.571502815783774,4.363616416792103
12.987202984991603,13.381042041966575,13.74879434458388,14.013347047855108,13.979237812868085,12.352513012719156,10.077981923244742,11.741896376651384,13.143183511448608,13.278496999261229,10.97232604958309,10.025615359425059,10.94494033859229,10.490724285373181,9.259759902353865,11.341038381634636,11.726592923130875,12.22497654487487,12.364522388858878,9.994281735922904,10.204886005105816,10.08830533108711
13.584862534558756,13.96076860964368,13.823519770890368,13.927385357775234,14.359520356684284,14.159627932612333,12.77238422124243,11.628895344370784,15.20877161280467,14.596901257358471,12.827307397420148,12.05912444142952,9.88917309201823,10.949232671101905,11.653243611471712,9.944797186794853,11.773701384991258,8.456019902751976,9.542404014349575,10.141471935104683,10.10039015461858,8.204743484509045
13.133143302111062,12.777250972585659,13.662734846987606,13.989706290801506,14.249148882755826,13.848018410400723,11.665164159970109,12.165893096192807,12.131990468646203,11.801463954312451,11.306360066428327,11.7958135474196,12.383176819492604,10.177197906727312,8.18670362892543,11.247103812526685,9.324883154293303,8.411060374221059,9.327497821933347,10.383842974114625,9.66324277391533,7.1598490757275535
12.306015616084332,13.233333354309718,13.745490826018493,13.588183709726056,13.28165283217229,12.317049410967275,9.500608452501552,10.215958362605434,10.383361357137524,10.692068787755025,13.799929835148786,11.570692086362161,11.312196333369235,9.927894419782506,8.908792792535413,8.430659315008786,8.630275530916157,8.651909811735939,5.564928866308501,8.190300132567538,9.41343642551596,7.399043288664459
11.582618015259316,13.2810169639079,11.987368165794935,11.050558482561541,12.231018057438048,9.98130615326215,8.669157992951344,10.651625915143498,9.29175845155691,10.528712455991977,10.49784546115051,10.187376265947153,8.950907952784057,9.820223860821299,8.416290113397313,7.725898765649469,7.491175031489924,11.10509694592301,6.523975367287876,7.766056101386986,8.83348707264135,7.378984756105779
12.824661776371105,11.854740681962797,11.196479209894925,8.56045695021807,9.758568880242466,8.796049327102207,8.111491413967768,8.40402814616215,10.059077481621696,9.445562517911993,9.69482773636949,8.88437938080369,9.378619529089239,9.542478738385428,8.073157154187292,9.838191371154243,7.880719738770218,7.162423694228288,8.490101803828608,7.066820869285336,7.502663306693166,6.01946717900298
9.235706120469183,8.979121562899687,9.940745496244086,9.691891364068567,8.51118157342021,9.112784796668924,8.7125281498728,8.501652960118303,7.54751560802797,8.07268365525833,6.99337173525006,7.760074563702459,8.924105443684079,6.814871861804728,8.522688939792205,6.913072973852075,9.551740179981762,8.34611073825365,9.229998879669028,8.246332747269568,6.320646737370232,9.765972385475937
