script/wind10m.json
[{"header": {"parameterCategory": 2, "parameterNumber": 2, "lo1": 6.000198445256149, "la1": 58.999992894266676, "dx": 0.5, "dy": 0.25, "nx": 22, "ny": 24, "refTime": "2024-04-11T14:00:00.000Z"}, "data": [3.022171011119329, 7.871157542492193, 9.09058187104702, 14.123877973580553, 9.623845509060716, 6.945947440247379, 4.146684730738832, 5.645917828438737, 5.426583144008414, 7.9905139977578825, 8.520915135557058, 5.012074779968923, 4.928510664008619, 6.670741117181718, 5.482382709495134, 7.3947666037894, 7.295582282831275, 6.942131176219578, 5.6196305601804335, 4.561443806280067, 5.557450577121131, 6.465365479595978, 4.063174157420173, 8.55080991565551, 6.5996612842235, 8.783853836346514, 7.306422223083475, 6.152335004052708, 4.932497326732954, 6.050169417040376, 9.548511365997477, 9.507177959188672, 9.213203023787296, 5.944440848697582, 5.837063196932742, 6.422549606200347, 7.674266079269572, 8.824468104489172, 6.693730458863882, 8.392113192124802, 3.623852219238713, 6.045154977458734, 5.679304698180565, 5.89782153963595, 2.9893177244812206, 4.9844180710861075, 4.388840440305522, 5.106571724474903, 6.5468771761073725, 6.70958170148942, 8.02243322027222, 8.847778965873594, 10.988431134749357, 11.744920721167748, 10.15435247276057, 6.679237886113441, 5.957464818579961, 9.08294006277638, 7.331584144944136, 8.105528755718229, 7.2860256133604295, 8.894477358659861, 8.389579427861571, 8.57608281961638, 8.070590946090052, 6.880192068927358, 8.62761380437413, 4.4927104685189825, 4.839311529574553, 5.086841356039704, 4.855695704792537, 8.476456298457814, 9.72752478863645, 10.981443839399146, 11.77498089590999, 12.554908593276071, 11.969875164317422, 8.246787601530398, 5.8621412969290105, 6.1452581451747506, 7.96192857326856, 7.653043746118494, 6.946331742579476, 5.6119860772296954, 5.714338856809635, 6.7641599906964744, 6.478257945133533, 5.892029759068255, 8.924903549524698, 10.11116043637805, 7.789250407054565, 8.286716188437266, 10.781967219527898, 12.52775633205416, 12.36779085236509, 11.883580713202617, 11.824201227676006, 12.408584255827357, 12.481891188537936, 10.095411572322636, 6.480156794657703, 5.295614960849632, 5.466390022566084, 6.181962637053859, 6.688637126353863, 6.258523767128975, 6.251367599480069, 5.934426644210925, 5.8566578120027035, 5.979083984391853, 9.473518676611862, 10.274583580529502, 11.65851850209514, 12.211719879198759, 11.726213007048818, 11.054549481373524, 11.315489124231462, 10.869913840950993, 11.113349762365159, 11.4355050922607, 9.034751080794145, 7.559613989478621, 5.7985564128727285, 5.492169300166116, 5.173036001678514, 5.009714759085569, 5.499267416080486, 5.921711982865254, 5.358688497783279, 5.205253479708535, 6.014387832340805, 5.372630658889183, 8.676383920423557, 9.667481840929367, 10.46791209776872, 10.768181324139613, 11.09477802198088, 11.208808568291566, 11.137208142981535, 10.390226666850516, 8.693283356670122, 7.957633527718447, 7.596659117097181, 8.016643355764547, 4.656940090601898, 5.242042967117979, 4.809642650978891, 4.9252645694368065, 4.9809764496253575, 5.795932177245676, 5.353004887164342, 5.359628285573501, 5.253430148903941, 5.111117435527501, 8.818656346621351, 9.512242299269277, 9.433005926760238, 9.808017489138042, 10.019348003940427, 10.104161777738952, 10.346587350849331, 10.49613448373391, 6.505014787056163, 5.870701208979807, 5.387616747132072, 7.984130036416502, 7.494811121537814, 4.623914727436826, 5.056768865455142, 5.277187601561804, 5.518204468515937, 5.153181777245403, 5.208182100192394, 5.17889345114926, 5.239479731079527, 6.943179405980778, 8.500822348206624, 8.673576113359683, 9.067930202511667, 9.317530370877684, 9.359431564050757, 5.540078222331632, 7.660476917556749, 7.38832194281952, 6.498024558019721, 7.617359334652647, 7.738281056103049, 7.6133074197442605, 7.170968029500818, 4.799746518014382, 4.684271556508777, 5.147813479551569, 5.900493632320156, 5.286086724552028, 5.291569312778492, 4.855310039708827, 5.053236859306627, 6.277460818385611, 8.465032294279938, 8.539133285312392, 8.754919214103703, 8.802846351337282, 8.933415608949133, 8.363726753394017, 6.409990628992911, 6.752309088644549, 6.9542667564089315, 8.06542381202516, 7.1850381597090545, 8.658416408032922, 6.801284598609767, 8.126966055366394, 5.140590952235332, 5.969145136848544, 5.726084273736804, 5.0203916714906685, 4.258276085719126, 4.855513474756164, 4.772153811760579, 4.573394325896835, 9.091899484800885, 8.928077266817747, 8.800274303683079, 8.825295907325092, 8.845396061617649, 6.654662212858637, 5.463032435823557, 6.271683915897113, 6.360594493065076, 6.528871521723069, 7.334639214509746, 6.743797663960001, 8.159589136428078, 9.00527045186543, 8.299638605883125, 5.378674327396664, 4.6660037766262645, 3.664107281809737, 4.36781849783081, 4.3755091453273485, 3.8520950259771722, 6.654643940828953, 8.865655138203275, 8.623249395518114, 8.791241330791648, 8.567341227326317, 8.563381026264445, 4.8386020964628305, 5.434264730755375, 5.5442607996133475, 5.641474157337858, 5.794794927240916, 6.334484331845629, 8.820953184811982, 9.560057222219543, 9.838450600769725, 5.820907515399183, 5.266627320891084, 3.4831015522969406, 4.3067210320187375, 3.8854114677336544, 3.7720840520508214, 6.104140805469465, 10.426094487893359, 7.565219606946813, 7.74638951409828, 8.739542552654962, 8.354112423423157, 7.486003621008764, 5.5945283757427156, 4.598598801396662, 5.1329107143830415, 5.922897392408129, 5.942406009023907, 8.760957958380152, 10.229121739470306, 7.003981417036226, 5.6640101364240785, 5.282938909743896, 4.529455578048749, 4.715789711175698, 7.270930623349037, 6.783193635584819, 9.22236638360445, 10.88980845015009, 11.163707250440918, 7.366880102439626, 7.984055786333168, 7.773366292641304, 6.915224613433656, 7.068623898324283, 5.4144766285829045, 4.772795907963146, 4.7073598597147335, 5.104832731491818, 8.547690257234656, 7.35291691003489, 7.693196578213716, 6.841460446538334, 5.905094567769146, 4.348336698188304, 6.564715906593232, 4.873200222955663, 6.691246068669558, 8.33981034264182, 10.923361446458275, 10.72252999972893, 9.383991084622645, 7.464272922045006, 6.811986339156442, 6.410281830462247, 6.712983867804447, 7.107374725354577, 5.673945837611887, 5.67011205960386, 5.850084280115182, 5.380628602730808, 6.807286664360209, 7.7789624875604035, 6.918776488785464, 6.001812189374187, 7.299852194442227, 5.68795454298058, 5.928129648340392, 4.99148539834912, 9.577390002218282, 10.146936310799823, 10.875032434570452, 8.317815249488445, 9.855240316499973, 7.047747775351708, 6.332757599638613, 6.586248461907011, 6.783106335771903, 7.483385709893548, 8.556166077121974, 6.40377388077806, 5.977882218026621, 4.286760015561097, 6.544825928982531, 7.076336083231916, 5.724211565729342, 7.2614496874619805, 9.413665398441296, 8.910914687121721, 8.219486835289096, 9.490106711181477, 9.588374900635523, 12.052088078826856, 8.036224093972018, 9.85475139369766, 9.777887143408233, 6.522667431628158, 6.543054055984597, 6.793763691803144, 7.163011299644373, 7.933827090011246, 8.683524512002473, 6.4577083706189455, 6.455734384567903, 6.269449892983008, 6.602706511413117, 7.359285646237564, 8.449186893855227, 7.640267153604962, 7.930553774261873, 8.803832991426138, 9.298822811492352, 10.39123003626237, 6.831464187891036, 6.655003932174441, 9.295587487364331, 9.135569268276472, 9.281530193833705, 6.516828602221542, 6.61936861936422, 7.019417542404539, 7.603731705683766, 8.339210712017552, 7.461514654240615, 5.537467410948083, 6.140300811668262, 6.764966665563969, 5.933793978494578, 7.964818529392113, 7.790761610933121, 7.501805092317766, 7.087496566083886, 9.834223292304571, 9.76785176911749, 6.71430605360419, 5.672751861094319, 6.7202888524160835, 7.657844509118129, 8.54149776193205, 7.897743872892102, 6.72056923148361, 7.071054751401453, 7.240394374818014, 7.418953382729221, 7.7919181628970735, 8.532873600122084, 7.512385339622792, 5.6439128899348345, 7.484050327739156, 7.062105937593862, 6.143773815065411, 7.727139828889759, 7.681098309988322, 8.007708252105562, 8.463523940903608, 5.146942132636428, 5.32212210694805, 5.451566481757309, 6.6573757357820735, 7.233950042514842, 7.2596193800439215, 5.115224222631159, 7.208065211449531, 6.886677310801013, 6.5406669270040565, 6.595145022743055, 7.468296634574386, 8.06917923871626, 6.589616953140508, 5.781818390578764, 5.803402265570746, 5.459712217505665, 5.160232872697746, 6.486653665247312, 7.016015185203496, 4.5526662549848265, 4.202207197772387, 7.0645517364558374, 6.907271439045131, 5.3506591181969005, 6.085619487465763, 6.09099027442917, 6.141593315027993, 4.3023234346712265, 6.423985510549333, 6.437118181218757, 6.221368757658983, 6.4269368465474725, 6.653939287202185, 4.608826259233714, 4.350383817912355, 4.984899369905397, 4.274487683963941, 4.449480153196002, 5.420053583103548, 4.3428716897758886, 4.116801230481687, 4.901377009655922, 4.270380979430936, 5.389803277155077, 6.660533314501587, 6.177549553641585, 4.224545767759715, 5.243535891668345, 4.616673134641861, 3.8875415174621812, 6.460252220791938, 6.0434675343664335, 5.142295426269917, 5.149162884600906, 4.828368489411472, 4.096876676312436, 4.074962410908723, 4.1967756802286065, 3.77444810336522, 4.421892338537713, 4.144559278310724, 4.314265364198997, 3.8873106513231694, 4.51769486133835, 4.28695013523518, 5.116503062760974, 4.86542711955572, 5.948269267813487, 3.558266801693849, 4.317064026628982, 4.67524589104319, 4.179562359152472, 6.345756176216761, 4.483523111406583, 3.4248642279271313, 3.3782930538136, 3.4941665758223355, 4.041156768952662, 3.359762358548154, 3.6866748758666827, 4.032460876915004, 4.040101029731147, 3.8590208855002825, 3.494994742759013, 3.8271417871787565, 4.673773050408843, 5.386224439829408, 5.268472183583787, 4.6394203754354635, 4.219959411289638, 5.2287582623546, 3.7733532750942347, 3.8802443829783773, 3.5777101785735463, 3.6238738821790286, 3.388640752478818, 3.397901034127119, 3.090943025936865, 3.138713249876843, 3.7097763590919817, 3.686381108324298, 3.632979729666678, 3.3339532735187714, 3.5394370491324514, 3.226625585967826, 3.118107821072851, 4.332729636154075, 3.716848761421734, 4.198310661086491, 3.9642551095414547, 5.384450847514412, 4.6172454281351, 4.5257683137988876, 3.6274079671322, 3.418997760739162, 4.6837847620803394]}, {"header": {"parameterCategory": 2, "parameterNumber": 3, "lo1": 6.000198445256149, "la1": 58.999992894266676, "dx": 0.5, "dy": 0.25, "nx": 22, "ny": 24, "refTime": "2024-04-11T14:00:00.000Z"}, "data": [0.4176341919128888, 0.6301995455121068, -1.0841496891424744, -0.5709411962594121, -0.5869964143524352, 0.09624938736847724, 0.36449778355776036, 0.9630343309224205, 5.052144113467491, 9.620237879753477, 9.790761026941817, 3.5748993915925165, 3.0106220285390113, 2.432167261423814, 5.844701929642151, 7.449592727019098, 6.570544574731762, 2.8911668196599094, 2.9197514042104995, 3.320935587614898, 3.800697868690224, 3.8270583627582426, -0.7240437953664007, -2.6712682223667055, -1.5585576890339476, -1.330589162746838, -0.5066934194160618, 0.8758742105622318, 1.2650403759362099, 7.584967189716115, 10.000693809468222, 8.891847436195691, 8.864507101158601, 3.471503699282275, 3.5095538700897864, 4.229141787227045, 6.978782950966879, 6.645081047949005, 3.433514938299543, 3.930097084902768, 4.324175184057671, 3.9833590334984756, 3.717217527654183, 3.808116804565509, -1.0488422571930314, -2.274881503131562, -1.0909674660596478, -0.30524872882698406, -0.1253556241791596, 0.3173596583121153, 3.2422314782993356, 9.194883162660265, 8.887064282900544, 8.89504530836025, 7.722503376353883, 3.5514751107175, 3.2390866752556957, 5.42476449597103, 4.618678016310945, 4.937975985352664, 3.4998147168690936, 4.0412017545645025, 7.572169471086936, 5.703339572505368, 5.300675214507438, 3.9849911765599186, -1.0506385200462247, -1.8952479811460587, -1.5042080197234537, -0.920624687684393, -0.4489792460557545, 2.1014631393075045, 7.544684446689533, 7.7952315964969605, 7.820016263456873, 7.660479253268668, 7.208546552458344, 5.392723398347398, 3.519335507530922, 3.500078484536451, 5.6347217450663445, 4.270628352790728, 3.418296740734585, 8.943337548162816, 4.489688572702294, 4.656858688182385, 3.9734192350402044, 3.0500349559010984, -0.3464391775147819, -0.31072730433239915, -2.539492353405775, -0.11916282470774271, 3.736008192876313, 4.292693065231163, 5.218519848956396, 5.787837369150361, 6.690572894174267, 6.773136160466784, 6.445762346030776, 6.352559685542988, 3.1563230811066365, 3.9260651553559174, 3.6151451669818386, 3.8358030922196837, 2.5575736864204557, 4.51049259442585, 4.492232655707437, 3.1805618615566478, 3.1488625477346237, 3.34024287025753, -0.3954631884345479, -0.12234930868443156, 0.46700425872554635, 1.3435311232417135, 1.9970791699847068, 2.974475947335417, 4.157919237278243, 5.174627492508224, 6.45760695251966, 5.687712640876908, 4.926936943276054, 7.262244398928385, 4.662871330283349, 2.9643794539237844, 3.478404915131458, 3.2911998732654615, 3.5318220161294285, 3.207086515301288, 3.246147711522763, 3.0916885283624915, 2.861962976009376, 3.0758504621979417, 0.7693564018824426, 0.7152946442977004, 0.47333741567501064, 1.6729348971709765, 2.94529152940585, 3.8884381854441536, 4.433559362476531, 5.028967568018312, 3.3240212966930467, 2.6727219219472103, 4.355557083760884, 5.480953739718425, 3.7696755061565463, 3.0431978390921333, 2.7076305866790062, 2.7058603159074246, 2.294552131853749, 2.5212636932053565, 3.0262717223193714, 2.513038954389947, 2.8792188693941356, 2.8640421979806012, 1.0271267490861702, 0.7336092266524266, 1.2692872119955294, 1.7961149381876833, 2.6090682010521875, 3.583443320860032, 4.634202129720743, 3.8243437149260773, 1.8252061902065135, 2.558663039466884, 2.828483609224543, 5.773942095451067, 5.703877031369822, 2.8607559114209833, 2.556524573704648, 2.283888308168333, 2.409551039850535, 2.3542586613840095, 2.7414047359700544, 2.6191536027744537, 2.5635081561282727, 3.704756160076518, 0.9115012478309852, 1.315342244253676, 1.8506682258448939, 2.373003425569163, 2.981834607097218, 1.7423310789265352, 1.8746627209839453, 2.4257425293490686, 1.8749840927287353, 3.376723308474769, 5.252638432594594, 5.057404028072437, 5.5595110179595695, 3.389046127111495, 2.2647057627854257, 2.049660586316494, 2.6047773144591924, 1.886758199532109, 2.413303768760513, 2.6499756289206133, 2.854654537989099, 3.6099776024835775, 1.617311304474944, 1.780961708128203, 2.415679368127793, 2.8842323860266768, 3.1619459168476842, 1.273162624211452, 1.1473121339991055, 1.5562866504917745, 1.6069624382120555, 2.75617628585383, 4.778961305207187, 4.870704358624704, 6.327457410145517, 6.740194247956951, 2.731704324987331, 2.126885558096522, 1.9397371334183333, 2.049685444182913, 2.2819254458562015, 2.253390698571091, 2.3776211195517685, 5.0174850232225054, 2.4314506720196944, 2.52909597980443, 3.2033035771696117, 3.1524060986882714, 3.0517577289024276, 0.8398648799840174, 0.9125991225943964, 1.2286239232401108, 1.5635188693982838, 2.7890209764559644, 2.254307519477678, 6.381866053072107, 6.373687594526631, 6.323957674917719, 3.9517296317431914, 1.5363213807746412, 1.4832315217096055, 2.3015989783759174, 2.576784428149511, 2.4278387604122464, 2.227639114622916, 5.6671871273587024, 2.3701356053512583, 3.0271911335664883, 3.3138275524063836, 3.1282287785376317, 2.981716372183467, 0.40996108737726417, 0.9281390693242103, 1.8108061642184634, 1.3738935717248, 2.5195104303497313, 5.467561909430027, 6.2231202939730235, 6.055686743797415, 4.941737356375794, 1.9720222425566065, 1.5649190255143168, 1.9229005271310997, 2.0529548937721693, 1.8663940331321973, 2.984579739204815, 3.742410854135046, 7.876239178563258, 3.1947411419682576, 3.552701127084613, 3.558538551259411, 3.3133670526199985, 3.2583018031755255, 1.21201260191872, 1.4759462030149024, 1.5733679612958669, 2.148782752049279, 4.046982539289432, 6.030890874576854, 5.788626533778681, 2.895865484217655, 2.0815686703598075, 2.803480550767115, 2.242317913208364, 2.413184404314052, 3.6063458812645437, 7.852505571688953, 8.671782175857627, 8.35229097138986, 8.244342110009692, 2.7260196374933527, 2.390686015111909, 1.7818675630654521, 2.629041492655912, 3.3968307890692406, 1.4344306370592113, 1.668097982611444, 1.7948965998489972, 2.796408454555053, 4.991313819811088, 4.064248292002051, 3.0695455743718227, 2.83985901523615, 2.258356496325449, 2.73150749885003, 2.30038430743447, 1.9836937205439757, 5.396845936294174, 6.890345199731934, 7.518007338184926, 7.243089652258406, 7.665007084216596, 2.021991949420799, 1.9783076899735539, 2.921385489457988, 3.430697393895278, 3.5513680205314935, 1.5412483601095353, 1.62552977762994, 1.9933215776072946, 2.840911933889922, 3.1903153534868514, 4.105368517680382, 3.186151266941239, 2.545088729601674, 4.02862921868031, 2.854105005941735, 2.012263527201817, 3.579791747334095, 7.173115230614581, 7.529069363158857, 6.626815440188716, 6.4888221722824815, 7.317518933235774, 2.043023896105475, 3.204709582767416, 3.8360071387615102, 4.328664859338672, 4.383645783712943, 3.7482608612587813, 1.6894060818989436, 1.5075154792381906, 1.9525992043790508, 2.4971535800274, 3.585308391323705, 3.163732909008984, 3.16306816854581, 3.928992021802671, 3.8818109720652947, 5.895891898551997, 6.753134640608729, 6.372146460976091, 6.799941581608795, 5.280742173712362, 6.779115257456582, 6.7808068718733905, 4.237693396093298, 4.872612836889026, 5.295521792428641, 5.073630715834704, 4.535574319880305, 3.6339298807557916, 1.732803650966914, 1.874445372565864, 2.570733679586963, 3.384154394206786, 4.477472859236642, 4.7921678157493215, 2.8547209154095725, 3.056464746440733, 6.415016281584426, 6.482677079597845, 6.050920674734832, 5.9687211074693085, 5.659266828232769, 6.826578948424469, 6.254932382366801, 5.76012474637868, 4.507427481377129, 5.289089816962557, 5.234314917129948, 5.050681438203404, 4.737824310719778, 3.3841969697399157, 1.7622925101174307, 2.4398861349007865, 2.519289355830844, 4.588337995681932, 4.428361456063008, 2.6282998225448675, 2.336037206096307, 5.511993237757342, 5.856551806830718, 5.335701220147481, 4.136762669363548, 6.64355951964258, 5.669000560509656, 5.532564833581176, 5.565896900370876, 5.441697991226028, 4.758695499810817, 4.947365800403539, 4.5496108889580675, 4.492431509711668, 4.197979893059861, 4.432445664732863, 3.0014826659032967, 2.094112872170387, 3.259150390139097, 3.139501900751888, 3.199909142526563, 3.5682585264063924, 6.48671400417336, 5.96479955348083, 4.425384950881819, 3.114880492431895, 4.388419205877051, 4.712511955558735, 5.088069847525625, 4.250172241163421, 3.4377230422501333, 3.3938053070072463, 4.400546580590351, 4.539983399884744, 4.67889946606544, 4.848600779529218, 4.75814326827105, 4.788229345060759, 3.292566692275483, 2.597662786082856, 2.444045783822751, 2.345857596887865, 2.2029134802647126, 5.6334171301572775, 4.213375543154303, 2.688168858247033, 2.8922189746888662, 3.9218540029163496, 3.903202751048334, 4.994423048473864, 3.997948049129386, 2.62930523219598, 3.1449985074425943, 3.2524767091979507, 4.196108255746292, 4.642539716023729, 5.149489993481051, 4.973440995106432, 4.408116190474145, 3.772887422218415, 3.2680950021021866, 2.0617997598270765, 2.204024259442284, 2.41817578817217, 3.6512905557836532, 2.9799049248444014, 2.889380809412502, 2.9907145386027816, 2.4631902158797856, 2.820372558457757, 3.7679813684744365, 4.217495833380444, 2.8890784461134857, 2.8193630407747476, 3.2379009907466707, 2.4060810368234944, 4.558837417815874, 5.0235903933733725, 4.349349857260437, 3.357294672869561, 3.1435578469824472, 4.277091179470057, 2.322113288940288, 2.6645467269516776, 2.5492384483983885, 2.851291556596658, 2.743041314996863, 2.8666646788837387, 2.7256543917798033, 2.7123478244515673, 2.5968992890256235, 2.7449321512568985, 2.7557989291140434, 4.142923892203093, 2.0179108403131436, 2.755722434078959, 3.113525554501731, 1.9847917664057895, 4.170116576909684, 3.9536537775547345, 3.704554462728463, 2.2678973800717226, 2.810903124159513, 2.4032805271285773, 1.8575527805472354, 2.266635242930064, 2.4212342653095926, 2.079592506998959, 2.0909254918127367, 2.011418224486701, 2.7959315693593028, 2.622967312507505, 2.840471037074714, 2.7375999393589874, 2.716655129794996, 2.352408464987859, 2.563462303527771, 2.5511366326047265, 2.3519642153226465, 2.0047099361373397, 2.1708507128080763, 2.3666888933292247, 2.205132051106279, 2.667921714382404, 2.219721893936643, 2.3033036107871845, 1.982346585699617, 2.280008389681239, 1.2735012380831172, 1.8937468131083122, 1.9771513255430289, 2.0981079076404034, 2.1737428491531774, 1.8363090658124799, 2.3530740642508596, 2.485759134097263, 3.2226354559747286, 2.3894503526645336, 1.6459599626911041, 2.051560373288117, 1.777384056378512, 2.646800945866812]}]