script/wind10m.json
{"header": {"parameterCategory": 2, "parameterNumber": 2, "lo1": 6.000198445256149, "la1": 58.999992894266676, "dx": 0.5, "dy": 0.25, "nx": 22, "ny": 24, "refTime": "2024-01-26T22:00:00.000Z"}, "data":
[rows 0 to 23 of 24, columns 0 to 21 of 22]
0.5266929448061629,8.635271526117515,7.254240508414346,5.173619746423247,3.6542352631925348,1.9687802004999635,0.8934517845425781,3.4329975772492887,4.355649029003729,7.490553292005454,5.099657383816547,1.529818862632119,2.8936833825607287,4.796120162097658,6.2620267660181845,5.850867313681688,3.2864848090194463,2.7429052409044488,2.7112454355772804,1.3342575959414633,0.7967361418216031,-0.22407722448581044
2.1144909290490377,9.220207844440068,5.410849960635735,3.4311725433491937,3.3979797958567235,0.03556194846931839,1.7326693411548921,6.935970017509388,9.390040176171917,9.369773692661033,9.326202166675682,2.603457183514164,3.643520851595744,5.281390158269131,6.495622339615095,5.20957876690449,3.8946136160729736,4.570670061347683,2.445058816478308,0.9917323746022266,0.7841642214787703,0.624608099147135
2.48353157957045,5.103884540772132,4.160700252074252,3.786646895872733,1.9059012341937074,2.4170640276806883,5.29111612747242,8.66729099090004,10.232241344793549,11.069729209800338,10.89739004137706,3.0656113931033966,4.16976965835648,6.296967205642712,4.50234865983908,4.438383224770082,4.852563561464868,5.556049755044902,4.798488725612996,1.9447624944175523,0.6305163990394969,0.8355573769808499
9.808452953801314,6.581209439565096,5.3059715115197585,5.228136554710297,3.170452470154803,2.9103719775202523,9.45646217622354,9.876328776615503,10.570128389318254,12.021415104455132,12.463201462729153,3.9437640340343783,4.0008767852126494,4.63536373636895,5.881705036343239,5.10147502153585,4.186953490408222,7.0718479765472155,4.629742015074779,3.2898404840466324,0.993885579815394,0.8155658761223339
9.718821706087947,9.913207615997132,9.208356104094543,7.86892824528915,6.595929969203248,7.484924438392504,9.779833585197702,11.650547939233652,12.135514996656536,12.603358940663622,13.064800446157447,11.783368101063912,4.3834600859434465,4.6027585343510795,4.303663490702318,4.699383991486181,4.215037873197771,4.951425554662649,4.503296941468399,3.596293484397559,2.042543235234357,1.00210681854474
10.59205088688207,10.123527559089675,11.142786121926374,13.484758834517228,9.416547928190521,8.432315238143929,10.822074899983635,12.351772917040716,12.713229883850577,13.353553688521115,13.796975022103902,13.301165010339977,5.770925194681651,4.924338812061539,4.711836229156752,4.10719630148407,4.785254436496693,4.731363094391911,4.277035048401062,3.3487660605972316,1.50275836242813,1.201768963047779
11.282520877834223,10.793060340727457,10.711658912754473,12.29204625791618,12.024168650855277,9.648845757591687,11.727040268912374,12.590065974075356,8.819664853798857,10.910453512948042,14.243587333758123,14.533471814918927,6.647132091377795,5.593386855894904,5.235266299745403,4.156795857195104,4.721782917828117,4.442836653235348,4.555637566107626,3.644365615909016,1.8934817520503229,0.6953714048635911
11.202625658722264,11.297862695937582,10.734540946267378,11.953177465714706,11.99147773059817,11.432023119563343,11.819176062404383,12.979191723587112,8.100593970105995,9.009214695981939,9.988014249957423,15.172280278012918,14.640377943186339,5.794315872506227,5.3715638789683515,4.898811567337211,4.855712875750122,4.257935537667875,4.144415733384112,4.44064029475602,3.24753320837028,1.1297568958478823
11.250310173524694,11.54939939326271,10.80906522709122,11.296738040822522,11.538698331460193,6.306768876244823,10.148719972101386,9.952369774612691,8.198081097135281,12.527128654533925,14.372579845253007,14.908000512782401,15.41761308193517,7.679140204333617,6.03903178704538,5.812713765865383,5.959594839321084,5.070490849915683,5.190357347114108,4.590276133920112,4.103761985960407,1.531313807035329
11.562541610803363,11.644739975296568,11.221184570404205,11.262251311184686,11.293743219907979,7.441899690572187,8.232209784196602,8.154451617440191,8.972874326209247,13.109143969918433,13.922651525610492,15.688403494605552,16.26661548939847,15.533291015944002,6.832018444322692,6.704499847118193,6.113891081092877,5.804522002989003,5.728502139901981,5.431326155112577,4.756319753265702,3.0425585463084355
11.625186222945402,11.633413744861686,11.031023448420996,11.043598789451716,10.30271732744129,7.000307948632972,6.6671321839794375,9.186418187840262,10.217057303511227,11.601822512723736,14.840078675342006,15.818091681789701,16.494027031837838,16.456513191414338,11.27201537288107,7.145077647447139,6.404855242100974,5.873764221339677,6.450150173017785,5.563968561742152,4.666132326514944,4.340162622782338
11.535410654029514,11.497863225168336,10.829058508676827,10.48066455156636,9.513773407398881,5.240788664571092,7.412625404709978,8.627270059266676,8.437362699631569,11.52976498864597,14.412811517641314,15.325142767079477,16.942846582177705,16.263858187253895,10.006178913770889,8.299197033542955,7.695750206926698,7.095689541191149,6.099947118887555,6.37644306242613,5.871298640930436,6.621378820522046
11.2535659943574,11.099619763128441,10.557831792449093,10.443270911914226,9.576505654450843,5.4010384522884385,6.288980298220685,7.4635152046594175,9.242999275396796,13.202328101609455,14.334445230038293,15.489496368543556,12.170559618426385,10.951570712575338,10.912130792771249,7.521062158684832,8.13409618836844,13.017548241763562,14.559654581134035,12.844830355438393,11.328805976619007,12.280819081598732
11.504262492725184,11.187962706547454,11.09262558402259,10.777064829280688,9.581762237972457,5.729218691709108,5.92956036154693,8.174733727388395,9.210802739058174,12.7036369026042,13.187041915329214,11.889061923252877,12.745438279313442,10.047920267960372,11.537430509498595,12.177521936214198,8.708189685527415,15.37003403271595,15.41917192681437,14.423275939156335,14.44796896579374,14.562337209918274
11.624861594325155,11.460980352173726,11.715919894150243,11.295978187316852,9.813159623178645,5.174745233143834,7.204347198845342,8.517641418840705,9.112256114228297,10.347961316031308,12.51682655812398,11.042866139551599,10.737545910381034,15.85584818636251,12.492851279383837,11.076918697372209,12.249330653208563,16.03525425981887,14.6838861424417,14.931613433594858,14.903837149632157,14.610714073533417
11.819522951353266,11.110394231069721,11.555146181259236,11.784946293304799,10.45151639775122,8.937963127403624,6.588575215679892,8.023269648625025,9.072646115138543,9.345934935671607,12.912264003199844,9.549295763763565,9.830854451990584,15.36260470111662,16.708413502896835,16.92610785921566,16.87428492422983,15.847853926278841,15.768713599848304,15.75333385784948,16.21630635368303,15.660677367774682
11.781901819162279,11.63413129908278,11.451306484364576,11.692151010705826,11.068735150782848,10.380237300805966,6.376061232763151,7.55168301396338,11.203955430685314,10.087449642225506,13.44979448962593,13.802606006938955,11.015422031951786,13.606589816513747,15.799372200284976,16.87375164111012,18.08508856657333,17.636572707788073,14.717677817743818,15.127518407476346,15.543278593439316,15.87447232020331
11.913668183525658,11.656764822513196,12.180851647083927,12.016571292925391,11.317341268289038,9.902578500687317,6.1619962651714095,7.7442427116134995,10.168672581466502,12.163403870670956,11.172524502691804,9.870723512018568,11.486580725794488,16.058888170936676,16.85296122253169,17.823908861836134,18.158884699604855,18.293623774113037,18.448253953091278,17.572831308972496,16.973558640082828,16.155705269641114
11.849277106025772,11.996051187421806,11.97274377586841,12.130188829629976,11.68762183619655,10.80727069897686,8.622086000284897,6.2380044251272455,10.393940893808212,12.092475129622633,12.431208600119756,14.07376867223031,12.86517503948718,15.421278568987873,16.64934309556094,14.446586669436968,17.59836209669147,18.041118248207365,18.2030018866664,18.478836357580636,17.940072925538498,13.92720858810572
11.680067925906213,12.325633095554695,12.389531340711471,11.883444294244232,11.560668199877188,10.623842927901334,7.82548835963985,7.573188046860999,7.73908868435712,8.45677704371785,10.295844210722132,14.031534308949404,15.30965360431825,11.855771966512657,10.201488928714198,16.53645748747046,17.937656904111336,17.393740122124925,17.119399230435636,17.37390776863924,15.621788982216833,9.619690987112214
11.069097308286823,11.7527408519098,11.883958863107408,11.588213351382295,11.555863317753888,11.175299404498354,8.587652573324062,7.616305844645955,7.230890618614622,8.44491367000276,12.219491380042756,10.463756123963599,10.588317492984133,11.728055764462406,10.533099832250384,12.161267411883125,15.052983575278024,17.615451405738778,10.662600467107017,11.667900624920778,11.457538655258483,8.537783818404831
11.07068868684385,10.936769652387465,11.233728353333547,9.644646357314784,10.136849977576933,9.724170102302566,6.929024811790465,8.923103856758242,7.126733157049951,8.805343880913584,8.991942479477812,9.909025200811708,8.952945066248216,9.907191700855398,9.500307031083302,10.9599964033334,11.085945051301584,16.527488266682223,7.711166860489646,9.184441813863453,10.772033626247168,7.998206731274187
9.548751003537795,8.998868201300889,9.058055296496805,4.52149740422149,4.594852757139561,5.3096982091602385,5.793049081891236,7.598204849481919,8.425779237061974,7.717393894827574,8.455373824083804,8.570183167002552,9.170533821802302,8.361446161069475,9.843144016483727,10.981026828796262,10.076684482010064,8.198807374336285,10.38473348608802,8.524605396243592,8.511106970225178,6.776765619028709
4.093844960680981,3.438196996567477,4.000054340516134,4.228324747296321,3.6456158137144565,4.863339999759808,6.150414711354659,7.546168543398261,5.972549080670785,6.959456092276478,6.63330083984323,7.692143029736498,8.489309215721722,6.313842274355026,8.01578806298382,8.081254338979473,9.9559555313256,9.491605803294306,10.732470269721748,8.639687820311554,6.772192128295183,9.686569552081624
