script/wind50m.json
{"header": {"parameterCategory": 2, "parameterNumber": 3, "lo1": 6.000198445256149, "la1": 58.999992894266676, "dx": 0.5, "dy": 0.25, "nx": 22, "ny": 24, "refTime": "2024-04-25T01:00:00.000Z"}, "data":
[rows 0 to 23 of 24, columns 0 to 21 of 22]
0.5643986753896019,1.3904876879689103,-0.08310177538339857,-1.4279009431611285,-0.03667932536587017,3.0078734841471597,2.1420264339834487,-3.2349221113774127,-5.940031613001347,0.4414622721372635,-0.5804930754413647,1.732609128765446,2.294750435461808,3.8651293656575603,-1.1444136699665104,3.1424878338855526,3.2103734831488913,3.3010259054618123,-2.6630044944115037,-0.6632339131446547,2.0237378978311478,-1.7140772132481683
0.11596957555065131,2.5371206669548134,3.7760572659821374,-2.2217057806594633,-2.542843494360651,-2.2611718757456196,-1.0999501190657408,-2.1899404926602326,1.8453946284678413,0.3659463098861831,-0.8998530489179626,4.323842657006625,-2.645440845944837,4.806429650379026,-1.1943323680423563,3.765374446616071,-1.2406635419404577,-3.4710899507026256,2.9723487181470363,1.0852413199290911,1.432366169336292,3.047371588472562
0.8863325410804557,3.4664343526197436,3.3315034794447804,-2.903911290557459,-5.305144705102975,-3.0029313003931644,-7.276036908514459,-2.558057438358071,-5.418008107809911,-3.5508238170676045,1.4196224093169252,-1.5340723042999416,-0.9158084392309723,4.94143883261461,-3.188369157678391,2.068700700396832,2.532266230932634,2.0074729633831447,2.6473590483789295,2.663337254786683,2.5490316404787583,0.9155063561662131
1.3194065374298247,2.967923580631078,3.3243493367299197,-3.4734299817041534,-0.4569683919037243,0.3177732138709811,3.998525004586899,0.7772186612597646,0.17507160669255578,-0.6318639021119153,-1.6110269136146889,-1.5023031757529433,4.288664562512812,4.188520239117495,2.1699474397061915,3.0825223154076196,0.45601601536731934,1.770333854096715,3.314028093861499,-0.6568611187032168,-1.7609815533391568,0.5730526501939843
0.6746777209753158,0.23385090214689216,4.075026018027203,-0.8507411368991846,1.7390002037184287,2.073870562387243,-0.5276156589391393,-4.41156082821284,-2.6489313850135763,2.178863035933569,1.384740002801028,2.9693956640177364,1.9972238445476123,-3.5207522252137062,4.079717133905883,3.140139664192724,-4.545852960019454,2.6799440327194737,3.5070072914038533,1.9240660540781525,1.4515519842754816,2.6199969660330527
1.90324496853259,1.6262440277406407,3.622995636919204,0.9284787672656833,1.506951860527621,2.5895434656339407,-6.738302101152363,-3.2223815259426702,-0.6313636745447627,0.6847673750990776,-1.5542195715668725,1.0262472472244535,0.39878506709113026,-1.5312280938142608,5.372109032147111,3.4413502974191315,-1.1652907209324135,3.646085214983674,-1.3688321016996343,3.55995156914745,3.000997792754352,0.028557827506509145
1.0809738832697502,3.0136354725615315,2.474565739138011,2.8327951463551924,-0.2833983293297519,-2.703783080083238,1.250973748745786,-0.7041198406411,-2.0767419830556113,-2.3534372573880593,-2.898525344665378,-5.567417536554086,-4.969603657494079,4.934517528477012,4.936617056310154,3.871080992416473,-0.062251614025348255,-0.7696181862595903,1.7173346046802078,3.6577058807596283,0.8069307511005075,-1.5696814243345656
2.10060048259622,2.925544768526803,1.5420200511278328,1.9212365672477962,-3.1554122295907185,1.1791253687999363,0.10287245823621609,-4.661090816914043,-0.46674231696868124,2.722106157201941,1.4599899267234184,1.9599174236964532,0.11242271307132931,4.442334735924915,5.448423414302219,-0.3920002924887317,2.2761610765773703,-3.048459158575948,3.1988858060274223,0.7665786269454745,2.429144629896862,2.576818987623846
2.0454208183356797,0.8065617802908369,-0.4327550288330909,0.42849171991333135,-1.6023437902316766,2.3389669609662778,-7.203862644458581,0.6472371678844608,-1.511718611353968,-3.695316612342684,-0.7542334060367117,3.0574904279342228,3.7652913948369884,3.989521776209388,5.503316888181899,2.8795134434612044,1.0982589368015225,-3.209281938120182,1.7606770379566068,1.514698736239691,-0.40592808225194865,0.29030568395206985
0.9572222233011822,-1.6545646569088965,0.9090505746113875,0.8178108179313074,-0.20025126861542406,-2.418206218294425,2.2916570526988216,-1.1309501047305572,-2.38973920463308,0.9613309457131001,-0.8805816500846957,-1.6019682444509213,2.271753045917021,4.576248005762267,3.14377331969782,2.8588736600286477,2.6072850793256768,1.8037382558563257,-2.4801147507243773,2.625285958488408,1.0350317481518603,2.821957260666039
0.2150581656269901,1.6752610288296519,-0.6103626084338202,-0.11568095426302323,1.3240610972724727,-1.886049232488584,-1.0821606924450278,-1.5643134778380956,-1.812705649775898,-0.5650908719769384,1.4625635266769734,-4.596040255020847,-1.908364231103646,4.245942492399239,2.9958468463771872,3.613760068319414,1.13846539462628,3.501970187715342,3.4326488533949573,-2.0813192203213378,4.598492232053914,3.563755258340481
2.276152761356848,1.689117189116948,-0.9924409902784878,-1.1909556415360765,-0.20526285902074734,1.9820431632279012,-7.0479035810694315,1.2444046591834577,-2.081983688174169,0.35828933306344496,-1.7457183519075505,3.184689581957091,-4.933656006703758,-3.7385988066066744,1.6085317284203011,3.2505357522597076,5.265100603127731,2.4699863983369488,2.6165455296466122,2.6690350344668468,-0.8480682445231972,0.08979977977664472
1.4473303217641627,-0.7779945798594317,-0.9665206337578081,-3.7625510771475086,-3.462440542896163,2.5911431934128735,2.452125930301171,-6.240535699500023,0.15360390490148226,-1.4938653922339207,-0.09721454907667826,-1.7627088711841283,3.9926102584847682,-3.1877606928324904,0.9763354988119753,4.178887519273939,2.140717511742424,0.3469222403441933,2.7904618295367025,3.5460710420770587,3.772653167956841,3.8431571104987183
-0.05777947703195227,0.6705545068625419,-1.2772289265778483,-3.1540253161086507,-5.3123337163489355,-2.723850694652227,-0.5644578110576722,0.18307147814812652,-1.610805989068845,1.9946743121446913,1.4914068202820123,-4.473166508012198,3.3803467585620837,2.357548466349662,0.9401376637727543,3.2458745017288693,3.6475195446974658,1.3918056312649487,-2.9589302272668965,-0.48224688433116,1.0938678235709491,0.4973664480704283
0.26801103833147116,1.636631683521836,-1.3864154750101776,1.3216964316251532,-0.376111894335393,-0.47803527785924943,-7.312976431100286,-3.983281940384529,-2.218239639740983,0.9247044798434488,-1.7734488530321435,1.0967612646777318,-1.9425661146696125,4.442087501804593,0.2199700502458367,3.751035061260262,-2.692693715672126,-1.6100472633138074,2.558572936208028,1.568931736737467,3.403986356466613,3.562902917438523
1.4350875168400647,2.9574310113003897,-1.3631372760808558,1.371544501326374,1.595141981147178,0.6792881873719383,3.280079514272066,0.6815678044365807,-0.9536481979882852,-5.6668709127852495,1.5893696541817772,4.764249050515163,-3.520056216791867,4.5870254447336904,-1.0348257505563458,3.1033736472606224,2.0699519872843473,2.547733635050364,-0.2246938844042532,2.229469766460032,5.191752130040601,2.8304118761987875
0.7349980297386469,0.5338314520218919,-1.5297019582385547,2.2751968668895715,0.08916413559294536,2.2387953077852236,-1.9068234158138173,-1.0581573605122454,-0.36969070547348587,0.10213440995115192,-2.32957756088813,-1.3701419566945157,4.9125990736325384,5.466187854773435,-2.9045097369141626,5.065090030146551,-2.0432354103344355,1.0729997806541967,3.813597730210613,-1.9164947335639062,1.2088090021840237,3.4222768911109123
-0.32399151615798866,0.9519201620933401,-1.2487208736779083,-0.0054542730252391475,-2.897394849037385,-2.1286450529721974,-4.518643627241824,-0.9596165742471129,-0.4191250267922788,-1.8892357445440526,-5.646225960240472,-4.490950434515597,3.621706176982447,4.660694961787111,-3.4726716564524778,4.556311644971295,-3.0765701103583543,4.278394773692777,3.2992064934947933,0.7392496549809429,4.26044244373765,1.5492682580342267
1.1381066242974054,1.481443970903555,1.3350883534451472,-0.5828781613359468,-1.747871110552981,2.449091564698459,3.9643912350739297,-2.332386675466625,-0.5258449710423267,2.2568467415253357,1.9627393768216064,2.4635801548219423,4.108876494638112,-2.5004389728507848,-2.839145472936601,3.1373862303340703,1.4355453623878272,3.5569050238688207,2.5575653858641427,3.2005166438794874,3.134265589698019,-0.2484790517119412
0.8033415115567384,1.3574075442679696,2.3942996757280857,-3.06230304193642,0.04704510997846755,3.3990359474252205,-1.072880522637114,-3.8081030457147826,-0.06087516813258971,0.37796994779293386,2.0350816222102135,-1.0749119958936326,2.4887714430845773,-2.6739478680725495,-1.4292422199114443,6.763373306562978,0.267822683191232,-3.86391154747814,3.4179632573050953,-0.7713717214028953,2.4493824185814104,4.009648094653881
-0.04131362143535507,0.4207803476666848,3.2027548998827178,-2.4205551655386883,0.9877471856725089,1.2771853542938654,-7.39383681317161,0.5859328857084557,0.6467710561906164,-5.497707791996881,-5.995639185168086,-5.557661339849883,-4.2258470594968855,-3.96015815888795,4.030017468229278,4.228655294588003,3.55153050474084,1.0178592913263595,2.53991379931417,1.8767774784993319,4.9497445032707645,0.42783433267018584
1.1368858736574472,-0.8020740484366415,2.454922586137524,-2.235586140092163,-1.3048575820928305,-0.20348291797243373,2.8226733520807312,-1.6130429244554112,-2.448700064677197,-0.050542504414107285,-0.04648590073070908,2.313483806357341,3.400565642240271,3.0020556634302364,4.993059069755832,3.0865921509577627,5.111942928341118,1.7482667213310175,4.2559243950964225,3.493763676604679,-1.8576509133983266,3.885573100582687
-0.26994848073773553,-0.6091660466655708,2.0269599794411524,1.8678060147070543,-3.019246513342753,0.5972667607301891,-1.139809230048503,-0.09436483625697754,-0.8214235079041962,-5.370406215297002,0.620351557952047,1.8674553069947533,3.7497458922612297,4.373979428562994,5.409236698454321,-1.283508567125718,4.181944367286368,4.649989172644024,2.723690371074122,2.177704475905248,1.6855568898018503,2.7871148189068817
1.0665105510140445,0.6706022645002121,0.5785609997542482,1.6253052073399419,-0.2176510152584729,2.7365980728957684,-2.424929736990791,-1.278810138423001,-1.554733265596463,0.18821564327813406,-3.6293436549038094,1.3625714783912712,5.068205677080153,5.427552965833269,4.407267504256207,-3.8563550848983916,2.640338742341655,3.5248541573954792,2.6348584586092265,1.176507874044125,1.376059137678801,0.8264817427283886
