script/wind10m.json
{"header": {"parameterCategory": 2, "parameterNumber": 2, "lo1": 6.000027932988019, "la1": 58.9999434238085, "dx": 0.5, "dy": 0.25, "nx": 22, "ny": 24, "refTime": "2024-09-28T17:00:00.000Z"}, "data":
[rows 0 to 23 of 24, columns 0 to 21 of 22]
-0.25820542331407875,3.998557558361562,5.249692060432328,3.5878426944741717,2.7266722112877493,2.4226644517919627,2.611919367376295,2.6534779525276084,3.7115289020232543,7.784497344742281,6.92743699959638,0.6785129315975156,1.608430222776417,2.057982761305985,7.957090673439187,6.678392294175739,2.4202242398958544,1.918153964696411,2.107298736346985,2.103340290511903,2.0471387152235354,2.3757899613568823
0.46647139116160263,2.3211600234209278,1.6370734345310838,2.2063979559610587,4.269128898921334,2.299475164951028,3.155662701408175,7.302702436571739,8.128493006883303,9.126220267468272,7.921834859605029,1.2920948001659658,1.629789730457139,1.977998403507742,8.424467167724627,7.854303293749191,1.0884729858129174,2.671474948209776,2.2721836431428573,3.0122820686445406,1.7817690860903126,1.949314964172225
0.7693250931618596,0.9454110259086594,2.138904233638413,3.1200047604837713,3.391528218117932,3.584006207218082,6.4028924271916825,9.327101379808404,9.66410607902158,10.047759195043653,8.814174863818968,1.6004090052408988,1.5855923583946592,4.070168371169151,4.874075539106365,2.5332560986921506,0.898747769693084,2.611594125070817,5.167966744297001,3.325606373998653,2.9621889186022092,3.274717643214996
0.9121278400114341,0.7486343464716056,2.1725895285061467,2.721838763588585,3.4619481682265456,6.313596754545746,9.775394136926124,10.547909573124393,9.737432356928329,10.856697841194425,8.512982632156442,4.390725879233693,1.6841281493201066,1.5821115768108054,3.9445306458580607,2.939893891378147,1.84286684521283,5.64492122943946,2.941965184681112,3.962953980738019,2.2084948268858167,2.9738732412539557
4.565145757700044,5.128897714078328,4.011946126789295,4.020453164719311,8.681878429146865,9.226856787136537,10.49815262418376,10.710516308946465,10.143802107566854,10.018148031410588,8.552809047277318,6.7914168381677955,1.5730054535763576,1.7837540497127211,2.2802903557359655,2.9993324005411357,1.8169106866023896,3.1960125729186206,3.12083086680957,3.1725129186848937,2.43203923360634,3.586393925249732
10.003155450580696,4.3751922360636435,8.047665642219219,9.469937657576036,10.024502535435847,10.250732217030189,11.148765803787311,10.80482146586361,10.682614830409987,10.564120887846038,8.938203744311641,8.936675277166055,2.0679523367846633,2.0034852389259235,2.315185409140221,2.889607581209588,2.608528144817109,2.2159496043563727,2.990606070873753,3.0224394944484416,2.839704204616319,2.0718348905554578
9.889636689549894,6.5985138272044646,8.530515065629961,10.106391748550857,12.237186654909152,12.076937989551727,12.819244516918411,11.41624940154139,4.942329237251478,5.433739224004379,8.971312063021239,8.822954041226978,3.126996694751536,1.7380299806356363,2.062064164854943,3.0497252240711603,3.2465203599045593,2.342844498584784,3.190451922096859,3.4055157643220357,3.137969142032608,3.0601113160118696
11.420177885825,11.879611395518163,9.800518506474123,11.999433712572769,12.193932190531322,11.889014612622754,12.679972690403618,12.895092917567602,5.372495243840171,3.698513176391869,3.572392046899756,9.460435498558565,8.999180492238102,1.9222341078040375,1.9203463586902108,2.957580957750148,2.9448440340623705,3.1985978624688682,1.9122904168581183,2.7815516095394623,2.8633729895600792,6.602779226418613
10.781957772825844,11.0511314936429,11.909988016966416,8.697900650712612,12.312691646632839,2.817316838043099,11.417707600757431,8.399753796805781,6.516372568299042,10.048279520234768,9.987334088033203,10.343380779650445,9.385867206726715,2.2833640789709975,2.0403890475317428,2.5452376243421915,4.193611528150692,3.4998479410800307,3.3489675169035946,2.9132173839610123,4.30822982051811,5.406566072090831
9.422064570967617,11.782412381359027,11.654555907212861,12.701981214417343,13.333658254530862,11.632829184016147,6.7882807947033506,6.074342284583046,5.428835739095848,11.364048900822539,10.944435034180701,10.852428702290828,10.10892438559357,9.014034471396794,1.9446499634535714,2.706227586286787,3.3572012279994023,3.443785760588262,2.4865630306843776,3.871464896340446,3.379283123377159,6.96192198538827
11.008450793739089,10.199403276589702,11.789607614355425,11.830946260646913,11.66870518934217,5.619074341830936,4.36379830441439,4.9388929387403575,4.924501954018511,5.167429895216276,10.99332339086924,11.771307283611229,10.733338380636617,8.97136016820399,5.44444881732709,2.160917789324584,2.8420029967348004,3.576888467040035,3.7446622240859067,3.7233560945671456,1.9500949560330507,5.910630331873133
9.845599513268402,9.920085403406189,11.683811239372279,11.882523907755786,11.99294116755775,4.966214902187487,4.257284083521376,3.642170998353343,4.178019441823218,6.6680391927831035,11.423094011129534,11.292576488067064,10.600240295394201,7.599990566758953,2.440699036586987,2.4748696514354918,2.138212666783344,3.2188829505225955,3.3370365541813802,3.948810562265819,3.984612901191066,9.00597756495863
8.46751129500699,10.815137157678246,11.54896707302689,11.384121737667906,11.38321716851373,3.705755208378959,3.6217859762456395,3.065277850009827,4.456471956732247,10.474571623856786,12.572063504082315,10.723806365400698,5.4760856760482035,3.8798893494866116,4.076081655555776,2.819883417983737,3.1228180571632618,8.19138612924673,11.14636041581437,12.320928413740686,12.141662948672439,12.601230830183107
10.94271002459145,10.919459049390392,11.190715237649586,12.060896435667159,13.214119823154068,1.8634561743412352,3.9304887790723697,3.4832765762369573,5.683635811069052,10.994050732257035,12.814038484686922,5.97696313800261,3.6278652859715397,4.468536817421323,5.939164415720177,4.116900269658664,3.702345947965495,10.874850595885102,12.58146909892298,12.377485714087436,13.107231806346382,13.509427541681445
10.77007323223877,10.87280266885974,10.848638020995223,10.905078347898819,10.725681490168302,2.6552976173901794,2.564802630426702,3.6803278566128097,5.137104441493662,9.245628341820046,11.20581624301347,4.7401646439133,4.025375558746132,10.170066326193774,6.720511799408917,4.983140926658519,4.398710952415162,10.052856839849687,11.712861822583692,12.451297243036576,12.918050161099512,13.234629887348893
10.574476735891476,10.801598230711198,10.3255805114535,10.372186074747871,10.360569531761941,8.607714536248796,1.1366023259534492,2.6985958377631447,6.357488326417356,5.84072643997852,8.863535392094331,5.620804265879591,4.583370488204129,8.78276211182282,11.253733253084716,10.874131303026974,11.850107875984095,12.546907358434929,12.235120106603274,11.678617442184754,12.992517455798723,13.083271526456176
10.008688333834803,10.030544605337456,9.867855466817923,9.465174779447773,10.774769956254413,9.665930316898637,4.602021696845024,3.23450305113517,10.689432486676667,7.543791042300799,8.688943776418599,10.630975796253974,5.399008971151509,6.234353533676756,11.670566246074612,12.043175670425187,12.541414119502187,12.465224308039312,7.422623754471972,11.682864307367298,12.313095669022477,13.171719759853156
9.606471252343852,10.098340101095525,9.755011743215132,8.979596293941585,9.332522297223038,8.718170183785888,3.282108384519036,2.8726775159005715,7.67638357599495,9.078419021804866,10.073417367858712,6.911972386658835,6.726059224037522,11.120273511232568,11.779173997249472,12.18938264170929,12.657178296649306,12.797414315919694,12.25797300234959,11.259710286104534,12.299199217762482,13.772577439356645
9.106893735341362,9.727758135605258,9.618118487198819,8.786904635707943,8.930111248143238,8.757805547537021,5.643378986516088,2.5041515792934597,6.765040817084084,10.736017115401763,10.86967512296618,11.570334189281228,10.955332138239788,11.163490335858755,11.37329960144381,8.386878962987064,11.384167809685817,11.869931859520085,11.328348873879104,11.744054102375555,12.603950252448374,8.10081557007286
8.687279807710679,8.70594900122203,9.030227498656947,9.083521224531916,8.759812856328145,9.17993574401734,3.3283232494515715,3.245762666530251,2.060189278545777,5.349650093692861,3.4970969447966294,9.948225826466135,10.728649459663608,6.042443496503183,2.960621958259404,7.898539660961039,10.92868522525405,11.304176308429053,11.586767583648893,12.17292489069309,10.07917304961467,5.386557827066527
8.189483884135097,8.307812105528958,8.231149205621534,8.375311194412497,8.422155564119159,8.47433013941291,5.140401173572446,3.4960949399789936,2.9437902578025374,2.917517045731898,6.747348890285605,6.574415157697319,3.470226564029462,4.149032656266609,3.6243235225555526,3.550959626126965,7.707694579615367,11.234945000009981,4.290516478245834,3.950525598382192,2.745962309799693,2.6249856862042695
8.050854660787325,7.9654837663094185,7.857231910660083,7.398499874873623,8.376589847510358,8.364510421243617,3.3413167240748876,3.6537730909359856,2.7652249752663307,3.2633655447263306,3.463592745286964,4.158864976499878,3.305464523262771,3.616300971234053,4.035014767204541,4.272641143611203,4.365564511869488,9.77461482023631,4.581401045443946,2.800445836980973,3.768654676411643,2.2118750550576034
7.73107246249883,7.42414717542356,7.649413829971003,2.478929201857543,5.928661554549964,4.466937225064252,2.684798923963684,2.6326144586855142,3.6696215251945765,2.4399532938182174,2.8958823993458185,2.8374773677620784,3.8594789742111772,3.5140859995182336,4.111892620156367,4.652164330168444,3.3835306747972203,2.865824110363591,2.2673189298537837,1.7454208929424588,2.207753374480104,2.059169902924696
2.8335881484006538,2.7556371102683395,2.984587912591405,2.285435634810032,2.492593052633828,2.691326074712158,3.401463555417623,2.8386819763456907,2.6814111258237743,2.229024197641405,1.997165731668212,2.1974860450244007,2.7885638217571818,2.6584292159556098,2.58400140340107,2.7848883744995336,5.236120629374202,3.3699044614408202,3.461056609345476,2.635757370591562,1.7991757168702782,2.927989875071825
