script/wind100m.json
{"header": {"parameterCategory": 2, "parameterNumber": 3, "lo1": 6.000198445256149, "la1": 58.999992894266676, "dx": 0.5, "dy": 0.25, "nx": 22, "ny": 24, "refTime": "2024-03-31T16:00:00.000Z"}, "data":
[rows 0 to 23 of 24, columns 0 to 21 of 22]
-5.937795732885407,-2.0063837148399717,-4.467570001147614,-0.41673910234096756,-4.017301699442719,-7.298133946396039,-3.708263960374926,0.6427859572773159,-3.7060179714810033,-2.2284733407930783,-4.735767107348465,0.20466667889317297,-0.6551926159553175,0.47229393339824854,-3.422540072318787,1.1134446864031542,2.4922719266612727,3.446227915234049,-2.8112712093538628,3.5561294677710067,-12.967278694946224,-1.3802835626343335
-3.361208277800973,-3.939395092730713,0.6147057716686871,-5.384301916989715,-1.8640439226067267,-2.1482053271368966,-5.735939604102221,-0.47541103461935974,-5.2291800291172965,-4.303224768470389,-0.4142871120467376,-2.6378226868098746,-0.8628521789612628,-1.843987530225915,-0.03049774251535317,-7.660824313996298,-0.8465258977012836,2.2303121254408955,-5.588380412127415,-4.53786095744946,-8.353484047236877,-5.695143446018511
0.24610749863790193,-4.5025110385027265,-5.399958899776486,-2.9254621572748998,-4.53251677622476,-6.22779809808243,-6.884398213687275,-3.079635108963131,0.06611404442380642,-1.4963783126124641,-1.8514374659054664,0.041849044892986305,-2.9201720431062053,-2.367357518398186,-4.3945191543358355,-4.168841816708347,-4.858493761561635,-4.858419823357462,0.35901856267880666,-1.1034758973724836,-2.954053487894324,-0.5594754678038208
-2.5842927465765366,-0.03217151218114243,-1.4693999513234641,2.9156604933493777,-1.4040851097914604,-7.889226203635331,-3.905366013309996,-9.084537659762882,-4.850944390265548,-7.5062238729113835,-8.032823690359024,0.42042050862598607,-5.52418678862501,-4.05458536177082,-5.150711746480175,-1.6800322043251603,-0.7102911411011228,-2.3350432604416325,-4.220169290938124,-8.026164702172997,3.5458591269185886,-3.491320497565703
-2.892559235301007,-5.369944463766815,-0.6174261751072061,-3.826975210001048,-3.5862796682889173,-1.7780818209355094,0.8278989768691489,-2.4616393063802353,-0.3565873605186324,-6.402931600991235,-6.045716782062708,-1.444567155954827,-5.5821879345482,-4.675583380486051,0.4856479870557295,-5.655120612776549,-2.2858592620751996,-3.4609127506513526,-10.538884083450798,-3.0395945419991914,-7.613221884046915,-0.5607342845091163
-3.1228800438295834,-0.5767960362327543,-7.097085188832107,-8.392741209146608,-0.9061960805632259,-0.600547705177617,-3.2237265244217146,0.3202389093906258,-2.591523937151318,-6.0634010468995445,-1.8094713669303641,-5.002899760834721,-2.335194681235983,-1.1226508417950283,-2.997615344981282,-2.85925978573931,-0.08798563598944079,1.904164805762292,-5.350486885999535,-2.5088882137600836,-0.928832459955127,-2.1422974581997134
-5.043860019183838,-3.4867563209976495,-4.542699977856019,-3.9425634277103803,-4.561892972300031,-4.726495018683669,-3.3729522201451765,-0.7037744484652094,-4.002375161541947,2.945752659724178,-6.566581636799453,-3.7523500357539237,1.6695007102649642,-3.0690287706785218,-8.208790411593002,-5.775470673904578,-3.3271248804533697,-1.6589521035232784,-3.812154046691632,-7.310993190243411,-9.173441973386451,-8.178241339459275
-0.9034081514547213,-2.2798423914152393,-1.1785407868884743,-2.842774053183426,-0.4312723435451321,-1.8632074968150845,-5.740709611647225,3.2114508240609374,-4.948442312178789,-0.4967379057011007,-4.723554926470238,-3.537476741159158,-1.3560666273135804,3.1329425655404597,-1.4349361132829277,-1.6606457936894525,-2.4111419431026757,-3.440039956473016,-6.119151109738904,-1.523584907386814,-7.556415301152484,2.566195574246584
-1.6523652597281755,-4.187893275981093,-1.0700425144388916,-7.770026802848339,2.177615185553346,-0.6761157251321682,1.8674829009944995,-1.6238463420386513,-0.002729388764063787,-4.190747586849466,-9.863257009793351,2.1447820141239746,-2.6942338318297034,-3.885987309326955,3.2007639537250516,-2.258752398371637,-4.356553933199659,-4.72335121194659,-3.8164847584714603,-3.2216741321645848,-1.6624675930836443,-0.8286337442745898
-0.13167817317294894,-5.26715648071497,-6.0521174980096335,-5.420099111520486,-1.5221060482696467,-0.08761003366466566,-2.149702661418185,-5.253666608264737,-0.6851833273057742,-6.135059808486291,-3.005989390806321,-1.1868939155348792,-5.092678687937035,-4.088321331747229,-5.154141232572319,-5.6411092867292245,-2.3828727948389785,-4.526959823908846,-2.144189443573577,3.040548050606343,-3.53912892310291,-0.11584875311456069
-4.8727079272032325,-2.719793930520944,-5.179666002465245,3.0828230799947267,0.6049876233325245,-0.699770105418497,-4.435117871619116,0.542165586379513,-2.711512668050617,-7.594193814644089,-0.3469292331201845,-5.064798033747592,-4.177037998961648,-3.322058102577435,-1.3248168006128995,-1.934806285425615,-8.5209025356366,-2.57145254324944,-2.65906030877964,2.989556914793701,2.972801371912588,-4.110158569581939
-3.1371677053630647,-4.149974740645465,-2.7481493467304907,-5.505550428928727,-4.411557010500697,-7.562042706190702,-1.8501971611534316,-2.388368011836857,-0.7597563317459578,-1.2977368249693362,-0.4116621651678095,0.9524415102931812,-2.4056031534771627,-7.061082711634501,-3.9144597593771087,-0.9452045462848082,-7.372405104343415,-3.0557224034399875,-2.8198141925786815,-1.3610480812293646,-0.5683109465383352,-2.069954313376848
-1.8299780658000255,-7.07553366750635,-0.842229942851468,-1.5480299019881243,-1.307275476552192,2.774726358668476,0.3946843285625064,-3.6365368647241425,3.805041647057054,-6.239026040806425,-1.9061148237185572,-1.120607145655301,-3.3067445626186123,-3.00877639233736,-2.3218297482762416,-0.7053704184458983,1.4642370805872997,-0.9638245755578495,-8.256776569854035,-10.26665280261398,-6.677529957905521,-2.0349328963878976
-3.4192355651857596,2.3904455533353413,1.676873344468477,-2.483614072825631,-5.683615833118674,-1.7359097696785952,-3.679765020214445,-5.175324158014306,-3.794586467345615,-0.6267559917563525,-0.9496124003708776,-2.496061013595455,-3.4931619267217355,-5.300820212082621,-2.9822090447303995,-5.738597936071078,3.375741221859148,-1.341652181699957,-0.46185132028701076,-2.742124571355987,0.43894523569797045,-0.7487468619827662
-3.887117367375109,-1.591369318612134,-0.845493022128594,-1.8841063239248599,-2.9316762609258897,-5.166492604830034,5.6002738275696755,-2.8141467292715903,-1.4113435177698888,-0.010002757204483776,0.47201818744219587,1.3212422897792095,-3.9919142914654913,-5.070346903357844,-2.709140664240074,-3.1938993088521768,-6.9128619235390145,-4.78066352562642,-6.7280036497690885,-2.630173943292912,-5.285222234075848,-7.698382781170027
-3.8407049078053386,-6.154041667029998,-4.651323050258167,-3.7439950140430063,-1.8673065192497387,-2.7204376017573573,1.5736237936719781,-1.7338737977720493,-3.5929412921834465,-1.438094444124125,-6.643285997986858,-2.0640192586993846,-4.6305622413897884,4.001060915136825,-2.0852366067176535,-6.72907501141102,-0.7328775760597234,-3.9176212023099364,-8.409813798457991,-4.120336199900018,-1.9703262682715426,-5.049153221767476
-5.249593001540454,-2.5345171171760397,-3.262888462461731,-0.0712413123506611,-6.327028725084886,-6.09527987487773,-1.220149505279624,-4.470817870281976,-1.9672359628973957,-1.5785654628262735,-4.752323712882029,-0.8764576271438917,-2.849828770865923,-6.033475725580276,-5.383463571021124,3.3033241923712136,-5.09622909379516,-2.743125766237284,-1.4840344302889257,-2.8086080821718595,-2.490242193794137,-4.410794687751058
-3.971723257127945,-2.430459166449684,-3.2701867195107432,-6.4515938605588286,-1.3690100619653283,-2.3785790963176696,-0.5660312282966788,-2.4870045711821707,-4.5413762070772155,-3.9643025518155466,-4.458281533891193,-3.9460304464010285,-10.84025126551054,-5.963440163450418,-5.743983146496555,-6.580923125051283,3.162967843226111,-0.49045212482722145,-1.1633153890414984,-2.681435111908994,-1.8562377813138287,-1.1672201681399095
-8.596696503695789,-7.184254623256512,-7.205789220762564,-1.5925772227858743,-3.061150009598593,-3.521002375238209,-4.01695698927191,-1.9722860743288027,-0.48930344794101316,-8.896388763398278,-6.626724326298653,-8.12341015635142,0.021549035821468755,-2.433427825013246,-0.19402861582393338,1.576917993065202,-4.0349971073752595,-5.214590262917182,-4.247187589410071,-6.706587975183094,-0.6683137774773383,-2.2598892410637332
-5.201624421034731,-4.246975940471693,-1.4811824999957874,1.0904655401289904,-2.061473097460526,0.33965460080085647,-3.217583540985317,-0.21762994968822588,-5.043393822591293,-5.900143014872144,-5.043475964509067,-3.750616296999086,-0.8419740328268936,1.2763098308069314,-4.45683827164991,-0.2255743589651221,-2.4673222618704433,-2.8324814203089708,-5.4855505166382175,-0.13650587789705007,-6.615473897010678,2.402159894341402
0.5060453008196103,-2.4005996063493935,-3.118702330285149,-0.8905402404567287,-1.4823340380506305,-1.3859213949743483,-4.032526535231698,-4.026406974878768,-2.2363506698368005,-0.46892985533946013,-4.323840808891313,2.7544178564694164,-2.884708255666305,-4.2529022035251565,-2.144528070967615,2.429412321049274,-0.2829658646113763,-3.3389117112770106,-1.1005498233398165,-4.1991703877235125,-2.0305208594566184,-3.2574830035362057
-3.189860644162194,-1.3849701020397784,-6.116488662305426,2.7106409201628563,-2.0181388533385065,-2.6332090409428353,-4.453127714725978,0.04022412845910177,-1.297821466699752,-0.5473926406260107,-2.5764697153773497,-8.543889458422193,-9.799123077374754,-1.5552857929627995,2.0123998983079563,-0.2534597492158609,-5.6525719230639995,-2.9962048583812737,-0.2037474502021719,-2.3950912866799388,0.2536105747730539,-2.657123978806696
-0.04482663302820083,2.5732618732092645,-0.2385994926917942,-3.309915126491234,2.79041557198004,-0.39675475492053636,-8.657625395185889,-3.8096497003588268,-2.8877203790380577,2.5619178820457926,-6.162932374503282,-4.792507630389959,-2.3439957870784744,-3.7521995750091146,-6.139700159623474,-3.897680982384758,-7.932790955928142,-3.330996816321465,-4.188397444561329,-5.2955844184882555,-0.7853501791955464,-1.7822339534288518
-8.97855203011676,-2.3635239114856774,-5.0788844735553385,-3.3477708163259696,1.6587686197041378,-0.5743888289202365,-1.652917752526876,-0.4605486486606698,-3.5676799315922048,-3.060627250649442,-2.2660552692952587,-4.927463271403259,-2.433504510093299,-1.517352332070609,-0.6644366798919149,-10.224699987002893,-4.102516238644275,-2.1288136594637184,-5.663067530221067,-7.1204011737120485,-0.593785824999808,-2.2349503541761893
