script/wind150m.json
{"header": {"parameterCategory": 2, "parameterNumber": 2, "lo1": 6.000198445256149, "la1": 58.999992894266676, "dx": 0.5, "dy": 0.25, "nx": 22, "ny": 24, "refTime": "2024-03-25T09:00:00.000Z"}, "data":
[rows 0 to 23 of 24, columns 0 to 21 of 22]
6.087405046289242,-0.6698037624376512,3.441807455609484,5.733889802603973,5.827261519882382,5.440372383625895,5.773135954527035,3.5082236775355806,5.303671386188338,6.226344267698975,-2.342325883814053,-2.74931003558865,-5.059543264670777,-1.7760116248328885,-4.896338432576945,-1.7677445349788714,-4.645075644253758,1.5841041710030639,-0.47590722545114644,-2.9931235476922153,2.5112120145743795,1.0991525180408226
2.9667129549184432,6.265095906772359,3.8160791106344245,1.6057687664323723,3.865686687297997,6.311226730767825,2.8902627271051142,4.044650191964646,5.967148829295455,4.244473999017574,4.2539745803987365,3.9253433180548116,3.2469498944454847,3.3396300515290274,1.0587670599414487,4.329740729285324,4.286928700533933,-2.4200493347741734,5.794111649962539,-4.324928173279954,5.854753193490269,0.9637183380331398
-4.301189063843914,2.0794758645431988,7.057641779579912,1.5900383372769622,3.340014264538601,1.8715994517002095,-4.830256635035589,-0.020397152786589975,-3.408179381316431,2.6319574108177988,0.35142479561861206,3.904922110613045,-2.466783712886736,1.1974575544642951,5.253235011396017,-4.661434947525123,5.610563780956176,0.13311194917887423,-1.5912244607092578,-1.7524228078455169,1.150045489314311,-1.9305598793576921
2.788234891950292,3.549868273292512,3.784719037101226,-2.7367357028064023,2.847536572656261,5.015002317386869,3.942683217279861,1.4236283545795596,2.427037504103118,5.82397977188337,3.4242889459877976,1.1759787220484723,1.289932515508467,7.92752371372706,1.6015243620295547,-2.102987230078127,6.1214232275485125,3.156516330914082,4.488839604176987,1.8526546211667416,-2.551424254394581,5.568414023925875
1.42834876492868,5.991353180550872,-4.325960671052816,5.6674871427612095,3.8637218419056008,3.1901430472837906,-2.110983282711778,-2.054806142574445,0.6513046981615312,6.363310122114785,3.1408007436359635,-2.2864353308898266,6.226241433848213,0.5348423183390548,-2.910880835414727,4.148332482527063,5.089400136309339,5.821445268444362,2.155579383691892,-0.05986759177177163,5.006939011403299,5.059052269805306
3.95853152969823,4.588913515704654,1.2509642577629532,5.8717987652238,5.484523760373669,4.89560724108527,-2.928782823538972,6.899389465674879,-2.3978436025076433,3.5654686013995684,5.534828821494514,-1.9964642019416066,3.4637918431517285,0.03138638323375312,-3.571678303121865,1.3843182245280328,1.2089569332459575,-4.978914944580011,6.002845838284564,1.9821747724700247,6.948432043111633,1.9400277171113038
6.334313068795269,7.591584747478724,3.9746144817991906,6.746919161389639,3.4566406844059756,1.4156797841056512,4.896790763686542,3.634488028085343,5.909682702496015,-1.6787509264057898,6.2263430773408395,0.7261943787676111,2.433823732194088,1.7142243499288443,5.9073865153682235,5.428156632470311,-2.93992165853029,5.75200116702261,3.7792684599622244,2.4079900666573044,6.535697944657778,3.7917743472595524
1.1709454874470075,1.0825163781024045,2.8189624613870707,6.350993826660665,4.967933738115042,-2.661414318570916,3.254627041392236,-2.422112113480199,5.201648935901606,-1.2081624880635846,6.0420033820429815,5.829887022594595,6.3202642298908565,-2.0380367895532165,-2.324002190686334,4.0844635076737985,4.016225251376281,5.475608400578883,1.2797446049053658,6.826492928139109,7.290601034745483,-3.7030911121623626
6.588398709809552,7.282336235136702,-2.254167375556728,4.002669162643877,3.7738531400559743,4.078878067022897,-4.387153809743225,-4.152745403766217,4.388991697354732,4.913240759211122,6.431830530254463,-4.034598148031934,2.173493016088555,5.215183999311759,-3.734577861699298,-1.358586122956516,5.270882045801489,0.8708443786412279,4.978072969745156,5.894230091708633,6.239921897989098,3.6634845874541924
-2.911160425026131,6.062033256040604,4.167810215704586,3.036147401476005,6.574369768491392,-4.025995971884144,-2.8746686036842677,1.4098428201516517,1.400530658051045,2.730076074804607,2.0507335898548873,6.924216410661188,-2.4615058986309477,3.120847873141757,6.84862826298549,5.4322255663973795,5.025894700212151,-3.875368888811217,1.3364852348157903,-3.5822398234390107,1.3452753466276606,4.26508884524654
3.0132535417745583,1.1865222569342277,2.8523080575362165,1.7313806909881935,-4.303868421820853,0.8413402790324933,1.2344874024472443,5.455724194368679,3.7354178896391392,4.726438331749178,-4.381843391509165,-2.7934097286202237,-1.8741066013386818,1.8467417112459998,1.4193174962972808,3.7238625720181844,4.838999162925441,1.3788789942900326,4.194587525481193,-3.5061497697110653,-3.195208256307841,2.159634778491958
4.230239838662967,2.4251093075549717,3.787396242097221,1.529098691864836,1.0650028329831847,2.731584933421912,5.763655103057598,1.555854470095596,5.6604239912281,-3.040116905519735,0.4499470998651272,-4.07715401278166,1.8435764012387506,7.056846197313309,-1.7195353431595684,-5.244416695500153,0.7144630641642352,1.443721991006499,4.274940247226034,6.474325303156334,3.871585792473009,5.937098137402302
1.3117873045065789,2.10677673014598,1.7617701395808048,6.057288450779645,1.693572468033179,-2.00739912248396,0.8795747785880692,2.7237253146596614,-2.354563651966429,-2.099301290993934,1.048044268772236,5.438342285361275,6.7508929560551225,2.347800956868228,3.714710163469689,5.9945995755855535,-3.24915913151712,-3.325567375890168,3.039457968289717,3.777906695297317,1.1777752340077259,-2.568555808038941
2.82372854467523,-3.341299941012782,-4.0099649838156175,4.5943760441908745,-2.0727650289077095,6.730766850940307,4.344113959293894,4.169793789983599,3.431396162179813,5.430363255213508,-3.1639723963106934,1.291042591750137,4.956703486661823,1.475608524215441,2.302384147953458,2.4541902160844495,-0.2930354884702465,-3.2882296398915734,5.154692395910137,-2.0510397945128713,4.96557112236498,1.8791820817265874
0.9610290187207129,-4.297116066052354,5.179031630552638,1.559845010244121,-3.6538762050585736,2.8349183447031305,-2.7638207629964695,2.4210646809475382,3.853333986287508,1.4001062494896124,-4.064197551983189,3.9761940957709694,6.562108802597241,5.72278317963215,1.170300558549382,-0.5064795729261462,-3.0989319209686346,1.5828914879302363,-4.451955952784391,0.3404242179271386,6.372927224444623,0.343561706547015
-2.182956909020443,4.878992499339929,4.754349004145579,5.735387192107678,4.115979792337717,1.8354178527313925,-3.3319695002877756,-4.623429709053177,-0.15000960694253565,5.722480438893254,6.460411352995283,3.7766012602030075,-1.7914653574881696,-2.2367113276452932,2.332808754720861,0.12917421074983862,4.820846385972778,3.7666310836630372,1.5943163893495045,-3.4005873954508097,6.575367191371891,-0.5056901759999337
5.324389400414962,2.342280546532693,6.761282757117612,0.9404837893043052,-0.776276174378219,5.0707940289664295,3.670156017009006,3.9409565093007366,6.08987373742902,1.8005746634118969,-4.339749548470889,5.753279226486716,1.5915796044942807,3.8271959804201803,1.2610409172282548,-4.6806690038024445,3.771657828374726,1.3751899122760174,6.518131002643131,6.16109921358496,-3.910725879447687,6.426927424765012
5.060333705338381,1.3942303165338163,6.116047903093316,6.022848524858423,4.331063502704897,1.3533457717242976,3.550111699355866,4.759389989086279,-2.6343713524547083,-0.3347713105308869,6.0384371757869175,2.195254835365351,6.1618203736285775,-0.5219844895203324,6.345497604827826,-0.5949500598027032,-4.295788955658579,-2.6727992783639967,1.4753717733963223,6.216414646482921,4.268329474389851,6.345954244626839
3.7819196107274213,7.549169539009368,2.3175375395684346,1.1127019135532932,4.548954174835983,5.203064196639924,5.9182455974873935,0.38635517024478855,-3.8711038123965364,2.245002538888107,3.4048992939754603,5.420001637954426,-3.0537678073250794,2.3157045789556223,5.18821617878949,-3.350604325908481,5.9742785459732035,4.52672190356572,-3.1081803153410097,5.4408028973272975,6.310500170655513,6.348695920487969
7.035555925193902,5.949421444986955,5.238542811297282,7.263887209902507,6.291025196956646,-2.5685936924628905,3.270700659457041,6.8648954566463205,1.9099266623943283,1.439072492643566,2.139408450560043,6.346767779165991,-4.792260963391055,3.5454795636332386,-8.828695299229851,-2.9870993489028175,0.9867456847512266,-3.339813442953148,2.880786918801604,7.190534644605497,6.295640880973239,-0.29356461878831547
4.911830425354138,-3.034524145889497,3.842710681723344,1.571311695775181,-1.9277434410392842,-1.5763788002520602,-0.7555028658301319,6.249500514803124,5.143820486287645,-4.327578382893851,-2.024476644535486,-3.769639615389672,4.5558231941995135,0.9174670046273485,4.535674739024835,3.6350594789999477,-3.068785925625468,1.8200424627586285,6.114369852461839,-2.9879422203982653,0.6387235532776442,6.196199012060962
-1.9142019432405966,1.3525306826230732,5.192593369648975,-2.297721512262011,1.2718287195395352,1.0521457836229613,4.695028118938908,1.526247730139997,4.240933574093019,-4.037786597472723,3.9766313309847776,-0.2050623986728294,-0.30464528068619845,1.0741860336203564,-2.7681380876069492,3.884399188490255,6.1602518901227405,2.442710790376783,5.5740559274068815,0.6204551070551988,5.9790528903729925,1.705382157314527
2.337035785453541,-4.5731472491833225,-3.2265198354975557,1.386420136558421,-4.053078163253827,-3.0320599283498635,-6.712545867479621,-6.603222722153922,1.755891727514597,-2.0835995592558865,-1.2366413968841068,3.392224120411246,-0.9704009947741767,-0.8749556491225016,3.3736174267314705,5.855006254206095,4.961621597414119,3.8568224755257203,-3.83026413994242,3.9166271898873766,-2.530671900542215,-1.9429825275710166
6.456589824947414,4.6022319602979405,0.42288779662718395,3.7732772008367355,-5.16240653144015,-3.0999801098598345,4.255044481289703,-4.825314625026048,2.5100744539266,1.309478417050799,2.1149197719620796,-2.148377639819264,1.6898766586987277,-3.5352065341672443,1.8627198548585324,-1.4292257009107159,1.0790219944253243,-1.644950938140972,6.960403142001669,1.6054286372971907,4.063650058545651,5.851140115494379
