script/wind10m.json
{"header": {"parameterCategory": 2, "parameterNumber": 3, "lo1": 3.000054539987559, "la1": 64.9999836372058, "dx": 0.5, "dy": 0.25, "nx": 34, "ny": 52, "refTime": "2025-12-07T08:00:00.000Z"}, "data":
[rows 25 to 49 of 52, columns 0 to 33 of 34]
4.725053172759584,5.383336313525194,5.076943218840943,3.794166801679359,2.4203075361473267,0.673461297803075,1.0206224174338325,-1.2586246405655228,-0.18744440575212543,-1.5499183226741067,-1.6415037838925939,-1.8166252553261166,-2.0396531565745173,0.47529526623588414,1.9155104617288854,2.6443330804538494,1.5267953767450064,0.3912402834260207,0.6009478169636938,2.1146790223860723,2.713102505515149,1.9125795791901856,0.6512578787973001,1.0780771688018347,0.749867899528337,0.48703046108910897,0.23867005087302273,0.08491441076783764,1.7292345940131628,1.9963465310731663,3.358590493397177,1.722241910117555,6.545357013606159,7.477065952533196
6.931146038983504,7.150559780146267,6.019756294041325,4.630500794201701,4.35492745037587,5.157613265908419,0.3904886584371807,0.16240372855588897,-1.208225477332046,-1.920733243347106,-1.5107936925031573,-1.2275483542148493,0.931061592858926,2.548135661259094,3.558074484082441,3.712227695162474,1.6446559301313244,0.1749866749094528,0.41433973563341103,1.8833572004216859,0.6653823157199553,-0.044033616067897574,0.5981893392446685,2.3759844969487878,0.18951175333219455,0.40203405489598637,0.09929879284158633,1.2457265959820158,3.759688444427477,4.157152872994381,2.397920352882127,6.2432215575019265,6.848979787469382,7.249777764842299
6.822722247638849,7.226270712588613,7.062296084563952,6.2355482267491436,5.3639179116952675,3.7318304078038484,1.0527779889475581,-2.3006550242213595,-0.7341558250849345,-1.3069448839047866,-0.8203787637091293,0.03253135429659198,2.397118848985079,4.177187898108702,4.863614957272938,4.8969578838326075,3.5537228463640558,0.37160184946654934,0.2211035803297154,-0.1744771760578004,0.11505493519588918,0.46380876632721985,0.4359971513197188,1.7560546510161936,0.5864257541407074,1.0106895256103814,1.138075725938361,1.5098943195814478,3.6642454668269,5.069223182386667,3.577333640041141,4.699390977267161,6.197349800778626,8.323395118371279
5.1976309556540174,5.177994808473286,6.3485635043652975,6.3498431574553065,4.882562007758173,4.531040788892086,3.2272994113109155,-1.00020669315931,-1.5056666874945208,-0.0009682364337697474,2.236504066513012,2.666617071170568,3.6885636856924124,4.589990823633098,6.254277646726657,5.838311653539972,4.958091167513164,0.6927908744603192,0.11957903507147068,0.3797071425993083,1.0650434756756677,1.6387518281914457,1.3084992396053075,1.364221278674993,1.2039494885702877,0.5422089175498765,1.3945243015577373,1.5614979435054366,6.513090388924285,5.1356558933622285,4.636147117594674,3.3727701390358287,6.330931184515705,8.257900734552253
5.17825513934453,5.344784674672263,4.667298359632075,5.452049327518573,5.0640597697504175,3.5488649577529405,2.3582819618700808,2.0930342635207206,1.9017399279524039,2.1847112299365707,3.7118325443724363,4.468370505314464,4.441686644168734,5.215589670032663,6.197604086976085,5.67425463083335,5.7105497648456005,3.084746742113745,0.9779008478918231,1.6701576782164473,2.177823134410073,2.087247257391238,1.8143690077331358,1.5894830815034735,1.8132966652075202,1.259167063692987,1.1063412069587524,1.1072212058332536,4.4318160827337145,4.848274533246179,4.017459235735461,1.3812060599731681,7.0662026840792524,8.405580620535664
3.911549650984381,3.5487307465420974,5.628387985926602,2.2646392872558603,2.4264193903081113,2.8530661559635124,4.271643392846338,4.392142171250434,4.80246437715867,5.086825742125804,4.975425718859486,5.383831134234622,6.215944525109773,5.91065074744447,3.1883028213261344,7.303583447769039,6.743367105999974,4.9745716642215445,0.7973026776108545,1.0059978176381317,1.3770377630210835,1.4972789552586698,1.6189773373742053,1.704399833325664,1.360805387434473,0.9924517313159703,0.6227963392842278,0.43722717047389065,3.493069510064686,4.56305291253354,2.4433993404011685,1.1085765899960507,6.863084241703958,7.766214439862327
4.491610292015365,4.687660049232525,4.104151021422494,2.596112053375956,2.249460722307798,4.5947065241347955,4.835794707566295,6.955902179810097,6.49512510987917,6.67095459394805,5.781161075921932,4.961554407113533,5.020491064552947,3.150837358952392,3.317637945324866,4.8329276594066854,3.7632923623257017,7.03281816851171,3.854402133551316,1.3713102612618906,1.2439933594195651,1.2508825658085854,1.4728352167159782,1.611017255070432,1.2600430117572157,1.3714052621823596,1.3388528418264447,3.0711279199236126,1.6825752532258844,4.91044389046543,3.053734458954995,2.3542063051379625,5.785779805371493,7.973779281110821
3.1261743043613706,3.892279314678516,4.453989097656809,3.45656473450137,4.712487390404147,5.047572034257422,3.74685827162928,5.193060382481376,6.154865756874504,5.997477181471861,6.126429295298005,2.0743286643265435,3.0886883454326175,3.2365542385351853,2.350732748842457,7.152239643519452,8.425908482640065,8.634158944621339,5.971420275388026,0.9144056227593979,0.9568367571724712,1.518431876071804,1.858640789442047,1.734497309057688,1.34601542498282,0.9997708746762695,1.5230803716512367,2.5777700281766247,5.551279880724381,4.964264515686536,3.4886506952909597,4.248803039753934,5.889556401899917,7.91589666580058
2.532731110906547,6.125061957043612,4.805181568191284,5.390699427075611,3.8472379780152757,3.868426352962341,3.7259726756047344,4.594270009972203,7.737672992048611,6.636517537973865,5.035132893447423,3.5918241562010556,3.165480043494784,2.8243772376405922,2.742971549938409,5.820884160740496,7.608128282945988,6.713337092207169,7.490149210797419,4.557736236561404,1.2272201577635748,1.9014350557688557,1.9154477635145986,1.4849765432060453,1.1741487775112573,1.1430983894486475,0.8137258336238676,2.0011547122277995,6.532071446112483,5.865500716101081,5.299131521844984,5.023638543639848,6.305468053135961,8.202434861742661
4.611146632320443,5.426800161202267,4.015832320512692,5.020635762891505,4.169071975375325,3.6088173382197484,2.494494456522772,3.0483233561667347,4.237940946132963,7.626233464755915,5.914168384171843,3.3014744242562513,2.3756117426491983,2.695406193579311,3.9540180278096404,3.695086873157482,8.492763665969466,8.283300954857518,8.712099322517938,5.256616449257672,2.395410266250098,1.5841669370961609,1.6973942074678454,1.526731857744089,1.2549836448893992,0.6681986611812688,1.0756469544660263,1.7878819332024796,6.4457857941040215,6.317025174446546,5.7403646663407875,5.741417270042462,7.46592313858296,8.352211767066548
4.385915320452789,3.8589319656586683,4.079600163059957,4.062693005085869,3.9490122478674694,2.6427090098309964,1.8547578505678537,4.440165339583366,4.389723789813197,6.839059530683367,5.613264853003455,2.7299709222766917,3.5892713055038366,3.249116822327133,3.671891361492406,5.10167531131288,8.481832859002198,8.650878173903447,6.937493429495198,3.8439510566479718,1.505598613919312,1.5903420100371781,1.2985874725725328,1.1922886154724643,1.0971084839775989,1.270358371952907,2.3691033823535417,5.475572504137219,6.30681277475074,6.250563562071158,6.17649838312683,6.075492754608358,7.833931219131078,7.872277431120489
3.5813953027785512,3.7104708188773117,4.890466155127569,4.128520627934757,3.70872286870745,2.8543222015998024,3.4278638334587757,5.251181579435144,5.099262325787903,5.105637498449237,6.029771236415757,2.601578706313822,2.1648756283001513,2.3326836942618865,3.6823984468657964,7.0695277723662855,7.893559865952298,6.24649134831279,3.6653053804990523,2.52790672185901,2.1394744536204984,1.2443528617970556,1.3603308176367805,5.194541238153884,5.800976675311136,5.403625502094731,6.5042601550924495,6.0734750396410835,6.457710902488681,6.814426457076034,6.679050440907184,7.071175299610526,7.551308163556615,8.362840980860154
1.9464944935294541,2.482461589549691,3.9389892035649043,3.983610158693498,1.8132294745150535,2.101038033734439,4.237554632761782,5.623844715408216,4.993214310980247,5.243268444528239,5.690350648770742,3.1123903860866626,2.461257780833453,2.6026428945012428,3.6262341646775775,7.590219581287517,6.16357970176737,3.9756058254357254,3.365625453727043,2.862937680307385,1.8985977042687654,2.290735994395999,1.0213866926478805,5.441246097273991,5.980109500533045,7.110020982446078,7.0400108261740755,6.6972884716795615,6.464316172293144,6.506891842472852,6.911224847034978,6.973544577985446,7.830523592442028,8.479001569005096
2.692984620848166,3.132646840076886,2.8769702521898712,1.8296342898451152,1.692432512944764,1.451493931012766,2.8748580754630395,5.270340999993781,5.797868178365943,5.865697542418647,5.046145083758139,3.2793539600115613,2.9925994538337743,1.5563970196771453,3.5437827125102617,4.965929681525994,7.333969030853146,3.2510095768785967,2.8387004567043754,6.377675264756495,3.1271708397708204,2.4207062072936303,2.3037523899399797,6.543905418767035,6.408086108463694,7.572516524330619,7.648647386553986,6.30598781987409,6.454319058125202,5.787000776227113,6.371252822175026,7.120316328092763,7.744694260388521,8.497363993755899
2.643492521093246,2.1250160382581003,3.1064549363087917,2.1611299276472398,2.0201007229537455,2.793024961110165,3.119059419544499,6.437758858806737,5.643895226807077,5.05218077525644,5.0506662186311555,4.106371395012398,3.0199524435416123,2.836259424575955,4.234050998460705,4.6177398556634515,7.568547839206883,3.879475123783825,3.3890255706022274,6.476383805345093,6.658145463365602,5.562577158109653,7.61255636841674,7.668938670187964,5.9069085178194465,7.340296281759105,8.617070539482071,7.531802132656433,5.723870902846789,6.132766316539943,6.514117006668296,6.857869661131239,8.491999098131116,8.642037921227653
4.393725200654454,3.6433514075341114,2.2073627912370473,2.306700917130874,1.4839465181476017,2.258141425435521,0.8976833124729213,6.3047132255175455,5.515945226351272,5.699282301507946,4.722685032584215,4.1129572057146175,2.6442075910842924,3.861238133834109,4.811968242252974,5.310927983119172,6.515885605328528,5.541981177880228,3.5038815658266107,4.205943597293449,7.129912667412666,6.923362672361136,7.340548252277663,7.362994303030427,4.546759691982984,7.448781963552194,7.571577929895718,7.459886887330713,6.788156137423109,4.8732996502712895,5.490466730545223,7.012876746792134,8.351791188219869,8.594683002687498
3.852487236285245,3.617481078711332,2.3601011957032196,-0.782808396458247,1.9759420162248296,2.7511116473650734,3.643116502978656,4.614799786310653,5.787950867869814,4.877708932082617,4.904887808410735,3.5453159191017867,2.064539141472775,3.456469894961971,5.862366106104883,7.262143263560902,6.925051507760058,4.476168026847471,5.819489300573396,7.225717659868966,7.8485132496163175,6.5898468734954925,6.886839416728784,7.207482704907266,7.6641930604863004,8.230177862317065,7.96706589611946,6.609531434113261,6.029756689195771,2.335117859512048,2.590633289393412,5.533526820588467,9.093958227716898,8.465381901946989
3.250730494618659,3.2897048637168815,3.388731820733625,2.98031136473123,2.6758327067788352,3.968361885167545,4.708940051028359,5.24139604831554,6.929393640455348,5.747324580013639,5.03585783149811,5.353819869326476,3.801102670862634,2.7979764318863993,4.33765515346637,6.040235929658098,4.818494705581046,8.067110444936374,8.235382391800822,6.6211573547709595,5.828157582605732,3.334444579883946,7.89727600486856,7.947284558553209,7.341952756192769,8.318293464499513,8.413383108837147,3.059566620571679,2.2368899697329088,3.467226648617834,2.383522454858401,2.110481711896206,7.731121631428343,7.039592739693612
3.479121696105724,3.4695326190608915,4.101259092128898,3.8843334839367523,3.891400178365659,4.458921070201216,5.8347225210823455,4.355767153962278,5.302731036904951,5.95509600243157,5.3601623664467715,4.774970333327253,3.431269218587192,2.7009269241519873,3.753307460817416,3.294324926264187,3.188799597504567,7.362458350863346,7.604046101470963,3.3306169399870766,2.9934059431921534,5.025477657791532,7.299630244248039,7.939107204919121,8.269663655113195,6.6604859065368895,3.681805762023667,2.789667213449899,2.0711374830042746,1.9351716089149171,2.420116961152314,2.517246793500566,3.910217606788562,4.047383535547369
4.292270862309362,4.528270898595536,4.17884995952202,4.207662767730887,4.482582548962218,4.785639642009532,5.814060279528288,6.744364259452513,6.407106885078854,6.30247969116259,6.117653370643601,5.715442240244457,3.2790412487877347,3.039613311961668,2.433101021898974,3.2627415474410117,5.060892692903455,4.484548950177696,3.2709462052605303,3.2940091228376396,2.449120653849158,2.8813173527966964,4.456441025540002,5.554005232784262,2.870748248989763,3.047209860780164,2.8700186440896105,2.5207562864689055,2.9930892718704305,1.7579344863789628,1.5840314269346267,2.9316426845693853,3.545920628867477,3.7161549376204497
4.062726705476481,3.9197959526993116,3.6613277552798014,3.7451938556196316,4.738971002418689,4.990926097227298,6.669673124857967,6.617398314265535,6.1131657553857615,4.757195556333263,5.009300790016517,5.165278944675731,3.34383006860349,3.633025869575033,2.4980272680271267,3.648108041262321,3.72236589562232,3.607949063766909,4.291384939079547,3.111055678060006,3.8753186333671326,2.757530883536174,3.9806788120239367,5.195190580456011,3.192710122390682,2.6123946170929795,3.9624388728790314,2.309639377782254,1.869042757837487,2.407521784643235,1.7668870249278446,1.8528790930589512,2.5474308591663792,2.203338266846536
3.993416940739592,2.617008907606775,2.8986493599766767,3.6379954850696694,4.481961944533675,5.653318457616021,5.860271685750386,5.252921068113448,4.889780411194578,2.9860382531176164,3.2572214256525824,3.8334689179570907,2.3574180805081557,2.561571644581525,2.533315787232036,3.7243449132999666,3.3318082347508833,3.039447071778928,4.113918764618745,2.468202164707361,3.697075353243405,4.049866239156683,3.5475441826682292,3.060343687505606,3.410412056945324,3.2249454600242777,2.219941186484136,1.6141833518257414,2.2596448037531425,2.7701516750122606,2.2515904848404045,1.8969535553036292,2.946089538828686,2.7159931762036935
5.436604047875818,4.320423963034652,3.834963908541713,4.528203555856224,4.547068933139314,5.552775594637223,3.8156347820020393,3.55736625250228,3.530666656560679,3.3955515572544446,2.3892079370375536,3.520714092624041,3.1960984693529433,2.6325533911019243,2.102140817366584,2.639977053762997,1.627213492991059,2.5207566134406263,2.775434123887289,2.39462462075953,2.3413817533921915,2.7384677072221484,3.5939519996571474,2.3472081647138605,3.188991752446552,2.2702409966393993,1.667957112709321,2.8029775087326025,2.7053857288661587,2.3707607938385307,1.3007765594067073,2.855876190290386,2.629944829350143,3.2087570152696947
5.8556243943493165,5.684054245651588,4.889186508837436,5.0914886053355755,5.734366906994966,4.564157668136401,4.188639954065286,3.0093125808131513,3.3116898583716656,3.811934948238401,3.8199723383391975,2.6159782941587357,3.005661470181422,3.982527741674138,1.9941623246057854,2.315922082637766,2.4986413972787545,2.3988349841508523,2.7309791140082798,1.8091546430840284,2.712158456442245,2.2090054449603085,2.767381548911009,2.3950620815868766,2.465512491345415,2.434216746340881,1.5967593730885687,1.403471249091269,2.529546790496566,2.0456024134925888,1.6114839776259453,2.1502937624099676,2.9326471154960956,2.663184635890838
4.999216148611408,5.60063824995138,5.628902290424627,8.934342849753737,4.680460611660227,8.2366400407195,4.476771426604084,3.6642734807870845,3.94554836667889,3.7172469859842723,2.7220214723502454,3.2018541789346022,3.194937524227332,1.8958621049213995,2.25614185119876,2.5990925788340062,2.3906390579532455,2.9449238419687864,3.6397852297734175,2.8341576607512766,3.616699770711394,2.611654413929726,3.059500794310974,2.9735137396481335,2.6886834836987994,1.2991038728485513,1.6949479465326986,1.3862570375568932,2.618249683232483,2.4601231265865144,1.6478947480582118,3.096227329625672,1.1417197270435522,2.3070727033065
