script/wind100m.json
{"header": {"parameterCategory": 2, "parameterNumber": 2, "lo1": 6.000198445256149, "la1": 58.999992894266676, "dx": 0.5, "dy": 0.25, "nx": 22, "ny": 24, "refTime": "2024-04-30T19:00:00.000Z"}, "data":
[rows 0 to 23 of 24, columns 0 to 21 of 22]
-18.40803237052634,-8.447342089494088,-12.819868278884398,-9.048610454098249,-11.567411657114304,-11.144585265360764,-11.887737227200232,-5.378111731499022,-7.050790195022541,-10.312722777253388,-8.803811610665202,-14.385941136138936,-5.887916826932964,-14.04788803854021,-7.142982917962302,-8.034105751843878,-8.236995308657184,-17.83162777437941,-6.108814203165634,-6.509015328915317,-13.783738396767133,-8.044390717574972
-16.865638494615578,-14.908185567312042,-6.6203758552588505,-13.11578461893101,-4.3436806262445735,-4.352897757648679,-11.787538147192604,-8.595166748235421,-13.544221522348979,-16.843235460709483,-5.762145112301675,-10.363967516071266,-12.595409404400094,-10.308309777876097,-14.32065305938878,-11.46225961621023,-5.396434105871111,-7.175351389440864,-16.3807765144298,-5.9856495139045585,-19.16757421553729,-11.40165787863342
-4.484029298353341,-10.258625335329103,-12.155151396603044,-7.585125960900618,-8.169933453896517,-17.4239477448078,-8.389270979836914,-9.915127005969806,-7.663361175242215,-5.991834964942807,-10.15507077122703,-12.187108234235515,-11.717980104312936,-7.969158327401045,-7.294569517334929,-7.946423804244897,-9.943948120312148,-8.059937826581434,-9.413927311892266,-10.77679812885666,-12.738808195886184,-9.01231199679423
-14.57692318769675,-14.760529737194732,-13.707257969107369,-7.48554637323472,-8.201553107086186,-16.04815792743539,-12.360441859650548,-16.870423321742297,-15.287948660222579,-19.483516336354405,-20.70777879845247,-5.740725452474707,-10.008505726873505,-8.520182266038256,-8.387924265637112,-7.543875279557308,-4.697551110924739,-7.983468537017659,-8.330794112612649,-11.65041069737558,-8.67865839830407,-9.026772384117768
-8.671725787231097,-10.97491700661466,-8.728322718013386,-8.588037154571177,-17.328186411201944,-9.79058817603778,-17.291422203214893,-10.015934667675824,-6.4194608978349015,-13.823477980697927,-14.321342185115391,-10.059115770867667,-8.733531333863748,-12.739176692441667,-14.263716748144756,-13.676696699030403,-6.269864022026255,-11.934324191524691,-11.498318170986055,-8.373075882022396,-12.084437717830292,-10.943706790437538
-11.179602204279846,-10.952784507475915,-12.737949653527107,-17.198272541560193,-0.2207667316467967,-10.552037295694563,-9.306725312997612,-11.921718921150983,-7.610454072852974,-16.457581931734776,-10.693203294091738,-8.804664234788078,-12.778416400198495,-5.244196868863291,-13.498991403017179,-9.413560905777272,-11.90064880937294,-15.70612419753941,-16.638617315251203,-9.064512969254476,-5.439361890991827,-5.655451924511877
-8.559403574133174,-9.111775391247177,-9.78954167024564,-16.826462920775995,-9.47600722588161,-9.186507014064453,-9.198465275991525,-8.433379088446797,-7.777789993812463,-6.441373801731417,-14.674352702832767,-8.36418017833504,-8.129090075230808,-8.438304419102998,-16.391554063445525,-11.758634493047392,-6.0791358821684875,-7.389513133152483,-16.384096342945554,-14.43654942932255,-20.466981923611005,-15.604122877197394
-13.939090896577286,-9.65971357549347,-12.911529798533461,-7.68925790156074,-5.990919512973565,-7.195417795116036,-11.479764270012556,-7.04266524768657,-12.552099248054487,-8.545799022561582,-10.354651483528826,-15.153667492666486,-6.274041807353153,-16.199402861450153,-6.595952905709456,-7.74980811828793,-7.435596689058144,-7.736654194312798,-9.693580515364346,-9.592927840492079,-13.007095049351985,-8.553801017690917
-16.00769675887945,-8.021359420540449,-10.914420785050941,-12.021509907220466,-3.674168608149499,-11.366595247133427,-8.194978569308336,-12.802093732387712,-4.679718556106509,-14.269412675708605,-18.161060596344196,-6.273182927741663,-11.3974429258315,-13.007961939271357,-14.564163831786932,-8.459514365396481,-11.452783625243432,-5.893692123465624,-15.734701162365877,-7.689139472601011,-4.43174431655409,-6.04775821216274
-5.435446483814437,-11.869795239315254,-10.774804213516038,-12.14688374061279,-16.56818679059686,-12.637977643570427,-8.322639388272108,-12.714595529789586,-15.591593946884645,-12.22606303962497,-7.717049090208128,-17.134993880926014,-6.118067033189857,-8.92393334147282,-13.638375981225773,-11.42410342685456,-10.398073828219136,-6.863831410662196,-2.7412248161887636,-15.908579081381616,-13.857468960111015,-2.7646865327903813
-16.09630273722957,-10.305929417109517,-10.696765055094101,-15.905736365211188,-8.750838607484532,-15.890902160769835,-10.111526786154919,-16.540726546570493,-8.270239430353183,-17.7887675431038,-8.209497929119422,-8.914478805585997,-7.434357723343056,-9.774805683455645,-6.89844192599495,-15.857960131634336,-12.53910986438097,-6.675751436978837,-13.535566955102496,-7.561479371259947,-16.02820516590225,-10.962038078106378
-8.985270178264125,-11.462092494526905,-10.067935733145017,-15.189598042977046,-9.522897376046663,-13.345094306658675,-3.4004730256531963,-10.201058027616511,-15.059653401733188,-10.374764652152153,-5.182924799195871,-8.818604793196663,-5.492908608273171,-11.892101484743577,-7.213569061918311,-8.638011796539347,-12.640303341881644,-10.302345235867987,-12.340620173233141,-10.018474006009601,-10.212006021039082,-5.887163708098456
-14.125486906034702,-9.129010480986633,-11.117573215380387,-7.552808874023669,-5.757674445316429,-16.473633596671945,-10.762309036712754,-8.204087068114147,-15.970447648552778,-9.116242575430197,-5.187875765466312,-17.08562112597093,-13.970579448583365,-5.089950578840519,-8.105018772761872,-10.489055990084692,-15.503620249352949,-9.428802951874136,-14.135484743974448,-18.271843162357456,-13.14400795031688,-8.832999507284033
-8.794530460513723,-14.511500644260948,-15.76688518661502,-2.8906406791692794,-9.580326640779715,-4.650211123148079,-10.28335307872818,-10.546060269430386,-11.47154543687633,-11.681875981990636,-9.11668550092386,-4.046652135549297,-13.749981298292743,-7.034593433174662,-8.908707928069997,-14.588113379761579,-17.797975385754572,-10.23547704313515,-5.58979564383713,-10.398089486601997,-7.419684632653428,-5.9464180419899835
-8.2489086537386,-8.707610115281803,-9.572278232353138,-11.48168465734808,-6.1005057499231485,-16.23538790502557,-8.628338695472614,-7.7480775092472935,-6.320040938642297,-10.302880315550514,-4.936482114392475,-14.879165430787646,-12.507583629356498,-9.970297021994243,-8.937523540069995,-8.381542301250265,-11.177435262801612,-12.199143441163221,-8.234983937505714,-14.302621248829288,-7.481092600273843,-11.613750623726476
-7.936379852668396,-10.108481508879168,-11.296845715319748,-8.281910283021345,-13.153382816740171,-8.953783515878612,-9.087283404208128,-7.353441929434182,-9.1169718715923,-5.147043182537533,-13.587860227848099,-9.827648523334597,-9.022546149482805,-17.014475225563338,-7.64466735142313,-13.70007170682408,-3.538572566319352,-10.92872080773272,-12.827224611437027,-9.64841656403492,-12.023119768250194,-9.643858068523654
-9.47860683893867,-12.978415703211128,-5.428685966608317,-13.26635760094832,-17.20109247792867,-13.848346755722181,-8.528198220636442,-11.649471355976031,-10.333491028681692,-12.257693980914711,-7.30822029983979,-17.324920421906715,-6.272526590564152,-10.172319456294845,-15.416997147613586,-8.636054099044253,-15.286687981398995,-9.462489950818261,-13.781494646707793,-7.5824866682936065,-5.173912127506318,-11.046072417827842
-13.392485257476212,-9.757207367624941,-6.76594565210531,-8.767568197452519,-6.770239519499192,-15.338927601930957,-5.486907662587452,-8.514167019067637,-6.870761231198598,-8.390302990799926,-7.580306524492708,-7.594616820340498,-19.196523917145345,-11.375674332466993,-17.092942745575527,-16.741505518834405,-9.171490366043509,-8.631202159748867,-5.722226200180704,-14.735586929232884,-10.262376260324338,-16.02440234129454
-16.55203380141921,-11.836958012489697,-11.562301041460065,-8.767668949167563,-8.863024433491878,-10.138538084473415,-9.21666588833058,-11.45757898723588,-11.414469593177389,-13.189439395679889,-12.55253367761153,-12.146371713393696,-8.071110847634744,-7.820755644498022,-2.3586957055392053,-15.312364783416601,-9.349900460820097,-10.085340694541822,-6.0600219957215895,-8.39360365225433,-7.37297323156712,-8.84176406222945
-15.952521997701123,-11.616457041316014,-15.065374492616172,-10.214732935932561,-8.90352124848442,-8.494051624361392,-11.308402003987014,-3.738002259571354,-14.644438024648077,-14.244465285726234,-13.972168937698768,-12.079313782074546,-6.3920120793446245,-5.518252933764345,-9.439834270902404,-17.399754961593526,-8.29417570212866,-8.808662161806328,-7.6792007641051026,-4.536804142959219,-16.85006754525298,-11.657334387616762
-9.830764928571277,-8.517853739781337,-15.200210430090843,-5.245610195912393,-8.933224707573377,-9.38445284143395,-9.428061415073236,-7.329833912665297,-6.4187260111855675,-8.804540460503112,-8.48360270171508,-7.051985863903925,-6.898331507339704,-9.122176138053696,-9.437990220085616,-15.116837681621345,-9.293658877841155,-14.14853536874078,-10.095415099129559,-9.305936192964458,-9.397866010417891,-8.578445762183287
-6.8565871494970105,-10.618192419332766,-16.91635714320438,-6.92047843310881,-10.938766387286405,-8.17979524207751,-11.812038902474029,-9.481936149842385,-12.63185967204992,-10.576913800394792,-10.456770441569649,-12.617830812518065,-14.111262024532412,-5.905690861872525,-15.497550887769613,-9.52776008165925,-10.149031264651452,-7.8151873889442385,-4.477293883411152,-7.439332081807881,-9.134464111943112,-9.96923196032203
-12.363893985116517,-8.130606570669617,-9.72595942359873,-10.639395173926713,-8.147065869747925,-9.214337452082017,-10.784471075354379,-7.696691941226591,-12.435232301382415,-7.062232774313886,-13.031469141329188,-10.384630266887553,-14.385281833358336,-9.490923131260272,-15.797251360557036,-6.1905918250791006,-13.525914357788972,-9.079805734893153,-7.111923842519383,-8.475495328599779,-9.978899479965333,-8.177918686264627
-19.020646062731068,-13.994012827248362,-9.762797379602306,-8.581100984999473,-4.202853432807293,-11.904438828610836,-12.371457402247032,-15.680352288076396,-9.868920758782165,-10.480202743696264,-6.41253042718387,-7.80480225291884,-7.778253685862121,-9.943968370081292,-7.808637386836539,-13.534861084228094,-11.63384923626383,-8.75417531661199,-9.373096453271627,-18.49760230325348,-5.380243159029679,-7.716451950620008
