script/wind100m.json
{"header": {"parameterCategory": 2, "parameterNumber": 3, "lo1": 3.000054539987559, "la1": 64.9999836372058, "dx": 0.5, "dy": 0.25, "nx": 34, "ny": 52, "refTime": "2026-04-07T08:00:00.000Z"}, "data":
[rows 0 to 23 of 52, columns 0 to 33 of 34]
2.3392080648034312,3.2328809466431436,1.9939684259284838,1.654585078404643,1.2061681568853373,0.8264758852899863,0.20928070809804564,-0.16371212091559093,-1.0018092879375775,-1.5197857666222931,-1.0298069961659535,-0.5116259388502301,-1.4522550911052434,-0.7443371921753654,0.7388719299528528,2.3025798639276682,1.3334561595225618,0.22009913938671904,-0.8094921621232264,-2.0588869790939466,-6.235582605837504,-1.8215421938821297,-4.107414975262962,-6.749366146082782,-3.152082954949447,-4.087868436381033,-5.280589822583081,-6.300318063546994,-4.731738643777505,-5.312009812649615,-6.5360759645043585,-6.0989636336904445,-7.1052220735067015,-5.521058544770909
1.9665418429081374,1.9189034088041452,2.1418114452639796,0.8218797693814534,0.7379911433843138,-0.22568134803713924,-0.13388822858447857,-0.8937022444625919,-1.892389633839345,-2.2012131883093704,-1.5814088896799658,-3.521863402290931,-2.872473137490612,-1.4984610128745313,-0.18806624360948795,1.4846080981179954,2.101482804514125,0.5041284526339261,0.38792778483440127,-2.2039247513428695,-2.784600267485374,-3.798507950434825,-3.4430940813049244,-6.537456283772178,-2.0985346470119746,-4.676404601704505,-5.282044870036139,-5.728295267705123,-6.368637218123104,-6.917440516389762,-6.162240624343614,-5.808408126475083,-6.050366335443255,-7.082752283366755
2.7312080514557127,2.0733231817619995,0.41392640318560137,1.3469862914919613,-0.10240670378565728,-0.2737252077998213,-0.28388919230325677,-1.8432997421495596,-1.9717894100580404,-1.9288829513019523,-3.7225792972661265,-4.194944615983512,-2.676489872376608,-2.4257825037517255,-1.043639813574189,1.0732778984735256,1.9854304800155016,1.7534476106133028,-1.0434891860461641,-0.6902890568450428,-4.776834941804521,-3.9148656333347995,-2.6087973811516676,-3.6722344894404313,-6.048714364620192,-4.414561680354114,-5.2926905100080175,-5.724951223884895,-6.347760499779728,-7.710901578139846,-7.0912422429029585,-6.412855081960036,-6.154921675280085,-6.6555237628120985
1.5264846733676012,2.4804203569681538,0.27139625884012736,0.7053262798198624,-0.6443532296205288,-1.0836382726557328,-1.6109122755598604,-2.6645552289920538,-2.740290059052004,-3.1435378186283223,-3.835996679889135,-4.203537710670474,-3.222792474805736,-3.2649481843159167,-2.5934502840651024,3.212609130536856,0.9508166113674857,1.0330540620219153,-0.05601138388774755,-0.8411511722921698,-2.5412228971418216,-3.438696986624643,-7.548916967387002,-3.9136405875473588,-3.7689476996341993,-5.308782867747218,-6.211705928936276,-5.900668894617548,-6.380717511085318,-6.776403813329698,-7.538314272954347,-7.233094439263514,-7.62388643778062,-7.203557257267285
2.5489403790435023,0.6765021935712426,1.7158996224561394,0.29029033076379196,-0.1428287093888492,-1.3051769281313026,-2.8802015453663743,-2.7282221669417233,-3.279518476562982,-4.289630053610247,-4.256311597417296,-3.926531583467348,-3.6721963272637232,-0.8922632187226242,0.1732202272729318,3.0198442801430776,0.16460370405458152,-0.6799177954269203,-0.3534203446532639,-1.403949593340905,-4.789601780997242,-7.46177128425377,-3.8923142007792393,-4.861285854679804,-6.186552341929551,-5.849033664403522,-5.604049212909947,-5.935610704276532,-7.246173070039791,-6.105324102027985,-6.73117287560007,-7.576877822246508,-7.450444404971892,-7.420724944482301
3.209207821325363,1.7950468799772425,0.19977549113111026,0.6750140726661791,-0.9370638817645396,-1.1651530386082067,-2.8627617699087775,-3.085446171157904,-3.198364860467734,-4.504541220318929,-4.67416429428337,-2.503875758928591,-3.0136118577043387,-1.8521716319111967,-1.1445844620211707,-0.8106782675012738,-1.9387433529603924,-0.1433878058114229,-0.31365585971878107,-0.5009620925388052,-1.1932248094686093,-4.599495978993065,-5.464232049446457,-5.00511836606839,-4.4141040158456875,-5.485752949516561,-5.5908525408834056,-5.753785087451393,-5.885548266902686,-7.072913283934133,-7.301878967665005,-6.963210999872315,-7.194122090388445,-7.843624136166287
5.419468351352586,3.260959080043233,1.2264038588481958,0.40930961440890845,-0.7493113621221443,-1.0683327808861633,-2.4468551067419555,-3.6855787570358944,-3.7992245818773562,-4.294619634893759,-3.5958381530448933,-2.156005532215917,0.6877519186522706,-0.901854448187235,-2.4495559777289095,0.8945165267809521,0.1414549792467463,0.7239143156715814,-0.5283965636084991,-1.2821108934405312,-1.3823854370380904,-3.0811536461503453,-4.0026322928038836,-4.45525626159183,-6.566414036937091,-5.3585360758318785,-6.367257049173971,-6.302981741471584,-6.198503636935629,-6.739997949929948,-6.275328441931037,-6.788637900107975,-7.739467046088619,-8.220512532517146
4.495191521525742,4.135513959828077,4.034623808759562,1.5928333117874751,-0.01001985799441821,-1.074432198765767,-1.619921843076625,-0.6018944092363446,-2.5627358359455026,-3.2863539743106416,-0.5313639589772996,-0.31955358747569285,0.16155940872436686,-2.144772894967144,1.4791758008202094,3.1979270457595086,-1.0026143998622423,-0.31337060408980766,-0.4621714037857735,-0.671509630363773,-3.275831460623569,-3.244742945623854,-2.7515904031209004,-4.159995119993183,-4.328918745109482,-5.401918318941782,-6.835581440378455,-7.391523741990245,-6.915791058678072,-6.56632858636324,-7.598643198692235,-6.897176001526861,-7.4123903391118935,-9.992159296311337
4.867064314840856,3.962076027506048,2.8943273674126213,3.6249616334347246,1.8606205816256984,1.0931760558467685,0.8213337478263061,0.9013533466978365,3.7142399337817538,4.207524586310264,3.293427723514709,3.1965660024692344,2.683648954409737,-2.0676136529344724,0.9054033605418412,-2.282597353752227,-1.9881723747058022,-2.3450579245731715,0.016664452956272384,-3.943575291937342,-4.860686280624985,-6.782787673673763,-6.639793043721551,-6.399349502588529,-5.454872367931904,-6.156716741375687,-6.030170461181964,-4.466397228097724,-6.374472274438798,-4.8964943347988905,-6.636462573187569,-8.301303883465994,-9.57432118551192,-12.21124730300474
5.696632862732802,4.866443569656221,3.842048651801846,2.788187598971456,3.263900327027705,2.5847397280461677,1.6487457598766837,1.927539371357,0.12663593484556773,2.7621582523127683,1.4036371901012674,0.22643385171842173,-1.5125690746972924,-4.7869849037550765,-6.107316195269272,-4.78442445428184,-3.8385760306411263,-5.286728166009388,-6.274544608794815,-6.8396490175336915,-4.995095242285135,-4.038027835021736,-4.790439602305642,-6.913143057604052,-5.816425313069322,-5.845803349254952,-5.107693702846233,-7.612278010771788,-7.489778853307009,-7.134141353774298,-7.0311548321295385,-11.190968539560686,-12.135761787007835,-13.099921226425112
5.911103960008169,5.435757309954179,4.682268829242166,3.6787500223992193,3.447812332193629,4.9051946938796025,3.7431591235193227,1.8532451619841956,0.461972011823027,3.050979572426478,-2.6144878656780475,-4.775244483578317,-2.724236966451673,-8.681098436035722,-5.207812860898133,-6.167518945437069,-7.108461145251063,-3.3065079863300366,-7.505175236058199,-3.853164092290281,-4.688439838387623,-3.8948670522538653,-8.234088836129999,-6.6045567998164625,-8.06921252059412,-6.619830633142152,-3.9594046216615872,-7.382350414502337,-5.901603589623752,-7.310406568073363,-10.0708737815209,-11.595992247947347,-13.206608937700647,-13.340834476859314
6.084557858856242,5.456232665630277,4.734830621378045,3.843235643259264,3.6610430092762543,1.711953603837726,1.5355962574331667,1.240814520722432,-0.6723888195503841,0.18776292577532303,0.701778513721148,-4.227319660851288,-7.608287634085204,-8.713541890052666,-6.86686411284353,-6.889435211056746,-4.89625018122777,-7.726501807919247,-5.401635208375234,-3.733740571000611,-4.52320125408633,-8.304293907165595,-6.242499974120223,-7.34946749844287,-7.660019051791153,-6.961804946603639,-6.8962416111228,-7.187099142239112,-6.724765374297752,-8.133760795638588,-11.338236912319829,-13.501070279342562,-14.043153044586658,-14.2040051425096
6.371353856752866,5.510477372103263,4.681228158422202,4.952745615277165,2.103295118819912,0.4808102232617864,1.095652204979377,0.9412888709035477,1.4344385045952701,0.0772742547276892,-5.512567299442089,-6.487735902283465,-9.734016103075088,-4.546820900303371,-3.7534400788592706,-3.6998557361501323,-7.933952564905259,-6.768492537806228,-9.505476960368819,-9.617203381425437,-5.3699825873716795,-4.51749219301309,-7.393727184439547,-4.83312631147167,-7.42288951828629,-7.1862382110365175,-6.5929091425135224,-6.939746222053153,-6.6718553897506245,-9.020901255883388,-12.131224257817422,-13.977132662151911,-14.843570120581926,-14.347177924368092
6.480337940945546,5.438292494155395,5.421827166415933,4.464256559611723,0.5201839059605863,-1.0424784299719216,-0.7818743908035628,-1.4620653933690724,1.421754993250694,-5.170587260584617,-4.3309237325339005,-4.25738803232855,-7.499360989227213,-3.0840423214050268,-8.26950697844956,-6.447922885101688,-6.922649905975396,-8.277659945474545,-7.864494824116811,-3.8219501377950666,-3.735546387385566,-5.943510325005095,-6.907670088835993,-7.395851061004118,-7.75876590819078,-7.861543760673635,-6.586121682790724,-6.205235202641408,-7.422670617614916,-10.928843775973423,-13.160512644052405,-14.265912888991988,-14.20524693469145,-14.621090787520568
6.747001498737141,5.342910132594276,5.165357526993741,3.7539144229211776,1.6958784017340722,0.006954557705784943,-0.24685054733421932,-0.8402912835873924,1.9393005238435888,-4.721247209188637,-4.862496795641001,-15.987680299292713,-9.766951772899027,-5.131618241308758,-5.3941106917461745,-10.008059912766006,-4.198889498047316,-6.643195957196908,-7.6138939325757065,-8.296046121855936,-6.536253752243,-4.207646801569956,-7.0518399381530035,-8.057184402291085,-8.038370656430136,-7.35870646651168,-7.674509252543722,-6.667852492672094,-6.9742654081545234,-11.011092865927635,-14.519476965734858,-14.847283855078617,-14.490123523653654,-14.942722434652069
6.735123659177588,5.2177376164580895,5.121412059077503,2.2991254620011197,0.23428757018275312,-0.42322803773590123,-3.8056850103189888,1.5393204372175708,-0.23866996353222322,-0.019445722603925946,-2.7689260312181005,-3.604322109476233,-0.7736448704767453,-12.367086772980208,-4.817965921209077,-5.258645975459358,-8.068422461672728,-3.8684604617225613,-5.460132552585848,-6.811633762109544,-6.7026590856668085,-6.152986270194295,-5.894999393708713,-7.516428098917406,-7.9185806579063005,-7.447410414267999,-7.196233040881442,-6.732726746721576,-6.781245346830561,-12.000879483882096,-14.939036467624966,-14.810364098383152,-15.291348201280682,-14.785876162055533
6.279992976373403,5.434471851744766,4.804702455092334,3.163235222766793,0.07412694478226364,-0.5138855920038774,-4.971387683534473,-0.0997997692861789,-2.0556793342859097,-1.3225006941600168,-4.545452876826229,-11.904496625668857,-2.1597546278251745,-4.433636067057199,-6.309245268238844,-5.137320060768966,-3.823431620107287,-4.3157726969285495,-6.397356713481123,-5.822764983046378,-5.625052627912424,-9.30047037313749,-6.9968085320042865,-5.329407730585605,-7.305817007758397,-6.607667164499617,-7.836989432036403,-7.42677985362377,-6.628113237130206,-13.374599407666093,-15.068961968774932,-14.965728188126093,-15.791024384995444,-14.768526548568039
6.293899672507291,5.2361204175571,4.614340105927716,2.7366057168091817,0.7523837301423026,0.07635306867794867,-1.6665893518132961,-0.5695744660935499,-2.234127897727171,-4.878338753564596,-2.4284375340964655,-11.830039227517958,-0.5130850311944364,-4.068440780184447,-3.731526306803046,-4.420729888105803,-0.7528654951828418,0.8962382371159464,-4.342644162667317,-5.729681431616114,-6.70333380309209,-7.164949808591461,-7.257227892892232,-7.960372026799821,-3.474880929709492,-7.473370874511558,-6.288819309520466,-6.89647073627214,-7.040559504735452,-13.09662546437237,-14.521555214646696,-15.139662358450957,-14.962602850235253,-14.856100050133493
6.204488584387042,5.069859213303289,4.45303303973448,1.853953229595635,-0.1320557311833655,-0.4713983249815681,-2.1347583424115757,-2.5295429006210934,0.08612402741235221,-10.678718566530224,2.2976621286326626,-2.902879694729447,-1.6666275366718213,-3.3548133017660273,-4.847899420966126,-1.0125427544284085,-6.229553785998285,-4.907613880750726,-2.278178572727774,-5.814942900413706,-6.1632971038539415,-7.523368471601344,-7.319106812559181,-5.985010733126304,-6.73811112861027,-7.3993198409102865,-7.023993708061711,-7.31424243149709,-7.044774814840546,-9.950684998228144,-11.565048509456092,-15.460476863362937,-15.166471304830916,-15.438736500987513
5.8894563781528495,5.043277894784576,4.0136639502255145,1.4008427785395399,-1.4207431258597456,-0.9225164557487558,0.24257070795039123,-3.1302798164871817,-4.483198925357712,-3.8537127488346212,-2.9112718982521515,-5.795296551649271,-3.153450073552853,-11.168598561036097,-0.288528089531915,-2.875007199920543,-3.773921071389077,-2.780316417803519,-5.196942438908373,-4.685693746209959,-5.4529058690816425,-3.9371128927045724,-8.432021070039879,-6.454973099121842,-7.125656144840107,-7.503197938606712,-6.698818708603832,-6.912629640894433,-7.277171170535699,-8.862517958007519,-9.826235964669024,-11.640163156314046,-15.112268075003561,-13.704676988996559
5.25688021077844,5.076487871568958,3.389952626164438,0.8095146493886531,-2.075607782243221,-1.5797972598359717,-1.076593371586183,-2.250628364322486,-9.102237770565496,-2.277472975689932,-3.3280059484371076,-7.1924824596247925,-2.437630635574163,-2.12873932110878,1.3229381899080777,-6.510120809714765,-1.3983851418534532,-3.170640246805581,-5.260193962063402,-5.064942334368992,-6.460015621542636,-6.05422274290428,-6.348800788537759,-7.079434505717462,-8.134943026133715,-7.51925790631956,-7.501138323015372,-7.10164923245865,-7.540164327265718,-8.136466232680585,-8.348921049669197,-9.250678440473633,-15.894470708318005,-14.98559425540947
5.1287126924283255,4.260138562617378,3.133238535177487,0.5898198442574347,-2.952608074585922,-1.5047568272022265,-0.9952078275199764,-5.1542038553648135,-7.29798502176042,-1.7961257782966036,-7.451641961152724,-7.707079881846826,-6.663373298455121,-6.179907490501657,0.9263685095298304,-1.7712261321546297,-4.342492412126877,-6.020620088004088,-5.856494408806634,-4.648826055484156,-6.133157582756294,-6.348613330482431,-6.806952497306594,-6.506804627355422,-7.060476976395976,-7.561819635395823,-7.855410665959765,-7.6200225323596875,-7.524093375627954,-8.458671612302181,-8.57533031667735,-9.539733179838635,-13.197905646032774,-16.11466978396101
5.156614125506483,3.0889292644117523,2.874203736658593,0.5567767278614888,-2.471419534760395,-3.272950215221201,-1.4345867435335866,-1.6237545734540728,-3.6416948340132937,-10.277770112057855,-2.778201832718703,-8.07537300375893,-8.5286818551783,-5.0579049265689004,-6.0153522607062655,-1.9681497068124483,-4.597006718191023,-5.580068150120087,-4.782815730714211,-6.952985358613277,-4.7650428481856055,-6.050478856088379,-6.113188042214832,-7.385653735953148,-6.6672376989681155,-6.891332168851659,-7.5033930276896115,-9.048295579893729,-8.231496115462093,-8.928707852804326,-9.135930081978383,-10.217133666535638,-14.469525875537935,-17.806761205414023
4.588961072635682,2.729387873305361,2.4859513603787478,-0.00864579190630614,-3.07759581155507,-2.4602114681870715,-1.2580480538967063,-4.3064742190306315,-4.895574650469785,-2.277316455439039,-2.481252557237131,-1.7839684293045732,-1.7784685886534832,-1.2051010469137073,-3.857682575596575,-4.155233547047751,-5.21103616645584,-4.86143093222141,-4.713104040356527,-6.873497619442685,-6.991691065573265,-7.495044382091628,-6.603583327880892,-5.999577993087809,-7.865448469118182,-6.277017013191408,-7.29003993779689,-7.827368543585762,-8.425989545200636,-8.952056836752522,-9.676179319097185,-9.7057902461039,-13.869394131791037,-19.40828657081758
