script/wind450m.json
{"header": {"parameterCategory": 2, "parameterNumber": 3, "lo1": 3.000054539987559, "la1": 64.9999836372058, "dx": 0.5, "dy": 0.25, "nx": 34, "ny": 52, "refTime": "2025-12-31T08:00:00.000Z"}, "data":
[rows 24 to 47 of 52, columns 0 to 33 of 34]
-10.88133620429593,-9.034417025518927,-9.993447301796865,-10.343727490876418,-8.112832488043423,-5.824423719928893,-3.323088835011076,-13.392565485614888,-12.328346209611631,-10.111485023294277,-10.776556353796591,-9.18823347337647,-4.793398139411423,-7.065439009914591,-5.923750249076719,-7.047326673926404,-10.451245941131155,-12.664829419847239,-12.84285722715683,-11.325502284613657,-9.45471309998941,-6.903486867063212,-5.614339971533583,-4.365147393258576,-4.521425511454584,-3.135250111606137,-2.185969524353755,-0.4629642647939841,-0.7781273225544582,-0.9963627625026559,-2.0825778163795703,-4.599615917247297,-1.6771309333386901,-3.2654478259502007
-12.707219258060166,-9.398073577498852,-9.904015510164102,-11.183643023001961,-6.707765170716221,-6.20525813495701,-8.181289616616636,-14.353822461971717,-13.079829242432243,-10.912316706267896,-10.400747485912934,-9.867899388302568,-4.701111364927139,-6.88452101762343,-6.549957359690041,-8.361337197955239,-12.153773150504298,-14.553165817253431,-15.265644137680201,-13.464526937168454,-12.1912854545597,-9.481119269658711,-6.330477323678298,-6.73285482847439,-2.615834484118908,-4.151918357662067,-2.423451423833536,-1.6478661851214198,-0.12224934910045832,-0.32982938187737776,-2.1631808748303394,-4.578056887630207,-1.4068713811732076,-2.652315219523762
-9.909635464142843,-12.458404192597937,-10.137174308583724,-11.007532168904461,-7.72383794496113,-5.873600562900584,-8.035968920410854,-14.257765160536124,-14.296559681039565,-12.325090676403557,-10.810947705562567,-9.914363821048429,-6.407472834351848,-7.786586371548341,-7.028313127905552,-10.981652947318862,-12.82313033689725,-14.115536436716427,-16.19753583507875,-14.497116304498773,-11.967192612078387,-9.273641001929466,-8.562705102172002,-7.166619039208069,-4.684400984170026,-1.8655064410159046,-2.6018777292693622,-2.6082961231402293,-1.2450204899525752,-1.6973861619622843,-2.445990886653399,-4.149021932729162,-0.9285029827657436,-2.6391359255754443
-8.751568194335116,-11.783865042438086,-9.431955026346344,-11.918718093237365,-11.905755235248261,-7.64349725409815,-9.944040664783337,-19.9220918628683,-16.193254312504592,-12.50903016076277,-11.688151710190436,-8.27303522301067,-7.308605092161972,-8.1468756233817,-8.556457207852647,-12.167719421247892,-12.77886878338001,-14.329326463467496,-16.243924907122167,-14.927674214898225,-12.468881850674153,-12.114762893506061,-9.575195014361249,-7.1386291089861205,-6.283006510699974,-3.128211726047799,-2.8722849726100246,-2.1741436074289533,-3.6778137445109214,-2.344487498185252,-1.4951527992481777,-3.3650168282713673,-0.7132026959653753,-1.9071452756164
-9.736994959750136,-9.987876479409662,-16.956084703418128,-11.904429910744089,-11.225671093135103,-9.821710583943373,-8.09121248054187,-14.449480087949947,-16.773710980575025,-14.076681998733727,-11.775834612367246,-8.106125375647785,-7.057908515523878,-8.216004734589061,-10.167817071439837,-10.6770045539213,-13.79512312109635,-14.86925507439972,-16.80283626269667,-16.23916204007083,-14.694801605059533,-13.351367161155112,-12.388724034295551,-8.622388699466011,-6.66511839002879,-4.083130401382806,-2.9644439225010055,-2.4707658961642327,-4.771399246997423,-3.2114032430701664,-1.8168051814822017,-2.6205696555668445,-6.660906147564685,-1.501369503454753
-12.300309892578067,-9.602965256193778,-11.624638174524055,-9.964529595051028,-10.497288072541629,-10.665134044155797,-10.243264969947155,-14.30232408653112,-16.867883804586743,-15.783380185030548,-11.412629671445442,-8.645123370559169,-6.65012114572378,-8.504354339172169,-10.181824059950943,-12.691832258805105,-12.789017685115617,-14.454613314559154,-18.111849387666602,-17.46972069906305,-16.381376048784276,-15.533241088449769,-12.952629803884651,-11.221543292914227,-5.480815023390695,-5.578403007397066,-3.496937637611026,-2.959683409571559,-4.786121504689749,-4.147117541257041,-1.9469665122810569,-1.9299372751353485,-5.264087333418043,-1.4447184272555875
-11.051604059753267,-11.08227253977552,-10.47397230491851,-9.117258124090814,-10.547757031034195,-12.60120751269486,-13.051144702741862,-13.203170845445097,-15.629942514658815,-17.80209737061254,-12.085618978917399,-9.672902436294985,-8.25322663304184,-8.287636282746387,-10.571654932401666,-13.412773572571401,-13.145520371907551,-13.566152646957995,-15.01117732077232,-18.174874728883236,-17.659376220456977,-16.786698814692638,-13.95997657113009,-11.548044035339878,-5.720280053842669,-5.986124865074033,-3.0144046053970865,-4.206356573856993,-4.497543278025411,-5.313099315417921,-1.3428939034441487,-2.0064020687971267,-4.352164511639398,-3.5849334179969476
-11.968133966457692,-10.894105837541046,-9.872573523753278,-10.342869863958342,-11.309504967697103,-12.479269673436121,-14.130354771830461,-12.942441645468492,-14.984541230177477,-16.761194690629036,-13.263387239955478,-10.656951463527058,-9.743302894516669,-9.463220134776911,-10.983189495672558,-13.02958803538004,-15.530356878727847,-15.101309586642563,-13.898012400830622,-16.604319115662697,-17.689051377778473,-16.784341132347524,-15.837912514666506,-10.347810814170275,-8.07277490376665,-6.627711462647036,-2.178757558243778,-2.546875560072838,-4.178161482100766,-5.729527286308578,-0.4273954177470463,-1.2018359244108794,-4.258805141093827,-3.0532021339475097
-12.248840197262261,-10.481830629640681,-9.248066794579742,-12.417148652197197,-12.88023735834523,-13.71696933724723,-13.686403763148942,-14.825360569529892,-14.291231624353623,-15.1720249733721,-14.683732476076974,-11.006062220201407,-10.456328382852606,-9.950841218123548,-11.455203817067698,-13.762418073128764,-15.026907601410992,-12.636974115839624,-12.597579799103036,-15.704361587123213,-14.264623414354462,-11.04303650314946,-8.821356529385216,-8.226155292994523,-7.735089701813096,-7.625524228668023,-4.337089513360963,-1.4641913293652808,-3.071104231578055,-4.136957024099793,-0.955353128984445,-1.4329251773324359,-4.163510266043614,-4.39966279690149
-14.840168997074832,-12.577952316948043,-10.6789176646931,-12.896562953558119,-15.172373820408316,-13.571503437935123,-13.293200289208905,-14.798526933185327,-15.032941777251112,-15.009435817529548,-15.245085922233802,-12.535684954519967,-12.003261661887489,-10.935010099028386,-11.496996204869172,-11.350564441107464,-13.161643417883226,-12.141473741706205,-10.448175911326892,-7.613628162698271,-7.6131279139554655,-7.437972434896476,-7.133655518286729,-6.809446909295433,-6.424840920974345,-8.262279004826901,-3.8256814787406803,-1.110723974096289,-1.5063558207926255,-3.1554852717491264,-4.894715077221782,-1.585099397796834,-4.431551040596958,-7.55821905916587
-12.216076969575134,-14.812784523771594,-11.230989825142846,-11.883194044113763,-13.183603454201647,-14.139805276188941,-13.553214835155408,-14.049575267177463,-15.312181823365107,-16.620211279185092,-15.239624751137676,-13.669802175635468,-13.00173572260412,-11.97088284274717,-12.174186487268774,-11.179339435883195,-11.340389522188259,-9.698533619689895,-7.850027017115161,-6.137685081057767,-4.964908612558459,-5.505955011532584,-7.574194650015649,-7.250009515431022,-7.5895731305167455,-7.856965029368169,-7.249968150404563,-2.6170186536300952,-0.9016697348243456,-3.005596046529849,-3.363664488944383,-2.2927639055669116,-4.95032804566054,-3.3128768668610955
-12.696153732806057,-13.504880859001533,-12.606971954283424,-11.29599052075812,-12.88395336873387,-13.860220054213066,-13.553162082370372,-13.940708020787975,-14.574984847957415,-14.541583837120415,-15.791705635657877,-15.645800492936889,-14.296672611317382,-12.897877733544911,-12.375537887685013,-11.575443682965325,-10.869438956174102,-9.018695542472656,-8.188196675835345,-5.639836280013202,-5.4659162432241635,-7.224325699936971,-7.302202345543107,-8.174238223954003,-7.7905134407174685,-7.456895501473037,-6.281688513307662,-2.9612639234880294,-2.512864616595026,-3.027269060152343,-4.47806591962969,-3.14573172363885,-5.214936765948209,-0.15109257150149208
-12.578803806689299,-12.212194515211044,-12.02701300769824,-12.772091942445963,-13.869752873164888,-13.899568761763614,-13.743050915489784,-14.287882757649141,-14.51037991766197,-14.679808398263711,-15.99126102661597,-15.481352502246578,-15.229230415601556,-13.45385247748927,-12.005087360640747,-11.04059892816031,-10.232287101827437,-10.921148784176552,-8.418178920259798,-7.524783296415204,-6.601733465767813,-5.294231910252634,-6.565369247841091,-6.01509273582945,-7.049699494578484,-5.245238657669919,-5.361614220097526,-4.167983402417137,-3.4330524124644075,-2.9697953487385216,-4.582681550529627,-2.871152463893658,-5.06568052841278,-0.3283686335683542
-13.013419903032064,-11.462781034990893,-12.22145250673913,-13.258592507180113,-13.272388285461453,-13.00827211117812,-12.518372219746773,-13.354307477190972,-14.28898686448672,-13.098877904464521,-14.335706055654203,-15.26284998861607,-13.467266319245105,-14.245694782281781,-13.006334912749328,-11.40968720010525,-10.477392692946053,-11.348147686343339,-7.746042352395449,-8.829488050035026,-6.757991478993204,-6.597581918193025,-4.441555607051687,-5.877154729285194,-4.919004881772254,-1.9203546383084844,-4.190866533059764,-4.562977927481349,-5.718381972404948,-3.840010284730889,-4.96552132404639,-4.612404929114748,-5.72304643671181,-7.355123948554743
-13.420153072079323,-14.788214958745348,-13.669923717853951,-14.51972367997349,-13.6087104328279,-14.676962648649347,-12.524209792125994,-13.346911235647209,-13.42065531895293,-11.72482955342793,-11.548826317607643,-13.458541328078228,-12.893864958308754,-14.518618698899925,-13.754000448536555,-12.53335529961724,-11.169111100807882,-10.95341991254909,-9.86618984911183,-8.217520713662555,-6.907773287631772,-4.923618385128179,-3.952045378193537,-7.135196710039432,-5.511305055102764,-2.30332633294279,-2.9436983490230597,-4.388146252599821,-5.322239503256259,-4.857429781909568,-6.181120125399162,-6.677661388142699,-6.072538644318398,-7.81872173597554
-13.127255396088595,-14.368743615668695,-12.308433464387665,-12.654676037308755,-12.141590453864413,-13.73300715453212,-14.03916871253095,-13.255124869026016,-13.13613593386103,-13.095355646715248,-12.20735467382478,-14.132304540945162,-15.011371015403071,-16.713496629580785,-16.23206495067819,-14.338245462969653,-12.676493048928776,-10.741479590277324,-9.387398428018326,-8.035163324608313,-6.492445267417092,-2.899371676515395,-3.2969369803064748,-5.851875339524992,-4.159527599560154,-2.849512659893573,-2.5341572350606367,-3.5750576919317227,-4.067885465012466,-5.665662177824682,-7.501060762566312,-6.658770208211347,-5.900438085109304,1.5454468814413942
-11.510230758761674,-11.693888406129238,-10.711063932503514,-14.982712120925118,-13.681306772666762,-14.492193004790975,-16.168849795134257,-13.002564542727585,-14.282454676978572,-14.727456182355336,-15.672230020406467,-18.02409461009888,-16.55568468564438,-15.849362940463985,-15.807112668849218,-13.786021099083886,-12.32582808445837,-9.383399545685485,-8.837895115528164,-8.77377171019811,-4.97987502218944,-2.256520157627032,-2.5781839100340807,-4.390716907944273,-3.1745989982872187,-2.0662928451535634,-1.2943044228020686,-3.0527978825436697,-3.946931692404918,-5.388042640820743,-7.631913156923512,-7.821890421099938,-7.155261347308,0.9619381654290325
-10.198218360809387,-9.61428682295929,-9.930603401189162,-11.018875831186383,-13.377360072543295,-14.045058763743068,-14.664622640783369,-13.757692717261548,-11.639792988108516,-13.80368936103421,-16.1176249901743,-16.313031739330015,-15.434637230046638,-15.124766942051025,-13.749595515226051,-13.062111966691171,-11.522780829573449,-11.593171195766926,-9.900096874613928,-9.159966335839245,-3.4620652530543596,-1.0135325115744316,-2.5801601497990547,-3.2122733383378312,-1.927206561709951,-1.3138587926092677,-1.3680279219496765,-2.713720599743328,-3.670166151426831,-5.530856499560991,-6.769213905462655,-7.572110091934465,-8.338357739555416,-9.638379447396973
-9.57253275061718,-9.523432493929315,-9.975846729526657,-10.33758254437701,-10.633447837604932,-12.574899158604515,-10.468679036560815,-13.02518771525037,-14.761195702519485,-15.64646599202305,-15.749460931817374,-15.54883353280383,-13.818294533738417,-13.174099724325542,-13.93408316802303,-14.593005517673395,-12.941092939751567,-11.217635895670377,-10.608213053172971,-8.113508618728304,-0.7442486101575819,-1.093141237569382,-2.14799010651512,-2.645081031595109,-0.0225137592199819,0.9312349143116921,-0.9315779326721606,-1.7532074030300242,-3.8617167176820635,-4.94467255074989,-5.91735619490692,-7.038153592466155,-7.752352706717457,-4.549125666361876
-8.76793596126243,-9.599538039957725,-10.00798831445258,-11.029207812755661,-11.573545355793945,-11.716960425439435,-12.199424176416864,-13.03009479286184,-13.877961674091484,-17.77303647372177,-14.380213129987808,-13.397210549718512,-14.114366181024547,-12.548330614233715,-11.897397652800086,-14.796456446477551,-13.909385176552831,-12.839065830307165,-9.397600876378728,-8.545278504062491,-0.622291688639652,-1.1145934055725422,-2.5533507488212166,-3.0493385768412273,-0.46370972721356607,0.8878781720515807,-0.015403196363479598,-1.3484101667569337,-3.136842235428101,-6.454213090225379,-6.012271651881007,-7.290621250427069,-8.577402006889626,-2.4625106006931494
-8.799878856454972,-8.657623721273932,-10.365489175516029,-11.056769153081481,-11.467775148653482,-11.640583935348781,-11.50094272723922,-12.236530708063414,-12.986517909955642,-12.7236171975709,-15.387591013548038,-11.810383180746822,-12.911884902878931,-12.649262814779794,-11.495946368452982,-14.474613719281562,-12.019392100719125,-10.682230241051515,-9.623334818156104,-9.766717176559284,0.04758992686310243,-1.1662176022813262,-2.4172290061846975,-3.897350938282655,-2.6510477821378444,-1.3752273470509162,-2.0705434113818595,-1.0745497782073157,-4.404491836993758,-7.392771773975074,-4.498233654048537,-6.643939600928274,-8.220554375028554,-8.569016865461451
-8.540571076235551,-9.05971158345036,-9.645979919826917,-10.049223327889907,-10.947190996967322,-9.914471378788445,-9.971877202417618,-11.44430768032774,-11.698280618052355,-11.635592320740257,-13.163980377894958,-14.363734326388977,-12.40815564255358,-12.29917200111011,-13.437255840050081,-12.586295565049852,-11.412140558456347,-11.899189740999248,-10.585582073820078,-7.150267623761041,-0.10321705381131716,-1.1555706345606023,-2.574335669144348,-3.4534076290514633,-3.1357942681028885,-1.3135074109496718,-2.1752658377641536,-3.8916444345368273,-3.878555896488224,-7.3643698246134965,-4.538755725898136,-7.401189744302103,-9.366031404559527,-10.559931026553565
-8.763110130132237,-8.488319636409075,-9.062313228052052,-9.68437965181383,-10.156200503837823,-10.089508249259778,-9.587680758798841,-9.889014220335522,-11.20633019406625,-11.024641279741285,-10.871150792707256,-10.884520916422396,-9.83997493664585,-12.156460491630884,-13.269057515566319,-12.219221186835581,-10.51440857883939,-9.517411881109092,-8.72440206153737,-5.936316616970349,0.41453955404742443,-1.523951013030311,-1.8800589801728287,-2.72887666568352,-1.7053765879132634,-1.0135533738297047,-3.5518209966188623,-4.058875290934252,-4.245084103348528,-6.614916669067802,-6.480257117970116,-8.29711987103181,-11.130355170119785,-11.387650333492145
-9.548379467190047,-9.087404158663336,-8.875561005124354,-9.084127251179828,-9.180998868533786,-8.455231645968334,-9.398025917048711,-9.499262497366482,-9.378370251819883,-9.688928939516966,-10.185840024092652,-12.380787263715996,-8.522473602848063,-12.023361404675052,-10.391331711119562,-11.735188722098554,-10.396021451321667,-7.738057860008005,-6.368236810539691,-4.114908931040532,-0.20531594576858417,-1.3883489997824203,-2.227284802793543,-4.654927429266284,-0.8243115333174268,-1.5660012044923017,-3.536892768917827,-4.392905134516411,-4.675791508129751,-8.040597214770818,-8.395026230018471,-9.983324764248971,-11.705612719878191,-11.80687241930919
