script/wind100m.json
{"header": {"parameterCategory": 2, "parameterNumber": 2, "lo1": 6.000198445256149, "la1": 58.999992894266676, "dx": 0.5, "dy": 0.25, "nx": 22, "ny": 24, "refTime": "2024-04-01T12:00:00.000Z"}, "data":
[rows 0 to 23 of 24, columns 0 to 21 of 22]
-10.98886683818703,-3.853778634955355,-4.738268216898901,-1.4712036596582578,-5.3164900173184435,-5.220230699434551,-10.695305896059615,-4.970267233720036,-3.857250338725131,-5.62241148135828,-4.008953192755338,-6.717875506354411,-1.9724828856137182,-6.428667576940163,-2.9113344727869195,-4.785653227059219,-4.122813708799798,-5.176988842686244,-2.9186004649058033,-4.593125352521266,-10.86162856751417,-6.715953896515335
-8.610636242880114,-7.613518707820508,-4.030984168842972,-5.4277524733852305,1.1979027468273271,5.475088887457494,-5.142722188983518,-4.456833275452574,-10.102829309915368,-11.99963716102905,0.5479578986087119,-6.0362246079988005,-8.59620052760169,-0.8454104528636067,-8.711196051045995,-6.819170726689048,-6.465803360317585,-5.28900017247242,-14.938464026429939,-3.1691289611985316,-16.08105812654589,-5.200556891627626
-0.41107059183519706,-3.5696396487054725,-6.5895521790664695,0.1247346358371288,-3.534916223097805,-12.729719595798668,-6.439501020823769,-5.736406834839282,-4.178343966697647,-1.5989325974270439,-5.772802786538911,-13.296150334321732,-11.22956127451725,-3.6105027731737547,-6.741442110580783,-3.145927264602306,-9.216774619109685,-4.889804941305111,-3.5958897387729074,-6.612772475370163,-3.8716231101867424,-7.854609630251527
-13.302470992200679,-9.016815462826242,-5.219153039643681,-4.962685943054977,-6.683033247501172,-13.797428174723073,-4.444502187512383,-13.474048078107923,-6.615915001284639,-15.204787930921489,-16.832030147522044,-1.1679162839814137,-4.899538733687904,-7.983820997523723,-7.646167016138862,-3.6649300801097273,-1.8229737167777986,-6.168743758090973,-3.39812154172633,-9.841493606210207,-6.786815578874408,-5.3900803208111165
-4.136818995092612,-7.04268075126417,-4.884817051618612,-6.2429202187120545,-11.377394535070673,-5.906766351977763,-9.034153078794441,-10.084281890221606,-3.0169293375638433,-10.815554917249218,0.6373340007990038,-6.810440849988661,-6.82106517176119,-7.33628859472857,-6.491417024928224,-8.276665774967265,-1.987060883619767,-2.588382821308581,-9.0837819530378,-5.06078428473757,-10.121971966554018,-6.525754255697449
-4.8869851976117955,-6.759372179649735,-7.775943474621972,-14.79963459502387,-4.717012241275332,-5.176933810326934,-5.550230455924284,-7.047103018505637,-3.9625132216014727,-5.5794296272553145,-6.82594863594071,-3.172153352127792,-7.6170558843764775,-0.6662291483705824,-7.981730604162433,-6.488564412968177,-7.2163311845689435,-11.085178849270518,-10.997198379278286,-3.0726875033539804,2.3479385998014712,-6.128716285706238
-4.973575354563494,-6.304778718987532,-4.687162666174264,-11.323721009790551,-0.025138994098180448,-7.8353559319091195,-6.830571645025219,-1.4304978893193794,2.370668598445691,-4.983028198424744,-8.441800770324871,-1.7867716955861757,-5.5450632563769595,-5.065202665622582,-10.505261204690687,-4.198850200177322,-2.8071473115651537,-6.098183629508166,-10.55036368524073,-7.739940173450577,-16.50885188901125,-12.177375950409534
-8.042599163842617,-5.693208439585647,-5.201906235711935,-6.7853941547768395,5.536086538665125,-2.942734775386765,-5.819865631228306,-4.946388432049293,-3.571412778858852,-4.2532984949771935,-6.266162990011936,-8.395480154060065,5.822524685541459,-7.535418844326242,-4.714962247415375,-5.126465887714823,-6.215846614247292,-5.138887500833402,-5.203094522987634,-8.381888754014133,-7.277434494425066,-5.227883781469053
-10.396924206453217,-7.6105711005447,-7.330040261681924,-8.021822467302343,-4.203301617786866,-6.637361284359394,-4.603875582749188,-3.7217268177617777,-0.2881266608757934,-10.604798439337001,-15.352188604928903,-4.213875797062113,-3.5572369169244293,-3.348816135624658,-10.54667476611929,-3.28096062140666,-8.138127625271538,-4.4269023225540245,-8.727096716706045,-4.477757522849254,-1.9790722754593055,-6.201046152914384
-1.9956389943503985,-2.9079506839867437,-6.26017500958246,-7.37843487759334,-10.777067152873835,-7.103810264396388,-3.9907455232336355,-4.382425886882964,-9.79720090863537,-8.472410867216274,1.0502813544146177,-10.515607004367666,-3.8484738377118144,-4.426956684982036,-8.86716502031817,-9.74002246402603,-6.4045884040583,-3.4968978110841205,-1.1175669917769129,-10.105344390640077,-7.6602147682106185,2.935442049229806
-7.908402363521449,-1.2366676761185547,-4.707531987347212,-7.57680042165437,-4.054829034596787,-9.368998024912438,-0.6229649219354425,-11.717099740357536,-5.187530010022558,-14.964251862437157,-4.189737735058564,-6.575624980851735,-3.2055452873476136,-7.102751941418683,-2.8037849745065007,-4.656818652207113,-3.0848682002281396,-6.962371373969501,-7.1720584524303375,-4.922588613745493,-10.570896349309848,-5.938632492418536
-7.446457599565738,-5.315230959916147,-4.220800329501322,-6.130403146816729,-0.5237510573294422,-5.955041081010194,-1.0803471402512406,-0.715440581681833,-8.18856434744082,-6.622808931477336,-0.6714746112392777,-4.414521652788307,-3.0255244747227352,-8.106360843645954,-2.379334368799428,-5.068238137690979,-6.494844277670119,-2.6050399740786907,-5.098643522729239,-6.312799208876903,-4.2071363395990815,1.3571927090846276
-9.288173700214067,-5.6815901582333606,-6.731365984430857,-8.67083669491037,0.8610992095122141,-7.366501903055723,-3.0477276874079156,-3.393598895763869,-7.547494575558711,-2.857319406229304,-6.931134846631196,-10.58377230857527,-8.155567172928885,-2.0724038391599873,-4.482046892707631,-5.831585681369457,-7.5884208339792645,-9.225301646766901,-2.532843088683569,-12.547923234108646,-7.869883329340736,-6.363644679240702
-4.665493575522819,-6.841917581819986,-7.186148966271034,-0.5163194847327761,-5.652837738333245,3.7500184415660653,-5.139702145243977,-4.930865092713754,-7.65132069954097,-9.726881590913337,-5.352811222324813,-1.5914978619540447,-9.90473624876905,-7.3112336376781775,-4.392653271111094,-6.489824747580735,-5.580253115801166,-10.648852571993599,0.6097775053131379,-13.104999290336938,-0.24970947130386725,-4.451034996588335
-5.942563849667505,-4.577237242006752,-3.1151828773793553,-7.022218873383249,-1.735132327775978,-12.983022209257667,-6.103563638062431,-2.436935647447185,1.2255440448757506,-5.672813335423425,-0.5316916394345849,-6.272131327728275,-7.3913061094724455,2.852094130792355,-6.387542409857441,-3.9752100499279646,-10.482081445849634,-8.244598125413667,-3.157508367054846,-2.6284897033394534,-4.678380670295274,-6.67338233920532
-2.8388707721795767,-4.039154400230797,-8.05807854143326,-3.54633814659347,-5.632627687914557,-5.744245523786974,-4.81688664245892,-2.887042379077418,-3.412919669532311,-0.45889366873920684,-5.581658201036328,-6.221594075638936,-3.0466540213323428,-8.159834549969919,-6.650274787029793,-7.650314630498524,0.044258479270143404,-7.066747267440664,-7.739941725368712,-5.2981015747028355,-6.851037339324219,4.935734566666743
-7.142352196564481,-5.056708921019368,5.368583908549041,-5.073662852964163,-11.299638889581978,-1.6913996256575803,-6.483383202558946,-7.796079202399583,-3.4740549375963528,-5.049246084228781,-3.167267401756472,-10.646693770519251,2.191618644546753,-6.339601360634746,-11.910338483765909,-3.454809817386245,-6.645180393106857,-6.221751121310445,-6.678540785336009,-5.5812073974550644,-3.111606971220856,-7.02622620965024
-10.543644472606035,-4.817643630267779,1.2662586239218818,-6.152695957094262,-1.3122264893399935,-10.609832927414582,0.07535559558259276,-6.165028422799429,-3.432838278513363,-2.076459539310091,-4.503549301674304,-3.9419732993163485,-12.497097202269853,-3.999566620928642,-15.501736584721694,-11.015493150184033,-7.5751129942396265,-4.197979931804521,-5.198082298273302,-12.90489906068613,-5.90863535236349,-8.327440210733792
-7.499879465622829,-7.557545545478104,-9.276780443076463,-7.018088672951956,-6.185218292346981,-9.049154442450561,-4.600829335720383,-3.9733505987475732,-5.889915554395551,-12.511426550224899,-6.400671358001607,-8.914023937444975,-4.312227359453555,-2.943120574659041,4.173063373935338,-7.458555673508683,-3.6426472932653535,3.1025721541014972,-3.0224571213993086,-6.125500152743732,2.2216530253584637,-6.226555147572093
-14.63892485522548,-4.318293687740496,-11.12197324892843,-1.103745765717113,-7.478874704610429,-5.552197779929551,-1.7009928079322616,5.85450613391418,-11.314008880293306,-11.86396211031591,-11.5258518771167,-8.241132248277841,-2.3273893549099056,-4.774155675351202,-8.076933750547314,-8.604457105104451,-6.478909753823061,-5.230012335666146,-6.371101615749487,5.733541379111892,-14.482886738680188,-7.575309456545936
-6.46857031629698,-6.444819803596663,-13.582024146898236,4.701766403762083,-5.5436796437572955,-6.335815297475944,-3.1930548718864222,-3.2395085229433604,0.9055061775541774,-5.407910714524099,-2.930003041541765,-5.555679199417816,-4.280645079155286,-3.3260804868725984,-1.9824321764003776,-8.160170040852417,-3.8300909548544255,-6.819184632770544,-2.165465909073548,-3.2919708867599144,-1.9928480068292465,-5.535212267215493
-2.9946480955761445,-7.337133961012521,-12.349108340215674,-5.502783305373876,-7.5412274150060705,-7.087194084011972,-4.993855487581421,1.1015827014626176,-6.629407701268821,-3.131006475665874,-0.7196078221084982,-10.531774938134363,-12.411071050107571,-3.6601115169282363,-6.24952184831384,-6.6535465978248,-5.912549503568151,-1.0975684080805357,-1.3402196395005548,-4.525188214337692,-6.097448979391291,1.3144823705858752
-7.382797801090217,-3.3888360796081654,-5.375478370025552,-8.804057195192367,-5.0858669172950375,-4.818359068108019,-9.826133343013192,-3.5606258964216964,-2.011167823341933,-5.11016115965411,-4.6353397807631325,-6.347820993875603,-8.006210106764302,-7.4142580315492355,-11.256331313203198,5.142087311125246,-7.176853596789896,-7.063526753007195,-3.4494129634719197,-8.653018981320212,-3.671247458974511,-3.9340785698046905
-17.79266460324707,-4.908243705250031,-5.9018222672195195,-4.247925353391912,-1.2180955997812841,-8.48059625545721,-6.5462773792133495,-6.348322310487328,-6.560280516403244,-5.699666572019421,-6.663298710757641,-4.0218269873472465,-4.560852035699919,-7.323966928982451,-5.290873790636527,-11.936097562690763,-7.146721527733247,-6.996451114282659,-5.428678384170768,-15.622658473054734,0.4645830890566691,-4.838685302599435
