script/wind.json
{"header": {"parameterCategory": 2, "parameterNumber": 3, "lo1": 6.000198445256149, "la1": 58.999992894266676, "dx": 0.5, "dy": 0.25, "nx": 22, "ny": 24, "refTime": "2024-01-13T06:00:00.000Z"}, "data":
[rows 0 to 23 of 24, columns 0 to 21 of 22]
-3.242711269130121,-3.8583347528015164,-4.545147828432524,-2.64169936491704,-1.2493856836829256,-1.003738923833924,0.28041292397988626,0.2480140576298794,1.380548690242453,4.803957939023601,3.6199338979531506,1.7137748539083095,1.492480130387115,1.467173873896084,6.554552948030662,6.247194848134406,3.141347502259807,1.9319466036769521,3.0600756058115364,3.823194435126906,3.910461190323782,4.7687718850506595
-5.107304797400465,-7.062619446106019,-3.21165845102292,-2.5842312504708524,-1.1349125682405925,0.8862216992510503,0.1017235143345765,3.019844147906287,5.189953203182338,4.532549139622774,3.985407168635122,1.2716198790972104,1.7316956154008605,2.1767159590568825,5.141933986482509,6.267251416225911,1.596760992911913,3.1989906722369836,2.805919249779133,1.548461021705037,3.758006702047601,4.5089991826949625
-5.982833804716687,-2.958364808868735,-0.7169818694422251,-0.07418521038215585,0.07950134708580774,-0.02261484686607949,4.537914149394806,2.8810474934551884,3.1139664732143526,4.110544912196437,4.161222102671778,1.0554382344737092,1.0120491837791095,2.8518513551791362,3.6289150748811045,4.50703153914213,3.2481754878467863,4.147519931585404,4.189035017434326,0.6047567499938968,4.977766436960536,5.821490732855992
-10.302730357480755,-5.626748381247046,-2.2496884752791546,-1.2107263070955339,0.035799177250750096,1.1637285613850532,3.974381311048389,2.3797788328993237,2.9471863646486556,3.3555898049252106,3.7808167358465803,1.3239497479237223,1.2717555896356612,2.225783689939508,4.315294362134988,3.9770604218807684,3.0201855327550353,9.20023680144557,3.1194794116739293,4.060860018338877,4.603772852209048,4.571636866915411
-10.149682644882205,-7.828992553633207,-6.159672794189093,-1.9481266046900543,0.002884243165306502,1.4121610311390846,0.7216340040079245,2.2441197816111047,2.371286750040541,2.048644774536045,2.659168737748752,1.5889001759993338,0.5587463303430612,1.8532254034251172,1.9367636593229556,2.9902142703847474,2.5732379839002943,4.038535241467325,3.6137417669176277,3.892451443078247,4.317497185739779,4.004715536013937
-8.239002165862388,-7.236332341392396,-7.071994744827226,-2.853961330298992,-3.356345443362028,-1.000181710704866,0.07448361851814471,1.1046266965856397,1.440733115813897,1.3583084660511127,1.7682928070031376,0.8739108026710061,-0.3935157564009612,0.46401194997802986,1.9825065530434685,2.8415443535580027,3.1673815162056402,3.6243099122848417,3.852477383900788,4.186456300796382,4.04402038979669,3.9387247262282403
-7.68482740737815,-7.4641094603488725,-4.592753673836908,-3.67635767513964,-4.273441866508834,-2.089232463408463,-0.9905020045853079,0.29811758548513945,1.0516612429271956,0.8117237516846654,1.3435866137535597,0.578468608879539,-0.24492963951554111,0.43201293481391045,0.8222427229862592,2.4325387350964665,2.829750837842725,3.523327694369812,3.0583979824331946,2.7688025326187424,4.0019876150220846,3.499808615818382
-8.742639203165448,-4.450484819182512,-3.1882103949409246,-3.4925219281031707,-3.591321789537171,-2.699707510088915,-0.5435212156754844,1.8367410223945833,0.9024164839468057,0.41705365898374047,0.5291715335669204,0.04546737577587944,1.5424679783099349,-0.11473762927644636,1.0770944445052857,1.9208351874862146,3.4013501940868136,3.0768399958448174,3.0252446518547944,3.656469969697295,3.869373339077134,5.612595837127004
-6.399183932369831,-2.8704901952778656,-3.253211295506356,-2.881065558331841,-3.156971755800036,-0.369802176200664,0.40088914438055034,1.5074047278086433,0.8826366185516181,1.25394741678391,1.6893863233730253,0.25517921924608433,1.9854859783793526,1.1206806552688457,1.0813473949350965,1.9798282621568173,3.4461066646740455,2.049700043160082,2.5126095793462038,3.3036488070091434,4.052371233989734,4.876846844923688
-2.0817352596950522,-2.335749742091186,-1.7462911001464863,-1.508542259492368,0.16240402357803854,0.30997985267430495,1.0177449119335118,1.1066262619696419,0.9715478377544714,1.2666136883609174,1.561960322052666,0.6204771595761894,1.9742238093689983,3.131880725643511,0.8198649853443872,1.7243340470086663,2.874282985513898,2.5111143414191694,1.9431411285365099,2.3764695310027784,3.3777447920082406,5.769279703109344
-2.8167493782234287,-1.840886320422774,-2.0086862602578743,-0.9809193234777386,0.06077818097548898,0.7088014142480157,0.8636808077953597,0.8403630308757897,0.7675895756638828,0.6937297537055022,-0.17564864218078757,1.3723667583134849,2.9194588414071556,2.773302633667013,2.0269267910199287,0.3476801825345545,2.7217349968165325,2.626880646202697,2.499076275065169,2.2261520952180276,2.216039367779522,4.332561173131533
-3.6487748020414403,-3.4541852971075704,-3.28029560088807,-2.0092066878459356,-0.18515951496925026,0.1839023238779788,0.6370057498800176,0.40027701182885145,-0.18468063468966847,0.1365342563635312,0.687473099867205,2.018891566486157,2.9656050702928636,2.7925391854155426,1.1064518643287238,1.0541954519068677,2.0341658747035813,2.191979729705016,1.423752560468145,1.3102075706586231,2.2640730697609275,7.179537275233811
-4.191274574884014,-4.62694857650931,-3.1546464965910808,-1.4404555034262687,-0.7191534762373482,-0.286001520379428,0.20704144417721534,-0.44775201950803495,-0.739878976591252,1.9142987035372938,3.403269007051121,3.49431145021009,1.8252898207179549,0.31440223652244914,0.7628432578861343,1.7066367129158355,1.789562522365867,3.5443645475825383,4.382882134044534,1.4627753374033843,5.733278562868705,7.43473462451781
-2.755743701465571,-2.887893369798046,-2.4953177097235537,-1.8954399225534126,-1.1819790785394093,-1.5599269597704666,-0.5654879767200902,-0.47990258988900747,0.46973242996016173,1.0337180446622578,2.6324248536297943,2.212511053239488,1.6999305474509623,0.5828129621044311,1.7716089344469617,1.4369430082903294,1.4773745909860083,5.097724002639401,3.675867745271283,2.8373366090933696,5.04906756868376,5.968997434621202
-3.0607161899488045,-3.115367661323878,-2.6105345973347034,-2.3627005589097543,-2.11981332750847,-0.9780884265337104,-0.4810285798794629,0.6614843377324808,1.3487914236659673,1.8378696142364581,2.805981904125391,1.3983870477579918,0.8452909141383944,2.1993569464514,1.506337006375215,0.7354564794983072,1.9110259943623407,3.026981490728574,2.500376263233675,3.5109853824699697,4.3144543023114315,4.345993961102546
-3.114651354790257,-3.073184515568299,-2.6290132422667534,-2.5124368059180022,-1.5975663754027298,-0.6544044474562828,0.6554973193832914,-0.2108415590617089,0.4268098594461283,1.2343911687967122,1.7770114923777023,1.3086373678218435,0.7447642933524271,1.4223213727673092,1.0652569169789619,1.6732771736168257,1.6111377746845512,1.0675502080640573,1.5733071129339344,2.6580384871515395,3.2780596473770194,3.604254862068376
-2.725215114626903,-2.68002860559504,-2.5469079926423244,-2.3305899763489353,-1.4379377330476342,-0.6653317087928183,-0.27186554600950313,0.08110606426611021,-2.0295019555606917,0.860630643981046,0.5234627311659685,2.2218373240389298,0.7429781472100224,1.1033329966342593,1.0465409546542919,-0.40964119207161165,0.9782316482977423,0.8542356344842217,0.5876063400119557,0.9361396018271199,3.2811966024487824,4.472408395630346
-2.4163586007022446,-2.652858756098291,-2.6233564991833935,-1.7128191143147216,-0.5766400599447384,0.5502464350913995,0.050036258224044304,-0.16798913074469055,-1.3374773104366942,2.042484413042758,1.9675242488897522,1.127808107758408,0.4351189754935435,1.1973985823662838,0.29906994274265725,0.35268474689339796,0.5138142053633091,0.14814488027134637,-0.5871856151022578,1.3714954390184888,3.5655790678504724,4.068866607131815
-2.61970223739696,-2.140003867093636,-1.8570870036529457,-1.9966353180784409,-0.9283619580911402,-0.3610003280962809,0.4673867230345418,-0.5175310879592293,1.4609888389518992,2.1555726868014133,2.0707812730036417,1.184250751393738,1.217431955646834,0.719010146123531,-0.3277985831032529,-0.8986055188693949,0.46870264181621357,1.5099491695416103,-1.5746773242988437,1.7531637714853519,5.10808195576509,3.621314704790474
-2.6695410156706014,-3.122972794529697,-2.5070174261728293,-2.120135531549649,-2.9826741180018255,-1.0374568278017113,-0.02354440259862918,-0.11391737312471656,0.01826660040247494,0.9498490028129207,1.508940103410117,3.4518201540975735,2.8215723225616647,0.2599059799402116,-0.337763649485756,1.8111655310715928,2.9393389054574732,1.6374262579204006,-1.325333360946731,2.0962095736903907,4.207160363533329,2.318696165056764
-2.5717566875567788,-2.8717164530338475,-1.9591756137078788,-1.510597917544734,-0.4904091374271639,-0.47122913411698414,-1.0489808034333472,0.018588357649446885,1.1204249994422566,1.5027007222675715,4.119047808612447,3.2683852666694913,1.4116571064758527,1.0403333855683548,0.9136283241875122,1.5172849050204669,2.571700873897752,3.817098573680017,0.5847432226964407,2.242122913447918,1.932611976489257,1.3372577330247786
-2.3144527306801668,-3.1001409136795184,-2.023415513258167,-1.290520317346089,-1.9502202694032575,-1.530904996806568,0.8953534128742064,2.4322042776911945,1.6278858814782156,2.0593112771823607,2.0244116111537096,1.6114060482262114,1.1963973907900882,0.8571080427192559,0.6323522504128318,1.1610466398258974,1.4982491824989688,2.4913201077706746,0.18375985798855723,0.5513026923892813,1.5986621907654064,0.6435849463368025
-1.1852074302908004,-0.9831353846405083,0.649709014622497,1.261244114138841,1.3081937768137335,1.264239122983474,1.2179055245986907,1.7722110871318213,1.0581151242978704,1.1218002637100362,1.9750248948313813,1.4131191835959815,1.3471298601389803,0.5076537514022601,1.3803107433871338,1.1460373170408713,1.2763748112286855,0.8365846676702859,1.1051386822771136,1.1247377591089074,0.7507497187210692,0.521629760087183
1.5689424451419944,2.6770577404508886,1.6171746158680294,1.7977668794794432,1.5445307274113,1.5283161880770872,1.5042044161339863,2.031801760656694,1.3604353621216856,1.5654572960103923,1.1279502280185165,1.5648564422789701,1.2962662680765629,0.8481091845778668,0.8625962939412547,1.186997957832761,1.2307718592112078,1.3193504796052153,0.9245701221785533,1.11994614841052,0.423685203242852,0.42217549925721515
