script/wind50m.json
{"header": {"parameterCategory": 2, "parameterNumber": 2, "lo1": 3.000054539987559, "la1": 64.9999836372058, "dx": 0.5, "dy": 0.25, "nx": 34, "ny": 52, "refTime": "2025-12-26T19:00:00.000Z"}, "data":
[rows 0 to 24 of 52, columns 0 to 33 of 34]
19.957117120955022,20.690875741572526,20.020924483471283,20.18264327158233,19.4147504001226,17.96075007743387,18.064259965847988,18.298391128999047,18.077286900923777,17.048249872295223,17.209395637558043,16.056624667101794,16.11208974452046,13.664292827817032,11.84708595773656,11.479603659935986,9.744795038063558,7.080523730858536,6.714193278011793,5.104054255335756,7.772810174485148,6.490003126901753,7.0420104062314675,10.919275105107632,11.499865137096583,7.669783739449409,6.523504254334889,7.67192757773651,6.273047260224603,6.759149962864385,5.432018238237927,5.587284541119033,6.413384070175478,5.441137619344131
20.800236342755333,20.332402414303125,21.015938982091065,19.256681529279767,18.580451923302714,17.37974965381461,18.336503073815987,18.502372412078103,17.212696885951463,18.402196151196133,16.190939113385912,15.292523524077849,14.7769674933639,13.424218097908076,13.405426679261025,11.79013896892146,9.45514611248696,6.276208542833242,5.878121001543549,11.45321428792761,4.327715569207909,6.0412853153333055,3.9563726661761986,10.829708878371784,8.632439719810233,8.831571405377913,6.816871903328741,5.250791952450062,5.946843575031679,8.108999465604432,5.64877496133422,6.667762142563458,5.2715843552463335,5.70449362415122
20.988049152566344,20.695642476750884,19.35785272529068,18.55524429803723,16.889557299731344,18.444070274224977,18.025892235609902,17.46729675171958,17.564713912306914,16.434761329995847,15.353598578657113,15.089670362718467,14.13115519429741,14.482689719001371,12.759821990174656,10.57674895282691,10.691843322490932,1.8285979804825798,4.631054543951325,3.2617977012041077,8.079925599607767,7.662093763839452,6.681698142371046,7.096029011666175,8.469318798097195,5.63741571745199,5.138356482547776,7.663394677774649,4.971672080611929,5.6911508630852,7.085314666677809,6.353657692169947,5.7284226994636995,5.31367793391458
20.346315306197262,18.822296852934517,18.11376090187995,16.806177058201868,18.084124534386465,18.08928364610791,17.550045399360087,18.09873201011474,17.808532839580185,16.46753337515134,15.265420019101375,15.53522848554545,13.894710297960742,14.246388538123604,11.302625993630679,10.775306809413776,3.9878923615715434,3.7324984045883483,5.118429615209948,3.275946170065718,6.082604588910556,8.30226775862002,8.944250325195952,8.170636577883867,5.63575837929607,6.03806372156115,7.7821566064000915,3.9165451882595153,4.579448816602494,5.408957679298285,6.222846234117143,7.048266962727659,5.868878691684344,5.140807419522853
17.88891817954347,17.32049324569215,15.940825431114465,16.910868968948364,17.557685796796058,16.920892393437786,17.380286513682044,16.544070063453937,15.915347287048784,14.88957113415621,14.004163714635489,14.02330692915444,13.950394736993042,11.09350568150451,5.645083822202014,8.818728060548555,8.698645918460166,3.7609559922899725,5.731197112984576,11.664439886715652,5.530981030096734,14.788648696871082,1.9270866848152777,8.024990456240479,8.124528200260958,4.843976734384567,4.700784410295138,3.844518229559908,6.335351452883349,6.128511125837424,6.8507692198790044,5.694094785977847,5.870626536595163,6.220603302181571
16.230615984053877,14.768261068236184,16.93371537310394,15.738646375558385,16.151570767870155,16.263866542152893,14.572046834240583,15.74315344468195,16.158025600747052,14.304164953881624,12.76130738255102,13.1889507333514,10.789459894257687,10.063114614669448,6.149037197123797,9.696119155810326,4.218155143245575,4.509283499067525,8.308209404982476,5.164370394809901,6.6636189223142726,7.583886466589373,9.374705291454848,5.935647557335459,4.995863229506149,5.094545537871339,5.716740619247887,6.519388896765641,4.586440839786328,5.94272367935443,5.064833374164746,3.771998471279598,3.9275424840717155,5.7440813386850404
13.80578354328162,16.57610916888548,15.070333164768988,15.351754516530216,15.39269793013366,13.94345917624162,14.33909501041064,15.400743649721502,13.73482910499439,14.598097576557851,13.614336805296482,9.69788248852383,9.694433043579025,8.40153581563379,5.298780471963891,6.070499545016111,3.131092286138144,4.376354584181205,10.501807737358837,7.109558838436277,4.318022879021385,6.288319087865125,5.514676465751541,5.199573987448229,6.307916560148733,4.529721982842627,6.356205375206276,4.5965146352430715,4.541118477394818,5.931113916184985,6.804623659425772,5.543753667347351,6.04852616840123,6.556043048948158
13.441564635268216,15.323643800324048,15.225392212364298,15.933210312551225,14.066257252381194,14.395032480577514,12.99823695135266,14.285166113671592,13.742303372766687,13.802094488801563,11.732980586088917,2.0909247143213068,0.4220235811841046,13.129726094004079,0.9615318491600933,3.7158614112604003,-0.14803314778628326,6.229361202046739,13.023620606725801,5.195580621224241,8.935391211023436,5.192008304287028,4.288648700428989,4.928862623782504,5.2572285645946675,4.941576298385677,5.427770447502832,5.962283993846568,5.687721231789181,5.017731511652731,6.275358715740829,4.762450485133576,6.885997924825721,6.522499350843547
13.984303768647418,15.04180270023926,13.77785187786983,12.424559375895967,12.33813082029489,14.678070769190107,13.603511034263994,12.30023525920097,13.27109263971638,8.37295144966818,7.596742308553521,5.784358804433224,7.112113114818196,9.575914146552615,7.57558530782937,1.5910004012575418,8.718851234469804,11.278674257357777,0.015784779590495488,6.012484465930257,17.18543421894413,4.95615162857366,-3.440419850107411,4.266507483733608,5.692822251827116,4.902350750141323,5.749585285397489,5.438466350851889,5.87198259896387,6.336867699166982,6.211303852962942,6.180222291427713,9.534059884273129,7.4508202752690735
13.510166457284267,12.774984059257505,11.815907157946093,10.605313808690406,10.492713127789985,10.28845757698223,10.378193935114066,7.668743252620648,4.875536906198924,4.790981193922897,3.6165950474110056,5.844971133342587,10.935903193194699,12.337990409900465,2.8392459017526233,1.7129481422001596,4.433424908290467,4.7595849886598565,7.448419047785921,6.492770724444518,8.87075686010766,6.584420674259123,4.4880296617546565,3.046688729010536,3.899267626500174,4.568676355480287,6.312405541798308,6.118164253372039,5.18946061471629,4.9205678441788585,4.06175201295078,8.246832929209747,7.759758169828396,7.898847802145422
12.108155730511202,10.928457417899615,10.530871112913601,9.849401010291544,10.232769320437802,8.111600236602154,6.516920724832328,4.553767323497094,10.758768078017692,-2.3416994716281887,10.95246007886201,-2.3575746549226055,3.74053423292404,16.226055374732635,4.179219318187132,5.838105235706935,1.69060154672043,1.0949883008782557,7.38624446478897,4.3664402789070484,5.959751457648955,2.7208571347382233,9.79224435113902,2.1300967317360575,3.9629173014885395,4.6222555863081585,3.17896130484509,5.744568046156384,4.743268557493808,4.011728105077075,5.228769363186542,6.46571642799165,7.685574777632936,9.18046139641565
10.198972428742778,10.169338345008072,11.720616532218544,7.656738317387898,6.346178118235049,3.2155168458979886,1.9929672877704236,-2.259814338427287,0.9715567185859552,4.9790132129405675,9.135449187315182,13.184796158093894,7.937432710656268,12.641340955564166,15.289165534913579,1.8831813163301565,2.7734579062941704,7.856956667449854,1.3352883676897684,5.530983903593282,6.332800006370446,6.876373345897255,1.6194068274486273,7.412524983377916,3.3640103549042526,3.716695431408339,4.314477468153006,4.2909115702053455,4.698542405326571,6.46002370481002,8.517020727904965,9.262300074262525,8.391472410066791,9.104216740270905
8.878636064602249,10.409092083475716,7.8368974586715225,6.82583742664262,5.11856334512054,0.6694189518465042,3.0594121069972404,2.840184520581569,3.853841962816838,7.140748837014631,16.815429740396656,14.839040540031336,8.018985243576708,6.098047446059695,5.397938626155593,14.288113089413232,5.966301595076189,1.3853730692991986,4.691417133780328,-0.3665569486781545,3.3657529910983195,2.945672642235316,6.886185322815415,2.4274402359073894,5.705704569788505,2.793272405602681,2.140933383372663,4.023668927185687,4.974566716878545,4.111658812100258,8.303206476185187,8.571592895441349,9.19249130376799,8.118859943160492
8.568442884674878,9.05269437702148,6.265095028743609,5.005280064686457,0.7300574465545767,4.988298229022574,6.271790804334152,1.1648287190002629,-1.9791116971396685,2.613742822386691,11.546416043617079,12.81758623660177,1.3065058824090718,2.9896833135378467,8.444845094535783,7.968100096139274,0.8861039986590578,0.9714775624807097,2.4732775725921545,6.1623328322272615,0.4335271659254279,5.622432256533793,7.537895714486058,7.896863525975752,4.33277306485988,5.067680672856928,6.22095677998275,5.72355544309105,6.418971973224741,6.4849687006615575,8.68321973900745,8.648805288522231,8.833152634121678,8.437364459610187
7.834029183838165,6.941136976401752,5.688507292113077,4.111485008461027,0.18294700072849568,2.6910663746194783,-2.1326392740436377,6.890597350484821,-0.10371502486704595,5.022579175003876,1.9718239878517283,15.062279799133574,16.615014038016355,5.317330713961597,5.086334441011622,4.926765496875699,1.2498700863793324,4.738387162158712,-0.6350241386487825,-0.6801365690502879,-0.5872694130470311,1.0831725206579643,2.775508226321571,5.030711153445243,3.145624193001225,4.701540049174712,4.033261494275916,4.193112408221491,4.678291595973364,6.437414381866153,9.478425760985946,9.363529440109689,8.8126822013427,8.425761519559064
6.33233286544437,5.535352268758898,4.768183609318855,1.4902458054133096,-0.1473924318324557,0.6860152878586725,6.413600515553502,-0.9533020328269787,0.016167704766743105,7.863372785986194,8.839591939944672,15.376564669879173,5.512515023010764,8.937402340189992,2.641707185020119,4.201271464982625,10.40950313882748,-0.4601164824360791,2.5137681216550547,1.4288049116808617,6.432380728351448,3.029910229811445,3.6155917775855406,3.48417220336718,2.3831638918481466,4.744225517910359,6.334864210990087,5.199279448093262,5.861201033282633,8.929694613118683,9.121243884501627,9.531224676007492,8.71203140124744,7.795128845418704
6.4632192083691455,5.102140813204916,3.5973463012369122,4.250105260033056,-0.7623143486466117,-0.8710637383810541,7.465552629541413,5.357934599915721,3.2283673989287744,6.738525747365022,11.873100576900345,20.559166345528986,1.9490244323181254,2.2402930877658944,-0.707925871696056,-1.34289568062814,0.16755682006995234,-0.23661793435301123,3.1534906566816883,0.2775556664032539,4.328934999005658,3.45773903710067,3.1698402144513897,2.3381169822860355,4.420968071498858,1.9690596185043,4.858270127165098,4.174812738190103,4.11890896220306,7.502305944062014,9.08893297789199,8.958962515838104,8.521723530303124,7.274049717555876
7.621560614657646,4.465010822633195,2.0593066535561433,3.279918211114311,-1.5071945537580274,2.4448885646330147,2.6715529791558845,0.6210821566459722,10.161518032406377,14.236384585266336,6.7857245521835265,11.194190183286958,-1.2874521092418272,6.979173195431748,8.509929017821237,8.01376089020883,-0.5561203015124058,2.997346738110013,5.465856600786271,2.334148314899636,3.9994949988727155,2.2188342233718106,3.0899126147796223,6.242605637790157,0.16835260038520253,2.421200598804037,4.516220420271143,3.9379266691841996,5.013228757341106,6.275566150062472,8.44717456030236,8.839162968684073,8.101280130872967,7.1554662602103605
6.277698704782559,4.47187361654384,2.5873813466441007,2.3802832949284927,-0.5107098890834395,0.21472485539575478,5.920121406995927,0.9787451706023524,2.6789463161973255,16.1039290025373,7.396576619279505,2.60235688709269,8.96735960304544,-0.1624992200052849,-0.13678312694188263,-0.12253403749117191,1.6988055075845914,0.40782135881457215,-0.05330953610659897,0.6313760479285145,4.4016824812573825,5.754159295346568,4.4615893935520505,5.114757437405896,1.3258985815105648,5.341574649872186,4.49924811483036,4.936007393521692,5.554853479752176,4.81309249740378,4.716415803832411,8.389318586179986,8.167768371494137,7.096343882915101
3.9904945842846353,3.396411133160926,3.1485685236827585,2.4426730607342972,0.1375513298630581,1.5256966261588099,1.3908281476413014,13.488299055968731,8.007155994338415,7.115269157880343,7.726962549393536,17.986713423401728,-0.03473971691282988,15.615308190571925,-0.21348622226945976,4.113018228506718,-0.5408833761865518,0.33874707089518424,-0.05118206911999252,1.3654795003360858,-0.42671747106260266,2.6358989308640037,5.072292712920182,4.397960936921298,0.9486244014056437,3.7497261253985896,1.9659647100687077,3.891742940500414,3.781601852200571,5.145146462633835,5.28767542558941,4.869897791931384,7.770998004944521,5.099582184942392
3.4081498362446503,3.371624862857512,2.450746226565988,2.2865753330064726,1.0743209152423603,1.2415310361747955,0.7667080852366303,3.210372756576721,7.429290984137223,7.725602387676734,6.9838959435632635,12.576511444577145,9.666520854305764,1.3412529252130396,0.04701354868241472,4.736837952380163,2.845539779468493,2.950137117050574,6.271408935089045,3.345155752583986,6.024679898820223,0.23681657544622908,5.539512729509063,5.79754375103819,3.0682772736194663,5.236589342897692,4.1812928521723585,5.3487235203225625,4.6038354312861935,5.228471927700373,4.72991847566696,4.856388179582556,7.005567122254012,7.136735347344762
4.1116811345074,4.1433172123975,2.989158806748116,2.1872175949263117,2.1407567733598785,0.3654084492262384,2.2141755785223207,2.8253696369769252,7.651667842039355,-0.8895340550856299,14.932372372494449,12.78803479415605,1.3617501504722052,1.667963566478171,3.478995371686651,-0.050777215660103375,3.078243271124433,2.1975356942414233,5.106147377458404,1.4348659790363218,5.738822502354588,0.8328914757722782,5.621834198660839,4.635968530286962,4.325127761279384,2.478123814370792,3.817565201114405,4.0366394724924834,4.080527862831602,4.060052125226724,4.764808193721638,4.72750124535886,4.64189858023765,7.155984859258799
2.6745492506886506,3.5692700697090967,3.2646840277107168,1.7247577014626203,2.772089114346456,1.8778359727004996,-0.3804569791018854,3.0571602369474262,10.675013946326668,6.03753702412027,-2.5658899514816493,4.676856949135427,8.589107112619633,6.223223374368612,6.488559772393738,-1.4466199103210085,3.2501334540197204,4.795605767357314,2.552653075178607,4.753215330144058,4.82700313255193,4.4924738380780544,5.048261275446511,4.226504792194816,6.334531630456437,5.407085712731768,4.2010329502847545,4.580440215043876,5.406591140777124,4.230230007311885,4.476837353862542,4.486115741700001,6.078773974313051,7.093862426278512
2.4302038724981805,2.8379563568881445,1.7306795646935873,1.9168962809269505,2.668502286361731,2.398175804128174,1.0984891002321573,1.4465205911388754,9.942876048259649,2.072938422781593,2.5398518056590675,-3.186306061966602,7.863355789843969,3.1114558269517145,6.721959497337645,3.9246575889810886,1.0541816913249609,3.5407378037589865,3.905739898839129,6.918222323090834,5.240729141716604,4.068187232566615,2.248701582263666,5.079892853267678,3.7932636458192923,4.961558114428088,5.328788752066197,5.761327497709651,5.7297252105943,5.879850813595935,5.424940427232023,5.091231190567115,6.021035759840332,6.769860337548816
3.405695968178353,3.9236975599113753,3.518782146140415,2.7159965640685653,2.4691282625886926,0.9649112597128653,1.0668493942400292,3.3428872426777536,6.514377145880761,4.459779568965385,3.971807705350255,1.8358803170861102,3.2903323752639078,2.9886065335024203,5.101755496953215,2.322556203714739,0.8404771008633892,3.5226159132264936,6.188137487419101,4.875804208407732,3.789397535086389,4.442393358956555,4.19999131353113,6.622277637341711,5.603468783661124,6.218390184305411,5.2835229130616375,4.946208754221037,5.063797246011064,5.593325769424236,5.0682331610177735,5.190930949459929,6.553721238534912,6.443060285008489
