script/wind150m.json
{"header": {"parameterCategory": 2, "parameterNumber": 2, "lo1": 3.000054539987559, "la1": 64.9999836372058, "dx": 0.5, "dy": 0.25, "nx": 34, "ny": 52, "refTime": "2026-01-28T06:00:00.000Z"}, "data":
[rows 0 to 23 of 52, columns 0 to 33 of 34]
-10.605897731817642,-10.76935451445041,-10.837541745161861,-10.986594901879311,-10.886236855860652,-11.224645207170006,-11.030368651602714,-11.097461658494954,-11.130183478091356,-10.732490709325111,-10.444849465061434,-10.095896764969027,-9.346673950084831,-8.397100588406644,-6.801966519430062,-5.575048342586281,-3.787511067200086,-3.745054536447339,-7.307220772379187,-1.1605797255293526,-2.154732736797384,0.0966709048982234,-5.139968845865813,-1.2292151007370056,-3.2905700243289777,-2.642701544108938,-0.5575983896534201,-0.5868502589200382,-2.5094153836980317,-0.26097615835724375,0.7848018077073038,-2.4719290975601096,-2.917883081676561,-3.0989146334749282
-10.94675445574515,-11.402845436585284,-11.702818342619144,-11.782477578949475,-12.07322257584204,-12.227046687309295,-12.391735517418107,-12.441179287019683,-12.506464864246864,-12.363108964152747,-11.628822544534867,-10.794296588281489,-10.124157468999579,-9.439360914899474,-8.264836164401617,-7.985760334886615,-5.102999301157903,-6.118294485443536,-10.7826634480201,-6.011053075210946,-8.025989244709084,-5.328536662219927,-1.978219314282774,-3.5943420959103554,-1.55874136038192,-2.0555161901175025,-0.6889881239519776,-0.912641303197119,0.5588909795400459,0.4449167052713205,-1.059900356501876,-0.8803082018649523,-2.5583840666847246,-2.9372204252298535
-11.711568892652021,-11.829906566976979,-12.229231580481184,-12.448969481742626,-12.675847275097997,-12.944509673796151,-12.98274125456051,-13.046508315885815,-12.754004666122855,-11.36046770833516,-10.382564081032017,-9.667710164368097,-9.084933515578665,-8.637042044360298,-8.11014070007541,-7.638621271866202,-10.272369081220127,-13.863918151114976,-9.710514261042473,-7.543408488631332,-8.883232117282269,-3.249481816946882,-8.689201324655095,-3.020278426854152,-2.3945650868232415,-0.3605594884191663,-1.028211396739973,0.24448659201428768,0.5395766702865377,0.27276142305088097,0.33933846342241997,-0.4205516247324344,-0.40391177380414534,-0.8373470627075458
-12.027197442189317,-12.040349759538262,-12.02744230382109,-12.381264770909576,-12.257515251508224,-11.641303917491944,-11.54686619569089,-11.436483763122633,-11.207383792100964,-10.747079148464334,-9.866821942577118,-8.75579272151167,-7.344190355063086,-7.356064018845558,-6.779395601187448,-9.873847791724748,-6.47732276131381,-7.859632738111267,-6.078219664702887,-4.43058403021473,-5.396380023181394,-6.9929388136419615,-4.106970748236423,-2.419979342322551,-2.00099006877848,-0.7718261798414613,-0.7287348994816923,0.14587377218124425,0.5799829508631488,0.8888100522288718,1.1010454153514657,0.9517720121023543,0.45557208767515267,-0.023229479633752208
-12.04157458454168,-11.738799936211015,-11.427681184668074,-11.045682307012154,-10.974084802144324,-11.479447836108479,-11.512704677519872,-11.325172595721876,-11.15119879055335,-10.807160849842615,-10.390701039912285,-9.629931191576153,-8.317086962720705,-8.439516058244356,-11.282141839230675,-10.004127435351943,-5.626671439752373,-8.817746715127877,-5.003094619575597,-7.126867506345586,-4.146474818050726,-4.314739273324353,-1.7557888678016689,-2.15698111443295,-0.6168627487379812,-0.905884813095961,-0.6034588748103242,-0.287460227964396,0.41519556692339443,1.0231093451674185,0.9512425078830841,0.48912967200747753,-0.25601655816046925,-1.5072670613054047
-11.346373600282362,-10.653772085506564,-9.705270769444857,-9.404216353037125,-9.973590687779817,-10.064220144897657,-10.101855678849875,-10.0490298347254,-10.003045069195066,-10.15451290823457,-10.14892017385432,-10.450656746519567,-10.553003166723078,-6.425671017362098,-8.364610037103443,-9.159613873143895,-3.57479404750721,-8.771028157618513,-8.317485713000544,-9.51641183952975,-9.08533791287391,-7.145082211325661,-3.7848523521598176,-1.3482008775980536,-1.2862552762613855,-0.06029644362783779,-0.009717853181166186,-0.04098602049699592,0.3118808117867054,1.0112440751757485,1.2226580414550863,0.9871041813205249,0.554490999900423,-1.138910785924082
-9.317494143354521,-9.487793000886986,-9.556748168254094,-9.21928885096603,-8.489885541090066,-8.342880420372653,-8.094753556650163,-7.401318156920227,-7.184739684176656,-6.017756932096783,-4.628180774656941,-3.1416998465703547,-3.43734985680862,-9.799236640223663,-10.616356260152052,-6.005440182903451,-3.5501843828698454,-6.360078513251447,-5.661627472867466,-5.9902495579075214,-7.8970449358025325,-5.143094433119876,-4.127179891567972,-2.806028239630211,-1.7878103795034317,0.01979860588181497,0.19475644077209953,-0.022730035244951995,0.7114607047807324,1.282881138549809,1.2557895398346324,1.9217883853078055,1.3486882943322371,0.4488683636384617
-8.792010684445152,-8.21665753461242,-7.40991635396954,-6.885949330864091,-6.219625380773185,-5.461478979211051,-5.4613055485383715,-4.191344095674313,-3.8690931969058044,-4.272718374441766,-2.5117008377662877,-1.4382355584616704,-0.8697730881021076,-1.4070240505266682,-4.578177229239834,-2.8732757221696428,-3.3619296041388727,-1.6293347977086046,-0.5924777240554012,-1.7335596543196146,-2.20048999404475,-3.2847627158147237,-3.721790222400014,-1.16600288198484,-0.8048169909991794,0.290291289269259,0.24491344160107417,2.2412780857558086,0.6708208353636922,1.266294783264427,2.966625305932049,1.1720237881707096,3.569346550241739,1.6395170724583277
-6.871714697013312,-5.914302453534213,-5.024006994677747,-4.3634616391342895,-3.5760279634848504,-2.37078437224139,-2.573447059042299,-2.718578864501965,-0.5761463628836124,0.2909871145688477,-2.9118574261469528,-5.336993881404799,-2.567242279662321,2.2279436101572236,2.094687022435448,-6.318658569551655,-7.834318032922547,4.13533712758502,-7.812692306846999,-4.640570894264496,-0.525060585022991,1.482267053636123,2.544872511501726,-0.23772789722015097,0.6035522355986849,1.5854480345319701,2.6444507123358614,1.3154415222514184,3.50364858099257,1.0970776653364416,3.7137866899373515,1.6993455625721143,1.9947493893647417,1.6838897101651829
-5.192632832648216,-4.208095657323304,-3.0632494567771285,-2.453522266842708,-1.4227948839659519,-0.4412582782820994,1.0674065817996676,1.2947389981510855,-0.035917720139736,-2.153233847595493,-0.10310025045048367,-0.33496863879332067,0.8453987260982596,2.772204780051125,-7.136424526726531,2.7626630652591206,1.5392740655629291,-3.382070263951124,-4.590142579160394,-0.9903710996880443,1.245171505827585,-0.5062429339279635,5.79201220367698,2.1384495115467446,2.0055109980073933,3.7841356114611293,5.112703415038228,6.184080869711952,6.787434415966281,4.660136197505881,2.6695614519368625,3.4803408441432295,4.613577324564168,5.198360875768281
-2.5203419344214697,-2.1871410724387346,-1.65576202923675,-0.45436424320820973,0.3875840318739798,1.5820076755211159,1.9585047505640467,-0.599020508122315,-0.1732862413184668,0.6328463523160858,-0.41094897613584724,-5.468968267216412,2.00434202992982,5.122936776198946,3.4569079764404798,-3.4272303724700386,1.0761278968330048,-1.909838546634796,-0.5983079987727328,-1.221463022426391,0.8449861783401266,-0.5879465567582642,4.487776704786902,2.71524495415466,3.274447041189045,1.0915507762170376,1.0662045650790593,6.4414514107024194,3.847596207570501,3.595582804478767,1.6410246117650031,2.2696450115203737,3.2157601975825942,4.304127347703455
-1.297290941723302,-0.7165178883158245,0.022403143219860595,0.6631023545181203,1.513928582355949,0.7520773471957175,0.11996755844542667,-0.6028928407185515,0.12019159320168588,0.6231480733820989,-2.88128234579381,-0.927338181639409,-0.25752554451286935,4.102156391846107,3.3891730698163522,-1.9575813388832202,-1.5939415051049497,1.495324392095492,1.0771247231728938,0.44582037700223226,3.4030338888130007,1.3824234485658478,0.703503367487645,5.173826289062689,4.222456407875527,3.4442560368569746,4.448950277340757,4.827908420243063,2.8371550117439805,2.7588991364023716,1.410065190222436,1.0156669269716894,0.4969333045461075,1.940752036458917
-0.5282860869756725,-0.13399622874938089,0.08189903032044739,0.5095113332965265,0.6152017143128647,0.8570042619840257,0.2279334437121133,-1.9853937269114776,-1.5472338777395864,-5.833428267987985,-4.170252179388754,0.18470965471985376,1.628923319767174,3.8542869244299807,-0.17667212144876554,0.9622517827172614,-1.4053593973085623,0.22367937438928032,-1.7393499995784458,-0.9405485023642866,0.14002404586594414,3.8835033657798093,3.7453080984592635,3.690778669929424,3.7269992122038635,3.2110474916326988,1.334326486761536,3.1634823832036414,3.1590169019969796,-0.2043633205082839,0.03692031805795712,-0.38032810896404745,-1.5965633206690375,-0.279412688938026
-0.3786027642613914,-0.4055438864293216,0.49255216628780235,0.3335475237099059,-0.8049659875292974,-1.133453256745622,-0.7421485648925988,-0.00225365380392103,-3.6637592398577876,0.6854848775257328,0.725759250645961,1.2941256734204862,-1.8604941264805002,-3.1860286777936833,0.15041875721569364,-1.5637303847147657,-0.7687821695649462,-1.2535882302341157,-0.07884496637277641,0.34050446848317195,-1.1547919256676804,2.3077275696721635,2.2506806266584336,0.7310779881768935,1.0348247656441205,1.6676145739022668,1.2885523547882205,1.786697140990226,2.241960546294064,0.35234510719340406,-1.7123195342224131,-2.698913034674962,-2.9683029134997607,-2.684321790031587
0.02299650625478929,0.039100684169602586,-0.3653784318867825,0.4444982584156122,1.3912439472111344,-1.5010630935790379,0.979460120615113,-4.884549274494117,-1.1129373077926947,-1.8415794168088861,-1.6129065403600304,-0.9621087003825797,0.49271274684606,-0.03281906817620033,0.48353635780944754,1.496059824234523,-0.67727783446559,-2.64703375814158,-1.3775344164701244,-0.9951592773883153,0.21680904754232158,-0.019639188892297828,-0.4177590334329066,-1.094009710306986,1.0129082725539105,0.6629197153654942,0.17776538017780183,-0.016280793427292956,1.4211403780495873,-0.42346874611318897,-4.590813609790514,-1.1005145093107997,-1.2044897562353816,-1.8597419120958198
-0.5622692002908869,-0.058580612757659904,-0.7393173183828264,0.08924497781806251,-0.32419395436813636,-3.490972741857937,-5.517364761591294,0.6563466292733903,-1.3913071251597346,-4.059670718634263,-6.809250537908761,-1.9493848915646472,-0.33467556330723497,1.401802772786288,-0.9917094393643712,0.5112677139268466,-0.4686618795544121,-1.8458443120075527,-3.2278135162647152,-2.4978240597595236,-1.9430714666431097,-1.9208590532535206,-0.8614921667183917,-2.2011854138511953,-0.42605754637772825,-1.1246660572764084,-1.3428353313291492,2.864255899666174,1.1224421237359081,1.2733005020292127,-3.2010351678189095,-2.6926320617548987,-3.4964246267937913,-4.303753479038377
-1.2693159650339836,-0.21899223409327356,-0.12392753325971326,-2.353374879072598,0.2380877477884976,-1.5070905473947018,-7.12948103968593,-4.363777576827489,-1.470089030218401,-3.4076488365982955,-5.783243366860476,-0.9701260068341105,-1.3185547675186826,-0.9173703581932469,0.13710816005455448,0.11303566961285764,-1.5759588094850892,-0.5871127273363156,-3.6988144843566975,-3.0087835415020074,-5.313765862453983,-5.479048871252925,-3.7685863896940868,0.4805479816165266,-2.30118269223919,-2.5935800723757283,-2.942149480630123,-2.988020690559928,-0.3320440718424704,1.519282939922605,-4.044534110740963,-4.179629100155187,-5.2326613049369275,-6.050078088481936
-1.7120524188333215,-0.9426133481034669,-0.4316663963852142,-0.9787715702638196,-2.1886808013159795,-1.2730876686589319,-8.501725386989342,0.5885933164525565,-7.219896531391629,-6.264483081179168,-0.630503442153889,-1.3666367070004746,-1.192056002367785,-1.735522598502128,-1.5355445847952927,-3.4787480961125468,0.9615435784426356,-3.201184688549333,-6.268126451389364,-7.735036563335081,-8.885037792858261,-4.568032347660885,-4.983228185212843,-4.173173700122202,0.6458671312848218,-2.3316276306969708,-1.7763290854792129,-0.8994166685200551,-0.4479868545995252,-4.493418895074562,-5.319440757050588,-6.141705006112606,-7.177851264464967,-7.7303390941817405
-2.5205356430263897,-1.539336029573564,-1.0995101422767,-2.1093276332821427,-1.01946263933736,-3.4891685117077196,-6.468447307708277,-8.238327538039965,-10.329291713957765,-6.165262941251042,-4.344208936930533,-1.4443257511714762,-2.893794043836093,0.012311199359706914,0.2538354356857864,-3.3513168037829724,-2.9480840736925757,-4.979968657917833,1.0300953672963864,-7.755428543226046,-7.277088637917211,-8.963183132441866,-6.677468061442151,-5.521159506684301,-2.8705748288495228,-2.602074672200806,-4.706525496087859,-1.4492617774862313,-1.5969555884014683,-2.0419505551859203,-5.627360522923669,-6.866490235192778,-7.274852351634615,-7.635381963968461
-3.5056492244213584,-2.9811686823212344,-1.6120310911435112,-0.8561433528520088,-0.6222074386895537,-1.1396687723405907,-3.2757837866735375,-2.3537840170021114,-10.669837584316495,-8.04069191636188,-7.438209582196176,-5.229318489118637,-0.5731956502909696,-2.8158213230334326,-1.2603868783618715,-7.298793746553932,-3.756837212018255,-4.766195034028718,-1.68861501853356,-6.379431730442348,-6.364565306954355,-7.123398177252106,-8.297662698755214,-5.6646040567568265,-4.219797226888978,-3.222165164362104,-2.3684183438346658,-2.4735356616212862,-2.0090396512653803,-5.018907335951022,-5.420099611859181,-5.13335849004368,-5.257973770202487,-6.6027962336296575
-5.090892796397656,-3.4134863331964653,-3.76732197154928,-1.3971759005152986,-2.3340295684940204,-2.502566743127672,-5.638915162190806,-0.8323661275009948,-7.888440608506547,-7.060341637918961,-7.097940212474681,-4.689258670204452,-4.905866948474501,-0.4097997566858727,-1.5972815448268576,-5.63281689971584,-4.266661132344506,-6.4514136820867565,-6.633147921602791,-7.291015271158091,-7.160439156051492,-5.021118559402816,-6.770399314489069,-6.045250900827145,-6.2503479600509815,-5.575202790954229,-3.8607357632054904,-2.2623348720924623,-3.9707434400409123,-3.7902297464958776,-4.082250436765987,-4.632049537358544,-4.5450249302820875,-6.300135049986203
-8.523144812858714,-5.015958145400224,-3.485300985458985,-4.5712306684014115,-0.041459542531521905,-1.336540520702437,-9.495080932990563,-15.647491554364684,-14.80538509443805,0.44595023594212035,-3.0926958197530956,-5.723839410882085,0.15285455239597884,-1.9743104979899881,-0.07022033530097868,-1.4748078751287,-6.8477301233904,-5.656180598266671,-4.714408206175036,-5.876299033632754,-7.80375527859168,-4.938206776995784,-7.006448119676408,-6.014173562768083,-6.018857086074784,-5.8119215473922745,-5.589908563248815,-6.085751528223648,-6.6007436190430555,-6.771479603997056,-5.060806815401621,-5.405437772927353,-5.5856309916008735,-7.954210127396317
-10.788408241196777,-7.853732551029526,-4.907432027306695,-4.055425116228991,-4.973235329562554,-3.352673956986385,-16.98116615310859,-12.046323371142782,-13.304941993365324,-17.909835108943152,-3.9488934621640994,-8.064326552485767,-3.3712601951407253,-6.54205579661797,-5.277838420396581,-4.569345331862736,-5.699645480176985,-4.595020969062186,-5.494289429349695,-7.486043123405269,-7.221868753436273,-6.258573042931959,-6.835902134830988,-6.944647755394516,-6.243935127440951,-5.5167795183193284,-4.915934189650689,-4.584293801517899,-4.791237685292481,-5.6904514966242346,-4.791475983752492,-6.391239381945428,-9.269708507764259,-9.697148217425294
-13.636180746228208,-12.268184505448684,-9.268106949166532,-6.018521607725931,-3.7234112960655628,-5.063729428061436,-9.467631879535604,-22.484201369221957,-16.607543541550573,-7.401502857536792,-2.4086446735232028,-4.072554955403054,-2.3913383495903613,-3.874497196295913,-4.3117352018841695,-4.817377332411985,-3.1886150433006812,-5.847270355870011,-5.6328913800401885,-6.8206019863375005,-6.3663617080841535,-6.690412699643288,-6.027625040589709,-6.0309530742598225,-5.920963894638519,-5.262558184684798,-4.455973354931753,-4.501593867616831,-3.8914270798384187,-4.369137257461245,-7.664888957662857,-7.937182764236664,-10.907739266481688,-11.332160450887523
