script/wind10m.json
{"header": {"parameterCategory": 2, "parameterNumber": 2, "lo1": 6.000027932988019, "la1": 58.9999434238085, "dx": 0.5, "dy": 0.25, "nx": 22, "ny": 24, "refTime": "2024-09-17T08:00:00.000Z"}, "data":
[rows 0 to 23 of 24, columns 0 to 21 of 22]
-0.14309098548001728,0.6994823962709945,-0.3861452945585594,0.5881823791831714,0.707959134705185,0.0019146896379373115,0.3831195926962046,-0.29317435718655627,-0.272524594013797,-0.9034795769280839,-1.021987240734825,0.11249982969897353,-0.29389121491267944,0.108752647367009,-1.0582351896636624,-0.06847363017693878,0.5703197665504322,1.1298396621603082,0.5826868212787237,0.6136632799550811,0.5905564477335736,0.7113594474462285
0.7914854338756779,-1.251822609702882,-0.82099205723523,-0.19078849467270498,0.2954413044573716,0.18678608622821866,0.8148695501148083,0.4034758409311016,0.5473924052635509,-0.8680194219614228,-0.609853951469396,-0.27554943171527174,-0.4351256273825343,-0.4381382207164401,0.4105007642255155,1.363192880519282,-0.1257800143409471,0.412444689296394,0.08041384682436105,0.2171365197609376,0.056297901558824144,0.460080436703652
0.3834767409186232,-0.1272548751650799,-0.7162071695840126,-0.8035055468376818,-0.452406077546639,0.13298408329659533,0.7212213762903974,0.15825549440185352,-0.5506037611015181,-1.1978013667774376,-0.9046825973965645,-0.11118348782748985,-0.3119262172371721,-0.3957927938687839,-0.022010239592182207,0.03936614543962155,-0.2763691554516688,0.6651478831900587,0.4008832504431842,-0.0067727359635806365,0.3891956262677383,0.4835993564054435
4.7794414597165575,0.18933772684948444,0.2945462877873604,-0.2966316595327811,0.4186268716045784,-1.8105426405679463,-2.173579268705977,-1.514614516695102,-1.2595321159877644,-1.4863535644860126,-1.1774042302709835,-0.7294336325202101,-0.8893026535532415,-0.28516041849730384,-0.6870764546168616,-0.9462777843376503,-0.08324127507581532,-1.6055410440899462,-0.25773280716393926,-0.057680713769403466,0.042318218002201584,-0.00948488481759004
4.474036346136396,2.903946913738319,-0.820291384234154,-0.7741522353855957,-1.4366606828678536,-3.2048191615087074,-3.027604594334262,-1.8861305588255683,-1.5069585324342307,0.5490794563929459,-0.5421252167673011,-0.7909551397363025,-0.7058762891989683,-0.6727910719895649,-0.5493289490495356,-0.6594356523888749,-0.27492991344166706,-0.9222540903922921,-0.40639716324967845,-0.330115811267334,-0.35051904181548865,-0.04199669726507317
3.9206298854453734,4.818930276439845,3.2000711887780358,0.3609511406375301,1.0000644232890135,2.3038616742432287,-3.062638929819773,-2.4608585877877758,-0.7653813106511921,-0.7754901908035335,-1.5337706953444312,-1.1542408195166234,-0.9211563988293889,-0.8678376641463335,-1.2778910394787772,-1.1416137710530525,0.17853399743497672,-0.807369239460917,-0.8731972959957501,-0.3745410498325574,-0.5815280356437921,-0.09562964437476308
5.1875060026060265,4.018975411150893,5.160852412367168,4.736322428140078,2.6080634044261606,3.381424425988109,1.9745112057281011,-2.3981549717301816,-0.6911804864725303,1.5026866186160597,-0.8852886482225636,-1.2810728159510674,-0.9773115248998021,-0.5220835233141009,-0.8456003133471316,-0.854348182741179,-0.8716947719231336,-1.4175667009868425,-0.9464121607127227,-0.8035814305482617,-0.6102097121987504,-0.5404149749992258
4.245373010354437,5.075853403480049,4.15553631470564,5.058084172815791,4.37636685569398,3.842069746364167,3.095067204869799,-1.6481488090568681,-0.8277450627420797,0.4840522067804244,-0.7920397981972743,-1.86514754867738,-2.125176353337823,-0.874284482168503,-0.6188652065780887,-0.804019118425519,-1.0658589188044691,-1.26855949137867,-1.3512460825602595,-0.9551821511671978,-0.802398519057862,0.30857219902777555
3.3221153261157785,3.7955920987823646,4.23943500492904,3.900200500280397,3.837639792380515,1.5404922394559053,2.638981509696948,-0.698685526844179,0.0842756326300888,-0.46663187873291484,-1.0174963117641143,-2.5966941841765157,-2.890395982939904,-1.792506337984706,-1.4578593994277833,-1.291675049966915,-1.6541959156787809,-1.3168194708772871,-1.3683879889861859,-1.3492015986216395,-1.0787894477291677,-1.3872078572345725
2.5068234114965633,2.6295256387194907,3.2781000360835657,3.4478014427296397,3.264445162405544,2.481880296417011,2.0872285868720017,0.18302603824029257,0.4175970674630943,1.7644527017592202,-1.141649519977596,-2.4163348920422596,-3.316475773926153,-1.8913469346485439,-0.6363154577820003,-1.3255861016564894,-1.0560978069887237,-1.490079675938912,-1.4779535464388673,-1.3513850974036123,-1.1177345094447602,-1.1931630028987479
1.64699732007067,1.5642198130750462,2.567299437866088,2.8446658967964518,2.060317600630391,1.6737380950947771,0.8461698863686804,1.5691564387937167,0.21511794477296173,1.2239476756905832,-0.37920981282510235,-2.1046591534619417,-2.8977405791571424,-3.001446712536722,0.523169133400801,-0.9739379206039155,-0.9563868731385159,-1.244520196614943,-1.3527270212482463,-1.4597526218751617,-1.096571007071153,-1.743621976877176
1.1063266280940103,1.461086466380003,1.9178417675129587,1.572003218489898,1.3785906733137514,0.8835409311692222,0.30679388756313775,1.209239748833483,0.3096454876061749,0.36323759665037403,-0.6062425713340348,-1.3938320157538873,-1.8370633247583052,-1.4921017934765164,-0.8957554325836965,-0.8311365236725582,-0.9549254811434242,-1.0239095912831842,-1.0549221156479403,-1.2506464794216618,-1.8386400743685305,-3.3528129938290165
0.9498430605692273,1.0924041566508602,1.1744841640515984,1.2385733098877818,0.6116919354871626,0.3825526366030875,0.4141793069132099,0.2513708499059686,0.6351880430339714,0.4326385808873929,-1.2394536256486117,-1.1283462410115102,-0.1849990363329775,-0.3538948785758422,-0.588374788806451,-0.9368803119198902,-1.0380404708036945,-2.1570692094862003,-2.392326736278245,-2.9073550222976228,-5.0580993766908025,-5.0819083167593995
0.41304203710495785,0.4979009307298032,0.6510384722001162,-0.021517070056455184,0.04093466887132561,0.2837068065074213,0.3604330494028442,-0.11816473329743458,0.4285268143613274,-0.3456061401644908,-0.9928059998109144,-0.9089285340797852,-0.6114297603385183,-0.8340438002316047,-1.14744370215397,-1.7710642468557976,-1.5188797121782522,-2.8889888313655474,-3.166216347015822,-5.499501689837355,-6.039442774530787,-5.415825193996913
-0.16179579224632254,-0.1268723809206909,-0.6349607224198955,-0.611446785006851,-1.3242873855459791,-0.20157309117111022,-0.544948574068962,0.0821687958921384,-0.022641413074646923,-0.4855288651713633,-1.018702738767714,-0.6757149723276811,-0.44681349527962755,-2.287074630855511,-1.2798251491141828,-1.7875320178839291,-2.4469800610655215,-3.8194267940548623,-4.766300990283725,-5.781969186844272,-6.421736821125134,-5.222384907517748
-0.845084224764176,-1.053216475810506,-1.0911877511582155,-1.3490215379613624,-2.2007114863474633,-1.582582250143351,-0.08469040553320427,-0.04093587420920721,0.010455764043135867,-0.5493395833060822,-1.182068916555065,-0.3545878894532489,-0.8236384178057543,-2.6285977263990463,-3.4496622939580717,-4.005100486533782,-5.17294434568545,-5.590754832531635,-4.164017159877459,-5.174678991564459,-5.662274667343406,-4.895549187099977
-1.166060005723718,-1.6864080081645654,-2.0340251046405355,-1.8911015379234046,-2.7029007271561363,-2.228473486480633,-0.21924027296166398,0.14436345672714723,0.3948682380779699,-0.49215534230738983,-1.5474060087047894,-1.015204739008553,-1.3189513551915057,-2.6326217393171323,-3.8039422889844574,-3.7046447320037026,-4.606593932029325,-2.9544789006810084,-4.23548853003508,-4.630401109134072,-4.518354470140185,-3.9526491968857336
-1.9508735109069164,-2.384877269992887,-2.3733507638957065,-2.5103200770769982,-3.5143803692160565,-1.65065854979954,-0.5233607910367445,-0.3693042820401018,-0.6931342027246218,-0.8054171037771664,-1.2991896313294193,-1.178550917983691,-2.354035698138395,-4.071600520383483,-3.963228963658135,-3.9788544707533005,-3.775612897823436,-3.5435145824682044,-5.983863265606235,-4.698074438971512,-3.5886510716564874,-3.614071689069132
-2.826579796672802,-2.9085525039487754,-3.129291206089337,-3.590710718879923,-3.6772698833596658,-2.90617990712407,-0.6715293706537394,-1.0330425945452748,-3.2662049365008343,-2.8460938948623684,-1.2715915756879073,-1.510492775354284,-4.135709634700793,-3.8860093063425514,-2.58503594754206,-1.740689628127597,-2.589595395670628,-4.510810355348329,-5.792696732723846,-4.5067346512464175,-2.5000539717682284,-0.8338853819669634
-3.0691025414821564,-3.3798562285559983,-3.706107692459263,-3.924269296928779,-3.7817481539877056,-2.370649287425008,-0.5401286004840148,-1.4046823564187172,-1.8938278354503275,-1.8969623959064215,-1.1950754460849422,-3.1916009339225777,-4.429895396217358,-1.912660910477345,-1.4272996742503623,-3.620512176358927,-4.399062244958314,-4.574280520500296,-4.3172053941740565,-3.538018149747123,-1.1636577751644535,-0.4875591298042614
-3.9310484430330543,-3.998049647301675,-4.595555078334177,-4.383718490868442,-4.051993681454062,-2.2275800641488646,-1.5659117234811393,-1.8109950801936991,-1.5564345402119466,-2.4454604079272926,-2.3390014939649113,-2.5115105291412405,-1.9934077623315771,-1.5612210487570428,-1.6669633656843712,-1.9719223463218813,-2.8510717375562935,-4.439409496858306,-1.0311902406021705,-1.8167917249429766,0.595203937063388,0.29621556549827294
-4.5390192534216975,-4.856707178851922,-4.812715595800306,-4.4306846496759125,-4.361544618084295,-2.3660224717318146,-1.839985161725206,-1.1915585767568437,-1.4861879068480748,-2.5931276347380847,-2.644709484729881,-2.0442241970192416,-2.083808766524504,-1.9178814097816845,-2.149554732116406,-1.6009088567484853,-2.1086839510148674,-0.29710521115540955,-1.6571762761364455,-0.38522532862899433,-0.34080638830006704,0.5377040367721239
-5.351313619441736,-4.881183332886049,-4.163870085987587,-2.240217416775517,-2.553170217029683,-2.9857730806478244,-1.5751766154254498,-0.9878736795365742,-2.106266130949938,-2.695402387145005,-2.3250675078796577,-1.870481153883819,-2.4416325436988533,-1.698512883668769,-1.9544442495469423,-1.960358868579548,-0.9561297445072853,-0.6549661407248001,-0.6714117462938868,-0.26990414786707273,-0.8697270806335535,-0.8339824129409613
-3.242852353944993,-2.8780681301017625,-2.0175013591312334,-1.9963521209769326,-1.838652754154948,-2.617103288853153,-1.589601863165497,-1.6688411247475636,-2.0278158522444216,-1.6903607832546836,-1.2326667408095633,-1.4878924148093393,-2.3076982643511474,-1.7088110926997564,-1.2125017535589564,-1.3867669209766222,-1.0412550128620859,-0.6811754217004147,-0.4762471340711801,-0.005089398094227513,-1.2735871468623476,-1.8045263772598437
