script/wind50m.json
{"header": {"parameterCategory": 2, "parameterNumber": 3, "lo1": 3.000054539987559, "la1": 64.9999836372058, "dx": 0.5, "dy": 0.25, "nx": 34, "ny": 52, "refTime": "2026-04-11T22:00:00.000Z"}, "data":
[rows 0 to 24 of 52, columns 0 to 33 of 34]
1.4121062270979088,1.9138468222808411,2.3914390115299913,1.7195016290697247,1.51575638088592,2.3288869184497636,3.313385671366223,4.379240135162828,5.822385062786696,7.507541520736768,8.515287004907096,10.124118480752387,11.515809418532625,11.917678694890057,11.31960030662867,8.673590966169375,6.971069737459353,6.161249325135244,4.785075621501701,13.789666796829563,5.878339859707605,3.2702003638208383,2.0204797842225877,7.714613921108915,6.824458510943839,-1.7372570557280853,2.973880060850457,6.27633743416994,5.475177512794462,4.699925593026553,4.597388199200654,2.153809533033776,5.520907719693409,-0.5255155181089036
1.8093554330474457,1.8982187338537824,1.5781218682277731,1.1168191018683524,0.9639105192465307,1.3462522061006978,1.9781535994422301,3.6198507696098488,5.067921531962061,7.62727622646431,9.09748097460226,10.066864733166472,11.018118772657731,10.514572682242148,10.87840417786763,9.248124235016347,6.852739228301504,5.390166928829341,4.741362918965543,5.930941336554368,7.613866058954375,5.647667073367154,3.3842548388941216,5.8195441738274925,-0.3734060088903612,1.009298915218224,3.0359473892611617,2.2323571949134147,5.08986854653497,6.436110413888262,4.492009626416648,4.3972411896010986,2.1349749032926613,6.807404735431738
3.0656521323760666,2.0696583743152126,1.1961214125765531,0.1907094200291613,0.306267286299148,1.2383619922658924,1.8269312495039425,2.847397637986389,4.701830300774737,7.672505810054929,10.227758957554576,10.492408755436877,11.435241722274501,11.288878530716623,8.826372281001824,7.1787458879962625,7.451340695520417,5.026033259666334,3.115989333334593,3.838775502584193,-0.7911198021374661,6.651713253317581,1.9060244872396002,6.740236004060545,5.029221129099804,2.199292222340852,2.9198656447646614,5.667225690058207,4.210287667012744,4.9375455399804125,6.646029134565335,5.941236756363164,4.637521836188806,6.650511791135754
3.1518423944172462,2.2249262947433732,1.4208511952977094,0.26063629986521963,0.27962981000787385,1.2984570488849823,1.8288284991797858,3.43330815612864,4.815202697770015,6.104019079944271,9.14107845274173,10.809659493279627,10.004072163615245,10.64339457145576,11.408812915771481,11.644889024786444,3.536573497206316,4.263033228327361,5.994866091101172,3.2487494912607136,14.90895174242957,6.2703541179075915,9.263470911002141,4.945943069396994,3.762581188447064,2.714557057894417,5.02354980809027,3.7843097972587305,4.826932798934636,3.434270180938912,1.451565906309173,5.625072212569385,5.911799804450141,3.244490136914556
3.773360062496163,3.3167656080744754,2.6334839266272128,1.1171178483625026,2.3575368511406642,2.6938268303980175,3.1690954476366957,4.943350974333788,4.628313329209163,6.65493081518089,5.406257552719432,8.414591450682991,9.593070634641084,10.513656490473773,8.789486468446501,7.899130775654867,5.88370537890447,2.728684643469732,6.245295167507973,7.528162364369765,16.88580530704757,9.515796620038357,3.9158937455588125,4.766482698821251,3.0787358588875358,3.4242104787780994,4.442203180736463,3.648197858267138,4.718140127836296,4.088561794381683,2.408130183984788,6.293718120109027,3.091843587833295,2.7455550134310993
4.231513396400827,3.8773398596219644,3.863488927849956,3.4227665647409116,4.573608734152363,4.184848780983128,3.811766799239989,4.998775589997461,7.0901356334221,4.4438486836481035,3.8057413098727086,3.9185348714364356,6.430363161513268,9.381884360752613,6.849889857049709,4.806460399076512,0.8525886684059197,-2.572929441645645,8.245167334259886,8.496776338825732,3.114854481914057,4.550372409545838,6.021258938942172,3.611769784586363,3.279138715242451,2.543281763004998,3.7582710037683142,3.6546416859929063,2.0021206210689435,4.240904267608654,4.333680451427634,2.2114190112242507,0.2251513223130351,0.35332660681759415
5.586487178513566,4.5783568545399715,4.720945752339148,4.755826144685449,5.124681030419966,4.166933089019619,5.306059800584669,5.453038719581866,6.3309941122288755,4.007383576765085,4.5167980069841756,3.306110155222676,3.3366762984820024,7.296004636057946,6.92295322410878,5.628086970908685,4.911981657598505,9.81968368907498,10.019354361265187,4.806778319838066,2.3947387349300273,4.652245170237024,4.4065626694402855,3.9454166735775367,4.745000318049183,4.454800523415437,5.690652591416749,3.7480594191143393,3.4434743260428866,4.561617790682077,2.7359622865135838,1.7093330126916049,-0.20565418755795933,-1.8459389381287314
6.783806249394357,5.738552220906602,5.653670595982689,6.106816728675446,5.849400403443007,6.4207661653981,6.85412772024493,6.522496240037605,4.808205630486212,5.382410502946112,4.166753832851868,2.598716376346601,2.2123329649117545,3.131220003360957,8.652019818133793,10.614407913477706,5.1735911096845415,13.390140544713422,13.040910923185384,0.19829828979681832,6.901141076040991,3.101117987238054,3.776152995534811,4.39935097698531,3.276289135392704,3.485499949635987,3.238225862379261,6.507292775254487,1.9434652039418439,1.0356306958763346,4.266915661204058,-0.5100145152137948,-0.6007569240959566,0.6818415172746934
10.657216050299171,8.42541889745585,7.330781188825612,6.793475247428168,4.82023120945317,5.094757481303243,7.085609067626584,6.786622883821311,1.8977285835759021,3.5161522321015286,6.86171329211198,-1.0845737198983532,4.161837831077807,12.961200134246981,14.297575497936084,5.797814149338976,12.894125801905663,16.2986106339028,10.099398643939146,9.584569597328386,14.74941628604313,9.098251540872496,6.305580797968906,4.24838926538593,4.075807001234468,4.162299270931503,4.00789640745852,2.65109802639835,2.856063021449251,2.7103810072618364,0.46395790457714325,-2.1325704038913385,-0.7332315986493076,1.2093747030510602
10.440274340750879,10.558813714706886,7.141338773707733,7.008616546115369,7.776196810282318,6.934483535591661,4.4248198297302315,5.704947440228464,4.458342312549628,-2.5118401233456673,3.4533473084164825,13.807472100501803,10.283143574134483,13.295715934781017,10.505275953632891,18.570842748878146,9.62375957392576,10.13866019785536,7.763214057619246,5.476562306907378,9.308667087751623,5.627963117006544,3.6562039915759965,5.673281471705331,3.0617746786634457,4.438827712859618,5.587433405884796,4.090181224700004,3.1073140249041558,1.3615130961718795,-0.135610975183313,-0.015208362638057311,2.3567874204574024,1.2909930633821827
10.203488209502519,10.980769912522437,6.765076865488027,5.890601943289572,5.376672185105095,5.577131459231795,2.4110453980450823,0.7206011074027483,9.771033470976537,8.522879562999776,17.232761539284343,17.197602101549933,18.622527367773067,14.78293502120233,17.044299146076657,11.763603843174808,7.383537578425526,7.267322739330574,10.389392730971174,5.141946129527584,4.79370503035752,3.3248918518666857,6.073844457494393,2.3363177476058534,4.117709247930685,-0.8523413982416627,-1.3540921011346685,3.6707665730090637,0.9165833202228275,0.09138825853587185,0.6424744605413403,2.5756544669489325,2.7234263419806433,1.0643489548806317
14.72403047115878,8.152553496392802,6.4317521660063415,5.182339019485824,5.914955327572035,7.247324362684127,5.627303601602246,6.390430787002394,5.734587849786441,17.490864823770426,-0.5002067895787708,11.037302166201464,9.451905235338883,3.7664603480667576,11.444547064918485,5.886026946028975,10.494112247994257,14.243128310986837,13.248179121273047,7.37223123384248,7.366625044345433,4.355055704121037,4.608894722579052,5.970573719535054,2.8387965107135074,2.2757479645305625,3.358076862615436,4.265772024055019,0.39630403732907726,1.7750063809860428,3.090448146009239,3.968280111882049,3.3885459611712427,1.6441452667800676
14.437049711500892,7.325010800403324,9.321990080222173,11.16897225693096,5.864798167130908,6.0566939406241245,8.177032206303677,1.054953106113553,14.822375018040649,4.092217184857842,6.809231192539419,14.797446956759632,14.441974047306164,17.17070928043615,12.548077992898488,14.315275037396969,7.995854532972598,4.055414139567533,3.846004464500964,4.2312566697340195,5.861800190328243,4.755945699368225,5.646274557307456,4.809499148509533,2.8816497362156257,2.0542280842444227,1.7912664308826567,2.5446089822512565,-1.315839778543952,1.7606151603666353,4.2770742289035475,4.202148163727865,3.356994387293387,1.9708884777982292
17.237936248870337,10.579734426389617,7.2154612865761925,6.17071802490606,3.651650368060838,9.514187610084077,13.682314365534761,7.670933087692762,17.44175382845183,8.861756726939628,19.753577359958083,13.683167373904599,6.358989627852365,3.3048944164320337,8.482459667634878,7.957716926762756,7.475823453483675,2.4166305508998582,8.447806911371586,5.215457671274557,2.5673711074762107,7.484991478831178,4.831807044791117,5.11504882334324,1.9010292946462712,1.8654240415737775,1.7177219342218186,-0.7219679665925496,-0.8503383676522445,2.0266158074861402,5.250536036178855,4.57675423929771,3.727591193655546,1.9730798298347105
14.837875271240753,12.191054080518263,7.462409923715697,7.582812127381613,3.348812627431865,2.1488213046682074,2.5564312774904963,14.805321024820461,4.80791680708597,3.3710297995519647,7.694768111506924,8.442362094452871,10.642451138345397,6.964334788861766,8.130357383781169,7.934875693992556,5.637913828580454,6.302790868580799,5.796855607219447,3.671676152219416,4.6837277721382495,3.306710253131077,3.768528503313039,1.6084617709543931,0.01444476206233533,0.7376495202116166,1.1291996302502005,3.6554210935724014,-0.8787154005570272,2.1106716716780873,3.9840204728993176,3.90367402537577,3.335689932455332,2.2520907313882192
16.21207363462275,13.044811530720468,8.462065152853425,7.905607629365414,2.575252763229359,-0.1357938772340716,5.637046224044231,5.501736960900315,3.112426428745285,-2.0398866895362966,8.29183723929386,7.654951285421428,4.869631717996816,6.469994099047288,2.2464231082056827,6.369714290872608,9.687561461739959,3.4071994056342434,3.6340342526459612,2.829335594073169,7.655122714870025,3.550172011234473,-0.0629720477790636,2.6026068767808135,0.05965271357089454,1.8473522471877863,4.617913309669706,-0.17088719548012102,-0.46600394831836234,4.989658557660502,3.1230157676146506,2.335603831717769,2.6678034891648834,1.8374524232525749
15.877149876989096,14.838860202949425,11.194854316015054,4.504121688845075,5.006545815619085,11.071706707228522,11.68190965934123,10.773533477938997,7.8505437400991855,11.19462974425788,17.919760183237777,8.7300575690976,2.0731564036959673,3.173798627280973,1.2039849606745285,2.24022779005394,4.178738000119362,2.9232693562086327,3.1925808321812257,1.1343723186786772,3.3886915284488506,3.039965648778844,2.309634800046666,2.454547038834195,1.699338954994528,1.9277863756468445,3.9131040646058044,1.9150890832464404,1.100578870579768,6.5230712458967,4.043528608297316,2.9190056328707112,3.8545367621682303,2.786308845382797
15.449254844873362,14.412583682728293,12.473476671109726,9.504945525403857,2.3874982659450428,5.558929697830232,10.451607481670447,9.262596698718834,7.713329417412615,15.026366790291945,7.758887202590168,3.145120505811139,4.804291131459563,3.628664854618934,4.309612716218871,4.286810417500914,1.7265458831511191,2.8786651785468362,5.503491876224935,3.4489715510858496,4.624904892732017,1.8976246744890335,2.9785330568396002,4.9176857358210855,2.624273498144921,0.7063539142278746,1.7714612493504256,-0.652468023796821,2.615734001624814,5.603108192750968,6.1506915540526474,3.559199627191365,1.5708321667908673,4.530774393978999
16.34622855009975,14.675904601738713,13.252480902441194,11.071806940050218,3.9907147481775005,0.24976270013999102,7.715612839183284,6.420773472174085,8.585359110837034,7.012921031730692,1.6304257579231973,3.7460511407217845,4.676385962284002,6.324592268305063,4.6887221996809645,4.929281104462409,2.4882072442722167,2.96437267534024,2.202925069600718,2.180846626543682,2.935130198807498,4.995149462990571,2.0754209411444973,2.699253809947079,3.1715337450598153,1.3941588805549574,3.5565363047741516,-0.09154122364078135,4.69623918934366,3.6932658735895565,4.477676032989796,4.419516843888423,-0.42753939665002816,2.3867211701333426
16.903295330537002,15.795340512825645,13.332354857399173,12.233649067281107,7.192404365521784,3.7754732489604854,-1.1189881239000539,18.06246511871875,15.153271378211732,10.085916835314277,12.986956752078148,7.736783111183228,4.623376935482266,7.705209682183167,2.6144428773399597,4.441233744188401,0.22955259343606849,1.3268523478073215,1.2157692962066025,2.8493178063209634,2.1273043956194746,2.8703297607554497,4.500028714991846,5.097151508961033,2.756518276515976,3.6182469437427125,2.9343721943188643,3.034862964178218,4.309326903898465,3.8976373169545373,3.9509508193733613,3.577561040942151,1.0175688248158563,1.648323338170551
17.466728807486398,16.666770788726286,14.58076770180285,12.470936832275468,8.825236066675037,7.4402429160215355,12.99587032358364,13.28323700883797,14.342407594929556,13.041060752149248,9.495199677137848,5.108855619509103,3.3547413923832177,2.2451808497233343,0.3753159439986742,3.042432054073173,0.6403011541250343,2.9138966488679703,1.4487326718015645,2.99653811520387,4.094877058130861,2.865321062504085,3.2927410126385466,2.847795775891415,4.7889404865346386,5.742102282238998,3.464885938856241,4.375125879243312,3.88284059424507,2.446400396074559,2.917889797806612,3.57889787214586,2.534034999370736,1.0944176039868596
19.627317807390583,17.261071813352906,15.948349924525095,14.125243230413814,11.539824439915105,8.035751585039915,2.32384599649889,3.9082044733580013,9.269174348048177,6.36398283301431,9.982939742020905,7.136493885801576,3.787231946468882,3.775674216557311,-1.201906562009698,3.1786937082726316,0.7283909285447362,2.315341716296072,1.6652769841181958,3.575541704278983,2.317764165271983,4.007430536353267,2.9280412864150884,2.8522727291255485,3.4506872871906253,1.879717512397506,3.145588536197022,2.5930407773997284,1.9522344906688822,2.1853813189674938,1.7483278640672362,1.7717534220110804,1.1807294947259046,1.7104142814843883
20.44149769257207,19.061889187942175,16.52435613204024,14.411130357562115,13.620596373542098,7.1040306906578845,8.587632250191296,6.36997501044712,12.587297442946232,13.253204227960616,5.661864203167349,4.961702738163496,4.969438547838787,1.9110193852280193,1.386192859215824,2.004205510430327,2.9210157311066323,2.994487485288148,2.852765142690914,4.0670261663286675,3.0725970947191503,2.703669647579513,2.2532842612119355,2.9225627293219896,3.4588200104704314,2.4877333674518987,2.0039859899895864,2.6611820382634277,2.51177445454307,1.697260626163335,1.2888668056674932,-0.6782604867365476,0.8506001492349737,2.444812248048566
19.938999819573155,19.134705945470273,18.446445597609518,14.761320145656095,12.160162606262361,8.59499353793877,7.371469902869858,18.150500630183647,10.28248277202452,8.196905971994527,3.523481208517866,2.1713198605391795,2.7745062736043002,1.1172004794227517,0.1677556329721124,3.2866441044352617,2.618954627753523,2.2112921327844157,1.8200146520684841,2.7124623802966426,3.9598965814349256,3.97106416902791,2.306604415909887,2.7166489651166765,1.406682540521446,2.650287522971492,3.092951994161459,3.282918155553757,2.199336359717652,2.6033629407118513,0.7114784744711428,0.0392296682908622,0.5936249468093219,1.5525443862553459
18.895856145022588,19.454571569736753,18.166802176102696,17.98482642089176,14.156900138237367,10.622815601216704,6.981125595129166,21.749066625445206,12.052072732737187,5.854378799679514,6.271726843091937,2.239717044629555,0.034184934148061695,-0.12170002450996031,-0.8627298638824743,2.960751266999894,3.082956988160731,2.893810817839213,2.2421662022268274,3.418049873693379,5.318662390695595,6.1172578855691375,3.1263720040758707,3.0143790053263055,3.200610837388151,3.015383850135082,2.228263720075729,1.5621395495705759,1.8440211759027605,0.11320174918477098,-1.6938940288841098,0.19521071572803914,1.3147663643772216,0.5494201932417058
