script/wind250m.json
{"header": {"parameterCategory": 2, "parameterNumber": 2, "lo1": 3.000054539987559, "la1": 64.9999836372058, "dx": 0.5, "dy": 0.25, "nx": 34, "ny": 52, "refTime": "2026-03-05T23:00:00.000Z"}, "data":
[rows 0 to 24 of 52, columns 0 to 33 of 34]
13.304896316272048,13.613606766114776,14.012417829726449,14.316039224532066,14.538400413538387,14.41148660896647,15.360012408838372,15.84742832924343,16.041102596375275,16.607995972967924,17.552080000256627,16.61813997493849,15.693786227498695,14.987184527470458,15.65422785543879,15.965666200669608,13.519619695313345,10.774429572905875,8.332846702973576,10.499993002945555,7.7628548282873,4.178596084353512,6.820383077381617,9.79115824684755,13.196867441613534,5.823758249172527,6.226995469319315,8.976841513722352,10.886486230716478,9.629699398352908,11.217162062747832,7.4004197756198105,9.106488186697561,8.37065559476659
13.079322246962576,13.254227641520707,13.752583497803807,14.127147379933382,14.224473666043103,14.514058514702269,15.237845751349958,15.78941076676242,16.57375033274758,16.506772830673043,17.325710897776247,15.728371124301281,15.52244556070661,15.878629191964517,15.531783953780606,15.303906676368102,15.857871571064239,8.424310422461126,11.94292629695057,13.796114781945574,5.592982097978007,7.061969308373484,6.146925799739243,11.411885438138514,7.2580256183583245,3.8196384613201166,7.668684009531919,4.608154840535383,7.792654563925133,11.381113344071471,11.691283556816241,10.903028385699868,8.817624923304379,9.522873914219417
12.508937522018456,12.551137759701863,13.04613861187948,13.898625593934584,13.850018637947391,14.177902175267006,15.140237177226732,15.399606471489786,15.834832959735976,16.022382226266956,15.760618040796121,15.99009909807556,16.077925436414347,15.742397755231744,14.912802730144785,15.0341373798923,13.794144358635085,4.729035493319582,2.3039042622976367,5.487057950588558,7.423418673315258,6.201839986000232,7.487476110984017,11.768742144875535,8.291727548255649,3.005805424586372,3.7888206256845125,7.28088552692397,8.06423568123097,8.444418406956238,10.264274859840683,10.735620749913998,9.753323976372643,8.343142273704425
11.569676159074946,11.865766310148754,12.870817360477973,13.239058542033836,13.22303230923546,14.219596474116644,14.825063013798163,15.196201962465432,14.892603650042071,16.81459761036979,16.407199615036003,16.07004038178101,16.27158085857502,15.617239594582532,15.477604460110024,13.079781946183735,8.573320436360607,10.655425761683166,7.609626036536776,4.546983550479145,9.843252806019597,8.496078328125863,8.440357086358091,9.652566236249006,6.1675987880313485,4.3069872181508115,5.095515742564366,3.99478168800792,7.565572266443454,7.190819725254418,8.149143579976926,10.599442994775456,10.585560181797259,8.242544437772167
10.886833949423922,11.306389191820205,12.217541983185255,12.52319726027839,12.988670123644063,14.032186526460906,14.684335751070583,14.425882997630373,15.499572390225682,16.420600777505502,16.254906932769654,17.09400562757706,15.940466298012433,14.982090386471695,9.847653188906726,10.174518028895973,11.519885102516271,1.7837943628843087,2.8227301832645275,12.065133993648862,10.981812790167181,12.19824883688791,7.871100710869035,8.66365105425459,7.58538192834123,7.775025884327578,4.6147718831418185,5.275837955086568,5.921403561063187,6.889167321834343,7.210387943319525,8.477533726949629,9.425428822067603,7.474202404021238
10.110968956727778,10.711898274523833,11.527854292154133,11.708349552788542,12.406985180338872,13.340740358706702,14.34952011661568,14.926181638878864,15.884240291257091,16.67696956203613,16.92709783241466,16.973958038326217,13.87449366077988,11.67161613929393,7.686324703576097,8.721162424937841,3.4153833280639003,2.890312707963274,8.283001699478834,4.884186342227037,4.109109760826634,8.44656412092206,12.464073144265322,7.794684808640579,6.1585686051725705,7.94956063397265,7.853644502906811,6.402146943235678,3.9659965532539094,5.462400848359676,7.017900800488456,5.7614030322793095,6.811903998914674,6.4405684044244715
9.188263482997641,10.320060094657931,10.846182384417911,11.16811074183558,12.009998691393294,13.53187923507017,13.755430125659244,15.06339122613775,15.323555115263943,16.378914261614547,18.115520241839288,16.32304596661744,11.405413071189201,9.499114815584427,2.7856702935934927,2.786882133095205,1.3853186582432726,6.15691836669288,8.01214983196094,6.828949661760521,7.4323547276457225,6.932272305595309,8.240381714821646,6.976563719065734,8.180876643498275,7.042917723579912,8.010985650312415,6.739959828874838,5.15718912731796,5.562592839193244,4.1114441870738805,5.002936725606628,5.474506588356166,3.701816740937972
8.525642795460067,9.268685859710152,9.929373870922435,10.614147567360702,11.611093350081147,12.957127919357825,14.946390388388828,14.215536066251433,17.664144567849895,19.630205391842836,17.895451383913926,3.8138313265324997,5.619866640321719,12.39314679398531,2.5730650373588047,5.6043134052913635,-0.8203780252361033,5.242387580706716,7.377480891282263,5.47954273224567,7.103972879276711,8.774252388798743,7.1610499294500265,7.216749818767042,7.093917878762879,7.667682896888597,8.940452662471653,9.297086078134665,5.756567468646244,5.234131596662589,6.123620057808514,3.0264545497036663,3.2113033142053613,3.6097510156094854
7.859033455994423,8.41075720295375,9.600119428169865,10.13733262274175,12.051474737343312,12.182662213395938,13.44312735655877,15.744612553853678,18.17781343248632,9.685248241245938,3.8999655207974095,5.287473470565795,6.207311238893761,7.767503531998224,9.281104232547609,0.9958518633137372,4.081392112838386,6.671470487733688,4.594995776831617,6.249648717983317,5.553779005907009,5.47991978776355,6.137234247404808,2.271970949984262,6.396250986661281,12.37349828292995,9.966587779096418,7.218518680365871,6.5087397550717165,5.782934470911581,3.659796571242364,2.260898551954468,2.308701923003079,3.07565839242336
7.003706255292895,8.40161852555711,8.750480643491546,10.306206422701,10.80571898308528,11.160271137752975,12.378467746746665,12.230284480528642,7.820968092348737,9.496456085786003,1.0928114147493275,4.8368379122923795,9.284382646079187,8.580902485085971,0.21254782588332066,8.840488233286642,9.85137925095473,7.382378640430955,7.667881354682088,11.372308017708297,10.85202243359156,11.355884271433865,8.274674920772998,13.101292227210362,12.079129133685381,10.33050844818299,8.678948452687017,9.284835597088714,7.607959033880992,5.790564827414775,3.373610226067645,3.706836732695877,3.288479667236814,3.6971110177357986
6.508300734536688,7.254462834291517,8.077779271643946,9.809030896907624,8.730459465368657,9.938910959997685,8.737727966363568,8.66564940360458,8.378905389434415,2.867772239298021,14.981823917754275,7.817627711254011,8.091020246346469,15.792609817881091,13.780943634838167,2.9946563990977624,5.302251327095991,3.549857054785506,6.488454798465753,8.63272092725274,10.987789577625716,7.704840838435666,14.725928548373886,7.715636694803428,11.31691516057215,8.369095467494256,6.771295401363095,9.106328902878186,9.029328713330182,4.370215833352966,3.0762511008213296,2.503228070817099,3.535388551598607,5.272567511166317
5.062386297914392,6.073566342316601,8.323841617551846,8.540134574830091,7.7917314355777085,6.861005088773751,3.4861819874936724,1.4587429901901459,0.8586113616837722,8.350757798241554,6.990883321906034,9.004125547747428,9.259956493548556,8.889785229224486,13.057114278909175,5.897047140748182,6.958694483811348,11.374633730878111,7.144025712499534,10.01991809014688,12.128281934175986,11.155874721053832,5.410071603341737,10.313800484710073,8.124738612442442,9.416366490870535,10.024173301236617,10.591026700785388,9.345599953285236,4.800758903684395,3.8695464361507903,4.158713254194847,5.029326529631536,6.153672614863533
5.700766856095298,5.615645514278189,5.962921149164304,7.158690259421619,6.505100734169782,7.381209429050474,6.52142541331574,3.267320019494017,4.684914253746628,10.500603041137524,11.281442579344958,12.545556260490978,5.025265544939727,8.21507872561138,2.083845240993442,7.593991388557316,5.350113298751866,9.400645848170026,6.924023733698944,9.40246793759982,9.177028745236711,12.697629594184535,12.703377672718082,10.764667608622918,13.067763497593145,10.900946105647007,7.565259159743406,9.668656619135934,8.814724497911524,6.606745806077889,5.028104775296681,4.4892714681018004,5.289013070049116,5.635282603602546
2.8739952172682943,4.001500994565601,8.886555182383647,5.563624389805684,4.661792134385042,8.379354447695784,8.532394613129092,1.9657234398815837,8.818583180486824,9.99259494011973,12.898312739129073,14.400443071948523,-0.9250306580664992,-0.3375662311159973,7.993689644485088,10.037150865646291,6.926588896504511,5.692264752811451,7.736005797762845,11.311344406866572,2.7765776578052623,11.03185665911876,13.314704976902913,13.760450348614825,10.002401294526763,12.025622064404333,9.993915069329635,10.583517853740958,8.754128130652184,6.0057957026370845,3.631328473322097,5.0586636861548735,5.5466689366428845,6.213133374850805
5.403412804754086,5.6092778979346125,6.2858395611725,5.748972099363413,6.994311578169196,4.143957737508814,4.105236360583453,7.701577092903091,3.865504215175024,6.58858227104459,4.0811394215121055,13.762402303429413,17.13459408804506,10.874948936211577,11.42949708404011,12.533458516619243,1.723541725709181,7.619314893352956,6.2276386388815785,5.710554521771646,7.70435359038364,9.66312371486613,11.60879689774185,14.654759073075299,12.394902719412919,10.98778330552837,7.529243128931962,10.503235491632754,9.609283670590369,7.130925279487324,5.215405688769669,5.427588118576819,6.148380187747671,5.78080337614337
4.739812417255249,8.199683150345304,5.7947600955895835,4.930563502660885,5.654768051993016,4.058096144192757,6.446439507266225,0.01831288963287476,0.17612072193831785,5.387277072684467,8.250205559604389,15.33373331364482,6.510350157424792,10.7956434091472,4.569238548056856,7.367329177611896,13.07259950203307,4.3786604360866495,7.665153175291961,6.429083106212276,13.077017055493995,10.291879312459487,3.1846521577287636,11.518126502335653,8.134489350163337,10.415566213505196,11.480810259465862,10.286189793119295,9.965773818030565,8.474763540461922,5.5529749401516755,4.971633433601215,5.750903644919568,5.653564441970124
4.5579547870918145,6.269667539720744,5.282389566898281,3.538225951871641,1.7629392018213386,2.8811204800665204,5.1167897037396965,6.717021457550182,-1.0515111557452563,8.124704870615009,12.252679083264086,15.499979295861088,9.491213588016942,6.697395959501616,2.2726689932758273,-1.564919846184753,4.630300592995718,3.7872285671148607,8.153463248927512,5.272843078259431,9.021676955430491,12.27425200466583,10.514412587917539,7.465687350893591,9.490353591072143,9.63351176884574,10.775478160312327,10.427927392620921,8.987499750354573,2.6693919597587223,3.275839626765567,4.964705840050658,6.027580671376325,5.613284911038873
6.110938772894295,5.557984759839193,4.160994998500462,2.9852784284304725,3.015260998655986,2.3102259393406124,2.468241432359443,1.844891649781197,10.956437400949682,13.084041201870937,2.644540583828871,5.168583943610407,4.46995800403893,11.43777894214572,11.34423328547028,9.511256552211377,3.200215216043111,4.398130483196284,8.684701095535063,7.212128280733567,8.752503820933569,6.980678535995554,10.34279038585578,11.407133302499954,8.60334938003366,10.406069334359561,9.066000280024912,10.552554252345406,9.226906559410388,6.630135256228043,4.982086038739768,6.156747210241728,6.6410212691536135,5.910019430484541
4.6945674796588595,4.15481989453924,3.058408253498237,3.6530846935524934,-0.31895381798626615,0.4462162287567657,5.420133898130183,3.5892758801999003,-0.7445765146858284,9.59490430206723,9.358631187174986,6.190371416931928,11.829717336198048,8.458128533792946,3.6678051452218443,3.616122152692997,7.169565642089493,6.44652853592883,3.4556045663300994,6.152273079209699,5.887825096497694,9.202182390387323,10.114194989222199,10.745164882294256,9.76813903193207,10.816330541712396,9.884211217735942,10.356382610523333,9.195664967767325,6.949929406227459,7.664998213522965,6.748286443608556,5.876682825731075,4.322519109088295
4.036773671531085,4.722241186084512,3.4578614286061446,3.907957967920623,-0.17823463270592693,0.13776717012963513,-0.05810918130529014,9.602022463488657,9.03965200130945,8.035181921029785,10.08924104008398,13.577627660350727,1.5875870190541448,12.050220961014011,3.1362245821068346,6.454543123625603,5.735357585724773,4.837118642526841,6.590870858377152,7.1269405136495,5.970745478430127,6.188585703293403,10.784950094713007,11.307806894796888,9.367544576302274,10.931251572489177,10.546546347744405,9.172153711712927,8.572459773267628,6.268707648052935,6.2170643898581215,5.851562513564027,5.688522182806079,4.409678932823396
3.3971734740360167,3.2052479692025195,2.645955312298464,1.1271274190451808,0.09409133944808298,-1.6673041311565444,-0.8621857400604315,2.4181551751427515,8.918782384112436,7.404938543620899,7.818591475193066,9.075090284325755,9.164804584254462,6.526812019282582,3.1804108321591698,6.507831902254216,7.454210028138934,8.567231232695349,10.140229844238016,9.417863119229303,10.387746740387836,7.624908051057592,10.31289776823422,11.568078148012104,13.010952662924472,12.604037596653551,11.075249657996393,9.184768687560611,8.075347356564958,5.72522100479908,5.817833123164695,6.0973925151806005,5.543568048882057,3.5303744876340133
2.016532130364841,2.5762999980073658,1.530979209831681,-0.8766454232691232,-1.4763585127419434,-0.33625784365724304,-0.6601839206666745,1.1650830801163614,4.955901692871119,1.9694874013577603,7.003271922494301,9.030587227746368,3.4993242893443717,8.162883571535874,4.029949107636198,1.503377704914077,6.2186289790377876,8.9083092210365,13.050043375507553,6.506871209634955,12.320897456088597,8.533436152714653,12.172137364971958,13.439621454055747,13.838342484078183,14.566601479096786,12.031254805622106,9.122107520667544,8.110324542119555,7.201586413494198,6.823006182405079,6.099060565330244,4.735145312354423,2.7656005216986643
1.8655911211201053,1.4123675062340912,-1.249024613438837,-0.602062893195112,-3.5184076672163234,-4.170740397439221,-2.0497298634804495,0.4845076188909399,7.004174409453502,6.632735537973966,4.024550103615065,6.171831238486785,8.978576942682524,8.64135390992784,9.425584522087394,3.991339014709346,8.26352576445475,11.10054828907067,11.175738947653842,12.399184263697219,10.88209792311526,10.833530052643203,10.130851025204283,11.79761787623606,16.277814608604743,14.068978849002141,12.781392107723196,11.571996959473902,10.12219069665924,6.9652981269740915,6.062782277518476,5.936394408880754,4.654945148453791,3.158405845123941
0.9797288834950837,-0.7001694366671303,-2.1437310689459674,-4.177821974113153,-5.783571242889588,-3.82988998774081,-2.1328472679996917,-0.6122605954391622,4.4162041739809315,1.0267729854343708,3.103066932257903,2.514309298812605,5.4245760350478776,2.726171812443258,7.666334198805766,7.748558741875838,8.28503183401241,8.809206741540313,10.188599964224464,11.84338096497672,11.542469155501497,10.517070030738669,8.651880699895013,11.063181832478227,13.232374403722188,12.996696076191764,11.121538978418513,12.229921907774072,10.653300034692991,8.662601621234657,7.08926282149614,5.668882010660116,5.11055511467745,3.657197248551246
0.2873275595425215,-2.9092722617969082,-1.9657090079033768,-6.558924392587682,-5.268506665920001,-6.794706298044391,-8.903094289256966,1.6088818253366137,5.077723888639498,3.160214920624668,5.736988372958421,2.5793210706910124,4.635917316575988,4.931164536272887,7.10383095385976,6.129076941690741,6.171183995319509,7.200928438361529,8.5773015100001,9.774073198542386,9.072383018252765,9.932200965266597,9.269553158745651,10.341386534058332,11.021535306801312,11.502958604203597,11.564101392442074,11.606487065123227,10.280225737395401,8.773112602026236,7.857151979928257,5.852936860121913,4.06009835840957,2.973347106748178
