script/wind10m.json
{"header": {"parameterCategory": 2, "parameterNumber": 2, "lo1": 6.000198445256149, "la1": 58.999992894266676, "dx": 0.5, "dy": 0.25, "nx": 22, "ny": 24, "refTime": "2024-04-02T05:00:00.000Z"}, "data":
[rows 0 to 23 of 24, columns 0 to 21 of 22]
0.050158035629773286,-16.4012132038666,-11.973906637565756,-1.7965457675772396,-2.5789838615281284,-1.5565504487667825,-2.1284115562359616,-2.3730035347769802,-3.7438799314529643,-6.220276773433115,-5.1117284731842165,-4.134070271003869,-3.952109376151216,-3.8972201100285786,-6.804470376938991,-7.981298401006542,-5.730914263380311,-5.610582743426056,-4.546212355905944,-3.855261573457418,-3.4288878859363674,-3.375556773379522
0.4041783408805198,-8.304522513507669,-7.814260055552154,-1.6576125024566755,-3.9414033492064005,-2.457206099033138,-2.965809628636793,-5.5019572807980754,-7.560437978074166,-8.115346726086443,-6.722473602081156,-4.908656279941243,-5.070910199864083,-6.377227680046843,-9.471513291410133,-8.630944831076503,-4.122207441097711,-6.470116370674354,-4.763402055731564,-3.7205520614629766,-3.4109119223769793,-2.8774545823565805
0.5044413030332637,-2.6504788296340562,-4.49751545125036,-3.4060501711468474,-4.19663980567003,-3.2447433755997293,-6.607640613693651,-8.066353290453794,-9.459738753551354,-8.983929974173076,-7.922797783053925,-5.19382181122103,-5.563351854287699,-8.635077549864924,-6.205204114161736,-5.051815450516517,-3.362288930779807,-7.1540485698829235,-7.264586832953368,-4.919543296468544,-4.244043297344101,-3.3130027228159715
-3.845725844862432,-4.82007499163333,-4.770948895821863,-4.0719054535943995,-3.310798201599633,-7.455290333520885,-9.653077600063922,-10.182443709878537,-9.770201879868502,-9.026793865228345,-9.118514139098437,-6.915636708390926,-6.136717123244118,-4.187156011570212,-4.588082983156773,-5.1507652593074456,-4.265675984459451,-7.997194469478065,-4.354564027118329,-4.115600303341608,-3.3419563766290894,-2.5409634813324335
-4.211205417275867,-6.556732888366975,-6.706716581876247,-7.147308162757704,-11.129723303483486,-10.971850168152747,-10.522251507299861,-10.310572933762783,-10.38014983405113,-10.062804234612445,-9.404308543118749,-9.274153320614152,-5.522792704113184,-3.9223218616221907,-3.872999635978865,-5.164568728344218,-4.930644558387898,-4.386347901082651,-4.662018538864475,-3.690190172374924,-4.117458260318045,-3.493617559628378
-8.829044683534311,-9.858717261476988,-11.839957102833056,-13.896856393378606,-12.681953270929204,-11.78344002974082,-11.910928964347795,-11.204266268541556,-10.520217050586517,-8.496896032098824,-9.235727318789671,-9.464787636230911,-5.513800576672618,-4.017714804931914,-4.134731056197218,-4.6308692123869015,-4.556457978548019,-4.401351751309875,-3.8766190446415387,-3.413362464190317,-3.436104869489976,-3.571187448146605
-14.568170767092404,-14.3773741174522,-14.040171167146811,-13.378092394916113,-12.606053986003069,-12.672214343167335,-11.413433630294506,-11.184980166067092,-6.223111116517484,-7.255683883687819,-7.5431822286470345,-8.6622406600963,-4.70664614468895,-3.256451326075224,-3.530913211162652,-3.92454818262545,-3.733824866373293,-4.401616878793971,-3.3141071403442712,-3.82456294180883,-4.031837241822428,-4.168326767379551
-14.855169308539935,-14.652097130316065,-13.502412997058924,-12.345231224488339,-12.103924092021202,-12.062027465021245,-11.292256992901073,-7.8154551096950335,-5.088505849866329,-5.138680783559834,-4.486228205974368,-6.7030307005770835,-7.293683785071975,-3.3137588592046208,-3.8205128565480613,-2.8683204079200455,-3.7790902898655534,-3.7525401902235673,-4.078209319007336,-3.159279973633036,-3.3917013500302304,-6.470839462641704
-13.965367071428616,-13.636182391979862,-13.2314502889898,-12.624446009344076,-12.14150047109566,-4.996275699163515,-6.114533128534975,-6.623765834885206,-4.662718769464337,-6.012545390472617,-8.382714842542812,-7.82652525732112,-7.556487872404822,-4.375646332038908,-4.201931138077092,-4.203846166136436,-4.168151977183878,-4.072189067016397,-4.468880649295158,-3.623174430495496,-3.4479208426501993,-4.3856187713111465
-12.77822696102247,-12.817549149054715,-12.516529495924996,-11.565000352857016,-7.885375087278287,-6.104291516803235,-4.633654693864099,-5.203660622984067,-4.220844690984739,-6.278734421953283,-7.298113750057852,-8.480683306798172,-7.72321854855271,-5.221597155558187,-3.7144170877771074,-4.215542734627146,-4.183564874086185,-4.198392632971,-4.2382342931998584,-4.495976215362716,-2.7189530894984264,-2.638592670128951
-10.595177143272247,-11.353286741250974,-10.930710539960362,-7.516980075667386,-7.077523371050833,-4.26916342512286,-3.553507391291062,-3.965910760736828,-4.195125707312968,-5.4256761572994705,-7.53406920011881,-8.632125899908553,-7.856996070104538,-6.5377420352827595,-4.110535916072837,-4.196088172692591,-4.063091030495851,-4.539652171071024,-3.8211491438653935,-3.4004974110660804,-2.6256345279006137,-2.70890819531475
-7.772109186997595,-7.732782835570156,-6.712130141235567,-5.843935551029406,-5.175282333655925,-2.822553608579555,-3.061635235856035,-3.337412009193518,-3.158189224481123,-3.9344061132947257,-6.936478137504558,-8.008530126234444,-6.500840234399759,-4.287566257912812,-3.600223099486766,-4.6065122298781045,-3.7940525447193165,-4.38345029905887,-3.5194812213849422,-3.513922973796447,-2.8903841392035634,-3.557813955126318
-0.31882460767975646,-2.3994202363495822,-1.284446150917317,-1.8012392409933633,-2.9853075012673567,-2.9577438525529276,-2.4329237744998196,-1.7618399770650377,-2.4651281926871476,-5.817086017097962,-6.781358786807263,-5.155824343293511,-1.8867730214885894,-2.888082771424906,-4.500245530175517,-5.306185794179872,-4.7495487595976495,-10.018874173800667,-10.408369509995502,-8.56526043116232,-5.487568363859343,-4.274255025295386
2.4932503665158268,4.083918527691151,5.140493934754802,4.644069214969981,3.0100820488091844,1.4333306488733273,0.22346855661263482,-1.0392941329641994,-2.4117881688260225,0.32045965027666234,-3.1662615539869376,-2.50975445018955,-1.8956417094175402,-3.2073944009537625,-5.848461120107458,-6.857259066735064,-4.85945000732735,-12.714955832878028,-11.657645417075365,-9.914608017493842,-6.249409150330164,-2.737415910015898
4.60616650481273,4.741555328743221,5.257127964999524,7.084724492178679,6.979885162143329,3.5165739912711684,3.7042141362731154,-0.6328573261681238,0.7047254788797401,0.14461140477130371,1.6162751737046144,0.08952848877385217,0.34927377439536067,1.5277505315150626,-2.310379040147382,-0.4108862249765253,0.9213528387225938,-2.879630725422236,-6.962903729682875,-5.1828127737593945,-3.6207527055749242,-1.9642044866746935
7.039868010401652,7.085976517264757,7.718120342817789,7.559779997587108,7.8271575804664915,7.951953053790107,5.529930831499602,5.126313074851743,1.935291536443961,1.4563776065925815,3.8080033057108653,1.0065130892834124,1.8610358416308241,5.627396982687105,8.828704652581063,8.072163027599933,3.9398739916652286,3.631521959603252,3.7922236753937697,4.447391485404299,6.287819027063813,5.3327225291345925
7.5968907161560395,7.543495808298278,8.47646239408196,8.781633662335375,9.671461478754761,9.099942318352127,5.676325227876041,6.327263109744212,7.270576947610984,8.170794466128708,8.046646697734154,6.170104955946666,2.1371749164058946,3.5725001672059267,7.3404685399110745,8.229717723304557,6.452358238165496,3.920682173948038,4.071983846413484,5.893975942827131,6.802441566549594,6.275510146467429
5.4902297170589565,7.072620424906089,8.987269912862178,9.302997086498836,9.374801217790237,9.140901076481539,6.354479524636858,6.7513377449689145,7.291016448186342,8.415800995770011,9.392455646293447,8.226076918289184,6.654010160980181,8.034537050647108,8.413238371526663,9.353243916661292,8.27285343794138,3.9087570863803465,5.757274001341306,6.191476788482991,7.462129927668029,7.4004433899194675
5.091421104111774,7.09122488364561,7.392395061624387,8.153822519698963,9.601042090599655,11.568207072519241,7.535766806080858,7.054655514837635,9.316489247109612,9.2153733124146,9.80813546231248,11.493877168035398,10.13485048435078,9.20391162474479,8.85696834378658,8.468001654389884,9.035759388761957,6.337389779421525,4.578482820962782,6.177713243756329,6.874478698433474,5.920030004052332
5.391319105214051,6.9746207812109935,4.85487430463799,4.95893728711746,6.368202695777647,8.366870261315857,7.337584707022284,7.467790832838636,7.765380287228989,8.008830191836418,8.360036034643446,10.759361630584463,11.303434451822467,8.352276587514565,6.892308503838714,8.44946766322314,8.536391414056485,5.194262619195432,5.8585823209583605,6.13724103661845,6.851294279137196,3.961951957441187
7.877575152147219,8.76384897389675,9.073600395016964,8.788922033772009,9.03333922856424,10.312723596437452,7.867838059185838,7.323691583984147,7.234254323492739,7.501858414916923,9.895298313160145,8.539241540900417,7.936490966224498,7.492322502519832,6.386534139848886,7.512405471546949,8.110185208514569,7.03147663359931,3.7227376976024713,4.899895234686448,5.418947293452223,4.320274750732304
7.802167117912665,9.169364840580863,10.395760750990927,8.261276962071484,8.558530210574103,9.206341018697985,5.753607855922455,6.48277429592302,6.084810631043761,6.7628956926870085,7.2733286497581116,8.269453351995145,7.060775865349193,7.53519252148799,6.7582929382201264,6.518550157561557,6.525097878944306,7.4233857836313115,3.259799794168148,3.775805643115543,5.16482246638004,4.843804297135085
7.8055846572949985,7.222633362092048,6.659634002452236,4.649808162126228,5.053236766306408,6.027873435575012,4.896660648572791,4.880386613209797,7.542567383566993,6.929686240319417,6.9823848871915795,6.7113122689623115,7.486651349937772,7.074319081908239,6.811165989611179,7.147329100735595,6.791784535494759,5.276867092645243,6.344145599269138,4.672594051859726,5.35347275386814,3.9523700193386615
2.8675598870995422,3.58048985317663,4.770333056650204,4.740370990599848,4.34126673443365,4.7642893115489935,4.7093111566976065,4.7748402915204275,5.672333114027235,6.18448373676479,5.413230295760373,6.7176298013103075,6.565256957816202,4.521740517562177,6.41156923702032,6.439501341456303,7.6454113377428214,5.70259762644956,7.025767780803057,5.70668440105307,4.179810503749284,5.521060750844975
