script/wind150m.json
{"header": {"parameterCategory": 2, "parameterNumber": 2, "lo1": 3.000054539987559, "la1": 64.9999836372058, "dx": 0.5, "dy": 0.25, "nx": 34, "ny": 52, "refTime": "2025-11-27T22:00:00.000Z"}, "data":
[rows 0 to 24 of 52, columns 0 to 33 of 34]
-11.955201001857668,-12.359987842955029,-11.96816822601045,-11.81265374608407,-11.72633781987398,-11.074090801750017,-10.159938192096565,-9.387239777615969,-8.567210197998513,-8.012205532885798,-7.388940045485011,-6.356001224154108,-5.457910596320518,-4.405873404472062,-3.6711295201067413,-4.108290592403166,-2.533882598292402,-2.102737331889532,-2.0899066039899514,0.4162393550110913,-0.21639009865923634,0.38549859155613414,1.5421355348050099,4.515548968157648,4.693471892239306,4.603651456890792,2.250991956863107,5.960791430009371,7.80520082332323,10.505134319143929,6.400333697394802,5.303663885587318,5.997028081055245,8.165550904804329
-13.479055853426553,-13.773506685428789,-13.659759434104924,-13.23420788762989,-13.187041310240652,-12.782119672691639,-12.20717626495636,-10.986077816438213,-9.901730644567891,-9.204794840106754,-8.731557621619872,-7.847862113424265,-6.894942650439066,-6.0924453166959145,-6.30699840212515,-5.794151419614389,-4.768696304336295,-3.978895658876996,-4.5209038416590275,-1.4409033899845463,-1.8692044979835645,0.5540834627903567,-0.32638311583313645,2.8903390890685428,5.553671324378548,0.01495374725970675,4.28932971282379,3.046794306999313,5.134154621474641,10.398088408124933,8.050653303578494,7.7371579653138935,8.180936886847634,8.933112324767116
-13.962549547667704,-14.733849568170525,-14.596467990185424,-14.708913893036819,-14.51235351137948,-14.23118629493845,-13.606817152988784,-12.630278359023368,-11.065310964022531,-10.034930278882483,-9.24285692813641,-9.056103129321905,-8.503278294439912,-7.765227330829283,-7.19920620569009,-7.94914645526798,-7.320707845973427,-6.421432565322006,-4.660741882936432,-4.682868178237547,-1.5310675322211402,-0.6260892445825919,-2.3567141816811574,1.9337748061944051,2.370677998292454,-0.12240831131727134,0.9324788536239725,6.344478218915192,4.5105286987566995,5.849847845891916,8.980352498078068,8.556250425258103,7.291192910826529,8.074675687233853
-15.224641213376989,-15.229695222555929,-14.935584159948391,-14.944309681785892,-15.5063463838531,-15.179779986465334,-14.999113382286978,-13.413161725498576,-11.910797964157545,-10.672058066808317,-10.177173754185652,-10.08311043961622,-8.878031836718476,-7.601054852281198,-6.675721805046726,-7.7615598812459226,-7.795534212558324,-7.411206988447869,-5.777135704175575,-4.410504004152946,-2.244611285934132,-4.527295604854488,-2.06200005622243,-0.11175079060624403,2.0120739911518477,2.933781268845036,4.97754645019402,4.40769986494292,3.863771973534225,5.5324580101414345,6.325040356385389,8.787899147054143,9.051643444865839,4.982999688394265
-15.533172815786541,-14.994462565407154,-14.813880257779774,-15.395899569003678,-16.12535531312619,-15.657687324109384,-15.773185746446323,-15.02054928502211,-14.569730408312187,-11.21902416139313,-11.023975415260898,-11.171034487127724,-9.652655674497757,-8.284109488074654,-9.68422923277876,-10.881339336370441,-6.662466619579201,-5.697530449852614,-4.028128122284124,-1.6721404856992272,-0.6739746791802105,1.4210832822013142,-1.4960828640901074,0.04240917095648667,3.8528369384001993,3.7426716392932917,6.0205656922279625,2.7611205971982797,6.4054156604428885,5.861548987030969,6.759217370110689,7.36850005756368,9.131195925385075,6.5487392700240585
-13.988996545818281,-14.285321797486398,-15.070053978072583,-15.345059428749268,-15.469374944398542,-15.669912260342063,-15.975175783744616,-15.222151351649927,-14.62342839243412,-12.155602355339013,-10.520558626491605,-11.126790739546994,-11.692861645960775,-9.216431430764482,-7.774972553667928,-7.369664543773938,-2.9533506209334193,-4.378632514741279,-2.17132955648957,-5.324259391467917,-7.782930687352397,-4.162739239747238,-0.35967973500080663,-1.2832054073104096,1.24557478395896,2.6225585980179127,4.646749164104201,5.133315523669175,3.357852882435649,6.761648564644164,6.718658971507284,4.236699605180641,6.0808738693269,4.627853161260838
-11.286847506112396,-12.597260983421995,-13.394054138344767,-13.641255274414666,-14.74839067161633,-15.318066186035919,-15.45770821006284,-14.81562115412822,-13.617172722613493,-11.652946498976242,-11.903094630942588,-10.267658506909164,-6.360122876927267,-11.161030216849507,-11.460644270257129,-6.267669665200038,-4.56971657987847,-4.518074278355883,-2.2244520726164514,-2.7835631840395005,-4.089592374721831,-3.7788392470703496,-4.604773354514323,-1.3851487720552795,0.17406217724073395,2.7847212926571103,3.5696556474219907,2.7960873400480852,3.8068122368124153,4.30854770170811,3.7792863140820967,4.27223525984283,6.280343026468044,4.494423125191343
-4.155157599413074,-10.230051789560997,-10.197285299166252,-11.514566639619584,-11.789001277814233,-13.006731200483948,-13.949734533297494,-13.07124191783846,-10.737892615923316,-8.87288876097616,-8.222526363193776,-5.440740312472818,-3.864503426302893,-5.516256320305825,-5.298063534584676,-3.0488550997016977,-4.479703931633936,-0.46098601644230963,1.3412589236704622,0.8450578792523954,1.2451000030368002,1.4349679994176998,-2.6761956113025507,-1.4634498405840457,0.643221019880951,0.7278634099339306,1.5837627249008952,3.5199939357010868,3.0406513223452256,1.671448351917889,4.646181684490776,1.5239621853897167,2.2220792184419804,3.9178362412200327
10.499065057171599,9.7491218524156,-4.278865936193865,-6.175905926513633,-6.473654313906273,-8.114414296312523,-8.758811278841929,-5.646342969749087,-2.6225033016131425,-4.584033270818152,-5.755814422851205,-7.641757995227342,-1.4853448559142988,-3.007898234630169,-2.3215859880265874,-3.7999211303959157,-6.615226352368713,7.818391939291334,-1.9690747351863194,0.2729372001220432,7.4662301125345225,6.393393027802617,4.974151495902846,-0.004373713534103292,1.334703367146128,1.3700375789390673,3.5310386931362596,1.3388636191991057,4.378608460078917,3.409159118924027,1.8956158996058339,2.0423803898169512,4.248336383220908,5.394896772512235
12.192149309530215,12.886629833881564,10.819364454758208,8.364295948475043,4.100245601726551,-3.563205994731586,-2.182660800716656,-1.4694289444219772,-1.675176113170325,-3.0287637661547744,-4.343457087831878,-1.1351332446744848,1.4344220900452704,2.060002508272893,-4.624907893103363,-0.04521724567395601,1.4823166806163388,-3.858508843068036,1.1254355189154763,0.14646659660918954,5.237838968397113,1.8555746325062523,1.4909794949459216,1.0187908661671765,1.387944906931519,3.3343954867389236,4.574405276801631,5.1003259743118186,4.576508910784911,3.491534889614494,4.2263097122631805,5.045036972636782,5.677298795480481,6.059331108254932
11.752568571426922,12.303264180715827,12.496591011317568,10.043072505670732,6.846055808533388,4.642561343369285,2.1579018204771865,1.5536940721213264,3.991979923337914,1.5132154674561844,3.994895103104762,-6.52981225198139,4.517097464253943,6.863520121753505,6.045431970657868,-3.1903963053204665,3.797837019819177,-0.1369155201259886,-0.4063068126831702,1.5052655165409141,2.939408889724841,-1.017590004874145,7.383628245003621,-0.6310396282436894,2.741988068833345,1.316502756664449,0.2464317541663162,4.5120535247627025,4.0496195941327455,2.1316394459781396,4.418955374557878,6.4127004570564665,6.490615977245554,6.460253241860598
11.482469456020247,11.976279223726662,12.67755510106716,11.320197586236219,5.949031767281744,2.8225569398698322,-3.6559128858381227,-1.2598824885812674,0.8779856846471416,0.36883135112500437,5.5197644400356864,-1.321047545330279,-2.4386869278809713,-1.258103785596591,3.199717322454377,2.2343600149836527,0.24362616185593824,5.4326354681614735,4.040597998639409,0.25385088906091363,5.819169149603685,4.117729678997834,-0.4646421577107887,6.501031920034651,1.3601436602427563,0.7970596064280805,3.3666655564029555,5.079940918113729,5.822102536858404,3.788089032937551,5.460042523086416,6.92012701929918,7.5732551533358325,7.780203386682151
11.048949454720187,11.490667097859877,13.525781781662035,11.439121529746352,6.535296666742509,3.1341363801268383,0.13156173089184883,1.3822684731485428,-0.6788780861876889,4.3176884905528405,-0.14291590537435248,2.473708101138716,-0.6918561259341585,3.357602210109126,-4.598614310652602,9.064086699910682,-0.36249861408387574,4.009068018777888,1.403197571635852,-0.9654285461111779,-0.1575653791017083,3.9489261881439126,5.427090412242885,1.9088511076954608,1.9479960792396847,2.0658814328825845,1.9880335099048867,5.102963569489413,2.9413018033014526,4.673461725565028,5.916665983290651,7.8997113559435554,8.801581317532321,9.278425754279944
11.820992474239064,12.746987430211417,12.528429150884968,9.703214659531513,5.920318312906384,2.92358212179446,7.782891845416835,1.2110390469677446,-2.3938397151683604,2.803631120236756,6.497814991955995,8.48377356692249,-1.6964989807631379,-3.9058063669189917,1.047320499412225,-0.774271536174914,0.5652706564943976,0.5074617072933372,0.4343339429707236,3.956737658737051,-2.482392182698165,2.762026892372705,4.297085759026978,5.293770263128258,0.882975525044016,4.346479430228215,4.494688628006303,4.951097626252132,3.410559892185257,4.668217829505825,7.104696291940795,8.511055432746174,9.209347863255974,10.068937841703969
12.921722688899695,13.940942083351715,11.266405211541677,11.12045715660666,5.350241164174075,1.9689471480149394,1.1991908580285753,0.5535196287047344,-0.595681058696909,4.199899317102121,-1.2807091272169435,5.061868746800466,7.033956678939858,4.261855286243425,1.7327200767911621,3.4152341180519254,0.9221719661748196,-0.8487304983717606,1.5507931113271964,-2.3106037386639713,1.7812669822794276,-0.6876963630602642,0.8735832523928168,3.656382183284813,2.0207777289008817,3.8201148056753027,2.275503292759094,6.603657005053537,5.421656821579068,6.413522235161163,8.021603552151932,8.999713329769348,9.423890106429836,10.015547383881831
12.310568383670043,13.145338165567123,13.622389426805997,11.496567418900643,5.230223255923464,2.318833983777234,2.7888600547741302,-0.7868853626634916,-2.2562885046992696,0.5635524650810643,1.2148495714558996,5.421270368789119,-1.4471503089412194,2.804439112819566,-3.957156058872619,1.458208679896531,6.71827222733955,-2.1804995301036105,-0.7570441705109744,-0.0221864700576525,8.113515842107265,-0.48992989242541146,-1.0805877072697534,1.6478380128630854,2.2581094432197126,2.5624061442451187,5.925110243619546,4.194090831394413,4.749103049993787,6.108326495316773,8.521886605421532,9.097541586451724,9.201367780898998,9.427658442000585
13.072730877845803,13.440614839510534,12.864614083361767,11.477259880908814,5.670230137703278,2.949719834873678,5.254578069178332,4.209479348475448,0.06417166720274375,5.16561752325835,6.175832969392286,8.629639093515554,1.8976429746364754,-2.82367638054182,-1.8861115577491983,-4.430921047904639,-2.430297160295373,-2.744129838968458,-0.6126187637473581,-0.37149632419675716,2.718518627959779,3.078540223606714,0.7248367393818581,0.10672802784018748,1.6673006795321248,1.5341603942448887,5.02520038504119,4.773655251975469,4.807175438218637,6.894233715439995,7.84836689762223,8.750365444106961,9.20298833253799,8.749848188098362
13.429655613758278,13.527199586791053,12.451843410015597,10.518413976522565,6.467668273955849,4.44484551449305,4.16291255196109,1.3168907704954833,11.898693262912971,15.690811769268901,1.9203568734693615,3.7055866452960236,-2.5714717641069416,0.612576367279803,1.020718536194659,-0.602524924794922,-3.61112875213371,0.6590563515682675,1.3504729600619023,0.387243922936268,0.3705054642816809,2.0169061126000165,1.703496497376768,4.316487690544584,0.6215411665849361,1.0131780001442887,2.796945908028366,2.678379830327595,3.897892161082989,5.898165681927667,7.549461580835444,8.328235473325638,8.324328336287614,8.61494292743744
14.417993408134032,15.436754853649084,13.251690639847356,10.698625961235273,5.749832067987785,4.528619938973148,6.233258774447668,8.104281368784413,3.0136427827903884,10.940461211981976,8.026751734973743,1.1512058018459344,5.029301319275781,1.383670121359814,-1.8338986191209994,-0.7759289127871587,-0.8341078885544616,0.9537466842054162,-0.6395841034094826,1.2127308140280233,0.20541875536502252,4.830062984870661,3.4925154098908884,1.1217945402824487,2.0946729997480498,3.2749750084203986,2.855761029206509,3.6926856621787802,3.1057889133053083,3.5668314581070897,5.169934076569524,6.9373948911855585,8.583366675347342,8.264658106532904
15.047472758950367,16.252373854151383,14.225065316599798,11.97501516280593,6.3987782768051495,5.447499349671027,1.2940850471108427,13.441734022962594,14.192823210299204,6.505683062834001,6.371057802013704,8.903716711972738,-2.966500136541926,8.143340443002534,-0.8123713620422315,1.1356041889369142,-0.2837424743803158,0.02664050987373557,-1.0213493065303163,2.1281483305763866,-0.07879500553857376,0.5882739067582395,4.624185373581637,3.8614962377203224,1.4334523389271903,2.0576366608405556,2.8536489433792904,3.005825632817526,2.9443189686471243,3.376633351740962,4.633194066625469,5.331867696670898,7.524984532273759,7.266509920742491
13.691079962443599,13.591542412900708,13.336449991754895,12.14632726913806,8.834101643043773,3.3466661062380982,-0.4951040426924438,4.029041626520483,9.323035648611429,5.9721135471398314,5.4000275520855405,7.712252484511353,4.809388584399722,1.8174483771986683,1.258725969599756,-0.8408664482615522,0.7951216106272149,0.9214157054012236,2.8642116122391506,2.212948217589239,1.574255766323951,1.2981951794151743,3.214541497107984,3.3397723201814427,4.107241137470233,4.429121475281891,3.7699395322035683,3.4620563643960627,3.4539318300323334,3.5289446848181596,4.2537833811296375,4.942814839548462,6.4398578630010315,8.163188356127785
15.761721752540724,14.586341677469758,13.504714028459906,12.303899934102377,8.753507616569433,6.680453798327564,1.6638392564672133,3.7633791026172463,10.346219598293095,1.4034935737637106,3.7162776278202982,6.892775002473844,-1.6339597616089612,5.907881780027332,-3.4231307447306762,-1.6571646851241808,0.8507811179295478,1.3352842179550006,3.5063711044884447,1.3425538916203814,4.717347598339235,-0.06610261937076267,4.19330805533901,4.351434495388287,3.6748798677728236,3.104676520968183,3.1902502572353235,3.802151620448019,3.619185615930837,3.952546208649336,4.3570647311925095,5.116714822091749,5.822897185454059,8.889976536073256
15.393290019578393,14.709093969365854,13.910154988123397,12.753113103274062,9.537233923949822,5.862780861925654,3.1107571400513865,7.118631230921376,11.480360622689906,8.754602830728484,1.2816420692911332,4.07169762289289,6.784124485569093,5.466139564258322,5.334062135428589,0.9151026297516301,4.199289501649839,4.12120803269777,1.770210210523556,3.6273931769109136,2.625945775765905,3.2498623239097686,4.58949125266503,4.626775213788238,6.304466471846347,4.029259619471523,3.282170052159371,3.9772053924576203,4.114159569417876,3.530753146614972,4.35695011446815,4.857824783038273,7.397273818429086,10.690599416271619
15.377502294151588,15.276183972820693,13.845479737468612,12.13362604811495,10.500013224003126,7.841881082364157,5.203810245508557,6.58038604122577,8.135425095643962,-0.9523564242534419,0.7660272685574744,-0.8879401118417306,6.9478482458403725,0.9508890878646503,4.842408620575165,5.235298605908675,5.4106595922105445,2.8770318803761428,1.4736453538190388,3.1526135443552388,3.6293780827829365,8.022681789137106,6.737153369000483,4.349985759341052,5.219856181207189,5.098826432483881,3.391226345048354,3.8200724510701654,4.172388863967957,4.329552280019607,5.174233500926367,6.223064823271546,10.280117291651802,11.781802205532745
16.566693111138225,16.026281186613893,14.183397023090498,13.522720107301263,11.390124977489293,9.433375883981615,4.226752505901263,11.76460133029281,10.454376362946121,5.689469368768731,7.896637493974281,0.2136051716093003,4.587631478899575,3.5798254189721472,8.724875595937405,8.118579644529685,5.864570710388424,4.131297433062383,2.9432146553352774,2.4199111335639745,6.750126893086837,6.224604618564945,4.843987059131028,5.66035155060957,4.819189969385165,5.856406135945167,5.245779591095753,4.214478352960843,3.5967098899929586,4.24723797044506,6.160043715300165,10.386032906054382,11.391464099033255,12.446399990462949
