script/wind450m.json
{"header": {"parameterCategory": 2, "parameterNumber": 3, "lo1": 3.000054539987559, "la1": 64.9999836372058, "dx": 0.5, "dy": 0.25, "nx": 34, "ny": 52, "refTime": "2026-04-29T17:00:00.000Z"}, "data":
[rows 24 to 47 of 52, columns 0 to 33 of 34]
-0.15709002666640462,-1.7860351043279343,-4.201506916936985,-6.15072792392833,-4.172982037330956,-1.2319309737602,-4.164276842195853,-5.782633400308536,-6.382978853312902,-7.8258573764706165,-8.58272930406361,-5.101309979987051,-0.6502517998769377,1.6164690376134208,6.841621061492081,5.523694357291387,4.552854790761122,2.6782428735603596,1.698195478534643,0.1443206649976785,1.9814727392775837,0.988989927240918,0.4954571824978548,-2.891593773898094,-2.396896289170051,-3.237386734649222,-4.888208842501909,-5.582807843652442,-4.545545750478381,-4.247460745408866,-5.3317764464256046,-4.8762397601267224,-6.320275774817283,-3.3225972939349027
-1.0122800327884158,-1.8775810099648726,-4.504778846867038,-6.8727558516384875,-3.951212193086306,-3.109018144958383,-4.141991754546643,-3.9799170173840657,-6.015125348054799,-5.969441645890778,-6.440813633440492,-0.24657097353341936,0.6586275841575383,6.627772224634809,5.65188989514866,4.6624827372325806,3.5018226655105904,2.2447088741698384,1.495130067852936,0.110398639541179,-0.4620836279842372,0.9124637351248185,-0.5982700331924646,-5.0966425750478805,-2.8301456994625793,-3.7204180088297307,-5.436035067231269,-5.2449221944489555,-5.123696180597874,-4.327808364799126,-4.011739564346655,-5.146484357391742,-2.2569295839197268,1.5831801558539034
-0.7473514087697429,-2.504234616409116,-4.485258107211058,-6.740544307744374,-4.860454349575818,-5.50751523969221,-2.826131659367,-3.7364992330797486,-2.4313997397138376,-3.7457301257115336,-2.3424355105555628,0.21095134593068368,5.582978687497427,5.536420401997596,4.900162117567387,3.854641986916219,2.5216998078990964,1.473734423019374,0.6308224134408866,-0.5501483990114695,-0.7041415864738045,-0.21030652241874637,-1.3970841421959446,-5.9546836616897405,-3.270200988554028,-4.439895703461001,-4.790345243206004,-4.6874098408198295,-3.878026913380321,-4.817872462801147,-4.011468335477376,-3.180055960613216,-0.03648869560748694,3.556236193360603
-0.8487625496775373,-2.9151808798118632,-4.573226910729399,-6.438426492068212,-5.464331641420393,-4.920655720546434,-1.9344653465895896,-3.315121235291535,-3.662935635525142,-0.2649901212748751,2.30957457619668,3.4913373334411233,4.745569216788584,4.855924656805992,4.109140932697131,2.4412874475600472,1.5660205634478412,0.5859920329685788,-0.012959774063222546,-1.0170200767934794,-2.040351124439194,-0.922219333628652,-2.470633581424256,-4.2838486521664,-4.031546897115759,-5.235335240351415,-4.424118490248273,-3.9718743387128375,-4.61034919695536,-2.669934548384606,-2.595880199943011,-0.2594419425132895,3.2476006437866407,4.996272807811518
-1.3432099582460624,-2.4832383459282146,-4.706941673036558,-6.309477390285152,-5.606322719863299,-4.311120390587836,-1.800509408076222,-1.3909225872981505,-0.795902357049911,0.4125564725886629,1.9164953219666443,3.4868713722699307,4.188336892239449,3.897349388204778,2.6306712228310603,1.6028066619143302,0.7562481528789625,0.4155232866700097,-0.15948046547487996,-2.03673813583292,-2.8751626663731726,-2.4233325572874187,-6.182035874004692,-5.774899731111034,-5.102518935726749,-4.315242658326599,-5.075591258496526,-4.5740034841378145,-4.217574380018328,-1.7127472302211246,-1.2431225894562778,3.590765916692852,4.324297201593475,2.058244640291926
-2.190688367597846,-2.819152704940451,-4.794747948686068,-6.783503729692669,-5.319509785274702,-3.383458425740982,-0.9918628728459168,-0.5868960488879982,-0.4056154120750988,0.5394082346451009,1.9435249332220073,2.4300816515822956,2.664309846053774,2.39609615945362,1.9603679599533648,0.6814066612843059,0.22619139843260228,-1.6463024559905854,-1.588482719804103,-3.1149633577661504,-4.305483350148105,-3.296157504557768,-4.405596832167384,-5.672694111468711,-6.552880317169313,-5.121291945313404,-4.0369602784538134,-4.230336486029145,-1.9163757925958764,-0.8834057851002607,3.233754037335753,3.0687668927080556,1.8289882920581777,3.0841690076532258
-1.9636459259668861,-2.9428460706838275,-4.433592988017381,-6.3683195494758635,-6.847244793751099,-2.9802992452710404,-1.0750665480765567,-1.4284416688476373,-0.8237119292733892,0.005801806945596091,0.34443414492954855,1.3170451906071705,1.7476403835348766,2.218727313022855,1.1503974849543592,0.9860203883961276,-0.24631373739986617,-1.22625749930822,-4.0335108771874335,-4.296962339753813,-4.750039686480442,-3.924477388710044,-5.406353041641592,-7.245184246964251,-5.588524814963305,-4.811664474487473,-5.276411798716179,0.7640241092452531,2.10222546193285,3.4106635496259683,2.741890722144449,3.415210392868568,1.0860983935455055,3.569316735972645
-1.871444349986281,-2.7492402274549397,-4.17359776689029,-5.8854484294168135,-6.661568269950655,-3.6161067225863865,-1.8229226319236211,-2.232293261626042,-1.1382451151297315,-0.8008968347203406,-0.07154720671018228,1.537130985395839,2.0754656848033624,3.161042340299245,1.2584002205193854,-0.5268080026578592,-3.0871227432089667,-1.6895089222639523,-3.491145689693928,-5.640111978633535,-5.9195197990802555,-4.30557450572696,-5.233100856626569,-4.701201728075923,-5.060085881487489,-5.49047707458877,0.8743597963477803,5.014765635942489,4.814070162095372,2.866925901334376,2.3228906011833224,4.1938446932213065,2.0042942155082812,1.4799764530483008
-1.6685940538528767,-2.863451500268506,-4.217197005905042,-5.432751857962813,-5.968475939021215,-5.794666779223879,-2.8127871013174723,-2.3412743964353915,-1.3540548517743605,-0.7606176321406162,1.4798366765879727,1.8745668833086322,1.9689799789397544,-0.2163819284306901,0.0032304970445209175,-1.9802785336443887,-4.001777810923763,-2.8756529641801807,-3.3398771764308104,-6.425105539154111,-6.240660749894926,-4.124183229220868,-5.657119368028587,-3.989916405258855,-5.763353179459862,-2.379242083869636,5.456530552360455,6.405904559256317,3.4871932075702214,2.9785530512207634,2.64622557919622,2.131027220616801,1.5918915474050217,-0.5550019138028238
-1.6536393006040218,-2.9728353218994585,-4.196957363273203,-4.925829250539325,-5.261704195352159,-4.91799997083757,-4.518186141791805,-2.9766128316739664,-0.797416847547024,0.8049578372013015,1.5099859090752143,1.6441649096696034,0.8151017795089077,-0.8565167582421419,-1.4191239333281342,-3.0022933290647074,-3.4532899623102633,-3.0833083532368213,-4.203267828117159,-6.520956940840509,-6.060363026406952,-4.721534264361513,-5.419717169099255,-4.50313411032188,-3.6473461155430007,4.63655422750604,6.406019966744112,6.406444153980035,3.3675621895056786,2.7582437806344235,2.2986291242638046,1.7442396750882858,0.3812510810200743,-2.231758288954362
-1.2843829940415203,-2.6082429136208165,-3.7784548640715556,-4.607596955680519,-4.259610238972288,-4.175082777130988,-3.6391855961343134,-2.511984183031559,-1.405109768918911,0.19512454461513326,1.3095756376243812,1.4607687694820237,1.427540936108508,-1.0430006596126866,-2.790315013309411,-1.5921898821621925,-1.7822840982545918,-3.492362746225486,-4.918788722764939,-6.441948029971729,-7.567237323682668,-4.501150382431502,-4.996540929542317,-4.197192123619518,4.239093983916484,4.615721863297539,6.79002994445246,5.088849438622009,3.287652261016023,1.847023495192782,2.9327009923885865,0.8065571275442226,-0.6984586596497061,-3.237074456481123
-1.3344520808573328,-2.1032476623090854,-3.0359385442785967,-4.052018972793691,-3.7418084456414573,-3.5060688630381533,-3.303488990645594,-2.8939532988891545,-1.528493563932422,1.457923816642435,0.9126954837629224,1.3194063785705223,-0.8767812962677488,-2.826274129226505,-4.511547596719327,-0.7839455356958929,0.7961560684104703,-4.143650122191257,-6.097670766546725,-6.653343504813967,-7.4949348260286985,-8.197295040114863,-5.049274863472483,-1.169415880805215,5.296045435286177,5.318107897444544,4.361286652576384,4.734425188437164,3.8303702146136613,2.8742206965541337,2.399207174234993,0.1100029801451746,-1.9424449291192638,-4.783581926177444
-1.392800162226737,-1.9896400290263785,-2.807413939068993,-3.1993990520355573,-3.390957064142273,-3.281257485465774,-3.110231001555556,-2.2069510803856347,-0.02085653148359692,-0.029718524762417164,0.6284085510306048,-0.6518117560826299,-2.5162087645881797,-3.9585794128867144,0.8028103612133396,-1.5868547046790658,-0.35458453364784775,-3.582387270187187,-4.990380916814976,-7.305060971893468,-8.67913284152291,-6.815810911637994,-6.120906252847901,-2.239350331025936,3.8493879767185937,5.226709241353994,3.5876399627371764,4.73706399409668,3.2145472113688918,2.9265751385010637,0.9943055471739637,-0.9639419378418814,-3.2902887001984014,-5.644912336404323
-1.0345800648105337,-1.6638840839483222,-2.7546830449862933,-3.1751350259706013,-2.897608928806375,-1.446288936673034,-0.4295764688037805,-0.9965301552597464,-0.8601599289973568,-0.08187340159051046,0.27637430431834736,-1.0900095759693629,-4.258587936503112,-5.203684966420704,0.48180352197580595,-0.5540402742041785,-1.5440674363282794,-2.7265036358337675,-4.794728652158984,-5.198559065183,-8.347632405761175,-7.676103259930582,-6.001068997864687,-6.78219863168687,2.442518480382811,3.68419064053436,2.8102203042584017,1.3157749468301556,2.757540523533788,2.4026874860569216,0.1942860057429933,-2.068943690816042,-4.734167561142818,-6.83059152818678
-1.1390962720718236,-1.5373081953339989,-2.5127667438785415,-1.6233309623647318,-1.0238986282514317,-1.1228339818779878,-1.2491063440933268,-1.0104627560300756,-0.6906984710022784,0.25102499506379605,-0.24399573844177586,-1.1583482781329024,-5.066682730121157,0.732456899906286,0.5018292708422785,-1.312841185666336,-4.017194844180416,-3.5897524503540468,-5.10921633771653,-5.736319780824686,-6.466080744707148,-6.8455759627908455,-7.483625260756056,-5.168865020871237,-0.5170355188680215,2.427221364100176,-0.023102138702050645,-0.6243067982140176,2.46130544937512,0.9355796209250357,-0.7281154986039947,-3.0582149512205725,-5.883304734493356,-7.91058511993553
-0.9104890647538207,-1.0611241042608508,-1.4527987474779502,-0.9647332749989128,-1.0053530569971891,-0.6258936917519476,-0.5845885519964006,-0.37324671650445307,-0.9605920502592753,-0.41345914998891553,-0.3873308809248563,-0.9280420512785892,-5.075369036949208,0.728097319920379,-1.16988685192812,-2.31129343647057,-4.3093432435362296,-6.011781025899719,-5.10215481449637,-6.109586411046329,-3.895447473519208,-7.803619781711428,-7.027202639396326,-4.275143787523014,-1.7148590435231077,1.6686677444981888,-0.45590768856484476,-1.5838596085857595,-1.1961372509542672,-0.24864719550408684,-1.6942016945594403,-3.330090378519207,-6.53552784155204,-8.632552547549778
-1.474552355992237,-1.3337788568676725,-0.8840860473866018,-0.3812909392371813,0.7858890108998322,0.2135184320703886,0.06605590625610129,-0.48031579892315385,-1.065005304380885,-0.5684685300984761,-1.4025098435428438,-1.8851056428398076,-2.898794737700442,-0.8822953535977494,1.5821381544287496,0.8056630557649243,-1.2706338856190955,-4.856020521023397,-1.761344800888873,-2.7577475311235555,-4.961783190568428,-5.517455835539978,-5.36310734164934,-1.18842618875487,1.33775324462043,1.3168569894313635,-0.829384563361736,-3.1337168960175363,-3.365783905658897,-0.15967110501906484,-2.335486365873089,-3.6421658727560002,-6.4896641263179555,-8.174665123693185
-1.3472681758183758,-0.40885842631656744,0.987364152002152,1.2207852962444146,1.2198567490020327,0.7210862984523122,0.028380026213032334,-0.18356461700551396,0.09193039218491542,-0.4360733966737656,-1.296654269023894,-2.4473507467251143,1.7789152360864773,0.3123846297001328,1.1976326862515678,-0.24207129183977408,0.5817415438853147,-0.03542843828975987,1.5839104115816607,-2.46996383923827,-1.5417741135825873,-4.4162049613870025,-1.2342197287085628,1.2354940599514506,0.8057200094362397,-0.5431177150079033,-1.849182284797259,-2.9972247079399255,-4.049780132654349,-1.663213162725863,-2.303322627813305,-4.937668257564017,-6.596319555625354,-7.0303548134558405
-0.3794623787146947,0.20315950103966335,0.37718291673065596,0.893370327115582,1.54622772725919,0.07741527341454314,-0.6869756603433279,0.5431598321272452,1.436285746108405,0.7479876067109028,-0.8066853638243641,-1.2299784559500906,0.3229778974857824,0.06233720932652297,0.5233938164958396,1.579091691088963,1.7108685266997778,1.3996036110974195,1.777831245654133,-0.6676220841017527,-4.916830707786126,-0.42492140376852344,-0.9773458346295207,1.5175329768384098,0.2440017092766544,-1.5245296360573624,-3.423789861666682,-3.648939472448801,-6.017785092794394,-3.306325001012297,-2.7676795478370635,-6.20377330396771,-7.350081230704606,-6.678027326896633
-0.7870897476519281,-1.1079872830034498,-0.5578261582149929,0.39932082511314887,0.19476503971464543,-0.8813171979121337,-0.8886698484682201,0.16681591258869724,0.7495941908532169,0.24575230252143965,-1.0388043920115893,-2.5343566782867875,-2.4577584884428796,-1.397155306656283,-0.45846146466354115,-0.3805094693949619,-0.8198948462760262,1.081571544493504,0.8658721139547321,-0.866195965256335,-1.456782514405291,-1.1116067142898407,-0.08857968300324168,0.26740931119329925,-0.15914571717755172,-1.324081209764771,-3.630517766529249,-3.718792228335359,-4.519148794534008,-5.868690613354551,-5.893933884973947,-5.0381856470678335,-6.535040179228887,-8.117635176484228
-1.721824521461135,-0.8416263124192758,-0.764821656872576,-0.5699833687256703,0.2409778622276083,0.761372109553341,-0.48853901444487013,-0.9963410182218746,-0.09944543800155803,-0.8180594701786307,-2.9710991881003577,-3.2760608229954014,-3.3064306828083643,-2.397802039269556,-1.882363025568568,-3.544362461970607,-1.5888865082544814,-0.4347788005936095,-2.6349707025163958,-3.065874520528058,-0.7683530599523702,-2.870294249153105,-3.0834567076904125,-1.9396580732717275,-1.5251146862593017,-1.896879862982518,-3.3660204289422904,-4.617627123691299,-5.978849849592205,-6.8232481986170574,-7.238907999706647,-5.535641253175218,-6.059109753864957,-6.876299022497395
-1.196320434207815,-1.0670527847146722,-0.4809208662026837,-0.41016177619663285,-0.060987473217323875,0.854760002383595,0.3817595474292791,-0.9804224047297687,-2.0421627439726615,-3.0262216133316255,-3.1996886642722604,-3.455694606348188,-3.7785160262984214,-2.5634987506592943,-4.0008479430155575,-2.7911704740278735,-0.864399897384008,-4.29746762884591,-0.36785753603977156,-1.283189423561028,-0.7471452546080665,-2.907183878994805,-2.8976970597936482,-2.5220088975345996,-3.54050654379115,-4.289883597363134,-4.8097858834131735,-5.450008932956966,-6.303590972111063,-6.3167775649443545,-7.863382067377413,-5.56494633867145,-6.991473610601447,-7.368752595678224
-1.0014300354035996,-0.6049695197100636,-0.46614710233109236,-0.5683590492531543,-0.6659818474360106,0.05188854074957367,-0.8184218445780589,-1.887090581794208,-3.1704169752749243,-3.266143989116131,-4.091770397087909,-2.9757275494765336,-3.3517903102745894,-4.736575346210922,-3.758477399993223,-3.6953998544001556,-3.7663100395687947,-2.0181748407721116,-1.2353072157622504,-0.5993793896100614,-2.809239288326509,-1.6431125463103962,-2.85120903699252,-3.961867888354048,-5.023953293016188,-4.2665003159864385,-4.319926615534382,-5.485961804198149,-6.007322130214006,-6.3792108652002835,-7.525211719426039,-4.582916148607773,-7.304154861656719,-8.16126707457904
-0.8437846340574171,-1.0005093469725208,-1.121863356746157,-1.548594614738344,-1.3642107024135517,-0.5377117013746696,-1.1721843725417591,-1.7387971744105586,-2.907868912624688,-3.9101609165315048,-1.5003301693098308,-1.4108011187699105,-1.3532972272256527,-1.1453204664458223,-1.845231121763399,-2.471914491086446,-0.9222407429580326,-0.7797723530837415,-0.4442948369201011,-2.621454468352292,-2.3866271109120833,-2.388756113967518,-3.754547554048376,-3.1652192642926362,-4.6206927572100875,-3.531779474384335,-4.449995849124749,-4.59876639809242,-5.113704259245743,-5.270968616602939,-5.974213606427127,-5.624214248934783,-7.889229459123754,-9.048606517181156
