script/wind250m.json
{"header": {"parameterCategory": 2, "parameterNumber": 2, "lo1": 6.000198445256149, "la1": 58.999992894266676, "dx": 0.5, "dy": 0.25, "nx": 22, "ny": 24, "refTime": "2024-02-18T09:00:00.000Z"}, "data":
[rows 0 to 23 of 24, columns 0 to 21 of 22]
-0.33404416301502327,6.556679214472999,2.9874711573765045,0.937792250672966,12.4632463479003,6.266450377415372,-3.9784847295665178,-1.944606883572196,1.8464051439768903,6.009808685264655,-7.6940157059933325,-1.3024973700546663,4.101443800186462,-2.3104978405797354,-7.941457660074354,-0.29300703844433224,-6.631115662563308,5.009613101935265,-8.323451893795577,-3.742313509901444,10.903078708075716,-5.330013351615536
-10.335989233934434,3.6386024181893277,0.5516703306981855,-4.826145145609037,6.090859602986908,2.989468998739527,7.02254680440161,1.5045918382687427,9.478549098603755,-0.6357643798287358,-1.2355834436349358,5.7844456972671,2.039211011154396,3.0527320234147735,0.09420904826193716,5.724180734261167,1.0853372871083373,-2.089258339073014,-4.010482105177369,3.5501933104239467,9.711905241901224,3.28588332882965
11.229875010171957,3.5401452096858868,-1.9979527594875426,-2.872906452212914,0.25132491804753987,-4.035948302993802,-1.7621027599862384,-15.884940522880024,7.944776811373608,9.602415332658087,8.445636713981246,3.523894449057371,0.48508877859486776,2.7651830616058324,3.4895512810094678,3.1551985738230988,4.644822894766232,0.06081391261191891,4.526729748619142,5.166324537049896,-4.316147029847972,-4.417858524924123
-3.4186554821374915,0.09595748909093338,-2.559716057786225,-3.125314919808397,10.399341955446225,-0.43698659107885546,0.3477509960108079,-1.5037483093888357,-2.093070756817913,8.843326190278706,-6.5886690465585795,-7.7019334323049975,7.350774614673157,-0.32338473879949947,3.1943601624503604,11.852641252810958,-1.5233209855823797,1.9970804560845363,7.176568285323149,4.1951675771475205,0.21723662214086187,-0.9214038250848801
-2.6254458087305093,-2.142043894887046,5.369397599509622,3.08324112314417,-0.288792116429652,-4.1217527270059895,13.198790117499845,-0.11454201366529211,-8.020544557920305,4.886791840733875,0.09529810595175625,-1.3219237867389861,2.78045249448781,6.204852833310796,2.4285773085616453,4.105296652671216,12.57911428994506,2.9924847496900298,13.041234577090268,-7.773060079743408,5.669235922536697,-1.940218527700095
-3.274198362806906,-2.332006152968342,6.950913990658677,-2.4794926900522802,4.4691359145349185,5.434993141239624,1.4825155112609858,2.8175628267519017,-2.332818091535732,7.500456988723904,3.845113004989803,2.0703332290952132,0.2768238283192896,-3.628514777909228,-2.9033891902660267,4.85433853912686,5.701356110310832,1.4335214541708978,9.88487684329997,4.015378328014473,-3.9909429009972626,3.132963387974774
1.1817644775653968,1.9449039628004774,1.828762393442761,-1.0890028785286479,0.29315431665243785,4.3003074138160295,5.335858409175195,3.7772499525606036,4.708325055310912,3.3366031767342057,-0.13009705682349768,-2.816262654409972,4.561601607771706,-5.997944014064324,1.5043619342945729,1.1366426570132975,1.2969675802208662,2.9859440186617796,-6.987177462214831,1.799807417258821,-0.8898925261543221,0.8763848543867677
-6.756012839079789,5.713820264548699,-2.4578133970081457,5.425239448118815,-2.966086812087704,12.357520343371428,3.2793736917740874,2.9859285776452786,5.4398502183872095,-2.3856220100855614,4.15742313008112,3.163957981100849,4.4696018791208365,0.08934725469741799,6.4905918072204845,2.4153930982497864,2.846341606595615,5.96605902499891,5.194710486688921,1.0654225900014915,1.6732865839348046,5.554726332666262
2.0791530213456375,13.72938132974134,-3.6905627873966322,-7.690978399888094,0.5038895103082499,3.7612347147721663,5.565839453304728,1.3866218777515418,5.955672223815165,6.607037415176484,-2.6468517219822028,7.0543278108402285,6.48372761320197,9.378902172359096,-3.4261787538645976,4.236639517111275,3.26698408127405,11.144362178652825,4.859699052379389,4.250216020381389,3.4403382874404898,9.582905682446299
-3.9119044894962633,-3.214160438776865,-7.43561672287549,2.084290846282795,2.2841528738516446,-6.519126837899472,-1.4270268155717467,-9.996251753761277,0.4241547095919546,-3.7243193298237323,-2.2341492146831543,3.692696758828694,-8.154071236468463,0.8985728082984291,3.697540806651406,3.430996857076793,12.471687040334546,3.3471845414871084,0.27283437914921,0.7022212209421507,-3.5050764154781753,6.3121266267630025
-12.293954183006308,-9.572148261745589,-1.2794145162935995,4.767228052279192,-2.468565848443509,-5.409724355952669,1.21096123739713,-2.220705816017257,-0.17021581762429736,2.002218868185891,3.2462853760730397,3.267771505863193,0.5196983075072622,1.0756144683955866,3.490345619017647,0.546494915611366,-1.539191802639857,0.5664080711431944,0.7592401068337346,2.3676255797820014,-2.8849960860356783,12.838315595206783
0.17912345471249183,1.0826101666112826,2.2760032668230767,-7.713698110180388,2.850365776609264,2.5767206959569418,3.1080584551091035,-3.1199492758794856,3.853191766191405,-4.289308896289892,4.216900244958729,0.30129793749275,-2.101298276376011,0.24138696297809425,-0.3303436925744136,1.9617067467718448,0.33331818489155407,-13.3940205105223,3.8581388883150285,6.446045039023519,0.4247031665111219,0.8849618860581784
1.0493629016756605,-4.504188039309773,3.293206570505467,2.2383814115418774,-0.255576022108234,0.8315544509880853,4.621909165973986,2.3432526927687656,11.782614389473622,4.1038614524142085,-8.840327816896734,11.941488354476975,5.998255765645468,7.790424095881694,11.08278613524283,4.153095076850352,-2.8563275623784317,2.1155708049200648,9.51064360649483,7.271544472961005,-5.415990830727645,-2.549639297558339
10.244948228819268,0.15990932398360497,4.882317308640398,-0.11688860302763908,6.843277182788678,2.675685400877649,6.976846198750012,3.8172879358872462,-2.4425225431138196,2.168416021042897,2.3730786255645304,1.6506494044452091,2.4130071141130847,1.850381934921029,-3.2737803418590534,3.2247111099851993,1.1271161768503069,-2.725693188751222,6.829229799638222,11.893564195950637,5.760518946014711,2.847135879139352
0.6623058984758868,1.4912600245818592,2.6718792194878533,-9.465788519198634,-3.8817846759808226,0.8761200623776977,-0.4095851795066655,-1.5620482591806664,-7.207161666989969,4.715401217760565,3.6860394980290545,0.978702024443994,6.133048952211749,6.301915704666195,0.2588477779628825,-1.720682672749857,-2.3272646558701506,5.054464467000158,-1.0272471336213533,6.399791402739916,6.643619009072013,1.6733143102855974
3.4063990043693697,5.324142335450616,2.96536132163519,2.4089518465319597,-0.36356209511363313,0.6574036615907283,-13.137799555819944,2.2475633016738366,0.1598303217330544,1.6952148384225771,3.5699396575785824,-3.516085604107913,0.7855336389864204,6.316690448639083,0.6063141611630548,-2.652220787349155,-2.3898190517818154,1.6217913260327326,0.019083035150212816,5.498101591449756,6.586324574813236,3.7158566597293627
5.16210053197793,-5.071780317141297,2.9813352404905387,5.898685349288938,2.3045878511022737,4.072725166985661,12.557871993240989,9.821362568116829,2.0886740833360427,3.658384967700016,-14.327544142997255,2.7730836425332197,-6.79062669368759,2.8255594076754535,2.0683421533699247,-11.73905327852962,-2.879004206594543,-0.28263263757523416,0.6998378565244043,0.863544327563022,-11.865898807064102,0.7181639944986156
3.1069076384738303,-6.088804674861776,2.9804469130413334,-3.700297679566914,0.17208935433555964,5.155461459013809,-5.705177005254272,0.07337851491499256,-0.5410741784118522,1.8284116037334326,0.7885582335821575,2.8636916111682034,6.431140286323471,-11.428882670701103,-3.2710353050048115,-3.67620837037663,3.7062402294825265,-1.1158986271763602,-4.930564521539287,8.341172103393928,4.361674515767614,1.3580278921215505
-3.080201071311812,9.669128286481348,-4.864530907348785,-3.045843415280378,12.034107774676144,6.7212673799643605,6.690377266691064,-2.7690386133435014,11.796230544166905,-0.7445551427571113,7.76009103705861,0.5786115770945908,1.7767073204325947,0.5491145517063183,1.3863056375605334,5.856877479218211,1.3922693776265198,-0.7301240455717734,0.16283247842612358,-0.17544312629847691,3.712697764802389,1.0428669748654047
7.494760501145363,6.217012216415122,-4.379849293468673,4.832488347237438,4.52305239842647,10.839655033442043,-1.0891283625888382,9.065270164234331,-3.2594463161643223,2.8296512514220704,-6.8134574213742765,5.0358804063380465,-3.4769956562105793,-5.449224933849255,-16.024963281441835,-1.6247932812094068,-8.268944383052972,3.2627395590398183,2.7130602531599592,3.8600461798011323,13.433129687438214,3.297446032309854
-3.1355321079246647,-2.7812976315583695,4.347187350806267,3.038367392535775,0.20231281319290015,12.131936385561405,0.8293681901481018,2.1509349333285654,3.8117394526642108,6.74606727767663,-2.8180201123303292,1.4960757792902284,6.397491784186438,-0.8091345131605886,-3.6944342381529043,1.6300811322459958,-0.8907373483395573,2.603539675756808,7.477205023122056,-3.54160754684855,3.33713695168322,2.8995497336426426
12.84518027073558,-4.909374898168544,6.5647328728815655,2.6712926196782654,-13.433791147795146,-2.5861504247023763,2.854431999566148,-5.621934246978161,-0.6197456875393956,1.0215301939730494,0.6552957345746167,8.002784818883093,-11.724866955883204,-6.927539531180977,2.772928960601893,6.027924027091847,0.8506311018929151,2.404523332215248,4.8421999251582335,4.486423802736195,3.9811040417910237,5.663119944481892
-6.843641949121984,-3.3053969266783603,-1.895392656976565,-2.5574686276214043,4.767675041213675,11.849513876951228,-6.784664556648879,-20.636705768452536,-3.5792499398746154,8.906373106226338,-3.891702563117071,1.78781886435278,3.0123889899401783,0.9305291303599454,6.972831085262845,12.142881794752412,3.296315133650845,-1.3880152491437532,7.858619399778923,2.2318208743504884,-1.3465404474820575,2.2834614675245457
12.195487359439346,13.362717543042638,-2.331583688349709,3.3809648145604565,9.11601553361278,10.871793039894865,1.6108763905668602,7.660073646476412,-6.634671731157613,2.8832742029751093,-3.219627621805767,2.161167664859697,-2.5099493115716327,3.8871142465965454,-3.2104586361181497,1.6774963357716797,-3.5599209992490293,0.02002025165084404,5.390865450009816,1.5554303182989355,6.150678001772432,2.182542482828116
