script/wind10m.json
{"header": {"parameterCategory": 2, "parameterNumber": 3, "lo1": 6.000198445256149, "la1": 58.999992894266676, "dx": 0.5, "dy": 0.25, "nx": 22, "ny": 24, "refTime": "2024-03-07T19:00:00.000Z"}, "data":
[rows 0 to 23 of 24, columns 0 to 21 of 22]
0.27408794650806584,1.5398873299735019,0.4340976899499296,-1.6625474724675335,-0.14423839271061772,-1.1155257767579265,-0.4523611770528228,-0.4038226732528933,-0.9843987537359046,-1.228945985772466,-1.4794304669908442,-0.4757869949248904,-0.7548381556201111,-0.8645344784153784,-0.3803963380486148,0.46509149872459526,1.2387539955331248,0.2847316952759662,-0.3884866416659597,-0.43533861693879394,-0.25445112037180545,-0.20839698142268423
-0.7620317211052073,-2.3158537781230457,-0.8076393910351622,-0.8057621175610916,-1.0593766180239257,-0.1312262685621445,-0.6217350953028812,-0.9882374438633882,-1.2176546828948733,-2.225945853621147,-2.24894858830311,-0.936800441191474,-0.6859555570325601,-0.031013428365878306,0.9574335988900623,0.7277742279525579,0.3491321869071107,0.17684147582565463,-0.5236366943405291,-0.1899850878604358,-0.25501861336815285,0.1518954996533905
-2.0889665570644844,-1.068324679173505,-0.6695593290699474,-1.1911045585100168,-0.5747843333555115,-0.47904246047819676,-1.704545265942135,-0.9361592477689354,-1.5884597342095206,-1.9617499451926776,-2.4602928019981216,-0.7759275746326934,-0.4133427146843169,-0.4659078189156183,0.25669755339145484,1.0565589504337551,0.7881092600565706,-0.46584136291530887,-0.3661503692161171,-0.4225017037989365,0.377673695158233,-0.07507600805502496
0.17921438891916974,0.6115159834963323,0.025267039665251043,-0.3552226029575999,-1.0524244894515395,-2.0110293295439,-0.8302044014189597,-0.8020738878834645,-1.5891666966466025,-2.0495572310379155,-2.553624822017085,0.11293548906098459,-0.04710030350883881,-0.20737790008475113,0.4310067847332297,0.9437018868454022,0.31803641366006163,-1.5976894894150253,-0.2582362093558482,-0.04390555014460857,-0.17653485583063425,-0.3103966070257576
0.7306779979433067,0.7055532068897878,-0.5378450163189438,-1.6621337071459403,-0.9573892211123564,0.501304859438181,0.1262805819574798,-0.7806645573261497,-1.8367126924183566,-2.686827841731228,-3.720872894454854,-1.9174277830837128,-0.5539212378026723,-0.6600029436383067,0.21919421412622206,-0.09648834514835536,-0.8611591013904244,0.2710902143307984,0.47104257900490853,0.17980743402387087,-0.48421552340612395,-0.4367252972492892
0.11174793579834864,0.364858182334413,0.9538782741255705,0.9341775738468775,1.0662004191182988,0.8443027165743483,-0.3914038005883116,-1.183563529466517,-1.9339284081847146,-2.233232834741307,-4.128971292400392,-4.736176718884273,-1.1235103422275174,-1.0607177113231872,-1.5148851450288465,-1.1870812842727907,0.04933260662004919,-0.23789848928007676,-0.801447908995574,-0.9131315829054627,-0.911800853271017,-0.5599071957065598
0.678512970851849,1.9031640415277562,0.8241729775955017,0.2274826258509067,-0.4483558060119838,-1.7395933601991576,-1.6579838708929164,-1.48689316740173,-0.8607978869322752,-1.9213468554712119,-3.2612260217441524,-3.6993701914618167,-0.6240572704648297,-0.745847151351579,-0.1827818235137387,0.041784877791801706,-0.7314109287326234,-1.3292497973626303,-1.1289825881282454,-0.7295556624466243,-0.3798213917592675,0.0024916474885984547
0.6468025978374534,0.4067699453629977,0.07064224298207336,-0.867825968259408,-1.2819815957555505,-2.5091976548806274,-2.969105270824042,0.3199518384412388,-0.53298913845389,-0.9221501482704535,-1.2751807354955171,-3.484175853033346,-2.9663501881880863,0.5261621155821123,-0.22539093800501475,-0.6106241176077071,-0.2918421491438603,-0.3166583064601989,-0.7609163724883686,0.2265195121019599,-0.5211609446526495,0.05174763545209562
0.33989606413732415,-0.23850136794740992,-0.9613496185186939,-1.9672233810329978,-2.2548466880389673,-0.8015701405964886,-0.6956983689274114,0.7050756717138545,-0.07331112508293298,-0.9241482845138226,-2.238309789789683,-3.265577084521584,-3.1965174007241823,-1.5805248406061347,-0.19133346406138146,-0.5101517364009989,-0.12748397762744038,-0.8159970208283069,0.004313367290096541,-0.28036397087061343,0.081668184929738,-0.03950301565174829
-0.2165140713998573,-1.2351138833765365,-1.5660277255563595,-1.2415689595626487,-1.1343895446924446,-0.47071552519447196,0.20732924157095678,-0.4862775098478256,-0.8790773281612687,-1.0393093209162472,-1.9709583377817073,-3.1591514920724353,-4.023129689777404,-4.670353864887517,-0.7800843211832659,-0.3198156350755712,-0.24180109919557002,-0.04725422154783187,-0.5513428736906247,-0.11590478800408066,-0.09903413809862952,1.2318416724796213
0.5067837510147053,-0.9360964686096586,-0.9514195299045952,-0.7410733992648422,-1.0226170534669374,-0.34848063541219515,-0.463006592010114,-0.14132016281630966,-0.5505761033972125,-0.05975049524330186,-1.6846471518736095,-2.9589255917341593,-4.1146195515111685,-5.180195912504887,0.7043200965058873,0.05673552344835595,0.3599364925748137,0.573456061718629,0.3636107623622534,0.32193415654108304,0.12403718170486172,0.7778862466763794
1.732869886106786,2.0719395566044847,3.1785052933787217,2.466048438984447,0.046619006102788824,-0.5345895860044008,-0.40055493335316045,0.2463203624498075,-0.4728825108733818,-0.6431492414222759,-2.1544241826168604,-3.3191981575854483,-3.815150489142852,-2.5773219881068887,-0.8041070921702151,-0.4463300749952376,-0.29868164645367135,0.18308725918298926,-0.08246492356520335,-0.4194807031883578,0.7794806859946057,0.32676639571772975
2.583589426826644,3.0137984891147007,2.7517243793179387,2.772244311795894,2.7407041243095063,0.3014179398791698,0.0046901047616014395,-0.4301207787499993,-0.6401626735192805,-1.8134415477947445,-2.5586954173591367,-2.8387555234820048,-0.8988419416088386,-1.7078198903936945,-0.3664992931328899,0.35840575244592043,0.27918852734706423,0.12143032994085612,0.8504546153209841,1.0925602892977164,0.21446077764050347,0.10294250692011238
2.033234807112593,2.02718623369957,1.4990834410009422,1.5221544045318125,0.7949577967287286,-0.5863497804089455,-0.6080347492094833,-1.5573733475023115,-1.7498880006320763,-2.4214878876757138,-1.680152335874171,-0.6697492806961494,-1.9249830500670386,-1.148849174449664,-1.1102804785292848,-0.29796902806050074,-0.6100984276306772,0.26442371394935776,0.23796447909722723,0.5322982372173369,0.36600944012018305,-1.3059604068054982
2.4861509899338023,2.284147045944809,1.390060091034685,0.06499959404844423,-1.6214198233223596,-1.3045257102628234,-1.3511406438790656,-1.3330439169373234,-1.3995373952177883,-2.4120778469240833,-1.5462803187174177,-0.7788011828017353,-0.040132683349173,1.5374552798916292,0.6900802760508725,-0.16738802858985707,-0.7376214652043219,-0.44577911553147226,-0.05973079921086747,-0.3451862710659925,-1.5052918438325464,-2.938441113286455
2.278182993367168,2.02298809806658,1.5721864110613033,0.12392661866765647,-1.2881277512892322,-3.059064780259806,-1.24534170441725,-1.6663316604927472,-1.4792079144685215,-0.44722005789840735,0.046544721202740134,-0.5495246550045607,0.1587484122809454,1.0627092931262239,0.5897395025384773,-0.2811421382216066,-0.2820251671656828,0.24076236500938789,-0.18141510633247893,-1.509488436062441,-3.1004489147110728,-2.10478808972311
2.336044078556862,1.4220067655901765,-0.1192308849059066,-0.27872079280822726,-1.7761525918927163,-2.2260122465172025,-0.5619227412128324,-0.6506614512942636,-0.8420883721241276,-0.4122347847019081,0.07324236677106759,0.3620839979998902,0.15984851126099922,0.7057897942390159,-0.0623135655751869,-1.025286382625331,-1.9295226328730053,-1.6147779055569587,-2.2381274829608566,-1.6816277711712844,-1.8594449233698465,-1.932763795220857
2.030865362580182,0.7418453341343274,-0.0018772789492433526,-0.44052074838167465,-1.0002530251707649,-1.315847409495164,-0.7503755491519053,-0.7736430259325768,-1.059350298748501,-1.5718339421817162,-0.8157136200632126,-0.52124913221866,-0.4417798872837227,-0.349345428649936,-1.2323853289438524,-2.1217782590020366,-2.58227095552524,-3.2637364746676734,-4.03525037106675,-2.4445279479656006,-2.0634118314560177,-1.8656492805825515
1.299442598676055,0.9513646806433272,0.5392944664758017,-0.4250760904684805,-1.0689355589905294,-0.8553116545503374,-0.8126172950305292,-0.3247819443182129,0.26166395910381174,-0.7717919342938235,-0.8073368922004682,-1.4947978825612909,-1.1398762486818497,-1.5965586100326523,-2.5383617380946726,-0.9713681225050035,-3.5548487783764844,-4.450739074393501,-3.043383584571861,-2.7986414178623837,-2.82943136411977,-1.129946124112612
1.3879199015033956,0.9786190349877305,0.459663847004428,-0.0728088225976868,-0.9784047236927306,-1.4257267466456318,-0.8195196262765885,-0.821177220083361,-0.7410610404848045,-1.2005239868033075,-1.2406944889373428,-2.1920481006132535,-2.162871231807192,-0.6821243826325827,-0.8740150757774781,-1.985090208522192,-2.4432625765466778,-2.6742180876203347,-2.8299786294619325,-3.1772365077228355,-1.9238563893474938,-0.34021765435834117
1.2803685487530199,1.6949174516513739,2.401630172319777,1.4076791534649526,-0.5617876672068337,-0.37898900894508314,-0.5253799919958865,-0.8106926938911867,-0.7295194640114695,-0.8317377134761001,-0.8330691540044829,-0.5007000581951344,-0.8521897833573286,-0.88793901106616,-0.6306186948647552,-1.559648056150359,-1.2449023221138222,-1.5258736903688728,-0.8473817367420283,-1.211128571484414,-1.3341186275215902,0.12139520266968637
1.718826790432779,2.020961568675666,1.4890655718720422,0.5626100570218922,-0.4100296012311396,-0.9276476710851294,-0.5818938344630444,-1.2659830046679885,-1.1448406313565664,-1.149395177240868,-0.788351444093845,-1.0079936435114893,-1.271268532526373,-0.8179255824919119,-1.0518077239847083,-1.4445980041751016,-1.5140981493583459,-2.9188305125219913,-0.9210569931950443,-0.9357358271789246,-0.24989128560396817,0.05154812360327396
2.0611268409920354,1.383815182873245,-0.4986345615317232,-0.7310583192673996,-0.9699505477768452,-1.2364538443681257,-1.2674309532843746,-1.0335591347950446,-1.3678347962021793,-1.0740844107352538,-0.784211168819669,-1.153073088057649,-1.1423681022450436,-1.582250701435052,-1.4020618143795478,-1.6222482795619062,-1.116473045874657,-1.5974215551692976,-1.748059068940937,-0.3756192352901525,-0.381203020473036,-0.5979858960332736
0.6235556394335733,-0.22035562337507222,-0.3838727248510718,-1.1255770318824667,-1.1881417254532023,-1.0921065802453866,-0.88828888166515,-0.91064625031788,-0.4604208012268815,-0.5682204503627452,-0.6518661175574951,-0.7137167015900567,-1.5652717518466732,-0.8972716968690805,-1.5759728865650404,-1.423214960589111,-1.7632414976710848,-0.3682977430775319,-0.3715354249222699,-0.5267913189168658,-0.2512591542017884,0.17363066997643153
