script/wind250m.json
{"header": {"parameterCategory": 2, "parameterNumber": 3, "lo1": 6.000198445256149, "la1": 58.999992894266676, "dx": 0.5, "dy": 0.25, "nx": 22, "ny": 24, "refTime": "2024-03-04T06:00:00.000Z"}, "data":
[rows 0 to 23 of 24, columns 0 to 21 of 22]
5.054022929231662,1.644491636131577,0.35631637480174444,3.9953278332584765,3.7511624811502142,-2.4622192697886773,4.7106951060622935,-1.7766945925442708,-1.2126469451221582,2.5167734573077336,-4.676270743122465,0.5837332262775629,1.6022428003611862,-2.7024104345046043,-4.862274532476179,4.855936292192606,-2.233311278315051,0.4908283008063394,-4.457850651744709,3.977643318749823,3.070772560535577,-3.1514691941786177
-7.102232597690234,0.6910070413177934,-0.4236448930577178,-4.181653418311969,1.6915687181897119,2.145331674678872,2.1612621510062766,0.8232069157644782,3.371771661232046,-2.534730467420778,0.0026557402023895922,2.0403725727039603,-0.7280393002273843,0.4374757692029447,-2.6376422761966443,4.027281742311673,-2.003186893016441,0.6548124242548626,0.8690875683529196,0.43093811192193604,3.3552543901915786,-1.635947320387437
3.152420714243262,-1.217373433332358,-1.2423146650862316,0.8639116129072073,4.728390702328521,-2.415488895457957,-3.113666547214015,-3.44755714248455,1.214321334200635,0.751717265935703,3.377600067743247,0.1769785805781611,-1.9047231900316195,-1.0824436500164072,-0.7062655925042096,-1.9402891417322867,2.7186686171619723,1.0659412615211945,0.1546075795176686,-0.1604613691722004,-3.0956601128101044,1.201256966528165
0.4640004662960759,1.760323601710069,0.6372994229800449,1.0188031424101753,2.4229254091548653,-1.8628001535546692,-2.6375627259207177,-0.3611883351111869,1.4645451934410327,3.25783890337411,0.28166814709080396,-5.6717579873797925,-4.343889863465649,-2.3977121744720438,1.8932063010399667,1.8090791897278833,0.5337932096993582,-1.6113885124099523,3.2354394541879286,1.2354939084123497,-3.022784896550298,-2.430797061717635
1.868370852954949,0.4147631005368806,-3.6079860286638534,1.8022206636816576,-1.075715852262851,0.5884368865240358,4.478381666409694,-2.2835246682823658,-4.105116796059676,0.8497416576654931,1.2831912411804767,-0.8923655899913622,0.2164944257965346,-4.130858949202289,-1.9377895685163626,1.9185236425432552,3.743322208192575,2.2269304911144774,3.9980197704344564,-4.064587733015067,0.5567976492674241,-4.135483216038872
-0.42821521175967975,-0.19147667373328126,-4.144339723159102,0.2642926019915785,1.6503892606910233,1.784900295489933,0.023299128258417665,2.0185065981021637,-0.9175143909746497,0.7665009252600926,3.718669239949123,-1.326659022957691,1.0206275440934665,-6.257312405451968,0.16783681007055912,-3.4143376066449833,-2.3472426686250194,0.6326055403669196,1.9386565726205067,-0.08359129347794125,1.9878719154700708,-1.5351731110570723
-2.9102652616051246,1.008033884027313,-1.319767890687469,-1.639150104383424,0.42138184405761775,1.4020381433823008,1.483025886031725,0.6850506777029919,-0.16214133302444744,0.7896824307511421,-2.5046699566864183,0.5734120767741306,1.36266763913323,-1.7100185845484501,-0.25809223501178097,1.519883359054478,-0.3231019907542138,0.8580991839178869,-1.514057272743274,0.5843249036710658,1.7866920329861995,0.9420389918631408
-1.7836422826722729,-2.6863828102213807,1.7284699108686783,-0.18259695712099444,2.6209442928070144,3.7476028915631385,-2.0577834913344084,2.0801265728089366,1.362473906669599,2.480192253701315,1.4831868824062606,1.2860185802567012,2.3753838253075172,-3.6615393411910855,1.882404583974498,-2.9919493877273546,1.848753227436825,2.6972594850505627,-4.287284749733262,3.0438348581111234,3.307818582031938,2.3210709084715386
0.49023204073326837,2.314505753271425,3.729132656649125,-0.1954429607166758,-2.2840936278270845,0.7169392866638475,1.0848954481643684,-1.8322943736292037,1.387815865622922,1.903738974321335,-0.1471772225781687,1.3564774050867525,1.6203127028342912,0.9453070528893205,2.7312979955925405,0.8214686689266447,-0.6400214539002561,-0.02010239834913466,1.3561552125224285,1.2046124129031237,-0.2278396233309893,1.209100277237513
-2.961734868929646,2.453415320678938,-5.329647635773069,-0.941179202008067,3.028835436228403,0.4905432883762206,2.3614689948814744,-5.834321625361467,-1.3113977127630514,-2.271088365494541,-1.9782949221617294,-0.09822099226597297,-1.9323443571040082,2.292629984791779,-0.436271081733376,3.583451287523576,3.9962539814121087,-0.535995309276652,-1.0042944596796164,-1.9487582468199145,3.673382653285781,1.6835764899304175
-2.3336936050303834,-6.743611581826427,0.33326684937085727,0.05254331303189438,-1.8139529269437864,1.5161419117963857,-0.15732088056869237,0.3320708665048084,0.5512587541221851,-1.3998828204767042,-0.4892644662771563,0.3596559544465503,-2.655579655794755,1.3218987460695293,1.3174930260465558,-1.7171449625674908,5.787812831767917,-1.3922859645773003,-2.7989986320293414,-1.5536022128494504,2.7977350238241967,3.550254984480373
-3.6098729970043264,-4.77459973361696,3.8956078313080886,0.6742583625611787,-2.3145477000969215,0.4604223162315913,0.09528056181400928,-2.1058371936055487,-1.381771746885176,-0.30891851554939925,1.262274797755922,-3.4717949558910233,-0.8877935128872434,-0.5972321378462624,0.35987965778618486,-1.4400834859616176,0.9699394636234416,-2.8250471522658662,-0.3295810336476399,1.5663490271410878,-0.8054335721361484,2.987300450620838
-1.467430932826763,-2.5130668191020096,-1.16544742354046,2.426110243303622,-2.322322935964019,3.9571236018940503,-0.22466570021783355,-0.35421913402508115,3.933389840742439,-0.6869400505472519,-9.35409353941697,4.187370850114486,2.0940957174067356,1.9981183422299265,1.215082702968121,2.5039531565978623,4.393628408203625,-0.04411025592565776,1.7150180697210082,0.6530430237703218,-2.467297135031882,1.9201455147247801
0.8070179854470906,2.8539623948875064,0.46889791479105,-1.2991369006605642,2.4813290407773403,2.318285577688626,2.462993278477262,0.6285805556134596,4.397484366085244,2.2342795829468654,-0.843597647589422,-1.892820369734977,-1.4420734542587932,-0.8318023699433911,3.934834961441105,-2.495038914764294,1.8458896030480563,-0.3050581841614849,3.167704439495746,4.051601712548886,1.3489234222558943,-2.737203044724504
-0.2619597552679268,-2.6596758285309203,0.47228594949302377,-4.87044856693575,-0.32646369663626634,-0.9814345314261881,-1.7312380611990046,3.82159608683113,-0.3079252701047588,-3.211101453429242,4.4005187926384135,0.6049496839828984,0.17538506985789198,1.8727088491781996,-2.932732647333833,-2.4735595796845318,1.6041059392888977,-3.64398158828104,-2.7239628683956223,1.645181130167278,1.82446857268149,-1.4238952037021475
-0.3375291133365853,1.2060610195549815,-0.8057626770875158,0.1555238186225664,0.036924310118832813,-1.2088244120860934,-2.3625771541730956,1.8766976041965773,-2.4886313473928374,3.0930281965952924,-0.612893314823991,-0.3346147156346142,2.6703942607440236,2.7565057531656496,2.7982464161606484,-7.082058847533272,-0.24298178030482478,4.32802825230454,-0.8035365059114119,0.19099374054593016,0.22227154916176095,-1.8158933040176017
1.5272946007008297,-1.1907353212840677,1.478393645990095,1.766510239792789,-2.6261922299404,-0.3660560780356397,2.364768327956616,-0.3059019295082391,1.4543030438068705,-2.7605401625041455,0.05179557449979931,-0.4116176703816502,-3.449401678545193,-1.7000207793024296,-1.7781198496729698,-8.85051977841383,-6.142390037712924,-0.9501747389223312,2.618026014042525,1.9050781831408632,-8.017733558354127,2.6656358984057182
1.802085004227341,-0.6726023091116413,1.476546592241803,-0.8278946681285783,-1.116324756533137,-3.1528978127182823,-1.2348301240392856,2.2942472639008984,-2.6202418282105993,-0.45262779637590284,-0.08665111784109396,1.1717954383535534,1.4172955267673035,-5.375473924663816,3.372517698447253,0.8724679511164491,3.3579708706688933,0.598121860293751,-8.199426746081798,1.7150630746395243,0.625207633328874,0.8052988582400559
-2.6765697001794932,0.8901525458834202,-5.774968755363191,0.9221473861098562,2.9317563923107,0.4876917848386025,0.7331901822879787,0.3436715236713451,1.331625931932359,2.656127132054994,0.9863697477552852,-1.534132440463962,-2.375790296907976,2.0600021771935006,1.4274267150693796,3.623098915154367,1.2964664738981126,0.39819436371219114,4.641438912401893,-2.8982691008576236,0.13028882307539486,0.5146086742726396
0.7370617762507956,1.8660694198698389,1.1768643019129166,0.3329748613661453,1.5715639610801284,2.4143302839293805,0.8728806345670618,1.663830469636664,-6.9851280015972,-1.1319834759565195,-0.6126969804089694,1.181363017214073,-0.5588971987866448,-0.665568826096393,-4.489896496293805,0.5184303651896562,0.04558265070693826,-0.2647593811154065,-1.9192682286794518,3.7878605182518923,4.881367332944608,-1.1709459164637661
2.1189067341209573,1.9202647967266446,0.6733658693667544,-2.7367661299749284,-3.585954032084262,3.626441909610729,0.42937393600139384,-0.4748927662224372,2.1082830228119005,1.9276858665686731,-0.051889859470288305,-1.675471390552809,2.409402357014102,-2.876768431816232,3.726922536058964,1.7253806824580091,4.029458680859739,-2.9639357712633547,2.682377732500523,0.3871881322506608,-2.479686818398657,1.0577512245666962
3.2917605488246306,-2.88826965602768,2.1424001229472003,-1.7363922124529028,-2.1772931292366438,1.9100937681292536,1.6708741856675342,-1.1217264913823761,-1.6756750692082563,0.2075813219908532,1.956113859461662,1.0311252913491198,-6.358520021745423,0.1563352770655238,0.6789678037348073,2.142460090247572,2.0386390276966098,-0.7963720027706952,0.6301383968816772,1.5217759812177107,-0.4602211768896511,-3.0293500523494585
-0.08927282813549307,-0.9405095807330185,1.8744481340000587,-1.0171861441666536,2.524333899560102,1.9167410460765617,-5.702339800968341,7.986226750636391,-3.896819169799562,1.252510738292398,-2.409950315057871,1.7266868805826667,0.15831370872545925,-1.8546087612744122,0.5582928463894222,3.2874804266959985,1.642457659427851,4.9396867947397025,0.1864832944542449,0.17992307738635746,-2.0907135087217954,-1.0321870487547802
3.147805006222686,4.939000686999316,-5.407626877762872,3.4744145661001093,0.0652691890412646,2.1878078388224007,0.3864607970916601,0.5233805213082976,-1.3269884321411594,-2.23387959055469,-1.3810127719106478,-2.4335507854135514,1.4905635059961362,2.398693731742977,1.792864228798101,-0.3515891569171217,-0.2767909544297632,-0.33041631513604847,0.3650927453154686,-2.0014496583137706,1.3735633865824328,2.268810435164312
