script/wind150m.json
[{"header": {"parameterCategory": 2, "parameterNumber": 2, "lo1": 6.000198445256149, "la1": 58.999992894266676, "dx": 0.5, "dy": 0.25, "nx": 22, "ny": 24, "refTime": "2024-02-13T15:00:00.000Z"}, "data": [6.870705416480838, 8.187381550630027, 7.842072535716138, 6.271356625329842, 6.259366409524148, 8.504264344934697, 8.39782563421849, 12.971274558017965, 7.3081537154687535, 8.229203429971339, 5.499733523985868, 12.228934438224812, -6.607639379316923, 3.3733367027089476, 6.330375270367748, -1.7555114533327922, 3.4039463997244663, -0.3192700716708344, 3.9263524745322247, -2.8908464345367286, 9.250027845986436, 9.572316196270073, 5.6400868939091975, 8.498500746701849, 4.768604645400011, 7.648315446193369, 7.513801802327039, 6.300163296245904, 8.050530352474672, 7.05318885033872, 6.517890174191425, 6.969278189345366, 10.639417546288897, 7.994636319121936, 10.22426915515657, 7.895193539331743, 10.892105005151885, 7.974623963817577, 8.289686554410808, -4.243181464125023, 7.373467323474125, -0.04847079593225598, 7.206660715388045, 3.0070275907764463, -3.1326482970078886, 7.6003216844390895, 6.020896953226901, 6.78545085414884, 7.776965209433044, 6.1701831919858146, 5.971935911210132, 7.166431455984927, -3.004216405878133, 10.041331024623842, 7.245747707350139, 7.826930494537398, 2.423603937844931, 5.915272893894991, 5.567994741847484, 2.8867448302609673, 7.324659067876571, 7.52303499102661, -3.5730181218535453, -3.0855295170551735, 7.831915143895153, 1.9176085998206889, 6.350029029434713, 7.379065610106289, 8.84806981024824, -3.9275442591517127, 6.736640910621784, 8.097030420224213, 7.028371386192514, 9.502422384417965, 7.18650298699016, 7.3766447150033585, 6.2744477282085995, 6.285234704206264, 5.913021441707735, 9.851830060249517, 7.239137844826352, 10.465522947771113, 6.832470958271358, 5.433436314319007, 5.745993186051763, 7.90278705637429, 5.99893506525505, 11.975435977498389, 7.171760471404868, 7.852292530530123, 6.571480594383284, 6.1810377963352225, 6.786302354540823, 8.810946704248307, 10.307774310121543, 1.7472723608983889, 10.933212577771258, 8.734807807424238, 11.212105615197773, -3.955303787177559, 6.030138636587331, 5.640761323582927, 0.7885317947239618, 5.969369971057629, 6.0956440023125165, 8.959771383776754, 9.44431355221378, 3.6482612855137226, 5.739714085989217, 9.521134686515515, 6.142602618289298, 10.822836259530092, 5.342595348380663, 6.906205003190631, 8.04728597379138, 10.546239761106621, 12.540744208534642, 11.21379018086674, 2.447281702294893, 6.936689795944099, 7.66806240962452, 11.32979365484037, 7.189188822371489, 11.288532930425605, 1.5424570002713902, 14.099141700723504, 11.511061388110699, -3.2519708178518063, 5.692193040813306, 4.145220054935584, 7.701487544877446, 10.644929353389418, 6.994410046935622, 7.454932245785533, 6.04570752304303, 7.32609369034883, 7.034902686124786, 8.166221200139951, 10.133971663692215, 9.295334528762522, 8.20575008493125, -3.966615962834659, 6.6179037172070005, 9.000069320257277, 8.339462501850859, 6.4995955095741005, 8.132113164778836, 8.473269579893195, -3.8907291074403685, 7.849437773888284, 6.680325005155589, 8.460832786855, 7.206843744322209, 7.057503810709758, 9.608968401262432, 7.610645668434415, 8.91918174150322, 11.157183881007887, 7.187736362359593, 8.638860858097487, 4.900966207892492, -4.412181880452286, 7.861214800574071, 1.4860808985964484, 8.751571909227373, 8.855763984828371, 6.876625297154525, -4.607842261474291, 7.3780256044448045, 7.5584084899536785, 8.159702912383198, 8.073595219845089, 6.299700232695279, 6.501428595712106, 6.770259344584986, -2.220703668514235, 8.678569908240217, 7.7251310750385445, -3.9398018807004798, 6.9188825741851145, 13.889941193121127, 9.120537385013913, -6.878474794005483, -3.1396115176511517, 11.699687032081403, 5.865898651659516, 7.265052398906618, -3.4590318380239484, 7.666155435913612, 6.958675616475731, 0.6080300122953775, 7.377899705360979, 7.116443781762462, 11.12263584774651, 7.2462755386771445, 7.3214127911834606, 8.02300460676655, 9.076493044665568, 3.254308639040797, 6.970443899162167, 5.857230447782536, 7.0734117909993195, 8.100233428571183, -0.03494601630580463, 9.761980798405183, 7.746269108380057, 9.609279781159081, 12.345606410022045, 10.639745133010182, 10.910318861202015, 3.253508491621716, 7.063880652008635, 6.354685217972656, 6.927787429793099, 8.485621436633545, 2.653118970043195, 10.598354663723702, 1.6542044744743318, 7.851918508754602, 10.102331048255154, 5.426739706083658, 9.878090244419301, 8.665415221180066, -3.8948665897801584, 6.782890522631056, 10.585884774390811, 6.394013731095829, 12.400713259837696, 8.104830189484105, 6.308886936199939, 3.3813516381873603, 7.058971057663086, 10.190892617467407, 10.951209096349741, 6.631027897652089, 10.781637608823917, 7.600740571088426, 12.162348409169743, 7.078626966183888, -0.9703979411822808, 11.446356095618444, 9.128251341339823, 7.783318962988392, 9.22898344419427, 7.158536607908326, 6.976667113158825, 6.68731286997505, 7.007416906401489, 8.104067508143617, 11.48336651496314, 9.727306153634968, -3.0231969295536745, 0.33946871410832347, 4.914521039525358, 6.726784736081319, 6.1621458513924985, 11.194500261502945, 5.828557262266098, 6.78640899629212, 9.621751228387911, 8.069587239804381, 8.101320826116234, 8.15792304169507, 7.242155370603675, 12.130454541605928, 6.359231156401626, 10.981914294855372, 7.961956067648822, 9.08556174228475, -2.3440037865284324, 1.4027919975637673, 8.336154448808209, -5.372279382375226, 8.222724351545084, 9.46113733870779, 12.096352367222464, 8.407937300534348, 6.525651815418156, 7.291669154081687, 10.291820583340716, 10.589827580246217, 7.99330741139283, 6.9413668193318525, 6.8788772503861075, 6.36901514324897, 2.1079028024529567, 6.914782558806309, -1.5768413995506183, -8.132727501466563, 8.941465501922538, 1.4337382051280927, 7.344515123723781, 6.148209688862274, 5.707685058047199, 6.558701961062413, 6.255063134501557, 3.968089556369379, 8.098635825428612, 7.17867322004101, 6.805400185057379, 9.824330640210958, 4.95272604304698, 4.718063862626131, -0.4564703963935296, 9.819889136562939, 10.202462973107714, 5.612483563163364, 11.72264204302256, 11.53850545690278, 6.3938125423187655, 5.8045294807512695, 9.297659321886918, -1.3571028991751732, 8.880964213775423, 8.703551105042507, 7.348985672280607, 6.271046335848503, 9.068260546577944, -1.985635644116797, 3.922314085105732, 8.915307537810891, 7.01617104019212, 6.427890390229013, 6.012824425150319, 2.6564918889974427, 4.060906994176838, 4.81370571913146, -1.9917138984788771, 8.260066429179313, 12.554432304087326, 11.231624141512274, 5.660647113389476, 6.659493511737409, 8.796923429925796, 8.522159153916437, 9.250298519314663, 6.357984265564908, -2.9626707406801147, 6.420686969073138, 8.54236827182109, 7.020565946085192, 11.487369152498323, 9.923780508074255, -1.8830752607520496, 7.321609803564036, 6.031482928721821, 7.425604445925955, 7.9437979484415635, 8.13807725158561, 4.438133299911051, 9.365045260743436, 4.775717307826382, 5.477430907400054, 8.257193138294651, 6.696509522899242, -2.5577122787868936, 6.56804470661642, 6.687514140653528, 7.012316975670496, 5.462283830200829, 7.8496413522425845, 11.053399696315388, 6.554675957145874, 9.837358529597338, 5.213252674371729, 5.980844947675498, 4.729498857667962, 4.620118041741359, 6.502912562191292, 11.871956127987097, 7.236029597835825, 6.406995042609176, 5.728244625566074, 6.8052361617819335, 6.48382531337715, 11.98138720533032, 8.27853222693479, 5.387115264928826, 8.773119303734958, 10.189793602347462, 8.267847233960664, 8.020987637542351, 10.182645859310846, 8.824287750580591, 7.854095247933031, 6.546229798855748, 8.121740963457157, 6.907208182544503, 7.111249702811096, 5.8321518182517265, 7.0741973595524845, 10.86995128747983, 9.594652704768023, 7.468148027778667, 9.169141628317137, 7.199817191123333, 6.124052286812932, 7.025557606146715, 6.421579434102255, 11.352576142094206, 8.071599283203463, 7.982472670667196, 8.388846735123519, 7.72410501957732, -2.2789725115585595, 8.933889975178424, 6.537636615012472, 8.310911651161799, 0.8694183129078231, 8.228138110161785, 8.851822787021188, -1.3287888478809275, 7.713351182531812, 9.045973700059411, 7.23089094767401, 6.325678583613557, 7.70772940943081, 9.924806925999134, 6.604932395530935, 7.873689624631582, 12.124874943862274, 7.377164010683172, 7.355563446549937, 8.971237375638143, 7.14507231443818, 6.485542941893176, 9.555268107461055, 9.291349466684059, 7.526218078980993, 7.522468583452718, 2.9302235723908754, 8.197933876791113, 5.586517333827463, 1.018616245180664, 11.682437604289277, 5.681731586777642, 4.592908742530879, 6.470904678479586, 7.164728096971272, 8.315737784475692, 10.1161947320824, -3.440586856278214, 8.439256855669836, 6.136381444921496, 6.23372620581413, 9.753230563380383, 7.504933155203911, 8.133259087547199, 6.074267044298888, 1.2279571190198315, 2.902850545164834, 3.779912391635993, 6.0848837842675945, 8.69400321113391, 8.875086172328277, 5.923092071197328, -3.93016312918179, 10.54722638964268, 9.491956533469688, 1.8673156810057707, 6.000698662003193, 9.468861462086133, 4.143225352469659, 12.51137364897387, 8.159071254969259, 4.640277355685398, 11.229781061002852, 6.553951373293032, 5.751228604155492, 12.402574094998894, 8.409548005905885, -7.336986392899149, 6.838971473934527, 8.26949434397044, 6.402894199885651, 9.780867199739843, -4.647629157187209, 8.625147931784944, 7.384821747104495, 1.5186605821052923, 5.477690451051598, 8.042687347120697, 9.09358385721929, 5.8152882144674445, 9.693579242089353, 2.9833626826129507, -1.8837775701044215, 14.178219186389784, -2.768267798475837, 10.384407887304317, 5.95500812788374, 6.494074300504289, 10.283730019966077, -2.8569859418110584, 5.781274007515318, 6.986606057327915, 7.621603023595779, 5.202009832241293, 8.166332446537984, 6.899132482830309, 5.535982304579107, 8.596258955768354, -3.6742963739975516, 7.841741257033432, -4.4301914620289224, 8.391571446526237, 5.543334636490068, 8.454788183269114, 8.362604630696543, 7.145431945236447, -1.532541430097606, -3.939900419515743, 5.619583438467452, -1.5166810604307903, 7.367342688974705, 9.706522129853967, 11.24839219689057, 3.6269319954609878, 10.664015898926225, -1.5679589135472285, 12.869109667610015, 9.6083903295994, 9.629218759255364, 10.109357281413773, 7.033694493176307, 5.7658691292125255, 9.136656654587204, 8.318719574842202]}, {"header": {"parameterCategory": 2, "parameterNumber": 3, "lo1": 6.000198445256149, "la1": 58.999992894266676, "dx": 0.5, "dy": 0.25, "nx": 22, "ny": 24, "refTime": "2024-02-13T15:00:00.000Z"}, "data": [5.741306374069414, 5.301900254346915, 6.384296811145808, 4.617387578528924, 4.527849204291457, 6.420778766122588, 4.495186269694705, 5.014666113412395, 4.419003570837732, 5.92364097333378, 2.6765011472669586, 4.8657203938766, -1.2044516862564822, -1.2294136267441018, -2.6090630394693286, 3.9266178724776992, 2.88293080339911, 7.218333455569425, 3.037191957943491, -4.750958213690495, 2.8143154916165467, -0.4197975339092722, 1.2589783277853315, 5.782375503055341, 6.617107052084597, 0.5792293262078642, 7.985658733614841, 4.443863431289896, 5.069663264198109, 3.4592059874750376, 4.877617075977, 4.389202816842619, 4.827554084811822, 7.9929634711225015, 7.685248822218292, 5.997990986618718, 3.1901026387805578, 5.821877911190516, 4.917849354392767, 0.16903768584281087, 4.366272874195468, -6.597241072734164, 4.55582962420243, 5.351340966550988, -6.699650359259479, 4.618217479638805, 3.726905540616393, 2.911029892424984, 3.3162974109949586, 2.4059968078658835, -0.9970828998023878, 1.8656005063930554, -8.31111115423198, 5.893375154929084, 4.4600558616819725, 7.824618150444322, 6.840938520710617, 3.608297514215961, 6.927651401284986, 4.562888228134723, 6.061143269167156, 4.859537029436811, -0.3752580070076508, -0.10375601989045423, 2.3816734690167114, 7.217775308631511, 1.9063232266504064, 3.964587801467789, 5.730510508944711, 0.954991458087251, 4.132314292639518, 4.494917081347239, 4.623077550877436, 5.317779119778402, 3.43502398368062, 4.260679405730574, 2.904534023860127, 4.121329377290847, 2.29375944455849, 6.174239516990445, 3.8213877531771017, 3.0604397681454207, 4.654125902064171, 4.2798859785218015, 4.869366231009236, 5.592419650319325, 6.095845952861022, 5.528668949274755, 2.35792755126746, 4.155574976524862, -0.6423370366146489, 7.441486752226179, 2.384216937384988, 4.791248774805636, 6.082208872481075, 7.001098087874017, 1.997122270945795, 6.101719268610997, 4.7725349037928195, -1.4774157529947474, 6.931253581076028, 2.9535559626512864, 0.8007484208591564, 3.933778399505458, 4.081799033534704, 6.610111842249458, 2.8097462128213326, 2.5893067514294597, 6.724546973990355, 4.268739175668319, 4.783099515211413, 4.55918814091997, 2.9962323845179517, 4.727010410653628, 6.660272538918897, 9.228414467902267, 1.6758003502292174, 4.159278504506594, 7.0305123140272805, 3.867347257876861, 2.4560331995430453, 2.810394328427851, 3.8586221034721406, 0.8903604289672309, 5.74469736503536, 4.311722826876251, 0.6310242608709531, 0.39371903817573867, 3.4195075190075093, 3.0411452300656316, 5.011031962026878, 3.2597107849293625, 3.634933582942541, 5.705004682017282, 4.349833509412652, 2.8059186339607027, 3.727509646306628, 5.358976087134955, 8.030160074092448, 6.8586560512319705, 6.155391149109002, -1.173296026265729, 2.7989171293217985, 4.2323255843497805, 6.617455329321418, 4.207783549760929, 6.612960934327722, 6.737686380214968, 4.734175575391137, 6.701910290210164, 2.4757488918219495, 6.606896693214769, 3.4567356728424006, 2.8303734542916845, 2.391756464945743, 0.9887828156312336, 4.452835196122992, 6.2146591562784534, 4.525996407487774, 6.797300702798273, 3.3101902127741463, -7.302498519745324, 6.555380711434115, 6.567979733078692, 6.375502040087119, 3.681165133545819, 2.721029341228464, 1.749625419972244, 6.766932803004991, 2.7626226396662457, 4.489021738500895, 6.480213812325836, 2.5927060281714156, 6.973979240952161, 5.286496887867369, -3.8320177557546518, 4.181869009389601, 5.233687152621122, -0.04179634016813153, 4.750538687101169, 4.231983737657056, 7.813996306892921, 1.984684957303441, -6.4715011976910395, 8.11817423354392, 6.413118909968584, 4.475574701017491, -6.44070513383575, 4.449597093400231, 3.2209241836663396, 6.176946995989277, 5.490203682660889, 4.904579800587656, 4.577575385257716, 6.89294090623798, 4.883983097813461, 3.22977762618125, 5.025990804509761, -0.4466091246137269, 3.870881819974754, 0.7650679431313515, 3.9792888973944254, 3.165546671539358, 1.355046157500729, 3.957477318977839, 0.9987539773417159, 3.3061240329736328, 5.28193288659251, 4.4983263892095176, 7.715896193063668, 3.249252225788642, 4.426823216547022, 5.8177898625999465, 2.5381846207662653, 4.907608240841875, -5.379991588709523, 2.156641861636164, 5.384246260439651, 4.441297498443387, 7.645743850824627, 1.0180708093966675, 1.037814276473649, 4.077630920778489, 5.833024385413247, -1.2804658884150628, 5.37600164035321, 3.11333145111221, 5.603990234290434, 6.895999778688682, 3.416784496975366, -4.0891693462988465, 5.9716430202547235, 3.920967059741822, 8.764003046007542, 4.383759282530754, 5.818371176337328, 4.411299350531551, 2.3738500212611884, 3.445726425648694, -4.683642186477068, 3.8300250235443603, 2.8842777231033168, 4.051332477120564, 5.135901614273075, 3.064915798523954, 3.6337963111949363, 2.3531197989164094, 3.578121500947074, 3.5591282394958905, 0.5031186672487131, 4.015091206818844, 1.5249533174358563, 2.148479609186492, -0.27478327595998264, 3.5875029008019808, 3.7452450112989952, 4.388541026549432, 1.5767231993728397, 4.529904262563917, 0.2603828347662624, 6.784397279221251, 6.726845046803073, 6.816171318149941, 5.1129758031503885, 2.5747905053861864, 2.4444922529836006, 8.904873567205028, 6.116976754419565, 4.900611149259471, -3.084954655503105, 3.7265413215616707, 5.141698246147922, 6.199362184790764, 3.324023550555983, 0.07229228051249814, 6.129377562074787, 5.222346431018504, 3.1153177480549634, 2.7544743055926024, 8.460298329184278, 4.771545866243115, 4.918232360036307, 2.8902303411458816, 5.868386040815267, 2.8173088732544467, 4.801427647265614, 3.4872497442500117, -4.684444285711453, 1.865418345078324, 5.725988269988946, 4.954816404620408, 7.02911699506842, 5.790123617691579, 4.588654751063281, 3.1319882951845246, 7.018917793706013, 3.2196909148730786, 2.863317082347307, 4.412852586706035, 4.798125196222288, 5.504555035242538, 3.0368704952483903, 3.934748725599545, 3.6000726977357296, 7.391546780602888, 6.306095309324901, 6.726520991894091, 0.8671109848020114, 5.380974220983744, -1.5829077685454611, 6.162155411651697, 1.2897139501999018, 1.9021802865889825, 7.352407660512997, 3.7211763461599072, 3.800962276552673, 3.318306489002147, 1.5769570646040738, -5.144697398231261, 6.416499587601442, 5.6542122195848386, 5.184896227153948, 4.548398498565957, 1.3580263024614374, 4.956212408819234, 3.048026519840906, 2.094834411639377, 3.193993184931452, 5.815732474820989, 4.330191724804056, 2.8752721419264877, 5.934661432355745, 3.8643060239886555, 6.119594320161353, 5.26253883075843, 1.4614235364195216, -3.4605424462532035, -4.6937185305684785, 4.600973401975004, 3.7828947942395352, 5.040132186402211, 4.979273593820518, 4.390741348335505, -2.7734859180148073, 3.532293738255288, 2.219547524520484, 3.952766121425276, 3.804683074556402, 5.366394407942761, 2.6630726617427305, 4.445017189868867, 2.4129336709466354, 6.483342475209337, 0.8038179288286919, 4.712373197107408, 3.2951570216661343, 2.040181256834738, 4.260866188565995, 3.449784992060263, 3.689824949331135, 5.011311247135901, 0.5217209999651329, -2.00473790614651, 8.09421509214342, 2.5868285463647727, 0.7912675231427817, 3.62054602886646, -0.6774999982359478, 0.7385100222862365, 5.568738737963047, 6.948544909871383, 6.704883741072964, -0.23525212263502598, 6.765791901117205, 5.327179849381878, 1.695584959889028, 5.616463086556792, 3.5295573824683064, 5.638465958254708, 2.8623243847945243, 4.276410448596779, 3.3917720743501323, 6.417535745306596, 7.038751605109086, 6.113964812214194, 2.8483272023346435, 6.56856731204745, 1.5625598375623326, 4.088804636712691, 4.4787770403259275, -1.9346594270634543, 6.185842279466358, -0.20608324634974323, 7.326024929342208, 6.709173245786774, 6.696053776765575, 2.4880852397250606, 5.883596805999272, 2.235126304552896, 4.608692627598948, 3.8638023855972774, 5.059016406395507, 6.9861513381686065, 4.735390717644472, -5.665351316464039, 3.918916771776257, 5.5335047870847704, 4.114614687194291, 4.762836814720133, 6.771216603890832, 4.868149679893375, 3.3979140828890384, 6.110402514870836, 4.234412871273328, 6.642637496358764, 3.2215235049001376, 7.703317069757153, 7.775539201958472, 7.310462234275298, 5.147956094417679, 5.426105035928019, 6.1353866628249945, 5.375289439678288, 3.2877372146768917, 3.6045305738702353, 3.5594985788787366, 2.2888772747193977, 5.480487819588853, 5.032629601820081, 4.910995736113098, 0.930724791747414, 4.075991325783624, -1.5597880246385851, 7.03912881643711, 2.999819194906277, -3.441192481012817, 3.330297016624041, 5.0152264687018935, 5.232572499877145, 6.009628134288404, 6.026973691809527, 3.0838700832079797, 6.914041269131904, 3.0197166529805797, 1.611208457913763, 4.5459314070618575, 4.753806684065371, 6.574831801602472, 5.207381973727875, -2.61365045663584, 3.993047439288327, 0.6932076318857489, 4.91001105408876, 4.459571956476172, 6.4274193969779025, 5.076116970197771, -7.5664260536179135, -0.2513347391143871, 8.392345374570164, 4.705485073463924, 2.8289421751508588, 8.503858874069437, 6.426873123222163, 5.701282156207823, 4.6592693747176925, -2.441921579993212, 0.41550989181730646, 3.687667367141062, 5.341778741039659, 5.9839789137470865, 2.793292329200601, 6.495376816066443, 3.289461543426613, 5.781114174724699, 1.5781164415566102, 2.958304687785435, -7.6627764395589795, 7.094691808639607, 6.446276102575446, 5.858419159419607, 7.218133117440527, 5.745663740491208, 6.540330301377729, 2.7520231604815417, 4.831795995392936, 1.7071650936018823, 1.9577878881471664, 4.049727050900906, -8.076488090034276, 0.5252765234274486, -0.615730598062173, -1.0800897111867875, -0.1329585415785438, -8.384433895682596, 1.397142465865292, 2.7479329638469805, 5.386544033731551, 1.8787755992629933, 6.086613583010296, 2.5197357026280933, 6.247738522664529, 4.76299321600222, -4.385888400020654, 6.121516190284333, -0.13305829961729895, 4.451202508259337, 4.3433374818895745, 3.5325380524829355, 0.5659876943382197, 3.4274699094761036, -5.108898989012705, -7.920084455299805, 3.1496709193623453, -4.167525533246708, 3.418126112395981, 3.1725146448305166, 5.193425536390582, 2.699204847633675, 4.126863033296043, 2.530048687491537, 4.209857153042412, 3.4652541596978996, 5.307298180009368, 4.72393795182478, 5.2858381985411995, 2.3608001623419526, 6.986887453799219, 6.5229624456142785]}]