script/wind10m.json
{"header": {"parameterCategory": 2, "parameterNumber": 3, "lo1": 6.000027932988019, "la1": 58.9999434238085, "dx": 0.5, "dy": 0.25, "nx": 22, "ny": 24, "refTime": "2024-10-14T18:00:00.000Z"}, "data":
[rows 0 to 23 of 24, columns 0 to 21 of 22]
-0.8232628524881558,-3.5786790809719777,-3.489076788432462,-1.4894575808222117,-1.4358205818762348,-1.1400971874222898,-0.43519416611420414,-0.21293272826606255,-1.2135106200075148,-4.352305627202997,-2.2748485573782617,-1.1971625529570091,-1.3099086396365403,-1.323212336307497,-3.6995953345026953,-6.5001601568791445,-1.1415663965742258,-1.5020726103860653,-1.121102606077197,0.5366201022577908,0.4066958409684223,-0.4950514098010982
-2.568577156060807,-2.051036965806132,-2.1996540748676705,-1.2302871888329037,-1.689691429927238,-0.7482488685900084,-0.9740979442940364,-2.4376661089029117,-4.959720425655703,-4.8357463171580335,-5.731250585255558,-1.3079656813685054,-1.4999960516022373,-1.077288126455837,-5.305349181309295,-6.745745124321067,-1.731329190279367,-1.8657641901408637,-0.8893569574147536,0.04135596357699359,0.40814166759741793,0.3001550789391127
-0.8966013964950388,-1.3140496559219332,-0.9756218381858462,-1.4441051649040424,-1.222594821080583,-0.24164587685252045,-0.4599428530588108,-2.0656734861391604,-5.1090616316091175,-5.543784522780827,-5.7200097027640915,-1.1680135405126806,-0.5218826797694788,-3.1152886363550873,-1.1668857476657029,0.6347929012167453,0.672456977941704,-1.296736231969931,-1.4418123431723093,-0.669812494163367,-0.8539046189465811,-1.899172243141721
-6.380427771420527,-2.1460456513121997,-1.581748161795646,-1.6551073403853442,-1.9101714853698988,-2.039969281270646,-0.5474245922869229,-2.9322409036858677,-4.7294197972837555,-5.1020362012231235,-5.283358730479957,-1.291245299133044,-0.4267228103915457,0.2575616204424449,-1.768558957942195,-1.2214436916031246,-1.2821304264443005,-5.588132872841978,-0.8230342727615959,0.005838152503123659,-0.8064434910073318,-1.2586345933562573
-5.713960566649052,-7.748703148135068,-3.253154789607645,-1.7087676610485465,-4.893284512255978,-5.32464811134219,-1.2625289328968257,-3.171640793803604,-4.910464536685253,-5.3500790910328995,-3.926870895446774,-2.3173075943678905,-1.1500356691715703,-0.8342231541699862,-1.2417267170503203,-0.6410236132943747,-1.0397272939594757,-1.0077878826493016,-0.08103200648493326,0.1508668117180576,-0.7204714463496953,-1.0949441758011063
-5.797343303365402,-6.511430837190942,-8.403983850962835,-7.0124364743901895,-6.569190306117564,-5.824132279751844,-4.029897840519441,-4.378357232009377,-5.167642836361828,-4.730919089161958,-5.234002797471648,-3.962623471503782,-1.1461290749018973,-0.975732748081015,-1.0075155935619926,-0.789798951871161,-0.47703316034211757,-0.37755454873656186,-0.12735094423252405,-1.3779731309053314,-1.4746191268696447,-1.1695298847995879
-5.423516968896396,-6.284403730843188,-7.342048752224054,-8.010231083188852,-7.124437021230114,-6.124348947386538,-5.131685380569157,-4.915207620964868,-1.337010809981083,-3.4658212720201784,-3.2041803970781055,-2.770182683488862,-0.7891027507771655,-1.2178048572813445,-1.0629388181932007,-1.1168291828521373,-0.5652898935234882,0.056731939973484934,-0.7235432098808002,-0.6043243025495143,-0.5683159643797568,-0.5197820110270476
-5.030800435986927,-5.89848890518911,-6.2469766584222075,-6.9479962328831775,-6.975067802582686,-6.427608236201469,-5.377455519315322,-5.1279990548247625,-0.855764953799965,-0.26176900109196455,-0.5938283548841348,-2.396908642948328,-3.7973085560927102,-0.7431989554912389,0.8727140947358041,0.6059089216757751,0.4920706880498587,0.20798024804823637,0.21538383140197057,0.5578839609919892,-0.3945067017242868,-0.5775973905042932
-4.619493551999679,-5.304824153752915,-5.996994779958596,-6.044731661266042,-6.2998362044721095,-2.081948288233319,-1.5297571019937628,0.40928569756554384,0.5890142007215543,-0.9636871393338182,-4.081821530324298,-3.6568150166071645,-2.9147794146621866,0.20788871347454096,0.9605209973687399,0.22058978021140643,0.626710574390477,-0.5960974668084188,0.4404061177217158,0.06148719994034585,-0.3365241265364737,-0.8071114510167942
-4.358435706130517,-4.915532720222091,-5.470251294188293,-5.834362602825936,-5.762070077431833,-2.0028731896760683,-0.1361365789373289,0.4085457029587368,0.5238976794589223,-0.602664648536565,-3.00823294312603,-4.468979263266235,-4.3717011330626105,-3.463840437158842,0.7779495504150804,0.47389925807980665,0.3720992714801522,-0.05751935531314671,0.219511993510012,-0.5071832232823394,0.04985022217786086,-1.6859731875333464
-4.531323947036596,-5.348983038407372,-5.272047289395367,-5.85101794629628,-5.766570750104599,-0.9654636893601469,-0.5704433540169934,-0.059993092958813686,0.5188069862784804,0.9031511925572276,0.27113245838441635,-3.274396559400754,-3.82618411805727,-4.055188382596448,-1.4064280241029485,0.04051760868778958,0.24834127998729277,-0.006326336409873697,-0.21391693904053435,0.09869639881117323,0.0003046150965951875,0.09682183348151921
-4.3991747427753305,-5.225885922286354,-5.6836121996930755,-5.6733369265905464,-5.466041833309206,-1.0229085527985111,-0.05413803853986077,-0.08457019023499854,-0.07225076980627591,-0.3448675836846866,-0.5012216819788962,-2.1015879889807794,-2.8967368296672293,-2.55027208893503,-0.803438304403096,0.40115785252604425,0.10470092630942222,-0.2845277676462335,-0.29127484141846305,0.4411823593252556,-0.1035724677698621,-0.1753786592638505
-4.138148579261613,-4.95027807371946,-5.548248144795987,-5.788565000667492,-5.89617934287532,-1.428820628343233,-0.13040243145966454,-0.1414614634980492,0.47478381639742273,-2.2061402617649097,-3.4143393700506666,-3.4475468535913074,-1.863942649915025,-0.36069946189397595,-0.4725308105904818,-0.011346599386546887,0.34980428081674225,-0.3360869753581056,-2.9999843033493945,-3.3192448983007883,-0.8850152319272362,-1.9854040600540162
-3.962137107952452,-4.583430665019479,-5.130699691793904,-5.364461510666894,-5.590121921338978,-0.09341036973131896,0.39236317887772865,0.007862876685459165,0.04443036185901102,-2.79936590218062,-4.116923307858826,-1.614962206638757,0.4214126797146234,0.1572827858643005,-0.9692643072206689,-0.6321721803504924,-0.3891475988259119,-2.6104047718047423,-5.416682182781433,-4.717739149058228,-2.176518487675034,-1.8249396993620657
-3.95518464412947,-4.719045294225248,-4.8714971267833365,-5.308935552838053,-6.055346594009416,-0.9978736332247462,-0.07840021666055959,-0.4862342405127704,-0.6866645000861176,-1.1210336007801525,-5.654182075967177,-0.23087576592790232,-0.10567420490906426,-1.524346628291796,-0.580873089649251,-0.007843417937188627,-0.12513714658277142,-1.8312880098277977,-5.397232326270163,-4.858618640695465,-3.687273713122899,-3.2622101623763036
-3.8558316388774725,-4.4869457490234534,-4.658912694252483,-4.239128318138385,-4.123782007143728,-3.4303414923881608,-0.8500252994684132,-0.5071892032958165,-1.373169495490932,-0.2354199522736942,-2.619722149451164,-0.6180528372737905,-0.608630962530152,-1.0649797442878528,-2.227665900234727,-3.9218744352397397,-4.143734026331765,-4.473155584362319,-4.7131628503270155,-4.660901239108401,-3.44664516121062,-3.354864561843982
-3.582120927867645,-4.352534494449004,-4.512354164918838,-5.030973347555405,-5.560958431565436,-5.189873125770084,-0.06833621730732611,0.01766630111296967,-4.808084797533609,-2.634453271746131,-2.120315419926598,-3.8501349754590755,-1.121321447430051,0.5280942048616474,-2.7092444633995103,-3.924686657402067,-5.447668588602146,-5.887158160671543,-1.7930629370559341,-3.9371916352665015,-3.4495164102782483,-2.539006232356222
-3.33439139521904,-4.121505267804977,-4.560376987944593,-4.592634710315528,-4.401451727961777,-2.8786743119623153,0.21683139568514978,-0.3436452155843643,-0.43472374738369596,-3.868241021057536,-4.0665708302426795,-0.013701727815319621,0.41080680748281023,-1.6965238917216328,-1.847307700272437,-4.398617954472097,-4.676771515858078,-5.999766762676494,-5.688294561129566,-6.09747238766876,-3.3450682394510136,-3.124107070883724
-2.999063292743091,-3.65437751779755,-4.228182567670596,-4.696259940485775,-4.493408172816814,-3.5338741349088516,-0.829895221497492,-0.45386615576216555,-1.7868879553040866,-3.927933268318436,-3.705302334798319,-4.262540449594485,-4.415939013228427,-3.3148099610330455,-1.6543434616991586,-1.8188242634495893,-4.028953779366828,-5.031552313495278,-5.585133585417297,-4.6238953360151305,-3.2013626496038965,-1.5653441815213003
-2.7531512014443944,-3.363370060002018,-3.793886445794242,-4.188846766008934,-4.4552721435517,-4.213459271278837,-0.7644687613006376,-1.2994364205155882,-1.067859405101235,-1.4048010563335664,-0.5905195995316448,-1.0686007170402365,-2.9045636092930347,-1.9244288316624107,0.51209932405471,-0.8405019693104037,-3.052727628168692,-4.272744025693039,-4.742968280498773,-3.5408364946874875,-2.6910393140368893,-0.20572589093898408
-3.148064699654825,-3.0457822687728044,-2.761957734910223,-3.6134391059431024,-4.324200623822237,-4.245062000589518,-0.08678614594142624,0.4956074988535767,0.4209951640570318,0.3060763174523009,-0.5279038556645682,0.8130253315103153,0.4812119975405687,0.5743910989789119,0.646889423194752,-0.007231388574168144,-0.23537012955010975,-4.14724937541077,-0.4533604888616431,-0.16881560023210102,0.33457574742112234,0.19968078256769
-0.4360846240184755,-2.8098402574034793,-2.890601808064198,-2.7130177219362452,2.5214807115202738,0.2696319195945458,1.199523602210601,0.3884288978972884,0.27332809263302177,0.6525743600209754,0.7335472726127977,0.1578855115282422,0.79993900755191,0.32151308907980525,0.1842456727865849,0.16916188182422734,0.3186384633204573,-1.482518949634273,0.135392570967978,0.351183985949441,0.3504417669025715,-0.23221663580708443
-1.4971039858145405,-1.6439015825673018,-1.5574876796226826,0.19108445476860508,-1.4273517870631407,-1.6033931955809475,-0.9923635592518164,-0.5189981279281984,-0.6482356580717732,0.0702158699235776,0.22540641229981237,-0.24880396717768075,-0.7489339630571601,0.1595828034485625,0.3620537056278317,0.1751757770204605,0.44182841426010483,0.31982134485704655,0.04328949264354188,-0.13251974125913546,-0.23888481427601174,-0.08805738007198205
0.4935237759933254,-0.7704080280255284,-1.6223654753167203,-1.5357176884711095,-1.6275190509702948,0.686670167692392,-0.9264871026294254,-1.1204700617537107,-0.1532274467789883,-0.5585662215036911,-0.5857433137461758,-1.0725325156128136,-0.9334675512941607,-0.1529417069175235,0.19009254337190082,-0.6998918468692841,0.353242119520891,0.3833112260524259,0.3367341013036831,0.056257031703475596,-0.03154510512474835,-0.051811472793468545
