script/wind50m.json
[{"header": {"parameterCategory": 2, "parameterNumber": 2, "lo1": 6.000198445256149, "la1": 58.999992894266676, "dx": 0.5, "dy": 0.25, "nx": 22, "ny": 24, "refTime": "2024-01-30T21:00:00.000Z"}, "data": [3.1175812345907548, 6.445180974751083, 7.256589239240504, 9.579761864587411, 11.15166581754006, 9.257395037052781, 9.236804372143881, 8.983403175295772, 10.826968142114643, 6.379568783429845, 4.967845378849984, 5.762926301893252, 2.4279968193501693, 3.9712565236151876, 4.541128545062287, 7.681328199994799, 7.93606017244056, 2.646947943538275, 7.863967224020979, 7.162708075540111, 3.3113067585736733, 4.36387585980406, 3.328789790530693, 4.338676112804507, 4.386978619463217, 9.873272870261422, 10.575980762694757, 14.274159198656529, 9.788712393783102, 8.225791714168563, 8.634869903429976, 4.572346725734954, 11.826737479587408, 2.693057065285992, 4.229869460790234, 5.342990499783743, 2.7422556537151745, 7.055712229315847, 3.0312191522187675, 7.652997086200032, 1.9366205117241728, 0.6194251161488883, 0.9841668004522366, -0.9291294928257114, 4.1509579630115, 3.888575174568149, 4.59684004672149, 8.598978500506977, 7.71584838966756, 6.095551670373639, 9.950823955877967, 9.346788031198766, 12.265127510468755, 12.949869291532792, 6.148311949120815, 5.204627653330332, 9.733968719655746, 7.617604821859416, 3.097625616169353, 3.01957658959869, 1.8050816630234496, 3.911092099399671, 2.0613311176168296, 4.707898899547437, 0.35315451517436236, 3.4959070863956008, 4.544827523732389, 3.971966567603785, 5.449272224767306, 7.822234420971257, 8.8076244960236, 7.9401252395810245, 9.960005946769709, 4.9275256400658725, 8.448764792337975, 8.778106736226512, 8.998672434461039, 11.88264492412133, 6.828260134415288, 4.30698610107092, 2.62825632632138, 2.8774416495184143, 4.563188878570038, 4.3888713068100405, 5.180301627738724, 7.562614629707641, 7.523284374187697, 0.4607271401738433, 2.0069700875038445, 3.1143673533498983, 4.704468290984615, 2.9597273602565513, 8.70317365495618, 9.067370083219974, 11.388478263310567, 11.855463597068551, 13.030775752393884, 12.433511831062855, 12.952923420310196, 7.444755588475919, 5.03857862922239, 3.2843590231907855, 4.271079586384686, 3.76323230162595, 8.316242327560603, 1.7539184736897897, 3.310952877610399, -0.797403519264899, 1.8869562611058481, -0.604866316418209, 3.211671523241112, 9.296864510302042, 4.100160987982075, 7.213804027825092, 4.943744395223644, 11.468950579812963, 11.292823237347847, 9.035612686730003, 8.787834182550336, 3.5093541804360955, 6.441562306687403, 3.6757009796534885, 2.118494668332778, 8.20961382988539, 5.096381683110381, 3.165931398224885, 1.213323147915351, 6.781982333373551, -0.7369692183038385, 3.1905448290325458, 4.8397393193950515, 0.6366419341158779, 3.63405245951019, 4.7716791638113065, 3.6101494625771062, 5.548679579287469, 11.283984897331779, 7.440835133671476, 7.844971372646721, 10.094510277339193, 13.339794325915543, 11.85412157292632, 8.790124166724624, 9.318116587922853, 8.859136144933077, 4.517622153563804, 5.614543426944727, 7.482069783263635, 4.341395557153653, 2.34912943076309, 4.098414724217348, 1.4994397254398102, 0.878356549460827, 4.094372178942409, 3.259915930272762, 4.395000918798761, 5.964637857787069, 4.920967955378827, 9.648262567756259, 8.132651401563269, 10.989419277633125, 11.790561015321204, 8.379108593649295, 7.0982178588668745, 6.1927803724672925, 3.987968870307623, 9.684170487045332, 4.475644655152639, 6.335900660813044, 1.4896213297714322, 1.094904293800097, 7.236335218757886, 8.376640414582553, 1.3558218749344346, -0.0479392012729305, 2.539932232840881, 2.8331963379855574, 3.8069003079493933, 7.877293670091638, 4.49803221414838, 3.105981335518576, 9.483334235197853, 10.705282523309762, 9.0561467524297, 13.406058504714917, 8.745076245024986, 8.307535448616672, 6.191178296422609, 7.27150346640683, 6.119194146546874, 8.498450644382492, 2.7292371409735154, 3.084141404200877, 7.30826403744445, 0.5365990152367702, 1.9994987946812925, 9.126471512584276, 4.317686900587459, 4.242195178537954, 8.029843148159609, 7.9256949233237775, 9.355480708181814, 8.066867850884822, 14.078726388428022, 9.525256218226362, 12.895354953103112, 9.158769171343515, 8.52316005777248, 12.835567688641019, 1.8934477048920206, 2.568943030532023, 8.005959517949778, 3.8417420226506906, 3.9279603833001486, 3.2683011526893426, 3.3505308845626405, 7.499242267585202, -0.6360042725235503, 1.5352778233369033, 1.927336154249664, 3.1690465816131512, 9.066887787099622, 9.633067992025232, 10.046771265673044, 5.395159266858681, 9.010065216707442, 9.695107301701938, 7.745237843622503, 13.373133050609622, 8.66803675278163, 7.119192588437582, 10.062996109061126, 1.2742818061671117, 4.243999058839084, 4.16561564798423, 3.889084435048184, 5.253013761236942, 2.6218347452320474, 5.481456363494457, 7.996876736172867, -0.40883748004910353, -1.2871949354181866, 3.7029434551502316, 6.753015822300348, 9.82494792593115, 10.002895160442863, 10.252854445587868, 5.744123671939726, 10.122492706067613, 10.460787629741205, 8.752832546091946, 6.315689978086679, 8.49565368302221, 6.1975800950358995, 9.14731323309848, 3.9039662210596617, 2.8270640159030056, 7.990159090864758, 7.372421876206878, 1.6612545965795416, 1.6515915919171273, 3.397891864293841, 1.4591376054475893, 2.7738612900200823, 2.863421354640592, 5.1393390921643265, 9.97682174282259, 8.928552241041388, 12.0500146484665, 11.132591644495752, 9.887653557903056, 10.132884215591867, 7.882033893667221, 9.818504544632761, 12.866091237554738, 1.8241084267684993, 3.8168853954142477, 8.284600949638204, 2.2903869939261887, 7.1446772100587275, 3.0892618429510654, 3.4745582149477348, 0.8509755915588328, 0.5968673400809722, 0.4931275783729925, -1.1201977557660043, 2.1435465087065815, 4.349402418800784, 10.475299501529722, 7.651686614419908, 7.860251965321008, 13.498343198575935, 10.574401641407613, 8.090065298431888, 8.272341836030852, 12.662758637877795, 6.815355138545899, 9.952064855755319, 3.407590294004622, 5.786787667945757, 2.3222410368600257, 3.3682566342808355, 6.289697249717968, 4.947456265651515, 6.806336121355216, 7.503891009777808, 4.839487676353378, 3.2876191006825874, 2.9850189738130086, 4.926959245734394, 9.70869376008316, 7.428954099068772, 8.626134390966016, 8.461191388658184, 9.349309990563045, 12.139992503281679, 6.654787400083997, 3.925538247433792, 7.814703901811855, 4.223843506834203, 4.530723342702897, 4.503809556305498, 1.9566443390969999, 5.882971174423742, 2.6449716313283713, 0.021674632383525055, 1.9794940748827448, 4.31876108082342, 2.220389713332816, -1.4419894239137374, 3.432336112840478, 5.211134163243794, 9.674786695050026, 5.6549630455712725, 5.877640073404026, 6.9208891917161575, 7.954637799155883, 9.375345208291563, 9.461740815606156, 11.213295464494353, 8.331059983056175, 2.7566295572954753, 9.243509015513158, 5.413584560554644, 1.7235603410745401, 7.245517754797988, 6.5882029276353515, 4.691209609008716, 1.918876504828746, -0.618419048507578, -0.4153189608667995, 2.0302619126500607, 3.1383884377602524, 8.940609409585267, 9.089144789731831, 5.439954239765215, 10.406846692625164, 10.826551866908833, 14.002517516554528, 12.532832305931308, 7.258954112764398, 6.365682411239606, 7.659695566222038, 1.9923396182780868, 6.235548756497111, 7.094456704205079, 3.097038411499413, 7.577152601172581, 1.8645134487342363, 1.8547331616041807, 6.627991702285338, 7.674776500383219, 0.8153337102893095, -1.2832738256152805, 2.1827643255500173, 9.431390500275878, 8.622597911245256, 8.640890934172855, 10.47529905247534, 8.110946441758776, 12.262927830628499, 7.487520190069659, 10.171516383386408, 8.781344452186591, 10.068906521263523, 9.957045773527739, 4.678157196658984, 7.7432507193052205, 3.248722143799659, 7.038585271571083, 7.035037550009089, 2.467446907692153, 5.627671684136362, 0.48755963305795735, 1.5858856407342656, 3.3932493698721475, 2.7419906720642317, 7.063220344925939, 3.145471409540543, 10.823590511435144, 2.995409993486565, 5.542114664244026, 9.967031154910032, 8.102857404863913, 10.550921782997104, 11.890637010999813, 8.085123119781652, 6.257809224979339, 1.1124105595249771, 3.610521950978098, 7.659037367951978, 5.347368659008504, 3.9991471923410478, 1.0224378876729274, 2.3195133152445626, 3.0507431392125683, 4.585349023104091, 0.3506736272806223, 4.182413197710245, 6.903563382463601, 3.2555956620540303, 9.876393271238179, 7.421915467595036, 10.246327447554595, 9.794941311075036, 12.55034374765496, 8.471857957301483, 4.508538317889444, 5.128423129989585, 1.7743642756667348, 2.301070107506456, 3.961839029370824, 7.305860649990505, 7.753532555767536, 2.1594185381040107, 7.542261685914964, 1.1760332101111095, 7.127149424792415, 1.2973445153301635, -0.5628350554720845, 2.831272341295669, 7.936979866637032, 4.177747152840303, 7.914591737397775, 4.938552287764176, 10.67714353782764, 10.139503957646063, 9.439736407538915, 13.458092841833349, 10.746011566164695, 9.26005165930099, 9.246802304586268, 9.255600373596856, 8.599679141939301, 4.56214844553765, 6.187197137627691, 2.326673470261553, 0.54907025852779, 0.8169523611472207, 4.419889186216893, 1.364999402693292, 0.42689275083589656, 4.255671175751306, 5.111505769513535, 4.071273882583833, 6.509123863271891, 11.55980069432427, 8.26937379112672, 8.243165707174592, 13.066410297146476, 9.43927837209168, 4.994661692793217, 6.7210391299445424, 7.968543698725013, 5.3140901911522604, 7.667555221602191, 4.948658703096666, 6.260310255046055, 7.033997740063878, 3.4225994881948716, 5.639756360316049, 0.8019482625285743, 7.686972013370561, 0.8776617727564482, 2.5178569890424054, 4.1620274829528645, 4.444361616919337, 5.9184921017689245, 10.685893082637778, 8.508765064052092, 13.3984235191072, 6.833813115197891, 7.234684440557644, 10.812616310134768, 3.6903709607083703, 6.188798040346564, 5.972931113764459, 4.451390116031775, 5.216679672309343, 1.8775305118573216, 5.686165503106349, 3.282040598391276, 2.2518061204815387, 6.487826037434268, 2.042343514452846, 4.795667309510416, 3.8262937605460356, 4.2568201994671515, 9.019863048852008, 5.943429759719105, 7.475544377000252, 10.29044103079905, 8.671378588249107, 9.595519476254834, 8.24460832211955, 6.3130168496252255, 8.155582629135914, 3.772399446153321, 2.40298883263753, 7.280999760125112, 5.36346192928896, 5.396566762458379, 5.761051057558673, 5.221562459387914, 1.2908123726411396, 0.9703349877544022, 5.505373574996988, 3.740959335481867]}, {"header": {"parameterCategory": 2, "parameterNumber": 3, "lo1": 6.000198445256149, "la1": 58.999992894266676, "dx": 0.5, "dy": 0.25, "nx": 22, "ny": 24, "refTime": "2024-01-30T21:00:00.000Z"}, "data": [3.765576492937518, 3.478583813164022, 2.962020784672909, 1.676776291750692, 2.92988193420248, 4.338501554585867, 6.220047249835794, 7.951586294786914, -8.012666879979713, 5.841636600638604, 2.3079495955553986, 3.8550292801745423, 3.000956363722391, 1.419913560603074, 3.404555314015723, 9.424659548488622, 8.071896515064692, -6.204548196089228, -10.150836321929445, -5.433828894282074, -3.8387993771072075, -2.8330412870698503, 3.9598597129409216, 4.116201214136279, 3.710888065042622, -0.015677962687717824, -1.3575752104935204, 0.5944134508012174, 6.183968643234398, 3.945519077520165, 7.090948260444775, 3.2720550368126746, -10.322318260053656, 6.025281335399751, 5.53804953645493, 3.5820694995324023, 3.073065009047568, 8.473180885044037, -8.655430689449776, -8.765969968437911, 3.3643142550347296, 3.260503640307891, 3.9809637550165498, -9.57354633929947, 4.064765048045755, 4.849087100235092, 3.770756653576067, -0.6757586202000093, -1.482048437143419, 7.781734614937599, -5.851963008621133, 7.163694606854624, -8.293861328195575, -9.305554248024139, 6.10290686604653, 3.4395452189554603, -11.97444339265057, 9.599095140264824, 7.27574326969826, 4.170657526873375, -7.309267064347002, 4.5039686005349395, 4.479452130977007, 1.156912743684969, -8.032594965606263, -3.6696710449578394, 4.1745571620540876, 4.077516371616763, 3.781106933172652, -0.518397712759513, 7.552353876626868, 5.98604582703149, 5.830933244124104, 4.816364751194182, 6.489517066345734, 6.6918293060468095, 7.3001506254216215, -11.397065705765872, 6.78511012764844, 4.849568117200551, -7.537185967915761, 3.912205018368077, -9.531466396035695, 4.150307679780874, 5.731472300066972, -3.369995435152664, -8.414977961767418, -1.8967837043446871, 4.312781729503562, 3.8825341112774536, 4.591244582677262, 4.268965035390057, 5.044860184520421, 8.78947595462632, 7.416786806496604, -6.86803113977981, -8.130604330853846, -3.7268798894140587, -6.288915528486543, 8.769369177933527, 6.567932277849582, 5.521230686735212, 0.2911243205846124, 4.705812120654133, -10.236637928447234, 4.036915792550704, -7.528203228706691, 3.43977449023709, 2.5823722207847086, -9.025123351509956, 3.1344472468838513, 3.0857911924421972, 4.643639084987142, 7.532422411328444, 5.118360780273373, 4.481077170492517, -5.596775968139543, 7.887685833724455, 6.897117662291474, 3.138052329797175, 5.1888130638062195, 2.5918319872890305, 3.4430228510329313, -11.871235635266089, 2.090126094002956, 4.140588872529758, 4.845284272820937, 1.7303454256642756, 5.957462241689999, 4.832634188274101, -2.174246395937151, -2.4296044504456837, 4.522994683499507, 4.574354434929538, 4.173076637253191, 3.4602316378328313, 2.858374193647429, 8.352249685976476, 6.250715418627243, 1.134781887823079, -7.648713371203518, -9.231873227666357, 8.985421366634904, -10.661413372422135, -11.170630561200438, -3.6659126820255463, 2.484623478105399, 8.284753845727495, 3.9151975693991456, -8.078068611240468, 4.793813409508013, -7.064090389923579, 4.6050743499367, -2.695249351507523, 3.3821433646592207, 4.353361727473233, 2.8511123998213663, 4.142227662343568, -1.3847650440135266, 5.54311402555516, 7.446398607853045, -6.817559456147033, 6.840281534579526, 5.3676297138590705, 6.072219383647724, 2.5365067431972546, -12.804087960774163, 3.3889354938065757, 4.005684381429145, 3.6278328504143262, 3.8638657675757178, -10.576606542760349, 1.1095330852689596, 3.171885604425962, 2.942138063661462, -2.0907132973261153, 4.101061039943144, 4.696159416234016, 3.1205261793128836, 4.076466956061475, 5.647236865874552, 5.785938340241845, -5.9603476724433895, 5.310187081973344, -7.502027228069266, 9.0987161737635, 7.343387587482477, 5.359581641615458, 8.013054012183215, 4.5981602190650035, 5.455823800270654, 4.057707605922838, 3.9293061836929777, -9.839509513811105, -9.025608640945258, 4.380560712965254, -8.662622650702628, -3.547843915313902, 4.196921382324528, 2.6834504491220303, 3.19110470120861, 3.6089061504596485, 7.350762666951083, 0.8669704213065765, 7.020695780120478, -1.0605289284450332, 7.684806400409203, 5.883185130833848, -9.996222804607378, 3.1512324110562875, 3.799117912487187, 9.812363830991378, 5.017560761400127, 4.761368728484156, 3.6163114599663113, 4.524964681939889, -10.068588169021501, -8.488287717085809, 3.73163657854513, -2.4081855907254557, 4.067993956621662, 2.9596976692972405, 3.370805727028921, 2.210549702946097, 4.363290061357037, 7.005870477927925, 6.163771087765763, 6.172435924923728, -7.578313083236628, 6.657253476755749, 5.7028990361875005, -10.91639489341429, 4.722325636595044, 4.945201876611566, 4.003098890270266, 5.358304955186714, 6.099842347039174, 4.858286047199767, 4.9616765823751745, -9.581125407040105, -9.638677884280177, -9.431119200579591, 3.4345477102059574, 2.674837075166144, 3.3401380132044816, 1.2434015879021318, 3.0502843747524264, 5.07691441397784, -5.660405591586636, 8.461637975739555, 7.356893325767848, 6.012392347006283, 7.008369761946979, 5.661345041956234, -12.437658898993948, 6.606781539852267, 3.615587436049626, 9.385195728409759, 3.3897587641867264, 4.1163097010420024, 4.795662235369708, 4.061275189966183, 3.5726491909366316, -2.519872637187519, 3.80902179364105, 2.847261499448386, 2.5046846705453314, -0.9428349983722951, -1.2566782700073866, 3.0184668233939544, 7.485126846237838, -7.679705068670817, 5.507526577513829, 6.869927135734357, -9.80012087949341, 3.0520003094591277, 3.1112215012799904, -11.56249422688987, 4.144756431536768, 8.356773252763883, -5.02520168192758, -7.693872242674756, -9.318785117718724, -8.821951977590082, 3.0461626584561268, -8.798129571937496, 3.7257912745682873, 3.8033857855597293, 1.7371581391420208, -0.8484784527861151, -1.6071120379013843, -3.0689736027645007, 3.9292721811158633, 5.431593875583224, 6.8000600087395355, -4.152006695531791, 5.6147831274028475, -10.556298681129848, 3.6921194794177636, -12.259177255519544, 4.053795203470025, 4.547031554659145, 1.1624875997691375, -7.322708438484475, -5.65723164110206, -3.893564045049004, -1.7696765360318738, -3.013815590804715, 3.9371163341703324, 4.771951586909067, 1.764993158467043, 7.769467765949234, 7.4510556646485, 6.700486816565555, -7.5960334240835286, -6.904873069181394, 5.080615577157656, 3.422454599193812, 6.626919284732912, 2.9858775471824486, 3.5726734263474254, 2.117839330826681, 3.8343546890742704, 6.612210974604958, -7.637081542803246, 8.196629841575307, 3.6373245984969595, 3.991907973634669, 4.585293896692301, -2.685179044963361, 3.366479770411063, 5.025070831364243, 1.0496681811062991, 3.9712623757121146, 4.221967695899634, 6.195804840565459, 6.5428944564744125, 5.30644607067891, 5.783466453220091, -8.750579143997108, 7.9110117302197045, 5.700145422386561, -11.088184436940992, 3.910686825605385, 3.2264810176380427, 8.74527960967848, -7.9229921807912875, 4.451106226477098, 3.7880962410454306, -8.363047536627587, -8.747288349235404, -5.028999303254603, 3.331493921301233, 2.71543628613493, 0.48619968982600226, 4.713191929574704, 3.263680302629147, 4.566927407559233, -2.3615204192257973, -2.597793470562791, 3.042053770184736, 5.417909899678601, 3.4541970471506898, 3.219262348162142, -1.146203224975023, 7.218854459516368, 8.490345357093075, 7.144049380204801, 9.767087642180378, 5.785528441588327, -1.0103889675957642, -9.809874486448429, 4.265165597367184, -2.913823636528657, 3.3356924430610815, 3.067100540722473, 0.41721558587766483, 3.346706969504108, -1.3821640350565, 7.499325171177272, -5.052174449349089, 4.178992760796683, 5.701262530450814, 7.3340104180705925, -9.428935688241587, -10.636275391596085, 4.125292456338282, 9.763257989327638, 6.029163282779461, 1.9327807540954656, -10.51133104649515, 5.127373264035535, -5.451081861996341, 3.382409153252462, -7.159111548136479, -3.855146482160991, 3.2919013847036664, 2.701219096700069, 4.360129040482477, 2.0609491050200033, 5.546554473164466, 4.844812531608137, 5.9375616376621725, 4.345623899976219, -2.1878639683355865, -3.2328959369689616, 8.078577034863576, 5.676606024069491, 3.605502440653009, 2.698314262133135, -10.904496552304689, 0.17944144066445045, 3.99778601680299, -8.76708904562672, 3.647975597270189, -3.1439940341104395, -1.9341384536463804, -2.6816867429371984, 4.0011599025540665, 2.3764865052262443, 4.144212497760553, 0.8623898207471739, 7.02859941448694, 3.028008321112581, 5.982063177931816, -6.823182668130482, 4.816947115531181, 3.278733031076315, 3.6208341645219213, 1.9127905196833366, 3.1218709110062752, 6.870735856092632, -11.701483334546047, 2.5188775150619453, 3.5180434029366983, -9.678848445888171, 3.7577491226391366, -6.238698196759764, 3.9508670424308803, -8.441637309483022, 3.4924520960428413, 2.1580007585012715, 4.419252209958319, -0.3551757040265982, 4.135085329602071, 4.924888842002436, -6.015055347424409, 5.273587129072229, -6.463074140525398, -8.481994219315727, -9.560804299767824, -10.651662676555878, -11.429805361854037, -11.073084047657716, 1.9802859967693884, 1.9798426266623066, 4.732183605897287, 3.943344332972748, -9.292379411622573, 4.799617343065316, -6.534199575955412, -1.8435151964719414, 4.232036543245425, 3.135006033732824, 3.9396177097440686, -1.4647147671929301, 1.8046459642582928, 6.353403330165222, 7.325749876523282, -3.6884494278431648, 7.943545047444905, 3.58821067377093, 6.971553265730528, -3.806212708691171, 0.13218212365188595, -13.039539758568292, 2.10056239214396, -1.3686974730255461, 4.019072791115819, 4.550662339755148, -5.508999410010911, 3.685119964109174, -8.83799295847243, -6.4662910099428705, 3.217802263956055, 3.4719426188601474, 3.508159123653582, 3.5122003157475556, -0.4905083933450817, 8.537777522071442, -0.5077672004775245, 3.3341129043392104, 5.526626275486821, -8.5470494443496, 4.793782004640726, 5.967068321644062, 4.6956752199776925, -4.305914015858551, 2.1050361940468267, -7.602844140221191, 4.608307150913234, 4.818614518387041, 3.639281751681362, -3.8283184064639717, 2.229920729792967, 3.0230368232367666, 3.797787771408179, 3.5538947067549107, 3.1380905315767844, 4.274442896065729, 7.874745757671452, 5.193090393556905, 7.467886200848104, 1.9199795617544284, 6.643903624800088, 5.311319781239104, 9.514769015783589, 3.134567936179387, 5.053928504076485, 7.918659928233221, 2.12397299210099, -12.08847412242084, 0.5722701757053935, -0.7614531571196964, 3.90036921249576, 3.4855198964130576, -1.6997257951074598, -2.5448078219085994]}]