script/wind250m.json
{"header": {"parameterCategory": 2, "parameterNumber": 2, "lo1": 3.000054539987559, "la1": 64.9999836372058, "dx": 0.5, "dy": 0.25, "nx": 34, "ny": 52, "refTime": "2025-11-22T22:00:00.000Z"}, "data":
[rows 0 to 24 of 52, columns 0 to 33 of 34]
-3.9911196317020576,-4.940364807398695,-5.763188778245361,-7.820455989783932,-8.563168844086976,-8.153786419672565,-7.473348896507368,-7.020280985371502,-7.005297027115096,-6.697548827913053,-6.1929503102262125,-5.4992555970021595,-4.737802056214721,-4.051742568039823,-3.044830492666407,-2.437856145458999,-1.506299515101466,-1.0989906327378334,0.48169276106301484,2.729880160898786,5.5280503490806225,4.149382570484217,4.590365110126517,4.825619156722858,5.6229118487270755,-2.27564677880878,-1.160956698818454,0.9692991018603501,-2.76565960927714,-1.4455708656265147,-1.0319171360481705,-0.05425089660471553,0.15409434973441444,1.549634332290783
-0.6307439247234009,-3.2962190781048064,-3.17078905382949,-5.941155327129192,-7.053656021335343,-8.195909488135797,-8.703565025912237,-8.28734063353742,-7.702815849973679,-7.268398207951756,-6.560229712097647,-5.947735211643912,-5.384939898450341,-3.6335072257674828,-4.70387437188087,-3.034474472256094,-0.2652254943446086,2.0607140270012554,2.7450138367082912,4.4307916882208565,3.327060831281387,5.976398451213475,4.038367096938367,7.152207666521967,0.44235521269576866,0.10688704811822346,-2.4313158788633826,-2.7777682903484164,-0.9912758044464569,-0.4074550909161304,0.11014002927121133,0.8911889117846796,1.1847539360922614,2.5197848357998387
3.55617455645389,1.9814070503463383,-2.6204068759523387,-3.825948342142233,-5.693508439611712,-5.3623854559363595,-6.967643767057971,-6.825403681046018,-7.948817646496778,-8.681876279181488,-8.28328826704442,-7.657589430052779,-7.569299466683409,-5.605509991038936,-5.996724636650065,-3.4926868546768457,-3.8639544353368835,-0.922314499345351,0.9014597140136514,7.023647839090881,9.37055975591742,10.561808242245966,6.77790948687069,6.518500697449379,5.407923956806371,-0.5768036762493072,1.3873278192301002,-0.4790798733142364,-2.152620541401724,1.528165990647506,0.683966034245298,1.1323098295459237,1.8307055791672482,2.1061686561994817
9.787096679028528,7.799413525293672,7.795464160135838,6.336367462223978,3.6589640379760984,2.605404383297129,1.1911390994597846,1.8479479720778313,6.240180449470419,7.91608738097777,17.485931566880012,15.677227574878124,15.059401357028651,14.694418109563125,13.341625684565445,14.231611295505559,10.967952067020727,8.72517969501933,7.73559097004065,7.83834853720967,10.044518251547213,12.978661798215413,13.651016994468712,9.67130154424433,2.997478480054839,4.042396518780864,4.912894471095416,3.743066823000602,5.242023394731156,-0.026781687758815842,-1.2290482199215438,-0.5242224490373587,0.7339373525057821,1.7176401639212784
9.953691605611365,10.872000336074736,9.499144071746741,9.89905051385486,11.563721142630905,10.853894672969519,11.254910725760858,11.617504272969292,12.325831801786645,14.566264076741824,15.32333547277912,15.458824151407585,15.084687294843414,13.689851231521207,8.643961295064912,11.642926836186065,13.947057434710167,8.592194466930337,9.991335800860456,17.737507747639963,13.503868694261431,17.340181262397323,11.3932223133512,10.367224553623116,9.714636212058018,8.500026777222475,10.139251007388454,9.118840729804642,10.703832648007438,7.861859314214331,5.0815217417745435,3.2019198042229164,-0.41223911212412373,0.5458297410578603
10.015579972331524,10.156560938969697,9.027749202748481,9.243977542827096,10.825477233177287,11.313805230700568,12.940230131840918,14.150389384898704,14.18278337961685,14.624180965630265,14.71278538441042,15.012827728645519,10.558145760477684,9.887402847136768,8.986228881777114,11.652459149720203,6.937662660198786,9.248661918606034,15.071767928374493,9.993827055074473,10.326029378159093,14.400744138854494,15.618824691641072,10.328583423631851,10.925915928842608,11.44230316904166,13.190843638064008,13.056602523510618,9.8345490017351,13.152981919929791,11.22332449759869,6.472470851703346,-0.3326633411631187,0.1685307648610305
9.825602397652888,10.930168973690504,12.025977459905459,11.317249870301291,11.31511714695917,11.671563045233869,12.260931997306628,13.3574281868162,13.896685460120553,14.05597779633184,14.14356360121609,11.008784453767637,11.726248259315744,11.329101413199437,6.694013042708913,8.623983310169221,7.709282028055808,8.780066756505015,13.425149075850566,9.675171492399361,13.743784768575557,10.430675440481506,10.72545883112273,11.50540537523039,11.75542867434119,9.89392623027518,13.868672606183203,12.882212839160633,11.537023261686985,14.972248830601313,12.774143323417116,11.937817901968735,6.406648878477294,2.3323866326822422
9.18930756186604,9.74963063510754,10.376248593205958,9.813905544977265,10.379859030535107,11.001821105230277,11.959724988423405,12.551217223667216,12.811096137437644,13.05466555146712,9.47073307541619,6.817591914907619,8.114435819511648,15.29013467182134,7.016953728851692,9.1756734968841,4.460654160878701,11.934307800364454,12.353123592145733,8.435739431671154,12.024371043344559,14.274971404557675,9.637290264125966,7.78584929278162,10.830245361844877,10.029269259892903,11.910381139543945,14.76702883655962,9.086108798249168,12.775941578456226,16.52536654300943,12.970681024849737,8.65964719518766,6.501360933514675
8.125414038977807,8.195998259192608,8.238053754098475,8.7952902306179,9.543349994231377,10.341367031435006,10.75381442876219,11.053458023027574,10.09576818125217,9.888746302138625,7.663785284695998,5.904719266552247,9.706569386151852,10.870550192735925,12.2399000604875,4.403868163443586,7.014051297436412,12.966312395686321,8.061992074304946,10.031651270233304,17.487644671468907,10.06950747205753,11.97162768312131,8.066742729469397,13.896151976378617,12.624766807430548,14.631347114768696,13.535409169650197,14.336515594909203,14.234709819395144,13.639024296484065,13.36172332965345,11.91429837988999,9.644466209831942
6.486634303001951,6.485728971686755,7.1525127533431485,7.760557322391185,8.097254983481934,8.961954856575998,9.098197390851531,8.136512786798168,8.788738372623884,7.092557303400177,4.573991367581656,2.9700332476312474,9.410170824549468,11.381899356131488,4.1708257654662875,8.896580203763719,8.906549141537479,7.606261958834807,9.092496209325166,9.14948467067494,12.288909117129357,12.405726842013896,12.120240933483732,12.702387702287655,12.170592798451043,13.376527372778067,15.15725469500131,13.98502888973503,13.503980551792393,10.738517143938484,11.179128052550643,11.131593432176448,12.555391060343656,11.969936959601556
4.676294550865148,5.2246915488777725,6.165225168764897,6.661189196572905,6.8208897874072365,6.586699696317352,7.427830015703045,1.0004039980043655,6.524373696221687,4.691634624058131,8.874590424952514,3.302484698474532,10.03792531620907,12.472570104871163,12.383611803692117,2.40267958783583,4.332580946045453,7.746778861217433,7.277056254145534,10.297540711302453,10.692291960212831,7.92607735103522,13.864610747041135,11.073718635310081,12.301610540054694,8.975981673985968,8.406622761901799,11.802474520786056,15.188308573468392,9.974572485009608,11.802974680245947,11.457823492350842,13.47039273642963,12.261373273013437
3.788694476301322,4.317953982935242,5.235263529839645,4.714453171473466,4.5687369848837065,3.3822788856721453,2.233099719815621,0.564223435897748,0.4083358143787661,5.7605872559375415,7.154735986506629,7.578304064019509,4.739290682219147,10.00820911597782,9.915290786971967,7.094546400778566,3.0884895710985796,7.724100025943227,5.710162582355944,9.936869705263678,11.160854663397247,11.480184774761987,7.935763672292848,12.99495805721414,10.515905627499537,8.85798316556355,11.143066897590144,13.496269765779145,14.408149710633232,14.777914497617383,13.162322228887009,12.023825361355097,12.373292309407143,12.696802864061628
1.7275043059712365,1.3843775143206924,3.8477525021192394,3.033362534416635,3.4266764813069845,4.553318872565764,1.5306488585843954,1.9502130053508866,2.9876433626704677,4.56215918989879,6.117268841824377,7.670532741706209,4.717606265318778,7.157855851252351,-1.9259881514259045,5.253297125248275,2.701114701617943,10.369197146512116,8.065320815409589,6.383105839733616,8.034549836580393,14.661474728035905,14.947447895484556,9.107734174327584,13.91278703414868,7.606431106300063,6.3926810789144195,9.933946748117819,14.053897625922072,14.457944895242743,13.163444830869784,13.664404198754932,12.723839677066138,12.865025774129643
1.3594703360013114,2.857686337001319,2.7751825171287354,-1.0939884295732998,3.499469729039833,5.474744956313426,6.072843791695989,0.3716876116057061,1.5757723094973155,5.239913978733838,6.315058636730361,8.894297560834946,-0.8446213029517872,-1.5729251798923614,3.4190129705233523,6.475104179889578,6.2179694190863835,3.598903499030622,6.590049104680802,10.031186351993915,2.603296236960026,7.643301957992217,15.041543291943553,14.438999040008117,6.367376631302169,11.167754355355246,12.737904970334139,13.515265545696833,12.13385624836355,14.423423585546846,14.2924754270387,13.200525567257102,13.781001607523589,14.129541038046389
2.182910783184783,2.665244795406592,3.6740278225680942,0.5569769948278045,-1.7565650673898594,1.9499257711102185,-0.15435664759579162,3.102169186386545,0.9489414720404551,2.5138941847415572,1.1045313291577195,6.729994585632939,5.989621519103793,4.859428132821772,4.410880783313347,5.425738504691376,1.9083587391059649,4.744942828462552,5.846535647852838,4.552555324632076,7.079216589007484,5.750000304904205,7.508253236504033,13.223611114496814,7.795608943312396,8.942197153614416,9.49880741677183,11.469540477267413,15.928058040596081,14.592640823320545,12.550750055071171,12.939129223158332,13.691017552011523,14.360205699625727
2.656999521823402,3.7569961639403027,3.6715288654030704,-0.7367628293444078,-0.6524186355145288,-0.7265041745583842,1.6429320250628074,0.17820999967575094,1.5272052443323638,2.7505976229778284,4.439197469224685,7.713238105892988,1.451935398999636,4.959710250397808,-0.2564269053771628,3.0884664662561225,6.292619078165312,0.947762349539754,3.909499114080617,3.4461779772844565,10.182915612346898,6.358895071397543,2.954941287074923,11.221875159546466,11.251906224407717,10.468977694658916,12.264625763447869,11.768923298457059,11.199208868615491,13.368087081044724,13.254266516199468,13.817044986476139,14.548216220960665,14.691859362070833
3.3498519951935797,3.171886745591203,3.218913269345459,-2.8214467022145007,-4.390564925825184,2.3024659943824908,5.157739243543056,5.9201617555943375,1.0092029271514662,6.441023070933241,7.1426726688533595,9.266304204526765,4.822209255989381,1.0959080434230024,0.0039291115904476655,-3.4504267353372664,3.473996332775257,1.7265365147783582,4.53016233341748,3.4287910833383357,8.366401327217671,8.06540279731825,6.965373647257638,7.886408716076823,8.67951247169894,10.610997817479532,8.685445171014285,13.381752555449962,11.839063091362936,12.59684213367245,12.761246748718623,13.55078010740036,14.455934528331357,14.63248116282476
3.2746241590305076,3.09963547738562,3.504129273526495,2.266565593056006,-2.692416763024069,-2.275029707502561,2.817767342277763,1.8442660381781932,7.87772702309155,9.910102651359447,3.3785529566351795,3.8847291579859133,2.6109228421405843,6.218155653838879,5.058618130555455,6.684959603247871,0.07084500105216969,5.145308162338888,5.87500711198238,6.331447570861675,6.935204023175859,5.7838728315375265,7.718071653904767,9.662406008956893,6.486735275201599,8.4954902639461,9.211444095667202,11.75615849373877,12.34947768506856,13.336899856904184,13.36800152446261,12.618335727312429,13.979249972548454,14.324908339198975
3.0978478593747156,4.743721606955444,3.3772030517927885,5.18239493174445,-1.3406762336997404,0.06916737476169117,4.118661424556384,5.354717056054586,2.880436517509567,9.345153281215538,7.30876325966905,5.145184454651257,7.788751977803992,4.739288270324431,1.5455232560552918,3.268051019955762,3.7213247196900494,5.997211463110482,3.5072773263075967,6.705654253047051,5.869275005059611,8.805737902629009,8.019051855072089,9.427982463838584,8.937350095444748,7.833445365004183,9.66170757768947,9.41229762205051,9.834455928620269,8.45024095044637,9.83013313498575,12.732919472463777,12.418235210049286,13.097409592070164
5.066109004310053,7.18855496265576,5.03632332853633,5.323677627406763,0.6984461947720837,-1.4811215580153703,-0.5596251306054895,5.6248823163281525,6.480055618536938,8.065666854267427,9.773574669861018,10.317601455253023,0.5231224575590205,11.318911610453856,3.0204723488453458,6.576157112293146,3.949095135125961,4.643191435917821,4.848502715146476,5.315013801788599,4.192121504807945,5.598051007764201,7.924059691549016,7.326113212092377,5.3482388588408725,7.724915667076907,6.297207812825679,7.353528737945423,8.554709035808468,10.061340892588502,9.514178491908845,10.055325042532466,13.83408721863394,11.68425716063977
5.3510480127254105,5.192814580232386,5.685428854255917,3.406283040847475,0.7979441095327585,-0.23074687377039202,0.30949535191423,-0.310859754725153,6.4388453654242594,7.652367181801154,5.895221145838284,8.981896416254699,9.49280621235873,3.752715717012189,2.427263341104741,4.979925740334755,5.966461555484159,5.348285694435303,4.653483385086557,5.809458343990921,5.614364077724011,5.200305594374734,7.221386136663135,6.314359460672381,6.940217205008956,7.500948761606607,6.905309519620053,7.59351252518496,8.993055355652341,8.9973605465553,11.442509566757309,11.60116230780102,13.180065461936387,12.943024707156889
4.718784557640421,5.385493993604116,5.506784907362245,3.9193778554513132,0.7119650389365968,0.14205940288944316,1.3541054910358554,2.4708307690251465,6.29351684010873,1.811670120585079,6.324864674154296,8.632225625401624,0.31180025431291136,7.875126870084766,2.5633905993640016,4.94567684525906,6.539913439574375,6.879361697078642,7.830527521366473,3.0783430506895875,6.029193829517556,4.328607576055447,7.980134604709826,6.95628759726291,7.861379093493339,7.1461335453995884,8.163315045291881,9.812568621482443,11.350764305464029,11.00262033330427,9.690834222310734,11.16300228769154,10.822399891665253,12.31330338227025
4.580013104576991,4.742827756048844,3.6854882208932294,3.5278360596881155,2.680970284456552,0.5884789939520307,2.3133143242984375,3.1921539519789666,8.694666340143673,7.845390977911046,1.961539469540237,5.023951086213867,8.95692857821108,7.257311342785681,7.040182198960937,6.878725689325594,7.659064575400123,8.39266611764583,5.1861879905369515,4.737086841024402,5.697783719252216,6.538277808958614,7.302653948960625,8.276035994161893,8.761655101175329,8.431064284734985,10.278039850752865,10.254039205606299,11.018802921198589,8.647947505582426,8.457584367096768,8.278787402857915,10.735895813833915,13.560148729291223
4.109522356636824,3.387106724730142,2.7762427737561293,3.7906759949336184,1.8407668774460177,1.1623815323275732,1.7919863750952396,4.837148948064302,6.272189122296734,0.6055319300726795,1.4003266649644912,0.6794662989353137,6.79424982633309,4.4305942038079875,8.277735238359618,5.629672620356195,6.534075995136203,6.613313710354249,3.6616791492785943,4.907041255879736,7.307624012889684,9.252802997922444,9.699849878193934,8.72826329853918,8.438331356506627,10.324309135983754,8.582413792301766,9.230293001340415,10.079812984512436,10.748822080956518,11.386989708073317,10.126029248881148,11.48040097546771,13.782764107117377
3.252766567125897,2.729944210676889,2.892823306222605,2.558790830822204,1.4677388358542376,0.6826512997019516,1.712983935577435,5.091496024208916,6.761239435652025,2.6268609624691504,4.637046014657198,1.3151974615749042,4.395821630096452,5.453912490031389,6.215751716970594,8.581141987365005,9.195858263109486,6.115347081206821,4.404338410377081,4.94479051930402,8.610827315781464,9.740255960047774,8.099912202534284,9.278647517903234,7.874302474360738,8.530770072860587,9.28011179574806,10.155839307526707,10.143784691984735,9.737104046579873,9.88554621015054,11.382666711376263,13.819931067464642,14.38569615289202
