script/wind50m.json
{"header": {"parameterCategory": 2, "parameterNumber": 3, "lo1": 3.000054539987559, "la1": 64.9999836372058, "dx": 0.5, "dy": 0.25, "nx": 34, "ny": 52, "refTime": "2025-11-26T22:00:00.000Z"}, "data":
[rows 0 to 24 of 52, columns 0 to 33 of 34]
-3.3138780825095555,-3.162067039717792,-1.097444161365285,-0.545103675193379,-0.025576502998571407,-0.2113901604104771,12.632930147939314,15.123936777735455,18.51192502186962,19.004501544776577,19.70795705822814,19.891503031040294,19.476764495311027,17.967447083325567,16.14804790040053,13.889848458535239,9.156600770013048,11.184197966133258,4.96818100187787,11.881123117328034,5.155952653230728,5.784915683585173,4.149808469587246,8.711338369248619,8.868568708704613,-0.9575380638726185,5.071764232703489,7.228132767058379,7.380213810582897,5.19433083332173,6.099866505348492,2.81712913721329,5.652816282592572,3.4468958415048725
-4.6421758775139645,-3.1670700002825964,-2.2032850329683766,-4.447208378067917,-2.0572977435488053,11.90266479253013,14.884187953002439,17.86178752987641,18.27708134700598,19.274192846554264,20.207870768802533,19.287829777900377,18.352888205220264,16.01066502461934,14.737983488038951,10.962206877992967,10.514612150705146,9.19841192827658,10.383840400212865,9.007700448466375,5.045393698271972,5.2049733892023795,5.060726520869335,3.936420829615068,-2.158270172077841,1.4396113395767356,3.087217596809366,2.936929016611995,7.00522935887074,7.542768111857081,5.653713179362584,5.573791052840835,3.129310352981182,6.121231569034327
-5.018448708641999,-4.086172656637792,-6.054634344449241,-6.149220613447669,16.71864556120405,17.331649773582846,19.356189378729816,18.970600560826576,19.227827717949793,19.55493595088858,18.74833247783713,17.498550839607528,17.07431526995711,13.97686303096967,10.803429991277605,9.116768684871614,7.801563298557329,4.984965876495072,-0.9076297609281596,5.707671584409515,4.381765004815464,4.901216298729137,1.6128620607576933,7.311318391946615,5.8502159419426,4.8814030815277185,4.429676745660583,6.758804758855695,5.14408512939147,6.181415628005544,6.3969056516991705,6.105141980894447,4.278175222830043,5.984502098671997
-5.270191113555246,-5.163984336730899,-7.041132906537482,12.285167630845953,17.283762377772934,20.784667336696906,20.604856357085243,20.403536018002903,19.32530158911337,19.005336217938314,17.217322849051556,16.51920421475396,12.828236234022633,12.34934259357004,8.722048110290233,11.268820630399208,1.0840020072418255,5.48917835048954,6.353743420646423,3.469738929901444,12.935886929457496,6.117673387082645,7.298272528932211,7.098508187865041,2.1116604965729056,3.2478137955962714,7.014712668312996,5.424082927463407,5.482890431588069,4.2181825717770085,2.1232376741417953,5.64017333581899,6.057732977049001,4.479796544433803
-4.888239460821561,-7.3891425413842775,-10.794215894731801,11.975616101629525,19.30825541608174,22.776820369990617,21.538563672484422,19.12598465803225,18.682463725791372,18.302539506606376,16.49804727510638,13.856402793462088,9.626676448931915,10.031258855033384,5.240728360315432,9.567345330401567,8.063257483586266,0.6784817898410018,1.3835284821991074,11.396316341661661,12.958782863751017,9.756571579656779,1.5669459944378854,5.448331994446408,4.662524269604817,5.762747356348498,5.515566277552992,4.098447886983566,5.694099747622065,5.489449286660336,3.089103144008138,6.111794714402602,4.792355599785677,4.046733055644769
-5.166819212250615,-8.010992127463759,-8.86586668145928,11.353896536357624,20.09507644132115,23.05407830700943,21.777812067257017,19.792471776709398,16.444371684455692,16.854442234739082,13.615113003207252,10.903728559109023,6.731352139957452,8.675621093017412,-0.8202297629604607,5.2036635628372245,3.6145594891320405,-0.028208944039060563,7.824758049455758,7.070386017944319,2.771021491207071,3.296525407101194,7.407870974831357,4.615394637423932,1.282333233555637,5.050881040681219,4.162368376743689,4.7844565531079715,4.178808396416168,5.34336436440435,6.377529900641735,4.894541362567911,4.448498517478024,3.641306786174936
-6.87123782866919,-9.643646791535856,-10.2602064558652,6.727904351669207,20.809559091729028,23.2230298151031,21.400366252914456,18.1227112576374,15.660067929594891,14.962703220384682,8.725220632373514,9.911007189533613,2.4145337720406075,3.057014262348207,4.0678434225526106,1.54487128271861,3.357950213102915,8.258623069288848,10.032010670453685,6.731186616092237,1.3944586429198447,5.0216027868569855,4.4307092387773155,5.949777782470088,7.60173789027143,4.9208558826419555,6.849166297655814,5.532829463819171,5.80329077273956,6.687178444973931,3.4858135159740153,5.109821161770186,4.563648511215813,4.634393717818473
-7.073531629379948,-9.117433890797816,-8.697737106668614,11.09342659745954,24.862884577855,23.433480931672424,21.48537808696123,17.683408666471752,14.669897820331878,10.155420845153902,7.18790311040496,6.021545043981496,4.223976449277742,1.1336837537379165,4.9064591393336805,10.132784010860219,-0.34995177756132595,10.851171413490484,12.804536253888479,10.160411786813215,5.583153244564813,6.806864320506462,4.286349818608414,6.633690902387613,4.12957271746131,4.64838935277328,4.211394776533113,7.227806311287477,3.417536474521588,3.2607255936694335,6.1138160231445955,5.790533000650386,5.019240285102015,9.731925448799736
-6.783131637965423,-7.670429822696425,-7.317992196553717,23.16078345395084,27.15619031208713,23.85438322974682,18.578005171627584,16.281547080873146,10.23800613708759,8.472025791978293,9.085722787380348,3.1214845482019897,6.259673347377494,7.063523826354634,13.834954170904771,3.3393689147162293,8.925626002862446,17.985466379984747,10.565318977925656,11.59296128459679,20.049233845717918,11.957675101170462,8.057404707757795,5.277052597837062,5.8809969761768714,6.20506543211231,6.469657621698281,2.369225546164204,4.195318006512518,1.1909364629765484,5.151624027321612,4.797915236547089,8.931025150832085,9.060471685132816
-7.273637351442685,-8.8292480350856,-10.752476131871433,23.296760395104513,27.690732532321064,24.152924527377415,16.687433989486284,15.62569375665479,9.73520696359941,-1.2533134664370285,4.1149344416302025,7.657773785728556,11.333459918962498,9.212995569098892,10.552196498553482,16.8927783745611,9.240173519048035,8.884084982763506,5.374618392143997,1.5856920952304983,11.206055266917911,7.137361739352069,3.16913579612856,7.83409957504042,5.45335929366195,6.84280171130034,6.872444512126446,5.678002912715067,5.007963937263828,1.7757868607154008,4.715394234863095,8.06834815609792,8.664016148295019,8.632819539062563
-7.536575286672123,-10.204283427900762,11.405581928761743,26.187206143279607,28.10967375850275,20.701931383413005,10.4648017121923,12.100647771733467,16.078271681569053,8.035523679565609,17.924823127914475,15.40338076086759,11.948354584834245,9.451318086044958,10.504619326205095,8.711806390851827,8.034313475667648,3.793623339165574,5.531489825101926,3.0925560687125713,6.5475449912283645,2.5888998119970528,4.778514963024353,2.7720509420120663,7.294340927629214,0.27408227806016017,-1.0741230143761906,4.483392219408949,1.6358485583331202,3.4674373943945387,7.201938880314523,8.158140526382162,8.192719018675627,8.915797255890961
-6.469568385576811,-8.22093017399222,8.789730448360798,26.29161657106672,24.256160928255465,12.581046294608822,17.489944033742603,12.902020977241603,6.67344771623097,13.630333480868972,7.801076808194398,7.975785789128182,13.854730105156332,1.1164356869391308,7.822396183802124,6.480720117425069,11.630908764509464,12.028249192809781,11.789314073534403,10.065909153389963,9.251805669341529,3.3091631604277394,4.766202984993765,7.739098938557575,5.933465881099091,3.5822241226648437,5.4026559429097505,4.41629959060328,3.482612003783676,4.800409867789512,6.779704046427452,6.988908250037486,8.659564785524365,8.719783631523281
-5.983213406412948,-4.559655608964368,4.7225389758801795,26.60742861613455,20.03671059183256,11.461818650072301,13.524189039866249,1.384075902333748,13.06787555595161,22.131855726317863,6.0763762691832195,14.767015695590523,10.49223965774155,19.57469646541787,14.284588087530196,18.53557584552712,9.191290158476955,5.50164376390418,2.4866409960787137,2.72782944032832,7.187875041407775,7.922476398092487,6.399872589916475,4.366570623269466,5.248126237289202,4.350093721168057,3.9873895660872956,4.191390889570841,0.4359540768421042,5.634917524790939,6.281423704798468,7.823563812028975,7.763212770833792,7.851517355610841
-6.320712555664051,-2.920428551911286,0.41289384367136583,24.972806993231057,14.23039445259433,20.164023161513658,24.633118394387864,11.417961607203846,21.807044112354337,13.864836088599914,16.830133103839295,13.142043079579706,3.8143735950538376,2.7029010881356026,6.600624049224769,8.22708998446176,11.689174225133264,2.2178281351179088,10.424156495937629,7.7103060506278736,1.2476249329925522,10.051274934075,5.8600545900609635,7.342168038770038,4.98636197749286,6.536569790243472,3.819065645267923,4.757393321986862,1.9533116874911343,5.1837174637985175,7.407411490261662,7.251739250106315,7.7351553732267355,8.230873165283032
-5.916536376348515,-2.133808042965314,18.388035660276152,24.937105329795596,18.098837391995254,7.861969516682997,-0.842725187121861,18.78986945906384,9.18541494727646,7.480909208966431,0.5477822907408004,2.1931507772356693,8.66276131827705,10.408852327005116,7.424206994886531,8.382780408196904,8.252416726462227,5.306484080156114,4.445053350659625,4.315079766558324,6.494698436649049,2.718000630745579,5.9930596967562275,5.149805345974296,5.8807102206508235,5.074213370748525,2.9151770922896283,4.3915099796194985,4.721311261711025,6.905245325417148,7.085186839440557,7.29794487624771,7.822158961649919,7.373640565007462
-4.58601075231023,7.859068054795527,19.936044997734356,24.796057765814723,19.98204620343626,8.290748615610038,10.444156781778025,2.115119797265646,3.274282055415473,3.4435784251814345,4.010498890926121,12.296160430386474,3.027802824827894,5.8124420771359935,1.7690965420936746,6.3436647757661655,8.984513352083217,3.490067465696343,4.624737326142231,2.6519662900351113,10.355486430873702,6.291108401345436,0.9847092623987909,4.07347173782422,4.725196720894542,4.415010600476649,5.134684953675877,2.2118319446768195,4.776929550050218,7.042951686008588,7.2376904068043375,7.178355576253727,7.01632375558633,6.718885124984104
-5.17717210838158,13.146815231844457,21.08910589202371,24.988471974177838,17.9388907905222,16.5244682456649,18.076936070688173,18.352104495725506,8.581909523547074,18.558620723253327,12.783942076832357,8.46616919784402,3.3339504101730304,2.158030577114448,0.8271456702334551,2.301315148191403,4.719462168346886,3.8482942468272485,5.3420441120726965,2.8955920761883998,5.702371080222942,5.415167551020518,4.544202539600465,1.8748130485570962,3.5877200442334587,3.277804587146116,4.1324748481700295,3.4979357339738124,4.780886555533042,7.623788103495038,7.198524964121316,6.523277195104028,5.926197866672531,6.05693200872827
11.257622615866364,11.725911215176124,21.93500057430167,24.411003234417056,17.893061894452874,7.9573422179693445,14.715296509251589,11.372489200473083,15.725307214324067,15.234070040878423,3.9563866646976655,3.126418260434332,6.6663274402927675,4.669103809285363,6.378187104932182,4.625028666321021,5.384339643289,3.9217686337426034,7.030895592209921,4.387260356750673,5.285651168718667,3.320901553549621,4.384829265471222,5.779089624911757,4.892604342327781,2.7401488096433506,3.395598758264302,2.9733741932522326,4.286412149294599,7.383958105582739,6.575505703725995,6.092223752004335,5.79674240780897,5.351972782575956
10.280618283313851,13.36604109172651,21.849654804211198,23.582660550432372,20.813406859168293,8.26074602727122,15.195274420464923,9.690312688862551,2.580419186577542,9.585123486725012,4.011965829506235,5.48508673089974,6.0551760644594195,8.842982669249249,4.600840577822824,5.788839198888213,3.7154593028345855,4.935734634355869,5.994392585517106,4.195658182291885,3.3747252941700596,5.87454976986283,4.393914614951777,4.073476230101782,5.243535625263638,4.832874275026326,4.04844311345721,4.461008533341843,4.593915681072852,4.65349773470174,4.856975792228722,5.192195102379224,4.853661461373809,4.7234632842114825
9.536672456032978,17.377130328600785,21.38984630353226,22.983093395143324,16.979423904765312,10.13057414052596,4.927962137253342,17.99769773558362,15.028279960957352,13.40313607658373,12.606963916078868,12.408753721232745,2.419202219748788,9.628158686483099,4.242586304451969,8.716608984017604,3.4643805707975885,2.740748491180965,3.770467394831789,3.8799212369092286,3.2587201124146583,3.78760851507321,5.380275970565644,4.8658394088077985,2.9515220562486135,4.282529824311494,4.2936372650105925,3.7995537590217117,4.154224442597048,4.189180043962362,3.9295342240769613,3.6457139515971564,3.70017712144476,2.595009544452176
11.681395448929226,18.517547399531104,20.712349911627882,22.009025545759933,22.261061945680563,11.935512802273443,15.189708001855294,10.619971449708933,13.719375753135171,16.720182115269676,8.506626744422991,8.74089332454623,6.474847885774857,6.517326710319949,-1.6182138798696606,3.9505050717650114,3.1522696926021463,5.1410215065890945,3.2232237262230314,4.1212419619756115,3.249783369788016,4.67612008255584,4.0948625337536715,4.100731132791342,4.765350588585954,5.011104444462167,4.226079172416126,3.6589073143205755,3.380604608595189,3.8002821208145785,3.568821325012005,2.884274977897515,2.4935536717287765,1.091583613406636
13.369577275462827,18.626984120119335,20.340590674394882,21.196989463619982,21.81062911510915,12.149611608750634,6.453363369774817,5.918937446369397,10.067850922653404,2.818820437761269,8.375213383611179,8.322516225865598,2.9694140953732324,7.863214470835877,-2.0966835335799123,-0.7627826031910426,3.575787368320249,5.2974282724864254,3.535797089094862,3.86227420346135,3.2083880176658526,5.349943815016362,3.78325502185893,3.698722627052137,3.430090789703416,2.9010674021711713,2.6918732751924876,2.302173763088139,1.8657464982135292,2.888544419261008,1.6255426105011959,1.538379840381899,2.1007238981224514,1.1869756890394543
15.462142737959748,19.501375661195897,20.38967762264473,21.107563586357763,20.20078854843184,10.54313506225737,10.030663288922021,6.968351936582799,13.35468916445366,9.44002165578602,5.345659911690104,6.193970582299319,8.319368699205716,9.482824354306272,6.021424627588264,2.7443082172279114,5.339246268227248,5.311046395137912,4.095445627012868,4.453619144144872,4.686780109187917,4.571323428987039,3.4831740964186166,3.082719967763838,2.927159447145843,4.309447799129837,2.073215361081795,0.9880929507835142,2.8555017450229396,2.2290815333334186,2.629152856134861,1.5077772800070404,0.6380136554508745,1.024702747826233
17.185571848176192,19.223652893825903,20.38258211247605,20.955959258369695,19.505735647527747,16.508495131331344,9.635316712869642,13.811254941027642,13.05908617604774,3.395668075938532,5.110868848826451,6.153210705416349,6.084352392145898,2.173791807206982,7.086021807749655,8.372693939880296,4.254347820010897,5.590430043773068,4.878698436664777,4.5422953522460565,4.349387567420406,6.5746478538908235,5.684323760958095,4.133459787621687,1.5075805085759273,4.574308097186655,3.093602411882365,4.079973117462437,2.908442387993226,2.6290813774174904,2.202768802250481,1.2342859300680107,1.1446036507719128,0.8470507857271671
17.97455159712604,18.9037489171354,19.391562655129654,20.053214798346602,18.922713214326887,19.442525438958665,6.476872459020479,20.39536591485183,13.320057499207872,4.227823785861216,7.563071875763109,2.2932101526060453,4.881243535227324,6.289988279223623,8.904314657935595,12.479772333464814,11.640029311870371,5.976694130024664,5.080849706854374,4.326298609393829,8.285021503262989,7.065130923128072,4.5720510211456755,3.5160735698942194,5.303995507746004,6.127419454833805,4.303088972871324,2.938089588520544,3.0174985056397907,2.0148889363459648,1.0908140062968583,0.9932068960559829,0.5737716251940013,0.12251296113534815
