script/wind150m.json
{"header": {"parameterCategory": 2, "parameterNumber": 2, "lo1": 3.000054539987559, "la1": 64.9999836372058, "dx": 0.5, "dy": 0.25, "nx": 34, "ny": 52, "refTime": "2026-04-16T09:00:00.000Z"}, "data":
[rows 0 to 23 of 52, columns 0 to 33 of 34]
-4.204309052318087,-6.269390944777648,-7.050390154457628,-7.3245257750623844,-6.970951167341303,-7.191836624983184,-5.480101747399053,-4.964796430538443,-6.411998240824355,-6.870733166908241,-6.816005651986196,-7.123298370890077,-9.195178515985566,-11.81993873336089,-11.864724976742735,-10.566413163931923,-6.9871344272110685,-6.383354225563408,-6.017483661909935,-7.480248810189537,-4.9364540543398,-2.7163622269898866,-5.324243156726048,-2.191916199931955,-1.6084465429549946,-0.8166282339545775,-0.4684129058895985,-0.19291762515876093,-0.8289699234341932,-0.8713055434338367,-0.22195147861503517,0.870395221412905,1.08580666073856,0.9664650251824661
-2.1954562522553216,-2.529633080105674,-5.474342963200841,-6.639294464510994,-5.664307327823919,-5.679594460234913,-5.757440156910887,-4.12187956125223,-5.2467874262442535,-5.75651424217164,-6.385357767691925,-6.625238735508029,-9.122545879487069,-9.614833225361831,-12.253815263427063,-9.414677769262358,-8.839336752562863,-7.53667761578707,-9.083506745142513,-6.864992600174454,-8.209759981725902,-5.2810102194596364,-2.15083712934951,-4.37561805157483,-2.0705403488579592,-1.169116262600556,-1.2029612085903556,-1.0975386871102706,-0.27829515031414614,-0.6724110413455737,-0.35868425344891847,0.15554195568523776,0.3727581882785391,0.21366885243040215
-2.98340007067069,-1.4504038463665738,-1.1909247526598778,-4.958773159058164,-6.3872750014790025,-6.2486463716233684,-5.557260869915901,-5.1813266293600355,-5.483693625561416,-5.355809771136987,-6.75845518446298,-7.160063970971409,-8.28787081304063,-9.441849876654299,-10.644971478268962,-9.475651714570732,-8.067525234515541,-5.997557590504362,-5.40174439846906,-6.116365392555932,-6.212278679738083,-3.9631513811369157,-4.3974595481963705,-3.7009887072713568,-1.965811445045507,-1.0184771475121137,-0.0678425004699036,-1.3422938507438493,-1.2072844475639264,-0.9589091404651358,-1.1054418631078384,-0.6768448895210122,-0.13873915041933468,0.15070766930637494
-3.960163438704874,-2.712649026721098,-2.447817132325583,-3.043573783259345,-5.584363369226043,-5.6265216720961,-5.263934842207618,-4.848058930136368,-7.0794415113888745,-4.226629755253878,-0.3512982151026361,-6.208225038144367,-8.026981232832833,-8.52938865383252,-7.108941695207604,-8.581550691249884,-7.1340574664012095,-6.387213658844916,-7.601185426447828,-5.289658647553231,-7.965914692390987,-5.8066265244355755,-4.456786457819139,-2.584214502026088,-2.801098307670601,-1.6543648327149554,-1.6862723421588632,-1.005396229784968,-1.2916911784602314,-1.398091442848489,-1.2289060987758076,-1.4851232970778616,-1.011171577884952,-0.4297393450597651
-3.158894063874645,-1.5354083194900576,-1.3898076581731402,-3.1607859925349775,-5.527652361127117,-5.146519436578184,-5.304309560417233,-4.136959083539092,-3.7143763183744505,-6.086678622815929,-6.160210426293386,-8.371878356476959,-9.27312742935529,-7.767787079829977,-8.116805502531623,-7.444099064960241,-5.520183085602136,-3.85102879644202,-5.285628253088629,-7.696062772591933,-7.25467040440968,-5.156296285211,-4.365229521774306,-2.679066204460445,-2.1988877511341567,-1.5743014333622611,-1.7178298933857323,-0.8416230886919445,-1.842976496162128,-1.4455094846200054,-1.7899035322771137,-2.1126968485297235,-1.3355965599033202,-0.9840734552157805
-2.5180856782519996,-2.337901023066375,-2.5011223440361827,-2.291855814896825,-2.8686621395544387,-5.552962214943866,-3.9349325988724457,-1.9107469596280773,-3.245692117406205,-5.616715032990729,-5.163728064512793,-5.361355973801731,-7.962337076722608,-8.675876251130989,-7.930211452708241,-5.430943753379968,-2.2997227617230003,-3.5020378774433185,-6.761683511825077,-9.174747368474321,-5.720738255116617,-5.786658815079773,-3.0484548627048476,-2.002309006032015,-2.7104338231551677,-2.0962288962864,-1.567745978727766,-1.7031671201466194,-1.417135070618807,-2.4895188903974628,-3.0140659892117894,-1.2978618714152854,-1.4734098760486647,-1.1572300559236632
-4.379601766995525,-3.463157033888265,-2.868529346772079,-1.2198991772498982,-2.6373846025497287,-2.0201462604950278,-2.203236883383413,-2.9178317423318476,-2.5315211492438388,-5.1387538539566044,-4.001673990244284,-3.864005351027714,-4.761406043474798,-5.590092283553075,-5.496734288843267,-3.464044447814381,-3.7333671142508416,-4.4513973977412045,-5.285208501096134,-4.0628208393389205,-3.663178073561717,-3.949774183115403,-3.8848595477938543,-3.243384280476019,-3.1454924899420993,-2.0424884135175505,-2.6549161152930085,-0.9997531826922322,-1.2748436915724584,-2.875119661895402,-1.5399250372608544,-2.1494901705527574,-1.9923390389753948,-1.6237856495567489
-4.918318664236032,-2.587119298652442,-1.0148142534671354,-0.25352891613456263,-0.4230456999469575,0.18100531326620523,-2.1722739256900048,-2.6803768299553994,-2.2482312865316674,-2.577008156651419,-3.4085000119418756,-2.9242128340741007,-0.5033866745046868,-3.253060970378977,-3.0820093731710907,-3.1361868524296383,-3.7236884849703094,-2.268383938797677,-2.9335575610198434,-2.4494810604812765,-3.110375746228947,-2.7091248552414573,-4.880625821647575,-3.419590165418189,-2.908054577533084,-2.107017032379435,-2.8621933511975897,-2.6926365730924107,-1.4938065086664623,-1.4127352773645359,-2.400737269949451,-1.0518807198613174,-2.016108212175444,-3.74814028684299
-3.093192635599576,-2.7533309512273494,-1.844930532363319,-0.4289346657870388,0.6995709761261253,0.7161711243935069,-0.03274138903984176,-1.5431760607923153,-1.008768086530051,-0.7726294864023469,-3.7309583166331857,0.7447103807950093,-2.327372935307591,-4.844764668657298,-4.419363009292643,-3.7223745901616208,-3.8874318837536714,-4.443521678981387,-5.480108145656285,-5.047490493279655,-2.869528648296229,-1.4467145479429828,-1.7837515771053003,-2.4282906093833487,-2.6211211694814605,-2.9499281011406486,-2.8531047366481945,-2.4510061063185877,-0.4999526784275509,-0.36896487425375135,-2.647324437578914,-3.0997999576692408,-3.9804631076716834,-4.207306504722175
-4.88774738980163,-3.0753744362074036,-2.5044382280281297,-1.206049379504214,-1.3958206615926265,-0.10242579110421149,0.11360359120811576,-0.9185521550547481,-3.8210156294840654,0.6370143842826596,-2.8282783295569827,-1.2007016883819794,-5.840469674506856,0.48123754119340795,-1.6757684122761465,-3.4720381191621983,-2.622487505262296,-6.031002672327315,-5.443737127981546,-2.5544778592949737,-1.5565279245326669,-2.1682659038563163,-2.544371336375497,-2.241580352473479,-1.7251248893941669,-3.0022860120663566,-2.709336682411084,-3.0105003764978067,-3.6180369661764753,-3.6414043051898926,-1.252226269709664,-4.791854520606816,-5.337549927300876,-5.348286660292693
-7.725515417982479,-3.0556127965789064,-1.825986690562316,-1.2398087409788379,-2.6031828138308697,-0.9308256356561113,-1.1481823387589187,-1.1665230548769476,-0.7939876305159386,-2.831981327881573,-2.970966087463444,-6.1535674474798,1.2879074650650195,1.2966673674272564,-0.8312669536157329,-4.355179753561387,-0.9331702991013177,-3.3241324105084638,-5.798119371549461,-3.185534816872352,-2.535716473363582,-2.3212828814433846,-2.533551391245093,-2.267139514396402,-2.7236921219953207,-1.829039224457805,-1.3935186690782373,-4.001863503732626,-2.5019477660653697,-2.8556721797729026,-6.583593199452074,-5.0211885493095165,-4.1624181135502125,-4.686624037804575
-10.829023592888738,-6.997715524978048,-0.08316168431884986,0.6929258111044941,-1.6982625895112375,-1.6856864474842992,-3.771792480780808,-2.821963120385867,-0.04094743914798067,-10.099535517342334,-4.730907410157647,-9.099409328029427,-5.0068827671968545,-0.7341458810235447,-0.12336019821450418,-2.138166867804386,-2.4850541872801206,-3.8084730393434256,-4.732910170291904,-3.6380382850802397,-3.315807219660347,-3.597046257567942,-1.3977053467586877,-2.8470724560418397,-1.6494310502135525,-1.4110770072417653,-3.418318982188966,-4.093744533990486,-2.7492597733831916,-5.364385363238901,-5.491717493956823,-5.670671280835267,-4.4764643857111635,-2.8399191113513904
-11.745350504264986,-9.300211815581386,-5.547582162226492,1.282849499726828,-1.9238636462495626,-3.5483322580801753,-2.266456895900336,-0.2841498106458011,-8.326161689951984,-1.177484057948924,-3.4527016502904804,-7.459112256340558,-2.8299629600710454,-1.644744034966991,-1.0839955288846572,-1.5380290315898362,-2.8112627586409875,-2.431189442002729,-4.233955506410014,-2.7890118156349493,-2.7151810544027453,-3.843371841933683,-3.5337687087238416,-2.2293016295408674,-3.2112582704477854,-3.886669137754513,-1.792564106343946,-4.144488090889,-2.737297791934541,-3.9007399592092056,-6.109266357213253,-5.195192627831417,-4.207446003827185,-3.7592838229722854
-12.38466483589218,-12.697427063449025,-8.880370232209035,-4.4417336395951015,-4.0475528161623195,-8.635650269712093,-4.192303023737577,-6.001841775748952,-12.224402342986691,-3.4112675502786365,-3.177330787363791,-5.6384555477552665,-2.611575410687893,-4.0927370023157765,-1.1147141271108632,-2.4478006307544864,-2.076589215727489,-3.098913533030617,-3.683178526931654,-3.7534580951991496,-2.042361054174213,-4.782544979696717,-3.858371683013099,-4.413854952048666,-2.884203148563778,-4.607193685909313,-2.935353999677864,-3.1689837678107096,-2.998410671685216,-3.357425681826624,-6.370071731359442,-6.119834204404113,-5.805560585039097,-5.084945226239609
-10.150729775034522,-14.354741157524503,-11.860546344052802,-8.36715734231936,-4.08221874177843,-7.595322904495091,-5.113895209963521,-14.056162448571161,-7.714978142123068,-5.7602113872563505,-1.5047251298660929,-1.7382285621539548,-0.3480602320235624,-0.8131374359258641,-2.712893127224441,-1.8006821629607228,-2.0867267878315148,-3.1187218393877885,-2.918364764455798,-2.9142212937855483,-1.552221257317388,-3.655901731517141,-6.172657735973066,-4.558011177782576,-2.4040345551806492,-4.08710916050285,-4.065704563327682,-3.9760463483229724,-1.4258337882663439,-5.65907025180689,-7.553238940766656,-7.142177000267635,-6.484714865754604,-6.307323229434527
-10.729312712220237,-12.11806606409954,-14.756782651902043,-9.813007044551874,-7.316095747889533,-8.114328427059617,-9.01326400895916,-4.856260247843579,-8.238690642831223,-7.165362939384155,-10.366285477374893,-5.0413160458503485,-2.0147635735757663,-1.214512037132645,-2.836034086491531,-1.928299442042724,-2.5883282132385474,-0.7003845214834807,-3.938014579268539,-3.363511984267696,-3.938809022145258,-2.7444367217211667,-2.6496555753633495,-3.9719217579925283,-2.270368841334259,-3.908391097367703,-4.544034422615115,-0.35176500711390546,-1.6623327410220679,-4.573308219958231,-7.752522189375432,-8.100810949859332,-5.705726426689635,-5.8356128417815825
-10.923860993882458,-11.777698909147514,-12.674705362601927,-11.093015826590067,-8.123361506340554,-12.08890418800014,-9.95401956719228,-11.100990789106833,-13.144029076363909,-10.886012629263309,-9.951775069279151,-2.1585995922429397,-2.023939457385754,-3.2026320748207975,-1.7161657166702826,-3.6371682161837398,-2.138257464773639,-1.1721424206215239,-3.04186834797556,-3.067778438437763,-3.8828478077807316,-3.6213745492702536,-4.071094050307415,-0.3432682826211874,-3.4743791811173548,-4.418566979846648,-4.004398729264449,-3.3524813673114306,-1.6952940009235624,-3.1783478769100144,-6.902560185233465,-7.69418812108798,-5.360984499893502,-5.528933728522976
-11.161680049906204,-10.13723915822751,-10.246097823532585,-13.315915925031254,-9.325249984630924,-7.962891457252663,-10.310428466817292,-7.245063959342704,-11.513267953373553,-11.276926935270145,-6.699782137794504,-3.6216426011307465,-0.7410923105494154,-2.8914602022157228,-1.7383025422847649,-2.55546766973655,-1.9907752871824032,-2.948476973297511,-2.560011573510373,-3.909009636300828,-4.818675764603589,-1.829168932177816,-2.0669690578579876,-3.0755851257507403,0.42869635493197783,-2.665793016587654,-4.738368002528097,-2.445883558318104,-1.6621427436772256,0.26048066377715534,-5.300469937531857,-6.2411196333711185,-5.471420212514216,-4.838758485655075
-9.928666153902343,-10.426683956822792,-8.999607797768746,-10.050851705690413,-6.784149167910873,-9.329122904154135,-8.697909944895445,-9.330547154277207,-16.614905675346904,-8.198290956992683,-6.322380215410788,-5.750939080483879,-4.887550628913387,-2.2899476836404404,-2.3987815544498665,0.8655382043751536,-1.4579447456698449,-2.0106717466191375,0.03766371808370596,-3.1733709535725243,-2.8026979442238003,-3.8546714732797214,-2.459800735591439,-2.467993380327757,-1.8320441745013258,-1.3223027995011691,-3.0593594887266273,-2.032599496779065,-1.3577927939303502,-0.31915012220635897,-1.1831266244408551,-4.583319449956306,-4.386318055519157,-4.247872731339128
-10.253569734610913,-10.84537049015652,-9.190553288041144,-9.085115660439246,-8.644907519862423,-8.275105667850521,-1.064388090532901,-5.367236255096584,-12.482237348888694,-8.156784619426466,-10.501213097033517,-6.638904137236561,-2.9001772118586904,-3.4030041835011717,-1.7989130143339105,-3.6391551563287465,-1.6557558972280442,-3.078192711154889,-0.6181742483847074,-2.6640798139715374,-1.4391399317115314,-2.8495585078939616,-3.941157168436388,-1.8454122639179595,-0.8314518530529931,-1.35382887712262,-0.13752903483088585,-1.2474240818514077,-0.5812847765035087,-0.8766432187476793,-1.4233059499258076,-1.6742266968530684,-3.068573322750505,-3.331119515696877
-11.054439804092532,-11.121996759217481,-9.958519599723505,-10.719295796489115,-9.817411254263998,-4.882083076373172,-22.548517165319662,-2.3958977115928266,-16.677447238145696,-7.313018312402441,-8.784799988222593,-6.37796241321305,-3.9836437316673075,-2.003877861268707,-0.7571878087022641,-2.114705994425402,-3.0259498429932363,-2.9581709256212085,-2.5867111578718194,-3.8130476346304105,-3.017080558866283,-2.017318099900944,-3.9205423921911318,-3.327021129652109,-2.492518668418535,-1.1596515907486045,-1.1433925922667074,-0.8337239867306658,-0.3637834265928863,0.5209988455853315,-1.3445913923036807,-1.945027393837475,-1.8796079143597324,-2.7425970401881448
-11.87901242038508,-11.901551905804538,-11.392924050907054,-10.88654466567556,-9.73080971336639,-8.285916326028362,-10.2933244144487,-17.69893795425295,-13.692346130367904,-7.585059597937777,-5.038334405084127,-7.101673401373407,-0.0654040129495064,-2.860538107103774,-4.640184248424757,-0.3494180148198749,-4.268455060786184,-3.219680285388812,-2.943808274780326,0.6881517845076529,-3.4257821672459796,-2.7231526091635208,-3.673274651982972,-3.212866457361876,-2.3296544777740182,-2.627808472210749,-1.9781564707502053,-0.9981475535208346,-0.4619738153978994,-0.8973056441897636,-1.7354250500185924,-2.12263841268268,-1.484029068785852,-3.73870848647271
-11.02682252769275,-12.846072137245365,-12.293229979571992,-10.613798160227272,-10.548828722496399,-6.953054512868656,-11.972935758591674,-14.574236581442644,-14.408856929445033,-17.087427762525145,-5.219190069482268,-8.83924274970262,-4.546368597283049,-5.478878428476664,-3.3569463852816823,-2.374577225992219,-4.071479803954321,-3.5987929318031022,-3.8996992414263136,-2.627994403885182,-3.3772274169511256,-2.317937857650878,-4.0222550333838285,-4.203758716740219,-2.630487472990128,-2.987306745064264,-2.941439217588283,-2.5054639025611514,-1.9328272106971047,-1.7234828942308835,-1.9381640490132424,-2.9851657399076994,-6.12088283163963,-5.8151187315023884
-12.106701265762446,-12.455024453550722,-14.94927991309863,-12.788588612679037,-10.783717572056817,-7.042771405679931,-12.735640860921421,-20.734214143120393,-16.37481854638678,-8.994894109075979,-2.6845775556876115,-3.1847898109449995,-5.678331831537198,-4.338420528588297,-4.6905994364882835,-4.09783809455805,-2.0323099121530124,-3.6720579788463548,-3.142637295600074,-3.4989374743927852,-3.2538844539393783,-3.239404034326011,-3.240712050203875,-3.7341993959403306,-2.8004566032945393,-3.139753644340722,-3.5439274990278036,-2.648691117255146,-2.890362271793658,-2.3373645662947995,-2.7137239506536766,-2.7276600256235257,-6.693735364877278,-6.707969382794636
