script/wind10m.json
{"header": {"parameterCategory": 2, "parameterNumber": 3, "lo1": 6.000027932988019, "la1": 58.9999434238085, "dx": 0.5, "dy": 0.25, "nx": 22, "ny": 24, "refTime": "2024-10-09T09:00:00.000Z"}, "data":
[rows 0 to 23 of 24, columns 0 to 21 of 22]
3.277667404821978,11.659761496094587,5.940697361367704,0.777814970352518,1.2458126846950588,1.1354344213543586,0.09887028525532036,0.0019553599886685024,1.584959855764109,6.485585593160015,4.760297865275672,1.7288437324940689,1.351188464888851,1.4465917486000106,5.201743857809923,4.377172470858574,1.51497149933596,0.892533283699277,0.9241827616144042,1.2016553087510584,-0.10054247110955643,-0.5970939529048863
5.695991678245923,3.5923718285228627,3.036057625164073,1.6699491610909478,1.468389697193199,0.6737889085503956,1.2757265576889183,0.9921239570522374,5.1862191172430645,5.695918079994348,6.124598894802388,1.513055996773403,1.6346802095796569,1.104490006746809,4.456974530996495,3.2763856019968878,1.0567658633987893,1.0226951205412784,1.0062316180597881,-0.19446220701481404,-0.13070865219503744,-0.6535433895364324
2.7668638597578745,1.0292456322034063,1.4932208980573463,0.993835587166002,1.109182205435211,0.8038919387840128,-0.16107014758406868,0.03797176511411933,2.697328801270431,5.412520876441481,5.4884907100948555,1.718670120722184,1.2394675520175695,2.9699950654948393,1.678123224317346,1.2991829693114216,1.0128165566217,1.0985604796232011,1.3276910650133857,-0.1152059255504489,-0.5528509525132156,-0.40382943580990727
5.575175600017444,1.6607320442060034,0.9862170653192345,0.25311187811594976,0.13081984575152483,-1.3660675191184117,-0.7458668256204416,-0.8596922855591221,4.293896944975797,5.316538843028617,6.2486877762924475,2.434988394222955,1.4379491673082978,1.245866079680858,2.0274390980940007,0.312798945351435,0.4158202640661863,3.6204922101436043,0.9056329504884402,0.10859792347122577,-0.8310315833148334,-0.9893540750923187
3.415592053021425,4.77515928544415,1.4652967726127153,-0.10356471208449175,-0.20549254731489777,1.25988371518674,1.3665180802263837,5.005584679774677,4.893980883961303,5.458925079623944,6.654108700342757,4.431631398892812,1.8497215897767825,1.5894995188936099,1.6036905231512182,1.471504986736983,1.1103668635841175,0.9561170495686775,0.5389223303766811,0.4937789165397734,-1.0877231692379359,-1.3480158933014823
2.0893704664081354,2.6855467938569237,0.9964467146220157,5.239292563568185,4.412467317210094,5.214038034410574,4.450613463177387,4.307834863488415,4.114230397992136,3.705728251546377,5.948797682121133,5.300569444083601,2.553214974894997,1.585893605135825,1.5426281657525776,1.5184188880756544,1.0865504468872724,1.1789111562247914,1.5882301576425488,-0.27935315404159944,-0.9345846731894547,-0.8837190381589636
2.063172342345912,3.581831354317646,7.467361828141781,7.909495934164911,6.131367984535289,5.702859937950934,5.248283774175966,4.263286639318284,2.064547057347665,2.402128458759051,3.8367894135096625,4.611987499546465,1.608914195388198,1.6184587325921245,1.071975590940212,1.2544092860110312,1.2313696151409357,1.2482918819257214,0.8134455129749039,-0.23135485159372424,-0.7268154467669564,-1.0459460258199746
0.45733488882428047,6.531752724178775,6.7245752067970805,7.465163053726236,5.763639257189075,4.171188153871812,3.8751086166107163,2.931576851330607,1.8433718107438755,3.2508391070655276,2.60839837698041,4.563931650772808,4.47799800472455,1.661117328332854,1.5782247732004677,1.0906658295469553,1.5395419151180008,1.368955421227083,1.212186714560714,0.42190631260708245,-0.8032612779792153,-2.8322505167641
0.6826223594390224,6.487502038272848,6.980782894689555,7.319632285567345,5.706972352594861,1.776149173181695,3.6755043046758598,1.8958250107271428,1.5628717633224611,3.718811976912315,4.23663172448903,5.398905259214295,5.234097048449186,1.8634499085763296,1.439653129626449,1.219511246590541,1.8757975964127167,1.097326250291845,0.8787678730193335,0.08692548528685962,-0.7042087994066023,-2.4024315284111903
2.6102253693878774,5.649821145046635,7.216544483914561,6.663026486371146,4.708385701238747,3.258939934619633,2.6123530012603924,3.0586956028396615,2.5123248721019467,4.081545240998056,5.008033407664077,3.2685029735110924,3.752779666293525,4.592713177155216,1.463672936784658,1.6828565340648993,1.5534163114959143,1.2600607768448078,0.713629225600998,-0.036207272823348145,-0.18268137542009097,-2.183063842670828
0.051683941274231454,7.690252472850833,8.392735188477129,8.412952285461479,5.961132943179314,2.660442311661315,1.7859002599310831,2.555460631898227,3.1753366467098574,3.350782150148341,5.677969212149453,5.848513628278941,5.495513352803268,5.208884531892707,2.326910170658082,1.330442445448806,1.5013145516315662,1.0560622425672808,0.6682085846590017,0.35420115873512337,0.07786053805050382,-2.4490668868406393
5.345417016885152,2.4432053117369046,7.5525410209241235,8.172072100484913,5.992332569489632,2.5432313816256285,3.1281306735622403,2.7087201646615213,2.5464920147625114,3.911898750736988,6.067584877037665,5.758232763131295,5.883466204112022,3.5800364397629654,2.460554578117652,1.8090837140907852,1.060016545511945,0.764132671882264,0.5293063018534478,0.40901437299565285,-0.16176610900875174,-3.7048183706227658
5.19939874607653,5.263176878449047,9.235005093374976,8.166957630766781,5.69604264928052,3.2840397496568854,2.5131905114805906,2.4958079847090433,3.1413417914388044,5.489857615708019,6.612349030235024,3.7163597784849154,2.102640655552269,2.2763918686930538,3.5424321696684986,2.0523037179709016,1.2042403949718095,2.9033514115481003,0.47475998680713694,-0.5761909329762966,-2.4566241955631463,-5.170337105276665
9.108021492812698,7.50649150445978,8.357607204454386,8.869446656164419,8.389379943971559,3.940892913738972,3.0636119565644915,2.466880781810826,4.1775431176127515,6.472646562718264,6.635942555516799,4.052011504973593,3.4112050970710146,3.110065322739961,4.315790214000719,3.258823658680777,1.9256601118027423,3.291469741568322,0.05573488706379441,-2.2091787975941375,-4.0749841871860095,-6.173649162122197
8.53001584381807,8.471986752810823,7.84522784518754,6.230363547342402,8.894619088536627,4.875903278481102,3.387319385406424,2.625864996729334,3.1150404821312168,4.8000300388460015,7.917528571948238,3.8391023076724036,3.0772297646624738,7.36387507201192,4.840594503421404,4.0649974487427905,3.4698867487017857,2.916956843538195,0.719096218832118,-1.4767517724452117,-4.033330022125331,-6.429814163453335
8.945475110395783,9.308152746533755,8.168001370822303,8.56424297534522,6.681784239587737,6.6062614217553906,4.917526681005035,3.863424461452096,4.890374455484574,4.347616100853438,7.287243569467651,3.4085888359446734,3.300952950928306,7.756592114015369,9.050146773511178,8.324593953783182,4.956796501475595,3.4039567606720937,1.7136164159112286,-0.5778618388698569,-3.5005924099879175,-6.58237535711782
9.040807397843809,9.418468076034667,9.056143267580712,8.307455858369362,7.24796844561686,6.855442449295594,3.332787572947805,4.177325211130597,6.600708042853327,5.187575594585843,6.558638493913131,5.6038905430887604,3.490889426147925,4.8885834509251245,9.097513077799372,8.146912903578025,7.301697158496834,3.4073387603476175,0.6481807235769242,0.004886654452214567,-3.72580253697169,-4.322691535980284
9.887578981896205,9.954743993420195,10.001542070611494,9.556445875445503,8.92773522445793,6.524485837584788,3.0484624834555887,4.7920666820175715,7.387374779287797,7.848407406041418,7.462925615141879,4.756411372737851,4.315249444773484,7.626707141160027,8.074532688952804,8.107982304840514,7.679172260339693,3.99335935677559,-0.05407308153005494,-1.1019382436202674,-2.5656173096947787,-2.372832631278698
10.54670042477913,10.571851427538519,9.948363223516388,9.651164320199243,10.074541301137101,8.717486707332014,4.554894835211099,3.8479951194094473,6.102120589264838,7.313038347862017,5.4579571003803915,8.015755953356711,6.790912806873469,5.8937140768106895,5.860723326780983,4.003004374289237,6.979658747960457,5.37884610039093,0.543975332172783,-0.07865422251793995,-1.2167429088057338,-0.16713382858105388
10.292272042828055,10.279703475795825,10.308951620760883,10.512036338300335,9.74082804741624,9.180844483213713,4.757052586939587,4.058955039833304,3.701660642409681,3.839763661868044,4.345979102574366,8.213029625034341,6.61835458763427,3.809360371902242,3.189937087600746,5.692463025477202,6.714465594766803,6.449443985323801,4.066129928473277,1.7954198280265468,1.0715401440512735,0.49345652677124185
9.896577590981725,9.49512830532503,10.546672172020491,9.608584498754016,9.001498794228723,8.691141978182769,5.254415291239615,4.181541705322441,2.323163151136159,3.3512898975249565,4.698569391858982,4.402227613833029,3.757815319079362,4.0573178329983435,3.2156372681161463,3.9272882921919026,4.8569225951362585,4.3581375488909,1.9421472300375984,1.9428137867223672,1.511969665936911,0.4676328337857624
9.52691448619316,8.85603049270457,9.515811853755688,6.639205325822477,6.396954685353652,6.733294413009562,4.701827323225425,3.9535885815825362,2.60392425642435,3.6671339866043313,3.8683113668216027,3.5745030560606823,3.8980846192457186,3.2993759327185326,3.833934510934633,3.5266267942197733,3.769402300598276,4.624385484687352,1.980550083044935,1.2275093434753324,0.7721036225023516,0.4834861966589745
7.9771411823052,7.838267440148686,7.639098265345637,4.017546047092938,4.651766279422881,5.316597374106661,3.5329142195176515,3.13593219803141,3.433078460642764,3.1630907021211594,3.009385638703745,2.9459064465643108,3.7099667926452966,2.707667814058177,3.6595935346276196,4.205040701218333,3.3693326314133576,2.114844188100636,2.257025939692399,1.236839299948717,0.28594132687301216,0.4053530566436134
5.687708136584102,5.240254642534323,5.255621710074134,4.5516387136721255,3.873408859905264,4.778864662768241,4.770936622848688,3.8190723948638277,3.399445495648602,3.076530422119751,1.4704905326550886,2.3169742328122473,3.728503009196783,2.562702657701457,2.9980449000274,2.919059946569301,4.2689975251592065,2.648583650203191,2.7244237279534698,1.4561232514621432,0.975393125025335,1.3268037935477726
