script/wind150m.json
{"header": {"parameterCategory": 2, "parameterNumber": 2, "lo1": 3.000054539987559, "la1": 64.9999836372058, "dx": 0.5, "dy": 0.25, "nx": 34, "ny": 52, "refTime": "2026-05-03T14:00:00.000Z"}, "data":
[rows 0 to 24 of 52, columns 0 to 33 of 34]
6.675366498123602,6.631759846267183,6.977998337070441,6.7847586690019694,5.324660577549073,6.6537104701538565,10.738728919786022,12.876966174264709,9.45151927102237,9.720857944335734,9.182930975562728,8.49510620670438,7.488956889105173,7.4154744455938975,7.098789779322581,6.8878321379622385,5.912189639922533,6.283832080923559,3.7728400356916083,3.448392224637188,2.399889817127814,2.6649278158589484,3.153031276515118,5.719362399306503,4.184576107938108,4.402878873767198,3.974265207828637,5.180473127328206,4.837430279499281,3.976809227061858,4.269769909250714,4.367788455224247,4.207302838264903,3.465917892446617
7.466061627761129,6.796081763721736,5.932268099137006,6.3696153863547815,7.881817548580583,11.938217948831541,12.677751516513453,9.252565374702243,9.282208754884897,9.364763256011289,9.173372155920141,7.81107967402009,7.884554026703848,7.644812617579579,7.34899379885282,6.887392639218425,7.402044720444655,6.759700711853943,3.75539837847713,4.6809736108196995,2.9815860225064608,3.555482834833194,2.8889194847523845,5.225101917513598,3.831274680577494,4.562713152332829,4.2135720274933846,4.055729317735919,4.873073488096111,5.242397591473114,4.434600527526858,3.773758094989091,3.6941193882420547,4.627779191062011
9.215238130485519,9.629300532148921,10.065894203498077,7.801264513529265,11.073194853491511,12.428253069331957,10.939952522642798,9.01661433560519,9.199266497590099,8.910835725993024,8.387579703969086,8.109468659185369,7.9533392968014445,7.474560196626272,7.260035427223759,6.511775229712682,7.138079401392359,3.4691794487322283,4.041845382822673,2.8225074892361963,4.154758913118925,3.6988808571922656,2.9620511081008574,4.068053920826169,4.093580224010762,3.8671428598012,3.4166740089456225,4.019447863637438,4.424215460025704,4.938362936524037,5.026644415414678,4.5964777298286545,3.832357142531373,3.657473010308174
8.737352629590344,10.540897143282704,12.586390851827078,12.500603246869375,13.035527399308835,10.102841790669027,10.525624413386641,9.520673308681221,9.151934422224834,8.875895309359144,8.378237217034636,8.23916657802005,7.793721097503643,7.4916735454398635,6.579261781326266,6.335754316163553,4.315833173889811,2.7541244343292752,3.6876018598820903,3.787807598827021,4.8733476337916,2.8016675548166874,4.293526478512019,4.446214879123576,3.983510420120871,3.5072244333502933,3.919290903183249,4.262528371259424,4.383691825885118,4.728113704870661,4.763400512997417,4.55541201225121,4.097339104299341,4.062566908965756
11.819249038361882,13.056192829446777,13.68534876538878,14.21976365700487,10.959345768833446,10.677352538871306,10.081590177081518,9.467292798457432,9.16599182851131,8.710836972586664,8.477150621010763,8.057527270434779,7.845121335874444,7.933501892311204,5.586699014182916,5.081375115915725,3.184351723922226,3.0195678348831474,4.792296667295258,4.027986026202395,3.5538706166488057,4.129678471734345,3.6873841243674557,4.055780800548334,3.133947936774109,3.332814394334717,3.8147790697369337,3.4908205202241067,4.5202151341756,3.954101617617478,4.7584115835191865,3.962385562769876,4.3731495486577066,3.8367253060838173
13.197070964525615,12.949556140797313,13.094409945348952,11.297019541366655,10.920341257123242,10.780664417920374,9.818290908863341,9.586965934437686,9.015875082728765,8.769180555698942,8.180801755849767,8.004642347695059,8.043049477409859,7.993959863284111,4.454969805755594,5.042694463486402,4.387637766735622,3.5695777304164813,3.3717612572386755,3.0263104438218797,2.331149426030222,3.9216477506523515,3.2109301810072797,2.7052812270056084,2.4680333141601203,3.6607323520932336,3.542750486068353,3.779856377730557,3.5639652751689055,4.578470503787661,4.260062091182031,3.4489013621704223,3.589914023253837,3.7715682483993858
13.620280425219796,12.662022511914195,11.435052074391724,10.79771593225822,10.54810336256263,10.277737545385461,9.796516905386058,9.206184470073204,8.907851922429202,8.649222493155023,8.012974223799018,7.346906574215935,8.80477740483929,5.718072700445016,3.5738110858420193,2.246159375766166,3.4156758456975105,3.3358051936324467,4.494731984602435,2.8196806889694335,2.712961127062713,3.439297537996877,2.947311876869503,2.4018354271490723,3.3251071525084797,3.5701747811830997,3.629851076204809,2.8934703872236276,3.1979460275819696,3.600470824937649,3.8937631682216285,4.354073873211954,4.763709303012224,2.4352144131609093
12.627678329309065,11.752472367331826,10.71507993838988,10.540384897943095,10.210878886732477,9.525748865783475,9.465895190383254,8.845264839844944,8.879255977505291,8.815391469337625,8.669081245609522,5.328684357320217,3.7875454977144574,5.912336265523717,3.941436943419895,3.6434120099639107,3.099707374860486,3.215695606510421,3.6311220561876563,1.6418092125934711,4.585671389795838,3.4203099865371787,-2.5852104967070773,1.0549543650419715,3.391688968706115,3.1528379088012195,4.0300122502811035,4.02237849040429,3.0786002634745278,2.689809218056694,4.268721818397521,3.423646969931939,2.752381574964408,7.163711612880228
11.696276379469415,10.8658492263394,10.135217745143764,9.831291516748946,9.13996819242079,9.14858378589167,8.916366110177025,8.873294570018317,8.974124238196177,7.2540116495085085,5.803147068984145,3.8167951029327143,6.1564871146300355,4.63287064341473,3.4341679783582157,3.1750058572684683,4.128200639835927,5.971560375417972,1.9126529373826995,1.835349014662418,3.9102046707719356,2.9152966886046836,2.119070789198013,-0.1294957115597212,3.5287590905433373,2.544260594654738,2.473244892698899,3.271036899644087,2.776259410836058,3.6228290159682843,3.415946771831802,3.0841296483992955,3.6400642861048076,5.183119197457517
10.761060131444708,9.7267821883752,9.543705521507055,8.994220306186664,8.438895995461234,8.435253807320587,8.778505065959575,8.678306529585452,7.448814863619157,5.111576592550981,7.148564234058368,5.444672786797541,4.457784004180974,5.381899006960418,-0.21597037145701467,3.6153361889769653,4.840940138057306,4.916017792625864,3.02244593806574,3.064307319849051,3.4580264890186,3.373150384463258,2.9046838283866125,2.7808709573862034,1.6355511725425844,1.610064767895664,2.106972947338875,2.638860608238406,2.8337598169921274,3.0862863027836065,-1.498648659954762,2.490425982934075,3.4734577486489875,4.146999020089752
9.700515374414865,9.265062524825526,8.59169082242498,8.03469142631131,7.877547687359859,7.520979675579412,9.20535667820576,7.65875288806174,6.879813962407604,2.036350185539608,4.761500303001008,1.64437702492677,5.806784309589995,6.6636524903428995,6.373052368015887,7.402682717264344,4.41705228966818,2.6335814305362173,2.1365749530304132,2.7067175020808776,3.9574602171584967,3.7415093194870197,3.9562909410457388,1.6434139600280022,1.9360571016640522,2.0227710136756496,1.8268491423784996,3.1328887065939677,2.1921209642168185,-1.2560819245623582,-1.042701836865498,-1.384946316244958,2.699934403215049,3.1411769113518275
9.333273001046356,8.786581432467791,8.07515900610014,7.348417016782173,6.4120209309014164,5.647568442975002,5.8642613012926885,2.073861874606527,1.1091520316516574,5.40788129123075,5.37958404784363,7.57250071809274,9.276353243001575,7.170627559362698,6.4033560082473855,4.293617582096163,5.411827021930413,5.1738633874283355,3.4840039333602273,3.712796154817496,3.1648918537605755,3.8417647727025144,1.603647793233457,2.985463999600844,2.3905040562495574,2.055395385524674,2.803284908767933,2.1523677577286677,0.40939980742797766,-1.508068660943561,-0.7993924772509398,-1.0168428674568029,0.602948743406945,0.7054207198535138
9.123884026283903,8.280382439610534,7.404955205559265,6.201597888982016,5.803401448129673,5.473836450841037,5.19434614787637,5.350097410819853,4.754695447374575,7.802298569271805,7.5377883880298295,5.881587419607848,5.4298749526951555,6.7615351323060855,3.196668022548044,5.622274663412055,4.755123162321362,2.6653974206502835,3.6143453755518715,2.774093938722365,3.7252336290806483,2.274436369543005,4.600106766365446,2.20488984153534,1.7811865491646965,2.56555382840522,0.007432060597739424,2.6894874149413033,-5.87357142942596,-3.259809876000365,-1.5224257202541402,-2.1278539601922737,-1.016333816702396,0.053685230425258586
8.592248382306835,7.679266835742127,6.882789133860358,5.340378828980005,5.026810236578134,4.5258116049722465,6.793822774452501,4.855849462996903,7.201047246259366,8.1812080637663,7.5285209403976,8.121897623795412,4.844456589198355,4.355059461699401,7.468735054609565,4.892582788868744,4.030748922063654,4.210861265159609,3.654527052858183,3.3955248736694177,2.4664720062345866,4.248826459539278,3.904029390621971,2.928959128539616,0.5866030909600253,1.7596948213015555,0.30442136654791485,1.8514423080093554,-3.068527723728646,-3.25851130585746,-3.6525995771872655,-3.052038897097629,-2.080294680292054,-0.060174134268747605
8.134157805689306,7.249214132953614,6.225714028607412,4.7739381678562705,4.443257363546967,5.243307080545462,4.651529449162025,5.143738691680426,3.4975138702142234,5.055767931215317,4.410095147758243,8.080811516930966,7.1717527669190515,5.7192849662652705,4.224587208779273,4.238173552798381,2.236292174801857,3.012386070774202,3.1887031689762173,3.0175837089844877,1.674657086978283,1.8228946440808198,3.011683544614463,2.8817701117010097,-0.6466013484737423,1.112678851715124,0.8672133098403026,0.665401661961086,-3.96346957901204,-5.039425508606389,-3.966458805939818,-3.1080398014075903,-2.491391779683944,-0.9826047677337665
7.543743136452663,6.70208265244146,5.7078112262658935,4.183697419443896,4.048089017339698,4.620954802838401,3.7288120047762874,4.0380034907109,5.110879573659619,5.506822471586487,7.500445025559853,7.660204486480731,5.358320455073646,5.478575496392323,-0.023495244630793312,2.8199981252625377,1.9729510007280706,1.3614238617927483,3.338428195501492,2.2534917517509596,3.1673910500910107,1.885197004846608,1.17961494262721,0.9980925448976607,0.5919436472418386,-0.8023124241696252,2.1685168553548313,-0.7525795259003613,-4.215587357868176,-5.198755701809899,-3.9485037423426865,-3.1531083198794767,-2.275589435568546,-1.3267578734767842
6.944707400599155,6.250157315936237,5.29107603753133,3.9316866139050513,3.7942345982467565,3.1379485707470276,4.590097652817784,3.6077046275270592,-1.397299160319215,5.6592286858566645,6.924212359529111,8.203152290081622,5.238682306387336,1.6382209389027458,-0.7560744816961571,-6.307103963746776,1.3730112839893358,2.3953730322672033,3.3473272686283466,2.2995912602380266,1.1869622810355982,1.3481770971391847,0.935170035513291,-2.9825893346045866,1.1015202054010034,1.9720605032510852,1.0947737773551185,0.16376400810035213,-4.7984031613456555,-4.519543391950163,-3.054825856735811,-2.3524766371586,-2.138970288422205,-1.286033977140688
6.660303481680737,5.874820185419114,4.852858257881978,3.650467746772768,4.175243826277269,5.816689415685571,4.492560252672396,4.495383787329982,6.951158857873541,7.99067967374238,5.792858645436013,7.242639264031315,3.506589737226242,4.163303203536822,0.6782992054553673,2.709427432059611,-4.100424390159422,1.3519268044541957,1.2456066937149015,2.6373600861343967,0.990560093187843,0.05525444248286752,-0.2679612364321743,0.24682566899794567,0.23465805212665433,-0.5391728033409363,1.0173849860122692,-1.0026626125547549,-3.7771475370423415,-4.200291262386762,-3.083715463491801,-2.656423749909434,-2.2952239438667137,-1.603221290934832
6.055595628951791,5.4310608107153975,4.577577411779651,3.4327527411793914,3.830187754584686,3.8016555843679223,5.317060055576363,4.725876603415835,6.445773357547066,7.570748695142385,5.926030716737946,5.349159753769067,4.4722312776825826,1.510987303060449,-2.534898437482276,0.5861622373046599,-0.9616758591215256,0.16993321060702116,0.033272154102027246,0.015913598300813663,-0.03693669520119106,0.611979816488416,-1.21314655634957,-0.39252988768577646,0.9190990955083308,-1.1144688425271798,0.1699470353847101,-0.6376065322663151,-2.3099075707891927,-2.8557318080636374,-2.18669450748952,-1.8533881534680174,-2.128919177698415,-1.7105757704638904
5.424922706683347,4.8942985449200815,4.421725262502567,3.484197347843925,4.393454557954351,5.49602595087231,0.26577268278694766,6.731896413136322,4.556342955292997,4.6442010445822195,4.9650917884492145,6.370812775078647,3.331528114259704,2.2808504807537613,-1.2283668329468378,0.5925498682259093,-0.9001458611134899,0.030395722951959643,-1.168927850480183,-2.3913977586250605,-0.30429984720507086,-1.561696140697032,-2.6336592212694176,-1.9721203526576039,-1.450210888379895,0.1235574184208107,-0.09896876236748528,-0.3467751633846946,-2.3763364281859727,-2.726045867683554,-1.7978920492862454,-1.7644144943060476,-2.1879110939436046,-1.9115928002707767
4.7020279417843405,4.564153177819672,3.786719855437081,3.558583643694636,4.925145338346466,3.7540609453484857,2.6009874308066303,4.859350198291647,4.8370280492034325,3.2644704055129488,4.443338163978968,5.38671042253995,2.325829704597992,0.06287158610243627,-0.9726307006963465,-1.4173611411863825,-1.7446196623475145,-2.4495039605877187,-2.748563336470063,-1.9063247852621854,-2.3630862017732914,-2.1533089115068633,-3.236569463415857,-3.090093173568206,-2.8656154947956027,-2.4877418585052125,-1.628094081954686,-2.487970364460141,-2.0617234137271425,-2.8354989134511177,-2.4173906409155794,-1.6984632850897974,-1.2063796287369064,-1.1986329309349602
4.2360613092253265,4.017614638747849,3.424706441859635,3.573086169137178,3.8762318421412667,7.171343180037202,5.401564412048472,2.055983506676844,4.243103651831281,4.444580641256789,3.473597572696386,1.3198146005429718,-0.42000580997560333,-2.681187404964267,-4.490222847148202,-0.9508584092172804,-2.810853365284683,-3.237283426396187,-2.930535099113621,-1.9348237035469464,-3.4221295459004453,-2.534717862766806,-4.3500338404536105,-3.27016937621429,-2.7137233450215477,-2.3627049749544398,-2.934919485001468,-2.107902396776273,-3.6229252240769823,-3.32777057386985,-2.694033692248021,-2.941354120882095,-0.5563871414004817,-2.576782337701957
3.8726551207761934,3.6545245576370275,3.10321174992348,3.1455759619001293,3.885671127353864,4.5709131520297,3.32219368631962,3.8527980364245566,4.935864936118141,3.428354250568232,0.26096695038298856,0.223037463708376,0.23707873704435026,-0.04632813003867156,-2.3915555933703314,-2.7578538645822563,-2.8655860992432327,-3.406867225139384,-2.861411580167867,-2.9749509058075643,-3.4707607844192725,-3.612291370641601,-4.123434754943299,-3.8971505970176037,-4.378229391614986,-4.1468082443959755,-3.8332904809410446,-3.1547789022381054,-2.750097079493135,-1.6641026085489665,-3.3055775235061224,-2.700785988609152,-1.7191082230972696,-2.3851962159811966
3.6050846976969226,3.1687639393091476,2.7285660085358088,3.0753587717964255,3.6583461981987564,6.636079625073538,3.542456195369091,2.784888590515912,2.55827400629811,0.36617958619550073,0.09321899356239984,-0.28020483661744205,0.287674850459885,-2.3917638366342318,-3.229680181531267,-2.405085722689661,-2.9021849172989564,-3.982434866018258,-2.9635818747347122,-3.1383574962223264,-2.99164365782429,-4.5217105284724965,-4.199640774553949,-4.5176832857008264,-4.020840665218548,-4.532091068617202,-4.058673834774715,-3.182523738741182,-1.7857079694825664,-3.230138934491418,-3.306227706692713,-3.262682019747961,-5.118138925463818,-5.228551965328591
3.170698413047871,2.8334927941343255,2.5610396174935253,2.9798013567089736,3.7498217922749393,5.574743362463938,4.256447806045172,2.032528975736814,2.533547745268261,2.858255949210549,2.5357630990367217,-0.4489736929290021,-2.0212605353498976,-3.5628757493477097,-6.086805276831614,-5.815648617204944,-4.111159980482031,-4.286418279939382,-3.1452011058509193,-2.8430744612005747,-4.589223628371876,-5.812225863799498,-5.935724628733694,-5.339810280214319,-3.437298293510452,-2.940190920491046,-3.1796669155334043,-3.6589296726059577,-3.2106236530304937,-2.7125770824084827,-3.5283383101074466,-5.447085379407879,-6.573400703862424,-7.136013968696486
