script/wind10m.json
{"header": {"parameterCategory": 2, "parameterNumber": 3, "lo1": 6.000198445256149, "la1": 58.999992894266676, "dx": 0.5, "dy": 0.25, "nx": 22, "ny": 24, "refTime": "2024-03-28T09:00:00.000Z"}, "data":
[rows 0 to 23 of 24, columns 0 to 21 of 22]
0.3914261960594891,2.792270679173787,-1.767523981670864,-4.062166644215163,-4.107674701313615,-5.02360500347935,-4.571957859480059,-4.79476439316273,-7.874865800051469,-9.417156889328488,-5.61574141874312,-2.275865860720415,-1.9409494555556532,-2.5002211498473725,-4.498847676690478,-4.016060367094593,-1.324624395258418,-1.648425118113636,-1.7517997808940255,-0.7810683159278642,0.1653068508736439,0.9059724120879016
0.0801771695395144,-2.4779089461129926,-3.258002572543549,-3.476311894877685,-4.1967225042114515,-3.312210015445537,-3.95103598620611,-8.632360812537453,-10.748845553143866,-9.326959599244997,-5.309797800370624,-2.257323436895105,-2.525272883768984,-5.172343282734406,-6.262334074387651,-3.246795032398264,-0.5981062873448091,-1.3578554679754369,-0.5189438280315011,-0.7172241352297243,0.4531087310705132,0.5657529023683756
-1.4334064641911595,-2.1872360369820285,-2.2798702323358584,-3.8286056168783924,-3.741450872306276,-3.0402298651317543,-7.176344596190705,-10.39567597789182,-9.750704763558952,-7.562132548659974,-4.686800104915101,-1.8424273831328786,-1.9049123875704403,-7.279058809096005,-2.514738723718745,-1.1666398573907744,0.09594991578369892,-2.9079165877796656,-0.6022920723212977,-0.9225479349485854,-0.09750031518212768,0.9666876345003717
-1.7083555547916978,-4.063428306820836,-2.4082553006755543,-3.068883549722229,-3.4287877103892486,-6.37582969682847,-10.438814861218342,-9.626855058758867,-8.874775827866355,-5.902654117063504,-3.4090975008636133,-2.3052158145627315,-2.6922557830936804,-2.7247309023162916,-2.6501646653613102,0.7848798589208902,-0.9713547835374846,-3.1705414659413127,0.10327775849108022,0.30355954762859416,0.7947650845719801,1.915515075600173
-2.418446878870207,-1.7003550763357012,-2.571631455630851,-4.075838937881707,-7.973125660546862,-10.994362397020064,-9.878751822389242,-8.793760175489064,-6.617227607843003,-5.224156244997625,-3.73237450238717,-4.154028801291701,-2.415102189717866,-2.7337802740963704,-0.8672750274104688,0.17793342936382428,-0.5686292438264736,0.8437698836282469,0.12053270370243133,-0.014731570921371008,0.6832048869865858,1.9085765268996988
-1.063380841304324,-1.3093807160249409,-2.6566360893968977,-8.1663592483576,-10.342362212939783,-10.050855854126434,-9.382271412549873,-7.674948157287652,-6.289506643544483,-3.01454344598796,-3.1506299655166803,-3.451575318166314,-1.9831137847834832,-0.23969054385666624,-0.15125934663037557,0.15238452336514682,-1.1640500268866028,0.2502665914571455,0.06746875003111114,0.6056633878637079,0.5878572674329668,2.1273299956070626
-2.0196471621169696,-4.421083601432855,-7.0226122338723025,-8.263558632222919,-9.059514387897044,-8.908996367402297,-7.247741526141556,-6.620768103411468,-1.6929562128052735,-3.0349246327208084,-3.399543090429054,-3.2943567236994196,-1.1363948038042448,-0.7093196964710035,-0.47782017711719693,-0.5081841948328334,-0.7962959975698695,-0.37148607460425126,-0.16952571705532174,-0.0007813167599232083,0.4381873705569497,1.3850669086812504
-3.921307125631164,-5.388091966211214,-7.609735767943207,-8.038612374373466,-8.062572177131255,-6.726116417544249,-6.63064246848523,-1.833807648460279,-1.188268609485662,-2.8428404501593043,-1.82991849898376,-1.9912953235888053,-0.5034325972955298,-0.20345321636305613,-0.1747768489197975,-0.3642768014391193,-0.36594879462332086,-0.23867833036436797,-0.7419139055282438,-0.15610902771046106,0.08161037186983482,0.771027130615108
-3.97073086028112,-5.814190789136706,-6.609468105263598,-7.696919511749665,-7.182708286120526,-2.2906306166332646,-2.4289158433033684,-1.9476680927111045,-0.5450833068690835,-1.7865315293170296,-1.8291771856493804,-1.6302547586172451,0.5902230260292061,-1.2407286206396717,-0.3955048742042571,-0.20258337615012445,-0.15964918764546904,-0.40232028832544386,-0.001659381985655562,0.01418976768692888,0.35346252042746384,0.8595685181368574
-3.7196137311827218,-5.566140885447416,-6.413630118655337,-5.821027208467808,-5.399179798522059,-3.5215260465309624,-1.4044585204563338,-1.4226803600353326,-1.6908471784433479,-1.3925583992135602,-0.47665233509988614,0.40407036345399294,0.2671642263876887,0.7510821112532853,-0.06215272754951494,-0.30389168587332377,-0.19877360723669102,0.1510869972828204,0.5571202791399691,-0.03427246543548759,0.29984150969949686,3.1221382604326924
-5.355634125069136,-5.925736798122799,-5.314779733961003,-5.94251648422818,-4.257060810846897,-2.9752891914311754,-2.1252282399368814,-1.7636118382400763,-1.7919971482675434,0.03142395787739149,-1.0981328722622485,-0.33795001223530174,-0.4439716221199762,-0.38650738054168327,0.9496945326055026,0.20827512832811654,0.15420020979204702,-0.10974794637782806,-0.05541754230131808,0.1260434268192527,0.5907408641828552,3.9219300154911814
-3.7468251894512354,-4.731112846534583,-6.204717331737416,-5.456507064494225,-3.4767950687942375,-2.3572968019198624,-2.5958682560142274,-2.3821545166283373,-1.463325456496547,-0.8160872009144212,-0.8991208263361212,0.8415613740937433,2.0399699376874127,0.38759112787536804,0.23893748233976914,0.9766966128535054,0.2452893709541216,0.14822987512532898,-0.44961221175916277,0.21721860954826863,1.3034205572542503,3.766342163814525
-2.6504351425413364,-3.9067274590802086,-4.455254541915236,-6.027626488145154,-4.959691473580802,-2.149520614739019,-2.2463268649185526,-2.186907804205411,-2.009045795738482,-3.667728566158779,0.7092648718109451,2.0933923059066224,1.3619939913469399,0.3517633247515435,0.8404262426310776,0.2018542524682593,0.4915382217688351,-1.9952756313251365,-1.1909580892619132,0.8240210983166198,2.8302149305830135,4.720003817133779
-1.6234460063066032,-3.3253300049057017,-3.960915351182079,-5.014438209263322,-5.4578152709933825,-2.8424903949486877,-1.6868090895854162,-2.4795155220346867,-3.793592610513808,-2.048461912074829,0.391021169807108,1.5975443542087808,0.9755309740041354,0.4942875383353696,1.3221318076027182,1.7378452189530962,-0.5308085965663389,2.741015497632826,2.9571311977555275,3.5692404557986044,4.322572312049641,5.445078764027275
-0.5271488763877262,-2.1162222743448655,-3.5646770118669213,-4.1654685070307265,-6.045753236131339,-2.2567004183189967,-1.0724718004811473,-1.595928345013816,-1.2973582820883451,-0.0881057135190397,0.9406665230701888,0.7042249141876528,1.2097370131146474,1.3395633398011242,3.2292350252353224,2.962668007408048,1.1470172138208887,3.1147951165482115,4.748280139378826,5.010584164994896,5.60575245528232,5.630063438930627
0.2849500200381091,-0.680593107749213,-2.4196912747508468,-4.021595646627231,-5.48687111408456,-4.822253692653293,-1.3163065290467235,-2.4285969964042016,-0.7905443335013276,0.4353227318376489,2.023112695873431,1.0750756452285046,1.8081494575417671,1.352212155526375,1.9714552277301007,3.123783617422884,4.688027725325544,7.406162596000131,5.793054588870231,6.523742622102492,5.697893653132471,4.721161851188784
0.8545471131501169,0.5521167802118138,-1.010893502190318,-2.599318347207068,-3.2764633994441064,-4.8789866935783355,-1.2183514493050402,-1.6475937908659002,0.042997503526541046,1.4919677559702955,1.6689401431580002,1.430788115534684,3.5595257605539157,3.6025948077757906,4.537578922726268,4.817504023856108,5.600558344607367,6.246593471740587,4.595047641263779,6.596801170862047,5.684821452746944,5.381861605671427
3.5921264319655783,0.8615955729054309,0.39105120549196,-1.2861880992656771,-3.100826589975561,-3.5113450701302877,-1.7025349608305962,-0.5570145368592172,-0.6538886719779928,1.1492799627848902,4.032645326973615,4.489779135410217,2.1174550435404025,4.028008944108577,4.255899289180625,5.838715260119178,6.11933946505348,6.024632169977243,6.29867566681992,5.766704954778387,5.507026342426027,5.285478847324219
3.59477212874163,3.4105821909171428,1.6927729514932932,0.9276290917511046,-0.31005018279463237,-2.9936048367297565,-1.9208742278971884,-1.450372066945428,-0.9913709840632289,0.828433393075847,4.156478938727283,6.7505916901700225,4.387449810597816,5.891887569244588,6.260742505460986,4.510605677198112,6.3968579851591265,4.931077894603646,4.552074353539204,5.229313477278252,5.491246122833915,5.961175684830944
3.3523768411332466,2.3098668682845367,1.2821861184321197,0.74399921159358,0.9384358821222172,-0.38933362473413013,0.04596474122248911,1.3306353166213571,1.5780039187970163,1.820866425391497,3.385846288059068,7.36204507477699,7.356569435632866,5.307608611746513,5.291141661363245,7.648237266721417,7.00681662310404,6.351478281030721,7.2006612169690545,7.190423017404212,6.783887070238009,5.246007115515333
3.4101314215790115,2.361879971704949,3.2930836420410525,3.044750358701789,1.9306660514691654,2.378721971662832,0.3022807046408958,1.0515903123282193,2.1000215856602,3.345010125084668,5.221784136011251,4.849049947546632,4.823313718632864,5.320476881395214,5.602420499648961,6.4247535190581795,8.112530773116552,8.719195303543492,5.646109139756813,6.094794123791187,5.6345130191174695,5.016752948299305
3.6579997587940087,3.8127256052753027,3.1408511064653677,2.104139617507741,2.3535015710339042,2.4183040991316402,1.943029366333814,1.9260569220447359,1.8361886917914243,1.8762504687548234,2.2300613241436924,4.047119765145826,4.294335428904638,4.3770841413642705,4.945126235696323,5.37525177345371,6.026937440165088,9.364126723637755,4.872075113168822,5.22849930902996,5.049116859975621,4.359833531915022
4.656059926144451,3.168223434797158,3.427101167546971,2.8567078015128033,2.8139382819180137,3.1704178671393475,1.7596041629314494,2.3951762943550894,1.7535052485965537,2.4850998473183794,3.529012087317744,3.738920734231941,3.9022431108689215,3.9677584509301416,4.828801782968403,5.337735267599928,5.4713676109566975,4.669034132711502,6.1652942371729385,4.587014601303099,3.823900805197632,2.9922874580717083
3.5721036656191893,3.8934648452435594,3.188376304067681,2.86364193671919,2.599973458109558,3.106495366954686,3.519506502925874,3.3972497130366794,2.591826876533472,2.726185401871317,1.7806383521064921,2.924589785454956,4.003741418280741,3.4702675204595317,3.959539153263997,3.916606945267518,5.047694160908646,4.884636192428175,5.227704668971618,4.458781738857051,3.622379160011385,4.057598362714539
