script/wind450m.json
{"header": {"parameterCategory": 2, "parameterNumber": 3, "lo1": 3.000054539987559, "la1": 64.9999836372058, "dx": 0.5, "dy": 0.25, "nx": 34, "ny": 52, "refTime": "2026-05-15T21:00:00.000Z"}, "data":
[rows 0 to 23 of 52, columns 0 to 33 of 34]
-7.456371409786225,-6.760801994977447,-6.344323857183858,-1.8658687543582415,-0.16901047455719406,1.8478734288777263,2.779753863534664,1.2924396297445309,1.2950332844945942,3.779450406952256,9.498491289233767,12.123174801804705,12.228800362353844,11.916023162524235,9.365902330304571,12.697587984786235,9.363443707479219,12.728666567852937,14.191486820043112,12.836548282098708,11.833618441580114,8.34291496029747,10.318094039628129,9.67282909297791,7.178873104460155,5.792456373483131,9.289373109489953,7.703959070137016,7.598318546911403,6.307242188857697,6.689085358456772,7.579099128806253,6.641634843368368,3.2513232387724615
-7.0801083497359265,-6.516413780310121,-5.977754653777749,-0.792580518793244,-0.31703708538410197,3.6022519345765174,2.32247183823838,0.45733243485386205,1.4443267361366656,3.3515221373765,5.928507566573455,10.467640954845468,12.55538151959856,13.99901120537951,12.533054151963755,12.144537963357022,10.965837529870234,11.308892726253626,14.216848790165264,11.461230866624769,12.180148143479892,12.454210011821917,9.559722215291746,8.493765618689697,5.225287319960098,4.354292713596156,8.013003255947899,8.773026085682423,7.3046105643195975,6.803581821764475,6.301704020260741,5.876124766413863,5.863729187235587,4.674596923730467
-6.367998399794905,-6.407662313344019,-4.037450618690275,-0.62450705348096,1.890404707171507,3.904009622161708,1.9667624924416087,-0.09309105695516759,1.2288360494236457,1.99509677930289,3.1943654223017512,9.397816787550829,12.26181692907714,14.713508942635531,13.108144579469274,12.737136220020329,11.921816186402085,13.275894593070856,10.152233367329893,12.950147509097752,9.335541966282205,11.232636041190837,10.036650547185497,9.396234800456412,8.075025588774702,7.552393725370818,8.267145006173795,6.507509170704352,7.33204491182927,5.525284714787748,6.186683860938593,5.523280605668149,5.160358426321687,3.5091129219180885
-7.190859197280965,-6.9260633417681605,-1.953519725691228,-0.14971977456671162,3.8280907668735793,2.9442221148095644,1.2037588875286507,0.35671944427585145,1.7177599087862507,2.473010604920595,4.39261399075959,6.88690854395159,11.156180920363168,14.218000196516863,13.772893841792685,13.076796934791801,11.802789742855536,12.463284577872118,13.143062616663839,13.132265278292506,12.487074713028978,10.744259632889026,10.354655846212124,8.722897628706209,6.585297956784887,6.276708160795395,6.221403654743686,5.892952454778441,5.102485565333579,4.33871965936907,3.838235612945213,4.1876541482378675,6.062440044546309,3.8610537427359777
-7.847807619401135,-5.306256996212058,-0.45459674376776515,2.806707459615906,2.684397166809912,2.936109512712369,0.235891584830418,0.9296281143667063,0.5440433175357619,1.0831401257156954,6.802245665940626,6.516342904857758,9.051651188130919,13.513451329367076,13.235282914118507,12.739298135977553,11.945068352328763,12.386135187347,13.104041362537359,10.883804689970864,12.086880551725654,10.091347226655273,7.943656548308994,9.312302074985853,7.315585480195522,6.184625492966182,6.75837083861686,6.3076696275219035,4.38056561852643,4.799406931814744,4.967356217513924,7.249346218613551,5.573627402620192,3.3257659302119564
-7.842772230107551,-2.5814942774349174,2.5237093061999194,2.6506920735125283,1.895460054416381,1.8022416466795028,-0.24688347972519764,0.4409420212873701,-0.41191058462477326,1.0901957956320756,7.639236034070637,8.632068401261373,6.236059946434899,12.25829191317866,11.618212472840561,13.602969709522348,9.138268960858266,13.007955136122765,14.245736643673148,11.536228440768667,8.808866027741674,9.111667072282199,9.807622248508293,9.527806511952226,7.472311280632844,6.808686387346348,6.122257870334893,5.244107981360744,5.1867010022930184,4.975099494878888,5.848450865234934,4.310059180929434,3.558494447571044,1.9489378804137005
-5.493171464504326,0.2255446829912638,2.2452976042124835,2.1647073554490945,0.3380829970047143,1.4143672540854446,0.7013107268523658,-0.2541231559618919,0.8116693861619394,2.4904879428412428,7.036673408269104,8.70881743749536,7.153427994304022,11.642492599465504,9.643585859197751,12.265295001691682,9.593676721548931,11.866724998055615,14.944977317574082,10.20027485308891,8.040443229044257,8.312277466633201,10.335067759744643,9.435767311057102,7.891791734030446,6.64776595820406,5.589075571121553,6.414774928648404,4.545144743075698,4.24954911210969,3.5618555475358127,3.929316099301517,4.281137151685464,3.949793067416382
-3.8606349036925995,0.9602343428397898,1.9304994547283838,0.4864206520353561,-0.14447799465524605,-0.360639065449128,-0.21766772531291614,0.39699729537462797,4.343761565204914,4.409829419951972,6.853393485325068,7.727901734864383,6.285570919138158,10.438798194546143,13.345468269441461,12.960782861453403,7.651934006574836,12.52186050050723,13.887434812745687,10.07460682898931,10.745758256307438,9.611008111857716,8.538600183130871,8.457715739777393,8.999375063844179,7.387145700683483,5.1307277465656815,4.788390507184193,3.8789610217947517,3.0189537235548207,6.603528099206993,2.381815103682957,3.6278580475601445,4.098851833551385
-3.7722115176447613,1.2290048469464954,1.2182051245650423,-0.08598564676274886,0.6464366418974363,-0.5078017769828634,-0.8041468737477853,0.4764749682125814,5.000454366810545,6.359183234256681,8.901683065224201,6.429728693074648,6.610938462028552,10.673302263616142,14.011421589026432,9.625261192688747,12.475056189730555,16.575863958462808,11.939605174592057,12.591234370094467,13.043106120015194,10.714846180029632,9.16578202480838,9.29650985829365,9.32052027693545,7.782475998196051,6.245377487419523,5.6574297226898285,6.120700516691014,4.655605531408216,4.4188049849188245,0.721034447100747,3.1495171712199497,3.1047878481662847
-2.707007363919184,0.024052389254237798,0.7040125793207777,1.816949955675029,0.26316934368846656,0.25116844667232113,0.11663886926691419,5.07935438187533,5.343851571136601,6.650354285262337,8.985669562866578,11.1933181087387,10.701173499442303,12.062057113840538,12.967688962723653,13.726948620864512,12.197593269415455,12.336612468908173,10.018696352226662,9.16912485434975,10.543354389877738,6.694886855256673,9.791213029957763,8.694503836422792,8.55700382766125,7.498454319717818,7.493711781668953,6.024356769846539,6.038456771388786,5.353614278623545,1.730640652313256,2.72268624794713,2.4680407283034014,3.2688704088436666
-2.0533167645290575,1.3479799524574136,1.105977285078172,0.6634528801451075,1.9597886241488658,2.171285699580032,2.0706422025588265,3.4709849532849684,8.240122235801621,9.661790010934377,9.650165111138804,13.610479420799965,12.446945013796816,11.877065631520038,10.918022861755066,11.327778779944145,7.795976684296244,9.571408426505343,10.181652137480652,8.651400019412602,8.54904320745294,2.6955285814703323,7.617016842160606,8.14085801366738,7.004460478419632,5.610582762819358,5.812414111556203,7.121259000411253,5.706109293074747,3.272518698050563,3.0560090734444474,2.9364852659820286,2.3316492631580337,1.9414808979601257
0.15814224528359339,0.7786510591423538,0.21033525550654478,0.7560807178807978,5.709945649839478,4.480581411983413,7.4250757366529285,7.975493766505422,7.340057234070956,10.875694992014814,8.32624227383426,8.40126672918054,9.680207329719174,6.2793828351512735,8.154002183972937,7.702837559858146,8.98633419741104,9.253906987038915,11.025333933024518,9.275822239326242,7.06432987407734,4.2209813528207025,7.813260466133945,8.038775388809771,7.355001652887607,7.819957985636097,7.3186554234960735,7.108040304777035,5.461713777175852,2.490876841604613,2.89573504491513,2.651699391730288,3.3335057705318176,2.183635607399658
-0.6446950795765422,-0.7752475183652032,0.9016718158546893,4.149662148628173,6.236927038821041,6.68334941682819,7.238694592514734,5.230488379009782,12.90101197725861,11.020792042659252,4.934152243258696,10.44084756644622,11.17444052324315,8.358029764862408,7.286892902760343,8.106204119102898,6.999912721521986,5.279834964906566,7.266598216775281,6.5670027042213075,5.413439961688328,4.8977926406812875,6.8670634904159575,7.54928870908051,8.517029369208805,7.102847472702866,7.407939712821174,6.7332953950214645,4.673446744317408,3.249786793599043,3.230934196643849,3.8450060267909567,2.9940853796142055,1.8717631676323585
-0.9887480439001622,-1.124707572235363,1.9380011732644713,4.576339275551167,7.930618770871852,8.793467239747464,7.528243472974823,4.718929512411702,14.929636401327892,11.388884123636917,9.210951113343276,8.146176247046808,6.965085985317891,4.426102682433031,5.692070248162477,5.382710830760457,4.339162587371336,4.467504297950118,8.829804355015852,4.689803433429451,3.2661162375196304,7.3006096104603575,7.596574619790506,7.242984533075591,6.854177161214775,7.230871168447134,6.783732234831477,7.719596157729643,6.465013386879786,6.229369739614117,4.25475728399444,4.964663627588858,3.1734943824209654,1.6847991319964002
-1.9936732272571822,-2.012899348565996,4.626053170212032,5.326362916748686,5.961978931399263,7.8569387760113685,4.578742271803781,11.613690208638612,5.3415707640161045,7.793908016846115,8.307569112094527,5.127147407978653,8.16858613502516,7.017865854892838,6.089895666127849,5.0906930606584355,1.7998666961670884,5.928189358885797,6.590342916314603,3.2672265959745537,2.645422366508312,7.3859437532541845,8.437169931429558,7.103368925692028,6.665962090601704,7.729622432504906,7.451946656141065,7.1885587761066745,6.466991242309852,5.119476051398592,4.708190218111922,5.253819043280213,3.495078446316084,1.7772013548403334
-1.4225867957626628,-2.1708239142302856,4.696635989578975,3.423122448849936,6.368832871235291,7.3632792813570465,7.129832327548534,1.157699192337853,3.4636153554530438,5.70879828073571,8.91473586390337,7.043488763905938,4.517591434003485,5.950901737804068,2.2740768132776576,2.6431270852526136,5.604196908986757,1.9992330223579156,6.538492284618067,4.807257515886686,5.236427822890591,8.43599556166782,7.335670710972944,7.097941403825451,5.332958306915974,6.27360068960305,6.993474254540943,6.811222823116363,5.853270161391276,3.938939448903397,4.097485594141346,4.92187114874975,3.1826665740072277,2.5235780872608102
-1.6264585113834331,-2.3632769005213285,2.995376851814995,4.495917721829303,6.4755414087315835,9.26899699885258,10.351448334601626,10.08699407134809,8.311553335960847,15.175661291397256,10.448662523320618,7.0013419593853765,5.403949757294402,2.607294016378973,0.25285936745094595,-0.6242034028027147,3.3327113403784883,0.5211332420359731,2.8129812333756767,2.9906408661741244,7.228086555785845,7.417704890615795,7.102928623554892,5.971544736945849,6.730236965015443,7.423755278494567,10.018725905924033,6.002988338515231,5.135030104461257,3.6433965864865465,3.7661974212694633,3.614637889289599,2.944254585788173,2.5531477271358116
-3.309109953087593,-1.2499189987240107,3.155346837032173,2.768458328997429,5.209401245835662,5.0887611101807355,8.624732219705153,6.146437593046105,11.787917509127142,10.361112221896661,6.205140119605066,5.5811498809234665,6.855192361535019,0.8784743955372497,-1.7174430024548195,0.5620359778884215,0.21351616477964203,-0.4496474802442701,6.038630815514609,6.723626430168548,5.9699277698743005,6.8276172972970635,9.096869180576508,7.360318859256301,8.226951122919683,7.904994047225784,7.673490391747985,5.719843605595282,3.778822395954044,1.5549688973640186,3.152742077775003,3.043547637241177,2.2201348308662414,3.868531435764456
-4.396186583624683,-2.1102391122629744,2.3729178708697596,2.154985830659754,5.011841337542605,4.547331798728954,4.993937586719155,3.3776743352058367,8.51623649747603,7.958347514713498,5.022157751850923,5.085260374810314,5.48828314538544,3.35379063225447,-3.2254793482047,3.3312029546201143,2.8670173800061867,1.31917032012686,3.7068433759823076,7.062500120675305,5.1546727062567115,6.661309029685837,7.777551864071352,6.412958955053638,7.605146657812077,8.421988015526093,6.148681883729108,2.50594370456353,1.6765016002273423,0.5826158918339841,3.0418425689457123,3.5541076432844454,4.281235419973979,6.33418640699577
-4.409718224763285,-3.019998643540302,1.2495052867471277,1.1206839411954432,3.2961013649421096,1.9855289082409575,-1.8436998057785887,9.814440029415639,10.404238987670386,8.4061032205499,8.460341627919641,7.395786343190768,4.53610978138541,2.2862693177561217,2.868592097451842,3.1807029452489224,2.2275784568961714,1.2284687847899836,4.079312185479187,6.943757179376813,5.290826277262744,5.729031544079841,7.695875216464681,8.071981109446606,6.713487357382066,5.679070593480553,3.6532302647472803,3.256299558486836,0.7076632278125846,1.8628896808583546,2.651851667265745,4.585678510453422,6.1533243935551205,5.924868181668734
-4.090450635787798,-0.33560445468791184,1.059091355893673,-0.06806640284736577,2.1926785449936057,3.1623597976258746,11.121814903208232,3.80445047361999,6.625678272430987,6.599686912090583,5.6403669273324795,4.667290967874834,2.5669529597938907,0.9312497064178217,-0.48965016461451666,0.1745150062250398,2.5513293856293395,3.3762244257500176,3.211645363932555,7.215801642741583,6.734774306133449,5.489136471007598,6.599086249273307,5.694027929262239,6.000825481106692,6.771767426619915,1.9440571552628798,2.3650951385493073,0.18644049644097893,1.0891606963270564,2.8200441437849384,5.22476719032775,5.674727537269593,5.070589186689125
-3.8717121747501952,0.2037310863036643,-1.65269583310905,0.400073078921242,1.4816257522629093,1.2952324616190414,4.934834887759731,5.061147534973397,3.3141798694328015,3.6367347459188704,3.4453025780540494,4.209405703239981,0.4524292935076037,1.5844704883789247,0.3083716363171936,-1.5377166776904494,2.2942898715017597,5.6478834627230015,4.055158313173777,5.91084480499772,6.900105045265776,7.565323187355012,5.417197420879886,4.923795727171559,5.015977882439398,6.978550327729938,2.6822071820127,1.2916691631259773,0.9837320463306773,1.7916832313442594,3.062804442867368,4.348993748373356,4.852805488488936,5.701117859436099
-6.165318611990254,-1.6563549923332033,-1.2315870605040522,-0.7248140487470593,2.1590332814598345,2.5608316128641486,4.996833754923402,2.5030401693314728,2.792666191988741,5.150675427514913,3.10557060634711,3.968263843640528,3.4278358997680125,2.4135938343730543,2.873154540150537,0.8374867028806352,2.4167657080153653,6.412354872262372,5.28326854422155,7.187237740270227,7.89796012117627,7.119339706803251,4.968091866699794,4.5895038046497305,5.0899971865353875,4.722059477807718,1.6474756123551881,-0.3184265064835709,1.1337303624959247,2.267588755489034,2.811342545082646,4.313616966808605,4.898983767462317,6.051989411210734
-3.3814973264151056,-2.7194617192275667,-2.312908624612686,-2.7224797571505057,1.4973968690024853,0.41151536171417424,2.0251751592250273,6.758051086952057,7.715345975022419,7.3653723631520345,-0.862954235417708,0.1200257760009175,2.940095500120469,3.883503372252266,5.533745802513731,0.5727704805154399,2.55452246373073,4.856222736106365,7.42109638353474,7.00926901115588,6.791665740521218,5.82389971443678,6.9320199335483705,5.452124383668316,3.121127052802557,4.965224651621492,3.069457883801618,0.6125315525810595,-2.1438371620570957,0.4532153261379674,3.56814027295838,5.324675557746215,6.921293748227036,5.744463284621981
