script/wind250m.json
{"header": {"parameterCategory": 2, "parameterNumber": 2, "lo1": 6.000198445256149, "la1": 58.999992894266676, "dx": 0.5, "dy": 0.25, "nx": 22, "ny": 24, "refTime": "2024-03-31T18:00:00.000Z"}, "data":
[rows 0 to 23 of 24, columns 0 to 21 of 22]
-2.83688301463108,-5.470941310285697,-0.5519075730257954,2.5759575884212884,-5.749520431753266,-9.972861148832992,-4.006720964590579,1.209741847017215,-2.46401206214853,-4.866739719536305,-3.654262747674976,-1.5712971310739077,-0.8676406094472036,-3.078166448207924,-0.4390345866800499,2.4160554884795014,0.43552435100296444,-1.2621829624507312,-1.5111479969889428,-3.812385992024101,-5.150716721735271,-5.166555546844219
-1.9016484010120756,-0.6069665609292076,0.8393388722853647,-2.8556585296479686,-9.152487029364455,-0.5327643683047758,0.2043074359028861,-0.5552933116391445,-3.822835976124953,-3.141851230605829,-1.9386703492533541,-9.374358898574243,2.489244243556459,-1.1383241857293378,-3.1374386494993938,-1.5820258583054687,-0.2189632627834118,-0.9164072797868221,0.34618916273370964,-2.3485533770422005,-6.427285996213125,0.5814238266238637
-8.281386097732712,0.056708684551013376,1.611220400893316,1.0775616609117105,-2.644335858406119,-3.5230252064105345,-3.33584900898711,-3.4767965275570596,-4.438648227576157,-3.796009175121942,-7.000368832427698,-3.2262974775982154,-0.7660952856099468,-0.15327950520610206,-2.83626874619062,-0.11327670577297322,-9.240997415481033,-1.193697160272359,-0.4822567927832053,-3.195392658115402,-4.328113639652667,-0.7210344509758494
-0.2569012051651813,1.8329336716555524,0.6519448319441408,1.1309876054946857,-7.472064665373001,1.2113653520770666,-1.0218607564039057,1.4406558196475665,-0.4420123935382092,-6.197102099188239,-1.628553118164317,-3.727192733576285,-1.4689194650020787,1.0168541939226394,1.326070686019525,-8.341696613119797,1.3203798447002841,-1.7407348140230534,-6.968915264984726,-2.8145442435701167,-1.5524071206713894,0.863203930363656
0.7976990868853131,-0.3672546097585485,0.3301900059347203,-2.066602155303298,-3.766565136165154,1.4279216803466563,-6.4503810322272574,0.7114627836134817,0.042755987488468324,-1.346702144164328,-0.3445181822671724,1.3226862501526246,1.131609211272031,-0.21120148736592526,-1.3404682319109307,-1.2763096214126042,-9.303492909578285,-1.0407942135842596,-9.5870395000127,-2.1376375065043574,-9.869151920297309,-2.6011699460773863
-0.7744696153032061,-0.12248136189299288,-1.742906749883085,-0.1606415738142382,-1.5114561519736651,-3.675074784460142,0.23505081502886757,-0.5997841930900129,1.1189041834235094,-3.7377706047651427,-2.85599760704514,-1.3137879903785465,0.9014998302972967,-2.442337320374934,-1.572011404203949,-5.439068472975623,-1.8612388813588323,0.1299151416187337,-2.1761399507493646,0.46047531147350124,-0.6924888200753313,-1.7994510298044248
-0.8053446131533258,1.713241680862352,-2.48916690812447,1.4709006148018973,-0.16492435373337275,0.7410826864244617,-5.49665183315843,-0.6575941048712505,-0.8181175917949616,-1.0812306528495552,0.474547799989003,0.7989507190064875,-3.9588229156009924,-1.1184731275300424,1.2509951900245448,4.171528943908995,-0.3848407829869887,-1.7436539773831674,-1.130598879611061,1.2740341859504731,2.228490695721276,0.44983837266761534
-1.3445421561481654,-3.7401478857167034,3.6041638230731396,-0.8486896771393381,2.547232311601714,-5.467272300058304,-1.9801738385593919,-0.6188881682409861,-1.2759101546753608,3.866133728210801,0.23106674617402817,0.6270043693773885,-2.6301644028208297,-0.6035775463407654,-6.611219954049846,-1.5326376306373999,-3.4406114184506786,1.4793215040299217,0.9605869111135344,1.6312594110460308,1.3600389833481028,-6.8246945829190615
-0.9929067808999168,-7.734255970591562,-2.642060871812023,-0.5761869473898907,-1.1248837200063122,-0.06129793814366389,-6.817228307702698,-1.2269811540043325,-6.342193881576451,-6.437349965472081,-0.592453385646859,-3.7783641535374817,-0.7993453665279298,-3.9489239946058006,2.844543968180971,-0.9075280116655303,2.6778744279314766,-3.373142497124629,-1.1617347122276487,-2.984052557673842,-3.3983190492104267,-5.194705142821051
-2.909523176027782,-3.0340167785960905,0.39213626276970426,-0.933234646836233,1.5732388445490597,-1.3976354888041815,-1.9826311797445446,-1.5400150789041902,-2.4611707093486688,-3.4637195409192096,0.9298513487180905,-4.866527812834184,-1.0702608004878,1.666786373749467,-3.84515874755555,0.16820356396996175,-5.7205319964444685,-1.9855799514609371,-2.4792299096286246,-4.236148734288079,4.409150897941757,-9.092856707478523
-1.0925003821161519,-2.1953700219966183,-1.3765919913350675,-1.7814028318247677,-4.854244091283547,-0.9980199701339287,-1.291674567365865,1.0095881798951938,5.770054101171214,-1.6246461618662915,-3.402669177924719,-0.8322958868244772,-1.323608957512308,4.691351233375675,-0.20347707857704078,-0.4704782898882692,-2.2629826989336754,-3.035574722578876,-1.0455897102348533,-2.133944505992733,-3.6160666947612876,-9.618615891729574
-1.09428100930429,-1.3365316248985202,1.412407301280724,-0.9064233470860549,0.33558776547281455,-3.722575381656667,-3.0749998914949646,-2.3557716588679085,-0.04020829808256945,-0.7509155067881025,-3.1419172928565247,-2.1057478785419086,-0.3658632708504684,-1.9102790824190683,0.048885867909210214,-2.861184383099737,-1.2073760883033493,-2.0412581338150315,-0.19227535504245605,-9.301085790775693,0.17218031043467866,1.390725921879578
-1.2463520776961603,-4.269427443878108,1.1661929251014373,-2.3000560316058847,-4.658756300277519,2.898945211468209,-0.6899181289921599,-0.8319005589277068,-5.0573640688178,-1.86247486096896,-3.0038836866193646,-4.940817458867913,0.3026087513826527,-4.021241204230541,-6.970076453255407,0.9575791290842007,-3.9491502859127148,1.7413562606139705,-4.241000951848453,-5.526884875620719,-4.807256165645713,0.8415228207286327
-5.41214408183778,0.6335337769988858,-1.2525760689907492,1.316213191016792,0.9551036031558536,1.17502273459197,-4.947013646451744,-0.14777501360078327,4.262220485469001,4.0271223363347515,-1.966245328931802,-1.7043833204453054,-0.1627731036754323,-3.910804163469477,-1.6770579478303844,0.33315354303997335,1.0283902014585042,-1.6134172267416809,-2.1771269885206244,-4.82107738928195,-4.232857956364655,-4.663894290532772
-3.522069679690525,-2.8004925262573415,-0.9679718103404426,-0.2716069428261405,-2.721333750057367,0.39209244454406744,0.7013672428922937,0.7221782798707637,-0.6819495345598443,-4.757632249083534,-2.649941243006737,1.6282257356501775,-6.692622554885772,-6.6503642597959916,-4.189679155421177,-4.588244282365843,0.8170830746498033,0.04173594838059676,-3.6514868513281127,-4.9508883328938,-2.1746711174439293,-1.9700637423759937
-3.7275132453378363,-4.084167253287797,-0.1573938779067945,-1.2261394501338991,-3.2639896492727125,-2.8839302196311296,0.6673997847169071,-0.05938768864895663,-1.8689769609136866,0.9352429635375019,-3.6595633467409017,-0.44989300627470136,0.7613061215947261,-10.307233376204477,1.2325137158600923,-2.548055439104741,-0.153354809748058,-3.6952934517643903,-3.734757758849891,1.7497325348411057,-5.6937715873004,-0.3539069315475534
-0.8971598801194706,-0.30145794138512916,-0.8881708862061012,-5.6471970799100975,-2.8941999475011233,-2.7126952458932463,-9.970236437062463,-3.214760164331583,-2.3626778322903257,-0.5341940924460702,-0.8565624455611841,3.408722458829619,0.9558852433092966,-1.3652577051570574,-3.080214015955993,-4.536298854939356,-3.0987950172656515,0.03401904325823241,1.3621545436519098,0.6651730438857439,-0.7093333761856487,1.6474411285263542
-1.9266247547052946,-0.6333299408702762,-1.5422880352189376,-1.6330507947706798,1.1438902327026679,-0.9280137126698844,-1.3935645904225946,-4.120374710782008,0.12158683420418165,-1.3931339903053843,1.1743860754397961,0.038551213419708436,-7.508202238832232,-3.504368741858969,0.022982140440167265,0.22973571450928024,-3.080086049373081,-1.300781667243777,-1.2355165522454787,-5.600745269836481,0.20075088472720146,0.9393081831782658
-2.5967453621867684,-4.269514308179583,1.1432769817364792,-0.5888567905857123,-8.845913727325165,-3.5050574200759854,-3.184884863492319,-1.196751326608927,-7.19157809359525,1.4764099426341304,-8.851905838066685,-0.6994909949991824,-0.9823452815765371,0.9581414130695136,-1.8395931983854559,0.7096187534765854,3.634600882603851,-3.354295542705029,2.4029939503824806,-4.536724309996586,-0.49948219854275666,3.251759973539316
-5.526143595308166,-6.616951491858739,-0.6067259612242241,-3.6245831217102604,-0.37864744026083086,-5.225103531136799,-3.1815697929261284,-4.696407948180243,-2.0518025658782797,-0.4060353746767114,-2.4897745720432307,-0.7281740264348388,-2.2581441737321435,-1.3998439304159571,-2.316297888291387,-1.142306390361247,0.008470368307513541,-3.2076190080254943,0.48264190368220483,-2.9465329772235918,-9.043009828801551,-2.249039132579012
-0.08011385973173114,0.8152691252761751,-1.1913690892209852,-0.8099108644821043,-3.2964054984047495,-5.400012309436241,-1.8166346130573923,1.901809803572796,-2.995282653786651,-5.025526442253139,0.616346688191792,-2.458972269394832,-5.353301956538175,-0.37150948780230136,-4.040664477309789,2.2777352758838667,-1.1954529936052103,-1.1165898970606842,-7.804735974881207,-0.14194972113399207,-4.742107778501131,-1.2850684739599154
-8.301079817550233,-3.7307868255287993,-2.651776098962342,-1.6072704997677758,-0.6376881297395538,0.7142969848041422,-1.8676993282635967,-2.7995282564233106,1.1999009119062982,1.3591527169710045,-0.23722995279992737,-4.09191236329218,-3.5885487349162166,-1.6155793928095334,-4.352611610908839,-2.210572529105915,-1.7491827527786363,0.2820926145904881,-0.798493782396935,-2.4142874572168416,-0.5566846423111907,-2.9085693549452585
-0.7494063767099545,-2.549762273492195,0.16293663700137764,-2.4261815119698804,-2.654804238992387,-6.826466485425713,1.528900741566941,-0.5269731005959357,-4.4038669243810915,-3.8598426503509384,-3.7287965229498656,-4.13829269146724,0.22503385419325073,-2.057734558227447,-6.123230478322839,-4.66422751948274,0.9335292884861076,1.7160899856118688,-9.923109103853061,-0.4628440599188933,2.9333139881536994,-0.5776271038089046
-9.086376406398347,-8.650817713770634,-3.458551055408113,0.485309331683911,-9.32283453178985,-7.742371778071687,0.09664728063092773,-10.034267927806951,-0.4859961902178935,-0.3987037396895514,-2.118401773760086,-2.0258368930649775,2.0275027629600375,-2.2148483765422813,0.5665600262861206,0.3401940362716023,0.7756025227000907,-0.9442509482902482,-3.64035765517287,-1.4199408637875142,-5.913386614555921,-2.0007051222309133
