script/wind50m.json
{"header": {"parameterCategory": 2, "parameterNumber": 2, "lo1": 6.000198445256149, "la1": 58.999992894266676, "dx": 0.5, "dy": 0.25, "nx": 22, "ny": 24, "refTime": "2024-04-08T12:00:00.000Z"}, "data":
[rows 0 to 23 of 24, columns 0 to 21 of 22]
-2.8943792096066585,-2.4301147289223546,-1.9330384973684516,0.6232459280549191,-0.08337987650872776,-2.6177490619951063,-4.135134339973336,-8.96792087472826,2.7254004612598695,2.001184317879644,-0.6274677890695004,3.0755751566032785,2.6287809493747725,2.808846385363862,3.708453358786032,4.702791809639205,4.691280246643424,3.5753263887718907,2.318976136110458,3.426185850509852,4.0995227363947055,3.0315482265887503
-2.856334835736055,-0.8207651154304527,-3.2033023052461407,-0.9982528795142988,-1.2523402575903537,-0.8004063877052883,-2.861683209985274,-0.009952958971778962,0.1450798160425551,1.2317513235276618,2.3754901240716073,1.7336889130351327,0.6560610396636704,0.5064706265813086,2.288717361671754,4.695888390165207,2.220921966107517,1.1414449074806523,3.534769582917667,4.3953224671320426,3.6335513821173446,5.752337665238104
-1.273403745748813,-1.505439704214169,-3.1147103643128573,-1.1110490481202278,-0.0762622798879048,-5.3744910677141755,-0.3460440466322177,-10.358325266695383,2.023099997386898,1.1963111501137025,2.585725508004342,1.3417702847775839,2.3072937671209095,6.349994763028191,1.3316786290867153,3.7625186728206823,2.4076842145284076,3.420344625038355,4.634978942248261,4.8264054230650135,5.533874883370373,3.250672146195142
-1.5714070319143016,-0.21291823262523485,-3.0192089560494244,-0.24496614154105353,-8.898755334540985,-9.292023730148477,-0.8165588666048584,0.007321167860430566,-0.8271489265150386,-0.3434774865905608,1.0009272945627434,2.4335601470410007,0.5778069648232663,4.307245069962551,2.51590876700166,4.0200970583866305,3.789589383909805,3.118584995073162,3.2698740708529628,3.6194777992522353,2.858289372615785,2.0796742836822246
-2.9297717229351607,-2.7123028837791208,-2.998303738231196,-0.21929376808117998,-9.600731032795347,-4.627114852410306,-2.3834705617254444,-0.8909779320109377,0.9974110442650218,1.5292901896929825,3.953215177774934,1.4054614450936818,4.2226808568014516,0.09000748436059175,2.996825262271931,3.517619359095942,2.7947128755015016,3.8533157031565755,4.461710415014543,2.797154936495284,3.1925001900787726,5.889662424405761
-2.3517259879971277,-1.1153599023692988,-2.9029594785463897,-8.079504874198253,-2.4425571890455493,-0.5304249816252496,-1.1654051926196776,-9.166148835299897,-1.8149597453550295,1.0632280029042387,1.5195993851290213,0.570184651967238,0.5373683710275495,2.5809681054123756,2.6590183669328225,2.365057546223753,1.763739882388765,1.7938213709251503,-0.04613540501849871,5.179096199431009,6.384653457967607,2.586009539204237
-2.7878851229357573,-2.4819951480094025,-2.7452695508807516,-7.1248641111833555,0.6803727894765652,-6.189853390869562,-1.7192155014373125,0.9656725114739126,1.3488748430854636,2.913535480817231,1.3392489927599311,1.2897659931525671,1.5448644532434235,3.3261952584979033,3.067711546324225,0.666433124308721,3.409083870187416,6.385152734606887,4.619054730686165,4.624673405806226,3.3401236697524173,2.320441719606109
-2.04869095154177,-1.493802213146368,-2.331205173076463,-3.0326788216180827,-1.443025636359623,-5.633613081203144,-2.9692562184272715,-0.7371629911433881,-0.9145052616024024,-3.166883549960284,2.669795924244076,2.833989289790179,1.5698090903687325,3.069625672437022,2.5479876915168935,3.3179492357902465,3.209989402293663,2.256109865505544,0.5518048459975515,3.1964015058956687,2.5876960647820577,2.093829915600069
-1.7066129670648167,-2.9839663409527692,-1.9787652267872053,-3.0211440571698405,-2.781214615496112,-3.7351525952118623,-1.3694762379563314,-0.6857525704150857,1.2902060325011426,-8.858710551074507,1.6313119105889493,2.828321842103541,5.798930808366277,2.5017137333141974,1.616407984302953,3.927535791175578,3.4167599883973216,1.8486089252278661,5.556779445233378,4.299344042872447,4.862436349871227,0.9030261812148151
-1.3109083558042003,-0.8150080455565524,-1.6790251499543685,-1.7984105919170053,-8.758076002516704,-0.8357885803464012,-3.3557969341256633,2.6584996003066217,-10.256399930154718,-0.40084843479900745,1.769585022236842,1.001255950840439,2.000377765308468,5.084502631972344,3.635508517082413,3.6609328584709004,3.960947765435918,3.4936279790511313,1.8598804451630957,4.756683219211053,2.2548935173857516,2.022688181889593
-2.7724529534928894,-1.16459856272877,-1.6933596463742553,-0.2755295234165554,-5.315656252784182,-9.509096576214231,-2.8232616155930654,-8.51039053929675,1.3685087041741102,-0.19661646050367712,1.632938541760685,-0.270914227501564,-0.015759005305369916,4.108586209088281,3.75901972977879,1.5516880773450494,0.4049983613866506,3.6812222283240494,3.822271135789981,3.454006069988346,5.357116262349319,5.489973880600589
-2.4224168059206073,-2.3373975771076325,-2.0733649680390758,0.21118774381861782,-0.9259531269642519,-3.7524400333142687,-0.23624943050960287,-1.4722643361619512,-9.805121244152497,1.5995054254492969,0.6993001636659113,2.106132227071054,1.9296887619537435,0.4353550734302513,3.4244900639761866,4.605278470746371,1.8665870117930612,3.6780020400300932,2.0545838231690072,4.613039093337112,2.894313644590432,3.458991983351258
-3.264341326920132,-1.9596043714322198,-1.9506663990154618,-1.1676627473941301,-1.5928652369067062,-3.0386638653401863,-4.210323816096723,0.8681328236171673,-1.6964526417170127,-1.2842655130601688,1.7083372512363715,0.7777003769729113,3.0774277679624795,2.3835010607135905,3.7111410870555868,4.537538271904266,3.9691612995453722,3.8470220541988365,7.906606990684954,4.481758069445179,2.9412695540583997,5.398483006994855
-2.9981345174026357,-2.3290813734318436,-0.20503593885200103,-0.17388101907134648,-0.053285626079491805,-2.2115676504147768,0.32992230495636,0.6609424218484158,-7.58340716075269,1.4207685703456083,1.6430809387466394,-0.9552976509959696,3.4089111721341223,4.4053096734495565,2.5593426441748743,3.3087466906850533,4.012406691807636,4.158118978574928,3.3026690394265756,3.5902594290623937,3.5056686744294856,3.383060928276964
-2.6446844791221125,-3.119761802226235,1.5018197285504464,-6.792809756191024,-8.85423709736605,-9.141382280067779,0.01688284367258197,-1.1225048304730185,0.2515207780771206,1.170681815177902,0.8701603140313193,2.870283882315918,2.749038065837557,2.9451430623686763,2.868881333035182,0.7910346046578822,2.8848961065836263,0.7045383133247981,3.7019907690114113,4.277008041679095,3.481706184448325,2.016376222506215
-1.3846310122826702,-3.578043199820328,1.2044468847150083,-4.132375813897111,-5.023548473478641,-3.4622920701554554,-3.1830529134532775,-0.35411968949085565,-5.4287454085341595,1.3551633584373004,-0.5472679388224605,1.8585204297453577,2.4996302933321015,2.2122851192513666,2.7453530042520997,4.688287521245935,3.1980886372435555,3.3346353748957807,3.0878247584123537,5.0043377033391545,4.922226717226075,4.783384429518899
-3.0985830864272006,-1.636361180123991,-0.6059386350707219,-3.745713587857423,-0.7902038844440464,-0.7063582491304233,0.6875604157263174,1.790864330317807,0.9739044194088077,1.099137159588048,-2.1004823420238488,1.1524178651885202,2.68221486371457,4.2602628253522905,1.283800000927426,2.3383935260265645,2.693078809165068,2.3354109585375187,2.4655642020248045,3.8412055779591285,3.160612246848306,2.2768069496361245
-3.019984727846373,-1.2380239814451888,-1.255889499091431,-2.1588865417479854,-1.2740632739362423,-9.245679845721085,-2.1496278997299587,-6.8373315650028506,0.8617421836416804,-2.1915051537359327,0.7112700268830937,-0.9694212053460016,2.904704370690622,5.318363048938777,1.1029672017690049,3.0295719585875065,1.854274239174941,2.509427555937142,3.7240095664658295,5.173943391334722,3.8589077724426715,3.930720927748175
-3.0291752727387276,-1.559126422481208,-0.7009659227284388,-0.5851565114515523,-2.2464035109117955,-2.267440206754114,-0.9387826014436331,-0.021126991810066827,1.222925626632837,1.5854889408265345,-2.0607589510167896,2.534038127438036,2.646984380937727,2.1474000191750573,1.8240628506962915,3.0918518769875196,2.8898821395530607,8.252021427934308,3.5107066850831354,6.363803686876717,6.340400064064277,2.1405985738671167
-1.0985437688128614,-2.2456208248878466,-1.7099746825243858,0.19998995315738224,-9.003360018227209,-2.6218449734164677,-2.9708843275512113,-1.0263925499334825,-0.49261179619464085,1.2132455490227054,2.107016032787572,0.010202181424328266,2.616376883411814,-0.6077512960268422,1.8830206350428733,0.31322207025428156,3.508453420115775,2.8647100838643658,3.749312636196735,3.388958871977634,3.6067535482232804,5.424896757703661
-3.3155185224476376,-1.7865447105989758,-2.0103737050817427,-0.7696712753202747,-4.5202462203439175,-1.0014073370194585,0.2834994652077552,0.6370660471418657,1.2239423596371568,1.173243468653538,2.5188596158680796,1.5185575751456377,2.8338904252868065,2.056815744713655,2.9460260980011572,3.4334140954796495,2.8906481963690487,3.3281266355203964,7.249200300473719,3.600955016690696,4.653994301360642,2.2093840933093434
-1.32961965696212,-2.042441136762335,-0.9593610268883574,-0.19861361592219204,-1.3513853497671122,-9.01699283091303,-3.2718952195349162,0.9410710209669253,-10.907469880780601,1.4349950093428245,1.1841717048835607,1.9580705963770846,2.6614380249040757,3.1253312301801683,2.8217317986745902,2.598699300431236,2.4695349632127956,3.734568084733384,3.8737357275478885,3.3955529915028078,2.982860151352959,5.702955433792796
-3.1172011517815776,-2.305413846486593,-2.514678823573023,-4.1528920007011925,-0.42821011717071095,-4.698369519539411,1.3470020812380041,-4.6105526256749165,0.3985887813428789,1.1265468810757746,2.5689927098305314,2.7054137102671705,2.889538093258277,3.162644974209547,2.637658995456712,2.741722920333948,3.3215015583357235,3.8960200958665174,3.567936818386868,4.014713177452027,2.540029567495301,7.502172451386754
-1.3760870774915936,-2.3736534958785325,-1.6080098421471665,-3.67770756837075,-8.489819079059197,-3.798381919433413,-9.665316411791776,0.2955899587810362,-7.230568241415185,0.8909705818352551,-7.830615600970034,-0.3827249642323175,2.2044122886608832,4.542766492763974,2.7695892645594773,3.3218865619053117,3.7221956458147343,2.9615873149774274,3.623775642408168,4.341462536647816,5.551678412849554,3.5131329508277247
