script/wind10m.json
{"header": {"parameterCategory": 2, "parameterNumber": 3, "lo1": 3.000054539987559, "la1": 64.9999836372058, "dx": 0.5, "dy": 0.25, "nx": 34, "ny": 52, "refTime": "2025-06-02T01:00:00.000Z"}, "data":
[rows 24 to 47 of 52, columns 0 to 33 of 34]
0.676174126841469,2.1546925823406258,2.18221927358656,0.9919933572390894,6.813270387158001,7.7437689693182925,1.4558397700706567,5.956918690654084,3.3571583012480324,1.154704980403578,2.6898197445999346,0.6287898866001076,1.3760825336222977,1.8742361718632157,2.094215152052531,5.281712667441103,4.553668381764158,1.6058768148356226,1.6526050085228838,1.5253591742041848,4.323868842416457,2.939635822444544,2.184950367374345,1.0361906214898895,1.121715378854418,1.1464458834587479,1.240586345969355,1.5348003279688789,1.9278887621758687,2.509886435602316,2.746143315975056,7.525228117582396,9.858073028135776,9.742487056564277
-0.11420856824205391,1.3660962544361765,1.1751674941792387,0.20702026817989885,5.340722568562844,5.123856177499599,1.9835911179917476,0.48822462275490064,2.73079818357082,1.6754954923742755,1.5943416417594698,0.8219856462880992,1.6738908653380775,7.24673765573402,6.4552379899062355,6.183060258728567,5.5265362702836445,1.8343351802708232,1.9379398116064417,1.922109190480649,5.0853206813524885,4.991370271723728,1.432578910407193,1.2723633766216904,0.9462866562760225,0.910837524600322,0.6919386315626489,1.1905256400735578,2.087175840072462,4.933984740648195,9.681831056492994,8.858853722901966,9.007355759703822,7.7713985830978425
-0.6392824689965844,0.4986985218074792,0.15741862750340851,-0.07393172670842243,4.427721919520453,3.06532653842772,1.712810300623115,1.6870882405691925,1.820108903226717,1.8204215573326603,0.9023166905801714,1.2609557681655656,5.8216150795754205,6.130826442163414,5.721751638919425,4.810400769553834,4.336921201121765,1.8927417249787681,1.551260851182977,4.706065066866791,2.716386669515867,2.4001809386505495,1.4536358414110986,1.3760580042433586,0.8875487415897914,0.21071579723871442,0.4541115913453227,0.9691633051597556,3.169100683610182,8.271713682808887,9.53159330284501,8.2091109327096,9.696992479945047,6.9983636596353564
-0.7228255342747565,-0.9957660252073403,-1.2585441473446155,1.959346390306063,2.330800464918557,2.668488738971032,2.0715282672400344,1.3822870636319033,1.1577083900457836,0.6659457140658479,1.4989285110716426,5.1604318998803445,5.745379085914853,5.277183006451418,4.92616393304284,3.8440439665987087,3.976209689820694,2.536800541432619,1.7090383961822746,1.8713385540601517,2.655200070106045,1.714570749564517,1.1642328295966828,1.7256727300999357,0.4044464019895787,0.31316472174427956,-0.17358273053338596,0.7597292271047866,4.007513084473527,7.754348876430825,8.100677312337117,7.396813628900198,7.678856994170615,8.225047978913755
-2.7615958566591132,-2.8821059168689125,-2.7408473327655036,0.06310982237069766,1.2596242665438984,3.1955246218108777,3.2978811312612835,3.2139869884684065,1.151412828838308,1.7060688843544307,4.139319049722999,5.206413953579542,4.961126710971588,6.688352105736091,5.6685282527461265,4.218832795555246,4.444896046435656,2.923399269457266,1.4430764588591058,1.560997597801653,1.481925838931699,1.304423175962348,0.4316250474547559,0.22214338828896835,0.08824762708773468,-0.5272295333307608,-0.00958619779125867,1.234566907129714,8.043332827614483,6.994870146245695,10.674698010029527,6.880389342185293,7.741010381555651,7.874876099979931
-4.477454786120379,-3.755646999729729,-3.5300348389012868,-0.2261672452274772,1.0837127089848337,2.751591180075503,3.905940092501683,3.3070542294153924,3.287973089963536,4.092351670969596,5.119445280255767,6.449064890143942,6.102421886351221,6.1397288517372175,6.282870505282762,4.640402813816695,4.270789664431616,3.4209083989061915,1.4154695789798826,1.3348655844403112,0.7492529591981484,0.7746613076715918,0.7336042604279129,-0.5335210842201814,-0.6849649469521158,0.34100984983214006,1.0593138827827786,1.5546113902671566,7.8212925309680035,3.992530907603874,7.986111761130462,3.253199053561247,6.104340508729344,7.530556669644754
-5.836452579354171,-5.722464472249593,-4.001963283145602,-0.9349787968464036,2.1440598346058546,3.2024857157993885,3.960800232924202,3.81263979548071,3.785354487048708,4.566136708128957,5.19912646234245,6.33996873544953,6.217456759760411,6.518061650634587,2.693491224421515,3.856812276255744,4.359242684014684,3.316044755668145,0.980915355769568,0.7471598915268887,0.39770625564087236,0.2177995988991487,-0.039348009306687845,-0.5525069752934684,-0.009394054786019583,0.8637526036154795,1.1313458168690989,1.1597722104409238,5.389825142220523,4.8580005710857455,5.086438623423589,2.264483242548621,7.0498178879201685,6.0049949746178495
-6.600965670746351,-6.230151796287317,-3.8477424570522576,-0.5605509129737091,1.7292859043689812,4.319136746191122,4.1184802284832225,4.2215018982012715,4.271390511256291,4.827758427271473,5.996647369518706,5.746600055850237,6.277344908875424,5.2724907729049795,3.0368444950410387,2.0572522093824595,1.5638846668635913,2.769586861439783,1.7044278558286632,0.6113476409109996,0.32919592759913135,-0.18508319473787377,-0.21778257209808177,-0.3936073229507586,0.038714647822498616,0.6317461518806083,0.9003503022140565,1.9961349694478285,1.309919569926299,5.649694048820331,5.681789265732884,1.1957578878465431,8.248852986868323,8.181461821947334
-7.82547302204287,-5.748389445339541,-1.9169291716750385,0.7887680995164283,3.0962907820933387,3.46330691450972,4.59906353468264,4.797776577409805,5.192510827964268,5.544582563823784,5.5748938478073855,2.293098251179795,5.936352061575369,3.5763342845960246,2.8634215742602533,3.7850538565270493,2.7299966896493895,2.3108362308608,1.0757233863319304,-0.040199488576482624,0.026520413993672415,0.045380016938769085,-0.5562600803863859,-0.3346998395140747,0.008446601014933927,0.7551237580420568,0.887884329564595,2.0386668447566123,3.0053079503190916,4.758615787552506,5.071505447141288,4.6046893327884435,7.924688685692427,7.736207579723539
-6.250759582238974,-2.229220144336842,1.5897598009750487,2.7754669052605703,3.6639413980466364,4.265821773981892,4.746931867215773,4.9424215431304015,4.975966984113986,4.914032246296908,6.032643181167488,4.320861430222091,3.2065211221782004,2.4422980820346605,2.2329880039359566,4.029987018204911,2.784715888913414,2.0344836262427823,0.9579582420241736,-0.1667709910475559,-0.38165472978844595,0.335157821479888,-0.028129371436052715,-0.5051141144710131,0.20239811060929133,0.7077308994378975,1.0527571384534802,4.4322800581206145,5.265419986946559,4.194866265221568,4.6531847652510185,4.888175159667773,6.929586135157223,10.393396865255255
-3.575191171162643,-0.11884631126678546,2.0705388564165954,2.9494975560106305,3.489682388969591,4.098712252439427,4.425746589767644,4.718931045938441,5.022062029072991,5.756619699453356,6.546526982373631,2.6991939484590093,2.576997925998807,2.9982743637336267,2.3990941290588355,2.576397836165762,3.2949239983948937,2.1887043895810843,0.6546321690130245,-0.9811941750876527,-0.7387686342089381,-0.4005676339141907,0.23064822453465925,-0.8894864124117164,0.3067689043734146,0.6288006349121714,1.2379894267204534,3.036016810151702,6.24148933647172,4.2304869944238535,3.338248841484096,4.025472359407892,6.967724534823563,8.800925815141474
-0.2596233235375974,2.952976204167868,3.1624278409071906,3.5793698067014543,3.747604541906274,5.0300370627908855,4.949802033237524,5.071558492867974,5.408736832279521,5.87272742492199,6.352451367328128,2.312308340031645,3.7605142605593973,2.826982754904784,1.9224454587593744,2.1903569696465905,2.8807484728042585,1.776763980771439,0.4823045188498201,-0.6153638239182978,-0.6306235160983535,-0.9488477892121209,-0.9896098814558886,-0.5728202806322799,0.5003100322222286,0.6093586240754413,1.1497381219184002,4.49501909357586,3.4303163235702283,2.4812155645404586,2.6694852450841333,4.911470507534977,7.626142403299497,8.279907502269864
1.1837498124158012,1.4310071438151848,2.4443598471640313,2.643713922584979,4.7041650948116285,4.867048613689188,5.2149249677809335,5.022322814886839,5.846570002138391,6.221694754443202,6.8640168658781615,3.0767851948573943,2.2711610506391957,1.8105972110945945,1.8113408697744187,3.5087617366008086,2.3255794906947087,1.8395622179361708,0.5019328898821579,0.09279303964319474,-0.7173101059624031,-0.9654820884043352,0.17774854744711402,0.22645939083254696,2.0429349650217,0.4610096911938474,4.404232028820555,4.812647948085896,3.6036192109127,3.459669977904979,3.2684455072401097,6.628517842945109,8.681207779923199,8.813317478337082
1.0500840689037523,1.5370620926923464,1.565436083633512,2.8031944102101516,3.9661723044171833,4.460205570770645,4.594572918190348,4.941565149997654,4.609813824760167,5.367198247332542,6.302388329074378,2.3290185604480085,2.9609042780820514,2.073801715439298,2.6296407986682335,2.9384655943692404,2.4514138808686043,1.0554942407509382,0.7506263398602443,0.1938259076998211,-0.5893212999622403,-0.033492148873595425,-0.1777413872858555,1.5577181531818236,2.134240668327642,2.6502357486284227,4.863681802898767,4.651116653327092,3.3296571994459927,5.007878207522668,4.118698455288379,5.487872736951266,6.543117577519999,6.954117755191855
1.8063936549976625,2.1078397296217797,1.4003661661109592,2.8089088286138306,3.5412056487802896,3.4876233257480336,4.475806132019983,5.305464193150772,5.370370743724955,5.823210862717805,5.70710703901958,3.0567692175788777,2.71276381881152,2.146677813980034,2.3283739288307275,2.9271603979906335,1.4529098595380172,0.9180681968016537,0.8439723857989831,0.08820312849682145,-0.7731163389017158,-0.16377296619785764,0.326201342576484,1.6783961072876759,2.184873173106445,1.9934271591531036,4.112029098423743,3.989884947100751,3.8029136836956257,4.597439985335126,3.4760237004008894,2.5793084944418774,7.357665162024251,6.810622496128763
2.2392821688099613,2.34115957212963,1.626072312470687,2.7108691922383703,2.4988858925804536,4.2168234475361706,4.467903628310172,4.946213557346524,4.527615023315581,5.4869526367745225,5.94655793096964,4.748378543187976,2.342734353785553,2.172057603513644,1.6477713748374303,1.427980822422009,1.486554141256453,0.08509784955653485,-0.17226597116767028,0.3456025854903987,-0.23438050403984453,0.25636152775140625,1.0216697894096254,2.055384114447464,1.5516908232816249,0.9052310165462379,3.6458818793076126,3.342434734434133,5.286676291462062,5.935541364181597,4.63448133642315,3.8609760498338743,6.636986670471289,7.2456953879675305
1.9798165789241389,1.7949597103269508,2.9902299603965705,2.311328801438811,3.037586578123648,4.228014551904617,4.871419047333641,4.934745004730228,5.301663019024122,5.1949497660455215,6.480320101855983,5.796267423990858,2.3762096318944845,2.4696671640761383,2.7407396451009642,0.9605263743749474,-0.4200995352944197,-0.7107209866891793,-0.8686178117161908,0.1314501746255024,1.2730173433287006,0.8738100407122551,1.404384083418648,-0.016684326759917614,-0.808318511305647,0.8758931791561411,2.330293945083594,2.5702953031733657,4.679349532642561,5.358915995692204,3.978318789178045,2.964134439662468,4.1212793310099975,5.701382128619951
1.8775018641616972,2.0193615789830055,2.4111006389409515,1.7201473656252857,2.8667606230983194,4.7002295284452495,5.149590041567894,5.030476376811046,5.346593414982571,6.525088862626,6.327741522706087,3.517023765526717,2.027951001034637,2.190482295451876,3.190535313943973,1.5166489478333915,0.64695421344045,0.3609973735799272,0.50900918228559,0.9512321195772795,1.688023071040406,1.9426678617422708,1.8877183452453825,0.48004714745398813,-0.7379632283869303,0.3263728427367713,1.2714551215519119,1.7661844073274997,4.275518437419578,2.37200478351931,1.771030540761171,-0.220159045207406,4.081715100128352,4.7419608616833555
0.9554550051208233,2.278395203744076,1.2442363637822351,1.7190022727717043,2.357082660986599,4.417880246715341,4.935788731572045,5.625510019657483,6.049492642593397,6.081144416383827,6.047949380245404,5.225519232895477,2.298641471446274,2.1229995038924367,2.849973052619509,2.4522272467584227,0.7549097926375211,-0.07500569976080351,-1.0626254100129435,-0.32430621319651537,0.8736782400221383,1.2974450928192833,2.2301771557204115,1.5807564678170294,0.5887629964393934,0.17914343336044725,0.93728413055493,2.2467944830149387,0.9530585024229923,2.1893871767326663,1.503489718554776,-0.1406571796586146,2.977439056986826,-0.19927138846390566
2.242049825002361,0.8682694579820515,1.8947089258437166,2.452383011828142,3.3582768455598226,4.207279171452552,5.122374106553405,6.164431850132485,6.859764142004644,6.462889505863031,5.781183093792582,5.021744374720778,1.7242396260780677,2.162114472516991,2.037645194170302,1.6763083665713592,1.4115889482488841,0.5551293325470746,-0.005895588603556559,0.18852019082630525,0.8071349447913918,2.386461519682543,1.3616820775156353,1.3665751207565038,0.7121186092437592,1.0754345680183663,0.7649101716132353,0.24632612665237147,0.4019686172204373,0.5984672320449969,0.8866046615202232,0.3701460239153966,1.2898831884698228,3.040398741607106
1.2147514058565385,1.7597358420440892,1.0632742048134027,2.0490671418019826,3.176676972226409,3.819836858272595,4.697042315981744,6.06657115392801,6.389791246473502,5.9004706858230795,5.587672868705292,4.8884857347325426,2.594154031520378,2.024665655767223,1.9512261168820313,2.1297633986249442,2.3759893646652785,1.7633741935760059,0.9881728616179135,0.8044483254077637,0.41909560548573566,0.9560567589326625,0.4872903994319221,0.6594796062800243,0.18111507940277718,-0.06876167736770858,-0.25136192429370524,-0.22237411728018378,-0.10727278572289864,0.4335089317401379,0.5753870255710728,-0.030558227356618818,0.6666336417032355,3.617115115030781
1.4149867709985176,0.48936573384625653,0.5776046034323182,2.0463121382611247,2.7098412652270296,4.2026745367963825,4.920961205097456,6.429805749188594,6.221412908561042,4.2685266859183315,4.764112111143717,4.974566038323446,2.670922077301977,2.762380063877988,1.9646962144145312,1.946019996487133,1.7653980904115962,0.9138515694642785,0.6037354863855853,0.30429697047740706,0.3689860984233449,0.6892759985714014,0.5171416523307831,-2.301810794086725,-0.8293898613842654,-0.901467303829604,-0.4506028093934233,-0.14495663052958344,0.25403311098690007,0.586545063589807,0.5918752210347716,0.17270579123039545,-0.7073470073389077,1.500392287696006
0.9418464229078531,0.31270789635054763,1.2246680870930013,1.9443419603517198,1.7232154700342963,3.337630284128994,5.8552931519954745,5.296168847884924,5.713211743110834,2.0074270599497486,2.3154442504257355,2.5549968677553214,1.7486618893109351,1.580595568760121,1.5004522051433062,0.9815340269688212,1.3870180259972071,0.6558714848675906,0.1698408465132347,-0.9565604243475755,0.8978842187218666,-0.7105394472520433,-0.20363659809443052,-0.030811973779823778,-1.0746695606918173,-0.6226180199997442,-0.0893807239995774,-0.19860362754406838,0.39052571971708055,1.5237547154404125,0.6739898907607879,0.6315604411504844,0.01073045621220178,1.332025223854329
1.024481704821704,0.28279205314806527,1.5461722900877128,2.6128679860281236,1.5903458062931035,3.655540075560571,2.492742818496693,3.17288407869434,2.8350953379561497,2.2277022909062745,1.6981769204759816,2.1452270407345737,1.6337355537178655,1.6915864343110243,1.2872774090982417,1.043425141967825,0.36126016717717974,0.5757037455071913,0.6750082934013846,0.661169188354462,0.10167530716043331,-0.035835450004489684,0.5164992967247873,-0.6439236269676759,-0.601021000058174,-0.281130422323045,-0.11226902463751658,-0.5012425869140098,0.2529935642441447,0.7812494389453306,0.400497535953263,-0.03035533996860563,-0.997928857548511,1.4533753783832106
