script/wind10m.json
{"header": {"parameterCategory": 2, "parameterNumber": 3, "lo1": 3.000054539987559, "la1": 64.9999836372058, "dx": 0.5, "dy": 0.25, "nx": 34, "ny": 52, "refTime": "2025-02-19T16:00:00.000Z"}, "data":
[rows 24 to 47 of 52, columns 0 to 33 of 34]
14.824129250003958,14.107474298854111,13.077344851911928,12.934597959340648,12.607482574311316,8.012912359757328,2.819424527494708,7.101428235210038,3.9456308749873075,0.15902324318873812,0.4766793905389036,-0.5399641833994294,-0.00648771369912149,0.7164246972562844,0.7291244147914122,0.41284748492627094,0.6074129020658394,1.089769310227358,0.7637399433002177,0.768300495648769,2.3112034581212058,3.2398919953185867,1.3269883998088534,0.1774646843019417,0.28492263104136506,0.049875436542746496,-4.380940713224162e-05,-0.5402051166459766,-0.3450331254824359,-0.020095256576010415,-0.15715424587764382,-2.385077341804844,-2.656366803278187,-2.8349655430599072
14.634511950200855,14.230211665625154,13.140998355023232,12.733164994305161,12.60788643166008,7.98961895858426,5.064772303027979,3.177750849174755,2.198387402413707,-0.7360543646321115,0.7819262313581838,-1.3001738308878947,0.3975188907641409,-0.5685745608485507,0.41831352923275333,2.3914239800736525,4.0777165741924835,1.1443520775927367,1.1294589617876314,0.8024437904390952,3.703940859707259,2.88621654628061,0.1498978056732964,-0.03303830579979611,0.02491445768090612,0.4073894744484161,0.22644681067672567,0.08886536292089801,0.2014147275275536,-0.6384060439543654,-1.534992240101798,-1.293219645702001,-1.8718136405428953,-2.840716824487951
14.44083504338255,13.878679860090447,13.222085603730767,12.453396945566904,12.189650793543807,11.338920886061675,3.587426365605737,2.055678659372497,1.4512189425458217,0.6756399212727086,0.7716310554319392,0.6379722304953613,-2.0181980319422266,2.996126925900166,3.9781931473854044,4.039704464356624,3.5521896143406213,1.2079248052680256,0.7519537094334441,1.5018350991406202,1.5536886169108006,1.3625176407107293,0.14840274065367864,-0.23961884993718965,0.6631413900370006,0.11583356476032872,0.6664550887078288,0.5182924800400278,0.7807186187494742,-0.6318345696852565,-1.0647289772478412,-1.0996330128755973,-1.658985840564573,-1.9830853017253491
13.986337733874807,13.655152562397769,13.10079821085838,12.28476010124927,12.184029130778624,10.706229159345899,8.726161303141309,2.3608030207530355,1.6677872683156632,0.9734124573878847,0.15523389165608403,-2.543176750322322,3.945865036655626,4.58880993538238,4.301293074368711,2.086405741532154,2.6453897737672136,1.2817044499072512,0.9618483758415436,0.7272752958254513,1.245346425406224,0.09333916010861668,0.13890436179675045,1.0122698315460268,0.38872380917221,-0.4680459617882491,-0.37914774415234953,-0.07251921166641781,0.4024763981669433,0.5560113307278927,0.49677981905784196,0.03795946730901716,-0.3360650495154844,-0.9415363124575211
13.534907743595326,13.415283070301793,12.869243497361403,12.101270578725527,11.946627479519059,11.268372309367752,9.53333586862143,7.688119982100257,4.025763425305572,1.6615410151054022,2.183727762459888,3.5330121270727437,5.179244736350249,5.17452844777096,2.2015892320000683,4.057196003834697,3.858353548790222,2.086732931293801,0.7894932934019623,0.607449970737969,0.3979183524074019,0.1825648131700901,-0.3810673034602578,-0.49558170997270684,-0.13341518291569407,0.11297058211362263,0.21657479058352516,0.23958493040783052,0.7517339980746048,2.023659022982446,1.5973308452760122,1.4317135502055782,1.0372161645396283,0.28415517098769855
13.45366870357884,13.177361271573789,12.829248343197603,12.267013940571479,12.002415830137082,11.643028654823935,10.481540061749094,9.114802625107624,7.820996168907295,5.5925787374687905,5.436895109361298,5.772892413735748,5.816476706891238,5.328812582903224,3.6259008894252043,4.070278461929066,3.0965692853870017,2.9068934840754155,1.516825335808814,1.2539456238377371,0.8547055417279604,0.8096169047774748,-0.1885488263795552,-0.4353765123398262,-0.07287640949550929,0.23595155539334575,-0.34576101262229714,0.3940909998588001,3.4497494321940474,3.330178521728375,2.7678616973706145,1.4525919066763837,1.5507525634864106,1.1799764023288575
13.294760988614227,13.002030885895135,12.580541768625379,12.182158837916507,11.768500157196026,11.825630705692108,10.895440179972383,9.756770720714943,8.600058762077998,7.378885053593451,6.6339447930093725,6.493939238438704,5.71331534639333,5.405758970479793,1.6213033794912806,4.477173148990231,4.183177586524246,2.539398358071446,0.6541262731728701,0.6808527810360366,0.7675484291537282,0.28100338353706517,0.3565895566618549,0.18820589078128455,0.00216403440976771,0.6503023087035373,0.6578827612640289,0.8622429280255873,5.138950562597876,4.085717575872019,3.468796923626103,1.3183376999492646,1.7844396683614385,0.5326910629145074
12.840381514807818,12.890946878091263,12.54122890785875,12.082428526103525,11.729576194735762,11.660391031096799,11.032569895861634,9.911131020052,8.875061263404364,7.262780097436422,6.5801964487073175,5.432702059987499,4.494345971820074,2.6846658182977747,2.212218494884553,2.331357905998035,1.799027445041862,3.2722327035870804,1.9694302218702284,1.136984591161017,0.46425359870059624,0.4109322202704096,0.39320091269083596,0.4314470503089942,0.6291661367372989,0.2907073125195844,-0.27608206644429456,2.4828566894733988,1.1553225166989056,3.6389724600586497,2.545960416545286,0.9664028135031613,1.136310848349353,0.7109486964203006
12.756547444684898,12.496263273293543,12.235035003732968,11.936563242564675,11.74888684603448,11.437994212502183,10.945323612710334,9.88904511500733,8.786697017671736,7.110925471224877,5.960306784245668,1.2430247426021361,3.170822119849719,2.469329570670329,2.0834190631837988,4.570796053471054,4.902412767983641,4.692378731525693,3.0766694666731302,0.5553726598534491,-0.1707311291406101,-0.4415030885761242,0.08554452551406463,0.13908955103657575,0.3377276475243762,0.34037310893147377,0.2712041321578455,3.2597856327385877,4.092472777329414,3.2218008493603914,2.2939330380538325,1.6678516723329218,1.005679738802952,0.2685006260031584
12.682369196531,12.392557548375363,11.902592140660817,11.70562992514446,11.46836533641498,11.136293372646547,10.820183479633004,9.871084103170293,8.539349083516102,6.991507314723311,5.213715007245313,2.7798422033281445,2.23347446218543,1.9419473852561768,2.1844188239679005,4.704551615276732,4.772815328227065,3.1894458678692374,2.3012588761867545,0.4991860111794208,0.03866237627375909,-0.8397930742609364,-0.9708895680644801,-0.12710895056169874,0.4650943934082378,0.4133134731991399,0.5182948906327719,3.0726581214556012,4.282148756836174,3.1688181093853536,2.335731291574034,1.5267328248571834,0.8064673291792197,-0.18588248546979305
12.514578313318598,12.185812798628927,11.844177126640597,11.576872384477394,11.212848774237475,10.920336244516436,10.547073618343443,9.918640053682493,8.649626729142238,7.099408120987495,4.2013339964287955,2.613824595434728,1.5005493704989854,2.1120211525647137,2.7601082204128145,2.4470008535010677,3.583464125725626,2.5000148886374873,1.5769850686297076,-0.024719489569387357,-0.34369320026059186,0.005620858642429257,0.2162362032751752,-0.3275801597841,-0.11172315967226931,-0.46574438641335475,0.46343455214019513,2.3689548239687466,3.9262153904005004,2.968857186741315,2.004222025286925,0.8762058470631962,0.23878630486796895,-0.4626452379314394
12.144103380993934,12.018028068012253,11.631688832489113,11.407255678866745,11.00959582367415,10.718775026872827,10.137413706694659,9.907736990402302,8.986780306950745,7.146338435280898,4.57927240609259,2.430062432691648,2.356706301754948,1.800203363592251,1.9909433727258596,2.2523423481809073,2.2484831952429523,1.3888866097095867,0.4199662723510237,-0.8587070824001597,-0.19099570283561654,-0.9615534281560881,-0.3813925762996801,0.3642061710966005,1.0094690090074274,0.9470236287715192,1.1496207848126756,2.719909158243829,2.909637893057911,2.096511189249403,1.602244096518325,0.4672769778290968,-0.023842508679749297,-0.9837031655814596
11.89231113009411,11.811611661426848,11.353153021311543,11.115453573910129,10.952084035003613,10.405842735808637,9.760900324074349,9.64400440921646,8.541942002319747,7.019279895956097,5.132444584533524,2.100185372719432,2.3899715187096,2.1176508023712532,2.0299842871926357,3.6137253956789697,-0.005227647408435108,0.16277682662729495,0.00877511005879137,0.590957265081791,-0.6363589384276407,0.07422592810796345,0.6544046891014825,2.4613040367819106,2.4004915517787544,1.4546501120715527,1.333507438502642,2.3258463219580103,2.4857936633547184,2.336540470048418,1.3109807613282054,0.5955846906274627,-0.5370432391863724,-1.1855177037996198
11.549460456127258,11.370090991129924,11.131715602739826,10.770513683379486,10.690101342781567,10.304459664071722,9.902915530529105,9.022562174464124,8.817139521803488,7.774757782971084,4.716465618600314,2.735756307297929,2.64389098603894,1.9440448178973182,2.5135742036830537,4.841665431870622,2.0491653709046433,0.8019809687707263,2.0625953207610954,0.46501140040590655,-0.8729962054018362,-0.7407628398324981,0.4665693926645095,2.3543921732070707,0.9583399991621224,1.0478949382193719,1.1523276389157715,2.2529391540712056,2.068093261195656,1.7199789631590292,0.6224780012027811,-0.5537369389042837,-0.7187870276430929,-0.7170561208748042
11.01767367202233,11.177707875988702,11.154996921613149,10.606999659431311,10.201698855947864,10.089316096716606,9.472296782470753,8.88543077148672,8.781856059035917,7.7061434006836995,6.022008760596852,2.8158920452245444,2.7088334770639153,2.3482948751153394,2.1853741521212986,2.789124615013415,4.1417828998600505,1.6101620886389152,0.8972263489861815,1.2716570679494683,0.19629890721144644,1.4323586615589663,1.1365689979694555,1.8911435060548525,0.4482364248672288,0.9099401107570939,1.6973643107950995,2.0054152247243264,1.6151696130906035,0.7870628072473855,-0.23102506901118128,-1.0860448882106903,-1.2627694449175153,-1.570390128626388
10.6314164281057,10.680401674847246,10.90329692006918,10.74982803183506,10.14210680117811,10.103936455420401,9.482853186721167,8.848048995436113,8.00378979033185,7.971432228371518,6.1487444171225185,3.607328517987911,2.6562554355063863,3.0327890382631058,2.1870570424339832,2.1480688137738904,3.0320015124147974,0.877926759692559,1.8163605147907227,1.3342485584929178,-0.3463902603207218,0.8705167831760723,0.9581667984233398,0.8953741802801104,-1.1208195546747575,1.7268408218703075,2.3732317150445823,1.6873119328552295,1.4057946596626556,-0.06117458747598996,-1.463438643459509,-1.4223760955852527,-1.5697948697338162,0.3330060984435269
10.233608702734832,10.320036731812325,10.470513565787305,10.862352404766238,10.060911389775045,9.802526725740274,9.885929908346622,9.169684151488092,8.63819507973984,7.565233625971041,5.974403536004079,3.4684187156672177,1.8502713608991201,2.8227448027201376,4.688189704187504,2.1511770227835947,3.4893184864541227,2.7105776194312563,0.8694810702369069,1.2670362590526878,-0.5999099417567955,0.5833763861703224,1.5086483992189625,0.8266527077856197,0.01896700853823914,2.3850553683679645,2.5761444781740317,1.670105931018335,0.6461224864065035,-0.8110933877460323,-2.239016748973385,-1.993713995449645,-2.2168798159639245,0.3966261666268619
10.122098996963334,9.988236361019187,10.11435275259486,10.571556278530865,9.996333365210686,9.727305307342323,9.818636969631905,9.186179608124577,8.90030078963041,7.907922034355203,6.139785333291345,3.4365364621523096,2.001403330993547,1.9710858954796475,5.2951927923115,3.6371108503245257,3.0522651296404977,1.4060267074468533,1.0099688940247782,2.0063570109919997,-1.5891446026624632,0.6216659151266019,1.4989444614250402,0.8944408944216968,0.9594275826681116,3.849830780278541,2.979901078237542,0.8561579964434133,-0.3588004513123391,-0.7154372551829976,-0.20507592369299738,-2.1409558188019524,-2.888327724077512,0.6431292605892764
9.929157258092122,9.653991060475986,9.552797163094217,9.726217809484403,10.187608014014286,9.593970821025069,9.419878008196354,9.380622059333096,8.399417602946226,7.861514160527389,6.485061350368757,4.353488704501414,2.6923698821009867,2.0596330092760393,2.7065372763929534,3.3205341311031176,1.349464639132674,1.5588459587052352,2.0982936077182717,1.5583542726761013,1.5458324227804499,1.27010937093386,3.112751024640035,3.0650742135086477,2.7381455533725845,1.928785546968261,1.765779026572742,-0.6830175326313371,-0.3805736433385285,-0.6537229017051437,-0.8191801136213791,-1.4452555532043556,-2.6054646568723574,2.65848538010361
9.53878177738125,9.722729796550196,9.318799058547539,8.939034394947127,9.509327465411712,9.293906621004469,8.938305436882436,8.895808082544638,8.617764618174004,7.277982879771979,6.0445091438670415,4.416648561957124,2.6170462650608686,1.9175045680093215,1.8778401156332278,1.3272222149224273,1.386822369834152,2.922344359428402,2.923190333816399,1.0978143336565915,0.9284231615399676,1.114278676874347,2.1617715004768305,1.928535299936785,1.926188558618039,0.6642771653543196,0.35797208015428156,-0.18378764678844375,-0.6027389812995967,-0.41113555872722773,-0.5257642224155975,-0.5713483844664728,-0.22174132304638144,0.6388175891831992
9.201960345046835,9.435196236148684,9.634803244656888,9.007128272101932,8.600491503958374,9.248974468624628,8.875412592997275,7.9812343429833685,7.9585617211754265,7.630448547750178,5.123832663549196,4.473229489246037,2.781750848389967,2.3405119332065483,1.9207288922853618,1.6039796992354105,1.4007508923420189,1.5117523349357582,1.230489702241543,0.9299112378254969,0.5094424137311805,1.106321987557657,1.618101333479164,-0.5353275637652886,0.7925160866677051,-0.4612637789469666,-0.5074669895979519,0.3034141702749151,-0.6891830840581713,-0.740816497285446,-0.6329115747636158,0.7331956095035574,0.18921776188258485,0.5854924645752261
8.841039867795184,9.064136846224867,9.712785917766421,8.950844506243566,7.966777757940217,8.542976516400003,8.164324317701997,7.795681640142439,6.459246195351646,5.4484239196013755,5.710219888757994,2.846000836958906,2.425739846198574,2.3867694724614474,2.130372215971567,2.1787813960508133,2.1492613821422446,1.4259041376624073,1.0901404341329413,0.19691527732442174,-0.11975138911978213,-0.21250779405716103,0.01107581759526268,2.3623891724702766,1.5315821395752363,0.3152114584980111,-0.2987180559647623,0.2885872797309557,-0.26866773553079043,-0.767682405689431,-0.528521750794947,0.4011080974988546,0.5518105982827122,-0.1256369081065646
8.550050425167449,8.627760284815352,8.901057841691003,9.495864760263816,7.117562773464914,6.171672381441827,6.496295846936133,5.742585709546864,5.512958919801423,3.2390950825318647,3.2918424394004804,3.016224617743904,1.4788248988064645,1.6387836451163047,2.3202236322511363,2.391225333308585,1.791993752059432,1.7635128261957937,1.1657737489456652,1.1789740885537752,0.749983623601966,1.4546928842845421,0.4388874653501509,0.4597141214583935,1.6172935278465608,0.24849944240925823,0.10140530050072262,-0.6169344667366373,0.3341068429381375,0.12075258172619667,-0.13196851402264947,0.41975257125684906,-0.7392809156580259,-1.4110349064255823
8.949913975264966,8.429048910810572,8.43588014733272,8.572858847377326,5.9379526977566135,4.338864388434709,3.11895498358044,3.414802869062611,3.5817379431320844,3.3284614547368614,2.6294603152928255,3.0235441445995006,2.6847769145033364,1.8541146490194884,2.148851790439996,1.7100802291605302,1.3925503552292757,1.2696909983725764,1.4475993969558498,0.82514867003237,1.2278320357388335,1.0689813475252314,1.0721225961080658,0.34794989157843137,0.446892745139795,0.6291015794865511,0.19722465807163486,0.8593014934343246,-0.04158673363302656,0.3760157735102567,-0.08170651649309187,0.21223610816909527,-0.8693805434574466,-0.7996894290734367
