script/wind10m.json
{"header": {"parameterCategory": 2, "parameterNumber": 3, "lo1": 3.000054539987559, "la1": 64.9999836372058, "dx": 0.5, "dy": 0.25, "nx": 34, "ny": 52, "refTime": "2025-07-04T00:00:00.000Z"}, "data":
[rows 24 to 47 of 52, columns 0 to 33 of 34]
7.942062752428206,7.986397187010539,7.409639016881599,5.6589870861484375,6.15152938439455,3.719009950243137,1.0560950959070978,0.964671763223153,-1.1867626387138719,-0.7078868927904377,-1.3658838148474697,-2.3261869631066676,-1.3113762223794672,-1.8773954823220889,-2.018834138566225,-3.2491624774792727,-2.7759226504882877,-0.03112341326313211,0.9931356854825991,-0.37155280806911356,3.168148057316122,3.424974427390429,1.686733169855407,0.9774574070024371,1.042923208867777,0.2522445605888196,0.3432685420034133,0.1203575777178693,0.0419933091558113,-0.18860904616925678,-0.6595982644518881,-1.7488005719402617,-2.332346464572686,-3.665485629213751
6.907446077433094,7.538774358078142,6.747274981953087,6.033430476150637,4.675054334500995,2.337255813087359,1.4619869892095965,0.6591061513368167,0.5418479850476273,-0.34456110463347434,-0.9811883509349588,0.3470268572471106,-1.3984531037817978,-0.44552298495243153,-2.4750859020962404,-3.041717288426266,-4.540523580074643,-0.14502969659601417,0.5298808148046845,1.597746394437109,4.293637886888822,5.332185593700259,1.5026238604015898,1.3055635265544439,1.3386842469383107,1.0964555455238523,0.46779523800138384,0.5950412322235273,0.245191408556126,-0.07664999080049714,-1.2988241501739455,-2.1513142653046295,-3.1801807387241086,-3.121562121659171
6.313939546964964,8.583682214621211,7.968258503295302,6.702283712212057,4.626654642277865,3.5546655546982064,-0.046882423876986004,-0.256812891719189,0.15794625189848835,0.2847410186971111,-0.7150132977593271,-0.8459584167149846,-0.5598838824991808,-0.7018307852763173,-1.1011771768097574,-2.4912696052876657,-2.9030069602908464,0.40338880003454325,0.6646571211345145,3.209764932964913,2.312583682176463,2.246378118702346,1.8403582991962015,1.3496853713109107,1.695443496011465,0.5755737266942206,1.4882070467396855,0.7245757113746386,0.7125767072039724,-0.3628238634294689,-1.8138471107729923,-2.952281051811466,-3.8778722941523505,-4.451710559251521
5.387386541927787,6.42427678890918,7.865351156342258,6.427026253175766,5.28899747264422,3.338670140418291,1.6320165584366118,-0.7326440434649205,-0.34782839498050194,-0.38441514949655153,-0.613774256989086,-0.2786897496170724,-0.7738755809564003,-1.3560604834807861,-1.990314403093755,-1.7438356686599485,-1.633898286092917,-1.0195355391361074,1.3469917385511132,1.7014268573960094,3.1650525992213234,2.6700206811276628,1.7059311157673378,1.681122959874852,0.7848567512896724,0.8749621727996387,0.9178666664171647,0.7028597676163958,0.1724439301087043,-2.194529254776131,-3.5265864431150824,-4.139842803512086,-5.141510793618395,-5.4380880538252745
5.846389308181588,5.130773701317538,6.775534634753945,7.3608984511819635,5.567379154363527,3.985254281614255,2.5067084650852918,0.14386546026495772,-1.248734272895017,-0.8310053341044562,-0.8284660607276023,-1.249308332323978,-1.5734142161150206,-1.632656321780857,-1.86385391334602,-1.6851125105763798,-1.122732828682884,-0.9340885048625907,0.5920817920263408,1.560141648785493,1.7661326202320995,2.104006735444186,0.819383742490637,1.2868691775019987,1.030162074457988,0.6852578482666656,-0.051829796239369154,-0.29026726980240425,-0.4560806320764354,-3.814244313341235,-5.614974569054344,-6.275959477056818,-6.8492261431250245,-7.533588790385967
5.360835877840698,4.175387099506684,8.811796883971054,7.241031277534613,6.0913975888862435,3.9537891277752704,2.4792814583314735,1.9814119609681167,0.19792003601148847,-1.0606382247448671,-1.447694318101961,-1.7671904109672447,-1.9532735758415127,-2.0215746877323193,-1.9824436779904429,-1.7637465285393752,-1.3404319597751395,-1.1417827797077353,-0.5336800811070006,0.9590060907734115,1.940158091910158,1.5193921494161668,1.3389873941277095,1.26730625224384,0.6551100446645373,0.6550924893031908,0.3161963306472357,-0.547232754539066,-1.0021169823567846,-2.5611289373933124,-5.765158977887463,-3.6101212951252792,-4.753029779516696,-7.153943062821602
5.816966275470187,4.6402489693936095,5.6824568513947975,6.088233630944705,5.01766829795569,3.599272572935,2.739969721203613,1.511763132174497,0.35787669475871053,-0.006246498377938438,-0.8478161711849406,-0.9596147038187054,-1.390430926183767,-1.9352207053300192,-0.863296030009859,-0.43438722815944203,-1.017642995838531,-1.1494609955670005,-0.4843108490735016,0.5504685310243261,1.1332663969120285,1.1361356536270355,0.7613072461312739,0.6582641147233915,0.9127942781982862,0.37446077591915794,0.3340197957217142,0.08937056887899249,-2.235468719340783,-4.110869246578768,-5.025557337473221,-2.0454598638353345,-5.31844091963649,-6.698149010221837
5.610176043981742,5.125190261642967,5.441103984090923,6.805714324690753,5.708550116195427,3.2750306801195643,2.487212434911492,1.537341972473295,0.9343151586587968,0.4191106411169927,0.05375004582413353,-0.4459166633314039,-0.8958582654343308,-1.0756428687963657,-0.318650961128128,0.12987111515926045,-0.7770646050984158,-1.8170261327311539,-1.7719324054898529,0.3974820914832806,0.9128685224057369,1.0198961206791146,0.8927818592441794,0.8585253021222771,0.5797511826096398,-0.028070756668949086,-0.029919854378909913,0.1179426874489391,-0.22527597217314005,-2.9149163377577203,-5.454673378686633,-2.26838355206522,-4.4534215263451715,-5.633142980970147
6.550771359877322,5.006203282285352,5.318848270111393,5.751692107588652,5.171076697849892,4.580435094760105,3.0012718883046046,1.6569614890688575,1.1653369552352844,1.1129532073116235,0.8480537505683262,0.4368225378734947,0.8873232012443839,0.4590267194196904,0.22463669471034112,-0.0896765491379773,-1.6726405255230818,-2.4142081261025954,-2.196505218098881,-0.5896589357351355,0.6759034007175555,0.73339690302194,0.8080515578181346,0.7114470833787715,0.6946436568231886,0.2577728005595197,-0.13401460473143262,-0.6416602073640704,0.14881620374933258,-0.5642423587726811,-3.4252241413162148,-3.5241033269735094,-4.892878397284798,-3.9791649534215607
5.274764338314187,5.574347943661617,4.853560323272145,6.394308864838009,5.501058681553264,4.85105232534552,3.6661221122768066,2.228274750145228,1.6488459344836242,1.261582805749049,0.9048952639667285,0.19371061546532406,0.9237487131401289,0.8198656377925587,0.7966388004804784,0.4679634220709398,-1.3349536001956082,-2.2833092967809616,-2.6386805340800144,-2.3637743682465087,0.48711361759281974,0.6438398090660007,0.6201292735903496,0.21322075187606743,0.49559037287235286,0.0034797613081067086,-0.031113322477123916,-0.6741971878778974,-0.4863729194650922,-0.9063037678920367,-0.7658607094408305,-2.0992097025914864,-4.027966484997414,-5.822691705623471
6.225320444134061,5.413842226313301,5.491529117960488,5.949626183493419,4.668365854374692,4.618297479699473,3.552882219985112,2.222865841989975,1.2478233731762127,0.9710730927868921,0.07688399090021959,0.26954599271084834,0.7034603636528506,0.7173393346786943,1.1110201241367301,1.5078516598897467,0.20178649633316825,-1.6552418352310292,-2.6052950578424743,-2.778841019714171,-1.320745085450648,-0.05524822138233705,0.19051325670255023,0.09492793624422241,-0.20550699216894147,-0.07758604335566593,-0.46983413625912335,-0.6129128649619324,-1.1316113090461053,-1.6253145958811444,-2.49436897325449,-1.1984010971514438,-2.014119876096988,-4.581851293426459
5.104198622307287,3.8385461037548887,5.768336501598874,6.079460270983893,5.26506693810982,4.287411622729742,3.3334743023567155,2.088097732418605,1.119501456166695,0.6916324139754592,0.4507808171789691,1.0451786925917752,1.1497638266652015,0.08777518269496244,0.10775412704673511,0.6030693345458227,0.06519410200402179,-1.3363754259865568,-2.0421312439863013,-1.9204818462712117,-0.8549007866781707,0.035563777486445146,0.17854958439135457,-0.21889946124693443,-0.6352452437459134,-0.34860965665080196,-0.6155082831662074,-0.7306886089550766,-1.4782336512577952,-2.980213421695544,-3.1721000880447883,-3.892944390466082,-2.5459321889375564,-3.4469082056642244
5.822656611307343,5.478998806831261,6.196796749610266,5.941037943307386,4.398761642792373,3.446049106298865,2.5941438472309573,2.186112171640314,1.3470738486930631,0.8380432969682353,0.5904539169619742,0.5461923842668766,1.1287583777248866,1.0317231077643312,1.2455903035232523,0.6225295244018482,-1.4926991520602768,-1.6040216588398346,-1.1158113944269177,-0.8894722928447645,0.10393258596968644,0.4490836501351835,-0.38580640907901476,-1.3557388225543092,0.01615784271477505,-0.9348435067437,-1.5393367301583731,-2.1662034400944985,-2.1961835925699846,-2.6917664258226286,-3.420467816479868,-4.355763914444835,-5.139367572132361,-3.0270395582717606
6.4245482965803316,6.291182921787693,6.325716892853865,5.511843654154613,3.4576421327210283,3.2401915148793208,2.655540233229895,2.4510925827929277,1.9313374945698951,1.345309466621479,0.4654411308708331,1.2065402347383742,1.5908018820030596,0.9953163344885716,1.3757584384018984,-1.3802799891580013,-1.807848133456209,-0.9086524874446802,-0.07009743255176551,-0.32168525233305506,-1.1555107528838147,-0.9391190539529332,-0.8846088071756028,-2.0078674578756868,-2.778403388589191,-3.0206855319615555,-2.939923335903218,-3.8682555147454027,-3.459569093726081,-3.2024837799415966,-3.4158016750794764,-3.4360235942948356,-4.311127026150297,-4.827242240552865
6.133564673199396,6.757395988464483,6.619303236287258,5.02790106170914,3.2359482167681866,2.9721613447231174,2.8496837473089345,2.2279075445937577,1.268756214467888,1.3186591406407548,0.09975247526517259,-0.4836136905571668,0.2791778701702305,0.5512078309459764,1.0037288634822483,0.9035224170106774,-1.7940317402726074,-0.250366612671812,-0.01070965191967008,-1.7424744599974502,-1.138093515328446,-1.3996110709741654,-1.017273902406199,-1.7900611545190825,-3.8396295342145783,-4.435272559807681,-4.489753502600877,-4.691387260100606,-4.735429102792117,-4.349711783819303,-3.988472496757687,-3.5255399786690367,-3.473951773498049,-3.5383737398325117
6.222163538540025,6.945931959273332,6.622941166726726,4.691729502644669,3.0991556509850344,2.5645683333314895,2.369536326761591,1.5924234540252553,1.152149581050243,1.147777900836256,0.4782081501999207,0.3973978912265969,1.4053071123281449,0.8082938340507334,-0.37651831491857024,0.14513494150685705,-1.6301368863507129,-0.3707722636495148,-0.24009226016958346,-0.7415447757674082,-3.43282108996555,-3.6504283823850714,-3.316327829100114,-2.9607344406090412,-3.8678368828290948,-4.327102363664404,-4.880420220384036,-5.007352959049576,-5.351901413034707,-5.31883234608713,-4.794578572916014,-4.213801905408316,-4.0999280304533485,-4.116083839103932
6.912342337302658,6.83097074091103,6.29583357342747,4.3187841964253,2.9977476161917522,2.0357380297748144,1.519116473500949,1.2531864552587002,1.025306748765242,0.6549656384602928,0.2284272300366074,0.6443598994379666,1.249112481959264,0.6408184359247938,0.2052909182862719,-2.663043577534713,-2.70879312928345,-3.0678816807080285,-1.1728368594493201,-0.9286117228059,-3.460117552596002,-4.450916081823289,-4.3776205690966945,-6.130272729464353,-1.77682730251875,-2.6735791445373955,-5.391383460439127,-5.758519143434434,-6.055654023462436,-5.624729103174106,-4.898426698259234,-4.951280253993519,-4.229196055746607,-3.6636452093591174
7.3142704935349885,6.501075670414301,5.963684860333768,4.627357734984346,2.743974471114982,1.4494060149534083,0.999810235501084,1.0217029262316948,1.3466409886291406,0.761704962455987,0.16057342568275476,0.3220412421756385,0.3260923112919462,0.5707355722735574,0.9276709015069527,-3.8318833493136393,-2.304279147463494,-0.8899265822271261,-0.026646577180877155,-2.4333396505525724,-4.141591112618125,-3.5771911520014763,-4.491503092671256,-4.752639649474833,-6.324971855414948,-5.581124276408574,-4.045973650628717,-6.532288278703292,-5.294936463028377,-3.589699147944014,-2.239782568734864,-2.9435026832988593,-3.4822259301386245,-3.0124882158064583
7.281878225051306,6.310523541987355,5.341841453244409,4.629036962258909,2.8825782413952927,1.1214654252672416,0.8271637523588996,0.9016171725752558,1.0744800010955462,0.7651217718624842,0.059972927161937147,-0.4463326468905656,0.5912075705181051,0.6037265413441201,0.1792975615540636,-2.96138737607895,-2.6054741800019166,-3.73860204772838,-4.177962645004969,-3.772854038344839,-3.6088439663156944,-3.660122291650849,-5.567674437374437,-5.4093338687207195,-6.166531221544385,-5.982099372957695,-5.373002445422362,-2.8360502562714567,-2.5578521192796613,1.2692536739653146,0.4330701488960856,-0.05050078361919902,-2.6575983512200647,-3.528877117514846
6.153472339963029,5.710879476327197,4.572197872573582,4.245266495012148,3.000887042039241,2.1160706760519052,1.0932877057701131,1.0459197299357101,0.780785504625673,0.7174413775190218,-0.05986105481522714,-0.46636460354144377,1.0940781338231376,1.3304420372217691,1.4285358859835742,0.698933124716752,0.4350225272716494,-3.3067362317454227,-3.8857654320751682,-2.340096430836634,-0.8371064032941462,-2.827381078335234,-5.32838261676128,-5.805576509479562,-6.385592840750043,-6.446915686460624,-4.532198494916333,-1.0851675134637457,-0.5565488086437257,0.5415086860876106,0.5714585281122068,-1.6619498556067989,-0.056417434085873325,0.03965622844774127
6.134064898276944,5.108686166185965,4.422476348694397,3.556860532340349,3.0528866527548923,2.5471611339425904,1.5324140681161795,1.6406512196857466,1.108429471611166,1.0610120373774525,0.3879251553515417,-0.3729198193086685,0.5100989453483162,0.7972949517317917,0.5762002433328944,0.5629506413239389,-2.1553767885841344,-2.465621583463697,-0.14876572218505438,0.510244604191096,0.1905448833250705,0.05209981344897968,-1.7767987468456319,-6.293371836573345,-1.9279758804087728,1.0555932781564685,0.9107067843190529,-0.205203340141836,-0.27645434416828407,-0.06898352554325411,-0.6800324722951364,-0.7690962643776293,0.7236019536900814,1.0383303424380517
6.388774186371589,5.425372041860611,3.8435794969356567,2.9714663400532526,1.949727164835722,1.7213380906130968,1.5735334695613035,1.5351141883055897,1.0428701994491636,2.029041490956057,1.670299555849694,-0.45782693582060835,1.2060952624628005,0.41311382031614163,0.19255731360758643,0.49986015015170904,0.12169349233943641,-1.0805801779916018,-0.1635859723372103,-0.7633470236877429,-0.3781916013863062,-0.10480361051904832,-0.7845834186594174,-3.972130315861283,-0.5262373048801311,-0.21330288120838073,-0.09922266806133101,0.07034172883183343,-0.29100620486637935,-0.7046458203632023,-0.5656997019052726,-0.21161745690137476,-0.03625891552211101,0.045308613316060564
6.276761137340768,5.163158508223321,3.910853738069679,2.6432263754656256,2.059879783932302,1.9991652823661616,1.4682331203772612,2.4842104667818226,2.7237860697160343,0.8807882114287574,1.0543948435630384,1.1192824761243978,0.8195579490553566,0.35907364873324205,-0.6998557522750561,-0.27168250327243343,-0.2785475558277036,-0.5534489428981896,-0.6755451765162254,-0.9880770273415448,-0.6956829553431,-1.1162800662113441,-0.29321856200288227,-0.5257264322641632,-1.0198469058594728,-0.38112695200189717,0.04713763237713759,-0.29416753000183665,-0.6334702688359707,-0.3941977811559751,-0.30125952444062576,0.05908390910059834,0.09541546619551385,-0.3507426124658908
6.126646897826013,5.449438374033378,3.5335201128646956,2.281482714639017,1.37754535663647,1.5750414582360708,1.3955837045924329,1.391497438589161,1.1115686224938828,0.9200387673623145,1.0516161985774548,1.0226247370174368,1.2665428144242126,1.1881308648968438,0.6301787954987578,-0.21834115049761818,-0.5720676420121489,-1.015619777015833,-1.6048344152877254,-1.1085229429404708,-1.7039368684284135,-1.706278184400493,-1.4629726393009828,-1.1260385968892586,-0.9363784040238744,0.47707090324745444,-0.019572990541708003,-0.6349209258275159,0.681081690914714,0.21105260832118583,-0.43837866383713253,-0.2054698071234424,-0.5273519028840452,-0.3854750995343949
