script/wind100m.json
{"header": {"parameterCategory": 2, "parameterNumber": 2, "lo1": 6.000198445256149, "la1": 58.999992894266676, "dx": 0.5, "dy": 0.25, "nx": 22, "ny": 24, "refTime": "2024-05-05T12:00:00.000Z"}, "data":
[rows 0 to 23 of 24, columns 0 to 21 of 22]
-5.184811661335711,-2.366192274286827,-4.704765221147657,9.885406488877265,6.365724513313759,-7.012078865274636,-1.6107328296017729,-2.4590820631583017,9.043616668190653,-5.168069432688074,-2.674039219803472,-3.4688306325088942,-1.0453841794396894,-0.8427558306109741,-0.9774593284345612,2.5500076189595697,-3.1104304228611124,-6.024860593782753,3.9369928344947707,3.0216521706459503,-3.371724080724272,3.1716927475656904
0.373678208264124,-3.801111707719339,-2.708232443382098,6.10506099715145,9.211378612258791,7.769017908734597,-2.5433527398967386,1.3466293701902892,-1.4621307170472193,-1.6407270805641354,5.824130249090374,-1.50657197705543,-1.8645861971130635,-3.421976867469152,-0.39800815906351333,1.0791905446677397,4.386911598577399,4.966830342100401,1.9216832307358276,-0.9832802306798423,0.9554127535517938,-4.455038081599881
-5.1874103902516815,-1.8632348917353108,-1.437551095001598,4.3386360804565625,4.479646807980783,-3.3255876630207637,2.298842964173395,-1.9161010754575893,4.825739591159219,5.617651077728464,-5.270215292508309,1.8026403365080041,3.9611558678019536,-2.450384159132954,-1.8445087042068844,-3.2390976975915633,5.353863325334509,-2.397842617186617,-3.6455184786994326,-2.2346971253907473,-6.767801298361538,-1.3561921763889233
1.6206977573967016,-0.4147955745948058,-10.538848207285184,4.753801516853566,0.8509614741895136,-0.4093599021036181,-5.443033784136886,-0.10811893559704276,-4.87553246324061,0.18618152969413015,1.0882502849808067,9.322874797771778,2.356081544554717,-0.06610621067867914,3.8439399833052086,-1.3813867423473223,9.428697478512465,-2.3087287088414934,-4.298396831887786,2.453333523677688,4.689101758855347,-2.494831828065825
2.5691998493690895,-1.6561487296773827,0.6595183835311096,-1.6931161458817967,-1.5091010450377857,-9.572105246969082,-7.3642076240228524,1.844455672426516,5.912303581969991,0.5599745057197494,7.341112897885159,-1.2302400762477825,-0.924398137668992,-0.9037616538495633,-0.7685481011590126,-2.0854545551069186,6.5607851712151675,-5.476193850019402,-0.06705220486567376,0.6545721616012073,-0.3812837949387847,-3.278250125479344
1.4702195030647724,1.7678414776850626,-0.578845309319928,0.11347863007474315,-6.92138842423604,0.3837003113192204,3.676584108369946,-0.5762524539236975,-1.3373677662574919,-4.497255993955773,-4.640951359323311,-2.492323703152744,-1.2332546566881286,6.449575135130697,-1.1143200290810358,-1.1024358240360972,-1.7530698121038133,-5.368229087650184,-0.49456023912535574,-6.196171923978779,8.228583839375165,-6.267552595938109
-2.415531075142214,1.3876990004989491,-4.922791427013072,-1.9062184570277745,4.028489964727625,-2.793920400388411,-2.1466260273326716,1.1329716080746104,4.383254974317286,3.5359388225206474,6.107051057474007,2.5979765832506345,6.191003977757172,5.073931980767692,-8.96983516547624,-7.44997746069191,-1.591798001830807,3.162444718448663,-1.6938832345055959,1.8568967820391429,2.4882232840347136,5.923014316730738
-0.529893300036982,2.8555892478639664,-6.17591751030384,-5.125898344455376,7.585446181728759,-0.23792448057327195,3.005145404737302,3.9763999341156313,-0.10901958886512822,-1.9715604543466563,-4.710626774212708,2.740391383030777,7.136018302306054,-5.116615303517988,-4.817509568365057,-2.8182798753786757,-4.250325153297549,5.259949548516982,1.7105613110664202,1.5019161281602667,-0.7024647703586508,4.680582147213131
-0.46665900155954076,-2.120883579909884,-2.3644704937414422,-0.1032011185968659,-2.1326253145686245,-6.253852900165581,3.4441003073375267,-3.362546076406883,5.427167165049521,-0.9129291948640542,0.657420283526899,-2.935692424094069,-6.538819094815337,-6.75612471389513,-5.607236617190959,-2.891936156828684,0.2794659744224562,2.7808525876890218,-1.248538120587551,-7.637075707213461,6.258203446125928,2.3389142882560847
-2.8891412031110795,5.5798861864746065,2.1286985869382304,-6.903508102991345,-0.6227298991959274,1.0696760422622973,-1.8024179606057333,4.620401131019215,-0.5747015444394619,0.536712199838098,4.109598547842891,-0.7471928304475912,-1.2933491330947224,-10.59298648550911,-1.7021268916193608,-1.48628764613635,-5.175656542080106,-1.10225195101891,6.965215842625439,-4.854634376427237,-3.271760945195231,8.614921524350265
0.710562960390536,-3.5396097405589693,-4.718549980625171,-5.598070981337674,0.15315079687307723,-0.8548876287974353,3.79681338041019,0.6122333404710242,3.423562657185173,0.056607250593989696,1.6081183456012242,3.391320802129303,0.5940865659505473,-2.0618087354464056,-0.765488640269893,-6.362368370595943,-0.6384212317889146,-5.953745049174527,-4.695698028321974,4.317949427241695,-4.432055511485406,-5.924518190052199
-1.4607080044962613,-6.9445193291651055,0.36492017219377715,7.035924435431081,3.3464404918571877,-2.459881313106122,5.873589853150076,-2.8055123923074823,-1.0088710301071053,-1.6473278272856131,-5.741406235116583,1.9859215663183292,5.21624224680218,-2.52674792509269,-3.280583427540694,-3.838825362974773,-6.166543015290624,-7.1576875258597035,-8.507816462225634,-3.0250194738781127,-0.39477665374862514,10.404881276845607
-0.7062000897246652,-0.8491776561760556,-0.7504716576823598,1.043344496278663,8.566257805226519,-3.6932075621488454,-3.21033729055903,3.66208132590541,-5.602393987134858,-0.6246224063148842,5.725878179355618,-0.6589251149708323,2.5619059115230027,5.44423030432457,-2.724521395961559,-5.963971364073526,-4.987460617915968,5.1641480979195,-11.199402810934625,-5.975061903764134,-1.2392054518599296,-4.971994542767923
0.6171680684746912,-0.9367318975181799,-4.744493235733646,7.058050655645522,4.517309674575703,8.427788928926025,7.270822496125071,-5.354002070570624,1.0200115155341978,4.0735827987107065,-3.6492840791236936,7.220487334712377,-1.8444676839382386,2.9968693258984405,4.089331816291563,-1.3962080591906665,-6.2194907189005555,2.511700687434119,5.616963810984032,6.456657943321209,12.292415173517567,4.7710514877953285
-1.4306556128708292,-1.7738403385804715,10.937858360321714,-5.1065635477931846,-2.2335028447368654,1.2070602131819281,6.335974120518469,5.606868287117565,3.5127939245079274,-4.162728367094611,-5.272010965792928,-3.1886924602025966,0.004531801885196472,4.311045117274354,2.7956922490045906,-8.473370061786756,-1.6088267242620176,-2.5877664427502842,-1.1133982730886491,-2.0495812381397696,-2.630895459380686,0.930664423492967
-1.2865569050633634,-0.9093414558178763,5.189520679074834,-2.7917789931411447,-5.767519130742268,-2.5057524395094846,1.3563902377912644,-0.8878136821168588,-2.4083012460906605,6.366925548754626,1.598129627271395,-4.17327250688756,2.7198364401573643,-4.286074057794792,0.5655079280818963,-1.1163447785497724,10.127135709233421,0.8281761066772231,0.3359238967086253,-5.508774287264159,1.1394068836608318,5.89809992204821
-3.628163827878605,0.0733853779773872,8.73820311155809,-1.5380838206702858,-8.065976365784369,1.6945117596429675,3.2454027134929566,5.309299021644997,9.185603076447663,-7.995475551918847,-1.3116104062965395,-0.24173362268023332,8.259370847526304,1.7587927036177629,-2.8571229097871647,-4.3288898779316565,0.782424872453548,-2.737139788370174,-4.310709355657176,3.0598649371358406,-0.48039041649729786,-0.3370029410812102
0.8373883634860886,-3.8878947537756137,4.373717920304935,-0.3451146144870709,4.828690402946207,-0.20523833292033977,5.259455292933194,0.3871028717017451,-1.289503157148261,-0.2986475871121122,3.2368601058616764,7.224965700740549,-7.117171718968056,-5.253405128715127,-6.87844575528804,-8.561615398604241,4.0133264628180205,-0.42301018996570844,3.9487446080778765,1.4442011798746954,-5.204473479472791,0.43378763817986027
2.856740263075909,1.3942372709740807,4.275721178599392,2.083034048149938,-3.3439024063332106,0.3879523997322734,-6.397517613089809,-0.33186652752253853,4.35245934978402,7.869170442968497,-6.224386591558548,-0.371350633663548,0.10867558205564426,-1.8603138396300791,10.2457115962139,-3.9293303683631646,-2.908730938073066,3.3905889174514225,-1.3728916000164337,-0.4622190552544166,7.057191462820161,-4.884649615411018
1.992017635905384,-6.040101468896614,-0.15237183984921984,8.83157872239257,1.1638545259270467,-3.8371031788231065,2.077193426933199,6.21769988241241,-0.21525466398676682,-1.7540842472723175,-1.1959804845145998,-0.7882084190834593,-1.3931435743699567,-2.3668523700404394,2.2849490210249375,-6.746403483254425,-4.633657100376029,2.833284959960564,-1.3225388602582566,6.923680344162219,-1.037293492073043,-8.94670649623207
-1.8924344424196886,-1.36603373250228,1.7532054327834257,8.792935489035765,-3.387402311321075,-4.70415000182003,3.5706467293599027,-2.3767125219194245,9.781657282609771,3.461372493828379,4.899683467701624,4.470747153583325,4.442045204392468,5.555088033498741,3.756850431494436,-6.082796426623814,-3.851706222304516,-1.358547520847186,-2.946158519642994,-2.399754263255165,9.253218970293837,-2.4342438407719538
0.3386667663135412,-5.598759696227978,-0.014186672432942096,4.693175914415351,2.554522858052055,1.6853841359997512,-8.36488695741109,8.673642297645378,-3.0981923325706373,-3.4369924041143576,0.4022829174268302,1.7519160648775236,0.35466801282468396,5.766696490399419,-5.62248955288445,1.015902017649482,-5.9109642267517275,-7.088032236017229,10.6520050765349,-2.9740644861983085,4.013811465208919,4.944133281431238
-0.9869739491508017,-2.429114249586744,-1.629800846327657,-3.8050864980430577,4.808908367833336,-1.045971921609638,-2.6751967924432787,-2.213681468535155,1.2830931139577728,5.6401908362088635,-0.6079811578920307,-4.314068991503664,-6.716026230014322,2.722479281922995,-3.4161593099111163,6.789426259620206,0.8298204763826093,-4.9531394263718935,-0.8800014820661486,1.9363385081904414,-2.5923036764109537,-1.9924646243223456
2.2910023431551454,-6.719916704349081,-5.848909128682057,-7.423742557330588,-4.814666661041684,-2.585665956853497,-0.5871112234265188,-3.371447286118367,1.3586679585325263,-4.999186005896923,-2.511895694811645,-1.998813206370348,-3.736021152939104,-0.0030734058618012584,0.8645207619492042,3.7479032924454017,-1.5113171027734622,-7.126524399090064,-1.265270705570443,0.7585980245596138,5.498281236868765,3.6079676718863105
