script/wind250m.json
{"header": {"parameterCategory": 2, "parameterNumber": 3, "lo1": 6.000198445256149, "la1": 58.999992894266676, "dx": 0.5, "dy": 0.25, "nx": 22, "ny": 24, "refTime": "2024-01-20T06:00:00.000Z"}, "data":
[rows 0 to 23 of 24, columns 0 to 21 of 22]
1.0933356314232137,7.7966962424396735,4.779841970970368,-5.428516879644763,0.5404377244477834,7.4169158735745135,0.6401680875832879,-4.983261400256502,1.1367494053448575,4.348267204840374,-3.9736832401722655,1.4480534351881162,2.557751272821112,-6.861051763850688,-0.9773127541535509,-7.20680821590356,-5.360017687397538,4.719351358190044,-1.905504567070938,0.3100604615448979,-0.3553741485590134,-4.956080904954798
-2.490836027315862,2.9065505052530325,2.867086463359534,-6.094600778425485,7.04277681297441,0.2765997582221654,0.5205095339205403,1.1340169136950777,-0.3320269689916237,-5.908985901150228,1.8513359673997392,6.79970920408394,1.9424305119496195,4.980393946341711,-5.08400131349051,1.7445358827908797,-2.6259581782809374,-1.1170799880121651,-1.1015992407296977,1.6494344556050329,1.6305117501392294,-5.3561417410431575
4.024879431427208,2.453685657767364,-4.584022134496417,-5.733002712155657,0.9556452038577257,-5.5822601518404245,-4.20838528867571,2.6652823670474857,2.8491456314935664,1.9232440643141866,4.056327812513164,5.1810421779227145,-6.44948755026313,1.9305147957150595,1.3193164191322548,-6.043031265243422,7.653822411425993,1.7913448515174426,5.087051818780869,3.5201126342031905,-7.090018165254808,-4.2690331437100415
-1.536817820607569,-3.58489997735992,-6.372823256723882,-4.959496145360405,3.3588945670300854,0.5020650916012771,-5.252275929188653,-1.9064026786368689,-1.0503730175057053,1.6996552428701501,-4.1626273181037545,-3.942630853131731,-4.317325295781929,-5.912339693886127,-0.6178586119762574,3.920653957026481,-5.808191366505217,1.41348748242597,6.851626654886136,1.5338732030027695,-5.337680169688039,-5.068508692009363
-6.441511530927156,-0.13460014805315307,-2.933040531947999,1.0422065936228186,-6.190752250712317,-6.121103137783323,0.8212414379106245,-5.728929343188551,-3.629253514835257,2.317087132971388,-0.37826381067425474,-3.674007226567214,0.37911397312331685,-3.8315112147053374,-4.144376126659907,-0.5300227433018497,3.2408532171970776,3.9452860592949097,3.174544719646023,-1.4995794956728863,7.677166053573597,-3.073435516959991
0.269848597686719,-0.07886393221218331,-2.542640234825272,-0.4062234157373704,2.190422685128127,2.6276059640857743,-4.195927059683697,0.3263415108182436,-4.38610058429799,0.8699356867358695,1.8490694922640842,-0.25450812944332074,-0.3174296584878479,-5.675263520587242,-6.279132966062579,-4.519971606452195,-4.421687736990034,1.7476439968477078,0.9378724720826667,-5.0966586745917875,-1.1644230144090193,-4.899707609831364
-2.021148015997657,1.023304076621757,1.4644807895888499,-5.043054176868835,0.7607787446511196,-5.363038741868154,5.579121026099652,3.1350724779309083,3.943625636915307,2.869835371797532,-5.16937648501033,-6.807309227942413,3.6914728265256604,-2.9498938443485296,2.632899954528207,6.404171577285317,-4.74612017276932,4.787783776987016,-5.583303299105786,0.9682696656559558,-6.413901877283717,0.40476167636703675
-3.298479690901616,-4.663999366211005,-5.496822013387651,2.428241081275243,-5.789483331071371,0.8216052575579293,-5.171084167189928,0.4782745392249901,2.880984687536785,-5.942198651513408,2.05354841961653,-0.03732499550180902,-0.6432121490279264,-2.651269210985074,6.878775300038345,-3.897343364056519,1.8813745066564176,3.1310005521018747,-3.171258569651231,-1.7337828024778361,-1.3123489905078014,7.791865867104337
0.27273586023374535,1.0880348729240574,0.10625987470464159,-5.2027505085308645,-6.283733067515288,4.732233515246579,5.3679199974997385,2.2746540047046837,4.836891700761914,7.0449267821245085,-0.38440676023184805,7.76358931988548,0.9850449559249246,1.1941572939694005,-7.347382011824939,1.3875356428983066,1.463696538700987,1.8131465594928116,3.937603296759354,3.0536766079338014,2.2828454395691486,1.741599179406575
-7.320609071634519,-0.5470731431562602,-1.1757435066080755,1.386212540992586,-1.349916724257831,-4.157073119977729,1.3204862191887583,-2.2729123907493944,-4.49916356703664,-3.847038041229241,-4.365342748640609,5.990268306393547,-2.4758812244643864,-3.566108982669798,1.4315395343832364,-1.2784696536601874,0.8797361310328301,1.1713864852987654,-4.706833807416742,-7.192094755137941,-6.964802940372536,6.780805746993784
0.6352328548197305,-3.6868902455105417,-0.8156402558535784,4.090408603756366,-5.375383043754872,-6.500295689260114,-5.067712978640551,-7.685897975645501,3.229932656319089,-5.23443817844718,1.5700984879861621,4.076281792451913,-5.211375489256131,5.992956439750596,1.7085710061748767,-6.885219343482203,0.6728361896515759,-5.119060739844764,-1.7766520156659966,1.4946307202281142,0.32972425686394496,3.7189068736668687
0.22317013933729513,-2.228912835802154,-3.588074886107782,-4.008137496872748,-3.5774304506687256,0.82626524828361,0.3393711922314256,-6.905261567795883,1.1138979596705585,-0.8926053699109657,4.691680340978205,-4.178997320587122,-5.300213686579505,0.9364302116323783,-0.003491537166659297,-4.786583333830347,1.8067975613709584,1.9423894694986779,4.21751604596394,6.394911326429793,3.103527614364856,-2.106497675892411
-5.652316958558834,-6.3393982168565435,3.8333487762820915,3.902555609744149,-5.771079007346035,-4.633543189403125,5.171784912190585,0.6366989470207564,-0.009133545819815604,1.5492119546696765,-4.776120304712432,0.03805790765938409,3.2905551046905472,0.5813887722438169,3.1268201163297906,2.7076176721085843,-0.5760129423379946,1.2872164773290165,-0.4698394992050554,7.540229189833511,-5.924211740819503,-6.549329482802457
1.562686456995473,-3.1042645770078225,2.36508193024523,-4.507960576524157,-0.23183172348745812,-1.3290785975478747,5.27680518424574,0.7461496469452055,-6.85186335561977,5.961899840661363,-4.765450575355604,-4.337154315232601,0.7337100363927869,1.4300826587583058,-0.2300069833022747,-3.9327171728194243,3.9159306167303036,-6.301947011558509,2.9533797111201814,0.058801365068475345,4.0560540247214645,-4.994011491437755
-6.2532572686570225,-4.453589368919688,3.560043873539706,-2.2755535695436886,-6.833635790530105,1.1182508857981195,0.9656058249782273,0.7871137014537319,-5.636001278604941,-4.554827622161564,0.19517899904480546,4.666758226109042,5.241412364454529,6.798034601427,-7.55406766733677,-6.770154155163727,-1.5468290763801342,-1.8265717749066783,-6.495808626891149,3.286086882482251,1.7784352616559753,-3.9330139928324708
0.4740375624537649,3.614153877397818,2.917213752057718,4.867935212249303,-0.1308999505255951,-5.075795860802242,2.4002737234309146,0.7580329060268015,-6.314156820927875,-2.049454894714292,1.4887924924257567,-0.9287705691064013,-2.6658297618767466,7.796578911967663,-2.64893082539122,-4.731611494633771,-4.980675382240395,1.8112453980220906,-5.898222142650048,-0.7688015842746828,7.726800404814598,-2.513587539050462
1.491134376380236,-3.6301561938921503,0.7519285538008814,4.132761509335899,-3.9309311344930205,0.9467452071736877,4.63043617854031,1.8857652723645868,0.26036877852298307,-2.7078187209226177,2.806096171824456,1.1152552932137503,-4.212033418825014,-4.060473947468931,-4.930977840299198,-1.8376441480107992,-5.079731520675023,-6.210106793031324,-2.10567735332349,3.055307416215014,-1.1257480877792494,-2.1114634681411464
0.9935334405064663,-4.7613505613414215,4.856305657424709,-0.8164384422970495,-4.449949193511818,-2.337192414930058,-1.673836986807171,1.7840716298968817,-4.57297228688286,1.4452618254255498,0.6560254972335418,-5.413660336569834,5.734197624487493,0.4311397769529844,-0.345336262650146,-1.9300311565672388,2.1855696689584065,1.8443594309361002,-5.05999286199707,3.6400237373752775,4.925124985092106,5.943284032384429
-5.281440508593068,1.2772937487545006,-2.9192684155686917,-1.2199822270603373,4.081033088287891,-0.7038268902706474,2.285984808901291,-6.040600444030224,3.6112353498187497,-4.696122323105506,6.58129800011558,-3.524306546880781,-6.664267270031903,1.5487151376716384,0.624901722688545,-0.9592114555276648,2.034301378770931,0.041377328804836876,-2.383567569657678,-7.233726066291489,1.772875934309733,2.698410733665018
7.9416472268346565,7.236672888472119,-6.67944583392712,0.42830946068360914,3.713075528731392,0.07310498203432605,0.26201413158906645,2.199802196161073,-5.249492902297881,-3.375431011123067,-3.298221655534108,1.507186207344291,-5.110805971690553,-2.243242210308208,2.5136043046757557,-0.8677217133883791,-5.9030537602120425,1.6439172410356584,-5.241549272184638,0.6755774078430908,2.604308926275612,1.768439448361806
-0.590527271957172,-6.4738232525122745,3.893019577536867,-2.9679797504594254,-6.152704708803161,0.8375191926149067,-0.2411806747340119,1.819749698843124,2.819280012039933,7.539455692285482,-6.222614525137725,-4.089403884301442,7.748792268469971,-5.062756992031755,0.05789743083690865,4.406804996373991,0.540260649170905,-0.6094715122157396,6.85639186171309,-6.92331485298666,-4.880017648178678,-0.2347346664467409
1.0960131348169218,-6.9439029157528385,-0.7006205393019603,-4.813928617572623,2.2127909837293758,-5.449233197272269,0.1609921701144694,-4.276657699333044,-3.298629325611034,0.759513714796493,0.5701535347191434,7.072363258073887,-1.7133111833580692,-3.30031273934809,0.8139644259977812,2.140296809586274,3.9251276437545934,1.0133693236658503,1.3563532803457872,1.2079654089742151,3.562062306251156,-2.1962917295183004
-1.542505072624978,-5.997690939665411,-6.7607337254936715,-5.223733479715209,1.978536440787235,3.102398252835754,-2.2287169812920746,5.6282728131346165,-7.347149836896784,1.0871682882133662,-3.705072441746041,1.3583193079746856,2.2456093345434525,-4.927295468568826,7.164292794446386,0.171427231664874,2.838341442018247,-8.514530247962588,6.4258803343590385,0.8923620151171925,-3.114869037323682,1.962059649422039
4.130022635849355,2.4665553435858985,-5.5161419550242465,-1.9136720472778315,4.328772871076929,3.364937109976838,-3.963403353599768,5.254180535847767,-8.253915901676251,-3.4557973174778986,-5.704688162040393,-5.685969805947649,-7.142412010029467,-2.970577895004094,-6.603610203109718,0.07734967744221677,-5.852144307653453,-4.545571266056283,0.8048351686197814,-4.352192549611772,4.813236133632506,4.061488095682211
