script/wind100m.json
{"header": {"parameterCategory": 2, "parameterNumber": 2, "lo1": 6.000198445256149, "la1": 58.999992894266676, "dx": 0.5, "dy": 0.25, "nx": 22, "ny": 24, "refTime": "2024-03-04T14:00:00.000Z"}, "data":
[rows 0 to 23 of 24, columns 0 to 21 of 22]
-16.78458005633175,-6.9687684751607755,-10.695106685171906,-4.126345070313523,-7.418054480669929,-10.353056398874424,-11.991443730646203,-6.162635154728414,-4.248482820922981,-8.466587088584195,-7.298634090199418,-13.096078210904432,-5.051330640697385,-12.071280762287637,-5.1581332363400625,-6.556626133378263,-7.4816239082946385,-10.136850601102287,-5.619766651201631,-6.311633376191313,-13.656048897678277,-7.334314637825562
-14.931189001747443,-8.535607413866268,-5.654231208425869,-14.333981279056902,-1.8251652735894615,-1.390492632652534,-8.889112695835959,-10.202261567249439,-10.806183575493359,-13.587270969881851,-4.0888693402111675,-8.877091720080056,-10.386421768083563,-9.481340138416437,-10.37381154228074,-11.08587842753142,-5.695079911032569,-5.433104194608871,-16.83230102296296,-5.744777069085693,-18.829016025299254,-10.054056673580709
-3.768746407170478,-7.595115677378787,-9.7302348563071,-6.861364709413058,-3.9120843737771565,-20.14729944171252,-4.3739797120111845,-7.783500244867445,-6.681213506870014,-4.747301631531467,-7.88692267956826,-14.715733400672569,-14.131978798540048,-6.728487833637384,-7.837953603860984,-6.6052786223859,-12.409591120463778,-6.6999725280990905,-6.239821639392159,-7.719454802599419,-10.238022298108831,-13.12979973501937
-15.361526826958746,-10.618024644457252,-10.011132902438375,-5.963318823597654,-7.537274387656525,-13.674566904303344,-11.140896532575631,-14.931351397818124,-9.836364646451056,-18.466798802943504,-19.901976983287824,2.6762943085984756,-9.084596761783898,-9.893666375103324,-8.324305501750928,-6.378381505122355,-0.8522854937836369,-6.835050487563253,-9.992401004998076,-10.927317559060858,-4.948119612533819,-8.465310647682905
-6.573279676579571,-13.014071258847006,-7.054316367150674,-6.540355563577381,-11.067101284399735,-9.812352144581768,-12.795690445355651,-11.62504479769418,-3.7665981287893793,-14.56978435670381,-14.079096278836449,-8.097337087037975,-8.85962907663539,-13.350109592129762,-12.138926677235158,-10.475226452962533,-3.541440943726961,-9.079177029281395,-12.060129975772906,-7.590821252950414,-10.995236268265991,-9.277678622890676
-8.583015350913927,-9.530383700219213,-10.154127422206788,-16.324909970924082,-9.397979867131381,-10.500330696266374,-5.204489835179107,-10.072005138969192,-6.834380148165369,-10.863345829485306,-7.505185752230961,-6.681972675312086,-9.782151071066309,-3.9425818193571494,-12.362525293166357,-8.958662150123613,-10.513960809642132,-12.52254041936697,-18.8479885818239,-12.584598046925567,-3.3289178069424983,-8.708889036553417
-6.518542593680015,-8.741362219806767,-9.449447196783307,-11.186274549631289,-9.816914708091693,-9.113753944102259,-11.295186670699927,-6.571349965872287,-7.75863272149057,-6.534396555841013,-15.911965495633398,-4.420554479652751,-4.373859547811714,-11.17126398281764,-15.909417960611618,-8.070079567822598,-5.527267501117392,-6.417562794669155,-10.697113787043298,-14.78333709609223,-22.17863982174072,-13.934140217947167
-9.424692540188987,-9.147552227142926,-8.78858082860599,-8.901329734805893,3.209115092597121,-5.422816329995907,-7.466281568282379,-6.6539499944687295,-8.391973411591206,-7.281159550818291,-10.152414071965174,-11.908408465978562,3.033727062914094,-10.966208497320347,-11.193139097356747,-6.662289703124835,-9.546359901248957,-4.869916704432227,-8.042569096970578,-11.34482353899309,-9.646774500352832,-5.703235198158586
-10.770610094333525,-9.12788718396623,-8.079997419206284,-10.934268896954196,-5.388997080256931,-10.251360008129003,-5.412121462906302,-4.287206188092178,-4.750020905229548,-14.496977324706993,-16.03604689956174,-5.6895647845023225,-9.547016600644028,-11.452930427674294,-12.948416124278877,-6.3953837357900225,-7.405639651658373,-5.028402045413628,-12.595326569931572,-10.911288527134927,-3.289277838182515,-5.768669841934582
-3.816709168715656,-8.244653088542293,-3.351349030766764,-11.64698950266104,-10.218925980503517,-13.091650460617215,-7.068009587310781,-14.729589024051085,-10.758373795898374,-9.824902910741098,-8.271571507167316,-11.832773067014667,-5.573309904394135,-11.79743614371705,-11.748675407535444,-9.708570351150637,-10.52895343763581,-5.875005557978417,-3.4319156359282306,-12.114467491340495,-8.477503802589021,-1.9932137255262097
-14.1176591649194,-8.740619478089165,-8.832182833051348,-11.139201623411024,-6.645745295118338,-11.042864226167069,-7.554624464055999,-12.673137768741723,-6.851015959980037,-18.58785120341459,-6.719024074934767,-4.539960128612595,-5.204087519746041,-9.086614195644133,-6.136238418019599,-9.520359857017777,-10.688170988786414,-9.407189017498165,-7.800998842985846,-5.811495693404834,-12.18818441951659,-11.425109148343157
-9.978971447203815,-9.737855053284516,-8.639180466084442,-14.72779077257361,-5.079715185828952,-9.399883090772828,-3.3978805445919584,-8.952792462042323,-10.25732096832802,-7.871755721716183,-4.147168066348104,-6.665076534934596,-4.560645567441148,-15.487837698733424,-6.146621319037844,-7.754630772799699,-12.438086978260653,-10.926214466602422,-12.412496915025828,-7.4430253871675625,-7.401169057799921,2.1871979567840323
-10.718601759390962,-8.745617379201219,-9.617579460150674,-8.76996880599499,-1.125542874289553,-9.849431418753666,-4.50707422399356,-4.616448577472349,-10.786338254776277,-6.848479371553654,-5.63586231326482,-11.689480950874746,-12.238534521817142,-4.201130984035721,-6.536736506328927,-9.522072663936369,-12.184105001887437,-13.904020858424543,-12.438312258446054,-16.4841414632325,-9.444606557148358,-11.221938761891158
-7.956708865817167,-8.488087741468089,-11.454336429843591,-3.2370647660586904,-4.055873891648375,-1.839822891962197,-5.72583310204704,-9.377775381995397,-10.269069985343801,-13.854834890396178,-8.530207538289488,-2.974471116489584,-13.968029903365897,-7.5637110292910625,-6.513876673819983,-11.414550728949648,-9.986384151630139,-14.155029655820856,-4.037317736266892,-13.384075225462926,-5.70764321243294,-5.247864404114385
-7.412465089963249,-7.048854298535033,-6.555974609874033,-7.797825828845237,-4.849659827761198,-13.86859285827233,-4.425762360528953,-5.896790938062336,-1.560678470518425,-9.46968936655774,-3.8466827293186494,-11.534408289058609,-10.521452006049357,-13.237713224044462,-6.88112948804005,-11.115993836244261,-13.794375837710492,-12.303272884733296,-6.836873814184102,-5.062102588459325,-7.077537760134918,-11.430148480255221
-5.870157377429439,-10.875216852076555,-12.257686522138414,-6.672121696449656,-11.648603823923153,-8.522533505882736,-6.630087839248988,-5.368461006223215,-7.3621334422698865,-2.825780753118011,-9.19171820550659,-8.860735804949634,-3.6761531052072742,-10.111729635569503,-7.0993630103117304,-9.854869727322063,-0.6993467066901713,-8.072044923478051,-11.255274523664966,-9.90856093437611,-9.586123410206245,-11.591725959363846
-9.667075565131032,-10.345622758590512,1.527701075415802,-6.705655908667888,-15.650798684381796,-12.22680705471986,-7.832640503271897,-13.006877669348059,-6.347437543273056,-11.38235661507582,-5.728674959640337,-12.032735506084663,-0.8671850372271431,-4.578263898504602,-15.455456171568011,-9.671388002111927,-13.628379402452886,-9.188105473318531,-11.316027834542716,-4.604957604987787,-3.9866711479258212,-10.711412575077176
-15.549759107452035,-10.001088086761325,-7.2403435945500085,-7.3874560689563795,-5.899938518567122,-10.745254529126294,-4.034162955683445,-8.276315041373975,-5.809652740301849,-6.092713406520275,-4.524772133295712,-4.027299090147927,-16.48967639612177,-10.049929952701717,-20.567431746207742,-15.387929867322685,-4.742572371553008,-6.671920632437686,-3.9044222417859578,-14.852593401989381,-8.45947262871486,-13.928830809424671
-18.125261816509013,-9.624989060016121,-15.068787374748739,-8.984627261879288,-7.987291309926871,-11.397914678532366,-9.78307227031759,-10.015342618914788,-11.384256211097819,-13.24531666371635,-12.11402373225083,-10.634412786271819,-6.910064340889133,-5.422380530984398,-2.086851391417641,-12.486931084855815,-7.318167568813048,-13.060615436681823,-5.443716046012599,-7.611804171067929,-3.0946599051951567,-9.355719581023543
-16.059294591106735,-8.944846164598806,-11.15098898726899,-6.801518667463825,-8.734722420658404,-11.269345510804294,-11.800498454022765,3.219107355049764,-13.462994899748423,-13.95698149359747,-13.402313727061081,-7.427544992608243,-5.235529813579563,-6.268731788998405,-9.12149834733876,-12.850099253567313,-9.582923040416405,-4.597339275466581,-10.130020841225914,2.6308626776226043,-14.686822039014967,-13.01021394540227
-9.271510758005268,-9.177611284761873,-15.47214839677358,1.165828849949648,-7.83068058399382,-11.15898270191993,-3.3095835385680417,-6.594619765839296,0.6240847014821209,-4.574091476227358,-4.999248992901022,-5.619258105979778,-4.939110750136307,-5.202453638173778,-7.051171195236856,-11.6435572199324,-6.4814731314445355,-10.618192378766432,-7.956543724343776,-7.296571287654791,-7.679964090783568,-8.210898951907552
-5.606942812250373,-10.8379727057089,-13.915085924922765,-5.565711583783175,-9.627914658429232,-8.435071440241003,-9.437380370926498,-6.2462334011925975,-8.735119525150079,-4.398893314282947,-8.90425553706348,-13.230202435909245,-13.268586927250176,-4.592626646074966,-11.1677826930845,-8.956218601766137,-9.839872792859314,-6.770935216984816,-1.226176677577051,-7.544536327808332,-4.254808415928357,-4.302587805132491
-10.43580024577364,-7.398275310358001,-7.244261672866816,-11.86375078420163,-5.7577151541503815,-6.9648547615135,-14.10103275189319,-6.241413880815356,-10.924835400178715,-5.656697071893887,-8.402649699065314,-9.027351450980742,-12.558841289612445,-8.47841206584469,-15.650367759455959,-0.5108358691605164,-9.933504409328172,-9.455579822348726,-6.028927406947433,-9.068848990850618,-6.415226181705661,-6.927346961333717
-20.41376446666723,-10.783695964677646,-9.965238384274482,-11.802953926046296,-3.630844266937372,-8.844148659844036,-8.668824683958254,-12.903355914899409,-11.212443430395481,-8.587366166767476,-9.13987799134927,-6.30944325085053,-7.942875115070025,-8.683381226721801,-8.860270300470308,-13.020832322934119,-10.766987688423608,-12.320293237412375,-10.309778058910563,-18.06585067056509,-4.140364249749434,-7.389828971658809
