script/wind150m.json
{"header": {"parameterCategory": 2, "parameterNumber": 3, "lo1": 3.000054539987559, "la1": 64.9999836372058, "dx": 0.5, "dy": 0.25, "nx": 34, "ny": 52, "refTime": "2025-11-20T11:00:00.000Z"}, "data":
[rows 0 to 23 of 52, columns 0 to 33 of 34]
-10.399335684195348,-8.549091602445724,-1.9354805790325995,-5.33545254943088,-4.3627347636747755,-6.936432767924054,-8.79605106776648,-6.269817680619422,-9.054762354547016,-11.640800168301832,-13.664192562154037,-10.623643124602198,-10.151571089831968,-10.399868738016501,-3.0146755003410557,1.6136195878442443,4.803663595143046,5.299293544745852,4.489207533219022,2.4867417338683326,1.420627491829257,-0.23100910978243774,0.4893775180792925,0.5264639755993994,-0.43865523323104266,0.053364112193435856,-2.771584456751624,-1.4874542673139168,-1.7309056313588878,-3.795029475579326,-1.7313471334926454,-0.6613888687118403,-0.4104110629760902,-1.204739333328435
-7.408153839690484,-6.405645557833889,-9.11661976435838,-9.010509891573095,-8.89373088987529,-7.571031547634339,-8.032724379928013,-10.115768621774993,-6.196597288345168,-7.7962714457927875,-10.520561116780733,-7.282465044911634,-8.662959653315548,-10.453314942680663,-3.908182766640592,-1.4546886527915182,6.027272720137127,5.147108095316746,5.277871456962194,2.4709201089481425,-0.055836372019847924,0.5983081794149251,0.08547457036856826,0.9444445571207445,0.6861239941169457,-0.6770534683063344,-3.1110773533558413,-0.7201697127521974,-2.654145731828497,-1.1423585260200875,-2.6468367994065036,-1.1232948606539197,-1.7567799834398934,-1.2151541091454257
-10.808570097983461,-6.334073064813542,-5.957503039360644,-5.412852638120422,-7.474170649198781,-7.810547313795439,-6.752034852309043,-5.237931520471888,-8.469895130071595,-9.24815512189792,-10.15338761364452,-9.460159145463487,-10.930428123526143,-6.670991611796239,-3.779481962468954,-2.9448392137640713,0.16421142674618347,5.64166798630959,-0.9967926385206194,1.9781564198832198,0.6526690089330859,0.8415545583548653,0.2368873297800055,0.49365576705211583,-0.7889305386112068,-3.3713464404527222,-1.938278085228813,-4.203678693264095,-2.107247482556449,-1.5897035860523638,-2.3031667326689518,-2.4811638485493033,-2.319273980268092,-2.2925932049394246
-5.9026828710947,-4.960480945425302,-5.253929017948323,-3.304939975390381,-2.342910382633379,-4.101819712767284,-4.734988404706212,-3.51632808946847,-5.229254331559644,-7.141612865607967,-13.68516096053854,-7.072490883904649,-8.976884520761534,-7.47139364670445,-7.604056644397605,-2.609047673267781,1.505842730637334,5.011325070496587,3.8050255181149115,1.7719179984579687,0.938982883639303,0.5017520077662595,0.2449230781337001,-0.4597359276988248,-1.486329206816005,-3.343891649105128,-2.0412592855459306,-4.316645832428055,-2.6163162188962774,-1.0959208439057815,-3.207787174742523,-2.2142845597348786,-4.450857398931322,-4.489038317903394
-6.741644661579661,-5.581079705238245,-5.12865780728754,-4.991845550214713,-1.1920148472346292,-3.6374730271672533,-3.5507300324309763,-3.874287698894996,-6.02266978091251,-5.528837147809956,-5.4771594915746,-5.582512311778321,-5.92033525348108,-5.9380411885802,-1.139423690217925,0.21616440014245966,0.8547120916159258,3.0623709399604278,2.360665130075286,1.1349722471868924,-0.7876891448367149,-1.4175742663328323,-1.2106615448545641,-1.4014003049950507,-4.456893181909721,-3.8610441591795217,-4.70122622373756,-3.9511708753800425,-3.3435446870688446,-1.9876453339989226,-3.1151374745352176,-5.701419752477293,-5.262825644583557,-5.695063087194853
-7.753234471467749,-7.377392342261224,-6.845456607203926,-3.406541259853802,-5.311861194985791,-2.577872531528439,-4.821267467282709,-6.214163888230454,-3.868808118536311,-5.293299375088523,-4.463468548054014,-4.256128218606917,2.8702792541016677,-4.064824278161736,0.9511275901042198,1.6929225960616092,3.1744516823630593,3.941700005484819,0.873067799513418,1.3411582088275802,0.8525416207686098,0.24451983109174202,-1.2756732381107534,-1.1662336515498926,-3.6722614170659313,-2.000540877401261,-3.982625855217088,-3.952349564675605,-3.9697627608504815,-4.494047351254995,-4.948393015936147,-4.663425809490815,-4.3047023873274775,-5.893684629796587
-8.531430523632258,-6.654380623883776,-6.175300843659442,-6.095091937798462,-4.381972826305971,-7.763231308543621,-1.5544959781425387,-0.294574165841018,0.5612063918513192,-0.4543370964406539,-4.29618583862813,5.952288488671296,2.6587690228383853,1.5496165441311105,0.6877073929487544,2.9704716921351446,3.309818719382914,3.256867397873193,-0.42156481324756656,0.8091621840444473,0.171967915901395,-0.5480867116359718,-1.177998254068294,-3.768189289817087,-5.517550981834889,-3.303012963567219,-4.620167933858849,-3.513676140404731,-3.300796008780604,-3.7569145243376423,-3.590780102030909,-5.030564274384096,-6.040282955722998,-6.446855020512622
-8.370771110722998,-9.148750324043881,-6.117766714294842,-7.169041958879419,-6.9711669976544925,0.1841094016098745,-1.4934106096962263,2.3505069332783193,2.1531463275079292,3.8512144518793483,6.437471934165261,3.073866247335476,0.9844526980644054,-2.1716260467513213,2.448565183412949,4.340558545942462,1.4693211658890115,1.3739186867546829,-0.6319091407827888,-0.7399781787017734,-1.9681528435136015,-1.1533850493063709,-0.6758249010334212,-4.014721130043153,-1.9800836709138736,-4.07740591416108,-5.707149249836309,-7.065994923395234,-4.695380225611951,-4.64493940039262,-6.29166316272106,-5.007757456606495,-6.448709816304929,-8.750640765873278
-8.101066855708854,-8.485026776641861,-6.975250677811517,-7.0712873303683805,-3.6849205600663635,-4.475166548690462,-3.7897138440854317,3.314699468404984,5.729357638755284,2.239323784431358,2.461698967123348,0.7054532624623238,2.413723782913271,-0.3707444542552179,0.6656658742765773,-0.09866842194474354,-2.43601431355201,-1.4800677115673624,-1.1457083793342655,-4.146747365782187,-6.692911283092959,-5.865858340862373,-5.123719156194952,-4.153222472323205,-3.916718486028767,-5.016520701678556,-4.568952207862954,-2.982677919640169,-3.9897514100763263,-3.7029440587216036,-4.513766158525783,-8.276421712266172,-10.146117485355836,-4.597113852712363
-9.919250845172176,-7.1811089743569445,-8.282184307931665,-7.349804827978024,-2.4835951463143564,0.8247998806960505,3.9338656718358083,2.7762038731587837,3.4818412404566876,1.2615322913313958,0.09540255340749865,1.215254381755445,-2.9502432631081716,-5.223041221715294,-1.8672687368905212,-4.048822579227478,-2.7862050460757053,-5.871297659043964,-4.633085808281397,-5.657565079434202,-4.649741886766571,-3.999856838967055,-1.6302166558393778,-4.003401397757697,-3.5167006583123737,-4.995921944449988,-3.8803042509323684,-7.589137199825266,-6.539196449148257,-6.149455026715221,-6.465310390081206,-11.29063717523927,-6.471757995819942,-5.901876321624731
-11.22514291790827,-5.268181655645457,-9.68455872516113,-5.4667555952514,-5.645827025516188,3.879110381767763,1.2952411991788846,-0.8051138690552103,-0.9661180944092757,0.2852045747517656,-2.75000257138024,0.04321600689480141,-0.8375454548855608,-7.676528594402573,-6.555963956006774,-7.2660706780226025,-3.3962138609549233,-2.457198008909549,-9.301835667792574,-2.609636475054804,-3.3702626117440655,-3.1681792271431255,-7.112291989106958,-4.40553222899738,-4.729600404083743,-4.322592866072884,-2.3284325152856526,-7.640992072743678,-5.924308958392322,-6.133309098813915,-10.062822263776,-8.290001051221024,-9.015509291874075,-4.252745089690788
-6.323250455674632,-6.1130324056684024,-6.480910686277234,-4.683168899204806,-1.895521479544837,3.7482672652505054,1.0190918507707447,1.4399352057966457,0.046822807101973896,-1.6708481883594768,0.7349026227268592,-6.53944918444565,-6.373903752893734,-6.971416596326743,-8.361669764350808,-5.543280491784248,-7.108402580748648,-10.119767614103354,-7.210305765910663,-4.3465657320129125,-4.517512212802904,-7.377347229926352,-5.210207313490641,-5.8539538418294335,-4.656751268200424,-6.401501626412703,-6.121208489783908,-7.310514215902815,-5.25173414227037,-5.660985684754318,-12.012893848559072,-9.582028897815581,-6.560901227431878,-4.4840993267409885
-5.560357006222855,-7.930824881116463,-5.480662955642262,-7.30265480096877,-1.3578710199734716,1.4502095878535366,-0.2736973334466094,0.2894204500406365,-2.7030153281961247,-2.437645779619636,-7.8051823055725,-8.133520863320799,-8.067193812110885,-6.914393715233804,-3.90960442813484,-4.029871841751962,-8.764476277784853,-4.929627391268698,-6.0407669306468135,-5.7680333321655155,-6.837763201968157,-5.32745325395558,-6.97868987032793,-3.4259815311150597,-6.588824063334787,-5.010613865405299,-4.6049244111109395,-6.704222979917066,-4.884266445662062,-8.774509018463752,-13.564711438150725,-9.658127094255184,-7.726999870270797,-5.600818048686188
-7.0567434378862055,-8.46071706932602,-6.510463495872159,3.4798231796431898,0.5336073104690956,-4.747832600414078,-3.5814829693614656,-2.3256563848661034,0.4944457044404122,-8.15470528635542,-5.850262325462274,-2.1953201692991797,-5.006578401066409,-3.454082915245422,-12.154229249476511,-4.573657015882851,-5.805381961963412,-1.3002461740914166,-9.404707464888029,-5.157997949005061,-3.392413142717855,-6.429180537396439,-6.424198610945505,-5.416616002947341,-6.391167098759177,-6.944096760304612,-5.328653930133885,-2.8143827725018675,-4.250079157825635,-9.502254328611446,-14.26277782962455,-9.27335199902522,-8.993127560970953,-8.701807108588449
-8.39388311626212,-1.456760869292808,-3.17515989162765,-0.6402832465837915,0.40721615228385366,-1.3427574535946623,-0.25913711520833244,-2.8385452685891193,-4.731499955038208,-6.080160690517744,-7.884257232407342,-8.509023306127496,-6.4328013392266445,-4.348456399947777,-5.924918701835979,-7.661442683468499,-5.974432852301758,-5.412298996193378,-7.256914054910802,-6.517600610095439,-5.984346699966211,-4.845947098908563,-6.905947624109332,-6.0928174128609,-6.933501501246967,-6.97771431055266,-5.449206794228062,-4.4686700244181665,-6.275618989937504,-9.94410790676497,-14.985715298569001,-10.507895873749304,-10.381462871800453,-5.820348607560945
-3.9663496664213165,-4.314341084663113,-4.545602090100462,-3.1336202842939724,-2.8859866736315665,-2.8886501458301574,-6.370326376283585,1.2880222750185881,0.74065459969901,-0.807110745840986,-3.212976262158134,-3.061053253054442,-6.799949576767822,-12.915407112340235,-5.272975646492354,-5.660991349053157,-10.414378119400583,-4.040292269054497,-4.732324275878058,-4.552706840612932,-7.35909538971202,-5.716758085337118,-3.2691375527982185,-6.712075625912535,-7.739272175156626,-6.709235082070508,-5.386249306607539,-3.5594119094215153,-4.011753318729218,-11.389408194213011,-15.15577206379302,-11.663610419097129,-8.671558332425336,-3.6147099326364223
-5.948736772268649,-4.960635261064039,-5.068127335502516,-3.965004159633051,-4.2287032998862095,-1.9102391011600623,-7.781952605029486,-1.945429510209105,-2.1511740409766156,-1.9677854473811804,-4.1511075865181155,-7.089510433448186,-1.9931042840096496,-2.452693479965273,-3.0986735222279123,-2.322864658288292,-5.520248771143583,-3.805371387710852,-4.8245061875121555,-3.2805028077665432,-5.924282251792944,-7.396021038320196,-5.926340101235805,-4.537304734175802,-6.334048181280679,-5.2480888517429785,-7.121685716137212,-7.623865339156346,-6.990887636177617,-11.425298391646873,-15.60589345216434,-12.689380461988096,-6.676612179423154,-4.216280494101022
-5.807254259736767,-5.687461164957003,-6.198474623235168,-5.2733839859459,-3.7342405814009516,0.049376921866479,-1.6542527010525985,-2.5937760220850463,-6.320545673076081,-5.6883035149295145,-5.894511527968906,-3.618188223979588,-1.7125226196992291,-4.782707529707015,-5.681523034328122,-5.993689843609267,-2.238122829177812,-4.971858625107321,-6.249339927044315,-5.459209985879036,-7.097393444357481,-4.917356595499761,-5.523763285654386,-6.541694365147534,-5.223876529355189,-7.106765604673608,-4.650364485101104,-6.921118084715878,-6.187120926985932,-9.977874787559985,-13.134851473712551,-12.919153065471333,-6.3263089417687715,-1.6231192752280093
-5.629374934691304,-6.328448384567721,-6.868973260650386,-5.3435507939692,-0.9022102926301255,-1.1089004761585755,-2.898762554668968,-3.405038348745955,1.2476413825601165,-8.531367515519653,-0.13272747942587593,-2.723746813244443,-2.6499252908812783,-3.876566781388474,-5.1833563651829175,-3.004658222926732,-4.214034931008925,-6.675278558619042,-6.785886045639922,-5.300075632476058,-5.349278665734585,-6.659272588021149,-4.671722219357033,-4.305259413963226,-5.445592156936787,-5.661510986316436,-6.884267188275143,-4.497076961331157,-5.540154520400075,-4.76315627758233,-7.713457307766773,-10.620833125448142,-5.664076885241399,-0.7524696017750667
-5.501592912272546,-6.367164937330782,-5.630024003508609,-3.9870363851735653,-2.6566052323861133,-0.5906419336619422,-1.2275985189899543,-2.654579207462709,-3.931237583486877,-3.11372185292184,-2.8771175631544543,-6.06946315374585,-3.1331357483487614,-8.461861456104648,-3.6691489659227647,-7.268563089009466,-5.167209184326504,-4.421263445912215,-7.291975367482428,-4.170231903181114,-5.394918037760062,-4.973580285972872,-7.802159025594215,-5.361172217189783,-5.482190026486926,-7.262762049942075,-6.072844531979793,-4.663941030411962,-4.680894705207396,-4.458589393971842,-4.881610291266135,-4.607907039583099,-8.484246969024927,-3.6844814468668208
-5.899283271744385,-6.2796855987315485,-4.669184261999062,-3.365547306881244,-2.5479524900151675,-3.421818136309273,-0.2540181960248538,-3.972355920672991,-5.983846824332035,-3.741668841966959,-5.000900489497618,-7.739565605166998,-7.015370761915238,-3.778609408259568,-0.053805205302404874,-5.255968258802406,-7.709661421963112,-5.983450405473537,-7.1162444008854315,-5.223046425761884,-6.92009619219879,-6.5026697675055924,-6.627752295136478,-6.134147374610973,-6.3207855478470405,-6.3307699608307795,-4.816587919272811,-4.931630916022351,-5.1419118062542415,-4.459987430866635,-4.0871139419891955,-3.936053992400874,-5.922396431002304,-6.591633144012375
-5.706520040003276,-6.619382257709097,-5.1360783885278565,-4.751917713055136,-2.1933531509903053,-2.7474271491387516,-0.3646574178570047,-4.23928015902587,-4.850730750090221,-2.0673963998338327,-7.156494351176898,-6.151688354684221,-7.181998944307528,-6.9898065312955895,-0.635672162110127,-5.826398900377548,-6.906796833217642,-5.398485379682379,-6.751196844573271,-5.539133222537254,-7.2299398824923875,-6.8347841021000075,-6.732293345438346,-5.882049004693211,-6.635541659981109,-6.416346139539876,-6.312143969688992,-5.932867310060847,-5.848131904630159,-6.229457439314832,-5.5431531068316,-5.034274759240727,-5.0070433830775976,-7.072452953579238
-6.164978585663954,-5.81108055194482,-5.3083634805303515,-5.554509698666774,-3.323359983447491,-3.2242841742844144,-0.2555330528506464,-3.0077764424793503,-3.1465508816342127,-5.209352772061892,-3.456900167265234,-7.184839063950832,-10.786246180487744,-7.150721949749846,-8.943050804718547,-6.03033863101416,-7.712347587630085,-6.415220731589473,-6.684029823193163,-6.761229269648848,-5.690845779847841,-6.5699243427903795,-6.257518246536218,-6.804180951057419,-5.399739454426781,-5.58489009875314,-5.34829374394909,-6.497626554200169,-5.558322820207564,-6.187845962120464,-5.321741328796167,-6.426640235343613,-7.220476678728442,-5.957323130636087
-5.364394331768035,-5.50036589390646,-4.7397220100427315,-4.152719018674423,-2.5587448888078486,-2.2815459944146275,-1.6017890561962922,-2.385338094591799,-4.140530150283739,-2.5555036148595187,-3.718628290104238,-2.7195381063165542,-5.258872331197508,-5.405991412857557,-7.988971128891091,-10.206653092196264,-6.323952618321408,-6.221397287601591,-6.041554939592753,-6.268884593399317,-6.640964406547873,-7.085702516544164,-6.112799107745454,-5.4328857731482545,-6.461674837880798,-5.697715262912462,-5.845049361948173,-5.012099057005314,-5.205121223244299,-5.143232709769646,-5.98910393631842,-5.6997917919889565,-7.234351570563624,-5.9737113357910845
