script/wind450m.json
{"header": {"parameterCategory": 2, "parameterNumber": 3, "lo1": 3.000054539987559, "la1": 64.9999836372058, "dx": 0.5, "dy": 0.25, "nx": 34, "ny": 52, "refTime": "2025-12-16T07:00:00.000Z"}, "data":
[rows 0 to 24 of 52, columns 0 to 33 of 34]
14.92731215675958,15.245213842079615,14.00727884394428,14.37423117621756,15.759222633812763,14.007749199844257,12.091225708123766,11.008182245132463,10.639278748341688,9.9502409763925,10.20173426704613,9.369139967399114,9.092535660693864,9.203769426897603,7.74124687375748,6.321746056362473,5.884099494103388,4.047464702931654,8.038925298599882,5.521967350986529,5.972110313144398,8.310379421150948,8.230705154634633,7.866011680398524,7.7605239171337335,7.357271958393258,7.588052312298745,7.848050690916273,8.400109785408782,5.253494454835115,4.019476550411733,3.916783474273646,4.0044596085310715,3.534110544028657
14.077252072808339,14.157486506103263,14.943351122293237,13.932449083517104,13.940258913936301,12.449786003637826,11.576601733604784,10.793452519915085,9.97535286966769,8.272668065287402,8.616305663495785,8.733464229322237,8.102808351627427,7.933831614761544,5.801993710321047,4.948846210354974,5.244914791879539,2.655479134116201,4.570005073253127,3.965589937086442,4.834719133532058,9.43157850964372,8.403116431037482,8.84416239261734,7.0822276223751475,7.380398360855363,6.775087086581581,6.45768586199069,6.329225595679809,4.4636588926915906,4.766001731401048,2.585064271841986,3.0482663323298453,3.5415375017969524
15.505907778186259,15.34400033827454,14.036569590279603,13.929097694509629,12.695494848847991,11.019971083770152,10.472271566387816,10.397437693118622,8.326531706818272,8.574563406165774,8.904432985961876,8.21899729944419,7.150955886165731,5.622134918318003,4.36491900428793,3.8906301700047696,2.8358417712610486,6.870814190836139,4.375573379874765,4.459668947610637,5.344768722114526,8.09851503618244,4.705459732743786,8.979381089459704,8.43602242847168,7.206889016704134,6.400128462287939,7.062734023300033,6.099365705114463,5.16657893412922,5.716968184616586,4.992949497346275,3.2851682293250626,4.574934849710682
14.693808656704094,14.390909994206941,14.763971982798909,14.092789321301687,11.823917923824693,10.739387018560091,10.013560137284744,9.414801372215827,9.921511413166744,9.201670381534665,7.920564028241989,7.995825465352547,5.630935566403185,4.50761306794534,3.398458693207585,3.629328132241975,1.7792589784434136,2.8575700210007358,5.520315904487759,3.2778553583822676,3.925975829153624,5.151569161929923,6.420754388309803,9.880783394139726,8.296375448167908,7.558430441163741,7.3564747390918726,6.124251239379137,5.10582178428198,4.860729441830997,4.679305330678485,5.613738546695998,4.994491167341618,5.4128773642919334
14.779598948274206,14.11979581418772,13.812968827679178,13.254159442966907,12.350306146657413,11.036090917578706,9.866460967673323,10.541173389641195,10.340812468349936,9.205300832321992,8.906766027185428,7.22180418455356,5.264165193412104,3.3220254906836644,2.9579315288050947,2.3466244142321258,-0.40889125582206726,4.546877499884319,4.73095053954993,4.0823669046441955,5.448203054601426,4.47179326513696,5.211289076307591,6.741326669413581,9.72464811917997,8.487303587303277,7.683938224607575,7.13870650673256,6.393381731736598,5.250043780996918,5.048362742447365,4.875907537526761,5.246683364052437,6.455812330684552
16.091627639447204,14.397680191631036,13.171911489377292,12.62693581606463,11.886486281237882,10.757843519413454,10.905590823664904,10.350604422183158,10.959830016395527,9.31306456209008,8.670216304568001,7.304530162545107,4.5403493446289644,2.2973103717166925,1.7609295465877104,0.6080867508763304,1.6972768215021983,3.7681681995166705,4.383755445056906,2.7242557914647394,4.8197752352588585,2.758149311385933,1.732832387319823,5.299413760014039,8.985958454208966,11.570050329246435,10.163966652737768,7.565023383538723,6.152999123628696,6.241367114960736,6.0688717157113095,5.7073319337443476,4.836723040959138,5.0709523056201675
14.243326865041247,12.836190686014595,12.326563213376717,12.737463560441777,11.335472232027701,10.557935796996565,10.887376154236359,11.427567607401597,9.852967421062298,9.106342320624925,6.526785569494935,4.565825384133934,2.6138479213020056,3.8246343958126605,3.1637068266658646,2.393608602088343,2.7807538523898097,3.5053270420512996,2.1218684368417557,3.792188125961736,2.797253769322948,1.4800062175238464,0.8999874296530151,1.463402647501251,3.988654499211829,9.065684785297625,9.773344792974088,9.946092693054421,8.27939046863341,7.165727491809834,5.863180592702252,4.435524237553948,3.8583884228733973,4.662168181039764
12.824198476644428,12.403843397823076,12.398962799310645,12.022150094050932,11.278126881048957,11.943404496239777,11.58458781977649,10.15414471824013,9.306587642920084,6.875355371892007,4.136705833011501,4.673901627900691,5.100638762456563,4.906413788470105,3.456785229457112,3.325395036652579,5.8636152807718,1.7686992189396329,-0.4855037783455408,0.14669952568028924,1.5136723047202825,0.9466884342840174,-0.38854643792965604,2.542843477096426,4.564274688707384,5.430075346249475,8.210864131026845,9.802483685223372,8.47469600227357,7.4585547062984565,6.376337605227435,4.6325195065569815,3.491530815920715,3.027703357288258
12.761055342657496,12.206971418018881,12.108771589124368,11.66997924069131,11.759532765509519,12.286662649802341,10.622194604996466,9.4332710336246,7.845374368149011,5.082958915834659,3.9639451741486944,4.500753123685016,1.1653913005025232,2.5390791614527326,0.6328474123782099,3.284861389257982,2.2364296317991776,1.63759000408605,2.7214087718713573,2.9244453365348573,2.715164078749517,1.4679491185187796,0.47569499345257854,3.493116880108372,3.649712949058503,4.2464662384777,5.79836664351003,9.68594414537635,10.343808170857557,7.79285991446312,5.855856457228384,4.525210584531945,3.2909332863233445,1.9886404178794364
11.938750329702778,10.967428790132564,10.979661633494818,11.371125461185343,12.775796940652242,12.124267986019781,9.856904984575916,8.601044878923185,6.367637117880751,3.2405454548646313,1.9143592467821673,3.7825155293739745,1.588220800818037,1.4537837661149697,4.148779047489575,2.2920613440183257,3.2509808401929416,3.682778753489585,2.6991332061836446,1.6264425058612315,1.5062762384885318,1.9735483444427238,2.8428167220752356,2.6715095795485775,3.941629314864067,4.879941118149088,4.969842655252704,5.5073438848542065,7.210028113716689,6.852358190139178,5.600204036246207,4.382094888634228,4.082726205820035,3.635468771027556
11.576681228649445,11.205050156602118,10.379467902872111,12.970879072091556,13.326697502572522,11.839415862325327,9.623102663371666,5.95968481777948,5.3644415493006665,6.17921731458687,0.5067626691706594,3.2539115823514244,3.071747720733023,3.826326336440532,4.376379255763401,3.1698783061035285,2.815554920189142,3.0574377892447804,4.0715892839190735,3.1997794470231775,3.416925976998963,3.4311726556378224,5.192537590023339,4.935953140607879,6.116797447131696,7.17197227892141,6.905276659372504,5.0330032452247,5.888323482783018,4.230441371346224,4.1416890472154755,4.931372747346236,4.459209992952343,4.10168677955466
10.903702779627128,10.762933087040759,11.059295574459515,13.020077438946728,13.02774122124035,11.449200163332987,10.004308892129071,5.426136938236043,7.701352873228932,4.565459787968501,3.8610034758609513,3.6268727611993166,2.7054079508554856,3.78059944388867,4.061016389586327,3.2017566528023846,4.687585329852151,5.107873982730491,6.055273395719319,5.316280240352938,6.058714380151179,4.4197524938766035,5.301228745046158,7.016757495728351,6.668925488602043,6.59237108635865,5.409617646986509,5.08793336890842,4.957181716998624,3.9354713609364365,2.7461039276342376,2.3044946007030847,4.66883187101596,4.254699687207347
10.345672073422943,10.194609798887962,10.990279576185022,13.698745113645971,12.891669527216402,12.065245201715197,7.705039111011652,5.583326043218819,6.561250700460229,1.8700612135374284,3.1185419662331073,4.57439211093646,3.0655794247458372,3.749927643124157,4.2117367556365215,3.758247017308194,5.540231544909334,6.389784319836095,6.680244093038818,6.330348026421296,6.530242547014724,6.664412319127039,7.803211519137924,7.552671543106266,8.016969649123368,6.5544269907900885,7.245941497132928,5.514652933955078,5.885139692148808,4.712747831431039,3.5575575273068964,3.0033505234955147,2.631277274685876,2.474228785119162
9.631470463046922,9.569287448654737,10.092896893936194,12.74045934322157,10.9279068735092,12.528088338908438,7.7557110788375825,7.436138018926068,4.319339876497917,5.149755909782871,5.827469229753203,4.349754906250161,1.5849791453531452,2.202375748830239,4.808516894185984,4.9031078610191985,6.936236062188205,5.781079590473863,8.859317701314962,8.606865624402273,5.48420481060627,8.51345716701502,9.147835524401625,8.701670399715242,7.078317318926906,7.932441576450059,7.9068195289049426,8.335037306509907,5.498652343338498,5.537424741232266,4.099527072255282,2.8149946354129725,1.7257241342192267,1.565597444452738
8.762401676402376,8.59003040374777,9.410277958123721,10.99233179117423,10.310775001808178,7.759973009931844,2.853705758814603,1.4400182242914275,2.2059378335458755,2.9018976752803147,3.5143086835807935,5.233531349663076,5.195173922372587,4.3461860047117815,4.699281337558988,7.4590311712952815,6.2445840562332675,8.46612288659181,9.839392294248881,8.264958402209261,10.08280526014655,7.809233484358501,8.070282881597834,8.546753376479074,7.836433901494033,8.51911502014273,7.682844438235806,8.032947573372573,7.0230991971646235,5.626844149974603,4.82769934559791,4.3537689926928875,3.522537000812993,2.621201214173937
7.524196185397724,7.678857034266812,7.774949488438008,10.267456633625315,10.679669493087827,6.768783991842399,4.38056245704216,1.4325802614799037,1.0819385639308634,3.3625196341331303,3.84253400270097,5.86280869061068,2.9765819839990484,4.504501837470571,6.045675625787657,6.960889971691119,9.258863792006768,7.697549395126167,9.589702565792152,8.163673075621658,10.168704323277332,8.692010819738526,7.731491998895131,9.136115589351007,9.014029528570328,8.870563369623133,8.498531706608519,7.470099744178576,6.880227149452995,6.145909724602621,7.195385083784587,6.190842685760903,3.955242057463582,3.2887535619855512
6.767566295168121,6.824306505704246,6.956082983548102,10.040997218704437,9.810070651865454,5.2021390268992,3.0273404048044137,2.2235932431566923,2.3260950319125113,6.966233178937582,5.703811666984182,6.263269912919893,4.262485619382664,5.882359934994126,6.277011822908357,6.4752943617172365,10.899352828413292,10.7171156910446,9.879112610004283,9.751212382455162,10.596343511725562,8.943910812514636,9.671215882923956,8.415579011406898,9.102000866462628,7.684015512833017,6.29225452875674,4.901675619708495,7.6807958081992975,7.253003448282567,5.89399407561228,6.452837106312133,4.754271343362682,4.4617325336290685
6.563765104228115,5.628099012264322,5.3938164268158335,9.243788495278558,8.134940966121471,3.4314971483164065,1.8722024876926096,2.282377813178081,7.854636294565235,7.703605004236774,4.404269622994727,6.051330813013294,7.119076061671712,8.226826169003836,8.605221981352798,11.74584805418207,6.760234777005887,11.295400073484208,10.199697942431586,9.833850549654965,8.910214424714141,8.638896816663049,8.661260329463081,9.923043979741317,7.686751296483522,6.2537276195418166,6.377360336403157,5.768392907497269,6.7769677524253655,6.276549640086554,5.112590200047768,6.770287128784727,6.173589071714986,4.601662637466116
5.587407623262115,4.201006838555467,4.155961300517681,8.376347936883786,6.978826913905348,3.9899424013104494,1.211029441680544,4.650346969873465,1.6499285060744189,7.400964167899098,5.514720771508766,8.175943810068361,8.796780636341696,9.186732493052556,9.321329940008942,11.007077326649116,9.504746401510802,10.36550057265927,10.836290547938935,9.136720188187512,8.438645767145903,9.337914787160912,8.703000758801549,8.38630595958925,9.319473619566063,7.270330358508373,6.743865517625865,6.06477746030754,5.84588091880174,7.184612351712718,7.379511508879988,5.675328150711195,5.543914359149994,4.034954063264667
4.8735808107823235,2.6418063705649293,4.740124778713052,6.196060243403399,5.855553844418745,1.6432472441491202,0.14862780725343078,8.201660414024047,11.023913615817492,9.606085116503955,12.243073301096887,11.886404332974342,4.128507413382373,9.447835623485584,9.685705410436348,10.49444350197539,9.507844749442484,11.06518884874416,10.266379960264338,9.302496055453677,8.821395964295384,8.564337408205407,9.390621971604693,9.267379090168172,8.228287161945184,8.284514734291292,6.807115493912154,6.407119075586451,6.657494243195564,7.138060247745344,6.658143823408333,5.991847773780309,4.437322983115361,4.806170485827332
3.333292475891508,2.8073311687149363,5.049080258895893,5.158852426863686,4.635668751903879,1.7754145486775836,4.733865490800807,9.57189187912632,10.623657104542426,13.418867240171677,11.900677759924365,11.022549366569331,9.616888349844857,11.105769685691419,12.739124803832478,9.620996218636702,12.543706232280545,11.891415061268974,9.089315611749983,10.183450992010515,9.700630824114581,9.343988437690484,9.279679768049117,8.664337241866113,8.759991218250038,7.861147562536966,6.762661569458008,6.700609186427296,6.29082284798346,6.252722951955146,5.26032305732028,4.953749009830322,3.8996882837154145,1.8946349770529052
2.423578196016316,2.3460692913606906,5.713416057257914,5.41035805798944,3.0331035667044643,2.3782156384014908,2.026500899863497,8.522762073337804,11.561282890000081,7.918417435638975,10.555083015688254,11.671182652015997,7.459038671765619,11.499953293824372,9.326729808352088,11.79936344924728,11.907599495134143,10.448669998627304,9.46072872706704,9.15447445854041,9.90374035122786,9.009520625188568,9.263698177042922,9.13200507606441,7.214651733283503,5.291633617969279,5.518260197527591,6.12027967066243,6.354678914041438,4.3290381466500145,3.864051260571886,3.3715122869073255,1.8566865305935931,1.2789745218891684
2.609374872672638,4.220428030846213,4.375826528284283,2.814174267706763,4.348039268737815,1.693823206757276,8.106425922725295,11.246484596115003,12.478041445971222,11.70975268846997,9.306616675068609,9.300981426685912,10.63240536921324,11.896768158749383,9.319507396037258,10.073403837302399,11.587051470211293,10.96305877201571,10.248050307756321,9.519286248456135,9.603360453074714,9.171846039755414,10.095611042320675,7.82937487770678,6.54280160574907,6.297660306493126,5.313757478886205,4.773600444786338,4.314860025806531,2.5315825682273183,3.640266969558583,2.8758182849864724,0.7774747732747039,0.7008391982994318
2.7129997230166096,5.093175567845513,3.363968473879828,3.049087961199321,1.7463420282782123,0.6072123706394548,10.866226345441243,12.206053382973336,13.277325750652711,9.265653449978544,9.141081978261445,8.144297559254106,11.83556036509404,9.794822357891183,9.318421629326783,11.664902106073605,12.692112798957048,11.169591542892402,9.770429608490433,9.164153524160374,10.036559074753184,9.950575090747765,11.170812075836944,7.3181898520756175,5.728784836734417,5.453508263488641,3.2992479887047104,4.547567437299141,1.508947993534121,2.9707095675843247,4.298817368859153,2.8413970309440777,1.380131598669281,4.0479713021124235
2.4866864220298406,3.794460504757851,2.7606281051458184,1.447862763202873,1.158648712914949,6.276521223898948,9.710748406524763,13.195183581151994,12.642907683962363,9.775445370303167,11.362668300249858,9.540465833597315,9.760139725713168,11.77127397506454,12.712033077741886,12.841662799458756,12.676009409528488,9.93367107132352,9.736364542182631,8.211089220566565,10.677669844989168,10.269068382797343,10.44317690727397,7.845897043515891,6.2183123984218645,5.160263585692111,3.92022572851365,3.306990870456641,2.1992864167781225,3.5754299821265434,3.9990996713123215,4.510747179826867,1.809282532696218,4.144292775154473
