script/wind50m.json
{"header": {"parameterCategory": 2, "parameterNumber": 2, "lo1": 3.000054539987559, "la1": 64.9999836372058, "dx": 0.5, "dy": 0.25, "nx": 34, "ny": 52, "refTime": "2026-05-05T12:00:00.000Z"}, "data":
[rows 0 to 23 of 52, columns 0 to 33 of 34]
5.615258334317442,5.928609565900264,6.127229329121209,6.077581080296385,6.507784670959744,6.892960783259726,6.988758199772536,7.215009287335058,7.202766002457105,7.194704029820095,8.707676270195423,8.641973409721631,9.499861283013802,9.687002368744364,6.251693055073368,10.499416556329948,6.236712730921519,9.387473880208558,6.0952102884577695,5.236275113193855,6.4621918149231785,5.632498022522453,7.882761158387021,7.812520387318539,8.071517813738572,5.793925859511737,5.422999159176944,5.620231367320872,5.312597457240668,5.058306420540423,5.550495378867522,5.332748504531831,5.92012022010079,5.878318849621283
6.109519529638238,6.353513609186561,6.525054806757754,6.4431006197709015,6.4975487556122316,6.8363333118912,7.47681046657368,7.633378084889639,7.055494014105505,7.701791783866131,8.067168364295929,8.92601269217072,8.836582007101974,8.475104934836088,10.00024651646033,5.709807540751817,9.701878596282501,6.9485548136236615,5.816442781504953,10.768904098604407,5.586791710460183,6.432218909995097,5.371922588984119,8.367712132469718,5.589959206821664,5.046147439283317,6.9076722167668185,8.739496566124334,5.224244876050865,5.681098778616814,4.937127425843016,5.810034418429459,5.96529922449935,6.170572474977197
6.699815919100018,6.200516188048729,6.159782698978085,6.171690789203211,6.0455272301762175,6.420943097592168,6.795531889461022,7.645093745611917,7.6325003993351865,8.248341164316518,8.468944036612958,7.915040185026689,6.888511073018907,6.407103976155,8.755924031987774,6.320977955350852,7.964870866090814,4.9700832645271,4.856690266034207,7.49463008559626,9.325674938088218,7.711234914939719,6.77823321339751,8.827915826438787,7.179699031910832,5.3299709196588605,5.645468863043961,6.2976844389560105,3.629552142253349,5.921199774285373,6.7697006117195535,5.851121516937813,5.900549914222817,6.186283110762825
6.415155495428858,6.224856361500223,5.699435539724796,5.611237965732456,5.819670657627326,5.80178826262487,5.905608719046474,6.75720065440519,7.070792686436203,8.377309313224927,9.649757002106488,6.230355522020888,9.949037240377086,9.023692824021392,11.723933111876883,10.375415808235166,6.245759562008122,7.476450535475611,8.150001737378181,6.0403918837469925,6.3828570342314555,9.735481692065903,10.123966547926921,6.165301270934062,7.643458551009449,4.618773087541807,5.833447068995681,4.82665220106905,5.424644092009881,5.3090388122730605,7.034611302488506,6.397229471771778,6.195352303453849,5.946222231508309
5.843947440965165,5.72916573886179,5.5498576610478585,5.357184936082817,5.26040161437853,5.194740249127112,5.332373458353013,6.512765978295339,7.216745564306596,8.238305704985288,8.212883980621587,10.63663288513771,6.285826497503259,11.731377504204175,7.915757898611924,7.983009519842495,6.104965857619875,4.926479911876456,8.468158412133981,11.340237619304602,10.00759071272135,11.210004010493577,6.0457772581391716,6.883822778671151,6.574195292038164,4.131126652767775,6.630596029476297,5.470453438104117,6.957374101430714,6.131387092163566,5.656485692703581,6.399283343964444,6.29621110739838,5.437764247471426
5.016803658542474,4.93143357179246,4.523712906960335,4.55018741102332,4.458824853930793,4.841001370635897,3.6299922705537817,6.323435341225698,7.120435702255797,8.514690962750525,9.847053728207214,11.24903296770643,11.87838898338635,11.609026768199685,6.128640465901224,8.554918036595296,5.178827216662625,6.454312950798291,10.08334512025578,8.091138306688245,6.488018562547956,6.9448382237845525,8.638367248605496,6.619883765240245,6.251952085419426,5.900583276941909,5.1010517949956276,5.766575367897829,5.93187846613278,5.79958965927128,5.552055100639177,5.84139847016443,5.744486987030851,5.241547551393562
4.797592072814597,3.621212265636031,3.473274106162767,1.5716939927853968,3.5219448103724376,4.245626032652363,6.646354757691804,10.133514115594886,5.312120116272456,8.755941987182199,8.637424539123106,9.802291235195955,11.546969178246542,6.820198960188041,4.450579064028783,10.8633598357866,7.638776893205664,7.007328250920132,10.903890061844757,9.462870923005378,8.382759177463734,5.853939762367584,6.795859546747928,6.596606934355026,6.35111062426663,5.497496401970723,4.753843028021972,4.7001117140319115,5.2954676852434845,5.559581818662464,6.017276480964997,6.76295968029238,4.922695477277369,5.294013268842909
3.6083099304061874,2.622652988517548,0.7571369121086426,3.684789952147435,1.1872813637622848,4.593122516147758,7.981559311374397,9.202072961810266,9.574751670283685,8.124269108955033,10.40390568812095,5.069559110814984,5.2495810747478915,9.276786779716295,5.57186266474105,5.057145697778222,7.573732535939318,8.871753644507898,9.344698974380451,8.382425617077066,8.707267415368198,7.007168970614658,6.612243537145192,6.95649260110892,5.771777646175007,5.128289610752289,4.686378722799642,5.468905967131059,5.023463833964578,5.7234441427733005,6.122482862845805,5.1404345601740005,5.732741782487059,8.250457785508212
1.135277838370921,1.825252166968543,1.9427750783169977,6.143030632016081,6.34800568876035,7.903115641986908,5.316860665995217,11.045459544526459,9.361398659247213,4.771228225057688,4.801864189706795,3.4025978106893837,6.978153268110069,6.594998524759081,6.573886690709402,5.449026916364013,8.53223212405666,7.487960549504758,5.413745829425087,7.569034932692194,10.019020675178316,5.368375280477371,5.370404030393909,4.550235653866948,5.410838167798615,5.513798864467173,4.98073703625315,4.134038849931642,4.137881280394099,4.883127071764794,6.106750168900806,5.554548092110611,4.511948022051311,7.434699114801552
2.3491297554409116,3.2083518280371317,5.158518832574353,8.08619293955564,7.617997494247245,5.492469572259152,8.182138144085727,6.103752199390907,3.367417684883239,4.255064065130624,5.33346134349301,2.6392116229834675,6.311397012901702,6.887046323445041,4.650107017460367,7.232371599557145,5.237821442954606,7.5834364625387956,6.630618131974475,7.81362533974782,7.714189038850277,6.402227080322622,5.518791356283852,4.459487092871503,4.208520488966173,5.419614871149573,4.474457131409884,4.138257223779074,4.623448639000588,5.093089372130617,4.83667608726581,6.093220502823359,8.184741661187592,8.33045219101313
4.084345280455855,4.504855606913824,5.8007563840076015,6.53344866397825,6.9969868592985245,0.46072299360113633,9.837027564043444,3.460591973313919,4.222030290758892,-0.5192859403450523,5.3485103836027355,2.375156209964382,4.981915442303134,7.458647133489694,6.2655958576153745,5.4140745519852205,3.9540722290625685,4.537509472462553,5.359615102936576,4.323822247171189,5.396710095189596,4.794822105746034,6.247684278350722,4.149094811203354,3.560232714943586,3.588441267522997,3.858133660997451,4.598823267574116,4.039661165281519,4.972067630192416,8.016616764030545,3.117744052462115,7.27626921898642,8.569241801092293
3.5084971044914064,5.164339318275925,3.986687088667105,5.506142912682241,8.870152780892104,4.7592971008178715,1.6897392449748638,-0.2829318335900551,-0.7312961694787885,4.337295941805585,4.263836218042677,6.279418142628805,4.611425110372605,6.594398979703623,5.7657884309145535,4.465631299977165,4.218184786333688,5.167545876612196,3.371369082737077,4.674624292359854,4.806323769730567,4.075715795842785,4.285538755478943,4.141720765446902,2.5058947726475154,4.386256854701839,2.872113420886395,4.04504881837354,5.176138904598661,5.625247204054862,7.2389559375082575,6.6538055223306545,7.628128651971961,8.673812049141894
4.541803476780963,2.047019622326155,-0.20042689292407803,4.490162086446978,1.4478105588592982,0.7896809585230508,1.0038518436483268,1.956894260134136,3.354818602719199,4.045294050559117,5.825635355435807,6.36108358227856,7.499962471939517,6.716269317805957,5.132452515086437,5.578191179304858,4.376166054745477,4.351942600770725,4.57886523146277,4.077249798495584,3.512867090643121,4.364583585764828,4.466600096009169,5.370614007680337,3.87291206433484,3.50105581238171,3.1396711680663496,3.915085955694736,4.490309869805415,5.342234487176713,3.915015571874375,6.566802687137342,8.049628027732942,8.245837666167544
4.994354129499396,5.8438396539630535,7.409819725109839,3.7003089514117167,2.564138873033168,1.6514382074609444,5.727651697199687,2.3418296756544343,3.942159141994702,6.39613791810289,5.852503052420816,7.795762008805944,5.762539756787153,3.2228873187414764,5.150289710560588,4.4788776821412295,3.6843115916825284,3.8124491365498407,2.3283444075409307,3.7597275246087083,3.219656984817761,3.7913909136772883,2.7088502365736513,2.8394973886458788,3.947517745574499,3.5108677051566626,3.5206311607552596,4.190316340171418,4.107679322263135,3.8811237805738377,2.427578219943655,5.700761215759523,7.4765364615979,8.120078069187224
7.323835678077936,7.059781137036079,9.555855100811412,4.084551475405664,3.234312210208556,0.9687096785916721,1.3520974644716617,3.553259000103865,1.772360637583318,3.991478602500272,4.050766995773889,6.898868851617281,6.381828840007138,5.305670707945533,3.398842428334472,4.4242741895547475,3.6480526186520987,4.210150411403002,4.026204619869663,3.247120193200702,4.586880014629637,3.2042755213878,3.431173497813788,3.1834254564636546,2.279407864127389,3.7426632272060005,2.702930780295833,3.120800767727732,3.2208207188527744,4.08118059480059,5.293740544375868,6.696585464459835,7.4017071757400235,7.786765406151504
7.460585037916626,10.686096060087248,9.960728612255213,5.865236525823068,4.35062865928263,0.812353840768454,0.9168196333612763,0.2745735081462431,3.7686745071470087,3.9596882667787434,6.277523638717626,7.702029983292143,4.217145272128597,7.05562499277525,4.96455943347873,3.504136695603257,4.869163730112137,4.271847523451556,5.522986999681034,3.1467741967693685,3.8635195210791062,4.3408283359573465,3.682177881760679,3.475630409665735,3.3746696542550216,3.25023397917119,3.695263917387601,3.4093924111008973,3.5704961620557976,0.6634084641500376,4.19892883819381,6.807089046562101,7.619890315685876,8.113223081516153
8.098130238408368,8.663428292204552,7.085010174755927,6.366941007573357,0.9365805590107468,4.3752192782125565,5.102270796876568,3.6417319445445364,1.58165299349144,4.734992671280272,6.320072957926234,9.233831597294182,4.375160919581088,3.6737553940659247,4.539967959267256,3.997031947013306,4.172012106847602,3.6452889266798256,5.263970145188111,3.3949795442186814,3.745043235946538,4.821652726437337,4.627345187704746,3.3740051903984645,4.2283721967797705,3.4489155305952304,4.368640883560705,3.532290845217249,3.119315529433058,0.467871791585287,3.219506508387054,5.893218186876926,7.205418514464148,7.159635683691714
7.928306216631518,8.064169864768115,5.078917981085977,5.166801631842094,3.993315078337724,5.191321034301834,4.6450316303791555,2.425774593985146,6.7226168904031685,7.232075201732491,5.682955301425113,6.778913617528453,4.3682103773722645,5.234794651112023,4.381105407247155,5.523519150866056,3.027561044475022,4.410197403104634,4.750671382457305,3.9098767958413334,3.4496730433604403,4.488188537809851,3.9734997753827033,4.155802281010808,2.686099599054226,5.075179749265974,4.0184945788454165,3.9493225416451914,3.285058810767789,-0.6965212972440815,1.0797372197409645,3.773654622115302,5.945677212866779,6.7091698691375194
7.294689513135232,9.626418030429871,9.258548432844199,7.8520142322629,5.6979303362859595,2.7178375720722454,5.278576669358484,4.332321221577852,6.395034701856424,7.972138376732814,6.888153333659143,5.9043258803938885,4.437857951927675,3.8661808827262885,3.7405422488325986,2.2714044191796874,3.589270055270041,3.155753597979008,4.342391054651988,3.8788699688004797,3.7119833048559796,4.318899442418697,4.257923695818189,4.013951699781274,3.7747419990169226,4.819671265694937,4.935414423207608,4.353489662045025,4.2612460566765415,3.5618133746799328,-0.31646248760366463,1.3663799162630403,3.401458194345764,4.330217401551079
5.337496251559453,9.188667975720618,6.116149734093061,6.66424518284399,3.3114502844129023,2.665982686587467,0.40841371213628236,7.385641982770108,5.230335267448245,5.190304620057256,6.562345397029154,7.919990779906252,5.708049189839187,5.93431240778728,3.965491487723483,4.0111841013267115,4.166635071944122,2.0240529905021014,3.6854154694760664,3.5402828036284686,3.891037210538994,3.837705509444364,4.549155602153126,4.322021451322342,4.594459920851821,4.32098748665838,3.602543401693607,4.930712308802271,4.169969547918617,4.071534813044556,3.601952570906471,1.141129196812564,0.9673140556467889,0.9603581015165168
8.172712787909846,10.30932648697457,3.0294989873715656,4.030132855030038,3.482519739534582,2.3225060066226786,3.4948170676409163,4.745945131153782,5.638349091748235,6.115403696660599,5.322915567454715,6.41963852196228,5.601361170646856,4.687214309064504,2.854548341824428,3.449266539007142,4.259521433202133,2.4516365140616885,3.1901456986243724,3.546234552828594,4.02349879188201,4.276231831300213,4.46716934974146,4.620930180144779,4.112292609355128,4.555872634645023,4.559365895238425,3.2628606148404264,4.518521270984507,4.350722578713105,4.735105487316215,3.741397125395086,-3.9463880264050504,0.015958755883410468
8.198250805841164,7.2708362755998595,7.302473056224045,5.822611356175311,5.622813259714468,5.366605725334208,4.181188572119379,2.699956771656023,6.363039066124275,5.134975492134021,4.970995118680146,5.952219363007083,2.810951211513154,6.153381546983862,5.210252846998015,2.5966021546614364,3.8820189921844115,2.358179639866545,3.3765310974676774,3.013321651883337,3.658102987803825,3.8031373105441952,4.117550030019767,4.665621034199558,4.666259927226326,4.744339365455177,4.227790031000743,4.5748360386801625,4.7960723250376835,4.121363331539113,4.49888542619196,4.534590511985181,-3.942121999676952,-3.3316411942369073
6.306173774362989,7.324263561888818,5.420159492132272,5.12777410143539,5.388725820659765,3.877154571561164,2.40212246720693,4.147960568557798,5.862913615686715,6.173603818863675,3.306118543758111,3.3997595146614934,3.500260886753123,3.6807444456522935,4.371400855209287,2.095140915031402,2.6166778373746036,3.88961787775757,3.9370635537161096,4.203807512359646,4.0814073106461635,4.433591528722325,4.275417844273888,4.920139089455513,4.4245306686313395,4.7871047934857005,5.043637577583096,5.138564348610393,4.939040974940692,4.8439831457907,4.242710758684048,4.98364990186125,7.158390838190426,3.0554104715291635
6.475607014181006,5.871067605784315,3.3601052092745842,2.7703048856411,3.9645024681149956,3.9708501173052424,5.291111466216435,5.94032823061807,5.516569505269877,4.514879896979384,3.204673804349406,2.148919452709427,3.1088033387699743,3.625067227079284,2.9753181193116007,-0.8432809372565676,3.1486271621845168,4.223645445191104,3.443369775610625,4.698491904639377,4.773892612878371,0.051864554372689865,4.084051699271075,5.424364204851182,5.552843501857108,4.815447653318624,6.921027352923786,4.215205386206145,4.358300138816878,4.855947697874008,5.588108017398787,4.864867729629813,4.134249176311462,2.612701060763674
