script/wind10m.json
{"header": {"parameterCategory": 2, "parameterNumber": 3, "lo1": 6.000198445256149, "la1": 58.999992894266676, "dx": 0.5, "dy": 0.25, "nx": 22, "ny": 24, "refTime": "2024-01-25T05:00:00.000Z"}, "data":
[rows 0 to 23 of 24, columns 0 to 21 of 22]
-2.2896059402116333,-3.869398918183066,-5.331588077883987,-4.572447664958629,-3.3909291752493043,-3.0296167124301063,-1.4096174958926395,-2.2147302848906185,-3.269472350627442,-5.159545113655721,-1.732600596872807,-0.3044643046026946,-0.9835259929600564,-1.304163145701708,-2.268847157892793,-5.180860924021704,-1.6728183626796878,0.06198799010764853,-0.8748517176135304,-1.9630313735232867,-2.7219828467136984,-4.122553546373982
-4.055473197295757,-5.465004919906977,-4.963233762614263,-3.9768563839035553,-2.0966970284045106,0.9613633969809809,-1.7943262267335889,-3.245074432183883,-5.335378927214523,-5.40258587541317,-3.5756094222929984,-1.3870600297039875,-1.2799588712535148,-1.4835767293172195,-2.789924765890051,-4.510394392307406,-1.1319098428821546,-1.031827363242426,-1.122085707061458,-2.2215798014671355,-3.186291235290082,-2.8201208264328232
-3.735289644044789,-3.4252175219900525,-1.2346639168669127,-3.184731695290712,-1.4082914737009817,-1.6184452185370675,-2.612029739874478,-4.688953569424467,-5.914728624122296,-7.7737696596865415,-5.687004887825733,-1.9941963954848752,-1.319032541822883,-1.935299096688413,-1.2343532355399407,-0.592523847963057,-1.0058785904304879,-1.8883269452373,-1.8020617533648555,-2.9012668276471447,-2.744196958515618,-3.490520763074129
-7.428937914235853,-3.8475762990673963,-2.604439447164021,-1.3297635686384257,-2.1157172058790663,-2.5869912980439236,-4.162863381070823,-3.8759580140100245,-5.653030314058806,-7.560346837499725,-6.578399721031943,-1.5613873656580048,-0.1564908784106204,-0.5579986692633182,-1.550511916411918,-0.4203124404751535,-0.5556954154481014,-2.769515770389288,-1.5058000131913234,-2.014992733448997,-2.6047673847642367,-3.321877639466723
-6.650326628027329,-7.453152732734604,-4.098476660897722,-2.112050001964372,-4.142390384210727,-3.9495171891885414,-2.954328849877198,-4.6811066841166165,-5.789877066175121,-7.198097629914102,-8.309699388422837,-5.149280406612913,-1.4104241038174212,-1.5413285330809565,-0.986377490773952,-1.8262393732875166,-2.0787051788352184,-2.3983478273773473,-1.4656526479964143,-1.9959340762285886,-3.3105851499254544,-3.6480611063379467
-7.6627650955497995,-7.141162071400305,-7.519724640865724,-6.8506163544965295,-5.9520372415624445,-4.947298030139422,-4.935453164734207,-5.895909924548017,-6.579522031913201,-7.9192615608822,-8.54070152244345,-6.762442246164456,-1.389045792852176,-1.2451793242334976,-2.5590067183191603,-2.1423559236977012,-2.105061290217549,-2.5139922797414695,-2.8217845027394866,-3.2959917791629385,-3.3061257478194883,-3.63441708273866
-7.866596362331113,-8.071601092998423,-8.801977653872951,-9.03174729265986,-7.6411971663375144,-7.040756466070973,-6.693920703528302,-7.18803234008153,-5.565830679358436,-5.589537525452522,-8.82283347245717,-7.646387705313839,-1.6836415007809238,-0.829574790568558,-1.4515294845055136,-2.267716315572447,-2.5031252975333342,-3.008878265811774,-3.207917276039621,-3.1742819654243775,-3.527979826652633,-3.5478235804334513
-5.8448823726842765,-7.862744023187042,-9.454675511501366,-9.652408993270566,-9.68937029719889,-8.642355513893145,-7.551001042953947,-7.67367906912991,-5.1074025953142295,-4.090052301406924,-5.802448998311392,-8.386794750000819,-5.925872690373452,-1.2829625476121531,-0.900752488694481,-1.3197739954953933,-1.3762953540015066,-2.6681107677645484,-3.3719168715651695,-3.4443687270207906,-3.4994075676199583,-5.318182567833951
-5.592756211587193,-6.835899142142534,-9.18990704456123,-9.511973796082613,-10.302010960342153,-5.366443468591507,-6.728840273061498,-5.3633639058927365,-4.189114645073638,-5.457768177980742,-6.236043834979728,-7.1652870832298845,-6.969427826351326,-2.144061298390556,-1.3155700992996844,-1.3118460229473554,-2.3090109795329026,-2.6986438454957304,-3.2717781736665863,-3.5176604727391516,-4.075279939097216,-5.134071707931087
-6.228304655802022,-6.526303863346772,-8.801957523702223,-9.13380884542395,-9.671848100639444,-6.980753489820127,-5.889275365779407,-4.486108748521695,-4.951455236118924,-6.698110892951762,-6.955536741437384,-7.684114379111933,-7.329782662204016,-7.139003484767166,-1.6997589359257785,-1.5191648069706358,-2.2578902093296693,-3.306713337049257,-3.23620505271086,-3.1001263064478177,-3.6507800430540716,-6.003348229652341
-6.2576165835147215,-6.708693489630202,-7.278460221951387,-8.467795943304589,-8.437938504831596,-5.770262966837176,-5.439588783361132,-5.271885097643332,-5.828763608255875,-5.512349078791695,-7.088694276057715,-7.899845120144582,-8.180389301054838,-6.749345756652668,-3.214242961571054,-1.4193236707629047,-3.0615822908616557,-3.4665004253408935,-4.204075571233881,-3.1569462724251256,-3.0904475816097654,-3.898780502636015
-5.817518862143178,-7.158191666590098,-7.41221814895467,-8.036507314876426,-8.22675783211031,-4.4224839029969365,-5.7479277495526135,-5.533269343095971,-5.4471192836956845,-6.90137630041213,-6.534823371544867,-6.422970664401135,-7.574061678337981,-7.089584017311581,-3.703213982115606,-3.0222217795503292,-2.9882704317781346,-3.711711849837661,-3.366906110358343,-4.347312855478307,-3.5979682484305546,-5.218678344135911
-5.77973175310346,-6.920357546080501,-7.8930510955426145,-7.6260450261331165,-7.482136644699177,-6.17268571297133,-5.3009294167309795,-5.128096825460306,-6.400745599850493,-7.398275054771748,-6.459545117326924,-5.408886935930199,-4.255744777481525,-5.9373095867716295,-6.157608056428977,-3.5075674705190782,-3.661746536552238,-4.955041817424151,-4.541092863850249,-4.579594476200427,-5.701145923268446,-7.043808769291929
-5.46730712184687,-6.660534969098344,-7.84030588716937,-7.655135959718678,-7.222438041333249,-5.71053698925132,-5.954797413848763,-5.820386418093358,-5.772020986933357,-7.0307727219763825,-5.342878983460137,-4.924557164842959,-5.462986136259525,-5.608203328208572,-6.2844402054988056,-6.044554992064465,-3.5046049460166286,-6.230224334196805,-4.223964459467066,-2.874116886591068,-3.406903322229613,-5.2020957703597395
-5.397150561633024,-6.146988108032753,-7.016205925351876,-7.058660527550669,-6.761464057476669,-5.996550202028867,-5.886264777876506,-5.9752398158210696,-5.537598966943233,-5.963933084015238,-5.861436347110183,-5.202886920283011,-5.830619252767879,-7.4079332178288615,-6.366697174001844,-7.508829304272005,-6.369559195940189,-4.484357219232727,-3.8533049809600013,-4.261195129258568,-4.610294756407998,-4.959593364108359
-5.280653127639635,-5.914834347854236,-6.920288848175397,-7.6245444077069635,-7.078978803351306,-6.29706148668244,-4.836574227080574,-6.143556831815939,-6.586114748114045,-6.149135192129166,-7.7113149552280325,-5.199768414455428,-5.2088316666923244,-7.914321413356618,-7.486753251024565,-6.941676415386171,-5.958040781270984,-4.055640447361483,-3.7097409412157347,-4.55970128793255,-4.7472699730765635,-5.528520669631656
-4.844964316397797,-5.567012243248556,-6.115804101644917,-7.135950738774864,-6.549866434497884,-6.059057993441557,-5.293832401053315,-5.627615756348579,-6.76504816853998,-6.11656343527257,-7.823609842449687,-5.470253301588703,-4.757242947288539,-5.9902145483766525,-6.139697085666365,-6.747376131922599,-5.304659761354107,-3.7086517878395635,-2.0393061032190825,-2.58554542074602,-5.124625802193462,-5.2845034740578845
-4.698417047083893,-4.826102215139723,-5.790877443448847,-5.795029225696088,-5.768567225581798,-4.534438996996568,-3.7968710824043623,-6.033995921779066,-6.732552376764552,-5.88283776383228,-5.54202792326985,-5.186686351392002,-5.408688940212969,-6.052166794418132,-4.11127155118069,-4.212533168750671,-4.4037346440238085,-5.599874616783083,-5.070513727152844,-3.182703346648208,-3.622900301446096,-3.8594315621198647
-4.71132907889893,-4.5468539236116925,-4.758843631589039,-5.229254322186978,-5.152750753377101,-4.854546651992523,-3.8237773464877822,-4.496702054326676,-5.964948249827627,-5.90699156711468,-4.551851353320661,-5.41547019868984,-3.604250021597166,-2.236612809871616,-2.017195071287393,-3.7364014606703675,-4.156728456792271,-4.979553517508687,-5.998204147242594,-5.827620875085109,-4.63422541812174,-3.1133354851700665
-4.694162392258612,-4.919698576158484,-4.595651518757021,-4.806994094255176,-4.742126975832382,-4.679125013203514,-3.4671885200633645,-4.143136436253059,-4.877129514301063,-5.054374405861385,-5.023054686631061,-5.47547651846743,-3.3644392278493127,-2.9904174137516186,-2.76172841860662,-4.376033373817524,-4.298210422101316,-4.836173280036869,-3.8440199711918335,-4.0394078643175515,-3.2290114778222256,-2.3316898288953185
-4.637447375462888,-4.471840594010284,-4.155530860581476,-4.159361563103084,-4.253022468749561,-3.9904908621646773,-3.3622748250192687,-2.976334426072976,-4.82863521677524,-4.742937033600426,-4.076830931949953,-3.6514876833655694,-4.694367111765379,-4.364192165491046,-3.8299759501399993,-4.410788050504623,-5.913124998994468,-4.434131086230261,-2.563513912199636,-3.7235347616018477,-4.445601290907128,-3.734219057561958
-4.475118904975899,-4.35397972014946,-3.728904577595534,-2.881141366873988,-3.053650359689326,-3.0632794343695613,-2.1186961226544283,-3.017090873532472,-3.636440243137472,-4.248795266826738,-4.335933807303932,-3.9031592698352333,-3.3580737724407657,-4.607337403426769,-4.808786028902381,-4.962785816238537,-4.295455489961854,-5.3560899095044325,-3.6104204119353875,-4.731004624688853,-4.911512182628265,-3.9940717949500333
-3.3650329875965004,-3.497394450746409,-2.9699709126332823,-1.2616969451533164,-1.105159828936984,-1.2918608198843375,-1.5646024952491004,-1.4667905513725887,-2.6670801780488578,-3.171725333943233,-3.469943814153456,-3.417466796131486,-3.994936413884792,-4.262635527565272,-5.595601877609174,-5.628621332673242,-5.098964499105875,-3.1552082026599404,-4.422964639713682,-3.290577667587955,-3.6804051857467575,-3.0602800700216424
-0.9310617738742379,-0.5132725081030433,-0.2886195731554689,-0.39581701719223283,-0.6933148888295269,-0.731762342978693,-1.5590746390108254,-1.988796051880429,-2.3172668538464687,-2.7968843832298624,-2.694680041022265,-3.1621150289058733,-3.7695913603516606,-3.093373993728937,-4.7414183429043995,-4.552317629166197,-5.669120813185071,-4.55398680944224,-4.066499801815441,-2.824259109760312,-2.8655590344228354,-3.6755172220585544
