script/wind150m.json
{"header": {"parameterCategory": 2, "parameterNumber": 2, "lo1": 3.000054539987559, "la1": 64.9999836372058, "dx": 0.5, "dy": 0.25, "nx": 34, "ny": 52, "refTime": "2025-12-28T20:00:00.000Z"}, "data":
[rows 0 to 24 of 52, columns 0 to 33 of 34]
5.452313820842534,5.4166618659190515,5.350170690352314,5.49570380557686,5.885662472253263,6.7704409184100545,7.108672460994104,7.098268094053299,7.469679288809547,7.851693117794032,8.283962647155565,9.196707554846,9.211645365757423,9.503711927853354,10.013806580748115,10.623621573989778,10.383712643439441,9.069323672529634,9.141103188315727,6.641998776438828,10.91724943837258,9.667366296492876,9.506304340988258,10.94808904497798,10.883330371132471,7.949397212709474,8.22273501236227,8.752972668362322,7.534489549523615,8.221033956204773,8.219222723186043,8.048385771109235,7.3658099522235805,8.387856308691834
4.938994268635907,5.271114820982132,5.615401921455427,5.845162332638596,6.379545822602129,6.52392161773391,7.534520293529024,6.835958735319151,7.240806925360066,7.360467037950799,8.072548890310248,8.23278365724997,8.524845483306475,7.333643702780249,7.643513381053315,7.9684067589747025,8.737764600784942,8.915027281597183,9.795906715015423,16.71131292662771,7.721224047443994,6.982238501687318,7.502387448222975,13.720643676673525,11.019356306667463,8.70259361004247,9.708700174316746,7.701434201887726,6.556762843776536,7.141105182306827,7.538858018368611,8.6396558633034,8.17042587288644,9.393210834973292
5.060628116116255,4.450510959791179,5.208608386528802,5.714787916237322,6.228959204780572,6.66538058360068,6.153804801823851,6.662703011410544,7.025735966849288,6.728588409174941,8.081013951023383,8.687865530725517,8.192594232719816,6.955854047944147,7.876322298707451,7.3608640732224195,8.436783508810832,8.262072148898664,11.209534447243605,9.372659085750618,15.172659491275898,10.204445437801393,9.10371257969642,12.524440383007866,9.44542809010527,9.795137661931347,9.011211135708306,8.87707411404313,6.664440230119241,7.137444795125784,6.861981074842337,8.48976834573607,8.384946255894304,9.129785426209153
4.895205135963333,5.03295461243145,4.969747720801006,4.779929765185622,5.565519938223333,5.622559277127384,6.965754814724396,6.892539530687159,8.625952307269621,6.614714079336498,7.01323247120752,8.645488372569242,6.493699339918662,8.360826368857666,7.076864565750993,6.437555182190527,10.765693527197893,8.31276639526202,12.029463336450585,7.823506685278206,11.165595396845914,11.981566052513674,13.794890610929736,11.584821840534719,11.600424022823862,10.782836057670814,9.953509789395788,8.664220412157553,6.729742241685297,8.025935774628381,7.457812537297196,8.239567138862077,8.19305456836078,9.343895486066158
4.636163994716167,4.950445326922777,5.058069239853624,5.132626514987174,5.41084263217386,5.756783901117226,5.977711240412806,7.011392735035235,7.796083793693238,8.658467450726832,8.704098166249876,8.22611564092081,8.032548249983462,8.043640684700557,7.097001675733869,7.144789049451723,12.482190450849615,7.11505707278115,9.917011197622948,12.372285413561707,12.308780914648784,13.190104123074855,8.487154150385715,12.241553303642863,11.881442631075188,11.01000768280825,11.65900910802912,6.516380588023595,8.396526235361994,7.813144276292214,8.472053392394207,7.72697505553549,9.638735312289603,9.266995677233627
4.151945269273677,4.770066770555006,5.041357908244303,5.296315522756027,5.681640603239795,5.792144175452962,6.500656515583811,6.963488053447615,7.807462820056984,8.176038765188789,8.812041952741545,9.076128141835543,9.77192906101737,8.624762182144151,9.882770244777333,12.020213685539655,9.267775574929441,10.554607688163507,12.496214106853051,12.366121001638607,10.5744295185352,11.222344166227932,11.261978704388998,10.146868004065468,10.16162240985447,11.081136968264392,10.532282770293268,9.72273224116535,7.135761769546087,8.334454540692763,8.356227873964633,9.060696156603697,9.598998373947444,8.585074226900897
3.659293307839118,4.151703723179909,4.957170419027019,5.1895740850698875,5.728798355864832,6.150689717163108,6.4012363016381935,6.901005372446546,7.48014922900083,8.205312146040981,8.255915422766881,8.58785075747422,6.694079654751777,7.7562375102678,10.061092368043308,14.037727777674245,8.117406802401911,9.998261785273254,15.364334940258118,12.921106111792561,10.980140017246335,11.050101322963739,10.143102865622728,9.531423463349403,10.843361390963812,10.315781380913947,10.676482798657037,8.739724202756179,7.364780916057869,8.57137032560205,9.708927455800598,10.627598301440191,9.643500642601097,8.66664311293894
3.2242233462557586,3.837875191070074,4.347219804236931,4.863255000945285,5.4420202976820775,5.958773804349105,6.568779283793924,6.628137011016798,7.198423466362917,7.771531073192326,7.699869516364504,8.077987389712963,7.140489547773509,11.82975288867555,8.126318556094049,8.98795052210825,9.447464930844598,13.701987831219345,13.359082309051114,12.093187680043455,11.694037478720853,9.33197084058901,9.676430139358217,10.522499749427903,10.68595955615123,11.047627802467671,11.320204488884299,10.355768367717161,7.922488878075278,7.946323149745327,9.490421084081593,10.080129695312612,8.914917412092352,10.31229495434097
2.8875259064902017,3.3385755141653353,3.959526799605558,4.5515923608527915,4.988411384620486,5.6651969160263835,6.052743050376125,6.5757705612929485,6.5419163506453035,6.601880989789258,5.604359302076758,7.300281344219021,7.728780201281867,8.728128418996361,10.859104651240473,10.64803209810796,11.82671735483847,12.80449984944041,9.628526234757986,12.44731612166911,14.005675796264741,9.877510741054516,7.947862422400781,8.419152980263204,12.376576114663676,10.576171258478443,13.17354726492729,9.086962895522369,7.5530653782646,8.506168439102195,9.557998312890273,8.669731112257264,11.72387521005359,12.776125401004888
2.440390527152409,2.8482838370472536,3.3396219508849554,4.000113871249479,4.55375601660677,4.978527042051696,5.54078078823913,6.3517874192560955,5.936699384423628,3.6762693973979284,5.403471167498471,3.3343274318699874,11.970722944938629,10.949476198956214,9.835261262937335,11.41073641548763,9.82221471952535,13.330460843419173,11.614981329232585,13.836242634478502,10.853788467752452,8.057876488313063,7.148202662990868,6.786498186893249,10.545041846946472,10.686183809191355,10.60185397035711,10.264463663699944,7.973966073562551,7.508498984915478,7.605820258394356,9.818338341685516,14.141950705180331,12.787271440109999
3.2945455730677975,3.357184972356689,3.385072152660239,4.076645989224378,4.506820154743596,4.887094081978704,5.820008136574161,5.807716503152928,8.07058897966567,6.296902487950884,11.955120968028623,9.235351619751999,14.657620014599196,13.563249606199468,8.911654084084429,10.412687309335531,7.7409573711954955,9.569870045139957,11.060161156463439,9.05976729213358,7.8072739043981505,7.151681966163213,6.706605405630791,6.322654650764065,8.119995464612742,10.021588188865072,8.782428393556271,7.109311145295694,8.016544696597276,8.337866124679667,7.000656129328794,9.43538360762535,14.036815387076864,14.419300511431718
3.65832178460206,3.8561208025490896,3.5431593616816595,3.82916559851425,4.233917922397516,3.480175790411607,3.757714965240078,5.940407194026977,1.2147307333836017,10.11077480589002,9.585282745875174,14.017149250932283,11.257485932318072,16.019804726122818,12.279098532517335,11.266348263303,9.5924849445416,12.273587025421538,7.430348874205146,8.734174389293111,8.651305726517561,7.7626776882696795,7.580527694394641,8.081414579157336,7.753865474157969,8.469932028917118,7.602854203786755,9.359221616824245,5.872840991051683,7.024234548409675,8.167653164467978,9.036398924702091,12.332064136525592,14.71210750524592
3.739766872858324,4.688087436891806,5.071922265544675,4.223746951114028,4.932951110484072,5.539192903929435,4.268058107771724,7.720707029134333,7.228344620805662,15.743874692527116,15.046045113723022,16.43388175547591,15.12647254050462,15.746298333658025,12.410953499655152,9.019261531379724,8.727210751994386,11.837172469094376,11.346507197730672,11.403134176378112,10.632818086008491,8.94813916910507,9.30329539827865,8.11607254346721,7.720271816858039,7.6782753066375475,5.261879452952217,8.420138269743036,5.287716736388124,6.299835807643816,9.167468729565602,11.047349820689972,13.583014673155501,13.673632130064982
5.6961966961407215,4.362254679414203,4.749376174743284,5.502119561918891,3.8861965679909853,6.896847258806018,8.018426959102936,2.6228115915981145,6.853054192423335,14.511092925095445,14.12719698332187,17.414228113934993,16.23018484801196,9.667214005738643,17.50591845767771,10.570114294356426,8.685960220376979,9.770795557678884,9.634028830754625,8.713007298580772,6.420538271779831,9.597658187394934,7.588342403306007,9.154996719556031,8.73067097143685,9.408252939145106,11.869984172702589,7.577475798887659,5.498201152434496,7.268326545875198,10.099369770129362,12.048141110313987,14.892780679499134,15.840402543388942
5.530512940163483,6.010658128894377,6.69209622182133,4.59142428543578,4.836032817498249,6.94264442715991,5.5811934358205955,7.420334023138728,11.142093961001326,14.100841552908088,10.766687386450624,15.667169336207808,14.559130152403663,13.541449447733493,11.726387576928877,11.891154649322802,4.482555998235903,8.968011797728893,9.532064437301528,9.821305515948833,7.379653227206023,8.137701961902783,8.17627790103703,9.039168176113687,8.778491741394525,8.203043926989832,8.68697923844888,7.262806109343037,6.28661302891467,8.652341679702186,12.22355961434241,12.485704138356835,14.497466319624339,16.90999522803643
5.376180485476937,8.101723694852275,6.982436518573929,8.446152188120097,6.549861973170429,7.496344258225444,9.319406208852934,4.302713149743638,4.706092293298255,9.950186711918853,17.11640254880205,18.660251131308197,16.138335580035342,15.423132135353786,11.094932197828784,8.991575238565378,12.70385415563714,5.074472236766325,7.1411872371162515,7.899233062165153,9.67423731283374,8.90669796338774,4.203934907838409,10.837160605164627,6.680649423319323,8.298092702657103,11.349279258490247,11.740936055076231,9.477460833639089,12.268949136416904,14.783670921775629,15.109738709558295,16.081509560525706,16.808277317238698
6.7461930296790324,7.268876574528498,7.996725607448432,8.08265933302073,5.050436954950954,7.1016467769692015,12.915136128533073,2.267766041952245,0.5249888639496378,12.253479001469346,18.561836160245456,25.957372592599857,9.79295118003521,11.210282895631725,4.194041040401264,3.2330699612485696,8.06751237054572,7.795228687421937,9.790863209516532,4.802246029779551,11.423511382226495,13.300098579788077,8.803948524555214,7.949668139099001,8.588124280531284,8.557974647411722,13.922783479526213,10.82951367288887,9.980879337137644,12.470664259466137,14.635126451117408,15.999994878614702,17.580507884312137,17.78218766975733
6.323145294358545,6.721573466639974,7.559117843138349,7.18586753855933,5.40739888494426,9.519287083985107,8.06291475125798,4.837497687640364,10.962908019112788,13.743436742867873,21.675947038992074,18.79801700996871,4.619401981042871,12.655490153267355,8.80934915353167,12.363121485617025,9.382594935645995,11.870209656485978,15.610288601434517,10.409140950921397,10.86275702313293,7.388957493750623,10.71454254756853,15.77570096397926,10.140283516384164,11.10401076825372,7.480454837128354,7.064547546974538,9.84842635910823,13.72386065025515,15.898237114727754,16.405627919833712,17.620497921842883,17.693317099474562
6.746106054796788,7.586459011155405,8.144425953215226,8.543456056124647,4.511113961358892,3.024701809542914,8.575650434895223,7.468507380822816,7.947646388960897,17.98425023600351,20.012837044850315,6.46172916234885,11.129672657731785,7.887739064429058,2.7900085894045956,2.8256860500257526,11.66516857898328,2.835862768588802,7.570532506205568,12.220824328118733,6.673844291365099,10.94260085872188,10.321601657728163,11.503264191033656,9.77271463811875,10.610296225008115,11.033281611305414,9.812693314823322,9.320444491059453,10.702549511849066,12.759053804958793,15.491355560652236,17.65599724440464,17.31753345430315
4.85042427975446,5.221801620507163,6.8184297037294375,6.668281820560592,3.5399445783729444,2.877892274671864,-0.27103932327818114,13.92790164307928,13.997892500455318,20.275997085503878,19.03717982707602,13.575374798114305,6.807148186886976,13.532456835380135,4.165930212505594,8.869164432410933,7.8594042608706385,6.678410247276048,10.05631328746824,10.702220079157216,10.382956334126252,5.4599513064351095,11.844566268724893,9.299771039188883,8.505709761373238,11.666387110360052,8.346100148101797,8.560809379534403,9.830250082398019,10.380189439224075,11.492079922170376,12.718452183232971,15.019273780732533,14.090362704409479
4.891136499283413,4.5718158590831255,4.702231041881061,4.336292838905994,4.297549916509198,2.643565968359916,0.09511712412026448,5.918071678251448,10.045934223518044,14.355123705433355,15.048000566047305,17.273448040294053,9.926831762100758,2.5812156709131435,6.465186554793176,4.816729087112003,12.247772298583326,13.19021804948963,15.42069868662913,8.749952848165202,14.031014754992032,9.868585162864923,10.797227894728021,11.834916674460821,9.572465360163656,12.2876773943158,10.9075071007734,10.639691240186156,9.98489677069167,11.721878765650416,11.758903065117561,11.269798295703167,13.548331010996469,14.127254232315503
9.702407267903423,6.909020249999337,7.1066488362541,5.134798519111613,5.947487781784233,3.6682183710283645,2.766133949879871,9.321925800251371,11.70696378147122,4.014624071954963,22.288967644310393,16.126530833816208,0.9339354640042334,8.950365141534517,9.47384202862349,8.521819506906823,11.98398378757392,8.998534409581422,13.020763693664483,8.925165379695908,10.235846173490142,6.232679678947338,10.699648546598524,8.478398108564402,12.674196020001965,11.045816628993324,11.605013163099288,10.394704607732162,12.236537668407028,10.370417677403436,10.693690547074837,10.835261814028947,10.992420372146412,13.662960674107048
9.148754360223352,7.9521523871147055,6.740713723775478,7.393429583636513,6.402544312269035,5.5622425814493965,4.007388227761819,6.098294414383128,14.65640761236833,11.7485015007721,2.0800443142370266,6.72242944781786,7.883735790737728,8.76981067269374,7.534453451054019,4.7960781270358686,10.881188929220457,11.632945752900534,10.547544974886597,9.142943019052982,10.214783381701762,12.454995552884526,12.829920180618414,11.971129627830699,11.885351299594786,10.43268396678456,11.166462884649741,12.753804890485721,10.9034781386612,10.761726137544834,9.91911584663172,10.893253701176212,11.919095364114488,13.454916303410917
9.261187584748491,8.6085562407088,7.275193851631496,6.323254124718337,6.220994832666006,4.324632831627443,4.833542675813638,7.557960008670489,13.42489044114718,11.443320124114765,1.547011158013484,3.117473118690355,4.402204164501052,5.723701236381584,6.004270932599703,7.629373667425359,9.783758758727785,8.457678573687959,9.706397689725632,10.730048450313788,11.37784877188738,10.220196498762427,10.789477901382552,12.83391521211904,15.450209172078122,9.339065680278075,9.751587804069244,11.176667308325438,10.783550681010865,9.539682315260173,10.705295677060555,10.911682186001446,12.488623566748906,13.41110983373967
8.049720877460091,9.04958939912753,7.517977419713423,6.560218804634017,6.195750925929054,4.597600234638168,0.5742040916481893,6.176170408281498,14.035873876955593,8.1514702239389,4.448567898728142,0.8721130380534882,5.346213717551795,4.717762301885747,7.30341248900189,6.768303672866833,7.0754153528575205,6.470479531790014,8.522778948487039,8.77406357515028,7.491488822317003,8.044746393603868,5.578995457447017,10.743326302611823,10.983850025905927,9.030584714155777,10.303918198124753,9.339862291953896,7.621427855840258,8.932969859826429,9.873283340345155,11.686846804889344,13.501508463309998,13.580669444837229
