script/wind10m.json
{"header": {"parameterCategory": 2, "parameterNumber": 2, "lo1": 3.000054539987559, "la1": 64.9999836372058, "dx": 0.5, "dy": 0.25, "nx": 34, "ny": 52, "refTime": "2025-08-04T15:00:00.000Z"}, "data":
[rows 0 to 24 of 52, columns 0 to 33 of 34]
-3.1990853473244982,-3.3629242534968915,-2.843427229404535,-3.279397545635471,-3.2195611393013572,-3.1404729930172985,-3.1144183442755526,-1.978235501177894,-2.3408884278498636,-1.87813052192565,-1.065054463858507,-0.11172960238377863,-0.7180228713408133,0.08443066448138875,1.0557300269990721,1.255877393917,1.126153285105719,-0.05501643628605161,-0.6101042157877301,0.8556790425831384,-0.43952891634175945,-2.1275894019648813,-4.596970072676566,-2.2979760244287286,-2.4169164583286955,-1.4199124158843812,-1.5999883784709745,-0.9185507585727261,-1.4610971400715609,-1.786829283727313,-2.328386335285101,-1.5619710754311182,-1.579019217040883,-2.0216104300177142
-3.420650234517151,-2.8889272745518038,-3.0041571099423643,-3.8243235799112014,-3.6030556632734956,-4.709617904900749,-4.053806622126175,-3.594297813838517,-3.5575047549515704,-3.438276871590822,-2.686728014877079,-2.2998225974945097,-2.162482103916467,-1.249619512327047,0.03258136564046034,0.48893961433511496,0.2632028774027551,1.5370679396108582,-0.7847127332777635,-3.320294404800758,1.5256015009462933,-2.1862815350176383,-1.071405073568224,-4.024474620861048,-1.5745942868698384,-2.3198594978475806,-1.4271871813600225,-1.941949545546006,-1.1916746193228214,-1.3601873601608867,-2.0341903818688465,-1.7815051027919546,-1.6737254782962387,-1.71792432852402
-3.574136440739965,-2.871905747851311,-3.427580143018064,-3.7879497257526356,-4.464743219830271,-5.555089558578429,-5.094106379194089,-4.761953016582169,-4.857786233335861,-4.647363091401946,-4.330382852357185,-3.591868666883933,-3.071490717710543,-1.932676313090438,-1.4422512000962195,-0.7382576568178875,0.44981881085264513,-0.92907748583433,-1.467322999271132,-0.37888686659920306,-3.5213290913063995,-1.6158085944035978,-2.293271585612703,-2.475233098918154,-1.9861865189156576,-1.5443411823571511,-1.5554040921810144,-1.6733820652887015,-1.2414346295410132,-0.9281811728747963,-1.042535358600727,-1.1006705354301238,-1.1319995495258242,-1.186687901014579
-4.000103751798313,-3.6620369060925952,-3.5819669965030245,-3.843623377945597,-4.8799929492689476,-5.487247230059553,-5.450177858301323,-6.08498715661577,-6.645141389307411,-5.867987649048184,-5.583743604319578,-5.010432059776007,-4.404518862680676,-2.382917937074174,-2.760296493655681,-0.5075560412848852,-2.020566055512475,0.8604763796748903,-3.5602489341345036,-0.30943903831554737,-2.9765153135022504,-2.891485334521533,-2.532936157524919,-2.2336494971204464,-2.248151339512602,-2.4876920947120738,-1.9402426199470517,-1.4872541841114644,-1.0679803276124598,-1.1017269510741106,-1.257791102876717,-1.3637930648799654,-0.7489220892123867,-1.0985496073523235
-4.864546679875773,-4.687902426917093,-4.461282962012982,-4.351186087272245,-4.533275185371792,-5.853104513316175,-3.3800126209099877,-6.79381099846738,-7.265940989441703,-7.861645862468254,-6.408911141454352,-5.607638353745513,-4.386120539549247,-4.163315504476084,-0.28669084329225025,-1.9182352089855226,-1.8558714285665223,-0.27045608518905057,-2.2530855012191138,-5.2312660373896405,-4.082392458821411,-3.8094294490891674,-1.6758556887407574,-1.69307872642472,-2.7451150023169366,-1.837298657263608,-1.7991035341960553,-2.025749378999876,-1.1120692393099132,-1.2384043916670224,-1.6444282943253312,-1.2903049881598974,-1.2068129552651559,-0.8942758659033873
-5.254754546536933,-5.173823453918487,-4.384259608960807,-5.144523199531959,-4.389195878831686,-5.371059817781577,-5.203941043108554,-6.491195130324301,-7.283985406036066,-7.980698267792683,-7.496682338432957,-5.297613741505004,-5.324475380414234,-3.191636082956179,-1.1524980937321956,-1.7642070788286728,-1.033441747437007,-0.7356445266829569,-2.9788429920295343,-5.929777997499345,-2.1333852525944317,-3.4690295437054934,-2.101802331651122,-2.0512933390408254,-2.5626928604473096,-2.31090962702057,-2.1817822718388915,-2.078375537059264,-1.6145391657421764,-1.3210244599010739,-1.5127509248486302,-0.7090435936897433,-0.6375046997677152,-0.17924031170754587
-5.18067541115732,-5.292936574222137,-5.020093296794973,-5.7234021522982035,-5.046753543239791,-3.9139362694442354,-5.081869882276655,-7.11510006983658,-7.945853262285083,-8.656168433004268,-7.722493467700072,-4.115747274586612,-3.998404899793558,-3.2442894543464256,-2.583634271275887,-1.6894167778421252,-1.0858522104045683,-2.036593049983706,-3.0643834094528852,-3.0374893408261414,-2.5704091972531145,-2.990805056352714,-1.8242741734318209,-1.4044997886869606,-1.2503581054726411,-2.1850167329042103,-1.8837388177740024,-2.039113979691003,-1.4681182651549414,-1.6370590172563555,-1.6748940415111,-1.36990242554282,-0.8161552669139468,-0.3640763231830281
-5.466613957798856,-5.192839383585403,-4.87169561164789,-5.168357201165267,-5.070438288607956,-4.150400412653642,-5.070181029851643,-6.378271829399326,-7.1681060711882125,-7.312008782491041,-6.847656675058273,-1.139680023898029,-1.022525177978144,-4.684623452449365,-0.6980279788189787,-1.2461146719376042,0.904300699540103,-1.380310560806236,-2.0026694829508327,-2.562946091511331,-2.7500940267116243,-2.486222381064261,-1.3686251352505976,-3.2392693891605546,-1.737543986502574,-2.0814861172125814,-2.3858538305703956,-2.279146885376115,-1.8493518141351635,-1.095626173452329,-1.8256264135454765,-0.8720231131013361,-1.6501065967609962,1.1196752993444212
-5.982455679452926,-5.612880969734693,-5.063841082344676,-4.953377518039392,-5.083810314538111,-4.904340775004018,-4.626356471189227,-6.48341647342885,-8.339505022784431,-1.9489651378277015,-0.7763023857813673,-0.848253267842634,-4.2726293784391585,-3.774237357112155,-2.7073086513291913,-0.5744278417542475,-2.654285623105688,-2.8672349227948204,-2.9344608581975344,-2.0157264558854497,-4.306738182758039,-1.212216343659022,-2.2140760717230417,-1.8272873330992776,-1.6666567654197406,-2.3284876998264616,-2.0123655281305055,-1.5961422279615491,-1.609950563909907,-1.4214904770093988,-1.5815739734369418,-1.4544186420719458,-0.5424926990454577,-0.06030798405197071
-6.352510228633471,-5.805157515279015,-5.629701424721636,-4.738844861890518,-4.577408234106306,-4.537507910030936,-4.713552728305148,-3.6136537841238296,-0.05551207736119159,-1.73488038162192,-0.5975668391179191,-0.4761372748768653,-3.633816669564899,-1.6471208317911727,-0.9660045337786124,-2.26481223709833,-0.27099912221710387,-3.533784721375161,-2.5371973708240927,-1.8364866283721935,-3.1616781404734375,-1.893491174797987,-2.368025277378475,-1.8832367926688214,-2.2340887739892095,-2.5060944941911143,-2.155599430110064,-2.332383882669693,-1.7972079442179894,-1.4088425056744414,-1.1084112228508718,-0.5800353262750744,-0.3722180333286861,-0.44071146539960887
-6.856141431052265,-6.18368476556971,-5.909105096147031,-6.060987301021299,-3.3593353726849045,-3.929084589738398,-3.2573090298332317,-0.8013240366105898,-2.187800721865924,0.08991106728164645,-4.379740798345825,-3.076864714606701,-1.6093171872186958,-2.688017526639481,-1.5597887857603658,-3.0027260971421845,-0.3205379104382451,-2.3978308512391946,-3.665157233840613,-1.718930838075275,-2.9215484999416503,-3.2559061959621936,-2.8337527965282963,-2.285654914158788,-1.1198551073485734,-1.9845173326528796,-2.9061599285205375,-2.263362460609735,-1.1059560067003453,-1.3400420607090882,0.3210873109511319,0.32288826065432125,-0.4819908410911266,-0.34100111101069885
-7.566673803691428,-6.79612555692904,-6.3768757562718354,-6.533628099518441,-5.101909430981855,-1.1075773931497357,-0.5226775595835006,1.0357962237351175,0.5951168575423358,-2.921577797696296,-1.782996150835682,-5.288835131791143,-3.6647418024200817,-3.293834298397203,-2.8225148093898276,-1.0672912673509072,0.22597592866809782,-2.153166010884578,-2.364847879475432,-5.708122730945354,-1.5867008266191969,-2.3069377106168245,-1.0907729748754948,-1.5413091087724065,-1.4704013015796595,-2.300426977281019,-1.9553165144309599,-1.651472147988349,-1.4676741957072021,-0.37500277717150476,-1.1217142007981333,-0.2172070453723409,-0.10680004620027514,-1.1740382171729093
-8.307357023981488,-7.771040272976519,-6.900420798258492,-6.387308488406871,-2.50177864732049,-0.45104395930077507,0.7425689296688387,-0.6344077961666128,-2.685568458065179,-2.0189043627607157,-4.041548580594718,-6.026337392230738,-3.4516606030930554,-3.599062191899997,-1.7721276812233606,-1.6636492677734354,-3.1687163315377216,-1.6380175202704832,-3.084168100560364,-2.4852965982873116,-1.5323998384564086,-0.37909365076736207,-0.8118794716237526,-1.6851591583681085,-0.45751221848186574,-2.021871876503934,-2.849889334774717,-1.6663594366479726,-1.4923021099828617,-2.0627454757456367,-1.3936312416178567,-0.4390042663300484,-1.1678374087906533,-2.2035016579577302
-8.23253979681172,-7.564043415655918,-7.095511975462659,-3.6471535846419894,-1.38627676892316,-2.316694594824644,-0.4325278191296744,-0.772049385805272,-4.352859889767744,-0.41903233019756025,-1.9505170279254123,-5.642601824715962,-3.598893375254259,-2.766261796254555,-2.4932090717906035,-1.7237001392656175,-1.5911187381518803,-2.43936736011442,-1.250715837708029,-2.2582281973849505,-2.828133431258768,-1.9719283623477493,-1.2752685447057925,-1.7501912702746285,-0.9730074161371185,-1.7970229895348875,-1.9188458329493832,-1.962370030049876,-1.1948303807028104,-2.274463523557551,-0.6342786773898857,-0.8255565756373381,-0.7053438192912523,-2.6333251036940895
-7.773119347469126,-7.026021002674535,-6.025132613692067,-3.22032422852479,-1.7887354066023369,-2.027595367420366,0.6058674761192259,-2.1370031031854726,-3.44776665145103,-0.35604378256960884,-0.7340491559929145,-2.9985244175993695,-2.904100765423464,-2.5010248155994343,-1.7892173489730723,-1.4344465685448375,-0.013329337236572331,-2.0639500956786616,-0.8659952053976202,-1.562144268616049,-1.3223752247366465,-1.272202852545885,-1.5059400414301365,-1.1614774701778126,-0.7403422361956493,-1.3008137444943952,-2.3305808542663558,-2.0079086957353236,-1.514411746454947,-1.8631958891134324,-0.811354587986061,-0.6559259165988335,-1.3166691299799518,-2.4083953744604947
-8.736521947775508,-7.462739042660385,-6.752342893389173,-4.251471761375121,-1.8200571404810337,-1.1787454522838048,-2.4172594311664364,0.0032607663844329516,-0.6117513600364514,-0.603216796364034,-4.775446088470671,-3.034044804802875,-2.0005403166413207,-3.3693039029693503,-2.4723725808788974,-2.131211226869117,-1.7781506407682155,-0.7664857655203291,-2.129321456255143,-2.242291729713787,-0.8427961300783201,-1.7141976716909153,-0.6409858093703401,-0.8427622058802143,-0.7910169056249511,-1.316548552356574,-1.5222336556152256,-1.8617174532480205,-1.7333818280651554,-2.975604652632857,-3.204416644802552,-2.174973266166544,-0.5112435702892253,-2.135498886787377
-9.291869043163036,-7.772092005983161,-6.457663884272266,-4.551543169433673,-2.0053810285739533,-0.5662342316531124,-1.2371177854895203,0.5777652185597011,-0.5092947379942129,-0.6221530541632969,-4.612049826889158,-3.3813986451460396,-1.2553618297894293,-2.000384870773475,-2.913573886565855,-3.0096960574562392,-1.2111001499572194,-1.3332153605607648,-2.0671426700341913,-1.0584341893489373,-1.648369711470593,-1.4429821858413767,-0.7366493546369026,-1.5734146435571028,-1.2075875992430305,-0.7935428297921487,-0.996450119986396,-1.8715985524444014,-1.8416511549039645,-4.5290356671784835,-4.305897094198349,-2.7967184217814,-1.7564063106519094,-1.3773484743322102
-10.539324116883327,-7.468475180425969,-6.2207039511466,-4.853448373626981,-2.6030448187955835,-2.133795713623892,-0.8391220661119183,0.1297040140323534,-0.2702382217588543,-0.21075089404241984,-3.118155028370689,-3.1775171309141816,-0.7202078833804576,-1.1540110977476772,-2.2554735776419297,-2.7067510344033647,-2.6488771108462728,-1.547596462819095,-1.7459977049099147,-1.437473353991188,-1.3153592239564704,-0.8892956906915627,-0.8542745469781879,-0.8491513560205908,-1.2500272672531765,-1.0344233465538943,-1.527908882071927,-1.3764747561648452,-1.2374715349310286,-6.584417705316425,-5.4919426985316315,-4.066657032024603,-2.8470572134457215,-0.4882116241638821
-11.48745919845972,-9.744761662211058,-7.355714152668368,-5.614557789768241,-2.775289862513389,-2.1276835738056468,0.7517935199453997,-0.6850233651391666,-1.2622902619224914,-1.1628412004672763,-1.1176862782961294,-2.832270826941987,-2.0145698339453273,0.32145360307945153,-1.8852586643785896,-1.018281122213696,-0.9379128560075545,-1.5856929910825248,-2.1173859348765167,-2.015856958834694,-1.3649210181196982,-1.3524102789894354,-0.5886052009537373,-0.5302588716720549,-0.7383823582377684,-0.8015088833141218,-1.018595019325359,-0.9555480257778173,-0.45002835554172593,-0.6504542877148111,-0.992925978170977,-5.113165884540939,-3.8917453442877967,-2.3780946252641018
-11.364940400405391,-11.611664989179502,-9.215231648830038,-6.611334966364987,-2.301167881039893,-2.494914063047101,-0.8810946653515767,-2.0931229475357025,-1.37617326790623,-1.7866187569843919,-1.1735046667093378,-2.211809607198981,-1.6401671700178575,-1.4493399483251217,-0.7039405137736556,-1.280618691066702,-0.8224467075883655,-1.9417293756538638,-1.5178334471907329,-1.8132227623855095,-0.9834348552595311,-0.9229461375781883,-0.8155860636758819,-0.7778704441371622,-0.8621675067320718,-0.36555306797502124,-1.0180653401646957,-0.3759390329272736,-0.546961074405465,-0.702191959443991,-0.45040207499372403,-0.6252317686576682,-3.8421464987281975,-0.8737193347107518
-11.437158309958887,-10.308685011797856,-9.72792517532545,-8.304426208451746,-4.684635296876872,-1.8341672699357683,-0.006307007423082769,0.5615224021583253,0.5619308316513285,-1.1252204257764737,-0.4231267501169502,-0.481803735379663,-1.2976848741230944,-0.3032762694069572,0.9260696270360494,-0.4160012981787694,-0.2118533430776164,-0.8952623961412665,-1.8039376044205515,-1.6210870886571482,-1.5659704519353421,-0.6883371130737987,-0.97167064108976,-0.9722627973482453,-0.26587933847848383,-0.227706401024472,-0.11680061404522944,-0.21866348280593828,-1.0390394495107027,-0.6868069349175958,-0.782249592396699,-0.7263060894448908,-3.3000019282701567,-0.035080074536005645
-12.344458919259408,-10.602596253989944,-9.470610084446065,-9.33262575825098,-7.755316008976702,-2.7493986834885304,-2.693515327337191,-0.6172932928806634,0.36329378835897536,-0.8865167605973999,-0.6137686377848243,-0.5795169155656081,-1.0538499525530616,-1.6542039976790766,-2.322106034576251,-0.8208173618089842,0.6142541121166997,0.927920081864444,-0.1457508809281693,-1.0213031299441706,-1.3340124159878104,-0.5398544816474439,-0.9938134836371479,-0.8427558732031301,-0.9605376189317607,-0.2186581951859745,-0.057374216592322544,-0.0354275268288219,0.40844580497450156,-0.5759749640935119,-0.1945708895028623,-0.634650495619627,-0.28484494569349006,1.2762846540448607
-11.975259575154427,-11.130984862764631,-9.371164257894785,-9.181550935338336,-8.568199833901511,-3.5996115253220307,-1.11152624549415,0.2746726060827789,0.4075423522371835,0.2839411255246212,-0.9982472767721305,-0.42071169038228784,0.16487494395922153,-0.83032090301802,-0.35151803814468197,-1.2446190187677382,0.04296079096902981,1.1108927374945174,1.3463356112471256,-0.594530222502984,-0.3658959663368272,-0.0033389195856885407,-0.4701366637495461,-0.39115419129074314,-0.7652214925943887,-0.33859454582487425,-0.18405071106003298,1.4654139866097922,0.050309618545604375,-0.3873147322576445,-0.4980117052625263,0.22261980366926026,0.27783839977679037,1.7348189928698243
-11.435257085446354,-10.884457096624368,-9.96200119997704,-8.560880578878022,-9.229255376202369,-6.627238743818099,-1.5253977451207656,-4.014380045029565,-0.35237006037474783,-0.5712852735823933,-0.12669232271837325,0.13470883607457793,1.021246715963526,-1.2274884826907664,-0.5043448303086177,0.12001129867253006,0.2045429349741513,-0.23978086951759234,0.864431640094618,-0.746056940212412,0.19219330979486604,1.7136802822686308,2.5405935895739757,-1.064222927934945,-0.6575050905800784,0.17428098002221065,-0.7266357829575123,0.12295913937130304,-0.3216651470286648,-0.6183895973176773,-0.5535832258318191,-0.07501164437112293,1.3051950744648195,1.243206963646312
-8.29794661429005,-10.528381149875614,-10.310407761510689,-9.621832911103501,-7.813503006408228,-7.121367486645242,-3.2511559083609085,-5.522449667109475,-1.2359826666373015,0.5678197273108626,1.4078992554559093,-0.5433787522398641,0.7347877807108154,0.47881377894003696,2.214276230791644,4.040946695873353,1.0360462341689585,1.0211240675252926,1.5119854051218915,0.2908135626225438,2.3724384371609175,2.277580257359794,1.1863603541016712,1.6878057170365035,0.12288962546340383,0.6294662358383063,0.34584244173420253,0.12783201374657283,-0.8412461374506878,-0.4725308648077456,0.1058500859592272,1.546327226707608,-0.08761591965296878,0.7963630209190687
