script/wind350m.json
{"header": {"parameterCategory": 2, "parameterNumber": 3, "lo1": 3.000054539987559, "la1": 64.9999836372058, "dx": 0.5, "dy": 0.25, "nx": 34, "ny": 52, "refTime": "2026-05-17T21:00:00.000Z"}, "data":
[rows 25 to 49 of 52, columns 0 to 33 of 34]
6.535704124140732,6.296662851387979,6.557133630891896,6.657855833516722,7.865264918815315,10.342252710078178,11.215678472142725,10.516011420985127,13.900996420519606,8.840394506743108,7.1069206112871965,6.683209435701581,5.112943218392743,6.194476286096363,7.336917691242035,9.02934983224528,8.828514836377579,8.014273979079963,6.549208010080278,4.579793660429482,2.116937283511735,0.09565103005728026,0.5214257577233461,1.1347724221683113,3.504174819596961,1.07742541295392,0.6666940765219362,1.1850872051434687,1.9609835074867203,1.4132798757080045,3.108515614437356,3.2740241807662382,3.3092348210568425,2.5255256191714803
7.205718137131571,5.911820252414188,5.575502755895566,5.896255157149873,5.800810273908879,8.509110936245046,10.144771607135304,8.459801878487983,9.109455394068203,8.76298599600077,7.379504689390257,8.18696128498781,10.94956375362564,10.050102770806324,8.94932012335593,9.230387849093022,8.295646816320275,8.285648027973233,5.900835069189204,2.752797344394507,2.6991549680609044,2.661818538253821,4.5175407769011295,2.8359608437660513,1.6938476536982474,0.6266299580304336,0.31672254719020304,2.2478422491787993,2.757312828716681,3.173862392032286,3.9941478123652105,3.5468647187772055,3.753297203001753,1.9105558874470738
7.181751773097275,5.933488878295684,5.105848971222521,5.07050514821836,5.527955833057483,8.143595889277279,8.363829198893646,9.847650539085482,7.517773776272141,7.095013078482368,9.56194004997767,10.120273382083827,11.59296479198177,9.867556629130027,10.06934302692484,9.233532080289143,8.611484529066084,9.353820838079022,6.090632946803978,5.936706804338578,5.009426954554963,4.76616328542797,4.486974341287132,2.600389845341807,3.2627263278344545,2.567202106431686,3.46251835864407,2.065041192324119,3.5887689874420188,2.868274137940549,3.1270283606353173,4.164020905017747,4.4247109205580655,0.5970296898040942
7.076790007196124,5.784337404817861,4.759654533740941,4.321095253353764,5.198227977046864,5.519832072759561,7.8680099454241565,7.001034409406234,8.552250584874901,9.480158415648464,10.03323733028387,11.87384336711344,10.624270617683116,11.465608373642924,8.828531492991301,9.489530321983475,8.928542293410311,9.397262089542128,8.49472164504893,6.16889099654738,6.069671494636284,4.769139863282244,4.2665678284038115,2.9345807496485614,2.7350645076036613,3.302647475464792,3.242507615109666,1.3872858998014794,3.3382467920486762,3.751398870616592,3.53307450476189,3.364607168908664,2.496725314722212,0.6209443434248414
6.6956178707322005,5.6461003282172015,4.6314213449599455,4.86266184374155,4.6732706334974115,4.837674953944232,7.076539193191108,5.099361179848653,6.829247398630959,12.089991459520219,11.155301536818245,11.594359047811029,11.509647694150676,11.558884205611536,10.371969037640692,10.725313505944017,9.16332110408907,9.12553480909276,8.914019680545865,8.545073335310374,7.405859913666949,6.99899204676289,5.5438321596870725,3.4140594346642006,5.203688645885081,3.7388563533797625,2.744632825146766,1.212337121593801,0.6821313778992195,1.888002914315988,4.126885398978559,3.5792375822587874,2.7225636860655067,0.6417127665801219
7.244287305787567,6.075968813299248,5.03863888198859,4.52884711137904,4.34767121545914,4.625345584454797,7.35180451791388,5.6782622817565045,6.896284587604536,11.429176813946405,13.207110329675212,11.120052533189684,11.306222757614554,10.80084538590102,9.746254847444982,10.106290801409203,9.317061757127961,7.496822800659519,10.335507090024732,9.05118552071528,8.060322434204554,7.121010339766291,4.660979941551715,3.908694949291193,2.8835018356439117,1.6336635593997555,1.3972092371095204,0.10655915326259172,0.4938545565686422,0.88941518786163,0.9053730728853128,3.4204755234097184,2.1403608270589505,1.1757747850435127
6.9039518527896755,6.077304880601874,5.640993865354594,4.560790320655204,4.8463861231715155,4.771861937081587,6.896916737746676,4.96078703445244,8.38068542668766,9.783461665344985,13.125139400720904,10.923101745405306,10.075237190354033,12.17919486099033,11.063193561148388,9.332293174107189,9.01672913309595,6.6421144682203925,9.272802714599766,11.776986756746622,7.753937515725901,6.013630240102518,5.852401342531968,2.9077402712384965,5.483537320385522,4.99112636548282,2.187729990909453,0.2949342516137315,-0.4762546719281329,0.15928124479505873,0.9892068066753386,2.42729658887039,1.387422293226095,0.5846214562581337
7.427483455177157,6.068019611268034,5.613167043608567,4.5677105776509785,4.803692224284172,5.204954005888566,5.598684925391266,5.471544429394526,9.49108393583458,9.824905153628153,11.416873767470612,11.095594854975435,10.562173720919137,9.741675604962136,10.541070436884041,10.87401434429171,8.456421211203747,6.805264504862001,10.133158409813795,11.493398976458568,8.954589852628539,7.018883541173137,3.9731150845495082,5.2700126357262596,4.871222828452371,3.894909735096983,2.6713602811099633,0.3756388172442626,-0.5547096506475856,-0.21671596710899585,1.3134081843056955,0.48279383136831505,-0.10978143609415356,-0.44090569057644335
7.8291427579144965,6.37455807569277,5.6118135937707985,4.930902968521394,4.244946046527693,4.744620632300562,5.122973454622655,4.718887980141725,9.776484694402365,10.903408252184787,11.143837885209814,10.581447901443719,10.655344701885273,9.668862437565286,10.085977348071525,10.51772324961089,7.797772080136977,8.934804761551797,9.305720473329012,11.611917491343155,9.447181082003853,7.792774377570551,6.066177761820052,5.089393897021018,6.062457573082191,4.262324867723206,2.3113112332476433,1.1789170056219893,0.15076957262491267,0.1557216066332633,0.5253689009341194,0.2620591245010433,-1.511221632761699,-2.317217483243717
6.5901038635618905,6.355340098729511,5.859657324238499,4.7944702269225665,3.9279672555042033,3.853769330569904,4.977034227737884,4.453887923023514,7.971881814146642,8.733694759858382,11.190943994928187,10.945841850614558,11.416828364345818,10.999201901283843,9.852617315801004,10.784640699808381,7.9438224929812105,10.196358150734035,9.595228111809154,10.28428713251346,10.428095743126704,9.064842779605518,6.818325470327082,5.655112967816343,5.217262255619029,4.705755355737129,2.9110678781164028,2.253842264225649,1.125387191336739,1.121943796458642,0.7695608982371448,-0.4628809218507622,-1.6508466679509408,-2.8981017695346796
7.060632796070863,6.581475859913567,5.961541442076669,4.6783214181492605,3.808403380036731,3.740780098364792,5.346932415888136,4.4168310276374925,8.279717647021602,9.170729634973416,10.749162690102638,11.517946047740084,10.39508498026875,10.543566357978468,9.876067505142814,10.718971387995628,9.412691864473961,8.729462667124587,8.789726701759887,10.031847294302027,9.513449249780468,8.628641437935086,7.175618168091584,6.121958589367498,7.146805143451571,4.335989961112448,4.693955986103371,1.9224773532968973,0.46973265298755895,-0.007980358889430342,-0.14466127020184563,-1.5303146324489987,-2.6900673460877056,-3.647789831399709
7.555703423359582,5.847674345241194,5.811544620749323,4.842310682846432,4.291045298216303,3.6765114097590494,4.776377101700792,4.904913596561157,7.141929280974331,8.348167003939187,10.348662652338497,10.092208643364359,10.110929986655666,10.723662634862128,10.481256032176292,10.442964921418383,9.30571232046478,8.553014699790113,9.65612189645872,11.769409341714026,10.271530976486021,8.556832659266844,6.836758446503854,6.0357390903058565,5.1125785098891114,4.65865282476783,3.0248324681836776,1.7484262125664016,1.0403099551861865,-0.04448367656726366,-0.51225911805087,-1.479173910310014,-3.0806904058377933,-4.169690600427181
7.7472490259339555,6.045856402070436,5.348700971692285,4.82121373245707,4.380054536026312,3.727115396095902,4.2181457228651835,3.8947672864237544,6.056438556411358,8.720706136629381,8.925264244722003,9.994961879618362,8.958008801658087,9.461489748084299,10.08139808640214,9.809584199587395,8.983883838293078,8.008838277609858,8.485902378515744,11.00564982341882,10.09773922822579,8.170686928676135,5.949394543402923,4.649264724334103,4.926907445869602,4.375796845014083,3.631774426671527,2.116961926173394,0.6041224222187186,0.11852515360815555,-0.8840380893868542,-2.0076704627556774,-4.020774172793424,-4.803273006438045
7.875713638858655,6.108953133401092,5.454920519472917,4.823525279066743,4.0080502514925005,3.891250971440719,3.3903311233053923,4.112943893757835,4.912995573746928,7.247334675877438,8.901397926466705,9.307846132336964,8.053746558084116,6.9850091334413,8.614449602448023,8.549856378843039,8.208637801760066,7.574165958117281,7.233366420059958,10.91393887721912,10.860526653359713,9.018829007408513,6.335175685665232,5.070092147063581,5.729427125316452,4.467410985383544,3.4721942056379667,2.7201495923364316,1.6288250586924702,-0.19400464080623703,-1.8689674933562515,-2.612670176363482,-4.331295629896035,-5.750634897008278
7.477950923917518,5.766805499240373,5.155988689647656,3.9619472873573955,3.745410499127494,3.853156096568326,4.187407695214606,4.287785968880644,5.275694094711049,7.062648924759841,9.604642821688387,9.173622949467998,8.064683574153896,6.438185905539008,7.769231696708647,8.91456535568981,7.782308497274361,6.535762537255381,7.88326283830902,9.25353918263703,10.94055917681611,9.682978406273765,9.439987099863883,7.625381506469132,6.175908132863391,4.695455409974375,4.626286184471616,4.525844551605978,2.42672093359918,0.5986402583592306,-1.5218379694126345,-2.9365901893852255,-4.628053795206583,-6.638796884505255
6.999819862583664,6.110521609933414,4.751506356775832,3.7000905837022793,4.121107255147473,3.973365657729228,3.177817278981717,4.920877761142521,5.726016233175183,5.700305570077739,9.50472044857279,9.61903641162101,8.935474578876592,6.421830972694569,7.198650784661139,9.424723512174463,7.316442023130324,6.293150178125411,7.063367265148584,8.91863955052998,11.00116954549632,10.44158628059552,8.942788588256223,6.141231834291453,5.333389861277904,5.0873687760945,4.834866940659986,3.5330877311919053,3.0660358013858025,0.7948234105740412,-1.3273738178202044,-3.3456733721638954,-5.399240149136491,-6.599864858563421
6.074523444896149,4.945251119053575,4.339674335041149,4.7864867860365266,5.997632838771901,4.853009703278209,3.5265830404176484,3.7137193138586357,5.429774462551159,8.07111094199494,9.617824007219081,9.043233106831801,9.150700508365135,6.8257089383976535,7.439429400969065,6.798285505118204,6.7033722543381264,5.3237859850998985,7.9955514538898,8.135696274609373,10.001822923923317,10.141212524883699,8.578029032431967,7.206964218556434,5.18507709069948,5.098526718970498,5.050768987219059,4.06305264229354,1.8292364239901908,0.4241209293271974,-1.5454364195440788,-3.6296050012968677,-5.636582537005595,-7.029533442356012
5.811389585551022,4.258378232729121,4.233565183441098,4.7333798601278225,5.936194335199837,4.971618816283149,4.245335366713284,4.540172465130918,4.924376834078382,5.986350240314924,10.164672745554444,9.682704394583038,9.232443736795998,7.060058848228593,7.784163202967041,5.079540149461269,5.712812184649918,3.6579972099469438,8.08389557230898,8.680024844173886,8.750100955755943,9.552563464855941,7.670045320150741,6.93929338851644,6.922258193464249,5.334709325784163,4.371103036258639,3.404623372438888,1.775444092173112,0.14081808373789015,-1.8820292717460159,-3.336289413439992,-5.358115138947738,-6.853258549913445
5.7187977375461685,4.897618696105459,4.085946432679851,4.689293774040004,4.364911631309903,3.4738116254226417,3.343519010021188,4.3268387922156,6.440695465238349,5.764587018816794,5.396430087557632,9.429316344091113,8.013417585631043,9.160767897092487,7.448464277831524,5.186928764984267,4.955168183039469,3.832458863138951,7.428711266270173,7.8152327501360634,7.830276782669247,7.470810115618184,7.0593603104127745,6.3673978432111795,6.819015202250763,6.462408272594147,4.747619579744248,2.044270862724127,3.561769109955354,0.6707526366948384,-1.3686869696435682,-3.9411725122666357,-6.013133752022822,-6.399878762056666
5.19785411252985,4.39293709497055,5.204752831411788,4.163269816072729,3.1874079632737935,2.9277717503998786,2.9508202504404535,4.218685286978021,6.200431118864238,6.742069868766405,3.8940818010146097,9.991743781335918,8.260201460694168,9.021246923394042,7.077387033700223,6.284679043967558,1.3261981374962384,2.933190688225973,6.164165455734962,7.216263358406972,7.789756145819449,6.232068959140589,6.438983029921711,5.220203041095602,5.614876100092168,6.501592052473085,5.233495983812719,3.771345899003553,2.9056790009858298,0.7292345891964958,-1.831964533403844,-4.759919030084335,-6.122833278527006,-6.236823207358922
4.2587829887016015,5.802308101293742,4.654842177338732,2.876335141437002,3.7611654634560536,4.135953299468937,4.13115253582035,4.19216135954717,5.135548214110832,7.116286015253019,5.70208991085856,7.8845549140597155,7.729839628871195,8.414316254213016,6.9063761912150285,7.8312545423025774,3.4690502246252395,2.860531462653446,5.530611242872477,8.162575436035121,7.732591418776508,6.4652502970315044,4.893589990834059,4.2834781228144365,5.273647938334453,6.013429253994367,4.8729752360734855,2.3884405615573963,1.910393891844238,-0.4308067132694792,-3.341654086133992,-5.452338933269843,-6.300564338198364,-6.551376602722479
3.5194502861803003,5.138928610692729,3.7436183160670713,3.2806227920377387,1.5412382552617927,2.7249292253428767,6.408602943364777,6.574234811372418,6.099363323939529,7.901985095488912,5.884190335071165,7.655040685293922,7.462489382769011,7.887360084872568,7.237643266788813,5.454942671140381,2.8252110607970127,6.271943761186077,5.694896010521434,2.911370075526416,7.957559789607463,6.306197458163277,4.2915151367836915,3.49147954912419,3.2221269745871743,3.8394923238146794,3.1585094195149312,3.524017575363299,2.40071640100865,0.5199156138534798,-4.525285744586681,-6.161489160226497,-7.29881997325873,-5.951339059601385
2.8891862234652654,4.674866904266432,4.111672055562934,3.0066413083288377,3.379541837062105,4.4000010194616035,3.8690939126095985,3.9702638163179484,6.432223356785056,5.6153908767403475,7.506517373169712,6.674865168629526,8.677872309594507,7.822594769041594,7.401056396527673,6.274260626114977,3.1379768251226396,3.8595116441526507,6.1223417835430505,4.851064308879697,4.598719726662368,7.366846590426834,4.385142045660365,2.843862812068022,1.1970479116667834,3.6683188444402886,3.2775411662761242,2.2734246201608825,2.4338735780719207,-0.5639236379484814,-2.344061403297342,-5.721188257199654,-7.832524089373595,-7.162025226287215
0.9116708074136217,5.146741385588851,3.459532572185643,2.7018372816016942,2.8804361662294657,3.440551613414823,1.9136707249052667,4.018061649568641,6.417636952220849,4.601694371480542,9.528993617779024,9.763103379882056,9.634934828903821,8.856417744741274,6.950045292886058,5.663235211358179,4.446480031537976,1.2088109013310022,5.831153493410108,4.11549262563152,3.6883674692172996,7.207992068402876,4.6402599397448965,3.435316063886277,2.050508303266999,2.185821546165258,7.05630194335834,2.3744595582774295,-0.013597731822135615,-1.4266833794442957,-4.6510390435100835,-6.951387844933803,-8.21815627831671,-7.540343865429179
0.8906221362489457,4.366717134252919,3.2860705006913387,3.428870587243966,3.9636022957898707,2.009126973988658,1.191118981748489,4.814263656273701,8.99820192142289,7.915868537487991,7.872482841427806,7.8472329247216726,8.797514051210092,9.60808505470382,6.934577460862182,5.351821542782279,4.996779481744585,2.124718443277669,4.906214723885184,4.155783082635152,4.571582354105462,3.3093412024179165,5.4877391461031335,3.641417406544927,3.349013774966593,-0.5450850135651165,5.173318793587081,5.17817939576403,1.0753204318905474,-1.9664010582738434,-5.126995403057624,-7.814454861345488,-9.108855131530223,-7.083408909638831
