script/wind10m.json
{"header": {"parameterCategory": 2, "parameterNumber": 3, "lo1": 6.000198445256149, "la1": 58.999992894266676, "dx": 0.5, "dy": 0.25, "nx": 22, "ny": 24, "refTime": "2024-03-06T03:00:00.000Z"}, "data":
[rows 0 to 23 of 24, columns 0 to 21 of 22]
-0.2634522695039937,0.738093858250073,-2.0512883122620384,-2.989338405674801,-2.3479041948965462,-2.5989309152795546,-3.582286567524317,-2.830711740864915,-5.168809450014607,-6.324614053826293,-3.782917214827982,-1.2339267138739092,-0.9186167745665412,-1.4789574464625044,-3.1611056058542863,-1.4763111342889155,-0.7619891389185617,-0.9116673054876163,-1.639326926169869,-1.8677744624242771,-2.0761996696794487,-2.7592891073425254
0.6775039334569477,-1.6468584843781642,-3.9968222859128684,-2.672404728787312,-2.3637144579743037,-2.7277907828784858,-3.0350599933448983,-7.975676958471544,-5.606540812025329,-5.115474570746392,-3.8999817203042584,-1.4382690119953758,-1.4407468611858774,-3.4465557406874794,-4.797080023475207,-3.454099339280642,-1.1178944376943367,-1.2937701220127453,-1.1188375932084726,-1.7819360296083806,-2.116665085190418,-2.239207111482675
-0.3263636924209821,-0.13245226235128396,-1.362123466263755,-2.1590026929750805,-2.907488597629029,-2.9509630042382864,-7.812741347626177,-5.552884235703798,-4.8337396093716665,-4.261187987915565,-3.193923417267763,-1.1454448321838524,-1.2174209216042033,-4.005555803548939,-1.7851932916585531,-1.2931363252827792,-0.37025472885985083,-2.012234842704928,-2.003250582515934,-2.2389216868020476,-2.4430265861852027,-2.6445558352101455
0.3097176362488192,-0.5467778785144689,-0.7773429485216066,-1.8822949387638261,-2.870009531316334,-5.7808625294818405,-5.863479814604977,-5.350248313487145,-4.710308688254949,-4.133055431627938,-3.7789927113401753,-2.329532307843736,-2.0058694799742534,-2.215292577272583,-2.781609668799324,-2.0516912128527616,-1.6520001682529015,-3.736874411411365,-1.2009344898282421,-1.7433781725982052,-1.859400191184024,-2.0804294686990215
-0.8403352702048906,-1.769524488832011,-2.386054383680811,-3.608855488272899,-6.425996401607712,-5.846940211505761,-5.366235910376381,-4.482951951260226,-3.8892086300254505,-4.0277674870960585,-4.360216989825234,-2.918855441302968,-1.8620473125097063,-2.0685641387442018,-1.3280462028882982,-1.5002956511176198,-1.8108975595446288,-1.1069250886370512,-1.0483813457406963,-0.9917538588902357,-1.3969458304362805,-2.0541288728397205
-1.1829316181789724,-2.3570178188457964,-3.884994286735559,-5.061864593283747,-5.27982379429924,-4.56869615983412,-3.679221620994277,-3.440125172652108,-3.172455150036736,-2.6760580582823668,-4.0506602457159415,-3.5779891978313096,-1.5959598182589176,-0.9696801270206575,-1.1367014489712282,-0.5339843632317444,-1.5969952642639966,-0.9846833851359941,-1.7285424112101482,-1.3405483171986525,-1.6461315676115746,-2.1787509821958824
0.04558959453785716,-1.358669160561839,-2.6088539606144217,-3.124330912384336,-2.988480068555613,-2.725589866626277,-2.4594062782207238,-2.34351820515734,-1.6785108010999508,-2.5350459007608044,-3.803215063428701,-4.287817605664484,-1.3950358923294304,-1.134125409671395,-0.8143506439803794,-1.1359470694794132,-1.567913961129727,-1.2335497422563286,-1.605313094425049,-1.8764511093981602,-1.7938073932735767,-1.880488032993909
0.16040325066729907,0.028046965737314678,-0.3852533564531367,-1.1661953762853905,-2.058628548893503,-2.293320357703338,-2.2372834017126766,-2.0305298711883992,-1.3856155617779915,-1.852526927983882,-2.414063927798652,-4.4644479446921945,-4.534657166112025,-1.4523180629530965,-1.1171997614649676,-1.309468022300877,-1.3676336339354753,-1.0629184161096699,-1.7901853799560776,-1.5250892936831222,-1.7548673748234205,-4.250591347550216
0.36037172830411757,-0.11338245781397284,-1.0618787938930805,-1.6853687001248332,-1.963811788458872,-1.1872904309731134,-2.8612869170095685,-1.9673051804835047,-1.0622379385414613,-2.3992450009976163,-2.69334986508963,-3.8026216176482186,-3.980497329873565,-1.9755581612086113,-1.5771843196625546,-1.3053577820748203,-1.6915033865337468,-1.5588772081030653,-1.6064725030713296,-1.8633399477862294,-2.3087658264060704,-3.7346081935289144
-0.4150063115237773,-0.9572269142898341,-1.5001483976825276,-1.9393495704076134,-2.2547512840680377,-2.3968424892256617,-2.035969121263522,-1.5181111505738911,-1.1913345162072602,-1.668130760655129,-2.4284895666073165,-2.783602270484961,-2.858450904484101,-2.272375413532089,-1.4035613657360975,-1.4884869788133321,-1.5822366023743215,-1.4026857535291442,-1.6279603839154804,-1.7239894418250896,-2.033207878789343,-2.2107978511514297
-0.09580009014407909,-0.11654928651871874,-0.5274860684497654,-1.064981685736582,-1.5768379870773934,-1.5406292485436759,-1.8946904650433178,-1.5567103450513071,-1.4666929744888642,-1.0184132767695921,-2.010594601838359,-2.26151169218662,-1.975597904858073,-2.0708188924526003,-0.40907326929472015,-1.1386019687057967,-1.3077348991694477,-1.3894650785866,-1.2782403185985636,-1.721093039168901,-2.152934961809851,-2.5689202595694316
-0.06517483865403051,0.0009818361627382778,-0.2806415182204075,-1.2700699575333145,-2.0100690946567363,-0.9507112520516354,-1.2931738648102618,-1.848627499337892,-1.962044059321208,-1.6423460324864227,-2.460832375589463,-2.302884778739207,-1.6637746496108041,-1.0881005163451491,-1.358769576885579,-1.2595613519749043,-1.5707678452876443,-1.3646384389475916,-1.711363184389298,-1.9484866614394964,-3.4581348445470392,-2.966515968758182
0.8984601223421075,0.893035935482012,0.022540713184413228,-1.0852717952080255,-1.8853828047112045,-1.687586913962426,-1.1754786868157119,-1.7819592065300904,-1.6546423695044492,-2.3557120513401313,-2.4017321795431137,-2.4323165159357054,-1.3525858806317357,-1.0882678748462882,-0.9150968621638061,-1.4902098015549419,-1.753011587715501,-3.6941860640224955,-4.822451531694437,-4.90207032045367,-3.6171671848994578,-2.039757827652612
2.5410972259750957,0.7759239932565377,-0.2212901551605234,-0.9210041813133661,-1.7730350145100524,-1.2097729441349965,-1.1778374758119523,-1.7388470145233967,-2.0887331320779774,-2.5248041873127276,-2.7469900207676963,-2.0629834322594927,-1.6771684673289282,-1.344042359188222,-1.604900769388162,-1.871244637387042,-1.702095039086732,-3.631180220123708,-4.24615252365102,-2.876474488773346,-0.9992937237273363,-0.3153721048328801
3.7953691200735173,2.100599894579002,0.32145781496846393,-0.758106188384706,-2.0210840080763797,-1.7300436766358978,-1.599517955044293,-1.8756380667496486,-1.5638784024100933,-2.205676960003918,-3.2532586796131606,-2.162324308707791,-1.7059337938480095,-2.8853412494621526,-1.2851635772256527,-1.433372671228894,-2.0330952912657456,-2.052302478108732,-1.0561416159433992,-0.808465134580053,-0.47340664513373665,0.12408998651632752
2.0974309148732018,3.687091038014369,3.547126011410657,0.8596849303104177,-0.24372462960175437,-1.249348683934778,-1.4187325763463965,-2.096771330657054,-2.0395578066337667,-1.990000336154436,-3.828192933718602,-2.540119368944931,-1.6761832931877196,-2.262262071136518,1.36117222045133,0.6713139296621282,-0.036228853764120446,-0.4370415562741686,0.5818021576200232,0.03429247172489565,-0.17003805117569026,0.1387975967339512
2.3377719091090663,2.0619518660188354,1.846098348625123,1.3807102587559366,-1.0933521841967768,-1.8282486737035735,-1.3309256279337978,-1.4226663110764932,-3.0331884026418696,-3.308532140209553,-4.404266468362271,-3.7059300028524955,-0.0886704355524032,1.3203976339417076,1.7708089265251337,2.711080025686769,1.8883678420237098,2.164093671321067,0.7044816663293226,0.6743957472757491,-0.35992169500678123,-0.567955247794027
2.031354480452292,1.5723587708246247,1.779333248979537,1.8319735126060743,0.6215428557744694,-1.4912692889370607,-0.7632195144226395,-1.1894851779788655,-2.8365312504417286,-4.059321390436683,-3.0200435910685006,-2.2061536785033113,0.03958796580529445,2.667885132059159,4.168127545342572,2.059551676717769,1.895084559197903,1.6630349619288927,1.971722017075353,2.1814785238263292,0.9018493416272801,-0.6346962017897385
2.3971013815914555,1.722909580733179,0.8546491663662144,1.1529393587301526,0.07685316231749628,-0.5648667447677609,-1.1480175983835381,-1.0515818947052342,-2.024873067198023,-3.083250923514442,-3.4437656827210867,-1.0985346368681115,1.674032613697645,1.8456907084215255,4.0834465217272475,2.344584816325185,1.3889759942522126,0.8449288138307862,1.0432326708334754,1.385468536866575,1.898725691249643,-0.9179195774956755
2.0548385910482265,2.6185827390583327,2.162868506817386,0.8999190869790256,0.2018830521095297,-0.5656689205833504,-0.6627224072220997,-0.9406786419526049,-1.2017591326486143,-1.7536810212374185,-1.7187919751127958,1.7486053047454222,3.2279168186280427,0.6869335928541104,1.2426512544032176,2.060472818232524,1.0269165185777493,0.5542257579154798,0.303254890957971,0.8249959483703214,-0.4801742105065875,-0.5841492391431288
1.8092827919559764,1.576962094221954,1.7973378703189997,1.8550285972367038,0.650009138788609,-0.136216881863869,-0.9802931391119282,-0.45381307824460454,-0.3670573518665423,-0.10657487703248751,0.5416836578477932,-0.048220875840004916,-0.7813712559935884,0.7210148392362549,1.1791635465353771,0.3290791726351478,-0.4234348153967273,0.15392445370615618,-0.25712150878223733,-0.47627960199541414,-0.982262392159959,-0.26473559510853006
1.2844478135126494,1.1409558793414059,1.3964600721123408,1.0438969691842366,0.32264302949218565,-0.5430804279412246,-0.6621357244464432,-0.707971874672283,-0.16692052517651282,-0.25547344118204285,0.5338649768353965,0.4807737717438,-0.023322054110962165,0.1856699561257326,0.2179947879009387,0.0274538140903601,-0.024806237950442834,-0.5030275033760216,-0.24551839803088749,-0.4187013875523252,-0.19054033207360893,-0.4733631675745326
1.812958534360627,0.7894519570776949,-0.6849419156655278,-0.8044433587867227,-0.831833334678668,-1.0290194696883692,-0.9971672890795495,-0.9132909093895902,-0.8480945541666257,-0.8712324706049854,-0.8223604845674602,-0.4097819970197729,0.001682799988084068,-0.35179291376577276,-0.6095874467236198,-0.7353208221917908,-0.7262096162862074,0.3619474471396244,-0.010022201042352782,-0.27061944760074624,-0.6373642957692524,-0.5143105609594769
0.32643320616035065,0.10671210836305496,-0.39901893680604106,-0.854217882631985,-0.7296848434701033,-0.7448085757104429,-1.1010774488822423,-0.8623168178094527,-0.5804544163814791,-0.3730046402343933,-0.42383237974850296,-0.41620088064034,-0.8511587093682942,-0.4585743012012104,-1.1255399373648642,-1.032376534897665,-1.0085149231192816,0.6565598353005776,-0.5587586037666906,-0.09448341978823152,-0.5165962912947488,-0.6702546736187763
