script/wind350m.json
{"header": {"parameterCategory": 2, "parameterNumber": 3, "lo1": 3.000054539987559, "la1": 64.9999836372058, "dx": 0.5, "dy": 0.25, "nx": 34, "ny": 52, "refTime": "2026-01-17T23:00:00.000Z"}, "data":
[rows 25 to 49 of 52, columns 0 to 33 of 34]
9.969467737849167,10.826205254675862,11.695867175410763,9.585633093346786,6.732953284484862,6.743729378244961,12.480340367139105,5.579414795928169,8.80921888140847,0.2611621503340455,2.3711739845783124,-1.3925172909088,-0.4766373815069599,-1.7154212418102017,-0.7037846733278146,1.18255092483726,3.7967602712680173,3.370585122777158,3.0899643313069283,2.362356785658486,2.731826285311588,2.6429683564841047,3.4298203281022284,3.8806096848731366,3.7315001589322714,3.7008183214188275,4.228349978185516,4.795292484631775,4.470482720296506,4.605496773812285,4.420248259293095,4.734282397336849,4.571986056074564,4.652178516151761
9.023290624257545,10.34361520973923,11.084667275416539,13.812304653603737,9.451426144956072,6.8309574372214446,4.4024849122949,2.02863058076872,4.112549546164124,-1.0406788040557753,-0.9779715794245816,-0.8540332581426461,-5.542031508925956,0.37573979113324163,1.8993603034063589,2.718855819938575,5.20568429948668,4.446393826975505,3.523066210126128,2.8843207197121337,4.662776625836778,2.270245774444757,3.5919859142817856,4.898393987349646,5.651262154632895,5.685809059276058,4.954332876546807,4.911501285870388,5.477187869602331,5.653183741709174,5.303610169121316,4.689464598362616,5.06944020449239,5.90590003074246
8.217898347187926,9.87430599598549,10.909426488756647,8.570927930355102,10.22064458784281,7.903169416302837,4.96476115889193,2.60253878227819,0.6444288877546552,-1.2579053467472494,-1.1158389181954786,-2.223656917270122,-0.12162231447949907,1.8634541008346033,3.3924600857838074,3.9184694337455017,5.1160157035289195,5.839372537932799,3.9297007049767076,4.5146667479317495,4.784214445691,4.380973023992365,4.3282436763250525,4.308442019723661,4.37972035848979,5.496072353186904,5.287135200442841,6.3707871003766865,6.281207480233958,6.096571334002059,5.224068610617559,4.467495819369491,4.832848139449094,6.130652560878512
7.633882718520432,8.698264066709879,8.32893160586954,8.375234204370665,8.31853638666519,7.781148439677569,5.69217164115665,3.9665931949380857,0.2699736179691511,-1.840688141895412,-0.974776175986853,0.9506172883511154,1.9794900468952579,2.4546635278928575,4.899554440334263,5.597916371130369,5.579178711451761,4.950866489287886,5.144967660770014,5.875755810100009,6.553657187833647,5.767190955994398,3.5872248432628715,5.449171276838777,5.88570693006016,5.402601029642663,6.107242739826835,5.92402396277932,6.385497575944158,6.60319321810711,5.344061792105243,4.758356698672094,5.259775349357317,6.74874689207387
7.138487458096753,7.476614820012026,6.680607642679864,7.283506532918534,7.192326659829798,6.90872003013438,5.664128297351462,2.798132176690582,1.6906118364042453,1.32884537295318,1.4780581554934753,3.1519829660459777,3.3813220764761844,3.8514570984933094,4.961063508239829,7.1889517439000326,6.753783525510144,6.209480803817799,5.067438454762013,7.842008266156315,7.264676308666044,5.216991516891166,6.187860020908643,6.628119382388304,7.08662123064729,7.142312131311935,5.965477233486816,6.206322655412263,6.857623294167806,7.0340488755111945,6.401879422224819,6.114906144247017,6.7719785277317435,7.24730810030649
6.564051394944621,6.357694467382929,6.430822161398034,6.985739801549682,7.059031566629267,6.774180879436345,6.1826586202240605,4.16817649636852,3.3130672544351025,2.894928720843903,4.619596365056916,4.014125531204356,4.392524955610484,5.772648033353998,7.507514489284562,8.64529876940095,8.392414965633368,7.099166017696852,7.04900696412984,5.781133967266152,6.525907602892764,6.543950371563879,6.982348970680183,6.913767718224221,6.176282480660486,5.695557825407783,5.782413521489064,6.215757511727759,6.54010864088064,7.458504875566339,8.077076531283721,7.671010393594708,7.618223129551364,7.800504186230827
5.257009126533847,5.508266980542612,6.6000212464240855,7.160605826531263,6.945702612082714,7.567803096775736,6.550855464267334,5.855177351950743,5.865737208751873,6.309551103470488,7.126557726057955,7.736597218413351,5.714288031697519,8.581995670283813,8.923592030756494,8.661802719955796,8.191748889560056,8.56239945380077,6.528965415806123,6.211904284249122,5.25908268765244,4.850355678219351,5.22197821639194,5.613144639753832,6.579450882210304,5.394715332662796,5.293642534322745,5.180021902231566,6.2503465598519306,7.599274080144683,8.113306155101375,7.9522643243182465,7.804997381841565,7.529417335603034
4.235044262135429,5.926294336460216,6.912869289949765,7.2877103470551585,7.3964460194416235,8.503018014029482,8.129472990315469,7.857634926926599,7.318277257530477,8.786927005770954,8.580925907475846,8.770445150408104,6.427289036986116,6.350889176469035,7.981068913250958,8.766522910497695,8.853897370100634,8.196432809477416,7.663299079290509,5.351137492919543,4.955295101500051,5.878608370853116,5.471130330201831,4.849300460296271,5.15245611428955,5.123339916139019,5.576405127610478,5.32829556824779,6.2760041804293545,7.918259489028031,8.731870535993943,8.232924943897341,7.81105470205125,7.614987747811206
3.8649979454729166,5.259715023264717,6.76450079488462,8.019291747310495,8.82607800572865,9.082532136972151,8.770716054836566,7.819986841987452,8.181258469767446,7.6185805299087335,7.419834466901765,5.510365845690853,6.8887325592392505,7.447488236072412,6.9088690097958905,8.593840916039929,8.274334872090545,8.408605982726856,7.271745535986917,6.213077821227214,4.674709240430029,5.905812437258496,5.216636244003495,5.269531379817989,5.054222445232109,4.66508852415971,5.1823198763920155,5.174119563590545,5.950638618897874,7.7995464751878085,8.405447374710242,8.627096782096276,8.547389610909505,7.730239885023086
3.408151844123586,4.540404213614076,6.639809656657168,8.126791359315126,9.639786457295783,9.741416957502036,9.184848106853384,8.113429283417648,7.635780021064979,6.323671213817492,5.454923473483331,5.764827178768396,5.508495608486083,6.570164704322161,7.370986237707024,8.50658908097905,7.612158656975179,7.477632147735256,7.334075172441106,5.76525265420591,5.359717630424898,4.9019996294612875,5.926759898841269,6.620498988942407,6.0904131640382255,4.9362981851434595,4.409013328203348,4.849958062713882,6.003623035370081,7.8339553452298425,8.748861580363878,9.187698734629947,8.449760188939935,8.189276763192805
2.784417615290406,3.4709064959134275,6.6865345426562355,8.289762999741004,8.880914080173376,9.002851492311875,8.77408543432029,8.933972786922803,7.050567965214201,6.347264383941314,5.517930397175604,5.566283515301419,5.7314356633701085,7.23957082276443,6.598087370574742,7.8764373217605455,7.352856269841099,7.1621787912872925,6.909352676879395,6.721136276575719,5.112033569166129,5.193957399287052,5.522218414561307,5.413804153021523,5.294296712151801,4.720626709810222,4.501403674824929,5.123184183795981,6.360813571401713,7.674986343799308,8.713611537363949,10.04623688609619,9.44765119056501,9.287073681177333
1.199896040384747,3.338056598892149,5.621526671437767,7.755224493654631,9.037658353958252,8.746310119197263,8.214445661306847,8.207897586650892,8.216791328299829,6.610676522382636,5.508678949891878,5.437270584262445,5.708024711721957,5.6048348513792146,6.352335619680154,7.398912935304415,7.613667449017049,8.475463642205344,7.079350897639527,7.8116427657954794,7.0299217455918726,5.762171322479044,6.284388088419473,5.314007900481954,4.374036975206106,4.432083137113239,4.627322623754906,5.208587745466846,5.317975371719076,7.136461311488626,8.510777509547887,10.849283582149416,9.6912692185252,9.221469165934728
0.6438430929566197,3.0766107512037197,5.213110748227672,7.16855449812309,8.588662387209729,8.699369216118653,8.286423974255504,7.561408317868413,7.943388941364159,7.374399621577731,5.557356425475069,6.087809607106902,6.831152327526681,5.388437836492571,5.97405979622685,7.350754360486188,7.356522618588432,7.16930729657788,7.363454461753187,7.603168917525313,6.021726076441768,6.446009273539827,3.9977844023128437,5.360653679021139,4.6314883006212435,4.914089387666355,5.849290807382255,5.521291727635764,5.3484755714989936,5.472649220460743,4.455594789597195,10.359016152430259,9.48273410923112,9.188997085813954
2.0719150399636597,3.6124644176877463,5.2077878685546555,6.3063510205351605,7.141240245151669,8.107168556158307,7.790304290901249,7.327458104319434,6.716406087255783,6.926504933182124,6.235458216561231,6.5574038241217885,6.316840637911404,4.87479939160043,5.314647667935225,6.610378774608422,8.925776432848615,7.518320696714994,6.259015244656753,5.728334664969955,5.948119226385892,5.408674761988122,4.663458158785724,3.6862739738869665,5.4247911089250564,5.47867748083509,5.463682117651228,6.9911067168702985,9.013658550959025,8.013716343864061,5.225207236209188,10.731689527646262,10.476728514829942,9.91267764950322
3.051047842434808,3.859682475319594,4.271892295516957,4.93186596393149,5.916755780975057,7.54632577678425,7.498800272236723,7.048181095372256,6.28796514508612,5.584478564286941,5.917042464146385,6.042896493498948,4.968374309272058,5.5123588197431515,8.191676601884392,10.181045405479267,9.84442508151346,8.793528521667836,5.326673400055316,4.9821230991396765,5.090088897377038,4.275585430824101,4.471825713662208,5.052236374503157,5.853776932511129,4.894482496314951,5.446705857716638,9.258965767984607,9.89837985991504,8.968558276922694,6.922578788894321,10.859379865384428,11.683065117274392,9.43049495311884
3.2808065185402198,4.085553925343578,4.387735743906561,3.2353791032904895,4.923220179560933,5.346595536238823,7.226914264381113,6.857177572350834,5.871059858813205,5.599476103685657,5.640226994384939,5.192245697629936,4.379021826029634,7.446236951818033,8.448335051976018,8.399697047286834,9.709197931218654,7.856109716341248,6.179350862129673,4.064936242837597,5.019599931819203,5.277792375908737,5.414304314493141,5.317310626422454,5.005804931647609,4.095839726931863,8.561695203933725,11.323108591413437,10.559458964256104,10.096197880672463,8.449297442842491,10.856730206152553,12.120773649193954,8.316867723828658
3.2837103377241283,2.9274941584672347,3.798840902052445,2.8814288403280233,2.441242524300426,3.3988930375721886,6.8467260783127895,6.600829982008399,5.873517660512816,5.623011507216456,6.216840638156316,5.470150817759857,4.418292912292173,6.067483257183362,8.206464983690244,7.910080981590887,9.13885733056764,8.593930491113094,7.695161214350292,7.119083601518219,4.894060769730195,5.951026836648609,6.756897296348407,6.096422297124427,4.501540064157532,5.71049562437621,10.974055085846842,12.114222949973087,11.725464307586572,9.605538991918046,7.182537622283512,10.961186492048759,13.080269695562503,9.445768071817836
2.790364791228994,2.6534501136258855,3.1369517519805266,3.147443232072518,2.1567248385776305,2.0849688965198303,6.015988748404274,5.892504412979347,5.322780628091757,6.283044821351827,6.779679697769654,5.1932452566344365,4.5735863475803225,5.443867115612059,6.058194624975975,6.908724125160946,8.98915723608043,8.013000429362563,8.74238694695899,7.208961629586629,7.049759229672978,6.823046374360352,7.700507204223771,5.316152983464048,5.745650618351683,9.946081950177337,12.090252076454341,12.228985767678983,10.409228554953753,8.674112409574715,8.318312446873376,11.474366434993804,14.730076194754144,12.92240500939592
1.4933647682545692,3.598534975218931,1.5092276729947318,4.136192511752237,2.1171672608854157,0.8387960046703385,2.4555971713645834,4.947718154063535,4.629009550572986,5.247077270355109,6.08875436604962,5.8505133526709034,4.724873178477839,5.698993055223218,6.477531356839092,7.087705458478218,7.717852552827109,8.604369348984854,8.828973406158054,8.131471434075108,8.810880680382915,7.235799021652951,6.726671000794172,7.103259709594956,9.770531675267822,12.02592302403953,12.293711346423821,11.754816788310551,11.352278565570042,10.378005302769052,10.54749808733235,13.216654116980346,15.550128406368886,15.179401615416142
0.8125825934415285,1.4373734421762723,3.5538695041340693,2.5038610833107056,0.9776706863703197,-0.011211390544648741,0.47220081106618705,4.016900630854655,3.877035100926525,4.908504418610075,5.428803799672819,5.361818959101315,5.88862668742693,7.245265104644574,6.974458607693704,6.243700660253836,6.189896945318344,10.694938327762246,8.425435536633758,8.625993907087944,7.6781669215729496,7.66565383300533,7.010813741799302,9.114045931795056,13.369181371678597,12.611122554007757,13.406311505854681,11.816817728641512,11.529339461855349,11.900652004456646,12.164760042733278,12.208591468022767,15.814100636953295,16.490121140893507
2.713666951932834,3.0446604172548786,1.633157254021194,0.8500587779396566,0.7310884449790543,0.0772096404957638,0.12857139163592365,2.853712871085531,3.4810167697000205,4.623336079449717,5.607473143681549,6.224878112676883,5.282067990233477,6.485726008204514,6.675028625680085,6.2343279316497,6.878048519351585,11.164696560309329,7.9157566139527935,7.520451551467155,6.882139422170442,6.361873838686834,6.277046517667906,10.257333470873618,11.497346519090208,12.354801350684971,12.784409594210954,11.677770615821142,11.134904830081926,12.105764081510324,11.720087703549469,12.287387457146252,14.661699889786478,17.002402278771118
3.400257037434263,3.2470020472323275,0.8045849107183921,0.590141593848929,0.8700940672848908,-0.1689719612358263,-0.942436659891651,1.253744987893979,3.502256591380365,3.91144675710676,5.206731010054257,5.958016123851004,6.028330828077812,5.834174733018549,6.895014393290111,5.687695424145354,8.299045174508214,10.207429542886047,9.32303487937774,7.621492622064509,6.149455408506138,7.344864838944962,7.458705190600294,14.19006329682518,13.132953192083805,12.991590873542833,13.141144209142757,11.162263668620385,10.509213539437656,11.443915027572896,12.447135042075374,13.371055646418032,15.468340004391244,17.124036752729126
4.404054729823986,3.2087412791362797,1.5637928297850292,0.6285082245062852,1.4779982667121232,0.5647202298596764,0.44665663137346273,0.29008778408582603,2.6797288451799113,5.965708805940106,7.225103458419549,7.621026621965628,6.2041491992531075,5.793011754687749,5.846205778868336,5.623521497697159,8.07118178316943,9.713116510439074,9.302392242224405,10.743383019353425,5.472608892725947,6.453786228623834,7.976254487965917,10.779523066286007,13.799951870496425,14.64926375219404,12.950970246008824,11.304962616096423,10.883656337133772,11.638689616883632,12.808840957189034,11.946341774608472,15.744882846002392,16.809657707722682
3.8571158286438543,2.1478648839300263,1.1050743322631573,1.1391151326778823,2.20217347422469,1.9471484964362218,0.9462450956649233,0.7419519860412157,1.010461838285251,3.425127327464675,7.122033747719811,6.444381917612998,7.151484373200282,5.658670728675161,5.901369172957928,6.602614233460123,8.57512575013512,9.445138578174097,9.514934761653588,10.91939878403744,6.143710862996123,6.148749253237031,9.544120020325252,13.758979061397346,15.198654480221233,14.144718250750032,12.878631524548078,10.82705128983991,9.418348826538956,11.392361082056267,12.98202504200798,13.232595101596972,15.11480256504463,16.117322648379403
2.2047603255402284,1.6466222768760912,1.421487208033281,1.0281155565483513,1.3082624396308111,1.6820711593495563,2.3265081006148183,-0.4737955739547976,-0.5848308683183718,1.6708825332185584,5.147855253743998,7.113614880925142,6.922852490689731,5.766565252067556,5.285443071332117,6.767769611922628,8.9502516560201,8.786375339145211,10.012870276043039,10.800596587880705,5.889328755288657,10.94770434678019,10.382270277539154,14.698598104875108,15.492761884964443,11.881478991307468,12.715473196418419,10.923299798944617,8.178445234038627,10.849671461552026,12.677811065799787,13.401238674142553,14.111669532962258,14.61926306009252
