script/wind150m.json
{"header": {"parameterCategory": 2, "parameterNumber": 2, "lo1": 6.000198445256149, "la1": 58.999992894266676, "dx": 0.5, "dy": 0.25, "nx": 22, "ny": 24, "refTime": "2024-02-12T02:00:00.000Z"}, "data":
[rows 0 to 23 of 24, columns 0 to 21 of 22]
6.055503653446393,-12.877881926975235,9.774173535355215,4.0208120232879105,2.2500126743995397,-8.151544955537448,3.1300430132152766,-11.478889016330331,-6.54502422890085,-9.61315808050529,-9.7352154851046,-12.549257314837071,-22.00461309797541,-6.440244628081555,-8.389904891711609,-8.935048522443168,-9.268480316831548,-27.67557783592929,-9.127641590163803,-9.014891506018417,-7.991336563044133,-13.033513126643962
-4.573653547998265,6.991482533258058,-23.818349990506928,-10.74399515775767,8.71253106045733,5.915536348236583,-6.003662987576892,-6.812678245282683,1.9342500281379456,-0.9263656850232949,-7.428132248061749,8.951010462047996,8.969739958811251,9.655890615735418,-13.007372990931456,7.258863854798,-6.783055534032549,-12.533024424087879,-2.0164994105840117,-15.777489771266511,3.790453027036962,-8.65196745836154
-11.121661168364001,-10.545691140457146,3.4530689623395787,-9.071454187575254,-7.1051446984757245,-1.3520345326131413,-8.858576269303592,-8.551952081493122,-15.137652786102505,-9.583072066659613,-9.331414292870932,8.651409366164202,-8.03289782239206,-9.60342707593307,3.5259202022015272,-10.237356740253205,-7.325389894130174,-10.61297995356777,-12.58203370931969,-14.10027221110814,-11.799022762620606,-8.635217084366305
-7.4862172558033935,-6.127675077274097,-8.685853763423612,-12.688523029829284,-8.26646905993124,1.9693095824148166,-6.669347881024306,-8.450327012686865,-9.69676492075935,3.6628155567912883,3.261277162840438,-5.012077298676804,-3.917713740394989,-3.0558437372538494,-8.80284116241515,-11.249105854835742,-0.8189429488993023,-7.267308233259575,-6.685320822318813,-11.278839510544415,-12.119421040353107,-8.814655383158236
-11.18464757804903,3.917714968637758,-7.838366990685834,5.106242096141774,3.4443534450338236,-7.024769354275625,-10.006195931475489,-9.496524884883344,-12.478661268736644,-10.307259621885622,-7.382027520700481,-9.739683103253356,4.893140070826634,-2.73325639662162,-9.445462644141436,3.1236256855162376,-8.12406992579632,9.29505780749704,-9.086615997350883,-8.594217355950244,8.511779740992731,-8.690504628716212
-10.805678917923714,-9.477313677441774,-3.507432520050153,-0.11342666358365557,8.656170496942243,9.332751806432539,-12.855758777201423,-2.991672835512395,-8.652836529796948,-6.14291517741843,-5.122078868967769,-10.253714006526824,-5.4716367990466885,-12.051381316770305,-10.551561095442924,-9.034190492536304,-11.584527737533335,-19.726620293716376,4.542096941876623,-7.135478097399357,-0.6746442610868737,-13.437280968009842
-4.293337861203006,-6.1355210943622405,-7.233807890357955,5.015140101865533,-4.954060120421922,-6.203027443703097,7.826779737089672,9.560177629951585,-0.6392597444713393,-11.550366786380247,3.2115208529974053,-10.400908483046653,-12.838385038567147,-9.80165765202461,-8.71347359478762,6.1915384620254885,-9.494972494466777,7.8429989292408475,2.367161734830108,-12.819767109474547,4.845784161059492,-7.2564286478073985
-13.459349950331518,-10.355112367820105,-9.817527726971091,2.1420920831151853,0.8356408240182315,-11.38588618151253,-2.9295989824580397,-11.979992532892213,-8.143507116983708,-7.373018728873955,-7.508108382765829,-4.192762591612867,4.120604655833175,-8.99774297805486,-12.192283124926968,-7.408389566140735,-6.323224798142057,-7.394182048827525,-4.245394661497836,4.69505681647444,3.8205157712029947,-10.115340272446339
-1.2552815527166423,-1.1861993374671904,-9.492775340861304,-5.230337157055244,-13.836058257091832,8.789528826425402,-23.75044331624008,-11.666609200870672,9.137969273465945,7.764663122654399,-1.0499882399264162,-16.158412840519148,-12.933577795207077,-5.84150643117068,-10.63222560114118,-12.233089248261692,-6.694314638520062,-9.053246358113235,-13.474407643166856,-7.047960492781539,-4.250986207364288,-13.97282178009712
-7.678051951519883,3.6370173483365047,-5.097010572313323,-10.468652077193765,-1.635998134700094,-9.410231353009898,-11.836221368892732,-11.006927109848098,-12.755728510455029,-7.226110965348207,-10.858126485674552,7.119749960922614,-8.937674858509002,-5.732036458772406,6.971090244842243,4.68680659789548,-7.96529923065454,-15.32326555800955,-13.664963570190912,-10.984221004506132,-11.585516351888115,8.594523120635598
1.6620388712412375,-13.948354707010536,-6.071225292976839,-24.025990771975987,-8.030191432684298,-15.411629576566629,-1.9682129020520172,-9.386032646251683,9.641313527962495,-1.8133927891078503,-15.229400261275414,-13.724799393331491,-8.536059612996544,9.820306181949812,-21.975359384790227,-12.470577455951892,4.398050168085408,-11.659166788954279,-8.059816322833033,-8.525533765423337,-13.097792177978528,-9.421603547889024
3.1774001034735986,-5.138827192282668,-7.005377167631887,-8.344530951662641,-0.9528053385009067,-7.0885668478740165,-4.098013216324414,-13.127505385456617,-3.053342025083522,-11.430173163484564,-6.893387198479814,-7.34343753473306,-12.287982998069378,6.601283509463288,-8.214661978972455,-8.513592985831925,-9.663126485086078,-12.67214790219349,8.710835723110842,-7.997386585742527,9.54186342261404,4.72920894524899
-11.810334903648352,-0.8178188949156464,9.245290621717848,-9.324490264151391,-8.8643278485077,-7.596701681094661,-16.0667352517687,-9.998933939707953,-13.351137746720111,-14.016496821198823,-11.619635291975007,-7.8383464764870805,1.0066889902888925,-6.139601849693778,-7.980292709334196,9.097983917883395,-13.065724334517554,-20.932265977003663,-8.02282066738387,-7.822485048643905,-1.7673051558310056,-9.93450723045971
-7.092789402658534,-7.245706848064857,-22.668957453140457,-9.948171248913349,-7.002691087951926,2.3038410666437863,8.252888919802084,-7.128535929018907,-8.535581724758751,-17.893948539762714,-9.21960209372869,-11.3910332597272,4.703129957200047,-8.449383650590216,-5.56052578995125,-3.552696608492873,-14.973829792706193,-10.55550109569152,8.344385746495597,-10.253604526266413,8.482500617990299,-12.6620006260567
-9.494022685577455,-8.923579968984344,8.039406554233235,-12.611847794891904,-9.019925514624195,9.668870167711386,-10.106485011668028,-7.171021456797427,3.6364065285361558,-12.697474380186744,-8.885950534814816,-23.833801632558416,-1.9994365588495038,-7.907159632692547,-7.240659404502173,-9.40314586903748,-9.235886099824052,-3.7702780702617567,-9.174481890350343,-15.658924866613017,-12.558267556134526,-6.186664117659256
-12.187689377780018,6.768385508916459,-6.286695566889814,-9.595236586616803,-7.291123553605721,-10.508190829792587,-7.877509924414385,-16.248516585955606,-9.910085800420132,-1.896517709877229,3.7637085004562305,-12.14976429180249,-8.416012250159948,-9.105042653741128,-7.4909572675471505,-6.68829208901232,-2.267385668428552,-5.400356712168151,-7.033329244020911,-8.724181021811527,-1.333789570240199,-9.160262879659161
7.5849627072386605,-7.548471069424062,5.471481618707477,-14.194759192967105,-7.123744647469801,-6.482448145385048,-7.561275027173264,-10.737554848297723,3.3574342151095644,-13.077184808683912,-10.18155624724946,8.093157572525094,-3.832840215848572,-4.259691210492488,-3.916846720980448,-8.53462296663466,-4.038128704069436,-15.133504888313066,2.637492350695395,-14.392575760097456,-7.838477600719798,3.5921035074967533
6.265067940443491,-12.291630003315511,-5.652307626771041,3.9936273937949456,-10.142179870759222,-11.427203864740687,-10.468832673840257,-6.5338722790366885,-11.213389625189834,-11.459212846192957,-2.5327360491943347,-11.852709350536701,-8.693884067178654,-6.767206132306651,3.132804822287914,-8.008927103533427,-14.33837561991073,-11.066872779573956,-12.299363573020345,4.52312244824374,9.3598183382559,-13.958191427509234
3.947222620459887,4.363434004732307,-6.901803514310721,-15.306512433853236,2.9419124213166787,0.9021093350489588,1.7892684092848647,-6.473422372634568,-9.627745290454785,-9.196932329308973,-8.338901812593047,2.813004614591307,-9.809846314269977,-13.16983197153643,-0.4101551182925741,-8.537921721957034,-10.590242582413138,-5.205576023136087,-12.952796710069064,4.5104005993466325,2.922949747945678,8.89321156507498
7.251048501366649,-6.440174819652454,-9.74455135844919,3.22301477495156,-6.773013890965754,-8.679832373422672,-7.16547384125203,3.801100159927594,-11.517187124243325,-6.558301252497879,-5.367749054520677,-6.510244370442093,-9.259186806537095,-10.446622797885851,-9.865295956826023,-8.696471663986351,-15.352184608394586,-14.000748649141858,-3.446454163594868,5.172312730523242,3.2482395042426857,-10.872897932940552
-7.652585239449046,-9.915509443205368,8.525167976038718,-4.261309591985395,-7.047125638525662,-9.395687850791148,-8.612694180119288,-8.630487498489638,7.427971609038233,-15.217064458456521,-8.733492221631801,-9.32051355966097,-7.35527868149735,-8.404461829126596,0.09899979535235819,-23.414439678685664,-12.54210591174428,-13.51303311439641,4.716481523804955,-8.154064032560575,-4.262027154075767,4.572923286425677
-11.778375721598607,-9.85906752787815,-4.409912402018178,-5.648321626294978,-12.691285369333519,-10.123577510658468,-6.367722117166137,-9.651108118824228,-8.463365103878616,-18.946330449136006,-7.95620918690791,-10.830568455258495,-6.340054553324188,-12.10041139131188,-12.17231360870193,9.014701908789656,2.083498752059962,-18.300770170278238,7.71607293851934,-10.493896644100994,-10.958315742464443,-2.2991882126337417
-15.125209858510315,-8.497198013670575,-12.37509204694098,-9.04105515483039,-14.814919081183904,-12.680110616352616,-7.156533116652498,-9.571950974486445,-13.477540108864739,-12.442281732119115,-7.010101416628184,-7.721086690900528,-12.16940150874674,-9.262270925377017,-9.406035798975216,5.760362500424786,7.530108858218715,-9.803519393212964,-16.18890163424794,-8.727146585717119,-12.050882321157243,-13.53814613854258
6.776180292966308,-4.831831326240109,-8.76570269542121,-7.573026315384287,-13.242485667542677,-12.868126265570513,-8.24645656304816,-16.029322445565086,-9.583040566620452,-12.199981529620626,-8.648863628370187,-8.859393151962744,-9.095484841283236,-12.138624706469903,-13.787231364843153,-9.572911003135113,-7.9320010856652985,-8.91695705739912,4.006566054590628,-0.1498423617614634,9.688812404727503,8.87938139717197
