script/wind.json
[{"header": {"parameterCategory": 2, "parameterNumber": 2, "lo1": 7.000391667275174, "la1": 57.99990880038887, "dx": 0.5, "dy": 0.25, "nx": 18, "ny": 16, "refTime": "2024-01-04T06:00:00.000Z"}, "data": [-8.281340769218941, -7.243089978124755, -8.798010174198593, -11.849641151231557, -11.282170252121183, -11.590739916842182, -10.983226409007116, -11.853552198279337, -10.212214959611067, -7.376612062760931, -5.202836141295823, -4.801916017831948, -5.001893121337422, -5.804739886917563, -5.4502490705520845, -5.206915592150971, -5.714532856057072, -4.922555041347409, -14.653193971549216, -13.094299721399647, -13.535708588806095, -12.499250211886672, -12.96559333653916, -13.05080079990424, -12.834322575825118, -10.613542695080564, -10.398776149421744, -9.296108853464455, -5.389391718660628, -4.550847242052916, -4.964288901928636, -5.266799036443507, -5.432774161747665, -5.313874596648846, -5.046501260795882, -4.528327884992141, -15.5096331087954, -14.855236745741719, -13.978448349688286, -13.47111439558612, -12.786840663549905, -12.54255303890165, -7.953413289174378, -10.00466056960781, -9.885804862810112, -8.351900159243739, -4.540491678523376, -4.7281961288298255, -4.803111906874957, -4.939818116550472, -5.1019516377794245, -5.445703091920625, -5.02651756928885, -4.788060666173511, -15.459854097528163, -14.414312002575976, -14.082921966799187, -13.11817574151516, -12.609161436560138, -8.441944912880924, -6.3732582738936365, -7.583129481472374, -6.069170667912142, -9.266401344125166, -8.038399220099949, -4.674260963765053, -4.963596985817612, -5.175006774340735, -5.055999294787016, -5.023694059684406, -4.7889518471233945, -4.633420600057631, -14.597704449271816, -14.133348303716561, -13.538204739519237, -5.488974030459113, -8.208955829411064, -7.163463599485027, -5.633736526153692, -9.722547450959313, -9.927935389446889, -9.31723760149503, -8.596935924463324, -5.336014372629218, -5.377588648436712, -4.898848361692974, -5.5325140981049215, -4.932397472411374, -5.1206159337149675, -4.803396783516847, -13.72177297605793, -13.116726373700375, -11.76493863698639, -8.38649438710484, -6.354015697425375, -5.1744484523173595, -5.754456354518109, -10.038642268357542, -9.732766618486853, -9.854196545829085, -9.461050987548932, -8.169134874638702, -4.739958219847862, -5.427063333902808, -4.9829166840653984, -5.215938465554573, -5.06440918683827, -4.669933122054545, -13.217744243409815, -12.603739530707767, -10.844444331364087, -6.780806204092167, -5.007761805597872, -5.179149531637067, -5.69163824404351, -8.73563933261039, -10.030515617092535, -9.954358072897739, -9.735406564397849, -9.719885570939239, -6.243818463486121, -4.55178029964285, -4.206076511134202, -5.109495716834103, -5.30426972938302, -5.216225671558166, -12.547889081517674, -11.946339798235094, -9.988078515786533, -3.8372896073423544, -4.5740365634822835, -5.577521942466504, -4.719966618015173, -5.931814368179006, -9.331643066685658, -10.024562346512202, -10.233045165028125, -7.077275146570629, -6.183405931829502, -5.446077967703877, -4.406127239023621, -4.855691580130068, -4.389066413212641, -5.500912248189735, -11.21288969684445, -10.508661761621449, -8.512926432918565, -5.137769142751687, -4.018631266936656, -4.392167871826732, -5.471507765590859, -10.081606671560426, -10.609097785685554, -10.732324812448645, -5.253452845884032, -4.8435779613476315, -5.621706331116066, -4.817881060045094, -4.852286001689443, -8.631106413754924, -11.49671796141254, -12.502100423540263, -9.778826290388118, -9.652597837678586, -8.98039383509038, -5.371878789308394, -4.415572566842835, -4.60856737727965, -7.066945871843582, -9.741429717602937, -10.200752144234018, -6.4736797952595095, -6.515360901290498, -6.139256700188046, -7.847664825718357, -8.197007458582236, -7.649027787096497, -13.116513394453255, -14.167256438546072, -14.058588829924886, -9.135933551183129, -9.215801314396607, -7.635935296113311, -5.194826752790053, -4.92103589852178, -5.6599878553756175, -6.777063756596702, -8.429964293219307, -8.090530894783448, -6.937876866586053, -7.478979415529145, -11.625168909440685, -9.085564032588726, -9.307576827259114, -13.025979579631619, -14.05587184174125, -13.681611894005867, -13.608608731326456, -7.869891448713537, -7.616310640461861, -8.490241194293114, -7.040365940362191, -4.957740307860623, -6.425545853570107, -6.74644547340863, -5.255568802165571, -8.497621538487518, -8.138828198679057, -7.317827392961549, -11.887691448231623, -13.924727425550673, -14.912481942144534, -15.785741665777655, -14.425003107505155, -13.079068409362797, -13.585369636920573, -6.471112890743547, -6.744443688478751, -7.85848650639628, -6.9657532236139446, -4.901138844250719, -6.198940469898894, -6.74451525314449, -6.174124754415761, -8.163301340967575, -11.089275990421402, -9.955812721956507, -13.00479182907727, -15.44458910689477, -15.169074600144878, -14.410846833865017, -11.810397594300678, -11.674222966286369, -13.395793483272202, -6.146675086741202, -5.551066957346953, -5.6313923827679755, -5.652870445984714, -3.8050101771845672, -4.445858500780065, -5.856075698089282, -6.545728307398893, -8.480835536589309, -8.784779084567825, -10.309595447601172, -13.991328698208916, -13.51756976044935, -13.341488493000924, -13.804369178861133, -12.895987937723955, -12.80817295582478, -12.448142393560703, -5.088683634000952, -4.19871249881044, -3.9597292989891457, -4.606067633802664, -3.2083391346028227, -2.540266994743352, -3.553493221284087, -8.51805408964143, -8.426183378152885, -11.826434587994509, -9.39737638840716, -6.2868468172727345, -9.735814883360643, -8.453185455793488, -10.401414370914967, -10.329096910984504, -10.383100848565372, -9.834275903188779, -3.60216482837168, -2.978609004095984, -2.448481860850092, -2.78003237014927, -0.6587136487895302, 0.19384986788771155, -1.094227358040961, -1.3520211428969438, 2.0396429967944325, 5.041884681991466, 6.29124726846151, 2.8637829600195985, 2.2888199919141456, 5.599727202782782, 5.867997237578558, -1.4449067642409388, 8.385255250038881, 3.084072175432935]}, {"header": {"parameterCategory": 2, "parameterNumber": 3, "lo1": 7.000391667275174, "la1": 57.99990880038887, "dx": 0.5, "dy": 0.25, "nx": 18, "ny": 16, "refTime": "2024-01-04T06:00:00.000Z"}, "data": [-5.081219143896199, -6.860986681778721, -12.099358565635216, -11.26590738136186, -9.90490419776425, -8.513714834368928, -8.638515297151109, -7.731461015264067, -7.785067480552251, -5.582723259991572, -3.137715483011484, -3.6710724385631464, -3.0377668199665253, -3.661081574943836, -2.9990379865812677, -2.602965804751391, -2.878963462541575, -2.50595329848128, -9.049070016805796, -11.93304064150949, -10.117013731518057, -9.33924070583637, -7.8685904942122455, -7.8090664730275465, -7.8047036416711375, -7.502916006695396, -8.373068366694403, -7.547295573689939, -4.112090021489466, -3.128337521248733, -3.5098504023436923, -2.781864916014074, -3.011839251329153, -2.6475508503842624, -2.8338635258864473, -2.8320843354088674, -7.973615679262606, -7.759671518309581, -8.113240324088327, -8.111817823449524, -7.817750059576709, -7.783985984218048, -6.117780871854876, -7.886464832115766, -8.474582776322618, -7.844279403790281, -2.998493415036286, -2.926685881734432, -2.7082700500965147, -2.6408060378989866, -2.750554874336512, -2.6937125580467267, -3.0245329870758244, -2.7694761462641413, -5.922890940002753, -7.0277139378619555, -7.307826422703071, -7.289405320760549, -6.259211921988636, -7.033961234644382, -5.650695198158835, -6.372874725373826, -4.925580056701025, -7.068386338628946, -5.860585632396948, -3.3138324743538927, -2.863505182062417, -2.900810844499948, -2.9388378867351697, -2.8982040055338776, -3.4344893332109327, -3.163777209650653, -5.632419466658961, -6.163316597081254, -6.021461397783689, -2.6219645103918614, -6.649107693469413, -6.9614591560500445, -5.327436868082164, -8.629079976710702, -8.249086346897395, -7.679801395985651, -6.711012951794456, -3.254864360606214, -2.9541213888363864, -2.6562560180995938, -3.4971606030594713, -3.0311251122434357, -3.496598285424477, -3.619673779940852, -3.9495519542705497, -4.180733098321039, -5.992149060579253, -6.773551346936702, -6.148733040047513, -5.918621852154179, -5.517114616245267, -8.422315186074512, -7.906220757375107, -7.633902686286624, -7.348847517168893, -5.386835517399591, -2.877367615860143, -3.158320692825461, -3.455619083718964, -3.8269395257218544, -3.445903158419317, -3.2838078519590415, -4.388066623499547, -6.630287876360906, -7.453899934116458, -6.1089099183852085, -5.457524507236557, -5.780965209916035, -5.50496779223412, -6.900595824852684, -8.408808456925557, -7.8908189535330004, -7.429005473499683, -6.70902043862859, -3.166726687718854, -2.5433727542193845, -2.9298668493365256, -2.9451758960986023, -3.423417898463462, -3.5531455098125546, -5.53886503445837, -6.898848361260619, -7.0549727913195746, -4.238765177337306, -5.371893490032744, -5.747026560678894, -5.770296005908052, -6.947986737601123, -8.77398415034279, -7.961042993174058, -6.996201101808379, -4.765644151137356, -3.3852046312633868, -2.900345049412863, -2.883238679888352, -3.2784147005410595, -3.422172515459255, -4.131505042400349, -5.669310534961337, -6.993221912680604, -7.0077546654026355, -5.281714519922195, -4.682877145047486, -5.39866256528488, -7.468830225811464, -9.525856132599964, -8.695684560669267, -8.014978501887834, -4.025538150768441, -3.826552138558323, -3.7898049069752315, -3.3218076339456744, -3.353516115948638, -6.0557731709999345, -7.112569707903275, -7.868018615117999, -5.877275745848169, -6.770448811253482, -7.151200337484239, -5.470971302621463, -5.108576821676462, -6.504783765580671, -7.989707187012672, -8.852958912079247, -8.63039499896187, -5.93757222525712, -5.4392808774837205, -4.325521685340647, -4.992903221451711, -5.428806884567841, -4.646504620272069, -8.530768596689125, -7.2684036240175125, -7.3947706830713305, -5.9689819479378095, -6.9740762318175, -6.88638350940259, -5.840685956989898, -6.553352556400802, -6.790783043552527, -7.044151960954804, -8.00656390361955, -8.896640487210638, -5.916805279985062, -5.8676584960970875, -8.313776772126472, -5.629907016978084, -5.309434679536907, -6.954528270763164, -7.926562602480688, -7.143824620649515, -6.632452596636811, -5.611766056988258, -7.004079223006864, -8.40322646591559, -8.50285427676548, -6.488456811367635, -7.389531900858945, -8.004489123830778, -7.441718096108784, -9.562351237726107, -6.801238939845489, -5.612996932265561, -7.9227999739824755, -7.84035223948471, -8.461583626296745, -8.504911746739074, -8.603362544526796, -6.321959043171989, -5.735569556225481, -6.059070709798797, -7.505006321354044, -8.973891326200222, -9.487309412894309, -6.881244766833449, -8.971335230213766, -10.675565312399964, -9.787331868970867, -11.028697564331928, -8.402509773114721, -6.614716325393322, -6.496024465684076, -6.927116966479447, -6.873921363120805, -6.710955232711033, -6.27655819720655, -5.776649699127766, -4.695613170639486, -6.84116906000751, -7.818470319197665, -8.655513207252291, -8.395963712334432, -6.529230264225243, -8.83204883270709, -12.603772581266021, -12.156940035810237, -8.597395169510351, -6.279196171089392, -6.378758506515369, -5.884993667794538, -5.386127729969491, -5.799513234413123, -6.070528056701314, -6.232523162076677, -5.786621503122502, -4.371037167919397, -7.1738885318755035, -8.073027319543888, -8.427168227413699, -9.137794565791, -7.595088198490654, -8.022633698843451, -12.919147009130944, -12.112563677084713, -9.156006816653427, -9.287081430368271, -4.523491189244941, -2.7006890158897776, -2.633345155216533, -3.170664949350918, -5.870479102009017, -5.474227460256502, -4.9746258358403255, -3.3582239057253904, -7.143342115755833, -8.215802313050036, -8.735273072602372, -9.805645789383085, -6.767235126647224, -7.884228762577362, -10.0445425895826, -5.7917317203530185, -1.9254135232842804, -0.8966484269410192, 0.07020764485861701, 1.0827120609605425, -0.14330773816557066, -2.0853850699991905, -1.3389018487680198, -2.7526486570595563, 2.201487132444655, 3.8599268217835894]}]