script/wind100m.json
{"header": {"parameterCategory": 2, "parameterNumber": 2, "lo1": 3.000054539987559, "la1": 64.9999836372058, "dx": 0.5, "dy": 0.25, "nx": 34, "ny": 52, "refTime": "2025-11-26T22:00:00.000Z"}, "data":
[rows 0 to 24 of 52, columns 0 to 33 of 34]
11.201153897645824,10.538651568070222,8.868249663041347,8.491981210984283,9.165956225524948,10.023789642516968,14.281295508629274,11.868499431836382,9.777341754662434,6.937796902361915,6.169937001313447,4.610236108887294,4.119862907519207,2.863268087042359,3.4795829787478736,2.5095852889921266,-2.856141555802451,-3.3680953945631757,-3.1278350840974904,-4.427486911669321,-0.1381975063796671,1.8684718906725999,-2.5644546798790606,-0.8894455929629702,2.015833155254715,0.8484618614994943,-0.9058605222219234,-0.9137822284233098,2.3312283072609694,1.6491858265780757,1.7110839313561874,-0.5630148390778,2.4309528048730806,3.4447513284887408
10.52392806823289,9.228912486819482,7.418510128591507,9.13612416080414,6.84784059410439,10.639741661067836,10.394564642330502,10.519190015031345,9.453804030193984,5.940116991256975,3.951056235808378,2.905263154994392,2.2456737514146847,2.5697445611958587,3.6157962316247043,0.17809380193455032,-5.140827693559951,-2.879836272509633,-2.331549226206574,1.165320434492206,-2.6113853024983946,-1.3133543936867202,0.32105020244529403,-1.9907116454676292,-2.956206244197218,-3.839167015638001,-0.044045276123186025,-3.610711020143134,-0.5330218843156381,4.679571550209127,3.71062588078396,1.940196448247602,0.8104503331380593,5.68169427406456
9.906928755441443,8.141805996869618,8.364180380375617,6.842396876294776,9.909872942129628,9.604241742422747,8.717342184673495,8.806935578079566,5.940571673880315,3.9595705237801497,2.211910104680282,1.4892177647083817,1.4403528958378549,1.0619799646943189,0.46557652084527273,-2.0584024077388254,-0.7661939492928206,-3.128879453665212,0.7042976327646013,-3.461807689204646,0.550311393796631,-1.3722339204404317,-3.5051127117404044,-1.7196493471211818,-3.1971449990271927,-2.5481361652162704,-3.1092435266844736,0.6537545049855952,-0.46136712713241534,1.2583959102652957,5.01824668543575,2.985835737094291,1.9854331342843796,4.10559484308517
9.521576694428703,7.765584049907447,7.9771434447460186,8.87427990438281,9.576591321434547,6.243403066606972,8.386473704518524,7.907252555682218,4.028825096096172,2.1840567294294213,0.10164457925711988,-0.08314331529072681,-2.583204011974644,-0.7506005644208544,-1.6689977688696882,-1.1102279767796217,-3.8728032735083433,-2.8684205720888256,-2.4106791121195275,-0.3369586417529204,-1.1012917664820865,-3.295948659371285,-3.7514482153604725,2.0801982244993784,-1.0700795473087652,-3.0932389659130908,1.922454078073025,-1.5790393630954294,-1.3707307759152738,1.143064633039822,0.9343109841161338,5.202688889481283,4.435450074121083,3.2270904127886206
8.891397900883893,9.655849638359598,10.340398818959805,8.926952913687039,10.640668268615466,6.11605466206271,7.824165649984784,3.9686808271822516,2.532501468940203,1.1135308818722336,-0.6808045483690514,-1.908868925249171,-4.832099056298773,-4.219481176859585,-7.947392833832968,-5.219190822679557,-0.4539768952527092,-0.9804501425648685,-2.131387915962116,2.3639685779899424,-1.3036888541541547,1.8649924463037055,-3.68294349049171,-1.4154853086884078,2.1164553278669116,-1.226123303569878,-2.207887777588664,-4.448020290301497,0.8590609856329339,0.38851072707439005,1.9486202498384182,4.364002300856168,4.96953396027957,3.468008376792455
8.909888725885796,11.677805640595516,14.432987153030606,8.267178866302068,10.744806923184687,6.547698737184187,7.971430609963822,4.454308851322226,0.46862068938220053,0.23614833891700746,-2.061459399480988,-1.7733261092597183,-1.8265445974484216,-7.578983821006203,-1.7092186366609643,-2.7677292551035246,1.4463084602945486,-0.9790747092699722,1.8762740105369677,-3.524811087260574,-7.100107831152176,-4.841970876562615,2.1500226436895495,0.774989462676926,0.7632101642607249,0.07349093279358307,-1.4949760236288168,-2.5895106387272206,-2.167646404396571,0.3380258514726976,3.5831130155767252,0.627414046608357,1.0269076299051163,2.374432811082312
10.139762530362535,12.459263956281916,14.3164107957854,12.159038424073058,10.141002665906122,7.397336694189404,6.317157058890524,3.7111293699150205,-0.05389287960648435,-0.12295284602091335,-3.0509178337827367,-0.7096834264689283,-0.7198241695149655,-3.3026098979904432,-4.170307095663281,-1.985622471458902,-0.47479718964207435,-3.0606408100642577,2.884659219872201,3.228394321381283,-1.6960093917578891,-1.2107677704621753,-3.642802845067131,-1.6974338634546446,1.8250625096485327,-1.0460767727210967,2.7079059863749,-2.17726684052734,-1.2933584893053816,3.538527928044983,0.44474052944029935,2.11710228810422,3.4785204710279602,3.5192212534522382
11.024002811063253,12.157581299790307,12.522560195122553,12.893947750397905,8.701513100625125,6.676173567621278,5.933290540905279,3.0903593696164386,-0.2967440178707714,-3.745965120619115,-1.889020712811182,-4.492467037262571,0.11791962927122988,-0.08601731342478344,-3.9648023775598595,-1.3456140076831902,-1.6093737214981632,1.469770930446189,4.198634765603811,5.5335118810903365,2.2723772783474705,4.048046656189027,-2.195226766429965,0.040216384665595704,0.6585567955652537,-1.0362674538132528,-1.9499654038077143,5.725204799739088,-0.7951950588643307,-1.4086385922235498,6.027682174240331,1.1996304902735127,4.1161277863225,6.397660671929442
10.846456338053791,11.398503336808773,9.851566935782586,7.174234766444882,9.832534516264873,6.305914939627389,3.7786584702544532,2.7061162909827243,0.5931671191615,-2.1570345695389217,-5.5697896145742165,-1.2523429270900608,2.3793073615380207,-0.29316732531945233,0.4185320115060316,-1.8010085584482576,-5.280496749968006,5.858453332241175,1.3784797255025507,6.066082494230619,14.19309580634731,8.1722924768593,7.362955621077014,-0.3676164824724336,1.093549700547156,0.8212116288821938,1.5977349422976934,0.34169171094340545,2.26371826805903,0.05904705680394081,2.0171438731065763,3.9451034042937354,5.161370039974821,6.066679388322616
10.625058193701477,9.445701074692622,13.395461856066332,7.811663597361902,9.65192076740031,6.368696208587816,3.3392328549734733,3.097020164373413,-3.0974481334801127,0.7319715359040548,-4.388400716328823,-2.0719118821572438,3.5855691761938466,4.88573677723573,-7.270517019108005,-0.9958995289659248,2.6615258171303187,-4.745020099768737,0.6646753755910377,1.0630773078452986,4.501757176930519,4.925398925726768,7.260897129277713,3.9329447363692434,0.9810808851458415,1.9148331196148947,3.359107846791255,4.739492343447807,3.3198231125245314,2.530660486706365,2.6151267120928976,5.180089410100002,5.646885603667324,6.300483080792042
11.544331108170486,10.374007377801107,14.433870564077619,7.557244763493137,9.527443519810372,6.575085309188219,2.2289464453261343,-0.18195152782143342,4.946477183729441,0.9444496480974969,5.391286015365636,-4.565855882931748,5.9947937931254645,9.391942307619422,6.506961194084916,-5.794591266207741,4.9000480235836426,-2.911982642114569,-0.5748559533516476,0.6846268149281621,6.048011326326582,-0.13437795631439275,7.2106998158406785,1.1685071287388418,1.62749955292057,1.3029243321601247,-0.3654416573497676,3.4567238890172347,3.8944204869078423,1.7017932156958182,6.0577420062969525,6.226985898612537,5.720871236780048,6.44985388064223
11.27740382726784,13.718036971269294,15.86001044974642,5.805237471428746,3.3109201077195807,1.9987303695212144,-8.82831440172883,-3.9869610613476056,-1.0836412351445568,-0.34996448861721474,4.953140393797359,1.2528338247813842,1.4933228205258717,2.404088703536152,3.7873273613111946,-1.5888990966909151,-2.2675978480502255,4.196487099593197,1.6641473232364536,0.3869605058913842,5.862281685809343,7.422060651407779,-1.4840975593681438,6.5347965203781895,2.3675097738145485,0.08668234481157139,3.0307091045205197,6.345783945711965,6.7571414743899485,3.5900775558073272,5.52239557811082,5.596823583648096,5.827928178218759,6.460012351435168
11.512465406005033,15.778316857709028,15.622460054614846,4.729208521010068,4.963757722350509,0.03407889840266515,-0.18111012579785363,0.7955468279391644,-4.563111857019302,7.8353501873381335,2.6666464071903473,4.851800217854476,-2.6631078597347773,7.024407800948703,-4.639563701535696,9.277093055497792,-3.482493332997784,3.456361567106131,-0.30839545105586064,-1.2440396655516763,-0.24352723048049338,4.743955690165402,7.988245063091908,2.509113227053343,4.274514235085431,1.961544564153996,0.6055666100666952,5.339266449309289,4.624938542656447,4.61918857397669,5.956374755238535,7.029638200545306,6.420042621666101,6.516417685473726
11.86799597824762,14.539616160991931,15.202143368736502,4.114810158097694,0.4765085542739922,0.3151328829974037,10.034137381318136,-3.4224030661123797,-5.483876310546091,2.6180034047206084,7.704574094532193,8.14241463593581,-0.9519548674079559,-3.360327535074615,0.7215062694608487,8.484635252339185,0.5095500620213304,-0.25949544254212636,0.34934791912089375,4.600713003778494,-2.2750061360191514,4.367280465410325,8.636003436721545,8.858392449814911,1.6740590417206782,6.114103712783106,6.038814608309429,6.52941511849632,3.1366404548161277,4.364653413462549,6.63505097061348,6.431668301788853,6.7476718550587,7.338761358441662
11.56876971949043,12.49977389632516,7.410827955714909,3.811659591366839,1.9076279107585998,-1.897403466611588,-1.3833062606341526,-0.4292515569611317,-3.167067876142595,5.366856205456465,-0.5615879137995656,6.724850600272485,6.798840774760455,4.8210398682952516,1.361446258155544,4.444489970108189,-0.03528514242748081,0.5931957193397082,0.1672364041593121,-2.0479011770883364,4.740669679798466,-1.7507730248797,1.4808681477281038,7.689820092497013,3.8014861810447864,5.279007881345102,4.435990679205712,7.813373863086654,5.337626399396955,5.803877340258209,6.13308326497384,6.8705367230848005,7.428650682598699,8.125442775522213
10.306363141917654,13.976097791616606,8.158199777129685,3.0284374966723178,2.592607311284428,-0.75453852897172,1.7563810698602749,-0.18160084387553793,-1.8116854843442045,0.3622526156677779,-0.17011395395509046,8.66612834808354,-1.9334399188413989,4.813667907717542,-3.7671807905938666,2.049237355508235,5.568565745053667,-2.514240427360157,-0.09401955069255913,0.6316704507872334,7.866038796631089,3.795715092359979,-2.1897021680536124,7.277069832629717,4.967586485718398,4.82557670349289,8.908736845527542,4.301150666771979,5.013921902719371,5.649257336509767,6.850331423196361,7.5281287691976235,7.616408201091972,8.031152983161478
9.431971495084,10.734222743230996,6.49752379141831,2.045970818989302,0.4402485637369373,-1.6168676061576328,1.9265577069335584,2.8197101764607497,-5.44463668412914,6.455925930402429,6.668284262544899,10.665819559014556,1.4274595003060182,-4.280528720737486,-1.638146063820026,-3.990271744629561,-0.9082899425199661,-2.2369671890929492,0.3847231667023335,1.971671574343362,4.472288267993985,5.007600894706608,3.9261732392439828,1.5148439055333105,3.584644812861972,4.0636240671764,7.153255416240632,8.097443066222928,5.069084091448171,7.223570236498088,7.679693068442524,7.3733481028636385,7.298141122409383,7.864652320692608
11.931135226379148,10.746446134455475,5.687263768531274,2.2074082787763514,2.115553041056849,-0.8189006297887416,2.4804527353864843,-0.8449601034072138,8.569751891867242,8.611370556037262,-1.6283750623008748,2.155910377727853,-1.099668875311897,2.157932584182233,0.00031445339432231196,1.7670566122169442,-3.186642990235485,1.1217331926138834,0.5032231700297315,2.485054138121385,1.103067655555247,2.2825877574530073,3.394980366082726,6.191776345382505,0.5247290871255358,1.5182773310850974,5.163589585181405,4.255466563559316,5.132347703162936,6.460654217692439,7.732834426270292,7.791196027187044,7.563095439473042,7.601603260019404
11.599317729888696,10.736729309764518,5.373558099897731,3.0390089802447755,1.4932074803669217,-2.3083935963053475,4.731249502956217,6.218841083180693,-6.204402778046831,9.29073111597334,6.364650357817055,3.819584408348338,1.6994774647701045,0.9921418648042752,-2.52427862112886,1.8407371619691038,-0.6558329142000177,-0.09346168354080625,-1.405801136121802,1.9148706397026682,0.5896431552866732,4.0459835595873885,4.315237374621461,3.582181268955851,2.6864675224043713,3.000908018068939,3.9124050940312616,4.32325185598633,4.796574203002103,4.313130580650563,5.640235839548876,6.080779915662678,7.55255653292834,7.854416389072629
12.11475970941027,8.557158390835097,5.534195497049049,3.05466680648643,2.7495428900369903,-0.9517975802743345,4.118742180419307,7.333611943110494,6.25624845501982,6.3142971368896115,6.307426222457101,4.8904370369250945,-2.9998196936469466,11.573618433103578,1.5634701987390807,3.038726699398749,-0.7626226623603534,0.3316678620119026,-1.7438266003067018,1.8301493160780922,0.1418491112286385,-0.08196971197372191,5.046527228109662,4.216028369037493,0.9954206955767833,2.680444800297233,2.111303494486436,3.9119008815131875,4.607763483477241,5.19706447889491,6.531873449707664,6.255053668400417,7.225537877823026,6.525726483139071
11.791134846640405,8.018100078798303,5.6212674293216445,2.884466548494084,3.2966696112669798,-2.947811803185118,-6.147467507262337,1.0066949446118987,6.411531459609362,6.284383669675618,3.1109228377010156,6.22843823097459,4.5917256030398494,-0.5846584562697599,1.2842531862552178,1.2338369172225288,0.7118648566949911,-0.5827430658851834,0.2626050811376963,0.42687167829994765,0.8575854906502782,0.3968660105973901,2.9119400570882057,3.0307549041193447,3.299460261126311,3.069498126893997,3.012388928441117,3.615118467886684,3.8168357914058917,5.389739441373564,6.008212444266718,7.171421493104194,7.883601092758222,7.168156226411273
11.43272968816883,8.389245666590478,6.308055988911012,3.093043819181952,2.727734008175742,-0.10669430815537036,-2.7404064316249603,0.48328674085126927,4.352430374738243,0.8576486317748874,4.075048761024413,3.7805590757853658,-2.209171687352947,5.690908609255548,-1.9667612820068274,-1.1577689587596207,-2.123581409569336,-1.7987148858814876,0.9282982996465096,-2.1098397445780064,1.819948473903685,-0.8839298933085995,3.2583736734810125,1.8307872715976272,2.71957492404389,1.7976977695904046,3.580347882200183,4.99873011945883,5.883800576794348,7.22305290206862,7.393244024165632,7.078940046394961,5.579364929138649,5.361765069149687
10.664834291907983,8.177206708452102,6.10286755980633,3.206782525525523,3.9066801679498306,-1.603998549055458,-3.006866347880108,3.9403068153923875,5.91111750468767,5.8803693750382,-1.4612281558442473,0.39594066004064665,4.08398673524189,6.053911597396032,5.6278310276436025,-1.268056283673808,-0.8095765531389802,-0.0026180592176205052,-0.6999536489606184,1.994834486124583,0.5052883899305204,1.472433939327729,2.3747823255262204,2.0710746963133966,4.2595773912443216,1.5537930562110362,2.89614005835976,3.9113654313329635,6.279337606950493,3.9663666787901013,5.392439527746522,3.848932488172702,3.893076371518773,4.039046012171429
8.99198989996791,8.114242367223397,5.724621989274745,3.136537562517817,4.524306058683138,2.1831304240537333,-0.021484437988398147,-1.6741601437080489,3.596939491568847,-3.727579731643485,0.867907300739177,-0.31119637761658653,3.416447574087332,1.53064257501311,4.397100382094011,4.156506803709259,-2.2185643716753782,-0.20996961436266498,-0.4445552074768637,1.5493490861720995,1.8929697460675547,4.436848475348757,1.307989990102719,4.733480704675234,2.688237774232737,4.651367860839139,3.6877242101866394,5.667318963292955,5.634387818549938,5.780590106015156,5.110423634529355,3.881844590775903,3.1245580134038464,3.3133756137362687
8.576196481747496,7.54409229415675,5.798420731285943,3.58345214594408,4.461144303921656,2.0474379117695913,-1.8554810999438227,-2.9437028004313195,4.049591614567288,-0.13047320372738977,3.655115304423376,-1.1191153015486481,3.2732683885831864,5.7988733380746424,3.779923550930836,7.028447282491004,5.246347493555928,0.23521190942790401,1.7520730375017732,1.8632748082102095,5.264159995418504,5.322792286789462,4.431337174020028,4.66807066730444,3.672363878487682,5.343665496575917,4.707153659869071,5.531520093470109,3.793356904889244,3.9101314618765355,4.131572658542724,2.8530876018110582,3.1229165026520285,3.171370205183905
