script/wind10m.json
{"header": {"parameterCategory": 2, "parameterNumber": 3, "lo1": 6.000198445256149, "la1": 58.999992894266676, "dx": 0.5, "dy": 0.25, "nx": 22, "ny": 24, "refTime": "2024-03-28T21:00:00.000Z"}, "data":
[rows 0 to 23 of 24, columns 0 to 21 of 22]
1.2393178887543563,4.7397766768085985,0.7648443478078683,-1.8941989635723018,-1.8327490156909263,-2.5946366709845594,-2.1412474937428927,-1.8944465213665553,-3.3035671557174493,-0.2616944901582567,0.274600548686366,0.3107489418584845,0.48105797023407415,-0.0730880130021067,0.7023887990218783,2.134021109849707,0.777226901733243,-0.12608678193760237,0.11364952349069483,0.4936830226761725,0.12528628625908086,0.5220380549434583
2.5482563105234846,2.270994655128541,-0.6084718292832522,-1.205317091281958,-1.368960109050227,-0.8843319645250021,-1.4517981887139721,-3.898919155455756,-1.035038388642345,5.35194294102223,2.0468509966088346,0.6326783888840787,0.11245047945842264,-0.2974570150415915,1.6985555282053435,2.4494287076769314,1.4860712453002494,0.9680509660792873,1.1980996784854305,0.7176096424646732,1.5066662760792857,0.6371084186650252
2.12299591191073,0.47290953165341293,0.5176784802458555,-0.6038187629832472,-1.5750980971223962,-1.1852116698785213,-3.8247502683931764,0.28119049456219425,5.7790914069761,7.233935697413155,8.296223776522744,3.1124880075679715,0.495357218319534,2.52493298607582,1.7316825273800953,1.5201566530117099,1.4065877954655197,0.8330213325203971,1.3814982240365907,0.8500415479363151,0.49757526964993715,1.7588814418726637
2.0578315940877805,-1.0537008148712135,1.084893092961421,-0.021764104332442684,0.606503262781564,-2.110662165755248,3.5033960578012513,4.964897101007407,5.745445844829747,6.5715456491379935,6.575349544513322,3.8771832290379673,3.4936138707398223,4.142830633050238,5.446634171424576,4.091088160076465,1.2715434175440377,4.050327516355285,1.7823618501352896,2.0779897042058026,2.1420326837344956,1.9144390468418426
2.8578505622875774,1.6346631147647284,1.500189371665507,1.7344542997958212,1.229888086626644,4.602922751813396,5.586265328443783,6.5706229739017665,7.0066424175659705,7.13388719107585,7.467071587601673,6.844593080454419,3.2469037675491905,4.286462523930651,4.437805997996265,4.869700567979278,3.9134559823966826,4.278062834197145,2.9252819323416634,1.882962017244166,1.5602177879024812,1.874335101822008
3.188699462902965,3.2610795346380526,2.8235120616147666,3.9429925856498924,4.346967619253247,4.903873214634664,5.928446219119568,6.680553905858986,7.4352600083226195,6.763620657658665,5.953841759367759,7.851849006433073,5.385204172821188,4.134533428320644,4.660303225779034,4.435279295525005,4.078853261430013,3.8876411200544694,3.860194734611787,2.426753707971888,1.9340411826244128,2.024257844059728
2.2125733600196287,2.1488929543188613,2.4139888309471584,3.485896337894774,3.4986496162681924,4.175049142493893,5.6240961058919545,6.768390654604056,5.2756435372081265,4.507774725891101,6.972238854932732,6.9839781867334665,4.871843529851206,3.6843907605670743,3.6245886517606856,3.7023066959151705,3.840379631210099,3.8415330143535784,3.2623574023755544,2.8932113118617,2.386079847120126,1.9130914079202623
3.260643632696467,3.8132055478634657,3.91378354498569,3.7028632526594505,4.55910743893791,6.648501929028222,7.145727130838506,6.1709683154529795,3.7563273211745556,3.3939967095572325,4.479069893355784,7.770945798404407,8.335555724191261,3.7715745397378613,3.2059052541424617,3.3145028561437675,3.2995840353772645,2.729242684792151,3.196146975641267,2.5484190097435,2.3189612914646873,3.4678768237600344
3.8872074233153993,4.638107844862039,4.738065182517046,4.737479833709933,6.350700020173495,3.364595328309389,5.688452121168721,4.980030801034637,4.381690881126528,5.128413822341543,6.211084585719997,6.222454858490282,6.453702445488299,4.304684490961971,2.7549924289265677,2.854009049626905,3.060687705494855,2.4231192482582693,3.012301280971677,2.5189622152365363,2.230442227324718,2.5756850841072914
5.267515506314167,5.090198835193629,5.565950655027665,6.751663277796802,7.182648027732036,5.180374056344544,4.687778589232829,4.4488879455555645,4.194303699858789,5.806079422238469,5.717443707072637,6.114857442153854,7.303998436542547,5.837844116513048,2.735617377218912,2.340507588879007,2.0731962589298774,1.790142634595389,1.7966612252996792,2.342366803786063,2.214746390411786,5.10818404927215
4.456996972330729,4.5024337228843985,6.113914102803576,6.946723247972198,7.421446295099519,4.715830977328271,3.909188775364379,3.7161927785618194,3.2849872151133406,4.036365759886529,4.914696976075345,6.520815803902071,6.300125668575753,6.273276660448785,2.422126404619306,1.8620704965629842,1.9682974237551456,1.7944196483448311,1.6353464074095345,1.7041164603152872,1.5799550195363958,3.3363624085154546
7.174891106366604,7.260030834450821,7.01328819258574,6.790331036512211,7.826167513916671,3.7169258843523156,4.229182966262096,3.3963642446683804,2.1603388158415577,3.874323760019074,6.326649982515759,6.022222953554626,5.991847416336278,4.970675765066404,2.787782610547226,2.086687318076807,1.6563066943411635,2.0880782196192844,1.6479169427160592,1.871373626746944,1.4977603924192002,4.65666863472319
6.3404429893392,7.536741731125139,7.789344956876852,7.837249560370328,7.903230310531967,4.031541752952647,3.184620303090483,3.0854876262884994,2.740652849995671,4.299708837226523,6.950096130874188,6.206523492326185,3.194359808231161,1.9627526231735974,3.1264133763554227,1.9496008649742296,1.4519068652099851,6.688602354452938,5.980309579544575,6.338829269272632,5.473380076651915,5.08581398864736
6.909184686467412,7.123456055828646,6.85922018555546,6.983764498436373,6.856966664738075,3.6292318239390395,3.4828666758476787,2.9130766365043548,2.9936982059992467,6.399372112659379,6.019454927581853,3.433351567589493,3.936385438849032,2.232986727740047,3.007751507049358,2.3953476769734405,2.335054523559149,5.435602459674778,7.85427532471395,8.719270790249219,7.495052825841243,6.1304110227023445
9.219702374303717,7.037062355647097,6.913657569666611,6.360375719598364,6.161342977137796,3.7598594437915853,3.42663822826423,3.255757804421856,3.7653917350507777,3.2878906267139874,5.544629058301417,3.925024781772813,4.275261007060507,5.609695412916083,4.107746525277204,3.9625825004503765,3.941965967855463,6.147393462646303,4.707732782847638,4.845646660161357,7.9077726104128585,8.363010057305761
6.818793380660142,8.780692130478641,8.114125028450177,5.867338004663402,5.355217145402026,4.73706325870427,2.8109651563380686,3.146390247334833,3.517924575655137,3.7362170994157644,4.233708168170645,4.712066782969202,3.9969300356132447,4.964174145635768,7.946672504285506,6.763301230267289,6.324634722627053,4.661077433715316,4.173955435817441,5.539233583501394,6.939471659343879,7.117920674829128
8.818408170918273,8.005855622280837,7.826392357913793,7.419655115652456,6.50014063603246,6.04766184611764,3.417761135652229,4.104552534553931,4.82497959984364,5.474041957794765,6.203472051172941,6.305927387929387,4.26315084582625,6.323548977046257,7.193284174590056,5.129656203373602,4.44913371473662,3.9142295645656353,4.75723896658085,6.965262533387039,6.020386360402639,4.825188722233092
10.19931374163507,8.999467828662087,8.04875269496537,8.84733165076465,8.506827669519707,5.7762194703819505,4.171399484097482,4.46608428195353,4.955430494978658,6.546688543979853,7.421656103580506,2.7809870999506834,3.282593228455623,6.478571796989711,7.456948199169698,6.126966662144552,5.6030139513915564,6.739561355423038,5.6026298939683725,4.539627740902185,3.972991830132179,4.561989687154147
11.158487961403189,9.828895051979236,8.700356324196532,9.284532840137736,9.714215128623826,8.646817819981878,4.962477368122382,3.7415032924998597,5.118466175547274,6.003790378074115,5.469139987418616,4.601978120490964,4.005837616410571,4.2558687688019265,5.4331541221885296,4.735699974561906,6.210392464028228,6.208050277700623,5.696651234096866,4.287130426756076,3.767425045898538,3.2525024527178354
12.325353700138463,11.25115899323281,8.749229984245835,9.21853025925806,9.569525509007084,9.657871404690878,4.623824778549083,4.094276666883591,4.06476551156158,3.5166095220444196,3.401279939699094,6.209787772450274,5.685505071925854,3.8209797306915156,2.555969475479382,6.39981887161394,6.10929818392797,6.860150757442011,6.215381088418685,6.175188285582772,4.4730940406915645,2.3725655966216275
12.734103366102142,11.310346409522143,10.181134762186208,8.713941981376381,8.970641583303676,9.599277299677631,5.047860515119193,4.223322535402377,3.8050599065483395,3.5283946958021737,5.127968916708738,5.1720579234491,3.515520564127163,3.902738756073952,4.271000408216066,5.107825459851093,5.666980085317351,5.685411810074459,3.727093495134791,4.430922096569487,3.405223974792088,2.8624312593755596
12.514303312547643,11.21714524146618,10.317469521674091,6.526317248119413,6.749220533047763,6.18773570494343,4.052861708235808,5.141784780819116,4.473854472917148,3.8404447351967175,4.271024787817466,3.213134774146806,4.896303846564841,4.586833611218707,3.7229631579361104,3.6785525559731598,3.6003481701813618,5.405452641077279,3.127144595290379,3.3819999515069172,3.7951203137020615,2.697042566821598
10.370522672407644,10.240835202843835,8.772601000392655,5.127670620661223,4.020999294290876,4.192890725964337,3.332387857407387,4.294872713276579,4.0446280445772365,4.208434054290801,4.033399375167652,3.809777588442034,5.169215035149133,5.3255798035242865,3.2914536313040665,3.001235705878782,2.992339466033484,2.734525253201583,3.625824687792128,3.241554249300409,2.8049701708124957,2.2609902096822334
6.096622921433841,5.843986256943321,5.97979179225035,5.241656716835789,4.242899536478271,3.898705842714336,3.4759845205806887,3.7656292455597846,3.4276641874760303,4.144244430361421,3.242447235320054,3.367193713013201,2.8293869860905794,3.496836147143437,3.652637729605678,3.3312223554162563,3.5854421815409285,3.014544653122775,3.1661295778996985,2.7918186945161527,2.1186397191279265,2.610253155228416
