script/wind250m.json
{"header": {"parameterCategory": 2, "parameterNumber": 2, "lo1": 6.000198445256149, "la1": 58.999992894266676, "dx": 0.5, "dy": 0.25, "nx": 22, "ny": 24, "refTime": "2024-03-30T16:00:00.000Z"}, "data":
[rows 0 to 23 of 24, columns 0 to 21 of 22]
-5.939256846811598,3.677196497971907,-4.426410932372687,-9.018364718562504,-4.561377307406943,7.959664747990425,-11.161254738455215,-7.224643501307812,-7.659750262804838,-2.231411066213181,-12.055908438549498,-15.04960887671449,-6.6611510453942735,-8.334610278506625,-5.814551720722809,-12.610623084427335,-8.97524239575423,-4.836489364183615,-9.517979235030863,-12.625454560616511,-5.771208716017088,-6.07030961322829
-8.834535645188422,-6.146215966771596,-4.824964603331425,-5.9117105017770895,4.371640773362666,-14.071259700485633,-7.703492409932986,-14.44584480852906,-9.573015143405762,-6.4433498727817735,-12.005046387212397,5.491838830116011,-4.681112407652272,-4.508018472265024,-6.163596188444321,-3.6544846242557973,-12.417323971565382,-9.388142096943904,-10.711220123470554,-5.880553566195801,-3.062343726048566,-3.731919762461266
4.900925709788956,-11.622557440945753,-7.611771667194552,-15.147022628207882,-5.709472892937274,-7.494122477874153,-8.07055907571753,-8.262253009895954,1.6549326398697761,-5.5021959004676315,7.11415590669165,-5.007581686153109,-5.0759502049787795,-6.953901042357792,-5.295659488785611,-4.912302462656585,4.784818155794472,-0.6535898042940925,-4.698202865970183,-2.9622599115585952,-10.03053247007653,-10.294976140518221
-9.029994416582861,-12.462691725317711,-13.202489972294021,-11.2690655343433,2.4453608691703015,-10.034283279340432,-7.377969490113938,-8.347941892247757,-9.534950556061055,-3.823024023147432,-11.212919549759437,-11.263974869637869,-1.472540636949248,-6.524139281106725,-10.871936287964909,2.7969789915970833,-11.936512254287608,-7.443498069005525,7.403858952664028,-6.544170931968352,-7.702652399467392,-7.711028140083854
-14.882941316451246,-8.026505832041373,-4.842711573531603,-4.083114799954099,-6.177305410195306,-9.363309313624072,-0.7576492142847417,-6.037402306153113,-7.27751542605849,-4.2449604327114665,-7.50958735534136,-10.615734138439961,-8.460234590212737,-1.7693702458882286,-3.4765160125674366,-9.445405859995866,0.6792509734951911,-5.894394825426644,2.197284297998629,-7.8783337655182795,5.878838424444442,-10.750778331746238
-9.243242543860921,-8.046496462570884,-2.87955790199175,-9.093905145378198,-4.67837760646652,-4.401860740576837,-12.685362842884826,-6.841294812737207,-7.432913474727083,-1.5306070652197352,-4.364575117968829,-12.779137700331512,-12.881118741882474,-5.0567191066391235,-7.782152765034354,-6.278996335145757,-5.562354205903714,-5.668488325409712,-8.035683534239547,-1.101085266499584,-10.777997263082636,-2.820606237078441
-12.902279483469886,-5.798578211466615,-7.821399202390877,-12.540456735844996,-12.457222307460173,-1.9154734634069899,2.31818087239662,-7.361161586538455,-5.839468430685402,-6.581430786913617,-7.360426438579812,-12.745986751338279,-3.522160267859716,-12.446069404031839,-6.464877615670563,-5.969875276462193,-3.7890482935254273,-5.290435144469261,-11.115139027394472,-5.378892125033409,-15.727980084741752,-13.897793500227007
-9.935660419115317,-5.28262480851078,-12.465594277309274,-5.549222691005287,-12.540719195649208,-0.9763179802673216,-3.2069149228871434,-14.216758159548492,-7.485835072133551,-13.07794746731141,-6.360247117217,-6.478712981776144,-5.857945330658989,-13.688794442710032,4.6120083770866325,-13.785452876030513,-6.7228153702695845,-7.029787911830987,-3.3750461340389526,-11.292085153344651,-11.525115024480515,3.9204442110214117
-4.844619336938833,-5.378854339796127,-11.958428927422998,-9.43390471236904,-4.863430804837673,-5.291977365421956,2.9805173004396908,-11.572087505587856,1.8974998821153757,4.149376108710777,-7.913471597528097,1.3479947584419318,-7.385465639587552,-1.7353535918296938,-14.772407297755285,-7.718022241718265,-4.636229179999478,-7.806789277896515,-5.883328473874477,-7.096915265996958,-4.437680473827506,-4.38456178054253
-9.895555823802658,-12.500353774470945,-5.674561976583814,-10.159082779186296,-11.040569057180427,-10.822969403899094,-13.6484113517921,-8.135928862490509,-4.2146644801192785,-6.535562527371477,-6.589475950785533,-4.69248476845318,-10.557193489147926,-13.271226164896037,-3.833010491878854,-9.338545641112281,-0.22913077730083062,-10.582780499948191,-4.149968049520277,-7.3747326833869264,-15.114142973536774,4.8324078476298205
-7.807228909209582,-10.850495280189897,-8.50594873571371,-5.596506296598342,-7.607775665362067,-9.832119507748033,-4.871447537792515,-12.80254294745689,-5.495037817615553,-4.993748475774442,-4.4561145167415805,-5.192906046984197,-7.632041384906303,-6.3806608489504555,-6.615616395814297,-4.880392317402323,-9.497969853201385,-6.153947500302498,-12.181551210001471,-8.964479374814188,-12.143172697273478,1.8470577858136865
-13.498827453574766,-12.695096304877808,-10.882046453612302,-9.42942253871058,-2.3790175763033052,-3.4727682546813248,-9.719640169678025,-8.126002101385286,-3.5680479896048674,-8.51100814673902,-6.064003951741652,-7.35336778946916,-7.358259268215496,-12.404856198371531,-6.245871714221206,-5.5378415884479315,-1.4588862711607027,-7.563425316777293,-5.937066280106401,4.750501970783667,-5.592480098579865,-11.826720604071586
-5.06938762686233,-8.214362724627051,-4.516259438592466,-4.750515525311673,-6.541837930472291,-8.715583862355999,-4.81045348656604,-10.393890256394087,-4.5593836666266,-7.18753854189782,-9.620782872073644,-4.361625460168972,-5.86866438268871,-2.9810456296338685,2.6990672901927293,-7.4224843374469796,-8.16699048753897,-6.487422409721595,-1.8828994860472368,3.224571404297206,-7.0405831970789645,-14.745514547487042
-1.0116266853439713,-12.672685988763467,-4.149094862245663,-12.260695491108017,-8.676026274370377,-11.0539838633425,-1.2789250279469275,-6.527487877748989,-13.083173592594715,-5.977214516068998,-4.0276676235191085,-4.749014697166802,-13.797265076988356,-9.292250356772712,-11.138099656699003,-2.1964543142173887,-4.684188379685886,-7.565357497263937,-1.8117163568907435,-4.00861283326735,-5.896641972207071,-5.473477036687638
-5.992468718009631,-7.331917547375812,-6.538591971700976,-7.559598864083526,-7.780222234253152,-4.34571455505414,-9.865301831046724,-6.111367327198653,-11.96056585709087,-5.65607974632021,-5.442578212639183,-6.386146417500762,3.2486594417652728,4.912187175073079,-6.263803977581028,-8.339470073081962,-9.229212875510363,-3.9787536156232384,-6.001625332552526,-0.949460996746099,-2.380290768951,-6.628912917325115
-3.287507811119959,-4.080468328952539,-5.62158102242814,-3.8439286483274415,-8.237265738347057,-5.635138744324312,-8.572242857134519,-5.464294656846532,-5.3256197409937895,-11.522805398550641,-3.947037290540496,-9.730200124609107,-7.153920111155283,5.931046599073767,-12.966567347796236,-7.4915874248779675,-8.490666391808533,-7.639478905438766,-6.423426710029626,-6.105257498176299,3.002026973560509,-1.9210167140224366
-7.269359660088837,-11.102594806221731,-13.700170963532269,-2.4023828472645348,-6.121692115136353,-8.025088984318918,1.2286380123357692,-7.60653150848338,-8.83490044755646,-5.507991579596717,-9.346271320239067,-6.465286947313879,-7.5614190714811125,-5.857660857342333,-5.382756223564501,-12.245243963015536,-6.500601685402173,-3.9086846485728173,-12.396938648038423,-6.415724297328072,-8.040480803488084,-12.427766127989177
-4.143057381892313,-10.707882119682102,-5.768337725988619,-8.939174410269784,-10.331467204638829,-5.093695005842113,-9.94103766237669,-9.356303891111326,-12.361208260927848,-7.519242235279684,-5.746594740120689,-3.394423620081677,3.131537394050193,-8.537136013275317,-12.38612791411687,-12.298895207550625,-6.1015723772049695,-14.0870429246672,-8.894921093208039,2.6206456647011316,-5.370040167772402,-6.111346670893279
-7.133829091024818,-1.8859934700138956,-4.02070580265998,-9.097373608827542,1.0567913150379873,-4.132993072158404,-1.5283111436739807,-8.040541899463188,2.8533530444704724,-12.80232030748444,8.01634203605361,-11.608127059770558,-4.430648178216356,-4.978904024991067,-8.295191031817033,-8.843856683177062,-7.367382337681246,-12.640461955044103,-8.350513340276654,-6.153718505729985,-7.444957660135613,-4.308728014181306
3.124972423268436,4.1553432638431,-11.534142216818656,-3.2263832193828437,-4.939682067112788,-0.2849786253347665,-12.991114450516578,-5.798614542776852,-7.780522519261909,-5.759374939372765,-11.876955978112488,-7.376823527667014,-10.600701600759768,-11.230343395189863,-9.267342292261368,-7.560174451781885,-8.430156679750487,-3.585654373311725,-2.29081737672409,-5.5401194522814805,1.8924847169367802,-7.266785970942234
-14.077534171292111,-14.854681686747854,-6.338161757182555,-5.773965975774312,-6.238903946574964,-1.5650962051573976,-7.174848750026375,-6.549246000740172,-6.648348046751172,3.174638098231958,-13.298662623099217,-3.3584412525170415,3.5484039347408642,-7.531588537510983,-12.180037708192097,-7.82692872278738,-5.819383329232613,-2.735727492569609,4.465107241407671,-14.40435655774339,-5.913215035806599,-6.947777400875473
-1.8390357126929657,-7.53090925911216,-6.8222046024770036,-6.759794558509162,-8.279563472214894,-15.359712714647857,-6.417529558135146,-11.695937827796731,-8.682411834062144,-5.556732288608166,-11.829272534581682,1.6388585430461173,-8.475429799049737,-11.982551781419414,-5.106345264867509,-1.3755100282829822,-5.477502674397341,-4.643995947591349,-7.117555925495362,-4.918186193972828,-4.949340678039341,-6.037615893251103
-10.841266283448187,-11.694989683990364,-14.767485910503146,-7.566652788630023,-5.480829733162351,2.4589174493116457,-6.230338563204437,-10.584228104023866,-9.33513054035646,-1.5082300417307772,-7.489604972985483,-9.319007378417647,-6.008691665014324,-5.2386773638743325,3.9130792496100546,-4.4804903203982365,-5.767862460034763,-6.764835245204148,6.013986481034498,-8.263048712330592,-10.44417822985987,-4.65106493032402
0.3779164524108442,1.7509708582731367,-8.061305360874483,-4.370447225515745,6.958160458048344,2.4767641640514415,-12.777148240884603,4.988240630340699,-10.57960853001845,-2.131678154190204,-7.9654668912991,-4.681287255897033,-9.510880308775329,-2.1264999169832004,-13.341913886726886,-14.25849696386007,-13.83596486428219,-10.733147288073836,-0.7702284201763846,-4.655030626385794,0.2608351420021594,-4.517658482033036
