script/wind150m.json
{"header": {"parameterCategory": 2, "parameterNumber": 2, "lo1": 3.000054539987559, "la1": 64.9999836372058, "dx": 0.5, "dy": 0.25, "nx": 34, "ny": 52, "refTime": "2026-02-02T12:00:00.000Z"}, "data":
[rows 0 to 23 of 52, columns 0 to 33 of 34]
-3.858622907076341,-4.763000990399507,-5.366454320067901,-7.378951874126681,-5.289325521447361,-4.368300054819295,-3.799373317426274,-3.777685716285014,-4.262672522175189,-4.389936340230356,-4.702321286344634,-5.092948051345353,-5.4658449916150325,-5.648716390578781,-5.742271311660316,-5.087315590677781,-4.292914547781033,-4.0848954456315845,-8.137207353413041,-2.5907996253234824,-5.012027586341958,-1.005609490005546,-6.3394015201608305,-1.8354604911949073,-0.09356819105882327,0.7247249411411473,0.504447485490245,1.7310673200460123,1.8128608736663483,1.4763064105097667,2.3751087806665154,2.951973118851603,3.1866899545567056,3.295930473919766
-3.963524291176962,-4.176391789337405,-7.765064930180893,-4.304701224085634,-3.5966770729275814,-4.62109500343565,-5.024447202913478,-4.852335498587993,-4.664551563764608,-5.107821726390876,-5.433219811715009,-5.74575511238293,-5.6366689955526175,-5.6724944459623305,-6.438245837301072,-5.867966699847708,-5.564513612835409,-5.466357784160048,-10.538519522828878,-9.495669010196526,-7.712330778042067,-6.4150275083406925,-2.2306975530097155,-4.051521480764756,-1.6796443218129211,-0.9341041768489466,0.5396815163103232,-0.672334162631023,1.154003654859688,3.367708539298293,2.088619785401814,3.4090057005589642,2.9312585499410355,5.7638430599963
-4.034021173019675,-2.6579467243000128,-2.068015880596058,-3.2077877679696885,-4.918889352292706,-5.945763654834049,-5.663048388544032,-6.070774835929108,-5.928556321313662,-5.935122447385013,-6.709969044249132,-6.554882711896274,-5.961914309133429,-5.334517900916393,-3.9549104741322867,-4.449561933556895,-7.668204394492277,-10.656472581121527,-7.237226250959984,-5.954424575584141,-7.510756817426168,-3.451103398257143,-7.312796405171504,-2.4923826075612023,-2.2968871102845942,-1.2197545168059885,-1.0326013572799713,0.4010899485772127,0.22545774770729446,2.0205890261459967,4.152089254036677,2.998839909527089,3.2723239431275584,4.439096177110816
-4.996546174726431,-4.262832520909105,-4.340610733899949,-5.600452416225694,-6.236838532561335,-6.976539697073915,-6.935139740017192,-7.2037128520569595,-7.281634549361496,-7.325399143270782,-6.446808402165844,-6.0294981041339,-5.154523022515183,-3.970386112351881,-4.668042484757424,-7.3954963674544345,-4.839370247230044,-5.170119786182714,-5.98145083856776,-4.011709636372373,-3.632534054106147,-6.815407829844497,-3.8110863649410898,-1.8623728836455156,-2.307808169253126,-1.7370755878404558,-0.3114278352861198,-0.2544539823013276,0.014876894786272481,1.4837005385532451,1.6847456781968453,5.211894802156967,4.048245857734554,5.054786438490917
-6.241485425995671,-6.345371036449617,-6.3527708999041534,-7.362433397372134,-7.516531919713437,-7.8111580233082,-8.030476242531725,-8.118929239881998,-8.351625961971147,-8.656621701312165,-8.167911002939867,-7.09333028855106,-6.350614849284888,-5.346557233145128,-7.92613808808505,-8.709279175227314,-3.080501897486028,-4.325720505865383,-2.5359567826312235,-2.998398830551989,-2.8784471116385935,-3.1507253491563665,-2.9134169144944586,-1.851635080840932,-1.0352710350733978,-1.1965760464339936,-1.351171598610801,-1.2449690012348071,0.7092015441953886,1.1955345780001423,1.7946927794066903,4.838577941263926,5.223015952052818,5.1659724931677715
-6.875914230945598,-7.317000302914159,-7.787873902777748,-8.121633538285833,-8.5358018959892,-8.81158210403579,-8.989128999026152,-9.120927946942079,-9.23362565363676,-8.952622764896839,-8.455578917045635,-7.666184342085308,-9.02267222675556,-6.809413007154091,-5.624779021675285,-6.4627294457690505,-2.097296422317135,-4.211803163792402,-2.6211931119013228,-3.059332006012168,-4.783436345632486,-5.149409768883199,-2.3413205002164323,-1.5007670840357603,-2.1454739616268537,-0.7356115023076246,-0.9821080779836552,-1.4338462812765604,-0.8148704205364471,1.4286284090161194,3.5193805093244364,2.3447740654660785,3.819290910681625,4.592963222238175
-6.663440816572117,-7.3351265047526235,-7.7601203153768035,-7.707033570984824,-7.429330267499989,-7.709957245297672,-7.788079912915723,-7.780303885888946,-7.9706298133296265,-7.503685359824732,-6.07878194666736,-5.004310465718505,-4.34705145207259,-8.417395102519562,-7.800881704430256,-4.588628598240956,-3.1920844850351178,-1.9016568425812101,-1.0581872106898538,-2.0126662015209846,-2.6939392748383533,-3.2861191216672965,-3.4500720362464823,-0.8836870722890608,-0.18041629389943925,-0.4769429613730437,1.1816761392125916,-1.2005273453998757,0.04399575026431156,1.634593926028497,2.060111730873684,3.4834572227006957,5.015520845728485,3.1148813781892453
-5.492249539095331,-5.929185050482887,-5.388385718192978,-4.882736737604898,-5.987885194184418,-5.541649843552074,-5.27719770477914,-5.213096610178254,-4.862224935616762,-4.2127872567463385,-2.249911398680894,-0.9382913865612281,-0.2113684346931963,-3.243189441460981,-4.89056195991827,-2.635915592779183,-3.2065339781475886,-0.28316015128016214,2.585656111770169,-0.191639031385706,0.3081876336310563,1.471677933828775,-2.0756468965406256,-0.4514058432241667,-0.15148834787446697,0.1321918043368326,-0.6898554065432002,2.291238606095423,-0.4089250074569826,0.32253924557240166,3.8484740185471895,2.821355004760764,3.2224922742263984,4.952392474628833
-4.547774860091835,-4.094970932444247,-4.106631291011674,-3.7971420703083463,-3.219967471843456,-3.188083910778095,-3.4288460529871907,-3.1299575522623524,-3.0888447726303405,-1.6000511934099315,-1.5110553918502105,-3.8236164640923,-2.0567816011748667,-2.4136229822695574,0.6985150873093542,-4.098109200929675,-7.347975731658338,4.368639832851438,-2.1540761297945195,-0.7719205425864166,6.203529791179146,4.676961956185554,4.070654444649227,-0.08204128745465589,0.7646808984750226,1.3848448932866428,0.8683519939970752,0.09236485301318592,1.2479217584681626,0.9280581131756209,4.421333205641015,3.820873265776607,5.008693097981664,3.6530390124542755
-3.1229907351867703,-3.7992074086206946,-3.3185219605838245,-2.874460493451619,-2.106301377336697,-1.6828940714844078,-1.5934144616782582,-1.16836002227795,-1.1712066552001883,-2.39763054820599,0.18500361168487708,-1.340029357148848,1.090389985359818,2.353694373157583,-6.898100804282715,2.1815844950651444,2.3598260710208288,-2.7392639843899764,-0.22301773074378503,0.9217850963264639,3.4132065319586435,3.0062790211277393,3.967496394300304,1.6252625176359556,1.114783144436878,1.459946440562071,1.3161559803868865,1.3936856521436638,1.755080246837176,3.067267992525685,3.235390809947902,4.790677111549206,4.35363282493438,3.6736530862026195
-0.2260123994881271,1.222417413143298,2.4467524725850773,-0.48115487669874935,-1.1664043469000613,0.24198424482624933,0.7953475230952998,1.0007112934843085,1.1930591753892803,1.334591058836157,-3.3096392967832333,-6.589466801363617,0.4653623454014404,8.879946990515487,5.258686451707503,-2.643794563825362,2.273238402112366,-1.3360680934646636,0.9397103127336484,1.2349466504506916,2.6108903833418755,0.715983062534287,6.98431631696407,1.8115500029752825,0.8068772639841096,0.8195192567980416,1.3977927413949482,1.5407489980664177,1.4666916671194576,2.0808567517288585,4.963321559215644,4.543107958848363,4.0829342214080215,3.531694980801573
-1.511767655482976,-0.3089805090566254,1.3586279813128208,2.767498332731031,3.588579637948229,0.05600681109171862,0.6572680876298722,-0.018062122750167914,0.9335296751364565,-3.1700896018253375,-3.6607446729004214,-3.2690974071299266,-1.7800239345551918,5.8340554829874876,4.277862498338561,-0.2899056198769726,-0.8513259772719594,4.204458150108733,1.4321563527140742,1.3694106567927549,3.176005941853708,2.846357482579792,0.75539859135137,4.031648829887768,0.2436263352415295,-0.28612095512211216,0.8405697085685329,2.4429723539835813,2.322311657357111,2.247859927299429,4.495443249751363,4.468937518309632,3.996574047786659,3.1634830436787094
-3.532167152756633,-2.552725262686792,-0.8255268529198344,0.8219838625308101,1.1772283697769883,0.9013023676218883,0.1856227696555976,0.46651985432375154,-1.405086207246517,-6.891877311270096,-6.005662518299586,-3.410655379360892,-0.5960049580614434,1.9894034663548723,-1.0217811468966613,5.22827509417031,-0.5135964116585796,2.290241972633889,0.5721990974383343,0.6627739947587773,0.7967966257662819,2.6955543318411754,3.357967710093764,1.848116419198834,1.0978616770987013,-0.3553946967932805,0.23988450464868075,2.2454001888998327,1.6661731216000117,3.2826859347927884,3.6711608845489163,4.241690743599849,3.215523634796882,2.427918752746072
-3.614244628384476,-3.0686124736394746,-2.805141154300001,-1.0374783185472514,-0.0338982613581383,-1.514445204389998,1.1873678204471376,-0.3473996890679055,-3.1491559011039847,0.4274654989861639,0.2925259981064045,2.2566692534456707,-2.7589175468199163,-3.8177903000531925,1.19959661407505,0.08798498091987633,0.2834534625082976,0.9816267693212908,1.2119173859826609,1.3556378485318925,-1.0321026281374974,2.6772214842571813,2.7973791440860105,2.886165293332775,0.16687817879976774,1.8262079826145252,1.1068544103308156,1.6259796094611665,1.2204666304537142,2.4807233602929695,3.7661605789164607,2.9884211812119275,2.3229237066240827,1.4607910199216092
-3.9017087231608722,-2.8521593558256604,-2.241416823011443,-2.129731112904038,-1.2787286890128973,-3.395015563395256,0.7805250133609687,-7.335862028902408,-0.97579664885289,-1.7724718610052244,-2.0491709452739943,0.2125159810831531,1.4214233300379495,1.8064361991125064,0.18226129750423847,2.6902290686324966,-1.0699865919164762,-0.53265675371966,0.7625949924406392,-0.030304875198963414,0.024040480436660794,0.2214998001628109,1.2304588724956236,2.0901079295105016,0.5310390996624361,0.32495589064829905,1.2025553764513037,0.5898199728033255,1.178331937808036,3.134251722077518,3.6625975745768224,2.3213929279890104,1.270274769252118,0.7100296312761692
-1.8531366922574524,-2.577593255846711,-2.129060302304263,-1.6410385695294318,-1.5393621463500355,-3.8549201874130934,-8.099116789026239,2.801181742671476,-1.8801277626528563,-4.3413080024270245,-7.784084856372679,-2.463639870001672,-0.21194245538757106,0.5135871464060215,-1.8694822245843277,-0.14218473987627867,0.741602579978195,-0.6415544135017771,-1.0167072688208931,-0.6097577738717561,1.085201184762297,-0.64232304579827,-0.8054539688711174,0.5876536940722736,-0.08272989005801902,-0.6231178209496667,1.257315865911915,0.09226076140355624,1.078318900000279,2.858841258665457,1.9392895477153491,1.5215578062823127,0.2442706701976091,-0.00022583706706138628
-1.697312510191269,-0.5468176378971525,-3.3310042541290588,-3.673195151879594,-2.117879544824047,-4.733009939578328,-7.389399321966616,-5.051569035030868,-2.8048582124533383,-4.977114150213483,-6.194182430461257,-0.9026065330594074,-0.6707506987480671,-1.732766772019085,-1.1353363707621171,-3.459864032524673,-0.6990941003761019,-1.0281840012880543,-1.120455501463835,-0.621867007251639,-0.58626791043705,-0.2995933423428027,-0.2989505141753398,-1.2946608051852477,-1.0075103203436688,-0.7221696584491346,0.112155153553477,-0.11501053763058094,0.5830210084059972,1.2348304671544534,1.1124107660664262,1.2808083742446374,-0.37235143737424414,-0.4542489517931415
-3.2970280438909887,-1.6699160171831704,-1.8975498111397815,-1.2996324746847336,-2.6048049361358885,-1.3648487109066119,-8.012071908604161,0.40245585980674625,-8.27393710551846,-6.1090105311646274,-1.8032669267662196,-1.3174413683901134,-0.08368357602073594,-1.6441238357291978,-1.6672724016380525,-2.225009410842787,-3.4205597166865314,-1.447802396264245,-1.7844372901513028,-2.0554701664715025,-1.3463393534494812,-2.0516850101633506,-1.4729950804584515,-0.9420930276290909,-1.965803607582743,-1.4011189429306983,-1.5652010394294957,-0.6004447015461312,-0.1308107752803666,-0.2298455993135692,0.3767219094318007,1.0954065610758055,-1.011163509045307,-0.7827896976225815
-4.507948574156606,-3.931828905588236,-1.9769864650297897,-1.1689952310655327,-1.101662634328093,-1.087502603260861,-7.216704420857327,-5.963210625314042,-12.097606720102567,-6.538543492549509,-4.286967795010568,-2.047809928131756,-2.1581229921439546,-1.1820845215711782,-1.0139297968884353,-0.7603475231762699,-1.5835324496530618,-2.0890273918138846,-1.6336811907533746,-2.500589734639128,-1.925119452600263,-2.390640773222316,-3.1424289648641492,-3.056010466041224,-1.809161549032141,-3.086600453932527,-1.6539316111775886,-1.3561308180870761,-1.1899402565987331,-1.0882876357317584,-0.8289103658603691,0.6573731866170923,-1.6188843322656514,-1.1977943028342657
-4.8423341628089895,-4.584273762330407,-4.206310069829413,-1.1513836702637743,-0.4602910282131585,-1.1525560491509697,-3.202805273591702,-2.510116858775359,-10.672422169909346,-7.949158557952555,-5.515186429573474,-4.598361142803122,-2.4869750697722712,-2.0783742760890815,-1.9929598530158106,-3.6168935965727993,-2.49908650117605,-3.7616139880901813,-2.6463255291229384,-3.4006619926447006,-2.631304207541634,-3.3467280430482527,-3.7470251204261706,-2.8025226839059023,-2.941866915366843,-2.4257111849580686,-2.894396822777661,-2.0472053691883394,-2.2358387918046763,-2.0828125397894923,-1.7436558005216851,-0.32161281232599453,-3.642226375840842,-2.2905698937284336
-7.121357790120712,-5.3928547376628515,-4.998970381964339,-3.8609777861573233,-2.3564677555374347,-1.4534098317140156,1.2679614237156343,-0.6983530744881482,-12.64398428204234,-6.406077846963047,-7.451033099001355,-4.9756489049682235,-4.300617469056148,-1.681017718461232,-2.3370297071779484,-3.437988826159873,-3.698106986082639,-3.7746311792952465,-4.095884470356472,-4.083718478216325,-3.623473367808491,-2.8568422061753656,-4.4590933574330895,-3.8879746929297703,-3.3490690207020224,-3.533277469482127,-3.6597764169616918,-2.9322891800019675,-2.5255862780204024,-2.327461879682229,-2.013860154415226,-1.8597167728496133,-1.986247981428539,-4.150435033730101
-8.936645346904255,-8.088376402457621,-6.90045499724504,-6.404144065266673,-3.5968409860653834,-2.6539054654837857,-6.639243217802362,-8.949918548869233,-13.64527579688237,-6.15295536116859,-3.6678950097609833,-5.153747392056144,-3.1945588211613605,-3.8966549014038345,-4.655115585739594,-2.245749127506872,-4.513016172168821,-4.66846111401891,-4.86819041059389,-4.458124209741409,-4.899595532207074,-3.8471378294992915,-4.93617868977138,-4.717267371896306,-4.195127976195895,-4.3039099036354225,-4.326650233393965,-4.119512140896863,-4.266358390916343,-3.3153267760537863,-2.3648861911563754,-2.1095762587529534,-2.3563825233226963,-2.308376956234793
-10.97485748786738,-9.928775025525,-7.94293424759551,-7.380038893120106,-5.696915633908123,-7.430836101773141,-9.524744323745939,-8.05653680285907,-10.583431373689521,-16.891604004848492,-3.3240418058807397,-4.825740691863022,-3.522209771752357,-5.024422864248729,-4.605502093864004,-4.826883346676334,-4.600639875690107,-5.199501167965362,-5.261324546049739,-5.3560434250467015,-5.563311763492817,-5.097226693755396,-5.472457233547521,-5.358367489601729,-4.998579873420102,-5.1255669036315545,-5.586107719386252,-5.722483668486711,-4.21177943474412,-4.1995391078763475,-2.6115559290290324,-2.6533845922311357,-3.184032238198091,-2.6697303550852713
-12.650864974987341,-12.34832779543984,-10.802792152290268,-10.049981393682545,-6.748817424969175,-7.973106404227368,-8.236472283527151,-21.293214967306806,-16.083441378790297,-9.33295168354982,-3.9593240410213055,-3.7724375237116496,-4.654896548633493,-5.094039346903677,-5.430981259641018,-5.997353424899552,-5.16455947801451,-6.62167965393825,-5.9485092762932705,-6.583881026215833,-6.250149150330744,-7.259010233863956,-5.72518695606676,-5.55386623819333,-5.4985130471900145,-5.8405903964705965,-5.640242818791625,-4.761669516823776,-4.369657761843592,-3.7758574418034923,-3.071735058888438,-3.21196419048315,-3.2129627577909488,-2.932972509598508
