script/wind150m.json
{"header": {"parameterCategory": 2, "parameterNumber": 2, "lo1": 6.000198445256149, "la1": 58.999992894266676, "dx": 0.5, "dy": 0.25, "nx": 22, "ny": 24, "refTime": "2024-02-01T12:00:00.000Z"}, "data":
[rows 0 to 23 of 24, columns 0 to 21 of 22]
11.970050367538288,20.10402426087659,16.578073060381374,11.553064855668344,13.871022437323697,16.617107371890803,12.761210913956957,18.90617073634503,16.484574564320575,19.2486026390016,12.715672953275915,20.4959669702384,22.74896421377021,13.199374351755399,13.557410785781983,13.494010642050098,15.33228318046991,7.641901468620949,13.337409109842213,14.388425553183206,20.183735326769096,19.47379834350922
11.437982801222999,17.370262511364658,15.86108993368275,17.630976222016375,12.314529057410425,10.336247428160547,20.679965186434167,17.544563545295155,13.13655135774298,14.415085321503554,17.27120260446316,14.1659354504771,13.578629169336507,15.95448054733221,22.063719002269032,10.601734813665953,19.24636754668347,10.98363728468986,16.513817702820063,20.509142188086795,11.72184282432838,14.55612847451783
17.031397547893445,14.95186243579181,11.649867386426102,16.620891916878872,12.873376830915246,13.626416839184687,13.297778219857104,13.995752986448638,16.140119798260034,21.628077075505658,14.815151616866354,12.776884409987833,12.542707388306937,18.183777425298967,12.123143213110323,13.102345116305393,16.519208539457722,15.265578623752083,8.222570795582154,12.094708400634302,18.35484343338576,12.638743814243318
18.133855423640558,16.406937155525494,18.17469086266331,12.128371345698712,15.100220372595537,12.236657004362952,17.810914526545606,20.878856523704123,17.647555126601763,11.325212278909712,11.920114550448906,18.157803438583205,13.376049306167333,19.736326693351486,14.310029883082226,18.333583205595843,14.44565512388185,13.722180176085937,15.676497566113113,16.93826020708046,20.233297619917213,16.551496139077802
19.250916627846834,11.212310080609589,15.298923665871387,13.779505418941254,12.142669726802291,18.182421265643093,21.052080872299882,12.529704759047952,20.75472987379396,20.287936752658222,19.002253130505423,16.690334904116177,15.381541898972477,13.968081634916333,12.34285419276208,11.774542569873038,14.464122290608682,17.8632542654812,18.279454600165856,13.631134029383078,10.034287434663879,18.198228084093643
19.69742692781675,17.254513284321053,14.992594359343071,13.751677001914382,17.76335857426591,15.071158837883168,19.652402555943752,16.836776996523835,12.514019587879707,13.504688889389172,14.697264317484878,17.44446005503143,13.79183055814989,21.10101278437269,14.081971474285165,21.667031525524344,20.739190152735,22.93260240493335,10.823624344402381,18.333197754697057,14.26499259061468,21.97617876949268
19.369904725104327,18.311840800954524,13.704305804576045,10.584170730222828,12.002262903071504,21.077989907924728,14.299099536457135,13.884465173535206,18.528426083416715,11.839339757891116,12.253231249503012,16.118004623150448,19.98893789255519,18.611580867985,18.23807186853557,19.352558568446717,13.854016354488337,17.32771496705327,12.442001879429723,19.97996656779466,10.648654590987134,14.330273992315401
19.672263390706142,17.30823848823059,17.45281704759802,16.5865269834319,13.667131267361732,20.879257547914698,13.108139763711153,17.20995368464648,15.269337071021726,12.953335031924578,20.144722614171272,15.356763011579082,11.231709953112446,16.678269556730317,20.323070194826617,14.6406189291662,18.248268029966393,16.648681684878817,13.517741957590234,14.875470632480777,10.065819296934308,15.0247207764577
14.341177276247631,14.840155974307836,14.51955618220242,16.594849384434138,22.67068315651621,13.65129279995083,21.10643816021893,16.380148328192334,13.677078602646683,9.820797956839005,14.628410382696314,18.199503518311907,19.45684901375247,14.236906030039828,13.670588098189468,20.404439994254655,15.910824969415774,19.56839810446969,20.792251419331688,17.16766002082861,14.01125035667896,18.256648976423723
13.469469937493157,12.247510298683121,11.219464176143097,14.838990492962626,14.682296497928126,14.612089017252154,19.469313685113416,17.47754632182991,22.092900549339664,20.15582847451742,21.53134298862939,16.029559843252137,13.551078176142832,14.797261187927315,9.599468321247581,11.026588238877661,17.8653286310019,20.40677581466792,20.188954582632444,14.742815744201529,18.696153815192655,14.052063069675471
11.14904966287453,17.934813385324574,12.776620406790252,16.54757336546199,14.379249628222432,22.36310574735126,13.890154287838445,17.314597449940575,17.976641183501286,17.338533335666714,21.24718124743134,21.21044948475565,20.723566032164026,12.720205146763124,19.30638309489415,20.65711900645815,12.71428475356477,22.815238857075943,13.278541988085601,12.549360552455038,20.04124482987529,17.68495905466777
13.18539931104432,16.360794172431426,16.80807652137849,17.473687563930994,13.739390986681311,14.301710773449539,14.47031467790493,21.018228110616946,17.58956834401908,14.63344750492369,12.881704176220508,12.914672316512261,18.086571970797234,10.506697291202475,18.503846340895567,12.874051382680557,14.868823621673227,18.93875474007894,17.395300747355297,18.63541014736127,17.980184985206975,10.951495129820556
22.681741489816357,12.945554459532,12.418151795256303,18.402926236120468,21.08027738478176,15.18128892787851,9.370593767356539,14.949212004953926,16.13205150487134,21.66560423987344,17.30324750417927,17.337975898833125,17.25331505449915,14.65504959576881,13.892604723096767,15.371539783171215,19.911371509907884,21.94617043345706,15.291936793102547,16.77951399559656,14.383943301025347,12.425659290166621
14.079492203982088,14.25827628668057,20.749189854918747,18.690290782072733,13.693351889148255,14.637831145405073,10.063992255686728,14.764475769123804,17.513524195833156,16.818464111382475,12.891496008895986,18.18785803756961,12.372200234044387,15.62234105232987,16.7430686972524,13.231610167253155,12.362611405576589,13.88950326642714,14.541204804298598,21.0501841965945,9.930657305962956,19.032137821893
21.473186340916737,14.098814799083886,9.784122181733514,20.404059926521853,16.79116813712572,11.46038809706969,19.424905154865392,14.641288719329284,12.145406223518748,20.198098019957907,15.185464651353682,15.803072118886325,17.627042443836125,17.280715975071743,16.224600015804743,14.047118729853171,13.213122817674636,13.570246057878055,13.809943033602456,8.944080450178232,19.34120867846365,19.567903043972013
19.937726549437652,9.51169881014399,15.985839373244461,18.968365486689212,20.93119863286726,22.763564847668448,12.079018928202604,23.47803071167372,13.42614400978945,13.743509574922227,10.798999863436865,18.498033592484322,20.691651967748147,13.70917360957231,14.278734041825013,14.31574510210487,16.38243751858401,12.269821937158289,20.425703135430073,12.60797467872029,16.801427624169524,13.788261445757373
10.29021543014392,18.431077571852803,10.507631082608535,8.121739686872873,14.506374316346255,15.763027800873669,12.96944084543265,19.512552158893744,12.344484803126392,19.165878699650296,14.540225051408626,14.05022943309228,14.255163910118334,10.912832488429403,13.874973124590282,12.7375930410029,11.2075768907697,21.43367702147218,14.40899509871628,18.59192736961759,15.892628496891211,13.912430053395855
9.920875167039618,22.74017757331452,17.39489417795974,11.554749370349626,18.333713382606675,20.173189882811833,17.128521538441902,15.4450299197375,21.164521364768166,17.71964054544375,18.031319382094157,18.3709365364694,18.151909187547904,14.147591371948723,12.04940187948004,14.309222492952927,19.84465752928227,21.1526878807158,18.980450291382052,14.40726174786095,14.038897551991571,16.285583337721572
11.734413885890183,14.061816285340079,11.896101968919258,22.58818597831735,13.187151904539443,14.753211689560624,17.726083653665093,17.875485574030694,14.223643119632525,21.26683131480719,15.891924809159297,12.523913260328344,13.49948472522771,20.215890175725736,13.418393183790066,14.818650718470144,21.560941486328545,12.36922415803558,19.039479215761027,12.084248252774751,14.431581069274184,15.440763113790664
15.068789847479025,16.925832358249608,17.568282920814937,13.080513393978924,17.452131853307677,18.984872510421674,12.845059664802479,11.473651835405843,20.782930842982566,21.0693326302292,19.583218066622468,18.289290788215606,17.39083210844383,16.58291945038348,14.473831491838576,12.50405521914531,19.88317376119993,20.112852955911908,13.408208946443805,10.535509978150342,12.051621391827577,16.622545894928418
14.837591117256997,16.698691560824493,12.402015013049887,16.3501645185283,12.706949362921673,20.348487475976146,14.808347855969021,18.086813399281098,9.970328184462437,22.995227753468487,13.579511193896739,15.425631847537407,15.813225329406588,21.438596899132648,14.883196238638103,16.742162657758236,17.685485147115898,18.45080805284133,16.43195484482647,13.166195506692477,15.9684739921893,16.494982062126386
14.926873688267923,21.95837323930788,15.711739402210007,12.233658436781742,19.48694581420557,18.379381419286666,16.016460107287408,22.568599741440273,20.109288328363828,10.395658024983712,13.390855425372674,16.435866580440408,13.461361731311422,18.03967635180934,17.68949809377499,14.394875267078602,17.578487393203343,10.932398316114302,10.963347521509652,16.743647118850625,17.376399395746127,13.597336170595595
20.860040165548785,13.859193062708156,16.012671562681106,21.540061615166287,15.820238016963575,19.64874302270978,13.734905349364706,16.325625638222874,18.834470325121792,20.35750677809568,13.04333528135725,14.88608162978278,20.106869438136734,12.285298513944586,18.5171475848943,9.012594578916888,9.609354074507392,16.580087717447487,23.939562345133357,17.922131138422944,12.002647574199967,20.784522521569613
10.999421867148092,17.093696188562674,16.05774683537484,17.484183846197293,15.447730523865486,18.77603235938076,13.882915198907257,23.555146978754813,17.610251907499382,21.580373892357436,21.54612266359851,12.629453811419292,20.367679978771328,16.220537888449655,23.317899345767184,16.97361206512894,21.11506513010916,20.227853380807833,10.29052649011912,12.782764802050112,13.959809054927959,18.004629831229646
