script/wind10m.json
{"header": {"parameterCategory": 2, "parameterNumber": 3, "lo1": 3.000054539987559, "la1": 64.9999836372058, "dx": 0.5, "dy": 0.25, "nx": 34, "ny": 52, "refTime": "2025-11-23T13:00:00.000Z"}, "data":
[rows 0 to 24 of 52, columns 0 to 33 of 34]
-0.9182521722302054,-0.7685540819676152,-1.2444112121178417,-1.6976598862439192,-1.5196886934126508,-0.8052852888230234,-0.7979979228058726,-0.4496489945093723,-0.8634365604853107,-1.8536585462676116,-2.7288502760767024,-3.291942368735159,-3.815368239811311,-4.299572689634607,-4.5886496337789895,-4.389846212347977,-2.8292205961682333,1.6032462826291274,0.4367058983259478,0.9107160998751621,-2.2561305923881267,-0.14957479236713414,-0.47019835462014303,-0.7122057506353173,-0.23240477540385654,-0.26887462921716787,-0.7027643691696346,-0.7370753588665554,-0.4939549327294441,-0.7628303435949196,-0.6819232882644634,-0.39200098897788554,-0.7869374786120987,-0.49793318449141327
-1.604868568937958,-2.0505349549703547,-2.20704871682911,-2.1551523218959057,-2.006187451281634,-2.339929248667699,-2.4349198594603862,-2.562528856609195,-1.853929004566164,-1.802882067242379,-1.72059129435001,-1.6127939121749983,-1.8550258587099215,-2.3072013111562013,-2.4141810056100925,-2.8707784434592134,0.7349788860514441,0.94482026117642,1.4410938358223868,0.3495346740109191,0.6008823762995751,0.640716904287935,-0.8337714224045888,-0.9628022157553408,0.2744026240440586,0.36948411020966976,-0.9364323584950194,-1.2992989573269311,-1.4202303352561443,-0.6688144292689849,-0.8083164198186001,-0.8291653604237907,-0.8619189302546825,-0.47907524033159665
-2.8746104150623992,-3.287000372596537,-3.3373170002190657,0.8811386034585177,-0.9976773436628351,-1.3457413534935685,-2.4535577893582237,-3.370489307946314,-3.1938739276882644,-3.218244442001322,-3.2118708428652187,-3.0113313075502264,-3.0220166349970725,-3.101989391255766,-3.2592656461666216,-1.8270618911093672,0.32597022315813223,0.686560594712723,-0.0632126740069677,0.713503680141484,-0.29658305031266613,0.2814625542655094,-0.2795589038290983,-1.1316308773890789,-0.49940761977878023,-0.7529347421949487,-0.5936365016276268,-1.2680614650172133,-1.0193854945391456,-0.2097000564353384,-1.0003257941701076,-1.0782358587275684,-0.4743015170502284,0.20257746431373602
-2.4328477234954824,0.7774050900669656,4.19167098619087,0.9806352093132895,0.25928306998654527,-0.05755397192111948,-2.7347203876022608,-0.8744196604167939,-1.6557469114132768,-2.4730826227117326,-3.1130118961042843,-3.385190664782333,-3.6810994093913028,-3.6992859746410094,-3.163820315838986,0.6237113079036672,-1.1750569411198657,-0.6692734411649771,-1.0587506258405417,0.35187542108848735,-0.34967731579329203,-0.8738037770918426,-2.050733354807189,0.10522968968002161,-0.8160316697547706,-0.7870851411634576,-0.20386643617674788,-1.0672978273321456,-1.3293605588604012,-0.9044608053956172,-0.5921573872997217,-0.8544796473021441,0.5674767799648217,0.7788779065767633
-2.8357354432894755,-1.3791014685976444,-0.18251799330743645,-0.21275839901807875,-0.9132107173366885,-1.9247537147669826,-3.3749782547259,-1.7801849601846365,-0.9135782007716824,-0.9480651895697689,-1.4633660189900508,-1.5000788127708666,-1.4935275678184623,-0.1791836260709982,0.167283458639958,2.0192008681644174,-0.6852893633464117,-0.2006997277615159,-0.4321027090333185,-0.7744805300001321,-0.7840756086181513,-1.8942222162841642,-1.1681853466858345,-0.79535872068281,-0.06263796980897546,0.06523320567638526,0.6042557621492406,-0.17998838184464466,0.2199446827257285,-0.02991143169732989,-0.23033396853452237,1.4505636198855307,-0.16580798013653533,0.506342667036999
-2.032512293553198,-1.7749697339465038,-1.3425662908493698,-1.3858278952545784,-1.7474692512943535,-2.071293335569691,-2.26696055788656,-1.8444962391190944,-1.722916807118339,-2.1040097385915812,-0.5733433754953292,1.1863321346747204,0.03228576096230849,-1.4226985665442422,-1.6436215039390052,0.21604922249875436,-1.9813865020043027,1.1706840670027243,0.3334262959787108,-0.6600517590945233,0.46092433373260056,0.5724724415773028,0.39577762013970474,0.36301996641842443,0.2755160474822316,0.79819260048724,-0.08345939876329336,-0.4154749666766644,0.08330927907149366,-0.24783606654141754,0.9590181060525055,0.3259908807017749,-0.16114069542367035,-1.0212030158346517
-2.6201955342135057,-2.5985384603695794,-2.427642231221186,-2.4512952975233113,-1.7770640486916052,-1.7383053584621297,-1.790826685529159,-1.828641873902222,-1.6869519158902058,-1.6470113408264722,2.7000114853986594,2.4631960391347687,0.8394383909883285,0.3105599891253857,0.507040563323856,3.2237881572251386,-0.16424679582715188,1.5167678607143886,0.48734075388912995,0.674113873057095,1.0329864088776084,0.834370175883341,-0.7656091813889438,0.5649463775699499,0.37796063991285533,0.6432923704359883,1.145364573200096,0.05582628306905479,1.0582968624255282,1.3696587903465602,0.527220508828885,-0.24004403313096362,-0.7186314875462751,-1.3863374982509542
-3.2498180765618314,-3.072248115736012,-2.771320054807596,-2.2612357093713,-1.9356669083545948,-1.482193246172989,-2.0435589163679255,-1.8546291663027215,1.1677683913097412,0.7241463920517976,2.0804574508680447,0.5872364217712597,0.19796358706183306,-0.8327106466651687,0.21463555068504306,1.5362030470714785,-0.9730487809324155,1.9811823010404364,0.9693544432584795,-0.35552889028389195,-0.5653304130349862,0.5073934696966356,0.7403965612462453,0.12048199152898195,-0.10763507740558056,-0.30853823082976334,-0.39191281937720523,0.5361639987157231,-0.09939698643037331,0.18448844103137776,0.9657719834214198,-0.47622527389721264,-0.847931395784742,3.1702561907408193
-3.3153790317005263,-2.910513944902663,-3.0233387459441223,-2.199438810769184,-1.6824265012702617,-2.176747519874864,-2.13038977468329,2.686625044061438,0.9181390574119335,1.0173766042913492,1.5392520165155852,-0.5014030692946467,0.42972386360792886,1.210260022710791,0.6748167812189719,-0.6568476422090473,1.1968821785632617,-0.20119092226925395,1.27624212938352,-0.5023224481774915,-0.2905986040356479,1.4210658291632825,0.7449153019859781,0.2466359969279951,0.7431973432953772,0.03674851254105425,0.3149522641844092,0.010002565333398886,0.769127489384776,-0.11207185003650942,-0.36961095339267197,0.5672334694198347,2.4333235830500213,3.6400483046943175
-3.3911273111275237,-3.2979439328837916,-3.003739341970877,-2.2449412309486863,-2.081410819154253,2.1259888517149057,0.3191942628936394,0.791459750482371,0.849942409734526,-0.7520622403260157,-1.3181166454577657,-0.27311750686623093,1.4825644202882227,0.8036041811628706,1.6230908233322185,1.8252216335752867,0.5094075764389487,0.3119674027369949,0.23101488124375846,0.3057792776332019,1.699625808349725,-0.1884729603686108,-0.3861253501598177,1.344534366646488,0.5323526505872455,-0.014218822068147806,0.682601309437342,0.21073673537719242,0.4658596804465093,-0.6451416502714628,1.4384717979222637,3.1363193960793625,3.345408457011581,3.765851599577488
-3.2936672766688226,-3.1698213045505317,-2.611433288235303,-1.9584164032299995,1.9819736043520468,2.1641259348056496,1.1411554932659425,-0.37610077205931175,-0.04263566396400722,-0.11775965628460706,3.3271623215141704,2.242859121315052,0.2000519787448801,0.6074963809573563,1.4937070374084367,1.3905032506204527,0.4725058148224094,0.854213139752137,-0.5235751293318883,-0.30048093912948337,0.509384547773709,-0.3741131759080313,-0.7896336490030667,-0.22386703294625368,0.4198672069461301,-0.18954205552731535,-0.022515739994181626,-0.2539130189788549,-0.24916689220991467,-0.08838578821221034,3.0502127859258423,4.290701751871768,5.100549310160691,5.796130773974986
-3.3734456215655744,-2.546743301700656,0.31859558286324785,2.827896502480093,3.4195748443259335,0.5546865847869851,-0.08018997398255737,0.7184070747598471,-0.14283638776229596,1.58739004777737,-0.8791653929187343,0.1574558569559102,1.203299067811261,-0.5517253696689559,0.4851160148140689,-0.24930253513989123,0.3672598040980386,0.14572971915454058,-0.012133070350860926,0.3231554846907784,0.8742814341687228,-0.809826466433653,0.3005986142431238,0.8488121071672466,1.031106641844325,0.07516554685170561,0.9734833425362344,0.8213759068295932,1.0411976420170923,1.7082928069528582,5.582786448361008,5.527607707221673,6.088137597748974,6.949344324649576
-3.0412473853092736,-1.723064485695047,1.1162685966733228,2.1730760579863464,1.7527268471974466,0.8122605994195731,0.6157251850313901,-0.6865675383692176,0.03072688038656824,2.292534453096546,-1.4304120965422804,1.2965973467339516,1.606815116417777,1.1660689112175158,0.8533915198198733,-0.08178454945982537,-0.4044887914939009,-0.3969430900647564,-0.35478183365186505,0.24474545086116528,0.3133435526617616,0.6908828818024325,0.2974887763849324,0.5786236733422448,1.12377114095995,0.7888595776088814,1.443380873728374,1.3296175552095608,0.5313208468547354,4.462061742309427,5.70320038697751,5.974746737017157,5.947770268679317,6.888321134160093
-4.015060937117727,-6.193440217126241,5.144287012104186,0.4638139346210989,-2.1775947675225646,4.579081723307502,-0.3375401540676059,-1.3319493846280674,4.965978382792201,3.223708726196058,3.391100754470296,0.31559702032230963,0.22095568242249047,0.17836099299237446,-1.2446035016168626,-0.19821820396875292,0.12924605204748463,0.03799879213457566,0.5517754286524021,0.6017205796164498,0.5582694569801375,1.2899624732837038,0.44909752154813265,1.3348187670697704,1.4509347470988636,2.0925923244368922,1.236317370012296,1.7439405112621884,0.9758092717720448,3.930354274727463,6.512551525130971,7.484285399591192,7.1624108887285765,7.109150536927041
-4.16270327427299,-4.643543696125572,0.5613947571012008,3.083641523288172,-2.183381788293755,-0.7465379419324603,0.09305872004857087,5.423584910726091,-0.7520736076508473,-2.0388728049502762,-0.8439721643349187,-2.318498336348468,0.5584053544221392,-0.09750179658920091,-0.3074275426444679,-0.7829252693740801,0.2595757125229854,0.42940241119034606,0.4302940495500712,0.8786677411584329,0.4787855950615703,1.095339357926016,1.4890659107459412,1.6011213534725983,1.6509390996966853,1.3133104993186948,0.41916751991090817,1.7443221883396876,1.282737900272698,6.003803240444454,7.47914786842415,8.103680121202467,7.297411322064921,7.24290956958858
-1.629125886814095,-2.2947417520863067,3.5465051121632007,-0.5591943079037435,-1.1072171058355904,-0.9384884574000222,-1.5259837399204657,0.280401813300913,-0.4950402478049616,-1.9947163074438021,1.5087517130355412,0.8279663374872669,-0.07796168112692711,-0.6789451703458889,0.4624182876547722,-0.5549036301301321,0.06574218232626806,0.021664067294216275,0.7686150382792251,-0.21785067609640332,0.5545546454619569,1.4480270976982508,-0.5234079401362082,0.8012337131151172,1.1949190139656596,1.5689645052679304,2.40084720810296,1.0486051300762016,1.8622571745496264,6.978887283422212,8.214426937231178,7.838538714805309,7.631561028506491,7.669926369210393
-0.720189181180062,-1.4842308144844905,5.4376599078033285,3.0952121861347783,-0.02399571587385196,0.3773836768833271,1.2214351650293187,-0.8336152372476323,-1.5713964805884075,-0.3520964130481657,2.290072558527568,-1.5235804797404457,-0.046350679187771165,-0.07557540597718186,0.4848435166258606,0.3032030775312424,0.3637104543202431,-0.9651650048296225,-0.5955669019996462,-0.7573254562765663,1.755622690218631,2.398358587284798,1.7487808454729503,1.5566623226227105,1.8908810541637586,1.7343032241474348,2.562197016795088,1.8877316911610411,2.2925802350508953,7.733043512346038,8.57764081843604,8.33143715753277,7.877663487693514,7.780434771520386
0.8100720040945617,2.8495645122938087,4.351364126506095,1.9114303918340017,-0.22852225094821682,-0.23447755385102237,0.8135542980769942,0.32562573128326133,0.3906522463270316,1.9856349688561845,0.602361793600984,-0.30436339534363466,-0.9406349677984631,-0.6602533818085672,0.260659296465837,-0.2443577796940271,-0.6791664027700186,0.24249493664603203,2.072156822673873,1.0739637030648395,1.776762090439765,0.5767285617546145,2.1065342449452125,3.3951070344368803,2.907146186895899,1.6064156803908367,2.109071470131196,2.2741350738001658,2.6415965497691722,7.732345537134322,8.232194281201954,7.9143869860565195,8.09674476748337,8.784350451385718
0.4766442400997525,2.5648961245066375,2.462042215323376,2.6963023943951745,-0.6032280301237661,0.25899996790074253,-0.9890992509186531,0.20088111494642835,-0.3478585535986295,-2.717207873100481,0.6293407031485064,0.33273494848245766,0.08983718508953696,0.25744819698199833,-0.08663068710953961,-1.1912573540441584,-0.45869462313134407,0.13107528628388984,2.163856645962866,1.9398195628172628,2.172910707516591,3.2526634320197556,2.423988996324599,2.390664297007889,2.671104575573453,2.169066069473649,2.388251744204754,2.495718268554331,2.399684708384603,2.902245927071538,3.7890571290649597,7.2516506963827885,8.581023523686815,8.79074993182144
-0.5181218450623837,3.7559964320486614,3.7918713684162135,2.3342552005613113,-0.23602101325211608,0.019204086915884478,0.13877308302825386,0.9623285292009159,1.898016284465148,0.4064057203445953,0.24416452257069343,0.06691252333456583,-0.10872803111460615,-0.381117933552374,-1.371845978276586,0.7128243332592318,1.0738407557547913,1.9060568126814281,2.9556479150212085,2.1733642338744352,2.3898293056191147,2.446139741123155,2.681513744659096,2.756614779483436,2.3295311109955943,2.352470128808383,2.8533390122783358,2.6140697846682897,2.8387157181209113,2.704287036895821,3.014053540455669,2.897833891857502,7.794732630356648,4.655888296679405
1.7503005639222786,3.9059107308159833,3.9012113160526423,2.810643292172228,-0.8801251248425931,-0.09069774721080273,0.33483663330779867,-0.26416057133204723,-1.1257021192570118,-0.2782290582813555,-0.2648478158624971,0.15335291232124107,-0.03229021684828677,-0.41994049850771836,-1.1270890711165071,-0.7280018951141133,3.410095939447399,3.3356961762812203,2.443833340631608,2.3765912796249427,1.6813264114286577,2.300744801516827,2.769941061714484,2.351688902627702,3.0476661289867173,2.941463523199288,2.745882777926929,2.8361107716921268,2.8011669340132737,3.7192254092627257,3.483238836879718,2.660895964895606,6.601755987139077,7.396327412090789
1.904977701796421,4.3512134430345935,3.0422295541489093,1.6469848217156355,0.17297500002836083,-4.4663628542575164,-0.9113536943556989,-1.75321399072588,-0.7943816389667894,0.13937726513903956,-1.1833340827782626,1.3440036629747694,1.079354837306746,-0.19563400066552641,-0.25576899025288546,2.111111397775352,3.6289392462800416,3.7259032049819316,2.854936145420947,2.268906183893287,2.286795695091183,2.252144552091502,2.553763659162052,2.304639400512793,2.1524755343693784,2.093741379913181,2.26492958533485,2.8483540529521196,2.984386477306333,3.731953765676396,2.0515873932922415,2.1518820091161346,2.675062865330833,7.769386956313508
2.096367758972283,2.8270334528765564,2.407499683231967,2.412599405957182,-0.8491537940676807,0.20706059477532043,0.9536243633293388,-1.8041696188045317,-0.6411895872660628,1.512958481254346,0.45562921443924,0.7770731661536295,-1.1901541054815241,0.0017547975039477412,0.3191445600376941,4.912849934762651,4.848308734483261,3.0792785246205976,2.5292566809872845,2.9366988900065865,2.5063996861438427,3.273615912480159,3.091444953949447,1.9042568972060698,1.4431924273318086,1.9350961214748958,3.155229407552316,3.8070970661387538,2.2388268863008,3.4713349223303323,2.933204006126646,3.802395554703507,6.204083230076504,9.061549792536253
0.7594587370882742,2.1981146704496415,3.73744589958577,2.627974365368032,0.4979125000766866,-0.9184832950948886,-1.4668564292771935,2.4638899808902672,0.35278248875774093,-0.04560442160196647,-1.3961142805031403,-0.8039505416126503,0.5703298432225865,0.5665248271147337,3.159028516183006,10.520640590571325,6.501824362040952,2.98778364916233,2.4487400121158776,2.787240247996315,4.012591590198227,7.597773724069754,3.8646156837628522,2.184301305391613,3.4996678926562153,2.2034048902213463,3.464039068975349,2.8343194572770396,2.3169605718362107,3.2593307705345484,3.565068135813809,3.1233765574505385,8.332094697292934,9.274588836339271
1.189943584749589,2.569279430799254,1.8242625382465683,1.6860145401145756,0.18635385411376154,-1.655969344838353,0.5061567095110603,7.308946640456031,1.0351782882823473,-0.7991117333800134,0.13395399611524164,1.1315372737747944,-0.6904404499513414,4.65260503490328,6.90311772535814,12.32524846417151,10.905148220056773,3.6280458347504285,3.436724815638644,2.4766400179978443,11.046208219157979,12.216794990359444,3.3496592659543833,2.516863935670553,3.8325403825331374,2.9514071535326907,3.228431353296659,2.5757153836847495,2.2460165049067387,2.4753349825462525,2.6065077861260484,7.738515365836275,8.558543952071894,9.668413325624316
