script/wind250m.json
{"header": {"parameterCategory": 2, "parameterNumber": 2, "lo1": 3.000054539987559, "la1": 64.9999836372058, "dx": 0.5, "dy": 0.25, "nx": 34, "ny": 52, "refTime": "2026-02-23T23:00:00.000Z"}, "data":
[rows 0 to 24 of 52, columns 0 to 33 of 34]
-5.2878045690473705,-4.550487251418434,-3.6378018793782574,-2.497352475018916,-3.1774163036006575,-3.5832285017777052,-3.9250049251007137,-3.6596107064382966,-3.907752188814268,-3.9812346508267926,-4.29389723626067,-4.355868001801563,-4.111109192796824,-4.267372341952291,-4.146336357185296,-3.7138978276266457,-3.3604727943068498,-3.989750567355625,-5.416720611064852,-8.278725723072567,-6.749092193957512,-3.616727955715197,-8.471941090233935,-9.433399103588414,-5.361592453083199,-4.585877989973497,-5.023615870404147,-6.026463915710474,-4.868336706438238,-3.3593034141858724,-3.253180264536903,-3.7625335812366583,-4.065005582171446,-2.5908534108708774
-4.6823085657711765,-4.674038230277553,-4.616160375119599,-3.965528093712436,-4.334789289301057,-4.243985082403636,-4.438350392842072,-4.271171042234193,-4.692514990736061,-5.174639087981288,-5.36762001072657,-5.387023035756962,-5.4876199987047904,-5.931431550638398,-5.122040131424603,-4.8556036582345605,-2.4987531439378095,-1.0687182614553232,-10.098438420940052,-8.671179725973364,-5.5824557401263135,-8.61001633942407,-6.73665077559365,-8.00548428382899,-6.169724063341607,-6.9804629968469945,-2.527188184555331,-2.9469155440764467,-7.317882314911849,-5.258103100232947,-3.1935566451675457,-3.8596592738718067,-4.49434979457921,-4.556757197683683
-5.242466465742431,-5.402683480790229,-5.4948379129051785,-5.235306848253548,-5.149200314329061,-5.173344126049977,-5.060718647990937,-5.309698228862413,-5.517698782519075,-5.759524123199538,-6.253035617855906,-6.157962429001277,-6.182332377844927,-4.494643064942964,-4.518929332189622,-4.6281511703614004,-8.430499269903352,-10.610031618753604,-7.850608923081247,-6.078564524091164,-11.33227220873528,-9.418758296813401,-7.039386850453808,-9.209868795028928,-9.590865521372399,-4.560401182351097,-9.459911346558888,-4.414062093749519,-7.252449519998852,-7.113370329889273,-4.865606463364152,-3.4336767311725915,-5.272716411399358,-4.642453443845444
-6.155740111680532,-6.372714059320358,-6.261277746510584,-6.202666390562311,-5.774082068792284,-5.929154906086036,-6.117525737918056,-6.118909476339069,-6.074852120354965,-6.381949889973772,-6.459919991141071,-5.702277569917541,-4.808207281392783,-4.62032694686025,-3.4741731187184244,-8.022931403551944,-6.647668942253182,-8.331497532103905,-8.958845482379848,-7.482137897715824,-11.721309518355486,-6.57092319941484,-10.80652535837687,-4.953215486902636,-3.426572606207965,-7.3443243635480355,-5.326798643776684,-7.333896889386055,-9.74438536926468,-7.685004282673741,-7.239481015082138,-4.713934853350508,-4.932530084851675,-4.783300797929333
-7.076731320799757,-7.278830430981063,-7.04967693512583,-6.654466168798195,-6.5616485501984405,-6.712419061956307,-6.6766358865868565,-6.691854949084706,-6.551613040143631,-6.5215687844080446,-6.297405523432839,-5.972339741363867,-5.167497207184453,-3.7177005225877533,-5.225994291915289,-7.2821690283577825,-6.363883850723249,-7.122051651239113,-7.1323414653019475,-7.692905716809533,-7.916784538896629,-8.391898401980619,-1.373013374192065,-8.906368209534142,-2.9187397482066095,-5.859965650987785,-8.033887228948565,-9.15439778452971,-10.236773239872766,-9.17151005867274,-7.778723345789154,-6.9703182367276275,-5.643198743440096,-5.926160036490891
-7.600779759376327,-8.304808246647609,-7.874016431403471,-7.269310983616544,-7.29663497770742,-7.422641173919927,-7.069939297661993,-6.967686711978262,-6.897396599099613,-6.6482882063881314,-6.475645285204662,-5.70224578447475,-4.913857615403078,-3.382233325441321,-3.9810548232062284,-5.807785610258061,-4.157294760037604,-2.7584052469038967,-4.773709484946112,-4.307353654852726,-3.0204194052570768,-7.71276892565318,-4.6947134519492995,-2.00728494706398,-4.058437450024877,-3.6515703885944673,-6.293663912273275,-6.833565547386743,-7.314580216311905,-11.793870019952973,-10.80267333588401,-8.007641148424698,-6.827551841699393,-6.386007028707762
-8.705389548763488,-9.30650997588508,-8.812159929202828,-8.24672755600993,-8.33941652436938,-8.107121657305411,-7.706707792392136,-7.4555071335848435,-7.163185409404492,-6.919659620527749,-6.185541171401199,-4.65347690896786,-3.624991099427218,-2.8718168490040017,-2.680421061059883,-3.3965455890048726,-1.978174139236348,-0.49208845924462846,-2.521430960416549,-2.4582379064125988,-3.3219311305706603,-3.7088866409021652,-4.20850916629546,-3.6704565076447357,-4.602543852346161,-3.021415221326798,-5.58097549334825,-6.1264954609089255,-8.833143264495124,-12.202900556582854,-9.950933362062106,-9.425012062017798,-8.78893281370856,-8.029443920668028
-9.652981471796156,-9.786672594294721,-9.541505812888461,-9.163126293492626,-8.855955198522889,-8.625908781486624,-8.418735976243907,-8.414425129886123,-7.666962912015745,-6.761786111209242,-5.601115328097673,-2.8357136379459233,-1.8314842727671572,-2.1439633254769745,-1.2128624322127046,0.661578675789362,-0.0673660450454821,-1.4511776312859879,0.07377938618590255,-0.060616710851058506,-2.204823520163398,-2.1157406432039365,-1.201704433492069,-1.9994194898618816,-1.027524996539082,-1.905148172589241,-6.906716202542622,-6.240207469957945,-8.8933219547847,-8.360120078832288,-13.608256146793543,-10.576716192382456,-9.989578170551194,-8.123954863876396
-9.951080074928399,-10.087557173188795,-9.735871328356474,-9.604891692556054,-9.659094024415774,-9.527454262410767,-9.47862045004667,-8.75426782930406,-7.814966574857093,-5.327794990324335,-3.2071369446605957,-4.541712376011693,-2.581879280047894,-1.5010725096571387,0.8855494215445532,1.6271785786575386,1.4996275241571788,2.79020866849211,0.6545429414435678,1.3905328152782956,1.398109609119411,-1.4562085816701738,0.3431455538487551,0.5396073644168948,-0.7523432543622474,-1.9160988395398166,-2.926585700741872,-4.487397864581446,-5.4372913193932355,-10.3513897015556,-10.892304466470938,-10.37122572834462,-9.553477551527289,-7.833631303255758
-10.606303429872227,-10.511219840411139,-10.169058886495394,-10.152966109106458,-10.069754704380788,-9.855250268765129,-8.243404337218822,-6.568564023834821,-4.976781983153272,-5.756755571034964,-3.6594765386222705,-0.04232378102938893,-2.0146632491627083,-0.2168683768452037,1.5331967510067674,1.4324654178922496,2.5872643906092185,2.8056906325095357,3.502276589243318,2.065524114568706,-1.299891750174867,-0.21802387186511538,0.5983773942464248,0.7312566699928338,-0.6048902407976905,0.028763152539589217,0.5427761927049147,-2.282637705580114,-6.8254947523259055,-7.693430990396948,-8.459303169195982,-10.8335232903823,-9.368843198445187,-7.2123287210228995
-10.732968706381548,-10.158597390395412,-9.327806977840877,-9.30801454571816,-9.478097056156678,-7.7181413845251035,-3.8281243770754285,-4.8554432498436215,-2.025917457754878,0.28736183127787085,-1.8315986443364884,0.2061588944041343,0.33028200503133787,0.3610949038397573,3.0830436536184957,2.820094135879867,2.539978775590815,3.2915403916754453,2.5141594289432274,1.3562906485688424,-0.5447591691297459,-1.4203198125398937,-3.0411050884777064,1.008952057621089,-0.47620199263178126,0.8304512565853926,0.9750435671952131,0.8252911388049952,-5.093405256545484,-6.731626938517608,-8.00111946717807,-7.9372097653819536,-8.6380995711042,-7.170840005640761
-10.953180664326561,-9.75235729434222,-7.370787252694404,-5.8794691124615,-4.496671354847595,-0.8050570471965888,-0.639984864381712,-0.3251693579444892,-0.3792197947212827,1.1232517356865097,1.035774079928657,1.0673196676470256,-1.1304594929926124,1.7748549025635543,2.0515720202215464,1.9477707864803637,0.6623944231576969,1.6167865122039373,1.3034690157728628,0.3897950175213693,-0.4138661536571367,-0.5380103065478913,-1.8572868566053995,-1.7054168253840911,0.397196094712529,0.4029935312142753,0.935245569531226,1.116872644075571,1.3099797621227383,-4.135181255123317,-7.029388268625756,-7.087432229575505,-6.795866583915383,-6.478453344313473
-7.619620367110225,-6.53417371918959,-4.928943768848024,-2.073714044153554,-0.055690754036842385,-0.005389192393859376,0.11109783781931379,0.02566208284688663,0.2116680253747751,2.102531514459521,4.797391782307683,1.9238800631885273,3.138436751597279,-1.0399362201542441,2.4180868032591984,1.9943201878934624,2.4502156717838615,0.8496789642901674,1.4969644290697839,-1.5024118386592826,-1.6644547249927772,-0.02064947980417451,-0.2291211076988077,-1.3026661317445445,0.323018397331974,1.3363443820621521,1.4466887732481137,1.3037540368356606,2.529022064144839,2.0052502588481382,-3.9206028044758945,-6.109072641600402,-5.950086022478333,-5.340167991518
-2.463521177687809,-4.730416473667024,-3.0720892803027353,-3.6847892482635287,-1.485713054652695,1.3016395550860607,1.7760721546577498,0.3920673663911631,-0.45264922766784826,3.629843914462795,3.1369947667499125,5.627039666339635,5.41087706932445,3.9965806543963702,0.10422129834340986,2.5432173103800277,0.9142067134335089,0.1470144577701891,0.5904263484782369,0.6875259452982637,0.9932570014909322,-2.4742743771193147,-0.16224063001449554,0.038071354682534475,1.3415803298716875,1.4186720784680755,3.325325406892326,2.79980014670659,3.320839040364361,3.459657008341214,-0.7540502664385217,-3.330974170868227,-4.479259978872771,-4.549813233300862
0.21436532541951067,1.3106723240685023,-1.3336138318371635,-3.2471796885057906,-2.002713368227706,-1.6026449319832425,-1.2655838935520871,2.4842964135431953,2.424555577460342,1.3175403120133826,2.87771417666581,6.309745035109227,4.257043719909118,1.9013507868725765,1.238328077072964,-1.5812614555895932,1.982101138383839,1.7482376310959042,-0.20014248887346917,0.06798119313955674,1.1380650643103518,0.7459517393162547,-1.338436139297839,0.8904685559847918,2.5523707100187503,3.1206280277861413,4.1519977610734795,3.8032929586364803,3.2674185193210694,4.191325819917672,0.8071192416914543,-1.6161999421326843,-2.891146229615751,-3.6187276088912466
2.7038891213547878,2.8044572142240836,0.9601685439345691,0.3996292277330373,-1.4064223665264353,0.05773009199346037,3.161148363861187,-0.5773054248114389,0.8359958304483175,3.6512969981907406,5.593826618750171,6.909797263695448,-0.09140299954115516,2.4082793335954706,1.1831277714168946,-2.225804801449323,0.12120781738785592,1.788821922565644,0.07897688235573791,-1.2597625235892878,-0.2477862711193581,1.9632005916529407,1.2174946084162774,0.5618088054291894,0.948709670690845,4.170153041543769,5.246444246643676,4.024172578487715,3.1838509169845226,4.7428539690345835,1.4403132330176125,-0.7492526603992633,-1.0993879655750323,-2.1991727918998456
2.1977148504477992,2.1863744120259474,2.8397291905323323,2.287289384770402,-0.04591694659188266,2.219004364390599,6.246298578677835,5.660668222062195,0.6962508857702302,2.671016718432246,6.750852419520522,5.723919950220404,3.6532391828424493,1.6255886040428267,0.3653635014916044,2.3874327072401806,-2.189930930712852,1.4390342515688446,0.05997294603848918,1.2235452162786138,0.17701359068771347,2.2904763598038156,2.904124151651909,2.8381749842100983,4.484302172427433,4.1742907694257125,4.7176141424281495,4.98550063948653,4.2699654945320535,4.603412013868939,1.6102726846037414,-0.6991266781611258,-0.13488749336622521,-1.3378897624201722
3.2134375108625717,1.6915857706673911,3.1853365029271745,2.099380791125366,2.697379974511943,0.9590616430526496,4.017792556022946,1.6969580097356856,7.822116968233915,5.85973908814287,4.926030573949902,5.426385613250403,0.8060554512658188,0.7739598775039366,0.04443896656698619,-0.7608206310949721,1.8186780111810832,0.612347678793013,1.3873816019537617,2.8792639791755334,2.9200658703192737,3.667606057675682,2.6854799763799084,5.252121418641693,4.419045298189068,4.300740546330754,4.00602974438656,4.220510881243922,4.279088565189014,3.571182675058683,0.7048058236072311,-0.2773101459881221,-0.39059430013680885,-1.5218926723838864
3.105733512073178,5.036073488125898,3.4046798839794596,4.428761319919958,2.4215245523667583,1.802723324461388,4.956773383327636,4.539786831601619,1.2585994703192944,6.065313541025745,4.979656026434614,5.444873049454508,2.1310789362175124,-1.046198716993562,2.9889559496262725,0.24784427126162534,1.3171995631043227,0.7038056672402705,1.4579899876569091,2.472904724834703,3.1571154023468844,4.655536268286087,4.256884179850913,4.177139050452063,4.540019686244177,4.439198702938386,4.380080122416927,4.405900639224098,3.201925173276548,2.12392080771913,0.1917074887097225,0.04001567822726827,-0.2007034665244852,-0.8175475034626957
2.9682080398863735,3.405819337327244,4.072805131641854,3.331667644380379,2.3704246111072504,0.38041395399496497,0.08862132192500265,4.173133428415593,5.005965994918046,5.250463400927108,5.91003347610485,3.050841514207861,5.333394495796773,1.829614439563377,-0.13397889870878196,1.3925983115444307,0.09977797042018482,1.2386882840307023,1.2272452925754993,2.5149211570462238,2.1986525764120937,2.3006263591707588,2.861048092503623,3.62281276306358,4.121346318114493,4.344871978989774,3.5126634876307,3.085321899989999,3.301508991511542,1.3682152435098245,-0.4919839289839223,-0.10060004290274768,-0.8991325762323488,-1.173749884346763
3.8295266277499134,3.702585690772231,3.197327206456861,2.862088407456484,2.6664225661127365,-1.492520927140658,-0.056349707102847285,-0.034831293553843415,3.0292820926462514,4.0084188459904775,5.092014653933663,4.025987775275788,1.1347566896909351,0.38633564208344245,-0.17875854498698657,-0.5714940129017727,0.8426115564432768,2.2067209536774204,2.299020265796346,2.1882821202723064,1.810906649464253,1.5677026328275214,3.2704918850954727,4.984785084521448,2.713473707198773,4.508914657427212,3.5826641920568134,3.380846563046645,2.061377457137992,-0.10314103002664755,-1.1396786170832711,-0.6987920340058095,-1.0425092726919747,-2.6148484873309488
3.4363839960529887,2.9346295672190457,2.180415280191845,3.34215775863085,2.722603523147047,-0.5331093041371883,-1.7257762310828326,2.083849708921711,3.311177493930836,1.6638784524314505,1.8085179270482528,1.0064992400962138,1.0214523902490893,1.8320933843106413,1.983079384836947,0.2657518134396886,1.2196803665988436,1.476068391303098,1.144157510420831,1.6249228839628174,1.9812816116509075,1.6235434262106276,2.469434770920199,2.2893635733036652,2.1341613063466434,3.5441821730101504,2.6525463926940898,2.4013002527109837,0.41573796818200376,-2.0989293612634765,-1.6572678500852929,-1.313286736597251,-1.769845921445327,-2.6145834949784326
2.406297095946783,2.5829997477784348,3.0076131927686913,3.5983131466890446,1.195472220610288,-1.1672532409844767,-0.49907498350933027,-0.06808094024457256,2.6654172278384287,3.3689320941068326,2.907902989873017,0.21704292072392875,0.8868824077421246,0.27302191224319994,0.714560945629271,-0.15878994581684447,0.8736594090240549,0.6670241734331639,0.4510719808889229,1.3172254037583049,1.4631229047845224,0.5773213830438914,1.2143321646377676,2.6156812822226763,2.9827080722103356,3.295110691898801,2.758649030196116,1.6268718348305782,-0.9462932940297142,-2.2283373326122904,-1.7205244148460477,-2.15601623873753,-2.2255371377925797,-3.0790300189871083
1.7534150589793829,2.544433458079948,3.9325572245382987,1.504081780094734,0.7596984590132005,-1.843197877550439,-1.5469426383481772,0.7752695915542457,2.6244101010418825,4.122345915309714,-0.23367909975689236,3.906502752576529,0.9608378855218827,1.0751057772334678,0.3830059214822549,0.9172045169690133,0.3988868967723624,0.5274145992814755,0.5618687702595999,1.2451812974171264,-0.02799048082236667,0.4780850006564557,1.888568640363562,1.6447301125300497,2.520648464101948,3.522932490274041,1.8790567256057493,1.2916038378921544,-1.7351297798398082,-1.6932377518362887,-2.3296382078994595,-2.1324482444825925,-2.549582918194838,-3.5481306353543647
1.9123970349036674,2.2699580136162663,2.1139487151307716,2.8167428975516304,1.1674175536579017,2.28255449429682,-0.8747304719840665,0.8217766641446334,2.8929611712434626,1.1001933433526194,0.20075207951449892,2.142008848449422,-0.007690869431054746,0.5953909412387526,2.452849469238137,3.070534711116949,0.9609930628799074,0.7754023642070111,0.7674774610025678,0.8103021114068182,-0.7141201514694231,-1.34462691537667,0.4427985399728345,1.8777235850274605,2.1273176550093322,2.3171266778167863,0.5202097792631908,-0.07221824467667592,-1.917901322548711,-2.4168090199913066,-3.9287654710003777,-3.446955019124688,-2.9645750203836534,-3.0997744890420047
