script/wind10m.json
{"header": {"parameterCategory": 2, "parameterNumber": 2, "lo1": 6.000027932988019, "la1": 58.9999434238085, "dx": 0.5, "dy": 0.25, "nx": 22, "ny": 24, "refTime": "2024-11-03T21:00:00.000Z"}, "data":
[rows 0 to 23 of 24, columns 0 to 21 of 22]
0.9272960521065198,3.752469153906929,5.794843698999518,2.2113452892979093,1.5904865975606262,2.1791558237073345,0.4825019104647347,0.9313332705909811,-0.49882414150185184,-1.7707693400864286,-1.1842400906689046,-2.253587177483094,0.09784428407083538,0.29933072578816045,-3.9051554485747557,-3.58586357702832,-0.8688743921132506,-0.27000079282409123,0.01657217424852544,-0.236375396231887,-0.1660369938975599,0.15788961070346025
1.4905801640197578,3.7424912628468943,-0.8265604866225854,-0.6140808022383755,2.5119801118456,-0.6617131649301646,0.3615234252345884,-0.7202219458121807,-1.4697240459734293,-1.7939082444037389,-1.0485806774296085,-0.4071735663232226,-0.722306570031761,-0.08359107042123831,-3.6720564555576085,-3.162156184581088,-0.3738002964094835,-0.9631962835333363,-0.09818308684314991,-0.7488794920907388,-0.5836945887852303,-0.09808761167931691
1.3307641297146826,0.16987207657493425,-0.4892999115439811,0.5150888913693129,2.0553043801673483,0.11390775821738976,2.0937311316705944,0.6980557210927935,-1.127123574919399,-2.2989849650833842,-1.198534000272582,-0.5415065437091482,0.7824364151875048,-0.71941904683934,-2.1547551597881616,-1.1142405265517292,-0.10769969730980464,-2.515383779629,-0.6701922793342157,-0.19850632170870297,-0.6791832636816856,0.21836298821529973
4.749247805897869,0.32719857639644256,1.2882110088894103,1.385403087796097,1.778081735200144,4.3364606546190565,4.355759771520736,2.6452914386368764,-1.5310862379945418,-0.7349219327869643,-1.3495032872267203,-0.3366249218588417,-0.18540355701263544,-1.016731865497747,-0.31086060120731873,-0.7836989318254318,0.6094520247583428,-3.6434678210333735,-0.5217807066702482,0.10921640284042855,0.15882679528242524,-0.26382606538725084
4.453876518249942,4.921215982099556,4.404791113435008,3.477744631003192,8.179014466170432,8.438970001525586,7.262869923568182,6.038106878058735,3.005912743991556,1.605486086865042,-1.7631503910464856,-0.38940113586905145,-0.06390634962254171,-1.244411061844383,0.6260138712391884,0.358901433017146,1.1941871023954884,-0.40616366154786765,0.21355296957000672,-0.011705867406097482,0.5116070425310763,-0.13550527076731406
4.097434930526221,4.465759409149124,7.683909427337649,9.291936650986434,9.409437457712514,9.571793827266466,8.984406012319173,8.225959287636913,7.464648878538892,6.950062232065174,6.168741703676434,2.1905598533242125,0.4393125142852796,0.528349032135229,-0.2351797185015879,0.20152797070999273,1.2528928994000534,0.811812581556518,0.2778448833976703,0.6568177874430614,0.5490423042429504,0.3664029094140224
3.5184402357622067,4.233247012418157,6.059118654637771,9.11986054052392,10.667370429525162,10.462826483732412,10.240901399309662,10.118793817120464,4.472194844408901,6.309495616782101,8.420539315929727,6.799201924963967,1.0526908155247734,0.503305037451134,1.2394858657481362,1.067339799511178,1.5448975726931578,0.8898272384814476,1.2414048757313425,0.7167308851348879,0.9777776221194785,1.116000557964853
3.3468009655084394,4.793192247936432,5.74072113634084,8.020156106091761,9.92281491915682,11.031474937245308,11.019983120943326,11.594413963038772,5.674692062556429,5.912471983813032,3.9143681610310206,7.694789957192938,5.226059741339913,0.854542315046937,0.02793534628988989,1.871697119027667,1.5962633660704464,1.8153426208011867,1.2032285114998889,1.5519505503990423,1.258472427003211,2.2526602279314325
4.49127862657648,5.0858398151357,6.414585231204267,7.813556337995044,9.2166789194842,3.757319461621687,7.5931884099559195,6.5372554270186924,5.3699056901401745,8.636017023143575,8.617512875281715,7.747159022965876,6.397149439643748,0.7719026317822043,1.0488680812045488,1.685209425909125,1.1800736963511211,2.014309526062025,1.5972893194104354,1.8142612940682326,1.5865391488494198,1.9078282243947362
5.304078674696747,5.0943756449176725,5.833701774577668,7.026646839967125,7.596067721067006,6.581805511913763,6.072829141401656,6.326212718574041,5.007549491760906,8.285741027424075,9.592056255110089,9.033885642395024,8.033130911729616,3.1772910840069546,0.0020367279204131215,1.691555506405126,1.6421012844482992,2.579811428398543,1.9559709709041833,1.607364615418906,1.6240593410485173,2.5879889808758345
5.653930785450603,5.40158654583493,6.278381572342832,6.426370416539913,6.358329897242736,5.551726336465092,4.945766993627005,5.925223119278257,5.861768499066557,5.544361310850507,8.258685691282558,9.11235039087712,8.135709218967394,4.263704121724079,2.8547833423395073,1.3535173010301706,1.5507136424624193,2.0987760523259995,1.8920585215890542,1.7007565281175148,1.613790527672358,2.253306481000649
5.107215090640805,5.167940577351874,6.053460412089489,6.953841212352056,5.957434071428461,3.8588484046241565,5.331635777092961,5.443467827148359,5.417749611668151,5.1211046115457455,7.485786693733336,7.649082089691949,7.61904292097587,2.6160159100146814,1.8983263743866248,1.4293555841063166,2.097890907525915,1.9453040243612734,1.7348742935291086,1.6719968629638684,2.052784958896078,3.1884035436745664
4.943625989925178,5.656070968806828,5.956264625086351,6.612117049189657,7.109519602402464,4.425958766092043,3.6783339242879283,4.083136621296751,5.4528524716389954,6.515472493920125,9.002812233895204,7.245073050673171,3.7490389393625634,3.7020000392814025,3.488422337397573,1.5599624376749444,2.082613427608414,4.530054632298102,5.580239030399255,5.966113156811233,6.261416737614622,5.211818403804665
4.195201610238891,5.003270988103719,5.525453616814408,7.2449895532906945,6.111661437392258,4.324107703293223,4.397323495318824,3.912026217312009,5.020322613195025,6.507772599567865,8.189746593294235,5.621741328439377,4.591736343805714,3.505450394150439,4.395406004894617,3.135995595814692,1.333074491034123,5.767671043755338,7.1291365771292545,7.122170924816747,8.216158907837736,7.439755203417388
3.6158109999076204,4.610273696286628,5.236416894860289,5.365491555161918,6.792760680111143,2.9195997773667366,3.543129530872182,4.490068996771778,3.47623292243819,5.869527177460104,9.034912884608346,4.929276271758484,4.170484392145326,6.859377620329181,4.449405947441498,3.8554960238780276,2.3052563027605575,3.6820109545689403,6.836411487709204,7.943498711249383,8.50735838851658,8.462110363142004
3.2117197475181722,4.1344161781161635,4.853521301372773,5.1731192306655664,5.70973749860477,6.341044298762953,3.6825561226104826,3.9651482519811996,4.633309178331007,4.613228996589676,8.248485818629591,4.352450443269441,4.349733147429188,5.968690553671026,8.38064153188332,7.3675064291542895,6.585941895414838,5.234417271739832,7.563725927589121,8.278109805823968,9.354297771213485,9.716327548289271
1.790112732376165,2.866100079148919,2.7837120436615885,3.758143372428697,5.063770861555339,5.78755180397461,3.3303972449238044,3.3500734405465997,6.816257866661103,6.464589115729671,8.255217536259151,7.557411973884972,4.7852000145125055,4.6297768128808094,8.055365272490636,8.733811623254192,7.991549783599699,7.1937650452353346,3.0001025178763596,8.133004066125238,9.119725553090419,10.120702917380443
2.2115058139631802,2.081392780767924,2.7762286568716954,1.9929614517655014,3.5537656234750505,4.234924397861451,2.834086031622398,3.5186739850442503,6.2210086640307125,10.567691910381775,8.810020464612885,4.912524797066665,5.364152750581392,7.850845114220009,7.739554917743078,8.418090231437796,8.012618882943178,7.420020445390038,7.359698275654022,7.978499079484101,9.302449780797986,9.453589800128855
2.0534756012256485,2.32352505686969,2.272786382669192,2.152472761985297,2.824968967389802,3.903993240972077,2.8805417212116646,2.6915255533294142,5.967047819532883,10.058345842047132,9.212523542983211,9.687034422101656,9.246126325640118,9.652069680055385,9.182129104253809,6.774336539442507,8.276642996888935,7.846542659458488,8.463841649673324,8.464923687099795,9.350952726246382,6.720047890511001
1.7922813988959732,2.2087563170980586,1.1622357343710816,2.2813294279770844,3.0462777479002465,3.3885399279467743,2.3939846555264195,2.7939529805884087,3.5009370229363905,3.62692640889112,4.149143782634805,8.58146987169674,9.537571034783765,5.95514064327739,3.8108259025809983,6.193139821802355,10.168556298799498,10.889181688502031,11.246613576399858,11.318395926904696,9.433769874557372,5.41300600283334
1.7151298998879931,1.4246010037242465,1.4384064481956365,1.6096048302827173,1.2983961014773762,3.3859135392762405,2.307915734720632,2.471267324124199,1.9720671822737856,2.594367237505235,5.145711631754688,4.765687330832125,3.6986404886788087,4.0597152733913875,4.20922737461958,4.216360330342433,6.2470077097642305,9.944925572790842,3.412217405992379,4.809882154000056,4.519130469445515,3.727367189536135
2.328850289753589,3.083084413038808,3.9983870450222683,3.3902413636844995,4.626598717679005,7.002680787659481,2.342189791251908,2.766773997885362,2.8676046846622523,3.8618973598139488,3.8323317399736063,4.552893589931753,4.254247788472779,3.9278580937464254,4.363225573035191,3.0959311673060426,4.363096363147299,9.420715591153018,3.9418231701007587,2.8952745895807985,4.958497309290505,3.704673080573434
2.117521448418405,1.8975663468239388,3.0378417647528937,1.7557529001959966,2.409262163448616,3.0575786606636677,1.9304973121996263,1.9516685490608252,3.778902860888748,3.421574251718809,2.940256698423838,2.9870214572575144,3.6640191860449023,3.1432953199716653,3.8465100419905403,3.7943865836268174,3.141016142641143,2.3377076692552436,3.5772454980076684,3.2588852852318113,3.7280888457081054,3.720206604965874
0.2554906574431749,1.1904355391721717,0.6601150687618836,0.8025871276323713,1.3920884857549634,0.3325302942783293,0.8342202547046905,1.4570860247530428,2.383324722779491,2.274909045121768,1.9066567635193643,1.797991599445874,3.2045061625374807,2.1351024704232566,3.0720675825507167,2.624593207555383,4.591778461522076,2.5086687336243623,3.988072558592716,2.494843546429086,3.0086340499391317,5.003105400585894
