script/wind10m.json
{"header": {"parameterCategory": 2, "parameterNumber": 2, "lo1": 3.000054539987559, "la1": 64.9999836372058, "dx": 0.5, "dy": 0.25, "nx": 34, "ny": 52, "refTime": "2025-08-06T18:00:00.000Z"}, "data":
[rows 0 to 24 of 52, columns 0 to 33 of 34]
15.007493035868892,13.77243440129996,14.757692035839149,14.712166158969856,14.817141433571448,14.791082502104764,14.725212940966093,14.661973503987213,14.584575504991633,14.531136914821255,14.960765857261768,14.800072391635082,14.687590808988384,14.981285735056792,14.434794150909374,15.592551200500742,10.835660250998002,9.618660310296542,3.3400391407801218,1.0505583131294836,2.8363878892544605,3.649098484802611,4.523512189022638,6.218179946157456,6.372870659018141,3.727649159059896,2.15950724886143,2.599581458730037,3.265824521842253,2.7087949520183745,1.8574269403967725,1.5135383128587496,2.2739116669651125,1.8457042363872738
14.136931160374155,14.869078390340096,15.400108615459342,14.537281513072685,15.552347223653758,15.15664030267791,15.20636851490007,15.143002151812372,15.369475239950315,15.426593690299597,15.739521154652172,15.756397002259268,15.683599872713,15.865654486643463,15.670793111354683,15.35149830815185,14.826990561689948,10.300719194608233,5.2029566350067515,8.214453909184202,3.2795398629537234,5.277815710988336,2.084661803780683,7.423880317426839,3.306464970560335,3.0500945349265525,3.246018574239786,4.097572944335412,3.1946229024080903,3.2548983853068365,2.428733424003461,2.3372371156081964,1.515423676647117,2.1383756529213582
16.091172543859315,14.854655537372077,13.717035445737242,14.492159632917254,15.219695850906387,15.866730301864933,16.329751373390113,16.391992932817743,16.484661171277804,16.521024326828314,16.062304558558896,15.8413520542933,16.30448423241906,15.452852245828055,15.675979624104516,16.68743408736305,9.248847905869543,4.855966950495939,4.211620195499372,2.3926109931954267,6.940638440011716,3.9090473217330066,5.605289090603947,5.368687890862277,3.5401518064060333,2.4403732468545414,2.318564401110788,2.999001352330499,2.537949928765764,2.8702228881616847,3.210319905435858,2.6138137440008755,2.0273390174860757,1.9891005643173154
13.18447759606703,14.74744085191935,15.389848717231802,15.077137143995392,15.20862580020924,15.8971890710873,16.040196923103686,15.956569257056508,15.682730073799416,15.9602112161198,16.043324631608584,15.933638513647132,16.16589508515732,15.870160630483975,15.432816992175237,10.363088134168594,7.766717007206275,4.174403393338458,6.371808614138281,3.087174007379036,6.24682885816095,7.182498556916521,6.753189551885651,4.183894713649649,2.849567965092817,2.1990752014717203,2.937683351194419,2.319213747471149,2.4510139021591835,2.794741854119408,2.8341920630578543,2.6582545410227993,2.5883945589360158,2.115707004510315
13.136737129416858,13.077651519985052,12.230679356086622,12.396824899732655,13.396535044784686,14.56911369873865,15.18746118212501,14.776789436894836,14.327262192783595,14.538026470951685,16.047242139371537,16.836161018152826,16.374871387017155,14.946464675985048,8.915529674900068,7.533710644425666,8.225543923914692,5.411474789561725,7.233128476723651,11.753818497280555,9.235140693808704,11.227604197979623,2.5760965963795512,4.457870723314537,2.2411893724531082,2.613988660083785,2.663019678112459,2.4509627875375415,3.0581222349710706,3.158301603692259,2.7840272208513968,3.2187232521726137,2.4054948947360453,1.990626162650534
12.398118191014852,12.342348488431647,12.526521379338758,12.886186223016631,13.560058191624291,14.050011155327878,14.393771130962127,14.625693006169564,14.257984846562076,14.421936939094385,13.354944355334732,13.827350813355961,12.677178984228542,13.76023376042811,6.0877995824381985,5.84839344955066,5.205249575007407,4.218439374069835,7.838487687515392,6.476687290697476,3.0854309626441667,7.05811333383713,6.244091086326385,3.8682563710228965,2.378713548867987,2.7729918326625684,3.2206811649500184,2.952399876107715,2.4599646640559003,3.142082690942582,3.2127299352700125,2.422473579292073,2.692457852865411,1.33580883193017
11.785088554145524,11.589685944146217,12.014274417537163,12.401136269154996,12.829380026083136,13.334245162054295,13.529386525543908,13.726338860322784,13.802229535326333,13.9680950510441,13.134450048101257,9.386510515803902,13.143398209011055,6.463413988618223,3.885284123138304,10.125626584250366,1.77212173389756,2.9298458979749817,7.835540605706496,6.436543696419385,6.040296463928502,4.376813951578958,4.085962616774019,3.0820809818608286,4.26548675242931,2.5400669418768453,3.2527368919810744,2.268139750140586,2.5241315362197745,3.2508526227327295,3.295531204186883,2.6133805770480407,1.7176448560117445,5.635566046067148
10.632286669341251,11.102340132265422,11.429877464532185,11.647689619211175,11.875710325118524,12.027009325695138,13.158755186606783,13.296067243723815,13.53009689929853,13.477144920921209,14.287541257346883,2.8825753714958373,3.5504061163247194,11.424489438000501,2.483562173032681,4.173231558986805,2.606196402314696,5.021537743706552,6.937553001980603,6.48744686512972,4.96347970540221,4.237575022081888,4.048894030538625,5.182581148548894,2.489508405157339,2.765390181723732,2.1713515152510694,3.4732854834530253,2.2063426593853976,2.2652423613443675,3.548278247352167,3.3469073749409386,3.186962738465101,9.46733287360761
9.45711594354519,10.482658661383343,11.09830817543038,12.535258172608055,13.310738028694528,13.239025027865623,11.832173224689239,12.504154113300807,13.613108693982284,3.919420472160024,3.3205572556040046,3.1694180081046452,5.700512954075132,8.340617057251075,6.272842586293538,2.816697559452944,4.575857313524182,6.625680671119525,3.208326850330518,5.262747147079777,10.591313422788305,6.571934286596829,2.3804602665960792,1.2725551140651823,2.331083329349261,2.7017175492863466,1.9223015129552767,2.2273761015251696,2.286268151750664,3.140079259303676,3.4626133838391873,4.564304720145457,7.64002928037558,8.463594898959563
12.680108385715148,11.98121778264505,12.018448311560956,12.331643785364777,13.130686956157739,13.081312089071158,14.184378202853686,12.309613012030326,4.839931356631605,2.6414099037146523,3.4666487258722354,1.0729904697618053,7.798673483215236,7.712460451177203,2.3705374189771358,6.300479015584111,6.185164046255533,5.078875137720488,3.428843961693687,3.9840614131385954,7.803722016207548,5.0751648718959155,5.345675547275224,3.2871532315455005,2.538716347906088,3.4015220244619675,3.026570706982104,2.811650865431793,2.356930468524063,2.578681145998548,4.186727890847392,8.90272242932915,7.4345952233214065,8.450470139234664
12.925042333918569,12.634468987562942,11.978558700363415,12.451947232759201,12.639070810829205,13.06501392703338,12.06325327462874,6.811474279902386,7.434869953453052,-1.1421257493817636,9.097289491845446,2.796066352369936,3.436063478606204,10.833997479588552,5.782952533897541,3.3854605918225515,2.8120920687042505,3.000414303624725,5.554161751655956,2.7061623699950643,4.8821305418134875,4.002499903645023,5.364021064646498,2.8565766625283633,2.524882294434675,2.3062806999754204,1.713976517808004,1.8532020396394593,2.6163608638378073,4.917063431545922,6.642713726219351,9.033889217313721,9.286917219682842,7.881703306298797
12.316099916048142,12.289836702191003,12.050860534231642,11.772272426810494,11.890333335828316,6.20092727142259,3.618734612065753,-0.3380105822370217,-1.6201992719805258,6.850829608744363,5.242564426313766,9.201325933089848,5.664399441321594,8.691086275863162,8.250284317041672,2.212954508848926,3.2605656408966093,7.909775017629076,5.1450733227228636,5.571693053872239,4.788232659179002,4.706492482648937,1.3951667942293564,2.5082870627250835,2.198346244201028,2.1656338709138554,2.2097821259761568,1.8136986862085767,2.3045001899627375,3.2276385051524294,9.937607793355552,10.078263857641486,10.425454887175503,8.183494265844178
11.873082403932367,11.820476833974977,11.252068914659716,11.392553318322042,7.598819236524167,3.584970655190333,1.5681350049574807,4.337511614760229,4.235363138656219,8.261958226487646,10.951152485131287,9.663910981582362,7.518199024199491,8.702390108027354,1.9450934612927184,5.951978961490261,4.364206769476453,4.056453296110502,3.8165718374191178,3.1977974020526436,3.010928601412941,3.5553375651539,4.436396781250602,2.299791545829216,2.3621222266775845,1.6150520408990676,2.392605355079019,1.4051490453104274,1.2776087724508816,5.365066206145854,10.160112233146299,10.011849509058383,9.543312353869224,7.18724877508502
10.81084135611365,11.337057474051237,10.684623186925144,9.956695995288786,7.8936173634309705,8.687618505524549,9.89354124875653,0.4020892153075552,4.697693539028063,10.03583648443911,10.560919401989642,11.146232991543584,5.780759518947723,-0.1327938252044369,6.446445501026698,1.9719237048864242,2.3907064572371066,3.436933572268354,4.643285024658329,2.7222930197671285,3.1015275455840348,2.9550018763806563,2.490137390587404,2.072168165004515,2.9669185516769607,1.888268119072943,2.413824743063388,2.0061928975704784,2.138095027117002,6.392069264588567,8.953540737283522,11.121443732017454,10.093380725227503,9.968796509856377
9.667657633125433,10.125725016362127,9.450227689786635,9.471551581406437,7.325828280477851,4.050203252828795,3.0446363274621246,8.813880582097488,6.015781495806613,6.371913023608155,3.688490080320496,9.362260800043499,11.027799356974967,4.614854369180459,4.250094323194683,3.0177444520209242,-0.2834013141682685,1.4665851102181615,2.583087458419125,1.5952052463469388,3.0447142278028156,2.8702065475982215,2.977741525947225,3.2230434802252286,1.9762701823931543,1.4988042644089288,1.4964149260734996,2.2329181987989437,2.4911525248064765,8.773316892103814,9.970391633854321,9.335954817807977,9.20498105811205,8.957695931895469
9.121217303234646,9.800563391525655,9.324852863510499,9.230403064094808,4.430862425611486,2.9971819577260774,6.024923044628128,-0.09372066784164003,0.9941983307395091,6.371845050309388,7.988385817324706,12.783431955984218,5.17749378256157,5.656587946895569,2.876612379275244,2.936651367542429,3.7010825992316394,0.6954046459070333,2.978337932236754,2.5256801060828797,4.520295345259491,3.401048424385154,2.185197595762791,2.0847558663669603,1.5543879738769453,1.6476609284615682,2.797530679341601,1.5175194475789315,2.2651451245659096,8.472284221146488,9.805558394109697,9.074907930130648,11.271109058178709,9.96279128249247
9.860259035446777,9.64212613734315,9.804260938883802,8.262520059871395,2.7708480118388605,4.074989918859287,9.999548440335232,5.989935614606361,-0.09205913566796799,5.55937645860906,9.407329271570331,12.45712090693116,2.750403222577604,1.4701704434935257,1.9889964554154589,2.2230762078290236,1.5070052691122324,-0.12099414037475645,3.922861332857799,3.378594833425817,3.416367828870391,4.113192988558963,2.732411764792636,2.493690876491147,1.5337855549245294,1.2325163296329005,2.826765987699264,1.1193544433422031,2.053075308015824,8.534900568545938,10.40798907492507,10.537719889641918,11.111063264445528,11.060182839653692
10.437831989736193,8.513650956514237,9.291606967697602,8.099558138494903,3.848682025425744,2.2209172261175834,5.976586932054776,2.7334237689699843,11.892592385857167,11.97793855703189,7.379716644841541,7.770790988129229,2.9590726132505094,3.7094496468317053,2.588673590183089,1.3843877672477543,2.436658788182111,-0.6533191073521661,1.5017782141013019,2.823815531610679,3.443876893653696,3.1066135157311052,2.9092091007961347,3.0864840023134774,1.426815753403937,1.0448795940337228,1.9009266014740724,1.4203566914820684,1.1926679573653347,7.337758487267742,8.738389751805553,10.86199596805434,11.441364946072804,11.54607890481323
10.98098151765874,10.006674484116358,9.602834624986066,7.532829686618146,4.199110258512495,2.1731550777076416,8.797382479905325,4.414941471899541,5.526419044571611,12.844300354096589,6.610252459008526,5.355963422885928,4.075312753403614,2.854229592169372,2.2993129999698447,2.024974297463127,0.7170372505117962,0.38979812379518536,1.236131496518279,1.4436681489497558,2.201483346851796,3.707645689039882,2.3145525811380523,1.6664811523837508,0.9902098075358685,0.8285397314408636,1.0755367083482656,0.8895220408563987,1.2400685397780469,1.5174853721958559,3.410306563858598,8.379330592620967,9.234809779996505,10.406548086511993
10.79333309559721,10.184825589951032,9.829656342136685,9.202968582560352,4.725690574970934,3.220272140721828,0.81502562652581,11.680375639554983,11.223936086728402,10.644978459807264,7.763965346835764,8.967807979304895,3.443424946744592,5.721577157760524,2.0099134657824997,3.532544416659635,1.7283760714709335,1.5012133595992847,0.23387976935803553,0.9640242806346168,1.4606640385052299,1.7367616334538243,2.251763486839279,2.1970459217448113,2.3326388934712674,1.6289843980326595,1.2644027512182103,0.8222550620263546,1.3560028348046302,1.573490101880873,1.725123386668077,3.1740849747135687,8.679481737232877,5.089354753346164
11.030079124709301,10.483983214100459,9.761684031066405,9.714607683777578,7.609243850866869,3.048094466759605,1.9972482373671963,4.683286274145339,8.934025855474127,8.438401744688614,7.4807559522548015,7.98661439181596,4.004036372819294,2.452879489344689,3.1859071093906643,2.8650286884488847,3.0419756700645157,2.1587358470282383,1.592489230116753,0.5965634327573343,1.1041629884978315,1.7760218861613746,2.1854877229329492,2.434919089577083,2.134150650314084,2.5656006948238455,1.5447978715589743,1.4442848600507237,1.0273883326322624,1.5451367431756622,1.85938026887093,2.5223703437361453,7.751673649593349,9.09477733772783
10.939573578527792,10.88275101966617,10.667713055726015,9.93239644397492,8.676192818145957,6.129848197329815,4.956772252424361,5.123421868139887,9.325699997345852,4.832149070291449,6.790948241389899,6.011304648843717,2.246347225446603,2.733311283503309,4.2913881296763385,3.8160392492433983,2.790818496628636,3.210637522673735,1.6944064613032934,1.019630779328322,1.855167654272641,1.4391980740673849,1.8044783595133564,2.4986076873497223,2.6824778380015086,1.9807792148176808,1.803170988922259,2.491863664829897,3.7806861156035962,3.115373747598473,1.9771172496009424,2.539791061243692,3.44853949374331,8.977941709833722
10.5277171372561,11.252787154408479,11.019298840432189,10.579154564890285,9.303575397263076,3.043764949768594,2.8381115705758853,4.6562054286803205,12.055829826410584,10.173487251555713,3.2383176737584707,4.662399716506208,4.092645239353519,3.437660749453561,3.8253243426148917,7.43833139475012,2.7319698468815883,3.1201260524210586,2.9425344222392322,3.2656832349485625,2.176618267480542,2.3415669521931735,1.9718174592126139,1.2681938588195187,2.820731663726643,2.7938552200746356,3.8880867375693398,5.522460428291426,3.8931899559015695,3.1789763587836393,2.4905727895588594,3.1976963896934616,7.954224430399472,8.521019166510284
9.699854903724916,11.119178617100618,10.935507174121303,10.866821655489238,10.058732665329883,6.091141544216452,2.9620985150595174,9.803197263358651,11.86429089569626,2.7542997832415246,2.3441331431472823,3.018532628890135,3.008253903090336,3.4174584231068437,2.785929786942028,6.276314402671803,4.520336253618376,2.5115125113656567,3.1217852687479137,3.3673973603585963,3.1429376490857384,5.624977662856087,5.0851361356691775,2.1385500271844853,4.919964148200257,4.0502328070597065,8.3141047533498,3.4010260263944425,2.073094336167487,2.238880128626348,3.6350833965135494,2.216187099451811,7.160392225804883,7.421635521780353
10.569007967803238,9.943606969241918,10.6523190132327,10.94965745322028,10.227689052063683,9.355502287076613,5.273600854616108,7.665532375095842,10.25129096736543,6.172511904461349,4.669595097086643,2.324635599159757,2.7749174090345092,3.2691976098496913,5.275726312648093,11.954163273183605,11.569139499170207,4.135175430717486,3.8164871629104713,3.8059122030552355,8.686561882126682,8.076582957185508,4.663750140916763,3.6857772000729447,3.562735149576891,3.1710671996542428,4.351691931892514,3.650246306805779,2.592534199036723,3.4319767763247384,3.4796723257120927,3.628800580543163,6.574782385756786,7.159409203226548
