script/wind450m.json
{"header": {"parameterCategory": 2, "parameterNumber": 2, "lo1": 3.000054539987559, "la1": 64.9999836372058, "dx": 0.5, "dy": 0.25, "nx": 34, "ny": 52, "refTime": "2025-12-30T06:00:00.000Z"}, "data":
[rows 0 to 24 of 52, columns 0 to 33 of 34]
8.896882973090788,8.023580995992159,7.655492284490957,7.278352626619784,6.311415020293509,7.01306881101154,6.264859084310709,6.588763635025597,6.613131845931916,5.292662693752039,5.148905636086407,5.578351426233706,3.5821708296530956,3.828855060902308,4.230750240972312,5.374878637871266,3.287348469395244,4.296115760686709,-0.8561281111628066,0.15750342088368774,2.1053710487458845,1.5543734346961489,2.1777042833271674,-0.28671937779604173,1.5798932171164766,2.5045808362525563,3.2636563047129776,3.451275861311729,3.953415350789389,3.0672172900955452,2.1272692989131423,1.5299956299447706,-0.8243573988229048,0.19081787417188245
8.416748953955555,8.216150476036875,7.647871478725326,7.188418657024123,6.9954257598827505,6.231060104871651,6.7773184897829255,6.5512835168985895,5.752633974394902,4.314821027584665,4.655489110846404,5.154522138424566,3.0023214127440667,4.743288414093448,4.487670229867045,4.84396042474153,4.586739667512455,5.768860565981817,3.1558320596409177,2.1329375717911776,1.5155773385687727,1.2624710236322785,2.015721806995516,2.5783096787913697,1.9200395894877702,1.5774145948432416,3.7248512219564653,3.3958690396453264,2.4292320489920796,0.5647990161565464,2.036183499400623,2.045425231805553,0.5546185776545692,-2.4483118618641857
8.058718039940892,7.6450612070820485,7.3642743236093935,6.731895250938838,6.920644367713339,6.446776227826371,6.619768968030193,6.299372983058613,6.69458772766725,5.404735433456824,3.492691579764933,2.7237961972086806,3.961053477259795,3.7673292920302037,4.7484571572909715,3.918939287154612,5.631569291822514,5.565528336271506,2.834202331106411,1.634467032531896,2.1442623921423283,1.0554382637918227,4.877427494872165,1.258915758821939,2.0070436599107793,2.739548202340284,2.7719744906168233,3.1359719397931776,2.4160739125335717,-1.2704649341804324,0.7157278730053556,1.378840067364574,-0.20309839748843808,-1.648922766696099
7.930774558914407,7.549574531479062,7.3344820280475735,6.544497827381567,6.5175687168880305,7.311028646488467,5.384599478119919,5.415358923626183,5.527452682079153,4.786068363264527,4.296897928012513,3.533122525436615,3.109577403832131,3.0760581801579856,3.8376701450886896,4.468310381073996,4.726443930577018,3.8207640725856913,2.996643573796937,3.6723757693113668,2.5918407682757443,3.045444366515488,3.2627319579203924,2.841055062642505,3.347724939850754,2.408115312062241,1.5112631703771486,2.2935761626862563,1.7487066094363988,-0.5247004699567114,0.27961595108804205,-1.2748797333005135,-1.0870751589814043,-0.011236745823126101
8.084680620507548,7.430245300912082,6.774017239940426,6.748158851846542,6.5541434121180115,6.1849261006170515,5.276091836623113,5.0702010417521794,5.593600262413107,4.48998415054865,3.1415474163946295,4.391160508522998,3.48465894267507,3.17517117302797,3.1919040123056464,3.3860565847911492,5.812433179456835,3.411356590628465,5.662724251964108,4.545468893032805,1.591023660588899,3.0878845134030617,3.632344240057291,2.235618951803656,2.8295218571536633,1.076217577050687,1.3616418340080425,1.9752185199269365,-0.021218807421309584,1.3444724776361097,-0.0261922191422346,-0.368610552407595,0.1644201856372773,0.28952797581600137
8.576146202273334,6.900082202518931,6.39715360294277,6.594211094197074,6.393380186196026,6.263824996762991,4.772100319149092,4.903824971475319,4.324749365414968,3.9290745066267214,2.2927755406606454,3.3616053856604964,1.9757627145467584,3.717271770203111,4.921040436264276,4.665209769282766,4.227567112376809,3.6926458141901164,7.068748456644792,4.4873247645204675,3.27428871919042,4.138759710627169,1.7182779425791226,2.633000082031627,0.4729761280298318,1.2859616254879074,2.016947737749105,1.6287582549254518,1.0356465231944056,-0.898210955762466,-1.6748766458786357,1.2692400308696667,0.37217891286361743,1.333202439112916
8.186972041438297,7.825210720774922,6.570501089500155,6.356090435629484,6.194920744562059,5.950483712412857,4.170940328319062,3.9325037375693386,3.4813991419764077,4.57450351769932,1.93510208361725,5.395780871513097,2.8655388108666915,4.04798648971786,6.779707934819189,3.1558224739212397,4.81141504697016,5.06802287426962,5.981151121701763,6.0184663812784285,3.794455232120873,4.8975147354389525,3.867532046285069,4.154057757514431,0.41298606330244236,3.084452539173783,2.8751581669364303,3.7173615610202133,1.5113515688785701,0.6666211406192696,0.12760206493569365,0.13499349612382167,0.9145437649375069,0.9297345338354334
7.9158232853721575,8.032390783183054,6.919362933846488,6.426422307962708,6.090516142336157,5.878472457961705,4.642956627015285,3.676646874404625,3.575409334072177,4.917731995036086,1.6059271888655398,4.421873151180188,4.221128054363351,5.794656955607231,3.5400770156857337,3.343505245077449,3.974041731628938,3.8731438941399015,6.189718368768776,6.669914297958423,4.424969213792378,4.554927773209492,6.605312959656975,5.39349376478631,4.741991031957838,2.815997678064558,2.276062366280763,1.128063557614075,2.238922334083178,1.5047967539516822,0.5019781560663518,1.2706526898374502,1.2328793684147674,-0.24997832144385235
7.5641378450399515,7.1531587060449615,5.949887406422071,5.664919840878085,5.6902870186206735,5.999683756151816,4.970676996233054,3.2950523619527363,3.7360427060729835,3.641630164142757,3.7747949894923494,5.529236374844052,3.950279613985365,7.231172697648462,5.982761712858489,5.646929903144558,5.974818327860963,4.898925308992376,5.33653103431512,5.657072308086409,4.246304685196344,3.0823127499836955,5.5092542179092385,6.616450606726464,4.972686158361663,2.7827307427711534,3.8577247059335287,3.486216755198945,3.6412624579961506,3.0726395067721155,0.613782534932762,0.23688324303306674,0.8778709442575017,-0.5375149793940464
6.7903012421274775,5.970992678143872,5.993095782625252,4.648552141552274,5.158481612695534,5.519953490121101,3.0880987996338614,2.503944043919099,4.4478487674478115,1.8197788709286715,3.5175723858646566,4.293877721508795,3.552178683290627,8.296411847325034,6.278475053394365,7.4625316774659165,6.82405980788151,4.923094238979609,6.190700916937799,3.789621863280448,4.345465455085067,4.231844599709294,3.463893131304343,4.407796690217621,4.4203580452672675,3.1321724032077327,3.5363458148303493,2.3386036759141744,3.280619430296927,2.259095755455978,2.921364626971747,0.8932117528534365,-0.09628168260542895,-1.1698481155784026
6.19245212199499,6.946029300465566,5.2360653164331,4.103614525825804,4.683510467331911,5.3511943175506165,3.832461395468,3.5740472416041715,5.444946425848386,4.893798037716157,6.311664531620556,4.646069969999469,3.0554151214345544,4.735524253763648,9.733271057209043,6.073911341517106,6.523490248517862,6.991649582104298,5.622178129602237,4.151406690785838,4.082993476818034,2.5146231820788327,2.05679223091037,2.6507878891155094,2.747468231850737,3.621283740856519,5.058390595569279,4.025522653337558,3.6478370830544713,2.149932160319406,0.6273944950469893,0.4010670267698494,-0.537747228466465,-1.6902017113898227
5.771900245011336,6.3382706853886175,5.184423653332577,3.8259898924759,3.006579157480497,2.893163000639282,-0.2679748896711862,3.097907133476885,4.382826994428279,5.122803667008157,6.917349489688107,3.045216735901254,2.0480328037938236,7.256470207454169,7.862370144119788,7.280683403439832,7.555515135411275,7.368253561010629,6.702367826455462,4.667906399264494,0.42288444935220687,1.7115869843608331,2.9203127809199096,1.4629767991816784,2.931388858126181,4.0277133041088655,4.31939573665247,5.070172536845438,4.885923865074899,4.072046106502008,1.402105045758688,-0.21289161409852478,-1.227671038218281,-2.330129659956742
5.366073053098018,5.660392422839033,5.361590764425728,3.8278445150909386,2.0259525133136096,0.8833066164170994,3.114093922446145,2.305758550690146,4.871118064400228,6.138799572280701,8.319688247472888,3.3865399252466943,5.495818393426148,6.809580397760727,5.297432987243741,8.687240861325275,6.793734452799919,7.501496376344263,5.168931620601252,2.719007309383768,-0.48542690566086144,2.3794501775993617,1.9092836368940473,2.067928663295386,3.0381725119205125,4.577570119243237,3.600814655067318,2.053423801707454,3.660813849061872,3.939751523589575,1.2007852129024321,-0.26893716355796216,-1.6010121708108163,-2.5310313861715175
5.49730186813889,5.524359669241553,4.1050975547953525,3.0355896095471264,0.626365836667007,2.9121115709891203,2.1369503563874295,1.1991762524165677,4.244745734284035,3.7023468982240253,5.250443095194477,5.109687278090661,7.766489472311183,9.979502458739864,4.833856469369193,5.775974775319157,5.617493431932639,6.861918469319409,3.865446346565537,3.002912412096263,1.3835331572581924,1.081413871401547,1.9087583464982396,1.1428475299972707,3.4440075704667685,4.24767766178907,3.881289025050369,3.3587117633558465,4.0756920937673184,3.39139185906594,1.1596852751751445,-0.40267637077515445,-1.3180902337472573,-2.5587234195391737
5.128359310889581,4.799009732298234,4.469698712396646,2.937832282225675,1.184132302141338,1.4714982793394886,3.3267385540430188,3.620292453013834,-0.16795297406850823,3.156583598321277,2.900960942668453,7.6972377241834495,7.211813411938895,4.813108341775358,5.021165355739543,4.4124316702555895,4.73478499154673,6.214932566229758,3.0572704900332357,1.266016670131202,1.958423732574811,3.081141766271925,0.8837292102186878,2.0228445701049256,3.7139007056299214,3.443546494699132,2.346800241562436,3.9289277975643073,4.282818890579512,3.130462256302055,1.350503041651795,-0.2724938370963625,-1.3871442322097571,-2.350691346609884
4.237629642515733,4.734545858861868,4.193020379396685,3.7182104752526697,1.3728755198690334,1.9138094708816162,2.765523024362482,2.2767615107664487,4.9374991606236325,3.825886661664092,7.4760454413332775,8.619379503866758,3.6497818081639695,4.312227426087558,6.510387960900135,2.2899697334540297,2.681752807871777,2.701200415359817,2.1122366039465015,1.3297683854144955,0.827522766530021,3.700135486047965,2.234680268976527,1.8268667466687412,2.2718150206276073,2.1592411765765904,3.2713186110748764,4.995011865949401,3.9230770215908604,3.2575602225995413,0.8465276214878826,-0.1838691222866628,-0.978522704322571,-2.086949396297925
3.655840486100754,3.6649041785860508,3.951344255409416,4.216253407289513,-0.0213286058554813,-0.3837965849562264,2.6934866681914884,0.250801097788091,2.378806289170584,3.8365399133404066,6.579431323993,4.738064750030339,5.3767243027012155,5.915587807572622,6.10413340401045,6.4283008703338185,1.0374428912380578,1.7244116693568061,0.6932881023139826,1.0323757728984195,2.0793407010548632,4.2367110529128915,2.8789514346850575,3.2622405859070804,1.35534645264505,1.5677397013008878,3.8175830921818474,4.299816796600914,3.8945732879477313,3.170104809033445,1.0708965492491607,0.2909630189314676,-0.999078638269038,-2.4077421505635246
3.836798326487099,3.9887224540148667,3.5491685021655934,3.557972161910819,1.1008176554980713,0.7702881176993847,1.7072199185472625,2.8313956288518414,1.408093368797216,5.312120125786348,7.151831196329438,5.527832243349932,3.852888213485011,4.676472655073883,6.042006300933171,5.133461120194332,4.011565102332302,1.5306745353871487,1.0474818416032026,1.6848012826771066,2.9370228477232185,4.143561114953334,4.7058988441003855,2.9805154352132366,2.8248644471502153,2.288241075715896,2.55205647989359,3.6402063488164114,3.873604832909843,2.970477469239215,1.7047979711685537,0.15768328800522624,-0.4921978849770066,-2.8133553960887046
3.9514722343225164,3.2886351094554978,3.6916401456116246,-0.7379199693648939,-0.9498457912256396,1.9379352708193296,1.0882309949554216,2.262149855444575,3.2696533392245573,4.1696390040180065,3.9834090382868195,5.781908705718653,5.751136333211213,2.84285253351187,6.578489967056725,4.853334102786399,4.927042206026432,3.570058258066418,3.552659538859289,3.58059267584149,3.691873716420466,3.4917252194735617,4.759231980093393,4.020149005662026,2.3174131162892597,3.1681970859312156,2.673806443581175,2.986658435700227,3.2305516732871205,3.257023491202968,2.57289280938447,0.5351822199002967,0.15297172543462367,-2.7929021154939795
3.563623840841152,3.9410308429103775,3.281879563359124,-0.2639656222370959,-1.0513966919359485,1.9433524284756796,1.9008000709846127,4.476349719272761,3.1699371761939914,4.496607859475097,5.891649888084611,4.970308102814795,5.810700894761067,1.7495572640318307,3.3864993973091178,3.694505647291752,3.9855925964694965,4.330438868084576,2.8790403374276448,4.299330235819952,3.893206088548176,4.2836728484137705,3.5344350688798776,3.6786300170599846,3.260373787465121,3.4153242987260763,3.951509959171021,3.3586358995988332,2.902138610807499,3.002960534258813,2.669861253416523,1.852352261151967,1.224021650580316,-0.8138192182862629
3.668268757222165,3.5309649873134643,3.159892789391908,1.5893411667706117,-0.36335885242877636,2.0920765218772726,-0.23023550324777145,0.897321932233725,0.20531228806403065,5.630817796102006,5.36596488048075,5.499018741985349,2.592536224336537,4.109547585934234,4.600130571373701,3.806712036569592,4.033208865676602,5.291387723766915,4.613756919270663,4.579732331043583,4.715807917816901,4.973759199127007,3.818536535844639,3.4812342590282555,3.5921527897431282,3.7100324395616937,3.5915871660314553,3.860128319066816,2.8166938008512217,3.1846295722568296,2.871008813915435,2.9210076554388302,0.3121435407123356,0.9785898981824604
3.163519674529355,3.9078292156509327,3.3603609139841666,0.5072991180539888,0.8219613057810992,1.9847079659569598,0.9694182019890342,0.3795221556831511,3.4915545740724334,5.241727231407693,1.5207289823134174,2.0625089271000996,3.7787892379809174,3.404920826259883,5.160873663128682,3.8364900957322767,4.480545073370397,4.66321746793822,4.682307388346752,5.257724376054041,4.275716513899635,4.121392449781853,3.6483843044056083,3.9836991943128495,4.403495721415031,3.3453419048223068,3.9661471259584555,3.427272233177296,3.254226238423608,2.792582118758303,3.248718897075592,3.103364810536681,0.8653190136631242,2.1830946791974197
3.3300772024865193,2.913630043171659,3.4001829097116354,0.5948281294276591,1.3078833023587717,1.377607330360971,1.620161571096801,0.8328294835731391,4.051998539580404,2.7976722290551765,5.146846565735102,0.9676384816993872,2.471273697719581,2.1864360943987466,3.3110883540399643,4.168645068179689,3.908250877740231,4.027450719068607,4.311905812795462,5.239436025495343,6.28876621715505,4.497768482122124,4.552811613569201,3.555487802482464,4.101765477235347,3.4905316845155188,4.118080848196889,4.422483154682764,4.210412631757798,3.514305862192605,3.699887525904341,4.733202340130234,3.638330180004917,2.860515197675355
3.4239293633828085,3.635252140984012,3.493330496215877,0.7552754301652069,1.016167670036463,1.7807165238828868,0.7506445698716556,3.276930401058476,3.581642545918843,4.832790941634678,2.9025704815310545,4.2393893155072595,2.2425852388584997,3.573700652904107,2.2421085734997392,2.435237461658622,3.4690836782205845,3.271478678234774,4.605499688778573,4.752324039753357,5.791933910456228,4.347022846979659,3.875842926490324,4.792918108583261,3.5902142094675296,4.23721129122741,4.2885671671646906,4.691484088920948,4.870516604557175,4.779917494591981,4.9087308082800725,6.443469308670684,4.791135639976403,1.9111597194814953
2.614313947452855,2.1239899437680836,2.421352965017395,3.545277145007424,1.029293460884089,1.4748483957202365,1.1008066609185974,3.4619859502374597,2.070329375521941,2.4578905164752887,0.9163821227209705,3.069957890824723,1.4481444185306982,3.4109259061360877,1.7494913055571495,1.1914832260458075,1.5739958194202999,3.1781390381776773,3.8796378045032434,6.1223340041444745,5.315924557325994,4.636995298184492,4.359567982386494,4.6182515875711205,4.487069545712833,5.818087716447503,5.0566765227304495,4.713513592900445,3.688955858300508,4.927931136001656,5.774920146687898,6.905399165347661,5.391891907422063,1.3321487119988231
