script/wind50m.json
{"header": {"parameterCategory": 2, "parameterNumber": 2, "lo1": 6.000198445256149, "la1": 58.999992894266676, "dx": 0.5, "dy": 0.25, "nx": 22, "ny": 24, "refTime": "2024-02-21T20:00:00.000Z"}, "data":
[rows 0 to 23 of 24, columns 0 to 21 of 22]
3.1714948721254332,-1.3013066135015985,-0.1602030312697486,0.1006472197025532,-1.1500989944501703,0.008715244281838367,2.6338211670138074,9.79364775653701,-0.5426054236602351,-1.0119637401794288,3.0378215068368024,-1.6263028775232398,-0.6691171250232097,0.6724202735257869,3.268759174341251,-0.39529921661356493,1.5432459771678586,-2.335642980951152,-1.2453593846492106,-3.4974973182986706,-3.570693379496693,-0.8325826593237194
2.9583013510006175,-0.27378511636031105,-0.33863814872873876,0.8463645989049473,1.4165962269284418,-0.9100951263769941,-0.3514875106677992,-0.7262622886028588,4.046114823175283,1.2050269863748126,-2.9947334439133217,0.27758242761292085,4.4975170843378365,0.07092617420754856,3.050143420312705,2.5866890525225985,0.6147502831854643,1.9578294856546492,0.4401314457934288,2.324027466754528,1.015773113005499,-4.734221105259603
1.793234988719078,1.644683128161234,-0.5864597604488648,2.003073284540311,4.026734289558654,9.260156886218276,0.8397865454283949,8.2897064479089,-1.3016529830421057,-2.827797304936896,1.5494573482671206,2.626368437355659,-3.3218539672779683,-0.2537583677751222,5.263878290150212,0.914110114062741,-2.416655241586438,3.2881587783612205,0.04644800386383241,-5.854167341228103,-5.324004645472649,-3.8521016398562176
1.4427945621679952,3.0279446073767424,0.016842622488398944,2.9470389251534916,7.403926788848022,4.581572985013954,-0.8666453761420568,4.090988521909118,5.079595019017699,6.138765641373071,4.423240556505694,-3.042709583487349,-0.46532801214118846,-0.5861650557817268,0.12282974517634446,-0.25846270146152656,-0.38388804781568914,2.0854819896205945,-4.848930091266418,-3.481249658902974,-1.1710725890024152,1.442652955243679
2.139599371846901,4.480497975276155,0.07430243475855555,4.0829674809014875,2.5984701558203063,-1.4626896290506695,0.8499583478298619,-1.0411927910043022,-1.426813585176863,-2.2205891791008834,-2.772737771318198,0.9842849931564075,-0.04270587585299358,5.045090373646207,0.48034016164424187,-1.2270810367029865,-1.8252649457352916,-1.6464625560639854,-3.0906539003029865,3.57953736088653,2.2384886151117662,-4.596688811090859
2.421625958715821,2.285033728240351,0.4424143243133699,3.3230048051847825,-0.7404329018321588,-1.4815284869306298,0.30179186332011876,9.647447560996667,5.142627509964249,0.737701985226543,5.7540945437940865,0.6326404681799388,2.71970887143314,-3.475878131600014,-1.3262008259841063,-0.4733459352523715,4.021927776109187,-1.3473173311677589,4.451904780218098,2.182027916137478,-4.05162621774151,2.3181457841856346
2.905593621111036,2.1334767206004552,0.20958488702248185,-0.24413396352071917,-1.1137086585713403,8.943660139152126,2.2123878121542444,-0.4714029550807854,-1.6414615900392304,-1.7155300079972466,6.573729882750619,1.019740078424379,1.1060212711622877,-0.16512908155933897,-1.0876760178681013,-2.041808715389241,2.6685653924037434,-2.2518794218959926,2.0032006069705757,-4.479076194303797,2.8283053279604413,-0.9652546148960409
2.3688286513645505,2.916530932747425,-0.32034888375840054,-0.1652500102770056,1.593054453424381,3.571174998050599,0.3456365758058365,-0.8420360593112189,5.036567526028334,1.0885095234298756,1.5800489047214687,0.2787021014648327,-3.6458051964082943,-0.4312703667091435,-0.30683751417966804,1.3878448735013222,1.5018852254876789,0.23135345209913172,-4.628195821306209,3.9260866972395108,-2.8202031074363125,-5.016978479189172
2.144877525471174,4.68420131491237,-0.10754156533850966,0.009604490438870126,5.070196677301533,-1.3474269948832986,0.226463748144479,3.9463209157236596,-1.6402439072366763,8.893001432217417,5.731154841729632,0.541392564064222,-0.41794179116151065,0.8492372460485632,-0.6802235881534011,-0.018962166150423423,1.7032711584400893,1.2144090790774322,-3.7032707475549564,1.6740126236202941,-5.26897270536859,-2.210499905773823
1.8067260395186764,1.5211887912978157,-0.10013505691455656,0.1698819600474568,8.30759884142819,-0.9872462042118766,2.516003328943013,-0.7847419262290732,8.38353073359314,-0.1585860883786633,-3.3701742325603257,1.9412007028237963,0.9884566580083191,0.6538753133993782,-1.1681836968511237,-1.3557233117627172,1.8318288775919604,2.6308171521077623,-0.020132017584958695,-3.7174369802721987,0.7405272856347845,-4.9601288620484985
2.819361927121769,2.2902380445867094,0.16264533459195935,1.0707072750861695,0.037465562067928705,6.969184734295859,-0.38212687897951536,5.821488638367814,-1.6554603658420626,6.078606529528216,0.8286395815611444,-1.9960213464706906,4.159589972976657,-0.6312512938291248,-0.8967088752101882,-1.0763200112802211,-2.875495359871535,1.3624433899257535,1.1019169343447872,-0.23081564374067798,-5.276492521289035,-5.064838825055422
2.29859580953656,1.660049772266153,-0.2060084093960896,-0.48485674097945697,-1.3428000263282989,0.21273452510222174,1.6974778228344194,-0.49259636318814376,7.333216374018311,-1.4383834536708278,4.107900757902636,0.24544483108397902,-3.3129037730755826,5.155347896452831,0.14792298513652788,-1.1501191432441271,-1.2574101866585892,-1.8552739152141244,-3.9751896233931086,1.492156254752346,1.0051695433566867,-1.9051945220854523
2.579016005036194,-1.0964275612816876,2.304690393204553,1.581134712150685,1.0393836906676528,-0.7613046384105088,1.3299761385922393,2.9344701475735664,-0.5697593797515297,7.501985723466985,-3.3792010088465867,1.9798125949998955,0.21673629189960095,-3.0573656527180497,1.8413640620864948,2.356312327059412,-1.9118898749228541,-1.1071088289782143,-2.528749723958863,-3.736515241248755,-1.5184384199850998,-4.841766788885752
1.9722422424431763,-0.8742386951219965,0.490847758653613,2.9588565920062133,4.178933044019782,0.10056526784953512,-0.313327125629427,0.2736391715261014,7.96843277576057,-2.476002958656559,0.9261030668587016,-1.2502899494173272,-0.6549937463377121,-2.746804050148224,1.7794486997772174,-1.1639293225643739,-2.385239545760606,-1.1752686947892679,-2.320668746006101,-3.4752965234110422,-4.348642632059387,-2.2888634087838278
2.65708494762905,-1.2292597659299025,0.1790428802122571,2.995193389200665,6.698599781672208,6.603887098363629,4.158782049383944,-1.4924262250862992,0.11126016693398103,1.0597751728473874,3.823754520144416,-0.11137127548435667,2.8968300422092796,0.41870282344785537,2.1313568970069543,-1.4409165013281542,-0.24380700887356327,5.492879926008871,1.1386294628159572,0.3476855692049244,1.6332666540737955,0.608966190949575
1.662105442636244,-0.42812565193383184,0.46586372587180525,-0.6489535336931218,0.0033861731702486304,0.038363950870104406,-0.27061358570155053,3.5850800594475194,7.019015056040896,-0.7889278139306166,-0.6876256720180436,0.25103522115177673,-1.339067232914407,0.14717589513524248,1.9635959439806803,1.8408386158196708,-2.7024206414619014,2.2822848744953457,-1.6233541365027926,-4.394071485289531,-4.9395213159885785,-5.078192105400558
3.1105935682842403,2.411709504642173,1.3051325442850756,0.1690906666088467,-1.285402561612631,-1.6783042795251684,-2.153629816467494,-2.306907731812551,-0.35368870386602447,1.2304743730651357,1.2907531615986316,1.89984940081331,-0.3723879674216291,-0.19458199267826123,5.320770091644379,0.5460478704342425,5.734266328847294,1.410079110383195,-3.0685871761665577,-0.6708489574231782,2.0253223719690485,-0.6861330444937458
1.6667743737394427,2.3199019329527824,1.8257687299589698,0.4416272294914329,1.4269856612762022,7.630532392172407,-0.5371193442187562,5.276189331892696,8.47941439636838,6.295021220559502,0.43955112524479883,-1.4188326107397264,-0.7908706097688053,0.2582688971917922,4.974969019554688,-1.2844161023915357,0.5564991065331217,-2.6032962652401914,-2.2968797331663793,2.0179599479055126,-5.235534388308144,-4.324265788307915
2.4589917899442453,1.1643196379691352,4.349354900854902,-0.4523492834669053,4.856271269773712,0.7410222363999683,-0.9128366470061103,-0.7478063548778957,-1.6469952377322619,-1.8088928506316841,-0.9727693603913898,0.31448795422356457,0.8390687131809154,2.8197786979422084,-3.2610877659801205,-1.9818966320369111,2.9004862204216013,-3.2712941928523107,2.1235850318439278,-6.156803526292353,-4.253165942520801,2.1492115714484488
1.694227937377194,1.4440714687703926,3.4701330867665625,-0.1041870450236394,6.16694596653072,-0.7170466425830774,0.034387006777156316,-1.5691182720859171,6.182277385208583,1.2669436681148103,1.7354344943385995,1.9473455814131249,-0.5255352018425766,5.189544006640676,-4.335873154668211,-1.7847055949028099,1.125852201973355,-1.5536019164456536,-2.3675284612849894,-3.4567030976018787,0.3202012725601007,-4.670232883527816
2.061971096219217,-0.46779583982086853,2.460128804029225,2.120969105823601,0.3069797716886553,-1.1310964775063101,1.9130054851334681,3.1202348780655784,-2.1289708229019237,-0.5431173248422624,2.265914437233611,1.9222053987891157,-2.5168800607640147,-1.6897818272488805,-0.3195479495970809,-1.5010230381844984,-1.7318399426689541,1.1172115584762563,-4.274346503982135,-0.6757845788956846,-3.5720351888811575,1.2582303038693243
1.7821027297336214,-0.9484411811804705,0.7515436793272265,3.6066584372168284,-0.6707935944420209,4.863171742475984,0.0062044897049459155,-3.0029404562971154,9.156018909012577,1.4154526562219012,0.19438314048022917,-2.4940829530090016,0.4601888769756858,-4.482673807466041,-0.9050549634084984,-1.236520356493462,-0.9451136057666755,1.5099621400373695,-2.5098011612540665,-2.7746107378241094,-1.4193129734240508,-5.814413982489449
1.7133643500798053,-1.0374209217996084,-0.23550837753371104,-0.6092719319700525,2.0835545259231396,-0.5966435593611009,-2.1395156586335786,7.503223981635912,0.2485752949652391,-0.5908345789380273,1.2106592864182195,0.7334683233326378,-0.03443724815882861,-0.3200463879424366,-1.5175142182899573,0.6763955020683508,1.1947107098043144,1.7926514850661779,2.065218026915596,-3.692188139922578,1.5908957966538242,-0.9094889244341618
1.4921508419621268,-0.9515582785490411,-0.051501474747355835,0.03987790962445332,8.10968731184663,-1.0464205412498595,8.366834890591026,-0.6857161275674035,7.9006218341208045,1.3781402756056012,8.291200047646468,1.5190876531913662,0.19089755638201136,-0.23778416015763104,-1.9771545403455963,-2.696858010643476,-2.198960626139414,-2.1850247410406025,-2.3689808020469614,2.0831184129022766,-5.93417563573975,-1.8586789249411058
