script/wind100m.json
{"header": {"parameterCategory": 2, "parameterNumber": 3, "lo1": 6.000198445256149, "la1": 58.999992894266676, "dx": 0.5, "dy": 0.25, "nx": 22, "ny": 24, "refTime": "2024-01-28T20:00:00.000Z"}, "data":
[rows 0 to 23 of 24, columns 0 to 21 of 22]
9.820220144556364,6.1925017609792405,11.1733292495566,14.952775066070531,14.690951108564496,11.40459400012792,17.399484134494738,6.636346353343559,8.32206224083986,7.877058620804262,7.6799510757121405,9.8882075618971,5.344601859908524,12.756414054155748,5.557668314744281,6.438054962566516,6.8042860263104386,11.19778893987163,9.631711961832554,8.388453427827553,12.982022664328008,11.118836356153713
15.226890766226017,11.240644641140618,5.9454306113386055,14.570818168033421,13.122625677290236,14.483381897124884,15.12152158554241,11.002908660488217,16.40992216044782,17.29412845813415,12.534394063792911,11.637405048899348,8.836034480605257,11.142814495864206,14.98185049242133,15.698371342914374,10.644801773841314,8.421935462812819,13.724076652724854,7.907826973522785,18.005072409715048,9.756474641430634
7.152055630320811,8.891889172421937,16.413887607034177,9.740358434526888,8.692053237644053,16.353108519451585,10.236025486950435,8.1505129993239,9.547541893937511,9.726343094558278,7.450117684352895,12.484165811923475,13.6309578155516,6.007600950668681,9.176530526564393,6.840984705080465,11.366234048507684,9.823706799300664,11.486748851119689,7.5725488577413165,14.673037374829919,13.225965805377106
12.948835964896682,15.562330326088539,12.572931320710754,8.830999839088241,11.80185033847214,17.804465351123817,12.510361866012719,17.87911589213765,15.673304908292845,18.05768696582542,18.527496505572135,10.687406543765306,15.864964990551153,13.608228791413042,10.741075296050917,7.0769486894089235,10.606918701656731,9.059763992319537,12.225353539134273,10.923334231085775,9.752706790187938,12.271821314667736
17.182945241475355,6.544776349874239,6.712425400284322,5.908001340915989,17.621647232433183,13.06798977965506,11.696758690229489,11.71724930055393,10.939584774215362,13.135272093989423,13.018890808240863,7.940360465481734,13.610003774021658,6.722716154069523,12.713601791857743,16.9788487156519,8.084070515592414,12.461099364962205,11.375849312821563,10.733734079412606,16.371644590795,10.88251064977917
17.632376829916897,10.35497782382766,16.472968185658782,17.485497695037722,13.173050797360895,12.969225584588303,10.021100166472,10.849952013645149,7.266146395673727,13.954566942665393,11.60627389101801,8.64415390712847,16.03252369780201,11.384888899049564,14.172643050780268,12.230474923764927,9.114939266598137,9.075766378861411,10.941769739490205,14.987395296591837,10.248449699263606,10.523872997768038
5.0070584413696855,17.19124177576844,11.285216837560233,17.172219645067234,12.590748108044128,7.563300021607574,13.255102740313987,12.88783679154926,10.503973780488657,9.210215235652992,7.265296376425703,8.975884501884613,10.11641970636883,10.228908096586588,14.03380851001151,14.540982471988894,6.262892016784068,10.645495492228687,17.475380847680135,13.793124582200763,17.39503089291051,13.555236406968595
15.453540987078286,13.545667317400483,10.544376080635043,10.889982987697703,11.197580269186238,7.152370848087094,16.071195967634786,9.326268531644171,14.229222397350007,7.237915704980499,12.067814955503025,11.970106465324301,11.41687484251252,12.180702966473408,10.005783866310814,7.36830295078456,10.154921750427995,12.64997679055295,16.480276135520448,8.071709229720241,16.30637695081397,8.70637457781015
14.64149890378059,6.643841279307562,7.225765700403162,16.038904738452267,5.270466058669434,10.766564133971137,9.974027482561228,6.629505836529907,12.20282778819984,6.318026772213141,17.30694193240331,6.221734581155283,12.921821173136268,11.83957037183859,9.301073368866113,7.44129960336383,16.09571299473906,9.535865275788911,13.797268743649749,15.488100050483299,9.530440965910396,10.4450926005794
6.795408502770125,15.433401821878835,15.791149905535166,9.342255295086046,13.93217632622923,12.912671649160291,7.211717328918677,12.535396232240814,15.118661892829067,15.784328340413357,9.49944306399994,14.249113367954763,7.717233355688929,16.239864721008498,17.163043267134803,16.85915471168742,10.552191527986082,7.422302866856068,9.464304513596966,11.981042881220827,14.408388543239626,10.991499369337058
12.159395882710395,11.92894800383891,12.695669641662656,12.197453020076775,7.469192494078751,15.778438844427201,15.89346133342081,12.31000720382603,9.233018656010495,17.87018518307356,6.7718534648412305,11.332083147104381,7.979289926335948,12.303985997000238,4.685638246507504,11.74320398984895,16.444196419416098,11.676108040509398,9.331105517687485,9.152779517928721,11.719262894079947,10.70803262442995
6.910250651375513,11.564189392636182,9.919888419858118,14.014367108312944,15.7650084088143,14.652427170298003,10.945799100820322,11.671590489436792,15.447665633354273,7.905859264548189,6.294960529955647,6.091455780898573,9.584428785482016,9.251308328853764,7.012912763182284,6.668352816655829,10.556035606075064,13.007028901337348,13.359748639672025,9.325296224076,13.472700061594871,13.548203923323147
10.18151740626929,16.12975542790579,14.310027969533259,10.48820558690133,14.038264584796595,10.573663599998467,11.705073452806992,8.154369666851776,11.9366159098119,13.32568532338171,10.699347554832897,14.179219675854997,12.333320069984469,7.885490962065739,7.7153519164482685,10.437922623533131,12.964905763932837,13.394999856448628,13.730934795517104,14.310740218553335,16.088830492691294,10.771379423598402
9.576487727825919,8.60461208601105,12.885051901557276,10.225765865715243,7.900645334994386,13.126808750422622,14.741940416441466,13.37640986162856,16.841378128335954,13.548785426593879,7.441681279982164,9.956914706499765,18.02868446489519,8.941683552448945,13.106399367015635,16.64092202471291,11.353154679453716,12.836730955471502,12.79408021318859,12.069234127141442,13.55869375076107,9.667460708207004
6.74371705770865,6.964643919057407,14.770350158881621,11.701877852815254,7.723725447878564,15.92740947796919,10.650966234746347,9.26362662074461,15.90815522498905,9.217973860145538,6.626639370622372,12.704244572756009,16.853388310053862,12.567241352771118,14.38565370413823,15.614108093396718,11.234736980326625,8.716200295016947,13.8097455933463,8.27171985423482,12.646384364275871,15.743216815226278
8.207620597982572,16.70290224477743,11.749212790159357,6.698113541093723,13.047271184840278,11.62613343536994,6.13638634000596,7.876168203776679,10.47055307671603,10.440466590182771,16.18998386265595,11.725865328306288,9.397787030117003,11.400436230672641,12.668555368139609,16.38064891665223,10.930617652716276,15.91049966457527,16.323164608755462,8.761295090538033,11.002429990394198,12.654287923149683
7.822908065353626,14.081405655862664,13.52526226476124,8.22078513115137,13.523106341441284,11.96803813697583,12.119103115342627,11.799106044645828,14.777626934586664,10.420641328099089,8.076070189638546,14.024719867062647,14.069159974264265,15.968520331369035,10.121458878207637,7.232041817163833,12.413762004913803,10.1357382114681,15.126011908013295,8.70001764074705,8.20176696782691,15.525659203094497
6.030786325969748,8.903775510320013,9.90314988100784,16.07623834356314,9.70803902616918,11.506320806452893,12.280459731546873,10.295154290063708,7.318896350602421,9.540773402935793,8.799931622926996,9.342011002560726,14.241059100520868,14.094377404914198,11.545270248088148,13.40914624696443,10.284304159071025,7.058230296470302,9.126483671641017,13.700067867666492,9.924381441721723,13.664994907991783
14.82582303391499,15.657250776284128,8.946423845563166,9.607962330968212,6.803982792680999,15.967706750739342,10.948929554561827,15.914935353398713,11.847452080884095,12.46032507745818,10.030907972156102,16.377384506992865,6.118660532951142,8.346112907639133,10.103499084775779,13.387380836202794,11.431519662675614,13.5248675497579,6.766113930072302,16.05875670732805,11.588842234965544,10.81456767796747
12.007879587740202,15.068965374770732,12.681625751724328,15.277401474931317,16.33855715900528,8.143619368522302,11.027952235665094,11.50930287909651,15.010398954421442,17.9377510610831,17.758926749296524,14.186939935233521,5.697697326371648,7.6694573935887265,10.33527330188337,12.676584199572751,11.02679001587033,10.089473033227462,16.579078680517426,11.243063643942005,17.482073396907293,11.53094080448233
7.963291010951748,6.073979854023654,13.055340128552134,10.868923443852475,8.328178992074633,10.280059614875833,11.257141120725326,7.50627868676237,12.400476813117843,9.886477035983125,8.495594602686017,8.688524643589828,10.890957805533725,9.53821028026639,13.996280650944174,12.399988403398925,10.336330573673608,15.014702765432455,12.451099637341766,8.33201095650674,15.037916917960166,12.052449991558754
7.926117417956818,13.025728735078154,17.295693903522018,8.852217347635763,11.425644645530381,15.913035269959467,14.89732314161581,15.342897128647785,12.282794325689485,6.236695368669364,11.936172631818406,11.317276023068503,12.54976696953199,9.073497459137288,12.439539330918555,10.970396657206829,12.18147944113316,5.557648655662241,10.270299380444893,5.674324716966584,10.619454361623259,15.457965400143673
10.416390659605534,6.685449855437549,8.459574234410656,13.114653988514865,9.165677441961536,6.658839914205817,12.275784115630065,10.029221500003965,12.392795824957098,9.854277898086696,14.044391533190467,12.220992083949662,13.860886189740903,11.461060657732633,13.58673564477916,14.00414841556795,16.029442443300432,11.464860444808501,7.3791706307793765,9.525015331988156,7.067758045383418,6.356531044294161
17.661995520016113,12.681615276527424,11.813087408546318,15.223972330147408,6.219382871044728,7.725607056867413,15.459556498350663,11.932047503754134,18.18285937907882,10.277062536242259,6.767867874947974,7.717681208438166,7.097907869867004,7.621870358610481,11.783694780201094,13.77194318261585,15.931567364073388,11.326281662709846,16.71338058712825,18.563992715928983,12.225169974314198,11.384469894690401
