script/wind10m.json
{"header": {"parameterCategory": 2, "parameterNumber": 2, "lo1": 6.000027932988019, "la1": 58.9999434238085, "dx": 0.5, "dy": 0.25, "nx": 22, "ny": 24, "refTime": "2024-10-19T01:00:00.000Z"}, "data":
[rows 0 to 23 of 24, columns 0 to 21 of 22]
-1.9593333242863338,-7.127182056808589,-3.965422566148322,0.881692696224138,-0.5652088749403255,-0.7647653614020381,-0.628237132632673,-0.8033235734517037,-1.1758073305822334,-2.6505110349883463,-1.703195106267651,-0.5633209804312586,-0.756458782987167,-0.41291148752644063,-1.1755299233843202,-2.7156580863360125,-1.0378883037633164,-0.868615015856858,-1.079999217601142,-0.8805085246142912,-0.7920457681227132,-0.40769341257012753
-3.8265032050535934,-3.9869570305057405,-3.5938117331145905,0.806291817217777,-1.8289421604224179,-0.662951816923513,-1.0427408964032003,-4.765007275909061,-3.554404941699333,-1.9888467312481926,-3.3327384088448118,-0.6536424080637804,-0.5329511295115992,-0.7630477281320949,-2.257028282053427,-3.3457100555274035,-1.65568085060206,-1.1468575399156753,-1.4768986322235331,-1.3124838067663527,-0.7789615551395062,-0.08763978327686335
-2.865283314229612,-2.2703913043867145,-2.6405869288797565,-1.2949515722598883,-1.6132181015647489,-1.5877242723033644,-5.347654566420109,-4.412967922698212,-2.3943447308353387,-2.4378409587073278,-3.719807776563656,-0.9514786333380724,-0.8845805448350639,-2.1762649246578016,-0.6419250205919722,0.5613162135465286,-1.5368119321300997,-1.6344801909207556,-1.9462819517758743,-1.5997574498119853,-0.7444567135892325,-0.7119249536919919
-7.970020594245249,-3.0643781744359977,-1.4279954946858981,-1.071522907749754,-2.00658031774818,-5.6637288008870605,-4.817255346827249,-2.698153782047414,-3.3636166380769676,-3.288581087727873,-3.369195951098037,-1.3625996429680765,-0.7334680554582523,-0.6227881187891047,-0.3217011536034265,0.07138338945288823,-0.30051886750331236,-0.017081123492384012,-0.6624364620291819,-1.0439881852752604,-0.7255964575867866,-0.4674659877987325
-5.175537615290416,-3.6312348338724014,-2.2624890383061227,-1.2239602979747064,-2.8813598569856684,-3.519162655491211,-2.9265655067945513,-3.329134777460448,-4.360097892396444,-3.570913400884911,-3.232622452154361,-2.554098462823665,-1.3750971963038499,-1.0677609122900151,-0.8773438294002522,-0.44571151199549186,-0.2694550752103643,-0.47066576616794714,-0.4688413652650818,-1.0184393971727783,-0.4683140187061446,0.5848494023095483
-4.524215380396857,-1.4029683266862425,-1.1298823199462167,-2.0717289371268346,-2.4663076395572032,-2.3348663775539853,-3.3468306390248648,-2.531901000238378,-3.390603179980523,-3.7749716779035403,-4.339967648320904,-3.752854419977869,-2.1314077996781085,-2.0459177561316855,-1.8778568279341716,-1.2997229250491316,-0.2568478891385995,0.01925532482232069,-0.2064397631984241,-0.11529688167551545,-0.41867486935180365,-0.18978770956911736
-3.2893667554026815,-1.892554055667329,-1.7203371112088075,-2.8305146267274868,-3.0882009295216224,-4.118521373294571,-3.6097647938391586,-2.5773646793150213,-2.214100256786875,-4.216771268808459,-4.439496746295916,-3.9668148664707563,-2.5632900407402928,-1.7368924460860737,-1.3927684913811629,-1.8610737299622855,-0.8345633098303793,-1.1858382606968498,-1.2250691102244071,-0.5864392077478926,-0.4981598376097902,-0.24854337925596404
-1.93577166390679,-1.6344884075268935,-2.1233806104697983,-3.2350440848670003,-4.129467251686591,-4.622627096049492,-2.6236941002005,-2.39494284859055,-2.781570243917065,-2.4311560488470096,-2.3718055473037793,-4.924092438604251,-5.97906850872575,-1.6399675040778177,-1.5926956605208655,-1.4167605147939626,-0.9107176717935486,-1.088713275421185,-1.06339108098571,-0.5062306114797751,0.10111061769497347,-0.779914229994214
-0.5901428015491541,-1.6413684323487157,-2.231908315472238,-2.977709750078798,-3.8928714978337435,-1.7831828534975565,-2.9213702734051923,-2.132304203628985,-1.823681383646697,-3.6917543227512004,-4.315396543472181,-5.085766018695551,-6.630285502338887,-2.5212766853254758,-1.6161978198754854,-1.3171563342529207,-1.5836813389795992,-1.2041278179353696,-1.4262208139973038,-0.6905923605141877,0.2508302257735777,-1.6885490222957737
-0.9589499642172076,-1.7152159241726312,-2.4946051393777355,-3.765320080888393,-2.504359638156741,-2.6721057104798938,-3.1596867540950693,-2.2189373513347554,-1.751852972915295,-3.799981539315315,-4.119724875802829,-4.387291256932847,-6.2881564712891205,-7.103619402780979,-2.394939646737761,-1.3283002677322675,-1.484324181132571,-1.6002176307545568,-1.504254574394624,-1.3161750813230388,0.21688810640527742,-2.4855223433588574
-0.2392495544024205,-0.5837281269992046,-2.546416541024853,-3.397688349079146,-3.4106214465454943,-1.7572513194741999,-1.617527110168438,-2.2510003373528513,-1.9070943159726903,-1.1555193126904455,-4.414923170011601,-5.929281498906837,-6.423714256256009,-5.120133847691655,-2.5246125709979417,-1.7010797808005593,-1.7334376857218414,-1.6044188196031852,-1.9509492402547288,-1.405363258067093,-0.7180782450909576,-1.4737098038538263
0.4493389060893359,-0.8105044487481337,-2.324516778312144,-3.6784507169928236,-3.633275741058752,-1.896811232248741,-2.0001343423695155,-2.3563114005568533,-1.6860589521023785,-2.300945279406754,-5.257365793661286,-5.977235324231997,-6.085298030419522,-3.3236295807996705,-2.2662228044550137,-1.705574327376123,-1.4813196233028647,0.062467911207027584,-1.5755900728227252,-1.8435363061678747,-0.7038662739595982,-3.137970857743877
0.02768324774367434,-1.4148592646826814,-2.871731652583349,-3.3113031829350508,-4.168465195407117,-2.3276643019023897,-1.8235656401481697,-1.9384658407716977,-2.9825105130537426,-2.502246044509229,-5.568421062275619,-5.909217814746859,-2.319740365115181,-2.0453173044362014,-2.637972969842607,-1.9425178400274115,-1.243706456938604,-4.244284191277184,-4.123979315327593,-4.0672222087656795,-3.4096458290249454,-3.5811135796245765
1.276499377757135,-0.7438739310532224,-2.359586647989002,-3.421652439168623,-4.423335019755256,-2.228914312625555,-2.1822426842638514,-1.5689135004598633,-2.620856964554533,-4.475338128407129,-4.555848752105383,-2.5914536661751364,-2.5039613234907643,-2.371799669984501,-2.7349375474574034,-3.3079072471682114,-0.9503555540989685,-4.332805519604075,-4.269292029439773,-3.732322351251409,-4.1065699514820775,-4.249801827119046
0.6983889328788172,-1.8159725879834878,-1.7305981378366513,-3.7915426283947493,-4.9444658585675105,-2.3807185817165037,-3.003112775395555,-1.5655752603697195,-2.219777549970516,-3.9232353523438785,-5.11070776271799,-2.8250722394209626,-2.154306357951782,-4.7986910553099555,-3.475867647249918,-2.516545929332915,-2.451190967455952,-4.4340147161017045,-4.373075368392031,-4.20863957394158,-4.568897132998327,-4.937675867722852
1.5305564245491743,-0.7814162158296786,-1.6293081887930405,-2.8644137260504943,-4.096867410219997,-1.1728813471304136,-3.1468501708854157,-2.289561205596116,-2.574523239009881,-2.3134299845578314,-5.178361130218386,-2.370824766043967,-1.900742848994495,-3.9988186555840337,-4.554376403412819,-4.431516923213238,-5.924584948246762,-4.868979705195842,-3.9833584135730766,-4.467934748603459,-4.6425638784966985,-5.645617454917915
1.6000573650036172,0.04207896965933387,-2.510212164754739,-2.963702649560288,-3.730556976696013,-3.242957142094244,-2.3292264047541473,-1.899042671932128,-3.4659341327878432,-2.9997127189151738,-4.406176297319179,-4.00574677030931,-2.527625762634353,-2.3712607554742395,-3.629430424237347,-4.758644887280044,-5.144372570591408,-4.94789596832224,-3.272972577731772,-4.829388403106812,-5.218002258784675,-5.83118244771625
1.879805354325034,-1.10556369180564,-1.9269702734197265,-2.491423854213235,-3.8435312022828034,-2.3461877862063276,-1.5347577096432206,-2.2904358853959894,-4.353886681013173,-4.101800512732789,-4.002337553279459,-2.439560906763904,-3.525243145164164,-4.054760617352668,-3.9511986079609924,-4.725573412392656,-5.508015714750544,-5.0690400960512045,-5.620091574574649,-5.34914083736115,-5.999293448891432,-6.243271924443351
2.941180332589144,-2.088952584243822,-1.4875095584881746,-1.8337718338682107,-3.281250988709049,-3.9292129235670004,-2.933307914737059,-2.0517305993277706,-3.451785336983701,-3.6205149879650436,-2.0593325754448637,-4.707298955815397,-5.2911491581483565,-3.695260403530024,-3.9738161574469513,-2.834923661712125,-5.162259395809735,-5.383215530473237,-6.521042144440262,-6.81702824533566,-5.931679941129067,-2.9853170088956906
2.884855449335973,-1.0705453110700776,-1.7308071584249272,-1.6252833862719287,-3.312116395989078,-4.138083494500276,-2.5841080063589787,-2.68071846867678,-2.1071655615947185,-1.7834082621078275,-2.2633401977669094,-4.718858414208019,-4.992005786363119,-2.2964819877825486,-1.7790552157356057,-4.42952442981411,-4.539016350071316,-5.671657340579843,-6.31136836471709,-6.460300178122334,-3.0884704338306364,-2.187550246698984
2.460027451967526,-0.6378874860915235,-0.6771295814936339,-2.81745924187157,-3.3728443419297793,-3.748121059320767,-2.429206856335042,-2.592306294548846,-1.8747946833823996,-2.1586784891619972,-2.579299825987656,-2.7832635446937144,-2.8697192943965826,-2.553952250085541,-2.619336480490613,-3.037176439294722,-3.0961521064442232,-4.587919261103016,-2.2262159339299634,-3.050606747451456,-3.1463275252332172,-2.4787330589088823
3.029274235095099,-1.4235442631519584,0.3161564167679076,-2.394107482150394,-3.4022161560293913,-2.7540556214441816,-2.5036145175627205,-2.35935571187471,-1.6430921974642803,-1.657039460975653,-2.1050172645558565,-3.3416350235460257,-1.0131682264721922,-1.9816069799419864,-2.9907343269705007,-2.9782954853671373,-2.1332232959565802,-3.912702628263287,-2.081030188983833,-2.791771895349013,-3.0001109431278827,-3.1487043059200532
3.6549163823099806,2.0353544242029584,-0.17874653983215005,-1.2655704970621622,-2.3773309201499653,-2.2476583206458853,-1.8416575637356127,-1.948303251764207,-1.8398363730230467,-1.8572311863344904,-2.2623578696234508,-2.1248469722348853,-2.06151035024381,-2.0807792312644215,-2.44138925956359,-3.5137688619572023,-2.6783869307597974,-2.4266200794218133,-3.1118233958846213,-2.490509199001326,-2.630789878488438,-2.4786081608232053
2.2914757618501556,0.0274511840524688,1.1175481651243409,-1.1543524752603849,-1.1437141136512319,-1.435743906075581,-2.6478041583759038,-2.0759058885195536,-1.3839604824051013,-1.6772264062319773,-1.3937330074865848,-1.8918168219153193,-1.9254273719828123,-1.9443119313778174,-2.026868126935455,-2.0490092019299815,-2.540043836794014,-2.86566100316214,-3.697086596634557,-2.8444701267170474,-2.171247245931392,-3.562728540222898
