script/wind350m.json
{"header": {"parameterCategory": 2, "parameterNumber": 3, "lo1": 3.000054539987559, "la1": 64.9999836372058, "dx": 0.5, "dy": 0.25, "nx": 34, "ny": 52, "refTime": "2026-01-27T20:00:00.000Z"}, "data":
[rows 24 to 47 of 52, columns 0 to 33 of 34]
11.67859049500476,11.327966582169502,10.5528332662209,7.231710250250798,5.195331632743344,0.077819287167716,1.4244455570719372,10.836344945156661,2.582354019598816,-1.7358572242002983,-1.8905858747462423,-3.9435014198241647,-5.2103769013265255,-6.177854474265908,-7.496889087724336,-4.447563357967456,-3.988551698473287,-1.3279610864068179,-1.0899313547772636,-0.5837834692823911,-2.1483146170901866,0.10602140351605509,-1.950047348480713,-2.7816168609789287,-3.3694196830025773,-1.7721317077372123,-1.9915048848243417,-3.8010872921788095,-5.358673764187041,-5.196318707055597,-3.7204786541724104,-4.123757740690094,-3.6785754078352424,-3.254562750488113
11.81318496519861,11.213717116859828,10.234461766503065,9.473863910035249,6.2526346381282325,2.804358560139715,8.60212724119962,1.758157848104612,2.0526793819101092,-3.2168018593286716,-1.8279352263362958,-5.715449152133661,-7.10053177133548,-8.027493110834477,-3.8512456864607953,-3.1867394271110285,-2.409848647781891,-0.7834591795449124,-0.7222806125943887,-1.8949559608825395,-0.6171859732701523,0.46503870163965183,-1.0989077912010645,-0.37657204205379385,-2.64184440124167,-3.3727340018399974,-4.8931129559638595,-6.359708004156508,-6.245045831088655,-4.580446390677596,-4.239586483144052,-4.221256221215976,-3.9029665035456556,-3.356032071806061
12.157037050517621,11.469499900335707,10.655328692610457,9.723252606127499,7.760449342980396,5.352215917316547,1.0509633379024483,-0.33840426491558445,-1.7887773612475535,-5.51699011750998,-6.561527552554608,-8.29022726380629,-8.778399670449838,-3.6270387687681644,-2.3118628905099983,-1.3611268332848916,-1.118260574580677,-0.76348641691846,-1.502018368594273,-2.4817498205459194,-1.6243001774967734,-1.4308690623670237,-1.0321495765109803,-3.032451647706833,-3.712622665394312,-4.510806442223097,-5.680396126613217,-5.970536269131811,-3.829799046801929,-3.852122242124269,-3.882613268096804,-3.638715480553671,-3.2242490947267606,-3.3262923519431897
13.454691374609272,12.74267627012827,11.520483178455796,9.668097727392711,8.373368817681085,6.106856929449652,2.567532390199536,-3.2227966576366933,-3.3537908890193697,-6.086051024504591,-7.714602604305846,-9.007475616917628,-3.2491042201412506,-2.3184825421010316,-1.6822979188550975,-1.0686739834867562,-1.2032050370300367,-1.6415632636626263,-2.3004124709596203,-1.3646862828572741,-0.21902818832984622,-0.31122172719314256,-1.4768620625305369,-2.407891701459985,-2.7215367583067254,-4.137830685643629,-3.9953676153795414,-2.628410817940601,-3.7226645108465513,-3.614094085572686,-3.573268052860766,-3.5125493857038603,-3.8736659845475474,-4.118571760829358
12.899592657604195,12.436208049081193,11.74487949906323,10.54493114663931,7.879395079432181,5.892656441172581,2.7183999265791234,-0.3333015138546375,-4.224372839420151,-7.487141115384053,-6.975101700975052,-3.0480662248401527,-2.2278638126313353,-0.9982601289320824,-0.058361942855494335,-0.46022016604555177,-1.029597087992137,-1.8157590426633188,-2.392354458031799,-1.8611325274903059,-0.513867639732599,-0.3801465628312028,-0.5425615341766812,-1.0801295294866353,-1.8366571660038833,-2.9912977690778386,-2.8112095722050965,-3.231190075790472,-3.7508186863984196,-3.9866341019608735,-3.9724353167270428,-3.6157681140358187,-3.4850464902796343,-3.861279222418645
11.645374673599173,11.26440120374424,10.803285083561612,10.074813008033757,9.216734111038152,7.364049493846423,5.431725843200524,2.944160581969598,0.20726271816035535,-1.798774874187895,-1.922160275245635,-1.097417037716236,-0.2850449686685604,0.2065884369964697,0.7934769337294201,-0.010383327151037717,-0.5762951810455955,-1.4678630006528908,-2.2920938857759916,-1.8996436618962962,-1.6641194230615706,-1.4076531165906958,-1.841893825621191,-1.5564225365492963,-2.554627486066066,-3.3472504579803974,-3.927647046214379,-4.015443274515069,-3.947544598512476,-3.2744451782607285,-3.782383779052637,-3.1357945520813404,-4.432472286590519,-4.165245029268115
10.993458417975853,10.605809616680334,10.006484131398773,9.203172450463843,8.546598294745536,7.651944832621542,6.283825023458678,4.723552152443083,2.6394043648571976,1.0162930686059957,0.20973057045307783,-0.07098483574920211,-0.2391940221714292,0.11754543248410816,0.1480844282889657,0.6987511053336897,0.056330828138596245,-0.7234792577265192,-1.4364534251536758,-2.1019249039074834,-1.8005709747982486,-1.8791581567635285,-2.5484081542444654,-2.3552073069668715,-2.9969969110997714,-4.308521241652731,-4.127234378970747,-4.11544501779084,-4.327780281782884,-4.695109987429477,-3.8220484673076216,-4.249279412832805,-4.694203873404652,-4.497367042593564
11.227446817169804,10.697397321832586,9.83939846565468,9.00806432589363,7.6993343588650545,6.722261444655528,6.468803222547692,5.311492721118231,4.1498487094581895,2.75848065816249,1.1823956895414665,0.5493077149156482,0.30149834725339086,-0.40813481144265984,-0.35573826002252057,0.24715061934652532,0.3178756058479582,-7.703292170145813e-06,-0.7559349381521766,-1.4088071288827062,-1.5652210616975288,-2.3719611412451984,-2.5173228401219854,-2.7847619183706325,-3.9175012076274465,-4.022705021124895,-4.8423328002301425,-5.479789060979257,-5.559043387291094,-4.959838211565606,-5.746021196039902,-5.869492364804464,-5.4103192321377485,-4.733059533804204
11.309363728709503,11.28477786978401,10.40659308494248,9.282748900673063,8.176917856198905,6.587201266473962,5.797942279690455,5.416629649319197,4.687867889314862,2.817977235652817,0.8280511487960635,0.8322966478000067,0.5494179152505891,0.9602435242119262,1.3659724840991174,1.1752412770285727,0.9590718696679786,0.7270735706313575,-0.058084240711425955,-1.3146632850234243,-1.5401512480383277,-1.950224316333284,-2.2954700215529917,-3.1492349279620537,-3.907167506482459,-4.467331017077856,-5.955275525024128,-6.657635657089203,-6.109006330455634,-6.383630355959531,-5.668329190974276,-5.5946313174013715,-5.199865974546377,-4.815029339192288
11.536690022302887,10.997220845888906,10.235375014446532,9.586386166872598,8.644307836695095,7.268233843309592,5.806900507952159,5.469210826269422,5.060811971244824,3.74966400404451,2.8926190734515624,2.7207409918094396,2.569263130822647,2.1911999728692644,2.2807055649429473,2.0856325454014017,1.2443960289157352,0.5901421400865572,-0.060396787764730425,-0.34578836369940613,-1.7818994509326003,-2.034065019310887,-2.5366446286058575,-2.985242447817072,-3.975354212898979,-5.5796252773010755,-6.678261484385588,-7.337753666884638,-6.549216569696663,-6.1032356324571,-5.3436995238318445,-4.8267966959223845,-4.5454180469631975,-4.1895695538588695
11.300574151627487,11.433058469870673,10.858051417256286,10.071758033578535,8.669866621179613,7.808734072938167,6.677042643140402,5.6437708873319625,5.408435444885473,4.646054283291929,3.383075809306625,2.9897676754199254,2.394124728874955,3.381766510575521,3.7732467545512685,2.625570333260129,1.594010433229235,0.7847455762245495,0.17159459440681904,-0.17530706626655945,-0.47481916817120096,-2.662545873191804,-3.3240868249260855,-4.187523804643806,-5.252649678611158,-6.739902489594705,-9.558340921275706,-8.121445665531944,-6.453314388687778,-5.554548468309828,-4.925338833709136,-4.031393518438974,-3.5636714813846218,-3.6700173481557528
10.52208274140725,10.414317502073981,10.718714783261321,10.253413623285097,9.59914055434241,8.501489178579558,7.2929574816272265,6.173162430067543,5.141656834406126,3.9077595740227182,3.2468878654203257,3.101050911351298,3.7227387477842724,3.586020495928299,2.6009056735693625,1.736085109793724,1.1951450037558644,0.5890660086963637,0.2307911422729662,-0.313852089387965,-1.4972627664286644,-2.2621809024791766,-3.201526503881416,-3.7700595920425988,-5.879023596821016,-7.782740672050237,-8.902299488507962,-7.047243763355443,-6.065179357519104,-5.030778058864777,-3.9713659459862125,-3.703717330985615,-3.0572430206613146,-2.633890457904894
10.893737072752117,10.977572768780437,10.406206073114856,10.459130324966774,9.578521828437793,8.710084833274161,7.501680834048752,5.888568133107874,5.207621551243484,3.4362424157384464,1.8171295890600925,1.5001579695580802,1.484128664633573,1.7802905082561844,1.3155400812507845,0.4725445864909966,0.12725324436270444,-0.020998799001032395,-0.06993880928321235,-0.25856536798805074,-1.2744646406922215,-3.2629855373482712,-3.8683799964839207,-5.378675301412814,-7.136845515725608,-6.633171554030104,-6.878466729877596,-5.719319242993895,-5.129877563318047,-4.433682936854642,-4.06283206606065,-3.5474082702683125,-3.011161866254733,-1.9453730557878905
11.249129621216593,10.933469471462972,10.28265211782231,10.097956624585779,10.044939849757192,9.01941621952435,8.171349497562609,6.981236840720519,4.800598717916422,2.251298259770181,1.3177733423984512,2.7942576950844864,2.742166226890619,1.3181117270581622,-0.05333162003093453,-0.5845421290165032,-0.5029626318380265,-0.6456095378188629,-0.5024479927230487,-1.4978517239483176,-3.008506286019709,-3.21252019102424,-5.8847695981711405,-5.642521172131294,-4.536856132815533,-5.19603883387097,-5.197486720124962,-4.900584825394491,-4.401114121173653,-3.823889541059728,-3.3958019495487344,-3.027396852059225,-2.5696297142358278,-2.2039345804002277
10.83262798649312,10.715776086139353,10.389514979736893,10.44385252452735,9.727023650488865,9.228621200316645,8.552460922959739,7.560686619680083,6.898085445316445,5.17828268021199,2.934545558593711,1.5455843006332697,2.3851593024130238,0.4408791061811374,0.22989322421647773,0.5484080108733485,-1.1456139649644348,-2.2006611271298198,-1.8224314932729957,-1.399610221413301,-1.7300590513095861,-2.7224289716690033,-3.7313068636014117,-3.554441422090621,-3.7771175860852906,-4.189602178117589,-4.329840751997054,-4.451932336356936,-3.97179104376369,-3.0729906986026414,-2.6570826536307774,-2.3233519038330317,-1.8801144297956374,-1.520515701189562
10.381689230878573,10.983106293162503,10.034546755385712,9.6425598696065,9.64478312369537,9.137858218616966,7.8957589487218405,7.770971231130013,7.264279318369446,5.948253115220107,4.125783365880262,2.816347621265542,1.9522173156977234,0.7352231616114784,1.530385129567566,-0.23490715252929967,-0.07412129106951715,0.14828683140699664,1.5501335723328162,0.22030834890337403,-0.6113921168161838,-1.979234424211293,-2.9407299259699644,-3.679435449470409,-3.286249554161916,-3.769250778815732,-3.8561740869118397,-3.5004983099532296,-2.9187888851245143,-2.4660953011868623,-2.14986818890201,-2.1754732817727866,-1.825954862793365,-1.2518771422825092
10.987936042577978,10.751779986098633,11.13899591280885,10.449204740634496,8.74721274019984,8.600291639749036,7.888291523851377,6.888304011610883,7.2941096828655025,7.791581746014723,7.253072736991253,5.37793769872047,2.86279930556627,2.6155371111352728,2.065171137432836,0.9156595735277345,2.1876998309420403,2.4147528780108547,3.233363382952331,1.8041083633638584,0.18930189272925782,-1.4127503632366496,-2.691525544438357,-3.1690654995911056,-4.006708523218654,-3.338562780018838,-3.342883683227829,-2.8911423659267297,-1.9616081088645687,-1.6819990342911366,-1.4802610027088685,-1.2273267287581917,-1.0998316434531943,-0.5210966256994632
11.398638044036673,10.646895266311072,10.72026643812344,10.97120491558187,9.682347338869777,8.592293373530334,8.036189899977115,8.038071239496793,7.617654454939592,7.343319232239729,8.424281096852297,6.700733956881643,5.040478841176333,2.6675774860170396,3.480983230747483,3.2866432447406626,2.5424450115795505,1.622233878837759,1.0419398877064485,0.6765507828116089,-0.12189055778288199,-0.6871123498192723,-1.881789446189414,-2.701178197608723,-2.738623558556877,-2.9710107755395696,-2.539147756105049,-2.5267493700209283,-2.0069908523524838,-2.3588121008463503,-1.1310328240875365,-0.6379176478264565,-1.0941093085084441,-0.36333814154554683
10.876271130218914,10.65393194436855,10.139621686344729,10.02100943403937,9.411132716312327,8.959227069214677,7.463122001276712,6.51232183055495,7.631832161287695,7.307320630658779,7.511634494229364,9.34045504311168,8.350865313668825,5.032109500410311,2.056695792943552,3.2467939573741544,0.8948595441531888,2.41613005219411,0.7971431469048832,1.3257608013434141,0.6738609489805926,-0.5127282135027768,-0.7070873601266451,-0.20325452431122853,-1.2341039065491648,-1.0258946857755329,0.34168997098985465,1.661676758181197,1.7559602069216687,0.47155059969687163,1.1639360070723854,-1.050686823621756,-0.8515718691826211,-0.7439494152674078
10.729189618738177,10.089098554558232,10.090545623099738,10.193975307494691,9.672755837124663,9.082547004747617,7.89151984821363,7.7329627720594685,7.30329072348143,6.8696056591373384,6.832617498337488,6.431084377701454,6.378501363514325,6.644724409020657,4.552777868105369,2.6874099022031417,2.344900026261187,0.29690642116751637,0.9095257388172457,0.3683746291517984,1.0851838713625015,-0.37901496026137665,0.46251059501873804,0.12868395196361623,0.6033557836254827,1.0160533981777191,1.6918179749801847,0.9159062914320539,1.5978997679852127,2.4049921038766544,2.1949821996996253,-2.0939582408143838,-0.767639143780008,0.9195389017892722
11.100200562134898,10.050741135171457,9.729407228739477,9.650006268099434,10.41928835133331,9.204648429214663,8.46354488417846,7.849653648086285,7.6773866935567385,7.687178619171081,6.978477046012673,6.366902294998797,6.346978287798694,5.569181394098372,4.4856830928473785,3.6341831478232542,2.2696533520192728,1.6615005927580386,-1.0607335203406818,-0.2685026973188623,-0.41657627205302805,-0.2215677021160564,-0.18663819156353756,0.8673986488720853,2.563431808172487,1.8946484320349357,2.3341436832281524,2.887553548841458,2.413138033270419,2.2637454106262793,2.1824414635356653,0.9908169646895769,1.5894180670122848,2.391505111554558
10.685328793748637,10.601268865526505,9.96034476439492,9.626574365280717,9.757166160849534,9.93783155819185,8.886632399772775,8.321538292487688,8.025133674584161,8.977881355500642,9.077831821729117,8.051896158688987,6.092182378580804,5.827950858416704,4.9643711828033,2.727589652303535,3.138090731773967,2.4434867310913,-1.1006685438549038,-1.3570459147386695,-1.0991632978146033,0.2100089311201791,0.5465379103537917,1.291383842383728,2.916225984767682,2.9610439368590273,1.8750714525934449,2.795637046677145,1.8823970501125964,1.8182360129223825,0.6945371211002754,1.443589013358839,1.85331571317729,0.16672132457424274
10.02737597479865,11.16406737068796,11.367760795124711,10.970674927482191,10.801742843562193,10.986297712158823,9.66867570530269,8.946577992258824,9.391870119790145,7.692018844805943,8.640009628115592,8.759905199149374,6.716744562953086,6.3617745790092,6.444448436021039,7.014699025199786,3.4417540410288763,1.872011118397446,0.12141217259970268,-2.544729094280629,-2.789776886169445,-0.601594105349174,0.4970155638199671,0.16045645510494855,2.152114254704085,3.3076233474843555,3.5013609784781026,2.6092067614172056,2.604034198071138,1.529331435315501,1.1725291725259266,0.9272882721017106,1.7278156402640212,1.137957951566982
10.044841271740532,9.848876693482401,11.81300159227319,12.521328075506139,12.006427782811318,9.281172292783015,7.760644953329419,8.493765303608727,8.030071255618058,7.157783417912043,7.7313348031744935,9.103185398804323,9.276503837700773,6.423564060136088,7.241612686779066,8.326371659504675,6.666069364489863,3.957240036791295,1.240933635331914,-1.3833218977397506,-2.344444727849419,-2.0278975181034133,-0.1874119839927547,-0.5766880799894363,0.4708611814652795,3.1276797967545797,3.978802221178218,2.443286828080817,1.5732899297280256,1.8344353276228416,2.0339638245697174,2.4211352751769337,2.553925092719571,1.6285380245932397
