script/wind100m.json
{"header": {"parameterCategory": 2, "parameterNumber": 3, "lo1": 6.000198445256149, "la1": 58.999992894266676, "dx": 0.5, "dy": 0.25, "nx": 22, "ny": 24, "refTime": "2024-04-28T21:00:00.000Z"}, "data":
[rows 0 to 23 of 24, columns 0 to 21 of 22]
2.8383679002836164,4.232681927043689,6.459751647548566,10.58113645700687,10.122294859796437,9.80477276254774,14.00657953937067,-6.277204251831785,3.8384353625246406,5.321891837938879,6.135332089565071,13.352859070073468,6.03134650998679,12.139533047418322,6.653486288650758,6.19348469247249,5.3695879956349595,14.367820911504419,4.892473211466601,7.568719886005027,13.191020262539537,6.084810078101929
1.7097461276125627,9.591505861008464,6.448458122395167,4.555501209926954,5.490436450333446,9.90811906985381,11.468680055927365,2.4586552348243105,14.79231951753533,16.30158662389911,6.082884348623453,9.309595290395205,-10.458448699048834,6.156251174901506,-0.41747299996011694,12.096818125811515,5.591841877543512,5.785875849334198,10.872484471823686,8.659277237651658,15.158970481490089,8.7617793765458
9.500878833136884,8.604707269318139,14.129268925135802,6.406794287581414,4.318750990616058,6.52560727318975,9.768572422502013,2.1255296246133883,7.675897085560146,5.09548021977593,4.458777285411101,-4.062911222350172,12.39645452879545,5.4026815761138405,2.077698156609804,6.117672252851358,7.71102596157149,7.778426404275921,12.51704049449961,14.848657898840077,5.273739948788929,12.99469528292352
6.945846506522969,1.7727177341981997,8.131727281151674,7.8371658367421615,5.639172551833952,12.408760474478768,6.963790007024283,10.459232690294336,18.38120756390237,16.88017407064354,13.709014970427049,6.412185357512492,11.522794657527914,11.250257540945402,7.097107502561635,5.849782816540345,5.827542492875846,6.932520738211314,5.982919758310971,10.803184304014408,9.773614365809083,7.845912187710113
4.639645643874455,3.2468607812315384,6.288030690545283,-1.4424513771567218,18.047680750346018,8.446558753397802,14.084620135066569,11.32170721516278,6.646704922298566,15.669917691047793,7.346144702927482,15.82539523367852,11.250525402830293,3.825206901028945,12.346419600369279,15.628643398135894,5.364142148387056,6.40526586085365,11.978481599115026,2.325428395468386,13.367347348233238,6.938957546356669
9.1847161099924,5.808116690007197,12.52471567444494,13.381258565711924,8.661016404082918,7.568541905821406,9.953380116324244,-4.449055682449357,4.928068012710364,15.870805605690288,2.978271126902767,6.272206490485917,11.366434153723702,5.069100184481265,13.20137761440087,10.022450225780334,-10.006934297786632,14.132141864661396,6.076361938333442,12.663997593815518,5.292926094038587,6.763670501835289
-5.410737260802937,11.210988527067359,7.791571048693415,17.201969247185847,3.083142648170699,-2.1732778551858702,9.20258184821682,6.779861300588725,6.513735942536528,7.808954431031261,2.3682255419124703,2.2811674472732566,10.47236746351162,2.4540049178626386,16.05682355884933,6.572237922260455,4.772975919267196,5.807383291316039,17.545658248505394,14.880188007956153,6.249816992027728,8.805369643995968
1.209979875457937,5.380395711642416,5.996330290137283,6.6425221997112995,6.879649675103974,5.864207452569576,11.494415270256862,8.612473903662783,16.115358080286622,5.0507855539376525,8.336197108136817,6.203415537318412,6.903914751750386,12.96632726914149,10.289234924137688,6.321005392643251,2.782054764939049,5.758529950067224,11.823219162552572,-3.7034424046919883,12.431780496314724,7.086928250580429
-1.8474251242478854,-2.64535621335787,15.751916757442636,12.358194869721526,-2.169777887724485,6.462933907409278,8.93787849156039,8.321653096857839,4.815697953496616,0.2084322225105669,12.121507294420272,5.673058206577685,5.460476825657073,4.680920535457459,14.413525021232575,5.972439403407059,16.216369612427435,3.3301686112941917,12.792292926293996,9.109773534155343,5.572937385332226,4.780794792114299
7.175933373506995,11.911603359309554,11.590050234704131,6.383125175309965,8.019797909078692,12.929518336454564,5.224749012707316,0.7905424146569378,1.9211129848897213,12.891042143511637,7.383250529073899,8.043476708517861,6.4032950073051635,9.146907989060985,16.028533498634403,16.00788761063757,8.966056730830196,8.74780948189567,5.074458042132795,14.328583046747175,12.17000590823338,3.8160779098650663
7.009435738988301,5.156956131063581,4.634631457424277,13.038381048354902,6.939066813133568,4.688998971617865,11.333774370960109,7.4308975367740615,4.786090351464853,16.08254977428548,5.7337504825543135,10.533079111804826,5.271824222908867,9.592426437586703,4.567454927721787,5.577981709144139,12.734033338867057,5.8768483309266095,5.818647949839213,8.362371833973372,14.267321913610605,8.824804068891973
-2.1829709428387543,7.6597240394318575,3.7685293828675626,8.035947986612507,10.709319813453492,18.49138451445527,5.225796528452464,6.39424035934856,4.643569347276541,15.475541756480553,7.999411002973576,6.405563596393077,5.190211380092762,4.672301421244489,4.687661315995559,4.604848718730241,7.1840635215394,8.980507712883615,8.166065326699382,6.989122386741859,0.4755742636177189,8.147189274993048
-4.164561921169545,12.715691433107763,8.537362323753117,10.710818817945073,5.477541067923552,15.598907245720447,12.952552583169444,6.6034727254218915,13.675291676975945,5.711051785314788,3.3858797747705007,7.952545183945493,6.094470480390102,5.306839761261675,6.469882737689465,6.387516946805072,13.582927121523458,12.976242754456786,-0.08204252731090654,16.90602051263301,12.733717054917278,12.78520161783592
0.7511892028081194,17.968185312473604,12.418491931728688,4.86818795495188,9.52074774254572,5.790393968104455,10.275631691719061,8.255207053854019,8.422783292292348,12.588412015924883,4.484030250949059,4.888080108956095,14.051079726225094,8.824134891457708,9.645902649746693,15.298295126030025,13.773026456638085,11.71480920112916,6.162485580244963,11.212988549929864,8.460952749714727,6.362862054714377
0.04600214864911107,6.124553718072059,9.872262039491883,4.057838727850089,8.515220793666495,12.27679691835385,9.912042328044873,4.672128501986586,9.925148030198095,4.962163943120736,9.566017102827681,11.695930479769,4.245586352026525,4.183953460192587,9.95139079612116,8.840568798149796,11.651821916701307,1.5901905434046255,8.31444841451245,9.416717841574652,9.364082483322612,12.171347561246266
6.4965734521103915,13.133490892906229,2.437908204675769,5.320433327232011,16.146990065718892,8.755553392549437,7.06234346649571,7.7355027395834295,8.707194772416877,4.234753843697782,11.584248589859953,6.7468812663499556,8.409937511415407,13.939991869974277,8.093380677474139,12.623476630391469,5.157652305140983,16.263007511781886,12.739505154241403,7.105503153167555,4.530696759670303,2.078310261741291
-0.5452204693943947,9.30584712916489,8.370663556083196,18.04586069639572,-1.4835312584124367,3.2279298361683098,5.710232142599115,2.734085218657355,10.933920573189148,6.505349332653393,6.965496888551663,9.227449202158716,8.69339234065045,11.825476078644678,3.568644317587879,4.74554343107991,6.935140353081453,6.261697813680503,10.635080942211243,8.591480198174628,7.548066247773634,11.675325860846014
-1.8943505763009418,4.042332864766956,5.9553029701847535,12.327143206603568,5.80698270628668,-4.936779809215467,6.270155029382172,7.248279300679882,8.679123288011269,6.766186641281562,5.152252518653958,3.8308862868029934,16.47319649235367,7.134434032524026,4.997500562188054,0.14551742811903542,10.532314859038047,6.106936683557758,3.4882266960073407,11.101691274252165,4.57287613002444,12.43083467647835
8.533155209465228,12.782190808391801,3.9308549808807003,3.2513495617251875,0.2163449460113759,11.132695140362339,4.7124668771006375,10.20825213244175,10.53627861391722,8.10000713864062,6.832751685997874,13.056094260714723,5.509859712340638,5.093108247866118,5.067170660910273,13.901938019096571,8.900238727055925,2.2861134980413964,8.062102439122611,12.453499347744858,5.707507927900035,5.889240265180948
2.231524470900107,6.889938795137228,-0.6928193952003305,5.213308242530843,14.925991250287757,7.6308279533978745,5.317643606555864,6.282455272107117,10.13147391628232,14.490032774086503,14.919655166676629,14.288790756655063,5.528041996006693,-5.8370170366344425,9.866066613491508,13.089737028074092,4.2650109994728345,8.806953692072291,14.188936462805547,5.153734818048226,16.195291841959776,10.767932655977091
-8.752866198770187,15.450321723027784,9.677232151011909,5.842012034959213,6.528378028920649,12.60735319495116,11.841497141924052,5.514097098823575,7.455720201978737,9.664173955854919,1.9261144435287745,8.870620838915462,5.849816089429773,4.914598904646553,8.132048990676388,13.132425305457243,12.562505650137556,2.895642586394215,6.782707170568003,5.61387034586509,10.821775691163099,8.45702501007689
5.179451768938778,10.203784753842614,12.818795010633954,8.919508931977164,6.069298812475157,12.03051917868582,9.997957921832146,4.519923651850232,6.4194440909139345,6.744612502569964,6.830437661944298,14.535226489678845,7.53320999141548,5.2050758843486244,12.12202797629089,4.363064068436091,9.370889407856492,7.162874196674871,6.1781302293559675,3.7443530110602596,10.940049249537772,12.404574848583186
-3.3920958214758836,4.9994177006316525,13.430799263900996,9.906970123151858,7.455160977080426,5.174607584608606,13.8543551302517,7.585810781507545,5.8981738776808905,7.969191542619978,16.540385177422497,7.528205286419244,12.69282177242108,6.30383000824947,16.874689652645497,9.063530826183817,11.532135604345806,7.256928750076448,8.478594284674061,10.612923812655618,9.524490940195388,4.709212739586259
7.233001554251231,6.390497551613477,9.736543987354688,11.42788183055944,8.446238519800367,16.374189127625296,5.66407534685936,14.40252249406194,6.9582954727351325,6.187542716796419,-3.028616622557039,5.812778086343558,5.589427834965199,15.754140363231,2.638915257888157,13.547317821023272,10.255803310640873,10.670258833885411,13.994205708450016,16.578323051319913,6.138123372461679,5.746227373954857
