script/wind10m.json
{"header": {"parameterCategory": 2, "parameterNumber": 3, "lo1": 6.000198445256149, "la1": 58.999992894266676, "dx": 0.5, "dy": 0.25, "nx": 22, "ny": 24, "refTime": "2024-02-10T13:00:00.000Z"}, "data":
[rows 0 to 23 of 24, columns 0 to 21 of 22]
2.3143833312255895,8.249678008193142,-1.7748307064919724,-3.252955430902504,-4.442825951254601,-4.054439161511469,-4.386594088793302,-4.7109398456581495,-7.939696616756506,-9.964229589463745,-5.53384970798146,-1.9689312910578023,-1.8867240389879227,-2.487485101835073,-5.183232529947635,-3.790357298825375,-2.3053666744300085,-2.115206176401786,-2.358029734441178,-2.395444284077071,-2.713964163299459,-2.5187225872077628
2.1417526208315967,-2.6929200256902384,-3.9349960591076005,-4.150155699578135,-3.457608435876781,-3.1774288585573713,-4.209563998109599,-11.617747403431409,-10.93374599098279,-8.476794663804345,-5.388277342430727,-2.240483637738492,-2.619820717006495,-4.470038131864641,-4.658055812791326,-3.7187526808655678,-1.8391700901531058,-2.546459432143217,-2.034946258067931,-2.7081306646766907,-2.0480000893250643,-1.3990085726506225
-0.8072591026085155,-0.6438145880141414,-2.9420597810744535,-4.104505048821169,-4.3285382065044375,-4.0103085042367175,-11.889397582065401,-9.913860868838356,-8.578894821262512,-6.814274264242093,-5.279829819239388,-2.261133128521111,-2.4595322795375707,-5.435143180845963,-3.095125278768657,-2.0477122235288316,-1.1336543017750789,-4.131339140277909,-3.4802214241175427,-3.499945999876802,-1.2854068438245607,-1.2326956476751076
1.2925371552860214,-3.5694697673637217,-0.8647165287080524,-3.4846637431080314,-4.583611167434621,-10.480723154802638,-9.400994560414034,-7.281623101200839,-6.274135155806801,-4.860301838332136,-4.386766701831243,-2.937306704348862,-2.7779875488805894,-2.5413532308076126,-2.5143048288648018,-1.4493542470513274,-2.1959483063203087,-4.4096483713316985,-1.8115398172090518,-1.9850583800724038,-0.7213370703014921,-0.9845100255954907
0.5834724730019493,-2.4427337289554747,-4.997655406114278,-7.47570342150021,-11.049246214558284,-8.650878557452323,-6.45068882112386,-5.71036777717826,-5.019071534560928,-4.561439465697646,-3.9478530071768576,-3.980433639595709,-2.1390293796133184,-2.398547272716258,-1.7509855546206714,-1.949213155851888,-2.3388957983337835,-1.516443899310296,-2.000035687613774,-0.7823576618863776,-0.8615350344173612,-1.1335202460763607
-0.5593885476217495,-4.051949295853072,-5.729688275401589,-7.169596328062732,-7.707702585815269,-6.919590429045725,-5.138425932774264,-4.386390854965541,-3.9224322931803353,-2.9055088707955434,-4.231412305837772,-4.717170608628885,-2.679109657224524,-1.4586343025412578,-2.016694391173976,-1.5876025765308002,-2.846633956671192,-1.4604395413517495,-1.147462141939956,-1.0241695420500874,-1.0668948621655694,-1.054220570571375
0.7969730090185535,-1.5367743252338715,-3.2852826949969884,-4.583813233293683,-4.824790100148045,-4.454661049049906,-4.012291550544653,-3.7745860095640715,-2.999581208534171,-3.9629076553222125,-3.642927600606768,-3.638265609360443,-1.6840183927669208,-1.8212738004142606,-1.9727070001120939,-1.0212102803175644,-0.9910331381151736,-0.7336740072092947,-1.0727272256863076,-1.0598718858734615,-1.1180442815691356,-1.2610084976506533
0.7126894550164932,-0.7279093672657873,-2.283306387640392,-3.1424189926094224,-3.103378095117661,-2.711363967906393,-2.2226854501028668,-1.3213638264068384,-0.7676832787261496,-0.9372388707223989,-1.0315572302195235,-1.1054344014802417,-0.7872412345203432,-0.8952665371646013,-0.5626472266339386,-0.8499667028869305,-0.8418314255181978,-0.9124317315270327,-1.2654102858929122,-1.0605259163801164,-1.2079726079169448,-2.338217481520728
0.7212765852628449,-0.1172040843684437,-0.7999944047411345,-1.6035095334500744,-2.1107127552866567,-0.2555290778449867,-1.4997781205021696,-0.1098881390749302,0.4826540047406219,0.18865450592689165,-0.12614862949334057,-0.35363275966673524,-0.5090774490441541,-0.5020557535368515,-0.4909038715122882,-0.5134701856172179,-0.8626919337942507,-0.7727088150091678,-0.9644255729245617,-1.1638141542362983,-1.0732101903503466,-1.6908369191289556
1.1883912801898124,0.5522769991981126,0.00847327573179293,0.06820331142540123,0.10268804218231806,-0.46436916065051753,0.5723901785650495,0.3852572554878036,0.7957255070384944,1.1377841931529458,0.9819971101339822,0.41627370758612287,-0.3908891105654637,-0.3946376951227874,-0.43930195596226634,-0.5879256857551648,-0.5663586689227865,-0.6268833816065763,-0.624189263420648,-0.9109161087386766,-1.1856896747324317,-1.6211354296580511
2.924500104491063,2.2551201186717655,1.6900104434595846,1.607388616196351,1.3810008425092422,0.567893740658895,1.1440335918582145,1.7273825532115352,0.8695547569508564,0.9660328946754402,0.847130966134773,0.3719764279825584,-0.1456965214657099,-0.2497885960533922,0.2802757913735529,-0.20544890656076542,-0.4671497862542471,-0.5476113504455375,-0.6749338354758005,-1.0122673008668195,-1.4654204467632297,-1.9848512515312533
5.103469604502255,4.497756358143949,4.308519769030802,3.7557927941521965,2.6599476893171072,1.2948090491682025,1.7513753518768538,2.3143454632597806,0.9399523971910355,0.6372696606589341,0.766233131588091,0.645570761990674,0.9945224353432166,0.7383264341216319,0.023077518929991814,0.039107637389419816,-0.14938320892103335,-0.7076142645176513,-1.1351636166300276,-1.2595659439932365,-2.9406080118024653,-2.853520187716095
7.180938205439349,6.4593261070016,6.476845901420267,5.632847918530856,3.6261981280646736,1.9368513280266397,1.4505128364498265,1.1024131430741488,1.5199915191696085,0.9736228567973589,1.1487183066660815,1.450827850109463,0.9360539100224257,1.2635857714188947,0.4259404778235193,-0.1587478854878684,-0.44381315739986643,-2.548996662701093,-3.917831621885055,-4.34218632345648,-3.607397552206785,-1.8993268812623596
7.88987307747093,7.01161010743739,6.290893709613761,5.0531614226694765,4.163706502577137,2.1466782248720695,1.8546563000061307,0.98350211470501,0.2538070432134959,1.6058160503406014,1.663109907048981,1.5298767538033762,1.2771126733270612,-0.3430559068206084,-0.29153979446261896,-0.3130672678350813,-2.0123347112400034,-3.0312219010064183,-3.295952887726705,-3.4000982514847577,-2.5830973922117604,-1.473912288555557
7.441710545180948,6.971316399811265,5.4837696486452625,4.817975508337043,3.0162987771828287,2.209745811441478,1.114138860757876,-0.12952029226649975,1.3353852125390049,2.0675522148452132,2.0716598515266003,0.7975168080002702,-0.21342233664165527,-1.2673124336260013,-1.1383457634033025,-2.0160571033177215,-3.435159695335007,-3.3119037375515537,-3.0274566784603802,-2.7899213802052945,-1.9173012299329673,-0.937594214876881
6.52000747250297,6.526432985192173,5.863097696544313,4.23481954085398,3.195596996151118,2.8094304108519994,1.6117060811476667,0.5775310248589502,0.5486585973683923,1.5112064835958174,1.4722697096843673,-0.3562584643208826,0.09361938228891797,-1.4010378914865114,-2.5393461903873797,-3.8781099668256447,-4.290658578575767,-4.007330469675492,-2.531703129893028,-2.1627485318659314,-1.3558465260570594,-0.443108152244497
5.581080536275887,6.169185585871583,5.203690408766191,4.632481925873672,3.066466961886368,1.8892505818315255,1.4440398569367734,1.188001358726493,1.3161404163241517,-0.6881904837851638,-8.901165032063195e-05,-0.2659046358549247,-1.5990247199140855,-0.5430285306518792,-2.958270801677287,-3.629397251013607,-3.7353783558060667,-2.8635531556188454,-2.3792809428459796,-1.7720593874713064,-0.7395745691055831,0.015649010426807802
5.6213775232377765,5.69668188743913,5.162386772295312,3.829735836338218,1.934816332498373,1.222582580283184,1.0086954401734167,1.0500388386788522,0.9400183144029092,0.149042891652145,-0.7389501281830326,-0.6438121203331086,-1.4739260805231578,-1.4140135995511058,-2.0164596549998812,-2.8567805866913525,-3.5257262215475693,-2.510847656432691,-1.567854443366965,-0.22376728105512914,0.0327673234545385,-0.037656780929381316
4.895314614038561,4.7220702136026524,4.694176512810259,3.5856109484633065,1.3920532913765116,0.2067376456114673,-0.3345891365092376,-0.3765173466509419,1.7519443515259916,0.792413561040262,-0.6915403439079323,-2.4128872170870643,-1.3798788630085943,-0.736849049296441,-0.7679557747450786,-0.43819892419483786,-1.5507675843044615,-0.7643057364962162,-1.132654542908479,-0.8611802920591164,-0.8996152904343363,-0.25753555719450155
4.023742003314379,4.02524023867336,3.1881103412520515,2.4984279742359856,2.6173436533061074,0.684188947126875,0.4347119484586627,-0.24138135797674504,0.21341540038868895,0.04320126715698736,-1.0844903082606665,-2.176759508590586,-1.8424248674357966,-0.8383270883468569,-0.5967382327423577,-1.9239589334059746,-0.9067563408901432,-1.4981709795344844,-1.6721904715573914,-1.9126471803287497,-0.8451496827547972,-0.20100274610372915
4.813414977303025,2.506467787426317,1.5618220675293377,2.266202707362447,1.0118372336574926,1.3146632756586358,0.09264201402984214,-0.2860082246152737,-0.19489386017188012,-0.2505108931051529,-1.1478803044803603,0.12784627589277647,-0.948276646800096,-1.6549270581057616,-1.20186570353054,-0.8741201815194043,-0.532823572329447,-1.330883578689847,-0.8123265943945632,-0.49173277691548656,0.3390764907593368,1.9295531311530736
2.873488255693513,3.421648017855738,0.2925192882993435,-0.514373441980536,0.5901264985011394,-0.020563154567813054,-0.6314740267235205,-0.6653818167814652,-0.7001615789425931,-1.2921473219193627,-0.9623962698210023,-0.29183777374273095,-0.7863887409580057,-0.6222306856156714,-0.9401216959375481,-1.0527601491812335,-0.7469910024920414,-0.3123263881735406,0.7823529997756592,1.8358083121932618,3.0199290477454603,1.9492146368400383
1.5967546402519914,1.3209110749026454,1.8947328420572476,1.6168007520990586,0.7615212006190646,-0.11064243898481056,-0.7655956313975247,-1.1043839435115583,-0.11909439956460371,-1.0588975856086624,-0.9580679946672982,-0.5753913151495754,-0.9295868704276905,-1.2704418625440146,-0.6189237735596991,0.29776824082833975,0.6636158092845524,0.7601126541134204,2.145118341437843,2.702357325936565,1.278223387976089,0.9237516449488663
1.9726923747228622,2.3160658262571756,2.0503321702014357,1.4062452255174012,0.9143168933474723,0.6091734284112463,-0.10071273721155041,-0.5830900437145734,-0.36468419433064037,-0.18225258254101334,-0.279735947474139,-0.4793117259741214,-1.1394905641049409,-0.8070210198543054,-0.7103169353070153,-0.26142424730317426,1.0541181569699791,0.641032248408191,1.146925628028554,0.43269995308627457,0.09995195606905022,0.4094496542086269
