script/wind10m.json
{"header": {"parameterCategory": 2, "parameterNumber": 2, "lo1": 3.000054539987559, "la1": 64.9999836372058, "dx": 0.5, "dy": 0.25, "nx": 34, "ny": 52, "refTime": "2025-10-05T20:00:00.000Z"}, "data":
[rows 0 to 24 of 52, columns 0 to 33 of 34]
11.152468998528516,10.779380480643953,10.42939041945589,10.084230231181198,9.812482092927677,8.411682958916552,8.499478373410444,8.562196287364559,8.261483558607411,8.183697130711268,7.526594479131122,8.082820085070605,7.729369809085927,7.503058789776532,6.530479872723118,4.135447793301704,-1.0437803485099293,-2.364895168963837,-1.3342962832637544,-3.4297522069204187,-1.621204688852706,0.43465959488206274,-1.6665757698584482,-1.163968212169457,-0.8717348104797596,-1.8661441150365772,-2.074127383381914,-2.0086259463095333,-1.948008414442475,-2.105705088170003,-2.3049709722863576,-2.138509086282066,-2.366736415898871,-2.0260848758214838
11.360035898353207,10.887982583770034,10.501197632233529,10.490601490811569,10.4231550178055,9.167764004628221,8.951278057107116,8.941842715165421,8.45404750721254,8.557521823967091,8.114806083651526,7.9231328087041595,8.263199252605576,8.22481493129684,7.802543661729769,4.894033744151609,-1.662029850232774,-0.8494718025899922,-3.790929700461319,-0.6850392442992772,-2.4509768099502627,-0.788379930542675,0.16719187634689608,-1.1296155304224649,-1.0141141707066557,-1.2574144414213078,-0.8531967065111172,-2.651497606067777,-1.6317036431206569,-1.5974196530943603,-1.7136412779928702,-2.0701629658191534,-1.958669814288992,-2.4205812568932688
11.498971410543042,10.906418816291177,11.073762602738832,10.31486588457952,9.843777323428526,9.210874466012626,9.068819336349787,9.217086115389044,9.037673223614464,8.914970289959852,8.353466485082556,7.147566442507659,7.847174482237824,8.22994191067973,8.171062714380302,5.708449766296652,1.4362878714800487,-0.5291442062588407,-0.9201843874144151,-2.2608919778056995,-0.5791110070092463,0.3475468535983938,-2.3583627706329207,-1.0685970537621141,0.21492482213866207,-0.40622722661722666,-0.3263652701209938,-0.37366770397351873,-1.4325521431905202,-1.3502663344503636,-1.5904154181842372,-1.4754212456920515,-1.6293108763720812,-2.0102589910383664
11.711189798892208,11.789329174838628,11.381307984827057,11.58437158520869,10.359929879906122,10.548667158894279,9.665271832959553,9.377894537967775,9.51832374832659,8.877300485320207,8.881971665065528,7.576758665322575,7.96685866809057,7.308149599876577,6.594235536949016,3.3807580721931987,-0.9384139792882665,-0.40247052879664236,-2.280711533750934,-0.8177211664539427,-3.008350769364281,-2.786192590844192,-1.1044720048002423,0.7997854554851217,-0.34264155584233424,-0.34720406805630605,0.08352528949931716,-0.03287321124478517,-0.008776812727150732,-1.0036051451379018,-1.4418036474192653,-0.7569840393091181,-1.1889432039887198,-1.8962537920983806
11.58749238690758,11.581097668424691,11.35684258113972,11.103161379401081,10.783307691645987,10.474405479476127,9.528874793361336,9.306365622568492,9.554422170731451,9.324234121123979,8.778229894746005,8.59342763124386,7.802281327687949,6.948762904299539,2.4778193118394136,0.672943264800564,0.9056130602598859,-0.5851005808124625,-0.7861087886359704,-1.198831659367768,-2.9918465017213935,0.6249213734737475,-1.135499978500241,0.12245350524425827,-0.3389963387817797,-0.4590295864898634,-1.0260561885046162,-0.8388494668349237,-0.045745086946826385,-1.0834848396430254,-0.9945759294986096,-0.3155489172441669,-0.7226525547672238,-1.178881780735859
11.452506776824922,11.759094823829717,11.348476122848416,11.248125960565833,10.517591150619568,10.232773646266537,9.783846918055701,9.717750605320509,9.772913508790635,9.834064608971316,8.88643485512171,8.99695286146275,5.513837244538736,5.277864046494942,1.9159217668359867,0.5744108216303849,0.6620172469924169,-0.2748359215607304,0.2498354372435892,-2.9686879951184997,-1.728243889855272,-1.458382798701049,0.33396189897553996,-0.6688625558093382,-1.112901104076115,-0.5983926437264989,-0.8986298582917716,-1.0101713045025176,-0.7142220413710396,-0.8334998107436762,-1.042165191896112,-0.8304215675398994,-0.32313674259935465,-1.00656884989841
10.894920988574158,10.909945156770478,10.875368401088569,10.866127717040996,10.996559498665158,9.993019667431563,10.12437325833657,10.009596971026758,9.925152660455568,10.04466153054483,8.239992761064649,6.44682708036508,4.595058306012754,1.9713147900275279,-0.21559649397074676,1.817054331011321,-0.39380092705096026,-0.7186026518655202,0.4419505862809169,-1.2667454706034773,-1.0198523131835628,0.07692886662041218,-1.673484078338097,-1.3068018954074816,-0.46585170929226016,-0.7735636845729588,-0.1734675478704761,-0.8649222734765907,-1.048253195954623,-0.7238071644939227,-0.8734634915770046,-0.2466617210828909,0.5325064939870648,-1.8345243509026972
10.02460978042147,10.414440979407878,10.450580438623149,10.489158062758763,10.667488764221812,10.255236504874874,10.067442153556623,10.144079585880736,10.145384816116728,10.283191675095965,9.7667336359946,1.6283646617181422,1.0253358422463197,4.097374257671515,-0.4377964313425367,0.22388133990155157,0.23226961403229743,0.594678981868949,2.554399532955712,2.918966326104565,-1.6221139487039051,1.8160038443635442,-0.9411540863896638,-1.5627758469254214,-0.20604047666999867,-1.229565649129602,-0.921637925211996,-0.4935198256759984,-0.5084877045931151,-0.5823887911675562,-0.6317431183906556,-0.45974325484103545,1.3430297666943545,-0.2613691552732462
9.63549244814907,9.914312714928348,9.949053021047453,10.411162894912907,10.672106940742895,10.351617677694762,9.983958488036944,9.941022652762355,10.04120522938419,3.660193069259443,2.9313721665598402,2.0818482625884855,2.6345059533302373,0.42418881076461135,0.13454303852528607,-0.4995417079593282,-3.772207690070441,2.611579870052643,-1.3505316031257806,-2.165995289736718,4.4997831605066185,1.8695215779805925,1.5257555277228025,-1.0785819640881693,-0.7587649720330857,-0.850802733316522,-0.6781712593277718,-0.24953909190595855,-0.43595228922719337,-0.6447453227509068,-1.1467150913688413,-0.27534342934349976,1.5573516708512674,-0.320974034653391
9.254223820612092,9.38035275903988,9.860500823032083,10.110198826041307,10.448992759050387,10.334250787215844,9.789238561404275,7.750928610328236,4.0114008394630964,3.030336896104377,2.9215362551248054,0.7733731150183419,4.206265668273894,2.356956077419468,-3.1360529752301067,-1.1979996739511358,0.9409878667599358,-1.6695617380772905,-2.036181237316905,0.16049005620363152,1.3287618722877346,0.5534178674656356,0.7340901404980257,0.6938949697958096,-0.3676638827378043,-0.47892146741121955,-0.5025761007412862,-1.134136550493294,-1.2691519700727687,-0.5204545542614762,-0.4680731075960749,2.0315789859275384,2.037426388451573,-1.911061599476306
8.8191698209132,8.911919379353254,9.60447480273515,9.750879799451658,9.754577063502277,9.556093765299,8.876360963544547,3.5545832518110765,7.464169343958254,-1.4622657709410722,8.317292857305056,-1.8534597027592343,2.4810685368778573,5.25151294795743,4.7376593386686405,-2.3436811115461915,0.35894516229360984,-0.5525153389312609,-0.6405984491712184,0.18396466518878915,0.9309191096840103,-0.342260055928765,1.5666111067672663,-0.2544859170077665,-0.6416832297518272,0.5918917557675553,-0.08032829305936677,-1.719269070682567,-0.7636589415855798,-0.4134103781864161,0.966971808322793,-0.1712440305082752,1.6005232258944082,0.383492800264018
8.650552181457332,9.13548954094298,9.434842198879299,9.189992046920002,9.087620072176763,4.70768611915341,2.2605306660032785,-0.6154786794694954,-1.627932383191479,4.095470364749576,2.515175682302337,4.76034443542088,0.4999379970998184,2.5991748963278645,4.990440310802393,-0.3231850523645683,-1.4864819098776134,0.9313789458416631,-1.957573093598562,-0.9052714692414505,0.3980454198966645,1.296691177585272,0.8942542398021456,0.3322264856491157,-0.0903261022620381,-1.1108297026553782,-0.8237125426509885,-0.5701968062586932,0.411050550246546,0.10736703817980396,1.4389748291037887,0.5694318474693626,0.0650088514205022,-1.4714860864625856
8.245694812374754,8.736900659134674,8.960236326549913,8.432241200286088,5.255002945027976,2.4845917438027874,-0.17364331753933668,1.772839219042623,2.3567285935573414,5.829540062317409,5.330498978499902,4.876282766692316,-1.7700676372244994,3.120662460566493,-3.4490223713899004,1.1791908831960842,0.20182609835498255,1.1383022010693202,-1.4049786268314746,-0.4326420548492733,-0.32005577794256895,0.5226889069317215,0.28898729224930236,-0.19723639329806486,0.1659502614879984,-1.1950926368472354,-1.3935896630805886,-1.3248429797839214,0.14539152848290363,-1.8090066266252427,0.738585041854531,-1.2627703901617657,-0.7733390940876762,-3.355647862115865
7.796595738550971,8.76893126217044,8.777757342765522,7.8929925156543765,5.218425966011379,4.682946466166329,4.6942023274693785,-0.15763056897807198,-0.07323034643158682,3.680160110977487,2.868119429020493,6.087754608321213,1.143229520279884,0.3689073351838552,-0.71215515599836,0.005662940016712913,0.41677345688062073,-0.3956596870886947,-1.3487007332323662,-0.7279690992032447,0.0747733636176758,-1.2184562990469863,0.008090636589126688,0.19406322972586298,-0.8825472811648375,-0.10689134139058111,-0.2377723472074228,-0.06566340225413037,0.4270364982529386,-1.6392676554060015,-2.0930510360191907,-1.864136615355353,-2.6098346111038127,-3.612833476744104
7.68851270787177,8.501145263314287,8.692406785174356,8.143181617922398,4.730775382712486,1.7288508640254086,0.5809244455948422,7.576771675913904,0.45493422619752316,2.750626102676225,-0.9500206323816497,3.8793679356824677,5.211682246787499,0.5221465324522105,-0.3804619184883458,0.04049121790326667,0.9162966929480258,0.058743610938797,-0.5426813426151048,0.007603689488924287,0.29286442178631994,-1.140185108278139,-0.7942602806763834,-0.41214032329826106,-1.2237024422336789,-1.7269366514738624,-0.6413513845838319,-0.6811848396548299,0.08063189288000998,-2.57249573773729,-0.7629219735222819,-3.040326774645253,-3.680434815143753,-5.482991450029063
7.540681979243174,8.125485586584295,8.915889322157202,8.12161375566447,2.8757456546866944,2.0751878881782497,4.363348227554948,-0.7843607008227274,0.9109924118371959,3.5923865265974975,5.027697087173467,6.503205229038096,-0.021908345516845323,2.47662821417909,1.5467783675737294,-1.8471831953570619,1.6027495982104858,-1.2743615824258854,-1.4392981183113434,-0.24970062438822757,-0.6965541469512541,-1.4533377522913837,0.1760805431709432,0.16846986209292522,-0.28532344692281175,-0.7448434265931873,-1.2457465653417958,0.5205311601537964,0.2882781134770116,-1.195037681642831,-4.002656253038745,-3.733524541608044,-3.380314933852276,-2.7245506074654426
7.279799128175293,7.8411905852560375,9.04718591439621,8.149047301493109,2.0936968110372205,3.070917816716839,6.483826643137482,2.515287031558368,-1.2627598067728136,2.115867389347313,6.635134253794441,8.63009199221447,2.563052287464508,1.0928637104181285,1.2570649994156937,0.7175834292429063,-0.5814600500765343,0.4377387971388043,-0.8982331790110992,-0.6463328321551736,-0.8676252141298901,-1.828763890811456,-1.5102510328626437,-0.5968390087929263,-0.7040570080895957,-1.0346562681027276,-0.9333841598699582,-0.47663187589604844,-0.49327344059908435,-1.5060336710297333,-0.3992690774478706,-2.4611896381949703,-2.8458836086066985,-1.4421718687036875
7.123390620777948,7.67384963105005,8.71883453468621,7.922398308696567,2.4375458549149847,2.4607941486417415,3.33554017345518,1.8024377005965457,8.789999489133004,6.037428040892875,1.017485217778995,2.882456133931713,-0.46668003440680306,1.7318508119570641,0.8834935691044377,0.27330848117965467,-0.35600982591684127,-0.8873716381997383,-0.5480867436130201,-0.9973776125473448,-1.0600288873278192,-0.9086203117492876,-1.160892303926674,-0.9680831040210816,-1.007481207826242,-0.7720898628080237,-1.264090165316501,0.3821453537783665,-0.51303157625867,-0.9898622863268935,-0.7066487514806947,0.10615652633424977,-1.8490316831467783,-2.512941519143487
7.144766459156131,7.404558548509297,8.479085222879869,7.759074532947868,3.585389777590261,1.0417459815746546,3.599638389064271,1.7210857730502698,4.300334708733466,6.418152449821979,3.1869711587345506,1.6009670974030583,2.2682099757993472,-0.4669317128085388,1.5791985733223473,-0.3249838461742153,0.6840325656739946,-1.0818696655245248,0.6443820065461192,-0.32301907609381597,-0.015669676208596932,-1.5639937463544022,-1.6316831114390506,-1.6286164705649349,-1.0831060406198545,-0.7406193837465446,-1.2798794763275712,0.07624126987079805,-1.306616733139618,-0.5274816278824961,-1.034659173314294,-0.888422999502958,-1.285158416319046,-3.170980702705714
7.755899811461637,7.4047659610314245,8.533870191519128,7.77103629041747,3.3000699600681473,1.7778860157463245,0.13497108277254044,9.474004899032833,7.31904341985112,5.718775309351181,3.9854703815826276,8.163334287072523,-0.7050852903202379,3.3402038121988595,1.1058507682973935,-0.24130723207076776,0.24571492787201138,-0.7219910689339414,0.4161616151197216,-0.3429067374884047,-0.1223639378151776,-0.9471589702011988,-1.7304985046666195,-0.9507866554362943,-0.919875686295262,-0.567134965634155,0.2684424575787767,-0.9015243132504566,-0.6617559596280067,-1.5509778750317496,-1.4494265951723362,-0.976690670005316,-1.6616186947844285,-1.376107034426067
7.924150366265467,7.249493453758484,7.9640297255755845,7.81657924132603,6.665992262931028,2.2884888751702896,1.3652494486624447,1.603321429021817,4.776977049546454,2.918071612155489,2.7549080999587954,4.617542961978393,1.3162467158321354,-0.5114710978334891,0.5236399480387678,-0.5167018812770903,-0.7593637061150167,-0.6585314854813552,-0.5932060476850857,-1.1500181622877381,-0.5447470927722835,-0.25479373146471895,-1.9828184121500267,-0.9968047728469445,-0.6692967014361776,-0.7863287558799708,-0.6700713219382953,-0.621158655351295,-1.306725840996169,-0.6053470112823792,-1.1870895259569438,-1.2251322575910755,-2.8281630561483397,-2.033103177598359
8.092754722711916,7.112664757178923,7.850181975927267,7.687142578151983,7.452075509740573,4.5472872361011785,2.49514632227615,2.657477660183713,6.027619752943552,0.9738530492583644,4.020770791370831,5.2868931367238545,0.38901201792650264,2.19564101504613,1.8549268146172915,0.8006955767239671,-0.7032863142672302,-0.816782400570625,-1.1449062955771114,-0.9975056820229783,-1.186805528257075,-2.1935833335296917,-1.248032908927316,-1.2048293162973578,-1.2188540296263963,-0.82745551183754,-0.2088091888055879,-1.125653108076531,-1.1066438338125377,-0.6572397461787054,-0.9692908321364004,-1.5283677347039313,-1.0540586414434676,-2.6347064198424923
8.051888092335334,7.264864072158875,7.831160517254459,8.045672298035134,7.3431521561890465,2.8679638655457103,1.7443313123260802,3.9905198237246657,6.770709919897577,3.6362073815845988,-1.3512021799172136,1.1405143257712997,2.0199325602777254,0.6156925503611254,1.1779994304503434,-0.46782569824961895,-0.7356423717880157,-1.0543535879408477,-0.8628343747468751,-2.0324855950513245,-1.4540600232345076,-1.6704079996893946,-1.7958712565029302,-1.720182304895049,-1.271908368268458,-1.4020411187664816,-1.7053872346304857,-2.119860280956003,-1.1519403633936431,-1.5749315370458798,-1.0782992645653708,-0.9331412004203884,-2.074989770997259,-2.6059428630000387
8.173269586071342,7.559987784398447,7.988584167020151,8.393044396601164,7.860612370339121,4.397735911039166,1.452920221257695,4.6206665930507,7.253989784039121,-0.27163006382294647,0.7891668117304518,-1.6864832771850786,2.3382700948571205,0.90434963597773,0.32677143780535733,-1.0089298153614596,-0.5208411693572932,-1.426873669009776,-1.2213201648957526,-1.4465703957379699,-1.6526036679468485,-3.440569555562859,-2.710582596829187,-1.452150207881965,-0.364545546214399,-1.6084461948404711,-1.9539123642020304,-0.8739176656546088,-0.8475384906534397,-0.35971708837489297,-1.2750618887954452,-0.6938993167743126,-0.3147849876925952,0.1251534693639806
8.206974286007261,7.94951001769602,8.012467685621061,8.782483191767813,7.920560209585688,6.4437342173817385,3.2722007973539164,6.07126301443547,7.859317397769733,2.449440516085963,1.9778813225529277,1.2148733252082604,1.3173846164444294,1.8682537656518183,0.19492940587412877,-2.096816520582963,-1.08139117849058,-1.1578830201563173,-1.329160041219889,-1.0368903427575333,-3.511367816306202,-5.571345806480594,-1.7965908948221143,-1.123274498018681,-1.096579655052377,-1.2398565772393348,-1.3662779713072324,-0.9121794797780894,-0.5734795699106809,-0.4124751360973119,-0.22245204225828796,1.35300239419894,2.751306731579338,-3.084933977926004
