script/wind10m.json
{"header": {"parameterCategory": 2, "parameterNumber": 2, "lo1": 3.000054539987559, "la1": 64.9999836372058, "dx": 0.5, "dy": 0.25, "nx": 34, "ny": 52, "refTime": "2024-12-13T02:00:00.000Z"}, "data":
[rows 0 to 23 of 52, columns 0 to 33 of 34]
10.76810837082603,11.236583639333071,10.64208496626249,10.577092300256867,10.124807424838027,9.778469442268369,10.926549854362172,12.232081156500017,11.35413870830582,11.852737530138555,12.957947328682444,13.443293113498655,14.036909231486272,14.91811895486664,15.478220034850352,15.205167136470635,11.84562789776265,-2.801711647813326,-3.6699633594196652,-4.14696824440574,-1.7998878964565512,-1.3700000680662283,-3.3762571316554117,-2.770141270155181,-1.4596134006280945,-1.10398698859035,-1.0338805697574813,-0.7498149103567342,-0.2102245739089852,-0.1605039596007827,0.2557376954648208,-0.11424097568644669,0.23067254354556932,1.3365375240587007
10.754471290629786,11.34979503129273,10.5265055592518,10.56375142190812,11.297048728042586,12.346972494692254,13.057541171324644,13.481712847999706,13.222434872797269,13.367687820965264,13.597588967233856,13.162748036082645,13.709105640298526,14.200060390907204,14.67086159508375,14.836873995968471,13.765409265062553,0.11193549107256863,-1.4418100663519928,-2.128515213443234,-1.1928018798342321,-1.9532777607374698,-0.32867217068989085,-3.350063919332587,-1.2249983722815188,-1.3562794134617933,-1.3786170567833167,-2.4487964166738645,-1.0360832028353704,0.6674224693101267,0.5899807987588128,0.9620988421624658,-0.17640285725674854,1.3578480407611178
11.380032023584716,10.735251935854748,11.387705042983168,12.06115476064761,12.847922433221685,13.153016686643758,13.070582941339234,13.144629986916668,13.179567236625257,12.842473111079052,13.15201003357396,13.612913678861462,13.852441155225664,14.231239200785076,14.806696822377667,13.909490473673316,8.8907191649333,-2.6210295150102554,-1.6302219466699874,-2.5368286802646915,-3.762200706048319,-0.3439040016537611,-3.9485632078444337,-1.0522679455307826,-1.5620934786433958,-0.5829021425169912,-1.3218438190741957,-0.9115140007563703,-1.1013737569389663,-0.3759728851309264,0.8102791467210629,1.1604531336182293,0.6998033427915785,0.43992932684502634
11.12255522193305,10.755192067853704,11.321446985041865,12.599444064532017,12.401060592468516,11.896615982402434,12.58016670346326,12.274118348473237,12.513183340009231,12.779423647914603,13.672899724932966,13.50147351640414,14.029989077897518,14.503378011876313,13.378227737483533,11.499839759216337,7.716936312010753,2.648505525290392,3.9161876698401623,-0.03467992080780692,0.007556985974903708,-4.013772942326022,-2.821338753902929,-1.0818056477371407,-1.6142787738985411,-1.5174403454281173,-1.2573016596038713,-1.3322555058909602,-1.4315300932465722,-0.7410947615897202,-0.8433038070019127,1.11130995668108,0.7740446748304859,0.32027805834291434
10.697644807151127,11.558364500473346,11.750756547729921,11.670098400466722,11.347728002324532,11.57741753644537,11.769095211064826,11.71166129373576,12.070092941938018,13.107083529965706,13.882513796129851,14.2564327735069,14.417233538183332,13.140077924946693,7.14789435845378,8.276339647750586,7.0920963469970415,2.4315666130012135,4.163618635740678,11.145249879868045,2.6520875483545265,6.409700763726811,-1.7793497948624941,-0.7560596741783446,-0.8926317464994838,-1.1417916379683408,-1.5017310470560992,-1.792044463536399,-1.0938452454962664,-1.028982612613185,-0.8681354522665905,0.29668262682739366,1.9092524776897162,1.6803106335228741
11.293387048270729,10.886182248058425,10.914908272232658,10.941379754359877,11.069805145132705,11.371327864437212,11.743364983080951,12.266938034811469,13.1235765604498,14.26514634572437,14.469028183564374,14.00710279340477,12.350809175949818,10.904119374009726,5.082890485626721,6.557634274083345,3.101944349729722,3.820775959196278,7.476761213945215,-0.1451556607714526,-1.1609154492293141,-0.9757402057772362,0.8759331550592279,-1.0639097656116883,-1.234529999244052,-0.6157404902784551,-1.3957125643549848,-1.7415717855797095,-1.1726053057997121,-1.2148115307355871,-0.30694767864765143,-0.7761122445950661,-0.517012796808832,0.08257307077979961
10.13226909360078,10.42753871571693,10.610948494633266,10.539031354798151,11.055840463349073,11.359369894437489,11.658147243097233,12.567059685676108,13.649539909744954,13.645525716232363,12.605463694013068,10.240982938757838,10.481695519371861,6.288233691543053,4.998145811213241,3.437451401349026,1.4170243873543553,2.732978623780253,7.471427387842769,7.074039871513516,2.500383832368438,-0.6830925815609998,-1.1160128759452597,-0.5035512010488827,0.10205556580403806,-0.7836717686761561,-0.016754122604255295,-0.9293649421124839,-1.090808449512463,-0.5495914820126561,-0.6422511164518806,-0.0734233366611151,0.9580180787355634,1.6186375233640458
8.718651617279376,9.442856273578219,9.536430375756531,10.06424267262578,10.925923176369224,11.637484813477869,11.874444467581963,11.968168781482747,12.95875561948113,13.412716907337948,11.558224705352735,1.698530761992712,2.0578945002470683,9.337625079141016,2.3550661324873476,2.3968025014966496,-0.968392090475917,4.770600211812956,9.31350774163357,6.237206707069342,4.590870479637399,1.7535833999178887,-1.0666745205582613,-1.0127547505137837,-0.2533696775257951,-0.7505153139883186,-1.1408821693285607,0.20062862388420458,-1.1983035421298651,-0.8290012321550045,0.2596253121927381,-0.054159850247607895,1.0230709940560045,4.890860124502011
8.176536782543746,8.154896907971535,8.726691822705098,10.162389822011916,10.227530462396087,10.961590177782012,10.726042094356544,10.978759050978361,9.960540802478839,4.276923031412525,4.044793703513361,3.1056858378659435,4.195148110667935,6.954285936162876,4.429181080665907,-1.7393480650755857,2.7446670823627524,9.113182110827195,1.1800226966727119,3.17595071106093,13.736055270284346,4.3046836663491,1.0094667929204058,-0.5385990653299499,0.28520744905148815,0.559732469850284,0.20256077173317696,-0.7272691346931647,-0.37852614578941796,-1.145852125540676,-0.5550359406768067,0.9176205602622691,4.28247494518111,5.7717738165585555
8.073338128683961,7.76587019707864,8.29053938784586,8.130663577144476,9.274992264208786,8.878769177082296,10.005234756313229,7.361528320358704,1.5843617184052516,2.4282486168308663,-1.2070333083551914,0.7741502967799462,6.848835646338312,3.6618604965948927,-2.279161973658136,2.037233833033715,2.7689457138650706,-0.45493341168376344,3.2989197425800274,2.1397862454326155,5.925795852139616,2.4314501379091737,2.1977721350880532,0.8046356246233715,-0.08574606533653402,0.9361986004288531,0.9782959821199807,-0.00868171127049504,-0.7086824424707645,-0.9094085701376022,0.5660699407425583,5.0245333680370425,6.092684873429084,6.401699928568043
8.322746763016925,7.053418862680466,7.817697408455333,6.641479692917802,7.284096880823221,8.232984181566009,5.807438567936234,3.5020573146831753,6.760190652848577,-1.9435912102165085,8.36747434224855,-4.9614842158112635,1.832689630430834,8.988006611802879,4.4370184055768265,-2.3988367771795116,2.589881110999736,-1.031056715813561,1.5888653655081357,3.3653675464004964,3.1435821656811953,-0.17316183216770667,5.077367800858596,-0.979161905226271,0.4775979046622032,0.7729219372378244,-0.6239942175336611,0.16801704121654298,-0.5100083118935798,-1.0834570183447694,5.349607618723243,6.205304835305864,6.8753095799287935,7.426539995291788
7.013785101270631,6.773160302319823,5.001941461368659,5.613141596910887,5.367788272220393,2.446572346999216,0.9422535071033693,-2.8820073928273886,-1.3564530460385256,3.0393895011752403,3.506507193753046,8.863188107099843,5.095173856061267,5.095700080564725,7.415939235475547,-1.1338006747015459,-2.133098539417328,4.355661406827531,-1.0997902935920065,2.7709165138253025,3.5454101593204133,3.6212553247928607,-1.2084168644928746,3.4485397686692054,1.0786475241990707,-0.7198246550507601,0.08120197360313895,1.3885635606438518,0.7849796506332307,0.423377819367998,5.851489141047255,7.239019555595772,7.087766702682645,8.248609090544852
6.244720541213209,5.514039458407484,5.783535815227062,3.7721923159116675,3.68546043891933,1.1530702517719318,0.4014697732102408,1.4402958116986773,1.3513922792364916,4.202803229944905,8.06837288062501,6.971928336108243,-4.464134132290661,4.682948044031892,0.49979923803693715,2.8207673490743432,-0.7961327206073209,4.858681671012105,2.7277519585686374,1.6981333278988757,-0.21156312809004305,3.4889293154131775,3.8357552210914325,1.2746520415888196,1.9607301124207772,-0.13243945009247093,-0.14025283143630143,0.030740639924946925,0.878828250322312,3.5332691403080836,6.355887000946117,7.125210379788232,7.184476569630379,8.2592619910247
5.556330854390164,4.31368962669946,3.3067429658852894,2.4427549169486658,2.4324428513977803,2.448991363708808,7.6483819745102695,-1.3729391456253197,6.158573903536966,7.683205920263971,5.917920440800471,10.940664333824431,2.90333318454818,0.24959726553249886,-0.6850989717229944,-1.009958058507,1.6713675692685177,-0.48736754991281045,-0.9585353092310581,2.3804314747424433,-0.5734414661401205,1.521609681821337,4.769712650557297,4.152750496142905,0.7623641929817152,2.1722625133314,1.3864553181022927,2.2972046921317415,0.4350809384206397,3.631307559667081,6.621413131401064,7.209968623927265,7.218442269897628,8.237658514841312
3.0846201999813094,2.8741278870519156,2.411345258293337,2.401466364089239,-0.00671552652986136,0.8116149702824693,-1.338957257240734,5.753452084474898,1.6010394445771063,4.985431599283662,-3.3413797761962623,7.693649513867192,13.09417278040768,2.1848934642959015,-0.2674796926660893,1.400634403469892,-0.398882701897328,-0.5965636363180306,0.2827652240991545,-2.1946584823058397,-0.6320659264613399,0.8807010705062254,1.1994375232947816,3.466363882302947,0.5245597618212424,1.7195002465492897,0.07191734801867526,1.3734847592029948,0.553628544291834,5.8859239497745435,6.477355241245334,7.356841349797947,7.560761109939895,8.204366994066167
5.579547253305129,1.7345578563724182,0.8107077587713966,0.39636193499801636,-1.0771940252135888,-0.07917662037531076,2.972596789135562,0.23424534028027497,-0.059709869227803525,2.7515458548891516,6.074453033705281,9.178058147114314,2.22220641610838,3.627410320333201,-0.49625909675804925,2.4623239513766677,6.5737830900054925,-1.5105122237593942,-0.7503911006144981,0.19502157320358515,5.9135201146946805,0.5599580106282174,-1.1241652477054105,2.0133901762108497,0.5736611539788385,1.260363946183035,3.3094237254923056,0.7549661737869386,0.04898393139063886,5.104345930936954,7.28410866804505,7.736618620694588,8.012452306202725,8.073509607503423
8.317639624031372,6.702281918471109,5.275856735035304,1.288256698256929,-2.1536081205203463,-0.4359726897626177,2.506324776942171,3.7411930527649635,1.736706239410667,2.543573620362376,8.240174343149008,15.625357819238381,1.911781026070661,0.44185300741345757,0.6144304719353505,-0.23766780308459226,-0.014329505259267681,-0.3203572750569553,-0.9185670141438803,1.0349412674130556,1.9805936527541217,4.070443532044472,1.120033418659823,0.4398851149260677,0.9171245101269374,0.9395014438510849,2.6022096727214867,2.277934634396949,0.7709424891748486,5.472134134773788,7.625633167070162,8.32649715901264,8.523555259053508,8.571647502754983
6.640718852600778,6.260499550522662,4.550200367324337,2.1907300729495356,-0.30114329297118686,-0.3983966991464356,1.56079604017483,0.20835047843270182,7.291385897378911,9.55079894924423,0.9754971124552511,4.752619162067652,-1.6026714081706377,2.7095378031251274,0.6084359822591627,1.8819725878057612,-0.8255815668942746,0.7804204375398869,0.599741053641903,1.327675598176951,0.8858142942943487,0.9449735884360264,1.7583010437511684,3.2332000821447746,-0.3367251810125918,-0.11864015229598703,1.59432370635387,1.122129488762683,1.3993980859873383,5.1744853284422305,6.449532761394965,7.780107602377317,8.535613963061268,8.995551806904816
6.76058023832216,6.484225839651632,4.353135855604978,1.9172155645798512,-0.7118599580015036,-1.0670299285771387,5.473890039518378,3.639861671016696,0.5816021322651096,8.947391689615577,2.6780427934398428,-0.28956974839260013,2.4039425917301482,-0.4359782637052237,0.7249427428120783,0.881682066561603,-0.9544626159705801,-0.468773658379722,-0.8275287133012144,0.7921752307631417,0.38725505782317693,3.2643432871403144,2.1966382535207662,1.6230974662164672,0.8549088616810074,0.9650677610040473,0.9621182123103811,1.8858027149395191,1.0460302151208043,1.0982608385681252,1.538909083348478,4.551659743344594,7.2304482006926225,8.52990674498408
6.3639739211036215,5.86580208712827,5.364032517488582,0.4237412453065731,-0.6022480858639672,-1.4364782487398238,0.4738796989922596,9.198108949244256,5.603904413393048,5.743852247209078,4.113842082860924,9.353607575561762,-0.6467679909040566,8.125853259085897,-0.8615169768754999,1.2469011490631876,0.9490716338114841,-0.5261217520416469,-0.8147655068536894,0.7923086216287987,0.8670523702422814,0.22213633141417588,2.6493365300757876,1.42814209014528,0.6429347366814433,0.02482827269329413,1.2447231632618514,0.2626431273160729,0.8302647938935016,0.8530482388297316,0.9723619140013084,0.6320345997952239,5.75437978435929,3.794371301024682
6.734451213629652,5.2908329899762805,5.138961512015513,1.1352660544873563,-2.345844273937282,-2.801315047048185,-1.94661004581089,0.13133214650722713,3.9367563201812605,1.661314556677448,2.3755228293733492,4.3028103927027015,1.2586795541707647,0.09109573424771958,0.4705196735935618,0.509359606360448,1.4717829318640285,-0.16054978415092602,1.4020549649309457,0.5566810902932418,0.9295287249934268,-0.16812728373030425,1.0722759548480625,1.2823816734944442,0.862523790670389,1.8602862356569578,1.1828367708610226,1.6076693574206944,0.8709591912597604,0.20832820836764404,0.3482795323160929,0.5061480227062042,4.279061614559993,6.871933412674393
5.8813313859831435,5.319695353501669,5.104038684769597,3.1976111581021556,-2.3852484467104014,-1.6742049271951696,-1.1601607295833158,-0.4645650510798254,4.485796833264781,1.0949335556263031,1.8834580795738936,5.3096773864311375,-0.18882252617288353,3.899046017949535,-0.6323864353869956,0.9974228103909607,-0.5848588409437729,-0.2516935878340371,1.8037485168797327,0.0008216215934367423,1.4632730739640214,-0.7953470191681952,1.4246441274026895,0.892993991980927,1.3263159410589629,1.3029931532179473,1.567130959269126,0.8024309863838968,0.8575128277369906,1.1200535737746302,-0.1708124695972636,0.6983840131826545,1.2492885022474816,5.800816932864203
7.836990809765812,6.785482754209309,4.644608296265307,2.003437711533013,-1.4917031278989794,-2.514537576270768,-0.7856186623280308,2.512945177815724,6.168930742076326,3.555086991018248,-0.8004970917868509,0.002783205425281177,2.0442603253595903,0.8409294548508269,3.6737003250412483,0.280105604728798,-0.11443062553327335,0.5188582486882047,0.24435867035446326,1.7463234400939385,0.5591121898338427,0.1615044258814618,0.3575456810335309,-0.9220202071621081,1.803774432421902,-0.6982703053810001,0.9358212543623037,1.585037634203781,1.1761914722095856,0.5162553804793989,0.26730208647379183,1.4604768335232963,3.8847223540154405,5.372648434517206
8.380081076842922,5.745201598891601,4.307338923839125,2.35425796123658,-1.1204315786606651,-1.126892901707502,0.817681414821008,-1.0167885222822506,1.9567583641996011,-0.35113388357902714,1.5066383245172357,-0.20910986784529825,0.8391897404369242,1.1126631908855273,2.4966158471302107,2.093511559623652,-0.23460021316497753,-0.15030833216388348,-0.5561215574391002,1.6061634555903173,1.5044388054586308,2.872486148521813,-1.5290111872248704,0.40866878725428196,0.9275323399015295,1.0554615178343403,0.8596667729571968,0.7536812079262751,1.3398654749644858,0.7670219281514066,0.813607354552274,1.3721094546558796,3.345563235424597,4.577914314341252
