script/wind450m.json
{"header": {"parameterCategory": 2, "parameterNumber": 2, "lo1": 3.000054539987559, "la1": 64.9999836372058, "dx": 0.5, "dy": 0.25, "nx": 34, "ny": 52, "refTime": "2025-11-25T23:00:00.000Z"}, "data":
[rows 0 to 23 of 52, columns 0 to 33 of 34]
10.485388165594866,11.036591686603918,12.036883362126884,12.45240151600582,12.527168807378947,14.446182854439053,14.56653649479966,20.31595607274053,16.58270392129194,14.71607258571942,14.930521734107131,14.234890375899369,13.348788494703134,12.891417714596182,12.496297893466213,11.362288206313018,10.544231164499436,9.309337935979945,9.936591106176992,9.55481953835914,11.323131509123675,11.083381481086722,13.598323112381262,15.320789545284095,17.08164418687764,14.706466050386178,12.058735213973923,11.0186458375262,11.240024931970263,12.623061716488012,12.941596163299932,12.016497472748224,11.501359914745015,10.744407431458493
11.209904922991974,11.435243553609704,11.175617046931537,12.776432401780205,12.28251092307677,12.549811163450885,12.925398711115553,15.865198628668693,15.120980180717233,15.230893386276986,14.906664618811211,14.280094310700258,13.368675837406643,12.94589452741796,12.850580516986573,10.973449741891509,10.475983357231282,12.22688806840507,10.255537732458032,13.954658838523445,10.148356478209434,12.733532760778337,10.644564175484563,16.219147005418257,13.07066887940489,10.464542869955249,12.69096544731453,12.387508004761637,11.721777790005335,12.473239802836181,12.058823298214964,11.643130190232228,10.929917225195105,10.063160872232059
10.868307656825333,12.75695242755548,11.65264707882571,12.101138959317716,11.246337945482685,13.913836922098117,16.466236255610763,14.88391062198111,15.51174483355871,15.164974809116497,14.98971506522546,14.307655232616174,13.520599169427534,12.917849383973058,11.491885294887856,10.229449899291252,12.178803840704347,9.602692020293631,8.590378175790056,8.468090290050755,11.832457064136163,12.069562793375574,11.990852529159449,14.722966414958284,14.805886578651968,11.335087229826385,9.893796487733935,11.110769166336684,11.843873498639876,10.571578116719678,11.431940438833724,10.298847848531453,9.155348698304477,9.307763881524856
11.422477296296881,10.456169365788243,12.714270378354986,10.687786489143203,15.87401495600454,16.417471926865367,14.544301235844799,14.810086792561142,15.244177997229373,15.061169994005159,14.345592423363735,13.646961852215938,13.453520225075254,12.10580306116605,10.650809811382757,13.973771659129595,11.995664287336927,13.004164830242939,11.746551224756594,9.990774381424346,13.141920804781417,13.379032550698838,12.66350062100063,12.83431780354641,10.02142097744809,9.92741601006409,11.204331153826208,10.410326179051614,11.002892791205557,9.87759279260002,10.112879541091244,9.754986646468941,8.391266645447928,7.1077984634376605
12.173896098184448,10.483198214516328,15.825189122879014,16.375644956852565,15.468253392000324,14.600860327871118,14.006394891527243,15.050931886727406,14.691823317947605,13.938914087137563,13.314051183803999,13.133297352303583,12.03444199081184,12.735173065238918,10.519390423668598,13.31562991918815,12.546016146854994,9.541431799550743,11.839330416676107,13.152289463949868,14.965899333657802,14.566811821577433,11.015327004526446,11.694078740258782,12.455493886830492,10.901459007636856,10.031137181849578,9.563777630324433,9.827969737355938,9.42166113057298,8.514669095076137,8.398296472751294,8.146661275650043,6.381991296000959
13.866120337295506,14.055137104254019,14.283876788923791,14.285583175568533,14.027491652078725,13.4983176628338,14.304984936473272,14.221153525113811,13.677770626815489,13.019276335582243,12.499318776593618,11.65616101447002,14.187063260735442,12.117776878807057,10.295701700603315,11.44592458682843,7.5361116591418815,9.075089533039758,10.944105956697841,11.752545563142462,12.156822437803648,13.0161982800706,12.587955559520589,9.935299668808913,9.833020871964301,11.19876406721403,10.559884480327133,8.230155130797202,8.179136387646293,8.255909303592507,8.252441179792218,8.675152641517746,8.376924117993068,6.983498249678286
12.830059270153402,13.37618417554149,13.197816323002773,12.7918174027063,12.821639101442942,12.924909878956687,13.488171846199117,13.04358282255465,12.941393314114093,11.957939514306018,11.382935948343684,12.520339748044034,12.32708230892991,11.542293112202714,8.2197743362641,7.986988317050794,7.400351300275626,8.3422864477038,9.68966354464011,10.00226155094153,10.39247348205059,10.978861683113115,11.417087538895272,11.043829473911611,8.630889209563781,7.340327737323324,6.002047373079406,5.8339350458696835,6.289182259274302,7.861154025670599,8.447891088625262,7.905323325117981,6.5031166683384125,6.65643047908872
12.105489259278576,12.051470798083411,11.304604687040873,11.66928692465968,11.931474862709573,12.049675241828178,12.314569715384621,11.906209856831804,11.151531536427633,11.579361976455333,12.556110973796866,8.612158790156764,9.043655013203077,10.236207040585619,8.47893394231813,7.537988189478742,3.7035672364299637,7.946485608933867,8.308821327941624,8.479069046540351,8.798752436340509,10.0086784183216,9.526898893872469,8.155492449612364,8.234063640645864,6.9247123668480715,6.214214878057122,5.370301438160718,5.597916096674133,6.61529107714839,6.880444061544348,7.06764955012358,6.27786330517029,5.871970875733799
10.852242416602376,10.389616827901508,9.9400052875782,10.653077417967102,10.403390355191473,11.408073674609858,11.274361691386988,9.963892286166333,9.741192731951852,11.408695217575987,8.549853830524947,4.633283237976511,7.684575244052195,7.197276002755277,6.620553490323864,4.101844198165854,5.370886058651122,4.68765055807944,4.962744711171644,5.715152346973598,4.645753492587183,4.314401348944534,1.76787347783267,6.2144607388551485,5.15766955975303,4.40117572174489,4.64188646913954,6.083698944857647,4.148958174506064,6.0170034182730605,6.735733269629712,4.317104091196223,5.775559180749044,5.383704618020306
9.3732376790109,8.567226001696225,9.335948791317811,9.32020926523544,9.515803287695961,9.950343996450336,9.216045077029408,10.575570855672888,7.289168233750482,5.8042297371665,3.8484773677093282,3.5222123445383278,6.7066746508389485,6.249354698282458,3.124528956228974,4.559143599723646,5.136084160250061,4.712874661312535,4.789838957516332,5.619150415985321,3.955372015049437,4.558760934573771,4.076221598246389,2.3373499396328388,2.9868598991068263,4.044425860154603,4.007662311002747,4.721192201738244,4.8417931480598275,5.729473440983166,4.954774577539873,5.198944935030705,5.466741480252182,6.364451569592362
7.866635134705674,7.787501651327579,8.339327477854573,7.8061962085072585,8.54300529475831,7.518883448070651,9.08327406913578,5.3637358205349335,6.813971973099298,4.1705371810476075,6.996903200404324,3.5373334076811793,6.080363248717153,5.4499469091851855,3.880445871488923,3.059515817772965,3.56998378099675,3.364184553372618,4.847069105021134,4.850760535766921,2.951126931704233,4.42508868952483,3.186884231911612,2.1676509686370347,2.499686479745425,3.0730097248995842,5.306034686103973,5.345037314250279,5.290846140046609,6.115564796566239,3.2964342428730826,4.1989587103356065,5.1329382908959085,6.6322543023281355
7.176485941935764,6.941159630738436,6.848726685883156,6.7737866360381105,7.423668410914854,7.119616458829418,4.533357804153853,1.973281936685213,2.0538052813512913,4.6778318520716216,5.183384997643795,6.305357301700455,5.998138105703314,5.507382493511259,2.578394235377125,2.814892373406471,3.223353508933466,3.140533991592068,4.04560584688371,4.073438236518254,3.8771976304155444,4.401018084079103,4.123707980787678,1.5518833942137447,1.1948422739844953,1.687673917868003,3.5746243854968105,4.964188593980518,5.546758896902513,6.131102702064466,6.717729483488457,7.887355450487872,7.431168371713056,7.443772969126279
6.409544413684529,6.053233365818815,4.918810910643703,4.911361513135718,8.29898287478781,5.8693889038791465,3.6531224339219324,2.105412765086851,5.196067254178993,5.646236913448167,6.10999829090997,6.014532508089932,4.312923183463131,6.060651501946379,2.8934096231961046,1.6697793857052032,3.0611894525138506,1.5298034119929482,3.7056847174540906,1.6471072754576357,2.7134572548054816,2.8404321981333784,2.8474009452880815,1.7948294885453604,1.480758127605987,2.402612564474625,3.6222376897634,4.932061036403522,6.169389995636361,4.650725443485292,4.5746065704405225,6.574920446716604,6.841563962204156,6.908825358237564
5.613641684662392,4.527457575888295,3.9856398543670797,0.9991745634279081,5.758912837042331,6.26505703246176,7.742385398981173,1.4783887809101526,0.6765562550613781,5.165794571703204,5.549827719008972,6.415211064761487,1.1847173097729247,2.1741876092907497,4.457036145129212,2.0580722215413,2.037572631851354,3.019407327302575,3.2328430268644293,3.3260247799687175,3.164908277204383,2.6204748735071948,2.2814761231298957,1.9674693726685049,2.1307805023806865,4.578312370174668,4.585421561924286,4.746971737829628,4.60539438443106,3.7271242909482747,5.400939595662937,5.962913440076438,6.720976189431286,7.128704659553813
4.25457690272777,3.8278095403167853,3.233305081430407,0.9002100865499022,2.471213807556522,2.472290365930775,1.7556870455775453,4.248722019946682,3.163285698160465,2.881206698852897,2.660105463118236,2.5663040816488265,1.8695588387400806,2.19122942729297,3.008067865447484,2.6403116619114217,1.367524434046851,1.4683396502668438,1.9688021946935657,2.573174899348115,1.9059893742914291,3.6383365603688165,3.733911363940546,4.1533628375978475,2.3063155337821812,3.9517117800056574,5.0422667807269494,5.911558239830387,2.5343471022682813,4.457297723642692,5.761457376858973,5.969212014178077,6.90221083182927,7.2179406931145875
3.7625068156552097,3.676935586610863,2.148790941493103,1.973328856967835,3.8496204920798327,2.2891319907058194,3.5752135890736563,0.026572394585669405,2.110309005960302,3.3109649133558996,5.075160410935907,3.1745679179112765,1.803734439430435,1.1926776857277948,1.2092731212673056,1.963351067924784,2.1463303155267033,1.7079253460846564,2.4456842862381922,2.1942281459144097,2.5538828828009827,2.7548386247507386,3.1745491570948956,3.505070079497366,3.211667026534094,4.469137661069803,4.6031723039290275,4.904622621370669,2.6595828415482443,4.364729409484016,5.406559863958786,6.189936767479847,6.961819972185428,7.077776838285197
3.7019332168474657,3.4385066700065843,2.144661397447564,2.2831547573595286,2.8792374671712007,3.6102645035534673,4.204136878965653,2.394824124693804,1.5413485116784824,2.6103811695165002,4.213602239823862,1.2858329827770714,3.978192915210454,1.8363730122852424,0.863404833213382,1.536022753073698,3.1899029587224472,2.986839039681058,2.455919295114931,3.597420972889755,3.082775542579493,2.976479796917977,2.756900230320354,3.1695886221910023,3.4455952448424294,4.551762019104509,3.1543919164271816,3.308968466803085,3.0940129192444394,4.179610484358913,5.432759512664696,6.142436913450788,6.752751661337034,7.227593600385609
3.5044944038087467,3.0948843507267623,2.4185719629124627,-0.0012712649369823296,0.1844291423458623,2.665722467671649,2.262560787319595,1.49011744024855,2.865225077805081,3.76473415089181,2.3341273448713205,1.6046547136068932,3.504605006228781,2.5320393752939085,2.577198196680376,2.101318111222607,3.2023856866351723,4.074770944496725,2.5928731476161384,3.465615188386942,2.6637302958074933,3.804370492725874,3.5109446543877127,2.68884648545486,5.046311220730203,3.623191527018082,5.269011171425024,2.488127749277382,3.306724419811143,4.294623919867858,6.116455180104484,7.127153847595844,7.285384513441799,7.423060820829197
3.6542763637434468,3.0152472356803566,1.9791578258703577,0.920792192611888,0.03432343879979569,0.5050836719581182,2.6709994799666665,2.179715727442758,1.1290877842008438,0.7554658148969247,3.9703160617150846,3.2649090139754544,4.302580778893446,2.535472833735463,0.7861128065715086,3.6360583189776188,2.4476377293438434,2.8640065336208047,2.6304291199777508,3.303475281316266,2.9704112796093938,4.188436371842556,4.608896320881464,5.011657161733279,4.742608322437682,4.5536788018272825,5.960488844697842,6.606632332469357,6.205919920655036,6.035210476089282,5.814437279490958,6.0950279658055635,5.976964565215826,7.0425811383867085
3.2788853220153356,2.6714964945401833,1.5297815222698188,0.4094068664937819,-0.9540441760490591,-1.274354751221777,-0.5517079252737261,2.1045289606052333,3.8839620066465983,4.619767806288888,4.757704398567837,2.1185651043321574,3.2588396596683853,3.1649258407724856,3.522960428014598,2.009310007525169,2.3776338921562203,3.422922281365295,2.963513037612857,4.3524069952758655,2.878559410422262,4.682942980191426,5.3364772858352225,5.231893160661756,5.6324632538938015,5.453773316519148,4.653647619971359,5.888666967976492,4.830408097924225,4.216149497459846,5.591538061365193,6.955041810965416,5.786697101964228,5.160162963193385
3.094497209305051,2.3975034339778514,1.1945689843948857,-0.01167309173050629,-1.5084953244400265,-1.0266390958770315,0.05116197144478628,0.08606087067058203,4.771798965172932,4.100619016603967,4.882556374860533,4.169911645692815,2.7332606375931667,2.4581249833001384,1.8102694619031323,3.025884087289036,2.7651275357866565,3.1232496232127,2.6508973565501277,3.044028055672154,3.2226636638779165,4.207122319707362,5.406243893257656,5.623444691595923,5.839594198297737,5.160461921220611,4.069302767699328,4.084463447997131,3.7370458237824926,7.433223570119122,8.838148342976163,7.83724955906313,5.2835010738646115,4.234629200825011
2.535039275128013,2.274653328437334,0.7707524206271836,-0.9213172111298861,-2.9626218407778864,-0.5201028131415528,-0.22704266051429975,3.1167530011364386,5.3521241971366,4.204952641099943,1.5399092306011366,2.08374294067988,1.4702960423922724,2.1490986607785207,2.5582889977791883,2.085964018844163,2.4117243210113646,2.0501496173860096,2.2764738938499294,2.705891501637401,3.3852836362922107,4.210417608296309,4.988375850156347,5.426255643802943,5.541145353282571,5.137014892662362,6.140369897660314,6.677344603422167,7.683655785959055,7.672938629716065,6.913082441650979,6.4816183779104195,4.86692176791987,3.260513252401407
2.5258121308005443,2.2859415739658324,0.6038270258768883,-0.80496494094243,-1.6711595685039082,-0.4704194465607929,1.711702604543465,3.0029221950912715,8.282173306139581,7.3357013602879535,3.0931297187919062,3.673325615270475,2.9585454958052204,3.6767804912307027,2.9664106888664588,1.5103421022058292,2.057621067420479,2.668002479677007,3.535505162346109,4.4149999285186565,4.094613173354268,4.110249712590609,5.317500430563486,5.795291817848012,6.026472483983086,5.6886989214162895,5.112218206746817,5.026066798304373,5.600229528794949,5.662104421586494,5.379623669284354,4.613710114126077,4.29730590849808,2.9982147184599315
3.010450349385502,2.6273236196516407,1.3749595748746477,-0.16843779482764462,0.940602214480774,-0.9996435137360294,2.6727448978279473,6.075661633366206,7.116109220285706,5.1796419769601245,2.1422066861786417,1.480752299206725,3.140093743530772,2.762409863697582,1.8648001969027934,0.8320203365615112,1.915271117162994,2.932876122969348,3.048717369696348,3.078978376981345,2.912380621281254,3.129569195832513,3.7118271185090785,4.513367634511589,4.473220221642574,4.229830135548553,3.712364012875197,3.6869383457899696,3.797430329804955,3.9593821461074103,4.304079991325256,4.299926095710849,1.9531369093044013,1.9943448794605532
