script/wind10m.json
{"header": {"parameterCategory": 2, "parameterNumber": 3, "lo1": 6.000198445256149, "la1": 58.999992894266676, "dx": 0.5, "dy": 0.25, "nx": 22, "ny": 24, "refTime": "2024-04-20T04:00:00.000Z"}, "data":
[rows 0 to 23 of 24, columns 0 to 21 of 22]
-1.3845825308979876,-2.377814762973722,-3.316113931524165,-4.02735259807604,-2.9463366868605765,-1.5766950395245007,-1.7813765973425109,-1.0245226050756067,0.1543301955371733,0.42074585286676097,0.26568574663201444,0.35273997820945285,-0.1181063979617026,-0.7728837905931009,-3.572147828866263,-4.279827642717918,0.04747809203720708,-0.011780152706982286,-0.4598941834839657,-1.1005475942637901,-1.5227730106208772,-2.1649380050917495
-3.22920125828377,-5.464361109380293,-2.8113840209117775,-2.773595980338928,-1.7054201224833354,0.8323508525602721,-0.65354968641814,1.5840549481334054,1.856131865130998,0.7089981036843546,-0.6335887595614159,0.11181491441853011,0.00998664601491808,-0.6382241147217553,-4.879857680348396,-4.803904128432951,0.44705379929416056,0.31310585211985087,-0.30388779137795613,-1.275373131568746,-1.6071202544195944,-2.4600162393768903
-1.6155331640438106,-1.0735216948576969,0.8203655099185945,0.5095546694614993,-0.6868793096114338,-0.520700422450753,0.7470070905039724,1.7533748000144864,0.8739982412917224,0.37678891789859303,0.4802276152496725,0.3415572060817844,0.025197828744100634,-1.5658868349125874,-2.3512310657683293,0.28523389168672314,-0.5042101697195794,-0.7360005270025464,-1.2527065260500336,-1.7974358500240923,-2.180706743331623,-2.4055018706820026
-6.134978806124461,-2.1384114954756828,-1.2359039886252539,-0.424932929536536,-0.47402179897406926,0.8681574047336532,0.6153514179902385,0.6283321395296046,0.588966056705865,1.1756273580677048,0.015664981692780744,0.7365040784191869,0.4362596681078712,0.25634849507503066,-0.5676212077184662,0.7999092741657332,-0.28140210660438103,-3.8867732797074668,0.2869293196202815,-0.9520182060749474,-2.18582130167736,-2.0152389892300913
-4.540894912980184,-4.812500444368266,-2.428295986276296,-1.1108180472347238,-2.008234334849013,-1.5091981551607954,-0.7780912216524514,0.013278460914990181,0.8317456050471257,0.11982684351149198,-0.8052309681895109,-1.318525898983417,-0.39738459947994254,-0.8379987602090141,-0.3468305762222078,-0.5938794957086297,-1.3709742721853235,-3.898456994002422,-0.3998656154740656,-0.8444663740767736,-1.4219265392140719,-2.291419371154474
-3.8030972282262048,-4.8251971569031245,-4.370801306267694,-3.7349741877916114,-3.2948809637723806,-2.9989869521206365,-1.8491781305874457,-1.0362738599331538,-0.8679639941121029,-0.45958455657697056,-1.6528015448853761,-2.4949778219143592,-0.17037602900880056,-0.4786072799917327,-0.9893273312324141,-0.904993941580623,-0.7461128313534928,-0.5503926949132525,-1.7410338534911238,-1.0943283727146995,-1.2970951895447578,-2.2928254368895695
-1.8709783288383774,-4.22975270709174,-4.466428511021297,-4.380409248405637,-3.698855843210513,-2.7454139511909927,-2.246131227894404,-2.1101905476527536,0.6385130022197745,0.4424376438845246,-2.0098414036295758,-2.9262614406047307,-0.6279704375730111,-0.2715646901579671,-0.4121569821620471,0.08570665121436562,-1.4429875984350695,-1.3987184560749262,-1.1240217686750256,-0.8114889698893321,-0.7413968829507019,-1.2495194369302813
-0.7570835807407884,-3.327308953957729,-3.9132730030683267,-2.6420192862613767,-2.8779251535468346,-3.0868577574284717,-3.120519825348401,0.782462905364799,-0.8212220728720326,-0.6635543809241087,-0.6432211455010953,-3.0070764518222965,-3.177435888082803,0.06829397880978814,-0.9191178187210418,-0.7278936796345331,-0.009086163244091734,-0.3278210166600417,-0.74218265146152,-0.9391472050122315,-0.996901825698271,-1.7075594196806114
0.15637634872415668,-2.74229340819649,-3.7082513740916623,-2.9437688792041974,-2.926565196287496,-0.027592764570940637,-1.5088888485058303,-0.05949755723034202,-0.0021868720439591127,-2.593919112695103,-2.6602411816966245,-2.693494151526429,-3.0839227677659253,-1.3645674404672035,-0.7903701705137759,-0.5644700217859874,-0.8574690354389795,-0.8920237934368065,-0.404120530042335,-0.7921994839460003,-1.0268610095480009,-1.6590331349369885
1.656280173697143,-1.880509492186935,-2.311631059586399,-2.703815257865397,-0.034151609120224656,-0.612486110202895,0.13538549269430575,-0.7709851526933004,-1.1645398580764688,-3.447100615243052,-2.639835668443707,-2.686082040066939,-2.8171815149620594,-3.144125520927347,-0.6343593892776149,-0.618441034370494,-1.0209539959517695,-0.8697553950958278,-0.9578585965336057,-1.076512254276427,-0.9752127920155144,-2.9025359106656747
1.288105118072123,-1.1810055842516116,-2.4153321063357263,-1.421679332348066,-1.0090416144607677,-0.27901961364724,-0.22054607543365376,-1.0372496925900285,-1.2693714236775537,-2.7039658846907604,-2.31037465037798,-2.524688688951144,-3.2928393485922482,-3.951849789551012,-0.48906093754923674,-0.6392584293524175,-0.9438151140386198,-1.2699420108030193,-1.5426850736037305,-1.1497771461141537,-0.9794905868762638,-1.9621450282841832
1.1018321155856061,0.9696024132421829,-3.032513038020045,-0.9241931530273098,-1.4965277795608454,-0.47363367743378043,-0.8162401854724958,-0.6687532379401064,-1.1598493293905094,-1.081969873806681,-2.3655749286853713,-2.404453776343629,-3.4178671951450355,-2.224516447958066,-1.2294263410486759,-1.0427540164168123,-1.5031447918457068,-1.5070769760058471,-1.1986503733194016,-1.2345864701330083,-1.7139967748147487,-3.8303614066418237
-4.524828527438218,1.1805066386866876,-2.8474506373494872,-2.127547690307108,-2.3815424644156815,-1.498516006846989,-1.1278965345442427,-0.969949618000112,-1.3626235076677018,-3.349895508020662,-2.2429731843229765,-2.0766598570979484,-0.07428561355683054,-0.7650185186439047,-0.9441085444375041,-1.116718966563726,-1.9638517292565458,-3.257370247304401,-6.4567239642652625,-5.992947393487,-6.347934830199676,-7.618271699838123
-5.772637568383938,-0.18550452464832518,-3.1806945788102885,-3.1549071900826617,-2.8477900214722927,-1.052882506186339,-1.3041995014780614,-2.0005247869557437,-1.8784441486360521,-1.3735655619062628,-0.012118314808485426,-0.7310475922058187,-2.077496569389351,-1.195599443614261,-2.0032981234389093,-2.356571694430277,-2.211390664517038,-7.1130710575430705,-7.366786462698814,-7.479982174770102,-8.032107075956077,-8.438816598725442
-6.9272878941289155,-2.2724663177611713,-3.868982473605345,-3.9545027831661783,-2.9540396049120448,-1.640526681549737,-1.7277637695384014,-2.459255308295203,-1.8320387895321917,-1.1152344921803725,-1.812106584540292,-1.3824291471023822,-1.885577331075212,-4.642313923323159,-2.604694893839057,-2.4669626350835334,-2.755622935321837,-7.740615379181312,-7.949768229677116,-8.34721506238903,-8.69372495666771,-8.858347239350556
-8.216851433770577,-4.548614621960676,-4.5503112621350175,-4.60294232606642,-4.338895225996088,-4.179358970578092,-1.6308633868702533,-2.2764083283183134,-1.274625743485517,-1.0721536489298331,-3.1115165130511175,-1.6637894765912777,-1.9000879863480928,-5.572217084584668,-6.657662117830662,-7.078581175852142,-7.835673714458706,-8.167694604399378,-8.106828842049092,-8.590436224150901,-8.668271336689378,-9.06929507740584
-9.555680759987279,-7.019433902870523,-4.831065695197763,-5.583651524235154,-4.780924744372323,-4.939685231540912,-1.6240225934491705,-2.3486795477503235,-2.390321440304215,-2.6648126468170004,-3.7076684941252767,-4.7293725516804,-2.354399172239716,-4.9567700850785545,-6.683379446238614,-7.964583013373582,-7.808434495244037,-7.477837995041848,-4.709918680429191,-8.594097942704487,-9.035098481379805,-9.190303881730946
-10.23235133903278,-6.216991775340839,-5.894474866009419,-6.521448092945457,-5.148915575600914,-4.793124668366547,-1.494964526585057,-1.9298437430496223,-4.265106602104465,-3.672585323554791,-2.9576385152703595,-2.312232869439548,-2.415170956198989,-6.636160975900143,-7.332088718191761,-8.167425366221261,-8.03642513831547,-8.177441414722622,-8.726059068432548,-9.157854948233751,-9.13187524313702,-8.935815327693422
-11.020435416300469,-10.441879345600107,-6.228589154890654,-6.890734998195868,-5.522649375748042,-4.862946384219503,-2.3597099181883903,-1.6528578200975161,-2.437443327235369,-3.614629867948533,-3.3543827925724647,-5.309289476085973,-5.944082065445868,-6.722432699388692,-7.359364909271294,-5.1848520185879625,-8.552830667390385,-9.121409226889881,-9.213854763517167,-8.999625959525076,-8.986309891731928,-6.0011275521732825
-11.231907962898175,-8.047253877586412,-6.863662971202697,-7.512665078711883,-5.966785879692747,-5.6853155502775765,-0.8397806262021086,-1.5771547644065655,-2.437241840367074,-0.43440488964667656,-1.1332290510981402,-5.780754486574405,-6.677302063510522,-2.774681068960325,-2.9158785283810364,-7.856576069939463,-9.646569639802351,-9.676544715452842,-9.470124288109327,-9.789258072167373,-7.73832731682676,-3.8891504384002293
-11.270795415579213,-9.151306070171032,-7.912656722881481,-7.755044396247208,-7.049648113727751,-5.924749780695597,-1.7047456494091933,-1.9536856280788257,-1.775193857049273,-0.38930816680644637,-5.068575299229727,-3.6885991932884603,-2.0899958219389605,-2.750827254619978,-3.25297961311846,-4.861417395598734,-7.815380792524948,-10.166928753128877,-4.805418128895353,-4.981792891644777,-4.446842445457593,-3.761152403056267
-11.472951042377275,-8.823903199203013,-8.440203453850497,-6.595180267811587,-7.25726682171732,-4.663553526887368,-1.9461318497869342,-1.794578552208902,-2.365622633019051,-1.6295933644331937,-2.6586955672043477,-2.976369914425432,-3.764687550222713,-4.358392558114305,-4.104322438558182,-5.430422016283045,-8.099438732554258,-9.030570736652178,-4.282233061086701,-4.498196777832014,-4.636762690122668,-3.4507407079794374
-11.390863647680174,-7.914243651238556,-7.7471333453448645,-0.3139108866957953,-0.8335712921511277,-1.7169440926437975,-1.0367772462177265,-1.2251248844272096,-3.0212596534649907,-2.2946541443997712,-3.002052895777133,-3.8039422226187836,-5.045555271289055,-5.2578999356929454,-5.852403167107468,-6.447523723620869,-5.434618617523347,-4.446574756578385,-5.7623136839481095,-4.526135737423359,-4.600380726217392,-4.167018517169517
-5.989352390966871,-3.154623817972236,-3.0503972526349594,-1.1210643185296798,-1.1098494706894366,0.44948616112719164,-1.441933092101921,-2.1108323630782975,-2.1983039136976172,-2.790255131439753,-2.7265298136474576,-2.787095043732327,-5.323825498441155,-4.240794356516413,-5.84409068925415,-5.811910296867124,-5.755264408908826,-5.025786771018654,-5.898074811622861,-5.280773585459189,-3.891926710566259,-5.1341563797100696
