script/wind250m.json
{"header": {"parameterCategory": 2, "parameterNumber": 2, "lo1": 6.000198445256149, "la1": 58.999992894266676, "dx": 0.5, "dy": 0.25, "nx": 22, "ny": 24, "refTime": "2024-04-26T04:00:00.000Z"}, "data":
[rows 0 to 23 of 24, columns 0 to 21 of 22]
-4.788607900678923,4.099445555340841,5.504660829248148,-3.8246546665632573,-10.238788945543758,5.917961971508065,-5.427120887822876,-3.7689936551919594,1.3037320220632926,2.6754347097661877,-7.417901609854295,-6.225055405741345,7.185062234977172,-4.912536984338592,-8.699254144401747,-8.762689612940813,-7.745898878780027,7.6564524908011125,-9.837443617240117,-4.888836720535309,-8.547427574744415,-6.07177928128995
-7.658347740902652,4.829745628852308,5.74567801521643,-6.512681729197515,6.708098904059005,-7.592461489457012,-6.224621700642924,-7.357063693213066,-5.586525187077599,-1.3402532262049367,-6.815024427818359,7.063622786353252,3.9476920404216425,5.917281189709695,-2.1150307530421943,4.908193631462479,-6.870661303099625,-8.547278768220574,-10.857075685850878,-2.3771082234092655,-9.225931270705994,-0.23705773764614227
6.0397575890015744,-6.711133488493656,-3.569154582288028,-8.700777111169224,-4.597472413549126,-3.671015053527551,-9.099222417090715,-10.757798403399303,3.256023982096129,-7.687695795940795,4.943476270644171,6.449671095625009,-2.6194293750825364,-1.1376848785990101,-3.683948424369951,-0.8987299789113528,6.156869738958324,1.3572493170005762,6.958611710357051,1.3294307839716384,-6.073647619806113,-8.046765790815051
-9.256011675704558,-6.752321630591626,-7.729809317704878,-8.946982695294297,6.311076652643645,-8.66727673502986,-6.218885539958512,-7.692101076003088,-8.329115625436863,-9.035854061352833,-9.112297274300726,-8.624381742466902,-1.8848651457785983,-4.44299139459841,-1.2866043022858926,-0.06804986250333227,-7.811689734814558,0.0694545212209662,4.747362686087812,-1.5285342312323622,-6.363752228663239,-3.580481263427304
-8.5111073383963,-8.736617743417792,-5.035626191822525,1.2737335483461076,-0.19681302154078664,-8.821679922320174,-11.2986601381957,-2.795572557058091,-9.872694891570628,3.489655326859262,-9.139090771722188,-9.712381053325464,0.04666987418789984,-1.9033137937459097,-1.7702240197416905,-8.678393827053311,-2.8769366966158163,6.742737098974591,-4.156998767431387,-9.821062245003944,5.293280138837878,-7.076347758301142
-9.345650495652386,-7.462142890471256,-3.0678344473587322,-7.2570666761215845,3.796494520013784,0.5659198105680442,-7.246980477613828,0.7235322909177581,-4.942161280254794,-9.164266682355484,-0.30939471497509546,-5.611977073699609,-5.85949661321575,-6.9746291632240105,-1.771760565760438,-6.887267949344192,-6.468068314433068,1.9520935672646436,-8.031443063577973,-0.32869653895247747,-6.819336988702775,-4.012809918553314
-6.987120170771939,0.5093829548081996,0.820500392834713,-10.767413633154698,-6.408216783817219,-0.392776512010642,3.5363614327520314,3.7848389775487443,6.521325556661206,3.685453228943338,-3.902510087703602,-8.11838065658238,-1.124949069234413,-8.75279349391295,4.2914393129281985,4.472732169513487,-1.073574800228799,6.705454713801444,-9.039082895744372,0.8703858572531169,-8.841756528929182,-5.850100633658354
-9.176690886907686,-6.394824249310892,-5.822579569956402,-0.21078848149033014,-7.917544157163931,-11.733296670927626,-2.988734949909115,-7.515093570646517,4.425044132713236,-6.931642364825684,4.231698120980895,1.211566716497408,-7.593394552397064,-7.379882809543919,6.151704013077587,-7.0671618628525374,-7.748207433128023,2.1837777386286987,-6.744784026954436,-2.57084898652713,-1.4838803616769294,5.707172437634718
-2.3814622392400198,-8.51010434059368,-5.354008478088615,-10.51387097345188,1.118044625499999,7.381602027001538,6.568338217876252,-6.976422694549021,3.8313539002502135,5.875973569982903,-7.967877501417871,-0.5052887239708375,-5.62692712379321,2.5710967351666856,-6.7269542902865265,3.119023837650402,4.477758559175024,-7.669580758157566,7.198281768461456,-1.6019020563841824,-5.4104315242451095,-8.512262416290904
-6.057323169170557,-5.225484914746322,-7.0759590930764915,-1.7779939902063422,-0.7908376669457118,-9.580755516281558,-6.435279319650706,-10.490364053725385,-2.2920804348624952,-6.812901029292969,-4.964570394230397,-2.87131775975705,-8.528290732460986,-6.81927414700743,-6.24822506678436,-7.215225705785731,-11.247785243578509,-2.5064577734604954,-2.4908250469456115,0.8695210469458631,-7.0575022934568725,7.958560096675924
-11.951745528065025,-9.68359148620843,-4.836688440618239,7.191564743498978,-9.341973948127533,-9.750183726989802,-4.822208708160692,-7.211317991374254,5.120115202811647,0.8480045769867217,-5.642178651499501,6.467848163253358,-6.142614793089282,5.116177533919308,4.780690765677457,-2.464183815522137,-5.358759247727483,4.245028903044521,-6.940295214040069,-0.854985728861094,-5.264580543342697,-0.0034752255889649473
-8.21427067307254,-7.401588751750467,-6.195569683152877,-9.872086215521946,-0.9974458788349063,-6.668423432776697,-2.831729167680033,-4.828486332004413,1.4938598790953201,-9.662362339386396,5.954992955254522,-8.882348192032492,-2.088271152143478,-3.7632664369869633,-7.705695822672436,-4.5726377933377504,-0.3029766582716989,-10.147322297349152,6.460505821567268,6.531920337681641,5.5078255572760675,-6.0743916930277795
3.2573021422771617,-2.4337457925459223,5.77514021429326,6.804579045425363,-2.5634706088629655,-4.487155790816755,7.016809472773689,-4.125984964382809,-9.976283835909033,1.1482642420766833,-8.803223938254343,-9.660192802125218,1.913558302324625,-8.859672137900409,4.809544939238531,1.2127884278622059,-5.165977606568977,2.8729819881134566,-8.715447309551479,6.5171323098700675,-4.411322915943282,-8.423418302737849
-0.1371325379143088,-7.165291651382696,3.244172972606433,-9.245419925158206,-6.337820473496813,-1.4665557075071511,2.581083504831564,0.4975110868466321,-7.825723066544394,6.761927949685696,-3.3759500617329476,1.5321552308889614,-5.268675548884465,-2.1879154129381044,-6.443655582131823,-1.5217649374664648,5.9351454078402766,-0.9848251151648744,3.2816713255321748,-9.806592720873034,6.849703442877643,-7.355849102782003
-2.2275292260336657,-9.576482607060255,4.708615194865905,-8.938748915997712,-1.2520369567540568,5.3378291522228505,-7.185338902040916,-3.844011172977212,-8.991640738979298,-7.441569341346042,-6.691209853214962,5.5887384305581165,6.077064096347625,6.315059933188226,2.203510137279144,-6.489838337790171,-8.225067075212445,-2.1180810619419748,-1.9763150245445085,2.6168141315351643,3.5324347833161833,-8.776126751584655
-7.432324379172684,-1.8313601443835226,-1.609123228804116,5.694441912862792,-9.761970313085975,3.9590035161274892,-9.824987309378942,0.9762123091058853,0.44920950466936305,-4.132809300960826,-6.182194848446012,-8.306086962482338,-3.5428039307456802,6.1198761157047254,-6.666586778249152,-9.26549285879771,-7.398325984072388,-6.584597627242033,1.192712269152143,-6.7292470222627125,3.248429178379441,-1.373917727200656
3.536734858184073,-9.383281550187682,-7.541773418005115,3.412752474662988,-7.434907185736514,-0.3416673518328515,1.5280841332794508,-7.331074902556739,-8.381528301950132,-4.643531740040628,-12.444471567790911,2.794535423527687,-6.841635721917264,-7.978452999914351,-4.185082915686668,-8.217901952443155,-8.028818201858945,-1.8936413056608963,-4.930311749542045,6.352968591425367,-11.309218566680242,-5.268614446949796
1.1664831147511054,-7.8229509197501415,6.418283698821965,-9.205738198803331,-7.251692148867835,-3.2897054759940354,-7.002224131452554,-6.2542211526601825,-10.701625827071684,1.152669685233339,4.132220043991888,-0.3324504008541787,6.6165624357680874,-9.133648997157634,-6.860919804564029,-8.253232358805306,-2.5211376772928964,-6.330582828389746,-7.3175747285671315,4.24712187985383,7.768393486168226,5.503522858144226
0.0930778084652438,2.5471584812334327,-9.794942331995001,-10.042915996871072,0.8214623016673288,-7.388865104873759,3.098006219837478,-2.245928806735483,2.7969603690851956,-8.836084333423441,5.282416863801235,-6.527220944823065,0.9357866507287826,2.2142449374264546,-7.925812685609896,-6.482553166469155,5.255598539406513,-6.541092437878018,-3.8060747267029833,1.257211804754254,-2.4569875794830147,4.771287740325338
6.259497708884514,4.932042659849886,-8.075746473705106,-7.885092760223633,-0.8029501600104831,-9.482878827869271,-6.554981119254793,-8.039840435724868,-6.687141346078449,-5.940695327177854,-8.978464989045122,3.7199116634812897,-5.0875668166080015,-6.86893146201147,-10.628501905942576,-10.188865342821034,-9.907248850437703,-6.542609872372549,-1.8529526570540964,-5.66519936239918,-7.782038374959957,0.7784130561222022
-7.141857780675363,-8.600386936551244,7.393815393655847,-5.084157132291386,-1.629732275877682,-11.831698831708106,-8.14069168568816,3.618590005907109,6.647579205845726,4.0117366597870125,-6.205079801257175,-5.040882234421001,4.109734260255774,-6.357028336131394,-4.876238132438766,5.049570847004419,-3.508646205402065,-0.5585886765088501,5.219599581515206,-6.1463243731259665,-7.537638721612734,1.5507753386704275
-10.57922230118222,-2.6876068815445464,-6.510302266772092,-8.744147113368419,-11.948756966559205,-8.708322105640711,1.7715631948629735,-6.962412824120435,-7.6684199530995185,3.776409492668644,-6.230588369305683,-0.6366621006194814,-7.324638187468548,-9.342918794008176,-6.297744907723787,3.6453895518488726,6.784730650938284,3.4950102639062517,2.7803109220961932,0.29653609165363787,6.003012791008331,-3.6991927228194914
-9.01610972324762,-4.1709874190966305,-8.591201364700337,1.8570483381441778,-0.18371994478396497,0.6759796414057582,-8.485308195165333,-8.201051786244284,-7.075647042397378,2.1008630216223962,-3.687674051877347,-7.303355958321215,1.7870056514055477,-1.6486918303925664,5.825168127030419,-9.377103064234191,0.4209801784184517,-7.114131664319707,6.496407135905218,2.823718274902777,-7.541111638489104,0.1649707314724895
2.2989374347019917,-9.249122037316528,-7.640331835066573,-0.10043042675772028,5.1006198333366335,5.98348241858791,-7.189194227273364,5.1044883650841,-9.792527685409041,-0.9014893558522434,0.2640674907874022,-4.648157288345004,-8.505016298549371,-0.9490295512868626,-5.24764812578912,-7.22038423715642,-7.460035421347349,-7.462278220313559,-6.358394051830599,-6.465100647158609,3.424739434040468,6.56118658782167
