script/wind10m.json
{"header": {"parameterCategory": 2, "parameterNumber": 2, "lo1": 3.000054539987559, "la1": 64.9999836372058, "dx": 0.5, "dy": 0.25, "nx": 34, "ny": 52, "refTime": "2025-04-24T05:00:00.000Z"}, "data":
[rows 0 to 23 of 52, columns 0 to 33 of 34]
-0.18926126398687215,0.5241999796031995,1.420837609546989,-0.7813150621903735,1.924154400939023,-1.1666437366125788,3.126345965471553,3.6698013639261235,3.2786784069978427,3.2851977571866997,3.001846904871684,2.6495952266862557,2.1491228233954827,2.2680710610407324,2.608266021222179,2.5421647417808213,2.7644833125933572,2.8064753010574752,0.6748017437919778,-0.01475918319058202,-0.7005005775833381,0.07756852221211069,0.49387368176854113,-1.4997779899190524,1.6003646921938404,1.0705065369551852,0.49534283931729556,1.1074871540151547,0.7999967798147734,0.8918398118615332,0.7480462205619093,0.9124947779259456,0.6560249023205158,0.7711682242636505
0.5650328793522127,0.6110742866996329,0.5667272702726626,0.49217307336465765,0.9860668232700007,1.8872123652504695,1.9074980332909341,1.911889442678891,1.8963323503198821,1.9393197671928137,1.800312754332345,2.0493563810786437,1.4200313540823395,1.6870526599854498,1.7941437772369708,2.113465393547337,2.412719538244468,0.7287727215030849,0.8702224708897957,4.162653169509305,0.40591794867273623,1.0057620418710842,-0.6710397408429926,2.3012592942336583,0.8191696370689265,0.5329478331023689,0.2668728890427964,0.3803812306776461,0.4846364979476429,0.9303199803830025,0.4149763230130649,0.9015327977945281,0.5018573424463967,0.8356196637221188
0.0196468004498966,0.7586909593330534,1.8233349956763707,0.8974759154076064,0.7618967292232531,0.19343494429308933,0.00783087945748537,0.5357425635963257,0.8865651099375789,0.7299618762569693,1.2496994611409216,1.0987953337991239,1.441845057391454,1.2515359652624163,1.1980416506863563,1.5150477603197732,1.5125087297091826,0.45958888589373764,-0.03370497213160375,-0.23902811664981277,1.7183152752971602,0.6309368703425369,1.1742803604169567,1.043955551392591,1.0600014845625876,0.2135463052572509,-0.34208914898230713,0.5665652566200104,0.2878103447577888,0.4718038989862951,0.5136694747270205,0.5597001701076478,0.8198080391967872,0.5676696340999068
-0.5925999995023304,-0.39653978469846024,-0.46819623913175906,-0.8877099539274788,-1.389798432866115,-1.1316638740689848,-0.5163868465284059,-0.22286291730098165,-0.13399389954743288,-0.24938652651209128,0.232358263244539,0.08117547061087334,0.3170320270839723,0.4143631610502207,0.6937493360837583,1.6632058895789228,0.3878324362123305,0.5905006242890445,0.0885792058638429,0.27810776656889635,-0.03302820949049353,1.8061887401212484,0.12853497306202524,1.2026853159898068,0.40175214277406707,0.5746410255608013,0.08859541738477589,-0.278165966879932,-0.21028681921598325,0.099330770954939,0.29012863314060977,0.4190681170935074,0.5010976371835145,0.35953803851935945
-2.2009025442193955,-2.2771715351696664,-2.185628230504671,-2.1713695561402075,-1.810126095331896,-1.508767145559623,-1.7466750371530209,-1.5497242147264634,-1.0243671229744935,-0.560651493573948,-0.6163149680212591,-0.5291995386517397,-0.5048748732495645,-0.21154658105450885,-0.43656234380778375,-0.9273299197620003,1.1214238072732214,-0.7714646082319266,0.44303734330636413,2.7170789278028598,0.10157707117976353,3.435589141583703,-0.14146303164805474,-0.004229295324074076,0.10841338895202367,-0.28197032175552694,-0.06510742460336809,0.3130215863565132,-0.36907024730503085,0.011272858340699656,0.1897326477888607,-0.0555231568103931,0.3451820229170982,0.368787982102793
-2.922500315041888,-2.8830414989396336,-2.560830795384113,-2.2691931639878393,-1.968806748319185,-2.4554762921420457,-2.0757119869939062,-2.5247193903853047,1.2712624550923524,-2.3973794552648937,-1.7980586776409393,-1.8072071492120279,-1.179837402961403,-0.4351853628022912,-0.4294145682612266,0.1254167812110746,-0.052329870607491794,-0.22647862568331395,1.4895656701269366,-0.46294467014264984,0.6080954795131164,0.9988163315556989,1.231528876219085,0.9685474759278124,0.4272103185564565,0.5565211197802579,0.49018076177020287,0.547642676407902,-0.3617811657466148,-0.3602785286489771,-0.7296610302610382,0.28529931065343794,0.26046420701463874,0.3406589313133788
-2.3269779229204874,-2.23750200889008,-2.2544866676247795,-2.106514071628608,-3.072264602413834,-3.3579430941391575,-2.909812352393422,-2.356039211964184,-2.9433421039873147,-2.99952537605348,-3.306925690425393,-0.5022294038106928,-0.4438960481088288,-0.7587100984962749,-0.6888056932738184,-2.4742053813929186,0.7197332795165833,-1.154873898809986,1.3956146318606055,0.7513678061042613,0.6290476203184989,1.1719258839603197,0.6168331354341942,0.34139052525909974,0.434642975268076,0.13306745116971874,0.7845416829946766,-0.04464282800555144,-0.011169582254224205,-0.09274281301546146,0.5183734964281084,-0.381797721711055,0.21363901537353494,0.6287406896587694
-2.3474909811910147,-2.169914944400076,-3.1402944639026775,-2.180954964694921,-3.0342209778421525,-2.4330093419266463,-3.1058170350292538,-3.6317694377276206,-4.0075684564090555,-4.910317710941188,-3.8178928512669428,1.4114883116587318,1.0824411134985246,-1.2293208394288757,0.5472606850698711,-0.19687832976084157,-0.3675525265361798,-2.233448186750954,1.8849772775040023,1.5850690982685136,1.897117747149696,1.6450692317004925,0.9024505125227407,-0.16767098996430846,0.7411393557383545,0.6183052562533666,0.756475799541708,0.807474778070899,0.10134612636439766,0.3825967992806168,0.3183880548534096,-0.335106164979533,-0.2181063606577949,-1.7102121862305524
-3.212597162633432,-3.3058342140090056,-2.7709480621250253,-2.3480754134652733,-3.25216789255824,-3.11687943191097,-3.7973716555588513,-4.487976262533075,-6.529516043662319,-1.955813478386148,-0.7137413126863755,-0.6319088224242894,-2.816850782483723,-2.1250946607993892,-0.008373638984905233,-0.1856614247387024,-0.4279036642070632,1.0830668930942058,0.06251957859052441,-0.08126614670747942,2.972914614506694,2.345980742217592,0.1326235427625592,0.17649134848347997,0.7182044628214868,0.4969464996358467,0.5845899731601374,0.6039707688799445,-0.06368389193716913,0.7119927957444051,-0.6123647697790442,0.6513946559692544,-1.1759709709394293,-0.6427629168730277
-3.2136678209445106,-3.237496921707662,-3.6767613935766335,-3.085162547191198,-3.816195324981052,-4.009963459366143,-4.819906470385521,-6.116657995507286,-1.6350701292333807,-2.027196902101494,0.5420280867856136,-0.6557697355235286,-0.09355748003350639,0.9498519059048549,-0.5569684293835198,-0.5752201315048013,0.47087731385420756,-1.955034293263009,-1.8990621189272634,0.028468513984001874,2.490019995556646,0.991172215673143,0.8542503003706023,0.6661469376597882,0.5729400736929537,0.8992922212380838,0.8599610379318166,0.8183785791253992,-0.11928140446164442,0.32303281059205624,0.531963977341969,-1.9002774056204945,-0.3451183344570588,0.2854189607289584
-4.316653703074765,-4.586329796392637,-3.5959237125294394,-4.07474336833136,-4.310699528181526,-4.832652075894314,-3.4681938240902275,-1.7191574937507976,-2.6363886849849885,0.9491943627329296,0.9400433128563463,-0.5823053171340898,-0.08169621163093209,2.5541712377852175,4.071105120386842,-1.2863903892115292,0.750759209903552,-0.044588070383644124,-1.830355299785829,0.5894380291993799,0.47465588818664217,-0.05095654661517236,0.5201833665064818,0.6901247219323984,-0.22532640259079412,0.6033395326770196,0.8238542090810019,0.29984407590042755,0.7921480095907906,-0.2707180247303906,-0.29183994058336904,0.8808964555128129,1.9888081726223643,1.970858591465749
-4.405992161281338,-3.4694370245737947,-3.8891943062978935,-4.296767747440539,-5.102155801502517,-2.3415296983798193,-3.7890765670071698,-1.2610933624331182,0.560198821936802,-3.0277118827598613,0.7154104131901753,2.027197633451895,-3.469761168562014,1.1661967626823042,0.8906685848514766,-0.9172501989101682,-1.835630847854369,-0.5057317990740617,-1.3006155700670006,-1.215725287123892,-0.5555510211964232,0.014251603866818074,0.5976317095220999,0.7095927854878146,0.42375904179819907,0.301145830087921,0.4291160650786864,0.577212598946148,0.7452856331020351,0.8132481602614008,-0.1236374067296295,-0.5499589912791244,0.6591306422628442,1.2548762487305463
-3.3122048615744926,-3.5906722111461686,-3.881478741043423,-4.326946182200842,-3.56874490658618,-0.9125994278979129,1.8329276895182145,1.2227565413701276,1.7196588142878135,3.3703261242796985,0.7161322406023363,-0.7276268074004048,1.6587495489111628,1.0495389947123266,0.44712822474431546,0.166626938095352,-0.8617335499528115,-0.3003310492545073,-1.915053834273591,-0.5043463464918853,-0.38224926820694477,0.022246924854913357,0.19432412591845075,0.9772041019953922,0.3760408198797181,0.38821984616153166,-0.3002398396910484,-0.6395087247492324,0.9604369302566167,-0.6223301134738526,-1.2125689979894358,-1.075025410419194,0.24138161933250923,-0.4632020780626818
-2.845399224427541,-3.2458888626966598,-3.584230570320465,-3.887200118660866,-4.2593358078278705,-2.213551540630543,-0.7140345165945527,-0.44370893123857785,-0.8436466849501117,0.35719640803008107,-0.5124910675087111,-0.7118108369123318,0.8303176663312124,0.6338120450631418,-0.42025243855353567,-0.07148041701079706,-1.0783641615969723,-1.4795693337690266,-0.7523975308259604,-1.0670341545593807,-0.07082737719762941,-1.4785219726962042,0.4896876423143622,0.9063860987833469,0.8715515455946241,0.6785010773264125,1.3642311707171941,0.9324836575765592,0.7998247020471145,0.1972948282617249,-1.8445365313440252,-0.9557545470733685,-0.8534021722701338,-1.1444484447334282
-2.6487026702027374,-2.6151504369735274,-2.628117488971389,-2.377402458706108,0.8303718093567142,-0.1235821351823936,-0.29908169517001704,2.9861398363769207,-2.1656394613843646,0.11809615421469419,1.1752193503459454,1.8172989710035887,3.5101449649106105,0.26790739373337935,-0.5307658775199826,0.29693526679994997,0.8175386486987508,-1.3018575440741782,-0.279524619391001,-0.31041373135489686,0.034110603692242426,-0.2974634525643395,-0.6108342759804594,0.9886976575709897,0.3475722412955944,0.5213240862927838,-0.023464192051490113,0.8175009360460639,0.6434205416428743,-2.0070253350482687,-1.9870637894591978,-0.9860073683593991,-1.6747356200014778,-1.3955215602770104
-2.46382931645879,-1.924818500308686,-1.4261701784724794,-0.7758860560500643,0.1234781627331234,-0.29085834555883017,1.004577166943236,0.40858991266793554,0.0707059416523203,2.5098240837394235,2.0773451025386294,3.6920727898933237,-1.9098015632358964,1.982082541898185,-0.8156901047261241,-0.8517055052062517,-0.6406368423515948,-2.2104244869561023,-1.5427266491599847,-0.35570617938455257,-0.4732668903089258,0.02760955161903104,0.10956874467618236,0.7267748576530616,-0.1922915994205496,0.309097277539951,0.9850452041384758,0.7890890700178618,0.09940139220731081,-2.01552432666618,-1.1149839375142496,-1.7383371000254286,-1.9864822984267687,-1.904210488841382
-2.0096680523898938,-1.053157847461695,-0.4222738662450505,0.7061937668185955,-0.2380783328527567,-0.5934034238664663,2.3930871577530373,0.6514195871336217,-0.9193685444639573,-0.22687570278265184,4.2457679451969605,3.8957338270634447,0.4706676243631626,0.5328208310163631,0.5234162228430527,-0.9898124404166473,-1.1158926048722915,0.178570252202916,-0.19622386121819943,-0.6149176333719628,-0.3763592516668088,0.4707951434290236,-0.3309318045318802,-0.09570940513667239,-0.02489017265328692,-0.22836305046849892,0.5541535763406602,1.1754695119759584,1.1682556181156856,-2.1518528002796966,-1.8973332101436136,-2.2007562189381042,-2.428712628680313,-1.8551261849068577
-1.7701827394286727,-0.7373687378993949,0.7132861923742544,1.4315767392783794,1.217182885524082,1.1130533503785427,-0.21250296265758004,-0.6309899950355701,5.542921290291232,8.348859686996395,-0.06695876507447636,0.5841380764325707,-0.3893408267888749,-0.7730365337682734,-0.64421313736525,-1.0241288806246442,-4.816843063588438,-0.5887038210115699,-0.9830018950214122,-1.5663663672353358,-0.0855873918217106,0.0018492199203056173,-0.5590071790966681,-0.21059627763064387,-0.11141134336674843,-0.12829691574865723,-0.6273767232070545,0.4791974044915558,0.36828423395923743,-1.8175598266634465,-2.5053625860741153,-2.6562869174677393,-2.7045743033979748,-2.4136988173352414
-1.5728394516371402,-0.3852817114336834,1.1272336132210554,1.8037064134605394,1.6511799234280216,-0.8124105150724723,4.211008036114798,-0.407972395016847,0.9437620009792457,8.32578409858657,1.8793948939979486,-0.5012648283092819,1.8053153019513413,-0.663027554651995,0.4389559680925126,-0.9108083774119544,-0.35635481068395,-0.6115127732727964,0.7212692311501927,-0.32004553672605723,0.9289980578165623,-0.987060507227704,-0.7656309040283527,-1.4379250685179898,-0.28356917268672027,0.2509904234050758,-1.1712278704662542,0.5345118802045005,-0.4365890915333245,0.24619807264857888,-1.8715975435697993,-3.116390980796707,-3.4814039423187157,-3.660517596039774
-1.3892827730077413,-0.09770221877677071,0.9884247710653018,1.9743611251725948,1.018310167847164,1.1435819632172057,-0.27111862949898785,8.849323655493494,4.214824110594546,2.915561360143446,3.278122678714542,2.99432032469501,-0.8655997510229706,3.6808121183724296,-1.3185280455136432,-0.6643450318106165,-0.07831758995872247,-1.2630406783778303,-0.7765735456971772,-0.9237658432612083,0.914933902038516,-1.3668615194747527,-1.5316975966967104,0.05114156298752392,0.05510932283927771,0.21300781218001838,0.5420493668211919,-0.4475770731060654,-0.28673313949394996,-0.752568477258712,-0.25829562002510054,-1.1457291477012723,-4.17891654628088,-1.764202364979904
-1.3555587427104312,-0.42742825771119913,0.7920886495241332,1.7607339966291435,1.9605373002024842,-0.5708805374889581,-0.8652227804742989,1.880860193417581,2.1341617060268425,1.7451710707295067,0.8549568470739123,2.6288502454096276,1.0738977166309986,0.3676214938025324,0.5396148393675808,0.42894438656397893,-1.039173386937082,-0.9810648503839255,-0.8600234985060927,-0.7362083445737279,-0.6507988689149197,-0.0535898104976818,-1.1555610250928394,-1.2542128737064777,-1.0600205264197116,-1.1617005157526867,0.1705615450132654,-0.09890956761967377,-0.4845330778377212,-0.3047289430897741,-0.4794610266222796,-0.0989795216258919,-4.268413616816743,-3.5990501655807066
-1.5962045497786639,-0.9005968109127261,0.07779701986768667,0.7975334779685386,1.456022821608297,0.5718005494513596,0.926295645508892,-0.7433119843472769,3.7614221262357304,0.4972023065528219,2.0463385874811,3.833904402115925,0.6335096848111524,0.8968731653096174,-1.3976957239957255,0.23250415185629578,-1.1902040072825837,-1.4921022183371584,-1.075383592904686,-0.06977358463678338,-0.9639432602810052,-1.2907838026439042,-1.1975419431562813,-1.5725572836605124,-0.35783189303105295,-0.9087410573521839,-0.6290679401555294,-0.6722941930228076,-0.9409498027315211,-0.6037820320724705,-0.4988752441362045,-0.38779857980863525,-1.423537145631323,-4.098809746521027
-1.7480782128811807,-1.0411960810939491,-0.3360236040045032,0.1568241053467732,1.0334253355707992,0.9942988317048551,-0.4089861362715396,0.9597724066733557,4.62984672872559,1.5076092997410653,-0.7101467351074326,-0.35254426514159565,1.6719003600500042,0.4149070849452212,-0.11014397785552647,-1.0467457839327892,-1.7168149235143284,-1.6707432772627493,-0.7900669121608674,-1.4100093161300302,-1.3470146080293535,-1.3002936668064822,-0.833695699594008,-2.0581104145620284,-1.2568234161724123,-1.116956810362049,-1.1920925385897292,-1.9487451919616745,-1.003590357181066,-1.3175703191404575,-0.713671158440066,-1.080694933744224,-3.2385035422917414,-4.488371063688329
-1.815873351594134,-1.0907378536605394,-0.6641307958828567,-0.13481926325028384,0.486462730187522,1.514508894921143,0.2997522423735558,-0.8838144255960516,3.137354322710182,-0.6377672533701231,1.238254647380688,-0.7140852353784558,0.1570162822660095,-0.6072035931791931,-0.5567383117165817,-1.8152394771051832,-1.7326445015927268,-1.4670034582926252,-1.4991794800111478,-1.7773153100984147,-0.6636727487584462,-3.334895634768682,-2.4169719340192715,-1.4042355230051502,-1.080319883727499,-1.5784014469841632,-2.393746154869484,-0.7504879587337381,-0.5549320874690659,-1.229899322460187,-1.246522349455077,-0.7608364354521981,-3.540540760109851,-4.68446075833846
