script/wind150m.json
{"header": {"parameterCategory": 2, "parameterNumber": 3, "lo1": 6.000198445256149, "la1": 58.999992894266676, "dx": 0.5, "dy": 0.25, "nx": 22, "ny": 24, "refTime": "2024-02-15T14:00:00.000Z"}, "data":
[rows 0 to 23 of 24, columns 0 to 21 of 22]
6.115392970660135,4.956537688993907,11.38295967862077,6.798279859004611,7.639397144768289,10.061756231067926,7.874913975287326,7.4082709002549585,11.15109718290205,9.059360941380582,1.9469148790312711,4.043269723883598,-3.3109039931674347,0.17320868526393898,-0.011938504168356666,-0.7169647837097646,2.25799302477619,4.376223910333321,1.4819092742822328,-2.2501848415729038,7.579542318207675,3.535709232388761
6.04918594181165,10.862560123978286,3.0912187683977863,1.2644686079795628,7.551493523194485,5.924224071369542,4.597067746301268,8.173629544487797,6.596244726821857,5.740475190902309,7.185267683175541,8.428572745319796,10.706746036813692,11.101720975890371,1.1878928549549181,6.9721177414970885,7.303011092772661,-0.5515558023190459,5.480892226700823,0.30463766756144145,6.420453738189018,2.488756625690525
-6.6371882958538935,7.673151238600193,5.757315110077923,3.644510687378904,6.9883410885491495,6.06344112071115,0.287953347113259,2.23740570530045,-3.901945462967483,4.182420122359609,7.275262817933725,7.831474084738642,3.5314038513308095,6.417585725589201,6.462290944485682,3.662106151624734,10.165936977330956,7.767150213113221,-1.1664851454283596,-4.39936447343914,1.1933288537926825,0.7591493310893811
4.969439962937715,7.991830306294625,3.5341017179106347,-0.7294546745653889,8.859016367238134,7.294877343928474,7.510984058448064,5.053745957045569,4.207935696728292,6.292457142026293,4.80247256210159,6.451938385178368,6.467871477371435,6.485140880699999,8.020427087691516,4.611315230494506,6.357799810954768,7.713595026877044,9.014526114543107,7.116322514449108,-0.06382243655198201,7.723349053301622
5.573922719915359,6.272710519295536,1.409747460324618,6.423546350112158,4.854656282459608,5.282036530998709,2.431380943654885,1.182677549011182,1.080869723400585,9.944440079351386,6.301095550040497,0.21030471497177494,6.597142708342052,6.577148650539398,2.041943961359056,5.873418143006477,7.163064452180082,11.864971181075418,6.765195758365348,-0.27648002433933316,6.3631304584495965,7.928306100328519
4.704007024587187,8.123860774734183,6.072905263379754,5.958656642289308,11.516872406940527,9.323388720169593,3.898141417081801,10.611463544237692,3.6242873647010603,7.947606833694082,7.188080382568813,5.9747596517846615,8.327493855716497,6.998631435145602,3.188823465977364,8.919338080167327,6.235741069470845,0.27703357327197775,6.188261524391481,0.2998894711471779,6.543582639735482,1.5382265078517672
6.8082938872161725,11.100995939728001,8.042934987379466,7.0672527302197885,6.578216959589072,5.215395810397951,9.914988501755191,8.748083014381477,7.085541412290154,-3.2828478099521154,6.219951658508109,2.8552687649130464,10.089820941959491,0.8321317757825983,9.23522954963222,9.395444428011208,1.4320406911273973,11.4095506423649,4.912414404523662,10.083472571168686,6.6901582568571145,6.4678622949591
1.8263607481505841,-0.026612910299727045,6.832397184779026,9.332782585734485,5.563856313390224,2.1686311272564063,5.480322530715042,-4.375914313593374,10.344723148752637,4.279362080749653,8.54245236171386,11.372561140391456,7.260817267660571,0.17491597316216526,8.20080865522073,8.12267276529668,7.948603585677729,10.205393311945492,6.538470973276206,6.189375811292513,6.730640269318852,-6.745000023838287
6.723441975061851,6.003235080271026,-0.44798962553630284,5.586318243150362,4.460044488509421,11.041051239609276,-1.1446471392591484,-6.843794377905517,10.245976512485822,5.89109622420956,5.6993626349848405,-5.535257653717505,4.155862937821333,7.593174395557788,3.141559789782205,5.793215864034848,10.728922935913632,3.631346119798497,9.020360932832046,10.474281057902452,7.583742061584477,5.262207267756144
-0.03186979835746876,6.803516064188079,5.104015381337218,7.9630163643587855,6.523914026840491,2.1432686511309895,4.739016467290389,0.08527032235879645,1.4042109686579063,7.422587525305014,8.48797464236246,9.918721851908506,1.7973373799068113,8.22052180050734,6.6282681001828925,4.792600196027913,5.196103264918477,1.5255494972856232,2.3064384331650576,3.211447883006162,3.9394092421335762,9.44550705570172
5.155152986115332,1.9735570297093212,8.023493941757913,2.062502534808869,0.6352245369202882,5.0911715027500115,6.473821800611875,7.547681018982512,11.592577648741765,5.450873182257111,3.152893485144093,6.335362231959823,7.278585489199693,10.004885305051506,1.0918493572972738,4.934844570388233,6.695277342406246,0.7662296084904524,6.127909579187029,-6.237955993975886,3.5903024824205523,7.1489591446184235
7.00745112216578,6.4986379474864835,7.552459925605008,4.172255907165998,6.318274023893177,8.290205277570882,7.940263713791415,0.8383617835703753,10.90774009171749,0.13917517335289806,-2.733826630959622,0.5345505919934774,2.293454410710127,5.9143178074278735,3.064006854067002,0.5238067348734998,8.266457174802284,1.9775221641110734,11.323770487394485,9.300488911930032,11.62079328530985,6.770252135218812
1.0145465399460067,5.992568770573595,9.879226890012639,8.975948124827244,5.44848873368276,-1.5360837391169084,0.8350517525540073,7.780968123660769,0.22592630217752888,4.476249708977633,0.756714737310944,6.1981494077123696,10.960779387424289,7.9074858563318715,8.865494114342903,10.018130346815543,2.2641761201761113,0.24179087329679314,8.232713588471594,8.870397893114783,6.472743371775872,3.521528064709392
8.087113600068475,-6.09521232991261,-2.364175501893976,5.44641181308727,2.3428989768133484,6.441549177018409,6.4695737095585315,7.3319344549974375,4.516108080913944,4.266326585293075,1.3721815374408912,2.1490802408153495,6.0882618492358915,8.091506988908865,6.896174373739949,5.642920366075036,-1.3762781137333653,1.1385019810302752,11.173249420761005,2.3858285707525035,6.261738232527225,3.7099316718283015
4.109726004509622,0.6212873700545885,6.250755484094163,3.6290372674812565,2.611119683915481,8.7291772996063,6.955142538610081,7.909439730659266,5.058842678310397,3.4159306461143792,-6.317956896056248,3.1050865620534913,11.353094313764819,10.197509486161527,3.2318071520802056,-1.1767098785507557,2.5079052342692036,5.796965621746308,2.0948063983476994,0.969701343529832,8.00710932941196,6.342637732716364
5.203908942513111,5.632405501843467,8.426599632059277,9.419633594036469,4.363910526287553,3.090140003323724,0.16800452530174373,0.7849263208883316,3.571357588666315,6.680611569116354,6.4582511329815695,7.014708537709072,5.717616805608742,-3.4092155828841793,7.2825520825523755,6.3488755371316845,5.1202848281634195,7.071356308782867,5.503129847023489,1.621759671602333,10.904571040132012,-1.3836024900027517
6.05322446081264,5.119753306146405,6.342169068967913,1.7798842857030133,1.5642997651632153,7.886289875319384,8.163734378799141,4.814033689155336,7.891702065650277,1.3809739095219555,-0.033828452035352154,10.848930959975002,6.187308132094058,4.914571637768463,6.450199688097241,0.5661007270931885,5.399724166843876,5.37961156810237,6.470421225860543,7.820631920370852,1.2108835192373884,6.694228980055297
5.968615040689659,0.6651291182746988,8.055320878614651,5.798653383032949,5.383871424017258,2.0456466474017883,7.914798526507899,8.766166425587864,3.429526147220143,7.8229752679485225,8.061110348202371,4.920294078500584,9.606906320621361,0.7035776563829654,7.089495379344656,2.9088141458865917,3.2641558138386597,3.054049585553654,1.867518236769477,7.018417524108186,11.497042373186945,9.143577715404565
4.971235990148378,7.104466619158042,6.18743355779119,4.728869943839394,6.978448136769082,7.446612893175896,10.719644848077879,5.826097260311559,-7.33116827318834,7.960076444391698,7.064030470513073,7.6402579438682725,1.1516722338691616,9.724651821675598,7.90356884302917,2.597774219984872,8.496116306768725,7.179769588205446,0.8956796670316042,4.843617357261532,6.745909796803764,11.692779079138422
7.926928163810296,10.80288169595521,7.547027390913619,6.494550154313632,10.784260839896724,7.860665763512876,8.139009757194945,5.785293385614553,8.552221102822577,7.078957442605417,5.678539313140876,10.81999668658637,1.4274918594515684,7.609920930214023,-0.3995706342119737,3.6367135010191753,2.2850399559462784,2.2139797558230563,5.63886324240571,7.054245204693133,7.307657352782989,8.873024529838093
6.411435583125839,1.9376303083814694,7.777109485214268,6.2493255563621934,1.079895115058749,7.406472848052186,3.066695795911507,9.691275517653061,6.185259867201935,3.3945810179209595,2.7967952077964613,2.2178114281736057,8.574838587664873,8.967927477008406,8.111160518397293,2.254885631244687,-6.249780816480433,1.833384045278577,9.016157989063943,1.8010339223942855,6.161396771127589,9.137029672028603
1.070558714623716,3.8951851748862767,8.14038831696904,0.12573201546847926,3.3170747302799586,3.7649156291733727,8.150855834273075,3.661897249764437,7.1075825964272585,0.3142226815061217,7.541028603861706,8.423699227281654,-0.5552725713828596,1.5046493285599436,-3.2400917924347534,11.151381111000031,10.023151361335778,1.1187735765168403,6.517605405762355,7.097778247166264,10.766514334164182,6.059547237855321
4.5968129028843405,2.0529341011767994,0.6162286819532481,3.239663348150134,-4.614378233591542,4.807888606039769,-0.6945318663637127,2.090778123418563,1.394943453365117,-1.214670069831262,-0.6844524841803062,8.553427593662438,5.448474829181218,2.1044901555711455,10.47315509872593,7.09894842660868,5.932816400296538,8.134730720262333,0.9146633283686586,10.281089725654876,-0.14739953916547543,4.1194957681102915
5.568574787978976,5.511747922849741,0.9440123722116449,4.816242818337468,-7.22166860814571,-5.876098870729157,7.214822617547693,1.3969719122225588,3.896041057524906,1.546543686579116,4.371418328050617,1.612522037220626,7.5077220950956765,1.0109117268515513,2.9884548014520944,4.817976746687938,5.359403824923055,6.728053492599816,6.716960552010797,5.9730119353489455,10.955331287702458,11.721990683991239
