script/wind50m.json
{"header": {"parameterCategory": 2, "parameterNumber": 3, "lo1": 3.000054539987559, "la1": 64.9999836372058, "dx": 0.5, "dy": 0.25, "nx": 34, "ny": 52, "refTime": "2025-12-25T22:00:00.000Z"}, "data":
[rows 0 to 23 of 52, columns 0 to 33 of 34]
-0.0070844796052561025,-0.5226416838569707,-1.1671919029457565,-1.3105783671288205,-1.490988639076824,-2.1405232253022635,-1.626701475616888,-1.325291404909179,-1.3004186894981862,-1.1085021120349545,-1.1127906932220735,-1.5621697070487166,-2.2022822417950785,-2.399487758401889,-2.594562219677682,-2.989185677001233,-2.1266004544638055,-1.7593925492680145,-1.5142780359433048,-0.45961923141922373,-5.992538549526895,-2.5336682372047816,-2.3470811098862208,-1.9025101530094486,-3.4331428118589034,2.499682402672557,-2.6630008106316403,-1.663443986626885,0.8731576128283322,-0.5848734157697392,-0.9543999405066402,-1.5594365645163404,-0.9770407766857025,-0.1641330910874529
-0.5962698232399486,-1.5797469344662374,-2.178169278696902,-2.2377217347622604,-1.8290663886128604,-2.5429177327004684,-1.9367506020855327,-1.8923634522242962,-2.1340712191347966,-1.7506505959098897,-1.513466481306266,-1.2187416531769795,-2.2556776489740358,-2.306495669827544,-2.7800459630951955,-2.9399262437333635,-2.3502353485668945,-0.7300253808264598,0.1779866769256438,-1.7420323985578863,0.8911491146820214,-2.3500823297530573,-3.109052046567845,-6.099976399304986,-2.407593988762241,-2.7433613726589496,0.057211128227734144,0.8984039009614232,-0.5837158859942946,-0.9763829738185178,-1.0510189550399343,-0.9227167822688694,-1.4469302915014792,-1.8424781297790975
-1.8157338437956467,-3.2032384161846235,-2.494260629234388,-3.5962807841250592,-3.0399605848175737,-2.430082098943628,-2.3728642013053984,-1.5185925607245834,-1.5697677883794017,-2.1957721915486306,-1.446354295864591,-1.6307791290826923,-1.6126556795827964,-2.2824683585739405,-2.339474379448896,-1.492739759186057,-0.05204472225732683,-1.3591923309034368,0.681455864982921,-2.2577932585733604,-1.0914265901212656,-1.497806308071888,-1.70401215062557,-6.65610078255797,-3.4335197466557,-1.5874765066935346,-1.3317595175504684,-2.3436277436779442,-2.090010390048092,-2.1539287875721707,-1.5615751860208327,-1.920869928427764,-1.9702034456366526,-2.6367654977726662
-3.0579242509264817,-3.4552631090943207,-3.355131984966157,-3.5137144853035527,-3.4220291473311257,-2.807200102485676,-1.771680140816425,-1.0350506800904304,-1.4412389170486788,-1.7252396310173976,-1.818411954715483,-1.0801194541648327,-1.4490301105105776,-1.4252712350270191,-0.7137921339470836,0.17622439382020835,-1.2641309330542512,-1.5500565500055203,-2.2507713591315595,1.89728903222096,-0.6625454059601733,-5.287695145835763,-7.2339677522994625,-5.400230952981537,-3.5247895315184476,-2.6261187605884277,-2.302328058832007,-2.9407649477614157,-2.8312597985530337,-1.5324984011881166,-2.6401211925197092,-2.156662381887157,-2.5841372668105658,-3.8511017919408665
-2.816556695909665,-3.668389118594142,-3.7164499535361877,-3.297765898270075,-2.8059773785259567,-1.8253638188397798,-1.0443181964469337,-0.5062340064607314,-1.1621182267765886,-0.4795576737228223,-0.8561195226232405,-0.7990015352568187,-0.46730544546296676,-0.20998612896103566,1.9360472167959526,0.6421558260762016,-2.3759704471825014,1.993515656732466,-0.1695806722851045,-2.0528039008401193,-5.7641291929946386,-5.856339113500196,-5.46097614336402,-4.462096296653402,-3.9950974472144676,-3.409538603530347,-4.620565561162933,-4.494796327395871,-4.71891024881562,-2.969052928925786,-4.144322841400294,-4.197478139713931,-3.2220222174271,-3.899069334848607
-3.395910923759377,-3.4983931554604504,-3.240571189644031,-3.2634649009829184,-2.7421959323681757,-1.5106108857392848,-1.0462188654308004,-0.4893100845587915,0.42458256959993806,0.8000450426883355,1.5667413536782666,1.7409701944954243,1.2457012569064585,1.6918750620080125,0.5146049946831838,-0.2768957233423772,1.7360789836650752,3.246250354838963,-1.9272570867083,-4.223811313933171,-4.4852647460189505,-7.747949289453815,-4.150339291848219,-4.326848381632835,-3.2143143249595627,-2.687894963710878,-3.2681210805687266,-4.573010770678509,-4.298635018772885,-4.975507545585962,-4.350013743711648,-4.340300557241814,-3.4183122829641643,-4.010952066854797
-3.2135506147033377,-4.194451181290839,-4.1292663891593495,-4.273164579038889,-2.0458580310271586,-1.2952712603899608,-0.8406793113012694,0.24272675080448758,0.2857115131953443,0.9665945242874506,2.0183359807431986,3.2262621102633737,3.061816836628493,0.5540523634649122,-1.0930093969409094,2.7432694878576753,-0.10459257354831836,0.7335440366691323,-2.2081769062462153,-3.839761414749288,-2.412081414603831,-3.567255643396147,-3.3982711270032104,-3.6693474022653305,-3.2673226881902337,-5.078728301711196,-5.147211078648568,-5.810223883443753,-4.19679353065987,-5.033136299412943,-4.074309859551907,-3.2958062525004546,-3.5144153097662176,-5.743856432185054
-4.31540101076149,-0.9113830551240667,-2.5723527211577863,-2.197743299477275,-2.508147497922404,-1.6458720172205432,-0.1802302844052548,0.7681676619743527,1.4821150367333162,2.134172793855263,6.391836036108283,2.3295159030815014,3.154319477044733,-0.23309125867216,0.6831475991425459,2.000839709121535,0.6399124225911759,-1.5361314720499113,-5.18101411087478,-2.747755834074532,-4.757584404503448,-3.1936309023980343,-3.6765103114149573,-4.746509147954365,-4.081960702563361,-3.7121541666265894,-5.181987227719884,-5.520622148203866,-4.575947091314761,-4.4965583835005445,-6.143138365164197,-4.29650737597186,-4.772825735295489,-8.088885233391725
0.5537552844233252,-0.4786038112780579,-1.5330814199349436,-2.1059453596131306,-2.37435701593742,-0.3437114399148752,-0.3789554458512295,1.5805073545911317,6.9584137464351405,4.541487937560335,3.289845052929595,1.6497184698960117,2.753460484215594,-0.6267741261734673,-1.4500146448504168,-2.1072598602109003,-3.1879116505792098,-3.314332476430801,-4.92468771481361,-8.890546831899137,-7.8684956643704655,-7.529160734570994,-5.679289521890924,-5.376070078450953,-5.508963251504642,-5.23077860235017,-4.921459061652425,-2.8974203062777937,-2.8002137094775352,-2.917142303554563,-4.201949175548809,-5.411645159447177,-9.401001116605906,-9.217343046997698
0.5125994658927365,-3.692814358882746,-2.1249693503756615,-1.7089527559609752,-1.6785492875343668,-0.9203825469079716,0.814300797468554,3.988879358876896,2.788904717717911,3.364234787930268,1.5535118139182984,0.3992714231220551,-1.983697224807879,-1.181312126929284,-2.74208475141609,-5.348634034627266,-3.8024039357826265,-10.090190246466864,-5.447765631865119,-10.038572626168962,-3.7871223811014807,-6.0333750300729605,-5.468228716565659,-2.634471477403532,-5.620428637383217,-6.377651197870044,-4.819352243322649,-5.536809018988785,-4.498000386532398,-3.5839714251629777,-5.461771596342826,-8.564768043117398,-8.31399162631508,-10.609973011904348
-0.03286788905671675,-3.4643339331250456,-1.9484381713220014,-0.6711690704923852,-0.5994259240092964,1.3841667312646466,4.121669248547102,0.008435982998336729,1.760181241070067,0.3753543593311611,-0.8741045564376025,1.296079940693881,3.0704441007642407,-6.245149959954986,-5.049195332485602,-7.862033020506709,-6.829739326981814,-5.607496012433082,-16.255633504968586,-5.742853337319466,-9.358587937797383,-5.531959234007207,-7.38943120210575,-5.015785137875153,-2.994044063145348,-2.645984287468334,-2.1151156227144976,-2.8239132380795455,-2.2734769899500624,-2.9721300199110043,-6.119663216400737,-8.032476126330664,-9.776463062392747,-9.639126087715818
-2.2351768755362036,-1.2615545749702672,-2.2140817083616215,-0.62880889604974,1.8338307488761039,1.6805984113852257,0.2630077356434882,-0.04621264223427998,-0.5517075118064739,0.37561644006176115,-1.148756832500224,-4.386683930655761,-1.140880587546358,-10.482971085342003,-9.50076183206117,-5.067351428121191,-7.117406652895432,-12.851829688451456,-9.471760662686984,-7.976217458530502,-7.076625351899711,-9.506841327144976,-5.823703944996837,-4.989994960627338,-3.614371458946403,-3.4146945168864753,-3.765334971501142,-4.876974372340981,-4.163611478653918,-4.094903828506624,-8.414575416481346,-8.392604983715357,-9.814055520797686,-11.457606828160776
-2.1749980075102817,-1.8870786381428841,-1.4712438820230043,2.623538989793403,-1.202112803578718,-0.1842715768489456,-2.5269923294384213,-4.280413711631903,-1.1323702516021754,0.3485802973970367,-5.653942068091202,-7.920765335692523,-11.309037118674476,-3.334679702625581,-4.106189490210211,-3.09190941641869,-11.66059559984325,-5.705807058002599,-7.199634505332052,-7.978882823116005,-8.0009529296564,-6.84643216677314,-5.882638303012721,-3.353371198774836,-3.5654852298685347,-3.6641650787899347,-3.1749198643793424,-4.440474154893926,-3.146798434968973,-7.598940070764031,-8.404003919174443,-9.715981311969426,-9.870352610144879,-10.99487129981783
-3.2378701248503634,-2.751492133438067,-3.1396943884643584,-0.5059352191382925,-0.520006414375276,-4.791888913388357,-6.225915626492697,-2.6537792411242798,0.37548578677817973,-7.233666375522972,-2.7963476989298006,-2.010498378573001,-6.386031100659438,-2.4003632097975096,-15.503333105952516,-3.956971606022051,-9.753133291118859,-3.396412653456585,-11.30242786788449,-3.7936899200158636,-3.085324387756884,-4.305257879515872,-4.849221334108915,-5.048456846099102,-5.390353679936331,-6.498260328178528,-6.504102998119379,-5.353290689525762,-6.439298355649764,-8.060292989830474,-8.5455818773331,-10.330599153878437,-10.982205966215206,-11.129780069492346
-4.1986566982069595,-5.183163186041674,-5.797634380909677,-3.834668810777674,-1.4212952948631812,-0.7829072074890527,0.48916018752094964,0.3239306621663089,0.6915613488697686,-3.4716865953142735,-8.202816652526774,-15.37121502088487,-9.317154400575498,-2.577721178508423,-5.511492174605771,-11.470909876941532,-5.8401673395295575,-7.934675884068358,-7.8018442969801525,-10.093550136868615,-8.301686942399314,-4.028233528141556,-5.989227420993081,-6.782906995062001,-6.534270784287493,-5.042195247265712,-5.297107510927369,-6.728277904336112,-8.977118540191192,-12.458722894604886,-13.131461412004628,-11.430764496841219,-12.727358040740057,-12.515600399097549
-5.102195366664161,-5.841722878603857,-6.316887962018469,-5.789319474449064,-3.6656860262888307,-2.3861583724423463,-9.080211512935415,0.6363113193926453,0.037483326526182345,-1.2232047253488472,-1.5190607411655999,-5.813542276247104,-6.675190146758707,-14.30826054012856,-2.799701532871724,-6.64766140920392,-10.765390524625696,-4.886241069979963,-5.892607803587704,-6.996066475849788,-4.354267929875315,-6.284791284794308,-1.7911677988358996,-7.3188568045329605,-6.0964022362248205,-5.307308133303542,-2.113063285654386,-4.5199555701330905,-6.975411091810554,-13.171895188080317,-12.424938908765915,-15.423129123382623,-16.235016129598414,-14.987922841416156
-5.794910327967988,-6.220693664002595,-5.702629822596178,-4.257556099895621,-5.384612452586199,-1.4731784372650758,-7.06129075025955,-0.6017228784626332,-0.7746087871015142,-2.3558725150752595,-4.585753665869572,-12.234628708141353,-3.665806894842731,-4.909775624080011,-1.1902728253806005,-1.9191870412924243,-1.4077584116669004,-1.5062617449774076,-4.104684974133434,-0.6779776237344478,-4.03907768373455,-6.884756887912511,-5.282956727463335,-4.335106137465546,-3.139024861059066,0.41546330686268823,-8.019923778723955,-9.320582436642008,-6.722546133359269,-6.859847804347241,-14.127303724741685,-15.50509691264802,-14.868433992803832,-17.279044354049322
-6.068067232759319,-6.122360789125605,-7.047458818741314,-6.491897652422416,-6.303859421611123,-6.352551228517685,-1.3070971560910967,-2.0699811659417002,-5.962738865212454,-7.214527553855724,-2.6601165693048237,-12.810808841837748,-0.1769483637734374,-3.1879980781258697,-3.9335681046341238,-3.617816134553642,-0.5979273241120269,0.7085756412323745,-3.292465341736243,-1.4059568522271506,-6.038238407683531,-1.4208285524623476,-4.285266542555717,-4.176464244434196,-3.6011390253751046,-5.189100618719789,-1.886725340639249,-8.456762750738212,-5.914035232677393,-8.76274750622074,-12.266603770146341,-10.13424285420009,-14.827435911491575,-15.817056030887395
-6.978753180918534,-7.380066111027776,-7.606109629978499,-7.179380641194595,-6.972558513465392,0.21044015107691302,-1.8347094114183529,-1.5296914294350796,1.6604124364363715,-6.597709708401025,1.7291637816984529,1.015518265977201,0.45144088639943436,-0.13203816627977943,-4.864338676231208,-3.3216893011921864,-3.933914394274788,-5.121254973396412,-0.18063588318544094,-2.641889222942096,-3.6987951916249178,-3.5995611491367545,-0.39991371284130306,-0.48890406789261076,1.0442550563742583,-3.444512284251756,-4.661496179342135,-2.5959385835495974,-2.5060510997087118,-3.0755294531316326,-2.910378930681262,-8.766960867721846,-12.905186569560854,-13.192712627955718
-6.828971362865936,-8.141586096110537,-9.01085383106218,-8.41187982554098,-6.200865842405266,-1.2115908910037454,2.8267896849919767,-0.9008141847175104,-2.8557823240848204,-1.5998289559241714,0.6943473329864017,-2.5143380266050595,-7.10581721140417,-10.122090224896654,1.7668488155848487,-4.214027625153558,-0.7768263354752488,0.4462053741091789,0.10007163080739354,-0.3782176166494585,0.6763263407356334,-2.023251878946213,-4.97686511168987,-2.5321960580513525,-1.5024100669717708,-2.244777068317036,-2.535346777913626,-3.432834350163696,-0.998894740812442,-0.9385402529245692,-0.5654891518179359,-2.6996154047861785,-8.326467548226411,-8.520566379024531
-7.058838910546213,-9.182139273549407,-9.099049878831059,-9.549172160395782,-9.681193083592046,-3.46700944704155,0.7980556115908669,-1.9490208069565618,-4.142600606019862,-0.2191519288951567,0.306517787445251,-4.662597168334073,-1.5914247266905177,-2.964917620260829,-2.093318041850188,-2.4960071464494975,-0.5816100558454738,-0.7505628622330923,-3.953866509745777,-2.6942038356096103,-2.3643471109286116,-0.07732200046171771,-5.38857417118332,-3.1842535226244335,-2.4856677384383814,-3.6292247488892113,-2.6766166213583467,-2.167414717914203,-1.176167939086481,-2.0688758706444936,-1.3537764165679493,-1.1929581470816668,-4.191608185569547,-8.443513143782553
-8.835416083157636,-8.732373032930306,-10.018872393977016,-12.172416610731736,-11.405470288393936,1.9593900214517437,-1.0872364044942804,-5.176363864312061,-2.388467351058797,0.1560834113277035,-5.214180410940997,-5.1912105758853215,-6.559781065099608,-5.059692630218194,1.385427446289031,-0.032106917181094846,-4.121162871813946,-0.760549458799061,-2.261786913982576,-3.591516650747763,-4.281235122843423,-4.3716457650759,-5.344935148640451,-2.5257483724895176,-4.923531988673292,-3.0922312145061057,-3.018926014703339,-2.030748163614182,-0.6529613670949922,-0.7694161839764747,-0.7769648779623427,-0.9974150912736077,-2.900994434961397,-7.987461786887336
-8.201839613706811,-9.5175081939138,-10.408069282589025,-11.692617615983302,-11.904733206696594,-5.599063455787166,1.217865266278164,-3.514785876239314,-1.5196157662714231,0.2130483120066747,-2.698393595528669,-2.393049565269916,-5.4443082969806325,-2.876709634349728,-6.991822900006679,0.523027575798075,-4.161970526546308,-3.8053690932660706,-1.589802334145558,-2.265074866879348,-3.15344219479125,-1.5600827028290714,-2.3075523988053352,-2.2395277854189306,-0.45389326208192887,-2.019096757732881,-0.35182433553742254,0.18257300295881332,-0.6109934090899181,-2.1895751073746386,-1.731320101061059,-2.4562078429531096,-3.827130130531795,-6.454744501304541
-8.339572124980679,-9.233435556179437,-9.508017623130607,-10.5504033708065,-11.283347078598284,-3.759285575236603,-2.5214667720791915,0.4035216657642781,-1.8107474241275328,-3.3123164653544492,-1.2778128082447309,-0.7518324070517504,-2.8127836309097463,1.0116690988374475,-0.18018165167268818,-0.8510472664263914,-0.1800830353322335,-2.5440882912681793,-2.5884360559261324,-3.083535620682899,-2.0463500836487887,-2.896116401811269,-2.271564111107698,-2.264053898485082,-0.6614454325352264,1.2731531915470589,0.2528547261206178,-1.168728665102841,-1.6514445860803542,-2.095341319551769,-2.9810972080520997,-4.389888879367273,-7.175105691827672,-8.568070508974493
