script/wind10m.json
{"header": {"parameterCategory": 2, "parameterNumber": 3, "lo1": 6.000027932988019, "la1": 58.9999434238085, "dx": 0.5, "dy": 0.25, "nx": 22, "ny": 24, "refTime": "2024-09-20T16:00:00.000Z"}, "data":
[rows 0 to 23 of 24, columns 0 to 21 of 22]
0.308504206353572,-1.1563399626836364,-1.4501350265085236,-0.2772395281181638,1.407617961973629,1.0242066216650993,1.3386821270351765,1.5835604051497407,1.544343672044709,3.4028956024170443,0.9453178119818717,0.3741580990072907,0.30250763324205154,0.5438972668685857,3.185735101016364,2.796503279951912,0.5788370727436447,0.34926082974004646,0.48442797692016776,0.006067462080947807,-0.28827420248943864,-0.4568060606723247
-1.0209162838063213,-0.709627126137056,1.114897733435651,1.6513302585886287,1.3926057910628051,1.333756049110823,1.1826367649554403,2.6712295520957645,3.297017100548788,2.4747167994259986,1.0102460395580983,0.46361212122585843,0.30560497727551605,0.6172869087245776,2.231185051382204,1.03088791538906,0.28616753092210473,0.017258079597725524,0.8496428332559598,0.6743100005678657,0.6125549495467462,0.5298523990131851
0.1254548950082241,-0.07424834734263047,0.5038606129615855,0.46070930692709,0.6404435106064224,1.0142837771459672,2.3331219962778422,2.9747587069843338,2.1554299726850323,1.254534761134313,-0.565168885790254,-0.5481143460955393,-0.13517834380542745,1.0506720342605167,0.7006421403269489,-0.585723503530885,-1.4082363290472577,-0.15600228075770886,0.07314852955651169,-0.18671903913571514,0.12896331435746877,-0.10717270738608031
-3.504519069592281,0.20318243019394688,0.07362605985812656,1.1643391647720347,0.8674725244222875,1.0287067415339028,2.3719372875497284,1.8468359317456293,0.77273533761279,-0.15701359100654297,-1.5439339817581716,0.28057572300327394,-0.2976895515422552,-0.09027389920426637,-0.08671810520230552,-0.33740884419320877,-0.6477211363123823,1.5028477603479342,0.4636006270005901,0.3111909210233194,-0.3313350625559175,0.10246316861176216
-1.1262856562768813,-1.28526320625517,0.03736654082535664,0.5890155896970232,1.097841571341972,0.7673712314825708,0.09007082551733156,-0.1697572239444468,0.2419197325129324,-0.2655977958215413,-1.2819798600355006,-1.0280493835218427,-0.3591018974569387,-0.6436507832941984,-0.09100091376344766,0.3395545232173639,-0.03853641359739052,-0.2286817495542191,0.07636866920854982,-0.15193063255010794,0.4095580401611067,0.26063555496370444
-1.0897935434279127,-0.6436016640057357,-0.5892595383170348,-0.24719152829219854,-0.3027393314516769,-1.030431645832241,-1.2737859455876752,-0.8854820853829368,-0.8156784197725929,-0.5967681408493637,-1.0583067785867946,-0.06643124359000238,0.1758484311945623,1.1508551823501516,0.26895697034837385,0.3173317873695012,0.8323228810397881,0.7309910134172858,-0.6627621431841493,0.05316305375170219,0.3395690733047333,0.5521428820157941
-1.780951147603614,-1.2666150705756278,-0.8335564159102945,-1.0683108293196755,-1.8283018839497966,-1.9423610132674367,-2.515943487271369,-3.792714134583196,-0.7571608994670835,1.081276897966768,0.059262598012024326,0.2169329128078066,-0.2648961451732611,0.0657219513079605,0.9635463554316721,0.7610839621072505,1.175999360598154,0.23376629706869326,0.4990107132527301,0.26073084264578333,0.4831874638471198,1.5256952140423068
-1.4715661272041292,-0.7613009622682427,-0.6491374441163016,-2.3676104258788193,-2.616880283136638,-2.3709544973972867,-3.028249286097942,-3.684871238416263,0.800937587255364,0.7808609459199214,-0.13250857523050846,-0.4168865676844329,-1.2943808819728544,0.27808831760535135,0.3431200992270433,0.8807514050858172,0.5645525011467508,0.602121834284831,0.7089306612489265,-0.05706183823288145,0.6339418890880102,2.893423455422042
-0.8735134403936944,-1.501097343529706,-2.367876256206119,-2.9679216679815927,-3.383197519252914,-0.9257612636581873,-3.2909821035243745,-0.49789310969990364,0.7768139278937037,0.6173671937968553,0.1963622503765217,-1.288115218988879,-1.9658538789705875,-0.24131176896361686,0.557972375805652,0.2270162873122357,0.39237820729035644,0.7086105325184271,0.42918554084597793,0.7392441460297223,1.4784441404881798,1.6024682064513298
-2.39468920038382,-3.190797014951746,-3.6182919871620642,-3.4794775174250545,-3.9638162725434447,0.7280095029655109,0.5249739473080695,0.21964153616129392,0.3168112570302374,0.15592163738413442,-0.22065737679497216,-1.1926709967015343,-2.0199103173935002,-2.1061976594005496,-0.19688231000957326,0.5586971762063042,0.5528911205212953,0.23439122681243624,0.32066753379927815,0.5233911940914521,1.2072392598207453,-0.3809674595033806
-1.9707896998920211,-2.3558874961916425,-2.345171655894447,-3.3435965740045526,-0.7193469093420634,-0.24859554055673483,0.4083091463151431,0.13495102250314464,-0.6612203747791301,-1.1185548195362118,-1.6560391635563083,-2.6311349660402397,-2.72648757669105,-3.3073234775320484,0.7086450533470132,0.676145233161077,0.7341141614658906,0.9643552818548562,0.77390486004367,0.905872196396475,0.7600798970035125,0.35065884618629495
-1.8571346988991533,-2.7122697020158024,-3.1714573706240388,-2.170990390618276,-0.21858022244804665,0.0064102637049022375,0.03612010922343285,0.33726766623953636,-0.047495786177743915,0.23324610381102012,-2.8064336531354637,-3.1329854503759145,-3.10519426648301,-2.1656323741348573,-0.5715431436084935,-0.0709252355433581,0.6569961119931026,0.8396943622556031,0.7021996385968419,0.02407699433487378,-0.6706750197239167,-1.649028171768763
-2.1620944963125193,-3.008704405298328,-3.1921580286781794,-1.586548859467197,-0.05968042174322498,-0.10534463530736643,0.008715930116645827,-0.48298000561841603,-1.2065392356113218,-3.3751625500903977,-3.6386608156634646,-3.7255634082643043,-1.3327522357936907,-1.3306068779244282,-0.7599309045708453,-0.34337436723812753,0.1653577921716636,1.9803815383647128,1.6232624403258649,-0.5259259969544475,-2.111755988247976,-1.7050294020343144
-2.5482052831508786,-2.5880047540802154,-2.3184390900390066,-0.9119916997678408,-0.44224191047594874,-0.20623302757472872,-0.4390085588549231,-0.9316563311773535,-3.5059865782363953,-3.4925081928139385,-4.573916536435117,-1.568971630547255,-1.2655770313192762,-1.5829153503614437,-0.13594380816374685,-0.33929370143175086,-0.38568337245796225,-0.8773816582535889,-0.9238574423309568,-1.6962970389887067,-1.5636710208522566,-1.3705683547887137
-2.087432554354786,-1.773980029789607,-0.7862539359078106,-1.1010270468248282,-0.7349123043583415,-1.0104489218944432,-1.5571904403945076,-1.781305896490413,-2.8473017114307395,-2.9710989252618236,-1.0102958615297035,0.18622237362942193,0.6256176591707363,1.1328529404842014,-0.4150923783171028,-0.9182622290994974,-1.366123342442139,-2.6342066879106008,-2.9217547440975866,-1.6883897823803433,-1.6082591219857552,-1.7396452052723774
-1.495156830061056,-1.5850707493141365,-1.174092064523472,-1.5964120981351722,-2.3510632081776173,-2.197119814894751,-2.2016343717646425,-3.0453958545928606,-0.9448564476958111,-0.562977957497883,-1.4712214082581034,-0.9333842969044226,0.21797112532459553,0.8214852980101385,-0.13521227200958172,-1.2063549441444474,-4.007997484081985,-3.7288819039238663,-2.031998594328599,-2.07227791252015,-2.5630500254980246,-2.632517923409436
-2.0616737697539214,-1.5251898511134347,-1.6146234383407612,-2.3348643868719066,-2.7450792101356924,-2.4770088090682743,-1.1458966602349074,-0.43281994951723624,-1.3004452893638467,-1.5465611517679032,-3.4363065807877153,-2.291509778792894,-0.9079607202459018,-0.049955689947748086,-1.8329136034224842,-3.6906080306235722,-5.471823372291499,-0.7871325604558648,-2.0580233140490876,-2.892682447417788,-2.786773252104671,-2.3749112943851323
-2.2077843506223207,-2.080669795228285,-2.27930566977531,-3.3624690650907154,-3.3809589089611496,-1.3834673796876704,-0.7632772414188854,-1.2195581747716129,-2.356310915724042,-2.566180730330954,-1.6424547330329322,-1.1076512612379585,-2.0948447644161874,-2.4375083496487457,-2.921390874120583,-3.7418986862237427,-1.3107617634197868,-2.3005214221910566,-3.087322325604305,-2.8105015768314043,-2.8530057184793938,-2.5430672812284474
-3.0852206125850965,-2.8819734580882956,-3.317983488793303,-3.245033886243626,-2.6089005097520976,-2.021865105053982,-1.1609470923751282,-0.678801919705138,-0.7226665191055324,-1.1600784319263118,-1.5158600368205972,-3.297444881148702,-3.6178708609032024,-4.056609342893737,-2.962024032982879,-1.1936900518003666,-2.8068070666113893,-3.0017413323653686,-3.2206026096579072,-3.084115102430364,-3.5646785317717367,-1.375684995278637
-2.965058360598056,-3.01175940993945,-3.5190192275346392,-3.444857319744423,-3.782314150663728,-1.4057729049242667,-0.8452036512601504,-0.8676343897776461,-1.4944015735482097,-1.593309639634501,-2.2815087625279395,-4.202614587551731,-4.479560060272527,-0.7173190696558427,-0.22402007960662965,-1.164986674568149,-2.8460876163577047,-3.3140357129658287,-3.1517027359810745,-3.8820011778598076,-2.5801096955340923,-0.3578713538490693
-2.952677811362426,-3.4037524179118295,-3.0659283018990644,-2.6115853741758803,-2.300036081440508,-2.62242418505404,-1.1059394697893208,-0.806330535450615,-0.6728143719035856,-0.8843909474484423,-2.509120796320297,-0.8758291447486252,-0.6762604686530734,-0.337030940897561,-0.3475430554583702,-1.3374112965790552,-0.9226219394256275,-2.766232322542052,-0.3136992359951374,-0.7462297351539815,-0.5577401186449821,-0.21715272407724126
-3.709428473337035,-3.5240874095030432,-2.9740052739645164,-2.628500270344093,-2.3113115864499205,-1.2163215911323415,-1.0912253764265754,-1.3930100944960866,-0.5897555813687129,-0.48273068030210414,-0.44873145368560186,-0.19704959168686909,-0.39980326070857974,-0.5109724693860311,-0.3259459145906948,-0.6805715195598144,-0.26186201241060764,0.7374530411819229,-0.013689824868766704,-0.2117068857346195,0.350944030711095,0.10012397897851523
-4.311409770442509,-3.4837935392040182,-0.6578409265329062,-0.5709514105259675,-0.36640785987333263,-0.13583639860841762,-0.14032765640667735,-0.0046739709542202535,0.8613573181788479,0.05912013310680096,-0.16388481926867698,-0.1390600450079151,0.6511179160130144,0.4387843746519125,0.7970859837261259,0.6737709993642202,0.3963542408057149,0.142227134380547,0.2722976634596582,0.7053414112954719,0.14028006853220465,0.17313479054504666
-1.4611854051059998,-1.423792568054027,-1.6084853655143012,-1.3252496988176905,-0.4131054019197151,-0.06502789518396153,-0.166734853703463,-0.22758740471151762,-0.16902273675699217,0.04844387501431166,0.13899488954439712,0.6983188590344207,0.9599605445495734,0.48716755118162797,0.5530282767405422,0.626492928000671,0.525662354601558,0.13074611136258768,-0.16775223074220194,-0.2663470161425053,-0.21831117370485006,-0.3330819933992686
