script/wind10m.json
{"header": {"parameterCategory": 2, "parameterNumber": 2, "lo1": 3.000054539987559, "la1": 64.9999836372058, "dx": 0.5, "dy": 0.25, "nx": 34, "ny": 52, "refTime": "2025-01-26T21:00:00.000Z"}, "data":
[rows 0 to 23 of 52, columns 0 to 33 of 34]
-3.4061321006434286,-2.079324798847914,-1.7356791082288319,0.8338861706056117,2.970673383430751,3.003505731248864,3.8563681940954493,6.1383438919652615,3.0720977671765426,3.8121979725728496,4.050974666526218,1.4233978066359818,1.6113262160544415,2.0429945206734863,0.6733353828716101,-1.1392482939070305,-1.1444207474378048,-2.4757322889321216,-1.680298265477385,-4.628652481195681,-3.139497729512007,0.8705865335393902,-2.6079203634730552,-4.58661291413058,2.9143253476165465,-1.3779196065026715,-1.1982536323568158,-0.664367028110429,-0.0641056144265769,-1.2702695128910917,-0.8883608469170625,-1.2906590434249614,-1.0858676674292187,1.825698364331673
-1.0173530934610084,-1.2368816007143817,-3.098513356717565,3.1895838077255867,2.976780472136905,4.206801721441159,4.533726789965318,4.5933430063558935,4.996086571428021,4.1059445036151265,2.9217377744034008,1.251863530774806,1.585919592589358,0.14917146763267106,-0.1091099101508148,-1.2808961310357638,-3.69395636010575,-0.41552342843440965,-3.5661350451227456,1.1403603105293725,-0.9284315270418226,-1.345410546305466,-1.140036657719762,-2.67481729948915,-0.7299142366769132,-1.962084095181848,1.74126194994383,-2.6450890665753795,-0.78544366137395,2.0094332232337364,0.25847628167059195,-1.0299665365123463,-1.5440329925971248,1.392931702912084
-3.9381772833564916,-1.4883558523298643,0.7324463048026423,-2.55806301667244,1.4225756697586458,2.399383367341602,4.718948864612686,4.874644900667475,4.722268702416456,4.275774363022061,0.8883776980421314,0.48788416930858797,-0.38296437324587895,-1.4093503554812583,-1.425939570294276,-1.7725543800170929,-0.04215381107669626,-1.2097460922307992,-2.030494742277659,-3.2814903973036276,0.8605578574207124,0.3743394699433844,-2.622186695647581,-0.6006731579241251,-1.4471103077354985,-0.917204622420921,-2.2180825238814643,1.7694731336411775,-1.577381264901107,0.49910129820809473,1.1027632437359636,-0.4512886440449221,0.31079594800292243,0.3543349602244568
3.1018995964210294,1.615657654701649,2.080748265455276,5.78525174424361,1.0423742135963068,2.7211691097892787,3.6186952023851635,4.009168256186117,4.826777198297022,4.164574494624185,0.7465048826217289,-1.38364942350921,-2.799873671526752,-3.7273949508744906,-3.272539719361517,-1.6447451726070597,-2.1928956391612333,-1.8634831398961929,-2.8898217626810476,-0.3939873506200891,-4.657469703869273,-5.0894476294653685,-4.628993148143813,0.9712172640313744,-0.34505925088207273,-1.3497378173638883,1.802070819105505,-0.8527520015472272,-1.3840850994919913,0.372839260859519,0.030961994298371927,1.4737612224271606,0.9388452980091346,-1.0858359926809398
1.568627660567633,5.760486865009427,3.2403138031790424,5.4799395517078855,0.46776570405087053,2.725078925771239,3.8257280029167893,3.9326863014899143,5.401492686067813,4.458906188131169,0.3205382211011402,-2.623637049469105,-3.307604499363103,-4.88425323901189,-3.9094773043860322,-3.3900975183286244,-0.5559977076294975,-0.6999093140765397,-1.6758061984541086,0.22725871941628176,-5.189960520356155,0.35595694712396236,-2.0645897593543747,-1.0316920534595064,0.9424483424688367,-0.10417522808817542,-1.365416662957108,-1.8895747010494566,-0.7761484715504156,-0.5316516047167348,-1.0012749825798755,0.3501843306703947,2.389528977953836,0.8288620373406599
2.4482679052711713,2.9206396494172644,3.230747845862377,8.841008396879563,1.232527870848297,1.0032610513003672,2.742113230109848,4.510086668420481,4.622431111090396,3.3839558231725775,-1.0860024096766823,-1.701812942762165,-4.420181229555152,-6.13037100086933,-2.3763687828651343,-1.6661911482116631,0.929214453173472,-0.9477946967255703,1.316859271427259,-3.9392232285828563,-2.4913293793548723,-3.177673572794368,0.1969127203279565,-0.014997616184128091,-1.3580829854229521,0.567710702070251,-0.8946290727506389,-1.2688824349033836,0.1875020669323961,-1.8803890185163101,0.11337652024562292,-1.8211787943149644,-0.09026933178603451,0.17000466847363388
-1.3169823229865736,3.5153356101654536,5.030761468158998,4.946017834374607,2.467892347487188,-0.9983927788521072,2.2070298794585996,4.570996371021811,4.0641736715438475,0.227684881749739,-0.6524982777673335,0.951697942043949,-0.2175046386577565,-2.150487254954362,-3.0777339883043586,-3.775203437182103,-0.9030234572095638,2.281550911422468,-0.40958538562317437,-0.37346483519487944,-0.27600637455217325,-1.0813542189635894,-2.416597567724232,-2.0115541122533833,-0.017690933992302343,-0.44889972272535206,1.43407749911402,-1.0940682360203495,-0.2150893619142017,-0.2536502850501964,0.7341927734769848,-0.053076710494697116,0.5824607871350224,0.1911941306263492
9.095984326915906,4.494216335965057,5.182103826805552,4.445098230852314,1.8169465300951848,4.482373941977056,2.0948413970061694,2.3896238369195255,2.5917403430018617,-1.0877669623721067,-1.117444963071936,-2.3218368448731943,1.386361473498077,-1.0250507061254361,-2.0605900939110877,0.600115161188645,-2.730840103294135,1.7620761265648242,1.6087165482216763,3.874493367832479,2.2166409135667875,1.27175683122436,-1.3320332519584166,-2.847630677125637,-0.8385448581628168,-1.5531293293133728,-1.3329112763936755,1.909712480852322,0.13019309944757534,0.6545826241553969,1.047739812683697,-0.47462433583842883,0.3140420795984146,2.5186677019271695
9.359853912027763,5.858252990547812,4.850458221047856,4.674524049549979,1.819712846819416,1.4350564483556754,1.6204482168157788,1.7378251144911014,2.8527927694063737,-0.7960260337414976,-2.564491030762892,0.04218925563528442,0.7039384380406027,-0.46883323510422814,-1.1113310314702214,0.7462904040331156,-6.202202144349048,2.366184580885057,1.7070414286937294,-2.9624500032447028,4.120448936274671,1.9139682972160954,3.229817363884105,-1.6504396564279553,-0.981553570479354,-1.6872754218982173,0.11214275256099937,0.06529996222403778,0.2479317638409446,-0.9827686272173541,-0.1868409182860233,0.10122724455427683,1.515711228688151,2.1141887434734525
9.535772722671272,4.730430652770459,13.063522258726296,6.089645060969215,0.20994265283301927,1.6902467516881967,0.07230934401070194,0.44444014462095904,-1.4093105108372326,2.1473149816347696,-0.9765239076339327,1.1109416424559524,0.7095416452222132,0.5559750449395539,-3.0673914842372234,0.6086025196343229,1.8916876906356404,-4.96873725698029,-2.6339308304243527,-0.8883730145671648,1.4286509300573131,0.5575750441769839,1.939253097908188,1.0321595488431015,-0.734647028954452,-0.34623065869639535,1.307777646753473,1.0789267084143976,-1.077126911280824,0.0935405421826258,0.4099066682266414,0.6618468102328358,1.2401078183092167,0.27244488249109233
6.810614868598102,4.757841368061249,6.313829820295586,6.231655427983701,3.684926973535956,1.4836909917156202,0.3593367358447182,0.3971810077472677,1.722826899977489,-0.9718169116797776,-0.906694996260049,-5.948268137783498,0.5400741963375937,0.8304288691906698,2.5130315413943682,-3.056826924549357,2.408477396967317,-2.2093383850477935,-1.7934411264183319,-0.18688086449957425,1.6459839656715667,-0.054286104409269016,3.9593576071330716,-1.6699802285037195,-0.8378581211872466,0.3807765183305423,0.5903868020778192,-1.316031827095545,0.3219041818441871,-0.6367745113499068,1.3196064915752888,0.9090356265577442,0.8689519614132366,0.871344087372582
8.963335702155323,9.115335692867014,5.5378995242823965,4.922055732001418,1.8628146768060265,-0.6045239885986576,-3.096515078832793,-1.6522285665696679,0.3466100270536117,-4.478837393431222,0.2719171268908183,-0.5707792015424064,-5.452621452036097,3.8199615329564756,2.3454253963816987,0.1086807445576623,-2.5366000442508367,-0.5882095675226462,-0.3562123133047739,-1.0675088296435433,2.605830835110923,2.289825842901564,0.2230102650363904,2.493590904355986,0.43206489213600763,-1.316024782854557,-0.8278556495301956,-0.6763149563517843,1.0940576167293605,0.05075803857733992,0.3986137067149813,0.6312330688010964,1.3970443536297938,0.9411324694085433
8.869061821792446,6.8390268342033735,6.283812673886602,4.725677070491297,1.077301635150276,0.0333096060197925,-0.4920518154318117,0.4087601750362929,-1.7575763595901321,-0.5977359813522661,-2.0937918402205438,0.3019247889057646,-5.405758401073104,-1.7988604115960833,-5.532649615128268,-0.14448441616376068,-1.8912866120388683,2.486572300744946,-1.9738146882311616,-1.8116535007408874,0.2517863280466704,1.7337269336557808,2.338656719554125,-0.9877564847687144,0.4418648895606843,-1.7483078094368836,-1.283617081019477,-1.5342397626183477,0.41351778443906295,0.13165139442064275,0.6659576161549876,2.0710246591309702,0.7414914492021674,-0.28989011765776346
8.499323326120782,6.741331874266776,5.336673125261565,4.657934714428322,-0.8017903698839886,0.9352006745912199,5.672576269992199,-0.8659710590178893,-4.831543999086582,1.873848735734536,1.3730493218928272,3.0994223664992893,-1.3879520442561917,-1.7021462505112512,0.1776168833651435,-1.746396369066088,-1.7402183026272733,-0.9128525728001052,-1.7271357106014766,2.8857608758774886,-2.2899903429218815,1.6597080147424716,1.7463721770650635,2.4369914830161528,-0.26673590512109485,1.4568256441479366,0.6828730928424978,0.5843404325034393,0.42109527973532046,-0.11612454017183782,1.6416423866105696,2.8103103799511615,-1.2902506417639263,-0.9439746681295087
7.927750851563042,6.869550511196684,5.8278202915281225,3.804956924742217,-2.0414089840899763,-0.3094417344439428,-0.4284745819408983,-1.0491097193715708,-2.9108808883697765,2.2633133861596897,-0.08580992913555893,1.4208799844121078,-0.1334363582369045,-0.8555500547201949,-1.6618178251892397,1.7488195922530603,1.1421736494154626,-1.2877867048102132,0.2298722238379339,-2.1450972587773665,1.3260346724989407,-1.7499958722390558,-1.2205404692508126,1.829956943199578,-0.3121533872360647,0.2953071927212769,-0.12887931846566875,0.9689313154571045,1.5891116487406893,1.7021061531185278,2.037003653056751,2.199995924973858,-0.3726684877510523,-0.9983642164076285
7.311564980239023,6.454278606084544,5.342742737662922,2.589814627491271,-1.7079009971781198,-1.036794672204816,-0.10521502052000382,0.5107304281604562,-1.6819973386640814,-1.5170232890281972,-0.9085712355661714,3.0124388912847264,-2.55751362767447,-1.9788358720606065,-0.24556868508311444,-0.18722157124216074,3.4251557067721,-2.3321320532934045,-1.2803951886888398,0.4659013877614885,3.8727053006368766,0.36849553044870553,0.381301391280936,0.8873119887869817,-0.5673536613266297,-0.9548873443423462,2.5393329177115866,1.5450593252529865,0.48645384324565416,2.249530411321042,2.1628716481688848,1.329257326507574,-0.86303006885103,-0.5783266829686464
6.484217584548795,5.518528187645219,4.109620402077756,-0.5449808417989377,-1.7677710289635788,-1.215161681644122,1.1328434600980961,0.9213755976096379,-2.376271395417836,0.008364190862073122,0.37323602172359815,5.858833149505593,1.336307502127528,-1.768332752368555,1.1492686732460096,-1.235631595937291,-1.0083073852817452,0.2761793610363997,-1.5794270156000012,0.06984519727827175,0.1828869155155859,0.489612516927536,-1.0640474576470964,-0.8217591651577986,-0.385553946590735,-0.5460745269081766,2.386290086740946,1.49380797436905,1.4011880562789405,2.117439478138333,1.4971516941615706,1.2368018024074756,0.03913404621015517,-0.47960851289663803
5.27948903827472,4.078855538548621,2.380228537897632,0.6865511610197326,-2.3035186978352367,-1.1070702107985961,0.7884493574762556,-0.14136802241358193,2.162035210658521,-0.6104951062703126,-2.2689802453402437,-0.9572847318992755,-0.33758324064135176,1.4242968678894492,0.6419013211465433,-0.461392424881783,-4.517442472701155,-0.2682866816866434,-0.24837744765023886,-0.7140880962979321,-0.04522925613690346,0.2587777805244985,-0.1828954559786724,1.4795997034648427,-1.0228490213767092,0.2609454317302194,1.5622518395300686,0.317414701749523,0.932678165245005,1.951541645168461,2.2286200939164367,1.3408404670239258,0.3982011212419063,0.02452495998750479
3.5903995349265156,3.0918000603000846,2.0180801837179585,-0.055794787973767634,-3.4998009538310892,-1.8801748070644628,1.3301841700827939,-1.9145048493444978,-6.347306413656672,2.7940364849652446,2.263100793077093,-0.9355028725877718,-0.5122198093223402,-0.8997146743098758,-0.9435671576009265,0.6025690611461714,-0.9153771555630164,-1.0422955040299364,0.7628077832634872,-0.19658126723246735,0.7666497354983975,0.8190404457197535,1.3932165265504899,-0.4934784953729337,-0.9904669911362036,0.7237630035221113,1.8125391032873375,0.01263790239177418,0.7811786934261755,0.8581088679255467,1.176998290089664,0.281151167955287,0.009918280382373818,0.45779787669424304
2.336365046353859,2.2844075906452974,-0.6273142199331466,0.8372567781095851,-2.402870836571055,-2.3185472573487065,-1.0016442221905524,-0.2264728497469934,-0.5262000812470701,-0.38579385877496214,-0.7975941368336632,0.6483911308622827,-2.0632771837573807,3.6571360997042,-1.210157626423785,-0.0506187858003871,-0.21607322053517417,-1.215076022983537,-0.12529352890885043,-0.7257083590362388,0.8157609915081389,-1.1600127208036206,1.0992233118923909,0.6737558020289903,-0.3076060738486659,0.20271498948342534,-0.4056848443957244,0.451210370190046,0.2848201908787237,0.8566340989262194,0.18848154587651078,0.10536551846985096,0.9300896528760846,0.5894585733573715
0.6327813095702463,4.952607268892462,0.39042715745899265,-2.8269651182859743,-2.723145324279224,-2.7109863324323458,-3.1594101839605937,-1.0073875709501932,0.3025938147207751,-1.726436083348308,1.0102301819780228,1.027420639845532,0.737457337139268,0.5607431809541096,1.7738995185089936,0.24766555223198097,-0.7881249212771372,-0.5486079603455336,-0.2627690568912599,0.220883236909416,0.6575402469992957,-0.1329225729958736,-0.12976863018157825,0.4477417033890345,0.9098918824579351,1.4650552386973261,0.7606867332982468,1.1009985414600623,0.5421744100744884,0.9339603714171669,0.15720648282618108,0.5306193583388423,1.8655449896775356,1.735542998635343
1.0037981666447204,3.8919534981286104,-0.37138972103199314,-0.5225537613792173,-2.483775956290572,-2.7648034172412626,-2.9158630391720295,-0.35134775230894805,-3.009936637474675,-2.089532044738134,0.8655106691288278,-0.039741609376016285,1.2070805891694323,0.3392276407773643,-2.1783482940574492,1.0175351638658061,-0.7476315155980304,-0.7019089369320216,-0.11272160648116156,-0.43449297313362994,0.7730014183508337,-0.6168695199660128,0.49264380146788667,0.1357119248211627,0.8972591743595946,1.6369105150126053,1.525401303479879,1.3155368627915682,0.8958957986714516,0.48062167627118646,-0.08744941550089685,1.0640194091889315,0.7072839160423506,1.8595147688015126
0.006957869760560064,-0.5151569607678673,-1.0950137278459349,-1.6180579363546017,-2.817169727533707,-2.587672633475718,-2.786583980648144,-0.4046086954586357,-2.9741624450480133,0.3911471574376118,-1.2178339241631362,-1.1755448831469748,1.347442580934313,1.202844644389155,0.6052659325461114,-1.160765349582276,-1.170423366079208,-0.5287752679544359,-0.4087247714804062,0.8143020682613442,-0.00670627656606415,0.3467206519221126,0.7757349880967612,0.04622172493501596,1.6006632601766129,-0.03779435518866451,2.2731502154868335,1.9339921207466872,1.4432570306819257,0.7816994654217033,1.0898453432743695,0.7204508766723463,1.2818834859503159,2.063736281022146
-1.5002163072312131,-1.4776340301518913,-1.5250931902253395,-1.8649442948119268,-3.25185384597171,-4.942290575636372,-1.824925945468484,-6.343416930080651,-2.52712138460641,-1.969261702429879,1.381246920240541,0.2874561291422205,0.02609303710328562,-0.6576188463716971,1.0079337082223283,-0.3360323151768083,-0.8912731404543243,-0.9215496712321433,-0.7837061237927869,0.08447195013479074,0.8912061649251296,1.8325914582805196,-0.6489618918247756,0.8830432347912447,0.7519180796082108,0.25714925487863505,0.8756993868112342,1.6904579926443726,1.4479974118991665,1.513432437977367,1.3227746314223248,0.39424102531960253,2.0187552121661905,2.607000165792339
