script/wind250m.json
{"header": {"parameterCategory": 2, "parameterNumber": 3, "lo1": 6.000198445256149, "la1": 58.999992894266676, "dx": 0.5, "dy": 0.25, "nx": 22, "ny": 24, "refTime": "2024-02-14T12:00:00.000Z"}, "data":
[rows 0 to 23 of 24, columns 0 to 21 of 22]
5.303626026812035,5.548257788216057,11.930891373636213,7.6932897826297095,0.6258089662943024,7.995551551872877,5.143789057449506,5.516845454740086,10.486998018673088,5.849641324629578,2.1731249758938955,4.505522908115021,7.313316649609608,2.310178421600359,2.953474691557687,2.167503209045223,3.735424415755741,10.904426320248007,2.5870829926674106,5.194649766381796,2.4388888268153535,2.585840288541756
1.5301667257186928,7.562965477119686,7.777594370777318,1.1839062802256453,7.703816302109222,7.275207014475627,3.3517926918331042,6.631598418684427,4.784013413065583,5.187136478230924,4.680619707922662,7.601983444662423,7.7399837993616085,11.678331935675999,3.325408518829923,6.605793278761215,6.771700547015277,3.9446877883538733,1.598908888618325,6.436257004177775,0.9948818080488193,5.238271206670048
3.5165395576030423,10.497109381135912,5.92873483594281,0.7595095391914258,5.6019770905317365,3.6809543792755597,3.5299229100946525,2.9009612432959986,3.064593256076122,2.8618411834269954,2.990442795655287,10.606441962163244,7.391298782429343,5.433900020946609,6.4158757117466,4.448468382475951,6.751859454658058,8.63894891874299,11.296421319662752,5.626299765557309,0.7180543761786031,1.8082912959108273
3.694271700896693,8.025552162864109,4.059831051376833,5.777893467067941,3.7954301575413796,5.587085244976612,6.015799366427783,3.8815903227265336,4.5512273738253075,1.3795267917285077,1.5600247549128157,1.988209134928807,3.3857183415371344,6.4945595630662,8.105737406298907,1.9541898055378055,6.651020988251556,11.066851591701948,6.24863089655633,6.56135343627313,5.940912038137717,5.319148109345586
2.238823252154159,2.339322122302001,3.151568477536329,6.712563748712148,4.494374118959792,6.489593042632659,1.5179809916747264,5.260728385397744,4.174107456031847,5.953531980224202,3.1893079572977334,5.100407408150401,7.986857152635263,2.976009604233093,4.943985387819796,4.099946634901284,2.672028722368183,10.944715695251183,3.1360550197966393,3.7315149456657553,8.01320731052226,4.712468045959405
2.058178427466472,2.2556332009940787,3.175288656549563,1.6200695280078052,6.596842726895616,5.777727518750747,7.060586756794618,7.564837398423499,5.280094704959129,3.241318712938121,5.977412847540037,8.005025009161221,4.719019674837202,0.8376030223100369,5.679774867921181,3.4011200144976144,4.899167265206467,7.604668112416141,2.724965084796867,6.330546140891204,2.8912446907309763,4.723131314664122
5.389505884855728,8.394183846422838,10.831602624869316,6.2310675020042785,5.631630392801849,6.6810514543404285,6.545486271917325,8.412073514823467,9.893249641474334,6.807515063908987,5.270383227845796,4.444785793336699,5.849523435742647,1.261023206430345,8.37293443970418,11.12709987473365,6.824095015030559,9.523809981089427,3.751946346561679,8.401566394463776,1.3454671418999555,7.162503715881139
3.1322661080425167,3.594737086428978,4.144901055228212,6.808606726701654,1.5873646544570843,1.688602673058811,3.5800942037065298,7.195814409843113,12.046465894399157,3.1611718220947487,5.900789620719281,8.802748277593274,5.46807092467387,5.014067265664828,5.784871145375861,8.076305371623437,4.231006302287865,7.645711544112382,3.5842960576512,7.5839053644094765,7.645139934261036,5.795715680533805
8.840021218612542,0.8559694367843946,6.519228256157945,1.470269149082422,6.576581343457881,11.356983337436835,6.812306510100602,10.768099464234435,6.756133386376519,5.9565583836338165,2.0653127933259325,3.6295074329661503,3.3097155841740924,2.4000923456048255,2.9012449743284874,11.495299385277802,8.882391829918282,2.435822653250954,9.267270791881707,6.108788874412659,6.160108397647935,1.6196033081785464
1.2345104352006646,3.9865833822202466,2.56139856553619,8.288129239862805,8.053953655650572,1.2482769318675042,4.966876152745951,4.460384696173268,3.199430436873209,3.919539217080675,4.234660476998878,5.327175180937301,2.1984450828849895,7.419620724873558,4.097940767578094,3.550739673296825,1.728434748854259,10.637022506378909,3.4280266474487,5.241562344456154,2.116894696140421,7.3459746288272605
5.6958098185189145,2.3934798613988906,7.069761607765301,10.293080233933203,4.0023986703258005,2.3449803065894494,2.812798133132757,4.2191152554503395,8.767761792228239,5.487238242849416,6.071040418050425,6.542589114889722,5.946011601159674,10.693513918251961,5.7616357772436855,7.314842070770174,4.581781194830519,4.862101142690255,5.156172635180953,11.643614516420312,6.159662188877787,2.9598606147690076
7.3607731013363065,5.224494346984276,7.316583405370648,2.477468766053861,3.338442284526914,5.922390256146754,9.950540552258463,2.1767884343221495,7.6285949391564,2.212271008093549,11.339793243513702,3.1828815991289545,5.446578752471383,5.429883179233814,2.873628333759695,4.377640449364901,8.947241976000363,3.7387356548164807,9.650896028564436,7.237172229068221,7.516360531173466,7.579588233529509
5.412837258002209,4.195361302623482,10.793729934835863,10.139885190661316,5.240762027411349,6.162607956704771,11.080704200686931,8.926859967662729,1.3268212326407254,11.150008576965279,-0.380398707241986,1.0561371199216743,7.233092193799461,3.3386357327084593,2.3702208515666885,7.59656099413768,5.758005183714068,8.919529736165396,4.1031681010951,5.8789218507065435,3.3635980226748052,2.346369439351649
2.3926104464268048,7.500471994452559,5.881722175964619,5.950482798374119,4.047430486230029,8.236909689990176,6.21999830501218,9.732427059161186,3.1605822269915174,11.086979774021867,3.917829514680481,5.771660377640282,8.95173727567029,11.645786863761955,4.307018280663404,3.4949873029622918,10.737781657779315,5.609234583360806,5.8828294928901865,1.1403819276411682,11.31172407660425,3.822889260327901
3.8653854659561175,3.0667865634025175,11.010842907677405,3.890612047064186,5.174355456766702,8.09368408245981,4.79324416478763,6.899654429288946,2.9507653652865455,2.504169732555556,5.370167388769809,9.750183452288313,6.371889072129177,5.8550855540230415,6.297000374904137,2.444879993921046,4.181001176310116,3.363320549909994,4.933819900273655,5.528894971623825,5.345486327817978,2.4701556260806328
3.8060317906278733,6.054417917265162,7.274033865835402,11.48093011154346,3.769117016212866,5.069240778188184,3.665558944284871,7.2101039568790295,5.845843033174454,8.44562982288129,5.117865891610917,1.9142117119064785,6.055248850961439,6.923527877919863,7.535030744162225,0.7495514747315151,4.394288054086048,5.420603568392446,4.4504798805229235,4.529296310239941,5.950184456072213,1.77994242222921
10.426476577313556,2.420521980072887,7.632064872816019,6.14505285179239,2.2430907455920477,10.350303221192085,3.6041133538760795,3.0038116357691194,4.2005061501214165,2.4002433601189215,5.534720800389019,8.932080767847795,3.2642788602176864,2.515129804736494,4.782934126389726,2.1051106662995718,1.1362788308550615,7.837795953312502,7.57366191879691,9.184804095793053,1.5937703465315558,7.598632482794474
6.887580620466698,2.271572199486923,10.949446421823376,2.2819872718842706,4.911247400307127,3.9005735349080117,3.5024348459600887,4.835726613582218,6.683296334177,8.529952993084386,7.774120115791491,5.048504009379891,6.9677074022963215,4.046128273602342,4.979100281450135,4.483596324468144,5.572629094504395,4.99738636409248,0.9031904124344993,2.724364775223435,11.239080208443136,10.944592866205378
4.195204500785774,2.5455250310263593,3.5464053972756897,4.2367794069895695,2.731746672385735,6.494567277928334,5.211584968610289,5.5861055354752995,2.949714450014147,2.2979868516721385,7.3844995339600885,7.1227657707259135,5.849536061654072,7.783176881131174,4.3489181875138065,3.66844079395338,8.32740332633261,6.467361514389955,5.80185464110759,6.1073021706102795,8.804818786424798,9.752051147580781
5.086909633173499,5.8067311062656035,1.4167425157687847,3.1159034221052013,6.590207099622707,2.607895776734842,6.264609346580008,3.077307667144636,1.0195157679771953,3.667970645128084,1.8197473462106204,10.246949257377098,3.626418457527894,1.6387667275672906,4.682674297069748,4.5826805516389415,1.7936952035935652,5.551279966007274,4.1566593199216,4.810250549058835,3.0166112997412884,11.302580269039822
5.340913302465902,2.2551750361964573,10.398179080073174,3.5017256450068186,3.54840798846786,1.8793843101263494,2.965968084068746,8.70056071717436,8.021509764185314,4.997048126474331,2.047728983322171,3.856173697433564,5.486035323640942,6.182091981331612,5.682991985249557,9.975639668615722,6.903641099215605,3.8619218613764508,6.46441743799825,2.254345685704764,4.334749353926806,8.468479881798917
0.8307780998741594,3.959161555377623,6.00437591717256,2.5619596333688253,5.985490431924634,2.9586358340340833,8.086314239671731,1.61874240017278,6.287427805007996,7.5327293009689456,6.192327654298702,3.4878981278570462,-1.5205925021546804,1.1218225464203422,6.30000196685536,6.051981564637823,8.948871134178223,6.731249070465378,10.183124459084715,6.329652683657713,11.358860730550198,2.9678226108296855
1.9939691469255278,3.7279622219152713,2.3292044956138933,4.79167127904372,5.92583002854207,1.303167897648701,2.264487718849659,6.81052373898723,1.479141563941292,2.4611251271345522,4.0108085227887065,4.393435906224531,8.395368255331636,3.6905206343087853,6.041712903661162,0.7443312610457532,7.047713079114452,4.708200090671592,7.51076444987792,10.110751514704734,6.044693610688677,6.81694310610001
3.0620167883433416,3.0905255774557543,1.7833343283067697,5.6410710433532385,5.843531184794026,3.5371793480132423,8.020950160190592,6.230856168957801,1.9827381148053667,3.100766311638626,3.970963771595122,6.21058061434032,6.419423867444119,6.380660396632491,2.9191368421019535,7.14356462657354,1.732118526043269,4.597214509906522,2.1939060050958084,4.1738557556928,6.518422971271882,10.36483895446473
