script/wind250m.json
{"header": {"parameterCategory": 2, "parameterNumber": 3, "lo1": 3.000054539987559, "la1": 64.9999836372058, "dx": 0.5, "dy": 0.25, "nx": 34, "ny": 52, "refTime": "2026-01-29T02:00:00.000Z"}, "data":
[rows 24 to 47 of 52, columns 0 to 33 of 34]
10.55024065988667,10.04356481605095,9.845760076451677,6.74585435233488,4.200481804566549,0.6969087458379107,-0.23550108627050959,0.7114588622406052,1.1811103439350663,-1.816250485991986,-2.2365805324676717,-3.818520774681162,-5.061967226566176,-6.082925034027498,-8.44563597273158,-3.1144946684122083,-0.6797020342087826,-0.5469056026916695,-0.9324706828186715,-2.4569435129955535,-3.251901076543241,-2.1744495459681628,-2.4951169070644807,-3.2779129996314027,-2.6960129577741387,-2.6785908388907718,-2.6310782506903028,-2.63175249545919,-3.65983008196552,-4.076515242913548,-3.3847380961110995,-3.6093515282981943,-2.3739663928202455,-2.041699266814564
9.959906193337433,9.180734286622886,8.682657169730195,7.802177974774533,5.025875273096184,1.2388029730282744,4.1472597101093385,0.15094130285375534,0.04114043108405817,-3.8649202841111228,-2.520195235082488,-7.253334352819635,-8.647604140487092,-7.471559641513827,-3.0559168192463924,-2.7873676015800855,0.08898338654095461,-2.813908347942346,-3.0454160883305708,-2.42223010494044,-1.5448408177897874,-1.3516208578451399,-2.1619624935228767,-1.907191899692608,-2.6200168444091108,-3.72148903576243,-3.645167566351756,-5.003908209541096,-5.232593227983958,-5.652989842923252,-3.6312753310975054,-2.4232386564094983,-1.8373007933446734,-2.0221110512520695
9.177949786349565,8.55437969924897,7.408378323471728,6.957296967184392,5.196140086470013,3.8255494725791253,-0.20245810520972876,-1.1493416485003582,-2.963079627519985,-6.250997258043482,-6.783476289031577,-7.207059021733139,-10.014362741797623,-2.056986260084836,-1.0895570217498538,-1.1646677721963308,-1.0533249538042244,-2.1955421123987193,-2.161592648683665,-0.43494479452191637,-0.8207684188311377,-2.436171628520842,-2.465026578470809,-5.104259118424124,-4.566554323864753,-4.584661153924625,-6.370731624971801,-5.95179871838369,-6.318270670862086,-3.4665617958625337,-2.6883703712812075,-2.497818086055725,-2.1351418772828956,-2.3633193545239353
9.8824990943493,7.940448963906163,6.8958467498221045,5.535566873593126,4.3791593353453875,2.546190791215018,0.11314571691815972,-4.849387992077131,-3.267042396562522,-6.008091373821222,-6.746078635531726,-10.928633331713984,-2.0724453452486444,-0.46741403216708516,-0.38137218548537355,-0.4519597116821198,-1.586142912644401,-2.0104904280227123,-1.9722387255485205,-2.501968755574491,-2.769005779880492,-2.420254500150761,-3.401367892683455,-3.907256628299299,-4.4092027177765925,-5.159038146550241,-5.632467733995596,-7.1719740146287325,-3.43820378515971,-2.988510872258721,-2.536241509924727,-2.575666850873551,-2.833813928537784,-2.9105499878684906
8.68549237750803,8.753919649522416,6.646469331952766,5.652296905708331,3.9194898198469494,1.7552546952886572,-0.8760934949615616,-2.66867454322109,-5.84856393927862,-8.478277474010467,-11.042866815494236,-2.5232389047192116,-1.1835474813605544,-0.07974254295466365,0.588691797771549,-1.2527195540129816,-1.582946878099025,-2.741077041128892,-2.7030357561077247,-3.621488208705021,-3.7177441804620823,-3.431987043584479,-4.500286278812067,-3.0385807027890803,-3.4121789127726934,-4.835262300257378,-5.403648539019016,-2.5468927445487934,-3.0618690047063537,-3.413184451999652,-3.309668640286958,-3.211451013836983,-3.1248876250730073,-3.1367499232072196
8.220888055881225,8.043080104816111,8.148044847580872,7.5469068131998265,3.6902233593266356,1.9869620439281723,-0.3579944950347836,-2.742877627823389,-5.328337225410295,-3.7135771670058926,-1.955337616068169,-1.1051310794196791,-0.5040983934342882,0.5357560248922226,0.6237959703303192,-0.9414532540831997,-2.621302632883011,-3.23719249151265,-4.862916788069156,-4.3918018146555005,-3.484805103889696,-3.036434985405465,-5.2585150900230175,-3.231175290986402,-4.056006347230674,-5.499078400338438,-2.496384319551227,-3.4629972363325563,-4.078642310788912,-3.4064732945334897,-2.9852635674591683,-3.7958226202932894,-4.320950216827918,-3.652949697709449
7.699931154246605,7.126215419873333,6.681585163082245,6.8526331512348335,6.058911632102942,4.744297819464609,2.9868498958835215,1.7737783623148928,0.4777820123648131,0.059776183698805226,-0.08942507621111395,0.5147770751514837,0.630963290836822,0.6039108546245311,0.26773667936158646,-0.255019928410081,-2.255426682001178,-3.2094233456392023,-2.9806340499456474,-4.163451260559347,-3.885131821480897,-3.775448919327192,-4.279724741002041,-3.79416429336134,-3.780636043658568,-2.9413396748440155,-2.3089529183972957,-2.8587378296020294,-3.456405083709088,-4.141551880163737,-4.772103275003721,-3.783510818173925,-4.213659624449676,-4.3310160443719745
7.995056160753554,7.030730293594871,6.27881115468015,5.642525341200841,5.273217692894742,4.39175481426453,3.4564443765078434,1.9702559773036887,0.9287160662884203,0.3058813874500375,0.5168163572238098,0.464910310416572,0.5402261531378493,0.8251122664193099,0.8082497224319851,0.6411888285444064,-0.07233673923216025,-2.449562432036349,-2.9596792286884095,-3.190037883432137,-1.924238793367664,-2.2774917775590064,-2.1801876353619907,-1.8003385718131888,-3.0958861185237008,-3.201785278195798,-3.508647953815522,-3.922305700365848,-4.467661432495472,-4.683599854077487,-4.476551739403164,-4.707152644836735,-4.995867390982547,-4.586533922801725
7.4176889962619965,6.839571010607896,6.175806966008887,5.138823412217788,4.529248539458103,3.6187732944261097,2.994366284277381,2.370444580280903,1.7455595623202338,1.1018031192966236,-0.07683463959824421,-1.3878929589209048,0.009806008655796093,0.342689806416219,1.08134797195726,1.203673711351471,0.964534513133034,-0.34847625643736896,-1.143465269093815,-0.9059530553088426,-0.6044560249337596,-0.9889833013050225,-2.502582568357279,-3.7554674635862506,-4.212600322642595,-3.4845277206972356,-4.168692204851054,-5.194728418595167,-5.345003312572835,-5.564847027705099,-5.0534588484422285,-5.227523770755806,-4.503627287545988,-3.780591194616825
7.223382884185939,6.54134937835818,5.526288308377597,4.937445755208393,3.984939733986225,3.3545236297564305,2.3452547793802796,1.300891846990534,1.2638609634150293,0.7650681477975384,-0.26268080194798155,-0.598338385483828,-0.3078874452067743,0.33937065273356565,0.6600688798856233,0.8348628030300216,0.34230115276543316,-0.35271051521059105,-1.0712909513408162,-1.2025365963438883,-2.1500692996010278,-2.0457486645772365,-2.7822806346485986,-3.779603738697068,-4.567241140548101,-5.723933897798105,-5.087877209572964,-5.900427145658562,-5.913592979197403,-5.766574876774645,-4.839291235493995,-4.19948673282556,-3.998602124728868,-4.036424299512097
6.750619515812579,6.339352260196808,5.490142088176097,4.435474089448553,3.566573919672373,3.182913873906094,2.867705047992574,1.7359012972320855,0.6364033816349064,0.3877797860641268,-0.8007657201257714,-0.5388022524113679,0.017540845820561132,0.04466948875573594,-0.45481199251094245,0.053230513535496085,0.07877697024995535,-0.47721662712780494,-1.67748676872132,-2.6699626593112984,-2.579707950393761,-3.0836803420483028,-4.16627977507463,-4.963542965354541,-6.093776692627116,-6.6734514286755,-7.524826577125195,-6.257405803380793,-5.262803760458731,-4.907204876878521,-4.521672094663571,-4.3143273637382675,-4.179655487371341,-4.019338970593556
6.661455472555396,6.183229915350212,5.497970517428586,4.754574895181512,4.09968643411934,3.611899076719633,2.5612224519369162,1.7629717168500223,0.9009850172586802,0.3340562905289666,-0.7161569525657798,-1.5628339410626877,-1.9001087964616254,-1.5266297367185608,-0.9396992612057148,-0.9324046243685709,-1.603176080932575,-2.0664789268377297,-2.1988684595653414,-3.058359435535251,-3.868151793653201,-4.3961767017010756,-4.293889789014206,-6.094104596700726,-6.218265524611623,-6.985800373720584,-6.700080254254176,-5.520402762726595,-5.171436033685176,-4.712891045445707,-4.418934455556407,-4.205346383332879,-3.9167328685892335,-3.9586542398506976
5.788466172983862,5.600770764162396,5.078360894993632,4.813281326615168,3.961141600803033,3.524453772421709,2.4623836895184,1.8679644153292274,0.88199690744132,-0.16840945984633035,-2.028061876999871,-2.9534835424801877,-1.4002743546918681,-1.6284468005814767,-1.5031068602508224,-1.708714184538444,-1.9265684423297251,-3.3928673758159915,-4.836555396379611,-4.226979712615358,-3.7358271943333583,-5.823154086310736,-6.24212894887496,-6.4819320673153875,-6.508278911828863,-5.570763878762797,-5.235150329816965,-5.351968505906329,-5.016177262655529,-4.690259370252311,-4.5760655692735295,-4.3344817954710955,-3.958315013487831,-3.8802372106047742
5.2839961519172745,4.822688311750944,4.510969666604036,4.474084451184788,3.7371099447733807,2.3041844067291875,2.0216462476552017,1.8770712770242897,0.3055413764176268,-0.921269730814818,-1.2501022407071936,-1.3092021869549062,-1.1303079600393873,-2.701953077567516,-3.005697894875032,-3.3265729767198895,-2.9287578449558374,-4.70977991656091,-3.895358592064033,-5.924238077275068,-5.8763979375006015,-6.386361383434083,-5.566997333726849,-3.689275523973555,-4.245903023019473,-4.946734604977853,-5.010471014942526,-4.749927483914652,-4.948783240084626,-5.041092202805057,-4.809941477780798,-4.358796874049898,-4.225240289055806,-4.329471061539407
4.808248391178942,4.432299941289265,3.966507503417748,4.229511505695342,3.662684166529097,2.7870607872598505,1.3665400507027365,0.23812417348946832,-0.11305686420680529,-0.9779217278899445,-1.8570201018570545,-1.804623216870604,-1.6724812907955329,-2.952639797008831,-3.2675389011162195,-4.396323938312097,-5.139939359493027,-4.915899378542422,-5.585722408679203,-6.724173415551378,-5.184861654670645,-2.4744982941012776,-4.037848854144969,-3.341668207547101,-3.975853730116702,-4.614356190286567,-4.666610440704281,-4.513322308462629,-4.614631555025589,-4.692465745197539,-4.407235538354933,-4.421334366178692,-4.301313966923383,-4.217341342270268
4.55100259701677,4.0807671636755005,3.9627289110700543,3.7383646283720164,3.4252042125468267,2.810772794772491,1.9871103439522713,0.6382238037658867,-0.13453083920230133,-1.5293952108727706,-2.6457631898138754,-3.4300083899139557,-3.3923331402670533,-4.356567625945233,-4.279478618220518,-4.723628953017732,-5.04865797108942,-6.025641183470338,-6.091448797096511,-5.191682483754879,-2.8882667851411887,-3.4032319765103027,-3.1466322102125184,-3.0188485382879153,-2.7766266998506746,-3.725534739986422,-4.317614664966114,-4.467660701845183,-4.222739859534731,-4.392340507181919,-4.282254153721335,-4.12847684183332,-4.1449853576776245,-4.262081776663119
4.3244010581660595,3.924285987720614,3.516998798802201,3.4374811410794734,2.842422974261578,2.0815207250940655,2.10692084871476,1.7340231122546186,0.10630137252667281,-1.5597399571280441,-2.9593734942000163,-4.125051460476264,-4.28829540483749,-4.4516891404042545,-4.384525345335389,-5.380250389242856,-5.190556142977061,-6.146549806884627,-6.877543343275466,-1.5329412147811,-1.8492559089058658,-3.0897470310418065,-3.949593955332736,-3.027619649228982,-3.542024990963854,-3.436122309046351,-3.6567248499872016,-3.90000772025347,-4.046505988698813,-3.817612957907441,-3.6081440288680184,-3.6137661539740784,-3.834449362748868,-3.8408135609150813
4.667890271187496,3.6843409532888574,3.8713648187920415,3.844844770981894,2.908315524125882,1.704444899948367,0.7501447632098256,0.535890608312265,-0.3304332799185726,-1.3330747004869443,-2.7169397370063098,-2.773346485424218,-3.6075426531102215,-4.518514939003017,-5.026037293068707,-5.685434622400906,-3.1787004634042866,-2.315258443785805,-3.1093362137578793,-3.0367783592111364,-3.052682929841128,-2.8919787272902293,-3.662816194479869,-3.5447197257264382,-3.1862702465250807,-3.1383311477642297,-3.235779747288906,-3.332775296317209,-3.525297750657568,-1.9715805651876632,-2.2563668991200383,-2.9199229746977546,-2.8404802203066106,-2.2818759286881076
4.644694117241904,4.152043919588668,3.30031174989883,3.424655292199129,3.630056022107761,3.696861273531706,0.474747597267233,0.37177229538936085,-0.35730502451205776,-1.3526756711612522,-2.0502547186786777,-1.5255429601202242,-1.9071444087041556,0.24171365447685297,-0.015358708853926257,-1.002864278580611,-1.4908157227931647,-1.7195409440137972,-1.6562810597751887,-1.6624724530694273,-1.1147640375703534,-1.144434654313593,-2.4134648919165023,-3.8546247346685223,-2.9491133565864605,-1.89845147082098,-0.5606163997609371,-1.3275787980384264,-2.4384860384218277,-2.6233515029005017,-1.9037849200791956,-2.54621048404611,-3.5871950388648317,-2.755317038189093
4.136470848407403,4.704327345064222,4.096303426520621,3.0979138825201837,2.5603893748702737,2.0509415650571414,1.7011261677857643,1.4459648682228097,1.2254856474740385,0.16896772818692715,-0.9860694241618375,-0.679102693438856,-1.3036276480257962,-1.1293622981917666,-0.792279867456385,-0.5925748998984933,-0.8629752633143454,-1.4120851519999857,-1.6684937469539691,-1.5458197573914292,-0.5468688663353164,0.07828419388479732,-0.6436618841546713,-1.2991297691240087,-3.3607124465218035,-2.1568571893310833,-1.7913161968603233,-1.6278096312865882,-1.7052567989717322,-2.646478588379168,-3.5494881447061317,-3.4734176946174657,-3.1893950479761437,-2.528705858295939
2.601417536488995,2.9555101506007273,4.087963682613576,2.93798031366753,2.008617831026532,1.745028044538365,1.1626825971556876,0.6272444715691364,0.27270769846321147,-0.17174846344876094,-1.0093452887714898,-1.4372619170273557,-1.5127096206273718,-1.115077388166137,-0.48568924655137363,-0.13106190458658584,-0.7037364094266598,-0.5147838468508312,-0.3264297249984741,-0.41430848619676314,-0.8973306467938763,-0.9061591880421938,-0.9289107392682764,-2.037519456135849,-3.2989936223787537,-2.7298549623474466,-1.5398207803548432,-1.693680427668689,-2.4703062254682306,-2.8121841587364824,-3.913322915455319,-6.264627787661811,-2.2945316447991573,-2.809431798106627
2.430197361642531,1.9639943533148236,2.0147194085417057,2.632276546854642,2.258276450073159,1.5120182098089896,0.8745018481783271,0.16332543581105552,-0.5343391928915795,-0.9385643748846839,-1.9096969975875713,-1.8325786339933714,-1.6305067990251112,-1.295835190672197,-1.5458849713428942,-1.9182296675985193,-2.0309052931070357,-1.9316842731795876,-1.0892454883387714,-1.198415291965566,-1.9439877061247086,-2.2254198753467813,-1.8838428272160994,-3.0454861117035446,-3.1959584823553713,-3.040700678027291,-2.589058146195456,-1.964977068254603,-2.9011315160242,-3.7801019016008732,-4.839123233840076,-4.901724374860364,-4.073758020760929,-4.166186222817499
1.6630858394799553,1.359018872073349,1.1799639760088168,1.5364011710722696,1.2660492519367024,1.152979373196498,0.7620695781470446,0.07238104810333386,0.45198459337480623,0.40680586874057556,0.5986049347980743,-0.05827370985632163,-1.169681440990702,-1.7501527134298287,-1.2481326313962753,-1.2695141837443231,-2.201239199897906,-2.939801142815501,-2.5501627588634737,-1.5816113512361645,-1.890869619431426,-2.765135372124832,-2.542004018392668,-2.2001451436690376,-3.8058181036615286,-2.54866314173068,-3.5159429887627054,-2.109822487149236,-3.4808889730382027,-4.081228416721441,-4.41601463532591,-5.660178305300789,-5.2820097504733505,-4.184680441417028
0.8979523884865924,0.6798305947303339,0.9862243063348575,0.8856969748319575,0.5395968836241448,0.6835862830566244,0.5023965584043678,0.02946087042983702,-0.39753106139425404,-0.4134578484876631,-0.39943672448400613,-0.47514663189359446,-0.23520234594971728,-0.4589769245681218,-1.626107297527718,-2.1536630614465584,-1.753264015056864,-2.722238466224226,-3.191891341442612,-2.4193322850586108,-1.3953587995323764,-2.697607005056698,-3.7839432387061636,-2.322096657690583,-0.33582152253229675,-1.9495448766704668,-3.303156631754557,-4.464196306209444,-3.787603205043686,-3.9760575305482986,-4.603543762021657,-4.775848522041226,-3.684863832710734,-3.9186539400987597
