script/wind450m.json
{"header": {"parameterCategory": 2, "parameterNumber": 3, "lo1": 3.000054539987559, "la1": 64.9999836372058, "dx": 0.5, "dy": 0.25, "nx": 34, "ny": 52, "refTime": "2026-02-28T19:00:00.000Z"}, "data":
[rows 25 to 49 of 52, columns 0 to 33 of 34]
-7.035551494581459,-7.545589052885784,-8.589460375479073,-7.177019468237816,-5.570525646011448,-7.491446943496769,-5.561110548512142,0.7415943328522394,4.36540897503513,-5.4409472368873075,-4.376073525762576,-7.069234265208215,-4.54836250182499,-3.9285914748343913,1.45207395623495,6.820201783993854,8.889642741468704,6.403603567544962,5.82809152444646,4.194146314736206,6.758460384607617,7.982714804338361,8.290342550804313,8.505036864749473,7.56505156029283,7.145316197558265,4.927084716688919,5.023657187902968,5.177085655487879,3.8963619748051923,3.6326439671543693,4.330333379355391,5.425601735298212,5.552912659589683
-7.739700142401319,-8.184323608035859,-7.611642848807464,-7.4784060609965355,-7.466384486780567,-6.795373586858874,-4.219156684867218,-1.6617298817159947,-1.2224245592872474,-5.899717583463056,-4.359437521668547,-4.850697314412312,-5.060471603024818,-0.5944985300112839,7.266342622599632,10.300079523640465,10.786483572827922,9.313237701187283,7.232087417893381,5.377233508667277,5.578828649381919,4.828576159295526,5.922636629532326,6.391593268595079,7.615421008663276,5.732874356205702,5.163489467040239,4.628991436347884,4.267646231978992,4.1420201563122605,4.277833435624385,4.227260733531049,3.7580981055737976,3.4819508832802213
-7.982413937844556,-7.941058974520301,-8.81682809044375,-8.709586012182923,-9.503689256424357,-6.732910643733458,-3.4035763053381265,-2.466627016552648,-0.6378353726982784,-5.424419983859217,-5.4205690370700195,-4.954447304947797,-1.821324060119657,3.4679429354349116,4.561463178502513,4.673218222550433,8.04320227415521,9.420833109868504,10.246796243215591,8.319472985040367,6.184114714369709,7.567371698239437,5.904854357695446,6.148405061548094,7.998602520179647,7.583650824378323,5.826063850701393,5.199171614490974,4.084625997626048,4.7121692768830075,5.410171798100144,4.9472441022011475,3.9395541521351536,3.908507361968096
-7.973545316035744,-7.337768438197262,-8.694571560104277,-10.07959344199361,-7.120619288855421,-8.790046898736422,-4.118628403605778,-1.6951667666850212,-1.2121811105719786,-4.017325597962635,-3.1097538514492244,1.715840308310987,2.6499298554084785,6.324680913818454,5.915232456165897,5.422166968246058,3.5618872813394145,4.42068456166093,8.844471941059673,6.984263648343347,7.106494502356716,6.9639792552320765,6.550850154202111,5.290502855307515,5.623208579477938,5.108549911202481,6.2823116583038665,4.97130138144419,5.458935307610706,6.09300096219985,5.153430952817245,4.712791833056846,5.649175465195414,4.389842491407535
-8.554188910051213,-8.001861406067945,-9.087496539563638,-11.283326395368936,-8.23411671222162,-8.03159136312603,-5.868901476912842,-3.5600981542782613,2.810359571733402,2.5897319252540423,4.024989916072837,6.223350748795342,7.932148145495967,9.89804726551546,8.200958727652202,5.44021723259664,3.27921946158272,3.03069998996728,7.459733662036357,11.434278450722033,8.812087081033532,7.2281769482914715,6.466693387982963,4.564753849201295,4.114540735402419,4.194988789617135,4.067402859262015,5.69332000392241,7.548624456303934,7.289741042671608,5.775322573623569,6.8767830731047175,4.96860613692715,3.4229072615651903
-8.53414909310606,-9.270306032773608,-10.827556000543396,-9.858311022725683,-8.693178275554958,-9.519630744152618,-7.811465955488693,3.4535223329268563,5.6019487793249025,5.868564884792758,8.436146598510973,9.672074211154642,9.73083825411897,10.188406567802918,9.428035221657597,7.291162317349237,5.0007814353724545,4.643011485148335,6.1393729090044555,10.364386292915563,9.034789127981828,7.436668388038682,5.557405636460542,5.259133628593807,4.382157441130325,3.100698863815868,3.3925532924192567,4.798195734311527,6.5760265642106575,8.588144657018175,8.089803416368936,4.711487599201315,5.820488051144592,2.3606618968586703
-6.246110517873068,-9.111530748582663,-10.547143135594284,-9.832803189717225,-10.395512549566034,-13.478558912497874,1.2197246161323942,6.816011778260025,6.655952540779273,7.761897728908539,8.373982658933286,7.706730755633717,7.161642443764206,7.940201463311213,10.229925513961877,9.426333234877614,8.10302679925968,6.469329894671284,7.135402219432594,11.458376513361054,9.081077289241776,9.685022676709446,6.939838547013262,6.585132750777413,5.079815122701625,3.5618806243889978,3.848370147987215,4.767567825484694,6.12455067557637,6.843819855789374,5.791807484999662,5.129807217311867,3.0173466933174944,3.2253378056198407
-7.792745219328692,-9.964050418021783,-10.111895297406024,-10.496277883467535,-11.390263342367895,-10.167800713975682,2.166020140795659,5.860277070589454,8.551333530029792,10.012322261693685,7.892660395392162,8.692399586956482,6.543000487555587,6.181425000685246,6.432979590778972,8.966748792320503,9.229889932487666,7.995714545909348,7.810467791687491,10.241100132114115,10.302189765742725,7.199150869213798,6.722605133896923,8.574972613719613,6.316012631679235,4.686136674383876,4.1507266898053725,5.379628712291169,5.205629947631719,5.266745998796944,8.273070124760723,5.540057174370694,3.957896456866043,1.9455908567772213
-8.526242021112177,-8.910025430753452,-10.632267079353445,-10.570236588255735,-11.858274162180514,-8.081399394217218,3.612714761877402,5.431161420731718,8.2094687435279,6.525425673329238,8.392621279651259,8.763334226906963,10.199018369617296,8.019639673894591,7.784445663567697,8.598732213465313,9.329263288357488,9.781361786617184,11.353937058450175,10.466203024326296,9.372662403424924,7.810217694873027,5.240409295026229,5.226738907048996,8.727796963940376,6.9676945445322,5.036132071357718,4.549793517628046,5.326511096127919,6.070501962495899,8.687702393472085,6.5999894624246735,4.3241664885920486,2.443852472517147
-5.35233424994181,-11.732767028020168,-11.02433297548572,-11.065137136055231,-12.16006317640399,-5.923799736006348,3.4065824985721815,8.144536216042384,5.289796172451112,6.297769079392595,8.29604768294191,7.742885472451274,7.984965323648763,9.354530978702135,7.236084498741444,8.71560817226946,9.392625347963323,9.491322211103254,10.053126997007881,8.917934321977109,8.582833527559453,7.147725366586239,5.36858995912117,5.783660756389159,8.037792252964053,8.576632637374068,5.290492112798801,4.8362581303799645,6.638280270449442,8.242587472605122,7.004926428330462,8.86471272648288,5.226418845579924,2.695470361842332
-7.340755891633987,-11.253403347428526,-12.910320824227073,-10.44935443125938,-9.554816590060964,-5.3917255159449695,1.526137294411073,6.150828640374775,5.249779017655612,8.372911646270564,8.526519967746518,6.172783303692294,6.6875569167757645,8.31046160633224,9.94539219594018,10.315236473580782,9.375773612101634,9.605428219022523,10.05145090466991,8.88396250284107,7.670777005929653,6.622860624007714,4.8681920607626665,3.9477908407819995,5.929700214612739,7.448629128365708,7.5165276025136505,7.527344030890911,5.415762605741341,7.048343064101252,6.895244206964208,7.511413903227181,6.523857494007404,3.868266683848836
-6.962670568765351,-9.106250476251144,-15.155177803846637,-10.864670819493975,-9.257809866451469,-6.271600245206083,0.43309495053075847,4.873339497476046,6.622128466076916,9.776581445556785,9.49001150538569,10.369868979748054,9.953598659089794,12.137790761146563,12.025215299737704,11.572225851825092,12.397318613520493,10.938221487901062,8.484682002986117,7.980826551729036,7.6077865569586285,6.451743388917152,5.249901484409848,4.298467197914358,4.123837733631067,6.616647284874364,6.907640949706189,5.703198595692647,6.891669008349602,5.114490230379483,5.264904911411662,7.439844191300387,5.204437291389763,5.507591189564526
-7.904880327908963,-8.739652535171306,-13.824808482415671,-9.717533813398786,-9.464192712674727,-3.7335298371601993,0.12511140024358558,3.031646612855789,6.6078447315469315,7.8714247201814675,9.534097655221272,10.117073221315833,11.734898405845978,15.040329656816219,12.384541071989924,12.38239726490867,12.446219344404401,11.912073349904457,10.895374254388216,9.474482117825575,7.821049197461161,6.922003784971903,6.4599170238974635,3.434918658709425,5.979463203145996,5.0912965280900115,4.996752716644718,5.775831296082882,3.895478349453348,2.8356379165449845,3.516473781875612,5.72786241249087,5.8623316303202415,5.2980659188160155
-8.0754194962082,-8.045535428115002,-10.449283396075938,-10.125434599856336,-10.183238426052048,-4.02673486230035,-0.17881307691224796,2.1522387991804,4.091542537738528,7.740520842014506,9.24069273556729,17.241576168395568,18.55177002537417,14.891108438475538,15.147741245301892,12.276837859146681,12.933423671866509,11.030966165290824,8.346274574990344,7.703045659250536,8.48543303857065,7.732134638541568,6.292796858895505,3.9850758446851864,3.637957655140638,3.4798703419252037,3.4331019412157966,6.646800982171246,5.459585212410503,1.9772919015088406,2.789420297553111,4.8159748371981745,4.342579753903612,3.3818270598415707
-6.752834651045221,-10.03976648732268,-10.238968940776042,-10.103232763432072,-11.523344660648984,-5.420174819431768,-0.8036762208547108,3.297608173379234,5.891333360969766,8.676701769231496,12.48099999681265,18.208509156185936,18.18204887269771,16.2930900470094,16.382301784722863,15.456724189163076,11.544529442290454,11.281829603007964,10.02656031223478,8.032314704696624,6.281831785487119,4.908580590138739,6.603703219565514,5.398047050488088,3.6889430599108186,4.015947160010156,6.080574177274649,4.792983039134403,6.0937104703603024,4.185353346383108,1.8699864428681618,3.672162326405333,2.6369038250030226,3.208466687708764
-5.347343752972096,-9.136434241323936,-11.520261600854425,-10.240015988596461,-8.897607041366904,-2.9490131325074187,-0.04702915892807874,2.327407820582633,3.752939688565695,7.893029957181967,12.133309944546061,18.133447503992336,18.942135357432317,17.080779086607148,15.82873402026958,12.18435018484729,12.955973332492022,12.120974277991886,9.997257308588697,7.591673296190945,5.919048920990227,5.283799835849335,5.023831792131399,5.160508737465119,4.772624475205392,4.64649531222246,4.137744757741273,4.55880419851844,7.079784682285569,2.4947081702381873,-0.08034344111992968,1.336562117520006,2.302937621264937,3.0675695751600105
-6.20012764402829,-8.769696082842776,-10.364647117008861,-11.368469106315844,-9.330819619930747,0.2759981974760301,-0.39901927368959766,2.5264999960740466,5.89018775210887,10.007131667117983,14.813700658332268,17.710633213832544,18.26759294616514,15.963944790170617,14.24897855421399,13.598156967642925,13.964002550662252,10.57554074262291,10.489878614839535,7.477314228234726,5.3312877468182664,4.780960723356182,4.06796058321374,3.6874013442864646,3.988035290742677,2.587820539969284,2.618219567952046,6.275773139411503,4.868092898794316,0.8627829474078871,1.2351894759160282,1.3485959812330142,2.043192469339513,3.0897417917091783
-6.1689023436845485,-8.557314077530632,-10.741362210150298,-11.367851725884917,-10.498313010949877,-2.040616302984378,-0.9870783042777804,5.615987184098811,11.444041610573974,16.839499025686685,14.017746622518256,15.469185199100199,17.632131027840117,15.305712503569273,14.333421677415576,13.576647702019642,12.417790802194196,8.990701177478094,9.05337835794116,7.528712197357546,6.158424081850412,4.108898623336732,4.755676475427204,5.467678953865836,4.848218969437138,3.1840098617334607,2.7791243601876947,4.952083458175463,5.967073339937588,3.805889203346626,2.32380563618054,1.2117617317037632,4.019151506844085,4.187000750348001
-5.2512952668723845,-7.945714834472823,-11.552377307555334,-12.10827724619556,-9.756776242154102,-5.83380197212659,2.0325523562215038,8.095101170447554,11.755582288341863,13.977957155814536,16.54068314581889,17.70500817463819,17.17889996226111,14.730918659646944,14.553316463514438,12.9978998583357,10.699319690382183,15.103839676930138,8.413257988456813,13.417100326730276,5.580225320768114,3.5547524755470388,3.3771932803243097,3.365847626456068,4.76258825323064,0.8959968881294345,3.22612247253028,5.657482790119601,4.407655861182675,2.2200107662963138,1.9828538531948077,0.8871851606853428,6.584781618529882,3.4883927439964
-5.108059707405689,-7.149812514333415,-10.746939808413789,-11.172609556564884,-10.53107437858032,-8.587062250187723,-1.065969799500274,10.832172633603172,12.453917989373432,13.890924376692878,14.945525790425682,14.713071822817087,15.183031032968938,14.357862856181113,14.149797642578745,11.962410041000068,11.636027659244716,11.395155402656444,10.435291140712863,7.205704614456117,7.741647824353874,3.3843731632859275,4.168277504420679,3.5386604328878644,1.6992282259131684,4.369304213047271,4.2087557210842865,4.701296521192174,2.769820983052623,3.156738353460072,2.580199966089187,5.18246568310971,5.152015194013176,4.083996214559004
-5.133641734702492,-6.037868887576903,-9.19004056734788,-9.350235021475761,-10.773439281574195,-10.23917181323423,-3.317075732938698,12.513227803683215,12.55208453419473,12.51542663745542,13.438374640987265,14.23657356983694,14.291930493933412,13.36762694027689,13.392995362217649,12.87384919997561,10.942536560512556,9.078185765240686,10.179488622268558,8.510641687462526,8.886865873780588,7.726538085924303,5.545934338123851,2.510896719050585,4.275743628066915,4.675020020411335,4.486496802292051,3.577029059645882,3.367050165600797,5.193633835469549,5.771247322084995,5.363139024256022,6.062391958808653,5.951041467640579
-4.442629091851693,-5.6727991492791245,-6.8963156141708115,-7.520093880325346,-7.39626647390652,-5.170643937295086,2.114090372342174,11.117641229384338,10.703817080997005,12.100674463637308,13.759535370152172,13.743141926349892,12.20637393322069,14.074204137598848,12.254039793379084,11.237403831676279,9.97523766897086,8.681344395583379,7.87692324365928,10.105600107875635,9.806458209691854,3.6218241042780295,6.480640893468832,2.4892415399320433,6.453634969153588,6.34234817647882,6.023230976087808,5.363991490875259,5.265945392481173,6.0800436889156915,5.961863144800386,6.076649408190784,4.59155468015672,6.043678779801498
-4.620334613488091,-5.548341486083536,-5.641674434937754,-5.713986050369166,-6.000173304343967,-2.2849728394970867,4.415665188226463,8.313002232163285,8.553666032583536,9.852954593705583,12.858585245465964,12.210141102838396,12.919126544003566,12.57913892225456,11.201456550452813,11.326925295967309,8.923376387693596,7.969992996911555,7.049059878419816,10.073883441810995,8.045192228445977,5.525873002902307,7.2250147646164775,8.177347009482984,7.85868988702306,7.020084159840013,6.598188115538156,6.80496182314647,5.807954742021378,6.015807335354084,6.941127558397474,6.147114942120312,6.095338317323767,5.773808186037172
-3.906096884912186,-5.324985905642086,-5.1802227775107585,-3.9542541888179596,-3.7851998319500084,-0.9965835051919449,2.9939685901942963,5.1639247276212314,6.785531537116659,8.655995513292455,11.30597705769723,11.778887202234536,12.070451614850612,11.529587488119457,11.071024497240927,8.182653291294326,8.76603395978483,4.493181924943211,7.249433748322771,9.200013572059138,7.024654654007386,3.9340248601686265,5.1755134189138605,5.776709297472778,7.846683625087915,6.206047917918188,6.1380870529305165,6.102634754756153,6.056253321053995,6.542540657832414,7.1478542322469645,6.660722603997652,6.02143191948665,5.581670297808543
-2.359109062446596,-5.626039459484113,-6.250376530757332,-2.0037552547253488,-2.1515314362715694,-0.8687874633448855,1.9430529019065677,4.389899571888129,6.394243886460744,7.570186422268319,9.17072484968046,8.883217464406185,11.500009713811517,12.199767969098236,8.60241788993477,10.125203489459334,7.219403001132675,2.177911949611556,7.97372770564936,7.5954006772130995,6.979554584860192,6.486983442879034,4.719112176263533,5.309201935660139,5.982214366946925,4.9732622577638965,5.247758720146854,6.076354738739433,6.674756223969677,7.227486544707465,5.311318322717925,5.6374103471754875,6.41231125844946,6.511370402907352
