script/wind10m.json
{"header": {"parameterCategory": 2, "parameterNumber": 3, "lo1": 6.000198445256149, "la1": 58.999992894266676, "dx": 0.5, "dy": 0.25, "nx": 22, "ny": 24, "refTime": "2024-01-26T18:00:00.000Z"}, "data":
[rows 0 to 23 of 24, columns 0 to 21 of 22]
-4.190626685901192,-5.20081899382906,-6.536504634914157,-5.269620395860349,-6.251211537510277,-4.522289043083493,-3.8797109932269733,-2.9359338738584855,-0.6186206609890501,-1.268306326088194,-4.5743924336103285,-2.314908982786693,-2.461773369229429,-2.0347169628325035,-4.325625857043116,-1.6850882802931615,-0.8613081731112088,1.653800758148203,2.8640663616632316,3.5960192077747366,3.2532882530899623,4.318814435071704
-5.244550328995581,-7.00486874046432,-5.706431219716299,-5.383649204097164,-4.481028788151732,-2.6861255058581195,-3.4301963691501474,-6.356782418087173,-2.7216331592251164,-3.0651507780626934,-6.194678052325818,-3.3107305144492263,-3.847203623942263,-3.51932970825727,-2.7498901170195817,-0.6521251525125293,1.4467102177510127,2.899550465454455,2.613958634534815,1.6321287820976855,3.564143179833641,4.001629750909173
-4.813316126491978,-4.607884368228297,-3.6497544750887174,-2.41191298959161,-3.1842621555022044,-3.587422265448878,-4.840930367287725,-5.568571372853271,-4.114830389956557,-4.116968221701902,-5.515634721655346,-5.558942283566654,-4.941146344546178,-4.0431344441807155,-0.6175516414191315,2.775560710639485,1.4017183311913977,1.18652908431638,2.5545813148747043,2.733322479944783,4.580101476703045,5.658981269052283
-9.337816037131773,-6.682665453021907,-3.8917339122151313,-3.680613483981962,-3.5850783512205644,-3.487638200918516,-4.341987809156523,-4.077588273111184,-4.217919167968366,-4.741820997397584,-6.86288545129581,-7.286951159263328,-4.192959260509271,-2.5988233553950786,1.454088631520678,3.8336607272155554,2.519875961545271,5.404858739816437,3.196968975469145,3.5074620293823453,3.7855709430170656,4.665349310808366
-8.400703916378143,-9.52446858240891,-7.062524368735609,-5.252036289351891,-5.118440364110825,-5.267461099545561,-4.912493218007095,-5.205331279939133,-4.72725938708253,-4.974807783801378,-5.947721779849515,-8.5311532005057,-5.038433267590411,-2.14528062445606,0.5778473286009975,3.4574307510195657,2.97628133249395,4.1634195194178565,3.7710843382416597,3.034525574788817,3.9412780542927233,4.417413314577143
-8.588044323185645,-8.376620037385914,-8.537573198150335,-8.655384158388696,-7.6656075407099875,-5.58572947382738,-5.972255772103336,-7.207590423562443,-6.512846608260692,-5.643292589175166,-6.263912224216706,-7.505702323398031,-5.5308053051845185,-2.815372404470604,-0.3568746053012889,1.8108162810676716,3.55021299357134,3.3669531725792603,4.379483783614562,2.9610849462504674,3.944133971494414,4.329384796176554
-7.283579076958209,-8.222831896207,-8.000696741172701,-9.004204776019678,-8.680463415016119,-8.259938673920738,-7.792668128222906,-7.652553606214421,-5.96775637299487,-5.150814027318329,-6.211186354115607,-6.686173239911046,-3.874351690792107,-2.798895924881301,-0.9186774148108804,1.4547709054512648,1.7256844904385538,3.0003484129544526,3.057531072260524,2.8601079506383136,3.4389278249021364,4.090929328150418
-6.89949869107507,-8.127721007274943,-8.295847718696088,-8.484862801376204,-8.620908729695843,-8.659941918373994,-7.648302967759373,-7.765114717148158,-5.465020726633937,-4.931011768791815,-5.385673145613015,-5.919488208923122,-6.741332629459397,-2.4863183421913275,-1.2764110089381948,0.10810381972669661,0.8131654983171841,2.4775917017121922,3.221385913675868,2.9680439419246647,3.1769626327355054,6.594244764445808
-7.115766041359272,-7.792662400940042,-8.196390433991025,-8.308640376154926,-8.978526656005712,-4.515452913859267,-6.877777188791611,-5.243665072056535,-4.248921993070455,-6.434312236248045,-6.439467180039737,-6.221757879202441,-5.490065918650115,-4.077636057048429,-1.6463331962234664,-0.7468248616636963,0.4529336470108782,0.3654957858083837,3.2238533366050524,2.048249392269489,2.518613804697618,7.157105058043358
-6.646847528950303,-7.731510299627596,-8.093641898705398,-8.106956276117753,-7.546154127111392,-6.087909765893062,-5.165246957526928,-4.880764660634151,-4.277838060629723,-5.954024573757525,-6.550795315497964,-6.310021821008321,-5.743419708343413,-5.091634460384252,-2.1678740292397776,-1.051059633599128,-0.5063167660746439,0.112149592389384,2.426883998872,2.2294767340335344,2.147507239239536,8.729215284377897
-6.374072535150393,-7.145556557251596,-8.064578653865762,-7.646440325620437,-6.624118940904324,-5.048330436082339,-4.622131719487154,-5.0082485929388065,-4.835669558057128,-5.345180934438586,-5.673405574857294,-5.992407786748602,-5.837505157565629,-4.890502885329399,-2.912483549180939,-1.1890311316817883,-0.4446242809649093,-0.6620529382096028,-0.2508291464961817,2.235792606000481,2.640761064523115,7.202119272961474
-6.453506763674186,-7.269530330384026,-7.934500401298136,-7.388420821863603,-6.941798065950813,-3.6827133782204933,-4.835538138642566,-4.451069369850917,-4.1812645811399225,-5.778898279559124,-6.522284035566515,-5.36859464976536,-4.948498626164987,-4.5539802703533905,-2.7626427896992234,-1.4398943862196487,-2.034130884180184,-1.9058440897959645,-1.372178641072611,1.4731153236525816,2.7283227581839093,9.685386670603197
-6.11158701508642,-7.3294702627699655,-7.390672222079062,-8.057727211978321,-7.428705935673049,-5.07390065308516,-3.946989783011688,-3.7926888065362303,-3.82540355567909,-4.316224957255141,-5.073121480966437,-5.124497255606484,-3.3305154606505547,-2.2156016073319984,-2.8164356866982305,-2.2678164506461145,-2.3064425635661605,-3.7065665203715867,-3.445732549845315,0.8391449979914078,6.98948405112217,10.863903883626872
-6.408689927005934,-7.004174646004854,-7.577704753034441,-7.325997175295519,-7.27612839312005,-5.612724377378084,-4.424559368498698,-4.19043748133277,-3.650419432353577,-4.68430521138596,-3.76870347426726,-2.151292592756245,-3.3373109421538807,-2.1718344633824724,-2.8434635872747256,-3.0590913784253964,-2.47281997977542,-5.374900115438752,-4.043408999297823,-2.3263566314082786,4.678219797005121,9.32362294804216
-6.3785188809065625,-7.124773565086701,-7.9217035616688,-7.2408275518016785,-6.975105556688918,-5.277491850224963,-4.349731167351712,-4.078152670764427,-3.8268743597645014,-3.267273389579094,-2.812236045178355,-2.610871127947824,-1.8146899489154724,-4.793116942949191,-3.1030511288036995,-3.602225455976326,-4.653695714577685,-5.0568123209942595,-3.7749143879597917,-2.482948861938966,3.2617958099834468,8.73053560055493
-5.805239927009402,-6.733980746158194,-7.577247113729894,-7.837354375769933,-5.7517921375349665,-5.03936379071451,-3.486035527180494,-4.482643938916038,-4.2994376116384565,-3.07377231967199,-4.060190315173231,-3.244905057928811,-2.408647931854027,-2.9888996399047185,-1.9045771550278643,-2.442483657156287,-4.652655258572929,-5.503875724139944,-4.6156919077997065,-2.5952210485895306,3.155841997428962,7.965254617551118
-5.058126706169708,-6.01605771432174,-7.352699830212291,-7.69672160110867,-7.482088014630249,-6.581314345716004,-2.811361437421513,-3.6422245736814975,-4.05359778155261,-4.843701292958978,-4.424491050406449,-3.581823214961628,-2.6338913991486708,-1.6555428385025417,-1.9130468000301932,-1.7155567312518596,-2.3298637873458503,-4.306621252590804,-4.262310623278558,-4.566570004611364,2.5235148726197356,7.071059019530726
-5.165185772354125,-5.713768904115671,-6.73945477475505,-7.783277561783474,-7.412044097916892,-6.2057869916537625,-2.6712297290156592,-3.897482589117351,-4.8430290559073255,-3.551453407204765,-2.8590455166240756,-2.5458608074275233,-3.0001815724344123,-1.7752630757525796,-1.434224293999529,-1.4349549959909182,-1.7672031436924367,-3.2367937973655914,-4.982773548419764,-4.010682625360637,4.048561328310127,7.928244561454347
-5.047491987892444,-5.912836751919049,-6.124954282997235,-7.1504154099614565,-6.962008070208825,-5.972492436804274,-2.645233279723046,-2.5236104974727236,-3.871542171017671,-4.273384388445778,-3.6674730608168185,-2.8041749558741427,-2.290239058435857,-1.5612745696906332,-0.15938965633799257,-0.5161812506893444,-3.442357650794578,-3.33825496560825,-4.318670884599184,-4.0606388959475765,5.60423581124502,5.386857657204268
-4.8048351672383385,-5.270765948594862,-5.530611749404529,-6.454304285923521,-6.66733607653128,-5.133786623325297,-2.0861539833694276,-2.7221786796846366,-2.764624412631629,-4.072787546737302,-4.382526588749828,-3.4921579204722635,-2.902611125777507,-1.364888052706214,-1.6311327358409675,-2.9233301546797383,-2.732646602800581,-4.3503559106911895,-3.980134327198154,-2.552475969297917,2.6506590737643556,2.991357404036871
-5.199713587489168,-5.486102152415252,-6.335725122896982,-6.119324966375364,-5.413670474274001,-4.2847922923732735,-2.9856587033955857,-2.2388912351120873,-2.905219573418307,-3.9569296583334577,-4.549296557873811,-3.222604335332519,-2.62302806816684,-3.087175647493473,-2.6033878399779296,-2.9107021477938324,-3.1743817414186313,-4.725838693095158,-2.234743928248615,-2.229331054294176,0.657405407684895,2.4736486636922033
-5.403248094822427,-5.3128335626946335,-5.378858057865638,-5.391774139793402,-4.1669040915616815,-3.7859964563998956,-2.1017142560827904,-2.8875069355698857,-2.6070787684731664,-3.9725093526575677,-3.421441818350252,-4.06879563546412,-2.971737920192791,-2.872360803718362,-3.138200969488841,-3.666474865688023,-3.1347924627221784,-5.2181258677343365,-3.4894490135532514,-0.0333548573801756,0.6019987824499338,2.291534931483433
-4.705940627654887,-3.373240505069082,-3.6715395377025666,-1.580308837775382,-1.7414567832505055,-1.5258151047696216,-2.2579220338694226,-2.6487254976270496,-4.022204701059412,-3.933099038999989,-2.4686500175681347,-2.967890124904807,-3.2977334876863615,-3.3483081552357836,-3.4507121336198003,-4.6154074237987155,-4.442113085714246,-4.299131063792265,-3.8738026180011285,-0.4376190393722621,-0.023218712084113444,1.3083122283580761
-1.5735093401523923,-0.6331649563894476,-1.0623350559963476,-1.2746404756660967,-1.4774282574746254,-2.2727084860320654,-3.3972664774302985,-3.4324379362072857,-2.794480944101371,-3.1889757672148367,-3.2227374459293308,-2.8485650039198633,-3.5417244384363964,-2.9380538769509834,-2.937288434007883,-4.0393828620238725,-5.542370472215767,-4.9563212458644115,-3.7305476212354125,-2.1203436263125424,-0.6262721960093409,1.3788120883530781
