script/wind150m.json
{"header": {"parameterCategory": 2, "parameterNumber": 2, "lo1": 3.000054539987559, "la1": 64.9999836372058, "dx": 0.5, "dy": 0.25, "nx": 34, "ny": 52, "refTime": "2026-05-01T01:00:00.000Z"}, "data":
[rows 0 to 24 of 52, columns 0 to 33 of 34]
10.069811089946008,11.7781208908363,12.201478249427096,12.151372441579163,11.916629252043348,12.60740836409115,12.972866919932615,13.02308045619957,13.02002145602643,13.161653296137944,12.708555831956135,12.493002550274115,12.309467412404024,12.115661398288832,11.286043006308624,10.313309487664487,9.014049379087004,10.218371551655673,6.199158352515863,7.813335324057094,9.898493987958648,9.188128873433559,5.399664649863785,6.919043954052845,19.802279179184733,6.799786575631121,8.02740293278785,10.194094874041543,8.127964187961165,11.066239295535718,10.917155964897537,7.581397978252074,9.160034480071909,8.919955274128364
11.694707249006058,11.385202381018502,11.96583763675224,11.368520902556401,11.437188147979914,12.602572754427328,12.815821193754495,13.188019367421257,13.324820919909758,13.338325032628378,13.225997671052463,12.518100179792953,12.31564545968722,12.359012252042357,11.501132063598666,10.367886991756153,11.8005601166701,9.796552235534154,6.461367696457629,14.134942239197098,2.8114728547194816,9.217619341744177,-0.8067088061473324,12.566836353600698,8.53525991475535,5.79480370951431,6.965042593244285,6.386706073888104,5.982317939452511,12.44416836714719,7.654434998762281,10.808507931466005,7.730367101008975,12.240653401330514
11.345067362552376,11.80622575263805,11.313717531297916,10.91236970115514,11.18601249741441,12.724706497226425,12.876978912244265,13.575322838217517,13.858991403152677,13.492733308310278,13.055454972236817,12.466129605331343,12.016996355740202,12.190645158332384,10.731962755575227,10.965689853264426,11.620700604497435,7.557783989972777,6.0102910280383135,7.510669544906125,11.003609538792956,11.791122818006967,10.183804679982694,12.987630992641945,9.732796409045765,5.495035950245,4.941377120902195,7.79854579286187,8.764971796723252,10.479563493656283,12.988629923898575,10.541184075035096,9.559076333975096,10.832985850348553
11.339205045886029,10.761153763952171,10.385370192007933,10.651068759330572,11.557461112071962,12.602206684880512,13.457523281844484,14.094074254678084,14.279649827805803,13.82714983084671,12.921253673313243,11.908354745432854,11.432387117028847,11.860923105811393,10.10293954905171,9.931207448292945,6.3220776143783874,9.282361262597837,8.729461402488479,3.3650306439625117,7.79226190235573,9.582421768423186,12.635248582783255,13.582388566205452,8.111906859310972,5.69614916000364,11.601603229888333,6.6779537606122465,7.511316025596161,8.225412348320763,9.620591441815224,12.93011585197586,12.439630851068234,11.058514418839598
10.296987155095879,10.149710283004156,9.905152730777763,10.310706613620498,11.72622090851011,13.343771419619292,14.108203939279248,14.111002488395547,14.07698223158832,13.45508839356622,12.981588650388009,11.729198834191928,10.70423279864997,8.642723186292779,3.53682838931498,5.406501797414379,9.578806880255177,5.346365554178473,1.9600294582916105,12.342913019926216,9.811225538167486,15.912683110929247,1.0922856654958055,5.494814837172639,5.746160123838223,8.868420822249261,10.919220099620821,7.301674215469405,8.739233019682954,11.473902822217857,12.08633159472595,9.921428404768605,10.90723688809529,11.130623542582658
9.66048884018877,9.408304141578881,9.49469853973894,10.569769922371155,12.36359228941072,12.923373280851973,13.482281265769503,14.55426254542462,14.152635530718019,13.087514363202702,13.167932091210249,9.727424338932817,7.350621556795047,2.5505536901351262,3.3478264522957386,5.35855777169593,4.779218095748606,3.2068529030672055,6.585074310144719,0.5982006489000202,3.4443628879145463,6.788914991569573,11.888808832650072,6.364867425293953,9.590735422634951,7.027639013570054,10.979269062218014,10.325328491770692,6.02740746695416,11.778013003183462,9.594248286002573,7.264733993882289,8.20751441500599,9.823531130986154
8.688408205904112,8.967019610354587,9.267640588147502,10.463279699231242,11.815083167266765,12.690270010490542,13.742419881079448,13.863182248950686,12.471313765054079,11.899505342610032,8.729431741894158,12.53967231039195,3.7666557124225135,6.797028419693102,4.133351062174669,3.353249354244193,2.7352608403771512,3.630543798556546,6.260990675023001,3.455976778382481,3.0601888256415046,1.3737740360284194,4.207477560380824,5.974264301544211,8.142935182155144,6.974461011314898,11.20561367284165,5.684382089689796,6.487439986917445,9.387271390738928,7.157329297391156,10.783945513400427,9.144863388196423,3.8788583321515793
7.968771772274335,8.36294206191405,9.082962501343335,9.8983786173955,11.426321570717208,11.491895188475791,12.185872686313852,13.983293420727293,12.038323569877052,9.851419981595633,10.430038979218796,3.697374733267325,3.0852169735114483,9.932756070917417,3.249327398074498,5.799223348003283,-1.1900061719880608,4.702571568977915,8.495778446726906,3.184674446093248,2.57506778713176,2.1574257803344166,1.657186889314786,2.1820547378176594,5.205833556584978,5.588641899168071,6.400514324399259,11.378878595374808,7.767646863518443,8.687627444570934,10.11047649971486,7.573430387264139,5.040424574523073,4.523699747858381
7.591559091694364,8.274172423064192,8.12500952981071,8.381880006808554,9.585524870228015,10.366145328887997,12.946146524058285,12.21875052674272,11.246306762430558,8.573489579458638,4.640317854547133,5.29833712014516,6.122633607602014,5.998261805362805,7.836220572089318,1.7573718643236662,4.206099324864336,6.838050124618371,2.1734162982457463,7.1484039615975385,8.092470984779455,6.42354997728682,5.774424940893388,1.2764835325303363,3.7673241870723095,5.297449696572223,6.737002113026708,6.415699794913851,7.838150784937527,7.52156016095899,8.69173618234405,5.0355169720870245,5.461914604145822,4.718554850561038
6.951278525756696,6.240407184209045,6.070485387420451,6.222049047161275,8.307151165883136,10.133803019412179,10.449502913693197,9.229312048702292,7.9249919053793345,4.499297786594351,0.1657421577321172,4.585573482516151,6.20922390894358,5.337271919087105,0.7100255655699863,3.6664297323827313,4.4032249415717315,4.139587476820302,3.535346865589447,6.885684447391044,4.905867624402837,1.184877962368009,3.134759614497427,3.1650376318992444,1.8887230852083186,3.901763828349345,4.119431356596122,6.095077045754105,7.41932004414917,6.368158760771737,3.998104458518242,3.88193625521248,2.9729693592623025,4.95915419404825
5.546086513477963,4.777990410749519,4.2744030680761025,4.48137767548484,6.99622164561677,7.374595340559215,8.64720974059648,7.536245522519111,9.752924706146997,3.244037268530475,13.232809992608795,1.2099886306262932,3.9803103735934378,13.435402785791512,3.991989511713851,2.870359367627494,0.6240538395092294,2.963786954678346,4.106180598815741,3.2612497254426303,5.116257559540599,-0.052725472421291254,5.851524857152218,0.6011158116038482,1.7684588877288085,1.2744707133199507,2.9022071333232735,3.9183509150633715,5.7826625673591225,4.690427420080514,2.9535096931461893,3.48893399236276,3.5874447292757856,3.3211977587021924
4.370353465348342,3.5485816283575513,2.73091414752016,2.6473271671351823,4.904727613736584,6.941956508400173,1.8462610808851612,0.34713881425644594,-0.029399546862536218,8.822608763458705,6.891446732079001,9.985571221820967,7.980334483173697,5.662597379674905,14.64024060476515,8.117253645529924,6.2507735913226785,9.488704379997468,2.928484115430142,5.813238702620563,5.694186605514189,2.4385238040126613,0.10362118352321849,1.804886068015409,0.2682640471120305,0.8640458509735415,2.115169247901792,3.5618187245508612,3.4994994057531685,2.5257744672020777,1.663458431478482,1.7583280753961255,3.1734644422214866,3.107927967281797
3.4803788377341465,1.9870432591199878,1.372201413397025,0.23934892521574636,3.4018119466107395,2.7086806281430853,3.111840905667939,2.2435708788647064,10.230400091619515,7.890474574691824,9.201033843870315,8.517852999472067,6.241357075112203,3.413702264706897,-0.2535378637367458,10.303992358346301,1.6138784694933117,3.616820803042016,4.183544239279692,1.0889972235962193,1.1169945494082816,5.225517812533849,2.5582785942520623,-0.26250433293363784,0.6500202430748895,0.10355765164642379,0.7522794954704224,2.116788150326179,3.1188198135551137,1.3111336243298266,1.2144080740268746,1.1666530157088826,2.031295352485025,2.7170330879396785
2.10172063630046,0.5608053954200232,0.33204085067371025,-1.4996539421929007,2.4046475595047094,4.3356687223783235,8.798554719566152,5.751455379735318,10.205275762828082,3.626246558643281,8.040724390721522,10.563982211057263,-2.9412800756395026,-1.4149353769395974,2.7593328443114733,6.562732956132286,1.9679686697421777,2.265973950776096,4.750064842530324,5.3427403627731165,0.5952484876402948,4.05296645253023,5.326943874070571,2.548929283481739,-1.4649408619788709,0.08475355129942662,-0.8573674143673644,0.3614469345934387,-0.3131118649981228,-0.39777165275290693,0.028047802067212628,0.036162470042470224,1.1035131139557428,2.273617422663554
1.7611789500134685,0.5733836469825988,-1.028300437547105,-2.2793887846552874,-0.856761080004431,-0.16481658554768827,0.010774350862542378,9.011440723232763,2.003829319567446,6.071896223155132,-1.7891761709585547,14.263880664147253,18.038822033602845,6.73382214735935,6.7930191644617866,5.983744216073377,1.2366661307219151,5.94764495969581,3.040700723679383,0.9914475804515794,1.9360451624293789,1.2628419784128138,-0.414141738319424,1.4976811940108214,-1.4711583203557517,-2.9903270538002102,-1.937786577444572,-1.593176414328804,-2.239732969382304,-1.507918843278679,-0.8752445338940976,-1.0553026150634344,-0.3941010016105221,1.5650006972969461
1.5932394683907976,0.03210338787523834,-2.172261699165217,-2.2802103392240873,-2.8471445236821067,-0.2314675109421695,3.859936144578963,-0.8571428014138944,7.593988461204854,6.51100726646627,8.254996533105885,15.783249072574604,9.804521056326047,16.24832581002149,10.579637474460762,5.915384524400446,9.588393633458043,-0.4101465969349589,3.8205924828598654,2.285197663386235,10.537729419782037,3.9747656921531322,-1.161765717033834,-1.1781422251975695,-0.9728992199632139,-2.5817883910637955,-3.438402358578363,-3.122653529042918,-0.6773561240468539,-0.9556566360379913,-1.2881956974932642,-1.644094039690213,-1.454610872202593,-0.21419694515168214
1.6996780804346983,0.1507619530932262,-2.3002310314954197,-4.434583099581426,-5.098120170194915,0.6471588392787435,6.12925485721344,7.292042062412507,5.039358626058631,7.805382586008867,8.551126889113016,15.246695340790275,-0.5458457155885247,6.5786686915605435,5.8645366704180475,1.5777713027952434,9.976610912529228,1.4715119659349498,8.90107205637326,2.739285704118601,8.969968256944576,8.989709445665586,3.418174362170338,-0.5508816134896777,0.12279235008414195,-4.007699914246585,-4.329031197863332,-3.0572614176622146,-1.5969455509129926,-0.5195491027446831,-1.4632950869502988,-0.7129999608706191,-1.3124860804411516,-1.580250362936429
1.752004043808076,0.3691143468313299,-1.557545673749708,-2.5435078658678147,-1.9480852836620164,0.2780023340819097,3.7011039289885717,2.8285776482651843,8.244283779016076,13.007616867164675,9.612895827918088,13.994904751827365,3.14418874667587,10.716863564911062,9.613850845116959,10.556561614612022,5.721442693319393,7.703720591385548,9.592416804130112,7.336125758592475,8.728565456802968,5.4219675763525546,7.047408249003738,5.386748211353961,0.514784755966164,-2.321823421645304,-6.14425429041897,-4.828875926997656,-4.474089519478363,-2.561249312890459,-2.0358949843189444,-2.0104160864553138,-0.668344700896919,-0.03347010511285062
0.8705027728224193,-0.047077010247197744,-1.8942979542897098,-1.9983170296381367,-1.093961091285833,0.5425741887650595,6.36672467484092,6.985883500232308,2.402359895910648,13.156642596517923,7.501674756135337,1.5993984483581603,12.01690693316815,7.050756580359381,-0.46499848380174297,4.398844606430874,9.707670275129404,3.7951855123551073,2.5403015017292296,4.882691242799142,5.592677062917656,7.067983918696629,7.602184889549215,6.210829469300643,3.9752637582612613,-1.2268220319621652,-7.016467156797323,-7.681871109377471,-5.621802100576937,-3.5585519083786155,-1.2881107794483506,-2.0299657477834323,-1.493679503767411,0.15234871388458557
1.5980964457237388,0.18385515474142475,-1.6450391583807278,-2.2733499461780364,-0.11432943121450942,-0.8575008237164634,0.32751533079800454,7.776361209425095,7.841232869228244,7.05502701652336,11.536105153753551,12.906940902553286,1.5727031449414093,11.366096374245766,6.0165411549857195,8.703234094619482,5.412950647154656,2.3464695659580266,5.590876062491259,4.612986200041998,3.351189969261168,4.164062344106531,6.214967683942007,5.760236380990244,2.802569361115501,4.860881673197064,-3.3075571460655584,-7.77488977680239,-5.206657239494849,-2.6659951800504005,-2.495760724560378,0.2692949211632844,3.3346597863596616,3.690887223081177
2.458221257574782,1.9456545541345718,-0.8564480527153896,-2.0703306273254376,-0.10940746458542755,-0.6035376029938847,-1.022684651756626,4.088584821871366,6.277144679378147,8.840890398654535,9.879209786818416,11.448467060898256,9.33109227029714,2.0350746702121767,3.4950513170228645,7.550018459032263,5.513307930739041,5.477081290042612,7.021080866779183,4.809812287625296,8.165138707626035,5.14472366035424,5.646179732444913,5.174091229493626,6.025519483051694,6.151892908950905,-0.46659478136375393,-6.4569577179360875,-5.310367200261636,-2.078590697938184,-1.2466601937749322,1.154489630371474,4.297669770044466,6.558728740416867
3.001571805997306,3.2276975664349665,0.6119418841325915,-2.0768170045169674,-0.5514605838523671,0.6723090458778241,-0.7973545560345239,-1.0488322586817982,6.164445522616912,-1.5101510275580816,14.376339244935041,11.765423905460159,0.5576759200008283,5.925422499832785,4.607516621627235,0.8448628557352046,5.136371127595462,4.740831487836406,8.072867533721725,5.768484050070988,8.377916713684824,2.9576157439610617,6.861458987888791,7.6918462019863965,7.464687197626667,8.125234512080098,3.656639915696561,1.8849984682235863,-1.8340301029534267,-2.626788164909019,-0.9908840478922715,0.8725387405417093,3.5995395569111217,5.658934838127846
3.9688726000882943,3.547109096390475,3.286214765074955,0.7705725028718982,0.10924820310926742,-2.989211857271379,-0.9713833784049101,0.37506882211817993,8.278626120133273,6.331377239425165,0.8460403583079691,7.422812636454422,8.884702103733575,7.8055410213251415,8.501778959953437,-0.7826469556246081,3.4560494846211216,6.01411804833957,5.6895014060622096,7.857451903669463,5.889544767537028,3.9676809971054703,5.591273248329214,7.343530998323024,10.359359559437115,8.435336641929373,8.162899932845399,6.089988469158113,5.853060992107258,1.4826056444567526,-1.2232054587479393,0.28796879533707614,2.4531468015931184,4.9170767271334785
3.8947765544535136,3.197330977444611,2.9140183186042337,1.7325138489893732,0.4887565835582457,-1.7479305102440559,-0.40694821743376924,1.8190498776466135,7.2644882029080495,4.087364548692312,5.401557438815229,-2.4790084186225916,9.66319822810183,7.058125869154398,3.7086505242943937,-0.8907473035096696,-0.12259399749136275,4.62721560017964,6.369584071830106,9.452987044818304,5.942154529752493,5.382287212090358,7.495790804236115,8.392449724641038,7.576988308345031,9.009730086571277,8.527936783673537,7.311139993421349,5.341727560787416,4.603677270752445,2.8368682219442056,0.1290904478715739,1.8133638836401051,4.159023066997848
2.6146280743406995,1.9416601911254188,2.751250941814622,0.8365495344245353,-0.2799175970668874,0.22089457933859344,-0.49180562663696453,4.731033213738896,7.598840177440723,7.164980549904899,6.697589192330175,1.464989937447427,2.814233868782069,4.451553999711805,3.438194159723636,-0.4270005437507427,-0.8627186528920296,3.772215931509559,7.2454780374314165,8.397451732763612,3.5639882438803716,7.246190212260188,5.510568153333203,8.85543868885146,8.157942277987061,9.432177919147144,7.926845466053543,8.777894584455876,5.550509303905225,4.433291050759256,4.233200784982988,2.4605053834073547,1.066738112953787,3.0750890106874964
