script/wind10m.json
{"header": {"parameterCategory": 2, "parameterNumber": 3, "lo1": 3.000054539987559, "la1": 64.9999836372058, "dx": 0.5, "dy": 0.25, "nx": 34, "ny": 52, "refTime": "2024-12-08T08:00:00.000Z"}, "data":
[rows 24 to 47 of 52, columns 0 to 33 of 34]
-11.625751523639076,-10.471898924171425,-8.930864339536967,-8.16588746611716,-7.576741213781696,-6.528562277964609,-1.6017001081952744,-0.055838223310328214,-2.112470445509404,-2.1980739098771163,-2.828423605756612,-2.503218721297614,-2.963198741259256,-3.2834595013921226,-4.573401437788039,-7.943776760766777,-4.5880294513995645,-2.103074571278033,-2.0581542337510568,-2.392384767516521,-4.664731906877913,-4.779803308542975,-1.5240753527337174,-1.4849122125441638,-2.0085448011486835,-1.7557229900551488,-2.1927996654339728,-1.8707447968405997,-1.5615757697667965,-1.937931606487027,-2.3545674295477697,-0.6330583029173893,2.1160352883947433,3.2739325804384585
-10.847277904566399,-8.997167964992176,-7.594199437193672,-8.648386114216523,-8.021976695472059,-6.115693015430875,-1.6893610436153856,-2.94850755131682,-3.614422297247225,-2.7370091783191413,-3.1592784377351926,-2.682175931743571,-3.776705918580579,-9.71979948556508,-9.641992499461676,-8.334020957165855,-6.821350209002681,-2.3245992464278107,-2.4224933925741614,-3.343285110101862,-5.465340040312865,-5.164688578763082,-1.9632759020695787,-1.8445442416291102,-1.917435438998542,-2.371925236431063,-1.939709654272339,-1.6306229043243576,-1.8895537752604368,-2.994802216236292,-0.1422149661987234,1.1351376066861758,1.4636826626853725,2.3598892455584366
-7.456166592519259,-8.550217813052532,-7.575579804661983,-8.894002560493991,-7.667683471976893,-7.543359570846595,-1.5962869310905117,-2.1462553539445093,-2.3738901660446294,-2.978727108764213,-3.268308944687532,-2.9036802791893326,-8.923105743988536,-10.355389285515495,-9.049227532154958,-7.851722618660409,-6.428369512098265,-2.186295447026425,-2.2674794953022013,-5.5014172835428585,-3.5956622382251084,-2.2023854403447007,-1.4276035212274591,-5.651758787659203,-3.3149971999262964,-2.604747311271846,-1.9901291549764395,-1.887135125812543,-5.358344453395837,-0.6870243097368288,0.053812854479099885,0.6453821488000989,1.2207645148942328,1.3236375000020337
-8.952942881520464,-8.650284445566573,-8.722997020589847,-9.109718266196682,-9.136494139317168,-8.501460504179153,-4.28639192780865,-3.078739205616492,-2.7930102160522416,-2.538731321728729,-2.9633612325106617,-9.156474219335884,-10.98416296061972,-9.042331039772318,-7.62558186069938,-7.14508811975929,-6.630294391960679,-2.7543389753171654,-2.4356791553850545,-2.2582075814321385,-3.8323995803775195,-2.001618481811577,-2.167931947983572,-5.031104600359734,-2.0164287990833354,-2.20971731760036,-1.6107827145688756,-1.4057853284490487,-1.1722109298206198,-1.1268239932370432,-0.2151176081040661,0.2244761357153213,-0.21505240909157763,0.44777799616558633
-9.78835136424566,-9.606939048608849,-9.696482261118877,-9.458015042856267,-9.015026048268052,-7.414086530075499,-5.849759130785034,-4.358210886654153,-3.5610302384250567,-3.8886788350575205,-10.345365132488144,-11.678010831397371,-9.820061271352804,-8.218152621870667,-7.115975813795347,-6.430741997652473,-5.85562379893633,-3.9000100612965602,-2.4393612781729885,-2.080024475536834,-1.8465159118299297,-2.2161680046338006,-2.531379302511293,-1.818658617491993,-1.6328765275482562,-1.6240050989862684,-1.0195845091931528,-1.1970428525228876,-0.6262861953879171,-0.7346068300972182,0.255379318317041,0.017584068562528872,0.6493012234418889,0.9222116470126245
-10.182972451019625,-9.683985627499336,-9.243986830214519,-9.017137890277846,-8.322717072567338,-7.599578797710737,-7.292606902867316,-7.439520850338861,-8.780279046894458,-10.149977048762764,-11.104060819866502,-10.473108748179415,-8.66065942919939,-6.492087843418327,-5.94874001322879,-5.765073742240652,-5.98448290766195,-5.07294183517442,-3.0914785435339707,-2.2899766515103916,-2.1035185505070726,-1.9697627700617495,-2.934547023777827,-1.3011817617030335,-1.4305847538231142,-1.2377493395492312,-0.8382316319031174,-0.5825554356561209,0.09673549118814398,-0.46084065797054014,-1.4599939081922657,-1.4396016384482946,0.9586610995012824,0.8185525248440608
-10.367462058036208,-9.456047479533375,-9.45513946218645,-8.858538969148132,-8.369454614386541,-8.281418846365355,-8.494202888383947,-9.149759333940612,-10.11673188233052,-10.73099033516529,-9.99640668105344,-7.090180394741714,-5.494404776960852,-4.616446260826715,-3.055289840092884,-6.121601732591925,-6.72846264887683,-6.327340519427228,-1.654135390944389,-1.7527865935955491,-1.5573073094509884,-1.5981642771721616,-2.012211923225116,-1.5013340302394624,-1.5600521481492142,-1.0906413640004977,-0.5816281057099831,-0.42029388594125394,0.05083775705515354,0.14777218771549225,-1.829366258770324,-0.358634344289035,1.101644006008205,0.8823053138107799
-9.76158349528837,-9.333919723811139,-9.263090048477714,-9.334368108307071,-9.029989010002064,-9.234177379945145,-9.881393373075186,-10.457604231781247,-10.550110832940216,-8.140779890899585,-5.853135004561377,-5.363959335595059,-5.1087511560375125,-4.492961442688188,-3.371649775228791,-4.1989158738187315,-2.6202119654233087,-5.9513764835342355,-5.505014918662313,-1.7466948336260855,-1.368790806049281,-1.615740741292055,-1.2256579445342113,-1.0972528256169747,-1.4750487668247325,-0.15745223693688745,-0.6335663852820411,-0.39238465452609944,-0.43568983457951654,-0.8174940019144405,-0.8741444732357859,-0.025400722046035086,0.7900787580371545,1.4676624416334456
-9.960782357291096,-9.726558394099337,-9.947525475573775,-10.00642038149528,-10.22755241667559,-10.333773435287238,-10.21164348486749,-8.917777656362343,-6.144524786895278,-5.946728657060422,-6.104988558576468,-2.6542901872141016,-5.3801961340570195,-4.830741874457247,-3.1655796177315776,-4.516240963770132,-4.209446966745914,-5.289207380405285,-6.437055970082847,-2.1659953673629357,-1.6457913434929639,-1.5623568175052711,-1.3025936549021786,-1.5420423158654821,-1.191183203287116,-0.2853277106147922,-0.8843181952620052,-0.9008115733288057,-0.17789587552221944,0.02424082944068911,-0.2980272332221088,0.7353828479098872,0.9630570111882686,1.5356651689442526
-10.383456461526972,-10.558337673413437,-10.870720758863564,-11.077968083912934,-11.064830320885882,-10.201247627723244,-7.251483379858445,-6.468246080276606,-5.877813545112972,-5.93822433036574,-6.108671156666244,-5.555572557539156,-3.7876939611203984,-3.2155384282143946,-2.719081812574692,-3.0198061664228417,-3.8095460822302405,-4.775974459485473,-4.3074698944149175,-3.7918350178039932,-1.3917826432353442,-1.393589260865727,-1.6615585485993458,-1.2226045138299495,-0.7302179631544997,-0.4972635618336547,-1.1159516506856437,-1.1063158908414727,0.43266026191631063,0.596386823069335,0.7862248323773163,0.9255346890654708,1.6293716646630156,1.398109577076414
-11.30971084198883,-11.685744438525035,-12.129688892024003,-11.935503536045012,-11.232462369413003,-5.469159180643527,-6.208566940148794,-6.288284157027127,-6.4316453951891335,-7.0789755117259485,-6.618047535791537,-4.480886792937427,-2.981399548000679,-2.6559010255920517,-2.202256642982484,-1.1784794796320104,-3.0735121203080187,-4.111203269778669,-4.352919765316529,-3.4540127089284707,-1.5774105892279295,-1.1893184718972045,-1.033750707846118,-1.009043934333651,-0.9438591795831236,-0.900305086844204,-0.8391060856259643,0.23916111501817203,0.45345373795571786,0.598527884949419,0.9970279902335616,2.0070400976210263,1.7737221556063827,1.262632925049662
-11.89239162938454,-12.607878720330742,-13.197940471899729,-12.792574921182513,-6.812495720563051,-6.132323571744447,-6.493947548106957,-7.189302925325782,-7.268657788173312,-7.347620000176597,-6.545989828150972,-3.371152212913381,-3.2874405760998484,-2.705075565263694,-2.2274466683307073,-1.8399628946595101,-3.838540312188445,-4.515709581594584,-5.4170178387461,-2.689126678001872,-1.6959747259936246,-1.277008250761667,-1.3075494181088947,-1.158552647941725,-1.2655931440647865,-0.679480517057426,-1.0266153722148559,0.03601880180834195,0.8509609993894638,1.5909095421812198,1.8346427112898007,2.4117669066514846,2.0951040267139676,1.283418194796018
-12.714879280941306,-13.689582429615186,-12.757574438924843,-8.389061930807294,-8.199983583596055,-7.211731944878322,-6.19781825638052,-5.099038451179,-5.721428973662858,-7.104130239491589,-5.567029377705772,-3.6213890527199264,-2.1364431034951505,-2.0856803880116535,-3.247039456687486,-4.483819130901783,-3.723270430667871,-4.201658425696783,-2.1675255723266953,-2.2574089841176237,-1.1082740046924981,-0.3958201071462383,-0.45773366086429357,-0.49871926590192134,-0.381107348145287,0.2096419287354407,0.6547074773299807,0.7370965788974612,1.8154691498949527,1.7965521936016673,1.70920203333536,2.355160691994959,1.5489320998128788,1.6050834141949941
-13.279478715854243,-14.009362981243621,-9.481427079147412,-8.430618324391265,-7.4330973409508925,-6.8710902731049925,-5.556639826954992,-4.728083056894339,-4.487834201062416,-4.819675230089473,-6.2361246718866425,-3.4058783670663364,-2.490892020384956,-2.429077941297743,-4.101554245075155,-3.3096721813116377,-3.252297936842362,-2.2831607827203895,-1.6758814454635087,-1.3841199223471463,-1.3833388162684224,-0.349851165055514,0.07799280083656841,0.8256867837961677,1.4455152845373556,2.1957492898336737,1.6379106032712887,1.0531313627611372,1.138897492569248,1.6656261483426358,2.53237181857283,2.674864146941537,2.07672357181788,1.9871978743051835
-14.029555608066516,-12.608195029150224,-8.277069384052734,-6.979870743055783,-5.797046740133795,-5.544535456674677,-5.236021935801402,-4.556275625650206,-3.688876782394046,-3.562439714817292,-5.304961275412048,-3.89091487795205,-2.7903050626063095,-2.769434149636003,-2.634785771407992,-3.295010609750236,-3.1187171957529394,-1.3837411896760266,-1.3005494870343957,-1.6681453376664717,-0.8598966669092466,-0.401655487772644,-0.18053917832777433,1.5007451724969458,1.7251615414779917,1.7717627543542667,3.491750368889556,2.130044588699946,1.2575721043216035,1.074900911164633,2.521690325787738,3.2050624662506593,2.8054025266026628,2.8560147844756685
-14.938035699202757,-11.031136296577657,-10.358247986936913,-9.233767702194545,-7.59819877254309,-6.6216832879846095,-5.944238035493696,-4.879546751452734,-4.316993463672176,-2.6439676863444586,-2.9276119415940403,-3.026397571114843,-1.935470855161035,-2.362439906513958,-2.2784568971010133,-2.070299381695181,-1.198929157141275,-0.4141330456386959,0.6491133407312222,2.134108678091024,1.626172150670671,0.6315757120693891,0.706847317600556,1.5769331936353497,1.8047180776558855,2.487410543236639,2.6211605829438636,3.4876132163937825,1.966079289978729,1.8843695207334843,2.9302116493817034,3.998478352353091,2.925616408064716,3.5495287754502076
-13.306084630670629,-10.930539312575322,-10.115204956903396,-8.723365400545472,-7.958740536696364,-6.923817447418259,-5.358948699528457,-4.890426907758705,-4.2097371026433565,-4.291209464793459,-4.054030657699221,-2.6907357919738217,-2.1343671687312984,-2.590462717753071,-3.1039711851291583,-0.49925676942990976,-0.393960211577809,-0.10043844199444749,0.23833838649804198,1.2649532225688729,2.1577284336486287,2.3758246433726375,1.6418652751950493,1.9807436800836438,0.8067138007642709,2.4511896667736734,2.5096895381090816,2.6313305394249142,2.7577728616849293,3.2124964174299766,3.302307974386987,3.9979032261283844,2.352330987050713,2.1896140073687915
-13.142020191428804,-11.705598227931892,-10.191673601248882,-9.021360134387558,-8.088926246830914,-6.615495910052317,-5.587782494213283,-4.021052172140498,-3.6188364576762555,-4.014750918864711,-4.596574743983045,-3.267561991295006,-1.405284305574509,-1.4403441069554177,-1.9401187593216727,-2.2288466439627097,-1.0236608242852758,-0.23672069786801245,0.6367979398679017,1.3950340124893195,2.227209686916739,2.9431623541931393,3.33164543055574,2.370542269762647,2.171690318429674,2.686547988082821,2.8854909107874103,2.3076891076199804,1.638253461922033,0.3085284144913459,1.1853954414789272,3.220022527512592,3.473846525224537,2.7009277141967596
-13.526486964452769,-12.196968488435349,-9.754964924753502,-8.886913612196256,-7.788516296643994,-6.301565497817607,-5.235047527215594,-5.051960558208933,-3.956144502944236,-3.75011015461705,-4.279135694510769,-3.7015241376540824,-2.4092522445538402,-1.680696189236294,-1.4876024561588068,-0.39662723658646,0.11491802620976573,0.16256779369039595,1.1038260978546077,0.773325458978236,0.6013054166460434,1.7086831388008794,2.161528121239102,2.601070336358983,2.671814311534449,3.2657020360912834,2.785337264386974,0.21812990933828072,0.27153826049429136,0.01798021152368293,0.964226176180721,2.36931791635525,3.8695799861448057,1.6255648469296422
-12.95787543332729,-11.156389586545135,-9.553004871594624,-8.47337192990944,-7.981614000945241,-6.750384242478397,-5.943229332849994,-5.355260326121466,-3.815634609926474,-3.5981848235232445,-3.532489342705343,-2.537633285327708,-1.6914125610650153,-1.2903139788658886,-0.9247968087932048,-0.49708718964431026,0.36988142100234433,0.7804939690945497,0.8508184864963229,0.5925820790481389,0.3196004774992496,2.07700548135921,2.6763431722974107,1.6514107873011588,1.9941404513147656,1.6794804182613436,0.8476879275870334,0.18302613795017494,0.17695881921282175,0.3641038107825699,0.29887929498538984,0.20345024187959104,0.7174326506160227,0.8050795868296767
-13.465195638855974,-11.149081382099931,-10.85061579621512,-8.877534534305516,-8.313887015386111,-7.452977010256847,-6.113028768447693,-4.7726888962683125,-3.812621392414381,-2.772118566922358,-2.1444921288658825,-3.2706121546275804,-2.0547111863535825,-1.6210445906540434,-1.1016912227345133,-0.4648764377525544,-0.4096495030006502,-0.06516688359345413,0.10325547520648326,0.3571729506569255,0.8662027005404545,0.20168841194880616,0.9216232744510515,0.06958822698422172,0.44912137029231564,0.655451790094295,0.6901434500019804,0.5009591414375999,0.7980993639646279,-0.2254455781435919,0.029612004534691802,-0.11666758341205238,-0.09373624163919118,-0.49738007838766674
-13.879250167963878,-13.332521433882038,-7.676677436968652,-8.841879415420115,-8.134498057054227,-7.310741341298379,-6.445645172757406,-5.355716397468772,-3.881152348435857,-2.8642155460992686,-1.9124224851028586,-1.4301863337730183,-1.675797321177656,-1.232489492854558,-0.8868533103049804,-0.6110246523359548,-0.17180508324580665,-0.5017270042923629,-0.28043770372229915,0.07371454703029415,0.9977570050610077,0.22276310323445805,0.8630798200879928,1.7280278722639237,0.8081274580527421,0.8137746552293015,0.89284975507659,0.9839469362658053,0.5357690467730353,0.09569260396008905,-0.21863579519764562,0.20858873947781836,0.22349272484349517,0.06901838480114239
-13.23156369777069,-12.892227007611107,-8.52343896778577,-9.19899808430154,-8.751381042699235,-6.488760914927018,-6.50648085497823,-5.059504994217996,-2.7594839500067296,-1.6686392342485445,-1.7156648720624956,-1.7501064203811423,-1.0635305084805944,-0.7966721523336958,-0.39106818954116324,-0.4497896694672515,-0.5781064524988087,-0.30128501018456616,0.01732675941489704,-0.1112688103397407,0.0942173039505307,0.869827249378934,0.268762725146192,0.7034834328738035,1.031150713639368,0.8497829910377092,0.7314600026426507,1.031177767167091,0.6174608922488678,0.6909304563797152,0.49508306542531283,0.22727988085544856,0.10640383613387905,0.019547215913305587
-14.458612830128649,-10.519369326367823,-10.11308586055429,-8.807824369954899,-7.06837394282097,-5.261794180815189,-4.352781409787479,-3.282813314284695,-2.821154718215759,-2.328616346950319,-1.6231730544200542,-1.5079801261341852,-1.6517682225260681,-0.8753357100971466,-1.0066036998508743,-0.6139998457868326,-0.2231977854751116,-0.2280580524592369,0.12790419458817376,0.15322423517348638,0.22560269696647006,0.4450277199388035,0.5043329734468828,0.6076106622992172,1.320122142886411,0.4809901470078259,0.633173260725389,0.9145571937488964,0.9241038053002378,0.4492438006060682,0.29045585759058606,1.25000091422861,0.5910289167097719,-0.3279057977016166
