script/wind10m.json
{"header": {"parameterCategory": 2, "parameterNumber": 2, "lo1": 6.000198445256149, "la1": 58.999992894266676, "dx": 0.5, "dy": 0.25, "nx": 22, "ny": 24, "refTime": "2024-01-29T18:00:00.000Z"}, "data":
[rows 0 to 23 of 24, columns 0 to 21 of 22]
-1.6432383888993276,-2.704214793044494,-2.1441619787334383,1.109573904777764,0.5808963160930143,0.5407747759354714,1.0423475926183725,0.5809119306286694,-0.34428345952259987,-0.11939222140678,-0.7626238257034289,-0.7518265268400982,0.2609459456853648,1.2824453848140893,0.9696269379687239,2.034479476707475,0.39205380710527227,1.707491909641061,1.2943817245012865,1.3863287953471954,0.6793122697548697,0.16556851495846886
-0.855192315095735,-0.19956894535598982,-1.3911605947822387,0.8188910784549489,0.24945860163404102,-0.10523653125152851,1.0325166225079019,0.58380857146239,-0.34796715684491686,0.015477254948835359,-0.9750874354344167,0.12927060195373377,0.395898711879976,0.27018881314864585,1.0770438920029457,0.652700180731715,0.44530330839524856,1.5812675782669383,1.2336478538247861,0.5306425429536521,0.7878679230914827,0.6215034079330981
-0.47981667552678176,1.1640082146845143,-0.3272541369943586,-0.3341282556420583,0.14899516370533594,1.2711546695627727,0.968226184113865,-0.8437638788807321,-1.0198597257134319,-0.16532295287427126,0.9154442094709307,-0.04975081874777831,-0.18918742656742943,-0.06929792655032423,0.36200091764814174,0.9777801694177306,-0.32530305629920114,1.2770559829692054,1.4476726851983124,1.8891545156546163,1.526489746983834,1.2807707159216228
1.4982067249749427,0.027182112485285563,0.32080980696023936,0.5412204159606155,0.5990897115420061,-0.31178550496854956,0.6146382483142905,0.13948777034824844,-1.374458312092876,-0.15018456728876634,1.3208093360242055,-0.22015056176618344,0.4267255644234735,0.3589255666583877,0.6924830452694214,1.2500572526268303,0.47619306492047625,1.4337049843267895,1.618750864272942,1.433626171245564,0.9055270018365312,0.9007246192199557
1.2806836978385359,1.6353879327693042,1.1001852462306447,-0.4096350855527618,0.27978503601277455,0.7885896204027777,1.1586737926628052,1.1799962260662618,0.9342109625136984,0.6282238105207394,0.1287128015296073,-0.9620767744202072,-0.09023671346564771,0.3701704828266823,0.4454549092707245,0.850648603199032,0.8719149415060409,0.17412624866098844,1.5599463815068846,1.1336969968786648,1.011023298812755,0.5742664846846811
0.6072732233386573,0.9028708249932658,1.787827234273717,1.8337808023953663,1.1523276884084022,1.1981324514500724,1.8063094242454076,1.7239549039923816,1.3700032658468864,2.0647596499306298,-0.2296625611881325,-1.7336774135457298,-0.3886562687783306,-0.384340838340152,0.21783416295741473,0.5511672999663048,1.0832800172371895,0.7867215651419945,0.8558708141960629,1.3933677281861132,1.1161332042296277,0.9681444489257712
-0.09734444447215375,0.042834534436300434,0.8133629215533478,1.912551662137966,1.98668904086845,1.702707405505191,1.5612998911759752,0.2948031595515121,0.6689631202840848,0.31280397993606057,0.16529465973146815,-0.8376945355587387,-1.171271252567057,-0.7664434957134653,-0.1564096039875148,0.22068673478881026,0.44580708490085663,1.017569198000019,1.299196480023893,1.3856531763683195,0.9265770108460092,0.5790853232013522
-0.4705884077717418,0.2916445479295524,1.3659846798743203,1.4577948068385767,0.8649854684206003,1.463965126681976,-0.33516473830282434,1.6948592649946916,0.3385519092941965,-0.38413194260336336,0.004562304191831194,0.22769770387219315,-2.4646198592782524,-0.4807183140539249,-0.0020090949484287577,-0.13017315698091408,0.004807268850777617,0.28702287842381763,0.6066484961471116,0.7744429689484392,0.8162098282862138,0.7467223315222018
0.17442356783476404,0.2034567663719653,-0.48654985517359167,-0.20833783879120127,0.3327254201945969,-0.452822743102352,0.5912035413516146,0.49245479271896725,1.124798635170462,1.3093982231940842,1.8229596370676762,0.09180210813448075,0.06853208189506438,-0.9415127167099272,-0.2799233033435225,-0.26145986632715695,0.007475055060780641,0.14389620672279296,-0.11380106742640474,1.48759448938513,0.18751516424338444,0.47777756910574454
-2.4023783214264034,-2.11085272658453,-2.2115550027338307,-1.509341653650151,-1.571090004944988,-0.19157427375023664,0.6551567811647124,0.6124609063322757,1.044763119611571,1.2108075765203978,0.5336803009286893,1.299371345129013,0.9664871624552183,-1.0744985222270345,-0.5603848791393152,-0.05954403224319839,-0.15690463166664798,0.11656416173144937,0.07957152085713458,0.6497046935270477,0.591131507801086,1.2960836582606803
-4.287537244134081,-3.7289010619221963,-3.524022156500435,-2.987928375498063,-1.2820882060094427,0.36640894098247395,0.03988029032211042,0.7137058980894371,1.0355900187903324,0.5230986180397931,0.7231943766575261,2.3084779404276836,0.8461660790278581,-0.6126466891762521,-0.8439410619085197,-0.1556343124523165,-0.19143363323816687,-0.013112600859753524,-0.22584768987372683,-0.05985500468691275,0.2669565509003866,2.3712989642725844
-5.248559227251718,-5.497077908661492,-4.8998035670441205,-1.931938729650656,-1.092006177571419,-0.5525308978125407,-0.6446121948035145,0.3440097877270807,1.6620441561008654,0.33907059565496706,1.1684384100639607,1.9597763238338182,-0.05670025321764306,-0.7641023106757366,-0.5625376423228394,-0.11696539872101505,0.30525249898103407,0.6862210435343061,-0.4684993163876072,-0.32809769283570694,1.2465334265492574,3.3327842645821955
-6.481572251405813,-6.328006638804293,-3.88660828410126,-1.5726228190059262,-0.14146712201897785,-0.2902907036206181,0.579993293949841,0.2906797151818777,0.5418578288272557,1.6935047969002603,2.133400079133885,1.5761274402672927,0.8707181066107562,0.6088334764386404,-0.6248809938760382,-0.546238754885178,0.7746508370770165,1.9223346181900505,3.8128906550217345,4.349585898603394,3.9368140377247323,4.765199467125808
-4.589911424509609,-2.435255335736989,-0.6436850590289375,-0.3814955121205547,-0.02095366211999468,-0.24337523194910893,0.7952838909477862,0.6951806238147152,0.5884633894235058,0.9174770276485985,0.4572577092338212,1.1594628886121903,0.4487813068271879,0.7909757369749588,-0.3460478480552254,-0.6604627058696104,1.6850672675350273,1.805450820857897,3.3774922519149664,3.4391396318714476,4.43256185265335,5.050667890572256
-0.711094730542222,0.09483278140467344,0.2573797082754365,0.4152265270503603,0.6241698580187195,0.04753761647615477,0.7061989159650753,1.5601385804081378,0.0894996027069131,-0.03251681813537909,0.6283923175256336,0.9483739489103816,1.1624623048887328,1.33697709056739,0.45793073481060864,0.10867217767592918,0.5194950257854253,3.57582934111006,2.4758597704926397,3.5225209735427354,4.706793816371895,4.8368213332450125
1.2449554722697505,1.8405637880155452,0.47363702396679935,2.2883225980069155,2.0010369772556045,0.6574472071213391,0.6991787612617107,1.8246590420586162,-0.25145398194468227,0.1891244125599139,1.128683386534147,0.1459821521464869,2.224544589468629,2.7092736023375084,2.931720677830687,2.9082969217843924,2.221815105399695,2.9745212474522673,2.400597316481853,4.239368944777385,4.35681563646304,5.206301487686513
2.664813281779681,2.788392132237536,1.7412279513195166,3.959107604032007,2.929432426552982,1.624021401638908,0.7814056207672901,1.3626547723677693,1.3996007823477115,-0.009302150507993616,0.8568592105772558,0.4302908606304509,1.462950226131722,2.1648657420859507,2.6085124893742857,2.074140487599835,1.9365841849888257,2.2529955835813684,3.5722138990475307,3.286622447913932,4.710961740834039,4.938180566991626
2.5415959402539916,3.374580010572361,5.816053592071547,4.596172158158889,4.197128043040341,2.2118572231152114,1.2523202013273544,1.112317694673763,0.43818337904039173,0.09505548995744434,0.7610456927846075,0.6420536972656832,1.9637741130248414,2.3811937695790837,1.0430405541124534,1.5656964842256462,1.2528164078900956,2.1392107509712246,2.5681576282507645,2.9588958665689136,3.1663469076287987,3.387370845542872
3.109631697446335,3.8513998273035477,5.122475457676281,4.803018827421528,4.089251613567279,3.0593384484469035,1.461600584228731,1.0373807813185105,0.616040148828592,0.5298141081674705,0.9120059192682819,2.5220330380215072,1.327289303508764,1.7549481409943595,1.1864896804424618,-0.16233790480048693,0.7541077377583784,1.9767203252786776,1.36191187908337,2.2423746028929856,1.8406833626523003,0.8950831315890061
2.750885467255841,3.2739913766497164,3.8658675831856852,4.185863725202593,3.4464057268175563,2.3426751571236317,2.605332819790437,0.4281907095506911,0.6775268492535518,0.14118478826584882,0.486258418228613,1.4286121046352662,1.0514202338924357,0.9024581522408915,0.9658474290173299,0.8709282615503489,0.7982246660145488,1.308397118815582,0.5156311750987301,1.496243887817865,-0.00923674465453345,1.0501839866938927
1.0014922303701186,1.7817894608890699,2.449849374969697,2.7659766932175667,2.4667569516430725,2.641363856601308,1.5029848390204987,0.8902153877314666,0.8923359261456546,0.524057788837939,0.9049976359583843,0.2656861715343001,0.593355491244806,1.3019563953297002,0.46820831434584703,0.11232299132187881,-0.33330552872658176,0.5645187222881856,-0.06825292029955582,0.43279798250502066,-0.5830232807337198,0.028988908486728596
0.5839207826385474,0.6164184576392339,0.7549534313868214,1.6972681762418844,2.669866854106923,1.9859611889510302,1.8083133580946011,1.4500791285690566,2.0839939648044186,0.8905939522623894,0.48994076266881254,0.4863181785300605,0.8980642662627268,0.815753173094874,0.15815379532089618,0.31408337604414727,0.2937512195752982,-0.2897437390108859,-0.16283664479721527,-0.2743614694337373,0.8281204897048661,-0.9324419517545308
0.04998955119270649,0.7455856340659223,0.3342814685510059,1.2476436336792167,1.6810261308367065,1.9056664363640359,1.2372114593668135,1.3642960672534916,1.8776579379408358,0.6941360858040339,0.12787657418998644,0.29007194795283653,0.1491283196667866,0.45085407349679485,0.7496586399503348,0.15095654771684083,0.323917413275581,-0.3382524942418941,-0.827957905711527,-0.010155863526871759,-0.12475677677496808,-0.3314354957402263
0.050669493263156895,-0.010055641538354788,0.6640889957418212,1.3014744156103,0.9879877845532126,0.7264139087330022,0.6835810604009815,1.141614299619837,2.162752523156266,0.38760620212707947,-0.3503117346911379,-0.1219395521958329,0.012931328215744766,0.0678238893562479,0.16337506238235674,0.26568948308906754,0.06887413186754178,-0.08135167966954875,-0.5978901646599196,-0.5524273433046554,-0.4577409813889622,-0.06198793329701153
