script/wind50m.json
{"header": {"parameterCategory": 2, "parameterNumber": 2, "lo1": 3.000054539987559, "la1": 64.9999836372058, "dx": 0.5, "dy": 0.25, "nx": 34, "ny": 52, "refTime": "2025-12-06T15:00:00.000Z"}, "data":
[rows 0 to 23 of 52, columns 0 to 33 of 34]
-7.937017480087695,-8.303565899038052,-8.492444407133094,-9.305106223994404,-10.288465854371472,-10.667984314167938,-10.766461088778852,-10.434761905483645,-11.161695602241041,-12.21620317346546,-12.121104807313497,-12.3634484356145,-11.911111483237786,-11.147041090194152,-11.48529196922349,-10.37193028847496,-8.31500467047515,-6.896018721280264,-7.442765869868914,-15.74532825545668,-9.853341731095584,-5.005083963994364,-8.236694413815082,-10.699439828909409,-3.690000837635399,-3.8469284403933623,-2.2471994918951435,-6.5495794669615846,-3.4546245036074397,-2.369337543448833,-4.1579511892424765,-4.941174258489595,-6.116658457324893,-3.601057066222527
-8.102464968975998,-8.03985986706328,-8.59855256864567,-9.21182187181406,-9.75475460037099,-9.779932046325879,-10.740440558000051,-10.600845888048095,-11.040190120287138,-11.720044428488539,-12.117208782625045,-12.279280005007552,-12.260378047009667,-11.978640029143696,-12.705204544966739,-11.557038069067987,-9.724726345884038,-6.728737623156886,-11.230715258216314,-10.713911986240287,-8.50707113317412,-7.859448988622618,-3.229265555379464,-7.691702907777045,-2.026189763135793,-4.871332692761278,-1.7743793127283813,-4.3503801755605,-5.456475389124345,-3.82968506850767,-2.086007828783446,-3.7782200202751435,-4.328249768887816,-5.803911814232586
-8.10305043741875,-7.597335025303464,-7.75222709395373,-7.861963192959916,-8.309888254810256,-8.625895513261034,-8.575146259523512,-10.2269683232774,-10.70824104000623,-11.24311812097384,-12.923730960901176,-12.383825387775675,-12.475625615549852,-13.058755210495178,-11.89115012556891,-9.816351956054381,-8.323045443049576,-8.193970569129396,-6.264674085588354,-7.1349133528468265,-11.069383759760735,-7.318032772995058,-7.833802521189965,-6.850770012205012,-6.12831444517821,-1.9079285551483383,-5.544890037310491,-2.4031069330094246,-4.294211190617385,-7.12517787507106,-4.019486362452717,-4.18567606424241,-4.346826670904085,-5.68286296352948
-7.803034497173079,-6.9263518098495815,-6.483409356365316,-6.211471044571802,-5.928833217054267,-7.422135964565289,-9.049270766049474,-9.670094106827806,-9.517021853349199,-11.075625276781535,-11.814384223052995,-13.371796555854843,-12.831147533205334,-11.396374134733792,-10.035877330288281,-8.932517818632876,-6.4873636041778155,-7.5350624577856165,-12.601099735802343,-5.284852380007646,-13.595760790219547,-5.772911020344979,-12.707684551021659,-4.893382335816785,-3.508114747473217,-3.7681058782206085,-3.793557250503511,-4.530725271616968,-6.643240271038222,-4.850104370564409,-4.664811427323261,-4.43832887633468,-4.779268834644011,-5.56213768180887
-7.368947581419606,-6.393390407164938,-5.907066416081003,-6.45097384957591,-6.297666443601695,-6.657369819543578,-6.757539700482048,-8.3896487362244,-7.778655128898021,-8.646309740566227,-11.18973899915829,-12.078207116736962,-12.08883814872243,-12.176875912444677,-9.597476045792499,-10.928740023835571,-6.708337036000842,-5.88276255317054,-6.0664511674452015,-9.52313419266846,-13.402465290353849,-9.247234071316903,-2.162933571990066,-7.569275011042309,-3.5964301451452085,-5.220259531530691,-4.553386500422721,-4.741080498464145,-5.359831884283714,-4.623285578889476,-5.1020556714688965,-6.388080173804672,-3.90741752389482,-5.480336004126785
-7.296981331601391,-6.638521785654289,-6.189769620085995,-6.088856868478711,-5.385418851865519,-5.748148984588235,-6.127827094954858,-5.868865195409285,-6.8506536082040315,-7.706497360408991,-9.800082797210392,-9.17259511542906,-12.258819435354656,-11.045881299993757,-6.33227484070902,-5.354317454486583,-3.336010666202703,-6.217303349681825,-12.476186496682427,-12.329556725258767,-5.844279350201806,-6.86275080477834,-4.300889191038478,-4.531281210778242,-4.886192485057712,-4.629592921120965,-4.061923705190264,-4.330934906778525,-3.9134307347380957,-5.896321409113284,-5.846501939659327,-4.598885248723634,-4.517041571243625,-3.2547798004556383
-6.0898317084076545,-5.914981453092167,-5.52511979725069,-4.797401026052406,-4.650890170103904,-4.361843365987754,-3.6548212771471276,-4.972638724747422,-5.813133511027953,-7.433626115104162,-6.495424625878486,-7.7004747146993,-6.646525788062374,-8.597836260854505,-9.834459130098349,-6.437077881017073,-5.145483940740542,-10.607620361720882,-11.86501012960293,-6.096388176644582,-5.790205045463892,-3.8555715314804213,-6.066074176757145,-5.354176621345883,-5.962641065083241,-3.879561810570052,-4.48276722105673,-4.641811214236923,-4.529101013578195,-5.364026127639264,-5.169102234306999,-4.464137963276904,-3.811131202130082,-8.397886338175288
-5.831163822027609,-5.13066066740775,-3.8751886513073,-4.224840695771175,-4.560851136583063,-4.708435890736899,-4.129419220539832,-3.6057905978928453,-2.8058207047633252,-6.562106641571108,-5.8667874286096975,-2.851021452266813,-0.006979037445684907,-6.315963448312757,-1.6104639898945268,-3.918546677024436,-0.962605470410725,-4.433682856869994,-6.4871925344666845,-6.803439247103068,-6.759269035359858,-5.30759715933129,-3.755732163843901,-5.221600064903405,-3.665560814087149,-4.220968619274249,-5.98262726109429,-4.916477228675082,-3.92710423542684,-3.9639978932642315,-5.2539134209163825,-5.356059133976677,-6.843372351914347,-12.197003081468498
-5.562027560741006,-4.726501147771259,-3.322386852376718,-2.386624432646487,-1.8556911133520466,-1.8675360473411255,-2.24177934548993,-4.674457871748894,-2.711779846167073,-1.2870401830459754,-3.6363990531653876,-5.808662412761705,-2.9663769090734418,-8.51403048888487,-4.664169053088254,-5.654458737516637,-5.843051723925561,-5.765833883626285,-8.280712777620247,-7.6003595312735275,-7.000471133968545,-5.255671526938684,-0.8976111622695674,-3.8330659143744317,-4.447689266213054,-5.255897381098499,-4.2809705986613436,-3.9493017545348437,-2.4414330729864386,-2.9714381900940894,-6.0423203369304845,-8.436083521397197,-11.879323353724853,-12.562511895730466
-4.410989265869294,-2.4336061565972402,-1.6105171728495118,-1.4367869983867387,-0.9904444089666828,-0.09774250541852235,-0.5887397607562757,-1.6550180772052312,-5.971702282293228,-1.8437553015665489,-2.7980333824362535,1.2071328455492771,-8.652697874410284,1.1730586342499993,-2.328721504874501,-5.9341223050613685,-4.99253260688428,-8.162074652487489,-8.826241117436501,-6.03151149124268,-4.538535939440441,-3.958558376041501,-5.212024343739102,-3.4047460469300166,-3.3272738518214333,-5.394551295276411,-3.595116111124373,-3.972164644653664,-4.383428881644729,-5.34058470575356,-7.225913477474814,-9.759694370096963,-11.09487534960107,-12.224819644366391
-2.925573245304038,-3.6136066115071857,-2.1832421179283807,-1.3479067738888297,-0.6783469842171923,-1.1505526252704472,-3.9917360744516426,-3.039527858124265,-0.3507263305659543,2.0747609775484475,-3.606957258986028,-3.795590412435952,-1.6997327218376452,1.124455167182648,-2.725846513037322,-5.6386259501109475,-1.8433004765930758,-4.450860159400572,-11.180141535860516,-3.061120007761727,-3.3756358156246082,-3.002148770084255,-5.889593504053274,-2.4792663456553146,-4.866048464963492,-3.026952597466648,-3.530214174509301,-4.688373509531665,-4.438768151336614,-6.1988874078371365,-8.83179529586729,-10.608004327350693,-11.307097213651264,-11.752319782182685
-5.051747362090698,-4.085971147159701,-3.0494614170287035,-2.700638974688487,-3.015120051831313,-2.1434686385481267,-0.9488434357600305,-6.1229166838552285,-1.1068050680738521,-9.92127928241969,-5.938804205802216,-5.068118525631765,-5.821957280395076,-1.3705906824038974,-3.3620257294833937,-2.9776113213972284,-6.444070514546149,-7.206673439570887,-9.40694555460939,-5.565101296328355,-4.613915530544291,-6.027157536268029,-1.4199248638515924,-3.687225978315482,-1.3625979931167562,-2.6884585059640487,-3.1236615242956542,-3.330176268950197,-5.0826992939153595,-6.175963161966244,-9.919454595289192,-10.12965987235003,-10.447348972173906,-11.085578541080364
-4.984105305665479,-5.040823029891404,-5.344799215210584,-3.878098119231338,-4.337912533663116,-3.775994997958697,2.3961776342283825,-3.639922031574231,-6.794945562569868,-5.883706413324127,-8.059783350646287,-7.434258396293864,-3.1871583599573947,-4.083482525790067,-1.2743304420716255,-3.2959559498843145,-4.599586661354094,-1.589697406304656,-5.292428721841839,-3.442094249199365,-2.744209558330001,-3.0378059224977063,-4.516139388174427,-3.2467892343867346,-1.6708195969748396,-2.647057826897517,-2.649757010126845,-3.753405663116435,-5.163119781746348,-8.017778084524817,-8.665743508774788,-9.962237855067476,-10.590018323678219,-10.879009808438676
-5.520195438116191,-5.533964766781284,-5.379130749778449,-7.295013746937548,-6.53160195560038,-7.504102916246781,-7.324427734317634,1.6740782853847012,-12.380260790089359,-5.253883440896853,-4.648001680318595,-5.669976461362668,-2.724969301891045,-0.42854406689399704,-6.410121822573711,-1.5993014891656296,-4.296801779585751,-4.974164775772675,-8.682424538704039,-4.066396154689328,-0.8689126498802585,-5.464072367757414,-3.0723452463047067,-3.4102267804136077,-2.0800834339307848,-2.554593300082628,-3.6468197345589775,-4.151413432833765,-4.9372989130244,-7.669939950090341,-8.788783294355152,-10.400154511191134,-11.466097538740351,-10.972347040794741
-6.697832595403598,-6.235530700317573,-7.111628318732205,-7.148383029534958,-6.058254313442351,-7.968088711434367,-3.4979383743889674,-10.751467864781697,-5.2671131806848965,-3.408176688703726,-4.045081654863806,-8.785322263478607,-2.6908302995408717,-2.1303397977451004,-3.55672951382192,-4.1334450312971445,0.48114980093524984,-3.587288038619945,-1.298220449005405,-2.3590948292017115,0.22430800298003464,-3.2509052543157155,-4.693540282355785,-3.6238394644411174,-1.1038763523821096,-2.3665148292786053,-2.824338360554583,-3.7750180065829344,-5.043036507420489,-6.291385845411199,-9.784300078227997,-10.111081018129095,-12.687628261473064,-13.123024786663743
-7.937082746240171,-7.868045376447702,-7.699285782080311,-8.125936688502815,-4.543873245336315,-5.41214377467115,-7.432504002260082,1.8201653875353838,-2.326653717720232,-6.755761103191922,-8.203625838840654,-5.835417298289765,-4.895900731776803,-3.815430227960875,-1.417312097724504,-5.050642923342111,-3.6293944075488795,-1.8963079116601314,-3.778803611896515,-2.6039344811739125,-2.278890152744204,-3.01775896490895,-0.1858199764215733,-1.4153659584937275,-1.1362486529445157,-2.0439036264870634,-3.839339948139993,-2.9255157762080017,-3.96764772311886,-8.217775059434064,-8.468294145632784,-10.260131410638134,-12.390114097584854,-13.251039604634983
-8.4995788251322,-8.16382004469514,-7.113108791810994,-7.308007697673965,-6.965935563548106,-6.446797520116372,-8.916965829936277,-5.7799726300253305,1.4924034386389091,-4.308193226381226,-6.841839000205373,-4.083400333772965,-1.4598579216173537,-0.9255573193539436,-0.19459013416683188,0.9232493207869533,-3.425644990411037,-0.2855105699846779,-2.86885356767194,-1.178077896851269,-3.6934542189749893,-2.8005331590758256,-2.8278595553015107,-0.4760695224483473,-2.4869507030401206,-2.142583772653663,-2.715477725683766,-2.6277912701472395,-3.3073435429192926,-8.492723159234068,-8.257374888990258,-9.688705467127033,-12.250276496109109,-12.183634790751416
-7.571627117404123,-8.00488173270454,-7.594895172583744,-6.401828410530736,-4.07848003394199,-3.1135975991068303,-5.218571524764459,-0.9775507798888141,-8.25316307747885,-5.712539827723776,-3.5388746750360727,-3.718341771366916,-0.677706537804727,-2.508784021116022,-2.760280748092527,-1.9443612035430036,-2.2421639900685935,-2.033768260602764,-3.0784625022154213,-4.22746626980175,-4.768830173090152,-0.5122065696796955,-1.7868822529606714,-2.3178187655447173,-0.43812834755816216,-1.598576067211963,-2.4411142725888566,-1.2184304535484465,-2.36894469962508,-7.449723515947742,-8.284364460966712,-8.341249063202653,-10.604382149058603,-10.407247346260494
-8.895210538770117,-7.318976759368365,-6.935349903612454,-6.675335609361728,-5.9369571650914645,-4.02851220200336,-4.90008052034786,-6.099385450844526,-12.590388106967005,-5.050975206705946,-4.565299434448405,-2.6016852471569956,-2.480177909628101,-2.586540385042269,0.07910216745514134,-4.018149493792983,-2.196815206870233,-2.806042116339297,1.6516554890174178,-2.4803671425534835,-1.7126037653103514,-3.604466826562169,-2.389909377541222,-1.6329226950468094,-1.1998949500044709,-0.4658056557457766,-1.6442092259826024,0.294222220827215,-0.6381111667347849,-1.8301051611272519,-4.619298036084707,-7.211924676726559,-8.742272597846044,-9.337288862883355
-10.587044355451358,-9.429650603843607,-7.631488450832278,-5.249522347352337,-4.12642367867335,-5.228561557120058,0.15709322660850342,-3.760163587742513,-6.334466757345953,-5.9991113725649825,-4.216905673719838,-3.9866109656729467,-0.46891721768757616,-2.046634512669692,-2.3636013255188,-4.4130197066940635,-1.6163008690152256,-3.229356820320966,0.44009236891498815,-2.3530830682875985,-0.8771043632339088,-2.8653455096191243,-2.929736249887133,-0.9096197299642343,0.23152692801915656,-0.5675848971065843,0.48397706283398784,-1.0777226350840565,0.08442673453882324,-0.6867111687065938,-1.3770796467498074,-1.0942320199198448,-1.2804174298973412,0.07155452841779805
-12.336824185691972,-10.440938725428751,-9.022319145099031,-6.472946242962036,-3.049885039117024,-5.8295358909843324,-15.154954492685436,-0.8089067684139845,-9.307416700923795,-5.087922277312722,-6.052188194537809,-3.389115196730583,-3.0808286513574705,-0.27689372274331187,-1.4849912698075094,-2.3137423510805153,-1.7062832635254184,-3.5749997639313325,-2.129066068330078,-3.6065410769330675,-1.6889201408757035,-0.9367010604341962,-3.0879642814259003,-1.260783391875493,-1.779070947556298,-0.09580782138013041,0.3366104155939032,0.4446592326559868,0.24507537177789598,-1.2609258630168727,0.5540697233232317,0.2016617441251531,0.7163185038000596,1.3370123471748039
-14.347323819298058,-12.467718871658953,-10.455071727283398,-8.034681632556419,-5.245406172122109,-2.8912741640781268,-9.095571497026594,-10.985723718592556,-8.197877885812844,-2.9620965078056773,-1.9747562916038768,-3.097526243840808,0.14644693934270894,0.5005480901622584,-0.10861604425290866,-0.732043017393996,-3.1835407201824144,-3.5199300079448497,-2.307655229692463,-2.9123520771760454,-1.8492192581323632,-2.398143360502012,-2.536727730114719,-1.0017890872948179,-1.037881827233728,-0.8406459599696603,0.08643270490368354,-0.13444631678857474,0.257134314963449,0.5079355117408985,0.27846370525420994,0.1453587494646459,0.9159686240782512,2.2264751608243767
-15.210025900725942,-14.196546953732604,-12.82103349244082,-9.45262484127394,-6.527656307465735,-4.123668255228446,-10.28261458376483,-6.760408344244615,-8.59503456726838,-10.941188410809033,-1.1490790517421063,-4.434236173443174,0.18261504511011892,-2.571662129571941,-2.0148961504416962,-2.8401629069846805,-3.5494588153923017,-2.9521860080216253,-2.2154450613376264,-2.6505351683008835,-2.614603358533251,-3.152193350569047,-2.725741214132355,-2.308428863881367,-0.6169006760230463,-0.5912087413496253,-0.20774065062719538,-0.3449568001863931,0.8555844461905944,0.6374150679057543,0.404107410814941,0.12158589136413268,1.8850060059020304,3.620733711279297
-15.365892564879378,-14.875093599372244,-14.779100218384306,-12.352803574951073,-7.507834947133372,-7.098809215319642,-4.586945109473942,-17.26542645496921,-11.834722251486502,-6.137266262475917,0.39939214187708266,-1.6535714019354835,-0.20499214544408673,-1.6776836368075747,-2.8873926354086317,-3.180397067141215,-2.8594975120006203,-3.4190679720334667,-2.6422851057101298,-2.656360270285572,-2.1472389043151967,-3.7245382278150005,-2.648254951227278,-1.0753002346982135,-1.2070717640747288,1.1457449924356156,0.444947462450217,2.8415414366573133,1.7735411484614023,1.2672435855673807,0.9373946641966835,1.6734615740869383,2.976054139826065,4.919364430148557
