script/wind250m.json
{"header": {"parameterCategory": 2, "parameterNumber": 2, "lo1": 3.000054539987559, "la1": 64.9999836372058, "dx": 0.5, "dy": 0.25, "nx": 34, "ny": 52, "refTime": "2025-12-15T09:00:00.000Z"}, "data":
[rows 0 to 24 of 52, columns 0 to 33 of 34]
17.253869346770106,17.392831003074186,17.852708943644643,18.909286968686043,17.836587325773323,15.438086310883202,16.147940127525306,15.000606202325846,15.42447920442925,16.037706076688387,15.911943414299436,14.468421186428674,15.9945663437899,15.690208580823494,13.86560135664678,13.448921790757021,13.080322989580909,11.293167667483187,10.603187946415916,10.122862337069048,9.49399259891162,1.2317462719324785,4.403478807439871,9.84418523103247,14.631723859388696,3.339488131956647,2.975861349752669,7.126444000047304,5.398934817405564,3.623631791553747,1.2183422937942776,-0.6210287602301338,0.8975151162545392,-0.1474961419978929
15.953797463468558,16.438005928641978,17.337995057545985,17.41570432748135,17.28216726893795,16.55506392221702,16.256384251527294,14.885580887564634,15.428482695285139,16.360894340806286,15.990906746232453,15.028273842759633,15.456865345944845,15.046077073637814,12.903846400384502,13.181838977457904,13.258226048211815,13.545305164361354,11.174394137907768,16.502798263203164,8.524691832023523,8.825839234426867,3.4307211876657777,15.974861774927414,3.2190792911542703,2.0393088705259155,5.327820917726322,2.867014177599227,5.9259294625873125,8.46374118547767,2.378962617740582,0.5762065943214391,-0.9627830914360463,2.214702408901664
14.394047536104619,15.316003959676282,16.139308025268697,16.046557590937805,16.702121702232326,14.828738191399125,14.509962803956348,15.36288167211447,16.00967157509997,16.002159272463558,15.874284254251053,14.71237200007953,14.637653520365529,13.911173255275315,12.275244764616307,13.039535666284232,15.794475251855202,7.727232831519095,7.842215561697988,9.502857435342964,10.236642241328875,6.531130165096459,7.221259178120573,12.828628792750782,8.949498606364578,1.5764867048895161,2.862992318489867,7.926964766377277,5.119179268633524,7.575643422575196,8.899311419597947,3.495649273831445,0.4925387168612355,1.1363067558068292
14.543908187981245,13.88809010005853,14.80446540259398,15.531694728207869,15.35703950593455,14.949873506543398,14.412796436171512,15.836360635771221,17.555852473726233,15.905755808772257,15.23608790475145,14.432622355563288,13.990395896774631,12.650238405483165,10.935178310162502,14.422930581159324,9.698993389833365,11.78215005310876,14.568676148083595,5.957491777438463,13.66157300079254,13.85277147692576,12.38932949510107,8.453842200719478,2.405487828681625,3.3540845202761447,7.181304659588027,3.9476508058841686,6.69203412576919,3.9623794074867087,2.630265126815076,6.072719101411979,1.693451104341163,-0.03685084843951073
14.088463377368234,15.463170925789068,12.593082940985587,14.00271511886173,14.7456344364046,13.463325724071515,13.736503085048364,16.20640930215099,16.334216314206262,16.247130217513604,14.818277865663827,13.995426538594451,12.97787727667161,9.835797898801525,10.006531945315345,13.62752144093682,14.140755025096924,11.042456638336573,6.777638143777041,14.329927080426865,12.43212836858113,16.386388729409585,5.13084950679716,10.874867716668621,7.317147652930571,4.874408472798182,4.984163603443108,3.3018576865271263,6.7124597904003975,6.015851635451742,4.924594418679384,6.254479982492836,2.1733078889134556,-0.07407050908096116
13.27739759479709,13.932680097132513,13.73935989775339,13.58326097623051,13.552389580632934,13.331182773473191,13.637516205114215,15.271691380138744,16.060074619806272,15.814347854094553,14.613663617618338,12.652560451361463,9.554497566778872,9.53252079125311,9.619651371698835,12.846784756391074,8.800334911183072,13.09663175863997,12.145023008942838,9.932811833842008,4.559369271997908,14.637644773936376,16.21062088033218,6.205391721903208,5.135655460649539,4.728205650304915,4.210217618738361,5.293087957254925,2.5626786131925097,7.4980837747564175,7.076432065183069,4.282507455093658,1.696587875848679,1.5677883081897488
13.933199117970142,13.68174452039222,13.21997318455129,13.723519476067525,13.562159922029059,13.055648329397293,13.313890111499987,13.857668942226839,14.418451298573482,14.916164436945612,12.865992589624453,10.15387475725634,10.36216960519499,11.430490622240093,13.573240011249242,14.403630442186493,10.904060529987033,7.34273742359882,9.80340454859266,11.006279371571276,11.797791394163832,8.510240127343558,6.6660866109539265,5.200627395511036,9.983232559030462,6.44945117532589,12.19664021118216,5.220554363226025,4.935656534224822,9.310905329326117,5.599280880605544,6.584448815016157,5.064800533562462,3.463277248369267
13.311140846081821,13.160309466330132,13.253512703609717,12.874903506061433,12.07497198836678,11.5419799588483,10.295855809187417,12.764722292981494,13.576592571155196,13.717705919624839,10.130425753928034,6.0166535822320615,11.605898147407803,14.58012348146787,8.852684223081516,7.276428599581031,0.4510261806731134,4.755256563153812,7.898880685882179,9.322431793470836,14.24941331057557,12.969586305047766,5.045604797731142,4.422167178889557,7.112169724463864,6.857400714762168,7.271694638499874,13.00393501487239,4.440562957451401,4.357717314106212,9.617372710864693,6.175219212327617,8.267910801351505,9.487676296409964
13.142653080224482,12.802093271396119,12.690236235391449,12.304206331105526,11.837251342287828,12.463934836437625,11.54356158598314,12.852450724976672,11.66248261737717,10.281766477561137,6.179903968574755,6.492407655991765,12.4130845712506,8.954698615507407,10.57430926914002,2.7143259980317067,1.519748443836259,10.5922564041827,8.09457724952508,11.595614636798631,16.29844887675566,16.703153600984166,15.872534138008628,8.345722731204246,11.148018881264838,9.772354990667683,9.270825058739847,5.306261389504875,11.367553047079303,10.951569083948808,7.183089273318861,7.564950345333129,9.653119777316967,10.382014191129363
12.702550615820686,12.331386367978661,12.759382290095969,11.385010579596909,11.426189304725213,12.203850056910486,12.257501691241371,11.255447006906758,8.78115031129467,7.781760566554237,8.360644447148697,8.50997058403758,9.354720357876356,8.434865372396093,1.5140607962896526,9.17414387319711,6.76314816246962,4.81967445005159,5.413244437657768,7.98678942894925,13.411859675137888,9.729355006368944,10.323851966829645,15.600805212804843,7.2501433657336944,9.976580194710836,11.473154561812843,11.381648948724862,10.435591690635112,10.40910785365369,6.660352919198219,8.61804539911937,9.515929501057565,10.190225696723582
11.272900182916628,11.708365070284442,11.3939047853435,11.179981924398207,11.761281062915367,10.972884950820944,10.052793430629174,6.95027164864854,15.704504613275084,1.2267657900672946,7.927113435213208,5.811719662232479,10.625622211776234,7.100165391636,9.978970396880097,1.4372439538536166,5.266051786243371,6.102549801535046,5.885030836732897,4.178922393248698,12.188323216310579,8.461206064010186,16.099805250762703,11.155047218739186,9.70882033572669,8.537609945072967,6.956462431192787,10.71189145718912,8.824378426977164,6.056791711618797,8.847731159837153,7.894010667458734,9.922127007205262,10.658066999966902
11.604195186399403,11.559871894567502,10.233120587778432,9.908392291045152,10.269684410197685,7.065365983248038,6.108860637330289,3.9618033887664197,1.0063545467450972,9.06567028745054,10.700181901182235,8.392625125847253,9.20626008542958,9.483146847727864,9.964975703694218,2.123555067985184,3.639293713699443,7.444534087184431,7.574616314758414,9.15461731833425,10.53238614757721,11.290068126934843,6.812891823934509,10.408021428364671,11.503181464160184,7.601507017396074,8.423100078090329,13.984146353572095,10.63221890523404,8.868958222834955,9.558899321235169,9.004128760547244,10.409245284918377,12.03695143487817
9.13208583509588,9.491505308133771,10.340984349870514,9.378403628878544,9.603492169297114,6.168906414106877,10.181641978950037,9.65471317777593,9.305827930078092,11.244451119025962,12.994726851718493,14.337597304483195,4.572093714277124,8.039805486613064,-5.481248834324569,8.86441461130547,3.7175859246097014,7.716452023940731,6.346815425601646,5.310650649672051,5.448588224809953,7.959121105554937,10.684598943172134,5.902902992421116,10.168321172119997,8.166939717769052,7.5523665421555055,10.783350421198495,8.648144152743576,8.523841700726786,9.292506136990928,10.955784014928225,12.233230437914877,13.854012501828965
8.753435901687345,8.947333869658106,9.71754091712611,8.760336267326721,7.630420110461149,8.772409523796739,12.542835130580082,1.6299412672343148,9.815151884730783,10.81757906683188,15.560569529669676,12.287181240981646,0.46182565106892715,-4.244596441752787,2.9257506721129625,5.996917965220896,7.397225467573835,3.558326683668124,3.280508215665807,10.877242939500505,3.4422407216872304,8.389815067706671,8.977271320879492,11.878264131198671,6.649726449002993,11.827297720961804,10.761096444129452,10.758218608320174,9.303960774599954,8.95843054905685,9.790059035056796,11.83988399243193,13.171095192055537,13.979358321826929
8.731107745931759,8.987508713405587,8.67386348426982,7.445547307042857,8.089761811411204,8.02975920132675,6.225164071330003,10.357877357058229,7.099042963359325,9.50596084994339,8.105192677557081,13.79318057785445,14.915235308715008,9.202958964649769,4.564467667770258,9.328938491913433,3.089495776024102,5.672161226080526,4.731449530478724,4.202411855064237,3.6753877136780018,6.140064234350281,4.855527035150514,9.015801195658826,6.996067007757968,9.063116581529476,9.165919355031914,13.087114103961987,11.076073751298962,11.079664735450942,10.934046786182812,12.190917621305712,12.95823422154078,13.530126370799415
8.434815863500443,8.874479259195805,7.706029880618651,6.596765594569146,6.922029494287871,7.372613144368647,8.563721817298894,13.467258804640084,7.627391787323149,8.072801097498871,9.709589404285149,12.95119070005025,2.9540491034436966,8.54947523989961,-1.141217983751474,4.994484577532998,13.429535153729514,2.0705593937288755,5.538347999452951,5.384035653336814,11.276302703063626,4.278096455636241,3.7032422667195872,8.114754725910645,6.307185848623902,8.442171718681266,14.482794313055322,9.483825880424881,10.031916536377793,10.651746719637119,11.891732387611915,12.069086972980003,12.235008799846776,13.152843078742029
9.17639874598356,9.149003751850703,7.052790401895775,5.820113467224891,5.001242697842276,5.951737497715483,10.013451613710165,8.423984108658631,2.6826948707244282,11.9879104839624,11.603730327038143,16.43437464687274,8.624446406342562,5.164658943759366,0.0023540317850270984,-4.522614555446569,3.7403642425639587,2.3387905715951063,3.741018350222657,5.641147961919532,8.906477952988691,5.5565549715422335,8.584676460809957,5.679274542825967,7.753060229711676,8.245128400400786,12.747972451316691,12.916397128723663,9.63517896238747,10.068891935647772,11.688024474081452,11.695007215533467,11.345555948909412,12.689522451699588
8.627827918081872,8.149378935875063,6.497707762171342,5.302177591017346,5.249730746667417,6.0429399806809485,7.447442594713742,5.8827600251508905,12.510727383324578,17.7213153282054,9.404861307842806,5.156659561048978,4.462735272918541,11.099206051854292,11.052497175084374,9.999319018459964,2.299458587253469,3.520586840297295,4.87038338702181,6.449346692501365,8.043799167121378,5.1705171485344525,7.922659414523501,9.282321334619418,6.604601396100451,7.3423431398274355,9.07514513623051,10.23253143971708,11.153424449842642,10.126382131183473,10.694887339797067,10.383137953023615,11.087747022509484,11.075674012914181
7.8499258688888895,7.542915494107306,5.902201319934139,5.156324320707376,5.252555902217442,4.957583972430157,10.381233631921328,8.838160198455704,4.554379857420568,12.355022016038586,9.219588386027352,7.214984736019664,11.046726232414603,8.288730194358632,1.2433544718713359,3.7383717464710684,2.048288081225022,4.203901993198053,3.2982143333474085,5.980171343026168,6.52684933561108,7.935685739480861,8.045606500374479,7.716814864225088,8.208599103424937,7.409458232195021,8.426507006189503,9.23602433830481,10.21946304342516,9.975313742237105,9.219996859989081,9.226745493798184,9.567042067259964,10.96481290566494
7.8696951849167585,6.76030986963561,5.340183484445092,5.38041330122895,5.337798963399984,6.5215101781993265,5.628758075666276,12.21311299235749,11.177994657181127,14.76935843025614,13.912072532846183,14.227538548758183,0.351270056404754,13.977511631005278,5.122268837994252,5.6121933709251355,3.2676770527189354,4.002092719737346,4.686516439472131,6.908374731842795,7.946183037606895,5.997263707295151,8.320693891446316,7.502387562756274,6.593626786949809,8.62676124871182,8.429719545458907,9.193529300984519,10.374000251488383,9.965585561070972,9.530732817750627,9.265069259922525,9.66343840966573,9.85863105303405
6.893528606956803,5.748675544028115,4.578285773849292,4.536223672150902,3.8936025068213396,5.221083656546556,2.5925098019504054,5.038042375495014,10.44875745280324,8.987609936597579,8.490335743260584,10.468933352112746,10.75004616997694,3.771562271772872,3.543590596204876,2.369761278677187,4.047677317753913,4.385677804415859,6.17884733652296,6.770794011816591,8.15400852666525,6.679822531309751,6.577715654796822,6.056297588440084,8.4249778576332,10.712911357704785,10.301162808707385,10.301107373835658,11.08123165430503,10.127914357224617,10.390713271887241,10.187779205118716,10.149754851593931,9.944345666567141
5.812450574432351,5.0979396255668386,4.804206822306983,3.3329396622377354,4.047081843817964,6.278912040696582,3.309590121443539,5.21430146744715,9.544436110260206,4.637887689877689,11.924776111631964,11.674826008749449,-0.28656879826430154,7.870766788764356,1.163026410306995,1.7176906723203136,4.911473962062613,5.059897703750018,7.320449323634135,6.123344771518734,8.535260468474974,5.3027443066780195,7.658675041472908,8.074524848281417,9.721613282617755,11.424879935608109,10.695749139631161,11.121948550835597,11.906486261929338,11.47304400384993,11.077828047662166,10.744373743648,10.448647018285284,11.507865660520364
4.794446492262961,5.190430652109629,4.254663143722135,3.5356950150928608,3.758172941127831,6.162727752962722,1.9478525501816222,5.762355823914989,13.00665776788388,11.943791552958096,3.6332711313504737,8.811859077006854,8.871701407791722,7.571349620733648,6.833135881339568,4.577701945230345,7.308848317440845,8.299404261719747,6.477202492191379,6.7139000070961234,7.016878626745807,5.017582513823048,8.722619276447142,10.61411297461368,11.937993933649686,10.539603803736169,11.641734187474077,11.21016295764473,11.979100318339947,9.810103723903945,9.543868730933161,10.186893424644637,11.764423184345523,12.81236143145461
4.196602614270242,4.68225900168546,3.086415639876676,2.4076626390828144,2.5589904820287703,5.353508357303391,3.513446632433074,5.863756012531134,9.606351474784939,1.3661189016445001,4.02388414305022,0.3274413373510265,7.2386778091905235,3.2877462354316735,5.246486511931698,8.49328025477913,9.048133616734422,8.785703276924352,6.296407386703024,6.55333981755069,7.091336324204891,10.925548706625444,11.134589187791262,10.50770420533377,11.171568966009833,10.720777494603668,10.969655799328113,10.265433186904291,9.882828088634206,9.30380343733048,9.406803247064676,10.127084128192614,12.134625008293488,15.74032681635405
2.9973672641369076,2.9258927404121495,1.772109636962388,0.6752529648640094,2.4526176981531838,7.054355582506577,1.6631148577009305,7.4617744906061,9.606756329436369,3.5537162143610206,6.302886008863573,3.2862719998991436,7.14550455347635,6.796293961175096,11.177667899731238,12.772682273968263,10.793471294379598,7.005192922965212,5.671342461124371,6.635139535651551,10.551242239666824,12.600608951643952,10.223666843923164,10.182895220821345,9.841581381950729,10.389814445549984,9.182395706872418,9.793721488964643,9.473484063888067,9.180143996646242,9.21120417825808,12.919353592213275,15.183391736618706,15.175226859091213
