script/wind450m.json
{"header": {"parameterCategory": 2, "parameterNumber": 3, "lo1": 3.000054539987559, "la1": 64.9999836372058, "dx": 0.5, "dy": 0.25, "nx": 34, "ny": 52, "refTime": "2026-04-20T13:00:00.000Z"}, "data":
[rows 24 to 47 of 52, columns 0 to 33 of 34]
4.2397064815874455,1.1633611661632897,-0.386030885749071,-0.6146591283010645,-0.5065039520805524,-0.25754871059989026,1.163729541204617,5.087585871886335,0.7721566202746194,-0.009181135876355577,-0.6494845304394218,-0.627726679370326,-1.4087494933816738,-2.7731734291124637,-4.809318255603799,-4.2068800935218365,-3.208704574572315,-2.9936056673332625,-3.039177044859863,-3.1178498951702496,-4.7251182647401535,-6.416291983850383,-4.369283033742561,-5.641702430519328,-5.613194735663061,-6.855953311983776,-5.715384416763012,-5.990837533178365,-6.409891215318789,-4.277313986496188,-4.854662444965027,-5.248058964843468,-4.811806349469664,-3.921207024037825
5.202627359538666,2.7999106246337986,-2.7575615332347763,-2.5102711684826056,-1.967871060123603,0.6523445113257417,1.554888176242978,1.3474792281482995,-0.7035991467145581,-1.3152072563815271,-0.7098424877981546,-1.3194738007989504,-2.5880694922297276,-6.308326055681708,-5.054666200112116,-3.421719337622236,-2.369522721430317,-2.324317428107956,-3.157007853450689,-5.820402120818657,-6.021934448540924,-4.289604190838916,-5.2860279205474345,-5.331950443847075,-6.384007663949184,-6.1033644194054,-5.562624298484519,-6.335376672925258,-1.774494486682054,-4.43491056003501,-7.459482338173151,-6.516144691951737,-5.003302126345637,-3.9668646924746596
6.139086020362049,4.224766207012609,0.6855031947056748,-3.063805046963236,-1.1900411332556298,0.4826140037371931,1.3448037374360233,0.6757294863426797,-0.7178949167353532,-2.0676790121306925,-1.9132136667573245,-1.9575913754426155,-6.2128506742779965,-4.929122603162339,-3.7405633756967873,-2.768954822121473,-2.6654471948351093,-3.151237950611225,-4.801205741805452,-6.135540327200621,-6.34910374226008,-4.384944810185244,-4.74040776203168,-7.124720783880478,-5.899953977504768,-4.0882730667064395,-5.226819782184579,-2.1690355057499566,-3.9718344711698306,-6.063905274077246,-6.151908918211165,-6.5026095613587085,-5.926990962088993,-3.1982639151861396
7.913522659053188,4.1872431547314415,2.5279325138163093,1.2418006058030797,0.8230085703177908,1.0811952733667767,1.3291229938644862,-0.26054191999845316,-0.7724055817491283,-1.7941270270935892,-2.1040335049352836,-6.452303981853713,-4.3152657184155085,-3.379576681645027,-3.351490080384173,-3.0413133541130954,-3.444787194099615,-3.919641038737705,-5.456906366123765,-4.84475094617073,-4.739328778524145,-4.411436586193602,-4.76283214674106,-5.51374458512278,-4.851610559097174,-4.553336256447383,-3.070670072221838,-3.921904744598221,-5.839482196902148,-5.7799170598274525,-6.737728944478607,-6.5677357933422815,-5.404413889528485,-2.6783888416392903
5.705724089874121,5.6630114785266406,4.276342328244298,3.3514447734602038,2.2422199500825464,0.09122344334188148,-0.03978819879378745,-0.6604316068072954,-1.5266070502111964,-3.472869256123912,-2.5255474530166775,-3.9492281828641507,-3.3383207653392675,-2.8796002586470943,-4.234861864383144,-4.71083865300859,-4.24791221519153,-3.699176012151485,-3.7572138817684837,-3.924270839955552,-4.055887835329539,-5.3883914973204945,-6.400358188281033,-4.857801807399228,-4.6272751783887145,-4.168146722935751,-4.944241447595676,-5.442071057417881,-6.7418483504862285,-6.259565918025456,-6.5543896211339945,-6.847893290398403,-4.082589568504095,-3.4452936909689647
4.453992838507501,4.2185457958414645,3.7494656558245074,2.2480460762033587,0.194776114537264,-0.8192756720623752,-2.062776804313436,-2.222935021846164,-1.1486659203657792,-2.5983332992412222,-2.8784543951189994,-2.330192547498099,-2.4876986189450276,-2.9088804431575035,-3.95505605165277,-4.537869442292788,-4.45334292832109,-4.027739128352565,-4.278302610961685,-4.451791677704842,-4.571840886932797,-4.855239249635873,-6.513525003171669,-4.7679310952563,-5.129045049705169,-5.260556422154659,-5.769844526248702,-7.323889111473906,-7.793546812597928,-7.456387164597154,-6.350320445432456,-5.8270344375634275,-3.2000513116325555,-4.3708219759718165
3.526338078315496,2.423908456077028,1.702872475063577,1.182659191605083,0.558703114982826,-0.6592361812474657,-2.230684106897873,-3.5155488983868186,-3.9505967687104833,-3.9164273901016333,-4.396515355735876,-3.0427423727759972,-2.67221412170577,-2.279981562402853,-3.192517386468963,-4.08717638599473,-3.197731222297567,-2.4255758442636037,-2.7657042286201734,-4.028275515514221,-4.64162498624212,-5.169340603860613,-5.2432704411612745,-4.38384537757441,-4.389275324804806,-5.2470553398246995,-6.177417203209176,-9.084518946539097,-9.557162008164994,-8.535697391394416,-6.295110655817374,-5.4689723880310215,-2.4092085590472654,-5.26174731231611
2.906077024087272,1.4898104578791167,0.3414805198397068,0.06598905587916237,-0.4229133130380263,-0.9013446629078233,-2.0466432372851444,-1.6642819212010016,-0.4150531429155366,-1.362183674800216,-1.928172592949128,-1.8640314599936008,-2.9707188919670173,-1.6604588297576761,-2.4581585869284845,-3.964088830876441,-3.6949521901291478,-2.7164504564197003,-3.062351703354585,-3.528638862797466,-3.27943149887022,-3.3817207013014943,-4.322905247602217,-4.374136290101062,-5.173152827583244,-4.962567926868334,-5.8628250157978945,-8.831006683621048,-8.716115942435986,-9.386118844630625,-4.974399209159242,-6.420234488420217,-7.56421805525922,-5.78574415519069
2.554775927755376,0.9312909450149068,-0.24811760621774964,-1.1479356088512294,-1.245319266956254,-1.1835277460794071,0.45982752189674203,-0.12368537430510776,1.2514219976286125,0.39404503838847105,-1.9481529731694347,-3.5753100354543315,-1.48994640942964,-1.1922456636089276,-2.3382303599210763,-4.499934264549401,-3.071546420273848,-2.798220634587699,-2.2077356589143227,-3.0630884095259936,-3.006643744140253,-3.3631542368107605,-4.200965980204396,-4.030509941869978,-4.467836677374171,-3.848925279870076,-5.371540564220613,-7.404234294350303,-7.533518254104683,-8.776145183467962,-3.2375099360109005,-9.078329042121055,-6.9504234163592225,-7.887196286053853
2.1687263288269056,0.8407232771297903,-0.4123018477066218,-1.3180013559048862,-1.8903364042077688,-1.1293824867399405,0.7175744860580963,0.06625564083422962,-0.3308521093692955,-1.0800627816724213,-2.9576769217345023,-3.6763676507568963,-1.1904755888739944,-0.7509403017415374,-2.652078588189475,-3.486492661852441,-2.5951342056319042,-3.2700608441354255,-2.7152678203703497,-3.112499100846203,-3.4323697526572974,-3.4081683677221184,-4.4377471138535025,-3.1898550661914724,-4.388293918583038,-4.204287880210787,-4.8492118918500005,-6.039816142116586,-5.765497169220529,-5.153659002258338,-8.423923838828767,-9.442024963039644,-7.736933544417734,-9.194580215205484
-0.5769514914763004,0.1147795248019931,-0.4128486836244846,-0.02368872075489526,-1.5383412033339843,-0.7611386802304206,0.04743002963000588,-0.6006786406734449,-0.6137342530554422,-0.6404840926189237,-3.7435117124943855,-4.016475035720663,-2.7516039068520173,-1.6421840124347011,-2.346391723670421,-3.4117636646377747,-3.5549585880106465,-3.492051721057571,-2.6263748774337685,-2.551035770762065,-2.4998270122838617,-3.4019464908691597,-3.4472903322549784,-5.26116603339879,-4.016795699305055,-4.180395475282604,-4.859445058822992,-6.491498890169402,-6.763953381330425,-8.600566368926218,-8.43783739675876,-7.660319526212219,-8.70516034694958,-7.815480812596995
-2.6224293338444853,-1.5222159532823725,1.5128629951171897,-0.16285284938128014,-1.2564121246303388,-2.194029674011654,-1.6628723499142186,-1.4779437833420817,-0.666597210476026,-1.5846221121515465,-3.287689651295582,-2.7756075055076606,-1.8229765663568638,-0.9492079292571088,-1.4688667780726115,-3.169648350225798,-4.251360071393867,-2.908445938689624,-2.7590502882250587,-1.2979155134268192,-2.034429224315922,-2.646632589128575,-2.8235280743549045,-3.2283482224009727,-3.9114480797116893,-4.5901714781136675,-6.182912882893523,-6.8159995598246725,-7.964906816622579,-8.754465265192524,-8.688822481707218,-8.479799981453905,-6.633567383686781,-7.100370079991256
-3.8444355561573933,-3.900723038232711,0.7431626584927191,1.3940711083372441,-2.511280182820488,-3.053766967566788,-1.604749156280745,-1.4448208748904376,-0.9587349863694383,-2.0905120863698756,-2.9550665471949524,-2.5375328080491175,-1.9117451745877978,-1.6145292368617687,-3.352572635569799,-2.282508426605372,-2.2082563477050066,-2.4082067995608134,-0.7650981582041231,0.10253763135236767,-0.883470659221959,-1.6923869293138374,-0.06193270198783438,-1.7491208274597063,-4.215222623140032,-7.3225287669148695,-5.571992234745112,-7.11967305413037,-8.30045684835529,-9.029044586122508,-9.545194579981583,-5.899161204138596,-6.763779195902488,-6.7173024432653685
-2.1443431801128225,-3.7567449984077292,-2.943679937494387,0.48549291049061727,-1.4331935394933095,-3.782957562276627,-2.0287652701130687,-2.2646079925505904,-1.8055211122445873,-1.8292466441569575,-3.064315675854541,-2.9345763165891157,-2.735610420170791,-1.9656073779001508,-4.074240254680961,-1.711346640723512,-0.7324837554773703,-0.5250544959415455,-0.07026874833956412,-0.9882176734143115,-1.8175650922428985,-3.09361642063197,-4.927062218578099,-5.0285585697590625,-5.039749616820192,-7.044211423705801,-6.76230905261572,-7.298050222067397,-8.498733336440115,-8.85873702798749,-5.788141059303392,-5.6520533811554134,-5.0111379542907715,-5.408671235322476
-3.089273193208812,-2.691366661480339,-3.5698087160465444,-0.5882694072529854,-0.015717469450111956,-3.6528424330806835,-3.372637503886479,-2.5990207762940547,-1.768564736681374,-3.154293676723776,-2.8487911859805495,-3.2621125300522658,-2.1222406131027665,-3.574323676325622,-4.573232268913342,-1.2796918547581935,-1.4836582256385167,-1.6784337339869833,-2.7891640378822493,-2.5653363071304036,-3.238623032093556,-4.405103523472536,-6.245229733047776,-5.838569039206296,-6.055187180462122,-6.497520043471748,-7.219981406529099,-7.386266530978248,-7.544172814415122,-6.870395729572201,-4.721349999910131,-4.329401782349943,-5.054389540264337,-6.056948009892088
-3.494559102480138,-3.555574507347829,-3.550802039302268,-0.4750462089122144,-1.4156107355293757,-3.577782174280667,-5.548625730559392,-3.1697559147268506,-2.342829078952502,-3.491335510511976,-4.217763086826202,-3.8213710830828362,-1.9822701315926394,-2.4563697650232554,-2.8763919937419584,-2.493440661433888,-2.788849821474571,-2.5698509563683465,-1.509145302785319,-3.822065602071799,-3.995647328331589,-5.28335503062141,-5.918845690165604,-5.810381495342166,-5.14561925657989,-6.296270467855317,-6.925470170520661,-7.733237204400386,-7.078221285696907,-5.742422629502085,-4.819990437901024,-4.877506864551022,-5.445978391525919,-6.290472161879467
-4.2648294428472475,-3.853368912544203,-4.044137621802053,-0.5013325907535943,-2.0576693285664303,-3.972888889113316,-7.253893312482372,-4.32888486386413,-3.379003178286228,-4.483770377036059,-4.103189826824455,-2.265975111693577,-2.3820641798720232,-2.26062465388313,-1.7874152935244894,-2.9152804930756115,-3.3701546165778278,-4.388659759814371,-5.023807824505418,-3.6505312297379593,-3.764029401837783,-3.9118429418657454,-4.686371600031789,-5.649298462533518,-6.635409843722558,-6.5272124304482215,-6.2045934114549075,-6.615882309429616,-6.949921672166402,-4.720392580360875,-5.383560136768703,-5.61642357493689,-5.810185429470365,-6.167388614319687
-4.005561833347598,-4.9915484010557085,-5.99509368235873,-2.154675158916403,-1.8639724848501003,-4.315508369489053,-7.426152623618212,-6.534909288556103,-4.012148841597611,-5.223171902264543,-5.098203892365429,-2.6717652175472377,-3.875642677802793,-5.274226232460111,-4.717027396160043,-5.247352528017942,-4.655603184338551,-4.6236519982181425,-4.585950505273238,-3.739615218300143,-3.2798609786154787,-4.9758173445986005,-4.676465963029649,-4.239998652011728,-5.342105790520331,-5.63477912120279,-6.42693494303397,-6.809897473217233,-5.987066393013587,-5.664503674684729,-5.247411998554292,-6.560626225758763,-7.167666840913062,-7.45080593915706
-4.75167147463656,-5.515425552032925,-7.116693628163404,-2.2420372526771355,-1.4336096484605823,-4.897083886528536,-6.937761770285461,-6.808578210628431,-4.182524748726202,-4.5617623820328435,-4.681245767149543,-5.343671448029331,-4.5272115399083175,-5.367583383979611,-3.146029907695414,-5.094666208702822,-4.253153271968489,-4.495907808259134,-4.819941942271251,-5.685572438025947,-6.722985134038746,-6.446999238523853,-6.3683040861866145,-7.019493448806389,-7.501441950525663,-7.162964735459904,-6.189185408682915,-5.334677485863011,-4.209167252019692,-4.513636067198484,-4.916833614216946,-7.023576118170923,-7.272202762781401,-6.366691562770876
-5.81275267480863,-6.565768370599682,-7.5889512433329145,-3.3345048508435293,-1.7691129448656726,-5.399386876207691,-6.6320924574096,-6.569430442843505,-4.260388626784727,-6.457446617811551,-6.892703763711087,-5.628537923443589,-5.482284467894215,-5.809068701410517,-5.5311085151070385,-5.168027016470016,-4.895177949976695,-4.948897775047459,-6.283629814920061,-5.827157177306819,-6.72377925430843,-7.721684449907481,-6.558659165113553,-6.603737434145576,-6.226356488447174,-4.557475695679395,-4.211690826456291,-3.587867756211841,-2.8137094718817406,-3.3942044288706565,-4.675927168238112,-7.372007433605566,-7.069091550556299,-2.5846036847979654
-6.414644397312317,-6.914120720256692,-6.97718523121334,-4.179490019766301,-1.3884179296751367,-5.2174728808888355,-6.571410121351476,-7.253471546531556,-5.458952587685976,-7.037170157880138,-6.522716711438276,-7.482164492128341,-6.631517484365812,-6.838791304324113,-5.760370311165808,-6.489059468510117,-4.871531423524453,-5.0928025904901535,-5.770352878978336,-7.007162158040593,-8.644030417020186,-7.8811773307466035,-7.82396823508253,-7.453072855614792,-6.557219647970591,-4.294122160524831,-3.4231601766229494,-3.2568133529396213,-2.7030585392270807,-3.7333892368555692,-4.317883543939723,-3.59878433767146,-3.227666605163151,-2.7203181978669386
-7.340771612949677,-6.750354419690119,-7.522946672272242,-7.446029671290651,-2.4236286935873483,-4.95409540216104,-6.090527574774236,-7.691237953270473,-6.943331209860924,-6.752171343120994,-7.540968868551614,-6.472251726641086,-7.158257884723901,-7.127213241209057,-7.468384709409533,-7.250420797954088,-5.276566365293116,-6.375691502726797,-7.972115409049749,-7.5452007757121,-8.036607479924786,-9.549057077016927,-6.590187504947619,-8.27156520633948,-2.9654596699079123,-3.0248414643065225,-2.788365232344703,-2.407316768885311,-3.3350622679772193,-2.838430766927079,-3.577697936211022,-3.532979080438824,-3.490726515859886,-3.479105243029974
-6.934490590204096,-6.455859074771731,-6.947646598591271,-7.946792086936222,-2.763440637382209,-3.768052403956185,-5.407611476237719,-6.976818985114038,-8.03144540004323,-7.486766351709854,-7.972310627145543,-7.197920604111219,-7.515160469843728,-9.158292894369735,-8.672606462690206,-6.772572440240335,-7.80377755838459,-7.333908007643434,-7.5460681565041305,-8.134033375528375,-8.660707661281975,-9.337925979692118,-7.543278616535137,-3.617054896768133,-3.565375344032358,-2.738002315837286,-2.2754940904645076,-2.1393233872843593,-3.050463756393788,-3.1931104822321537,-2.983096002861782,-2.7412254084048837,-3.1062127264296704,-1.9894880707902742
-6.519358198576017,-6.3126178556991,-6.620281025504622,-7.608892297927112,-9.32621548431035,-4.213490284850425,-4.53393045535627,-5.709279154351218,-7.0974502871648,-7.472226883974319,-8.405534625868594,-9.487490819909898,-7.533182118876019,-8.15681068252825,-8.536814771807562,-7.472735147691924,-6.7433607845927455,-6.1797334128996395,-6.8822984951715656,-7.81017836173883,-8.044771828450099,-5.442842022219946,-4.849068322557678,-4.227902575426156,-3.0598985797213354,-2.7090497691463664,-1.9093916683743888,-2.0540362842685034,-2.43081484796093,-3.052437475804367,-3.227810793606583,-2.6859707497851724,-1.3370584148396971,-0.9599264084253555
