script/wind150m.json
{"header": {"parameterCategory": 2, "parameterNumber": 2, "lo1": 3.000054539987559, "la1": 64.9999836372058, "dx": 0.5, "dy": 0.25, "nx": 34, "ny": 52, "refTime": "2026-01-19T00:00:00.000Z"}, "data":
[rows 0 to 23 of 52, columns 0 to 33 of 34]
-6.77720682042547,-6.412107855502875,-6.227428455447551,-6.243261726203304,-5.613656373633801,-5.5395813750351035,-5.867993838692412,-5.847203508922715,-6.286458195336055,-6.6954938126218,-6.742980056114925,-7.3602152185435505,-7.819712203722794,-8.892600258463325,-8.638250605414004,-7.887562020044129,-7.19795544769183,-7.65590694326257,-11.026317127886008,-7.6282270496571565,-5.259131278036994,-1.9210729002271851,-7.701750153318549,-5.361423156659639,-3.639679767465558,-3.0554870015484976,-1.9278317157672364,-1.6369482075282202,-1.820232131563286,-1.5178390196894866,-0.4078535484034268,-0.260525069386304,0.8138340024616495,1.6354052073132759
-5.303875751026082,-4.703062893895308,-4.7233453860275745,-4.563761523584042,-4.9126803878459295,-5.155864910326333,-5.609977952633312,-5.727551403961605,-5.690340566736726,-5.985528510202363,-6.396267948691795,-6.520643859351977,-6.657010323602487,-7.938690227916667,-8.874541447693279,-8.772358411003417,-6.596423619157362,-6.939189299783153,-13.144029884541792,-7.613556421873963,-12.708694774419872,-6.768539112592302,-3.399734739591355,-6.019401078446768,-2.7597899079519856,-2.275288519852958,-2.093326367422531,-2.6956436486459374,-1.549290795701057,-1.1178114888563246,-1.1821331549522591,0.26343146628286773,0.5675416679279517,0.988761620066398
-4.587688193473999,-4.213573487893883,-4.086355993340874,-3.814773245153633,-3.719928773084467,-4.659073968646232,-5.2317281518092065,-5.363374598421953,-5.789467246390086,-6.039900837523831,-5.816657111574587,-5.640415881854621,-5.901735455584256,-6.865407755018407,-5.507401868191955,-5.859666026558722,-9.59464254520704,-13.400821055669605,-10.091812162166057,-7.192755153203305,-9.275013744056169,-4.1673099128661235,-10.038638815320112,-4.780597170543936,-4.314216423333366,-3.228277490779792,-2.9243949974764236,-1.4504849573102472,-2.0289494709783695,-2.2068685022333407,-0.9447993700766391,-0.3843068567739112,0.08886170256257554,0.38635715913790464
-4.461533532650213,-3.7758302444347653,-3.4009682187869275,-2.9564551055350554,-2.8326136197721645,-3.7709321208424322,-4.303519034292174,-5.440687037004984,-5.662933254792493,-6.161640348314735,-6.4769415840172995,-6.479160310966435,-5.871039878091806,-4.189420129993777,-3.7135461142356725,-7.543031450764389,-5.628984605550342,-7.270537796999911,-5.430015015128235,-5.749453353886644,-4.748163190986656,-7.754796586810307,-5.6103491625029625,-3.0726100138981947,-3.2834856748833405,-5.462635389001441,-2.8026471473055223,-2.1140449433270967,-3.0826526586018588,-2.5391586570311095,-2.3614591630935022,-1.2143218010513632,-0.8338408366655907,0.23928413333673332
-4.850440507057034,-3.8891918540081347,-3.157052092105463,-2.6278544457619644,-2.1333742060777516,-2.3338568461927602,-3.8189564368884725,-4.9939998468279985,-5.736977370644602,-5.445597531033754,-6.908824883813195,-6.611900901810363,-5.913448855964883,-5.254170644016056,-8.211989668725737,-7.413612193003064,-2.9722748700295343,-6.684813861236492,-3.578892822485692,-5.033214701643423,-2.230857606757936,-2.300118707149174,-2.495609183026825,-4.740034086245612,-3.9141282891552174,-4.682058634548822,-4.623871718484377,-4.333548376431865,-2.581452478991882,-2.896640708352414,-3.527216675403337,-2.5076150255014467,-1.0194094133729694,0.1773816311066011
-5.287531606895966,-3.8786082484097824,-2.9658101674023754,-1.5417243082767933,-1.7257141441213435,-1.7317230935337982,-3.3935392525165096,-4.831262344713368,-5.211015826847069,-4.559722568955707,-3.673170548259883,-3.588752529246575,-4.61421195197717,-8.167669817352433,-5.393327362735831,-5.829397901630623,-3.6642412271384868,-5.079065567594245,-5.665906355832906,-7.213168272901038,-7.071097020005772,-7.167815913952367,-2.957975549971815,-3.8586647002571977,-4.445919324393445,-3.4503596716424085,-4.82052546298007,-4.013435523514432,-3.8897827386661046,-3.311441805652653,-2.0534927386426722,-1.361238394015563,-0.441562801986469,0.9566531050083612
-4.62980431181838,-4.023477078645431,-2.855592752483643,-1.3375641656988717,-1.3691340598286408,-1.6692368875713082,-2.8332294007703447,-2.786343750203183,-3.6853691549209397,-2.9836306616079518,-1.7340387740410657,1.9546917515726427,-3.698345265614139,-6.404416243782333,-8.077767043780918,-4.7267262016874065,-2.49120437460671,-6.188528339833429,-4.757951409783252,-7.878955862910748,-6.080243807772724,-4.093171915779526,-4.103600455602936,-3.4253586259932596,-2.005547552050703,-3.0942276546847065,-2.347643030550005,-3.6854871236043905,-2.864072333288426,-3.4392038153659374,-3.21559395162019,-2.1655997798940407,-1.904914255186889,-1.062321867285467
-3.0112276784465104,-3.9137399314872834,-2.4686650699467503,-1.3868176066069393,-0.5940450342997611,-1.0251263438821592,-1.7837415836844728,-1.9726795658688994,-3.32929564507955,-2.6655649575135096,0.3805285758402309,-2.411974230616132,-0.068417254005458,-2.9490154854703174,-5.421236545904004,-2.9551094473524713,-3.4981278905171083,-3.264634556785269,-0.576067005287709,-0.7731839279988394,-1.8770677901799437,-1.7496543934099456,-3.7075239463976,-2.631152819739568,-2.623085117812937,-3.1020387400325466,-3.6643218988093933,-2.3130630711373303,-4.008629057953164,-3.28255991382939,-2.367989236644001,-1.5975155065825069,-0.2402891561989731,0.5268143596424636
-1.8485623203276185,-3.3087567571880476,-3.235775334273709,-0.7865806065279142,-0.3985738755206786,0.3785062103547086,-0.33497364839656013,-0.04851181082161488,1.47766413289549,1.6150287578160325,-2.7500294887556893,-4.211150260741744,-1.7276626158752726,-3.728416575237783,-3.222471979166453,-6.092305711478299,-5.976363830205541,2.177646879192023,-8.04163044861327,-4.269267302532547,-1.8899450639398467,1.0655354370127712,2.351338625598497,-1.9213833571600283,-2.740183970173473,-2.983062986687841,-2.658088938942853,-2.700152866722974,-2.187411194763721,-2.4783704346132267,-2.788218424653768,-1.5639921960748489,-0.6556772643323827,0.5075873354571883
-2.3309614513446846,-0.7058501776139079,-3.61979157074424,-1.6978985602902106,-0.1783253144076329,-0.30735339041733073,0.47143912810297006,0.6224982814332007,0.05014476754261016,-0.9316931011761578,-1.204503917239921,-0.03067495426685867,-3.652567336461653,3.561475195749311,-5.943125196864568,-1.2043179392002723,1.0959589415175321,-3.9113510130319162,-4.514996471791305,-1.5684644269835464,0.33219824748548327,0.9633422497925143,-0.7846628992853654,-0.6252046349439704,-1.199186527627004,-1.540818749657501,-2.500635185982809,-3.200503268173224,-3.2074448727508034,-1.5627062213614018,-0.6739807182286337,-0.24022294114733903,-0.41924155279834263,-0.33358068460835194
-0.774315349391124,0.37306819026224564,-3.621086872939928,-2.0880424077289717,-0.362965443173884,0.0670581306506468,0.09346401401596956,0.7361480005107867,1.3577966830143808,0.9640388413964113,1.2421571938828464,-5.729834571213234,0.5856680179232153,5.099436917670106,3.908114052755014,-3.444962452742867,3.160498717350913,-2.722303785465956,-1.4409794455526226,0.3286172982748682,0.8862943675795135,-1.6079842682024175,-0.022169452541114788,-2.5956523769293818,-1.0475323434568833,-0.37079226477863864,-0.5788907892077986,-1.8787420512500366,-3.0989206318950955,-0.6108043172810854,0.9399050280884559,1.4144063815222558,0.0412754247289057,-0.4325498995799223
0.44348953452099343,0.23213396329662864,1.0971803518614165,-2.077307812094996,1.0785131174110691,2.9293878971978655,0.43767280411083487,-0.7337324573505178,1.2591103533984513,-5.651115819176694,-6.124930434050899,-5.529958195800288,-5.347633249687315,1.9298025768776803,1.0659663154834846,-0.5189253159768447,-1.322990954965653,2.3923138933114814,1.7276232705173062,0.7970212097172881,3.24158849167806,1.68228705476496,-0.6101528398544434,2.7174740423915957,0.436653689733126,0.20603778205559245,1.513521713054674,1.4815192088800127,0.6144258419859753,0.418586842313229,-0.39133535919472784,-0.2581637907997522,0.4414115405954461,0.39005435453369613
-0.14613412061992673,2.4467749626727042,2.0857818015930087,-1.5803875817981,0.8203162180382347,2.823270860496879,1.0434692237128673,0.9782377335102208,-3.4719631911809166,-6.884779286212843,-7.252683554445036,-4.715237991219193,-0.4729036812630875,2.3046313541570984,-3.864582629371334,3.207551983791683,-0.9856502487250026,1.4622967496968804,-0.04124572249337261,-0.9184210156235457,0.9525204385027632,3.901188791532038,4.370607319061573,3.1523197842019766,2.5236065969721686,0.5834936828543245,-0.7422722093399001,0.9143493738682258,0.9997892838320925,-0.22402961753970174,-0.3531219138189707,0.2994759574509994,1.3271095089207048,0.8316252221739766
-1.3584675216535018,0.5033728907905929,2.9633665080392073,1.892575460167938,0.7492268065327329,-1.5197521936241691,1.197983135023609,1.2418579541126349,-10.57780503923274,-1.5977948936156394,-0.10106829304219728,6.457085039308986,-2.1971244435270267,-4.538377335903736,1.2984917765421662,0.2178234055862774,0.36376631982394153,0.35864490462583026,0.49279132215936056,1.1052499369287592,-1.0650362094282655,3.177206741737959,2.2838466988918986,3.551325034317821,0.9007380816399679,1.8573318268212902,1.2957588841629635,1.1695755903619292,1.588535350321148,0.002129806402131888,-0.37983126647845666,-0.042671157164860606,1.1102090335761523,1.0390751147378456
-1.4032071532107262,1.2224816641562115,4.097444740506461,2.057124150102603,0.5475214862503336,0.7298215389920367,1.163324424832882,-8.053170169146908,-3.0908468764401014,-1.775675263482877,-2.4635041259002954,2.325982076172069,2.439156967379525,2.0191192627646384,-0.18071904814873216,1.866153709302441,0.2356365712233869,-1.1155324944751521,0.46747342369108774,0.01712358312806371,1.1410194216965408,0.1238845628286564,1.3469087576021794,1.9640012508773974,0.5071303571625442,1.2664560566547192,0.46769335398992995,1.8412552682646934,1.9485867059725452,2.842319124252048,2.9096096566137475,2.050489736437498,-0.09503762709983893,-0.06526172940274187
-1.3839140082248294,1.5165149967692795,1.6014886567278117,1.5117250505770519,1.0471613256583328,0.30700874577767157,-6.0006290131386,0.7756406692919493,-3.478367007300633,-5.929065986916366,-9.195834656302903,-2.5727209732489205,-1.1521601212494534,0.8418001964505821,-1.3692840687024246,-0.2511259492692873,0.3788629961649629,-1.3428745384338923,-1.6292287914028636,-0.7625603405076014,2.524746216247797,0.3760023975628331,-1.378610164636034,0.9216004389073644,0.34030495027301455,0.34341641529395533,1.3587695094929684,0.8828424652327805,2.1342666477220393,3.3187599692995535,4.408947119413118,4.374932854280046,4.028053486120667,2.082869865247235
-2.1333896084607953,-0.9627403274129157,-0.6576905818691132,-1.7007477092156587,0.34025652835908016,-1.2067745831972607,-6.981782719174366,-6.437635201385994,-5.6205192219022555,-5.08459721023917,-4.3054880124671335,0.6966181375421238,-1.5027547225374118,-1.369701633087702,-0.6049568807368877,-1.152757701875706,-1.0980818810155522,-1.145839413178872,-1.5015943250715071,-0.6344858650974533,-0.06635664240623862,0.043424628122773735,0.09525600298388842,-1.5154943970560728,-0.0155407902358762,0.0984232156969299,2.034123447451198,2.0953029473788116,1.972823993866526,2.9641755531495377,4.455457252992496,4.28357322747967,4.792237170436776,3.3070852764476437
-3.8942928667514076,-2.1998477463828356,-1.7995487165232942,-0.6309415433886396,-0.550635815208399,-3.020669092483586,-6.685889763224709,0.6208294897397186,-7.420833069541667,-8.003422576457409,-5.810169478962634,-2.393130741588315,-1.245985946166694,-1.902022090956854,-1.2627298739572024,-2.456957595173322,-1.7637058790140758,-2.1069781182612406,-1.493219311122966,-2.1782179602990017,-1.0903748056840692,-1.0063065987788464,-0.3612530718778037,0.950496922217738,-0.6760623398720751,-0.7025017968211913,0.5583738649173564,1.3347962007567675,1.8129363548311035,2.194505591149716,2.5209110278712465,2.968217019842492,3.854321137971821,2.9156190678693625
-5.341405327680525,-3.331604149003908,-2.2653805676220298,-1.0461882455288778,-0.9605077839141825,-0.09990973744319505,-3.8171155016401777,-6.371112041011061,-14.01126733909668,-5.702082531518552,-5.8515565327994,-3.907241101992326,-3.9726532528258542,-0.925102183327966,-1.1588559592482164,-1.5526998807459584,-1.5726263034995458,-1.6710752909042135,-1.5916336311044825,-1.5915666977438128,-1.755585198398641,-1.1886322134280116,-1.0930079559078663,-1.55350290183159,-0.5956628186454365,-0.3696324524611259,0.09035833441419666,0.7013278094359268,1.1801795381772628,1.4733740721733763,1.3853018764876963,1.8048832429383275,2.617885151321594,2.1712591717347025
-6.258116956826968,-5.522973179407013,-2.4531104394035532,-1.846781648045306,-0.14778002021084052,0.3072199572372642,0.144347764773335,-2.5381363706118147,-9.098912696664396,-6.097270237591882,-4.938305293453282,-4.038724544564988,-1.881279819475315,-1.9574504210080013,-1.736379477573874,-3.567796921761523,-2.3909979595824145,-3.145290735246014,-1.9387752954143767,-2.7543200098979312,-2.130431659346782,-2.839580247195613,-2.9823436173209164,-1.2950911175536268,-2.2312589269812944,-1.067735713516556,-1.0707067526379646,0.45841136950554084,0.9763656907317864,1.2180726200555025,1.6128431562962495,0.4243552813468561,1.5701294750137322,1.563713003740262
-7.321752532712175,-7.12605417126916,-3.7899036643408883,-1.932252949604765,-0.005184392194780054,0.1700473770823002,-0.5068318282878482,1.1037895530960626,-10.511216169022068,-4.184816754773519,-4.192288041183286,-4.52170433411345,-3.5717871645279815,-1.023181319872383,-2.6289365544103864,-3.148869560079489,-3.3685569368101174,-2.8556223466663964,-4.0885477908913135,-3.2313906118948315,-3.194982643390573,-2.5865795765074604,-4.160120027687357,-3.140890610087875,-1.5292831773795075,-1.3329941861719137,-0.08345557085168444,-0.6231628429495499,0.3811669374478664,1.0753286714765204,1.5121379153596373,1.672378842662727,2.020061836900142,1.9640888499329638
-7.863762165987929,-7.437560761369151,-6.411961574658177,-2.760247088135769,-1.1323805523540227,0.7293179427707169,-3.882976296485254,-13.70074243771921,-13.030700112960172,-5.550806374307035,-3.058575466645071,-4.788779691186983,-0.49941174233771646,-2.193870145943295,-4.027487738328839,-2.559098857843483,-3.799739729867002,-3.759827920933624,-4.3642067039020445,-3.9239160320907187,-4.577440171540244,-3.738217712461257,-4.6237030485072586,-3.767492794214006,-3.399852230902852,-1.5777269004214352,-2.2748551948231195,-1.4885551056158295,-0.34994781109493983,0.34241612517647674,0.805845738007472,1.4117092520211023,1.7719295165261608,1.835833028490281
-5.9636852962476015,-7.693115664879343,-8.519661828585258,-5.680932878643961,-2.122437801085549,-0.6721976899224357,-8.860289269241793,-5.607817668881816,-8.407209956094379,-12.522734797718735,-3.310491805030426,-6.039963642787178,-1.830080383791944,-3.7915642038231026,-3.9142573124530182,-3.5365146818137907,-4.416066287654247,-5.141274210410653,-4.16936618635208,-4.6871785214740544,-3.9107979755095785,-3.913131269083279,-4.781811464468075,-4.487153220681971,-3.700884568570412,-3.9466721049193865,-2.858971182736376,-1.9766193264689589,-1.157259957323917,-0.14786509882145102,0.3495957587416787,1.3425742468130097,1.537096421900205,1.6666585338914097
-6.180948761214006,-7.6439994981080615,-8.40771171347841,-9.539559347190213,-4.381289818069985,-1.9757392077015619,-5.5596247918390045,-16.8140830510212,-13.345505395867994,-10.687041261579633,-1.1514496163252494,-2.8150256311434707,-4.482803496150455,-3.343552562496725,-4.596158374322596,-3.839191535382532,-2.9773685684510274,-5.002071532177654,-5.014260544360364,-6.267557015435009,-4.637634103817878,-5.004167684484523,-4.2291360203345505,-3.9572980322848856,-2.8037713281726577,-2.6668084062514015,-3.001920447261021,-2.5474346322192725,-0.9612206426225253,-0.08955171907685207,0.5095571221787437,1.19684064085424,1.7647088059337255,1.5127473933371456
