script/wind350m.json
{"header": {"parameterCategory": 2, "parameterNumber": 3, "lo1": 3.000054539987559, "la1": 64.9999836372058, "dx": 0.5, "dy": 0.25, "nx": 34, "ny": 52, "refTime": "2026-05-29T00:00:00.000Z"}, "data":
[rows 24 to 47 of 52, columns 0 to 33 of 34]
14.036095945342055,12.446622864171017,10.646463521873196,10.447153421588476,8.615762964732111,6.925524512311977,3.5670316465509058,3.415029229789983,2.012306474414322,1.0095077814729008,0.7528541383677821,-1.7001031780897964,0.15178613971157834,-1.0009394813345611,-2.6369848762798402,-2.3853118730164002,2.0652572985056796,2.3406392732019317,2.7890314760624517,2.115343294089935,2.6192191637956057,2.98232616886688,1.1781787791352032,-1.4150966855073632,-4.168962054183438,-6.209124437268585,-6.413520987126524,-4.771568380622444,-6.756747610044688,-2.5502999106791573,-4.310662718642782,-5.127950268377405,-4.939596329388535,-4.037376713515387
14.502918916585177,12.448885983710634,10.6773224448986,10.084216634706072,8.981308476561434,7.620485937016355,5.869746743810069,3.2899544275532397,1.972241031731574,0.4548975156439806,1.7854594503601198,-0.5277348301360795,-0.8901536306323048,-1.5032774638195667,-2.2786669075919805,-0.0058841241835258535,1.8383368242847888,2.579477348512383,2.4078281009663614,2.506473446399483,3.1631764814405514,2.5011376592654266,0.650828144862131,-1.6124430796012648,-4.199679896013197,-6.316008946776218,-7.701787474166538,-7.457295718925728,-5.91820849493666,-7.643248120382931,-6.698278782639688,-5.844381161581213,-5.700611109515081,-2.55714465983232
13.795262774416566,13.557509211542374,10.369539061832297,9.410323081540188,9.064248561915333,6.287407761497519,4.49513282775149,2.0853147677665897,0.8996048247139594,0.8412589782189978,1.2542368303898412,1.0053868752777788,-2.5739277971764287,-3.125331414482325,-1.7175849859674597,0.5617380100092303,2.0790304164949056,3.153461499694812,2.626272292690904,1.8113692855695795,1.9220104157750022,0.9367818593365992,0.02747145713420034,-3.2951915783855523,-4.953929847179077,-6.097547550841374,-6.879790197565147,-7.116930982419167,-8.239274506888798,-7.133735952751253,-8.820276778270662,-8.587305374633253,-8.863670899728087,-5.106899885441633
14.379486494581764,13.33022806021138,12.053805875273467,9.563795904531938,8.540988580990684,7.071204634917758,3.5928426040291184,2.225889193365479,1.883846820877862,0.21494049422948788,0.0809553409719949,0.2311479688816561,0.2983842982101568,0.7084565213027418,1.7540384936536377,1.9938247291912272,2.8912882167627454,2.6288782814357434,2.0264884919994426,1.7072354743325298,0.7134844553266555,0.05881348161460633,-1.0032977125421803,-3.4083183790113836,-5.109222775300836,-6.6602067579588615,-8.464981606989321,-7.87157849816765,-9.459203843163937,-10.688147742979647,-10.362441002255954,-8.95460161735247,-8.638852459328534,-4.715900159679102
15.658832974473349,12.915111033372806,12.294869192954671,9.746633282910581,8.071387514550437,7.576164732857355,5.483035254975603,2.148530576576411,1.0220932704449324,0.6429546440739782,0.35735218861902385,0.24337797198905872,0.9522220025946455,2.1267350820624946,2.67129250113858,2.787333644180334,2.6098950015988267,1.990558389781535,1.9144576641131943,1.8346521457785008,0.002132054909924575,-2.0349980772561307,-2.933192347711635,-3.927475838597677,-5.042923236479721,-7.244444264059129,-8.85728749332187,-7.720042555844913,-9.37588766457414,-11.37199669673597,-12.569147109258166,-11.34413707378815,-10.162807108549098,-7.1640238207859595
15.63006904916871,13.866315622101697,11.866158306077,11.01464812341457,9.151015825341327,7.4081214212847994,6.081070842225055,4.569636463503522,2.6758377070825206,1.0882673816436927,1.0137474160077788,1.057010727356576,2.7243134930694186,3.3971010485047524,3.1097483694149166,2.513175762123615,2.0273551302746076,1.9876158316287036,1.7802343335946698,1.233371549129121,-1.2168170517727477,-3.715397713736159,-4.450996951277462,-4.229581277020137,-4.830672657290998,-6.77436804846295,-7.982867380786503,-7.758133297151705,-9.18036355484541,-10.288554104217411,-11.488326831517853,-10.032438116496454,-9.076546337551978,-7.5064801385140605
16.316170350307594,14.205593030864728,12.341733975627692,10.743874358282685,9.176270723645398,7.818715683450648,6.273686705170118,5.573080044982178,4.260299910690501,2.7478630514713074,2.3891742451892037,2.0117329758052334,3.8901956174108943,3.6283810357677195,2.9687847972821575,2.4060840482341757,2.2483839945864954,1.8233540733776605,1.4438353842220932,1.095208369058792,-2.9722739773078275,-4.778808767124709,-6.360838255042976,-4.467275973691865,-3.301265122194177,-6.237017738150182,-8.378389533626196,-7.2422285867360525,-8.53201846203162,-8.672730635276109,-7.962749176895815,-9.002956189247607,-8.549088535007673,-7.324377740786272
17.201690112838598,14.722428712933139,12.659741567624648,10.908654699329198,9.489573980748524,8.038903241177787,6.39308849180295,5.535361995919328,5.2666678811885275,3.754227846230774,2.948507701461415,3.306159671996776,4.158736070481822,3.271091644508514,2.8548054617821195,2.8655686338460367,2.4725821767235683,1.3881913881127,0.29967672311184534,-0.3927026486856541,-3.6120985763715443,-6.414233332001409,-6.394241100352772,-5.589185142685559,-3.9997373459376697,-4.933379730384744,-6.796078071813434,-8.172565926576357,-7.290000627081743,-8.502298408242563,-9.566587046427127,-7.67918330514301,-7.353248726670057,-4.834118802747554
17.63779388724588,15.63156807955266,13.48792117909403,11.36627556687913,9.533105873485585,7.577240795672356,6.48233626684436,5.331805421059065,5.47131484650338,4.600330644395468,3.731619727689988,4.3854415954063946,3.805380659705701,3.1708626089068876,2.676957742148954,2.7925881040475224,1.7409109055856369,2.1785206749072294,0.4195662800130329,-1.830918614046296,-4.753037903736883,-7.276114625405277,-6.459496699913786,-4.833255849027318,-5.3490956551275985,-4.642676397199226,-8.103780972832322,-8.05298115703176,-7.735052738504315,-7.983915180823198,-7.706375126086514,-6.0308446285891355,-4.641956030879608,-3.5580123774494608
18.288762866537436,15.821253855743674,13.546185413614293,12.009508623753144,9.782351296641828,7.76077970192963,6.343901445425457,5.551587987947434,5.429380928713622,4.872852874238323,4.364307122817996,4.469196853971497,3.4618141168419245,2.865276735662156,2.6914897897604684,2.447838803528276,1.3160688912479839,2.2688399444307987,0.020062536262333498,-2.3378458178536086,-4.864073624033177,-7.81987084356758,-5.997754980240522,-5.390789695990779,-4.939881463571011,-5.85927327913616,-8.142008106283523,-8.230542105229832,-7.529830014310878,-7.882706566481196,-6.333583191719751,-4.744706683677026,-2.1915980408892155,-2.646438548479371
18.638399970463848,16.151056799174814,13.827910551706648,12.350362540379276,10.490638763725505,7.965524140965007,6.782704315316578,5.970186618065597,5.000153592136415,5.07472670328308,4.9240734029473145,4.499098824254891,3.6630468602221913,2.353616177977103,3.2283610558573743,1.9945178370110763,2.6356102298479143,1.646296138399114,-0.3794709255824681,-2.002405775102877,-4.900258283813782,-7.183509719850794,-7.059342619097564,-5.867775116337345,-4.334922397183401,-5.7253111863453725,-6.829403355091016,-7.948028140339798,-6.919444864238188,-7.448249730644639,-6.1407049000671,0.09760823873997422,-1.4338255797967776,-3.807382301207913
19.30707844904582,16.92036518250521,14.55784582096167,11.933993555848218,10.427817567436158,8.425499762413027,7.034641399809519,5.9798837081162635,5.104027283962122,5.420910315973584,5.042817086984407,4.940692549816544,3.10709928097015,1.9919480738805606,1.5660481499845482,2.6058063236761386,3.1167650280922192,0.9000362512416753,-0.402945192626525,-2.5363939860341187,-5.163427572427732,-8.361058577404275,-7.966891884758845,-6.870926409392214,-5.535018310143755,-6.141261999206887,-5.745489369972523,-8.47139256535132,-7.758261769810815,-8.183620084805353,-3.051591822623191,0.8284604716059579,-2.2652332778041657,-4.562449114409351
18.679910130576257,17.165919996156,15.126085448313642,12.794533406825366,10.35153355052998,8.55451696747071,6.5728442889073175,6.04630627628403,5.736480916061895,5.383948603728843,4.3938328919661105,4.782804357183829,2.9245356851738578,1.2207282782004019,0.10236215335711361,0.7783278781198906,2.6443896695285574,0.9434452425561591,-0.9994800821066601,-3.811460827383364,-5.5369920652770395,-8.426278029991245,-7.958746565723775,-6.749898844654829,-6.770897335292974,-6.4998631143664705,-5.464522472956113,-7.512506999129845,-9.606213026995967,-7.929202924369729,-1.1473468975430698,0.9930435019057192,-3.343836343066243,-4.072152938235297
19.037793143169353,17.775373578198536,15.182207515760432,14.27198443540713,10.815249457452254,8.876833212162863,7.089805499626214,6.292641943374923,6.095818004344236,5.531918135738434,4.600425098320026,4.967234855519487,3.6409683232436594,1.4692121112795369,-0.02887928915441455,0.2949899745908295,-0.07490323082340933,1.187193766040204,-0.027456994640793667,-3.88377652928451,-5.575601041461897,-7.535668393669722,-7.866779686908252,-7.075977267282799,-5.457316905642883,-6.221416249741101,-5.9515758391594415,-6.797597309903698,-10.365908654994733,-6.112934958000385,1.0644069668274783,0.5514913752282258,-2.9918061197522796,-3.188841168688157
18.92744387007435,18.30174776911104,15.28801511212935,14.343752962317929,12.369918737447072,9.099190238742493,7.574089698590023,6.334591910580894,6.143398928510796,5.5308497464755115,5.384198100885918,4.7298490501150035,4.868175743456705,1.2493632465220614,0.20223715420973656,0.08635652313043728,0.07847488433374572,1.3969128499883339,-0.4052655000810575,-2.016620277985103,-4.6858254734317395,-8.022775196722929,-8.364353190448531,-7.372059320442023,-7.05837895294916,-5.782135588156276,-6.741119904610294,-6.346322535559063,-8.648293967256707,-6.605020825084432,0.9409254511814247,-1.774596114991995,-1.9080337602981305,-2.7901522967516454
19.721968550293884,17.96141291075088,16.51008093207814,13.96375262278293,13.280493793422934,10.17193594483977,7.526429769006199,6.10583916795447,6.380270613610395,5.682695730656054,5.683581790014721,4.293206967360434,4.247757265596658,2.90356156436095,1.8813593588240536,0.7597620190000833,0.06960798467337823,0.0861007520847853,0.8027252253709732,-2.195639167599986,-4.3989041582518515,-7.226904633149814,-8.11999405774707,-7.603085878100251,-9.695217423215277,-9.120493264649497,-7.437968500066413,-7.363680455227333,-8.235059508874484,-5.479056753526808,1.192580748307988,-0.313490119631351,0.4255731033772358,-2.918695036892996
20.384137792379708,17.590951457764525,16.84220716085218,13.69537506823529,13.16080561524298,11.137672478291256,7.998890752519285,6.262144234594469,6.09853392899115,5.363922834390992,5.1527731442027065,4.571252596989509,3.914054962337406,3.5672037052559866,2.497040164077661,1.2975190755608166,0.43314287253661293,-0.09115016945890686,-0.01874290880138712,-2.7890305230730528,-4.81725394782995,-6.5595381968721655,-7.263811412756576,-8.012219438724204,-9.091511114641545,-8.599391324396455,-10.377670004095457,-9.060606477159935,-6.630881346103094,-4.565933235381666,1.7330312526927143,3.263547396667601,1.1379542313242794,-3.3781388120132387
21.05557191820783,17.779946259498736,16.531949652865798,14.828620393917545,12.736733082292503,11.912110859557448,8.878573061963193,6.161137416081501,5.21630204371108,4.872964947069212,4.857165203594041,5.6085375356074705,3.9882123835992727,4.274165132206071,2.535967489172871,1.6835652584856928,0.6148933844208396,0.5321297141171057,-1.2928946433411372,-2.8312902972125986,-2.69112433570831,-3.3023370216831416,-4.876376402199523,-6.96684051764668,-6.850934169665389,-6.711937998128771,-9.043403664234619,-10.284402735435561,-7.35473608835699,-4.49397923664031,-0.2608142562083722,0.9917420931953665,1.8612026244978417,-3.1099021045571598
20.046312199560646,18.093721536401272,16.327571027413057,14.257253456099141,12.578498004083006,11.516940452859828,9.609466362695994,6.425584604436528,4.875084889619704,4.644565857406798,4.548768527586841,6.096398023061309,3.756678184410428,3.7822458019344927,3.5546778715581624,2.5457652407540095,0.4079679452571727,1.3506684714313775,-0.43500314970515724,-2.1599351301491625,-3.4758086737523386,-2.8395631748215773,-3.803872502118052,-5.122758916764776,-6.079254660267114,-5.034163064580368,-5.261649840624724,-7.970081400369092,-9.944854103550519,-7.96962911769455,-4.539696762765603,-2.2828405525647035,1.9881265832283002,-3.292828065826638
19.148754103811005,17.62265875097997,15.763206344498677,14.340929717618243,13.15715473065534,11.263766007034341,9.809735310759985,7.319721111508989,4.72114311944743,3.836420036442427,4.25988661824332,5.127383645345119,4.245677925473932,4.157526873201142,3.9587891139607194,2.876965611384487,0.7393494236582556,-0.4905347791181567,-1.2100327372593758,-1.6658378393629052,-2.39721257824222,-3.474491389001901,-3.6493330481087827,-5.353079762311991,-5.871113781146969,-6.2927401401038825,-6.331523992519919,-7.397271489588859,-9.362929997950529,-10.483714331886837,-7.463169592861674,-3.9725428200201396,1.6148986314590934,-3.036040582113212
18.917506922387087,17.546627437581588,16.154509432313713,14.689322247670466,12.773054307054629,11.50833099554071,9.54310114654565,7.699565310242145,5.372569963048884,3.287763673044505,3.4101966421474237,4.230764894991365,4.468673111526631,4.3883477788561,3.4627214686026746,2.660809727767872,0.821956407327425,-1.7220817180187244,-1.4288516007489471,-1.53462502339984,-2.259863398595937,-3.7947885037965654,-4.19383756480173,-3.796052443113965,-5.3805507608305705,-6.162979948316367,-6.485649233487607,-6.553911656313094,-8.371066637933247,-10.835682190676552,-10.122053477500124,-5.818671559659479,1.0230081322587354,-4.370756285441979
18.840590028621477,16.935747907262737,14.986886462720399,13.881105367857543,12.828775194740338,11.826880615871417,9.84495016907017,8.221795107367466,6.554817822554053,4.0288321178566155,2.296025406842234,4.629716415920575,4.932276673583801,4.112409264935238,3.241043733526627,1.584476785471138,0.8000228499939613,-1.302362466376273,-2.469640111087836,-0.7996413768253048,-1.739860557740799,-2.531948650502008,-2.424107713687252,-2.7458868418042703,-3.1099616281110203,-4.455619227036514,-5.657535029332421,-6.693525756025461,-8.046930884267887,-9.389499948363449,-10.015424098180647,-4.657436049332956,0.07142322551242028,-5.083588492749282
19.03918761807374,16.57922353699237,14.832385123899785,13.418880650230637,13.377019225055117,11.57535323753086,10.056246424938521,9.051438327578637,8.13711409396078,6.186223716246314,3.2663213248998897,4.67483623700233,4.841684908076815,4.59723005191532,3.9197592184171612,2.7514583423927976,1.870324965896002,-1.8198128850776356,-2.9692374624623272,-0.522731081990693,-1.6756367976477442,-1.0769677395366266,-1.664480522419152,-3.28814071745187,-4.8238033302952035,-4.81881974423411,-4.3007765457757285,-5.053187589571127,-6.433924078258816,-7.9267070257811945,-8.647747372474859,-4.180701515071454,-0.7555122090579448,-5.305251139010249
18.836728963607513,16.746913371850127,13.355719633602643,12.593937771898768,12.12604602136367,11.065177105815748,9.840622097083253,8.948605033781691,7.674367068363078,7.980366454365471,5.254089918609447,3.5533148225135585,3.937170947596564,4.12069420797876,3.518837880649975,2.2116057611617195,3.4029628816504074,0.49626438381166993,-2.9437629415684676,0.2637644570713832,0.13114877530145208,0.1399439639186385,-0.5955348161751987,-3.4280808190030285,-4.817416579090565,-3.2919801232771326,-3.537657532911417,-4.201411438204171,-5.247170576386502,-5.740151594811874,-6.732870399693866,-6.590654210184285,-1.4715056799482473,-5.133829792770862
