script/wind50m.json
{"header": {"parameterCategory": 2, "parameterNumber": 2, "lo1": 6.000198445256149, "la1": 58.999992894266676, "dx": 0.5, "dy": 0.25, "nx": 22, "ny": 24, "refTime": "2024-01-19T15:00:00.000Z"}, "data":
[rows 0 to 23 of 24, columns 0 to 21 of 22]
6.7298637445370995,8.372632540096165,7.694114913979916,8.662672491460267,9.57856094500333,7.989464438407985,13.637829848129318,13.97940029965568,17.0223706436671,8.566323212930131,8.291365431038331,6.011086865973251,7.968977244267498,5.7846908943196915,6.827264942674688,11.919516194004393,8.475861042067775,7.664115756652431,8.059913733521496,10.415530076852658,10.495062768417386,7.442957454056336
6.717092665216826,5.266205034672224,7.525669246743525,9.27638455513784,9.903642709349004,13.939352117268472,10.833967722709408,10.872351921529143,10.946936279408384,7.178036547327988,17.34767816708143,8.025074793439547,5.929607617611375,6.720466998251467,4.6092989447305674,12.631281956556483,7.555283670236889,9.250025060857487,2.5061190390894916,-1.381789100489491,1.4360641394260822,10.44576188304064
7.143219748882528,7.56256540526025,7.752159080185337,8.536480327688528,11.184572854146925,13.72467602210221,16.994287750602364,14.415236519596373,17.138113885222047,16.86931431527706,8.18283186478372,6.376669024372977,18.170020570755458,11.155956735442125,5.664897410532381,6.808520737796763,6.564468835156126,5.074859686567877,5.383862707700675,11.126439631333378,10.859249286395274,6.386579672869254
7.577561254346862,6.729922032312837,8.24935345458269,8.974633185440958,14.862857910483644,14.228270555925661,10.03304198677492,12.442836350451483,11.952045278839496,13.082434037809795,11.193971551738267,16.383665354870224,6.525055070563806,8.264179070501177,5.07243228519353,6.788651529608821,7.6559364000042,6.452918695020385,12.009496616441425,10.553938474096965,7.335154670546603,-0.8362561792537402
7.157705352876307,7.566734811502145,7.91993365119515,8.201311056762474,11.715415379767546,14.957828013079432,10.400879894608456,17.23155051412165,17.01880318453809,15.306118978058155,15.273384295688109,11.167854358541437,12.911338197334851,6.917131769061859,6.040801602956326,6.596320011161937,11.709688532507087,6.39703214714152,9.229532159752663,2.669257389744268,7.860902615659469,10.759690616005075
6.0835133487880135,9.869883152204103,7.611000774041976,12.486641402297591,11.426801501829932,9.646207895890484,17.136125847948943,14.039463199707475,12.85138344811513,6.654589618448322,9.808305897502612,7.752860770394007,4.826187468242055,12.392653861333581,5.602333034240228,6.67848283658847,1.5951699040115312,9.340281281649588,3.9568299856168405,6.300520261121114,5.451204279114107,-2.4538860186759526
7.2156614728411075,7.586627033561532,7.719074566684311,8.527532768682407,10.988492213553917,14.134222262589633,14.564631564427868,10.769599784195453,16.796690050971023,17.488159004206963,11.366232004037272,19.81390558086718,18.79334425098449,5.292714792568039,6.98503163719107,11.337106569836275,6.350868496051804,9.318123085290354,6.683011150784849,9.06662791061811,0.9165447052387543,6.831726592080524
5.948280442131271,6.964748795054766,6.534277202173505,8.334169483011385,9.226593270994757,13.561106206477296,9.909775695783882,17.239409842193464,12.769305058025335,7.264408893895576,8.321128092357677,5.834115483841588,18.068912029931806,5.659838470182265,6.864338774914168,6.352899118036643,6.539067626376441,10.373821433050265,11.40498245828926,2.514639205296612,7.927241399915778,1.6769827243643758
5.913849474618764,7.847017940821146,7.0210022207942755,10.381898296930508,10.71555369787651,9.894943457141189,17.093334614746087,13.462300603813896,16.673499169452477,12.360004085040744,10.920451091704026,5.611222594414133,13.68297985746621,8.09602823720403,7.707234313408168,6.848419998334267,7.4298594562254445,9.904295347893369,10.26889505788609,6.259921468506501,9.69834339387007,6.51165635582606
7.237947420733098,8.772747124494378,8.638484255100124,9.671963507179653,14.501916205822395,13.615327767586507,13.792068785238326,13.6758821771901,14.377432032592573,8.496064343300393,15.956093155677745,5.366429263687025,5.848093399482289,12.337124931774825,6.8884451221300855,6.6975687002341635,6.5004964892634645,4.619145818236882,5.4844624716393024,12.492963726289176,1.949295270518105,1.8484054922685187
6.625671198397612,9.586722914105382,10.890860181493172,9.965460458004433,6.388761313761914,15.33620053759731,10.322289687522487,14.188076887906698,16.725121344007455,13.10860335396884,7.355990130703497,21.145663720305645,6.116060954952201,8.129511125206452,7.306058449889105,8.791382660996607,10.307655886563762,5.822939270840334,5.641331576124605,7.638299661928399,11.595023597932366,10.166705249538046
6.6215248422414845,8.201624948941063,10.799830497643823,8.700241033555097,8.96607566477805,10.419146150068812,16.630692174550145,9.913113715380028,13.94544823167224,8.348190790866555,10.719856862196632,6.090804368803715,13.110272589097036,6.891129884778431,7.362768606040056,12.15094795430357,7.10352763721981,6.40508667052241,11.503631142351932,5.264756630944191,-0.8988983386845122,5.207001856217917
7.185459930269046,8.769507618076444,10.289604613811477,8.636032761854791,10.655047878706236,6.930013470293888,12.040079632897795,16.22995882817393,10.738829517461049,12.663678098989799,16.1234700588708,5.336932496639198,5.062172951552547,12.596908523154033,6.52028513928295,13.019362610564647,4.344319531609616,9.429356391907609,12.056924248791567,12.573328036189945,6.877268780469157,10.248091787926187
7.378536696422079,7.154624526918744,8.648177728619025,9.084491796402897,11.186612388388648,16.249359869771155,12.635279601397231,9.5330202583771,13.151597609192635,15.507520525348184,7.0105924451556305,20.238414563349416,7.575791574578731,12.945724740225515,6.111943726870232,6.496130666747493,5.8308637342022145,10.409172013643603,10.007857201629164,10.418784328684353,7.796430309396602,4.887847259218522
7.218194867418803,6.364964734274127,8.81963753197917,11.92687329446391,14.423518338369636,15.093821907403337,15.93635404837238,17.225562907646506,10.893057918121114,6.671100354154396,10.053729416842206,5.717358907339872,6.303559884558518,6.526752292863751,6.912174465562598,10.098499992196091,6.845309440918376,1.563050304745861,3.581612295899691,5.080030098244221,1.6306436747299873,5.615556268679295
5.872310066818569,8.178877242316137,8.937142211641282,7.1767596955852095,7.377926380616133,13.228444450131255,11.244409450216407,13.55641923064614,13.365909296353498,17.67465403805433,11.34207035858707,8.02798797392702,18.62300980742231,6.693153650993378,6.593426603185747,11.888322013261984,10.873688583321318,6.172870516079571,7.718949020283521,12.487644765929986,10.971493852859957,8.358144151139015
7.2112535681703065,9.300660110882252,7.882876976334157,9.784539914847553,9.750167811241743,11.258973158517334,15.318648545696261,14.649117298117535,9.982494155861984,7.2084476082365105,9.435967140145536,5.2630449319527,7.227328608369411,2.047499626982823,6.1342513925583075,10.086305433816683,3.2936456402483754,5.648091467709454,11.742067130992243,7.9855339764918165,-0.7408461364562442,6.005096545088451
6.824399921859025,9.970859786172857,7.929358640068012,8.21662642426211,9.900751071386848,15.28852240984649,16.926558247594137,14.467496447754568,13.329514577398477,13.113575633891019,18.41202702939475,20.476127252718396,6.544538659041108,11.783992533854313,4.981096124292809,6.945188148931412,9.344590124306709,8.98374307480671,10.237227879662644,-0.7709513605927024,10.950472744112245,6.854768900179991
6.807329123300313,8.259331017890066,6.844290846829664,9.89272709855703,10.225120898451529,10.730305382786394,9.978908196021942,11.096705933863923,12.566118408722517,14.709179970727618,9.943212890628645,5.608223965525631,8.191508671441598,5.695875728731383,14.13501236478492,6.3020590128866365,6.33003176422863,9.747040960651963,3.362895957007766,11.54127952170719,5.5206256653630446,-1.8726945065933713
7.018550956465743,8.657619270451308,6.436844804912259,9.255807483955909,13.884709527333186,6.730712220954677,11.575102232652714,17.173318526687016,13.734938984354011,7.256643053024453,7.332322815633521,6.885048558419864,7.9697476526643,6.979533063415041,13.291299569879508,6.993925590792159,6.902800934546939,10.128329591527903,5.170008233564016,10.534388478917158,2.4289535815933383,10.379468351907716
6.718388330802283,9.670190906131795,7.312895562839597,8.77268301434659,6.85832232031462,7.8948188036079605,16.52318657225806,14.107331470316934,16.493347338237225,17.367388654051222,18.263057467197232,19.304990617149098,18.813549006903347,17.3184292230364,5.496014535279316,6.3293565055335215,7.481895332747003,2.570791554293052,9.709439877371555,5.8242953017634775,13.28416472237101,-1.4083547940916068
7.130117239785038,9.20772776310783,7.913553834978845,8.661064299647997,9.94379914403057,14.954174758322244,11.030122738898577,15.9379726978565,14.030468145796641,6.494194674036242,9.610949259241623,11.800486837878525,7.0424170734247,18.690786814196432,5.579950327256968,6.873054291433417,7.41332147250548,4.790636223122071,9.784907584684207,8.046091578574016,7.398038877926673,10.535515475202322
6.57119130560453,7.361013905356675,7.765140205365443,8.229892870953009,11.735208094023726,14.631867939001589,15.08157213196509,13.618201395781098,10.153160701389563,17.452051580629735,6.556199563742792,8.474660585873538,7.385731674851067,5.379419250042501,5.796219096273205,6.930811232783632,6.92023001078512,6.680696688042102,3.40864305314159,7.626779966089844,7.0408339407659195,-0.712170098332221
7.27160297147237,6.814928155054226,9.85023031305753,10.622530492714263,15.570383134965171,9.772032024255886,13.79818516041613,10.783780632747224,13.06647554668397,7.250409586397994,10.735883988807434,7.625486101394805,7.722586195801614,2.697946158931014,5.939573235227795,8.542050750954136,5.717654466321359,7.2441808124703195,5.732238944565721,-1.6382733247233319,7.28645697121185,5.594665647567145
