script/wind350m.json
{"header": {"parameterCategory": 2, "parameterNumber": 2, "lo1": 3.000054539987559, "la1": 64.9999836372058, "dx": 0.5, "dy": 0.25, "nx": 34, "ny": 52, "refTime": "2026-02-20T22:00:00.000Z"}, "data":
[rows 0 to 24 of 52, columns 0 to 33 of 34]
-2.346994098213207,-3.3926495569724353,-3.5905871811822334,-3.50272204467084,-3.350074872148281,-3.41782799092108,-4.0860099072014195,-3.319551731501195,-3.2257178644749986,-3.345214475569733,-3.900218321268169,-2.998496822228372,-2.3661283693914505,0.26467796814419303,1.6479281642786376,3.2485783254392575,4.910397125507439,5.917702698635732,4.349391298581288,5.484004692550351,6.5359523997835325,7.329815843445493,6.070816951288142,7.1697135923222755,10.22443496340868,6.149052534588761,6.229861811524808,8.423510161341753,8.525116903277528,7.5391528277652125,4.5244891280288515,3.8623897130263067,4.9153317463099135,4.736101217120066
-1.5740842620643525,-2.729598674777853,-4.430741519437298,-4.170240895227966,-3.676603843530732,-3.434874248518302,-4.483450297459659,-4.631949309466386,-3.8652008132798903,-2.6775961276699656,-2.170587359895615,-1.5426807612726068,-0.02422296471200636,0.8810268968296013,2.0473746911423416,2.734200412542126,1.4419007391530543,4.66205854410085,6.688390727857701,8.522021006985947,4.792080738016089,8.133573353702145,6.335014877085624,9.515068047135617,6.0186871287139905,4.0099220877376,8.153062943896886,4.7233128128312885,7.225954010087657,7.478560851708767,8.012558031863302,7.24037469839489,6.882041908239123,6.947793014916277
-1.9841569291522645,-2.289223933570814,-3.3556398104006373,-3.844967098057879,-4.2300205273972535,-4.606920558478012,-5.042705251475251,-4.358930560421216,-4.101887836672374,-3.981110163265189,1.9672831802723616,0.12287949840755905,1.0503302154053578,4.668029631714847,4.184547157253449,6.321211064264678,7.61314446611281,3.8919993340370582,3.7573137900168536,4.3520218475822015,7.314311691248567,6.540937578587247,7.139097722742118,8.798733039660025,7.3114642338639815,4.448623498721209,6.129254878188556,8.837845022758135,9.256926691792478,8.248005512813197,7.419292556151664,8.697860027657395,8.910043047237682,9.420624708406736
-3.240377663261187,-3.390958740084187,-2.760775176097731,-3.5759157814219584,-3.8692353090882747,-5.003073478678508,-3.9646747982976316,-0.016175847167882066,2.14728077603235,1.6337234829461396,1.615724407012537,2.390863750087997,2.421817387552594,2.2298259055561713,4.1409155701376825,3.3709638781767524,3.5132114442136846,5.724962885210754,6.323731545771565,2.2846051532043576,7.043481153952909,7.523920488162519,8.868874378299845,9.817029788556813,5.8522510639635215,5.776434606856583,10.060732247574684,10.662654558439721,9.85598690947604,8.807682133697815,8.376090676248733,9.712567833643753,10.679554527125681,10.966706680856353
-1.6441545829485416,-2.1995398402926702,-2.7636120049264945,-3.1751784448529534,-4.809883725730465,-2.19071537967407,0.34417103537958893,0.7031815009722036,-1.3774964319164222,-0.981913439798827,-0.9814282661377716,-2.3284164108318035,-0.5378532803852991,2.3219968161681845,2.286134727129821,3.3102734551688964,4.482831602297251,0.552828676709662,2.4457717328359343,7.356027122219243,7.714282144163434,10.353067659679708,5.24094166668096,7.665934495267371,9.388457030324282,9.738201840399787,11.76631533754964,9.43743923574249,10.175019351390302,9.206622391835626,9.034727554059328,9.836756573014155,11.532305115517323,11.174776855010721
-1.5931843976139495,-2.3157601524881177,-1.8018140250213686,-2.0001616440798085,0.050770330360470364,0.25908831262993604,-1.8441149845295313,-3.1580845444938053,-3.4634512241825677,-3.4329356985616566,-1.8746345572962344,0.2286169656522304,-0.24567950217361945,0.22231742903062662,0.2038057445722294,3.4013726139337837,2.2644019309592496,2.3633982527866637,6.546185297620088,6.064972955656882,4.700733925513314,8.548242641963025,7.961862390623839,9.046715349861064,10.458291134053287,10.138130037077188,11.432859476340193,10.52885204205142,7.374514806529847,7.9554114854786375,8.85568422518651,8.612838417541383,9.636554661207152,10.253644213628016
-2.013436464277264,-1.6397833556524324,-1.7362505668340265,-0.7958043055571202,-2.344717926390403,-3.7606219918868162,-5.450167255424349,-4.319456605051977,-4.611230277289043,-1.860027240420856,-1.4936159151303807,1.0928439804279655,1.4666995637700602,4.179184121483698,-1.1788680844621937,1.2557643503367666,1.2421528862507358,5.684407520205928,8.008487997723348,8.0252896127185,8.15535193900924,5.919854286762999,7.964418309218527,6.8265310393640934,9.007319317116579,10.008510300635818,14.52419244623228,8.442689737827825,7.258313156839316,9.474839878144099,8.538393533679617,9.769047341741599,10.725463168912977,9.138963225210443
-1.7420059118418938,-1.1814569316528067,-0.7622565794474615,-2.6689552802750454,-2.772335677117391,-4.3188367483479135,-6.359550927648276,-3.910265856890566,-3.9799165020233205,-1.4419713405230232,1.4460328327224572,1.4851130907527907,2.4196762150962843,5.995911681936308,2.192240086234822,7.557704406190805,-0.7267249671159366,7.110846595376458,9.225129556562596,10.548591813729518,7.621557362402031,9.33522543705318,6.55154618388869,8.537171784953184,10.715578207120444,10.582802727830954,11.316244527021794,14.809092794691038,8.51126257852848,5.902708046450087,10.476179110569186,10.000360943037796,9.004650884754367,12.125784858744915
-1.315438240092056,-1.6215703160593764,-2.976535693889008,-2.363632984033164,-2.795854373396104,-2.9590838024706296,-4.131916907567956,8.444655075259002,5.003643415871998,6.053436628550443,4.210436550190424,3.8052459516348787,5.711046657946525,8.226260629607154,11.85568777508948,0.8996464046214975,4.711690771613024,12.634970468575299,5.866528505259207,12.308847386949664,12.318356075818663,13.549286332102888,14.058121625733781,8.77835793539593,13.3135944574807,12.117024271826603,12.516647070119115,10.885864936081632,11.025474526828146,11.959406039622582,8.669382650878642,9.168041472556142,11.918125161686527,12.587579739613027
-2.434903289677064,-3.136596421190899,-3.0679399102066798,-2.6829804857749866,-1.3260926667176471,0.29909829499806306,9.642261769453947,12.801500849700385,9.06444127410331,6.281225104515827,-0.038566210969740965,3.9385910569005764,14.216008641837336,12.843621129411236,3.8350492957477615,12.658918390044882,10.698137988249561,6.1300914943618094,8.352000242848648,8.562364938675218,14.072845250490298,14.457841385184654,12.19081001165613,15.362916040242707,10.819468883370707,11.705298381874629,16.345418962249347,13.450693176335133,12.887859652322168,9.157318497393689,8.071565670458536,11.31700122801043,12.995897423471538,13.594941525110533
-3.8071323277532425,-3.324208726829036,-3.6264022752659595,-3.7489320388712932,-1.7586879610192372,4.3330987649329336,9.365275824930718,10.774203579748942,11.34011192086471,5.149506625226661,15.711105572789476,-2.4316463448457575,12.592458985084898,15.749273319799668,15.854404514141347,5.364326213973543,4.397222409309387,6.202720708322196,7.212921635066656,7.659920204054708,13.457143105078373,9.474388882511636,18.94735155583663,8.745495716027959,9.365195509606272,9.39399148153084,9.92794545718076,12.01646073313058,11.825454577342096,7.26438652902726,8.939484422994793,11.240417469011078,13.220073174235448,13.804290777866466
-5.332894517992304,-5.200713702864237,-4.547534345014392,-3.488160666173714,-1.038992224511131,8.02344267023513,5.990874767667636,3.4458706498784943,3.197333999833171,9.912900957621604,10.013757763753334,9.447189569468545,11.462900264690342,8.109559139475007,11.793640425174248,6.4292267635901,5.329779809836671,12.21589737208632,7.821645415979107,12.753004993277253,14.320486015274891,11.783651521606027,5.665808774502795,13.488037848713045,9.81530309921575,7.17016609886234,11.388381535021953,13.324101520397118,12.89222789838974,8.016504181890154,9.933248204479778,11.8794530245162,12.956938756896115,13.799029583152498
-3.589572525122342,-4.2352352816671575,-5.311171883249361,-3.812446207188559,6.374690864610988,7.41500418564833,4.670076739282147,3.891026909565591,5.777212785026156,11.812940320852999,7.554899527733462,8.802767179170203,11.829714530650893,11.341160960619401,3.757252079133255,13.535927462225189,3.60721427414355,14.404388132751423,7.993176415514109,7.378308711031038,9.548713763164912,13.362380360038177,13.157213675829812,7.785901387987646,9.070098729201202,8.92457159035263,7.023983455470395,10.660910904030828,10.252321247360744,9.67584998160552,9.898347004204588,12.547934996370225,12.999437574266766,14.261304756079333
-4.596805124322375,-5.6566218561504344,-5.457542818626268,1.6167230568610857,5.171241894402256,5.741292823833532,11.022470957697259,1.0581835205056094,11.960673443010588,10.754851926245571,11.465601999431124,14.869092192619275,6.121627349330785,-1.9364767915459256,4.932850020708261,11.771523197226358,8.386242663417312,4.361630406339319,8.064495541042765,13.659515526656342,4.010313033059549,13.671947353284391,16.483026502285934,15.59468622686714,7.8713551628708185,11.176843867049183,10.933099594951445,12.617153727753239,9.83337028021379,8.357303616873338,10.254357686576345,12.131738394214919,13.116854054432602,14.08575453142532
-5.34844009727024,-3.1641510693127426,7.3231615508001955,1.7162550016347933,0.6940861472098828,2.359593552119283,0.42992829077247763,10.111260668869992,4.18502212990887,6.837547926772328,3.0282208054121353,11.219746960672714,13.41154108343193,9.072958091657062,9.659281069352181,8.619383683300864,-0.9414546503421539,4.59152632195978,7.84866583145142,6.810068928556193,5.55707671879655,8.121064317723127,7.685767482957239,10.623072209734204,7.603916580034457,9.504295471236807,9.056232063685462,9.960802392395369,9.041809985154504,9.96781071939765,11.148774478844492,12.54295168601194,13.650025526384633,14.54290668340905
-0.7860717894033252,8.598339115192791,6.484143411737223,0.15572755946033764,-1.983759299022854,1.761866996473309,4.520612028522625,0.6639044060041502,-1.0729761251087508,5.4074172311271305,7.555816331507166,13.02176928772985,0.4399109855100764,11.257496549783966,-0.05177986102529172,5.278598420286202,10.0424926807869,0.9031404359366468,6.126823154673312,5.753611144613612,19.07211490970379,6.538618993890463,5.461674662651342,13.17868885502841,8.67219318583881,9.264280201861622,15.464496801431851,8.835074099742172,8.565273018814972,9.423854777886735,11.304060762151789,12.965242295944268,14.331702944366034,15.077890782694565
6.465393058872524,7.433072474836032,7.699880043806161,-1.3207575725563812,-3.0590191491150813,4.266629201669572,8.114659595897596,10.45138003225817,0.1370112597374387,11.385059085324727,10.756107189708308,12.906738821932322,7.301019606287814,2.2091935785492556,0.7207322616403485,-4.078225922072071,4.515052971178329,2.682820698529089,5.150094627620249,4.402401181660523,11.245885640527073,10.838495445356932,9.379934642113392,5.915459123117418,9.829264823926739,7.973421479153128,12.948565186427137,12.728796362409488,8.979029409731766,9.964071361219768,11.88906799417422,13.29554940083335,15.385778985546006,15.204397035495058
7.562740530005174,7.570043178803209,8.532201394619802,0.4161780888270953,-1.6853286313348201,-0.25606155972458744,4.833156126014418,1.12420562647659,12.0349223318543,12.88893343126194,0.43991688776206717,8.918160359069,3.3364527022784403,6.836507639498509,5.520459443826166,7.873582000514948,0.6249387323801556,4.324990260861269,5.745849565485889,6.111615280766525,8.15039762780016,6.325240267576403,7.950761578560064,12.777858312379596,6.19168927244857,7.87351777449511,10.44229968042668,10.66810728410649,9.635475657604397,11.168406765244397,12.551237942063274,13.403959537026566,13.753388914420254,13.738836028551605
7.8358041481687195,8.331523793072119,8.47574120843777,6.241991027610278,0.8345779887066292,0.14576387362768717,7.527218953762889,5.202712819975158,-0.8678964265056519,9.63247311584314,6.537987775832537,3.947279444954494,9.64310120045394,6.921701265243022,0.5232372441388122,3.150786930399682,2.893379765786244,3.7491207475485613,2.4158854686278555,5.124427463002473,5.58552023677995,11.542395217489648,8.624052170217983,7.681839784964781,7.670061645372896,8.604979425623117,10.010458431835616,9.666409331797851,10.590299922365332,10.436783301434689,10.40357551788715,12.512277201400826,13.277796035342403,13.383714280172445
7.73492328956987,8.844820747873738,10.285375174571504,9.858859574705422,1.5213116754341987,0.4429234619617667,0.42753859226355484,13.583819665360414,13.407855707790803,11.91041025451628,13.528097171649804,12.950402465123082,-1.7781298258029792,12.945728067383193,2.0734853541652707,6.947281859977396,2.9339023620169336,3.2802951016600845,3.613130693782038,4.612504503608909,4.987572073198576,5.065376214409662,10.179147988320263,9.206335548678291,6.455027016064948,7.814426630228456,7.374700508415785,9.145164092591749,10.305267101586573,11.574703784187182,9.716931404132032,12.190196437708291,12.544335412482486,11.464280321858347
9.686469930027117,10.755793474990604,11.722963659434269,9.804405596242853,2.7911463779895254,1.5642857272243225,2.593205692932202,4.763875159582619,9.128508500253277,11.127054649053482,9.962196792816592,10.052631254871038,8.320335795770047,2.6103783752240957,0.39396599600210114,1.2432964751030666,2.6369426161518943,2.7774500384001337,5.045640013389618,5.496122558285307,5.647295875280221,5.3189195151443585,6.668584358446224,8.052859781489303,9.210451013858517,8.666381091789269,8.381025758975749,8.835684071669146,10.812147646963643,10.313148898404839,10.068296587820974,10.218387294653573,11.88639018281854,12.133058421568554
12.100296003038835,12.068745794460014,10.241327892106675,10.146591616316318,3.0418532564365903,3.3533385684011088,1.7857070703608402,2.6187402332614442,7.627380168080232,1.5085300001951956,6.689003362221132,8.481882409824372,-0.7930904219423964,5.63002504485788,-1.5825064401175408,0.06853767508779547,1.4255786161226889,2.6565530976297795,6.188472847514091,3.7533002633057513,7.18180202109532,4.375293132978962,7.274496346557377,7.4034341705408,7.71940606896126,8.192760533722899,8.484731878730086,9.769361287985038,11.001238818893583,9.751428994365341,9.969202769981813,9.476477045240628,10.639630010378788,13.863469902717068
12.814528893403894,11.981315613101124,9.923228257548724,10.30673427617003,7.4048432316702,-0.508912680060863,1.761836232442119,4.980492850175465,13.784447587534338,10.30995913080072,0.6049264764634896,4.979206349944043,4.515157811253313,3.637895601836678,1.5903921654719797,-1.5544151137997788,1.20722250303087,4.147132143134112,4.2490611494150174,5.2322326774666506,5.4464528361475875,4.4208400521280975,6.461589628274964,7.324630066244363,6.439431147399889,7.026418743733201,7.688383404924845,9.571707158362893,9.804544407399334,8.341798691986718,8.223680005252813,9.687475359513115,12.586428844947875,15.4170561959265
13.014005898529934,12.380138037180988,10.79104492728549,10.623292453020223,8.518858151548773,3.3225041774180633,3.0302963499202584,7.591907203916042,9.9813285178214,1.60149501827167,0.777817361930599,0.004410278378668159,3.3898744434847092,-1.0669240068907073,2.2195981195148664,0.24897422639327346,0.33479553496835035,3.3247718139051314,3.2148533090821507,4.641927547542222,5.602541048895797,5.980279120553029,5.389073687315351,6.3260289828671254,6.986048077896443,7.155165180170942,7.269360278605137,7.114352178552742,8.746025221793703,7.040703408642196,6.818909494843035,11.246227184173955,14.647177086380001,14.868968967518873
13.694275374915192,11.748380679750536,10.843972894980293,10.80091210536044,9.413265530802786,5.777812365240998,-1.0061383298141204,6.78222319398699,10.061074108443936,2.4910922606921657,5.558848392272595,0.6532802116043239,2.680571630460946,2.427051621332157,2.3291597723365585,2.3435976747503497,-0.3180796065613395,2.007105194343236,3.7807986866460954,3.5687193670724127,5.073493127257711,8.175793167193028,4.29109794117147,6.567318572896349,6.575432413027732,7.236898519887247,5.864717555487497,6.5828118191762,6.936760315137239,7.188456922089385,8.504600902080412,12.648654087933663,14.62526559756516,14.132184326176397
