script/wind50m.json
{"header": {"parameterCategory": 2, "parameterNumber": 3, "lo1": 6.000198445256149, "la1": 58.999992894266676, "dx": 0.5, "dy": 0.25, "nx": 22, "ny": 24, "refTime": "2024-02-02T20:00:00.000Z"}, "data":
[rows 0 to 23 of 24, columns 0 to 21 of 22]
1.2324166860776529,0.19315380605674481,0.7134356985884857,2.695460033836732,1.4765919500302562,1.165323544807714,3.9073677227251085,6.995765052375023,0.21834724552389806,1.5412649377189507,-1.1006322495915113,-1.245770145438651,-1.2202031652641412,-0.5345193269992958,-1.3154618748835025,3.640881491092495,0.05813682534927206,2.3004584429587904,4.284801914881226,4.953613290833219,-0.6350326166249791,-1.0765271983453764
1.6844443474608002,1.5256749967343872,-0.5827911117722188,1.5119530315532679,1.5916141576150478,4.1434397130268295,1.030674496923294,0.382927373016107,3.057371893493212,0.09735006426338656,0.08631103668940139,2.1245708717056515,-0.13833139114590323,0.05050500096152954,-0.6544112543862496,3.5863019174204864,1.4790077595669207,1.1133112576355924,1.5822836276639276,3.3762002251314427,2.2005956466467858,3.6059045515026633
0.14116095411259003,1.882599730534533,-0.6965082581469452,2.177709525927452,2.6120464549389752,7.881577613107327,3.4879487624957917,6.654384866703614,-0.42223160621124806,-0.3706128068171084,2.84986635077649,-1.4136270510041176,-0.59433901117705,4.703696837802474,2.805881696532961,0.47557558350903034,1.465665853779699,1.9790689642112222,2.6453115978030515,5.877213535938015,4.122560280455967,-1.055133861086794
0.42526372204776797,1.8318545070412862,-0.7599721216931944,1.611688103180081,4.4082868348426105,2.7498825938233473,2.443381866365475,2.4237759279968563,4.27112673524346,3.35058516142721,1.346795805185424,-0.7009116930860237,1.3709006072710992,1.8507897534263582,-1.0370683413957744,0.42734929153780593,0.8863318667969443,2.1390666979557458,4.564796601579539,4.717682521536919,-0.4356615666159799,2.695382897343983
1.409276241608035,1.065030913546282,-0.43661676611130784,1.744500632001451,0.7433138247788122,2.7345426861794104,1.5438489572705305,0.968059067736071,-0.28904713052806114,-0.4387895454066781,-0.7026865215257079,4.531159548418157,5.8316124385372365,1.1554456873160976,-0.37062006152892724,0.4451149771182688,0.6979716418899595,1.5915510899855223,0.21408833435005242,1.6133439119624309,3.9799839610979277,3.5250958551403793
0.4951984969247974,0.17488952045051395,-0.39046761371363053,4.7230154573387075,1.2782807851073779,1.0523915844947216,3.6100876199183434,6.980705807047819,2.226129070741637,-0.22541115721813673,-0.2729541735918189,-1.9115365244121945,-2.4388301299554893,-0.2977855628688658,-0.23313245887068437,0.9290042610951961,-0.28553428644637946,0.10092104648289314,-0.5853456576914147,4.783810098537998,1.1247727922919883,7.348497433717613
1.6138826228025067,2.0321019725821836,-0.0734820321626259,-0.5488832312558088,1.6473387680093001,7.857361317872145,3.351644560330713,0.6803514220307239,0.03718631899099775,0.14176212547876596,4.996336558938932,0.19432260793918127,0.015140810350016706,-1.7391024011882554,-0.1459020578179114,3.2539915274508036,0.13851350834779966,1.6542035346455817,4.308813462597632,-0.7173879397184569,2.2065385190119473,-0.991311343054685
0.35410604417063823,1.9354245302494113,0.34913966507389826,-0.7018471295227988,1.2745315261203336,2.098247228780525,1.3715889940315071,0.9051476016914928,2.4146833309093076,0.8164002278367325,2.7103086676474466,-1.648521472903375,-0.6400328683598683,-0.07723496083578019,-0.03895295676116221,-0.14064048295493373,1.0879428183391424,3.405909193437322,4.083406157538407,1.945057460327767,3.8884048471662696,-0.43646159221144143
0.32442631985429987,1.8846336117305893,0.6422593094376182,0.3047502735793742,5.2959130090104045,2.01110019907389,3.5652974372798107,2.1849238643263553,0.1509803445286299,6.515218895592886,0.017134208131220855,2.3606489446485046,6.329546221274024,1.373142700203705,2.3804540047466527,0.4404008192161663,0.5986837740728089,2.443301104596153,1.1265238234089643,4.440282235017132,1.383085672302254,-1.6566975752149984
0.14398055133433538,0.133051024881001,1.1113570278596345,0.7864752410344589,2.7722042630748267,4.085404706004381,3.6638978920144036,2.5332849802901602,6.912981097594497,0.4539041085739792,-0.49876185590103356,-2.2749882986104524,-1.3734452419335899,4.9256757185565405,1.2423593380484053,0.48925023481850516,1.6214530950735895,0.8926122747852073,3.693467473229238,4.9637875019784845,1.8907928760969934,-0.036941080980463656
1.2992215570295207,0.11982290135896341,1.8131882654062934,2.072747810888724,-0.5286013858788849,4.2503746693237945,0.9594839435461839,4.0302957758412115,0.09678799257579862,3.2508800396943514,1.4366440129066336,0.46621321925621106,-0.9771371291633273,1.9838800256731308,-0.002383521990301776,2.124975290810858,1.3385527088552,2.8229380194365867,3.729424588383571,1.570425790410962,3.508003032922674,3.868224781011981
0.47408156967331616,-0.07169486355287281,1.7066123104855477,2.118217108473686,0.4643448889008461,1.8807109461213678,3.2768464117793332,1.4535446603007436,6.633720749828579,1.9599799188413543,1.567165926663466,2.3160724153514503,-0.5299029293644427,1.3646721394105374,0.11252644942800431,3.5722691546830294,-0.5373013590454003,1.4738643020940636,3.8321703980640605,4.639801872351044,1.475236572262248,-0.1334517102144321
1.098610050582807,-0.8165774193922984,1.1043261496482344,1.822013149100391,2.083450288127301,1.1187957407710114,3.82374111750563,1.0969267051518647,-0.5218952105737122,3.848958482940189,-0.5311757328872302,-2.3089718536941897,-1.0314173492642784,0.07323814309862725,-0.3082445223064422,3.55365515190664,1.108561180302969,1.3453344751948433,4.234074128589545,2.1860444944401975,3.6163719258987697,3.5482828847590255
1.4466775057453565,-1.0498370291623562,0.9867925274145191,1.758423529645488,2.6647354376235866,5.067892066707456,1.7484268025627303,1.9255106823356727,6.135674387104778,-0.49219373703739006,1.5778667797187849,0.47348145941139386,-0.5421143767926563,-0.9658195186597263,-1.085327687535888,0.3501616144449052,0.8474948030764105,0.7172608866260057,3.5938820305940506,4.802638111270477,-0.09998158756519361,-0.08666678136419324
1.8561089089476428,-1.2457191160227545,1.0933323215002253,3.9863531655866975,3.452042145268809,3.135983585868476,3.3940756667786056,1.082626287684123,-1.1330668129028572,-0.25626663720978177,1.804998285501144,-1.8528075835661468,-1.156293011276075,-0.4125714837717174,-1.4739392003315135,2.6477576662526943,-0.1692057192075338,0.24113830013390042,2.356351292721381,3.39787180872959,4.293771355653014,2.748029204217453
0.14192020796889626,-1.236551040382419,1.1482961450109275,-0.9606102658705256,-0.7412734073730416,2.9105284526370014,1.8700280747694609,2.3751538813457302,5.623148473494906,0.8498939454700603,3.366286518290407,2.0359326355831375,0.48315142041325626,-0.07692913989562913,-0.9028395573989778,3.5601977482967535,0.6972864339779276,2.7018901929972556,2.668354860423698,5.6618277228857785,2.15993262632633,0.9160523239036017
1.3106276601072153,0.023116434478329975,1.7166791552958423,-0.05337343335686121,0.6062009096918914,1.1668760202430024,3.301102296505298,2.8484880054298687,-0.5832213616038163,1.164671675773014,-1.2354329231113692,-2.1993135373320905,-1.3374326385708133,2.4722415437223186,2.0933374499007216,2.9543754504553275,4.883520230883624,3.597905946266121,4.427496205415128,2.692330072377283,1.8306399474431612,3.314293005088553
1.3542250086538326,0.15021690393332557,1.3406502176355215,0.5864004129776899,1.5396545345316812,5.891669702747669,3.638318568381484,2.8705089950065035,5.411190090049027,4.329975519889435,1.1711281737611976,0.4703472905309393,-0.5572532580929801,4.767894111402331,2.918812991130651,0.16775127876981463,-0.27191622672731924,1.7210473206977424,2.186383104263035,2.5114426915077783,5.554461028143234,-0.5189393881579104
0.94015453138132,-0.11304362481827883,1.5742975805174466,1.670193637451516,5.0102457781834255,1.4304465272543867,2.4272039596830575,0.39429192432900706,0.1879950472266189,-0.36744945954774916,2.5568965559787578,2.7725394694652494,1.6497265604008595,-1.3209363921562969,-0.8583315758266942,0.34514028645120565,0.7029036640029406,1.9308774437644671,2.4234993265050706,6.3122658402258205,1.1837275769754665,6.2121727343942865
0.17566367485842663,-0.34299594423328394,2.0480822688070077,1.7393779889689358,2.4314437689862096,1.2547632469807302,1.1387742686042814,1.1655499759080916,4.626390011630922,0.02567410896437219,-0.059698886898822835,-2.2502448994864106,-1.14014589042744,0.9792913131651134,-0.9330573038421569,0.5487667988473034,1.4550434395175185,2.9735121460319083,3.3720050898500387,5.027841925288761,3.8960916131225347,2.80114355095284
1.3538955737498095,-0.6598679942599858,3.0483967822532203,2.1158116644368707,0.10030191503934617,1.0752907914013852,3.2418030528827537,2.6262526716213226,0.6522144787513454,1.0779936942963702,1.323577555025933,0.13133566542635405,0.1563315082082896,0.5781376827031409,-0.03694256445033414,0.8002425230122205,1.046795426153956,-0.05793363744631613,0.4952735746146288,4.113811949330631,-0.361867749340712,2.046582273460644
0.14510203179143932,-0.8127149798753546,3.188051327298107,2.369564152609242,2.3178006929007866,2.997982586255876,2.4029940585379523,2.694654050612846,7.116132792713984,0.1659364563987546,1.613734928793515,-1.632633275688835,-1.7725239088277478,-0.7455219145720744,-0.1942713241732904,0.10594739504993804,-0.25757660806187316,0.8583524626127674,1.8836794784343462,3.2538760202661803,-0.6765739145298502,0.9023202163991036
1.2424406789446536,-0.7165505881022661,0.07739473607303188,-0.8543611516361885,3.34304642974557,3.097383791418094,3.2268712460709623,2.341098405564055,-0.7982302624390741,1.0226395341123942,0.02878550489766445,3.6227607706423828,0.19258796511599108,-1.6403063179990118,-0.2532367348970655,-0.02501902811667875,-0.6071745656385809,2.814736465968634,2.370229799487711,3.0000357652990486,2.804658154056021,10.448511083345455
0.2235671372821514,-0.9640669619882096,1.1546345349178722,-0.2345951256951962,6.967570887834727,1.3510019115787226,5.43052490181831,0.3409086093184036,6.076156962785834,1.0688697469300483,5.729064769134976,-1.9548152632926328,2.28462491426747,2.7723248405795413,-0.3863133735752287,0.15671658848931164,1.315044005135196,1.480501701968716,3.4122733548230118,3.128725367441271,0.9616958601886431,-0.3413322302125009
