script/wind10m.json
{"header": {"parameterCategory": 2, "parameterNumber": 3, "lo1": 3.000054539987559, "la1": 64.9999836372058, "dx": 0.5, "dy": 0.25, "nx": 34, "ny": 52, "refTime": "2026-02-12T17:00:00.000Z"}, "data":
[rows 0 to 23 of 52, columns 0 to 33 of 34]
-1.6162237020553267,-1.1132694123628495,0.07855341505492192,-3.0273607034614884,-2.9249239678502015,-1.8860835798547564,0.22431597793500743,0.7487613961557825,0.0419012684074766,0.41736622131097634,7.559963164159099,5.085935574365464,4.595819353887194,3.7457557931693293,3.572008177274382,4.663051979528835,3.0214908322752083,2.905537076977014,1.7710987190497292,3.953864386473728,-0.4431922072398167,0.4337314299149777,1.450431888352612,1.123433235256888,-0.17526793073152114,0.20740994324312537,-0.4349538177368802,2.0809662790154997,1.675920757093949,-0.2334183909529136,-0.20402082829135795,-0.5050035541176395,-0.2321384768756028,-0.5429272385329328
-2.4051810848858164,-1.619893002164943,-4.2854315556616855,-6.6981850370506235,-1.0642469650255806,-0.37517675359104413,-0.10759163332161163,0.912107693381487,1.6554477642770848,0.23766579927311313,4.569102256758961,5.526843780847541,4.845948709709094,4.480817230129667,3.822445732983705,4.048539348226362,4.836647551325129,1.833887500738153,5.044253382055051,-0.17208426723312276,-0.6174664109470206,0.6035313092365063,-1.3726714345198743,-0.7045282614792392,0.093027501408313,-0.5565884996447982,0.9257941433436142,1.0043345509128185,1.357349778037193,0.9895613088870159,0.4519576559081836,0.7169211478698103,-0.4543475417058401,1.4145144736268944
-3.0401956084190953,-3.638372286771943,-4.744763820877598,-3.245133872109354,-1.8316836933014262,0.5559481262444291,1.4709236710771063,-0.047920172345981206,2.40661894998048,2.090762907139117,1.833343973633988,6.256324377826653,6.207397872405528,5.8455498053516175,4.3142884243795,2.8009757809595635,2.4602755047416687,2.0775907407471728,-3.5202957631965455,0.22244648857473145,-2.8595778295953425,1.313977642156687,-0.08792418175493372,1.996460030120755,1.572225665401237,-0.37361255575300284,-0.6726225094727984,1.7026528486104966,-0.3595726334779427,-0.7103710556837467,1.7172144606579272,2.3938439747979596,0.6089698754437279,2.080403706385189
-1.8156171493637614,-2.8698070152837376,-4.149238678121732,-4.208160421864656,-2.442060365625306,-0.07763962489732472,-0.007242770352515342,0.9880505984822932,-0.3777396471625328,-0.09207673791845394,0.9400421788026583,6.494849539054077,6.8211172070762895,6.367178615551583,4.299037075980206,4.642055353890836,0.21437694333230167,1.709387342111328,1.4267786726420277,-0.6410231977481217,5.069712953714045,1.3918566435160529,1.8908474717847839,-0.13464854771566015,0.02950137868614853,-0.95576198735724,0.011138438192099517,-0.2546107047605671,-0.4187213792399371,-0.17449152003827345,-0.562227216243571,0.5663828712695221,1.523961979294645,-0.3229372300747884
-1.5820806020498623,-0.8993879889026147,-0.8643519315159883,-2.1352387443479905,-3.125804553807454,4.113424857400328,2.3813130843230184,2.376391171655402,-2.6579248328200737,-3.232195329848832,3.1059911059335574,7.490780476436074,7.133070203321714,7.110982194367854,2.7776036378703477,4.919112768069788,1.5625039259290665,-0.25244755722391415,-1.4923801509546315,0.9133321464927148,6.847674238837719,2.18572875547038,1.0762496334956204,0.6241656538970839,-0.22401921664885313,0.34826000813329955,1.2082016223360559,0.5715515244575446,1.1582912349033054,0.7891762149757666,-0.37178132548087933,1.1613694437870714,0.8544486222358604,-0.41507081802507517
0.9909270938166639,1.5818347545437703,2.339069750052178,3.790008831045453,2.4256613523308768,3.432999363654137,2.5413170061375427,0.6397563821665031,-2.377886149728823,1.1744197641198566,5.437920515741947,7.750032332089109,3.9538289397034116,6.371704154159766,-0.031023291056378535,-0.6326123653087316,-2.0046288050785748,0.14890698704087507,0.6906386598710469,3.8073459345810763,1.3765291665280233,0.359257189976586,1.6697554369301466,0.8856513500339865,-0.7125984543558552,-0.3859212953551719,1.2192387343140805,1.3120498251883705,-0.32642921205020603,-0.5633938045663789,0.31391701636043795,-0.13389777726109647,-0.16532058682672834,-0.8048813339098375
-0.3801414728232778,6.2953752785865875,5.736544108801735,5.445381109167679,5.0187501043773635,3.3606407800111286,1.8188210877274842,-0.4512110972000093,2.8973094603207095,2.2874880304204654,6.34360059786382,3.5771884423197973,4.352268439219164,1.5822249674163236,2.673571437316668,2.8534454086296788,-0.16267942726910462,1.7905869770444445,2.368491222221284,-0.12096714611177414,0.4831992562601145,0.02890939357990517,1.2890264437963188,1.1059690921189103,2.2171834150591216,1.5211837718131085,2.278225534519427,1.4174727768204363,-0.19765477208403012,1.5045285641860608,0.29083865322021385,0.25477980622425583,-0.4671887311640537,-1.1272615615436992
0.7944728525108714,6.394111385955597,5.098264070143153,2.412678950422149,1.3790950603051935,0.7739662812597389,0.8031532843113993,0.3469778088314502,3.1313464849350097,8.692398894811825,6.5069147119677515,1.2299684606666794,0.7277060918115495,-0.6749545409803984,1.1819867811548688,1.3339996975912518,0.32341707889127286,2.678737302135834,7.660515159450682,-0.5869562550019156,0.8796956703888609,2.3062914389447857,1.3419936053323267,2.0201654083156377,0.937864534010323,0.9483932997518807,0.7585024013670982,1.9455234552583949,0.0020026439476534294,0.08091387387495207,1.247859226736377,0.0077733993056109925,-0.9532966430150234,-1.4616768774514273
0.7840291824253949,4.512180441659492,3.9167914393710603,1.1012906674909606,1.6852502916154308,2.158968019549746,3.181393221846164,2.756549749903622,7.940063122072565,2.9867462732920713,2.665096790699349,-0.4159695955335626,1.0784427066611986,0.7660024449572489,2.961592151086161,-1.1060983218119713,4.907443877899441,9.613809762381132,4.193568080737214,4.66748197049593,9.29431904553129,5.472381946908753,3.366779291447008,1.6451108155108372,2.071265338324526,1.4279733882028365,1.5569904706646582,0.6458101811372409,0.9616752569880522,0.19111052475457047,-0.37021878247505646,-1.4689657531650764,-2.1034418563670623,-1.1296466919274617
-1.4430874380385323,2.892351138454065,-0.33890696727638103,2.6779397250607606,1.449659191623638,7.1549523788096066,6.818052436577273,5.175233304190012,2.5526326215268473,-0.42651452360815917,-1.7475738383299289,2.1500271417834376,2.382691760093839,2.8507663279096347,4.72212543357129,8.947957068981118,-0.8172747003910464,2.0181376513479035,-0.8161578978071823,-0.40340378117103964,5.007792090666567,1.2958521199225979,-1.3754571203586348,3.0451856633039482,1.1488278446305402,1.4174410542080413,2.325118981533059,-0.9164290052795973,0.08626506401545071,-0.7836467536985595,-0.6908329224811373,-2.3383599421429837,-1.4969181432703258,-2.0935071819007267
3.252718640483572,0.23287811812380943,2.1409326929459978,1.9445232363162568,6.5314637454804805,6.309995283915667,3.0571681550283545,0.8196664636551199,2.3373411423133463,0.36189495020079965,7.324183702780934,4.4818331729955885,0.922626900171156,0.03465505650597527,3.944336530380161,1.7359971325236216,2.194003351232508,1.5476010970225638,0.597892774028214,1.3061476408814658,0.6890824520174589,-0.6634511895694325,1.9666667023756015,0.021089583868930638,1.3767159316392168,-0.7133181339395992,0.0010720388672665815,0.015866662465998327,-0.06397414204163171,-1.5078208878736743,-3.652972867777692,-2.078582923476778,-2.6523226434600855,-2.538429113638327
2.133659553908011,0.23208918704894388,2.6936614710417355,7.893815477512809,8.12131290734603,2.3465555591790093,2.4251459043602894,0.06302552240419322,0.6482193300543071,3.2008397461121225,-0.8990748617357472,-0.2955788732349518,2.5912453496152508,-0.886575486031812,0.17063732361545722,1.5783700298287258,2.8949648926100218,5.275410627454844,5.105107908879804,2.8206186512426203,2.3872665172243592,-0.37787196285277297,0.8915479164313069,2.02771279793132,0.7396861488257499,-0.5400253324644664,-0.016516904761159548,-0.6415751478909432,-0.08095811803348098,-1.6153104372200453,-3.9577476354597105,-3.0029281555814866,-2.8109696582049515,-3.2091315478025746
-2.7907621188287206,0.1467481882502375,7.117279886938742,8.970302498428099,3.226722516893635,1.6995890599102508,0.7529226032003862,-1.748692263133959,2.2351641908273345,2.615069210237932,-1.4222906194344138,0.8917005472504862,2.0527873989724426,5.960545431225027,3.2477252856716388,6.884899607393598,3.6233762129564346,0.5909532463104848,-0.4263553819221446,-0.4963893057351312,1.1541823454013591,1.0364768492072571,0.2689328738148297,0.6437762298225488,0.8408363700998928,-0.11492953169505928,-0.008021944091159153,-0.9612083709745306,0.04047032262942222,-5.174913218866822,-3.436475266486326,-3.1125802297203085,-2.825031068368169,-3.2303181573142554
0.14486710970634906,0.15084951218822878,7.271911580911312,8.262018408368021,0.005457656956125236,3.808126369431247,3.6017975442363936,-1.517193672778138,3.4465800008036735,2.888833910893111,4.275850187031772,1.4496392174004509,-0.8912436202381893,-0.24728799799192108,0.32794814187903787,0.01884197142725467,2.7807528692614882,0.6403990038362106,1.812912378769806,1.5125267432199705,-0.2860734994486136,1.383843158170755,0.09688372195343373,1.0834645473352535,-0.1102714072228633,0.09766762703428888,0.9756287726304743,0.09625022995821868,-1.5689231214941581,-5.323581229371588,-3.933885824417771,-3.30194089573418,-3.052131703350544,-3.141813296236553
-1.3201075323226423,-0.28489634046619033,-0.6662934663405884,5.584809759579352,-0.5391743483978545,-0.1053678278388547,-0.12530831690779454,1.9371058338839375,-1.2627372974251927,-0.32598553069286956,-1.4476696155488882,-2.0215768407971404,-1.073570696080201,1.821385247409852,1.5835018052056027,-0.3866153486885682,1.1977219005582582,1.3799477687617048,0.8795573925920601,-0.02893396467321733,-0.1317193846256591,0.41963685071760687,-0.23314537181901301,0.01038265716936549,-0.8606506757557363,-0.8668412428812824,-1.4747061986291101,-0.8501582599101464,-1.9040205261121763,-4.65263398212905,-4.570207455548699,-2.375957179086952,-3.132219602659987,-3.193331498564245
-2.3669898876028572,1.6052019567187623,6.594714032067489,6.586325046231654,0.927895007855652,-0.7873320591693805,-2.339219157216823,1.0782089879940435,-0.9028352460838155,-2.222847390167522,2.4873814894062583,1.4918262170175522,-1.783582667960801,-0.27670327310552295,0.633164223307685,-1.1337117100207852,0.10927253794705495,-0.6695429202417812,0.09412358073480402,-0.9356658797224447,0.5913658600247699,-0.3103419463181303,-0.3642878879221756,-0.5546013964672032,-1.350204796610125,-1.2113649773170612,-0.6575872503073449,-0.8691313807534458,-1.9086522732701745,-3.6879374665731124,-1.8917145265363624,-2.960840899696129,-3.5584052054010393,-3.6781425370042387
-3.200784246165425,0.4235382930802431,4.534854286332174,5.227636872343044,1.9808458292518172,1.8206788804769691,1.3086094822077179,1.3907410599052927,-0.5657175923612209,0.9181402169291695,2.9759277832646815,-0.7680219623706529,0.7974921177541993,-0.045464898598467675,-0.04629945781920151,-0.09764274581135536,-0.8065097246374839,-0.5927440456200488,-1.2693755535522395,-1.2672965555179936,-0.3693965783208418,-0.6826514929167922,-1.143514965353889,-1.4014161244656835,-1.1519369928818786,-0.9601610525970482,-1.413166151952331,-1.5561067762726448,-1.304274703805254,-2.3484709753215296,-3.0033391823609765,-3.878074482020455,-3.9757443648805637,-4.25080810250123
-3.4512474929300954,0.6303320764393008,5.347763738136313,5.626439995642458,1.3205793368115242,-0.2577814809357353,2.421886977188352,1.4291293702816659,-0.03157126325914801,2.2052062987129375,-0.015419140522019125,-1.5731903009062382,-0.8675604896923752,-0.19876625292329242,0.7974700377377718,0.16942740153831518,0.9326527237847294,0.3739655107030289,-0.5075243788177625,-0.6638652159323477,-0.7196403510688848,-0.7281240386696072,-1.2040254091359115,-1.1474310110684491,-0.9223354558006694,-1.2470992568151307,-0.6385171270964795,-1.3031065024249775,-1.355825313180568,-3.5371621241095004,-3.5055360459342526,-3.7882725649075697,-4.387865260232772,-4.600396106345932
-1.2107848694250014,-3.563164222109609,4.158839615974039,5.470227031614492,1.9622648071115287,1.167937946212167,0.003068978230264961,0.8106540401266445,-1.4705233112771998,-2.5821435083196067,-0.6061509801754901,-1.753871421342453,0.41642179420904485,-0.45333494188618867,-0.6360240870495177,-1.6174512921503987,-1.0364919393762102,-1.289294288903223,-1.6232574920075655,-1.1029343336213229,-1.1227630681999619,-1.4968248217744484,-1.3566766841993567,-0.9688510911920286,-1.0847939837137823,-1.449666433360478,-1.2515094608862378,-1.2698332167897002,-0.9646973730835461,-1.2649657127296923,-2.6901463758073523,-4.078134855982721,-4.492788980443872,-4.58705765654846
-4.1259181273535885,2.8130262120015708,4.762662745228209,4.2366275514079135,0.7395150628672222,0.34300298729381823,-1.8088739292595966,-0.23233707274141055,3.323014600505928,0.5368653035416129,1.3943223387943846,0.027344676054593443,-0.5785797026538052,-1.3996152317263437,-1.758013543900197,-0.4550056542806727,-2.0297254498838724,-1.7515233709865954,-1.894622146405566,-0.9410501856421195,-1.9469972379155334,-1.1767031724004253,-1.3010536613103025,-0.9055959784241917,-1.0059293080049108,-1.692596218731165,-1.9763209791307856,-1.5949624584996103,-1.3088494464760911,-1.4248320365791274,-1.6278350887981026,-1.8894346303217806,-5.3515600980391165,-1.8699649622374779
-0.647685423496747,1.3861256949384966,4.232554287213242,3.5130933837378655,1.7653089034613518,-0.09859712853123712,-0.01954562657139515,0.7293340705292493,-2.234708183747226,0.8787831466472177,-1.151410802357127,-1.1024927644081532,-0.7582636901961286,-1.052613662591211,-0.18860550410954202,-1.5727868790601454,-2.968442328231145,-1.134634525444875,-1.7304251124830181,-1.309652946043878,-1.5876591330210097,-1.5055465870529672,-0.8186921269706801,-1.1022923202826609,-1.6818240536282105,-1.7908290238951496,-1.5036239950769636,-1.5574257778923923,-1.5573303899556148,-2.206507813434124,-1.8392779390521388,-1.5440611146999554,-5.350560933529479,-5.043309182838882
0.895061992542993,0.13287302886699853,5.036952429618164,3.7702606866240025,1.4742307185853853,-0.14082390033334904,-0.5678673079522271,-2.0346026274266844,-2.418098218946837,0.06434486797824945,-2.6869399633765774,-0.820825280006659,-0.2573484965522223,-1.6666781202157102,0.453335755158202,-1.6465825590406173,-1.9198665203628191,-1.2333588659246204,-1.2030536854369243,-1.7771602549407446,-1.7783461394290452,-1.2414036363555048,-1.1788493271401361,-1.142783371523622,-1.5165130089149168,-1.9708223743622029,-1.6263053899363944,-2.1485659597609046,-2.414852566623835,-2.8568242564048396,-2.0591818428775923,-2.248007138021585,-2.0064533529661928,-4.713772609029842
-0.6860279048183754,1.1114781260183861,4.382629179299246,2.9811195180319734,0.8932178298464497,0.23691693275191777,-0.13251888952813387,-2.5761907260240613,-3.4053945184444676,-2.8224474987312766,0.2634510481852047,-1.4692415276953454,-3.632269425915946,-1.7795162020913358,-2.385172812464917,-4.752719196431348,-1.8345097422015237,-1.423736157650322,-1.5690847514215875,-1.8953421496761433,-1.481432685599956,-1.362230218050361,-1.3141028871079437,-1.590139407306214,-1.2037169978300397,-2.168521649673522,-2.384944174347787,-2.9947668909263196,-2.208679225029962,-2.466799262320604,-2.596578633643828,-3.099226817980082,-5.601170228501934,-5.094072533773226
3.1785919471608404,2.905754245535702,3.305722422731133,2.251539942478351,0.9109175598044325,0.2587842406379566,-0.4473432054692164,-0.6717487595279039,-2.2324598649814855,-0.27163941819470117,-0.1398292124355769,-0.15435029817766782,-1.1336948213205644,-1.7432732474772894,-2.4580085448116273,-6.751373746595246,-2.2719076597830283,-1.528608948221112,-1.3463343315426433,-1.8020352439846565,-1.880478641599596,-2.569730339031703,-1.8357565012482637,-1.1661277025341275,-2.876009908998706,-1.5891273413085907,-2.920919689988862,-2.525863433930937,-1.7610638550027442,-2.4280485280208004,-2.953180000101008,-2.409387924154748,-6.183045236053442,-5.5885937005026465
