script/wind10m.json
{"header": {"parameterCategory": 2, "parameterNumber": 2, "lo1": 6.000027932988019, "la1": 58.9999434238085, "dx": 0.5, "dy": 0.25, "nx": 22, "ny": 24, "refTime": "2024-06-22T11:00:00.000Z"}, "data":
[rows 0 to 23 of 24, columns 0 to 21 of 22]
1.5904710750273299,-0.5743024879440258,-3.583777869303266,0.46417759933736946,0.15370991668080927,1.0211039566017954,0.12991639971163352,-0.9499311922959075,-2.8389176220122456,-6.397060024546901,-2.4468705132327475,-3.248677063851163,-3.228559828016208,-2.4776503397565595,-4.767087103857769,-3.082024712263501,-2.129284484731725,-2.5504254940485693,-2.3010528338709486,-1.9890433192753239,-2.2987265286316414,-3.20115554996354
1.7275856257213364,-1.4649178050871587,-0.8290937858089995,0.5494540716987282,-1.1900540365568244,-0.023923503369703496,0.15628203289581297,-4.054143687643692,-8.991074038824639,-8.821609784812768,-5.102922064339676,-2.9872815575143807,-3.277573222771344,-5.728052174642074,-9.28561931890529,-7.753859943757931,-2.228778164576098,-2.706074656552818,-1.8605742576506559,-2.1064809097801196,-2.3714003706320015,-2.8352144354464226
0.9554321004362859,0.9207564538624037,0.6842284964973575,-0.5019727252649966,0.22131509411489678,-1.7863533972389015e-05,-0.7258176821102301,-10.061420838992431,-8.635033761666488,-8.213239809084286,-7.683957301439338,-3.3540088823672343,-3.6225818309124604,-9.53065058966854,-4.749980471681209,-3.1804718806381493,-2.558080774641931,-5.768028095515118,-2.5099133464421453,-2.7424463524296896,-3.4048159223217853,-3.5224389347018303
2.886157226357652,1.409085957994595,-0.09700693882425351,0.5557077004779725,1.1480881879657028,-1.3572769928184107,-3.1112259922383925,-4.348369950264783,-8.146219077943327,-8.11182260931652,-9.345705905416082,-4.199445531604044,-3.195502440411708,-2.8397866625263783,-3.8586966075524227,-4.5355734956242175,-3.7327306231338224,-5.1898124653603945,-2.296049917264134,-2.075755227521517,-1.5235540425104426,-2.4190570203666564
3.5106182027254396,4.100065342065533,2.01034451530589,1.0114935782772232,2.796796190459025,-1.2914904138300967,-2.932279808193501,-5.249947066758413,-6.011854870899466,-6.680047070537981,-8.48987799896809,-4.901786198923545,-3.11757721876038,-2.338061564129153,-2.314395216107479,-3.5628254548794835,-3.910449117730171,-4.672077178732905,-3.4405307000992105,-2.5076305413176585,-2.0372448696504217,-1.8503138876475052
3.831680163081713,2.7342513988877726,3.521702532357808,-0.62718738848824,2.7993036348035965,-0.013935512994631492,-0.8844421087150202,-3.9120092149517283,-3.7137938296458675,-3.634014307977166,-6.070408628726941,-6.835103926595976,-2.916250194617226,-2.157390767075744,-2.562660586827617,-3.5647893836156053,-3.3099406587785865,-4.084756694851902,-3.7419917067073465,-2.8171087582593515,-2.3817447415786352,-1.277806912024872
2.44967146752875,3.0384592316004295,2.5120677764347703,1.4329255407962633,1.6519905296429465,2.2013341992210242,0.44235280944789485,-3.403150263928341,-0.7963319392724102,-2.881006882580309,-4.849337623442978,-5.474943131201381,-2.675192806125242,-1.6666183165719717,-2.3612983196484882,-2.710956951410038,-2.4499097884308614,-4.7688946034092,-3.5618942540018947,-3.5788272199456967,-2.499893502277044,-1.9925930893579562
0.9399324362690574,0.5747141067556913,3.5607532917281137,3.056191618430811,2.246289385354781,2.960508694863875,2.737895296508585,-0.4533425263255627,0.19483804729318246,0.7948544352668591,-1.4445897939988024,-4.865569582115936,-4.780550946283455,-1.8792039636726021,-2.22366564035046,-1.7258455122160627,-2.3382912941847467,-3.0086968836161017,-3.5058834437407933,-3.1720752239602943,-3.2392494381001065,-6.516203762591902
0.37215466148237025,3.17982015954322,3.1357124917015695,4.884209575696327,2.821684140143665,1.3906053067210535,2.812484768937816,1.1396992843215894,1.6819305340072013,3.0392015902982585,-2.6916969266279533,-4.377726926914982,-5.328111773002577,-2.287553019058976,-2.188466153350382,-1.6635423097858095,-2.075874811317405,-2.76817341427329,-3.375168263120044,-3.411084262158363,-3.800609551314322,-6.209937369046212
1.8904046981979137,3.3375522021887387,3.243160857730773,5.553568273825726,4.44704012428673,2.7199629262400924,2.7450175910326866,1.0325473333989286,2.3790268607413987,3.6797215122249063,0.9143043899988166,-1.7200727493728698,-3.247964914884606,-5.4565473505044135,-1.8861148063415942,-1.5919195984387555,-0.33933079516944753,-3.049765766586731,-3.5195988424549296,-3.387341109021762,-3.023091422257257,-4.449825520773068
2.2499613932781704,2.9280911385258532,3.37507666191773,4.762448537064963,5.059305075784491,3.0323190079442313,2.5891620590162203,2.966194137020583,2.351994073704136,3.071714078110995,6.021419509562447,3.026061101168229,-3.077569078770821,-2.663932440352853,-2.7651554543833012,-1.5251122082020239,-0.1221011042801845,-1.9431285337261437,-2.9000766443171995,-3.0544497636698407,-2.9166371347568503,-5.68393343309401
1.7522899208213545,2.8777693894681686,2.5817556459897477,3.7502585053186364,5.005980499350918,2.2470817389657936,3.3523279167488877,3.6791328564362424,2.897508652408441,3.225851968770047,5.284937955452624,4.121790273570004,0.2733463793023532,-2.594822110108145,-2.210533484281258,-1.9843058459361633,-0.39559869084445565,-1.5531834941694984,-1.8940742986426138,-3.1564009116525864,-2.7125960007650503,-5.733890309506641
0.7413247044192812,1.5572558958061502,2.192758419069558,3.423916930153051,5.221242896401935,3.3532205200615497,3.2541893153261134,2.7299427747323253,3.1329045080117117,5.842294275140906,6.878965794557324,6.198786428587712,2.290156041731501,-0.8073303030281783,-1.9528094161288463,-1.5260059918725362,-1.2139292890264752,-5.259661902988365,-6.4753551227348325,-5.80883277235513,-4.652267767017245,-5.2475007030945315
0.17146447657711109,1.1671252125617435,2.7334029746175115,4.105857214943556,4.044799799328117,4.1178601582076,2.9179699143163527,3.2836859505041813,3.00587891046935,7.787069374099493,7.2674575431050705,5.260138450635165,2.936261361425927,2.300472569112257,1.568981505657086,2.159137755879307,0.29696478537980353,1.2806576251055226,-0.4418070020048897,0.3340414320523817,-1.4237241909938803,-1.514839988605621
1.8063646739514443,0.8654737142865547,2.8830758530548333,4.139277001136897,5.454873156461802,3.5448820016604263,3.4223648082740086,4.248964280442555,2.8405557837441098,7.245083831320145,9.046420154742203,5.203772385438473,5.253870892922481,5.1652637950035345,3.4190730459624277,3.048921772708435,3.092725112165889,6.572328337911437,8.955940401357127,6.469343632226639,3.6065895283058227,1.1735254998920208
2.779731412015801,2.6114287552111914,3.1979821265938013,3.9087308639645046,5.211077521614216,6.019897801099888,4.106178967163679,4.474630431868558,3.627661686859457,5.092271688470788,8.182947492693136,5.130422916087047,5.850771365435072,8.189902183199319,7.527726962559563,6.175935732915475,8.015430141532663,9.136327902850724,9.430337752397314,8.179412292021981,6.272441931261676,5.815928516787412
2.3369129045102577,2.0726091969805167,3.512666859670767,3.865622152906979,4.904555185954731,6.503932618390992,4.489227805142122,4.760917840095746,4.833095458885315,7.935337554100059,9.104226208136525,9.412356402576684,6.67009550313252,6.347939106636558,8.10562786627192,8.8777145828015,9.797061335266003,10.456377556186359,7.463745834011493,10.264077206024345,8.765051256233349,9.835444684659487
2.3370584213716312,3.668461842162296,3.3132171146411777,4.186015937182107,4.814390760668415,5.460730107844773,3.492815330917386,5.111436725557926,6.695037233534401,9.986973435934939,10.057886162576537,6.430175504032427,6.230282323357894,9.821388654345586,10.230446899259228,11.153409482590423,11.190004722996212,11.401608241084716,10.914022777464064,11.111355499592271,8.98238014464428,8.668299462523601
2.362647940555007,3.1024549096680407,4.55398458196477,5.387733510835723,6.39644317889079,7.145697361342249,5.191197656916755,4.933417526914748,7.242893958804756,9.937042379965497,9.544901199965594,10.309061386962481,11.287241311402843,11.990373691336659,10.201129472527162,7.056344052101291,10.27482960272955,10.495071911195458,10.549312888357619,8.355125740788283,7.449916764584509,3.7527912257028624
0.5990501795792572,2.8123799657507274,3.705305083201196,5.156883886342842,5.83546991408029,6.886982798439564,5.493941384911745,4.846411292498765,5.485920343732301,5.761295344300976,6.700328558833605,9.75465355085533,12.389563462955293,6.652251481291367,4.098432892762796,9.319547952704959,11.747566908444783,10.298570386137978,10.297096256967176,10.588699028191291,6.003877540081297,3.632129369228698
0.2882181749065879,1.3311519960335254,2.4432284526526704,3.5775174724888656,5.368458275048953,6.427758204049174,5.004090727253843,5.047195250374951,3.734039729754332,4.997924329267692,7.466673479164191,4.998180362478608,5.772016615712354,6.090807780742654,5.197219567587683,5.836016231280985,8.720166766171674,10.070017647548005,4.035787281737681,6.5944018358959635,4.810037654438376,1.4614440133361408
0.5707604113412283,1.8793838327820156,2.3763590457980768,3.1933567424757254,4.481115463860695,4.261876002503813,4.062396124738442,3.993822543620634,4.13549926988638,5.724620972683338,5.69950673601989,4.263647358649551,4.180361229286266,4.354706812821228,5.391384028921343,5.299482651518527,4.715274412843698,9.624166308133976,4.705285676796016,3.8757311162464037,5.718986059851578,1.0951480838580245
4.62379202645983,0.615955449764074,0.737824824517257,2.465541790552127,3.905933141652712,3.869628706575379,2.855320220554146,3.4843402855758243,3.915476237030436,5.2168656668918505,4.473089230253938,3.972257875912076,5.381307905771981,3.7386303484281824,5.442457436511327,5.664680305655333,4.0144852767378145,3.307136785236344,4.31187577878463,3.606491267049241,4.253148246021298,3.547001264902669
3.828746347401598,3.495980377057341,1.4471940693595058,2.5907093837642265,2.575305862818392,3.594085208472414,3.8628825864179808,4.836669322820238,3.887636621228805,4.148090620594498,2.7907908852813534,2.999773339170746,4.60058204996363,3.476090365982989,4.317910487561461,3.9897715540321537,4.305151572335496,3.96829753256442,4.480273994137455,4.151857833882159,4.019455593020932,11.213881922156705
