script/wind10m.json
{"header": {"parameterCategory": 2, "parameterNumber": 2, "lo1": 6.000027932988019, "la1": 58.9999434238085, "dx": 0.5, "dy": 0.25, "nx": 22, "ny": 24, "refTime": "2024-05-27T10:00:00.000Z"}, "data":
[rows 0 to 23 of 24, columns 0 to 21 of 22]
-0.772494939231399,-7.646379892203353,-7.3086771483441355,-1.1585577227223027,-2.299867568699282,-2.385022957421171,-1.9919076313027335,-2.675472327047063,-4.12115095879461,-2.089606254853287,2.7518808131905192,-0.7404273342021808,-1.7290083679693975,-2.6123952109111195,-4.355673801984639,-4.225033601465129,-1.7459689252743869,-1.2466523697248537,-0.2776065785187202,-0.391941830225195,-0.4984023919274845,-1.4998048834677546
-2.490728739110845,-5.0243207506344465,-3.8125547277231187,-1.5762379843011256,-3.4621041744508476,-2.3051793303954944,-2.4244236521095517,-4.85775802610834,-3.790056764065972,-2.8136243610320464,1.9531715988556424,-1.4257842737694413,-2.248603248915867,-4.262673237003533,-3.836841705118672,-3.888653813631006,-1.690306431885126,-1.2379296319290423,0.09368765636391765,-0.2684703727427567,0.21034012294078117,-1.7642965312463923
-1.1122000900989586,-1.7234331750533851,-2.4956132087710796,-2.5834354702653486,-2.2167782223514414,-2.0342424542761943,-3.9446202365187135,-5.664106096359885,-3.66349995017664,-4.054062025809856,0.6894742898135522,1.663586516443812,-1.8819087385808568,-4.379661939912892,-2.351185485182234,-1.9392152545544747,-1.7296064360162624,2.782391579803561,0.0974486527201916,0.3115504300491192,0.5369055843490858,-2.9599064147773895
-5.150326817762328,-1.8965322067806532,-1.9133341003052622,-1.9460473771384756,-2.1328235355297056,-5.408631634153424,-4.996511149618748,-4.448775792129111,-4.709656766918135,-3.6717579437150025,-1.577968145327094,2.0466181055043537,-1.109261560149739,-0.8219209629548989,-3.3387661014774674,-2.349547992073535,-1.235435230843122,0.23870756164352727,1.1155139816596924,0.6219658938013284,0.867772468859149,-0.05393543004522673
-6.108295147600453,-7.0467719773457365,-4.563149076813348,-2.7013858592798132,-5.015318458223994,-4.7292011630138076,-3.5689437890549747,-3.431172968768875,-4.423485386388517,-3.7617569401360162,-3.7792251068059537,1.9189550131246393,-1.0703665575236403,-1.4757644562007528,-1.2362454458060244,-1.7435120903018673,-2.251436341358747,-1.6232799066291297,0.009317927947617256,0.7165444071928873,0.8055123925730414,-1.1717963413352077
-5.947398353148099,-5.452439057725191,-5.246230252858967,-4.353639279581869,-3.901196821308057,-4.014252994594808,-4.185502991375426,-3.9692012852022205,-4.4263396582678105,-3.68338785394725,-4.766042295139267,1.534533424450232,-1.511517241490959,-1.980276458063921,-0.8752188311320821,-1.9971116098508124,-1.7265087050592545,-1.015257092626473,-0.454112798471566,2.131277512516502,0.9561777555414207,-0.7439112104595546
-3.1067209054200045,-4.408293026254242,-4.582282536030037,-3.9306003935101343,-2.3898036131710074,-2.8511810385440883,-2.613747531460196,-2.2070173167745226,-2.360863654736541,-4.70643025663702,-5.372576055376375,-2.3219996562929723,-1.061995385815329,-0.9169632557085792,-0.9642130599475336,-2.4244482634447153,-2.196232243701797,-1.8858710444905884,-0.9626968908679132,0.5087073149082452,1.0867246895216538,-0.7137405299330677
0.12537319517950704,-0.020276538287804565,0.5627230262814161,-0.07140868907676524,-0.4470626511022347,-1.414885117264371,-0.4855758522535779,0.38006050093247506,-2.426786410134529,-2.835438163252351,-2.6753093250204696,-2.469194386568198,-4.26522047060067,-1.151544304411683,-1.5203601608360298,-2.494200762350879,-2.3592289072295802,-1.6219428767873345,-1.5833913731222005,-0.16264640300795818,0.8675345230137492,-2.648183673648584
2.2996931407212893,1.7657339537248733,1.0123850046617313,1.1039355745662265,0.3158940996919363,-0.6875636087664206,-2.455689294540531,1.6011725046743597,-1.4847286048657622,-5.111414720972464,-1.8849124577100664,-4.002210465665567,-4.7958440067341055,-1.7209376917940857,-0.5824619461590249,-2.2139979033930115,-2.3475610454353566,-1.967427608675868,-1.2376359044045122,-0.9596966241598934,0.7150696344362192,-0.7463641349880102
2.6656310723788494,2.756129926992967,1.575177084437943,0.9901822253925883,2.3158567123552767,0.9678933847353138,-0.3991935837543158,0.14183987857532776,2.2735286237584025,-2.799570069322906,-1.5613956952737698,-1.673170266831065,-6.272582246389901,-5.437160624238876,-1.7327803114169018,-2.6189183048961584,-2.1859706628837916,-1.8799515009576948,-1.6201474072705864,-1.8173845550486707,1.2734141893354274,1.687051653304941
3.8057582642139285,3.5765983325326536,3.491510904775376,1.6110350378495448,2.234434479670965,1.6791285063385448,0.6305423259052336,0.6326336313157886,1.7105087550539826,-0.36746020641527355,-1.2329679446724726,-2.707222175251256,-5.270155577750355,-2.3405367860784665,-3.71321981969091,-2.865751339703751,-2.400944603169503,-2.0516534857557907,-1.6851569906733561,-1.8135685246285138,-0.7830331558208582,2.1574467133111654
4.0620468701462205,3.731780191345408,3.8372946390326366,2.9751018673441663,1.6696769599864578,1.5985517623497558,1.4952874887099654,1.49278258641001,2.0372040343558093,-0.06762428396928413,-1.0230190030628872,-2.1356392927415344,-3.147932111263038,0.6348563408014339,-2.4836778551614893,-3.1781418057672117,-2.437442072430786,-2.54532389019711,-1.1118773621867575,-1.4334170723785526,-1.128568801906449,-4.2661371145095695
3.218739670390336,3.9938961712974943,4.167946433710292,3.713289564777933,2.4898104344868477,1.2679446932477205,0.9723055785100447,1.591096368517714,1.2530153992773054,1.872367068800307,-1.0073234670560223,0.5676814169702349,-1.2222514172245629,-0.6668956117136399,-2.014657986369582,-2.5353894175527256,-2.0282510741567346,-5.922271068425503,-3.0239355553576797,-4.246036684717355,-4.2131211230185786,-3.9202040601682846
3.6789238866309635,3.7852252013244008,3.844361688339673,4.065958896726264,3.2744782391898943,1.681601740238654,1.7226244908596136,1.7340838297669647,0.750216471624656,-0.6748745077874747,-0.6464868397152922,0.00630878219108867,-0.7321490554344308,-1.3228320194981698,-1.4758281711450012,-2.0694901770080443,-1.9825653332307673,-5.078480078879194,-3.389899466791632,-3.534854718736909,-5.06624685203919,-5.015589552457388
3.0423232302678045,3.5916503535771436,3.599862753165991,4.066615294227977,3.7379973761080416,2.339276131236319,2.9092775647448508,2.2365651885647586,1.6345223794235526,2.8812807041587267,-1.765031633118365,-0.36872939556961243,0.8854135801843893,-4.445553267797851,-2.4779249224929645,-3.557899273334921,-2.2069021209901125,-2.08265875678973,-3.1184572127223196,-5.3767572649288535,-3.5266094016741527,-4.651721870040562
2.9047493866341885,3.450791668426552,3.9061392759795113,3.5350224160957553,4.419202428760371,3.9531493498714654,2.5006429990322188,2.580679668099362,2.4008758612106758,2.541293207276787,-2.14446503096629,1.2262691483197978,0.8980985958233643,-3.9168088671013814,-3.7622794923817406,-3.112189355952636,-3.515105286710429,-1.9763486918657212,-5.520419261940976,-5.830313999645777,-3.4994034330942827,-4.626838347298439
4.937166707130491,3.325809467545812,5.112506177988326,4.069286969773695,4.559148723909162,4.366349222690845,2.3962531854576525,2.245901018335518,2.350967582598504,2.099338501342381,0.2452623894878751,0.6343868139264924,1.8241370603094023,-1.9684805040746396,-1.9615088047600844,-1.510340669117009,-2.1553125061342286,-4.8067172525886175,-2.8633035826262607,-4.626314528526803,-1.6599058770905593,-6.097654750142611
5.163843024284911,3.8998105813742607,5.601949468627307,4.173873601321196,4.543836538334896,3.7016153179195967,1.7349883130793182,2.302225186260468,3.3212265170625104,1.0152361279782296,-0.497761245223607,1.2697943623069627,2.485379692866875,-2.059041062208831,-0.29341248237989764,-4.731434899557484,-1.7655497701599019,-2.994546522540158,-4.7538350045053654,-3.9322222752671996,-2.91022216737119,-5.525295329318151
5.059345538474322,4.468804819315543,5.281309708377441,4.46051211230979,4.633351247204127,4.9868598647151225,3.473533610966659,2.368625127563253,3.91808244126712,-0.36502814535291994,1.5404317002965486,1.6275450104930953,0.9817121190419407,-0.911855124158986,-1.371703750413374,-2.0958746019236094,-2.4776599188728627,-1.8700597890503323,-3.059920228701931,-4.359613692241232,-2.5616657883994427,-1.9278773740510042
6.160952032530207,1.9152835240164443,5.811744320479312,4.738128028114294,4.246211587578659,4.486133779513792,3.6517846646715735,2.4389276434686855,2.7035095778024734,2.200399030154064,1.6811687768478538,1.5834594761812313,2.5909990988247964,0.5096021043776344,-0.23908098439564193,-2.8289573983948144,-2.070689814956734,-1.9896383889674434,-2.3344418869266934,-3.0040869687717677,-0.6511604563647531,-1.249418854844814
5.554339634815079,0.5939779283131096,3.243408677463825,3.341219993164146,3.847901898326143,3.1712221220705867,2.6902662018996417,2.58813320833064,2.069562252455064,1.7250823669789748,2.084045443016262,1.770774568274722,1.4605990062209921,0.7307006094389372,0.5264158640340152,0.21557837690652223,1.120509078729926,0.09428297733861794,-1.1218694192968723,-0.7082418601643369,-0.007753139549258186,-0.8685543603460323
5.7044727136750994,1.374464995443283,2.6359773299434477,2.785004732289335,3.2183298076089857,3.3670221025574247,1.7819055135351158,2.075005393741486,1.5090957151272442,2.064457609960038,1.8520682534504675,1.1681730581537881,1.388241131963622,1.440499686398895,0.7077566903778328,-0.19901939637511337,0.38241518829652443,-1.6439976976539217,-1.3522205205250537,0.23455903892484167,-0.18325731354438868,-0.6903944952088645
5.861342452087483,3.959659324486701,1.3311609102455728,1.4453477726472916,2.6725901037943043,1.9364008110298663,1.7321655048426936,1.299163508399855,1.6027159028936393,1.0981084614150618,1.6025890904125564,1.5370517577587082,-0.01670220233992292,0.7638931606829706,0.5207292605912781,-0.5794279835941035,0.31083427775016753,-0.19019902666584615,-0.88978058161418,0.08863670342731472,-0.3434577223890246,-0.6479632564587865
2.8623398991068227,2.1246708218320105,1.8163092916369055,1.779238542030343,1.4794079114719727,1.4855677141526777,1.721525129607054,2.3467000164336667,1.6908134779047768,1.0058031852191576,1.117674434114982,1.0870541815766204,0.5076806944701674,0.6097140882665437,0.11973288224269062,-0.22241412679110786,0.2953814439591344,-0.10488401080447646,-0.7148957877667652,-0.10723192482950607,-0.9492227745881965,-0.8699149476728867
