script/wind250m.json
{"header": {"parameterCategory": 2, "parameterNumber": 2, "lo1": 3.000054539987559, "la1": 64.9999836372058, "dx": 0.5, "dy": 0.25, "nx": 34, "ny": 52, "refTime": "2026-02-21T10:00:00.000Z"}, "data":
[rows 0 to 24 of 52, columns 0 to 33 of 34]
-4.156206363253309,-3.9316607586255716,-3.160661125693958,-2.0305150163689816,-1.1115557689728885,-0.4203837545196892,-1.3140247189289658,1.79639667852272,4.388289650268258,1.943130050197978,3.1918894870623373,3.5627334654324705,1.3322738430537433,1.276720376153269,0.5257459040841104,0.5234676782320858,0.70844044929768,1.107531741611673,1.4352581573403145,2.0530936126066437,5.068063310918623,4.562518463591886,5.1042153544913464,0.6032346264914652,3.575308606005391,0.6793520015325446,2.2318960873466205,0.5711178991697884,-0.6594945505932396,-0.9176687377921307,-1.1787540693602723,-2.356010292439934,-2.684247302016389,-3.3714403774181907
-4.598480079654869,-4.641401679915482,-1.6895895473287672,-1.580342631948455,1.1120055733472112,0.4198880035346324,2.4305291523702177,5.292151082887875,8.021040005838266,6.613425498833319,4.477434327487605,3.6074154704523314,0.8468106044592234,1.4152100177812295,0.8467944772287239,0.6999798742758511,0.9756806118344725,1.7810483785493547,2.411840251974965,6.6662292285070235,2.899528653994739,4.601810916031585,2.5975853358490886,3.856564377935839,4.126898416835583,3.274122617728145,1.1268585251669765,-0.9486586189740622,-1.284644334819942,-0.7398075592162512,0.21660031869127255,-0.009890050560693617,-1.6646840644939358,-1.4632930442491052
-6.168059213123857,-4.1418318587218526,-4.723742780907866,-2.3132638445966593,1.0001648102646232,1.0916281175958173,3.081100894390093,5.183160777795792,5.386734421724055,6.214911365191936,6.253651022892643,2.6163973145982107,1.7319031836722858,1.3648230279034081,0.7213724570657641,0.8682645251240061,2.7420456371056976,2.7936745729394614,2.80664394933971,4.677993542902694,6.22924681861767,5.378032954839774,4.599064541993023,5.186120538926493,3.868136532550503,1.6767247530393468,-1.4852124205067885,-0.42082468070209444,-1.26514713245451,-1.3845414136689533,0.39140503577147523,0.851786461296105,1.1827753649963872,0.2589446115917228
0.9222223996922052,4.267614194119369,1.6193400939614464,1.619805250250505,4.069521094355176,3.4854320099228717,3.3591304967367024,3.9621994421735844,2.5212401414389727,1.0769377119019792,4.697838669817449,1.7962613915406567,1.4623887903608235,0.7381420565589649,0.28586407485631654,2.179248233896773,3.602144087083912,2.9249941852932353,4.482246829812819,3.8950268266744477,4.154645711437643,5.764865962690379,4.885515738375364,6.415756266886444,6.7953643820354195,1.907100313449555,0.19476966264657541,0.03743973790813948,0.018401229624139665,1.3061213485645358,-0.1342257135182569,0.6380847702991996,1.7613517980385474,1.3355583041050538
3.527292468819786,4.264720335853645,3.9345671000400695,3.202232648804283,2.9473008879545426,2.514349410508207,3.2392870394859936,2.1480464574107283,2.2184459257222438,2.1686076123175604,2.5549493450474703,1.4722726469326437,1.3754444080951047,0.9388863953775992,1.2852948745087895,3.126613263512229,5.705416289699689,2.5615361112773494,3.5450323118868403,5.8556255805098,3.161699040128444,7.992859794925615,4.868693428906117,3.442919390013731,3.911067991417175,2.9887600355122212,1.8270321886497836,0.6338678962775672,1.8633390379724584,1.9502458345032934,2.1242979736430265,3.3848865377996047,2.9807467465317545,2.9492462684441056
1.9794716166905817,4.833181614599177,2.7772783746133545,3.111016539043338,2.6665133064744424,2.334028879718738,2.3433683303025723,1.4977464703307601,1.7497653461546105,2.0897724495767265,1.7371359515877554,1.4169756090468235,1.9089596498141066,1.5670573877061882,2.3749743409046182,4.059494470933223,2.0423019890611123,3.430705064970154,4.47868500053055,4.221757396821819,4.808742886454853,6.656185031258848,4.251736901442918,7.020619560992299,2.4046821992287133,2.222918202823443,1.3905938534083386,3.5054390825270194,2.5327953514616253,2.2647665567257595,2.859982664508064,3.333103605855937,4.063758445095892,4.8358790550972115
5.187603086982919,3.750274959994213,3.9303527964062503,2.8345516274124574,2.6753595826931793,2.29400683257637,1.9365629462739076,1.411126993052895,1.3851869492170965,1.224417293182688,1.1551076084391663,1.7385088154334605,2.4860189300294864,3.0382014366646493,3.4283324077347066,2.2409235916539654,2.0791296189174915,2.396418220671371,4.764516984672307,6.277852436747677,6.969565201383967,7.894354142073314,6.52505233850823,3.451056261561935,3.276888033663175,1.8968225810486323,4.420813181541103,5.649060186345176,4.262109451748459,3.780163935864147,5.149752725979819,5.348107407457149,5.1481572529036645,6.212604547005328
2.2410471340718976,3.0356276349845053,2.9865451868405652,2.0975475200486273,2.126898552290293,1.920821625759867,1.536576319545891,1.0303417327026174,0.9148498321500594,0.5037666240982969,0.7963349914061715,1.4245663018578452,2.4428578066995144,4.705472082485381,4.215205000520059,2.4441914628798265,1.8989718453857105,3.274236868657493,6.163736368330144,6.70172565183368,7.497130378664178,6.736325053055253,7.415844504271408,5.97973709872072,4.309332536454483,4.53059715419922,6.361334730008606,7.86710919444783,5.4055803032107566,4.888045975604132,7.619951954901307,5.058840135630166,5.862895572002389,8.313885611654491
3.185142957151787,2.2753094222122674,1.5560505051571363,1.5165481956165061,1.2867328120519446,1.2705130086735996,0.9702647974090036,0.64988893630249,0.6156464640525645,0.9734015561273103,2.4632558544016794,2.0126509928262832,3.599212934151762,2.997695025071989,4.164468521065775,3.8987505763104213,4.08105660225799,6.25867531256578,4.2899750131125005,6.221400692486151,6.007700039982273,4.948872330708631,4.235454812856645,7.769387561970818,6.739346270662093,7.0010344291344735,8.13329723502539,7.264111442340717,5.461713053569182,6.103677689569454,6.689073536465524,4.6256195998344305,8.555971942979827,9.078582705098468
2.8439160352164823,3.2852892285095225,1.448511850346283,1.066795934022836,0.688487968909582,0.7773679997328755,0.8135127417074169,0.8174897318363605,2.2751748716556426,1.8637501918788517,2.9559381297154057,0.03998308525370887,2.4860683078683055,2.217880611340379,3.363427645265726,3.233677656376418,6.854349196339632,6.3936396589064435,5.7013946885034175,5.419590762892552,4.818877338944134,6.269695326917506,6.1010023241808575,3.975406020561494,6.1293401563472765,8.120248688470287,8.785517607025392,9.713027380224041,10.871672738368922,7.896605422607685,6.374168925466267,8.13770398522302,9.547307658540081,9.878450493134363
0.3342780667439875,3.0104886775957516,1.2707041918184978,0.7768093404912668,0.42844327508239827,0.45995749759772564,0.6267902051734767,2.2950819027082834,0.5060641396040796,1.35830746032677,3.1070159085718876,2.222456339712984,3.883372186085518,4.135978708859814,5.380960345583813,4.889142820121078,4.092438846303068,4.869023839370968,3.7909483225672047,5.617200652917489,5.349292054261847,6.720770747542102,6.995635715536425,4.354758742216353,7.112181365810725,8.167389875302712,6.484111791678813,9.52930428529729,7.720080975548287,4.9574311774062245,6.479501242073184,8.898398757360605,10.04683245655227,10.216528099795374
2.2194111246835386,-1.1891553045110703,1.5157588946406069,-0.7109018571781666,0.12478630456748155,1.1405429824951332,0.05284472766094802,1.505787174336874,2.9571942576530996,0.23837270358016172,2.069127687120211,1.7456342936340508,1.024139858056435,2.162072693307148,3.4515538881508707,2.5116722371598152,3.37160439121973,3.01522483249836,3.8509934086128847,7.975866259612113,7.6739458250268635,8.816144413758773,4.32571121724268,10.589192696440605,7.165357658971642,7.17724393170646,8.582338829582177,9.545594233287344,8.0302960337266,6.111393276704066,8.133075452785627,9.310832383481612,9.995847236859635,10.198471376246761
2.131713170856605,2.1729795988289275,0.7890109873535691,2.9558812399208825,-0.07984349185381022,0.24314908629013438,0.7037358803716256,2.432349858692264,1.629546729276432,3.8010829982100858,4.124944639556959,0.8999723423282904,2.212088023782904,-0.03785993627686659,2.4408711367376417,3.099326944866407,3.515381026277491,4.5397906494226765,5.380476106682032,5.98123826384235,7.453236563252276,6.637397913860141,10.018200411339205,7.817910774183759,8.859435167010966,7.411546560265584,5.231403385638787,7.414479005101371,7.453096518812178,6.8593593105678705,8.027862413739953,9.352363507654504,9.482906483409328,9.456720516251359
2.4782920379000197,1.8808318541009656,-0.5972021086106382,-0.7714184124798117,-1.0299438400959329,-1.5065949684499258,-1.218162236255201,0.8106143585894577,0.6989911371807525,2.5775479254372633,0.45605507347740953,1.3799182661202987,4.327404483313946,5.009514242037915,-0.35028474710020885,3.402179263953589,1.8858535656339246,4.761345990044514,5.4674182511300575,8.600057438002121,5.254440726670147,10.189810497968312,12.958606019445929,11.987060626040872,5.970372805615287,8.881412287207612,8.589983838107946,9.740391744534486,7.140903381489068,6.860856750443537,8.727552804025608,8.970568733995963,9.21944946705541,8.990115330796748
2.681915148494717,1.9843486829950092,0.04109252460246676,-0.09629993358943928,0.8018864176871375,1.2262657273269901,0.5710519587277293,2.505560291118977,2.036640637981689,-0.6006925063598204,0.4399611931341523,-0.6356238936684876,1.8224031574645732,1.924013041272556,2.803957448888456,0.4254527539090797,2.618885467485309,5.393646649470092,3.593662182347857,4.016513860825508,4.657068957279027,7.296125357295977,6.907278543899587,9.254314529671385,5.72684959018214,5.864165067239938,6.743364637337631,9.81441528959701,6.785168623691257,8.235546553379045,9.185383509963975,8.846496533387779,9.128062490639454,8.61456454859359
1.6223834788989038,0.903369009031779,1.0233658861633943,1.3367513906789215,1.0643665985533157,1.3333085796113433,1.6903477590465188,2.811864794781872,0.08296944845220104,1.997305421279731,2.8337609926007263,-1.1921222804825846,-0.04699413965161078,2.5225043100794955,4.976348628653516,3.3127751691218927,3.1088232010224037,2.6863150124889454,5.947349715798149,5.82327432667922,12.815341796275373,6.358231151091547,4.9666908991347105,10.037172076638655,6.272789479434796,6.410708174781937,12.960820222741315,7.682315972969246,7.011678333512253,7.506913035697477,8.980224721525977,8.860676962772155,8.320747730707028,7.991781012280552
1.1951028245590922,1.589852017869272,-0.13977798799460286,1.5418759445770895,0.8155745692863995,0.7852775034537082,3.2270727094542138,2.9472507804915526,-0.17242300574108654,1.9093299773159735,4.836366723570018,5.347313206227153,3.4097774718307603,1.4138095947637124,1.3149649940045454,2.3278778888432496,4.4412413862614315,2.8805869959534087,6.898070815417677,3.7446920140397166,9.236899035887374,11.571025606661818,7.549678280841308,6.157348837486654,7.710322503419868,5.634377704087542,10.958045261028156,9.003957557339378,7.574280935418419,8.252915805359445,7.554636360022804,7.708814228207726,7.7930627938535055,7.512855944034891
1.377949899324657,2.033183749882067,2.6069185143638376,2.014298413691332,3.7345778350899588,3.5650412092035255,1.805082258592164,3.158822863715185,5.148973080800821,5.797396530363265,3.341447605717639,5.212318701660567,1.593273897208633,4.010449097774812,2.8692006726076946,3.8860112546210677,1.8958169814410775,3.6448089574942384,6.759856376262212,7.051210813744833,9.014742276017028,6.556052296895716,7.35803815464448,12.187611638321307,5.116163569924023,5.3349056604725185,6.634498365157863,5.857525520691507,6.860174219966236,7.60028688098013,8.062184809544892,8.212394122365504,7.383888979971087,6.9461577596519755
2.7655724806194155,3.6872767979449965,3.487952469378901,3.83386346872307,3.6129562299787508,2.1820848546540317,4.717649016135545,3.7632271343014487,3.81020458374483,8.405454351568432,4.539019710628768,6.678944820948404,8.858806066933386,5.47067533059803,1.178755815496906,3.318438063198431,4.186345308751935,4.17461065672744,2.073065239594784,7.055651384361626,5.286276010055684,11.631230081934204,8.496075681049819,8.106840063645633,6.452531446516654,6.084529636015088,6.641329727353694,5.600342149306821,5.810574203671686,5.247315723280483,6.972707454174702,7.0163973122522325,8.07185889955509,6.565751707273378
3.233914753674953,2.6015774967342216,3.808741840763429,3.737844501388338,3.6496510401639473,3.574024214815153,-0.6124503259435927,9.743171004308696,8.76649058529175,8.2417236331299,9.49687794660676,10.110451897282807,8.578092583830239,10.029032899584589,5.321908134598146,7.379754067387503,2.264369505732199,4.296408265445046,4.655416831717324,6.288743818653947,4.475110156496345,5.299466297183302,10.685733800291699,7.944882468143443,5.405610970329933,5.877366109336945,3.431778563647189,4.617026109332502,5.32171757307138,5.194442812338383,6.480811913896347,7.023147373478489,7.447495919055487,5.531381104783587
4.363401740755793,2.690964327286529,3.6308809916695526,4.376029555400341,3.128597587381221,3.9913058480129013,1.0899786708110961,4.275774223087806,6.028716124001144,10.065106046946195,5.770650472519471,9.212991494126511,7.274771714187582,1.7442235540308795,1.2415659185945218,5.608682126706558,4.732216409837627,5.06620590313175,6.6132667731285,7.248307227739248,6.635657955061201,5.031987648634904,7.543687495265084,7.649965323789784,8.721649823385897,9.346741228543252,4.705750121731792,4.217438196202967,5.453837879545591,5.285907594903479,6.222932526317742,6.387840210832079,7.353228311830055,8.612997051826577
4.9797291927710985,4.966206658985552,3.723650324733813,4.181638695373443,3.3272384664713903,5.300770945218381,4.011218166809058,6.227329660822336,13.803749119371714,7.864818248869069,8.887319615122447,10.304669547418623,1.5855603656599606,6.750919885073155,3.937500655018837,0.7723888311253786,5.272970359615509,5.871410727379294,9.363696337527724,5.32283975242619,9.121611710274593,4.300901019908849,8.003566981029648,6.354010631732805,7.499087629402944,6.765054497580122,5.2053965925025025,4.263400466081707,4.64019734692111,5.841030869594313,5.463083613326923,6.203902229692272,6.777116909973667,9.592273449049909
5.493039350627419,5.135066593938057,4.8004572004334385,4.856159101813078,3.9306587847544763,3.8878301284921695,4.697617454761285,5.207731860708901,13.1581909523746,10.874490000412148,5.160362805473167,9.862430770148068,12.835805841359756,6.834945830181435,6.004079567682996,2.0567795302697736,6.510947592479123,8.31401265078577,6.174103852362093,7.010811810134714,5.99770809879195,4.819386240499524,6.047364128554901,6.794033073625238,9.088778755983013,6.878643900072199,4.850555593475641,4.369400192951827,4.378558828748066,5.760927878470079,5.252698308705777,6.119240902111096,8.113286600808152,10.901795567489035
5.9386659066629885,5.57318363688451,4.410579057202942,5.127964615868065,4.205645843355546,5.334277071222248,4.588987852218422,8.534452715021718,11.576678879714057,10.793972739555286,7.0990218692872435,2.639498309482231,6.5156331633212226,3.546769180287159,8.385488506859085,4.7127421820413105,3.6568191323927364,5.89807206390848,4.630833211209415,6.510060819035257,6.778820411422859,7.061560886295255,5.58694500933606,7.425873812881819,6.563757288898119,7.02694584070778,4.454856489719226,4.02830328124382,4.745684422057748,5.133413880783072,5.756890040318651,6.814444839802673,10.498653785944235,10.76100043239955
6.371712805089812,6.060598837963581,4.463040345543301,4.447858591792065,5.2345255423827775,5.975034763379515,4.238145848656596,9.111337100144073,14.004799943399814,6.975207315767052,10.003695652975619,6.582078801213092,6.5552199822629715,8.283609163211208,6.392970906931936,4.904599249548125,6.085351156434977,4.2112396861481916,5.0073867948573145,4.900966504137696,7.095123756115899,9.117631592918654,5.204736029942631,6.808626494281948,5.196438091406273,5.782445716595951,4.749662463398115,2.988831200079926,2.760642991883461,4.208541523260778,7.145398097353183,9.669512444077679,9.489804986949528,10.582354812665889
