script/wind450m.json
{"header": {"parameterCategory": 2, "parameterNumber": 3, "lo1": 3.000054539987559, "la1": 64.9999836372058, "dx": 0.5, "dy": 0.25, "nx": 34, "ny": 52, "refTime": "2026-02-24T14:00:00.000Z"}, "data":
[rows 24 to 47 of 52, columns 0 to 33 of 34]
16.20657057119418,18.440642447623095,19.532524957511466,20.43077718703339,18.93957433717112,15.903819927941553,10.773018415994384,7.076142316954686,6.351150420542915,3.2205457768724695,3.540023610283575,1.2831923738115465,-0.5044950645012167,-2.5511302124654174,-6.152365407076115,-4.818709440769488,-3.395573333143478,-3.937450263995478,-4.5824910090804645,-5.44212898155166,-5.975513496165597,-8.424702386020218,-6.56596794467837,-5.835822202890125,-7.805787170958988,-8.793507352231988,-9.187771677438318,-9.582020045988921,-9.293826961582814,-3.4892252858201127,-5.968165532038111,-7.567409098976618,-6.651154878289437,-6.393528226422338
15.15588890208082,16.122977491272145,18.94746053566771,19.87231737668435,18.18297441799989,16.37653948123336,14.20117815366515,7.51396550335229,5.853466240531448,2.8491440024710393,2.061834828362487,0.13573653013234463,-1.6996942926273566,-3.7232630469308026,-3.5553880677114953,-3.80156358142077,-3.915239685508539,-3.813370531111254,-4.4736775498000965,-5.5635833542880935,-6.163398322407554,-7.409337620394687,-6.487383582588954,-5.74456908110438,-7.9106597738340625,-8.291825734014777,-8.33759444583757,-9.484309770410048,-8.948098808418417,-8.29943483462879,-3.2398719938312093,-5.4772544874245455,-6.127930640886982,-5.782271507797535
15.89890421465227,13.378698573182419,16.34880213885269,18.25274504343309,17.83254901854268,14.125779404502904,9.620444043718697,6.165453540137621,4.05876199846956,1.2921250518836507,0.1807455998768916,-1.7379347227428492,-3.1334403152896693,-2.8796719298202484,-3.38447520929485,-2.4796889806393954,-2.6760583778106,-3.1887675001449076,-2.639553952190454,-6.236671401363974,-5.9326740332898895,-7.16406337695381,-6.420101240726861,-5.954242599604446,-7.450273444272882,-7.061169675128349,-8.673691625518211,-8.511139796969005,-9.257306506316533,-9.042119996857002,-5.815636893156907,-2.706566546302324,-3.8392582253237006,-5.846247654797452
15.677031953654971,13.298568334651135,12.893067575035671,14.2822984803313,16.425889318318248,14.253496585844895,10.60226133741981,6.38579251475261,3.1357892115221473,0.25152577761265743,-1.4999516712055485,-2.3875358915277554,-2.351063276308361,-2.297537675285249,-2.7413242539479032,-2.2732848853314933,-2.309765163972587,-2.2270068647305767,-2.9255721580047704,-7.465944088274988,-5.628844713222868,-5.979781575781563,-6.679880224775873,-6.7480516558968535,-6.586425488406167,-6.673189904640577,-7.677473420379495,-8.408821747842433,-8.213454902862075,-9.045528002204318,-9.442181973686438,-3.6887997803195454,-3.394365157767021,-4.359362933598801
15.810970550480112,13.87709984680702,11.976738472782413,13.284601681402261,12.053086147364967,12.989354193625749,10.929289018272247,8.570598947691488,7.126308221726357,3.2142229543805034,1.4978462568891886,0.542274588300985,-1.3821042540358504,-2.022764219257752,-2.6953821238650457,-2.9054801847156146,-2.2877572096267196,-3.447769447602511,-3.735746840344312,-5.393068832580672,-5.157237138312693,-5.160338802471606,-5.780832397081179,-7.701629949380187,-6.195919887495451,-7.077331071711848,-7.647670064383026,-8.127818254986268,-8.333829704477669,-8.75546997751323,-9.692187996759964,-8.981248273247882,-1.2992980350574495,-4.155011619025905
15.301134676736371,13.592730979028648,12.255880232133105,10.923090986879997,11.002635165330801,8.68324939767188,8.712423977577396,7.029459199459454,5.651425949725322,3.6948346159721224,2.959638919633063,1.3720882660182032,1.25072391504131,-1.7066855154906602,-2.130261409892084,-3.0089746966889424,-3.6054068800055195,-2.6484110435567807,-4.861099010672147,-4.480288781394793,-5.6756385349641985,-5.956330812857933,-5.220783052389049,-6.029813591624442,-6.939342674104368,-6.596035572663588,-6.810728376951637,-7.491503376543768,-8.170463991442604,-9.888354570071588,-10.79650274680889,-9.978047612436141,-1.1936467668924287,-3.147004556735323
8.691139151964203,14.31434346811554,12.152300526825513,9.850232819084335,10.042989956633088,7.992914842537945,7.409345657271362,7.32433980287962,6.254694117788567,3.2525396037283874,1.67571196434398,0.33301498573107,0.34609792105490134,0.03738358992544028,-0.5152360098675618,-3.622236254161769,-4.5555849919744515,-3.767340760433703,-3.23777104007204,-3.9706712511677655,-4.297551056609739,-4.976122585004348,-4.631221495569387,-5.995200796393464,-6.161263781161491,-6.386123228754653,-6.542113298521319,-6.426226489160936,-8.749306439964505,-9.238733749791647,-10.274056608212556,-9.318261589801892,-4.828721721231647,-3.9077202568867864
7.4885723034188665,9.685732374909286,12.800054546758165,11.046180151581966,9.393257977095553,8.748256697037855,6.525404969130282,7.01067154207749,5.428828529457463,4.972026004101042,2.6856337118451945,1.2748949833484597,0.684843198440059,0.37478323780337774,-1.176482130346649,-4.02831106110044,-3.6668649213191973,-3.719534851114926,-3.8248205454400845,-3.597158222392071,-3.2178310375304413,-3.8711659255034623,-4.053680135788375,-4.144763371040946,-5.288824661006119,-5.985974224299829,-5.508827627816795,-6.550392336060679,-7.956461904851929,-8.107985946882504,-9.432843584993217,-8.138698543841322,-4.79620972218836,-4.163240049144102
7.944570772810589,6.5366039083355005,12.336304978166568,10.684201135101835,8.460260134337036,8.136202001995358,6.24016561083636,5.637150945264331,5.757852167820798,5.079320677405353,4.488506276222014,2.2883509841113,0.3211797874549955,-0.4015314051710051,-0.4417093023766316,-1.5287099873333694,-3.1374029898561053,-3.750785761394485,-4.1693271732849295,-2.9065346691605547,-2.7376817715505313,-3.573201625012663,-3.723786239064099,-4.1815402016931165,-4.592888503424851,-4.720912866991511,-5.60744140133272,-5.857865845349638,-7.165947323343719,-7.865058663297466,-9.870572624500042,-8.815559305606032,-4.947500060557846,-4.541513334141841
7.399426543616459,6.441312161334091,7.434135392581266,10.902211518949269,8.43153931568178,7.408698518524896,6.320116490073519,4.756098129533307,5.329783096964848,6.740949578318041,5.314623563374645,2.418712530995552,0.9353936668501356,-1.5050850806903107,0.8289763431628671,-1.076632728043854,-2.0883976688211456,-3.122489120760358,-3.00821440757108,-3.450266400108768,-3.2672064969301675,-3.408047101212664,-3.9204816275114998,-4.068306737948341,-4.613171262712509,-4.792888123994687,-4.820823968439858,-5.664084516252729,-6.7993556105401325,-7.810714570268289,-9.92426942604987,-8.911137780248957,-5.866466140200974,-5.12084471722082
6.9972499565831745,5.538543860268414,6.370916641099875,9.988199862261691,8.473752999345766,7.579120547742016,6.481653222427925,4.276328621802141,4.643957797924897,5.777800362272779,6.237306990616113,4.070193250198628,2.5931404179178075,0.18215377939008787,-0.7254674185114843,1.2169227933080227,-1.3975008988471582,-2.2269513425433174,-2.887362623167717,-3.8090561867074886,-4.523156696883462,-3.692124674504583,-4.171582231629733,-4.357077231124508,-5.493217844250968,-5.484965191558041,-4.12029426948674,-6.1017831427557905,-6.525968298850816,-7.84239112777503,-8.263192524996672,-7.722803757093239,-6.024141282723288,-5.489090100467968
6.646310135081303,4.9656028842083835,4.850276364708776,10.257628647302491,8.59118688554204,6.710962255527225,6.5651405519152135,4.4639524807871265,4.383317412924075,4.451091764555287,4.9321472994766635,2.8526972074290713,2.447418737781787,1.2229841333143514,-0.5248720066197703,-1.1600722689725596,-1.7035518528149831,-2.4160714083849535,-3.272542520735811,-4.139271394853659,-4.858859021755149,-4.434651052801794,-4.0672497415164655,-4.259070450933665,-4.777223876375063,-5.662724363669395,-5.2932721769174735,-5.851853976504624,-5.947876745377709,-7.109737807930192,-7.8093228335005325,-5.692532035039543,-5.566939685246982,-6.256186496750124
5.810240985109251,4.018857395010391,4.06075459778794,8.977629090798812,8.328521531224311,6.800876835153179,6.666844947471872,5.127919213386361,3.7266305150198358,4.354509629655989,3.570632230249348,3.6676638107682145,3.71249821292509,0.573885730582326,-0.2812193719078362,-0.2709010757061758,0.9893400454563507,-2.2487476899681584,-3.020742415670766,-4.6691952706346855,-5.413239819930906,-3.8655480858853566,-3.338867373861253,-4.3121788918807615,-5.473877911643522,-5.314331395220053,-5.414971764684087,-6.119785657572695,-4.922888379485111,-6.596371949267038,-8.565552637608913,-5.791741101453421,-5.056219609444206,-7.580516993697263
8.987102742019502,4.020822180393745,4.371762674259917,5.565888554458528,9.668117845729672,7.278583714337059,6.067971508689199,5.693505647923766,4.06154054905337,3.838540884594624,3.181581511393518,3.795918631716187,3.1994462957135257,1.7454948366824579,-0.06889053533344366,-0.4141617247383919,0.4373820003249682,-0.9477552979934201,-3.7487045289867145,-3.6594126205903597,-5.610426274045687,-2.8075542042885218,-3.2494970527315736,-1.172013219918018,-4.9009004874213735,-6.406096353465191,-6.436004387878367,-5.913079632609151,-5.755577263510525,-6.437123475169012,-8.434049062428905,-4.794380249617826,-5.905548449566246,-8.26322565546367
7.507716284330198,4.641671708808038,2.842570608265559,2.7155866761254046,9.547143773325509,8.141463749854752,6.2030355589494794,5.6671031731486385,4.339233745848231,2.828357309282144,2.396906028543155,2.992675997030541,2.673103575870545,2.5495098691611346,1.8151138984165542,1.3300446486218997,-0.37286941894530046,-0.8823743538560574,-2.0859285013049558,-3.968602018261555,-3.3190907303896955,-3.0441482203150376,-2.158206800124903,-1.5401375935190367,-4.343670334835686,-6.001312748492763,-5.029687952904383,-8.040141980278516,-3.4217063037221096,-6.885949862874942,-7.37162988270365,-5.273036215029641,-5.837474520712033,-7.811535243141798
5.137301782273501,6.3193932226475935,2.7475319883921734,0.4423664656491245,9.731669891977685,9.205022724519905,6.652490906615883,5.602705471921529,4.614244602301251,3.01859876553452,1.7984824252864828,2.568773326670307,2.2768540816058946,2.0210834273555753,2.647633903340176,1.7547092146609604,0.22957631304349566,-0.8516557774487262,-1.0032696204896836,-3.1785950843507083,-3.1823636924169145,-3.298037710073022,-2.6983291619500664,-0.8435708293563583,-2.5736279201880614,-5.722634912647583,-5.902637871798258,-6.841215566500641,-4.097064941376467,-6.295954218794913,-7.97783655772123,-4.892508030318332,-6.066928928089929,-7.735393649148244
4.896104943497167,7.039071650575114,3.0572638147379863,-0.45482545816635755,8.842362291708055,8.648444075140922,6.730825759637147,5.716848436846627,4.5823131342616215,3.1560020964519713,2.476973069368675,1.1374300716714683,3.391196870989487,3.8980110740014746,1.4623442902239172,2.18712318786589,1.0349002177048257,0.9267739132611833,-2.195197965857246,-2.153126485145397,-1.2440561386951892,-3.0505407000518066,-3.064961646868405,-0.45889422425678134,-1.1216420395110203,-3.0824134461297747,-4.7218667649303985,-4.956830278784619,-3.3194713535765246,-5.4080818400284025,-5.991619044650423,-6.178774882511314,-6.432076032530743,-8.21696114863163
5.052024546459147,4.01140124393141,4.381937934022451,-0.6597980132118527,6.001542982668804,8.409236971678414,7.075424026110347,5.547502698196851,3.834180149736492,3.3099671715675734,2.282295830637667,1.4472129037387012,2.244802638126586,2.3496553759832466,2.42727860073608,1.7103764456319395,1.770412379697686,2.041048081529778,1.6144071303333325,0.29404262544090704,-2.0845994424882157,-2.912138465269126,-3.011739457140696,0.2681114459092935,-1.700252676559152,-3.0103551580421297,-4.129690012812865,-3.8630052073625594,-5.2875504259287345,-5.427138354356649,-6.008698637752983,-7.5234568534904644,-7.479669642365171,-7.796937300946882
3.975382448639645,3.5912063548870563,5.362088611705503,1.2376237570981812,4.364974681310225,8.427822321496919,6.610247395786486,4.696609258182459,3.561301689135834,3.205575791111023,1.869440482027208,1.6835693849630597,0.44611808765551597,2.2754094127034303,2.5007247332751965,3.154875370050229,1.759377690787301,0.37974288761931446,0.1716195978032428,-1.103723786212242,-1.951349863348462,-2.8671560193939136,-3.050106907891867,-2.067209557177686,-2.5265931253388865,-2.6946712572387677,-4.046537713239997,-4.030162620938382,-6.2571911873723085,-6.426645767007055,-7.543799605163863,-9.180941800444636,-8.370284056247973,-8.046069803103832
4.7625730541933375,4.0223646135591355,3.6373935521452387,2.474290252109411,3.1373201364033005,6.278494575641562,6.1699324026091755,4.242923880660866,4.376833603101448,2.9987393986975044,2.259777624549716,1.9004654108617918,0.3204315719548659,2.077065515588414,1.7970842004215934,1.7840026344993236,1.9466687983471533,1.1589516770296724,-0.34763322396154794,-0.2718461770228085,-1.4482844646892683,-1.595268296182765,0.3191160700355097,-1.719853143965966,-3.741470426836171,-3.317781918161959,-2.89069228037735,-4.014969139350767,-6.56099718860988,-6.799060002090054,-9.173402606265617,-8.478944599695941,-8.993306218349534,-8.957047708596294
4.0521353201112476,3.4079473349195135,2.300762626463834,2.5718587470423606,4.188209469203744,4.862791284606304,7.144313415279202,4.208808146068079,3.2707667435164294,2.85401060677397,2.3687048031723625,1.6567444888352574,1.1027710394779606,1.2290394053874392,1.8833034868937748,1.4101843095648938,2.082190740376211,2.6464338084342836,-0.6048302012599424,-0.751197390880142,-0.7081002118378132,-0.8332012457351579,0.5775496018600251,-2.6945781543286547,-4.149289685019384,-3.5227939217118736,-4.240083296105384,-4.706077226267241,-7.585247510869515,-5.9031967361636735,-7.272118669725075,-7.894363518624416,-6.606316171688058,-9.427007673501723
5.048746626322803,3.681926948106979,2.7436237760751205,2.7037157305960084,4.807132672292652,5.543062924372246,6.851279658067803,4.652102828035589,2.7255450350057098,2.720394892408067,1.9784551171021747,1.605240588763262,0.7647297341095171,0.03381277685816385,1.5367455100784306,1.2474191455637205,1.1275007556813765,1.3723872974253593,0.26394729239190123,-0.8092965154726991,-1.2974629818002814,-1.451045983078585,-0.6181419579360539,-3.840115071019951,-3.3433626148927256,-4.288735884711844,-4.728805087300691,-4.96165469390079,-5.673647269959023,-5.975214777074576,-6.645893683153299,-8.357648385118766,-8.140588927468349,-9.047663726433495
4.872907793421714,4.484874633352354,4.722593568014551,3.2717277659863124,3.437339432495998,4.869677147856385,7.403382287322185,6.393876260127691,2.5468098467920033,4.911340646048317,1.797322351642838,1.4942973735375555,0.18837242896101372,-0.39490467347504205,1.045487651987835,0.6702765338867959,0.4394837683484945,0.47170829888768806,-0.1511694700266576,-0.17345928807455177,-0.9427897104652077,-1.8785219575750565,-1.788747142710527,-2.814745575302642,-5.622093590941112,-4.8388371544543665,-5.003863309846781,-4.894338640817799,-5.994754942050522,-6.753427107874512,-6.073976445780606,-6.504633887349457,-7.917443637436318,-10.376396036200113
5.951348284522313,4.114457102367976,5.097193775178884,5.0000560282008575,4.640178016790116,3.8672156906892523,5.965495247280601,6.487310120775322,2.134727123238951,3.9276853798897413,3.2420296647411297,1.18281140170369,0.3250370759713065,2.4394410368878128,0.7115589722482943,0.6194062116440906,-0.2924961654277097,0.2295996438566212,-0.1786791521046218,-0.7489257529400594,-1.560251735395901,-2.0147095585636534,-1.1361465542199252,-2.6814680232538546,-4.043075188282635,-4.113945040919562,-4.020846323622305,-4.8580906570078755,-4.790518675015586,-5.925606463464757,-7.203296135416981,-5.634531066711108,-6.562169448151,-7.954772228602371
