script/wind100m.json
{"header": {"parameterCategory": 2, "parameterNumber": 3, "lo1": 6.000198445256149, "la1": 58.999992894266676, "dx": 0.5, "dy": 0.25, "nx": 22, "ny": 24, "refTime": "2024-02-26T10:00:00.000Z"}, "data":
[rows 0 to 23 of 24, columns 0 to 21 of 22]
-4.648040809120951,0.24815206615851645,-4.181020005640561,-8.710051259181805,-5.569661779746027,-1.0242207728861121,-5.567928496353181,-5.245140731697175,-2.6375499714092197,-0.8014680694686815,-0.25568346379689016,-0.5116323143152709,-1.1152962098869617,0.7382610638565297,-1.8415353950532969,0.30823429412673686,-1.5575659483196806,0.9514432753894554,-1.6697558621980184,0.7794018102378817,0.10953065349603068,-3.6845963296793083
-0.4427632114162545,-3.818529978345978,-1.332920247101738,-3.0971512544730913,-6.2694810613377605,-7.303303851643833,-6.819165941766906,-4.47199075314428,-6.757060900852156,-5.134996691546321,-3.865828775917499,-5.050935597577654,-6.81112036734768,-5.151184628013169,-9.472649275833286,-8.598737150685219,-3.8949987618709665,-0.7200577776106277,-4.697728716815965,-1.352978827672054,-2.3441149562327386,-1.7202559643278648
-0.474373324306907,-1.1889951900913713,-7.1000501482094345,-0.8666088395776657,-1.2562782493592848,-4.713331597913805,-0.7265018102901385,-4.31387092047866,1.4039863558887646,-3.0820476699880968,-1.1230904486388247,-5.383800514740801,-1.1503706014625183,-1.288079821845831,-4.99078891775666,0.313884480536259,-1.9437801041953617,-0.03857082889932417,-1.9605720500198949,1.2621167299238882,-5.425375773297709,-1.196826128517311
-5.906832546615627,-9.24702180598504,-4.712687521335535,2.6929655535718586,-2.451974313993779,-5.321034462091242,-4.575526349154769,-5.44580423650373,-1.8008587667561464,-2.2231787966204335,-3.525996070118637,-5.9058428545420085,-7.016594486786487,-5.05756920787848,-0.6808257849846158,-0.78356296365746,-6.0072181487321235,-2.5454820117246735,-1.4133892226614901,-3.7572801561845455,-0.529395371197567,-5.769874752890293
-4.837538253946462,-4.212703574864263,-0.01687070440841771,-4.32816931048718,-4.519547663914534,-5.412140923965432,0.04214960342007388,-0.3365959881744441,-3.174047578039992,-0.6620232116141895,-3.1107132972120826,1.7222864781247722,-5.37905999550948,-3.580333020892469,0.6820832369752782,-5.166250287348946,-2.6196745541921285,-4.441267670299373,-0.12319725546153283,-3.73285854377008,-8.815594640384347,-4.701940578465939
-7.069515256333342,-4.042688004826993,-6.982229856099775,-3.890664082331361,-5.964360483083709,-3.663575986402461,-0.8539463317767021,-8.038394598712465,-0.6127958100589408,-3.7539965923616383,-3.792925142370697,-0.26070766504561216,-3.9661993964050475,-4.096402096310379,-1.5828412048056217,-5.059391494631154,-6.852766336577959,1.5535925263161923,-4.384084002053362,-4.385986583993245,-6.312880159075,-4.9585603408347
-4.156718799390297,-4.35287433604344,-1.4055477359055935,-5.150559916264978,-4.195558074005252,-4.108757356332107,-6.1174411859982225,-5.590895723489899,-1.143153895961059,0.9844778096783319,-1.6894509537828581,-0.8546797104708093,-1.8793628949080818,-3.3030837824405577,-1.5008773785277445,-0.6286659111547741,-2.732176298151145,-3.709242150260436,-4.890582236176217,-0.7005636278286755,-3.974308926928026,-1.8152830560675517
-9.312327053612789,-4.48728775490298,-4.752545216499009,-4.830182827132173,-6.2864889653577345,-0.393507233087368,-7.629834503085178,0.7673886059230947,-3.508824704249085,-0.8979163221102633,-1.4197261816911653,-4.116991965628701,-6.921843680728226,2.737237083374331,-3.0845476163237913,-1.0620092351834298,-4.854379319663818,-0.8689371926923849,-6.666861760871306,-3.7645715475156027,-6.507892701803809,1.702930624790778
-8.681891859072596,-3.0968293804426015,1.1318850105589484,-8.494587476557461,-3.3417399546454263,-4.76337088739022,-1.1013524689047909,1.7283959012334031,-4.1501569632893505,-1.0157584240471371,-3.1419773726985714,-1.5242421743337364,-4.276589301800134,-5.046890352053942,-1.3179868832604427,-0.40226325266907287,-2.6556135350818932,-1.4079818332987923,-1.215371189408774,-1.1730486259741049,-3.199898752879516,-4.1301555095083655
-1.5537892654494723,-6.508949423228085,-7.672606672887515,-1.629296329644308,-8.910927725268246,0.11539976178392572,-0.5404694879630696,-3.2131171689283997,-9.109000212351265,-6.557344880285079,-0.13606891810313063,-8.84074639056802,0.638363673472783,-4.483248530301545,-5.279753948911082,-4.971485578018662,-3.0527200729870567,-0.5157566247468394,-2.9738660933547783,3.2873229817570966,-2.5176462631322263,-5.164186392165626
-3.8474146368113815,-3.4673354234360168,-0.7427341178497825,2.09549952762891,-1.0449468782749023,-8.851950038926045,-5.1188545360189135,-7.538742112058413,-2.6084638879810407,-3.0335535106571743,-0.11032315418678892,-0.6201020446129166,-2.0834095129610213,-5.606148981362388,-0.44939876025474745,-5.249047547445714,-7.910996902230531,-4.531170754912842,-3.0268880662467996,2.0421963050999166,3.2219998163388484,-1.747338912869591
-2.5608169952366904,-0.9127770289647524,-4.383930491471582,-1.4913814634567382,-5.813762255915266,-1.552234626539225,-2.422818175081909,-4.9952752377546386,-8.55097396846406,1.729000007191564,-0.23106103408618697,-0.04310594292068951,-3.021794427894765,-3.589203910446279,-0.20782560473964182,-1.5997249427628322,-2.1633462452144854,-4.338242991326113,-7.392489888308466,-1.2803536073717752,-10.81284565966155,-6.861137201254755
-8.485893963175899,-6.521172777000538,-6.319611660603095,-1.9406978013250313,-7.387155137256832,2.922251683560236,0.5933671915405834,-1.7318331124900384,2.191394206847638,-0.7923623507260976,-2.625666678984664,-8.848489793887566,-4.591188351499485,-3.1157648405817175,-1.6273132980863814,-5.09346677822999,0.5528878777990645,0.0748462137740383,-4.165364419654354,-0.5760007442625564,-6.452112536915291,-2.405458325586094
-4.286375758359628,2.6407915328939704,1.1578775836175756,-2.229209636858551,-1.859619273608894,-5.956991999243683,-6.126384518300038,-1.2796481723290027,-6.264628281552351,-0.8634481699966274,-1.5035742093089872,-3.0009172360593,-5.804808127478512,-0.14512821978220145,-1.0259383351077016,-5.14438616085262,1.507343628544321,-0.09721724258049616,-3.6950661176473476,-0.32572891160371303,-7.986266270949289,-2.9328949462218543
-3.4642250121819753,-0.5244205951352279,-8.577875755928863,-3.373410689782675,-4.146946413458088,-5.28294644257452,-2.110800243762683,-0.5399748192359882,-6.673963896082452,-3.1697078955018263,-0.3182220254511895,1.1549351016595868,-6.766150575531222,-2.8305894673563587,-1.9419477319669118,-1.5416729137381555,-0.4768916562977861,-3.806717258256127,-0.09598707815238175,2.1415137866245524,-0.6673355737134592,-8.63201895605127
-1.56055721034929,-7.7198860581672255,-3.1226194702411374,-0.6545564645498597,-3.6074042223660903,-5.492975601003609,0.6029817531710084,0.5407373426349521,-2.731860625831024,-4.5687477882596275,-7.598644476688561,-4.329086436790025,-1.2970639870703342,3.155049115022311,-3.1254298237835854,-7.1712632285143,-5.404747119028059,-2.044037990081928,-8.318950184819906,-0.16372504710981992,-5.035443806360554,-4.045798285972977
-4.557142540475908,-6.028326979058886,-7.403078258442682,-0.3912351120542668,-4.675427462617162,-3.978561798135903,-3.6047677070701956,-3.026232428495289,-7.145598136315691,-5.509256236826369,-0.866249450562983,-8.687799700805703,-7.934657762912555,-7.537485971304901,-4.371123758876932,-1.9386194444423444,-3.8058402146184602,-7.854390234762693,-6.151005531509929,-1.079887425823153,-3.599092081746116,-6.296793829003105
-0.8062128287683857,-3.8899139678061894,-0.8147191490391718,-6.967090299927386,-2.241303826712231,-7.893807701173953,-3.4235830378922176,-2.6440672729567236,-0.46078945351521183,-1.4318861199208726,-0.9228065059416527,-1.9008268068957868,-1.8726884559453794,-1.2083410449363825,-2.6241732943708684,-4.895781809848363,-0.8394532753946444,-0.4230215166027268,-2.918283124235724,-6.030864384673109,-4.402571389780016,-1.4701160080814757
-1.6336632766852843,-7.091758472882264,-0.23542631826242402,-4.0209729292894645,-3.781831426101846,-5.181878409367426,-2.0159047190673385,-5.92868683012042,1.4932138807681878,-1.413409322712255,-2.084790473931995,-8.835243791635905,-0.5030532445561385,-1.7897021359125835,-5.554333208610602,0.17105109919291395,-0.4833195397199102,-3.0687741202990173,-1.9274663659264875,-6.8543347936866,-4.905187958942718,-4.305953124787971
-5.702727796666569,-5.223702681644243,-7.4662314067361875,-7.037052444804634,-4.794498258911727,-0.8696737968494206,-3.0229044617515206,-6.043420103673739,-7.925605821341815,-5.409017801068779,-5.331897941308108,-2.407546929319551,-0.332831345597672,-4.844863070375115,-3.177295996586728,-1.604736707809367,-4.128625088827231,-0.8393681030465114,-7.502873108725085,-6.863665339784827,-4.862600984872151,0.331997686384931
-6.012119439511399,1.377610175205515,-5.548592214483501,-6.393796308729563,-1.388659501937738,-1.9523759070482363,-1.4719357421276835,-0.38783613258612665,-5.82915861333204,-0.9461725927167562,-1.3100945691053238,0.6941448157715605,-2.035690578256522,-1.6607233302395046,-6.197140645151679,1.2778490565179208,-3.1301717854208206,-7.525239463501753,-5.273784961668176,-1.3379634426527562,-6.882403188975773,-5.931420696180006
-1.0213317339107513,-5.509214791520433,-6.122993888385787,0.5416950315488093,-4.00235880219688,-4.145267730522444,0.22862071200892342,-6.730304278050402,-5.214114069759679,1.5502684112538023,-4.625153817293172,-2.684075776764551,-1.054083727568122,-3.5106329554934677,1.961618449400614,-4.456542408517525,-1.3712251309644596,-0.6085133807364933,-5.957879245450973,-1.7282254319953934,-1.3691862808941222,-5.868313017553318
-8.275412996151061,-1.5522676132771849,1.4741335617073017,-7.593172088990278,0.7569263127980768,-0.34837683104868217,-0.04275449436328597,-1.187205375496441,-3.7930604042505824,0.5698838406364992,-3.109493089260137,-0.27387652655569805,-2.898134072956529,-1.307201772469436,0.6331202642250523,-7.40405769850698,-7.580080346667573,-6.274069921211145,-0.32106101121559844,-0.8346058646961081,-1.6550927423167017,-0.39390683153150347
-2.381987725355846,-4.082056400052313,-1.314006076379562,-2.7164466650750017,-1.4233468388382728,2.2311759207471944,-9.949509408107291,0.7260409845312956,-4.287509532197424,-4.490349334429306,-4.394218920536972,0.20995049997107385,-1.302746003889028,2.236170827612485,-4.3260789826415955,-2.8556987651300303,-6.8018075617139635,-2.250454770796666,-7.8141826774780005,-2.881225207845068,-3.574262149403778,-2.830960956281451
