script/wind100m.json
{"header": {"parameterCategory": 2, "parameterNumber": 2, "lo1": 3.000054539987559, "la1": 64.9999836372058, "dx": 0.5, "dy": 0.25, "nx": 34, "ny": 52, "refTime": "2026-01-20T16:00:00.000Z"}, "data":
[rows 0 to 23 of 52, columns 0 to 33 of 34]
-6.59336087947249,-7.208018949931126,-6.949830370851019,-7.376696272814875,-7.928657766518174,-8.432838294283888,-8.363030118303135,-8.864494183441165,-9.139476441219601,-9.334169770524525,-9.059325293072254,-8.575271167508438,-8.896196083588723,-9.275413834199826,-7.884692713762011,-7.022029124350392,-4.429686559632346,-3.312145722573703,-8.234389945431289,-7.643872473240265,-6.0628076537006725,-1.6525929187370936,-7.195676733847017,-5.5036720924659015,-3.2957533449774634,-1.8682129731368369,-2.276220657041414,-1.437392974530184,-2.553600923728346,-1.9069157293971237,-1.9709457109336097,-3.519704145982766,-4.275240177335453,-2.137144464478627
-6.3994655017259845,-7.0706417222453695,-6.685116384299961,-6.854106191849957,-7.202978553183655,-7.43889450739946,-7.476402669930253,-7.968214863219724,-8.148943746342269,-7.718046967031608,-7.231164907283253,-7.472784699353198,-8.314077502452902,-9.395075221025616,-9.02335317811413,-8.151482538497222,-8.418378485509132,-5.500354867391481,-14.652292712155461,-9.508673586237332,-12.351266271672133,-7.204159621885824,-1.7546952808427894,-6.396678668331058,-2.684266745450885,-3.7391252806547737,-1.31921931263678,-2.476451278607251,-3.3592384080242907,-2.84249629293634,-2.275522784311591,-2.6190112838202655,-2.8759477171905377,-4.179622281743742
-5.801895987559563,-6.194916128420437,-6.0506572561921965,-6.760766923446422,-7.066652709238207,-7.121283029006825,-7.042371963044705,-6.644560057037408,-7.1181428635153345,-6.312077926693559,-6.792888868283428,-6.647628079426221,-6.908545940426173,-7.231468517023196,-6.64638409627552,-6.570165519647118,-10.483692001240012,-9.170660494541407,-8.346427219026188,-7.414348191099069,-11.593295126967675,-6.194256028793245,-6.573453020080454,-4.428083083819754,-3.663035098059811,-2.564779215166843,-2.998110073489302,-1.5702672719081459,-3.5870917512085287,-3.7144666241066266,-3.418012838359406,-1.4432342618850282,-2.820103400196532,-3.976933691361827
-4.794133982911338,-5.458889476672366,-5.984630496883968,-6.538352294321148,-7.172988571728215,-7.657281259973911,-7.9970777210584,-7.580790915539498,-7.755036273148235,-8.45704697783514,-7.931026634010025,-7.505653775081961,-4.6191449953688295,-4.244270909850838,-7.139041877548929,-10.096367291128443,-5.654361578361952,-8.016724413093225,-11.986766043456651,-4.883331765038692,-14.165085845162515,-7.586644756855052,-7.737720434219819,-4.2107552111893884,-3.7138635188272153,-3.8637965526877327,-3.289851187630611,-3.1892659295676635,-3.378784498631912,-2.7704967151954047,-3.320626165413001,-2.3245391248009595,-2.515264009514581,-2.87400726823147
-2.94672363555514,-3.9155483099294073,-5.0892424850373,-6.2274675121255285,-7.093996792754151,-7.63775094967102,-7.936198686261053,-8.265173175085804,-8.61230560082781,-8.417056153758354,-8.21601225510897,-7.904838684643784,-7.911274088565872,-9.382829128278004,-12.753787195516264,-12.394933151892248,-8.061923864729108,-6.639448757549306,-5.434026112206365,-9.251322590459127,-10.574212749524666,-8.569059878974203,-3.1994439294210775,-4.701704982889879,-3.547259917676104,-3.2274863984380393,-2.702973047874345,-0.8033531415968637,-3.7827736733333164,-2.6158099245128814,-3.1299088974353566,-4.324292753834894,-1.904257879824333,-2.425068337736733
-2.423549065943308,-1.7967083053520438,-2.9698173564257417,-4.031848053185846,-4.916094750935508,-5.7808427262869815,-6.153552924818113,-6.4130140321679,-6.538138370017381,-6.850142100186071,-7.606627046508293,-8.485134116496647,-9.954230587957019,-6.691130756313863,-8.154932546419937,-7.859461013202501,-3.15580392985178,-7.286485630128128,-12.738601438683066,-11.046945813305475,-6.178722302040066,-6.919710054874793,-3.8042163768364103,-3.079154016049885,-4.426631080220996,-3.8720217613581442,-4.324655545411441,-1.5119610334524096,-1.1844538716428386,-3.357063608760945,-3.6604730308209135,-3.276065250425194,-3.1940262358701843,-2.6631996483178177
-2.3988942347716904,-0.6655009263976058,-0.13925523389006783,-0.8561619422470833,-1.4076302752241976,-2.5734514196391367,-3.234503976448238,-2.3446079192181695,-1.8727430053154175,-2.158426647616237,-1.2955829084600412,-2.8561113781468594,-3.749537230883607,-8.114763540718013,-10.011703136183993,-6.114922830595893,-4.819364178659707,-12.552933650790305,-12.011812125446413,-6.587940093352025,-7.644249539546375,-5.114906010042519,-4.399577964376249,-4.223008771529129,-3.7572369474244205,-3.468176870485196,-4.426500816372421,-1.1518776411924068,-2.108976436402505,-1.8807740721030002,-3.643638073135032,-3.462076738933511,-3.6040061854960195,-3.3057475152860696
-0.8999359167597877,-0.7762211759734826,1.0272707515168213,1.4591295907668806,1.6554324616475276,0.5985633260794571,0.6478876783030949,0.5033763507297733,1.2742549501300828,2.0649739107567706,2.413144585539634,0.9952757548665943,-0.5591594277888764,-4.357842251992125,-3.043195007034331,-2.2245912238154917,-2.2080716200343065,-3.7688393098879476,-4.552069557213436,-6.566146673175632,-7.866735684434696,-5.036448164266662,-3.00718819760809,-1.7228589871576767,-3.234459329654749,-3.6123418662476987,-4.605862949387036,-4.496878919144883,-3.2221035393538986,-1.1774179452096887,-4.4189650780388385,-3.439207900971016,-5.446872775014249,-6.976193074625541
-1.8184681439260106,-0.4575357590072739,0.62593051498062,1.79822168011127,2.8509119183225837,3.688681684752945,3.0244891820855524,2.9922010215713377,2.8526659916831854,1.4270314856388682,0.5646762422960496,-5.11226128745534,-4.684752264626913,-4.845918498533311,-1.3638892163629477,-5.9313985553331765,-7.078859512483103,1.2219731271293843,-9.162551472659237,-7.126091373145239,-5.550316664100824,-0.9797706705300951,-2.5135070327775106,-2.268972838508341,-4.092896435265696,-3.149374951237757,-4.146953265157419,-3.888021497850161,-2.0777001806149555,-2.073647719820056,-3.635199431407188,-5.884463159181534,-7.095167860947417,-7.744360715562036
-2.771254112791643,-1.116209848311151,0.1652996915048642,1.8651438565778997,1.0382291211217436,3.2205776078125505,3.9259756054142194,4.455436367538616,2.949324847347967,1.95880788859088,1.407556259891146,1.219484776955976,-2.815116755734966,1.1721041366250236,-7.866468403624465,-1.2175254700742615,-1.9870839655044226,-4.887385947064925,-9.075900595287889,-6.117498216765013,-4.070392587296341,-4.65486842716214,-3.9315897709504872,-2.4192245139731456,-2.0652272360283654,-4.701021260433426,-4.521761598035097,-4.446204382374201,-3.8988614284801355,-4.629250915261715,-4.256936953907949,-7.045852177528949,-6.723453705603858,-7.246311375637909
-2.442057854030448,-1.9430662928232119,-0.8225151943892607,0.6436548514604769,0.6638450535259657,1.27786560901349,0.38240867966457304,-1.857659967883977,-2.748509672355414,1.3542329439885161,-4.958644468183295,-2.587776851425595,-0.013098578275333483,0.669121406325952,-0.18509433809200773,-3.9103303778851966,-1.563106115839906,-4.71758932464204,-4.770549625516081,-2.343005954288597,-3.7250257522267964,-3.3803905008007473,-5.621109152573561,-1.8263168895798942,-3.448820017728454,-2.823129386136014,-2.8931242182216543,-4.555808332092291,-3.918992540913963,-3.0702949457506303,-6.585977392795519,-6.436783999521566,-6.755405669053949,-6.809247013350671
-2.497145955120103,-2.067137425425365,-1.4424773497412637,-0.38500417474898524,-0.2271685470953123,-0.6779832188904358,-1.5811602510143092,1.5715573584064881,2.30480118576328,-5.407764935010661,-3.522371766428361,-3.25242312499086,-2.519967655531486,-1.3287442930004656,-0.047701076992042186,-0.6488793703762228,-3.9944767391224483,-3.590379176793517,-4.9746281048744025,-4.301574927758697,-4.30621939309756,-5.77124165064386,-2.919954130039064,-3.6367657922612024,-1.6447171941994492,-3.920692384788024,-4.7414601686623525,-3.8307559534139832,-4.141207879440823,-6.787703225059671,-7.515715741658035,-6.835364103945957,-6.485044980804247,-6.0510143733726425
-4.071269119692856,-2.8895289282954204,-2.5904121523987964,-1.6377660235985017,-2.4285700073475973,-0.8636335601473536,-0.012654528798572939,-0.8107330541397204,-0.47796487855070263,-6.428482436023796,-6.8319200608575725,-5.992356446548487,-0.9218853825558719,-0.4932580488882434,-0.3728363471955354,-0.10287681741752663,-2.8695564936820843,-0.9056107193683254,-4.518878383360359,-4.105086565214838,-2.5522809250396867,-3.7783741163467,-4.293140125144052,-3.738991885252323,-2.1105590532849856,-3.2357120093452445,-2.9616176623301733,-3.3590043381111077,-2.934803882269757,-7.469906402313179,-8.64118134617381,-8.648053911424594,-8.534615169767171,-7.465759974994088
-4.789557244449911,-3.7683464548525043,-3.091575565530829,-1.9742671939270422,-1.9392216954282007,-1.8557037819316082,0.3517467877256327,0.1613815784782933,-4.861498793248724,-4.466161534805067,-4.352791601909049,-7.409115874459554,-1.777650104310494,-0.8287171590599672,-0.6765623638627531,-0.882736880852313,-4.2305886826440355,-7.621428784380374,-6.554373524001455,-3.5887434804160994,0.048989245631682304,-6.251966594788384,-4.292595776670163,-4.273180423076079,-3.0595382646813025,-4.013789946345173,-3.058692336098071,-1.865816783940577,-1.4459222881993912,-3.6510689697169942,-5.586114468745182,-5.028741922341115,-6.414470344194142,-7.789338748457009
-5.727400074737121,-3.89614871320042,-3.073364411969567,-1.7635971943654574,-0.5174565337094371,-0.6998647814865404,0.44665757666833233,-6.200677312180035,-0.7540587114977396,0.37460296743125504,-1.130128157963006,-5.827456229143436,-1.2647754217006082,-0.7416251053973123,-3.2177369656398005,-5.550736107966126,-0.052531158110838694,-1.9172016925627355,-0.6495949477324977,-4.092190996112859,-2.1777151431566497,-1.8316889098601579,-4.18495757157103,-4.175140869658753,-1.7947197760726454,-3.734078261183503,-3.5500981381257355,-2.9617856710131045,-0.9330447650117533,-4.161917897957621,-4.1685843320459375,-4.5185576517482975,-5.093695003755507,-5.733545414402429
-5.8555190407825854,-4.058473074192557,-3.691523093929852,-1.8587691684031573,-0.07959970750564757,-1.2738472287222526,-4.757195711037415,1.8896824119537008,0.04551978474552267,-4.124481267910264,-5.759969932959509,-5.597422168638623,0.22152711546891465,-2.6734442995191476,0.8970009786599452,-4.02696722889097,-3.2475233895004547,-5.4343150639462685,-5.2726708956258435,-3.7936222245686597,-3.6923222691216417,-1.8588161278989817,0.14884397469482194,-3.4687922199665175,-2.4701990505532594,-3.282781259710312,-4.641713495433736,-0.9683334154014529,-0.9119599823400603,-3.2376565205552312,-3.316128076634151,-3.4971184831543707,-4.8751032274767665,-3.6295317290891522
-5.733124963330783,-4.580774710798147,-3.481313904692229,-3.031924483516782,-1.1114145571696965,-1.276179447805967,-3.670463966539266,-3.1718995292180963,0.16875468158572787,-3.056154688931961,-5.47591580370203,-3.9832928508671306,0.009040360310634243,0.25323108885286816,-0.010025350707569512,0.3313837974807056,-5.02026404347889,-2.036551905782344,-4.076409326920261,-3.5783651080972922,-5.392862796056242,-2.8514533661890726,-3.340400828322841,-0.6325506340426215,-3.139465915327382,-2.740752049926743,-3.8875708573396457,-3.3511522734086645,-0.9611795691037364,-3.2346952890492497,-1.6863113938539223,-3.3625255652116337,-3.417973676947795,-3.230338682787587
-6.4356540658585715,-5.561562827054727,-3.7630253984671693,-3.571476470954582,-1.8799795836874655,-1.4554844705024046,-4.385071498141234,0.7882235009834797,-4.137201190199577,-3.2333132565178615,1.7589090686963618,-3.403990763072979,-2.8513390292733702,-1.5736437509332177,-2.9055703879541706,-1.8511178550561675,0.9878488882702509,-0.052193983292871116,-4.7741917131268,-5.262120962965017,-6.083764338666159,-2.8548411761737342,-3.1594883351134846,-4.002992006240312,-1.9141438240112298,-2.3299061301753077,-2.7182700364297774,-2.156078847237629,-2.1570006805335145,-2.51685814588019,-2.4694848288700832,-2.9127950950654755,-3.4952369032787245,-3.2508265732759436
-7.024428299315957,-7.1790717357374625,-4.266267301345935,-3.8603163447159483,-2.535155866337176,-0.1445220806440697,-1.6626618551899126,-2.727953228361256,-5.853885409323509,-3.6963961773461107,-1.2033816698212985,-0.4514963374097445,-0.5068680246448851,-3.2477468763643476,0.5265006806641452,-4.081245611538901,-0.5420172534229044,-1.5447729852414132,-0.03413327154996731,-3.395730806351702,-3.887634069331281,-6.633837699011748,-3.621718869943596,-3.223887900446097,-2.9024128743489723,-2.3426691807059745,-2.675229372290837,-2.3750957127091956,-1.5793634672879002,-1.1134174203784615,-1.8735732251833812,-2.4476230616767083,-2.8337660152342723,-3.0171333577173725
-7.482327113379788,-6.604949312406295,-5.630976660560169,-3.0174315578713533,-2.920460891152953,-2.8236930750717515,-0.24205181512492088,-0.48587804496437326,-2.181199699908916,-5.097562511728174,-3.5007622225619657,-0.8352956584966507,0.8474951329762592,0.21781465951173534,-2.9483407294291735,-2.3427807963325256,-1.434091024391776,-2.665841830028078,-0.7458838234790648,-3.1538728146234916,-2.4928675823424777,-3.6506965524247486,-5.856129344007243,-2.912142805530954,-2.419278926099485,-2.5102230106884167,-2.098799846574637,-1.9816519207142194,-1.5709981738591325,-1.7909412671522038,-1.9287126884208254,-1.5973164985456323,-2.7617585121099175,-2.0916908151185534
-7.110658680409676,-6.917675754953022,-5.232496013393899,-3.7092309712775835,-1.4698048313096768,-1.0959402694798475,-0.6527653654278094,0.3439511296674518,-2.220898458188768,-1.818333923356487,-2.385789047697226,-0.35206367435624497,-2.0023711755346874,-0.7835319593134414,-1.6234994278255839,-2.3582286833045867,-2.8770860616339964,-2.342285826868373,-3.624704156797437,-4.3577835230047945,-3.0241546501981937,-3.033023045921693,-5.621844797054473,-4.025280785722299,-3.976447387990138,-2.547156091971579,-2.3265864335795996,-1.7832904658894386,-1.7389456229563458,-2.1215588228822266,-2.3834467452741563,-1.9201465790980086,-2.9765581622531707,-0.1385670328474616
-7.050114611111206,-6.482428885733551,-5.909315959176939,-3.4022908549057402,-3.820664400086636,-1.8938444892353852,-1.9738430771187367,-2.450275445052992,-3.8724794717327486,0.9242556998334585,-0.6232326429116494,-0.8318433792160128,0.4407749172226805,-0.08708445263837401,0.779513504403604,0.06445440905863851,-3.0859428710399364,-3.0236041380681136,-4.081992792781548,-2.953820336047829,-4.280159234545581,-3.093076819686416,-5.184224147726189,-3.626634481901785,-3.040403841919157,-3.19367893631103,-2.024100339496895,-1.961012200475854,-2.1184224388528623,-2.3973638920137548,-2.7999308796161286,-2.780619319316688,-0.6608864281361796,-1.8880628692801897
-8.795963852793223,-6.646298853190349,-6.379600850845886,-5.573073482410031,-3.1852069965726506,-1.999127254843843,-3.7539996349310836,-6.16409388347826,-2.9846977627116766,-0.19647815067269597,0.5359546676550628,-2.9040339884385244,0.46394756363296175,-4.140005632995286,-2.2215146222543347,-1.3913028789332464,-2.4753831095119114,-4.0678422923757775,-3.2096857204830864,-2.731166672800298,-2.4843336033418133,-4.014918753762834,-4.018005823887773,-3.8467567859956735,-3.2666591486568075,-1.8519735747829813,-2.586492847420156,-3.846730189352991,-3.006170521382743,-2.4938346579757185,-2.3524031416328968,-0.83259922913267,-2.7636201221324,-4.081212757777376
-9.213952703402468,-8.455806362255984,-7.473754557606805,-6.478218704860072,-3.0386343940995264,0.31541987025438484,-2.8400185628263017,-1.8406268507433332,-2.1466492423344476,1.449991531731667,-0.4030490727318386,-0.948908663444026,-1.6082678808700839,-1.282469594484427,-3.547284488802638,-2.644337803602157,-1.4886468422790973,-3.8511931164079702,-3.6633762973800277,-3.28989312068063,-0.48324100930496183,-1.5793273261532788,-3.0631563626130522,-3.4753306839294873,-3.704317072314081,-3.502855255309789,-2.582333402529933,-2.658772168689385,-2.7859279144163525,-3.1286382100848416,-2.303545499545927,-1.4170935486148681,-3.5953216065105793,-3.2859671317038623
