script/wind100m.json
{"header": {"parameterCategory": 2, "parameterNumber": 2, "lo1": 6.000198445256149, "la1": 58.999992894266676, "dx": 0.5, "dy": 0.25, "nx": 22, "ny": 24, "refTime": "2024-01-18T08:00:00.000Z"}, "data":
[rows 0 to 23 of 24, columns 0 to 21 of 22]
4.41647260085913,7.848505919300327,7.087230955751623,5.635284376037297,6.893991732326227,7.973676787644175,4.420597001273997,10.549316162504804,5.6461607481943545,5.835413415607607,6.608762638784325,8.936596059008595,9.144413152560265,7.812549787319023,10.91273516448371,7.88593304587372,6.710769529683598,10.805010541646205,6.274990286005392,5.825913891123569,8.62032912532946,6.702463784193512
-3.278965134902991,2.7164993464109486,7.926904703047582,8.407296773318851,8.99399109930068,4.825709637891921,6.670238748950969,7.374609510878934,4.94981574963014,4.827598092487635,7.93574116056888,5.96976052042038,5.970913056427662,6.55337603637071,5.808297311285863,6.111010519814412,5.353827664945481,6.006016327886139,7.015148763460866,11.92112473990032,5.655535510170671,8.6689576570573
8.29304230063691,7.9334448733851834,4.176998336413486,7.05978022045553,4.398101325203023,3.0147209832144224,7.002993962796689,9.083683787387375,5.23540672661243,5.453727341544843,6.8524323521909825,5.845247022507655,6.128456875486199,6.6625470779155975,7.3441688476983185,6.541399088571835,8.40749791371007,7.946321460221804,10.512026559398738,9.222716246738669,7.891051399197292,9.175041661688052
6.511735498374131,5.5031049535682195,7.287490571536067,6.004398105226652,4.858340225618482,4.291284692350957,7.1606630296302205,4.751986136607023,4.609977246948569,5.919001121551491,5.320026913384385,4.918084255317681,3.3759537359611484,4.299817533898305,6.466861374752974,7.160805828627816,5.534833569589296,5.002178266781402,6.237549059633073,7.264365813648365,4.7138965509573385,6.626715740274601
5.488919246270141,5.897384715766367,7.127260812407128,7.3302013927021745,6.317368014514003,7.099261829408896,9.849063888746945,6.846743295235269,5.385369021240183,7.650869733154097,8.04523253689192,10.037514213660122,4.3478657800536835,6.867830240489739,8.02437700899474,4.013566411051157,6.825300943314219,6.661479086276657,6.7805054702968075,5.919097510338707,5.1895998122958265,6.34360877950971
5.599795895180236,5.456028676949176,4.408208358814341,6.7169278816765585,6.945681682650598,5.212025720942015,7.620567566778775,4.97174292191448,7.315804881326908,5.151650044294895,3.4030421919879643,6.999596989555645,4.077894735743872,7.58355477365097,8.90216809294048,4.641872342636284,5.0973290448220485,10.30468524619811,2.747041847483432,5.366748447813772,7.1745668476205084,7.601379685383978
9.625021412274963,5.137491945423759,5.226336613806614,3.76801004400705,8.119933568346816,6.780972219848757,4.994815667530855,4.4071629176946185,8.240215839305515,6.693251042691472,7.248962223325649,2.699146730323364,4.835060555088879,8.394366911719347,9.073525153442866,5.63016464979888,9.744135672617425,6.041447492812199,8.117982346969102,8.397605330478829,6.371209099168429,8.358611068913476
5.740059433049571,4.5500428411465945,7.029678194434276,6.077729571189,4.043479689793199,8.723970258452027,3.080279759380609,5.891160139586692,2.649803152979347,6.830825942946282,6.176966913017774,8.195851691511788,4.2713461227608915,9.874135768512852,9.1095989638403,2.651307628500309,3.3053674230283168,6.428689743309336,2.898518041292808,2.8308534957601648,3.6081515211203143,6.272638525865419
5.066886825266186,6.472692091555321,9.392880243057045,5.77008782335543,7.6109262868621315,7.667886976829025,7.857801305722238,9.786960925047158,7.656574988001018,3.1684397199170524,6.510107272743032,8.848600284260735,6.442884503293902,8.175075265994991,9.36333934432416,7.302607801399803,3.188434942325309,4.39382811162018,8.792938839176124,5.739954514871249,6.143922950945087,6.8796438998588725
7.812586754188892,4.7686624299866205,2.384114801313645,7.5534900996488545,4.793587543249193,7.2236647644223195,7.259570977566774,7.732756745337771,5.272553488028545,5.3356413585159945,8.079414058091261,4.669097072780932,5.534000993173711,6.1244941213378805,3.8958031232319277,5.001166417400616,4.950675658121859,11.93997234956769,6.660180067108095,10.142481206717097,2.8195374877546735,6.638102546656258
3.47789469514238,7.762451969145102,8.43471939871031,9.877660470310364,7.644943388117856,4.852639789536583,4.057309737307981,6.373611483573392,5.737198106066718,5.8632441303809895,7.214653536058311,6.549060112610648,8.314337171482235,4.795615335907047,8.518214127404606,8.60083489694543,5.682462586969077,6.030983748727616,3.259795333330851,5.426851009855261,10.050910896526855,7.098274383402835
6.572889377021238,8.71736664869563,6.386260390987744,8.207255802543825,4.014311120527821,3.7455056200791814,6.928873794663048,6.069122907538624,4.6597364715825,10.031435597934353,8.797420228938703,7.57961037433343,5.390758846909575,7.05770456731137,5.7150634751919736,6.130570770881658,7.645141598059298,5.790892380661363,6.554115961512096,2.1454193204072496,7.453664023192842,4.403377583102385
5.139758781630262,2.4180270183103727,5.374488520327756,8.199326979034534,5.179101279582917,11.658176191079495,10.754602377171546,3.276898421192967,10.192397668138911,10.110264601008893,7.387670675186268,4.736929355031045,7.894654698950162,6.1859086510017445,4.315777264355179,6.420869480982128,8.754084623061031,7.04621295758896,9.36267166929295,8.691049476823629,3.9454456186340097,9.824607613620216
7.380665929649689,10.587350978766505,9.733216003732474,7.052057918862628,4.275091459072658,8.42059867964885,6.099401369990379,3.9638148433809173,4.53177060799898,7.635423092982018,6.328880026318863,7.152139225399449,4.44234712697945,7.629323748218075,1.228261816007198,4.5318794881592765,10.692216888897688,6.571271850704342,7.813969062436681,7.1060986117451765,4.14837687960796,3.8297873509380125
8.769946218318157,6.858301420649406,5.235437639720791,3.2431262780663466,10.775699033453566,6.1311451840049225,4.434892724796112,6.820576329889037,4.387680581853645,5.0515375924583745,8.760359166159951,8.621529700807637,4.881508419624015,8.01237732533913,1.6238146667860704,5.719435478550719,7.841981764983772,6.255874642024428,8.318675393655477,9.357017920964639,10.269761760030844,6.035327237066638
8.094314042695796,5.331589443275937,8.42255157496175,7.615994852647279,4.699107628716797,5.276940344270974,8.213633115494718,9.178225124902374,8.933284847699966,8.068092625395435,2.179816182644995,6.3213635753191895,6.600791037144235,10.771987266818625,2.966260173320606,3.987281856472023,9.574471283825984,3.0746792494509565,5.67084164245636,8.680890012107128,7.724114166067161,7.864575818073164
9.03393108705787,6.720486374164364,4.185924417422863,10.483567364363243,9.321115185478169,6.703443236182825,7.336595006233781,9.454399894074312,6.025514665106682,8.064897247254134,8.056444414677566,4.9446897028179455,4.53478132388959,2.1762049696925705,2.126800701589607,8.463655063811379,3.7008587770612236,3.6393791069887946,4.938276367491547,6.275256944382278,8.81466456788146,5.8139634179585356
1.8414025818988384,6.668656308944247,7.566056593073057,2.4297639396514943,4.178355685070506,5.208372980182195,7.823203199579657,4.516797766955516,11.44552826803912,7.9378318454418535,5.0002457088338135,5.80410330293869,8.506796424257036,5.000113314207439,2.452111187932134,9.022011243134157,4.9018581248770525,7.150979047373807,6.210794005694027,6.41749018422861,7.384555838259887,9.051935125051179
5.455508193590177,5.271271767248187,4.081982540141707,7.708078346162682,5.2741021594700666,4.385575846799469,7.753285205007874,6.678559989731378,6.721461970610647,8.645135295936415,7.682907317424733,5.3904816895980145,6.345830286872414,7.864485112186432,7.739356187545205,8.635322632082005,10.838352523232949,8.640052743841585,10.746818056169246,2.4845675111938137,8.350297556433803,7.017585467260575
7.093003381269937,7.85642581590838,5.073045786595481,4.502126351078143,3.6019874671872207,8.687995273201485,6.919993182767783,6.788481954713952,5.54316621955808,4.440093730413461,5.045014103693658,3.4924304263825614,8.315372291789796,7.866674758499708,7.184004505211088,10.449568307959282,6.4726379025988345,8.065035150771202,4.502418307032026,5.921738708885262,5.579827417943435,9.71403982101555
5.663393810638413,9.536903918369608,6.046519494515012,4.001247746138372,3.987506109089032,10.10721427676482,6.045424320318888,5.516456599748776,4.959801693120294,7.123761789101412,2.421058606208569,5.1641227758450645,6.694051277602954,4.414588319377209,5.389436907658547,10.024580185247045,9.477278954118452,4.4121809349701,4.4925566753691095,6.66937559754059,5.540781371399846,5.7560757131468545
9.536126173281486,5.215778863124431,6.983999698386971,5.1238388965001525,7.542214723114848,2.679371605954324,5.713030689494149,4.9207341056381715,8.44719992643141,9.189597377546532,7.178260859576307,6.411769189664658,8.687592333240957,4.235202326089064,9.253449644115197,6.961663936186008,8.823243631987177,12.158952539643057,6.363526605664543,6.314792984087263,4.1910914954629455,4.8049814728914155
4.989763721014102,6.606110899679806,7.353207726626253,5.235233079575278,7.255663309767723,6.90295181149804,8.60954248572903,7.071945346692664,7.800053007120932,7.871588362044662,3.2185456879320076,6.562384407716014,9.37605181743756,8.0774563948453,8.794986826220931,4.152062535847139,2.7453613774655703,6.237212486074396,11.898368246057371,7.219433878223678,8.059456552035616,6.88358337248003
5.675778863365005,6.911989389248115,9.19235273715988,5.413392882095122,8.208883212972607,10.292122333529163,6.892871801287358,9.094193811811234,4.4082627057386485,8.795455300506681,3.3639988683501807,6.61724563357812,4.4345016052534065,11.439605612709688,7.3390766452773155,7.531330331131597,6.601464636960159,11.322983096976944,5.05133664884719,5.109112128927608,8.110789251050514,6.2414670946517035
