script/wind10m.json
{"header": {"parameterCategory": 2, "parameterNumber": 3, "lo1": 6.000198445256149, "la1": 58.999992894266676, "dx": 0.5, "dy": 0.25, "nx": 22, "ny": 24, "refTime": "2024-01-26T20:00:00.000Z"}, "data":
[rows 0 to 23 of 24, columns 0 to 21 of 22]
-0.8884278445201962,-2.1496364461096893,-6.597285766303015,-5.715122043845152,-5.410197670372392,-4.852706209258267,-2.7055987644743196,-3.3245729784511986,-2.3683256065980904,-3.8827065261350557,-2.781174055294071,-1.9868168861646418,-3.5809732989151106,-4.5152455800043825,-5.681690383669945,-7.110508591556063,-1.3731261250250835,-0.6368058777482054,-0.6172291205100835,0.9557845319566602,0.6193977536524,1.7821236356043537
-1.6076739958757156,-5.898152108127123,-4.85997847037098,-3.9081044557407734,-3.9668002642772806,-2.4098127788749006,-3.3031412565987472,-6.128658530312543,-4.905179531355265,-5.4385770276982655,-4.898959656050393,-2.447030693998706,-3.7926433866109974,-5.372245420702027,-6.081112080470499,-4.870142244231752,-1.7432252249660811,-0.20864294969970118,0.9654730973703686,-0.6638032066850876,1.4284111408992537,1.4723397398361786
-1.606746192841806,-3.6042262189234817,-2.5634023671795445,-2.679222643832046,-3.0289809319327836,-3.1367719496936237,-4.654446724131357,-6.49233188603191,-6.300851408112496,-6.699883490489886,-6.928830122267682,-2.6759610684769237,-3.7295519773101318,-6.425577152502621,-4.774747456811744,-5.1356117883313255,-1.2684426921258223,-0.9921544045575712,-0.9531770332384435,-0.8122433727215423,0.6229116354819801,1.7889328943306542
-4.3112886102797985,-3.706172383467634,-3.6244310110811284,-2.776148820744666,-3.089372295917047,-0.4167567103261839,-4.882088687452495,-4.97979217922552,-5.291772081893117,-7.095569636191644,-7.798850287844191,-4.5092382792442285,-3.889665106676459,-4.1483813769899465,-6.130048778616632,-5.268695910230469,-2.3493555390743146,2.7191307831740357,1.1708695907879145,1.087447714866576,1.2369261100452777,1.6892131451602561
-3.601318776211295,-5.084411525215109,-5.764282814508877,-3.695867407213356,-3.4649633442672876,-3.9575691358595626,-4.24409897691709,-5.459758008285824,-6.2806986670373055,-6.298605869142089,-8.032581382772648,-8.130376921961727,-4.51440678999338,-4.971848690269269,-4.473782889276478,-5.008224516325308,-2.0036753042203705,1.5009331503970038,1.8547943141097836,0.804169883096312,1.9144153032598294,1.8309682818474085
-3.662342988141688,-4.461077057620398,-5.971099774977955,-7.916861395558143,-6.113300934094227,-3.975740048254357,-5.493595104326074,-7.130270343516262,-7.303482219123542,-6.932474413674282,-8.203514383736776,-8.641185932765868,-4.492051532019571,-5.204614346363045,-4.979420621825597,-3.678635276936801,-0.47897040025854676,1.0774725552958633,1.1346689274029635,1.1707116707584695,1.3208465040578152,1.455813958862061
-3.8699624560791204,-4.816632962300558,-5.78506222266069,-7.359857487950355,-8.181480322447548,-5.8374084522681144,-5.476181413304594,-7.696154182196104,-6.335604499978154,-6.405142562379591,-8.544150179646062,-9.430430941758383,-5.32901318461769,-4.339841194316732,-3.924087034570943,-2.9568176732038944,-1.2401676094001242,0.22237726614298722,1.199925021317613,0.6864693272757186,1.196036666461288,1.0385278754709317
-3.628050652783697,-4.84707930494359,-5.776616963374543,-7.753973362770109,-8.757687517250208,-8.643346349391626,-6.927480886058261,-6.946163329205153,-6.4746373342507075,-5.7040076363349606,-6.673596600596632,-8.829269021922395,-10.258531994725145,-3.7711992576313316,-3.8363398173885215,-2.994159087581018,-1.426217187817997,-0.14900543927882384,0.5553506351434829,1.037394010491259,1.2798919928724508,2.6103667477512396
-2.947090960217,-4.2290309077811665,-4.883531395437971,-7.114320101425917,-7.970407448763154,-4.9754094888704765,-7.104200169618861,-5.993514390463344,-5.4694720388521425,-7.813179570598031,-8.6857874114396,-8.817455874938478,-8.919211434317843,-5.720605360549538,-2.9812643869860422,-2.656488529068919,-1.8887710156656095,-1.020185749054854,-0.29950925144353796,0.4103451184422826,0.6479414482045686,2.7523934574969706
-2.847396420748703,-3.9561761871862844,-5.203052167776536,-6.381287438692208,-6.534268786031024,-6.917313473234317,-5.84480438457145,-5.111178362445331,-5.615752286352295,-8.042332368853076,-8.967948089483235,-9.079425620750827,-9.518380181568777,-8.739178979468086,-3.2057098064535876,-2.614952396926607,-1.7235223177612276,-1.2458243748550677,-0.7663555405156419,-0.624263931247953,0.040670000247720425,2.47401935186532
-3.2091697333662674,-4.058003032709129,-5.433896045158809,-6.625105455299144,-7.056178893240557,-4.86097318420911,-5.209181018487159,-5.842450066597893,-6.302973518573512,-6.559056398317318,-7.934643722593304,-9.199098251298214,-9.173723320903122,-8.300110776520809,-5.06855229578524,-2.2149411040854123,-2.060863103533199,-1.6772039714849738,-1.5208557595466052,-0.8109820575198514,-0.3782629689216764,0.4166757654407191
-4.164403229750519,-4.155966112342013,-5.513031590121553,-6.470399983855288,-7.098753707195923,-4.033926452590418,-5.514004290751867,-5.955970228858195,-5.4837384859892175,-7.194469636012793,-8.20286542653887,-7.932741685130654,-8.105056380727426,-7.861056314720809,-4.591746397417293,-2.6665269951970103,-2.6503941069852317,-2.6587893119356214,-1.7833400782364437,-1.383404897274003,-0.3371488060561213,0.7021785125630087
-3.3465731767410065,-4.295682988207111,-5.851666375970183,-6.734840372498676,-7.29430346663536,-5.001376167937099,-4.532959002261584,-4.671666349663078,-5.808022164735798,-7.778110082571821,-7.956434997521177,-7.516258065662029,-5.063925303296305,-4.382276057018235,-4.66775642376483,-3.0511270287768997,-2.549936916518574,-4.055913649134314,-3.4446294767347467,-1.66256371678901,1.5309207244249745,1.5789317153260551
-2.937691576215884,-3.4132915189687765,-4.824539958270585,-6.018337217313377,-7.182169064651655,-5.730987736458003,-5.231975556972058,-5.038060251332459,-5.286818001936593,-6.65529535866197,-6.489695274481467,-4.3509426382791565,-3.9803749851205543,-3.7341141126955306,-4.566346723353201,-4.83165811423808,-2.7916551520821877,-5.114424544018538,-3.89546371050748,-2.0985339495825106,-0.32871373892378886,0.4886205911583471
-2.9984005324723473,-3.284429381928194,-3.7717059789551977,-5.377044712390935,-6.195703662409727,-5.574662442589927,-5.727341622258463,-5.281992249875306,-5.163880985603485,-5.3763461452728984,-5.8958849545195156,-2.8790260677187516,-2.921648216660867,-5.294194816477119,-4.098180722402849,-4.880252846848474,-5.00182684956598,-5.0497321778090045,-3.4568474058094867,-1.2142554313758984,-0.19545088408263817,0.0038733157352056347
-3.5808877054842,-3.8707762065878666,-4.167820648284977,-4.979160291738771,-6.1412374785866,-6.520978091078562,-5.2020632372486775,-5.0986857934086816,-5.21843003260393,-4.349350908779037,-5.104293828084873,-2.9812513647016736,-2.557041570903488,-4.067899661899608,-4.323222302092292,-6.10083835183873,-6.325624492290079,-5.896102747498137,-3.887089908987871,-2.0826817773227533,-1.4048210372623355,-0.37590255926122323
-3.0852454062681804,-3.976726220107781,-4.735608859117707,-4.689787453810207,-5.620462968643062,-6.370900021276543,-5.24577509588543,-5.0837096817161385,-5.4706398150213875,-5.34405527056655,-5.169800176886395,-4.073147318751941,-2.8578677772906405,-3.4341244045699924,-3.746388783873481,-3.790309714882988,-4.694471770799494,-5.9756645167561455,-4.491848104484648,-2.365498567602289,-0.9149724113234757,0.12601413611054796
-3.2193751987690113,-3.5242636407771033,-4.740267720473933,-5.019455905647074,-4.987031544232272,-4.7960698171634055,-3.7285190840518023,-4.648083291237547,-5.311100242375299,-3.464605827162136,-1.8502117397643951,-2.40376901754067,-2.390870528340524,-3.7804766002984853,-2.6309381637948914,-1.613116625165387,-4.054538068679266,-5.331004761412021,-4.454582055592199,-3.572653354336507,-2.497499020637939,-1.3518322216425407
-3.4787524819230833,-3.9921391773962682,-3.6314758259457083,-5.004591144877566,-4.818224075039563,-5.216841425685243,-3.7418881316591155,-3.2656255103459637,-4.415445202331804,-4.47731223185409,-2.7946384603384993,-3.2405855929651826,-3.914907503403051,-2.2928998816362967,-2.0626625714116207,-1.1679663203142094,-1.8203634251762804,-3.7792471419886513,-3.3690169636024825,-2.9627588128273423,-2.5397613185716787,-1.5388780417430497
-3.117250865555231,-3.9381354819953547,-4.0771281099393795,-4.599792992198004,-4.5797363686305355,-4.078366677624041,-2.525119888247484,-2.2050315286018756,-2.4378021020681087,-3.5238622865451026,-3.1536445493494165,-3.093547798124824,-3.864264544334565,-2.275108394052955,-2.347870737488723,-2.5361415696520466,-1.5396926237763837,-2.9524650596423165,-2.470071459437697,-1.115897516915501,-0.2632046695058372,-1.9227813396817723
-3.01490024544029,-3.1750640771269127,-3.893913131495332,-3.9886462244943246,-4.6205598326478725,-4.004285305898201,-2.2178157601434174,-2.2773828775827676,-2.238096033217658,-3.105059069198591,-2.5092285588494647,-3.1515600131894765,-3.611173844073646,-2.9628906990435655,-2.598035533961812,-3.6947616070891924,-3.4226347550320004,-2.148178622812213,-0.748906579537224,-1.43167922335478,-2.207447625124358,-3.2090016837744924
-2.411723128581091,-3.2881861526342298,-2.9548488820415613,-2.8903476531248415,-3.227157276940876,-3.949001962781819,-2.331306176890072,-3.242770475205507,-2.328493272453853,-2.7320859860668296,-2.9825817362903173,-2.119992217381199,-2.2087600018584266,-3.094501529295887,-3.1695864459007823,-3.3853321813451958,-2.6636224799722825,-3.5847084126934434,-1.2375761517753137,-2.559683363133148,-3.31382896789937,-4.334124139523336
-1.686892651045986,-0.9703358089948929,-1.6477837628137175,-0.7543271482972194,-0.694710244267072,-1.345722888866079,-1.8476109883669076,-2.5452649372433513,-2.637895466361715,-3.2473821367586564,-3.8111487160708766,-2.888700905119575,-2.5950928934952566,-2.8848523860596096,-3.9707930730109173,-4.355924355104143,-3.68968547985566,-3.032846911718154,-3.2297922723513404,-2.6698138116632513,-3.3545309214965893,-3.970137436752228
-0.35533721905436,0.3301966483597014,0.5068792959277821,0.18801343118010205,-0.314063249938802,-1.4709136984003657,-1.593189395213246,-2.2643053539957125,-2.4017816881361136,-2.6155215375174694,-2.7630542366716306,-2.991606521476947,-2.799856778005487,-2.4418421480476744,-2.8546354117620036,-3.4247363146165597,-4.593496346299542,-3.86827475036036,-3.1604240439103077,-2.778806405684613,-3.311879874409291,-6.210390332771266
