script/wind250m.json
{"header": {"parameterCategory": 2, "parameterNumber": 3, "lo1": 3.000054539987559, "la1": 64.9999836372058, "dx": 0.5, "dy": 0.25, "nx": 34, "ny": 52, "refTime": "2026-06-18T09:00:00.000Z"}, "data":
[rows 24 to 47 of 52, columns 0 to 33 of 34]
6.3349259106922515,4.828284295376339,3.8402190014801927,2.954492139875202,3.3580720313758023,3.00222845793251,0.5562829980421324,-0.9662849934679874,-2.0747327295546008,-2.525202171496449,-2.7748255883749273,-3.0497120009078653,-1.534257982380089,-0.33492449153073,0.37608182189782474,-0.1632383810815944,-0.9692333464430425,2.0372505890212995,1.4888277735706061,1.3225816971640327,3.2586126434869844,3.5079528716657356,3.9256608920462877,2.1538611338603135,0.7686441216855202,-0.37213746288933397,1.9156223697683858,1.518994772908221,1.9073131836022332,2.188832117331825,1.9704226575514123,2.1914480934837774,2.020091324886439,0.9599934847378554
6.37647669260631,4.844506108810294,3.9086683999794603,2.8502335395128537,3.2141401831774306,2.774948777912316,1.412193246012941,-0.6566212356043418,-0.7199122311885205,-2.097011700905428,-2.0123149660885367,-0.33726141328448683,0.2284563212216805,1.9380585157735712,0.6760690438444437,-0.2030284969443756,0.5132669500235771,1.6131480444422168,2.1375556168825858,2.6872810962545692,4.732053564704255,3.8171074555338658,1.4650672097617816,0.08194903486178873,1.087958387862501,1.1915613548179749,1.5101877300778779,2.136481451892774,1.6746704865411426,3.7214653323729148,3.7818971049121055,2.564684934820345,1.065997505184394,1.1215736749526075
5.972633916189997,3.810207814087579,2.7368558298601475,1.9196191673985448,2.6337990276402814,1.5576790058599967,0.8051249438433474,-0.5124404083260614,0.0496918297068254,-0.4597449055286986,-0.8004562766599079,0.014815517996387027,2.231384681961708,1.6591956516983102,0.6357935565820856,-0.2710947547978759,0.11942611448476176,1.444853071043785,2.223408556861646,2.9781246881490078,3.0138292728393745,3.04317867853059,1.192752336676411,0.6827797745793323,1.3184324904733375,-0.35402849613883625,0.8585035082993339,1.336077305657763,1.1941949572317208,3.4042009292145385,3.3445244098410347,3.508374806204702,1.5422615051016164,0.29188424191606455
3.581704210327017,4.46898727690702,2.0397406793891544,1.4668470791293315,1.1625055628082122,0.5042868013948512,-1.0360195804612746,-0.5215342871511904,-1.1940507879074593,-0.9157867811794846,-0.46147858522703594,1.556702273710293,1.4613579148998075,1.061181559477813,0.8302697021368907,0.9143098150658697,1.4538407893226315,1.879892282144504,1.7229151432502519,2.1462597091406908,2.5983431256043383,1.955408566301443,1.3151191653425678,1.4991040720285653,0.17174814395777063,-0.1006273787778128,-0.0129117804078841,0.45393048779705275,0.7788440721317519,2.3546049597446763,3.0156646552417277,2.5327038592881865,0.886462211704525,0.4067132044018993
3.2470153582214274,3.834866729102652,2.2691036292534337,0.21385673303994707,0.2781020679259638,1.1734518726398142,-0.7468058489789325,-1.6799434824480453,-2.1883851445245996,-0.8959438587095451,-0.4123768910509772,-0.10827213171280926,1.8682424191987343,1.646559025261549,2.3794980819516236,2.1533179812837733,2.3088541231445907,2.0829067077006713,1.3517319810195647,1.6690536439373873,1.7224519732803139,1.4733967132342893,0.3418157023115851,0.8975971994982432,0.20215558220561566,-0.17996054777789014,-0.40685557199224626,-0.08898957875055083,0.33384320318567445,0.36434200556227075,1.103077004306762,1.3984485437055199,2.0413341584475737,1.0514201579061575
3.880638924193727,0.4017141951965832,1.7610966620921518,1.00632364572106,-0.8744152344702019,-0.08389268375368032,-0.47941358173258036,0.23322628533362844,-1.1554612011064485,-0.5748436406015598,-0.2362323833942313,1.0100545630753768,1.704250961019958,1.2398496276671553,0.6346336875187918,1.6915325358389446,1.0009160644819082,0.9132247444779221,1.0191680621439418,0.8045110254576455,2.0484648545971624,1.1614354238220523,0.9068599699244306,0.7205836021296109,-0.5985280675025213,-0.438173916663681,-0.5719895916295752,-1.379564034050942,-0.22336656428004711,-0.9743521950451545,-0.10262879145332086,1.668806028233457,1.2676031250417947,1.1924457702894162
4.0061569839274735,0.32299903824367937,0.4168787757869903,0.5469081187448147,-0.5673689442327607,-1.311285012378107,-0.2051289058337956,0.9873219621992344,0.6001136803026469,1.5251058019414938,1.7169222808510007,1.5122443737316404,1.7829655968348503,2.4866199990653195,1.4370562800906983,-0.1754991361787827,0.22684564677657032,0.00914129375420941,0.794164897433168,0.7496778469769446,0.9238308337267047,0.5020192517404408,0.7383777096023112,-0.17269552295346996,-0.10703211337602025,-0.3081695096970991,-1.031533335464355,-0.712069676430213,-0.4080649108527759,-1.3587071022391268,0.21310585411082142,0.9987918742845332,1.8201198403567043,1.8919136698009824
4.116276081513747,1.8593692261664163,0.5639253525375079,-0.7103301852788136,-0.5374496550115502,-1.51928830909022,-1.356463443787927,-0.07167397153730029,1.3525782081499753,1.2531960674141807,1.8044921228888906,2.0349590369460278,2.2358554921007805,3.398130396958472,1.6427522667895997,0.552488855706853,1.8789482304784506,1.771270246936204,0.9242882973011538,1.0378110919727574,0.21672896549393741,1.076739321553261,0.5244584841280987,0.02146645362317139,-0.33791148733446036,-0.4447589701395228,-2.0535021403732423,-1.466046719301421,-0.14367180652633996,-0.46407685575136615,-1.2778511541255564,0.6589271757872095,1.3285236316254123,2.5221846345554213
4.957650855873333,3.19966685977351,1.99048697617842,0.37718114355703614,-1.275292144351497,-1.0176395712411193,-1.2698777770416234,0.8178781779150123,1.2698954083705492,0.8486977447292079,1.4460971206026418,1.6082743805857207,3.1744380993783956,2.323261207479827,1.594725823543632,2.1163883096700906,2.7380427611652136,1.681952400209379,1.7115091256075383,0.7776700252798268,0.008819845773814509,0.6107614081210349,-0.32121600694536734,-0.09524926656254848,-0.1479508641877629,-2.207319422442583,-1.5799564217851825,-1.5071118733904696,-1.0143011697348316,-1.4051319937766595,-1.6554284555306271,0.35430036289483213,1.3501206614129173,2.8942628510681714
4.812005521261693,3.92870514905205,2.1315887367482564,2.1927211858269615,-0.16143532341103184,-0.16791788011677894,0.25577559069959294,1.24156406154652,0.8003496468751307,0.2426508235772619,0.9426753684759925,1.666316104411289,2.464076943387425,1.633736509356663,1.1963973451926149,1.6057146967314104,1.6585865973801839,0.5315386380265099,2.2343867131684174,0.13837751146405644,0.46483029612733423,-0.6485225557934198,-1.275893703185057,-0.7328515071117495,-1.4127862158970974,-2.0917562103581266,-0.6132115036832351,-0.9386615347775275,-1.2321006309966613,-1.1067120071960386,-2.0086615749896657,-0.4332491482143511,1.7072137280426736,3.4359600491568423
3.6174888233828435,2.981213355076346,3.279239658389509,2.0892282211259765,1.567575555425498,1.1768461163101271,0.5775593607477457,1.0568983798285911,1.0946902094053526,1.1854309844172002,1.1749175914159495,2.1488942955807584,1.7459789945390634,1.9914652238921853,1.7211687126443465,1.3351805523313522,-0.12190018371545198,-0.6703817504641736,1.802755136521303,1.6574722824975674,-1.3157565735844676,-0.31898665370365703,-0.8867763234831284,-2.3480333666743487,-3.2954441404790327,-2.973384876120826,-2.4440436890856994,0.2724775170904055,-1.8194117915917096,-0.8548650813099927,-2.836121244867274,0.9290612215934954,3.1576703148532452,4.219956420380391
3.708443215562694,1.3102945746696384,3.702997755767578,1.6723371893298529,1.711813062390281,0.9694725635947128,0.2337629871544822,0.1317218916339401,0.4247066169234663,1.2633135269446818,1.4736441972393963,1.9939084835281675,2.72416285815603,2.7437056771543213,2.1802765018231494,1.6987786816996344,2.252916610701197,0.6418717928855702,2.9255315034702924,1.7602624704187995,-0.9175285372464864,-0.5341072395955169,-0.9069666887859159,-2.1970711265569975,-2.014305129643816,-2.4091204483086806,-1.0872341556660443,-1.369995168443841,-4.702887348157218,-3.160352445392121,-3.6986169967661824,0.2840679750601469,4.439307094967809,4.749450392371549
3.587366643356965,1.0584339987520452,2.553742597598241,2.15253007348171,1.540498033979432,1.5388955385385852,1.104213982478944,1.1771269010161403,1.3952990335736029,1.246014937970568,2.5996793620284118,2.2867990664640017,2.1386303765575483,2.4663870800320398,2.02469294051299,2.5819947514574904,2.213243479280438,2.4302285976543625,1.224445373435575,-0.5772649397359326,-2.569653018724167,-1.099384543144896,-1.6447170656525665,-3.1401499889756184,-2.2806971404691647,-4.307794083582952,-2.6068565973520816,-2.496985616564579,-5.3165791531912205,-4.238735131779527,-4.824854575583296,0.30421973471883423,4.528975569129023,5.679790445393101
3.261353053593731,3.1857095528728836,4.098260243861149,3.4752312736993867,2.690481706693881,2.204796524038269,1.91190644105528,2.0153976037739323,-0.05180767570358122,0.5894608332279259,1.9998082773209058,2.7106427859261935,2.674747734937954,2.8701330399075706,2.364312319873223,1.7367497218995072,2.8612475137795075,1.1472307082761768,1.127326733587344,-0.1955354234390349,-1.760356508901346,-1.0571539621036719,-1.3124684547551697,-2.7214052259180597,-2.30065889005578,-5.221849417083984,-3.8984108360797265,-4.816625411003248,-4.524349536163926,-4.059469188586368,-4.109230321787738,-0.11845525435733772,4.598190084636775,5.698982763017051
3.109586425335158,3.300486199654712,4.121207167689899,3.5524722262848565,2.3623108852978896,1.882931247515363,2.72338935038093,1.8975680475666217,1.2038850871981597,1.5804919940282638,2.2592064154832623,2.5569412069676756,2.8936057705181493,2.411025968438605,2.9244846584392663,1.723586041347681,1.6037575366875783,0.6387027350257718,0.29315129042342036,0.3462310683527653,-0.19527564298695843,-1.8486731868953377,-2.0268240202127563,-0.13326015641770805,-3.0152613299889213,-4.128603896367392,-4.416631744885028,-4.25695761950212,-4.883044636713468,-5.1842397232823565,-3.899530084683926,-1.5827664125176943,5.062899439451883,5.126442202796512
3.1679189333269373,3.557623828577446,3.4123224676948594,3.2549112232058923,2.5916889718939937,2.650593218686751,2.6160737131898752,2.332639027473186,1.1975968164769586,2.0895055700325376,1.1806690229989476,2.068781990208782,1.7908212290701975,2.7265162652815946,2.3038168150068685,1.4557952723400014,1.1570673722169305,0.268691095294399,-0.6717920653341943,1.1920998356049872,1.0960098498630173,-4.405640644595043,-2.263025753367312,-2.444694606786895,-2.0447754512516276,-3.2732996211410645,-3.7470318763314476,-4.102156631186357,-5.606097946387764,-5.551599433039776,-5.101532855817952,-1.097908342123544,4.5836698999274414,4.720163258100082
2.8855413083642287,2.9928231250538917,2.379289795591716,2.1647847334138515,2.8815761362918906,3.1599527155410723,3.483791843492851,3.353551890304682,3.192335834236215,3.1376667015631625,2.2367784869963154,2.517727247010437,2.4920239652922302,2.3697058372897293,1.2948474293590537,2.6798117136040194,1.11194291375021,-0.32821691626776367,-0.9387159527096243,-0.3982186594768808,-0.4691600223668556,-2.4583360141319037,-3.718167881462489,-2.771323070284621,-3.415925682449196,-2.2435122842005844,-1.7526024790232826,-2.6816623097627925,-4.6986820460951675,-5.724334837548116,-5.135483430098161,-0.44276670657589834,3.206540774642387,5.162504753942117
3.250623018829171,3.7052948504092917,3.676311619559463,2.6549412889162887,3.628072843219952,4.681147962391519,4.581239437981039,4.747924592211811,3.4858545196213817,3.451798654374347,3.62474799531648,3.314035099143715,2.7882095565545715,2.2214103258814157,1.710122649061264,1.5458626807979496,-0.899939510202064,-0.5909017881206405,-1.2708942990642575,0.12461341241056749,-0.4239550926303701,-1.5896726276692486,-3.1174503344105036,-3.160301966852151,-4.028576402095325,-4.4723782187756544,-4.860430426693477,-2.0854177825552136,-2.982424331348186,-3.9387662389453415,-0.3477654888353419,0.21905843952675896,3.1764894446269976,4.692110839610891
5.760201478043235,5.999199476469891,4.763389241806625,3.6034155654249385,5.375728314465037,4.767660389855065,3.3159968904048767,3.0581004627022503,3.8340054234251455,3.430627535556834,2.8396706979311066,2.4846823186077325,1.9818846156248466,0.6504489731487009,0.6674202512685712,0.5100142667104125,0.09803688222806974,0.13992725698662886,0.5485070050546691,-0.02707410782432428,-1.0404867374652649,-2.148590035686891,-2.795197687955611,-1.7411650332983546,-3.062004656327899,-4.933964728634677,-3.784111378476146,-3.031982525412748,-1.7455472507468046,0.2059307220790578,-0.06548531708152762,0.14540006761148408,2.812315043689618,4.5177395638970195
6.278646221392146,6.05619593651798,5.388099654071797,3.7954437249531647,4.269975365347996,4.64938517111888,4.577246810447648,5.0136926223525355,3.7724873817469824,3.4186211316090627,2.0396797354468843,2.1148803563712706,1.6979590322444116,1.0834257885155467,0.7168589386507438,-0.4911096139394343,-1.041189711952529,-0.6321078571662745,-1.9779603030402928,-1.4303365514287232,-0.5184104075163173,-0.13014342417349095,-2.0208907651262242,-2.2551459489645596,-3.1207029060965312,-3.157158707746581,-2.6369463147641294,-2.0353557589684543,-2.4674029498067136,-0.12512969486135764,0.015379940983891156,0.7742977117697126,5.443575916761735,3.5906194761126042
3.8818677387193823,4.024319292300032,4.295054403756551,4.494489138829194,5.1981939022478905,5.234165996966494,4.626570463916465,3.7514587553861762,3.296469982538485,3.8429755215210784,2.827118215854451,0.894770056721033,0.3699974327725222,0.543740302942276,0.6179780478325514,-0.06329624727715331,-0.046169280717870693,-0.01585182523579665,-0.7825146316380384,-0.21901596586518604,0.15823730614135184,-0.19938095772702438,-1.1488812198747886,-2.3858904682493995,-2.2767821127125614,-2.0004662812548943,-1.5645668404871373,-1.1250130405478584,-2.1928735317202115,-0.5926876588009818,-0.556421097700989,1.439691625501326,3.3272873338466655,3.1414268787548503
2.456721264999968,2.8315522423542037,3.6015501049606207,4.350475405010977,4.941287349841731,4.099946533064969,2.769880772289757,2.4239618148124364,1.2832369293971257,2.624289215563495,1.7725097853234333,0.09906047838945654,0.4693943406720901,0.6366168143068617,0.5552258971962528,0.1685078984487235,0.018969464685156694,-0.5902932524899617,-0.7550611007464826,-0.25107950444130317,1.1296384627901512,-0.2645271819410145,-0.9251027363115077,-1.3841445771042664,-1.1194132163537758,-1.3164063329008993,-1.9716101951185383,-3.2386261398961977,-2.512156722463351,-2.4472027101255054,0.25746343893746665,1.5453748577622344,3.1514221414736783,1.8922710288453735
1.3282946533314421,1.0090850968286653,1.6101113384808314,2.965417970351858,3.981405112342815,3.61331448614482,1.1929560568932867,0.42539670739837904,0.9943049871006108,1.7865747129599894,1.2179004251393473,1.0307231473169574,1.0442599637082322,0.910294710063093,0.3616693733771206,-0.15754486444145435,-0.07588617731732297,0.30239326215818996,-0.3312182347129952,0.33930418115683614,0.30866489717759094,-0.9232694244679416,-0.3703466223323859,-0.14527116857843927,-0.8534071744407609,-0.4461592972998795,-1.4142604660967324,-1.9969670340817203,-2.7646466377948467,-4.414645443475926,-2.2392833611834577,1.0129529468426262,2.3498644625253964,0.5662082328022431
0.5215740048043848,1.039706786535621,1.7037262905036241,1.1090454990001635,2.884906997048936,2.3075276148009745,1.6652187245459067,1.4539562314359868,1.8931259736770887,1.542885993305257,1.8156982853625185,1.9677310388193283,1.8381788341545884,1.9105978169907822,1.4396629608351699,1.459829668012628,1.5136853115179807,1.1327875285287476,0.8050501094231212,0.3687984227781432,-0.14626091792302603,0.14532861996376195,-0.5991482935571341,-0.7505498782938638,-0.6909781193051867,0.21781820507967398,-1.7701461621790917,-2.7912748208947065,-4.2892732065856,-4.145955460362243,0.042027607941124735,2.2258522258913302,0.6605029167183138,-0.23248939545702094
