script/wind50m.json
{"header": {"parameterCategory": 2, "parameterNumber": 2, "lo1": 3.000054539987559, "la1": 64.9999836372058, "dx": 0.5, "dy": 0.25, "nx": 34, "ny": 52, "refTime": "2026-01-07T06:00:00.000Z"}, "data":
[rows 0 to 23 of 52, columns 0 to 33 of 34]
-6.644167315998814,-2.6831460336303876,-4.391632777203893,-4.138773231416774,-0.36214091719734165,-0.13361246733012935,-3.133825456587528,-3.898797953024345,-5.594844559901785,-6.21023241361195,-5.04130685091143,-7.264436707609811,-8.406052854320246,-8.325967213792394,-8.70357248978254,-7.6939502307347105,-4.499761263066612,-5.779402695961123,-6.3470178404990305,-16.52342141362647,-7.60479732905108,-2.0261100888749377,-8.496405653845361,-11.307871511053712,-2.785848505777942,-3.9881074749077396,-0.7299337514231746,-5.3774898664712,-2.8318334205332647,-2.8490828735552625,-2.993839031291413,-3.878033897451195,-5.414974899716899,-2.3942029890225864
-5.614285968215097,-5.99948973668965,-3.236415652678165,-3.1400559917948034,-2.591894209066071,-3.4986546184351335,-4.395448106151796,-6.694597211328734,-4.8574233787442855,-5.774073527198705,-5.592237627722722,-7.032467434971843,-8.045117061662909,-9.19028933684408,-8.545945504744708,-8.940614656396964,-8.77142137468229,-5.842092624233888,-13.670441044155403,-7.7690968547362225,-7.5149138107542175,-5.557951719002656,-4.714851437660491,-8.322216385380354,0.020955322922244328,-4.760549270150916,2.57717916504079,0.25677140095463646,-3.201130965130981,-3.7050560073080883,0.42555136881364897,-0.7019447348788478,-2.7007649976688004,-6.029271605234407
-0.03522192516424614,-2.0911742186505418,-3.3711973425791517,-3.9669533893122235,-3.596106742451652,-4.574601643442405,-6.61712696434109,-5.292472662813781,-6.28269489939042,-6.159003094426004,-6.773925449092161,-6.9154035570101104,-6.5411110424522745,-8.070248002492125,-8.184642222192974,-8.03277791832207,-8.511256690668214,-8.717635462119535,-7.149805803896213,-3.8608142627037036,-10.60618592002385,-7.671316444547698,-5.7921444024788125,-7.394497235550948,-4.987917739819446,0.2387715416449058,-4.756089637295741,1.7795528888464183,-2.778719983893278,-5.632498397708748,-2.331253652497103,-0.6910862109538157,-0.508225885697191,-6.551602564464383
-3.3488481987165923,-2.2395670419726197,-3.248029848347478,-4.985970442139475,-5.880718291477736,-6.592043294138759,-5.918005396595106,-6.306151333966808,-6.572832229636055,-7.486991836163068,-7.560020003384448,-7.252619364420399,-6.919360557926508,-5.717416865542309,-5.978859249907494,-8.829552722614809,-4.814389770108048,-5.510190364614337,-14.032085451546502,-4.781783328775945,-16.873207523277,-5.324541879406238,-14.003793941366808,-1.2905519199884465,0.9624504481575731,-1.443611780443446,-2.16354842767554,-3.3273664287952402,-4.186253155689457,-3.2577074417842113,-3.0787705415285758,-2.416776724431509,-2.114881383002227,-5.143692994905203
-4.846688297118881,-4.778103187594366,-5.025519404755265,-6.370009987446089,-6.845031502947596,-6.372518264460498,-6.7073941397965,-7.0567917100743776,-7.8860597801119345,-8.816792502274234,-8.235445540441383,-8.569088335173197,-6.8842644490932505,-6.714243512894156,-9.021376545313611,-12.081060679203894,-6.877183219154025,-3.772894181472996,-3.665811446571819,-6.243476956412909,-15.160225876980943,-8.091733299923751,-0.38269495247808794,-6.559132642299666,-0.44248301539874424,-1.9420805107626122,-2.9351896944194866,-2.769487153454247,-4.171391309064926,-3.2005005575052663,-3.521233094044214,-6.425763687412188,-1.0736253448822848,-2.572320250068765
-5.800232494504314,-6.245074934830354,-6.460221538848841,-6.853100135015124,-6.809455984590124,-6.785226741801454,-6.197240420834966,-6.878027355435807,-7.980411228671201,-8.697888907980424,-9.516726645385548,-8.452272145056982,-9.298262413903165,-7.866283000389769,-4.769560995511079,-5.346837381487747,-3.0660339700625836,-5.504099511356125,-8.261379242975394,-11.517717276176832,-3.6313983955584663,-7.387917508076972,-2.672575511487237,-2.072567060440514,-2.52729075173366,-2.317611127572737,-1.0076265142660317,-0.5224405388403942,-3.114415121247016,-6.198765722862092,-5.204301824440737,-2.7513487532834495,-2.854800714769356,-2.1628187509644476
-6.719325066411855,-6.617329903957317,-6.522772875135952,-6.808694920600788,-7.130674465129928,-6.596096882694539,-6.815604842066119,-6.9042932603440565,-6.110048796812739,-7.907341073592125,-8.686052176394073,-7.182694306840608,-6.440132907062459,-6.712428726941416,-7.350713306437926,-7.452829952522685,-4.137646068424907,-11.240881447044934,-11.77070387628908,-4.639611557726673,-5.255695026186579,-3.4973364615004017,-6.083954714361271,-5.545831517697984,-4.713330930541991,-0.4132907727288652,-0.24378521748189064,1.3284763626734888,-3.477673257520656,-5.765667744353749,-3.4802261805019,-3.8824222861233832,-2.9671161420659726,-2.2869051152096325
-6.8897434219317715,-6.6956012455681675,-6.352582424701068,-6.767544281141385,-6.775263671350918,-6.442403036228696,-6.639055360680401,-5.923140123902708,-5.9320508603358375,-4.455917300593432,-6.752333443288669,-1.7316370174843836,-0.4110362479808888,-5.273186415509333,-0.09125603262897611,-0.9213627512853297,1.7663762639535907,-8.589544737605324,-6.454945414997112,-5.289914516146771,-4.976895424914626,-3.5033131323343905,-1.6180964322516627,-1.6929129657558062,-2.6275887442741372,-1.8094409907770637,-4.373797854357703,-2.346681960696342,0.038993386262657595,-2.1298573040192474,-3.406978679859103,-2.9739982803480367,-3.609447406615514,-10.846966874645464
-7.440904164482058,-7.042250653649478,-6.574859338011162,-6.718511806040152,-7.064237788552266,-6.3694437262786625,-5.718276528943892,-3.8262306388806224,-2.5296120306418093,-3.2309442115483824,-3.482559057488793,-4.96564749605852,-4.198997642275514,-7.985924451759573,-4.982860128932884,-3.595419364702414,-3.8691058500465916,-5.540934498895475,-3.0181594502179445,-11.981610307925552,-7.6055693617392475,-1.4688547515548267,-0.45236301752895564,-0.8297687489525505,-2.539226961292246,-3.9997575375519965,-1.4036477884723806,0.32684332020726675,0.7628482768413906,-0.4817322639058747,-5.5482590703897525,-4.380432251259498,-10.821962547890124,-9.786506440595971
-7.784653799567293,-7.007595828405581,-6.448964596959434,-6.4555112948832765,-6.700857267762568,-6.436701530779439,-5.309844595652784,-4.119749807892058,-6.3603149778347206,-3.373009077985988,-2.7040672361815203,-1.443182877794225,-8.451815323750472,0.3554000015428815,-1.5504028003174668,-11.374742904252665,-3.9311486517220913,-11.540890333942109,-11.972550030777239,-8.932135994483481,-4.920727297303658,-3.8762033196388894,-4.411192652936821,-1.9947166683668418,0.17417475669289997,-5.2744605039146295,-1.8941541279788283,-4.366919849056251,-4.24559502549953,-3.020614859556162,-8.45122353132871,-10.731727456564379,-9.733034291226407,-8.570979252717086
-7.6266597465165,-7.425769490680419,-6.9444252818652155,-6.816559814643108,-7.013549127084206,-5.8641384096547675,-4.497575504401827,-2.544554213951958,-4.09255506293687,3.10451240144255,-6.691335193499946,-2.4583259874120307,-0.8966384112094525,-1.7006763399146485,-1.5265278897098145,-9.575145975290152,-0.06383116050632678,1.848912616847694,-14.099465013924583,-1.507464050306213,-1.7882890201256512,-5.823543292160282,-5.320615527904175,-0.21446384453349138,-4.608555117426038,-2.3471572487992503,-2.9337519068126854,-5.554445194202536,-1.2800027716748748,-6.852214757839571,-10.562777348062415,-9.959114723167614,-8.828822086463209,-7.900541816634337
-7.072123995632222,-7.42165279489372,-6.817306764477919,-6.685308030633895,-5.97965584242422,-2.96732857948484,-1.8636402758595156,-1.1100931660660727,0.8031000580646085,-12.883050399156302,-1.6239766868686552,-5.400207196628609,0.5983644410406521,-2.8445535757339413,-3.412542690400988,-3.295204726158097,-9.814023015785288,-10.84234465033709,-16.627935891523336,-7.191445474108163,-5.368472531952111,-7.521497593698987,0.38384579976992467,-1.5534948987950898,-1.2394511010518896,-4.339737269009829,-3.788145569477948,-4.2296078192831015,-7.213087838587758,-9.66694899063614,-10.9943590634212,-10.135493849749363,-8.765047112033592,-8.068602355026005
-6.186998901479556,-5.739848389081472,-5.612282179620702,-5.476891016118755,-4.390637927534267,-3.2465045355603914,1.97843731901472,-3.954965441264605,-7.754112195637769,-2.888221547963258,-7.787135590729507,-10.606832569895982,-1.6556401246051466,-8.947010036773412,-1.8743034384440396,1.4306505255318394,-2.859937361206996,-2.155276450789416,-5.060546907698091,-3.631554720934885,-2.2169752549933164,-3.368834859264467,-2.7792951276385063,-3.016868941171672,-1.428319148824644,-4.615287824265294,-4.793787826969243,-6.1983481181222375,-7.866808893965308,-12.951936159126719,-11.883453170966341,-10.793137267988811,-10.764916235531507,-10.030167292595523
-4.967369519334412,-6.596021406176808,-4.809687644391208,-4.26096689795858,-3.5651153596911715,-5.3748420135275605,-5.462798301301137,-2.3461093737938987,-6.291116762465048,-6.555270231226905,-10.113668395932429,-5.599948835255762,2.4220014019701988,-0.094951448505916,-7.763775715786652,1.3964230284011225,-2.313049745330735,-6.746608256970229,-8.535346222843536,0.7905150821994987,0.49581013320975487,-6.286507453499939,-2.119602978928254,-3.068073595728523,-3.242675604021603,-3.4817823366018965,-7.770655198812266,-7.577078726031503,-9.172170424920532,-13.636552202293641,-13.345591832906441,-11.538729024503146,-10.581744917570834,-9.777102518409656
-6.429270122616884,-4.375070702098997,-5.205656871480919,-3.8185042946660737,-4.238392842857458,-5.88863980555212,-1.5694344461487542,-6.147539945768736,-1.6990911762197045,-2.6711218207522918,2.6454793714831886,-5.951655527303472,-0.5348375902898544,-2.6250992071352854,-2.3072055043301467,-4.792584064499953,1.8607841637369646,-3.415594869308295,-0.9006660082800938,-0.8127772359038649,0.4715519508896307,0.7729030935271108,-4.988195517638149,-2.511728881509265,-3.2620087968360343,-8.136878831955089,-7.092519281500026,-8.476505362730492,-11.140618185495402,-15.035449354325968,-14.020215228792706,-12.415653487749186,-11.006617854503029,-10.018678881595886
-7.631286479903683,-6.755915002467475,-5.5955497968893715,-5.635020801025042,-5.871463981807957,-5.217787653825405,-6.284936189407831,1.539750776899188,-0.8619336647828846,-3.088039523893198,-2.5897152818480076,-5.724681833618657,-4.504157673152545,-1.2746452946855422,4.198933661737211,-8.123034567785764,0.5771367754480904,0.3076904120254963,0.08598814737800974,-1.0732425469808915,-0.860727104287159,2.6305875132601764,2.3270750236264917,-2.1041549194617426,-1.8599978875534857,-4.7840662171124295,-7.087462645807956,-4.906467259490421,-10.612198949105098,-18.137891320328073,-15.499275388058404,-13.268720143493672,-11.771453028617806,-11.000362109427881
-6.251838987121341,-6.664622020870262,-6.006463370148469,-5.751990958689392,-1.9322163846841167,-6.767712743690819,-7.944324584910246,-4.1186695381901135,-0.4822486023313203,-2.4970339731921585,-2.5722700127596725,-2.5723961738690337,0.7445258080603943,2.534635206097715,0.9119007870221835,1.7977875842920314,-2.1645861863241613,-0.022247275070495343,-1.6683543668528147,-0.9823057170756797,0.9124891539246628,1.7063952466394603,0.7667430889544895,4.761148475111424,0.5885739991867165,-4.659424889953485,-4.898505284083193,-4.4970191346746775,-1.1238811165415594,-1.2660966010418337,-11.125385130595495,-13.864469909242038,-12.613084693823106,-11.519173518806474
-6.409063864981055,-6.0876304217540635,-4.0350526206792,-3.8062882745432915,-3.457792467574203,-3.353635151885721,-5.83763116653996,0.005207823069957254,-5.212039420029884,-1.1556212001087867,3.1337390785876647,1.5523671008739104,-1.0534380029617798,1.191962216152,1.5634231055186205,0.6091267185399729,1.3382094990571045,0.8687073088280357,-0.5547517869800325,-0.7836026216230305,-1.3738619218677348,1.5926033904558279,2.716873129461343,2.0397435462480424,2.054498190174799,2.1037156093319247,-2.2035445899753454,-1.3068121026061283,-1.9996512781919058,-1.6805909499112652,-1.4827004814423916,-11.912976494206987,-12.32503680676304,-12.102897845325716
-5.805450449766369,-5.543993422191477,-6.012376154070399,-6.814137275885226,-5.9399512048698355,-3.108826880037717,-4.613609118411302,-3.588077343565476,-6.703356247466867,-2.763783633796476,1.5613660904320004,1.3662763065703125,1.4630249598801912,-2.514438430628183,3.5503979272923285,0.43488656305102374,2.3975166803918015,1.3044576054384724,0.17998471084621154,-0.03690724014727729,0.2628598999140442,-0.11913797339052513,2.6835378465898954,3.7927620842025593,1.759047760023231,2.3494229019846986,0.11173484981699833,0.5753552101293127,-0.206859790515923,-1.3553423469129164,0.09417602194649201,1.433950700323527,-7.730003878682728,-10.195124574687695
-6.4536507831153465,-5.495286484187399,-5.59349888450209,-3.774199882692986,-1.366028230388028,-4.096890128420456,0.8550523616956829,-3.16574752029686,-7.7389022462795,-1.746337576295554,-2.144069830076016,0.9272606200598966,0.46595835231421684,2.3112867902627476,1.957195115233848,0.638107105329608,2.5259400331252637,0.6866965444801533,0.0291551230579191,1.284782041641437,-0.41392696445102123,0.7597709221834457,1.5834536995077377,2.8116865135998754,2.2841941006867486,1.1649783054862353,0.775003041886438,0.3094519760608815,-0.008756313722986481,-1.3585087074639868,0.16552847714943883,1.4216044702073027,2.817892841427453,-6.445020701565426
-7.325675462178188,-7.196806725872841,-5.9537735897091055,-6.431555869171212,-4.845212869625486,-6.091893613021037,0.2545709650757028,1.0893939192761932,-8.730785823810862,-0.2020270502269011,-3.5114662233947995,0.07403565005905025,0.09501541022882248,0.07098145195802995,-0.5857062797712714,0.20705655585642158,0.325387966650805,0.39356218511920193,0.40933264877452946,0.29479798591274203,-0.03129586741676807,0.05931290955021469,2.407269552006711,2.929289056054904,2.0602096737537337,4.2778183139980195,1.321139909960616,0.5803196232811436,0.7365619222896127,-0.6506962908371652,0.8263275720953331,3.133529278155588,3.13332108412607,4.720972519208832
-7.545970991654319,-7.785839241928276,-7.406519381828399,-9.55754886409307,-5.843005510398299,-4.397185963644465,-9.484239272825262,-7.515599366734449,-7.754849479157165,1.082277298981418,2.0575019603706526,0.9266866516100734,0.012346731602590035,3.137994905511041,2.655159874789451,0.9550709044707485,-1.357445272659164,-1.5469503596956355,0.8347914480386895,1.032564752343066,-0.5368371586612355,-0.5087279441351573,2.006631140710337,1.6892389895458704,2.3131288092042745,3.2691625022746886,3.010010213483945,1.0985004843496913,0.3161602694524716,1.1497364571533266,1.8264026553178148,2.522999140138315,3.85128529972023,4.064821622667604
-9.679580026119751,-8.320895338089326,-8.574149708947441,-9.226746300572914,-8.25525780941229,-4.15425422010123,-8.773654828847736,-6.225243708590321,-4.4712743792673075,-7.85789814572181,0.4598905385818505,-3.3415818146442438,3.201744646914282,-2.237355584657123,0.9291100564033493,-0.5261445763518415,-2.2468101273055074,-2.030147919601546,-1.5237954343901543,0.4810830684483545,1.008420682131906,0.7854288667977394,0.6739101763246083,0.6605297454998225,3.178077311893211,2.4321154137873306,2.832472163817829,2.972042938125216,1.2068646846150628,1.9991650178844393,2.2573563113983885,2.3950737228697436,4.572278847565842,3.054040810131069
-11.153607266604965,-10.430948974836324,-9.241004588554695,-9.392950312641181,-9.863369741052162,-7.649689492886697,-5.00063426241827,-12.674409727077064,-9.970720049810124,-3.2730466097839446,2.051826349851655,-1.7513215804197415,-0.9473635430306729,-0.981944949456038,-2.150747219838408,-3.460468893377801,-1.0391115970131688,-3.954299733083612,-1.776879446562776,-0.9412008554225272,-0.12188800998819656,-0.707161141432581,-1.1284674462745523,0.8318762587159394,3.9608863102389713,3.293739801828082,2.214283072786485,2.5683891728725285,2.233881530512451,2.226111973527686,2.158924199692106,3.0400749339767725,3.1065473319813757,4.207454288239236
