script/wind10m.json
{"header": {"parameterCategory": 2, "parameterNumber": 2, "lo1": 6.000027932988019, "la1": 58.9999434238085, "dx": 0.5, "dy": 0.25, "nx": 22, "ny": 24, "refTime": "2024-07-23T21:00:00.000Z"}, "data":
[rows 0 to 23 of 24, columns 0 to 21 of 22]
1.5099149402983814,3.2028854414172137,4.355712758288485,1.2401682952001325,0.8320632989161737,0.5268431968483156,0.571841422346137,1.2924545779167782,1.2569445821060752,2.4875410940541034,1.6370761588057288,0.3770258628633963,0.6609543900649966,1.3081051383226658,4.646785122204403,3.1043573954414727,2.0439817286167417,1.709589526859247,0.8645550442362795,0.9403135212740693,0.9394525211409275,1.3243461027951977
1.270880751312853,2.7483044418373748,-0.398380724709569,0.37713037490434154,-0.2391134998821856,-0.21978280994227234,-0.42869885784619133,1.9760616268702578,2.1162355836292495,1.63437816993272,1.3393180393086215,0.14907011355853267,-0.03396265266589162,1.2119124524418465,4.571343566602063,3.3443672000395663,0.6300115863730602,0.30423609030219795,0.9158153115877017,1.2392101424243258,0.926048703269889,0.8268993672253749
0.9010954799784097,0.23754280606351327,1.0640638666947404,-0.1406131040536928,-0.3953406857426301,-0.4423539395013236,1.058623832411888,2.070310040274619,1.2535341024661777,1.615602725124607,1.6531335153492224,-0.3554045002570089,0.7750564324311532,2.3062054645277312,1.7775999446508468,-0.03389990840024985,-0.044689079400632666,1.3435685494811418,0.22491409199276,1.4535301408336163,0.19301082475611434,-0.3793276214388431
5.792682449499291,0.6574488881893599,1.7927706231138778,0.8998015676150715,0.08698747498442749,-0.5990340213525731,1.1364064407329617,1.2631087833109063,1.7094533621068297,1.7623239360238656,0.9944111296023387,0.2412247961572922,0.19771081181041697,0.8816067658375236,1.7858460869588044,1.3302191694933851,-0.530310757838381,-2.24895691472744,0.18447468862133998,0.510909934754731,-0.10783465037065207,0.0257031050474823
6.7792513899228375,7.363880457874795,3.7655597340109037,2.159117027077179,1.1115480273656102,-0.3641961191936156,1.4386547733861972,1.0103567394979036,2.5193697321535424,2.340281556322364,0.9288534096167527,-0.02516322644195064,0.4169216574625138,1.0303968049589138,1.247238759533443,0.7625513321377542,0.8221351086577741,-0.4263174698826613,0.10566421864897414,0.13802344431646693,0.5425528143100117,-0.5782909960311718
7.328314267607137,7.278741389710276,9.127171200871889,8.756256588577845,7.322225951309818,1.2321327351140794,1.9240320919023919,0.8536123695117643,2.7215326782687588,2.3953133238320503,1.5663159666685762,0.4928627314115923,0.8305297732605756,0.22971865747469153,0.751238775267745,0.146741865587177,0.32003206464864603,0.8801718930337853,1.3630047222222763,1.1390306264111574,-0.38561542250289077,0.5042666965994413
7.310668033934341,7.63055354707707,9.143326921023823,9.141572764159479,8.14772350506873,3.075250657991722,3.134108212861697,2.5896643653640115,1.384277982127488,2.214224806969902,2.2373349893041947,0.9571041859527852,0.795686856333365,-0.03856524940586012,-0.17046259516884466,0.30107580406776085,-0.5109921359453256,0.7196701634648348,1.3585401989366197,1.4210674346558536,1.0572867918160793,0.956494044242497
6.95738785737377,7.8823281313578555,9.08042390063758,9.42994025013754,6.854626864453051,5.409814119411874,4.745075519587943,2.8915967434698104,1.254703674440492,2.1000007334060404,-0.3607723695896162,1.3527744001434756,1.218563395982929,0.10272100862653644,-0.5289313023619892,1.026242853710995,-0.4493913500052426,-0.46678773946833757,0.6357118580314293,1.039744797722125,1.5970672966124824,3.4569715643790753
6.706929860436347,7.706969811962906,8.805610809287021,9.250125865527659,8.169740060912373,1.8425532242480753,4.84648188370136,1.8166022980073622,0.9733315805419318,3.6316979718817373,1.806639429716779,0.773824861797983,0.6166379992433375,-0.1484249769589805,-0.07356595855054911,-0.2589176562574726,-1.0419958633582689,-0.2656256272421146,-0.1967497974628461,0.7094698168975815,1.5716269967969378,2.5746699750988737
6.44665809124407,7.143312653307252,8.442719489157385,8.416942732347875,7.39546978496926,3.6896565856998143,1.7469679250659031,2.1988791421198903,0.8214488709577031,4.736222130636087,4.263689456152498,0.5776902761664037,2.23110492715821,-1.4741484851323277,-0.6220618637572838,-0.49189374926137414,-0.7358975859518124,-1.049107180452245,0.2202766927124955,0.5844877709586171,1.0809155416150842,1.5676154014326924
5.695701689585892,6.3169409775707415,7.5753028641355735,7.645328195813625,6.578607259905133,3.1637612770577688,2.297669573631243,2.215960041569039,2.0364535902197587,1.9975231121540276,2.8274714224042286,1.5563670161964394,3.0936583157202175,3.9529745918455608,-0.6966993888811527,-2.2324461146682455,-0.9619199266029783,-0.6583172678941306,-0.54790034823982,1.0501047209966656,1.2767972669268917,3.243570997731729
5.015846380021557,5.8491025348996875,6.7845384862736555,6.683004486114089,5.92112007518085,2.3243800092712203,2.3927580498286924,1.8196657771679907,2.419750539284087,0.11438449780206428,3.2564132177678724,2.5030774678814534,2.565813013243566,2.4423977291484174,-0.07047204999087664,0.05427371109541767,0.8677749937545277,-0.35509627223921525,0.13508201453747656,-0.42322061929957044,1.2657677306049377,3.895066320848922
4.587725708010095,5.338312817365274,5.796744346715673,5.830099920196858,5.3787132345401165,2.450910554572238,1.8981450741841952,1.4528972810300655,1.9435413535881398,1.8278413545023071,4.0188058692466555,3.321304553551251,1.490314806421159,1.1879430847654862,0.021296943963953735,0.22522851667563473,0.9565304916692852,2.6503944438230116,2.8387250387514213,2.5087140835934605,2.354227736449157,3.3716758569584835
4.305670482163664,4.784421734865979,5.117477902559925,4.949336619212548,4.687779177101353,1.4881171667519029,1.7838006178784944,1.7922899366073024,2.756005826466843,2.312403226000533,3.8558461258476995,1.7828215208004177,1.6769517433042405,1.9486283971197322,-0.14479623880801598,0.0025638919570999718,1.1052138724676617,3.281550916164712,3.472116816883959,2.7228558147481117,1.2901404579857163,3.0462768582192776
4.074393948629438,4.044020068494238,4.430815859100174,4.436707347090676,3.9175922536808563,2.5715611799287865,2.5558950124272877,2.920251313889413,2.3968795819045696,1.9494817260830886,1.9214350053479574,0.9455228187019562,0.3736854698451874,3.8613845688939485,0.5168800390013981,1.1946262084887458,1.0143372259515284,1.9316816656050273,2.5808953949832962,2.4738888365806084,1.1979860697740827,1.88277478499131
3.5288924806554123,3.7066466773998252,3.862211039757276,3.4748097670072764,3.341898574054781,2.3583172018124823,2.8025309278742236,3.0125825476827197,2.882076352783963,1.2883128580764396,4.058239642748459,2.203881670361403,0.26495702243987285,2.586324308645195,3.6464738387443782,2.2871435986399002,-0.3695532066136424,0.16867601840562946,2.0961622944614193,3.704854741857667,-0.4872213122323198,-0.32642715733923455
2.972077981194581,3.3285416492963527,3.058514445471173,2.755271788517503,2.8999340778451352,3.5704627323364155,2.3850778993724053,2.888881909441152,5.834158329512793,5.403158280592187,3.014129943762202,4.916052512623781,-0.25836725251094805,1.6705857778867352,3.161949860820743,-1.1531951653979717,-1.4108436430032076,-0.7023970332114778,1.4667217355531708,4.782518101144662,-2.1018271886421473,-1.2681818358403185
2.5674324286196137,2.8856720098742903,2.3649924793129147,2.1703625597904836,2.2806398441398215,3.282255370259752,2.020419739630805,3.047497720904775,5.832018796273396,7.315850836303483,5.962613419230583,0.9544837763945095,0.37667417248347873,1.9474105560799968,-0.07457955054329901,-1.8546361150907291,-3.749069837726964,-2.340161767290674,2.365271076211629,3.8326712622288897,-3.354760507186697,-2.096060956761336
1.5538575471399845,1.8802851324168692,1.7156327782145586,1.5074723310446647,2.9227857633535317,3.7230547622735357,1.7725752648928095,3.7324896316632596,4.8885540678813335,6.984197723914242,5.3996341637623395,3.650447125890715,2.1094351519936616,2.664854490319053,-0.5832334480565184,-1.2218487930106399,-2.9476076803659743,-1.509785012661504,1.9641738500856374,-3.449061794660841,-3.879860359367356,-1.194554863763302
0.8917354070858463,1.068943173831029,0.6695925692678719,1.3865202711231,2.9087156765819837,4.936843191282556,1.740734139855586,3.7484572736677633,2.7540760130800637,2.668012350142694,2.301496374424889,4.822990257219834,3.22794855809599,2.00755193731436,-0.1532198095637384,-1.9130333490644968,-4.880138294440064,-2.3466254725628453,1.974702742626635,1.4328487353719912,-2.044161019638513,-1.1058187742519705
0.23357525637228274,1.9462983873153599,2.107235898684138,0.8607970972968597,3.248901077992261,5.178719175128539,3.1071193595646127,2.7400334668781103,2.3474725383607034,1.783084789150997,2.328149226710135,1.5756126529716552,0.5786750869709003,1.2125829206148988,-0.2997212565969271,-0.7701985114702297,-2.8366181915029256,-0.05922636125532442,0.11591782109975783,2.997873425611237,-1.8652274318077442,-1.113261019810256
1.350190089447259,2.8069175710289533,3.3732558132993744,3.4838941605349563,3.4523772038732687,4.284330117532616,2.5252649561866267,3.449868624733845,3.162133030869506,3.2780927509522675,2.2253783908922222,2.9116236629528065,1.7658253911322455,0.7736291246710487,0.885192077519336,-0.3216088071219969,-2.220800074229475,-3.598840564582573,0.4564354210469172,-1.8698927368167941,-1.599318722723733,-1.194898845262922
2.960816028833311,2.97456895848433,3.425313766594494,2.1493783266461013,2.57218007044376,2.9059176352702814,1.6715408296097707,2.1541240847146876,3.208543458177031,1.9251623654361334,2.0567259234812325,1.416101846952046,0.37088753740264735,1.3076739195420168,-0.9693171990952638,-1.100327584899772,-1.0827649890681845,-0.8961129395088846,1.4470858751982172,-0.8554061474566881,-1.6452673934169537,-1.094015787498046
1.9779486043430805,2.2266444643311543,3.65256598111148,3.1795681094639683,2.5067716378526117,3.0763173432015933,1.6604772174190685,1.9585277826359064,2.240436599881796,1.555858444754979,1.226034879078451,1.4436681663820377,1.5312337770076156,0.8867822105446838,0.1229024070437119,-0.020790875784907244,-0.5962502788361397,0.1566146122046248,1.1541397033730618,1.8786486244030405,-1.7678683864345432,-1.7048545096954408
