script/wind250m.json
[{"header": {"parameterCategory": 2, "parameterNumber": 2, "lo1": 6.000198445256149, "la1": 58.999992894266676, "dx": 0.5, "dy": 0.25, "nx": 22, "ny": 24, "refTime": "2024-04-29T03:00:00.000Z"}, "data": [9.676435316335542, 9.059206030790577, 5.091948860179085, 7.606922354219124, 7.035518719075399, 6.569595333420909, 9.460342972514752, 10.53505574287618, 13.189045699805547, 7.412772733670377, 8.520859196440204, 8.969446683330707, 8.09945840224123, 9.47239495087465, 2.2351655075156405, 9.380244290007116, 8.38599460916974, 5.840656105934115, 8.369977283627467, 9.657111709995782, 6.62759145671461, 13.580922528281002, 6.479403678198987, 9.066126626212787, 5.763562823218305, 12.558747973524557, 3.388318125487007, 11.809503643013317, 8.972642695044135, 9.969261481131742, 6.691248453346057, 4.934621172064932, 9.310235293677229, 4.140453069736585, 7.188543008174418, 4.1402892937782125, 6.529045575153109, 6.186657690571933, 12.501023224375466, 7.406608165238435, 7.587365084642389, 9.328262021947108, 7.530262374005851, 6.714053985373381, 7.585513238668291, 11.270361336307609, 8.321001546796856, 5.729980055870706, 9.95077032228668, 9.105689789327181, 9.41319175937611, 3.573049343454239, 8.397255969216584, 8.346019380800325, 7.166865557864613, 9.959772782154623, 7.4136036330318165, 10.97680024968583, 9.115869097782426, 5.607300408085215, 6.429527596604297, 7.663819658177214, 7.625961942995884, 3.7289456639479464, 6.377071128580261, 5.713473843324317, 6.631209289160652, 9.754755041952558, 11.472973293094801, 9.87176311784046, 5.493099075306658, 9.424562467328373, 6.416678063359677, 8.553307788235355, 6.795965145022053, 7.2506662804432365, 7.565657127910636, 8.707109777921891, 8.683368874352317, 4.222974537324174, 12.042843317873894, 7.825315543878278, 11.360611974132523, 13.395373471327744, 8.813320572172127, 8.911327991212444, 7.999341756586716, 9.74010868379305, 6.553440037371526, 7.233064352211778, 5.669280140399337, 7.406095891776515, 4.85137564343155, 11.261896442342623, 9.388254929834327, 2.139703898550611, 7.96630366438667, 5.511876910986537, 6.868588282778163, 9.676504575802857, 11.431269082887491, 5.188449300566301, 4.298901226866069, 7.304714862173124, 8.683242124599806, 7.580505396625087, 8.684507991813286, 8.92600834614735, 6.519808666552019, 12.1447066811796, 6.295644933602746, 6.545730429976936, 5.883828034907464, 7.058248627807884, 5.542684130808242, 3.324620333739783, 12.560359536400854, 10.693848297512387, 8.51799998119463, 8.077701851981033, 9.382304389647297, 10.593344469930887, 10.139163217431008, 10.684521491526809, 9.054256790358147, 4.309674901392972, 0.8618513620301522, 4.6575967142676475, 8.635054087735732, 5.779989461041624, 8.770955634712166, 3.076294572031433, 10.480504744141104, 6.027490513120979, 13.477729324961519, 9.509111227158513, 9.514740927148873, 3.7404258351314765, 3.2483185685220612, 8.574129853153487, 7.3153870314818, 7.1320055824694615, 8.138456806487648, 11.67139196249689, 4.679340867518826, 8.71777318117304, 7.995815247461487, 7.3852740104629815, 4.438253485349651, 9.648099079979756, 8.15072269321567, 5.931768173811264, 6.353627714746529, 10.258359002352613, 8.186962028096472, 2.016356435622027, 12.255129437595333, 6.728184618680099, 8.989998438303848, 7.526019611355084, 5.932127577045823, 11.708565510735658, 10.454474130460405, 11.284218514355443, 5.6822088431862054, 11.808160090420996, 7.656377217686649, 12.491703508766069, 5.110187663428884, 12.230711407659147, 6.356394173427292, 2.2998951061132873, 3.7913631473739375, 10.243638083100569, 10.168488231779628, 8.423470200203425, 8.940441045814604, 7.366346982937914, 8.576291309949639, 7.313569190196253, 4.622233384347679, 4.606751784392998, 1.8513947455485171, 11.322733291660155, 3.7690220466689515, 6.616225301236548, 6.642809598235644, 8.07389873008686, 8.935909462904174, 8.4672676745229, 11.830093703857056, 14.701910083207716, 7.820385363145168, 8.048223631414363, 7.462616652886245, 7.440775123529323, 9.247368569762573, 8.048394513486478, 7.436668222955943, 8.793725908424712, 2.860869432144793, 12.807075263327208, 10.746107176740034, 7.7438684922577865, 9.461413443728413, 4.528772449221185, 6.709317078901948, 10.154253333912528, 11.862524901791142, 6.159638721712329, 7.9994605175160185, 12.395879389265666, 8.843629700688208, 8.524824808584386, 8.242200329024245, 12.876391387176284, 7.004448642894506, 5.898395632077166, 10.671899581941272, 2.741542626474562, 6.126399724164494, 8.821167624384119, 9.36557702654052, 7.4147230280423155, 9.672308045693441, 8.144786605760117, 5.737945395272879, 12.091086474516894, 6.064066816962767, 3.4782571953150625, 9.290097392535264, 8.770379580010548, 7.337149623464479, 7.259130351112599, 5.503745871882103, 4.018890312801539, 8.768685618103401, 4.795086306519019, 9.881469375310678, 14.232059928421588, 9.259217894147765, 8.918212549307846, 9.863456589611662, 13.007826334853, 9.287909223980943, 7.737481971238419, 4.980661565138588, 7.381588635737981, 13.168494575645694, 11.550451567448816, 10.92096510475208, 6.3406590803226495, 9.56269787333556, 8.687392918130557, 7.0561873764148215, 8.825091932230235, 6.165515597322011, 4.858592350504515, 7.362696158168457, 5.2298782137432145, 4.891211013039678, 2.877254483976305, 5.776737307635235, 9.946601631399322, 4.862983529106354, 10.765127816159, 4.830034132276089, 8.623493110742091, 4.556653547179865, 7.090482937227384, 7.7190451387031995, 13.996796436120803, 6.7840801741771894, 12.754489482558668, 6.976049474803463, 6.839953110054389, 4.275462693195837, 8.658408378114485, 5.665901845624735, 5.008845730569811, 8.844483088285987, 7.57515042796401, 6.661940719369336, 8.090674496361398, 11.651523661643733, 6.20379174877916, 7.312835963660344, 9.884609436715296, 5.45209060481652, 10.819391854885602, 9.484106789881412, 11.906069582763587, 3.4684391622644193, 13.987198680997714, 10.06393321075607, 5.92287766609169, 4.384479762869029, 3.4084697936098767, 10.965171006840503, 14.139387460134733, 10.472053361671303, 6.37454511233922, 9.468784467146929, 8.924441786535157, 4.264417203380464, 7.08970950359506, 9.301117056856114, 7.650040676500905, 4.0564430924579735, 8.667958569626544, 13.019154371840555, 3.051122496430169, 8.644447480006603, 5.592604576270854, 9.7737281333376, 9.15580739943571, 6.818951628129264, 3.589565714426026, 9.420524107327552, 7.111118695983065, 3.260881251577358, 4.679779740775234, 4.31433738169245, 10.071681892336116, 7.363361004533431, 4.352675513400511, 7.433929962182537, 8.251318751606624, 8.128493272960663, 5.051468224785542, 7.379037575745484, 5.909231890571431, 10.987375153012382, 3.953860718021437, 7.078110168650791, 4.563320168615324, -0.3384840166115213, 6.2730342400524295, 4.757355148854695, 11.109116171511241, 8.918087794992513, 6.769406736187528, 6.061505042834782, 5.4960136848231365, 9.977473378164882, 7.826152127777576, 9.795788362355161, 8.634095278042215, 5.2255518220140615, 8.427294592367835, 7.275868791419904, 2.2563496964236736, 12.993289535049206, 6.588278981248919, 9.767161658033043, 8.570584328647907, 3.8636192473091002, 12.365504084033356, 9.178513207401952, 8.524001635911745, 7.351536436031334, 7.303632386245993, 3.060030238491176, 6.676815225807679, 8.41348771476358, 3.381005905457893, 5.717261336353454, 9.524926363783296, 9.929504265176595, 7.768178273708974, 9.755074112301305, 8.967101443937175, 7.867794936199954, 10.017371714278616, 7.335201218884217, 6.578017752783009, 6.095173266531323, 6.476845344989209, 12.10619795542347, 4.278443661866125, 8.3383686661425, 8.50742672147473, 9.656008378205772, 10.965451492580142, 6.219752278890144, 6.418027587805436, 4.249840945078473, 6.567766586625999, 9.995909527309454, 7.174975540172743, 9.606369671690032, 8.744806944496702, 8.046979386014181, 8.216540261342585, 5.43789360751569, 3.23065521536777, 6.98714630835666, 8.13721751644517, 6.109946860358107, 6.884537267732306, 8.636588389236254, 7.587967964703537, 8.354823114203533, 9.297840899974819, 6.4380464165759195, 9.511650450102197, 6.614982668537236, 12.606763988936878, 5.533624908081951, 5.907988837584791, 7.975126499429657, 9.229113111039156, 8.058599300646108, 9.122782047200992, 7.92780818675337, 3.6005997177659905, 10.248977961183602, 8.568833624282618, 8.413815293073903, 7.90274250900135, 5.892283977806978, 8.005508339240924, 3.4317939027208433, 7.150748402737418, 9.012884272722816, 8.618812802571572, 7.055230708234315, 3.2668053288695553, 6.269706049720345, 13.276867502159437, 7.02201614991302, 7.884825523769475, 3.254912984484235, 6.723836589308976, 7.031575708117468, 9.072841756246191, 4.356348123379791, 9.587848054092595, 8.487112368645983, 12.935088435759214, 9.92673638071696, 6.200185496794791, 8.03863129373002, 6.120282344469316, 5.963106962656461, 7.087568375753025, 7.226380989222319, 7.949353939668906, 9.122279642947051, 9.236030026750678, 7.407476476627074, 2.403086441619555, 8.945910530005797, 11.913899573235838, 9.440196251373203, 7.638818313498419, 10.408029628368286, 5.494788216137495, 7.4011766449003025, 9.236372651693566, 7.036170372698824, 10.635040744344854, 7.142141043147913, 12.542184266022465, 6.234882560580552, 6.968748415742311, 6.015381060627145, 6.448359206801409, 10.408243126822914, 8.885283814789496, 13.710309765586336, 6.8884965968293965, 9.203513012501336, 7.357789546399196, 6.393036309968477, 6.675336329305546, 7.204375833720516, 5.062912054123908, 9.243214393353734, 5.135506773280378, 13.465972904976443, 7.585674643003441, 5.961230561931158, 1.593530057504248, 7.675997908123464, 7.321212332537913, 6.9566045529629585, 6.795099544469877, 9.524279469310768, 7.22992226113056, 4.465864483419587, -0.27548575544205084, 7.350073312080201, 8.71389538152285, 13.73386346882242, 6.976982673940636, 6.710458688623282, 6.525505106324853, 5.129933504430499, 6.378912392891899, 2.6717591154952443, 10.917908138583973, 6.326225982234131, 12.25209686818747, 12.685844141073336, 12.21895794363715, 8.804160925746643, 8.52235807567046, 10.112830579967573, 7.832846948029112, 7.980609531497892, 5.7559424133868875, 12.65380025870189, 8.31568263411034, 6.500626836366499, 4.415108119960997, 6.070416856622376, 1.893259081848859, 10.19212986153846, 8.99906230341579, 10.19727271894631, 11.393128891335706, 7.079467094229954, 11.311543287070497, 7.958561351599374, 4.251100767038472, 7.044094637558014, 8.257547693271665]}, {"header": {"parameterCategory": 2, "parameterNumber": 3, "lo1": 6.000198445256149, "la1": 58.999992894266676, "dx": 0.5, "dy": 0.25, "nx": 22, "ny": 24, "refTime": "2024-04-29T03:00:00.000Z"}, "data": [4.237681692198767, 6.052050225118147, 0.5494100387686418, 12.048621848204522, 9.979898514843077, 8.25681959780457, 4.407227722276435, 5.031829599867714, -9.524005231703791, 2.4457441340306127, 10.992917041044054, 2.3171746451782256, 3.9142629229854506, 10.260678795354117, 9.524778786556585, 5.234888660713715, 12.03159492967998, 0.8331377984029408, 11.408353764910718, 3.3809490647675955, 9.809937167608268, 10.128939404306044, 9.3343762423402, 5.885782129103627, -5.324988095924154, 10.317244817371781, 6.670444193814807, 0.43696015968906127, 14.193690120494972, -4.531497443734848, 9.627537564639612, 6.72816691915777, 3.0117855378469613, 7.287551358357257, -3.7742924543094762, 0.41793490055793825, 6.6366098554472535, 0.2685533703150834, -2.3351395742624868, 5.620715966690563, 7.374019136115875, 5.191372314978647, 11.593504072419748, 11.767807074214641, 8.645824718720412, -5.977261806490804, 4.602779198617496, 4.732015045332739, 4.059530053011116, 6.012779091205292, 5.410123511191277, 10.333103558131574, 7.430045128364553, 13.18490841092284, 7.280428126088331, -5.157111673741037, 9.229250847597916, -5.876824424441611, 5.087905298247015, 10.72575509606409, 7.22983946757225, -2.441323074766351, -4.286364787844164, 0.015652409037924805, 10.705597339518743, 6.253913524055273, 11.036431237993314, 5.570379502475234, 4.08266092060169, 3.429778274413917, 9.30883258976812, 0.32421521825191196, 5.861082697857192, 13.916396832554666, 11.098606550531631, 12.189447755079593, 8.811440601782829, 11.750252998990542, 7.943071914963443, 7.529882779553403, -1.477908235155734, 9.990304266873451, 2.660833868013477, -7.939533018646449, 7.308129776308778, 4.558812377308889, 5.698900045204928, 5.16254900361377, 5.808853824644561, 9.463332869874266, 6.19317720586158, 2.6824238857043614, 5.948186239791342, 2.1026434175541913, 10.928470929317037, 7.067118189883627, 14.181531687497685, -0.04494759000921647, 7.002651030621443, 0.782304483067079, -1.999890458898426, 6.906754764761929, 8.797508732700809, 11.350224899294593, 10.41279919907601, -6.53190257876986, 10.699586699539804, 10.899417849080187, 9.375514934033237, 1.1775460460613063, 8.596542904557744, 8.178153850653342, 6.555991060926362, 7.065890110783414, 0.25575524359903473, 0.9111120624741185, 0.8183933664111093, 6.995891609841052, 3.242628576361003, 6.568734600179161, 4.680198825912733, -4.070434109411125, -1.0779263254870588, 11.362526364370678, 3.854908610446245, 11.19455715278648, 7.372535144276392, -2.1089430792081263, 11.498557148860453, 12.51989469754067, 6.319321865708051, 4.919743869449412, -3.659448764546489, -3.914405861437272, -8.79951775009729, 0.21916712742360764, 0.4491626626854083, 12.062498253879832, 2.8610436335544236, 6.506961987456608, 5.725303362775973, 8.070985448694227, 5.721941049083792, 3.834751033473532, 1.4736865577708926, 10.743347039844199, -4.547922155036042, -8.289200834304438, 9.861819704947957, -5.402624293832436, 11.007384119179457, -4.127734356086898, 5.595539648130412, -3.287843011207087, 11.109363512708658, 10.124606385710265, 3.8105100163281467, 3.4163097288252886, 5.683289502814711, 10.037837057706543, 4.956754034730749, 0.274390150027759, -7.984262947670176, 3.9818223494853897, -0.4603552591950028, -3.4589119355646254, 7.8451348854903316, -2.6977308478532893, 6.513433904589128, -6.435275130817126, 4.350338009505104, 0.3285240086950253, 7.639530008460675, 7.712984290987547, 7.217125089900925, 6.790857629137285, -3.0910170650660174, 10.540898237031444, 4.522810881239047, 7.50968172284117, 9.016612752431197, -0.3416772672866554, 3.673446482882504, -6.247353861256869, 2.005381710048603, 6.324995475490334, 7.978705387931577, 6.487512609964742, 13.972665459814639, 6.266486097840911, 4.710788938536202, -6.14284763158443, -6.853920821356242, 11.421665832069445, -1.2435755820512826, 2.3206468918350596, 6.180797265453819, 11.890708776105086, 9.835773524132545, 5.407507926085502, 10.334999395331865, -5.149530799090247, 3.2074037629655057, 8.239464569157816, 2.9741852768612467, 9.35872218144139, 6.570224232994078, 5.4535477687751035, 3.1896442423709974, 3.7020704424072677, 10.965648090902068, 1.586804201053625, 6.492515978496846, 11.860405333352126, 10.234662747515793, -7.326039945419772, 6.898618616112783, 7.963153017246497, 4.771487559600667, 6.375500941561929, 13.285799258159503, 11.37777120249463, 2.3946684924057724, 3.118959047177947, 7.420189019814477, 7.085945206655836, 9.157431443493744, 3.8095215913476044, -6.207830930611698, 8.533842012976162, 6.111872204538615, 7.369756113619714, 5.815247627980404, -7.021560490839188, -0.5614867178500484, 6.3409785581582385, 3.5513080562657193, 10.077974417128134, -3.001478423054368, -8.320012344912824, 2.9081516527219664, 10.464462729084918, -3.8090485994070202, -3.243172106746738, 11.047867635344574, 8.482436202052359, 13.848985395945832, 6.584431062417898, -7.642150071420765, 8.885453967635476, -7.439690357407421, 8.36592275796938, -5.212339460047264, 5.50060872756539, 4.250722472117036, 0.8050786757242001, 7.473216534849651, 10.374573237508098, -2.652005767763123, 10.225117029306269, 7.533329651370406, 5.951515627633308, -5.145708908955248, 7.085504911316472, 8.606870004294608, 6.8819027933624675, 8.136638902064739, -7.092353553372514, 8.647899082480635, 12.423448210269926, -4.081825309698269, -6.888785442984407, 9.890008531649487, -6.503752708420977, 13.148621204615884, 9.726903876592868, -0.7133240738616502, 5.99090649928725, 9.560454065279213, 0.8093596734648971, 3.2293862797333523, -4.850085100638177, 8.510375383003751, 6.284419430268206, 6.372797551113195, 5.533269305024872, 7.763558303397624, 6.725149279375495, -0.03880182343251532, -0.025390954232455673, 14.540334389947386, -0.6639637987976628, 1.9233891140833583, -6.864801017706115, 3.5829054331981527, -8.993780066701637, 6.342480980917452, 10.48142973352185, -5.149497217189247, -7.546697191578072, 4.510346774185934, 13.950168301088445, -6.161280752645332, 4.506601907942942, -0.20434039499641846, 9.439872677856544, -3.3693391831624484, 9.316039295122835, 8.231348699588336, 5.739936043861253, -5.603392503599697, 9.695537075753426, 4.882932651089902, -4.9630673488293615, 0.2957762470363212, 2.708483362981875, 9.689439709131873, 11.09484258542042, 4.7180541367851125, -6.913935203861503, 4.261830247088674, 6.58119600112966, 6.876746138926821, 11.363544030457172, 11.32343995857085, 7.908945243689908, 5.6715045082211955, 2.6393779093896086, -0.07742684034600492, 9.379115068341168, 6.85547536868645, 2.0623657597181584, -5.950216106267533, 0.31302689921470167, 10.360954329333094, 9.933246700320742, 10.525295742806678, 1.7053810810639713, 6.5527575406986465, 1.7544514876515112, 6.473004627904074, 7.7482728866796595, 12.689442840984809, 7.944199107172318, 7.894250342186131, 13.741378076261805, 3.085923148302178, 3.7979141516666366, 6.012973672949918, 15.876599143671386, 6.363435785781275, 13.268879004806728, -7.38448235667106, 9.353925250563877, -0.2802476690506812, 2.156162748860494, 9.949496306366301, -5.921602940544327, 10.213500774279597, 12.499188999307524, 5.968871948124197, 6.8713525524656065, 10.953819833386401, -5.165718411926277, 13.715329066176828, 10.026329246907796, 8.890036716004747, 11.11798357983051, 13.838627422760606, 9.648796595603883, 10.171950047344458, -6.110391097794191, 11.13571542550446, 9.787748822131093, 2.6474619873671443, 8.102818263442664, -4.660903511342212, 9.539469529578938, -2.58734324840489, 8.076289592000935, 6.164924445126429, 4.024587099973397, -0.71516941714112, -9.014833896882829, -4.77063159536643, 10.038681895952806, 4.834893908757346, 9.132463421166875, 5.627141987378998, 10.795609903048677, 6.022199643404098, 3.7198938981972947, 13.676337630135686, 6.60987928387088, 0.1548027204145196, -6.926420558202896, 4.656085560359679, 6.6317250514930555, 9.536637928245352, 11.153373499258139, 10.150449087056527, 6.369931305164387, 2.6204036059318425, 3.0477920857046197, 8.92778736756559, 5.151206627440238, 9.07853014734233, 0.26893338055851035, 8.0448754546279, -2.762001188614584, 5.287250644863164, 13.397738813444326, -5.9160865156840154, 1.9713150896192502, 12.991876665188915, 6.759315350164051, -5.31944061155197, -6.082204273102573, 6.374828397438576, 6.119410544862613, 6.104727083615173, 6.722234254046576, -0.15977527032613256, 9.248977218291266, 2.2050099287129665, 13.08691107299463, 13.326678541579742, 7.507832306144379, 9.242915274524764, -6.974128298655926, 10.347631629288648, 6.150053093101754, 10.762301083086571, 11.366493088750824, 8.081922136490551, 6.687949943084347, 12.725840800757851, 5.005116170458331, 11.49630461183734, -7.103369964775062, 6.065305151945709, 5.6701731295567015, 4.10888491647094, 6.581941615495142, 6.473131736581776, 9.746721015076822, 9.146681905128197, -4.760514616343411, 2.963784905171347, 6.904836833453356, 6.011687815278564, 6.573106189063473, 6.453808133031865, -0.10382684427450613, 3.1976365881256217, -7.462164985356638, 2.476085581859091, 12.517649905004161, 8.16049849288555, 5.7173996913333385, 9.970918943079353, 6.643827193921578, 11.122580470026197, 7.279760020238473, 8.515584674395638, 8.470023723990957, 12.885340246047265, 5.95992749476811, 6.874607628017507, 11.155674739127294, -1.9453953489447668, -4.201379591815087, 0.5251030357024639, 6.906126718483918, 9.220880034448594, 8.819281857320739, 5.539165851923312, 1.1043929319813863, -6.681029401506167, -2.505642075548828, -6.853501326911976, 2.9275143952048825, 5.3139258177620246, 7.084879160142301, 6.263046901503329, 8.178146845374691, 5.6282515302883604, 5.582707388947135, 4.551459391942166, 8.732068021198845, 9.802870381991394, 13.898016932768114, 11.400260598690096, 6.028561999966929, 7.753924724696926, 4.083331281528789, -5.255329263298566, 6.731490775822502, 6.623986502867156, 9.714318901476846, 1.146101309978787, 4.354611806668535, 8.45643128147584, -8.39766973550707, -1.7027840094326046, -6.877365872125488, 10.092650810970378, 11.553294378946179, 13.301766973355909, 10.348861246338107, 8.80928493952715, 9.198026228124709, 0.839490785558195, 8.282164457607744, 8.950988957119762, 13.677811511648283, 6.046882344719642, 9.064052579906493, 2.697363506563301, 11.312176985710853, 5.109601424706391, -6.646203108442307, 7.067720509196203, -2.2228172317536656, 7.5434491442948435, 8.520498056353938, 1.580348850236139, -7.612244059304588]}]