script/wind10m.json
{"header": {"parameterCategory": 2, "parameterNumber": 3, "lo1": 3.000054539987559, "la1": 64.9999836372058, "dx": 0.5, "dy": 0.25, "nx": 34, "ny": 52, "refTime": "2025-01-09T06:00:00.000Z"}, "data":
[rows 24 to 47 of 52, columns 0 to 33 of 34]
-4.443689625480076,-4.059181991871256,-4.618794346625918,-4.176819089562701,-2.1217752273787767,-0.49453646243661215,0.9402168062803289,-1.2151269177164838,-1.0022755466476663,-0.4896075063264758,-1.18632872095215,-1.1661945734841992,-0.44804882708076793,-1.2638885317153232,-2.020761444657647,-4.403999587280518,-2.31402700689031,0.04292635893622538,-0.9439153299072173,-0.6344543893798749,-1.445155976940794,-1.4298587647366454,0.8748628097364091,0.7026064468419699,1.013376691332849,1.8052859835740191,1.6049526448669662,0.8865162052396469,1.3009669640657968,1.3331565775648404,1.161335613261364,-0.1834592079700033,3.2983428865079567,2.033816161499941
-4.813582529340793,-4.978558121499402,-3.4627336708608722,-2.56200263464108,-1.7796703283442679,2.2481025136244397,1.6891963404336232,0.49956666162671326,0.0009103101040640685,-0.2068954471371763,-1.1032523152349814,-1.3375210524463357,-1.4329435229849756,-2.7193084179586626,-3.5523461108617975,-2.461737644739207,-2.202326672012915,-0.2048509514744805,0.7744608713287116,1.1453244550286157,-0.6156368970950898,0.8118841825799538,1.0285256236163227,1.4064300478966578,1.1778267156824571,1.1031454958037425,1.218979659504566,1.1010015171038092,1.0922545809640172,1.3807927177648018,0.7519618976101426,3.0299524708452776,3.88464011287165,3.901228887734018
-3.700170614137394,-3.751307798018724,-2.7618661373735223,-1.7178339836547085,-0.8796487515377185,-1.0327558799634022,-0.9873912128822306,-0.16123520756349455,-0.5274719055354417,0.4692664537178608,-0.4130979534309745,-1.2397532525976702,-2.29294160820011,-1.967381733462643,-2.468230601767762,-2.3509238388904423,-1.5614859464184465,0.26465311820885296,0.09339025256204649,-0.3543495949741998,1.4376322075283716,1.6472188135959742,1.4839183560794418,0.7944463111899546,1.63519324118732,0.5545885626069972,0.7189621890348667,0.5084329778323097,1.505313588485459,2.763901003439148,3.5005626867002184,4.672440609852513,3.8715285701492923,4.556650639536409
-0.5773595118664371,-3.1247311890832044,-3.6993927175239065,-4.2815206872794525,-2.6576074540550816,-1.190196636388225,0.2795410204188501,-1.7720644594478796,-0.723945822496154,-0.8184806441254023,-1.814081251781192,-1.6930139496777283,-1.7465926875696152,-0.7295017618145018,-2.3825984413427332,-2.700399757773682,-0.7885919370716014,-0.03195786562854038,0.30741197687804417,0.46545584780321225,1.2830476532268194,0.7055860700197873,0.8364757098456123,-0.05587740078675831,0.2190939086719397,0.19552173438348303,0.5749153547359563,0.9910837276821072,2.0886321776065393,4.13636043501965,4.420658488651465,4.892337532637207,6.173313281741732,7.274776252887338
-2.7419874528585026,-1.6339563436420286,-1.8718587115956014,-1.9859125670212938,-1.019712963739728,-1.3098475941995,-2.341035554588575,-2.1756788987576896,-1.216145550351077,-2.064586344256025,-2.455365996109351,-2.0312997266104214,-1.7477359851869834,-1.388862131365011,-1.8275490718927319,-2.3546893703682747,-2.141131579032616,-0.9085739187826483,-0.31611149098900165,0.9831397918966159,0.14288157506066024,-0.16772081043590092,0.3618699935234323,0.5291787757612431,0.9326852503462684,0.5465383892379803,1.409343604379467,1.779860946850634,5.671885273083398,5.706825241608984,6.255589202891394,6.280425300648796,5.608889417769568,4.360921217686973
-3.755448178242385,-2.967226939834653,-3.1396011011085743,-2.37127633470627,1.1508699228520327,-2.1959224007185245,-2.8683882313440434,-3.776540733077385,-2.5710266151461987,-2.4986044931466016,-3.483538453013796,-2.312021273022688,-1.7519645854930208,-1.959079095913331,-2.961476628582608,-2.4069080388632247,-1.4943392966957858,-1.7506429829478056,-0.21764678609904492,1.0849891013075115,1.591458583336899,0.9648161326018424,0.8739109875997156,1.8892578787840628,1.3836166922860784,1.9214938221582072,2.0081220888766,2.015589158491412,5.749367813119048,4.910628508061718,3.9633227236956903,2.74496106798308,4.290992423807356,5.00042411222516
-4.0621818497411075,-3.143620669785856,-2.880073553927966,-2.7521374086457993,-3.0985774104868997,-2.5549640778343683,-2.281614524659986,-2.525661621609737,-2.932217012745136,-2.731710828976189,-1.60924779775763,-1.6065697857409797,-3.052659176556222,-2.2319347582416396,0.45496080481934154,2.4814184412903404,0.9589517985143265,0.5827022935527778,0.527873347372158,1.4322326320281138,1.325541325462013,1.637585876050856,1.3362666110389416,1.4380348592402912,0.9477802307440144,1.4003542930087893,1.3767809878198862,2.317412086093564,6.1030018133155925,5.382165912036428,5.349156026116699,2.538411694539288,5.178517775062968,5.25254790175065
-2.9334010828450783,-3.734712469358891,-3.64928829396366,-3.2355974774866096,-2.879000548767231,-3.401144315221967,-2.450444947651931,-1.1914934694961279,-2.0178579947016324,-2.1716152260028596,-2.026827454685433,-1.8620102367725169,-1.1955179353746572,-2.3494490321537467,2.1057837985878525,1.0780467322748795,0.5918466488328277,1.3563922133890336,2.25082129517011,1.5567960096357771,1.7060549112808525,1.6371867257403871,1.4756230305451428,1.4659951053190348,2.2768824874703117,1.8687519918553237,1.9376698515928295,4.065505450909123,2.3223704085630223,6.469370447360834,5.237755009940128,2.7528189016223075,4.783625901869509,4.784000083816964
-3.55220747428114,-3.4338442850486466,-2.391374499060515,-3.1634204033569513,-1.7496830973947397,-2.08450782405976,-3.1026288248002474,-2.1689310482095214,-1.7468997623790474,-1.5663670459805346,-1.5444522161331724,-0.16589044360035907,2.639248385276801,2.657171661157437,0.9303658566147154,1.653465175497269,1.6865592630596942,0.8861123481129355,0.6687053604499616,0.9852573739774935,1.1388210770985343,1.2948823601347148,2.3522547202187054,1.9010461838179928,2.261901743928995,2.11709366216856,1.8949137778775276,4.9777130495196245,6.444920878951271,6.37394339833141,4.738290953321632,2.9279362814982623,5.802636290920799,5.964362842666339
-3.5040621799029,-3.370581995004208,-2.5880052038601113,-3.9733033159423807,-3.0109643833565007,-2.9780119071370947,-2.991647326604726,-2.5964421845634056,-1.9071992904161539,-1.4589266356437034,-1.186763864005174,0.9863333107623421,1.504755627394063,1.7150202988959402,1.620136723793635,3.153710496756107,2.6895204600006144,2.5727020083527794,2.1068805629417087,1.1284405080976874,1.8560321657048644,2.377369669021668,2.4425197409363872,1.9726614205926007,1.8279035349361326,1.3542160690803942,0.9084864707299519,3.2826001647683927,3.2051871190540613,3.4151112356703393,4.1226016872676965,5.199226855051582,6.675677419676936,5.011280942320955
-2.0903983128356067,-2.2528387743437475,-3.2242061563646067,-3.387709995015687,-3.0547020147976336,-2.7411449197613598,-3.3944868375643678,-2.722740703799762,-1.723225101453587,-1.6852291531751056,-1.4162236880136794,0.9954758468588717,1.481166781655311,1.9547303304530916,2.107128270075197,2.346867937622713,3.469551782412448,1.3551073254157266,1.4337572368305955,2.9614691606271166,4.316206376405552,1.8574310431537817,1.8586597031367356,1.9465233044253514,1.859479059318416,1.7688143624417976,1.7218726638564714,2.9360502439718994,4.29143669492315,3.8286205194092955,4.950663590657567,5.164692825863075,6.374692020038132,6.020976338912279
-4.433193961726963,-5.804430705474087,-4.299612991397973,-3.5796148792953963,-3.1671951494943715,-3.018173561495407,-2.4157088189115865,-1.8695866015775477,-2.5564756958852874,-1.4700228709821725,-0.7522410244481077,1.2720178738203387,1.7969420173456951,1.3966618075012907,1.343301329172228,1.8597234660234014,1.8097872128852264,1.4133305617018992,2.6372916538328175,4.738440916849465,1.9728861790045953,1.3748202873981101,1.2251777480105048,1.7182756777770798,1.334271856010137,1.0522311694836306,1.5193228225994486,2.5036301804644383,4.46158928192612,5.703037294073998,6.338197682811611,8.250551567979903,8.375695728992087,8.843763989939522
-0.7435754446245625,-3.8748893798194355,-0.31680975548758034,-4.127076253052686,-2.4325626346737366,-3.1301157519810716,-2.1614859862611673,-2.1700254679065156,-4.65505413185915,-1.804902153902538,-1.0889123646365202,0.561596025757395,0.6928556515314471,1.0666611272680024,0.596178752825858,1.7147636290365975,2.8972516384202245,3.8970556552730615,2.451844871227574,1.620072022766653,2.1416289231372967,1.4030238565016069,1.556017813713494,3.7904047030876944,3.0818010853311644,2.457535001466371,2.6239322056916206,6.773686989634498,5.321289126331434,6.598401437571262,7.89064572513379,8.773330299570313,8.76087550957128,9.167703887264388
-4.7332803625842335,-3.278986622785344,-6.322175416102334,-3.4953605697308765,-3.654050245259565,-3.42978804632154,-2.353491568996371,-2.8531205728869327,-1.0535089715542882,-0.0027233832293270307,-1.7839307705718939,1.2258743302389659,1.7192479355028047,1.4204420274239566,1.9262148337526437,3.3125272678592355,2.9086857959370978,2.226334342105784,2.539108359647343,1.574302015618655,2.1598619848675042,1.9382412369482374,1.0519345821264623,1.9263067971819174,2.279566460491876,3.013376010456515,5.689828072110287,5.690206619778923,6.5454579764440455,7.295409909793918,7.829239980357522,8.417958163797397,8.951201621811764,8.70241301204893
-3.8755846380169174,-2.9968355883986417,-3.919193340207774,-2.605398641389818,-2.7363146612908076,-2.9938079551715484,-2.2250086836934795,-3.2585345098117355,-2.9775152041921014,-3.0667788553279127,-1.2739895293560235,0.5781871724173195,2.1603234109992706,1.4763505657109148,2.2846850697577783,3.7215474520567,3.2006127685150974,1.9693876297020794,2.235390023033001,3.56530875325693,1.716279627366171,0.9882583392514743,0.4769028315940258,2.028333068148899,4.590840287414078,5.449155173200328,5.356077594025142,6.561691830610739,7.085772513991139,8.558531109388912,7.897017462839725,8.151293579565484,7.7607895760297945,8.15483833476425
-3.991455409198974,-3.7443371710174116,-4.683524403250551,-4.925303032829492,-3.9269020676068047,-3.543812172651109,-5.162432378981723,-3.2290346129135976,-2.7237222295310812,-2.1272205310645753,-1.0059323524469461,0.518620001946941,1.7832797766542567,1.2190859100152296,1.7947515437902002,2.0934935910197954,3.2733881623184815,1.626168429597337,2.1582058769769756,2.1973284064442926,2.226576429611012,1.4941736397626604,2.2886911951593767,4.631952827309537,4.519293452742913,6.017606136949629,5.907165111242411,7.19952714140848,7.91733023999208,6.831677671345523,6.599472843059899,7.046318385649334,8.8383607831945,8.472353173781576
-3.6018128204754394,-3.7558144476010096,-4.001259936986955,-3.9222318598021224,-3.969144415644821,-4.327244806626235,-4.325015456928056,-3.6805988757083283,-3.409061275316321,-3.113402561784141,-2.3884379968757052,1.7821784585558103,1.4614729971461387,2.1742783159933423,3.0888499088386916,1.1983463959134664,1.8868130312754803,2.3544508958991224,1.178256285986863,1.175076538636079,1.5591408852583493,3.2189821247434685,4.751917829046672,4.360604503297288,3.0825662119004313,5.686321352102778,7.949877476123478,7.381818588901774,6.666160378541604,6.447595527529915,5.789213011115582,8.239171247765812,8.875898820434271,8.550268370363408
-4.040512130817843,-4.013806275192711,-4.220525182492015,-4.46588008381922,-4.562406557364843,-4.140367476290072,-4.7481961148833385,-3.89954850792854,-2.9008629755524646,-2.1428192840225297,-1.7015999280096323,1.583373119380571,1.2377212476251223,2.3289706433486232,3.0404881474341505,2.115836192165021,1.7993943791973988,0.8758430708370303,1.0803667840543618,2.1692353138982403,3.713532014227049,5.2535193424752515,4.817677083201262,5.579022604675573,6.7237426870386185,7.498625514133407,6.380382904579635,7.159441287034669,7.388839885295645,3.712147944667474,3.009670914223736,6.678803212482752,9.08461808752935,8.982219475498274
-4.50129410302176,-4.516299099096927,-4.550796555957483,-4.657478089863527,-4.691223820456979,-4.549499073972581,-3.49919602001039,-3.8567107638994162,-2.9395771746567965,-1.8370638462638607,-1.1649865573863352,0.8065078254663584,1.9311148783197825,1.9469803281013545,3.1954974044489615,2.7352699906078537,2.222385838722363,2.1626017340174593,2.5274437269255374,3.6940715303801372,3.9823673870927294,3.1136404179637127,5.7496204971827,5.629940868979164,5.796521666973999,6.450585033394399,7.632569259944865,3.836787678976333,3.1567903228529204,4.429873827499106,2.843326445218518,2.884663426449988,8.073427729317231,7.218488244335056
-4.959938941720024,-4.709762782963338,-4.922338229185896,-4.737268202874003,-4.882281993349717,-4.523243101248842,-3.5943571736034468,-3.4294770262951926,-3.1232143604570215,-2.556902593758099,-2.04139794801887,1.4467227944852128,2.183339527684024,1.818787307867752,1.5413755894776875,1.00612014589299,1.5470290946918106,3.7100945373064884,2.8529249585301546,2.069488775009594,1.8994891937279166,4.68978913370546,4.891454566363665,5.192000826608974,5.5756207298495015,5.825737583190009,3.380283327679013,2.6255180388791297,1.9137598581175022,1.8991709558384708,2.4258379963980237,2.504859571893527,3.4623122291430475,4.268242024601178
-5.74151280808321,-5.548625017280795,-5.280221667425131,-5.130829456966747,-5.266104932817014,-4.831040959923597,-3.808753018824699,-3.3115325817184016,-3.2068511976050287,-2.9843795904686816,2.239739583637963,0.8116300877337657,1.246962944819902,1.0525011224360654,1.3268086487469857,2.185063233732903,4.083936525962758,2.6487066554705243,1.4477160697910554,0.5503602704012222,0.7145136709583068,0.7787277551236645,1.565077808988861,2.6032625869875248,1.7566208118906887,2.991431106132838,2.3581377296599384,1.8061747891803206,2.1470914662775504,1.3787214983773517,1.0973171574393332,2.1311334115914957,2.937408814279758,4.042267549592532
-6.054753119928149,-5.9092760772500315,-5.657113623310378,-5.886397664875114,-5.432781034060317,-4.73982088636963,-4.005726663720269,-3.678705389266809,-1.241316313596219,2.3973713319376224,1.8416467118538977,1.0236577374152702,1.4350540525465247,1.5878419583644494,1.2970258433011221,2.248095271878322,1.2191546636645045,1.4642625070735351,1.6389586003440004,0.981665451752332,1.1467638821859518,0.45415967721043915,2.4722713387189077,2.806997016317949,0.6630113628287514,0.968226819523448,1.9476135950312814,1.0694503805161217,1.008203106629542,1.5408009760323207,1.3599906411465752,1.344982073384999,2.2650474516133285,1.6845035611194077
-6.360761774308292,-6.378124422193606,-6.109239574264605,-5.9613709564826,-5.694959272181503,-4.9708395122771,-4.744436276626988,-0.02786861552140844,2.207240123177557,1.151428868767516,1.0319394771910606,0.3558290301101841,0.051238620898420455,0.6850145132039782,0.40802921573328266,0.4693644340054701,-0.29120357837104166,0.8674739566254221,0.8709438970079526,0.5532610032317614,0.5151306952277294,0.9127362624580784,0.39806686553879206,-0.1266290259167275,0.3890020212598744,0.5938366835470765,0.7182660351760477,-0.08840023430679143,0.8027348211564306,0.670546220777177,0.9666844883764383,0.1543023505468862,1.6975026047387096,1.9521254886533017
-6.965506443385364,-6.941304192637741,-6.30078016901591,-6.070828306159043,-4.234946719940016,-1.4717398439344531,-0.2968163703700587,0.8137165297434517,0.7747318555515148,0.3492770198633948,-0.3439221530555383,-0.5143152131648832,0.448055025707003,-0.1822474550165021,-0.0278933309270854,0.9492048788806959,0.5993757810346922,0.2686897169822436,0.14627475994618558,0.03084466590598463,-0.46668838890426745,-1.2898877791100978,-1.6015398099841536,0.42943588820219647,0.2428818406375727,-0.03994710467520168,-0.3701702772878893,-0.15332064255922348,0.05690659246470922,0.7808731280955965,0.4423971997131635,1.7581123309597986,0.9900133604486264,1.6150967955164846
