script/wind150m.json
{"header": {"parameterCategory": 2, "parameterNumber": 2, "lo1": 6.000198445256149, "la1": 58.999992894266676, "dx": 0.5, "dy": 0.25, "nx": 22, "ny": 24, "refTime": "2024-05-03T10:00:00.000Z"}, "data":
[rows 0 to 23 of 24, columns 0 to 21 of 22]
1.9238939205031176,-15.588586053295836,-14.23931315129788,-1.6831033868363237,-5.30263726632627,-11.692541518134728,-4.963670733316752,-12.93679997275375,-9.409812954215813,-16.797335527716676,-8.474886886427743,-14.228886921089282,-19.367272723492718,-6.131331380254477,-7.014402563838842,-7.282391819189479,-7.632997777980297,-19.421175305708733,-8.30944242785331,-7.78264303057018,-14.649252980634722,-12.86946867933043
-3.8987768596666625,-14.602971003905282,-17.435102777567057,-9.848995292390084,0.9626897794000312,2.2008323420531815,-2.385674379967275,-13.923692155608018,-4.287802775352023,-4.142763942717477,-10.95278755333395,0.9981898864959975,-8.342548389655898,-12.266512719271722,-13.59909502726006,3.0749874927006107,-9.566468813663269,-7.843028894135161,-5.214224145705297,-14.113708698448216,-3.885463597285323,-8.443454946785291
-10.288611048477692,-12.13224370701885,-3.2114424015248013,-7.849304195274067,-7.798587639399726,-4.185797719299191,-7.235533061402616,-5.525651012107809,-12.786933310464049,-10.358893786192645,-9.40419423967021,1.1811304386716608,-6.78755628117962,-9.486155655734962,-0.38297470612179635,-9.400287245724652,-9.243580643680042,-10.109537677194188,-10.0249591095467,-11.716424996767604,-12.501991667958253,-6.513217028828086
-5.64008612107987,-11.012735861317399,-10.153573199560126,-8.066082863318158,-8.015394099255914,-4.474243085181114,-8.750954903603013,-1.8756976199998703,-11.173262151058594,-3.9708282050531465,-3.1113800837471826,-1.7056908068059433,-3.3751623518472664,-6.50410514818341,-8.81340721049261,-9.693549026481547,-6.03145581247945,-8.601280905187616,-8.25517526821066,-11.001507042380453,-11.430761110494503,-10.82261314484145
-11.484218433185974,-3.8168724682962676,-7.1879716749165565,-1.104255973214678,-4.061415830493277,-8.078416966534714,-11.348981766100012,-7.035520363543654,-11.910472833159371,-17.191367084392695,-10.70181372546624,-9.699600255914739,-1.6540123081712852,-3.648299268102854,-7.5828799821424235,-4.04526562022693,-9.504494669196886,-15.204720183910819,-9.815764019400524,-8.23481701941894,1.7246854009317083,-13.178800698156005
-11.649203291281662,-13.733354117430606,-2.5409266825268957,-5.392619059692581,-15.28740681882161,-0.673634819567401,-13.915483200337023,-9.000468841122423,-6.874720292114976,-8.11972959185644,-9.393163638476393,-8.381898895782573,-8.266270479605721,-11.095844429629208,-8.43831928505923,-6.400946739169464,-12.025660463207164,-19.881583201532486,-3.2792734015990366,-9.879281251014403,-5.8983066715718895,-14.474127563778916
-11.275146428242591,-13.768861600431226,-8.395285455019275,0.8833620183639455,-7.551765181591592,-2.5333542650402214,0.7078041589545192,1.115572062963366,-14.157332503455804,-10.262688925497963,-3.8256644947300105,-9.299583338900316,-16.647696903300734,-12.847717656149543,-13.769884491068195,-15.742042556911855,-7.656078945158239,-15.326126128808864,-4.308240711994969,-16.56406454321429,-2.8426301429758762,-8.015136346398183
-16.838626539321627,-9.972197274524328,-12.59430695417069,-6.373017764817791,-4.1366426626737285,-12.726322324707327,-3.683994246055995,-11.330524727164724,-11.28932932295131,-6.743518255828819,-14.745386289269714,-9.586336910423837,-0.1963793604978645,-9.389905106770936,-16.194746690829625,-6.438799236735515,-10.371882844632637,-10.044438561783636,-3.2866247571114555,-1.0698187420681784,3.09435703083685,-8.686098286928377
-8.256713007664048,-6.0727085002161845,-8.685887301510398,-7.010208368283877,-12.04674740893388,1.2273539704063101,-20.020094559203283,-9.876688941601907,1.2497800192880788,3.0495892666060356,-5.2232687361668235,-15.012053271533539,-13.480221555146553,-6.982533523580577,-8.02632827663776,-16.02817519142891,-12.46252553972308,-9.236480745619144,-18.45951526628305,-11.774405206902193,-8.724522365552884,-17.01314995568058
-6.241420198095223,-3.9166517233615314,-4.400191345074471,-9.729394058528685,-6.780772072379048,-8.819146865899837,-14.399279516578675,-11.511427168040639,-12.345659770042104,-3.20763605997311,-13.980169206130068,-10.056565185699984,-7.54524723384563,-6.934684738166256,3.89727564783293,-4.159238285237719,-8.847316140819906,-14.227256118909196,-16.16099132384867,-8.040487070965732,-10.62551847391815,2.21603180336207
-3.9593986054918675,-15.779700822632776,-7.576262687265711,-16.49214869422607,-7.145952612764042,-16.328363088245446,-3.746545156965445,-11.005409752672405,-15.155800412243657,-2.438863342697255,-14.384006229860619,-16.66276653899932,-12.484315431167488,2.771436478306076,-24.54530778451656,-13.88496525410981,-1.3387071685426923,-11.127765499560743,-9.672390878665315,-8.004502771427738,-14.175125674150287,-9.327801359147912
-2.0430423309488903,-11.939593481976868,-13.798094000575944,-7.676256432189955,-3.4823757421133426,-7.1400016528229795,-8.778600467944605,-15.619754725472593,-9.516537215218607,-9.886351490555601,-6.537045818351983,-7.520942213965926,-9.52173569887901,0.9202206276304092,-8.913900218078114,-7.227910038371264,-9.139755243245704,-12.033098463879147,-15.04197469626115,-14.248164931271182,-15.288857585244731,3.106491682612943
-10.960983942417156,-3.6988933828344552,1.9378095761191607,-16.744024804252845,-2.254623321514303,-7.073354337664816,-11.287819706148438,-9.763568233714372,-8.770507340252351,-15.100787318312982,-11.516682530142196,-9.096887485960195,-11.799148249419165,-7.96373222312237,-8.090646902945755,-6.956525300052226,-12.313587509597781,-22.368623574634864,-9.334499656802654,-10.12042655657892,-4.181813785013884,-8.27719430338244
-7.220700182055091,-6.685887412495723,-15.516423215213347,-13.163394179019472,-6.950393852907799,-1.727504569884222,2.668020681988428,-8.899150479724005,-9.744038087077458,-22.16119978205347,-7.692123067272381,-9.70228599868995,-0.5096711211070455,-8.374810897185789,-12.61922513732478,-3.8448628327713035,-13.405370780137961,-7.8302292546677945,-10.676183794902592,-11.785652888742607,1.8002855911196967,-13.970944376386386
-4.758568723836188,-6.829336207094228,2.5567781622040697,-11.490049037135542,-8.168272788265924,1.5184722429695598,-14.10959890116979,-7.531262202027951,-2.9416589289013886,-12.465969150061685,-7.966236911334583,-16.556967763153413,-15.496182482944022,-11.942109587978566,-7.319569697692957,-7.874031980421144,-7.689125514749118,-2.412226520116348,-7.762745373878588,-11.351584535573013,-18.32039511793125,-4.762307846152765
-9.093964796970727,3.990911575377936,-8.75925613492796,-17.08746171057502,-9.578577096271037,-6.643266624059707,-7.484399203656128,-15.362511085327938,-8.372757654785845,-8.582300301498195,2.6860338442732212,-12.281942757051183,-10.98748077871833,-7.997688733523894,-7.401048027689413,-2.5005106746680767,-5.173057918808411,-5.591988687118565,-2.6907010089905334,-7.4503075880197045,-11.39286991704625,-8.480318105896341
2.5290455848468913,-5.620469580900843,4.4645200977989115,-11.195202305275094,-6.859745939408261,-9.04421129846295,-10.816372623617903,-11.840896360506523,-4.6175063892565715,-14.963184201405298,-6.334246122304591,-8.908980887055668,-3.1948858284872017,-3.798622065573823,-2.8159104973068714,-7.397059082828946,-3.4368985571629076,-14.905784577855817,-1.5082753398265014,-20.03417148712956,-7.373474714949038,-0.28036139526226167
1.7194937490283104,-12.729993725991225,-13.843395771003623,-3.1647692942190857,-13.608549738240443,-7.713237592417456,-10.537083031154946,-9.928982452697522,-12.620406223836135,-11.404164650206983,-14.700909226245479,-11.17711050844444,-13.350471781797522,-5.835685826086448,-2.3841430539627915,-7.396753149523898,-13.864720565514736,-13.220661628061828,-12.289741410918761,-2.331461518576412,-1.5247965290040166,-19.80985036915929
-4.15899509952265,1.3395168750855007,-2.7974347606488066,-16.10792204080256,-3.584179655496247,-7.261855484514107,-15.964701203115547,-6.051449240435635,-7.556781442320663,-14.438577628422419,-9.323754846447777,-4.5812088701684495,-6.968205630816204,-17.033849057383243,-7.428214386740065,-7.80394370300086,-17.057754685147703,-4.751016215551725,-12.390957127616012,-3.320767347231597,-3.839431657585681,-12.329569780908265
0.7308724511320919,-11.206086350771544,-11.80898673642822,-2.701350435621531,-13.480723999151335,-13.449550137877115,-9.945006594175227,-3.6694695024983814,-10.551168155803353,-2.7117961748726898,-3.8144216232118455,-10.673571478223527,-9.686560649988404,-13.344714026655945,-8.625735695003792,-7.658951597467846,-14.204696081103712,-13.6207638954041,-3.6560792766366697,3.5641604267490408,-2.5733997230688272,-9.81455635471648
-8.649234317426345,-7.284576326962658,2.370943582981694,-2.226047489338358,-6.720114555565028,-12.879042634481042,-9.018250866047365,-13.68466692992185,3.4190003332937473,-14.5550543769898,-9.004710780826192,-7.884045500469026,-9.508747979666767,-13.706463061651787,-8.628658106720895,-21.368775283556587,-11.873015604558825,-15.072732111376348,-6.5735295785852585,-5.774279024815344,-2.2655834873175875,-5.821492433890462
-8.999238302589257,-5.9805901047555095,-9.917526313426167,-7.413337921269332,-13.917356513199685,-10.307928332348132,-8.379063187058023,-5.366104800578398,-15.904518244978178,-15.431839119522971,-10.713463056877481,-10.29046662983973,-5.25586847845417,-14.866551447696684,-11.280038891996211,-10.589897930176999,-16.213657193986815,-13.895916540301402,-0.5495461814698949,-9.551737604702105,-17.655214733917212,-3.763866695971107
-16.90676364124376,-7.467616213540038,-9.391627650638863,-9.934576350162732,-12.643743199993969,-13.265702976997954,-8.021949457877609,-8.738088970972687,-15.25772288676138,-13.298405857666218,-6.535523289182327,-9.039995993264705,-15.799783990105349,-8.06360946541119,-13.093255768643356,1.0218455168959628,2.7568537309965118,-12.646183260423047,-15.717433870581841,-11.555445382682292,-7.921178493632852,-15.409752104105296
0.6568754894853536,-7.358941110210582,-6.208602115858025,-9.18927094282072,-11.278486573070031,-11.902510196094074,-10.819591176468036,-14.896936817301098,-10.501896756080505,-12.491091525631209,-1.7677231625815923,-7.281804045753297,-12.817572616886585,-8.72877320283185,-11.78605641009233,-7.535386269093211,-1.0187794107893122,-12.066161138865889,3.408971902188009,-3.635341612647762,-9.367868314739749,-15.084114024319764
