script/wind50m.json
{"header": {"parameterCategory": 2, "parameterNumber": 3, "lo1": 6.000198445256149, "la1": 58.999992894266676, "dx": 0.5, "dy": 0.25, "nx": 22, "ny": 24, "refTime": "2024-04-08T15:00:00.000Z"}, "data":
[rows 0 to 23 of 24, columns 0 to 21 of 22]
2.0954971205049073,2.109583357635827,-1.2867863008598568,-1.137726768497015,0.08715820977615824,-1.4346773624737725,-3.2413487591236736,2.8934464812055483,3.298185227142374,2.726399202267777,5.311197520788451,2.475399187194017,-1.4068507300698452,2.712486635837113,0.45739160350571473,4.47894811453595,6.36630235538514,-0.06649750999115543,5.782582871286451,4.547179100238176,5.1060681845641485,4.33551564943839
1.7478927571489828,1.3426085384474828,-1.740550156896282,-2.2685641470442013,-0.1584639824645662,-2.480769540578436,-0.5287634771099462,1.6684702102225955,3.603547451379905,-0.30243506322607994,5.639509592069277,-0.6496852604294943,3.585008481818659,4.804413875194475,0.7815194454986945,4.9868576810888765,2.5354475991871457,5.904451668557964,0.07487256362952789,0.18220919174976774,1.059665879598027,7.254104890070762
4.587771400174907,1.525289101936834,-1.89857010358417,0.5990149752362119,2.083543069985748,-4.217673768226999,0.018733900092978106,-4.831925859741531,2.9462356142495385,4.339941817714346,0.6284719294047605,2.9140288723113272,8.005989989361149,3.4538424017770484,4.674184512885124,1.6738806276625473,1.4405331330465412,-0.5253898320635865,2.266895138854517,2.0764283910329393,3.683989982850089,5.676531805957269
4.277754261450857,2.3044678688980587,-1.855703689466284,1.4676636808429442,-2.3141584408464473,-7.550749409976342,0.324281365516002,-2.55287723165729,2.663208840831605,3.019248809563211,2.6093227412695055,6.498585402508544,5.682644076650456,1.272356546263056,3.4342550688246254,1.7434807072562504,5.06349947688717,-0.6454462908604206,0.6463398667937544,4.338984094267535,6.185164545960581,3.332665077628212
3.214989754322599,2.5790158549714315,-1.0205986492346828,2.7489547733934274,-7.506450731567302,-3.5223639704695415,-0.7010358642563407,2.6945156540883506,3.9043915588779807,0.17695164326248142,2.448901557574129,-0.28341471703423193,-0.30698493947991917,7.632211589959668,3.353546465549754,1.3502215544151264,5.12099722881807,1.3015608184134866,4.976265238469983,-0.8791348443102922,2.385393160913039,7.283728397572734
4.07146957951108,-0.04732515810398678,-1.007206629410034,-4.962503878917676,-2.857824299213675,0.04259909292558598,2.1239909645128963,2.807842792198426,2.9507911747695084,-1.4387044313765232,4.658539651184168,0.8464072703943567,0.9231841552463191,6.570121904289565,2.6842486312157683,0.690379064269401,1.6425504978610517,-1.6257157113996819,0.08331251757747297,1.0795881127214801,3.5585410202893843,6.1044972484433755
1.8083590104401528,1.256300273080162,-0.21601104809959762,-6.254156339032855,-0.28326817588521314,-3.773110461732911,-2.49063031149868,1.7613539734108978,3.2481142431431747,5.061263413068243,3.329218017035306,5.329418803646741,6.793600643735664,3.8672571265942155,2.984577447812529,3.880014240118156,0.5272224689501264,3.2954221448050616,-0.1984338435749568,5.7495118887087004,1.2423106781098574,4.263019562719148
4.037825999149902,3.1414862801579626,-1.1758785400603449,-3.6181446414000513,1.0820487858363643,-7.068466260044583,-0.4932487051796414,2.391966449029657,3.249557056414315,4.921525591304597,-0.07359278160591155,1.6708148446632247,7.80483686072992,2.453332302371135,3.1118872662590142,1.6935510968753953,0.7746788478270242,5.67444532734741,-0.8184672593111629,-0.09339439025595953,2.9655209301141725,2.425870385871593
4.244126613311261,2.516700556157509,-2.4581434188938105,-3.2947617172403505,-4.698648593560265,-2.031719310594675,1.4888178062499082,0.07927020977552107,2.8389231972357654,-0.7982338739648781,3.7499571793478332,-1.4273250286254944,0.3077705332252205,4.720496245047196,6.613511510754965,1.716598291795743,0.9203876949707748,5.738317967507782,2.001566732421564,0.9355315957751544,4.891149558235741,4.264887810705959
4.746011852098656,0.905497189186737,-0.14488388178789202,-1.391733562247743,-2.097651204036103,-2.150886514698706,-2.7551692061184214,-1.0358261608623536,-2.6156294317811706,4.060984313630092,5.417640587831888,3.164677291334093,-1.4415869195150774,2.256866938502509,1.6381757483078014,1.438572018364976,0.39262699716811306,-0.3414935592846006,5.996233950292193,3.059539666172691,0.0919033162340304,2.845191347631872
2.386212364548212,0.009889749254407226,-0.14602239403015313,2.992561023371703,-0.5575654375297447,-1.3671970851714963,-0.5168196998171853,-5.706208528568639,3.037417252279303,3.256885823549663,0.0816289466560747,6.09634723372534,6.053442621614475,1.237978173046146,1.4967391642116201,1.3529240125521542,3.524425375060193,0.8814960055972262,-0.7773703442468548,5.619348593030461,4.099381848452347,7.597630040898709
4.617453600694192,-0.056363314546164105,0.2127475956610196,-0.24840038065755826,0.7086996553715565,-3.0940456016550475,-0.10576629223193182,2.133576919350615,-2.1346867699566023,2.618175956826119,2.6860632303553587,-1.6282055449444721,6.828482974677985,8.507506902671743,2.3221447175616956,4.256040051686002,4.97657677698397,1.3329255320751303,0.2955468587835305,-0.18221796640971913,0.5134924847317199,3.500367614512548
3.9132696149214667,-0.9894224541694121,0.43045726668648027,0.3174811788128569,-3.8316969082463816,-0.4838993415309419,-4.118824338363722,2.8642213805072227,2.4372467656197543,1.2821953485650914,5.319756295156371,3.29998442468222,2.77948856334974,6.5270723344537664,1.6910492727931454,5.170847010819006,1.7481119263918654,4.898887720727075,-0.5923201660650025,3.6569961337295673,2.963054862373493,7.795030466575888
2.9706211112303462,-0.4395129991631063,1.8492090802445746,1.929298880099114,2.1241586377258863,-2.0111402118511204,1.022471336096766,-0.20211217905068865,-1.7273257363536496,0.4937611347546232,0.874962794473408,5.40790371996658,-1.1643236651657654,6.070036618929862,0.8149908441374869,1.30565245042365,0.919459672623089,5.759352592887834,5.272251118574775,4.4169235530566,4.282207901683057,3.439796749497437
1.4124905399140721,-0.5921529982492931,-0.34455603675187707,-4.982814759276786,-1.6592487476582913,-5.387108299603745,1.710591807524723,3.0630488050035525,3.1304290790576417,-1.4049796413625906,2.589599394299316,1.5323483905064164,0.08181628553879414,3.3712144172255867,0.5897295139057764,2.7169810914365917,3.5035041828961226,8.106088008665353,-0.06482798934712342,0.5041416685020208,1.4623441472897052,3.4993124600827317
3.602253857197819,-0.09553512421281204,-1.14211016433095,-3.2100176507834712,-2.2541105114722932,-2.5804324264997556,-1.3827633181786803,-0.1491250494601973,-0.4415154319618293,5.1378006437761545,1.9739448091761704,-0.429448873718707,5.906108291032244,3.3737517755826056,0.4558808265310799,4.3420906659824015,5.315302452871218,-0.37842884336695254,0.6623179527606875,3.06404547107678,4.388360237986178,8.766201001653899
1.725842722572406,0.45806050589398595,0.05740367557949066,-1.6211516485119135,1.2235874799682203,-0.6531104632814834,-0.6076332417193829,-0.6815611663996233,1.4311472858406356,2.1674605627273476,4.671459192828023,3.0870371165409973,4.1955691783558065,6.980224881539767,5.64180846731712,5.6512117468898,10.369292544393671,0.5748128693563282,-1.1033619137728037,5.2319684179891075,0.8588057679483445,3.584432828127609
2.6519597695828927,-0.18853071088219936,0.1338966265085991,-1.831657384812241,0.3751214431631167,-2.015425943551845,2.3551343496472397,-4.618182085355644,0.7564521961541286,1.527207138162517,5.280158040579776,5.533182291915938,2.1745038934917225,2.6741230731313728,4.311105942056345,1.9514588330248102,5.695271782616839,2.786233795616951,5.560533099613532,0.08547349545738657,4.046418602091638,6.601859998699487
4.061565422298844,0.5224584430002546,0.6958883031980764,1.7028474197782981,-4.392971586253784,-4.188353220112766,0.26067149495389297,1.5927095285917505,0.5560132720729217,0.04383482807285532,3.9454642012110384,0.8940359405967981,0.9802048540504079,0.9445672825883616,6.806628567906076,2.8628143521375025,0.3417302410406988,0.42940876599006894,0.02311993949134918,2.266609035463818,3.591311445831697,5.536541700016686
4.44675452478856,-0.5365188340770247,0.9938805765131026,0.026165704752414858,-5.057490833091163,-0.4259104506556195,-0.6986310163908397,2.901830524755455,1.9917198170415185,-0.43433226471276026,0.6929151016778297,2.905002288187341,-1.5575799152597247,5.564198777345882,6.7264536934732595,4.002067891753548,0.2715042432921857,5.960171862137919,1.147521491191083,4.59600389368931,0.18395558743871704,8.608609282192102
2.485327028783395,-1.4288093086206664,0.8646608533678238,0.6121250913855221,-2.9222045242772,-0.1454359596352071,0.015995356620527448,-0.7401756679631885,0.5196497669170863,5.719689760341151,5.462937214365223,5.816029184116092,6.1288692537248775,6.640406918138692,2.4096984822003136,1.4287507662094139,0.8459787379225991,-1.2114974111584635,1.7355452495452568,-0.39612862760827816,5.3206138307654935,3.366308935526961
4.728547415387684,-0.8168055349873313,-4.311896195004076,1.8800802461033468,0.5296118538004065,-5.9925274805359106,-2.6815341487885873,-0.40746929732366804,-2.5572006846599087,0.06488999165215507,1.8365345961467257,3.6025833814375154,3.7467963742355876,6.261809904849416,2.4430805951767844,2.127042257381831,5.069108008703478,-0.7060379387702772,5.885585314689992,1.434988543090392,6.172722968008595,9.220452975000391
2.7229236622889705,-0.9871839215598992,0.3788327102949312,-3.8626503567586132,0.6909290126488731,-3.7854180835716043,0.24209071515955086,-3.352877028078778,2.6902230157875158,5.5019996754171006,1.9465868392166887,0.23450626948965037,3.899785005132679,3.8702346048513894,2.887470803582365,1.749114588427697,5.576570684139309,0.6305309355458576,-0.03570722251031802,4.016358075957863,2.3319796996381164,4.893947291904212
4.326514308627459,-0.4828468109070955,0.10430293996229131,-2.232349374796463,-4.140963348467488,-2.2569748568521697,0.038646917671392195,1.6356351475737252,-1.4699738105597868,1.9268537015547424,2.211553912400199,2.112121032126305,-1.0354591972315634,6.885607730364689,3.316514466603176,4.684466778384262,0.7806346496292155,0.3471049974941072,1.1860177680480504,0.10762282521116356,1.9012955056932734,3.502696944905133
