script/wind250m.json
{"header": {"parameterCategory": 2, "parameterNumber": 2, "lo1": 3.000054539987559, "la1": 64.9999836372058, "dx": 0.5, "dy": 0.25, "nx": 34, "ny": 52, "refTime": "2025-12-22T11:00:00.000Z"}, "data":
[rows 0 to 23 of 52, columns 0 to 33 of 34]
-7.14608322319095,-5.733919370391616,-5.154779094496574,-5.563066578599775,-5.34747922630813,-5.107645730913209,-5.519464407319021,-5.491020050830688,-5.525214201479257,-5.746871904319386,-6.770177809044503,-6.577332750812008,-6.465695672802861,-6.084045932723925,-6.287735394860314,-5.224679320995883,-3.3883127452983843,-2.6010036820816054,-3.459161540189882,-2.1616389557957203,-2.6255370349233904,-0.3643231682831249,-2.2372210530938617,0.32411970175714244,-2.8924147516153624,-2.038555444906424,-1.933313424085246,-1.575374469919968,-2.5480179070094846,-0.9199546422779767,-0.9474840302244962,-3.1850117481573808,-2.503435641312485,-2.296972030065341
-7.387310957390376,-6.132328697394,-5.863883628171957,-5.501780520127225,-5.807958485647755,-5.745612930827059,-6.0289306739810495,-6.103284602026551,-5.816067127456494,-5.350055456753748,-7.306642667623613,-7.363363874649654,-7.173841772488342,-7.362258158586429,-6.264362277455039,-5.2131906864220525,-4.219560320450589,-4.699822952283288,-5.8044798073412345,-4.051656576168861,-5.457274743248223,-4.686009869082882,-2.4427510881567462,-3.252563287099678,-2.827511555187052,-3.66153775485496,-2.662255860255316,-3.1385148954370896,-1.5011037053171903,-2.227677621347524,-0.954269610971927,-2.668121144731725,-2.472745940105834,-2.9609922165730853
-7.212341360253291,-6.989947397584604,-6.785292143000845,-6.6836299918438025,-6.404764900652722,-6.837170809167707,-6.618630566829068,-6.840561933589217,-7.053066721247695,-7.307392775938641,-7.102619065306639,-7.383720560332238,-6.939765090626018,-6.918454153341774,-5.442631678232672,-5.541540240390024,-6.692977771542852,-6.515732205994177,-6.240469391796436,-4.4288544558837675,-5.187927968030993,-1.97476403292282,-5.655125330057428,-2.873914024511945,-3.1090015535548505,-2.2830146499032447,-2.952536808787635,-2.6722879485848763,-2.6167266423864683,-2.776589107613717,-1.9757696404791092,-1.6353034892302445,-2.330505227211806,-3.1702042497500247
-8.64861380932474,-9.275317566325985,-8.718187182005162,-8.33685398111368,-7.6447492580549214,-7.642675592676616,-7.406753125348831,-8.250255414749253,-8.598746729789184,-8.211095722569496,-7.774703110915856,-7.402571461511601,-6.692334483038697,-5.9242766846710015,-6.92271639696942,-7.645479592595816,-4.422176929677106,-2.3403657879261353,-3.477004076648374,-3.795539049217266,-1.9514714926886718,-4.459462087582982,-2.623797497278669,-2.4464402644180767,-3.0316147470420005,-2.198013776916787,-3.1460038075930936,-4.1532274581647055,-2.9299478335465974,-4.048155671902444,-3.325693784578415,-2.5884586357086654,-2.3016901107852505,-2.805096241821223
-9.54805780011546,-10.0552952654442,-10.030597182881833,-8.948574711549101,-7.846209806137228,-8.13122624753287,-8.008437987042964,-8.059515005840328,-8.4924268775295,-8.901038202964179,-8.534479130028476,-7.991961306795827,-7.4451967525013885,-6.403433216565724,-8.043696746219258,-7.198355480726541,-5.868321496828462,-4.688739690356213,-3.7194977712115875,-4.7544672173541525,-1.8080602646602848,-3.777538350457541,-2.8742748173711457,-3.193229234571821,-3.4719335781259946,-3.8471107622630374,-3.689617387959849,-4.137285866433681,-4.189531284406988,-4.770083081588132,-3.1021794221973877,-3.1721603639343527,-2.4051199518906996,-2.4857993455943217
-8.149749584783798,-7.869836915039295,-8.116918671696517,-7.446799171361364,-6.434809151988306,-6.6210269605559535,-7.228006757644413,-8.426293364101433,-8.784382015817794,-8.90028656257255,-8.352361087303567,-8.084179601696263,-8.106694091115049,-7.081137948289728,-8.914458149403028,-8.469140085408466,-3.151585500767262,-2.8983871904326377,-5.359152585937741,-5.630313434964963,-6.16285972748518,-4.581955836745294,-4.2023761439019145,-5.2432560944285,-5.50293907123991,-3.2682230333294062,-4.194105156270352,-4.519186720926628,-5.457486265921922,-5.519104071599373,-4.612430540217141,-3.1816345301992244,-3.2374782501681216,-2.753353895317142
-4.088122330435348,-3.2219618322742054,-4.34891660406197,-3.6753131018039733,-5.0058806990884595,-3.839059072854097,-3.526263694083862,-3.695369737747824,-4.396683641296797,-4.887054184557051,-5.6131698935295296,-5.165242880212497,-3.9960176956285625,-7.266613547373917,-9.27288250707778,-3.8924034280209345,-1.28788475336242,-3.7784733353088544,-3.8429202542824568,-4.943983434283295,-6.407360264735504,-5.956858638690742,-3.806566997540097,-3.4589619062607957,-3.6138821290786427,-3.3154751026151135,-4.171279039418887,-5.356590766400671,-6.624366134877622,-6.187330460893844,-4.861744249186543,-4.799637679579271,-3.4547069518968727,-2.2515962127043174
-1.9458476640460787,-1.1056906057014482,-0.652075843109992,-1.1260331923257114,-1.288141594007013,-1.5136077334813314,-0.5366690175175696,-1.8413415251384768,-2.6129713397317884,-2.086868821967976,-3.551938519418339,-2.9931908800655016,-3.271777516181913,-5.337299463063743,-3.0079142693747616,-1.8731444330056088,-3.782262268441415,-1.0334279109637943,-1.1232471324284674,0.27202475623900507,-3.598405573477235,-2.962338069628162,-3.365054270631936,-3.225193003057143,-4.018227390424755,-3.3466594081243954,-3.2767496292399687,-4.650943732828934,-4.9459023311985355,-4.858539573550724,-7.393500374562793,-4.912399346161567,-3.718418059050505,-3.656179076951601
-1.557250831336365,-0.6720994418209851,-0.7518123393569186,-0.5911754224290547,-1.053427406330046,-1.247202616002845,-1.151749936241184,-1.7605647950250383,-2.5636211870715537,-2.2014457404398433,-1.2944187630881305,-6.492573969285555,-3.978332084756462,-3.2405105409751975,-0.5218599022582217,-2.039886861575398,-4.852094537897754,-0.0745128300195554,-1.8889349974626095,-0.3489254397035724,-1.7432868018576373,-2.7285399646612407,-1.0398477977345948,-2.1817956989995775,-2.850401569642538,-3.3301894006955948,-3.696656453673432,-5.069968135329266,-4.0943503562414305,-3.4935139862257962,-6.7740219805818045,-2.417847328023884,-4.293884883585105,-4.931357202353985
-1.8923841004566773,-1.405100402887113,-1.075801710737849,-1.1422958124660298,-1.9866397981737223,-2.0263420738000586,-2.609317149268491,-2.985238360818498,-2.0384182787679275,-4.621081001288864,-2.0635011375807633,-0.207694167226572,-2.977923456086608,-0.252072328173611,-0.39731359628154356,0.1598654231819778,-1.3148379235763537,-3.01655368637704,-3.1107755964633297,0.004019104911031212,-1.5133357349260939,-4.563072738435993,-3.063325896788012,-2.0699861420008085,-2.6244809344348976,-4.270391239002888,-4.178939653158,-4.530474642765196,-5.783429041588075,-5.473577493479569,-2.932072955092357,-3.9874616232708138,-5.147981586461335,-5.990359079514703
-2.01216560605695,-1.7199778422631504,-1.6169994662848721,-2.714719250466144,-2.767800622629066,-2.52728818775531,-1.1466453652592719,-0.060880954954448355,0.608747395332236,1.4298989588089237,-4.553384090546607,-2.0553087290790613,-0.6664703725748424,-0.6322452839113146,0.04924419727100834,-0.8127071318293998,-1.0199162104600503,-4.233148893284482,-1.3164178318550661,-1.6565934034577798,-4.01785935736834,-3.299331761099831,-4.2868692733420986,-1.85410087693699,-2.9210943650639947,-4.86500689864153,-3.0188452527229916,-6.491884818276355,-4.333092993440465,-5.139774999985316,-2.2105618479773153,-5.009344941874756,-5.242141413978778,-5.9208842458043
-1.3534661848458678,-1.694577430321915,-2.69027243496821,-2.5898102622041885,-2.5625107961538065,-0.5554013408868608,-0.5200590143368485,0.7896968461779361,1.0639329548102017,-2.2306645872538082,-3.48341184292834,-3.29534652690193,-2.635791442007788,-0.7594604689757393,0.1754859127585608,0.226111223986151,-0.5934140707313499,-0.4752179491879733,0.7081760052791731,-1.290804794470976,-1.9623839595850785,-1.7659493306612584,-2.5728128654523297,-2.4513588609868107,-3.3530336715249813,-4.939285521934297,-5.997720603018201,-6.0854877188569345,-5.067167148229562,-3.003887758726358,-5.1395416851760185,-4.994557842586268,-5.0181459839927385,-5.047882875758959
-1.4119630181557838,-1.4914909480416394,-2.7482986724533527,-2.504365809587505,-2.4242240302972657,-1.344743771999828,0.20078103952257595,-1.0287036319421816,-1.7912896267659926,-4.748521939158494,-4.390937302252673,-3.088202244048175,-1.7554916890404606,-0.4568352992111263,-0.3489591775630835,-0.6211315542544281,-1.2432106536102796,-2.817701310205055,-4.1511574942758385,-0.932482767964957,-1.0464377905453837,-3.914320581151798,-3.906429414932045,-3.0324761126589617,-2.764928478974597,-5.036602870556799,-4.973322987320277,-5.699048995407631,-4.151920296669156,-3.82376705031333,-4.6228876072697735,-4.9756345557142705,-4.7418150145595295,-4.3114094198482285
-3.1615447340072884,-2.700537663123081,-1.9203660521913066,-3.464608489890416,-3.330359733653809,-1.7373092530132677,-0.17725623856265493,0.24005911111058825,-3.638893520964503,-1.0850040290564233,-0.7654983319776768,-1.8138298171943192,-1.2880605636708706,-0.8311416922518162,-1.157138346085913,-0.8733980922160692,-1.4718690920528104,-3.863844752839191,-0.4136265933336445,-4.355659204163144,-1.888998260437696,-6.0840771256187045,-3.0426000035480087,-3.644648337526539,-3.133977001024048,-4.316344568048092,-4.6156053912217025,-4.103719280944464,-5.310354426488699,-4.800092934198687,-4.836169132799405,-4.576984840604401,-4.547875326404027,-4.267531098562798
-3.9312172685637248,-3.3479252154922987,-3.617466357879517,-2.8501354604052955,-3.6264090967023885,-2.038082463892053,-0.35964522137163346,-4.85423569680923,-1.5620309141141624,-1.6850081529252978,-1.989797781904878,-2.2438254833572477,-0.6646466509240838,-1.4563505256289537,-0.7286465493392014,-0.5605752132701849,0.5489675170918908,-1.9719388328224348,-3.416352437554271,-1.4218209382015308,-1.7927957242931019,-3.770184065731417,-4.273579865212383,-4.842584435695008,-4.391249622109101,-4.639069143899124,-4.705427263552928,-5.074114168901352,-4.46818626058166,-4.829677541448371,-5.094252544578596,-4.815785222673568,-4.295163033760923,-4.677770008110698
-3.240930758207664,-3.1886253888925857,-2.569492512341641,-2.0448098500437712,-1.6425855373405693,-6.256468673841436,-3.3541262971181576,0.6990918283468802,-0.9798001066084204,-2.8662763539355027,-4.999624123451034,-2.2540281008314174,-0.43721151544157094,-0.3129267733073528,0.08336021607511948,-0.12742146704990265,-0.25110417796050416,-1.1091963515037089,-4.182621362702981,-4.3103870070026336,-3.728450253837324,-2.4366847366175546,-1.3933107747686309,-4.317450790316283,-3.9576165259213214,-5.367944457116624,-5.082540933096065,-4.559624703107749,-3.999865306827498,-5.0271877657604005,-5.1717220316237595,-5.033992463264552,-4.458660157108519,-4.567004220087397
-2.74354547663379,-2.879923762665966,-2.667814083314289,-2.31578306125396,-1.0335047676867966,0.5990047649937694,-2.475324974255744,-3.2398805952259764,-0.9506466693352645,-0.6497236980435945,-1.9270058826383523,1.2325560115027587,0.8190757241372325,0.12027500873924905,0.06343892927460829,0.7991532598484112,-1.2047188766481254,-0.7033228071103313,-2.3344137937064815,-2.3475529984551917,-4.703012125758499,-3.757462154399804,-4.926016622858698,-1.2888994828271536,-5.256902105052296,-4.516456148313237,-4.822434844296201,-4.6761855137773365,-4.029009028671247,-4.667869500852949,-5.641913579438359,-5.174210891905819,-4.791138112616031,-4.187687145461151
-4.100563167764498,-3.34588000923108,-4.182624586739615,-5.229876240066309,-2.5874755189674667,-3.3126074609998084,-3.9925925014492383,-0.6997181308822921,-0.377466909402632,-2.710166282517899,-2.5252845963773485,2.0653231542398167,2.1143111414285825,1.7161667158511267,1.054615539533629,-0.15858120993829106,0.5237126113762837,-0.49299025099746063,-2.121060948451495,-4.258309590309927,-5.570658660817524,-2.718133482788343,-4.516905216131399,-3.8010604707406936,-2.6423594869355314,-4.47627103359076,-4.022331188658876,-2.973417660473066,-4.152884977598373,-4.157194542587277,-5.009044586809669,-5.5066585023123125,-4.970108422518875,-4.495788095720937
-5.0207243042497645,-4.130583390395437,-3.7370876279968854,-3.138773687225035,-2.262136647043616,-0.31838440774002785,-0.4002619346580437,-3.068785062166374,-8.38104368201977,-0.006795776593875548,2.2229668935182216,2.2152468459369525,0.658114117886808,1.5573329560248608,-0.0589394926305149,-0.04880377225829346,0.5020865943403708,-1.461755507176184,-1.047963988913374,-3.357730455753982,-3.0008792613726625,-2.7205061189332613,-4.014039444174793,-3.9444276632336694,-2.7893724095374677,-3.021486445431,-5.280840235182735,-3.421374244150488,-4.642950779957935,-3.4502556055225795,-3.737284864295476,-4.8963786949027295,-4.991568557014726,-4.764588662448121
-5.982999968171543,-6.045168879170538,-4.904718750201769,-4.636625474419828,-3.5753684595529958,-4.676874031875668,-2.3719772778466415,-0.3747100298841257,1.937576056240796,-0.5816599783754887,1.0668142545706538,1.2866774227057423,0.1452716438203268,2.1547067867167193,-0.6818195164354487,0.42518405731539266,0.6385651133827476,-0.5309961861912906,-1.8940117950341768,-1.6356665477275425,-2.1189129016611346,-2.94257445803056,-3.2958236675535946,-3.060068389998908,-3.907560916593572,-3.73297260241593,-3.016678705165757,-3.5903315936763884,-3.4548728436407554,-3.5579835043010006,-3.1999272368405576,-3.2909178121463527,-3.9224340389389716,-3.607220527464667
-5.748939577414249,-5.6950964733963305,-5.458704717988622,-4.439918456986333,-3.1030314922490305,-1.9036858607495226,0.24073580886645635,-0.5320556791377448,1.4052110079067373,-1.1192264209958547,0.20029293376300625,0.9112216493450631,2.1712219440859726,0.5906076049812007,-1.2637345264923825,-0.364076949889438,-1.5535874888081072,-0.5065480692321939,-0.8389500420346151,-1.395369813539683,-3.238791386520262,-2.9418087694116477,-3.630430130571925,-4.243078415619905,-4.063480759424666,-3.185853716327974,-5.032118175973521,-3.5770904692610865,-3.305287445511046,-2.8600088812015922,-2.801126346342119,-2.136519935089563,-2.7214948415461513,-2.7096072116129735
-5.148001741025068,-5.671799500718065,-5.947634403042859,-4.814759661821533,-3.863003227167452,-5.6930934072648105,-6.062937253419525,-2.1555095934280084,-4.403475247392616,-3.530586645521588,-0.6371686237661556,-0.2127186688802226,0.36169663977636346,-0.23676774944228585,0.7199583111186404,-1.5894680433496713,-1.576484788094973,-0.667759406847644,-2.3613907621089574,-2.667357403030077,-3.918056971775174,-2.853893342747934,-3.9677360889863356,-4.471459023770645,-3.754121357845702,-3.178732804181685,-4.493129170663053,-3.4551560900198655,-3.0216651709686335,-3.0395562012581308,-2.5128096820893684,-2.286033989672849,-2.3742453524461347,-2.603633662009598
-8.75928283978746,-6.10939400275155,-5.431063352164565,-4.765148192168855,-3.8344440740080525,-7.551489051225492,-5.254509739984316,-4.652008259710186,-6.527936424023838,-4.403805377917613,-0.4395150688901094,-2.1338842262567703,-0.6469613734659216,-1.4493322120695107,-1.4614178872988206,-1.7763956916972605,-2.6207063458504685,-1.7982340934274932,-2.554999800874154,-2.5085406075209598,-3.41834109352963,-3.5838693155702277,-3.5461910244869137,-3.479368493469077,-4.569845591635055,-2.9470502556329246,-4.025010292581208,-2.8680856925762304,-2.5109185171012114,-2.1305837140238193,-2.112384629287325,-1.9863002131699228,-2.1033271253458414,-2.2361632149190265
-10.520980130681604,-8.234031769644725,-5.723055313880964,-4.346606233893941,-5.323651125250491,-4.970180403280856,-5.530215292113813,-7.062258778263831,-6.968915345574687,-2.074302326219575,-1.116853593887913,-0.3257821458290396,-1.4950515513128013,-3.16054327153656,-5.025945596155887,-2.509060553877852,-2.897145198186348,-4.075283233894649,-3.063612195275282,-3.5954956605916646,-3.1626920637614555,-4.011091480733045,-3.002691853504197,-3.3210679813388992,-4.882729265635683,-3.340099112218344,-1.9849156189018624,-1.0921105007740912,-2.041066952178646,-1.853916790270329,-1.4260528119276055,-2.341911761067669,-2.202803106354808,1.4637139107886272
