script/wind10m.json
{"header": {"parameterCategory": 2, "parameterNumber": 3, "lo1": 3.000054539987559, "la1": 64.9999836372058, "dx": 0.5, "dy": 0.25, "nx": 34, "ny": 52, "refTime": "2026-03-03T07:00:00.000Z"}, "data":
[rows 0 to 24 of 52, columns 0 to 33 of 34]
7.534120379216977,8.003806074739412,7.292544044121391,6.736402043822829,6.4595493558875,5.489669387876972,4.210378637542926,2.444936916511762,4.385149457811918,5.403689291719613,10.991376229394907,13.877451555590577,12.063538399391284,12.485490844203031,12.070205161850986,10.281312294247517,6.570561380472044,8.134900886876888,2.5355059070455224,9.52253328471241,0.531083960926653,0.563107296048221,-0.6619999995164734,2.798069441336119,0.10768438681625506,-0.23581475127683205,0.9420454890633361,2.1372789237252108,1.6285579864765105,0.8432278836419003,1.5812396270313973,0.632230692075525,1.7083100178365973,-0.92914435827741
6.62145466733304,7.1607217833747665,6.50231483307933,5.999476950877279,5.817518250734323,4.764270996873086,3.1500980513417405,3.256403004846622,3.722468024978853,4.541898838104272,1.2041114649206406,14.031439301755738,13.9310400298912,13.151932170112422,12.237779235671004,10.651962393475374,6.908076778464466,5.251899329913888,6.321774634443887,5.499832334727115,2.0415497389613972,1.3894044705828776,-0.29558235586280224,0.9270344979747964,0.4190795360467166,-0.26679078533463363,0.896025242440779,0.39154540060911636,2.3121093954802996,2.984536808972599,1.0395372112429402,1.5819079059098964,1.0890196034905906,2.2280338676345375
5.9213632582275135,6.290913647168755,5.320385744033844,5.303906768007168,5.210483401820022,3.9717976152224246,2.476769605336393,4.352397522430713,5.374622986218955,5.617226173721117,4.851239927628557,8.390425890478411,13.159409429174644,12.461263942849204,11.715587967402792,10.511583916251341,4.32560658450375,2.547373784552929,-1.7879655856531118,3.781129741805153,2.0152998608435957,2.200020932877456,-0.2863124572105903,1.5150764103471035,1.667408802194011,0.4097240258849355,0.9714977997145661,2.3293063838688637,1.9295146776490446,2.383932518398099,3.0532959070612797,2.182182359504205,1.6905982747818054,3.027753743959608
5.244069092192979,5.229519961209833,4.5340050124697875,5.015249148313526,4.142333480024731,3.1885838310047374,2.7182030694197437,9.160835142200362,5.907619498413146,5.502935719809098,9.093201084192788,9.732213433245311,9.776434206421209,15.097916114461542,10.699413848245074,6.221241878602459,-0.15040842316859737,3.7139281800015462,4.003446929511028,0.16357152370584502,5.981040818648919,1.8671841021911109,0.9522487413361546,0.9844572247223015,0.1346575524581641,0.5465270208742194,2.1829558880470175,2.688656855022036,1.7254072556001046,1.5878645634159334,0.8313173648171782,2.717428015000153,2.0242805572213,2.176486155400512
5.062643775455111,3.939841600808816,4.253568759017437,4.319398759047137,3.454810012683813,3.4337361002447415,5.050937211122575,5.094295268871357,8.916889355013128,7.829708493225272,7.042723964912065,8.151428841051521,9.290116163251977,11.897191244641403,4.963858520666002,7.609922185728515,4.949887193956861,0.29123945200740975,-0.9694717202964255,5.200319987718697,5.520154517372735,4.3399227700999985,-0.4644454837188879,1.7418469824063763,0.9609424143348391,2.0420274403926877,1.4307129300932016,1.9381461136198992,2.307762284429727,2.578049498866729,1.366937543247153,3.1682832087852524,2.4645180715678303,2.3232519092533317
3.75998668607215,3.2701967810936856,3.5579683817100918,3.6343458393613295,2.852998784974102,2.3582356834975307,4.387983211367497,7.3105264151098455,8.634024445296367,8.570720754500432,6.977571462376637,8.053399433100767,8.148907315462091,6.724439288434204,4.569623334549589,2.830387063666415,1.8512366886109062,4.498920264283743,3.4042330875515487,3.674764938671788,1.055548136210569,0.5980257459848762,2.3798545463925858,1.70713705930121,-0.7207246701227434,1.14026052657129,1.2970003495180455,1.8055091927351732,1.8741292413523216,1.782389952867273,2.381395171458413,2.2217332659998625,2.2471725470979838,2.5577106224579635
2.5774919804289245,2.5315003632027087,2.5747875151603616,2.0025803558746085,2.202733836304998,6.207017512156186,5.621130417041299,6.538942123018712,6.863211354426713,11.424703322879623,11.684148934768087,8.059225067837952,6.2342728315846445,3.0006251962940986,1.7596746751200336,-0.3305320440830229,1.049507348708955,6.0922964468010345,6.274917770220332,4.721694298305443,3.5076033324000533,-0.07430818652502433,0.3925873460456625,1.8609919893770621,2.48576164263935,2.6585328135711244,3.308851470646081,1.8969698545892768,2.782818194052514,3.4356129951503904,1.4110385930354283,3.410267145035474,2.9898031556218405,6.552312193137028
1.4952315983240243,1.723872089134705,1.8344200902968297,1.1151061271383997,1.0019834907943612,6.075702448912538,7.051424755929456,10.681433715062461,12.25902436811551,13.012517263715486,10.470214263739674,3.683069478649175,3.9643588972581196,0.9093439045081831,2.077236945102179,3.8041202489233443,-2.5613497880621323,5.171338530767917,7.164451406017812,6.065854684748168,1.2564146064578383,2.3811694650499526,2.069040614102718,3.5940465562889607,2.3197237902982004,1.1498109765282543,1.9626221328376454,3.218256801054672,0.9558826674200291,1.7047692641443684,3.39492338444461,2.8453244090469436,4.689972955382475,11.07141332299152
0.7317680510780703,0.9628587585346339,-0.4778651623220665,-0.018618738506275583,3.2960061137853973,3.213352847080442,11.297888799141258,10.569543277499122,12.674452447542482,4.4810489319398865,5.92142281367137,1.560061114916303,1.7557629181965706,2.019884573836187,7.242288901656355,2.1873121082505227,4.391281132547535,9.85205743406275,5.8698973868008535,6.456694321795345,9.395350475773766,5.70993025961229,3.30117675875715,2.930280030690737,2.2263500862005734,2.193847208318188,2.6199506171825373,0.24381554250203738,1.5583055478339256,0.5819967973452574,2.297656664764008,5.951603015011372,11.484502621623358,11.188292419605848
-0.46364331721852914,-0.06244356394853265,-0.6175230540874219,3.0217476989597563,1.780197166750415,10.63216238521527,11.85242170435195,8.020856623980459,4.303305602806939,2.337566221182596,0.9771287661360144,2.5072786723666445,-1.0612772893775362,3.2862120960891166,3.8840652464422303,12.585752000430691,6.278615335763035,4.570322031739562,3.8114457656173752,2.6470108369819783,7.106292148377919,2.636774741825884,2.109921551307841,2.788740310928471,2.3333692389656076,3.168995956657446,3.814901569230785,2.7297183697007332,1.9725494759538686,0.08309970564852244,3.300806231687713,11.356167275584852,11.932363570649954,11.87722490188044
0.4763623183657102,-0.3886508453025069,-2.748528997001803,4.540485088370145,9.916475837475287,9.039495006330537,8.300617756114809,5.666212792030574,4.5558496018217465,2.440185112091387,1.9462163783666062,1.856727071655909,4.205407300631944,5.494398287680383,7.083027970068521,4.10733666712973,4.3348361389519185,3.49189220237145,4.719944323787811,4.050645420017414,3.220195430785948,1.8621243497411513,3.937945256829114,3.1909926323393947,3.60083976844646,2.2327743592836713,0.3695436614915982,2.194450997334948,1.961429571671415,1.8773237648537817,11.034054389163073,12.099193711350043,12.832716063492503,12.274084804280955
-1.5058365947846404,0.3201766309236249,-1.1946384575708864,2.5414064829901912,9.415703537719315,7.542490616304752,8.21279555690461,5.220617006088364,6.597969745503899,7.236331680713084,2.277036063966791,2.0934498582592456,6.417241475302017,4.014487281956664,5.018637069692692,2.14369255382616,5.439012629404953,7.52157676637105,8.547743683874394,6.061222897309387,5.121419334818333,1.1067234001881392,3.175216048426073,4.3674246536843,2.6195505400324457,1.593880693112324,3.1546680094910595,3.148134931879451,2.8683268202088765,2.5916811026625135,12.37069539779621,12.485687368197604,13.093770610785834,12.504968068758188
-0.2730377428169319,4.026399849466035,4.716911220156304,6.349702627003986,6.353573646495846,0.7798412444748121,4.8786879436570425,3.165559569925016,5.759140083300305,1.9280530286310922,0.5528409395939512,4.544412829268982,4.680573405504124,11.163506833727666,7.8553983898015485,11.568342310425493,4.367742884155075,5.242392750673504,3.691287955649493,3.0261409582210046,3.7997865178085686,3.7997682250463267,3.0883393658554943,1.8165572764821412,2.874841366151429,2.1874271816339212,2.7389923235491076,2.5547376224793537,1.739974321189268,7.635177988556922,12.69903533034034,12.745696328783398,12.025706101564174,11.885065026726231
2.2794830437887135,3.4038860147644963,4.275974434071449,6.463901094284085,6.626228459413658,7.220099879951698,10.64960375237453,3.9665239013759157,9.373120715503134,8.199675496653127,6.451291521695138,3.482626056487741,1.866913150951394,1.4865669624984843,7.299318540950885,6.076481972698795,6.551724505689472,4.5435816060152305,5.136574855518461,3.9972968890706126,3.4528931075926774,8.065366742159775,3.2174230758833753,4.214126036195988,2.698865840163978,3.5836554603836426,2.9845974138800777,2.861330732380408,1.929842732197493,6.1289962303315395,12.267363207370996,13.180040520065766,12.895007656691767,13.016107057236805
1.7200903327487373,2.346252260745355,6.425065177000614,7.954915748469894,7.721398595850444,2.8265149428575502,2.1961816603382016,2.7109669654884363,5.240642151191245,3.9889790304446846,2.9899379672192246,1.2342407227053447,5.171881833343861,5.364467066775611,5.7605436279585795,5.9069592740612356,2.5492495194477542,3.713628823951899,3.040915028654168,3.183277298051997,2.9117267190365004,1.542699721141476,2.918587686786684,3.186734617266406,3.0548673656020346,2.930964505777835,2.107145827012256,2.9999567303983343,2.337416126465622,9.464818911043423,10.635829567479602,11.357834045654185,12.268284145664095,13.268473258172884
1.8651365020438526,1.8511374050772598,5.6196614696551,6.441981426473732,4.304127991805573,2.2780482331420817,2.121258755074132,2.2583480733310584,0.2003727130044716,3.0537673180355935,-2.0765553482278754,2.324215878765754,4.177831763556688,3.9404801103854616,2.016564342530062,4.090032328968593,5.761062969258382,2.354082639115601,2.882947210317053,2.6115930069270696,5.173123841764221,4.08536133812985,1.359295982419781,2.876311544022984,3.087313769889417,2.4210186546830794,3.3637849743813897,2.736392389695759,2.7751309047461037,8.676255933151877,9.884717788938366,10.179328087505453,12.086559083170034,12.79983085127232
4.116125993952091,3.2330664196706107,5.11697391546715,6.42137334081025,3.880822456600381,3.531490492582403,5.331936767936073,4.467060232308839,3.3973864759996197,3.891341590093905,3.312740576402227,3.580370277306236,3.6461961210508775,1.1562588915913778,-0.41663067510554075,1.3732051899428852,2.81902372373499,2.4814218049265033,4.3708365989309295,3.3034958885263688,3.1764674966867115,4.82781253287628,2.871502705966096,3.0949844926031154,3.678031522893942,2.8605465410260766,3.509176872523904,2.549943563735505,3.6894710973650353,8.312900729563484,8.83646997560004,10.51621675839051,11.106282465484181,11.38619188901901
1.4569546923658356,5.591454681974267,5.4940257989386625,4.811748586417264,3.599682496692385,1.7733740842848411,3.796316243146445,2.080603225599865,8.175081785003073,2.023005343704146,0.17841406230890622,1.1167857838852433,2.6883356828175775,2.851238766341292,3.659993800853148,3.3496867955055087,5.48202842338138,3.979494375700978,4.672205688914313,2.648192098523557,2.6001859878129117,2.3238137901772253,3.4757420681747404,4.081004399493243,2.9210865168331424,2.2563297472201818,2.506636951520854,2.8171287517891144,3.5063933990854115,7.407185024913504,7.676186870961123,9.19387234314788,10.444056572346835,11.717174077831016
2.754092402477478,3.6752079439690957,2.605852165669664,4.12993143576745,4.215081829266674,2.1896630271397917,4.124044780322732,1.790466023727816,-0.8390450887920026,-0.9257756181376107,0.12606337031843953,0.13436629149514376,3.249016418141359,5.017341322612932,0.3897004156471783,2.5133685613526264,2.016050258671563,2.576573654480136,3.6201961218758427,3.05367873237336,2.3976887345164717,4.301217576008215,3.0070204203498982,3.038122545243949,3.3973014660433196,2.560282828997296,2.45139810529582,3.468752929661615,3.2114387709141945,3.484125077093318,4.57835424287546,6.345195503878692,9.930488664778435,11.40845971422205
2.306627961531586,3.368540767143053,4.150647908147199,3.6285917232109575,2.632237080297412,1.1414743748135017,2.297221759605754,1.9659931609097057,2.8840864261466734,2.456768790279418,0.6440578873652365,1.2529464558401444,0.422851226681766,4.686579669893281,1.134388972227417,4.179784543736178,1.5645957205368661,2.405780744018052,2.5862980258066757,2.7149515588382824,1.9577881537637845,2.526953928006408,3.7389902667799824,3.360447987205945,2.968162072398997,2.6841427956178685,3.058628399488356,2.936797535722427,3.2632476162366673,2.938228490838478,2.9728449356383266,3.1847004990086547,9.005530496197949,5.485770018215993
2.6134189214125856,3.486202220431739,2.2603202414358448,3.629662098202495,4.993171758577357,1.06458304585289,2.902254445188585,2.323143652070625,2.1681212074965606,-0.8196933508444016,1.4706083024152163,3.1686369192720374,3.0032487292686296,3.319075657718674,-0.10376750913644325,2.171170448820985,2.9959535798440005,2.773023016906812,3.1102340886928332,3.0121981588205187,2.3902752831192724,2.4382439978128163,3.1978687671650214,3.501810943223836,3.419227490538818,3.0448403173642395,2.6713931303710976,3.3625979556994605,2.936468948305183,3.853189284194812,3.5664201314674586,2.985296964977621,6.519298885992583,10.014468048829887
3.321412215693618,3.1878311984831043,1.9233786099836683,2.6298464899600966,3.3472201212290504,2.8017854263235265,0.4240953953746017,1.0710554363496656,0.6213225816353086,-0.5009606359976256,0.5671398965486898,2.6707149713999345,1.024358239876852,3.054794717678,-1.5658422096891293,2.556786275582438,2.1426388913792325,3.5592980918884094,3.035874586691391,1.9236982390353405,2.1085928731067534,3.7615903172994245,2.9789097005967657,3.1108170866858904,2.581768986667892,1.8898203850194677,2.949327464644385,3.0275515163814326,3.211636219035829,3.7110848523539994,2.702370044485703,3.0994658259264067,3.5730909433669322,10.654512584190353
1.6644084114120055,2.102542699159684,1.7137321784753614,2.06913420634945,2.405513530649337,1.0538966342075449,-1.042585524947182,1.0272698750325182,1.3740387064654498,-0.5221886133066818,0.555369504620343,1.6473367968504729,3.387928337886255,3.367645526958787,0.1676380245085956,6.696565545417235,3.4155100345562524,3.645587204808795,3.264532390325596,3.0129509559615295,2.525521722621669,3.2661963972031542,3.2731480759129417,2.8428086863242448,2.7868139709175015,2.3276404925203042,3.0652826963946413,4.411694178146362,3.9309239836120415,3.6531288575694614,3.442035515290042,3.316912009049201,7.935063876525441,9.91822659162327
1.6904443253839019,2.31800231102973,2.623012086685528,0.9232471609630916,1.291333804868174,0.6591235371927189,0.11030658810007414,-1.0848168938772134,-2.1684191368904697,-2.724267211927785,1.3604776088360058,3.473974523203794,3.451467400205517,1.3804929460731288,2.433942727412471,5.318875827996314,4.38415631694689,3.411067791827959,2.5871315436128794,2.8616462275417205,3.2674078048408997,4.818838765782306,7.433402294285253,3.2040288539495463,2.590165383469546,2.720464276992663,5.193058713255404,3.913134878040568,3.261510841371256,4.209793908582323,3.6308161994709276,3.461918782397249,8.697244305611937,9.790818902864965
-0.2570633829997342,-2.083415960112694,1.9422773624074177,0.7364807195462931,-0.17694937818426748,1.04364794696193,0.2184275517300324,-3.988419976299037,-4.303013258614246,-0.7711794124183775,1.7174797172937528,-0.3610991011555315,1.6742835211692684,2.6547278472613223,3.3088879514896923,8.485441480639478,7.625479442366944,3.3682343103353003,2.8020543750307456,2.8741016299232496,9.223447744315774,8.819448651422217,4.231075852733453,2.803255253528668,3.5348795290270925,3.5583114542195644,3.9347843573165466,2.4752841789511315,2.750613925860548,3.206856849723669,3.3984546743516053,7.976485756812484,9.68840078593481,9.934346302911232
