script/wind10m.json
{"header": {"parameterCategory": 2, "parameterNumber": 3, "lo1": 6.000027932988019, "la1": 58.9999434238085, "dx": 0.5, "dy": 0.25, "nx": 22, "ny": 24, "refTime": "2024-07-08T10:00:00.000Z"}, "data":
[rows 0 to 23 of 24, columns 0 to 21 of 22]
0.040842950828869,1.4613575528264118,0.7887327787575582,0.06945905953531673,1.3339527214787448,1.730053503815983,1.6233150930413025,2.2153968636094086,2.7195451934843593,4.68106636613907,4.951697220978445,1.7593248978663167,1.3185354189091523,1.9427515626380742,5.380318994789886,3.815885544277273,0.9781331823355559,1.2414158574357625,3.1025067992802877,2.3330682292470803,2.1771878649864975,2.935776734833638
1.5451278104166468,1.188902746203706,0.5936508592488567,1.5748156231056851,1.1635886721083957,0.9253383040526396,2.067189504348295,3.233242235412961,2.678295192977245,4.733431771697824,5.316114857497643,1.8977438428347677,2.2391401562368594,2.208908398239042,3.3398538638550845,4.155647859551729,4.2421666386583645,2.401960529699633,1.618745886974395,1.884145874245278,2.326417675003369,2.095763479681771
0.27402155060972944,-0.2263102216047883,0.981900407578197,0.6438497113076967,0.8970091321475631,1.6192464262176929,2.628996074235128,0.1745946328942942,3.5076863798192943,4.367177185728295,5.31480922039252,2.153859775441323,1.5348398697066123,3.49673811007994,1.6469446683211335,2.9671818120884224,3.2852310078799007,6.123652622725278,1.8870668124189605,1.8852466781511188,2.859562429055287,3.191965374250473
-0.32184963463074856,1.0735572242126572,0.40096631650010184,1.2580027486505085,0.6354779435825556,1.2654978205115421,2.7639059695023356,1.7983711609213748,3.2111786092597967,4.381382373487919,5.440128407875932,2.8440973295437355,1.8509044675472202,3.0115829585691585,3.313609779663854,1.3753734011143106,1.785124514267752,4.064677476492184,1.9909448669266119,2.5729306515590795,1.4536408766892464,2.289323714607024
-1.5334944738502918,-0.571530839155844,0.4054838841314789,1.453282161857326,0.7812588904125136,-0.9101527745204496,1.896584568080703,0.21910953541172232,2.885661272609312,3.9522024237530284,4.835837081943829,4.910739084398771,2.024452341875301,1.3200395713667143,0.32559578853126325,3.212913183854838,1.8882661822382432,2.5344366515706738,2.1610816526545973,1.5982154534305564,2.1085845392662264,1.962046450779849
-1.998288299337041,-2.5517400493716313,-1.4545279785311407,-0.2490708681114585,3.976324510955061,3.378280462798825,0.5408830309456832,2.7405389631237806,3.473333504753526,1.5059972442101477,7.769427155959369,7.3623329184121,3.948670241376789,1.9112236155182392,2.6362081108054127,3.3380997740261344,3.3361087472857323,2.3895106107181823,2.5614994350859748,2.2349154796559842,0.910769318190188,0.9908390223980876
-2.3345435337140996,-2.9289558506528417,-1.244609410636157,3.1602689934870587,3.80214027755145,1.5753114201073717,-0.7628102492918275,2.0384528259890478,1.5528940259187427,2.981299092524321,8.164001417307116,7.683839899561841,3.117835492795349,3.271271450305557,2.4439707934185977,2.391765373583727,2.443553324750744,2.6794668167621736,2.1611039575011985,2.1905411304421185,2.0060223134528723,1.1452990967904697
-1.9509878155879372,-1.9480809356305986,0.8226731257138307,2.470234198824567,1.8281723537431993,-1.2553779301747425,0.5134078216746045,3.3890261651541076,2.7627768902278826,3.778206327289641,4.9309901498320485,8.2469215925134,7.451973970529762,3.808044902847729,3.0885918981102773,2.821568547812918,2.8997719045686816,2.32485583130973,1.773474292417336,2.0862534520324734,1.8271199160213707,-0.44863706349392435
-2.989228506323492,1.54711408486385,2.931976907271426,2.734795300279272,0.9930404620592159,-0.6650561260928163,2.6411498897368944,3.532695938124494,3.5106161462718686,7.549441724135712,9.471503642716073,7.773792842154154,7.836145889986918,2.339623549990542,2.445922729984134,2.032367165656427,3.967666235893049,2.2771146307605923,2.177037862025809,1.7946302831259628,2.271759459578167,-0.04754692944652009
-1.9548921899879703,1.4121072180751097,1.3579659966080209,0.20829485566050446,-0.515237218646685,-1.503695899217168,0.9972434391190655,1.4952208458881606,4.7439133749688684,8.386513565373697,8.084226383441802,8.638284823020076,8.199864992610259,7.685427432745598,2.1534676663461743,1.5053990311504915,1.432120829839056,1.8109125539247863,1.3532043446701396,1.7667278113191314,1.646630717047698,4.102965640475901
-0.7571440674727307,0.9985283441847571,-1.7195121880600013,-1.60005356047289,-0.9050304116281089,-1.4385726393024434,2.2135843232994583,4.463245996303877,4.719259974588662,5.263553821237735,9.034251595042194,8.731172049023067,4.563424511073412,3.6157833848991783,1.43005847698725,0.9635929894597454,0.8362631888206542,0.8612504608251851,1.2870705610956101,2.260227869473957,0.9504960609964781,3.7186776654940994
0.2513532472382994,0.44206620885204034,-0.956960971517029,-0.8117613909489937,-0.2587458033498554,1.2270907660666348,4.6603223876937205,5.377483342415059,4.488309531946531,5.774449952647338,7.910308550723156,6.95359082150172,4.444614764041852,1.866680365413757,0.8755650446839289,1.1999014647924038,0.22713976867924077,0.0020578581123962126,1.539671271315378,2.1369120678410534,2.276141205675679,5.456795178868596
0.20426969288991195,0.38677185044167395,-0.7351508685228076,-1.120905601920002,-1.9669999865209402,1.3860365031002784,2.1524999903093183,3.193230157414903,4.860211483995741,7.548519212566383,7.68593764186057,7.33529368217763,3.4968711260412118,2.95990293442544,2.416918931324624,0.9991792665793179,0.8993329260581988,2.8865466153099963,3.054623426677303,3.9691334117376686,4.014983212196281,5.74662128417569
0.01722678307741833,-0.5611096863102585,-0.6756083898797535,-0.170882794010767,0.1963553948256268,2.5855979240701275,3.0474361202935025,2.9264015093029228,4.89305280790737,6.034330018935016,6.783598438545209,5.076947512660082,4.46487266452763,3.4556558867317233,2.2002553435098067,1.4229500982970773,1.7259955014349133,4.964434283801173,5.295485030601445,3.3220823181695165,4.0157601339212095,5.329799246512855
0.6097306141919441,0.2769584940631724,0.3747591768524929,0.3606614148901296,1.430627714950754,2.58675930237655,2.760005255027936,2.2237497188618787,3.9645029365140445,4.87252168303951,7.605345137957174,4.126922382771439,3.6822633866472083,3.2619936685047475,2.2776041542251413,2.656267563564153,3.5011436940865264,4.556411967825274,2.462848581138854,4.068956623028821,4.0337628559961285,4.477799769640365
1.5097600558514332,1.2455260001898256,0.7872476924959569,1.7984653303752574,1.9250535006405323,2.3761337672075764,1.5734240559176838,3.400975073815549,3.835123215376589,3.4510811424702084,7.4623515903907105,3.264847404101941,3.0968043815292794,3.659955455077461,3.9734488081200734,3.1457290113389527,2.5926016536583547,3.500336966875815,1.8472375243785433,4.531854016748729,4.115256986763883,3.5311618009486616
1.9823497523303,1.808375259946695,1.534497917529416,1.4598482852489367,1.9617937857311223,2.592068779096582,1.9484255735311442,2.4760266462646676,4.167955824931431,2.9814311330635537,5.338152246135605,4.058962352537578,3.407690552867099,2.7445918634009363,2.840306767047587,2.318069896785066,2.6586316344725702,3.651326482714213,2.6375240139331226,3.218108404712884,4.00696221589905,1.6822522063417529
2.620052244203837,2.868299465405192,3.0234538771404265,2.7318797904763605,2.4956270136720464,1.4110987719631074,1.5801646076469653,3.184347461432355,3.961281709970282,3.7075088145788375,1.8769455103080666,3.012248792123704,3.760915695157479,2.4591328069451763,-0.3465623721876605,1.0111362188061785,4.101640017673928,3.4704114443348653,3.75617431214404,2.2126659919146996,2.0200611251243834,0.8649693502492264
2.5598663875486514,2.760728904856134,2.579499622883821,2.256167472179996,1.5658385190313289,2.6780503681556636,1.860983853097514,2.4784948579816852,1.8920995932949516,1.059620445393544,1.6642584034818393,5.14707143691076,3.757108594429639,1.7465161173397876,-0.07555611201627041,-1.5342654911102873,2.798948288229676,2.8595418372286665,0.8469776638065878,1.12212772821717,0.43669470952509665,0.4342202431812768
2.1297432214274647,2.6022616368414466,2.186648370074716,1.716096279537134,1.7187663985355899,3.596798445620387,1.969802545515091,1.7703101391248868,1.564985670181953,2.1124627171184907,3.4148663903617544,4.9913761977963365,2.9934730164844883,1.2397017043334078,-0.6330344829963234,-1.2233892167001408,1.47836918479521,1.9405762225221699,-1.3216832647857109,-2.180507668181884,3.3367624205863047,1.5756773783965488
2.8117215268678786,2.3306102012533927,3.5403303663286616,3.011017427066036,2.9289660591981415,3.040054608309714,1.342770332865412,2.105946803545435,1.8589516048220063,2.208945961671843,2.7837247990316722,3.4613966316884195,3.0038852274393224,1.4197108200003075,-0.49942100519522015,1.791274518896098,1.963680677009043,1.0164641162535653,2.22149898210007,3.1072402126357117,1.3772344001240429,1.2939154569099582
2.4339570345334858,2.779423200470178,2.9719406210409045,1.291211116101913,-0.8450430563494776,3.5503827408292694,2.1587237831592074,2.0777053988003793,1.5639394532871975,1.7294650842901231,2.9805516662430556,3.0743718548286902,1.9215930134609678,1.7404330603403544,1.9975208799688722,1.2694912815996267,1.3406093106806745,3.6286552464779755,2.232759938090695,2.4269553705818203,1.5709549075935916,0.7293936342127585
2.5468387019797865,3.059290761618114,1.739530903565568,2.2206627437665127,2.26824854200547,1.8041045738353239,1.553408182732932,1.6851730249398642,2.2221892074470637,2.078203832361556,1.964490864880647,1.860502508398857,2.232818747575269,1.6004115824088434,1.5758723310030895,1.3960637094285346,1.4790937840029286,1.3011066639161557,2.903757398749821,2.239865342159133,2.0364880540972674,1.1277630246798147
2.8271608819246943,2.415873817036166,2.4591436914009845,1.510610195075875,1.4706429648266388,1.9526513011865831,1.484975347132551,1.9360600837198343,1.7965543419817147,1.7728232672666286,1.1731345513863058,1.1747440611617805,2.0970559950974432,1.3621302453534248,1.4189006021784274,1.7038333529852079,2.067765146506063,1.9397359542276418,1.7544776276334986,2.839437041413384,1.5661340160437873,3.3158376035648187
