script/wind100m.json
{"header": {"parameterCategory": 2, "parameterNumber": 2, "lo1": 6.000198445256149, "la1": 58.999992894266676, "dx": 0.5, "dy": 0.25, "nx": 22, "ny": 24, "refTime": "2024-05-01T08:00:00.000Z"}, "data":
[rows 0 to 23 of 24, columns 0 to 21 of 22]
-18.355045392442452,-8.671134998421191,-7.160657264942254,-10.224112677092322,-10.764243736276727,-9.051263231742437,-13.34039483630372,-6.269951630848039,-5.700662029688238,-8.684070616336324,-9.250716222492668,-11.504459664260507,-6.111635629552644,-7.353704047142141,-7.524954349334466,-6.500241870355164,-7.093044113993349,-7.7563490737694485,-6.725572701948096,-3.495775622848633,-14.441215097852362,-5.732303731167486
-14.22177832972615,-6.713074364607131,-5.325352033324458,-8.506306340411063,-6.473327158556828,-7.7754496558731985,-9.534583710443334,-8.560908072416884,-11.121429416496124,-15.044185185835445,-5.280228462658288,-7.679356030501442,-10.508670799621987,-7.110111502743894,-11.473653387261399,-7.012444150045802,-4.8503752850746364,-2.5142713472484424,-16.160364340658116,-7.541438939802402,-20.594331001261622,-8.214906141086386
-6.004079789102438,-12.587286627679251,-11.11490800795437,-7.044662230303162,-7.315214032993127,-18.47181267097945,-5.426333481619542,-10.243385465237576,-3.0181590075320113,-5.704054423650944,-8.448805049075146,-14.261845195971993,-6.402235164714866,-7.002261643662638,-5.838878299292932,-7.019636171243155,-8.830910509387058,-9.576602255056033,-5.3530490721558115,-7.1081473546490646,-8.626823224110218,-8.551171128076946
-14.06661218771395,-11.462876587081398,-7.991767099915102,-3.5560538910282675,-10.264985405731888,-15.157150898214027,-7.903188582072708,-14.876718337642838,-12.498079455393043,-19.632992498817874,-20.380063797341624,-5.533913865473873,-10.883292125172668,-9.771686289104679,-6.625820678211269,-6.9665313385702134,-5.903798042815212,-6.883478767341719,-8.926526842390478,-4.975420686414768,-5.931512664638996,-7.46995038009612
-7.883267145962558,-10.857594516617084,-7.748976695416714,-6.722129550873964,-16.321965675348604,-7.795289149502586,-15.880664290003894,-4.002509175439818,-5.176174640237619,-10.717989307720993,-9.10556304973902,-6.687991983933362,-8.13402214763269,-11.667017049940084,-7.6060807468768195,-13.18430962743492,-5.293891567153903,-7.349235937160242,-7.834894881871893,-9.717118708293054,-10.988132256562336,-8.649140640428042
-11.816793320351406,-8.014553187553652,-9.20804670149375,-16.63203416421278,-6.372376807196152,-8.882216278008235,-3.8796518948135454,-11.43726472212586,-7.4116124658700775,-7.494120908476663,-7.960554347117483,-8.541563457213966,-12.589319156878615,-5.218021957828574,-8.400573185333537,-8.159130492776903,-9.194927661922948,-15.202489546553133,-16.702103585017674,-14.89059224357473,-6.0733113267071275,-7.970149538810786
-7.294840310882,-11.883207715703668,-8.223457711812447,-14.957568363280421,-8.788784971087427,-8.942678725220626,-10.009392297891887,-7.16274745315648,-6.702586833359913,-2.9688816755926015,-13.459623769679881,-6.975637748711268,-5.271339780677136,-8.191741135919228,-19.52748925545169,-12.560538828322793,-7.722080575407315,-5.350015027706667,-15.42227578075901,-10.298819230907576,-20.326256484375964,-11.53277227984717
-11.072407984767327,-12.111891109158544,-8.137640884195413,-8.163636601156051,-2.9755974314185116,-7.6182457413388045,-10.460248556787004,-2.750914428549594,-14.442561241055254,-7.086727783582447,-8.924624040483806,-10.945740988493833,-3.001915735361038,-8.618286972121428,-6.277277666528754,-6.868023930590808,-8.6226616039641,-6.64705800282894,-10.523095824852668,-10.335985364067273,-8.879917234343331,-3.798419991974817
-11.116076224266894,-9.160860519324194,-7.449697173709802,-9.038821737970153,-5.539290174110917,-8.462055997996506,-3.0440451856511577,-6.739057533894072,-6.05815529989357,-16.03144399218502,-16.89212714786997,-4.790408810928337,-6.299255552320221,-8.375158566197342,-13.104849097726536,-7.962544171334745,-12.507159585953485,-6.571771141193945,-7.347923150224646,-14.859897987303855,-5.564980221476042,-5.299413261522294
-5.295947359397589,-10.06017217047983,-10.892071011015476,-9.939383745422916,-12.789580262113468,-6.7218307804648525,-8.165817163527082,-14.05990565755492,-11.241570133555799,-10.051235632507725,-6.40711618578826,-12.445895989382963,-6.5974989194229545,-11.80279652111705,-12.518285118051672,-14.226904215829471,-7.545538130858738,-7.562979005935874,-5.776696921330609,-13.815708160606823,-10.176440937155366,-4.779900130778901
-15.9956160288509,-8.880611314313722,-8.823286930504922,-9.239601080560634,-7.482711466903067,-11.311647829833609,-11.377054442321183,-11.973197170305601,-5.208986512935876,-18.046084500945753,-7.240653156046581,-5.348117365147247,-7.6764358590327975,-8.44969098897798,-6.423411859490127,-6.919418802583965,-9.708491990785937,-8.815244022095234,-7.957558535558882,-2.8137561753800484,-14.371448540855846,-8.77232633404524
-8.960668677361395,-7.4691638717602,-6.401665034713656,-12.562734194693157,-11.169241880261563,-14.984241739811255,-5.7806312055195415,-6.748470024815195,-10.542945586767013,-6.823132486160918,-6.486808728601152,-7.255956903877052,-5.293581090187,-13.354927545784564,-6.964987415755618,-6.682613327794074,-9.7874487686182,-8.058051033546151,-7.532186743190141,-10.788245502731524,-9.800233108232351,-4.477403677471037
-10.805337829109687,-10.243122113622189,-9.142791908200586,-5.355909614299881,-7.2289464768831975,-9.317969975374842,-5.207279810931886,-6.959343653409576,-9.050087974071547,-10.044825542294646,-3.8304474822123895,-12.421310726622815,-10.775878434847185,-5.420376868576177,-7.372020824991854,-7.561952304485313,-9.27126967976917,-6.129817178113376,-10.909773954077998,-17.990586338614133,-9.659623749348269,-8.183932442811743
-10.606611545077566,-6.986058888239089,-8.859308011120815,-5.927397731876521,-6.694715317353945,-6.38883025251559,-10.663235048308147,-9.58693870156718,-15.583131453090536,-6.408396577056411,-7.126905183444205,-5.111716647070112,-13.723402591884943,-4.805689176187209,-11.902553122396398,-11.6205848707797,-7.791561353660269,-6.317949549955268,-5.432148391628062,-4.80519274501447,-10.44683061020514,-5.45427571021839
-5.9765512331175925,-7.732574267571246,-10.350099370038842,-8.624850644166496,-7.173862256071808,-13.744908589250997,-5.6709955238647005,-6.139812076589346,-9.774205527392624,-7.845388071459691,-6.336683362728153,-8.130526285761945,-15.832679864654494,-9.367051832673228,-10.786763271527068,-14.47639523792219,-11.579270115144595,-12.941635355477123,-6.876327063403789,-10.20753866265526,-6.481223221344452,-7.123976368367496
-8.278960183949053,-10.515398260878777,-9.802867827551426,-7.769402281887332,-7.819901987404915,-7.760220735796106,-7.257122835657573,-7.6931700503636575,-8.074708834444916,-4.571013777436604,-9.923013326171391,-8.09459659414557,-5.3519473963077315,-8.560675590391877,-9.651145046303345,-8.980692941914306,-5.524730531526997,-11.655218948804372,-9.962702892920703,-7.928723421341968,-8.579268334474285,-7.9139246312279905
-7.9560709092171376,-9.516322828640359,-5.9562755959073765,-6.009325140136141,-18.280429401310784,-10.147673379803788,-6.23552082905618,-11.056327657307277,-10.437811205301632,-7.071897659430362,-7.876529304533461,-12.291867323479746,-8.815966255015628,-10.946379685998602,-16.543401840717337,-5.864983882966757,-14.781259178015066,-9.18468167440946,-9.017711879895506,-4.560533471151988,-6.285434874944185,-8.565097632007921
-16.69576445657662,-6.476809617514882,-6.780841916962798,-9.901194691311526,-5.915382007846245,-11.211887184269044,-5.598522764968952,-12.098329082864439,-7.435088004676561,-9.411918266222756,-6.541810426238046,-6.083869943310342,-18.73360353112787,-11.496762621793113,-18.872043859029965,-18.522310613881015,-6.07099575126566,-7.5609321331372294,-3.860490472061393,-13.766591214233692,-7.633144004347143,-10.411620492326271
-17.58838072159316,-9.676755253738378,-15.083377621740315,-7.864206653788314,-7.767629636642412,-10.890109522905465,-8.307564502991399,-11.344965367304162,-7.902474724047473,-11.808636785830075,-9.333002635968827,-11.044564467669334,-7.254659447390494,-8.472590611726599,-5.574663795338361,-8.755416355274438,-8.714246067948224,-9.55603791708872,-7.135303884530503,-10.086440327796307,-6.792457488274233,-7.717117561396605
-15.528535663127737,-9.410441276473447,-11.6907807053274,-9.895732079561,-11.514703501113459,-8.30007265032304,-9.116272128226116,-3.2885138535317124,-12.542031580981812,-13.740025199759993,-13.580378862593571,-13.545820387520665,-6.898047992813151,-5.311534954834652,-4.476302953352415,-15.894771226799124,-9.580590995962174,-3.548467241001655,-11.12010955078073,-3.477567757579848,-16.1207795241794,-11.190748964041505
-7.670463995187922,-8.235413815514793,-14.227293234742556,-2.8586469630977756,-9.033683205166167,-8.471859849171809,-6.354950632383254,-7.825130307121442,-5.552665361935897,-4.106051619367087,-6.371438492694656,-4.455213669982846,-6.5255687224711325,-7.011167543635514,-7.7315646012409065,-9.980890986301326,-5.649278598340908,-10.395169187443958,-8.213716613490401,-10.343940287877677,-9.9112493076615,-7.547699449115698
-7.637504659514257,-8.782646986891466,-13.479061597758312,-4.4470829409151325,-7.236535118402072,-10.492789893612777,-13.305277705304967,-9.798716750673053,-9.976884055220575,-5.45196646754749,-9.850140368405947,-9.734232133455821,-11.463661930538334,-5.946411465997495,-8.620972126506603,-7.411522448300717,-9.36584143232126,-11.091281151064004,-5.615913645539634,-5.469133405152469,-6.3586483094835184,-10.60588555859496
-10.075259417921659,-6.944234662481124,-5.593180304883943,-10.149710068056871,-2.9351360462984832,-8.043877981082003,-13.24757003186077,-8.590201653969501,-9.974190870570139,-3.115364286292715,-15.440034381600167,-12.483796164405765,-9.352969745419756,-6.469288715979653,-15.682483476353381,-8.346639596273128,-9.888127463242522,-8.700202841999436,-7.544055758820737,-5.423383983113998,-5.9778806481470825,-8.214199660955622
-22.054197363177867,-7.098217155083772,-8.60702388452968,-14.066438611555332,-5.164511791633996,-8.168123268756448,-10.338828165155062,-8.983013943409581,-13.901335680435713,-7.406351693004781,-8.465406549846318,-8.007975494158122,-7.070102081170144,-7.057022385592325,-8.344916065414054,-7.778832081212211,-10.986579678400293,-8.232177932310831,-11.045167018011277,-19.9523231059197,-5.442129789586145,-6.071467087008038
