script/wind10m.json
{"header": {"parameterCategory": 2, "parameterNumber": 3, "lo1": 3.000054539987559, "la1": 64.9999836372058, "dx": 0.5, "dy": 0.25, "nx": 34, "ny": 52, "refTime": "2026-02-11T10:00:00.000Z"}, "data":
[rows 24 to 47 of 52, columns 0 to 33 of 34]
1.8038220684779334,2.1838534207549314,2.009525903606684,2.650439924583204,0.8907341008515499,0.8595233153658883,0.372411802413945,4.67894722551572,0.15360002930408082,-1.0490050236945525,-2.4477732732088042,-1.6864606590992377,-2.1278893378773076,-2.2896544636617215,-3.78357868433431,-6.388665791758299,-2.8752964820886584,-0.9068937931018864,-0.9121622490704343,-1.1131867246896365,-2.253356486093952,-1.7135040832867905,-0.5036496408962119,-0.8426676980284011,-1.2707632052713072,-1.121618191122306,-1.1964130389332255,-1.2570480642750672,-1.133873573921184,-1.2627095158550496,-1.0096454546124654,-2.113177918577923,-2.1848674850812904,-1.288865116328182
1.5094487841061837,1.5985484771338334,2.120096874620027,2.8417716339278813,1.68096430621941,-0.38535920944898877,0.1086244517391998,-0.923302113736315,-2.148445757370465,-1.7263872672017306,-1.8557595959426072,-1.034220577987786,-2.902006279550266,-6.7267133362991425,-5.999702228803248,-5.147847051262542,-3.807145000488351,-0.9292465463849363,-1.0066100171761014,-1.8015110882245664,-3.15301821760778,-1.7362011909070987,-0.21618017059928427,-0.4083981692452047,-0.4188985782192895,-0.683221176346795,-0.8637342878698209,-1.090860280082644,-1.3524617718041585,-2.0981158225265797,-1.6880296675687068,-1.6827970576378481,-1.8540988539009795,-1.828083168853212
1.5055310807409203,1.5934030444268303,2.0834449067603367,2.710972067523213,3.2083686759369208,1.5876318716170696,-0.5456650671360868,-0.523772411478284,-0.7790419508178685,-1.6970304048537317,-1.556444720949398,-2.03846667504686,-7.140240505195032,-6.732838514944387,-4.843667523720802,-2.888696801502433,-2.2574064083453185,-0.8021334152195227,-1.1175180767291812,-4.217812197775037,-2.6334147324098844,-1.165238265469304,-0.32399931604864846,-1.503630528254569,-1.2634651683777791,-0.9731711977889695,-1.3545670485130494,-1.5202587108978356,-3.2873703591699144,-2.9178173562685066,-2.6587502686658215,-1.863750981688847,-1.5115712953085347,-1.5146097763811084
1.6843413973564971,2.351594804909058,2.6968029526399757,2.430114520002647,2.699460633715425,2.2035266243832945,0.480796333982274,-2.6162748041727273,-1.4648952868849185,-1.8566641194889077,-2.2620738371262177,-6.852824411232714,-6.351736138079494,-4.915643424916477,-3.5287593706341225,-3.7585208229099987,-3.6088063979167386,-1.454398047808925,-1.5278346120382165,-1.6418029251903243,-3.0291490251049495,-0.47299004410653106,-0.8449872326155665,-1.5473788079219555,-0.7098708037894247,-0.8393241481530545,-0.7415775336727756,-1.1884401610918365,-2.2780943157439806,-1.7709155026312804,-1.677748578765454,-1.4647578695759171,-0.9501449868785077,-0.3758743468250774
1.2301269595579476,1.1009299015538823,1.072123744896748,1.5693884695781721,0.6698018768170926,0.7337971656056771,-0.8503255397230168,-1.837941886760315,-2.201450951894559,-2.807924118368151,-7.494171133850448,-5.899620586780385,-5.045901251858189,-4.04408849880106,-4.070019376925704,-4.410588568571946,-4.266841157587988,-2.7293979528843,-1.401386325323469,-0.993544280550428,-0.6198857383616427,-0.870712811586142,-0.4910285966029785,-0.1747040518135182,-0.5178115331823354,-0.733001299692578,-0.9298091418290774,-1.6504062000867163,-1.8494274585077828,-1.2112934824790134,-1.8509433432414808,-1.5562070877884964,-1.0881611690797244,4.667613853654951
1.1719943511544784,0.8066313063702034,0.6901786067695214,1.20772238716156,0.48993060244200465,-0.2448475559417188,-1.2514927439243464,-3.135835020470034,-4.94614081813136,-7.137185321128681,-4.870037849951597,-4.741069340380753,-4.774165351366128,-4.56354411837131,-4.021621548786124,-3.227531696821118,-3.507609897821847,-3.0719770210019295,-1.5076607178444188,-0.8327277257861438,-1.0019658460871648,-0.8859118682531308,-1.2332773674804645,-0.8282177370296643,-0.8998616079844146,-1.1466541604962253,-1.1125855188688987,0.2136948555185051,0.6034817524252492,0.18248413711491743,-0.24958160112425906,-0.5516401268752076,3.6039338017904803,3.513058737393255
1.5314929894280331,1.0253360862247376,0.2226505037672145,-0.40270860175248546,-1.5286730981779875,-1.354448721329022,-3.17164029741704,-3.2163798221296345,-3.8540899827076385,-4.501365176385071,-4.583487220686924,-4.24794257691706,-3.389390431651212,-2.2021628006610556,-1.9798770862930746,-2.5295003983116358,-3.0935115318944018,-3.3367621503380063,-1.1714962446419874,-1.3052431007048098,-0.9139578555450653,-0.7730901402942791,-1.0482743597106594,-0.7072343577146157,-1.0251399694024468,-0.9897435198969862,-0.9614065582801055,0.521596883668476,2.0238564435322224,1.273034622634373,0.25033403757987643,0.5529957907174452,2.533402026122235,2.9707564382350298
0.8849492499364848,1.3130147979892675,0.47437374430604606,-0.4642269697258027,-1.1771024578068428,-2.135085473706049,-2.684933630121724,-4.21730665431453,-4.65640384034437,-3.6886668115038534,-2.0545050308900166,-1.3844428551265409,-1.4998239567337472,-2.5474526638860326,-2.927108211467466,-3.144234883397564,-1.8180922984797958,-3.82365366351376,-3.2910388497978578,-1.255113886539429,-0.9754160756454205,-1.0752644593880905,-0.9320145209793662,-0.6142741454728816,-0.6351880343981703,-0.20493535770556143,-0.2964443719146013,0.6087774187511991,0.38189795592449893,0.6090683266640117,-0.26592147950677614,-0.19518785714195988,1.62748216618165,1.7745534543026578
2.8203364866867697,3.0544347299701813,2.665928515455409,2.3863186218470793,2.5749777477277993,2.839843722845294,2.174798162609598,0.579821552648004,0.5411831261139626,0.27802516936759364,0.42177962969865473,-0.4122831928700142,-2.2319033570838434,-2.705103562882692,-2.055705511621677,-3.301561381362909,-3.368447033915586,-3.5896644923155936,-3.025911382661663,-1.1417560607319803,-0.8498490670417786,-0.8859320963281748,-1.0477730430411183,-0.9788249018490313,-0.7425174728415768,-0.6066240508737127,-0.6656762852680302,-0.7702803026819046,-0.32092117985903723,0.36888444921506003,0.8527382256956753,0.6536298924916633,1.021676779487636,1.8660518228275966
1.3757965042441074,1.264295884139518,1.1230056523531144,1.5927498124954198,1.5218223828774606,0.7298281302377646,0.7619255274429186,-0.15117491518958948,-1.1470766429923578,-1.131864090935374,-2.0610065313917367,-3.215336056773999,-2.5902170580646438,-2.5403341342161823,-1.9567858892538232,-2.2755327814393422,-2.7843572727338826,-2.7401050039971016,-3.04141429992171,-2.0399033384484464,-0.8206642232956072,-0.867265559958175,-0.7942013740364268,-0.7317846905179751,-0.5012850285643592,-0.6617387489805522,-0.9167501125311805,-1.0532975257304085,0.0386943215843203,-0.330823196968557,-0.0664300106395263,0.6661835896738276,1.5001205323697628,2.0153155352767134
1.548228940212163,1.6862153344284487,1.486689786597014,0.5959076807001922,-0.8842854513029372,-1.4395436349671533,-1.2712734086048845,-1.5331798853071512,-1.9224654563232828,-1.8755165924389514,-1.9533540509690275,-1.4956884776483916,-2.1198068897247033,-2.213271692880508,-2.4514014312605323,-1.4610562485758838,-1.9639333688897074,-2.483305390848707,-1.958885610892417,-0.7932752033136722,-0.09266894863300465,-0.6713606873938378,-0.6443172389292914,-0.5623374810594666,-0.5940317952423738,-1.0219614884993962,-1.4867927700884334,-0.7655658885333179,-0.6021110486217266,-0.4014687872727944,-0.21338880949829736,0.4994125767029951,1.2892269088461892,1.8612314443656697
2.3388473252042696,1.7161127843088362,1.1679780541116853,0.05368461076556754,-0.04529880512104524,-1.3756401769644968,-1.724553121403572,-2.2202840363115834,-2.6020503514039324,-4.031728720503218,-3.1670935553821886,-1.8811424381424027,-2.3415858157493386,-1.8338140309919702,-2.2226198996501703,-1.738578976271229,-2.140540740669905,-1.8754413496103544,-1.9214027154361013,-0.7618644786659439,-0.7076783958020985,-0.9428335692849451,-0.908317628462777,-0.7772671619656771,-1.0410665344382102,-1.419426305600155,-1.4722024259721165,-0.3796503442585868,0.7736494965722942,1.5207915138962245,2.0391016277609335,2.0196910971987307,1.9453221112529704,1.9418461274945764
1.8323168467398383,1.5766768313623312,1.374856215080636,0.9610975210174002,0.17319330078340422,-0.8239439626807971,-2.0961454992123123,-2.814769111008978,-3.1677759083247805,-2.718401099910163,-3.3759077499459083,-3.434469047067487,-2.2433089590053243,-1.695898790695577,-2.7045806001735158,-3.221890406985091,-2.562185394081559,-1.7759160987748028,-0.9783970662814097,-0.998259174338958,-0.5550733970136987,-1.2415625857300725,-1.0842129778567404,-2.8091683593040493,-3.693291652379371,-1.3981757811146898,-1.373258543016288,-0.8038731217555714,0.15422864182595197,1.184039449819166,2.0684693021721343,2.9808876303112055,3.738981757278091,3.913945280287159
1.624523526114916,1.1594500458794392,1.013724811109932,0.8135296758663683,-0.16589838703147203,-1.1184993704836612,-1.881550390840488,-2.853084889327705,-3.9231267804916574,-3.790642420842556,-3.0600792961880092,-2.100352614557905,-2.2335488837291018,-1.99595957179795,-3.1078280142691317,-2.9419520467081886,-2.3421892805955493,-1.3822166796482676,-0.9027859263040412,-1.3922072385606858,-2.080256586274537,-2.8608349043941446,-1.4004980403289589,-2.3894273597820592,-1.9950094937090534,-1.9364740610642805,-1.0339807316503802,0.09914639780567595,0.5361606629778245,1.7297055462038022,2.3012121499833533,2.6802109396620195,3.138842309711147,3.5853646249543023
1.4360247395130015,1.5416340254091159,1.307900422655332,0.5697463196864105,-0.031166051281450557,-0.5728359278919312,-0.8970320395934758,-1.820004335188495,-2.7269190797874328,-3.7457115341915714,-3.7976595712230794,-2.4123204053349716,-1.903249888732727,-2.3537320531311883,-2.195232742052112,-2.575391341947302,-2.5035589595098013,-1.4578916162463584,-2.1173282130648103,-4.390844379595597,-2.8609917100771285,-1.9915285287721325,-2.4762057163797104,-3.053037596193909,-2.4225066878976564,-1.691031684875581,-0.4443400472178268,0.8920140913744379,1.525616105615566,1.8977742975990908,1.9444462556853042,2.1713634318108115,2.7349173655749635,3.206927987816705
1.4700354682385364,1.5201809160875699,1.6107522983460325,1.0257453324942005,0.257568224394473,-0.4518697713236251,-0.8293413255647081,-1.8335192247206804,-2.34605304837488,-3.344349468927784,-3.2075290260981473,-2.9487889581070883,-2.13632731996828,-2.5026471421048324,-2.695012552471384,-1.9172433354989193,-2.562476721694673,-2.090730201371378,-1.5420970412208999,-2.895531420211873,-2.5207476915573697,-3.0968975057349057,-3.3546709642053107,-2.5510758307568464,-1.4724739054353542,-1.0515690856079742,0.35896512481986237,1.8930775291666313,2.700133454640888,2.6000509184445306,2.779492893644155,2.9530425042081174,2.7458512360162746,3.5518657369940274
1.082103786621788,1.5472575845896204,1.3952698274023527,1.254107870387642,0.853960392295616,0.0008860359093298019,-0.920509179377765,-1.7018384613430948,-2.5820969908378824,-2.982263359759367,-2.7991546999621177,-2.3597288687990927,-2.194213656283493,-1.9570494299453303,-2.7086981757266773,-2.3112156550612104,-2.472372476037031,-1.5530730386571538,-1.3730264266111172,-1.0519079091334425,-1.7046282596070514,-2.3634863678822184,-2.0565346535717226,-0.9585021699192706,-1.1149621148216804,0.3104263699712531,1.3183542514324469,2.1296407310500873,2.5024140527622163,2.722656879366039,3.6754455186309065,3.9610155315743074,4.7961736187578765,4.170512919895525
0.7861120245902563,1.1765762276194711,1.41541308293624,1.0518442349371198,0.8542925170891998,0.3294540790727491,-0.33337373425896466,-1.0378785998897033,-1.8266510082303735,-2.6489300793458836,-3.1281815993952677,-1.8326287697293127,-1.243620570471112,-1.893757505451825,-2.9031743110448613,-2.392576969531522,-1.8744822150909357,-0.9798194491506127,-0.6537621366042747,-0.9259807049474866,-1.917614161846777,-1.5849780598649363,-0.8126456486201123,-0.3629638318325543,0.46254961003734063,1.9132154419477665,2.982676115758603,2.785446748130415,2.352001562121229,1.0503797503107357,1.25075966118705,3.9636761836404113,4.401597680407797,3.919176739437329
1.016899457316774,1.036196733642204,1.2498605415154702,1.2031415769595633,0.8375350689025837,0.6669358449967233,-0.013745407464104903,-0.935401575488268,-1.2619244366300852,-1.9276436972395625,-2.503739191323703,-2.027054624856909,-1.7601157671517156,-1.8872775116203688,-2.3881061366716407,-1.9690445485881722,-1.1571965494117964,-2.0518965852797884,-1.6606523134901174,-1.9201132341991034,-1.2579087120947854,-0.08515499981778189,-0.07567021306592259,0.8564928350703132,1.688371295015743,2.7057147624834967,3.020649717902304,1.4247949722413173,1.3714617048887319,0.9590561682269132,1.2683112334742523,2.216857285027267,5.045682966615576,4.369873682193939
0.8346975981980385,1.084036727568831,1.1185619604202997,0.7976846814960219,0.8289500090991935,0.335811998075941,0.22148144166182615,-0.6186337268333081,-1.3932464410146912,-1.6160749626762707,-2.0674048485005834,-2.551795300407955,-1.9063553955515962,-1.6253351908574167,-1.3888996429797071,-1.9594559309368753,-1.2949523862524666,-1.9665236440043414,-2.631777269223817,-0.9375723484838113,-0.6269337552239197,-1.1666241537654678,-0.49884630107194294,0.25034363201219995,1.3889683332310423,2.000491486115547,1.7510573504815161,0.9096459920658221,1.1271234741796208,1.347159002104309,1.2764121628273997,0.9716389762115135,2.498623748533612,2.2575388633645455
1.7923646544244656,1.3076482351075884,1.648383654476095,1.33482308222907,0.7012329664370796,-0.08427760819267473,-0.46071164431771316,-0.7030942009513301,-0.11164064513411806,-0.6589237230882475,-1.5227884164822965,-1.722948010709357,-1.6135092003946878,-1.488985125368056,-1.0929630747722856,-0.7223309359002483,-1.549887906363815,-0.7267267462522728,-0.8481751742761848,-0.778647039500683,-0.9114770063355259,-0.7456645635621809,-0.8024783036207432,0.08320469867424987,0.5694392779318591,0.9147129221393088,1.6090401543420634,1.6407433205345308,1.716469313940053,0.7661164939307088,0.48713666494243807,-0.2831885952666505,2.6498187417721017,4.15700975979751
1.8531284377966497,1.813538792986594,0.8983134722569751,0.650964681863442,0.13564661829647515,-0.8249418255930402,-1.408095297551561,-1.516308069824643,-0.6351568276468307,-0.24277399813361045,-1.5577854826888091,-1.179801429675319,-1.3877692530052421,-1.7490849176493755,-0.9518401077185221,-1.790844011484715,-2.3236174657823536,-0.8338660833643381,-0.7147556819896461,-1.3284701547743698,-1.3987432680456138,-0.05949162105270148,-0.32600135403916974,0.21276783985615627,0.8581213357705088,1.4227624580888028,2.9914187277333584,1.4545590599154585,0.9686179066316355,1.3808122515062105,0.6853530083592234,1.0280719106867267,2.589366302472275,1.8995280892456912
1.870141344240142,0.991235164600742,0.5429907623147827,-0.05536546538565975,-1.2596229564420274,-1.6522340792329504,-2.1314992207049896,-1.654198844138657,-0.6410563969418653,-0.6446015927415568,-0.8714422616831561,-1.4297605317889674,-1.1642004198688694,-0.8715392406812185,-0.7894849240766048,-0.5548019335413704,-0.39473708456376194,-0.5686625361305357,-0.4592866246667912,-0.558344747389732,-0.22701147275600342,0.7934370359386326,0.6530424949505762,1.056000171040184,1.978871732452474,1.9545386559941722,1.3376412306652614,1.0638542363124581,1.5377928153509928,1.7800036016015555,1.6298734101362375,1.1532879354808627,2.9208211687444967,2.859116114166075
1.4815197951183838,1.6646869092942365,1.2150394631836154,0.8628883890501574,-1.4058801536410037,-0.6258150446628856,-0.7984467945518411,-0.8412918006431211,-1.0528647444143373,-0.9129856202782929,-0.8821120801929213,-0.9676553401362218,-1.4969180008063914,-1.2526575304673297,-0.9421196908059654,-1.0714632012458236,-0.5441368323755946,-0.06788653687574192,-0.33685511451186606,-0.39916016050084724,0.14345134802287085,0.7854252301099185,0.0375968188564803,0.5785281121471318,1.2867952984342912,0.7191886727230815,0.7383365813734709,1.986035617563317,2.088307146658099,2.131223815748209,0.9467921328236415,3.999120668558944,3.395483708213812,4.006364917774933
