script/wind50m.json
{"header": {"parameterCategory": 2, "parameterNumber": 2, "lo1": 3.000054539987559, "la1": 64.9999836372058, "dx": 0.5, "dy": 0.25, "nx": 34, "ny": 52, "refTime": "2025-11-23T15:00:00.000Z"}, "data":
[rows 0 to 23 of 52, columns 0 to 33 of 34]
-8.861197013206523,-8.825453600095317,-8.229966861006192,-7.587021476215035,-7.091817801162941,-7.002107000226557,-6.760446946095613,-7.01589248731287,-6.423740615481238,-5.384812534240667,-4.327211973534014,-3.2546543968475614,-2.6643595704057867,-2.0223322273836275,-1.749894835125203,-2.622624132921715,-3.3618312344348147,-2.5215794149624187,-1.3079840497063104,-0.42810668648596856,1.2107675078757112,-1.3737786242401915,0.3029004995093268,2.9649840584904306,-0.7398892857619601,-2.1908190242625523,-0.9621357636986574,-2.1012257856222094,-1.5397726370358793,-0.7882780087325774,-0.19279620629275332,-1.1308260760388757,-1.9332805143581688,-1.2624625468682549
-9.472292839910445,-9.236105171847914,-9.124853962740055,-8.466306291861468,-8.172299062801804,-7.0520761972090575,-6.40243184642528,-5.61583253305237,-4.74082200068163,-3.951447719407205,-4.063941657275464,-3.654081020330159,-3.1981853420196713,-2.6254029103368377,-2.241509129154103,-2.6322532713763147,-1.606682908125097,-2.156074866572487,-0.4134085323947738,1.9805099327369586,1.2000905917137985,2.195924037843581,0.8426945548040985,2.9306505527201065,-0.3884269490334246,-0.42995578317112954,-0.2618751133159634,-0.6310285462431443,-1.55674469239244,-0.8714975168937744,0.6965487778121323,-0.09844107831959464,-0.6501038953223556,-2.2868453860837157
-11.509357093990388,-10.267816610144845,-9.433685010410775,-9.55899754751258,-8.925035095982947,-7.8812875665421736,-8.187839396136482,-7.625038320589857,-7.782203662161555,-6.296085168942001,-4.963268092332059,-3.9285410237447835,-3.3007506701426355,-2.7733431938905144,-1.7565034815307583,-1.3766385350042152,-0.5287310060471411,-1.4023587968370146,0.01573940833531657,-0.9029002002070958,2.3820067570987167,1.1400318529813056,2.9806146691268145,1.566765510785015,2.580178998815681,-1.0961550938013256,-2.1630631787445895,0.6823783990807801,1.3944608357814543,-1.1862748622206185,-0.6172224598899037,-0.22659256635810143,0.5323933419590297,-1.2449103582033372
-7.291549299736923,1.1544053157426257,-1.6482668171750072,-2.226128893330395,-7.681591991442982,-7.0883682290557575,-9.717734192180755,-8.356804453529758,-8.785967122362619,-7.144880221816358,-6.576514822453471,-6.017695645338327,-5.170025527565456,-4.390156307513621,-3.8683811517068185,-3.891232013076358,-0.46687046315795816,-1.3567206818308912,-0.3536968126353672,-1.2800329791523948,0.04292756838526869,1.7916212351149676,1.8782141540956145,1.735832828769673,2.4838220041582963,-2.0194876331995433,-0.9231390982026504,-1.225546761581196,0.24661854081642393,0.6140994449683855,-1.9003590567881967,-0.816841329034223,-0.5782029859809272,-0.7305863373599645
2.4706889506473635,1.5151371673285365,-0.5377965117493727,-1.453814266182071,-1.4634328590956516,-1.2439004811671248,1.9751592493847836,-1.044450529413243,-8.545373936728964,-7.342577748358032,-8.798080339992268,-7.60210575503966,-5.937413384995225,-4.8363960888039355,-5.024483865960935,-3.5950241307510664,-1.7096027562690634,-1.7444233484941454,-0.6632089759234041,2.0575962323352823,1.1215370471971573,4.524101194717989,-0.07803717787901152,2.0544567018692477,-0.5299787634360119,-0.2558214606299875,-3.0447104895067754,-2.818550350750387,-0.16365675045758238,-0.05754213635185204,-0.7868813074831819,0.4470180876509479,0.12569166679944532,-0.5763113568519053
0.8387809809016291,0.2725805881850621,0.03946557969421668,-0.5017208603134747,-0.715255653460787,-0.2604597198245238,0.2519303030926772,-0.07192137922384216,-0.43830861387126824,-0.2835499822919178,-0.8534778335707549,-1.7669128313738052,-5.97313373245382,-3.9038584014770774,-2.4011039275641908,-1.774019165128799,-0.7350468352240817,-0.909072695272505,1.9229302597885756,1.3612012654208248,-0.24774963759558155,1.1584128100397872,1.9117241044417377,1.2526084577382341,1.3060999104466078,0.4133146903677208,2.7735119151892222,2.329279894504465,0.375462101615594,1.6101395041004123,1.8948802405855085,0.8631757223305003,-1.247670357358911,-1.1922266016629446
0.2143564611176211,-0.020219889392184838,-0.18109916017709254,-0.5024782689759806,-0.9834140085697315,-1.058319628268108,-0.8604663141881684,-0.9970894823249792,-0.8600632250705912,-0.5298055115647509,0.4980448043146809,1.1539158306271673,-0.15853318864718674,-1.0206364366254994,-0.3808424615291382,1.362488700509998,-1.0955125386371882,0.12651299625819895,0.7437036955302266,1.9284593073942398,4.028246013028753,2.919642132876201,1.8892919031893163,0.8598620741783409,2.9311708040502658,2.2724474885127335,4.750090424481847,0.46171513531278613,0.18389761358364792,2.284164768755846,1.0797281856322858,1.5227401800867761,0.18359095384968316,-0.3147990912340873
-0.8959319702050077,-0.7789230892695064,-0.8983680017442237,-1.0684479967727454,-1.4870751914597389,-2.0453069055463726,-1.7219481840943516,-2.4179449869325795,0.26412881624615103,-2.177625616290478,0.3133916124386378,-0.7139656440982213,0.600995529720752,0.5274785802995035,-1.293411615112642,-0.639735561436429,-0.5768752466957404,0.01943035081439926,1.2518772128008038,0.9735803231245921,3.4343999878671334,4.338250884184126,0.8412024929749014,1.2601320319066722,0.3122541479509338,2.2355467211241247,1.9332116569317246,5.248919030553325,0.15602030577501275,0.6116727331884247,4.643037418401653,-0.4077224558259542,-0.5836786331742994,1.528347036088182
-1.3696896295480416,-1.214085666125223,-1.4501062737376884,-2.3479876636225185,-2.109235325526594,-2.922172383301447,-2.6532995509977995,-1.5485911983669507,0.152126918713199,-1.663401709537212,-2.08666773579528,-3.7976569670749143,-3.409865247493281,-3.336718938967125,0.07592234315558423,-2.337464764249632,-2.104849826621213,-0.34260255199160766,0.20860132249995572,-0.1566929664268408,3.1161247289894134,2.0251122813265505,-0.5508308974652388,0.35180971479134715,2.9387461229587823,1.4466265817803166,1.4290482682406513,1.973896933598591,1.715973279935647,1.851904650398314,2.0444607890141544,2.4690997240766843,4.132595326761504,5.038572566833703
-2.321497690245854,-2.305440344979005,-2.2727692151665932,-3.2973568847141994,-3.13842501397528,-3.051588118360905,-2.408886324357829,-1.203275317255199,-3.5402814469949435,-2.207594331633698,-2.1724470208521938,-0.6869652139133334,-3.199729676062941,0.7033389891892486,-3.4264534165312592,-1.4651990169923015,0.4006801101535825,-0.8601425966274182,-0.8183915087047308,0.485452510952912,2.2100840735074714,0.8933029357080527,3.2251478819632635,2.940168223670936,0.8138849651833523,1.6046453083722145,1.7959365036809745,3.185770189650319,3.426787185536233,2.3398342661359233,1.647847798669535,4.671942237856119,5.604390549544802,6.019611456084142
-3.421365960839488,-3.6749432371581165,-4.0772946021846685,-3.457388691004171,-2.6925333055196803,-1.145905613222265,-1.6507693775022727,-1.1230709301191923,-1.1378543684940323,0.42814212375674293,-1.5887607664910364,-1.7589835462784371,1.0828137354182856,-1.0021470789483091,-0.9683246708423005,-1.8771614696160177,0.6570209265319013,-1.7475668332276375,-1.523923029189671,-0.17748910594169606,0.36142537031479355,-0.3772464629290869,2.495912300472964,-0.08918454261950251,0.2577056741411413,1.7166087503975864,1.5114859899625184,3.048682521839742,2.4151590956908557,0.9829011303525269,5.204536430429461,6.881624294632401,6.8740677601189395,6.71682276932696
-3.838844432337038,-4.6190569264148005,-2.5358668008378413,-3.1037505785890835,-2.8826083002871576,-1.2442822116901107,-0.9155496599782021,0.17037253454196288,0.6986777099093139,-1.3560443735841494,-2.2594433731751007,-2.099246315009619,-2.817683989145414,1.171027038121209,-0.03704906378213405,-0.759817516343647,-2.3222699733022583,-2.475744098404318,-0.20704853109163363,-0.8668568640829007,1.088431896181236,0.17431491370939559,-0.1667893503522829,4.30063175568241,2.582888442539044,0.4066995438807711,0.5188377180278219,3.387008622948509,4.0574178863458545,1.9645456885866244,6.22476333692073,7.343612693863789,7.276753747492076,7.160605245421981
-5.4562672173326545,-4.468823970960647,-4.231244058403791,-2.8566516958214763,-3.7874507205238586,-1.2874556322344086,0.1725307988879421,-0.20087763444016582,-0.04449287746730031,-2.6149605863541785,-4.243985453470664,-3.653409793730159,0.04701634395814516,0.14805562388737012,0.3563652799759466,-0.1948046674478382,-0.4091432071968757,-0.131209461258766,-1.5082186619396138,-0.632092548853086,-0.3268425637158871,2.4491417336405035,3.5751869307426554,3.520319759810412,3.6902150483975893,1.2557311331708523,0.48656423850245634,3.0657666032108994,2.9549862337412236,3.8543714886285705,6.154756897980246,7.306366438522042,7.898850093240792,8.56074518808341
-6.51743803011638,-8.05246018887401,-5.177508196351341,-2.6078986672616544,-2.659641066710466,-1.107171708532403,-0.8752403836434391,-0.6658558548050335,-0.5174339068238131,0.06018753857558998,-0.3427621715839104,-1.4433405066235565,-0.9404520273082319,-0.46211511754851736,-1.5972602682071126,-0.9036942408707416,-1.671244034828449,-1.2252809412165344,-2.002925393137061,-0.48292245446129095,-0.12775674680720223,1.5286398768239016,2.724984241817595,2.434280172111488,0.9603849507330654,2.6776867316417023,3.4127099273392085,3.632916019025477,2.051275967716624,3.2436119288363874,6.517589192040333,8.350902922706473,9.03519646174197,9.197177317870329
-3.7099989956434305,-2.2193110900076802,-4.727688587781579,-4.909817973254628,-3.31226636613938,-3.960411491501201,-2.6972945187748025,-2.2291396540686845,-1.3904673899302713,-2.8568804849469682,-2.8534724225317594,-2.800758856496154,-0.27373167232509543,-0.1294181640857325,-2.022200238628509,-3.676274533301505,0.6620653482576123,-1.6289162439500828,-0.3785258758320284,-1.1712813204819628,-0.6102534526255867,-1.0078888945664481,0.21232709137097888,1.9594969130730169,0.6745852329952009,1.7007172524767613,2.3532233758125716,3.4931082377673994,1.8398495270230537,5.1568101930391945,7.520949659434846,8.79853804099004,9.157600167000385,9.291492303810527
-4.04133589322295,-4.682505882416135,-6.525634928113797,-5.323738915783222,-4.922438873972791,-3.572696072079989,-4.974796464095136,0.272095310596006,-0.7402058448302153,-3.1709035711396694,-4.304462824607005,-4.042819688089302,-2.8913396776630442,-2.706709225290122,-2.5665607223027265,-2.065791337380649,0.12454485071145872,-0.9116237726277129,-0.903353211383768,-1.217718490520591,2.010442144896321,-0.6460500640571699,-1.3722452093582482,1.1871735497937057,1.4423033440221806,1.4983259080422244,4.337778769774124,2.588776874057855,2.2785252682399597,5.489715226136565,7.811307677353903,8.353838806974295,8.920112432831592,9.032701786530504
-4.509204534621562,-4.1536567702794605,-2.8136799916888977,-5.4376886983597235,-3.3907203355761806,-1.9404053214569716,-5.31380928699811,-3.4540671686428843,0.13271173516803256,-4.962516287375481,-4.440303674832895,-2.5225581542679008,-1.7363321428856184,-1.4713042808757957,0.5548794139791763,-1.9861413850395013,-2.2185821355096627,-0.8380600342571782,-1.563152670305979,0.04988889935487667,0.8334598766854517,0.4747924683564559,-0.07878509994899292,-0.2620737632050068,1.1062521386319262,1.303321380217295,3.496521510637608,3.8116896760981924,2.2342665251559164,5.296127088977391,7.587553726802015,7.999606473102199,8.356442903802025,8.274708513283016
-3.5066228024854627,-3.223491925520395,-4.1240317088284835,-4.734139300972552,-3.8421447185092363,-2.2225882347062527,-4.925025193603308,-2.3479903986135553,-5.757443802344211,-2.003308315625906,0.2133955532993085,-3.3863233464010163,-0.07052173894725024,-0.5883295599011297,-2.62928634409684,-0.6302002599102551,-1.9679217282474755,-1.7690712459526878,-0.45448574965751215,-0.8494532765687793,-0.03216254005012353,-1.4127407507302794,0.6830259954854291,2.512239813348996,0.34285136129083277,0.27999161764385627,2.266424835529039,2.133044456132366,2.785409551220346,5.1188566907277435,7.025366067682111,7.4064587334658105,7.64450295602569,7.820969572334966
-4.671775333060653,-4.053850445655029,-4.005515403285847,-4.907598928974091,-4.775409047465225,-1.3141551537909322,-3.1046945117527915,-2.4884996877253562,-10.109321061882339,-4.691827356800952,-4.38471089541533,-1.3268676318169161,-1.7040791776613287,0.013914573226615684,-0.285565731979018,-2.55912045252723,-1.875298318315758,-0.9563024361426865,-1.089960855390967,-0.14308939859376313,-0.33347140600023895,0.8775237904558367,0.9038575464852324,0.37970454975810985,1.8765452981430066,1.3311946635947487,1.487829533138209,2.0013745370921896,2.6178269150464,3.223027395893413,4.417926232024022,5.4401748328013655,7.408869979845418,8.156324698725946
-5.254571624292185,-5.0437991027693325,-4.8167352576299844,-4.608797242266482,-2.3593926222847244,-3.929208211224347,1.117472008549632,-3.4997114756668597,-7.017116760870756,-4.992226324446586,-3.903818527510875,-3.424709795772457,-0.6708550409009578,-1.2359784515907652,-1.7556940449114078,-1.4266864658344347,-1.8875451654870314,-1.7442119321899352,-0.7665240621037488,-0.7286908147468616,-0.13042930862844196,-0.1631453603401172,1.5381637675329836,1.9784697260289796,-0.14069336776625213,1.2337074029894197,1.0073627282407416,2.1812815756909294,2.452233674563717,1.8916989449207313,2.6752837472857243,2.7327890717954375,6.101218462202898,4.6007600375492785
-6.046703512986296,-5.895282569601937,-5.5196932541499555,-5.509322899386754,-4.839995490882652,-6.026447004077964,-0.9946987966875767,0.5036025684424136,-8.88344237741036,-2.80862486260143,-4.038989310736681,-3.161305789232339,-1.0074014213352802,-0.2408618167687063,0.20311261912847128,-0.9016376777901637,-0.26993833924467836,-1.1122783112293868,-0.8033411798576423,-0.8317665814024544,-0.7606803567297429,-0.1032360276945679,1.2869783973341364,0.8231228121129688,2.1033293465585783,2.072181587129621,2.0399007338734103,1.7925331208891957,1.490905601514067,2.163240616678188,2.134848237836201,2.6452732398412073,4.493309079198823,6.3797721256977695
-7.071430601854829,-7.264607581547145,-6.477650422989504,-6.367413919621734,-3.8238287743781134,-2.9931057268506747,-8.030131107835341,-5.821327648734178,-6.876746317569089,-1.8904696313083227,-0.6512242187914364,-1.9018531867580757,-0.3373086333524956,1.2494039668126804,-0.2575164888482316,-0.13780554901776346,0.5325654781227506,-1.6286062596322501,-0.7185942199559621,-1.709892483793131,-0.20698577601107948,-1.6369189010963479,1.6694891694035843,0.533555683519433,0.7179219499846616,2.1719831256322215,1.0776908674730012,1.5423609111357337,1.7820176421760714,2.5189196554441873,2.527268193552167,2.985887881673561,3.3570964049247056,7.026870327274733
-8.521984219707686,-8.00603883638662,-6.8225167901027435,-7.404655844170426,-6.386478050320482,-1.759423082477972,-6.9889896483882605,-5.775058712854769,-5.032767777248612,-8.706585716901955,0.7457180140619465,-3.088520048725022,-1.158964182055837,-0.877792751438098,1.3646498047005733,1.4476018175313048,2.2423324051743934,0.4390948974973177,-0.38422879668775767,0.26260675432907693,0.24310426365304663,0.5457449604474187,0.09656160029669764,1.149621993462592,0.9994956602706001,0.939236921993209,1.2017552635376438,1.5750620314739172,1.6388523837438305,2.4723947601811265,2.7830367631113773,3.7576351536737294,5.299266530987636,8.177171286976714
-8.781323126263356,-8.601620228619401,-8.349151969734997,-8.0751964661029,-5.253735174418259,-5.103772734055986,-4.6702017815271395,-13.418398266291794,-8.50678130211434,-4.605041964089223,-0.5194771756032196,0.14077935220075777,0.4397168636881647,-0.9095045791305162,1.571104244242452,4.500206127055209,1.1336184808598504,0.8761275324159818,-0.1999846131651078,1.8161785958695404,2.442146537175779,2.995537428092761,-0.2841177570438941,1.434256914026799,2.1512457222251173,1.694422551914309,1.787364161337311,1.6517732066864443,2.030726479562424,2.4106142462611477,3.1819786956483345,4.112807920415411,8.239943038318211,9.16250242102716
