script/wind10m.json
{"header": {"parameterCategory": 2, "parameterNumber": 2, "lo1": 3.000054539987559, "la1": 64.9999836372058, "dx": 0.5, "dy": 0.25, "nx": 34, "ny": 52, "refTime": "2025-06-01T15:00:00.000Z"}, "data":
[rows 0 to 23 of 52, columns 0 to 33 of 34]
0.8730655161014627,1.5336766546983662,1.2418028798417386,1.86688068739632,2.3600937663364916,2.3565693247435915,2.3761066575490117,3.4379507066505584,3.251093376214549,5.186567326341467,3.056652309304869,0.34660700383178034,0.07679913245227603,-0.33512993585182743,-0.5275890093450859,-1.338871902383036,-0.6866275365637524,-2.3610356790978364,-1.5794902399581772,-4.2193968511563105,-1.2969534667089202,1.162837318677728,-3.2241060455341195,-3.082730814828208,-2.1176619542627595,-0.2379723131102732,-0.29008204169040225,1.0764358357766906,0.1941855893666101,-0.08126142592733218,-0.33611249996101156,-0.7643244780881234,-0.9861744012988441,-0.6202727070477925
1.0032817924376143,1.3306157339803744,2.537340443829279,2.122550081111324,3.3261307336901917,3.3993307720566417,2.6959187034195873,3.543703402289588,2.639307623547523,4.788349519774673,3.6531024665082508,4.160351956074513,0.5078656657476991,-1.3727034040792434,-1.5014566289885303,-2.4691861571243003,-1.7221581963292463,-1.374495884741546,-2.7380962634197767,-1.5493839374976437,-1.9220870708059834,-1.3178001526753556,-0.24562557046673683,-3.6183290465231726,-1.308386283369218,-1.8376683457709673,-1.1611178204312897,1.4371751681526306,0.6378091273460375,0.3542642062342207,0.1418079890739271,-0.4552819712948325,-0.6517272537942006,-0.3101450737253127
1.4452286629088877,1.7564965999802602,2.108767553273775,1.956702395541808,2.761443643287486,3.2931169705830974,4.29864629627092,3.3852900625960602,3.0748428629229685,4.266026288219847,4.1918363950338815,4.780188347887157,6.1023317468242935,4.791203133706354,-0.07840902405920619,-2.326712135839613,0.8678398022914966,-1.8979888435635808,-1.3380236103863505,-1.4556071902676593,-2.4177279822659763,-0.012969612709647882,-3.310195231158612,-1.9257513913521713,-1.3714912410034832,-1.3054979571609404,-1.7667942855529561,-0.6853097429250621,1.976722889135163,0.9817222437360369,0.8323963496947161,-0.12308165776313669,-0.3997322968402949,0.11701610853333784
1.6789899609286223,1.1919144285623504,1.0774411796359966,1.4526321912829432,3.042852710311136,3.2345404505679394,3.222887559049526,3.6937807043342836,3.9948631309925626,4.7628131326166185,4.674974421634694,4.192986771681339,4.455655776364112,4.549445425778878,6.56533371410372,3.850700990182675,-0.648203552434896,-0.38550443373187965,-2.8297042489754585,-1.5428451644765981,-3.3979417012327993,-3.1556584277676745,-3.4746628936470816,-1.8007177165820814,-1.3185031069611546,-1.6827850586252944,-1.1433094104576325,-1.2761540068068329,-0.4931169295702838,1.4277037312905994,0.22361760134421454,0.03376935603006507,-0.22050269605420933,-0.5766694600767828
2.6978546036273325,1.3276852195831994,1.3091258982640224,1.1035933641144489,2.257184790041742,3.3451801388082574,3.958494698412058,4.231286566269985,4.371219222592696,4.130236121102257,3.950625265389832,2.856072682219254,4.333401353516662,6.137241888213472,3.6200293306345004,2.242323394090675,1.4403530635829938,-2.0203641655059115,-1.1583280778082548,-1.0609219114467285,-4.326665651499787,-2.6147493285087173,-1.0860426045085383,-2.646997959886857,-0.8524587565309035,-2.012953835354994,-2.148049165625456,-1.7543650907894097,-0.5572469405792756,-1.0120489532520296,-1.046005247318697,-0.5586438781814974,-0.06321849221577037,-0.6862747757509012
2.6831702460014277,1.6596902932077904,1.509406840889126,2.6072018234104206,2.1111432559537784,2.466706913815541,4.711957947922639,4.661630281414275,4.454654738937007,5.022723521300669,4.2932174327410495,3.479655416904606,3.9627495217662436,3.3513603168829156,1.9881762225920425,4.212397132527725,-1.1463721290183937,0.708403332847391,1.17395797468492,-3.788207548057681,-2.331586892156482,-2.664302637536161,-0.3771342140355849,-0.9466853871807085,-1.6316838893740475,-1.0081986960720841,-1.3607615812999887,-1.4331222377568131,-1.3720910262949746,-1.3459948740400318,-0.875249101494355,-0.9396209147504824,-0.5437841821919821,-0.18919131452220167
2.460136555627683,3.218382486251158,2.042444294007224,2.58817882872536,1.6495472012428578,1.8722635753018055,3.801424246180769,2.7639278919089283,3.954878118622692,2.4674025600444396,2.749950903014627,3.2991861577842725,0.024641580559105716,1.860517762367854,1.0700123387042917,8.082698222513935,0.40187733485351224,0.20732466154341206,0.4310410714943169,0.9681851201606941,-0.5828266098652292,-0.7779047214001179,-1.2528535009604316,-1.2346192665279259,-0.6137053721053419,0.016696905875466492,-0.14019800605154262,-0.973313249611661,-1.7493660946231966,-1.1431881573389047,-1.3687249480617996,-0.7208456451246471,0.30728539078717143,0.018026428094319306
1.7733287657724575,2.6715234405160366,1.4717097871367537,2.7571517666118366,1.5131472016137326,1.5064006006070807,3.888033530603859,1.835784863126085,1.3993997710197332,2.582257205398368,0.8960336806530461,-2.1072539593768504,-0.32006021585724576,7.341757325016478,2.1748993069821547,4.19197530102815,-0.22992781083671876,0.4785865141028276,1.3601775337685247,2.106285281097557,0.3511097169801051,0.9960539466278675,0.35218917069938255,-0.3846956932794907,-0.3144446514181627,0.5449961369250487,0.1753277939328509,-1.0289454081526712,-1.6774503141512431,-1.8631581889238138,-0.5995547406498719,-0.8844431902391297,0.7021628706978306,-0.7250297738332661
-0.6205257254782175,1.8380148470120425,0.24836011876733274,1.5122439361265814,1.8968683607890369,4.4226986585932195,6.733174923612392,-0.10730266188551132,3.2927179592872275,1.7632914088381213,-1.5867505307304886,-1.959138210823632,2.5567687268530666,3.0660759253098377,3.2286346440048397,-1.0421465730287245,-1.4713373947257855,2.8401746075251766,0.3534726629298812,-2.564306548770157,1.7653586205976017,1.7980753688067708,0.7344171381724058,-0.5208526668767445,0.21190268905427984,0.1440025284697896,-0.14984441727766715,-1.919537292702553,-1.3262096030955364,-1.8340870669933422,-1.391774135731976,-0.31206986998507313,-0.9176175268520596,-1.3602815391444705
-0.331729352765246,-0.4767056604230312,0.10389370568014418,1.4492974518627704,3.6570399350693075,5.452240903096292,7.63136966208757,1.8350112823291682,-0.7955752023224985,1.1876687313001402,-1.2066746602556142,-1.1445274716326648,2.7325138551976003,4.336040636793582,-1.5032311428295377,-1.0938715937630439,1.2465759386785507,-1.092264299699803,0.08903271569307114,0.06477191228180748,2.468882786399265,0.3165051843587089,0.935821044627378,0.30877562027800254,-0.0979154950118378,0.32075563638972626,0.08135786791814871,-1.7545512948823458,-2.2819123879440624,-1.813804038144446,-0.25893660426233384,-2.3563413853966897,-2.6008994683294606,-2.3225965345181323
1.4954640815444782,0.014535382104866034,0.8375630273568705,3.3785014884896944,3.17074399872872,6.343319029502483,5.189288890641859,1.7897539981363333,1.952752798711456,-1.0720848109339827,3.824260901602307,0.08814054588097468,1.626607121480896,1.6426527426409576,0.172890092825415,-2.686339798376234,0.9170755136213087,0.10668894163368722,0.45070334676737306,0.47229647972221067,0.4818801706553713,-0.08376139297257243,1.671179107323317,-0.09951850226084162,1.8002261711241525,0.39910037055362924,-0.06879937201008579,-2.0677870791981987,-2.1352522552842923,-2.4923047896202353,1.0832973170757552,-3.5696996640121323,-3.7417312375612943,-2.948828813005954
0.9672285255607411,0.9202508678488853,1.3102267477714666,1.7733207543031986,3.539003875204882,3.9707314208463145,3.83336168519997,-2.7470756020157308,-1.812560309381563,4.888476027107464,-1.1905723971300737,4.218002462642874,2.6569411549462685,3.7253409354936733,-0.5628717589790226,-0.8110485631965133,-0.38942514472544054,-0.10682380975333644,0.32630737817528543,0.03904907445135315,0.6253981467675688,0.6320631467193198,-0.2204664679545432,0.29664617987585007,1.3110705093752084,0.11183732847359062,-0.04249040458085693,-1.3560487741507388,-1.2730128106331229,-0.7304233280287883,-3.939869712319885,-3.7289303722093856,-3.783207022565232,-3.6017134561769457
0.8689474869617074,0.831430973617263,0.7999211825039073,1.0683692841364254,2.973696097496175,1.3786423564608998,2.2841568290313656,0.06549758994120163,-0.8456223190171088,5.756474189955862,4.888935358433043,-0.8780864740804243,3.7195772059218326,0.05524556377066238,-1.8605036609852734,1.122820304068118,-1.7119605653595147,-1.2970049247620201,-0.7117702868313653,0.3065277733413312,-0.34067663218285393,-0.32731385642866795,-0.037526052319045405,-0.4775101812127544,1.093435784488433,0.24807076352136997,-0.30773572441883396,-1.9926890681734684,-1.7787547859107093,-1.3425868107447712,-4.268444629533388,-3.81582219332864,-4.104812594558609,-3.825342247848242
1.9464314449328877,1.2414403766600495,0.6166703412406931,0.1988806617516062,3.477691225666404,3.346722330126455,5.669767315412137,1.829367215112092,5.316557044383208,4.63847747137649,4.544657790023956,4.065227981328816,2.6563280401913714,-1.4879697007273656,-1.5329127996883976,-0.42117351429016536,-0.6935710894287169,-1.4332210060862391,-0.5428878108261224,-1.431777758752479,-1.7722966680535748,-0.6347807045831896,-0.08584091589554232,0.23225439186882815,1.0425137706269767,1.3342924203772797,0.16332656736146006,0.8128404766346777,-1.8181108884331998,-2.8642657099627478,-4.303250622994676,-3.76838991810126,-3.441730986126527,-3.8764231405193774
2.74333820338279,1.863073066221771,1.2766341192790254,0.10965531642524007,3.3561869568177083,0.8648335452659716,1.933177540764275,5.520675762761852,1.6438468510305388,3.785755403169111,-0.1412684143381936,6.6070180483711125,4.415821687740185,0.020548328482412895,-1.1146231411731014,1.2554925235343546,-0.0681603287207616,-0.7130835242586212,-1.2988388686019312,-1.42061006723473,-1.4361859550659501,-1.6907351368576806,-0.9809359636126945,0.44431220886327244,0.8260153974013591,0.8991693756624959,0.5834509586930471,0.24857190686336605,-1.952487703387888,-5.640480305013465,-4.4198009386793,-3.8268886612477733,-3.4718530065949076,-3.671194005759062
2.2169279489985865,1.700419739902168,1.0630277465023752,0.4300085997069254,1.1509138321614598,2.014270742114818,0.15987051915712341,-1.3643423232257836,1.642452609670293,3.2426345403321695,3.360923609168001,5.532261915881385,2.244541281882803,1.0632004968468212,-1.990977087830319,-0.5805466503063039,-0.15562457601510193,0.8539662895462219,-1.617014453122838,-1.5009931370812015,-0.4018584691980862,-1.6633522032699979,-1.0876477188712204,0.2560316447657186,0.6104853179880824,0.5879965888260361,0.8936193054967714,0.3842145984990272,-2.108508748088306,-6.086082046218718,-4.670462044877727,-4.054306390713612,-3.483867257046332,-3.4165030410848067
2.239254532449874,1.7028594303863303,1.4878309000159562,0.018185809251552446,0.7506010980494427,1.9426966165184536,3.7608780851580303,3.6665469710263836,-1.168643250426385,2.554322452262287,6.263706052745146,5.638065215959083,1.8309224213815114,-1.467501774949293,0.7095095182260854,-2.088993211853517,-0.7970616143201922,0.0913296942235263,-1.492479648219182,-0.07776856735464456,-1.0622511419907559,-0.44632580280005096,0.4342703374439759,-0.09696512823053093,-0.07761832326383916,0.2916362992144138,1.1371944017241267,0.5912937702103406,0.37544862872222523,-6.118395662068541,-5.325055993376554,-4.665805391670639,-3.7085500633858124,-4.073158518857265
3.2552513944387984,2.0832179877210497,2.0806164181251416,0.3119436065471509,1.0950723891848286,1.198878781068974,2.529571335987183,0.7594856713202258,3.1088840530243202,8.135350387512517,3.287740707788486,4.112690159408978,0.4172910410957789,0.8156441317666728,-0.5431541959370051,-2.0082192380405157,-2.7549516336086457,0.15050749949776884,-0.7679838235590994,-1.5549037320379069,-1.520953215505665,0.180629557680505,-0.26945398606130266,0.30492732403718636,-0.5443078228459994,-0.14149404310429756,0.061243279727624764,0.108072468777201,0.38334303009697196,-1.5858616355737112,-6.122726906846433,-5.0211338897398585,-4.275077755199538,-2.917426814147276
3.1833482828822754,1.9464638424799834,2.579479259999204,0.42043514039130225,1.2728772594492883,1.1744769059803528,4.2527866292486385,4.234374432209119,4.227333482205326,6.295070048384522,5.668161320387933,3.4866540695648345,3.316326701064095,0.5362049955801979,-1.5495659526180603,-0.783129630577219,-0.20750555109496302,-0.47522261029366597,-1.1331402784914457,-0.9928185405614143,-1.139977230133363,-1.196687286643032,0.19475181595513613,0.3204827308813554,-0.10620164915064186,-0.5000500962355536,-0.030280536121606125,0.8345772264050728,-0.14551255579794098,-0.16230829208000228,0.9269560811471727,-6.267037636918524,-4.742906077697212,-1.39933932196404
2.960112758919982,1.8465830163832235,1.35543388405142,0.6045254456433611,0.8221923239692963,1.9252086933047219,0.07036272717096005,6.865203533576727,3.6092096648458236,6.146377169474913,5.663387002107806,5.673797594580042,0.09932974077567298,4.274486301915577,-1.4032640735216138,-1.036184385002494,-0.04918295747491555,-0.28990970217882556,-0.6682813290056301,-1.1523267649436733,0.2553171980860906,-0.6760160421448456,0.5940621251777186,0.2686400894858544,0.15638454022619339,-0.42886831285461335,-0.10007929698465727,0.16975459285273967,-0.4922600360237257,-0.28413842278646867,0.6138619947763688,-0.3811069736375196,-4.658455169263602,-0.9529363093044089
3.0952547099424192,2.314233277739984,1.7627922557051383,0.8246469097165777,0.4452551518181989,1.4877937570039534,2.218489862858623,1.4127801934229516,6.3044615975826055,4.943936817436601,4.340113264697725,4.52191996098269,2.208918058931142,2.176204350681096,-1.17819606957795,-0.4342565669908359,0.6401551676967028,0.35500146581187497,0.08450829588285914,0.14189161310912518,-0.9390046709861956,-0.024392296542709645,-0.02328356499458414,-0.0008359257890491352,0.7167062137760891,-0.4838206680636422,0.28387178768751575,-0.5775074712872381,-0.5285029697529777,-0.6530018201781486,0.1940862198211278,-0.4853193832421531,-5.319114276493521,-2.8486746889336985
4.011798593875957,2.366879669784178,2.065456409295183,1.2552660511970932,0.5311884789245539,5.266480953815236,2.896284700035097,1.8777170841130293,4.197870837338977,1.8418047542165568,4.861453013579232,3.831961988094519,1.5111536123403184,1.4590613182894165,-2.528947167652036,-2.167266447649201,0.08152627651724599,0.5563317717552774,-0.04057914474139829,-1.4691636192287725,-0.9320112341991371,-0.44336287735455276,0.7357962664815804,-0.04288157658615775,0.802111518691044,-0.4109589995787434,-0.3734099826708441,-0.8429994512864797,-0.9111108705561244,-0.9402409698773948,-0.8897543342434183,-1.2485575190968075,-0.9379393896185221,-2.5372422784458886
4.6624343267270785,3.6562226717520003,2.1400668312402837,1.109797285376398,0.01167686164939184,2.0825894995777334,1.0261442461851948,2.9078670019976776,7.190234534639703,4.193718016337936,2.8423058826886733,3.377492128328231,1.0476237340221608,0.7351903939696975,-0.3467706521685138,-2.2368042327245967,0.142151290789031,0.13506447029882554,0.6589601775620265,-0.41778065764474015,-1.021088036998884,-0.8643882918127846,-1.3303858724169524,-0.6373231376226834,0.2588679297879182,-0.015449129866755886,-0.27847884195988054,-2.05824398261253,-1.0361417019664567,-1.1092698054059604,-1.6159829630660567,-1.2028037262340237,-1.4030897467256043,-2.5276428088307377
4.643415183521023,3.13325215425526,1.8887464543748707,1.821947418255499,0.25125562183342254,0.28624700439925943,1.5871558808148103,4.08665516770498,7.136016684457884,2.4717559747940077,2.566399856615416,2.970521947555771,1.320494984939209,-0.9826185491897684,-0.3014394478038448,0.4711592124281551,0.39991521306777555,0.4397895294130958,0.3782405414069663,-0.05635765093912431,-0.354192462221738,-1.663802781196528,-3.1832392489823422,-1.0560002501351347,0.3245105898652204,-0.036305515236501246,1.139544827620081,-1.0728430640991076,-0.6001075727859332,-0.9074415232265837,-1.0009773836808535,-0.6557624596320942,-1.7645350433133622,-2.3813672805121486
