script/wind150m.json
{"header": {"parameterCategory": 2, "parameterNumber": 2, "lo1": 6.000198445256149, "la1": 58.999992894266676, "dx": 0.5, "dy": 0.25, "nx": 22, "ny": 24, "refTime": "2024-02-07T07:00:00.000Z"}, "data":
[rows 0 to 23 of 24, columns 0 to 21 of 22]
9.116278283676571,2.651252153366818,6.22216153065765,9.440158791136819,11.373546645178516,7.349352068392111,10.526679211124106,15.061126946686429,7.1625862637126065,6.687221397846006,-4.043226126284496,-1.0973242170616968,2.866801237661125,-1.6694131691847758,-1.2911617510426991,-2.0092384803525123,-3.0288887772207946,3.6648370621784485,0.04277180582710931,-2.163060590738654,3.5081894505281492,2.892308391357223
11.620771676238306,6.814660180581749,4.44199069876344,-7.119967295272637,6.078258539907494,7.851080038897171,16.445134578406808,12.173591827348867,11.193658211858533,13.410390960925168,13.199179738878042,6.471130074616937,5.902037792926372,5.8475598913704445,7.09925052731985,5.129568071321728,9.200882793096989,-1.0807953412442546,13.065359083713107,1.4898631809402174,12.253761391502572,2.5575158959520192
-0.6023460304878986,3.202346885435446,12.381350892659242,2.9513042159377645,7.41078123650216,11.620948920017847,-1.0617393288501404,-5.987426057963686,1.2969470676698356,3.6174564695214135,4.654146385647959,6.1455241193487105,-0.5287684441423843,2.683241869742668,8.178850989885804,-1.399183067069953,7.113518900185488,4.327908130589039,1.7324695924701614,3.255966210668304,2.4644561707488215,-2.134017688894239
13.93438275587338,11.105791971984612,4.851919057914608,-1.107596492575792,6.754332419404086,9.919235104867283,6.942319756068056,15.645480987387106,4.39540557854459,12.202781010201887,11.037916384711002,14.866813070250002,11.71920505378087,15.778734054955533,6.140590398399466,0.8479360344396492,12.141699206942816,6.294732505679213,5.855436208264223,3.001742258248689,0.09349485910261442,13.89747682200587
6.449820601052364,11.36108328314326,-1.648523075667692,9.146756554360184,9.983186358314192,4.744922283033812,-1.4106910572247244,-2.090650733861814,6.781449800301675,9.276728478963609,4.7911489757746795,-1.1480505999856172,10.088808121629285,10.77176433958897,-4.362992179496469,12.206639143212215,8.787143421039051,7.066979228557103,4.344246739978945,2.4550083402439054,5.550990209339827,14.33099741903299
6.612389674121444,13.452174863477325,12.509304535969052,10.680140977202171,6.867566077137679,7.039681194362135,-0.988900781641832,9.77261867235921,-0.6727488048668226,7.696993284794492,9.059137794629502,1.6800342518640035,7.552985803246873,3.9552762775845274,-2.936263335928118,14.2310470833264,10.285888940618934,4.449474154420425,10.638825398232287,6.170280461698544,13.086163894599721,10.695132562686782
13.698264920141375,7.024018336481718,6.556213406495196,10.22402273341837,8.617949066333475,16.834371508439766,6.855428077718548,6.522839233535766,6.831616261929368,3.6806324805915365,11.554119094550671,1.849152314414503,7.720845610480266,3.7642797277989435,6.603133962515686,6.726886010673928,-2.1289061573257695,6.686420960870924,9.727594203107312,7.7216763570256015,10.025260487647195,6.569677036999682
9.264229275183377,-1.3797467749440395,11.595288423082083,10.224563137689804,11.248809076652693,-1.4172962766601716,10.311515784965689,-0.9284339849748497,7.881289169185762,-1.0387010798018788,7.1571422907091184,9.329330657482508,10.199932914639081,-0.5888053133576465,1.7784823858719927,4.284596367307941,12.175845302320752,6.999739795651397,12.228436156416118,9.866392937030808,7.6082211223280405,1.3557444734997308
9.94500731139206,14.147882352968054,-0.9015012435573325,13.12976865490907,12.677880952249152,4.116036145606883,5.227712289328756,-0.5084506737552589,6.455398256037079,6.118787146775748,12.496044993086452,0.5888039068627225,7.934832567223811,9.620359135740369,-1.2016795271076852,2.350280641698004,8.366205847237222,3.705002320420133,7.788574684880938,8.090968022815915,8.643469117746848,9.582915326447134
-1.6930392252276194,10.673103729932894,9.361133699543116,5.28402842727711,9.662871074655094,-2.7117577335586374,0.049502007288477014,-0.11798551982644942,12.296296278687628,16.622793213672214,4.151967732997671,9.124745546999009,-3.372651889648327,8.192159288830359,7.299167702186005,10.536613230545322,7.784915333406571,1.5950563459278873,6.938718314380877,-2.0763562364097674,6.319786302155908,6.771079469405274
10.61114283509016,2.2151266193265737,8.111308756167526,5.7944532689831965,-0.7473645223327555,7.8553670579291826,10.301766663781462,14.165034647608225,6.493916289231366,13.541380006471003,1.62807678033256,1.4782707046728043,1.174216227224539,4.366845702394006,7.571407649029009,4.93536855983143,10.285425609386232,10.132748637830781,8.240435413537835,1.499143068958425,-1.8268804493125599,4.165466139516055
10.361673629995636,5.670567711974672,12.253739571790849,3.8225138636494336,9.675878790147522,7.498732342561576,8.215831935112437,5.8107609856512505,9.670057246848293,-1.5997655653351508,5.515148264422189,-1.3530600548214928,7.991101308302988,8.476908870127906,1.2034297463189336,-2.2457023061971952,5.122293303767377,0.9473638215030142,6.702641382199594,7.110706805683736,6.594809986044181,8.03450613862495
10.15850343455802,9.332528714984237,4.384638951411744,6.809939605184234,15.441752453097768,-1.330980410061404,5.25928641490934,4.014687726927755,-0.4686766363144629,2.326297927025635,1.4388233927285254,12.472275115583724,6.966344855689478,8.010179609904815,4.988869371030858,8.323579888226574,-1.976248113404996,6.433135033157671,4.585073989804637,4.226887196728935,10.53954986788838,-0.3000960302211093
7.01388903761079,0.926566905683522,4.728278725189525,8.393514959259967,-1.022884525747748,9.470343289062066,5.7469582261457655,6.03371323897068,5.8444865742075365,6.8441475045620725,-2.915515822057492,8.75645604159645,9.65579759508841,5.868248416400171,6.180651268542084,11.002979416409868,5.438677992882517,-2.0994164038413183,6.6692781844075055,-1.7941382150537155,5.5773484449606485,3.9142482471668494
15.610554244668577,-0.5321399515039864,5.598386311234538,3.2846534566404486,-1.4179746279113663,4.3696150836596,0.4288429969629405,8.17724026602464,12.482958077410089,3.033724316766043,0.5042655163629739,4.758232523962852,7.129831675491317,7.488708048088972,4.023306994529847,1.3821597020746665,0.514298784046189,10.724475320529105,-1.6271611214781132,2.507263564601017,5.519814393063591,15.295913968956521
1.22602993117399,5.7603644934509655,7.235163771984336,7.759224168608804,3.928629385967085,15.14016198442317,-1.3213463448780318,1.1808615345369535,2.4309937410863602,9.674506127212425,8.084963881503212,14.602783866211475,0.16268027852465558,2.5563950002941183,7.778604995198638,11.546006790039794,12.748966813629767,7.271364336781731,16.637541410302628,-1.4140883266133564,9.632498357778749,1.8360050144691418
6.283353087242752,14.512146157929035,8.041368327533299,4.024490989849941,-5.817013090510577,7.248328744417759,8.132814731647292,6.381410837570194,10.633934570501614,3.283323198545039,-0.5741317326884973,6.741205593971499,11.83098179286337,10.255599127131484,10.656520261674343,-0.5922982848386632,9.304951413343025,10.43005481414038,9.37964256241615,7.458903566553446,-2.167763895549652,9.28327850058204
7.187997950727808,9.1973816757087,6.535887973051074,11.292122880351965,8.311671685559915,11.549948397598548,11.93560135028453,5.005592078017449,-2.276133909880176,3.5218630636893575,6.735139682788626,5.425297868288469,7.446838491908302,-5.058789757437887,10.751691298790858,2.7399844532430477,1.351663364536761,-1.7955759885870237,1.953864458429976,9.694637955825431,4.8723318963772915,8.026869259478165
10.33367046755254,9.649203970628761,11.290884354088114,8.504771351960063,10.42476294391735,10.971637606089947,7.738499924793951,13.914971119836261,0.19320198229669164,4.158367768739466,3.3792417437241746,10.243632405332423,-2.4075998938516725,7.735546291252363,11.039796117735591,-1.022029655007294,9.246675754483245,5.96829940408311,-1.09419825880095,12.161003813190227,9.478568443492865,7.4038391122618945
8.379183853182793,8.618253862763636,14.151362128084246,9.398129684392707,7.46652411325052,0.9986747393152929,8.341744842803642,11.982946799535624,14.106315449703422,15.636750729369107,16.49240861533038,8.669847058671877,-2.316231516459971,13.198024893584458,-1.5023117460719164,-1.1617842409476864,4.916251646223411,1.1210165638134806,10.66862802860278,7.970438340141141,10.494523348531164,3.4636349651251286
11.08592964432383,-2.0146820962889724,5.435864237376247,13.506181497706729,-3.2455440786849903,0.19503229425528715,0.7146672246089313,8.122557887090279,5.7810320983848005,1.667274602534949,-0.2200499498215665,-3.1031895567182275,5.552277051445508,3.467810426822898,11.583411460460523,5.9055823664093925,-0.6387167072417604,2.3306021953524203,9.739842282584608,-3.127330314996154,13.365558180449158,9.864309652235383
-0.6758849093848056,15.39588989975037,13.393711289620134,-0.8547930420971018,2.9703304979164042,3.8358766214640725,6.106129961910093,15.694333556155197,3.5732170466717577,3.901424631000005,8.758044827943642,3.363407614894175,-4.03880293898403,8.743985604123703,-1.123271693987479,6.427330810638476,6.964853033839346,6.775037015584211,7.652167471947188,3.246294218422752,7.989021950297795,10.758016202114343
8.101455413367972,-2.485756457222326,-1.886385889806734,16.152577897433698,1.3225065344065972,0.705729349066193,-4.0918753848784055,-5.15430850354952,2.9518357918717717,-0.1194715320116971,0.2538591247991669,4.738985113220318,2.5499180425331542,-2.5646543923127765,4.099796543418941,9.737664817998809,5.809560849556949,12.280238850005082,1.0495867236589782,4.4129204015254,-0.8689869239868495,2.6981365753797317
8.980482455822267,7.60696437087907,-5.612999220763152,5.937829138599696,1.1602022830998409,0.23861057271698105,8.752728944816836,1.3361769593507125,4.532795996301046,12.506751829443278,14.69593760646635,-3.3715499335510914,2.0188931889297654,-1.8792964756732322,8.818289170166292,2.6612104601802584,15.430674393339814,0.32011318535098054,7.6757485788994595,9.564210585347503,5.741236306591222,6.9775859224203725
