script/wind150m.json
{"header": {"parameterCategory": 2, "parameterNumber": 3, "lo1": 3.000054539987559, "la1": 64.9999836372058, "dx": 0.5, "dy": 0.25, "nx": 34, "ny": 52, "refTime": "2025-12-22T11:00:00.000Z"}, "data":
[rows 25 to 49 of 52, columns 0 to 33 of 34]
10.385411131462682,9.962259411072948,10.581954218420362,10.651415935043287,6.432703581765637,2.002542915438003,6.3273237700561795,-0.4194787417893112,3.046603493015074,-2.3525674895966873,-1.7340851397018693,-4.615729945352307,-6.150270493607897,-4.7764633262390195,-4.384377275251701,-2.506099105785462,-1.2817232932682912,0.8354080227218748,-0.1982593249041676,-2.879633702530082,-1.9457031165964263,-2.064450478879433,-1.3062740401291975,-3.1627409984291677,-3.53383172862366,-3.3143160103039713,-4.57374280170565,-3.34628644456021,-4.025443155850535,-5.014195094314072,-5.133854229733652,-5.259746770987661,-4.1750979603981335,-4.439006450820674
9.886991008301479,9.787379783940446,9.712671717633842,10.557887983714732,10.030923399467964,6.546103740413235,0.6207510183903399,-0.5433502576182062,-1.3979282645272186,-3.5055959680429694,-4.610952349072435,-4.930590656321171,-6.604980512745663,-2.251500267666814,-0.7683150416948543,-0.44598368564234697,-0.462790125155396,0.13452860446378115,-1.4002688373838839,-2.814799257345688,-2.760438136450742,-3.0362256823580234,-2.720722763576944,-2.207149104847832,-2.4792672037873364,-2.3278601412176108,-3.120882742296147,-3.348610965697337,-3.130240495706767,-3.678587554586969,-3.520325913498795,-4.311269010220429,-3.930911018969387,-4.287987565543293
9.706422701011101,9.883549480477182,8.943507723540764,9.050326716818654,8.120989003994117,6.433298600864561,2.8588883002751277,-4.406802202520172,-1.6542871706758395,-3.422939663427419,-4.38888321482145,-8.56846350741034,-2.4762988671213266,-0.16536534703605804,0.7247431924666233,0.9193922915728302,0.7578119134813222,0.9168393401299514,-0.26937525893122977,-1.3827068640871258,-1.7382797705641033,-1.6124096862678103,-3.7484946065635185,-3.7044752677800066,-3.7931008744406287,-3.8088741702391924,-4.458238733998228,-4.152883476671831,-3.4203754913661206,-4.1017851893832935,-4.411302281611899,-3.7131001656188998,-4.022931302581767,-4.334822396430173
8.803276672270027,9.112554481127809,8.761782694093343,8.085860917328878,6.5901832610046585,5.383409947279545,2.3057112742641936,-0.4789465534962819,-3.3240897883814506,-5.529246150135467,-7.707541979383687,-1.9849070186743947,-0.2845184359999123,0.6960997522662289,1.5007889065662041,1.1810411914639372,0.8461584163702301,2.113517938630941,1.7602762524882507,1.322000183619048,1.128779299994914,-0.05012657621628306,-1.534628458655566,-2.2663363387181397,-3.9547353991798593,-5.058084664662871,-5.579384841020797,-3.9585293063736184,-2.724515236986621,-3.517195805695155,-3.5025951200876624,-4.073335220873585,-4.182187315439894,-4.2038207235006935
8.315380942255453,7.939120044091855,7.896659294556753,7.657304751096896,6.485866120009078,5.830525256895949,4.961008297460683,2.9849845615370265,1.1294916848054068,-0.5388464011598447,-0.4367824950657893,0.1637585575401077,0.8897322974815606,1.1079979738769146,1.6990911170950065,2.0677284947979544,1.7071587692067811,3.7201089157407705,3.006504046949373,3.8456899851689608,3.938431271569145,3.1361812413008265,-1.2622572784327029,-0.7066806754565372,-2.1732614987729804,-3.700126546575644,-4.4096359171899016,-4.303799752547027,-2.825104651398034,-2.141801634785537,-3.018743508550438,-3.148609227927613,-3.033210204503166,-4.166708344483712
7.916730126845016,7.4329543497237935,7.236562183692421,6.454670992663696,5.749463497928375,5.001705850402743,4.615521103119448,3.5500489505703747,2.5267583157081765,1.585789716419288,0.9362921118080265,1.3799139249686434,1.4478896374963344,0.9858890685448637,1.8919429108779975,2.956491788106284,3.098702175813338,2.9847390873946473,5.391752255211269,3.225630029667291,3.9379530549945194,3.421356792785657,2.3786241798463648,1.5784496144523665,-0.26506236660180416,-1.6690384122666513,-3.7324948600237464,-4.154669719624419,-2.1154596002270223,-2.197129434626887,-2.058043211611244,-1.8710340918789998,-2.831222375874318,-3.687414055998945
7.877337595591274,7.531761049572708,6.5898314627800465,6.156366987127365,5.63849644182417,4.468239260363011,3.8615383720978915,3.8150704585395463,3.3024872439903254,3.1724347778048236,3.134223873499323,3.444965219479737,2.964059531981941,2.854235119018361,2.5371703519531668,3.604819270260854,3.0938552509303987,3.645596019848279,3.700227712513143,3.193848503118035,2.4186470138070546,2.5544688446425208,2.8893219270862214,2.465864421651594,0.7835455226617767,-0.4796302688987679,-0.49254604157092996,-0.5976101216752556,-1.291362188327495,-2.369329116821717,-0.4463757409661119,-1.1391604548239678,-2.8986858694701363,-2.920617024066834
7.550943410079935,7.167906832927142,7.07264957212601,5.884900513848792,5.7453163883381615,5.0598991336229195,3.921279098738528,3.721808561850883,3.67504025716861,3.6838318702425505,3.782887883422863,3.5783942047343764,3.7456188977919616,3.485075164987238,3.2635895045622085,3.531143426831505,3.721375564728835,4.229206936130372,4.565518629070606,2.6428931450699213,1.5263782753647097,2.0497675557124655,1.9232327419444795,1.5317330182089657,1.0435200359163739,0.7037300611458879,0.1923080599127873,0.03649995035010981,-1.9877732274236453,-2.8100630186875044,0.36683670755348025,-1.762155287776385,-0.9477773785988528,-2.566839880820867
8.019276879928148,7.692500039906605,6.999655475088018,6.758617820047586,5.648267888378698,5.461411543751954,4.964383819137006,4.462951192222085,3.9458472507952633,3.8055182163251247,3.5941792877116407,3.232619859066784,3.845604405196276,3.4440783916686333,3.2134224198696684,4.082522535144082,4.135819086467444,4.001459739760532,4.483200658773468,3.2888907850781317,1.7535065889700157,1.8973846767514049,2.2340744629799945,2.012781130683054,1.5986406147083077,1.0393657195463881,0.3642200809633985,-3.017822651517496,-1.6624566749782337,-3.2454535127011392,-1.0056453939774566,-1.529495900905186,-1.204720084857802,-1.5327783526275522
7.7395446884329795,7.25013741139058,7.2193797904388965,6.7023974429761735,6.03068860885068,5.891881509964862,5.610827697966406,4.883707973716785,4.095135258228741,3.5183876571903054,2.7510750373834023,3.673185047499938,2.882554964828949,3.3887114406919845,3.0878512885962333,3.2992557126759308,3.7806835510642745,4.328890842457904,4.713742081511606,3.1108061862434555,1.2666410092304317,0.6564335389383162,2.2613654688343887,1.8497971504012316,2.1399454860199647,1.0182142663244242,-0.33515492584657663,-0.1687584211720181,-3.190436408609101,-0.41914399584165984,-0.683982558788841,-1.136879292750497,-0.9009215071136633,-1.8020510354626593
7.678537692188926,7.394517717349936,7.226913474086521,6.738363390109023,6.4052152247654375,5.9662833679795835,5.824232143557379,5.556342044353258,5.009147212580885,3.833572501310743,2.426474474228772,2.858065127716247,3.304957161563296,3.6421245623581484,3.7268104789034378,3.7677646489736274,3.4454321165355037,3.7618535659583876,3.5411289501376424,4.411382399341489,2.1964529091938543,1.3435132964573238,1.5596337554294097,-0.30429039504329114,1.5966594228199071,1.2038255496109331,-2.467752057682408,-1.3524731708633677,-0.30403606858425547,-0.46090437663903966,0.12149841181466597,-0.34726794087871965,-1.3003190235392625,-1.5265102705469584
7.175578758411964,7.286855230365385,6.665247650900748,7.132830381851463,6.599760845432704,5.952818706847852,5.700746341497169,5.247001770995678,4.52784710563448,3.8968951354843067,2.9196199248142314,2.569534170732524,2.867140256035146,3.1213549407552326,3.338700594240806,3.1978000549486354,3.4978449438648638,3.556377719355557,3.6605295052843583,2.9133534138034984,2.3234827570656464,0.8993940240167967,0.41635451071373547,-0.8065568746227588,-1.004847756850937,-0.45535417364847763,0.886363504202906,-0.5262132784968742,-0.8120662810402549,-0.2716441558039766,0.1818952889815255,-0.34420531122398657,-0.3297546039147758,-1.070572908212612
7.307551376119964,7.52328349747826,6.661406642370492,6.948773343047541,6.8498884059733,6.146367348685286,5.641754129765838,5.645148234549378,5.137731510064484,3.312339681248793,2.727136186418243,2.869364902198142,2.927026810758853,3.201255861816513,3.638715121917491,3.4388542602576413,2.1022126199922258,3.529965315143144,4.3803387697252765,1.5361511751421062,1.063684177757633,2.5045488942213403,1.9013566506078845,2.7645610711691004,2.657137035958773,1.180366980615811,1.4866098859165666,1.1315356028492793,-0.29861068674579194,-0.20435635486067857,0.01749115507517395,-0.3295855580627394,-0.802328043876779,-0.527652443577522
7.69062307007234,7.122369623004286,6.943705517852134,6.438241856684222,6.63882473242045,6.096376329943239,5.213722985925277,4.990439432887247,5.075554988368127,3.8611595803977297,2.999154805437571,2.0651362480372986,1.9782104486769645,2.0923190619309815,3.3454369369924044,4.40058653033677,3.577412489162372,3.7327808109021614,3.952188645458467,3.5856320701031232,3.5558224447807234,3.7099721539513264,1.8262980552140047,2.174059852877655,2.9879133037603163,2.70282403324192,3.461829540805363,3.0085768546059337,1.2988298490792658,0.0018450713907251664,0.47257293077742746,-0.46096579305027113,-0.11422855907950857,-0.5619564875712941
7.187560799474645,7.152676616795434,7.119864676275412,6.5733814261075025,5.802321972408851,5.482783940432798,4.814219045840512,4.816649744617822,4.484732269776231,4.227629304800273,2.639363183920236,1.726802084678502,1.9361852965525932,2.244638312600717,2.9562351239153566,3.7918642583075854,4.473479919742624,3.1227669675628387,4.064499563250829,3.9568422003376207,3.8351784317064306,3.5805470219132753,3.205133920476835,2.999663685457789,2.8698553344521955,3.454118972514848,3.5876811412987344,2.060556041813175,0.8006643449465417,-1.0938507875742731,0.98395105966106,0.3137611999605322,0.03382479779703546,0.23655610536373003
7.623971023941738,7.370470559004812,7.193461100166526,6.343811058308119,5.5927590345565426,5.404220243119864,5.143965277020441,4.725898409105958,3.8879312308253926,3.2642767960446295,2.0226574219804214,1.2065752219798838,0.9712995426454288,1.9563823027911378,3.291986761533429,2.3599292909090597,3.6883369771774097,3.466560080277382,3.1303885849091118,3.8927693287033747,3.7207381837268056,3.6210978681561192,3.5598772220657384,3.790825646714488,3.0378727158903525,3.115982402841113,3.6966730981740548,3.8918968783663246,0.47506111340877555,0.005556342452438799,2.43737805615456,1.801741936481231,1.5606972477926866,0.5154393749524728
7.865768964609504,7.636887693100107,6.63781841569166,6.599387204949609,5.904101739551679,5.3493173621574766,5.035059179510676,4.015002126468286,3.678961987560262,2.828147613449628,1.800048174287123,1.5206383332889764,1.2112520302157592,1.1794690842391864,1.3635143966301033,0.7039549610942026,2.6557410123665965,2.4974728760034064,2.8704051787967333,3.478966391426069,3.710148333329166,4.161330656500914,4.625975830055452,4.510178223579677,3.9898100904182794,3.5106404583776794,3.7321594621530303,2.615254841544333,1.935051560703187,-1.2498004935704248,1.4060054405115785,3.789054565545846,1.4554282931303846,0.9871455586826409
7.878730981623083,7.432604558711943,6.9467743817349,6.538760344461515,5.761376537163746,5.229158533124176,4.291194596971596,3.6918747152025997,3.3294226490927596,3.5767878364998937,1.8917503157405902,0.5642367189141685,0.26632624973697544,0.2902774020393483,1.2561442922220196,0.8515449090283227,0.7553466425179582,0.5570880047094978,2.199527795571248,3.409835604653085,2.885471258080494,4.018398866370774,4.306111371554458,4.868519275523692,4.568798617494988,4.378449885411851,3.8879447521728845,0.9573521384108393,2.0472986166641287,0.2701869513297351,1.947522210983844,1.9854908342435942,1.755552148692662,0.324970349993003
7.727989265682775,7.254370659144125,6.686491694320303,5.764448146007416,5.167332334105874,4.722654381859444,4.272808971799515,3.735604689666446,3.374148073441843,3.035496679628959,2.331129710577294,1.1953297961894438,0.48570062427494526,0.5413010719084083,0.247171793117432,0.03378741609241779,0.07769886118706715,0.2892073979457013,-0.40420393352303763,0.16546344443260128,1.8922822101065508,2.8914292759414435,3.521373099581992,3.914597727069028,4.527852721729939,4.80690764716652,4.085349734250304,3.2210205985511706,2.7508384461662665,1.881715734613538,3.0921089105753534,2.358127148849555,1.5112750457819792,2.7044713485624
6.890632272163151,7.2450084405402,6.105449998197899,5.327666688837334,4.506134853642256,3.949298974895354,4.062192852556938,3.201363217700089,3.424414507302203,2.9900261524088476,2.4250386993144124,1.3040739303631588,0.9855404872241316,0.5223640306825034,0.7658516346548111,-0.031283720720884194,0.1377845317516375,0.8965210232104405,0.04055106869837415,-0.5049429044777194,-0.06053968172526603,1.852020313253811,1.7818173065307434,2.748150418654893,3.3245182839252183,3.506944537882822,3.478799066470398,3.9476140858790134,3.671017392632517,3.3095353230437556,2.633145231078204,2.656638427699113,0.7529378180916027,2.6849055551786662
6.31108978112456,6.497579078103467,6.324143185055454,5.318609025744423,4.810709655903126,4.244046715223057,3.806495160733895,2.9985159657576945,2.3772794291646973,2.921278768724528,2.421917049694154,1.3987239811859502,0.5983807881295039,0.5049845601176612,0.9100872394932716,1.0493189619538725,0.9920012361714824,0.4839370644044784,0.12258416242278425,-0.11824272522877126,0.038164108365434976,-0.00890197677379235,0.5837659953686658,1.6608059498128493,2.7149027675914224,3.787104881453543,4.412754116061584,3.4208801939919793,2.2207808022462214,1.9523339081509286,3.0930184709755455,3.3461546786788072,1.554069392142022,0.16062997569704734
7.049670286918157,6.769985255908394,6.411509069300685,5.821472931827964,4.5088183877802965,4.182803428478052,3.8421985232148326,4.208759018185017,3.0544472061663592,1.8752385849173363,2.2637854074713277,1.604913106338076,0.5519811898063895,0.6621500648425136,1.7261640028869778,1.8890482190565683,1.577759188738287,1.1475130859305753,0.5507530125535499,-0.3903805160996041,0.16143994382412385,0.6770564354945532,0.28917116468908227,0.8347455017807371,2.2697068157766913,3.7095802601149384,4.0171624772309205,2.73096694370995,2.001822543919133,1.1049278889409735,1.5981988150006696,2.2549347616149342,3.4625020358699774,0.8180244434778046
7.254351666501225,6.999316140926805,6.191074520765248,5.611050801160329,5.034601767595557,3.958597222414699,3.517997756810605,2.7770864903737915,3.217786586929342,2.332741141842093,1.8900850694860294,1.7496840494895174,1.5811712424693958,1.439473209144033,1.380188775576465,1.655529725083296,1.9259104595338867,1.585141501727046,1.5404195657965385,0.07096293949172962,-0.280655222147132,-0.11457107139203453,0.26799657079003547,0.6096989871902978,1.1777973844160403,2.1460793625544325,3.196585869663286,2.238940563652272,1.3397183239198913,1.0996679832747334,0.5449456498146465,1.6683855621206545,3.436613822256089,2.78964385789166
6.61553394797164,6.7791447991588125,5.482780952942778,4.941867478379709,5.085964518166069,3.4895912980050925,2.5758000085133634,2.7160419164471477,2.6093104339055047,2.687698509836614,2.12907440398048,2.2042156443499064,1.8081693152955818,2.026733383615337,1.703359011852863,1.844446622784837,1.3589586622792467,1.9072182907034319,2.0944871658906496,0.5815259798667236,0.09654635494877312,0.28074791308916414,-0.35969259053912783,-0.18656461870779625,0.4225699269311875,0.47415695278092046,2.1714330572958747,2.2947401166568873,2.022367063860073,1.716275722048244,1.362400146322586,0.7467382243663935,1.8162046310545459,4.917423563274121
6.652383969654336,5.8003009376861385,4.645763650692674,3.7281882889233606,3.7234725001770816,3.3986468879718252,2.4631528942303738,2.3228812660336935,2.1005798277782697,1.868165754802228,2.0765136276183958,2.454222986926384,2.570610438826034,2.2787833036414877,1.457793604783861,1.3813633093751438,1.7701203157547787,1.6536081992785658,1.755831646005932,0.9698301851996226,0.6389643769013511,-0.1780379287959689,0.300941392478843,0.14777703645159873,0.7104501193774112,-0.48623181853170583,0.2281938036725668,1.6344263525622644,3.1817794694908943,1.9499187294963998,2.0974186684571845,2.0822846480153157,1.3493032454651583,1.9878134833523011
