script/wind450m.json
{"header": {"parameterCategory": 2, "parameterNumber": 2, "lo1": 3.000054539987559, "la1": 64.9999836372058, "dx": 0.5, "dy": 0.25, "nx": 34, "ny": 52, "refTime": "2026-02-15T05:00:00.000Z"}, "data":
[rows 0 to 23 of 52, columns 0 to 33 of 34]
1.8180082500280108,-5.221921667389201,-5.106502220876626,-3.1462898949313582,0.38994473201579066,1.6054373999173546,3.097098278344501,4.1000709711365335,4.126303778846743,5.0069669749453904,5.159568290211634,5.567418129454836,6.743621594317292,6.1649392260217475,5.309950527246461,5.0780213709733895,6.381377130523233,6.6703631954541285,6.470022208484515,8.14893615598378,9.038342849553878,9.153589550892153,11.111458299165601,14.667548705203439,17.88275517434401,18.252456551598737,17.588548681358738,17.33257244787698,14.169752411722218,13.560385393451902,11.626561924109431,10.610548470476495,10.08499933992176,9.277924491483459
1.6302298219975682,1.626697220563891,-3.6260075274580985,-4.8176345462939825,-0.8402423430157409,2.0565338348120528,3.712706224660883,3.9213601935698077,4.131195625645398,4.705024443442724,5.201231004983942,5.708472526466936,6.008537317560594,5.251670853189478,4.3831066374983205,4.044757041001717,5.574445182534871,5.93512414438545,6.1709991152184225,8.843650609626373,6.20150316476436,8.67093253679183,9.76783222698453,14.453087760312545,13.94156475760658,11.173727853748002,16.337245400811774,13.632747088621375,14.590692858001624,14.092538365305886,11.835420935576819,10.286499205177432,9.94336035357975,9.684883056580679
9.41071011731594,8.041357065403028,5.174411834485762,-2.3747013050597796,-1.8510362129388358,1.9655151625158154,3.7922194317498996,4.097431635171933,4.673638432180192,4.518080952546413,4.968866651551925,4.967557231393821,4.5569960771699485,4.842323790444833,3.6677808425596825,4.333572465532296,4.837540270243139,4.383207709803474,5.278189481872144,6.0377094878999955,8.627935942191538,8.846568862083622,11.053000219288215,11.207318814560853,12.157943131331924,11.699937799595407,10.116078566137354,14.036149829559129,12.878338969331125,13.285477794626521,13.313870762463608,11.5128618699706,10.344420613920397,9.635296282431772
9.976097690140712,6.690724316856109,5.189583545481707,1.631099117827302,1.1323475224969737,1.604136988797575,3.745747694511704,3.7845758100242572,4.6363058571512346,4.0859356803065685,4.549032972539725,3.8468174496197833,3.341434078627986,4.455845161240103,3.4165866612471834,4.62334044996401,3.182358046131756,4.948233723880557,4.55704583605901,3.6698036993835625,6.918482192048692,9.107887087410836,9.001094254417032,10.818045281940549,9.123066343958085,8.948637007563574,10.557392954217653,9.659023630043892,10.791408626761843,10.412140274646658,10.955534502060233,11.499563983964986,9.465525470498111,8.635849598799936
9.301717727302133,8.371978180148382,4.181699188166737,2.2872683068539374,2.61007519915158,1.954728040303717,3.631877054611786,4.135715105188353,4.172719535350651,3.9732333792175782,4.29610629737147,4.925770642224711,2.823048993206134,4.65479082543446,1.9051557423127679,2.848979961861578,2.9524017668431495,3.31057618994582,4.73540403132705,5.810767483072036,5.2892822431419635,8.359998986844356,7.594514876125629,8.988052325565981,8.628131984972656,9.278623053868014,9.195358382596966,8.95489256647861,9.892291304674446,8.674127822503271,8.426365545267002,9.543310954512013,8.35478222351596,4.669368041537991
6.776248331025213,6.439181852199195,4.062909301652106,4.383117620202122,2.2699747992059844,3.1322035402736543,4.172921490158834,3.683612664681446,3.850234986296676,2.682216876571033,2.8051840166779796,2.4228612448633093,3.6935645360854608,2.994844041788436,0.10412945695890297,0.7583559246462706,0.9644622282237864,4.392702415056563,5.511886163636286,6.195790941484295,6.802864150428351,8.195342854897259,7.994927987377887,7.286611912976797,7.776817643830345,8.801098428197532,9.052115372760884,8.608841987380732,9.062214012120355,9.622829177304473,9.723829015494996,8.160109436735448,7.437485628899738,4.15796570101389
7.794187648004936,6.882712293061141,4.576417330229758,4.044131837885864,3.2310349377776526,3.422392019697071,4.088669721268166,3.165019584684713,3.161251976654841,2.3261773966399057,3.563743370484824,3.812530588818007,3.2484321873692172,1.2204519464063048,-3.6096642311255027,1.978022429482783,2.97730802295763,4.03924781408716,5.385057558145795,7.211576322795263,5.742647587534996,4.47802918926431,4.598243257376909,6.213716910343973,7.430253931427683,7.505799414873869,9.06446965890339,8.734169126299578,8.543366304454569,9.142694297581352,7.393162108044372,6.536226687546542,6.041360795866434,3.7020540752628692
8.485074377152939,8.110983369947256,3.786251217369962,2.990204671858022,3.488712483106716,3.425703688284837,4.236634134317962,1.833864306128161,3.8572157264551556,4.3950286606606594,2.4519737533988764,0.2205226538851194,2.661787331609995,2.4695585443163335,1.2210500594408489,3.597041797268884,-0.48583846037794254,4.736297064430729,5.353734126527935,6.424978862288624,5.4467251150877445,7.316565486800841,6.404933781945996,6.662412927231384,5.918622493619234,7.174175784422999,7.963757747683828,9.447469782688179,7.680528139417687,7.220689926265344,6.284293273187267,5.374187573627004,3.5539420974416385,4.4910727271955535
9.121117479180786,7.054509799561287,4.029914124629305,3.1847460536016228,3.5913158770841025,3.4631755028468274,3.7424149188894447,2.384755729375346,4.938203214281141,3.6255288533079004,0.5133507697277067,1.476499823454009,2.2358169444399967,3.750879564614896,4.302842984545341,3.6724979390136734,3.1899242078837435,6.088318846930578,3.7373360994742804,5.130790704176245,5.324978403389553,7.179260396757428,8.960754273065232,8.514826137131244,7.060297143846586,7.21907869446731,7.3120335493550686,8.058941989617562,8.062593768215235,7.246755521963592,6.772982095705736,3.4260390817213433,4.074616466816186,3.6555615546138744
8.551952841786635,6.408063281788867,4.072678654944793,2.9513491622264394,3.017643803999444,3.267165540267173,2.2353506839945965,2.2910244254109102,2.6742571140568514,-0.19174665432240126,-1.24345689899445,0.26741902979103876,2.9909085626483685,5.6456165395941005,6.070399123833321,5.82709575075853,6.30835301372456,3.7490984685979356,4.989117283328544,5.706875262836308,5.184210929518206,7.201928912457839,9.178359864721376,8.298886445409398,5.718611451839038,7.121242457424067,6.426290068652793,6.82995733265264,7.526509151550402,6.825287622142074,5.967279345953363,5.00204364761254,4.545493845217717,3.733421986589365
7.1596938279993285,5.494812172134792,4.278179499090083,2.40964974810699,2.592399665876478,2.2069806798618727,0.9649709955718846,-0.521752104119902,4.454462956136683,2.876178103586595,5.704206727138085,0.7835937602716507,6.739626973357639,7.976585233391401,8.130416977057552,4.849541941209364,4.381004353164347,4.145448730392408,4.9698501900312415,5.662770124201941,5.797543921622817,7.387754705407151,7.5773232564976665,7.2891315101461975,6.606911575882943,5.638561744780085,6.25188216841056,5.746794689600138,5.538423829180376,6.598109434580482,3.8476755635891093,4.480363333804794,4.129705775992294,4.137046259036395
5.7089961470721455,4.330227756714062,3.5743984754486915,1.4274086493745621,2.3799030467142925,-0.5584117720743591,-0.9257528831588342,-0.38331048895861586,-0.44684228589142766,5.171368087134683,3.4285996613973193,4.327081521221152,4.711456597456774,6.804551775846003,6.305681907053779,3.0765012727610186,4.611334642456627,5.509603080867553,5.03692075960843,4.708278462639837,6.540356683747094,6.979989854236849,5.498770738623247,6.817244041866689,5.707010573894702,5.530347852569579,5.116859527335836,4.897341471400461,4.4904152149561,3.3774450831124487,3.467807088397647,4.347013852648138,5.107096905646731,5.196839847077478
4.598101282278598,2.877341289531914,1.162746806687084,-0.861361978184203,2.262440526766972,0.013580891675738983,0.6949554258677595,0.54709807066436,3.334047317604285,4.695068860116795,5.354498229699805,6.6840377717353645,8.530497758484811,7.138190778563805,1.383133576034637,6.402869711779458,5.189020014623089,4.684750626940472,5.9832893980082975,6.411076272281331,5.193621184832102,6.643159730295241,6.698151777390559,6.923398358109062,5.654216023247296,5.482184972037563,5.128707231507122,5.797562162939583,4.330513049647176,2.3708356237561357,3.634608676587652,3.922783190735455,5.060061591929889,5.076985850631244
3.9052650252910595,1.8960115831656512,0.7884902565473224,-3.0070972335312267,1.332299232115857,3.953098942519754,11.072318497756124,0.2115882768983235,4.274396684087078,6.9439369902881865,8.486366651643106,9.174860989120296,3.2950175583870713,-1.4406545509091575,5.861109129260569,4.623231103944688,4.562334244990229,4.16501205686382,6.266280002625398,6.545261389006699,5.262497262877149,5.682840211660227,6.900860528818824,6.309290415247796,5.649706567616545,6.301944148760213,6.59750942205014,6.757431798932854,4.623548214238723,2.746394328611415,3.8453316898622627,5.139892981509092,4.9874809632642405,5.369950957285367
3.0539823536463118,0.7734390289440469,-0.3192603641452194,-2.82658485970862,-1.7157590379126137,-1.3785586081804513,-1.5631371100265594,5.393429066303986,0.46493590080359054,2.6832372006274703,2.9918314490438873,6.928848535978889,7.27075657526251,5.650044601655,5.167581638033802,7.6385639730815935,4.103233001119632,5.689560540121342,5.457438597094786,5.401563871924714,6.741008243228792,6.4347528291354035,6.563120494880589,5.624402581291981,4.143619864854026,6.8981000234797305,7.256596268849788,7.036720783711573,3.325597616584397,4.148322852375239,4.516091830372524,5.955546342197642,6.642049442296409,6.0022825993358415
1.7646624472069818,0.5197108362985666,-1.59394632503275,-2.353344591646955,-3.165303334556091,-1.6532623877010741,-0.7096709612671018,-0.03352733471530477,-2.698167866642971,1.434047943845705,3.4368648618297626,6.55127579897035,3.66140659630409,5.84617280619609,3.7921649044790042,6.76462664070594,8.73179447428314,3.9948621271804674,4.542668722261228,5.426350926663179,6.625707799604051,5.761358432969193,4.926881823609122,5.511346181514853,6.883654748872504,6.532263516154132,6.828086878273712,6.122240908916801,2.1082462767810894,3.5956848690835095,4.31078366305651,4.347713125918296,5.477200331080403,7.372997216935193
1.9032096654684068,-0.005853118375654645,-2.089199873518714,-4.036931653739474,-3.8073431440526315,0.2426309681571352,2.087371635743369,3.1946387876061038,-0.7011482842138341,4.64217469805306,5.225349659857277,5.182846788978816,4.039770154914613,4.731419188140487,4.516882864427875,0.9136239595142316,5.393635659568419,4.805921737599855,5.816774659354636,4.889735487161023,6.252888260370763,7.204252638973501,7.237506298437299,6.33848465349571,7.264955471559581,7.374621966893876,5.150256669359447,4.658129921288228,3.4437006542158635,4.75482269515451,4.088276293525801,3.8305652079381196,4.569727875057402,4.824085539524315
2.0384714162876434,-0.6023773469001221,-2.287396795368982,-4.275980808145092,-2.537571057056023,-2.215325131713246,1.5594173671102,-0.8114423471042934,4.053202558457338,3.6460447955618243,2.406968856600256,4.479369134722738,6.853063056610777,9.474903893382951,5.830072517360556,3.908523984014374,4.003358066581453,3.3182486100649027,5.663673755642296,6.107401544096715,6.819011685363252,7.411087181265097,7.2471020842965626,7.214097814385634,7.430725245190119,7.771224983026679,8.255800156337624,4.771384031326992,2.825879413692028,4.15628785545873,6.4746320057675355,4.975704662790909,3.121205750042601,3.79032535255871
1.3581961572105667,-1.6449818875330429,-2.8249929301033787,-4.462803560076078,-3.5461245211132755,-1.8525965328301364,3.231808772347568,0.1690627740419792,-5.238053885935566,2.3661400165554873,8.484990024769036,7.8205113851654815,8.941749817640513,7.524498445150072,3.1563265431287264,7.117883433099263,7.210322437368986,7.2007139060546,5.842135924032609,6.634378630194301,6.378179774820784,8.723177943505037,8.229481356275137,8.965278110892063,8.875331605361746,7.680437413729176,7.213799608148014,8.363189272443135,6.934182263871606,6.238584248822095,7.862410338763584,7.9956529646998264,7.144535542204925,5.955836869725908
0.6108222174284859,-1.0119640639423741,-3.3676030934003562,-4.435427150979761,-2.82552851334955,-3.05796093440503,-0.9428037660029241,0.9669986768346023,3.453506871835459,3.9263460907914465,7.0424426814253005,8.453216572653716,3.50093142613508,10.024677361663835,4.998918804199972,8.379364279912517,6.2747509614344645,6.311808170379363,6.25043154693689,7.1801118948704445,6.71505238716775,7.331418140436205,9.032852043337288,8.262548463242013,9.09841706562305,8.038661240202046,8.21885463921989,8.173739234988302,7.640837920191171,8.152208592697106,9.52667595717995,10.709305823462595,10.14935588786795,10.15927971528023
0.2430428714274279,-2.1434541091169956,-3.1917245411764683,-4.758132727080298,-2.3122038531319453,-5.437819638950475,-1.2423638355372026,-1.97582681136686,2.6058790470376856,3.222376866145564,4.849744942590462,7.655717054857563,8.167613464899443,3.594959758874438,4.717296511138592,8.119726287033547,6.574108259241546,6.804903324732358,6.838903008296424,6.396337993299301,5.762741656265267,6.46079979914247,8.236491939517869,8.990785865130947,8.836427686608303,8.438711431253797,9.324567658215265,8.351238838678237,9.513078060931004,9.729747962916427,11.101660104608822,12.904052045424725,13.680605381839312,12.933353635493035
0.6433563080235131,-0.0518646170452346,-2.493165889576231,-5.118922667052379,-2.19011199827573,-4.554195563357574,-5.874238541492916,-0.4353622184736971,1.1585887935892216,-0.8588905198695339,2.0769829193753133,5.1636969004110504,2.546018100739605,6.276633589585035,2.6377626208246268,3.944306471882909,6.623518814588759,7.030667715896999,7.024284204324093,5.572211253261593,5.445864194178898,5.701878377654354,7.521737862437788,8.32622544524325,8.596930760029668,9.851423815087843,9.125328626268564,9.358390417053396,10.043272274199936,10.710994109721845,12.112920121353518,13.761834266937248,14.753800197109936,13.597793597089817
0.8544784868210027,-0.027111854649111346,-2.262724207838427,-5.19988750694357,-3.1593017300221,-5.281445752178767,-3.972254216336482,0.10666051622761455,0.9607424262202816,2.3273175808569784,-0.8875473527813018,0.2633818466465316,1.8342702701929847,3.680451358689787,1.2585872290215903,0.09477979564515208,4.5301532340211805,6.223085829261612,5.851496977397757,4.650959320445559,3.6537070873522293,4.082692327808897,7.752394022697361,9.562596287290647,10.127535936790151,10.490282105973893,11.107705948776672,10.103179685322855,10.843495954443103,11.35795976186622,12.610978247831055,13.359327861881907,14.331034455698635,14.023987066408132
0.8900230589598802,0.12623086522439614,-1.956226755431599,-5.182055439224214,-4.591903186840608,-3.6706072074229015,-1.922516919540472,1.8567519215545516,0.6918316425048968,-2.4086669714832136,-3.090425790947961,-1.088963080225787,-2.96834237112647,-2.830124865797561,-1.4590789939279738,-0.7437779848750347,2.1179743896417187,3.961232481516081,5.439824034475198,4.442691098252431,3.133251207496466,5.333028538247353,5.78316066099163,8.330953709228424,9.438871099015092,9.647136983681222,10.15564872088961,10.738206932856611,11.574352171898584,11.84879158323787,13.017795494604924,13.666556929178917,13.86652195900431,13.349037243605851
