script/wind450m.json
{"header": {"parameterCategory": 2, "parameterNumber": 3, "lo1": 3.000054539987559, "la1": 64.9999836372058, "dx": 0.5, "dy": 0.25, "nx": 34, "ny": 52, "refTime": "2025-11-22T12:00:00.000Z"}, "data":
[rows 25 to 49 of 52, columns 0 to 33 of 34]
6.956294355392484,7.423877328157599,10.312338280535146,10.311975273295511,10.947454331950048,11.365943932850398,10.692578149099067,8.911052768453382,8.8015514093612,7.605805328259212,6.9508868750620865,7.015674481821248,7.0360926996501165,8.355672861544367,8.020936876032351,7.865708862954692,8.262331110070935,9.25985510928014,9.951948685637,10.75385560638645,12.544333176694298,11.67696477349575,10.566499588505707,9.23207633399343,9.633663262004339,8.743394850741897,7.62639226434531,6.226594503757982,3.8415891463778595,2.876980239962553,6.336096429453497,5.923851233539196,6.7789133929263405,7.291594993112386
6.704612553167885,6.935813548305998,12.295231628843487,11.919365095750022,11.444033513746476,11.042379986752147,10.660170630489304,8.824386864334757,8.916762078013779,7.729280464181538,7.921086426039871,7.903428703619655,7.988347607222054,8.089944843831427,7.8251823715329545,7.285903884612893,6.732261475518834,10.835771564191433,11.078615703157487,11.548369410860056,11.869964428847116,11.445634280870634,8.991300888525686,9.566596656329002,8.928012066796343,8.049716611162212,6.415014467431183,3.9921744324102,1.576510615184722,2.874778755871703,5.346705452556438,6.87890162415363,6.988093809770222,6.99800780541081
7.34022107354258,6.452581847238728,11.300143683601625,11.88606643938594,11.362211300589195,10.32145609048199,9.970787600221303,8.200678107301423,8.181668306002452,8.370147033920894,7.879023578936274,7.186944427189872,7.78457054618917,8.16329012962287,7.742660636340925,7.223877707158672,7.831712724916055,10.828293774030172,12.25907462892235,10.2861527647225,10.039660463950595,9.457963798243656,9.798573842412928,8.60678233292512,8.972274980117886,8.23619016813356,6.065603646717317,3.6529104243327346,3.2323290966790763,4.941330838488075,6.008207164410806,6.202136250013284,6.763918780960684,6.709174645830459
8.798038402176768,12.454528830539122,11.998263643296175,13.360571130480887,11.69776250264068,10.92200220665286,10.10917405332747,7.832170367769626,7.175645039180236,7.004548532604531,7.689437884985674,7.567892939150185,7.6436624895051075,7.9769375647382885,8.518472090408167,9.096396292868985,10.238615403645698,11.91410670877274,11.448538002041431,9.395417117785595,8.93248257961922,9.486726519126023,8.80867174584231,9.184544980015035,8.506490112917433,6.6909565496047945,4.658370184338653,6.168886884027307,5.670954787427496,4.9575438473388225,4.834721012395166,7.178095683902773,6.468893219741207,6.088354651008286
8.094280940007419,13.361357059195031,12.713048707314899,12.001436746679833,11.31766892348854,11.051800996755142,10.21988734860709,8.338265322603922,8.646510719143762,8.61685056129354,8.279726924117623,7.748401537348473,7.347874001026009,8.90177804657716,9.707688968723879,11.613521545102248,11.379709349535172,11.11365303760976,10.246956481051264,8.451645609206174,9.314359663031198,8.96649587961802,9.326670963874571,8.84218501650337,7.73231986423677,6.30745915333549,6.937293148271098,6.417571943362298,5.53165778369056,4.992130515223968,7.563594107065252,7.169103339592439,7.127815473229595,5.835318712001906
9.647516351523503,13.73091386500723,13.459306549158828,12.282534462521786,11.776565851204861,10.518217095120516,9.925707014230294,8.931778596235372,8.73676444563976,9.320810989951529,9.031325806926,8.86979930155318,9.049165534458115,9.119185249621033,11.662877524040745,11.205558983622348,10.88174102773159,10.497414491060164,8.926150443205128,7.698111057592733,9.208341401180528,9.720518234756595,9.444692588385946,7.453141913292846,7.111327433287671,5.269450195047545,6.965230704870087,5.426208340973532,5.87745422099457,6.692776610743245,7.308254261258028,7.266563488876912,6.413603620690844,5.573733327754611
10.466505359676978,12.72452163061965,14.338045275864447,11.650252669463203,12.615018142888683,10.78648310375075,10.450947750349709,9.461952266001028,9.323133779548774,9.744104147629184,9.71319993074345,10.194418771773327,9.570358676262813,10.417697876306223,10.625993291822647,9.957345855121531,9.472143024368401,9.194436186570654,8.054288517523414,9.410393243425904,9.970128187905061,9.178351523339725,8.407153588050042,6.854817829422786,5.576067039810977,6.152637358562251,5.6020134184653445,5.729748686784302,5.869307533515916,6.6692850165463335,6.730890612022684,6.002032477217052,5.366583271265927,4.533563069151472
11.313856346071265,13.591964726615387,15.09204876997203,13.005426794539018,12.547929372501308,11.979427764563052,10.42479557567877,10.745369645171902,11.2423619547337,9.91012036663207,10.324166173656598,9.634870072668646,8.938907871243742,10.873401593039565,9.812599744749631,9.334684279589498,8.85840962376939,7.513674310507091,7.743565756234076,9.325193311159342,8.323982866368356,7.465651740262984,7.130312983322652,6.636790697784206,6.586793573030505,5.351883430856839,6.962659063166873,7.835209091082166,6.815756006779726,6.370845842850457,6.299033209226379,5.1490603420318415,4.339791831918062,3.7800703590031386
11.420073385921873,15.092152688978539,14.917093705532157,13.14263611086858,12.50159909533818,12.549196017877096,10.758135630722617,10.21242442900865,10.313681641076068,10.216490459882875,10.343273760389513,10.047829208230931,10.319995338152049,10.475000373920523,10.1796757502515,9.233082571469218,7.640787200435199,7.304398539148199,7.917310199586009,8.903544131668443,8.997647135151473,7.161853657770047,7.825830255902014,6.520266253321339,6.821685195613521,6.020434412338326,7.924877074886947,7.668109434087479,6.833686617143097,6.53670544758124,5.0443477069561125,4.408135977567977,4.026866700024552,3.336199707714508
10.668700318613732,15.071237636345543,13.781996248004765,13.371693161152624,12.053020294049514,11.836299506246085,11.043836626101301,10.314380567262962,10.288279897805255,10.792207228865982,9.581871510449353,9.372045396547884,10.894520300414364,10.24473687434572,9.970421330389533,9.093326938496839,8.749810458979427,7.789817186161538,10.064781256581742,7.6720985490743026,6.508885740796377,8.457127299707913,7.117429758468485,6.5755025309111685,6.558623874887428,6.529901000491716,6.884565942153827,7.060368072569186,6.4331851860531595,5.131201230470121,4.67063272366907,3.9357229794322643,3.2113614223497997,2.5555879946255478
11.031544700993278,14.227456569240129,14.15877256530571,13.132128563209843,12.94834982787222,11.9008623852325,10.730025494726483,10.79816253103102,11.05859440245883,10.264741669488386,9.390078229386559,9.197251831674105,10.738722647834832,11.097026150924282,10.291919914449394,9.030036074858685,8.48403096425484,7.550792928756328,8.002707761782013,6.552209003736811,6.5190477688396475,7.661534431818147,7.331144557683008,5.812743402760287,5.543824584138384,5.980023872134485,5.843313297810804,5.7955255052087296,5.493654044898272,5.032730089718034,4.3485168965395244,3.5631374005751977,3.216108858700502,2.3127198755635034
12.248079954682975,14.444604917004085,14.195268276321535,12.916990957654718,11.976119866257465,11.872754466902892,11.94843348218115,11.581880186126714,10.636112961022837,10.19504881112737,9.635733139329385,7.853513466815648,9.778652628857222,11.469396457952408,10.269840743005552,9.330977269981107,8.311962548488399,8.406253125484314,8.024355393581706,6.404209538823895,6.640657279856292,7.888093470569882,6.514292097436405,4.845888085419103,5.004976772559354,5.120109249714911,4.5322394592031605,6.184641630625975,5.950870364179868,4.340895423688699,3.9236786712533127,3.5866585723560562,2.9580028325701733,1.9403929802111546
13.323306845728471,14.480404538517055,13.799996506314848,12.453802346027302,12.30185135859074,12.194755376745531,11.619066976085305,11.111906549835528,10.249459191640499,10.162198510006876,10.160332977978173,9.370575215901797,10.100349110580375,11.762431593071165,12.09476732413031,10.296109633189966,7.693817555719547,8.235757375452502,6.9098050978437655,5.564117302459648,7.567886447983343,7.476064288407944,6.380030223041936,6.5817227758190135,5.586645106823328,3.6621350480858212,6.924351210860781,7.308058640286464,5.653745413815393,4.0396414326743155,3.6832718617262907,2.907600601506497,2.5479761390689117,2.1889557009986778
13.505507659425326,14.179697369743039,13.337188946155225,11.684145667373627,12.266852303403677,12.104562726996187,11.272836097462967,10.931344598834192,10.238716893061653,10.15694149913923,10.30153579415903,10.144442705596974,10.751443179574817,11.651478801814983,12.59845779881284,10.469290750062264,7.38542634843748,8.06526578411429,7.453405368853076,4.595739111869175,7.576045136615246,7.308686795551397,6.69670361712518,6.975188621380541,7.2574746404781525,8.27287190011753,8.787419478434668,7.606072635332529,5.6326587016793725,4.424569640885604,3.7306901611539702,3.2084873232176303,2.942955440295325,2.534947265714794
14.282775986432458,13.793926971714013,13.048154931750188,12.35561667551986,12.046138019380772,11.827776902726571,11.079029889870469,10.909083845669079,10.703469026540619,10.493653570535145,10.141937860337618,10.983121692991888,13.05733806777219,12.329481033160004,10.312634614404077,8.297347238597776,6.808701567341891,7.130018977779942,5.014742894247929,5.452651597738344,7.812097428563736,7.162979010857716,6.256378128531151,6.411730805702732,7.34190501966485,7.250289525553599,7.372381781967512,6.570291073024019,5.03267188943657,3.890403399685376,5.28439804374607,3.5797078119035475,3.4783528239721697,2.0345980302019795
14.43439631448362,13.884712931661431,12.999138473749284,12.169764144619768,11.464638222754925,11.163226230991746,10.748900163953918,10.617984621570285,10.657750661405666,10.247958979901046,12.250209972748692,12.103706023639857,11.81226989261763,11.208144822673246,7.871261679539795,6.234002410180765,5.298705222187622,4.368188647751295,6.402699350014281,8.634484156442856,7.8422719898378155,5.841743777151693,5.810077572132763,6.744555250737025,7.133807966002709,6.5263276577800795,6.109938242262563,5.695642425185821,4.863781526787407,4.34505493001941,5.043581520934828,2.680613336285138,2.8670789610319347,1.4006411665181104
14.038555257085653,13.376056390919016,12.293095194036155,12.379175562111033,11.18972277911163,11.581710447337773,10.371804801528352,10.227056526101453,10.365402884979721,11.86005626629587,11.352548940431701,12.068223558064433,11.460892913787086,9.452412296874042,6.250472004602944,5.356618097032253,4.005994952252341,4.364220191246031,7.601322517500114,8.245332179322247,4.437638236383086,4.991612649065645,6.540615663932814,6.594578085253958,6.770623228953786,6.236695388017017,6.570741767406488,6.51185026031593,5.105329963135014,2.900186058592304,2.9207572184159694,1.4235763783300903,1.620377553714147,0.47425336068169344
13.71463978025148,12.797342756172805,11.876914269703379,12.35787727348796,11.62268877167549,11.499346514136246,10.886257865677383,10.26190538623401,12.192664454191943,11.603032406716588,11.309123820456563,9.256079124323932,11.486001638248533,7.961657585727491,6.465057482349086,4.638719647553199,3.3527468874433657,2.917220389256408,4.8335058792036865,4.394487301338717,4.807236789945991,5.4617749316670325,6.785699703372013,5.972671216136193,6.437257621375597,6.259889198700302,6.746129528121979,6.176066550594961,5.544087033232075,2.765383441423014,0.5324008859553458,0.9344276523315429,1.7047915477914257,1.2779434244987515
12.824090432633122,11.753847149597112,12.298618118187727,11.96661497344244,12.110190132442934,11.158076792614452,11.243835506010237,14.172489353901291,12.930621135278514,11.044978482284844,9.74564298778605,8.285188188935647,10.55095437826935,6.876808502898843,6.412758491630566,5.297415457131796,3.2267807217661315,2.865438496670929,4.311936549080487,5.170846252094962,5.614346361285597,6.134566502141541,5.647056023091635,4.5621309624679025,4.805798914302337,5.653931885890118,8.44167920415728,7.2634283333815075,3.846702859476166,2.8194907266848257,0.32990746978576974,1.1669765883034005,0.9448660125790992,0.058540638176661525
12.885404857252658,12.905657470839985,12.477630744775492,11.557503058772653,11.767124609808159,11.303685239264572,14.461507742196055,13.803268443781395,12.128115636162265,12.101223966353851,9.70654694155793,9.905646362445534,8.861266710455414,7.326364976036474,6.100116601162444,4.87669270074316,3.911123050119722,4.296521964621751,4.454566317918865,4.469103672149927,5.0589672590672805,5.944422467665018,4.537751360859706,3.811501472830318,4.812457413594544,6.062831582589626,6.340462356898231,5.134009120659521,3.1707504941641558,1.70649788774547,0.27873557429258755,0.2764197625048093,-0.4104682524916302,-0.6976542633636986
13.44634739503517,12.933332035397882,12.138377914153402,11.063728758479611,11.375840618900556,13.386159761336325,14.238202674878554,11.128085312731052,11.3422272161956,11.988150128978786,10.547760898449388,9.3616294578794,8.308867050014147,6.665690319394255,5.425544976729513,4.373170514148564,3.6602313283926504,3.150126752233249,4.148740952656153,4.295981146124531,4.493123674942133,4.643205243636561,4.230253888711846,2.8708062975900996,4.5938988888769785,4.800105268461612,6.216721986968606,3.8155503608387185,2.005733721862991,1.9277300187481479,-0.4074771528021789,-1.310410263550063,-1.291068370122096,-1.0441006779833848
13.363984444107814,12.897615032723241,11.354163347553936,11.775790302782346,11.342571105477344,13.223482112722568,15.223711914689778,12.241565778320155,12.796395792641974,12.046029253665699,10.465388366364833,8.162899038014945,6.929618707792969,6.281750855000916,4.754667079152081,3.608919994912563,2.961326399535756,3.0183385339359257,3.357768328752821,4.811218441394831,4.146201091266833,4.840226305636455,2.9748138156203385,2.906941418375971,3.487468953811969,3.8710680656242236,3.6769103186705547,2.548616093169115,1.7966104033997272,0.8442453512616513,-0.5552685863039307,-1.4269153494061837,-2.113872737828463,-0.7889048445833354
12.959361069394717,11.910624269259996,11.360028154765482,13.50376042250673,15.275557522748887,14.222377811256655,13.899269840489817,13.404295130100248,12.601427651781894,11.083530780905434,9.55948342090991,7.765511659160074,7.2735764951353445,5.396219448180205,4.016594018834353,2.840162414972244,2.557463363033233,2.7091526001214272,3.2964946030431346,4.6777639880173485,4.89552501627339,4.399258304388011,2.086388448329385,0.8095779729002156,3.3934974969560687,3.8673704766791785,2.3078715923419226,2.9401712715118045,1.659858646411032,-0.5811708416391754,-1.8975114803533677,-2.0817618670310885,-3.096761456032757,-1.8041362490980317
11.950147751200902,11.960450124764126,13.209216388397348,15.385302693145992,13.224786490639387,13.798410605014407,12.62439486695379,13.016773476945575,12.005802952364673,9.65894004347131,9.397871793387116,8.074226213565598,6.956719097236134,4.317216219846317,3.3253319549554017,3.070843800976501,2.3847145778626784,2.168853783389455,2.59791723516494,3.836188876416463,3.9844723886425677,3.3397538573422523,0.48923218860306544,-0.06659778818471293,3.4999812957712386,3.288291421605907,1.4181948776294524,2.2195363749449664,1.8662646724836116,-0.5228130074593386,-3.429882330402051,-2.8712062057594965,-3.9643938561935723,-3.6140287450118107
12.565081408590435,11.217388866098545,16.061122975470308,16.19417380275065,13.870127981797646,11.214740830677197,12.144643256852085,11.95917180415851,11.710216620873277,10.495655367178216,9.52481721065361,8.259356608742225,5.7851777486976985,5.700668453958378,5.250480101791713,2.5086113826274197,1.3408315361362606,1.6039819878735468,1.4457724082689283,2.812976748409593,2.439743602406651,1.1225090203862416,-0.8253758475718765,1.592089698489254,3.4439503850386646,2.9560807969676532,1.0553400399104103,-0.8607180248230778,1.4086272622670284,-1.5539150573879155,-3.8895012260566513,-3.70065709201534,-4.369876120665856,-4.554983933121457
