script/wind100m.json
{"header": {"parameterCategory": 2, "parameterNumber": 2, "lo1": 3.000054539987559, "la1": 64.9999836372058, "dx": 0.5, "dy": 0.25, "nx": 34, "ny": 52, "refTime": "2026-02-18T19:00:00.000Z"}, "data":
[rows 0 to 24 of 52, columns 0 to 33 of 34]
11.372932901779839,11.259024158787152,11.060558089727227,10.693866179080242,9.99410024742214,10.223857854572236,9.312339427945334,8.622290928177279,8.053161080228211,5.193289692397885,5.662077438728951,6.8221826122225915,6.066347993761764,6.460980020677544,6.389895256207566,6.277603863658403,3.9436072470353367,0.02468664388490891,-1.6594717233983585,2.0168490674585082,-0.3666882753572766,-0.8403909990160866,-1.2106148072052865,2.370877140386288,5.794397701396226,3.384691645877698,0.9689406407759201,2.6904761178583985,3.5909337289454366,2.1472101677955715,0.9431355432026861,-1.4318489294780175,0.6466691427407578,0.9564606464103962
11.003839121398654,10.862178582795913,10.545301473066292,10.215550080714602,9.436709553496723,9.154401578215882,8.62097777699845,8.696015607965915,6.291354806737537,11.609413072280963,4.6344159771215905,5.105896657838647,6.018529868424991,7.536474388868214,5.051061938358175,10.013211378605451,5.020850655690569,2.6738954834811386,4.615765569202286,4.8778606591596265,1.3077296877032396,1.6801341406619155,0.8404299740896323,4.820665634795177,0.04941592140135385,0.0012221143166042865,3.7753642939781815,0.2700042513900987,2.7847929492656105,4.423647650087823,2.234261642467898,1.108591300134701,0.8277981798351775,2.4084508517104912
10.669468470743514,10.179791701680557,9.722593912591822,9.231543416040816,8.759684074146628,8.64807266664262,8.184885092013342,8.53776469950248,3.063964444755891,6.056171242434885,14.746240783658251,6.832293165390299,0.9860670748188695,4.588374982781209,4.856284560557085,6.450424418049823,5.331550915748955,-0.2594622251172437,1.3783880148346734,-1.2336524861354385,1.7022509390744256,1.0782560826747032,-0.5436930280138089,1.0214489769290755,0.9457409603041634,-0.47946941170553226,-0.11972797082092898,1.2359796376473173,0.9233966748621251,1.854430978330858,4.814896299500337,1.1958076598429208,1.1123608925732664,0.8668937005132454
10.294024200565264,9.551429719719028,9.235472429451,8.339892360448792,8.597297506423962,8.607728428432374,8.50684412253797,8.944133307358106,5.447516500444286,5.372237358115398,6.16335630685508,7.584789519189547,9.71819626739198,5.032109424712463,2.958062038697226,6.488982703947463,1.5570178220752073,1.5151167937708576,2.0255999155390225,1.6880292366967704,3.214969738927212,2.4892971232702465,1.1271265624348454,3.774252203319209,0.21216634694997125,-0.47712943890882914,0.10637093727966754,0.5500734123419831,1.190058732238106,1.8880881499713855,0.2314167178818093,2.7134810166405354,1.4165230982925758,0.07381541036301596
9.904390560212104,10.273528079256595,9.90468657029365,9.232248821794457,8.936934711191451,9.053037349627722,8.665339260137845,8.329066543965528,4.205657051034124,8.04965839273713,5.968395986601042,7.618345827853522,9.431682899211332,9.329709146486733,1.0145132224412838,4.0434649060787535,6.486154484654325,1.6219946959924203,-0.30371464801875664,8.345023479217556,2.2324749628774523,7.004990285746661,0.016478216735459773,2.22741763728025,2.741795548039257,0.19424610769104156,-0.7338802168697576,-1.1068213677339571,1.1364760628130268,0.7336296926893549,0.32747807812308993,1.4121501872208382,1.172531054014095,0.39023555183605907
9.269016109862253,8.798529098507649,9.35531818250436,9.619916366567255,8.39056842850121,7.879482737161055,8.583896162025518,9.2352515286215,5.685235098882762,9.279982943109006,9.528821469120086,13.052301640931086,5.66175428112196,9.98892181770405,6.711519668389437,4.06934412695912,4.466339757768155,2.091996874580357,4.739599574416865,-0.35910462108426033,1.2374665438876262,3.683371599284916,5.640394570863995,2.1554397893852686,2.40531286631685,2.5134150694621917,-1.248987198044806,-1.562187009000856,-1.2929317135110427,-0.0696955650550564,0.22108362040011517,-0.7843905468757024,-0.28519910869299975,0.39712261665208437
7.381171790304157,7.948432285304197,8.237907277625718,9.0707476460293,9.025506440509107,8.982178935804049,10.643343172216154,9.838049857817984,10.198862639042511,5.203153576192753,9.971481588724853,7.767482970609527,5.441154923141386,5.7698860948753135,5.486500363306234,3.1275930054967565,1.8469989336561585,3.741201556979861,5.73412608496315,3.5757583744012544,7.200895498880004,3.9772173673143683,2.1559860054004125,2.827636335333751,3.7406383793126015,-0.04595111784786439,-0.42399874672179516,-0.9470960413084015,-0.8546988716906271,-0.432540312242896,-0.8930520303355508,0.07225123038838148,0.26941667187690027,0.8304527184460745
7.543948903802399,7.150314257067146,7.883078118370492,8.771019982322857,9.416227328712917,7.765711116633413,8.671426735412659,8.762892450935185,8.15427264263631,8.2332112010032,5.507121043672816,2.374565136044742,4.505702846475188,10.87343779524178,6.382492842227941,4.864093207041534,-0.621019573408103,5.030441941553186,8.12223189153164,4.212722305635831,8.259499596893875,5.873898289975639,2.4590659987432293,1.3147359167448958,1.1913069831789995,1.0850768108230788,-0.32792562693982613,-0.18826498678234513,-0.7882268061860769,-1.2953414065145095,1.3743311558592841,0.5541094261054139,1.084901945072072,1.5323887810157106
7.502177046603674,7.778758764628424,7.622135489933959,7.816410661453146,8.651060622863698,8.617416784538339,7.969839692189239,5.947915328518891,3.4626416635350865,3.86352328512495,3.2556636509906287,2.517099160489711,7.0605210039877795,7.153372504664466,7.489021755941993,-0.4680322143927142,0.7710853136056153,8.812034129110682,0.21469336834117975,2.4273042119764203,8.158453091765121,4.358747157022794,2.793364169813189,1.2686776241210518,2.8505398502324493,2.0146059577633646,0.7014879012627727,-0.45050174858992087,0.5838122993636874,-0.4357236097076417,0.7012039598417446,0.9699855442363504,1.7382666723164977,1.5461666737172128
6.9692288003943235,6.580468898129814,7.303522549661474,7.777742103068607,7.998505722112758,7.991389512367814,8.660279768949044,4.357310912565159,2.7933806252133655,0.9233984809239194,-0.8838319526946213,-0.4110896290800124,5.982052229743607,8.404375669334149,0.6365365462735424,5.5093772507549685,4.043555255064444,3.9963102467280978,2.0713744810083212,4.366118071502017,5.834664140996357,5.055066207049051,4.072293470746988,2.3457931742984663,1.5353849773254948,0.3743861632226419,0.7549843107530375,0.8611575005045895,0.043861837706577755,-0.4747275123535567,2.099044326492408,1.668256711205784,1.736281968249077,0.732370446183615
6.397779116529866,6.622249059674794,6.743296506172145,6.480887933869335,7.210560519849233,8.229495376160308,3.479630269400979,1.6878517832639468,3.9310978246201786,3.1031272709057953,4.941285072262249,-3.1916958553758055,3.237690591502344,8.239830296883484,8.24125281259708,2.16544852167712,1.6414663866117045,2.402328240950367,4.570525502922023,2.766504346055218,2.7410642799599585,2.7950404127612427,2.4022631666295555,1.0389903649242709,-0.5704406979698204,0.7680223512135314,0.645743877580035,1.8065353857800315,0.719375932794088,0.24527797037980117,2.8675891900112744,1.6422012918410018,1.455805579223924,-0.044726193066123215
4.5121064284438495,5.426943038585933,5.391352895728037,4.704990023156328,6.301082549611883,3.168076027991998,-1.089716563692672,-1.6650754258354814,-0.687619741232124,4.857844728591059,5.625428440906304,5.838000907007226,3.9131021054585546,5.453817393849017,4.162306727575798,3.481383823033564,1.2211169104046633,3.2673291832355247,0.7081395424816114,3.36617065648389,4.098134596478356,1.9721504415510502,0.9821881285920735,0.08015481446067695,0.5667209699149985,0.4607038824950026,1.56345799810076,2.5115785144930802,1.9960620745948705,3.3142690728712636,2.3900670429717925,1.632036358082883,1.2875242476391557,-0.5620289189467316
2.2553310971922413,3.318777258136289,3.9717251231604793,4.662267303144368,2.945474496053738,1.9243691064732984,0.7804578353850292,-0.4744585385725012,2.2944049948438425,5.297573256883485,3.7841023111193404,6.078831347056433,8.0658291435162,5.993332553870776,2.2452540446890046,5.647446677913866,1.2730637196883234,2.3927221636202294,3.0220612336427557,1.93892513922099,3.1246453844287285,2.6627011397996383,0.5177110103415393,0.8966938876313503,0.6448277248707786,0.3631921384781147,0.24444664012438008,1.8227231015835013,1.7497030469879078,2.583353533078116,2.1261058001831525,1.360092637106461,1.3655830241924238,-0.4306628723012284
1.4320568819932575,1.3782295003387526,2.7978284010606185,2.3342305687409626,1.3186234687447793,1.0814377856422683,5.6667684233890245,-1.1638397481347718,0.2755961245193626,3.8000351653468716,3.3811410817602296,8.874907627400086,0.6291970000913739,3.2502715980388137,6.777714563656393,1.6898293973476644,0.9612761491144265,2.5818620220171304,1.9201206231672694,4.02365542762481,6.0593495914136195,-0.3244736796281516,1.0238348878589163,0.42670486475619035,1.1441530149190136,2.106619852486323,2.1051806911086035,3.9183470891567853,2.7857089183998247,2.542081108249657,1.5142145938818912,1.5606172531556741,0.03157790750858934,-0.7421836444220784
1.9267732434363942,0.5401165589270648,0.8909895037594635,0.10401715170424194,-0.842611731960253,-0.6050776872728695,-0.5437721728436032,3.277745552478241,0.5994277470771061,0.2505339531878094,2.32688824834174,2.9841460891581066,5.90475040768575,3.1014487828839163,4.797092579735822,1.29716369251074,1.253679211906977,3.861314908351767,1.1973497830699604,1.2996029415785184,3.779824118209905,2.2650770577824835,0.1243434073684491,1.093536969739538,0.4219899581168115,1.3766897217764473,2.1879139100535543,3.5179630205635473,3.806329662870686,2.892878325953454,1.257318242001189,1.441326655862484,-0.8344883540918628,-0.8550378108328524
2.1441801902313693,0.672912476291434,-0.36541244640929843,-1.507568443813515,-1.2327001805213664,-2.1965298319618305,-0.731213544612218,0.9500626251650754,0.5713419164484038,2.5146077930734503,3.8687191233929275,6.689927486101398,6.283123973733163,2.9689476611656476,5.432453772083041,1.1802839706337585,1.357680679017309,2.2045174328958934,3.229529948666981,2.7732308405378663,1.2590253203681199,3.685798489898701,2.9723320433233305,0.25678597424314575,1.254616490320584,1.1878263076698545,5.3257008083106925,3.634802748443135,3.2414904833138425,2.4257906162625544,1.214789918761235,1.5124776531470119,-1.1092676424427441,-1.1525584767422639
0.084810816472488,-0.2659629990898068,-0.793508306324099,-2.1171045434737685,-3.3851295976199935,-0.6141647783844897,2.4374737229314336,2.5203040090015434,-2.250752507536266,2.2156870211709543,6.713073792596249,4.619690471622653,6.0108131142271635,3.4707063263076794,1.8195510329248885,1.3408294020180203,-0.7359113067245067,0.1688953457586416,2.21900817589639,0.6795650820807151,3.7274705777170327,2.975498297986211,2.7379755010634788,0.3362405140312286,1.3257924382372968,1.6166241518798876,4.276125524540035,3.775714737510728,1.917882074228988,1.1261419127140004,1.1394220903961085,0.24516191095130654,-1.1973079007858194,-2.16648185449562
0.8099264374778123,-1.3633853638825244,-1.505127739794553,-2.072415282955247,-2.0610869706962607,-0.9574050928728263,0.9353418533599822,0.1054297468029723,2.5949945327124206,5.993897742972901,-0.7128308476721268,4.968578627770934,-0.43085901398706766,3.2932280289193634,3.667701184776201,4.367053723706165,1.5044999194623858,4.898077715958448,4.117923477260777,3.8503997960945577,4.13404773805345,2.160334732459424,3.349087182947682,4.019434236525655,1.2282579808451772,1.4292692770286006,2.704903805260249,1.7915231156947204,1.02393286019953,-0.2029010043243749,0.7211584062260931,-1.9574439148991343,-1.6821438019461241,-2.880590588539432
2.82711773521148,-0.6344795000288983,-1.887199480193604,-2.7936854012861043,-1.7753926396527626,-1.9621304573272564,0.9525719342773826,1.1860454932480058,1.0404588906512928,7.403561170249782,3.618160921445804,2.941075678586852,5.189594301483091,0.8731369049257437,4.342960845238851,2.175782598094945,5.328193415789542,1.7847729434466124,1.1154325278033435,2.216139757189507,3.7206329651584746,5.611640077416581,4.078661326287004,4.3082205789881405,2.633497220730541,2.6593363044628293,2.8077818892547435,1.469823215163623,-0.540907411742924,0.06420975129136108,-0.1893159610940527,-3.146361465982323,-3.322411604230342,-3.5929802725086355
1.1323780391148008,-1.57208379566907,-1.3061400897197775,-2.618281390294133,-3.932095987999647,-2.6222150291765653,1.1942111466861134,3.2667135666969465,4.767753835819915,7.280676725484369,5.684515156298843,4.587732611232915,2.625888733516994,3.7488267428296633,0.28890078237108785,2.4810201588857783,1.7751962942557362,1.3440712857058494,3.1828460551010807,2.8421566210470477,2.7434300661113795,2.994309139810791,5.3601964759766725,3.078028513170991,2.4512074230816956,3.982688954514378,4.176260949023866,0.8675278774450874,-0.6848372513888831,-0.5411874339565759,1.422456628703559,-2.2339512260169316,-4.167687063466847,-4.934272904497076
0.27590336631351764,-0.6238074010949859,-2.1084503637961762,-1.5637170184423992,-2.250654056126199,-2.6000803473893486,-0.9850226440420388,-0.27670826749550376,5.538773823747499,3.4581202728964655,5.280461426234822,7.710498513134397,1.9627610374209254,1.675926504280397,1.001678484949979,2.6162512217548244,1.072613578673293,2.7822500152993666,5.264766732326995,4.5755638112597525,6.330964544511412,3.8955359626047446,4.751270650034674,3.7147415666369477,2.973786461623665,5.190612967629783,4.743864979027643,1.2063467350319832,-0.11134370787419288,-1.0925139953392684,1.3491670042865125,0.08022901608639933,-4.314305540569024,-5.145385083968787
-0.02278952296609018,-1.268674564989148,-1.3251376096254328,-2.2818880877306382,-2.964762214910398,-2.628544307531026,-0.2786669500255311,0.6717239660700838,4.465414449827862,2.7179470725656034,3.8449524881656716,5.149426593517998,1.460232435205018,3.2987678748995117,3.2565882085130995,1.4816771828062034,3.5621757377317285,3.064513995492664,5.247534753039395,3.9065338503703453,5.262956868218895,3.1119787898593345,4.534340564321115,4.258284358137718,4.436335960091536,3.116642312448443,4.264361127320903,1.8331426737867067,0.7912504891326813,-1.5423362491467196,1.141619794426791,1.06592994464658,-1.9645798770133738,-4.491884038275436
-0.4643883339536312,-0.7291669096556858,-2.485280842187864,-2.2696224367518942,-2.601228833486341,-1.1208132887444004,-1.452558368347191,-0.08422944322819138,5.467840518519705,4.029058484507029,0.3136573214325529,-0.052737932786150916,3.3054916029407218,1.4431605613807652,1.3238938794627526,1.834477546599141,2.776874012047537,2.894629989970348,3.48773563089111,5.093403931759872,1.7720622753117292,3.134286203263216,3.27397354464826,3.2902130575994777,3.831592877041861,3.2996104299252984,2.7686758721304257,1.1274370743955615,1.0348518910215037,-1.9407267841053821,-0.42703678397547074,0.8875146800437081,-3.3893677433162206,-4.647424077933788
-1.0934779131840209,-0.21564517322662402,-2.9779941061983584,-2.350283683262278,-2.442676412739013,-2.106396299075362,-1.1259310885633107,1.312284470951499,4.63160168925199,0.8396281833046658,1.4488122945036161,1.6104160802825822,2.0454007331763187,0.7300617941707968,1.5174331117291575,1.0158853722062011,1.240073701595138,2.0720336475800747,3.1699346433993956,5.198303381738957,2.9329772457156946,1.4221396982361014,2.2023841742675665,3.1671928500671207,3.2193191212294363,2.318589116006359,1.4521637901896902,0.2954865553059888,0.49005932378799394,-0.03612225982390088,0.21089184356031435,0.3632717382871144,-1.6892301944649237,-2.3889162503173313
-0.33169289347541975,-0.3355364284937964,-2.7206743126257296,-2.5496712905684946,-2.8770606593993757,-1.1498423764105048,-0.843353216168217,0.18926575315308877,2.855174903121378,0.7570976736561275,1.9811401021277806,0.578372958718731,1.9854876992175097,1.4369907928216963,2.420220349300725,1.5735419279963365,-0.01900869094785066,1.537175346184244,2.893218559966173,4.093941833959171,1.5461784015041269,2.9059280862612376,3.624397457216485,4.4341795332646505,3.424622646289995,4.128719036768686,0.5674986174504334,0.08285218822434562,0.9441499521373466,0.5343214274723826,0.6669067388790665,-0.6595557243363194,-1.3139425695020608,-2.6122686127048667
