script/wind10m.json
{"header": {"parameterCategory": 2, "parameterNumber": 3, "lo1": 3.000054539987559, "la1": 64.9999836372058, "dx": 0.5, "dy": 0.25, "nx": 34, "ny": 52, "refTime": "2025-02-15T12:00:00.000Z"}, "data":
[rows 24 to 47 of 52, columns 0 to 33 of 34]
-3.335108410808427,-3.087548507059748,-2.3780671461908454,-1.9032938203947072,0.3774110609551118,0.6574281417615525,1.0389004913292612,4.424128910257483,-0.06930882244842822,-1.3599362010555647,-2.6685393180477743,-2.2946785585780423,-3.136038510808831,-3.6314572678639223,-4.847695012102957,-9.2070922712747,-5.2759597703748575,-2.6770597604063893,-2.569289538421496,-3.0669347343756033,-6.466298772221846,-8.832294052056605,-3.3252231580536407,-2.5670902254279153,-3.309770994144106,-3.858471558986744,-5.133088482180158,-4.735440405074838,-3.572808681582863,-4.432497055098582,-4.757591852795456,-7.558150244528879,-9.18869679647755,-7.884289888444617
-3.1497412717811835,-3.2654640648402595,-3.1623865778037388,-2.643140904118254,-1.4499647858305704,3.0202613922693256,1.3871495509912783,-0.9249812018184037,-1.5015713446040053,-1.6213506630332104,-2.6078544991291244,-2.758344956065273,-2.7540734785005205,-9.790734650512794,-10.122763406971192,-9.423806373479914,-7.929543301614455,-2.9230739832065367,-2.911725564396068,-4.133454208397847,-8.627523808211336,-7.79330211908406,-2.5730242480869943,-3.1758681937616626,-3.2039418095270675,-3.5506686159874095,-3.534464938819595,-3.769941677484477,-4.93896157974604,-6.638001048159358,-8.403564867085834,-8.346815768039116,-8.29859661121042,-8.46151645741072
1.787472445922402,-1.761597880093169,-2.5245250906774905,-2.54218664984213,-2.0207011964304726,6.71115597908445,0.8648075209880897,0.31787317908917534,-1.0579389722505161,-1.2246575806965636,-2.070872868690961,-2.288702435936536,-8.27753569128082,-10.666975178292212,-10.38500450899884,-9.128554291571014,-7.020761777877387,-2.6040880782818157,-2.0856707415709512,-7.941038984267646,-4.893582553162324,-3.496834486281707,-3.048864813973228,-6.1215296683782245,-4.138958916863576,-3.5158052977002843,-3.4210267681179336,-4.0952640610336495,-7.41347588988193,-8.878835049851464,-8.591509259187099,-7.957892066365537,-8.095199374281496,-7.736862805557005
-2.5885292113202922,0.5467727442997646,-1.7641613059624,-2.686695196025134,-2.6176447770579685,4.988646130079729,3.7173424894273652,-0.5399265234226184,-0.3146625459592603,-1.3238493415503476,-1.7347628527654437,-7.6666193991572955,-10.234217739854325,-10.181622036362063,-9.823701821622862,-8.331219378845173,-6.651738847287263,-2.421326171750296,-2.7491863354534516,-3.4903617883331997,-5.58890831570701,-3.1790274464515043,-2.663549320176594,-7.671245563330721,-2.981446197580881,-3.176316178925436,-2.7229311755488395,-3.005615721103729,-6.718040567295247,-8.6825327272876,-8.500111984738306,-8.003716888863242,-7.0614129643089125,-7.199904036047534
-0.344194760990161,-1.8708966972367223,-4.07539533489575,-1.5297746324791779,-3.4889909435388002,0.7183680793032576,1.5040499854183667,0.1474550909767601,-1.0751905062339209,-1.775913585086362,-7.059269390331707,-9.455203756746672,-9.307339037681817,-9.354368845438724,-8.858404261390655,-8.387817180390632,-6.676399126236287,-4.553803072756488,-2.935934600244006,-2.7590433719064746,-3.0035674460807704,-3.3089563725437783,-2.280115975103817,-2.3304887631813536,-2.2868579439456203,-2.4342448959125598,-2.574171248905579,-2.8200975051297177,-9.271367690337884,-9.249946415631742,-8.106021964277229,-6.679466046494886,-6.499083471666207,-6.5572104787365335
0.7239668694283944,0.22081571496154478,-0.7896946789936751,-1.7850628449452908,-2.8915105950915048,-5.258549000282506,-0.2622063352902159,-1.3415966574922082,-3.747719278638363,-5.817075179827373,-7.8423106896830745,-8.2119779111027,-8.976421350109195,-8.856070014312595,-8.651087663495614,-7.194941265315155,-5.6658413380437995,-6.57676816363694,-3.235396300109773,-2.7122285935959183,-2.5643505652161993,-2.3922758297598117,-2.5822119720618733,-2.4808208995326972,-2.6858073512580467,-2.5817137169011404,-2.5396494778021546,-2.615318542531859,-8.820787238894217,-8.243051903453072,-6.742228502040707,-2.391075923481848,-3.6197891446430974,-5.391689486881837
0.6463562621960165,-0.30848788643959335,-0.1575164464955914,-1.2556782089184844,-2.335602433898455,-2.211370405731385,-1.3506165110675488,-1.2065784783380746,-3.0244682072827196,-4.5561078810342215,-6.696090283606591,-7.607852797858369,-7.960060490879471,-7.418199278534707,-4.14954580640536,-5.393473727520643,-5.942390626426879,-4.485428678253559,-1.8837122450426247,-2.013836351985837,-1.828360080779466,-1.6132674168923788,-2.1138309054145945,-2.096529308108405,-2.2002850495766424,-2.4067939017619007,-2.4488352394984116,-2.4166087728490604,-8.039823865717146,-7.728083081857209,-5.658739163183071,-1.2145829799608259,-3.864283265907558,-4.756461149163831
1.041651088330654,1.0837161139557805,0.304420872128571,0.3193150575797093,-1.9816386593570612,-2.0547350533487942,-0.8020411918251407,-1.2290865687803556,-4.516795814644607,-5.015519564078786,-5.459667269466816,-6.266233625489104,-7.218745982681752,-4.733575276180391,-3.275731615830812,-5.246754883718214,-3.5524710854118124,-7.400019513319163,-3.4406346798135217,-1.3527240595389551,-1.9531114548588295,-2.1688965316702995,-1.5721320530745126,-1.3916969337015295,-1.5066827253201438,-1.7294614490319076,-1.8126790254411864,-3.7667596773678436,-2.2975212868060435,-7.36220347091804,-5.877308182905193,-1.192901163065959,-2.726112136742349,-4.869320737809569
1.7656418240696308,0.4013721246612877,-0.16056061175050884,-0.20979890361485137,-1.0080648946579147,-1.994626120472305,-2.3819873765208377,-2.3842756406773384,-0.34039882654752013,-4.260098296858067,-6.1811886013414705,-2.426262105196807,-3.9920884739834372,-3.67311684597908,-3.2461069490063896,-7.247736359628436,-8.728285341266695,-6.079200888420785,-4.362852938288153,-1.1633311927860053,-0.5411540901199727,-1.1676185911460517,-1.799938619095572,-1.3963815759147022,-1.212891017703157,-1.565768487057351,-1.643298383312641,-1.7901268822828857,-2.799138996101781,-5.423223221754934,-5.447361391879788,-2.270113944106148,-3.1031121052744974,-4.651128460163128
2.1787970235627867,1.1467963077616268,1.0611381925670698,-0.8930176586570988,-1.3446749046590634,-3.091654891335467,-1.7435090256282104,-0.4265267374235841,-0.8769093645848195,0.009113142164028462,-2.398724567698599,-3.0468759664984915,-3.208365088530068,-3.1009377356059833,-3.955367647903212,-7.794356313462811,-9.323205504846088,-9.726286170030722,0.3133028760673455,3.5922949773837685,0.8073977189640104,0.1600993583932352,-0.39613072236705316,-1.3769018110961588,-1.457585517218546,-1.163756233033857,-0.9849946031476028,-0.4491818342966812,-3.5817758594402775,-4.335040394432616,-4.64542648666286,-3.869331894203508,-4.200104335079333,-4.496705325121749
3.281599324705504,2.341767460003915,1.7360017873630782,0.95154930075582,-0.5887709624704368,-2.0821872053745625,2.188983992720324,0.2240270962283144,0.7102641751350613,-1.1972141949734119,-1.2820972209786783,-0.8429171293370827,-2.7170622391998975,-1.627524078763763,-3.051410834323375,-5.27978028229988,-9.849948468945277,-8.989795627002643,-4.691045509050721,4.617894844612808,1.0969969054603494,0.4080191876829084,-0.28496753545102377,-1.0837516912354408,-1.3664580449278503,-0.9564614194522679,-0.8284007984848536,-1.1350526617697785,-2.847767122786384,-3.8187662326420435,-4.371019838088163,-4.949491040103606,-3.7935819821129817,-4.2773483266536125
3.6976552257908573,2.7820040917444673,1.5743943146743993,1.284634415668769,1.074426344851052,0.49033881981226446,0.42610463053235303,0.5781237357533103,-0.08956209235065521,-0.32800527503701876,-1.1644008225676037,-0.18285625343163106,-0.628663960025244,-1.3395436269790386,-2.0154199972535887,-3.893381368121728,-5.174877035482847,-5.8397261652330155,-5.157661350971022,6.3114427040203696,1.768798469086251,0.6262322269915708,-0.1899856832080478,-0.9144093184833357,-1.0864872992676387,-1.0020333513048707,-0.9532724395612776,-2.222337772953281,-3.041171240958076,-3.9386244020330015,-4.762157606643215,-4.332481014851258,-3.9269784874250093,-4.16539394520861
4.212053337785005,3.2505886323060977,3.1065587954475693,1.91616945816989,1.5692987823796467,0.9947210854478988,0.6191590000772609,0.38382444467000554,0.007035853852061915,0.2886433277274207,0.66338079783765,-0.14623344168492208,0.00979747909363365,-0.5414237902098193,-1.2899418179602242,-2.2879684337552493,-4.238573169848561,-3.1712517788401486,-0.6294158673646709,2.845338612985732,2.013592456179523,0.15519383791525368,-0.14338717788802877,-1.699660744331726,-2.165574444977072,-1.8114182993906616,-1.4479036199133615,-2.093851610475999,-3.252303754992164,-3.9241830821494244,-5.023963174073918,-4.829331399013468,-4.070287264931673,-4.680881771108067
4.23050514720229,4.924239678272596,3.84582619668332,3.1199243686910973,1.4644546337749622,1.684033599545718,0.9023466007162605,0.7090706769397079,0.18455457374457196,0.40969012074231564,1.001143520435591,0.23510976369803607,-0.34907624939509274,-0.3427444265360676,0.007097677684133546,0.39942232013693985,0.45414361599120956,0.8639933513952948,1.1292673921672645,2.1495162779240315,1.3092193481616718,0.17944461796205707,-0.15057374816812993,-2.231848203941497,-3.1645484048222925,-3.029638916709131,-1.9877355102705352,-2.3512025892809927,-3.1482516391951534,-4.295413400484905,-4.722001715580013,-5.351106236311076,-5.417832634346751,-5.760294812786002
3.9998838489652924,4.327413434040589,4.043432660319737,3.367255255412323,2.4711493769733828,1.0442098120794752,1.0975432203902606,1.877286378005161,1.4289169569970237,1.0631721480797314,0.43276018305249087,-0.08014659829585259,-0.49543215146847625,-0.797922931522733,-0.20712446644085578,-0.1294641611459402,-0.5408468352915794,0.6435350586292542,1.421109352653844,1.5375711467423248,0.4813207229491273,-0.4641962290378924,-0.3628001893951943,-1.4262750930699484,-3.2162816600612087,-3.0345881112845845,-3.5929025199473754,-3.5304531987891776,-4.0075948250231095,-4.123319949941727,-4.988766102366223,-5.19802711454477,-5.429168147289993,-5.7274778552888375
4.097827022567293,3.734841171206137,3.872096937062381,3.4925191082059444,2.260631882456373,2.008557265213505,1.6060347660840457,0.9989477789044879,0.8909443740286398,0.9532858507877725,0.8693986501945695,0.46990432734919846,-0.29416553986187227,-0.49656518549737216,-0.9524920989706537,-0.48029489551251814,-1.012104201446745,0.01071801060886009,0.7438672619777861,1.0953004978777607,-1.2133886897036157,-1.9009367704758455,-2.0002506524702,-2.4687550962186013,-2.416334302247456,-2.907108103789398,-3.4297284986229464,-3.670129588451112,-4.721648419997074,-4.893053800358074,-4.9480287825714875,-5.430781572689594,-5.982717200309228,-5.980163688711218
4.408126088908964,4.437986637367491,4.072182173901533,2.9564950641190166,2.57046824490646,2.398145357709555,2.109383265787624,0.7984663071958298,0.06921539706635019,0.5357152449229353,0.19380483179393804,0.8911864958791793,0.38615731506405526,-0.1825861178628777,-0.711299560696659,-1.2588668260498903,-0.3486879163268358,-0.8517202697084844,-0.3721128950525364,0.3752343021016433,-0.7501879368364819,-2.07708785157764,-2.5757613984454775,-2.678402061286641,-1.1171988532488712,-2.818648391647555,-2.7490966626028728,-3.9241515936877924,-4.396008349540737,-5.03308486706095,-5.282871935636014,-5.566232589568453,-6.016573897159633,-5.652294185762284
6.816327119748652,4.997945278473339,3.594609079059158,2.8975514176580024,2.7475247522991606,2.338003556720394,1.9214325605301024,0.9393115403997961,-0.4988155180760224,-0.047336914261531055,-0.34700958605392535,0.12663258320017615,0.5241212274206636,0.8061602141111365,-0.3067442316715225,0.10921801544336317,-0.2714476218383888,-0.08737200680496285,-0.3945374699336669,-0.6517187740025973,-1.2186508915507652,-1.936809047021532,-2.065679977089959,-2.102586413007028,-2.659704727156093,-2.8363217254978528,-3.305132738661624,-4.210315223758056,-3.792018526645323,-2.4015379956693654,-2.097285841482494,-4.533275132961131,-5.587448330060765,-5.772661967050915
7.656509204158966,6.74373826686172,5.595246999271207,3.3109530135820893,1.8790765812116408,1.826288830030206,0.9288418305478251,0.5362626564992041,-0.6376992673906998,-1.7593542663889101,-2.684268069879905,2.5437095985647034,1.584156345193079,0.8106926914155163,1.538118120760722,0.5170724622344401,1.0106667429024514,-0.6640628905029109,-1.3573981837365459,-0.9442758730431213,-1.7155777467739595,-1.8808238850765442,-1.0414833347220507,-2.135586954559082,-2.6304785300552176,-2.9478038269494533,-3.9831778813379386,-2.0380400203517435,-1.5277240787393198,-1.6996456011964987,-1.1216355698859979,-1.9781393694817178,-5.391347191555319,-5.965556344344023
8.322505627377465,7.894373166758024,7.434166473662455,4.721104826003889,0.44593356108905113,1.1336214023169013,0.7387297770875149,2.0076301724350367,-1.9284249590566318,-2.099552539286936,1.9986195936224926,5.419853487711217,2.5683279103096877,0.9684291616353403,0.38641329025342114,0.8402213961491869,-0.1890569745197454,0.9441197232065538,-0.7181513715063529,-0.6749094411848263,0.1256857917040039,0.019849013990014805,-0.3506685334960743,-2.0061566329526386,-2.3776518360202794,-3.128146552428395,-2.547107448563219,-1.4247466931030628,-0.8536132562094999,-1.1133240165263247,-1.6381914202494725,-2.904379467928801,-2.61866375932992,-2.4217620649092613
8.183923355619147,8.126496285013738,7.268289349635921,5.081176379313391,3.0220934967254536,1.5846661581489494,1.8334563748025101,2.480673569290462,2.250068348561684,4.063866799471618,4.377342132018572,4.039494065799834,2.0861905894986634,1.0161502461812892,0.4606402759375041,0.7894886618975128,0.3527544533448171,-0.1526180997138518,-0.8905168401180205,-0.5403588649809665,0.22118266786361035,0.7191915930146143,-1.1840921747145075,-2.0538169507351265,-0.9123534268593432,-1.1871802742599673,-0.7216703771871281,0.3040832565195966,-0.9319279519995868,-0.6358886052801473,-0.5763990409218094,-0.9388634607775133,-0.9800573337431538,-0.9978357618968005
7.968693070199548,7.890882577007266,6.418746948008568,5.903836984249745,5.987261099559783,4.118566978259662,3.4305543566141155,3.0215716465948894,2.5512667989557745,1.9340849512835185,2.181813239036626,2.0365945792547118,1.3276598903657595,0.8496414449467384,-0.12730092342457813,-0.06798292574329856,-0.45204865055359855,-0.09556324252128692,-0.4030553698481518,-0.28282239522404523,-0.25919693967555013,-0.4577481214929028,-0.8080615386900559,-1.9740512899333729,-1.123784186808515,-0.6751522106580105,-0.3753827533937666,-0.4712945706178125,-0.347938536899586,-0.2620672074323148,0.10360818234620386,-0.07301443466149833,-0.6702340818763697,-0.8214849160059464
7.554073638936835,7.192067937039029,5.591400667440521,5.777713942853979,4.680981310990894,3.2950620701089814,2.5115939166606243,1.4814752134258202,2.175968595300082,0.9818358813268346,1.1204339180396128,1.0506802170500524,0.006646208034334984,0.3894889914413331,-0.5288189494153186,0.27211408131102605,-0.5040865442098803,-0.6320604055553739,-0.8040331511098147,0.492970001938422,-1.2079906094414403,-1.2192344743048307,-1.0000812647660193,-1.0823301246316623,-1.607512429939679,-1.186632985297553,-0.4781798641523161,-0.7073639280053848,-1.1314113121505807,-0.5761890700241448,-0.14442694139215556,-0.19460493070656543,-0.1056123502101338,-0.862265674019708
7.245622338841658,6.569502526721463,4.829960319384361,4.313101317098264,3.5215714450050863,1.944224410753899,1.5760196280150196,0.9129019653745538,1.0795899545743612,0.397672954901781,0.7689115976960578,1.7913918231367674,1.1661295064829453,0.43664414722108535,-0.5215736890514521,-0.6713918876337684,-0.08111615243352724,-0.5204688967556218,0.19964414474947215,-0.16880047163844072,-0.33226566271951696,-1.4166821661720863,-1.8684497146800279,-0.9931510748008078,-0.6708949399759752,-1.247978503430052,0.4075799772542245,-0.07917193084835521,-0.10808578298174486,-0.010839580783605024,-0.2576928089447164,-0.3770306434176401,0.13789864882764447,-0.9351804762762785
