script/wind100m.json
{"header": {"parameterCategory": 2, "parameterNumber": 3, "lo1": 3.000054539987559, "la1": 64.9999836372058, "dx": 0.5, "dy": 0.25, "nx": 34, "ny": 52, "refTime": "2026-01-23T15:00:00.000Z"}, "data":
[rows 0 to 24 of 52, columns 0 to 33 of 34]
-0.27266231758702086,-0.34704400191854096,-0.32310904555884495,-0.20526871485451362,0.3542850818321723,0.9897000104135519,1.7972615197960835,2.737165890573631,3.9790501255928987,5.262971934630763,6.1835372205162935,7.084293040269071,7.9025838141014235,9.124848071717482,9.532079282971631,9.332276618267942,7.083159484178363,6.852882559066849,8.275893253959502,17.073422208145864,5.373202562002272,1.6618767288498935,1.7617191870691864,6.520180022245683,3.152677831586994,0.7095725604559407,4.190424159267285,5.808765425528183,4.971327869560824,3.554855966067628,4.053870058062487,3.6149929463230794,3.677455074258468,2.5916930577730297
-0.03423643878063109,-0.15314840646957506,-0.3338417773245542,-0.42130930402288924,-0.11465786361652341,0.42971299092738063,0.9901627142076626,1.9662734702032516,3.38496580585871,4.807482840614863,5.967591525902387,7.365755703024133,8.275979267196387,9.053417089990155,8.842944822499026,8.85468456703751,7.976565641690771,5.457703446773662,14.48840070006953,3.6153174582643444,5.302949302178515,4.200407084861186,3.6281662920518962,5.22875430289444,1.4413050832924776,1.573605744582634,3.3099705323376925,3.5593219981641635,4.7542486629256,4.367910307101913,3.37809700450385,3.574853662613944,2.5512538744245137,3.6492257757373703
0.5830863317782067,0.32308334317813936,-0.3461231366046151,-0.22366637985604138,0.4662661328897852,0.9760542157319766,1.882276016249559,3.3333659746010773,4.405686939007565,5.319777585306811,6.5754622784527275,7.441491641902029,8.355716359122702,9.025475801083834,8.734882064067524,8.02336105278796,8.846719082844261,6.152571771974845,-1.8648412550413183,4.21624866791292,3.0115949418535712,5.141809255863313,3.1154419365414916,5.941380017999665,3.026167703361348,2.0937594682628067,3.154697642342844,4.182211417471616,3.469004365814286,4.289751357469996,4.652367523976959,4.452714306546118,2.5515468461020103,2.7532661519321033
0.9703520170542793,1.2124904845260998,0.5484812507867295,0.5035864721129942,0.8006219615244171,0.9327968565451994,1.5951442637932736,2.501214836055444,3.3433082337312716,5.085801922137844,6.752178999941173,8.89681850749722,9.770826736375264,11.434481081777756,9.530321736884849,11.809146358137165,5.14539241895109,8.787107409443989,9.010803680585443,2.710792325477328,11.742844672102553,7.368289512720321,9.53508820054504,3.5134720861474253,2.5471448011711257,2.528041272733726,2.77858588272987,3.6358857639606477,3.801634317732811,2.620541305494255,2.2142941631379838,2.6875047867321,2.703089886848279,2.0801467159806513
1.8464549447918501,1.1593005672964778,0.39602053244546104,-0.7075744017468951,2.201294613189286,3.193592681703445,3.2759137992436496,2.475113062891851,1.9820976902777876,4.242967526058253,6.273584017256017,8.853735069132625,10.858297268269679,10.304618903612813,8.39123895226445,14.061996772596357,6.659486928529748,3.5713707911200596,4.68013212840202,6.56944542839457,14.848000595177309,9.085839050486904,4.262222562720381,3.391277908128563,2.7331296685138113,2.858272265054184,3.4925449060614193,3.3485009393018657,3.195635688515904,1.8544165925809424,2.450515299479779,2.3297743541497526,0.8539036288305406,0.7863174067917278
2.397234763734184,2.3916209872924985,1.3857762826848383,0.7263225152683551,2.1010392952942434,2.1992082257125287,2.9924023274907903,3.4626694180467195,3.7420138853350813,5.582596296559864,5.478097788524724,6.062105797823338,7.2213081977405995,9.67561089632971,2.329614567684934,4.732204055401233,3.0354292422715075,0.5989771742078243,9.558274626793622,9.725248753450483,6.176776657840347,5.7636250062127665,5.11059237185969,1.4089581421484092,1.4453564820837828,2.1036535820917313,2.361439930460534,2.203745715380157,2.026080755176321,2.403549670815956,1.8081673795965536,1.4391381006598938,-0.032867036844652406,0.14312168885991922
5.981245878158026,4.959226396455887,1.5975119176046881,1.3204003881252369,1.9390451469399619,1.229379212144774,2.5308352091904207,4.206759134778061,4.452161807923408,4.543130907070486,5.680791854148635,4.415516895692955,3.0894445231533125,5.476773092004607,4.2771604280343745,5.464017346644482,5.817048052437792,12.804310410369467,8.207497650904713,5.8609610900788764,4.447136270368846,4.390808968353399,4.21277145169156,2.501035746350293,3.095332214765692,2.522591272437026,2.2117792152459135,1.588376425091262,1.6658991434341517,1.515514698916728,0.035650746048524945,-0.476801891861866,-1.528109751502287,-0.24331070032903954
6.179834984051356,5.750989248178318,4.621957504017339,2.714218690429181,0.7331592357503242,-0.009255236490209965,1.988151217432274,3.4359463406770647,4.370173290838197,2.726481379825213,1.9797597359590722,5.123299762245505,0.6474580398478998,0.09804108159640304,7.020051515299673,8.44573340871928,4.553067555633715,13.032501699719496,12.008848644538118,1.33365289058883,4.153776968834462,4.430974434015148,3.402515741286574,3.789146825544555,1.258878872934399,2.1653379060298823,1.3882806004366688,1.2744087256261516,0.03993892946942644,-1.0482773111594628,-0.4800681024601065,-1.5843037636742026,0.6922653010173458,1.3414065990670745
6.299755129476291,6.266397230943419,5.261874711481579,3.4993799236883794,2.0071908830505616,0.44064963348377234,0.3091012011734562,3.685341275247096,3.9532764446935493,0.877623812662824,4.606426143029532,-1.1581130176192416,-0.8883933005631098,3.309039064374782,18.30372135091598,5.7111905766178115,11.777750241669375,18.627802906210096,12.841958189058674,12.465068854145382,16.80231629190068,10.419400355615029,6.959387131788852,3.6553101108994324,4.3965472686555795,3.0185154301524837,0.7779659076459506,-0.2174510311867319,0.33618825840142547,-1.2935737267932723,-1.1273325212206933,0.20406283672557476,1.397455761152088,1.5964711248489496
6.407838705502512,8.565290374665882,7.640913422120075,3.8242132459010545,1.3102239642014082,-0.7169238838589362,3.722772919400657,2.8042203494776454,1.558986450105192,-1.3934735955705932,-0.2381126640528267,12.203227734571863,6.463842607314181,9.93166038457837,14.649142016525957,23.374865307876124,8.98371349901742,10.40879909526132,7.6796828888363535,4.928621856343806,7.225410667329421,4.037365124635683,3.9041980305971045,3.458077657819512,3.1088854202146927,3.404724356553493,1.9378142114928425,0.5459734800942572,-0.610000838592274,-1.8176246730198857,-0.7005105882207335,0.7917785919356009,1.0688923071508922,1.3084694358580464
6.570664910850101,7.0049382817997845,7.04114914134409,6.222473786959719,1.7188317733015144,-1.0664127865722643,2.5324451419116167,0.41250682172489556,0.20919714144990645,0.3008115383863841,9.377162871340886,15.52585247761289,3.1657548871877306,4.51249996447836,13.413076546454956,9.81485792528839,6.908509436652231,7.005523174211795,8.13159713157745,4.363225627503942,3.39944679998063,3.472354049768077,4.610753589662598,2.8650692269317575,2.439503020987604,0.6704708619890026,0.8727289729020774,0.8427728185229673,-0.7067477359939088,-0.8535315184116691,0.9688401054138869,1.0518588746808244,0.8776179801230609,1.2017604533708086
5.516813409788636,6.148433280063664,6.420660218645329,6.174366344526502,1.1980648826953433,1.645934505975601,-2.7535851245193133,1.4680368842484788,0.5699078148237405,12.07176839872055,1.322787222554174,5.370880849780432,6.501571230796319,1.9644436049834233,8.589713860152187,6.290933341564515,10.277472766235105,12.980918133944293,9.46490486933899,6.352252276765177,5.141576477304227,3.665584342573538,2.4796854090862115,2.5003237847064694,1.0629739954937107,1.5231329324127683,0.8059994503226092,0.7357248192181793,0.5875194186089892,1.2510023416576845,1.2657596362168853,0.9147196993094214,1.2529902191121705,2.0301074535940704
3.9494922389781957,5.111220388108841,5.2036129559265545,6.103810753360483,-0.8814579277788288,0.2912974078502875,1.11842990856782,-1.086171354264518,11.475145070591061,0.226750316571031,1.6900719389163619,8.617729796896924,9.937378340357608,15.371456715888584,12.424754414670984,15.14420510706469,7.2813831451223665,3.5918669105750336,4.788035892900513,4.198927713605941,3.8926759384268954,2.4141558751699135,1.6996945418728449,0.45422441271827485,1.0487009576627693,0.5653942985762824,0.6394723011151885,0.2965183086659527,-0.42367830193568157,1.0763735707831434,1.385801307289315,1.4190545955556664,1.9334723819781792,1.9715178411640173
3.6778547887797384,4.238238223442462,4.1658388761685226,1.7930814346502224,-0.8040152398173538,5.788445046343729,4.597741251824487,-0.8170802739383415,15.938866405169147,9.50108120184932,9.541688740730308,2.0858151468560515,5.10466876257087,2.6738902185919873,5.368636803195645,2.872220424698073,5.549520293356238,0.7926393179609832,5.4084991581973565,3.638197872536915,3.3061654026498033,3.2416435314965297,3.372891079311352,2.4756668810090936,1.9939419942818197,0.04954831716439024,-0.222075805943045,-0.5666140683403874,0.5140901637578038,1.8142998707586178,1.6039962973880644,1.871327500279886,1.7439283549420022,1.8477985008625275
2.6382490080403165,2.9084044742986594,2.7223281328439963,2.5772036109515457,-0.06664738304224394,2.2925957791688147,-0.6094240629800849,14.354572308607825,3.1537718046200887,-3.1064626446144685,1.5805093233769645,1.3323314784030347,6.85405268815945,6.273070722416892,5.1129131843678435,5.577314459917935,3.766150531520707,3.460836762275215,2.1606704506365526,2.8991465339774987,1.7252003786448682,1.884700752929085,2.2486998500013557,0.6557408210063207,0.8244877113222704,1.7705631604958194,1.2550299585502436,0.4267971262207131,0.8297809492332334,1.0110682841643939,1.2123197912075718,1.4138380570813425,1.4593460502046163,1.9343635869392095
1.2141285703116587,1.1204556632122809,1.4936722893542718,2.934349245142103,1.2125794433799433,1.5639010362741719,1.966055523164085,7.4597539536864135,-0.9644413471404498,-7.247201675992759,3.4254316112828005,4.914095684949933,1.3359493341462279,2.0292232461856825,1.6686762773786143,2.2199695594111075,3.056175611595475,1.183717841474804,2.3459716752539594,1.3976214534290996,2.3446173635541663,0.4022104945199593,0.007376669990925693,1.1184371927059216,0.7657939738711093,-0.23683530288388802,0.20792664635160962,0.13330444157902058,0.1947858252886713,0.8032575758263756,1.6222555811494297,1.8096770667394964,1.6726040000095959,1.811131358399709
0.5407461686772703,0.40833717149783666,0.7207572694712201,0.6612157900133104,1.4678607691049346,10.303358244435687,7.501207302049135,8.116496822348747,2.2555805849617094,10.395384169785146,11.063171407129753,2.9980923674880833,-0.8596407969404735,1.2831487474360224,0.6023495404659158,-0.11640595089909256,-0.3323561860099268,-1.186924456694682,-1.1202249129879716,-1.4537976039685268,0.2785357433135627,-0.3107328127087907,-0.4697248224465516,-0.4432694919588508,-0.17442178220283533,-0.42955935154905106,0.013219503550017189,-1.0990724490922397,-1.192349065412042,-0.20135003996815193,0.47345790314966885,1.060496195433446,1.688813859201753,1.9000611704490373
1.1205059413857907,-0.04860008650537121,0.7639807913784343,1.82714079795686,0.44981085840628837,-0.9977836481465361,6.756461387246528,2.3945072481557843,10.56668190380231,8.014420571173199,4.096197745402224,-0.983182607155124,-1.3976902085972087,-0.5723200199225018,-1.014132604714655,-1.3777071114572,-1.8832343944510606,-1.1526490568929404,-1.4713161686158298,-1.3594594346733817,-1.2599864904867002,-0.7215236705925079,-0.7450862820373146,-0.42769595234268987,-0.3968647656491358,-0.9051522756113292,-0.5200683274550878,-1.4681467567016737,-1.3032661751491692,0.2787031636897061,1.182625683205359,2.2599601018126516,1.913489281784716,1.7653845398430361
0.5105056022928065,0.30633978542626045,-0.012217606758673973,-0.14211321596774765,-2.1959986423380147,-0.5210486455125382,2.593173901710646,2.4522365856626442,1.7330945867523635,-2.6438622417628763,-3.2916946196979495,-1.7699530307335685,0.5233165785874307,-0.5692570789130201,-1.820377761893836,-5.077014612632427,-2.5804050034559842,-2.266146601189903,-1.9715697234037513,-1.4287258847866549,-1.5825674412292425,-2.094296174839889,-1.9026121572723942,-1.6826576512748783,-0.644445508882222,-1.891057988070139,-1.1119576473830983,-2.3464418396685773,-1.0975644642136,-0.542796114253315,0.4855977627952097,0.6438808551830821,0.6909498446283159,0.5865700530442503
3.950197568975511,1.1108517678241447,-0.15660919346689336,-1.205229277704524,-2.4540745093851974,-2.4854096178452787,-8.300367664795134,7.000049941321823,9.624626095210681,1.7683177675757946,0.6747117886295256,1.1837116414730122,0.6862788234155534,-1.7039540659804602,-5.733943321060203,-1.1284927618647436,-4.136296855792,-3.7305029776343437,-2.569853325503062,-1.4241252608214319,-2.3335218732517804,-1.0828447268445343,-1.7215164814397135,-0.9766006264218144,-1.6345291770690582,-2.2600792793582256,-1.7577730200170583,-2.442551752991037,-1.015263035468898,-0.5861794606713824,-0.8623278187557413,-0.3384311905898209,-1.196394868228946,-1.5829423682876425
5.335639464833128,2.351250421994051,0.8805482692017913,0.2218285407108862,-0.7221868564173918,-1.6776625555811653,5.487250432220596,0.010353153897464851,-5.010145285380819,1.8083761952340316,-0.08686214252708299,-0.18751912810331195,-3.0031052782020664,-3.9536103144383055,-4.980934623959913,-3.4144380741155262,-5.793042559831353,-2.121671588847982,-1.8461615843952608,-2.380407606852906,-2.2944065474550865,-1.6691218023094219,-1.911005498167696,-1.9511262733262829,-2.0830444129356462,-2.083729581445729,-2.1154348624388573,-2.2057312586733855,-2.219514628471615,-2.4692209826808345,-3.301560042824131,-0.839545184172683,1.2759629045608685,-0.47496428233378546
5.460095094801565,4.481615951511826,2.584607590372924,2.968244421687162,1.0843895508319445,1.0257840774198406,-6.753342624654231,-5.087667974565235,-2.650505214259731,1.2633558295907352,-2.842243164694972,-1.00950968473994,-2.9896465769177185,-4.598184933298053,-0.925250805951723,-5.790439278603147,-3.5379908928695816,-2.6606055502973063,-1.8575139409975705,-1.869725408172916,-1.5636886269610013,-2.1980917905886455,-1.78204444995825,-1.495970366718135,-1.4834552410155735,-2.2225506253900713,-2.001073963782828,-2.084064363296531,-2.9808091525179043,-3.1784422297899044,-1.8908450063737312,-1.307413467581645,0.9882472204770958,1.740099307507543
7.131719083704468,4.268349872138042,3.6627184712449457,4.152476620972542,3.6152817272330178,3.5303101487918984,-0.0541487039434571,-8.239863201805434,-0.8774078417013564,-0.7612256199247424,-0.9150205634815292,-1.9051859905231097,-5.955147337688858,-4.029202248572669,-6.613646551423184,-6.600992577617646,-3.709556432464427,-2.1761759620362096,-1.9048115851550078,-1.6049453445518704,-1.7943476114628807,-1.9148030745006615,-1.5387291970603847,-1.973090550439364,-1.5001479798143287,-2.4921606905558265,-2.884161383996777,-2.7395073512514996,-2.5651461320422886,-2.045798691984699,-1.1600890167715487,0.3428006650807341,1.4532982981281406,1.4480911069257327
7.014742829662273,6.564041883765262,5.971496950358905,4.29906952372942,0.37652689057501737,-0.38462758044880485,0.7348245779013779,4.384017966569592,-2.998109711472188,-0.6902482373661812,-4.093820062972123,-2.8183433098020116,-3.8697353567960775,-5.239558875260747,-5.981334285356608,-6.1210571819633115,-3.6443852309494424,-1.8293095767696745,-1.4836013373657102,-1.4312282090819448,-2.5021961696306887,-3.0550139881286853,-1.7526440493208757,-1.9077686462914907,-3.7006576672952027,-2.781043212220716,-3.1229318145736964,-2.118835706376016,-2.08215971064168,-1.5876237969261935,-1.4616738118582437,-0.46242035464672393,0.6932178494322625,1.4017906982783184
7.563351252752478,7.100511119135193,6.304622983907372,5.468897357903693,2.451150610916316,2.691880227907065,2.1117960886204923,12.159249011120044,-1.2243730831235595,-2.0804316402487153,-4.060179488608531,-4.074361363235889,-5.416894046415272,-6.025591039743348,-7.673444725649836,-6.426494626409552,-4.193823350377147,-1.7217807960073603,-1.2122675143440131,-1.4519418174642238,-2.069236834616706,-1.7153773915746071,-1.405852904002568,-1.7557568279502584,-2.5073763934573914,-2.632527618013666,-2.374820544220225,-2.6730243567375247,-2.005144723893029,-2.1761110440038482,-1.0606495098962039,0.23134742895571503,0.7464815898988897,0.9523191102088202
