script/wind250m.json
{"header": {"parameterCategory": 2, "parameterNumber": 2, "lo1": 3.000054539987559, "la1": 64.9999836372058, "dx": 0.5, "dy": 0.25, "nx": 34, "ny": 52, "refTime": "2025-12-06T07:00:00.000Z"}, "data":
[rows 0 to 23 of 52, columns 0 to 33 of 34]
-6.593218181913119,-5.964593987021517,-5.756682378850547,-5.702426929804755,-6.562075421104241,-6.040228592073782,-6.796404508934064,-7.295271233059824,-7.61922462942007,-7.035519609260048,-6.524021559444843,-6.228355754868964,-6.22649219785798,-6.801594291642935,-8.795658754801071,-7.94020284024249,-9.032588804689288,-8.849752869771631,-10.782011769220054,-6.8663573472900215,-7.224436309125702,-3.2193685146466438,-9.189108970547906,-6.928119862230443,-6.648774299392297,-6.409524773510714,-5.638879945554952,-7.262987035383696,-7.807658527169956,-8.363881478861789,-8.887346126821118,-9.519095356161941,-10.66174943384252,-7.234850693602649
-6.293164145777543,-5.241812882628498,-4.713566516543648,-4.9430178255221735,-5.302965841976735,-5.793890658215099,-6.590736499721278,-7.221876478580184,-7.359759280279375,-7.0912146158616105,-6.311608317457421,-6.003317967171377,-6.183757599355294,-6.2447280085063355,-7.7795167954710305,-10.179265409487453,-8.440817031122476,-10.415615043791862,-10.563552922931864,-8.589959201906671,-12.271628816755586,-9.544308211219176,-5.114494405855884,-7.766596121404475,-5.005851277795417,-7.019354537369211,-6.1037971840679806,-7.542729063514984,-8.694977026444361,-7.60079771152995,-6.0729316248691125,-6.865860116938528,-7.06804615163213,-10.11083366060456
-6.137572544896435,-5.349934640534957,-5.263487466234118,-5.1961648197569605,-5.324689015064824,-6.0232506694469565,-6.725587246512491,-6.852759923958425,-6.830763020298895,-7.21377453509959,-7.0589297932291295,-6.386086205062303,-6.189242719862383,-6.8776849713498995,-6.995709500250673,-8.836586824820783,-9.72224369479968,-10.440280567540709,-8.67764540539483,-9.502947937148969,-10.396679264159308,-5.01464075791496,-9.580898730000587,-6.216924914401781,-7.233095740095123,-5.956913795829843,-7.600622430039369,-5.177360618940386,-6.866253087127476,-8.884452966871445,-7.715142708095258,-5.375468309070032,-6.1970229411598154,-8.958385646667885
-7.218603099163054,-6.819898893268222,-5.8744872976619895,-5.228113656925706,-6.032353348778188,-6.38427917324866,-7.014449689912734,-6.323339374261496,-5.3479103622361475,-5.086587370258729,-6.389804980628911,-7.549755137101658,-8.412555929854381,-8.666964806990313,-8.439275676900738,-8.4634737368547,-9.15735104379192,-9.823283319212363,-7.884210907378029,-8.411644128582983,-9.216297215823044,-7.971090116476316,-6.352335960716086,-5.891259110733083,-6.273019800647341,-7.851012887173024,-5.682193457268225,-7.1398658478673935,-9.974232656719781,-8.631767626730811,-6.77127560823544,-6.8298235187983,-7.55742741166736,-9.22620149649108
-8.26423810553385,-8.170287785258644,-7.106159142468684,-6.180749144843078,-6.629573626432774,-7.298543584446201,-6.808429245799802,-6.801658276745509,-6.692193082655583,-4.914972860939509,-5.559163225575648,-8.043764836739827,-10.11484058751539,-10.703311845899389,-11.06641330411649,-7.795438592096099,-6.962690484781391,-6.840185707587976,-9.263657875443862,-11.107846599080453,-8.151460828575988,-7.138286428670519,-5.333483275467391,-7.863686923799306,-6.524389799363162,-9.458006908640376,-8.572678578165663,-10.247146818281381,-8.262919117681585,-8.623383029246465,-8.726365453542094,-12.000931867142942,-6.856700787277788,-8.311403681540648
-9.017430115145386,-9.073807490070296,-8.096940309423292,-7.108928876126234,-7.041384828563243,-7.197170593900926,-6.764217463582657,-5.8838347866568155,-5.313608733257464,-5.4664802146694935,-3.9012720426534027,-5.468775623759527,-9.542619690655409,-12.63279190368655,-9.704867365643317,-7.034448460560173,-3.037664692934557,-8.007764896974416,-10.574629510056889,-11.013252358529952,-8.804810512991004,-7.405329870689912,-6.275777926526355,-7.545463614509217,-7.770661993617028,-8.293617681179196,-8.497134248070356,-9.90832271911417,-8.10237000870149,-9.906240284534654,-10.188871575178597,-9.631767663243894,-9.326084642009159,-8.34843649980837
-8.087559388485843,-9.01250409200739,-8.446502040810687,-7.7185747801316875,-6.588109566631034,-6.667012836719975,-6.32626608435764,-5.889545923190912,-4.975525070409165,-4.0060865182732694,-3.9030939070866824,0.7614527591822534,-5.463806133791055,-9.800895006156239,-9.116648963295365,-5.596687076898393,-5.83235726346506,-9.518240360349903,-9.33324721769479,-9.31580254995469,-7.03487227800006,-5.320002523261855,-9.07768619996997,-9.928601149809698,-11.020367456949389,-8.710204337173543,-9.012969929561637,-9.859924809435647,-8.200480629667062,-9.286153738723316,-9.47316139706721,-9.379564444582577,-9.993088877002421,-9.974665186649766
-8.366922069646865,-8.008097221273482,-8.573499737840987,-7.925798946823118,-7.635003853925025,-6.866151867358201,-5.096102861249166,-3.4835284756141665,-3.690608018507213,-5.314695251532893,-1.9662367160084127,-2.6924293352159174,-4.5750933254557005,-5.7299737805132205,-5.133552948696915,-6.334858113768688,-5.114827616706044,-5.650456778367097,-7.005351756446359,-5.374098987801121,-6.556884608761133,-7.294559528096749,-4.899483232604044,-10.094103540679221,-9.333458118634075,-9.880464497697854,-11.02445120031178,-12.048984016435512,-9.344897920426032,-9.153830004496486,-11.877015536533161,-10.030347352344972,-10.348765661884977,-10.418666522026523
-8.563194459215957,-8.245056968706503,-8.161158904231172,-7.616085474857058,-6.243928043920467,-6.7173393294798815,-5.42569004396223,-4.977629393719297,-4.010800027598657,0.5744958546358866,-4.606797293442239,-4.040162065566033,-4.352098996782513,-5.941572507598188,-5.811377738856172,-6.071280479740923,-7.782037602912022,-6.942920057170046,-9.077131571189646,-7.928074403048453,-10.18760261524468,-8.892192142990282,-7.4532961514783,-9.59864611041417,-9.605357869658064,-11.109891584215662,-10.256769389113368,-6.983372742643247,-8.143362639879358,-8.450465790677471,-9.379203456811847,-8.483413018774774,-9.628774483827188,-8.43366706412288
-7.392000856464136,-7.495728749928374,-7.2620644105000665,-5.067439730336802,-4.663239877054758,-3.6267360394464054,-1.812225074489207,-4.048575897429218,-4.559096293299295,-1.4714890471667843,-4.738424602701386,-0.22302899460718997,-4.330355095484099,-1.2388236418232974,-3.781744852781057,-5.693508320621393,-5.5378687429819164,-7.449482383251872,-9.569791165921897,-8.730277086742676,-10.098001999476468,-7.867780217511809,-9.29590901178214,-8.30025714676714,-8.574075747039247,-11.146355615817537,-8.48551263603218,-10.392272279674062,-11.195920950849189,-10.63273492353571,-9.197043513789527,-9.041259324241015,-8.694823138850293,-8.68930099963323
-2.974194179065789,-5.35949537022321,-5.847713675366345,-3.803414668414588,-3.021769473946874,-2.1605740850260267,-3.6401900496518076,-3.4633076023395057,-2.809519485725424,-5.063001839541784,-5.09170498589813,-6.517355490504535,-5.942436417087521,-2.635146833518882,-3.7860568182294854,-5.462265353079975,-3.7532270725952817,-6.763655717206984,-11.650038912090608,-8.021077384703137,-7.057761553710401,-7.8539839704712415,-9.99971989987269,-8.229467053494867,-10.293007052431626,-8.297754507588996,-6.520880806402197,-11.010383784193607,-9.462155577326795,-9.035179415445613,-9.263448984950134,-8.919795624290586,-8.72791099905551,-8.928711788507242
-5.04893274558555,-4.564626131386095,-3.4247920429310192,-4.379506271182147,-2.291533560267714,-3.947822611645143,-2.827241015536676,-6.1759546541043635,-2.099135095070724,-4.110131191590384,-8.135799659106905,-9.079461425076957,-6.284522472851332,-4.515973501816336,-4.082620791469794,-3.94991165962692,-9.822811424063218,-8.811177067674535,-10.911991869400655,-9.8274516315834,-9.483564648671583,-9.736367777117904,-7.685355802958016,-9.025463166172417,-7.591765234813437,-8.577079891253794,-9.516630513117006,-10.577525779047361,-9.762357053356128,-8.585646111195762,-9.727645406625518,-9.163606617169842,-8.547572392474349,-8.511385071453333
-4.664258886177967,-5.580967803003294,-7.3877948299665634,-4.354450020907633,-4.765217212040419,-6.576084927312824,-3.3634679922780637,-5.593343433766275,-8.92123704127774,-9.533445109555128,-11.260099448757067,-10.231966131815529,-5.8394117175027835,-6.544156995849044,-4.603790010621253,-6.752287998775871,-7.608276770569852,-5.534925789933962,-9.290844361540003,-8.020200271590259,-9.175686715016452,-7.892918022327792,-9.666248645460193,-9.160891497233376,-8.678206553665081,-9.367810152548367,-8.98421362673885,-9.600744200108707,-7.789512565614976,-10.033295894987214,-9.690812570565985,-8.983394744939838,-8.529290200206997,-8.733366469781732
-7.048442100310344,-6.482645678157991,-7.945816612137322,-8.094821103665907,-6.983676220020583,-9.164320615786682,-11.176900227511153,2.472341136026251,-12.74490215960962,-8.334013106176918,-5.1206090713731225,-12.90804408230886,-4.578972365484017,-3.2886328534422318,-9.227898845301098,-5.072309188842865,-7.705431112854854,-7.528725706858998,-11.00085648943941,-7.341995911712127,-7.127731746172207,-10.213529114207661,-8.795993484744857,-9.05599490453117,-8.72165713532979,-9.068729744417583,-8.41902876702199,-8.524200345159867,-7.744485756701611,-9.5135029855756,-9.580767245304976,-9.06477774918737,-9.299860637431795,-8.864706910914313
-9.275493852307703,-7.7580121098676775,-7.677512666241905,-9.477122218204782,-7.855607106814015,-11.645284616527906,-6.2257827060447894,-13.795154744267883,-6.59349705229664,-8.667672052658915,-6.335752210006016,-8.838716226134185,-6.691742600753342,-5.8312013763776385,-7.749193575172564,-9.417061077729649,-3.8438161347381072,-8.612932312472449,-6.358063751249664,-7.328516162702178,-6.664887601962988,-7.767976043398477,-9.857325344003318,-9.03955212825299,-7.935991688768864,-9.356200536777484,-8.401572825492433,-8.149476539985702,-6.597227166983297,-6.738203108047489,-7.769633193196099,-9.640224360595417,-9.461720188713327,-9.201427521593214
-9.516742099661318,-7.685659455420143,-8.927339062410743,-10.657458632464733,-10.647607923411979,-9.819588102703015,-15.787880672473111,-2.2557057221280346,-5.811312597043351,-10.192144254148982,-13.307939712829862,-11.226111729412127,-8.993147344132757,-8.692610431440201,-4.074182964581,-10.81934690615995,-8.735096261255393,-10.10034155761258,-9.88627003564156,-9.101765071486279,-8.837698277746526,-9.338342737416978,-6.663722717379742,-8.001351239268292,-6.51974210087882,-9.745258020140696,-9.953886097181165,-8.986036505777223,-7.842527897785743,-8.466499721589395,-9.295161458058637,-10.027972202713043,-9.235362748838645,-9.165325420113314
-11.395107575229076,-5.753917974281482,-7.57911905234668,-9.101865037117665,-11.128443853446461,-15.225754697890721,-14.135164459365605,-12.63046917235948,-0.7158756822362529,-14.317598676254551,-13.642565166982438,-10.545929727910375,-4.2523451651896815,-5.636020037393588,-5.671332292356774,-1.825179567256092,-8.386788097365615,-6.390433245217407,-8.779228196286414,-6.340375596602446,-9.325801222664545,-8.899029444652161,-9.479538019749532,-5.5001064338810055,-7.8927773498946205,-8.550048890397301,-9.740717968700285,-8.488866079176882,-9.627358968531707,-9.330213914651328,-11.208568467954468,-11.652538939368467,-10.467473483437942,-10.229983160864029
-11.310954214718192,-10.174089158431022,-5.054285593496131,-7.307443678310112,-8.796275902675504,-9.54307442253187,-10.92086640105568,-5.174272000809787,-15.047968462308388,-14.26131928313333,-10.305438919059055,-10.10911256532929,-5.97605361310909,-7.6156976509513825,-7.794437214887425,-8.392482492954645,-8.312210636809363,-6.889328190388544,-10.117553705063573,-10.669959803482545,-11.8194537962853,-8.66743383486929,-8.426438923366506,-7.461346215623706,-6.654271509467096,-8.776799306832839,-9.431275920405954,-9.217074422109215,-9.35547468542894,-11.986551253672905,-11.275165121315487,-10.404215181251574,-10.774508120454946,-10.381898080088305
-12.505607093059357,-11.827758844596895,-10.43424403062911,-6.421229976173483,-8.064499119769541,-10.094766759754657,-12.87847609946852,-11.060682750388573,-15.570767940169192,-15.12751366894957,-10.517713318355222,-8.16095003540345,-7.554491162859036,-9.164671978979317,-4.046284151505301,-9.065581484921184,-8.018401391208483,-9.838027644231213,-4.812892326608558,-9.645443626953025,-8.541127443971966,-10.955699351669827,-8.382022546295484,-8.23949200108072,-8.70788550912552,-8.645571438467151,-10.119084689304351,-9.857687162310828,-9.47956524951101,-8.029879541727524,-8.369377346530603,-10.2658393257282,-10.505352734438617,-9.433083081856356
-12.832814724138363,-12.528435386398533,-11.035831756152746,-9.579568085388889,-9.194125634323171,-11.303985595448063,-5.439729525917442,-9.07109386038711,-16.10945348853101,-12.948559148405389,-10.876539665338766,-9.339804797412581,-4.318128695988932,-7.0085662590939775,-7.836879156545558,-10.834801436141708,-7.391002157753158,-8.411748696294723,-6.134815105950676,-8.145088817338992,-7.508966790878395,-9.831601021480028,-10.687784709784676,-7.8213885273973105,-8.5560917564466,-8.756046810343417,-8.389468821462117,-9.37881081535829,-8.610517373811403,-8.547054102730907,-8.651325795406368,-9.112490778172592,-12.038954070997159,-8.028577275648924
-14.323929788206542,-12.895731671770351,-12.074926199158574,-10.466294562663318,-9.650317708810649,-8.255115798229436,-18.494994735244386,-0.4274440238977956,-19.36493509227932,-10.922971047432839,-12.021983315383892,-8.874721349398584,-8.521605326314878,-4.7931906381973395,-4.599376240115937,-8.895033992427193,-6.707964362699767,-8.602589338338056,-6.941521487908964,-9.635552100951168,-6.340811023913172,-6.6772840913189215,-9.74800377184268,-8.737482924410465,-8.386471804612846,-8.123744618832639,-7.904842867932729,-8.02654892844934,-8.412439481916206,-8.791498228140245,-8.40098068789103,-7.5562899145287785,-9.62301940510929,-10.581983593937506
-15.462895014197674,-14.898770179680136,-12.675094290937519,-11.487516633913573,-9.48616140994653,-7.0926722020504105,-13.527751514791294,-19.80025841658466,-15.236617003063309,-9.906315574684994,-5.987573371964884,-8.091238002005687,-0.6672391323988786,-5.649999941115798,-6.802074139590677,-3.906548730606338,-7.987456867260045,-8.279107817777238,-6.644446748591594,-7.769697843291383,-8.364567155400001,-8.008145734688316,-8.538737736692376,-8.067054073882751,-7.780488966815619,-8.012612781238323,-7.731275952533815,-8.23187261431378,-9.480925984022596,-9.163279777293473,-8.292318987529644,-7.179975091126641,-7.600831650133148,-8.029565840096625
-17.11062517615425,-15.505861807055217,-14.077304729359508,-12.106810352680156,-9.825574099032048,-11.444818891452789,-16.533867524373733,-9.69840381811096,-15.176359946539993,-16.548607813412023,-5.745595292402493,-9.12374049522421,-7.595390033815204,-7.7329298337704735,-7.402545403712292,-6.788466558243867,-7.899252901642427,-7.591290644422565,-7.471245971825121,-7.858285814728273,-8.453437845361407,-8.383238383341002,-9.038040017123368,-8.13947753379469,-7.35589011119627,-7.875698958620865,-8.699632322459358,-9.418963109662167,-9.102708331614977,-8.84076732104873,-7.659314882316818,-6.657383507036307,-7.050703900469266,-7.334841124389887
-17.388977687545598,-17.99092441173308,-15.334741472952434,-13.265314349636643,-12.741912379649404,-10.274165247069652,-12.717377215716152,-22.065094527526828,-13.915399030675724,-12.908936480444847,-3.4094876828434413,-3.7550449449609036,-4.952860281257957,-6.144841812910812,-6.634852242194105,-7.0717692042670395,-7.827548713578667,-8.57438152600023,-7.55402319843396,-8.143122479318937,-8.59986241491326,-8.682714472898697,-7.59994684256778,-7.7092664804681075,-7.226896976643059,-8.686204786840534,-7.984768149514142,-7.869296607661882,-7.605871155517866,-7.44584519930177,-7.229610790603816,-7.5555470358858,-6.619797759460308,-6.302119053084821
