script/wind10m.json
{"header": {"parameterCategory": 2, "parameterNumber": 2, "lo1": 6.000198445256149, "la1": 58.999992894266676, "dx": 0.5, "dy": 0.25, "nx": 22, "ny": 24, "refTime": "2024-02-09T23:00:00.000Z"}, "data":
[rows 0 to 23 of 24, columns 0 to 21 of 22]
-15.666587006297775,-22.394261520552394,-19.8160727872195,-0.6949400384343455,-2.324288834227836,-1.136267653720196,-1.4035427533811449,-2.381345382008752,-4.867780984504371,-7.902205153982635,-7.225836261341047,-5.258009211749454,-4.3103110459704,-4.075967141200988,-8.161398688964857,-9.366243314134959,-5.897557587421121,-3.47683571635091,-3.163843368857258,-3.3110587496824873,-3.322429287897137,-2.674542877496124
-13.12196944580814,-12.499122511487684,-7.92045214964241,-3.077723611820506,-4.709506263345139,-2.2970467877153466,-2.866208564578389,-8.48799717900296,-10.841637016710756,-10.699370801326358,-10.207054169054203,-6.163401676605937,-5.974582165437018,-6.965869581907438,-9.860776172844314,-8.591845078368774,-5.577779933343845,-6.011659562879805,-4.964395700560882,-3.8055099984104226,-3.5036542096684338,-2.3565593633089916
-9.64405546193203,-6.864455166086857,-6.838345756624525,-4.969476130519275,-5.293596174483936,-3.8770382927264055,-9.157036853742392,-12.201856112028228,-12.46908160896702,-13.496209013826558,-13.269893194637158,-6.659684396086987,-6.086998716410122,-8.411098056230244,-7.46526037776736,-8.298424778421731,-6.821423376175511,-7.5621487702329615,-7.093471619667337,-5.017532052611705,-2.936649479983007,-5.533663242612139
-17.307634601931305,-11.422333389899613,-8.68989494209528,-5.746416353021464,-5.025602669852367,-7.949110781185478,-13.519131739874071,-13.509397696518374,-13.772371397154025,-14.59496132261722,-13.987528036903257,-7.502784518757483,-5.672110913538459,-5.161931833052805,-7.318602565683334,-7.633293114613718,-5.232452012787444,-8.952290454874554,-5.219919695815592,-5.038215313232122,-4.619719474640019,-4.266142743125794
-19.85845884583944,-17.925045212741612,-13.241310600199899,-11.188629609084948,-13.238141444953778,-15.344102721821839,-14.104316598161974,-13.705779382930778,-14.31423872058778,-14.521970473107876,-13.397676177842504,-9.057594638820518,-5.54532073419834,-5.233833932553614,-5.601761857941543,-6.752161774974672,-5.682805978145722,-6.610457104013491,-5.8295665003528985,-4.782277704755883,-4.656327943893634,-4.86412735644397
-21.72100473360717,-21.129957056370444,-19.519822614522845,-18.994530281563936,-17.02671446039619,-15.546853322166077,-14.789553890816402,-14.442770896366449,-14.140916351888166,-11.866442469959962,-13.43661230010814,-11.478873362489953,-6.836173345244373,-5.480482719522831,-5.767250603523403,-6.251097537886027,-5.071151247318163,-5.767100081002581,-5.288102168073671,-4.698839636264185,-4.567873510280003,-4.607309139574863
-21.25851134247106,-20.92307019696143,-19.80093572594745,-18.612440249884926,-17.509399086997284,-16.564464676823917,-15.553390680849981,-14.550994025899003,-10.675998935586108,-13.444418915940128,-13.54438925636758,-12.090580456474065,-6.813756900388021,-5.839083406919562,-5.965015535589815,-5.6807361412835835,-5.293699151633205,-6.015161969906848,-5.169187869538458,-5.090881780877358,-4.818312289768982,-4.535309191469935
-20.78948665777143,-20.563150430998896,-19.88567063571221,-18.996462133211658,-18.293357807825863,-17.46990196326017,-15.62053829254097,-11.96267181040717,-10.223785603172606,-10.439248151596129,-10.336577616223652,-13.066862960596914,-10.52354098557648,-5.734012302634267,-6.181889051198908,-5.91434618762581,-5.584748395737697,-5.486610944370301,-5.075204754648227,-4.890837029310891,-4.8943160390206,-9.98145645048042
-20.000970669951215,-19.83961371965671,-19.65254931779305,-18.38480210385242,-16.935386830038247,-9.108004517783707,-14.25901635495288,-12.140267476705338,-10.020310895618262,-14.653328623226919,-14.426760009620368,-13.76473172593827,-12.278372583886123,-7.827762221066763,-6.120771110138966,-5.753503453657053,-5.884499194745055,-5.254931483092558,-5.381471701933961,-4.952007062975868,-5.30159356376806,-9.12770287148509
-19.525846428363543,-19.199609526840153,-18.761369228900957,-18.253455803095374,-16.827293033409575,-13.335466576928434,-12.322594303341015,-11.972628565475178,-10.594553513404211,-14.821444000237642,-14.411276533055728,-13.920031108607684,-12.9023992207178,-10.376310282905674,-5.281817111044762,-5.5802610699407795,-5.675514765415295,-5.834254043613452,-5.316534802603143,-5.276778225047192,-4.484659811038543,-7.566129810886829
-18.378796212655093,-18.01917532085742,-17.333325180584357,-16.449305982307024,-14.44376242544625,-11.4454677494388,-10.6120288626487,-10.888221243527592,-9.910826447494571,-10.023154660093544,-14.056938223442852,-14.269622445167077,-13.252083223543483,-10.761600901407016,-7.606372690533415,-5.534614694257915,-4.991331512484556,-5.272296210458032,-5.514120279289032,-5.281253637377347,-4.780630057565703,-8.844119474155566
-17.545083605411048,-16.777407202415187,-16.892769639477745,-15.457632503417189,-13.95655400018055,-8.174895293943592,-10.348330192204777,-10.317399138178102,-9.460732012145565,-9.704800415698411,-13.067618581830144,-13.617663228787134,-13.384817809057544,-10.750999262898048,-7.727371970796533,-6.620454971964044,-5.595421426831479,-5.650969099206715,-5.101781148303772,-5.620544818485753,-7.535085302124818,-11.512512452752864
-16.447896509868784,-16.13931247519495,-16.317304081114532,-15.474107510229897,-15.175974960886244,-10.106623316522041,-8.393849526460565,-9.833246777521936,-10.632831535572269,-12.312511075810274,-13.129863976390832,-12.033420714285603,-7.8691175328921465,-8.054249742943968,-8.283502523241252,-6.89278658035968,-7.468141362963052,-11.649181934366966,-13.48922916857042,-13.023328854220548,-12.614801661044206,-12.64764833558236
-15.871638046228679,-15.524357389523177,-15.633949104819363,-14.807750271265776,-14.399410158842386,-11.247075335527567,-9.318341052787275,-8.62758047940743,-9.524887785284538,-12.01346514202825,-11.535633604889421,-9.831662673966374,-10.330567086998748,-8.244522043296001,-9.828093586018708,-10.144481391963586,-7.519309329229192,-13.433321110378312,-13.985533051834098,-13.756043483087355,-13.556895165866917,-13.549249976836734
-13.753470695980155,-13.794600481188377,-15.150026331033446,-15.357001832025356,-14.311864722386884,-9.076590045163895,-9.012233285612997,-7.059504723513242,-7.948005099014113,-9.564132902803385,-11.875864648590401,-9.895791106941546,-10.407503602859814,-12.95131281347952,-9.742134212408503,-9.513364000133643,-9.67813480488891,-12.688923839535313,-13.059322331320844,-13.327425172364023,-13.64449693097605,-13.654229477552812
-10.365762827054116,-12.337838311937176,-12.97736787928627,-13.750494899877548,-13.61766572034833,-11.536917840220095,-9.118360275455546,-7.183643345913316,-8.433481549733138,-9.324656259856132,-12.439881376639313,-9.611915405242822,-9.596454936866131,-13.592942702795451,-13.59275006265902,-12.544490213054011,-11.161919963249378,-10.75567913010324,-12.50467151457522,-12.579699273049984,-13.158426859461805,-13.631331446588304
-7.652172989051726,-10.319295043693538,-11.511632285141692,-11.722892851592354,-12.3384058950759,-12.004958629672931,-7.995770530328043,-6.898389176080635,-9.849439115573864,-9.028956549243926,-10.66535840974169,-11.968030667553954,-8.928971259141392,-10.644236249919821,-12.650670057923968,-11.951545738726644,-11.411708162913344,-11.758284209364646,-10.453669604692202,-11.396032317527121,-11.561774512134575,-12.373040745498358
-6.001895681406314,-7.990744083454904,-10.053237306562632,-10.701878843043474,-11.164358948153854,-8.555269697736287,-5.7081854287795455,-6.967834542738494,-9.67185049095056,-10.414324327357226,-8.537484821310825,-6.73545547405468,-8.807268581921715,-10.673561100518029,-11.227336905259897,-10.665798575694785,-10.50901075287998,-10.597628100806158,-11.503423081020296,-10.74250189180048,-10.328378217025461,-10.427555304493845
-0.9290822265533749,-6.048252089998133,-8.525566376975771,-9.468659168676165,-9.385590013436902,-9.335498504895362,-6.319401075593644,-5.341823696660771,-7.689870534567314,-9.1949118778634,-7.067213429592313,-9.365196064842152,-8.14767498938469,-7.790060344619895,-7.968874945001212,-7.532452118778775,-9.027372431399593,-9.512997135431112,-9.843525741674759,-9.312883602784154,-8.398297148749235,-4.785273691977001
-1.5897123445761947,-2.136179016319896,-5.7667133599573415,-7.568148688739909,-8.793256745277494,-9.086218603433407,-4.350919284875919,-4.613444547887854,-3.276705452370049,-3.1051014661228327,-4.326055591619304,-7.995618311551016,-6.394305559115459,-4.196293936301979,-4.190998775688644,-7.497770754448465,-7.790872977130796,-8.427941502632315,-8.479403630035325,-6.648870037215545,-4.025283386272316,-3.1646922671830797
-2.124704789148709,-2.702791228869044,-3.582075425741134,-4.929513924263658,-5.977524032110531,-7.9802536624145075,-4.497565628731015,-3.7594581220460994,-3.545151296795309,-3.667610862769238,-3.0842373054857712,-3.5151013032168694,-3.284702007106493,-4.019655784826116,-3.937680696511959,-3.0770890827766717,-3.744506888285903,-5.054183204673387,-3.041189005128445,-3.4470690848784047,-3.806127628562833,-3.8833397184405367
-1.8261067205589252,-3.146101375588875,-2.615554450558041,-2.6830823241270854,-4.247320578867799,-3.8617797501149176,-3.2638474035352476,-3.6360990678568417,-3.0108886743505225,-2.840744375149187,-2.579810754466466,-3.6417266954891105,-2.497505663424752,-3.2158187414021926,-3.649965661918205,-2.6745034210922443,-2.4135844742936157,-4.374807513218717,-2.2006472023496757,-3.6566980023401956,-4.433592782787262,-4.055580848623724
-2.2185133183243595,-1.8136779628597746,-1.9572045347548717,-1.3188115050441278,-1.9025377471183853,-2.430648256525651,-1.5993428723845777,-2.2947241929321787,-2.739189352667927,-2.3872169429116643,-2.427979551818596,-2.0371772901353653,-2.170726278390492,-2.072952202567208,-2.0939677990671277,-3.231165436946741,-2.3639194422816256,-2.750612748186438,-3.0936421378379166,-3.5717257456675546,-3.1481388969281445,-2.8152086600494597
-1.1590476856684038,-0.8960269377530246,-0.9311270366720089,-1.9186010103028772,-1.2168034664776544,-1.353511282356521,-1.2831057162775417,-1.7725489611327836,-0.6927142703920955,-1.4960610253963746,-1.4769642536114425,-1.802435815212112,-1.6686809261741753,-0.9830208238280136,-1.7696062950142035,-1.968197846126064,-2.9830403894404265,-3.103289187795783,-3.4702679143125934,-3.4369659915113724,-2.5601588965241073,-4.000777825619038
