script/wind350m.json
{"header": {"parameterCategory": 2, "parameterNumber": 3, "lo1": 3.000054539987559, "la1": 64.9999836372058, "dx": 0.5, "dy": 0.25, "nx": 34, "ny": 52, "refTime": "2025-12-21T13:00:00.000Z"}, "data":
[rows 0 to 24 of 52, columns 0 to 33 of 34]
2.0944448611714908,1.7140946745191006,1.5531207681464567,0.44133898544538736,0.5410592042438669,-0.3893422239439745,-1.2263743457903853,-2.345853080800659,-2.6926853435194342,-3.632113576009411,-4.126573439508389,-4.19188936952431,-4.16241826856901,-4.468957650655961,-4.557493636668684,-5.372917280469246,-5.842991987881486,-5.5677905816928535,-6.6831094731795995,-7.93778040647554,-8.691242113286192,-10.280184281276961,-8.15065256040773,-11.954716353250625,-10.512598449469548,-1.6993618220297602,-8.970259115196724,-10.51859250206728,-10.208909441881131,-12.034930213094254,-13.272266790794156,-13.586961830702263,-14.817425754147882,-14.927365111288491
2.2270310098712316,1.9471966734123847,1.8104245280409124,0.03043841106174204,0.1598219961595076,-0.5000180517670167,-0.8169885059660748,-2.1280984694484113,-2.527797461088873,-2.6536322529391336,-3.2729059077900207,-3.5178217683405255,-4.509158410432128,-4.306878033181537,-4.89173487541401,-4.718667165896334,-5.089913224003673,-5.427495226012429,-5.900164673598767,-8.198341033283947,-7.3893008808149085,-7.316898640250985,-9.299431774211278,-11.775161117367517,-9.678947099332845,-7.791187790578885,-7.183923700564496,-8.931825988674085,-11.257861633111412,-14.274474871359292,-12.708370385205262,-13.306363488112769,-14.504546566208058,-15.612868211167804
2.5200494647133262,1.8558287944161975,1.4791642508269964,0.43801675883438795,-0.982912688051241,-0.2967305042669599,-0.40023078326806905,-1.8714691621227704,-2.777370007376643,-3.095255579004571,-2.7204527381518524,-2.821775181393517,-2.961187516064,-3.788132718660521,-4.448248950936245,-6.27915290905087,-5.012813708734193,-5.164898794059307,-4.60525912412701,-6.999039695319259,-6.389642426012948,-9.165761425246409,-7.75156622136071,-11.157620581405425,-10.712457278582308,-6.245612778362543,-7.913158626658392,-11.194279072967866,-11.102349408989882,-14.492264646813751,-14.746843697169506,-15.367160076302858,-15.93333908273671,-15.490861007105535
1.729603724240448,1.9554819511870067,1.1716563841788108,-0.21598828691289795,0.45889600790196067,-0.8731933318095239,-1.4672966603231214,-0.6362344434649103,-0.5851823537168391,-0.8791728078107447,-2.1262925395197905,-3.820665515365793,-3.480058759045096,-3.1848296528275974,-3.3162751852975374,-3.6747166503629076,-3.8804086806965588,-5.816787173760017,-6.453478341032297,-5.270912155822135,-6.987429826033837,-7.791950236974908,-9.782706191730453,-11.676876596877323,-7.774218664843058,-8.390745410125822,-11.70679345721704,-10.101095805463535,-12.739937889175794,-12.921017156747887,-14.947511889146375,-14.947254561183172,-16.17677149761679,-16.671510447336832
4.083290509185474,2.8312934489456834,1.6366004770094733,0.546638562106872,0.5286692024468953,0.5243295369940263,-0.3763025996177988,-1.5831006958625087,-0.5203616892885627,-0.3510648104749775,-0.334778560204745,-1.2174559722274971,-2.441812318261801,-3.58197882795214,-3.8779107886174953,-4.312291919571114,-6.579984716994634,-3.257474849425863,-4.835706201413918,-7.395743310892014,-8.690242192526869,-9.591930134021496,-10.690190195873866,-11.425454515761382,-9.93354989943891,-13.089140974063286,-10.935946885217295,-11.17108652977315,-13.672107745820098,-11.895085108743194,-15.7504769800444,-15.473391888060279,-16.64194117773966,-17.263531923261343
2.926243343969637,3.2606213663507697,2.455605457302033,0.7818329154502462,0.41578318331493686,0.41914739976898646,0.21903815301059604,-0.2536979477053032,-0.9675574566675078,-0.10532265001118049,1.5240279878840695,-0.3489994056020434,-1.0917391777230672,-1.8572566673004167,-3.677107207811535,-3.4130097414657548,-4.042869528603521,-1.931701539302367,-4.371799726393983,-4.98848385555361,-7.999236446868876,-10.550076386040088,-12.263143480545608,-12.462349521606127,-7.741540046568806,-10.259359670486514,-12.545712096736194,-12.78321380193964,-12.579496846004465,-15.45850669435096,-17.597700010003294,-13.893393014999937,-14.549699136626524,-16.429779998966595
2.850443440354292,3.407635572705523,2.45989391410356,1.8113861614399516,0.14677742674628055,0.49594473398315025,0.23009282037442205,0.05312723689407793,-0.48785058168221,1.0212926124457433,1.2217465096229618,0.6737087891688268,1.824783332527955,-2.2358629720534258,-1.5272041283622488,-1.8298789668296511,-2.6051013901734286,-3.3398224662642466,-4.732728032510047,-7.151183558785699,-6.171067364848472,-9.318624179869575,-10.614805113964746,-7.1757040393550575,-12.974073151304282,-11.034830270876746,-14.822643183403496,-14.182433372256392,-14.235391013870832,-14.95207679233828,-14.259541677574898,-14.861551929907282,-17.332789296959202,-14.820673210578594
3.971045511735468,3.1571347341905396,2.7129879117068696,1.6885444798565084,0.6980173269911616,0.4153258129587476,-0.4435497003613289,-0.17918360107029013,-0.9198951742721972,0.20655650389845534,-0.11423729400063387,0.8158601746728584,0.5641922881119854,-0.5812839999087163,-0.6931486182553909,-0.3486874071029659,-0.7964517852994746,-3.7463095949911334,-5.165709583103721,-4.020446990143041,-10.107146572987176,-8.7425367060079,-6.666243273493302,-6.584117491081646,-8.809804922948121,-11.210157030898865,-15.980882556907355,-16.65989863142626,-13.898004838313959,-14.080842961052431,-17.80957790164109,-12.971437859357751,-14.867765644018835,-15.614253556461033
2.753773286605964,2.7916631778499066,1.6782770575896646,1.1565625880657533,-0.224189568012401,-0.587363432523747,-0.32697915268413025,-1.1622299835333847,-1.4309499748599663,-0.8092208156255226,-0.7096211136612217,0.24361147422604063,0.2786389466451727,-0.6474457629809214,-0.7016004884770546,0.6673890981548507,-2.844258140597099,-4.94645295844025,-5.221950163995132,-7.9369064490295385,-9.916262660636713,-10.370017455462198,-9.893405917365525,-9.92291143845533,-11.195259560577123,-11.790742035397033,-13.375836566249207,-9.705243388490352,-11.046418836282095,-12.978371242574056,-16.696776141302905,-11.914242819718618,-16.617024266019566,-16.91532221374515
2.2196165350159514,1.4080458926884318,0.7222347611656204,-0.33452588860890065,-0.8671309361938186,-1.9175398010550635,-2.113063847098458,-2.178239263822063,0.041951419882137665,-3.1916048550827267,-0.8834770870136661,0.6631089110510873,-0.023096137313248756,0.562719128335294,0.11260126732757714,-3.0835125109111003,-3.5208136228798548,-6.430602245020615,-7.13556928987063,-12.53726796275129,-10.815962118010344,-9.181663436025,-6.979667426954769,-12.703751430685713,-13.565022599687024,-13.301984634235522,-13.050681619622837,-17.3515231146167,-15.06023792376153,-16.395837563746042,-13.94543313645883,-15.27143357584176,-17.36217607290523,-17.082292314286033
1.8660737438923902,0.3738087715553559,-0.5681827726795,-1.2111826769403833,-0.9672211976571607,-1.464194744009846,-1.0956117770370337,-0.8438581930179055,0.4470844386081531,0.03468965618688268,1.4331932866957295,2.3673595779804426,0.6151670027162195,-0.2250586711179355,-0.6792943907428378,-4.006058651021882,-4.65111296195061,-7.34151720178028,-10.163743007334915,-9.763057035056047,-12.695051251153057,-5.810002597259099,-14.614771263424396,-10.100647237832227,-15.67185423764373,-13.658061624056575,-11.77012799797264,-17.48952487568739,-15.011172795008145,-14.214126341848347,-14.458974000808727,-17.23698561178318,-17.37927548792138,-15.930221798214237
1.3602069565045536,-0.09055849655994623,-1.1527746519101265,-0.6867839408359114,-0.18458382770746987,0.4403876009433886,0.6655907726312877,0.24469472765632805,-0.22420424592270224,-0.09451677991503085,1.3494985624383882,0.3983289271761718,-1.0211758418056442,0.9146782994355626,-1.4646529041131697,-4.157185159416022,-7.0672438994355025,-9.556056790593946,-9.794788768218181,-9.886172961735982,-11.586142258808122,-14.380880368908175,-9.109310703908623,-11.804625953411227,-13.749264471459732,-12.932589024759528,-15.300066468385433,-15.409994887681583,-11.598947925823255,-12.098600661281464,-15.081242791892064,-17.36085096480135,-17.058776301491843,-15.81660203681939
1.3732575000914735,-0.5882441996434811,0.6238058419553676,1.6043194110072008,0.43930490648994663,1.5101667452165515,1.6082197921896821,0.22573933699472448,0.8188898595567343,1.7778205272204315,1.5823883762021886,0.13645602603851964,0.08809680704345325,0.19113371027621545,-2.6652822504884215,-3.7474182627983597,-6.846306497527791,-8.543178634091303,-11.313269827581989,-10.159378478909318,-11.829904256013153,-10.897484943199386,-10.74159983851694,-8.735839707537336,-12.691139552132299,-14.416171838021059,-10.771820213364414,-14.160662660648239,-12.710881005120537,-14.769144690163687,-16.925188317152163,-16.365436237439145,-16.188364563449813,-15.542275936869558
3.1473655823746975,0.7781003645265584,0.8756629809299021,2.5523449595520407,1.8259024405331579,5.294560806602804,2.4118493185349434,0.2351099584100053,0.2654881574494639,2.0496004561369383,1.199659281969832,0.8561601454093564,0.625609775813566,-0.8810620379510263,-1.057239754720021,-4.457258997686962,-7.819788762885634,-5.224044283001043,-10.433020234632854,-6.988575420262239,-6.71061390910023,-12.888691644556268,-12.04934522507037,-10.910705316354413,-10.736566847985642,-16.1838516542329,-12.392124611590772,-9.919961637823999,-11.598152813284848,-14.834674384143481,-18.526675068341984,-18.492927596783943,-16.86010138959363,-15.483525963506505
3.0400107185498246,2.274666167124175,0.542781862541008,2.7874499832218347,2.057408054631745,2.353877005191169,0.341117462751693,1.6971803875791873,0.7384553731983283,0.5867674570687449,0.9452348634505455,0.181496366007858,0.08185617059172057,-0.7467584443014483,-2.2464752022033445,-2.985504778111114,-6.4804799487740015,-8.419253076838789,-11.831980150464911,-11.448108908723354,-11.405285164162834,-6.964664840297193,-12.567632091588244,-13.092182240776774,-13.605413118959891,-13.992797911765702,-13.432620153769065,-12.30947279618771,-12.301207946387795,-14.712948863734928,-16.17034851973948,-18.140421965213065,-17.270039405857556,-15.593157360235045
3.643307726392113,3.529329739620649,2.21963679022607,1.8823222655281389,3.466194045629073,2.8853333815533393,3.846697872165479,0.9974404696869861,-0.9642136979527497,1.399786081988515,3.5066267658050707,1.3444949392335415,0.7904917123298979,-0.04859293111947721,-1.4169754351893105,-3.2557901164284067,-6.4753247367711575,-7.594488418019096,-9.784239186625031,-8.970058643733974,-10.771852469705207,-10.265538988265648,-8.126178723931293,-14.184783993034817,-13.750898411308084,-16.36672960530126,-14.61838617620483,-10.243708020582844,-11.487415695787895,-16.515859634129868,-16.40367185048404,-16.994138336810167,-16.91958410742895,-15.714648497901877
5.352603173524377,3.741762044315533,3.5545760495337912,2.9798287049700023,2.2633288042133453,3.5087067082020535,3.950758342353628,3.3246638715704466,1.790129973407379,1.5773447893938617,3.2953341380198595,2.0583497184383024,0.060165449654104614,0.2452865603870916,-1.4185419484574076,-4.5844436837991,-6.691061425247459,-9.230261631868805,-9.28588989929359,-7.297484695589179,-10.116215697796932,-11.396740558560891,-12.47838042124134,-7.145329188184331,-13.85503840506616,-12.468518555340504,-16.948855623744596,-14.90899365874258,-14.342591720531242,-14.72933743693702,-15.520106929478821,-15.976079131870717,-16.344542879355497,-15.331556642247337
5.42955354280438,4.567583506041194,4.104211375976606,2.6923146920024914,2.5905034217883562,2.565727438465066,3.7693291326338074,2.457473432494601,0.2444020605382431,3.681616120027786,2.053530617869421,1.468340029494444,-0.38589939755733227,0.16951051504101367,-0.6553175705959626,-1.0058817454646782,-2.8168221886663,-8.155694058278286,-8.702197711122698,-7.498228121658719,-11.249130669962106,-11.995339915759157,-10.393772233714135,-12.064968458027925,-8.224983063042203,-15.644130241485751,-12.300336908219846,-15.553854839898689,-13.671062799373027,-14.967153260866944,-16.279316081305023,-16.058455516698665,-15.391698817453861,-13.648777759983776
5.611025552806983,5.399281553340612,4.582345254906316,3.6912343829501633,3.8245492361074405,1.627570642950594,1.9742107856705562,2.6894822334609736,4.337633128449154,3.690964045598553,1.7681004738037183,0.5051131643162134,1.9685717127314364,1.3011376768826728,-2.20974172501088,-1.8720229705769098,-5.1372364155699906,-8.202529782705032,-6.292144158671676,-7.341006586779603,-9.721030741141535,-11.446062146721301,-11.43702985684993,-10.85392642325438,-9.043162908504662,-12.788123980025919,-14.50583926953523,-13.344635291495074,-13.556377180493888,-12.901156909668861,-13.636513526532749,-14.87894169236109,-15.31036329987081,-13.270112665097637
5.28413639660428,4.864187594249972,4.686183611632748,4.049955998654444,4.884895769325912,3.1806824785229657,-1.305450404743121,3.081979435755103,5.109504680984056,5.890686298394645,3.6995942170494716,2.6584637814862724,-0.46037782110037545,1.1635527834300596,-1.1365935481556346,-2.319928401661794,-5.453632567722553,-7.718043602369566,-8.217429963953423,-7.955120895513174,-8.542568798103373,-10.2385109304603,-11.002191777341569,-10.309940316606047,-10.565937292866616,-13.80465752486617,-10.036019303570098,-14.779244370483905,-13.425620927788177,-13.880098955803549,-13.921409936175033,-11.898027174000328,-14.237489271278514,-11.73867962578482
5.535253341793316,4.888890507352052,4.520981013507721,4.726876428516809,4.939838647253947,3.7759813045892736,1.5241291449773844,2.3276107140935323,4.253797649213526,4.4383295084715115,3.7965239961015698,2.392278168317186,1.0981943086416979,-0.9113460390810546,-1.0827545152627187,-0.9621439031479803,-5.059963669209189,-8.07511636831968,-7.171107536975312,-7.513244593687223,-9.0928913233328,-9.932208901878948,-8.926637285565281,-11.204633391242044,-12.236797433717335,-12.087565457410502,-13.084405693511643,-13.008134071052343,-12.574630102777698,-13.273466901848929,-13.212627844876705,-12.507614810353791,-13.871401211884747,-12.827301011983742
5.857704180412106,5.115906665446627,4.686233117693859,5.910747943693876,2.6700494332040887,1.3456081250771754,0.262402020386234,4.357660567960872,4.722458575740479,1.1876744882060761,2.6502359310438885,2.597927773347841,-0.8665195919854538,-2.959033298853111,-1.0316713421555062,-3.695469640270464,-5.086786654590248,-7.032251263625697,-6.847756515790369,-7.0713777024694275,-8.557786593019864,-10.392819404081454,-7.776024156023061,-9.244406957514327,-11.349081300826755,-13.688328884540732,-13.80256156899369,-14.03177871771508,-13.69396709322692,-14.103317471276053,-13.537664453227357,-12.790527483785167,-12.535302334295107,-13.019560421391267
6.266271199082577,5.599196946146237,5.012544007578058,6.452955921847504,3.3936514499423778,1.825923289413787,4.308898016824236,1.0910096973182775,5.147622558218793,5.932046619618628,-0.9894705771728837,1.9941883707881805,-0.9432057945916054,-0.7708267949219597,-2.1184745380331336,-5.585991431151012,-2.922306167681677,-4.415468525685193,-6.624945838178203,-5.303218089756767,-7.9112272319174135,-10.365491953984835,-7.629046841180636,-7.102968619845383,-10.025551245585833,-11.698195445504064,-13.382565600262904,-13.232757822871967,-13.198064378459168,-13.018829842997924,-13.077886900035002,-13.15649409497332,-13.051119944559652,-11.965241420770155
6.302189777584201,5.659371401474547,5.912109761634465,6.658375779621396,3.762412151698159,2.111416372356965,3.387846824308662,6.441613896696309,5.369236986704005,3.282951716117472,-0.05598136237601099,-2.127073323131211,-2.6248705473978875,-2.221043146413717,-4.256058437298234,-6.110006637651778,-3.5972657306858937,-1.6959474651246746,-2.452295562027275,-4.505845924540644,-8.018490283639826,-9.837334130420778,-9.662180965053835,-6.344928185119467,-9.266765611273275,-11.77872752134476,-12.735307257611758,-12.586413818302333,-12.719593672131325,-12.95390051086716,-13.785994789650726,-13.949467174751284,-13.245942352516401,-12.247325885176485
6.184394258657714,6.48485221090993,6.1789569971516904,6.801613295711858,8.417883551524023,4.6218848386610025,0.43962530590427673,10.993716766231474,5.594115587330919,0.11214818955934254,1.1071593952186898,-1.3574020371640447,-2.8276214023620008,-3.9613641692618486,-4.931029531069546,-4.076251035614416,0.08024908620323369,-0.1564441740841328,-1.502951520771017,-3.039561606317402,-7.012748283022826,-8.45174185794586,-7.954479381002979,-5.285710279059993,-7.045706113250244,-9.999163978539658,-12.007493914689995,-12.349524511225265,-11.99874324779216,-12.441703236878144,-13.645605456586035,-13.805797899105746,-13.559087660412688,-12.77172439241002
