script/wind100m.json
[{"header": {"parameterCategory": 2, "parameterNumber": 2, "lo1": 6.000198445256149, "la1": 58.999992894266676, "dx": 0.5, "dy": 0.25, "nx": 22, "ny": 24, "refTime": "2024-02-20T20:00:00.000Z"}, "data": [4.274910852486267, 3.833863448931959, 8.579823649418902, 13.834651962179151, 13.457910769894399, 7.091011626220629, 10.412581876697256, 3.6507459938613076, 4.756971660476715, 5.538351772267428, 4.83813795436384, 10.06882519604583, 7.765778644676325, 10.773257642753116, 7.14166172810194, 5.8047509524684315, 3.909995361310608, 9.587720929401224, 5.492775657116487, 5.953859350565434, 13.764014462070019, 5.819666614033563, 0.6456625383444318, 5.4929885077128215, 6.2456853064737405, 8.41169462989999, 11.02109603168992, 13.3395678597496, 12.70850095470687, 8.189382270365325, 10.8617441351555, 10.936401603058156, 5.744274870133703, 7.057190713873291, 7.644379538899071, 10.809863449894907, 7.750767823234403, 11.10632709710471, 5.904964527813455, 5.749697909157716, 8.964003785504675, 7.336586624973887, 10.726855397643986, 7.932551981008452, 4.583707558949992, 3.955381878586761, 12.899153982249864, 6.633914100359705, 5.77548818088883, 3.9686571007721367, 8.280182181439468, 4.939718045442344, 7.287460254494842, 5.658649877697564, 5.707488098011079, 9.369262156591304, 11.155175860391038, 3.4803912784626276, 5.8616323088482725, 2.7475132292537707, 8.444051305024889, 4.469621954419919, 5.269986198946574, 6.448713125082436, 7.733043832700953, 11.670797938241755, 9.274095365984493, 8.029491443444073, 7.373015654038092, 5.995760040316289, 3.322417944903123, 9.399993653213173, 8.140101022665887, 9.24764236997158, 6.605199683972072, 10.531266455983564, 10.950507660434408, 10.812343742642541, 12.427198027306726, 7.229316809753687, 8.400911498387707, 4.388412182527462, 10.874069528722423, 3.7960965767723387, 6.678420402842854, 7.09272768548827, 6.71044183635864, 7.996471301061887, 1.4376577242676714, 2.882001434531021, 4.9277122796698, 3.092214291496387, 11.540656767537874, 6.738786241758486, 8.635094270454129, 8.396884889036643, 5.894584190031388, 11.697760483137134, 10.643913331590463, 6.455830381896863, 8.009524104883997, 2.8965200898203323, 10.767004222859171, 12.41175163367793, 5.092550912858169, 4.720331619254844, 10.408969213068259, 3.7341959636284523, 10.860951991960809, 9.103360593174491, 4.261798679268107, 10.360728150100963, 12.549731970771184, 9.582864933618811, 6.68698248862583, 11.456432420835686, 5.3839245042935495, 6.657883069961327, 4.673369594536502, 5.814895605938287, 6.129932225453553, 3.7809339795398422, 6.085596426557432, 5.236134892916793, 13.661479170977364, 6.169963800662903, 7.405830003927072, 8.357352421645576, 2.946969546903076, 4.2795837406949335, 11.452706015528129, 7.599262382186264, 4.275703506089088, 5.6892101970593645, 6.571783798887274, 11.066116727195325, 7.769820957347902, 4.287220470030132, 8.225684755585927, 11.586557719344647, 6.346899160695754, 6.552504539068831, 11.448946657985108, 4.336301522340626, 7.733982228770897, 5.687308631284072, 11.750875260885065, 10.538424319589243, 4.565057748695718, 5.662002188951613, 11.560774961231992, 14.56404362644038, 10.261895608970045, 12.52984805235576, 6.880435493952163, 2.7875530863563593, 9.545154401353717, 7.2457186052143046, 10.470794297210999, 6.641024075679262, 12.841171380519533, 6.037443557616755, 6.426788976329969, 3.8102779634282857, 7.1426199206698415, 6.675947619849926, 10.4751947029005, 9.678491789223479, 5.476628045517022, 3.3000090597956566, 6.164357999418965, 6.316581185229287, 12.926373065746011, 6.708553595307504, 12.913211665244647, 5.230690131650606, 8.226878557336624, 4.489130517358363, 6.9436518507630565, 10.960100655272463, 1.5515442842854534, 9.966497427406685, 6.743580680028441, 4.7994311870736865, 6.1054198243140485, 2.9306725078126856, 9.529256188630393, 7.099701998134224, 5.215243460301299, 7.779612557001727, 6.612457598478799, 4.3631058156870735, 5.218903499797315, 5.274295068384345, 12.897368631392789, 7.989959886484153, 5.440338778427517, 6.897823625683765, 4.893740764024401, 13.230436586081742, 12.003530752272969, 7.871030465736429, 9.146865533066773, 10.106520611739672, 4.768831077876028, 5.885269325938625, 8.402111720655503, 12.33289738126098, 6.977200908981165, 8.72052651844457, 3.0731782859594667, 8.415700679531039, 11.772232725054405, 12.462855354237956, 6.740245452206318, 6.331937230773472, 5.4935570386070305, 9.184751046910698, 5.709228286454339, 6.558164766108434, 1.3620648060051521, 8.729292172002587, 5.9183146042984935, 9.962154352599, 4.5076354812601105, 8.119586304004116, 12.510515996641706, 8.801736803294506, 5.094243504285537, 10.675887747565573, 4.792360455164424, 9.303375423339112, 2.7755620428215377, 7.741800055064327, 6.503694242412441, 7.651221021757174, 11.715303999259158, 7.329836184527054, 5.54383181920113, 5.676348260399642, 9.072153289918715, 6.937077160535418, 4.248189424483801, 6.688907899083582, 11.359216002020629, 11.931261479333942, 12.426820672346649, 7.735621425061219, 5.574884644817297, 9.18742859785648, 7.664108555488838, 6.449492139730091, 4.229055676335393, 4.797400792618937, 4.999583332908186, 5.084521597699848, 2.992450238942335, 5.725706163566667, 9.10985866968792, 5.0824951890954875, 8.575739151903795, 4.2687992443580045, 4.828065343017048, 12.241414156656177, 8.584286024459077, 12.929536540452876, 11.28159746048889, 6.9125155440361725, 11.756056821380545, 9.107114784536105, 6.030939312065183, 4.954563420710488, 8.665215656857768, 6.061051401212627, 5.099429881733614, 8.969049804330636, 6.918555002380196, 5.15941460826712, 3.4641073709714023, 8.401466620039368, 9.181806831812715, 11.200203551300733, 9.865801103365047, 11.006947596061664, 13.18128490135977, 5.970798250529645, 4.8833467371018875, 7.681800810306083, 9.641185853546355, 5.006500573378165, 6.172465707291237, 9.477871046045982, 13.608052559596965, 6.75087065368267, 5.344567821004513, 11.865290818060165, 5.934416046517744, 5.532605785347786, 10.44950679012077, 6.299225633520931, 4.988119037587724, 11.585832222295485, 8.947731690425524, 13.134440694268507, 5.770880896806375, 10.514673859282304, 13.33327750240385, 5.387319729895056, 6.075320304211399, 4.629130249429853, 13.769425618675788, 5.932419536661028, 6.844427147975989, 9.26583543789587, 8.115205492582875, 6.249385423710845, 12.401168427052559, 5.710922918823382, 4.290189638091421, 9.398101608417061, 5.788184094792776, 7.362080601691311, 4.538854748848267, 8.094878723980518, 9.719743887355397, 4.02960001661896, 5.046911021778495, 1.975559557099398, 3.271978134756725, 11.173657173902514, 4.082866766507272, 11.905915306743246, 5.782274322059396, 4.033595869445027, 5.745992717380918, 8.272986890284663, 5.693930807492728, 6.713366787598511, 4.134431993502127, 5.549516514323599, 13.008235278088035, 7.31263213511164, 6.03838018764337, 9.096920186334039, 2.7961205971461522, 12.859085709634753, 9.77184505384195, 5.647270442445108, 11.318279892158436, 6.737039860568194, 9.32398464521399, 8.28980887284573, 7.424693824293719, 10.644420816222354, 12.512587098901502, 6.292581345659071, 10.510175838479665, 8.096485162295608, 5.820435995988662, 5.749642397314554, 13.909976245863955, 7.428247228174122, 5.510540997249808, 9.102637650073442, 13.698891056434775, 12.009933968278283, 3.545025954042493, 5.064127169459783, 2.0734611222527146, 6.15311407037877, 11.095019349974754, 5.613030195244523, 5.275560361455926, 10.756862355716068, 2.9552689217851387, 10.674464258625676, 6.620977550873088, 12.524910950679818, 5.484296563294031, 8.219762008028871, 5.831578666267414, 3.0222431276341903, 6.234507129998338, 4.329675713853628, 5.5556706954559045, 4.520304082660856, 10.319282458092633, 10.665571822342741, 3.5829293921086847, 10.378773413945005, 6.847346710308301, 4.832833486671177, 4.668322496441983, 9.072832512701575, 9.533467517761487, 12.906893820972458, 9.647599590540567, 12.674741211479095, 9.86496708524926, 10.853228455090305, 2.8763073066405798, 7.211406585375632, 5.761539172356677, 13.108894165313902, 9.966280189530602, 12.034133730903035, 8.98375594042652, 10.930881907025132, 4.686676767972538, 3.6912540600195665, 9.28996216492645, 9.402615734461397, 7.218110482064955, 7.249275374787431, 6.30557383172138, 12.57225820100808, 7.405470217174558, 8.09558691561458, 9.44805594946724, 7.582626918157095, 8.314548357984322, 12.2347718400384, 5.516040716822728, 5.298534444475757, 6.965718887287602, 10.424645460122445, 9.186384433823516, 10.353911089025294, 10.435897499297456, 6.376591029085996, 5.847592578780214, 3.064882722581276, 6.988205693183386, 7.985398561471237, 7.080500305509507, 5.343127116249874, 11.809854944214706, 11.264238761235749, 10.25682245751892, 11.13181663778078, 5.574999728675564, 7.943644941225777, 9.212266773615644, 11.41191574188682, 4.68850752901834, 5.716173722497253, 6.992755052899438, 4.244483435291325, 10.382808275250975, 6.452832243323232, 5.144645945091555, 6.988620582165767, 5.972485595158794, 5.945218974161518, 13.048884467177874, 10.675210082899136, 4.931675266829908, 6.923295165635861, 10.625030252882304, 4.0506322388143285, 13.162155085849832, 8.001340719087908, 5.904586682543327, 8.934028487038422, 9.269170439726794, 6.971853307529144, 7.06179077610261, 4.90080027036312, 9.000851829979762, 11.762410398486956, 5.4399803179278345, 5.607167005035758, 7.5440552585037715, 8.799844397690304, 12.427136258877935, 5.601997986785465, 9.307378900401462, 7.586840272771082, 7.0183607018339424, 4.533900693722111, 11.22055505568745, 4.679286070753177, 6.888094657304453, 12.808690594037976, 7.436416682797049, 3.9566928611657195, 4.9041918531219455, 8.185627819231316, 5.93622267199359, 4.646772595982579, 12.63316156371207, 3.6003752889557927, 7.306549683613158, 6.012711177511428, 6.962312462445783, 8.240054414985842, 8.460492956722431, 10.170102197665255, 13.216713410182038, 13.111828948744236, 12.831306239422226, 6.946364331322664, 6.096204198144988, 6.681232030743222, 6.721848576489555, 4.390689575015464, 11.073857891715983, 7.438323367441822, 7.323769251918591, 7.773383777954279, 4.366803735080007, 7.451493699670958, 6.361295880899615, 9.90935111104369, 4.984316309103512, 8.10433607245652, 3.3154500188410476, 3.6156511041709933, 4.473755227819963, 6.904605300750751, 9.174534678376254, 11.246191016851522, 12.888326297401843, 8.733620637696388, 11.76382057881264, 10.397015310521303, 5.72016757155633, 5.638937851230892]}, {"header": {"parameterCategory": 2, "parameterNumber": 3, "lo1": 6.000198445256149, "la1": 58.999992894266676, "dx": 0.5, "dy": 0.25, "nx": 22, "ny": 24, "refTime": "2024-02-20T20:00:00.000Z"}, "data": [4.59213829564976, 3.8217658977911357, 8.058186134732765, 9.632059811598282, 10.08680572904953, 6.564886631264241, 9.275046002892886, 4.16568729622852, 5.560340771400662, 3.05214338237411, 5.101721701170183, 2.016889207788017, 2.710556002171579, -0.3532043592023418, 4.267338368205156, 1.8514154191447927, 2.4090189923765495, -1.8285616164777694, 4.138937120268231, -0.1758425014756761, 5.490291966681259, 7.561103035327859, 6.120961228321603, 6.824674804597096, 0.43455547390236693, 9.534073854366723, 5.472311567799293, 10.23046048001315, 9.322311372670951, 7.270820272311573, 9.253950633824463, 10.096836468807549, 7.32212164905552, 6.935219009185531, 10.39690604453151, 7.599747719070371, 10.760221584175275, 9.569722455737503, 6.9546778377133744, -0.7560636718988542, 11.218573700982903, 5.336059178687779, 9.29558115026972, 5.191979319261663, 2.5091839485872796, 5.486902703706416, 9.590032197153635, 4.5373936773472705, 4.110335242478366, 6.293790907125575, 1.8146188671657904, 6.167549947317361, -0.1482315841206881, 6.6085285939827765, 3.6703034953659763, 10.35506477276737, 1.045801059281696, 3.9358977079480257, 4.611351171039421, 4.800752179642814, 7.595636465886115, 6.136529364697198, 3.056436692678258, 0.3496390838488223, 7.855497979007094, 1.2935508911470512, 10.989030480407315, 10.803036142724544, 11.98981059099354, -0.040896596792815876, 7.782596425243257, 9.958748522288635, 7.9314493404640745, 10.360813182167703, 11.463106949168667, 9.289966481009348, 8.825131773152966, 5.088701301754429, 9.693867184675321, 8.281168988680404, 4.553474695609943, 3.4758278567615757, 5.854805517429993, 6.646055471247848, 8.27713395484159, 3.1960466405924874, 0.7005125216050379, 7.514013869761506, 10.47176789648043, 4.253659097706651, 2.123280934940529, 3.372563776325581, 10.204702563046693, 9.84364163971355, 2.9170594348160424, 3.0027736337025046, 7.356351886382783, 2.875380158116369, 8.748532887158067, 1.5093042664990177, 8.15367960118086, 2.7217992340499206, -0.38532576080463504, 9.783283811541525, 5.913201264186941, 9.525739718653417, 4.234249826998317, 6.541752086579225, 9.04615234820247, 8.283128579412384, 11.718845934647344, 7.847263959518867, 8.744016286250027, 10.410326951226718, 8.484332243520454, 9.69177003407426, 1.7035248844077389, 9.50186737943605, 4.029955185649071, 11.88780715260821, 7.685451761427949, 5.501307506398125, 9.743635084183676, 7.304151274800319, 1.84280563410077, 7.895236712194836, 9.45487259945112, 1.461238254281716, 3.1417674788223584, 10.034274972141624, 5.37562576653009, 5.869598741455559, 4.4615210678656165, 12.425479429909549, 6.534863181930402, 10.033002058277175, 9.79445810681227, 4.3603189789917876, 7.958836974531115, 8.885681678711416, 4.925793162961881, -0.11658335870160544, 10.030937251743355, 3.2320736778321093, 2.0746698812939086, 7.133443062894823, 5.123648552155269, 10.645754165381142, 3.6523753264398007, 7.44276797678487, 10.366577990472686, 2.175615442440281, 8.32601680054595, 7.741089942978351, 11.112498182257893, 8.900489773986628, 6.620683804748608, 6.9789905037455995, 5.026838099059936, 3.407745236365828, 9.32410940053168, -0.3159251909644082, 11.923038180369955, 2.308092994634274, 6.314995038451452, 7.942205820386809, 4.896674797010721, 0.3650759786903587, 3.3790079817272765, 5.512755224047332, 7.166079733511444, 5.119931249912013, 9.255484244209214, 4.668115433219684, 8.977816131146545, -0.7739042704003358, 9.786872210029081, 3.6509123780232557, -0.18287323661558982, 8.949843339093736, 5.069755535050767, 7.209972107081756, -1.0004586744087813, 1.382653740547022, 6.893234555886494, 4.893720239445647, 10.987948096559252, 0.7280950999048734, 9.519369893239373, 7.423517991120888, 3.2190111672163177, 4.50656510829946, 13.133293737750067, 3.9114035084262357, 2.316601779287096, 12.667218930160573, 6.661791603519165, 7.31796270801702, 2.9611695479989595, 9.697108889262092, 10.48857023059526, 5.538331519421596, 9.641561498588969, -0.5755523648506888, 3.9335247360241574, 7.504391230575593, 10.469718110860239, 9.441483525731691, 4.17643647524042, 9.56682133714696, 5.4081594034332054, 11.943872555584928, 9.856086125291279, 10.103779864628079, 7.129358445021966, 5.3806100849265155, 6.13355052031666, 1.5565452943042406, 8.01421015059788, 6.6377530787819925, 3.2740910202609856, 7.264515508613787, 7.122533085442048, 0.8771512980358002, 3.872429440888684, 10.637820900378637, 9.793524552945177, 10.372010925624076, 6.39782062394904, 9.411640403084695, 2.2327053616655275, 1.7379204933940569, 6.08985704435439, 7.006615648796083, 2.781776524068506, 6.092449805060272, 8.846880281449511, 6.730204548913059, 6.489373364494159, -0.4980559539964717, 1.7309822524459393, 4.4274339585435385, 4.763871188784561, 5.8600052863692085, 7.923126948398766, 8.72777689209248, 9.796423460509212, 12.330355028939156, 6.6344910584268275, 6.794741170695369, 11.10861873422418, 1.1305470509451394, 2.0330278918018823, 2.1287748812919456, 5.788885656349122, 3.2611467385279966, 4.502899028836801, 3.0698970918537523, 6.140092269920945, 9.243902348752462, 10.44305680916856, 6.388701774550033, 10.848760113427229, 6.060266430222854, 10.655392443955959, 9.79380757182553, 9.605443894996881, 3.858100148302139, 5.717771437633016, -2.0342510052801797, 2.3675004834403723, 3.2508370021063944, 0.12056721927803132, 6.803568718853419, 6.9531367955855785, 9.632605858704352, 7.781571249441435, 6.045482326299897, 5.704341235469959, 6.514524226854522, 1.60120849239793, 1.4786004353024504, 4.635539432837672, 4.578916712598699, 9.40054011340066, 3.1536172609323105, 5.6588561442866085, 0.5231069808980101, 1.365041334881588, 5.391018497645573, 2.048057385744574, 5.434673039350172, 10.093432025447443, 7.184211324706323, 12.426573922788933, 1.5709509970627762, 3.3637858324474514, 5.911500369880471, 9.641405063433442, 3.5004977816709184, 11.61935724289647, 9.432743208479542, -2.7869009050830433, 0.4447756572655723, 7.528164320298996, 2.5443070460407724, 9.044247136573963, 7.277609137940364, 3.1613155484081585, 2.2106273776605962, 9.191312879990923, 7.776689501811793, 3.8785996345825158, 10.63360618787542, 1.7028489655194832, 4.753417657160266, 9.760439743842646, 6.03666340818411, 2.1250506975513166, -0.6819360204759795, 12.251182780111261, 8.800416793273678, 11.344332594275027, 12.448613339902483, 3.8265563422551283, 3.7478985789639925, 9.391509569079734, 2.326982594046251, 7.204005558565653, 9.481371442017668, 4.539509065435641, 9.100766686521382, 7.559790492707138, 4.853775295215501, 9.391862364904911, 7.703439511613792, 1.4971585714029374, 3.367698489386116, 7.300968723818451, 7.112558065295765, 8.939321824272866, 7.187010855363491, 2.0126927957336034, -2.077036755903361, 9.468942932839155, 8.881148337979978, 5.305132582124128, 12.855315015036568, 8.80556679247412, 3.11136151793203, 7.26064958064502, 9.782047113726248, 3.3569466118323374, 10.122524888219573, 6.473561013034, 1.4153670887974925, 4.827543040662466, 8.671849753446157, 7.564268743602171, 7.3877713998940475, 9.837822629901062, 6.980999030808994, 3.4908955723090416, 9.708376932280126, 8.052080430271596, 10.459349837425977, 3.7278753702311533, 3.4220093484926077, 2.9602549511408474, 8.233970129919053, 10.949206243953155, 1.0129141537928412, 3.5195532143028534, 9.383744687440169, 4.308188879534403, 7.069468234558399, 4.841343765255443, 9.923540023553828, 7.286249722468801, 9.38551422597649, 7.627591844833824, 8.815754294530558, 5.467153991841054, 6.66384432562237, 4.5826925491695425, 5.45334447359443, 4.860656301665272, 9.50430413375005, 6.1964753261067615, 4.803098563867932, 0.14109189286615775, 2.211956114455366, 6.458776402601595, 10.852249108123281, 6.9080567162888915, 1.2132154479866528, 8.683627237925023, 9.198235173448746, 10.350321905768304, 7.39941034526551, 4.051348370973875, 8.623841778314139, 7.215305030958237, 9.901021472426812, -1.5021951210011348, 7.586285978501501, 6.026776353878474, 8.9176785927964, 3.5221578108018377, 5.064783995262525, 5.804195182759215, 1.3365665192573897, 6.730239505582641, 8.682811027043474, 4.1567979021934365, 9.94707488231085, 6.617205776232616, 6.268079473480708, 11.280455094187985, 8.34506428226658, 9.038313264239536, 7.721540003669916, 13.420574417792603, 3.1422960651985155, 8.481449898083842, 5.455073332142648, 10.520152512432787, 9.4662235687464, 9.58729504013311, 12.345961032141242, 2.750023008012282, 5.357251984125722, 3.476643573852429, 2.823812033601882, 7.629916778335818, 1.6780942678349398, 9.202612995912713, 5.113724777820714, 9.978359666047846, 3.162608003291435, 7.514622245143, 0.9476947060353245, 10.890823958629252, 5.290887025404981, 4.877161466918182, 2.9373395846620096, 2.6682511021857485, 5.18145140167544, 6.4674834875449285, 0.4621779732615982, 3.052935783910725, 0.08734033589688023, 4.650260724440891, 3.7803518207464157, 9.375648060168938, 1.0248117546499855, 3.467107140250568, 12.35288812479255, 8.796078538334529, 5.001448429688585, 9.653660848550883, 7.595935336177025, 4.39567545375604, 8.940335789137634, 10.432855116274078, 0.2787731654226936, 7.448644046972838, 13.309061108087935, 11.586984051288, 6.954925112965892, 8.516745460060797, 1.3024743737442468, 7.119862053953403, 2.7710834968432794, 6.576608154040056, 6.7132381566561365, -0.31153523498575764, 7.530647045146433, 6.514530916059531, 1.9205179263794103, 5.39695979410903, 2.828993930681589, 1.786222553720708, 9.78309095175186, 9.59868709144033, 2.3561746241520027, 1.797487551872866, 8.808066110935629, -0.24689608612766412, 2.7588843397671705, 4.339529696266545, 5.922426283842711, 8.582363140915124, -1.5199821036366608, 12.049077059184143, 6.621483506737187, 3.426989769884126, 6.246407219948084, 4.549745054924995, 9.746565631020397, 8.960146320263748, 6.869080631876826, 5.234532326912073, 3.4080388934656205, 1.9730645440619035, 3.8585813055241367, 9.924924019962637, 9.579825461322267, 6.31167125529676, 12.864709877541202, 2.6107242289694454, -0.8477918141699011, 11.57161539473019, 1.5148522749139077, 13.59195249669673, 6.624350280527654, 4.340472256274179, 4.999558180502777, 4.475247721694074, 2.0710154528846476, 7.513452169945073, 3.088177719934785, 10.31992872970783, 2.8299105507020936, 9.192424085266417, 8.86736489696544, 7.415563249466362, 7.189207786814844]}]