script/wind10m.json
{"header": {"parameterCategory": 2, "parameterNumber": 3, "lo1": 3.000054539987559, "la1": 64.9999836372058, "dx": 0.5, "dy": 0.25, "nx": 34, "ny": 52, "refTime": "2025-06-23T22:00:00.000Z"}, "data":
[rows 24 to 47 of 52, columns 0 to 33 of 34]
1.4687967905537003,1.2011683235703852,0.3885929771600363,0.24441344517452532,-0.027437838145340468,-0.1917914694358986,-0.20370739330808404,-2.765923769950089,-1.518965936823586,-0.3447862859300863,-0.4496830281396513,-0.649944890888293,0.301898912298306,0.327201557180175,1.0219480776458412,1.6219274786819464,1.0767291197480022,1.3338303851074493,0.5437980254873194,1.2809478673183354,4.858601269982956,4.663205927477646,3.589529133930981,2.2561450807637895,2.24857198948906,1.8835020025967764,2.578813132177545,1.6770183511597427,1.4802797333246214,0.6442742504426098,2.355520640352126,5.639745695956603,7.229596721618622,6.278764471270207
0.5386240858974557,0.21864406397069017,0.5530113008231777,-0.3226266888743769,-0.7570087231848213,-0.9882727994802442,-1.0545935439931735,-1.6436163404784239,-0.8441815064177073,0.6290193356917438,0.0032898272548320963,0.6339255521505643,0.42597693727706204,3.1258609528957653,2.2513011455007943,2.026352156775364,2.3777201211463233,1.1754020649848975,1.3914010369899636,1.881021086438587,6.5094459653070835,7.205739276560834,2.493095582493798,2.717875019607528,1.688272182493827,1.8010517087572342,1.4859297135970273,1.3992178950388854,1.373642189793592,1.3023143269115935,3.807083880193831,4.846481081362943,6.636634640065946,6.583308496861254
-0.3919633349090664,-0.829304039043235,-0.7518319059884737,-1.0841158290808384,-1.1304887412141733,-2.2226943666504813,-0.8903753639963086,-1.029282224187531,0.653887475835182,0.4286233759646385,0.6924264803956826,0.6087685561536765,2.8261731598395836,2.903116160006083,2.8259014400937126,2.3643320207994143,2.223659418691342,1.0434476012459126,1.2477216019301367,3.7206664854079676,3.6061637563991975,3.9146178493285855,2.6726312594951414,3.1132493661903577,3.285466500168932,1.5658157395779224,2.1145204237246005,1.453748353687732,1.3521777468339482,2.258045080965492,2.1172726596953595,4.832554805543558,3.3863064369051714,6.936602446883957
0.04660673043440289,-0.13811903097202008,-0.9915028314958677,-2.2291273415623287,-1.634082296188763,-2.150466882766428,-2.5176084497392406,-1.4228939009640873,-0.7557658888192397,0.04531898845275094,0.40179737256641773,2.9789636734063354,3.483028597707538,4.476288542598804,4.030625395613318,3.453093325094022,2.3242478058413116,1.4992135576370123,1.435497784221441,1.9819850752572317,3.450631115981226,2.8865036771237578,2.848506843005349,5.703764417569616,2.0075413060273744,2.2812292030691705,1.6713604051549582,1.3978231902003138,2.0910107102289914,1.89798161845085,2.398435372280849,4.798399211942555,4.917131409471841,5.53410825817234
-1.4404972562140688,-0.8596047833446931,-0.8177482843088265,-1.4971671907659225,-1.4203700778059902,-1.9657887679238992,-2.0648464055130793,-3.152925397597298,-2.506741569104711,-0.4966858526469605,1.9506220250314763,1.9187490499161333,1.9924090441453675,2.766077638193067,3.666891201384505,3.173435692630504,2.6578850011752824,1.8529313037404105,0.9618687879357704,1.2365904755285015,1.9476725090612501,2.064906550653198,1.5153979467416208,2.2612533002337116,1.8540084204247467,1.5628489405669372,1.2922951037829051,1.5714885313196705,2.987708991283983,1.9979657278836518,3.291831911502992,5.547445706612288,5.072598669371719,2.4869450692505204
-2.5622618326688418,-2.8291981033051683,-2.744925281433789,-0.9420883159648563,-0.6689434273267632,-0.9999243351177199,-0.36468122506883804,-2.2596050685144693,-3.63750847369082,-1.7018644256821782,-0.35460639720524834,-0.3806450737878104,0.2610242733318461,0.7093613924825153,1.4869885731492514,2.8346421416300585,2.036566957091911,1.8022056662904977,1.1631572128295713,0.8585415894289312,1.2028988851313642,1.4955293815395778,1.6117964094241832,1.7410818928138083,1.7398474348933182,1.5028004831109478,1.457385076482459,1.1564080276723911,2.88380929452158,2.600708912099258,3.1632165423184917,2.7751486152818154,2.207919603233398,4.1818250931415815
-1.7678804836946402,-1.1991224902512032,-0.9851108968403682,-1.1245667257653578,-1.7759109217724631,-1.4781330874736573,-0.9355469884754292,-0.3557551653795563,-2.837060950702242,-2.0843333245487528,-1.070563480619311,-0.45805123371231526,0.028824003608402034,0.5809478405503593,2.055987283720203,1.5115551015966424,1.5287865127471978,2.0146471889849744,0.6303730581191864,0.9515077427107596,0.8606352620988801,0.7628923485819555,1.1951361123990905,1.0267654971105775,1.1297838529989337,1.2424048807810881,0.8358697765218424,0.8778014514540505,2.534160595137067,3.7085643422522754,3.558913303378948,1.2960843147861107,2.3336394136596157,3.825152094166337
-0.9917744580880217,-0.20390962750290462,-1.3810229036159678,-0.8628920233085977,0.5703560638434941,0.12278664489211853,-0.6974339713100991,0.07413854783825131,0.4113510546934049,-1.003778840960631,-1.4401146266516252,0.6742650963085383,0.8873559776533426,0.8193358626280519,1.6405795183569896,1.3222179941413488,0.8285629298717022,1.8573595719775404,1.4344884341962425,0.6492059584558127,0.5965066328986792,0.6625249025162234,0.716008922786723,0.6840633911867925,1.1471326904004835,0.3381341039491388,0.3172116774511388,0.8921044239617545,0.6635952213214309,2.294513054046022,3.5331397615219773,1.2072269720749103,3.3609673793994315,3.8863273920508044
-1.0783969687199249,-0.8207575144176725,-0.019105349617052025,-0.4068296187953041,-0.04481603213277413,0.5280285579563506,-0.2703042242184282,-1.0154304995633798,0.43995281839565065,-0.4661169545983831,-0.33266555234904394,1.511394280190094,1.063826318920298,0.3129648293741671,1.6339865781057215,2.3769022794773003,1.5603683697194644,1.9501305649030656,1.02852686654026,0.6254042075496568,0.7246152744679615,0.2902870734074578,0.8586393372138887,0.4923193038091246,0.40115604436529584,0.21471032439207344,0.01767760830438711,1.0815483577241298,2.089473414618417,2.4253071505808226,2.4431684466040853,2.139942181110224,4.601081614821303,4.248322478797765
-2.090993890398641,-3.6900352127254292,-0.9060401974339727,-0.8298475120676712,-1.7515515470434653,-1.3290293218600264,-1.338601904090585,0.03380753663138584,1.0589335898505723,2.194090917530649,1.2745624561519335,2.5499680950709327,0.999122689624045,0.9460180956747523,1.7335870641674471,2.4886878413622586,2.017465823433578,2.417009305158684,2.6105402861646962,0.3606596145192781,0.5375811617398916,0.27883761416424346,-0.1457428097035446,0.73904689495349,0.22861513713036646,0.379421956163642,0.8181821091383783,2.0293581089512345,3.313017999098148,2.428619002377827,2.7029974375344303,3.454605768408777,3.924290170318464,4.597781674737901
-1.7876245420441241,-1.9423312163981343,-1.8825915051664095,-1.5002458430386032,-1.2149334330108152,-0.3635751291047042,-0.5130917259037248,-0.29397117196740724,0.264156188895652,2.4461844201601872,2.0334556142564564,2.3561838134681747,1.7698445299146348,1.661549292857156,1.8025076199103662,1.7353244246981043,2.491574461445408,2.5258889408663743,3.0600703787825783,2.0730336906788294,0.9982618925533,0.387240749855611,0.0230036756552114,0.6042809826989615,0.6734184968222958,0.8074844785252144,0.6886012881250221,1.8191601697743451,1.8471438188121638,1.9298371501079592,0.7198235416368596,3.6494996034241334,3.8132026009582805,3.8282344349188215
-1.107462454666441,-0.7692754793865706,-0.7654193833247274,-1.0389243868578821,-0.16065356505272183,-0.3495696146552285,-0.38158681559845953,-0.09798553958012073,0.6604893731054795,1.2366011222399738,1.8704850155477464,1.5011211125471298,1.204604151442585,1.178329803582376,1.3688011272845215,0.6926425548048631,1.2338947317563775,2.383762732649756,2.4682667343139975,1.4692491616544625,0.36654178652780595,0.22705039785835432,0.9484576977978199,0.8331669810655719,0.7805630919731823,0.7719616661359999,1.3384074977384106,3.0417539539463934,3.998864332679913,3.096815701096134,3.4035228789483076,3.581931373719497,3.33697808302348,4.33223170232607
-0.171185690436033,-0.9785880657639849,-0.13385838799536437,-0.38706393270457334,-0.26580178780903135,-1.8507522806112569,-0.71572137262227,-0.9672503913944991,1.1113252412363221,2.2915786070182014,1.7980839818856225,1.2683090601006324,0.7851408514951939,0.26437496276341166,0.9491217536052038,0.8754234389925456,0.8328287307245386,1.0331541077780497,1.3522180313612755,0.46575616377626355,0.4261364197713611,0.8423436278433449,0.43539852591809036,1.1898043270657532,1.8516166826776614,2.441972532251623,2.9058942137701242,2.664897760529656,2.522409990191564,1.4322497596027173,2.174002652691421,2.1008648028349564,3.389375532534839,4.705554302032745
0.6715281401386493,0.43799900762845834,-0.5205700124816333,-1.1571253089715394,-1.125405611086895,0.3347784156449215,1.027846283632843,0.11725884016001982,-0.45831654631586327,0.8758667621769289,0.5948792806147603,0.5925789558162391,0.4003147851151251,0.4037179844852718,0.7683010754630166,0.29936783242937953,0.5114808975285948,1.113386024091122,1.355379391970053,1.4734344696358186,0.907380433133529,0.764961772964488,1.017410705103071,1.0323024686879365,1.815673225353367,1.5960418490902053,2.604939868057122,2.1850867824683036,1.8196841379471194,2.50750991104551,0.8661639281859513,1.355858022752087,3.6097142175964008,4.663238116304043
1.2139328004857586,1.4617644579319826,0.22377347221521227,-0.6532253966399483,-1.6299496195838663,-0.4314847794476376,3.122223397467693,0.9644507665928376,-0.5368112141157727,0.1492905228145195,0.30063071538458996,-0.21922455642740046,0.20518238250605886,1.1358730338091532,1.9397888336208167,2.05776057942077,2.528276687728849,1.7212797729465008,1.7044842174402215,2.8844179687860603,1.5151011460192072,0.7076375655953165,0.5497872223204318,1.9312761486600072,2.343083949849559,1.1289602533079615,0.8720349043285411,2.255763573374932,1.725555466420329,1.823808297324396,0.6525208027503528,2.156316873818582,3.0691084648890277,3.7172069515523316
0.18273010227441908,1.013382734182346,-0.0745785199280732,-1.5608744455078858,-2.3455806465810385,0.32533614313098347,2.3199033377947917,1.9709759698042126,0.19025687047050324,-0.9616499048458474,-0.761849157638421,-0.9061670568924682,0.007415490201660841,0.5024658809577917,0.5762900425647485,1.336062380835274,2.4502227957373366,0.9991743577703159,1.0857871148653488,2.1195177238804903,0.7105896631872686,0.5252358457295074,-0.3323335063554025,0.010754391677272686,-1.0242204730561124,-1.8675699045896343,0.12815055083373866,1.7027218961744421,2.1348634755147042,1.9699606468850357,0.23168293567143086,1.0975392845091514,2.4801172814289743,3.2409812835151115
0.9262363161184741,-0.2390010882618943,-1.7966022286825971,-0.9754485742704848,-0.5585871856328637,0.10782805105613973,1.6189033160911679,2.396309619199277,1.0050099981131093,-0.20740006979620657,0.7479551988925998,-1.0918175305520925,0.4788901942912558,0.8403454226531148,0.4695198266974801,0.9113037890564041,1.3252014438555655,1.071747847187941,-0.11257943974093498,0.6381795581893983,-0.043293974797512076,0.38608873799907284,-0.7613933702682898,-1.6795788962070026,-0.1967267273654303,-0.6218136211105015,1.170114109983373,1.7210810077584928,1.6425581274633028,2.7997756308483703,1.8701533324298545,1.1842976529786078,1.3532084279838696,2.4164576847512795
2.081459165148102,1.140288132340463,0.7636001505320168,-0.4352823604893565,-0.027309498606125995,-0.020635245162188443,-0.2379975609494477,0.5845935562280568,0.5719682264410662,0.5094422072864676,1.1240865462794782,0.8025786338033761,0.1894797145306879,0.5265850333175355,1.5799272328126166,1.81689671293602,1.0785144308618293,0.8125828343802821,0.7721310053098811,1.2513396038687252,0.8050253421798405,-0.05469358676674591,-0.20802699962349494,-1.2595498351730234,-1.1951212068223638,1.644117896934089,0.3830089494392164,0.7881876608585725,2.947386934828806,1.171628727673644,1.0155181120946746,-0.08426450755101189,2.050422983071889,1.6787641928280421
1.4212302942329045,0.9096545182116059,0.273662225358697,-0.04990707521804521,-0.3036495072974393,0.2303154171059299,0.6216408870776376,0.6002476497324046,0.39348602007119854,-0.27941532871749064,0.04846613000361038,-0.08330497707020233,-0.15337673337937674,0.8002283104010872,2.541270353721647,2.9371051034763602,0.7929049009924396,0.9894049347527494,1.1277544064438512,1.0607696763338792,-0.46780012024648066,-0.8682364113616329,-0.5935882318978426,-0.45041706738788484,-0.28915999676949955,0.7706922277036229,1.8345749743204698,1.7624005846052577,0.8412177507822705,1.3352394454612218,0.376789299415652,-0.19294084740567,0.49679407037448364,1.6940786586860936
0.9935671748413871,0.9683126241052757,0.35553098901617747,0.14894401195439663,0.14095367223783842,0.03526038279032504,0.2533957152738223,-0.006473210787677779,0.34327980999699903,-0.6085201176705671,0.1776435866404389,-0.22313110259969396,-0.45352208215454265,0.8790280941882709,1.3106232583974469,1.6961177208402822,2.287808911288577,2.499923666651187,2.3970793753812663,0.951949182031347,1.1713827076931331,2.716086100532396,1.9442125726405688,2.5608547293185127,1.5365697391410935,-0.1138606798529731,0.9629044384833861,1.0446949954130345,0.3756580136970985,0.049846207066728425,-0.1323207487964754,-0.8446619022802797,0.2251102645469937,0.35065485008591296
0.8139077843605506,-0.2873487509618179,-0.49708018057871,-0.01438230627764353,0.14775433322483048,0.965997198218812,1.333008070052947,1.3132327311568222,1.5191876486174762,1.3425847915414972,0.9837340987450621,0.7078947413162023,-0.14626562776775495,1.2423324351268896,0.9937928103890553,1.4503837679897993,3.5347442181245627,2.6972421655494694,2.313747289134018,1.9949624392170593,1.8870982149553457,1.8068555587411823,1.7481883822047692,2.6494283244724173,1.01158883856708,2.3237813678172587,1.783221242013304,0.2847870318620965,-0.48033315844769686,-0.3996772529412874,-0.4033959567360284,0.22616034042505234,0.2356938057574837,-0.22603999865781632
1.7032876577507445,0.05992157314528683,-0.2024496098591503,-0.7852741161336387,0.6922319014814434,2.063367175273391,2.1745169577753654,2.4124957379271694,2.0486278054446707,1.981310587122771,1.1381215729396872,0.6442698030150006,0.31227706233619623,1.8573584465126574,1.9762035071505613,1.089021428588971,2.227995911442339,2.041571257198999,1.2912606535006053,1.522447078704994,1.3399470308553958,1.0827969541688836,1.8265010522532266,1.6677724260289655,1.1033370821264572,0.8607067707207409,0.8402830075864514,0.3110875911758514,-0.6202860450502959,-0.9155115133627804,-0.2670596174910103,0.390908405549399,0.24242758608118564,0.10680395289989399
2.5265647592246094,2.2937163216474685,1.871866765802412,1.7748406347796386,3.1060070348599873,3.469699554070004,2.9393235943960336,1.7137418972606757,5.35596611277415,2.0964848676210264,2.030974963888714,2.3519878883458847,1.6534168852485869,2.0906619428684925,2.096760424564033,2.3653790251543554,2.845451604859401,1.9475234421253862,3.016166674915167,1.7658080846652637,0.9064450463738172,1.504227600284789,0.365826476751342,1.3731943566222728,0.774941773640011,0.9864042832118503,0.5064863486429996,-0.42138059914971554,-0.17093837558697425,-0.15443526357939508,0.42473934237825717,0.5368140317001358,-0.10933486344790061,-0.29117719965289796
1.392046524457726,1.8041238157769757,3.13668471356604,3.432134661407875,2.031808009377646,2.1720757386518468,2.4755820859181465,2.6712975063699096,2.7291569714133406,2.446770462007603,1.8204537963598655,2.3404013586493466,2.2782904934608736,2.3362315426554146,1.8376419675258575,1.3991473259333045,1.2510935890424286,1.6977005043340434,1.0007863372059487,0.9731824646212209,0.8510622312121144,0.40971338745568137,1.128514410968955,1.5962020768582745,1.3595526803712967,0.9536312427594614,0.31556895379671734,-1.271257673446742,0.12122964746740937,0.8802983914299624,0.5744895818295045,-0.05206897324236819,-0.7387113240739298,-0.5675448583352138
