script/wind50m.json
{"header": {"parameterCategory": 2, "parameterNumber": 3, "lo1": 6.000198445256149, "la1": 58.999992894266676, "dx": 0.5, "dy": 0.25, "nx": 22, "ny": 24, "refTime": "2024-02-04T16:00:00.000Z"}, "data":
[rows 0 to 23 of 24, columns 0 to 21 of 22]
-0.4095946778186395,-1.335198532704922,-1.1225201703281225,-0.4770474408752446,-1.0712011451536916,-1.7165229226013063,3.1299084548481915,-1.3491285475507009,1.2078856491089498,-0.9802088542294751,-3.373432048231433,-1.3083568774646999,-2.8896907525862097,-0.38886536054490445,-1.7136882847342263,-0.6575539855196528,-1.514468425740254,-1.381023067748417,-3.3671818546628525,-1.5873117896680642,1.4828911045923743,1.4573373019439992
-0.3297547328870598,-0.8692211289421208,-0.9898758847164367,-0.6574769064767225,-0.2531807400825927,1.597395091847144,-0.6742176832116842,0.012374982836801348,0.3022754324172086,-2.3137301190484685,0.522219624912534,-0.5005483075392737,-0.666248553589139,-1.5949725379261224,-1.449778293545265,-2.3432450267893197,-7.674620187435369,1.6285681593798245,-1.7285238125757962,-1.9614084517692782,-1.4361928078045079,1.7452280357887542
-0.272749857355682,-1.5173415661607317,-1.1147464095823607,0.8840888925408529,1.95373327712539,-0.46633241089129995,0.7373624298383858,-0.9594209179500363,1.26756905356044,0.6068348355559695,-0.10130704799054566,-1.4525722250367668,1.2605969963381702,-1.7055368761570382,-0.9916302663721781,-2.958153627771243,-3.327066276755517,-0.8677435684834918,-1.231900822366885,-1.5367233481738876,0.4857606134887972,1.014868497240944
-0.02227158403595425,-0.9047150578411727,-1.3006815735083317,0.7068550086424914,-0.05136017749665502,0.9451010785609879,0.8464110184654721,1.546979591129039,0.385120760426982,-0.6605857732895258,-1.7422365375030238,0.6188149732077144,-2.813846840723437,-3.0681266194717467,-1.1949152354216566,-2.2683296531853356,-2.587655578677613,-0.8105535842202704,-2.677664045714018,-2.7354425525323487,-4.3609906344978135,1.0237222355647426
-0.2878581897802819,-1.2944763940032438,-1.5004762009438064,-0.04058512264005768,-0.9148018883349249,1.3298616261217013,-0.7397423092345099,1.3288231990682047,0.8097709641027753,0.5855141934290435,1.1986125888759587,-0.59450878676438,-1.628732237615678,-2.052410964023364,-0.7442400851886898,-2.896504902623201,1.3391666394110908,-1.6409666913102445,-3.1110139327282296,0.6886060774203423,-0.7719677512468716,1.7138083244739548
-0.49591916501633476,-0.6735519940103263,-1.6484893846982929,0.29421718153771004,0.2745780828944299,-0.7650872120438592,1.4507241538565565,-1.3075641399064544,0.4511726276961832,-1.8578165006055969,-4.276284005151348,-3.9220550295908545,-1.5375569578673327,0.9233704911667268,-1.1518174471934464,-2.0996885996352104,-3.0057932909093164,0.08432589894523955,-1.608321763711219,-0.08275775348145117,1.3837346266839043,0.8080160860604764
-0.050247993003563175,-1.4249099303228334,-1.5851152629646317,-2.385550630700821,-0.8895688094989526,-0.7938392179353284,2.7206041691490284,0.3122474423150137,0.4534945691009248,0.7639067596268215,-0.5440149169810725,2.284915361631528,1.3954089308222448,-0.09365608114288328,-3.5702291536462294,-2.3485058742624374,-0.6582160694463196,-2.7131406000807736,-1.4155896209708618,-0.00014913721373172284,-0.34645026788750677,1.2762520372593107
-0.4097981611032472,-1.1436192112765746,-1.1488896677430311,-0.8430989910374952,-0.21095777390767664,1.1368552991419754,-0.9729123001496548,1.3488917806675709,0.16430727970995132,-1.1763874744309812,-0.4086356591802474,-0.5339873457490507,1.2941128943337799,-1.4072264543107975,-2.043058617655381,-1.9598610683840771,-0.9539484332776887,0.631174500856584,-2.362699070507257,0.12621052968332658,0.1840244676728434,-1.7764041585990415
0.03126748834112231,-1.0056794436094552,-1.0779129918955626,-1.0193671667401996,1.3396856469762173,-0.8299035767604884,1.1554950258186325,2.486914475645485,0.45228595909640196,-1.4353802969271867,-3.597741487568471,0.3677688652529603,-1.128555198684988,-2.6826353595307437,-1.3449772348830429,-2.3314005244290446,-2.034930064786778,1.1251452633589694,-1.5992999393830478,-0.11724728353562652,-4.888310892908269,1.3125323296489904
-0.30964973178062705,-0.36568063512331794,-1.2280628495486732,-1.3074877320344511,-0.2115914162457031,1.5945125693257658,3.1969377782191324,1.0234546429482587,-0.6741515037497274,-1.3130389107192046,0.38735496457488844,-3.005409456690553,-2.187791532121378,-2.2217898977456225,-2.930519514375068,-2.918533480103829,-1.9194457111843881,-1.4441515486770404,-4.820532358587086,0.20552349881991303,-1.1691204167401437,-1.6092572609816829
-0.3978729689212844,-0.6232335582353733,-1.5650456883339785,-1.3073072282677853,-1.5661750302638846,-1.0445027513298677,-0.7431502530393262,-0.9621731777712316,0.4458809037402773,-0.4757384470836166,-1.0359787603901363,1.2343130902019288,-1.542566040437874,-2.814692254347264,-1.96620313356456,-2.437018562217905,-3.061862144390773,-1.6627637386780156,-0.0666460195851484,-2.6656628616399747,1.5786236802376048,1.5770873287053555
-0.5535239220361788,-0.5369829394701467,-1.2566408858382,-0.5013454140739024,-1.039345171597008,1.526186045813232,1.95271770484165,-0.7390803018545519,0.24431623272954295,-1.0812893669357708,-1.3291005503528341,0.39912179149470384,1.281375525848216,-2.2748701512390586,-2.2911690993667504,-0.7443666557493109,-2.468121659215927,-1.7164294386188879,-2.906335958488539,-0.4116012382807194,-0.3343069522148304,0.8040288625249089
-0.47468565730912593,-0.39476830291141574,-0.9903711859644507,0.38254888523750585,-0.008525681479353129,-1.2252799955258584,2.358453131509797,1.34502985470829,-1.124239905292988,-0.6774511997972904,0.37204427095205506,-3.132787164862019,-0.1498279174389594,0.9483739231729623,-1.6442977306768016,-2.2078053713495445,-2.188789703298128,-2.8700110645020334,0.062362494418242105,0.01101121891703298,-0.2994388797895651,1.2944439293102834
-0.259927209875722,-0.5863035261928938,-0.7505095520061761,1.3224776037387185,1.9486152451003247,1.7711421042949562,-0.07334994054444245,0.8718250415082637,0.09295302263814494,0.4999141095445914,-1.068328320210918,1.500885930163183,-3.351994271918042,0.6574455739314833,-1.9456830219726367,-2.839172875302014,-2.1661939703780573,-3.0748454464045176,-2.424271147679365,-2.453387412722791,2.0976653307389554,1.4517273839158134
-0.15600303313555403,-0.7370556619315258,-1.1026899325111472,0.09073066965270651,-0.03050848666770907,-0.1527767710600327,1.8051570812842448,1.338609719053168,-0.8212918616555313,-1.9123712999420968,-1.5106840838533244,-0.9503742752104184,-1.8434130038352512,-0.4698530908564758,-1.868738768776148,-2.673118898762862,-4.839007727809586,-4.5070586403242805,-1.3352741180535195,-1.2609499594495313,-0.68502746300605,0.663731195222856
0.3097304785313621,-0.8641367728313935,-0.6402009572159819,-1.6620888838609111,-1.4127521984658424,2.041431560894974,0.6984077368374145,2.472428611811733,-1.3921576721533435,1.505117898876858,-0.26774695951154703,-0.4798857870955418,1.43023823452966,-2.0826699727502302,-1.8585897702906156,-2.0079421086745786,2.3280846276365392,-0.793377622312522,-1.3087058412147725,-0.5212045444934938,2.0765789456963213,3.026702653089892
-0.34718930832027767,-0.42667009693688057,0.7703810562240492,-0.6253321127396776,-0.8925935219619272,-0.9790614990430224,0.7823405058205373,0.7896226999654521,0.17513047282628724,0.27914586371536,-3.483883167064479,-2.860540361755948,0.8651330840783862,-2.141607587884145,-1.239899101604423,-2.395196309243139,-3.5446935930344385,-1.6857937472873727,-1.4553903748527102,-1.3938407883885209,-0.027815699947004027,0.9008082003829805
-0.18606413053505966,-0.6712734785654698,1.3040942914547036,-1.182238267038518,-0.27371679756886,-1.5100698214414938,1.2089731915686923,-0.21939896567032074,-1.232563164751674,-0.5694361676475607,1.619958989980664,1.4578983754086208,-1.6520267328060692,-2.0436232031561286,-0.7645113268346658,-2.1665450082096083,0.8862050689529429,-2.9657476521130315,-1.8518159094021343,-2.0525366494512696,1.0219699606324448,1.2491037169044554
-0.4794757119919097,-0.7131247256520498,-1.5802393625411157,-1.3966261663830721,1.1779492031560808,1.3956211277605604,0.7977848774008099,-0.024178471856082698,0.5360251937090204,0.6828071631586576,-0.7643919866998431,0.11544015105385515,-1.4579173514030148,-1.1991233590998278,0.5190017658390562,-3.26215409685555,-2.349906468340608,-2.1746894369172725,-1.345018326777332,-2.0423969279968013,1.230802357995599,1.036084148055351
-0.07424512253536554,-0.5515360936833594,-1.2913377771308752,-0.6889058175438081,-0.4766587644847272,-1.2278467452210766,-0.5511141064433553,1.3731440753142752,-0.6033826264918646,-2.234273632657101,-1.5992379944398067,-2.858582933247838,-2.722343749606134,-2.0596151196300982,0.06417253359300293,-2.355670354760894,-1.0339900097896872,-1.4478997270126692,-1.2699076836235141,-1.3171250432112163,-0.7525932464779914,1.4841451292607792
-0.09732317649119929,-0.6164743023564572,-0.9313526023941857,1.2590728050751292,-1.1657345484204453,-1.2990401417467192,2.416910094664352,2.5046001725961062,0.4814850870325407,1.696756080691482,1.824713532407223,2.398828692776998,1.3026060241846504,1.2517444088761125,-0.9341390363371018,-2.4447923977926345,-2.012753430071227,-2.379676333153278,-2.5813247954217218,-0.43949072707221765,0.8609985984727291,1.019127449864745
-0.28644703781395575,-0.3602672962173842,-0.7448016836334712,2.0694828582156175,-0.5797312528412908,0.2305199392850154,0.8151026226383736,0.6225120081318772,-1.154015964440353,-2.185819937631581,-0.7007014211761096,0.8107025120310324,0.7212712205252564,0.9131124466945622,-0.9767372005538596,-3.7101320140822573,-2.55807306520576,-1.8079608031166874,-1.7947096776464997,-0.6707122001566534,-3.4328949789962944,2.382394482847016
-0.14951226908533494,-0.23022919696649624,-1.466050786346441,-2.3309536601337575,1.3198645481365663,1.6771924482364227,1.0272645264485736,0.18341450726444417,-1.1727447358663683,1.687857249998943,-2.389400752018643,0.8663945459429692,-2.1237833750423816,-0.0816645826507789,-1.3035556155771726,-1.4223722729639714,-1.4750824280313242,-1.8534280074466531,-1.3548164070967,-0.2394597446304402,-0.365632906418464,-1.053073873699192
-0.1861914162910596,-0.4510786764547541,-1.6164267166020279,-0.8265870996703581,0.6206162415355598,-1.7294933511987438,-2.634805428392805,0.11308467986700482,-0.11692260303893287,0.15421413666144645,-1.157029046408833,-4.0502101244313815,-1.6347897550864132,-1.9353110904951183,-1.8824452707533064,-1.068908847045109,-2.153252075364101,-1.9831471552697044,-1.3237312496526104,-1.8058960783376123,-1.1263542310304815,1.3413308424403039
