script/wind150m.json
{"header": {"parameterCategory": 2, "parameterNumber": 3, "lo1": 3.000054539987559, "la1": 64.9999836372058, "dx": 0.5, "dy": 0.25, "nx": 34, "ny": 52, "refTime": "2026-04-16T00:00:00.000Z"}, "data":
[rows 25 to 49 of 52, columns 0 to 33 of 34]
15.931483820527035,15.363879126525747,14.93347823868999,14.730349472831254,12.476476039608746,7.907393629132772,7.724230394646404,5.438167058816933,5.335162696542999,1.7425523615528464,0.10038958189835602,-1.7047630383165628,-0.9651969350636246,-0.0492474405998483,0.6896060312196352,0.31649945692365977,-0.247443504363781,-0.19169382478285357,-0.3005712482969153,0.6176708067942088,-0.24627461987762556,-0.8348626164458334,-1.189442211222618,-2.874572972174026,-3.090448130700161,-1.3999501956570863,-0.06911387956068929,-0.9236970630744125,0.7429884083833598,-0.5999881137289254,0.08764102556719248,-1.7333894198904025,-2.6323604909665734,-4.536833097722075
14.88986268027448,13.915041435534686,13.797009597505413,12.925956292203871,11.987846549847843,9.627613841470337,4.4800589448222485,3.0567990444615747,1.4071518668397565,0.06767760012203979,-0.8436414046019931,-0.29292658432366653,-2.0508787837986175,1.6896898252867045,0.002570639477550198,-0.018878384814054072,0.2240411114258424,-1.2266543330262485,-1.6055515583219553,-0.4342240874468772,-0.015200433080551001,-1.8655145997007538,-1.8610152878055821,-3.037493237789905,-3.7624623780702127,-2.994138452540772,-2.025905696133377,-1.3579263597995916,-0.260985529511364,0.9634412031853687,0.29912515761224806,1.9180480229057493,-2.4646497243612897,-4.322914668138703
14.451544871145773,13.877275506702365,12.787846460131563,11.595189776578563,10.333849372479845,8.985995819119108,6.585988984463763,1.1450328472075284,1.210771200805575,-0.12475286943769107,-0.6539699596348404,-2.120065408356414,2.443973532599583,2.5723800483431454,1.3926963162254575,0.01430869200344882,-0.9625898451431941,-0.27162086997813,-2.013080952071073,-3.586868508780423,-1.4333976922745968,-1.1322926883359277,-3.3172457202580623,-2.8541643338806666,-1.415160659670711,-1.2066278154056855,-0.8574060161852886,-1.8727246526437955,-2.433777661313207,-1.7066956038959233,1.2718428340140904,-0.5770122823008235,-2.4111915022704706,-3.463517303555163
16.120271986726415,13.543619706638005,12.10696586276067,10.19355273754427,8.71341109824402,7.788542497588875,5.838890428494592,4.546028920229031,1.077966472110504,-0.47543140435591463,-0.09177881920870248,1.9392275288463428,1.2351137789277535,3.347022448597261,3.0273376226309376,1.1144280297363298,2.0088923341907314,-1.264648900998823,-1.6915725352344508,-3.915949061015977,-2.393870761129069,-3.7413818951479296,-3.2010026529308377,-2.202116313150655,-1.5848275026821008,-2.563857020060835,-2.273816166853638,-1.0748339631331854,-2.0564102433681253,-3.332140656776908,1.2619348216611914,2.0479166251062337,1.4333778259828094,-1.8579874317021956
16.475725671682838,14.222694228104785,11.62343860145152,10.322663111189453,8.357925551363085,7.3356889949905835,6.232958376155491,4.450418337480973,3.1814148985765915,3.328004482567786,3.3550241289521034,3.098248400841569,2.608935596862945,3.4661558297543156,3.6445289751013377,2.341193074570118,1.1117141771752346,-0.4410287095167655,0.15734620943017535,-0.5510197873107496,-2.776070149655314,-3.1560660710235102,-4.633427577760356,-2.998302656905414,-3.825192037739667,-3.046999332588643,-2.0984467159554043,-1.3576515241701876,-0.6808265800301329,-3.1747955421139644,-3.234324257545932,-1.9421420466500119,0.16692470660238332,1.7254142226132798
15.711402105778,14.778626901326861,12.552051238981988,10.620596413437662,10.157170341256117,10.32008333278181,7.841314542184936,6.806698283285463,5.995131140892206,6.7073437862011795,6.744154117713507,5.755488082153728,3.332308682623394,2.8483081380414803,2.705940495243831,2.7915597898865165,1.640060886229564,1.383394662145647,-1.379410397462747,-0.8384253768389317,0.11350416315496983,-1.7016195102873346,-1.9091328659865487,-2.4240176684242583,-3.3512161619488436,-2.7598741265662987,-2.4130498205805764,-1.841403529356971,-1.1546683760618335,-2.227541379706822,-3.9904654968479365,-1.8595188596506584,-1.707556211093121,-1.4288917758203892
16.165555171814216,14.69970009268855,13.263704061334279,11.77964747728897,9.920760874954379,9.701988184828394,10.829281103943671,9.668883704843196,9.556138539361385,8.358830857157502,7.4709350968360475,7.1899759361730045,5.754674381915024,3.0672487609103363,2.363220626750144,1.7835222931924628,1.5039702257760657,0.7356547832605279,0.41716678801160995,-1.2107848327998125,-1.6223640075365766,-1.2498408161480836,-0.9256751431872504,-1.3318034551071603,-0.8342774269432752,-2.23266990482647,-3.1344784465167423,-3.589034781792979,-3.5144347521603363,-1.5394520665068214,-1.4818656546557518,-1.750883439837552,-1.295400685326635,-2.0437430449181977
14.751930904610859,15.285503980110464,14.428990690108503,12.553672495843049,11.72633005171197,10.322031778716205,9.742884251324721,8.473598214264308,8.447999836632441,9.508929304046138,8.956744250915643,5.519708084770014,5.732013866453501,4.864123571124277,2.7008056352993215,1.8254699012338798,1.37586659152261,0.8284587102601004,0.31658830255187603,0.23400125324841098,-0.4536052449111318,-1.0539573341955573,-1.8225098063472116,-1.384424176130609,-2.573596929231452,-1.274047387941075,-2.8045707075165924,-3.4535547059602214,-4.594093611839631,-3.7888392842720076,-1.1647185950018935,-1.7037326673450413,-2.5615084575138276,-2.270447933955497
14.226147885785773,15.09719405471895,15.202176603831807,15.149810840114073,13.901639742301784,12.509184430516235,10.14254948729377,7.674687620686217,5.620295613406936,7.29510980979357,8.153965439644576,5.818814273758193,6.702494385887698,5.2506489462002754,3.0489152102202053,0.9567154097612974,0.9544057499729682,0.43432846913138207,-0.4596496059686422,-0.17329791852061496,0.3740011970592662,-0.462038065138823,-0.9753516875132442,-2.8634793323708623,-2.558391467814226,-3.824690703399003,-4.30078737231583,-5.176223998795045,-5.961153542421178,-5.658801417246262,-2.88619497920484,-1.0194318276948295,-2.049950467384646,-2.1995463273783633
14.278316122117193,15.294826628705641,15.811444989892323,15.235480065969474,14.78590525386087,13.328474507812583,13.97343618403581,9.709331614765405,7.635346616083561,3.0378613430800807,6.781774339234559,5.504378322736191,5.155385519790871,6.167594130855005,4.000015088909874,2.302929798955421,0.24837075522082094,-0.2743004058807065,0.3634664149517657,-0.8798195643899354,0.4041667576831401,-2.295648247303712,-3.7330441607091753,-2.887720058615728,-1.8819206426216117,-2.9886339919329146,-5.356008235543541,-6.597851760490857,-6.390560299566605,-5.973929502117269,-3.452480233466068,-0.14099920075609298,-0.8105385359744621,-2.8169747988092513
14.606581069417276,13.729588293629309,15.032928656388307,16.884059175547193,15.187920694853489,12.825901840749617,12.238281236332984,13.330618689693331,9.107768562409444,6.055152550834801,5.92391568111804,5.3899294499531525,5.323685692080539,6.833240361568588,5.135786379859161,3.4374672640278456,1.4447326027788427,0.23556085242010966,-0.19959430494555716,0.024194530705342773,-0.8757385285116802,-1.2565733252918279,-3.2424927185315013,-5.088501828150889,-2.9784140430695523,-3.3586233003324293,-4.820800563766811,-5.794410846156231,-4.861317285773866,-5.60119996441243,-3.997961985599034,-1.550343098389372,0.12736397081742198,-0.09634248994244854
13.164315479394242,12.60507804400555,13.87064575536773,16.101436960985374,16.691333339543817,13.61652637370672,13.031715569844497,12.017928871387907,11.480303135557218,8.069987592066358,6.269323357220084,5.034721726854069,4.775072870424135,6.614030941444786,4.953706251212517,3.0294683861105285,2.241215483178385,0.7354297415121436,-0.16708215835126558,-0.7271986525486698,-0.37194586790851025,-1.6613491799265734,-2.682179785306017,-4.169783966730888,-6.108766865012293,-3.6456825382163665,-4.269582909414585,-4.203370776281499,-4.506603127982274,-2.95793488053801,-2.4446882560923875,-2.110047075086219,-1.1405128880790392,0.11992256164457822
12.711276540068285,13.400902212136145,14.058651041065781,14.879334582244551,15.378764611135646,16.313793280895528,13.486905151790452,10.897250414366866,10.946956250917031,9.755368965694947,7.13078147063578,5.045303855336455,4.916801553373771,5.08063233576905,5.580529514157614,3.961842083412178,4.287263749773316,1.2306767069200988,1.2776012014741325,-1.2403771992734125,-0.03038251718117519,-0.6948330361042196,-2.0801374549093694,-3.9274719580992197,-4.479925633874822,-4.939000140468208,-1.6646281329758414,-1.323536283773332,-3.063581809416173,-4.388944855658946,-2.745179698964849,-0.7108032958875145,-0.0734182371960424,-1.3307444636741954
13.159512633888205,13.242216320907543,13.798934212379647,13.374258278944462,14.267683968314657,15.915740253762243,16.498425083775516,13.058097550544867,11.928953886268273,10.444876281885357,7.698752943294732,4.990589431592076,4.262574765063416,2.9656695511952353,4.953245448262115,3.900446937671543,3.015447726748019,3.6688792264751466,0.8370519294271297,0.31243539286556155,-0.7707383617975228,-0.8272094958423868,-1.822198630581842,-1.6555838809034122,-3.462892913449316,-3.7363284020920786,-2.5181671907008565,-0.8200822524776997,-2.5545624076531,-2.183294541499773,-2.813872616867556,1.100524242336314,0.3113731081407709,-1.0994100054762694
12.616485705430652,12.356121485161305,13.848583478611086,12.76873668987329,13.402726993591363,14.6417433785443,15.548385158414781,14.738964918598946,13.984128486197784,11.222075287517509,8.337220742553903,5.928764125738899,3.7750807054394793,3.5949951390682577,4.396198410383973,4.464598235387031,2.7901505432359293,1.7520681467476278,2.300264138459741,0.2753292101035989,-0.18153961708583388,-0.5823358013280714,-0.4685168639673333,-0.6114557379572081,-1.6887403244264187,-1.3588219650057065,-2.512231080810385,-1.0939158063508385,-1.3195670263696897,-1.3447372684231602,-1.4016086933939202,2.7566212200383045,1.3208090617684753,-0.13705977427338611
12.814373498647347,12.386561137708254,12.379025394830162,13.14487978621402,13.57472303565223,14.19250576759871,11.508514540610024,14.187153004430748,13.925110670241962,13.886135509125513,10.915575132405973,9.341404927135919,4.796100041211577,6.442483107249239,4.592335075006772,3.0514738381808453,3.313958895559,2.134876186736804,0.8003578202506485,-0.20383114770573907,0.2767270058870248,0.07489099565705626,-1.7847837886214417,1.7343069143449155,-1.0347172019320423,-0.47363931215837385,-1.193598905749964,0.2245093275455594,0.5177901589183322,-0.1852764809560619,0.7432677708041614,2.7742286344926703,1.102862305792865,-0.8883312376344648
11.66053373983496,11.941205058854461,11.891704985459077,12.148152769012848,13.064621964021589,13.087794448617009,10.152682650588593,11.342164006125147,15.572732945583994,12.73461684068352,12.057727890031599,8.449402505361574,6.5786192220849165,7.089738699734811,5.491283710106336,4.739084100565544,3.395309398973361,2.7360931205061423,1.5311074504549431,1.5922460663012497,0.9482899652369327,-0.5719517643827617,-1.425175957657219,2.5925811286289173,1.8753795546818453,0.5877211906739653,-0.4045614860867091,0.10899532497830752,0.8354708427306509,0.6639406821098781,0.6881134631416878,2.286310325053997,0.3558586284785693,-2.446203140767983
11.987307089387656,11.0062388621889,11.050274066987322,11.73417911872968,13.294199062237183,12.223270772985185,9.73415860562101,7.686147278322169,15.83792380860441,14.418060344655816,11.076847509743477,9.996034963204291,7.683427068741429,6.1300732767182415,5.918338344865635,6.244232686087596,6.048248915904274,6.792700681716253,6.783945435700228,5.756999218269204,2.943340229872564,0.23126681742779576,0.08085893621261368,1.5423723649676386,1.868624125701255,0.9541225972617858,0.8680178782603241,0.7582841553948316,0.6695578214115688,0.8480688556762489,0.2063604520503159,0.7081925735448689,-0.3162681846628037,-2.529365321396292
10.565749394310789,11.564261428293774,10.099871923155298,12.665680564586635,13.398252985522989,11.090470239476566,9.221558201392998,6.792996166968146,11.967236984269718,14.408158807073042,11.535396032483028,9.176198529034629,7.662596250385405,6.426398560494126,5.898647064410163,4.767458850214534,5.985437125254021,6.231580966998911,6.115166063133868,7.189489348877299,4.768836662122947,4.723302605293142,4.837346021745253,3.033362662551153,0.37501069821133504,0.03882337782943377,1.509270589166849,0.7904606286739106,1.3170774160037102,1.3790892774167582,0.3920795618709586,0.10451417122420949,-0.15403173413414045,-2.268866736615831
9.6937733665264,10.569865754638238,9.39687254998059,11.342897136696783,13.526976380455293,11.613528261730595,9.157985273745867,5.516043228350073,9.394958960965448,13.24814820395662,12.190989009624174,9.9078694639329,7.534445961309684,7.0791826735414585,6.771030238876807,6.973047730694787,6.193571985282541,5.962144045023394,5.47901721398543,7.844026269529855,6.640976645515586,6.130637882151054,4.378374260307728,3.309004424060663,0.9702935863083091,0.36898539076589665,0.9447906781206297,0.8520342310414017,0.45462747321244346,1.583555043227363,0.5138665779354238,0.788831047107062,-0.7178701561870415,-1.6418393886700327
8.020756691248385,8.43804285580731,8.796343443495708,11.515946799988543,13.614323950559402,12.47916838206208,8.51356334133626,5.535311064148668,11.21329419552411,11.9947806128384,11.608360831077452,10.698136927664258,9.989998539881796,8.908465362459797,5.0002216832828505,8.201582058004472,8.226638610699908,5.826165301178664,5.985275128408901,7.182691108254155,6.8583046761210555,4.850253626852892,5.084671490624928,2.261734394550515,0.20643822792106284,1.9403247425759982,1.7100568327601438,0.4320762964977094,0.2803060374843002,1.0412773024858444,0.7416186549023781,0.8500733964137387,-1.315701458535169,-1.2571361669755137
7.489367306319393,6.999010833980452,9.982810561622527,11.673110126384703,12.183468169644007,9.801957926569623,7.689077001852748,7.19279981865965,10.417441205770004,10.949767865579565,10.761461780890585,10.047289420919737,9.84412488691095,9.623375018040425,8.187445081622082,8.522991692944887,7.85653973571446,6.581505330585204,7.5114925825196135,10.374184255691675,7.2267256051972835,9.682198622339584,5.485720694773527,4.8196966005539705,1.196053472671893,0.3155315906962805,1.0511501464909434,1.8929581388375845,-0.0314722904937964,-0.41568670692091214,3.1077325911109224,0.7001856747700043,-0.7854026626183204,-1.701298470427644
7.166063106027033,8.202618841950791,9.477965231360038,9.953797959931466,10.080346177009796,7.215235627512122,6.509823742139972,8.39520313581093,9.737991545925388,10.329725943091438,10.049882257281514,9.208631877565223,9.689745242554455,8.959487074599513,7.912932502913549,9.880414711967747,7.493655900947487,6.278331714411761,7.221390358042932,8.622675590134174,10.818315983727889,9.310486743809518,8.276421643651693,5.973902923109484,4.670151179456336,2.0471866641697556,-0.944783119225594,-1.022397918573211,1.724763435811529,2.8795222153183975,1.910374073464391,1.751920907452115,-0.5703484848353139,-0.3553697431792612
6.220349288016271,7.673981857063892,8.383665884927325,9.121712837259418,9.785661903169263,7.307356423218393,5.240407735379791,7.68775838205359,8.634553742644535,8.800415441579258,9.390916134892706,8.68373785970838,8.478563173784485,8.753960331921572,6.605144472224449,6.64056530651124,7.928554666956972,5.476713280910426,6.83470844200126,5.932570085910552,8.75550906646755,8.264440535186894,6.428535350723478,6.663159873081823,4.685714571262315,3.595303257320219,1.558177353818986,-1.6145078758480815,0.610239053481637,1.8639472478761094,2.2320702189524795,1.0281250457286106,-0.33947011297733565,-1.8087930050349932
6.611747298596155,7.107397101192078,6.75982545898427,8.341313329840418,9.17381438268173,7.331984658714388,5.082302076057962,7.483635424049992,8.281597369967404,8.354377428617354,7.213771176641415,7.6661901895628715,7.249455359967535,8.634422331741456,7.033261522443382,7.168733154034466,8.938513222307021,5.593703698505476,5.830191579891359,2.995483295066993,7.095785342849063,10.629126668507057,7.039332968501542,4.665390091589401,4.61117443238919,2.2489605042975382,1.1259807669917317,-0.473115706965774,1.2686944291718314,0.6743875821398968,0.2778675221625387,-0.6473873107632651,-1.0575825663970777,-3.963601065101273
