script/wind.json
{"header": {"parameterCategory": 2, "parameterNumber": 3, "lo1": 6.000198445256149, "la1": 58.999992894266676, "dx": 0.5, "dy": 0.25, "nx": 22, "ny": 24, "refTime": "2024-01-10T12:00:00.000Z"}, "data":
[rows 0 to 23 of 24, columns 0 to 21 of 22]
0.9316390925804728,-1.0565935349512268,2.51190688885702,-1.7752970926298945,-0.9267870551148654,-1.451330404668526,-0.938347601781287,-1.6253454186995426,-1.032222308444818,-1.4674247187823233,-2.2853899467426335,-1.3528860535075102,-1.5767659758049706,-1.5557104820922907,-0.7143902379212385,-2.7907713292789,-0.7370136079311991,-0.36542186655182063,-0.7786694438742658,-0.7194187513103917,-1.024574188953256,-1.1235072679228202
0.3860618699458211,-3.240515432781124,-1.8067000393353743,-1.176141352249042,-0.4456568989048146,0.7920706865664296,-1.0955312511119069,-1.5676920316240035,-2.1740019446579217,-0.07771994580744686,-4.138717348345801,-1.3162095471769992,-1.1834733787619023,-0.6009652239987233,-1.488514284508828,-1.5568365220712788,-0.7757237003945355,-1.9130203374543253,-1.338781991010344,-1.012198732148641,-0.6673348798159274,-1.1993402345051265
-0.38185429891473477,-0.6099650336613628,0.8267206534355447,-0.816914192982918,-1.0550781852345268,-0.6835384591559283,0.7424377694598101,0.9599084310234346,0.06472289646314111,-2.195170294518607,-2.9541329717540283,-1.4313070257110132,-1.116790419363084,0.9666227398041833,-1.1299868305665244,0.015926732657095443,-1.7627356639296126,-2.8996905342329433,-1.28906987976888,-1.0280421198228018,0.7243524380987788,-0.38709955763315934
-3.3502048558257185,1.470723315742323,-1.6404753427091,-0.4886155155508349,-1.5700899725675799,0.042263758136087466,-0.46622556532134196,-1.2399843158960533,-1.1874326087645581,-2.829318715479559,-4.21839183044936,-1.380745839318979,0.04753429687579377,-0.13253055827547439,0.3269088311970925,0.6360533674344436,-0.17951020302525217,-1.2387054379578735,-1.3588465803802747,-0.8305380243912358,-0.8304643234155473,-0.971312476862769
-3.243892485014571,-3.225536483372842,-0.8052436660886562,0.9889933443735042,0.8474682681425281,-0.6016633531872637,-0.3734609802614386,-2.649525442392615,-2.4268541993099286,-3.8029483179820285,-4.9156053877511035,-4.1830820709868295,-1.6272612012449152,-0.6627519741832834,-0.5717673536088849,-0.4418888141375739,-1.4308456132641194,-0.6850720853788643,-0.5779008119855734,-0.3160054882089727,-0.3915944496216928,-1.1343927040404125
-1.955318934768253,-2.343182358251799,-0.544458847262718,-0.6862150116669882,-0.6125463286226599,-1.506729786413638,-2.290713743624882,-2.9318730859203557,-3.080960496311699,-3.2470248897742344,-4.6449114001765945,-5.1991820058696385,-0.9433033813468928,-1.2832395750540588,-1.4841440476094476,-1.1964097410361538,-0.1132700383558904,-0.34702611555931784,-1.4297604761057923,-1.1939825054642068,-0.7339483834160915,-0.6230161858521225
-1.6447406713089265,-1.805184467753959,-1.7119365856537814,-1.880641199554845,-2.0587030916957496,-2.4026458163683646,-2.9949659175344756,-3.3998796910876368,-1.2427388522295577,-0.41193403953905405,-3.392717498275001,-4.113719510977257,-1.0225031323523601,-0.07468815095430098,-0.6583459983223979,-0.5037597078294006,-1.4477423042292694,-1.8918335100634718,-0.7396945232808525,-0.9195297792428896,-0.6220385829196318,-0.4936377313789
-0.4278713308115888,-0.7346755868926289,-1.0974866219946717,-1.5649045244269293,-2.489759982278543,-2.5617042653209605,-2.625245459854827,-3.4125777479969335,-0.933557938756016,-2.014065036796864,-3.2854675419665553,-3.2183419350465776,-2.9903993831221904,-0.18219028932307046,-0.7530078305014796,-0.39677107973369,-0.03091666422056232,-0.8452852246493484,-1.1187494092424788,-1.1384853821504184,-1.0717190726136876,-1.180422665086538
-0.5684184115751364,-1.1729071032632787,-1.3082975206636525,-0.5871703840065168,-0.49898324192766513,0.3774898938938873,-0.48122091018476515,0.5671611059888927,-0.43229842205197544,-1.8599170444693174,-4.837757902011316,-4.744058703188663,-4.469462835307627,-1.7624528550671636,-0.5794709572991279,-0.5784630370038606,-0.8632560799806995,-1.330644480539121,-0.5139370864112633,-0.8392384245232174,-0.6458259745521793,-1.0538345651938386
-0.002675305060025576,-0.1687724730484029,0.14732216225637493,-0.6244605189407507,-0.4684050970393424,-0.5199150640021829,0.346937708759541,-0.04668316834029003,-0.7899675733595245,-2.7049473972922473,-4.690475906468609,-5.232829921400967,-5.058997514377185,-3.568576003990723,-1.0555647596764712,-1.0648752189614294,-0.7844350291658357,-0.9739031309605127,-1.2132219896280947,-0.855022440254253,-0.5536333779204611,0.7982127059000005
-0.8714514958764817,-1.0062719957775164,-1.125835404925086,-1.1972725712962997,-0.9201461463437948,-0.4068448131209454,0.2182976852501011,-0.2221569266760078,-1.2552238748360203,-0.6130242489413095,-3.9640887688247766,-4.304258854387417,-3.86570133921078,-2.787578656961023,-0.8571027540477404,-0.6435267979815539,-1.08482729538727,-1.0381006808486681,-1.1035347239895767,-0.606344523101075,-0.3304607093922941,-0.14521777345868256
0.0027417909224008146,-0.4153812422719464,0.17231564381746778,-0.3742833413462134,-0.7308740196910138,-0.04126197254162745,0.0700508300453257,-0.187712536660431,-0.7643588133691391,-0.7619223073302326,-2.24539392160454,-3.3502242580758392,-2.8624055889411824,-1.9302369788842286,-0.03236852625183089,-1.2636816065748109,-1.2546602811382286,-1.630835191899524,-1.0919137320376369,-0.693362505839572,-0.09920806375520436,-0.4273113159619579
0.011272189037426866,-0.29736815202520317,0.07413904044429395,-0.3027043308896291,0.6206934769576747,0.09769826500525079,-0.031130045595423407,-0.4604792033560735,-0.56458262989685,-1.6325031098253482,-1.575539085925542,-1.6078729074829985,-1.3783967402167605,-0.5561849237166635,-1.505099183195229,-0.39821681038898177,-0.8803649588657221,-2.219050264524627,-1.6401611733498003,-1.1987865154789559,-0.4479799504845457,-0.8605462126197645
1.5920619847132191,0.24039185177273656,-0.5985320894805167,0.3519467569996018,-0.9071207012385312,0.05341692547821086,-0.5516939731722491,-0.9637581646349003,-0.9227787466886803,-0.7341214657717138,-1.231576453582182,0.31669213072607205,-0.37735995593453714,-0.2860044020564776,-0.7921892827090158,-1.1311920269371605,-0.08419257276917662,-2.8452149474412884,-1.7940876284202505,-1.3409715307090782,-1.6873728791755587,-1.5680820971352374
1.4030523850441168,1.0140463437825995,0.2471861949668643,1.1321631888218893,-0.038342468356703296,-0.28689657715950745,-0.4923977409339761,-0.6397346972150163,0.3517506560411857,0.33396913588597144,-0.8583589268040845,-0.4388580262980076,-0.4102905897959202,-1.345110742626839,-1.127532096297221,-1.6424882456019023,-0.8258828319558632,0.4199073641301707,-0.5273413533001472,-1.277888137596731,-1.3517162170952504,-1.3115516152613385
1.5971288378187878,0.7727965923602051,0.2781980050255575,0.9083771224566651,-0.4828730487335431,-0.5743296286291026,-0.03709140809287909,-1.1377305836594303,-1.2001179380725668,-1.0003798205716004,-1.9123114348728487,-0.8023979671684953,-0.8096575928390267,-1.0290869690032811,-1.9187277290708427,-1.3637274086174036,-1.6004954075952864,-0.9098095053556987,-1.0578571717481438,-1.292549871863451,-1.0564834321886105,-1.5646423506823803
1.361497315179731,0.6183643589524906,0.49843857827154686,0.03834323668902888,-0.553514361752876,-0.2743663604946131,-0.5038553896966423,-0.5552778607876969,-2.218847136484388,-2.2745939752645468,-2.043460898017431,-1.5295337865437193,-1.1121935119223694,-0.8029869248108995,-2.1515122673668405,-1.7321620023539517,-0.8783464226043974,-0.059707035421537664,-1.1950940402502648,0.4343718344198595,0.10119678771392868,-0.2142272935048934
0.49660530802103575,0.11027507548860388,-0.2676510639957715,-0.5534756784591476,-0.5114400276059925,0.09649717628071672,-0.6274629761660662,-1.0213635375469585,-2.319244466576903,-3.326129720192924,-2.7061908944981434,-1.9138593921564677,-1.2434522136736592,-1.7158728780245511,-1.6374005562362761,-1.0005486773173986,-0.6983707569967668,-0.7553545140740461,-1.3131835137805559,-0.6922609621353566,-0.19002846572431056,0.11173876055706228
0.6625179323657764,0.23821823681619297,-0.41734690159226956,-0.9993175076051005,-1.2144522781264817,-0.6570831184157622,-0.6418762314572318,-0.9772859815999911,-1.2072204458472013,-2.300134161816901,-2.066228151149858,-2.636378479690405,-1.5456734966367656,-1.9426003965949434,-1.8893601457512115,0.6301380907873702,0.7841774096274141,-0.06726164155547283,-0.354426945933017,0.8362151388009569,1.1588188654291762,1.2259683151037766
1.3635152915912365,1.1006673359263268,0.3619897226485997,-0.25251590877386193,-0.8515441236067053,-1.8508806556255344,-1.5623698678368705,-1.4980762496923088,-1.6566406194694583,-1.4793464586534517,-1.4393800173209998,-1.537330388298875,-1.7417918884403236,0.4855397440382115,0.3665993517645561,0.6824588263297375,-0.9983449609907294,-0.4495900548299384,0.011565861107880873,1.2927673655355276,2.6457382040990582,1.4282074546909653
1.8862456264539726,1.613323308144128,1.432705263782062,1.7881817246397247,1.0220358731011188,-0.036308555970106314,-0.4948434635575771,-1.243004413572477,-1.206876398799632,-0.9964646555864327,0.11524510949485793,0.5061361977656506,-0.5214010347379515,-1.2712210686587107,-1.2584017365322573,-0.8433913815609764,0.5412507876947253,-0.10144381694456384,0.5171731501412808,0.8501477856334299,0.7396538957433295,-0.12086864712029659
0.6721275840244254,0.7804137914209163,0.917032405954814,0.5128324030584187,-0.13296322231725902,-0.6004399338926996,-0.641389822574743,-0.7206814689064787,-0.34698949462054834,-0.07658736013805312,-0.21887245456867357,-0.23599227012860735,-0.76252671863962,-0.960736982051095,-0.9553161976220453,-0.722747956611011,-0.5319357112936628,-0.6278922262772423,-0.046164167250155964,0.25950224120556603,0.3538741839816156,-0.6114240995889842
0.6557568833086527,0.5385520335905968,-0.2974832036955331,-0.13197478518092062,0.6303373097158528,-0.19649733451267437,-1.124222572148934,-1.505005498995482,-0.9148370103365887,-1.4705977611929992,-1.471924514163142,-1.3936205213165715,-1.109907586529909,-0.23532080099238367,-0.41146443224170737,-0.5018767324522526,0.13913843233923395,0.24385315761780046,0.12207944773623797,0.26059777083193847,-0.2928512619495077,-0.38542495218793943
-0.8632430282688905,-0.5255430466576203,-0.5588567063976853,-0.9570556667756267,-1.0998586374504917,-0.8910621792049294,-0.977400913419264,-0.27310244964672503,-0.027019985153098107,0.017189407218710158,0.03347559373578466,-0.013532760204094338,0.026998024606775996,-0.10693552748773312,-0.7057697356664132,0.053553814532381984,0.3407387648216825,0.12647109550407953,0.301377158898173,0.07626323277248429,0.055114435399809196,-0.40147398665097994
