script/wind10m.json
{"header": {"parameterCategory": 2, "parameterNumber": 2, "lo1": 3.000054539987559, "la1": 64.9999836372058, "dx": 0.5, "dy": 0.25, "nx": 34, "ny": 52, "refTime": "2025-12-04T18:00:00.000Z"}, "data":
[rows 0 to 23 of 52, columns 0 to 33 of 34]
-0.5097229859305833,-0.2539515705249077,0.2577265217550042,2.2951311187087047,-0.6608441749990137,0.03425091121841925,0.2762388146487895,2.567198582532617,2.0885674726369987,-0.21802622764710297,0.551999960673877,0.36897275640375954,0.6844095056024561,1.6485258604139292,1.9507847735174382,0.8938808760547211,-0.8334829190132176,-0.5736246017561383,-1.9209232811486114,-2.67061383431985,-0.44993714805148843,1.5937078544217826,-0.4064357855887686,-2.071723600768464,1.0207430887545013,-0.36459112545154737,-0.29939870915894434,0.24400036628248958,0.2650337217967931,-0.6469848190296381,0.1650186309143236,-0.9662883651170519,-0.4978193723191232,-0.17549260652613874
-1.034267842359515,-0.5563052165292242,1.5572104613472382,1.7075262881100233,-0.21174879964440874,-1.571668645788813,-1.1470869942547517,0.8285151050669863,1.5983823983605634,0.41717263012885086,0.4530527933928292,0.09450879585782439,0.6504511713826754,1.5513292348184293,2.5174057948581834,1.9928295870338397,-2.649513096163039,-1.1696514423543702,-3.3689513096900865,-1.6457641447348108,-1.465855193941744,-0.847987592537178,-0.13542076560465055,-0.20721035547993644,0.5402512961451326,0.2528589983645263,-0.08855930687233114,0.3744471088851059,-1.1161552650122333,0.127718912577423,0.2590755867782408,-0.5877407409854456,0.10794249383668614,0.45391082508688957
1.8239606398291717,2.696292500277963,1.7594471142612058,1.6551370098105596,0.5456024641421425,0.1536992382170779,0.28033487769117826,1.2776905998443353,0.6622110029828945,-0.13488022827893878,0.2536483713323696,0.09568781168168479,0.5652342993095013,1.3115414101030403,0.8980057784873495,-0.6538564829535943,-1.0215649550290373,-2.7217743052818557,-2.1876272296780557,-3.0702399907061273,-2.962282123236394,-0.2965817247241841,-2.889301454410969,0.9905588434443949,-0.4744810691297201,0.30872844553876816,0.10011845454384617,-0.1714129510674603,0.32800972027550296,-0.8356697388339264,0.23142202213999893,-0.23483081948026763,-0.5046508487104492,-0.123120074265344
-0.14350272583331722,1.2819990957263403,1.726305338074774,1.2713713531579147,1.3096815028037747,0.968572258803227,1.2093362034561785,0.6622240123082895,-0.023908515762872853,-0.3942911982442122,0.24235081262678698,0.0709586537051051,-0.3712809153305829,0.5275295816191828,-0.8576538707158144,0.5835291598087207,-0.043655787399358104,-1.7606532936569297,-2.4299300251322418,-0.7876249021908459,-2.7744936069494863,-1.3896691215290045,-1.5364326181295775,0.20330123018854276,-0.056712922443735735,0.010314254517687053,-0.11991560377304326,0.16504208686779442,-0.5747664649132633,-0.7219718211130465,0.11964632163103901,0.8419404486775277,-0.20925086577919097,-0.8976235452609265
0.6375953467049854,0.024903618079449765,1.0508050939218048,0.8917742921238822,1.661589104312642,1.2485490411427076,1.4805283293509302,0.32122525915065725,-0.6644316204466785,-0.892787071912268,-0.8965440944296135,-0.10303797662940449,-1.1271692767207115,-2.1830177189331077,-2.5689470403587427,-1.019316692335098,0.732481017312995,-1.2597221266809935,-0.41818529277346633,-0.4664896051529253,-1.9080755268188523,3.0441294947034603,-0.6460363619950122,-0.8844144131552568,-0.20335165384091264,-0.12314349012522083,-0.48661104721382853,-0.637659443086276,-0.11410019319264306,-0.6428352544150554,-0.5948758963601524,-0.34833528250802076,0.3553217142994586,-0.11575954375784768
-0.9424197227183232,0.08062929614611705,0.9012759280065541,0.8646389692899304,0.5802419382813073,1.32415920633446,1.7304348274044343,1.005045741741072,-0.2394361854952091,-1.0237089973605114,-0.058227198291213575,-0.694899918916056,-0.07580908749434036,-4.788072606885508,-1.14842984913292,0.01148021602722132,0.41278399397573357,-0.7891067687795822,-0.3422989932538195,-1.4625288618030745,0.4190246351234296,-1.7855694967990265,1.0029073959015609,0.028292249951692723,-0.16099224164312737,0.05552025861523694,-0.6326762864734335,-0.805558613050177,-0.47170504598081237,-0.7792855160486493,0.1963048343081901,-0.9316573464395851,-0.4314326967662662,0.027603774855093455
-0.9127737054856744,-0.41891887634456304,-0.45435273789728026,-0.31270032998605357,0.13625791926244174,1.0736234748536335,1.8343739017980671,0.1745650952801251,-1.205778597700046,-1.2032393876321228,-0.7663582676051819,0.39619690222180054,-1.9881194620329339,-1.7151041543715524,-1.1804435911048163,-0.48209713191740233,0.9110952793047263,-1.213694290522225,0.42945991241053716,-0.9768516940969484,0.2567359885707283,0.28030124801431006,-0.1823045900073094,-1.1176005183440607,0.18438500381766085,-0.3358978701758169,0.7074137283385008,-0.5701815439166932,-0.10286625490181239,0.1263372950364659,-0.10538083925861087,-0.16149014497097608,0.12617851942173985,-0.40809760121993566
-1.3529754459698784,-0.9662595337390717,-0.7252498269694392,-0.11606687970664822,0.17782554909239284,0.4162507983779965,0.6350431529275846,-2.2715477901828396,-2.361543024451396,-2.8267344148384383,-0.9516185089096337,-0.9909265437339739,1.1919637914532517,0.3461941461058491,-0.7833384343014117,-0.40198110594861586,-0.25973325342293263,-0.17505781749253077,1.9901360350334232,0.5418222184769158,-0.3030744216535526,-0.01664893812277454,0.6070294612783868,-1.135811373833582,-0.6226105403565688,-0.7817132352965008,-0.5997800399638823,1.2045292656158582,0.4442936100310161,0.5519242294270759,0.14891020759577603,-0.6738229645707856,0.03682774444797964,-0.07598934859150759
-0.9115140741856088,-1.2959566138407725,-1.4541811604886175,-1.1692457022325955,-0.42869882998064235,-1.8190596395902892,-1.9713239460145031,-2.6208073269922076,-1.4898457864625774,-0.9751772733893412,-2.0002012891474066,-1.3153650585649608,-1.2101123538604794,-0.9623197937087397,-1.3979939178020822,-0.8508772888286229,-3.890749427673094,3.0870185974332913,0.21682122040312446,-2.454167929068663,2.2500531980619587,1.4627502918705653,0.7059823061298348,-1.2627386242742829,-0.277872327848288,-0.3361792519352873,0.00835462146393875,-0.4814747949952233,-0.20452734484834564,-0.04546347758637704,-0.2597827181526629,0.6954212165945753,1.0194702199270982,1.7561189194850781
-1.031670438683194,-1.7503696340877952,-1.4193712986400444,-2.1497616911049824,-2.2574479515601675,-1.8734260155272506,-2.849508887803001,-2.506454539953374,-3.1895316444576043,-0.7642456842705437,-0.8989839016708591,-0.03250247440792487,-0.9051742233489617,2.701087437524411,-2.8057832109268444,-1.8710061788126044,2.032494961447489,-1.6066939623446272,-0.1636919195811689,0.07601578144075188,1.1946378579250407,0.6234697555064376,1.535156923180394,0.6419669910337187,-0.28287396154550043,0.15498425363546933,-0.04714838553515943,0.6133913088336613,-0.806163027679259,0.19731230991619003,-0.610272242934488,0.03514783214634264,-0.19338577359213133,0.0609438662134805
-3.0575326114799255,-2.8715266963768684,-2.3034668852872273,-1.952292053039453,-3.1100123963513355,-2.023569696644744,-3.3293579124854364,-1.0002220473210823,-1.5702113182470725,0.9171891199819264,-1.3167526016105642,-1.4054952772907698,0.7430315814808072,2.186721713483743,1.0225805961983048,-2.593716426450451,0.7989331219229604,-0.3957084623553084,-1.7496588517431328,0.09333108843250952,0.345032127647959,-0.20414943692777643,2.416214756425086,-1.401567524092987,-0.1795824737660511,-0.7904424683830906,-0.3209021763090973,-0.4448636826819424,0.40102200475773775,-0.3055414852605353,2.820911347018366,-0.4180803494436671,-0.7714774802506668,-0.8762530907812067
0.41499372690942127,-2.2093557779828616,-2.709584266451573,-3.074876780757231,-2.4908039371682458,-1.162136234713824,-2.25193741728826,-2.2163597037238336,-0.5806900174556733,-4.680132544874395,-0.07350822175074903,-2.164716823798302,-3.0120077155690814,0.8567167237832561,1.488944249831312,-0.6719103542548868,-1.5799644666579271,0.46840755969607867,-0.9508143373016498,0.018379722481789852,1.462310095056518,1.6426371008280984,0.11455329312877571,1.1853149271434567,0.07368500481517674,-1.0775950722941603,-0.2625648233951532,0.9919185036799206,1.057087820218746,0.09296477645220158,2.473012974730465,-0.9050531404217107,-0.43124677803493666,-0.3055097870645297
-1.3228942189719302,-3.6577863461888773,-4.1699494158815265,-3.9330537307531523,-1.669369192464115,-0.8769246843606628,2.232511782289483,0.4587977840994533,-1.7412109052516216,-0.2882679029164469,-3.071845263052231,-3.2558435208970256,-1.149817801971519,-0.6170476224509239,-1.4509775181834204,1.4368623423629374,-1.1912906782919277,0.16261690983890442,0.19821488136643053,0.16427346260563064,0.30493813561987065,0.9749550680767964,1.6654171373850215,-0.3805200146144024,0.2765123783193806,-1.0524974587461564,-1.2158966537809763,-0.4549525243521419,1.2432970781252102,1.104711443122935,2.61157524861249,0.22108590136465392,-1.231531820807107,0.38049571484938344
-2.246589526654238,-4.336638972632193,-4.921299608051168,-6.084022415635457,-2.804081154727213,-3.725919089008682,-1.5926744502108516,-1.100504606429409,-3.975413968101103,-0.9701235045321467,-2.358613553056343,2.386584343240068,-0.11099355841822321,0.3345894760472798,-0.8410640795149327,-1.1970504591500193,0.14962199472458224,0.42335085090659125,0.18306886477013756,0.17572719016415286,-0.8483490735276031,1.554684220979306,1.1146966279277795,1.222895671045296,-0.16141936480065747,1.0352181497944128,0.09813886291743934,1.0977146075712139,0.50838195424949,0.6958873488877928,1.3687401373925894,1.7601104101265335,1.839880329720677,1.503381034472975
-0.7334241327955746,-1.514870160627032,-3.9694582510085517,-6.184491507311102,-4.383734582922531,-3.290370081303591,-1.1474457071706758,-3.3290955682505516,-2.747883856133979,-1.0068817880902379,-1.3177035549384286,-0.5633869750276991,1.9759404967117278,1.0322259016579838,-0.9007698338393415,1.2844677800605246,0.9392167862893509,-0.48401141523559665,0.27989558419041927,-0.709463657053009,-0.20705361461222255,-0.611709950863882,0.14198048451152576,0.7901270640816811,0.007266504718915387,0.05856499161218868,-0.4425521640494796,0.6582900395507532,0.9050041976212584,2.4072649338307412,3.1229040266170403,3.6797229853311535,3.8997225734997305,3.794937016714418
-2.4514102468181833,-2.448170080042169,-4.361289019031344,-7.295093629170104,-3.565186016260217,-2.4254023421991224,-3.8906599370059696,2.1354797363716216,0.11178803550560572,-1.60362510359207,-1.2784008169484822,-0.4196107493837291,-0.5798621259180912,1.595359026095724,0.17071585213379403,-0.1675090676387288,1.168970553457423,-0.8326794309027449,-0.38357022659376416,-0.08927881934663025,1.0348657931999996,-0.21532777947059253,0.06977654705655761,0.11683755969911915,-0.40488108801936223,-0.4454812254852033,1.2839724422135559,1.0289944575794427,0.4145560857500945,2.957555817680253,3.901050605452063,2.7608584403212144,2.9480718258844236,3.607949970025536
-1.960716329279784,-4.347743551240686,-4.846771229030167,-5.929990952841156,-3.435110552062694,-2.612669340897406,-4.908043164499222,-1.7235575253146058,2.5994246005641,-3.202291044970455,-1.1799774638733307,3.7710090170251864,1.545236591665678,0.3331719671033129,0.04156293414236379,-0.2727886786013288,0.14820055096599566,-0.023043977040075065,-0.5898673247989793,0.4767441616480965,0.04317104934922613,-0.007772890315676382,-0.20721864039005086,0.06205319893251771,0.16291176953877004,-0.5626841363889085,0.13487034496070044,1.6083386923151541,0.7011711859442585,1.6848430430508072,3.767950927730464,1.7845881777971937,2.6450308587562428,2.835809516284613
-5.494232781472716,-3.353630548612043,-4.560498000528488,-6.411177492602929,-1.7759361738135673,0.6329867067011459,-3.2377823713040876,-0.3219092060595319,-3.8564498592963923,-1.1721402067587317,-1.1611999646977111,0.05690460083139773,-0.10599547806834289,0.2025811374063104,-0.056613273751043816,-0.3614299934484902,-1.0432822872897658,0.14400410282856704,-0.20846156468535354,-0.7766237303289677,-0.10201509043052774,-0.4255968677113359,0.01709877716921634,1.4221275173941381,-0.5740516820109942,-0.35755551101484223,-0.441440064994367,-0.4957577878913571,0.6897942730244139,2.169962365459542,2.889631188243903,2.1036679413276764,1.334250516684401,2.5453640496212153
-4.414666452845799,-6.34258053738758,-2.2377504796946726,-5.138761671656881,-3.1431542310096527,-1.7003365494064442,0.1354069532947094,-1.6934303290371473,-5.191231552690019,-2.2236958340190642,-1.783482984070139,-0.16908002015663842,-0.2381645640404862,0.1464034398087274,0.718477365922196,-0.37580213998989603,-0.10933417475764785,-0.5714851581030527,-0.022542004741331865,-0.46391937327664,-0.3026082677657673,-0.15771774996776444,0.20199032209376563,-0.09621987248904453,-0.2884272390030197,0.13391388449098188,0.28251071205793316,0.8362595290007887,0.45288213226421087,0.5605346620113061,0.18182788784498208,0.447226873162537,-0.684321179994617,0.38012482267500436
-2.427501105118291,-5.670011850379676,-4.73156632209777,-5.711981542541662,-2.2924512142356277,-2.325145293694354,2.312642710533976,-1.9624667524940471,-4.536214886194222,-3.131327129037142,-2.309003191787929,-2.1721173747072458,-0.21609177876136246,-0.22120267559324977,-0.3903055355630908,-1.3418862063820898,-0.6675120018940521,-1.0760396713912008,-0.49436542529055305,-0.7414702940995161,-0.5180901298396671,-1.0005797759397628,-0.5204019593847116,-0.14581932556772298,-0.4631847748339171,0.17932295362767123,0.32813328386737217,0.5826447964621443,0.6365454651870486,0.17721969364821977,0.4036868343733791,0.022788532389573412,-0.20008874185042705,-0.5290983381071958
-3.629076351827712,-0.9521752797718639,-5.65938335133128,-5.898445230683462,-3.7168127640638953,-2.868748089437259,-3.0365413580839817,1.6061098942244347,-6.262996110480524,-0.7975298128076997,-1.8850767360107599,-1.9497848292526399,-1.0498173214997426,0.07163984774499112,0.9262856702883031,-0.8533281230303471,-1.1743506787100668,-1.044578037080129,-0.8662703761373856,-1.006934551092808,-0.842128720760767,0.045546861992097724,-1.0832769202171293,-0.5221982290053541,-0.42286412321841527,0.35166315809467635,-0.02030946701518807,-0.18698538884533067,0.059208335846920555,0.4078040619381472,0.04014277090475306,-0.17376466557083303,-0.42523516668208033,0.9416076425234148
-6.764723225550532,-1.8330416774204341,-6.819414453333533,-5.8718482381565655,-4.902970262618883,-5.033059621577823,-3.8844926721205035,-3.682491580423915,-4.318999008570305,-0.7574408919785788,-1.129370923776318,-1.5179275698079302,0.441605488469632,0.6350664538061257,-0.36550997460015716,-0.19263647284542956,-1.465708849486758,-1.6711738184253964,-1.0698628545018602,-1.0689790979457843,-1.0333900787892296,-1.0943641637473591,-0.9638742530489872,-0.7544113677843015,-0.5340091137723422,-0.03272230830704775,-0.08884701774831781,-0.33778554933714217,0.22882601158960358,-0.03965050681830217,-0.3334846110717218,-0.17751318654584852,0.0838536028256176,1.2604662862889828
-4.644843674907317,-2.9169983849370027,-5.599819716550904,-6.7509053912801065,-4.870170519889518,-2.5788526685373543,-3.9717794362007965,-2.814610961149828,-4.180531879872148,-5.446711166004943,0.10877447023779561,-2.1934578244294367,0.05628088119286583,-1.2978086228374275,-1.016342814112618,-2.7001023379465816,-1.7142721821971774,-1.6511881100376613,-1.2442241121101436,-1.6279132810544306,-1.294955570836056,-1.0728666040484356,-1.3211337600694275,-1.2343812798429414,-0.7378645808851018,-0.5862337055688858,-0.8271098673521182,-1.1901179939539737,-0.31069877763230075,-0.3499891577561672,-0.18937163174989693,0.16980406143249727,1.572301964400523,1.9620951590880662
-4.461418713404213,-2.597969948868625,-6.437635747793217,-6.8823264634619346,-6.002025057657898,-5.238613895237612,-2.3997497119444464,-8.351851449330216,-6.27979845346947,-1.6130084701014893,0.15997019953358832,1.359390874319809,0.3628737032910555,-0.7650035104391054,-1.389677993623926,-3.668285708501788,-1.8902360509317544,-2.169770101229372,-1.531719901528631,-1.600716100377302,-1.2673989729408393,-2.845373360996274,-1.8715306991893474,-0.9832465819280859,-0.21513101739833165,-0.644720850102032,-0.9236143309162803,-0.40538494934059455,0.10396489043391562,0.07519691027909765,0.16269293517896544,0.17931784084058047,2.462790544404947,2.6857609117387646
