script/wind10m.json
{"header": {"parameterCategory": 2, "parameterNumber": 3, "lo1": 6.000198445256149, "la1": 58.999992894266676, "dx": 0.5, "dy": 0.25, "nx": 22, "ny": 24, "refTime": "2024-04-14T13:00:00.000Z"}, "data":
[rows 0 to 23 of 24, columns 0 to 21 of 22]
-0.04691723828932396,-1.6311994174115925,-3.5228209642301493,-2.723025199482228,-3.063160299649251,-2.9897329499006116,-2.6576248124733386,-2.343480720495597,-2.408581219333852,-3.3865176662111485,-2.5992252448065263,-2.4475092229333404,-2.2783759274240967,-3.187908854530758,-6.400498911518407,-4.923299520779075,-2.3223657015597485,-1.157057219973989,-0.8491489647057654,-0.575952856028932,-0.1933636032693067,-0.2553983567315424
-2.7671287768310884,-3.4652245311444947,-3.1694782076596066,-2.2730672600492374,-2.3736440069540663,-1.6841795019332158,-2.4237536660465815,-3.4094024544820396,0.1395339693628224,0.8268631177359894,1.7367522503750503,0.08695756115708775,-0.9063582152692505,-0.8426088607462244,-0.02658554340287098,1.1961881741436509,-0.16596282226064077,-0.3596217967660353,-0.08932703654258152,0.25099801072505973,0.3396765135810626,0.5443036749842474
-2.199163417152475,-1.47777147417874,-1.0619875862332238,-0.6516335660767293,-1.7336324516073693,-1.573035229908339,-1.633599215805721,0.7456213740674035,1.9158044961325023,1.6528865691788495,2.582890971318054,1.1700245015137158,0.8423039748918735,0.8092834212521042,0.7488249338014566,1.313571643757115,0.6515788528589431,0.01075073677791109,0.9269405411174687,0.6276965837833753,0.8624901977916134,1.0451371792467736
-5.019364034345895,-2.7656509994060117,-1.0436489838841003,-1.0318887879226337,-1.363872150907961,-1.6959460171638117,0.31398100951929947,2.139480105445838,3.2617585025614035,3.789954198882618,3.8967317084583404,2.7695240538916392,0.9768095351643533,1.1622604732428736,2.1752780478890954,1.6748494061392458,0.7543134518451569,0.7410436766774041,0.3749575111166652,0.2990565498707718,0.0888651043374013,-0.12779500633334345
-4.762900756722639,-4.449593015990134,-2.765765822020205,-0.7505091241788022,0.7238274871256599,2.2714659625612965,2.306831816296177,2.4588373192409727,2.6040149205014647,3.140632872400195,3.3669358093782256,2.8706692365861155,1.0234670705772355,1.2348161227805625,1.5193274381063788,1.3254519337509447,0.4503665276895055,1.276752920827123,0.547026522435689,0.032654267663223796,0.08659923088328822,-0.1710630955195681
-4.5000746664432985,-3.7014207225923212,-4.484147127714075,-2.863654966041686,-2.2072977987270925,-0.11331833365556147,0.007250480880366458,0.2043310603152849,1.3078869309487728,2.3848159453004483,1.7562315302648015,1.5853255345554726,0.39353842090036223,0.15282522831110504,0.6105638904475122,0.9947763441268632,1.2526054108327613,0.845384266964311,0.8414528695169616,0.6908117312496174,0.49204119090307813,0.7285830169257957
-2.970898150073473,-3.3602815769267305,-3.3326488208357032,-2.9684322557741636,-2.634568551873625,-2.184226769090973,-1.363341003076269,-0.5506448941011485,0.7646886907146693,0.5072826611550917,0.6539720864628353,0.8336131141606559,0.2940440402302641,0.02188888563982793,0.24909593674936545,0.1905087292100395,0.7436564078517751,1.137011034171452,1.3069169732534518,1.0856036241023062,1.378357037204571,1.0931520491173983
-2.180931996400791,-3.0226081917230196,-2.2480905802546878,-1.7029412215470225,-1.8951763373225734,-1.0019418286027788,-0.6553416490363415,0.02960604290787681,-0.36913338377929455,-0.9842814197814171,-0.9903035089546531,-0.4488958372566187,-0.26847043734997866,0.3115967135146229,0.2310930739204918,0.19867036775723232,0.43090166179552386,0.8473660021068343,1.2710975696165046,1.257111219045294,1.1533926802714414,1.7543704168989716
-2.3631824000877706,-2.7584585464364326,-1.7146054572185787,-1.2471054663039616,-1.6881903779942118,-0.6565414093208936,-1.1588689696528014,0.12947082787145048,-0.18021970437853363,-0.0005135343368875474,-0.7610922936527295,-0.5654719758977549,0.26227749622021945,0.25901981742313035,0.43851876629407127,0.383789303317498,0.5211120549353382,0.4910435460851559,0.6320529225988144,0.9224132631339325,1.26800372299265,1.538399774018649
-2.2429088702690483,-2.1570838153931486,-1.5394179949402458,-1.944469559616557,-2.060039006350415,-1.2533011712591169,-0.7645014993236049,-0.7809468336225986,-0.7847598045611994,-1.5323615141825317,-1.1123189459755707,-1.0349136929461649,-0.26822937333217745,0.2645113517473972,0.14616521376246555,0.0855911570644606,0.22722596854725277,0.4566440254798608,0.40790918805958193,0.3348799102235336,0.624444079706098,1.5306590509914049
-2.3342035220661637,-1.6780505199503295,-1.91273233048744,-1.7943627714661194,-2.3381205703344765,-0.9090325168004867,-1.5479598386058304,-0.6313994810097113,-0.9466806442630025,-0.6437576916974235,-1.5392653526422058,-0.8243961999086364,-1.4532868432336548,-0.8794060929038926,-0.40854674305694477,-0.41898484658619917,-0.5028833979669028,-0.14700092077182098,-0.14668230372459454,0.24458248992924037,0.18411279138120093,1.2414727554339744
-2.494840569800134,-2.0010012387841467,-1.8343085154708032,-1.9574131224003115,-2.3046547431691433,-0.8373118695994145,-0.8584002649043662,-0.8872263000523827,-0.43414974658086847,-0.6818491911506066,1.0315358648188413,1.7696423959713838,2.3249912170442877,2.4610143919358305,0.27014506764611057,-0.39922909798565026,-0.5515611126878766,-0.9350752665510966,-0.550712383471231,-0.1661423009641597,0.6504257975536988,1.5212006854345932
-1.8714492595847105,-1.4244425666726719,-1.002488192855561,-0.8855478480056052,-0.2615789518878705,-0.4459639386930323,0.2718167101555323,-0.1731697494444865,-0.30506361923373015,-0.4246075176808774,-0.6508696323702461,1.313503112722664,0.864929775259921,-0.07999124883777699,-0.5644706005935021,-0.5098611416040363,-0.83535835284901,-2.688920593742375,-1.6485829368612366,0.11199314925203085,2.737751424870762,3.4913460623639105
-1.3246672504135122,-0.715117709360218,-0.7495434471347929,-0.5124373198158113,-0.4589159885328398,-0.23064174747899663,0.7683881040497135,0.32630004621345265,-0.47166140544399726,0.8270387113567856,1.7873944121258805,0.9409992096778745,-0.19023620244258777,-0.3736986242245997,-0.9296182877966999,-0.7631367937408792,-0.3697289740946983,-1.0192080913314558,0.38946596026737273,1.7786325976280404,4.058859489712077,3.662397137009066
-1.0749711353531455,-0.12944369302269135,-0.2936102769839011,-0.5483050728244803,-0.6312087470438573,0.015870977625058423,0.37331251805079035,0.31110771425157147,0.4381954758409567,0.1180968464374942,-0.1520394107564775,0.6691830800957649,0.5915396114739315,-0.5864023249091894,0.3931247300076113,-0.24441067032446884,0.20072041572285954,1.3532201887812387,4.673065639761847,3.806674041045032,3.469054119425607,3.399875533909426
-0.8404223330242161,-0.12102128113978322,-0.07532886769232576,0.19017296013666654,0.07208386235069306,-0.22678929346848734,0.21492566002975005,-0.18564104231324807,-0.21693420341225714,0.647809180527742,0.6013411915879382,0.2555854533139309,-0.016680400436366774,0.19398645257452923,2.586967915181011,3.473654259757828,3.4731966341957525,4.237773071420001,3.5839280671167524,2.7470039144823217,2.877223485621732,4.363078795759842
-0.2381590368622127,-0.1512925875038583,-0.788399744033001,-0.5961664076221606,0.03695662984151191,0.2466563357059673,-0.2118597478576694,0.07496907890644704,-0.11512358315680009,0.11119529858589333,-0.03240510287844438,0.9358478769913223,0.16717736541376071,0.05744950817956406,1.4977211804978954,3.1004233587390586,4.215741101290437,4.304914947980034,3.425435071473916,3.66716545278411,3.6915970548507557,3.5605886448381887
-0.989458433983618,-1.2445998547247463,-1.1968144180860785,-0.6304599899545376,0.028362588643252026,-0.097866282601812,-0.17383005050206418,0.543191403508503,0.21184276313287922,-0.2966396632351498,0.13906251554148583,-0.12383830092327153,0.10730044936922607,1.875600384417385,3.5816243730287876,4.232671006598155,3.0935698900020525,3.3293550519209965,3.141087901944212,3.200330368685131,3.47109579134658,3.575714927220747
-1.4126712074515242,-1.0457409064257523,-0.6217076570012628,0.07503340989600496,0.4159397370836646,0.42223274447911346,-0.0477512540024233,0.4393720695965493,0.9831271844643564,0.09838853612853753,-0.14954418809647627,-0.9566307250883667,-0.44559008440734177,1.2890906779761186,1.0918508081858216,0.17030033479399498,0.3203863807859794,1.1059968498995958,2.0002136777774577,2.7887980141514603,2.618737427350275,2.3813561798110627
-2.214077706346127,-1.4237524084658202,-1.0135857746700612,-0.2963842797651914,0.39693786584159446,0.7132359535260472,0.3714060585767881,0.45123340386038086,0.7967514572241446,0.7146640378965724,0.06082536288180922,0.38095026632351725,1.2230206666053924,-0.5184809575107826,-0.4439694557966062,-1.0727544017873885,-1.1261050079360284,0.31897484395351194,0.9213776232912453,1.110640425459779,0.7592144054949049,-0.5514838863356714
-2.0083342343949444,-1.679404923716914,-1.0542605414421613,-0.16636691144160878,0.5255394403656984,1.0866323615450442,0.3237745781580912,0.20380871523751032,0.5064286738762076,0.5087277617953603,0.4699453662992627,0.10527346295260226,0.07289610824831864,-0.308621534373012,-0.6909013671912444,-0.6850808891756403,-0.4642892566433339,-0.3608323207964236,-0.8450639837479531,-1.0673852359754492,-1.678566957988072,-1.5530588783462373
-2.0788566565041164,-1.6606888815673515,-1.379705795316625,-0.8298958674877835,-0.9030102829110451,-1.1163310719333788,-0.7378568545524391,-0.6226035756856986,-0.7517947893603453,-0.5498950228807903,-0.30362227676028897,0.0689488156410152,0.245404059596808,-0.01937515256716576,-0.3675453948532457,-0.5598633202705743,-0.8967114631781118,-3.2914986481171122,-0.9039108427183885,-0.4652797719909971,-0.5699758569016341,-2.2743360919394617
-1.896188265785083,-2.042218329994855,-1.5082596115177755,-0.8853464857782509,-0.4754451788348973,-0.752618893841368,-2.2092720995308017,-0.8577901901682204,-0.9968895004531895,-0.2847042451811211,-0.9293020706472548,-0.6432497854968725,-0.3925281928967716,-0.29156301577341226,-0.12298599641723047,-0.4908709838277478,-0.6352545240587144,-1.0553348170340318,-1.4837746855906682,-1.6146977520952266,-1.9196717710575257,-1.2586226886345073
-1.1481129485708859,-1.0449532368621592,-0.9286501749868596,-1.5585814032545402,-0.3325917002731369,-1.6451541352433783,-1.0803284156667905,-0.9209598148413941,-0.39062046394669997,-0.6519230945760017,-1.2215278691559257,-1.1259980875726774,-0.9360898733741448,-0.48624632214432933,-0.4032816819015892,-0.8515924697147548,-2.0008243476455028,-1.3681334909363507,-1.1732985880406848,-1.5463945504470407,-1.239920946499017,-1.8730854916835595
