script/wind450m.json
{"header": {"parameterCategory": 2, "parameterNumber": 3, "lo1": 3.000054539987559, "la1": 64.9999836372058, "dx": 0.5, "dy": 0.25, "nx": 34, "ny": 52, "refTime": "2026-06-14T19:00:00.000Z"}, "data":
[rows 24 to 47 of 52, columns 0 to 33 of 34]
-20.918468175407924,-22.021796437499784,-23.891598786012757,-23.687689229998306,-22.17166020554952,-13.607901417408211,-7.001374625585582,-11.621124702617244,-10.646711383670796,-10.109112372213625,-9.203171571304292,-5.86666324778919,-8.482407728277655,-12.889632223966354,-10.814194251294293,-14.919683712287444,-14.274989260232353,-13.548823594194557,-13.561435720805425,-12.064117469561953,-12.68847554689713,-14.67930347103512,-12.823332039548097,-10.717271637839723,-9.484571277300724,-7.840657398659552,-6.235943635668409,-4.3580811464799005,-2.15051484760554,1.1810571922571804,2.8272062916939347,4.557557788103451,4.0379892788365614,3.381449083763406
-20.755880631059984,-21.78023811834204,-23.27751023072438,-23.172286360889636,-22.52203419916256,-14.67383380899973,-8.446360767952717,-11.893529506671577,-12.505717653322893,-11.755680167716969,-9.573164183560614,-4.630764485375668,-9.581553801050049,-5.20240912215091,-11.402191223924435,-15.57283995993344,-14.374305737153048,-11.992410262343004,-12.054061865079625,-12.269280032659145,-12.413048752118469,-14.69267673114413,-13.175241345595154,-11.174478157726755,-10.24136361260699,-6.832656451897771,-7.079512915700775,-3.4683404295821605,-3.2100527493575095,0.1548071764964451,1.2203502045372965,2.80708578023762,3.4561796465083834,2.304517000477682
-19.82632369836527,-20.97249623282638,-21.451306401402746,-22.335839106983865,-22.183201744707336,-17.516818514843326,-11.375593567322642,-10.26881413967032,-7.488639036077578,-11.144405158507766,-11.986465653425498,-6.433618873928945,-7.425055410432031,-3.304213523202461,-6.985944280037177,-12.984721854441572,-11.690012274710334,-13.2727687609288,-11.701940700368894,-13.103643007844655,-11.547200572155079,-11.985278279535208,-14.721542385873668,-11.2860383063388,-8.565768725862846,-5.780795226634021,-6.2031568452577925,-3.1397341326895756,-3.8649452324652382,-0.42855985242645844,0.07717702039733701,4.750615242332564,2.5047744510607783,1.1226201473799355
-19.46362266964714,-20.146994242976916,-20.912734456828527,-21.007219923614972,-20.771378270534036,-17.0137646730197,-12.205749350418298,-12.768304449074469,-9.857548977879334,-8.94198891015338,-10.37065912820977,-7.531497775506373,-4.901140930753394,-3.1477266972457323,-4.758456039453621,-8.546682048310027,-12.018115183789956,-12.884006135640506,-11.690552593910809,-11.567778164278728,-7.741526487330606,-13.472938061193972,-12.513622604365949,-8.504979273935625,-7.470437532455726,-6.975609480717626,-4.183340340557048,-3.6714060168578344,-3.4575614044424214,-1.642737755958973,-0.717394328105276,3.419899286626448,0.7611727495230157,0.2780699603445899
-18.94448348597505,-19.555483646269668,-19.8355178195727,-19.792351680911,-19.490306161212843,-15.968788904320306,-13.298881579049732,-12.84729011598228,-10.853031042973823,-10.284622951868476,-7.1459379011944915,-5.639319664198313,-5.806215753725335,-5.245557910679651,-4.722535433354241,-6.526092504916837,-9.61631761316097,-14.219049533369734,-11.86045417698126,-13.603511463668799,-9.865384445228987,-13.06190581554312,-9.819016100915839,-8.535279391307338,-8.92939256171467,-4.64851280117524,-4.212559091106099,-3.8271032189858443,-1.5537277072215294,-1.8926620410729003,3.1748844477125795,1.745399340683129,-0.16079891743601907,-0.7421257617505886
-18.25034072335704,-18.482012932982983,-18.27036691504361,-17.772801178598307,-17.82077750912721,-15.617473546712672,-13.457663668020476,-13.34549853214802,-11.410837780363675,-11.50065315563023,-9.086832498811996,-6.588498386234261,-4.787974503834427,-5.586871850865502,-4.389127118654654,-6.488961281704997,-10.10445517128423,-13.925230579576242,-11.471939533223376,-13.172460725687444,-10.352782268490813,-11.13376158097392,-8.488116741855265,-9.117262328112448,-6.867515654850194,-4.813555837874521,-5.426836394577932,-3.1316273506374417,-2.133893144203618,-2.658629090460691,2.149334791613665,0.06077175268508611,-0.023166490860899048,-2.5230315468126854
-17.410566055174503,-17.771872907009083,-17.318032794254474,-16.738989583926404,-15.478243419265404,-14.98421577735971,-13.634814919332186,-13.437944971441292,-11.835161781952948,-10.714515216557198,-9.603865570690523,-10.559243402463347,-2.2887704267901423,-5.6120656929199555,-4.4018958951755245,-6.638907183196955,-9.33938651670537,-14.354029071719163,-11.033543890656704,-8.556704446938433,-10.483715052752189,-11.247280627849172,-9.033904273084858,-6.477225157333509,-8.764086615899528,-6.951905736457228,-4.908071708048517,-2.365711340774812,-2.3907935010300756,2.4765127212204856,0.8936272997823584,-0.6587387130154989,-0.31833892805605973,-3.590787478531464
-17.113805090754713,-17.110682864512814,-16.679891283654047,-15.572621122919648,-14.879500086968827,-14.209622649880274,-12.744428807174355,-12.094268187521047,-10.840298836680018,-10.53451573400028,-8.369434194540204,-10.636654309591995,-4.252997713403249,-7.098651795273979,-3.4751512158383555,-4.093494771541301,-6.294801956513064,-12.275456175299563,-14.382771216374332,-11.66485574147839,-12.716619183094394,-9.248947749764275,-9.207323644644223,-7.621700727854891,-7.411160154177886,-8.030160848632725,-2.450220338581767,-1.883921557299983,-2.2940736303461615,-0.8008391568486982,-0.9990307162124935,-2.2011312606962696,0.7998840192659911,-3.092146207436822
-16.70127883169745,-16.391252079052038,-15.937819375666264,-15.269513697116667,-14.566966681583398,-13.632657446808691,-12.15191549263181,-11.787059720833938,-11.63270636947895,-9.494920919372218,-7.998743734366994,-14.127303151877125,-10.259491151120637,-6.205179748259216,-5.115306662639479,-5.225433001820272,-6.8901976420789826,-12.16845204889851,-8.570032441814881,-9.498020319070102,-9.135268259927651,-9.139156571551831,-8.048539792778344,-8.627542049563306,-6.537438953635763,-6.074711981453909,-2.7470617049344885,-1.0149678078794604,-1.455505672748465,-1.7679487151460584,0.7445868138194394,-1.614677682137139,-1.1301689276182652,-3.2400775845259937
-16.36204521494009,-16.127991392332504,-15.644908488664537,-14.791597535422286,-13.806560362796688,-12.912131263540077,-11.74456368946719,-11.679915164931858,-10.978788332187131,-10.992774189908127,-8.063277935301347,-6.633617601881425,-6.025638009137724,-4.662764454665787,-4.644019106326043,-6.643364295140884,-8.311220148567912,-10.293150484345942,-10.575689673782005,-12.195127145366374,-8.841235171573729,-7.130858338739077,-5.539808377282003,-8.445819424592457,-7.992604529093145,-5.940418396530678,-3.292911038757123,0.0005012575471289744,-2.1505196992162183,-3.166115500660174,0.5038890022662751,-1.0239347248543895,-3.601261830810075,-1.0019057865451286
-16.08254144252294,-15.720802590398872,-14.893713461953785,-14.126641598381015,-13.37134930441955,-12.326894839717413,-11.624472049832956,-11.314763054787988,-10.665946509065494,-10.223648658848038,-9.125949628788296,-7.46602604756709,-5.283172839538362,-6.024219974311026,-4.025316499357722,-6.936309653987902,-10.898393851772887,-10.832713310104836,-9.088397179107561,-9.396256313914568,-7.752202549249171,-4.14725015758541,-7.726603056621731,-7.319217555971559,-7.525001296209001,-5.258347736430889,-3.0753721778465613,-3.0934602982667037,-5.3142453126884694,-2.6709480365042584,-0.314307969867506,-2.4674142561975154,-4.56858837837555,-2.585264062081438
-15.514047009362868,-15.276161151202771,-14.47302367796778,-13.454962402571764,-12.659957827155106,-11.698133435279377,-10.636220528812203,-9.361966972803845,-8.758512265982137,-8.536537531416037,-7.034517161168071,-4.288202477150348,-3.900686776761201,-2.696424438170405,-5.331931012674213,-5.832327549668911,-7.0123690981246325,-9.932268673295226,-11.815645234257298,-10.770556998074426,-8.958504062097475,-7.630905322812381,-8.334123810344888,-8.996701337213528,-6.1551724954623115,-7.203013455351727,-2.9808435877895567,-4.503603312072345,-1.6517652652234562,-0.29512201006550703,-1.7557501578585277,-4.369799795328692,-2.830664806155749,-1.5321324355100205
-15.209154510867581,-14.867676958097222,-13.756008994108665,-12.916622750766855,-12.164094907444321,-11.205113756970238,-10.124938012907482,-8.834258152020015,-7.730220002464311,-6.652066183715348,-5.6818022937183095,-4.674309834836723,-3.2646414621062143,-3.444195950049626,-4.629898249833029,-6.924334429419351,-6.714901713700113,-7.717424365973905,-9.537446638943317,-10.047563959455587,-10.892217748888253,-8.473293927704642,-7.165400304176451,-7.543706456724634,-8.110766291902046,-7.306675709096917,-2.9258043217230574,-5.215203068650133,3.4737848863356153,-0.9234592067073351,-2.3105858900445546,-3.0873371595049717,-2.3062124764659733,-2.2723358261008437
-16.06218926400137,-15.32553448629558,-13.376551487269628,-12.621844469192474,-11.997845589625564,-10.868734857650141,-9.863674487834123,-8.707565824839794,-7.653706794732943,-6.692881817221914,-5.899848923259553,-5.328928100504985,-4.157011366971131,-4.2557505029293665,-5.432507470804695,-5.697237995679809,-6.857566278069145,-8.169190446823492,-8.13731536869423,-6.976528127127437,-8.963353149699394,-9.338394129078567,-6.670913396274001,-7.011675732670879,-8.361129450758943,-7.465778957971955,-6.576295372659431,-6.532026151860636,1.39567578555423,-1.36647612773759,-3.834186774039896,-3.3411385566969574,-3.562847375086415,-1.4992086048741857
-14.755237799018795,-15.468302567185656,-13.380849153318131,-12.063538050443507,-11.366560162052084,-10.829865742748133,-9.348977470039463,-8.525019733750721,-7.440238992443261,-6.690479119085596,-6.432178892604995,-5.898283287647256,-5.256815325261187,-5.008567506634148,-4.4347702598799605,-5.354138680923793,-7.3289397140475305,-6.816615175840972,-7.957710326097195,-8.492573848315358,-7.748882765087887,-9.09723588197068,-7.635431864680287,-7.200742624985398,-6.123130711244815,-12.567599282672079,-5.878430050082155,-4.218918554514372,-1.869497209995512,-2.880221931789535,-3.322581754657189,-5.913872462604697,-1.8471366320576739,-0.4287630679249856
-13.581715643023871,-13.250154967203613,-12.82285349330397,-11.458647166500528,-12.899397550163732,-10.064163695293741,-9.520556267305476,-8.364925327000737,-7.3135582939066985,-6.491231052117347,-6.290703413585738,-6.242722688883302,-5.139073107756002,-4.62254924012426,-5.734729776879574,-4.888493717665433,-6.00667673843845,-7.245936699692605,-8.46825744722376,-7.57984859221771,-10.818863180468592,-9.289529342522174,-8.36685835281569,-7.957793209694389,-5.308707797640818,-8.106309227444308,-6.6380808750014415,-3.0613354838657063,-3.877768593516501,-3.9406830562058457,-3.9278340279638204,-7.823900220873261,-2.4285811340787533,0.903870856736331
-14.463068832376864,-13.94692136693852,-13.260699142384835,-11.600804862674053,-10.448080780408477,-9.614211884157813,-10.251049019594864,-8.701906950038417,-7.945438504736278,-7.123843658274978,-6.274685350276653,-6.013081546773828,-5.274709531991712,-4.848891618832667,-5.0957016336792424,-6.256568318340469,-5.944204745985943,-6.736074795068963,-10.085718400008751,-8.458844480801853,-7.772912926401036,-9.379411026185558,-8.122084738619185,-7.783993355077418,-5.316380192471826,-7.302113743303764,-5.707572165812159,-3.5822410434965035,-4.8491714686373495,-4.904653909215904,-4.571628706188789,-7.009220927389039,-4.437073354833684,1.1271882442690246
-12.172559411229255,-13.139273401609588,-11.262700669831798,-11.133928578047202,-9.90076159754325,-10.350715788545196,-9.913626869452411,-8.017251069602807,-7.27985810679062,-6.8911170024567445,-6.337168767277563,-6.005160683778798,-5.316720517881508,-5.575527321778267,-4.493189881092638,-5.662295504872075,-5.906301726152935,-6.500344516530993,-5.758134690320037,-7.392341138692851,-4.416936071125279,-6.122221024464521,-9.323473741232405,-8.970491667981745,-7.4864436524337545,-9.047296977763677,-6.4370404432841966,-4.57273460968585,-4.407581646753336,-3.8018729128873465,-4.830783906589637,-6.0715851267377685,-4.204364884231402,1.4981667956254285
-12.103474278387438,-11.63388385783856,-11.778803150356437,-11.104008660708283,-9.988204085440762,-9.813860103048562,-8.697178953867082,-8.205144211464239,-7.149125536821166,-6.397644959569588,-6.2145389269357985,-5.917663344807308,-5.896030489505649,-4.86052876759586,-3.871654714847179,-4.357834905078246,-5.382102528090742,-6.114013304778757,-5.694177836306017,-8.175907981073728,-6.614560768654608,-7.6927859820767805,-10.57242447891492,-8.469081495733658,-9.770457588649883,-10.631178927456663,-6.4737854496526985,-6.651154289914169,-5.10356355655908,-3.836591987410317,-3.9785247190027913,-5.621738846400055,-1.544774872332498,-0.19470087979898126
-10.156687381574377,-10.449529082743297,-9.654220694631222,-10.536262425602224,-8.687919174909664,-8.574032308270777,-8.339123302233018,-8.081454472094567,-6.488758914488581,-6.378734258062363,-5.890976738258802,-5.673795581225883,-5.956036465224251,-4.976931398070543,-4.64018382547055,-4.133562605603081,-4.092502305613324,-5.334032923427558,-3.6709393158327126,-6.5062820367448095,-4.313574358415136,-5.090169681794454,-6.466492767483752,-9.59555423456021,-10.058310061372666,-11.390475543116441,-6.565687011543574,-3.598881576930954,-4.902023277252783,-3.4629182697416487,-4.429722349576985,-1.6247120750270843,-1.2827403965926794,0.0328655521085334
-10.51047625933509,-10.55513122354029,-9.572243095276587,-9.716435598466964,-8.28495904272261,-7.815872770075291,-7.580252571592917,-6.971329750973872,-7.37785713626083,-6.467095834773112,-6.271280292078659,-5.589999329410295,-4.4004326127569895,-5.191449157308857,-4.2303616336036045,-4.820147999767361,-4.454080288459054,-4.574685483813859,-4.269210839690691,-5.714843884188254,-6.287697126258683,-3.3757912753060193,-4.381382823083803,-5.331304199274972,-8.958513445623462,-10.43381975176863,-6.461489496669185,-5.660438355505854,-6.302794594059138,-3.7454906948278026,-1.9059851117304105,-2.277807765839548,1.1489015297657308,0.4632076347630714
-10.498704686061311,-9.765431284288608,-9.671172827166929,-8.875372449687678,-7.947689805691491,-7.869744062801996,-6.4458962705023355,-6.620064152560991,-6.331695465648404,-6.178081711884786,-5.208394024832203,-5.443617332662551,-5.018245712623382,-5.9410894935814405,-5.4983038046446255,-5.119704268860904,-5.638237309259092,-5.081609203141519,-4.532418861819519,-4.425693688800323,-7.5345175718482045,-4.951479737748107,-2.5555797584497943,-5.308710662090638,-7.781230357516552,-5.273233712109064,-8.545786174998087,-4.121447977737375,-4.519821358310247,-4.077480241616567,-1.4953299178247317,-0.987635652843565,-0.8616470653454567,0.9925043203019838
-9.39864745626902,-9.05822346653542,-8.800289222336467,-8.161623822540017,-8.271990380150134,-6.333650283785471,-6.183899155368568,-5.100663395270678,-3.926561747479842,-2.4024078698887674,-4.74201192712203,-4.5628297987943425,-5.515844689754285,-5.229336742279147,-5.141167531011667,-5.896303533859385,-5.183723344931597,-5.027923438054206,-5.4062636548313865,-4.5176086099275174,-3.737073892047411,-5.401065672942244,-6.981742557609528,-4.0873051045047415,-6.6657814605047045,-5.8128436557718315,-5.281149306587868,-3.4780041669483683,-4.174138901883141,-4.116935871265614,-3.2128192562112954,-1.2266634121545719,-1.841339224712271,0.2804978147036188
-8.9585922777432,-8.671427978945585,-8.842483535483332,-8.287549580963054,-7.83416903027148,-5.529426051413384,-4.789589795999174,-3.7501030158244752,-3.8257713496724626,-4.637362914708434,-4.815587033393259,-4.702047073681621,-4.718536948750352,-4.400411412596322,-5.3960757687215075,-5.607428654507106,-5.545980206823119,-5.47290574772987,-5.281565387604658,-4.575711644874584,-2.908711839407037,-4.0299571043701805,-6.141805791265928,-6.544033331528835,-6.81908188104551,-4.952005341908939,-2.535152242265684,-3.617578075559381,-4.837953506191437,-4.747258042621538,-2.326321882088927,-0.7742609715734688,-2.571808392596906,-2.180698411897716
