script/wind150m.json
[{"header": {"parameterCategory": 2, "parameterNumber": 2, "lo1": 6.000198445256149, "la1": 58.999992894266676, "dx": 0.5, "dy": 0.25, "nx": 22, "ny": 24, "refTime": "2024-04-11T22:00:00.000Z"}, "data": [6.9172501654948, 7.933303114044747, 10.953587602929021, 6.760783839183026, 7.901093633760303, 8.53930719225701, 7.775967069123084, 13.713556872272108, 8.473904363185174, 9.586906736755346, 12.444712073695067, 16.329187710740875, 9.130524835058305, 11.130687801850781, 14.001011855200147, 9.402086705832998, 13.461136973121368, 5.671905740178276, 10.588934267534464, 15.357933383950384, 13.36236374784715, 19.91216456940996, 6.49966254360532, 8.992050373720149, 6.855310735233777, 15.843875884864653, 6.261167841306439, 6.330512892894572, 10.775126465903135, 9.253567122068866, 6.916338714085396, 8.181980664732674, 11.708880682904558, 7.161704825239435, 10.396232029270312, 11.06436515419969, 20.368640967028092, 5.893842735382378, 10.707500145933057, 10.751338328665328, 8.005327506863585, 14.986694107371937, 7.012092866254592, 9.351585539240508, 11.675976873211452, 8.531026118358671, 6.337757626312679, 9.745240468160452, 6.3754416256586275, 7.036811426214882, 12.18775260997901, 12.188972856358854, 12.873498337464572, 11.130019675417381, 5.633398991263943, 6.4819428515509445, 10.104551918738657, 9.066903080646206, 6.154365029627428, 11.345848444129452, 8.586702281279582, 6.322023686581272, 6.334866687171839, 9.35331378726706, 16.495046619298925, 8.981255917035309, 8.619660628391042, 8.763919187841982, 11.30245228505217, 8.909802266958067, 5.092980980371983, 6.589775348621449, 7.83560184805658, 14.226541509209941, 9.165121282628112, 7.185523549456869, 8.07659235949706, 8.505529691169441, 6.514225160036844, 11.466447846536541, 4.3225037903253565, 13.183438327134471, 7.262908205869585, 5.036392916201471, 7.100034141420972, 8.512795165709276, 17.623088888312274, 13.016164213158133, 9.444746049896365, 7.566557682047514, 14.600227218265799, 6.32444694086462, 8.899051403820653, 9.449796333690994, 16.68940427327667, 9.145753023506526, 18.368965093759776, 6.884445677757823, 13.258953113280333, 19.03961295220829, 6.204345325300547, 6.4629019529551135, 10.739280827775199, 6.388806614764659, 8.24316018179048, 9.491771224759772, 11.960989016707858, 8.76586506988401, 5.027666825358189, 9.639096115752858, 9.022307952099597, 12.504316312033657, 7.8746552134779835, 7.2120102194581746, 10.52083497784441, 9.386051101459998, 15.728932126977375, 9.679141175907379, 10.224962935563887, 7.624382408837568, 5.632482863030736, 13.2978959066908, 7.10444500018543, 20.83436442335825, 11.269374053994724, 17.174355006280344, 19.5346882343856, 8.434716925806278, 7.062140660941468, 9.521608786580002, 8.505312304404544, 19.578420036497768, 9.034348909879267, 8.820795186932639, 6.0825742309725195, 5.776227747093964, 7.690302466266972, 10.4144258916177, 9.203366760794083, 7.287493116123324, 8.891930992174473, 8.413305534423767, 6.582795153047647, 11.35688333093434, 5.995899720638803, 11.568025963870554, 9.199705367520428, 9.58074523860384, 11.214996265084288, 10.394407879158468, 8.855347423241936, 6.103682958249165, 7.06458477314747, 7.32982413462493, 15.77544956288189, 15.171069596240729, 10.275919774805805, 11.980864989288508, 8.280231040379373, 19.109366020459184, 6.123713769962614, 15.1956755653265, 7.963107754647971, 8.65247915886511, 8.05162068310879, 9.703345034686889, 5.761180980821886, 19.25434622075757, 6.491827603745109, 8.281229388672825, 10.34012647059409, 8.807688095901344, 8.076785308367596, 6.000230572955227, 6.336506287433614, 9.841211877612809, 6.928800495906195, 8.671475633078671, 16.09264822470484, 8.270538668519105, 16.78527472981859, 9.595339135322588, 7.479394690263331, 12.12553090589856, 9.735550721023456, 5.254213974089331, 7.042239974835721, 13.436286131045058, 10.803052719555634, 5.877529921577657, 11.188065997711071, 7.264212662301426, 7.4441285767536, 14.393062413197912, 6.923054353128504, 7.635292232998825, 6.0582584688261685, 11.390006198385393, 9.64667388959887, 6.621555132511273, 9.301514150295054, 7.998052199558682, 7.9051687890658515, 11.901968807052212, 14.054225550638705, 16.295543474333467, 16.24863832155628, 16.362230086285376, 13.853289887087351, 11.358036704020094, 11.605309181178452, 6.731478577063129, 6.63342858119014, 8.116795265417306, 8.692739710999753, 15.376155012281554, 19.82358521914411, 16.512301856860194, 8.64591817971677, 8.088653828218455, 7.446394351710965, 17.443627927675692, 8.064438172991295, 4.061252149044386, 14.03933254436142, 11.160476627035743, 6.842647600908062, 13.184154392329381, 10.825064076158624, 7.773532837296686, 14.523817836849066, 7.3967381730389095, 15.526323149083039, 5.909456780303187, 6.5694737180476706, 13.42582449633973, 7.304838473245147, 17.33399188805487, 6.617489813874992, 8.329454048542695, 17.910089683668545, 11.393386110752727, 7.2791664386030375, 11.234465132946847, 8.271896829876043, 9.532311996914913, 7.025976612140736, 5.681948307463531, 6.430088183963292, 19.79682119813948, 9.68100137328651, 10.508242737538993, 10.251504128878716, 12.620839690173328, 9.129311340492118, 6.322630789899395, 13.32308256758473, 13.182525919623846, 4.560483012358438, 21.169948700197327, 10.30824522444414, 9.364929996024637, 10.843325022678854, 6.341736541926087, 17.248383491415026, 6.936141843923593, 5.475448944750402, 9.345423886041836, 11.454151065298015, 15.598616533845147, 12.079054826387766, 8.189751462886775, 16.020347060538157, 10.739698377701218, 19.773241744269157, 12.15319759911568, 9.723435642862585, 6.886208585980607, 5.930831691089984, 11.156873591437085, 17.604979855107043, 6.369258551151037, 8.361384071389429, 8.162994142479707, 7.168460974378297, 10.104619603904723, 5.853914267149104, 8.84221626252636, 6.4835060248431144, 10.187374376676338, 10.420894730912867, 6.469017320650943, 5.4471475644043394, 5.988209578427571, 8.898338802069215, 6.581414708744995, 12.221899022987065, 9.69215628751147, 7.149873562578365, 4.579536254396717, 11.199381318133685, 6.348626062477782, 14.046635362867624, 14.00584924635576, 11.312359734916242, 17.029505985255994, 4.897507540257121, 19.84184780522268, 14.941951565885388, 12.567303544357042, 4.905043251557999, 19.356600023560826, 12.032677953844143, 5.329350059043581, 12.102056807331985, 5.230775019892187, 7.4137043504162525, 19.639180170294388, 9.686835327821449, 3.5271684409608888, 8.206561179794813, 7.93968901202002, 9.226862643917356, 11.733867756737785, 10.096932679271017, 7.189547001236468, 13.076535129621082, 6.9027215650697205, 5.792564333102223, 15.137576092823783, 12.454997533438698, 5.8043755478676875, 5.894464983552168, 8.487780904283431, 11.20417960844271, 16.298347842786516, 12.953607528200779, 12.855471228618114, 10.587808905398166, 6.863777095613466, 5.926008885357016, 13.06780533214598, 14.68963435958285, 10.201992257906143, 5.375501114816782, 6.879928992598984, 7.762669833315011, 7.827539315315987, 11.699647954919806, 12.535880673487187, 10.095837552185246, 9.31402413649791, 5.643729567472909, 11.391669278034321, 6.293998261795723, 8.774675579145102, 12.596976774100659, 5.60590637701565, 7.454249985861095, 9.115846028704889, 7.569683820532592, 18.1383338732984, 12.572533989637497, 10.503970401691967, 7.895045771159653, 8.458963730683974, 8.013068922046768, 11.307777103234445, 8.411715561431057, 12.523219165319727, 6.661011276175812, 6.550764288638415, 12.89276422847987, 6.0066253892788835, 5.676120874034395, 17.318705494833218, 8.875429412108522, 6.490719224825556, 9.918319109257961, 15.404851573972767, 10.023035506224787, 8.855461608510577, 18.120023821524324, 7.113737027690616, 8.7850623699848, 9.863283527296181, 9.322135804742258, 11.968877643268174, 6.979515084416801, 9.603299248361667, 15.978227870858847, 18.2191475599016, 20.174699168715964, 6.761357566468589, 10.913342458676654, 7.987831529402185, 9.042364267310258, 6.424955113334315, 7.441591933340565, 12.554289194312256, 6.9498720341283216, 7.172696106191254, 8.340989564998388, 9.18029729503546, 10.377601267424158, 12.638929407587408, 6.709984819693519, 7.071735057832085, 13.275029705098765, 5.971443431408147, 7.962808917610164, 14.299284348016728, 7.074973969736397, 9.255920264536943, 19.96149661923587, 7.889603568795524, 6.999723242368788, 10.964496776308176, 6.868702757864124, 8.172225584463254, 13.178024005164461, 6.358290488920447, 7.501707696900171, 11.216378678330331, 7.780292956541351, 6.652704566446483, 19.222837070766357, 15.957987727256212, 12.110220146455378, 8.296087526472952, 12.293782378250771, 9.603230413779626, 11.846237907858642, 9.719856143004591, 15.960828742233872, 16.861391080190188, 7.0910911297809065, 6.628764422774895, 7.338052201085127, 8.315279094080292, 11.309895352109317, 12.439089484927115, 6.0969774792821285, 7.825097141223481, 12.488961236794225, 14.806177509838125, 10.487806455670396, 8.589824456549108, 5.121593177927856, 11.847478736558033, 10.239057752246017, 13.278518154815801, 7.742367553526229, 13.272185165945896, 7.873659936089429, 7.914302973507411, 12.822394978804706, 17.414904985886427, 10.464777969890415, 12.203879525251262, 7.733404518345066, 10.467655177132357, 7.1621284561171725, 16.64987053060992, 8.739251874630092, 11.567898458426153, 19.082834231306904, 9.656197994904327, 7.143135015828573, 14.295933060952732, 12.243967343183174, 1.134781294300103, 6.866900022317789, 8.143627581886742, 12.284025324098657, 14.139476443410578, 15.812194111829154, 11.138835489067166, 8.480681382729022, 9.950530156022936, 5.790445952466855, 8.451618556035239, 8.741506820351631, 7.204488090433511, 12.148923739232723, 10.15671876922968, 15.150904622412382, 18.86699204709229, 12.716935911359931, 16.04572543555728, 12.489403994427972, 13.5639471162826, 17.219873755566, 15.265792612826573, 10.32508831865439, 8.177505286623019, 7.478951193102451, 11.828997992356502, 7.171671734193896, 6.123043364447369, 6.4259346227497325, 10.577096782085, 11.915482377270044, 9.08391895949779, 10.149948223278711, 9.717358112359108, 6.2584947300376115, 7.371862734306069, 12.46910433642928, 9.53649803552429, 9.042999501528392, 12.617189867527472, 6.954797181251043, 12.608140388231599, 9.282970639616535, 15.435301047532125, 13.327527801746303, 11.544858878178063, 14.039951074452746, 14.6473595112572, 16.18848532707933, 11.667238747736171, 10.996935646226401, 16.65732894123039, 6.440163081892301, 6.647867080946484, 11.039836276369112, 10.26772955563358]}, {"header": {"parameterCategory": 2, "parameterNumber": 3, "lo1": 6.000198445256149, "la1": 58.999992894266676, "dx": 0.5, "dy": 0.25, "nx": 22, "ny": 24, "refTime": "2024-04-11T22:00:00.000Z"}, "data": [3.1615581820989505, -0.007450022435997053, 6.370080665318309, 2.716523468656297, 3.6395901746595105, 3.8967251057236845, 3.8102375927050076, 5.0557604278316415, 2.981652266316339, 4.741268001425857, 1.9495929124492575, 4.063649244455015, -2.718267600181464, 1.1219416880380406, 0.4498257298626145, 4.651328097162464, 3.776253750644481, 1.073250860307586, 1.6033894676847962, 4.574571752967084, 4.059801269619162, -0.16506688520578494, 0.08799815782633502, 2.656191681554026, 7.362765718174816, 4.459129882646031, 7.313838219532343, 2.9401947747485857, 3.449357579352666, 5.397574433012463, 3.337694964277837, 2.663299373565589, 6.632563764672446, 7.6334791548955385, 6.695838620332157, 6.5671620713730094, 1.534643135471044, 6.908647008803328, 5.594977004783378, 3.81043598266994, 3.7730099674460416, -1.844655661417217, 2.7406691609783107, 0.9830536314118188, 5.325363111407468, 4.884757937664575, 1.154475448031809, 1.3815188348688288, 3.9810511993745212, 2.1863038912051485, 0.5249019826216056, 1.6081561519030168, 3.451579352838998, 3.7535641580244734, 3.601676084101214, 7.377832883556423, 3.4241983655573023, 1.7065313848590178, 5.0263691140753455, 3.3263582909637397, 4.764183619232858, 3.3681452338261746, -3.9615922456286548, -4.431336458814996, 3.353818938715933, 4.198945922535603, 2.890627678517605, 4.932723181375661, 2.5263206664854123, 3.147728504279154, 3.697523487896828, 3.9709359437002925, 3.840284024858363, 4.100542184637421, 1.7110299495361447, 2.0894588172754385, 2.45215573661057, 1.9261117571591353, 1.109735475378481, 5.350099600342836, 3.9065238464501446, 4.122951348553396, 3.4175403066240237, 3.9156701337147686, 3.5088507502390613, 2.5526552382522403, 3.0331567478471437, 5.569719682903614, 0.21548768279458325, 1.9144105910067115, 1.309905081339146, 5.247123676592461, 1.6098866944335304, 2.851476183018619, 3.7477325369834213, 3.8311233512626117, 2.2059552659414687, 3.854687758770019, 4.546559385229317, 3.345779489532709, 5.1953016402268375, 1.515135364294496, 2.82519892176538, 1.462363979218844, 3.151514179031572, 3.5157715536175895, 3.995363639143499, 1.0899559168121902, 6.563070170212116, 5.053206895692439, -0.08800809271488112, 5.192313122416214, 1.8182645746444055, 3.4840439041964046, 4.25162256965234, 6.490982645423537, 3.3227164788563304, 3.087855767077252, 3.4595512663303873, 3.521143558387283, 4.305911287868493, 3.500822938781116, 4.522601572659213, 2.471052977910345, 3.642938597629937, 1.9267796521885407, 2.25123675567748, 0.21193315363745882, 2.6226712984697884, 0.6393339331703927, 3.708675427583888, 2.2462523903615015, 5.143256625211299, 4.205434593584624, 4.6588141510614385, 3.1407924446106197, 3.0109038245691795, 3.3616112843585566, 6.987861073227437, 7.471196369902429, 4.507724388710812, -3.0163236262852426, 3.193538990634553, 2.7286664511764473, 4.198741391847095, 2.7060440151311753, 4.627264520611468, 4.7448131660984965, 5.5980936198424835, 3.960266425515311, 2.1904913547270595, 4.149833852876385, 1.4765347079675373, 3.7828375560322347, 2.8962510317374237, 5.056424431850813, 4.621450313046681, 3.9681189083428077, 2.3741059099471626, 3.2402984072472396, 2.480160852991147, 5.331341068458503, 4.465955760887005, 4.041425112767937, 4.279460389790909, 2.889944649866114, 2.878088001916977, 3.0393920919848525, 2.7961908913849527, 3.8580848261204435, 5.672878048685443, 4.677685564059407, 1.9709258733587958, 5.016041835492179, 4.715931462810768, 0.40270499198992765, 3.1989046879483567, 4.168785195824296, 3.4585440549513655, 2.738082680129833, 3.557977978594581, 8.512126777279079, 0.13821366376325192, 5.331513103681971, 7.7632473565248175, 5.619521566676757, 3.4826773069649817, -0.081162913341711, 2.076362896698408, 4.163273667524155, 4.720520119101746, 1.2702828652620248, 4.523710082692397, 1.9463057706251925, 5.136595090269794, 4.2566091569347835, 3.7748112796096502, 4.31999087002534, 1.4794099505634979, 3.1740270055698487, -1.634804726569874, 3.3205877010976903, 3.2713098940543675, 3.474092636642922, 3.6064775907940323, 4.1573033096385545, 1.6839295821697347, 3.6114451326599744, 3.1729007143869303, 4.601013193179841, 2.010611379457627, 4.828895450138983, 4.511587160192919, 1.7535892637514094, 4.521319802569112, -1.4394975278369424, 1.9934469485495825, 3.4164984385880257, 2.7409312787320843, 7.4111323595128455, -0.27679166835197166, 2.213588151138637, 4.654160287874431, 2.495655215142357, 0.24782972532750425, 3.94214638323151, 2.2276182408874994, 5.3063577132624005, 5.838205225415513, 2.0861755251682172, -0.37855972965453233, 3.256857064587967, 6.1131251634648525, 8.397628499259083, 2.82387702506026, 3.8780275403226456, 2.929767913546149, 2.7363655460579492, 3.6051409118309024, 3.2563154722174263, 1.461763876011181, 3.878503867601879, 4.65369404566308, 4.965357382641918, 4.892514878773484, 1.2390611766302504, 1.9007867389556736, 3.7457451065186818, 3.541004247356655, 1.4244874759538084, 2.1757707155285284, 6.285012370332595, -2.8160236199342576, 0.9365227324088944, 2.4115695680211084, 2.5307912867298556, 7.093403393823291, 1.8408436022747325, 4.03341689621799, 2.798799636366847, 5.029596049849024, 4.301079421905011, 5.724634867016209, 4.809544642011885, 2.8006307924789797, 1.5736050621716937, 8.334211945249882, 5.02544705122682, 3.032767584160813, 4.109915008916756, -1.8330473965117378, 4.0734233479572515, 2.9291320471958078, -0.9046369012800052, 3.7821329626121725, 6.817346155888064, 2.5040493926892133, 4.165396074309196, 3.53961171598471, 5.725387356111287, 1.9687227777284386, 1.1781912563540264, 3.272656740082327, 4.724903590677287, 2.2260468170535153, 3.1151584229917275, 3.6811388978679833, 4.7332474983598924, -0.4130891289037148, 5.174580897580766, 3.3032586751794115, 5.48325576209211, 6.6303004036927415, 4.066551842272555, 0.2830051620230768, 6.75920201106374, 2.6257819847533925, 2.024781364049186, 4.216237436903158, 4.156105705822186, 5.113287689541385, 2.2710578646373287, -4.056136242473983, 3.645619431300811, 5.462879549575506, 3.654202218881058, 6.5101521666231665, 2.3490963208874795, 2.815812850011244, -0.10010578257477207, 6.644545463558813, 1.0809142290935216, 5.3973902365122255, 7.762545778257619, 4.302507444921076, 3.439350649665172, 2.4495208176079935, 0.2947998631242959, 4.988445399824051, 4.224888361927837, 3.5094172114344806, 4.819795055627343, 0.801421008375279, 2.7583955305006307, 2.206950086171845, 2.2959760287492093, 2.477348829966267, -3.172685902356604, 5.049806920866096, 2.6937603782753805, 3.784012346436544, 5.4246002154585335, 3.4982678760998622, 4.220186004675934, 3.314765119249004, 2.1891437510072276, 0.044303469330876276, -1.976857891329763, 2.187164630679615, 3.399781801416548, 5.07760422417701, 4.998231641334206, 6.103914317098602, -1.4474034177815494, 3.3166005053665217, 0.9565718336606712, 3.5006440100778677, 4.562641698421827, 3.2388512753528973, 2.5821690267812336, 2.018695561649521, 2.3891860919200885, 6.160836509756374, 2.9137861783632233, 3.258741555612134, -2.982413528155327, 1.1712552483134204, 4.380758932946034, 4.238225586428671, -0.2664995004108106, 3.4386159055322962, 0.11541029176360865, -0.23073381244153499, 6.598626379763751, 2.305550913379461, -1.102016796517373, 2.665727371052978, 1.167473830234073, -1.6004715962439782, 4.6389616885907285, 5.5952051556007625, 6.014796169903073, 1.8992803559214961, 4.89730536970494, 5.168925073212856, 3.0752400786487057, 4.525959570735257, 1.796575779181224, 5.161553169717679, 1.5905708954076638, 4.275206036821127, 5.106142370181931, 2.542086189165217, 1.9612661707858468, 4.442815921605089, 0.889329889520876, 4.518713502966982, 0.47637534353159644, 3.193077960693409, 1.9834912613599502, 0.9922642476959912, 3.917579344855578, 2.125100131971142, 6.019539470393091, 7.098816671549232, 6.793620632409794, 1.3624462811512306, 5.177718661042048, -0.42404787575306035, 4.203137698763596, 4.625051711773909, 4.527185242605583, 3.5566366094295527, 3.1673573412138287, 4.986803931793434, 3.575892191415549, 4.207792506485231, 3.8379061064675675, 3.8290256502567965, 4.281917606265128, 4.644059955466722, 3.886316893267428, 3.5348575746423907, 4.873742506081633, 1.82758746833126, 3.1885581960725573, 5.735555654787041, 4.604814066712225, 6.358964846061296, 3.5446653622400746, 5.268868189730939, 5.091591217284735, 4.525320674301162, 4.2495902671195465, 4.185040726867011, 1.4081366102928168, 1.8329200264894656, 4.003438772184095, 3.7128043176155265, 3.2964502803536604, 1.6812102898751664, 3.9925797036667707, 0.33696745455852944, 3.436817691468737, 2.9828659790054335, -1.2487102133944743, 2.201266388661788, 3.7211949732410656, 2.8117294549486327, 2.6386141578605873, 6.286885008424827, 6.888632929341138, 7.748782732444654, 1.8319356015065924, 0.9408325789449878, 5.199724067539154, 5.937418703705788, 4.496103584024162, 5.556502538636945, -1.1060240497644727, 2.1683005240007476, 1.2967942706748619, 4.0020679292542845, 3.286018877584972, 4.537463076171124, 7.310671759342731, 5.4517805155314765, 0.20095558886103274, 5.520896571521004, 3.669900858656715, 1.8451318458481178, 5.5481071649199505, 3.319095353631834, 1.5607991305593585, 4.5669935283283, 0.8933387872039793, 0.8080106695885203, 1.3438497735147876, 3.541401624214787, 2.1578359595264605, 3.5881605899455256, -0.6191483781550718, 3.9147405112798648, 3.311152233986546, 0.8051876496195748, 2.9243547141503226, 4.96795504956404, 7.065428439820218, 4.190833919237805, -0.17020595324435847, 6.165803691169888, 3.0088051791275197, 6.0171573367420335, 2.2431065670502828, 4.434483857300126, 3.0499267697053747, 8.426174745794928, 2.1533553410678565, 4.314772493568727, 4.282917761911363, 0.19173720338274067, 0.9086125269114653, -0.14251748730530803, 3.8257923455736744, 0.8281677768237247, 3.3261672247955896, 0.7784946575223731, 0.04908954827335097, 1.3871872459771821, 2.958278674773774, 6.035274667837109, 4.430509670570719, -1.9159697798787332, 3.0666027059560736, 3.640359453721266, -0.651807265007486, 2.6265618587743362, 4.109304193207623, 2.2925781707450015, 0.4268121806867778, 3.5635087919212016, 5.11650794305447, 3.558503224230621, -1.7250026956291258, 1.8091208557600058, 2.0973029645272767, 3.5638615142353243, 1.8120231914969163, 3.2593928260106, 8.767290469631346, 3.698389972216036, 3.1989624699511334, 3.51259444539159, 5.112233631618058, 4.957312398194029, 2.006154625288459, 6.65453934096217, 4.035649637992869]}]