script/wind10m.json
{"header": {"parameterCategory": 2, "parameterNumber": 3, "lo1": 3.000054539987559, "la1": 64.9999836372058, "dx": 0.5, "dy": 0.25, "nx": 34, "ny": 52, "refTime": "2025-12-17T06:00:00.000Z"}, "data":
[rows 0 to 24 of 52, columns 0 to 33 of 34]
12.140907213246187,11.299490070982493,10.627116551059236,9.942107428556275,9.733681768379173,9.5023413695001,8.633350538535126,6.8465490854564575,7.089505239723988,7.532996182112999,6.693759487283571,5.879055024701119,6.089937497876652,5.27962972540367,11.05422162938772,10.38338914565793,5.807267391280159,6.558678418300947,1.9659197100682404,5.246719777475677,-0.2307332498188702,1.8640637413225305,0.04151031100216185,1.1440199114144705,0.37863970400241437,-0.5005489655434806,-0.11857478806115287,1.5842875851833484,1.441780735241159,-0.1994498371355208,0.016950444696856554,-0.33152704016098916,-0.21986784588102823,-0.279571459668852
13.188578936622367,12.348234958532249,11.850367548145258,11.235391615630963,10.843950833469162,10.123867360365143,7.474342725134173,8.386045909645608,7.8345138395776655,7.577988177226994,7.171160969667398,6.650367145540713,6.809907064545322,6.048236010239466,6.327811402098418,9.210426642261195,9.309819862829016,3.9155041111713507,3.450900218274639,3.3595919965513907,1.239149186354397,1.7757609055864059,-1.0090438013934138,-0.7065330683206487,-0.0858891984968129,0.0001336592168357693,-0.11471503292083937,0.1079083976152258,0.47421581514634403,0.6328445350798672,-0.4540519864149334,0.778363941397429,-0.38661477354066226,0.558911958401618
13.604600228226474,13.2109941889592,12.22439480052246,11.700892862609654,11.399817122536309,10.300714526685487,9.590203907739832,8.742784109956776,8.581626833193758,7.300384609698149,6.861448695388006,6.653952791075935,5.993586336272283,7.6280343248991604,5.749322258954335,4.718450725816212,3.6204398119116905,2.620732413865308,-0.7834437157912809,0.4874438589673934,-2.108693340130606,1.0113467332426667,-0.5453493187720146,2.056476204042791,0.3077187508277871,0.035442633447032086,-0.05351039505914528,0.9333458111890944,0.4981582709533674,-0.45618093991467856,1.2386502401217325,1.6964383056281174,0.10874449814165059,0.10149146735408213
13.646717902296613,13.396466909492242,12.836782751653246,11.860185341864192,11.253201984945104,10.826286384147032,9.96479468142356,9.392626323870902,8.755616742926852,11.066436560852196,11.506462590840245,8.226288883385246,7.561371624714094,3.236677425752187,7.8364276238684045,5.260550572833348,-1.0403187749371499,2.9814475687306214,3.2982569549564453,0.6134622250585079,5.239830754553907,1.002094288454926,0.2183461190004536,-0.12067834142987578,-0.048459701876764134,-0.3420576187151307,0.23999413225153446,-0.08525614420234508,-0.4148101233249474,-0.11364702129899916,0.31160120869821767,0.21326053119951896,-0.29409386408813765,-1.337068751141731
14.156002968681936,13.697710663794476,13.576423379127926,12.412965094912906,11.416519678624995,10.89618369015832,10.305969299057738,9.114654039873978,9.521101444203605,4.099786584642626,6.782172509982861,6.689045932292249,7.059257754500036,7.071272298130413,3.7779555156385443,4.13516323873472,2.9573387491919374,0.0270987111011193,-0.11395820317254118,2.2935883013918272,3.8157397986392225,0.5607497297505396,0.45430958976001695,-0.3276844069622664,-0.4589503498409149,-0.38464264082461347,-0.558575053726089,-0.6420953741012143,-0.5173249912170078,-0.04752900195493316,-0.3808695566150429,-1.6725681795758156,0.14243018315937303,-0.013852541149697448
12.106957022558191,15.080865319875372,13.86983881055342,12.694933456478706,11.850276648543897,10.835464126500398,9.335659568448325,10.545602911069759,10.467005833360865,9.307206228918036,7.9110684262597974,6.574386371225626,6.711819867060905,6.168708676174017,-2.029420794456918,1.4977067394169898,-0.5722325070891848,0.9570813181650064,-0.9621341919531328,-1.3059991584183677,-0.5574615034929681,-0.7944701086804827,-0.547611886032111,-0.501186127426623,-0.3275102537903443,-0.7912651498699811,-0.5076344389076443,-0.7294193169104541,-0.41592057573978314,-0.8937104814910343,-0.4102072188535831,-0.24519673130418032,0.012257470822587081,-0.29827192800848623
13.399397090920624,13.454578916202584,13.22154871063696,12.725190061760483,11.726386425722165,10.990065975746361,12.034606684512086,11.517994932128174,10.613840564168143,9.508735541559753,5.300575013092528,4.021972224520519,4.30789302172173,1.3595994468419828,-1.0901840516764187,1.695927158107946,-0.16759265746586235,0.47993474881778614,-2.277898663089276,1.2575834427718349,0.08525450021653001,0.13007350377379973,-0.9667804595429957,-0.8153743535103898,-0.9360927436111333,-0.9000326757788697,-0.7423726727120301,-0.37174387959949545,-0.6883129915404853,-0.4055308133711628,-0.028027752814389587,-0.5808852562877598,-0.5651394229678716,1.0514842248191167
10.378709382487946,12.667909236666244,12.980297130909987,12.332193934579003,11.575194434109848,11.021275728298919,13.250153722708065,12.279429593889907,9.0951000792376,7.320389338257663,6.576343226396317,1.3163382966268693,1.5564803453118337,-1.3161041484027376,0.2476231043809011,1.04370880159408,-0.7600757426973186,-1.0702272761295424,-1.0609372934633725,-0.2277151421013455,-1.1458310346686469,-0.31790976597327325,-0.4540282221316062,-1.0524743368476832,-0.5587902960591182,-1.0547313724637915,-1.1088715315202162,-0.7140593193743721,-0.35348494500157884,-0.20289744013364666,0.061283081628213734,-0.6274776492605363,-1.216325446462297,1.797792686331891
11.045057792745125,12.738065783703886,12.599977444760972,12.263880588065962,11.952370667276993,11.344836665830028,11.287703237065454,9.217684789508997,6.878356001498938,2.6540933471596766,2.9416916618856486,-0.6832083704904551,2.497777947701263,0.19356402438451623,1.8025942659850132,-1.0026891729883698,0.5289836051506512,-0.5081611727768393,-0.09778008771562917,-0.6264730055540739,-0.7480554554238884,-2.6042926093545535,-1.2736087950953328,-1.0057294905259917,-0.5811421655773995,-1.2032480599982127,-0.5144277129128728,0.365410573742204,-1.4055811330328212,-0.506629506187991,-0.814040715841423,-0.8070549246090449,0.5004025107942298,2.0348521994497384
12.457039838221222,12.47484345719483,12.830780520586679,11.99320566417827,11.613103699363055,11.790499464340416,11.820412411154773,8.340171188577472,2.571613672971228,-1.3245349541070912,-2.0311884348566394,-0.2598715927192497,2.267114825830615,2.076618459665795,1.6263977496709148,0.6428730062340093,0.006734125483009557,-0.0590441029683778,-1.0345485736874418,-1.4624445338610126,-1.0184107891882892,-0.08037971047946182,-0.11719497797681205,-0.9851200356516724,-0.15443527276264452,-0.7807891999846994,0.7176080571667237,-0.6629063496159577,0.17491429188258997,-0.9462080225531431,-0.8283013820519106,2.051265299647067,4.42360657995914,5.256363790337194
12.292343041469636,12.684468771467339,12.453600044369306,12.33043026125586,11.719177901698485,11.876050667752901,5.28880724480191,-1.8395616545893207,5.489267560110796,2.4921299876340153,7.8056832984847535,3.83025100334194,1.2639565751357307,-1.7760291537536834,0.4501995456750411,-2.036612395616579,0.0945134013603806,0.4989874184783151,-2.49253585654819,-0.15678111082798094,-0.2038530222036234,0.0442571508640976,-2.152379750928309,-1.0033302625434484,-0.7682177469650205,-0.32961042848900896,0.5253754608457749,1.4619909828337427,-0.5502874969280238,-0.300467963370693,3.542724349446434,5.281625429216029,6.167481793978303,6.486634810706253
12.550268693865355,12.917815855365241,12.650260574989671,12.216702604269189,12.744293896706186,5.163480873959182,7.427491017410002,3.482818617074904,3.268568948889952,6.484275526505996,-1.7960260528285645,-0.19850085888787156,0.5678153077419607,-3.21844739641682,-1.1857904083317485,-0.6214096445085365,2.3628778780127453,-1.337019419802656,0.8024995814221584,-0.6018068643350801,-0.4477469818424209,-1.564905255820451,-1.2381491054684455,-0.4620302110052021,-1.053631341659186,0.3414335615447618,1.2664620592533826,1.7172153104017165,1.0972787490831828,1.9824373112270302,8.53503032551606,8.066103848013586,7.80963848774012,7.864506643100374
12.59274951429074,12.843929583635664,12.723804285153948,12.416913538711917,6.696825322354697,3.7288850426638933,3.5162071952417424,0.24637697299283676,4.067203220418295,3.211414429457858,-0.7750323274631178,0.4247730623792146,2.8427236622173306,1.9902621191780787,-1.1049635768923156,1.7302015903510088,1.4131902114031667,1.1941498756056061,0.1915118650026222,0.2573669090288395,-0.8331350631545106,-1.0661026451730906,-1.4531766243913664,-0.6979668989654078,0.5914308332947891,0.7330310855170451,0.7339096301092841,2.0732487581166685,1.436993258654048,6.356805661258967,9.314436758236436,9.023548486785602,8.936559958113037,9.092146389811885
11.835753570601849,12.021138036281867,11.982055281773539,11.969164713321527,5.5633753424304535,11.945509785878848,9.118512080468554,2.369831987324894,8.267406078840315,7.126148083127755,7.173109951006981,3.244033960339988,-1.6261584647438114,-0.4361454693434521,-2.2698024319890733,0.21549235555495447,1.167474709705233,-0.6201216980864661,-1.5566024579666264,-0.39594523504910706,-0.8372795216315311,-0.182813400553748,-0.8198057354691181,0.8369736917750209,1.3667563808503753,2.236176144859944,2.0965069979675097,2.1487699455322695,2.6709772443257482,5.59330789247197,10.44430041452249,10.429372294024772,9.3586684595797,9.849164530232295
11.880163744457201,11.87262365061933,11.768980715492074,11.37582314280627,7.056117074124602,1.3011984162755386,-0.2302148147151744,8.158819680859219,0.6169208630479524,1.3981102848946911,0.1456321406560185,-1.6423647779027208,-0.48940466726857274,2.103279573113921,-1.321871307621492,-0.890197063930389,0.48089273322096676,0.07888823169296832,0.8855052535178654,-1.2935078770081965,-1.6310809187498096,-0.4434172034831266,0.669145708458331,1.1584219005078285,1.5201056931131558,2.0092373611701033,1.735685403265979,2.425632389724005,2.240787625329727,9.742982207846325,11.084304682526554,10.90544601590409,9.988220969704853,8.908743072349383
11.109031784518425,11.245863552983646,11.040840966761092,11.02558728438759,4.684722925498939,-0.11906031692650873,2.5117403073900593,0.41037724833430833,-0.7148107051898015,-0.9561827758926082,0.2696157791042967,0.41179750853426156,-3.052220617016672,-1.764518557603436,-0.49289611511897535,1.0623889821791865,-0.28280096520537057,-0.3052672147401737,-0.8164906101718196,-0.1347852502140601,-0.9010586893527507,-2.0531121286760667,-0.31318918000951823,2.0249417096356,2.248890008719643,2.4022652503926714,2.9641567556894812,2.35553320206218,2.9398428518600093,9.486654620063087,10.803479308093335,10.3161926637697,10.252195446947834,9.75771451709142
10.878525021403238,10.904753274945826,10.683622981214953,10.700240494154235,4.204253827359403,3.349058770426295,6.69330613260724,6.3271403690124055,2.5280819609139185,3.2187869935546876,-0.3634288418525676,-2.250013240050851,1.606320685950941,-0.9894688347218911,-0.5075715442614731,0.2842070634548412,0.17189431710205064,0.5558427378564034,-0.12338942451509484,0.7243062096329184,-0.48960473701887886,1.467200636612492,1.9951216250501957,1.9581227274882003,2.5179931723513946,2.2328357339736025,3.2251693892908837,2.1262821847890283,3.1883816131424547,8.294322220082153,8.903188477067708,9.895110777723767,10.055566552792008,10.138709485992528
10.823378788752144,10.350310321678295,10.086650770870694,10.05542369321605,2.098119213794501,2.8514510932447195,4.869062888793297,3.0279093535235155,5.217444942799842,-0.3132063850075663,-1.7588306030843626,-1.7361680109769815,0.4620299633291243,1.1074129661065928,1.0421743671941257,0.9962670866252252,1.0469270011145866,0.7630512978602807,-0.8800637776407172,-0.8130299729511502,-0.5676011397478918,1.3320221807877473,1.6911211147153968,2.6315258970637294,2.188781069084765,1.9684563490685065,2.134818300189559,2.9835129197987666,3.077922616297048,7.2001091056017845,7.447592002183608,8.820417212281507,9.977959940481579,10.021612838901856
10.702893746904653,10.001452788524945,9.212300309445741,9.12650976078601,5.009159305453557,2.17475990333225,5.585462897578178,0.9531236614624425,-0.6744823399750973,-0.7823733960719438,0.5722597089202237,0.28694599786306557,1.190561565586546,0.8007250787790118,-0.40324907890289746,0.23386290375555485,-1.0828536275771632,-1.1753738892219119,-1.667539014514883,-0.7714274390623471,1.3492215327341368,2.783372849055257,1.6748998055759001,1.9199905411669675,2.293834026640473,2.290326623245876,3.260709624419019,3.444865066028233,3.4737865969443176,3.7767498120057645,4.448713692202045,6.569397140740686,9.049856251703849,9.998867098644398
10.461322172924312,9.708752491796838,8.914733996979242,8.64863310566356,4.03931059650494,1.6433193917464899,-0.3073606828315385,3.209142629082795,4.424073996605578,1.1330092972344668,1.2968024708480708,-0.23873270157587068,-2.278845195965604,-2.382164646045251,-0.8719892831907676,0.7759458043858202,0.012739450770839569,-0.31506428020578586,-1.900927011785424,0.6396625491695761,1.5272939047147098,1.8291991341233602,2.6696161345093556,2.586595678149418,2.1499925665718225,2.8865465247046926,3.312856333603432,2.9698774313155605,3.265183290681509,3.1290461609427567,3.5942770046589487,3.376794126406299,8.939292791568342,6.137041738342023
9.952621010715614,9.694130422656157,8.682312041543593,8.23704211280133,7.7879505893425405,2.4949656779605593,3.3438127808314366,2.3571650749362862,4.197626713593507,2.7750831720565117,1.364718617220957,-0.5617538340382761,-0.4714733040121899,0.8025141610551135,0.655639024596556,-0.053365786422499485,-0.27689084703379163,-0.8615074584425977,-0.6704026136499234,1.7061008551709709,1.62161836178744,2.1455889883386456,2.399237421326122,2.282067952931984,3.133712541819886,3.226312939379612,3.1131165821582965,2.8915191497249846,2.8361327239003695,4.274818356476478,3.8702977056122214,3.172252383250693,7.567849191054669,11.683033002022853
9.25953224796572,9.07392242821931,8.777424191455566,7.917010156341987,8.302464897045963,5.655833708720214,-0.19737998732127812,1.2772521759191293,1.3898342986252759,-0.45040594070598194,-0.34046531682727355,-1.802813603694151,-0.05807010478511123,0.30055218644428566,-0.9237677262174968,1.1778383334381732,-0.4536337506736712,-1.5337627413595971,0.4045692949184688,1.6757778617895345,2.0213421104306013,2.9514617459963817,3.0338200058084217,2.7565161325713086,2.67659912781611,2.5496865082904554,2.685051534862984,3.2611366238873614,3.3177754666162698,3.774168291148491,3.0334486814901167,3.7190030860695207,3.9625914124113275,10.304341498770476
8.930518778447887,8.402859900198397,8.38805065805357,8.117389567275874,7.600744920029011,2.3323313955513307,2.5730558242722457,2.348698229267575,3.315530675207454,1.5391483770544843,0.7186329972551806,-2.690773423234702,-2.014493984966488,0.6982633861488963,-0.6746221775906135,0.9672777014986095,-0.736918601834614,-1.2913860499932488,0.9768641599530512,2.85697049623213,2.465100521939093,3.1789871462707864,3.4721487012377943,2.724573586375213,2.2139126629701935,3.141952000204485,3.545282718564264,4.485915324371633,2.9914228427528653,2.950479518255469,3.6254211969378267,4.5879891042462555,8.761054006424347,10.209967937051204
8.518054329100487,7.992957490952514,7.5134124141081715,7.469805983661282,7.360280553071151,3.3109527168542425,1.8266295547070124,3.136910640206441,3.153405372207968,-1.3234498503815524,-0.2880229389957556,1.138381640104194,0.9976855558809347,0.3027438435162273,0.6890272462129845,0.22820549817407748,-0.8620160226321106,-0.400244796602397,2.25762428760481,3.0181812167205284,3.748401001707633,6.94517921408801,6.708341073912123,2.8310576794460367,3.8695722162996646,3.2278519101705334,5.723289530373668,3.3568355191592505,2.911800458873752,3.657622211417574,4.0447592371449,3.869120653473106,8.940737947802038,9.99251564113386
8.529691015255935,7.889047094907707,7.212402983132301,6.627654975731233,5.821084604064307,5.567882295078711,1.5830326135241763,4.449981159780172,2.3505050814045414,-0.04301692895279263,0.10615576681179571,-0.6659018487260837,0.742031489215644,0.6256275622304035,0.5853246566292388,0.25608720141336305,-1.4712217073530434,0.5310783461438148,2.1700431080228073,2.5964907237636004,9.83927042892897,9.48468993795614,3.968017828981741,3.0220366419681137,4.315553890013488,3.692632321453766,4.2221245468207576,2.643292449876369,2.3692420797194154,3.074686615432247,3.6874614175141973,8.42176390945202,10.022842082373353,9.993920938492556
