script/wind100m.json
{"header": {"parameterCategory": 2, "parameterNumber": 2, "lo1": 6.000198445256149, "la1": 58.999992894266676, "dx": 0.5, "dy": 0.25, "nx": 22, "ny": 24, "refTime": "2024-04-19T08:00:00.000Z"}, "data":
[rows 0 to 23 of 24, columns 0 to 21 of 22]
-10.641514415936003,-4.375454091025581,-8.164377142915507,12.293830819355685,14.171059939531176,-6.225536804341117,-11.940142039400833,-6.4872102601549,6.564814537502941,-5.855878760046767,-5.714737670684289,2.9911456275559547,-4.972430999511759,4.656051233101022,-5.801015924105626,-3.9950372206953553,-3.9282358472094625,-2.0313888834639324,3.402894058494583,2.1789631520748194,1.592588398685218,5.507389914210334
-8.361069055432951,-10.104547366102727,-3.4666086244677596,5.77094304393424,11.901514903439757,11.906437874451887,15.164970961362704,8.229586800978572,-8.58165469365199,-9.800083746399485,7.267935218291579,-9.954976605180303,-9.744837272200611,4.791339673657192,-9.650010126641819,0.23147442674669885,7.1437429127865695,2.68837103052843,-12.453585208557898,-5.639785264640635,-12.920192583740075,-3.0737988475870215
-4.733222368513462,-7.248233780309776,3.6806407330771767,2.580867027925738,5.72823073814739,-10.957288270343632,2.9704782556017255,-7.10648609697869,3.1299960723082476,5.9662560598393375,-6.482643263866058,-11.420076422477862,5.242468623002816,-4.341890769676558,-5.8815239326333,-4.848482112744527,1.8297366464038267,-5.4228896191736835,-3.5652066661934656,-6.6231496941359005,-4.462997453233529,4.616897931652909
-12.132374038431061,-9.44986441905707,-10.957811191514068,3.5711630754936454,-5.761549614277302,-12.041964183508123,-8.047888312887443,-12.835032722913393,-10.457581534939955,-12.059770535841057,-11.909715088117384,9.797798233820984,11.562887695946102,-10.026357077170873,0.7454926457940682,-4.244705883438822,9.981596446748553,-5.646388164378084,-7.710135368553759,1.4856760293591302,3.5381857663502645,-9.36529865649828
-6.539465923878812,-8.743137146018757,-4.512835927365049,-5.242001043627669,-7.668485360983648,-10.731304802360432,-7.545326275758879,2.759815978329802,9.556633246407449,2.0912372090494515,0.70330440079868,-6.542162559980602,-9.211655647571865,-7.388400677689125,4.749460545869688,-2.0639951265905587,7.987335443846959,-9.200006064944823,1.222166839530782,-5.374623546909192,-9.932406078858277,8.73944073705638
-7.343820256650308,9.32884466115123,6.416514740327486,-12.928344663440212,-9.812285840864815,14.203211015123784,2.970380248851589,-8.537108689989324,-4.103914329061483,-10.455209680127384,-8.992472709991565,-4.9427808788208845,-9.514642763907169,8.05931643797658,5.652252552621505,-9.843564064306573,-9.323388376959747,-7.015848221565167,-11.846165447806458,-10.221685666310169,10.315936155344199,-8.523095471929771
-6.0900929742503145,-6.7602545424757094,-8.023422793204114,-8.37053994022487,6.2298440038880045,-6.850621602997649,-10.918291377848606,13.24595009275975,1.5215344627067673,2.9073670825107834,-10.315398231031335,1.5895016619719915,3.2400098927258885,5.318672919633182,-2.1972296495797297,-10.16900201912941,-6.603007659533476,6.1356658532533555,-7.411095843263036,1.1803050048738783,-13.905038907624439,1.6665513618865861
-9.793404986502926,-6.169411198538169,-7.6756789975770765,-8.89228802307442,8.235342141228145,-6.0249198435652245,12.436403416247645,2.852562554759357,-8.909646052003765,-4.445071206896146,-8.562164050758362,6.4290807675056145,9.187355250876783,-2.4323888105107554,-7.2004772346788535,-6.155278283297775,-8.684984202044449,5.47075040733901,11.936736873186035,-9.142719462063088,7.961886753214303,3.2193406395499866
-9.860896474958858,-6.937783473647816,-6.837426630615626,-6.701509242081891,-4.1012628903570825,-4.916104165013851,3.086739697375345,-5.173174843325235,9.701911482871209,-9.20070439131598,-13.323278684803615,-3.434488601383227,-9.732669675822619,-6.306296946361596,-7.0497464461480615,-4.946293216923507,-8.763686560021936,4.2230938630836485,4.963034097276908,-11.08914902740775,8.350924739430551,8.568629176310969
-4.650824640046682,13.406133101618856,10.162062115176433,-7.262373290864929,-11.966114455497348,5.630719398044575,-4.366610796691291,3.207890845686274,-9.54131092873365,17.59411734578987,0.5684586772777129,-11.856350431620223,-4.976894780712909,-9.778480677257507,-5.987472217663314,-0.7323338411202494,-11.538257460932854,-5.79282308218309,8.752875107524945,-4.9279831780660315,-10.446094302152655,7.648251068312546
-7.758409394621458,-3.7310323539573984,-2.2365001747289224,-3.5803642748644187,-4.596836816067308,-9.86618578015548,11.163448556840688,-11.608071134864314,6.681626947732976,-12.329816332945404,-4.316112847599928,3.171605713038221,-5.954502491809119,-9.911789299471204,-4.090421090016176,-9.006563191928075,-3.6580293167254707,-8.597792798792758,-9.365840146822443,3.7102106792336014,-5.028738651559132,-5.378609859656085
-7.634796868975085,-6.144001449954715,7.335458273983466,1.5825828163344722,10.95754115319502,-9.631206910138975,9.183639661813599,4.810482980388131,-9.410053158295792,-6.58400960371778,-4.823384542784842,-4.0076818191200925,6.832872195749627,-7.823555620011124,-5.0275629714914825,-5.074831930220678,-7.30436246685468,-10.429573471353924,-6.5956508295098,-6.792619148864481,-7.400058923726765,11.482710144034463
-9.697449958575532,11.365098896765003,14.842873713765407,0.6357467985304055,14.421449904202715,-2.911760121990674,-5.86668153252182,1.7858616339362152,-4.502900201546323,-8.244294389636678,5.859964265060462,-11.853586682778337,7.044149497897235,6.506499667775904,-5.9389731328723485,-7.09722061192008,1.6242103502757124,4.34811344922596,-3.1632199477797425,1.619238102828871,6.396091269405262,-6.790059415456449
-5.0082777563746435,-5.249071790160726,-1.6058024857800786,8.2252476910292,2.143959371317602,12.66677419046169,14.396278827855209,-8.207496583468831,-8.099431048341625,4.970065220784204,-5.514112724342951,6.814945692905217,-11.01900956740807,0.9739509298934552,-7.447553308976938,-4.809148048970862,-2.3622927053852183,5.258215497850061,7.009567747220254,3.8328840718741244,14.110098488123175,7.287293103341622
-5.794055020122452,-4.454222351539547,13.613743496903679,-9.38582293339625,-5.447638468348093,-12.1268138766028,3.4776889746952726,4.3978774943846535,10.000106016270157,-9.882753382238013,-4.825159139633736,3.611615102764238,-8.527369911332574,1.76836068615767,-7.219749504849586,-10.860054673017272,1.4380209229570675,-9.74828688105765,-7.792056202521993,-7.2392973827892355,-7.677933372495293,0.7357338208246208
-5.999015999025517,1.5758141356584463,4.529985889163345,-5.180088189280872,-11.509784801434213,-9.852314254729023,-4.259573257459957,-5.95253745447108,-5.349111651280165,8.201656166544671,11.612954720445828,-9.461387796136373,0.4742337582244154,-4.024451796440484,-6.294467178930242,6.345968761663304,9.006923455444964,-8.128254009215244,-6.846387686986816,-5.7973000475346295,8.151209994562462,0.647647221470893
-7.190282373241623,14.011964118644121,10.811282344927882,-3.4763945304449253,0.7575551587785788,-1.1021659320843789,5.600780555218303,4.884370969486889,12.167043276229576,-8.278377774439845,-6.1295000647614,-11.948067210724258,11.78647749365136,10.179208194213441,-9.448764193338397,-4.873357971502125,-7.411511618533653,-8.890195950698478,16.2346419440183,2.836135805658893,-4.330999032455869,0.825738506089994
-9.08028674262541,6.697416397340118,1.5608776802291129,11.113056410138682,6.069092404158828,-9.902553155161778,7.741873275357291,-6.0094430396731635,-5.751546896349797,-6.509281362822894,6.377222501448026,5.981793778221828,1.4826486424470016,-10.077456711254383,-12.387963928817928,0.9362889161221746,3.719583974580012,-4.363662421888195,5.980227241819912,-12.14002164968124,2.046246681685651,4.649605225995325
-11.852028493926753,17.43771962869775,-9.053670368147598,7.967459361255592,-5.324621547596853,-10.602110349450093,-6.278427713774157,14.684382033511119,4.029747770914813,0.6503072665809604,-7.005704522905208,-9.992517725495688,-4.638156237882491,-5.90779235794747,8.948023747786253,1.823314792142602,-6.7258516841837,2.4421280032960295,-5.284853714366748,11.163507077983725,10.707809543217572,-9.258449217200607
-12.245047694071818,-3.615294150941304,-10.218943046332923,14.228745893416608,-7.9311145104033764,-5.995871852930324,4.333083990259305,7.294338873989505,-12.09946065189323,-9.820234618224953,-10.474724197475354,-9.650556807314775,-5.464659837299164,-6.022077683163017,0.47289266024968263,-7.856650372795699,-9.666098428658094,3.0587118889444,0.5119290891310402,7.056251677585788,-10.413067113685589,-7.840692714335152
-8.900426421751886,-6.427880874474245,-12.2331552009828,7.758412951006159,-5.6359528549772815,-6.585336126686578,2.091377336017607,-5.355688779898039,10.772311089278338,2.3352272961992613,4.525799949889271,3.2378186771827533,4.687378818156012,1.686946639687526,14.16700405962704,-4.549104859625669,-2.319477042235762,-9.401977997318458,13.135024508502813,-4.76858760104711,13.108295960995928,-9.691531155482455
-5.905942229891916,4.458917245307556,-12.259030170805868,3.2123491411992013,6.907302261690355,-7.320565636048616,-10.834969897948852,14.341785894491535,-8.942624574775728,-4.860746872942369,-1.7742479388488057,1.970012431952907,1.3253779404910575,7.199712227882182,0.5914664358660846,8.14862530985317,-4.974392787535514,-8.801977229508834,9.56670667897429,-4.2868266386270015,2.619445388981307,11.196080433333503
-8.849129144543861,-3.9398479042111765,-5.815053603408864,-10.291633896625012,2.7768723930352888,-4.1662997524889605,1.6028282010034396,-5.134548294406062,5.896482396783181,3.923455397817412,-9.01451984332302,-8.549327941534292,-8.287057645814832,-0.12179161221272417,1.6164558406877902,10.88906686730126,12.025534091770071,-8.854327721999605,-6.021694449585978,0.7447307321444985,-3.643458230401519,-4.467618777768108
-13.52145716893626,-5.305845492176242,-5.320170901208755,-10.505059386923051,-4.445436518616285,-7.491706238812038,-8.177070200928497,4.389510848469216,-7.479949522710521,-8.506525744179038,-6.859698945722947,-5.502203312326225,-5.515352744716306,-6.528771154713946,8.502511749403833,2.74689531282259,15.275699430570043,-7.239737707378933,0.264080479738494,-11.514861393481402,7.372172842108942,6.025184310449202
