script/wind100m.json
{"header": {"parameterCategory": 2, "parameterNumber": 2, "lo1": 6.000198445256149, "la1": 58.999992894266676, "dx": 0.5, "dy": 0.25, "nx": 22, "ny": 24, "refTime": "2024-02-23T20:00:00.000Z"}, "data":
[rows 0 to 23 of 24, columns 0 to 21 of 22]
2.117070514660947,0.6502702939481481,5.34621282398813,3.4672912444891053,5.578049869515631,-1.0312788648397702,5.482187462429811,5.062310198717571,1.2793277833861858,-1.9761979264708849,1.5449463037433246,-0.14981968954683933,4.585943524055095,0.3820018048283087,2.717181800359086,1.1565218306211702,-0.5650694447751698,0.028502847939424335,-0.5661215226048115,-0.5940533936318797,-1.2942401230629867,2.124509537624675
-1.4877468593873646,-1.09477665749197,3.3165438809199377,0.8464518719776429,0.22367034630420463,2.497357754474123,5.745827986176303,3.668618447399227,6.86846130153977,6.967806743048793,1.161614347560507,4.556741740332781,7.397745854473149,2.9000481113097045,4.236223746313965,3.6046080473573197,1.317797332181063,-1.8991331570235304,4.444122882572855,3.749015686100018,5.373132226128247,0.7287489175215385
3.5942507781091426,2.944461197244809,5.519532087791911,-0.6973284140780907,0.6380800006681804,0.737228337896392,-0.9147875546780371,5.429559865678456,-0.7579471278124076,0.7472575697088021,-1.7929558923644675,5.4358091708442755,1.153578199391095,-2.940725498809058,1.7966554009413216,-0.13465271123682274,-0.015191743844051721,2.566180328338188,5.609813845979061,5.81310967117108,1.4008538936992583,1.6865415724490047
3.3739423751238076,3.81879430286154,3.852260583575272,-0.8065461229505105,1.5531557051333915,4.120516207663067,3.19641584877025,2.4703867416130327,1.124384413899307,5.216440424505184,3.996132623526316,1.2153557702182796,4.610295270041827,5.527299508443794,-1.6021398446613806,0.5565123161646768,1.621685189143612,1.662600720543524,-1.1194164652109437,-1.3351355805969252,-1.4521932548681749,8.79879039117591
0.17881018028247217,2.225715693151089,0.3924950932966962,3.500520440901947,5.243989321756302,3.8531986399596536,2.178630238906416,-0.3183949255887935,0.17893930801461302,-0.3969690653188765,1.0240050405086043,5.922332860810195,5.301700117505257,-0.6563259869919129,0.5963603018711906,5.946515149079346,0.14746156961437865,3.4908205408937314,-0.28169852449145344,2.90365512500423,6.046088995582374,5.21556391747169
0.848280426285104,4.339292346093036,5.9429155278815875,5.701354970395756,3.7237082010367155,7.971229946583009,-0.18195189499360676,5.587469269870009,2.142754328574728,0.9072863710411061,-1.4274384984555357,3.27907439493483,0.03979254356418469,2.864796153686937,0.9404993236793834,4.646175553362579,7.878259704600802,4.056142056970127,-0.7527825410481183,2.5943676453622704,0.4843999587586946,3.0114913424785255
2.980456306913637,-0.423100074535431,-3.033782338039231,5.222338499664497,2.5853797690026763,2.6230604363637076,4.554224391342003,3.482415199955946,-1.0877896336645634,-0.4425616170214546,4.417674566104551,-0.6359266922841857,-0.44065707620363376,1.3082515843177913,-2.489494822968354,-2.9577670737524313,3.689013995783647,1.8365218047394267,6.003076824921287,0.3552209099964402,5.272278775952148,-0.7981272771116886
3.1476048502901484,1.699479696672282,6.374695159640122,4.6129053389812995,1.3692057505731712,3.8112646607626206,5.099552638399999,-1.1896374213370255,-4.169083636390038,-1.5825896010859375,-3.381755483669566,2.238895262309633,0.7545590513752733,0.16848622791034146,1.7736648229978522,-0.9669331853925185,-0.6527539568550941,0.9503328944065135,5.206912501393864,4.745272899281347,5.8131887449262365,-1.9002560460207796
3.570094624563249,2.5026306018475393,5.850207117372932,3.949311381796353,1.9482908019357694,6.417787996962347,0.22748770308796934,2.572272859610108,0.2858492538369022,-0.8773838062436855,5.338087949290202,3.3247632038929384,2.760218378946001,1.7086702324135397,2.288077098816242,-0.2164263925808443,-1.6833216710368992,0.3358230149474835,1.3539614712834072,0.45587209067236284,0.09257700555708678,1.4205687393270556
1.5765535040768748,3.492258492976113,4.735990720220013,-1.6866299437699213,0.5829593734573904,1.1096933738455752,1.768805945896948,1.6020096182944006,3.5065292519688245,6.719079091409083,-1.4248235516019865,0.7669739301461391,1.9047641215709232,1.2197738667911635,5.863486748702761,5.645375852338433,1.075960618414309,3.586480816690378,0.7022300966685553,2.7966577100099594,-0.7137218082392374,1.1913234173968466
-2.722485068191381,2.5822164582549045,1.122576278576371,1.4573051357418116,2.292889698201563,2.460582960956056,3.46454574167029,3.2542502276803793,1.8845991801852153,5.824728939275107,0.3565743123216105,-0.7217878470370681,2.4606563255813594,4.176646119289008,3.589909649906168,6.451814257959789,5.692731716457387,5.309504735577321,-1.1180324857168826,-0.9243942975779573,3.033042359390712,-1.5199768587796036
3.61341066356882,-1.3915415713944626,3.9519732628910873,0.4161859855680188,3.5619673897585993,-2.909461096921784,0.15475914845411914,1.899377547811788,2.5704833304136554,5.915366329864894,3.056108369801209,1.7644154314396552,1.2156962809992886,-0.0774621092629844,-0.030188484240971626,-2.2027630094708956,-1.8724393749576935,3.1063037201909194,4.430985719099342,-2.527410368701643,3.5910150406512424,2.182601235785722
4.813987181650627,5.937437539849987,5.359559490485098,-0.3543704456977046,1.2351334425080838,3.7470404041678362,6.212607442645585,-0.7474602133083288,1.6451130184531286,6.059294457044516,0.7244251387638985,0.7261091726840836,2.595833989391345,2.655897402128265,0.41688967927909426,5.919408403815682,2.45918709260455,0.9036436018753777,-2.860979254369106,-2.405647555340455,6.0368157450818645,2.105585606990284
4.147065150062703,7.893285640103695,1.0402230099585466,1.0894386497152406,-1.7609308166687794,0.5269971116714324,5.5377285919164265,-2.891356306714798,2.442510412178179,1.9747490922188249,-2.5866173852491885,1.0989145145132482,5.9587107364560845,-1.34632567947649,-3.0093027918484263,5.9121062683068875,0.09424865064334453,0.5961212728456788,1.2163421099753755,0.22554746655567764,1.4477069267854727,1.303459112054492
1.979300846626065,-0.1009258596284638,1.4295983669105587,-1.1260462766278474,3.2232774229694345,2.5051857239676245,-0.38049324710664484,0.7496844503779764,7.013926931203196,-0.2556633330016166,3.1899349271305844,0.5966419222550472,2.4316076538650373,0.6305072940083923,-3.126774856688079,0.6358130258917696,0.10494224549223295,1.5656785554254267,4.808182172417028,3.293950655054512,5.348775880804929,3.717720016018076
3.8664111586106085,5.914149276158743,1.5205639791216439,0.6568576235257897,1.4155691699515651,9.527409635042494,2.1776869739061673,3.508501492809885,2.484373866602912,1.9186639475199028,4.7821296068857135,4.751828548442764,-2.229184515462006,1.520792268276674,-0.8694229263567846,5.967913284425036,-0.05087551051313659,-2.2545796561159515,5.4722426191816576,0.13336395374962912,2.5463185000768096,1.1347045606589181
2.968303746131836,5.573104644221141,0.7469004130134846,5.24110762506984,-1.4861453360130772,2.3151054416809274,2.3451171015781016,1.8229007538006015,4.745366390073274,3.6787686007467717,2.5503691421951245,0.9322886198086997,2.077830769765022,4.986855129137502,1.699610207716368,-1.564171539745734,-2.641734200736237,-2.0880830457760613,5.474058096375679,-1.352425643314562,4.011900440555701,4.049965196277923
1.3447674467299318,3.5754802803418,-0.5569794844838446,5.900044271157913,0.837293627528963,4.486355901701217,1.0300952751863943,1.3421806250004933,3.6493250286281307,5.013404145111841,0.8768414974981916,0.5987773493643664,-2.168225886302042,-3.0035455799884145,0.5575890123337927,-1.6107315671416091,-0.8954578326527325,0.09181806437167002,1.5230407813391822,3.1282287967220994,5.611443128643451,0.7306672445199057
5.6608849581610485,6.496088313090453,2.0063779644282334,3.4041966883713806,0.06741653350815627,5.3905833555844325,0.5157842413795121,3.231951548834635,-0.6417730122580787,-1.6395306669579301,-1.9791165210084924,5.517122096527658,0.401090207619332,3.9144749066354274,-0.5098837190255325,2.315918635702894,4.380481795773357,0.7276067805404106,3.4399913686146557,5.945364837725599,-0.07208409497914528,5.821517026675289
4.881089128536597,0.8764114643855027,4.35120450412848,1.4437824013717344,-1.5147537580438528,1.6683502790659734,1.7041027247926188,-0.7279910524599518,0.2601483224564135,6.043151017126933,6.6195576340090785,-1.7807736456407666,4.067345516058534,4.590077427092696,-1.2437804476839545,1.4532733503570736,0.3173102248596073,-0.2457260016225261,6.12112119175524,0.43753751698132015,6.794896253039414,0.7252027526974977
7.208378386968979,4.665310185103402,3.3744308487742365,0.18904162120217569,-1.75767681853445,2.114221236903513,-1.411548717088124,0.873836919109167,1.796629705688855,-0.7065516685827093,0.3884406883486372,-2.7682505752169795,0.9104020210460311,-0.7438682166311142,3.8953855913094286,1.7429861083745788,4.463303274886698,0.9360134490826337,3.440479735884092,2.517766963296875,8.0580550547089,10.163689779144608
3.1425178547323394,6.599817487463932,1.6735707171174237,-2.7528449792572918,2.7692346957269174,-1.7999677459061916,-2.517331805529463,1.242659728593653,4.745584169107516,2.522027534113608,2.416052738658959,-0.7385993434519222,-1.5648717986020557,0.35578079517833056,0.17289395264486104,3.0554765995121445,0.33497001287151207,4.1261226102697615,0.3532453144220526,-1.2808749931843635,-1.0113725232064281,5.300096868266234
5.666318404936861,-0.738855101397401,5.650478922872749,-1.699542758687721,-2.136343889910801,-0.866633528935853,0.03339170010769365,3.099963936936747,1.6305945560533444,-1.688622255654022,-3.9078342342959984,-3.2098766918136206,2.0179641243203355,-2.0862608296395737,-0.3499565245389874,0.12211973455328491,5.507782127724335,3.1072296672852056,3.6220269191480545,-0.1610259652424903,4.358209830367072,1.225098738437623
6.435426523769531,2.6667898320874843,0.46393628997758557,0.9023970080268435,2.4482095677824764,6.2849081713746004,3.574237388782815,1.6899992384258626,0.9468034353176783,6.329481378014885,3.958806334614948,1.6981645467931294,-1.0209802449866092,5.607370525511403,3.0212690615021676,-0.48787471888662876,5.087040854372632,1.8029770874038133,5.980628998276528,4.61770630166586,1.0157014935932789,1.4376748508706203
