script/wind10m.json
{"header": {"parameterCategory": 2, "parameterNumber": 2, "lo1": 6.000027932988019, "la1": 58.9999434238085, "dx": 0.5, "dy": 0.25, "nx": 22, "ny": 24, "refTime": "2024-06-07T06:00:00.000Z"}, "data":
[rows 0 to 23 of 24, columns 0 to 21 of 22]
-2.181743889045426,-2.3087164375739913,0.5279606462706121,0.2487745190576864,1.0690412117710841,-0.1466661953565426,1.0018949025035224,1.4451070776872488,2.874534975333956,6.940057282481095,7.324025627110102,2.7290420026766933,1.0608307229352023,1.6060899412912641,4.248114801324079,4.700796424319734,3.6478479084789677,2.5677563507848564,2.3653509993059845,1.8086100618624483,1.8627143429746478,2.266770586941263
-1.8285057861433147,-1.6668619182509823,-0.1693407620862847,-0.17098593544466192,2.08627296156639,1.064108356810014,1.8425532687432986,4.839883874414996,6.611986235531765,7.624866390451872,7.925015366679933,1.4915294547152735,2.355241141334915,1.7921439051843993,5.071496619065298,5.961760132179943,1.4581979612461307,2.3707979160526937,1.8574494752800499,1.7199884157119225,1.7137998757512989,1.6047188746490475
-1.7208546823503348,-1.0601316871197402,-0.7249961000510904,-0.07445815791329623,1.5502749837436,2.0975495062711738,2.265145261227278,4.493274776207705,5.932590233534119,5.833866771200587,5.348034213180353,1.4126950775830667,1.2820991999049198,3.761955540949775,1.337974480561178,1.0275522813238678,1.7086133796406797,3.54273041029282,3.5209977908900196,2.692650252170705,2.177542914786778,2.319528569046535
-2.717184881632844,-1.7305858247653436,-0.5111790212733995,-0.5627492292812811,1.0477021458536055,2.6138249413588177,2.020796449828226,4.052179218994664,3.886366822408596,5.110607822104837,4.35460099188347,3.8733763677984574,1.3579125502565976,1.2087619911900187,1.9779437743472872,1.9090103148242061,1.3040067646352584,4.7854971894663745,2.142563103998493,2.186607744738188,1.7614896297448344,1.9153417724796797
-2.5464188121425995,-1.9552032368186785,-0.6914348152300976,0.06787262734920783,4.424789169831172,3.0995922335686976,4.279653994707393,4.903881827027427,5.318833545481018,5.619439561446412,5.703964359455297,5.004234353539715,1.6710205573190828,1.7017867632590784,1.2807157894373942,1.4340232290537833,1.2815753415215252,2.271236314979499,1.675142478989021,1.759922218556256,1.956328113753387,1.8671222053331047
1.657668817005199,2.436787658458979,4.587483898395689,5.403881790087971,2.463989187181475,7.835545700187391,3.9140955493790033,4.4865552729154015,5.393647161638459,2.341921012339598,5.791088601505476,5.996147794669202,2.3976966307882477,0.6278472054206885,1.426823933027053,1.3437160665934393,1.2896609136886723,1.5876126491573919,1.4120070935765148,1.3023530659066263,1.5269730560986252,1.548338168829333
3.4582709754773022,4.271481568753378,3.5078614089092426,4.6087680071969315,4.0753899729316645,4.716812747840518,3.8127755672876433,4.0000388218922565,0.9050313465421622,2.018109328900525,5.281411496398951,5.417351369567423,2.5083843966088897,0.09056064625005242,0.8808875337539604,0.8916009136378731,1.0120842658340141,0.9020715458601635,0.7403451403391594,1.1627015837378223,1.379722528895721,1.374458683341487
3.641686150137695,1.7394867289428972,4.631979879278877,2.2453481349247744,-0.1679572608107295,4.0438366853097145,1.6444394011197658,-0.1531464645762103,0.23264731075105466,1.6311960524729072,2.92077486892147,5.8590912820254895,5.362625586780233,0.936681430944986,0.7636411986280796,0.39790380479316445,0.720618196319302,0.503134228938608,0.7521895991172206,1.150327423997121,1.1849884243193238,2.168327313016217
5.707458915490454,2.5044516342509393,0.9647632286124197,0.5127482652388863,5.569308810939948,0.07212660736505729,2.268601177982068,0.2143179319848729,0.46511571208261915,4.06879456029136,5.809237909608775,5.491233390142107,6.0030985225795375,0.2747427593410721,0.6873499174229103,0.2504836658233939,0.4557482608348314,0.16876911436214634,0.5341049563886091,1.3216191138968962,1.540029550044991,2.43746668667297
7.668852219305625,5.768652514894011,7.403045959616446,7.928547382002485,2.723448462607744,1.72446014986966,0.5062090062023731,0.17185877332241015,0.5366955282387156,3.508565385268977,5.209180837953951,6.0951504334249895,6.347905334011309,5.099201597244162,-0.13291573032454865,1.6476329127851534,1.5180972452417782,0.45034044469023216,1.0739538673793732,1.365126765344724,1.2534176894581102,3.4768004079378994
7.9263890993675625,3.0220298634296032,10.855796489248961,6.78707763427792,6.622447724999188,0.018585267472369327,0.20543728825085023,0.6460116691822622,1.317936777964661,1.5726912664472321,4.5266244481019235,6.416218790104863,6.094570422968736,6.336925944740331,-0.9846009327988934,0.7687843142317887,1.5061197372257167,1.0287469810974228,1.0200564140060804,1.0755467727935029,1.192187469759821,3.0866962245835436
6.874820213161303,2.8954760595125246,8.290865211962553,8.43381176882909,6.5540741271873015,-0.0815592314513372,0.04430144959376048,0.9697770826977217,1.015954448829088,2.534672279431022,5.488590348251421,5.750094786456017,5.6909608324434995,0.4774971966197833,0.9306759204365878,1.4413765358337258,1.7563419837819603,1.3367865898470752,0.8137159873361385,1.2372884008239837,1.7682430206791768,4.608116111848965
8.57963744676063,5.4173356603527205,7.94137413678078,5.510263542472447,5.9032331816643255,0.3782234319460218,0.3080765955967919,0.0593705921189686,0.756934215897684,3.6442710195771078,3.352420134412688,4.881553609166613,1.9123734874691225,1.6277996334434666,2.562408717893024,2.24668039076498,1.2690314040441195,3.204923313056784,4.412750131956073,4.111219687433782,5.535540388637918,5.806398811057766
8.887892126186488,7.584631249836872,8.316917833504114,8.211094325191398,5.911883594817456,1.4889138224943246,0.3102611633529464,0.20880743287427606,1.3636863874615086,4.898057941080228,3.3412355338401505,1.4238686707487935,2.333837251750451,2.5873894287051367,3.162187061446693,2.644330930617065,1.7926430010310046,4.184656853358385,3.506183418294257,4.774201029830315,6.194456111425735,6.246070851856053
7.126114903643276,5.791548460171773,4.531317869127423,11.77040759104755,5.932641997906713,3.6947629119580405,0.577723449932636,0.9765431193192111,0.47832055708937804,1.5663479010064445,4.848645184238424,1.7173790974684637,1.4867101184462173,5.918556281093428,3.1832653006260574,2.942674390284407,1.6664519217749798,3.7698533916810746,3.1138830464129854,3.8467867988081914,4.417254035783895,5.34208411381095
7.868945263857917,3.942581015644518,6.5831508375773256,12.367486216007642,5.7008917930230325,5.722647382161223,0.2917491563511077,1.3118739840883031,2.5680469295206403,1.204828384153773,4.431907557539268,2.2808566662421197,2.288822602287003,3.9989210582055867,4.559244198582652,5.3903010905686966,3.0137938315219808,5.245741529136234,2.958370169692151,3.5796324498461907,3.5445872377522054,4.351409233423085
6.5845856636744164,1.7149198489081279,9.729898571879808,7.184115854412313,5.4058753857791695,5.625966494224566,0.9246115584074803,0.8211428943436759,1.6687822181551262,3.2400660311926615,3.953076699867211,3.9561867641211808,3.0924076956364757,2.7781803634729716,5.712449508085669,5.481270802052576,5.587120371974513,3.331471205423507,2.435369762396655,1.9789331157626169,3.1751081611200505,2.9930496495846963
5.753879173478952,8.099103409097403,9.280906217748598,5.370634043805597,4.785089130254578,3.3887564048972267,0.36630799342477316,0.6583097332822562,2.4976684063202685,4.959255509914828,4.909873886524332,1.6495764145678096,1.9627876298142968,4.809901984239635,5.016045153472976,4.305446876642651,3.217983799843759,1.9112605115906753,1.8994726811608416,1.241476262311975,1.2731101594464576,2.28111131231107
5.904875995394736,4.738686407300283,11.626335080011556,5.039208204891828,4.6146818097134155,5.178415411388034,2.4214401343430962,0.6722289881559539,1.2457011318714326,3.1190889571999554,3.82232390234265,5.005030448609911,6.665327861634883,5.493798602427464,5.500220081186298,2.5524477736374203,1.8322798689517943,0.5832674699573006,-0.822037838315439,0.069506196341124,0.6294393383652381,0.13810037598688954
5.783870748825964,5.073558553100637,10.211760339563195,5.402467384320466,4.756699282452244,4.825244381918376,0.2138540417877983,0.6535313632900747,1.1983924257995722,1.2344895070890718,1.5189380986234993,3.301806258994986,5.804500237156056,1.3179163915351078,1.5681529089977249,3.4034587143911947,1.7029880878994514,-1.108643296835224,-0.7025440220751648,-1.42623568931644,-0.24836591777107483,-0.8721691400997812
5.386252515369652,4.6356134720436515,5.91096323786954,5.538551481226347,4.567824584543367,5.4183286058066304,1.5111020162522433,1.6362509298724928,1.4890868348551318,1.0587893321920985,1.872193915639031,1.8783361184625864,1.0755400595777307,1.909993692692499,1.9749620970739792,1.130672352468175,0.3816625662566289,-0.4112627546765101,-0.19666601925879812,-0.022329894346573332,-1.182367298225578,-0.6236447152460903
2.4670540617226284,8.868012023929415,4.487835012609409,1.8830500514594009,2.3130828438063458,4.268572710724853,0.5475948708068918,1.3696853615667692,1.0494696692320604,1.557910465161429,1.185252189113749,0.4494330430624689,0.399084775704313,1.2441250053583326,1.5872161259880901,0.2846150545917675,0.08477629755132718,0.8344637297354118,-0.8387678217861814,-0.45629327538519643,-0.6765531294247448,-1.4582195533860767
-0.5234165835569268,5.105497754548358,1.5711293653958858,1.0047745416539908,1.2557804467793556,0.9724025027825358,0.3301808242418539,0.49029964868781595,1.1707447734050418,0.5644495449473944,-0.0007429208102880163,-0.45119114681945593,0.48862045774606977,1.011416302258904,1.2066265781221943,0.5343212003111438,1.4925290043374726,1.02447001115734,-1.4520409688528206,-0.31621834647733593,-0.7668241457976245,-1.0664520286761825
1.597299083698054,0.43926364878573027,0.24552844686337982,0.8484432234496956,0.7372799190748771,1.0012161289109704,0.4132113740141104,-0.04082599212510498,0.5519772356676313,0.20103872876276854,-0.42395896830786867,-0.551927320681426,-0.13547132623704244,0.885894910353205,-0.24493272591050555,0.48477723630811287,2.047259798294853,0.5182013645691489,-1.4461156385158274,-0.06199004796535759,-0.23959759397651223,-2.416824829464367
