script/wind10m.json
{"header": {"parameterCategory": 2, "parameterNumber": 2, "lo1": 3.000054539987559, "la1": 64.9999836372058, "dx": 0.5, "dy": 0.25, "nx": 34, "ny": 52, "refTime": "2025-05-08T18:00:00.000Z"}, "data":
[rows 0 to 23 of 52, columns 0 to 33 of 34]
6.159096372301328,6.684029873517107,6.287117998851099,6.002192062575845,5.481287609755332,4.930912613440548,4.9851709663391555,6.039597656948574,5.86644825345098,5.979173559256026,5.822681322623673,6.0924496578292,6.201542626856789,6.006407981065717,5.28289060402151,4.3103762629147235,3.6626524508665876,4.242779741143573,1.418865070828866,0.7500663384820233,1.9999294286922755,0.9312532138070997,1.9665609558279284,0.9012155775234799,3.623080582001732,1.3614885706030673,0.38964425173347533,0.37517057498210465,-0.8489915198835283,-1.5784679562470578,-1.4153860941196292,-0.9220245070457472,0.425379795320771,0.5428690739279481
6.209216121866656,5.688566319578651,5.320986396340933,5.187234322729863,5.201672001678505,5.111989529653783,5.008842681081554,5.587759622886301,6.2378454339020974,5.246397034845443,5.0647361323339375,5.997081677914634,5.992607636859915,5.419403089859503,5.282576444037307,4.030062389805989,4.341292948102606,2.6362454042514685,1.9736491302988066,6.4347843393140325,-0.15093094241100458,3.5500273161792526,-0.36449437369935866,4.167802836035566,1.1060864830360315,1.0583489617178596,1.6822864572285823,0.20057019081602345,-0.054233688024949704,-1.0225777287792737,-1.3413461899695618,-1.117898938153781,-0.06754092721502929,-0.31602927304155753
5.7596589298853305,5.149919642911197,4.49514357635655,4.556457734828111,4.954798009543863,5.018968306841298,4.590670430083457,5.325779417200635,6.3934830089708665,4.926271020149794,4.825571689550034,5.744504040530662,5.123838752319311,5.1839835030143595,4.146025250309585,4.15064895609906,3.2301959374540883,1.3757687672294356,1.3643387171745174,2.5857892651384606,4.469708642140539,2.5316307862099316,2.091904827984677,2.8439616478255196,1.9793642139868137,1.0453333085747778,0.7224006741598649,0.5471983616974649,0.5464128600679166,0.06933428445679436,-0.4384780010420977,-0.9613723240068193,-0.32362918747657293,-1.0819889400389089
5.271086008077861,5.060311893286661,4.0186011480529364,3.8162264677536863,5.305106770802873,4.764166798666647,5.1029689335062605,5.201539309120196,6.103267836511871,5.222068992970086,4.9309562560975975,5.065945898718655,4.413961327301396,4.544299539624696,3.619677683239699,3.961206119953185,1.8788834783062693,1.8304584709428993,2.804194281809774,1.8929294637198966,3.350802814017655,5.132448818917103,2.817273744387071,2.0253396085782116,0.8713521159156968,1.4509882429653604,1.7279550386834146,-0.1496568287237288,-0.30308299866697647,-0.04241376081967303,-0.963455937458401,-0.5143942908139146,-0.6146020933018392,-1.1392528962026138
4.99281345277374,4.942627018080113,4.338557065641621,4.666948236658489,5.076617483155552,4.169005917343529,4.914157905128416,5.116578150645805,5.344913495351581,5.744001310968079,4.933575817024766,5.279259521832705,4.784262486387981,4.83155617460722,2.497148039193483,2.431659892152614,1.936894019263174,1.9771875869546673,2.6579286273564278,6.78142321894245,3.407062761742313,6.96529148267577,-0.6603404568618373,2.2911976056195105,0.9891586878714654,0.47588004366367426,0.934671523907449,-0.0376646778066916,0.4245112040087565,-0.1617392123368726,-1.0324104653114254,-0.6115577840666899,0.4545683727131212,0.1368219366265028
4.568552502496106,4.4983751944841295,4.454628686645381,5.660459552701973,3.544645476442672,4.498464457801667,3.9463168444176766,5.125664477311943,5.232129215000844,5.214316246775805,5.466820301869037,5.183938275492802,4.070772363143295,4.791295992396003,2.1176442713816557,2.0645625531692318,1.2984307579766994,3.1014469801362785,5.056361704133184,1.8894452732658993,1.0382701978864368,3.6618254109542345,2.5412179959768846,1.3028337614581442,1.3822461251492433,1.1251932952809933,0.7388976925075399,0.17829746387043874,-0.15604320006199127,-0.8341971693662878,-0.7244139667268502,-0.7520388599812704,-0.2747172503203271,0.2808270816318709
4.068754645163395,4.7155371678665645,5.0956275626038785,4.839676149063421,4.202592493527959,3.967636978854309,3.521289419221885,3.417204811977932,4.757444292999095,4.935573518763008,5.10692446714113,4.255296640074162,4.64406324486801,3.258953984194608,1.9663294617706022,4.278386900879546,1.3552816952051443,1.92776307850796,5.637747549498106,3.4363954112802877,2.3426955467588733,2.6269165509916284,1.4021748131559122,1.5668032988764704,1.5953698764539177,0.7117679215885647,0.9462179980558468,-0.6347881307502095,0.04270666923056472,0.006030959952601925,-1.482967501309211,-0.761734921235294,-0.08356038933003414,2.574334708302491
4.299505277554415,4.252077455237965,3.8731284384341405,3.627036845694024,3.8608872522313944,3.0690174302210447,3.241824031039253,3.7218490994505897,4.477048982073565,5.245663659409471,5.8303218111844,1.2868645976634265,0.22846006033953517,6.045396874393086,0.7177530142965742,1.6568317613527763,1.3908792030807453,1.9611243703119974,4.989064871176107,3.972587322337993,4.616666043350358,2.8112253046583797,1.897180907735042,1.7081730481736237,1.1433223676485718,0.6830347956989593,0.8275642510568705,0.6349656583816744,-0.043087477506781206,-0.24556409997093132,-0.35921516926505814,-0.5585345596130205,0.6457253829673559,4.882711276929191
3.5764039075504157,3.2826809297198976,2.8111280837537915,2.7406418810380715,2.9645489874889277,2.9800241872147395,3.2455521234208065,2.478695291984593,2.2785654625658385,1.8518064920732862,0.2589505756806652,0.8757303824703614,3.4349874194268426,3.680809774826511,2.736342490660796,1.8864387458807574,3.4158614273602965,4.2480277963301125,-0.01440545986334951,2.975458953308859,6.166825072963706,3.0733399938239585,1.0908831009368742,0.4225767045675588,1.2325130223098637,0.6987230892159652,0.4892540895217077,0.09960729991479726,-0.09421617299257383,0.49019576761675093,-0.47664233936730205,0.6458713687740691,3.1652633072954837,5.2594921796573715
2.571031735788973,2.1708166343972572,2.366689289611862,2.246066922187,2.8310667353665653,2.3228762096812123,1.2340039731369818,1.4816938796150343,1.050435355248472,0.49535393642531483,-1.1422341645202492,-0.046199668420279366,4.493973363997371,5.5835627809939234,-0.8861362405144068,1.6935959836763848,2.8848139774125374,3.712833451467985,3.580944391889718,4.176376626305873,3.8183698117010176,2.0811814078872297,1.5430260961620204,0.8346139100963402,0.5889723780033261,0.937300899372721,0.5333606637188433,0.07113864384649818,-0.7852112197861355,-0.09934304888691534,0.5703393149138793,3.7177054915939394,3.031883159509312,3.511298282829189
1.6429484388205413,1.8527467681820167,1.4184278663342897,2.2610785337936203,1.8141473570920552,1.5659900611016286,0.5195635019681935,1.5308523021740894,1.8434875288333696,0.11920068068703678,3.546933056216168,-0.4329061027598781,0.30371609957109263,6.518616207667627,6.590480655465112,0.9156630614602245,0.5554381396604215,1.9834112698279385,3.4185744687707507,1.5257492520937341,1.4223487998800073,1.3939768548137152,1.9718898509195226,0.4980550309821583,0.06513752734167176,-0.4947534136225374,-0.5538812392788777,-0.7020284813911711,-0.8880179505606868,-1.5216547085535814,1.8610485451256324,2.9000740348041503,4.030718872997337,3.813032318333875
1.753834224607619,1.8937644282322068,1.4580701425018874,2.037883105573958,-0.429449053500437,0.3688302361618783,-0.9924687623135907,0.725989733293117,-1.0050268642642821,-0.3491335676776697,0.6669190802479111,4.3194561449078845,-1.045129422723565,1.5920186324884165,3.3198752313373094,0.09158360926429346,0.7661347431898555,3.6134312050851727,1.4247722272885748,2.8543930483266466,2.080816759032649,1.8421011211045877,0.850416999015582,1.3750323179536599,-0.2632818521211058,-1.0952834689308695,-0.18659678264400437,0.26996675417024574,-0.3854051276229014,-0.21658353227483826,2.2567536211108594,2.4088702578531906,2.993428886600536,4.002898558877526
1.412217676966801,1.435825371933835,0.5973119736769917,0.06161931516549463,-0.32378794288352347,0.2340770736316885,-0.021428684729633125,2.261917226959089,0.16598511833751944,3.3966227432208784,3.6420049172664806,1.978683212652415,3.233949004407889,3.3801949010690073,-0.39458890596069984,2.0542742305172843,1.254496479510137,1.4981859340134231,2.0926776014021953,0.38796416550868346,1.3933726312937256,1.1824963254197027,1.334478858726641,1.4444974293486632,-0.632966861450363,-1.3907210978577955,-0.559502883029358,-0.6353156431258782,-0.8534276529960234,1.0334271667686157,1.6429726943874718,1.961657683557275,2.097189897091624,3.112461380594573
1.7866844399018564,0.19990284926065596,1.2640430319797433,0.06557441235549973,-0.7242041260775856,-1.0500705208842565,-0.5242763672098676,0.15997040964819317,0.9032841707317132,1.0076055327060816,-0.08000403180540218,1.952327871949992,1.2109006430686953,1.3666325579154868,0.5948089041591419,1.3777298967294662,0.1379850307800232,2.0450374673182004,1.2992808486305776,1.9165389043841916,1.79982437556105,2.1398901873985485,1.6922525377796247,1.4351659966279116,-0.6488493545429467,-0.16841745797979665,-0.5879331523334083,0.10791792905639397,-0.8713205330193786,0.2375335318640601,1.1204391635894417,0.49641078848062564,1.617779666177112,2.4111584682851763
2.581954680034352,0.33799360551236396,1.4242782767194417,1.6904798427844892,4.61311364237391,1.344534526559151,-0.7370078414069176,2.3779791239224948,0.3635295479601183,-0.8221648922758495,0.7376739115799902,-0.12973729098165518,0.1717360241065186,0.3291593588051768,1.5553470814724808,1.3500744694959816,0.7798109481437298,1.127244786126528,0.5125228743874894,0.663468733339249,0.9936433030676035,1.4115388438071905,0.99893590748926,1.1486001547892395,-0.7934007150334497,-1.4438856657326156,-0.9345320549588095,-0.8010282718586281,-0.40892463062751977,0.2931785843104433,-0.048387718965106505,-0.6094781788557275,0.9449537700935606,1.7224636153620214
2.124508966139437,0.9417119306509625,1.7437463383851526,2.384104229521935,1.7906775153141583,1.778155927711281,1.63270653304887,-0.37775951105626193,0.8922426623763027,1.6245542156340884,3.1808761457813572,3.230130744344586,-1.8724716567268764,-0.9104455465183682,1.1453349066021647,0.543261471277687,1.5946511921057458,-0.39011487548940027,1.0806647268587455,0.9003257439248105,1.6787257123304444,1.5507542334066013,1.0846751176168303,0.7191701441488304,-0.09742105151359191,-1.0587012809810954,-0.6071459579168262,-1.979925786185138,-1.0573145282430765,-0.9211541048672953,-0.7465908195386984,-0.45825349433567003,0.22102348773247074,0.9071425262527435
2.1464692074204623,2.1506531394837647,2.36268296712437,2.5897314659922044,1.1015468713639085,0.7069696764081198,1.73783044774368,0.21699277218341032,-0.7752219645954125,-0.2858156301854137,4.070961838783479,4.3941737021386915,-1.5078514819966111,-0.7143270934980278,0.2915824586647601,-0.17287356030454695,-0.42731449685680395,-0.03069735702440311,0.8460804151752659,0.07742929459206552,1.5488804475026972,1.0008834095840635,0.8795914499362936,-0.10029309641914844,-0.17304631402360773,-0.6278404289586774,-0.3010799498562887,-1.2942105018638959,-1.489796227817079,-2.9260171271709456,-1.326813638730541,-0.5977443811632567,0.4342056404937645,0.3668725777686692
2.2174397397717995,2.8393988546015247,3.27814725352925,3.764337010730578,2.039138989218511,2.408483945469237,2.1576570282022822,1.2419994046973009,4.778810884766897,3.763818315839233,2.2007452758356747,1.9552835041414804,-0.35588174492139574,-1.8159045754465961,-1.008967803537834,-0.5472973747385595,0.9202608684350458,-0.24032773504458277,0.17513201857475993,0.2693787069408535,0.4452926002082164,1.1055692629397784,1.226643374159464,0.7403290028950381,-0.6194497916017546,-1.084778842676253,-1.2732479952518678,-0.4589676335511448,-1.3056237574488685,-5.043961562809031,-2.2698312621930294,-0.6883912565686368,0.14772554047624764,-0.8848037923647782
2.1741757741671743,2.78874423929322,3.7427557927624435,4.290689982895598,1.8609724160471237,1.382781141502095,3.7587643759899545,1.6642525434659032,2.67115917192368,5.351087718282037,3.051386884872459,1.680725175122199,-0.28737652855686585,-1.556998705161635,-1.0341166530708468,-2.1652904836377003,0.47369789836501897,0.4919649036893,-0.017201075489948963,0.585784154935277,0.7935304250656893,1.4193525923402472,0.9805508274367621,-0.21141966477207402,-0.15064016393439814,-0.8116165751779154,-0.9917663419406746,-0.972177510296478,0.7967255682737286,-2.172427212772107,-1.7926455779704502,-1.224039511493018,-1.639904672361426,-2.917146202458936
2.5112653958775866,3.1981747850872475,3.15323990711025,3.865697559130322,1.7621091386077143,2.4561763491064608,-0.35241285030999403,7.276200009149451,3.722558297238018,2.864660793969846,3.0299220971653567,4.820309029058319,-1.1764583532877813,-1.6696370797928006,-1.400893370421177,-1.6161436260121917,-1.058235099861703,0.06364833999858063,1.32296350559217,1.3939246142308745,-0.3620905679233162,0.6837901589943092,1.3220007712146253,-0.05832279106024771,-0.20446039967745755,-0.5926198666281092,-0.684321067892306,-0.8526209790701094,0.14718081424181692,-2.1158003569022443,-1.5259985529497997,-0.5622983940171228,-2.564660751238864,-1.093756786273714
3.832402932559596,3.8542622620807885,3.3539831156684814,3.718765770634364,4.047848641285604,1.7818922484526345,0.8783244707942447,3.245302079114692,1.5802705572990827,2.4982431116332173,2.413087208631062,3.660262681218846,1.8903606434947144,-1.1675377407400975,-0.798857284353422,-0.4161449636314283,1.6438830153621922,-1.0140144060045138,1.5142002588759649,0.4555280456425241,0.899198957577355,0.7502176293952677,1.0254121887775898,0.8496948516267162,0.22536773030554888,-0.05294966715041787,-0.34626337844066746,-1.050129551382806,0.1602152126105909,-2.797850222064727,-2.253461742532159,-0.7977611738043372,-0.5898822653114711,-1.6089576197077369
4.036754782269,3.7254037185525615,3.8414181805472163,3.4436189749916495,3.0797894324201978,4.593810983992785,2.213931394801258,0.7754393280380596,3.2044537993039595,1.105761059907801,3.521167271084969,2.9785813976666087,-0.23972715440837597,2.461918780575378,-1.5949149096906632,-1.8230736151686529,0.6218223446800196,1.7107630635450437,2.1529154309961616,0.12574627783744904,0.8721910639952183,0.4798279615043909,1.1511783855786688,0.7315944848015213,-0.07828548787107716,0.29288997323831,-0.7010338861393568,-2.069881240649131,0.9155549596375574,-1.3765866237965338,-2.3817430021305146,-1.0624992342955457,-0.48384321842209377,-0.7942031288809615
4.094010566114621,3.6780205199057256,3.802556813363143,3.5454354827664285,3.7416215417747947,2.4459778881733882,1.0531338997136646,1.803636459747501,5.1822977512441275,4.298354120550119,0.3232867724428286,-0.4972626065506369,0.5477307797059271,0.09956038638040346,1.4640729938556718,-3.081223920280833,1.2712066506020951,1.7767703648705275,2.2515957766358814,0.9628588119762905,-0.41543920322723643,0.6988936892102173,0.8162683148098552,0.8096798275275323,0.6882038140300893,-0.8578259480585403,0.07814437693173958,-0.6078993450339542,1.157888335330394,-1.0515828077050793,-2.5085831659177313,-1.5627717307184588,-1.071176707174671,-0.9137396120406345
3.2252175554288502,3.014694547878115,3.4198655929496633,3.25589807586707,3.19553799677966,5.041861891223338,1.2444351671523473,2.9692844393886078,4.940928376634852,2.4169977683196944,-0.09138030792335161,0.9091692676788656,0.49171242132567267,-1.202677788132041,1.522201865402525,1.3019830722354289,1.4798245914647608,1.8229771585608705,1.9276132874564047,0.008449104294620612,0.6837053082943488,0.7548362902083232,1.9973782354931677,1.2518240169133348,0.17265031094626646,-1.023972244060611,-0.9972191532308138,0.8146330989006589,-0.7795680627543286,-0.5717864643423797,-0.9942070695171569,-0.5170263021493482,-1.1462018969829673,-0.4559542166549221
