script/wind150m.json
{"header": {"parameterCategory": 2, "parameterNumber": 2, "lo1": 6.000198445256149, "la1": 58.999992894266676, "dx": 0.5, "dy": 0.25, "nx": 22, "ny": 24, "refTime": "2024-01-26T02:00:00.000Z"}, "data":
[rows 0 to 23 of 24, columns 0 to 21 of 22]
4.149066420572967,-2.703272912380438,8.154666053457625,3.321230440867203,2.046481933343442,3.4756165263193064,1.6966238163836116,2.160743769237617,3.745116697329035,0.19381173754419423,1.669357111010378,1.4521527380122408,-5.1272207485947305,-2.3466413602714056,-1.0005176925199228,3.2015896406786797,-0.462033193649073,-13.911989285975697,-1.5681480878197012,-2.8702963716092706,3.236770377103304,-0.45135975678992585
6.000350962471581,5.364204088493046,-5.327497609424906,-0.9871463154156969,5.068059638070678,5.055483178017196,5.876346191805996,4.067628002643268,2.0622423650150594,4.564165147009352,3.2375555943965884,6.340119575197305,8.20196292086362,7.835021166936296,3.111247709645227,7.860144942713495,4.247151627124277,-0.9241471110729876,4.204199063641871,-1.0103010524290639,6.376505941743911,2.290773460338303
0.1479344875570394,-3.4125455853669586,4.401475819264223,4.46870678917289,0.09844287817207718,5.933771766401134,-1.892764683665199,-1.1926896467652932,-1.559236398206658,4.475913819293582,0.2532459657178328,5.39745169360699,2.461993771297881,-3.6128453448042697,3.118261244224054,1.901187314905654,2.9309276058818132,0.13234424389734203,-8.095000047078019,-6.503889735660332,0.5613879130573282,3.0983265299351563
3.3570562656219733,4.921672980481836,1.2822903754834316,-0.4866679118185136,0.1230704868223872,1.313187555943727,2.010412158718048,9.016028712693752,4.27023854700278,6.406932930645332,4.974307975335595,5.1766183277565805,6.3336461126124615,4.146367096172403,0.9322051370855906,0.3795284368789931,3.633849260401259,0.7909409550957984,2.23859046876436,-2.6026162855729216,-0.003058034471244687,4.411148962444657
4.463800375828984,6.094251443889039,-2.2329657989555947,2.5676025939669214,6.287576084701012,3.8180908731073435,1.441912925834264,2.765071383566646,2.750079132217857,-1.0124951208190258,5.353700973344903,-1.9477494410555982,2.9905326064946447,5.002340174893169,-2.254579152327759,3.9797187268437155,3.690830975375086,7.4249458450111,2.5685084478147204,-1.2326549432002272,4.0353131626900165,3.149418529090762
3.2392798305805686,4.285437575628614,5.5913629302879,3.4914125146401553,7.219606775529736,6.900822590882606,1.720505183468511,4.873501878841238,2.560167518996146,2.113203241038471,2.164040203250246,0.7597149452725286,2.473229696499198,-0.30357124635821664,2.0462218152670366,3.0541879866436528,1.3254675749357232,-4.15205592045757,3.7904100680215502,4.390338512450218,3.843788643648686,6.787804464202417
1.5658984166909333,5.1962601539506075,0.21367574664470015,4.5510859421662095,1.3677258953289573,7.379058281286572,7.677564255138902,6.433312757425862,6.03480369455538,-6.045247926610277,5.868403974247698,3.1158625439485608,-1.0910262788378469,0.6164399517424566,2.8037520786175913,7.0882814926194895,1.7534271257164542,6.661911359157312,5.253680958808977,-1.0099542733189568,5.770711872948836,-0.8291450657323802
5.204535297374726,-1.6085684253594703,2.3545521079396017,5.6938180321330165,4.234266165560647,0.7337800081493289,4.034861571489041,0.9867802548164238,4.112982406312544,2.232322076077114,3.304003348768906,6.114937215153061,4.092927963412496,-0.7294589762423787,-2.170203169584541,-0.6103855025296117,3.8135211222098593,2.92140573385511,5.400141617036054,4.414018503601342,6.249099244817795,-1.6936208750964157
2.4590004072431175,2.9529169782699194,-0.3559874445399846,3.108222014271918,6.527665014103165,8.741313225109732,-4.579613914312717,-0.4820140204105928,7.4781756591452275,5.236303110153067,4.43626516215863,-2.080573738148786,4.235411565256851,0.9749433695619051,2.002757593217343,-2.184679783296394,4.495677378064368,3.8690264809237647,-1.8288301520299137,3.8758101080470015,2.0571976087842394,4.656584931827728
-1.4659326988311723,2.3692933760768637,4.263421532088112,-2.513113578568392,2.7417595991608086,-1.9071978097673101,1.276721165853377,-1.2219033726281925,3.9879723047478777,5.236593298816201,4.1558418873869405,5.934324083300052,0.42252516992706696,2.368750707428303,5.498354349040011,4.932127235696255,1.6694151383481486,-0.9081229904237397,3.216090832933986,0.5014115504841004,4.406325650962481,6.655502793478599
7.167128751560055,1.4255357879466277,2.066159287144763,-6.475912682408006,-1.189814545352336,4.672311611928571,6.938755947298383,3.7660682182390866,8.67144051352503,6.827048223985598,-1.1158985117910547,-2.6273210493282875,2.039288826082096,7.761991512014776,-3.531601178005542,4.860953376597658,3.0881067732052365,3.504471824978883,2.7951708214854722,-1.531131600186444,1.5066718907628616,2.3261344196228757
2.436014262883201,2.1522576790019228,3.4513064090996304,4.5599376510723575,6.9445609282336935,2.063675866229217,2.478747518874338,3.303123642348815,5.30313126486629,0.17408918325550726,-1.5062494516404423,-2.0187727632906003,5.638699601235954,5.591368192812085,2.6009021740616824,-1.3076161784736593,0.5074425844432237,-1.158026397886018,9.397106673838346,2.519342277555306,8.784913234982644,5.5134395201250355
3.6176706218135255,6.351601601474909,7.562068404582495,0.9935724916445924,7.963620226824486,-1.7463172030621807,-8.02724039739226,-2.505258363793885,0.6084956045940997,-4.104911119132368,-0.7626267452860925,3.3302000368108295,7.942569749840259,1.464943632813826,-1.1900260802243552,8.047493903110247,0.34772194249258437,-3.3629275969306014,2.7548779133916383,-0.12658494391559705,6.499462957450546,3.1237727522922207
1.8633505927736098,-2.8681953041683745,-5.462658103858635,3.053510180105573,1.2151067253381878,4.065758853760138,4.590418505345117,0.4887237651861444,2.7338068340911628,-2.0846658215822855,0.662112916737731,4.875186552126707,1.484253749749915,0.54558176332632,1.830218762684704,5.69439058698636,-8.01198743556441,1.0449604325290744,7.924518693306,1.3450792251500812,3.924809717127547,0.9403794855233636
7.377947305980267,-1.4581070659149546,3.71321696512083,-0.39262518473647995,-2.052178824038182,7.504362438803669,1.5108924220898028,1.4421515562381813,5.098909995799543,-0.4401535685965921,-2.9209261859629447,-6.256781762882921,4.93083005753348,3.5581363451416443,4.367086573323336,-1.434960756646816,1.6148889671248958,5.671023309329983,0.4212835910817613,-9.481253746750832,-0.2219509012295082,3.9646082561723466
-2.063467495424455,4.92359728721675,2.5316261565618334,3.9861915831780945,3.7288955990477373,8.868553843268469,-1.0746357850075452,-4.916341346958887,5.359407659020034,2.0837960869670513,5.576285775627735,2.1327615049187516,1.6370495318544669,-4.319925209300371,1.3548914492834598,5.62104559305598,4.1464707764293784,2.108759503410679,7.619682683888829,-0.6509282271332559,4.91335234249149,-2.2727297599948617
5.62177345547725,4.387854707727274,5.291143611732915,-9.476059673235948,-1.9549952268689592,2.390589880704809,1.6161035082209108,3.187189907842443,2.4634807551292095,1.6380784505511197,-0.8111247028309279,8.29485343391572,6.838121773497061,4.768593893881234,5.254340637834405,-1.6454509560535995,4.41139534720701,4.738672774348138,4.118989026300123,-1.3083033502463781,-2.324606396479665,4.3512106474819845
3.9197598205666333,3.537315074823471,5.378749426331281,3.7433185609370083,3.7764076845137136,4.73834100955308,1.4656674190579118,1.4026841397516847,0.8814523085824896,-1.0025408696551017,5.861676506318288,3.8542466469836794,2.3541075752028524,-2.2941176417822198,2.9335531486426625,5.5595553777395015,-1.7250068960339116,0.6883577921077566,-0.9200149097647904,5.238402470135355,8.67855848598157,1.6832542275674065
5.167173922698443,4.280358630896384,5.852199402151368,5.378476239135696,2.576319737859079,2.7216246353064597,5.705165346392857,5.397881204232609,-3.2063538392968067,4.7283691184257615,-0.42221736228252404,1.7611597364321738,2.25402570682926,-1.2856012576519977,2.273177527346978,-1.7793904170095314,-1.0441705127901548,1.4937614319969001,0.38738264951405066,4.963564677699002,4.258752464006041,8.026432344752681
4.849312254766016,4.56594558760526,3.62573305597898,3.1233488673488377,4.76584517684406,1.8812294730623451,1.858799833227657,3.3297775021392035,2.0828773919051122,5.859492168364391,7.8683907404274525,5.241474189247617,-1.9058585309925713,2.2133961451659983,-0.9309126999242526,1.6649946023902318,5.1780327871437715,-1.681296133051203,5.009523889870298,5.21048931537005,3.4222417949340125,-1.1200670911471073
3.4268154489966447,-0.19620775187385683,8.553438461692737,5.362525201857407,-1.325937042231147,1.2444523361801016,3.423176660795914,1.7972752075955145,4.5928810858187665,-3.873383860932417,1.672022559878729,-1.367449403345478,1.7632537241587076,3.390290926258608,3.3694532084887348,-3.7150219978895223,0.5304407207781123,1.232504723045632,5.593012889633755,3.4030970917487604,6.362635381294003,5.572482036137893
1.5859427540400075,5.22140751699202,3.1530108616855035,-1.0895138410288066,0.62084732908286,3.9779471382661007,2.02884828580899,7.927508556481902,3.900031558591462,-15.114301189360363,1.6329199160561991,-1.01090134701395,-1.9436063752727293,4.7340734180920725,0.9197376227182492,9.592416874655665,5.789943562327395,-9.940984360110358,4.562679578242008,-1.4609321673105218,2.1824158755627754,6.054890238500191
5.088075376320836,-0.6733179761395797,0.3525588711239558,7.0175483990822185,-1.4068045838201009,0.6866161537590676,-0.6340453861687279,-0.739235455254839,1.83571297791388,-0.7252968758422367,-1.633702138385309,2.4603197844540965,-2.4246707349341694,-0.7886701372114491,-0.8817802429290116,4.935267055519285,5.399039257515947,3.59832325827929,-5.2128294873263865,-0.29147241267826757,-1.1629495015173426,-3.837567270649487
3.889515463540827,2.7979085463556173,-1.5721074074685584,2.547964143270675,-1.0464442264826541,-0.16719822840679338,2.246379695685871,-4.505380737959242,4.472974855101818,3.290466019583133,7.977894965781479,-0.06942751000144085,2.4220213512880027,0.019340860810583355,5.622603894444449,-0.0656590056355378,8.554077776366984,1.3801094143584867,6.316882763502124,6.425786473078043,10.220760807549542,6.975127028202875
