script/wind50m.json
{"header": {"parameterCategory": 2, "parameterNumber": 3, "lo1": 3.000054539987559, "la1": 64.9999836372058, "dx": 0.5, "dy": 0.25, "nx": 34, "ny": 52, "refTime": "2025-12-18T22:00:00.000Z"}, "data":
[rows 25 to 49 of 52, columns 0 to 33 of 34]
4.225043893098565,7.7525460376806254,9.597778535059668,10.408461539254857,11.240647197832732,8.71962641958378,9.06962316515271,8.761560228348893,8.18750408666317,5.201944328416528,2.453285154693666,1.4463119915395575,4.224451118123925,7.983583461228157,8.721391957067564,11.372885337686727,12.21109688560226,4.482102018717127,3.7919610374774453,4.650646012156727,7.6628446187909605,6.091378825598899,4.15300282852641,4.016671136147111,5.08106199765135,3.599347675880759,3.6635196376638106,3.3163221849637914,3.097996914384936,5.142521354690557,8.302214130215571,8.411137935615281,8.828204939668682,7.936166142706301
9.627724544806659,13.50691967157542,14.720302362285834,12.044824606029472,13.705346533059279,15.367096609149971,8.792848809523354,5.908474991165329,6.725299292606344,6.150362567401741,6.089759010979921,6.646488665200378,10.307734232560826,10.162840789246895,11.481020447175256,11.726366697042854,11.20655663192871,5.283784748237977,3.8698380148012155,6.545831670609675,5.571999928484092,4.809683928972,4.9905343230352885,8.17574972436241,4.365203156739905,3.1974489687580143,3.9721875715221597,3.249571843077757,4.674605400895821,8.089598229875445,8.625685996070676,9.092767522836965,8.846234219756349,6.973555600937975
13.512132107255592,13.91740922929601,14.3416185583194,14.52439110592104,13.815022774216946,13.055400485865896,12.953224078864993,9.216293834369505,7.573311543038698,6.860438424429238,7.267191471735426,11.254896347301969,11.343007784334786,11.322990218025241,10.931369765505188,13.17325375526462,12.098088777745522,6.382254317028992,5.002466215661555,4.77556622788983,5.810142389282762,5.016729275169587,4.227172366741367,8.940151766717808,4.924333529893554,4.472163526219488,4.368669232148243,4.786529550082182,6.615810052365268,8.68064179978874,9.041946341829016,9.3227613475045,8.683395948547169,7.431526769475861
14.04499132052273,13.962214437998474,14.624696914858395,14.745708185707189,14.620567069142785,14.117413654043771,11.609023825383822,11.681069875050301,9.325211805186411,7.643515470559133,11.430315971552217,12.367182145098043,11.120104621725117,9.855051874361743,9.883491815644359,12.643509539258828,11.606731895127643,10.71295192534513,6.639280382403619,5.816283219287171,5.13913970442933,5.166005388185194,4.4282359431503995,4.218354090286928,4.37445038254202,4.032152844934392,4.253389382529103,4.610603892992695,7.1836498641571325,8.848998528287641,8.638560072199391,9.517319488255627,5.742485623749811,7.428585981560327
14.968211210377149,15.688039650856833,15.917891488891998,15.908750758078204,15.445785767708376,14.47371557107749,14.095656634001296,12.983928083059405,12.776832247221673,11.560107246980436,11.194359178687128,11.454931310561514,11.881805020218012,11.324291512578515,10.193894112896432,10.936976698685386,13.568820624239398,13.775710454727186,7.334080525392436,6.685105400991211,6.841184121902377,6.2803705377749175,4.785551345099912,4.286748976771101,4.673984354193041,4.254610071959894,4.045410786286989,4.738369928028098,11.281699234404089,10.741334974298159,10.528743335047082,5.69040026327879,4.355507119328972,8.750818528535307
15.223496336104697,16.419875446812128,16.835665345410927,16.88344421612465,16.640069000663047,15.774328324946623,15.530775066219103,15.361745686078235,14.836918011620927,13.392390922515686,12.091033264126423,12.109778857500908,11.501721810792995,9.868297841104637,8.466352244377946,10.894624532961643,12.109917221903192,13.315249534855443,7.837368438373571,5.768917942320231,5.582396331943517,4.68308170858011,4.935971740393354,4.379788000936693,4.079670242931294,3.6257298385677954,2.960232666251389,4.190768677372974,8.479808116229895,8.198126677864549,7.8119079785180405,4.50675576584953,8.10584114448842,10.385292147359213
15.608569932431317,16.770894124120783,17.46673035307386,17.77743438885513,17.76419329761165,17.378522949377658,17.026201471585445,17.1661673823891,16.283830432378455,15.711221071163424,12.432216980957161,10.8229282382706,10.465736408362973,8.257478413646089,7.653034478827108,10.880360147375361,10.468905707789935,12.372255078172623,12.614668554567778,6.077432787083281,4.861049284320216,4.270383922925551,4.2581557758007555,4.414597365608927,5.089534187470099,4.4794821227009844,3.2439808367103047,4.301003532530118,5.154937135188892,10.435436880800946,9.135816131086719,5.168009590742682,9.324654196310213,9.458122070347343
15.95421124931121,17.031734963519767,17.844834840860955,18.232164858234054,18.058057872616864,18.10188424240297,17.904287162880134,18.168464286418565,17.69951491400685,17.50657297222709,12.73547700942467,8.152844566774021,11.35703265972921,9.219392468211192,7.97450826252952,12.99755987649374,14.676136977687442,13.074465619925455,11.839307653582921,6.155873493489011,4.893154090464736,4.672379329370942,5.056165767389298,4.673535188757635,5.280839480288527,5.36785330167151,5.477309390557607,6.029993190788276,9.331670134333985,8.851174383289852,8.165608884634773,8.154271493047657,7.949475187768964,7.34209609397058
17.627593063098423,17.8665063888453,18.33505947551092,18.555023424920815,18.530041865598115,18.778113293498944,19.099335030301102,18.838048942742972,18.92817191432335,18.454643685199958,15.271358588410262,10.29832943317799,8.732640842369127,9.138819858356902,9.246795252565784,11.947397865009663,14.28615814411017,11.650453296936995,12.327403977773786,9.787802528806138,5.506110416359794,5.49402926847854,5.056081853920498,4.675324133640042,5.03561004553592,4.659820178244707,5.01720062671715,8.921614091126079,9.02080269711667,8.398515411767601,7.850848236391677,7.178089797322764,7.339967647040944,7.444862951337848
18.966195270698996,18.808269456587087,19.074742063193145,19.36241403274264,19.43482453761815,19.4777216682557,19.532798464382473,19.325602812334743,19.13970278232406,18.95104992171569,17.016617204299678,10.600248846253724,8.523137810306627,8.825023530116693,9.190042100301506,8.934091804069826,13.256807739696931,13.224161133052265,11.610394663454457,10.731441868984723,5.327382473575023,4.295541203426483,5.303760646484874,5.388088866157707,5.30993001475469,4.5654150285369175,3.8997565360225925,5.8765859896708434,8.390018234422019,7.883591882570426,7.593353544700015,8.318988303742287,8.581043866195465,7.570966091958629
18.138564286500714,18.41864520035106,18.902586585150708,18.986154350836653,19.386571143001746,19.57887784929841,19.819581982715988,19.13255820113966,18.907259793380366,18.83455503129772,18.586826810026103,10.534498646703879,10.16736991735129,9.275593176138798,9.503139847865844,10.568164749727483,12.008514744260584,11.169496248385688,10.48299433462305,8.231495351992002,4.943704408201426,4.4364369473016385,4.889431963657197,4.424172732779076,4.767074481954277,4.551155308365606,4.859404440721632,7.957898421478103,8.713855430082278,8.450809194778444,7.936790667739859,9.036783248556363,8.980379791089993,7.045813608885498
18.09928836492657,18.575386072230316,18.887965439261404,18.837669360666336,18.88835929097021,18.609344015691978,18.926542815277855,18.361009767816373,18.16536872219946,18.053622121620744,18.528171621226292,11.453440735405332,9.055192138229781,9.680178127457324,8.887789808973507,11.07152059027215,11.425823824712026,9.262237895345823,7.052858203340843,5.900927928754711,7.273560443922232,5.703905421931803,3.886960700055695,7.832994963775689,7.310009130096185,7.548243301881145,9.01971385525971,9.484874253282651,8.921097238244773,9.199738730277158,8.879849199508216,9.33065497512368,9.099690879076064,9.376670406668124
18.42749420458684,19.04167858501593,19.115528393775715,19.011738248533028,18.967037722196714,18.59904004967818,18.829956485130953,18.50754535453067,18.171554084199386,17.291619323519075,17.573054119462235,12.527624095779451,9.524875476881684,8.283247181945653,8.5902749126917,11.39411602596009,11.002095207484553,7.210356685742116,7.129593421860691,7.458939788969179,6.7429374967205336,5.9187842377116375,5.162733544029545,9.221839268820325,9.029329131151,9.061385222110559,9.662079456002044,9.578787247386263,9.830625637461093,9.405714392349529,10.227322395014639,9.243534429345504,7.9052857921936965,8.209690671089101
18.62559008613406,19.256839652654982,19.290571551591565,19.192505458575567,19.195272892654927,18.800391653446017,18.533874833681146,18.140221261356256,18.20235745211054,17.455419447693497,17.198859246599692,12.81940170519907,9.898218516822743,8.481819774377083,9.90250624499109,8.585102137916717,11.864338688097442,7.531762727122588,7.099382882662163,10.18582274803924,7.660636064416747,5.963032598010763,7.067794121310499,11.11096472828575,8.836930831173758,9.918913028248426,9.84954510664036,10.203338210632419,9.94331899762414,9.562872831459996,8.851835708358395,8.326225747225052,8.411486226239772,8.911000407993987
19.502211649218445,19.639452218470236,19.593952513931985,19.470114503843188,20.049277041072106,19.323159230250635,18.7915181213889,18.150857794844594,18.209758270592836,17.726737564765273,17.17908903236866,15.646049793535996,9.996485271574139,9.576371171392292,10.236704096291911,10.170333873130957,10.959496508240676,7.8919039626909155,7.217341972095624,9.336559495806728,10.625576551112974,9.551385038070043,11.046197747613746,11.100374173887396,7.191485201030037,9.969895529610204,10.51950569551137,10.297764790890108,9.485645383650859,9.286507677009748,8.109604352475886,8.237189051800183,9.50796518336431,9.396393151832887
19.64206541131087,20.041293276988515,19.971272485165127,20.072384625352964,20.092747927033066,20.137983300010585,19.338477033100915,18.711877635137313,18.74730752865497,17.824178582437025,16.857257513333913,15.683617266532101,9.870419951235013,9.666201402951021,11.054236568224807,9.558309895259839,11.233846415032826,9.5669226917592,8.164180293093898,9.83759526791429,11.338143518120319,11.293658073177541,11.44432406418385,10.709033767045804,8.646136444041511,11.099308651331524,10.481294889691034,9.462663547056769,9.60056657664714,9.02405854887424,7.505326776004455,7.4163905382788,8.77723454901188,10.058078056388394
19.2432267385001,19.56402403686115,19.944526488997276,20.301680163040093,20.499627551908265,20.23260671614696,19.348188404130557,18.58847583110937,18.78792359890731,17.506172806565026,16.379386680153132,13.731927448460093,8.737097201913631,9.66798136558459,10.684828608326109,11.306388546808725,10.831431163652676,9.16697449383936,10.225283703206355,10.620955222286048,10.736583246608275,10.018531208086246,10.386939064508397,10.996185864931643,10.975617826930966,11.080838058812152,10.254053045044717,9.352897899532882,8.750737859857281,6.121809262392928,5.335459901888257,6.842829765403773,10.825848583822362,11.161087343753819
19.335916867575957,19.528746447581423,20.03773019446267,20.4963967192114,20.549669099620303,20.030104290808392,18.70777452583014,18.309826378936947,18.560985090961967,16.960263512352157,16.37686525843095,14.770586976742216,10.73579116448791,9.134883076030821,10.653085503015728,10.21215976009668,9.275362463281613,12.03988855544343,11.960734967511504,8.881387587274537,8.559405176686063,7.085221710604459,10.907217396906603,10.724393791734363,10.326815283200437,10.278141818593548,10.495053420882243,7.365097031361312,5.570976159093455,6.778118443081613,6.058298094210233,4.243595104122416,10.24833098694188,9.802158608286144
18.69770117590946,19.360256901428542,20.554406584885598,20.562060852770543,19.773379490986372,20.04650827854835,18.179205506664193,17.966495882889824,18.06550622344107,15.907999653865868,15.291763156316005,13.785903702672865,10.154313744632216,9.046409202168292,8.544559812843502,8.350715432485718,8.301341413115894,12.520079253029376,10.356643505414787,7.2124867700517665,6.759512677451286,9.472455693959516,9.881351324193286,9.67081445083554,10.055212420440432,8.974981529693034,8.20358168991321,6.616411973397858,4.938068526871075,5.60776634713908,5.469632162520269,4.316971924563115,6.00410509332494,8.019420921109617
20.74316988588028,20.441315753392974,20.600534792381644,20.740628132738955,19.23991458166854,19.600996869746623,17.869818955275004,17.00133841399397,16.89929072046746,14.69095940693452,13.279154362037753,14.336869609005007,9.241869861346155,9.640004736690864,8.450655842819836,8.447255700387954,10.467217789399097,9.271774881230188,7.018333913405047,7.545280437089314,6.583565691131117,7.860056987177187,8.160568545188552,9.3872226607141,6.250983497194561,7.883521024674128,5.73746584724172,5.341050285050662,5.3028902763255825,4.737521593451121,4.312151504102054,5.288223634068978,6.672651460448862,8.624539658272116
20.22038109879767,19.976019958491463,20.403863378499366,20.60993473164349,18.718772018884838,18.298508234628365,16.516610316052418,16.075688586102306,15.507713832290513,12.188561272390368,11.584897364835934,11.942929589495995,10.114858086343881,9.239201585758561,7.753980990906683,9.34390074255905,9.331750566871625,8.431844694195235,9.240748027860072,7.6720779008518285,7.832213152473511,6.999807429656636,7.350670019407154,7.822837211185754,6.3496247565360315,6.351383843807623,8.174744622329413,4.93716405895616,5.272205335009205,4.845713288770275,5.210738577173715,5.223526129977047,6.212159690935645,6.3554250981162905
20.30025662165614,20.155323589409615,20.430122738244226,20.25137788761858,17.137890853612866,17.293126922001615,14.881929853461896,14.77872844867411,13.734259358932098,9.448417315981258,10.104412027323654,10.214784723053809,9.349945327885488,8.43544885169268,7.127667230638361,6.6545127237468416,8.077439082969368,6.43908507770033,8.202615996801732,6.3533804574590595,7.312653574233624,8.208670781729738,7.464221003309997,7.888843078467063,6.935237855789573,6.821207183126197,5.558631192617062,4.734927034161847,5.9988545152540835,6.157895499965858,4.878996804750179,5.221499332987264,6.242251865319733,5.840883197293744
20.108485694074485,20.30050697065323,20.124016529422935,19.822992930599774,16.166000005197237,15.12730465990886,11.595511234760354,11.763912284707708,10.57197632116717,9.515367753760538,9.053470015769971,9.253940227845685,9.446211427607915,8.69911709263179,8.564553995439207,8.189970167366882,5.543809163094633,6.045317689038916,6.90727008374971,6.393364983744792,6.019715975775052,6.802481501466786,8.326646901142201,6.718662745421373,7.296079234428264,4.244239672755762,4.748073675551436,7.662160610557001,5.881175808065282,5.697950078995702,4.463883434547246,6.963267007816309,5.9907635120782885,6.623905864368402
20.591930791823547,20.05894357197372,19.54834970071618,19.04385421013161,14.245061882119392,14.189705421885344,11.569340867717363,10.240020840868267,9.76470554589198,10.355839890513334,10.492995321682042,9.178349355091264,8.812967237639944,9.813880197837266,7.357106514506707,6.927802505470462,5.688262704694591,5.849427303737655,6.743507384734338,5.245032878429217,6.477064741529917,6.004914754773793,7.210348038504961,6.267648814517549,6.0897008350269415,5.683022503081122,5.21891606222409,5.0786753600140075,6.862307596664466,6.468567758380933,4.7604271862750895,4.266573577541703,5.649024133087643,5.860819354601371
18.472607607799368,19.3539132717145,18.990126786399472,17.927687871603844,12.285479277701924,15.274081381104097,10.899908345456796,9.96820453251772,9.158079206171754,9.32180059346583,10.990240807195828,9.874519095910184,9.303321024762232,7.655718843675896,7.273082474882172,8.016239688523841,6.22672107144046,7.608134534641856,8.54033319039554,7.258168425899342,7.645981592706066,6.723830127371755,7.44491962160597,6.755733381233338,7.562245644339975,4.775987715451595,5.703954081673178,5.599903775981579,5.6104079196602195,6.150685654086225,5.835456173939647,5.478370316695264,3.589088394831391,5.427520668610055
