script/wind100m.json
[{"header": {"parameterCategory": 2, "parameterNumber": 2, "lo1": 6.000198445256149, "la1": 58.999992894266676, "dx": 0.5, "dy": 0.25, "nx": 22, "ny": 24, "refTime": "2024-01-31T18:00:00.000Z"}, "data": [8.5995326225678, 10.66469519343375, 14.878265530053014, 13.910574672544124, 15.88001117163433, 12.14036822809097, 17.819869663788662, 8.960903245940498, 7.083624909725252, 7.665412599454966, 9.735455011452359, 14.792166769988421, 10.199872244794362, 13.076241725399562, 11.20790800164686, 8.881915619790249, 9.437517328871909, 17.293964228053618, 6.726855238049642, 6.357699448938397, 12.323342545939372, 10.086651078061912, 16.7229233467307, 12.183125952057278, 9.31293445086339, 9.97537895343805, 10.260058636172872, 13.441824893648329, 16.773075901275174, 10.525202644351657, 18.5827471895725, 19.359251186417918, 8.543896794888536, 13.158001335011209, 16.971919345606047, 14.983611392365276, 17.489298924944723, 16.713650646194278, 8.833303016761162, 6.090341377767791, 20.29072167961918, 10.707328633324801, 20.37637273269298, 12.819560543484569, 9.213380006605428, 10.313511402151319, 18.59352844674524, 7.789833901046743, 6.372179949711117, 16.77114165377197, 6.799080398579686, 13.700764654314654, 5.934492878651242, 8.383043511724093, 7.832223421873288, 21.084723870742256, 10.393126631129649, 8.110863526991974, 13.80843019388744, 10.1393163518557, 8.377805851944405, 9.827908754817663, 11.21720469186267, 13.449145101907861, 14.776616261297335, 10.271122424514003, 20.020707086935012, 17.77346916827709, 15.201438954668218, 6.777779036343947, 9.991562630555181, 18.839003919131315, 15.030686033242128, 18.959518794286183, 12.701103805698667, 20.298436788674564, 21.982301158890003, 9.968902649156936, 16.99242892836475, 14.216964255760937, 8.865320956526109, 10.632586437985493, 9.681445892559324, 10.574013529640519, 13.477631497247279, 7.8069204618245145, 5.897797311697419, 14.791347980363472, 11.297795372209595, 16.131180028961637, 8.385538459053985, 11.681128088946231, 20.43621063328011, 15.021526587989024, 15.767868704450926, 7.523444029692665, 8.508657873770439, 9.550166661288944, 10.326718095447232, 13.672540688496559, 14.524885926906663, 15.288172945493717, 12.94292495793777, 19.10423458688249, 7.1576068657914425, 12.589804501973576, 8.508757590382325, 11.093550886788506, 16.2745049424354, 13.050244546723766, 12.75020946534674, 13.266761890853317, 16.97530090493601, 20.354592381941874, 14.187341566710176, 10.783123776911422, 6.645995126871056, 16.33823861402334, 10.577593323645125, 14.203863434121482, 13.08877154754582, 10.432662447789165, 12.175461729604287, 7.911308191392571, 14.930053211441711, 13.571086877570403, 15.777683359274734, 15.26996069304774, 17.346096685506385, 13.426900595117093, 9.053401503325794, 12.358889508344648, 8.129094634818111, 11.829619311504777, 11.735179838125369, 19.980300659966044, 11.586802885437665, 10.39532044394395, 15.66169386959076, 9.323786660367944, 7.8121512702803155, 7.501220807497197, 21.41159119636116, 5.8445069902002995, 6.425583345030223, 9.20620823889381, 13.240687960680976, 12.073975552815083, 11.323301927195281, 9.554161893622517, 20.309751112520043, 10.843974314062086, 21.602550833825347, 10.76528402734297, 17.127631042099335, 10.612022421209328, 14.157888829757837, 13.793346438091625, 10.623951913015501, 10.595581559968933, 16.993935658404656, 6.867694065956849, 12.491610062627203, 9.202392889838636, 11.799170943990699, 11.822571627600137, 11.403544894780842, 16.223224659299568, 14.779929008278803, 7.915467661723223, 13.043845038852528, 7.614718704143349, 16.906467563437616, 18.959482223137623, 16.97168442679203, 6.41966077369615, 18.9366603758695, 9.254770858718581, 13.456735109819377, 16.539095011957954, 6.427887178902642, 13.73896384148501, 5.581836755143245, 8.765430111920763, 9.251414953387727, 12.975002833960183, 20.59622219509388, 9.348580054660731, 13.430890503677189, 14.22291536575588, 13.505343601936634, 10.378993058187689, 12.120942664535171, 6.941977989653134, 14.863132974223856, 14.439983952780373, 6.590665703611387, 10.151154068860649, 10.1897213197232, 16.02958692586376, 17.830651575952185, 9.928789321113692, 18.925206123155256, 13.449375117017363, 10.939729462360152, 9.974451173841782, 18.293559623459007, 17.070305845706894, 8.194805361974337, 18.96748266949059, 8.927965835426374, 13.578523169619535, 19.348018440103626, 19.39962603483043, 13.030927013750718, 10.399132009245568, 7.126473504611976, 16.49845631207463, 12.855243377829252, 7.656403323183711, 19.61581141180364, 13.964486683240935, 8.679029548026731, 16.66301322963807, 10.83705978391658, 18.415863012131165, 16.43229278098806, 20.253032200362078, 9.195741570602904, 19.8690160491263, 8.054035800940726, 7.532310016425772, 10.39994016831062, 13.433056588335612, 10.075041546210384, 13.217794809594768, 16.420128073218915, 13.249027470253596, 11.921049550794981, 6.77086088209679, 16.54459299777041, 11.163171538888813, 14.252791832980598, 12.696259496278556, 14.1615210257355, 10.396081145067033, 16.50970511817456, 12.295065950346464, 5.9699182571859675, 14.08043444471186, 17.332364041272204, 13.933769049516913, 8.653265681809108, 9.585074855279233, 8.1160887014049, 15.119829076028367, 9.325205616273227, 8.150191479664528, 10.30051906087975, 13.681307491304684, 15.529105765141312, 8.239033521837525, 15.109191834462466, 12.460674838741394, 18.108451753712853, 17.348431153295188, 13.952659825627492, 7.653054316463136, 11.090704969617049, 17.54865104870493, 10.064650791536694, 7.260805365939746, 17.17818228759659, 12.387497931467754, 8.88800295523933, 18.985127998502126, 12.092577725890374, 8.032027771836209, 8.787604878786324, 13.155963166139648, 15.019474028802845, 12.244043244865548, 13.71142773241841, 11.607334599824801, 17.942100970572717, 14.974390271935428, 11.381209521587703, 13.136064290628076, 15.685087494334818, 6.467768360112848, 7.147879842729233, 10.15788663933539, 15.189179976533122, 12.045427499110977, 13.27313829247036, 11.681672654129423, 7.487039512771732, 7.135880537635876, 17.999305766203832, 7.424846614231393, 10.42545558200559, 18.665720020785656, 17.30923620610144, 10.905264703952453, 8.541488890675128, 8.965275082190098, 11.32781723579702, 8.574139253146983, 13.689481095653877, 8.202319379476323, 13.053351490540654, 12.778735634011863, 9.502156085541142, 19.29083038141583, 6.169398763963443, 7.936121069350255, 15.835995600251977, 12.798016799405891, 9.032509603804733, 16.716989692711568, 13.501518985826964, 9.943606120799485, 10.268658718011167, 14.091211686320966, 8.665078417195286, 11.11680283234983, 12.365403108465179, 9.344407025893391, 10.31369868786459, 16.73147985162347, 9.953219739146274, 17.133734728448438, 9.76960977509671, 9.662507038470759, 14.59330399144749, 14.852829801262889, 9.445947812102489, 10.733675568400306, 12.601922272945359, 5.033241688952004, 17.39581930138274, 14.133127934539445, 5.032232678100496, 17.149936529464977, 9.4856960116334, 17.219974698247988, 9.326910235420423, 11.476558061259205, 16.27201412100395, 12.33716595455766, 14.008832233037474, 9.673376839122918, 14.639743411494761, 15.135527369203865, 12.361255472465949, 9.122191821829789, 13.789905117767852, 11.249917681214358, 10.422500005611766, 9.280899552524712, 13.931696893803888, 14.618529630793924, 10.03948878707895, 19.254593909878285, 13.655958311158995, 17.92226144940219, 9.558052280942816, 10.767844476164726, 19.88274303647099, 13.498060669135102, 15.845419437885559, 5.112348872553758, 9.082289200961242, 16.628733296929873, 13.758680118519338, 13.773692956044094, 8.040230435577222, 17.169745939260768, 8.742090896079233, 19.54048793167039, 8.522260198026043, 9.769430629523072, 10.192589692379341, 11.47924667704034, 7.452885769412993, 7.027240834857932, 11.358151231206985, 13.579985631882753, 10.666747089416576, 14.167356314543294, 5.325183460299253, 8.2771217572378, 8.412769693178904, 19.689357476760264, 13.475342417795732, 10.807236679569908, 22.200299896091884, 16.99540125212938, 21.788882916092625, 12.99307560633583, 9.848513701211484, 14.85588244348889, 12.190481352754823, 13.021682526389398, 14.785187573421771, 11.010266347668114, 9.98186730753707, 16.135048895604488, 9.55419896502335, 9.953621293691166, 8.703869896041184, 15.5799689411211, 11.17189878262003, 10.117461484625153, 10.009526049224233, 17.44439300014476, 9.556159214872356, 13.441332819408691, 20.641911803052157, 14.219149712359949, 20.080115393539277, 11.002058414088735, 11.023228651301444, 13.684483621224073, 12.159171698023483, 10.579524765306173, 18.7437019215642, 18.525460154322072, 18.79510882159779, 12.659980073628294, 10.48872048868206, 8.466284068588084, 7.846546039905567, 15.377320516039157, 13.193728578394493, 5.150987862672203, 18.42341996883783, 10.224182996387968, 19.37772693803152, 10.163574406538174, 12.896949591674781, 12.950350743031404, 19.84826981156399, 9.543371638322837, 8.448333918342254, 14.457251579572857, 6.5792620205640455, 8.950029678808889, 10.568915607700633, 5.979945386246821, 5.9499548066782015, 5.583817427788746, 7.352197654809935, 7.051348296663674, 11.643636591763597, 16.580629022457906, 9.9426766822805, 15.178067691226394, 8.633495429652577, 10.789235314696445, 14.894879411810876, 14.06406070143863, 9.90718460602338, 15.132447997445828, 18.81838340743349, 5.405416172678504, 11.493263877173801, 10.313770205842893, 14.075963477839808, 11.07233649797901, 13.654493202672574, 8.747229307101435, 12.590977952300284, 10.11537536381146, 11.744176120362045, 8.02134243397991, 16.85062995533058, 9.668822439668748, 12.875943725538804, 9.556676958118597, 9.169011733329617, 7.929003010868509, 6.925810131295286, 16.267517516975563, 16.95826524742608, 9.364517007270468, 12.16824198576311, 15.223506542709998, 5.497615149776768, 8.88082859603548, 9.625699823545409, 9.291171286075523, 13.62037776881606, 7.425912379068601, 11.43883799605965, 10.832923448478804, 15.584929841166034, 9.7261366229888, 12.850574972790703, 12.87744052660238, 17.469156573880937, 13.369475840946302, 10.502150384489305, 7.869562464469494, 9.027344774334408, 10.773229067275272, 20.80938788746125, 15.835863965843656, 13.028256927864442, 14.6503729154613, 10.636774218521051, 14.85223058973801, 16.00027595648832, 13.9264747356881, 12.61293911924663, 13.231555349437762, 10.90317522753572, 9.32278828964854, 9.051229669227988, 14.278950396893597, 11.675042203807982, 9.024895405849296, 15.517185997298053, 13.391896393874182, 17.945857829508796, 20.824226231629932, 8.428998851163483, 9.740808645618982]}, {"header": {"parameterCategory": 2, "parameterNumber": 3, "lo1": 6.000198445256149, "la1": 58.999992894266676, "dx": 0.5, "dy": 0.25, "nx": 22, "ny": 24, "refTime": "2024-01-31T18:00:00.000Z"}, "data": [10.157923792651756, 8.336003581889651, 12.90405973004069, 13.686670379112318, 13.681175453177676, 10.770232126791704, 16.246503912816415, 9.50834406140706, 6.718654180812289, 7.219910339924632, 10.405534923505684, 7.154587134653929, 7.517323975579994, 7.276377644094353, 9.424569669641336, 5.6374070665063245, 5.665147432145223, 6.332721514579292, 6.999963459050567, 4.564462364737239, 10.740028407374695, 9.24811024514092, 6.7335167318209574, 13.819472803100162, 5.23608538699863, 10.793313774976102, 10.024540850920523, 14.000404440065717, 14.046446501675126, 11.522123244015214, 15.693944470168088, 14.764898881915368, 9.036672844219195, 13.8611241782834, 16.496419394624976, 11.72682051806898, 17.678193257816602, 15.069144678342312, 8.253469194273377, 3.454989062900885, 15.017216457590592, 9.294009770561999, 13.92930836358626, 10.459476188846251, 6.775432632678931, 10.484415621855732, 14.802654023574744, 7.574410579937978, 4.649252043122145, 9.271893927764634, 6.080250115876873, 12.17452069899327, 6.939677703443281, 7.591971867868493, 7.573999238039309, 16.3774323445136, 8.759300865759739, 6.274567023290735, 11.264799585079098, 9.800887696383889, 7.536003679747953, 11.023080642541657, 8.662931620476195, 10.143284338171613, 12.30388857459564, 6.47106355876393, 16.568690922184526, 17.689248021638072, 13.169397109235026, 4.728555573126073, 13.20136247856605, 15.925268340914917, 12.403142594457723, 16.310520430267086, 13.668702606866765, 13.879869965264898, 12.105271912481221, 9.841572756992234, 14.336619809135792, 16.8151488436892, 7.169411878549986, 7.518383269456988, 10.726794652069083, 12.629242703077107, 12.905390122882634, 7.2276292191923845, 5.185076571400097, 14.340028614009146, 20.18607852969263, 8.24691614377403, 5.757419813922476, 9.111342609167583, 14.044919876921766, 13.186934569652786, 8.13681842235258, 7.08762943600071, 8.507072029441828, 6.730840000624321, 11.309689760541485, 10.531910752614477, 16.52777883356136, 7.63651295323434, 6.959256737342796, 15.17485369387019, 7.120935764180866, 12.255769239659122, 8.129043033245441, 14.870339646379843, 17.067877932683672, 13.075866718782224, 19.893009230815323, 12.191502037003147, 15.873161943258607, 14.73052982570084, 12.77333100584406, 13.131024317482753, 6.200569580292007, 18.756822705785883, 7.980728285081591, 13.751177250711875, 15.273332101452656, 10.773197248955016, 16.536702068650225, 8.640973911674461, 8.235604774877707, 15.28150807900701, 16.72803526981002, 8.710568093263817, 7.909874129462991, 13.058111465715234, 10.34170922368876, 12.095985744584693, 8.752132715525555, 16.873599144596106, 11.605611193211553, 14.450868729635953, 10.218076007077045, 9.389970443545632, 15.577620451050572, 13.080280596135221, 7.657134840991616, 5.81188754804967, 11.994297292608572, 4.591227201039361, 4.977159890819557, 7.8637387857998515, 8.886697968216803, 15.075597255084542, 8.662847955116082, 8.852754373914903, 14.128324992871935, 7.28541768842396, 12.166843964437058, 12.171612086725531, 17.842609019621158, 15.679890959160726, 12.498608980609156, 13.801535497978383, 9.660957610449145, 8.514324386462784, 14.436012715881263, 5.821327552933372, 14.496859917992547, 6.383853762812076, 11.145930850845161, 9.88897584617957, 10.105963907441637, 6.302856614018791, 7.83109919995452, 10.890342055964066, 14.214919461388773, 6.788368300132065, 15.086468839482437, 13.394662810695829, 15.796332921661177, 5.3524281707173005, 17.25219231366587, 7.154997703942862, 9.610239929661484, 16.181413018066653, 9.192604095292232, 13.358303709569523, 6.031862739376643, 6.594841027703794, 8.354667513588266, 8.731620855026897, 14.859128923771618, 5.361668328902185, 12.232284370822459, 11.340780241608016, 8.540343766027778, 8.582471877426954, 15.618651544188586, 5.100846856531447, 8.444876889751093, 15.135489408849278, 8.169506654155034, 9.533520777744535, 8.348949550250481, 14.704270255414302, 13.964003915623502, 9.30311520784908, 18.050836014679398, 8.055069817410311, 8.170324159328826, 8.240167953291872, 17.597543545301285, 14.714868545795282, 7.519688306901588, 18.028116383020613, 10.78354249591099, 14.628227407960885, 15.436409516057104, 14.672335068375459, 12.59642346263293, 9.485193306992574, 7.771385314527449, 7.978970893055353, 15.746640767972492, 7.946224346451197, 5.537485031871307, 11.026864103814326, 10.266304277823426, 6.715800286659877, 7.656340810236042, 17.391746441067024, 14.267268881506581, 17.672192722474527, 7.596543790614354, 14.230987405564973, 5.716134347613875, 7.369001030576119, 10.934445268004735, 14.495712749647742, 6.467772202124218, 11.857023910920214, 16.539185805967026, 13.090960638194497, 13.612953158805192, 4.258682283084653, 7.833716537350991, 8.050910202735805, 8.674822199534916, 10.361835745887468, 12.397898738817645, 11.060217354327945, 14.267043592963962, 14.002489593246098, 7.629789285821502, 11.412784697803252, 17.955491446716625, 10.65905739685173, 5.9287924953352364, 6.017998490684757, 6.916127151205221, 8.4369119721692, 9.939356279176302, 6.926411061055234, 10.68881238995801, 12.890463379424494, 13.929927511929217, 11.389677773056958, 19.44771845851368, 11.193946847185845, 17.833723487283137, 14.901357599225339, 13.347091652578506, 6.980347384184161, 10.941167481131181, 7.098245033291418, 9.155955830310466, 5.17805027973298, 7.250166801066027, 11.890356666281322, 7.816197705195692, 18.016163558032794, 9.841832886816755, 6.957700718255007, 10.951121291890098, 12.377947942617011, 7.311789737878728, 8.191814399393158, 10.35524288528971, 9.71600972043211, 15.335240861802392, 7.355051933885271, 14.297860857806667, 9.406272413651477, 6.903616154540931, 7.022128348373221, 5.59260962146859, 10.216480269147638, 13.501051116107952, 12.267466994367362, 18.466832697625442, 8.429148399264287, 7.127034073397052, 7.668439859854436, 16.05578560890906, 7.1162021321827496, 15.115256377786235, 15.91330150684045, 6.570270333235835, 8.720772473424939, 9.010275618816015, 8.185822510327897, 12.429069824280909, 8.23322290722965, 9.966107392828937, 5.88982698636327, 13.860371170147936, 15.301701669547061, 7.760259406738831, 16.22627077191857, 4.998022761832931, 7.401807815208584, 14.171360760153242, 12.838078631165931, 6.412956088435705, 6.678034424931049, 18.485364281507735, 8.624025817436568, 14.47204341120254, 15.07017665363702, 7.631998498952228, 7.884565089969582, 14.313967360945881, 7.469832258692811, 12.507627542404133, 15.159079573945942, 8.981771382416614, 16.40759334659767, 7.8419226418125225, 9.488499434801907, 13.755993468340204, 14.07866481789965, 5.596327019420722, 8.913358896542444, 13.51987172584362, 7.421989632642889, 14.647531335602613, 13.533786657823732, 5.364300823461402, 7.008388974203427, 14.063436244261657, 15.856795761778317, 8.533011631483136, 15.386456844401573, 16.739614452316562, 6.997274419863361, 12.186090645293522, 9.850090427535125, 10.682939302679737, 13.747573233448914, 11.374897897310866, 7.107604673593202, 10.436228752121568, 9.755367982577026, 9.305202370075632, 7.799788946056188, 13.416058833314986, 12.164010385026371, 9.394087938136982, 17.96810471104586, 12.108537780114629, 13.916703844342347, 9.028275827003982, 6.174821172455648, 4.672968225418266, 15.208642596977798, 14.54811614378423, 5.2897647991831205, 9.086429140504194, 14.53522488495124, 8.06867686386614, 11.484445062505563, 7.791678754970719, 14.528732981589737, 7.918917660598539, 16.591065504415397, 8.818829777469142, 13.775404017270292, 9.365446555228603, 11.396574885400927, 5.538177279744366, 6.226801985991425, 9.057377942289408, 15.176946739652177, 11.760660155174246, 10.763770243488539, 6.240062801810391, 5.8801701943158475, 7.467952030617835, 16.424255883642736, 12.721773361525614, 6.6872742458624534, 9.64916502136385, 14.648615828255108, 10.40411660715956, 11.45915847197578, 9.171410559640977, 16.658304002959905, 11.488487123932996, 13.75544501402101, 6.592711805864465, 11.491753741853282, 10.220082733084427, 17.037440871940934, 6.964228950084444, 8.981798755825254, 7.865826911645572, 7.462742617813495, 11.099555549204679, 9.089482627939516, 8.271823692328626, 14.352093463245078, 9.247407658462183, 12.8261319060588, 15.412739770637183, 12.659243427797351, 16.370562730718436, 11.758666477701038, 15.869500643304958, 6.718194481764629, 9.768460146234872, 9.799462427502744, 17.52379298649981, 15.59411149529693, 15.205946005665643, 15.939312595033073, 8.015826676885064, 10.326162997553737, 7.191707461003215, 7.882430120286296, 13.879801503366455, 6.325595073316834, 15.241647394412968, 8.992503255102772, 14.62231737083612, 7.720128677085549, 13.499735291220802, 7.925698250392738, 16.189131181067978, 9.072962194880944, 11.518158929637066, 6.902339161484628, 6.2925729589388775, 10.488974455905856, 10.418686334920904, 5.584258462705788, 3.980473693271392, 4.2308648218345795, 7.045439431163612, 6.8490605818148, 14.200361995276642, 7.56035092740828, 7.971144848427673, 19.298056475462445, 12.51195604135125, 9.9136815682172, 13.85049074683361, 14.14291590309191, 8.850056546352231, 13.571661145258167, 16.920056899473234, 4.224494174632206, 9.55453958828281, 15.8504622382907, 16.075570887721035, 11.455250109245057, 14.211469828734083, 6.556845547749558, 11.313760195077682, 7.1221637745745205, 10.50260472434253, 7.666803355583142, 6.706654147260418, 11.680152845589795, 11.46636109840972, 6.592902224111524, 10.400568877335447, 6.397316788153272, 4.441323125438204, 14.338856182633915, 18.904582537469814, 5.489352559985968, 8.441487221207327, 16.694897817130794, 5.573199964925963, 6.296468964395922, 8.499020047357899, 10.51775253683303, 11.794950372763017, 6.611274847380458, 13.903672563105513, 11.825241049035347, 8.523573202334497, 8.02639005817988, 10.298958519338955, 13.354178892723734, 14.952064166094136, 14.188817543226206, 9.45145150360004, 7.188960435015594, 6.351229419094841, 8.438464780331557, 13.627255298474703, 13.152385902769186, 11.095504455292117, 14.917795104173365, 7.87781839286658, 10.103946014944881, 18.487016918934277, 6.45620047236844, 17.79349416291284, 11.888692907423522, 8.933614498392526, 10.244449134710505, 10.505814010968681, 10.651951717904739, 11.726607901384474, 8.058287125665373, 14.144224437485356, 7.1489802532415645, 15.734961168483672, 13.077272550684011, 8.816026337536826, 8.172556513728185]}]