script/wind50m.json
[{"header": {"parameterCategory": 2, "parameterNumber": 2, "lo1": 6.000198445256149, "la1": 58.999992894266676, "dx": 0.5, "dy": 0.25, "nx": 22, "ny": 24, "refTime": "2024-02-28T11:00:00.000Z"}, "data": [2.556716330632407, 3.890135944139775, 2.5703672968094105, 2.1177671593952723, 1.8777397067565402, 3.0959904940564926, 4.566419040409905, 1.1145497877899417, 6.863915851145172, 2.9824788619482403, 1.226368995924381, 3.8909388672233183, 1.0080576548097837, 3.7692470823636492, 4.314968432738225, 5.513862987266394, 6.07950957848409, 3.3860693029313143, 4.999654697995867, 6.141378971815592, 7.317264801800896, 4.13001057991193, 2.6785500553813484, 2.7711407072713823, 2.2990134033898793, 2.303282872805349, 1.957020085108319, 3.400604634294806, 2.9327335834935173, 3.27263462665876, 3.9020955531979977, 2.503064625583615, 6.936281140888159, 2.1297066968675344, 3.122212777845133, 3.997243368285566, 3.124383049704247, 4.9087651341793475, 3.2294901024747062, 5.308033684392557, 3.573595944128681, 4.247013638067605, 3.7963029804161748, 8.441160131319554, 3.2436504270260373, 1.9677630330547955, 2.400220951505265, 1.8898227895520532, 2.531608995473299, -0.8677414916882266, 5.293691963592848, 1.5232427725975846, 5.906710302191512, 6.673871777832321, 3.286598353731138, 2.680795926515162, 5.712212556992293, 6.007590148034773, 2.0867153932774327, 1.925609594968975, 3.7791722015994793, 3.503143841529626, 2.6333149393730326, 4.595541880125998, 6.729394621858356, 5.229025379659487, 3.2126707503693352, 1.1290082338452054, 2.681632520974153, 1.8463315983459674, -0.301859757395855, 4.249735149289146, 3.1530544391521653, 1.8801260748508744, 4.597503682655232, 4.6743823587195, 3.9548050956148844, 6.744272214258946, 4.385804060470058, 1.5727410773754769, 3.8544516036577243, 1.8171177518837867, 5.015760179242172, 2.7813024538211755, 5.162121877522187, 6.351019616648534, 5.36206269445009, 3.4429254535384346, 2.591627239681488, 1.547642918332017, 2.798627240829501, -0.3869578694206147, 4.443995723452882, 3.644706858065319, 3.386192560198668, 6.832090240900111, 6.1099978338687695, 5.8514742476912955, 6.397864273896242, 4.240643365006421, 2.030196799837425, 3.2116770341431606, 2.637580174447606, 1.8302398580706263, 6.074438628981411, 1.78310228488896, 5.588195962959451, 2.9192396066558124, 3.8464274868491306, 8.046291253355243, 2.6544406970490204, 3.7424033730910566, 2.638781666609262, 0.3582766772893745, 2.3281009723354646, 2.758501449016563, 5.353920508813796, 1.071826697989155, 4.4581275174756705, 2.6160437655887305, 2.9431335544585773, 1.6031710488313244, 3.0461897119352432, 5.9376796621594865, 3.5639381425295698, 1.4311793415048297, 2.9397387971602984, 3.852463111315206, 2.216724828615206, 3.488366985227906, 5.635399700714927, 3.9493670420822666, 2.9721356247084882, 2.142409907862175, 2.05234198513031, 3.3980669892102693, 2.0817178043384654, -0.7461061596052738, 4.679733184276468, 2.971926129778416, 6.124743199354687, 7.066097942353903, 2.7282797447490057, 5.852001238093738, 6.173132113799168, 4.375583222268697, 4.75192535714792, 4.302611312968932, 4.118918658325367, 5.479374522355304, 4.195545075103974, 6.534279232182547, 2.8824944487980853, 4.305622488528183, 2.781532794377048, 1.6799814779711977, 2.155706306369511, 2.9202104750169062, 2.1591265474913643, 4.665936174932828, 3.2914925295962147, 6.938929532132426, 4.904219449811975, 3.7704211245658277, 3.2150693628166973, 3.5135688903759306, 5.891924076498562, 3.888014504341784, 3.636560536969637, 1.668608004901325, 1.9097115857133973, 5.747700039931254, 4.680293464000362, 3.0246774150033904, 1.6480044423751334, 3.3569867878996122, 2.7208751474491546, 1.9034533455265208, 2.4669089236623365, 2.703326178749582, -1.6459100881022646, 5.501068050436854, 5.303124557531391, 5.483494981731849, 6.322848159872831, 2.843835018704131, 4.907420221815929, 1.9176675485663566, 2.0779421483632627, 3.747499250460569, 3.558097675490761, 1.8632955994943112, 2.8325475426005893, 5.373008383560207, 5.052300744291532, 3.161128281429438, 6.108424259105931, 3.5556518864429068, 3.197581041727861, 2.417294726792327, 2.9029366767228577, 3.4522439321263327, 0.2147869866094048, 3.0959045258646545, 4.948740618404446, 3.9448844245677246, 1.6743385025269613, 4.204871157209707, 6.940409198106877, 3.217575586443785, 2.3506845313576057, 4.980168833105294, 1.6527090889116238, 1.7781725749268285, 2.0265039261129063, 3.3634597569480493, 4.559723073481802, 7.04675176557508, 2.017254929529315, 3.425982219660649, 2.5460031756503567, 3.7294388070514555, 3.884891814148723, 3.1176005212245053, 3.3187795395072457, 0.40042964215607063, 3.0110545334454604, 0.9467911794880656, 6.212744894700447, 4.3355040646210306, 2.998188312281685, 6.148260630503629, 3.1127906469461317, 1.3748333950935734, 1.6566150198644742, 2.186144890517238, 3.2477264874580403, 2.294462678986989, 4.144050376815098, 4.790311185759085, 7.6198352067471085, 8.614940289656575, 2.6138528856168786, 3.1728220262221543, 3.2537351743339524, 2.0765958298542557, 2.874038825682692, 2.92584417631897, 5.1039365528178475, 4.514767939819434, 1.2433967412979974, 2.8477901816815065, 3.871332323487834, 1.9591089917360676, 5.4141753013643275, 3.388726660852127, 1.7448693209159312, 5.075383011043381, 4.778733643732841, 1.6584974257897753, 3.6003746109878225, 3.5432038740938006, 2.034768419236622, 3.54465536495182, 2.7269364622513734, 2.1725544223319675, 3.5561438470833173, 1.7820045583710562, 2.2008895799974932, 2.2596112574207305, 4.761190435378642, 5.645186422047637, 4.39707617459338, 3.0524842591090424, 6.919592685418035, 3.122735271731742, 3.5787458785078816, 6.261576187569621, 1.817646629796378, 4.736948033858972, 3.7400434415520905, 4.5743990277811815, 4.4183751664613835, 6.167873164639734, 1.6914592736308218, 8.668200772702697, 2.4085871801512297, 1.8006450940087626, 3.212038159214633, 1.6484101597663368, 2.576849525293314, 3.5964921850044393, 3.2062637615138705, 2.8569058080095817, 1.6914977117753396, 6.174972863229583, 2.8821325139367864, 5.848982029120524, 1.3300211371637665, 4.814864170458491, 1.3957355293679106, 1.8269066454970133, 4.760101860151147, 4.719797579820186, 5.201566918969677, 6.283491715105356, 5.193342555002218, 3.004539829023933, 3.1332983131784324, 2.0238434642818084, 2.9164570648358694, 0.8901017796813887, -0.336330921571322, -0.9627387241754927, 4.839577823754452, 6.535037645099647, 4.1929824419398285, 2.715264555022582, 3.7333037698771077, 3.561530384804109, 4.1920744483449885, 3.690254099213118, 1.5860072569233232, 3.2587312615818447, 3.949090786119583, 2.0090974704457705, 3.1825831867667382, 4.418303586334901, 3.936623718867737, 2.6141568723430075, 2.4589907062152485, 2.4615824813899407, 2.7154693801879026, 2.6849405328000637, 3.819484571163643, 2.6595702586006174, 4.360153779846646, 5.593609954962027, 2.576554797145593, 6.829296520984573, 3.8513936490600558, 2.2556968491711045, 5.8105481545253586, 3.3822978911551185, 1.832079538193874, 5.473294430040098, 6.09839800496344, 3.3842849509237642, 3.4727190549812925, 7.165846431231729, 7.929032041874687, 6.728788397738309, 2.895871455402368, 4.046865156191702, 2.556752786180254, 2.6579236553357983, 2.498688717091162, 2.3887801820185888, 5.453419055581129, 5.0105563685932335, 3.194723850272032, 3.138253840595503, 1.9780349110410693, 3.331294974997729, 4.399412580486189, 4.857258239095326, 2.004759301120865, 5.57045039584, 2.219371837660011, 2.104800780442688, 3.8188008638528745, 5.123408544422549, 2.450860520117808, 2.6546183011618236, 2.3223561374646673, 3.8316597358967464, 1.9804751292039668, 2.9728037792816973, 2.049626597519227, 0.5358707037858074, 5.623266991459784, 1.0043122231687984, 3.4886709570611862, 2.3213161682264016, 6.2524708196845245, 5.921203075465259, 3.4746407948542006, 5.491204090051344, 2.1332064927223167, 3.9179218280895833, 5.56511487235024, 3.139894378771636, 4.861729085712753, 3.9675975877817544, 5.77915346436344, 6.001999355502603, 2.6029668694231676, 3.3664570111911285, 0.35633896639743773, 3.0778132562761393, -1.2801972769373646, 3.43328968979018, 2.983221397343542, 3.5328902521812413, 3.8077751175822954, 5.337697696972588, 5.233233619700005, 2.203174465790506, 1.7256037516653415, 3.4975723779047407, 6.475084683471787, 3.746635705567009, 3.731586573222115, 4.169057332161907, 3.417769520611964, 4.5690510025333, 5.720132662990763, 4.083485331017681, 3.175349370684932, 3.138417851113316, 0.21171228827848695, 2.4334634878453847, 0.6507426942802983, 2.1098185153882665, 2.9523283008430226, 6.1666136193610015, 4.933199249434538, 2.4272605361131534, 3.3651016467750554, 2.978776616829593, 1.2142979694144265, 3.170289300421389, 5.7750690723847535, 3.7926847604067766, 2.235996199900671, 5.813984338551324, 2.5973640584466766, 6.125658080785628, 3.50692496368069, 8.069894563818718, 2.631620823802801, 3.09792778887886, 1.497114971400744, 1.7464968860682468, 2.2250210043718246, 2.474737898779025, 5.0295401336592835, 5.169110681508204, 6.570496246770068, 6.845146971795344, 5.53608009037335, 5.85933487930378, 5.557663403530491, 5.963847036268417, 2.8568757701853933, 4.4690462009297525, 2.002336434224568, 3.871232589248921, 6.656954620110543, 3.7471433288679195, 7.930486354670315, 3.246486603184599, 3.0660563228082505, 2.272950871827115, 1.6956291213268384, 0.8493703571160621, 2.3791302986785006, 0.31104602227159645, 4.458009292245595, 5.0601811738772255, 1.9564161237436752, 3.229139014951125, 4.54048175454994, 5.8153060520842725, 3.8937380717564523, 5.168231614667516, 3.3849387576305308, 3.878655300192681, 5.187864329655464, 3.6841814162647, 4.7100453741395265, 2.520689971155224, 5.357928697808677, 7.108943441948409, 2.501879101406965, 2.0922764559000777, 1.9279067919454902, 3.306095772788499, 2.3769964281131046, 3.4271548319531577, 3.9948806008646445, 0.8205710634559121, 4.346623342895918, 6.804669040915622, 2.4988003322266774, 3.3567646521328394, 4.879189948121247, 4.175614076465323, 3.687441356921501, 4.299204642688274, 5.31214057617907, 2.3132705298211977, 3.4243157840224687, 6.449211518752969, 2.6557842845407316, 5.0541712840804855, 3.2326439862550416, 2.0044349949878044, 3.290454760300906, 2.807809019524011, -0.4482332173580076, 4.0313142532688655, 0.6032510869142089, 3.120160145745785, 1.8320563272320711, 3.0733767095981293, 1.9430573581408337, 1.5938666775562733, 1.9327006861192595, 5.3460089074309245, 4.275573148448872, 5.005757253845616, 4.870240717912856, 4.149037354100974, 2.9767417156260128, 4.020667687080947, 6.879273559297422, 3.5872999082710755]}, {"header": {"parameterCategory": 2, "parameterNumber": 3, "lo1": 6.000198445256149, "la1": 58.999992894266676, "dx": 0.5, "dy": 0.25, "nx": 22, "ny": 24, "refTime": "2024-02-28T11:00:00.000Z"}, "data": [-1.3846219038615835, -0.13944422521314098, 1.7270606297908901, 3.7573781385646465, 4.2850575878997414, 4.372985813843465, 4.003731074263212, -1.5224015103685484, 5.668831696149356, 5.892767910243322, 2.982122815011455, 4.3275999950483115, 3.4363065536808572, 4.154181669379181, 1.6829252704018345, 8.99176726159015, 7.895141038168304, 5.365493383986824, 5.139063975859989, 4.548172554503636, 3.7382750817978034, 2.7554469302835782, -1.2643431543784698, -1.6246507503964753, 1.791616729462246, 4.452761559432576, 4.033655167660719, 6.601389059225503, 4.802730605753035, 4.681449357984379, 5.48930399666162, 3.464963929435863, 5.83276664129874, 5.63015751924167, 3.0617893893908814, 3.9221076355662703, 1.9616286283638837, 8.422637358625584, 4.915381527856669, 5.36602352232108, 3.8073434625421774, 4.4592587539068855, 4.623805083229641, 8.004799651982694, -2.4358682392135793, -2.7466105084930605, 1.8770790499098837, 4.274276214196682, 4.204335167391111, -2.606556634129809, 5.318571649352064, -1.4650049321202663, 6.114164669819239, 5.394569234747158, 5.615509859675074, 1.9541918444414246, 6.65162839969858, 9.569861606978403, 4.841533829576151, 4.540629283100071, 5.729281890230105, 4.74653147067728, 5.823831778826983, 10.028211554100858, 9.989421678725536, 6.112793881378411, -2.512198890177024, -2.245599479714858, 1.9338222005361803, 4.498785207196674, -2.4211631006269676, 0.12347074007690619, 5.88371438573087, 2.8812627429094597, 5.254841899876397, 0.9373529612695471, 4.234675065273369, 5.798596593778409, 5.474813678898382, 4.702583904915991, 4.246086922627264, 4.945918000265494, 6.452523373353092, 4.368905034510117, 8.871044943370235, 4.357130240886217, 5.930809678968092, 5.471179459061407, -0.9699761646083872, -1.4353488803204453, 2.013453247943676, -1.7379090570955276, -0.24648579086524663, 4.827248576291984, 6.569228626684864, 4.604122847575688, 5.5397559631249065, 5.147094017086009, 4.306331822536143, 8.123519876764155, 6.87905587371237, 3.183887063373554, 4.146569465248224, 5.427059233231664, 5.107743388407368, 5.461380248893051, 5.4016513306312435, 4.058278261671401, 6.590321693298706, 8.244565939153965, -1.1736030313224315, 1.9636413751368755, 1.9739911294177346, 0.03892269518987746, 3.071150166814104, 4.538191624403145, 4.66171812336134, -1.4231477756259137, 4.809184361677652, 3.4944126998301934, 1.7354436498069044, 2.606143316939916, 2.172950186847312, 5.327862614923451, 4.163007228136084, 5.277852988473518, 3.2244448130942205, 6.84312803346464, 3.6571373585701177, 6.51303098670569, 2.1004675540751943, 9.255561129357304, -1.4511825362539466, -2.7567523071438984, 1.9992680492901318, -0.31018963725682075, 4.054884146929528, -2.5053453373045205, 1.5583115232329428, 4.866911413632638, 4.654965776101001, 6.2237999027259105, 3.945392490153105, 6.350204478842096, 6.127404821793308, 5.014688132566372, 3.723640632824729, 9.026559241781161, 3.0067907197023476, 6.861410279552833, 5.811861362018654, 4.423801871709303, 4.552141502447236, 2.8151221928195156, -1.4002561861125882, -2.1574710641636274, 1.8847290287936522, 1.4963579836378904, 3.9124420663774875, 0.15169563980465464, 6.2493181398406525, 4.6730919033778155, 4.1371011043539685, 4.549405949321104, 5.775361837798102, 3.654304724638468, 6.892695298192199, 3.8618048531053755, 5.220655742566985, 4.823109117610087, 4.808358331313582, 5.13872917562502, 8.263989736508018, 4.035205513785314, 6.565485310840759, 1.9341664348495025, -1.6265790345826556, -1.6100047273127676, 1.8768224261742505, 3.303743481588743, -2.621252851446099, 6.06324581134639, 4.789949498428753, 1.4084791438311515, 4.444012431651503, -0.5178838446401688, 2.0108484754209295, 4.886354256235199, 7.579718788981033, 4.364866035747152, 6.633300734210027, 4.879245504989182, 4.029464233497926, 4.993056257617807, 7.460750685302148, 5.609525483518649, 6.331419439800937, 3.7878466025336333, -2.406372523122452, 2.1939897311204746, 1.7513982471520297, 2.6575857056388843, 0.22692722437140156, 6.221449373589309, 2.9746721719101235, 4.960761939691676, 0.3442801115019786, 4.703360430543168, 4.912964024030518, 2.1618500861580654, 2.772248808058084, 9.556700681005443, 4.729914089210897, 5.330595050429694, 4.899457550139815, 3.7457609716140023, 5.20473715790852, 8.742484700121633, 4.605671623558585, 1.999230606821869, -1.406672425475294, 1.8319134288252306, 2.114015433078262, 3.510048400274831, 2.0322019603482575, -2.505438434045442, 4.842168043234201, 0.956182303315928, 4.535655004772847, 0.8078117175593745, 6.038655105930477, 7.373858216505313, 3.0349907321166696, 4.668391256025603, 4.16857092515177, 7.131176701058399, 8.392136226011004, 6.010850008634017, 5.301308108453162, 5.348240823902539, 7.67947704550295, 7.924554286510792, -1.3936832318235077, 1.1587746107354773, 2.2699136230714188, 4.216502668693824, 3.7912932415445764, 2.190304344268106, 6.019852486418166, 6.516973197455131, 1.1086636705351018, 6.471900953633952, 4.03421242891694, 5.020051461354591, 6.550675189602464, 3.3198080596323822, 4.995761394386, 9.331014227597977, 7.513012612194083, 5.442460842483029, 8.110900724622587, 5.781441522541705, 3.9220604875338902, 1.922014694275172, -0.9648829106012089, 1.1492752793621324, 3.3926204395712967, 4.05228934750622, 4.537775823018944, 4.599664997445166, 4.560522930561545, 6.4196822771749, 4.82368167656023, 3.500613892199218, 4.830158428557765, 2.0070070682938, 4.101373519324818, 5.244408227028702, 4.378481763647117, 8.307180429628716, 4.65402991795552, 5.9347279370268256, 8.020055071376504, 6.280931829812352, 6.041219979710904, 8.010211516316833, -1.363456271750342, 1.0604158233592091, 3.008490028209981, 4.462395456849212, 4.2549340079918325, 5.657658842284283, 4.186992339690371, 4.643513124026226, 1.9873470993823217, 5.086450096292061, 5.71737841783138, 7.475918434973143, 3.603376159445974, 6.9500543605119685, 3.9627518800472066, 5.478608829778889, 4.488951554407643, 5.821277623189007, 5.140290483297817, 4.421141045658576, 3.2464401980656605, 1.862287623364913, -1.2840244463493222, 1.043941948662328, 3.4101253106228833, 0.28504627946529787, -1.091859621811552, 0.44294405950622834, 6.318475359488538, 4.472202064607392, 4.515850705175365, 3.445347753296474, 3.751112461933136, 3.691943176352781, 1.9779762413456101, 4.095842889350182, 3.694129135175536, 7.90718400206196, 4.308927932769281, 5.120584911350275, 4.729050362879608, 5.013642171741806, 5.766747708172912, 5.7003590052876545, -1.5964720206168845, 1.4077594625339296, 3.8270153950622507, 0.7373577442846346, 1.422426553202099, 3.163981952392484, 5.889488564179141, 1.176510534775254, 1.989709812432281, 6.73323159402279, 5.4922007959480235, 5.628183981757999, 5.74711829483163, 4.789973238811674, 3.221247495924115, 8.573411753661958, 5.3540549145721705, 4.61709901008941, 5.314653123778249, 8.89433521454364, 6.5878337174681185, 8.70199509513282, -1.3441295947375598, 1.674775782959911, 4.275338405995114, 2.590294275900454, 4.380464698276118, 4.681702693982265, 4.959386932246051, 6.466951069476818, 5.034141102894126, 4.7489545109586615, 3.132429061354062, 2.2907854756499035, 3.835964139113863, 6.930570220524833, 6.008539033121277, 8.43378417770926, 6.086345445043593, 6.340432272847291, 7.382193127007048, 5.561192209567569, 4.147845224811193, 6.270278184494366, -1.5146154419019648, 1.7937023304169057, 4.243226915970181, 3.053357626523818, 4.075468329828237, -2.7442111534762152, 6.171434752337438, 2.0631850661464695, 2.093467228643242, 3.1496828696329136, 6.731257659923298, 7.481376170643145, 4.0521200657065135, 9.55719521685789, 3.754729562175334, 4.354613976559921, 6.162562541653572, 6.670576565726173, 4.8668551913962155, 3.989460077891255, 9.887173026592007, 7.138026334078725, -1.0195486000379417, 1.5236167053352296, -1.9737841982435715, 3.2375026914355, -2.4455596603449203, 1.415444210405809, 5.79992849242292, 4.7219711677297225, 4.812090689410165, 5.097701788681144, 4.805189623825867, 5.89827864445354, 4.867564672206256, 1.8711412259531217, 5.100284866647585, 4.747544637901456, 3.456729882453359, 5.687691467471755, 4.340187123910183, 9.960641127283232, 2.150346068343635, 8.226285077914843, -2.3577124432982055, 1.0681901150131314, -2.1571075148429077, 4.610249750237795, 0.7953541120079995, 4.76135641520133, 4.603748614367216, 4.269633643858565, 2.8087550168167614, 3.458701368144647, 2.885298874884975, 2.3244504795379206, 3.4233860816937307, 3.9123044190942164, 5.1286814687858655, 6.819563961589174, 4.751203520452971, 5.098877779372418, 5.238961559880238, 4.6215655621590095, 4.91863537283413, 8.177545172409296, -1.4526547782183818, 0.5120136988818978, -2.2273452253720647, 4.451305614718865, 2.7148994309600325, 4.905943034378904, 6.09510512215296, 1.2706593787575968, 4.130556213256315, 6.804665552439508, 6.786403843369482, 6.2726852920417455, 5.767176918077172, 5.4713127055101785, 4.479951264132263, 4.241848360983559, 6.38070526102154, 2.8146494309827643, 6.518292934466271, 6.134984751677998, 5.339760837678124, 5.355009931166826, -2.2617880136589994, 1.1656080301251328, -1.6520012837023335, 4.018873550400078, 4.172919877090243, 1.399567076566143, 5.732223728234914, 6.192213077345419, -0.4802540886786141, 3.030631093601214, 3.946431982281055, 4.206538099898401, 3.5774709909608124, 5.965147725464988, 4.45608106400644, 4.149711661284716, 7.519166768454774, 3.59058199652179, 4.92673021337546, 6.39583091289095, 5.954846416097947, 8.789973048713192, -1.4998455904523054, 1.225933928224435, 2.086402339454015, 0.04660871579843742, 4.398719902879161, 4.883685352479568, 5.637410304750914, 2.3345323471501174, 4.729949784584456, 6.80987145570987, 4.567014040269121, 6.356326097742002, 4.210032399519421, 5.070950593743339, 4.056823650545494, 4.729082316951263, 7.13435626234815, 5.787559186205987, 4.4195099988869995, 4.08446042066007, 5.613929453612314, 10.20862182356306, -2.465652161220614, 1.0843392933128257, 1.9432014119736911, 2.23112669893874, -4.2525819426494955, 5.5565652362930065, -2.3156347865074336, 4.838122334826004, 2.012506541132789, 4.582911395068701, 3.632326319515689, 2.9449782716697737, 5.371938841756536, 7.339057175954249, 3.564522996223571, 5.872941786034611, 4.858442387315867, 4.794953227697531, 5.4972609210375, 4.371191696683161, 5.497967754838983, 1.7027186950464512]}]