script/wind50m.json
{"header": {"parameterCategory": 2, "parameterNumber": 2, "lo1": 3.000054539987559, "la1": 64.9999836372058, "dx": 0.5, "dy": 0.25, "nx": 34, "ny": 52, "refTime": "2026-05-30T13:00:00.000Z"}, "data":
[rows 0 to 24 of 52, columns 0 to 33 of 34]
-11.107939762640692,-10.782927891172012,-10.169743440551615,-10.634301306795953,-10.72942529413847,-10.050179289954256,-9.365386051622615,-8.80093959109159,-8.213741771186493,-7.86063960013938,-6.796530932719212,-6.206557851682341,-5.610860642045593,-4.6744993019262635,-4.106986305716617,-3.435788192452229,-2.172705667663082,0.8428753433353615,0.8962295720125077,-0.03990201426569396,1.9640317281606123,-0.929998108703312,0.9400351434770624,-2.9904417323542365,1.277471627051299,-2.208871461232213,-0.31333771503329516,-0.5028218768711639,0.7340235402522123,0.2706805556749764,0.48149011560484556,1.8793927111833841,2.5600197094440404,2.0520425299031446
-10.223218447451684,-9.99755871872087,-9.495495206757456,-8.827602673789075,-8.624529274193824,-7.999171678048062,-9.340221342122799,-9.095925136286967,-8.40055899630986,-7.700005520449856,-6.913018595411006,-6.23831207709378,-5.656060836281858,-4.592075195163204,-3.3282330395552577,-2.1437646867078275,-0.7478398417281645,2.2916154897716807,2.3013467862200434,3.3774444129167724,0.38516941309966257,1.0929929313438949,-0.7853009234889731,-1.1773603530303804,0.8521470808390379,-0.41782225984868193,1.56200798101233,-0.6825125045183058,-0.04549047755884985,1.118579858463317,1.079937188171665,1.0779098318604543,2.1357370005418663,1.7752579943760882
-9.060628360102701,-9.134591830551301,-8.970060503672665,-8.264229834601318,-7.533000008330981,-7.790179488010139,-8.113291495782255,-6.915398181182179,-7.354790605468952,-7.413044546478172,-6.681362515975302,-5.890103566848685,-5.151460877605567,-4.461208812963032,-2.716359331939332,0.36138784302112653,2.7579776337307216,2.779142171942861,1.4643189281189928,2.78979666635932,2.233280022753541,1.1109245125453504,1.4763169561936822,-1.042417446374615,-0.6152695014502939,0.7556448103350972,0.08465269486229982,0.13741026790566643,0.33670310388194175,0.4173008262071932,1.5082264379371375,1.9919348496515288,2.218275491334567,1.4672731936378827
-4.511113330715302,-2.2922116006207283,-2.1325456549047983,-2.1061879881587573,-1.5608231705470346,-4.839307118607289,-5.647137364273459,-5.6568929815174736,-5.684869287109359,-5.223930117254931,-4.945839431312032,-5.299328749063859,-3.321110327680342,-3.284805741827172,-2.1685270298800563,0.5963385666369725,2.367474570689288,1.7539415292109373,2.004983518149023,1.4098676803171777,1.550654412463221,2.0116046576080753,-2.484872370294062,1.2659222084952615,0.9136772286620741,1.1235568969868435,-1.4226112799444113,0.19526372033470515,0.2321302021303316,0.14495535988174568,0.5887308253070392,1.552331442053985,0.8448474192114861,-0.007949358923747958
-1.052030701794049,-0.787888192051383,-2.00368253214693,-2.6795709285987552,-2.0972016472131245,-1.570303994387968,-1.1644834246611249,-5.30612954003956,-5.247662022718664,-4.6307121043223285,-4.500492544494744,-3.5760248249990267,-3.254927772085644,-0.5427066853740267,1.222902241432106,-1.0096121878868336,1.1856809891974622,0.10470490918489192,1.933041940637738,2.9562766126770974,-0.1322374007250277,2.4868913305983162,0.6061499617130007,-1.1383189692070912,-0.4018739104342723,1.0861017472601378,-0.9570551636177311,-0.838912511311815,0.5901618945601275,-0.45771016115199104,0.5104703769678011,0.9640715505870713,1.467984624682982,-0.6156510234326805
-1.3912993201910273,-1.182864663106968,-2.347706128163682,-3.111426357659546,-2.399734774045645,-0.7996374375657985,-0.24556060230365415,-1.1588884787783977,-4.737339372471499,-4.719882124669245,-4.115469730087121,-3.3478984688924225,-1.9402032841595789,-1.3208040558914391,2.2863527373798207,0.003071778714340759,-1.3376911321876979,1.4217794437254678,2.810895316695323,1.9037455308340714,1.5231370220520088,1.7570787597277135,0.5725560574079925,2.242583758529612,-0.7019304929267439,0.7978564040880742,-1.81432660925238,-1.050361348592392,-1.2960417501276795,-1.102269225257363,-0.7856241567018186,-0.4127362244451518,-0.46639543471924144,0.04495366133495749
-1.5957252882997623,-2.880637182815034,-2.196685323632996,-0.8684076403797557,-0.9497538431775353,-0.49105847341095293,0.9250040840903667,-0.2793968233729423,-2.2683506735329035,-2.5581684576842245,-2.660847603696851,0.8714228224335518,-2.1242471291505045,2.0910690473630282,4.425919348172927,8.080673604372029,0.2099571807452143,1.4347808874915435,3.1788449385974817,3.1193394377959955,3.514333352122475,3.8564213066194104,1.8879795117297133,0.21652302614471053,1.282903970898857,-1.0021781168502704,-1.1022433699436833,-1.5410287255823256,-0.8372414541689049,-2.173016336959984,-2.7384649579302724,-0.6268899862458109,-1.0155596381826302,-0.8552630345610425
-3.4129305737514417,-2.954923963262361,-1.95796740717175,-2.0973483171004337,0.0072099429964374035,2.0811851521347804,1.3553201928222134,1.1093194892404443,-0.21294943489844526,-2.3080071817425063,0.18731620353962464,1.3880473782794578,-0.35934530054214614,2.975331543679574,-0.7574742952860287,2.428930082197265,-0.23133324058414062,2.4188000034180726,3.858131033798701,3.4920397141825075,4.3173225776470945,3.3853409955211484,2.914191894864358,1.3573151492315039,-0.9601224889482205,-0.8726665155489405,-0.6538364266280701,-0.6143341613106209,-1.5925747222017848,-2.1762843323827354,-2.094706084114709,-0.7513098516013805,-0.24346354505017442,0.12108457667796438
-4.313241964883531,-2.109489519386298,-2.7301438190696445,0.18542732019772537,0.21960814262064665,2.96499776613798,2.783064659949825,-0.1291312515888749,-0.7753829637659547,-0.3104494357653466,1.0584222222979465,-0.22744070170609107,2.2916779237151395,2.703219538872903,2.4456514091887467,1.6554780336003212,1.5246063176660198,3.8510292854078108,0.611417918898301,1.9136730362058951,4.106681350407478,2.390058835689062,1.762845495295091,2.7840077846948104,0.5768145272846756,0.10514703647408531,0.22513155451301622,-0.7926085727509661,0.07877368941151423,-4.777645115170822,-2.6027778132220565,-0.9216472644106586,-1.5448152376827482,0.10108019094002518
-3.0253073190570126,-0.9133857290929311,-0.49811967249304573,0.5169817281659286,1.7874181923133892,1.8489736393588627,4.931038782473109,1.0234239172387467,0.3697000950105873,-1.8588872152248308,-0.2952014960339633,-0.24687010081864078,1.9246509290238052,2.0293525222797295,1.8807606632622798,0.7191026337063817,1.676749705690411,3.4370819922024376,3.2468578672938753,2.602218891439466,4.8364572979741345,2.2954346130196632,0.5602869780252463,1.2426198588674056,0.6752421542980268,-0.07968430659881558,-0.5274929464212774,-0.6381993386369742,-0.16016022078072237,-2.111967062416709,-2.3326758729633164,-1.7734865975097978,-1.9646404304381944,-1.0418411385876158
-0.9563076687658346,-0.42685440913633976,0.9022252156942844,1.3931940493356245,2.23488815392337,2.2869501445290488,4.522114013321756,5.565908775833636,-1.9134547129745418,0.41116225800341344,-0.3307142167472501,1.0451332629925878,0.5955522407881202,0.06277840246999677,1.5646848401432352,1.524959484095373,0.8893986514696224,2.786531456301754,-1.1955018253458305,2.0774354795176837,1.2950120327503716,-0.44683659897548966,-1.7491251374272951,0.1718542005767781,-0.5365576898893835,-0.44660049982273214,0.12886266265332352,-1.4411176421683989,-1.7468245497154131,-2.8397296467734594,-2.4018148551406675,-2.1112708849718222,-2.2695644561011257,-1.012440940067347
2.41740778660265,0.671150808160575,1.643379179104061,1.0008090155846923,1.870063101721846,0.37617750438504566,0.49001255002536,1.5858042580306217,0.9362631209411522,0.19858767646100922,1.4183477272053382,0.6938721031111919,-0.7705214736798982,-0.8234265598519693,0.3165125759599625,0.05494203417392105,0.6520152020422825,1.0028689223409386,0.14014554632436818,3.290459098103965,1.918412354292517,1.5272571501326353,-3.1874919043149887,-2.203172784288849,-1.6217882272649053,-1.0898502477918894,-2.380860648514873,-3.2468178237821474,-3.012151022473852,-2.571283534940654,-3.2655844996864727,-3.113330487034519,-2.600719710173162,-2.298923076363009
2.8922233043892165,0.6126117805300398,1.392158119815516,1.9799905803462654,2.19242142865308,0.697887166067307,0.4655931034672789,0.7725295339491015,1.017185593712371,1.608107380793858,0.24618578866001406,-0.6539834694403892,2.883905107733449,-1.9120520141138002,0.24336882535341461,0.41689334941366185,1.9659646688104004,2.2861814000765928,1.2370828921897143,-0.15081561085375508,2.4930303231328033,2.247037167358571,-3.4698245445059857,-3.7845877963564347,-1.611290596427822,-2.7697279021441363,-0.22452074929214966,-3.323337182522985,-2.854473670652655,-3.667537260417316,-3.0804182132748226,-3.5412759570982417,-2.9571005674028736,-3.0686757966729314
3.783653813911107,2.2090980904699906,1.3233623658192213,0.5400525121642561,4.1394814253562515,0.635271055215342,3.433684699039632,1.3394465688855017,1.0037612308449468,2.1398039669340747,-0.7261436749963087,1.1182005851771128,0.5083676673659773,0.6085678923325331,-2.418536935264386,1.6588599462232712,0.6064868471447696,-1.9741479362244185,1.3900776335357259,1.5173543314971212,3.047418377744656,1.2539119561673353,-2.1120886083712884,-2.9751337589843563,-3.3084755875458414,-2.9440268589851764,-2.852344724323737,-2.2206367590233302,-1.987874416620162,-3.0401546347518495,-3.602661258054964,-4.7425912919921345,-3.624868010160808,-2.9141295745315214
3.488763561593075,3.7704467096447387,1.9381707604513307,1.0829961717116254,2.5204026988054613,1.5149405244038403,0.20887662846628502,0.9150580112161079,2.6986505271290513,2.789714765585413,2.807568594988146,1.1311922373443515,0.6751589254012696,-1.594231763484881,-0.12266295943171986,-2.6388877504598613,2.819530683000935,0.13468259788930662,-0.42642037845534114,1.2317691209527135,1.4831398196009884,1.238450838365364,0.2650261377372672,-0.7653901734460704,-1.5074885778215419,-3.075382510339283,-2.5782702532848907,-2.464925046279968,-1.0426525594059333,-4.556439031235102,-4.832486877122809,-5.110285621842015,-5.619890918412013,-2.439586192830868
4.052298369305907,4.186132245088261,3.697038332417169,0.5350766775049457,3.0134235444127238,2.303902977667131,0.7952919741965278,-0.9664686127402197,3.5915509029524753,2.3179977120185105,3.674598293941454,3.1926096050176103,0.6002366441682051,-1.8362753681918833,0.32340057815124695,-2.602005265264847,1.1006405995240813,2.142900310110842,1.9345761368193226,2.6975329135806194,-1.5863304165864305,0.4954655766146127,1.214166941410044,-0.4720182568474476,1.0542322617382986,-0.2618236872584796,-3.0374620084331774,-2.021567125726728,-1.808534781303972,-5.1367052571164376,-5.659473501019498,-5.787403950027119,-5.761127538460734,-3.9220767872828226
4.723605356690666,4.239455269406659,4.34053591930311,2.6431664218784925,2.1763443970297165,0.3909292456330345,1.8945163060646018,2.1139352733613768,-0.06751750445762611,-0.31427737847144893,4.06198524444811,4.794187819280587,-1.0136844091237236,-0.3576919066146582,-2.5795525678930904,3.5916636956762185,-1.4889128444381468,1.249583384833434,1.0939829777530887,2.285156858280348,1.3215971729484657,0.06903481622875463,-0.6591836589118721,-1.2320015119563752,1.2475625493909082,1.1278811980616932,0.9568207864570433,-1.9279629602113604,-2.332820372168255,-4.867556332410779,-6.402420822464016,-6.026043190577742,-5.139874217136147,-4.897746447568867
5.562163376803553,4.798832454831516,4.403499698313682,3.5301385289745673,2.365798842449047,1.8313708161662337,2.054859415882078,2.2755986516528077,5.110510337887519,6.278899232110137,4.69459622579999,1.6121922254094392,-0.2155248441047538,-0.7682527366972188,-1.6920423359310064,-0.28408559277560347,1.2508643260917383,1.17165636194182,0.04243080206772577,0.648174299079804,1.0477480112584447,2.2128214566817412,1.7941918936079742,0.9765808973995763,1.8383391848462656,-0.40155879485478463,-0.0321158543292546,-1.7818923468657972,0.2490195457063528,-1.1212101525650366,-8.348747587062977,-5.846748509157087,-4.522054182069433,-5.139741560243831
5.692391462844591,5.555685500745976,5.022280991693672,4.502805324308763,2.3597384523831275,1.761114952509631,3.192580950072095,2.98720733544083,3.1660317609607915,6.95632537816311,4.521754270411909,1.1432804929872906,0.41976389221292104,-0.9489809385448291,0.30089537768210683,-1.8142778997770268,1.5654168573135356,2.026133083454453,2.1632069843938515,1.6856701941476755,-0.16605138367362782,2.0366326569009434,3.299151930645215,0.3831089271659406,2.88861751069546,-0.5524048341840367,2.827537779810463,-3.5180338726429703,-1.2409677556999095,0.7521477233039205,-7.450397759465209,-7.0422851949778025,-5.089665133397312,-2.312336039832514
6.203526842092854,5.291543325336108,5.538814287587392,4.5771089825169735,2.629087155768551,1.5366128924319011,-0.5365996935175784,7.5972657340854886,3.8739443962945357,4.338172917118247,4.929971472400079,2.5223601433930796,-0.8566114713083993,0.043867680939916005,-1.2634963050890622,-1.2185500444091582,1.0764099513538443,1.7098394994142474,0.15285148246746408,0.4573744445054729,-0.23589229338226075,0.04583752408665006,2.661242042913822,1.522520535638574,2.2445795648695466,2.292612413626925,3.5008723674756865,-1.4098617844147434,-0.2258911245972516,-1.1192768277413963,0.789957847432012,-4.134612653277201,-5.963020186047617,-2.0418271292790116
6.95429891378584,5.912188919870774,6.27291125445052,4.17798912538291,3.705095129340762,2.429281904563015,0.3493942574991116,1.0566615361551015,4.669130336615038,3.8751121908659174,4.051134339580306,3.139270208195941,-0.8576091177811774,-1.2822855553756682,-4.647483478543272,-0.7248288677004585,0.0804498985044645,1.9291243408187702,0.161243921348536,0.3458068261204978,-1.1337783764399036,1.2984622375894879,2.011484959794954,1.8859124747576421,1.7315438378175398,2.465313762499601,1.3229297354068887,-0.300954967352011,-1.0929217393015,-0.3637042125335166,2.9413920195916154,-1.000548095814121,-3.710970336500888,-1.9732305407477404
6.913648667790892,5.772609563537894,5.8159514678719395,4.744966703481023,3.9868355899920394,4.287817458388066,2.0115306755302638,1.5707166622105257,4.509928128825176,3.8109014716271075,7.174525981045906,4.35552458230558,-0.6139864956507333,-0.16329882319358013,-1.4548009000675586,-0.30142652389340746,0.48094703653624776,1.3563966551033064,1.2626497719280318,-0.20344074700329792,0.151451177744642,0.6438979905234964,2.061687982493231,1.1595819695042873,1.4465019955170706,2.648512823012707,1.2768031667335025,2.281657541608153,-3.5755977979047517,-0.78330543435111,3.1470263376866967,-1.3513252047273328,-0.8174375573332089,-0.8095116403750788
7.512066774190231,5.657333207639645,5.462351818111585,5.043022503391404,4.05365263998101,2.6577724547849084,1.8676344486210574,1.5876506313994272,5.87742525696335,5.249188812112934,2.526255757638261,3.6807161524607928,-1.242926447992662,-2.174549728178757,-0.3224718380267178,3.279268130365158,-1.1526067851699422,4.43859769639989,0.8329840805492803,-0.5734188634851575,1.640382671621223,1.414554818575856,1.7788776694341466,3.946844630126589,2.76762571161744,2.8061316286119413,3.159506036959187,1.3984350451248937,-2.393062315954683,-2.721624295593418,2.373752774177187,0.25264718350182985,-0.4179283624453295,-0.36678591440818775
7.542424932226387,6.794090680519657,5.694298614325277,4.997662506216668,4.301443697518715,3.9382973591364867,3.1838726595907643,3.643306297727127,5.614803413876221,6.1674472434453085,2.4298915356070268,3.8932915198729883,-0.25770761449636187,-0.8561901062559508,-1.2274539215317681,0.8894389996918959,3.0856420284685484,1.9599052142269378,0.9071887036550985,2.6398904004859713,0.7793457867693854,3.281646204634567,4.625289374213027,5.223888727441215,4.398078926358752,2.9168970253230357,4.027266566279466,2.603600408439352,-1.7430260782859321,-1.6756339805563467,0.39872587557490474,-0.6335718656449861,-0.22299016353865617,0.10119717126660456
7.131161490561661,6.909779075410657,6.486870933765872,5.829914560605483,4.418737998755324,5.437160249446016,3.1384031121927247,5.241634598823074,7.443670818866573,3.754759564815499,2.6276211253419737,1.4472699553356776,0.7935967273772427,0.6238718938998458,2.0178486105195104,3.1162177910280073,4.767911123132965,3.2094696260790165,1.2432712927294836,1.2510642720617802,1.4756145458022731,3.3881939238268486,3.573913275009951,5.5107927714354945,3.6359378182102504,3.3722824304886254,2.122699857176389,0.5345910425201459,-1.6000731190997732,-2.062550844081143,-1.4313888110046802,-1.450523059759052,-2.798800789295917,-0.5746897504784308
