script/wind250m.json
{"header": {"parameterCategory": 2, "parameterNumber": 3, "lo1": 3.000054539987559, "la1": 64.9999836372058, "dx": 0.5, "dy": 0.25, "nx": 34, "ny": 52, "refTime": "2026-02-14T08:00:00.000Z"}, "data":
[rows 24 to 47 of 52, columns 0 to 33 of 34]
-13.212494593775645,-13.580580524528571,2.6042226326725606,12.59600832754905,10.528658631903387,6.55485011000426,6.6473398035753934,11.536472976516253,5.449995788408557,1.2043882749523485,1.0959766589885862,0.5021046327576182,-0.7663328920987363,-1.6506659755796775,-3.3555884075033324,-3.3607409061749163,-0.9419512282424268,0.010838940637376124,0.46936867220334433,-1.0201506530364028,-0.452618463981186,-0.9634617916439063,-1.9517660236760135,-2.377343929834829,-2.999324004576896,-2.2115188824989995,-1.7083314824151115,-1.3974387705325253,-2.640556168614951,-2.944787055550652,-3.8905952958107095,-4.177985279323498,-3.6748959404670316,-3.740656393129516
-13.875089037265695,-14.484975817296956,-8.907264509850597,4.479122879433093,14.304561987050795,14.239603639188612,13.55132125276165,5.711507256417537,6.597378324678222,0.37282094851747494,1.0872833858599982,-0.9781373258117881,-1.9348171411764814,-3.663111869856234,-3.8681658806223553,-3.000893369174404,0.12301731682916403,0.2480440823451137,0.11403747353537982,-1.6586717968996139,-1.2587020740652843,-0.765287727772698,-2.685037144274273,-1.3609162394878604,-1.046691002974838,-2.976186024870132,-2.783148693013959,-2.706825850354393,-2.986660309532175,-4.535978572627458,-5.353489153381095,-4.450206908887754,-4.123949172747812,-4.237280678033561
-13.967616932229996,-14.073609646450665,-9.181729122972135,-6.6352961391000935,14.790840878452274,11.499509184113107,5.143038040256336,5.079985340714119,1.9097217887900204,1.457194683195005,0.22945413470720724,-0.9860593491225171,-3.260457569382252,-3.567978632510272,-2.6602167850256215,-2.1926892844495147,-0.4200910210489787,0.6199385007880835,0.0013974831387198274,0.711896172928448,-0.5902830200234931,-1.2934349818007826,-0.3300147549764443,-1.0654543951391218,-1.8015502613082333,-2.7472152369103884,-3.759372263075029,-4.312252157404418,-4.676109794205395,-6.956049473684616,-4.374005085203145,-4.27973688462434,-4.402883466587472,-4.629666129696386
-13.151531185120072,-13.21077840873218,-7.403130589268015,-4.408477780502227,-0.06472438354729533,10.866308865751595,7.691435869006589,4.312742826747532,2.372003698150826,0.3224350128356064,-0.8895840535014553,-3.6536246509160306,-3.0354559205038587,-2.3054296278103648,-1.8752423580481166,-2.184377752735162,-1.0021006990590404,0.7194386823104124,0.5320177384430916,0.9451158631812702,0.3583819997704278,-0.694271890479932,-0.6621119547634919,-2.329279603410371,-2.0381095050511018,-3.3958137144575793,-5.222390381130597,-6.59545406079319,-7.575287318037038,-7.946576288007301,-5.253530436891472,-5.112937274854244,-5.097941009999422,-5.208422617435525
-11.530725048348257,-10.80366965008549,-8.504695593469636,-4.019852289178521,1.8495129166960484,7.594432398242101,11.728110876290367,5.036358901327609,0.9002631625469961,-0.630026957000624,-3.76308747072267,-1.9124944635508436,-2.043292699591123,-1.6944630120656523,-1.881377840455203,-1.7025750870683642,-1.0355411338326554,0.07643233734356109,-1.4678752783881521,-1.1025324392492037,-0.825127413935719,-0.9005226465787317,-1.5426141739365513,-2.68408775491054,-3.390530425630077,-5.984576836839137,-7.9645363991457625,-9.277711649392026,-9.903241777975786,-5.828577639286212,-5.89290479864326,-5.492342644976011,-5.264313621089027,-6.0320421699430185
-8.914037093496384,-8.452849485447816,-7.491062573385543,-1.0926264630847153,0.48925457080101586,12.220194383411956,13.673563425886751,9.692410678302823,6.1565663574147464,2.1826945391302464,0.2758063529618424,-1.10057037829673,-2.1399699793913864,-1.6998528830339872,-1.6288569711638965,-1.2315106789435173,-1.2408882969372874,-1.3884358771574619,-2.3085887172926673,-3.084222146290071,-2.637576247757443,-2.006892440833534,-4.037139527199836,-3.403266574753163,-5.642738821650285,-7.731203520803094,-8.67887660287105,-8.916093542281084,-8.076821234617352,-6.385419946250593,-5.457592064238788,-5.382414116420496,-6.372011586102268,-6.834276023697883
-8.031960178602237,-7.546730974250203,-5.430816011740746,-3.8187256289003986,1.1935448663560633,8.036734903979525,13.298772892436087,10.968332846439441,7.39743641506672,3.5547755274429087,1.6899441507868733,-0.5216772824340696,-1.3583059157169892,-1.4997052093997192,0.3374499027818883,-1.458034543768471,-1.1709770494787222,-0.663906834631405,-2.1861132276489545,-1.6325654738227044,-1.3709090136000306,-3.7256106432467644,-5.336300582715765,-5.575537823838869,-6.483326289542002,-7.501114227613078,-8.422100532527343,-8.993274949023776,-6.756764266645756,-4.229324758158426,-7.670754922179636,-5.035439973859773,-7.54177016066228,-7.5182770973473305
-7.332618421235796,-7.026607569815056,-5.741779273374639,-2.682339740003504,6.902344473810874,13.982685231070072,12.867472097041198,9.839710069519889,7.379905093923677,4.769597264852457,2.6506363199354896,3.0894375355096195,0.18440825083734702,-1.6003199905994465,-1.9454948623741504,-2.253070902259974,-2.3785414862204384,-2.0232212058465535,-1.5221389418302915,-2.7986938314436407,-4.241774902896605,-5.003307237791379,-5.208567639760511,-5.312576835501557,-6.220886894467769,-6.9653315595883765,-8.803465907456573,-11.20186107344201,-5.327955750153845,-7.4248186060312245,-7.164514987330006,-6.6994245431990445,-7.609417346005081,-7.691391610794522
-8.113755373489644,-7.123467196016344,-4.205917027486612,4.696754514990105,9.388740235388003,10.978211180175107,10.857640327197403,8.628006649190553,6.304762477229882,3.8335495004055447,2.538735601322045,2.3298686301066818,0.456007274021189,-0.8955856133416902,-2.7170256655121117,-3.378223545811426,-3.1552172510473806,-2.831034727715803,-0.9583481163523877,-2.837556280913584,-4.481983126604408,-4.937002216646467,-6.134838708798118,-8.012613572313608,-7.916053852312787,-9.16197578466148,-9.500272498809606,-10.25358722242435,-6.955224557349095,-7.133876959882153,-8.021531110296404,-7.444811730100975,-7.607613577083072,-7.906394947129261
-7.155276212782453,-6.168928227541708,0.6651466522670272,4.0863782880428765,9.177199285321068,9.361503382117355,8.279637483346734,6.545369376695,5.203076482251636,3.709184514402648,2.2034121429654654,0.8096822971818773,-1.8884431575477696,-1.5663778267238373,-3.3816077686507278,-3.616166502326164,-3.847354515403728,-2.542720663595865,-2.1578805966654744,-1.9078439653446555,-4.394665613476647,-6.147753052777323,-6.846190692634293,-7.616406329862319,-7.121766543938908,-8.953791040755544,-10.21520377932186,-10.323619053510255,-7.727196149304969,-8.327787152424717,-7.638608300380698,-7.283809279209363,-7.641458928870206,-7.911821833902993
-6.621567368989247,-3.789821585251616,-1.8824541751701143,9.782030915308498,8.329067920336719,7.63964985327252,6.259799890395355,5.151772196308244,3.0080361707719723,1.6491152737007668,-0.09164559463183489,-1.0526825747037916,-1.6941209412223164,-2.150514035693336,-3.993389869128417,-5.045838045750587,-4.45951689061019,-2.6844324604929044,-2.584233784204373,-2.471194186895821,-4.1899307171462326,-5.855437204181781,-6.687960677222641,-7.093371975367456,-8.048236322999951,-8.685276002379366,-10.273711753815132,-7.547084953080696,-8.618073566536564,-8.929557366885572,-7.580993480748412,-7.291782760683793,-7.362442440452615,-7.972426315464707
-4.771894140244291,-2.6250794390425822,2.840487456853012,8.290733003038133,6.563780968765096,5.965882710534031,4.945709660496757,3.4046933914697015,1.4811409791929202,-0.0641717938778315,-0.3950535424062225,-0.4494937808936306,-2.126718883373834,-3.606644750022493,-4.4256046522513826,-6.152679717576835,-5.563715676367096,-4.100458062969006,-3.2358806390534816,-4.02747602856913,-5.6432709705400965,-6.487271074759683,-6.960382912007449,-7.1719185247224315,-8.060647170443508,-8.889823362876264,-11.452246413944948,-8.347455592546623,-8.517084565787945,-7.605898674191316,-7.097552347863324,-7.607058281582791,-7.857227309624192,-8.05013341039729
-1.5728964908372007,-1.9038298563315905,5.857580134848136,5.898600002631839,5.877652387215569,4.595780379072252,3.0459570978129014,1.1194158041702271,-0.24975472122172587,-0.18300779555500699,-0.4212747452396256,-1.5940802399845082,-3.3718796699255913,-3.755740279571562,-4.911075563687969,-6.7283447209364455,-6.204060972788298,-5.0220151183535995,-4.527853927485977,-4.668767108908417,-5.614256958003287,-6.999076888414629,-8.202034757910194,-8.015529114363455,-8.794397041438273,-9.318573422646686,-11.404441957623519,-8.358622266115212,-7.788908048117974,-7.539921623753339,-7.601960315808699,-7.689203598759938,-7.829997056463893,-8.00456213171135
-2.273834611184888,-0.574171471265484,6.214636252219434,5.489758412440143,4.712454814418622,3.024928250118654,1.4124078721063136,0.002303379870914418,-0.07038066501251926,-1.3123881639283654,-1.398253227270297,-2.8979577038069397,-3.980044310191805,-4.903825719567209,-6.5646549850140765,-7.437719574120787,-6.4829737499779725,-5.117300213214695,-4.069688196237961,-4.903177350559622,-6.394734157860855,-6.913661069967949,-8.219898058791268,-8.132773311318642,-8.410542492506973,-8.74152448009922,-10.713223329642815,-8.104374807544486,-7.664132854368396,-7.515217336695678,-7.55455986320252,-7.6181980994880725,-7.85538758854413,-7.845104157533877
-2.1110482696447086,2.653607721797107,4.056977788786113,4.452109539991184,2.750771590605898,1.2829739586986944,-0.0045446169581115055,-0.763562279079378,-1.4022403736973645,-2.6722120492444406,-3.0152427300216225,-4.1311206387690635,-4.435946015764407,-6.105429228932692,-8.0018284206815,-7.222134991990211,-6.452172807305748,-4.827279186165879,-4.760333176526307,-5.128419686261108,-6.29875712541335,-6.437017611785862,-7.360841163780523,-7.632531686081644,-8.172901127027629,-9.69038154484001,-7.81914142378641,-7.573558580512983,-7.407107312670218,-7.368155011806408,-7.259394704295777,-7.669483394578477,-7.882425310673145,-7.630707456179832
3.494113477137267,3.6721747946430363,2.6162541470990126,2.3377948518069838,0.5341405965973278,-0.767134173266967,-1.3099897548866817,-1.9494612867644692,-2.4984665709323477,-3.349072834678978,-4.325618119435239,-4.311836822131155,-4.695510939025481,-6.849286726323639,-8.252886309065085,-6.105534284309849,-8.19998081224912,-5.699000060850701,-5.7919718004177625,-5.858436674248832,-4.592350411654813,-6.642162301794485,-8.4509060536034,-7.16178936822039,-7.681207740719294,-10.560639906920938,-7.6172133329709055,-7.3978265601552256,-7.127678583652473,-6.897496297286226,-7.223762987100296,-7.742139712355041,-7.621704613696494,-7.485917134336981
1.6917066658948456,1.3839172257329635,1.5112736381199319,0.7185952388502677,-1.4476015139315779,-2.383045318096837,-2.7907648785782957,-2.837488280346182,-3.7471287268474023,-4.191162396613987,-4.521660187897566,-4.503266357270891,-5.253000179841742,-6.996552086809427,-5.4887754116458565,-6.774139337143199,-5.631106500584371,-4.967429181581015,-6.766198119725506,-4.839538960573589,-4.7607990793170645,-7.504613629146267,-8.396448003110823,-6.994807493512201,-8.799740035842177,-8.020619689069278,-7.190214332579797,-7.3356830334328595,-6.913608285496174,-6.490603245354606,-6.91476549274183,-7.3252919367920715,-7.7545946839409465,-6.8792059224844575
0.8194982375455541,0.36929453947107815,-0.011112298310011709,-1.8219155021119446,-3.291228207920311,-3.5982736123440344,-3.2639378543909183,-3.6531593800857625,-4.483836150449616,-4.556710571272087,-4.639905374623085,-4.297450314193228,-5.448667847731082,-5.514070351063437,-5.9630429567548555,-7.275812137460765,-6.482002209186048,-5.969397499197315,-5.6556671659211455,-4.745120892445045,-5.409614741679733,-7.750275848884265,-6.7794422837778585,-7.2003408517576295,-10.169068490033762,-7.012767799719193,-6.69317239903147,-6.721280104102972,-6.47606101855628,-6.17153945226001,-6.0028976540563885,-7.024312524323937,-7.273182681504763,-6.5069596113633015
-1.1107049096666193,-1.563069027303396,-2.2369670069628946,-3.5177696990168896,-4.158889056715574,-4.114176074675376,-4.015882708572207,-4.984127404651796,-5.331078911987017,-4.854431164334983,-5.235027726371633,-5.3530671342441805,-5.863011163269356,-6.368788844536703,-5.7786284415870695,-6.161364706977491,-5.6526314551966355,-5.395946633599917,-5.659160168916518,-5.0341720957491365,-6.3520149231977605,-7.369732337219448,-7.5706627101516,-8.762506049466563,-7.128873287777961,-6.58568106460774,-6.216050638884978,-6.0585429762840395,-5.338231246585681,-5.3569116503418135,-5.7421775889268085,-7.409902642063082,-7.033302942735379,-6.398095192339364
-3.4064436730923506,-4.033921667022921,-4.855347592516472,-5.553866831439884,-5.1025207432357425,-4.9505411016177465,-5.305564661405153,-5.529652177295175,-5.584496896976517,-5.4251442948168895,-5.716221392464288,-6.546255978555115,-7.122566880892466,-6.588693747613201,-5.563888720878007,-6.045256423434434,-5.871963767062164,-6.174887142626743,-5.192322548472712,-4.865419333737442,-7.022556418258056,-7.470540945223255,-8.553243390280645,-6.1017642006499715,-6.568903975465937,-6.983559127592558,-6.210757254645676,-6.19996596202294,-5.5856842561849405,-5.246446322977022,-6.899628842666478,-6.97838674642042,-7.008183636136216,-6.618999380009293
-4.883113691623597,-5.705944751284788,-6.358353262529177,-6.315222723172953,-5.887651381086242,-5.68301640647465,-5.942653990429494,-6.0866207843968025,-5.751510990351456,-6.345022652960422,-6.75769168738334,-7.055209789099033,-7.286435873083997,-5.640421990405742,-5.553847561254805,-5.643329470411175,-6.254329712001182,-5.439703812001511,-4.416732486541525,-6.575184049025439,-7.292829326793879,-7.019940185240331,-8.448068022179024,-5.88704109873475,-5.7233210887612405,-5.506681569880098,-5.710185141206058,-5.500100265202352,-5.507106328067009,-4.691636883219732,-6.04834950271052,-7.330660172369144,-5.352613994101416,-3.9745749093909555
-6.429899320060835,-6.6300940199566885,-7.564294684778856,-6.751050762116813,-6.354588244252754,-6.39423653942995,-6.282489586175569,-6.324025187475691,-6.686252018245756,-6.548554043166085,-6.494815421549642,-7.09806327972568,-6.569805857100037,-6.81768672930724,-5.003564189285391,-4.439716879448187,-5.0050548024746835,-4.716207589440667,-5.327152910143092,-6.424969359299427,-6.890452425325689,-7.030932100032492,-7.647086249858268,-6.908813324019299,-6.0490999073041385,-5.610973458428541,-5.8095689449660455,-4.724038404272428,-5.79243378838778,-5.340985728765525,-6.371240869524464,-6.706253817933036,-5.073874960871579,-5.340868426871319
-7.514303178740472,-8.034018112334241,-8.180665071697467,-7.017639484501521,-6.743791549354141,-6.674303109378177,-6.516865639100464,-6.473186575379134,-7.121979953934016,-5.858078807978862,-6.986944365831258,-6.445276102218947,-6.5226397152751066,-5.338364968481253,-4.095345633633884,-4.014893724857504,-4.266523685975401,-4.826650557174334,-5.279705623936307,-6.0099386020958585,-7.079133245888048,-7.511628659182921,-5.818835693053524,-6.668437840874626,-6.483332140761175,-5.235371859094378,-5.276071839235333,-4.714379982375638,-5.544994415495983,-6.420792468636784,-3.723307805599264,-5.503619521668651,-4.869861676875023,-4.9808954684272715
-8.246086977144898,-8.97393915387489,-8.259786201151309,-7.179648960442261,-6.9748697298276365,-6.889332261160034,-6.850717427302866,-7.6380746143091915,-6.90732715185131,-6.668401646981564,-6.915057564420857,-6.826527571450546,-6.361855410962018,-5.21088882105612,-4.013126789615504,-3.4289474014106314,-3.984627662199302,-4.8424564825474254,-5.493377912196436,-5.96995757163448,-6.425886645537744,-6.945051740060382,-7.074653125156538,-6.1904825695204275,-5.466643832883646,-4.502253812591042,-4.001535564341314,-3.8701885802602423,-4.517039203771009,-5.240796576417723,-5.349332833717447,-5.2613275406824895,-5.990204688771897,-5.226290034585377
