script/wind50m.json
{"header": {"parameterCategory": 2, "parameterNumber": 2, "lo1": 3.000054539987559, "la1": 64.9999836372058, "dx": 0.5, "dy": 0.25, "nx": 34, "ny": 52, "refTime": "2026-07-01T07:00:00.000Z"}, "data":
[rows 0 to 23 of 52, columns 0 to 33 of 34]
5.018062826248253,4.8176626379070315,4.994047895582924,5.916391238663646,5.438337603175446,5.419159872940021,4.6806449427988985,4.029413395030629,4.476307176386844,4.2702843526411804,4.96530191792098,4.482707010633638,1.904997411592143,4.662817263420095,5.052705011744827,5.209363988943828,3.2380742672456417,3.4588872569061264,1.673030446560977,2.398466562694263,3.0910453073134163,2.6541257214570106,4.042043067960155,4.1122475011282935,3.75521235809388,3.3288809181132257,2.7663258963509794,2.569129922648212,2.433997935794341,2.9008910472516463,3.009981032509066,3.178066304618258,3.1537760490497497,2.9475235418843
4.799636561941624,4.744810086491343,4.716536119784814,5.6569060274086524,3.4984161345578206,2.610047242701742,3.1148291221799935,1.035451801175127,3.688015920479283,2.703667590103237,3.9285808801175763,3.3070199080518994,2.891728193092515,3.1357243268356276,4.028369503177926,3.6371810921196204,3.934046716112559,2.858148627279332,1.9719091557308244,4.561354878433436,2.6059130072029024,3.55003461004852,2.7392310076214255,4.766424985426953,2.7524487906914086,2.1035534343535303,3.076551202790052,1.7967226684742683,2.6875880158443466,2.600424718219225,2.1103552087154407,2.722460691746287,2.990085018964887,3.2700816463652167
4.749068598695216,4.010214762515333,5.602751316250639,4.822362059832368,3.2024049148531657,3.6009577999343247,1.5118998284048608,1.8623347262377605,1.787899453759428,2.0908334824867434,2.1577485566615495,3.1400622712527237,3.166442824274915,3.6687850263670723,2.924701788865016,3.063041075134548,3.5066781419851316,0.9597761840163042,0.9914075922786842,0.8436110705452525,2.983603773385184,2.7568693848231733,3.276261203504466,3.3038631936028477,2.262666133235846,2.0852483112871663,2.2809491768048216,1.9504028538851588,2.23885940194836,2.500372689793375,2.307158187347094,2.334914116401839,2.5447247288118833,2.8916437265672634
3.1765040372308344,4.432367166382931,4.180994312615478,2.4700476597411343,2.6099865791210144,0.3098357693697188,0.1103788160363783,0.5383992013683432,2.3060518433320403,2.2557021015441663,2.9979653244298947,2.600701582464946,2.3987568653375066,2.383530513877281,1.994996249134173,2.980256603075735,1.5943255710241757,1.5725555471423058,1.5734171405657953,1.4235113559289645,1.9828922284826278,2.9262449462219986,3.280116590732146,1.8716652069526252,-0.1339987287292141,1.8972683297114765,1.547295153015564,1.8326172812512966,1.8773593459788238,1.5965635667173252,2.0915228114124567,2.539841895626755,2.2321615127035184,2.2713282340549092
2.8580856881025554,2.7082467797993526,2.430635065021703,2.281687689866065,2.7154877873256567,4.065028998108512,2.686110180517609,2.767032587270905,2.3278893593831524,2.601371934349714,2.5231875314095586,1.9105118513120005,1.5544891884371421,0.9044180859143927,1.2968832425586292,1.7809870715754819,0.9302401977345087,1.3237532933145846,1.086160970351725,2.65810702473373,1.4187424954488679,3.6088843227632172,-0.6264795503508837,2.1581804004565206,-0.10090409619987725,0.38738650625321375,0.4698086271206369,1.002495602436272,1.279964908574075,1.7922379680724738,1.7467883020853414,2.5006049946978623,2.606177257241535,2.168807252139784
1.3406547717480322,1.8521098880601063,2.223115852231795,1.9849352276181813,3.571126388169687,1.9420327102145296,1.5923284699076417,1.3348128354813418,1.9577510824723234,1.616747103410925,2.0696541792570384,1.5248325788133368,0.2832843098051684,0.043418143451581424,0.8353963450975193,0.7050696231276784,-0.044196414340771026,-0.41984791312268716,0.7025155575952228,0.34010419609709036,0.1656800641804613,1.3343930903509245,0.12334574930328566,0.12620458073434368,0.9769424666943578,0.6515263289751692,0.2421652266583144,0.43010851744864254,1.0927578454345255,0.6085368501807183,1.0984969887872562,1.1085529058164105,1.9204818835410582,1.7598052471006058
0.1586176752652929,0.9467799783744103,1.3598267431364295,2.306044484473172,1.6964510250618177,1.4249003589568288,-0.05433793369899887,-0.14533117909354434,-0.3666463767618464,0.09935251625002275,0.12027973990318686,0.747541970496333,0.03261345990262215,0.13722660927411068,-0.6612481027269083,-0.6690736656881194,-0.757274725318111,-0.32874921906195875,-0.15041632932526253,-0.791253350381276,0.3124088008636963,0.39934225120111616,0.7066952591246006,0.9902684326126671,-0.6503231963237937,0.8300481050865998,-0.3828936940995392,-0.3166682225686265,0.25884792591825845,0.07572396659777704,0.44560820822690006,0.8693643029219283,0.9679149366548508,1.671156362890173
1.3984012722096193,2.0746063503299417,0.6295759535042609,0.400217664792579,0.695820840270101,-0.10693448661528224,-1.7400915046441576,-1.8506330790926298,-1.2151428293042814,-1.7801096982761295,-1.443470592959988,0.494261585122428,-0.05890439071223474,-0.9079706065724275,-0.5223923101724934,-0.8264946435058314,0.29593018748180167,-1.6973643025166585,-1.1403332369650432,0.5714335432760795,0.35635287102678975,-0.05514234785777364,0.3617890746250148,-0.21466213904927775,0.38029527682182085,-0.09347718979017956,-0.612992088762363,-0.7493927666801257,0.5009526100680692,0.08327675864051247,-0.7174481658536914,0.40557783323636726,-0.06891305255445228,0.7210750542168094
1.0573728022339943,0.7878166955793614,-0.28689809709194003,-0.9911160673665507,-0.9725521955891776,-2.046131991767226,-2.061505645858856,-1.9792066370053591,-1.720640251062606,-0.15781009067014348,0.13277355507939276,0.4456945686637314,-1.0690153804818765,-0.2999040868767303,-1.0622271895667068,-1.1297061074152697,-0.7096576064370108,-0.795773260292316,0.7596975663859954,-0.7228391877543506,-0.3085557367435458,-0.980134239214626,-2.2638344998349544,0.1412736848564956,-0.4401448666247811,-1.2929921622509601,-0.8016634715347428,-0.22404660748208807,-1.150524480874885,-0.486368342714327,-1.4637829115159555,-1.9539241135942995,-0.7642117694875458,-0.725498593627576
1.0058845317606813,0.35306909909787665,-0.6297219091255227,-0.7646200604953919,-1.8729004049573814,-2.0150607928751136,-1.6102191173560272,-0.872047062657735,-1.3126185117428406,-0.7830492796723497,0.4566043297538005,0.2739978434532377,0.38127851917735733,-1.4034276491629496,-1.0169050572930913,-1.477298837419768,-0.39659940830855944,-1.9956963643226517,-2.920530148099615,-1.8322235482087816,-2.207408313409633,-2.1631472904707127,-2.2158613415274844,-0.9576582718246928,-1.7090051027767288,-3.3185203112373847,-0.6566786276628663,-1.6435696463539484,-2.749305454431283,-2.008802086994251,-0.7052210886924594,-4.69658129499483,-2.266554059477632,-1.065560617544784
0.25562311129475596,0.5178000301263784,-1.360799967984005,-0.5663334770212821,-2.0322132477846533,-1.4034603446356526,-0.6762451134508818,-0.5916413309821754,0.04341332157663861,0.3042539421897974,0.793725176351074,0.004748544905829449,-0.9841404485042691,-1.3450002749873953,-2.155446117621705,-1.219080135687047,0.022041260630719667,-0.44287479791396406,-4.5712881486145065,-0.8360247101407097,-1.602655316689896,-1.4489262825807172,-3.9268209796769393,0.06637370460412313,-3.4815457140222006,-0.8967561345657811,-1.1518706065532573,-3.5619109441982486,-3.525738484967134,-4.184586851796108,-3.385232394964269,-4.667212351538362,-5.1558790344362215,-1.4334905970568277
0.7630719646997902,-1.1690635273140504,-0.8501578780476262,-2.343094056971841,-2.844181192621423,0.3886237647419045,-0.7657009140686405,-1.273340620879703,0.8028623937442714,1.1916779339537262,-0.2728233965653485,0.6592812763608632,0.7205793276738058,-0.9958126188344472,-0.9879801747981185,-1.0865868030259729,-2.080380785544559,-2.204616953070783,-5.374567007127651,-3.8552197862570194,-2.427323793199492,-1.5605887458338465,-0.38787874434021036,0.7974944279831206,-1.4232900567961455,-2.322635550186731,-1.7692169009217693,-3.7976029418200685,-3.7973894090224394,-4.461231449070965,-5.387444379717328,-5.05593904510848,-4.428015327139866,-2.143211595292157
0.7565428725273072,-0.07350808262873296,-1.9703604438241886,-2.4711478750518068,-0.146948079392108,-0.1507511590265763,-0.10416669225872417,-0.4407227981962705,0.1648367981247822,0.7623806816505708,0.9894913011988551,0.16356779686691367,-0.09648648337316364,-2.605113636445505,-0.8187011449576778,0.0060358245616549296,0.6077998743621136,0.16988743907395348,-2.0975128843106634,-2.3505778352139206,-1.6767485975800462,-1.1346972035924732,-0.4507529617527682,-1.6184875007992905,-1.4934745083069736,-2.9971296231425826,-2.603976659546617,-3.863766957112482,-2.965550513106118,-1.5880500629343306,-1.3301831282835723,0.14053916170878128,0.8807448830217673,2.208229727211234
-0.5136686688505947,-1.3361523339041457,-1.4550193345101095,-1.1373676119226044,-0.8745922975221441,-1.0031508394900832,2.5335839726334397,0.11848264110197397,-0.5748198115425605,1.975739399545477,0.5572440578235578,1.8212308393014298,0.6691859124288522,0.45226056339294485,-2.360746178777804,-0.36875101849201375,-0.45172849785157637,-2.285595529760407,-1.9259751316160678,-1.290378105866061,-1.5163332980656696,-2.363503043975664,-1.2393016554516896,-2.1498801416012348,-2.2529483255649057,-3.789518669086938,-1.8856992166358666,-3.1138759796384696,-2.93323671575758,-1.2234542945649916,-3.354445712524721,1.349839648388909,-0.5894539389757945,1.594336787237123
-0.4045916896849746,1.1253187113665506,1.1393728448566895,-0.9984427948285379,-2.261658315193975,-0.8451777259861655,-0.049425427330008244,0.6403693022455801,0.834429936693409,0.5076206488864451,0.4262408355467618,-0.28929570087113754,0.019774120409660888,-0.7476488711878571,0.2001885004618182,-3.020175099749164,1.499268110655222,-0.38946794823177633,-1.1315787261752228,-0.8889869076623058,-0.9416383512198255,-1.8676130097400114,-1.9036973005907258,-2.5141403048239583,-0.8262695786385829,-3.439484135449641,-2.388412772415715,-4.469749970700635,-1.9690297656834737,-8.419432092028591,-4.135320461745991,2.1909412998811715,-3.072631537646788,-0.6599582704911695
-1.36782590588635,0.9053047160607619,1.8564143581187218,1.0084918361297224,-1.6611956513764452,-0.7920908451671237,-0.7368679062526872,-0.1238342537280531,-0.11007481925640712,0.08412885873427221,2.0390420496626502,1.9214661874218655,0.13665774716222465,-1.8876457312507309,2.4536842157607035,-2.591439188932005,0.15463748769681962,1.9695564298582422,-0.10403817989092444,-1.0903737062108076,-0.9056095588946953,0.5482978443005259,-0.48389130037313405,-1.9627587604376107,-2.5548146601479678,-1.3843314610713549,-4.354720261140884,-4.843817593768838,-3.3024832571138734,-7.553293635765868,-5.961894358932906,-1.7506358856644866,-5.014903951744553,-3.947262430514097
0.4681526348565575,1.5227101184030003,2.9905090967130907,3.829359830436566,1.6889864599797582,-1.3485858798943609,0.5414101612996813,0.6773531772532568,-0.6562555136403907,-0.15457169055109113,1.0449506525669703,-0.2670106995908789,-1.2607760102634462,-0.5483138497945051,-0.9390961921323954,1.917654837721331,-0.8343375422908073,0.4718058929421796,-1.0002548689420823,-0.7602186424352648,-1.531974859712418,0.03182410216601387,0.6994059747849471,1.069661557490413,-1.6777276869240538,-0.6641113987850712,-3.289230763790762,-3.547269577438876,-3.8396909111598596,-6.88440596615012,-6.929995823518126,-5.637013954034705,-2.9364139162843146,-4.366184935153799
3.0513651572987786,3.3783326181181006,4.265506585663513,3.773247127126156,2.752556583278051,0.09377293888655848,1.098178724506261,1.0384274781517564,-0.2653295261280184,0.18243681415431093,0.24751350211637532,0.34093589360217197,-0.6863686915596787,-1.045201272502277,-1.1184916651767536,-1.0806716004550716,1.0222002697978831,-0.8874905462998658,-0.18154180492405472,-0.31252341121959304,-0.20430783723938964,-0.11537138668205087,1.2535309002983592,-2.130679704384702,-0.23880781239221335,-1.822474156871703,-2.8404576386888505,-1.3462816925211347,-2.0452375973180996,-6.7853373812362285,-7.500311229912924,-8.338696690623728,-5.72624138655411,-5.216477097663045
2.350166584614222,2.130477694427568,1.659103318184772,2.061291400289624,1.1930847029327178,0.9978944542438287,1.8322601394640499,0.08985847270546453,1.2458328563289518,1.6317719316554415,-0.7874632691260173,0.20727663700182294,-0.13504515184014756,-2.260027255960056,0.4828427985526381,-1.087232744256013,-1.2269867130739363,-0.02128984569216519,0.0047913441183122085,-0.25448333784191307,0.6994810843191799,-0.5197771834212623,0.9281143260784138,-0.7769888033149805,-0.05635105110693676,0.8010823439822353,0.1523714636948401,-1.5319367403688104,-0.6356008137197553,-1.9143744115400332,-5.103132975234007,-7.243905132688301,-6.605520414578203,-4.474172460799682
2.30121175357942,1.1590497824392463,1.3906191269517167,2.166177910419046,1.189978579979198,1.6893500828324535,-0.5893497286755598,0.48267292522949207,0.5846346901488182,0.9644184523327568,1.0430231922466262,0.1126306354902565,2.142121393285849,-0.9421556423754956,-1.1445025767703199,-0.7022575809455512,-1.2450357031598187,-0.4390077555399082,-0.2943092276176611,0.11945117287380749,0.42624078345602934,-0.061491107514853656,0.5066032729159621,0.6452924062114394,1.2473336988154615,-1.632792004887158,0.150693953934092,-0.3941039360932783,-0.6821496867801873,-1.9014941136217096,-2.4963492069144326,-4.706987261695846,-7.398801275355223,-2.9206737965038143
1.0600336209266856,0.3282716944364729,1.083397157845867,-0.18730222474590028,-0.006279388199352362,1.3713268677253765,1.2629017988164433,-0.6142474495836936,-1.139609306323569,0.1292375703582306,0.6684216726132951,-0.013155783245383636,-1.7443492467113424,-0.695715648407113,-1.5757467962146186,-1.0163494771897157,-1.025327096274713,-0.09645413724670612,-1.1660083728594615,0.49584791284412877,0.20534727720172055,-0.0944343127689411,0.4702841301867928,0.9108175887137865,1.576872177095503,1.5903285956176965,0.5704101927424396,0.616039159626384,-1.0981166932817603,-0.5833983278096628,-1.762214983379423,-2.1700188647325507,-5.649640190368189,-1.8107489796498693
1.3275769773127521,0.8156538197260519,0.5558099990586054,0.31072895613962803,-0.009216269393156071,-0.258090579523513,1.1119262294239052,0.11850154605704849,1.073056200681426,0.4960436655394845,-0.7555300428071071,0.2903838524790464,1.0569800418685342,0.0121087817844313,1.6235514171829524,-1.2622368164206959,0.06095796446191358,0.09208493479302889,-0.5910100276636252,0.38414982593149843,-1.1043497649711698,-0.2929583922038417,0.3719506401546139,0.812878115904745,2.0913576614923146,1.599395945596049,0.8194099861257521,0.677781730694611,-1.1739854411109574,0.416829109566727,-1.4615351188937775,-2.23785086335989,-2.4682474594456165,-3.2984969804958393
0.988290477581314,0.5205918954369685,0.8555252875180807,0.6302396747845104,1.5796746961562673,1.2378989505247253,1.2088586825855205,-0.018540125068683237,-0.18730416479021936,0.997140566834148,1.5565007944974116,-0.4310850364372191,0.3772101347250835,-1.6022089135674045,-0.42135605602468534,-1.988946769170106,0.15492390405822765,-0.35497512365306483,-0.1306945421069545,-0.12826607535719697,-0.482016549264601,0.08876952484775741,0.4926566398240542,1.4141544761313956,1.5378766894682177,1.2577938373017232,1.2814945414711356,0.5598199760673156,-0.21474076928667624,-1.499201387503518,-1.602669980472499,-1.8956431338441524,-3.036160647333765,-2.3077563100576377
1.7573423275768059,0.34528684652642183,0.05309037169103884,-0.15185139831814734,1.4894772115016364,2.132787742174849,0.44009682286530555,1.1880836573118068,0.9340640225077725,2.831787998586606,-1.0967451042792329,0.5245375094535095,-0.46724544837934073,-1.025473381786838,-2.006313594502023,-1.8202587182732644,-0.5199716886537694,-0.5529749566557499,-0.49670699058989803,-0.38960936622382975,0.4667259465213755,1.3785872534716352,1.8760937259907522,1.227006570233839,1.0427805974444415,1.2200965906692227,1.0638030056395997,-0.685393144105412,0.09356393387614768,-1.2428427383134966,-0.8349156991338178,-1.6089437368735382,-1.8172731319506399,-2.76514945697507
