script/wind10m.json
{"header": {"parameterCategory": 2, "parameterNumber": 2, "lo1": 6.000027932988019, "la1": 58.9999434238085, "dx": 0.5, "dy": 0.25, "nx": 22, "ny": 24, "refTime": "2024-10-09T21:00:00.000Z"}, "data":
[rows 0 to 23 of 24, columns 0 to 21 of 22]
0.19225886702873318,-3.5454392297686477,0.4976939300337888,-0.6297451799658687,-0.8017699684567864,-0.19858613302726497,-0.196600798163752,-0.9107774013067215,-1.4667766780831335,-2.2365108825042084,-1.759318874656069,-0.772034847784134,-0.640267513507057,0.343864659035561,3.079263386033784,0.8996358645165253,0.9721380713764113,1.3901888369826723,0.13168178431284247,-0.15119308501928272,-0.24307528084171295,-0.5426386406618675
-1.4216954500383543,-0.7901125665923715,0.1959096176063122,-0.47858404018085654,-0.9536124722168721,-0.951097320559858,-0.8355565361557197,-1.0949372966003714,-2.5955262062496818,-0.16031497427804361,0.21937649422060368,-0.6489957118832307,-0.074415722843536,-0.01681205604706079,0.3580283198626893,-2.0771708470505685,0.818453715969592,0.3095895251427233,0.783962136930671,-0.22237050551160223,-0.4279045722259956,-0.15108190424002305
-1.275757832310189,-0.20262060880724375,-0.6608368552880697,-1.051031808119049,-0.7038493613087665,-0.7579069975178818,-0.18696562653021107,-0.36223546834356535,-1.777281252934429,0.17713044214545598,1.0621917127012206,-0.9699885211225812,-0.4278690090322268,-0.29118508388958325,-0.4752926356226137,-1.3624373791382742,-0.7747014362412977,1.1656269434475321,-0.35364854358322734,-0.44116052491340835,-0.6022206903098802,-0.7487144062699143
-0.0002975639268009337,-0.21795463371938886,0.3347170019431759,0.0375798426900067,0.27806596217487706,-0.7473551336371612,-0.3847579457126838,-0.6154022698875118,-0.47416541201640006,-0.44274276268267143,2.3440577251767016,-0.15052040416334836,0.10926201051963745,0.44266444109863834,-0.8687870021375522,-0.8392850826441569,-0.7340690247207705,-0.0960131722719753,-0.8197301352510765,-0.9697313904659911,-0.8180963607964569,-0.750961551126982
2.153153866673019,1.9510202959647087,1.2784264462624617,-0.003075074909902877,1.3381685295403418,-1.9519904719970715,-0.49209438024409874,-0.5969360440410105,-0.05938102799579395,0.6188499739622139,1.323780456509457,-0.01774595386049648,-0.538581275514201,0.2500991183202323,-0.06194287288505853,-0.7461979697813281,-0.16381001661534067,0.19048695011271238,-0.17133570824306565,-0.5646390114158085,-0.6369452174141579,-0.9516070474296987
3.4291593323412806,2.1519675784885925,2.232069475893606,1.0609510855013888,0.04220124031684178,-1.3395819854596622,-1.07439632707611,-0.4070545660395102,-0.4521253390976613,-0.05730399853508861,0.6388468919492495,2.157528603897736,-1.1915892524148974,0.1290664395433893,0.6381609773848904,0.5679521122420045,-0.6924388579116615,-0.0056297453207211435,-0.3859001043180438,-0.36654148432029454,-0.3246165980740928,-0.7281715205456543
3.1365147746832114,2.2031675322581656,2.340624789228475,-0.9445146234147306,-1.9006285108793797,-2.6438056900897324,-1.6036428111967944,-2.5404688326797547,-1.2396997256811502,-0.9175279968337412,-0.7034289819495206,1.0092827815091026,-1.1030673025579387,-0.5416296287446397,-0.6338269671237943,0.16917010965907428,0.5910179472649268,0.7858699702801165,-0.3122424085604208,-0.8578438974227247,-0.8372981901460623,-0.7727777396454307
1.9203646394824252,1.6965973845847429,0.47114071345385766,-1.3315584270879066,-1.1257880174609893,-2.629486523365748,-3.3247429148812135,-3.2645120715714144,-1.840799756564395,-0.1428491985018132,-0.7765035518513964,-1.418762625328275,-2.1395405103173535,-0.8595654403706855,-0.3362196469962446,0.2714401933639941,-0.29606470526022216,0.617343001620212,-0.15597767162687914,-0.711937697960282,-0.989331549258096,-1.1331207099702036
0.9229954081623796,0.44717702724323793,0.24604366192230784,-4.292036717541732,-2.698961580705581,-0.6132775820688869,-2.627504617024699,-1.412222590287983,-0.9633762040484982,-0.7342637940272833,-0.02491159356431558,-1.1862159961071714,-2.7246491643531456,-1.8962917215506552,-1.3104829653891785,-0.5861850863239007,-0.08415628684469587,0.18851332710754412,0.1654521968116255,0.3477675838546836,-0.5222580931131707,-0.48162628618579817
0.2473651671253362,-0.3904768112027714,1.5786803429545824,-4.796119980751463,-3.7930323562693915,-2.2403887969281184,-1.749347216803664,-1.5425961143275186,-0.6653328552294763,-1.7362647204220882,-0.04656189660943265,-1.2731935060760782,-2.0650954099444463,-4.052749821331701,-1.2324531936326455,-0.4294242181936218,-0.7063115064823612,0.4355975372537838,1.1399188770584416,0.10359446460638533,-0.06259549357780603,2.0251673713407095
-1.7869732233367064,-1.4886037202706008,1.887398951137294,-4.284311608964566,-4.265162500735545,-1.5408382791639141,-1.3103265588459367,-1.7939363200813994,-0.26396758185379837,-1.1164283705399631,-0.48818312391633584,-1.0292593805311163,-2.847099433077935,-3.1217687514450074,-2.3690915757738025,-1.0707846010486943,-0.42574972079270146,0.3412032283797653,-0.006346835303260663,0.22311595755634714,0.35809875393927604,2.4045826320695154
-5.142207411797777,-0.714342946260214,-1.1920469606226316,-5.229180342206063,-4.004333422708688,-1.9218650480893618,-2.5895055098537934,-2.00415920580784,-1.1056176686706005,-1.4475703010484942,-2.4580626646389843,-2.2842612784467837,-2.181564489031562,-1.9492697708339353,-1.5122401792187359,-0.8803332300222191,-0.7525796793443938,-1.3162893383148822,-0.7547781422731419,-0.030242264472718373,0.9218764934996176,1.0777248396166696
0.5018139058479163,1.0663993876995503,-0.9467009966086457,-2.4105539274242656,-3.1598172809751746,-2.4998042587985356,-1.781540592513696,-1.1950562740267345,-2.3278380423067806,-2.5204381650056553,-2.5836671160770917,-2.7515245728021807,-1.572998172903214,-1.2020675213741414,-1.4348961320498683,-0.9806837020885804,-1.0865849269474719,-2.087236731446316,1.1500601197581106,0.1953930745690766,1.005360843202157,1.3757224607270082
1.9946637555246922,0.1588448366215482,-0.28770013910506204,-2.818455523683342,-3.5086177177936655,-2.15050873221103,-2.320738981371578,-1.7136492038734066,-1.8854246089256392,-2.755308118680387,-2.808716171313441,-2.127705888309669,-1.9595661951017518,-0.7203530097853454,-1.3287823719899359,-1.315406292570322,0.2491705428203874,3.191856718318211,2.848673733721621,0.7270141148657534,0.5418018171841347,-0.7294130225170027
2.6611635269707983,-1.4587649203914343,0.4512828964838215,-3.2281573784456934,-3.170085577796936,-2.6711386341256773,-2.092716831398883,-1.8414581207552405,-2.2904230742774403,-3.139304983727288,-4.691818690463048,-1.7361111221861323,-1.402606088900314,0.06663126441660616,0.5911355010203821,-0.19604394950175225,0.4326886108117893,1.8615800413912384,1.9661663639929376,1.9332083683570076,0.46645568730978365,-1.6262256011361085
3.3548897937426876,-0.04513644230271661,0.25140789547740405,-2.8512020201005064,-3.524724851107168,-3.2454834399551347,-2.1331792337106945,-1.976478299541343,-2.3266768612822837,-2.0558468512853767,-4.404265823162589,-2.1231582970400074,-1.0509468398004675,0.4432731761812624,-0.6770070212828808,0.9808325944420228,-0.20448357359518546,-1.1034855549673208,0.527379180278563,-0.07302777368267975,-1.1548929194440902,-2.4862259783519445
1.9151015205123345,-0.3771981368978812,0.6584399100635778,-2.5285843852654546,-3.8221598942474566,-3.932330681611982,-2.195681776078905,-1.8661257978535888,-2.481887842819564,-2.501800236735113,-2.2528683886666423,-2.5031806394534795,-2.099912368189381,-2.198767037878883,-1.4705843764213593,-2.0912642602188476,-1.7607320222862923,-1.1505189937299642,-1.0255482188256773,-2.3039114558120506,-2.950532712100676,-2.754208194600857
0.228268688526214,0.1938751564590956,0.6380957781609199,0.2845543897428611,-3.99450425680327,-2.877693689170513,-1.2070838252557192,-1.9940005534338996,-3.7501433512313764,-3.9725339692308976,-4.629180107689415,-1.2546605385646652,-5.239838678990978,-5.760345531465129,-4.720245794463923,-3.754896216877529,-3.5327546487953136,-3.0921290135040027,-3.1073600105979895,-3.458252626825996,-3.35712827743115,-2.8958925300970644
0.5522557494541592,0.39629005600272943,0.48109121157281415,-0.5361985642572497,-3.7439551477039497,-3.7307094614931917,-2.178834621139218,-1.334415235134046,-2.4387403796957208,-5.096178267114569,-4.184582120866273,-6.158813859043254,-6.525779294821478,-5.978242490387548,-5.794342296167556,-3.4459249136433887,-5.265807806539511,-4.878498868609465,-4.978250222964715,-3.9941453619152743,-3.51086432956746,-1.889758180885859
0.6754275531860595,0.18697187534415674,0.27380889358135885,-1.239621746453965,-3.7582015010957432,-4.45667793478573,-1.9805794162684243,-1.5924890532125804,-1.4668202837781303,-2.9119677777667423,-3.7414903856638024,-5.661430994784451,-5.609889864964321,-3.939623601446753,-2.7606251381278217,-5.415425789908816,-6.175473993944279,-6.044274331840787,-5.298574257036166,-3.400854466632446,-2.4751213957287215,-1.3254683999775534
1.05729082824153,-0.2628856876437443,-0.38336265241841,-1.499932238402134,-3.4307442074573142,-4.596284531411155,-1.2509308324509842,-1.2400130877230862,-2.236238489155246,-1.9360284868852442,-2.545404672461714,-2.720165840456713,-3.2616902747937306,-3.251977135125698,-2.73025138084566,-3.268450917307289,-3.1989904252324606,-4.224284739209868,-1.9701974165713696,-2.5914934278999047,-2.2546614632515096,-1.6893395396283748
0.7051703858556506,-2.041739399166153,-1.2668815538338594,-1.1989023378045358,-2.71150731484315,-2.6667648633387357,-0.3962369913362292,-2.112806293910555,-1.3049837417991028,-1.8737409300097856,-1.914207453588519,-2.8687815392528537,-2.976279921343874,-2.902648220930789,-2.5884092847487437,-2.8193759682229333,-2.3375396306082377,-3.861971087518419,-2.3791523549526823,-2.301035309858248,-2.2504655831282814,-2.257298609982436
-1.5033200064027743,-2.128511186444182,-2.4876721627778884,-0.8734884705742388,-2.0317787320174436,-2.0001481853072254,-1.0652392314429966,-0.8593963658234616,-1.5583630914829283,-1.9976076996963428,-2.3308716692006164,-2.244397334653439,-3.016719095253665,-2.274948406769207,-2.7333577755874043,-3.94398076202353,-2.6497397062932717,-1.9989245586569298,-3.339256493488753,-2.2015541693288916,-2.170200691352289,-1.724290994047489
-1.5516616512696744,-0.9897944952204613,-1.9495044057597448,-0.884822553124173,-1.5311593729274342,-1.56983630987333,-1.425793549949929,-1.3113359357629841,-0.9906600497474156,-1.2968956696230267,-1.3894446409584318,-2.1264020147909566,-2.9989874801349825,-2.1514707003929066,-2.8576877785527337,-2.880497567884051,-2.6336264067182533,-2.4278461878882123,-3.660178751269007,-2.762792171927389,-1.8467305663631255,-2.65996654659959
