script/wind150m.json
{"header": {"parameterCategory": 2, "parameterNumber": 3, "lo1": 6.000198445256149, "la1": 58.999992894266676, "dx": 0.5, "dy": 0.25, "nx": 22, "ny": 24, "refTime": "2024-04-28T04:00:00.000Z"}, "data":
[rows 0 to 23 of 24, columns 0 to 21 of 22]
9.280870092262019,0.4774765244707862,9.548387558546898,11.348944153116461,12.648899790615522,13.13355549749468,12.613121045698028,16.237933896952395,6.976874052176195,6.261613179691046,6.984283992727413,4.305350581196994,-8.524964770326898,5.879566827217551,4.756676987559196,-2.8504454621516495,9.10604752350283,-1.056023728382559,3.8884732408263014,-4.033123913300892,11.414547830382942,11.156267208381783
10.865345895712643,11.922061874541697,-1.4936792092547297,11.097998724108388,7.656475869429571,10.731777427046332,12.172778193918422,11.772663533381362,13.455691354452227,11.31763849393456,11.84299695728572,7.37001647551976,8.099906940348538,8.582022743035484,8.025166016203736,9.093918644676108,9.120154828999251,0.2505390980957073,13.27744137470915,-1.0967127350814432,11.603242133278378,6.897417433495754
-9.094297536797978,7.727151375708881,10.738405337036925,4.39994854683021,8.762358822418319,9.927570534204552,6.863224226553622,7.315158549785636,-8.50645691654749,12.77532131815005,6.843497966331514,7.696421446641212,8.059792668693367,4.054251137911412,7.485392691669691,6.493892665114372,12.39618416691225,8.16398859357702,-4.65128903546578,-6.709032309241064,12.874694108298023,0.39432649600001735
14.194955889099306,10.788289611704522,9.901315373104696,-0.11653298550734804,8.847091076237843,12.722156784994814,8.219222274394,11.504355782604849,8.404968658745322,9.661500675923758,7.275991103842541,11.005130732211828,9.704228577867566,15.740494265459278,10.526265146927935,5.889964367761561,12.213488883496675,9.189949233806837,9.656007187602063,2.6771890106195073,0.5572400603748056,16.59086686498517
7.690349583723137,9.712516243308256,7.651775790602609,3.3594639443011665,11.74340054808366,9.360016747221334,4.407653140999132,3.036773967112444,6.022053962111357,5.136807168592508,4.663371766627788,2.3668025917787947,4.5121803144828165,10.265476422767005,3.7712324846864473,12.239224075488842,7.956537300534299,12.115708202217577,10.684999440862512,3.6710435144519193,5.440193317433414,13.51291918957518
7.543749868234488,16.650761067113127,9.716304618594089,11.512936940036978,10.337406987602552,5.066292564487234,5.258711291503125,3.999971052491307,8.60382181797157,9.662661963915117,10.238426443502208,6.5366423181401405,10.098413423347791,8.021784524357155,8.754869806139299,12.209703990303758,5.958475010020616,-6.914824961358193,11.989838897702665,4.235120249626733,14.638831892742964,11.733626757544867
14.089090344579516,12.071769957751513,9.513343639623226,8.981352011237256,8.146966774962626,12.24562676218652,7.135007042292986,8.26463386266896,11.628712282809072,-5.317238317884658,10.974144479823924,6.968671010357672,-0.17773996918684298,5.372913091999091,9.758231880029957,11.541046821200522,-0.6612198158150756,10.120122197550844,11.639641201778733,0.21555346243649562,11.654470863164015,7.553627365871477
12.911771786325351,11.603305008491592,12.58507397964987,3.515911535229331,12.475147686254706,2.73115167248358,8.964156639120825,-5.228433905545942,13.046391416217464,8.251165851491605,9.779240707854903,2.397386365088075,10.900376663523504,2.0937285474570366,-0.4594494565576916,9.746175743207312,8.589484882251233,11.692806618367321,9.607962185097389,10.996464069352651,13.028281242774097,-6.157572750242622
10.937956681074418,14.095897222252095,0.8217399582943804,13.39411429969735,13.485986032165243,10.882814465342875,-6.186136071821846,-9.249253690663028,7.421711489066891,7.272650822078651,12.499730482009937,-9.752432064686104,10.663131396769364,7.818684319158071,7.198593299999258,-0.2269414848963941,12.634879619305767,3.195458995213108,-2.4792484511056463,13.360107584085476,3.330145191100077,13.175054343760372
7.161015701246327,11.469201787072265,9.740412358133911,9.28561157734652,4.335948252334277,3.307461049764145,6.467224453632803,12.04993004964574,8.966254564426178,11.62172644047462,5.122506561355909,2.6430099132274565,4.403859744209255,9.642790287439027,13.675072255574841,10.214853434413513,8.44430398535937,0.9745440868807396,11.326327776731425,5.571600796688313,7.335265340194362,7.677227572861187
7.704729140551118,11.127439513169106,9.087336417067494,-1.8264567845968342,6.283151403904545,14.149718379212338,10.107369596815095,16.3817432497417,11.551981033671359,11.012503047033102,1.1597676367570853,-2.061904321569118,9.116328486995785,10.189919732676934,-4.443283038015965,10.643327135567569,12.010690806996461,13.193231811358496,5.589978937402087,-7.632912577177337,4.979060661504583,9.061884468153027
12.091107661102106,8.378079413772472,11.922479024384918,5.640862345118538,9.220794242807594,7.003352368834235,6.164808002336742,10.150446774939414,2.9594448738328714,-0.3725828760182803,-3.8915845661579875,7.420317238446564,9.833294805801387,10.975017373853374,7.186503266811647,5.846832176146164,8.818560041594578,13.36539861838654,10.180066492231825,10.165045544314022,11.630449113519532,11.882621841823186
13.193408213145538,10.589728417375186,10.59147835129671,8.397654438002553,12.83759826440911,-2.2495712967332593,-3.9395758515157664,6.924348645025447,0.9626041135735663,0.3651315427387294,17.055967313870962,11.221386117427043,10.224516248124264,10.856993230188365,11.278238182419061,2.55930731672089,3.777529841708322,-5.549907279467079,10.75220021535703,8.38145528471195,9.938495853105039,7.815852786509524
6.7030553561025235,-7.883305236625169,-4.52070959071277,8.900631293850934,4.140920960433622,10.622600553328482,7.185165855922423,8.969354971341788,6.8306926581540255,-3.010593206753795,4.099949936834892,10.473690637461177,11.591165556627969,10.850482895470174,8.5975238710324,10.663749577310721,-5.284754407765711,3.4992329475198822,7.404943997652587,4.798892033010984,5.264076263116214,5.470686781970713
12.682488183213398,7.902669030368742,6.896438993949441,8.243349498140981,3.274790633378998,9.851068057968119,6.341988331976017,6.715582689070824,8.623026801989925,9.919771407651492,-8.033425091276587,-1.6949351059523743,13.307563279044365,11.098434428915246,4.69200592891775,9.273662390255517,2.9500415714842236,11.15655161019801,7.440901606843591,-3.367412651458663,-1.199613508876579,12.015635025132891
5.956188731456818,7.3840594078744894,6.903622660987532,6.1841081033296055,10.546036617414561,13.859932251313428,3.1856890151329424,-4.605679603971938,5.170378427276243,10.65643723273338,12.627537648239747,16.986479750924044,9.317616135256447,-4.610914572984196,6.795639621749166,9.994089892127061,11.527563607220715,9.40894674591416,11.483711529475258,5.22554496405725,4.6198115087131955,3.262648265484628
4.705105937488415,13.317667281999462,11.143872571438802,-3.35897099952385,6.9458246274159565,2.177968759794556,12.087365344435192,7.084967471292813,13.220251970017351,9.113254946298289,6.617273668244703,6.8998290656357275,10.704637584824134,7.568272796308912,10.756838747247558,5.794557483036364,9.099373247799868,13.925522188543418,11.770155585311905,-2.9129240593644528,6.038682651127231,11.402954585614392
10.009687417321732,13.344132325011314,11.612075332064174,10.77409244983504,8.815106264166198,13.39535329085392,13.303909798667247,9.832293549453283,5.0521461101454035,7.024148471946167,11.665396341812187,9.390371953338047,9.862047901379647,4.546777581153933,10.809608502668974,2.8429836771417,2.9613884918083953,4.04578029909876,15.978576453379041,5.280201686719079,9.245236589027478,-2.131428887397001
11.874976991014595,10.511898782799323,10.276660696008063,14.243282758803682,11.779112582126173,13.067746274893182,11.827554510296832,13.241348093437285,-8.77236769930369,7.304953161971476,8.686725315174861,13.61554189718788,3.9142941999979635,-1.5121577178199561,9.144282640843787,3.213362982894707,4.144234202005558,9.193205260193084,3.710845363553842,9.571563890407353,3.5456549550870293,6.387821795700091
2.800279975950683,10.833256966033494,16.587629090825303,10.99397529156997,12.886734499075365,6.523377012281599,11.472580805140286,10.449628685055892,12.533698549593804,10.875891638072943,11.695657067100363,10.040190947393885,8.360137781613618,14.005127404825076,4.633096400553225,8.250874160332861,12.892318801652689,1.8004248511836158,10.355745862872272,12.300370021581825,12.211278229089363,7.183064286537338
11.645787161516845,0.8984518321465765,8.24177820245614,10.497144367960841,5.256124701140694,7.640899149459054,7.275776562511902,9.96477600777673,7.177473486902456,-0.002424500302101958,3.7310183406296997,9.076996863287805,9.26744533329528,9.561064306166797,14.994519082459842,-2.506945116004901,-9.481554397906235,10.675184660745813,0.685255703823443,6.1344705041710235,10.614816654726472,1.1083686517684945
2.4191527622677724,12.988343817045683,14.966984411279586,5.579181994981309,6.592920165008826,5.109336306346687,7.6467456267915335,13.274076008442988,10.04824288684386,-5.3693454300435635,11.551372575058418,5.098385247120816,4.409782525749892,11.329984423481667,-4.388236410681864,9.07510715872162,13.417174728569737,-2.899828707900784,3.2906280490977537,2.965069304041092,2.6732786626663088,10.145727281907773
14.142811865145179,9.164462552340114,1.6359036054484035,12.862780873863322,-9.54066789967445,6.7380629158276095,4.797098091541031,6.004255723014548,10.457439699576037,-5.382663449362304,3.7082675010467474,11.068024107346456,0.14598725773933333,4.974806237079465,9.89429748213798,8.755715651172801,6.607554350922288,14.83109005058587,-5.187582559562256,9.169657545461796,0.634410080678662,0.6478567526550991
11.260832947053272,8.761066900996315,9.01839139939534,8.226606229708882,-9.320004305205444,-9.319948908979928,11.238355456816262,-0.8980904789970939,8.084992959334704,9.169454559692163,12.916716226865352,4.585915906398636,9.640014277970394,3.000698245766626,13.532030167795439,4.741733430845834,12.840322625916679,8.066617795129416,12.838518804369144,9.986849564472218,9.04365972897037,11.190184093737251
