script/wind150m.json
{"header": {"parameterCategory": 2, "parameterNumber": 3, "lo1": 3.000054539987559, "la1": 64.9999836372058, "dx": 0.5, "dy": 0.25, "nx": 34, "ny": 52, "refTime": "2025-11-21T22:00:00.000Z"}, "data":
[rows 25 to 49 of 52, columns 0 to 33 of 34]
9.846103590482548,9.563436732254788,10.099610025314044,8.530083751077814,8.774601849795543,8.703526291727089,8.044364794108168,6.283679392787504,6.355279900053427,4.805065370115999,5.368183498882821,3.119166123421391,2.3289599319861667,2.8046617377584626,0.9971676933106098,1.715092830544807,2.4603431491248724,2.727482879814235,4.257785509430463,8.1504926785137,10.185591589400318,9.164028651704548,7.906044170640496,5.289668103052561,4.987188990902255,3.4004407673215518,1.8509378839029758,-0.5766733741969395,-1.5204510295758207,-3.707146405524313,-3.1412314750511583,-3.7967993857702917,-4.26243584620192,-5.375164274765115
9.458246938841091,9.80083644484833,9.393524718981487,8.08546002694725,8.005267746320854,7.558136508175296,6.70880896698744,5.901106244173306,6.3157381439676366,5.16786159462763,6.334869604011699,6.093065061477943,2.918820230166204,2.0475061356302877,0.20743303301279367,0.8752814011166755,1.9140998921857815,1.9955889432117577,6.738398126524949,8.381017548874144,10.593043579832939,10.074071364964777,6.540785592406386,4.886602770750611,4.516923555192772,1.5835850588186593,1.2643420009532065,-0.46201597450905857,-2.7517567314752087,-3.1678854839325723,-4.4877845435346675,-4.450672645051228,-4.987781320041331,-5.552987217746443
10.04423894291274,9.781646029030163,8.490691636232325,8.184959279788249,7.974341747638104,7.424303475996392,6.495380587073724,6.446110443571124,5.692004070051384,5.176618318735245,5.750624822211507,5.701106574635741,4.11831117235434,2.00028795050383,-0.01669535959864132,-0.1959419919742611,0.9575161575219905,1.6401383250390331,7.047121759377228,9.288695818115391,10.188482230170987,8.309556194854732,7.718909542662816,6.0661660032199665,3.62366308719793,0.24587714266165517,-0.3510004453554032,-2.1863891041280032,-2.8842263589856083,-3.986042957408789,-4.801019523321076,-4.886005202234207,-5.089830193241171,-5.410347177020881
10.201137204241766,9.349944506643686,8.26217474444331,8.178273976184004,7.973156422102885,7.164563550496503,6.262295208216969,6.292855592002149,4.239324124569898,3.345071497459312,3.6260848041850946,3.4701537192205776,4.262670619127919,2.701166417522949,0.4116980941457879,-0.3416492976482125,0.3248320812524573,4.233504564333708,6.3972147339603955,9.754974593800574,9.204502002249326,8.576047102000631,6.879988407359553,3.99671672538471,1.131296317796965,-0.6519512879747985,-2.553693152654117,-2.3723222391416052,-2.6523674034477187,-4.469583251669464,-5.57194304285082,-4.816843176560484,-4.982414063287883,-6.149882116067301
9.364508794938388,7.899420841233914,7.9397141120410355,7.971714670563308,7.475691942580614,6.820632502382216,6.282034245418016,6.896117387549517,4.767390058204995,4.278678622055444,4.09204782130121,3.61206724951659,3.474743085779009,3.569411926642564,1.6684743876761374,0.4325961177527287,3.4319124514556654,3.927231849911292,5.8273784189794045,8.555843494181355,7.614649371306254,6.02068517052932,6.439460812622133,4.4035219031251245,-0.27368363838034654,-3.5077515213197596,-3.6842677005937805,-4.154936365296683,-2.835166141423878,-4.793067599866582,-5.8052175827095915,-4.392723980486007,-4.251639643027867,-5.2116103097167645
8.516216708414886,8.080193326512438,7.56798409817304,7.189465026626819,7.259102515309832,6.993776278321224,6.377092245460944,6.345860564095829,4.579666715610859,4.388297136438507,4.147284390575679,3.5018327152329003,3.290704275518756,5.429052256919996,5.506578389031265,2.7424907748442897,3.8670769895014456,3.7504113237003747,4.158887432383413,7.365676438502721,6.415812813758082,4.3139633979739775,5.185196682038059,1.6797581756366469,-0.03501099997457713,-2.3703858597760106,-3.1969508759557934,-4.492532934600183,-4.101658606263009,-4.533678171071216,-5.1862336722405695,-3.8055378433002596,-4.7644612954159635,-5.707199609704007
7.578803875118865,7.549983282269876,6.888156276428457,6.724359848274162,6.551668991395813,6.298605561144411,6.05544821392934,5.7059076057601175,4.6725853274368925,4.174982259575015,3.6182362078865546,3.553696055303572,4.857279040302292,6.754817802199842,5.11472325938429,3.699169763709081,3.8266232031170357,3.1891090663042188,4.012677547368511,6.428187643209773,5.995223587154137,4.724880136020754,4.961285102670653,1.2110532484711451,-0.43767750200032496,-3.004294551331084,-3.8071025880590605,-5.0496361644571275,-3.7189634643141654,-4.013820667911993,-4.811644831250545,-4.761761364800434,-5.350870361379817,-5.755145105001192
7.093096782241667,6.879918565689107,6.144245212889334,6.010585880231459,5.517961405781541,5.131196517146779,5.525801980814031,4.881427765992972,4.095318631628955,3.689714726744738,3.39572543768083,3.6041952521693017,6.36093557340515,6.922254491118145,5.726173819146264,4.291829642457321,3.802951878196488,3.74125226847604,4.399948300559629,4.775805076949233,4.165605449059436,3.1172743282794557,5.046012609859101,0.7975813722311188,-2.0510061663907706,-4.003956187533645,-5.00038191700941,-5.067029599219913,-3.269854423978465,-3.9740847384741773,-4.613897685554253,-5.212895676519278,-6.0110412124826205,-5.755063947400017
7.359054248115979,6.249009280313096,5.888749164465908,5.490892394266256,4.553537125298619,2.919768699536833,5.187729122148576,4.868483477294077,3.9989740576545603,3.3071113786817437,3.2488626397056812,3.5958838824586272,6.512790222606626,7.421110226570523,6.735864059384327,4.387576178976618,4.534050507561897,4.174102479612492,3.450065979819109,4.277404590879375,3.755215386781934,4.778519359199236,4.431061305549515,1.4631159222647805,-3.4540186889151023,-4.194935868889892,-4.314111312104629,-5.2721765865509,-3.5581470022363586,-3.6026272543717424,-4.110820794824118,-5.6986225501848065,-6.35735685165986,-6.278924321391992
6.639111677223045,5.6484800129240655,5.583717545832302,5.504607199592514,3.938648578443278,3.3388006769914433,5.042968493793482,4.6763108507657485,3.9264854515658993,3.340606108707419,3.141579780967658,3.2864289172368824,6.708774685101531,8.193082782483765,5.882359345035083,4.839186932646624,4.018207349591693,3.7942498188477187,3.2476920884800746,4.61193578274245,2.5884489730484552,4.256599285429194,3.432331272309275,0.10872610690671795,-3.864581285596794,-4.12450199598005,-4.351312116897816,-3.4077967296124725,-3.974471526886334,-4.101084925015765,-4.921580973507126,-5.515190027938306,-6.426986976549054,-6.269670775605837
6.07240803816018,5.389737803498677,5.9295013685318265,4.874930963608784,2.907453750708919,3.191565592632033,4.785493152920902,4.484606802193025,3.641027304677939,3.229934647287288,3.1166322626816068,5.807479348014312,5.544611434167286,6.2508679323904115,5.199725940917279,5.535558951894579,4.902959820929502,3.6969751673859896,4.934319779694694,7.215414645495625,5.30595558424033,3.866424226421076,3.114290304896724,-0.6477904666388932,-2.8986548642330026,-3.922384091521839,-4.3887737830989595,-4.423836506618879,-4.4108535125588295,-4.079825615632009,-4.789817453214275,-5.615292896271631,-6.141568639169968,-6.492746592411879
5.9498253118274596,5.683191599162327,5.276913503627475,3.8051868983721726,2.5879510799621595,3.3816078327002725,4.612916353088972,4.0602428694955295,3.5618488838658076,3.7840309327429176,3.31265886297382,4.533051758710978,4.179288744594384,4.188731364371529,7.2820181618318145,6.828186619825192,6.656222287303537,6.118040026181882,6.875324528370981,5.252040355460631,3.0818600211325164,2.491610903913384,2.745330649196566,0.4136282898351237,-1.3231491261289305,-2.724705742007671,-4.130671196607047,-4.6431511213296055,-4.118714015451032,-4.416081216806372,-4.874866185581598,-5.636915942934117,-6.43932685315545,-7.155810264818004
5.466292544129123,5.609372984832735,4.841190530313167,3.1533400580871045,2.790567384884915,3.5259996806175984,4.519769007385088,3.453623723487583,3.33673290720056,3.0573852706039517,3.222637199820748,4.671629929644385,5.268414294240497,8.543934749974305,8.493312741810694,8.877108282684416,7.367760575399015,7.59189910135747,6.097981559256828,3.166482018730606,1.8636210766550905,1.6784786045636189,1.965466557290821,0.5489275668503578,-2.14695885153284,-3.923285128324434,-4.593366632755051,-4.280972666387533,-3.791096773735427,-4.444741742312669,-5.093537248243095,-6.1181154875101855,-7.241459628609138,-7.66614108343058
5.754939125445371,5.342252861242376,4.1815424192837956,2.865549749546358,2.6882457938975834,3.3437151594921604,3.781142464637993,3.0811989696776347,2.9718130220161894,2.33616934210105,2.595168128552232,2.4957546832846114,5.843607064740398,10.569640097089067,8.880460657192273,9.942036954006154,7.756569983706763,6.315565911280528,4.681399013563604,2.990945062997755,1.3590691781309017,-0.7790018949186066,0.5260979654464756,0.4262439832608123,-3.1639475512588886,-4.603614359511537,-4.962987429715942,-4.913973634663644,-4.500936930666182,-5.114358493875379,-6.194801391891267,-6.934399963868096,-7.205193952732899,-7.3526643175460045
5.5721021678344025,5.019640474519799,3.5735286108336797,2.5234900678610055,2.887962894644075,3.376674472546916,3.28706294962117,3.0091140960268543,2.9787218360973093,2.901536396657138,2.477587487955713,2.052959538272955,7.093195326813109,10.4835751050817,8.577403504409576,9.385070682237927,7.117233916327015,4.815789975769445,3.9351355764224256,2.130670712167836,-0.10688803771824147,-0.7296461751745877,-1.7901331892025947,-1.0050419245079902,-4.394294113231832,-4.774791773824874,-5.322881852059014,-5.367401464615912,-5.542403969134597,-6.154903418097577,-6.707380764646758,-6.698462793152905,-6.969651126068566,-7.195906137245249
5.121305675017317,4.12230489557102,3.088014779739909,2.38722414896804,1.5559731102617764,3.003699646012351,2.9150890389230533,2.546649727733866,2.5195787270796077,2.8065791125571846,2.244789735973417,1.4834300646802259,5.978194975951461,8.835375817015075,8.977949031278985,6.837037468255243,5.5560984050577025,4.20942040483729,2.7107675225630485,1.9272822218801646,0.2912471928450472,-1.3616482427579133,-1.8817993592276079,-3.003382866543497,-4.699998296474812,-4.899759624448985,-5.406197258152427,-5.423000321035343,-5.920913283768723,-5.708725079776129,-6.224366571020782,-6.623890968820953,-6.725985442571511,-7.723709032349632
4.621791652965712,4.05064537561407,2.7054909373686726,2.0683732729108684,0.08463628458449282,1.9950623499151778,2.6836350170371928,2.861957497177652,3.140942487790101,2.7744015024301243,1.5037750607021625,5.858573810808065,4.831951012612476,7.1456804145036426,8.130669543574802,6.3420659623597375,4.511616967195634,3.2798215005434366,1.8423453902672804,0.3262436850388113,-0.18092043523702922,-1.3702994172047063,-1.8055689280268667,-4.012209117684868,-5.973687298061687,-5.761374128841243,-5.301602419122181,-5.665757242818106,-5.938194223113573,-5.7726194566673446,-4.920526150905055,-6.285907925827159,-6.885671324076025,-7.194467001840832
4.194907297252884,3.548171982629263,2.3309988495275147,1.4046047247168225,0.4324298854020497,2.091903489409935,2.3566329015161256,2.7364246538373083,3.698273783941386,2.4068858419472523,3.3280257967811466,4.319283397906879,4.74107970791577,6.670271356740552,6.505739992888388,6.650672918015184,4.377958893904571,2.5481700280193738,1.1554405828895329,-0.08012941076270731,-1.0552203288886541,-1.149613383541535,-1.3282639399250211,-4.247709997547086,-5.845716560826022,-7.2043678110547456,-5.118291755446787,-5.183374962734225,-4.610206703569761,-6.076971656652298,-6.345994222441916,-6.734650805938283,-5.381247324228903,-7.072674206299224
4.180944165443812,3.6617998795123543,1.3135673152947298,0.208591246034827,1.1963202071340715,2.0461413826934858,2.9964800793779056,2.3483757945507913,3.750950489504228,3.72911405375955,3.372844978212405,2.490176770265154,5.579558627961747,4.937466243786055,5.180812120426451,4.6499706110107075,4.010672469960014,2.8786129385870685,2.1887948643152995,1.3497631691487737,-0.7162228104674663,-2.1491246686104835,-2.2240957652727764,-3.822381253620134,-5.582519312738173,-6.578511084010753,-6.172691290914941,-4.769945655550656,-6.0159546049097985,-5.901982610151061,-6.7644642745165555,-6.890912513745965,-6.327243716379567,-4.91577003650297
4.490427648969831,3.562733837328746,1.2184974243736806,0.8400231167763506,1.4390487991716139,2.103738712908844,2.16214955561858,3.2792742170107387,3.206084036107002,4.987577763198226,4.92930781755146,5.019604834245523,5.223105128744498,3.938965140640664,3.08642545859528,2.4397870963536983,2.6552641090615476,3.248819274687458,1.5122852998804677,-0.020656114982239335,-0.36922292380440275,-2.660523865993727,-2.5823777557994467,-1.7802735212201657,-4.648543979511687,-5.9529393992008,-4.853552963106311,-5.782045025663468,-6.210882189480317,-4.88970781048932,-5.480211530914624,-5.56007327023542,-6.011630707657655,-6.116196148666007
4.121472207571497,2.5223559583167328,0.7973423873782723,0.7079866571351521,1.5672155458628652,2.9131720343867755,5.180439268094876,3.6486967960999808,5.679024357820508,5.204494098467695,5.3229001477973155,5.05263101384534,3.482724827032797,3.020975773440511,2.43763683351534,1.0585579732162056,0.43846812667127794,2.1179691124377613,1.0776391789366133,-0.8678372274536744,-2.14630924872668,-3.3050056618196173,-3.9890555487756174,-1.8961849059619118,-1.486247805934055,-3.3436872195837943,-5.287822091078572,-3.417561655639232,-6.119364052497265,-6.071690261949313,-6.119894282814665,-5.497645530175963,-5.211718282169375,-6.2747852345851545
3.220199357749593,1.7164920923767732,0.48881955238460784,0.7504450247368499,1.3668799844739647,5.488713929007601,5.35280027948815,4.3845402918652825,4.010813808646807,4.272767116547171,4.0300527411357185,2.9401521273512428,1.6496571206119823,1.3430179399078679,3.1640702352635466,1.3527710112988174,1.3617429090458908,0.47230364626341853,0.4772903353531521,-1.6687889632958202,-4.207523641339866,-3.5312760155168705,-4.0832124219628945,-4.243244648777809,-4.164119371513512,-4.902867716753899,-4.447730915337712,-4.195778458349587,-4.824433068756988,-6.759630509798278,-5.320772279744277,-6.343967683461839,-6.189789854926911,-6.331552417680243
2.6021692356492707,1.7153492125263945,0.2209595060893585,-3.2985175104485034,2.129708970511468,4.582014261344267,4.313611241275166,5.766295394294363,2.891327667392712,3.8130201505736996,3.749179153641281,1.8681464042819091,1.394851359139913,1.8889864681699582,2.333064424489006,2.4307673179674407,0.7822341412287415,-0.4462846084824702,-0.8148215229257298,-2.677618732755554,-4.842852507169991,-4.526386915066528,-4.062657472855814,-3.5944328208539815,-4.082037952087893,-2.7477322980108,-4.39657512983618,-5.1347286745588825,-4.482192843753599,-5.95119957770113,-6.0847691442401075,-7.817691103657842,-7.31333638106912,-4.712993850687148
1.8357744039522443,0.9787406851684621,-0.797213641595522,-0.6036378781260461,3.3765421594982588,4.641022952788849,4.556110897037347,5.70887943276855,2.698034581281614,3.5261789756209883,3.093935663173358,1.8401154968774642,0.2964634229680931,1.7214366354848838,0.04374028847808769,1.8123800860557924,0.7163650755682198,-0.22549917623906524,-2.978087927226066,-3.1688122054328423,-4.666107996302284,-4.9625751818326584,-3.8518284989637963,-3.301215565749264,-5.000854150462439,-4.713439826977031,-3.5539640778473647,-4.963330336691672,-4.510748481020598,-6.461056679626989,-4.959911513999397,-4.198193735946926,-6.6226615354966984,-4.68560537458183
1.0372583025445243,0.48528723141352476,1.8494779029770665,0.017536503658698164,-3.6808060546218586,6.699960372551846,5.849612745888161,5.145876876107534,4.051581202925151,4.326357968232718,3.411091927730664,1.8876556229223143,-0.10503939681653052,-0.390668373038247,-1.0460756177135286,-0.09871639412637792,-0.564501753856924,-1.6073786360492264,-3.433406029115751,-4.069834620480732,-4.280175940490501,-5.711931896636282,-4.932286632682452,-4.365679094510659,-4.888956251883813,-3.494152811306012,-4.191375688558869,-4.553307876011752,-5.782180326535376,-6.799011077859113,-6.748659501358158,-8.730886357999442,-4.774776122947634,-5.567498751616156
