script/wind50m.json
{"header": {"parameterCategory": 2, "parameterNumber": 2, "lo1": 3.000054539987559, "la1": 64.9999836372058, "dx": 0.5, "dy": 0.25, "nx": 34, "ny": 52, "refTime": "2026-02-02T10:00:00.000Z"}, "data":
[rows 0 to 23 of 52, columns 0 to 33 of 34]
-3.8681456673971724,-2.8657877773768243,-2.7093821767142714,-3.8905708991536887,-5.858129576834914,-4.108399691954591,-2.14508685131081,-3.6400698586278355,-3.177683984238922,-3.0511626027552463,-4.322719928722611,-4.659437961468644,-4.93649394794706,-5.191589912989341,-5.15101886854467,-5.118078408241753,-3.433617778209108,-3.1304641292548,-4.868082624618802,-3.995211111711785,-5.099679967704053,-0.02739490593409831,-5.124596043253706,-4.291207794987771,0.7209691216308403,0.7235283638965022,-0.13168444462682538,1.0127756782699704,1.362476432059873,0.7213644028055157,0.30618528167268466,-0.1643531936452671,0.7522746710124383,3.0579540322660805
-4.141882003863149,-3.2721794654001894,-2.9697328592535515,-2.011356228774143,-0.9044181692706207,-1.9856901126047346,-2.1786344637933963,-4.580352478467627,-4.175782454059653,-4.281315586805736,-4.149138844698445,-5.450559600795705,-5.360881495753021,-4.755972341473132,-5.548687579003678,-5.911976806338446,-5.261711313165107,-3.7879691079752673,-8.644338213160976,-6.2498040653574956,-4.797311388683477,-4.38791781719327,-1.4941182304625549,-4.367672152820459,-0.6843581780190873,-1.9521972994352437,0.042249034624948,-0.9410967669405775,0.6623533599413786,2.7548206951737524,0.8920737492495173,0.08745690366064242,1.435070022702919,2.7661941181963385
-4.069950677705058,-3.9759951950820294,-3.139997423790705,-2.526626037991899,-1.8830655162518548,-3.883792371838795,-4.269303709574033,-4.848451642908803,-5.402771349451721,-5.654915285876596,-5.587002172667662,-4.334840132601801,-5.67748203058454,-5.354049687972581,-4.562225861734864,-4.685123540561557,-6.3890171868369565,-5.734392034785008,-5.69019631667649,-2.892410502673222,-7.183887296388493,-3.023565089574474,-5.298638513337311,-1.753137267556121,-1.8991406140142295,-1.327198504624541,-1.183731419616653,0.4558596941060014,-0.5881533771259588,1.3852461771777735,2.7960038307145023,1.3211075247110202,1.6907177501158641,1.5133966519929958
-5.0384394677482165,-4.384316927222735,-4.230938816575639,-4.2934377087786215,-4.906471090733461,-5.614699437498452,-6.132580090432157,-6.28445521216676,-6.508241439673639,-6.653886269545435,-6.4173820245472,-6.153364788994268,-5.12876853523317,-3.5085747932321536,-2.8919015159148977,-6.005358918795075,-4.261751668646201,-4.577124018208706,-7.057555294631886,-2.2586748107312165,-6.779803511315395,-5.469671579421408,-4.682465357361258,-1.2714756723727971,-2.2808927927761298,-1.838798790016125,-0.6373057743223193,-0.15503441479561356,-0.6438547308170389,1.0444075062896465,-0.22307233130794096,2.3240643116679944,2.0814406323166943,2.490016352863866
-6.15742649329583,-5.612231876194033,-5.576447142148438,-5.574007886618173,-6.396003927610934,-6.987182935117577,-7.727982124185937,-7.7711185531910605,-7.761419841111007,-7.558406607092102,-7.260606919695344,-6.809140674586315,-5.887981702740068,-5.2270001957668635,-6.107565613832708,-7.15480992787936,-4.378794775988929,-4.74508679348299,-2.8606294971769968,-4.869466740720864,-3.3468624122309727,-2.9193284741075316,-1.3576988642842827,-1.4855018369467814,-0.832003413595446,-1.275811468519114,-1.7859394458129116,-1.2720258793710324,0.027726020833017343,0.2746047706410295,0.07121427647734754,1.9614227932801898,2.2693514635129466,3.2745878552106373
-6.554928103467897,-6.253570371561799,-6.020192056527338,-6.486124637368769,-6.995539419110067,-7.511888969436006,-7.822481374086389,-8.11540823191491,-8.406928655801341,-8.588282451779268,-7.71303331706982,-7.133350433680846,-8.721865402405356,-7.615264175464323,-3.9685566537504737,-4.258879386242301,-0.86685461955741,-2.795534492352814,-6.572046957272058,-5.974338206995845,-3.3559278229697225,-4.559231790326414,-1.446597494017811,-1.6907947292741954,-1.8643157807503814,-0.7098935256094135,-1.7201262233836858,-1.3886823391693728,-0.6871267059842816,-0.6808337136711481,1.1258786813998225,0.05077861420419276,0.726131721053685,1.8610633097577474
-6.6286023101394695,-6.414365110090697,-6.39231089954527,-6.452694915140366,-5.98781203008488,-6.699708922739271,-6.811434232969712,-6.87370260032157,-6.884377192019182,-6.996772610882089,-6.753211262585535,-5.19463763119458,-4.563881807316407,-6.5960825532071645,-6.09826393276164,-3.9539353233140724,-2.715532850165365,-5.164606318668458,-3.4178675719546208,-2.275155892706787,-0.18396315722753434,-2.244777841735379,-2.5278936950846624,-1.2177610696109347,-0.11131120167286115,-0.19550531974669105,0.8038758209910842,-1.3095232078362247,-0.030333800417171975,0.7972822735626628,0.863626625885153,1.8010983489533532,3.1456906632012736,2.3678244976010534
-5.240189866264913,-5.124071682534817,-5.872613471608237,-5.7193962472635755,-5.400056086999999,-4.347442631725582,-5.041899282147704,-4.978149879328542,-4.821325033820841,-4.651009257873946,-2.72773150318804,-0.6462730603004665,0.6473481932902623,-2.6915171602143477,-3.565674261410762,-1.7872573229773752,-1.7045980667223555,-1.0630357304916433,1.8911803845269737,-0.04488088405201595,-1.2094199294646615,1.3451281620205044,-2.453119284637266,-1.1412586152988442,-0.228214906975776,-0.5772539160871717,-1.3809106044921269,1.832557453826416,-0.36844502386791983,-0.3428650845164664,2.5068792079513376,1.2159759048388734,2.932890608351079,5.505384509510579
-4.145060838949866,-4.912036505222417,-4.288145389928845,-4.538447885825776,-4.197429428707772,-4.411553485279255,-4.122155172971569,-4.440306976466618,-4.191473643213476,-2.4762909052889364,-1.2084719796903867,-3.944607275988397,-4.0348835099142075,-4.807178560770676,-1.2678465073767602,-5.120577938805794,-7.927233864339035,5.006219082728216,-5.362434735142738,-6.69190602278307,8.367922747334857,2.9022215581403863,2.9266453072416154,-0.9739517783054469,0.08907027761230972,0.31708248081045476,0.24317623148990572,-0.8512844626723535,0.7196908378445988,1.0159806785652912,2.5945665718336897,3.5571007854138146,5.664254873441311,4.814424323846594
-2.5343289626339955,-3.3506630800796335,-4.372257540087401,-3.5653824207494,-3.1814453891518673,-2.5125917562348827,-3.291193596976881,-3.0425725179405085,-2.2237332808579966,-2.2335826802098273,-1.3784022710953707,-0.8208141651687911,-1.2755284630497434,2.6483680417915743,-7.023272911980333,-0.9931087964878459,2.4568472645094763,-4.63011002277473,-2.5472437144908495,-1.1881009213567835,2.722730358776095,1.6767775408121672,2.9258949551597975,0.7858259918096095,0.2879810887900789,0.658556260624172,0.6781585967426015,1.1310734126062947,0.2674749262048534,1.8027494859411757,2.3253488587806403,5.720156406468213,4.356261506023767,4.255071220813993
-1.2236302863267075,0.5762563592209173,0.24418722188289838,-1.2747631035022458,-1.777837566467258,-0.8117115175610778,-0.3120727493607699,-0.26559028461501666,0.22912832853593046,1.9875022698469018,-3.1616515259175895,-5.244949095668035,0.7209671209720254,10.905485066292071,4.98711615238258,-5.108964280905434,2.4612422949528825,-2.0240467861563327,-0.822934311941524,0.12235657074736701,1.8253695786945765,-0.7938946368087358,4.485713717482627,0.22062356541774783,-0.1754267563308658,0.8515128617534496,-0.5421034979149199,0.4599390429560284,1.3622694907790138,1.8527981531839062,5.517397290653011,4.82546463792522,3.9171285295134624,3.542054026304239
-2.1058841650598974,-0.7211705855060514,1.0337727673139459,2.633370196877465,0.3193656967969819,-0.9546029954499178,-0.19907509019663475,0.6271753553673908,1.3017522024301809,-6.029192423586687,-3.530647923474778,-3.237078798107677,-4.184505157273567,3.9365300916731036,3.587260806488426,-0.2259727100095539,-1.6772752648167206,2.0479757977892423,-0.676902817465522,-0.44844364697757705,2.5056468734120823,1.9883885452684833,-0.9927413678914649,2.205712362686463,0.08945009482567098,-1.368216409813081,-0.07060767124794239,1.7810495534180324,1.8411984020751713,2.199909842351422,4.815618890158302,4.35404404009234,3.631301200073487,2.8808942215303164
-3.2578303871745544,-2.153275935328901,-0.9567747120235259,0.48155303926163373,0.07640691073633245,0.8316059264023065,-0.566605423660043,1.3364687783518938,-4.092444788837812,-6.648933244616992,-6.757638404582933,-6.167267416259408,0.6672919175777906,-1.2539772963098996,-4.417449186965147,5.735947292219519,-1.2669988993880905,0.08439920826180941,-1.7349195454215152,-0.37641178420646226,0.487716616898634,1.868280692006444,1.440373594826678,-0.26923764675218304,0.1374284223010463,-1.0922279817259402,-0.4146428879161118,0.716199240725252,0.6826241474177921,3.9723983950890602,4.608151824122591,3.211576459801468,3.297124984982069,1.8886526539909672
-4.001410808256304,-3.2882063087878177,-2.404247041915935,-1.2366992852694874,0.3229296292179041,-0.7586528556100943,2.0046126548167926,-1.0945694340107974,-6.873516904428059,-4.9897991895066145,-4.556044662971733,2.3827788587311782,-4.269328967997952,-2.801635233275681,0.20070539011930977,-0.6125455482104689,0.09600414862781015,-0.2537367565770782,0.8589684585970422,0.8510156928181313,-1.9704377358744452,1.6732323924521222,1.1516391048059824,1.5991047773745495,-0.5143284980511775,1.290482364810366,0.318748547820707,1.3996489051243317,1.2217259190767824,3.2936313360671226,4.115919012560662,2.6759591247676746,2.5134317995599718,1.1569069290086544
-4.132019400721478,-3.95687799600759,-3.457545112270032,-2.7403702486305104,-1.3540210893166678,-3.5225091075722723,1.3255573917182701,-7.664116586878166,-1.1074719685800085,-2.4376954837461366,-2.067573107807428,-2.5452696381152706,1.1977092616335547,0.6622134455542775,-0.154769850283386,2.1304311455687572,0.12394894723549975,-0.7905658392549771,0.45250011707018134,-0.5814128393813531,-0.6000730685619153,-0.6331908038631137,0.4518027632097573,1.2653200017750355,-0.5099763626351204,-1.0697020467446483,-0.9767939227141402,0.7698340896189309,1.4569608470101154,3.935240857136692,3.0246183491541103,2.283767031119935,0.935304126956896,0.45567603210880564
-3.645157919305237,-3.5021906246835117,-2.8646236522460424,-2.6911204183040573,-3.4709639813600344,-3.445304053541885,-7.869573400346183,3.172802265447471,-1.315741766116655,-4.989437689364362,-6.607230156806739,-4.851038422005907,-1.2091885802808127,1.4580238448919212,-1.0227539563858565,0.46088005495226003,0.3476558711497898,-0.8517508410307829,-1.165694127364908,-0.9106336559292856,1.4427648959880868,-0.8405970337187195,0.0835567388731056,-0.3204315532211384,-0.6324056819260961,-1.907295714466257,0.5666771224780838,-0.3980935939165999,1.0664277904892867,3.4100373885062125,2.346855247525048,1.7736420747045885,-0.09358259175260045,-0.5344685684112358
-2.380888992412484,-1.3812199629836515,-3.1049249905160297,-2.959800286415616,-3.9682224534175132,-3.32451960125998,-6.7799409303067515,-3.8510776286187216,-0.8378386249717042,-6.521335148837525,-6.5454205902877245,0.3322680117959767,-0.25154364551051184,-1.1027277115552556,-0.48759845995015916,-2.7412078069740136,-0.855419474628531,-0.5922590015343683,-1.4025425934029467,-0.24841829883558786,-0.7831503521099171,-1.1479092360532905,-1.0847126079978104,-0.5029033434934743,-1.636945001507276,-0.9121078717210022,0.2663008488125917,0.47521071457830183,1.1941258339749257,2.180383971150706,1.768050502752407,1.0331477772716664,-0.5276054247633183,-1.134908675705207
-3.3426650956214705,-2.0034907660992447,-2.826474538718459,-3.6186543126169486,-2.7455184061258047,-1.8812587772839557,-5.900148745731149,1.7431409400979068,-7.393986361866551,-3.5839903033926883,0.19272404958837527,-1.9201069345994457,-0.4702479765311784,-0.8570186869913194,-0.7781279933316517,-1.608918233008548,-4.29859003799358,-1.1144559238386573,-1.9438471042865422,-1.736067203187703,-1.0883703954736812,-2.063890079467728,-0.9808651479220221,-1.2964536384039702,-1.6401019559892427,-1.0509274463908156,-1.5449534804528875,-0.23866119456303894,-0.6055726861632609,0.7520388380395134,1.2905382820572564,2.25178110291443,-1.179901511453824,-1.284836367867399
-4.882356162380014,-3.717031967607387,-2.380548015606184,-2.2851964778510783,-3.477594377980899,-1.82184691376083,-4.233609550825732,-3.153964957223569,-13.287768869499121,-4.6836941330935975,-3.646174820882124,-1.6514292937847148,-1.8316053503994598,-0.42123384033085903,-0.9747998630478489,-0.13294582358023438,-1.451809927023233,-1.7280754566769922,0.4426183529058773,-1.7581424011978948,-1.6839270980488241,-1.94927090756729,-2.4254721844276776,-2.581296605365245,-1.3450238964463546,-2.056465215926367,-1.5419163656381798,-0.6088156313600002,-2.0970142579026754,-0.9814304657890653,0.441118774231382,2.0138662534974054,-2.3379870399478904,-2.1933232318054845
-6.43846194311243,-7.00995405125541,-3.8797465532769952,-3.8115918492166103,-1.872261361019281,-1.705508824999447,-1.3989957400085566,-1.582661834530893,-8.754755858540529,-5.694842800584434,-4.475252815646534,-4.16226870610712,-0.5016830690034899,-2.0776771023622493,-1.6849928589363805,-3.7259129269006186,-2.4569770238641104,-3.0212539947598875,-1.5372333812384953,-2.4162856271654105,-1.9258216275814986,-2.572302119645827,-2.576402693037734,-2.093254655514121,-2.38318024477012,-1.7751596450154703,-1.7395772489410821,-2.247559079247324,-1.769100749734867,-2.239101087721473,-0.8177429484245853,0.48869057539822164,-4.283533256866123,-3.1466099578176947
-8.41473598948217,-6.69247744615679,-7.707122221684236,-4.425904874014654,-2.3503422880261926,-2.8358409653974808,-0.47017959649274665,0.2933620271590478,-12.535152792163743,-3.3405902399257807,-6.129012108084732,-4.26801096540743,-3.0879306889330915,-0.37500203805606824,-1.2331583496266751,-3.048722796527622,-3.338401786734302,-2.7659873514000988,-3.2735428457176874,-3.0258980648119245,-2.8414958017052143,-2.0891257838250357,-3.141351518394108,-2.4946600327076065,-2.4261445599853246,-2.8453814729887417,-2.735404914828625,-2.5189636773576827,-1.9426518845028664,-2.319437773975188,-2.3362298309094665,-2.2010696875432205,-2.7906791419098096,-3.6727660559408304
-9.813845433755677,-8.579107700707645,-6.345800876773617,-6.7270816386720025,-4.46805896397187,-2.5385998121192244,-6.703972230812964,-7.112258640736044,-9.098797137886196,-4.720415504384359,-1.662837914143339,-4.454144958018984,-1.6512709744879015,-3.093111894430152,-4.096304984395792,-1.735444107445134,-3.192383321688385,-3.2790572798450457,-3.7889645874170794,-3.5723669541699623,-3.6453762825600395,-3.340376915987003,-3.5426328031397714,-3.2550374427681774,-3.058942072776988,-3.29254192897206,-3.230978132977465,-3.306787531782373,-2.8804351655952667,-2.794934748963939,-1.6820953433710157,-1.8747605247239019,-2.284120953600691,-3.3371298628591353
-11.711027105095196,-10.489966724424756,-9.153946862905945,-7.232442661911678,-7.0608907423888665,-5.766197789006187,-7.033465424294787,-7.621322628962884,-8.597206361533445,-16.030728937263476,-2.4661823825971556,-4.178252011437,-2.46236071281415,-3.8394816062108084,-3.8329965933220187,-5.124305475247874,-3.5391856091460516,-4.011880705861766,-3.9178731918232015,-4.602702613693427,-4.47659579775564,-4.159458320569708,-3.8802807263710326,-3.9661647006871656,-4.061833138118006,-4.117609826674773,-4.1522512501429505,-4.751968926394495,-3.205973072319383,-3.2482308395537887,-1.722532865518564,-2.5259652522175,-4.107206241885158,-3.878365690117999
-13.26112858339438,-12.539614814239004,-11.705415214753266,-10.523223798661203,-7.720588242409675,-7.733883510629859,-6.637852013178834,-18.687656554438618,-12.607373846630319,-6.79833218510502,-2.1463413381061005,-1.879870840267027,-2.2449194217314994,-3.817868971244918,-4.636499719727813,-6.455441363962924,-3.5826000786356507,-5.141145332713436,-4.691031076912541,-4.054861740102172,-4.462530964020504,-5.826076457916243,-4.492534053114611,-4.190470177860582,-4.499539739063806,-4.566648994818557,-4.860828829174593,-3.9661839465383157,-3.3904431695538775,-3.1574721793887415,-2.332148150877977,-3.0635491015402168,-4.346308498001841,-4.455885889728366
