script/wind450m.json
{"header": {"parameterCategory": 2, "parameterNumber": 3, "lo1": 3.000054539987559, "la1": 64.9999836372058, "dx": 0.5, "dy": 0.25, "nx": 34, "ny": 52, "refTime": "2025-12-22T12:00:00.000Z"}, "data":
[rows 0 to 24 of 52, columns 0 to 33 of 34]
5.417233532348954,4.139385732339268,3.9248782191887694,3.7644963080224243,3.2287371605617783,2.5096320230067555,2.437192967493067,2.2932479738208587,2.72068505178801,3.6085520978458065,2.5796602769404213,1.7699857286736966,0.9852604397590163,0.31380067042420273,0.1785126725850845,0.8779762636762097,0.9991827870392689,2.162446058378387,3.112859959371253,-0.7545613912188585,5.236599550663554,5.486901690623579,2.662415722158965,1.026584755947178,0.7279143757430716,0.25171918683987055,0.638595119324867,-0.6874015939055371,-1.0181144427563333,-1.2931163157187586,-1.2675441998857728,-1.8969882787265204,-1.2733740872196904,-1.284935304745082
4.170500172814784,3.764520351026435,3.5632927470243168,3.1603924507212806,3.0333736218584857,2.6604590315869445,2.3427376185615536,2.3849448051766107,2.7197263148833413,2.452940085163008,1.20124057694872,0.8447786470651211,0.6039199531713905,0.7886574896937887,1.2598157684135318,1.3103964185327588,2.4403677145803098,3.8750824074309778,0.9562545009090595,1.407128687687085,4.50338763233882,3.4680128211506793,3.5997752155217917,-0.18346794909657502,1.199762542770668,0.6642671744174882,-0.5082251599266949,-0.3931604641507186,-1.481614864065772,-3.4890297094557994,-2.971048123141139,-2.115126085138427,-1.0606290147115758,-1.670624053027465
3.277118124285358,3.696187737750171,3.4473748240769955,3.217734125694956,3.3913843429476516,2.719505694601047,2.6199170743186486,2.8947506360627897,2.104886150395402,1.681254830698054,0.7452064251049951,0.2444543368449018,0.5671602266034473,0.4604650724070437,1.2765854364339877,2.136320082907277,3.1428385973849142,5.120146497551157,3.2538707468913404,4.8659166846978685,3.223150682362809,3.082622378021202,2.987643840140462,1.0164837062352696,0.8833897713846728,0.835135651598578,0.7054872600943503,-1.6486809400428957,-1.4223534098062645,-3.303344748241306,-5.711927945498903,-3.2192269955850206,-0.7800108206878138,-2.0144124791235445
3.301702663504735,3.726634418583456,4.004365172133015,3.4708245419933497,3.1864123242243885,2.6892144941521305,2.251391727492073,2.5667085313247595,2.2113264902346215,1.5629525358538003,0.8921259249454543,0.9423820994767436,0.5879998693847703,-0.09106519255298913,2.3577149767963372,3.8770131092322946,4.646283605810593,4.930301455360494,3.338569849512457,6.1608302675836795,1.1704607948662236,2.997984258138157,0.14003114695096475,1.4594668841644338,1.2181718918066622,0.781201761727954,-0.7589182633495553,-1.104257806412507,-1.6723613170985432,-3.385419864435814,-4.12236393036744,-2.9080239834661277,-1.8759152141100754,-1.8027950325461652
3.616569330632677,3.7847139149662135,4.188287694692359,4.161857176810777,3.3243414755178495,2.6428690715826235,2.2982647894405326,2.220392954844558,1.6496565563608576,1.2319286780163399,1.039342247756725,1.3104377571607995,2.5354595930835644,3.0004731589930254,1.9463264399122227,3.0297767749581044,3.9777312574818606,5.063687832128275,5.498287480529035,4.578665184799039,1.887765627786547,2.1382068096929783,2.9544101898710537,0.39680022114239527,-0.3303574668533819,0.3120213626667635,-0.16162493893461302,-0.5340499900456508,-2.0676215535195506,-3.690548603709904,-3.1781992143930116,-2.1320448630411435,-2.309002711022696,-2.736125051944915
3.7035801138968596,4.565077770221438,5.105803121848511,3.7004599335927297,2.596828476837478,2.5766617447051936,1.9132340639788366,2.009514206824002,1.7254280522746452,1.879755597091515,1.4772693285906326,2.3613190633999026,3.9047957222719876,4.9976483034117445,4.904088312327527,3.413806502697082,2.790800632765479,3.171221662109141,5.244673523082193,6.469740572109857,4.1131739233556415,1.794184145901018,1.160200025625797,0.25739538699772785,0.8320153500492633,0.15907500065025676,0.8314542137583237,-0.23683478649362671,-1.7782052519471074,-4.104616096581218,-3.676677773379746,-2.1140404789361837,-3.112677548436468,-4.506987240744804
3.2018099846170296,3.484638866380797,4.859986542812743,3.9204271033145344,3.253728224184325,1.1331639545178815,0.8864097343294426,1.5035296124766768,1.2666875317532817,1.3088803737233448,1.2854103301180844,1.7920348258364556,3.708360716349609,3.650895032932468,4.208785539793357,2.0306608694095543,4.491564744634916,2.1774760427089164,3.324542350821979,4.12431440674522,3.4907951365575,1.7292493389769112,1.3432087603440157,0.6411935411118422,0.5040213766424346,0.22347557661462011,-0.916285941298781,1.264825368779939,-1.4842580749477357,-3.301772741559948,-1.6882928725671702,-2.5595831510792055,-3.676567008657112,-4.989616764047671
4.329796933517277,3.727129428348868,3.5252369882592065,3.2228221180224828,2.5108871009203027,1.071321908634926,-0.43185894553947246,-0.05853099969168753,-0.10920265107932858,0.11875920486330457,0.7734050469079171,1.676124799476977,2.2384895858933125,2.850146654981009,2.8494744998029424,2.1707408446299117,5.672024076542915,0.8905156956455144,3.0624454362558904,1.826442808681163,3.4957036287245007,1.270242501256484,0.709314446263515,-0.21720153541813367,0.14971035961423768,-0.3842446877378104,0.32155466681224876,-2.000795732854014,0.22962854785333642,-1.7689688207033234,-2.5778847731509504,-3.0014041060799883,-3.9377809060276525,-6.466711960436253
4.2953919073101945,3.483182925532853,2.8809689526748006,2.4176726847388217,1.7814776319155348,0.7435116651392862,-1.004428505769671,-1.3432144545117386,-1.0497926391290435,-0.4539980577798538,0.22036614960737844,0.2669125289059748,1.7170960762726513,1.9577855254322236,1.7246602811517147,3.4524318637267277,5.551731443426819,1.5064864627354821,2.226433464125602,0.9930152217117545,1.991468095693754,2.186674374311061,-1.0837016364995482,-1.0785877367611159,-0.18146438177492386,0.05586600474567959,-0.42681494221666827,-0.6103555969288037,-1.050898966070514,-0.9554486998789544,-2.729015857213253,-3.601256494357805,-5.841895796049939,-7.074750212483843
4.148941320994761,3.65974448372926,2.7246532797562137,1.5396920628274686,0.7611154057125997,0.03846833403262603,-1.3536783551654634,-1.0874941306673631,-0.200078031789913,-1.241366096209242,-0.7108679564411945,2.714563735266834,0.4567238029949999,2.2960984549710575,5.017415112198458,0.9428814250353971,2.387683261334499,3.7352519663828185,2.693379888771184,1.4013653092937128,0.056564519729440384,-1.1575821217299729,-1.431391237377381,-3.198960521423126,-1.4836052207302226,-0.5802698481710116,-0.4015082526100837,-0.9670410437701626,-2.7916184937601933,-4.0176696046626885,-3.431675266010954,-6.347607347752666,-7.798787376378739,-7.594337433206835
4.407627800842203,3.6454493187813233,2.883617789833354,0.5545965692971746,0.8427163516604839,-0.8485288386166077,-1.994799439424137,-1.2252990421733259,1.7957394330931065,0.39018799140917165,3.140270380853779,4.089531166933728,1.4045979678670502,3.3929699113182465,3.154201812013108,4.272104681505801,3.9093480749396017,4.965703585509555,0.5623195513524178,1.9484971897829861,-0.016459889686998568,-0.37422244432048296,-0.5192934216807875,-2.3878156346544057,-2.2216726969646863,0.16419420156281825,0.8401030226081413,-0.9931899953941347,-2.471567047448869,-2.72396629836411,-4.498755188890351,-6.798177353699622,-7.3728926088873665,-7.992207398018607
3.558983273176497,3.567302333895696,3.1216226136450556,1.4086287721217894,-0.08687915735407026,-0.9735995215262718,1.0431169201574555,0.3066301061190146,-0.0983221811316658,1.4800643084972567,2.493391945284233,3.1617679194189465,3.0324580972757964,2.223037822710448,3.4238053756476092,3.4299882161316675,2.0717357397426497,-0.13500538574497606,1.0306466803187053,0.6786520762860464,0.24486986376871048,-1.7458331424570999,-1.923896741573206,-3.753062343164091,-2.0873541196006467,0.14905064899407072,-1.3463969481866418,-1.8792271064641553,-1.4752424545409462,-2.2723539046665966,-6.097037718627537,-7.21994936655346,-7.606453065741221,-7.613940108324868
3.248886576362513,2.427387040215102,3.792108232611218,1.978119559880124,0.7394628508123113,0.6190191797450412,1.47928616349213,0.21676216521747865,3.9398700787826937,3.6081946889833234,4.451804427741897,2.4590566686060207,3.713610660276176,3.04499146113592,3.779170920100958,2.4635289065392434,2.1027464518614236,2.349651618321156,1.536832362513963,1.7665178763801113,0.19729573009161477,-1.6805524170469779,-2.6344200059602603,-2.3958040290350584,-2.1697506956472816,0.20166064503825876,-0.2734667930323259,-1.667425249903271,-2.91243887007747,-6.006903430341609,-5.619341455340991,-7.259876527352904,-7.982671718012298,-8.12741398364776
3.981912694831386,2.005762375379146,2.685791285506748,2.5967627149605526,1.3872647324937053,5.553788231943908,2.735552591170378,-0.48096837536008374,-1.2122814618190352,3.256010648921581,3.099523196190583,3.103954603141704,2.603342843546012,1.596231750755666,2.7678546642865673,2.2684833269383895,1.9071635003557301,1.8027268080717986,0.9600168315110341,0.905007355242166,-0.5477546999095474,-2.9494532589898528,-2.8543154520902037,-2.980932359099795,-2.6115601568966844,-2.0165417583012357,-1.1788624868627353,-1.7257112814767088,-4.2201640051290426,-6.279466201944198,-6.764725010575228,-7.263431706768771,-7.580626171332519,-8.091395499752872
4.810223275777988,4.397628044737041,3.9694172688781837,1.9216054458904883,1.3131372755885495,2.9221148671847534,0.23435717083882326,4.215995379401266,1.080856703863899,2.4609129098329587,2.147149238760833,2.1100205390737186,1.9831023246180908,2.1986789139435823,2.2256197613528848,2.612184860338716,0.22173628683992636,1.5649217567061169,1.7639225676822996,0.8541589310632656,-0.5495732550956228,-0.48819607522567354,-2.9589142848634857,-2.8226344317318413,-2.3163438057155328,-1.8970175611694275,-2.9120356420264466,-3.3561551941807637,-5.136309990225587,-6.207674399956594,-7.051879799023185,-7.5789889684822045,-7.382676432071064,-7.157817277118813
4.855295610415117,4.224319855306738,3.6254366048641793,1.9964540209666033,0.7077648419524428,2.305383792681886,4.252499707210284,0.5423641158843311,-0.6892894750767229,3.4908534579067774,4.6892320349310825,2.3954367744966665,1.1897833523505432,2.1198031420808547,1.514910253295346,2.038588213359475,1.5448819359689703,0.025191252751110196,0.7086837506186436,1.7620527285802232,-0.5079016308982336,-0.04719752017380199,-1.2280878837422056,-2.1346149314018668,-2.48826119952086,-2.1173522680581742,-1.749639047516468,-3.4109374348650676,-5.037426063327455,-6.114640728212677,-7.000519231417631,-7.687396089371545,-7.778552618512919,-7.414807433225912
4.370288287122427,4.060295031550616,2.2963732933853516,2.065506556506166,1.2296934017034644,2.126420752724136,3.886786475943094,3.967235824923166,3.06838160293499,4.156094460837517,4.580668762825907,4.163915133843087,2.1204758021080456,0.9897765828139553,1.4780300220676281,-0.5650069432491993,-0.5037702033909035,-0.19279459066308557,-0.16378184670808857,1.4354457172767012,-0.09345531188125726,-0.4697305596719599,-0.8680657245500172,-1.1291913277206251,-1.2457429171413499,-3.138581045301115,-3.6974058874628204,-4.7692129478807805,-5.195614455095084,-5.708157184047422,-6.641465819428753,-7.2860413739064,-7.830433861050168,-8.061228236520275
4.728414462058682,3.8041777667459997,2.5777019344046,1.0572064357421285,1.4719461487635723,1.2064404597194693,2.1993944198324646,2.779042268947401,2.2398974109268615,7.4774949169978235,2.9325967717210117,4.443922316882915,2.876172353705616,1.986731016748378,0.7870411309930515,0.03597158278687451,-0.75626108452748,-1.2222643375187778,-0.5540564863548074,0.5392365665324068,-0.19369754314197846,-0.8633468611389556,-2.0492925424408317,-2.23074700412042,-1.2185107351890199,-2.1897077686362927,-3.9279260810418335,-5.490786660104889,-5.606410149164992,-5.490017676901732,-5.894031003280269,-6.658205551693376,-7.30747361463831,-8.239187455561751
5.805512088308339,5.259904550524919,4.312876836349043,2.4978685899818163,1.129710093762878,0.9689503498837956,1.9774629406685624,3.680011657244295,6.287859254920968,7.038844286097235,3.610901207422829,4.68664858173044,1.4646617029629665,1.4816480127984533,-0.016086507593643187,-0.1557820506749158,0.17166332799569525,-0.7732304955990638,-1.6870464411382968,-0.27810254708246496,0.6928832324525276,-1.4756430312475473,-2.02815639021298,-1.4711611284877426,-1.0091319941351915,-2.4093727112117023,-3.3510773696160547,-4.854153584260989,-5.972993321896507,-5.9745314313247135,-5.463770283354097,-5.784847021550342,-6.790597198661918,-7.164493515739203
6.047270380222645,5.6400193636060525,3.8522022055007343,3.2624050036039223,3.6101274065315385,2.6680883493445773,-0.6384723127563644,3.965402393807026,1.0510325055004097,8.193076566133822,4.902039679960613,3.8460350544854367,0.7977586924106056,1.8919988348183485,-0.7781349411718341,-0.08408552231430688,-1.0078811480317649,-1.5950200031802086,-1.6028575503712101,0.3121713950809716,0.08757556088926496,-1.356594616549556,-3.786528660718,-1.6433692881551838,-0.7002292574144102,-3.40292551748923,-4.117602983921752,-5.861929607888568,-6.040471127673746,-6.23932919412289,-5.778883440525679,-5.6476651415001164,-6.009520980136376,-6.479466323184146
5.044828077426666,4.869131219650633,5.425883817358823,5.290520277704831,4.798132851399801,5.879602174127556,2.7162699673568618,3.154155524105945,5.932527356590591,8.458450378740615,5.440724666811605,4.905866340738425,3.3231392422251256,0.015902155313729755,-1.764011140221265,-0.8236560271202723,-1.0695941172068169,-1.7110226141021516,-0.7146372356278442,-0.6874131506382093,-0.39242250661146993,-1.7293659507539567,-2.98520948048723,-2.2575789536871547,-2.8100350768913414,-2.986353455339274,-4.0892461113808745,-5.486205679393557,-5.898155096440936,-6.189185592428861,-5.629187772896916,-5.624075612971297,-5.406468805595056,-5.760065473534014
6.2921145106985605,6.362066165139991,7.796404814895512,7.337124854584357,2.7919872086375532,3.0877253668777302,2.4146899428024775,3.9152569005436595,5.748874752800781,4.51920895130538,5.544997443656911,4.826057104777571,0.3726083061902246,0.9034823326865032,-0.7742379693211673,-2.4345707961065592,-1.7538053785822525,-0.591207314387533,-1.184238570811407,-1.2660262091792363,-1.110857586586067,-1.9314348063587656,-2.640780748127206,-1.6270714038108243,-2.519445459725575,-2.9021184548510535,-4.7901979952989135,-5.454832955531693,-5.809704100853182,-6.628403868410774,-6.1196869081806184,-6.010418355823669,-5.945341814629961,-5.591056337854776
9.405693628082517,8.051277859510389,6.417943382388683,6.721889552524807,1.7347626549494661,1.5332195890948417,2.689852078875734,4.8144751346926675,6.135725785638562,7.392986955137426,1.770414771253781,3.7096333645861033,2.3173473931810658,1.3785667347424486,-1.0185192607201532,-1.9610920788442512,-1.357905239537379,-1.0920620791009934,-0.69051240452078,-1.4050024059908846,-1.5758852391345575,-1.7386698715826723,-2.767245785470403,-2.7452261818247017,-3.371255929010692,-2.371527825369219,-3.7429757124971332,-5.001525582646031,-4.963861472658649,-5.953421813108348,-6.275667932530956,-5.948069765821872,-5.529387950945898,-5.225252935017514
10.68753005857069,10.76927455269849,8.795285703140982,5.142310055367198,5.841924463535098,3.4030042844855815,1.236712658224849,9.18773934547215,6.3646630461790075,3.3421959296392876,1.6314118098503017,-0.1690207230895224,0.72639832247843,-0.7812800289338778,-1.1018864634142385,-2.98233894054236,-1.4073109448645174,-0.07153311761465944,-0.9986007240052633,-1.1495591128991651,-2.518001860739094,-2.320410287461387,-2.1541761709857683,-3.491293324901648,-3.901104564178697,-4.528279433897556,-4.491506807508865,-6.229825570227271,-5.769128078227615,-5.691325188974244,-5.506246304447193,-5.69554756471863,-5.235518929443539,-5.480062064160471
10.959131914855156,11.332897605197857,11.540664374556252,8.094481194351877,5.4072658504359135,6.211821288318893,4.788301773828436,7.590218281304491,7.129119184979651,1.9612298633951555,2.560793473801545,0.043818287382478345,-0.45760657558972123,-0.2038409217711199,-2.236647296271149,-2.265168186445954,-0.2796456981245215,1.185076070816635,0.23779021223308416,-1.177779132320828,-1.7216944701309167,-3.3743741230853708,-3.5339350247570165,-4.15692654358843,-4.372923068901106,-5.2201331019690524,-5.992036069901569,-6.284642882839794,-5.887753497447036,-4.981658496895124,-6.020146190484512,-4.613368259437511,-4.865420879842436,-5.78608145024655
