script/wind10m.json
{"header": {"parameterCategory": 2, "parameterNumber": 3, "lo1": 3.000054539987559, "la1": 64.9999836372058, "dx": 0.5, "dy": 0.25, "nx": 34, "ny": 52, "refTime": "2026-04-06T18:00:00.000Z"}, "data":
[rows 24 to 47 of 52, columns 0 to 33 of 34]
-2.658873288123087,-3.2609737475827365,-2.5846206480095266,-2.3650662029260396,-3.502490847801795,-4.18889935573282,-1.3935433157572124,-4.187040654977834,-2.065433971150352,-1.5464373454025468,-2.1680570669821386,-2.0718147303164143,-1.8399577295235292,-2.523759026066781,-2.5984561211582946,-4.871033504712209,-3.817372866577673,-1.4970370022046462,-0.7841035174593372,-1.1298667089581156,-3.5484742518838863,-2.645003629959418,-2.4320670727047893,-2.5593360284960123,-2.424093363380351,-2.7004732243343557,-2.9038620305848566,-3.9293164781549623,-3.376617240292053,-3.2069322788810095,-2.427294069813205,-5.719047875775892,-5.66039541697028,-7.935564595590286
-2.5275984219345005,-3.3964738384756115,-3.0098834610210816,-3.383589560669976,-3.4638697232143816,-4.2802480982433,-2.164579416080866,-1.7929207709288126,-1.7312019076018956,-1.6395903774290472,-1.4258496794179796,-1.7238741907041917,-2.2461122181829145,-3.4784499800833615,-7.594486956409191,-5.677093641734431,-4.547370586782199,-1.9595985409294197,-1.8939996467764395,-0.8541789078927539,-2.7596068565025007,-2.476971555129685,-1.9321273740673992,-2.408889426693903,-2.4918051161472925,-3.5609539257939287,-3.2958491197781585,-2.9518362957406734,-5.178715029339901,-5.426028740895815,-3.7184041816806412,-4.017609171031388,-3.710696707355574,-6.706836880706139
-2.432701656567302,-3.0247981841003853,-3.0111564492080807,-3.702290025685301,-4.277532010044199,-5.16288994663169,-2.2829847624154085,-1.493626872505272,-1.6824967833478992,-0.9381536994518231,-1.60237542014799,-2.0497800650463573,-3.267347785416356,-3.4811323917501698,-2.7721115189200707,-3.701799749622756,-5.685180824306835,-2.0459607396973793,-1.2843649762451252,-1.8153632681775072,-0.8691565358509926,-0.8889993347116036,-1.3713041239233996,-3.9277941819700497,-3.455910910058762,-3.8678207122318864,-2.5783191642472834,-4.099682919830175,-6.394326568222225,-5.061058339998401,-3.216975874109983,-4.178083079159514,-4.088004585248908,-6.194481677331987
-1.9042577360600668,-3.2517191490180393,-3.5135795814168302,-3.438832002598014,-4.516325731971732,-5.666232323519479,-6.344602221943239,-2.3142613777579424,-1.6279034087567765,-1.4277094403211792,-2.506723910136344,-3.2359572893158304,-3.6481246030700545,-2.7546548744469717,-2.7664739539824654,-3.2412756748825875,-4.269996535387681,-2.6935234744982135,-0.7985069229066208,-0.5523820829341738,-0.3577650326516184,-0.3625061206257865,-1.4232674782758998,-3.730463387291046,-1.6856651859108156,-2.583722261246018,-2.59023608557811,-3.5094840996934793,-5.890060788287718,-5.895964941908076,-3.751115979928923,-4.044488117701905,-3.9149181692692845,-5.444969294359855
-0.5198932451397739,-1.643518449342511,-2.468146602104114,-3.456441005814611,-3.7214560911367256,-4.956972245539169,-5.713197606357292,-5.808822765369662,-3.218981845596103,-1.365475133905793,-1.6163093097175114,-2.053992990909852,-2.944611727559575,-3.072815095973149,-2.9115071947469455,-3.4441336231993542,-3.717285524002035,-3.6323254462498586,-1.3022599143579487,-0.8670677431044866,-0.2999681706047836,-1.1746237805213833,-1.404922245972424,-2.126005906255235,-2.0009129742126257,-3.163531109631736,-2.9580997028772917,-3.1654942663656636,-6.350121230841086,-5.335658065064821,-4.766753166894235,-5.103770565351423,-3.0228183461437736,-4.475507440946046
-0.15733768251204647,-1.2420901876249444,-1.7761739351268973,-3.2037442350202143,-4.000805346180786,-2.983415822346961,-4.085653228475226,-4.97814432483502,-5.492862644581372,-4.290415026508715,-3.273251127087063,-2.276126891569751,-2.980048999144943,-2.5368375278393294,-2.3990063921282054,-2.7691078244575853,-2.6514169607389317,-3.834477354102958,-1.672570829891656,-0.8965388357358351,-1.0392407865964763,-1.140383203267451,-2.2871149485454016,-1.8822129408474322,-2.490963993129942,-3.748679262930259,-3.666676995266768,-3.3738132567688135,-5.561076710883215,-4.2156171823234,-3.1109425917004434,-3.731340851362795,-4.0518580822840455,-5.962606329136173
-0.1990652871691935,-0.7527626093319155,-1.3680987771368627,-2.603365198891935,-3.8842252981522782,-3.0399385744657095,-2.3119656509350044,-3.0533566573477184,-3.2917590695672185,-3.7532557072768897,-2.9498604307687515,-3.6481112303943943,-3.1562604359427504,-3.587472405641111,-2.475412978834938,-1.0657371451527227,-2.146633065257853,-2.257345510451275,-1.8316598338697987,0.05204093430572111,-0.15931312026129685,-1.1231335059550256,-1.2486638053305448,-2.4670687309404076,-3.161612060079318,-3.616276461264132,-3.568129369973426,-3.573333614457321,-5.546466883245675,-4.5101948757613535,-4.010004253066978,-3.132493260130881,-3.4105313528952363,-5.167156200396222
-0.18152008399566957,-0.5039065847390438,-0.9715208209837778,-1.5270376396776362,-1.654671915998182,-1.8104363742814118,-1.7830217067326986,-2.639462914766976,-3.8064317137753445,-3.9492018233969155,-3.801418389992467,-2.9362380642978807,-3.531223732803945,-3.4852630867181285,-2.144239672915078,-1.5917766908666433,-1.1876098898253058,-2.055691285126665,-3.010466219601058,-0.8392471805370545,-0.49621368353892953,-0.6396350327391817,-1.2826655045009379,-1.7056519042197893,-2.6014775937170818,-3.236027310926949,-3.2788765904644417,-5.984352128732054,-2.3583292408166963,-4.587710015596493,-5.076358452269977,-2.4625658648298434,-2.293613609422637,-6.25008803012352
-0.11009847786810173,-0.7864351749952221,-0.9424411989789115,-1.4694575735636866,-1.6796638728884943,-1.8366687710423901,-2.007256396660915,-2.4271534709709948,-3.095361188115779,-3.5743998032127373,-3.8206961525065997,-1.30183350257516,-3.1442747360628416,-2.0746649015573726,-2.1703804579119064,-2.7871148408353736,-2.974155619865119,-3.005982822996419,-3.1053291038763633,-2.0166825944197133,-1.0663118540905612,-0.814970496323385,-0.8600318167641341,-1.9450295666244382,-2.180441518031483,-2.9799621970145393,-3.7259693839185437,-5.326061325347572,-4.583612505949571,-3.0759918719492005,-4.764151415276584,-4.482189262804102,-2.7334782960454285,-3.6926649012016277
0.3144281725005874,-0.6375657945835486,-0.9755056040072699,-1.0657377824366656,-1.1567669555491005,-1.389002588874304,-1.8575057826658774,-2.3097749727987464,-2.856918625804461,-3.3685417411963074,-3.887090407844368,-3.0637963316080996,-2.231935143058844,-2.00227318801023,-1.9769867093285536,-3.165850436242286,-3.4577985800701376,-3.6825225768315426,-4.131030988784755,-4.31463046458198,-1.7689439698550542,-1.0667026052059365,-1.0968349316319799,-1.327128870297276,-2.272278284741934,-2.6108547936655224,-2.817826712217292,-4.968754827717008,-3.6938609576323227,-3.3009365685457555,-3.1699416869414443,-3.898518594598074,-3.759398827050812,-2.6931134444526563
0.3075630140839623,0.061947651194722786,-0.8021106712685618,-1.012884610202021,-0.9968929063424457,-1.1478496629301242,-1.7467785018856636,-2.3924918215591564,-2.7963627883537927,-3.2939371505435715,-3.4127111567678523,-2.178612551718873,-1.676116582566372,-1.8326515245919248,-1.764639996533509,-1.7074780570713868,-3.030632809693427,-3.0924680491644154,-3.0545526113068453,-3.7943894282876904,-4.130252362581044,-1.473138774715798,-1.2164375244392658,-1.3891300986114175,-2.1592447179475833,-2.097515194224873,-2.6314287003199253,-3.1307905671658616,-3.668729588646827,-3.2125122655375966,-2.8844921093796505,-2.2314037481231286,-2.5507457125852526,-2.036755961819193
1.2505615401871217,0.17676830730733656,0.10663281290427336,-0.6263322167778732,-0.652880123920454,-1.1775044855483405,-1.9006500319708532,-2.4607539701742787,-2.8548541723047824,-3.264651186496326,-3.206359872584321,-2.071516291281579,-2.320139322163683,-2.46733361617693,-2.354724986920773,-2.5776248979827314,-3.5970727232796937,-3.1818531175018725,-3.3295545310775534,-3.332379661514436,-2.9179800388384587,-2.7399126615420872,-1.8963718463820376,-1.5487835625293178,-1.8587664211663406,-2.126491220279535,-2.356546566506677,-2.3889346416568014,-1.2610335415176308,-0.4706329210165971,-0.7511162555353373,-0.6404351330156189,-0.9470255504782515,-1.233092282296667
2.2568656104949825,1.0900786626638126,0.5563429259435968,0.02678258837795174,-0.3929686321595434,-1.0379177875647225,-2.1467967002381583,-3.1910268292020882,-3.0944695765472976,-3.1079504637656483,-3.1400637169753978,-2.5448637490113972,-1.786812953117859,-1.9352686439927271,-2.0871018732543667,-4.335732565590443,-3.4187015957393707,-3.420093672924358,-1.9446986116417049,-2.5715620752966486,-3.9664191420954524,-2.652035140952192,-1.6781510396897552,-5.058879349100846,-2.73943307629611,-1.3071089895441967,0.1130827203324634,-0.08343061916788275,0.1783184931083025,-0.16750211557927064,-0.20784484073188803,-0.8051943979480938,-1.3245990413067301,-1.4832528898179456
2.633205294091923,1.77202851068262,0.4203644242651058,0.33943265621778274,0.08859982628616825,-0.8944928474964401,-2.143025519005693,-3.4038840347543697,-3.470028482036662,-3.1126050305224116,-3.082912639915546,-2.390934675848232,-1.9283436835084105,-1.3237081712594547,-1.9745965723275734,-2.7985363722567542,-2.279547949897802,-3.0976939924135554,-3.231581398940113,-2.902426710076122,-3.3422670641285874,-4.441058194431159,-2.234582497011869,-4.156757818750029,-2.6430091778003035,-2.1709982854388215,-1.485794973256592,-1.415631089470062,-1.2215336522280211,-0.7121034741419323,-0.7135997563978684,-1.0199593915790286,-1.1303442522788332,-1.6014393737393413
2.797390179026013,2.226563839734797,0.6873155001374841,-0.5242678694023218,-0.8587196577505234,-0.9016268959668152,-1.8009640482434577,-3.0515718330252284,-3.3500617761277502,-3.08839139308702,-3.2209740153419624,-2.416769021747028,-1.8816117542266713,-1.574944289214479,-1.7161953500144826,-2.6422095078157772,-3.3230777928118282,-2.2892658746353285,-2.7893147036315686,-5.784189291693101,-3.5059602954131646,-3.9500645538983523,-3.4814501486688854,-3.8540556264656076,-1.6313223129017853,-2.02629870839135,-2.0156771915862226,-2.154006396161413,-2.1051738522186416,-1.7071482751013904,-1.584045939378167,-1.3836153909492905,-1.580124275439072,-3.025419996582496
2.723620420373354,2.189539775548831,1.5308250449036291,-0.3706320799647122,-1.492045827545978,-1.8823795014029483,-2.042098134779777,-2.964852510111219,-3.175886080124854,-3.069112175576517,-2.9335177592519273,-3.708698362734556,-1.9165679017658175,-0.8949965457553148,-1.8259292802026372,-2.2114836237530078,-3.923286699990922,-2.9659496725003027,-3.095359758190855,-3.8431078937445884,-3.6105510182003413,-3.208832741570605,-2.96306539501359,-3.900721412298454,-1.6638094869008773,-2.257464667304264,-2.2078350661774637,-1.8837025668124867,-2.2198638608008228,-1.2211168871010123,-1.2711678955375456,-1.1233576024062704,-0.6951514040405986,-1.327552402104584
2.619944414504875,1.8439349239746836,1.4470020486432251,0.45129376267492427,-1.110443099652871,-2.1770747257785064,-2.5190716793178902,-3.127673757698303,-3.358139412526874,-2.9312456012458665,-2.9433474980080025,-3.606075399554117,-2.0394749965990213,-1.6646972177425776,-1.801258747850259,-1.760419097471038,-3.268208013806589,-2.8080719764316315,-2.294789687977448,-2.648173302800245,-1.8240404806330508,-1.2466774431031984,-1.2868970810709428,-2.483614809144879,-1.7657905648606562,-0.3992687912971572,-0.7537779046430256,-0.7204699583732495,0.45727510633756535,0.663635861586291,1.011610688686365,-0.18418542698302162,-1.407789302667,-1.874954693501011
3.0481571365277853,2.542535969598589,1.560622970464655,0.8116120386064629,-0.05802805510338903,-1.2060104207514384,-2.725523296936693,-3.563741769739257,-3.195110174748867,-2.8259035714306178,-2.8143423764888067,-3.261364823754256,-1.4565185525059157,-1.6657327798868005,-1.8822961739330113,-1.5084810409395022,-1.4662054705773062,-2.1877758595278,-1.5813468716833263,-1.9266179745946046,-2.22938939275222,-1.5776991342993998,-1.38163065115774,-2.832529960744219,-2.356618214840789,-2.380548680293368,-1.3728255295267222,0.0046966015697564815,1.7655208120750727,1.2654618326676081,-0.958883134056025,-2.5087793190874597,-3.341277969918332,-3.6615358711944306
2.975152968524312,3.0014691284265616,1.9653859194521444,1.0262240200462118,0.46454091990021823,-0.8970936044841431,-2.7505340852049205,-3.550004802674915,-3.086028546092303,-2.1028630966028294,-2.4291363380434268,-3.4527389311617207,-2.5708772635895865,-1.2057743834026264,-1.034283080536127,-1.1589523065043488,-1.0220797343242787,-1.5459901253721362,-1.5920962984651839,-0.8264994086653734,-1.3744658732187218,-1.386868958254399,-1.3176848035887794,-2.131926405347828,-2.022232346470113,-1.2097637162732762,0.15039311528933758,1.2553955356349216,-0.4839028113040632,-0.8950549904743621,-1.8780987496732136,-2.1979749370393034,-2.7641956942999664,-1.7410701746205213
2.877294049111364,2.2845906799797446,1.985129102067064,1.3527774283259946,0.42171629404776817,-1.1580380236899754,-2.255342854521359,-3.3109943652291562,-2.9091992250546634,-1.4655787137980378,-1.3986320495709121,-2.939084568869605,-1.74636017372106,-1.1987196672843021,-0.8791698053293908,-1.0744564979274553,-0.9488790259936383,-1.4123919654044466,-1.3863132577251163,-1.0360574697760503,-1.3994422540309754,-2.018444342665058,-1.8713723245045202,-0.7532270274730144,-0.6210192816650816,0.8517804160265662,0.7580165371016181,-0.5322872172656433,-1.2649667642525042,-1.2773697977096807,-2.666572825964608,-3.4383459912852,-2.2591596720017955,-1.7024299450079239
2.7751075949484645,2.3611649287600938,2.064500825191402,1.311470329266727,0.47572755509496645,-1.0169061259476855,-2.109939446903908,-2.728305740851585,-2.7826592419765275,-2.11009048828612,-1.344334108454514,-2.4353536699779714,-2.085343512677723,-1.2804363481767724,-0.7969308107572085,-1.0583108274735389,-1.0719870172830497,-0.9222960250449577,-1.2766901520811196,-1.9445963505346286,-1.7125761455804815,-1.7171665972875858,-1.8902378732416807,-0.5306514149719895,-0.5910425710680264,-0.7248836939213252,-1.1802560031079783,-1.4819031790783763,-3.47746729644764,-2.291832932806737,-2.110098575524192,-2.010006772508404,-1.5684491998792518,-1.5330033120953577
3.1503702607438675,2.440479869207504,1.4331677653645214,1.4671961753484721,0.3725406402213454,-1.040167068875546,-1.9637266728182559,-2.540312659564527,-2.923666070203932,-2.5139847712269567,-2.6726110726766783,-3.115499490906944,-1.1478512030244712,-1.429747414831656,-1.0337063204452923,-0.8307093864646009,-0.5744825964593907,-1.3389947011445664,-1.5961902426891608,-1.9104373652513427,-1.4390427655412872,-1.8109115480531968,-2.109845353482709,-2.4063867989611696,-1.1176354331042972,-1.6241793707355936,-2.1671408241220256,-2.240635475590935,-2.016826579013766,-2.761743545181229,-1.2360371470705005,-1.025633015756298,-0.16835259337789646,-0.3907428361766662
2.95390378772429,2.0574901478965706,1.7292741320847744,1.2639840471884496,0.21482385423456912,-0.7472714341711749,-1.6357839435168466,-2.5260891618408485,-2.9527066684936254,-1.226448565629245,-1.5853520827088476,-2.1838483737201275,-1.3879918888162106,-1.1968600530990752,-2.169642530840739,-1.1389371373839723,-0.8382738426114954,-1.0834725839248451,-1.3665080775634326,-1.0766496531871632,-0.9787064423411544,-1.8866792281826619,-1.2480370452021825,-0.7759960746400144,-2.506250181578309,-2.041738035411484,-1.594453041022942,-1.998121629066796,-2.601115568762266,-3.13244510648504,-2.0945274935213085,-1.2912401088750425,-1.2192782519715224,-0.7721053702700228
3.483070838110198,2.188205845392629,1.330044480672701,0.9274812052859167,-1.1929955502412193,-1.243775200199528,-1.3091436478704273,-1.6903251697051445,-1.5573690049375035,-1.5187101677228148,-1.1738115868508021,-1.8018183711472255,-2.242935361135831,-1.8786002863826021,-1.5669186798926646,-1.541185232306589,-0.6660710741601267,-1.0741181329483527,-0.4871366195462789,-0.5921007980078152,-0.8126518750210536,-0.8059925996343709,-0.8482305157270036,-0.9653305138969783,-1.6670219589954376,-0.8980913402671784,-1.807344726168086,-3.5912315356264126,-3.1090504112503736,-2.6385427217759267,-1.1088845086471322,-1.8384275129795273,-1.8825645126199937,-1.366000741365411
