script/wind150m.json
{"header": {"parameterCategory": 2, "parameterNumber": 2, "lo1": 3.000054539987559, "la1": 64.9999836372058, "dx": 0.5, "dy": 0.25, "nx": 34, "ny": 52, "refTime": "2026-01-26T18:00:00.000Z"}, "data":
[rows 0 to 23 of 52, columns 0 to 33 of 34]
-5.537114190581103,-5.627654420561705,-5.632489601151853,-5.093072417679391,-4.742628566964796,-6.1415161332615735,-6.113507755729927,-4.406839161996361,-2.9514290977630337,-5.511323411466731,-6.808784021015624,-6.705568554114221,-6.302488127580087,-5.70997579083707,-4.977668931008195,-3.6430866690536874,-2.6141645040745445,-1.6276735012779855,-2.747564082003489,0.8136933987781577,-0.6275630953615648,-0.29223321592612006,-0.06656811527526128,3.116126415384937,5.299571614551239,5.1368390774149315,3.6498232724039585,4.249360867276308,3.1441210475374084,5.724244437995162,4.191528541598251,5.166624432541889,4.5508864071069155,5.381343760040497
-5.860329048148543,-6.090076593958119,-4.972091226246248,-5.456943191845307,-5.7787954252767495,-5.805252757486783,-2.8146474604861496,-3.1605582751997794,-4.366392842949256,-5.7610870146786874,-6.184194641514814,-6.170779757305535,-6.378333518836686,-6.177877537829826,-5.384797273624884,-5.231096176019808,-4.169907224451196,-2.1830746366696903,-2.9533359397580567,-1.3311612652866325,0.2010076821501321,-1.2826126331278456,-0.12740065030861544,2.1650861737758587,3.428929748646734,4.234482897258026,4.810082226636542,1.5813198805395,2.9241650287370184,4.6275483414501934,3.7851927993320937,4.385574459193611,4.305081338797314,4.100846883945292
-6.361757158260827,-5.99001490976014,-5.932932224904159,-5.232694547326821,-4.535826651573734,-3.6315304749751425,-3.9941435682863733,-4.700603111049028,-5.507676776069076,-6.0840850902431605,-6.3660509674233925,-5.980624004463702,-5.662607657045477,-5.12330298872403,-4.9741064433900695,-4.184526328608913,-6.826436063647246,-7.575596364552241,-6.781301431255341,-4.834466898181835,-3.446576187517541,-1.0353277131256122,-1.4392707329215644,0.5764302142478566,2.127709316500282,3.003853969014879,1.7588210542287264,2.098292882175715,2.044041387589951,2.6695327802252486,2.2555947266817,2.482793574478824,3.588405810551676,3.231066855420964
-6.685003433299217,-6.277068396713466,-5.757513599175678,-5.403919743610861,-5.33820456134503,-5.15960574675442,-7.133724705740877,-6.378916622386672,-6.811658249412495,-6.871378280665627,-6.062045860237012,-5.693239784985764,-5.352622031776231,-5.071338320048282,-4.546398967163897,-4.773991999185061,-3.406631016347386,-4.896074829400843,-2.8296031184489205,-1.1397161984731135,0.34690934535741463,-3.114175264508929,-0.12623804037919287,1.5451593711734095,0.5581649263083212,2.0647241845186852,1.1348649910732531,2.486302099403154,1.6286617677359958,0.7625230168676636,0.6773491192745481,0.5324815253978152,1.307435879066485,2.3454886486873465
-5.778166921308187,-5.34399297957197,-5.1497707943638815,-6.210459752894964,-7.262079895094813,-7.733039466260725,-7.373052478064323,-7.525185787130797,-7.88839952173722,-7.803691527742601,-7.307607140325978,-6.701185171612731,-5.282844630148738,-4.847379217728184,-7.384889496841486,-5.139700936425085,-3.832933821665717,-5.535004029084816,-3.377219376980312,-2.42338170630047,-2.5433037601512343,0.14245553788494683,-0.5009627366065795,0.18864533505457798,0.12899828990125412,0.13820815521363686,0.7580375837802175,1.019546409587078,-0.024371028161357954,0.995997965211783,-0.5314042110563412,-0.010299664486787544,0.7243606503490729,1.2865371272170185
-5.959516106033881,-6.993879679493441,-6.370455641628944,-6.967531561183928,-6.803300333198064,-7.310969094727821,-8.350133491773294,-8.825022203597756,-8.957481682230695,-8.60348884129678,-8.403919292221426,-7.576412693468269,-6.671271089487208,-4.033975414739724,-5.4633011939938525,-5.84952303747393,-2.622526327036931,-4.533384621878534,-4.713914118281656,-4.548199586525243,-5.014236144602729,-2.5550404729455956,-0.39974790171492103,-0.2130851460096068,-0.02583855792452196,-0.824570425519847,-0.2755168552382733,0.25931044732070485,0.3938077756485098,-1.1342637215232285,-1.7046030301673414,0.779509858768486,0.9358625286643633,0.22336805177097202
-8.012954434883861,-7.18258795981756,-6.839340503652041,-7.24041679603914,-7.789261630965578,-7.9214244682454495,-7.9941537420251265,-8.507928551420623,-8.903986979260665,-8.53593098601168,-7.397831994541945,-5.624265935922112,-4.21657776726436,-7.266996411448888,-8.816210193397408,-5.244702271533044,-4.253419191386604,-2.343152633297548,-2.885543429583115,-4.808144769381483,-4.955464016432287,-2.932803593430287,-1.8544484511971764,-0.818752708659293,-1.5807659094483617,-0.9212883591722957,-1.5603951322247362,0.5366227601211226,0.1718484267082189,-0.4136089355264981,-0.09095227948700542,-0.2976680435572138,-1.205658405854917,0.7354587059238729
-7.0805543184208615,-7.257836666776852,-7.332432681668943,-7.4424235343370135,-7.467876927891049,-7.0254452362578315,-6.880556713124753,-7.139823525784258,-6.867049174491732,-5.927434957901982,-3.0499887356965223,-0.9338206822483947,-1.0961805765159596,-2.6272521504995807,-3.467829584250926,-2.5362481917979545,-2.760546164740423,-0.24733938174399467,0.9529815677386035,0.05801825591775038,-0.5867799637450205,-1.8179946293271743,-2.1952556359601907,-1.1649160327596912,-1.5997757247014643,-1.4001503290643698,-1.9815079926258414,-1.5985705339242733,0.12639414697546053,-0.6861689858748761,-1.31136780589901,1.8757131146673214,-1.299024174159967,-0.06685885005240853
-7.287735978124455,-7.376663384947516,-7.26664721204743,-6.5003011298232884,-5.556156476243608,-5.064911684254162,-4.245292878478907,-4.142767916789662,-3.039978888422246,-1.0034921931877985,-2.486533582837279,-5.997107119278134,-2.7421610005525614,-0.43899504088683877,1.3890447841874745,-5.107831552017311,-5.671995884251367,2.2577163247129253,-2.338386485507699,-2.3154010921789308,1.3847719739297384,0.36701731874390253,0.3848387400463781,-0.6576111414590381,-1.6620116269539,-2.6343793883426603,-2.3163016308958566,-0.09241727049175447,1.2339252310296887,2.8170562938869734,-1.0527656421779539,-0.07964744779610444,-0.04263080397118859,-0.21613719011002133
-6.080279816158707,-5.176401219303295,-4.198248857694121,-2.3552570224851332,-1.1780341635111222,-0.9120531923784232,0.4451213079834561,1.5609120864857817,0.21841807266248406,-1.7925885111681281,0.15535922594581628,0.8278834362749404,2.083167443032762,2.234723648092894,-3.9980056895835925,2.2593333245679754,1.7922645213937192,-2.531130118863015,-3.209309107908909,0.0017567179909535996,-0.07220095666663451,0.016610991754289837,1.6788555218743506,-0.05731370228710909,-0.5775517730634716,-2.1908378307571232,-1.610807381219868,-2.3559447532878743,-1.910441460436097,-0.4417006356136253,3.7206067629837953,0.08714082841597505,-0.2282059093659358,0.0113941686768319
-2.1247205384629906,-1.323463172259921,-0.7333868440966829,0.19359982450586558,0.8688674914435371,1.7192481688332937,2.151996219052162,-0.8966754831872944,0.8448538401829148,0.290042816602884,0.7783597725067063,-4.003321115662194,2.5532230160122005,4.800413457027959,4.18049241675664,-2.4736443722215906,0.6504134958987633,-1.5845969671795306,-0.34016734508612945,-1.327625344242547,0.09767371121822478,0.5846759242435591,-1.194504785148027,0.8765676633974794,-2.683343750195598,-0.3298500097606793,1.80120601594681,-3.045547178879255,0.49914749072653325,-0.9329872670910615,-0.6435652530441176,0.19714067495125528,-0.2689847038297322,-0.3015717929225436
-1.6070273299070315,-1.2875661443419264,-0.08429702611992446,0.7196222115694485,1.1301416416262131,0.3685202800351661,0.8180283340186146,0.10471531664034876,1.2346290585304913,0.7158994681029188,-1.3681435953655283,-0.7678609035410859,-0.6695798520619656,3.1769345331408974,3.1081621167074194,-0.1624853875204368,-0.497818814325922,1.4850860957021976,0.24943127584372554,-0.14050250994267738,-0.8544721231138873,-1.3026105982105036,-0.05611000118858221,-1.6315675321395977,-0.3407400078970885,-1.444910854323908,-2.319474814085237,-1.165970176148919,1.0949256478718496,1.5823325558131354,0.08001303830144137,-0.06358800847989314,-0.3609896661238001,-0.9883741499467819
-2.130936121715174,-1.3835416587243634,-0.7705442986174701,-0.014917022482629553,0.7868846556133126,0.3113720277429608,0.26484212098498594,-0.5394001824427392,-1.3112962499505503,-4.615742405285726,-3.7354774261498584,-1.3197730244799366,1.2431774817280627,3.734914618233739,-0.9567905458264454,0.8638034452820994,-0.9438966698827542,-0.5046052203677375,-1.9077559566042295,0.06210339861828713,0.638433777583455,-1.903289873372969,-2.205789026002789,-1.4607718757762087,-1.0241493183655372,-1.8901615997319674,-1.328699581847028,-2.9685115946983482,0.8181070708426537,0.21476698098574695,0.00024207494704078818,-1.0416451041063768,-1.4313853143163295,-0.9959457919354265
-2.285024742058004,-1.9048672756644724,-1.1717566719990364,-0.3089863476634076,0.9941064950891586,-0.992707732600995,-1.2544799671370546,-0.3309984881341168,-3.545221024854026,0.952399238189069,-0.24202906494425772,0.3326369586232747,-1.5760338972199615,-2.0594781896869625,1.3807339752841146,-0.5683465644901607,0.04443953875635271,-1.1944314769870155,-1.1865766263798447,-2.1283478622234044,2.610972258269396,-4.061959749670703,-1.8742450925770473,-2.3252064918148774,-1.3066725857265078,-2.690072923681959,0.33541175964262226,-0.5212928958591804,-1.025639017725233,-0.056612526949156375,-0.5510975983607109,-2.0954163502265035,-1.7189830904793806,-1.5149190220636402
-2.2311820802313185,-1.6039231906647964,-0.9662146730357655,-0.39738604794065724,0.2087703156789612,-0.2119975167024656,0.9244985677832496,-8.029136749865936,-1.5150221826917742,-0.8749741819202714,-1.5089034199202638,-1.2341210731237269,0.4666825387123217,1.1928527324577556,0.7902166525439043,1.589502028679161,0.21512772357082585,-1.0209612260035676,-1.1310681926009527,-0.929070142209058,-0.8056506095274935,-1.2759452163379266,-4.963039863818155,-3.321643174087324,-1.2978125749978353,-3.366475408365028,-2.979742559851015,-0.47612729824360484,-0.538108581767788,1.5212550803851275,-2.7063403487134106,-2.239161227641662,-2.019833904567354,-2.5802934545146807
-1.6363351650092424,-0.9331516296620505,-0.831114547770628,-0.6698572855855885,0.021984198766002622,-3.848984036049091,-5.741235689779418,0.6263766516318785,-0.3464649743957868,-4.513909715921606,-5.6107988470312815,-2.2162629704827266,1.1285152038019968,2.0437282649585677,-0.08576008166444087,0.742219343056837,-2.0693330586085477,-0.3334830719266625,-4.675566341328588,-3.9227959913247954,-2.5826477472136418,-1.6067438546324921,-0.08712640303551068,-2.096837045030588,-0.702061100872207,-2.8488638753964075,-2.9600066183763087,0.9360667432978608,1.276748616022624,0.10665462240379371,-3.3844346590444796,-3.0872755064352213,-3.0722115922591358,-3.16558959503651
-1.944889150130864,-1.3813581372738217,-0.654039333401748,-0.37572509131861015,-0.47937662306755885,-0.9647182526094017,-7.0434172390777166,-4.841823698683038,-0.4622776693065986,-6.759607327825857,-7.089150110795894,-2.579367649816272,0.16582259346865766,0.18724667084758864,0.8595390105097428,0.18405022072951613,-4.561074065755353,-0.6231612036127108,-5.053939039634067,-2.7287786450877163,-5.483380728693067,-3.9917736174571643,-2.5089164103563477,0.9611849879409018,-3.0618295913860663,-1.9041005695929138,-4.4217432403397074,-2.698306265072712,1.895742223546022,-0.629453593633716,-3.9063814290175802,-4.205490142825347,-4.058217012773465,-3.7411912080223586
-3.577749143451256,-2.57423539066517,-1.314576162349446,0.15735931853435903,0.6225802847190458,-2.3697731695101356,-9.669189310811017,-1.2996400631967673,-8.687188988958242,-7.687954431696907,0.24863242006566966,-2.025123116158032,-0.8285114703110407,-0.8196909038521387,-1.7419835456916,-2.13913717607783,1.2482760556088384,-1.7452882734642017,-5.983204269554007,-7.04340505745889,-9.605227170786295,-3.498948958426851,-4.439154906341002,-3.7605704759770786,-1.0373338627584843,-3.8693564418317714,-1.8527190498686408,0.45440389881055193,0.8916004025679238,-2.2017273756125064,-4.823590373806957,-5.268905361521483,-5.633815302650103,-4.868541643846895
-4.639046058125314,-3.665963021411265,-2.4512761591116714,-0.4251337682918645,0.21431221762983294,0.4600735280503743,-6.2680507562254935,-5.083318855181007,-11.02138847935271,-6.990587468817851,-4.297447012997991,-0.7494736350533565,-1.864873977768187,-2.2645716519030974,1.823617653628869,-6.438503782261508,-4.887793610009488,-5.7867165535041405,-0.027616135968191537,-6.445625752701724,-4.1396334652623885,-8.806211337479857,-6.265324672314001,-4.66166846925436,-1.7641672416433574,-2.6918921737946797,-1.7252021105709885,-0.41164934710443135,-0.44701451923905866,-2.6341336593243465,-4.645844451461468,-5.594813194684423,-6.063069155600349,-5.8632508136146875
-4.626721061690397,-2.997660717031278,-2.1171208439077516,-1.525647752875371,-0.25043281222444924,-0.4999723647344082,-0.8456307982289888,-2.4603754033126437,-11.586165979578173,-8.393559513251708,-5.365060655798274,-4.625467946491478,1.1620849064556555,-4.137776741998793,-2.4267149248329103,-7.37180846632042,-4.105581657483698,-4.271886801892257,-1.8131392635838588,-5.274426246965512,-3.9507041634767885,-7.002691169947952,-8.583512938046116,-2.992620369244953,-1.4565875602634626,-0.5786185302058,0.8975290872912051,-1.168980804708146,-0.6777673624410858,-2.472848553147915,-3.644460282323111,-4.715536224609896,-5.878610505414771,-4.461446078927192
-3.3917596791261393,-2.584340228109172,-2.212266533396441,-1.5557358019552217,-0.5139661870232602,-0.2024406906773856,0.8697832770747964,0.8019590321588296,-12.96904672200602,-6.021754503118951,-8.883063042196925,-6.061452001784483,-5.711649538566779,-0.5718856403180186,-2.1029181443490406,-6.286479615719565,-4.639812792675568,-5.20193923392441,-5.41908871676115,-7.31883238856034,-4.17386599127893,-4.529494404374296,-7.35393359240755,-3.6842424076940343,-3.0018626997962152,-2.644406977596446,-0.38620462363297225,-1.0038820893246763,0.6114744574119451,1.2292514848641987,-1.3407290990279197,-2.9992694065882413,-3.896844423047705,-2.3881773768849537
-4.28688012235515,-3.455386851379808,-2.535891024279634,-1.654629363784554,-1.9272438572110207,0.7587981320313968,-0.43826181022209365,-9.744687725339325,-14.78299223815893,1.867504173260828,-4.098271619502196,-7.470369924364945,1.851375272165721,-2.240401493589578,-0.5332774970492353,-1.7292460402384624,-6.1106458013519,-6.203250984384806,-5.392268216268829,-4.911721370421345,-5.328519013133028,-5.4177189408574975,-7.425601887818109,-3.9256433604312706,-2.6770907675615847,-2.7994053660245446,-0.8216670747643687,-1.1468086052961644,-0.5193611413736622,0.37008962895478953,1.3064723741565432,1.4468657570146863,-4.151004983667404,-4.333496402625088
-5.77002486347514,-3.5542290385476893,-2.2663309273214556,-1.392837880259111,-1.9976018344606938,0.6166681065141228,-7.591169171092416,-9.056365618817663,-11.138347474511027,-18.162035033440866,-3.333414135255879,-7.821956058204368,-1.9179105130034106,-5.2942153116304524,-5.132923433985699,-3.8459370078420534,-6.6359953978027155,-6.019563970314333,-5.513185355437541,-4.940098836573521,-6.022196548359495,-5.365213692156325,-7.962065794706872,-8.242449395167776,-4.267519032160025,-3.3463338140965875,-2.1609691450373254,-1.0047347231114374,0.43739938077030216,0.5292027459276447,1.0881074268880477,-2.1336151927966376,-4.086308670198967,-3.361106779626352
-6.224845971001723,-4.650244886976768,-3.1666573409256737,-1.3694452234714318,-0.8215649844128657,1.0680726329491996,-1.3681844343732206,-20.1567980712529,-19.13729200302452,-7.131460157411807,-1.60586506577792,-1.5470806235694277,-3.276845052599611,-4.297595848183077,-5.860912868474464,-4.679933586842134,-5.29930728626021,-7.771881386305163,-6.701637631055406,-7.673369496962,-5.640453676116931,-6.598517123967711,-6.464528891138962,-6.784695988687064,-5.3503548273050034,-5.165997789586728,-3.7390781490776313,-1.929817269200408,-1.8316241404741607,-1.4105118457381531,-1.7550187378552766,-3.1962176545162837,-4.869086850326258,-4.778418854977038
