script/wind150m.json
{"header": {"parameterCategory": 2, "parameterNumber": 2, "lo1": 6.000198445256149, "la1": 58.999992894266676, "dx": 0.5, "dy": 0.25, "nx": 22, "ny": 24, "refTime": "2024-02-18T18:00:00.000Z"}, "data":
[rows 0 to 23 of 24, columns 0 to 21 of 22]
3.2582461965720046,0.9186772826556074,2.768764545871994,-0.29850956756803343,-2.398684736554608,2.397189656758992,0.48485635184615206,-3.4763274532991058,5.220472817759785,7.447685701276556,-2.449968860426077,-1.8242009375950579,-5.193069033939091,-3.678403629518898,-3.264186198520197,-3.347239573269889,-6.9385853645813365,-1.480438105751963,-2.87538901859751,-7.316231069182235,0.8752882179239783,-3.0944039914592256
-3.5617146434945153,2.3524269267681293,-5.353205415750467,-3.3082485151726226,4.099515706275308,3.3095605998384303,-3.224679852666765,3.672885122885443,-3.103420544301991,-3.953962146708156,0.4532815888080778,5.399480357246954,8.720383586399807,4.519115746016964,-1.9382942755876549,6.092197390732569,1.0519694495028997,-6.921806340925525,-3.3356517362458726,-0.6726519190449414,-3.6424022768290434,-3.509278103468585
-8.88289173311319,4.934824659836691,-3.9470144519714534,-3.971586379171372,3.865227881902977,-4.760159295189669,-4.5125359476835785,-2.0054491804003463,-0.3476368465413299,-0.987863120888687,3.704304556815727,4.35436919494468,-3.421043664680774,4.943689191067515,3.011219471031127,-2.755405112916514,3.144768733678082,4.498992109370981,-4.889594974463874,-4.228941170049856,-3.1353859111662747,-3.0283196575641784
-2.9043047766639125,3.2160518198848913,-0.581437235443828,-6.773144559767951,3.4244014070701194,-0.2989926854850314,-0.6283081233637688,-3.783182489865771,-2.48204445721372,-3.3889420701915847,-4.109664589381377,-3.511916243673304,-3.3052101291800806,-3.4808246826072735,4.106991783206794,-0.31013651749814386,-3.074437730614293,3.184060266042813,3.4154567972203367,6.522726983475194,-5.23032048464477,-3.387146112999027
-3.3081189023453708,-3.5722781308003118,-3.9800724958531206,2.6268770909383345,-6.145836602559641,0.6129113105413956,-5.537406475529267,-3.652602349920324,-1.8559819212243034,8.230165885391475,1.6564394218992233,-7.736000001662778,2.396584384338894,-5.333826127652852,-6.551365131208486,-3.448008110980269,1.5252232925708105,1.9190023506664626,2.7158387158314685,-3.185843197965931,3.11977261325101,-1.7723605202717605
-2.4035230592104098,-3.7556751443735297,-3.5306941598037835,-3.0991863234202994,4.194945341171368,4.950759751211632,-1.305212422705742,5.157779625774097,-3.629855666218456,1.9127512791962327,4.44715236227827,0.04052136112140735,2.8045624120025763,-2.587289513008544,-3.259878861965703,-2.378037916981613,-2.8923644125842505,-6.343327530857925,-4.329132210511254,-1.0687249228546085,-3.072114733691236,-2.418201208664038
-0.17678481982716604,2.2020067600274826,2.5815731422468424,-1.1635065171631849,1.6789355286276342,-4.210396628860736,7.046906495147853,7.0097931262474376,4.75099633289105,-3.6391626347880908,-3.779254593437869,-4.872412703355779,5.060956406899225,-3.5689861453300726,6.076029302613625,4.191874821862685,-4.0281980793079475,3.0322306271234356,-5.969524683181347,5.30581449236148,-3.213712213089512,3.8621252723873765
-1.5611632464728356,-3.1845791424536936,-3.523311465879371,5.906554399077987,-3.853245552274666,-6.431597932077676,-4.657844978466027,-8.714496615330109,2.2101056167643556,-5.090476131744631,4.794234591797319,5.897320180503947,-1.4480474612982042,-7.490812674732089,1.3783041453930136,2.4192161025033547,2.6337848425837214,1.8337573162889593,-2.5671647252730385,2.1300087164225854,4.401400428739937,-3.11152231484891
2.903486969553195,-2.715426475843103,-7.422286444066991,-2.994544540042061,-1.7548381842767633,4.162842742455348,-5.63087162551279,-8.275365281599377,9.303392483261362,3.8183897470201433,-4.409457151416011,-3.9075106217216162,-2.94145236303536,3.284088583152915,-3.2349167602961857,0.566523869129423,3.6960799720139432,-6.628785267197602,2.995955330633444,5.22124440290914,4.209451122386893,-2.177038154398382
-4.221266509080147,-0.9457059645606097,-3.9942704447469084,4.370240794385238,2.565475971213325,-7.318555412866305,0.4472597668155642,-3.365154395724504,-1.972575210698868,-2.9391119527075817,-4.094024416924459,6.068041993378545,-4.1741013552043915,2.728164710201883,4.2173093603098035,-4.258062785030676,0.5157500606203989,0.8586594878442096,-2.3520616899362445,-4.923734039150148,-2.327686176594421,7.424874519171848
-4.7008563858073416,-3.0808585833549524,3.5475854137209795,-5.2120244936658535,-3.035956653251785,-1.6238946895605944,-5.255774896646744,-3.207193489953827,1.9086315672146588,-5.5384841516231464,1.839646935025221,-1.165683460638232,-3.75285733417644,5.9534469546714694,-5.724378533150932,-1.080232627185065,0.9003486653740058,-3.767967848088522,1.2750676578824658,-4.598950629354815,-2.773778429718492,3.0286346789302514
0.9074419672348611,4.366532334108194,3.219988206351821,-4.520025050508684,-5.057760350911203,3.6816034626378302,4.0977407102807115,-2.4209572184367327,6.103825155073574,-5.691094714336074,-1.9471647325804058,-3.402375658421405,-1.4020829624713345,2.211143412207207,-6.205641850646199,-3.170713346443625,3.9127439759263276,-3.619859742848613,2.97623557214199,3.8636452448748826,1.7690804080679738,3.702666163189567
-3.5858247654328923,-6.1939644525480775,5.796891083172842,7.476586028202199,-3.8027400159771423,-6.623557787639174,-5.349864282199552,5.001558367431027,-7.458667506038116,-0.1436274618087286,-2.6764009276437744,-2.6011502656894923,7.841562480329543,3.2954890854625773,4.688777646722062,5.6951463252329155,-3.205276186921129,-6.211110169924785,3.268135378599371,3.5733334960126064,-5.058253716311306,-4.68875734336227
3.677055037602132,-6.477499859082339,-4.386486030863558,0.2529257520766008,-2.5669396202885935,1.462138544780566,3.4267659215771005,2.270362953231364,0.950602779213801,-3.9277405721214684,-3.0568143999625197,-2.1935360326729065,0.3972698251430421,4.270960916479533,4.2568692291889905,-4.079480760404505,-6.520844927362367,-4.029115262146269,8.414126968991686,-5.1699949321919165,3.0567055237379104,-3.2489590051128268
-3.5426200817703606,-2.7745046324297653,3.124957473822,-2.31655073570065,-7.841742959958388,8.26102846778176,-0.7121789308574206,3.2283097848644333,-4.9171638677691565,-2.48083561077266,-7.3436384587457395,-4.474348263778966,1.4902944267629443,3.373982724588635,-3.821611323827724,-1.8636514208366053,-3.2378483049156883,-3.8197727775876773,-4.423667673250891,-3.7025779758085817,9.100225831399595,-2.104340065337283
2.4053198620043,4.1392953236745065,3.997003345582208,7.959967517148877,-0.5591561175391472,-3.510660896750721,-3.4069585585248845,-3.7795428233432573,-3.3780133118478473,3.015759608433249,4.63914414471923,-3.1517798008193174,-4.8759732148889805,-1.5693215068918438,3.6825380602109576,-2.9118023008590836,-3.6848723838441297,4.079018270601409,-4.072351029939659,-3.618874208220151,6.806844667798461,-3.007608156168591
3.5397562024832525,-2.5142923969707285,2.9352880916440234,-3.909366806771052,-1.9684696869170442,4.2454279720566985,1.5180358328455545,-2.6913423516320902,1.0135059321212438,-2.5475407448474363,-2.6511922396819223,7.843893899861557,-4.543089426761284,-3.997900466992588,-4.521472536303536,-4.26996084137116,-4.152654465679124,-1.8920138030964528,1.4246615419135122,-0.16090221945237895,-3.7336220484485523,1.916667860379924
3.5109571582995924,-4.497377857577575,4.517053070819339,-3.7578643433822525,0.30130139207872497,-2.280741700777291,-3.2361005803139538,4.130036177195672,-5.0514344267330715,4.2793460145277,4.512721258717994,-3.749008168005553,5.872498811319326,-2.215800999930708,-1.8582615718234212,-3.2080300276460334,2.7538349898651227,-4.303748117842638,-2.9524907836552363,2.019638584462093,2.51361162054347,9.052010559027178
-6.2174797684466805,2.110680370643332,-3.03256058307747,-1.456736900932919,0.9495146147690866,0.8116370321254357,1.295649799042701,-2.4907681144936458,-6.36418305249324,-1.8584302788466274,3.9462845179096493,-0.1383713191207079,-1.6637580305221549,3.850689663208163,-0.1366821762059203,-6.059701554240113,7.173923841389437,3.183330854554168,-6.996529874933212,-4.237858606715469,1.4230472033485055,8.591810746288795
3.275642762564679,5.994997842869522,-3.1980948345156226,2.135648305797486,2.2512663591308844,0.4516421518122873,1.5396300876174867,-3.917667904827761,-2.3900538961236717,-3.7236831653310722,-4.251532650300969,6.051358329485131,-7.498190302906392,-3.4839845916987984,-4.0412917737425476,-3.599813723173359,-1.6764174652496493,0.4945987872638384,-4.132623266734409,3.035797216165199,0.12543078225952328,5.7968136171396845
-2.585833401116559,-6.0602878804885,7.882001066257197,-3.052788729147777,-1.7660840474944288,-0.5082581165444457,-3.909379504027143,5.966077406071761,3.6467960279724934,-0.7435807621319338,-2.8320530213031105,-6.9527166949272265,2.7248880139448137,-2.6808762706626346,0.6062545152625037,-6.034806550987832,-9.204561967001188,-2.7856497215915597,4.9027285758374495,-2.3269709188314565,-2.458256767161172,4.899016434941845
-5.244215895713681,-3.853563360958115,-1.695758377007747,-4.0126675288734415,-3.121679732442745,-3.8411755206029183,3.3276712788981517,-3.5300949767562044,1.394968625543288,-2.6454826777945386,1.4232546886457735,5.799403439383485,-1.0457071718521003,-2.3680840543841772,-7.884454281667134,5.9665147356315185,3.685815101115856,-3.167014773237939,2.719757141699172,6.283382846744289,9.02775437629239,-4.2951693966498095
-1.754191231130916,-6.009026405342945,-7.4560228367646575,-3.1598598440568226,-3.2497249609637864,0.5519011640856875,-3.2291415260774676,-3.1533158208668874,-2.7604754849780653,0.7219876893922583,-1.3891390094375706,3.2903580488663424,0.6975709297136096,-2.2745456503548516,3.7331332622006776,0.17716857094250055,3.547234314811867,-3.7573470318066264,-4.229267240307555,2.770515301542444,-7.029062589752538,0.9769059590972738
1.117428599404411,1.3301054679787474,-2.4411612641891884,0.5385889717741662,-3.7946550698410895,-5.405705774143579,1.28925975048572,-1.6732691191932838,-1.9126745946006518,-2.4502334510163464,-3.2284625501147466,-3.0874089016786126,-6.266748464072778,-6.280626825898165,-2.5841861411604983,0.704030624433521,-3.6490547750659306,-2.300846208451242,4.713872538864372,-6.62758107302522,6.6072036705661645,3.8103944886661822
