script/wind150m.json
{"header": {"parameterCategory": 2, "parameterNumber": 3, "lo1": 6.000198445256149, "la1": 58.999992894266676, "dx": 0.5, "dy": 0.25, "nx": 22, "ny": 24, "refTime": "2024-04-05T20:00:00.000Z"}, "data":
[rows 0 to 23 of 24, columns 0 to 21 of 22]
4.421627613433787,-2.4030509940437743,11.3484921383273,3.9382928029203903,3.786597436532183,7.534419109814219,4.063183766099319,4.705591476281561,5.932168974434199,4.808925854815927,10.548105962449458,4.197762456957419,-6.877734357183537,3.202527543110624,4.866200472584647,-0.7317566536328572,5.994292331501998,1.708068553932421,7.197187381011794,-7.886893337062176,6.843038315950898,12.978280698714062
11.657369778442353,9.129096959405599,3.333541401091798,11.135677183245212,8.938446585498575,2.522608458570373,-2.228040487074965,4.09687720801949,4.599576518610575,0.22725907187837877,5.1625581848233315,10.432270878835016,11.297069661798297,11.44659383665011,13.48200449908459,7.89285610878564,4.751071514975878,-4.616850936160351,3.6011834214734337,-8.872659263552219,1.595367943469713,4.796773461776363
-10.654005104097,4.7049829476695955,0.7471827960301617,7.533235244700405,3.6288771119795933,9.583948360333855,5.577893880752568,6.6419016867470875,-12.470271965069099,4.68711272907516,3.3846397673731192,9.54131577594525,6.621014534197957,3.285555245640295,5.168077225241185,9.746026578068614,7.496894536493385,3.2109617740049314,-3.4243760891841712,-5.0439017381608355,16.558457811717716,1.9582530972525098
3.3970353530155513,4.488123349092598,5.06495427690125,-4.877443389871915,3.0755386020522173,4.2837328134992,4.956918787936135,5.625501206170035,3.6356011120268765,1.6623011926279765,3.736748241306344,9.318931120976178,11.47485593591434,4.284811729422311,3.6536227885895727,5.772952878280177,3.561067744306298,3.7524374116618375,4.3497255670341834,3.262867611569164,-1.214704931251446,4.7397122851250275
3.9772331851282385,1.4760910696728937,5.661741323176828,7.269393623383098,-0.048736231808788374,5.741272870605953,7.928515926804031,3.6557921503301904,16.973112805632525,2.329877654352849,9.579425543843207,-5.1489144590623885,7.483918983910773,11.761949835549192,2.0966721223229974,1.3868761656736766,3.332959143451653,10.636400003940924,7.155664879451809,8.225899674996546,6.691642914800151,4.450605938713141
3.6747604801288385,4.491736487076142,10.025871125731598,3.700064670103954,10.735624340611711,10.395732331141012,-0.09149654570651325,5.656642739047487,6.881896280977482,4.002095259403085,3.9625928029575346,6.234973374761134,4.094541034988619,14.710288949356178,7.6898624597963146,13.669934582624272,15.029970289993015,-7.947894340865081,-0.8995979074605833,5.661805380145559,2.871684594217597,11.096866496159768
4.7411840833721,7.844394899270117,4.715633623988541,1.6544047625611447,3.8580445262598313,-2.462717001877156,10.125896950001943,10.692053596093961,7.551970832070657,-3.9644396813403575,3.23369499539312,10.282160945586188,-0.20781286077418876,14.664361297480317,6.869219954128051,8.591300223822634,2.0714843457975234,10.234609736006336,2.36528115511035,0.11731144798119869,1.5367230326784693,3.567866919195962
10.184868012196354,10.787604817995351,5.070787800193388,8.843137033073047,2.6617810528725556,0.08603630024318631,5.947556515499101,-8.867117431592007,7.610986985959044,8.011124758578951,7.638611002188987,7.143285926275706,2.9693800005522633,-5.239700608027841,-1.134737267107808,3.971936610850952,4.303593604345378,7.6047174561677755,10.516593636397076,6.986145948751213,3.4156545367871436,-7.810724529269519
5.116221380846698,3.0555272616120877,-4.387503198267789,2.091717013866913,5.288212113596487,10.623755595916712,-3.8428455859868857,-10.400987495226891,11.07284900113718,3.5933850587985354,4.2869026689711385,-11.87581374685073,4.509223124443707,3.4917122306035293,6.933255088326998,-2.998781361991573,7.377053023593505,12.018115616855086,-1.8690149037555746,6.925493112283338,4.074409195756309,4.630040899436882
3.103410056084726,3.4707201407331207,12.349298159955868,3.63611500081902,5.375152119228021,2.527189686168209,6.975318227518173,12.230465592260217,10.751121563448006,11.33942048174212,9.992618231405894,10.109799175969925,8.504212857162285,4.426045646663592,3.7631967878386865,-2.0448831300644477,4.212241212877217,-7.7989480080324975,13.176405028423792,4.58183829538574,5.078778314627218,10.538498516836482
10.84943085030649,15.272477252600357,4.797458813362839,1.920473937526615,4.564852745801762,4.642687132795642,7.404596469341831,4.765359574198985,11.231597487557442,4.242079988057695,-6.447516789157643,-7.146393804249765,9.578244416628197,10.908198607052801,-2.1989938789046586,4.661332524561951,4.252118236315843,8.696317950097496,3.1873433222731578,-9.032832816550872,-3.9998415233251814,6.453567448516304
4.996538238112154,7.0923481104021135,3.7789624564606896,7.394349005954878,8.431283300069923,3.4177561265019683,4.00465569925038,16.507367324838086,7.42133355643667,-2.2931648540912537,-4.888840465974866,5.598331150687406,5.243088618346951,2.3008750325525744,9.734442340922872,8.591978417030587,3.350484083639923,11.80993707876713,10.949313528834812,7.127825449775973,11.255968769169062,4.2835762404186255
8.489474402374299,6.825778006803251,10.741173337033226,4.504924180375143,0.675105041042575,-6.515051105717384,-2.1098270635061493,4.054451500718861,-4.0151965935859,-8.071583822253594,14.261250487149491,4.93018137408068,8.747940741397162,3.378783297974646,3.76539510428025,10.253794213562037,-6.270948534686659,-4.702607560173221,5.131773874951154,4.115112412611965,10.20572425731645,4.681670970140768
3.39561129264969,-7.882205898549052,-2.8439261137630414,4.687192318095113,5.859484715056226,6.214876050013487,6.78403557716882,5.952907427672583,3.894731732183929,1.621047533203876,8.375074697852442,6.081909234791805,4.731897409936833,3.2956834036092957,8.208024203947254,6.938077118539238,-5.431709967143623,3.5577161931144836,10.312281612959652,8.516639651612477,6.423636040486517,19.177720903684406
-2.2151129282517936,4.592502836771237,5.377638855176965,14.869357922543559,1.7243513136391915,8.894178409189259,7.856035313575776,3.078084350119994,1.101944337480792,15.114045553930252,-9.044794831572089,2.996589826457468,7.9597460414481205,7.683540276164237,5.22991757141814,14.806525502480007,6.708824678897426,9.121378326758464,8.007175426432537,-1.3927630036143133,-0.1594839747942108,9.937835987101602
4.844313166520211,4.0351651971773865,5.426565306787515,5.511265667293473,5.502508880733825,2.600714426884032,3.411741156073092,-10.745950754647446,7.821625176662324,4.759784012087909,4.453336408381527,4.114426874647861,10.054653449490377,-5.941563232562704,3.0992943599433573,11.541688106816213,2.968666582002589,4.666785933363933,3.560085959362075,7.524613908125352,6.7460185697584585,11.320154044585033
4.00654720020835,3.671982187721187,2.5599922403244717,-0.8340748191923028,6.935610722227582,5.009644193075502,4.608294988842773,3.63534453095261,4.408541204971875,18.058953164712182,3.829466589938955,11.908731346788409,6.71745099782428,9.599598949427902,5.476174663017466,6.225573440802748,11.637308884303925,4.805667112619908,6.184222754592661,0.11775024973675555,5.3984740475296835,6.814317510898312
3.843782993489017,8.786557687627715,7.707602346848153,-0.6861621505921137,4.517780340588969,10.411885041187924,4.536244507496694,5.254221378195034,-1.9962281562531914,1.193416262226566,7.685239085000323,4.756871941480454,6.954127286163458,6.947166873075638,3.4816304147485773,7.860552016443491,-2.6618640724276426,5.370198463184843,13.363598134044498,6.8609095686838675,10.885995360320065,-0.5063248572030897
-2.6021506016066156,5.541681224843213,11.829441668086071,4.43081721607037,5.12583976929318,4.766024791141573,7.60533428695764,0.9548696924233425,-9.876328852832902,9.241009663416246,2.834626586539231,4.1337494267709385,3.4052852790761388,-1.2302683635364318,4.149623919863126,3.7211238876953368,2.8175970880762815,5.565799808749652,-4.47148879045735,-0.5404229769201633,7.316965881414599,9.520147318401637
7.011714453897996,6.84452345186676,4.837682878292343,5.659741319854502,8.20370776673812,7.005824493307784,4.323726685615261,0.6808400576562503,15.20013720269748,13.787089156014622,3.336751169413225,6.59701351385752,4.01785378598973,4.140626367388707,5.4487234774761,7.639603529566764,4.315076623722683,-6.484100455221161,5.333907626375025,3.126485416224345,4.0878293275832505,2.7107845603996847
4.907272227391606,-0.27975006659778445,8.606603656128797,10.413304458369373,9.208801263145133,8.21813239332617,8.013355536505411,6.793800694111171,4.0456533855587145,-9.026359892968994,8.975303591655399,4.300409462738223,5.2956264415664265,8.889445936317692,4.658692758277894,1.2029255459556671,-10.01048419216131,15.809380891469699,8.581063443136433,6.307525325412244,12.227211061736009,8.539669338034242
3.3146944970490138,4.14462359572098,3.70795064616417,4.430270497629195,19.514823587551007,4.525726359922423,4.6846080764964455,0.7702672293061014,7.193609547029539,-1.206039267766124,4.318544916908397,2.9054391582414705,7.8243934697036845,7.524670474579391,-8.726771838206071,11.422489620226061,7.904926454819581,-1.0601238600173661,6.285539499267146,3.399813315042611,5.633725398610785,13.801617753108522
5.008913416626476,5.788448812555001,-0.8207944680170868,5.558298982231887,-12.327014480986747,3.5493291501054722,5.777826610740648,5.003094345619097,17.606153940288127,-8.491625349721398,8.936537177158751,4.801007713835852,-2.2908713371129314,10.21135368850035,2.6982340323985117,1.7491227007830714,3.2963419146951227,3.9266878817778634,-10.627867381565498,3.9859015358471614,-4.203438989784804,-4.657295134498036
3.2335510892084756,4.4159779363175895,8.996377014428854,4.181885323045923,-9.393750751594066,-10.68409720724171,3.766799653806105,-10.075172030658864,3.7743020387519897,13.651492806562898,1.4941104708646165,7.59926058312056,9.20085368717475,-0.35645950049580616,3.863873852122992,4.796936081888698,-1.0410941999211778,9.019466118372971,3.9764862195502926,7.072850190605996,11.362935218146339,10.923152831891478
