script/wind250m.json
{"header": {"parameterCategory": 2, "parameterNumber": 3, "lo1": 6.000198445256149, "la1": 58.999992894266676, "dx": 0.5, "dy": 0.25, "nx": 22, "ny": 24, "refTime": "2024-04-07T01:00:00.000Z"}, "data":
[rows 0 to 23 of 24, columns 0 to 21 of 22]
5.052688319221249,9.878480499217652,12.189185835740359,13.027858646238437,15.626288056655143,6.84505878818384,5.619975109760393,14.862038826107247,18.082409412666678,12.985867895130284,12.693081127644705,7.773611999602162,17.33323106211107,17.50469271640359,4.160044382496748,10.538858121715348,13.283046515503303,13.701300311160171,12.65689056747684,5.644911570186252,10.933511234120964,18.31384766976259
7.896758028984858,15.708158190807696,8.559236928076794,16.945065285036474,13.170346802961301,15.900024846553343,17.97357858647444,18.367880733262187,11.99417381311917,12.857915499829065,7.079238062490084,12.542727222745677,5.501508542013314,12.974154915485713,16.299475745657954,12.59683523874069,17.48971959503081,9.173712451357236,8.078589509938956,4.758176447093723,18.699170953411645,16.431643223214127
9.539416449996054,19.9243379192366,13.556053532474783,10.154340017410842,4.220738811386109,20.708106672885354,13.792260686487868,8.175258041029284,9.918035157097645,17.71854739948835,9.663932586796887,16.32837390790977,19.168240480769203,8.912803974007709,4.578690871750803,15.067955482773948,14.68752379749652,4.710231749524435,14.457459237203071,11.656910593559186,17.383968030255847,9.620434386211455
14.603567031685268,14.56369548530016,14.495433126498678,8.396786858248468,10.831489247231891,10.451568131944075,16.033150713594605,15.07422938583165,15.506785905247012,18.519408217543564,12.279305918610962,13.117070533019456,13.876616335846009,17.104693083624035,15.062974610245348,12.200797742011446,12.444699325289804,15.29283995881353,10.317162605321599,4.219442596477023,15.914049354333384,16.73182717520564
10.6701040650032,12.009632325835607,16.24890395742363,3.365165920371598,14.439241870762993,12.47720612299939,16.098804480909443,13.511829394855004,13.709336989436776,13.19636817276389,12.545084347723598,7.849699516276458,16.518018603180504,10.127895769395716,17.651810790197676,15.99285215552852,14.93946857374718,15.620414403623426,16.610596138837764,13.04967880807576,8.498403919291103,17.374584804485302
12.373760796342093,8.493782001316742,11.385870857835368,8.63748259669601,12.747825378728564,9.54535027744623,16.990843221068033,14.665074218838917,14.347843180515826,10.519964708971482,4.354461493235114,19.981819278055042,7.813153130136418,12.152864861671938,14.111193171281293,18.70064022998404,18.914000810920125,7.841681218448274,17.752671715179822,11.654364111041481,10.404453111001596,16.683054541402964
16.8847671432936,5.2587996901490595,16.699695188955516,10.353220718940978,8.695286195236362,13.74571516967202,13.790645599734486,14.915124123519726,13.39797581176242,15.021642242681912,16.890882147123524,14.304437358699776,10.213319453100517,16.27771871154296,8.14888110279362,11.200861115968799,15.261459912449608,16.837523505465104,13.168276885236425,5.299771949672697,11.592898007341766,11.94069403529453
13.344750821611964,17.956763563272975,10.897470982447533,6.102884973318078,12.583266596784814,14.492900703137195,17.165867375396815,16.16807089609172,16.316465812798302,11.955908824743558,11.142453935654427,16.25607373439025,10.729063648604807,17.04034792125702,12.720789039592711,16.39443188979673,6.831337529768853,6.224270791370399,13.516997289585769,14.172127089693669,13.99742300167863,11.02410108861109
6.645731584232598,17.144496070741877,6.77407762831819,10.281316128954861,16.748463923533656,13.223112119901392,14.801356283737226,13.631479273502274,14.766640869456097,11.883558807069974,8.68161777296666,9.760727313557933,17.91038212362229,10.604338034786899,13.437554799182028,17.95627580575446,11.369107018628974,17.579939377308694,16.051243444675077,10.601456883731295,5.770651220219824,18.152121078752238
17.581263587087932,7.35715894948668,4.812159485196359,10.510468418588697,13.800640101716981,12.642431484226844,6.137994270687793,7.625048844620429,17.10899293669607,17.5259123911602,15.185705732736071,11.361781776611458,13.731749419271086,15.270759865950817,7.199672202213747,17.14537194384633,15.105202519446193,19.475774695998123,16.793506783487036,15.017474767550347,13.228431680425981,13.675965992723642
12.22204397987947,11.533229203631365,3.9341194736649148,13.798200447966199,14.180910934161993,9.082964345839049,20.935828463848377,14.093773837737087,11.112843122007082,17.951923254750135,5.68829653007526,15.9571024908695,15.836775947016616,13.302692653688025,11.997615804417604,18.489702492455226,6.578079053533663,16.16647581242394,14.678813127333653,16.769195741882566,5.5870965979886655,15.998045711004105
12.250134339736876,17.944774649164,13.295672815454138,12.184727337052223,14.297227948433733,8.49773402051817,18.407292476235476,17.210985387690894,13.603069262930688,10.059972915067302,16.744214196938657,15.908286107299965,13.45229343633801,5.9938737286298185,10.386002633635474,17.65299666871705,4.8321388051306515,10.162060307025664,13.044197225155452,14.046736705487334,8.52966001564125,14.457260371086626
15.946027826382009,18.13242453535018,12.113492664766623,17.33029818870419,12.696907621425686,13.563011377338258,14.56874874884847,17.3657921911917,12.305416998760048,19.046056226110743,9.069419964181954,12.862560690781498,10.930892282284663,10.845671870940077,10.203147097596604,7.884462232656251,5.750407698926458,6.094736866839423,10.341543523469731,9.525614722127848,19.776045073534135,10.937908241695064
10.94322012694484,14.451170114404617,12.822896148111406,12.572601890848189,17.06135110238583,14.302316161023365,12.74440804675795,15.43235356431138,11.553366876674765,16.225051220571228,18.960874633472432,17.204451943914215,20.02629236373991,15.34606206515321,8.294720645107006,14.777664918009034,16.494149435129657,13.550020004729033,11.121402307907305,12.320573379108255,17.43135876520233,19.742822973421088
16.348486622319204,18.67407975937671,19.36093766005097,7.854299403948714,14.533715488148724,7.685470683748744,8.502143000582494,5.057286563972895,14.227675138155398,17.481907179474355,5.409005081079509,11.870352755793142,13.822386915044772,12.688084171917938,14.608675404016735,17.6101827463662,16.464915530987106,11.104721487950224,16.177656377934035,16.87464403367548,14.008710795438102,13.648371692333479
9.762473408513094,9.86294527495376,8.98554536340786,13.000290695888182,13.705300730535486,15.611269690390431,9.09202605503492,6.653533106622908,14.912661713515869,14.10594083304812,7.125522435858644,8.446704980268962,13.88850378048798,8.753790482292533,14.202288293324541,10.602815444650105,13.933292672020745,5.359124766896413,16.225056769574728,15.91679837425976,10.299979616501703,13.158354501463426
15.734902257011164,13.083445357548687,17.90431936678789,16.63736537195241,17.783457999782474,18.601527765226415,17.655060969981815,17.51801398798686,9.620019905453958,13.924558618911881,7.110036683369508,6.894640431546526,13.811820128757487,15.272797381863123,19.05675880934924,9.003663222518156,11.55504170717482,17.601111268339857,14.351776313954034,14.832982695238599,9.20223371223075,14.420821421047982
3.3977147014761293,12.89503912955489,14.873770628648899,14.02365476339013,13.51076532771358,13.362659316048548,8.547297839664532,7.512101942980662,11.700731992070624,16.26893168940648,6.867514758411902,15.679267977201906,14.795148944221088,8.649369585790549,9.209494702634549,15.956248741905688,5.476304227530752,5.221995112462486,10.064162037222314,9.752586695936719,13.218817897288766,14.897721128902546
14.979227548585948,10.725685925145697,6.165363460970458,14.695541770118055,12.784596475127511,7.591833759428835,14.700731161997298,15.223685825080453,9.708465575360096,7.788435473162812,8.885288716139536,17.405218813631276,13.09725726945473,8.136011283378526,9.593506482362141,17.1138042535785,13.736811694372344,5.593065325719028,13.56516614415659,13.206759024675252,7.798089804468302,15.458378184414284
9.441015925890525,10.498565714923952,9.97524061404976,10.232603325340847,11.295307927489562,11.1969998919956,5.8243319366362405,18.417642711536367,12.761262579303953,16.568357401235733,13.136246147112258,15.913367389977518,16.9457344227994,8.381919781110398,7.812907921791115,14.672865435679359,11.56957573430071,7.308754903432431,15.16011899331472,5.141800242989374,17.746769975047012,19.39303663603265
8.844343362558424,10.734186540893322,14.76194217241845,15.59764388656898,16.73999777971164,13.48938266958318,12.05856516919565,6.376216682894503,17.355891586082965,8.77237880158094,13.402292160638535,13.030696082585306,10.039860433446833,19.129614185655353,5.63915795556007,11.522259810270993,3.7788405791766904,11.323886534912885,12.864811962845726,12.524283796554348,20.39332543006387,15.3751384624234
17.71463793072457,19.293485848095425,11.038135467700782,16.917163912018275,12.058404104310677,9.799110202854587,15.309420008903382,13.730615203940166,12.735287828667872,6.567801587647348,7.226736490094419,9.339705716984968,6.575930816919754,12.379571086889214,6.104861155543734,13.042279139345155,15.559397544629363,7.988121769738722,15.776375805059498,3.8705323363191857,12.658076098591112,13.347988591241634
8.401113901504784,15.03585254226228,10.911704821805513,13.339752056396136,4.082677930284085,9.419966890403304,7.803101779491926,13.941784789925046,16.688634720080938,10.478066748308454,21.0377579864869,7.603109465976777,7.745456628748194,18.066232914708202,12.212737670072046,15.129777570817932,7.716536951099784,7.134739060139152,7.878187611876099,19.79497366553654,15.35003053482128,11.29635903829216
14.10411954792365,17.784086886616926,13.258240933248567,15.42187571030141,8.961329753109817,10.569078875698041,16.767659986382967,10.628580227488824,12.05291073390797,14.543527765204988,14.076039568791856,18.76320632434252,13.149338028162589,13.462087048979491,13.40061536762582,17.554285462424133,12.35602285394774,13.730527075087391,9.416207960397358,14.475138335848689,15.225452423637172,17.524754643435994
