script/wind10m.json
{"header": {"parameterCategory": 2, "parameterNumber": 2, "lo1": 6.000027932988019, "la1": 58.9999434238085, "dx": 0.5, "dy": 0.25, "nx": 22, "ny": 24, "refTime": "2024-05-09T14:00:00.000Z"}, "data":
[rows 0 to 23 of 24, columns 0 to 21 of 22]
1.6190400327219536,4.477730736102809,7.026399885323273,5.2618154051426655,3.4893355996147286,-0.24521504747102985,0.8551548985918588,1.8782333352735465,5.294147113768831,9.178992669390908,7.640951394857841,2.855998412611471,3.084942399621409,3.1441275674904285,2.4444818358759908,6.105307655979202,3.6721447958041686,2.722833086479114,1.4734007022980424,1.6541786444896165,1.9302601918471676,1.82499302206973
2.2784507522810036,2.6705484530154515,2.0700831398070183,1.3081631545863894,5.882418296393165,1.549745285133649,1.7931334253025066,6.670699173720847,8.57647975623514,9.138815322647405,9.614776949951336,3.24987412390969,3.3076194471146074,3.643668315284064,5.697435987771389,6.019481790929846,2.8663258154588864,2.967776554332342,2.0707365824731476,2.5869324668944955,2.0245237815027317,1.7758206343796563
1.6411788122813955,1.3636423542493723,1.8648266491160266,2.373581122013435,3.5627155873712,2.7627906379431852,4.6537970177804295,7.88453416832093,8.89344174282712,9.873382013272542,10.331221746454137,3.457656151124112,3.143931789644764,7.721365129188516,3.780526663523146,3.41723706287632,2.7041343463894267,4.362933121134054,3.2809923088174653,3.1254559352164133,2.723459026550337,1.622015053188138
6.867284148218517,2.330148491056297,2.3481929675402955,2.489786023874389,2.526440069748823,5.322713816882991,8.258816859695411,8.539480407855779,8.920314639323477,10.109941207043894,10.495915897215127,4.8713688778253745,3.1424588881004922,3.004226020850314,3.8132696931572405,3.245455299264937,2.962667548157746,3.968084239516868,2.5542038959811473,2.4367225769688208,1.901248197107659,2.2097321548897786
7.059991524579763,7.327355922580269,4.201114283210516,4.39959389459403,8.865680033630026,8.558394749252058,8.622580077473284,8.993604902403192,9.39273045315719,10.446159484448831,10.963058044690975,8.72628287466888,3.28172708872181,2.7086635662843217,2.452667333537469,2.607400956671142,2.7544944156860103,2.8975882234254433,2.373237941644489,2.578605332715581,2.0343100843452655,-0.3185503169935309
6.91776827552979,5.969752570782961,7.161111171049461,8.523865100979462,7.602726247995452,8.19875156940492,8.695418073468243,8.653749030135009,8.909148256816591,10.402820551679946,8.889080339879387,8.010089362282919,3.323215868456942,2.576003084967268,2.5945574266992586,2.827744826558916,2.929478106446885,2.4915080991237533,2.4219627445592975,2.2695883126990264,2.514508917530103,0.5937849466457188
6.843028967603151,6.201513715015492,6.750618628103661,8.223026457482508,7.840549862431884,8.570820316068662,8.463621988717337,8.98897227268133,5.399733104076148,6.987713558856938,6.4435237290654985,6.899890416630767,2.751131527402865,1.9474118074026279,2.2917579781710065,2.631420231464258,2.609081184719542,2.518810671072899,2.8474248837655782,2.7284811693960496,2.743676368198696,2.333673743250092
6.377605537489854,6.240275691723271,6.888043669655441,8.115921208321137,8.499022887990218,8.909552839234216,8.8415494530334,6.115578911583404,4.0658022996092305,5.174165484796063,4.748495575482218,6.955243329110864,5.789254744760512,1.7382335732519625,2.366074465510988,2.5651646913107116,2.697503141053581,2.4785551420489145,2.489281873650459,2.8578468710634564,3.0726596272813445,-0.014352507069710812
5.8393251627117015,6.235154414459166,7.040706507419252,8.093172104567811,8.77287530453301,3.6286435120384506,7.508407691103001,5.754163969149388,4.861213311742478,8.318038445087794,9.00499829035456,6.114490390035285,5.702741381219856,1.7011852945837425,2.234879763762276,2.5154774258293315,3.572713858137701,2.684376958573869,2.56155063662863,3.0621319926886463,3.794955626973616,5.330346029978545
5.399900764077758,5.986596478590937,7.069091361299739,8.255917709485976,8.760140466350661,6.749903357031594,5.306600771884212,4.9425603057441565,6.055218633618031,8.853978915661095,7.9249847360162144,8.496798391687394,6.35666545367974,6.6071559108833515,1.8090596591230208,2.703874562501778,2.6391431997170542,3.009604670266893,2.9166588876695685,2.9870886600872675,3.565819551376206,5.931570899801215
5.852922241837328,6.383246360808815,7.131570503149668,8.582289435844793,9.330232890382195,4.99763707923443,4.189471262184427,5.0303350585593165,5.5601023887990895,6.049353946880863,6.66142458795064,5.798269424487435,8.540971805079439,7.35157019173797,2.9070220268541176,1.9238467280173608,2.2378954755662384,2.6190910588566476,2.704512563806523,2.690534451564731,3.71849478503581,7.114834573953583
6.096695391654171,6.731684866213418,7.304015763280692,8.681468935110324,9.291060356518917,4.273049263422736,5.182838656454857,5.42204395193887,5.847388844318275,5.241774017189016,5.512301952261144,6.157706691959685,7.67776335329755,5.879153617897021,1.9115025289292435,2.310110602195177,2.8766981087053693,3.2061044929722353,2.694032011549402,2.6934468611144955,4.070144120780671,8.541146302123872
5.989017723573913,6.58263144836589,7.392199655166553,8.427439148260106,8.990486745328635,5.314724631601549,4.29892785336719,4.435837899313318,6.432873337445452,7.292963456525383,5.258215566994622,6.392433075319977,3.704088196896445,3.132886246674574,2.7297256041057514,2.574105096999164,2.9685574093439095,4.694937686227555,1.4525511333007926,4.642810607149419,7.07750398833597,9.2262331757398
5.072856759274647,6.045664610769839,6.6339365356465825,7.57157816417584,7.782247058506102,4.498698951678977,4.412404902202858,4.202585992494158,6.177701331261097,6.435666079945146,5.484528222839455,5.037819892657744,3.9269259495986493,3.916885648150129,2.7250597710638806,4.029641185665757,3.1616134705730996,3.7959542219569484,3.9895738483155303,6.512506673647308,8.045376398979826,8.613313782535874
4.607847973393939,4.788906323753941,5.061149451568553,6.354394092341836,7.377137130804677,4.523564861458263,4.852927652261022,4.96889141609327,4.422759870255444,6.67314266678499,1.5458304514026324,3.835196158313455,3.124104424685578,3.667564261639908,3.371026488067264,3.839582132061478,3.666153043976471,5.329291840500027,6.7711651973349625,8.149063484244403,4.99312605892748,7.215858720063732
4.101117527019079,4.438225765095193,4.665459520371235,5.28982596341407,6.4933264444371,5.8954434176572095,4.088871513859804,4.8371111828461615,4.302776996744514,4.981189337824156,1.9825943971165285,2.39866987608761,3.374011264982417,3.1163268151679016,2.6641317607289188,4.681176339811185,4.924029493697183,5.829135018370829,6.663218677323706,4.028556222952926,7.405053425367024,8.251653475196605
3.0877302160858906,3.2539703560658633,4.401223625493941,5.61356724986898,5.3894630634545715,5.088874866257608,3.89306098722006,4.0304574556561175,0.14989975189561688,2.6881754616792346,2.748116074187904,4.404629945880137,3.529315253046987,2.8839320720146775,4.429930633409155,4.4823531734276525,5.888645524630233,3.9279244193292855,3.9579083309960357,4.979299973710889,6.306964003508817,6.830400866595312
3.4088946029091636,3.1535207915479684,4.1644717773382105,4.751249169680028,4.396863360852533,3.8512604501796974,2.692070127121114,4.056570404380787,0.7432944626481002,0.8914626283058906,2.1638921258843236,3.862622161385553,3.9695727309925175,2.1230765074153077,5.174208587290737,4.968446760076046,1.7846889769592778,2.679598510101771,3.508553219052842,4.5511155177138445,5.0210367634033615,5.700387773071391
3.2332703654256716,2.9842177164793604,4.117664625501114,4.2156604281718755,3.527831227281856,4.3169384947682685,3.333786276493172,3.35137124556502,-1.5697165061856297,-1.285981681631533,1.41039876488287,2.088933380690048,4.07378502595052,4.888936389791582,2.658640652413573,3.014903617088615,-0.24123830452123451,1.1811749358358654,2.888064025540443,3.735918078455074,4.314765956600404,3.5331527273692758
3.0136022589764755,3.3110336314819007,4.382821993555025,4.1761197860839845,3.6718907361411106,3.484797711115348,3.5547633161096908,3.5123974978961074,1.9509318790758092,0.18985844445491795,1.0103771780322641,0.8254056802177929,2.5854736963956104,2.8812158590900676,1.5586955026316973,-2.437603053827748,-1.4480090406343678,-0.30976369224305383,2.4753494410575634,2.842011208780392,2.7415504790345593,1.9962268911341898
2.655527357096494,3.655455699282589,4.441198476078051,3.730474265336968,3.907508589148153,3.7557550619954823,2.8425872879630907,3.779749684954042,2.424228096240219,1.615052249916014,-1.2313876571817475,0.38592919825743927,1.3911489244642612,1.62431180293779,1.3602467007891155,1.3386776664169848,-1.8506558624303513,-1.0190761476557562,1.1421253930926374,1.3294468854863544,1.2970877055463983,1.3398000685674256
2.62546416372165,3.5459520797518813,3.6497156466133327,4.634994325024484,2.211537320386136,3.403223880105141,1.8770428828565013,3.149002144345223,2.5274298747779267,2.364596713056674,2.197748495524624,0.7687899970227317,1.3440644876224377,1.161835763993549,0.7056363423754497,0.7422280265001171,-2.047110154926491,1.1264979856164425,0.18675164207084788,0.9073373537305238,1.9706038279241083,1.104495987580664
1.9144653482842444,3.7158065678819563,1.3899113559160021,2.162511196714874,-1.0255199867173566,1.4281631323435957,2.1721553667866105,1.618681887022791,2.997674256029157,2.3325969688360497,1.3793607051836476,1.3975747452842735,1.2509791041344176,0.945268478330718,0.29870281461356674,0.07810603928005666,0.2136770777502418,0.12346478783594622,0.38282034201350484,0.6752625418345469,1.2611213030519026,0.6973068290734441
1.8934154521092856,2.029610389910592,0.5127179928958896,1.5349103092580294,1.1532580683315738,1.6753491358593178,2.066312589496013,2.3896768197736202,2.251535251617652,1.797611654293638,0.6964748687202371,0.7067769176896388,1.3867130078161272,-0.5655888252529933,0.8683949015227483,-0.17868689692512887,-0.1519756719978128,-0.207504285208203,-0.08831470788993462,0.30990771084323315,0.5906704286005776,0.5546177417214674
