script/wind250m.json
{"header": {"parameterCategory": 2, "parameterNumber": 2, "lo1": 6.000198445256149, "la1": 58.999992894266676, "dx": 0.5, "dy": 0.25, "nx": 22, "ny": 24, "refTime": "2024-02-18T23:00:00.000Z"}, "data":
[rows 0 to 23 of 24, columns 0 to 21 of 22]
7.2533042961966885,7.122942852891127,-1.9835482552689916,0.44417834380246807,4.780012510274275,7.907871202494052,5.1760566775089885,-2.5098994618941877,0.3125158915922773,6.567780552884638,-1.2574143849638295,1.4495725305103815,-2.4778798726760636,-6.085357634683223,-3.225413678814153,7.415896158892792,0.007867659357196806,-3.8908727056261023,-1.1418874859380643,2.4161047524723114,5.955267655682273,-2.176263475305395
-4.1238624075932355,-2.5337702299923093,-0.7572489199529758,-2.6176304607792784,9.304263466141894,-0.5462670891892845,7.137908186024995,0.8904934936312818,4.78264285542899,-1.7816741428603398,2.7061632748183153,8.808397929722435,3.66335155070825,-2.9870435054007656,-3.0125173920978745,5.182969532001756,2.066658867923802,6.956686395166071,5.253191762762347,8.059082813222291,7.770089563927586,-0.9182149355092517
7.406633299044079,1.4506414515300623,-0.1441812377546476,4.385452636146971,7.391226181165264,-6.465547124637319,-5.765850025566284,4.979822036242059,7.615360514664784,8.11361823314923,9.205444092325196,-2.6435116659009497,-0.09522944691082794,-0.28481169748818636,7.527304856359098,-1.4898104738465432,8.034514762057183,3.58857077484241,-2.484779462899469,7.02410565542084,-2.0260014377984117,6.506709067986278
1.1633773579509115,-0.24111979454134871,3.5592004628726652,3.881292243783888,8.370917293917572,1.9941522313779805,0.7142367053264319,0.7558084694893944,1.0065680248453777,7.752156105982931,3.0787033093886547,-1.9491705038177731,-4.09071751972519,-0.24230402515435093,-0.6659565969371791,7.0849466933529985,-1.0210420524922679,0.985682392412739,8.842315089850512,7.4247721758189185,0.4770366315694887,-1.5581264967127533
4.7736562549988975,5.027752290734908,-4.764852408738942,6.109187172120693,-1.670811331839387,-1.3358522725177973,7.128360977613108,-0.9439172173980372,-0.402267876375086,4.2226186499078375,6.132599031006128,1.565490143962604,0.6464244951624757,-3.562290592628418,-1.156508583592901,2.5423705393296827,5.380368532952857,-2.9839838475643994,4.59846922838329,-0.9019445185566086,8.133266832766445,-0.046561679024714954
4.876561458002898,5.335513927727385,-4.33019794413848,5.852647304597387,4.585176176741863,6.717863663967358,0.9190953804948941,-0.5420850439044856,0.20483944833485895,8.876924168138643,8.036219953780824,3.1221953381169025,1.781099185640474,-4.272834498891546,1.336971365298229,-3.4940660233978127,-5.2134528406005565,6.215236036920083,4.214927356227837,-0.8873930930056841,5.738357477854894,-1.6598420387932948
2.6606866009674954,3.735604865672166,0.8263552564071344,-0.8706322558757953,1.17491231915339,-1.1560192610198523,8.084635247822389,-1.773041374161945,-3.4569122986327794,-2.9948332966979248,-1.1386802391191202,2.0766073133952436,7.4507819649968745,0.14144529037754464,1.8124846618597072,-0.467214648187983,-0.23138334305792516,-4.076623373552769,-0.14813335388820933,1.5573591293721536,6.188397793224035,1.910216990552363
-0.20979102603828184,-5.297034957524431,2.9672190046423204,5.907386182859636,5.464338515658513,4.719143442093963,-2.006012652412286,-0.3695047121829222,-0.5898061703102372,5.063075819919491,3.6720822354675846,0.3215131293774016,7.0566681510378695,1.0825974296268908,8.701620498365907,-0.2026524534137634,5.450476974234882,6.68358578993424,-4.686525322196116,-0.14422146130780536,0.22924222450321088,8.714654579476386
1.0318257652908407,5.296895655241227,5.945472223018843,3.8046500117586572,-0.45307663136253024,-4.475167511935304,7.985784100487602,1.3552695069023064,7.920995867914081,8.203036927874914,5.109480245277607,4.763886609258293,6.610062638548078,6.570197298026878,7.415419319790393,0.010756188571032083,-0.9424850032500101,4.237655925503712,-4.0127602655975885,6.339313185953622,6.717906273377747,7.610353351081344
-0.2738180846632666,6.08974174655745,-3.1517303446553764,0.941689326162446,-0.2266538683408885,3.755592656619268,3.1472462721075547,-3.69044553191311,-2.3588277867199445,-6.187434273686247,-1.9043440235969145,8.094710913454893,-0.2622124891052993,-0.6757932901996222,5.856949703646385,2.1168629915519945,5.765431971196854,0.6472678953596074,-2.443663950120973,-2.373685708926562,6.211524317763502,9.240885963648855
0.5260759494454506,-2.413622382688459,3.2005382355396987,-4.360091884266304,-4.993045359013553,5.16533033435695,-1.470690920050377,1.9072852296454545,-2.2536217902925655,-1.5274961385586259,6.791664739335811,-2.635115506168316,0.7806016308644668,-2.0944194129844225,3.5121421772921058,0.17176058043412112,6.213950201831923,-0.9663242294151475,2.370339072199609,1.41591720323313,2.928752500140366,4.386066201828296
-0.8139305395608344,3.203065397249142,-0.2777741323666813,4.0602748332050105,-3.757408627814884,5.218707364683022,-1.6677945004418415,-5.865217380933125,-0.33937325960616016,4.757951974178844,-1.9901894887593443,-5.054763577906528,0.3224001303383189,1.4829629521544239,5.785785269050545,-2.8453104737707036,0.9825820112847246,4.48435100529572,-3.2800160054666394,8.750599742691067,-0.1545666857193377,-0.11330105724861338
-1.6313983133165157,-0.9032352804959051,-1.7146240020236545,-4.170936801402069,-2.121223508667696,0.42765122815944595,-2.817200485591448,-0.9392214906446724,6.4486460695143695,-0.1027544144442756,-3.3403922426731847,6.255314133050398,6.2521968198991615,7.502081303050214,8.400332816885559,6.591394642833989,6.603458737884547,2.0622404034260495,8.106255575016148,7.324415201499025,-4.898523969446743,5.088871377397832
7.414148416062859,-0.4247995113429304,4.897834512972228,-0.8194127427526602,6.951247026519611,-0.8295436312435356,7.227689211562628,1.325531823144236,6.575049194685086,-3.9130717653125444,-1.6642938852830693,-1.3544358156450649,2.3947228068590527,1.495653344556573,5.889582801011804,-2.561481672486569,-2.441801354895368,1.0306624442996593,5.525990287158579,6.33776145873591,-2.4449431538073205,-2.863647537063219
-2.497224946403169,-5.124223702640085,-1.474687512106512,-2.9629116200330077,1.5622586257791513,1.2906732694597403,1.6837666943991438,4.489723481223437,0.21321155306504896,-3.8221030981371866,7.151038659937419,-1.4368926869639758,8.203326588764979,8.981787009447892,-1.7318309505433314,-5.50566035784271,0.3398662032037972,-2.743080930811867,-2.1268720502859924,7.841053401603786,5.485728859881048,-6.221245991823724
6.18935162966614,7.027714420795469,0.5191677708660505,-3.8282325327681677,2.7536082911323523,-1.191378894911389,10.14967010449616,4.62816360524104,-1.7598514141730996,-0.7583423067970311,6.010951382760721,5.350318720853093,0.540945034173069,9.544175559284069,-0.7632069187601873,-1.783306441762292,-0.3017503741937901,6.985379361380202,-1.2831499721188029,7.397628553283155,6.6189487607218584,-5.030798954345784
0.5970451216982218,1.8112015717833707,-0.3354721068735104,7.05812763778177,-5.1158708122072625,0.9813030735604967,6.090308824440283,5.279363218023394,6.801185644346021,-3.672172048986655,-0.3731171251374657,1.8632393714276652,-0.10380734996315372,-5.949043076995692,-2.3230512499269067,-4.319321829353487,-3.449284935676715,-0.08787030422388534,-0.4428810745758954,-3.930755695824429,-5.033662955570017,-0.6510414373898898
6.552107407104352,2.9811788504171597,-4.153632282440194,2.4600962721255204,1.5382801982927088,-2.3582525446755906,6.490431559067129,6.449388745177891,-1.0357325999906437,-0.08836603319937965,2.7239881986914343,-0.10016988693104442,7.581601575003026,1.0717574518696655,4.897163833000149,0.05619677749456272,6.790821992935056,2.769180993426517,-1.9170095387273567,8.443036848304393,-3.7475932978918234,-2.4241173212182847
0.24902918663052714,7.149115313154956,-3.314660243101762,1.7002253257179476,5.423274162969969,8.633580418004417,6.387159859616921,1.3589810464839107,7.413398738610508,7.231098879445781,8.369764431414461,1.9531640059179718,-1.1467250390280566,5.286030635211876,6.752345323583711,3.091850463190303,-2.4221244703122657,2.613222102937187,-0.7411639718339642,-2.0547198380369225,0.8935142887807338,-1.2011903306058027
7.0860709815643546,8.060623909159931,5.807399609917622,6.526850668415741,5.81443112928042,7.59771504702432,2.6257992649277364,7.074022995447393,-1.1281709605804413,-3.307466965573419,1.4635042892073644,0.6537399855024695,1.505552497186752,6.55449908286815,5.039043721156956,1.9756773310998752,3.893532358403437,4.625983847364945,-2.383490642026438,7.354288844674695,7.392015383649594,0.2629724258948056
4.847187480964504,4.993491713694062,-2.5011060379754184,-3.220574469318416,-3.1231214194179424,4.967389932702125,5.1712492531408785,1.6361829265167325,-2.519926931859446,7.886299144905221,4.031147651058387,-1.2387910609077764,8.298438598154009,-1.6673397235310294,2.367063080725717,-1.4238959360389194,3.7218330845088947,-3.733212705235516,9.209373626143085,2.7867309209046756,-2.9171227271597395,-0.7937722882577011
6.041399783414052,-3.290793789186096,6.646040969702433,-5.490654491059132,-0.47244815212599955,4.324638809843326,-0.9782817589710452,0.9102088464901589,-0.7665255517311184,3.127669920084226,0.8131400824628917,5.391993605126264,-4.445706588920814,1.5205122701864642,6.096202020131285,5.558940224031422,-3.9512233965200565,3.640938209904778,1.15534353597105,5.469214100403749,-2.6354640171335926,-3.4509719188389343
4.845953012462336,3.8004702183647714,4.59405812971724,-0.6422132698392256,7.721240909249171,7.05571446715057,-2.216281848411565,4.764843586986046,-4.876437310534854,6.306757951413486,-6.766793310637299,4.497397390292753,-1.248583426071484,-2.6242433376745415,7.845816316460457,4.86322693959744,5.845516481364623,5.480794543592497,6.426457246316577,0.7777033192077247,-0.3208429137480377,-0.8709236546150455
4.612370935760464,7.4074882134671585,-4.198448909996195,-0.492732083188774,6.4522129985733025,7.83460127847392,0.2977762935514434,6.374757425935211,3.3830382592391475,-4.000290541741149,1.0029620368393874,-0.10709016171256085,-1.240835056074111,-0.9507854158559537,4.473133053347143,2.5224880165444734,3.5546675408563058,1.3683968394063049,5.943037977252824,-1.7661117932334838,7.16791173327392,-3.6570594440069226
