script/wind250m.json
{"header": {"parameterCategory": 2, "parameterNumber": 2, "lo1": 3.000054539987559, "la1": 64.9999836372058, "dx": 0.5, "dy": 0.25, "nx": 34, "ny": 52, "refTime": "2025-11-20T10:00:00.000Z"}, "data":
[rows 0 to 23 of 52, columns 0 to 33 of 34]
-2.2735245467114193,-4.38858609156069,-2.0156272029444025,-4.561540604878954,0.6154279900861243,-6.3658809788175255,-1.3910733539486384,-4.424133585201315,-3.996311070214766,2.7469866322405694,3.580852226016055,-1.0277565204732706,-0.5483527958424859,1.0732529638451005,-2.1712908831285973,-0.8888544659950155,-0.13772648034174004,-3.004762867714578,-1.8413316921593748,0.5776711071306778,-0.9968234535051241,-0.2019028867818773,-1.2571602483775939,-0.444176902203872,-0.7261167522810511,-0.8569131205070978,-1.0180310923435616,-1.850337628316693,-2.530849863485596,-1.1699628567661575,-1.0665110293802622,-1.1415029415828808,-0.9703568084085299,-1.4207978303502815
-3.54037169202162,-4.12836090021806,-2.221226607331494,-2.542089181458094,-2.911035036376752,-1.247175746137812,-1.1118717250333503,-0.7592757138059337,2.355798803090655,-0.9757445466082904,2.1166621182318064,3.3857342092794926,3.2980215845292395,0.2913419213746147,-1.5165198727001459,1.4711210583496441,-1.9008555364482755,-2.651097468086219,1.2289243332936324,0.41182855983532607,-1.3197311194681232,-0.7805445989957623,-0.6014184457445172,-0.31258358890212967,-1.0239018704301803,-1.2974307495479256,-0.3524098118614354,-1.5009183058686295,-3.4877114401507683,-2.8880607134824827,-1.4167183717617977,-1.4520566110072732,-1.9271596475089492,-2.23002670922223
-2.8982574738331603,-3.865350912562039,-1.8650912997166558,-1.860595247057236,-2.871735649131843,-2.1514483323168947,-0.22570013925560925,-1.3609819477603091,-0.4991124551402055,1.3372335029067244,2.0838057519995075,4.186778667310947,3.0511124715063187,5.81877999579188,4.604675153687833,4.048673244610647,4.787036460550606,-0.3170866473301761,-2.0928489281511538,-0.6690062612396308,0.5466836493666556,0.21177745649812293,-0.325346882837069,-0.5734321808929989,-0.8481986364941204,-2.6280663263509636,-2.983735269517172,-1.9479508604406104,-2.9327119785736704,-2.357118715001772,-3.325551016482761,-2.5893866983879916,-2.032834480923347,-4.875212139271159
-0.2509483335942702,-2.2926274080896594,-2.836659818982225,-1.6142821822872353,-3.795111575660199,-1.8815865401209346,1.606903435911523,2.0600459262851905,0.9892611326307317,0.6592128644241483,2.234099204244139,3.7320954744126036,5.3549511132166145,1.1134021814271946,4.3476192930784485,5.854094184626818,3.770622282865405,3.337302470164342,2.7943409977594236,0.07936304054623272,1.5460832193767593,0.994409391000914,0.3163440105398318,-0.30285119034129443,-1.045370893275844,-1.2525139471970719,-2.701569421232032,-2.24193941317398,-2.4632998824826218,-3.016882724282579,-5.185823018608174,-3.4805554643147745,-4.977257370728497,-6.461599163923404
1.1439761975125762,0.23210975880860307,-0.7345814515052935,-1.3001354097983902,-0.9966041355571206,-1.2104093945514136,0.5875298816579506,3.03588789241386,1.4220829099508303,2.02750147740982,2.610954628154683,3.9984363037658297,6.149143481413727,7.291943059692796,3.1672854592425184,2.569915746382732,4.6566590530577745,2.538426435023988,3.509338287709378,4.445681418339919,2.0432447838709558,0.9917826313484941,0.8348069377841313,-0.7345314486982631,-1.2219318573353783,-1.0958336172034022,-2.058363289308967,-2.5261764361537025,-2.9029776910598226,-3.7837256905944714,-2.785757125911461,-5.594741057813471,-5.647153297344644,-7.827348788908489
1.9330141476933551,-0.13078940013028997,0.4669764429105214,-3.283388892330962,-1.3643648256723027,1.53566306812136,1.1535337847469351,-0.46357679334710933,0.5271441614018566,0.5750522071419759,1.7799626988687167,2.1941156026043696,6.727356477733912,5.930071937892135,4.968340751569551,5.965680825075358,2.964451983219876,5.0195654408319035,5.0044180817929265,1.92559399237681,0.5132041437880996,0.8289029674251762,-0.503235171076463,-1.921780428118933,-2.172112502355691,-1.5226821128942523,-1.4302698046936164,-1.8022379592535103,-3.8149319951116967,-3.9467415739069307,-7.112066130631437,-5.2049206438549165,-4.185168130381965,-7.120125175695104
-1.1072516540266955,-1.979929320183547,-0.34685097711668944,-1.5644462637979173,0.348117836989911,0.705096625109074,-1.2982997140605061,3.0964534131372496,2.4771453791247033,3.928242186728597,2.2672076161320973,6.728908489792268,9.488099298757328,10.449979029551008,6.627683611740006,6.976438197588952,4.195351115145103,4.079943267301281,4.757210050141415,2.425414409377701,2.150201863047091,0.8803755410823113,-0.6124049671343144,-0.6442005842500657,-1.540901308449808,-1.3250247375914315,-0.5104249709974461,-0.20655306094220796,-2.375824993554206,-5.023936225870572,-3.006795565484822,-5.597301409484038,-7.287644227511051,-5.723871071310621
-1.7358938775669468,-1.4159611544013277,1.2790366352161442,-2.2567355705913643,-0.8025300461618468,-2.639228087863463,1.6177484588392865,0.10156680210308616,2.240779200828911,4.9113934911041115,6.348911643771797,2.1896284768292626,5.918542327719293,9.41191345372893,9.441334628823762,7.29600351524265,1.900864814625588,4.661905425154471,3.2442664109111035,4.3118484094852185,3.0422765799386857,1.1698545037965937,0.9735134604849861,0.45453322142794805,-1.1444605253697397,-0.7340403167037898,-2.350102631181673,-2.445781955128413,-1.2688957040148532,-2.629030494149481,-7.054524838042218,-2.6701910086058938,-5.735597524509061,-6.339810558658865
-0.9553878031598692,-0.0868093630893085,0.8805276361551878,-3.7347716366478036,-1.7365846069164652,-3.7899415795057787,0.1940083042406858,1.9769134992416717,3.0962775639042452,2.777298464785913,1.2572808794838184,2.5287288995235477,6.186804071060568,8.088399544976907,7.2249960646192175,3.584293748141971,4.540596867728701,4.135031588019859,1.4216726237952173,3.7525901455051813,2.667805038419493,0.878974784157315,3.235187990535971,1.2896881087536713,-0.7128202029274657,-1.265926750405344,0.203342061380155,0.15079027712210005,0.4234851669812857,0.6902052715596727,-4.050385690205564,-2.7548004297742104,-6.218378350469755,-8.2642938222998
0.12092259618182062,0.7706172421529616,0.8118419060762392,-1.7695574805551435,-1.4098668830005403,-3.0738235185362037,1.8854093246037475,1.5753652424054312,-0.7696029307373273,1.6310432521791878,0.4031725785760516,1.1713780128871332,3.230703064612993,2.6180851858727325,3.9496218375777405,2.8833460359993603,4.207887870307987,4.1009817003815545,3.0736353435939296,1.9666715413332514,0.5121345798579622,0.6455866071420284,0.646728136579415,1.2541621839870032,0.854016088040191,-1.7506939263088155,0.22608839697666525,-3.930733592087795,-3.5476373892067197,-3.8491121007919884,1.6272101866370596,-3.3874644215865706,-7.6297991791602255,-9.734126043623773
-2.6592376677568264,-0.723198572397116,-1.3547953504081878,-1.5976953133737137,-3.5647586794258603,-2.2931625403588978,-0.725353284572632,-1.1904670435179325,-1.1100895960371187,1.038451793719664,0.5072831510760187,1.4104769252560119,1.6878864809102156,2.106910498192541,3.24828804909431,3.7990644889124603,2.4347900717121123,2.8661343750113857,-0.3736674231236508,2.1690186185226,-0.14858017174328197,0.145707459651702,-1.375229264714358,1.8702211788528922,0.3204103678275569,1.3137688495684086,2.2635231606670096,-3.458198106916139,0.8662666443448944,-3.195029485544617,-2.978140985444944,-5.7813987519096495,-7.332522591609548,-8.889906002880213
-1.622394541136023,-2.1552326058535725,1.8786533206458733,-1.1507996237969416,-0.0016334367693267187,-1.4931938612414934,-0.20690695064235626,-0.7430407485875605,-1.2511341421204922,-0.06525908265422461,2.6290331769416837,0.6584579135480352,0.21548328446586895,1.6013713809817811,1.7218819187697587,2.9894757663225393,2.080496246630763,0.9964744466444515,1.1784917757897964,-0.2940677711705307,-1.0349638307308442,-0.4794968246435528,0.8910622480633439,0.7006617811303476,0.2631474104621945,0.3459534980632193,-0.42234613115971437,-1.0598670316420822,3.6626018145869463,3.414590803059873,-0.7925898375290292,-6.3883487988455805,-7.707651187168225,-6.554048200217818
-5.200412017323561,2.5223386439799396,0.48719213459167704,2.18688038659399,1.8723855804510001,-1.593700833203644,-0.18339472493452103,-1.0694359605040877,-0.5568026259449622,2.3213436721271004,0.8354840830141708,-0.6884046905329447,2.559496973496001,-2.156794703685998,2.631675488421832,1.716473275762723,1.6716276497245108,0.9036739639895008,0.3527356336889787,-1.7262893187198742,-1.5228623489997635,0.49161255437360796,0.34807730143904614,0.6385275990255067,-0.46417649487706525,2.259294704848955,1.3160512348480347,-1.8531111309015396,2.312655848721079,1.4921578820125723,0.38301885451174994,-5.994813760298422,-6.920010838205385,-5.7237459666347394
2.204328320908541,-0.3926518282650672,0.45661348122483547,-0.825571411832573,-3.6177117704801858,-2.4447531536824556,-3.449728448690587,-0.8586911137963634,1.1092726390330647,0.01156201128712358,0.8032032329736598,2.2973630270721634,3.361536541342046,4.5239187333860125,-3.558351732169407,3.740203379013174,0.6763569454430639,-2.315699114848974,-2.3798766369964315,-1.462213088297035,1.2635708853271472,-2.6408143701643043,0.0121110980881443,0.8610203486376344,0.8140725453288272,2.0159297091311403,3.6453362924106822,3.719544626766253,4.000648026292894,2.4069762671310717,-1.0095462579241834,-5.572066582635675,-5.410519858868702,-4.621916968145786
-0.5573110583235502,-0.6414401301292343,-1.0704110486633085,-2.884710141475951,-2.9670860226049283,-4.332266708185468,-3.5316629539984126,0.6375013479032896,1.595298752186133,-1.524391940817304,0.9078034182450959,0.4262769470761567,1.1503068760550954,1.0275499030527522,2.768573447696342,-2.370513876515406,1.730822477495328,-1.4164843507638074,-1.6644176658389267,-1.6539351055025782,0.49472724217324865,-0.7842053498987231,-1.064561733006703,0.1578477324640477,1.111830085951912,1.6813460319519336,1.6824102325498815,2.8755065115610248,3.0081292048604333,2.6211618331908517,-1.4980495361490496,-3.8476334161762797,-3.5202482955879653,-2.5784405236578913
-4.523562869173141,-2.996394672700157,-3.1481325059892926,-2.8080934029267444,-2.8508067646249597,-4.504707116310551,-3.194693373734412,0.363434259170964,-0.5431459639505366,-0.12142973718940869,1.1466383723866398,1.0685160479854108,-0.15043674166960835,0.9514366274722341,2.818061289708966,-1.8335811173840508,-1.3405456607119972,-0.43982217095795806,-1.2636556205529124,-1.5038355166784954,-2.4060434259033103,-0.3050817921395658,0.6386775169002069,0.11749597568713922,-0.4146574687252177,1.7812848891950943,3.1472056210132338,5.731965399998185,3.6752310230924965,3.9812443439780565,2.391517613088105,-2.018801851101527,-0.43205458514276823,0.3583398396446833
-4.834721636885849,-3.8317785507139797,-3.3004276629087745,-2.751219123959796,-1.9403816066868924,-3.2785316671009226,-3.7901656818743525,-1.2460717743713783,0.29799402709689543,-0.6523986969553692,1.3024867517908467,-0.09306749303855484,2.2217492427185843,1.1716409944891553,1.4583271709318253,3.477306964165987,-2.389867721983412,-0.07320578882301688,-2.0672648232130455,-1.3256896413813593,-1.3381129756350978,-0.5327610851765084,-0.3705364578663491,0.8441316601958396,-0.6629362756439204,0.2327252250976326,0.9702142158799526,2.613615763849691,3.960208337667093,4.757001795081318,6.502208309453545,0.4046207233713369,0.192198915966082,1.5341785271515427
-2.999932191453788,-3.323397801384774,-3.1208419933712217,-2.177607286783339,-3.808848662229199,-2.4456610085386763,-3.720270244116359,-3.381294699245831,-4.9748300360481625,-2.1552972655694917,-0.6105652511952722,-1.0198843668550752,-0.06043761714072634,0.04981147583207533,-1.7053418966082752,-1.4648523425831357,1.992919487448612,-0.4053133744088717,-3.022989092658734,-3.098928830710943,-4.1920658221740394,-0.055755567576860274,-0.11375925856453264,-1.276208497963922,1.3013331131423633,0.19042364646768375,1.0640902052942744,2.203740609299743,2.9330967729599604,4.768879697665971,6.802953275258374,8.021674911232667,6.032606679966861,6.638709137285507
-3.8073281249431403,-3.1827286090736866,-2.9876159032216325,-2.621315953849382,-2.4250211127856347,-1.8902999898330766,-4.266227297267091,-1.7518718257376045,-0.8069728171570271,-2.5608707713671137,-0.8841024858416054,0.15518227658582337,-1.1010379599262015,-2.9381888136012835,3.1739027489017615,-2.7894518320928836,-0.25565664869899624,-2.245417319540937,0.46655600307115125,-1.8600507829004882,-0.8242787821648462,-3.4501228537059894,-0.917839191980112,-1.710265717476977,0.26059446148496335,2.1537552000923554,-0.8161195466710466,1.983824293160127,2.810211140283674,3.4365181655149883,6.147517187726488,8.249529697668619,7.9349839852476505,7.627316129681579
-4.054123475574334,-2.8740541829278814,-3.506328762040224,-2.881884107767864,-0.8478752509217606,0.10558219888095391,-2.356031944858231,-2.3080664091116363,-1.0876991627962955,-1.037789480290537,-1.5692382831358516,-1.6724626399650446,2.5811079714141374,-3.443802336257121,-0.7043978084094773,-2.516486273242865,-0.610188313353149,-2.427674744227885,0.7506167656973934,-0.8115709809760407,-1.8354984459755328,-1.736393020418418,-6.597371829129286,-1.105521181378414,0.19414362890531514,0.5067630217312248,2.7245054421083026,1.413647193724118,1.9926260169593664,2.8412074616377576,3.4953756536006275,5.077710215085619,7.732301157539843,6.561540191905185
-2.96378258597317,-3.067906934780121,-2.8534892107757055,-2.030768593963378,-0.5118880185151552,-0.9436375741470262,-0.24177549273592192,0.29624854470192497,-2.8790491969172227,-2.560821623352335,-3.206158623468096,-2.752901127451732,-3.5776952622376896,-0.3328347261772187,-0.6533430471799775,-2.5641208626574605,-1.731269838083289,-2.532159425152225,-2.0102889721918404,-3.4615068607869826,-2.366609177068191,-3.0880357307011828,-3.315926099244803,-1.9762202108188924,-1.2978174622332563,0.5892960583493587,1.4191491064421324,1.5038043949685256,1.5001532988973354,2.462236090322763,2.606998132559064,3.5615817567239665,4.882961939965312,6.6930740559842885
-2.289611390002095,-2.6566431131717234,-2.1452684188109665,-1.5282917613169897,-1.0014127472168637,-0.8087642703689943,0.25434746316352885,-2.6017462900341335,-3.3723917769362046,-0.6007688137180481,-2.064810452873792,-2.963540770179069,0.3465459515192995,-1.124458336323487,0.319827762316392,0.019869785599191888,-3.0292124914890692,-2.7762368618686497,-3.551511003169916,-2.9849666243272086,-3.9011179084632475,-4.127047231903396,-5.100158157520285,-2.047894371050358,-1.1304377228497533,-0.9358497965363775,-0.08967018058264255,0.0016947088512080399,0.24709334225930424,0.6877485549932207,0.8488237967418701,1.8971844076820406,2.8615802943936814,3.501680093436106
-1.7615292732017584,-2.419992205229061,-1.8392119576438601,-0.6142878470263065,-0.6138506206048463,-0.41237985342913847,-0.8886379791375816,-3.977379391379183,-4.751964155677954,-4.271534135095731,0.8217095983369259,-4.369264339861891,-0.24660233674666918,-4.057245979625559,-2.9978172997486237,-1.1393100869429256,-3.9676237236089236,-4.99933847418315,-2.5433010672474032,-2.7796381525506377,-2.5549502968739635,-3.390559490594848,-5.135220408060414,-3.7761853930549534,-0.24769313680804922,-1.1700788250667917,-1.2062334960384529,-0.8420387228076013,-0.6136286149895305,-1.0491193784710005,-0.5889669376746353,-0.11913593540679275,1.042031936328881,0.8075583346125355
-3.358578926603511,-2.621648781271674,-1.985019918443037,-1.2441378414123654,-0.8587209210774992,0.4196674039462867,-1.3993326000142747,-0.1054380228553839,-4.648419478277878,-0.9947173953799824,-0.9110392546494954,1.5824411551764193,-1.3815202924935979,-0.7633605626888521,-3.8982352792322468,-2.661654419033249,-3.1118017343417126,-4.94889890100028,-4.1015342400373775,-4.1860283497575494,-1.8803584577946137,-5.371286266750644,-5.112956359672095,-2.833395692135382,-3.0027436268234196,-1.4351987235093788,-1.9681669420560561,-1.275740224300291,-1.1684775119875979,-0.28476002029744646,-0.8817633289287308,-0.6759563909088658,-0.06858207109696683,0.17753647232551353
