script/wind100m.json
{"header": {"parameterCategory": 2, "parameterNumber": 2, "lo1": 6.000198445256149, "la1": 58.999992894266676, "dx": 0.5, "dy": 0.25, "nx": 22, "ny": 24, "refTime": "2024-04-10T10:00:00.000Z"}, "data":
[rows 0 to 23 of 24, columns 0 to 21 of 22]
13.60328765564741,8.79143009152525,11.150053628464764,8.24444536159185,9.305052745373217,12.285878362703192,13.473132536822728,10.22855079456153,7.5304827465091515,10.545268371436277,9.628150643229194,17.14937557508241,8.201463843861612,15.085896871494112,9.18780016999362,9.050101059929068,9.379931129056647,14.714943379311839,8.185369333506802,8.013411290675034,15.977656766580372,8.927989338545048
10.534827149769034,17.386050555420745,8.491163087846166,10.938347718783579,6.356695739843842,7.686865049310413,10.192831924185104,9.351364139272743,12.941346852091817,13.925888411542095,7.101632017443981,11.282752248798712,13.188208831246316,13.783418668288451,18.712870856571634,11.255315885673978,8.780411034074072,6.273205836563698,17.72697428234569,8.71593609242537,14.669503269191942,11.29014580579316
7.108148534970261,10.113257870769926,11.328012910432578,9.363696489963042,6.296473768521355,15.04573075268105,9.279792868485535,10.98545134298171,8.043388161036285,8.027357184769345,12.73159642901462,17.598789273239902,13.189036183467419,9.57936153872067,14.530940117186667,8.388677217990349,12.774484660332426,9.614230926043396,10.226332570276991,13.702158382501256,12.883462121830485,16.121971437399996
18.474398971303188,18.57860759198256,12.548182894263418,6.71810311796656,10.92716082507275,15.740731417145124,11.536295105263255,16.430364622918578,16.32603112236807,15.358193890495494,13.406677523624527,4.847566685848684,9.887703822799397,13.171069474310842,13.402838102649607,9.100647204674406,6.06489173239754,13.33248274782768,12.863994983232212,9.158624526030048,6.718029387470896,11.18590880554941
11.43824213872882,10.918282110945798,8.926686736179663,10.955456373834469,12.599317648316035,12.558368997125188,14.995355091679778,10.578734446081418,7.51101447927374,15.527983021679068,11.32239762901012,13.904599982238421,12.56379329378577,11.694804632279984,15.123467375101447,12.405198232382524,7.792488650836767,12.503182707275574,13.889821772576722,9.687455922449821,11.220030050664493,10.345011816309837
16.876718617982977,9.63558283159938,12.17080005725334,15.476275128132848,11.963628016570475,10.844398530141202,7.609407564829967,14.9263295233398,9.317901419829381,16.943696113827404,19.53719845794372,8.656461531464188,19.565743522526585,7.009299264159342,17.043312935011613,11.294157799103655,12.47955973087756,14.301996936412209,11.547401511642514,15.728030246052906,5.903657503740789,11.393135399673405
10.9438259842012,16.27162615175546,13.47539882554278,13.752938478730618,10.998396155114767,12.493200276292743,14.111864417290393,10.372402321857523,9.801658112718876,7.6030241988682405,16.826227198290542,7.107611596230145,7.083283370614947,8.668245587256374,15.393740563681488,14.481857337505751,9.095363106494561,8.208699520402222,12.399116945016006,16.920988908860206,14.555034551012232,13.81418263190133
19.249562334594124,11.134070383750496,10.39896061585442,11.125123182979992,5.4452877300550355,8.681050792599503,9.65534758212146,7.715480114440052,17.784821436850937,9.015121722462219,13.730561451310935,9.304827258474848,5.427353470772788,14.095124100486888,11.3295408231793,10.788452986192562,15.176545680357867,7.685209238174599,10.760720986409785,12.086348218681014,11.245228552107044,6.099782694423941
17.91863608380913,11.470759176209558,13.272994593622602,11.495378907978148,10.222596197617728,10.139605127525297,6.7009339663435075,8.215277959851466,7.88876386058326,11.510472466972558,16.196654283966694,8.525240589758356,12.69359358479516,11.160025561548517,14.67231858549836,8.818305587268236,17.807498593397664,8.114414985745364,17.139206072302887,15.095047813844705,6.913677077151089,9.460713047703207
7.5546424982010585,9.05520655080101,9.84759269844247,11.869324147995867,19.524154204385482,14.719921826954804,9.459615238368277,12.432485789820081,18.44712386459236,11.823659636923036,10.239295990187808,19.869132182970684,8.772249311717905,14.328082849689837,13.81780735838008,11.790625714290941,13.270897749354853,8.366806509795712,6.573701612064714,16.50568326507525,19.291940886141898,6.945494204690143
11.482156827145577,10.541602154582547,11.477460431064118,15.691340220161877,9.968135621265663,19.057842543519687,8.844915764430446,19.360028715231614,9.054339164423675,15.065341528113006,8.730351150893533,10.967770406433546,7.654005467204606,11.786050813364344,8.985446689448334,10.839794323758053,12.794701535275134,11.387238017025991,17.19635499890764,6.254480627815611,16.503900115943363,12.667712908486664
10.799883267158322,11.492439721510221,9.818618071213747,13.370035332190927,9.099418046743121,16.976324617705817,6.753283095476964,13.832228321991032,19.50189543286933,14.357253947325159,7.171744518646445,10.024856528669233,8.112440314965932,12.609926614398596,8.147381308219655,10.303410448858292,13.659418806843975,12.413385389235076,12.567073650222968,12.25088573739014,16.79907491370243,7.2286133111933975
15.898684849497961,10.691219301182475,10.736165589589227,10.00022617346176,8.286584190701245,16.00491753667232,9.430499320699429,7.2636985732383685,16.374834867126946,8.510749616064544,8.201804612684114,19.683356531544877,9.73399376749446,8.06508805210729,10.118027713403453,10.308492217367462,13.442876571742008,13.949530914422501,12.388435889014291,17.143221143423855,10.860688647973044,12.82971886666081
8.993034217015042,13.150659169710455,13.895846420067237,5.771374629495278,7.305269950202684,6.811300406469826,9.12219564316299,14.179286091292195,17.69802800417543,13.428752041482205,10.780324509456884,7.15622511663834,14.542713604969753,10.50179403669711,15.172481583443927,13.374563045576854,14.88687471230229,12.605379549199268,7.102278898675341,11.556425466044816,8.994113297042942,8.319717391400532
14.340766668692927,8.838052740672847,8.633861571069067,21.23138180383954,8.238619952562374,17.17800416324626,7.166877379101167,9.121672986689607,8.236449803046774,13.786001509397414,7.313259558163647,15.544368556133245,18.637334435684636,11.301761147258665,14.97586492827099,14.897869690637519,14.86061869376553,11.798217090133729,8.663928570286817,8.430147912086193,7.784755087412919,11.317205855783554
6.574256679248366,12.306124969160217,11.56135977035293,9.094200866955157,14.599257675038238,11.610645403123973,9.251665938336938,8.267152187846792,11.496737859764792,6.311711811818246,11.430659759089574,11.113021820657263,7.353494980615509,15.625748875860163,14.07302028014868,11.537831523637903,5.903817682013616,16.410677307199773,12.896699746636546,11.428525865897292,11.245263958105781,10.2423194970759
16.900714797578246,10.143375956818526,6.5202519445760725,8.99199973869861,14.735241699558449,11.504636665834523,9.13512854604097,9.870635367815142,8.895965275457712,10.685977633238418,8.168396406026517,19.70491107890476,7.893475817253137,9.950687797051,12.300128945132023,11.560502015156025,10.980433457444404,16.31551123986259,11.505777533732108,6.442859480467893,6.9219300295388795,10.867590602516717
11.021423332038273,9.975896618580913,9.672187075561565,10.385689899144026,8.8924995688367,16.44376250645039,6.718852431935146,11.593663535379,8.262708119189861,10.541241492077742,6.9202707911964225,7.587291633585263,16.428137041390087,14.370989395721875,14.38544694167629,14.419183772004184,7.1921377277602145,8.97657262522261,8.60851203347983,18.510580438048407,10.118265849647392,15.79136361704237
14.657429759070103,11.982007515546826,15.614180231090772,9.662226417670233,12.419094761951635,13.086278609555851,12.719730558113634,9.638319134480064,15.30325046532212,14.90684647887126,13.566301312634309,11.145803485194357,9.609699716600412,6.5873639972361655,6.607088168729922,13.598319498968964,10.353136842069517,12.36911384362777,8.245735661456342,10.284236099658031,7.293430735874936,11.48715493829093
17.756122297778337,14.019736817003333,16.08438058516382,9.557929144873677,17.468336142661876,12.259010688794605,10.500598711646452,5.691185754985351,16.83989656277312,14.351295235395568,14.400378946243496,19.5110411814073,8.702966968644095,10.062786952969955,9.313220570371556,13.591504771551104,13.072375331166235,7.515594811621477,12.710144999628325,5.4169236262835625,15.08355127528499,14.684721071056057
11.642288799106865,11.885084921209172,18.0663855811013,5.7117238740332,11.811028070742447,12.751066843161277,8.74013851184437,9.23275139823989,7.232302971644423,6.730090598561476,6.303484896155504,6.480286332235995,7.913997266423992,8.458242633103898,10.305599396929471,15.652436189457118,9.434502098695987,19.784961829349793,10.332222418772904,8.802709244297441,8.746092347292711,11.269205479645521
7.806247601659759,11.462455461501778,16.833970800244515,6.597696824624232,8.53531612818613,16.652192687542687,15.053041435669222,9.815035662827045,12.960978935184736,7.986179225186324,10.230740417459026,13.346249161717159,15.53236582701975,7.8147847397285375,15.90904640210378,9.665273098267763,11.750619709838254,8.651875257299631,5.7823712293146965,9.860575795278217,7.775633581389415,8.559207402086061
14.946928698663575,9.264414525719717,10.982679054070415,14.351992731547448,6.801388202258368,9.722050245758803,15.660059291139776,9.497403096860724,11.321510026039059,6.439103515315344,17.45302219495135,13.575006420832741,15.128497598452059,13.933260861782895,16.226303022975586,7.115834661535449,11.495328027623328,12.466464292232827,8.370893379877286,10.26616567825293,8.48243470472023,9.29664497878837
15.231507721725361,12.674620484669346,11.852004850040148,15.645097756144956,7.067915587025771,14.410054300888126,18.553396887633614,14.428143945261315,15.468773204283027,11.20734321610923,11.569996699999159,9.123763044303084,11.157997085896026,14.885806089440596,9.35218982447786,12.360204846877169,10.553542510555864,13.804742266247308,12.666834843411076,13.762890033759822,6.868735810923501,8.541903732421353
