script/wind250m.json
{"header": {"parameterCategory": 2, "parameterNumber": 3, "lo1": 3.000054539987559, "la1": 64.9999836372058, "dx": 0.5, "dy": 0.25, "nx": 34, "ny": 52, "refTime": "2026-01-18T13:00:00.000Z"}, "data":
[rows 25 to 49 of 52, columns 0 to 33 of 34]
11.935656600765354,12.745174273720226,12.780390333680515,13.045799178174681,12.932422885791889,7.3835193774765955,4.7699038529822175,1.3662923044837805,0.5713721865604751,-1.6498531095377642,-1.1635667821111046,-2.5877322124979196,-2.9550386095437555,0.7480723533837702,0.797091714690589,1.6064673946967158,3.1922393573484356,2.512151783125589,2.837874729322547,2.7717064924933834,2.9160374998153498,3.0471853723819113,5.317336586643095,5.4548281645277354,5.863716402288083,5.7725053120661745,6.601785845919597,7.102819048921679,7.780005810820454,7.695313820432425,7.478493410262523,6.321447701324366,5.547759286655958,5.783151079339961
11.127203270415597,11.445549328182512,12.050662773201271,11.830392162358622,10.816596711982712,9.754750603035662,4.523556114079616,1.888988165450548,-0.03330526627430229,-2.0837888392785175,-3.037267395470402,-1.770870578767187,-1.1593832859856192,-0.6826596827390289,0.5524614282020304,1.3013472081160629,3.0102743557060236,2.9535978481524587,2.4819043029433785,2.092617701674122,2.9761512668508843,3.383531924285342,4.34293353504756,3.901640396805863,4.097211760535666,4.5293823880374955,4.602658917457358,5.984639547688058,8.134921968619894,7.84919986870946,7.087250181379343,5.386746296795106,5.246485380250763,6.287605739528498
10.267411327292685,10.388254887321493,10.485282351444894,10.522394688750698,8.99362343717727,7.589919450067581,4.43954509261984,1.3312208407685293,1.5194141654894524,-0.468782126482987,-0.8413845944126193,-1.1990677402883312,0.001806893916881782,1.0933437805211275,1.9651203286587335,2.724384540448824,2.898897571719631,2.8941276647623404,2.2921141550046955,2.2492399305198667,3.4345538857816527,4.449221050926161,3.3971659790201447,3.1263906821173504,4.597428176167038,5.348650585863528,5.24295571025586,6.040315169310213,8.119049745611168,7.8496896156226885,6.665458634505021,4.512658441849393,5.419048834264332,6.185261775087488
9.654214984074319,9.499028517656715,9.401709454828817,8.887026930231135,8.068979961428267,6.627501909884392,7.539968477222616,3.5121898983244315,1.326519524288195,0.0916179667477873,-0.30522813077971306,0.18010352257875695,1.4728953831190834,2.133830653026361,2.8786800286141268,4.060042984879948,3.863819965068658,3.8815637748730296,3.680057752982472,3.8021841237254637,4.293304896894993,4.441383104727798,5.4008572209199395,4.855189632898869,5.166755364594134,4.475391138919876,4.860911248677824,5.341168124504511,7.363288113149035,7.821554263313874,6.157329232162892,4.499877785722602,5.890463516562819,7.677518209463444
8.950222946169404,8.779435758991823,8.374087458226441,7.322602126240025,6.771364057824641,6.7185600757820145,6.6862957776781,5.170435131407389,3.304548761338736,1.7159199176197302,2.3723413637403863,2.8442289145587245,2.47668735937963,2.8540090092706847,3.561637014307009,4.6640268050989,4.568737952351803,5.327414203477514,3.6267247110279865,4.8973457857769285,7.6385755229572245,8.073723506714789,4.393498301407084,5.414985681881547,7.482531897854697,4.906396010979429,4.12836237701929,5.017847188138389,7.149896137278695,8.200119312890097,6.436734250188028,7.23434034430765,8.47348490786095,9.332035798770036
8.11712724159203,8.014873791925414,7.809269075148251,6.727337070013129,6.2941092905878895,6.542547867550792,5.956092694749239,5.648085395827088,5.514385437835778,3.984894913845256,3.6830557641089334,3.6490238421405947,4.732336951450642,2.9179112099877815,4.5978582584843695,4.577699176712782,5.622884597104338,5.873525543977665,3.4565426350512536,3.0242040140539017,3.8016736512969893,4.168418688876168,4.559256525633892,8.321057281535042,3.342875346298124,2.7396910437219026,3.0178498698201404,5.493595869584637,6.902131601897082,9.009333994376975,7.464387465895111,7.165468088615804,8.279024615847458,9.07708432946862
7.346347977409956,7.291549936647148,7.2832567735592155,6.321058375153598,5.866295605429213,6.3833387130730195,5.583044375258426,5.762816594428009,4.991898519647835,4.14622861731166,3.8880781038710728,3.45159403773922,3.2686071138538555,4.945147771186632,5.593390077474225,5.743274545204162,5.245312930302542,5.895562706725389,3.6871528192748753,3.4048531751285296,3.2400146765364535,3.267019439033894,3.350077997276697,3.16233657199,3.586886292060439,2.628776104904473,2.9623831740681053,5.774052290829671,6.893375344137109,8.147672490609526,6.961235712398855,7.201020814613468,7.569672846047233,8.800623166250015
6.889326875756906,6.8939671400349845,6.536003117032434,5.966400003128841,5.799567362999896,6.262916678936095,5.497302346412235,5.6603002495826065,5.114915695121425,4.175175651047959,2.6451121567449998,2.9574458940157267,4.6348254255684544,4.9833011785599375,6.1172731949641985,5.980367497809772,5.949649837596241,6.9413318232564505,5.586738146768193,2.6752741509484794,3.4092139138916298,4.169050392278486,3.30595971322016,2.6725674207318324,2.6591589428272924,2.352229499556377,2.4474882904382027,4.374727133120387,6.6515213537264275,7.902236107133,7.560940799588479,7.42686897197794,7.325349667790996,8.497181814671654
6.654448084175703,6.3472414995440305,5.956202696004237,5.128399762029017,5.537271265821977,6.297666733209798,5.45118234288679,5.40534338134385,5.1789064014522905,4.423154125894771,3.022637519130711,3.1959800261768843,5.351612376053493,5.564447537247285,5.562951071352117,6.144646126942665,6.625846413685459,6.3302312061906845,5.494796684651488,4.122172985499672,3.8868891452228387,3.8105337170444127,2.8246297993599145,2.4254819341207527,1.760345071314977,1.017153440831287,2.24501158057244,3.883598373645725,7.1227225847527365,8.152915265093096,7.590870183630729,7.904891041323069,8.215487811531924,9.217119384229278
6.167092975472468,5.976808719155049,5.346249710164277,4.955148524962978,5.0015129545778985,5.698003843788065,5.284547930524812,5.251087280817943,5.374404910406977,4.049904468901202,3.224801485071404,3.342741755108598,4.56709033607318,5.409897461521196,6.2267926657993815,5.623511250266424,5.273992141735322,6.28084794406165,6.137897769784093,4.2464367756073695,4.244506855331724,2.747792459172462,2.1802826376927715,1.8808985398063751,1.2992861286368333,1.1157682309928558,3.705639750069455,5.174112351656816,7.506133502712115,9.637397100987483,10.466837514040582,10.308076926254252,10.313282665587645,10.218188300600628
5.339196280098521,5.013368881601319,4.654841276839545,5.0169276410322645,4.8515369895879505,5.495043493939229,5.3176030603933135,5.499255078829732,5.706734183991493,3.892161128319434,2.81862969186542,3.5547245807303622,3.8763344148210543,5.322673969999601,6.151405756533629,6.031044916075832,5.34751736260856,5.480902752764227,6.1601491035245495,3.979046672044477,2.4888128704354,2.8604001750740453,1.810824905752809,1.6717547311317582,1.6782759099163937,2.3740614385804064,4.542735472107968,6.0017191929076255,8.173857916563525,10.406767842346422,10.991831725640253,11.074849263785676,11.089097944591533,10.530388833112303
4.9937046512321785,4.7068984903603726,4.068491166326601,4.669598459120321,4.875504933784025,5.186595229433324,5.058532595607653,5.639148776111958,6.023266506549288,4.184458715452298,4.075748855611837,4.171999654302451,4.2581381909382525,5.087158492864075,6.613914539387267,5.101679832916315,6.325172143139448,6.5432808810765435,5.533734550754543,5.409464033836188,4.283097875631509,1.3863184924213008,2.0910171587094575,2.1005552852064904,3.3791321205177507,4.59402898022771,5.662300495143643,7.264392001534703,8.161376943110398,10.629982049800526,11.062041537168302,10.495642222647133,10.032488271702151,9.117185108544312
5.033887248570124,4.383393894551184,3.852088197616233,4.184275313057484,4.373621367938545,4.84770116971197,5.449540962356952,5.610695503920916,5.505496667961515,4.747172267213332,4.375904030453735,4.613351506771014,4.119404277125737,4.6205101110478894,6.046540830103103,6.586378942729084,5.628725648735245,6.2288517344684475,6.569071571369668,6.282436318079035,5.616079950476262,5.541810334502756,2.205446567645758,4.29384675420792,4.990187404902787,6.196893461899612,6.941820450140569,7.974438340047493,8.181728348121608,9.106047033968805,11.370861713315461,11.306708252927711,9.918344477169464,8.767472990654486
5.061237271468171,4.265901432754073,3.565084522134599,3.979002969280893,3.7931739023010147,4.336537124976926,5.149109706094749,5.383167921054811,5.6570033701042455,4.515335202931084,5.557674622900386,4.3957103588838855,5.081084932591718,4.1702154916739325,5.175975868111856,6.671241932571014,7.044932674257416,5.889186323328699,5.474375207855628,10.67798832839232,6.499119948993546,3.675225502712012,2.971377706086143,4.438695075201086,6.756815334611048,5.26537664251646,6.957051734568119,7.100162661832438,7.95775450166296,8.440065184534737,12.68155872609092,12.517004844585074,10.781015520657771,9.954467900640873
4.7920508534132855,4.354101278367959,3.397273302973143,3.5626546540871113,3.465539590537886,3.9717937113518125,4.525264528975127,5.039291458271774,5.388085342676319,4.831802381854503,5.046007892847295,4.288020064272955,4.687810607105786,6.519735265915219,6.837434314727368,6.329408192205229,7.260996392296902,5.717953945341446,5.168237647957904,6.444138777985675,8.027232343698651,6.285493792212239,4.750854213251745,4.8238332063718214,6.294071073424995,7.3968206577685,8.342111491348076,8.304419809088404,7.666202798652735,7.421230048035931,11.87786080632611,12.180126573790838,10.97776478385892,11.044158956743265
4.430574619668909,3.904848131595047,3.1139270252707725,3.2400598189213166,3.233954191195785,3.2815242789672636,4.0791501524319616,4.630571839455029,5.254175611901475,5.136292466239308,6.01901975331196,4.91903162501954,4.2740700393609075,7.178846314493284,8.057156673784954,6.415872127679033,5.840889634430543,5.004356507304874,4.115852376656131,6.53775358452585,7.524532454426539,7.777189610608312,8.694254591602203,7.156390217597353,6.168665923706895,9.524224274973232,11.822351965205401,12.536410568016574,12.489460651376998,11.315679252870538,12.190626404142046,12.938164624988644,12.231197326510507,10.517955861391494
3.698212431313501,3.4876677053490566,3.1848912294409835,2.7399035873958577,2.8630018533128454,3.2324898443591814,3.7152909258686333,4.189496147100766,5.165017877298823,5.781507907012166,6.275206417890519,6.0185956058399395,5.2066374151015875,5.135937939174085,7.952462725538395,7.173851842131854,7.364058744739567,5.556878722866835,2.931555158175878,4.9704823261393845,7.478190449320294,14.863261815665927,13.202443349563458,12.189871659291201,11.588212779408627,13.12630087542373,13.584064555648085,12.925770360542145,12.684284644869642,11.591202543802073,11.915544646599496,13.602811196403268,12.54508865875455,10.423636900280371
3.717101945786162,3.008533097767248,3.2813512889768703,2.4803488248745857,2.6894542641363257,2.892514857396958,3.5250080677537956,4.10715623243362,4.89080838586638,5.675452243977146,6.932355669983577,5.482874071777049,5.6707483332914626,4.802091104854492,6.0689216849389105,6.938582522566899,5.7524773425060625,5.1205248976441995,3.886665156658335,4.346092302761126,8.621973002981763,8.700939993549243,11.683346148331415,11.421905071362637,11.191115422075654,10.957306305596504,12.05127134694202,13.30614076769333,12.759728067871833,12.243477800584683,11.903465000889565,12.680303619274556,11.028697730756178,9.171402422646947
3.6640015847297374,2.7781804835524477,3.1895084704837755,2.674244718289783,2.302963052710539,2.544761839498662,2.8637082934666376,3.8967325585451227,5.103231498662611,5.4328238127522726,5.697198715890668,6.634342410953537,5.967970250986363,4.96091336646038,6.866796700244752,6.767163534761523,5.459070573243694,5.556518007566682,2.9758961897633096,5.784705202101496,7.088185499970703,7.356740148470571,10.584458850226266,10.052632805655119,10.609605811333916,10.790654472086164,12.047564684601332,9.24066944947432,11.897795338681908,11.313027583279395,10.84275159773458,8.772460737793818,9.603093320209478,14.572353120926525
3.543862027198349,3.1348441622542977,3.177123989792372,2.6573873032506907,2.463013865939678,2.355615982664965,2.690547959281034,3.41076744633796,4.466046112229552,5.154776604893638,5.829570524917619,6.475905550591264,6.723139375243187,5.766674549022236,6.573355522706361,6.098254132081157,5.744721853030144,4.375876487701769,5.052362829799894,5.755627230460622,6.821153941850433,7.8985433902215725,10.016225729834693,13.325528425146729,13.395348802641392,12.3791412910209,10.345174433037746,13.601651975193787,12.870823202422804,8.155552287491453,5.000086728778245,8.521577348499838,9.091614911263205,13.064936448170293
4.142326795087422,4.591959249954108,2.380569638049399,2.5566593305681327,2.5976229417902528,2.9984159868091425,2.4270328772915386,3.122608268003084,3.7140381942612026,4.279353684071995,6.261870746448565,5.56750122671667,5.979002073053163,6.05876082749242,5.92359288608812,5.7933578023390835,7.5156187075457925,5.5237281947897,5.5583081560997245,6.290037035883175,10.739348370460675,6.626553824768026,8.121477075264705,10.82298429033718,7.468211327217007,10.479847832238676,14.952653131185343,10.095039418817066,7.448328915027309,7.80750126437661,5.658264477288905,6.740351234193812,9.453464600686672,11.436937607123252
7.0646904383805555,5.62524989771618,3.356863720087401,2.5164084387314043,2.5563967871667272,2.1273326531449377,2.4526817335808193,2.240117166027969,3.147406799731769,3.248595114413625,4.997857989670382,4.956759762409482,5.920319263849273,5.529174001727804,6.549476024746374,5.726024767775333,6.524701716461441,6.051749533242003,6.441661134110805,7.885695352165651,6.198986437190312,6.728276356853788,6.302432684607579,10.345799520305617,6.053497278949052,12.047312725785533,9.859915062136547,6.310205177244704,8.23734751810973,7.171265407262786,4.503640828172406,4.788758735229462,10.681423941142647,10.885392167166176
7.983201266934596,6.809449900979311,5.356860242653524,2.917358695631145,2.3149464926695593,2.0902828542938403,1.8638743468974401,1.5870088854799462,2.503794530764996,2.890700314998134,3.0939654712228184,4.263525861057185,5.0244758324516825,6.028614018498871,6.244693981621489,5.315084208373307,5.329620765182271,5.74636890828607,5.227120654003915,8.788261291398436,5.071367074810855,4.914697165511574,5.703466523618202,5.403369109123217,6.288171434983105,5.9812102049889715,4.78519656834097,5.554738064824405,3.90704935059393,4.143745098654219,3.2475637191194253,7.089287983105816,8.308341171667948,8.105338258285604
8.254715807161096,6.7035659375386425,6.533145807618568,4.935347931903179,2.3926795702374886,1.232074835690067,0.972252681120352,1.102265301363117,1.8772236550785129,2.141969019432636,2.3683462210090944,3.11308890558056,5.2739349948916185,5.596799668026157,4.502756486932678,5.296523413255696,5.886746967702065,5.863424508127888,5.521198254082455,7.496389197262565,4.1850315146722785,3.1494426251986893,5.024175546558933,5.64882005184278,6.223185434606115,6.570395234412073,4.607900558834553,2.4931825240395584,3.8108786332716913,5.468268782537657,4.3464450523241975,4.9236887838027545,8.008241149609207,7.8580322462869985
7.131854138838346,7.8065147119545415,5.638681457512512,5.352466874079073,3.660189212926613,1.8346944232207825,0.7736394429561518,0.6861028922665274,1.2436536820856685,1.7605964341993394,2.197083239628541,3.4580327865818474,4.120001728751056,4.032534126500485,4.076744071655016,5.155657814455242,5.228432779044889,5.607479941973937,4.642086128652752,5.295031501139079,4.321590561736464,3.5551396472503054,5.465061155960432,5.857691317790336,7.9624596785652475,3.3838254376664634,5.288865834482483,5.127828405050371,4.396619403896384,6.387103869719784,5.708506601810914,5.521577331692168,5.916476083815684,5.993639199374958
