script/wind50m.json
{"header": {"parameterCategory": 2, "parameterNumber": 3, "lo1": 3.000054539987559, "la1": 64.9999836372058, "dx": 0.5, "dy": 0.25, "nx": 34, "ny": 52, "refTime": "2026-07-15T04:00:00.000Z"}, "data":
[rows 0 to 23 of 52, columns 0 to 33 of 34]
0.09914493681010218,-0.5341350658098526,-0.45378574218494044,-0.49059938900526945,-0.564309103198042,-0.7558520656075719,-0.036198420989719045,0.5036064102051923,0.49077663003259037,0.5144782720637779,0.4716582393051715,0.5997463407503043,1.19096851819732,1.9684664858985141,2.72324540774828,3.3781400462801536,3.384507235334515,3.480112780691284,3.256998934475859,5.7632465470564,0.010408301797622805,3.5389252510828313,-1.9912538367221875,1.6873529322822773,-2.027039408300268,2.807485575728614,1.7778452491203847,-1.883285000483328,0.6901645744004685,-0.6593767211798787,-0.8260127820775579,-0.50533683863796,0.15102625075549075,-0.7355974711401377
-0.47194277676251306,-0.7075516230026323,-0.9805014443909076,-1.0049900264535228,-1.1401890867551479,-0.710508066760004,-0.42821834819990917,-0.32480577061201305,0.03247318003926399,0.01144367648333677,0.26792464249513487,0.5149527739792358,0.91505265280568,1.9605781369217172,2.8667150827461265,3.284254150941953,3.121827857783186,3.0985808696705237,1.733851778595524,0.03489291412452803,1.3466191807555765,1.0715159635089408,1.6512766114199198,-2.4522366687848125,0.25039933886626325,-0.3702767400439875,1.5284328762728692,0.2819640389732517,0.5403494643345241,-0.6467992627650102,0.2280133819876933,-1.0073630759633603,-0.8720547477598337,-0.8897353082376815
-0.7011035530797486,-0.9502371412795616,-0.9732743964754802,-0.6695974183335721,-0.7523868948702873,-0.908686577180709,-0.8368582940250509,-0.6884319134342312,-0.7413634800397143,-0.47564887903878694,-0.07811167124986954,0.1760189261970207,0.9732649411883152,1.9106170170392163,2.7475857749724666,2.749653006528329,1.9020144443898328,2.152577421889117,0.1095585157364084,0.6963549842131658,1.0016666526665674,1.1724856088800528,-0.6116367252615258,-2.0854898382425398,-1.8149098650912328,-0.8882494860549689,-0.12366075450287413,-1.0529673899628191,-0.2543093436225581,-0.4282430051172707,0.02178630410936745,-0.08721844511551621,-0.9942144464224422,-1.701109442933706
-0.8799326357783085,-0.680891051988378,-0.9656710756810114,-0.8013976805021895,-0.6603601045687945,-0.6830403104436292,-0.7401193900728187,-0.8836989673778077,-0.7043392669129309,-0.26836748271492106,-0.1861798699462964,0.36612691074498876,0.7681744027693416,1.452802176260831,1.5599069419227256,1.575804752974882,-0.9588094098462092,1.1202832383950379,1.4377353867856337,0.0018860703438674429,2.427557815941723,0.1683466550619169,-3.800870068328613,-0.7040697300665198,-2.4795432423840866,-2.0889282960891213,-0.9287195913058109,-1.6196339598139047,-0.9270546124558524,0.0009210886974099231,-0.6940417716008063,-0.7553923888925553,-0.7119212579587139,-2.6527651186130288
-1.0049121238830434,-1.0120600340058197,-1.04469299078991,-0.9723729388066976,-0.8802992354023131,-0.8606247911496272,-0.8865899615206807,-0.709471610236424,-0.2811489965967549,-0.4212460382138065,-0.11006030489711127,0.07929000259487022,0.3045474655228442,0.16955997605715092,-0.22322427580978557,1.3775298487127365,1.5290030178995664,-0.5499769316666775,1.3405044109682052,0.5470852839584001,0.541002427794741,-2.2526294841471186,-3.6680663096187094,-2.7020893115117643,-1.6281907873606367,-2.844828440410004,-3.3358825781805894,-1.658702031628612,-2.135519148386501,-0.8202523140712866,-1.6379569073819729,-1.5360721138622193,-0.09722837687375388,-1.4778348301335105
-1.0983132322963283,-1.06819555998733,-1.0238682951036933,-1.123678506178833,-1.224307700126761,-1.3642631207645655,-1.2394353789826302,-1.0754638742646674,-0.9409801686352406,-0.6644600110476178,-0.31196113717061247,-0.2596533526134336,-0.15241174151142098,-0.6477995587757301,-1.3515138578683161,1.3298064721183178,0.5961670266945841,0.48531463789965634,0.5160742358561703,-2.2063907754746395,-1.9902585344597288,-2.9755638453916906,-1.6429887838251462,-3.238761581604807,0.9756940524615743,-0.5483667771016415,-0.735322082640269,-1.240099493638705,-1.023589230000381,-1.577843382675668,-1.3988985055500578,-1.488127096521269,-1.3207142501167926,-1.0965925236856187
-1.3273639390031562,-1.28121458839909,-1.2748469835059975,-1.4415664892768236,-1.6962619494821995,-1.977081315056361,-1.8813458914088066,-1.597961755219126,-1.2966082747850032,-0.9863393341462714,-1.0799620894488506,-1.0730805266642198,-0.7331831167405868,-1.2271053267076402,-3.768688182773979,1.5996892767392634,0.21741433624730405,0.8414926890963172,-0.7610445138556639,-0.7115039013390742,-0.6788733174753169,-1.6346208028935814,-3.210777818533434,-0.9023819975777206,-2.4073950604530037,-0.8185016487440449,-0.6713708742097677,-2.181835567055816,-0.8400852534611863,-1.890026306691388,-1.984217697626583,-0.7812351184823502,-1.6105992229051689,-3.1164276561726276
-1.5946097736662588,-1.7329587494920395,-1.9141338658971911,-1.9644950052623988,-2.339083270835173,-2.458239917747045,-2.1481730191488357,-1.7591241100080153,-1.4750183821629363,-1.4334529589839387,-0.014195163421302922,-1.9029149350151395,-0.3840125737209268,-0.6437925041809286,-0.33461831780958884,0.5922545636020928,-0.8665469623411721,1.8819535434904424,-0.8510886343607723,0.1663984433008758,-3.5489135845699304,-1.0763491643338923,-2.5856915877527404,-1.6215555814111369,-1.1623349433800072,-0.9462396856280522,-2.4072689827652125,-1.1120755114208773,-1.0888827552161227,-2.689075707507575,-2.1914996430110656,-1.40025819003324,-2.4286335957425,-4.396472830158435
-2.239075533238952,-2.2562987646378154,-2.86268142599406,-3.092684012933347,-3.1918486446497303,-2.542789699073269,-2.2410653090811063,-2.554015776695687,-2.551845004631672,-0.7227865463765227,-1.7420194688427302,0.29590812751687734,1.4312407076490434,-1.1947753817696969,-0.6865661153142699,-0.05281376720583316,1.1344847590475557,-1.199955724899293,0.9259487256407581,-5.085215711300003,-2.4587533535887496,-3.403362655742939,-0.9589760045461797,-3.5473358270087147,-2.640521104601127,-2.332667500115121,-1.124180679041407,-0.4189663037285856,-1.0147283106202218,-1.9446226449076451,-2.953485928394692,-2.4516502822480013,-5.382376164197085,-6.241474861512547
-3.3444166351403273,-3.2774183004891704,-3.7240084072632174,-4.304715215080556,-3.849274644551125,-3.4960168868578387,-3.2388294360707963,-2.6868631999383337,-3.1761757590693227,0.7793478333090151,-1.965368523794473,1.0769291098889284,0.31904254930226095,2.5545342348463937,3.6365393324119837,0.5108611913446331,0.7063881429151575,-4.261103760860455,-4.1069982740542335,-7.1920788165779985,-4.709344092604522,0.45936155731455974,-1.350780003145769,-0.5962049026441308,-2.5476587535806607,-4.089104458106396,-2.1498058266645605,-5.622395129870925,-3.9038004092983942,-4.593595921741978,-4.066931532097574,-5.135676015673789,-5.366425783759314,-7.2731861369240125
-4.2261074726754515,-4.649661539820606,-5.307702345510511,-5.136951036111322,-4.836714619899582,-4.842728757943476,-3.802551416491621,1.421142565758574,1.341542784332926,-1.4160779692169545,0.6699071186712884,2.2969879739421524,0.9681614261231763,0.26256944243452385,-1.3006794239715553,-2.471961250345468,0.77312134836163,-1.370403369494818,-5.90612273373315,-3.183924639554963,0.2903503229065438,0.9714123659221994,-3.930888704094807,0.008807789405062974,-3.6040179924215607,-0.8644212200676771,-1.2265766741770963,-4.411882484918499,-3.1045197580170942,-2.1049689879243694,-5.138892451718064,-7.840830434508572,-7.10643256197914,-7.535759511336027
-5.664873657537961,-6.397201235769615,-6.637634729712936,-6.58126495544198,-6.029840928799556,-3.13639032493192,-0.6693775804746299,-1.3653921534509756,-1.5429393792661075,0.1453856604061373,0.4050794491961123,1.2010982763585196,0.05459160894479058,-0.22150863400230195,0.2464738056089872,0.8621693404794268,-1.4416200484698045,-4.401301064500029,-2.5902614671920663,-1.985454467629107,-1.5594035435507512,-5.7725444860701,-2.7994005680953045,-3.3398250402093033,-3.235563826766077,-3.915767161305157,-3.6360746665926196,-4.396027421276676,-2.5495205287231433,-2.5794887092149406,-4.640576133512957,-7.112534549881808,-8.738318671266637,-8.403161948193086
-6.667147181531799,-7.495351280972025,-8.0653345272049,-8.807534577513168,-6.594324165958756,-0.42487160814479946,-2.4166354256873483,-0.6233628301559561,-0.2402758086118224,0.6035425248352441,-0.17492286689080538,2.7789093892995544,2.9952555797578415,3.790823444194061,-1.2928475940956716,0.23571125964898065,-1.5723748277065104,-0.11925143974550773,-3.1377208906785645,-0.35733129495562643,-3.9707816502703506,-3.5545074088330173,-4.8063420752431085,-2.2453032375744004,-1.9761823843099626,-3.476745869825961,-2.17053473835004,-4.967228040333679,-2.0019915149383576,-5.201440997007504,-8.659309771699998,-9.69005444901117,-7.796632893341953,-9.327990487119814
-7.118314930388802,-8.330007625509365,-9.478956592899557,-11.343767496423398,-1.28324170942576,0.7819831622084505,-1.0031582979711622,-1.0428441239501929,1.4073204131633124,3.232547576127761,2.508317149138356,4.934951387131748,-1.4198692581353625,-0.9061167895252256,0.15747359181542359,-0.9297492574684113,-2.1097361752777464,0.2517270731022746,-4.512148235425024,-1.639295354176212,-2.5712478917871877,-1.0934195942835647,-4.199385926848772,-3.2572500539222218,-2.2049231814626227,-4.980304757459296,-1.41830297958071,0.20913624524206167,-1.2653494154686407,-3.497557665303362,-7.386638099990796,-8.67327938943692,-9.267461704719357,-8.194700582821337
-7.332867696624663,-8.869320006052439,-10.26591323457616,-12.529519942511202,-0.6287775833347385,1.092725752557858,-1.448590843324788,1.0782288232179682,-0.37196105824236814,-0.143875432075912,-2.0040998523355134,-1.247690854627429,1.7431020091099922,3.3825523130501343,-0.49776202926136354,-1.163964209647584,-1.6690111648157753,-3.364791945530328,-4.037416739306333,-4.456110976354651,-3.8721230571961507,-0.9977752839589172,-2.1622698687256863,-2.134025597396014,-3.524670676610317,-3.929298595730378,-2.8663116544274625,-2.5375763844251216,-3.432765451078113,-6.4954794627390395,-8.041148841047141,-7.862769239100995,-8.207383612118711,-7.195657472375005
-7.97438936781119,-9.385970579886479,-10.567787538276752,-10.529240787061422,1.6601081914601785,0.5541813039389891,0.6279232950391412,1.5149525717041998,-1.5434933654024539,-0.7454547965048924,0.8423283866315157,3.516625417098618,0.1337441255544424,1.7366667995488505,-1.7992179326083952,-0.7009128976494073,-3.808089616763967,-0.18248852324238332,-3.509608506579274,-3.129366484375865,-1.5271550069911275,-4.411244915299062,-0.5195074538292495,-3.9715127911206687,-0.09626789871462686,-2.6726633518454057,-3.2470805300728816,-1.2351966823205311,-2.073346161233858,-5.50148032371215,-7.9179548519301015,-8.48346705875577,-8.654238385447048,-7.3726489493508085
-8.310987467138293,-9.687885588364978,-10.625147621646533,-10.106041420425544,0.2973174878778924,-0.009653076741997084,2.003058558642433,0.5798812351261746,-0.7060789415699278,4.07859378145305,4.580964924392223,2.5999083574121835,0.10615889790098998,-2.0340433319155022,-1.0221521345230646,-0.36686594060678235,-3.6752734196416434,-2.8985774934929305,-4.946161863512453,-1.213186911966759,-2.3965787446491134,-5.162594530055104,-3.324114161406555,-1.9300197713187779,-3.3913988110506756,-1.0999693336625793,-5.286113183620066,-4.897893744675087,-4.072185581572849,-7.046564336632776,-8.13005416495703,-9.024194818260314,-9.7279892554788,-8.523625020309042
-8.48853558020449,-9.169630846337654,-10.22434961511902,-10.144657821072522,-3.6254195229230373,-0.2573206513342902,1.3928423497036249,-0.5354619254095668,1.9688721994633998,5.500052250845781,-3.435847207906807,0.22022536857958674,-0.36559918957777066,-0.0890995105130869,-0.8467537989014609,-1.7966688895867227,-0.03877154911628019,-0.7466224543691462,-3.4549580591041527,-2.7142350370493524,-3.0910646023409316,-2.580250054764554,-4.634275523708071,-3.3247787025082975,-1.6329061780989313,-4.992291689896532,-2.9843408009017716,-4.4459608615856165,-4.324409297045498,-7.803819533271803,-8.63019745397959,-7.659765543760582,-9.797319368238286,-9.5689082842489
-8.342257175698915,-9.273028888574084,-10.068484351577004,-10.167881017544772,-4.433180305112325,0.05917686157936522,0.17225403762495706,0.3630478166293938,1.2082775483452273,1.2690040488419445,0.2095343751579124,-0.22652376839635646,0.6419187595201606,0.45172834620299174,-2.577639551625225,-2.976516249203286,-2.1616689997366905,-4.546902158802002,-3.021436727996791,-3.090125744933878,-3.9499291324618455,-2.501580245253041,-3.203231620441142,-0.9524610014200767,-1.2446516859974233,-3.7573955496993383,-4.855100185490033,-2.257499546479861,-4.428632399887003,-4.203719311945693,-5.259894533282857,-8.363258615786028,-8.337507743276804,-8.77588564099331
-8.555079458261037,-9.361700731433247,-10.180410755458588,-9.957767204598698,-4.5234201373326615,0.5106215408601414,-0.27945038899547137,1.7472381049692505,8.360497964957185,3.973980459484182,4.781669594508908,5.665358867721233,-2.333638961043829,1.394355499871343,-2.0764756263833197,-1.0167145633461616,-3.3284400837006487,-0.8625434088570735,-5.490824845896098,-1.2716156502735123,-4.556292704090629,-1.940574399295269,-3.5314556115805815,-2.9328562010164534,-3.1506086844501344,-4.735095101539288,-2.8899519491239585,-4.760407922543529,-4.239887118784688,-4.939062953460296,-4.299971346996902,-4.583970832516879,-9.14009340900929,-5.760768785911754
-9.237168876792916,-9.669893909701374,-10.20447198616853,-10.299115041282308,-8.057115138524695,-1.7070588037079193,-1.551914538293947,-0.9881877193730649,1.9358593828443342,1.556860993161837,1.3099258884847655,2.095202796228688,-1.4144962842982767,-1.9430134797450676,-0.12838234180546435,-3.9026067252879524,-4.998085713878413,-2.05944755174711,-5.566313949454456,-2.864394452020473,-4.6602187218391435,-4.572143438227356,-3.347648962992307,-3.883547697512775,-4.407807262309351,-4.87955985911084,-2.954129641156174,-4.038002556936055,-4.91907360206566,-4.146302206724312,-5.30732156867052,-4.540390703896954,-8.044193348478139,-6.644868264391245
-9.491545574579376,-9.744567687462954,-9.800395246803426,-9.625705687860831,-8.46764714295685,-0.2591424455691288,-1.1076362666938189,-1.2095716596913217,1.7959925964069703,-0.28562686884843896,-1.2448739717220287,0.8438185040309318,-3.300401889842994,-3.003495023281738,1.2035564350446564,-0.21977224702723278,-5.391564707691962,-2.822542018587989,-3.5062487635107904,-2.646432341189644,-4.376713208377498,-2.803663559030457,-2.1507618054793713,-3.39839253730639,-4.378112956844052,-5.169516666691881,-4.64215337006858,-5.070632051285423,-5.053411203771438,-5.93674196633242,-5.988011254527998,-4.8238126168465145,-4.634168563164193,-5.139511529943615
-9.060832627911529,-9.153220135102384,-9.026570672183269,-9.129505003684143,-9.0662171252258,-2.084468106280298,2.436693772024098,-2.6349240781327135,1.435461425389459,0.4086914704003013,-1.586831272831562,-0.6543536806984338,-2.2583714951135945,-1.0933131576283979,-4.440273464326664,0.7952564860843239,-0.4590035289193655,-2.66587497412549,-0.84666054053059,-2.480047567419096,-2.643731812034598,-4.389884002027213,-4.428969487100309,-4.793749731221134,-2.5512505305153277,-4.4003576136779845,-3.9515462605239127,-4.75706848737656,-3.8807794770103508,-4.9959608377379645,-5.511758945247398,-4.77617963410681,-4.3017378848315415,-5.105777519462872
-8.720717580615638,-8.585273537257478,-8.784098419194514,-9.089295107511631,-9.077416930206336,-3.047633321218234,-1.4785569546059285,4.292328623892782,-0.29553481408366794,0.0676722648654621,-1.5096105922839527,-1.3540321101306556,-2.10080104925818,-2.2606229951485592,0.8518846961492519,0.26140699485288793,0.6841034472891128,-1.050834032475446,-1.2986108940037107,-3.5013644011706186,-3.3843620686717277,-2.523044917985874,-0.5787716844777734,-2.584175220461008,-5.348879886467938,-3.117455300729649,-4.262597838716679,-4.459796357624219,-4.598254133430505,-2.931649713343733,-2.2296673038899226,-4.410041726055402,-6.272613350907758,-6.0978963444981105
