script/wind100m.json
{"header": {"parameterCategory": 2, "parameterNumber": 3, "lo1": 6.000198445256149, "la1": 58.999992894266676, "dx": 0.5, "dy": 0.25, "nx": 22, "ny": 24, "refTime": "2024-03-19T12:00:00.000Z"}, "data":
[rows 0 to 23 of 24, columns 0 to 21 of 22]
5.385745129445364,4.655447038903221,8.488658828109623,10.700738052577735,10.589810616605176,6.955746563104162,13.447424658227334,2.9207477682522716,5.082714249350664,4.994133977698423,5.720244714907446,6.459794342327542,4.133866114133099,3.2129290609338788,3.3466554630154763,4.107306171197584,4.788301306890072,2.2766795665777906,5.772363948468549,1.822403835702746,7.322802814083258,7.239592441588693
9.664736395626838,12.648580630383583,4.285257035231479,7.9786672107255905,6.556872685544636,10.07120358420209,11.631750304284859,6.0290981372964,13.176342300348647,14.556621696267651,5.400547195848938,7.451954497909126,6.644292846479298,9.730001544760803,9.938897716287235,11.794140053580088,6.3960272381603875,2.105324390909764,10.568630367014196,3.3045538156613685,14.165419930581985,6.719232635314158
3.2110004763883135,4.660472514629809,12.171537537363598,6.08666810164925,4.719699557518093,7.224786716912216,5.70290227665173,4.314291012922846,3.039827356172957,5.959936105917924,4.869102418149523,7.360489356949362,3.6149190180753483,5.044655839890512,2.7859857381968953,4.8064272246660975,6.915335282641868,5.696537669691224,3.775997706882352,4.259741245651642,11.034105599237014,4.8983907668473945
10.162510103670654,10.478254539154673,11.22599877322539,2.833421738692508,5.951563841705715,11.827401845031249,9.202512033250327,11.09594540933368,10.741494062625343,14.87976915764463,14.894730502485748,5.165390582973405,12.07974678490802,7.812667401441703,6.362468317641998,5.586302616257615,5.320773059552637,5.690598599925166,7.434789479449739,5.901326883352593,3.430058969438068,7.034160131016966
6.0805485066955764,2.618831072238259,4.316097926095038,2.5618215769635,13.542872229591467,10.149379690469544,5.860005958972813,4.085066343617405,5.294028475778615,7.752945451992993,7.64620443616837,4.563717321256234,9.438809907078285,2.805833422513165,3.354991774976784,12.726114577681054,4.783094388835317,8.93834896338544,6.454333591381346,4.991401418584418,13.257884847078435,6.2556512223534355
8.693228329522318,6.2952363660929,12.751914343905229,12.562456558241731,9.359773095312315,8.60481783639897,3.5633109854309115,9.492140312956378,5.177236062279879,12.031828084763651,9.891364910836295,4.994602496341987,12.33836258196922,5.243179800491795,7.2966942258755285,7.797391014040608,7.415457411709206,5.120867164227237,6.233530440453006,10.169631105946022,5.1387313497534315,6.933542861281487
2.4028737934817634,10.564501003520713,7.334908564904752,13.762930636150294,8.914537864843306,0.8437763869344997,8.33264072050727,9.00874983205407,6.475798913223603,2.7798003015371364,4.310077118886571,4.856250856345349,4.378595036606038,6.731597852883187,7.565762049743188,8.920233922846267,2.3607043308512434,7.076669556106563,13.34310184508075,7.815131277676786,13.126191098642966,6.441013762216795
10.288176661595383,5.991241789254526,8.671499968954361,7.406443641765283,5.437090760717433,4.446575514676533,11.69187758105733,3.0774443019744626,10.619883257673727,4.522977229392512,7.970738221491453,8.010345377861709,5.8615846971005325,3.6858693279881156,6.152582305810716,5.470093295554981,7.24640506356245,5.723673914466592,12.34579885154645,1.4770688304093698,12.741529754061391,2.7029605969548034
9.06545528544102,0.3227359789099737,4.462364186647432,12.722467824979407,4.380036931267087,6.455480066115286,3.151387100843342,5.5587881366071,5.505890161518623,1.3173032947546406,12.38617822110424,3.546320987365534,8.786963010221696,10.937086264740135,5.304588756366659,4.547332111991446,11.640295145572777,4.913125790753821,7.101818638246292,9.236364240188212,4.7582733145207365,6.136148992015868
3.3305161801614616,11.486820866685058,12.568618115154319,6.094094334934993,10.537723391129095,2.9589089882169253,5.217386432815959,8.572628791113743,9.79540626142653,12.839301018031888,6.55118883087029,10.46862207520059,5.774957866743099,9.735677352591098,13.064640734981374,12.535952826455881,9.766677963530945,3.7977777503560755,4.7916237398307375,5.326177448137758,12.790830285546539,4.501961936090588
7.843139984899351,9.106466232296006,8.176943067047429,3.7753570647911046,5.021823439406771,10.650328985621329,12.305226110240287,10.20390477993032,6.243401029318363,14.481177804511734,5.0712936813918,5.736222562826163,3.9349977207609186,7.4911504580990345,3.877716214302897,7.439954885149964,13.109848274068682,7.784731435681507,9.365719779543662,2.6978116828161647,5.269333570380619,6.362308700186335
-0.07214554275512346,7.2969006645658885,6.898869478843505,7.476763779930464,12.327793520279737,9.916268752328726,5.380248725119336,8.577591236543483,10.931448638939699,4.343815211431488,4.4322539080602725,4.265013854877255,5.706767272615059,4.539956635395102,5.342214044173669,4.684589754876829,6.892148619853238,9.330504610794042,10.978419141994303,5.846749698325605,9.994803521884938,6.896632779630154
8.626589522215593,12.364015773789173,10.759015520893477,6.114123586653467,7.380123284960943,2.7015536281646053,3.5037478555535144,4.092716749225632,4.150634357302503,2.9982533765104558,7.452608066510024,10.518135900157674,8.140836690602635,5.204538702385923,4.924022745919281,6.4050487693292,4.637715211098686,3.1478130777620605,9.085289885105064,7.036764517236085,11.772917113838014,6.096847254815395
4.155222258295917,4.430174923389464,4.128971918138476,4.481702956027686,5.741662804417798,6.717711705453315,10.222890391130845,7.934149414389966,11.031509975497778,3.9260637618563097,4.8354861202879205,4.870974052348887,13.328063511722394,5.805391445026758,8.060157666621253,12.468816833295556,2.74569418346669,1.2086279609433423,5.624608649201535,2.9067678279226516,6.37636880850202,6.182814050711032
3.186049620782994,4.421682155157872,8.39762658189288,9.68207968883735,3.447755293856121,10.356435357939416,4.741956827894753,5.3856536439049805,12.41877517337897,9.260751580045548,3.160044097776184,3.247044086016328,11.265978861101772,6.683632305823101,8.17069739994865,9.026834825489031,6.636350906003006,3.131818241917565,3.8540782336621584,7.130234344283503,6.978232320987795,12.132316168676565
5.4374687841123945,12.686020361453105,8.82279290961413,4.6901792525530706,10.159261618633826,7.059307664985637,3.8266616045016457,4.534952024443886,5.293173719387298,4.766693461176737,12.606513787251023,6.453800530451626,5.327695313144751,3.4575088058830663,6.804929926613049,12.666469650254118,3.5394162659270725,11.551478112191834,13.133537976039682,6.281276870677232,6.712258817976513,7.664595449355139
1.692693511353046,9.220477965158047,7.623370455228823,4.514079204077248,7.254336483768958,9.486973756957505,7.776213302523625,8.691248411482697,9.474693644566,8.615876495737808,5.214636977082064,10.477171622378245,8.61999033135507,12.40266211259148,5.737502851061912,5.547172379755124,7.743429156893506,7.1895055918064665,10.159733788557732,3.8617208400941405,3.038597517933886,11.133383707998767
0.000763251006398829,6.506779712736004,6.180587764921917,12.070102652748236,5.927412170607638,7.116374224352874,5.482247274181755,5.575545695506519,3.806964449804768,4.223469179280783,5.6141708308747,5.299132709827533,8.036384725998483,7.857650014134556,6.925959670271507,7.735189003830133,3.8482693812551427,4.348814685449768,6.319499499082435,10.422426053241315,7.016817158108299,6.337703360645303
8.633212779284372,12.911272129761095,6.37205452748989,5.701445945622353,2.548563080213353,8.385073536670062,7.36824527781266,11.258780671051433,1.4971150579808774,6.298593949081579,6.8195308875588605,13.063688763141883,4.545898103129873,4.8060673682839345,3.755926607455417,4.493821071031255,4.889902236943851,6.538856470391849,3.480710326005694,12.167289048386026,5.339081795368632,7.544955237359541
9.950516510271756,10.22034313895722,6.540039510351324,10.225808075666134,11.418903932575923,4.535627744820917,7.4495806043028745,5.446465283600567,9.587037653512263,13.525009567835502,14.049937372928238,12.458502799888663,4.198977811585845,5.114839605895046,5.702181242343841,5.0220806163958205,8.453657479993941,3.430473384474452,12.438628134557023,5.200571429175287,14.341865461119339,6.862596762656133
6.762215694385275,5.227539371419971,10.338002614172131,4.708045985067024,4.666520653418965,5.773581253428554,5.236685701857507,5.170443406772478,5.707612063164911,4.196281489963663,4.37153494465686,3.087442780997198,6.110215712198948,5.577865443820506,11.12600243338673,4.588066854112321,3.2136479940091807,11.659172441153068,7.907415723611686,5.295883502060196,11.109676974641609,7.199729844074372
1.9829917196700066,8.577856684101095,10.236442990599006,3.1460569382053074,7.271463074741738,9.746949327043874,9.02264415553482,9.93673766208112,5.048212476378038,4.188359771376836,8.733351962465711,6.747922290162471,6.8506916959358,6.103773807971547,3.171494529595597,6.226190983470412,6.371930514246339,5.9712223097531565,4.93059284534637,3.9916853881350174,5.599699992593183,11.738166849995277
8.952616729103399,4.871761520609797,5.116777461743398,8.994417916759481,2.8419853892631224,4.357170658348016,6.92969596554724,5.304460622470466,8.601343308021448,3.260135014376239,10.63168290312358,9.054155913357711,6.052557665949366,6.492720356754972,6.440389876911773,9.234832451451513,12.643782202698691,7.1354152377310465,4.181685686404937,6.06979449759744,4.09568026761827,4.964209223268187
13.703932644314357,11.263926808812558,6.467039333096927,9.77898863538028,3.2179554141570246,4.659549133715306,10.158060000272604,5.619820858861119,9.394185464610281,7.140614935058338,1.4671130201508,5.099001248878816,4.812312283048251,4.5147155113028345,6.363569133921185,5.913085720276541,11.144452430872132,6.058814814325443,12.47894518129189,14.71008382816653,5.688892319980633,6.875814115793659
