script/wind10m.json
{"header": {"parameterCategory": 2, "parameterNumber": 2, "lo1": 6.000198445256149, "la1": 58.999992894266676, "dx": 0.5, "dy": 0.25, "nx": 22, "ny": 24, "refTime": "2024-02-21T12:00:00.000Z"}, "data":
[rows 0 to 23 of 24, columns 0 to 21 of 22]
-0.0980016362932507,-5.0234941607671875,-2.4191642493240817,-0.06841958741205685,0.1582558640540797,-0.45962169590390467,-0.3966243235592314,-0.3454542950899405,1.0260388120851922,2.1012298858572933,1.9082708651348046,1.9624024285380166,2.2392064143705217,2.0378591476162033,1.1426363533354704,0.7687195614699014,-0.23939994429208092,0.18590997510059734,0.08911683929729715,0.8118452796029383,0.9032383308447416,-0.17992959765242733
-1.3856031183455486,-1.3124776752700091,-0.5018201222824409,0.25551353876227423,-1.0315576271714935,-0.6020855335298071,-0.23397870883929336,0.5956412068171109,0.9882343205068844,1.7639284569962348,2.120434306110435,2.1256394201092497,2.4210222043826253,2.2835757110016544,1.6129957159061057,0.8289316860735718,-0.03425238918488069,-0.06950487463673236,0.49184802768898683,0.6818084285200545,0.5226390597107696,0.7898281306911727
-1.6813995684021648,-0.558578142306314,0.896874615360906,0.590718682223833,-0.6107612754309854,-0.3322805556557254,1.1465286161257766,1.6156140963145345,0.7925760433551089,1.8813279091011272,2.0558403096788256,2.1616685381058636,2.266541729358271,2.5797292729678505,1.9375295419159662,1.6094237149655637,1.0734747747871702,0.3906360543400646,2.505491458490125,2.292421927106462,1.6440067111436516,0.5818913975492366
-1.8722090273164762,-1.9359079929448018,0.5536654211811604,0.266565924353777,-0.04537329140148171,2.0332889284470688,2.440970658414382,2.790462273450084,1.313862686588089,2.0137821186514935,2.7886997251196646,2.5227454342495514,2.4525064532930414,2.3495889900804228,3.2152753560663037,2.9189896854550796,1.4444236830532478,1.0805050271138825,2.3865170462406877,1.9746337061013564,1.5201272914959385,0.8589013199817438
-0.3235593204320237,-0.6166389672856245,-0.3552055754787135,3.125791491699831,7.843561657726882,6.681691499878501,4.0587535205520755,3.148451787181054,2.7024940061568903,2.7247847960048146,2.445556158552155,3.002394691198673,2.142950137734528,2.0846734287561333,2.604771421858673,2.7798878009352976,1.4375286037566362,1.9764003147574116,3.064294332714942,1.809676051290368,1.2393573565857983,0.27441886736162213
0.06310014994581493,-0.3404787605448307,0.7359941570553353,2.238816060239921,6.729292523759447,7.575359630923039,7.399202769251599,4.1565472108815245,3.375524562942722,3.069884035537552,3.9226019216264594,2.570357674816768,2.5952084820359627,2.570402495531156,2.6537761155510244,2.029842903012829,1.3296246332656445,2.8394320829199495,3.0030999542977406,2.427278959746723,1.9498837007589922,0.9461319784143384
0.6690211656772839,1.05134696011307,0.03306410650006411,1.833030030943193,5.877402551242138,7.54410043666313,8.297649834375049,7.2212794339526685,2.713937344483179,2.7167490327989907,3.876563554805978,3.913598009151809,2.965127909741075,3.052679717034738,2.827212348564103,2.8592391428822235,2.464262103460645,3.008415631912024,2.9307371610906907,3.034666623098845,2.8564080519605586,1.2189391668630343
0.345878011852566,1.312257355233603,0.9834935863830051,0.9778117154885536,3.745199457746462,7.0847328015166,8.347364648518848,6.614644804094916,4.67751127895978,3.8056251378686095,3.7801997703092973,4.309367300207306,4.886986858796864,3.123667248372671,2.9347955420972216,3.074076824515747,3.026778105528277,2.847037818553878,2.3282307437082697,3.273819138902798,3.302810850371722,1.585506692122592
0.35892813181946176,2.0979826226647535,2.4503958673562654,1.5327553018319806,1.196380965366285,2.808540237742034,6.448796707982954,5.653615718669642,4.575109274660111,6.088488201352289,6.323138457042639,6.226278731443852,4.950297423635034,4.004621546315091,3.179411643978558,3.2056535241711113,3.4896870233143398,2.835161537348564,2.7148537136453217,3.1635045875260013,2.585707380218242,1.2948389328120349
0.04819335797553699,1.2546414515285633,3.258562482669508,2.662201969311347,2.753620662336669,3.7642531603597256,5.053143652231469,4.697487599853071,5.84129912389645,7.78064467378952,5.980239508869826,7.0502960791238065,5.832871780950102,8.303407048113659,3.244465961192053,3.838154891640222,3.850886820308545,3.4996840686127215,3.1492779617084548,3.3620731918357074,2.6898199677681895,0.8559823393985324
-1.0307533711589152,0.9492734904503454,2.3924762589774216,2.610761243797488,2.1613848152384034,4.025438511275516,3.8584154076223154,4.436903736112969,5.2393286262718055,7.064971318018246,7.444807310946629,7.878632407925505,6.367840989539455,7.143099623424803,6.772760694264852,4.513934812899228,4.118995708299099,3.7240858294157264,3.611052756113768,2.7377590335271353,2.394212847096329,4.534055336018505
-1.2518914772477803,-0.24103304509719178,1.4958987207369852,2.0305209065068035,1.7443644425416658,2.695036909002738,4.8276182630068165,4.545514675710039,4.198993665540202,6.384654629559403,8.226586562442742,7.3945400536196235,9.019823788583787,4.605119906289312,6.6806469377029485,4.655070485718334,4.500253649031393,4.363012221561696,3.68142549493042,2.883401528689599,4.722774607710722,6.482910394778024
-0.9261263309284432,1.2946979325182544,0.44213289976718073,0.7597021528212505,1.6644365275432382,3.428382229596045,3.3142013343668877,4.619373144869209,5.130638079430961,5.092436915563654,8.420081424302907,8.043877717582127,7.230437086727453,6.079272405035512,6.324438680676268,4.912431440795396,5.680671156146344,7.122830729947847,8.476228769380041,8.80314035412961,8.642612185815954,9.165014285572061
-1.4429590508581127,0.4783532227241458,2.418760024554663,1.6442580910060725,1.142061176193958,2.6382828248014274,3.3599967220196105,4.375682219718076,5.087430078400396,5.277744090053118,7.883876841403735,7.036185390991076,7.438372842142032,6.079320998528165,4.63453504619456,7.067062336550994,6.695713837912489,8.393877325323695,8.261968208071782,9.839751678736683,10.413811560254304,10.571902328597497
-1.8585091691031304,-0.5712612584740733,0.7688090102068306,1.7275384258220672,3.068734534412678,2.1961937660500213,3.8123905438999257,5.013748703551829,5.00137385646635,6.33823090726292,6.809306547200354,6.656856161048422,6.10872526443598,9.239879325973853,6.344038578115891,7.161290461182548,8.943640666687847,10.168334856876768,10.152446476696394,11.309971628674141,12.632496580521417,10.543706951525191
-0.4027255653797822,-0.8745255971306903,0.04634939787055823,0.5531254063586389,1.6267222248482893,3.553614955958975,2.924463413359447,4.369414081203972,4.2546566776610275,5.8440673229349365,6.6922235146177425,6.481913143172906,6.4263549411496115,7.639157538539006,9.824754166082935,10.465200457130821,13.096490330175317,12.251076102828486,12.617695510038633,11.32829250635103,9.635490421851234,10.424458396937734
3.481462962835822,2.341649142321674,1.3122120562869244,0.7008640793424602,0.505903467784184,2.3391311952720257,3.2747739625367047,3.971830459031978,4.859350454150505,6.112332421811302,7.458754493503528,8.335586862635543,8.066600100076482,8.340906265206652,8.829099148622145,8.992784512599892,11.369538344924774,12.230128205966428,11.653750191179657,11.640397951723084,11.517655047652564,10.574084858999809
4.824206681211405,4.776892794371334,4.410096552205954,2.2238796056976993,-0.37484696852957916,1.7976208377252827,2.4066716786071334,3.8784863528097846,4.590702323995111,3.7489509694916734,6.335779435263459,6.850211227931701,7.784524017846109,9.662019945699795,10.42410618410827,11.63630305179012,11.451087599944744,12.184409830695003,11.106615524878377,9.2785869499216,9.662539259889417,10.457671689375937
5.706556510433021,5.637512248609053,4.92065803831187,4.887937295652218,2.692084962113513,0.8289476688275259,2.4104876775171933,3.6329644021866097,4.9731410543111885,3.5811239810785307,3.5944882982433324,6.755332816526828,5.535982447676661,8.014956641849304,10.090185052203703,9.470101598134889,9.71642150398546,9.112232697169466,7.112096102101921,7.406453653543475,8.742825324247605,8.91090986537828
5.505081704703156,4.79995138691407,4.118633132617087,4.445105316161151,3.8108274529885415,1.0427733526283662,2.023288161899803,3.118171045319071,3.624914883051243,4.669973259918961,5.563288660872855,5.25820507257127,6.415698434704965,7.356370400588852,6.036720394401979,9.27101977408357,7.496935536349017,7.875532234453671,6.837039459933634,8.83853865651349,8.07582103443914,5.636115231195536
5.186856043299152,3.459530577817293,3.4997170986645707,3.595660983886475,3.823029968309972,3.0855548641139334,3.9527642195083423,3.3222636393595706,2.4382758868645826,3.573239082680132,5.202654827537213,5.888873116070069,6.020092835380314,6.565934822843002,6.182671959441583,7.298776436561638,8.100112805643061,6.339207174275491,4.883290265472688,7.147542619916025,5.160369216800398,4.762801250164552
3.1046560517488335,3.311996385749615,2.59667819457664,3.7229542269332985,4.778204323590604,2.9582677471666994,3.794120434007005,4.0840899279971214,3.545521504394043,3.344226842305463,4.023898948420862,5.7075169918473625,5.297828460201261,5.346169353410544,5.022684524704535,6.257657796304662,6.094656170157342,7.734796014207309,4.426755376944093,4.766689268422362,5.741762014024831,5.0680274678697375
3.1921339737527763,3.4253887920858186,2.112362304627687,2.7445810174207,3.2663751923962567,4.001767630334367,3.4392015660910733,4.132583202451995,3.959841956604217,4.1246674259319445,3.1502366333597256,4.665454506628113,5.574716921566137,5.2078126794389865,5.3869820218746005,6.73448771436541,4.863216138199053,4.291905750574697,6.63357540917555,4.848328372968077,4.92061955567668,4.033885670244448
3.2450228680040865,2.406823318626779,1.9599656224434607,2.5737552752423776,3.1637879319838285,3.215532736996319,3.604911526207829,4.26169219789078,3.5365881881037917,3.183324164474303,2.8480014606968638,3.004176994230598,4.283189152957903,4.635931803755726,4.908715676192329,4.951320430798334,6.106513529906712,5.622627621316859,6.590038251883725,5.554306494295408,4.064861604207902,5.7920291758572695
