script/wind10m.json
{"header": {"parameterCategory": 2, "parameterNumber": 3, "lo1": 3.000054539987559, "la1": 64.9999836372058, "dx": 0.5, "dy": 0.25, "nx": 34, "ny": 52, "refTime": "2025-08-13T16:00:00.000Z"}, "data":
[rows 24 to 47 of 52, columns 0 to 33 of 34]
6.9145993672430075,7.004374931995917,6.603828418097156,5.944632462072156,5.378447821208077,4.7674499017005,-0.6594810034488084,4.154308084615714,3.926349656136681,2.289473617796051,2.0889526018619797,2.8733320938794367,2.505812791146121,2.4544549332205032,2.1946401991144047,4.380804692251199,2.8373227045776956,0.6995433820056223,0.8247469999660548,0.38356717184557404,5.6686440400412605,3.812983283715717,0.7625579482513818,0.17192883609864457,0.38095272172817246,0.429567308842358,0.7070856517450068,0.2085694581510194,0.22928004581443168,-0.22410849238942634,2.337939001783177,3.6834065799501237,2.8851012713824224,2.0407276786977486
6.332622704757887,6.149887121099219,6.142483324466913,5.796016557729264,5.352337546162877,4.671815585579829,2.7751256389585546,2.2496681427343823,2.2138659248295265,1.4093191055997332,1.9961286153032722,1.9133438692417928,2.0493103362206013,4.625045900599497,3.5808380957516395,3.0346759338460187,2.42518019034922,0.7058097575291427,0.726923918737804,0.8718474637407264,4.454600792275785,0.7713305091312033,-0.45104215031022754,-1.0558804000787263,0.6762628279345925,-0.03942164508854597,0.07168121217363461,-0.11316436143385974,3.450449569829285,3.1663658043729894,4.716083370777173,2.670437591911921,1.9387525688852687,2.9145118985233816
5.17092372249052,5.122097490143566,5.044757030073835,5.175936881469799,4.661696391684529,4.523699583394222,2.2058356890000943,1.9285554222550365,1.4396347698134697,1.4318999320722186,1.630362984118828,1.866409472834932,3.383566092995653,2.5102071456965502,2.4824653738882323,1.9947759058178536,1.3877838858531393,1.274258537382628,0.3126603276458903,2.7483731991833,-0.7908168326361029,-0.8821786406485305,-0.3488674909035377,3.612004515995162,-0.29742690465516175,-0.9377395808492331,0.004330800884798398,-0.06479967750718774,2.491351289136018,3.5008973705673765,3.2339532091160654,1.4953977088294061,2.6080159522234294,1.644971340177488
4.54513961232885,4.735726046867828,4.628989029585419,4.213605168249755,3.9504171663088408,3.2550718628986526,3.8301031115935085,1.4908698995423133,1.5807796944554908,1.5465235689127437,1.231362698709165,1.2409702743737316,0.4136077434685167,0.9434096916725403,1.368534207553802,1.198174435208988,1.1320974348117376,-0.11418680350302059,0.47069702119690243,0.6981079448280731,0.8548816053897978,0.11476081842249049,0.036106596788236696,1.9362931806581203,-0.27873644614925325,-0.2585711122524263,-0.7374783977830393,-0.589973558858351,3.3181097582566355,3.2873576289923503,1.251192383949865,1.9163840655826485,1.4347515683237966,2.3050115185465248
3.210523446146827,3.9572076733362693,3.772231908658552,3.33671306497551,2.4628117757460775,1.9195121011944452,1.580307762215445,1.708462772165757,0.5713568257482698,0.17504610083554872,-0.5944965057501062,-1.003367046933531,-0.5630430711247756,-0.3323524479184693,1.2984984140724523,2.7320678299155654,2.08918601037127,1.0640146220718363,0.1280533677281781,0.7147113690451509,0.3744251754199463,0.5941536219960459,0.08861065189023686,-0.40584484360360584,-0.7789086407394789,-1.2758217300515922,-0.824118121738406,2.16246411395647,3.705010476371432,3.0784600821663064,2.2057419936983753,1.1048839652069697,0.32670269914941424,3.17361278478363
3.2944121205160797,2.768822505159039,2.940983973707159,2.303300470877255,2.095184469440171,1.5812984414826559,0.6053322543725329,-0.4736621699419121,-1.8418036210964521,-2.3817132278856707,-1.6163149660993872,-1.5212848353631072,-1.8393643788194687,-2.4085108481517254,2.9040393952105172,3.849712988904863,2.0812141998486595,-0.4774390018968595,-0.39130424349405857,0.5258579742511855,0.8233520981775256,0.3027927516479691,0.274464557568525,0.3999286773407319,-0.8739138174740826,-1.3762789640438902,-1.093818993229261,1.458871351948642,4.602323412134232,4.159439450834446,3.507063792817389,0.7141718833699352,5.5890921243115095,5.527534683144701
3.571992657184418,3.0759549425051285,2.774688667764467,2.07228640806155,1.60822193967577,0.771411717126634,-0.2073757762998436,-1.3421248923057936,-2.4172521723314597,-2.182582089782672,-2.298845887038595,-2.0974378970350656,-2.058041242345303,-1.9175643482656344,3.3726622444367815,2.3053923786733863,1.0916542932743287,-0.5163752371535856,-0.08536432292142934,0.7377847709889851,0.6620422939098125,0.44055175485782105,0.9891113985319631,1.0585681383950765,1.4588343229682397,0.9918769363458545,1.221085263114695,2.071182253221466,5.040654416139601,5.130417084850019,4.018070562696473,0.5247744771259754,6.179469121230528,4.8846263571665585
3.252779633983154,3.2914460080931827,3.204831402995387,2.7167278662978203,1.5899278051522079,0.6302404372126369,0.21726701145043315,-1.0415747805204907,-1.4299333047100835,-2.1582838305679193,-1.9842168414904222,-2.183487538533571,-2.7560569731697218,2.5461770905933987,2.6987295924407553,1.6683267052822544,1.3835740330240347,-0.7869926242405232,-2.4338816916546087,0.149911487249332,0.38618795330974337,1.2273667459059163,1.1271283125203377,0.06266011925242874,0.8957444109466582,-0.3417652577721776,1.2806644112785814,4.68047996413835,2.1823396201910312,5.147515707275098,4.148351828670101,3.2280785900115507,4.406177653387288,3.690112198149303
3.302718851099238,3.3068650382357365,3.171758726071154,2.7269891737604897,1.5721472701367012,0.407481125480754,0.11050571575058611,-0.8385163933710423,-1.212840721858723,-2.117447953683719,-3.199456972890163,1.0433017663377306,-1.0603892029802835,1.2396768076251248,1.462068991405163,0.38674486109999073,-0.5563222088927953,-1.7522956378045262,-2.6135895382679486,-0.535789614912167,0.23556112679749316,0.5797507184772078,-0.7140186306706799,0.6461579908270502,0.2722047319242755,0.7505917926810659,0.9026050578197112,3.0840485304451137,4.683920886692286,4.298244315317239,3.8899253590953093,3.633300698993843,3.192426458840948,2.929457647021316
3.3047109526785743,3.373071677269345,3.1992321895181477,2.4975396558426226,1.2780410284960815,0.7973348622316745,-0.12235838398455504,-0.8667313516188944,-1.7677603318473551,-1.9709354027619836,0.29865833747097864,3.0833737926829086,2.117024917222833,0.6387112750321042,0.7723064522464114,-0.5405407828790527,-1.135040454505085,-2.355075988298945,-3.2236960255430245,-3.5922889041922628,0.1787718043217675,0.23810379187884878,0.5320841577366724,-0.15143008298747815,-0.19259893737305595,-0.011858797560297294,1.3651299781213904,2.351094888740163,3.079800413987254,3.533203166626905,3.0793353087611197,2.6163674452418655,2.594664873633366,2.3330387226199054
3.630690849118237,3.1068817728551474,2.7520933600587223,2.027654652328919,1.4514904431361912,1.1510240621840748,0.7785972302843978,-0.4869301217231302,-0.8402886446369457,-0.464914148776058,3.6487290888549277,2.166396213925587,1.6317077524109957,1.575338130838984,2.212227192237874,0.07251616450187555,-1.3113049879754075,-2.239278901892142,-3.2927973186450323,-4.18713839726022,0.3598645634618393,0.11374778284205393,0.13973390272127614,-0.20305554992277333,-0.7626869854818251,-0.1740322969948329,1.7324788130975979,2.5385760179597026,3.178722106437586,2.8458909870105176,2.822709600792095,2.4486799780861532,1.9876427458849406,1.0585468955771917
3.1460872967116096,2.824368711027162,2.518093549255676,2.420535999732336,2.8080442352937807,1.9933533270629178,0.6964440860980328,0.0074903853683625735,1.0643584356138358,1.582017274885471,2.340553354558945,2.235429893931625,2.3565525950980146,2.047581920400631,1.9148639090838464,0.9917566788753907,-1.2327816643386198,-2.813920819640657,-3.7939659483132715,-2.682148952437728,-0.4869965728171956,-0.161455295881592,2.153964160053272,1.3768810143664443,1.9861287022470566,2.1841343130495887,1.972958497226176,3.3184616222168772,3.4716856019675246,2.680491170858975,2.2761304743372857,1.75352657189547,1.2907225888609117,1.1386540561436251
2.6820763042677855,2.2988270625117795,2.1677633855287253,2.404250568476181,2.917551362575427,1.3575716247068634,0.7340232016067391,-0.1500020550751997,0.779617996694691,0.9169969387655981,2.663419174582949,2.852285134434341,1.495653597521262,1.9543373913108135,0.6612503162730106,-1.453240392062428,-2.4838301002871677,-3.135929582561391,-0.4374684721968496,-1.270171121671802,-1.0498547521946602,0.8639046586205437,1.406190309177416,1.7194664720276696,3.61968647564263,2.281645934169379,2.6460512593979613,2.355893465099385,1.3336952550576864,1.2365425192842787,1.7718040257347654,1.1595771902235323,1.0071381301340894,0.7978817068844998
1.7039418115453717,1.6010683471524245,1.4086164653918765,1.9491868811622133,2.090142236277375,1.2419253060957063,0.09322476218465206,-0.7096662209498387,0.8345082468478092,1.8770446573756212,2.9547714960508076,1.8670429361940606,1.6290430563548775,1.0926057690821502,-1.5335616861553265,-1.2229605338158416,-2.962251576117543,1.6086428902089862,3.398928015884656,0.8525689422683267,1.54522061820714,0.38596533975688474,0.24535776738910686,0.6176996637225246,1.248290759431581,1.06131527766502,0.7323431260117624,-0.27367648914162107,-0.8127193171858775,0.3332403472413096,0.9723251113216084,1.1080024301496183,1.0006288674921875,0.5239614506767963
1.81875997826495,1.6878053843711984,2.0604730612069337,1.8845837622066035,1.184080580587379,-0.2974934614203312,-1.026559806576634,-0.4507203894893162,1.3790329712064375,2.092183566411353,2.129781143366534,2.881544479387863,2.0752122840247726,0.07064784269701024,2.374726437467066,1.7482491682061645,2.633302247054107,0.9537269918046034,1.253445931743404,5.693412809856644,2.566150037977375,1.4942321161917018,0.4077489357728862,0.43246793087596436,-0.01231727740561871,-0.3597869918993376,-0.7800903359690713,-0.6859021808798452,-0.026075379897333897,0.7391103495943204,0.7031081133082131,0.27724034783809737,0.6220196048826381,0.47130326293709573
1.3954556671510032,1.4329015295849157,1.4111260009834967,1.7315286635842888,0.8614822144044637,-0.04261124651426757,0.2591642045817886,-0.5917744489669476,1.2313400591633055,1.3085143842361708,2.1111562187401014,1.2276506942669598,2.204039262334506,1.792312577372912,1.1521879404118405,1.5984669840075656,3.4435177348542876,1.438700676070711,2.0955536313494,1.87310125499927,0.9225538162505653,-0.7300251480522073,-2.3725286232076046,-1.7203780024156752,0.4923764427016044,-0.7853470281084474,-1.4894077728494177,-1.302266076773219,-0.7174239245700419,-0.43289707796216076,-0.06629578747761204,-0.0013801412764216235,-0.8565124814617417,-0.2757407106969173
1.4481553943298773,1.3578974349545558,1.5602211116140774,1.5457878494903503,0.5769882112370915,0.433527898456083,-0.19975163060932913,-0.4642965485543649,-0.05594913763239492,0.21367776729526833,-0.08456524959162415,1.4976394991151187,1.849564592816675,0.8555420904313178,-0.35409259142864546,-0.569409683232242,-0.4985565560413914,1.3261214470747047,0.44148934261476497,0.7408495520616737,-1.4605153988814594,-1.7358197542198859,-1.3888035481431968,1.7839778777788433,-1.6810828970566825,-1.455386813569703,-1.5222421189239854,-1.327105260709922,-1.567770689913398,-0.5622742895691685,0.08531925295601056,-0.7790457940584229,-0.35996831195721135,-0.4428372817051684
1.9534249305867986,1.7239594496822137,1.6114601591672275,0.7834222594264202,0.6885179462636378,0.794175289099834,-0.1655885995518636,-0.5051545453735131,-0.44349627968388466,-0.49815894533179794,1.2911258180739915,0.8370376541030305,0.970175013066872,1.8023014674661662,0.6344675833525775,1.263278161494042,0.8343269122350011,0.2921935635404584,-1.0696510940277555,0.0872301128789897,-0.20678859236216063,-0.5636368232866883,-0.6832364311775163,-2.2801851863246134,-2.4964390083899928,-2.1202438090228197,-1.8876387006519562,-2.1816653949625797,-2.597030597655562,-1.6569855432861136,-0.3039557756433974,0.09301120109068606,0.5128928198266788,-1.6197215239705578
0.43958344118764203,1.2705957390574851,1.2226961319799425,0.2946529173095674,-0.13453415415527106,0.3076192907977118,-0.4099819774427847,-0.42820284296054173,-0.7641518157904578,0.04795775106603827,0.003057454027796957,-0.44803967540154377,-0.5261317071843218,-0.8734457723521407,0.6758545540538896,-1.0443570491178449,-1.00744577717632,-2.8709538004053945,-2.407840660656462,-2.6995848809886156,0.24053489368944259,0.292650936818139,-1.2996772422522507,-2.1700417412023767,-1.7993549668723372,-1.8772527953279539,-2.771100070026597,-1.7281818580744392,-2.161692191617318,0.4556926400328239,0.6492543153176782,1.2089969340619253,-0.16032760255764522,-2.230135256689775
0.3606674527220929,-0.005744911900637183,0.11266129883577662,0.21068799662878282,-0.13469756754626083,-0.8118486452945372,-0.3047479925009554,-0.21328766690236897,-0.40204982541197404,-0.6072527927881481,-1.0052088086875068,-0.017612055441512696,0.2275464827900522,-0.5300373945699108,-0.1021777758375411,-0.8331794166337132,-2.0935097789559562,-3.7963249832667496,-3.5559811737547053,-0.3102355852995526,0.06936579972784225,-1.0090078220629894,-1.4337374026343603,-1.1539574932533456,-0.9517824653997651,-2.7899702642843582,-2.478413198976047,-0.01880291118268306,0.7332613610042756,0.04244767898442071,0.5797563866612736,-2.0662141642127794,-0.8883565647797403,-1.1694058783146621
1.1013502910242339,1.2857996947375367,1.4644637699042333,-0.7045065202787705,-0.30761017635458354,-1.2373058620223387,-1.4206118424610223,-0.19075758174794347,0.21739554022332042,-0.8745382434936376,-1.182546728023027,-1.3305082842663867,-0.5511080208051051,-0.6345410490010864,-0.19324817480278342,-0.9113334804611745,-2.5937107375304875,0.7834367927249539,-0.23413571481441703,0.12992696372866552,-0.22005884628689001,-0.49562610088120773,-0.22355052763260763,-2.374267371408981,1.0106401428920586,0.017097341524391428,-0.37001580826584274,-0.6433229586396146,0.3117532134888087,1.1992129936941713,0.42395988409230245,0.04302822264580554,1.8587753554137967,0.40156461510844654
-0.2822792089018508,0.1344141129897375,0.8305085886310497,1.3439919974373462,0.3431326828826915,-0.8214323671089958,-1.586087301740407,-1.6409854489204574,-1.3728457887231795,-1.1971760558594804,-1.2582683000662809,0.11013673403787656,-0.03240194555398145,-1.6495566959123498,-1.8979330067460503,-2.8943875297800776,0.26309076954018756,0.13125800041960048,0.0329923616282295,0.03666935627712694,-0.3218672965566005,0.6884164903012209,1.2672332485143798,0.7226220330360306,1.23996546109389,1.3278511956072439,-1.4567622035971095,-0.2775134548841172,1.5728872015502626,0.2534906946376106,0.8696816056488429,0.9971103884590857,-0.49233971662147125,-0.6145788602816253
-0.4829352517089182,0.9124273532760897,0.5313730783286262,1.684650671872099,1.447060160429283,-0.7620176904064068,-2.568313826737844,-2.8257255211924686,-3.1153809783832433,0.6061878625436151,0.5971648448949416,0.34295381950003545,-0.7842764536802008,-0.40546884667601363,-0.737930284892722,-1.2129201221489339,-1.2705281826574861,-0.7259394665781945,0.705530818827389,0.6647043628386528,0.9684211779445515,0.4815227970404959,0.6932565121811665,-0.21286811522121105,-1.3568400456450487,-0.8358543367516456,1.358900086539877,0.6368166487716546,0.7412782479393577,0.13371773818264845,-0.32508241788086983,-0.6451855497761692,0.6101512354250873,1.5838237409799818
1.0164701168693675,-0.8265590794168255,1.7497805272872837,0.7348286859177962,1.0048898518120528,0.6819105622084318,0.6502128989878505,0.13774492839708097,-0.906105125290699,-1.0462308692539415,-1.1450653911088888,-1.3720475639714376,-0.40538695996300605,-0.9684663888394914,0.3549967938962385,1.5208042359712075,-0.0627612385516579,-0.25232173364716043,-0.7012741963905202,-0.17073922787297477,-0.15407184073369098,0.8288209320888864,1.279168243263532,0.24640138922360869,0.7004748435303555,0.27269449997628603,0.5719174437116754,0.32158002508795175,0.7350898624501714,-0.21450925710671392,-0.44274025745851225,-0.1294061337102117,-0.09121987352495478,-0.03413979125348271
