script/wind50m.json
{"header": {"parameterCategory": 2, "parameterNumber": 3, "lo1": 3.000054539987559, "la1": 64.9999836372058, "dx": 0.5, "dy": 0.25, "nx": 34, "ny": 52, "refTime": "2026-02-05T21:00:00.000Z"}, "data":
[rows 0 to 23 of 52, columns 0 to 33 of 34]
-3.317169267651067,-3.6693956551953537,-3.7494925089879856,-3.2156025250586797,-3.006837884380803,-2.3006639360274854,-2.5091462811630656,-2.437409971094571,-2.4229853837673008,-1.6957538527180338,-1.4727721965026455,-0.6891040423880298,0.2882417536294908,0.6485150020845404,1.1043291543553602,2.165614413059028,1.364308261854453,-0.21826116658371134,4.116807464703227,6.1157830943235885,1.9674135700071391,1.4036886962032364,1.0572527810367225,2.5857008242955586,-0.2280757229344606,0.459046170370547,-2.202872807063964,-0.22754962608766272,0.3449886617846378,-1.2320388442796772,-3.6470849903643874,-3.350679180404844,-0.717259219447636,-3.038305973758048
-3.2738105551369197,-3.282292953466587,-3.313716626791945,-2.721957986556617,-2.6837024436134165,-2.9695169865485553,-2.979871627289998,-2.317996846850528,-2.370774309419447,-1.959627124354811,-1.3873273723937123,-0.7362338309436668,0.2986940447374238,1.0986428742280365,1.4946953254731428,2.4460867337934737,2.7340662427144755,0.48969841005368625,9.147292609212519,0.7411939153099671,-1.043631656395926,3.7304855296981825,0.2810439041328538,2.145272300181123,0.3439024200052256,0.011201391270501352,-0.9971381636180985,0.5556092609476623,0.42321867147934367,-0.544821993901962,-2.371122040091872,-3.2052946825452646,-1.3296268934856224,-2.2537709321020745
-3.2446473456259994,-3.2329143278883947,-2.9398032819405007,-2.832622741980753,-3.215742476150893,-3.125981929045752,-2.6167081415959954,-2.7217648661493246,-2.03261138435483,-1.3816790055477706,-0.7632040854047494,-0.24546537681700564,0.4391758930798862,1.4048275806043369,1.3105542680629092,0.8359795596170548,4.231310985634404,4.5585530192763954,-6.9076651913220015,1.774452140671621,-2.942861157001834,0.8475685085511259,3.252418413759661,1.6130915127230607,1.2485791688062189,-1.3491734317801023,-0.4190682173828145,-2.1408574852938833,-1.3897625308115977,-0.35734067179835693,-0.027466844528658267,-2.6834700571277494,-3.4102830872812806,-3.940992307864723
-3.613169820857463,-3.5094259555229135,-3.140767403307432,-3.1095370241509777,-2.818137707685478,-2.3196097338086563,-2.3553974864522558,-2.3456984147731164,-1.610372727553815,-1.1384974817464533,-0.7578062287808405,0.8838429496134304,2.0947768181306854,1.411503685125073,1.9789466130020603,8.239855880727761,0.3625356834384208,2.3575146165491074,3.0267221612177466,-0.2564758525797,8.859336688056635,4.535691851905515,4.648545541825913,3.433035863737281,0.03911095326106214,-0.40458394832390804,0.8885744131795827,0.24882539994968866,-0.07234761888164942,-0.158715638069203,-0.9195223815687821,-0.17102513428252353,-2.985420941071503,-5.083679744362619
-3.621760896696246,-3.673467728312678,-3.3401513918261787,-3.1163160361883424,-2.6757533788275945,-2.534358659146724,-2.6582624987992665,-2.1605586616549863,-1.6943038411992086,-1.4765029513975152,-0.7162679267793574,0.30329890453191116,1.3965091911693834,2.5836276063324535,3.2412871955472586,4.116402534207735,-0.3967771185004273,-2.09465220681535,-2.831514502073534,3.6194819719862656,9.212951093601342,3.44303196501277,0.7638868243016497,1.0763641981501382,0.025485327113829573,0.49846900609794825,-0.45568405412556306,-1.6743681441057754,0.3935644798100585,-0.6905079720425152,-2.5415898162339046,-4.96449742690901,-1.7530550836253378,-4.29187865546903
-3.5441390681399465,-3.482451658342966,-3.4746649535930447,-3.455752830533968,-3.3606398182910167,-3.3158681864224397,-3.070988864740422,-2.83123564029211,-2.528178990859497,-2.3807610647727233,-1.568589253043585,-0.3800328350786186,2.00675335759381,1.234741661442754,-1.7830116782470495,-0.8358103030847885,-5.000270872198905,-0.6422895231942672,5.222363293299194,5.594477720742587,2.9474594428697403,0.35319913099128253,2.050592332689394,-1.0977113943593855,-0.6698184913707828,-2.0633233133935427,-0.3842756124504662,-2.1755220929324985,-2.1618920045057983,-2.1425000533098313,-2.0638714337413644,-4.625683907177238,-3.3805303990590136,-3.3402686265473434
-3.328858741058464,-3.421913109210516,-3.383852610483141,-3.511261574300362,-3.7518732685784113,-3.896354544563258,-3.921507519218133,-3.142708368883834,-3.18105610968934,-2.7488742959587,-2.2043906313779607,0.5936752738674582,-2.1286072577519923,4.722052312946045,1.005935850947871,1.182563422045199,-0.5857043506067057,8.679936785997679,3.5631796807592977,2.1747827699375737,1.4176262537316093,-0.8067291598546261,0.6417688917292454,0.9731714655904142,5.297726749684629,-0.26864144583907373,3.2509651280752436,-2.0953947773159056,-1.6426258085364642,-1.1471115342441067,-2.819084223764091,-1.2472392412687006,-2.35634998832307,-3.458082267135844
-3.513747439291339,-3.609683930075766,-3.7311967687057126,-3.4585282963757145,-3.596900107247398,-3.4629291614747078,-3.267402427049135,-2.6775254698807256,-2.816737848185792,-3.164294166017826,-1.4565958812676012,0.944143441614882,-2.1007664565815665,-0.846221116226226,3.1635269969357207,-2.7344177859506233,-1.127193692714876,10.031344132584543,5.641267231436124,-2.257739508619892,2.7610802058509507,1.326280757827983,-1.0667035328635264,2.0051065618470085,0.6501652782525464,0.03398934766092939,1.3595018337304827,2.7468608957717184,0.6037139163180879,-1.3570611776867945,-1.283910908883308,-2.036043470589315,-3.1202752227323076,-2.0133161715929475
-3.6151822942186818,-3.483998343949076,-3.5298731176202285,-3.136162141189002,-3.2423345834073816,-3.3510599615332546,-3.094971700419774,-3.4748557975587175,-1.6817941930477245,0.7827429439055914,1.0707353572493135,-2.1326460110707064,-0.3377923961325116,6.629234277423844,15.273021649194169,1.7905893981613776,9.233662023702534,13.274198109032312,7.983223794895004,7.65621659564257,11.898140958827101,6.5293447104465185,5.816412470314462,5.681090604465973,5.413788828148174,4.164024103577112,1.2934670245283013,-0.609290071902124,-0.14451069293448796,-1.113287391182384,-2.795806752309304,-2.464926593304234,-3.0403828360565073,-2.8527100122657227
-3.9833434509602634,-3.1959721180887657,-3.0300770860004524,-3.064547624137643,-3.4636105371755854,-3.4377033460860504,-3.1603636226258742,-2.482788536697876,1.9125838526368457,-2.9791405567895084,-4.587885617164862,6.3562070767903736,5.79720245199363,8.762157208421627,10.090635681918943,16.973717881159345,-0.26346489241674825,6.1496207987995115,3.2447291362358817,0.5560333654132611,6.731245769428168,-1.0253809858517196,-0.4869283837717985,5.219886154839209,3.3865517325302625,3.622668031718892,1.0668520278662665,1.6744080815370646,0.09885438317934657,-0.6993013672389021,-2.487805777462228,-3.520094276922634,-3.130988301583697,-2.9534822280099045
-2.9622172568946765,-3.0160439116312556,-3.0819188109406572,-2.763039283717997,-2.799856581352255,-2.8010496345106795,-0.4591929865832796,0.4975755825886664,-0.2320083103168298,-1.3503345476775106,9.39801532448377,8.05775782023979,0.7462129766624689,3.2951541276603096,10.407754041169543,6.216387355256746,3.1329373460699315,3.893815078929839,4.62399072337027,1.4967979815413341,0.3773733479644065,-1.2447263552649912,1.884974726310864,0.25315033691698513,3.8723331324470287,-0.726893092154837,-0.3941330080529786,1.3566884805440278,-2.968791013326815,-3.192815096873537,-5.251141733301574,-0.5409474320068134,-1.2168479602755864,-1.626316835860337
-3.0308572573142496,-3.0415627342081066,-2.3565726224771226,-2.1127770337322223,-1.657304655086005,1.0233164815492304,0.03176915515321211,-0.0840147663161127,-0.14823042971929584,9.345399908932015,-0.44594763367678214,4.037445437841766,3.7587633318330327,-1.0739085920564702,5.290307135408844,2.7913449456695436,6.782064043384773,8.224356313415296,4.309068074658831,4.429959046564216,4.497162089851045,1.288715785851703,-1.4978832577738495,4.2905969905833725,-1.324927259765893,0.04007066273002173,0.9501461861697356,-0.9699721096918598,-3.2110115267496875,-2.2844680415361553,1.3567710357674785,0.02511555553345198,-0.23698203572559257,0.21403228276844868
-1.9788304898048017,-1.6242742129351986,-1.70040424925523,-1.8392954092274125,-0.35047162933948656,0.9044568042582116,-0.5442290542860885,-2.0508770740885933,5.188309984771511,1.109031549668755,-2.0984402979022674,7.001404248529102,6.354613375423521,8.452278392495643,2.5123107483682383,6.403389943863318,3.7258558310176437,-2.2285881190489114,0.09058523950826103,1.064463033887232,1.4236142528623479,1.5123757571984064,2.3241725578174206,-0.8140300771465405,0.04658308661047049,0.37809926117942516,-0.654779592085049,-1.2954221273796849,-0.8344269161338537,-3.9061094489120873,0.5840043583114861,-0.16019701876115494,-0.4724281279760091,0.15455983392684797
-0.5150106537991067,0.7402154789428305,0.8711730265664215,-0.9071749289317743,0.43764260825727624,1.3019240993151246,2.4525145625326092,-1.278396364933515,10.595475278906296,5.989126540397599,0.3656961327810026,7.138649769398186,1.6341559575037468,2.476719678818133,1.5848072423857682,0.4935144934606384,2.863476983277443,-1.15977868110115,1.5626560732135697,0.7918353914628582,-2.1072314391501146,-0.7876170247540327,0.2636807040888801,0.9808302225359998,0.011457956676267634,-1.3692122503847963,-0.7602413543549018,-1.104567319442349,-2.0774368130991996,-0.521786529393472,-0.4664513051661723,-0.484131636403528,-0.3924229505392509,-0.1992598536926792
1.2023062556000508,2.205361013975483,2.0317623278053434,-0.016165433638929153,-0.09041004248313715,-0.2896783515261989,-0.5004804434007062,11.698306938918037,-1.347355043259662,-1.1189914521347102,-1.9892581537339566,-0.4509444756284643,1.9369961940354035,1.3379122016209073,2.6594866726601785,1.3312196596140726,-1.1478280264900265,0.6746172961866473,-2.5374755089179204,-1.1578019604684011,-4.180577327007828,-1.1994177639481396,-0.2077316276651428,-0.43616817033545174,-2.366387650623719,-0.8714972428325284,-3.4775594938621883,-1.3094204838382326,-2.165906100322179,-1.166057728475797,-0.6241340619255896,-0.29580617128184644,-0.08939348961010177,-0.2015018235891005
1.9093145647821117,2.2421892129328977,1.4477265088536977,0.709334100631387,-0.12051120035470327,-0.09840779585019412,-2.1991468986725264,3.4375163805228985,-2.002586238101907,-7.1521967795925,4.5023360070002525,2.450992978034756,0.16957192359061013,-0.20006889781195153,-0.9507436276772848,0.6475910015214515,-1.0462348669846933,-3.5607909519156795,-0.7865608620293748,-1.6543840931116018,-0.9755232753526908,-2.966085662470235,-2.8813681969046896,-1.0976971162873377,-3.5889125965625404,-2.6508226494231906,-2.4658821650466503,-2.2182919209796905,-1.5874943257349636,-1.2376123622958255,-1.0185925090112105,-0.5948453685614022,-0.3084459050214584,-0.2368005419433825
1.5841926653460325,2.2952940768405368,2.2652066481675113,-0.9907979734018295,-0.6691544736725121,1.2455744289068822,2.374308109138006,-0.42425251035596684,-3.016612032900883,6.525176810317624,9.181593375048543,-1.3838560990884887,-0.5375917958315284,-1.5929493469783342,-2.7094238883682764,-0.041010498123772436,-3.835443456608675,-3.311721483074909,-4.816686130983922,-4.118738886875821,-0.21869678376751875,-1.4019537558369926,-1.1668284022022801,-2.1788427256346967,-1.9582557675588894,-1.9834919959854211,-2.0360406894153877,-1.676745603290894,-1.9790787549106517,-2.036131629057552,-1.7621446070355706,-1.1379383540920611,-0.6811708686525955,-0.4905432570504581
0.9002061637247595,1.8564988468563868,0.7434420703761391,-0.09340645085418246,-0.43548492438371306,0.5045205427368235,6.371351908248563,-0.12390385224082873,1.8977941450650708,6.852667390139526,-1.1192319262244537,-5.2537223788412755,-5.49160955781333,-1.201928362525793,-2.402192013367136,-3.5107885551045404,-0.15055134367686743,-2.5555099226640126,-4.126560142202554,-2.2457495994712366,-2.22534592483679,-1.3505416666435843,-1.8728905169608494,-1.7351207008262235,-1.450833506323302,-1.5674757893523246,-0.740461778715852,-1.8892625635280675,-2.163351618821981,-2.111472742557959,-1.289409444636125,-1.160067703358461,-0.778885385705331,-0.46224709240306927
0.15738824800413023,1.2203987885739471,-0.031613304918367585,-0.43075232412688813,-2.060456511611919,0.756146354359716,-2.8677268169195114,-0.010783670750442486,6.056619275880764,-5.058024788090182,-3.2360284990922,-2.5187809269910555,-1.7451352419016146,-3.2363527261620644,-4.294248419944507,-4.385021092050477,-3.914924839471748,-3.917393724877279,-5.858239701826671,-3.7111049048720037,-3.906902261093803,-3.3853936886704523,-2.1154717753278125,-1.51046450924042,-1.8082080116139891,-1.6235204431056889,-1.3091805383712087,-1.5885547400408744,-1.7563351539913752,-1.466220370347883,-0.9688029795805779,-1.151842133004637,-0.9433494737267876,-0.6351306016159167
-0.32765282071249485,-0.15069810400569203,-0.717655726673735,-2.2663075886524062,-0.9970750612985905,-1.7545050646575722,-2.9482840988538865,7.318711066996539,6.143906467189754,1.19537957661286,-0.2463654678286785,-0.4279656230669879,-2.6949384050169614,-3.5331072707687836,-5.216075507639844,-2.499603661595198,-4.12797275736786,-2.9023021298845624,-5.793535384669624,-1.207984232105058,-4.619533378889851,-1.9658496086722757,-3.7147782043779443,-2.432233257964099,-1.9531009379681354,-2.3030656180975138,-1.5971119727530272,-1.9788241799745794,-1.4613893156500648,-0.9930126599834285,-1.160034994542074,-0.9711088749829916,-0.792697640653577,-1.0116729711710202
-0.4267632206649152,-0.23624639358083915,-1.4505314323316139,-2.066986326584601,-1.5864093121014422,-0.5424142702043888,-1.1006454359539095,-4.951863923984864,-3.722599058605937,-1.1486870077164328,-3.3653292028998743,-1.885995765071712,-3.606548238873676,-3.6287942194597633,-1.6510629628512723,-4.8971261581172785,-6.9967006931120395,-3.910523576748365,-4.708358163475418,-2.4489288486929843,-3.592268999201305,-4.0191807250822595,-1.7937563498933213,-1.8200910131304198,-2.625094006817898,-2.1445689899375218,-2.4362729046469025,-2.6455703906325705,-2.704660316260981,-2.9411674481278767,-2.547312471279857,-1.8122719452868459,-0.9460338071319044,-1.0921247458300958
-1.053017125557352,-0.8098125495100805,0.18860171920818833,-1.4051490892585097,-2.5237401792462486,-2.062384775319727,-4.538853212482497,-3.7298512309403073,-4.044327498458146,0.07203726511200653,-7.797667967734687,-3.779844983374654,-6.612267709079782,-6.268042121114538,0.7242683770227794,-6.869980943177725,-5.270404150898486,-3.3518076679657183,-3.3311409513175954,-3.4266409601914916,-4.463221347805712,-2.860863621973049,-3.3780650676751294,-2.4048696488276384,-1.98427624011916,-3.283136994367038,-2.718937198480774,-3.310525561366764,-3.90296922696011,-4.719435538802211,-3.367011266371267,-2.8975837542252605,-2.3968893941952247,-2.1634758696618004
-0.46959120642752944,-0.7209461489938414,-1.1271145214164464,-1.234331340067455,-1.0813534397024054,1.3627690333538713,0.2607629507400401,-9.114446191889943,-2.712283707691453,-4.565845526289924,-3.1686207149321697,-5.703615098516302,-10.35628140061606,-5.920300650155753,-7.062740856653459,-8.873138821416353,-6.127261997618183,-4.160442679947212,-3.561226057705006,-4.017571574870046,-3.4501017508766574,-2.9392031655233546,-2.130883908793229,-2.2862470792712153,-2.8326658563752676,-3.684208447835949,-5.205195109956973,-6.226295154704552,-4.702677762663372,-4.45736978417515,-3.8088030041950938,-4.198216731194513,-4.629951955984941,-3.660900238513214
1.1941904223233266,0.5005424777909802,-0.3989102363223315,-1.4682007814358986,-1.8462830606504732,-2.8189130234721715,-3.756511109311627,-0.18573426878750876,-6.326069315669047,-2.917942266300974,-5.1776090754306505,-1.1422724973470502,-4.835828217431954,-4.930208935026962,-7.850783078230017,-11.851010283796649,-5.226380917745004,-3.0180600115419027,-2.660173308165264,-3.2089306594321676,-4.310498095219294,-4.637685097516244,-3.2621636437134622,-2.892220863846851,-5.943825948423067,-4.8691086843537414,-5.6048988200708765,-4.875457843176951,-4.241658337701561,-4.697609943363277,-3.4480412298102294,-2.984121135293292,-3.6303522845202654,-2.9770891232026586
