script/wind250m.json
{"header": {"parameterCategory": 2, "parameterNumber": 2, "lo1": 3.000054539987559, "la1": 64.9999836372058, "dx": 0.5, "dy": 0.25, "nx": 34, "ny": 52, "refTime": "2026-05-02T00:00:00.000Z"}, "data":
[rows 0 to 24 of 52, columns 0 to 33 of 34]
13.033602137366351,12.857840010063772,12.312568053228926,12.499302817922295,14.174253178571904,16.247573196044204,16.08498747952821,16.7992074496916,16.121173829288566,16.703709708360748,15.644349333310826,15.339570123956264,14.763817089009532,14.532775554033273,14.248686897377889,14.316580274757097,13.450972298114731,11.593605235663048,10.138866987422343,10.502937291076918,11.31745093791772,9.53436215074865,14.950973066492356,17.622744500522124,16.438167759308588,12.910916164166238,10.6591305785146,13.85552780753366,13.221195893642024,10.835838426772783,9.989783399240046,11.431826813318255,9.837284133710739,10.497104167824036
12.679551337815566,12.126976311687713,11.71748334248017,13.631701496281496,14.970339056679627,14.999877272111354,15.792997969096492,16.525674372888684,15.697345254324269,15.038178436664971,15.20004649377652,14.876712578924321,15.333893499716723,13.946038823205416,13.411802730044366,14.824852002102258,13.59916638867767,13.027803434308165,10.445976036233155,15.772548366054075,10.087774919833338,12.513065727860392,12.973214853603821,18.90660380643237,14.7754292021974,14.86744278469693,12.511838224135738,6.929786854536005,10.617136926235863,13.071631423700413,12.786797232391047,11.945778130715107,7.835155526093573,9.333090056192628
11.812563573176968,11.408822156224941,12.563298043102177,14.136580703318451,14.423950469109679,15.487537045950209,16.266338762666262,15.428650236474283,15.108097998841133,15.787857030745418,15.622051090614834,14.568812806270333,14.73672448002818,14.307886671726408,15.535010107540268,13.638806730307378,14.589848860030989,7.932575713179941,7.97067864443027,7.024853914261589,13.842071877026633,9.496893889328806,9.593568866810763,16.749463745708006,12.81053993882368,3.695281678916806,5.700458964991528,9.884473420829302,10.9545917081416,9.740463190126519,11.92503185770435,11.276331296037439,7.895366677479244,7.156997057146401
10.89280199367469,12.132841916175709,13.173913096840801,13.616377983032072,14.921015273247097,15.356378540673617,14.608152750986708,14.169568198638245,15.176947806745375,15.328419666771127,14.716851025907077,14.55768976572394,14.790300438385884,13.535345232031604,12.507001836610844,14.334516101058904,9.339427194945852,10.554251260277121,12.273147753185704,8.022658610159752,12.471655228226648,14.784709441224898,14.022585969757003,8.982473336995183,10.7773637738464,5.355120268412469,10.191750569396815,7.038866192223216,8.483854177412809,6.801330278669017,7.106074381981709,10.400111614974158,3.7812045292666494,2.4354359434758877
11.08289504401595,11.95651594787094,15.117484232422436,14.551419546572813,14.23259244594107,14.321853079528623,15.556096020157078,16.589424606575452,13.437649592906268,13.180943667120442,14.432656494422979,15.468618766714215,15.071941874243446,12.356771287682303,9.839120659420693,11.115463027524372,14.996842633363524,10.862233514465002,9.13824377341157,13.901716602787381,10.819011831651038,15.873983660133753,12.740305046802334,5.635700465408659,13.16449377438012,5.56829712067068,6.081772705274537,6.653786202175114,7.107877005631221,4.3501516674383325,4.519223425144194,1.575309082168654,-0.8364265327748643,-0.9692447437295383
11.248356783259672,14.033135658462653,13.481237755459148,13.496586831132882,13.347547865336445,14.182673015400054,13.20581682651308,13.236909071344813,14.644172672912354,14.721149257573561,16.167568632953326,15.309101533672052,13.43515597735067,10.23338531568147,9.430362400014626,11.564571254812606,12.629634880885163,10.345743768479585,12.664101748454648,9.648676259710294,5.743147247471325,10.017067022238715,8.91108217249726,6.377473712222421,4.949264799998199,8.592094453708494,6.435936228096338,3.9138012509032394,-0.006550946303266733,-2.3368526322417775,-4.319832941803392,-5.25773496700239,-6.721146145074601,-4.464257022952078
13.347585909234189,12.530997359200477,12.557606460292016,12.670379847329455,14.048715191000868,13.295322835028282,13.56578674699352,14.019076971278047,15.19050688185319,16.984966738619665,16.39501190805274,15.062672729441532,13.56175510317521,10.089724160229943,4.299635429177681,9.510249728861643,10.850532477240998,8.003705918600048,10.368236735840492,7.997443015024166,5.257965885533824,5.27795685975428,3.886572431390166,4.484571794119487,3.461416260350355,3.042111052801584,1.4458437530159918,-0.4978960659577311,-3.274641365167872,3.2963686600389766,4.910377146487585,3.591814119619931,1.473753539988348,-0.005452911846985978
12.260709481692482,11.807441190454712,12.796939020514474,12.232496262476312,11.618346517666344,11.896758502439198,13.632832786830683,14.891692162264755,16.67979468086175,15.463342947913047,11.204214432914366,6.853870668917497,9.646620665210124,14.869703439700395,7.670692656069871,7.152478071367045,3.9539941251446526,5.704992438831315,10.967603680500483,2.5078363141890834,11.05967193467432,6.374740784595859,1.5133784802811683,1.126266331092743,1.1945222509238211,-0.1575735630606492,-0.6607944683203586,1.5320725808150064,5.7974252829472945,9.821795525460699,12.041981332308831,6.561319363190888,4.339161953870036,5.307569062581065
10.732365465064257,10.455148129514336,10.404791016173675,10.530457694120823,11.095147391929409,12.182976289548703,13.693163571567359,15.422000614218476,14.656966232712614,9.072575151789016,5.021950904415482,3.3232694042773376,7.674522027775857,7.407236046207237,6.851745238843843,3.463011121901633,7.2781463071474946,10.63288393514309,10.73984930829476,11.988528536872492,14.893375550907628,13.995751535626173,12.794908756519225,4.745573933448012,6.132363186285314,7.519616520716438,12.027624100321441,10.495516157503058,11.374167101011258,13.995598345440234,13.534394398208246,9.411265872042373,7.8425454918057165,5.270555503599847
10.196369548201407,9.66386722390848,9.485407078360813,11.54105305345943,11.037926294326217,12.486815819341789,13.382349172092978,11.937544887922877,5.965944058046338,5.534411631668193,2.5887674717565132,3.7429740144356085,8.312809904429352,9.943737462128867,5.649732200894358,5.769808038208079,7.739896908975198,9.494721825176573,10.663101916014272,10.14533336752605,14.130897555744276,13.974099390519237,11.827086458229077,14.0863008911471,8.587926270984546,12.030977854107675,11.681948411781445,12.437794644149704,11.998330208778919,12.145587653701186,12.508673037369563,11.808455423874516,12.038066756274947,7.87875398261011
9.990587901122826,11.287019199901161,10.759039876999996,10.31886799607829,9.121149077029111,11.575870752631864,7.159676543185171,3.1375099138353235,9.587748835554578,4.985378936131112,11.958743821737501,9.42089906687632,7.209743592023501,11.884686134468149,13.56356939911838,7.771651331632127,7.619650200017376,9.368188127960586,10.271923771568868,11.931732284538402,12.661399518769775,9.998242598721127,15.686235011066376,11.451494967025093,15.332726250454934,8.593283754614356,8.8503357619655,11.917197630917924,13.499171622665507,12.79282476662479,13.922006328596236,14.281534808710996,14.041414110341467,12.044964563783225
10.07850965538069,10.345419003348587,9.59939568792016,6.202814258220041,8.435241846965482,5.886472269772995,2.592677612711009,2.290798951488436,0.37886714783551695,8.138526963138998,6.19999747159317,15.413020086342089,11.753798573828117,18.229655700218867,18.799756848245686,4.94990053533795,8.098304934370049,14.213692329770945,8.47392741644192,14.358252789354465,14.853054666742057,14.214210361264678,12.612770553161049,11.956323928520018,12.282335694428765,13.2976697222152,15.645046826400558,15.936942424700563,15.65204284911111,14.385377347353415,14.232459096154768,14.629971638477565,13.693255011437397,14.171244935074254
9.170842507986556,8.65457973200944,5.761799027385304,5.573581278833106,5.476949895597692,7.127089485210374,4.853214821409841,3.7248781815978815,8.065675754986128,13.989507634770725,13.718552280597534,13.389982242771115,10.393459581945416,14.305456649434738,4.210521180255699,18.282738528130682,9.46225418289771,10.616841780713296,9.85150233742351,8.231277299695332,10.130756468501408,15.335801990760439,17.084758417718,12.44442660503663,14.305174542781204,14.938882875876052,13.434266129044746,15.298096466256204,12.56501414315981,15.440056322517318,16.47365589592751,16.33977026507723,16.90636771676566,15.618889112052962
7.0059893158825135,4.711592385273379,4.960669958324668,4.0148121142312885,4.0897449773347025,5.475433716212772,10.530748585340465,4.24420677173825,10.925776287885421,14.269625762279727,13.812688530841651,15.127776857502312,-3.104939555187207,0.5556632146961986,9.003498095648427,13.904603925213381,11.492291996708882,6.262313156677387,7.78556706841187,13.591809004228452,8.919020157128665,12.663369419850433,16.401054326967408,17.113980525967165,13.099269758221569,16.331995977010624,16.992053946015115,13.51304931392695,13.341310573994955,15.15820237580499,16.778670265821425,17.349007229685263,18.80481462515793,18.717417388895267
5.349313228137056,3.922832813708704,4.890656674761984,3.18025300414514,3.001263966760595,2.7027682129520914,2.871991459572997,10.920856666469149,0.7009431820024674,9.764046757219134,12.47876306802534,18.34805829181059,20.236417202240037,13.78784547077296,14.461046897831249,15.099788802613434,12.43774010396108,13.174748773638747,10.072213223212934,11.446810085561012,7.446102370514856,13.025714227804105,11.273594061889272,15.801590034653868,13.412051650435489,13.28902507482639,12.354717475213429,16.18162843529809,15.391843009393948,17.66201749284907,18.693267328428593,19.4677240149687,19.89642283902301,19.898483919453813
4.159378884906998,4.541086350639256,3.760514841397654,2.376424855397852,1.446922419249433,1.0886858372682178,5.8538197212833705,-0.23329709187054443,8.193609742146403,8.245347106804612,11.089357776175033,18.535298847964448,9.356984159863071,13.243590869473257,11.70352395634691,10.254447012531443,16.14704966859351,7.7463177999577155,11.743303149501049,11.77766406514683,15.703322666341494,9.836972259650217,6.213862465469897,13.992947719805642,10.449282921542853,12.15060989420384,16.433200637084795,12.774581567482143,15.016212796149674,16.165636270675517,17.255081449482454,18.756888147830143,18.445558809933207,18.828999707467002
3.7043545268778457,4.851991922855216,3.402887995937198,2.1770681889641357,-1.125648406454849,1.5449884961764915,6.19077235144273,6.444171374819165,-2.0853576242467406,13.202920877471582,18.942225561451643,19.843003466317764,10.539074797521101,6.138418623392095,5.123329188527839,6.456375196884998,7.722676057717225,8.463270119398347,11.663544737854552,7.453222653268736,15.280687388674236,15.775894458081666,13.736048304380887,12.524995782026368,13.075630427019265,12.521595725651142,15.999145368985234,14.365375203772645,13.966579263767374,17.121642830419194,17.87565241669486,18.34209841388552,19.020397003017123,18.2942609376625
5.3419925684308875,5.384687795734812,3.8858682232955317,2.521506385177995,0.6527209171061962,2.4284276474372386,4.921920839942485,2.790947258255896,13.16617083730355,16.718009984331314,6.822657377363377,12.55341511801956,7.793610239368793,13.172883690751378,12.997605257539224,10.938487283885975,10.203423165249996,9.917186156839877,13.32619483258146,11.320063922035809,14.321137727066532,8.478589223367841,14.881119640322046,16.941685326050994,10.358283199372526,11.659976380541872,12.128113215557962,13.603828755105685,15.197369816192024,15.158212604468972,16.435750301516553,18.431756765523108,18.604054888783647,18.275255403822733
6.485744368255931,5.173425294760242,4.985523213471253,3.5550043853465816,-0.19906898682205557,0.9154595942997104,6.81034713444502,7.948456325609462,0.6170377998401211,11.980781312197434,11.241013925324165,14.113152992246269,16.085135684741942,7.692764675666837,7.913695354726535,6.881402389226187,8.59886483784202,8.859851848225818,7.616518171308022,11.614652350744366,13.90202803348061,14.280197460210465,13.122159189286029,12.922792048462261,9.663833703505816,10.446059121821456,14.061297459069424,13.076195871899062,13.408126900156832,14.422786390573979,15.282869124776974,17.626172995477198,17.649124330329478,17.89876695367845
6.759821534664522,5.2263712912684825,6.518832868082031,4.358700064560986,0.18187089068834258,0.7817205120213381,2.780574495224492,15.565313834161046,12.595151468966014,14.070586621970005,17.83240064593107,19.249269193909367,5.201293150938752,19.209053493493656,7.426756681531699,10.740403221695907,5.420511474653577,7.855321974837331,8.372200975867178,11.21870261324273,12.336589716845232,9.903941284964853,12.404585002509213,11.007851899539702,9.123743058812272,11.211215445811412,13.571931063984481,11.161839332967302,12.520507923662747,13.843557248267324,14.241856478247948,14.472661792111142,17.166491725695867,17.29006947969227
7.413188147809932,6.828004061223402,7.107767051432024,4.296054839776681,1.3899809646288868,-0.05168377417422658,-1.0858444466155128,4.8974530251716075,8.976386740281738,16.721252810719385,13.191909289052553,17.41276003053888,14.132443269345561,1.3393147560456469,5.599044103492511,9.015823051400789,7.472625272728015,11.157571027539776,14.156631720117817,10.960014495655592,15.731646354922805,9.093241808234364,13.047804907974674,12.118431903233198,12.931332749605453,13.484250540984391,11.469291747902812,12.137727014189897,12.494239969790609,13.971925540373162,14.686401788659113,14.670025722062169,17.283199653965056,18.50566012827468
6.820145045549644,8.007958456180702,7.120072616816395,5.037099989358155,1.6071803488296155,0.793041416477391,0.005554066201137938,2.213707053688403,8.722956824295089,3.6587333196566973,17.2909584029101,18.08908769415489,4.928773049323943,10.584394534081998,8.021254188343889,5.851065132191979,11.054949490287148,10.947760913378513,14.966702804269499,11.49683652555459,15.568042656169718,8.907842151248374,13.217182913572705,11.888103182177137,15.726102923280335,14.461770007646592,13.21387380491184,14.209830906795583,12.571546357376084,15.94851401016947,14.744120590740907,14.700999225889538,15.627898221651222,18.53148359764121
7.749320797979572,8.437895653691175,6.796903024499645,5.312094185537933,2.3007561810737056,-1.68923071360841,0.9167495444547819,4.265590495424323,11.676425885156924,11.76137431500468,2.7570502696627317,12.548422941506004,12.764710610259035,13.073045773696032,13.262368890144256,10.650801836391366,13.707298475736991,14.406033483600185,12.830100490096653,12.683071889317516,9.55354786445085,12.164634386129759,10.286945298336933,12.01687549758535,14.664751573980597,10.924105519505195,13.511249508943834,13.53685322656506,14.257634590439961,14.415113578124638,14.520709426364858,14.572293773560315,16.778930902508215,19.088242100429632
8.519286579344955,6.618988349652131,6.866010253622747,5.887383721154364,3.7588236241781905,1.2422011806458193,1.901405758118279,5.480048206393723,8.580854960427391,5.274221803486456,7.078185050047492,1.3566731765913955,1.0655300287004796,6.808534349987882,11.958464284179838,11.935380418415464,12.839150653404396,14.508682327888737,15.857102863549438,15.14597259453955,13.468325603356648,13.785579221056482,15.012156479640147,12.80300594141029,12.831338276595735,13.813567230251206,15.264357864786081,15.211513332686863,13.936222742442554,14.095320686755002,15.286019429242488,15.550102741851926,15.676945904873069,18.457931774163047
6.984906353452526,6.511241033560193,6.702906747757055,5.30715028149869,4.096050606096294,1.6109141447546267,-1.4176815318776024,6.887281855437102,10.90331111175408,9.31855441448912,10.672637740426108,8.247645380489693,11.584819096608674,11.448238103956905,9.852617922699944,11.794933084397817,14.479485820850853,15.025547348882426,16.56544903487789,16.305462211596343,12.780598660411615,15.930566746432156,15.68312535164632,14.214380948037547,13.47372366037402,13.984951009778632,12.126040757091845,12.93866630030326,12.945332103322082,13.556783883839966,13.623542425135138,16.68542569244251,16.87033005761893,17.997268865751934
