script/wind10m.json
{"header": {"parameterCategory": 2, "parameterNumber": 2, "lo1": 6.000198445256149, "la1": 58.999992894266676, "dx": 0.5, "dy": 0.25, "nx": 22, "ny": 24, "refTime": "2024-03-21T12:00:00.000Z"}, "data":
[rows 0 to 23 of 24, columns 0 to 21 of 22]
-1.0629952149400752,-3.746280490702541,1.6433313912201206,1.8734811470510626,1.438409808230104,-0.4504748826573181,-0.1611261145524351,0.15610458573654623,0.9650891211347714,0.8167750708100412,1.6248448136454723,1.0971646676111153,0.6605410155069179,0.7302249856827333,0.5841705342835798,-0.4380602834039768,2.1068866423634978,0.7395707211288117,0.46200886463552215,0.40241031756147094,0.5834603513414153,1.0645207235989784
-1.4146121763296098,-0.24648654683239296,0.5784318173265542,0.7703871139884672,1.553427197975635,0.7205781286718793,-0.10242556871673318,1.347354696161994,1.2779740041709937,0.30842443826438487,0.7037423690162173,1.2311683475091266,0.7260954829405214,-2.1023032907135244,0.6536599590183161,1.4667368991541412,1.770472045189083,1.2616621788817264,1.3132442638230761,0.6935003523574707,0.9266765071072327,0.9379685963210918
-1.3871677506944582,-0.2877772616574456,0.7660825238419112,0.27424509312598294,0.8544232008422312,-0.07179888213229378,0.5170863748781983,1.6490952425516778,1.4857912416215113,0.8061983549530961,1.2852174756378667,1.5229944370518598,1.0451322103701135,-0.7970999547007064,1.6891492153950851,2.0287142942969525,1.652228786973704,0.9960103384271544,2.9282200804962315,2.6391044763282943,1.9359514978918395,2.3435930732290897
-3.8108978382080383,-1.0295058910216897,0.39494197197559067,0.9949414272897225,-0.2495203876229559,1.4772949251960754,1.5835623021554563,2.3784050948866446,1.6344298792869183,1.4633696537006247,1.679769113117456,2.111890395283679,1.393362159170415,1.0854672098302893,1.416005069514733,1.9047497890085303,1.9589910417749408,0.49331507715428213,1.807552596172811,2.089981107976293,1.606696984254499,1.7590771944641763
-0.4764746246623837,-0.6937578674105762,1.6622152024257681,0.8650883657233877,1.7289170071277957,1.9686081707941625,2.103656363918055,2.6843975397663296,2.168851178051836,1.8594189719470817,1.7884620551177592,1.6434196845504894,1.149250024748433,0.7734708395616696,0.8697254075302372,1.3798189660446765,1.5958193042562867,1.1823343368277262,2.090733760866117,1.6494950842455023,1.6952212664275708,1.4054179421871742
1.1844108061800689,0.15462670742631315,2.3751229777110137,2.2045340275591383,2.020396065729751,1.9721856589114393,1.8623356051405031,2.109813684616924,2.4796828375909126,2.8024592772171038,2.326728032496498,2.211755901667686,2.0027997837317324,0.5725127313936496,0.4250147605555712,1.2063881477795233,1.3330283503363076,1.3825159557362967,1.4258831758199866,1.2986905028400617,1.4392263326367378,1.8869083932658455
2.1561509065782376,1.9151313573152393,2.431275039704741,3.991488608814696,2.8479952560736503,2.707328233789864,2.0632067773258984,2.363905185540282,1.8430567975874208,-2.066378291606065,1.4760608962391668,1.554848119447946,2.30586548817699,0.8479216293341219,1.4778897939067406,1.544019038893412,1.6932760622154004,1.9968767502934144,1.6230193538143336,1.9318087359592915,1.9323215743318085,1.451701062346826
2.929399912701257,2.4489485354213913,3.5290454434842897,3.934044344955171,2.9779361960375983,1.7461813086289708,1.6266318427860094,1.8933061636756063,1.0151947005028277,-0.6830557381777447,1.0831033429219519,1.1733347633013689,2.536820669168933,1.1335556556625133,1.9711515113179225,1.8227059813414557,1.9442456390833742,2.1081394175270898,1.9481541778182032,1.7488096584824728,1.9820856963159292,-1.2509476820885266
3.5070931086225685,3.395843797574848,4.350490512180458,4.294546987055856,2.5004322593698722,1.936172094964377,0.7870157644896238,1.7646865227699995,1.28547810909275,-0.7303500131112295,0.9734987495583035,0.9716275116551414,2.126479155644133,2.7972305683349075,2.2831007108849866,1.729822941465199,1.673857911280569,1.6837657808575468,1.8202406456058466,2.1045059445054575,1.4754362334938926,-1.364698911438391
3.8081563186944027,4.5783500846038425,5.012428906908031,4.7190918752551285,2.608570151588425,3.0919321155634436,1.4344087253532927,2.037334910005651,2.004607029091199,-0.902266642867217,1.3399620061288946,1.68356279951027,3.013153478583532,3.936759988550423,2.824281060122366,2.3511763301209183,1.5463850348726753,1.717481931152267,1.5299226558118781,1.8379337277248005,1.45042292031486,0.46256660390943427
3.772608775299557,4.984702664632259,5.084690557965056,4.849962519655008,2.651960442297981,2.5522410242517304,2.7848589948085993,1.905365228792118,2.8119667996237543,-1.530666840406105,1.3414359236390105,2.6022643867253876,2.635885516647928,3.181783845842148,3.7327458283150454,2.5878480894751372,0.9836666343020207,1.4479126821324106,1.4039109644764818,1.1575037440689726,1.2831821678461488,1.9506760329648092
3.9908001385910574,4.88538616572185,5.349493630398979,4.824149724971021,2.7089916490405836,2.3448542231273284,2.8145171956272987,2.803206287091376,2.7100827636443965,2.3651640634984026,-2.0879137411068602,1.3367163989103716,2.6965801447939404,3.042798042989561,3.43009223352496,1.9414921593603847,1.067988598197527,1.2780413085137134,0.7281368665481963,0.906637156369422,0.7913444318160349,1.3665735333410498
4.217485738380635,4.93666860213086,5.017873929354393,4.697336628074853,3.343122986094924,3.1449727741488624,2.6388430163294854,2.6122622176517294,2.5668339096046613,0.935835349711661,2.585952154355254,0.8251988459455087,1.2994189380504613,1.9617599633530034,1.724995311567265,1.0868917386400443,0.8212278629775711,2.0889948882025275,1.718765695197511,2.0976719388964313,1.3472977689208623,1.0059474914072644
4.587306181629324,4.7272430641609615,4.787924430627381,4.535278016787269,3.350794189459786,2.962640506259133,2.8973828643883723,2.8080064558433344,2.876890945312264,0.7192335588334722,1.2295746982481806,1.0788644568088366,2.1411519574451625,0.31469983819788827,1.0627324550438217,-0.07737986091442352,0.31464735992031734,2.0639991926964534,0.8185219654718667,-0.4287126315832254,-0.4828350146832429,-0.3041012743105114
4.898170184420716,4.714798583931927,4.161693656340855,3.938320756920942,3.555767058592642,3.095688362069018,3.0851761215942246,2.871485330750873,1.3220085218587077,-0.008277576468458555,1.2440606954073155,1.1961905781984286,0.7748021907469668,0.12073146908002175,-0.8240796528369231,-0.27701227300605896,-0.6540588115806778,0.8013583695137342,-1.201728389086117,-1.8686230358723106,-1.0073771276100871,-1.368797242312236
4.86791619438829,4.6005045451522015,3.884042171105007,3.8813105806599895,3.8662528627466846,5.061783176127348,2.8904511868899077,2.5228945333455024,2.75208065745211,0.6154582630462506,1.8352283052942917,-0.31409880717815253,-0.32629732804348527,0.10710056130533407,-0.16310800179947965,-0.7798621866855795,-0.7567574859081183,-1.6132850196565738,-2.3945286340286476,-2.7287335251213825,-2.3465370813456725,-1.3887792749229988
4.719750182784562,4.420110787921148,3.856403177892121,4.107587461926706,3.7854645917534615,3.5315201257214324,3.136196855756552,1.5667008266602935,3.3486340526189613,0.858090107879091,0.8597870888086796,1.267266395505776,-0.7606287352007032,0.06116345440540392,-3.0850171098957784,-3.7473364095207264,-2.4275555219368328,-0.7012302597696507,-2.8787577165102265,-1.666247969936271,-1.4855222074713668,-1.10963637408343
4.750168756965815,4.33825401170231,4.196949960044519,4.032884769174957,3.569966793974824,2.2340587894781625,2.0434670049424484,1.3346558567724989,2.553127318860193,1.4385240744136556,0.5508295453257044,0.5939110808031629,-0.4533247367245231,-1.832543921368422,-2.843763992714537,-2.1837279919940618,-2.417812479110483,-4.2930257605062065,-3.0083791790232763,-1.909715200566069,-1.9926441717886767,-1.2609966260352918
4.780805327852451,4.446647561597055,4.335989454409669,3.837167438942106,3.2186536446158613,3.1887236417149865,3.58192574084063,1.1759932082172557,-0.1804116564156014,3.172597218983837,1.445619622792873,0.9594013316767364,-0.13579773549757845,0.8630698066912454,1.7464679034401658,1.832109503527683,0.820605144344998,0.10610779673573123,-1.3501639236294114,-1.7568810673797652,-1.4792327172121584,0.5840269752366668
5.045418597311033,4.593533013994381,4.729539014571011,3.882927028399029,3.3613047569085492,3.6745440733189327,2.036378542258449,1.2321965042557557,0.34465626222051315,1.1869533817953422,2.6077622463773915,4.374483877781692,3.521685749630673,2.7493271236802,2.3222326332393037,3.5449402511554946,2.608996618195693,3.1521188679552736,4.614023536242178,3.785264190830358,1.31834020039511,1.0387648616268557
4.985855046173329,4.841113211947457,5.004930006356794,4.140823737322075,3.7208386446259776,3.42664593573175,2.909116203735993,1.450268633093108,1.0257496534368455,2.1118204839936348,3.295514150403941,5.2290007373640925,4.410409253167104,3.8451958989297377,2.639251394648804,2.7445080872082936,1.8428125954378085,2.7691027821276335,3.474890297468177,3.5672724376413827,2.9901083624731593,1.2493862814837486
4.652767957602298,5.111460487737544,4.906851418393223,4.48667920349855,3.9899283553883804,2.923611396315337,2.537884343989501,1.508713070450694,1.5647606809765184,2.4131867525317934,2.8359499001469977,3.9271740052747997,3.77825746426518,3.1205953906046147,3.3752289547788714,3.217188203710115,2.857520312214716,1.5243091862027014,2.5692995767166638,2.3698774109682264,2.6979176963890747,1.2700100151572635
4.795412019376242,5.021523255925418,5.012204295636973,3.090882578087624,2.578016466617261,2.842892636150084,1.670959340031821,2.0537445721920697,2.523186850170304,2.777741171677442,3.808381733870739,3.51729073519833,4.032195761326974,3.306258422725866,2.157273458009188,3.2519715212864795,3.0280384848476656,2.6144188292430086,2.537262828911042,1.7412896074673745,1.7959997119357856,0.5824825610221647
2.981557960730661,2.9838979755474346,3.510918732104022,4.014079410525107,2.619853055614343,2.865290825077552,2.964025326454592,2.71062430922252,2.7159585326611575,3.863693952786819,3.5983322597713787,3.585531247003029,4.157071446394195,3.2361601926949954,3.1491450656889297,2.5719586794467353,3.6270563141420604,2.3549268581746827,3.280142304237151,2.035560844470783,0.9896024247631108,1.4588215455860285
