script/wind10m.json
{"header": {"parameterCategory": 2, "parameterNumber": 3, "lo1": 6.000198445256149, "la1": 58.999992894266676, "dx": 0.5, "dy": 0.25, "nx": 22, "ny": 24, "refTime": "2024-03-26T00:00:00.000Z"}, "data":
[rows 0 to 23 of 24, columns 0 to 21 of 22]
1.1146799949446926,3.76290238758053,1.33590323552473,1.9509887735548028,2.4363341461306707,1.47342602486291,0.25201371665596395,-0.047747795817125724,-0.20457396079511023,3.796265732641923,1.0208155141850452,0.23939715372124779,0.0712873621412029,-0.30555331599861435,2.4240079451660916,3.2024258699179704,1.3461480893532027,1.438784964732023,1.5025750875376072,1.1305557526505008,0.665059042516916,0.7346293776037025
1.132077376429151,-0.3453550418887584,2.525938452810496,1.2688306333251136,1.0732994003740612,-0.5536481921921572,-0.4818433350423147,2.529840709516936,2.2498865072456375,4.255383834039426,2.840616501930502,-0.3374840396398441,-0.13056393054510232,0.8893744309479356,2.7163958161703485,2.897285884126978,0.8194524256674759,1.2039064211697859,0.70437286521262,0.5788107310088813,0.7986717919248575,0.46605332869455973
-0.8048141960543702,-0.36296561328137233,0.24261526945230089,-0.04957202797032424,0.06769550526040057,-0.8741365834893943,-1.246187742989056,0.33849319010907636,0.43997561263043666,2.1027083794850956,3.508623392031541,-0.011702580537976709,0.10383573717927415,3.243910487389665,0.9325924903915923,1.1822885031483397,0.7188506261426987,1.4312506699714205,0.8351483825132426,0.3072937820897132,-0.04880132871965827,-0.09648173268247368
1.2631765929144925,-0.7856239060539857,0.4850940116292562,-0.3196521879688395,-0.2792434799226261,-2.1712250977576537,-0.1344148607722464,2.1072585352810993,3.0136853952657696,2.998704294845198,2.864980158840098,0.7680723889832433,0.6564467001950871,0.9285927380095188,1.4299934488805661,1.219101608968398,-0.1824002851718923,1.6321512194601946,0.781882777189316,0.841880623418612,0.125420534628931,-0.45723113955532035
-1.0476626373922158,0.5487376726552989,-1.3090895532391023,-1.2318694793236764,2.3881357217003236,2.670875621560732,2.70111933013289,3.1771354713977935,5.905253331606736,4.750359984085503,3.9402065808487547,1.2804228978553038,0.5201093292030058,0.8852235794381911,1.1242059502838144,0.648370117053898,0.5075869482184568,1.2574921812880782,0.8724477040863745,0.29830698303166775,0.039342496129894156,-0.6858328023412635
-1.231267035983216,-1.6696677837841134,-1.2048905960918428,-0.32620598508301624,2.6947881418676727,2.249384153360835,2.621847707576511,2.822758479012889,5.544210685889836,3.543357566231574,3.9060668762707405,2.66833695614674,0.7247897151399052,0.6490829904036008,1.073206532474096,1.5486251284265569,1.3748377252403463,1.1892261280190382,0.9205526325181367,0.58979973705191,-0.14513480676781013,-0.4477948631668304
-0.79134152196713,-0.8089992285249155,-0.990657970400524,-0.1499331919341174,1.080129307348152,2.0587779346572077,3.5990396437159866,3.8113926366576467,2.34960453411079,2.6487833218666696,3.541512365801093,4.745125793790065,-0.18951906990552836,0.17312064416336687,0.4067949705349777,1.093870307872166,1.234505259234189,1.3242474219303395,1.0099886318188613,0.5252432136126393,-0.12848834465558862,-0.29280709542715866
-0.18967803927023888,0.04795710396646371,0.30101800565550685,0.7685340967385171,1.2736539296979945,1.8713897214870514,4.381662707956531,3.6818582544860665,1.178891335612784,0.8097387416088059,1.642174941179335,5.493801952996993,3.1419715729424365,0.5459844909921394,-0.13267227775628465,0.23324043186052976,0.9350893289261234,0.8227124933332857,1.3848077991021863,0.6361836774445129,0.015654716461792995,-0.7739200423641155
1.0807524078225046,0.6077198508182439,0.9055826597537054,1.384467275379536,1.2605101193997688,1.232847488495746,3.99780869250806,2.3773933501223623,1.6621227324643564,1.5271132769353575,0.7973897865160445,3.6942371783148045,5.244521755902329,0.5273147080732008,0.4721433117205413,0.3090778386940151,0.6112221254866556,0.8965021741465203,1.9140436565945842,0.6846303530342187,0.182533968173749,-0.4595638132812334
2.2831539906540903,1.8433687198099635,1.5006114652199827,1.8647700208530151,1.7760401595717434,2.5677982560206933,2.174317736278355,1.790182070016254,1.1884197736514697,2.1512580012569567,0.9972409507619187,0.5740069970993815,4.303734287049972,2.357013630160034,0.16883999116762752,0.8713960412839229,0.6940659651459777,0.3473696008774026,0.6792505990721718,0.20675340115383806,-0.3639209146821166,-0.6963473202478954
2.3486412267246513,2.5338643741701747,2.556134043071129,2.7359842562809145,2.510701820248213,1.8428586896376784,1.7953714626889954,1.767042176362611,1.6218990278646876,1.7472615523432147,1.855297228932115,-0.319899719383141,3.2048080415908746,5.01987992551298,0.8933208297905948,0.218616727504262,0.40001436656183703,0.3774809415757887,0.2548683866704562,0.07300300749977162,0.2985873217290113,0.3265641289416082
3.0409662382586293,2.7305633300948036,2.3088769367160995,2.6538937635542093,2.55940597746589,1.0617637099628436,1.4296853329668315,1.548178879381314,0.8625387065572866,1.3032765105037292,1.00452819745969,1.8243529453353047,1.8368518221020325,3.7194343951430513,0.6810670504402385,0.672516694683461,0.18243700586834694,0.17981753456711838,-0.5368806857970606,-0.2869942895799547,-0.37337073265244736,2.5317532649205696
2.953390601307244,2.6897440224436506,2.721486127298314,2.3497574417918625,2.248806836594683,0.9792072447209774,1.082000526536276,1.0733593598144007,0.961543855781967,1.5510779492689035,0.5536093384983193,2.296971883976255,1.249011764700004,0.8750317723755364,1.6428760331355445,0.8982717118491551,0.49144576489914615,-0.3343355329536598,2.170708865827407,2.1350516457344564,1.87054177973471,2.0876263110351405
3.0610355969921628,2.366357521027455,2.0933883992937052,2.4836019183859452,2.5506331664752366,1.1482795539055695,1.1824509783433756,0.6085636565863922,0.6702135121553124,1.5563072276148,0.5448520864688267,0.7836435508227358,1.0052777467600884,1.5293670602241,2.1708482638975823,0.7637306274331744,0.31195800460298523,3.5364140646944064,3.5185378170112944,3.098629319907452,3.4210161741855587,3.507283844625376
2.8428572124971803,2.5604059769514786,2.240678689383046,2.178678385550366,2.179884709956691,0.621053216243998,0.7264078169029702,0.44393170912282104,1.174402723082522,1.195095979552632,0.37246084199325064,1.0432335861045388,0.9790535974638389,3.812554108421319,1.5725646546774599,0.6207224091005008,0.8628548334068539,2.5564417048638735,3.9195030639879276,3.006398930637115,3.7142440286813123,3.3054506128139858
3.0485685957504822,2.563493556279649,1.9769228964603052,1.8041918304830347,1.8656806930836967,1.2688086018323725,0.5168152405705846,0.6281298171228441,0.34128141283836255,1.2254669366369837,1.4341614057009056,0.685591373948991,1.4838634038226113,3.750766301828414,4.01133089605124,4.081951264361546,3.4853475075500975,3.439684674508598,3.659971121418447,4.352628869409889,3.3794850526222473,3.5723158022278967
3.4714025184290165,3.1910607219199765,3.0265153432283767,2.2804349315036627,2.546473979762403,2.1209085723104915,0.2539643614235587,0.9549803165896872,1.00444927906062,-0.031167853587443832,1.4394806317260025,1.7197072303723095,1.0343121583310402,1.8535219414480593,4.048916332887409,3.5448537690289603,4.1535848160104685,3.9475522277942834,3.5081082483497426,3.945306358977633,3.985171204041035,3.503547595372491
4.533252052154982,4.027151072725825,3.528209186770793,2.7783421808321505,2.7189157826827595,0.8396238680160423,0.23271660413528836,0.40434019032626134,0.9945281340557568,0.9747411249487428,1.1130802129197803,1.0568038634118073,0.8161973846166484,3.9722092065979533,4.149511160384315,3.9593143916855698,3.586188465071546,4.254009017066933,4.582387070419657,4.613612906957977,3.936536863463312,3.4291693738153257
4.8102436686370105,4.3540363149230314,3.9817452100705686,3.616409432724304,2.8991857778971344,1.5132453328697346,0.2908342250616844,-0.03280968275883567,0.7809113232867633,2.0543046646192624,1.5388254591222,2.5458275097996825,1.9099642825220096,2.8561369897818483,3.248766039361866,1.0397021575033765,3.412218821414496,4.501402276894372,4.621190827947418,4.469535226584768,3.8157783162925534,1.8569296367742016
5.021314369332125,4.3858215106350045,3.810482553486754,3.487394937644092,3.000432676689349,1.9477240608833597,-0.06599486394915507,0.10521736829762629,0.9963757115046191,0.29074967431263243,0.5584297202383233,2.9093552819531103,3.090462018516098,1.0715298945515779,1.316850578383995,3.5300606355617012,4.211737890642747,4.686765500790873,4.5459326840558765,3.4033905396812085,2.0270386485964695,0.975994763357726
4.64716791972745,3.8506368976604257,3.7552916765611366,3.591235699747675,3.0549639746913493,3.0332084244087585,0.5002679785113955,0.05656551037464611,0.06936790243322025,0.2034935133119718,2.080116591642009,1.1622956029395393,0.2509944624716781,0.7658879982252182,1.0515344840844743,1.0463042195097891,1.850839017561503,4.261789182829006,1.6445991043162131,1.2148243986468485,0.8995320245491947,0.8468624033930326
4.287558475160381,4.487429174757101,4.172645747360205,2.7384465429479117,4.070842709407758,1.3122784919056036,-0.03189345956970531,-0.19345287361890307,-0.09061378241349252,1.1531428188140644,1.8670503970719006,1.560699324195308,1.8757641961534888,1.8182774047041201,1.5152840451058935,1.1928677929477292,2.0401879914126924,2.957037360657273,0.7958901207996607,1.059927898537113,1.3806733798884934,0.5580805159421734
4.1154362386844525,3.6857914633840636,2.285520409501165,0.991111798478473,0.9552116672755476,0.8148794982175385,0.4806109702823754,0.9283230961879039,0.9301515813463359,0.02281995950613753,1.0673172760946716,0.21031028259244852,1.3044666883832785,0.6508797112941509,1.1789472865455635,1.4586825761677733,1.7984658221569538,1.3603030890724868,0.6951502138801897,1.0104059130609213,0.8791121628758737,0.49623326498776965
1.03105834433438,1.3266447882494072,1.339005996193916,0.674046859108512,0.5723444996602429,1.275029448985955,0.864010796331482,0.8607280370154936,1.427986641112269,1.2088178420770672,0.6133629082204318,0.9975532579817309,-0.31949863992969174,0.8911640570251911,0.29559538665811724,0.3929740844664123,1.1649759601241154,0.7733708536329714,0.6579855291291095,0.037892942707033715,0.21985591960575043,0.30388441934363547
