script/wind350m.json
{"header": {"parameterCategory": 2, "parameterNumber": 2, "lo1": 3.000054539987559, "la1": 64.9999836372058, "dx": 0.5, "dy": 0.25, "nx": 34, "ny": 52, "refTime": "2026-02-04T17:00:00.000Z"}, "data":
[rows 0 to 23 of 52, columns 0 to 33 of 34]
-5.548947681595727,-5.095336085288797,-4.486600051225212,-4.022368260161249,-4.202755011600012,-4.215569296935388,-4.430814868001916,-4.550794293271775,-4.772170654898633,-4.696500434471625,-4.0378376580090745,-2.6172780611974464,-2.0460137477660236,-1.7911737097981606,-3.6295295282757984,-4.005721083926798,-3.7205388937341852,-4.226737413623698,-2.2933155773260254,0.7484926012239017,-0.13429175115787456,-0.7665423553071767,2.155120327826862,5.643520140261775,4.86605222682567,4.775180669630348,4.5830678893293415,7.745188365911518,8.682851159880826,10.177518961037768,11.025103396537297,10.803956958920615,11.347128395124223,11.218582604656623
-5.959298450133924,-5.2943707347557085,-4.658479682165936,-4.256599185621729,-4.108781128690014,-4.111434896354777,-3.7542320968467333,-3.9348664638668387,-3.754111018981481,-3.7920192140711677,-3.6634836562716298,-3.3472125356627345,-2.8187787210140756,-1.8910278770468922,-2.2444857399905103,-2.5909531436036772,-5.0078056083341425,-4.276081000561513,-2.159956943321926,0.6782789533786318,-0.9994072731036241,0.7626990062786827,0.8188359538069938,2.9452705926175273,2.9414223615479393,3.7732742073726717,7.674515716583466,8.027693433984025,10.308568267336165,11.780703420953618,11.815805022560255,11.710331542634268,11.389751368159372,13.01289570008911
-5.75085741636407,-5.44365926975288,-5.415332871019053,-4.612339989112265,-4.140218583371431,-3.5630363405519465,-2.574828269434217,-2.3309321382338637,-2.3901583540821107,-2.608406332238602,-3.5717723799475873,-3.4836437185604945,-2.973594560064353,-1.8990532337311576,-0.014852468153244614,-1.5251017521476908,-0.9236105316523765,-3.4908511197723096,-4.554534540833098,-1.5781229741101503,1.6229186007444898,1.3632779759453104,0.6505375859470255,4.822646902316451,2.668925029028783,3.827167867870226,6.275359851397927,9.699017827839823,10.56574685483018,11.335446501007263,12.145636028590593,11.348751161127787,10.864634558903296,12.261374255449796
-5.614666428270356,-4.957130847070057,-5.167143930223742,-4.267700602580463,-3.8160338520017225,-2.758753416149531,-2.371235827610687,-1.9520756154118764,-2.4562434605194787,-2.7105001703757687,-3.056090645639076,-4.088832832416442,-3.6263224314847213,-2.5831012552432693,-1.8943888379525964,2.432469833868879,-3.4738042387192043,0.0038921167576900337,1.6565490226680744,0.9542774180639255,6.925161023000488,3.0514841773832333,6.701269356053781,4.954488492299865,5.5591994885732525,5.574432066354439,9.13152587880195,6.225235765470127,7.70140228256335,8.920099169876854,10.788804081520352,12.639199869361663,12.066425001514675,12.124036707054152
-6.03986020836551,-5.313065491318764,-4.787529769024004,-3.9375629144676196,-3.161792064162981,-2.8111275840541707,-2.1071865629671858,-3.336956258982636,-3.8247639448187383,-3.611888700605669,-3.470897359586982,-2.476365279520468,-3.3935816366792477,-4.608002347792215,-2.8014569349595977,1.639869095462556,1.187688562838349,-0.30346139834347574,-1.73863388084014,5.3671556655151775,4.915525168420547,5.447929560923103,1.8817573407235624,6.342225135544953,6.862082340533337,5.182408058075632,4.635819342400966,7.786634034045325,10.116081757648514,10.469163372569334,11.136026246423524,11.281273484510468,11.679403612193129,11.48078064593495
-6.020046360781811,-5.4615764540465905,-4.703885870228033,-4.243610947047663,-3.58419847836738,-2.6257527119598043,-2.6434129316983497,-2.9105535685344264,-3.00424372699204,-2.6794953789502842,-1.4815623084357006,1.0748111107129896,-0.840718356444292,-4.1102078164888445,-4.984392271459042,-2.2891944010690652,-0.7580205998279859,-0.8444160072286131,2.686422154018853,1.5641356287624502,-2.187652244475794,3.2764851062123803,7.3434917542199605,5.084159701257124,3.849996563212502,4.9968633989144875,8.296514400897925,8.786028872546005,8.234308379887823,9.381719653563914,10.21482578960745,9.764846507252939,10.065354721361714,10.316283495941253
-5.4178392162780575,-5.011616795134164,-4.8916020481385045,-4.397918519166265,-3.8788208305849605,-3.0207707511202777,-2.5075508770295265,-2.6696971484101715,-3.771173087438523,-2.029943529942323,-2.1573175544497465,-0.08809874250402128,-1.9193427641761602,-1.212625147284756,-4.54190829706691,-1.4066966812830175,-2.302749955343669,2.9445814838224993,5.450038322047121,0.7717148251339554,1.3525699235396875,3.5954885123446103,6.022709677730973,2.798959483852675,7.231331757280111,7.790885343129866,8.287827234750255,6.5401309998176655,7.594613417660399,8.378612137292672,8.938091753091634,9.673874181334112,9.378259029848817,8.716682932244897
-5.091429779332692,-5.06141052777532,-4.846850729941442,-4.383626258195036,-3.723925135012598,-3.8622191441226206,-3.3237803637327303,-3.2951734355831066,-2.176125414103536,-1.8954436175755094,-0.8863499161534808,-2.3659351925746197,0.09437061347759099,4.614273757956429,-0.9766512435221288,2.8919702826881215,-2.72589132246269,3.750259241169785,6.348221259301844,2.952464192788752,5.93028422466703,5.962275169850423,2.777139156141317,6.557557001330481,7.076869773642606,4.755973609908863,6.515676325608126,7.94638640939048,6.465772899781619,6.916863290407658,7.485562660265781,7.817894924732873,7.747919182849977,7.291326239704647
-4.024304667755515,-3.97123884038207,-3.890981115635692,-4.130574538734115,-3.4892314804641544,-3.2691989948389106,-2.766998305290952,-2.549790110858684,-2.554935224819677,0.9184840402875932,-2.861736842778385,0.5059330799470105,2.735500562554966,-0.006529780933178754,4.817095750099757,-0.9354816169230522,-0.08430898215929744,7.167562352822872,2.503033834286585,4.4330427928130725,5.562634119797164,7.171630149617285,8.52990258162781,5.93411222193353,4.97836731512419,5.737334109390144,5.72173986374614,5.828932240971998,5.955942587312022,5.659620020223366,6.148247040340949,5.46593910736544,5.854232388850038,5.941584575680544
-2.2688831530662275,-2.4133962612234208,-2.8429293487609932,-3.8213298095864774,-3.364204348724573,-3.7793740665669278,-3.5638273916360554,-1.6470538065872309,-2.346599569941126,-2.215637998735288,-3.851050766099288,-0.8900723637211994,1.2070914318129788,5.12894602135789,2.820374002073121,3.6060076063835926,5.382670499542734,2.1677708178638304,3.34716304256349,4.3467895520318685,6.017249457613203,6.033130493750791,7.625256098851977,4.759107034779567,5.178251925879189,5.036959113524726,4.285717449797461,4.388348559940201,4.309845122630896,4.550213106196948,4.277956422882533,4.4738895083512356,4.826988390570161,4.5969510086593255
-3.5999239067209476,-3.338789479884347,-3.4398266837614435,-4.6141651315686145,-4.674018463098873,-3.1345197131988596,-2.010207917270011,-1.931572074730011,1.881018250844339,0.6447100256703455,-2.0714697811169507,-7.203596465148805,1.7677224443701465,2.1180996029853425,4.568148433757539,0.8275035205084924,4.046291502462539,2.573662492990737,3.24834845044027,4.2167019961373855,4.980281331802061,3.520879610941558,5.681527748640648,4.999663354904951,3.9452895368501446,4.331801376545168,4.496126052347633,3.5756104882552755,2.9103425815136124,3.8699826554082097,3.2216690713024425,3.377562210927912,3.714543229369433,3.8215337587409053
-6.519698447766532,-4.303971146719323,-4.702381452137339,-3.633648226577567,-3.8009988832045085,-1.4377746899767594,-1.3961788888151523,-1.4495041883379864,1.2548995037821036,-3.067880138835324,-3.2177455851139563,-0.9626587669874094,-1.8868960851238132,2.9249475034184163,2.1050942565161246,2.502963363391149,1.2469548143981335,2.2808344225110138,2.821953720324779,2.2334561790674567,3.1406303397099418,3.2977313474414096,3.3544798813215486,2.8233196347370004,2.976642458465494,3.201401612710452,2.1130847989925736,0.5746503854910201,1.5219523056374833,3.127149678302681,2.283361672455772,2.453146976933916,2.8665246887049136,2.6201192209949333
-6.266991477118411,-7.1425217528957115,-4.314488895251155,-2.287501214171139,-1.25497509171073,-3.0505778740717644,-3.005839190505872,-3.382157795968049,-3.932475771733057,-4.547598690600644,-2.1398433225852966,-3.069393638939047,-0.7547070286065883,3.36491128325498,1.8612842713011384,2.3127335867400345,0.5476434166528664,0.3335131077869399,0.6814375094018678,1.3217157948978109,2.312651115793852,1.457312765513569,1.2370473758302625,1.8759300948019961,1.4585830203927674,2.077687173723823,3.0952820767835663,1.3589916575106975,3.4555819679472077,3.232193058607225,2.9925067826879284,2.3202497968188993,2.015374685484871,1.3316850517037764
-5.292119420580243,-5.484343516207835,-5.390771641058129,-6.604881621897569,-5.667522437346683,-6.374798794317516,-4.112403621814129,1.9684015875705687,-10.577274250676101,-3.0624284916894284,0.5717277344703767,2.142051073867632,-0.6454482828989215,-3.3832203459759937,0.5123869030822152,-0.8160716901768161,-0.29477823917608026,-0.2825778308353056,0.06222550105683556,-0.7355925619779466,-0.5214695694937826,0.28701689303766736,-1.0239463066388157,-2.104154417469512,0.90752129856647,-0.7592258181192936,0.6750630242968851,2.059017425568047,3.15496623520269,3.4077151295964323,2.8890992384982317,1.5066460894433757,0.7656791545640482,0.478191796793754
-3.9062797221513583,-4.469573242736748,-4.849362498991644,-5.432844440621915,-8.76925917152904,-10.34551135394137,-5.8969438550208215,-7.8839989609469,-3.2821343597968964,-4.498690993059667,-5.0990799257338555,-2.6362230204895454,-0.9288676689196305,0.24145566672011246,-2.2680301367384046,-0.04683722790034269,-1.2236464404569762,-1.8122050144399036,-0.7505482444305686,-2.1395730109442894,-1.1632900164544089,-0.9903888873826625,-2.140133493050438,-2.813474835723294,-0.17045839494783258,0.04212942799329553,0.5225467889475389,0.45150712097633705,-0.21891317827630238,0.07294932877533315,0.0662773333586668,-0.22383580072435752,-1.0359317113578879,-1.31301403671901
-4.727638347763238,-3.9268647048160874,-4.409049569592488,-5.846696299860598,-8.912842597223358,-13.146631666768188,-10.068842031123351,-2.4459376518948424,-6.975095849772385,-6.718905473890475,-10.230694675874439,-5.212967295067497,-1.528898297513669,-2.3600049261743092,-2.022410761213245,-0.568668869346912,-1.72602432086958,-2.2244139198300816,-3.5584273815556373,-3.2774536371871466,-3.487007638039601,-2.7686069514003333,-2.8896064795164955,-2.885025649318164,-1.9970885301879127,-2.5827840964717654,-2.2055592993995985,-1.243463748035407,-2.3793979509367116,-2.56699573484,-2.3659361619524706,-2.200971532031621,-2.633090703719851,-2.4486997288020844
-4.878981271934366,-5.746907302565043,-3.6206413626324414,-4.071535141576239,-5.673198638650283,-4.2520574255587285,-9.337521026352071,-9.946559503898612,-3.0232838641458217,-8.664940473985933,-9.926090500097194,-4.711045869255566,-3.6093135624143406,-3.5588551775949933,-3.7906985573467775,-4.295756490386575,-2.5695095618123798,-5.077359531538858,-5.479131021542842,-5.67371204241662,-6.359680329544305,-5.266984069834448,-4.395378057059693,-3.3878100829508164,-5.080779880352495,-4.872452732133441,-5.240545979586887,-5.43847621174448,-5.062572083391142,-4.445217089532122,-4.142574140127668,-3.806280921914661,-4.0534591288337,-4.247037523756969
-5.154476012895487,-4.318903471477415,-5.5652618887603165,-7.785423182259326,-7.337406641277847,-6.074591197621153,-12.050338623828829,-3.83593810395491,-9.445709649555878,-11.207453075109475,-5.520720639158646,-5.949276544753068,-2.20689905679475,-4.603467621013546,-4.462764961063138,-6.427205118966713,-7.29998407687513,-7.289370763368919,-7.673006161083069,-8.532540092133821,-5.541638280776565,-7.498504582670062,-7.303031723812681,-7.673278064477266,-5.5636591057188,-6.4554982328966535,-7.257504910242695,-6.281037635768627,-6.17432551299679,-4.890076588485878,-4.729896538834273,-4.939932058243158,-2.1533670099424613,-2.45569399794326
-7.591053543132903,-5.275182524235488,-3.473656926249709,-2.653080546950216,-6.34597220090948,-7.375899648921378,-8.748346408433008,-12.8076065015498,-15.32666597891862,-10.331043746863928,-9.386543628993119,-5.576526765281907,-7.553477593042452,-3.89898563899513,-3.870538894499214,-8.260509272452326,-5.875942656757482,-6.957250484714968,-5.802519515060623,-9.483735401406932,-8.327914565239046,-9.599273871657733,-8.096060668341881,-8.160641053643502,-7.765537067588576,-6.718314988486681,-7.86209117303952,-7.496545934439266,-7.002216029221476,-5.321480569030167,-2.9723729270022146,-3.6073168408959693,-3.745050956557052,-5.24578269999872
-10.546040199369413,-7.696136572320485,-5.4981680827229455,-3.2171096273670514,-5.529871567943355,-7.9428843473774,-6.505302601056631,-6.789224027115066,-14.509789067195044,-12.237390985021966,-10.214265124857413,-9.079549777189001,-4.76557294519266,-6.0344459713782985,-7.387817138301794,-8.514260326145557,-6.153534777439613,-7.993109007852678,-8.169625541047695,-9.503431863222557,-8.36142259479984,-8.907633192618881,-8.984806259100564,-7.8145071032548135,-7.293608703649491,-6.004822817587111,-6.229129731253857,-7.050119290575975,-5.653349083805897,-5.071434876090317,-5.209995307300138,-5.654904469200241,-5.569797713298829,-5.92706760207617
-11.493586919439368,-11.808565960401031,-7.0275828508816485,-5.649847743350436,-5.513599923569406,-8.589345644821627,-10.245191183192256,-2.1885858037134533,-14.105647942499294,-11.132137017908233,-11.012090981969068,-9.370694944561432,-8.111625345935275,-5.402310164091826,-5.175019089863377,-8.983542274987094,-7.558796304202238,-7.634529422283091,-9.23825488507086,-9.885089446016137,-8.752238557561343,-9.184976626068512,-10.742257498677574,-9.860213426912164,-7.968700595480895,-7.483220558831125,-6.308047750672281,-6.939057355082013,-5.882516791644086,-5.265249131548327,-6.151401975707459,-6.458380451389526,-6.54880940406443,-6.160075674901467
-14.421290288615102,-11.582251379763441,-11.730065534549583,-8.242274334755583,-5.577759201024683,-9.825683410828477,-15.433675346106893,-23.129333442078337,-20.55302437045272,-7.483712764784094,-8.246095315309216,-9.812087824174892,0.14468253245850365,-6.08830408263192,-8.390982754389238,-6.852296466567058,-9.712234930015695,-9.779502904442566,-9.00433313256106,-6.64684120469798,-7.905930227035966,-9.67616385926885,-9.667385463700032,-9.178120742284475,-7.737701861396984,-7.681665533806591,-7.26239942532616,-6.7884458539897246,-6.696435801301379,-6.549356263630992,-6.732066970050309,-6.891691428371041,-7.0195177686440156,-7.568044684289435
-15.988467155607252,-15.188745775919072,-11.442954542933231,-11.174026429562673,-10.405909916444722,-14.330922419365647,-23.062932876886496,-14.708631940313953,-19.104532878463647,-21.133448744522088,-9.079428059454123,-12.177470874694633,-7.649379819733894,-9.52136259885432,-10.007862048180545,-6.51012358373006,-9.290521586971002,-10.749811373301828,-9.829479148931503,-9.299135841024222,-9.125479642290331,-8.471013509413504,-9.853559995824675,-10.68758490885071,-11.691229911967882,-8.524777466239028,-8.32141142810842,-7.352966285060521,-6.975679980801484,-6.902443069712508,-6.9294432423647265,-7.228307057041203,-7.644476726795686,-7.200909423895319
-19.422377835178864,-17.529629049376428,-14.192803883762078,-14.951271536851978,-9.626046750212529,-11.249259168753632,-9.508415409927299,-25.949427364752456,-24.675162365711955,-16.769042850552456,-6.882608633563362,-9.167962668871203,-7.083748958907813,-9.662546695565815,-10.43178031994722,-8.025055572510215,-9.106286371061167,-12.0364687796837,-10.719974036288036,-11.311381752857436,-10.263454561290633,-10.676522474800777,-10.14480285827217,-10.777289697840319,-10.61068466604408,-11.922882147216026,-9.309696068716692,-8.115914240283807,-7.8144006262843355,-7.525416958030902,-7.896131072244424,-7.941654816058733,-8.103956433345816,-7.992358592296053
