script/wind10m.json
{"header": {"parameterCategory": 2, "parameterNumber": 3, "lo1": 3.000054539987559, "la1": 64.9999836372058, "dx": 0.5, "dy": 0.25, "nx": 34, "ny": 52, "refTime": "2025-03-29T02:00:00.000Z"}, "data":
[rows 24 to 47 of 52, columns 0 to 33 of 34]
-0.1851407633138246,0.0553028137357331,0.7510369937289642,1.7421604502077763,4.042662452311066,3.8306330478618604,2.340203410382025,7.8725467008078915,7.626436774679925,0.9024995431661064,2.916622893389672,0.3338178757963151,1.8316711153449636,1.9089330891982863,2.2981157840518445,7.479952798949086,6.906254066807031,2.015904495753311,1.7057337494701188,1.5853814743756807,5.371761355460021,4.486725467424574,1.7355767657001746,1.3461441011103745,1.8588530312062206,2.638190995987782,2.9638173481249543,2.0573909068260927,2.162131500319793,2.2513199963142227,1.987796298389176,5.7447647209980275,6.153155293624161,7.124148977610012
-0.587949293381313,0.21215325600852075,0.40196643583087677,0.43056441470386847,0.40591388113976323,4.629103717657771,2.341407134745447,4.1358575238358375,3.948375203250423,1.4754417937586148,2.6489610714510423,1.202611333118806,0.9434741618502552,7.0792913499291075,6.784241167990184,7.304202961103378,5.06857022734637,1.9635578752177507,1.651218427505933,1.5400031058734012,3.966923793636188,3.9169431144362012,1.2281286145280232,1.843406618235111,1.9910521603452571,1.6195332443222397,2.2568586221339637,2.0796122193194915,2.3634346249770837,2.965184787536687,7.0039775853145,7.547707376499708,7.770550305813401,7.882295689296325
-0.9512550871637453,-1.1366137925755118,-0.9074138341923761,0.4914089263253506,0.996065983560156,3.903219859861411,2.7340842546482715,1.644657730994591,1.7731718822179892,2.255842913659451,1.699807465580708,1.5379357006113048,4.682022009063637,6.265564134048728,5.750170431096013,4.434808471575588,4.370608702220961,1.4608532726197145,1.0764224789226435,3.6284411519209185,2.4588612603437587,2.0402633993402524,2.193696447876043,5.117313908068865,3.3576505638050147,1.4076196174457494,2.1067156991645026,2.2795615680682277,4.131758295259886,6.7818342249866825,7.6025011776005895,7.835726281159469,8.443151466623128,7.881592829541868
-1.6634883794537947,-1.4077829677908091,-1.358404164038563,-0.7591487627611238,-0.18175132643248126,2.3549694508388233,4.057758569104971,2.2693161418327534,1.6536003032240552,1.557035822941058,1.4804025747054899,2.4991010245487058,3.573023519521941,5.7277054249271755,5.204180563202371,4.9090375979794185,4.819914790593107,1.793656692255984,1.144193586568161,1.4195747908477965,2.402445299259917,2.046290159942599,2.338254285486809,5.001904867174139,1.9620604942415998,2.3410414119968896,1.935801048668235,1.8659097554866533,3.589859916405987,6.979402467352672,7.467255879413156,7.803724320049406,7.3674015585481145,6.528750219301563
-2.042656024527209,-2.3902166381289995,-2.10653527161519,-1.5839879963300778,-1.1051731492487509,1.2335156979828692,2.903098136012026,3.4444472990103017,3.6395810890257896,2.2395327826288476,5.355639939443528,5.230352549054935,4.562399292503166,5.739778050844919,4.655941238491223,3.9362192320041056,3.3479900848264026,0.9217213949039261,1.4606082719634141,1.3760845268611175,1.716432835399681,2.7785835514751747,1.6315937294157787,1.6488894469652602,2.2925222641530887,1.2665471385447382,1.5288275382528744,1.5297795145323945,6.492391418070705,6.5583680295253375,7.344764291902761,6.916820022278191,4.863138999697203,5.517119784375791
-2.8438429436773034,-2.2324135150232096,-2.0703596733671534,-0.5007504804111426,-0.6952326373543085,1.0434185581553548,2.4773263807057475,2.9056323536233775,4.501353603769944,5.020079329254488,5.348962546906323,4.871059416136449,4.923016955272546,5.631585061146155,4.569149545309102,3.3732839566354116,0.9447917399070075,4.117219214732865,1.6565032350960618,1.7071066626896303,1.7400797170487943,1.836825425593306,2.016310888041882,2.1742097337268316,2.0459781844334657,1.6434036779948682,1.4196934577978821,1.7268183589312656,6.315052902762197,6.197378180043189,6.629291396446092,1.9990796143820888,3.5357554208701507,4.503427998527109
-1.6867396613534058,-2.20005662147913,-1.163886213392388,-0.28057609843636766,0.6586044802251434,1.588077992079445,2.607874620798921,3.1549732513065143,4.580719958334159,4.551629468911021,4.83623069555063,4.789986658213531,6.139516142900383,3.9973900682033094,2.261740610121671,1.941194129524367,1.989327853897238,2.9781288605831624,0.9913308921122973,1.1046658310352866,0.8747708161621862,1.719924791539388,1.8646687356628628,1.7692582694202896,1.8734414354243512,-0.036844206379209515,1.485576997535009,1.6937187317823512,6.457700591091654,6.186712216289311,3.5488121951238027,1.4332037859973428,4.660690555855447,4.170169042737171
-1.4991868300408906,-1.0584664031313626,-1.328771027954821,0.24286874232352093,1.3142645786893412,2.2519368276394247,2.23880740809015,3.242111006408745,4.404252459654662,4.303624241534935,4.522852786574628,4.8159312964167285,4.961437346023466,3.888620292905452,2.0666660341844656,0.7616676898224438,0.9753597112890359,2.2370985309958784,3.654273012079359,1.4101798235309986,-0.041022963146743814,-0.03881424665762667,1.489685859714353,1.8054444353543588,1.7732434274867848,2.1799369320332733,1.3208417296647867,2.1109045182890456,1.6174534326224175,2.7423501195523334,4.429457554980063,1.8345399114923382,3.1570805421140213,5.2948907842097395
-2.3877706394436684,-1.4846444456825951,-0.7137579881157012,0.08450356170710956,1.5311670267082065,1.5932693004453997,2.049052305896269,3.7007173415103747,3.877294639184603,4.018386620029646,3.9436170021815684,1.8057687300496372,3.8259579761758618,2.1665676458854692,1.3454619570370727,0.3913588870859041,2.568719977966612,2.222104475785631,1.9323923270302479,1.0770172191272083,0.9465347120927521,1.4269659036116733,1.9794438040124052,0.48056094188251613,1.8316285755577733,1.5815399887534582,0.9189450651561697,2.0796499343761274,1.4188759357659477,3.421493626234707,4.253191240671503,3.764700950157733,4.993214225893904,6.070304844909918
-1.8834349838699371,-1.2311637835703162,-0.4447272435012201,0.5130962092069934,1.2517193939266609,1.8233597579500185,2.9152144123370847,3.644729234201232,3.25650153649077,3.105294502511746,2.790056582231071,3.0642231485198415,2.109330224170568,1.886523380662544,0.30962697664639327,1.162083284130277,1.4351617746185334,0.4815255235447095,2.461196387968609,2.7145593665329377,0.8794057134004498,1.799661346239911,0.7446596245016383,0.7402580676081572,0.4463542576266041,-0.30786949884450276,0.7883726008837495,0.5020686629558179,1.9042810731195599,3.916903753255088,3.3540472513858304,5.164074124168137,6.227617546232117,5.544730112218779
-2.1824110295474775,0.40807190820881806,0.05996124040000731,0.9566750327920459,0.9199858914016776,1.7848129241210153,2.684244534874615,3.000874640850436,2.488986628873666,3.1393568319347733,1.8800805240780556,2.522809679367165,1.6584554356529613,0.7644539626446247,0.14642311656208615,0.5736782602812986,1.9700718134078181,0.5530277165134179,1.6074840478069357,3.910402248074812,0.8824359789072734,0.06539088504600961,1.1727159933338769,1.4766608017890004,0.13420173020416895,-0.4746459928962204,-1.1860367802992815,-0.4100603300534167,1.6999758769432487,4.6240681041041904,5.128049125225928,5.909952218141585,5.922200688909495,4.927852380779851
-2.0250127512414724,0.6767771630731986,0.4275636836339886,-0.4019396868306246,0.7681415130542187,2.2282740607107456,2.1917137496158148,2.407130460688123,1.9959300986902324,2.646429727717356,1.5094878919414128,1.134650535993182,1.1760367570847041,0.5910507462884748,0.2848107214116473,0.1066590914445353,2.3726139170569747,-0.2846770251999143,0.8950569665502007,0.591631556062501,-1.1514235024086186,0.4480668845392263,-0.3580435549438612,1.012142557481968,-0.586093555710835,-0.8199575890101773,-1.251689166096936,3.16142336051247,4.929292560076283,4.9326057150428895,5.803123063706643,5.507035693431362,5.325307938615305,5.143979774112681
-1.4372796623844557,-0.402875510117688,-0.6944292471901108,0.4660472895401522,1.7629437155841212,1.8690800363837128,1.573743883839905,1.8636660386006298,1.3349270650092253,2.1166964705731504,1.14560870558267,0.9863721257063888,0.6700654394259982,0.15332114916490586,0.023673534580400724,0.629669521681299,1.2713151654635744,-0.9328109923561875,0.37227515405492445,-0.1289411638593657,1.3801352521810284,1.7505951484688473,0.08072123189300721,-2.025359395571383,-0.9979945163446907,4.55872344637529,5.173482540864015,5.001978913705821,4.542694089894446,4.8963652392025985,5.375158480450919,4.594667637527608,5.136266234048704,5.350045568524808
-1.0498085484100133,-0.21509228137728845,0.4115156655978955,0.5754804409592579,0.4621797414764604,0.8669982674005394,1.3754596099821212,1.7377447081895239,0.6435188756597215,1.3666790219789753,0.6651913779251398,0.6870272701830719,0.5721806108912246,-0.49147542773949676,-0.6234824365922785,-0.5021036433458168,0.20465933082077944,-0.4110458334753456,-1.2012594791261828,-0.9734724945099009,0.20152238712026094,0.6778473332829205,-0.36391015378671193,0.7047624071185338,3.250468845214396,4.5672076583511485,4.7437938781226645,4.473164367065038,4.743618313652368,4.786309739947182,4.272117795140574,4.64730852613713,5.1364869291536035,4.804796196079136
-0.2231799513468329,0.22131975451702432,0.46160321983863734,-0.33694151797532057,-0.5630585928205447,0.12921127452807055,1.1181680453865432,1.3889957041705023,1.1208056916855351,0.7401524012590909,0.13770663916185505,0.20078651922569435,0.04280667366107456,-0.7257555646566187,-1.1967453128240213,-0.33898746696933785,-0.3460121397075759,-1.3054692344136365,-2.22173062423145,1.4300118345484802,-1.0074968684844963,-0.7148783363842107,-1.0398055257771126,0.4521139787597373,3.3247643203601154,4.44694193081177,4.555422652319573,3.913289484980513,3.8350366047306683,3.8333879347415403,3.8040068505599316,4.74232439800135,4.401392223967128,4.775277859540331
-0.5322020404233111,-0.8848991846117698,-0.8152740933867032,-1.066111815044899,-1.4827741956865323,0.002821313389224143,1.1031748249130364,0.9117429097297264,1.3309873012391953,0.10131101148781255,-0.29431659322652814,-1.075267031518999,-0.7308070665778111,-1.2842959534008471,-1.9268760891190482,-0.7179792126166014,-1.8930997576385757,-2.321738537280806,-1.6190237869611763,-0.07133105005112757,-0.40900710691766173,-1.6273444929105596,2.9783124575104862,4.407093848866715,2.381658351409,3.8023029121483782,4.381208759239691,4.231077501402343,4.186625281619578,3.522761527349044,3.6307675334202307,4.754598574218295,4.415950246620892,4.230483112906848
-1.1632555546107033,-2.2705767893662845,-2.214221179889801,-1.5261542034337692,-1.248848260499821,0.266576822097892,1.3525173314434455,0.23442795276837322,0.9603562285951249,-0.6476062917906079,-0.9568454902124187,-2.048930792331804,-0.33397521788878265,-1.4723740469806212,-2.701882765709044,-0.8228811286224579,-2.8825316191187937,-4.1159148223935915,-2.0948216939947177,-0.2923461459526708,1.0201890443330446,2.1415441348405775,4.111737747834737,1.9821210533694762,-0.8267258625887361,3.5170040853835385,3.4723722135706985,3.288675609205958,2.680530998849755,2.6450454739252485,3.0106212950687805,3.570556478307078,3.67651974639764,3.882304385496137
-1.973128819405322,-2.61103882218602,-2.6719963082213987,-1.0035462790993868,-0.8322629240681139,0.1288708140212974,0.6368607301085502,-0.5099990030364925,0.08680707718033287,-1.2996117752318985,-1.926366888595882,-2.196085733951544,-0.6914204348065706,-1.653905151498241,-1.6566120382141085,-1.0836499259407928,-4.419398686240378,-3.205679752798072,-1.5995343166827616,0.515678104455559,1.8876789055173204,2.8493701852217646,2.7268080790198748,3.988685507796101,3.3419076770070975,3.254232720138964,2.6251703148949326,2.03672375625576,1.5512693289894968,-0.22395366096203329,1.8302808382629496,3.3607237993270256,3.697426313745699,2.893874128595236
-2.577355476043727,-2.9484434081448954,-2.522359497254834,-1.8929765470326498,-0.749269166257064,-0.09216467949946709,-0.32288412971111435,-0.7189820362007717,-0.8836409287956879,-1.8054248392526628,-2.8855423062278738,-3.177251285253746,-0.6703414963348525,-2.0201867070148087,-1.716041538456103,-1.879375740051819,-4.9469655091132525,-4.845783394883156,0.2989761512672946,1.4218458259238798,1.9746867609995067,1.2571785236541846,3.9028128232151023,2.9450700723837984,2.261133561853462,2.4575904312631702,0.9064687227018252,1.7245964712917923,1.8294593272766337,2.053086563022319,2.6806282323086266,2.3781741638046836,1.997189517134682,3.3883247258668554
-1.7512934750433538,-2.4560674794706,-2.447409063439681,-1.8576215772403486,-0.8702441143822218,-0.3865587330993402,-1.2303432216522812,-0.8458553817589756,-1.3886937909053092,-2.0291427174377756,-3.4471335240293284,-3.482515063501541,-0.175412093998552,-2.266344595991858,-2.3829835174685967,-2.5241582993745744,-3.6350826829076524,-4.240868278459101,-0.9869931590062772,0.8131669482146462,0.4090684269287405,0.43132669875804225,2.398609794885061,1.7406753362655012,1.7042913719669044,0.6093318781813225,0.8214473874514108,1.2766828574615448,0.8424663600412091,1.3139260539046855,2.2702031715199174,1.0648950243888662,1.4268017610424453,3.233958726245416
-2.1923175754684703,-2.062829242970117,-2.913463654698057,-2.5792243619755455,-1.5059574631445483,-1.2883189846932037,-1.6948842033233191,-1.3824961296949552,-2.1426986190125157,-2.3803809483618963,-3.197178557534201,-3.6236626427460537,-1.265293539687999,-1.8037064345414717,-1.9040341532791156,-2.334754934131878,-2.9902830043836404,-1.939649955147631,-0.7889271715412454,-0.04556354014373226,0.5015128604567152,1.5465364006462796,1.6868909574880162,3.0400770757694433,0.9473851874002586,0.14685550054289395,1.438547006655987,1.7947639010357654,1.239145137419884,0.4112630838895118,-0.5222185625294443,-0.7695376517260148,1.309835733508263,3.985293948999103
-2.735974503673579,-2.7499841570224106,-3.2718271647664032,-2.916979404135418,-1.8872924367681112,-1.7844464786205163,-1.9996241483518082,-2.2007749887872197,-2.5811836673169792,-2.7741671782521697,-2.6386570844101143,-3.680610428443067,-1.745867349052055,-1.3537347647913256,-2.251347748811631,-2.7707700432959257,-2.6957055022567755,-2.7154985396999693,-0.5777171120905527,0.4721597014822859,2.143851035367331,0.4204314784852863,0.1789764743510193,1.7074511028915222,-0.7039034119650732,1.1821281374249064,3.2670528659222833,1.07222840749828,1.4406579349888124,0.6914450572618355,0.3653152799432589,0.8299944503832128,1.5257249619497342,1.1395610769886853
-3.739513854200445,-4.341218673882473,-4.438195235827639,-4.142749521280748,-2.5317756721640916,-2.5936130499440195,-2.6765034311960196,-2.964008285760419,-3.3213793216854604,-1.3393991273691637,-1.740335270501973,-1.9305747517059066,-1.791952364412835,-1.55385744610438,-2.7005887134688495,-2.7575309253695854,-2.583435667448416,-2.2658505872294663,-1.38772259631052,-0.5308013006731719,-0.2275700994221206,1.9696236510584262,0.24292854267709454,2.3341472881711938,0.6429636655882192,1.8776656141516734,1.1338537646882403,0.7420223150668492,1.8434798819400835,-1.0146270103221704,0.4629611919688999,-0.5303012183812846,0.4461386239312506,0.9965427267153958
-4.664191709713052,-5.21747072855145,-5.302170672736864,-3.991342261832782,-2.7806675517574733,-3.9049891385825215,-0.7600343222123123,-0.8770924611158329,-0.9392166124634005,-1.9988476902331003,-0.9662609274219548,-0.7147127903287587,-2.24087657017489,-2.6007804119019884,-2.302823432489664,-2.13134582080987,-1.6464365396502836,-2.1971422150130047,-1.2307525306940905,0.8348622364059021,-1.0473876297245936,-1.1780781457756533,-0.7989047871321032,0.19917477373045842,0.2452143361353781,-0.3013057180049327,-0.6974761758262449,-0.1929633157181674,0.560743482303844,0.22891949191274172,-0.009547050193730453,1.1197456457198036,1.0763188073038437,1.3422507815239342
