script/wind250m.json
{"header": {"parameterCategory": 2, "parameterNumber": 3, "lo1": 6.000198445256149, "la1": 58.999992894266676, "dx": 0.5, "dy": 0.25, "nx": 22, "ny": 24, "refTime": "2024-01-31T12:00:00.000Z"}, "data":
[rows 0 to 23 of 24, columns 0 to 21 of 22]
4.7235608126378485,6.692563033089612,-2.77668034252543,-0.4463339352040596,12.43850093922967,7.678114489372075,8.520860789461514,0.659689663742277,-1.6692807850984541,3.3976923094038503,12.52708530080356,2.6101176143101927,-0.28755469571049597,10.74034782532358,8.576006683140951,7.371174385989557,14.221840578622427,-2.495100865608111,12.454485961074617,6.545888611454146,11.422644328428774,13.998051312432203
9.120888469893023,-2.238998433818441,-1.3175761834456223,14.586773553585232,4.926150638038216,-2.4487321653297593,15.55719379646158,-1.499618260391149,12.047739353811977,2.4182017696245746,3.5550269385707907,5.33877346165836,1.8321441897697524,-3.285156766743834,7.306831455632245,2.4335279205229274,-2.2190111867069526,7.8874767120253235,9.055822055246248,5.07958884065392,14.088792546230238,0.7008746304125313
10.007611678311722,-0.00033568294373809485,1.9612823236836507,6.942453676485166,4.349161428219712,9.215896464557694,8.503231237988727,9.006704865539673,8.410342958275276,14.515251759456993,8.277215691694407,-1.8611164422856312,-0.5082785751977191,0.10013936887230986,4.998096391950902,0.5041986506686843,6.969888258762258,0.3480905589049745,-2.4895106794412056,2.610830443974197,11.496633306832148,7.7724733721609125
13.898131428283223,-1.535882562047128,6.314600087076717,5.267549583092317,9.282430555569697,1.0176261881177806,-2.824700205276223,15.024837005356666,13.973000288993243,14.498119138438849,10.771977334892732,12.627848087989548,3.559337357112428,-2.1857889541637623,0.019748947238986757,10.328978496130025,3.622122252564905,-1.127993944508998,7.543072689402079,4.898938247511097,-2.740259165898495,0.2108132924825679
9.374449582940114,11.88315944946648,4.220337961883546,3.882645555774567,5.264066420124064,2.5510895114062997,12.588696405219114,-1.6398210577412862,13.64209082236955,1.7582351022248102,9.313489581467914,1.7498037083051212,-0.4671018283183913,3.9233896701916784,2.1506267156385914,13.985028709331125,11.436569265463067,-2.4945873658788456,11.890513740134153,12.674343558817016,6.666950367502034,-2.6072399648889713
10.931622774601955,10.06237336749247,3.529070640669163,8.809348938103158,1.8992620527345476,3.2350510638334327,-2.758767086497199,-1.1022422835330712,2.646142842942377,9.83611325394472,5.001246217242167,0.19986900098953064,0.11434741398908684,13.991999135669865,6.670820872408226,7.993287739512062,10.253650372417667,1.79431187430443,13.917733704713294,0.4694036103609346,8.20109944705309,3.3882670492318776
-0.7363007772742824,0.8689707125808035,-1.3254925585547204,1.016448469549497,1.5041765976818138,0.5029842908740338,4.415521817969592,-2.7362152893990115,-2.3858977839891167,-2.43492224062724,-1.090012660629399,5.181434037577992,3.3936972056183277,12.823065032815206,0.845103107461305,-1.5741102170963575,-0.4947638611135175,-1.5766873761089852,12.73075917160053,0.6752379770187465,8.10479655034088,-1.0114902725782555
12.568224100896368,9.282590587892514,6.345871339672214,4.412449302336055,9.934312267365204,11.868219995463933,2.5704691126971775,-2.2712857260594568,-0.13756928092893278,6.413176534778511,1.4956330196171337,-0.805161091557289,9.444491625033246,-2.6804634068797073,6.271103053176182,0.03386169457763015,8.384261965522441,3.912571178768715,5.257195050364022,-0.8947426576791846,-0.9904518849869126,7.179396646775945
0.042591560329980654,12.59481130495583,7.313288008002017,8.180089770119297,1.4425002100001143,-2.7343402400616705,5.057835130714202,-0.6317068420661578,4.468663899943101,6.343350846265851,9.849432062232445,5.979538526523959,15.506048619328139,9.141132308683222,8.836781187047219,-1.5505559476455675,0.2532322413127804,13.393793359058751,-1.2562479045060533,3.3732145263463957,6.16863187363096,14.047820570707028
10.424428824262431,8.485263406152493,8.952415588051654,0.33669537816687906,-0.0956293581388372,9.486281434774211,4.128531257266168,8.75985411463984,6.614753714232423,8.749794836147812,0.5802357967438591,3.5653474402361223,12.694074925374538,-2.716863643715323,6.5269268576087915,13.47690708390246,12.076822159682076,-2.3921452416995015,6.622468069262517,2.6883186441940174,9.476270722959221,5.141608912413709
13.802858193377224,12.522233406668578,2.2451602247310114,-2.4333075206069057,10.610497593868052,8.031397096790016,5.562507900884397,5.389435509782519,-2.2435949278003027,3.852105552489335,5.793776952419319,-0.4342110329279436,-2.7455609546954496,-2.842257423451285,1.5987547864317357,-0.5158822262555249,7.090818295318427,4.532320388123026,-0.7732736571148664,-1.533144202669941,4.825747137084749,11.570552623556482
-0.7737742710483363,-2.119443835908341,-0.8276395496752614,9.61940317145419,1.5240232881615636,8.038715150590237,-3.016748666482666,10.136931657847196,0.5050396945127497,10.044903851728277,-1.5816649066366137,7.981086348197083,3.276652524743967,1.9848333314070048,9.391570575841271,7.2396112983225285,0.680466944087026,10.254315789648405,-3.266781782415719,4.655539848649062,-0.8137226689464916,-0.1942027990520924
3.937017157876939,9.030192981618871,-1.6322368797196392,-1.0293131312166037,3.2371947768043556,-0.2673032109919004,-2.37119164170167,-1.5321005847760267,11.465384540323823,-3.309437002146722,12.025127975360162,11.58154764210491,2.8577356450013336,8.954531845616398,9.072917094965916,3.1667140084088925,5.805364140682174,1.0465788333920272,9.662362043778462,6.460645311584286,9.161361761486354,9.458007245785586
8.899021374513,-0.9616371077374906,1.9191277894278518,0.9850599951021866,15.535641061543922,-0.3268294491248654,3.716461721317018,-0.9284204617656826,6.2169435736468275,-2.4186536001938617,5.318210522696803,2.6095945235192244,0.060128812059544644,-0.6705644350113257,7.403840685917511,1.0969537576385533,1.3693520206439662,7.149686971192777,2.635834161658222,11.217176043939881,0.4835661226362473,7.890783817506893
5.356658553844906,8.066397471655813,0.11352570230625077,8.236959490113861,7.59488768622879,0.26816479767962703,1.4826973381791047,2.764154725972243,13.025709352765412,7.574226493065077,7.203270531788125,-1.373547274861643,5.649625559216852,6.155382333803205,2.945622915946741,11.388452177412828,13.474196982711272,3.2593014428980434,7.0982276257718,2.4245929707487983,1.963015664638252,8.347788772713244
9.080647426867603,3.7840662745111326,-0.09908907950046625,-1.6808727042891125,13.123058930574036,4.245883894815465,11.616256009353847,3.3706639712150652,1.1315057335552772,-0.676174014549786,6.355703352504563,9.776953126870511,0.23127897396773642,7.351547580735449,-0.6823012011976004,12.372387722611252,3.0437251761181785,6.404752171731893,5.480023209201181,16.43516928987201,6.719047598793467,1.5829153360533397
-0.9213094836363848,12.93161225364085,-1.8679320411144906,3.6351068904992867,6.67774569590381,-3.546964290299365,11.344042364207304,13.868248569405342,8.706810280436894,4.099971467382898,11.060342492994858,0.6511090301957942,14.19776794776216,7.6299251077330235,7.27420345048551,11.525629404028916,13.638923188841975,-0.4464989579905,-1.2015440477399686,-0.8757647026991826,11.249702390313521,-1.2849412637412778
3.7829801556427163,10.922880340201116,-2.758573155816153,12.413640619905681,-0.20134588628527048,3.6259584844946304,7.788624835616556,8.470209558056135,-0.1347529116258564,-0.6516481657841636,1.151931199184069,-0.06437925084955906,4.889371315176563,8.655085115741882,8.70888359847805,13.645368517096548,6.723945194068074,4.779694443457,12.524243769539007,9.110681161475762,-4.468178355220516,-2.9536770916884887
8.956841242588721,9.009734166201273,9.043721383491315,13.747377384554358,10.752063516445158,9.363673733488357,2.7975181465196775,5.655108392324553,9.459436520973588,8.401391824383188,10.104489609656044,-2.8334907055249046,1.2786221850095685,1.862902027198287,8.319718988682693,14.987090303140338,0.6847072632881559,2.565281012525015,-0.0443258951848853,2.66450480049831,0.19414122191965139,1.1108794533755926
6.220659761275635,5.821968104766649,8.07909129134241,8.82651238731427,2.8186375616144868,10.580387034282028,2.9334214782288157,15.027725869408691,13.121147728257098,5.020882947966364,12.455517069449142,-1.0374885975998935,11.66401467655889,7.74328010945669,9.358249848972488,13.831267587710595,9.223763123923037,7.415669994521813,0.9032278067911,6.810709145353385,12.655421147970166,-2.990842548094059
8.88804473276688,9.35834216099584,-3.410805995075172,4.321050602830805,7.948729971723793,11.291871039151085,12.526287983687048,0.7755032210308471,0.2539400068107559,7.960112128041293,7.27086447763597,5.499390693961384,7.394994407261904,-0.8521704193968106,5.880646157206204,-1.6258585270205483,2.7024428696964895,2.37615458094435,9.52934711599012,8.493167382421476,8.05051088788842,-0.1344358734718837
12.832708630885046,8.689857502850119,9.822768218213321,8.431995887933688,13.398952687659078,8.317380967836097,-0.3898231010330987,11.982178713669,-0.9829379171766197,1.5014049506286253,1.5293468749732568,6.441806847568961,9.056304108555553,11.851570984002828,8.129649838427838,2.3369738571799794,-1.2207479676000612,2.2299828373633455,-1.072579477999997,4.229911539140666,-2.860895354809814,4.417627299031112
8.574538548825661,10.006242914146597,9.370398373156622,6.0503945651822315,4.927278088664183,9.561164181356073,8.550688006642734,13.769874345200787,11.339245207397232,9.163210285895097,9.317880368499605,8.442119016120321,1.2404691203123959,6.807736927216336,6.302925509517137,12.287438562201956,3.391427770329759,6.7057574745134225,9.142896721411885,-0.7245348775471764,-1.6081848542787718,0.9199501239328646
11.010608344834662,12.634271369659132,13.623818588805909,0.7612287616802469,11.01205398096586,9.522851304913633,-2.757077495843047,11.174500657449409,11.766896956895797,1.4453301234704532,7.440052796672406,4.002452257674038,3.462625875902619,0.5171704133503731,9.822183178978591,-0.9995457076129566,7.583340243277149,-0.03680315458670033,8.340717912119695,5.185894056133517,3.8338816332679064,-1.3787709814439573
