script/wind150m.json
{"header": {"parameterCategory": 2, "parameterNumber": 2, "lo1": 6.000198445256149, "la1": 58.999992894266676, "dx": 0.5, "dy": 0.25, "nx": 22, "ny": 24, "refTime": "2024-04-14T01:00:00.000Z"}, "data":
[rows 0 to 23 of 24, columns 0 to 21 of 22]
10.331541008661588,17.89101095153924,13.647571763286223,10.878690030581641,10.499255105362149,16.29597452753331,11.42599747710901,14.845557044135758,15.215328762143816,16.50867972233829,10.523408754909315,20.43690206556292,20.82165170526628,1.3055139361317776,1.332748570548964,12.08712255248293,9.018503555710257,13.448611329278119,10.16324701305473,17.53547916839685,18.2393380618606,12.098123051979831
7.510970578546352,14.815480487283095,19.25709132637123,8.425139893908291,9.657490943191151,10.67634335008434,14.833163417221074,13.3490970353333,11.136812783071207,12.108562688426511,16.356477935589886,12.1317008963173,12.14895443175974,13.154208943296782,15.178040300434601,9.137708059405988,14.078829494282283,6.778219860654571,10.509664362741615,22.766927465363967,11.312254621168751,11.154254448416289
14.13503617063458,14.686896777149542,9.252687294163223,11.363834442701599,12.81515406754457,9.575954372983794,1.7148966642241505,6.0012877403788405,17.438554060602822,14.248385248269045,13.973208113398847,10.081489141444132,11.642541970491221,17.40892654339518,11.332321148846175,9.806744751141256,16.137929855963577,15.096579827615724,13.621917964045213,16.494793473951184,16.23333678954471,13.103161903545807
14.372897398779672,14.319402032944371,14.566552544148177,7.650758473195384,13.583303099941643,10.562502821516613,11.90807186039497,15.25436616180449,10.274626312607069,11.110965117161793,6.853933541518164,7.931856268202692,9.263667595532853,14.328607484472169,13.024032735950389,18.436471211487696,11.387230921122018,13.13387397001516,13.61088292634784,16.17229467679978,16.444584628662927,15.787151234134233
12.414576507520147,11.04852631484322,0.7405526801973072,10.90624502609724,7.846170055983083,15.16057409231575,17.9365231148724,13.659120653635998,13.764962353235624,16.776484080436866,16.35470224877877,15.630666598925716,12.355932427557672,8.663285060548263,4.400307813874667,9.121896625809027,12.470603109787483,15.568992383753823,17.293279273450683,6.598057212631535,7.296508884785434,15.304714760057932
14.090535736834896,13.540510798538847,8.358221434684294,10.867720030952954,14.769742604945135,13.266347918529114,20.73703635243592,12.387129255662668,11.444060678447643,12.725360887235517,10.77095548949017,17.55163966026365,12.393303400622155,9.934319133119905,10.809373250906026,12.804946829703505,13.883630432477354,19.815059167692915,8.13752557511948,13.454062521767998,10.528479493581155,18.92752346547766
14.60459415221521,15.962699026162715,13.349869550946837,9.844030472576284,11.54655663519653,15.398578957869521,11.496687948490905,9.961885820933983,15.835985009476513,13.60624249398943,10.9690339204799,13.659003320149266,17.086070120980615,13.360317801601743,16.783945544383837,16.513237019807445,9.014466918731312,14.687841488710545,7.880988559589493,16.962091677307157,8.414397334371541,13.322089833990276
17.942117553023692,6.196962156327983,14.769866149816558,12.139851343766523,11.903513452729575,18.03341672681973,7.672944577734388,16.062916380561802,15.981497896841057,13.910423119469675,17.00606501766139,14.274937207722134,10.052798016475446,14.562512987085226,16.976223461229623,14.049860616540974,12.77395483035304,16.436101234909415,5.674891457319675,13.20076442090734,8.6685751800438,12.873951611764664
10.526662812350319,10.78138661203476,11.642376080874037,11.897358233701855,17.92064880196219,11.893685382182085,19.464030165927028,16.027095849719437,11.692300317558047,10.752928500882224,10.488253170487567,17.08749419523218,13.745680015692205,12.236911228223423,9.68455803532642,17.15826823311994,15.875328334069401,17.262348950821274,17.54705038104767,15.755340093654803,10.189055629214943,16.08481016430923
5.173811141360907,9.136962941058226,7.864829819748365,14.217021193931302,10.51974336734334,6.613222801059023,18.164155785832865,10.13964466969975,15.693421651893699,11.289169054141956,17.825512032208373,13.05088995704143,9.497691537041275,12.471952322237787,9.976863358671533,10.205367813498153,12.331263759814595,23.223544366388236,20.685976441911404,10.91239306198448,11.355537520596611,10.559991426971356
7.664500634517541,19.67572143369205,12.666648141697666,18.71581344041624,2.7007576509542024,16.90145248157551,9.16098629450214,15.878562475187614,14.916313844334903,12.274927169666253,22.163903334224955,16.95047745777122,15.010239650098427,11.467358434800364,19.119745650887022,13.418668133086898,10.562964863558681,18.314047571198984,12.498654097447606,12.527241237272893,20.03078057179942,16.970158136656707
9.653875687908924,15.986612738925382,12.59550777920639,10.791744408415243,9.270258971675498,13.411042985080144,9.935901155675618,14.34892896640751,14.321659455305252,7.3672161081922605,16.983278031466018,1.199166278299939,12.249831599656895,10.448111552332401,12.709957447820202,6.353138181473821,13.170045143012794,11.00846924028477,14.51080812574865,16.972464364441194,15.023838706375448,8.128835057678346
18.346139032327123,9.887319677270414,11.2337437873229,16.608245656157152,15.738548620584114,13.502239363578884,14.811228212349835,13.878895196184668,12.602120139732468,19.645554009740767,12.81317144073649,16.572535633964826,14.999391262016893,12.30109170698977,13.513243647733551,13.091251567521445,19.345852118356767,18.917984932427615,13.852021731878274,15.983799099198807,9.137938926575252,10.434165311359523
13.423811243435056,11.137502440426102,19.729379351500945,12.516965462404668,10.8970744404679,10.948034458074153,8.28025059745791,14.1515578801093,13.985889852976218,18.49828441076158,9.159047256080333,12.292218146668452,9.170318482125607,13.640928006180301,16.520081692934674,8.619596602462096,16.84741913773728,10.869426163049711,13.02927638361845,18.267222862535192,7.360612634775287,16.818916540858087
12.954501248466716,2.8457418522853137,7.400137445639762,9.340693420656487,7.416411174743349,10.845643670008165,17.4478401715081,13.608036620083166,7.309111421649036,10.675470285975486,13.306536550083097,19.25882747654088,15.162707649291203,15.706967735586337,11.447216890927528,10.934707221290983,11.242861351922619,7.445579757889529,6.189652196687429,13.301093573111999,16.59568516795763,9.893113512983623
18.739437353984542,9.46717806997177,13.247767470461506,16.825709040782744,16.213311988422667,19.069112045878246,4.273719817911091,20.62487525924566,10.08197319218188,10.427434542826319,9.430372918038612,14.103794020942784,16.31221839339038,13.341159789336409,13.184051617992745,11.111613879527887,9.255624799190448,12.614209182425382,15.360407508889475,9.531771083007872,14.608698176311607,7.439900738251937
10.00594332955848,15.63857229912332,11.258894053000141,13.498762212941166,6.289227738501373,12.889926997039478,11.731893522310509,14.114400240053806,12.629040004848544,19.712306817893786,2.1089657042994134,12.52751139294757,8.533901950634835,6.939723320553569,9.355203915167744,1.502358897345229,8.383426862313252,15.75213204187568,11.140456377848892,18.045190512021858,0.3182949520379558,11.669294759698584
9.427335979144566,18.38927849513994,15.770675723486237,8.434479564183507,12.360711018786569,18.909118373923427,13.204832398958958,13.387186214536607,19.104586087901335,16.266706424191806,15.71240275464752,12.18361615549874,16.892367453976217,7.478204675880696,9.635899234399012,11.344526993909726,22.00596024962086,19.295831197389173,13.027846690531335,11.017304558720273,11.176123363157819,16.570675700705294
8.632718988474487,9.744171144185321,7.70396816758757,16.90060030236229,10.005290912138491,11.423593474527385,16.052992892454508,13.932236043036475,13.117559719499006,14.916083574533808,13.970780324575225,10.410866740970937,11.368081200280823,17.504117806428113,11.125834108494972,8.580195410217197,16.92248333566861,13.266369607505796,17.61320711981885,10.431290561338846,10.229738291936382,14.097434745908275
12.416250258023068,15.818626328905916,15.466966236801918,11.280541329547908,16.235933818551008,17.30183462982038,11.943436464236196,9.503189317282382,15.487665539020663,9.15400522614577,14.902207220630608,15.994716271418941,2.3872912726505486,13.157854935063215,4.396307730066298,11.036937673578494,18.39645782223214,22.24759482045816,8.710592084611612,10.304802875067983,11.12145602327917,15.146221698102996
13.447424476243624,7.379788688314934,10.044945533932003,7.279215343515702,9.724578016347461,17.895582873826303,12.397891910219162,16.845817378658882,8.608410606100357,18.982018061519142,11.968641388099195,3.111687245022552,14.038584108728392,15.785032564828018,11.859947943199504,19.015997889694983,14.90239788910349,21.531634131607994,12.034741584230371,10.937916331290179,7.842150826733073,11.928225517715259
13.608283683343473,17.273375764248446,11.953911564043626,2.6935981860078515,18.005311559264275,11.828989393729623,13.896741291134239,18.556342141913426,18.502641775763536,18.87223420809234,11.970095117861945,15.087457056193614,3.519906553725722,15.251849514414026,16.37078519738054,12.65161725772853,15.791666418325082,15.575674881110963,9.151269265909464,15.320313500877251,17.300832594076294,9.125812965486922
17.312610659421523,7.984457047716289,7.056915730158098,19.050317677313615,16.715986603520975,20.86743710575723,4.338546418763238,6.085168182751105,22.718707763077525,19.333432523207648,6.50125952447611,13.934909032941853,17.383364810862314,10.600537404481079,17.01359087422936,9.13129744740383,9.86996164910595,11.674756177792744,20.213603717481,17.030936667984573,8.341166269724017,19.009705220665207
9.560653265501308,12.179467524909535,8.620431415024976,14.623098987579164,13.542546935571377,16.088120179842637,12.359902489449588,21.51396158063902,10.86225746122177,13.306251137851065,13.996048053446716,10.829437380251202,16.91663053398284,6.918983817333461,19.193165892475367,16.799500676985662,14.552370332582479,17.644733504745833,9.817910293367948,8.49804479219319,12.05894525701118,15.088885697745939
