script/wind50m.json
{"header": {"parameterCategory": 2, "parameterNumber": 3, "lo1": 3.000054539987559, "la1": 64.9999836372058, "dx": 0.5, "dy": 0.25, "nx": 34, "ny": 52, "refTime": "2026-05-07T13:00:00.000Z"}, "data":
[rows 24 to 47 of 52, columns 0 to 33 of 34]
6.524164669488445,5.097672893205427,3.832732567218696,1.6894090123602135,-1.313662972400497,-2.1115429716178213,-1.5066250390560694,3.5962984653087315,3.7444173812525285,1.0154126765929559,2.5667013458468797,2.2504340788687722,1.1308312805145897,3.6335891403013774,3.4421218080845994,1.1590311676681029,-0.45409087701242823,-1.659929906592199,-1.3835716748437383,-1.8963568666765767,5.894215563772793,-0.802846959791129,-1.9101833875161518,-1.0826536638908475,-2.383509542272081,-2.530859552326735,-2.1482984743483606,2.045939255543012,2.7725790486309894,3.7065496446914272,3.77509502445783,1.1815447201218159,-1.0759627314446976,-2.2076574587729243
6.4497979481058945,5.1083391348231855,3.7548958037655735,1.2992926089492953,-1.024337919271628,-1.4382367348464424,1.3068233112853094,2.288853670493889,2.7258817350522127,2.223747825674313,2.0370304577401797,1.7622156004762333,3.701431901508732,4.269920988149955,1.107655167032189,-2.116442764244942,-4.8416162761298205,-2.30209104847216,-1.0263198309223567,1.584677196655388,1.2802385060280939,-1.282980588155243,-3.539675824781015,-2.958343687806518,0.8703273366006488,-2.6739679099214513,-0.7166740153076002,3.8165802171126613,2.54160790544195,2.900537909343122,0.8146598407141392,-0.5577748748771344,-1.955348289594458,-1.523333531713577
6.389886616502081,4.779381617556656,3.4125155721070004,1.0222151515045332,-0.7122410130592408,-1.1797173340128817,3.7071842245090623,2.9606548354939863,2.5072514983572596,1.2896827640167037,2.345289098785321,3.6338177095113853,4.213552764602218,1.6212157400263245,-1.0911257971518558,-3.6038696022720633,-5.782441804451099,-1.9992322243482625,-1.144423121165133,-0.558668251841698,-2.9467099336788083,-3.8754783642673956,-3.7592985465124475,3.734268051346683,-1.1795156089905916,-0.02778651569185108,-0.37164514249724395,2.901165257042631,3.3758579834082356,1.6683284741451243,0.22746848412946183,-1.374697143147027,-1.6915199501073472,-2.5879124645217666
6.1446995849157595,4.476084859785362,2.7651609765788168,0.5635638357301203,-0.7130110671566892,2.02361968931911,2.392441905738742,1.8057851586355862,3.8225046004198404,3.355767002869183,3.6673192737747295,1.3212380134030808,0.35596545623689524,-1.0280421399844222,-2.5130175092537557,-3.9285144959364904,-5.253369043626318,-2.1228326881113886,-1.1881326781493726,-2.581037173163117,-3.7010037962667433,-3.6943312886040887,-3.449505886778476,0.708764997826697,-3.217013716562997,-2.8396731030457993,-1.4585526170488652,3.1798474581202987,3.1803048925295268,1.4956685591909509,-0.531184624038367,-1.4697193748549893,-1.0740363468655008,-3.499784793363731
6.013486751696502,4.2084147196777675,2.086524652739746,0.14188507767533104,-0.9059824226598777,2.0450213979674947,3.108804766434615,2.8086949590017674,3.3508456244491978,2.036593249867141,0.7033250939037144,0.3514038187097335,-0.5162405219757805,-1.9774330199196175,-3.6703641721263045,-3.3125697925413755,-3.9276254358081557,-3.616601701567529,-1.6548686769524161,-2.2914078287205255,-3.5943617262626995,-2.8653126095830896,-0.6713849566523089,-3.579458918399824,-1.4621582205651171,-0.9769775940818556,-1.3324604441058712,1.6814810175412929,2.1508146945308138,0.1417114089259069,-1.5265226760759725,-1.5596334549806559,-2.409772511255544,-4.33555764277682
5.7652081172294976,3.6745274247526045,1.6751519489118454,-0.7344092096137776,-1.610087880907458,0.9251307787673431,1.6942946779900974,1.7598873594706834,-0.062845469161967,-1.212873219802704,-0.7275786664517537,0.2150624090685426,-1.1784145727655528,-3.0166144129812458,-4.654935894486021,-4.442110759927086,-4.1834658335725186,-4.002309717314821,-1.905606266152346,-2.445990443151181,-2.6102185321044944,-2.425368231370333,-1.622411223254344,-1.9018076073364847,-1.8656774474738775,-1.6615351833958667,-0.4142495637076932,1.028666769517142,0.04565302615577192,-2.0903701924954876,-4.4904011172494664,-4.206286447481652,-3.553826528607848,-5.009180242274879
5.0044930901019224,3.165356787513682,1.0347617200448376,-0.9045319727665764,-2.08990632292233,0.1445330626216962,0.9628851062957549,0.7734042101751812,-2.0619297750064205,-1.2897313441291491,1.9552113307697765,0.35400822670878046,-1.7967376945675995,-3.782685796883798,-4.649794337394172,-3.1642221910329984,-3.7815543125484425,-4.419116227532159,-2.400757446197544,-0.8335284049194037,-1.9759574359541283,-1.9249049547026973,-1.4146364037640276,-0.9977692875995621,-0.7607444244722074,-1.00576168564105,0.038855018127826976,0.31848010367645196,-1.7129568965592636,-4.2651565677096706,-7.835840967362016,-1.0726960324100678,-4.622365583100896,-5.581887888589539
4.14590712272276,2.748353851839666,1.1281296624338961,-0.5745192775475298,-2.1362853183097053,-0.782189788436997,0.8598270247548628,0.1053916468657521,-0.8875792379674492,0.8235582422979278,2.3532225167736898,0.12787381037608866,-3.7647321041469204,-6.669531674421122,0.5653284427682699,-1.139910375954346,-3.0295332026137385,-4.062358475329883,-4.427969743145907,-0.4911518226303766,-1.618523859413373,-1.811634862621773,-0.8406378203650877,-0.6517153907868815,-0.48402457891640377,-1.6262369442672673,0.5504223862875143,-2.7033660758818194,-1.3496725201375064,-5.894983532028239,-8.721763980639805,-0.7619858455142652,-5.094687196906681,-6.292190417788012
3.7189522943344184,2.4775641900151406,0.7549076595164101,-0.6824228612777619,-1.7822371800012027,-1.176088283939388,-0.21954336723187848,-0.24504127072916015,0.1751221967025091,1.5983997565882733,2.349641353381544,-2.4274804694125907,1.4193621126840081,-1.474857642365556,-0.60300535425525,0.7057092030775052,-1.3870764086034584,-3.025181242134808,-4.156750700802852,-2.15512717102141,-1.7568923544046402,-1.9642452727473976,-1.0281156939136509,-0.5885064943651437,-0.7836176124601789,-1.5851841106426419,-0.022084003344514293,-2.126324070870684,-3.8903426468107,-6.946914574607872,-2.415177775943827,-3.9148178898339374,-5.684964686359508,-6.998244706105581
3.6495164818257515,2.4170480412986954,1.2527360385386634,-0.2401160037077921,-1.6613189692586134,-1.4630049659344753,-0.32033492777633843,0.23589543507913766,0.7269637162918472,0.5812654874452077,-0.36799509841174577,0.3593205715550696,-2.198470726598244,-0.21411703091308298,0.5567701272720098,-0.0023361746750098144,-1.8407683400830839,-3.2458035119581807,-3.489366582838835,-4.195505775155678,-0.4667833802965401,-2.3723881190851763,-2.003913649291795,-1.2119002704516242,-1.8064541285469786,-1.7662835188186903,0.47333992940525227,-3.613823696216109,-4.560343690041187,-5.064259593210525,-2.7555716167117312,-4.299536734158121,-6.1602622004631495,-7.46423690323583
3.6228854139890294,2.140242371458918,1.089231752236825,0.07051726270077117,-1.0407462036371737,-1.2771580065245458,-0.6167254613222726,-0.13060084746255254,0.14315777891076578,-0.6320588973929191,-2.3401142545166524,-3.5136511651194233,0.21073673798264045,-0.35029419886174673,-1.5483214104537772,-3.176375230042022,-1.8164402072040602,-2.4669820324035414,-1.5995459194714023,-2.857651954566582,-2.91908763282463,-1.3297988124962061,-1.7722816877460543,-2.008475673789502,-2.1924777451484228,-1.5566934137148616,-0.7267729520093085,-1.4733999495230146,-5.196482403250697,-3.4499243538315447,-3.9682150936844502,-4.693575767477761,-7.011762242818734,-8.15832725089153
3.5982431242542448,2.177389629137702,0.9891627931752907,-0.31703326379935315,-1.2032891992194108,-1.2986118350564146,-0.7461790361463148,-0.08169903370434975,-0.33054758591774014,-0.6078573981676877,-2.0134408445379517,0.41600429928926674,5.05014395315729,0.2449921663969329,3.3071357401827775,0.39666531768227786,1.0364119547697015,-0.6100142035208899,-2.0343197841001546,-3.253629244263805,-2.2398673595390557,-2.264742081004046,-1.569793909238564,-1.7860950966599876,4.954139587892226,4.924803344603282,2.4201775169874185,-0.7383300364172167,-2.482389090328343,-4.726512454844649,-4.96377764259783,-5.803927424859661,-7.174835609902371,-8.85287334645202
3.060100859941207,1.722250858755975,0.7907102145008247,-0.2892859004765783,-1.4596377180272357,-1.3927543676006555,-0.6985302596208894,-0.025524139345004852,-0.4022816414227743,-1.0186975110325118,-1.5142309004635306,0.8656201885255312,0.19204477299749667,-1.5288396846630206,1.1081718406255892,2.539481675070414,-0.8413963070322484,-2.1667026965389904,-3.7718755972540583,-4.334382656389407,-4.53131097873052,-2.6754653188656436,-2.6177198585865855,6.262348757469571,6.524551217360905,4.792257593983564,2.6343283726722895,-0.613388364911042,-3.686066922089397,-4.592285122661324,-5.350855889305114,-6.775833867851874,-7.9140108167246686,-8.897875713027265
3.0013743048574573,1.5356870802716962,0.3450125310905455,-0.7488154137793702,-1.4430305487510122,-1.746559386863537,-0.7528163523171603,-0.28035706906494984,-0.9264450590446794,-0.41345346400979677,-1.2022767189416577,-0.04828430617296095,1.2786990177289879,1.3592111807536795,2.4821752002691726,1.4545084027347128,-2.4573392822226787,-4.570156318229184,-4.542065525046781,-3.938629804759484,-4.462503923146261,-3.2414785641525135,1.2437155623691019,5.9576390355234325,4.293796658124404,2.4497383650261417,0.5913234155679997,-1.9573623057683307,-4.207288984751171,-4.364737589420211,-6.571886561043931,-7.433580530643305,-7.983318976135072,-8.440508093726534
2.5727087509467164,1.0626627916354952,-0.16788197315472933,-0.9410990722507528,-1.5924706452354571,-1.7798890452958394,-0.743511622911331,-1.1501807983414276,-0.19305292962835535,-0.5883951820442336,-0.5184875065227535,1.8089650571199085,1.8000552701480685,2.285306322910455,-2.8217016184206734,-3.858319050564938,-4.7222706421917175,-3.7083262014170977,-3.5761889349999127,-0.0873841825908292,-6.130088505513737,5.499598623674734,4.7512593792538125,3.926861917855115,2.0662464164301078,-0.6938153483074571,-0.8470594225315724,-3.5405927861798285,-4.040755328518469,-5.603098409872954,-7.809124784118597,-7.7196741533930515,-7.856440401922996,-8.48777309726557
2.1503797697932794,1.0378121346763134,-0.17973638035346706,-0.7983324847862109,-1.5553936655610665,-2.0169133039340115,-1.4766414680823001,-2.633831537516179,0.6982780595777269,0.0819063843429293,-1.3586209289923714,-2.0171218633468997,2.052888447821101,2.7100946305810774,2.948297066171134,-0.1637623542476993,-0.9457093786443531,0.4107831388362721,2.441381749146758,-4.297645594847189,4.455811747412913,3.5710920693701285,2.015673328373263,0.07090465397001545,0.6110981929729926,-1.639807579608824,-2.813794657641971,-4.0773213292375265,-5.072571592330498,-6.588405871671973,-7.696646657285927,-7.894127041973376,-7.849986350575886,-8.743416385625832
1.6320765538206286,0.6664987476617588,-0.585565546515069,-1.1107857936042982,-1.8184405054584085,-2.2561975154922562,-2.980378958551839,-2.7923114134291236,-0.06449511202178844,0.21932236526446977,-2.2382216818791307,-4.243616802686581,0.23959939881683015,0.6773229798921292,2.0525335575500123,1.5152462776424689,-1.722430711073542,-2.8731677891432277,-1.5057390645467492,-0.19603258355129688,1.6961094218949744,-0.2666707280458459,-1.7574988202085655,2.045428077853354,-2.1682966299133746,-4.167844792992815,-5.227927849760685,-5.2008817289104625,-5.716323940075965,-6.594851067601468,-7.518504595092146,-7.33309824035161,-8.077794297783276,-8.49375906295888
1.8034898000072588,0.4826223646254651,-0.5691856892720741,-1.6863604871856104,-2.145128943004154,-2.42375651738368,-3.958187220392354,-3.4583755877559406,-0.34641957759972497,-1.088521604160326,-3.7714320111802535,-3.862758790039233,0.9306064357623344,1.0932105094197588,1.9459143808468797,1.985139890790729,1.9880571871454893,-1.8985929863785813,1.2299501554511865,0.4373140440621322,-3.2999875655292836,-1.2451042661365526,1.1219833460964312,-1.0377905433502126,-5.141807648370793,-6.648956573104391,-5.798196267998317,-5.074727326931944,-6.08812226397728,-5.288536993054942,-5.084339397465913,-6.8644070760144755,-7.748596396870997,-8.186231769727046
1.7709321141624843,0.44852259707058867,-1.0442429983442987,-2.247459049080984,-2.6423136129027256,-3.340112056442941,-4.590727978339044,0.08022636014204741,-0.3540630595023446,-2.0896761691680243,-2.6191736285028866,-4.094194450820475,-0.17719854903931784,-0.38457600624946503,-1.4480467214612653,-2.136966814376794,-1.1997201462690357,1.4624064629589506,-1.7473224216612915,-3.7201457233064272,-5.186151452002319,-0.15136489842363227,-2.3851152849390114,-3.985922771539611,-5.721399704208739,-6.186770944338019,-5.0376049395960205,-4.667527612064894,-4.239278436961084,-5.480623638035942,-4.762313716901824,-5.723046432016715,-7.64253792808877,-7.832389701806315
1.3962140673556478,-1.4821092091097734,-2.228952091843328,-2.8055154403501894,-3.219027380263938,-4.013543660258192,-5.078050923102089,-0.4259313365193171,-1.5042873233608172,-2.9754528576825585,-4.255583121027146,-6.35486875077849,-0.3393832071589964,-1.1711174171947625,-1.89598242644562,-2.3976125929349212,-0.9890073391836343,-3.1458068643845087,-6.663240999768072,-4.474571525439476,-1.3810455106252866,-2.5962354074803202,-4.094204542322883,-4.077747388474569,-5.053272169159341,-5.191061440743394,-6.829207027245257,-5.173599374168028,-4.056241529241085,-3.914045804762211,-5.014446643512781,-5.709089091291962,-6.191491986373179,-5.710194935250997
0.06519585293801217,-1.4009090560053,-2.420656656378663,-3.1163018652712116,-3.8461957399794784,-4.393651398583199,-5.212897848000858,-3.063272245209433,-3.8652615430807784,-3.7211087204760918,-5.973423538733414,-5.411342674241,-1.3330352304819302,-1.8570664145424787,-1.6764660419774025,-1.746918400645589,-5.511182517622952,-6.393290674297237,-3.3259169742005628,-1.5788712848529298,-3.0423367176220286,-3.367247958537477,-3.4782193959185457,-4.702851374158157,-4.008618834210227,-4.830100323469944,-4.723908431053967,-3.0040633291779573,-3.488828965503873,-4.2630722655358,-4.623651385928117,-6.127960057818072,-6.908558402789659,-5.133966535418428
-0.41415695262542557,-1.5733017593759488,-2.7407266455096817,-3.9189843254195216,-4.384949961124855,-4.853794266075187,-5.623771611064125,-4.7444558857265955,-5.180984971692325,-5.54961749857047,-6.13652703433321,-9.115358685473813,-2.0134464030698758,-2.235277576027006,-3.1342475512284045,-4.233208285029521,-5.808250082806201,-2.6411914467431026,-2.555449733308998,-3.796448345904643,-3.361633124484035,-3.5040762213522534,-5.20540547927481,-5.993378080767594,-4.400148632003858,-4.173378718882464,-3.67705132029072,-3.1908756366492685,-3.973244292328287,-3.9525729804229237,-4.572022936332839,-5.0259801313667225,-4.984254803005246,-4.3792311594187625
-0.9393725664380186,-2.062370060055973,-3.0770059543495654,-4.187967904162895,-5.0062858351013375,-5.794748974260018,-5.185846853464675,-6.684382506211675,-9.567019907505962,-0.4184464225970217,-2.254330900795189,-0.5595127162582195,0.17580233010802002,-0.3547639511370208,-0.7133647073101717,-2.2695001464179003,-2.989892918842941,-2.7579615959366053,-3.77529652950897,-1.9518077409290886,-4.056420614771195,-5.040837925214872,-4.74958004265506,-4.080245931959798,-4.737011266613682,-3.239381423480963,-3.509040470648,-3.691787433746083,-3.706151731666056,-4.637592736060812,-3.0399060432356806,-4.300469668015517,-5.273248812774233,-4.756355255473166
-1.2148516050854254,-2.3677979959394464,-3.5595431341947936,-4.653980404657447,-5.807448345489122,-6.864629624855489,-5.845998021854874,-5.979964530393646,-6.293600833617017,0.30219419890999516,-0.4001615393905844,-0.3304232892764998,-0.6588132599851707,-0.614391376871204,-1.3831129925146914,-1.8099215281709686,-2.0506392804250715,-0.23312368156355553,-0.9734839012989758,-3.446450527820026,-3.313792813063966,-3.961837134360051,-3.724310897088156,-3.3920198432683244,-2.733066385767831,-2.7385458782025336,-3.179346647922585,-4.377482842868834,-3.9960437018747728,-3.7836430959519314,-2.91244025860103,-5.507871900853918,-5.699403415941303,-4.441464778637767
