script/wind250m.json
{"header": {"parameterCategory": 2, "parameterNumber": 2, "lo1": 6.000198445256149, "la1": 58.999992894266676, "dx": 0.5, "dy": 0.25, "nx": 22, "ny": 24, "refTime": "2024-02-03T06:00:00.000Z"}, "data":
[rows 0 to 23 of 24, columns 0 to 21 of 22]
11.145558452219216,23.249090757282598,15.104088759956355,17.12964887735792,16.594590411307337,13.354508341381347,14.721963731549057,16.081136198308624,23.56539693231528,14.398082445767672,28.32484176072953,12.555930981646092,19.61542165609677,25.995802809301555,12.777372456014081,16.2411407942851,16.993668312120725,13.78333166242124,23.635633782216612,15.250809182822042,16.682687943824966,17.9866246353481
15.867281676846991,17.318788811973352,14.307784129384757,17.276310080006855,13.368373086377986,22.758567855348854,15.341756796016513,20.638482538812084,15.9806221744016,15.677914186970337,12.343906351220362,13.59339486598853,14.478178296581781,14.951250680933132,14.337798461849367,14.671714383554288,20.083494258482922,16.9318024093673,15.625633931551048,16.658885346374888,17.32653394211028,16.210616774542565
20.02398697767389,24.09778948855526,14.530465886084613,20.780195474589398,11.909035545713643,21.57572113620106,17.375560907356483,15.21795117894198,22.067649376571197,16.3250127142445,19.551592917534215,17.435352807060045,17.40043388104008,20.24479696778883,16.780633619285503,16.316988993328728,17.397660849602865,21.08155419652041,13.421598949438934,14.786543926625404,26.39500537868625,17.73170532686541
15.303518152136654,24.258725483336637,14.540274235249257,14.54475872371362,21.16834383083081,12.713197377946196,16.190210360927484,16.991260418907185,15.37666883131905,18.012395174894074,24.901540816273606,29.181464675279987,14.834587809792485,16.049965370026538,27.012689678823953,19.81270551047106,16.22685343719217,22.928603868147388,21.371841294265835,16.69576550023681,15.80921434948996,16.922324845424413
20.503841808570222,15.792462899496076,16.023594646254022,18.46114140259836,14.903903268169756,17.288713628566423,18.69318435361322,15.549036196337038,19.331251884926537,15.020320066222897,14.009335775187381,12.659088877862994,27.45665323439759,14.230066227796003,15.579134310201908,15.268244368700161,18.99737399344905,15.546864417030735,19.36534878615694,20.529276452514235,13.204717469751202,14.77206348583202
17.65242722553138,16.280053274109857,16.387017138346717,14.198147007173871,14.482978169831801,14.236020759846054,22.142389062335905,26.123035957891847,15.202728281036546,21.841535809008768,16.591449818084538,15.493078012771173,14.397220844524734,17.479446022499946,17.157422383880263,15.21008599085185,20.269884139925956,15.139178519965618,13.757486075321431,15.585473566776777,16.572024886621946,18.291507829903562
16.882122847239998,14.902086724313817,23.21669374119113,14.620030792856626,13.573283550550123,15.426893429284569,14.647719562191478,14.882743482979436,14.172766315630131,16.121562083378723,17.355428454130454,15.153785246140648,15.436268295783506,24.64676552823537,14.61966638217712,15.95968082629339,16.23879951877079,14.011829847416498,18.581681084878994,14.710893973429787,18.337515949559364,16.881352027357934
20.13002886081515,16.826069165642828,14.43801029259395,14.850263919080218,21.689654539582225,18.435004498209945,15.249325322372266,22.527542458328963,25.07821038553178,11.729638812768112,14.420826689528283,26.901629640046778,18.70234618583947,16.976299994086627,17.608828810812067,18.120002765671792,16.24307751143805,15.629078308796414,16.79076305321165,25.46030810051406,25.594824345823827,20.7958348864185
16.362127625345927,16.820627737559324,14.827846266510333,19.532108081694304,15.963256971140941,13.75139696145654,13.829915617780543,22.51508705637755,14.113523228158378,20.06613624517175,15.586613300148116,24.41501530015956,15.327386173330822,21.878612838800382,20.988313067527766,25.736188833144162,19.356079725266337,14.042179847394445,17.582997354244153,13.797664497985426,18.16873695199967,16.329362791009906
26.372770587042254,13.69266089451242,15.218820950075413,20.847019272473624,26.750405252683628,21.75487593355494,12.448469048787347,14.645253093666913,13.719082713393833,20.236510041374576,15.609646649918055,17.223454516629584,23.388376284869874,25.34389536960974,20.858824746076316,14.547032207871247,18.502659228693926,23.877357017575406,14.048732795673748,15.995379732235575,21.938815620016765,13.413749250804178
20.83216531256225,27.633875043968914,13.582442648784436,13.805403791971935,18.461113710939635,18.505985666695565,16.517213302068505,15.152150791786452,14.509886971271904,16.588746828911788,18.43701957340229,19.11080338490911,16.069964036919135,15.813759304631814,13.760205055640425,17.32099789044042,13.443142402881394,16.12223134402883,15.513928004827392,23.167135396815404,14.541173452425598,19.217602750760403
16.490760008459524,17.90835066062507,23.049053901628415,20.579350648786022,17.112526322940745,19.426996330337683,25.50556636462837,26.669843464439463,20.64799383444347,16.02679278988727,23.956748238596195,16.517382898492293,15.968442003527233,12.592477137401595,17.26137705876433,16.342622757173682,17.042882206903936,16.873979110346642,14.248439928661035,13.616534122056128,14.018737494816492,26.83449111434862
14.705729249030453,26.382868137974558,14.503549564935739,15.964711725910544,15.159307338942108,15.414930477961745,13.227237033025427,25.011756437137876,17.923688485327308,25.189441677610414,20.402407109533712,18.210118891316267,14.628673976971397,23.00144848358555,21.153556642809367,14.04491708875531,11.395492267883505,14.589299215383996,21.05106557441863,23.563943217006976,24.15570361591901,20.628347335223737
21.317374440876957,25.298663311638585,14.972017553535357,15.381734107298575,18.681351902600706,27.02581360266691,14.765910936052732,27.691360931427504,10.899170928309756,15.14877173181422,9.499936707088958,16.719988198625543,17.01858838877661,23.651535738403023,17.094718305797468,18.162359315726185,16.804632920595584,17.73108851034083,15.348911816031665,18.48084696869408,22.631693474605772,14.908850035564537
15.09689562710386,16.962847044237794,22.832350560497044,15.58816990684532,18.63587287410755,13.226648696984894,13.826130583400923,14.177565995742262,20.139082979869453,14.996057686557089,15.619058691261968,15.030877741506709,14.019766643451735,16.616919533737306,14.966169440204634,25.47295323351622,14.829636702886633,16.554156872361077,14.460383954333825,14.214229821137193,14.847166606004782,16.46561478111563
20.715215758499905,14.61339349806866,19.946551572114394,15.95393476499454,18.096453288770313,16.65454713002495,18.7179273753197,14.061286277577887,15.656396559235866,27.142241276406974,19.826947090216024,14.742349272359402,16.107765647944685,14.218865381822539,25.35316391548976,17.770953327033002,17.34202808651078,17.644690013999565,15.350103013193161,22.32536918273987,23.647064012083792,17.12900560031023
26.95003031345486,17.481170088613148,21.02700613051498,14.318960257408687,16.700092108443588,24.249949082737817,19.114738316332588,13.983933476571616,15.471038893573215,17.266981852899647,23.623550882111527,14.984159613424941,19.355845629374777,15.359602950073242,15.230542644957286,18.94111149253061,17.893254036739837,16.35383270644283,23.394320735294603,13.56475507674437,19.40647278578976,23.932516664886204
18.677720349321778,25.302459371923877,14.153686642225214,16.644728556175572,16.57092864572354,17.687927804572837,16.99628581060186,15.904763722335682,16.042901865956352,22.971954086022592,13.868752080651245,16.8732304451408,13.622560610753338,13.834325521655066,16.419096541155962,13.82434220686763,16.836678080499787,12.186735550430367,17.430153463300368,20.880434407393864,14.054755440014677,16.459712370862178
18.163722535464476,21.739466015762297,15.02488358340596,16.711588046605904,20.172575929542656,20.513646688109684,13.534024376771148,16.31728476562772,20.45855892285885,12.213221966957246,20.121422462613086,20.648170313433976,14.823380374375324,14.155587293129912,16.647496017239135,15.663500307164336,15.507562791478497,11.866196389647895,17.707633399485385,14.767070997522056,17.372372279617473,17.368876435676523
24.050459040743682,21.685710304625307,17.25592261747476,22.056756656948266,14.428438857892184,20.558590765557902,11.507078969394065,17.964707798268094,19.38270602790103,20.07002141522579,24.938307666630166,26.577442081850688,24.918400472813197,17.858572551917106,15.068598369154207,16.97134228175381,20.34989212986105,18.972832087211152,16.847835973605427,16.982806490073468,21.997245112786693,23.93297989829294
15.678967174808667,20.494044463822114,14.829936408030386,16.419849584354395,16.49671316606751,18.711914582378604,16.987400879401427,15.266920179164602,23.28844879535759,22.803702820746047,21.510565583859503,9.330063012195248,22.651201228225204,14.17058177870966,14.721574528123364,15.281903042240097,15.864312950235792,16.066531681993844,20.521613384038357,23.08036441539776,14.814257855298903,24.433966715352522
16.235436101693086,24.509166141706103,19.156111750666813,18.090419800492356,21.117245124479666,19.964153502651058,23.750964500227415,26.598053953464895,14.884532031621209,14.317052351204936,12.993107047843477,23.84480950973887,13.51202984617682,24.81149176566435,19.17217736798978,14.253115016448785,14.23640917457911,13.616411231286301,26.642285078413977,17.111775100351288,14.431781277604944,13.170508669977577
16.186689918006213,24.40433172858876,21.63199797453425,13.298992681914905,17.620207273407303,20.12840587817126,17.735253929924045,16.03641086464992,28.2857342431662,22.164671946566017,20.152338917623617,14.920993977946203,18.778018781015227,14.499771216639937,20.51183837618494,17.961964220600855,15.146952874778737,11.706136491001482,18.717897197818722,23.984139788929475,14.870225463059754,22.455216044795677
19.922717552714868,22.007460879149995,20.14184388002939,17.765357858168418,19.73020583986956,21.098692692236735,22.43333561515422,20.094785224998976,19.08426165220955,16.677613341533387,17.90262880598279,19.02489078069662,17.343386712027876,16.134720611121647,22.739614449238164,19.374658663988473,20.6615932202748,16.233950340869733,23.457786625123855,16.788872743968813,13.593174265279835,15.269395088581959
