script/wind450m.json
{"header": {"parameterCategory": 2, "parameterNumber": 3, "lo1": 3.000054539987559, "la1": 64.9999836372058, "dx": 0.5, "dy": 0.25, "nx": 34, "ny": 52, "refTime": "2026-01-01T12:00:00.000Z"}, "data":
[rows 25 to 49 of 52, columns 0 to 33 of 34]
-22.141211002471263,-19.939909647934897,-20.03173843914837,-19.256125179158722,-17.727918983428758,-13.844205085644692,-14.946708615208347,-7.5433674268610735,-0.691981278351752,-3.639238183615619,-6.1613503679052135,-6.23861610764566,-8.839419292553224,-5.795029024262941,-5.67103727492632,-7.1028635264387665,-7.679105391625349,-5.436786310275235,-1.0777627374121956,0.9351257983256686,2.9508037351420273,4.963381939093133,5.918641978426642,6.550302994383003,5.798485708338558,5.51589368594059,5.520825580804023,4.318389897012106,3.5820069234672696,3.988421669422866,3.9449116815047085,9.64395997393122,17.552053583932683,20.533150609642362
-21.21052557047932,-20.74799665975854,-19.916758005430896,-17.775876748938057,-16.551104263924493,-16.261649985839163,-11.620546867513177,-3.7361016879177087,-0.9659207885631248,-3.4250118735447335,-5.7743709685926286,-9.078562739843814,-9.320578987573429,-8.028127100725216,-6.655575989578314,-5.87229606094211,-5.710955960398211,-4.063464451142261,-0.6751311528972617,0.8137321061826611,3.2970962979153886,5.72521303723079,6.4555297039347,6.972100951984405,6.284650136363655,4.324128535746023,4.817679035133217,3.9967080940645485,2.2100361539353606,0.3648450545558441,3.024552333439825,7.7993673162291,12.480819458401177,21.685265943930958
-20.549268926732886,-20.049785150499407,-17.94563182798941,-19.030459211907548,-18.6995027904652,-16.417395578101917,-15.038782553234391,-10.558454590945507,-4.902057020446753,-4.755181704049554,-6.655497809732046,-8.02143713315529,-8.129124064915205,-6.454721443502687,-6.257078120308245,-5.510917463818322,-4.573538023503662,-2.3948635125031044,0.34205125086427174,2.731510717000296,4.233362251235589,5.694024682824983,6.387132910536232,6.981407101990667,7.334082083550266,7.060664064872351,4.507057733536274,3.409254758458719,2.47408298851672,1.23956810396692,3.4821341639111902,7.673847215944708,11.51459028641607,19.421903627296842
-20.12799703507975,-20.263748901984684,-19.74198079964654,-19.31635032560573,-19.143636273592467,-17.838151549044834,-14.523022397234632,-7.382711006105979,-4.890271722227431,-2.856919384606102,-6.0902660752701046,-8.991529525521559,-5.087741052283224,-6.117037484127468,-6.024881999985289,-4.950307451325668,-4.05096062278087,-1.2492258267534329,0.6870133372249598,2.613055417129992,2.539389587436815,7.0842186444424415,7.025779323876233,7.303318630900604,6.384086629010413,5.729532441191971,4.380020087118754,5.473184730839065,3.384219093837727,5.3004728748247025,6.864483374587725,8.856738556116989,10.216756157087934,16.497876134771285
-20.666987509842368,-18.537810568377825,-19.195369117222537,-19.63115432146107,-18.49453861962605,-15.236342935839124,-15.037749970070834,-13.293973205266873,-7.2787697520449,-0.44761360930256827,-2.970705113275453,-7.687787263689622,-8.51196638894473,-6.125514443767205,-5.906380570694284,-5.709317383504738,-2.75376943933611,-4.454966043734586,0.580907969582724,4.0217443026166055,7.9368492708580565,11.534486817445119,9.358181612129089,5.962030896928425,6.003553247858605,7.723741214323039,6.732401703883711,5.309908817190863,5.126329798330393,6.206687452044433,8.038110924729134,9.391812000519531,8.715587316778755,8.947795686454999
-17.10446112770662,-18.50609936337956,-18.617453867896838,-19.019511131469443,-20.374862931014224,-16.686023786555484,-16.297721317957592,-12.238736618287634,-8.507402233877322,-3.0278470698580353,-1.1865952923952066,-6.4046084131300605,-8.447911382255795,-6.1584038925598215,-6.126058169974854,-5.045507376128657,-5.592829101844301,-0.6621807516458145,7.021319822064349,7.095620263031863,6.815145325367698,11.829639364115124,8.994231010974485,6.939858629651892,6.188010630672289,8.416021454280552,5.736252061290595,6.520412153215684,7.8387496514003105,7.5450380844622,9.213461158557694,9.223005600845129,8.420802229067531,9.154633398341497
-17.640086234138046,-17.484603507510364,-19.64877932757345,-19.750943386057063,-19.348596739763902,-18.57116013563831,-19.78878843298316,-11.88674920271377,-8.349729214256584,-4.128478212978439,-3.881799395168257,-6.246403085277661,-4.681781502988108,-6.144583461335225,-6.117108343777415,-6.553912594366257,-8.24898669517961,3.109210659544245,5.844277366610214,5.495009926045461,8.46153096336114,10.565836546690276,9.696925761333445,5.961914866626325,5.748571650813727,4.3946802744590965,5.9028086330735325,4.104001019242957,7.548894649399887,8.53289366960296,10.410027544421451,10.203118911238048,9.503282764020057,10.301926594385245
-18.39415749964181,-19.01344243547488,-16.82365412346185,-20.898021531623662,-15.416334387560186,-17.33925535507513,-23.24055541559358,-12.246257497725365,-5.812118806215218,-3.499431841643214,-3.88289900290715,-3.4030073992548173,-5.156984868275013,-6.283759416693986,-5.757122935362328,-8.520235379166769,-4.545019321996148,3.728268925459821,5.2809149474370205,6.513577923210413,7.618255218215851,8.564602680981903,8.821550311247002,6.772674105062147,5.383984711481098,5.747476998075118,5.0561244235804175,5.96711016790818,7.286411589642751,9.413941688857722,11.874595970398092,10.393151723711169,10.671015352770159,10.09344360647245
-16.971403775236404,-18.093219397284447,-19.024811729878085,-19.477156939926303,-18.278090734520106,-20.008936515697034,-18.170274101703743,-10.32103525740682,-6.887572788624951,-6.127906789356687,-2.677241545681346,-4.956999434209701,-4.235961552702065,-6.4266865660316075,-6.324604246480206,-9.112209028374892,2.0978458548743486,6.069390946980087,6.59871280073291,5.286835410593996,8.725350604355368,10.158291632716212,7.692668700793067,6.23265486363815,5.2926039219210415,5.209282769375459,5.045181627882305,7.250537937352254,8.411021120799221,10.831973699238729,12.564390963048563,11.44150918224106,11.220591578129069,10.97037237893483
-16.875844899111723,-17.38983744658152,-17.733253976949808,-18.31708012574229,-19.807552256473663,-17.67372514423202,-13.555618998572626,-10.47284545439481,-6.700037157412322,-4.798605263897772,-5.169564242252954,-4.027690038390692,-4.189361603205296,-6.4581909703443285,-6.505343603714223,-6.5284445193740925,-0.10406308577685387,4.991476338776624,5.573865279945988,6.469079819027326,12.591663061517187,8.584544411458523,7.101062291565972,5.431983246261759,5.12446764680639,6.043710923908737,6.5836462550177925,7.012359355201158,10.092606136461933,11.226750966858754,12.050662344705291,12.352821829304633,11.320992151999144,11.7590303477422
-17.253074085285007,-16.776110437010118,-17.490806589298504,-15.979800330491482,-18.593122253156885,-13.682195076370093,-14.841304786732579,-11.561804628451926,-6.745787517849981,-7.4275253864460895,-4.9318876024234095,-6.845376520096536,-4.658775258565518,-5.861324643957278,-5.994113704277063,-4.426148341246175,1.572709815063297,4.698120631831446,7.800082227630019,6.3990023960328495,11.15213440654006,9.107795468007549,6.079799762856709,4.742703768040354,3.937613433148485,4.375723572516706,6.867943917054172,9.843936078736663,11.56120260979851,11.041466206020628,12.257941588364028,12.671602837939144,12.406231944244256,12.492029779260822
-16.80452418992791,-17.421140001851843,-17.29400531121651,-16.59930593354554,-14.824113871939838,-17.33732030586188,-14.27449646195787,-9.758390080760236,-7.159817820494511,-6.249500676322654,-5.41553510081731,-6.7427617884661775,-3.9923111869619565,-7.309788704976273,-5.280171416719763,-1.7749245926551829,2.7829173415467303,3.564779540884768,6.494670765613506,5.705782166940767,8.649982342396498,8.198437597802155,5.471576516402855,4.004283913810859,6.656617351360561,7.539908784751203,11.214847370795246,12.080133245275535,12.169002262666451,12.656032930303287,13.094430335358815,13.090583573265318,12.9370218165476,13.613184492523677
-17.145165943839185,-17.539476588086305,-14.091344472121866,-13.006970560209185,-12.908323551470863,-13.901330680483781,-13.563208713564048,-10.585288550993136,-4.789671859430475,-3.719341829714184,-7.187452012033176,-7.439449404784193,-7.16581048699733,-5.007658558048162,-6.949842319857672,-2.4960190486989267,0.7284426961701885,1.7839106740884907,6.017514424491922,5.564324104531934,7.86259978010413,7.51571461754379,7.096964655166988,6.92794046446869,9.630154459918105,11.059796389279768,11.81284325630709,12.851135905437458,12.848469635345541,12.858463848443995,13.630131746003368,14.5965132894367,14.423139206606844,13.65879880465497
-15.950351034022544,-17.54569899801103,-14.096129645909643,-12.968225631799807,-14.92550041383222,-20.27912276703299,-10.757235746029929,-9.419744916263166,-6.187737293569398,-4.443126603499144,-7.645143898552462,-6.760058877353609,-7.956565585382383,-7.3108863550905525,-2.1370166825607813,0.61509710576148,2.975465756577698,4.147609046665914,4.083721834239531,9.129455105449358,8.47569845301153,6.35426158270287,8.46764353659585,8.482478417568933,12.104987752718557,12.566345314105849,12.72299450940859,13.511170977228053,12.676247251985085,13.511375446854785,15.169223728578745,15.264096647728476,14.164540764708816,13.328325239339428
-15.762348227310337,-11.935692027141629,-15.315973395612623,-15.606234410190995,-14.228024342503861,-16.67585076998937,-9.01796717218037,-8.915314853965393,-7.487706543275146,-6.173167325327143,-6.525416500603802,-9.670501903876968,-7.19025481757228,-1.7034704104321778,1.147426394350666,2.014664593431237,3.824932652227737,1.7896512043717743,5.580305269158053,9.80957773933639,7.196760908525988,6.577354233370927,8.73302639045312,8.669764750465463,13.222995464130593,13.16833602100044,13.774612612061228,13.676954459812327,14.277467267788763,15.019759399066384,15.221641785917889,14.236448061710018,13.626325460033996,12.846998535343348
-9.997841024264025,-12.260372188966228,-12.313058571749712,-12.959943897003185,-11.611276060221075,-18.084456642120045,-12.422327400521569,-13.701338673435265,-7.640553481960597,-6.089620259648793,-6.07342423300792,-5.9848522074197374,-7.208529200127129,-4.492812761821406,1.6521662497147498,0.5174453454988456,3.7948509198884164,7.002251148188783,7.898061567151603,7.768824940617745,7.593591481264086,10.875409497109555,11.475578584971203,12.30305053714568,13.355960688134042,14.75901860876759,14.278663321641842,15.178384352484391,15.010366323207446,15.08271223326596,14.219295253259558,12.750402485722931,13.093601906425057,12.980159938631308
-12.065836645687606,-11.23255607370526,-11.037793689736157,-14.403009671792583,-10.70497014959769,-14.543296652186278,-14.336406200086529,-8.810763456954922,-6.989897756855015,-6.054164709778002,-9.47062464692652,-7.024849566868789,-5.855370998922637,-4.268280249131887,5.332314309347662,6.84223873709346,8.256122534871297,11.516030278533483,8.192142412405241,9.242489938737785,7.789273562215091,10.153651741864712,11.853008506527798,14.213513285390738,15.281527794128582,15.264460119289973,14.821504210771147,15.298505697311045,15.083870335485756,12.965025750473757,13.685908722769467,11.968730924442337,12.191784517469824,12.786847035633029
-10.669279647217648,-11.833058855140084,-10.55837167521989,-11.500923003695338,-12.088611526802946,-13.59258897850146,-10.912423885689359,-9.371775505291122,-8.896183363214188,-8.39088530673377,-9.542939049370506,-4.501778548684343,-6.911909130170025,6.302006283775906,5.243061891758971,9.847905214156004,9.216515760731548,9.82415875964698,10.904360201594063,11.303221623455693,9.080882763403771,11.564171460433055,13.538382584319299,14.543771148681708,15.966148479045255,15.2699386228432,15.407740260110844,14.850795937427003,13.432720330663045,12.47630291176658,12.564727547544413,12.849350815253349,13.310677315541414,13.88421098360562
-10.306418797241896,-10.799616021308543,-11.175701214560291,-11.421066800601809,-11.075441201678178,-17.46058587888853,-12.732062813819523,-10.629462923176295,-9.40206395395065,-9.406763522875801,-4.477547168819281,-4.247416478882872,-2.6867973726450884,10.914525667213237,9.25628627118428,11.856672915513263,9.617335717029404,11.96797787872756,12.387316852032207,9.965406019729329,10.273180375133782,12.807358197476548,14.17247834982044,15.249201732454216,14.973369441009696,15.888113435644609,14.602425512875376,13.411396619165613,11.842409203659212,11.703011155534314,11.001111857756472,11.517528927979813,12.905098823347723,13.61262800290821
-10.96042726499145,-11.59687496473048,-11.00166005046469,-11.15900833152917,-11.318943517604417,-11.363700339449553,-7.349642202689867,-8.756049664419347,-10.488156001217448,-3.7271382644653617,-1.333237840300618,-1.2231492094541447,7.427332105074181,9.965637385252323,12.08759118266016,11.220400542703553,12.136059098870804,12.416548015974854,10.996856744095567,10.219795761188145,11.280087560482645,12.38077632847071,13.30288779866966,14.03920575216736,14.57795321435129,13.796443008296386,12.006053873228675,11.658576246798312,10.238582460002828,10.076039239590509,10.787230945941564,10.571774238461716,12.249646905398272,12.916054482933797
-10.985256724063184,-10.138553876092134,-11.235011127974026,-11.076176649681226,-9.998182933458246,-9.126898661467049,-11.921140835362593,-6.679565226987506,-5.4835053479347735,-4.735606505559239,1.3555355426954068,4.365022678762987,10.640887942714317,10.249111547742922,11.448447092683942,10.411421339556847,9.645540326558603,10.578792708955303,10.485357805061268,10.971776725601728,11.486762443813474,12.49152492221468,11.872132161056303,12.638826095809002,12.308620531297915,12.318703461428372,11.32812024732729,10.04117922477648,9.439462056845594,9.588160463583035,10.616175389718212,9.329946841497089,10.350649753056365,11.083696570098517
-9.249854389798138,-8.177479212375111,-11.003083163954855,-9.471700592323542,-10.705748399666625,-9.470466100024137,-6.909816543823469,-3.734114956638372,-4.209950338828079,-0.7263672018085073,2.416240442185114,7.3315935281827995,8.548095440662443,10.822050141686818,10.91876438739469,9.177347386036484,8.348851791048737,9.647583375526835,11.10573140120889,10.973648553558306,11.995440537109726,11.893722866309973,11.219785739623855,12.325110322422477,11.031559961789165,10.993230023704184,8.927453804217187,8.176634780590957,8.66542724731453,9.1760663487103,10.08240940294176,9.714044766506301,10.156039331007408,10.156060227291071
-8.320258765177869,-9.359266895526446,-11.173010640238568,-8.807359061972388,-10.682964817271479,-9.329674751768879,-6.102963885618519,-3.676130822303584,-2.849718570003067,4.257375512796667,5.001578317659312,7.29707849445788,10.845730379738654,10.437184896067114,10.123805075291832,9.255576664092064,9.216468945512153,10.375352323912004,10.550874370889105,11.419243008734828,10.798981752789413,9.840112969754344,10.278826233183835,10.745178413541886,10.370873933850628,9.029842498642305,7.9868029028075505,7.8840190192369874,8.587016136924564,9.360841928252203,9.519339815724031,9.546297340552258,9.76578403153109,9.986552909275224
-7.877534970941701,-8.477872814890638,-8.822154432221868,-10.02563442707521,-7.935740141963077,-7.551436221461354,-4.408896707234456,-4.795069687371072,1.202963962363903,4.742227669195255,5.077888565864529,9.218827827382077,9.877253409676317,9.792486288852253,8.73991559309681,9.342597924194708,8.950564289095604,9.565050893757514,10.161139231554747,10.330762911822957,9.33979605787006,9.145251540701448,8.728325566255881,9.040224346140798,8.772514136105144,8.214724471699002,7.923926536337566,8.266908263946624,9.619552886429387,9.452082891387233,9.528512029778048,9.616626469008756,9.735688711540348,9.235350853591342
-7.921939196855106,-7.658644761709033,-4.6742554578683455,-7.18285011872294,-6.146376939048783,-5.291904224472485,-5.673818751439851,-5.272721488347868,2.513942972359603,2.3580299384779,8.059687864423548,8.469402985618613,8.764312702527508,9.240309307371673,8.094868398347973,9.00574096861703,9.045440138652104,9.835065174345957,10.141452456249073,9.588964295197115,9.849037375194252,8.43639059171186,8.903777456529529,8.779665911871225,8.349246939629344,8.812671815401014,7.913512660293899,9.296384871974215,9.792345079665402,9.008104592516824,9.591275884973093,10.300912782954583,9.618604219354326,9.404553119996768
