script/wind10m.json
{"header": {"parameterCategory": 2, "parameterNumber": 3, "lo1": 3.000054539987559, "la1": 64.9999836372058, "dx": 0.5, "dy": 0.25, "nx": 34, "ny": 52, "refTime": "2025-12-10T09:00:00.000Z"}, "data":
[rows 25 to 49 of 52, columns 0 to 33 of 34]
12.041658309565904,11.687011330618848,11.330171644417382,10.8744154053088,10.444629867316188,9.211878689487518,4.653612737190972,4.415428771854834,3.79996858793256,2.481864290221994,2.6146108851070937,1.9053404081082954,1.7238177479169148,9.801716999024539,9.874040959531866,8.892402875617412,8.805962101780619,3.8308815401128276,3.142329677933446,2.9268914326577056,6.213504985286874,5.3333762559407765,2.576640632141323,2.473240179996501,2.8443609267096748,2.1463323844357545,2.434275464664842,2.5357740596042633,2.686075357605225,5.857282457482127,10.67261613946768,11.33664572469118,12.278410131452334,12.021557190835543
11.414329956887885,11.21653132280408,10.698043412885603,10.564870494136075,9.912713772271912,9.295335479295659,3.8445878396890447,2.6055015017089334,2.418716057201173,2.156904116477283,1.9007339696583125,1.8996222645075183,6.643112797159326,9.620921590042608,8.65748357620068,8.309062549079123,8.546968092900983,3.400767124922918,2.478033412352758,5.571548659795534,3.7212839982610606,3.2396961053831648,2.1192361476009127,3.250820830668614,4.279229860118107,2.066896462416543,2.6983130417226278,2.757045144865725,4.598217298010534,8.809481348094964,9.999649393676172,10.873083640492501,12.483061436199488,12.047523388881203
11.098821020761822,10.91358990352339,10.62086455566274,10.418245288527787,9.946278018543161,9.322969495654412,7.551265678535854,3.302360754529535,2.5444015583221744,2.0130630313525995,1.8319799923736655,5.256056252629665,7.733171568808606,8.309078851937821,7.790304881549157,8.228448119826238,9.25253052362329,4.917213382563014,2.667428349053399,2.355321320845909,3.836924501150013,2.6529042549517334,2.271924220120953,5.858637049501949,2.3144230966618538,2.174151285946111,1.9958477882469705,1.8030140876840313,3.7377096255657114,8.71572232092017,8.926641182470348,10.421048787692149,11.204707628564094,12.432213304299554
11.55697265952955,10.996261911542758,10.552884227688526,10.433412215085001,9.76339885967268,9.022003697571044,8.09491006640161,6.965248120846261,4.320765071462438,3.626469864399816,6.855389846622707,7.60416978571333,8.75618712302378,8.31962961383032,8.479179977080642,9.111795451801822,8.482518047104604,6.205034484689207,2.9357599271491286,2.1103239375176157,2.199245479152656,2.369779544591984,1.8905971845895655,2.0790194422264863,1.639429029362299,1.7421890795089081,1.8460735870647271,1.648240760624425,6.002417438991557,8.818321958353598,8.618697189198746,8.799980982102378,8.29696922613934,12.4858273447943
11.469056587833558,11.376850116099394,11.247578704820766,10.91785098731677,9.738226482886901,8.677005303354795,8.404352469830114,8.194638614251861,7.249560650370023,6.4510163810130186,7.086106091986922,8.096503759230428,8.261978750252121,8.542595300862462,8.95082265684103,7.4163614574940855,7.449555557001071,7.321469671531436,3.5839112471877503,2.505668718451925,2.147572304916323,1.996754490616095,1.9022032092463002,1.841782274273734,1.7586455528046483,1.8811369293996962,1.794507045084933,1.9449562893468633,7.464592378659368,8.000491540295586,8.789064033767048,3.721476105794056,8.763588296052609,11.38581509520511
11.338737764069357,11.277973554266037,11.105971800163728,10.35555898420107,9.130255917386357,8.418854727905028,8.492997551567138,8.680917923045442,8.344578056552782,7.253090981276293,7.229377452093797,7.408787818947948,7.839044392106715,8.478669693732504,4.950464359047526,5.528768590807053,6.850152420298792,6.383604869777165,2.8081289576141284,2.3799164421041508,1.7944887338868787,1.4585980815885728,1.7747540117838183,1.5584395523147203,1.7524921560717714,1.6679039229764572,1.8797753184597372,1.851963945827003,8.25962726573938,7.116478496435257,8.320590167535707,3.2329861040332046,8.988842497809804,11.22625571750158
11.974692856682209,11.401101109977018,10.604273001254422,9.720267400617306,8.644200716180725,8.268368253505946,8.63534758532728,8.67904236841084,8.199726327784282,7.279453666961577,7.353597696590823,7.265292482561967,7.219350604812783,7.168687339829794,4.716836938329905,3.908414786687885,3.7603125751042676,6.494734308283153,6.099532875093775,2.691106324672897,1.7682942457067765,1.7680729390975853,1.3522091439580475,1.4473986595952513,1.6627998042504,1.5771139206755191,1.2792171476291518,3.07590302286151,2.52581950147236,7.9072962383060945,8.482511400392507,4.0289711924971465,9.76391416574776,10.737529143701893
11.956333161703625,11.257707172208043,10.520081988929688,9.658889507819104,8.600285598956122,7.995525916711085,8.662748269839247,8.575359335809942,7.461692867902736,7.372888369637679,7.562547289324275,3.073350899151007,5.577333875731085,4.986672826971493,4.072646060193713,6.834840359290551,7.3680671525134365,6.397462813880595,6.150293579302598,2.613986438941199,1.8992002916614574,1.503286137959459,2.0809905019190786,1.4022862604590616,1.2761626639870876,1.657003922330855,2.1737472352564917,3.0758099801801766,4.736929180334701,7.777178936857557,8.159483541301897,8.211263337949887,10.171393832538792,10.14868093235417
12.149075573080076,11.077804489885423,10.125670170601861,9.168125249539004,8.320572968411051,7.677470288766918,8.559730476780954,8.002751380437966,7.546370809996922,7.669247445385021,7.322818218136353,5.674313291962484,4.539309861199385,4.4759081895851045,4.097167829366074,5.814136726342469,6.566505193779489,6.087486904121048,6.979402351885307,6.212846559407887,2.4207731858634802,1.6987660709497436,1.5876093104550673,1.3266561642477408,1.2069327996064838,1.539658025812779,1.76861452918805,4.735935197709488,5.849647569044004,8.450304038691396,7.929896966875226,9.408139969846651,9.762678089104694,9.811142702403664
11.610998305587238,10.77069355975244,9.747369731237267,8.703579703299848,7.5646051312004055,8.130588228479484,8.430444527624822,8.210965706172718,7.988139464001789,7.665368136315451,6.777653664591271,4.7854558558314535,3.3989303851101584,3.916655206771317,3.5946812001929582,4.0149396139756375,5.201997576846225,6.868381456594714,6.867707820705781,7.004890041563707,3.4598757786058636,1.4398786088886428,1.4450831326730915,1.6057954615707664,1.1671190883459308,1.7058939037782257,1.7277693900879492,3.7718210807162826,7.623645459964837,7.974890184781207,8.601205519489866,8.878252117320432,9.465892482920065,9.687073179287982
11.323058882291264,9.870960136639027,8.969815919357982,7.983118623118861,7.612338162339417,8.82900825132691,8.30794053718216,8.314198859753631,7.994053360173092,7.619865481713213,6.477369082794997,3.855840239670368,4.165650807587257,3.3815480276840137,3.2742335032267222,4.383796069665999,6.779576288087836,6.883823030436962,6.66947246946888,4.377195213194998,2.3060391450793745,1.7184651604771761,0.8646590147384418,0.8845997844282127,1.2181692204203192,1.8710894134565388,2.1755023431447182,6.380698923884866,7.8513432076945975,7.929628196969256,8.93061065292128,9.094653643021656,9.88279791689332,10.270978451903325
10.145680987916997,9.345227024445407,8.487680887653116,7.760466067112916,8.15544335587026,8.993202015006062,9.374846492606865,8.603392324469093,8.06940296334019,6.962306406941631,6.760485881255467,4.605775497502281,3.6776086649246174,2.6145856500360587,3.1700316161599584,5.644174779407606,6.5023159572437415,6.451994984458452,2.8053962071036866,2.0076105053158604,2.5035669525846194,1.8160706664539445,0.9150608741093312,2.108362194140692,5.173040834331061,5.820379130701075,6.182892761138172,6.990013828085367,7.995715113146074,8.600227431774428,8.255085973360872,9.209208704338895,9.68042298901969,9.47086278660812
9.948352981780129,8.94083288355296,7.856394252029579,7.945927570274276,8.323334353403137,9.262408271920558,9.211091176749616,8.346016591611551,8.604080751649349,7.8359228779519,7.272272767199067,4.506603935788213,3.762051554891271,2.755122481409052,3.5156590489323025,6.187753047804736,5.810819162902746,3.974490410257026,2.9217355988846694,1.9935980496954455,3.4684530418899637,2.2637146908732464,0.9649160759626374,3.445211253642284,4.69686049663488,4.885723787116625,5.548832587687077,6.702474226843632,7.915646255947668,7.433426532444757,8.16555083916379,8.82555712082557,9.001567637533633,9.13083184128308
9.927418982362445,8.687070199749169,8.354689978309976,8.627864847759827,8.843989303418738,9.26192097071853,8.674926325198777,9.103357326910976,7.901542663011133,7.537207545667565,6.675225227155944,4.682237474664516,4.212511108937962,3.187723957037319,3.732960488583511,4.448681963178296,4.498905447828859,2.8471439771981237,2.310738932263852,3.766592757103962,2.288591217868691,1.075620444092941,1.7574752468306338,3.9055934558714016,4.674671064943768,4.266441699799132,5.236719826346819,6.634013815004289,7.186088094548482,7.348946486595925,7.7858923156372635,8.085204506990358,8.99181876228078,9.308155060072888
9.514746346294174,8.732379214409443,8.5207197860389,8.852783346864268,9.482093760311617,8.724805039740115,8.627869730637345,8.31714029290807,7.797570421329287,6.9741624005207035,6.744876690015045,6.007553081330698,3.870845067810507,3.350184078818627,3.720663033001705,3.6879831182261174,4.467512860265877,2.423416399832931,2.4198203645774634,3.5601592585549184,2.969371765014995,4.232908509417109,4.300122141710318,4.762457500335505,4.017364186262371,4.259830912987406,5.327442525336442,5.821902997949405,6.082229281035103,6.899066530995935,7.688566676682977,7.597528685577064,9.04299264387303,8.890922043441636
9.29710013955999,9.191155375585213,9.26261850205252,9.578624821916423,9.306963251028863,8.564858039609554,8.38011755642249,7.723189187463372,7.508972118403345,7.611028667259815,6.947198060382426,5.9167702314705695,3.8578681069146357,3.4330405214818547,3.721175598802651,3.35848888941881,3.5178528484524425,3.2511177708703776,1.9985495772780253,1.9810658915229673,5.047806677062038,4.5569362790121595,4.000223496685878,3.7532844718593186,2.2893268903882054,5.9209626744588455,5.38723999511644,5.84816750823791,5.886978058147123,6.143347625052197,5.40833800527863,6.534714468570677,8.964749325280025,9.444425661706116
9.472150549393824,9.45276383339337,9.972371907629084,10.247811032233985,9.688805128430397,8.769169106291699,8.519442315019166,7.7953316296068955,7.368311869488299,7.8432968923465545,6.624943389746223,4.961900943129505,2.9246074198295693,3.1723280614749285,3.6587966559352862,3.7384431752693135,3.567360635605068,1.796044904683991,2.271869072188155,4.511459367957924,5.073341517039279,4.26127386829527,4.046157217013815,4.864402359953482,5.327085859376782,5.247523181853448,4.994053866007496,5.70871476850185,5.41603531961423,3.2522763790929177,3.009955695518047,4.28944439284543,8.150272445539082,8.71019534105092
10.072359889736202,9.870050642599711,9.853709963671983,9.518672470301114,8.938347346854037,8.420604979720862,7.596313365288942,7.360187917294029,8.1902166659122,7.485882349929763,6.739036553133427,5.809451723657244,3.99878250867579,2.7741000217089242,3.384372769839251,3.294652825046441,3.1987847991924285,4.492850137683827,5.847654917489057,6.168076653872218,4.309924464909995,2.7661786287000756,4.401630053332155,5.012910357952919,5.498396753712189,5.2295595437712885,4.999894504608583,3.316402209637904,2.080194050937015,3.6496924706389566,2.432435018465163,2.7900397490079056,7.422999645888418,7.361395405699906
10.621417897514231,10.164574992925754,10.075893482120096,9.199038203422306,8.862082906769494,7.867654268454579,7.418618757408926,7.446883226144906,8.282407336937103,7.307567826373124,6.44868305563402,5.9486032832474685,3.840566697730794,2.645887206809907,2.4008496982170056,2.165265782028907,2.372142559855087,4.601541533435972,4.866972354849955,2.5968451726865527,2.032611416065489,3.879824308023941,3.848048110833755,5.013592515876801,5.509638217259414,4.802988818020662,3.0130222101557385,2.385800509771632,1.9360712296937799,2.0363769154317497,2.655424330878131,3.4543531916132424,4.841147619601607,4.205104468964516
10.51144316794006,10.598468451218979,9.359284099698625,9.437809614812014,9.01211424497043,7.562209864325761,7.151697280416047,7.95556438820225,7.595815152460856,7.26661051240662,6.264025843973195,5.33536414715985,3.2040502514059304,2.637870629165506,2.2214018703439886,2.25894529306953,3.440050353813079,3.528160270721932,2.6926710752419547,2.6085788012131066,2.1951339995413766,2.2566454710656205,2.6890418143091055,4.567873112673132,1.736698352383671,2.7043385693222968,2.3502186474600184,1.6421142288624777,2.4427925785450846,1.6076366648735492,1.8851685913796459,2.3939266387294538,4.75310399904411,4.9969531144368
10.300863665909427,10.292473475053962,9.083729808511425,9.69655529862357,9.150846546733234,8.531954802704073,7.5968659237645175,7.575793629166872,6.441574903978209,4.6363036801594255,4.41176790626378,4.593137585352697,2.9141857225995342,2.726222367439572,2.2238791232358714,2.713928687651445,3.0490007127850043,2.868477880628175,3.0604359562421957,2.1614046231639965,2.395225735354825,1.943816176020754,1.88966234941177,3.385585483986735,1.6467248812166315,1.5805359495950781,2.2445483429959605,1.8594952750325089,1.6665150697003217,2.1166896355263205,1.5575901875367848,2.311202385648512,2.660732919284563,2.6202180734545046
10.118938662116356,8.957701370834485,9.759305686158793,9.180611449037228,9.041881304457178,7.30756195018718,7.0088857400070115,6.266503124234941,5.754097944077479,2.9531034871545105,3.4494005301764568,3.288481874683281,1.9809239374850878,1.8536620021394228,2.2592501327467303,2.165483773045564,2.3395814274296387,1.8952106409162006,2.493266765081898,0.9649534502854396,2.126791355621906,1.8821292167519212,2.234870664962605,1.7856289592115129,1.5967192418892886,2.1675625372720515,1.6273389169674013,1.396161974289794,2.152391324524789,2.910274542010306,2.079184674893654,2.0615644363954497,2.601690424268872,2.9478870618480957
9.173320575586123,8.043906498184784,8.760354050431403,8.701245231521298,6.520392325604535,6.1659961617664045,4.164087211659162,3.6703946594960937,3.351497391887743,3.036344631326796,2.325178932725292,3.1702747307196977,2.8647571759522608,2.83744074211937,2.1457264346277354,1.8572336116209263,1.4682060743134706,1.804370455574763,1.5285997412374683,1.362751367352926,1.5846510072989608,1.745032201554885,1.8338205132153291,1.2854179446960117,1.9658757584039808,1.4312629749272594,1.4461875606477996,2.438160708916431,2.5465026384594225,2.3346624919990178,1.4327397394576704,2.8587850817365466,2.7732108036596808,2.917801399007601
8.89874035768331,8.159793241266554,8.951621646410443,8.837464690888757,6.444487416606837,4.559705820628516,3.945155647233507,2.8376314669585754,2.8331143106786816,3.0624722580402324,3.016583520838377,2.6162862756961887,2.3051892432493775,3.120985543334662,1.798711105822877,1.8114135684521326,1.7873462289291033,1.802270204256861,1.9545375612839297,1.470682699646016,1.85793067026163,1.2594770365076495,1.2352857389641079,0.9674290064792882,1.6328482015708605,1.3933143836537416,1.031137995868691,1.4779649531541883,1.7029247715301552,2.2547486378481674,1.6740449505208062,1.9695971962393513,3.141496084091651,2.4671341785397747
7.861629470676811,8.151792274468544,8.710056808060214,8.073951343337969,4.756038212702881,7.002994053630597,4.336483935204474,3.157826088289943,2.903841710015623,2.886738855732128,3.0048124663667246,2.930732363675076,3.2673253479819926,2.15043037695778,1.928750374545547,1.8717412368371473,1.6040071096258857,2.48774574113153,2.973155333929966,1.8926892618324547,2.486245660173313,1.2930975311125454,1.1951230133739759,2.065416489977248,2.0999960482555386,2.049194517659531,1.2690532088737292,1.2650520594696992,1.9603392438814107,2.0561643604740296,2.1075186357592237,2.591923246136835,1.6033780478045854,3.104100904217241
