script/wind50m.json
{"header": {"parameterCategory": 2, "parameterNumber": 3, "lo1": 3.000054539987559, "la1": 64.9999836372058, "dx": 0.5, "dy": 0.25, "nx": 34, "ny": 52, "refTime": "2025-12-22T22:00:00.000Z"}, "data":
[rows 24 to 47 of 52, columns 0 to 33 of 34]
12.891566601546371,13.103163220750199,12.984734198755326,10.986013708444764,6.501906461996008,3.760944148656579,0.9849481426470327,10.060150817760862,-0.16507654949337755,-1.519633055679636,-2.85251329469015,-2.589350001349508,-4.9646886074529535,-4.906314746691322,-5.377638488580177,-3.9385984065608692,-3.1616766923159734,-1.230479175009686,-0.5450011124956321,-0.8042368607618279,-0.21048563774683718,-0.4175312041155811,-0.8018776367944399,-1.225313463469496,-2.1209908983019417,-2.083270740037378,-2.880069167765306,-3.205859597578172,-3.528434102814011,-4.222000865087784,-4.436035500664421,-5.628279658387881,-7.260715785117601,-5.455301611598413
12.906781758336367,12.121528834272073,12.00360811461551,11.998604240189428,10.213584335796167,3.0761184041082568,3.7717686505366834,-2.8792033209171275,-0.6138498549866968,-3.3367992923258556,-1.811211378360434,-2.8870344010833358,-4.9608181817549495,-6.240855627910831,-3.5015531339419184,-2.3810780297224055,-2.149988999304533,-1.7871267478420552,-0.974443877756474,-0.32950062853710954,0.08026889578687506,-1.1458277589901564,-0.14509999450163188,-1.40417417345942,-2.1073378461018972,-3.036266379618885,-2.5176970404390877,-3.852308096422384,-4.540935655463767,-5.581388386673609,-6.246665437000993,-6.0449329595694,-7.324189448228504,-6.758504321538648
11.74010244534704,12.23654468326114,10.841702917341815,10.695751472420941,9.592238865157393,7.953958174055147,1.2553930750751048,0.20844825019668659,-1.778960398474105,-2.8810660238487302,-3.289492422026407,-3.9420195972417296,-8.557802408471312,-2.924259181915821,-1.9786256230279125,-1.357776898035441,-1.4205069615984445,-0.6464448581356221,-1.4439152428243331,-1.6714234266274104,-0.09689350872147623,-0.023780352027069004,-0.36739466403861426,-1.1889928731913575,-2.8314300636861423,-2.953108612448924,-3.535181471378,-3.5341234316925427,-6.066369996976613,-6.413454964125355,-7.391952279828653,-5.915256377837466,-5.2059749731501155,-5.487886093224867
11.343883620069517,10.974966534780311,10.90575764054377,8.956329477262294,7.511077026589466,4.513193069289461,2.464142301929137,-2.2189460794882536,-0.765737486864223,-3.1011720203501665,-3.2758803699922665,-8.479931457393665,-4.009831421379072,-2.710402321933443,-1.0327432000604504,-0.6917025291017543,-1.3526589447283182,-1.4142539559835061,-1.4663591022748628,-1.1048790907546724,-0.28699435863074413,0.004210804489687508,0.26237510815707366,-1.6214363309161792,-0.9732556334449666,-2.068010357821616,-2.436353990595991,-3.787709244578256,-7.543577251762773,-6.868343228133723,-5.7980050730791195,-6.941147295726475,-4.9849655443708425,-5.3417301749108095
10.166646906172865,10.209827771918471,9.301960629260726,8.86509553934563,6.256144050188147,4.42236408832699,1.579102969196061,-0.7903967726627166,-2.5630820030242547,-4.170201862004318,-7.985130884468342,-3.8331496058317196,-3.1562665038700626,-2.005034151027222,-1.012981511049096,-0.40763087085342353,-1.116363983111988,-2.479656302180248,-2.0031712467988187,-1.317432020167177,-0.6374491589216165,-0.777558032488569,-1.3646803882986118,0.36783955579819905,1.374183469318484,-1.6097652590681144,-3.1755746499238855,-4.132912932097308,-7.726854439871217,-4.73748211046573,-6.415888980384528,-7.124283787011418,-5.454064512378746,-5.5175525448574225
9.845012943253865,9.223565938313051,8.64083412959345,7.51822686761254,6.314356882790808,5.494126227304104,4.660446061270082,3.303968830055672,1.3393144227299731,-0.3604414890069189,-0.9241619579362397,-0.6614996437885301,-0.6232537405679482,-0.619923314748257,-0.3250071484138724,-0.329696557606056,0.3074007509377412,-0.7372114382444297,-2.0074412537383584,-1.4964947472240855,-1.6939092062811358,-1.4269026579457305,-1.5919874693285359,-0.3284237129678154,-1.8169915341648508,-2.2351413198029704,-2.4947640450667183,-4.060989587414722,-5.545714672354506,-3.919937211555686,-5.738441988660689,-3.6984048357900092,-5.887790678787743,-5.947004486649214
8.8263211417773,8.321945320791633,7.680117556893894,6.663321236554123,5.715299730469742,4.859911842544831,3.7816000766747475,2.3728279968758526,1.437680291856256,0.27674180361234446,0.2073028556900432,0.5647349971725243,0.4923105261465585,0.12787280109614446,0.13128961667863126,0.15442793545092348,0.24309463814471427,0.39077737050268846,0.01402397643990467,-0.20121775975177625,0.07028783459644627,-1.0323504707676003,-1.7204884772070677,-0.6130289128913508,-2.065863163420591,-2.3219586012693454,-3.0799100356109874,-3.3504599161058164,-4.160879002359444,-5.337337019418221,-4.191100117041688,-4.371708448149586,-6.480391887292439,-6.970792109385191
8.547732509213118,7.5894515601839485,6.864794804366078,5.832749908361662,5.184554405845526,4.385473631126398,3.5253084905350724,2.8708869097888905,2.2184562578264306,1.442328564371934,1.4903798253453397,1.7630092870838152,1.250095427164358,-0.20061851603851225,-1.1313342328803806,-0.2692095259130127,-0.5431276914164558,0.03626440813120336,0.7066816286487142,0.022850210022409008,-0.6549968630382247,-1.0246649648884614,-0.8889767168803804,-0.2289857561273215,-1.7012292885087341,-2.036378232605184,-3.081341233115838,-4.052795837021141,-3.31336733425182,-4.075290741915608,-6.524533078277384,-5.229695584436885,-5.013868687710795,-5.450734849880085
7.6188852917197565,7.0853986118676024,6.231551556423141,5.537045906168564,4.50631011926652,3.659817257897797,3.014603207305491,2.7315717590731343,2.3800804584401347,2.1044040463678098,1.2859582403328325,0.6051481917235171,0.6470584351407969,-1.1243018010922488,-0.4868040100257042,0.8184165461131466,-0.4366939074049566,-1.0609663123582476,-0.6320113481637084,0.04243974829017484,-0.01409229901906873,-0.8480282578979249,-1.2421242165548716,-1.0176880797790233,-1.6721362055302829,-2.6881055019284776,-3.585445127976994,-4.888988678381982,-4.725385194072237,-3.885109358919227,-6.956047919186124,-5.318635030603028,-6.384163613222869,-7.88214470929367
6.947012290481877,6.696191034415172,5.950682558362326,5.068184426382757,4.449763370588533,3.5673494333384177,2.6546948859586212,2.378683078406684,2.2858748179402806,1.9910449280592635,1.9114552617908687,0.1687938005294282,0.24543049651683901,0.057525726313685514,0.640675584484182,0.9990154558215057,-0.5072355299340758,-0.17704881482389045,-1.4446119549611325,-2.3610097446274327,-0.1939295108004499,-0.11121264611021445,-0.5947834849833484,-1.4772772493273854,-1.0652826152475732,-2.283595741659565,-3.4334404937953704,-4.645769235021307,-5.3769593237309365,-3.910370228910467,-5.301978423527277,-6.634008714138162,-7.041520987028348,-5.166188934072258
6.7129972387531796,6.058413809438613,5.692899914883136,5.230193469453045,4.148011267925818,3.361738440140309,3.303046533001739,2.507799978381732,1.9776506900267905,1.5801075163173834,1.042565922277866,0.5304308755147907,-0.40383751090450853,0.3771380992509791,0.3174262650417694,0.6404283691068248,0.1384106643110767,-0.6129898893620394,-1.2128328461858753,-1.209399742927931,-2.1331609653979524,-1.637763848442724,-1.3350077094635342,-2.0836420240252513,-1.5980918897387615,-1.9213225232934,-3.303142014941933,-5.6293375784823905,-5.694798879280962,-4.41687665730261,-5.859511780558853,-5.260143717780354,-5.326983774459908,-5.523210944528969
6.234861374213945,5.869844229001652,5.183111183624935,4.9502497664565475,4.336481964558349,4.204312515447779,3.87049201689532,2.7570422433060404,2.4214428836023028,2.538911428519898,1.3605326839416076,1.4841440076137262,0.17715891741841988,-1.224697979475495,0.5204114950543918,0.9522243765176875,1.2949748227480453,1.1215664504402416,-0.20031767968999656,-1.3086796625421726,-2.893142541405407,-2.036776697289824,-2.6423832967768965,-1.9558903856659744,-3.1363813657241355,-3.249952522574367,-4.0387433250349485,-7.075397990635277,-5.057752090076178,-4.90477700161972,-4.776194324876624,-5.222270936965415,-4.905884409522514,-5.783680640104645
5.755030221726817,5.711278812019861,5.1498568444820325,4.590058933848112,4.417895790352498,4.176101985736157,3.6754327011689196,3.451775936151488,3.0463974331686314,2.232228709720011,1.7907816895866795,0.9732583943195954,1.05717624857249,0.9881109197017722,1.3126644697347467,0.9488481925689519,1.0904480523485724,0.27909056000562915,-1.1191639072348973,-1.137198399496465,-1.5615452755887471,-1.467539592434844,-2.455525322290746,-4.913257806718076,-6.549879003866688,-7.248794677119553,-6.241196932869821,-6.8349839172714475,-5.249966831898535,-4.0719368549568875,-3.8426719854405436,-5.217155979721346,-4.369108334874138,-5.538505964138507
5.810179445287685,5.5924920769740245,5.075955391766239,4.71269075677416,4.738923490859694,4.0090951926034935,3.4670329495596413,3.3592324656629224,2.8285379672614828,2.4943507637612137,1.8800289016605096,1.4956824171230754,1.2932337354962695,0.010645763703490848,0.17821261733661645,1.352890148618631,0.8878185312034715,0.5479272547700105,1.6509664737842427,-1.1364296191675414,-2.592315119961487,-2.499239523201338,-2.0772956047249784,-2.7138334166237326,-5.2260364050439065,-6.981871931956898,-1.5251620422381749,-5.102720902829754,-1.2901472416159003,-4.48360924397786,-3.9257707354343334,-4.32008354098463,-3.8293582287157206,-6.282095956865934
5.4852539809571095,5.622793558902871,5.357493845165528,4.654196348864053,3.9675145112316654,4.022491618786192,3.855373120583865,3.101329605552163,2.538700275094955,2.3100924588360394,1.9581020659922932,1.1473446726130112,0.9615632832816591,0.7809993682286384,0.852593665676348,0.4119522126050616,0.03931597236227859,-0.20399301689364732,0.38293620217111934,0.6618772834093498,-1.6063516226053,-1.4550077811637108,-1.9690663731709048,-2.0861191098330223,-1.3943207668886348,0.27281656292726314,-1.3450529699074933,-1.7227581707497153,-1.72622113295491,-1.3375049845754468,-2.3547270132167153,-4.714005696694188,-4.904543296235304,-3.7121814534092765
5.203312564692525,4.943963895114963,4.949044289416312,4.292083124469309,3.689221308482911,3.635171717614292,3.2378112338855374,2.993121142599961,2.4325138555390478,2.482814764062703,1.9718966592890446,1.2165217567772202,0.8116945283224865,0.7681373551718339,1.4221117585714391,1.140819635460319,0.49271887086542604,1.3454007696895174,0.5667390835197308,0.8757327419428488,0.2501155495913437,1.8643558895995027,0.6612762428616815,-1.144180023126531,-1.8504253597685727,-2.447354933614641,-2.919430925975592,-1.0072617671358528,-3.0047059663638507,-4.11905990940945,-3.607593948730741,-4.400842750088023,-3.2058284152556897,-2.208230342125754
4.8637836364758895,4.610658973165498,4.305958521717431,3.8437856069775016,3.7193115415661304,3.0731264960498965,3.07139742784035,2.481038661911419,2.197064977366643,1.4639223014637577,1.0276776067169935,0.7279974485560025,0.7907706966394529,1.6102136417705268,3.2915591562328785,1.3310455199791202,1.1853058620863084,1.975455098642179,0.9211537415889008,1.0391383645144767,0.43606163096103506,2.005407177252552,1.901872075024649,1.944999186945879,1.1603555432405255,1.3641787369637854,-0.04996986079797704,1.1860346805521684,0.6429414609828152,0.5379410821675984,-2.167081931145259,1.1767019249340376,-3.414571505677399,-4.24209151639109
3.916129932153537,4.192914044914391,4.094516984245513,3.6218423142286853,3.155051736593157,2.922533593505037,3.4205607573628973,2.909611895811842,1.9076606178009226,1.4367130314885608,0.9755840946715926,0.7355185162384869,0.4101045652780689,0.6644552654938095,1.9374159054162556,1.5312415078470232,1.9371582064546864,1.5916000803993515,2.422067242970353,2.390598509308873,1.5624521818847847,1.447300573762916,2.5437808689641264,2.398235944766972,1.7422094199941578,1.7183593940980844,3.1491596094871865,4.4196022273859645,1.607716698426041,2.2433023012833497,0.5133777771210332,0.698571053935227,-0.37976481335548157,-0.8622207029859016
3.2757478352133558,3.716469468797647,3.8431826618960403,3.4807503928961534,3.1524448893387595,2.5178547270435434,2.5337388339159888,2.977156820942395,2.623690273758141,2.2219431642567815,2.0709654777610473,1.4047317202040306,0.4899490323572535,-0.13832701753496407,1.142113033307528,2.143244887381834,1.6911662867604083,2.158768008284787,2.439394362677673,2.2554317720100725,1.8135422176552967,2.330979295403399,2.6065630112361653,3.2977124305359573,2.083542596596156,3.0669341991480805,1.9345951639827519,1.6883301813027758,4.273995701168634,3.8666772623548007,2.173252560160174,3.013468716853204,0.5240421129352395,1.4484392994319562
3.3336885383079715,3.396442249441029,3.5263271325014687,3.5048335124385317,3.0277805643859166,2.4069620199723727,2.148145105823208,2.6379188291345184,2.690623834803616,2.1627291763749352,2.0209296435693296,1.1421802236911487,0.2753742327383482,0.21412702623714733,0.29896219168442834,0.3205714829766196,1.223344195173641,1.2473867994177261,1.6213157859947305,1.1614030223614242,1.170143607878826,2.033364407951674,2.1049356621012207,2.259086303778194,2.5287532628339404,2.2600586874422564,0.6376287049432734,1.5899878299995107,0.9775417828908832,0.7564448773108787,0.49308097337691714,0.5835375770264394,2.4545932077582324,1.6275187488159673
3.188929400991466,2.8440969140594627,3.341785497935989,3.070528836924892,2.627838390573418,2.5069678567114257,2.39998003762521,2.557665343307659,2.3682809399669247,2.4203454042819095,1.2902166655967848,1.2927051359222377,0.6060523287808753,0.3782777311148498,0.44564494776345026,0.07796560842505561,0.5480994860479447,0.5842655885962057,0.19177641493582906,0.13777742507805615,1.1871135372350563,0.948656086773142,1.0576246788279955,1.7603434039600543,1.2666166234382046,1.2541277873368033,0.40083777480417004,0.2802302944101723,1.5406122432925635,0.6380269890685851,-0.29012840484621555,0.99658884929005,1.0721839300954836,2.7544577220698363
2.8964331419161713,2.6042807153746845,2.890242552605528,2.62192564045288,2.606643316955604,2.4880781930087976,1.7718210148212148,2.048961036001427,2.0780700505030674,2.3691598581921753,1.5737704278674538,0.39110030151987074,0.2934099500497871,0.4434123487442266,-0.356206245335408,-0.13819143253455304,-0.10549833079401638,-0.8082949071081807,-2.1786230889474116,-1.9534413050149317,-1.7132741338277062,-0.39726807644500267,1.6296165224115802,1.742843843008078,1.0709358376432174,1.0356707345456084,0.6579111332124525,1.2280972616182964,-0.11710849959546829,1.113033061004572,-0.49923990475523033,1.0726892098400624,0.6566162942611975,1.6403307570817947
2.4059997373267414,2.176018442226642,2.271100084181368,2.1583591759970218,2.1348477927191536,2.3327279330252337,1.686000285563609,1.690545943079252,1.6194889561181918,0.9847290657827117,0.9831010320654943,0.4935711124443074,0.23836534505258913,0.37309830975162417,0.5784136388814043,0.2684540628735486,0.1557194823427403,-0.7266723830581143,-1.4870805840673607,-1.875557836958685,-2.2767912391144645,-2.1615898563699827,-1.3448746903348374,-1.093389808875316,1.1324886269235015,1.2265648588641345,1.4701728504961102,1.236729475240455,0.593662333804642,1.3827176639939298,-0.7197592217446922,-0.6860190576606959,0.14954832454198586,0.27178599631398603
2.2606105567031882,2.0656771148581297,1.9333485315857337,1.6656886395459705,1.109828411428922,0.6224287130499072,0.7688233016535659,0.692950965564868,1.1205206901045577,0.8808193628977056,0.7383455069659909,0.7337511109673764,0.3799163882605629,0.22328280427983763,0.41356572226519245,0.39305583762311996,0.39652936381003545,-0.3483685103988087,-1.0103146919679222,-1.146407757080064,-1.232453591425165,-1.874694170163177,-1.984355773939184,-1.901915441004647,-2.4056915215725914,0.12107639205565555,0.8592007992122979,1.4725850396611884,1.3949872467584254,0.1454486173219813,0.5305807273082307,-1.2087291233822723,-0.8179046003847809,-0.003108319426247524
