script/wind10m.json
{"header": {"parameterCategory": 2, "parameterNumber": 3, "lo1": 3.000054539987559, "la1": 64.9999836372058, "dx": 0.5, "dy": 0.25, "nx": 34, "ny": 52, "refTime": "2025-12-23T15:00:00.000Z"}, "data":
[rows 0 to 23 of 52, columns 0 to 33 of 34]
9.627988616419238,10.028200093161692,9.687636447634038,9.4291017541268,9.822649049550192,9.57199554359641,9.372839008761758,8.93661550102442,7.929196232168266,7.101071172549786,5.892093554419992,5.379430274199973,5.020679356003813,5.174184216915571,6.941239264727966,6.7311379725022515,4.219426432907177,5.41614902489298,2.1316873563903167,6.164520847750591,-0.8841759370341323,0.37038986121002426,-0.8664067274415295,-0.3095831514432228,-0.1377892619970324,-0.6736353713954678,-0.6073581727700533,0.39517792663280804,1.4094442208110374,-1.3127368226211107,-1.0850260693363885,-0.2537641056370007,-0.24352561765115627,-0.37657153149585604
10.294353344225991,10.776371941861393,9.737073280051167,9.478990505177578,9.704448855541369,9.278949457850159,9.39358656842645,8.570721531012493,7.91125414274932,6.849403618930646,5.443281715458475,4.469221704754493,4.419258669460465,5.5718316893631625,6.627805121476333,5.437941560405023,5.583544842757236,1.450097753885389,1.5881402777557803,3.7441351062144643,0.42678960948585215,-0.8438012777683943,-1.3511530761979884,-3.193655286769093,0.41631090376363933,-0.40994510719377614,-0.5045428864938395,-0.1725631628393808,0.600067554906032,0.08831305702567424,0.1345438776779788,-0.9242396829770094,-0.20510443427624384,0.5926064228702854
11.177075552200415,10.915111022801334,10.330837916385866,9.979895725939505,9.50166774992046,8.976841198844685,8.664724891519084,8.246876913985762,6.92281227765902,6.659424077978002,4.004385271569423,3.433645383055156,3.6906929125949217,7.141016685620574,6.59816890271873,3.0849220038245297,2.2991853166097185,1.9356684101558308,-1.8506946337869485,-0.18002404387481524,-1.9939672817501837,0.4860882079102979,-1.8839336081366598,-1.0891683280508904,-0.8814676421798351,-0.35377573610852936,-0.1026765910879116,0.9110860147129561,-0.6611729944571184,-0.7537273506764524,0.8071898832459758,1.2862565646374184,-0.1274137196096136,0.636955671629351
10.410496266032798,10.526151120298433,10.588603674963464,10.145823312758898,9.640621113091264,9.071127640613625,8.506617648670673,7.987164120024188,6.892239933089102,4.202951080757407,2.8486721946874725,2.530926172275906,3.9060673474646097,7.232963810529391,5.883376656132941,4.271028651430505,-0.8951698081493349,2.9171803698269594,2.736374487831475,0.8364485854278879,2.5888493400362114,0.9320763467819237,-3.952703094744158,1.4838749390534338,0.3444976184729921,-0.3540557361842988,0.4073028443846426,-0.2586385232638676,-0.040705324387307576,-0.11094771861902404,0.051206397583837195,-0.003540775626053153,-0.2761673036635213,-1.3262415009002055
10.54627333966421,10.756962510843817,10.471060183830827,10.496649721776889,9.188463681414005,8.981951763700284,8.332249857983477,7.462439143474966,5.040556156579765,3.9513282714178932,2.8695589314815413,2.7297126950021893,4.509168481371496,5.561242972952083,1.8929513041217998,2.8043601775099654,3.0682270678487646,0.3602524831569287,-0.8785495186311842,0.5354346505647186,0.5200626518267655,-2.7356454414045217,0.0463866978232944,-0.2176433537247452,0.5290192774852914,0.59175101063597,0.2298909841136077,-0.1996723415948662,0.5337678544378701,-0.3839385589516207,-1.1565191579118244,-2.128473409389158,0.17338871261609415,-0.7798561119643137
9.913021281951266,10.55999188941463,10.428889137752138,9.692831150728525,9.318581111867767,8.551645411148213,7.8159947230690054,6.599414500312134,5.175865091513966,4.391219752651001,3.1909164035539694,4.1148712007821535,2.989623110088468,4.363435716343591,-1.97234390248473,1.669800750798709,-1.0118666777138352,0.9642476835523047,-1.0632442655851728,0.15868339444126262,-0.8575647596364395,-1.2051987066710055,0.33227738291588704,0.2922668057543454,0.3179310398269986,0.36279586658152596,-0.141839043110746,-0.6725061983980417,-0.30139394873056136,-0.767529638098311,0.0842746068218267,-1.2844444727679134,-0.7809013887713829,-0.8888563897130286
10.695796074567314,10.008612455791981,9.864136257389895,10.030852732803064,8.961500032896152,8.585927732848889,6.602990199155342,5.683231111842756,5.04175423527681,4.280894048564,3.656762049660449,3.2134764883136944,1.011250771998249,0.13321012431989887,-1.3736885590599002,1.5800746330745452,-0.3777414025160864,1.14951053624277,0.5791636216454613,0.904870444694898,0.12978089917926566,0.17742044959238984,-1.3215148848222054,0.12917720369671762,0.16218809087592057,-0.28998195109154973,0.4909602553927599,-0.5211958637632569,0.16209774424969153,-0.7642497513097277,-0.9408138061090908,-0.1038665036510179,-0.5537196008870813,-0.5495551926170966
10.00061849323944,10.318673194765033,10.582703219167817,9.756065386904064,8.94012553776043,8.577149696165833,7.033598090723762,5.632864572912732,5.535722398694821,4.220057398944294,4.603817542086353,0.16115550072994797,1.460540770643197,-3.0190655797224313,0.9587158726470051,1.0622910391511369,-1.4235592362164613,-0.773503224703587,1.1904446365904502,-0.7191974127232773,-2.8925627780878975,-0.2584234419996442,0.30536377641369616,-0.29665028763930773,0.12259837902305945,-0.6112696860301364,-0.6660801188313179,0.08501899469674311,0.48775277314892945,-0.050144973184028045,-0.41590144742454777,-0.7423636419809084,-0.14952440293421687,-0.5664329495873123
10.41708644053435,9.924351376071535,10.352677949455988,9.702397501345995,9.26232186563948,8.365447223471865,6.900737448911746,5.152576659289285,4.780228087832434,2.007304768277745,1.6612058195150379,-0.5546082087856437,1.730088837819619,-0.6674676729061192,2.6333009889563432,-1.2241330294545798,2.1940599080776186,-0.007066869794400726,0.3917212353360468,-2.721083591696672,0.5090240851815175,-1.8169184361384443,1.0410161877683364,-0.6442236506013582,-0.49741434745091356,-0.07313895849579566,0.048591188957030025,0.2685459865446338,0.3639019089243631,-0.210753605980857,-0.838567712175024,0.4519466205243098,-0.9531562303054617,-1.2472224941344698
10.938909891151152,9.937453666020179,10.656429775948542,9.54697804350038,9.812539286439852,8.261508919712556,6.413404109820412,3.0513201120279927,0.2887673686372105,0.4224081214114925,-1.1638074628052593,-0.9687531062815338,-0.9090425553772173,2.292564434103097,2.9285146379064275,1.2938874546469024,0.6267000628139804,-0.49246987964206373,-1.5228419550145582,-3.762494676652657,-0.7431927951662513,0.5948119599165029,-0.39794823744985475,0.6809896592866672,0.29750402617850463,0.10250761581262596,1.0425351832654335,-0.26144087246536124,-0.5213551387623501,-1.0822375013601775,0.5548604025335513,-0.08905739433035974,-0.7840862060275191,-0.5669967445420727
11.138107955594023,10.993805332300468,10.419243862015769,9.649648479600065,9.87907079599991,7.127626929454058,1.7653419791164238,-0.03247128032163679,-1.019000456388031,0.025380419390555138,3.437433363222993,1.5569064473095633,1.395023978460919,-2.5325870377150212,-0.9371005923652981,-1.2125846198586947,-0.18685705005033032,1.0023049954932708,-4.764741394898987,0.28617603678688547,0.5179342768036913,-0.8549994591642698,-0.48781570328259366,-0.9109181977229663,1.2877695939337546,-0.3089617051728732,-0.5051646872601046,-0.5977865520893525,-0.6514227802002109,0.12105609313315331,1.1696485585239667,0.40129778408719113,0.29955197738382666,0.36888983967855343
11.049871466829869,10.871114394119342,10.267867098124304,9.90281345590734,10.028539490626638,2.092629466626786,1.6578422822816143,-0.244122165227741,0.814159790106083,0.1299430203070854,-0.866874174277394,-0.63948935238037,0.3597574497417478,-2.431199135817088,-4.178123981042268,-0.0861034327847551,0.9547801484902001,-4.1275327761635445,2.2382411396912123,-0.5759531205650582,1.7985666800240128,-1.836418864437467,-0.3542590843364522,1.126342080421007,1.461111840852389,-0.20570162786899535,0.9554190784101616,0.42307181798411914,0.3276709020232889,1.0946236123271702,1.3579782454448135,1.1911977870948147,0.705334082340342,0.3741255208403269
11.3794979835439,10.730689652221468,10.431038621179425,9.72206808957322,5.286596119056623,1.9928700809720348,-0.24790210656517989,-1.5470670513882163,1.9462394471814095,2.0800378144327447,-1.2144367260968407,-1.039412081947517,-1.696993601513612,0.8316729958931249,-1.0818508665012119,2.4109637953393395,1.3790291513966608,-0.7182461665124139,-0.20041843692273337,0.33747592983460867,0.5439646890351859,1.2471540560830146,0.11553921052902844,0.933780050030377,1.1291951391710715,0.36594448376266536,1.338069280258927,0.6054358816999889,0.21511705595625946,2.6433108078656167,1.525559171267265,0.8981395514387717,0.2027780822858283,-0.4512847646860518
11.501883721214247,10.80083889799915,9.702027124717892,9.421804654809769,3.8451512530067093,4.563519620303921,2.8515434562189896,-1.5630679384236077,1.8983466345630853,0.9900302706700392,2.308461705264463,1.0766612836881126,-0.9057703786174768,-0.17845029301082527,-2.512467460720889,-0.03258822344263552,1.314452439332633,0.29007811968870345,-0.4107856229951109,0.7791877626685253,-0.3736055753741159,2.1555038795869845,0.5961329785221644,1.1129957521938119,1.2051270875167799,1.953767355858921,1.2354944627017155,1.6569104807636037,0.6932941183588662,2.1197408592608444,0.9557164141267186,0.60447270317634,-0.56758370478261,-1.137029272133793
11.714594321903773,10.813792726310956,9.757559038181661,8.589955990119957,3.801215742752485,-0.5450083294526431,-0.2236725504596666,1.1195913824509673,-1.2403434596442402,-1.000890679915919,-2.523523873922006,-2.1201010040803205,-2.4013478935813954,2.050928699298403,-0.1448610758671318,-1.3078329863344935,0.3878558831363291,-0.1510820165837932,2.0401533396213667,0.3809903394187732,0.6284508417411308,0.8558248755588341,0.3171410113798176,0.3570381056634936,1.4034584649343222,0.7976087648030801,0.03632018958220526,0.9574760184700011,1.034623889594048,1.238294526363327,0.28843095753765513,-0.3951908150536303,-0.8161188541164812,-1.335274950996215
11.546276462432937,10.546565072758343,9.6116143837233,8.620013967501169,0.3857671338790687,-1.3947436776757702,-1.5953085440327828,0.689010543184983,-0.7584945770826624,-1.3747344271978787,0.9847327845505784,1.4492628843697846,-2.1056676560471943,-1.6458716958095885,-0.14836592033230472,-0.6579370474567598,-0.4319181210485545,0.5361596779385911,0.12119900968054473,0.6219156087321229,1.9049373033982089,0.9134228910414303,-0.34604881510948166,0.3345232862182039,1.036007109955209,0.6324601069478031,1.013919204204047,0.7467813690587499,1.0488424285719047,0.5818071672040863,-1.0378301141449637,-1.6216831990396992,-2.0732229347531312,-1.6060481782865421
11.725276843312177,10.655758752837839,9.451082425561589,7.698037732185336,1.4557098871032108,1.3216216634353017,-1.042552029042,0.9636765603453555,-1.1464467860201413,0.6878288232294696,0.8732317976215741,-2.6522342096687255,0.5855640144915154,-1.1509919042369527,0.1470412537046876,0.6237315990502653,0.1017631290052969,0.9333687634825312,0.4125453777288957,1.0606248623559216,-0.33614765697719146,0.2818319975870742,0.9807533655046364,1.2682948199122224,0.797282264911312,-0.008464679330580734,0.3636445166646383,0.575302798647577,0.7968162430582213,-1.0666805811246052,-2.509077822404056,-2.650986007194011,-2.7039243645166806,-0.3910969024897675
11.84464382841871,11.06223432882043,9.39873044887031,7.172366577971268,0.5644715486067592,-0.7001112376290117,0.9164346235112162,0.5971064805264711,0.25166877018574924,1.7978768397491967,-0.5357632302948973,-1.6497262479520065,-0.4858333884041787,0.7768882143194716,1.1923063592592957,0.7055820845840112,0.22577294504868023,1.0556215457871392,-0.03658306142987816,-0.2083995660667902,-0.14479318385614906,0.3576053472895695,0.9848874793376305,1.0307291432999521,0.7207649689319846,-0.7677462876823239,0.36488275833405354,-0.08488268953475954,0.38461216824496824,-1.7629861805293452,-3.0001862894919524,-3.1415897555520096,-1.435138175242056,0.1889196311411503
11.954635450359795,11.187869595199917,10.116067083319697,5.958025251826584,0.6825006442882667,1.2037710430447062,-0.531441511716396,0.7753444791149605,-0.4195079843280407,-1.691321445761841,0.3592927112528128,-1.468679416073491,1.8324998664326844,1.7973353870072148,-0.3603121171589374,0.5637046614211049,-0.18357582762711255,0.5086542658220836,0.4730798748183676,-0.08140621631206651,0.4861887538899818,0.6462368132822783,0.9323778101322124,-0.5233754582705947,1.034943960204301,-0.8642244838682955,-0.8953452813202734,0.5496236029441168,-0.008547416219144231,-0.048762868292309226,0.786983209594565,1.100428506524205,-0.37049392235773715,-0.6655500391869084
11.99040449292818,11.375607895305286,10.286003283094104,5.976134037509378,0.057399627683697656,0.08597576101578185,-1.0740374965194834,-0.32632830554726694,3.0390314112630357,-0.07739949914600286,1.141442485996486,-0.35129081229846937,-1.6002387864429868,-0.7011919658082576,-0.6055598165782151,0.8597172582516539,-0.4824391972937591,-0.22955560607473074,0.3938101207604429,0.17423073240954726,-0.4999314177645503,-1.1695304417791497,-0.8834113498126043,0.6528215390967989,0.20672562634578356,-0.4722322490554537,0.21940644909114634,-0.508354554407239,0.7521708434381184,0.4676912891841187,0.5964197665771769,0.2351026036949863,-0.9961530515868885,0.7705238406950897
11.859577490467958,11.709518747723578,10.139638541197291,5.893707627301905,2.9053825401290196,-0.3889771581612209,-0.00825269423766515,0.19512213316476115,1.005489474583163,1.328151250412352,-0.3349483304538721,-0.016586564309814644,0.42275829183238567,0.5170783449852572,0.27554668780071506,0.6212660515626242,-0.8151815057799311,0.0409339023409469,-1.0830409612330794,-0.8581436267695465,-0.6721456889070566,-0.5431550285963967,-1.3684899361970446,-0.3411235923716167,0.27395383051360017,0.29245218866991984,0.6062617644255637,0.7476728596193188,0.9123598741222032,-0.1576849161478126,0.5987329399592715,-0.015072983778619268,-1.2010860087864246,-1.8249022930895422
11.64250473157811,11.55973366822728,10.326844516356536,6.193427747701778,3.879291062869252,0.1940582864643577,-1.074424317613056,-1.869935715261961,-2.3385494765893364,-0.3392995480206044,-0.8793806253647666,-0.053312859371678026,-0.022588061234307746,0.35880847411662137,-0.3907139112133778,-0.5406731010663286,-1.2562592423990673,-0.46003345459740186,-0.9590977985542691,-1.2681426646814993,-1.4608085246122722,-1.0067235069607012,-1.3663115622902973,-0.39946695340222244,-0.3145516035923985,-0.136267582172726,-0.6136060391662439,-0.9017836334899175,-0.700569628582581,-1.023718276658739,-0.7406067822610682,-0.6832412075031997,-0.6849990331676886,-2.3980995145119857
10.891814201177183,10.8990281757918,10.433540189998666,7.168622536343433,4.225540636298924,0.796689701022694,0.6737918879006798,-2.564555005985388,-0.4945604081329539,-0.7366428891390635,0.24266024899414,-1.2529526276266145,-0.6627165028585472,-0.6545446989511279,-1.5300928775763845,-2.476966401418287,-1.1559927575215343,-1.034263496184895,-0.9815360890503384,-1.7657434744164873,-0.9800303292516855,-0.671860967357876,-0.4231881911318865,-0.3262201579862358,-0.9540381117583877,-1.2930399754946065,-1.177200946609792,-2.1492591056370687,-0.60744878716323,-1.0588741863771371,-0.7060479752577896,-1.990336387049912,-4.376134045268988,-3.365329237872712
10.236059829343636,10.469042211220144,10.458926873753827,7.860763692798949,4.79233781291434,1.631000187158586,-0.9442085914326954,1.6779979191763752,-0.6437034821989924,-0.9353710858745484,-1.0688321279740478,0.04394560691348211,0.2563546739775304,-0.3796690264110522,-1.5080573004647506,-3.9654153118681292,-1.5341950782515088,-0.9730894280753117,-0.8890713472097327,-1.0735238100314812,-0.8042409545155108,-1.6150572453929142,-1.1691973151023702,-0.8051440529735495,-1.8742775375397625,-1.4348412468028897,-2.4031600732615215,-0.9108429199860161,-0.48336643177902067,-0.49423275281207124,-1.1662883609698105,-1.4777025309419538,-4.727135295556301,0.9281585815862549
