script/wind350m.json
{"header": {"parameterCategory": 2, "parameterNumber": 2, "lo1": 3.000054539987559, "la1": 64.9999836372058, "dx": 0.5, "dy": 0.25, "nx": 34, "ny": 52, "refTime": "2026-02-01T05:00:00.000Z"}, "data":
[rows 0 to 23 of 52, columns 0 to 33 of 34]
5.49239626355618,6.08018783403242,6.6419240905501296,6.951309425721149,6.7648740912877,6.261772978263418,5.987359473426,6.170712165920794,5.939034808171638,5.927704357721033,5.1607490481487375,4.633229880256029,4.364405181397686,4.133467061709378,2.372093574743678,0.05467325753293,-0.026586791431002735,-2.299639232917601,-0.4202721065471859,2.8346460173339945,0.8627177822555335,-0.7886882456592911,-0.3642245241325416,5.441222823702684,5.943246224614362,2.2552286913901076,2.246156573799337,5.250182495149394,5.367781142419835,4.81765620819095,5.02423052086243,6.484421486216584,9.256847299928566,7.9187713066642
5.0245132037618205,5.755850137624029,5.87188954473732,6.237757932943255,6.0752903573363914,5.797543839907439,6.048919336741114,6.377696236464615,6.206013069043795,5.415978548546805,4.241989035426254,3.87153122008502,3.6118085999106717,2.825846360346641,2.0525454721527514,0.16240776985947003,-1.3437423643467592,-2.165127523157374,0.45014984254937357,1.5265996026263757,0.0010718313692043755,-0.2888632029868584,-1.373188247751137,4.279980939644874,1.4092424911204118,1.4511280553973112,3.5204627156647876,3.121232367450319,4.675953319790315,8.485232211003792,5.726169888297554,5.8731945376456824,7.506495172996439,8.996023156355871
5.302441606754184,4.808668979230843,5.197651356107766,4.971794855201906,5.313802169689116,5.187336708319499,5.072917661092285,4.769429791022686,4.911360623047208,4.389359378168237,3.3099839359127396,3.164203684465765,2.033570324051978,1.9277628437404706,1.2346928294748334,0.7754699705957623,0.6121514625945345,-1.3706697005135398,-0.6422303549236489,-0.9654301025485452,3.189016753166306,0.8394901214340534,2.1591972055000532,3.060691691153506,3.1779306063885477,0.7566674850317756,1.77476494979498,4.492019990755546,6.265518076440514,7.740144016746508,8.44920183561558,7.775839454402287,8.208095281095941,7.446663304100423
4.467002548225843,3.921387368908264,4.485313702375245,4.347841575678921,4.397910104358158,4.63563031864759,4.250568888262028,3.615914640375947,4.1501325350636495,3.475288675529336,2.2753065180461416,1.3085943627624552,0.6472650114495649,0.6547285139265395,1.3042581864780365,0.515146437600021,-0.8654179476543373,1.5566928154128445,0.6488990703868889,1.9536090524790288,5.827099126161953,1.1332629261181275,2.73248938698432,6.472386015054745,1.1386163982804653,0.7427834779553742,3.705035281689411,3.1075275793155517,7.133251320469267,7.68614992814196,7.625939432626882,9.487582065401275,7.56144333737691,6.661376906753498
3.372216663668171,3.233264582624484,3.899287691744611,3.935863605718716,4.076240933274527,4.153777180523896,3.674823888235995,2.7816852547436874,3.261329487378218,3.1597656741477547,1.917035293854759,0.8206395586038121,-0.33047526912805303,-0.44474049051197867,-1.5195965387915729,0.8045330702687729,1.3748207985155416,1.2229177756580325,-0.6953973334081878,2.9661599489159953,7.472142083795663,11.149080527134094,0.8460816409446696,2.030219963635366,3.771707888963352,1.9627055072949573,4.025849524606589,3.530515116313673,7.01105863891258,9.021691082265136,8.195320658694545,7.808593532283927,8.504468016496482,7.114407094730109
2.7782734617276605,3.114231603274157,3.5169211575066566,3.433693316682511,3.5513622147552137,3.1016107814590654,2.766981335336524,2.169039159354171,1.6331033839030646,1.9547806081434653,1.2930533145035974,2.0699818790088025,0.8458484492155963,-1.2206245547699928,-2.454807016997942,-1.0868171947162886,2.406449283228543,1.8633579546888195,4.264358535629368,1.1282416102980908,-1.3244983659277645,-0.5160413699421106,4.481248970953284,2.7520402621735056,2.539859740088222,2.7499313653193966,3.6345609362228175,5.447990006571178,4.837056428513076,7.428640972772671,7.5111917654549165,6.754946992615372,7.103555117060103,5.230440435426841
1.9389988740774884,2.540869836160449,2.635497004208247,2.65094438826844,2.4492516141688667,1.6599132070365776,1.2073157393152176,1.1342939584465583,0.9087226309492367,1.2795802800157794,2.04963442165819,2.8694374318996094,0.11255740157425757,0.5197343124808941,-1.174210058412162,2.070269769522189,0.9069985620274728,1.8611298171419712,8.59787558453607,4.073766729336357,4.59869098793022,1.4002508864832524,0.4226720842253016,2.003751459480854,7.331892311625353,5.861144061646074,10.198945534899467,2.9979199719953287,7.635176593857281,6.919086999795785,5.567289123675699,5.996475687623342,7.2832026995140655,1.9815901659059252
0.4717961304843914,0.8163266597648045,1.7361420350478463,1.6422146477699213,2.101438304791119,1.4533305246123818,1.7431209067757023,1.7643845319917133,0.8272088018118869,0.30671039248506543,1.9193952571725448,-0.7440575987657618,2.40373803019107,1.4077172336893518,2.528046484154182,5.7051832243271985,-1.5019527483327173,4.245988286621002,9.259542778199863,7.063080530576002,3.4681098056572104,5.999769582452334,1.5087184834539318,2.779148477394898,2.0462699687594346,5.656089999262531,5.736884362454559,9.279177678602752,5.56037465026184,4.969943674674746,4.750768549902731,6.349783503246551,5.160626368339536,2.511149823652525
-0.27734870474137796,0.6688512897530563,0.9823418113993024,1.9088768941894287,1.727911814101646,0.32455726724734574,0.375923075510687,-0.25324103727218317,0.7607509759357901,-0.023681155280516793,-0.5411195024634664,-0.493417808235233,1.6144465852148018,2.2133826759691204,4.859644989486403,1.5734321816069943,-0.7770962694979562,11.129756113352581,1.9688587211871795,2.964268642388783,9.639929925822155,11.196324372045538,9.534771576678704,4.447576319171876,7.096623852403951,6.874969609966842,7.567277921465652,6.704748718480277,5.887738275042106,4.2985188337832305,4.889726388938096,6.673554439956002,4.0133529005033575,2.0129768390172518
-0.5886048326076302,0.17744825190650698,1.3332931679540874,1.8622245489474265,1.6731643511856638,0.48369777821097587,-0.5524129449504057,-1.2426326594414063,-0.07992690733457254,-1.1661149847884782,-2.4213750305028188,0.36642798716627506,0.9513093806963079,5.064216036843219,0.43913847819160956,8.755540346986015,7.802697260284109,3.2225797719021285,3.8950573052371245,3.5008046574582674,6.79263349887451,6.6196615351290715,8.453139180105191,7.275992706798692,6.215511899579004,7.1844666330948135,6.80636817472926,5.930498909807832,4.109242145542751,4.190753080756549,6.190750452094547,5.260224474580822,1.9022338474354201,1.4258741139529145
-1.4830432713283677,-0.5585100754565807,0.7558837822313527,1.5998767712466655,1.2263286401871458,0.7139601781215577,-0.20990156209487604,-0.46454932157002665,-0.7399119201047323,-0.3973461713668834,-1.4883482239086072,-4.992516496214907,3.154680200531784,9.598116050305208,7.99648246258403,2.2795161582360772,4.349144605718954,2.8504102121484043,5.118371609297011,3.1878190412894156,7.488397447614456,3.0858793591907507,11.769669960971605,5.7470573300623755,6.640054963344672,4.570102518096331,5.541195365650407,4.955184818260558,4.143730880371176,5.319543442726236,6.604582614168278,4.395577892907752,1.2998776638258165,1.1940699161324169
-2.876175050100655,-1.4021131454103521,0.4028670439540791,0.7104932657417009,0.8185595909762591,-0.18043611628445355,-0.9598470942616063,-1.8017791082678905,0.23851727489517227,0.1316936171949123,-1.286083367550517,0.6097613413762878,-0.09447744691354752,5.340827290861425,5.3971213347173235,2.701722347327355,2.8994793556886203,7.269901126727626,6.631221508137138,5.298761279169177,7.942970792109277,5.923922064653968,4.552414613956694,8.553446031384038,5.134819018328814,4.728714918100109,4.6762068248851945,4.03603870055099,4.661084394004241,4.239031104878666,5.224488920238892,0.4457849000181651,0.571335665264289,1.0184520709421698
-3.682907232636546,-2.49186507650165,-1.3916967337439614,-0.866088255731255,-0.3807934588113294,-0.18246151616934947,-1.2886479992438198,-1.970447471210126,-1.3732212137494686,-1.4416513935711763,-0.9456005486614943,2.5579920116694566,1.6561457010191236,5.575459498690518,1.8303710715212678,7.875120561829248,2.607695583844776,3.387740050229802,3.269652428871056,2.851594461412589,3.7287933400698416,5.353366125512381,6.492300253845397,4.8130981210313415,5.3975834940445875,4.710708935863177,3.627420504004009,3.5899713140588716,2.8168344508131096,3.1317516320079957,3.312190116634678,0.42379429687562703,0.5845422723386055,0.9449456987981815
-5.067070589900052,-3.61066952634926,-3.2029015000503946,-3.1495553817037303,-4.5755120638412325,-2.7658727290238465,-4.065363762347759,1.0707639552323405,-4.875921755592514,0.6613505158314574,2.3495750668980104,9.162261283790912,0.625742170631442,-3.1970228186030476,2.9510190391802293,2.490449077792624,3.208956343181171,2.5223121473717853,4.3547544198865085,4.123507847008138,1.3315009780690534,4.901544389844591,4.428049396525973,4.289410636521049,3.196534291621247,4.362845931316397,2.38922612862451,2.9132070449362915,1.9968629049199904,1.586199570587637,0.022722391928612938,-0.2061809987884583,0.37369611657227664,0.22357544699360796
-5.687683037455652,-4.607533278913862,-3.948065482641242,-4.7267143626333326,-5.31437585301821,-8.373976099564345,-3.105616479379127,-6.027529267471546,-1.9687073721606203,-2.2521064654323006,-1.6689904065779373,2.113620093765422,2.422906811424115,3.439365602897765,1.0988527611324013,2.656371392139684,0.44658075857514395,0.8310879223216784,1.409402020724913,1.2254437069708883,1.4307477608129733,1.4217830104752864,1.494029180530091,2.577400203418836,1.700332139390222,1.151244189853044,1.8822452920317008,0.6113468124423208,1.658414742926063,1.7497533324343841,-2.53348706236177,-1.3775801537110473,-0.9014229549576106,-0.6334067780807243
-6.089609444217778,-5.32484009243253,-4.286209028202733,-4.688670690725894,-6.547811819401727,-9.804219855979794,-8.403709102493655,-0.7624383478668123,-4.600641482421121,-5.587981581225168,-6.736331595602003,-2.2475357829023035,-1.1273265384115225,0.6759171868344181,-1.7592231268480347,1.3351638604244234,2.2072810247156873,-1.8156832412668735,-0.3951187802157313,-0.17945838123838145,2.344555484311237,0.9873559201219397,-1.8041406957892243,-0.2893806547739982,-0.017713774526045993,0.08455722535131038,0.1647068677595044,-0.8596368095673786,-0.4695097180670717,0.6576112121206616,1.2695888223897323,-2.40280787277683,-1.677302488995234,-1.6803196373209381
-7.650249301967406,-6.618026248722398,-4.98085300282137,-3.8293218511119447,-4.2375297558401215,-8.958844445945017,-6.989554524140708,-6.543209386221987,-7.2552252534531645,-1.7859849848608826,-5.699599369104181,-0.04092952315557263,-0.9326614237425411,-3.5538007939252076,-1.9115087540365954,-4.651165713491789,-1.6577254783647388,-3.277263974009437,-1.8305508103675885,-1.5041456756247558,0.005726423126853191,0.38750473362851123,-0.8209609780718096,-2.2019449925447443,-1.8855362853002224,-2.062213856203206,-2.115842064478843,-1.8316329551563912,-1.0858264821875145,-0.9163147126944803,0.2467110852923984,0.2917949237081582,-3.33886631762885,-3.77114073084285
-8.341992697186557,-6.9133897915214835,-5.68579866586228,-4.12364213946116,-4.645986653455871,-7.226635782637756,-10.021361871275044,-2.0792868296301807,-5.779157468700412,-7.32378017213329,-4.324933133517518,-2.0290599433313212,-2.040431993495279,-1.7830075386389412,-1.2453329684498256,-2.251794782373066,-3.7448480914521136,-2.5310928216922624,-2.5013766368358934,-3.07646180075771,-1.7490729267733507,-2.595003705477274,-2.011395541942466,-1.8042248784063109,-3.4342003400724943,-3.6257943837539863,-4.0679895264390735,-1.5951270927208447,-1.604662054522589,-1.9946486920963464,-0.26572920464611727,1.055111662307815,-5.270426067141981,-4.915851155371308
-9.74807391791755,-7.834427678235539,-7.061237936977191,-4.603669118628652,-2.345530983522133,-4.591959217341147,-5.903193566664024,-11.44268246759567,-15.009139367511903,-6.444475672001976,-5.1392931558877955,-4.523267254863923,-3.850011369076475,-2.7970015203486183,-2.1090757673373286,-2.6322817816208235,-3.182847683184591,-5.016328961601193,-4.906444023577927,-4.527790152899153,-3.612752791244301,-2.4759075658288157,-3.2427503216824527,-4.122642031367461,-4.2248174525169535,-4.639925139941583,-4.1608285232991395,-3.4692757676514234,-2.535529108313656,-1.663687190991223,-1.0172279139197835,-0.47679865196216,-3.3587700867398995,-5.906803128062157
-10.669950779792165,-9.278199800494276,-8.246524524667207,-6.8870688178116195,-4.829927108520662,-5.302441061381111,-4.27406833292072,-4.002224026578018,-10.529129516925003,-7.874793400789382,-6.63250169635689,-5.249602041860834,-4.490837536120938,-2.6001353465435457,-3.9987430996150524,-4.653073355140641,-4.333385105392615,-5.5139949759488,-5.77367776000244,-5.598810372198591,-4.093412993586184,-5.27461585778868,-5.553492818241047,-5.044022882652018,-5.61013321263948,-4.155282058398991,-4.404980587450634,-3.0456347818883063,-2.648116723389327,-2.8220881780190803,-3.8375609920140996,-4.409074694162031,-3.863611160922949,-5.708572432567795
-12.734836726554763,-11.363113731718393,-8.860261982575729,-8.925315344492759,-7.3709713877477245,-5.8296509078853065,-7.4873282361364755,-1.6663467757540191,-5.307099595372948,-6.706296662139837,-6.361946629340889,-5.197437456207654,-4.324692152577931,-4.776130986230084,-3.0382575042737443,-5.246746243050899,-5.751346081318356,-7.2835584314681885,-6.9321443948492,-6.555733486054949,-5.942921485223727,-7.01163805232125,-6.482227823813824,-6.941944957009947,-5.179841737744164,-4.1247266951132255,-4.118450140309943,-4.269569387927997,-4.9126614315589086,-5.6077859620906,-5.7435877063463305,-6.467949276450115,-4.281598852793339,-5.86596032080164
-14.691707103880162,-13.35814557105202,-11.70158896098943,-9.037323719410232,-9.05457610801162,-9.133105715871379,-11.368114861127292,-19.219999220090763,-15.959796021931096,-8.49671058432406,-6.084268590351754,-6.274312512573453,-4.949662589804388,-5.402226998203862,-5.896152959013655,-4.808992021297475,-7.2519561655698785,-7.462983806827524,-7.550241618646017,-7.541526190349798,-6.6212357652652285,-6.900235914957322,-7.559470779912593,-7.277565596082736,-6.418756261428625,-6.138576238582274,-5.965936726048523,-7.28530112223633,-7.199388174070741,-7.121519586570344,-7.949279246978381,-5.720513049434743,-5.440812516146655,-6.199623142660493
-15.843200106274555,-15.429964130849548,-13.852110904423508,-11.835071879281267,-9.459314011344759,-12.059208894282651,-19.25173421362721,-12.29167994691082,-14.775297713186601,-16.42769475371157,-8.027781179561691,-9.881375890936777,-6.250040231871073,-7.5630459102004215,-6.150372322250085,-6.7062850436931445,-9.123621470228171,-7.943378717547482,-5.410567053884341,-7.667814249958899,-8.144992608118812,-7.598956014756991,-8.137555203638714,-7.279354181841432,-8.346843507060289,-8.336829784374519,-8.27677910461191,-7.260824203351668,-6.237127709260009,-5.30400104526649,-6.349651553938709,-6.823124031460877,-6.20545050545051,-6.7246555320278825
-16.447787778938306,-16.787452314048547,-16.06096891593451,-13.78937893083929,-11.661628552530514,-6.831738353542737,-10.649420524326747,-22.496540700577892,-19.361407029753714,-12.869128375873608,-7.615187685145168,-8.278830535115524,-8.834925873445938,-8.65435199327466,-7.599100218926732,-8.25480704468256,-8.760338165308195,-9.040984384452972,-8.18444221870373,-7.9160298646872,-7.717318580927138,-7.96152475896368,-8.252811883844496,-7.586415588185343,-7.970876545495416,-6.84064456244604,-6.072916801776274,-6.75223724200291,-7.014787710428794,-5.8059183478006435,-5.193843426181199,-6.652478268016379,-6.7754994502492245,-6.990409236675969
