script/wind100m.json
{"header": {"parameterCategory": 2, "parameterNumber": 2, "lo1": 6.000198445256149, "la1": 58.999992894266676, "dx": 0.5, "dy": 0.25, "nx": 22, "ny": 24, "refTime": "2024-03-04T15:00:00.000Z"}, "data":
[rows 0 to 23 of 24, columns 0 to 21 of 22]
-15.784435923018911,-7.2896373854824486,-9.661099564716066,-5.210333732350938,-10.387616901580248,-11.24943420260355,-13.757222297438657,-6.482121695129105,-4.291887963433258,-8.691934531523524,-6.579614511353835,-12.459295363351703,-5.091739087154229,-11.82208340038976,-5.484369871592556,-6.6287789244351565,-7.473651375002073,-10.43919069640084,-5.495458813321051,-5.9857184701143105,-14.008214214134386,-8.413616962197901
-13.654936718296065,-8.315283221240087,-5.77338178882829,-14.838797476529264,-3.6133776645190547,-1.7772701025408668,-10.699801776480824,-10.565079881502976,-12.060832429104108,-13.370897147796596,-3.520321515787203,-9.186504738935755,-10.878239921602813,-11.158397984295968,-10.661711050780095,-11.642053523731267,-6.148803789997146,-4.484562816326217,-16.989872048464314,-6.1201413180430215,-18.3567997961069,-9.612753347491234
-3.6865969981736004,-8.139749629434576,-10.610358863834321,-7.915539376687589,-3.6566989962262766,-20.772006586885528,-4.896089072985959,-7.58839083623249,-7.074289589244162,-4.9668765435781514,-7.658540119087524,-14.125023823746169,-14.443255285478228,-6.9969995066097095,-8.437400811225377,-6.875285262981752,-12.95403045148695,-6.973156037542845,-5.644028799950397,-7.812251083879347,-9.880726838145604,-12.501260476901647
-15.019832475536422,-10.842082728682962,-11.420487457739002,-6.057144213973618,-8.319163136484859,-14.123504916889392,-10.050977040928588,-14.917998714574365,-9.855958816841666,-18.723775610046214,-19.71175708501173,3.0015457526922185,-5.455574565203105,-10.368806174918763,-9.5379348700664,-6.915568254283879,-2.171378618258008,-6.901378874446525,-10.490241394314296,-11.864677944560379,-6.421014821260509,-9.805634574603735
-7.09085285080925,-13.125327508335104,-6.828120911075405,-6.151805855419445,-12.498857657313675,-10.056288988073689,-12.42863449171537,-11.667954762276041,-4.118304218252464,-13.930447701409472,-13.902784212777282,-8.206397034965477,-9.902863620385713,-13.2749134701625,-11.851678892890806,-11.534876447820535,-3.8325629746015735,-8.943544304455745,-12.046241224666966,-7.7909535105718035,-12.97667141297719,-10.380181634255312
-9.020311143380033,-10.744451721666884,-10.769087745442024,-16.972546969662826,-8.721935157690433,-10.146171360527637,-5.346109090059467,-10.010086620194828,-7.123006579449307,-10.188433392221869,-6.307640044423841,-7.12543436875455,-10.36583713450751,-3.525494104220866,-11.179268161669084,-9.458921141682984,-10.52919175963567,-12.601167252529658,-18.427260080454822,-11.599651953008237,-2.804471426184309,-8.405765466938567
-6.588120595717266,-9.355886096824738,-8.94726688875418,-12.405315259847587,-11.027926354790443,-9.65400062779506,-11.31281716424065,-7.498962875583333,-8.53327955103666,-6.296545638635942,-14.606135020284649,-4.396994171332337,-4.9493189006344505,-12.979251576655285,-15.929723382823944,-8.76977773899713,-5.54793873331556,-7.4348506270418735,-11.002305803788014,-14.00295596733937,-21.787279978185783,-14.22342914591066
-9.3948152124011,-9.234565056584131,-10.2117441193178,-8.658668708295721,0.8040266841795122,-5.721215907822515,-9.193437217547192,-6.183531405271699,-8.616133225117798,-7.336687187545932,-9.544433675065886,-13.350755223764782,0.9667340336620271,-10.719927480399448,-11.180131661520424,-6.321482334229725,-9.08356047127269,-4.912518479794106,-9.295004016778082,-10.788919080411253,-11.615057689919484,-5.704608876311411
-10.949811276465395,-9.237247851517074,-8.24967309779126,-11.641158171889787,-5.373598141552755,-11.161176526745251,-5.468135699612221,-4.301657387488135,-4.2176001319769405,-13.955850649278474,-16.199779593690526,-5.603669938726316,-9.187419953661196,-10.917865734410428,-12.015485427064089,-7.1659077977294725,-8.118642287449907,-4.810427509234292,-11.727898155132614,-11.323613740931677,-2.6372796498858024,-6.970655477447296
-4.313687868024537,-7.857129188127981,-4.399666787794286,-10.889847874366952,-11.950568894892852,-12.291207308922724,-7.427989643447768,-14.460677097334376,-10.883189499263267,-10.685819392958404,-8.573757106744994,-11.776561210486987,-5.7452083622474595,-11.631050054402461,-12.078639609729436,-9.641028372625426,-10.269911503108748,-6.247343074972067,-2.8279349661073283,-12.000688238318412,-9.075739879570238,-3.4086740914768603
-13.85715791101427,-8.922371972446914,-9.515106225191747,-10.983540898401465,-7.023234545944476,-11.240708099169808,-4.263826136086316,-12.575232538786025,-7.315189390777297,-17.28922919306657,-6.6045009557746415,-5.345089008573786,-5.682828360344062,-9.724309998128536,-5.908671781993103,-8.133327366440168,-8.278474460000806,-8.872551186457207,-6.485118520479266,-6.124287424134307,-12.076101199252772,-10.469960475301985
-10.046393730420863,-10.29288392992438,-10.134560035804597,-15.122445425772456,-3.945393019564538,-10.0123324614264,-3.010565183776997,-10.672749224381421,-10.66572536349173,-7.972854851328568,-4.081812763803944,-6.966533762887231,-4.873812144743294,-15.524418639989635,-6.2603917126055855,-7.531737107494429,-11.269517535397588,-10.701644829313457,-10.586602014240349,-7.156986691166452,-7.734275315627772,1.2802551373846809
-10.854588157829419,-10.180229985345008,-10.128422689555364,-9.03674041556768,-4.347380077128263,-9.822025336703597,-4.156031646958161,-4.525817226035276,-10.863405371555702,-7.1524140953462325,-6.076979473297425,-12.056767129409446,-13.36019420289213,-4.542630882233794,-6.903758165928204,-10.005853434934684,-11.695988286489756,-13.365255796057976,-13.126455836669741,-15.599984056721631,-10.935713867608143,-10.967203218582421
-7.946035298175504,-8.541276115159253,-11.072654130961602,-2.8107588730602693,-4.865861970885016,-4.517181284786342,-9.347919348547213,-9.01159085293837,-10.299779089132866,-13.494162057880478,-7.914995459633412,-3.112937323886225,-13.342263414250219,-8.171106859887391,-6.553647002689358,-11.24124586252299,-10.576395181322535,-14.26672324092678,-3.0071816910926947,-13.380802244037106,-5.370471267903907,-5.9179351792255215
-7.3532548045635755,-6.983405602155404,-7.206906055671055,-6.294483623110253,-4.719145362399718,-14.430746383801196,-4.768109837252979,-5.657771820726784,-3.6781150694736118,-8.57480970178164,-3.801869041460407,-11.188082551456153,-10.48944570144894,-12.07892721662035,-6.672670838995584,-10.59026741751223,-13.34350378639987,-10.761142781079208,-7.176811177294259,-6.116046983954243,-7.2607522054692435,-11.655123288244855
-6.045362496719338,-11.36662747375604,-13.33978091070571,-6.665092801045997,-11.120867796892913,-9.450453717280299,-6.875968256819325,-5.576430820756386,-7.689582787947755,-1.3940431704942704,-11.091483904774263,-8.861051902230574,-4.415827732762543,-10.64972526512986,-7.102096388258594,-11.179407299631809,-0.844937999783228,-7.21959558544705,-11.495110133682601,-9.15894413423118,-11.140238237951458,-10.55589718953122
-9.447921357406832,-10.692974300632386,-0.8005778668973498,-7.049427045090419,-15.836796443308751,-12.557636781033244,-9.1039896558753,-14.178566847308165,-8.569145375178252,-8.800501747015488,-6.362152877797704,-11.84572805094699,0.8171522392648631,-4.339344877340082,-14.292895945379062,-9.031150391734036,-13.238390083944626,-8.596414605572697,-11.177038843482944,-3.9134562157980124,-4.229308335629478,-11.071766879641602
-13.897563651627369,-11.521395034014894,-7.842144001861259,-7.035643519650721,-6.490883143049067,-10.835539820290956,-2.6051015653507252,-8.585277197947185,-6.212313102838577,-6.5002318133538655,-4.566664712005195,-4.031012937248668,-15.58187091916362,-10.787142451016162,-20.313543193801,-15.745622673131253,-5.9577011676465546,-6.897790514626916,-4.301682919445189,-14.760092154260603,-8.773113494965413,-12.739181334546807
-17.88172438320343,-9.766560043323615,-15.710987200039522,-10.233633620742724,-8.001271956577167,-11.799028445371523,-10.140307132176323,-10.632800147466183,-11.60193351341548,-14.205025891126747,-10.830905295583817,-12.761931207414667,-7.124380813662913,-5.704661680609824,-1.3178452425783744,-11.785541394497825,-7.866274808498984,-11.842111167151707,-5.57693466614429,-7.215246441306996,-3.6050327257123342,-8.876630463964064
-15.813676094618579,-9.479770753429364,-11.11937488055686,-6.774133872132243,-8.897312379173105,-10.756222570731046,-12.466165105317806,3.2249154942512246,-11.709075351471474,-14.359400227064208,-13.747297686955022,-8.843084258903524,-5.053044627391542,-6.566274691708954,-10.077334540696977,-12.535338623344842,-9.519951371569258,-4.8680803187143145,-10.72124737274311,3.032254723635913,-14.741948501215534,-12.173407085323642
-9.447822024247142,-9.070959858693906,-15.240456675817446,0.2843562386911869,-7.541071608640122,-10.832597621289624,-3.932118358192549,-6.354806054772382,2.4605171202098566,-4.312715743653949,-4.861215805772297,-5.40266761066638,-5.182000840734133,-5.605753852398983,-8.007837379104547,-11.197167518731256,-6.210240695782749,-10.56582234445477,-9.34200142092112,-7.432911123350444,-6.900688179788234,-9.407515813564823
-5.982543130649419,-11.372168923057812,-12.994175807782877,-5.328009384652542,-10.323763700555418,-7.9197492292727665,-8.86728262538555,-6.23556878640321,-9.764178150321271,-4.247732045614074,-8.594698928432116,-13.796320691996,-13.982830491122089,-5.035672402645985,-11.262186204146166,-9.990909764746286,-10.140828106895215,-7.205338012667828,-1.8953454483411225,-6.914579163599551,-4.146341231506153,-2.6457242087773887
-10.411139908914787,-7.396473468661714,-7.351670624314619,-10.908725340013177,-5.951092441720191,-7.029070443304811,-14.570225198596829,-6.288061215204087,-12.481755654491463,-5.8527340314644585,-9.088640184087375,-7.947010722349931,-12.702247303481817,-9.017953260851968,-15.391411634100633,-1.1557733921722708,-10.93599222690241,-9.342280953612013,-6.364588085694262,-9.736061273472025,-6.579393874712107,-7.170177682814575
-20.546969147467536,-10.518498656072595,-10.286922491032236,-11.63191928302401,-3.9302300293702492,-9.05744709543555,-8.935579152136008,-12.119008335761894,-10.913841551529528,-8.978416165830483,-9.150916378460316,-5.934957079881818,-7.328403399395067,-8.724771552361066,-9.535828027122223,-13.162623902093198,-11.346476351816275,-11.943046261183136,-10.920316183191918,-19.231032738564554,-3.09999898822834,-8.105673535301072
