script/wind100m.json
{"header": {"parameterCategory": 2, "parameterNumber": 3, "lo1": 6.000198445256149, "la1": 58.999992894266676, "dx": 0.5, "dy": 0.25, "nx": 22, "ny": 24, "refTime": "2024-05-05T16:00:00.000Z"}, "data":
[rows 0 to 23 of 24, columns 0 to 21 of 22]
-0.7725466377534003,1.4039251683937688,0.30215399416800054,-3.772132121257397,-7.141772370269671,2.876453205283891,-7.535926729121432,0.38047906942886645,5.5140692510050275,2.4602678698867027,-2.158604645595371,2.167276599021683,1.0192652244201883,0.2911498348386818,-1.7268340453767526,2.090213545379966,1.7968802500665235,6.168598824311932,6.22906450588424,4.564749797623431,1.3084048559439647,7.530830452842639
-0.0665195290053473,-7.2289719135966575,2.3377462573696834,4.82028057604959,-1.3405026173122538,-3.925324964913031,-10.567118873466931,3.6115318192673076,-7.448703683661695,-5.698749200523747,0.28044443732624624,-4.518915915356831,-0.14520379287184979,3.8737295667125453,-2.9040336986405837,-11.963780757622096,5.314317215782387,4.2119340184332055,-1.9791437400821548,-1.9909974230161829,-4.513015176175955,3.7651862467672643
1.8480024759829585,-2.0997562734458457,-5.504379879746891,7.582025402059858,4.2605551753524455,0.7944232312279587,2.0880917345080077,-1.0717819942058917,4.259767092710006,5.054623858788243,2.423682245808414,-0.030069502333444274,2.2505858585216334,2.515668265437182,-3.3240493902384523,2.8764327967703722,7.4076948699121195,-3.100978336020484,2.784690814831773,1.67857705059925,5.536891552601501,4.777182555687321
-1.5654265946283816,-3.20694385105805,-1.4131078297665665,4.817673577910219,-3.716784752094046,-4.3973795786313294,0.9184225265237574,-4.197097153715129,-6.169643994635956,-4.393883109001043,-4.2423710954551055,-3.1110214082882788,-5.898820110061286,-5.306226656631115,1.22579270096877,-1.0901151854412534,-1.8968135007694056,-3.8757959890691307,2.8495597874861285,4.681281544774564,5.277125599450227,-5.613042027953721
-3.5815750763865477,-0.4942878020724785,1.8992147889895137,-3.243848312080206,-4.037180468566868,-2.707302086118958,3.548062016413852,3.89359196576718,2.7665464441605994,-3.2563987600672837,3.6299656999080976,1.4822919608410374,-5.227571924493552,-0.14717871336994806,0.5927023277840268,-5.048091229204315,2.7850913977131344,-4.746856629173852,0.26996662071763833,-3.177291782094709,-10.030173141798201,-2.9828179498890712
-5.974583990852265,-3.8385786992872406,-6.728310478338551,-5.566717550806474,-2.79610029545786,-8.059175603318419,3.286820399409068,-0.2425367782616038,-0.6645702741348669,-8.566877372591469,-5.636447376108541,2.971557575798468,-9.218828168991427,0.95843300890379,1.1638489175426243,-4.1644576908813375,0.20470975657473703,3.0446707650801987,-1.2881898023842486,-7.284402341420303,-1.5704378141731188,-5.035617152028491
0.32262118226271486,-9.385975485273862,4.145963649797176,-5.0983879735396975,8.224078512640355,-3.2123976268849344,-4.42043249404605,-10.322567805560572,3.964249949722668,5.714467480696205,-4.0019901071401485,1.5504304847941388,0.13152945299071345,4.619449882568576,5.175528979069862,-1.2130457722996646,-1.6272426056412366,7.320400594147844,-4.201647252828372,-2.263985901456679,-4.388922238531694,5.234537866799185
-3.7225261520931747,-4.990623698695808,-1.0900698029042393,-6.2787841360340435,-1.796114925940429,-1.0607221857731592,-6.376354312991491,5.078245781248312,-10.474536297185509,3.3289703392666325,4.111414927456754,6.199325203150227,-2.379959383332126,1.1972642689970436,3.1219228787209,-3.862536896878988,-2.253159122783064,3.5026648918310483,-6.86246817098345,1.920958885062748,-6.69405317535739,4.647406474550829
-2.8273010269505394,-2.470830209655422,1.674214211829958,-11.013337013986838,2.26359957915793,-2.867736113382886,4.0456044858428895,1.5953681599054688,-1.1223287319663269,-0.8511360073950947,-4.952253173648567,2.718737448848499,-3.4599036912214833,4.0349424189981065,3.653002150239471,0.6172962056618828,-10.625003078999683,2.4230982601508826,2.5417951929977245,-3.1581311234198113,2.395227683399787,3.6085108324760635
0.8767153726977722,-7.053422180339857,-4.573041019292083,5.334674889860539,-5.862597846799484,-0.1942742461006613,-0.2963522686141703,6.382678964041951,-3.062145256213264,-11.395693801881142,3.704402306075949,-4.874265454883962,-0.5751595520831194,2.123656652074921,-5.689060657698123,-4.629804169714949,-6.759133864085081,-2.561697938144067,1.2115522274457642,2.8064386111380104,-7.954340134072141,-1.5117702034215832
-2.408784433986242,6.613391120038599,3.689464783145276,1.7823115945064996,2.346228880234929,-3.8688674201358126,-5.607165674563379,-3.1853822051287386,7.674672289879394,-4.380968391083745,2.59581143672017,3.746186794821177,-6.510555497350209,-5.087017992957191,1.8426007958407247,-3.509041169149052,-8.820117845169909,-6.013280535701417,-5.014344905902497,5.304071932634876,3.0021607667185943,2.936007926134956
1.4814161359998328,3.1878868288300612,3.473509331831956,7.196192010506623,-5.395787087330952,-8.873575434741655,0.8192361761776927,4.379874581051766,-4.658587286517052,1.4284378761943726,1.3222427334712037,2.6215325525151405,3.706386099636499,-0.6561307976498114,3.3281981814286516,3.591753523168608,4.031345232884609,-6.015437518235063,0.708278588836411,-2.3038284639594333,-2.574563200314623,-3.068154503994426
-1.4562648984616162,-6.227059524243482,-9.840715350766104,3.585689289024828,-1.9090657878125041,5.044319835363196,2.438518091303475,1.796358671212421,2.2244142055611826,-1.4920638716957626,7.069559324624839,-5.156056156130568,5.542357858219885,3.3982982460226254,-3.3154996153053675,-3.5906945632552514,1.206345619278003,3.948563801828275,5.4507724644779785,5.0082525860945015,-6.06886108920659,2.566464293063331
-2.9746771548242115,2.901952898999059,3.3215398267179355,1.0885851406824685,1.8331597523104226,-1.863101638626557,-6.681394639375847,4.41633060441897,-8.018049728621643,5.643517653925558,3.545881295395054,1.3295890135872894,-6.439373826310076,2.608109122980653,-8.405774463257952,-6.118109104552282,5.119681506197403,3.4110219957940173,0.4712872946476749,3.951216364064699,-2.0003412090228356,5.8303072320467235
-2.503286055449979,2.0838710205946676,-4.343939185148033,-6.263348076428168,-0.39709206760708465,-3.1782348237783666,2.379596926363081,3.665934292844539,-4.419887021520031,-3.4214980339239833,1.8378470503660918,2.239835376690021,-7.762603459472926,5.734052731251237,-8.109362488341448,-0.5288954399320971,0.2791862257645534,0.1921048061336808,-6.128170254839071,1.6885107343982704,-7.1164584044052095,-10.736699535692075
-2.4297051967751973,-6.9133029455654205,5.698029124946737,3.4308320588435555,-7.8595412427617095,-5.0495797830233435,2.5315121315532094,0.5750809195345243,-6.2151035344533945,-0.09918652079089714,-8.29682027054218,-5.866036978363917,2.5725799460557406,3.488970414801534,-4.532826091935185,-6.466758854048366,-2.4244490004024097,-10.615661706311677,-9.189556849724427,3.798659387692305,3.73578670026742,8.000601901535408
-2.5803683630725205,-6.083515309410987,-2.799605851037404,6.642727541174451,0.5606140101951502,5.942809653511518,6.787375428967228,5.63978406555308,-5.353759743887461,-2.1490044701121813,0.69545406733067,-4.571855668212755,-4.448896010452786,-4.618700876104913,-0.059125513961448786,2.172395778383845,-2.7470581457896763,-4.608186110373621,-12.72039458933289,3.9663977946809204,-0.793342135124579,-10.19435878130685
-0.1871981789255319,2.8534085020105513,4.141528192467593,-5.375450544896874,6.099611105615431,-2.1278335911411888,0.8075195193970635,-3.614819160093171,-2.540693288975223,-5.054022355342256,4.645743464489302,4.561850518581998,5.2339565895598685,4.161541606579859,-0.41388577487842554,0.7652981118746872,3.9534549460022728,2.436999929623629,6.5308516188493115,-2.2093031597699424,-0.7272789747224309,-0.04466061273480676
-4.254244986069655,-11.342886607074053,-5.007619628750516,2.1920768888605004,-2.771596706661638,-4.502084735588138,4.441950283686832,-8.80406563525358,-0.5396244806921904,3.8332138622073098,3.9260407146772014,-10.170219403145767,1.7146234529174424,-3.2426256398852855,-2.4110152705198526,1.3177024763862775,-2.4898341874387495,8.11227561867685,-1.4416919727141393,-5.26562787454381,-2.284468948288293,-5.937024456834007
0.0580658980085374,5.827066069679167,-1.8235874749759908,-4.572263800135974,-10.592227348103755,2.4321775109088035,6.728209235151411,-1.2761137515256715,-5.788411746892559,-5.844458446639296,-5.7992634448793146,-9.577064299921334,2.0088814162824864,0.4356363870410788,4.0156284932161626,4.039750900543995,-2.6791290062463085,4.112792723066497,-6.296626829599364,-1.660942402854799,-5.251310302040381,2.3049440377700336
0.6243714956187747,1.5503449435656245,-1.6694969934897308,-1.744047160097161,3.087407891460313,2.6951736643535233,2.2116416991041516,-1.619075393056667,-3.343767815309613,2.90489836903571,1.6458801556375318,4.482980081429449,6.0322849687943245,3.764530927613957,-9.438825699897372,3.6309153614977756,3.603398911143849,-6.500390134492347,-10.197586332970179,4.074174345014359,-4.919479914961146,-5.653647447818031
-1.0961703540440442,-7.000590757106341,-4.1821907918048,4.529979487814475,5.167853154980504,-9.123456505989411,-0.5909656207648141,-3.975726770901141,-2.8329363091603383,2.075211650404778,6.063894963952365,-2.2634507097875898,2.4908800791493992,4.093022112487395,0.31146671656788977,3.279722710979221,4.449459313897035,3.0093073075682546,-2.1017510479564994,2.4721784717906443,1.1926655855666313,-4.853130278037639
-0.5862384255371187,1.753357064008955,2.3105217936615565,-5.425416937478851,4.500642801345068,3.4653798015130253,1.4931366742306498,-3.2224759048377765,6.466538080469055,4.731040334405527,-9.545264599086417,4.6150535185194475,7.838919629498014,3.265249308941997,3.1809417393307684,-3.181395162725253,-7.693192161638421,-4.709323134772569,-2.2460004620819287,2.8775961307763294,3.8682628784053628,0.5391970894045464
-4.705161896749333,4.743681140424861,4.449007520410871,-4.940896915618535,0.6943010563104882,1.033807876697145,-3.5204682051129192,3.573303568758959,-8.758194356166571,-3.027400585432807,-1.3361721397863293,-1.1285432706052236,3.4917630583684067,1.4249511811372813,3.187949862858971,3.362092811800244,-10.23173487040728,4.444182776851296,-6.519799787613597,-4.22184423652646,0.3391446268346133,7.809598213148911
