script/wind10m.json
{"header": {"parameterCategory": 2, "parameterNumber": 2, "lo1": 3.000054539987559, "la1": 64.9999836372058, "dx": 0.5, "dy": 0.25, "nx": 34, "ny": 52, "refTime": "2024-11-24T10:00:00.000Z"}, "data":
[rows 0 to 23 of 52, columns 0 to 33 of 34]
-17.31365909168851,-17.341497303932016,-17.095751334013624,-16.679039528161127,-16.278030219793404,-16.20551119806297,-15.894035973553088,-15.17195794042315,-14.827982044878222,-14.654480294904564,-14.346787357771762,-13.616384372666085,-13.49593604190605,-12.522915348350223,-11.24960236760835,-10.10847891410507,-7.231766718432688,-7.692584459519179,-3.3498496095213475,-8.53886917539104,-4.248628413609756,-0.505907873850742,-2.6424404034075937,-1.4011839691964632,2.05249348505646,0.9941811865927992,-0.7442459159350098,0.021695776251626466,0.24449882041872895,0.4739595928986896,0.6915053671031729,-0.36464072580066736,0.5723089375463415,2.31862159485102
-17.680854194085008,-17.522858505121057,-17.29693641171903,-17.10868285815371,-17.017501199410212,-16.694385583800965,-15.990741173909942,-16.08963267003954,-16.08945263233942,-15.697335995320321,-15.266107751845349,-14.978463376994606,-14.403519353052888,-13.640591611971706,-12.895847221000729,-11.111623464269162,-8.858652178938984,-4.888697468491193,-6.061494838369596,-5.105356525050091,-5.581789323915401,-2.9347452625420436,-0.45670176978319815,-3.1446008615408765,0.16156303845636466,-0.8083962067443968,1.689999527562877,-1.578244542595822,-1.1723188809377092,2.207307644315731,1.0878598728534383,0.6242113957844374,-0.3956875339812416,1.7887279559577753
-18.069851855921467,-17.752164442289757,-17.493884560448883,-17.674824127852105,-18.03740983011406,-17.923356921735987,-17.4670608584246,-16.924415242626797,-16.43036911031124,-15.707493133445286,-15.321756016243803,-14.747444794733003,-14.071684226112135,-13.974890071287659,-13.550322852016503,-10.311049492596783,-4.865789188272171,-4.438802983795785,-3.9763367728330508,-4.2638110750336145,-5.487720059038619,-1.3388104485138648,-3.6856060928224514,-1.6096819112921543,-1.4501324042728345,-0.11273675273027121,-1.098116046137542,1.381192223465503,0.3986511754324535,0.21101667939987978,1.4679300504841475,0.799197462404434,1.0171024065068845,0.8708795506023255
-18.79821617257714,-18.595032960355535,-18.219926303182355,-17.927076021686062,-17.804248655730834,-18.03148102065577,-17.958042162484364,-16.950167185329395,-15.852373379723941,-15.103456473240039,-14.493258444974082,-14.14239767816818,-13.53321295391714,-12.978676427025697,-12.194161449998902,-9.582837688918694,-4.494777019179169,-4.519276608723858,-8.399233756008458,-3.143924429882769,-9.075993567587107,-4.384303560389208,-4.463855667451886,-0.5675736240233629,-0.8132799646419229,-1.2946407057351048,-0.14743571016639268,-0.6265660871869299,-0.15661109269486245,0.5101329328217088,-0.17928778736419418,1.8879609890203657,1.5342620164201053,0.45948302893267157
-18.909935956542387,-18.879632051772607,-18.463418320411023,-17.715735828953385,-16.888208343944605,-16.877033662385248,-16.496777493217177,-16.39076940134366,-15.800637936049624,-14.945409199764871,-15.043236448368472,-13.989463090357473,-11.550152942794584,-12.330458821832023,-7.537493025171733,-9.064962531832201,-4.679994036404388,-3.235468538488485,-5.216007752989739,-4.181144021530959,-7.715518154567194,-4.309964146152515,-1.3074473186375533,-1.991171217836712,-0.8132274898010711,-0.8876495146798619,-1.3552413213312862,-1.4218699153037555,0.035878545765520596,0.7230528987798883,-0.041494426701776,0.9427416827963049,2.319254529237475,0.8641847595684202
-18.1639148313184,-17.665333717883506,-17.032701779684842,-16.270464001803543,-15.386863619305885,-14.84809202244452,-14.701357098246794,-14.323087215642557,-13.724417516170913,-12.604283600342205,-11.815944932633633,-10.680351444364405,-11.969659431238467,-12.23304338352975,-5.012174507556483,-3.6930404625017994,-1.5939607498847534,-5.000040054881945,-7.844911449170017,-8.405893375350907,-2.3098596572395147,-3.58781907244951,-0.46679957507541947,-0.9126279353112462,-1.538382465705352,-0.745648250214222,-0.5726192772951526,-1.1364611777625535,0.5050994729859525,-0.2574168787459862,-0.23244316183719854,-1.3498156845185798,-0.3842559191934472,-0.34863346571278425
-17.60618807802813,-17.039792466661122,-16.754608958565676,-16.110593392397686,-14.99753271612232,-14.192899350477417,-13.767452963514264,-13.46679773847926,-12.964669089709117,-11.438099424798938,-10.068276367579779,-5.431886222263093,-7.889905999222048,-7.231309349302465,-8.318043799594182,-7.292001886352041,-3.2308051044953627,-7.522297291451379,-7.772494994823595,-4.84382926708339,-2.960178038375313,-1.1205012494683282,-2.101033788865563,-2.066912141782865,-1.112539871922761,-1.4641301079809417,0.30147402888916336,-1.2166938316275668,-0.49031122828765483,-0.5704368374946092,0.1882227991315042,1.0631061231894998,1.8437551060999962,1.2433185647584337
-17.763936927148663,-17.4383655723505,-16.545097769289956,-15.850086085773436,-15.547262836270283,-14.294383309731401,-13.65182643037393,-13.364747811421317,-12.304438805726232,-10.513762413068326,-7.571854415965016,-2.215407958109931,-0.5843787954714509,-5.111343416444749,-2.7992153548929846,-3.766409594374939,-2.9498213399870226,-3.3349249920748605,-1.4797127431963102,-2.648069069017946,-3.265316113015645,-1.0821374115575964,-2.2698229077099317,-2.314477715639713,-1.1851185893176233,-1.4985896106855636,-1.4076301128456967,1.0887675788384166,0.646779558145738,0.1471975766078132,0.6605421938216623,-0.6378466454283604,0.936548897367994,4.528304663493583
-17.363004267943992,-16.896197423181565,-16.219526582877293,-14.217794181816283,-13.93176982389601,-13.272749365893135,-12.69430524219685,-11.892119174093063,-10.070299829684785,-2.8332888912025314,-4.526418858596113,-3.3433326776768126,-3.184800807930074,-6.9053976723453525,-6.165790278115698,-4.991083879547806,-8.552025165319147,-3.7289976035863734,-6.7355406438742484,-5.723320963078699,-1.617241025519334,-0.5758925545755627,1.1968550765631438,-1.5330545676992684,-1.25079846499116,-1.3946049804166627,-0.41686894198852487,-0.06771962412090787,-0.27586610098909004,-0.7313128850578462,-1.138302471621724,1.11663050949892,2.7623854566422676,3.7960038113017536
-16.63451340884175,-15.788775254545797,-14.456948858012904,-12.962610273807593,-11.060796506795967,-11.105290457320057,-10.127917469437707,-6.180964189312331,-5.1765154796401305,0.3417066567199173,-4.341135693858316,1.4812616978305035,-5.112968136840179,1.0170572800516082,-0.5904509300310712,-4.6442876212300535,-3.004519467807104,-6.501918344419092,-5.364640789680274,-2.5346877637947953,-1.0176631829971057,-0.826542241801558,0.032910496120705755,-0.6317475437862613,-0.5758600935348686,-0.8860896777100792,-0.2334212525476351,-0.8414521906962281,-1.7082999301800863,-0.03281665293237665,-0.29129746685636654,1.0792078801872582,1.547962296269914,2.619424041578616
-16.62491179817682,-15.614870424529258,-14.456159739967106,-13.49245566502054,-11.920602224346414,-10.119728825497479,-8.152584099648532,-4.212180234731796,-5.657496486492663,1.1571851103225859,-5.883422045374519,-7.479389241000026,-2.645401719244207,-0.31682238867562096,-2.8419475431630636,-6.848166383593454,-0.10182300368877172,-2.9361352294740373,-6.7952570113089275,-1.601293965534127,-1.0076833449139613,-0.44470722887252034,0.6618248798735944,-1.9983276314902811,-1.4376330911298711,0.23937639809164926,-0.43150299070974757,-1.3140707248342511,-0.3933071517571684,-0.5212722752390375,1.082559689805679,1.2327090753564394,1.9543506038172933,2.8459349960615956
-14.270918345086876,-13.507429974287536,-12.870629751924726,-12.221495719660092,-9.145078157402681,-6.239771640546431,-6.454847243276988,-8.04581384148099,-0.6090981364469394,-14.128008615283337,-5.477860361055055,-8.243965009870294,-8.341483266990302,-1.920833102141379,-3.216055924820086,-1.4214199056944246,-3.2852346740472704,-4.523194140387782,-6.152060901621455,-3.2207642178510816,-1.6444809198008896,0.12774609279803958,0.01478151492874769,-0.1964428984647612,-0.5554305128337393,-1.7697934995689597,-0.9472449389707872,0.7887486629585273,0.5026803178842989,0.30960126805888405,0.91048337753646,1.7984590705836347,2.5500463468223855,3.271115721312126
-12.306066963783174,-11.249850142966924,-11.386275941268192,-6.37435134761324,-3.9638408221683203,-6.447127129073006,1.9670172330544022,-5.241945462079578,-7.604163187758825,-7.2476186116514425,-8.996017486228782,-13.962410677463305,-3.0015761459866654,-3.5501524069442123,-1.9768953989753217,-2.7245888605815534,-3.1349679114940048,-2.8146538659799587,-4.61222236714602,-1.7222311854683254,-0.6095130298528525,-0.9309895857909548,-0.49615204662893586,-1.4082996237665106,0.1251128082884964,-1.8737020273117635,-0.5922849313103822,-0.7549019468038883,-0.17071415217120936,2.565400183810239,2.591034724994484,2.3979133396990937,2.969035374644448,3.875082010705409
-9.587277416638154,-9.825942268328884,-8.88640450741738,-11.92421486086486,-10.044843617418113,-12.318984139523126,-8.064476412814189,-0.36031719535892814,-17.872223460385353,-3.129289462694637,-6.226053952104486,-6.412791084957542,-1.69882641653602,-2.1949188387131957,-0.9745391690168181,-1.3951761467023824,-2.4558485640282868,-3.166252674753231,-1.8049029599963076,-2.235747170580347,-1.2687723545420224,-2.99320620041363,-0.5338007470042467,-0.015477080857840966,-0.5580064487260509,1.2347253095118615,-0.366440862914113,-0.2609076981324126,-0.07457463158242252,1.865550530071375,3.45562102668806,3.8991091075479685,4.1943413155819025,4.4958721617458295
-8.780739277091538,-9.5213341221599,-8.619226003940794,-9.89176582005655,-8.995812709953773,-7.723331780440971,-2.917703824936616,-13.299824861753034,-9.343876583906933,-1.3877652497088155,0.5788340454384573,-3.6218423194443625,-2.7756523844502183,-1.21683362872072,-2.082022027546708,-2.28042210466086,0.5720272784532389,-2.4522963038944026,-1.884204083007488,-1.2893081389495031,-0.09420460669423757,-2.906917609332074,-1.5095293256518074,-0.5808225704217498,-0.6422649297558304,-1.4309691799579065,-0.3372441662825776,-0.4159363316517724,-0.21120357590284825,2.0265352329899815,3.736082232424213,4.186291403799997,4.458031672561576,4.879650817702508
-7.974399164861016,-7.838918338760914,-8.861446758511178,-8.31573716134319,-6.569205777752135,-7.283056358845724,-9.064954435812867,1.860990478122075,-1.782071709404226,-6.295906514582162,-8.236092493654215,-6.830768959406826,-3.5982905780234056,-2.0397213798713993,-1.9209209127056124,-3.0910050060913012,-2.736415352584201,-1.9401330320924253,-2.8357382140652865,-1.7079487139839218,-2.3838072661802996,-2.204326152652696,0.20421264931314026,-0.6260883818900844,0.2738478796418135,-1.6733955384424677,-0.40868116988384,0.17037030899500943,-0.6683255250126572,0.8897694587086061,2.2424666875959747,4.042853302521057,4.327393035274798,4.777613450586133
-7.899128828258215,-7.628811709689733,-7.920128477236551,-8.32157218832982,-5.5409469104581435,-7.571474717377853,-8.7500919858523,-4.322541838497469,-1.4799993709962602,-8.815701244319307,-9.967166674673976,-1.0712562719476075,-0.7625501963314613,-0.8685645255420262,-0.0389430209660261,-1.5486621279871076,-2.0467174031074387,0.38878523971608675,-2.28926738009728,-1.3180220103807976,-1.8881567131960932,-2.670453249048265,-1.9843649266511307,-0.5534728106944296,-1.8891494033188243,-1.0465288836468223,-0.07788191524071747,-0.15333808364702503,-0.20335130077160332,-0.038759845566621765,1.3023049781195073,1.7523532482922142,3.111852988260762,4.401251295936145
-7.954346357124403,-8.080519130841827,-8.333432260511493,-8.528223218377175,-4.063612134157611,-2.3561575597984965,-9.483387784196838,1.3660845268172506,-12.197361247819678,-8.749065147091352,-4.144576169763548,-4.5957297005547,-0.43342996281454255,-1.838100167805654,-1.5452850592318639,-1.7312160811224677,-4.847629886307268,-1.8508219268900694,-2.3756981099419257,-2.411596391787729,-2.086451684942106,-1.101476637050998,-1.6666131183512574,-1.462421858894703,-2.597299214236334,-0.36099937312007524,-1.5403301969917522,-0.7090984409343485,-0.5078417346157998,-1.4490258541199597,-0.556393289767835,0.14633266802514158,1.1643197476531273,2.316361904796666
-8.37451248429852,-8.565581867787543,-8.405143037743754,-8.49599786390681,-6.002450351685269,-6.103913289398547,-7.467712517857221,-6.355873085954293,-14.790430094413246,-4.802375029789304,-3.6453444342220434,-3.862023249917344,-2.7880562831029128,-1.5718819739926786,-0.8711294610187177,-1.5657068954369524,-1.6724196511010871,-1.84138924330216,-0.6629436294928592,-2.1917987013024023,-1.3986216610608018,-2.50134918864051,-2.0190421005429786,-2.4235189257076235,-1.53466951498247,-0.8713006943781398,-1.0771287308794355,0.1454344708719153,-1.0105814344793673,-1.027071771672783,-0.7441805493935226,-0.8449693220370801,-0.17007324212784206,0.6639942227020386
-8.33951939079556,-8.440245329102446,-8.74701699697639,-9.015994062247758,-5.237486009847916,-4.189772898073152,0.8094613745471592,-4.025061714636512,-10.748603416899853,-5.43760180518028,-9.369414476917386,-6.143665954911396,-1.9823544166862872,-1.8121048759783598,-1.565231853620988,-2.97047752968404,-1.4083576991396312,-2.225318277485008,-1.8747414193075755,-2.00137072032013,-1.3681301774521284,-2.6309532962984643,-2.246711440261692,-1.5648654263547253,-1.2088726196255601,-0.8460361053243565,-0.7320860324295332,-0.7471683365323207,-1.4340462857089877,-0.7908389744702016,-0.39854405814812427,-0.6168069783554798,-1.603099088604322,-0.5977945009799808
-7.645859172361493,-8.598955098382346,-8.891010632289658,-10.008122452972989,-8.435961735537893,-4.615332929904757,-9.281347655683868,-0.4991746193437167,-13.628548095729322,-3.8216610391274703,-6.9573275982122365,-4.665617067143746,-2.4034051680633923,0.5603391833521766,-1.4178035938079656,-2.224628992475149,-1.800273070773319,-2.411199365242957,-2.323836649814421,-2.2631368550858397,-1.5155609575067068,-1.9340255286634427,-2.228852825251557,-1.8336986748131778,-1.4624581569955268,-1.4685435190780918,-0.6053995637998324,-1.0736909590127668,-0.741525574700981,-0.8859995021668405,-0.866843154940927,-0.5298229289357392,-2.217204799078007,-1.2801348276852733
-5.995444586782781,-8.028426352721823,-8.89199210107223,-10.243627046136103,-10.27046198168966,-9.305155729891569,-8.797599611823854,-7.449751530589032,-11.55226499430884,-3.509848457218571,-2.0088162081598506,-3.9464764269197157,0.5798229149821652,-0.8710313704823016,-4.456065185087956,-1.1245169276512554,-2.6581139751372116,-1.9222540548125508,-2.086079512018565,-2.640167078001112,-2.2012667267317,-2.6074934944237236,-1.9151779773883457,-1.906296769358395,-1.6785588047236766,-1.2714798586790619,-1.5188098728402706,-1.6621062798796955,-1.9913978466002291,-2.028846579187635,-1.5671288636315905,-1.432450799997478,-0.4708833074858779,-0.8947383326307129
-1.6993057322204475,-7.18518114251238,-8.958251133684398,-10.009445372288367,-11.326511089927818,-4.477786566477608,-7.76566801130717,-6.165049807675997,-10.681319946403349,-14.340454843231015,-1.1376829236868384,-5.282936852191239,-2.0527582637686694,-2.801129922535952,-2.539246028080535,-6.510271687482693,-3.3436381129837165,-2.2778672990480318,-2.7973768081688473,-2.882803521044814,-2.6549956002607766,-2.681632319195963,-2.733418319646416,-1.9146086420303892,-1.626468681328842,-1.938465577804587,-1.9560775009361138,-2.3915376468706366,-1.5408834648162646,-2.227170598264588,-1.5978697461913023,-1.218559907735942,-0.18836155430591398,0.7416395507816608
0.9701183175924538,-4.20923136771946,-8.684867008305499,-10.052215235727624,-10.587446765313414,-9.738016232807682,-3.7504528264392234,-16.608347224319015,-10.89995489690269,-3.3041396818562627,0.4294576151676,1.4949128184442886,-1.9611528413872281,-2.7143604905284873,-2.6650435553853145,-8.429449925597142,-3.1331541463686166,-2.9067843436042855,-2.9507621711428063,-2.805462694980374,-2.8149802790553107,-5.482490729991463,-4.391193639496548,-2.3746888923157163,-1.1027904913634672,-1.7416691759619103,-2.9610115815611757,-1.3281148940598664,-1.3269128152691265,-1.1822122795440808,-1.212658865237258,-0.733888531569075,-0.823447447471229,0.31136193007800916
