script/wind150m.json
{"header": {"parameterCategory": 2, "parameterNumber": 3, "lo1": 6.000198445256149, "la1": 58.999992894266676, "dx": 0.5, "dy": 0.25, "nx": 22, "ny": 24, "refTime": "2024-03-03T03:00:00.000Z"}, "data":
[rows 0 to 23 of 24, columns 0 to 21 of 22]
3.880096474929552,0.9181162185115754,10.116587888470919,4.835701017883501,6.6913531266768445,2.2876779731625767,7.588743657296444,8.704480862861862,1.224902986882877,3.5092661946591686,0.033210955806732376,2.51935061851271,-8.302338735298502,1.4506043560731892,3.5297311060758685,-0.17522788801301242,3.443220442931567,1.7027435771876236,-1.455171035202791,-1.667274765525867,4.105662262679423,6.7732006661646595
2.0939703451153386,10.338979058039797,0.7088015489908343,5.139704058607264,6.923393018944319,3.534954608155914,8.43153522823257,7.214251574398946,6.442755433144637,4.383026850092163,5.527654080780621,7.748362780882262,9.36401342063734,9.811010622674624,7.349245949323873,9.709863861327928,6.12870922536794,0.30504931072671915,4.90075294386102,-0.05411452238191603,5.358436409019852,-0.4169234969365302
-7.9361946817713465,3.386813886441733,3.012302064652882,-0.6576394896092637,3.666087797292606,2.981260241302913,1.657738824105301,3.8579664384890435,-9.216082692051382,3.77121344555093,-0.0968382988840471,7.326075279095332,1.773875111221813,1.606805411540672,6.5171438376551745,2.305928643300689,1.8485103488800256,0.9289411307022091,-3.542084987804826,-4.993194393857431,0.28679318185558444,0.8429158262902275
5.8723779953843085,7.149043579976302,3.083145754899365,-0.49982143384570527,1.4395178393297317,6.790421281207681,2.9548070850973556,7.602996056314151,0.10767905789200083,3.929221046215275,2.1505230861039664,3.8361482523054806,2.7630853899180865,5.409595806967345,0.6082847426159108,2.1083286535789205,4.55812023330501,1.0472601139023923,1.0999173699344331,1.201563049856488,-0.40924021455457016,7.8953779772132595
0.3322649725747009,3.4634078628050062,1.553182751275127,5.622132858769638,2.8674124664525826,5.2487754043115125,1.6839656503971068,1.1655252702288152,7.187918664044606,3.254803852247203,4.4281373008965845,1.0236332342359646,6.0439872287724175,2.399946815769176,1.0059403860302953,3.624327010822321,5.470865741569288,9.165163334167389,4.136797412508589,-2.287885405789905,4.654485846784703,5.821178503034815
0.9589853728452492,8.061853081750169,3.0715696789404077,4.765971139269646,9.39356323227054,9.48561295189062,2.8823782925037578,5.897715877195653,2.302872326155452,2.563043748837887,2.9163163450358116,3.251811614043,2.3699836613530523,5.311323757339761,0.3493075425946778,5.902150344932601,5.217475335351099,-4.4419402200408795,3.2476134733739688,-0.946150796775561,5.419171220966603,7.456986489197247
6.831938626608983,4.315433446699039,1.0862594730133301,4.872698961063228,3.8209128714179816,6.9478166714407115,9.193822037344617,8.121654646483007,7.670723248429385,-3.8420293442101903,5.176768402760804,-0.5285618125670787,3.5268243019478294,-1.3918568084405307,3.89400458986211,7.567181945841131,1.8619590093745282,10.02346899717778,2.650669334625569,3.3862786259509905,3.4842560194737726,0.8380357440696704
6.532910851217794,2.341528812898383,7.481354502897133,9.439819680944812,4.476139607062258,0.6533073441160278,1.6767845779978736,-4.502543902842536,2.7476095078106466,3.116966194045441,4.509921048072688,7.62298645485323,5.471047377747632,0.8960854119935576,3.304402833313574,2.281306441167159,6.116927263303533,2.0435634795432303,3.0850862005262556,5.066613595386127,5.128747620167604,-6.971127139279057
7.191711189992474,2.9696735071784404,0.46221584990125913,6.004497787048438,9.467083211087395,11.34853336313321,-5.798419873366259,-7.686393027617883,8.97304529838923,4.533615996089466,5.901781956558184,-10.290046463694482,3.4868313638272825,3.8875039715971296,2.6798577893194575,0.40298941248719544,5.094103709418693,0.5368245160465752,1.4067055840106446,5.150722458723866,5.561366307240769,7.421149729790407
0.7689521688143017,7.24852909254938,1.8511100244822485,1.573559805998555,5.796172888565542,1.8155037164813643,2.869641617870806,3.9418007291833983,7.588239012341703,6.057637404317031,2.266162852279858,10.467131229160886,-1.2815855497377897,4.207170719515814,6.415501242297068,3.341520533294348,2.3984734027427224,0.5586474016543611,6.46533216540074,1.5493379360694692,1.4844812915739234,8.74491374802178
1.1591811331636055,4.3341881151896295,5.0259685915973416,-0.5860485911895849,3.6334276230624516,9.082523524499171,2.4625098977733324,8.195064568752475,9.53843989341576,2.5607267548255392,1.7201474646703772,1.7128255995794743,2.7544832303489066,11.55312821377632,-3.279990841220812,6.572944341320204,5.478300072586718,8.611330502434807,5.208050080999965,-7.184300268378865,2.151004893741219,4.2821094534638515
5.630098221478728,4.272878598056621,7.132532663205194,-0.5094595150397415,2.3326673934448183,2.3200367700899944,5.775861808546528,6.005581885022281,8.566849757402313,0.4982271157929645,-3.022661227601621,3.1689655368878262,1.393220018020205,5.00181876553798,0.4275587766145785,-0.25961067800110516,0.08615496846110547,7.676012245877235,9.318059185441818,3.723259228173195,9.561088536993047,4.661371607291422
8.637134649203047,1.903528954205787,11.770283777767444,3.6787254845591484,9.457843342820738,-1.436219296890752,-1.161589233246038,2.6708653603641284,0.15852384940209668,1.7835485723142444,5.228167687219454,5.805047472461208,9.520662627680867,5.74813219589133,1.2586725096301723,9.596662464895532,3.1599512575726516,-4.655832734209594,2.7311850227777112,0.9378480369363782,2.7686292495116485,0.6588914127792198
1.940163784903159,-5.951249172777431,-4.814105787393187,5.0747966697011035,0.5618904810953707,5.2578284333103555,6.378676003099341,0.9217958426873512,2.211029676750435,0.32900321460954934,-1.4274521939819773,3.7032040392279053,5.02428895325434,0.2370009835313306,4.6495241856017575,2.021642269405613,-3.2892999872766735,-0.2412336615426388,9.75821085956151,1.833613905046423,4.318768631604866,5.614496005770832
7.897722751831331,3.105502783846547,4.0947060238867214,5.675806795661351,2.9252558073141812,11.211239779071123,3.2016074634591574,1.4972535790516193,2.348647093483446,5.473953222678211,-6.8801760422235505,0.39511755695276635,8.443808347294382,2.877779619826493,-0.7692557615424116,-0.930422943030377,-0.47567219440809605,1.9739716017972084,1.5122146201919482,-2.220056573704934,2.7107091574006406,5.518016452183924
2.9817253708960814,4.921530097937422,1.2833782513643388,4.699999115901007,4.062550347155147,9.01932077468065,2.4184728091896446,-1.0784627431824516,0.27690199067894516,7.04875807732213,6.12685707592425,8.82301120870638,2.6640678783719105,-5.048961930889477,1.5097948123656348,3.7871293361458416,4.252431841383484,5.673408212827477,5.253178943322598,-0.4596401800259664,9.12912313300942,-2.9757480068886992
5.332310340128371,8.133335777539823,4.616629856957687,-1.8818146486593483,1.9896158308840453,1.5063650846544245,6.221805413621577,0.8476622501545368,7.831884221834714,5.340023143873212,3.2643650372224147,9.659814961861807,2.5659047832719493,1.3460537907204642,2.7080370280706223,0.5154710293781505,1.4854034854037412,8.919409549547114,5.42668912854931,0.7197959446983376,0.3697386930140879,5.070350783408588
6.146489853203056,8.289809669208969,8.028485924860098,3.3501783049126748,5.262562301117155,8.054860602306352,6.086195797957164,5.5801212637986435,0.7003291562826229,1.0729686734826673,8.341871952040654,-0.1996046559765942,3.735188650485985,-0.5913842333995493,6.285613029052017,-0.5009716939654809,2.249747037134939,1.5967709077827832,5.717807418577709,5.288305147280231,10.254147784718747,2.9927454160197176
3.0243612124799117,4.508349822296952,2.5307902258598785,9.088565280845401,6.396814771155375,6.706000567504187,8.439192922676328,7.874797485678995,-7.670517265391657,3.1224817482905616,0.8183358956752486,7.148781059032681,-0.5005655718730253,3.138283138331869,6.5803355956489575,1.546236118744285,3.167429539635626,6.0315993535014565,0.2545042686662907,3.626329629247222,4.6672465737624425,9.452188763580214
8.385851555710522,5.615083645119764,8.380228909618426,5.792966710681036,2.500727548821092,3.709956930655715,5.320851192523068,2.85549138376393,5.884207881277697,5.337754443784774,4.184650268271327,3.947919532900746,0.2091712810681437,7.009532998809645,5.246458376672401,1.4370557905443317,6.90383318860672,1.1241201989704679,2.2621675188398886,5.637834841976826,6.514848150256678,0.17837511918622775
5.248096839149484,2.365611808452251,10.872684377256974,3.0616024415412673,-1.127818496601471,3.248461377042542,0.7594199984989486,3.654815154664093,4.289304321119642,1.1158639961149404,-0.6776239896569315,0.8002770398345954,1.0201046296817755,3.1413486946838445,7.697095649220083,-0.04250138157931054,-7.310126229686543,4.718241286876975,9.336762607166602,-0.7126550925305041,4.077105922817152,9.079198883821231
1.7113389033752258,7.901974713409777,7.660976718054098,2.264029480829514,5.528515271119534,0.019780863192426647,0.7894522735475469,8.348994729164854,4.446209015928757,-2.7115803714016318,6.450641252130991,-0.0170845120332302,-0.7341097109229694,6.342875943631882,-3.4059718974728,9.242686439279218,8.778002227737176,-0.6541520560425466,6.746807826073804,0.33238267002181165,4.091801414195064,2.1758572720234115
8.664591955850113,2.0120364724488757,1.375789679315936,9.665180710004481,-9.463515773311615,3.127434338083102,4.195623325505227,5.428820163129972,5.136143285990304,-4.334362916512476,-2.7634662045200202,2.2653466006965295,0.1344226628004827,-1.4868727551662764,1.5559157729105078,4.953990436613201,4.707105066739441,5.022234711117525,-1.4215575360050434,1.4799823226489495,0.6638324227434123,2.161935825180254
4.899754028793813,3.9992122139101394,0.3312256961179188,2.38601491465527,-9.76609943502835,-7.7194420780090285,6.268520576420196,-0.0930561860085681,0.2527020712687662,7.39146883683467,7.422611474129002,-1.1660920334464453,1.598456375869169,1.5495558265177298,8.862701905825691,3.07904797567669,9.094833067984379,2.860818895289386,5.192723662463424,1.9745714488894395,9.20959841411106,9.699796044257113
