script/wind50m.json
{"header": {"parameterCategory": 2, "parameterNumber": 2, "lo1": 6.000198445256149, "la1": 58.999992894266676, "dx": 0.5, "dy": 0.25, "nx": 22, "ny": 24, "refTime": "2024-03-03T21:00:00.000Z"}, "data":
[rows 0 to 23 of 24, columns 0 to 21 of 22]
-6.925455356968338,-6.38439504865576,-4.920648158640835,-4.720317314872658,-4.498307506830724,-6.41089532136464,-9.082904184719094,-10.953989512646068,-8.66821946094582,-6.932319514482197,-8.478574124674868,-4.5898601334695925,-4.950120535228698,-4.999719182157995,-5.14554154862441,-7.934771437910387,-9.213175233693894,-6.195926704169227,-13.927980798809395,-14.418516099560302,-9.042895603336342,-4.138936913623158
-7.2369028244410725,-4.8879784677491624,-4.254484097123898,-5.060629018171788,-5.011093514230113,-7.68902417652046,-6.8807631794179125,-6.599158442131687,-11.051538828605969,-8.18027157897732,-8.42490855946909,-6.727164171298791,-7.436250065925791,-5.851197109654924,-4.548253905150954,-8.408380155396896,-6.342780225197207,-11.495194038410357,-4.949240894007316,-5.966139823743978,-4.937204901183806,-7.391464473605799
-6.336235271885154,-6.706905798953788,-4.552343047312203,-6.400254479702508,-5.484376887231265,-9.151650950148715,-10.15622614529873,-11.024400561935822,-9.020254880333727,-8.384275221841042,-6.062188100595221,-4.392199652864206,-7.040754050556437,-12.09448905119419,-5.95249124414493,-6.385998033702482,-7.177764100827693,-5.786159607348242,-4.86373737402614,-7.776097530191025,-8.656555116427706,-7.347713125200104
-6.332468681192505,-5.340937921929685,-4.575661058402642,-4.582860158123748,-9.602698497449381,-10.046834521818772,-8.72903558343437,-6.584925662728512,-10.404738210979623,-11.543543804091398,-9.371128057120394,-8.459907197095657,-7.310491446643087,-7.8185657603716505,-5.8940783467382145,-6.6944649126058415,-7.942270696355218,-5.005477965770208,-7.140863501918102,-13.787382199463151,-17.247599008802684,-6.733243596946605
-4.391175091950929,-4.994659132485064,-4.70960850056955,-2.615133033135771,-11.020887135661198,-10.101386094211179,-9.14746072767061,-8.534016995643462,-8.202537243559501,-6.941305627602664,-8.017078612989925,-8.239261860225618,-8.664197458823045,-9.71077302663896,-5.137359885150933,-8.163925101125542,-10.583269173210475,-5.557780769652118,-9.238366721277139,-4.755706770883773,-5.8854199197398005,-7.585709725349255
-5.300302079186693,-4.189866378027219,-4.472677978819589,-10.826961865305883,-4.899961145506966,-5.445516679955359,-8.988869033147576,-10.829659331385193,-9.75415238546883,-7.4582406103647285,-9.560553913537843,-4.915161727570968,-4.689053076981482,-9.095754059241738,-4.327746394939945,-6.383738221904338,-5.245958312205342,-6.810457255439899,-7.520019255176902,-6.306674487821677,-8.981361833327787,-8.699243649373168
-6.11337478489654,-6.313484698040484,-4.231682169648218,-8.591533428872705,-4.7441570833695215,-10.502418432609973,-7.702081417010622,-6.307493239034302,-7.852922300530148,-8.973612673596296,-9.162888899689863,-10.554374574372584,-8.527165517174746,-6.598587132060812,-5.425840911593967,-5.852449162102757,-5.0615408407511335,-8.286887970564122,-5.336068129665121,-9.476575477572657,-4.102365901637079,-4.398754297148389
-5.624911793768761,-6.72491811997205,-4.427374396184377,-4.21161986049492,-4.4475419877778535,-9.312648306339502,-9.050059700096199,-8.512124501186056,-9.434381886167008,-5.574940237637324,-6.3653346875171275,-4.930953265797895,-7.18100659014313,-6.072283690012787,-8.46605444754485,-5.664642279066483,-5.029232265689239,-11.858235653423424,-8.55014047275256,-5.182009065302787,-7.619968611854186,-8.570054208348049
-6.141226734863071,-5.504951313908677,-5.12736611642442,-4.28084919853526,-3.4340016491444745,-9.941941243855105,-8.88334703755971,-7.530704300190893,-8.162684287443751,-11.207982067750166,-9.807457243160604,-5.631799269998702,-8.53950214000021,-4.25649177099284,-10.858987909463428,-6.717176687108319,-6.49554538644402,-12.74056201463145,-9.667294129897892,-5.803815731224025,-13.871645361973428,-5.8262759299329625
-6.593605660204498,-4.447304497248754,-4.560736161541654,-4.6521929488943545,-10.235360670222427,-7.407223940697258,-8.892319060750342,-6.7539420779091985,-10.6250586446596,-2.2310781005842397,-9.157085428975106,-4.584918209558471,-5.080781294716167,-11.739088960196781,-7.040956850371127,-7.6060896332598995,-6.0873051675954475,-4.711725019743424,-14.052687770555611,-8.815360235668878,-5.833894610867722,-10.030301773535154
-6.6785576228103976,-4.250890734322786,-5.372713610066734,-4.502135760006934,-5.7840644180994,-8.574869376976963,-7.058865679486589,-9.737497896084934,-8.035776680922748,-11.611986886304337,-7.3615880557653215,-9.184414094934128,-6.055549276400428,-7.869976991729946,-7.04799746415581,-4.988747825079171,-5.864540983021008,-5.356858443647346,-5.830617139435694,-16.5153322561716,-7.877369503701062,-7.42793914924625
-5.737949787682932,-4.284280370069791,-5.195270099856578,-5.016527663868293,-5.032665499182394,-5.583590082999787,-10.056701472453657,-8.989632956208386,-9.770460945584317,-6.743480401017009,-8.876653600546705,-6.078278253589517,-11.228377857093319,-10.042658496926588,-5.348343921546483,-7.459777002601435,-7.118880369230609,-5.23717082077495,-6.411858560038618,-5.126584062832006,-3.807647998609599,-4.557137631031207
-5.018556752330948,-4.320582209622268,-4.671913451921554,-5.841484138526112,-7.735280416221602,-5.228371574061217,-9.73913422853726,-7.820476744617461,-8.482390471871765,-9.885357657744374,-9.202762801851069,-4.648997048840988,-5.3100361760993176,-10.089939546521045,-5.289154586880937,-8.961508282881203,-6.6887757282202465,-9.360651253015481,-8.830613292952446,-9.939468582950711,-9.112478613920073,-7.644563298022529
-5.643391315070523,-4.48873844829997,-4.840442046458566,-3.6464689813465045,-5.469410119203797,-9.210189589657068,-5.05822834929891,-7.034769888185358,-9.172812371440163,-7.336761412479036,-7.862447732376355,-9.224837020916635,-6.039784694135058,-6.190598346534011,-5.407749994836419,-8.760669880909225,-7.138592114241887,-9.690934309448062,-12.471224607748244,-14.007092809962113,-9.027028926699172,-5.5099010484964825
-6.253866472543381,-5.932145151018108,-4.6310969229148125,-11.365891249281539,-9.545409430597772,-7.04531901348206,-7.844225499006111,-8.63944307167004,-5.272203782840938,-7.98882858778889,-8.802862966296427,-5.26448650050313,-5.298262689965731,-6.016179200476783,-5.175489799691563,-5.397354774298881,-6.619154993491817,-7.7350733224064125,-4.773600410305803,-8.606397971673333,-5.556222449483456,-8.229355744146336
-5.145623876707345,-5.603895870782753,-5.2765799125419015,-4.923988331417706,-6.540410057733695,-5.602668797263216,-10.797108280053031,-7.463584111823804,-8.414808305215148,-9.182606201410403,-7.131792308628028,-7.179525442582549,-8.30098526136054,-7.069724249322559,-4.487735805762116,-7.8399249560282165,-8.944250034799255,-6.513169497105573,-4.620786578070264,-8.729220500725155,-8.919513680566919,-8.109600533880206
-7.153406343663443,-4.429837249179307,-4.714042464911394,-5.078799042100605,-4.975062920670354,-4.908821183111734,-8.010362587732223,-7.256674041188732,-4.98351652466125,-6.381587834075723,-7.356744877541128,-4.515265391918775,-4.599980805655597,-8.011977259845281,-6.3073418165713875,-8.736231540615341,-8.082505933035328,-3.5293991475838924,-8.770543464413583,-16.563856694182228,-3.8490478433059465,-7.741449034796807
-6.102546121341829,-4.14824635580336,-5.878294683089561,-4.2499706738307665,-4.825340907833603,-9.857428372395848,-9.9362232141562,-8.827277546992171,-8.130391396467237,-10.356108827387827,-10.501164523055177,-9.335064105789403,-5.519050130473683,-12.02651756687299,-6.24880195617117,-6.27421295875514,-11.071989408368307,-7.754533498727068,-11.49710038146983,-5.648660151556151,-8.849830990443968,-7.656738216773158
-5.09836054991198,-4.566550907571681,-4.206441939853054,-4.629592231979224,-3.3227301356702164,-4.2638510282765,-8.77581454755293,-6.539142077037128,-6.019833075919036,-6.551406491956144,-7.709394474624914,-7.162183272666924,-7.117049335174652,-4.262463618716633,-9.196030787291733,-6.6426903973454685,-5.963193388233048,-7.670514086016937,-4.565723140492928,-8.15828182888016,-8.638889112549768,-8.413259187088308
-6.195479900626131,-4.128769018702885,-4.8681172154742764,-4.879539567118231,-10.743382329450375,-6.351718558452333,-6.077032007649325,-8.857378067494341,-9.707320126377585,-8.327286249391697,-5.513102537969618,-5.0564789521031095,-5.22007427628241,-8.201152996481676,-9.062880967526022,-9.180861263272618,-5.18369417619901,-10.19175271861412,-5.193444972593624,-14.58280481400198,-6.148420777261902,-7.961469319635021
-6.472989149978306,-4.853364522752378,-5.656829209885959,-5.608276202582244,-3.9233601332206067,-5.5482839388719825,-9.174228747721099,-7.3519251016153975,-7.6695228415859935,-9.317137150972416,-9.389094426163425,-9.462248270492617,-8.67386051238159,-7.978895467025214,-5.054829606219024,-6.2971502773864065,-6.04286234184519,-3.7581263456705885,-9.66189250980457,-5.254390633324667,-9.410232974659092,-6.867344819334973
-6.601124650149204,-4.402120690080238,-5.833306685655366,-3.715687261535364,-5.157171970964583,-8.445630133913893,-10.715497803101485,-8.0675021606666,-11.385390739102395,-6.609758281501867,-4.616298820596877,-6.407038331314285,-5.208215438238719,-9.356501465081047,-4.529534094417807,-6.847564102136695,-6.844671818446537,-4.715344081451917,-11.103228194826542,-7.889849150755768,-16.981545520433784,-8.525383306652248
-5.964398683097541,-3.867460708256989,-4.362836118283739,-7.436189545662045,-4.839833030218096,-8.827150982158203,-6.4031543366629595,-8.374207551402515,-7.045476120938648,-9.26850819338014,-8.116578899298858,-7.92703691600917,-6.58885400898594,-6.420794467068556,-4.384109063021313,-6.2510163126986225,-6.265403905087844,-6.2667152744392665,-4.699463298636414,-11.446802073790613,-7.27214759292007,-9.290052632640814
-6.0249412441438635,-4.339448895554238,-5.066328333003021,-4.5294398458664675,-5.885688021984068,-9.7018394575249,-11.480959263309924,-6.454534881769195,-9.137191183708959,-6.255586483068226,-10.478285435700698,-5.533467314941962,-5.865206677569833,-8.393449242719662,-4.386068493226969,-8.599260124320288,-7.257185469944475,-5.961845438942199,-4.738461107023669,-6.3511435999381405,-9.826133083283139,-4.624485885823898
