script/wind10m.json
{"header": {"parameterCategory": 2, "parameterNumber": 3, "lo1": 3.000054539987559, "la1": 64.9999836372058, "dx": 0.5, "dy": 0.25, "nx": 34, "ny": 52, "refTime": "2025-03-12T20:00:00.000Z"}, "data":
[rows 24 to 47 of 52, columns 0 to 33 of 34]
-9.035530026250893,-7.204398907308144,-4.171909601802475,-3.7816601597424317,-4.3396228574980755,-2.568213642966115,0.268153125615094,1.2865787639756878,0.20241417400480718,-0.7984108551890506,-1.7419054641530745,-1.3559506118505005,-1.9524304004334267,-2.3476563531865904,-3.7558364919679597,-6.995361729510313,-3.6282531614092557,-1.5105069895299252,-1.373063306420206,-1.49267672232015,-2.3196533221879023,-2.2027591398175397,-0.7475395152388887,-0.6348552294895418,-1.056876780770621,-0.9234399181373661,-1.0403398220502609,-1.1698610054867262,-1.5775292602193012,-2.527425194783019,-2.6553653258014918,-4.86703008123296,-3.2672182944158803,-2.3528674373576126
-7.964797035316216,-7.0348984431745905,-4.631739526029937,-3.704305949319585,-3.5625850518717996,0.46699878076050805,0.35194449085896556,-1.184623205882323,-1.1226569868204077,-1.1973369258626505,-2.0308880349475,-1.7876307175389763,-2.300807480853533,-7.778807438371135,-7.801169549665265,-6.41908013222638,-5.502636308762525,-1.5758005727269497,-1.5517879593927544,-2.407083121530851,-2.9031925828451737,-2.510518434701999,-0.8075195107006645,-0.7968244483372321,-0.8843881915211759,-1.0693842483193747,-1.0728833877639221,-1.3923900876886581,-2.420253092959372,-4.407514002646388,-5.9445169712574,-4.923769725304984,-2.939086526498457,-1.8422882212645024
-6.9176473054013154,-6.554725816811099,-4.826633163283381,-3.1181571510282673,-3.301216328181269,-3.3808002430767856,0.4888284641511944,-0.07445237129410728,-0.8688292781673665,-1.520177773751801,-1.7935354261976884,-2.1803375901722983,-6.872061052047204,-8.401688234049992,-6.989066501546298,-5.898810915455971,-4.646137568072766,-1.4177455046966636,-1.5466128623810411,-3.621496914115203,-1.4253367124774674,-0.8236264330966189,-0.043174034060219864,-1.0045397691828344,-1.1454794982439973,-1.0282001639105556,-1.3267258900457741,-1.9709977796379756,-5.328902419980369,-6.433373074658174,-6.143678074205865,-3.9688361106604635,-3.460580146285361,-0.25691273614427296
-6.205555644759357,-5.4236810373919475,-3.90057039618751,-1.9523309112640748,-2.608730048529576,-0.37220389487248595,1.6186406230160388,-0.8846534448040064,-1.3344374923020499,-1.673538309821127,-2.0089929129267623,-6.920261470778461,-8.611599843659839,-7.195131676457916,-6.2002522861672285,-5.381645754063719,-4.344020352643415,-1.925042126749228,-1.1409511283166263,-1.1018264032802205,-1.497606652793358,-0.24783248087276855,-0.6261441686748139,-1.9295879540849818,-0.7096516638772706,-1.0001688854709616,-1.026212303399216,-1.1807066386482492,-2.8527571333929864,-5.252053624168273,-5.888050431895013,-2.776865580956506,-1.6611525725010372,-1.3013206097877823
-5.969112551917728,-4.557255305988014,-2.4657229706268105,-2.2093387376976494,-2.5367497561099004,0.9258797075734871,-1.1883410867796562,-1.7622404604831683,-1.661839450203393,-2.622619329757963,-7.745885284347898,-8.57989569929469,-7.5243211719349885,-6.663609887884204,-5.685912076394171,-3.951689761520833,-2.9817584136723854,-2.0426620531440416,-1.135283262484679,-0.8251346755711678,-0.6583550222431784,-0.759812756382993,-0.7318450549864599,-0.13974365396555255,-0.6081238788366924,-0.8578026875528252,-0.9796369423482354,-1.2352752891021175,-3.799497634069685,-4.902857727837428,-3.2000106966788873,-2.749814384793888,-2.8065001223117623,-0.5875852058180784
-3.6005496610843513,-2.9386373869775904,-0.07118981686802342,1.4681070274919268,-1.75841250377711,-1.3930907545585398,-2.8224040588818458,-4.958432233920512,-7.119928187093719,-8.392934778008794,-8.267314847354395,-8.086945863693543,-7.145352776629085,-5.6429863928939685,-3.2121370121754413,-1.2760980649161815,-1.7197930356178848,-2.4789574616316816,-1.3620678953389935,-0.43043485788529257,-0.14368116750379153,-0.24053416694725627,-0.7916041537239225,-0.08993786018415167,-0.2746666108006451,-0.31663918778199496,-0.8160002962536124,-1.1023413372205748,-3.425458489656107,-1.3508098833140791,-2.596696445166984,-1.3106367708330264,-2.5659997241390897,1.2274303160434579
-4.931786780890769,-1.8519683760077292,0.5714171979642282,0.14749928359006734,-1.832065259398671,-4.096644689602186,-5.576031199555249,-7.539910133942275,-8.092326045462368,-8.517208886420663,-8.501845017139866,-7.699493313067729,-4.628876833378619,-2.5421878962763604,-1.802130515837532,-0.9483961652437953,0.7455547534347045,0.573538036864918,-0.8550438505879684,-0.4183936840823225,-0.19436335445443134,-0.08567131796386576,-0.20145668266760444,0.38813164309348847,0.13183137188507205,-0.5017114361541305,-0.8392277079463207,-1.3168565902920417,-1.2912633922828325,-0.9827128669493856,-1.401492688729611,-0.055495522518041365,-1.0466127430005634,2.230433336353138
-4.126405713293495,-1.0008681816604932,-1.3304053165588514,-2.0418142942447663,-4.360537378436248,-6.191088283071158,-7.81665779184366,-8.428193024061828,-9.014383010893363,-9.085988451541454,-7.890553575738457,-4.799825946344303,-5.816862933525184,-3.7660794880569908,-1.950752433416063,-0.8792307186991929,-0.12174381886602753,2.2607022846195237,1.3682611194322203,0.2638577287560125,0.06320663698958243,0.250743816058022,0.3942897646264052,0.1807409179888583,-0.14537998885411468,-0.23093695328694686,-0.656057137447168,-1.7185528899821843,-0.4097234085449872,-0.017219405390140684,-0.44047113809559624,-0.112818384538269,-0.30921172684209813,2.3540421293699603
-4.80333639354551,-1.74670457492544,-2.6601896116193244,-3.8595009858006915,-6.02579653485401,-7.7956411693833845,-8.639871433368617,-8.772141687666245,-9.48956862536201,-6.912346839828015,-6.618449257904874,-2.347806046488696,-4.2431832593029535,-1.4963369873436125,-0.37884895655482853,1.2286173935189793,0.8815581174287068,0.5131973280088235,0.49137193029083115,-0.39509898969347224,0.11921543372384664,-0.008037143776295979,0.7606744036979608,0.22471849098451335,0.18555834881242167,-0.07071060366394498,-0.6912074390956692,-1.4747351714695738,-1.550467735456073,-0.6931609898901323,-0.10017377674500824,0.25370066192849716,1.366772099257606,1.6013359198061652
-1.59886439872066,-2.8464528178496122,-4.040306424066663,-6.182212229538042,-7.872848953630529,-8.647422658229491,-8.750320580873623,-9.27508599059018,-6.989677942555788,-6.576923422307369,-6.480229668482712,-3.185294612743902,-0.3945592147578595,-0.9999383895298146,-0.8470787236341512,1.5166772116337153,1.0340675135948578,1.25169585571191,1.8879435262980064,1.2129337467701171,0.5948707206542359,0.2442232643538658,0.3915144123777551,0.5879312917860505,0.28199264508773764,-0.2607571415807565,-0.7288574087806797,-1.077681042308917,-0.2041264177218463,0.25289645949053396,0.14637871108104683,1.326715519000435,0.9951075645770014,2.551667320499967
-3.142230365799784,-3.7216597411198618,-5.689910621214818,-7.6279832177848705,-8.829641248938104,-8.739846174773724,-9.218575102617946,-7.995045474764798,-6.588919274171887,-6.6116840285405445,-4.916160221159265,1.2097982102110374,1.9036671269162841,0.40114123936342394,0.026998393593181822,1.7576663837520647,4.501049901374314,2.8958280779180288,2.9826234183111437,0.9254492473932565,0.6977743371919906,0.1410552878099548,0.5271315023624537,0.8111883331464086,0.07169059049006504,-0.2612051218303977,-0.7048335909087435,-0.970222358333678,0.11345226752420448,0.6372934903562497,2.0470590692191313,1.9838385633292162,2.3768489220849642,3.2276445353087815
-4.266994238775031,-5.15948991992242,-6.752541770323984,-8.668444586345844,-9.54132444002833,-9.617310947276446,-8.940402524005759,-6.681743956285149,-5.974654099956823,-6.959426147715895,1.2484966646564553,1.4489834150335892,1.55355175519499,-0.6734752041989258,1.5609524722414079,2.894321980099512,6.0959191882937365,4.575209516725104,2.834073400500554,0.22064432124295244,-0.14876285321424565,0.6571487671671334,0.5037084115663427,0.043896500743722554,-0.2784395927307892,0.16688293764602322,-0.6652568493886479,0.6457693599069495,1.2637548731770072,1.1148350760632892,1.7947478005196915,0.9325773830307925,0.5929444233993612,0.47757059155935433
-4.831461766032738,-6.1265871834546015,-7.690991678133252,-9.849275813541794,-10.318709515437694,-8.33016459771862,-7.340516372142376,-5.05123373973283,-3.0786521615177223,-0.2552300187888304,3.3027529893745804,2.159652125104957,0.672241526506317,0.5709216717625051,1.3434556879673396,2.799502421939303,2.527393587620116,1.6120881017349462,0.4883023838211227,0.6775946099644842,1.1615485663691882,1.2245670860969537,-0.21588700584068923,-0.9014577066603039,1.085208024156471,-0.4969442427432802,2.0163955711955603,3.0670166230015803,1.6688734130196117,0.7011343945968281,2.389837911718692,2.7964268920647974,1.2913448918159716,0.8677411924396582
-6.194851037360007,-6.330188165939666,-8.103254548672595,-10.738019919772931,-10.870794881134156,-7.869365109684475,-6.578203121572491,-4.211631636076909,1.128274929306072,2.6834748682294376,1.6601554439610207,1.1771517774414788,-0.5882108345363556,0.3284175966450367,0.5821447939881015,4.950250257993223,4.397598385529729,3.0627745514102465,2.2940591830645616,1.3469563630976824,1.33985732329454,1.4417259622062917,0.8258751888177573,1.9825986463874947,3.240344331016597,2.4646284397091227,1.868994784667234,1.0272771398837748,0.584028097448411,1.8197835283980321,-0.005129318020048822,-0.05596551191610449,1.939552502488048,1.5717360353796925
-6.70370899054802,-6.757755069877401,-8.224453548799938,-10.428809949044542,-11.912388753900203,-7.352612016532964,-6.405495485370617,-7.992898147860083,3.2502995518496616,3.931454806123486,2.5353976260689977,-0.8895465380738219,-0.07652909603296502,0.6388495883234417,0.1679765925708818,3.706267599541806,5.246561730552305,2.2276507832310104,1.9857160182606408,2.7108490797464433,2.2769605901786596,0.5882242448313633,1.3185761541735161,1.9244529298762167,2.3051503810196787,0.8596520459987548,1.8576944201144667,0.8247391604811882,0.2973967870626473,-0.7517115568490388,-1.2314736790894099,0.9210554614787996,3.3132383624972994,1.2395566312606965
-5.638983496680035,-6.1965659692751345,-8.1067641587007,-9.482752629992877,-11.12769504025224,-7.753891598483136,-6.381417361775492,-7.17079161141234,2.5035941614965562,5.421154688654917,2.5293661331155954,-0.29193991645578843,1.526857952421118,2.1974300281519814,2.7098559859238507,2.58092426058766,5.070108679871999,3.088496603384522,2.7426134566008877,3.947022293906952,3.4411897952051684,2.5666446488403825,1.3915061395985995,1.5709694509728485,1.5719657895319292,2.1951063088668765,1.7337973179879103,0.9454098091916842,-0.8816987828009334,-2.080532710469784,-1.5051239933276983,1.2551922430016942,0.05840004597368932,-0.7040919572613964
-5.298595134847473,-5.601036976013673,-7.7733583451571135,-9.369645830610992,-9.420281628471868,-7.71301157487791,-6.641113025433907,-5.352767189505352,5.554811218387432,4.388999026014644,2.529246439551257,1.389731997122991,1.8660293804684482,1.7264914294283462,3.387254422631142,3.3313058732067624,3.7942855313508512,4.095269077099595,2.7795548367416725,2.820014629267661,2.6225809102100293,1.2588116002944818,0.973309094892553,1.3003873228539427,0.8898929804942439,2.634435731716221,1.5024077668281954,-0.06493681537937356,-2.0956186321918384,-1.1902003039959943,-1.4157220121246346,-1.2810288250783046,-1.2031382295025863,-2.6271113269035298
-7.25579953525101,-5.78078730471868,-7.804871265647149,-9.261951284875089,-9.24167555966243,-8.013960876013094,-7.24201018931118,-3.431701770945248,3.8338052001508425,2.342656783971762,1.2222017896581947,0.7746546154181773,0.9218005289993996,2.506543054945245,3.5416984655272774,4.57570983206383,3.678142318214882,3.037650774609299,2.6244788927649245,3.353941139615211,1.9637624621903544,1.198536701520873,2.3553238813380775,2.4970766506015254,1.4030722804241904,0.936664124075031,0.15653608165358027,-1.9573753343604765,0.007384170126680367,-1.1287944907432756,-0.6026108381153038,-2.0246166588749945,-3.2551236377212738,-1.9491750302263493
-7.828027867611663,-6.298807332978513,-7.1766292148089725,-8.552259958946188,-9.134720113787848,-7.6655398626254385,-2.246900760849841,0.9504404923242245,1.6389288315922734,0.36210075174464174,-0.7042282482549085,4.074913148238394,2.264163728067297,2.3244908841683123,3.986105114238213,3.428319882483932,2.6762333362720065,5.1338328109316915,4.1536851843742415,2.6037857835710576,1.8898435621963812,0.3853189525901178,1.7739476567364798,1.446210697268677,0.6574244142432452,0.3977930832398572,-0.38531669576405714,0.7517188441263906,-0.9654533122228902,-1.5870066814022386,-1.620199375078557,-1.4161226002670584,-1.2015581582408321,-2.2897093879128136
-6.833386735244331,-6.0769888727638435,-6.873552540574862,-7.217988370881196,-6.855469116564629,-4.215075569066405,-0.8410101179884012,0.29222534177264925,0.16886023885623064,-1.091987874679549,-1.9686859504127776,2.3517497728378713,2.6153123533093576,2.643430474975794,2.108202859706667,2.333663826689072,1.8110541177820616,4.28463252516351,2.971678124814525,1.2477384463334744,1.0883549105171788,1.0972543182601637,1.5887378289144753,1.388287369730925,0.7876664849464702,0.6361543209955017,-0.036366912181923346,0.2611261961314907,-0.8040956222599515,-1.1530812603868978,-0.7539585367175733,-0.7706424948947665,-1.693166247768664,-0.3802585257145484
-5.83888976451714,-6.395048298614536,-6.30726681839216,-5.4373834610499845,-4.313213242021309,-2.7328686573975807,-0.9154676818108437,-1.3794090266191399,-0.9476177639800698,-0.6843160618354721,-1.579534877169108,2.743819280426158,2.6860029382864083,1.6109858469179739,1.1575756864804179,0.6362837207048329,3.544602353021594,2.2254829771465716,0.3252204730402923,0.715127801308107,0.3596066284197095,0.0017014285486857182,-0.34662448250858496,1.2549732470990194,0.4065863886504033,0.5630374038490265,-0.7829604850061644,-1.0699927906800923,-2.179812905680172,-1.5049634231637306,-1.1745661249568786,-2.329019966961834,-1.6306437185797358,0.30675661089228806
-6.220629821267012,-6.906505496803402,-6.172982182746187,-5.0635374767066885,-3.485491568827787,-3.160252828263683,-2.43906770501481,-1.2015279387162006,-0.9991455776365331,-0.5102830338778184,-0.3890072792078605,2.156976054106081,2.7314057608449187,0.932563673976042,0.49979947242359407,1.3683167324744354,2.219933742518631,2.1495149677933085,1.5724469426820702,0.8605076286212796,0.6629737951174182,-0.9126007698312313,0.4255158510875019,-0.4321749893873204,-0.6191088495456657,-1.1084501175404367,-1.5537684973468013,-1.413019759612642,-1.1003970540433285,-1.6893312363601531,-1.6082494047755707,-1.1906095498413407,-1.1194380564611794,-0.3369070145654932
-6.906042732927504,-6.231578477221326,-6.038814343905879,-4.5752021990212475,-3.765589613535136,-3.0752894035353804,-2.6765251566716417,-2.0747624162365206,-1.4928256453945536,0.5934954713978894,0.7147165178352306,0.7679551208291074,0.9594139680007218,0.9493901387158,0.886643649721123,1.6195274749772908,1.9351788834380386,0.9822591992688177,0.4427711571613223,-0.07054129168591614,-0.27622608492837336,-1.2359990407826535,-0.10817698792258293,-0.7783131531650352,-2.038193558177332,-2.0083488240567866,-1.3484122949119257,-1.8536999681403061,-1.4926928720289974,-2.908263469465197,-1.805594736034803,-0.8950045376830059,-1.6452081504482563,-1.6029599459214792
-6.976307943313818,-6.369110674041383,-6.258721398336018,-5.279319858260884,-3.7801939437836545,-3.8262583613042476,0.567740281395165,-1.367842310203421,0.6059234104258389,0.9164933985858577,0.6762922341379555,-0.6617236255745166,1.400572863323258,0.7804647388997399,1.5793888301960854,1.650313201264767,1.5812785608859108,1.0354773177372292,-0.19851351459065325,-0.21580561435804999,-0.6971116952533768,-1.0523987872592566,-0.6045394017775348,-1.155131284252318,-2.848825891689509,-1.3249431028288252,-0.9460076634914822,-2.9518023223709124,-2.613477391808113,-2.672379253683138,-1.161335207043797,-2.0976250958556397,-1.9034561972372284,-1.1726608483101393
