script/wind10m.json
{"header": {"parameterCategory": 2, "parameterNumber": 3, "lo1": 3.000054539987559, "la1": 64.9999836372058, "dx": 0.5, "dy": 0.25, "nx": 34, "ny": 52, "refTime": "2025-06-27T22:00:00.000Z"}, "data":
[rows 24 to 47 of 52, columns 0 to 33 of 34]
8.762565535899183,8.20848234776906,8.749578303960075,9.577711405034973,9.3527422257867,7.093948131982409,2.097753322412085,8.79104664182365,4.278441149895636,1.3361428577401169,1.3004133884338407,0.7954007832257468,0.8056973711687614,0.4675308376080208,0.7048185165435791,3.2571448631540396,2.543640419907721,1.5300386697032253,1.0341428659389043,0.9913578360984547,0.9875937745860105,2.531825589865775,1.6122495174716562,1.290325650067292,0.39419300785277506,-0.8210955075640091,-1.0074372840970736,-1.418478381723559,-2.1108493592243187,-4.241949457385102,-3.913112913468051,-5.367366282076193,-8.304841717561066,-7.441487292086426
8.476789949843361,8.590525919379663,8.65711706710578,8.823453648722976,9.15581401548803,7.627928589956854,4.260043771156417,3.1629335455370806,2.887574297509502,1.39998419724117,1.3829459363120742,1.1550063122487841,0.5825662253803376,3.949003846053571,3.989983482114311,3.3955694394315343,2.8418852246140376,0.8060174838163415,1.2017274556326654,1.0411503987027697,2.7867665222780333,3.8943157187002826,1.019120930320787,1.1228819967042578,-0.10610115508614922,-0.2055503249729566,-0.48903772373214055,-1.3845495747510181,-2.2816162259170514,-4.38839600568561,-6.231555644711651,-6.361655488433104,-6.194101551308484,-6.631162380925515
8.829337358796884,8.428206614549072,8.454219636126904,8.677120000363661,8.669629849324089,8.04224907581819,3.467217035475155,2.1814957152056937,1.7710252784733511,1.2874447191238838,0.8809928121207757,0.6307344069556357,2.3122073939343557,4.977846193032188,4.464110428237369,3.200668881744666,2.52448677669806,0.6995762020986355,0.8589852378585542,2.6204400233065046,2.1275640001844622,2.4597636499245725,0.29841986012012683,0.3564478976384483,0.25042567140930344,-0.025986393166582113,0.04301141578353568,-0.2520715602574553,-3.3978055845896677,-3.30005497244211,-5.859583712475545,-5.812963264962492,-6.483862340019556,-5.2463969276668125
8.824673211002764,8.255063881410216,8.332547094939466,8.127160800506918,8.36620155497623,7.5377651893526165,6.683357639188717,3.151996102786152,1.7098953184041434,1.3685543427056954,1.1628203913472015,3.503336554383882,4.035654104247613,3.6751846202667586,4.056546341810895,3.3193617006901377,2.2539363435246758,1.262429594788371,1.0633347172782261,1.2196057333458599,2.248926362677547,1.929138471153229,1.5189000594410067,-0.21021004755788245,0.1262185882103516,-0.04538010215969386,-0.66896955245667,-1.2936706093890789,-1.9389654452528298,-4.413961591357615,-4.828895727277954,-4.273845424463209,-4.888557591711905,-6.606227169616909
9.7047030057989,9.197566682820733,8.362017648390845,8.449789041701647,7.6918289542615,7.610203874549489,6.955014583110358,6.1645185238387326,3.2143274199644085,1.9633453209803045,4.166832183897136,4.06410955694711,3.859463686185841,2.832709173824702,3.0060622618868775,2.832766681723484,2.818603701701118,1.0482529211345133,0.7897387228134242,0.8336756567363973,1.2934084051339791,1.1517610873204198,0.6350245498073113,0.5275617452198996,0.36210674846301383,-0.45030812361567263,-0.5396787638315526,-1.0659387095406951,-1.9144501602960111,-3.0629293846580583,-4.329344210052146,-3.987011872016196,-4.258693431752163,-4.580428198566876
10.08130393403479,10.232952818453535,9.19975541275041,8.223651943420482,7.877488971730566,7.600075958927294,7.741800771796848,6.682911691102337,6.013841620301652,5.1831289353572805,4.5547641277492374,4.274280334485873,3.8025955595185224,3.4153939625730585,2.8909892184423747,3.4158930440094815,1.958723681998815,1.1259339205856063,0.5121130879862167,0.5939906884468584,0.9500433648692569,0.9067674712850754,0.667910395354749,0.8057439908194826,0.16263756610624883,-0.09446271314134914,-0.6073958421110907,-0.515487878233771,-0.8190071466670547,-1.6504557156699573,-2.156873597143428,-2.311862724193969,-3.5200722441664105,-4.234075178936768
10.05282951752218,10.253296497938882,10.07046431128338,8.40725266912931,8.102757410927097,7.236777782541564,7.550407569349103,7.244313275099037,6.729426765216954,5.955249373807512,4.835515449196636,4.422954655014273,4.385077984330678,3.8469427606038136,1.656731175271978,1.3843978222214384,1.8933310027591894,1.5386905028060065,0.29190196066621393,0.7282922507570256,0.7375824844103691,0.6691633029628815,0.5700782347102775,0.259472978876486,0.46312506197691383,0.08029478527550198,-0.4011021644239027,-0.4515760667894881,-0.15683147816663506,0.1124605067460997,-0.8338082505022272,-0.8613058816599555,-1.3779204289311324,-1.2892715453172336
10.034921376340675,10.09668466055931,9.875731941718236,8.820230367008273,8.198648567785812,8.164940299665462,7.625905750594087,7.460249948596515,6.801312539239739,6.134019996892778,5.251509690691958,4.978201483147296,4.596834245605134,3.5768495683129014,1.7437770851823347,1.2404805652687347,0.9692068283487895,1.4778031833292165,-0.06963372185003636,0.7108037044558766,0.6388456528011105,0.37599611040049863,0.1959931558087054,0.0897304511542911,0.14609365537949046,-0.22205311992409632,-0.4024757957415576,-0.3504091802748542,0.05058647140127732,0.9460906134508971,0.3907553235951011,-0.6307383849024832,-0.4367322749913616,-0.5794518172754849
10.092180695059172,10.401918864786587,10.013175968957512,9.133426363603284,9.030554273391822,8.383003773325632,7.947486984933341,7.57564378584827,6.916877048711074,6.236244037018176,5.2868861323046765,1.9452567971653199,3.547150989854758,2.539072592025207,1.8698314836136638,3.1453980349428656,2.923212566551824,2.4874409405813105,1.11549572271042,0.16459344536981352,0.5147198154035458,0.1707518968061969,0.08796038329021139,-0.1380763421812777,-0.2429314854748571,-0.008278273680953534,-0.2749931032715831,-0.06114879752515113,-0.5110991592994504,-0.22293937058320437,-1.2491590462651603,-1.4557053335247312,-0.7260163769172278,-0.4383804879116049
9.336944775928556,10.45617827620944,10.216793500125842,9.796929115035052,9.013900214573436,8.421845471081562,7.21495824483665,7.129658510611,7.434990244004365,6.46990862230612,6.008214270585574,3.709223699706954,2.6460807097969017,2.266272622330402,2.195235642701079,3.1415717215792522,3.2897501278957177,2.0591148592198487,1.3179524002133736,-0.41996114069452767,0.13001943183766101,0.20836197363266568,-0.06361892580907962,-0.23727650732095643,-0.42362517139532546,-0.13499576597095778,0.08086376228299742,0.06738453261286614,-0.7489651335676055,-1.3893986208541873,-1.6129023736563706,-1.1586691964982672,-1.30258302219033,-1.4348663912899948
8.535214069776282,9.747546786200415,10.01210702839105,9.25851389588556,8.916896992267471,8.281889371675547,8.059274993540107,7.4319618220388275,6.867025990413218,6.494631221296641,6.968593072468117,2.9971530925982033,2.4877939374813147,2.3570038025106097,2.1744192225439303,2.303208916416994,3.209035317203621,3.1575881104578514,2.0611817883840957,1.5810822753562908,-0.10208457393616738,-0.6211499306699483,-0.2824725362624208,-0.25390007746412846,-0.5668068857005661,0.11209667612596842,0.11152234026659481,-0.036302488703414154,-0.5045863208066643,-1.3245883513883858,-0.5958860879148248,-0.9059484931093734,-1.6881592829506133,-2.4253437109256777
9.074884689387748,9.345190222434823,9.435631791031518,8.709823881563647,8.21445718829222,7.7831086123797375,7.7540524724712,7.669459721638466,6.800076422861876,6.631881983883455,7.126166099311365,2.5797115520499885,2.7477779330159455,2.3017318591477833,1.8296278282209248,2.099214555097748,2.9528040721374307,2.743114840514486,1.8415782214697811,1.2086258669395158,0.6141586654631155,0.04340542103825179,-0.3197429024077814,-0.34797776530131336,0.32787330315075236,0.2095887014878427,0.49905037522705975,-0.15449552632604716,-1.040236476631644,-1.8870480196559096,-1.2245813395495069,-1.6931516487790215,-2.0006822024778863,-2.237610789099548
9.777274850002636,9.486415537329897,9.235710356689477,8.984443689428973,8.496807420359813,7.361532902004167,7.723650703908924,8.018810813973879,6.726855352451169,6.428995614618928,6.666465272127088,3.302420031225364,2.5148431101772775,1.7936461247177435,1.970732559282402,3.635233845107551,3.281895656609445,2.7487404505396524,1.1738328908910962,0.36116711033186455,0.47495958715768766,0.15865038502592324,-0.04658418029258756,0.4640016753895463,1.8861065605477807,1.9881329069375113,0.7311531519099391,-0.032560574056411454,-1.6025745879139137,-2.2586607716863822,-1.9692027911862564,-1.8996953945558777,-1.824324799966567,-2.604482520734977
9.422268910542911,9.403426316505104,9.359707755804795,8.42941444859889,7.608356627932015,7.2268620228161025,7.903876710609653,7.789528671458115,7.295944525338057,6.193908301676464,6.792637168775369,2.809970961945072,2.6386745733865444,1.8130895661468684,2.299082767627814,4.0056861245183075,3.1329819186796795,1.368277005169807,1.3436979711131016,0.732616881554249,0.28061951048947037,-0.06277439657599054,-0.022850172587025944,0.5372820229034666,1.261050662187467,0.578919261325764,-0.046382965941471725,-0.7843670600516586,-2.5353823985003885,-2.867895677411728,-2.5061025854816537,-2.3943871739618547,-2.5108249689154127,-2.5475203916594116
8.979485342158831,8.757579051012788,9.384050275958874,9.394780537786732,8.613289501298636,7.740410862996636,7.979101503044179,7.848180952331004,7.380730430207852,7.345529947422599,6.799285946701236,3.293106200610876,2.639571455391202,2.236478402683715,2.1709630098260893,2.782875146068175,2.3134639716551697,0.940121541432874,1.0767361322150444,1.6717315124453358,0.8130520234148735,-0.11611882781463737,-0.017909570795564413,1.1172080406781733,1.6230323452526225,1.056156741227546,-0.28208669016926,-2.1704433922676625,-2.8674052043588194,-3.492641548642279,-2.894745870422106,-2.4814470358207052,-2.8412504289808744,-2.5394727116551
9.022222649860337,9.355777767126172,9.201043638735795,9.220863365664716,8.80645575561177,8.388274844243272,8.459583426586203,7.522551827240318,7.396536171450737,7.194213297042726,6.041406309008843,4.529647001181019,1.8230786870521274,2.1282581794260405,2.004323382953929,1.9300822918080154,2.6711776788842974,0.845460490272563,0.9325634417496167,1.9769491478821772,1.6427774270407864,0.5951261163517123,-0.18897337841749368,0.22237725680202833,0.39772506639453953,-0.1543084198149973,-0.7011706070244679,-1.5608384489734146,-3.0728779523025884,-2.0041772810862684,-2.6178090382813304,-1.7312359518339262,-2.3682048006724914,-3.2324926271016734
8.75295316367955,8.914664588747751,8.94186903114076,9.152504527399595,9.236132894540637,8.133316015303802,7.784989098765207,7.197313790222789,6.86511562246207,7.056861581970874,5.630108805800527,4.248602731161093,2.0083144465425233,2.534085657146483,2.390866328866871,1.7235995931198065,1.9687508044136863,1.8066041443130205,0.48516463173891955,1.187213728653955,0.7635595752929707,-0.03631081797784666,-0.42997290606844146,-1.1183415565156112,-1.2056933723084953,0.09636890533568125,-0.42217378023672203,-1.5583276056423603,-1.7012333472188998,-1.517264606825906,-1.3927750094318507,-2.595215217170166,-2.8305017952083253,-3.0452665680122717
8.78567840880405,8.84905686169793,9.069564296201445,9.10327713688594,8.894104877669799,8.530577538091027,7.923376414154057,7.105007087211308,6.946023684603033,6.33778106134029,5.5071778779305545,2.866023710011353,1.608297240684389,2.533157913285076,3.7352020632965677,3.2136548752805756,2.2892717453853297,1.3812142896222566,1.0700227930437307,1.2232121651953891,1.4289697406267814,0.7075957798323365,-0.542827377188017,-1.1395570411792482,-1.6599568715799846,-1.6283515462425058,-2.280817191620401,-1.7788716756527332,-1.9677593048374031,-2.074231400309632,-1.5331313546928804,-3.430654019080598,-3.979491397863967,-3.2590531578432578
8.080401374543026,8.667332308826564,8.765584784225782,9.004481237754705,8.436114974154078,8.179280446450711,8.03310866436379,7.507207946566193,7.181314206284876,5.888573479803547,5.2981987257048555,4.444629708817691,1.713159726282639,2.4247423224202134,3.6708569384016565,2.9037470608135383,1.832142981159984,2.210722945425279,1.0949346562716122,0.8129457827789383,-0.7802197545515691,-0.2842191773011438,-1.011449119029964,-2.202657179192559,-2.4120837752862934,-2.6624453063627507,-3.365087072286213,-2.327939380733604,-1.6569315888776603,-0.30287154212901374,-0.643043321723551,-0.9949110562027759,0.7876165872495251,0.3963124307055509
8.511867901293929,8.589656378692933,8.587369513215258,8.464818408904303,8.377481462480251,8.08243632298515,8.019473251578242,7.545517527571986,6.409909682567862,5.772653452090343,4.864305865092724,3.733754690298752,1.9283486558115601,2.039697209345886,1.6450782351590119,1.4210423500042217,1.6802661369248109,1.6912834863452464,0.6274053975388597,-0.24475698998843323,-0.22945602842700033,-0.9386589362727474,-1.110551271921443,-1.6110875146964327,-2.6163507267730677,-4.213795174043106,-3.6940804851452436,-2.02800084378316,-0.9542842359934534,-0.649393942012874,-0.3651170447561979,0.038624142785518505,0.9454920733512038,-0.02373559691224843
8.957394571952783,8.620111103696036,8.110408239281558,8.569600419689458,8.652210184110015,8.155299301487878,7.638315144882452,6.891248919893212,6.5543050086391865,5.6744900316925895,4.958528976055495,3.4588748790608914,1.7705822469048682,1.108282391449934,1.3572659417668693,1.8233029450378744,2.183871540958961,1.5713710279248658,1.1831868807866324,1.0146941929320856,0.6724824376461626,-0.4980669476051634,-1.7274939425453488,-1.9215670153102726,-1.0480095837791286,-0.9201552388583303,-0.6212028957622477,-0.7106383196771824,-1.1658785461838905,-0.4299320929701582,-0.2687827479242934,0.5460912539661791,0.8994819464003423,1.1312059097246772
8.401424511590319,8.478849653255214,7.686976799147383,7.94062112396341,8.580095598195902,7.495267581825493,7.052998723049282,7.0632081583630795,6.659653570369113,4.245726883208318,3.75645904307767,2.612289408696812,0.9113450985077716,1.5006339859789073,1.6388869895855944,2.0601195854798453,1.9870124170909507,1.3222703142774828,1.2752311546069546,0.904880512753843,0.4875267610006309,0.4182468703244352,-0.5093505509329468,-4.641588563004941,-1.023649460942928,-0.5230061761678768,-0.1921942418522681,-0.6086052303815647,-0.3671511609346782,-0.5288011302553021,0.1698052784943225,0.2694782157715833,0.11928143574110847,0.47535897289690876
8.075290797220669,7.891979882428277,7.524882827646984,7.354399320781373,8.334745964863368,7.670153588484474,6.403890367923961,6.1989364420812345,5.831643032643781,2.573784983451003,2.3043393099309513,2.442617410213036,1.757997361468136,1.7626414878459256,2.3770506516431524,1.8123336469887543,1.709126690291846,1.152433827366267,1.2184112992272056,0.14624536543288538,-0.08983651850629452,-0.4220975569069812,-0.18237799072697633,-0.4895584928201101,-0.8320922489997249,-0.16694150653011094,-0.30627413597810677,-0.5552022760966228,-0.5136078525903959,-0.04737420795918949,0.1401857651971585,0.6333148969691409,0.24135275984092283,0.5381575996564045
8.549356311493932,8.06312557707773,7.829787382999002,7.722100569680489,6.9724117682335205,5.18996301691527,3.3553553244128977,3.1973263272807215,2.826396446880089,2.3521825861928747,2.019636657616266,3.04124759927233,2.6779095119686915,2.623769447709934,1.8724711457713554,1.7466613836459448,1.0969870875963446,1.0142916379249807,0.4230913859755756,0.4658966632061214,-0.0918580614549715,-0.0768754549105456,-0.26434651745825744,-0.1944587403260595,0.022952195751802726,-0.07584979454398556,-0.07820081259052435,0.15881317685238425,0.20699945080375437,0.5813669100736369,0.6219240194720485,0.6953274645786992,0.4482718699380342,0.33088678824541634
