script/wind250m.json
{"header": {"parameterCategory": 2, "parameterNumber": 3, "lo1": 6.000198445256149, "la1": 58.999992894266676, "dx": 0.5, "dy": 0.25, "nx": 22, "ny": 24, "refTime": "2024-01-26T20:00:00.000Z"}, "data":
[rows 0 to 23 of 24, columns 0 to 21 of 22]
-8.348388732338954,-7.29516721033773,-8.909829532159646,-2.475398776872168,-6.1071618184164675,-4.17773254294787,-9.327862286635062,-5.031421307467536,-8.378288914961859,-5.3521147225195715,-10.301754852042414,-7.243232392063769,-3.742136200668439,-12.232110567611771,-5.403946490756335,-12.250505745145462,-10.535074660440777,-8.57536963613987,-9.823409377989726,-8.561443954042273,-8.02280237702178,-11.658471872908613
-7.403562708739417,-6.642747828928359,-6.3433287791115935,-12.447158928035048,-3.664917516206334,-4.477473591044194,-5.0540473548975475,-4.939255884844525,-8.982261110806913,-5.654169217475694,-7.003772829862488,-3.694983404337603,-5.312021059013774,-8.372263984968809,-11.216241073337951,-6.271175974210166,-5.252826944036799,-10.045563290178185,-10.571701446056299,-7.431256866254649,-5.526679102625704,5.977793166902158
-6.0981869937621695,-7.74056678330996,-7.866305554532914,-11.315345936465716,-8.360166118919162,-12.148226971312862,-11.156199853053893,-7.824554556401849,-8.127323430419334,-6.488106151700699,-6.44450952648057,-3.4752675267609114,0.08033661051944539,-5.521006405823932,-7.0314163367579186,5.45604457420683,-5.035389426699188,-6.233224403915032,-4.982847634948765,-6.011414976910086,-11.473252739870095,-11.338088984181795
-10.027451853815743,-3.340594700748283,-13.461404870338512,-9.960066116375007,-5.830772445264435,-7.61263235543941,-3.229564109690549,-7.163215279737479,-9.591794969883807,-5.4951017272767135,-11.085876542178468,-10.136324356530936,4.989793546666166,-3.1043855134649863,-3.5977808878163517,-5.421166876112565,-11.24993260434007,-8.019441642264207,-6.6075369130197705,-7.522612692488183,-3.2420901136357774,-4.013519946897263
-12.082079047737619,-9.854184008816206,0.14108626854673081,-7.479899937499074,-12.366978379768472,-9.913406889732167,-6.088086632897534,-2.741854216380201,-7.318738975576309,-6.886173642561896,-10.83602352528854,-7.747196901138878,-2.4644277439347144,4.255382789093697,2.7727538160434158,-9.306101919872294,-5.645093216923493,-5.012061831623366,-5.526249756546682,-11.259507401269111,-3.6429377920870474,-4.876293679152738
-9.412463297555265,-10.068337951871696,3.726411861610859,-9.98264862085613,-6.941723458167186,-6.010522831783779,-5.259719279774023,-2.402820065267206,-7.5829385608720665,-9.525828824013137,-9.307905810645073,-7.665677349214799,-7.3640023385735365,-10.21495404388261,-9.940966177855282,-13.197183829454172,-8.397052505422185,-6.690026790620619,-7.862667907155916,6.441373120160541,-10.256536833534831,3.238330505297779
-7.793019193884541,-6.41640357147587,-8.616928401089002,-8.758615443352877,-7.675551048052584,7.308782146017321,-5.169799733591087,-7.923041234088982,-9.85143408263828,-6.74875849574413,-4.236929009830339,-13.092853756710278,-6.288893561690132,-10.15029778912421,-6.513002573088266,-8.194999530384214,1.5821073462403703,-4.47153598360179,-11.994266234941385,-6.006359966875537,-10.643867389710254,-8.029511946984053
-11.743031302419825,-10.946711510218499,-12.463572274000482,-7.086277797692223,-12.666218268900066,-6.196095693239715,5.56541106511735,-4.678804424368117,-4.621921411621402,-13.335863277667798,-5.953013654908489,-4.572164719821706,-10.989684222780502,-6.655397396605643,-6.014361133254395,-8.952766503731397,-9.832942737281883,-5.875750058479545,-0.32262057582671794,-3.6185389036496516,-3.5268131393992075,-6.579463864284776
-6.735189963515436,-5.6655511921212955,-10.398786807385672,-10.878483840030698,1.291034479925889,-8.219726159040091,-4.664532121575164,-9.503886751667498,-4.388952418124543,-6.703063280643656,-10.172492624737217,-7.723752610673863,-5.511308609627055,-8.099114817212577,-13.168249326516676,-6.272952914094756,-4.892476865671562,-7.998190016885731,-4.3162911785264635,-5.7079499276174355,-7.028827471033336,-5.746927761174577
-11.53268061485451,-10.700242119880123,-6.6689713340031105,-6.685481845947955,-3.582971487970239,-9.788736867062063,-7.001569786842634,-8.291527987470422,-11.775066070930404,-9.865934545379723,-5.569806507150032,-5.473027298752225,-10.974167070329594,-3.265137877606486,-7.904103844768076,-8.065065697797476,-6.296226517168892,-8.919131718369139,-11.633483306520185,-6.658552261550535,-12.882832399892235,-3.5035380357008727
-7.391312877609038,-7.430438083036885,-7.573838745443371,-9.873034767470902,-13.645687676160646,-11.381323417013524,-11.162781582926698,-12.898730429597762,-7.519343902566629,1.8290407894363123,-6.721818846343397,-3.683286580933658,-3.0583564703515833,-6.383305799097878,-6.159570317906783,0.13437910658517427,-8.469128416888966,-10.96254472290916,-7.738115304504463,-9.093263011319271,-7.248861511331072,-5.516185903997356
-9.706593313895992,-6.321932098644928,-3.2428073410079685,-10.56369795447267,8.262362382744298,-8.790251771670052,-8.763516919552062,-12.731800843807296,-3.2717541736873987,-10.060420307653192,-3.663302891580669,-11.265186946215685,-9.505535251236088,-6.288462623076453,-9.989857923359171,-12.11604758907013,-6.5723208596390945,-7.465839708662225,-10.345839545239972,-3.4740585558465713,-6.61170903451293,-3.509644392583616
1.3173259501794157,-13.187822766483523,-10.27547127839951,-4.22854062962766,-7.395185053872853,-2.0090218516543,-4.633209752094684,-5.3729214998013095,-7.2161326216812265,-7.680323804425118,-5.1598416638929985,-6.725082486474258,-5.697493743595922,-9.382905568541277,-6.931123270258489,-5.055551034081368,-8.761351764817775,-6.844427511608249,-9.959085416866229,-7.474696749210797,-13.448833654365622,-12.045513042959566
-7.8535106822754335,-3.434265576280951,-7.23676087863616,-8.912717748245056,-5.386882973154494,-3.5740753609702187,-5.709380147676906,-6.108147378642282,-13.859407103581516,-6.395940015811015,1.6364400671036,1.8811641752352892,-7.293403326207502,-8.656488834939381,-9.458883517198704,7.367896335567337,-4.848687563876486,-10.431344664109515,-6.651404197030628,-6.673784528227179,-2.4675254620806624,-13.196935812078195
-11.443997169255328,-11.68464581650743,-5.822106044562453,-6.953811708512163,-11.019203663720486,-5.640150420128303,-7.97169675361141,-6.590266662661058,-11.808395682315226,-12.059228113273612,-8.928408404221326,-8.24784800690047,-3.973744256749116,-5.557583380890937,-4.754298762736942,-12.276614721421367,-8.923042410988904,4.701958136734641,-12.632892277135559,-6.060869787105729,-6.641065162887045,-10.370792543149415
-9.108556153755304,-5.6154580867721915,-5.505448152133003,-9.28795938007023,-10.338379810034287,-10.64215631908068,-10.694238370253558,-6.888336416072435,-1.858672480306993,-3.5890718113884095,-7.846724709395173,-10.418773270046229,-1.4958938183371022,-3.47102760883902,-3.0470400550879946,-10.395742316367986,-10.370496695285835,-9.465112509890224,-12.046404620310138,-5.123925129539517,-8.252925361910018,10.840207625660826
-5.479448519623106,-11.22710764102673,-4.460781953044869,-4.866706912559192,-11.223382172117264,-8.063794309186184,-5.29879298138352,-7.067008040534267,-10.816362830601479,-3.8200037613462046,-7.238848415278524,-6.812126812341096,-7.541019067900216,-10.351869069405527,-12.327174593728532,-6.076770890700553,-9.857791811274591,1.0449633402111471,-2.8148590097517294,-6.428809228155568,-8.10103855931207,-2.740833078541908
-7.384344994661618,-12.08768494555954,-5.644958043670069,-9.477963813576121,-6.793283524196036,4.414712735953262,-10.315446807507355,-9.085985364180221,-8.26164280422928,-6.8146527656270095,-7.0498394275702125,4.281132250702709,-4.242067490510496,-8.046176532749339,-9.9236899878699,-9.566957301524416,-8.873747299285714,-7.309991636898042,-8.665029879378485,-7.566176699759267,-8.97447591127767,-9.23460177577714
-11.8390263954374,-8.050968133379042,-9.314956009566536,-10.62640109827473,-5.745117627249461,-10.30921572060898,-6.450892471850431,-10.28676275184915,-6.443245746444175,-11.794395532535491,-6.001134369497888,-5.336121873320868,1.6654937929326272,-6.819375152125756,-9.998510960696054,-6.747456635511052,-6.259183709471416,-6.177719977204713,-2.1977631838621883,-5.172844453059353,-6.432473279984032,-4.986077211143344
-8.117421957470507,-6.935274134951094,-10.68729437197786,-9.01678889935999,-6.1286931425667746,-8.48139431147133,-6.169381257173384,-5.842103927658759,-10.202768384323175,-7.1439190992623285,-10.752963557617477,-5.778726577362841,-11.465278662068314,-10.673718096879375,-8.383143050228599,-10.489059328370805,-10.715219256959749,-8.733830010931642,7.194331688100245,-8.961931998674384,-5.103810009418132,-7.661985770156019
-10.160929927588189,-11.948008719265003,-9.50535586611775,-4.600798072653189,-11.721781338840035,-6.360569565628529,-10.62221078190276,-6.316763577921117,-4.237337054857782,-7.737267931102702,-11.5589357899359,1.3289085084629628,-7.181377129599866,-5.765241962571708,-8.431236520049346,-7.778444056960494,-8.155061160950384,6.05552116946505,-5.807512262770622,-12.613259545360636,-13.153186852782355,-2.186331061336842
-5.478907238954436,-13.891193815918475,-10.964717710085402,-11.2634582323666,-7.7263612585685575,-11.841997593742265,-2.102628547498004,-11.26433250863676,-6.220096013573552,-6.363243849963781,-7.147983904998588,-8.02141296741252,-7.076407950035614,-10.986160786424513,-9.587263601552609,-6.081771279254485,-6.193451854420824,-6.091388726576965,-6.116101128486573,-7.2686325257534135,-10.409524973577447,3.463806130823658
-10.832089231750325,-11.435519962348492,-12.56273538042341,-12.106836223802377,-8.098260332153668,-7.232308447627913,-9.167411147386716,-5.436246325501865,-11.48457887518314,-8.129714132735021,-11.476050357836291,-9.995573417179006,-4.945644320308091,-11.350360948697219,-6.710458714008042,-6.371973364765845,-6.398249348367451,-11.967524669781929,-4.810290659310482,-6.408322197439996,-6.967403894783573,-3.86371097961913
-5.740294882908877,-5.06656944918568,-10.036013955324943,5.149172041598595,-5.792214733582489,-5.747762785343135,-5.172554548745272,-4.728569515064728,-11.097437478687157,8.98172117274706,-10.980429751584015,-5.433367624575421,-9.320592009160757,6.814111483288644,-12.161975387788313,-6.273117659994568,-10.893643863422525,-6.858606689586953,-9.363168053231126,-6.44880152222122,-3.981825985291427,-3.9585712999135203
