script/wind50m.json
{"header": {"parameterCategory": 2, "parameterNumber": 2, "lo1": 6.000198445256149, "la1": 58.999992894266676, "dx": 0.5, "dy": 0.25, "nx": 22, "ny": 24, "refTime": "2024-02-08T09:00:00.000Z"}, "data":
[rows 0 to 23 of 24, columns 0 to 21 of 22]
1.2579268753030024,4.474870830698819,2.689942495835192,1.8035592084001035,2.192964141556475,2.865956233168337,10.951268604752435,10.176732788826422,2.437096170057796,5.048172396254024,6.57941452686672,4.1905237816647505,1.9846464545888887,3.8296386786630245,-2.516728548997881,-0.206920464963065,1.8497128797766869,-0.0546381002991163,4.965873818547735,-4.050617297998523,-6.0430367516444035,-1.3287298990558736
1.6108397758820898,3.146210888451347,2.519685033002952,1.2720996854475517,2.047128271688824,1.734526597898917,2.8429080105683866,3.596301274358453,10.027924964865479,8.407912384212466,5.069524007108991,8.176181376473941,-4.6083029780031595,1.6281222467029257,-2.924352791020823,3.539985474390924,3.3727138306312257,3.344578426696707,-2.9471566585337157,-2.525823215067564,-1.4074124013702272,-4.492366894438478
1.9433388716887665,3.358578491201591,2.542582257103786,-0.9366214830213727,-0.7198218274529339,7.564218924494796,-0.8497381082462321,10.855292974583843,2.5560159508791136,4.142477219812376,4.164744187011174,4.037169465031853,6.585258950259602,7.602956810804092,-4.089361127307602,-2.221942457677996,4.939599751736816,-2.918785837841904,-1.6035028190954268,-4.126935168267418,-3.689249343582807,-3.043853081993272
1.8311090617861114,2.9169410212508176,3.09331190493525,-1.7277457673475285,10.9201933809205,10.386787840606706,6.542035542681591,11.087733218373202,10.23483438705246,9.537202694182069,9.247386745404398,6.927064508019859,4.675482554935474,1.8298659168310034,4.6579550050496605,-1.189235340639979,6.126906351695932,-2.0609748357382554,-2.7745309196583254,-4.378542172891043,3.488359314930974,-1.140437084154497
1.0440441273263696,2.4925216728231665,2.7319586219935337,3.283724505320338,8.212885340058952,6.844863298078445,4.545620649493336,2.1119910175008654,2.8334034114750972,5.74465873258093,6.1394934476649405,5.180797221205624,8.685111018957894,-8.840932852923018,1.411957426603526,-1.7612609367840772,5.503965981979696,-2.186355186950673,-0.5970919845096645,-3.1180297984304337,-2.179331077191688,-4.131004471610193
1.3517691411910286,1.8506552284523727,2.551938271817526,9.650498034718755,3.5068873528132167,1.1001603890260805,-0.2584689669147277,10.223606262676311,11.030899213723947,7.6107074561165815,8.353518148843426,2.9285414678887935,-0.45378339077092966,7.062040052992316,4.200101684890156,-0.22042662280062073,-1.012250424473765,-1.3067502820501242,-2.0939594174662326,-0.35121884173759826,-3.234181873171807,-1.9271748825300976
1.486351220788074,3.492764411148122,2.346755482943988,5.5685798203097745,2.256636458648078,9.109057437723969,11.465537040195233,4.947944347063704,3.3169474620772856,2.9411993582125975,9.469973100841887,4.7305715341559065,3.5195606702808413,4.806279207770709,3.311199808618222,-0.42762346330958256,-2.2546306619684,0.26488443118226757,-1.335565836305388,-5.956222464155027,-1.5892320141009142,-1.2040038464173097
1.349266551594545,3.1004964830981536,2.4431108687396863,3.7375327718553204,1.8252620764238359,9.118100669991346,4.221886066753361,1.9605655296672948,10.804786747473393,6.8648481994254755,4.193516996615663,4.202064891896851,6.609517646375385,4.187889477668279,2.7498566070038413,-2.8679710183259393,-2.1307186410960686,6.591012199236931,-1.9884261035597641,-2.131827017412725,-2.316596447102022,-0.827517922890597
1.215536023311696,2.6772741252974357,2.474287342344075,3.2688712112409632,4.886480759535096,5.424865862756107,-0.5080833713432873,11.812291333977084,3.611118491776469,8.785727918599154,8.434526851862826,5.706754033587181,8.733645253004472,4.105305957990624,5.878100647600479,-1.5292923396850693,-3.533169762679319,4.591097485970949,-2.7967821518063047,-2.686460711646782,-7.129190684861835,-1.1296680936329702
1.9180213643311075,1.0223251951435877,2.1614435685505944,2.6244529898045093,11.029518630409035,1.6474602418657378,11.329464624439764,3.8216087004997825,11.485083837104623,6.120482368547229,5.653736851247646,2.766320109305173,2.279867050935076,7.477086868966209,0.008255379490395936,-1.679668369694156,-2.085680871297819,-2.162609256864152,5.959522179786831,-4.116453258742767,-2.017991053853588,-1.1577014107861574
1.354245002204443,1.6752535284995702,2.426857960220649,1.5973549354037673,4.724564167830981,11.154498694886872,2.767995242205763,10.937976034873667,3.4545709651892436,9.395267928555862,5.156562174012818,4.3985133039055295,-5.175335373217475,1.655376433626548,-0.267948581740821,-0.04922937041627595,0.20418839821677048,-2.1601500430232687,-2.853417764859376,4.737010499908633,-4.319049325720539,-4.652476917632143
1.7494734695240237,1.7502770302072346,0.9641675515003216,1.505231442600407,2.117273366013517,6.983272288471197,-1.2883280007378113,5.81005706648727,11.429756261568823,6.1615710359921385,9.199414009364153,6.10646377938288,6.9737686464838005,-9.014337968442597,-1.3523392570007562,-0.7475552758381947,1.9162229081013964,-1.8627368740970702,-2.0901494531676605,-1.9476184496896085,-3.1579300858946984,-1.5599416195949574
1.4646897297149304,1.4277728293706338,1.8404932942935017,-0.5029188061895784,2.60046958206479,2.2659392537584506,10.147274907523729,-0.16719361345511474,4.103326333477449,10.704641685457267,5.467789855839854,2.6303901427174248,6.123347192202847,7.4115164753300204,-1.6437739063532175,3.7721229297296213,4.079652061368634,0.5234549161156308,-2.091054607030752,-4.658907061755684,-3.112156820103794,-4.901570271527373
1.222507101238833,2.0983827494397245,1.1198386358074124,-2.0947421262385357,-0.7997487291385161,0.6933022845775824,4.089089846065566,7.166919330790513,11.328159786384296,5.798366253276631,5.338057289425008,4.295341158603377,4.495983566870883,6.827505176645778,-3.102883251633418,-1.796209178409735,1.0396554181583255,0.36201596893152294,1.349970507638096,-4.367310768968709,-6.175945936541821,-2.1235185923938276
1.5449226186431788,1.8719379646219485,1.2393700665652834,9.234613139674376,10.709064735908575,11.337989302710398,-2.184639716249215,2.3182102697338975,3.46230320891616,7.743600047244119,8.700365275843053,4.56961056206227,-1.9175409623478135,5.469793497650011,-3.0890410254075036,-0.08897771031330869,3.349470620323563,-3.7268234408989462,-1.3584784792447062,-3.015774705521493,-1.7183052353091015,-3.237672183862342
1.2885861634680462,2.249373122589403,0.6288243233484191,4.738131446389757,5.147582199251372,6.454586716260058,6.966856052563887,11.957427931105078,12.340478968993704,3.1400653980240025,7.8036323105279415,8.262659811657036,4.8877063688472,4.22634351577501,-2.9337495510352825,2.638665121849718,5.08653859032184,-2.8354318757024624,-1.7430885869830883,-4.299370382714384,-4.564126941070663,-5.608704445000433
1.3348851664578103,1.461719222099784,0.7635925496916635,3.3853024562541347,2.2333780234472833,1.1027324633034015,2.8833286304819405,2.969009241244461,4.211362156764997,5.069364236707375,6.888072696803901,2.8891903189100185,3.798872417122182,5.576772908264968,-4.26579769823478,5.116165720040072,-2.894828935344624,-0.7150464681950468,-2.0566237965563055,4.891583150095168,-2.9394913154363502,-2.67413622574533
1.196057893416369,1.7735025988027826,0.06278809595130867,2.904870265647038,2.0818218676933915,12.019833779745197,1.0084430905977073,11.849939747126443,12.01141459646752,10.974735806700894,3.8231258173040574,4.242969372764642,4.42135388820436,7.695383266427153,-4.151848289680221,2.8560177829784648,5.901882718704707,0.0038566689851605267,-1.8372871000604978,-2.9524099885090735,-3.315348106466355,-3.9297036349062147
1.5648159614981791,1.1154401970155188,3.658783189872208,2.20549582071934,4.759745218308848,6.856812112080411,6.415398167886957,3.765184176288645,3.6401432963715927,5.448475357053168,7.253454999067978,5.777757704812876,5.66938029297956,-0.9873859483637161,8.019861923627207,4.043271475391766,-3.1491794108064184,1.1650691978737537,-1.5539843860328593,-4.489514616989772,-3.1889676595648595,-1.418069595009608
2.055866107478922,2.5621701643467216,3.223858372825999,1.4626841129846757,10.783250677771685,2.267192781363365,3.1087134908588685,2.5351685005212037,11.450834269151521,8.418885656009255,6.315695358008417,2.274831436549679,1.894529247406753,-7.198205557019151,7.418492825531463,4.791152235178058,-2.210352709029066,5.450264208455094,-1.3899886897759628,-3.5267119898687165,-2.2546770302498347,-5.100796688036099
1.3084718622797304,2.0703926327164757,4.237930669923275,-1.1536393904909332,4.113886228496495,2.198281572665875,-1.293887723269283,12.423987187095507,4.27877167513562,2.7081846421107993,3.5108974670225552,4.804670124499835,5.8132126396361965,6.754696670676146,4.054834323082005,3.9826143521262054,-1.3233577947313113,-1.1506810496028077,-1.763166287667178,-1.7790930419185873,-5.193839065192731,-1.0458553336349838
1.9149458084194388,1.5594108211159046,4.807812026998437,-1.667213939503172,1.2140143693808225,10.99460300090479,7.591832952762809,3.6250311214573734,10.398495872411319,7.914767644491022,5.191589577083234,2.585604986119486,4.695142637104701,7.238216729577001,4.446554208234623,4.5300890164992,1.9085905752361387,-2.280249757987589,-1.0576626210778601,-2.2454391831327145,2.915260539218285,-5.140676065949869
1.2261837580877593,1.7553151020149051,2.135628364320536,5.055071642593509,-0.5539699299743974,7.458056298074208,3.1967936543001003,11.298812937607961,3.943164988606284,2.733821578733002,8.012866363978082,6.250202211533605,5.5705933813923805,4.677779674974868,4.19146855091196,5.377814791108594,1.988339836337915,-2.687148567553357,-1.5072965714909068,-5.099223976932735,-2.240574877348112,-3.0507534404888275
1.7926840930911505,2.0283898800285205,2.1233875492330543,4.08135708532012,8.866257616090662,4.199357729674698,10.581317511769257,4.90299958297893,11.287132760015215,5.105102920579631,9.27610189253602,2.820831987535483,6.036651962612094,5.882493241996355,3.70679058817953,8.298542165200212,1.948351190321297,0.11148602126493727,-1.1171244068543882,-2.567774453940809,-4.132837216768031,-1.7615171976295716
