script/wind450m.json
{"header": {"parameterCategory": 2, "parameterNumber": 3, "lo1": 3.000054539987559, "la1": 64.9999836372058, "dx": 0.5, "dy": 0.25, "nx": 34, "ny": 52, "refTime": "2026-02-07T14:00:00.000Z"}, "data":
[rows 24 to 47 of 52, columns 0 to 33 of 34]
11.564368377845708,10.967068237147272,7.2428606429158995,4.718355532145836,3.448758645260138,4.4815417214911495,2.0401758459852317,16.946428279359974,4.1882650701918225,-2.0841846667184676,-1.484962882452687,-3.3281403972537826,-6.101436848490487,-2.836795699372353,-4.93488438285352,-6.684382691066622,-3.556449612340726,-1.2435570073309705,-0.895825329318005,-2.870622121055354,-4.1281113659198665,-3.765953256617769,-3.6544485505087083,-4.0246341379092145,-4.6344385729201605,-4.809978213094421,-4.868285330735223,-5.797970633498034,-6.008308419535463,-7.281802653030565,-7.023522378979536,-8.633341993474925,-8.305745718120773,-7.857938861846688
12.603393478081939,11.97075920036072,11.200267617849933,9.132011566247352,6.2590889656908715,3.948748481358083,7.623949380127279,3.323517425777742,3.025615934682331,-3.6614703149575174,-1.277983265444871,-5.935555902319373,-6.212827331633479,-7.392866794394744,-6.667114513285967,-5.419243605654106,-3.44601676733289,-1.6292277390894045,-2.0301197923788137,-3.969146772000543,0.3382905280314986,-2.141251741146404,-2.9097046553399597,-3.6438517505159664,-4.239758883699873,-4.654104340992658,-4.601023340121815,-5.085319501188472,-5.816142953461581,-6.4393281179040995,-8.071017141487795,-8.25531550460058,-7.99228477632204,-7.939161942085468
12.425876643421004,12.367505224539181,12.298060279949087,10.986518624820679,8.908566003702658,6.329614668998898,2.6544215164447227,1.415088166328398,-1.0629404174507238,-4.24438090170711,-4.218200671030873,-5.699723657820595,-9.309490637457857,-5.902013713854276,-4.554358064835628,-3.1377281424809738,-2.2008348843863947,-1.551625405995783,-3.6256066769369757,-2.146110249792159,-1.5462891165070807,-1.6497032185629785,-1.793675470691994,-3.48941623267722,-3.471906010549153,-3.918448363339997,-4.370980184621732,-4.063572118332774,-6.008173681648009,-7.575452704157675,-8.097423229099546,-8.061465499131973,-7.747639672407797,-7.878498932922483
13.045460284918416,11.965625581679326,11.525030392605851,11.476207991408439,9.868860549405333,7.078798942143766,3.4991195811107563,-0.2534255109355822,-1.1490544218669008,-5.653005715067865,-7.512311598100772,-9.030980745954144,-4.832676504137107,-3.4078120926736792,-2.685470387342712,-2.5597568770007073,-2.1347203877768677,-1.621362218001144,-1.2790480138810887,-1.6880266560410584,-1.3561404886983723,-0.9869873510884201,-1.7522803784545133,-3.021016029715508,-2.756604973143058,-3.214429781367918,-3.991273642007412,-6.573208256768779,-7.136541400668526,-7.316687463220739,-7.60337474345585,-8.061689074744185,-7.9045201066961965,-8.179271274114685
12.478149431863677,12.39602430644944,11.98612209169259,10.656831154408481,8.74636576296416,7.014423481344956,3.540696415390091,0.3391089720961613,-3.352312227896797,-3.800088960527171,-4.862426468080178,-3.318211111806868,-2.598042363440525,-2.018327811944757,-1.5886851624420952,-1.2841773218420578,-0.5880677268449743,-1.7567308735597373,-1.8052911836234198,-1.3186169030241623,-1.0419612478718667,-1.475004629842447,-2.623783970124766,-1.70395895232785,-3.192047737498399,-4.045797140358818,-5.738627382722454,-6.615089892587918,-7.3530006254496145,-7.059727293852131,-7.245426282751035,-7.552990610978424,-8.374785007396525,-9.097906869496503
11.814919084027043,11.528136206337798,10.981694604544986,10.941025733406429,9.597546651791683,7.057505694108675,3.907510795947011,1.1458493164976902,-1.0049277369769032,-3.0938977536580166,-2.9006410759943537,-1.7330654411574578,-0.8771017841666301,-0.4441049229693958,-0.5834250414723553,-0.6082574020170944,-0.26761857784655585,-0.6794196380924271,-1.3587110381485776,-0.6500187266486734,-0.7324933948775535,-1.4358362169500403,-2.6403791643152235,-2.6898172292620264,-3.245797012976545,-4.292238287132867,-5.99710652770239,-7.000854037827253,-7.308169694509548,-7.328528136683196,-7.7597372789776955,-6.946465932792455,-9.05427134615443,-9.147273504077855
11.641988548884108,11.094834121516033,10.246561486327144,9.493112926804871,8.808708116927342,7.370387724405149,5.372619769388876,3.482902707088903,2.358451124229966,1.862449331759381,1.496549881259467,0.9786622678262157,1.086789421516867,0.9987858694286371,1.0248149783541027,1.733429451415001,0.7695763198933059,-0.439282619452888,-0.5847919291223315,-0.8494776856820156,-0.8484322726926203,-0.9387928488809295,-1.3290256916331644,-2.4087839457872513,-3.055271640955516,-4.3989662480897636,-5.518530368846986,-7.052690260502975,-7.616456589122721,-7.251374132308142,-6.283913355578582,-7.653739975501542,-8.840043764942818,-8.306263094278059
12.428391847332298,11.407866686100215,10.255021044931606,9.43810342546663,7.922528818001255,7.275878120955453,6.102239936650651,4.221291408922149,2.9362413403859793,2.5788329838571054,2.48183473055286,1.99924741075494,1.993214930557524,2.110671657545099,1.889344083023044,0.6663666257954436,0.7291686671897065,1.3201659229947218,0.16005924198104168,-0.12525139456710618,-0.8425470000483312,-1.5315985587320609,-2.307768539914316,-2.869070536142684,-4.336367496939156,-4.793293726892862,-6.000139624049058,-7.977643894146321,-7.186400572645662,-6.93780737838681,-6.862606105279841,-8.97443533091384,-9.043871910686699,-8.46471679725011
12.240397455648461,11.934690808813448,11.275848862543812,9.348780873898198,8.119333582248483,7.145607490887728,6.289975490061938,5.651139467011467,4.771780121632923,3.401388478569945,3.037848547494803,3.1764435310697907,2.56057951056489,2.3118592311040924,2.586519335249878,3.275198726306117,1.3840153400118378,0.9099004930958844,0.4365637701526024,-0.6017158993070839,-0.7323265269777239,-1.5505765932553408,-2.1916178806937126,-3.385859690005707,-4.634711405145849,-5.664809122581135,-6.9882114248269325,-7.703238212659987,-7.966045026631343,-8.198900100674038,-8.589921828047625,-9.63285780962904,-8.64809091084483,-8.193335615866545
12.389679340690646,12.19943849565023,12.598656373084305,10.223542543558718,8.813087102496963,7.654087660065538,6.678258583977749,5.7586574617585775,5.348874114089314,4.07271182150414,3.9216167642414606,3.742900266637488,3.6243795073831326,3.09237379905392,2.516758607563823,2.51139713486674,2.340507370920841,1.8407283628036537,0.6484781077113513,-0.26753881632814575,-0.9795076473863243,-1.8621570487185388,-2.5702306188005752,-3.383469211838369,-4.343068968226601,-6.3635383086763735,-7.217738278955355,-7.015278783742944,-7.536623161524008,-7.785820627045887,-8.472390927364557,-8.302086989964327,-8.086526831150097,-7.342321561165048
12.234028084349058,12.056035241361572,11.41172834088575,10.67434468418215,10.421266230343747,8.95825539453197,7.937999139522049,6.588371798400409,5.355438894251282,4.791280269428794,3.8937805450406824,3.9846605333383756,3.7096853918270964,3.466434021560678,2.5706147271902458,3.051020288820052,2.9704098313071134,1.6337442330506087,0.8291140922766339,-0.05028553574407935,-0.955308735745251,-1.561716900169114,-3.2858195478312293,-4.162654465636723,-4.756725392082284,-6.006226784192777,-8.163844176108926,-7.523615602111494,-6.987105860489961,-7.600998982930037,-7.6177503320457784,-7.118596230807659,-6.606484994472736,-6.2364700233552846
12.171391049817395,11.707682892179308,11.02473637710499,10.875217810767639,10.437841860981676,10.056863675197107,9.274488609470977,8.405009758666962,6.746413268724586,5.00340251903078,4.3428791860619524,4.121182825314939,3.5187939573570524,4.176600440867192,4.221794008241422,3.586666732573946,2.6609339230818763,2.435967348205411,0.5992545126250184,-0.15875952740723218,-1.5803936664069371,-2.06176802428188,-2.8466501004071527,-4.164806132536343,-6.114259198441274,-7.269081203855109,-8.508032070807818,-7.554351263300043,-7.054168310776899,-6.748920811235786,-6.2102929819090535,-5.768741535408915,-5.444132897786683,-4.860871130133601
10.386750687545756,11.914634336299658,11.218918323497416,10.963013780619438,10.15703320838046,10.233264447273461,9.955278132989275,10.410413351607591,8.161660478729816,6.913638113166707,6.0673960951419605,4.368754864494992,3.7825590757808487,5.125518827948764,4.434649695065726,3.279645367422936,3.8161212523013237,2.9106416009093845,1.566579666939172,0.7764260539876064,-0.9734119041210244,-3.1108104252593005,-2.5832371385449218,-5.728833431367261,-7.30425640755627,-8.501609607384177,-7.5254472311595055,-6.76954190997086,-5.956391828789835,-5.607859433375712,-5.677687451193297,-5.367217298848034,-4.4960261749373975,-4.026059747306831
9.194578001059508,10.0462125897911,10.409516989459364,10.991654400511754,10.614591195486025,9.798330445277147,9.868208843178829,9.959398040877334,9.991738455451255,7.812791926250412,6.006547750698862,5.009417209487318,3.9540290266414018,4.572035534102236,4.4620660013143185,4.442338174901444,3.5442950734602094,2.955760224980934,1.8043572260773062,0.5329808502877631,-0.7805401988074985,-2.504301167663083,-5.2470806917967,-6.03577642260174,-6.709354098525187,-7.61160840680231,-7.371390796864925,-6.2674886225194,-5.784232363499996,-5.262317974891964,-5.183957469099379,-4.8278014134971174,-4.162467566348144,-3.6734200924684
10.30073257352368,9.347946892506139,8.418134987797595,8.838363792905131,10.313699144752231,9.608946794492136,9.851496564928903,9.700621623482533,9.628237671576045,8.921608384035217,6.7530058509435715,5.193566541747505,4.208775052125473,2.614630011974714,4.0627399642831765,3.671027283646883,3.3103402822584984,2.8537242185732037,2.3377467323736494,0.6408009512088988,-0.49087862330699483,-2.21844536169969,-5.436825858194143,-5.60100852170036,-5.388077409579565,-6.2278610132526016,-6.355195682046732,-5.98940722479866,-5.2267440815659185,-4.706834835228175,-4.247068512212989,-3.9842086215342687,-3.801712650910893,-3.4634426781046823
9.56498427188317,9.185131330733837,8.088398470964862,7.963589835279754,8.76466520922098,8.993437866086722,9.210307353606439,9.318019704232112,9.082417542471587,8.785933656475159,7.900306477823031,5.224934424258846,4.2533358611061916,3.599683459222583,4.261281913283507,4.299011438231753,3.382275515392763,2.4975111334569386,1.8197035272580664,0.3932687967942525,-0.9700873999565982,-2.8345196061319595,-4.167855680117359,-4.888441174042458,-4.515880147410864,-5.031114757026095,-5.300254259666313,-5.209703030014395,-4.663349426378741,-4.279691158220466,-3.862387543879668,-3.499786550561506,-3.0922366675100186,-2.9820359546148976
9.559293905290412,9.074834444894993,8.657924523135318,8.252247436422133,8.777437569839888,8.172051696006783,7.749072478972487,8.23495573765179,7.366728044319409,7.870490799172551,6.91388180093959,6.656563849645223,4.662981594546897,4.516046959374041,5.345793973829779,4.058715980071312,3.2223958655553897,2.509239528506974,1.1192930119771494,0.6884116687137586,-1.113295872213152,-2.395693948951625,-3.0056392693471623,-3.4615647991119523,-5.127550188738868,-4.6397997852778605,-4.684472079328365,-4.599701573431843,-4.423409415614461,-4.070712411601741,-3.4598949772174543,-3.2210961628710746,-3.114619754269723,-2.9055249614166794
10.819170450138396,9.62234711178834,8.941608004201166,9.269060548045031,8.66116806365589,7.909040098325572,5.492563221780921,5.622477855848861,7.043171017294418,5.7404021352834995,6.950645031107338,4.882803994904556,4.912980780425349,4.661420866193926,5.333724625852049,4.230208725142793,3.6511340416659404,2.2902089022570773,0.9255713023083698,0.501528414270848,-0.4297684526120666,-1.3060359284549146,-2.427338292184694,-3.3996485206525686,-3.9006580105224535,-4.122690002234215,-4.096632378772246,-4.235698507616962,-4.103972103973883,-4.025177982659641,-3.4347169884369695,-3.466449399782643,-3.479989234128357,-1.6676606551709807
10.699938340323632,11.078982610436476,10.324957818463746,10.547897594340597,8.63854252405875,7.849280671574992,5.933233330058623,3.9143588076087026,4.697896053539513,5.632378676134451,5.897689278732445,6.744876634912364,3.2757218457636688,2.0834502990871986,3.4162939163390584,5.005121119849972,4.3824305419743,3.125432365254355,1.5514670056953153,1.0730094081167332,0.063490206713365,-0.9564127648926466,-1.8690034336113246,-2.7274398810643965,-3.0645982565141305,-3.522246872243896,-4.161786854006046,-3.463984587735961,-3.4745465855123503,-3.701088344408085,-5.259138155642956,-4.159510209818969,-2.944395896234656,-0.7481123052888942
10.596288020417479,10.35397379475326,10.485381724292477,10.39244229882985,8.82713945758464,7.471471044553627,5.999134043741873,4.471941536883353,2.930193563472983,3.639290423301828,4.597273132733737,4.84617732287272,5.361835194334276,2.7707253042640567,1.9845882400486552,1.7725359276868142,3.4010396197009043,3.4945895504355478,2.8528650562044526,0.8824608445179647,-0.7817345645417018,-1.6841783471846317,-2.625373300362393,-2.517554103763493,-3.6005735399077006,-3.5884476509467955,-2.104461330113307,-3.142141759368803,-3.0847259604535884,-3.7178812011111466,-5.175936083192957,-5.400426744765201,-2.318136924131559,-2.5359122518124417
11.522483328588969,11.055331077295733,9.297179287308186,10.146200666098835,8.459855426333899,6.157421662956653,6.627821935534885,4.74147502549489,3.3302889621289884,1.8152632133250526,2.8391699902052556,4.4554642863894705,4.77659896040707,5.254074670976217,2.945451896850952,2.433394965645215,1.4291600917951612,2.908861545953001,2.7901665789765957,1.5669285978113687,0.3847090598371203,-1.0508924600205687,-0.9134993138478676,-0.6595056088354888,-1.0725609662121915,-1.284911077597255,-1.2966550459600992,-1.411918296095216,-2.9353308723776985,-4.201088021114066,-4.182821175740693,-6.093921595492914,-3.081551559396754,-1.1636016298756517
10.121774004310273,10.620462374564031,10.206158689389477,8.184611462082211,7.983091149141626,6.179726241820717,4.577449435210028,5.820767761452427,3.983523202780702,2.697672419949116,1.23569010863099,3.4541310827989493,4.1448620418703515,5.167566255587948,4.971515067982415,2.3804305938998644,1.1832950589319982,2.0795415282924563,2.643885251757661,2.1508567406928583,1.7752602851692596,0.5818204163029983,-1.0240960586886958,-1.3745866225815362,-0.25993167525463184,-0.4850000128074335,-1.3620874145625963,-2.373255847400265,-2.5756953307281165,-4.086901385121645,-5.154416891276166,-4.795993269466026,-3.147490700293001,-1.679460810249144
10.938963934307168,12.330754587585654,10.813751231060472,8.113165725858648,6.429428419241686,4.985654962285408,3.6899062575859287,6.067195663210782,5.994396061568854,3.49210571198062,1.937807263491615,0.3486484898323959,2.95600711397907,3.09939442608845,4.456422755802441,2.8886183844941553,2.0489086612422716,0.9581316056075682,1.8992727715232183,2.5616465977700975,2.063245889373605,0.992119588432796,1.0075840150515507,-0.08649080980847403,-0.40808836844676694,-0.2672528564815428,-1.7283370141695773,-1.7571331335852103,-2.79939770901848,-3.0877676242676246,-2.822174001154363,-2.732848852260456,-1.188769551505786,-0.5812869179257212
11.174204442663875,10.135660068039922,10.53392156865973,9.439354662074647,6.952253829665737,5.53513479765322,4.512466375829267,4.168306317963151,5.081407273320432,4.451052487344793,2.5083513395065697,0.6847131386149058,1.0826991554130565,2.060874031372808,2.493962995337027,2.712137489645364,1.7784550115811542,0.22132643699288995,2.1405280905166686,1.3132470107157403,1.389764008325084,1.2017327900763133,0.545039328058289,0.5085824011725057,0.11010466768208163,-0.2486882033367697,-1.0039691452315915,-2.178349209815465,-1.9561425556955243,-2.653696591811611,-2.169764547877315,-1.8065588992261865,-1.2048113014240551,-0.821225720064867
