script/wind10m.json
{"header": {"parameterCategory": 2, "parameterNumber": 3, "lo1": 3.000054539987559, "la1": 64.9999836372058, "dx": 0.5, "dy": 0.25, "nx": 34, "ny": 52, "refTime": "2024-11-04T14:00:00.000Z"}, "data":
[rows 0 to 23 of 52, columns 0 to 33 of 34]
5.360771716545588,5.0872433840916305,5.269570534959563,3.8463580215646087,3.522830849393437,4.052301715658802,3.432557889982309,3.244915929534448,3.5551313494593018,3.6819282622982388,3.369804635540618,3.166517413190519,2.789341039570331,1.9468271355126583,2.2709914865249603,2.7859585553179746,1.0495513853219776,1.891463951008565,-0.6033241043054941,-1.204487945957033,-3.846767747118161,-1.130009276524035,-1.3406602621099428,-0.09215745032509742,-1.680046827600706,-0.2567724914365639,2.3754579721839826,2.5906081498925673,2.679087865476446,1.6281520053260112,1.4544080137685258,0.8327659992028409,0.9357577327567583,0.8779597865389845
5.138849703089469,4.90377026083391,4.611808244855193,4.267539998130311,5.399618641884155,4.651106664641296,3.9647142711789067,4.252864272861849,3.7859714898336336,3.40013653229052,3.180767438407042,2.724754356103729,2.160440658017471,1.9163937647626441,1.810342563273204,1.3284084721483396,0.8803405833760205,0.6130220204926479,-0.21827187193491188,-1.8899739513449658,1.14769130231102,0.21740216511240978,-0.3982637969143073,-1.8963122836063075,-0.020259691753323875,0.5994186879925264,1.6284055346370798,0.5983610023838525,2.2742287513971258,2.3911046690674818,1.2164758753063822,1.0826763793007603,0.9701066368148756,1.1735897100953365
3.8821280129358917,3.5328577904196727,3.5391540712761715,4.108227919651969,3.756980914498577,3.4325113458368732,4.0465076325549,3.8868554960882586,3.441098806196321,3.085174635130553,2.7534266162749166,2.309977190126429,1.8320779641961389,1.627363747589242,1.3006014482409103,1.7452640154201375,0.856872838327165,-0.5555206272683636,1.1065887834499801,-0.8816024389996618,-1.3152625330100207,-0.8135320952330335,-0.4638424358553713,-1.2335495924700974,1.9076319574043332,1.3541668303626264,1.0743974070778808,3.079654671064077,1.5757100290695505,1.878985753549806,2.1660555041343135,1.5712911273800891,1.043321111183079,1.141506327590719
5.740958949595155,4.957175007417701,4.456407455958504,4.528828860124543,4.3915433366295,4.264840992957678,3.8493088279661825,3.536180642411944,3.2973806937549193,3.058339423081432,2.6015888152030575,2.6209125414293424,2.4502767826865437,1.993237836179388,2.576463807812073,1.2829726762129527,-0.44806463277708547,-0.017720303632128287,-1.994054134329668,1.0774515325876088,0.6699228054518237,-0.5175685435318854,-3.1044713127717767,-1.2833299898163648,0.9224686003084711,0.9231797065530176,2.3278815224131106,1.540969829622332,1.795533864399141,1.4815670772786695,0.6657934444179788,1.3615043694473083,1.3448230342592007,0.792937083679189
5.149977751057895,5.076660203398865,4.971977951216709,4.572603133953898,4.657986877930974,4.122773083028027,3.4913000689538225,3.0847479772643904,3.7735361356919577,3.8827830505012213,3.5982974942341195,2.995216391713129,2.9281194213798982,2.620053261356429,1.6867122757407882,0.4432803083183869,-0.8946353478839651,0.4930282934074794,0.6296978020738366,-1.9245481836505143,-1.074377868566353,-3.312904362716725,0.23520276300049098,0.6940515597157534,0.6223572219620384,2.015582256406723,1.6813791941747034,1.6241643864595277,1.5667406242424275,1.0636953932370823,0.7228396381748611,1.5456545840597713,1.1639838151224344,0.5188973616038346
5.46743460549268,5.028161096337111,4.9704725413555595,4.758894472341742,4.250996792049186,4.023890008332381,3.7328684560911163,3.75999726335279,3.829959041361736,3.6931748732337137,3.7681631816270733,4.071761021796773,2.6805750875317216,3.4324981022116448,1.2504766607831965,0.6761615730958637,1.5507138192276553,2.3389183360113504,-1.177046030825256,-2.2779744093779417,-0.9909779085924717,-1.404783007560661,-0.4170595133682953,1.6894239455437237,0.5500951963340458,0.6822520725523328,1.094157567920572,1.3357100967291746,1.2372699920587478,1.3475481770610096,1.5991028179573779,1.0986629790717546,1.0141848497339392,0.19500740828565455
4.865247388276281,4.646730851477822,4.876948214642135,4.565303801611803,4.490942109192817,4.0685763015812215,3.8347341658718825,3.6747300355607697,3.9693015205423356,4.246643603446605,4.101211719440044,3.315959722591824,3.704956260378562,1.3206996474837813,-0.06834877011787037,2.2037072251877294,0.6319259838006075,1.21878051060055,-1.0085248283290085,-1.6412032083749537,-1.068474364339057,-0.7615770552648946,-0.821470486442564,1.1027641799050052,1.21559506096438,1.7069261655943764,2.2632349349596446,1.557087766100318,1.6924085035624645,1.9247667365552052,0.8871943490187633,0.8091242411351213,0.14370474931113908,0.3665049877011961
4.9556195845470326,4.907394600588861,4.8489607063781035,5.005046518319707,4.50166674245351,4.215658908720568,3.771554162035166,4.72908619095448,5.581944268224943,5.65664836394318,6.909888878697992,1.0402814040950983,2.3071652280709607,1.042396565126618,1.3354991861884447,1.1283946012624222,0.26544937893972825,0.4431722808392597,-1.1747984419825754,-1.4285331206590175,-2.276982903347093,-1.0359617871724986,0.008174019555812484,1.3572190820214163,1.0711998697122245,-0.23758482766597988,0.7663053760768966,1.857284867786346,0.5456581407834116,0.5968361890727786,1.2836263806363595,0.8432058723200873,0.35960053929842295,-0.40203047836464545
4.651273690472832,4.82202482388397,4.862047367138426,4.756385353113362,4.880991820794667,4.3532645236075975,5.251540127210176,5.899629168383826,6.976751364121214,2.5214664688897725,2.4675242217897098,0.7823498560999681,2.2919269030984535,-0.16351966313993355,-0.6092716718198815,-0.7396863265334906,-1.0950903214411636,-1.7701666275181533,-0.9800848137951341,-3.5335412251005267,-5.443277703853416,-2.6025732363926957,-1.7700494467026966,0.9510209950852238,1.8054000719788754,1.1909621239691055,1.4376445870134549,-0.30717411769144765,0.9374645183673859,0.09712487835564437,-0.15258760546972336,0.5206383008761403,0.2212927571142231,0.6311134750368033
5.5484425653874085,5.54080460708166,5.249830192531641,5.755001060480581,5.409503370736984,5.197741467706689,6.46475954491585,5.634714851599207,1.8400223205436224,1.3417355284823265,0.1992193455539096,0.8477910382649125,-0.2203603787245389,0.48408396341610627,0.1024670127258799,-0.5642277102426922,-1.4235536584805053,-3.3693111852204196,-3.9306008855657004,-2.7418051793329496,-3.017757802954885,-0.8082695511053295,-0.19698708542203833,2.54021382463231,1.4589152982002016,1.0667035683303434,1.5901027424424523,0.9290037352194476,1.754328950209339,-0.19831074128026818,1.2979085026294888,0.3636870486004058,0.18098032842734268,-0.880374981852699
5.067514887728184,5.38507388132552,5.420690999186436,5.327105593138584,5.0670433280446066,6.174528823273815,5.363092299278458,-0.2604515684377929,3.5846841274401533,1.0487947625581455,-0.09395322718475481,2.4432613726556034,0.7503866820468426,-2.5288713912545,-0.49981224547687164,-3.9693576929148544,-0.06410974829615518,-0.4158462069890289,-3.9151671448517953,-1.5316154961450341,-1.6086536721783353,0.3165112348784601,1.091899229956194,0.09042537765280456,1.7115845135098708,0.7823877271105693,-1.1604892319043927,0.8283838113757862,0.6953735144925479,1.2695176132474812,1.8350113435308766,0.8677929723607839,-1.31463969265479,-1.7043465721249
4.935968169385083,4.992004195240812,5.52807663281847,4.825896876222985,6.7413686341330905,3.2064168360589957,3.3414437178455154,-0.20959378024790024,3.6060859337207427,3.9125763401489966,0.5727028489444862,-1.1518298706970014,0.797848446667975,-0.6620583451542588,-3.1916770854261114,1.1922177707740198,1.341917671158767,-3.2210097225766603,1.3689050445922035,-1.3611579758317323,0.06224655468058164,-0.5238221882339356,-0.252733179827744,1.6555695280554403,1.9482892107999181,-0.9656321070806876,0.7616617291393389,1.0935366225131378,1.362432034679663,1.7210479422068796,3.6832083061756373,-0.2261182671377239,-1.2365962445512562,-2.386867549989506
4.534653147465626,5.036214607574136,4.589428440641819,5.2787579995196925,4.175211889969939,2.0762077508665127,1.2930822701183233,-1.015931356721457,2.940991319276534,1.0129051187585156,-2.537960260381357,0.9979321777730864,-3.5242409947820272,-0.16578237407735164,-2.0664093554054235,1.1076143286861804,0.5289329020204317,0.7440786948063887,-1.0367027970619522,-0.4737325959569464,1.6466386747244488,-1.5098151647124365,0.21093342630022538,1.9334336195805772,1.5098742346329497,-0.9411069199864774,1.4342660855708513,0.9199281125795722,0.25325083035765206,2.3680840072937346,3.4901546505660868,2.577415065999488,0.8398464893536464,-0.7009872311446798
4.8963162141920895,4.122980629865314,3.5495583623199525,5.798813828147682,3.819054457034045,5.113346920292514,3.339774792211253,-0.36691519319667115,2.22716463737059,3.5907876677311776,5.776920306586942,2.033813218249237,-1.5531332876009736,-0.6426369341056157,0.05639419849336828,0.6478657955204664,0.4562289795107337,-0.9723046475235245,-0.9854196911270033,0.01930144280225607,-0.07445071127079166,3.3255071862845873,0.6473431486946111,2.002640081054369,0.9007235176119218,1.9232612133078262,-0.19301972149543664,0.8218274530019792,0.8562977791932973,2.3239375887461327,3.273266328497274,3.376783744125203,1.766966432468114,0.24454658010160554
3.601286002658243,3.6462234285075397,3.1393360690133107,4.96699407628835,1.1848896208836546,0.33452810071139283,-0.19336625720035186,1.7463237573180892,-2.697872634685152,0.9935604849846502,0.31377728221419793,-4.513578952435827,0.2726495371477705,1.7664977364465113,-0.35836507458054623,0.6838066331025092,0.6711944009429256,1.0783819709401652,2.318287946568302,0.5226705525703569,1.6413072825821255,0.9139958947518338,0.8266083668071097,0.5287216037726256,1.108578864392109,-0.3626510254070062,-0.13158877801238833,1.1609484661996181,1.1496642257219545,2.964067192186186,3.2582891186200915,3.8209931476585712,2.149289009984872,0.5704535488719602
3.4034965268099184,4.605499489535945,5.586652030244892,5.48885920442656,1.420907349812087,-0.24292054282601797,-0.8472868837816343,0.733933156085814,-0.2220711817762905,0.10195226296927881,-0.06860097154502386,0.19368660028418466,-2.2933940978124725,-0.19328290499185138,0.47293245589090466,0.5889349786594555,-1.486739009864805,0.016038931148149357,-0.15161355116200628,0.7565406200203223,3.0356759108091573,1.6307611606716925,-0.07814673082018896,0.2345341405867893,1.4813367701514262,0.263802078763226,1.8729446993626488,-0.7409982647084116,1.0030014674397278,4.324314788148224,4.173250855679421,4.66278793134544,3.5592986846420778,1.314808540919349
4.032084220139441,3.554561100057422,3.651938364899341,3.7199362939890532,2.0941906153194383,1.9464677213451305,2.3684533475537877,2.3781549505788626,0.24305734595743225,1.5705968479783852,-0.5951852348085096,-4.433839739883368,0.6826984232010858,-0.835460058000009,-0.10000024737191472,0.940222399053637,0.45744190680801144,1.1242435973161584,0.8433905194876551,1.5919711758921802,0.651833866535066,0.6791829433688625,1.1564341788079626,1.1710430552239106,0.39612006165726593,0.13993803239533775,0.6084609363971465,0.19599270948794736,1.0899347577134109,3.7771497060723904,4.965988956907804,4.3201208555709805,3.6618810757998568,2.381720151396113
3.60502217422142,3.2046233719191393,3.745706047895996,3.80254621731556,1.310610654647652,-0.5706104018925819,1.4998139109046311,0.6633013461962503,1.631510719514629,1.274392452651988,-1.869661505634516,1.0649947205210695,1.4753328159513261,1.3119758180690588,1.242716648018824,0.5400259391653246,0.36452630412716025,-0.059227252901330775,1.4062931831475334,-0.23749991477167576,0.8156440252667401,-0.8351906247788656,0.6522516233371428,1.0609857987452103,1.0085792977883792,-0.014155320748990294,0.15766396340413097,0.6621515687624021,1.397588255842408,4.899379122229076,5.267923028556503,4.26464868119039,3.501514508987419,2.0878151123076356
3.9522050359571117,2.9610512202063517,3.024440700799573,1.8635178200003915,2.1087104468954148,0.8107163237251255,1.5912699188746338,0.08633727014023994,-0.5108302318745181,-4.758655840829184,1.042154608040711,0.20696132988233998,1.2430089754358724,0.994932746900978,0.6408801711511417,0.27008805808800596,-0.33607901802346146,0.765673799073152,2.22340875822318,0.8577132620343726,0.31571897006442856,0.6572323661677147,0.7899099644333927,-0.4360052455101104,1.4455896678673925,0.028484998340075222,0.2816884705791813,1.4778758189843095,1.7588686561179079,1.9182287529232664,2.3574826210414885,3.6642714069029383,3.2980753396885882,2.130943126724901
3.9442931069117053,3.428251966271477,2.480896580960349,1.6560814890542674,0.6313047876351039,0.46352081419346186,-0.6993812848571567,0.2536715914519892,0.7855736680135857,-1.4878874101670274,-0.4683966131648449,-0.7806275964967107,-1.3239789313242718,-1.1976981092845904,-0.3226003065344572,0.799449807421059,-0.08712154272293327,-0.2659090141982399,0.6835735998892605,0.5602026489324519,0.8261545986268257,-0.08127115701344212,0.7928640873228412,1.076806617690338,0.7362882083992306,1.0780617093086753,0.8949499629922831,1.1399090844167685,1.8329564664664895,1.2834340183468278,1.3902279803501356,1.4157579245912129,2.8616847069221807,0.7097305685592991
4.066950207682311,3.3448982913344087,2.2605248975573953,1.5971486122650973,1.5503594569110903,0.30973497744078643,0.14932712369250933,0.3831352889948147,0.7250615046103178,-0.3163384375439445,-0.13120937975985936,-1.149371847679706,-0.11720412144968453,0.7552296983632554,-0.5641893851835801,0.6840617616299614,1.1094831132070153,0.7502673221111371,0.1827634549967952,0.5830189362858641,0.21278630710060054,0.9170073102984792,0.34863762961451233,0.38478037849737223,1.5553974247962696,1.0994959589749544,1.3269282126119981,1.7904981792745145,1.4291560707752518,1.5405013318679648,1.4797441963717741,1.0485281616783222,2.3738506852789087,0.9272338127588279
3.95269846393626,2.3395971926407633,1.5867079008891356,1.068193092026054,1.2286043379790563,-0.4543013287530048,-0.14297813224815947,0.21220235867651985,-0.7287240034288787,-0.519107915197419,-0.1107154064305035,-1.3454084825383759,0.7031121687808801,0.45659244549438877,0.18535793274788884,-1.1610896252416316,0.5215942261345607,1.2241828902655267,0.4968692062998575,0.18055976215613667,0.5663971366473897,1.0967112090097448,0.7581694471535149,0.7391442252026295,0.6159989562271104,1.0320780095629676,1.2182740645104138,1.3025956920793444,1.3758604284710794,1.3052921703485183,0.7236353103980445,0.8082213283918628,0.6723150439446955,0.40929227920596695
4.045269975677102,1.7443411478563955,1.2634482141160543,0.6446534291546279,2.108485214431534,0.2761436065016825,-0.37602211651175194,0.39280856755751103,-0.5279543766581747,-1.1069122268914813,0.2564293355349246,-0.48885102470803504,0.2803196460708647,0.2698270355398837,0.26511334380139245,1.752972648094429,1.0233032521249958,0.949470647243875,0.5660742930834515,0.29313350582018366,0.4949547386324054,0.7224887610337207,0.8948903163335856,0.7001045827247117,0.4678374253214137,1.1435900137340367,1.6058150557618718,1.6872565693825046,1.1867987667626236,0.7361829295754765,0.7177759708782637,0.9782403449318736,0.5687296694980042,-0.5677609351228586
3.6553398614798973,2.3762698550921266,2.2766189610431384,0.64044936487114,2.6307629296404125,1.0926255407777568,-0.18234645987552398,-1.6005307601805703,-3.1945303898768946,-0.44958013917450373,0.15195277868674534,0.14933201612679037,-0.12868409206282352,0.4752882484318912,0.9714837465782551,1.750417755490229,0.9455867946258962,1.2219018341481316,0.17967307248096087,0.04608414889653264,1.074258908258585,1.1890174087611483,2.0584798241831286,0.9733477213277989,1.9970388772637828,1.3447215445330833,2.6285348552525694,1.0762486797807114,0.9553271779388081,1.0821251661385662,0.5859996038248292,0.41781846866180206,0.1592396443574502,-1.1086799856704561
