script/wind10m.json
{"header": {"parameterCategory": 2, "parameterNumber": 3, "lo1": 6.000027932988019, "la1": 58.9999434238085, "dx": 0.5, "dy": 0.25, "nx": 22, "ny": 24, "refTime": "2024-05-21T17:00:00.000Z"}, "data":
[rows 0 to 23 of 24, columns 0 to 21 of 22]
-1.6093320777128335,3.3458426402504005,2.167928560321024,1.2749151646838923,0.8208629915337433,0.7269792445560305,0.8577742305978415,0.62469332768373,-1.231511761122254,-2.7041637695691088,-0.3868786611952606,-0.0031177597324743584,-0.04962279468397837,-0.24674018500906125,-1.3629127911567211,-3.4342327918147784,-1.058225496239285,-1.1776269059821118,-1.6105402449342923,1.7647546263308462,1.4332350916642715,1.944790838604997
1.6903757210217207,1.2591273685515836,1.1264168315631558,0.5033793156858035,0.49981328146394255,0.5161418820843892,-0.16440735075183763,-3.5907606406458266,-4.015319070369069,-3.4041158921392465,-1.362770451321903,-0.339946915902149,-0.4777142497009948,-2.2542066488989185,-2.903662882266355,2.1208410925526744,1.5749899001279897,2.05007941760847,0.8233392015536586,1.6270854098746255,1.8575005064842252,1.0162382109695938
1.1687727631037492,1.3452995857431735,1.0056579384493214,-0.12886651040788816,-0.19813375479574022,-0.7400174500016453,-4.505020321128654,-5.327015316672833,-5.527602888651877,-3.6712396161493883,-1.437093434079559,-0.8305759812006713,-1.292536249820019,-5.614025022862739,-0.7303826030234316,-0.1219688795099837,0.600146978204331,1.2588298829384559,1.0900620123990055,1.2463752228607974,0.7837397723487363,-0.031224457865425007
5.967063346352927,0.7378582810035922,0.2620085577481894,-0.12644802221041251,-0.7171505516082616,-5.122391072576232,-6.094738438010018,-6.072247587940557,-5.863039650601172,-4.97438641036296,-3.7389988742598357,-1.3746359443384206,-1.0954543206311889,-0.9267048176460925,-1.29824989186799,-0.9402678291726476,-0.6932412331432218,-2.630067584319395,0.04762395684526584,0.3407620933109256,0.15147555390369702,-0.17177577555707166
2.7127002452414364,1.8853357115689948,-0.45752861783090787,-1.3122957615130248,-4.94617759387139,-6.421279804040302,-6.537869684500113,-6.449692945232757,-6.220904954495007,-6.068681843563345,-4.4045462925770735,-2.3273897004976196,-0.8612446223627429,-0.3773344532477668,-0.2338163895343929,4.611626323267937e-06,-0.013517014446884724,0.6598592122302913,0.12485023545225758,0.28782231130188907,-0.11534537582139168,-0.8223626583888237
-0.7690525103832617,-1.7632207196350211,-3.618707035871394,-5.493082722528869,-5.746256412755643,-6.030662713386213,-6.507789226472113,-6.904408290483501,-6.5113126325551445,-5.639342142017737,-4.396506180489942,-2.8564183189595833,-0.9398496476055453,0.18230138563097528,0.03206257540965547,-0.0475339181814912,-0.3487504373491586,-0.04782536314092507,-0.13815598481124775,-0.4063598526597755,-0.8663719946476183,-1.3735191213675886
-2.6363688950487605,-3.5486946260188788,-4.362080129527652,-5.016171444288828,-5.386409340429154,-5.556117486654946,-6.155135114400957,-5.137923666946377,-3.4383191669467177,-5.436546947059592,-3.020021297049059,-0.5590947827812038,0.515626803866801,0.13884246118273558,-0.25580185406468037,-0.09367755443153912,-0.4617249429538874,-0.6833716431073259,-0.6495530811166065,-0.766921550441288,-1.3539937194414131,-2.038065904168245
-2.898085660313142,-3.6608532091213233,-4.942989444705849,-4.991920881231218,-4.705071092049517,-4.892438794554315,-5.948485673968493,-6.6744825099478655,-2.38020878468283,-3.4305821763696263,-2.4008825022832583,-1.2509754065237573,5.489523567589735,-0.426639934694016,-0.6109525729022858,-0.5798527886869382,-0.3151405059820324,-0.6123218162033232,-0.9009681235809381,-1.0392136120936903,-1.6585554583735818,-5.764261869700686
-3.8917591049701414,-4.289937420047296,-4.982527535650171,-4.907753615945975,-5.588924183160109,-0.44790775340905004,-2.1167280392632866,-1.4705323833936585,-1.9324424054708724,-5.3364452717339015,-0.22459843247617148,-0.1916634830188536,0.1343984732767189,0.18956180594402672,-0.6420965055199649,-0.353841266023027,-0.5335887940943713,-0.5476801849478921,-0.5582358063049281,-1.1154367028706302,-2.4968139382542787,-4.912495132487996
-4.337097816952906,-5.055359042267509,-5.491374301019231,-5.598054744936431,-2.4316765674429064,-1.5368576665696823,-0.5321094611241366,-1.557603291188472,-2.572999534732139,-3.3510940075631033,-2.9203315338632434,3.8157457119357896,4.713555692098359,0.7169553579440792,-0.3157094074400172,-0.7330024278074607,-0.7417592550070727,-0.8047861117196738,-1.0674072502022451,-1.41723398262536,-1.5169907507361116,-2.624711886660202
-3.5205899239002028,-4.906476751384053,-4.428791527080693,-3.438566228186902,-0.07583728314131098,-0.8139864906048399,-0.9715392342433743,-1.0745913619354621,-1.346390787934799,-0.5875973502052112,-0.9101261940054851,-0.11800253911854516,-1.9896230593861743,-1.356769935009027,-0.6904479289450753,-0.4520020418600639,-0.7328950097202451,-0.873479808704081,-1.2140481592477925,-1.580785504013647,-2.402684228339665,-5.292319769929868
-3.59234036426969,-2.9294907920925524,-1.7004726842242563,-1.3878682845163008,0.8603845482546331,0.41571892906521624,0.06251296907808432,-0.6507417014994608,-1.4328226573427705,-1.7478593593827236,-2.607474890411898,-2.5555727740938936,-5.6543344854365944,-1.720713753773165,-1.311941505363604,-0.12805915835433052,-0.2405253496483831,-0.9506320115274352,-1.787718018471803,-2.5133131608310926,-3.332478840780122,-6.943338028813741
-3.3970835355410984,-1.3158195479683792,-1.5187251902347367,-0.584513684672649,1.5873065897705747,0.202550632823056,-0.4923804632447606,-0.05987786465422095,-1.419839567293565,-4.69509379300851,-3.793105484248567,-4.06593130454711,1.321968206572976,1.3805745469775395,0.4853187660611186,-0.07829783260054307,-0.055102748171768884,-1.6274720248414816,-3.079565925064924,-5.804950960072504,-6.6863046696878286,-5.943130359068998
-3.9351082472727916,-3.109332034379522,-2.225626753233203,-2.064571928476184,-0.3126921557708207,-0.6537352058660044,-0.32496851644514513,-1.189559349394239,-3.340406194596892,-4.0982289415813415,-4.581174882862977,0.4013562073689512,0.2811769934849483,0.4157205206429728,-0.1132293881421792,-0.9268552184087234,-1.4324565944787013,-4.164832606933971,-6.20333512863295,-7.030558158467313,-5.842269265322241,-5.156479752597642
-2.175910010512038,-1.3708157665253606,-0.033426744715035206,-0.024014862112263523,-1.1179793421007422,-1.2500990506548948,-1.3401155329539398,-2.6500384868610953,-1.2337339856134637,-0.26284158193291096,-0.49166655893242617,-0.5416327824360548,-0.9793293194840049,-1.8748436528249042,-1.3572185336625653,-1.3516880327664749,-1.9620431172498094,-4.842033785835595,-6.272334479016673,-6.094399457263893,-5.500894857711156,-4.640065604165062
-2.097679118644002,-0.012789721104671926,0.6987656695168136,0.3415370427179936,0.1487066014183141,1.0388447451734344,0.7761284143121249,0.16346457222856073,-0.2428233808000131,0.4449109034684926,0.6217089560549108,-0.413881096053556,-0.19325012120597654,-0.6528389272980062,-2.443787195787478,-4.918366003884093,-6.797252585016861,-5.184460667220908,-4.8277283989286595,-5.536051271862598,-5.25893429599029,-4.865932533502446
-2.0479473229201997,-1.5867832130100883,-1.3464797986426627,-1.1212442397517903,-1.1481953627101624,0.15342588391781103,-0.2775744807918989,-0.03277176716386809,0.3146712143197005,-1.1441967974633387,-0.41935774215370153,-0.2772043260054255,-1.2766269541220987,-1.5583556890080779,-5.222102663962371,-6.747923936677394,-6.417434241444265,-3.7265890657404857,-4.409200863055364,-5.155526597544035,-4.710038856822379,-3.9365788317586263
-2.298240219875007,-1.9867726134292831,-1.6435411785399603,-1.3592990447587094,-1.7833052013934507,-1.0596156367059981,-0.7650082433787236,-1.7227667836263194,-2.4967115159546016,-0.664030008157832,-0.36318750486348467,-0.6927962418570871,-3.174554706306809,-4.008814924225245,-4.977672947484938,-4.900021337854819,-4.0248689729592595,-4.723771365120151,-5.4732147735503425,-4.838187260418953,-4.488777586496993,-5.3198932300883515
-2.331293682077628,-2.086535322235791,-1.9608043911367052,-1.4042820891506398,-1.8309163369168604,-1.3628622529445638,-1.2589022327576034,-1.5673200330436199,-0.571464128974361,-1.5052903533040172,-1.6168285318189444,-4.028327514190429,-4.6344233537253965,-3.7149888744755004,-3.6779586829724136,-1.7126538871751946,-5.000029371333137,-5.465889810996744,-4.423269589868873,-4.536148625667301,-4.139158429283747,-1.1107840499322648
-3.139857554441803,-2.730534153055781,-2.890087785050673,-3.4379230921781616,-3.3663052269156983,-2.5686548427131486,-2.030385923469717,-1.9651067270159033,-1.6091339509413622,-1.855191773796156,-3.5954896026614382,-5.709492569663465,-5.830224931623517,-1.6648817592747438,-0.5840015083572968,-4.496862871811475,-4.37719254374937,-5.374694655910566,-5.458869239480716,-5.4996599692071255,-2.5215916702908623,-0.8932844576673611
-3.2858439580860592,-3.182825720242315,-3.485181749903447,-3.784218379623615,-3.3174123165916507,-3.062592800792041,-1.5967312034573553,-1.6906805102547475,-1.529623521683637,-1.475429315149926,-3.553630369825231,-1.1541069390305236,-1.8852318922474653,-2.4140720969194116,-2.0338789799653765,-1.6950401354370082,-2.203725246067308,-2.945532267728243,-0.9444772769936548,-0.8654432357193207,-1.5014756175864399,-1.0461354211998815
-3.8065805110606066,-4.071529993976349,-4.385170229356335,-4.141967181760949,-3.6681527722532294,-2.0316791994787295,-1.7892381434266154,-2.764733653961266,-2.60464605243272,-3.4949227491452834,-2.028819917554179,-2.1672239813639083,-2.6430979553281397,-2.423480735479228,-2.9130040701265973,-2.7701846511029555,-3.2189911600057743,-3.449139632493144,-1.9017932796734096,-1.071193769302729,-0.6079298338089225,-0.8025016119310723
-3.719520824056833,-6.170364207491313,-1.3434878140510986,-1.342327933506897,-1.7411391114896186,-2.5598420316921255,-2.6450620568766445,-2.4246451017051633,-2.5346642476046095,-2.7811371959888436,-2.1418462679629306,-1.9393064202524677,-2.644861031073864,-2.3722370055158115,-3.63932531256547,-3.5963649327190756,-3.118362298826517,-1.4974396012814652,-1.7001469210998168,-1.0282650080534346,-1.5481547998706602,-1.5041138476405849
-2.9900072637792103,-1.006182260099802,-0.6901817696966327,-0.9973390563762192,-1.6490169914673758,-2.162783318269544,-2.653157089148251,-2.794599343165703,-2.787768469133149,-2.223795424117663,-1.6313824072054084,-1.8851432606750096,-2.9165474410018137,-2.332923468100563,-2.2925132645816495,-2.830443012305477,-1.303557138369453,-1.4507787410499857,-1.3774217347713495,-0.8871393961465435,-0.7834314546992065,-0.8369521167586862
