script/wind100m.json
{"header": {"parameterCategory": 2, "parameterNumber": 3, "lo1": 6.000198445256149, "la1": 58.999992894266676, "dx": 0.5, "dy": 0.25, "nx": 22, "ny": 24, "refTime": "2024-04-09T12:00:00.000Z"}, "data":
[rows 0 to 23 of 24, columns 0 to 21 of 22]
-0.1954442436543852,3.212678010247021,5.512344323905591,11.140149675470923,7.673492378582571,7.177236284149753,7.469444298107508,-4.978733873347299,-1.0417892900126628,1.1544888112606069,6.125831585418961,3.210347597062084,2.3574457242279663,3.583649135852842,0.5592939466473599,1.1104545564528014,2.3592777618992478,0.6871233990005258,2.7459944219246784,3.468953707460454,3.604492145990112,-1.168925391043208
3.363377567659876,3.580130064731236,0.8932211391182878,-2.5083181915216817,8.639957335734733,12.491139743592292,6.297633288118518,1.0833847828568137,7.650411078257331,8.668198995777313,0.34762663200355093,6.500059637572949,-7.21349225178904,2.5011357302148953,-3.2507355966435747,7.334482939359089,-0.8648419126159218,5.082029635837341,-7.896488823169379,0.7625984403871133,-0.14125373763335428,3.4346532699766876
2.110751332599368,2.2303955967470146,9.717064279720722,-1.1755559402683902,-1.22429179127276,4.63072442745636,5.2631374225903285,0.5459454140808772,4.134416766907874,-2.835015438642038,1.8903504698036602,-10.324273035108456,6.6688335348988454,3.842401632586681,-1.3056304182825804,5.240705701080753,0.7486166703525527,2.461316988440213,1.530493156356122,1.767711135658906,7.2076551600004155,2.0107736153685205
-6.652769920830369,-2.2358464574353114,10.095530134386374,4.88075937511361,-0.14824371717397977,8.458704543478316,3.566964730405811,4.163622382904896,11.151497541716301,2.627579695237993,3.3291983349663026,6.979759516519207,12.958037493083697,8.260569021278087,1.585954181447567,3.4716169747224273,9.715165700663857,6.022893468005365,7.40221945921327,5.198787250590049,4.841114803873836,7.819012631304847
0.7864561682519555,-0.23515676583301545,1.5073721241551945,-4.369976804918033,10.125023139459273,10.463234800096522,3.3781179981555574,5.497686693464721,0.43309420222763023,6.741298759463477,4.203872010342568,1.5149546585029885,6.343167993721674,-0.1183424210332469,3.7597067665149373,9.501351071531758,1.6099620391152873,6.249327672131452,3.5691670633905277,-0.23622828946605556,7.022056302077647,3.986426262465532
-0.5530531394100809,3.2232694356599083,9.229039179316478,0.10451072912580422,9.92397021962853,3.9405522187150144,3.65655359183868,-6.0718954143395205,3.2525635599184777,10.658441500009868,5.395883116213704,3.519517950517467,0.6544760438367735,0.606387255051625,3.6746578341630807,5.553645819712915,-7.620270482698026,2.6617936457219598,2.6573948679635495,11.880342067054016,9.478927726058938,5.941601514385295
-6.008854812409686,3.3852219659909792,6.312077035713941,9.397736886460292,1.8573713053211465,-4.092752572238026,7.674611381375053,2.938328688833702,0.3317131199373512,3.9729642175163336,-1.3998369913960573,6.444475136931141,6.086672004619408,-4.246835372116589,-1.0810496608466318,10.659633349309694,-0.3637191087336979,-1.060573519553367,10.122882789440487,6.832346784560805,1.369423658102922,3.4939377601356414
-2.0879283933667376,0.04994674875215782,3.171238700081662,5.708993144009805,9.105101899097724,3.3354166800815754,12.651172098464844,3.9566839144965766,11.676111315119712,2.750145714962415,6.8550650941260605,-0.37136400390184676,8.76964144270434,2.48530099853461,-0.7068615881071014,3.15183167672403,5.040157067516016,-1.435953209534725,12.419451597370106,-4.431554426268395,9.882067459891998,4.594864931161516
-4.308089962438966,-3.830033761488433,1.9709222815534075,7.368000662382222,-3.867736015258887,3.797631536890771,3.409357277182609,0.22670229452889815,2.9046978335118716,-0.9423943952399655,-4.34024757370612,1.9095325904006788,6.4329206986211664,4.798011646065958,3.401783202281027,3.823180289613858,5.717073294263898,5.232518131590081,3.4345891800194384,7.717747418395891,3.223879590417975,0.46047865635369084
2.51412012968498,8.090483545623949,15.08956157619017,-0.07078564476041549,4.697967229717815,3.6637026523356386,3.412290350579691,-2.2115372885841,-3.3106074038417184,7.405231730411557,0.12974273316439647,1.9023219683009642,4.441974363815515,10.067805807534823,9.358095639578714,9.796743343597695,8.494554506008829,0.41651241754251106,2.283406139932836,0.8368736349924887,3.643098358031991,5.193066070787341
3.1487520180588024,1.0911565983630853,4.5264672832681345,1.9039082873322337,3.581613124104647,-2.206203694328084,11.685374604049503,-4.6053229920935355,-2.8291496059201244,1.2592388224511823,1.8633391416314724,4.408664480423565,1.9334725487745226,6.911536517705724,2.466895235236883,6.993532993900994,8.493689671923052,5.470566682258287,3.249190055987801,5.196263064729725,1.0348874290487815,-1.0810191614449145
-2.2912882464878237,6.641775974463242,2.579031652123022,4.9271454631576335,11.81920279822978,10.212233272708618,3.8674314858304903,2.2785991011821802,-1.1393132635951233,1.541052503566118,2.13648005598436,2.540795051940699,0.721857144905484,0.8590621448350978,3.341173536412188,3.355284882194566,-0.350584467655945,6.93765668196775,10.717449942430104,3.8746033599534684,-4.241270141505756,9.913922751761788
-6.147639677585371,12.403731461766997,5.273805844134108,4.93453530905358,7.5469902873637364,1.3252682452715276,0.9438770273901858,5.846177429141733,0.5692753103036157,-0.1040426466079226,-2.6528641721112947,2.682021014292069,-0.08505367643740135,0.8332327859862781,4.965600560232464,2.7893547707799526,2.9400716180414666,4.838685389227661,0.5287496750216382,-0.8779219257078974,10.730668247768666,0.008851214591025523
1.3731200556888128,1.5576745630360733,3.0669406469710827,1.933023365078269,6.465069051554544,7.226785670677129,8.151865388080791,6.669985949264832,2.0051840245990507,4.968644502621917,3.6532217317428763,1.9967662622801419,9.763509482790973,4.722586287182753,4.524676884935974,9.170545859101475,0.7068601627467793,6.7051584115088305,0.29388387675429006,5.6582745693866485,7.8664105201542815,-1.705824215401003
-2.7784645201399543,2.09284476134496,7.995751308328323,5.318581540352448,0.9582240151870576,-1.6162455655393366,5.871830082090887,-0.625928832308339,10.911834847077198,7.6838615323877395,2.6469156281258805,3.7631828130953346,2.898386625049418,1.8710842422638359,4.861874292700692,10.717932277027822,5.245166017123835,-1.3774321013276283,1.8727167001577432,1.4821357605297072,0.6884356649818877,7.363989618567781
2.1380731492753857,9.011329589317802,-4.594551124354376,5.706161675319259,9.925121743361156,5.94615026986654,1.4050872355004782,3.330711670498131,0.2292495139282618,6.110438033970034,9.541950724543973,7.4916005178713805,5.240682647818615,-0.06767783056105926,4.432704253177979,9.697019781867532,7.615141026368265,5.619468129159311,8.068666046129902,-1.7231918395088615,1.0838686311588135,-0.8422447118137639
-2.7262002154427156,5.432023820385524,9.727039260131038,1.2809128935005996,-0.09777844791268124,2.26032564917,-0.6370933566518763,-4.886492172801462,9.318210833314982,8.396955361865347,3.8014370737887337,1.904339249098736,10.048045783072423,16.252371300300045,0.10495373770422944,2.0874156134078894,2.8789674690762546,4.735808031467488,6.691963725668627,3.953456326942501,2.114812165249264,6.588650680596128
-2.050969397300423,2.378509329103512,0.49410170510197254,13.404957290742527,-2.532351435219243,-4.9788383123385,0.0861523100246533,2.9827313440963223,0.5302517525148639,1.8100497682213668,-0.23753911442404985,-1.4337684952799277,-0.09217024291248478,9.57852605640745,2.765835264613432,-0.07286176453474237,5.439100380830502,2.132267221277918,-2.138077193654341,-5.43589818050322,3.156844040165882,4.792831257823164
4.151887091928682,7.593492025293814,1.4541167448386236,2.0506868242359473,-3.2217711617400733,8.830203120283057,3.7245166976709396,5.633137236105701,1.9156581707574603,-0.0266546374121754,-0.3369962987279995,7.086113294599311,3.1386047831157224,1.7490217351268722,6.262623505971442,3.532789297969113,1.5931401184762604,2.314600745513392,0.9483680379663461,13.219583633399,4.666249893634115,7.585417864821969
-11.06045887353631,7.75727106130633,-5.484510950533672,6.649377216219092,5.781355451379023,-1.2389482109673646,2.569573176794434,9.416496759511057,8.103048346263533,9.406265352836868,9.408984927091293,5.252899019026141,2.858435410569169,-4.282477481479583,4.39805952863112,4.393548311429061,4.4297986745727975,3.418639395713731,9.129627891814508,8.713367460730561,10.231700519292778,-2.3748001531952947
-6.939285794109274,0.5404383598403061,-6.718375548410203,9.240694094934653,4.095606840652321,-0.7728371958111214,5.644048143905843,5.964545908531488,7.778646871849229,3.273560913434739,4.918855789201172,4.354319627330839,-1.7630330478293292,5.5105233390696915,3.5931201615971506,1.5349959084073181,1.3503555945950487,0.6661456697084371,3.0883215264232775,3.491454409230145,11.109098799880998,7.072253944954679
1.788095455121134,6.079440584957414,3.229338770762598,4.415305055299065,-0.11965876164286218,5.122918684512272,10.058759456918335,6.626111507034935,0.2126467930803015,0.2527374703236661,2.7192546038941097,6.271624755944377,3.5505597017587873,-2.8217542156682507,2.922016257001159,0.008155970025313146,5.842474939605032,2.1682284086635515,9.326273473922164,3.6043014426565394,6.2761203115420985,11.176651247935657
-6.535012491853504,2.4176273194362983,0.7976012292373053,8.605142797774205,4.409151811800025,2.643512645638518,7.461394014654917,2.435390273895809,2.0011493453415494,3.925035126962125,10.855644555675703,5.707299121215389,5.4939793116379425,-2.48104626004285,4.395934724847524,13.292256765658662,9.451936474352607,6.028652018780164,0.4303201489878603,2.6471747970587995,0.6762544170824858,3.379813238348584
-0.7786722054693885,9.061070245515912,6.214625186163914,7.589798910955435,1.4945535756656134,1.7329382744754345,-2.8702560378488853,1.7106490486813615,1.588944017266542,6.545331215528,-3.4443029708412105,5.238581467917719,3.0489161136775835,1.747748941270227,0.9106976926358792,7.136150427469793,5.554659986784916,-0.05199511576950675,9.023940350673984,4.082608639595645,0.5304826008549091,-2.344862308624398
