script/wind150m.json
{"header": {"parameterCategory": 2, "parameterNumber": 3, "lo1": 3.000054539987559, "la1": 64.9999836372058, "dx": 0.5, "dy": 0.25, "nx": 34, "ny": 52, "refTime": "2026-02-28T23:00:00.000Z"}, "data":
[rows 0 to 24 of 52, columns 0 to 33 of 34]
2.6012657562016517,2.311164545185764,2.1903769062155667,2.3640039486628184,2.5395524093957658,2.8264907688178478,2.683247990578982,2.4710889891946177,2.5987657333005454,2.9005585582370843,3.6146558908153352,3.6746637733395624,4.955823827622155,4.5149069874715115,7.404720892181649,9.96543281974365,8.896091450324082,9.138922233358677,7.059606137974097,9.27991879378998,4.02306880723196,4.858491814452446,2.192379095799248,3.5195163548092725,3.2080163243552855,1.0536769188573079,3.0793274863215068,2.7971355213934626,3.5136489249954184,2.766427175988694,0.6233195824979417,-0.0863967815710849,-0.625939144308197,-0.13554495943199257
2.577240103973548,2.4929964578908557,2.5413912781157224,2.325129422619999,2.2168170973546375,2.3131927305677427,2.1792172256306674,3.6221966095555924,3.2633668601719683,-1.7796161928390017,4.576644059890095,3.466435332182169,4.246605352071874,5.626676098545869,8.317043460292163,9.443823825133292,8.173638327037386,8.746386623646528,7.256751256066072,5.867182348318694,5.497086606557762,2.171654791844064,2.564214843898172,1.048974827453126,0.23886542361590157,-0.0873645504462876,1.9361829797785255,1.3373686942937648,0.7538862881581148,-0.9661808602278256,-0.9091312116206309,-1.1765060441331314,-0.4433555798098865,-2.33429072879657
2.874406143911473,2.7961555590547302,2.503339828545144,2.318603296815098,2.039384281966076,1.9353124455524828,2.259473692524906,4.525670177557775,4.160729148285396,3.7381982935824443,3.974197151296113,5.106499442071084,5.6003494729776095,7.506289791999422,9.184900116104622,8.073800005729064,6.047372335414294,6.97760180542357,0.8739220898541877,5.148218060360484,4.8486304346753615,2.775796902915101,2.5231185932417195,0.9858722831934836,-0.8453861684997599,-0.15050868408643145,0.6520009691186683,0.281938785975551,0.3542957352652362,-0.8470548381609909,-2.213451578604919,-2.364997064917746,-3.276402250240696,-3.7793067536213063
2.506019583904861,3.2041580727832053,2.194414532259067,2.227970789490486,2.8480698362503194,3.903312767876979,3.604741570691725,3.310502103619789,3.7175312156232834,3.9996975174968052,5.307089152414468,5.262201447163722,6.97567986346783,7.553343752439196,7.653503384967773,5.815415315910376,3.35352605626202,6.872105481024207,5.198892913795945,3.2089027035171798,3.454889906788046,3.7731604373570367,-0.2044383816723075,0.20281343721313658,-0.5774020965795964,-0.02760868425732951,-0.29779339439233005,0.2487036655207145,-0.06050842473575036,0.045990973753453526,-0.4777048070340455,-1.7497503665433367,-3.5534657631847915,-4.600077539427335
2.1617459628032734,1.9649286771884533,3.0071214260625716,1.977744938833656,2.57997719929994,3.3658536557639143,3.755338271925811,3.046116341342459,5.261158637714688,5.148422024221714,4.8002036849838445,5.966787738836097,6.0118899447556196,6.393738063663292,6.4324792530541774,5.395696495423117,5.466631885002482,3.443249190426685,4.509544168373604,3.4633485982479866,3.1616523029547494,1.866676597559445,0.5722141893938998,-1.2598416083741515,-1.0482404075493879,0.6119328909476351,1.246992911451553,0.10536324840566166,-0.6898945984792765,-0.9146337679447083,-2.8626393017490503,-3.8932446616531693,-4.079002186253198,-5.511595274322824
1.3552053352144675,3.8508784733079127,4.043890209205893,3.5930080356238427,2.7338117262098693,3.257940783728211,3.4764921832038076,5.194325016456595,4.548817556967429,4.135525373558951,4.543721585977637,4.3208771169143905,4.321915802825051,5.463366853859943,4.1115953087949695,4.519277081081897,1.0834400805071271,2.358488012018032,1.666563353130268,3.6869839206351003,1.7440439653654982,0.277986532623676,-0.1680054838131933,-0.2779355796568024,1.87217723455135,1.2095024164668782,1.2922155714185384,-0.3019214989247107,-1.0404844308219479,-2.6186732857407886,-3.0043483768457038,-3.3666005797302088,-4.534679063727062,-5.935655964153895
0.9205806050139526,3.0541163219082423,4.129668421419399,3.3700842160661817,3.2304705687807895,3.4853805047487603,3.723490921406759,3.772359984954638,3.4317422829036586,2.7917656611558286,2.9108423958990626,2.4734743146400096,2.9236004948940537,4.754221504757468,3.6523516574698114,0.37557603429029923,2.0014355271036,3.367594205411111,2.016454734230517,2.6830952033120914,1.5320228838191792,0.44542550868943737,0.5594841692526751,0.5067283422869969,0.1378740631903134,0.4196466389902852,0.2797648335635782,-0.4187454144541493,-1.871454849898537,-2.712438173709491,-3.2515223016609887,-3.130032424986754,-5.135326349507369,-4.593311558785292
1.2400921474182136,3.4437240463262095,3.9020256802889692,3.500929072524258,2.7929471171070603,3.8714070047803446,2.860022303422341,2.5499767653661416,1.575694345643801,1.7248191076297024,0.27571837324468995,1.0495951876268785,0.27488002866023187,2.231745438458332,4.665151174449751,3.2885699402324677,1.1127231169601066,2.6090766472370692,2.6239026467983537,0.6530180215081417,1.5955876236938018,1.5086023992630202,-0.8295303541830678,0.1704429207888078,-0.8307067600699746,-0.8892553598887104,-0.9481020543346121,-1.2768571051498558,-0.9709323486846011,-2.4670413177861477,-3.883300399413035,-4.262416721430277,-4.421139427770983,-2.9479203398467178
1.7842176379480728,1.5479699310523796,3.7891550297361567,2.582308687353798,2.7573999356820353,2.7077052920440967,2.08956393670647,1.3674015932015382,-0.6972316432650331,0.018917165206949974,-0.022170636451975576,-0.8364158172730155,2.0925222262663588,7.136389391568731,6.640499159342379,2.1368085360798963,4.901898749557843,6.259175118862269,5.271140353575397,5.537216568945081,5.328702636606175,3.590213563033959,0.2816386145975106,-0.5226042344523434,-1.5733602577686816,-1.7093257958213104,-1.136899778890035,0.05447077420777024,-1.206760414779867,-1.443925066695206,-2.932767768671463,-3.5803649121158254,-2.76777980598802,-2.4189231574022787
1.9481046730621665,2.5838821055056846,3.0231480776306117,1.8877750020545683,2.668720784105702,1.6200898858802768,0.6942380489279878,-0.03948009170243057,-1.2961697244379842,-3.034983631362587,-0.9690510486158829,2.2116840016871855,5.917376156131846,5.60794515916111,6.673514788469841,7.758852033309771,4.50789789517581,4.9505739335173375,4.140410171473956,1.9100009280856265,1.5970247862445663,0.21583927333812014,0.10173901677125889,-0.03066354379111253,-0.030624475651085274,-0.6793384442518905,-0.8724886002932235,-1.2918842771028232,-2.2923152227078436,-2.1766908559180584,-2.1500054816454237,-1.4678568837737151,-0.9807021954667209,0.6624291209401854
2.5063404174430324,2.735618509762411,2.0097018793031998,2.8645018723561013,1.7961063680276363,0.1887280011568434,-0.32877492013908416,-0.6630891212047048,-0.6406694172546948,-1.313642522163828,5.970405073132055,3.2781684382827043,2.778685632197494,7.050232184566662,5.536226781798299,4.657769413913676,-0.08732268819395582,4.1361792730541,4.023967367132988,1.2092375676085503,0.6038824971540835,-0.062383050027806544,0.6532397425618043,-0.40723835881420006,0.7345872014921371,-0.5132829390645337,-0.10409687950339234,0.7284591103284626,-0.26990700295397124,-0.8829256689100189,-0.2515712368582132,1.0865417266769861,2.611983572139288,4.569583279000274
1.973431919320466,1.6357887276099383,2.508553757715439,1.830433424460751,-0.29412767885547214,-1.8135297629649787,-3.0286337835987127,-0.023402984292715222,-1.9949632570545195,5.023450337416319,2.161278467566216,6.425732666779007,5.534353157707349,-0.13442865007298063,3.8889372649872342,1.231587891088466,5.0060771384494345,5.440748801436822,5.3503995703100475,3.5580131061257623,1.905202735361285,0.04700795208319772,-0.7287505535914602,-0.48317649187491235,0.5458738716009225,1.3133642984418321,0.527926132537507,0.604968884059141,-0.8448968185320647,0.5648057998113466,0.16130251163937503,0.0037419501010945372,1.2260936141293968,2.643818298394654
1.65772360876866,0.3779941176795441,2.2754533761397515,0.41706447712042904,-2.6647758838732374,-1.2067109295163891,-2.4459826844374093,-0.8637478495282102,0.3227459447148245,1.2039126277997527,2.772295680925662,7.639295149629179,5.509840740872526,5.948322942480234,2.444331452475566,3.367762879439358,2.5343484411642487,-0.8518973328663718,2.2152445733312094,2.188385836028891,1.00063901739258,0.18639237671173114,0.5106605960772473,0.5474927123174668,0.47283043279540055,1.98649078951055,1.7431384780650003,1.946605598641653,-0.012746611267637388,0.5972981321370913,-0.39995966578035064,1.328964198126316,1.4522546704650312,1.6614555798644857
0.5366367412391756,-0.06803574997115922,0.7808752715350783,-1.636458484206206,-2.013940312680441,-1.0193800343166213,-1.2910487252513978,-0.535649272365499,3.6969077663932706,6.753865796131963,3.389813279118272,6.839118070431072,2.7490517996831483,2.5611332388513985,1.3672120002543549,0.004276475313071884,1.525767820636192,-1.0657356790960169,3.1214360751468813,2.963573292237442,1.028037921433268,2.4553740972258713,3.785067760003336,3.6448955407935397,3.2313406361742807,1.7346874755037982,2.015562627651855,1.2504341863065138,0.040336923751574036,-0.7647858382885655,-0.5046944675292226,-0.2747241397807816,-0.3301467368144839,-0.22321666011618557
0.03221215551566241,-0.16156610017776543,-0.2208034776025605,-3.3373904919249178,-1.6170013201589153,0.12197121550314,-0.9037002388750736,4.495638873624778,0.5784431494048414,0.3074875640654254,2.018017001112167,1.108965745865896,1.6321108123925654,1.3926188020703774,0.60942871991017,-0.13257382275589122,-1.4806587816082832,2.1675626918852644,0.9191555844525281,1.885023818738964,1.215784977162823,1.6068216019718229,1.8570581278688045,2.2764476706371948,2.1098855521042434,1.7866381601916157,1.0616004897446505,0.3945067754500511,-2.1341148852901397,-2.0248026358519153,-1.0196218621744564,-1.0451818661507208,-1.0809796524255675,-0.6081161796111796
-0.7043277488128958,-0.8362125180265971,-1.8570990030777437,-4.86331564554095,-3.238092598736565,0.23017092083779744,2.5097326318440087,-0.6830594503479811,-1.349947580252538,-2.361983968501706,2.82423360809797,0.33469837548452613,-0.7281437158331334,-1.249682058367088,-1.3712890007437788,0.8652127449699343,-0.8763097952756341,-1.015535294029891,0.15472869145963253,-0.4683642212872209,2.494069641618582,1.5926241839862996,-0.13280115827143577,0.28482761864901046,-2.133412744617981,-0.2618969922030093,0.6929224814960478,-0.8729172871971665,-1.9643393192728948,-0.9060416751796272,-1.3271450350241945,-1.7379537286988724,-1.527175894792712,-0.6313044015627917
-1.4701218218970744,-2.0140798898970385,-3.701158120820422,-5.959969201943003,-4.864180693041855,0.4569610517337725,3.7670495987433195,2.437526507905265,-2.0521077211574617,5.26847308036175,3.8489300312506507,-1.0720167632346314,-1.171914489992721,-0.9536301233571748,-2.6303089945985314,-0.954949960098793,-2.4606572541926526,-1.7857411113490558,-1.2542330325362725,-1.4445124776402702,0.02885976788552031,0.07438215985236397,-0.020299989629227442,-1.1274646339436893,-0.2294286242657709,-0.5238935142947103,0.3597416367908419,-1.2637513180157653,-1.6692440692753474,-0.4217602866726789,-1.22232123295233,-1.3121142003709596,-0.7039029813179887,3.50738886098446
-1.9394718214760247,-2.7433579841221047,-4.732300381717118,-7.642468872652574,-2.744884159440951,-0.2461604043407652,5.076082784069018,1.7638667610190457,3.75695237718171,3.3734937636296776,-0.9935939366581457,-3.1100381314256937,-4.976247710790751,-3.0054570251992514,-2.4406889011441772,-2.3658051085613083,-2.592495563807822,-4.228316077626642,-1.2890827862863374,-1.382682692932261,-0.9053815295676062,-0.7859934553159214,-0.5284069121396475,-0.1477986058140629,0.9603647979785462,-0.1084543891059245,-0.29930770094818177,-2.1469458151225376,-1.5170170833878331,-1.0434649766124944,-0.10314578990254572,0.5049577326579229,2.9590751169598146,3.525022569968945
-2.3597655145603462,-3.4281938899810576,-4.936315273542769,-7.891536463125261,-3.075038822588845,2.7864773271025527,3.509967921580543,0.49023453425589125,2.7657216971130065,-2.9326227995318046,-3.4418661193448488,-3.9420568126017472,-1.9144984864885024,-3.219913218587593,-5.025062706299556,-6.611804268490967,-4.582904899010632,-4.457033368303683,-3.0427140432143944,-2.6708994269654536,-2.4253894338511763,-1.4912520532693683,-2.020203819554398,-0.6946349409494433,0.31369697247445144,0.30685002083667906,0.1548505739902034,-2.127702390971297,-0.9618625018603468,-0.046735672331910436,1.401528179241014,4.562611109595881,3.232959635566144,2.921334567520992
-2.6695557350153347,-3.549682954455811,-5.309367420423836,-7.936509190082267,-4.944349563505431,2.480884186339108,-0.3218173422209212,1.8245594526945907,2.0694740375457257,-1.5998682315973736,-3.1770661202406356,-2.52407086415214,-2.323652589704424,-4.13115411590161,-7.221723269173674,-4.972039883001177,-6.928761674613206,-5.039685787927001,-4.059487599944506,-2.1904643045243053,-3.5250547612568175,-2.5242018934079042,-0.8455075132831068,0.169951348571378,-0.23326837112977314,-0.5520692208047897,-0.658034263836928,-1.0713073761193246,0.9393427362449882,1.2065914105840185,1.8801418910605792,3.70665810365081,3.37987014664759,3.129469070728711
-3.150623042214464,-3.676925938039505,-5.283442221486888,-7.352537955168204,-3.5171708083298805,4.79998675379847,-2.8305363829806884,-3.297104943618084,-1.3238755416398242,-1.8424680231614152,-3.2000387532997663,-2.251499916602318,-4.161601084487577,-5.164464620641387,-1.2689617431708107,-5.687825434655641,-7.947457961800824,-3.227405311706052,-3.2669397364788004,-1.6151566109081545,-1.7227097014976676,-2.344297811229526,-0.47593023106106225,-0.21384475626587474,-0.5621862288063997,0.20954806094258147,-0.3867763236843339,-1.025901254875417,-0.22760948105837178,0.07353787669637005,1.1103914456697621,1.328112618277979,2.891439658169963,2.7598043403840364
-3.005704750643442,-4.184439376753585,-5.217070127449921,-7.134170181074252,-1.2371415159974533,1.5622951702477468,-2.6759035608580186,-2.233708838078334,-2.1784942691870484,-0.7574942473549086,-6.276437115803012,-2.251273471740174,-7.67312015511162,-6.941332085048838,0.04805422065205724,-5.399081433780451,-6.714084155337317,-3.570460547803158,-3.914750742584932,-1.9515342626805345,-2.4355981247697103,0.11081218102491121,0.38592760714741764,1.0944080546851243,1.5714773861859128,-2.2883265438294,-1.924291364058013,-1.4277720252175554,-0.22477206802981334,1.1132983210456735,1.6085596035395542,2.0237020432430795,2.126772927599224,2.6822914293907147
-3.2610305568106868,-4.5246801701759365,-5.523113859567525,-6.679901902190617,2.420860351109857,-1.790906474313934,-0.5005732283083159,-4.675941352006482,-3.313138995481392,0.446117392603458,-4.024493194556421,-2.8733037013613827,-8.563971477441722,-7.0309985608959416,-7.621203439165713,-4.286583221945927,-4.077117578878433,-1.0637047234706745,-0.7027503145502096,-0.9918918590502444,0.35635442728222466,0.7369756305165995,0.2831489855089534,-0.28822297594153445,-0.07610783414662595,-0.8767497956541543,-2.0560969004811267,-0.9724315488428906,0.06817962540167143,0.7260934016139909,1.768935099697851,1.638079965817123,2.3423661148865715,2.559815554551795
-3.4505539639126668,-4.887949481728068,-5.346420484563296,-6.292650127724778,0.6971262861349433,-4.555630238532621,-3.709722837344259,1.765331678921171,-1.3688374911556702,-3.071599617666231,-3.8878915456389773,-1.6100915295064087,-6.354679803377932,-4.913769163171344,-9.652683849544292,-7.142017354574409,-2.575672935275404,0.1988435627426618,0.9243005846848773,0.03765933504082263,-0.4198766780793262,3.927240544688791,2.746351703909327,1.9737879568204213,-2.2711145825203687,-0.7377230230628405,-1.0893181586414256,0.014807980648181552,0.2711306247283061,0.4719925611066769,1.0619558297988307,0.7782289208598296,1.9275221161017808,2.122001005461308
-3.7748301996360833,-5.062434216357693,-5.458927126489895,-2.6169300890577842,-2.278511796905625,-4.076954407790125,-0.4287308202517699,-0.4131889191494037,-1.7143354334965795,-3.738519279446535,-6.049765100829922,-5.294662361341037,-7.53601483618504,-6.418612800780618,-7.505008764678982,-6.571778160305947,-0.8772041045943125,2.0371580796891426,1.272962304274204,-0.6559397365916109,3.609410850728086,6.364182273141994,3.7490227961553018,1.433472429545207,2.604759256478742,2.8143802904849338,2.7690782598909536,3.0059065952953703,2.8351274542335294,2.256732852743029,0.9016685002719209,3.0196906391717415,3.6096303515767447,2.8144197549298675
