script/wind150m.json
{"header": {"parameterCategory": 2, "parameterNumber": 2, "lo1": 3.000054539987559, "la1": 64.9999836372058, "dx": 0.5, "dy": 0.25, "nx": 34, "ny": 52, "refTime": "2025-12-09T06:00:00.000Z"}, "data":
[rows 0 to 24 of 52, columns 0 to 33 of 34]
-0.9464686097097604,-0.11851767295570112,0.4368270751487215,0.964270246754078,1.1657035896876502,1.787613226851387,1.8211032671693137,3.089457768950552,2.9918225295314707,1.7871275752713183,2.8946081669765964,4.125695300707182,3.866786744948426,2.803073900450466,4.160613245838729,4.318307915997814,4.710876088691309,4.309195943471799,3.4652133021578044,3.2453817376182386,0.5250853232819622,0.9997628096455914,-1.0681767070353276,1.4801330698413144,1.8373146936194644,-0.6520585671545975,-1.2167938737304578,0.5277286853338654,-0.4575361923414029,-2.2358887217184393,-2.001276431881583,-2.0364665247596503,-4.09193479281293,-5.070898213372882
-0.6954471346125182,-0.6139549483771566,-0.049059866835302016,0.43727918397042986,0.49039528885586836,1.1014923536542478,2.3375089630661696,2.828110578942578,2.2819566129836164,2.825934129518482,4.182144804607405,5.12117348816719,3.2997927549320254,4.212181036857868,4.677400565727242,4.686322677303467,4.824194596463146,4.593806040314259,4.3639702008298435,4.730201574423169,1.1228489904644463,0.702120898608606,0.36384993306763597,0.49468518636769165,-1.054369705645756,-0.6251756615752982,-1.711743359969577,-2.171927097169342,-0.8060342571058735,-0.1223337921576731,-1.1674969787631866,-2.0938058819343075,-5.377534305073848,-5.293558381998925
-0.6068912251783252,-0.30491163810840494,-0.34973619608109985,-0.37733067553974575,1.0714585369144778,1.603393454190517,1.970164446494302,2.8831836583568373,2.323142159005288,3.59601421948886,3.7122252435699883,2.8853244101882454,3.638541843711142,5.005490353316631,5.0866012581772235,4.543216408875546,6.81691383550215,2.4985104453267004,3.2027173361707932,1.1679541279066534,2.0917602945248652,0.904797476629082,-3.75976912607683,-0.6230754808931654,-0.34695638552081776,-0.7688307864921414,-0.9759491253814437,-0.9893699755626542,-1.9943792459003498,-1.2149614660731876,-1.5810766604025555,-1.7047553706172265,-2.8818099594390714,-4.068513441349
0.5300023265581297,0.9231705198773803,2.1193112128524825,1.1602437297102268,2.9365036447917885,1.9980735854106868,2.8464424880023578,4.008819743187836,5.307299752267909,6.903721300038513,4.942784240297376,4.5368293328784075,5.267519512644362,5.7162159219597255,5.794165288700164,7.4185116166288365,5.600442652602908,5.473563345541128,3.9941235464339,3.135199847665386,3.7689720800999256,2.4986132552447153,1.460822747980363,1.179015154355332,-0.7067228608988665,-1.0002069371009907,-0.4472827171234752,-1.7161224867533509,-1.3826468328225325,-3.6246081808757684,-2.3140502322236847,-3.0096129726077727,-4.1808814110167996,-4.080477185376593
-0.28543995657109344,0.9565615432078695,0.26239390722987666,1.946463666652733,1.1860654971339097,2.5070175057274935,2.807220724765926,3.0431123608107273,3.498732888215966,4.682948550613764,5.150974683039459,5.2492470088768535,6.130516440656687,6.375603326826118,6.1101492484976045,7.197850640583948,11.016058679027637,4.039311564478481,3.0725962415553187,6.764349943702211,3.35653495593714,4.945918618912344,-0.7203737760284831,-0.06918238867212123,-0.2387753306748372,-0.6378250967862225,-1.8018954180286175,-2.3534327070915784,-1.688476157897461,-2.930681227327434,-4.00830607279172,-5.117800928649049,-3.050367095787698,-3.9139154491970283
0.1583732477629209,0.3627567365497789,0.561679049366064,0.737051867690845,1.3334656431994059,1.6916820199811238,2.64759391240864,3.1409966241427782,3.812395659192236,4.157894767585423,5.251173700143367,6.048052318902987,6.1720264195361505,6.666748742384224,5.859869930621491,8.785970564365803,5.363713312082041,5.2603149780101015,7.726791791886014,1.4777952105721441,0.2680245109878199,1.315892362632958,2.2142460330713027,-1.1642856242611646,-1.2767785633958022,-2.2966765550593173,-1.7924014032424564,-2.7177077533545186,-2.8235847834665355,-4.002142641732403,-4.49601153519272,-2.419610771144199,-2.659786406989246,-3.6058761591639565
1.0832698521326627,-0.26611271149236104,-0.1464024884357972,1.4246290667520747,0.9566652832130841,1.3588284897286471,2.5241765732623582,2.998059171157167,3.7222504818192177,4.494085390923407,4.993526577997881,5.882361165973778,4.5319734574604436,7.092308503590501,3.981632742706426,5.323403280355395,4.11047142238968,5.739062744296855,7.3406630030891415,5.271643320835982,3.364244609058013,1.1843950101041594,1.5872513388261642,1.5272200535335152,1.2804515067168818,-0.07205196704866228,-0.15567475574204187,-0.8232928073070661,-2.7109643219664257,-3.6064645851914854,-4.228916980634783,-3.469362076869393,-2.9838201645953344,-3.142577569193769
0.3474189296914616,-0.02413018212567216,0.20499994355779813,0.2948358661499073,0.5355509659468107,1.719976337196026,2.237451717224512,2.427789608707464,1.7396107561122662,3.0260469991611196,4.9205946234758615,2.583222213562951,4.97968497185315,10.455380038687013,3.393297848986669,6.215653606040402,0.817787604774504,6.066792809547497,8.212415029998915,5.681890603602219,6.768749243420727,3.702206968483668,1.411254193493391,1.7260390902912797,-0.7439975076656847,-0.3752817444412144,0.3127656186736628,-1.083090271606906,-2.427297569375481,-3.327044143754256,-4.31122604676682,-2.63461679904469,-1.5239990825281111,-3.6520319133444348
-0.8086832660049756,-0.7212664646752457,-0.7597153642943395,-0.48401295692018925,-0.6316251070492978,0.3693110889811139,1.0518510191905215,1.1265766609142367,4.2689903239039175,3.556632377286852,2.122753295422331,1.4329797357272855,6.440644209026775,8.388177992296852,6.966206196877659,2.644755909305472,8.180168801339303,9.804706351005803,2.985791292364845,5.019023052588228,4.029486769962621,3.7143843210992253,1.1241273106665255,1.5670502104711432,1.434113617881614,0.9449857292102903,-0.14556513239546534,-1.491710337290897,-0.10380948558533179,-0.8865091864470825,-3.0961225125668763,-2.367172329055647,-2.678186239621831,-4.724426836541456
-1.6347501508399283,-1.8390708557429538,-1.9998443385518545,-2.5568327622392943,-2.076735915159254,-1.1200483250656879,2.415730423483188,1.4235913627322296,1.041752978701824,0.9082583643347324,-1.3237609594073483,0.49834712476107496,6.599290197371588,8.25543361462194,-0.18143061967464183,3.6233192596279724,4.601111912041459,5.583352746396684,4.846036199040964,5.562292521560499,2.7521793694813215,3.2254473777013466,3.4682223005422577,2.1129787666162003,1.629404449186484,0.9470838248601475,0.061391281771801504,0.4367465290847972,0.12971487842133617,-0.8282735878982631,-2.162586360056878,-2.153669603033421,-2.7224325388563715,-4.4794868197642055
-2.61371685486843,-2.889431384442581,-2.8779658516824904,1.4751382770921206,4.085697631697625,1.6130679206731962,-0.005479469261941298,-2.8275544272919815,2.962713987652866,-0.22221605471275926,3.5579233319596297,-1.127960886026061,1.2960508052980466,4.886819553455914,6.565718438289739,2.9835579789039968,3.3344914324699335,2.0598271348471604,2.6708946209808975,2.76189605856901,2.32061384651192,1.8924086935841393,4.705033157592351,1.9051942091180456,1.415853017876661,0.5947767794545978,0.8063775391766914,0.9607796835671436,0.5319421703103221,-0.3111017928098688,-2.2581082855089507,-1.316081738372019,-2.9461266144229246,-3.839728609344815
-2.931852210361951,-3.386185299219448,-1.4084300338091416,0.15963842313582097,1.357936735982852,-0.14207046258834014,-0.02664235195001687,-1.3370354514226002,-0.9451416536737716,1.7161326217202117,1.7289006282632946,3.320719388705097,0.7659598983238922,2.031795175748782,3.289958562866236,1.2530845101575552,0.2137693650402573,0.6911966311980189,1.4979404353906531,4.820133191901428,3.928458881575613,3.344382995834316,1.8261220569729113,1.045226047437805,0.44880918316378243,0.5088173174409407,0.12858500092525033,-0.04972328364358455,0.5867109755305383,0.026137456478104167,-0.10669134945347279,-1.9669877697897367,-2.327354304430444,-3.7768854896578636
-2.338113824185456,-0.07813598149919193,1.229542166099233,-1.3502823975054257,1.889367204884398,0.1852172134136005,-0.18861095971194983,0.45664623305274543,0.6758608715574296,3.880969148665713,4.057575825970388,3.0603495275501973,3.8641393857541577,2.2418160774410993,1.271006621154546,0.6683437759810075,0.6580398211679047,1.2694489961523048,2.8394587719708446,-0.5733124290456013,2.711743018579773,3.1620280242944148,1.3974947636198045,1.9443329427078897,0.4992426386051503,0.044602209648348094,-0.04322265465468028,-0.09505112722283934,0.5706402393679652,0.3058250575180919,0.6019471992759075,-1.538690153307155,-2.6696950542431015,-3.3487117001957323
1.8740669494831874,2.610753072994941,2.8088499685722765,-2.245724893003462,1.502459972027626,0.506691969849761,3.9170425292561,0.4641404935189581,-0.5425330720576967,3.5831568077573466,2.783188503982615,5.594499508248399,4.317852991358471,2.5705070659986045,-3.8884607097409836,2.5355711812792214,-0.1830200936203267,0.3636127488694132,2.2296719190480547,3.160109027621651,4.329373987527243,2.0232256043064245,0.822332343422245,0.7758270906951072,0.4404412072722076,-0.48677429916456294,0.37162726940660984,-0.06985300673257466,1.0028106689370369,0.24129728186436203,-0.12398274970823343,-1.0043350051756208,-1.5885134800842144,-3.363686982739736
2.1793634444558085,2.555663949943719,1.624640235643695,-1.510784791989086,-1.031326814786034,-0.6462399430253494,-1.1347462309788099,0.9188318760728255,1.185131822245644,0.9551208553583721,1.402186333453345,1.6521603978362402,2.454004896874712,1.756799917030374,3.7668296281195803,-2.0416493137953364,1.3157810342721488,3.0378662842776443,0.3993365626423594,0.779437277936,1.4828097575848243,1.5137277599973613,0.022673409681419062,0.9792049344011864,1.292299411747508,-1.0707632017412156,-0.26216841856332096,-0.09392204562222194,0.5047619379469074,0.31415493255499255,-0.889669925004282,-0.8751995668716519,-1.3491682358626609,-2.5156491476019016
2.1112041449686774,1.4845258753663526,0.9701217067220249,-1.8021481255181147,-1.9776657526127326,-1.5956902640736694,-0.27684016194904043,0.011239237831420485,0.714659354156407,2.7600820793307808,4.258839369197052,7.400501480313439,2.2833979861221385,2.33580456071521,4.386999604307218,2.2204813325573807,0.7481073777707049,1.1749211801484023,2.474415273946054,1.718038502074486,1.4346961051081213,0.9793203413881316,0.9483754636537539,0.1439041886498263,-0.20128528584734592,0.05895713089552458,-0.04383889275667383,1.1075460798942762,1.0694420093950703,-1.0779273651710857,-0.6541730796183434,-1.2473445672253376,-1.060744895498722,-1.6277584899187363
-0.20178241206921727,0.7498909099432798,-0.13900669735348115,-1.662341719612474,-2.1885142273492444,0.2420129959396929,2.613675202384976,3.1803163843354967,-2.2978130075320333,3.2301214133295746,6.083699935924409,6.719168940751573,4.9360734223788585,2.2001766314137448,2.043292638412913,1.748869596998388,2.4262473928403585,-0.791939415362636,2.93285224919844,0.8913925323011449,3.2129044834036,2.229640474506126,0.3610816270944991,1.3509963819682334,-0.8093455339297753,0.27025927346800493,0.59312810227307,0.2674041197454522,0.6301169605005346,-0.4615633973529062,-0.25834841985808776,-1.0537243828305556,-0.822888497319254,-0.7640644219206084
2.3713666616613596,1.4594770194078743,1.555072339566266,-0.34412863095166085,-2.595138118526229,-2.976711420426038,0.19970274630246768,-0.20599016840376494,6.581037581989309,7.785461548235652,5.441674098153251,6.561299584780682,1.5911564582948694,3.208957329563467,3.089272395627424,2.9603966262373436,1.619742333837938,3.757936768279729,3.164160050294239,3.204679834157128,3.0464825832814344,1.916092725537955,2.470055299137653,1.7657295306282323,2.936190673575923,1.7148329738608916,1.1434138923924315,0.5914154301233373,0.5772764927687573,-0.3366158482999994,-0.6844653213009664,0.3168879486457738,0.3607761344712969,-0.09587380343793865
0.3998604703868668,0.23233682096335065,1.857686054790051,1.0125568631954744,0.4739254488285474,1.6895344751773482,5.060713089881255,3.445994571390876,1.0887758716382157,9.511445982686155,6.843795836675219,4.542760154991588,5.335575113623289,2.161604938635196,1.748325832174885,2.388598380505817,4.132061751880177,2.2715516334120123,0.7855095374601866,3.0056917351394326,4.398875033684975,4.6641525225636435,3.4507807062679015,3.45350692539287,3.1948171267202614,5.385561121024333,3.3551393688789637,2.3780634360475466,0.9020438020458789,1.2499792595835064,1.3109809028082808,1.8957988085254283,0.9349146372205498,1.5167451254159845
0.8817246806650483,1.1324507508098935,2.5591341938274725,0.8088504088741835,1.4809643886012231,1.8860598410547593,-0.41414774267218873,5.086807595654737,5.722601586043708,5.531005229111505,6.2161354253674865,11.121377358703194,3.7572838334202183,5.358939068005849,0.5707802126634314,2.641766534201324,2.24338533693181,0.5539600229114997,1.98063706129086,3.308527693236815,4.014330591333613,3.8474221013842413,5.008768718531585,4.469752804330489,2.8446470167819844,4.3115364335110815,5.504772910844897,4.357328402588842,4.518049356782849,3.234754634252895,3.7664857550427007,3.934481895053778,4.102579017393921,3.2656438853396303
1.6400795444947531,2.6873757848210613,1.133036709411196,2.719583384754472,2.7727923395491154,1.993927702085406,-0.06630806042765561,0.8879304594898394,4.596483058173314,6.3688479048537285,6.669553191584296,10.47480090350425,8.402429098801091,2.692514929248889,0.2379727068564247,2.8439170149785458,1.430962162872346,2.2097721153547747,4.76659985694141,4.141480486298015,6.261025253023138,4.423705718037059,4.595853081306784,4.569406369488904,4.353715537597065,6.84967420110484,5.024473631854355,5.413871283219231,5.420987427230577,5.832164454811746,5.972082837662146,5.946089847437679,8.122479871527755,8.919252012692699
1.8270601410203082,2.1645393538035798,2.2240532526770176,2.8886946572358254,3.0347483864417817,2.146280961580386,1.4768731187195157,2.48064462238065,7.778818219447455,2.418166374995799,9.180663655137078,9.046920826618932,-0.041579893780249094,2.493818691604249,2.893275475460073,-0.04735263530441771,2.0483071604041636,3.149637454207551,5.752519410798483,4.700865149897852,4.729319099591373,3.5959103981433955,5.000976003087907,4.643825020241317,5.453497359804701,5.4046772883241045,6.266122399579066,5.719637541154243,6.5885020846471525,6.84344946134207,6.88073378682481,7.51178360812439,8.18290553699829,10.317088213027308
2.2251937425782176,1.8636353105930825,2.7077935655321825,3.4717149052929726,0.2080209276291563,-0.28635436506591055,0.8487458585068035,1.5414395380211752,8.91400970547534,7.627403143176131,1.7490283508013256,5.701866562748021,8.07947442462188,8.461172045774275,6.174701167408987,1.2687311104762724,3.2180643899262487,5.300876687274191,3.278423943669339,3.8027463865498063,4.9870843239736,5.295217943934035,4.974545214442415,5.040706018857331,5.674249360011332,6.992790648870268,8.045958850759229,8.411905360801466,7.614777508843745,7.068387634422999,6.513636714332261,7.449171847841136,9.335769776925712,12.660298883170777
2.3459306759660357,2.104904498796902,1.929088632932161,1.4090790604877876,-0.6687256235303989,-1.1107759409466296,1.3553613903723243,4.348965930059264,7.783387717725625,3.4292616080476863,3.2614863172726007,-0.13696458069543668,8.780814997590024,4.385071684116949,7.728005603470353,7.432499760320891,5.5728403061565235,6.473262487702396,5.770819245739165,5.47429059121177,4.495625263249663,6.045280119096827,5.471992510622312,5.469399331992279,5.450900058205014,6.770098341326791,6.760670418376174,7.564957731369752,7.311003417428145,7.374665989223177,8.137449566416661,7.198862359164006,8.42217540835449,8.934032220334718
2.78724453672147,3.1336778695715983,2.6313430947469194,2.2267878676634187,3.587094117761496,4.310596045120686,2.40740479533886,6.161155544865205,8.066444368055615,5.541475440787647,5.292234765104381,3.352886430154995,7.534163573138719,6.532870950858397,7.279608578696551,8.08445509296829,5.526112435284178,5.928173427424603,6.170717353458612,6.385039880603645,4.288719570732866,5.653154164978226,7.016536975401833,6.634999617018652,6.428742169389078,7.1346557445572625,6.53377194998559,7.176007449686945,7.645669666705906,7.546390579667022,7.693144291310253,8.98572000873598,10.243086657594583,11.672995215641704
