script/wind10m.json
{"header": {"parameterCategory": 2, "parameterNumber": 3, "lo1": 3.000054539987559, "la1": 64.9999836372058, "dx": 0.5, "dy": 0.25, "nx": 34, "ny": 52, "refTime": "2025-11-11T08:00:00.000Z"}, "data":
[rows 0 to 24 of 52, columns 0 to 33 of 34]
-2.9021350925607603,-2.6709378718796333,-2.723813101708242,-1.6308302619867434,-2.5357714386860475,-1.533133061502929,-1.587242071611184,-1.9631950575338954,-2.4166688799101044,-2.8619551293696115,-3.843057595327941,-4.753311707315655,-5.366344314011063,-5.125078856411359,-4.688071103360167,-2.1108594553673665,-1.0735125367656126,-1.2872495702673359,1.3826068913603458,4.897106439220317,1.347882122846806,-0.1037978800750062,0.9340107128760404,1.700776732735067,1.7402201507471724,-0.9432970187338902,-0.4961796240323583,-0.4127283281326907,-0.6910710107555254,0.2866858461536224,-0.10656517714551961,-0.33538494652747264,-0.7795326405607879,0.08056197781727151
-2.4767836165565895,-1.139745122031955,-0.4122376633321492,0.36159209493060485,-0.8518461714930899,-1.5187592828535748,-2.7841915266112927,-2.8822572170616403,-3.252616976703934,-3.745082948003574,-3.657986091099362,-3.853828539632751,-4.206964965780803,-2.195640697248259,-3.0765346959510764,-1.9396581270685063,0.9431721801791246,-0.8665766849135059,4.485828160113426,0.9493557461265343,-0.344311110798995,1.122114563276042,-0.41490333111180205,2.179342557737887,0.21214993537234608,0.3280157636758899,-0.5941043189607975,0.21134960105943623,-0.16761271270155503,0.25177972457356745,-0.012146758406690552,0.12179876166835135,-8.712529307692914e-05,-0.3939887647428827
0.3118153270802955,0.9398956316349619,0.8118397009564886,-0.5858275596891742,-0.6140104333157284,-0.9673249354633916,-1.212873858241687,-1.5387065848625263,-2.1098098980884306,-2.263280432054922,-2.5038327670675242,-2.869542424719601,-2.402533217261421,-1.6781027428238806,0.34401610158717705,1.2914621648800921,1.7859387294051443,2.0604100798944627,-3.337420688878301,0.07860384316541978,-1.1205660613578912,-0.40717720262351853,1.3183226404105928,1.094239218137803,-0.4901885781775455,-0.6657015031187802,0.3078560334133514,-0.5926008341030566,0.0067375199057625595,-0.42909211473301834,-0.29137443594217305,-0.38163511953900253,-0.15967897158502561,-0.10244554587114851
0.5016435612513208,1.3997374404286125,0.8425569733131386,-0.7097157244803167,5.15540398956057,5.675719323679117,6.602174517962056,4.173415555127795,3.701815705750265,3.0863083338388178,1.8688105602161291,2.310923226731862,3.6912420826835364,2.8704366532873076,0.3342359681239304,3.6986423101102295,-0.22091746970508885,2.4976205575863117,2.5864555871931008,-0.7133522259606795,4.942253870368772,2.2242109117841067,2.4641207509269676,-0.6054875012528904,-0.34348199543845487,-0.27699423769645243,-0.17919467363374442,-0.26547362872356234,0.19510234641421131,0.035678009524559094,-0.5712915404832934,-0.25640673473530484,-0.6731789661423421,-0.4817090977094146
3.053521558202892,3.670668565472835,2.6424228665908065,3.4314447516922177,6.1822432753802845,6.802063810685098,6.930612034424117,8.06261816703331,7.270340634092246,5.500485148646777,4.6642073753933255,4.0927605022565645,3.991248029500016,4.214718417865537,1.6056417627998043,3.4811815741002454,2.287041050756093,-0.34415676933161815,-0.6979233429537776,0.1068007728590238,5.979191958836012,2.1240054061170777,1.0979167583290939,0.30167397177699373,0.043488563062440234,0.16345165820100419,0.05484728612435797,0.3771954424446649,-0.24242920482465852,0.42776859247649063,0.6072923777436302,-0.4127106529133906,-0.8357885212480024,-0.9626721934728705
3.4738487077604283,1.6130332903845497,2.2367752312094527,8.590804296246036,9.58294411302742,9.316595608735957,9.211953489526783,7.948974127421273,6.967381676209315,5.232889681720721,3.9584880601465375,1.5051481492062009,2.464663519460709,4.823334889992878,-1.363671357935028,0.22349961134504867,-1.0781442910908108,0.5145917657639081,1.0000428498124165,3.259259828910944,1.1558307964964687,0.6311554132434791,0.8522395401572321,0.19411934264643224,-0.1399011983252806,-0.35960435500750515,0.27691782762610817,0.7505924432069284,0.5929073310820304,0.6812330563570006,-0.27059310332269965,-0.22632929730558454,-0.6740342502241284,-1.3007127231280693
1.570356223048875,3.2255335084197747,8.947020613685822,9.692434254589859,10.559855705808044,9.952473732077095,9.299413993328015,7.253421145679323,7.114624347127422,7.032397769628526,3.8064443703872404,2.413171360056255,0.5759006980161054,0.9202802299501878,-0.1906373296067256,-2.2540897074604875,-0.2826245170907938,2.0227119376146643,2.1901174570089297,1.7656022782518932,0.60195495357498,0.2017380706127504,-0.04564026930009544,-0.4879323200976311,0.21930304289628383,-0.008328926990440357,0.34382151169597786,1.0968828249370948,-0.1328370195272151,0.3850776360611917,0.3066552128512231,-0.7862988025274014,-1.4659460379533718,-3.093742073272782
3.660562005702131,8.778334697840855,9.907124853471618,8.079872803473556,8.722414442889686,10.165361148679851,8.3343387630007,7.049590143570722,4.5099294167155435,4.070257394990319,2.6712563825359474,1.054881342893603,0.0927681699404132,-0.7006464983126879,-0.006936990469573957,0.9582672695780975,-1.2537523366046366,2.106922730238907,4.483906124335041,0.03278819882792361,0.7862756166501071,-0.1461241020799858,-0.5265883672390242,-0.40244968938030257,0.29700012837238116,0.5154425369866991,0.7880476150223896,0.6305552292924974,0.04924955617072269,-0.021456429188937347,0.16720075367042472,-0.7011445863323045,-1.6905107491162132,-3.147395720024081
6.986919362854997,8.924874227519519,10.084861373609781,11.039252250812435,10.920774800543013,8.8981476854087,7.3290103073713855,4.07293129169581,1.0549210031259255,0.5328418158432426,2.1856006857930717,-0.17879409989151274,0.8371539520563246,0.7616984810545636,2.3491766752906487,-0.8896995329381142,3.0314327797556984,7.456103332407483,2.421794596557305,1.7452563798280116,6.7860218981445515,3.7876883737748632,-0.6120039713449735,1.0981042547884927,1.3899475242860693,1.2967967559430786,1.1910937339249807,0.014509117389314602,0.2766822285209635,-0.14011743795568493,-0.687125906946857,-2.68556414844475,1.395803276175437,5.244733794955214
8.118533209989854,7.733387348232179,10.706033505483925,11.241918744727851,11.759322263473932,9.015100300638483,4.330015033688356,2.7427004644190665,1.2542253133838832,-1.00796918470823,-1.5426827371553509,-0.011368519611299274,2.1796060991276454,2.7599677481653955,3.6098082238268416,6.435223547371041,0.6155230629316986,1.4775193733665524,-0.003565906178486582,0.11914705723384758,2.0899572864469094,0.2274223017731297,0.720750170547547,1.9275186014151835,1.5102956582159668,1.9768710083406715,1.5205642932265757,0.8423509961991282,0.9574638524334167,-0.27994288023068337,-0.6935568485247808,-2.094025901036635,5.905685199704232,8.133214074382666
7.955432256514094,10.246918566947835,12.864885530074435,11.82776643979372,11.141510526252338,6.9816434954626425,0.9963415787485856,-1.0502052709981446,3.3400175586280794,0.7039306861672034,5.8782099903229765,4.509428008089183,-0.17596181342365794,1.9976546359073137,4.013350294148197,2.3654315953941505,3.1792219383655684,1.0611674262447435,1.3000886102152436,0.7322579300597061,2.3292864815032095,-0.18525442313620025,1.4235154393600273,0.24657808796685615,2.2876157882064274,-0.37080272448777374,-0.5256310365166678,1.3444239788077283,-0.5960112945828269,1.3071177742404267,5.30496561562557,6.153672386997127,7.862040612947566,8.222498016538529
11.47855552061587,12.166886810628158,12.40352634913639,11.230795988835379,7.712899776172298,2.453637202861762,4.591584605280688,0.982775433408119,1.4562433572749274,5.5076134076481065,-1.851187196280592,0.8819077680976593,2.8410337512589363,-0.12175727422568781,3.4681927378377138,1.8775415740534669,4.613653206098573,4.541485491560927,5.633617371084134,2.838841550311964,3.214930828628412,-0.5135057496811054,0.8896373585830276,2.543181557840227,1.7311977766619042,0.9734737837242832,1.629028540720552,1.6412401735345834,1.630812718864448,1.9486913402588926,6.178002052418723,7.694648351848928,8.968264554456889,7.894619695097631
12.292847376600452,13.191937356710515,12.326637239240979,10.663322884981165,6.0530976940911625,1.2867500488673413,2.8267297958702535,-1.7545732098694957,2.9103343191365467,0.8271673474113591,-0.9203715142330648,3.3171320946998315,3.976757007197976,6.051404626840671,5.077863513446509,8.439554286036866,4.099706483648292,3.2088151842373906,1.5075598686818337,1.1181496231459869,2.6513794905695396,2.071178616014399,1.8775214404119192,1.740296187295121,1.579277503406228,0.8991951076377058,1.8872617347512564,1.7746014685665144,0.6634750149518128,4.585958240503314,7.413378453041491,8.692581648252887,7.708863932185485,7.25268820386501
13.118891505131327,12.662787136860095,12.077478343084879,9.225748969164568,1.4259866599954518,7.707697860782548,6.355194843127611,-1.9602021621772348,7.424924206007344,5.338473782747857,5.37568244430547,3.13554418218795,0.4122342325342151,0.6063258137224161,2.9602211857036957,-1.3841693132433632,4.349950692968991,-0.7848153725288455,3.28305910693258,2.1754064117901812,-0.020868423066237957,4.130304808049208,1.6942165402459983,1.9367212680783332,1.5835036135348188,2.066825637889403,1.231796222660393,1.3291349034627629,1.597693755663452,3.599899195056391,7.623728302478855,8.402752231742866,7.162452733943551,6.964737471504203
12.237707513842969,13.21600847543064,11.3510469993018,8.168783894341969,1.782823009920077,1.4686915045306859,-0.5256212523046329,7.7472775811341545,0.023520239523021333,-0.4141972697195788,-0.4297613212804789,-0.679886032736895,3.8251249735282373,2.6604671685064356,2.109453033164393,2.946602981281037,2.620444134980434,1.0582687786727565,1.7626726135259032,0.8322293086206926,1.832183937983448,1.5236976173618846,1.7258639541999246,1.7957964998850329,1.7987410898907121,1.4269616633080593,1.4031657306660115,1.7564951218863833,1.4118274951712164,7.296487065880368,8.238683668424803,6.835050565132102,6.690877737408273,6.3341418833611325
12.367066879526666,11.925965330231836,10.941750845523652,7.420378464976108,0.6352707437540249,0.095908645625018,0.49177158431208784,0.8435102348987166,-0.8071479971283471,-2.5682723749682683,1.2428720170302845,2.5128215379904195,1.9742205726381785,2.4696993728203007,0.5802368484374308,1.599939954464814,3.68601837050364,0.7484291915775775,0.8354509059898836,0.8772773567807833,2.9875258637057787,2.0272104359170924,0.2931294020098202,1.773858892236086,1.8510667903079532,1.7461669701848066,1.5370445390123832,1.239186869309513,1.816582781254043,6.767811229524824,6.894101284176401,5.947326853938115,5.783004388627816,5.9095396154594635
12.28364386234162,12.212735874341597,11.885893263964695,7.05657210754274,2.4363061462024356,2.1083454449087062,4.121070190402049,3.8017637881358417,-1.240501751997028,7.218140937491261,4.007124221104552,4.349534054686512,1.0270617570867047,0.05175175549440287,-0.0826125493180789,0.8181576154791383,0.9006978158421142,1.0357826404125248,1.304902704260922,1.2886945010682895,1.3276641133551499,1.6940920401310806,1.3895597187871547,1.5140090689841261,1.7568285581223344,1.7342812217255719,1.767448282069335,1.3147465212135605,1.610895128353044,6.525249151697201,5.9264881375073735,5.296667559005517,5.142752999105202,5.11946736152025
12.530268368272855,13.7043848127698,12.457155419185481,8.231015331893895,1.7026034825640706,0.7402950158824273,3.2905923820836738,1.3314921319257227,7.873713506725295,4.601570509509924,1.8668971856007925,-0.17132340426578982,2.488095115085722,1.258140618361379,1.7689163506122825,0.8510805384221809,2.4514534127897023,0.6592843384447161,2.302142552908439,0.25222825501374835,1.3261855552221637,0.7852795475485337,1.139531561815413,1.992089010453117,1.5826795049944204,1.3856631301659446,1.307924490804912,1.3453452124928265,1.6461724787680752,5.1396848189931275,4.8677326927062134,5.151827674121926,4.35946583278736,4.000050519139901
12.6823643491178,12.860554974891578,11.26745002790941,7.9016765251428245,2.0265420406454764,0.5395034229421528,1.7694224224204502,0.8530839056902236,-0.014114875191155996,2.737819115587526,-1.101797223449386,0.7761325088498757,1.5913915199043103,2.8393419357234793,-0.041786045391574746,1.6024598442802658,0.09445698493189508,1.0010630264823577,1.621814762318459,0.8438843028516457,0.956032972422817,1.764652996059519,1.159834902437819,0.9650416286594552,1.3254436278123491,1.2982897150885084,1.4215364336316667,1.7856345849312463,1.5277547813523304,1.6622233733771437,1.6917297247980534,3.2174114329484116,3.222991779760301,3.3178915896695074
11.233689861737776,11.097729543806453,11.738531612713729,9.107774159112092,2.801546990856384,0.8242143668923712,-0.8381886763940245,6.422052862957488,7.324923849910479,6.044442284583898,6.567766674764196,5.4442087834327015,1.3427283113570854,5.463590170494764,0.7008529221994723,2.3517074311221897,-0.07174339133394922,-0.2564617815282115,1.3313542964423002,0.2340245735539152,0.6193351764827674,0.8098528376784933,1.1948340182700805,1.3754697669985125,1.210292845284668,1.272826232916337,1.4485613083243272,1.1335173718679223,1.5161489573823577,1.4306002452436084,1.522199367624025,1.2984063979517657,3.887126714579482,1.3269156215164617
11.973013369188953,11.304254098537125,10.941138629192443,9.220583895624424,5.195483737717654,2.1668874175118344,2.772711954844224,2.744269647174517,6.128665578198667,7.270466419698162,5.719379018276785,1.7186807463814242,2.509229088473656,0.9866037271294011,-0.008891924462041007,0.29955879712039196,-0.5796530841040844,1.2929365534454926,0.11262152687533174,1.326997456044858,1.3153998075007558,0.7200708318124547,1.0130450120240106,0.7546783960147627,1.167756717081647,1.1753593114972765,1.0490231302752029,1.2059762253065258,1.1787460725678651,1.7772897479651153,1.1272958378418494,0.318425307075625,3.3684370165484903,2.295887938301488
11.521960591563156,11.75231326609691,11.058901861335322,10.461750740283456,5.308764116233064,2.4109033555153023,0.20925054941056823,1.3676158610696154,4.780530520530676,0.47198583220875734,4.494748301924917,4.523292086350886,1.8080267711641071,2.1579919550639413,-1.731588558314916,0.36350374759361037,0.4558451964083693,1.6290901643427713,0.23811276514668053,1.1208893312267398,0.27750557816703186,1.2651214785956948,0.2985642063733267,0.5187613498215453,0.6339494571351327,0.4596897387239613,0.7030874173302573,0.8731892692715343,0.5885990489775419,1.2239313396810072,0.22613409476135632,0.937523398968095,1.3710586164131895,2.5275865931236425
10.876241355135589,11.641612138971821,11.362520289916139,9.460225881316106,7.619145166707894,2.1728228425903047,2.1897036300925934,-0.8690348481607088,5.500180504562879,4.6326408154803005,1.3670321689020815,2.2178772600090237,4.241025747152276,2.5774644400690985,1.1202765781569815,-0.7819288681818375,1.032240600984137,1.1955814061755146,0.8372808575938748,1.4965477807063126,0.4489944768258987,0.6779734834296761,0.1266643567787737,0.017268621439136784,-0.07524648957825071,0.2965729727231861,0.3123578214438946,1.8332088279707963,0.9401920940667499,0.9258721372165521,0.7824898597478505,1.228708015633368,2.0418757406689942,2.8292342120451295
10.982153461454642,11.56932152530954,12.549433330259534,10.76465824341064,7.574406417464219,5.031566427289885,1.906768337965273,6.478519320649216,3.1208896018954855,1.6935553385067577,1.8431976023060543,0.03649960809118043,2.410620535515705,0.5390222735494066,1.2609903969442968,0.2762711442481979,0.9531055310386599,1.631712894070186,1.0039007653355958,0.8189253248719606,-0.019931163291646497,3.1468873758288707,1.0565870657748666,0.11881786506212727,0.6323110908355334,0.6877549614493772,1.6052205486498445,1.1259536349892065,0.25992476878999204,1.3477070112029288,1.0193157141090017,0.9072219900319087,1.4717290744054279,2.7031362008582973
11.146977206375292,11.660724837606992,12.03603794758241,12.416559743636501,9.809966954348672,6.4863881490899855,3.71862250275021,9.865184690707512,4.324883752835577,1.2764137773254056,2.4300857768666777,1.6356058788093408,1.1609453470282063,2.0103438158389477,1.796658833769485,5.296672300670869,2.8651293568307534,1.081361460283913,1.1699602680660062,0.7537602745562672,3.4071273628486582,3.794023705805789,0.6114224768904443,-0.10422799926899569,0.2401568403520046,0.4997666583169916,0.4320493098104173,0.6239636587882497,0.11459504720784525,-0.30429449488650034,-0.7257988506585215,-0.7853579624129953,1.6549674644127457,2.626525059723673
