script/wind10m.json
{"header": {"parameterCategory": 2, "parameterNumber": 2, "lo1": 3.000054539987559, "la1": 64.9999836372058, "dx": 0.5, "dy": 0.25, "nx": 34, "ny": 52, "refTime": "2025-09-19T05:00:00.000Z"}, "data":
[rows 0 to 24 of 52, columns 0 to 33 of 34]
1.0266856792875851,3.142980982148959,-2.345210142814615,-1.261015416707096,-0.04079078141129605,-0.539698803542691,-0.8798751761672327,-0.7725166936925255,-0.03695969291908631,1.034130286944279,-0.4969481645768453,-0.40341407589045714,-0.2551282372523571,-3.596304516896489,-3.0703692221771943,-2.4888551986997887,-0.9628417400549067,-0.48954617073182216,-0.821432898231488,-0.9891190456957532,-0.2372927747204881,0.5987522339765345,0.11182491364145061,-0.7888938601243544,1.8383172407350479,0.5724720491427199,0.6194382366429638,0.17502061949865388,1.175731775226761,0.5934910726610313,0.44115595677846325,0.4233245226789975,-0.8982120198144801,1.141946438951868
0.4711691419175484,1.4269956732364093,1.3867854392286474,1.0097717140478277,0.2707586182002128,-0.8987223863418495,-1.268474394776671,-0.9754856161407054,-0.8937443938787182,-1.216819970478523,-1.156690853642058,-0.7635279433450411,-1.4729132143473624,-1.8205324016835556,-1.9962154065409101,-1.3059318166211182,-0.6069764929355091,-1.6286028261157466,-0.6572110113137793,1.1127841936624836,-0.8467619365763488,0.15028396756850784,-0.23947342925017065,0.6173239213012207,1.1414284687343563,0.5147043402674986,1.3793449684612755,0.6095244020223911,-0.34750775374662857,1.0694432966837535,1.2344968700604693,1.0409263553516244,0.11227137472832319,-0.36220694329193437
-0.8499982000664551,-0.4380029435234912,-0.4564703763602339,-0.34980128878005123,-0.7972158772244852,-1.6477433965864172,-1.5879660011760317,-1.754800165330498,-1.7651740701564944,-1.1880730881506234,-1.9813163881718783,-1.9440546281886426,-1.7910670569622305,-2.3953735062641077,-1.5723447429001502,-2.0861428898532353,-0.5112593751476292,-1.8317777094001995,-0.6919712051488295,-0.7532760290335853,0.07313019934807698,0.02753138926069212,0.22918113366614842,0.7173387574737182,0.45379353414216583,-0.06997336685920025,-0.595052653938033,0.7848063813091071,0.5922065363636321,-0.7476165256879486,0.6562839187491046,0.334111354250612,0.9658140293464713,0.5639076793181803
-1.0486556070204907,-1.2548030694718424,-1.237285470610774,-1.2395548740840383,-1.7974674117546912,-1.8474769997273883,-2.3925891374292356,-2.3870172963878318,-2.1214159414334532,-2.156251836022151,-2.3534411448855224,-2.8523886995517755,-2.2551055684367034,-2.1559193197786835,-2.152599011038057,-0.12857803895411168,-0.16126406913380023,-1.145189636070929,-0.6861260485929727,-0.5168630796022972,0.20468910116541864,-0.16256311263691353,0.6792411969259992,1.0677900098413653,0.09370597841589438,0.09340163847825962,1.1626920834380448,-0.11713495366424363,-0.15496782554010063,0.37825226935225936,0.1761785022043421,0.4254902412735743,0.6511976338524939,-0.18112161150964265
-1.7688122594399012,-1.626654196386844,-1.8205755900628955,-2.122090905360998,-2.4981720567590453,-2.6010447613067176,-2.468588470655388,-2.9679399666999853,-2.9713722005643297,-2.7513145364398977,-2.4359581917016992,-3.939171660602864,-2.640168506722604,-1.1406208488996945,-0.976206417098759,-0.33650938357758686,0.2162757507370964,-0.842543173923226,-0.5907659357209214,1.9408028965362965,0.20478151365204963,1.9768347398823005,-0.23999548234442034,-0.26946314215105305,0.4609733576812774,-0.7863898223199334,-0.2908638201559109,-0.12390509531309489,0.3503707745217974,0.6067905175683986,0.4689337094588875,0.22608514127437573,0.7525674211704035,0.6280981783313025
-2.3534974166309874,-2.501396137073092,-2.7464067321311356,-2.8988425052119715,-2.3511188220312826,-3.523010448569823,-3.4641400387688126,-3.41744918053267,-3.860802324594598,-3.595346976385596,-2.8058694893063465,-3.0490642340446814,-2.4245688384474695,-3.2214975158641614,0.0717286365314993,0.41146875295962404,0.23534617938715532,-0.44065448586932415,1.4519223112931978,-0.42354867711370203,0.16253250617921852,1.3683856373320513,0.935586558842911,0.6573250990455171,0.1269978584161058,0.6595483099448505,0.7309360371934551,0.8208351844082279,0.5518085407152934,0.02158030126870654,-0.263399784805326,0.0906958936462172,0.74506410777798,0.3532503702293406
-3.585369924039863,-3.468720170764228,-3.228267633565286,-2.8640952142932012,-4.107479520908034,-3.854048085414735,-4.29558332471037,-4.781348398212578,-4.7175757487889785,-4.245454889354489,-2.821892464651142,-0.2978689140679793,1.7164329101659808,1.5734097865093737,-0.4728660713953246,1.4519356450109318,0.17621822913342136,-0.818116895416468,1.6420908732579442,-0.8635321438424388,0.9206552365706534,0.6734935581390458,-0.2787574327563652,-0.2196696854180225,0.04886413130603019,-0.0008759323806458223,0.2856053716276593,0.4138793723094098,0.3709556896330696,0.6037124921479341,1.4199080557639652,-0.917892711992745,0.47052264151593154,1.2652678819713556
-4.413283731317297,-3.5916894355101507,-3.5531700785194666,-4.488026310411802,-4.460949466592469,-3.9624199162552283,-3.6366780056146704,-2.2085061105276194,-2.9135732559181116,-2.552699716717243,-1.6170803376454723,-0.40208970428349194,0.4703547422049227,2.9934567233371303,-0.7322592062198365,0.6694724033645397,-0.020999077316163035,0.3229506487016727,1.3061039082793244,1.3084435670951131,1.7925626273487287,1.6730981099435969,0.9267273350776372,0.4631459983842761,0.7343896798279721,0.4550744617231441,0.21044201497330503,0.1305137725498019,0.3056761052927469,0.45870485575363684,0.627753417685835,0.2505392541448993,0.6984093997534176,0.007709471909550849
-4.585162305310167,-4.514586172232191,-4.535013361889648,-4.54994251724278,-3.2925750764086796,-0.6866605478933631,-0.9573137198689108,-1.1751303154990342,-1.3655946265013572,0.026156942253837072,-1.1747785637180792,-0.5156024611958274,-0.45294724108808354,-1.0726731280690938,0.03398357831763049,-0.8910405662472198,0.2338393441848134,1.3817903536998346,-0.1305097802234366,0.8203689896368571,2.8075568507310904,1.7888420036975698,0.8188619563852885,0.11947938385890644,0.6473646461276744,0.5846047812742154,0.5433366678481155,1.1649174158018232,0.6886684036408454,1.3140592369623605,0.12240436282129458,0.4670068702915064,0.6036534241387742,0.5048480315323977
-5.531886188142792,-4.537344513802032,-3.939069409181209,-2.0015726457162897,0.6182266614176956,0.2500938024346681,1.0346884682430806,1.116705081901583,-1.2580804868285087,-0.3783618321944472,-0.4045566602089506,-0.7610004457065127,1.8218086462238654,2.298381231382811,-1.7297897102824102,1.0711852336431176,0.8389688186567783,-0.677469716511393,-0.15781906209008312,0.40979544657350203,2.4762945167255466,0.810690224597757,1.2045073852831414,0.7201038168302505,1.3709157506788958,1.0643379266494044,1.118955201729432,0.910489913011513,0.7888677955163552,0.6542490206887455,1.0543748817612955,2.113612623182433,1.502451660829461,1.5705179839567869
-3.859124595116809,-2.700600516021123,-1.3707455357987879,-0.34802679260215474,1.1098477085134422,0.1131479783233264,-1.1874049960907256,-0.33833621257276597,1.7712692378379338,0.527180806879405,2.051287336137312,-1.5447943775745518,0.6418623085095456,4.533856370470079,2.942006005102059,-0.12193546664755431,0.7334575021115795,0.04111822340596764,-0.11910490794988308,1.0483783246376652,1.0399825567506138,0.49296774904015944,1.259791307628106,0.5622047336693626,0.1973344672141951,1.3684190454205123,1.1646941531398833,1.0214351053105954,0.9405636835980055,0.4378419230174304,1.1004428564653155,1.0658545718726893,0.8549807247897313,0.9606423997906332
-1.8790995391649692,-0.9836524640320354,0.004874644150816514,-0.10431479156331842,1.1477498370979713,-1.4194697512528915,-1.6876324307535082,-2.3413079808055874,-0.7694629222068491,1.5760185731021688,-0.7678399026359576,2.809283783386189,0.7411495947816569,0.9029033821378393,2.508259046840847,-0.6576806468566436,-0.37766476593864573,1.8613962085663214,-0.7220494337754829,-0.5488575023998654,0.8203720106795673,0.47225859346158017,0.21369393044125906,0.9129948456573498,0.2959858283476807,0.5351114155137935,0.893380557054472,1.116266689476212,1.0629473099367688,1.2686256840519934,1.659540856871456,0.12211896705393156,0.20651803036638933,-0.3737670615971557
0.44942493055449606,0.7189163574719248,0.06586498649589977,0.6221459470447249,0.5923931809731979,-0.23188701728703953,0.4717063648291755,0.8140934528473026,0.06881498244183999,3.978992261067712,2.3983491294447385,2.768694157986727,-0.203745529570806,2.291235638754667,-2.8395046572223888,3.204118205900657,1.2768608613793537,0.6136930504347445,0.9914705972951104,-0.4282914937966296,-0.9683157241052454,1.1083900668083642,0.5134749162898363,0.1509322888152887,1.352035399482237,1.0151446183354185,0.5428839131302051,0.6730565669690489,1.2113445519100796,2.413997874139439,0.16236291602606037,1.04221736001571,0.9646753649978423,-1.1371608337848693
0.1488014986021431,1.3769088388063517,2.5497841458819175,4.229270281816995,1.5729105362262703,2.6580460129289984,3.84912736486673,0.1564626585073935,0.5062885346421654,2.9523780395840267,3.4990045097435964,7.46843977838474,0.9532142392144692,0.17923830978798255,0.6661862442028212,0.8393854286695251,3.0516071632726365,-0.5924920683398228,0.044682691111560514,1.528972746244333,-0.25684759922134137,1.034424387353966,2.0970064689568804,1.748546821192213,1.2419481519684599,1.4504796505396562,2.260175424169945,1.734086446705327,1.7078352662231808,3.34247298488019,2.282917612150824,2.174261086479023,4.610420357983173,2.7357906102188023
1.3352661607834977,2.9403788151295887,3.89155266161014,3.1599953453129834,0.5333117218249462,0.685467747361125,-0.5582362008338222,4.591146209068219,0.6153403559742989,3.6753435392758935,0.12540583098237454,4.257728470732798,6.638089763373448,1.822426239626688,-0.5684502414227044,1.3969558187876003,1.6134015718947927,1.7481387623879194,-0.2279227989622618,-1.3842506706332152,0.7256248734020949,-0.23238243801404843,-0.33972869965866803,1.2865289855605824,-0.10335268457274764,1.409769808021646,0.43572912016311566,1.3350546443635931,0.9145132978748326,2.618514632652975,2.184914929850844,2.6635211307292694,3.8992088945908945,4.707438149463055
1.836322894474497,3.6005776037049437,4.06623593114394,2.2690678652538048,-0.15406785691069513,0.4419707786506377,1.4896116567455608,0.7182543784909675,1.4514069165883972,3.313341414366753,6.043299085018559,8.408607805383427,-0.22211843868068057,3.352681472345573,1.2610286703525446,-0.2650392116106162,4.533733913225915,-1.5435767924030996,-0.22237110005081848,0.4932974628054723,1.7650774513868928,1.147833133422541,0.1694274908220431,1.8027987137351418,-0.21443624699709035,-0.248211645805143,1.9064877771146542,1.155963851397315,1.3436111534602886,3.759736957439146,3.3689783963463165,2.830802735745314,3.9064779228996938,3.961513453151986
2.321180103362435,3.9332590937576644,4.358270509294426,4.92929728379788,0.2572031637412393,0.45636220671481564,3.7211008647904387,2.9343485783926813,-0.860683869426125,3.826850965574104,5.885697813073472,8.04197829879039,2.6996945716164618,0.5900715679822751,0.580654834079466,-0.6383912194413686,-0.6169775200327664,-0.9514213030255839,-0.28168257726176626,1.2524774144527067,0.44186846347444214,2.2609470325776613,-0.5271294997744579,0.6508255161695402,0.49697441553947697,-0.1832589342281234,2.289401196501833,1.795809221260571,1.1291510012242671,3.0964422328767784,3.8828696608817683,3.4463272768036677,4.102067316897914,3.9181266076256347
4.393537595622739,2.0470484029790184,2.8505752041295587,4.26748952549298,1.1162393340224668,1.1175962476702206,2.108559212522242,0.29436124842779504,7.232817256639339,12.951156522115086,3.7697728647239743,0.5926502709328034,-1.2535933032198106,3.4919838515425714,1.378016189751567,3.044065935348088,-0.7431033369239445,0.8138269846207781,0.2781134517044419,-0.1328873414503281,0.9304086946873334,0.766410230847215,1.8398931653798298,2.6730078070288936,-0.7853170725985774,-0.0844715047385276,1.7007973459356984,1.3050085398009172,1.561060059191146,4.497763402804488,4.84024930401643,4.447301925693151,5.2977055244539635,5.282502677123748
5.598891592773542,7.374199291792938,5.709666649668267,4.791080835151636,2.5176199485650335,0.16930507766834743,4.909388495149815,3.135777849109852,3.7373153620517834,13.598024450267738,5.949618065651756,1.8490255159801683,3.462982426460398,0.8553729869757725,0.6558420880217537,0.7200555342096319,1.2203865102396265,-0.9137792936247011,0.5108713338142562,-0.03956458015137834,0.6595593324165514,1.758873805420814,1.7716123390662968,1.4018452229613703,-0.5657083559278054,1.742783165974,2.069868920414875,1.5725280536674713,1.435680651568195,1.7191585791851822,2.212427223778812,5.257259570030566,6.062605672542598,6.026227820005196
4.4694315324866025,6.269791158324543,6.40943349888194,4.340684884311077,2.600277679162004,0.8225796160286408,-0.6908375890712168,8.707936379375768,9.057865851140953,5.1648608588186855,7.085468233135277,7.762768486734862,-0.3420182638164363,7.3111755061791905,-0.9747246909350925,1.392103071675958,0.8454663762594216,0.635726425988621,-0.20991398892426033,0.9665241053963781,0.39022059037494966,-0.3080561264846225,1.7099398054143122,1.9925422313185823,-0.45016674925767536,0.5557857269227823,1.254590314792642,0.20841076055383698,1.4753123982784004,1.446724347325829,1.8286956139736164,1.7938713018395867,6.821764076217404,3.381846303904074
5.198069604555132,5.458501640494055,5.81927729203346,6.249587015268635,5.15698294575626,-0.24978855445785464,-0.33131145241634313,-0.6261985750310939,7.537536698660064,7.897811714555387,4.956960065729577,6.9594546988526,1.4615818571133352,1.1733001066676998,1.7043476547090712,2.085158273689187,0.11953239180284177,-0.006937824997724879,2.7651411756805535,0.9320476100631949,2.863878954605695,-0.22573334923211164,1.4257152120775145,1.619832539584739,1.4104349597974633,2.5141447005855273,1.6614334406792763,1.7267089719697448,1.2530210315195165,2.4079838091954695,1.98519382747143,2.1063072358110775,6.568590958979094,7.998136247249877
3.9879656391685194,4.619321434632915,4.984288028495756,5.325201335178851,5.200659144295245,2.4993961158916163,0.7385367327025871,1.7853031610825139,10.68828669881286,3.7469937993788665,4.395306520573236,4.613327253673273,-0.16370901484819178,3.2655310048101707,0.7997650107237755,1.3152044278273887,1.4449454698867927,0.5523525050791688,3.1004979418650955,0.881838637679705,3.329792413172537,-0.6397849247804308,2.230746629381742,1.4091900188688165,2.1129077399098093,1.8073880201479295,2.2316603917417814,2.7829821421664356,2.5468921683736476,2.613738140982866,2.1816498548389047,2.938188846509803,2.6284543095578234,7.878612902425444
4.565280227827534,3.7506532078726096,4.31258792710265,4.851848659777919,4.709297269209093,-0.39001205741015194,0.4223584220162323,3.56230646644285,10.379805743832094,8.985550654014641,-2.003138945640739,0.16650679415633185,2.1615405743423217,-0.09121086476609983,3.051325591535633,7.760252074422423,1.784147134443337,2.2563711295227797,1.100960739091934,4.456070752507139,1.82150350955983,-0.11503405533514074,1.0387693108784206,1.5604081896380262,2.9669280552751442,2.644261937318055,2.8041221256569964,5.581856397457449,3.1431025172581504,3.6667792511993818,2.6120336530844153,3.4627321009620835,7.567541233978864,8.209914552388215
4.680140033641134,4.491547172252773,4.319365878824172,4.170313251976842,4.024581574253163,1.2662151261147048,0.7897182689014023,4.528009621828908,6.4866101066537585,4.319030368890792,-0.2906842108369176,1.4568524057531473,1.2068635489047228,1.1724359299935452,2.23906480538159,7.407325988645252,3.3545374811106488,2.3785956429230666,2.0025672031360777,2.6201270299030908,2.052314783630315,4.584918843518125,4.734093455353221,2.6258002969963234,3.5784035854237177,2.1420862072641524,7.147160494249882,3.339809943229237,2.2399294930045155,2.4468441658365454,2.868914943438304,2.420284256006689,8.033616867533631,9.503618641533576
4.125812251177232,3.799890324442084,3.4331636108094568,4.713676282308677,4.586144860362878,3.7667283050031903,-1.0634193379100365,5.20866450740185,8.769925115536195,-1.4170344190267599,2.092696495891225,0.36440592399201843,1.3028898129571442,2.0367618672947985,3.5536120331885934,10.552289706369645,11.47990261677396,2.6321644333770595,2.6598291100835656,2.2406968364137128,8.965122221091333,8.817301620875366,3.1569246451309785,3.213872869957566,2.930574845807288,2.660353127476861,2.509862589702958,2.256592160495486,2.7641193880921393,3.473762309749702,3.066103614299649,7.681097808363162,9.530480007905457,10.126005195450512
