script/wind10m.json
{"header": {"parameterCategory": 2, "parameterNumber": 3, "lo1": 3.000054539987559, "la1": 64.9999836372058, "dx": 0.5, "dy": 0.25, "nx": 34, "ny": 52, "refTime": "2025-05-12T17:00:00.000Z"}, "data":
[rows 24 to 47 of 52, columns 0 to 33 of 34]
3.557774198355156,3.4997357175669745,2.6954365598525754,2.2938864704310693,1.8903997062254412,0.905631469795873,-0.8298884258095198,-1.9087363103291275,-2.827067856355197,-2.4130888287350944,-2.2742715787879697,-1.1735882911048996,0.30728402942141525,1.7383400435878231,2.6627424629364334,5.1539096468789225,3.1904020415804313,1.4122581462900778,0.9626751401749821,0.37661415478030785,3.002274920928043,4.832691345652692,1.5414745374834569,0.20595104485075838,-0.0913177922220477,-0.06417574335920022,0.5767745687783739,1.3098850561774356,1.3658258572559403,1.4535494056874083,1.5133739281944387,0.26342140250225804,1.6880014474871485,0.7597996480237781
2.8526300518683154,1.756167443901151,1.1851067445609196,0.6024789561746775,1.4293458137165334,3.101839559500193,-0.830156119447659,-1.9370604052733384,-1.246809624619762,-0.7306527843755687,0.626740222425439,1.7643733993573534,1.3448316550406412,9.560620927088221,7.823390901522107,6.150753399670533,4.175918050166646,1.3653691544460127,0.7615232637433181,0.5840735887879691,2.8744806227168707,2.2807626479314584,0.19816241464243753,-0.23401618898186458,0.980273017195076,0.32582088041019164,0.49562425327021237,0.9453672134177593,2.4470869281973386,1.7784747900703435,2.5793561184984166,2.0413724864209364,1.241929029538921,1.040297284307562
-0.19162023434849054,1.9045592677867298,1.750724144842934,2.0104259201917416,1.8257262990215757,1.767310575803304,1.340832300095707,0.6799875441897676,1.5496069443017737,1.011795150201654,0.9849828826759345,1.0861601393038822,7.9789540778313235,7.876254712195141,6.542356107169371,5.26826008576356,3.365937573770084,0.5015319801136525,0.016185808771695825,0.6393328322725654,0.7112350403258306,0.33276274630516206,-0.1299368312111141,2.772866271790663,0.9908906449404512,-0.2649749654383411,0.39069919301375416,0.9431570294224031,2.936229826767998,4.590860819116151,3.0768229027838654,1.2039230858653924,1.7841722807896259,0.928479652217263
2.7020409246217048,2.8370817351047726,2.7319516637692125,1.6302120998095944,1.1192215588231789,0.8219387602939734,-0.392030433328358,0.812224879122177,0.08166901119736561,0.9551369565161116,0.5982359910117065,5.884020983953035,6.2931980841348345,5.61095619909963,4.768510283928976,4.036848364567819,2.9801418262845396,0.7112923380853663,-0.13619966884447798,-0.06561269654300572,0.027266825460871624,-0.35742141593680254,-0.4340876941605099,4.9056689518957075,-0.15981072077191827,-0.022202918216680988,0.5293947851980806,0.5909554162460586,3.493218768511628,3.836636808121069,3.0824934690735653,2.716273504760514,1.7782976015108267,2.7342792176164363
2.9920286101471385,3.451288185002739,3.1029683296502624,2.6504193026560436,1.3260410105927871,0.9255291450965994,0.9469614387287212,-0.20452774461328804,-1.1255362775822597,0.3014391743738164,2.9360594070991226,2.448311805448943,1.905582553401135,1.8456923390988502,1.9573840236116886,2.275267149044254,1.5627653398818493,0.03432816852470008,-0.2217782532129476,-0.7071307221804942,-0.08954163260477822,-1.0296731688414917,-0.29747632325254236,0.18362933159729936,-0.006193676858346404,0.2020581380101113,0.7283720062653637,1.025208624616563,4.932445809831728,3.615495796822875,3.483088470803667,3.2738683877623433,1.0611420550470518,1.0625802923288261
2.480671347531352,1.8751117597858817,1.832997600687907,2.11083723181767,2.0497537999181263,1.5723759958302368,0.7660638166800329,-0.7566872537701611,-1.731723246586744,-1.6075915056093344,-1.0398469690976047,-0.9106120783168761,-0.5475717016968275,-0.7710052832955451,-0.09232977342458812,-0.043208882046444005,-0.5295774151722502,1.1822561687472284,-0.5499644539134958,-0.7205964345986637,-0.906572350211027,-0.7321897605696616,-0.44984779032739514,0.17329528854242043,-0.047149329207891,0.5821580141090524,0.7509472321208205,0.7615800754391949,2.9654091424782862,2.1532788747678375,3.637876805642643,1.010173239872877,0.3545914773937572,1.6628750478796663
1.705714913333898,1.4754498606519506,1.7888999194720265,2.232747668336706,2.2828816679882564,1.4277757711091081,0.0710714640589517,-1.3934285928763421,-2.8818124754259276,-3.3255209056921675,-3.3041567979937425,-3.480162035473345,-3.0889485026676766,-2.239202878566154,-1.1427158124969248,-1.7007861132548034,2.4600323238057515,2.400020731771214,-0.31443633447702696,-1.029375358351828,-1.3037564605024423,-0.8501997234391887,-0.7755479636918167,0.040586018187899066,0.4051743580528175,0.6554350744645216,0.5950417569399928,0.3707901293809324,2.250652069982973,2.4409484325894657,3.0394866191820373,0.45185750390405977,-1.511339053381752,3.021189230811133
1.197739069422801,1.6742968245813947,1.712369885208479,1.9635469048331635,1.6852561894159612,1.2616714411267311,-0.7441448260645623,-2.6289314843408476,-3.213021887290324,-3.5251057557476266,-4.605272547154876,-4.036106924473223,-4.475265358522588,-4.315441188153191,-2.5474991714263613,-2.2417195134978614,1.1502435647432958,1.7192123244782345,0.26182007288383174,-0.7977540930250759,-1.5865695803769209,-0.5791535068724762,0.620640730600345,0.7542933253561311,0.8303156857913181,0.22967386922760505,0.10515858314948971,0.5087397724323741,0.07132466429391837,2.691252251669741,2.8087253973513193,1.1046602009779853,3.3221319217127423,2.8310523973279764
1.8587167845008112,2.390639556335874,2.449309523120405,2.1257860710787844,1.2178493745767698,-0.11521549170432906,-0.7059520033102125,-2.2412107544117172,-3.378240929023531,-4.302719189197108,-4.539870347289401,-2.0829277136662614,-4.7444457742109885,-3.642542568005621,-3.314524271723228,3.943452192038848,3.4740825860438393,2.7552944374590647,0.20798183851210805,-1.2437799012085602,-0.9441504041129007,-0.0828708639439768,1.5394957977768624,0.9650240534409064,0.6771297214153139,0.22426421276674857,0.26650624945581886,0.31260785802271307,1.3836702411984945,2.942119751089452,3.5511189520730473,3.5190526341055794,2.380763914780584,1.4807170203805848
2.0710715356796765,2.27100082652124,2.512462553665073,1.6729014029664546,-0.2304226187457719,-1.5988692473333708,-1.7715570442446817,-1.3511865512399843,-2.8843620676320563,-4.089333870461854,-4.484902532347994,-4.492080324222692,-4.020044408741793,-3.2969536728897277,0.6281637659268947,3.4945964753722554,4.692058568656319,2.9974065666159233,1.050388263694915,0.3860050682728697,0.1931648485763957,0.14511444226465842,0.9834299331296483,0.7560177477941301,0.6631885001295152,0.23890550412831207,0.3586986689691119,0.697329496829706,0.7736080457725786,4.2616888005699245,3.996807189047961,2.164691380933135,1.2430401323187226,0.5414644913337092
2.003566204274941,2.6236631604289062,2.858200968209782,1.9464947567823088,1.0317414037232981,1.901555000086814,-1.0599512593011304,-0.6011367347408206,-2.105573051902917,-3.967222959990676,-5.536358043717192,-2.5176684266369493,0.8810082886670756,1.2537808119395355,1.2774315292647331,-0.13103769594059506,4.578811888461195,2.276933885636132,0.807071067073165,0.806999642028482,-0.9277404032951777,-0.357759473065575,0.9752718402722846,0.7372307779597663,0.6119562808320974,0.573706310262524,0.2243759562411612,0.2660345075921781,3.7484344742738642,3.818818065140567,3.2070585713179063,1.556791592197119,1.0815481118191488,-0.19030386262957996
2.664165034060747,3.0344524060569116,2.9929067703091348,2.498094334327664,2.2683959409481314,2.207422249215713,1.285252204139975,-0.6233112955814951,-1.3876608195406328,-3.918751835651336,-3.6181403445981353,1.0651110445661374,1.906373392108047,1.485084012619675,1.174210535714477,1.8086815283415776,2.0484924834030123,1.515382843853712,1.6444440202880017,0.47058927349594876,-0.29596444696725516,0.3261233860303329,0.6135808992014519,0.43852749491967336,0.21608311109570066,0.35629486526333876,0.6689518750568542,1.4183790123079247,2.1037933138466696,1.6710088070055202,1.4430056515505327,0.7838192036145231,0.294293542406866,-1.1733667896425226
3.3441657149923167,3.67541709979263,3.809801681474896,2.7707569301194033,2.8237673611105847,2.575607560417762,2.790713767056797,3.205617141825361,0.008053388624832741,-3.2641994903335427,-5.103593974116243,1.203001932706424,0.7255020794462219,1.0925750546187492,0.9556466629740525,0.40538791863027307,0.05589446371296501,-0.32920355400642654,-0.7950377314106927,-0.6944643895438899,-0.8492394681778656,0.1387927497790422,0.7066214073029168,2.2038385586143736,2.0934493351321604,1.0463339074111055,1.069040019096175,0.9728529169851755,0.30518402579184606,0.11731036676858705,-0.16703776087172442,0.10299203118330522,-0.6055891446425795,-2.2274725891255156
3.773885883089189,3.9008535173746264,3.7782017066445737,2.711351692370744,2.6805230042125294,1.7440031212051113,2.0401856733464294,2.2307920777490375,4.424477195405057,3.8540917906807914,-5.533214225181122,0.6377999352802289,0.345931530891251,0.504443438407183,-0.39544439989775976,-0.40046138653287777,-2.3110004419249828,-0.4546616962860533,-0.6253083015603493,0.2105412519960909,-0.8266461660915959,-0.4161892235661138,-0.07283484809807628,2.617000485180827,1.063019932476687,0.6624409341712489,0.2083802328222812,-0.43117873348204977,-0.49373095318128646,-0.5681110002309447,-0.11337855858983929,-0.8388535416968976,-1.7849931423221643,-3.156542868391141
3.7359543027481643,3.6260752849586084,3.4957038354161964,3.1132837134163944,1.951555516640897,2.0489003489241493,2.870993848644582,1.5933811729001062,1.0423475406671023,3.4923494941469015,3.1144911838527514,1.5694067849563933,0.6266186351341703,-0.6069340086918343,-0.2474771441314549,-0.45565107632256546,1.3379907287152986,-1.3308755439312094,0.5347104168404598,1.8291162308603623,-1.3334389970120775,-0.48437729878280195,-0.2874475859415453,1.3258994248350224,0.3260390697071624,0.30499612496547734,0.011013395613905201,-1.414564668730127,-1.4663296804197383,-1.2267753528473917,-1.4054474125023972,-1.6055556878909345,-2.6875942002996998,-3.8730131394678198
3.3592943872741943,3.3336528904254754,3.1924416536169598,2.8670733210699955,2.3237193345350438,1.241711587273199,1.7381403495423378,2.6419445596714284,0.5189510522540873,-0.49955655036942986,0.5040101244005617,0.30890171664892674,0.7195067892552303,2.8847209791913646,-0.036554632357878286,0.231032093371351,1.5230876824383424,-0.9042096518406316,1.6852941708502558,0.7936414353006349,0.6882905468474985,-0.09851211033210049,-0.709865849954434,-1.2675490903220958,1.176240433985729,-0.6659753489717903,-2.3784284855372517,-1.9091304144541874,-2.2660482558212434,-2.606000303680029,-1.8629540334629402,-2.1984253775308575,-3.5072710500435695,-4.484110479200684
2.5191014092549624,2.832821590376285,2.79025212776181,2.341850248956309,2.3284515781433623,2.579357372908292,1.45842069185134,0.48901283635001846,0.7062434940501148,0.8857582490149744,2.322144055669353,1.5287834168646708,0.9463107710608867,0.3385921025825905,1.1357667497671056,-0.05587538353680817,1.743077404519236,0.7156788645882781,-0.2746560243206175,-0.14699486392645655,-0.9065330315847545,-1.3117347797279224,-2.3909641125192294,-2.007000397932039,-0.34263888123497993,-2.3724618006261378,-2.2712363379189946,-3.3387106136810947,-2.9837834084515507,-2.861872355823405,-3.0871613076271642,-3.6537240711766024,-3.7627959192255678,-4.636076249694891
1.4486621796679886,2.204186972410332,2.7045639432334463,2.0484775780344817,1.070185833854647,1.315232667481814,1.5639436637601134,1.6237776995417164,1.882594894494506,1.6254294601646564,0.5510887901597353,0.5278885385309646,0.3919207772803051,0.530575320751774,2.7185252841878325,2.273181198406341,0.03883997530529786,-0.5047258140403118,-1.405066546849676,-2.1681768465423064,-1.6701319227618723,-1.250867330383804,-2.7402842212437375,-3.333208210579474,-2.082944945198837,-3.3276590105681816,-4.177827240003904,-3.652301697855463,-3.5838464681295052,-2.138062819512187,-1.6654810378667941,-3.626310708422322,-4.87668941764144,-4.994218608645548
0.9516858030531264,1.6360112312245092,2.386245224526393,2.041270912584718,0.8587447932689287,0.42609375960838203,0.29338505448298474,-0.12247707694115278,-0.23684299144383372,-0.7974885801097834,-0.3894131825604449,-0.19521683655044764,-0.6371609871012516,-0.38080431412262,0.11839911127838028,-0.05330111758689653,-0.9718590514957631,-2.1011585707447766,-3.412184193483213,-3.850178733408603,-2.2211123888449897,-0.6132396979334188,-2.556324025285661,-3.5883846093072216,-3.432713292732701,-4.0988890683664305,-4.653516772500947,-2.3627252917284136,-2.232559200050547,-2.8492390332582036,-1.2779058036092423,-2.249045068225322,-5.383862943219824,-5.828524099509518
0.7794277631929805,0.6943331158449253,1.1896899420232911,1.6879210056862481,1.0662689149537965,-0.5315405621850058,-0.6945670286457888,-0.6114682760549682,-1.582387900126739,-2.3567602825806735,-1.9707677207644962,-1.9472523386941487,-1.7305538034825971,-1.4971076423441019,-1.4872369413417368,-1.5443271365941993,-2.2395911496407614,-3.9485463831384764,-4.051945160751983,-1.4427173353313145,-0.4962123524870293,-2.8297940195055538,-3.8362993753477803,-3.669352502644051,-3.8303311857031557,-4.482421861006143,-4.771786148917618,-2.7872683316885487,-2.4141590542533917,-1.8628665522397734,-1.7626121885776436,-2.6787279581409456,-3.178545124607826,-2.6718555978799796
-0.04575305431650691,0.4481904848424692,0.21003253827594653,0.6384817942115277,0.09642449461084981,-0.5127891383990218,-1.0782179196838597,-1.8398028826752661,-1.908806635452549,-2.225713952053921,-1.690530047505253,0.49619119493195885,-0.13120556225086258,-0.6770710374611812,-0.909118255744091,-1.415396135924984,-3.837966915901221,-3.078388372963303,-0.47963488120117437,-1.247818510162479,-1.9789816615515263,-1.9181623321702546,-2.287251549742409,-4.136452988691227,-2.286261991572086,-3.443452075394251,-3.8173052429454866,-2.928206383898732,-2.707619458092485,-1.3401904786364975,-1.1023959935983512,-2.784232750638774,-3.221055125677939,-3.2987359005058847
-0.41117651357755725,-0.23175116093791695,-0.45227668443791863,-0.3866990185956342,-1.2461006988587688,-1.9949083170371875,-2.3018374571243396,-3.135321303180052,-3.4310477711857232,-2.50479427210699,-2.743429929456857,-0.563983392983486,-0.7910747020229191,-1.4145322546586911,-2.013489219280638,-3.0280362341035407,-2.1103957210689015,-1.8266316062630166,-2.54322796716582,-2.4373521495787567,-2.009620145969201,-2.365003615571903,-3.8345683421842387,-5.815107430667918,-3.2047950955177225,-3.025002465985485,-3.786973254298268,-1.9738579562774543,0.004284710292979883,-1.0502496235764074,-1.205623686243499,-2.1148679385720963,-2.972362071699275,-2.9078824380295427
-0.8605634712847423,-1.1309949117655125,-1.7933231182830414,-2.509575554560332,-3.588938356422665,-4.036111913803963,-4.233032384010751,-4.118522672443454,0.6135974808734814,0.2169680099093997,-0.6343622284833963,-0.04643821597434532,-0.6689517154786718,-1.2012682525751572,-2.6656065324110476,-1.7659322101979986,-2.28786561359882,-1.9657918576203095,-2.7143626010793724,-1.6526199650825704,-3.352398582344225,-3.910651602910402,-2.7425821255963028,-2.775089992418727,-4.256742314949833,-3.2770385672524243,-2.595555772891574,0.47913491270555786,-0.3656314847927418,-0.8194023701946943,-1.1998894398804962,-2.243264785735395,-3.493769573793509,-3.365452752289473
-1.6923415378791564,-2.1369712416760933,-3.774349689202786,-5.291651280127087,-4.716149893026307,-4.69864814678506,0.06835061113598555,-1.093427115786628,-1.431664251335834,-0.9172431424705927,-0.7566319356840332,-0.6133039080158865,-0.9938394957450181,-1.0378981397602123,-1.326442758516182,-1.147048117357347,-1.3489011562288062,-1.63655240891771,-2.619683351174762,-2.4026803709531173,-2.7634063966036053,-3.6226242150532477,-3.766366362292593,-0.4700400141695046,-1.9101471086983763,-1.9515310959542633,0.6009357509264394,0.4875985666290381,-0.0964407033776953,-1.1260171017472538,-0.6006701261122257,-2.34383614470238,-3.1153945067073434,-2.7772823256391055
