script/wind100m.json
{"header": {"parameterCategory": 2, "parameterNumber": 2, "lo1": 3.000054539987559, "la1": 64.9999836372058, "dx": 0.5, "dy": 0.25, "nx": 34, "ny": 52, "refTime": "2026-04-26T13:00:00.000Z"}, "data":
[rows 0 to 24 of 52, columns 0 to 33 of 34]
3.0867444413072382,3.4588888588850906,3.731070897070296,4.168864740505203,4.306083500589975,4.696073164745217,4.713984573468701,5.007796063015366,5.353873615514656,5.186388020670786,5.621018992808491,5.746394626526145,5.6616353797285734,5.46969278184539,6.277812881277859,6.121933031585406,6.56913852638459,6.7913855073104346,5.35528562798461,5.94593929598854,7.097262611952114,6.044944150982034,9.399035391173937,8.773413263536918,7.41439502714057,7.1657486036832765,5.840465732860633,6.243429157631976,6.105170763692108,5.988900756138644,5.8047890685446,5.601235482230694,4.259019113107326,3.258446247251654
2.825129177718755,3.053143845973044,3.5246489226166653,3.907691940371401,4.0991154315447815,4.2443207056828705,4.48328124323123,4.500170673140368,4.535665655156798,5.359515716428275,5.204488870269124,5.7305617758565655,5.999117078441326,5.907570539190698,5.7401350899012495,6.1834695103083,6.430200208265044,5.631583547072345,6.173562994408143,9.079081476758827,7.481815878401392,8.606000426741874,6.805677129502652,10.342920603430493,7.346554051775341,6.491904780371461,5.461528405513535,6.350175106478624,5.759085085550861,5.608200257841207,5.412190360354677,5.850811995813569,4.5134079117136965,4.258103569405566
2.3570565795908744,2.799002721438099,3.0674403527913556,3.508992367721762,3.9175857858089236,4.0098481285304155,4.2206526643368845,4.10252702104251,3.660939484965913,4.126012117263288,5.905039539424259,4.947888857217404,5.766066128777608,5.4503653245169295,6.984396977350344,6.032138654544391,6.823101034914344,5.761998821597176,5.620789285770522,6.750230576223727,8.813187762488775,8.154692483720305,7.226020317398181,8.88205299047358,8.095707426311568,6.611422531550489,6.553072491327254,5.67942328308349,6.274875790218321,5.584831591985827,5.05449256006941,5.254521985130801,4.7146882574220985,3.494122057897295
1.7746638292316772,2.256684106401543,2.5512955774558335,3.0401083731289495,3.511415491598937,3.837814351284944,3.746551954512174,4.021542472906033,4.042031905546308,4.600262457344047,4.4431532064689785,5.205573721162569,5.6290788663311515,4.69324024109967,6.0777101382403425,6.096422718035864,5.315380012284829,4.284277117613218,6.5084337297955885,5.81260045284565,8.117307077006132,9.563371969476293,8.625535525423546,7.018773027018785,7.191768222265054,7.167202455365177,6.988099967537371,6.189848873835448,5.46624945796781,6.171114472938571,5.538778127576926,4.98162562798775,4.384105761794831,4.40477757717728
1.1907087619438865,1.773315506715806,2.1549982302452055,2.698229502600342,3.1555454400532525,3.6551075716426378,3.852290988707033,3.5637694705110583,3.497817819167609,3.8456898656899288,4.359705183275236,4.825565164955341,5.420618789723242,5.876490279270183,5.148111286851435,5.8380669861541605,6.323842447729807,4.1050370256794215,5.963923507593469,9.10385290373819,8.349264289696409,11.39805089812808,6.311772499523969,7.558893607441888,6.509732032505989,6.204350500596699,7.686275631657955,6.503837386521085,6.466264648159748,6.066236273640903,5.917193073151309,5.65288775482568,4.11741002586967,3.722784924065641
0.9027892236810494,1.1606078160526396,1.6134522272836882,2.3010576049703872,2.7656261227387073,3.204246320002459,3.5563894689639586,3.6886372450810527,3.6786443144924537,3.929212524048615,3.3901691092513895,4.723772912643458,4.982323961309206,5.154062568243378,4.74876529995276,5.705943792123771,4.268377477822783,4.447697087614518,7.712023994370921,6.631068999696095,6.485023992878696,8.737541609394645,7.763022189893524,6.148909978125154,6.220020689345008,6.431637096854032,7.0247976512534755,7.389661981128886,6.58553581093422,6.003511166139245,5.78677892243044,5.559886203287283,4.281672501307597,3.562103195197627
0.6947281879701033,0.8566030001419863,1.351643994709918,1.7758269388140684,2.2816129596952104,2.7660165591796133,3.001949516634094,3.3706926544729,3.5228247373687624,3.3066944387231128,2.8572345799906422,3.78238061047445,3.7038216267434203,5.187385511184467,5.861975017170437,5.601224464758246,5.817950009491161,2.916296898115879,9.007629659252371,7.656298150668445,6.531011903029863,6.905836088304284,6.752135159696428,6.291302203474331,6.627750772313026,6.596935393850561,7.163548129082193,7.27041209646512,6.740506666063755,7.138844962927636,6.621503761723569,5.775212582274895,4.433838632392599,4.1131196516146415
1.0144776835952303,0.7658056723902881,0.9266706567474363,1.4282783011864444,1.6905779950206443,2.06248621077028,2.5966162041361374,2.7889606888370606,3.406961805124521,3.9244206501215246,3.3003275987127836,2.846679021054765,4.966063260585552,6.305963462300921,3.4037909523332774,5.104657476074266,4.930888775618723,9.044606850991311,6.3114994982686685,7.398009516232467,7.101498019920551,6.886980034804859,6.692854474848444,6.738576064647024,5.823538914774159,6.177183830500154,6.4592351868733315,7.793734101833738,6.568137677703013,6.553291046486131,5.982122865559388,5.38743121054909,4.23988353029352,4.976094194664588
1.0478801766248504,1.176529537728754,0.84689736498673,0.885412664090366,1.2999183126616416,1.8563540825798333,2.295386458098384,2.857899905122668,3.1032493011711626,3.420411559663031,3.6225896118195147,5.231343017396081,4.423298675567667,6.0705053309484684,5.2151807927996465,4.1887103550456875,6.6782012451783785,7.5700681028602075,7.987665657574719,9.61141651373287,8.956278301268314,8.21517031445592,5.136784589363962,6.007253023973449,6.711731849055951,6.9797964725764015,5.76201383694916,7.248243916687868,6.735095854524913,7.179343155688668,6.535170056084331,6.350808408482539,6.544078811352456,4.665065874683676
0.8614883793416307,1.0684440032784768,1.0200832143895777,0.8736435284748069,1.0699921490043351,1.61969345458811,2.066625906149122,2.5718704465981737,3.4084390825266864,2.2903299762356437,3.529204762264498,2.0365379046898067,8.047666124822882,7.631821292690862,3.400491249217364,4.873622678983237,5.459569445341245,7.463254952924822,7.64580447469988,8.574926374026816,7.62452276866991,7.063378210761847,6.0510908177356395,4.532269580695917,6.3705275714101575,7.31464411732824,6.924360128991619,7.356006113360305,7.363402545478869,6.945931733391236,6.53048443596847,7.3545349029402765,5.722092799226381,6.1618861202894255
0.2688568365099668,0.6203093165642666,1.0476147981810362,1.1890225187509234,0.9465806029181826,1.1416925476522413,2.4132397330526,1.3951039345424125,2.7435907994996245,0.7066858100886422,6.747903736875997,4.245071358853731,5.741821058734986,5.935454751222824,5.191776544510355,5.976079632370569,4.110045469778071,5.2131446535084,7.872788332178517,6.5993117017748295,6.856008315620114,6.1112770685949656,6.9042398421207425,5.732923490853238,5.697105483363721,5.607440921928863,7.307436116403313,7.008035775727433,6.973874407376341,7.5274909985277265,8.313187593377616,8.627306157253932,6.8589713137971575,4.781515258469374
0.01963448832936965,0.2852381874109455,0.6957922283555554,1.0917152774580257,1.0043211161985646,1.4193775916691558,-0.8719404311121807,3.0648202249631753,0.6965775356599923,2.375976008709969,3.4194146835959622,5.512549442803433,4.550871775430331,6.669401741480701,5.384539956021244,3.511626013781782,4.3939974757671045,7.2023824425680205,5.03575973023704,6.690463457652194,5.8763929679398,6.962709180758944,4.115264382499653,5.570155819324357,4.48646056829839,5.418681793362552,5.721996524552849,6.100555511586364,6.645242456651128,6.7324785848231326,10.453447082958403,7.636349783521949,8.684692123962598,3.6421514818054144
0.381496431858602,0.42461840634825077,0.38693403956656647,0.5408336702750406,0.8381867411623746,2.3671210988222664,0.4092300221754558,1.519073353300588,2.572463528276891,3.369487569907189,5.327701869888021,3.243029512897337,5.857768632387127,5.837189117267609,2.8589952674822747,3.7938923061109042,5.576495484283299,3.779948070350981,4.35622761273971,5.199315356109465,6.721426707340076,5.45924992018912,5.5314734157232195,5.52461672959326,5.014975374091907,6.058825695769893,5.569491078780226,5.755218426609891,6.326255601213193,7.40671560668356,8.618214342003213,11.391866062429328,6.382212721678463,5.53378389314447
0.2807515804411432,0.5564072381007259,0.3686724524881668,0.7596818799832704,1.0108718662753862,1.2257228207801263,1.0106841993493059,1.3476457943926932,-1.2886865666132892,3.0062711183360826,0.7669426992015913,3.6435405320374126,4.299492843904239,3.7211156827236054,4.1102450009425775,2.3168232953113606,4.089693446451977,5.293305073949308,6.050998189945116,4.723230872711506,5.754576677831397,6.845823562721447,5.080553465170907,4.554887162298368,4.665037765371749,4.76693554676867,5.7499348513445785,5.355248559098979,6.458267473675167,7.072055328914632,9.014090648861325,10.010859259233076,9.466675799066381,7.543835676675346
0.4638299008697311,0.34402775279822456,0.671380169889471,1.0881930477937038,3.132955034771936,2.420932967112989,0.9710345068277785,2.7636857264375747,2.6294966831039477,1.0850783786327178,2.1167758290197973,1.8364267165521346,2.1730989859367758,2.0634793128718574,4.242537394437613,3.2933662976089844,2.437280196445481,4.168919743147765,4.654362933694586,5.066559024248419,4.325770813130424,5.558665856642256,5.126781879322296,5.119137122420744,4.081196319585598,5.713869018251905,5.214047509564176,6.043480638711627,5.530981699791963,7.02235123803402,7.861245776439808,8.233346553417615,9.251785902387123,9.374145218764989
0.31996126198743746,0.5916580739662286,0.6971450585010025,1.0985136424119168,3.29975173397213,1.7706510644743148,3.2887412662581106,0.18825501742015194,3.4501139649799177,2.7256973491626817,4.277470121835553,5.254390060834963,0.3514379633746629,2.5797932177394878,2.6517734144339227,2.2030850264611925,3.425274402016934,4.172701701990194,4.042977717339427,4.005697696983321,5.326006766660997,5.1549960180903,4.748174247578263,4.717639962291426,4.074494162374101,4.978614705020585,6.0590512476968845,5.561804275696015,5.473579019841042,5.894592627742086,6.57570339131799,8.368589557809647,9.655698553911012,9.71113812472873
0.3754356862265816,0.565998866256932,0.7772388645958704,1.2746943828448083,1.8166994522269537,3.1996685054739578,3.237483480419248,2.008557806063248,-2.1103996750780936,0.6083052396011094,5.358544174292789,4.58497587805525,1.8062596380217604,0.9768744012776656,2.5954449179474284,2.300835334300364,2.145545022781225,2.4568369288693894,2.862357196790985,4.159873401313298,4.815590429593281,5.707434122675139,4.0819633516435845,4.069253987048471,4.911260996348426,4.5887630952453105,4.918264907819262,5.742268364753152,5.199952441492292,4.653524255294593,8.197136917754655,7.121349316058708,9.403349250618039,10.346000792686375
0.2651191595196534,0.4619371859430759,0.6555026423448271,1.341654691584498,2.7362005716562905,1.416752155641681,1.8595259854390522,1.9679118728939875,4.677352939303911,5.808576716850882,3.4198380499944343,3.3644107281708,1.293774394307166,0.25042943394899764,0.7349395272443386,1.877333875194597,2.131064996742633,3.5348204039820366,3.346611072110761,3.6636413119135276,3.690863342400408,4.345380413268635,4.302090798657484,4.282277158923212,6.325217157248854,4.285415239840014,5.277967223428897,5.5085321977873845,4.46905901672752,4.714258360287896,4.865593180222542,7.8697524474147,9.062950170471757,9.537743755331743
-0.07859951466225405,0.34606558126203846,0.6387755594307779,1.1338536118044318,3.828310477434025,1.9031715873339954,2.8842710242393927,2.0125848716825114,3.8931013698893993,5.658318108049452,4.283126122237053,3.3304127938682635,3.1784102931758915,2.1709482971848475,-1.525024909270424,2.2153797719561115,1.600943442649028,3.0934249135612317,2.996569198117567,3.5916169156079167,4.157475678838944,4.890559763723383,4.711314284418524,4.6653301389986215,4.085831980125231,5.415648062585158,5.300822560371788,4.710267946387564,4.348028513614409,2.6541928567079065,3.8479371372541964,7.746215458013295,8.60084239132348,9.454351026193107
-0.24012784279111446,0.07657530735633297,0.4980475886202462,1.0572403871344551,2.658183605242702,1.7202680823376268,-0.10926718099953268,7.4063657517602755,4.131133016906709,3.945817644261539,3.8642869252044427,4.749756729759603,2.7428984544431243,3.589742573742592,2.001295677452943,3.129911182560812,4.424168528937023,3.4509200578589554,3.072419110413938,4.167111224874906,2.505521322424047,4.879694109414654,4.718013643208074,4.524609300562311,4.107845525175719,4.406121712643419,5.93148574407308,4.628733307677563,3.839335710652477,4.370309066760698,3.06045360609095,4.77047569603697,8.323486117568352,7.366889156424669
-0.6917791242196825,-0.23597949756059625,0.39837101098560374,1.0303313114176829,3.544072481499107,2.825351775191597,1.8539987102095823,0.5718551313218825,2.4523455466971367,2.8476939219245567,3.210718818215964,4.299038943101543,2.948859332956911,-0.2993736359779187,2.044588758886268,3.8990926357228264,3.832073428368317,2.3952772354193237,3.9144791308778806,4.119077914538899,4.560040992882277,3.697503615540491,5.400137076341262,4.522308513663805,4.531585712346977,4.821073684315769,4.680479734545941,4.822146763553624,4.001982030071623,4.436362288082266,2.0085195159874525,2.507228277190291,5.748738886070381,8.359126208860449
-0.4958860062774478,-0.5110159347335557,0.30743845108359263,1.0424231106194213,3.137707500977304,-1.126046805759347,4.492158763192823,2.4078060507302492,3.9578915701369857,2.640666488496618,2.699940682770901,2.9081328047334054,-1.29036513274807,1.8792023934184279,1.9746068709310576,1.668374281480435,5.240345469539429,4.055717107324297,3.6620943981335174,4.086377098000093,3.8974315460461684,4.646182527279307,4.8019144381284065,4.865035424728412,4.809461590131833,4.4109628733623945,4.950832244146136,5.206285897280059,5.199060687181537,4.9056485162528,2.663214628135639,3.9762869909692538,3.097768215487884,7.346137349338161
0.08441982732661092,-0.2395040415759346,0.2722927678781182,1.093884570581085,2.954761330464016,2.0214591536426276,2.755970564381246,3.592948345126567,5.966855209804315,4.364772259242249,1.2194168394749263,3.2709057085823154,3.195266324991003,3.1410961142751717,0.3401800434373313,-1.1609390667612756,4.4793904366002435,4.426961608750365,3.9659937910892475,4.591473553074353,5.251454117344024,3.8858890594810656,4.877398297179173,5.116835711511264,5.736712775489673,5.643891924675604,5.148408024097783,5.734525217127975,5.362024450381071,4.902480754515498,4.214627131389564,3.620883410860877,3.2810830550170325,5.6042329973630025
0.29356357005022166,0.5869395158499492,1.0038216173755947,0.9087766437060355,2.834420696819158,6.697516668164319,2.487894400921514,3.9521702854469414,5.206052163728359,4.554517751249124,0.6272933906391959,-0.9997356823012351,2.3092018916831423,0.2574628833289533,4.423079702398948,1.6623203400784303,5.352918374019117,5.692461207028328,4.775228733304696,4.991485125643915,3.9136503394769977,6.818307722315596,5.631110434684165,5.303642140418233,5.618960574997742,6.9933845367317184,6.166138341199459,5.548145771125422,5.369750422207933,5.104384445652836,4.6030591030470065,3.3797641292268934,2.437287608142515,2.4275970662589854
0.9656164505607859,1.2356517428654374,1.3750019670109552,1.770750657302551,3.3127484859336893,6.596152574438193,4.963900680275719,4.640686413257869,5.773036461212627,4.858144485488122,2.371261023684103,0.7326704152190985,3.100807360105039,2.2025893700575505,5.371880092342734,6.731792219824512,7.744974368998231,6.619865589689143,5.292553634587466,4.7156445058402285,5.515875188277955,3.797988873100408,7.736038708830435,7.546043237709671,6.219267188052851,6.282255279849186,5.96756407071564,5.597605325858928,5.0444217783684016,5.215682066393331,5.282221154828265,3.2931562373128846,2.9059411536219946,1.0544022440583807
