script/wind10m.json
{"header": {"parameterCategory": 2, "parameterNumber": 3, "lo1": 6.000027932988019, "la1": 58.9999434238085, "dx": 0.5, "dy": 0.25, "nx": 22, "ny": 24, "refTime": "2024-11-01T20:00:00.000Z"}, "data":
[rows 0 to 23 of 24, columns 0 to 21 of 22]
-3.932570122417462,-5.56605889004401,-8.547263849785606,-1.6073650000648299,-0.8082916132779466,-1.1321076019592504,-0.09723409428726153,-0.6604718778170598,-2.5849261041239986,-5.103514743222678,-5.556353091677331,-1.7828398971377815,-2.1324999362712176,-1.919234960537427,-5.795139129447219,-8.22829015764785,-5.3239017786261025,-3.0620932921994464,-3.109015157731313,-3.0791612066785334,-2.8906971785451403,-3.567764626524373
-6.435796683179405,-5.143091542020005,-2.794853754778281,0.10526955929118227,0.19605946193046875,-0.6598253199077535,-0.35957544433512784,-3.70808269634558,-6.923119576204389,-6.87036935881681,-9.614761988160275,-2.1090295730058477,-2.50494534733955,-2.6412988815879563,-7.089787735468482,-8.861411150260718,-4.373657031043308,-4.433310052035295,-2.955585722297149,-3.132116289015564,-2.80875519030321,-3.0852786446167437
-3.654834235713862,-3.3299548397021894,-1.2079952216058742,1.1581954345353138,-0.29249927848682306,-1.1949415673193395,-1.780538365701988,-6.724408562888072,-7.3620333839575824,-9.156072443795386,-10.817343801370889,-3.1594325263334895,-1.9498704590728135,-4.170160148604351,-5.1865259775392785,-4.199158235217787,-3.3951067105890353,-5.779689741515892,-5.86961403099149,-3.5768591877839797,-3.9297147590315578,-4.762823339337213
-10.19254441239608,-1.5564455683874585,-0.8323141531522298,0.6206993195750877,-0.7822276939559691,-2.1797461124368684,-5.226267434509506,-7.839212494032337,-7.950685403124045,-10.216812036322418,-11.541710759658326,-5.164489045211374,-2.6488743795433685,-1.9623550464493873,-3.603064464861467,-2.969823675893911,-3.483753296228035,-7.0074639649609995,-3.725827568699115,-3.100122611459253,-3.3029691110094452,-3.2634690057636377
-10.738243787032483,-9.877012730688893,-2.747223305856322,-0.9052899029518171,-3.9152049938468108,-4.697067253762695,-6.330249387072647,-7.550148017355496,-8.78914767511231,-9.61741329793839,-11.79190792977205,-8.384767081679556,-2.9657282282725848,-2.253996946983882,-2.360953004379906,-1.9924278324702955,-2.537797085737492,-2.872378854730887,-3.681551890597009,-3.6130378520113844,-3.4096696786911567,-3.5515514674212216
-10.59381790560435,-10.89906220102256,-8.9129129135097,-6.281459821748835,-6.215236784951572,-6.173205106510735,-6.908429538006818,-7.622331723392321,-9.474523589590353,-10.020142707329372,-11.54115225516294,-11.64903630362341,-4.218869933745876,-3.5228043847945507,-2.8890128742583054,-3.282959886252649,-3.809863477469224,-2.824201304846026,-3.16789145721417,-3.564409134074653,-3.808241600184679,-3.558152959652887
-10.654758401993751,-10.332121007697053,-11.018187807839725,-8.411218076152666,-7.90199691618363,-7.605470367904051,-7.489287086020839,-8.26479228378448,-4.887770827952053,-8.041103850119507,-11.306875436381585,-12.11249761787151,-3.826777205387149,-2.168455641870488,-2.8561353798543583,-2.8564488055715884,-3.3932018993064355,-3.1123361357202173,-2.9154427109080556,-3.7857317996280107,-3.8872515002243895,-3.8059578841678374
-10.1148514753582,-10.658566076563904,-11.179788938168109,-10.913993560147135,-9.33876698076364,-8.685846067258877,-8.201342535533316,-8.976882455240778,-3.36322681880144,-2.4777158628335,-5.231578470953895,-12.212530655667035,-11.279406660028705,-2.167355117814927,-2.9612507973897255,-2.642267038035198,-2.6581736829445775,-2.7578319547461883,-2.5346456474167827,-1.5440680400157498,-3.3017173178750654,-6.633441708389344
-10.170259596665373,-10.389109481519544,-11.072662698303256,-11.260863250547672,-9.686307763115279,-3.6775149504337032,-6.098966086788752,-4.588272528659491,-3.151595255307882,-6.3891721680797255,-9.00433097559893,-11.498819201762702,-11.819813314267185,-2.3361770448338297,-2.8983665331058184,-2.680226536277038,-3.508959549259597,-3.1886378414877665,-2.8450226381115837,-2.487852826918792,-3.293865160533797,-5.384431558253829
-10.01415484785309,-10.613512454163619,-10.984106771597814,-11.575820039257433,-11.203473173007463,-5.677267264469451,-3.834279148369249,-2.830331088537887,-1.7957196789470287,-8.863804470322073,-10.907429945153215,-9.978029138366553,-11.133819674814669,-8.940475360058878,-3.2421594647425267,-3.1699869984744216,-3.570742317710359,-3.437774811184407,-3.148083341331976,-2.932517944500359,-2.8520454446832644,-4.899066315735239
-10.090816840440985,-10.546430886132793,-11.081992682933132,-11.693979316981146,-12.078086563217067,-6.0612353277991335,-2.4843283465056,-2.687749982340691,-2.384739360136746,-2.553450917917693,-10.152054106787865,-10.477279918164779,-11.533275026839872,-11.002664113894868,-4.921184136761993,-3.009123207609294,-3.326410994845193,-3.3578904607252533,-3.5961233371755386,-2.6667064188648877,-2.8506500933946826,-3.492051460371927
-10.220944043224845,-10.586446573379968,-11.137112864131971,-11.429492167003879,-12.017164143898064,-3.2830875155087678,-3.287521663682162,-2.246099796931697,-2.8565030939945313,-3.830221360149338,-5.620870394309367,-10.606638077047782,-10.677936016537995,-7.524909295285402,-4.264707871470646,-3.527105567138169,-3.273899771350171,-3.4319563015322694,-2.8147388638084467,-3.07777271434775,-2.31715988947966,-5.733326641438074
-9.939600276194518,-10.361094541378018,-10.827550397799863,-11.393558061657656,-12.021326466549047,-3.9023305750925417,-2.6914512713517937,-2.326661555678193,-3.0358857339814525,-7.540307175288036,-8.22687313455697,-7.793537267402427,-5.433723462796548,-4.305768420284795,-4.423512155363703,-3.114548197687808,-3.244032288683157,-7.013638272156297,-8.627244991633686,-7.9538744582798895,-7.451586577864666,-8.143582980935966
-9.532222771170648,-10.034839360729281,-10.380691395819396,-10.850036695993774,-11.153535439436643,-4.6943597590716735,-3.036498259981462,-1.7847218471850625,-2.4192940477024707,-7.722020650859235,-9.281812683706889,-4.81678757887601,-4.431607717206438,-2.953246307917648,-5.174090925387757,-3.6166922061748044,-2.617473157908447,-6.441971469157175,-7.327957278804863,-8.380317037633908,-7.967057322067643,-8.27817763956455
-9.812596163301759,-9.78887127954716,-9.81697622432097,-9.964629668605253,-9.972535466213683,-3.1232532885694115,-2.638255286849161,-2.3479578915260744,-4.383540445500792,-5.1577761204923265,-9.433784946392324,-3.075082574252103,-3.1983027309461254,-7.056130309598487,-4.970684969091856,-5.1727237683339204,-3.5508967236761446,-3.5094554362366908,-7.164567471177812,-7.886361247875204,-7.5221339634947375,-7.8126204695054495
-9.406295946220585,-9.852639606878821,-9.97898575357064,-9.976668675669229,-9.999917038087778,-6.27336397151239,-2.4744925001826683,-2.7947352668016925,-4.352498976795762,-3.767405942240418,-7.351764944644501,-4.8462713494921115,-5.0118170176661785,-6.897501814845915,-9.739605853080667,-7.304105836224098,-7.8036060584719955,-6.474389405745356,-6.108101661990978,-7.140206058024027,-8.236785655763125,-7.636150592053133
-9.638359829415567,-9.751988266811733,-9.853290970936005,-10.024395876605427,-10.006776349679742,-9.491298520428945,-3.822300410284947,-4.260807274782541,-7.832434064530146,-5.357617525373709,-7.7155716622537796,-9.055771333036029,-5.147921148453353,-6.261846406990237,-9.339429890811717,-9.903222151042307,-10.065492679095115,-9.601103926029575,-6.291684075811305,-8.121521305519014,-8.361776796965662,-8.423379251801565
-9.289943616373241,-9.11096491133577,-9.487213903102289,-9.483183808604114,-9.707015224732192,-7.022088083577282,-3.3892576840496638,-5.114599539099077,-8.52212540493262,-8.767963395663665,-7.717397131029556,-6.648892654992875,-5.608367876609523,-9.017801843827959,-9.373749094926294,-9.06100683046563,-9.851017647608852,-10.124496986652119,-8.891128816902098,-8.538652132615237,-11.316036318977448,-8.504549870843201
-8.737439202189204,-8.98551715737666,-8.774859933400007,-8.983587004042333,-9.28550194225392,-6.97989341089645,-4.2359015075746775,-3.210835707274268,-5.791362202196337,-9.527250246093413,-7.0452702703673,-7.7782347434780785,-7.242929517818291,-7.709782497559968,-5.875105905065506,-5.702760635063857,-9.148756272411322,-9.842456691871526,-10.094507728996266,-9.88030672381494,-9.862248991504364,-5.363153527129936
-8.209450784282742,-8.765029274647198,-8.872261431214564,-8.982113122683334,-8.86187539634713,-7.264448520586457,-4.449368400855692,-3.434297024862631,-3.8783728414861613,-3.8412291305689528,-5.185495244046791,-7.685439404959739,-6.286328015420346,-4.226330825440616,-3.8154911597204166,-6.871061327670442,-4.919992719032395,-6.763496982898808,-5.808790537708359,-7.625705798877071,-4.5822822260709,-3.5852194967018276
-6.865934578754522,-7.248783533858722,-7.509788939644845,-7.883819122441757,-8.555749935381584,-8.5041504164005,-5.229567459801992,-4.689030403099865,-3.476193314106348,-4.447856837037773,-5.864545405396963,-3.8895537000395164,-3.991670821047261,-4.987436632657789,-3.145380253740944,-3.0231006033717773,-2.667655577664766,0.21165294534776974,-0.6941416275414366,-1.7091780241133085,-2.014530684053165,-2.3345210088825197
-6.767747510676301,-6.385685835820021,-6.084359422055797,-6.485629932475819,-7.421041938352307,-8.622552549354067,-5.473966661538534,-3.0605341067724487,-2.8866374145535016,-3.1840399996140314,-4.028019604570819,-0.979809778520057,-1.0138741982097887,-0.241287198799644,-0.0550372064240185,-0.566289810694298,-0.4165002165831157,0.33654550554525964,-0.023546927283185238,-0.39887010629850833,-0.37816253425561974,-0.5457382382569151
-3.7573992244941743,-3.3281812019567805,-3.514226355307778,-1.872845488311701,-1.8393187828071653,-1.9530709861430202,-1.9306120792646966,-1.3413781960228066,-1.5864291889814215,-0.1924848294816694,-0.152659739633973,-0.11785767363233111,-0.14501541784557556,0.06856395104436483,0.071950245540231,-0.1333217900640699,0.13365061943770273,0.14581031631448302,-0.5943647451444198,-0.2981536290678202,0.006680840488107241,-0.20156359862370796
-1.9411273861872853,-0.7260947156174749,-0.40466288053139243,-0.08453384114336665,0.15232121721712877,0.358703244428923,0.18444058153943,0.3963492678058693,0.22481024991977883,-0.02458916272860991,-0.28370147653419536,-0.40336967264513296,0.1914761465448197,-0.10104614367271783,-0.5895558738506607,-0.17680996644303815,0.017455820125373746,0.3127854661827703,-0.4648845023070661,-0.022468465572506896,0.0487452584139391,0.04854701492546146
