script/wind10m.json
{"header": {"parameterCategory": 2, "parameterNumber": 2, "lo1": 6.000027932988019, "la1": 58.9999434238085, "dx": 0.5, "dy": 0.25, "nx": 22, "ny": 24, "refTime": "2024-10-10T08:00:00.000Z"}, "data":
[rows 0 to 23 of 24, columns 0 to 21 of 22]
2.2627072896822518,4.504573283507843,3.5494833393528764,1.3470735644533107,-0.25049934135903984,0.08338777090000564,-0.30881378537164367,-1.0026231672070989,-0.30823790924145567,-4.1783366450532835,-2.4522548703755582,-1.8018512585043869,-1.7400285590562525,-1.554795023915826,-3.8564265410109306,-6.493813833543487,-1.9422146686287494,-1.7466925661146182,-1.3887525911912018,-1.7761475054680804,-2.201605619172944,-1.6685824941364764
2.4727525606636256,3.1813736446111003,1.0471159856320362,0.3502954717995838,-0.09646754302109366,-0.26728792261303286,-1.2481315802817798,-1.5005158655391875,-1.8199588948923382,-4.355532410902742,-4.194841623104017,-1.239283606904543,-1.6051880841660888,-2.486027761519699,-6.270454216889566,-5.342606767913795,-2.060038540840651,-2.1786898972216804,-2.350911631644221,-1.8798593448083991,-2.02820869729485,-1.7311414911970215
1.4957285622998278,0.6531942628222354,1.1404965373124354,-0.3324799360488853,-0.16941575251601437,1.044402894310931,-4.005081438396817,-1.4438800948667554,0.033833547485571894,-4.862593617743063,-4.816970008301241,-1.3351188215117804,-1.7583867726520133,-4.483587381295887,-2.775038074921993,-2.09946570910108,-1.6365554257823705,-6.1239047262403945,-3.733473838803325,-3.0071744217941276,-2.461574866155806,-2.9268649309617096
6.5221440346365736,0.7170330117845303,1.403032836062389,0.01527060128199876,0.5669547847235071,0.8420225508157372,1.7105088766660987,-1.2824369444511474,-0.1744953512067913,-3.3255959738512773,-5.291129131782875,-2.2005231506288014,-1.8682080147443167,-1.3263303346257478,-2.3316945912000016,-1.9553483189454828,-1.669662351212479,-6.717169137102087,-2.5269887393194534,-3.2680045790101526,-2.49611728891493,-2.5212612953082973
6.181537209387216,8.175997705193414,3.3442331709247215,0.6604966385079394,0.7027890553415884,1.6948298106791657,2.990098454495951,-0.007972256685946763,-0.5575719088252121,-2.5584018154651584,-4.796637660684897,-2.5464160271291667,-1.709238405855203,-0.8843973518158234,-1.3863885503282043,-2.356791208963359,-2.085475750721714,-3.923468866846764,-2.364928046817696,-2.570167935302959,-2.617451699623294,-2.7462128216054924
8.470966977831456,8.964048143427155,7.648367812456279,3.125838833491129,2.739102418325686,3.114066857648059,3.122168820136429,0.5122221426949487,0.7599987468005683,-1.7702423822126196,-4.492678170078415,-3.552671727178513,-1.0469444805840966,-0.9317607845794709,-1.9577502430841325,-2.5315162268144715,-1.8437167016858278,-2.543616196008734,-2.2829439161630494,-2.7022094490812547,-2.5501768873251405,-2.2955282312439125
9.061164187223266,8.53743305617901,7.657086807433839,4.8512603973503845,4.251546877193396,4.302496278239311,4.112229694067079,1.8370361359235625,0.7672045441322343,2.3920290500331975,-3.564421186278108,-3.307883948476173,-0.7102423601952713,-0.2797433097318939,-0.8165745699396643,-2.1383846717337724,-2.0716600740342432,-2.4509818571364055,-2.929441339740319,-3.0041492412107402,-2.531793084126649,-2.548432101491917
9.347221857806181,9.637229038401339,9.760079135920835,7.800331217691756,6.203126701142112,6.384991315772096,6.746649568886965,3.4164072842464606,1.6352287210421872,1.981826301388586,-0.8208001394485813,-3.51559731763064,-1.3985197417296633,-0.20582620787164796,-0.859505020818063,-1.3747348258681766,-2.096503622218324,-2.354275972770292,-2.61813449858503,-3.2978905170122417,-2.6126429055580416,-4.52878570132328
9.547166198543998,9.26297637578096,9.555907547081452,10.713963746989055,9.611565160523517,2.941434283810823,5.523673737251983,2.6766353365235527,1.634449339925119,4.564052655843624,-2.4474585984270703,-4.010525282818401,-0.7272720898460289,-0.7925369331376717,-0.3568558308788537,-1.3318089314122232,-2.2510436244624876,-3.2562173880550076,-2.7876936815555435,-3.2918636086050994,-2.9456656198991613,-4.842290024812558
9.048057496089756,8.731934962473725,9.821214338210746,9.16182414036241,9.334354441977556,5.093202821060833,3.6988817538218495,2.415714406826743,1.9354032506602918,4.558982357185751,-1.6898663446630933,-3.282028793594946,-0.9285806935098734,-0.9411546891811606,-0.5913655696925704,-1.256704849287261,-1.2257587963379524,-3.6346594411233837,-3.2654494693680376,-3.294380774580234,-2.9916568686188394,-5.501381552423979
8.365269189007089,8.744228081195416,8.858524347813383,8.702238684184929,8.72906978168038,4.616756581082324,3.2493968428838387,2.763435927177228,3.067143809068967,3.025713716597617,-0.6875913049700902,-1.8499874913436687,-1.3246502398933693,-1.13672720723204,-1.522326638455103,-1.7003178109340287,-1.1348344844590756,-1.0330315819384557,-3.3193284136461876,-3.102007060568765,-3.0721090635335115,-5.803689963400986
7.7370395078164576,8.008963888971394,7.186320921827882,8.12884568475479,7.944385340773149,2.9242667168913963,3.673379208186563,2.754011756662356,2.8460214613875814,3.065214074004305,1.722724003822902,0.08848843378696739,-0.39727952699682545,-0.4785243266428448,-1.2303231423784438,-1.6403969005381889,-2.2044165928794683,-2.3339948512444386,-2.451976737983595,-3.524097497105625,-2.9717281543629905,-7.8493527254851765
7.307861776816507,7.586310689627088,7.258691653744595,7.443470164602994,6.7914700251632105,3.7241455034452886,2.5236382443700633,1.9220446936576165,3.133252149865918,4.415396338374553,1.1511280068991436,2.0832564289986424,1.0040245219287924,-0.9198039290554251,-1.1943219042367623,-1.1162637841515286,-1.5823172919477149,-5.76161983762746,-5.036455790944548,-5.389980623514148,-6.188850269010966,-7.133399237466997
6.737128976807774,7.096789503787629,6.660311170293142,6.5313387328389085,6.365446458954073,3.677004671483549,3.1233321763534825,2.2498223183366037,3.2597433487590957,4.839000994897105,2.8555806121670604,2.1341374359516663,2.4931503520104936,0.8241241939337005,-1.0919302848352148,-0.7530271286173021,-0.6597804168509812,-4.34496992215072,-4.420205213994066,-3.493652386842117,-5.651098884641925,-6.447955943124774
6.303438913269727,6.610442678113218,5.387710224451385,5.995087483255456,6.003809116327026,3.2168484328276454,3.2785333234052225,3.653396810720517,3.177552705122323,3.1902172084329754,3.6827592544305197,3.503853756230602,2.891359414280005,2.205908713431518,0.6313327632208909,-1.2650035193328755,-1.7326079615163188,-3.82649753985031,-3.9377633713910503,-3.715816233678908,-4.9809509882943335,-5.126895689325558
6.423608486016448,5.908171788296424,4.953139259817468,5.595918057458495,5.776061925987616,4.368412807515622,2.852896011310572,3.582843539260099,2.9527503493839014,2.2180342762438876,4.410182862551898,3.324477645015485,3.846445035597027,1.447539984109961,-0.001975662004940555,-1.6797445852245967,-2.561113230484175,-4.062976419000864,-3.0664198104110123,-3.7625611032802566,-4.522670401080588,-4.888430753263187
5.969827348719901,5.574630929075135,4.987433485388441,5.4783152162751385,5.849706555337204,3.921540431817437,3.334550456411935,3.1469857575323528,6.094418459659582,3.4561453058478935,5.589779109882324,6.129493416742293,3.379703072232348,2.8237097840275958,0.5511153249829203,-0.0031244606374372587,-0.8342772729107729,-3.062530466522978,-2.780763372348427,-4.069917799464387,-4.536698942674917,-4.668332951869354
5.531070711042465,6.448498674502884,5.550587828479731,5.785505829519623,5.456144667860493,2.688161855330261,2.7463259224505174,3.7838203876369065,6.120113114170702,4.899526019259,5.324625892942954,4.3448973151492005,4.53026579743428,5.084575213788784,0.4863466059403121,0.5095140758630774,-0.7695751942760084,-2.919810486731163,-3.953726537100729,-4.1197429207012775,-4.159094654110999,-4.5101631723380935
5.9038103267674895,6.056236456206265,6.052182650712217,6.1265312840189905,5.370219198536516,3.323166366081117,2.9407225873060256,2.7966517405517477,5.680308234406093,8.436006088886119,6.408054185396641,7.690074055375929,7.590808995461381,4.060851106597374,2.1429454556165757,0.11703393165853021,-0.8462931091198904,-2.887848493679586,-3.4717329310858793,-4.241203939186491,-3.561102460227011,-2.985653049801601
6.4776803231095315,5.869104890219184,6.315291127136415,6.432183452225393,5.2838684836661125,0.8842975536857534,2.6019064926762523,2.606170728874521,4.125225480120399,5.1190799824764985,6.343165570483804,8.614658728587875,8.197130789018152,3.058816282266528,1.6245561073626669,0.12476483482963617,-0.2261335643449561,-2.483406574851641,-2.7570739674871265,-2.8308259457351226,-2.8732817099424754,-2.449723379061469
6.882686029122705,6.366580838185258,6.5446288792733025,6.773762209430855,3.4209564088249618,4.3714269769453376,2.092521477827374,2.4501237503983897,3.8994101079919328,5.2902406566446105,7.262031186719186,7.9941341844651115,5.685606743573621,2.7308600210981524,1.5854941608779691,0.19110773434138906,-0.6974599922759823,-2.3512238556902774,-1.0011266200729483,-2.1647547438933414,-2.33658457399972,-2.360032172826098
6.751893676075963,6.610370147443836,7.272531636345999,6.760100502152359,6.840002325128584,5.801835516174421,1.5280601918086911,2.706062634161938,4.198383860060303,6.327092819669317,6.200238050457328,6.601551567260585,5.1136907352715175,2.894731807529207,1.928635422642626,0.10511143701700155,-0.2528483176391103,-3.103741075214981,-0.9936184507366804,-1.9073192309614233,-1.8114752625815944,-2.66246306898363
7.352560741961495,7.07860966638491,7.336291380955893,3.9343600076682814,5.648266595407862,4.174469712190695,2.1618950456096453,2.3735780276288545,5.154038384009209,5.763158974213402,6.070388559413873,5.4081398091354265,4.7116664774041555,2.136081693963038,2.276640140357693,0.43213762430362235,-0.20490412762999063,-0.8881175899321373,-1.6747203944271665,-1.526876388046043,-1.790367583308193,-1.738873401696954
4.400681105666828,4.87403907131555,5.398438140627331,5.152682585543527,3.6231567341573463,3.9859507364425077,3.752091586173769,3.4803106346079415,4.230374264809636,5.039624422130436,4.2896829694724845,5.141897614825964,4.193879557741358,1.6832112901403993,1.3290466764124915,0.5236947469959128,-0.7326753132818105,-0.505191996973582,-2.1137134065439764,-1.5937190465027236,-0.9777585836135646,-2.6748992543832832
