script/wind50m.json
{"header": {"parameterCategory": 2, "parameterNumber": 3, "lo1": 3.000054539987559, "la1": 64.9999836372058, "dx": 0.5, "dy": 0.25, "nx": 34, "ny": 52, "refTime": "2026-07-03T12:00:00.000Z"}, "data":
[rows 24 to 47 of 52, columns 0 to 33 of 34]
-2.314618417812965,-2.5852710168575403,-3.5319246294778543,-6.407550134698204,-8.04197895139873,-8.537754701430622,-4.563656590645543,-7.055231809469471,-8.680126916837754,-7.072463823541542,-6.6357256250545,-5.678762520340522,-5.615352166465657,-5.634924038606395,-5.991621443739607,-6.920231964178942,-5.302991445394955,-4.658091823994047,-4.611440658438701,-4.450696837296204,-5.603826052432254,-6.489206811477222,-5.775844213910742,-4.520304787645491,-4.72134008246105,-5.391002498318757,-3.740545919987896,-2.8920193269855856,-3.0023174735972114,-2.5815602400345674,3.092330549882323,7.386391213212561,5.0294116552899775,3.9239319773617316
-2.851841390433716,-3.1625846026400084,-4.052029089938704,-5.935060151392946,-8.511957297632934,-9.505645542042659,-6.6515989852453865,-7.630705155529663,-7.442582876260154,-7.06054988796156,-6.576244950044401,-5.188171425468567,-5.37758815077146,-8.112354632846303,-9.104412227973508,-2.705972442454112,-7.500803958448826,-4.210903503266544,-4.33390603790029,-3.939697900945215,-6.389669049215455,-5.700531380934549,-5.011976562807908,-6.418230561063177,-5.6632594426552485,-5.858071430492383,-5.281677368119567,-3.1414844263609867,-2.4667754343543495,2.0587492298939947,0.893631082679208,4.625442606048791,2.9419817741005323,4.656286982658692
-3.8191203530538402,-3.834105949536802,-4.489214266862952,-6.134613495966133,-8.15612027620675,-10.32349612047675,-7.597960684107204,-6.7580530614833005,-6.218146766123683,-4.607863294313459,-5.8815547599037545,-5.439369980575114,-6.181506281780525,-8.923243851156863,-6.120697916760628,-2.3161977484213083,-2.7128079368251554,-4.141597519234861,-3.6090683111403647,-4.321893163730303,-5.909906295805925,-4.126416518675389,-4.963284979995105,-5.741060757981288,-4.573896298400024,-2.3870304026614213,-3.248233695865416,-2.822846298959635,-1.9967132762987516,1.5691297811112679,0.794361692162149,0.7718177703059661,1.443873700312412,2.4763552559820785
-4.116359687521426,-3.6543036506057485,-4.5266970535298645,-6.319410863796963,-7.269725214297581,-10.138742270102377,-11.399668018250097,-6.926316029504279,-6.630063801804288,-6.059365066212125,-6.0993011512714075,-5.576943528258051,-4.649909387920864,-4.039329990829546,-4.7091228683754585,-4.185721617282972,-1.8939652477391433,-2.831853592709802,-3.1539299617796397,-3.2127736953989645,-5.453573581716845,-3.9797958641466624,-4.601515366861914,-6.351127688555332,-2.912849938696782,-3.8486179238076104,-3.2816924860080903,-0.4286565800124321,-0.2766799220469357,2.2950864038860646,1.854300854674942,2.304040447869831,3.283940711156097,3.6650035633056457
-4.395080420995503,-4.009828713713746,-4.853732964468517,-6.001168958569641,-7.4867235967649455,-9.808218973784488,-11.41858660777044,-11.109366138357842,-6.449231591823289,-5.2133994565941295,-5.714116826104557,-4.112222136694558,-2.806168400260963,-2.2532432804228035,-2.7750425616497076,-2.7018908832066346,-3.3366433863067186,-3.053000727467953,-3.0929664311758254,-3.063629784732085,-3.8691786703771447,-4.0333947355868425,-3.9614553647201634,-4.032536736593403,-4.072380984233301,-2.3076442547148126,-1.1171288058942002,-1.8371514390525938,1.090144293627254,2.079855158844535,2.4331177769467867,2.5906592150965024,3.8604348219505273,5.908886634169837
-3.791075337643626,-4.275396779998097,-5.633375001647769,-6.374119750388938,-7.54886639441367,-8.981818644227975,-10.797842995618568,-11.765442491509448,-10.921242115452015,-7.782930261683817,-5.9174557736570454,-4.508317176657346,-2.6412641109934047,-4.126988549042333,-2.9702819663600244,-2.6545600864639525,-3.1924890224326954,-4.189304078550319,-3.982666063281988,-3.1510445892200334,-2.795026915402504,-2.600652895123025,-3.527986546249276,-3.134641363245279,-3.076893511412094,-3.018690447100441,-0.9904440712259991,0.01268457214137398,0.9548779369107935,1.0083977944438451,2.2546254701274857,2.3876027237325372,2.980399905635357,5.638978885318712
-3.218002017269932,-4.57444247936212,-5.159375464479471,-5.938669759722004,-7.187878908688984,-8.764360071978993,-9.510934185547608,-11.056135661361015,-11.251625600658937,-10.301366340729592,-9.056206171219772,-7.437155392408035,-6.497959743030204,-5.332258748634213,-4.651037138974595,-4.891333213447527,-4.439464932806271,-4.942683310901241,-4.11423913057871,-3.243542645600925,-2.057338444717597,-2.204994149267299,-2.048671341571612,-3.875981433253324,-2.724106919741101,-2.2373128358272267,-2.20296619004451,-1.2221505726461952,0.7821371439257463,0.4144006546336168,4.202103635810965,2.582351844068965,3.6639895487191567,5.108236455305509
-2.650718903677008,-3.752971080507042,-4.297938960980173,-5.814139205973328,-6.176859433261649,-8.344232779625182,-8.587351826296677,-10.047265976394836,-10.605186066794184,-10.542250431768169,-10.000499855069833,-9.038587456607848,-8.0738223539828,-6.637526642987341,-4.74577939412568,-3.621017570630591,-3.286472997889471,-5.480062909183597,-6.3558029682907256,-3.6439461391827708,-2.4496058115676194,-1.163995122627995,-2.1455395437531797,-1.5165972585387029,-2.15203543856073,-2.274278956497068,-1.3076467290953118,-1.2754596481642393,0.3193109854278647,2.0996442631857124,3.7009679933814663,3.258711709632728,4.930024886491006,5.0508116986374985
-4.332391757874398,-3.641842726601073,-4.5487263497619335,-6.152392749117111,-6.439262827556287,-6.5514194320756625,-8.710536465015792,-9.571419328687425,-9.731528544590404,-9.64881405421524,-9.478033594005225,-6.188999738467684,-6.86532282325081,-5.505526038697488,-4.76492298106972,-4.924195149902483,-4.760340371953279,-4.586447868647456,-4.587154272970312,-4.552281975080371,-2.3766078217303925,-2.038840425037761,-1.7064646715473293,-1.4100222120700092,-0.7787719793162087,-1.9190599241846953,-1.9999827861702797,-0.0369191033240458,1.773347597691832,3.9196101284988907,4.34387235556466,3.3582808858771083,4.313604086787059,4.619427579861885
-2.817268939150977,-3.6719895836484246,-5.237990562467139,-5.123154285481925,-5.537130547281398,-6.997780487594444,-8.166639953255709,-9.05754855276075,-9.26471808141575,-8.89597245416346,-8.653487099086636,-7.124759235160564,-5.9420932620295375,-5.553417262748006,-4.554929227982971,-5.792545146092289,-5.859204415394825,-5.438267510395539,-5.407563123163097,-5.183289998305589,-1.912642677415387,-1.3632182912008726,-0.34842815325746357,-0.8255379075612743,-1.7242950235822763,-0.7106043313909045,-1.0702193699743305,1.4245562968802974,2.5827769766973705,3.580333005410168,3.4049966216629097,2.876365186255593,2.8589526749073277,3.6870251720874205
-2.495632685836622,-3.9412492548857543,-4.208025115664714,-5.3104112266062335,-4.917306714208787,-5.392152993806551,-7.569901814952892,-8.80354639616168,-9.29640013019743,-8.831470765128913,-8.140228477125095,-5.915941565205398,-4.517851350628036,-4.651910996173527,-4.91090744957911,-3.887100260611674,-4.975443734051792,-6.173122514209233,-6.197004373277626,-5.397249683766997,-3.9401370166442553,-2.0419268923760536,-1.503620806471562,-1.4009249372186903,-0.034536711192164775,0.5051852988098838,0.6460463561819061,1.5296910859456683,3.278971508181587,3.5331347380548537,2.694814619851252,2.120967174749096,2.1927300873789743,3.8025130937640075
-2.1046013383563404,-4.060377440631494,-4.242294436737438,-4.929023037379916,-5.5124819434655095,-5.96840282075391,-7.107751710428751,-8.184401869783056,-9.507749972550782,-8.750965799307991,-8.312651428356174,-5.302044495453118,-4.946369802246061,-4.667605984482691,-4.009040925948209,-4.796245870450558,-4.590152967722954,-4.799562847595779,-5.2854026170132595,-4.9970807351699555,-3.6613316208263913,-1.582291477736968,-1.59145931004014,-0.6638917378176219,0.2134918386753809,0.15547269013252815,-0.25784460603119186,2.1183549735886453,3.3492035525757746,3.3722902992121324,2.4744425239870043,2.1347268158044876,2.8019115500734046,3.806673866686491
-2.4461305020307207,-3.6673798367839483,-3.816792507280471,-4.548386666193882,-5.207009341687574,-6.321066629254322,-6.608487759972947,-7.667383623097857,-8.7445847856038,-9.040201483203994,-8.44996327569111,-6.016787898314362,-4.693332974303563,-3.969390014279158,-4.228043454724493,-5.21352776837905,-5.5831981967074,-5.260878856413486,-3.676880152193543,-2.8200945082314868,-2.59926115355415,-1.7943303594342996,-1.3996229644442155,-0.3018044633636516,0.7991987292963704,2.817112619610796,1.0386398213722445,0.7298948523635422,1.3110547929271548,0.9647048635689769,1.3056652358593424,0.29837733608483263,2.022610699638134,3.04304385011256
-3.1611337834326436,-3.608497573608006,-3.8464423618020627,-4.24443835978562,-5.704113758127458,-6.115684925159962,-6.101273410233333,-5.51639568430359,-7.593587164064335,-8.958084104256903,-8.382661840199253,-6.6831638150166,-4.840658241026557,-4.297296304961954,-3.961153546833117,-5.410646140529558,-4.7417033878504045,-3.9460629197269816,-3.690092052046641,-2.7713732481237554,-3.418225718899129,-2.6648788896433047,-1.5490986973110714,-1.105782791396294,0.7577812200713009,1.356826909372668,1.0796100319239978,0.8944599044591786,0.2538335919235783,0.0270047018735654,0.08241009579549334,2.7773836515083987,3.011544684240465,3.7467488441523513
-3.0748941414360225,-2.808306458885635,-4.413755802063777,-4.481915524407866,-5.079256006028926,-5.074360832764851,-5.440992822173,-5.476684933743141,-6.31452818907416,-8.36075039605906,-8.449492977409959,-6.211964907454637,-4.881714995975178,-4.064902473309786,-3.499121677291252,-3.4398351876555413,-5.348635238923155,-3.141569226830873,-2.8254349920166133,-4.0943259112608965,-3.3425735162628643,-2.116130255131344,-1.7279908704238462,-1.5450678399022129,-0.8629386220714846,-0.5320108706634507,0.7802250174825646,1.0677624207513394,-0.3468590940762271,-1.214277127223314,3.7041391542605995,2.961298148010759,7.235841174051366,4.556198078736327
-3.185375104425283,-2.685551659697624,-3.994989932442311,-4.562394706346923,-5.071435568835602,-5.546803614393825,-5.821717610880295,-5.043418862638012,-6.230220151241555,-7.076565806591676,-8.08037676366101,-7.3695016506755024,-4.285783715478638,-4.0393540795653875,-4.560546798080833,-3.9053482080825908,-3.792326770768202,-3.8365149017092133,-3.0541761445315783,-3.7534430825157354,-2.8174728875093233,-2.6403980089734485,-2.525415047137646,-1.4016391683521021,-0.737016550441384,-0.8307963710209271,-0.4264973853763535,-0.7048778769244154,-0.5221713111299037,2.690115959849444,3.5110614487194867,3.525041784895952,3.1695775636575543,4.01065097909878
-3.2467518139990403,-2.6150518998666477,-4.189534747115168,-4.624571177286892,-4.159797464621527,-3.8325760376088356,-5.251189276857547,-4.839486347970515,-5.962955207874926,-6.150138095909012,-7.219319493672028,-7.37365203520997,-4.634185463992569,-3.981262587540233,-4.868631440010328,-4.37545964979887,-4.386016257230786,-4.441852442743112,-3.442315233359928,-2.997318871204718,-4.066493901196208,-2.343368588764431,-1.9313575608585618,-1.734987032808958,-1.7546389681372847,-1.4300894981944556,-0.5256428228137195,-0.22032586924443612,1.0245315948862599,1.9653275246847788,2.794551578156445,3.6693508789428044,5.783747327053438,8.748541739332586
-3.4956023660007864,-3.1394150223809882,-3.94285126013607,-3.454269954965698,-3.318696667309602,-3.0067181450079214,-4.145147424227599,-4.592452505854022,-5.516113903232647,-5.716798684693167,-6.1731632685530835,-6.367753282281375,-4.11718125180346,-3.9844939579987697,-5.4386270071785185,-3.6699106528825394,-5.445586619348435,-3.7650417241391176,-2.5813357058424047,-3.340631523306829,-3.4151326789757195,-2.9171299371539288,-1.9065471180515712,-1.7620037227834022,-2.3414728938734317,-2.102167046491253,-2.082162424838035,-1.4775365441055832,-0.439136144878221,1.1399939883664987,3.9794898209294622,6.242700848151078,6.691435535779318,7.473945996355659
-3.28033818479234,-3.747181945949073,-3.4154957220085573,-3.4398221571676735,-3.0496284195218184,-2.8450783874991212,-2.9464281955699976,-3.796826177705158,-4.825584868518387,-5.450097151841143,-5.95386372933628,-5.655161590297661,-5.110483613566815,-3.5334182340940665,-3.078963991977452,-3.84975061014926,-5.936574685057742,-4.762547684149401,-2.9769892403593095,-2.0037256052843007,-2.4644507643271556,-3.585944359837741,-2.305878127278175,-1.8465106878052846,-1.6340364437888262,-1.6032686196459573,-1.0158235314509607,-0.1268899327447081,0.7716627719755976,4.348459456771376,3.66136177275642,3.0095644659404877,5.542587997352545,5.993690408508754
-3.0068766459980845,-3.2593986225729377,-3.5194496969934623,-3.319913545487682,-3.3383651518401134,-3.249760567182191,-3.955811013939288,-3.4864371495249555,-4.46920605633256,-5.804269897144412,-5.842608242352429,-5.940275655255481,-3.4212780766437114,-2.740710849319701,-2.8651227138623385,-1.9601141807430713,-3.1549104543582525,-5.05984775765819,-3.002559767689389,-3.3464967873845546,-2.680441321636531,-3.018402419135974,-3.3365533931884497,-2.4728659407383753,-2.078295204506002,-2.185186999496796,-0.8966685659312508,3.0858073464865607,3.485310253810254,2.3321195185870973,2.953133888116522,2.777801303295935,3.070051806778376,2.1047420974251714
-2.055120659336366,-2.873976312063573,-3.1075795270349693,-3.0507302436083332,-3.2395072978968686,-3.1201969431426706,-3.0618905821141578,-3.7774103483588095,-3.86991550024548,-5.98966555806801,-5.197718074872396,-5.151069258535735,-4.814783458479551,-3.1217115132001174,-2.930046557120371,-3.1017652417076214,-1.7146481556911144,-2.4412750621579407,-2.5170615042737254,-1.9398856396971882,-3.566952198232744,-2.6618865074061,-1.97122406039085,-1.6713103254625497,-0.6257316162638463,-0.7545985786738332,0.7344684958340126,0.775471211745602,1.2433972917015028,1.419552268923918,0.541481774496587,2.0065258873062595,2.015624935705182,0.9697358415095882
-2.2465106603067637,-2.8922175834055643,-2.639445209791249,-2.9009831612193757,-3.1772272117999774,-3.071434785900488,-3.3040684975825463,-3.7885292530664674,-3.6877930814479996,-4.295827337081857,-4.2759939290015065,-4.986483530965456,-4.677902679274869,-3.271141900304957,-2.7351803478904215,-2.0766929775577387,-2.708792468324372,-2.6073098918213047,-0.6366589958329091,-3.510100160150289,-2.979380689695352,-2.8096001503143766,-3.7520943054102203,-4.356370297345543,-1.9018535709585744,-0.483251979990544,0.42576814487934717,-0.15458621663611702,-0.2814905930542265,0.6104209713190367,0.23343160459103227,1.1993012426869,0.6509611511269107,2.136796944996123
-2.58530542174292,-2.4767966448446943,-2.7443709674681394,-2.9873121163977148,-3.217892335157884,-3.279475169655829,-3.266893614120399,-3.8728044813563924,-3.8536014953068563,-2.890564478952211,-2.5566303399066648,-3.2674316168467086,-3.1714223556057646,-3.673941912709484,-3.7340181776705763,-3.265910254057159,-3.281270868917011,-2.3790242902959413,-2.540221933747843,-3.1219607049062956,-2.603567647376262,-1.934709036909366,-3.1146826258536255,-2.131988576815662,-2.3100327903237488,-1.1712593140917633,-1.3426122139160324,-0.19242074061436323,-0.9292648425862007,1.1821061399777704,0.4225558457140347,0.3574475420446671,-0.6697134853978411,-1.845413024381688
-2.849896504776048,-2.663127201022844,-2.867675705069938,-3.0575026656947117,-2.87838490193632,-2.9729453903207705,-2.607685362826692,-3.259805599077454,-3.7862553663502014,-4.249238590024328,-3.62198723734772,-3.9132181206930725,-3.933492612098224,-4.028197191119629,-2.763904763083798,-2.794971325318238,-4.267622694050465,-2.7063105822729687,-2.3586558516145795,-3.613247952391907,-2.956790866392481,-1.9381580613608833,-2.3526878160230957,-2.1990967194931046,-1.3860149091766167,-1.6648681277506179,-1.421210623799262,-2.704341433683601,-1.4884069014853047,-0.5263398803730955,-1.1915533352080336,-0.9880933379845908,-2.190566444007268,-1.449183963989952
