script/wind450m.json
{"header": {"parameterCategory": 2, "parameterNumber": 2, "lo1": 3.000054539987559, "la1": 64.9999836372058, "dx": 0.5, "dy": 0.25, "nx": 34, "ny": 52, "refTime": "2026-01-23T17:00:00.000Z"}, "data":
[rows 0 to 23 of 52, columns 0 to 33 of 34]
-10.745504299233874,-10.793331051806007,-10.869431205690502,-11.175251854377395,-11.542007567203493,-11.352941766669156,-10.317606227106419,-9.821922894277595,-9.269693208683048,-8.72924156454387,-8.284741002391112,-7.706854292463487,-7.794795318809597,-7.527644353050766,-8.572516584337299,-8.850831862142647,-8.378300457062966,-8.743312206539873,-7.4770227756083765,0.5767362630530711,-3.5591419583787753,-4.432767861046886,-5.016604634556461,-0.08633051568546136,-0.9900573992299063,0.9324491248838713,1.357256567573031,1.7832728392857318,1.8280604780967944,1.053200548782352,0.9731717680994588,0.691023202260597,1.592183955747718,1.4476007711222048
-9.559966655063961,-9.480069841825786,-9.201731451045992,-8.879721020549844,-8.637232643753656,-6.667653440964151,-6.364967988432742,-6.806750342250867,-6.63203829663806,-6.8534282625749,-6.610839287218216,-6.926589093541821,-6.812767822275778,-7.145846861192783,-7.710213184274465,-8.88030294221041,-9.472461303971636,-9.678755193627605,-4.371589705393643,-5.779518644456302,-7.410469411665186,-4.486214688102023,-3.4510626164725986,-4.3994457501461826,-1.9965713205396958,-0.43185553505022994,1.2836998216863538,0.41679045438881823,1.318020999442338,0.32889015470065286,0.4450029755058858,0.34520857737371674,0.5517781014918048,-0.05340432707053803
-4.601908317259905,-3.94431045839308,-3.6874165508304966,-2.8517536950869022,-1.8238636469648055,-2.2881472597546924,-2.69292735914358,-3.838042068845422,-4.241687945926183,-4.982020530649187,-6.010334218255737,-5.813815656735719,-5.706147388707135,-5.729286528116588,-6.648940147404462,-8.508551551441755,-9.004946726088537,-6.711246251843259,-7.895375793350042,-7.278485827130231,-3.9491504223543656,-5.1299712418546,-6.555374673488636,-3.219535579006002,-2.2934194502885563,-0.8894235461867229,-0.07394818871080655,0.31202456886711055,0.06894404087363293,0.2657025041221382,0.026767253404411256,0.14488619513208328,0.08481357569001403,-0.6730661345611524
-2.4597945510964574,-2.384294161506093,-2.0265108664373668,-2.3106826103326017,-3.0431757397453367,-3.723756986817757,-2.7088500217243054,-2.6385886115010226,-3.702210343085065,-2.873520898616578,-3.1438332639793556,-5.121277717478881,-5.015023107379352,-5.246423124428508,-6.667622037544009,-6.394315048123496,-8.97002407354548,-4.798772457457992,-2.623060736383324,-4.72274544645044,-1.9741818940207616,-5.365162717232104,-3.3553584731369406,-1.3009199426036555,-1.543589936093364,-0.858732817505903,-0.652585593489713,0.4004425850635683,0.5163791364920111,0.13737705320756405,-0.08103115660979092,-0.3443383184419566,-0.8670517693091319,-1.1428457449923153
-3.0807117260335826,-1.5259231747466873,-0.1639344305824522,0.6982046469170271,0.31958759363176487,-0.1446524435784257,-1.3011782815446145,-0.9058906731202815,-0.45252423886431115,-0.49471634332144704,-1.3155571539069633,-2.305494036299143,-4.67254634709001,-4.437613364364913,-7.174393186415099,-4.81459398747306,-3.836799148198883,-7.157942677765897,-8.548026221199189,-4.875409167226297,-0.8829697970878282,-3.608817481563459,-2.972541254917863,-2.1438072381078817,-0.4745975984415307,-0.5420467525071747,-1.002753133274677,-0.4491718494191602,0.35666978236295066,0.8612811759098711,0.17937914641566233,-0.4480172904869651,-1.5181531057266995,-1.6893949279972231
1.059453651613234,2.787937191072592,3.455387868130725,4.384010895414173,4.1013662545201335,3.1967682953006933,3.4420526529812663,2.145760064565047,1.5894354661439742,0.9467404279839163,2.5588126951319827,2.289037323746373,-0.4895850661761723,-5.296445084343874,-7.688318792438737,-5.929600358132507,-3.397272167082027,-4.4140990695436955,-2.9139609751956383,-6.360134003565985,-9.391150323789127,-5.9233823971400685,-3.5881039132645567,-2.4077988276497213,-1.3191577290524794,-0.72099414619596,-1.4397554479197041,-1.7833727933426984,-1.432414461247085,-1.1144971670962838,-0.6220861984103231,-1.2222057476026367,-1.5467997157974243,-2.149691688580002
2.414830178258215,3.9880013491109434,5.399555272952421,6.548193771001285,7.331436728317665,5.076509197384349,3.97143260212726,3.2028598945524145,2.152490454351681,1.40716027043517,1.5121442024188545,2.3111988402744155,-0.3955848624340407,1.2398641979784493,-6.007577093200424,-4.795779526122401,-4.0205399761617615,-1.3016405572177516,-2.043390098709223,-3.3001925626107136,-5.706510647261592,-6.316919804931957,-3.8397585324274246,-2.8083523338702365,-1.476178230002057,-0.5548981861351793,-1.3211842011520343,-2.38257902274476,-1.4064224025067098,-2.3995775836359576,-2.141892389425206,-2.3933307505728556,-2.922112861828852,-3.231631879238865
-0.6114579261701232,1.3695642179350358,3.272346435442579,5.0569278673663245,6.467898856604474,6.478022408509983,5.599442160169493,4.831559033196666,2.2519935485308413,2.4312938347570086,1.0077684173693036,2.143594950812624,-1.5690508541845254,-1.3880952973349308,-1.7683663113156787,1.985333526345426,-3.3964545234064976,2.637594430926535,-1.1675390179586618,-0.68294971164078,-1.9134214913640444,-1.417265571028246,-4.00886444226756,-2.089388759904773,-2.9536476039010355,-1.6105492321868526,-2.2898989191282704,-1.9092105612084087,-3.2512328816652447,-3.1524816563673825,-3.308763991931132,-4.07247917422196,-3.7431006270023803,-3.821906827711435
-1.3027991342865435,-0.39542314547924495,1.3685714970637892,2.928259622938872,3.58990938009397,4.431701585456632,3.7696515976094864,2.399742606422297,2.7250443332968053,1.4791991703398988,0.9697848751586639,0.5016468656458458,-1.705835974608381,-0.6062720631003496,4.79084092430572,-1.6397992030650084,-3.7843342800026494,1.2194831891483668,0.330056530842248,-2.2933351100444583,-4.107813130258895,0.5085675973375255,-0.22740573876198916,-2.292470072777467,-2.517306301516382,-3.0310119522767343,-2.8713407957858563,-4.335652123137073,-5.019022341019133,-5.128603005669967,-5.02688697224702,-4.162930218763576,-4.124051171628226,-3.87459701844948
-0.5000778225069649,0.046861978159623716,0.6978643124018534,1.3052707012405962,1.2515305642413377,1.725253704201579,1.429848224217318,1.0460594642597096,0.5347596239562374,-0.41611197855840365,-1.6681353859655594,-0.4067901714456906,-0.6540468412313202,1.2651464893890931,-0.23048685922468073,3.7387872116339467,0.825779168731169,-1.8232481713991064,-2.3844596915262475,-1.571340017491823,-0.6695331472216608,-1.1379386063471624,-1.9089180931824543,-2.2124911536766376,-2.9542884889259393,-3.6251085275108066,-3.5115859342218676,-3.7556898459338286,-4.415051307117681,-5.901609259916784,-4.635236265438877,-4.2611685508330615,-3.627699889164562,-3.5238473534526507
-0.40996147917843956,-0.3587052192347112,0.23105192570581973,-0.22065094165108204,0.15227853103169625,-0.2919459199831574,-0.6924950239650216,-1.6034170167391482,0.5706245011652812,-0.460217774459801,-0.16193048552937958,-3.721074271948023,-0.13711045232803293,2.5528564297068055,1.1828770655880674,-1.6208407283089694,0.7146327789125628,-2.618477146972995,-1.8032536345426975,-2.4655798862476024,-1.453290478810513,-2.7476667796100624,-2.0122852781408183,-3.073886079782262,-3.6502836533239496,-3.7567232113738296,-4.368750502240447,-4.4565429521150675,-3.7279384000792377,-4.449279519666257,-4.086993300131144,-3.6797607780647996,-3.364649061417676,-3.298847276303478
-0.5161684397106194,-0.6767992734842315,-1.2216415432925374,-1.5334414831580976,-2.4660081122833457,-2.3488008656410635,-2.655961182859158,-1.2165690802909686,-0.37578111898340827,1.4924263949131866,-1.8418154274426275,-1.200896004554448,0.19493587948952046,0.7626820215498773,1.0758056905127678,-0.7663637648448849,-1.678279528556115,0.3260913658887838,0.36385171791887005,-3.134065411211878,-2.0612807140935963,-3.2123048028594896,-3.3750038300318224,-2.837277275259706,-3.8268827843870383,-4.4114801665410255,-4.72673096049488,-5.160048503162369,-4.901878023141733,-4.0541779210957385,-3.6321252792422154,-3.433083454171799,-3.3114446454650603,-3.6490778496723566
-1.3529372461848255,-1.6628028506777799,-2.9563036386521433,-4.034091360770164,-2.086179607794779,-4.412756501912606,-0.861806001309667,-0.48162203088370015,-1.1160674838143332,-3.2003626778139096,-2.5316803821744522,0.9723479261360507,-1.7186919664311449,2.0023239192237083,0.3622436439500784,0.12129053874846636,-2.2860940425944647,-3.2247498646718453,-4.682346689153639,-4.123570316158882,-3.5382107148323296,-3.31010784794813,-4.120243529433671,-4.004225736080504,-3.440674875293886,-4.5055202648566315,-4.529234820752287,-5.390378497093723,-4.811800420898848,-4.332497386027632,-4.378465941683404,-4.129459444886248,-4.333769709798966,-3.953586344563259
-1.798286362933255,-2.298485950555883,-3.5957131796977992,-3.971760547701387,-6.843312067843755,-6.463859503678445,-3.6575529933856243,0.021401867786723133,-8.564679618305586,0.5513376892463425,-0.2714719900856089,0.005400313468894266,-1.4307371348626754,-4.040406024128017,-0.515929864206774,-3.6589057768349518,-3.2897790681896204,-3.365619951869973,-3.2749801516367127,-5.115585719518075,-4.348496943980772,-5.278071602971044,-3.9400888822257385,-5.534783224838805,-4.131829492377635,-4.421385669005458,-5.032006648191338,-6.016348678464141,-5.073381276128646,-4.899924057553114,-4.822570047366291,-4.382179093933958,-3.572321997073583,-3.4905751876687554
-2.109721790481546,-2.7639175656700843,-2.971139332223262,-2.879667145162544,-6.953211602933494,-9.816718443182914,-4.998089975495166,-6.741462657800268,-3.2892688791155114,-2.5759939822153526,-2.199372893046586,-1.2228628167825462,-0.4709737435091165,0.35431409095809613,-1.8653960088392558,0.6330458933105684,-3.126052530605885,-5.816256889897452,-5.042946300135844,-4.627777148456678,-4.209337138919703,-5.4628873667489515,-5.144965143519172,-4.750800333310743,-4.051173495482023,-5.916654036957895,-4.144384714439774,-5.267254527513001,-4.230032859477201,-4.425072643557096,-4.517007006297061,-3.850057236575173,-3.490324902868764,-3.7722964692586474
-2.789454250958749,-2.6241038970157113,-2.23761091616554,-3.630815319981649,-5.404419169258614,-9.491484983639136,-9.486413902119818,-2.7997025678851624,-7.096644497123199,-6.474457703877798,-6.387032186252447,-3.541289236523599,-1.280797013948761,-1.4759972456923123,-2.7523332380093395,0.6200615197891041,-1.5930120769298102,-4.132052333764397,-6.1901174375662205,-6.9625783955155125,-4.715512989376521,-5.4347223255919435,-5.311967753958658,-4.997540828713803,-3.901231468086394,-6.019382790869888,-5.790923350269197,-4.496029848902803,-3.813278245144014,-3.291783006346058,-3.701852041364313,-4.239827284453177,-4.350449097205066,-4.242698545412084
-3.7470506455810684,-3.869149022650562,-2.4390502897737605,-3.9163541893117224,-0.7918812447594603,-0.3680611560703377,-5.004267743540809,-6.693687859675293,-6.365281187368148,-0.01872993484478356,-6.559839871993568,-3.007397398576335,-3.556318061831604,-3.8842791005623827,-4.025932376955494,-2.471382669538245,-1.292447833878972,-3.3296939927785525,-5.862635965447729,-6.986355816146081,-7.661399318975722,-6.809094299576185,-5.80002827575663,-5.428665467662389,-5.647509615114001,-5.177059791289646,-5.583469084387001,-4.486122559066039,-6.0554572343763695,-5.304479047745988,-4.812698366489753,-4.158588230750846,-4.468696296888132,-4.818744379249217
-4.742430917077032,-3.9724345293641385,-4.975502531755961,-7.059635239172578,-5.799483008446412,-6.859779992448013,-7.324201468844509,-5.2554038486224846,-4.942568239961086,-7.602379870966713,-5.204213179124772,-3.997649551614551,-2.214190573957433,-4.534354195420544,-3.6814939163145257,-5.626558882983165,-6.845259834351729,-8.23649524207509,-7.680819552326501,-8.643046016209647,-7.5022057301577485,-7.792417631501511,-7.995924121546618,-7.737125904673227,-7.957408913129201,-8.139769387120019,-8.45014811324299,-6.115678914039291,-4.401322827256073,-4.171088949457642,-5.446196688735644,-5.747050052220771,-4.766447717575483,-4.303982213156492
-4.314297453028584,-3.119118504547202,-3.9488605746819005,-5.367930803413482,-5.820978619652645,-2.569233606158474,-3.208685455238806,-10.500034050029043,-13.977488605142911,-6.94819056074034,-9.76199515729085,-6.358580353299498,-7.95188579850951,-5.5188319766018115,-2.7468051272431717,-4.87385696193285,-6.550495228972541,-9.204843674716326,-7.0718936340192196,-8.706464488382561,-9.017062787020718,-8.980800144407846,-9.420846238943247,-8.865076961984716,-7.910950271231028,-8.68430073501561,-7.632582350112136,-5.9504467563604395,-6.488994482425809,-5.585310298435823,-5.151869454558325,-5.468728833046959,-5.387310359081924,-4.937496404841318
-6.500739145414283,-5.56053925566986,-3.8896982872252406,-3.588312337065348,-3.5269872705962193,-5.477725329457518,-1.6016383549133169,-3.222791893834286,-9.332196910720931,-9.455250487449943,-9.792536147084931,-7.409136965214418,-6.541320173955728,-6.440176980533135,-8.439689569197666,-9.156026174200509,-8.391537574801669,-9.026035553190818,-9.145302218869412,-8.047039077694526,-9.290203983682154,-9.995646785757272,-9.77517527653725,-9.272268570788933,-8.309914016356025,-9.143140755369707,-8.43909903506362,-8.206008964059688,-7.212143743884676,-9.337730263870792,-8.948313418575374,-8.373874570312873,-6.441924030870425,-7.634195059336985
-8.851651938454818,-7.205115312307604,-6.295489345388631,-5.158471403695616,-6.057483738044697,-7.115295464651699,-2.982873740483624,-3.095315949816659,-9.918739618509834,-10.352853188775374,-8.142522541025924,-9.757074826188301,-9.793618514702223,-6.792200084851129,-3.863039274549319,-10.102582227288936,-8.873351475131361,-8.083381196831304,-9.141190736393037,-10.573103371479094,-9.600869318649417,-9.395766624496831,-10.012049708373583,-9.086683108932405,-9.356654845192866,-10.17187067248447,-9.328303312182939,-7.955583110903912,-8.426104084841302,-7.406126137858602,-6.763607771088792,-7.974116558402138,-9.45439164208031,-8.914441452028353
-10.936380121457104,-9.496433984481788,-7.529918902034835,-4.0829577641993735,-6.309762104860477,-8.107364462844359,-14.243251934284284,-16.065745527568758,-14.141895693514389,-11.308714525345112,-10.417158545965414,-11.826291099796924,-6.6640998939821925,-8.24374609167257,-8.069902404998931,-7.913314683638875,-9.32370875790463,-8.643916042984833,-9.71072267186189,-9.855062192679613,-9.467057459946856,-10.323347794483983,-10.247498744458774,-9.756902688645996,-11.429061875686411,-11.130549142744776,-10.080308591130652,-9.91949832030847,-8.060400458241759,-8.584737012607588,-8.063023334159086,-8.074823559327223,-8.177951240577814,-8.612024756277787
-13.757684339196365,-9.605665844593677,-7.984113664644777,-8.68441094575798,-14.646366393671242,-9.59180802204744,-15.749265162312573,-11.606736404775825,-17.178349510296343,-13.404342065643746,-8.077078712306797,-12.040335924449048,-10.091481195713094,-11.0206746059829,-11.095564681930824,-7.322238943600193,-9.90372307739525,-10.039067260195099,-10.131096086867327,-10.332739791562123,-10.787325182180915,-10.598816322323373,-10.711257648069322,-11.48632249709235,-11.16598168784487,-12.710891785070125,-11.02537914260585,-10.673463995656961,-9.23875527530421,-7.651180557952952,-7.306750750513799,-7.889695330343596,-8.28817522507872,-8.917960630551422
-17.45569929885518,-15.260217238001477,-13.72666636699999,-7.379353713546432,-8.403520693961111,-9.246354752131063,-11.610743813132201,-15.249133541106971,-19.40083954109991,-16.850660967876046,-8.378170052462528,-9.117216175708204,-8.505502270037395,-11.412370932169033,-9.792473571769749,-8.265933267668343,-9.181237326640554,-11.700396244437872,-10.640296378031094,-11.800535516966178,-12.238001779835125,-11.290488305731085,-10.928705399756842,-13.27989746302228,-12.299360577227064,-13.326258572961553,-12.998816333735723,-11.355003995249458,-9.304683635849614,-8.550620043077002,-8.459921834179445,-8.503748428944098,-8.277560842777733,-8.390730698760468
