script/wind450m.json
{"header": {"parameterCategory": 2, "parameterNumber": 3, "lo1": 3.000054539987559, "la1": 64.9999836372058, "dx": 0.5, "dy": 0.25, "nx": 34, "ny": 52, "refTime": "2026-02-14T23:00:00.000Z"}, "data":
[rows 0 to 23 of 52, columns 0 to 33 of 34]
13.726316081600105,13.315798561545519,12.68042390341021,12.353507426141372,11.353522799815595,10.231471634593364,9.517338901811163,8.760286275324372,8.735654204783636,7.14553025281589,5.982933802589747,5.605510153147682,5.808610029791787,6.532514882431671,6.896558336533802,6.572312169999292,0.48158133242951684,-0.4047664888074915,2.347048605210829,5.8224927473353185,3.8151965945194095,2.5325622801404855,2.377926788626533,1.0973023173574257,-3.3956478748896597,-0.5029752130452575,-4.737999131506494,-4.310525142193129,-4.677071388835131,-6.199644289334857,-5.854744855004966,-5.456008503016701,-4.580019183616971,-4.611647358411707
13.748520795788357,13.455931864512605,13.363537314007718,13.212307706536059,12.769442360341658,11.657693143084265,10.736992194122116,9.974492256925334,8.945561535971594,7.566565358482592,6.017945837780166,5.197516243606837,6.45668412765604,6.383992496449994,6.648007584616518,6.898645030952654,2.897872954997133,10.455931785077853,6.126768514511172,3.2248991988518974,5.853354578518735,2.9136277844531966,2.643181309768953,-0.5865580274816135,-0.5026671706328668,-2.093798209487773,-3.711204805789764,-3.6724029445500235,-5.1735705360452675,-7.097086642886566,-6.860901287283749,-4.995065692370145,-4.693595639318383,-4.95865070739317
14.385909635395544,14.105518809019282,13.440955686359247,13.36293192342876,13.244714571570457,12.969185543469862,11.969279139207462,10.50229526455794,9.476437332710464,8.253986082389934,6.4900260786706365,6.264418445572308,6.145096769924341,6.099092763460644,5.910373796914609,7.741404292565406,5.630186913406287,6.6816286954313915,7.074694749348681,4.4735716820873375,4.254496392616305,2.1852072600563983,1.7101685292844615,-0.7927288859566075,-1.2749954636548446,-2.382617674170758,-3.2205417310051963,-4.552038811919991,-6.142211362456788,-5.013482904059367,-7.000252219959759,-5.640622114184902,-4.725865667375922,-4.747894970836049
14.794796690099192,14.272332684082889,13.614205010056594,12.662481671325116,13.210119396639303,12.913441842008812,12.196673667435968,11.401195536904018,10.312437173877594,8.536153170667834,7.073875104253762,7.169481819152634,5.57295650869242,5.51390016624387,6.878610550844354,6.51780884304754,5.590538164082804,5.662076684535381,4.984976396470349,4.178350882606296,3.015558418049073,2.2911855859561707,-0.11037404145602163,-1.0930764032945461,-2.7638832895806638,-3.176996505029334,-3.352223436790861,-5.246254102386163,-5.602005417853895,-5.544054952741952,-6.727591516705272,-5.259138188156037,-4.205306348128047,-4.832992438672568
14.598440348011206,14.114736878605864,13.815937156845523,13.376524441022308,12.6803550515867,12.414611371059499,12.254090395415654,10.883345826584566,10.393913672846754,9.029405026112391,8.123836600151053,5.842636349959273,4.961581209249108,6.830322572150578,5.211341545473126,5.208610276455518,5.05444383579235,5.671212570556022,5.498832634891411,2.3141953438912504,1.7730790167057588,0.5389662666682932,-0.9416744813841342,-3.092884648979127,-4.003970191732061,-4.419169162760684,-4.3983403745825616,-5.8092624085657185,-5.968260784623806,-6.0293316451289805,-7.839386824415099,-6.1955462770568,-4.9847514923257545,-4.177754487916245
14.746414144007689,14.663137494103001,13.76143947313235,14.038174597031809,13.815790562302372,12.641438684109719,11.500503009917958,9.99804250551701,9.457218716415023,8.96002956162094,8.2683002691458,5.651747493312969,4.116095964834878,4.531722062661686,5.181021704064391,6.104253191353721,6.55334016499018,4.168072204673332,2.260599155458878,0.3009054398931017,1.0141709689300458,-1.3268506234478288,-2.3129913893656497,-3.362289912615265,-4.272269626775907,-4.0585963918119825,-4.312548575832668,-5.91649995625916,-6.507104754057894,-7.49632693830006,-8.27470228149708,-6.806362408651227,-5.586377420252944,-4.875332711537765
15.514229534110932,15.368746731460174,15.022377697048695,13.64598263021114,14.407740411434862,12.411549292411275,10.962742065220018,9.82837141622882,8.017784115312672,7.736463937310126,6.7167563871171465,6.109348240597923,2.959187271579283,3.637707257912522,5.600303396134883,6.2593415966565,7.289711902206472,3.9403987208320155,1.8307634637756482,0.4904424932755781,-0.5427418828773962,-2.478560232999911,-3.066969212143428,-2.6462263966849604,-3.168199734651028,-3.992982804121644,-5.086129315897558,-6.437622724315281,-6.319591539817406,-7.932366543465938,-9.213378777689142,-7.508029356059876,-5.6746925210974615,-4.192734955381749
16.084735058349715,16.474506890039137,16.357187129376918,15.45696802467383,14.131740462155054,11.873601799215692,10.225818075227606,8.585286739433627,7.180819349119509,5.917989535456441,5.036634243373824,6.302085117521898,5.27003933956349,3.6974542070402863,4.906002970370075,6.8663546105138815,7.618062609284937,3.332218979360612,0.7789682590515192,0.8709704594437055,0.498742105623457,-0.8287135005187002,-2.121739881323287,-2.5033583532282617,-3.708141698981082,-4.3010810376199675,-5.24980960189772,-7.148409582582703,-7.126968093605575,-7.707588387017415,-8.930252063376551,-8.615223214133138,-6.258014688061435,-4.588594432951587
16.589954017296,16.42285157826363,16.19086551245329,16.15725736831287,14.868928568148098,12.01325652050706,10.490992141938765,7.116997283502081,5.972564829270023,5.175639382698743,5.957461018166945,8.663782219102014,1.7236174066396244,3.3183709989156567,3.8445601573598807,8.40128913999186,5.783026923923218,0.17046047010572557,4.1674971599582715,0.7900762684701802,0.49328241683237944,-0.13597643989377203,-1.6258404524600423,-3.4670513443943163,-3.929845345808442,-5.293051323007397,-6.4856000453500195,-6.349874774915075,-7.2587304964995765,-7.157405306047377,-9.315184909764564,-8.141009681980089,-6.14951583745391,-5.404555129246214
16.41935401983051,16.50293768424828,17.6854610817261,15.537556970354258,14.7842932853177,12.269267970036811,9.648122999550282,8.324645423439197,8.360559159754088,4.074170743674171,3.8036876116391785,10.430809927701636,4.405294732211476,5.549346192816208,7.688312003166961,7.458591914565691,4.928407134277837,5.599402590294045,2.9850302580869346,2.1057170549686233,0.933792453487077,0.48131093310653833,-0.2624478817711654,-2.1068530478039533,-4.285093328021709,-4.404262915325698,-5.594849403111633,-6.660475290850972,-8.260683721777438,-8.061497304231137,-8.174794859058647,-5.788852479359184,-4.487561348513004,-5.060236928949488
16.10399933843602,15.973226044057197,18.897038270301827,17.506522154261646,15.27758978003115,11.076710698751596,8.979913083544947,6.7055762836344925,10.220311259134489,7.271416266466001,3.6375439048540343,8.458886523091893,5.080575515672948,6.074963147899299,7.2879651734374225,7.238561373160861,6.218770736804733,4.404839281011972,2.7365194808587376,1.9703221820326073,1.4133122975436185,-0.45248668562642125,-0.8028644069576835,-1.892807036600333,-3.3601575684665805,-5.048437200997976,-5.756800152716773,-6.313011648525562,-6.913999322852119,-7.030933347911796,-6.383544944817196,-4.549798002815601,-4.120857657548032,-4.823182454871572
15.856744360667937,15.891368112059709,17.471218701930486,18.552355901419,16.336962020323817,11.887837602804618,9.002663057390194,6.501917135841677,7.6732302297797474,4.757397857359021,3.553724092367396,3.8365805681972636,3.529043163394398,5.302797585909672,5.493176872548616,5.036305979947048,4.695820870312247,3.650528199503857,3.1221255310521983,2.410729693031257,0.6007934113318125,-0.004030196597999388,-1.4698702713658487,-1.9628731962860417,-2.5447629748834655,-3.862656009177405,-4.267777340628527,-4.998686983839854,-5.921479365561397,-6.318283938126749,-5.971097226205165,-5.34808399627974,-4.137888395527115,-4.3054841604410035
15.415458593440707,15.695595145607331,16.710186319664952,18.686294808958433,18.003080982495806,14.036421458534731,10.115726225935406,6.219062459158507,7.742449935815466,4.94432110425769,4.67873259198948,5.836452218335533,6.822175200852263,5.4934460104255365,2.8527590164082732,3.744499364508087,4.688682700127531,3.2070950954606077,2.7440186414684624,1.8852783416060617,-0.1497681987694386,-0.7014544554858154,-1.480147802183681,-1.4146973584139908,-1.5215334038374684,-2.606227698559535,-3.284680587755171,-2.738130502465367,-4.531619968975577,-5.984600651594148,-6.639861395006612,-5.796449726904736,-5.26809189711982,-4.409546074557886
15.58209335636012,15.410256670599088,16.84936357113078,18.341173956419794,15.686496314598367,13.753750219989321,9.792067021426499,6.903960100615739,6.096803432807939,7.017981712978387,5.790359869717335,3.385502781602186,3.2701284879348544,1.9819347990253502,4.486200454648406,1.7587141862457196,3.4470091888455756,2.962523756761672,3.102294382434413,1.6974247384645007,-0.6888424781569279,-0.6113116566576339,-0.8388637862286261,-0.4505556396415627,-2.082345620421969,-2.5266619948391584,-1.504925924517244,-2.2163253263152676,-3.371025920575166,-4.953950374028846,-6.916621504668186,-4.840346047940261,-3.8045973519527543,-2.713702962410714
15.545234312120883,14.260018584576198,18.052973609924365,17.072585997677628,12.268968962199452,10.189578428675581,6.388784364202914,2.8125082968308774,2.559852722665137,3.6877023403304747,3.0258347601612523,2.5031286899461898,2.0709502945231746,3.280333598902901,3.6452717339099885,3.8962084741900584,2.5454376133973247,2.5098070073375593,1.5427841276037095,1.3862398197815693,-0.9131421954072476,-2.047780952833462,-0.8549725952287583,-1.5045926302391937,-2.046137581338437,-2.6636236652698155,-1.4047699353263132,-2.370381131240404,-2.877104100288597,-3.7235446805163033,-3.896751733623262,-2.899122354986812,-3.298847878172614,-3.0287231579790004
15.299743548496647,15.014280238170603,15.758306914996355,16.314363259514074,12.602610888445511,10.246894705647545,7.521884939126633,0.2038838510039302,1.8750709254916431,3.1705310228793704,2.173672039458186,2.443423129871645,2.029260812616808,3.5004997198628005,2.800286815015126,3.281991878166177,3.1084146428511303,2.629673952104614,1.2935777314255457,0.40532138553040736,-0.4111492570683584,-2.145891814777272,-4.122910498016742,-1.8495238296150933,-1.806515620160236,-2.557553260419669,-3.4536923987429975,-3.0485171851053883,-3.0741282529665073,-3.6991323390060256,-3.8949101669848534,-4.09478758997546,-4.039531941369689,-3.999260837004633
15.230667268559642,14.573511293147796,14.124269836096378,14.15926782164021,15.303183345642614,14.637009172394116,8.997634157529543,5.194219199037755,3.0724305878038187,2.236294297481347,2.905837467199793,3.1402853703542757,2.5688665210040305,1.8836479354694793,2.147078424334358,1.3582700760578155,1.9044304332096227,1.7172429646618121,1.2953214359668128,-0.20430222239702606,-0.5968634505184468,-0.9165890815539438,-2.7398261568500732,-3.9103364512432597,-2.23375248912771,-2.353302118798245,-3.870220848666449,-3.094384324504401,-2.031881080439324,-0.7450714858734391,-2.0451004421756913,-2.6258272125122493,-2.4120252713547328,-2.814070987713187
14.770849519700134,13.687276774587156,13.181070036345648,13.415448400420292,14.697616882494863,7.737398777166576,6.708162553583166,3.595751598464751,4.927267468068761,2.627690622901425,1.36749011778144,2.6761352952381645,2.724372326049972,2.6360087177064764,2.3843003462956784,1.8713463115234323,1.691847482184738,1.460846723464616,0.7009258104103254,-0.13586884661293924,-0.6065695289838439,-1.2897631975855355,-0.861485618660638,-2.164504936485835,-2.4175556390956467,-2.421997818909615,-2.263952929024388,-3.647518570937858,-2.1490830542021846,-1.1796698914664272,-0.8618906416001725,-1.4283919437150479,-1.6266722641755937,-1.5509197001746673
14.538197656888201,13.097982769368798,12.480329063044989,13.256747470349206,13.410527539557032,9.374644764171117,6.230270449143356,2.815058799140702,3.360562502922442,3.9270425443303343,1.7646316893205258,2.375190742416794,1.693992386014331,3.887856324530637,1.892134085488233,2.861839680230433,2.366157667586016,1.1881129561434671,1.7805466226923632,-0.18672504250959904,0.1769766687314236,-1.2138487990549367,-1.2011774259270447,-1.7128756867380361,-1.2901876447758631,-2.4797046431614294,-2.9344173474430346,-2.1639048758244024,-2.012824769435955,-1.5322754881432892,-0.9809753904164091,-0.8361717776101096,-0.9781915532285761,-0.8503375880091597
14.066466664350163,12.684695853485291,11.949136124934329,12.791123303124543,11.77882432563306,8.355992905630144,-0.29192600019200154,5.633095551008597,4.394171455941722,4.210640061578347,3.5822325441466023,3.5101958634556523,1.5160648351263455,3.3261313363246217,2.668523371494724,2.485193345268248,2.135123383121393,2.0275773714578715,1.6762824195215082,0.5196584055415459,0.08344203366467003,-0.4421322776852654,-2.4001587988115944,-2.430685149763344,-2.8925609926206852,-1.7893541941344913,-2.329389163712697,-0.7778143224809646,-0.5024183898629775,-0.2729626988844106,0.20459574491619187,-0.05108688960270021,-0.9728320835258364,-1.133360815829551
13.038444624002276,11.761394275376253,11.252049205184349,11.65857674358384,10.054093856520577,8.635910554989472,4.332739942750519,5.481764015858907,6.253287002583458,6.89888998137034,6.455894583155395,5.800684941782307,3.6472589960303883,1.1056210813890155,3.4709462449686708,3.1607393026309745,1.9918854053254549,2.0743533494232205,1.6048035698830962,1.2955797041886505,-0.13389162915367628,-0.329673173246205,-0.7829462819790405,-1.5119066047486402,-1.8687045300869618,-1.5605194482193347,-1.2149260544665006,-0.20686476990670255,0.34272093464552655,0.4777863937112302,0.45630392952478777,0.08209259065625185,-0.5861668532212142,-1.0896183754466726
12.2636840638644,11.15723040340551,10.704820854813072,10.388358624910703,10.897039959449062,6.265764142703807,2.0850801916925032,2.7571821555420746,6.259239112755789,3.927418573522176,7.572155424549246,7.6127013260856975,2.1018987542764656,1.3702812653895655,2.2197397097186498,4.451119902366925,2.8457863874792153,1.93090592467625,0.7003918762112682,0.9010167375655056,0.03880850955217337,0.24888768699298267,-0.11441185110183236,-0.5380685982675708,-1.1725242832552747,-0.1725111748342995,-0.3474542977757843,-0.841176391465479,-0.5668239134020738,0.08933253610873153,-0.16201074396441792,-0.18706430595699763,-0.7447647202080006,-0.9132185962052041
11.629067059348287,10.728052185081372,9.853297574301813,9.175827358103488,9.370100209763407,7.475593362529779,6.520684199523409,3.3995510097641355,7.29775718934289,7.120435915640901,3.8978081071643267,5.8228252185181955,4.605651284323533,2.54360332147427,1.7076208824033936,3.877557486337348,2.752291335834108,1.094986564935521,1.3708885730866707,0.7322532608081398,0.4085039377495173,0.46542188697341197,0.10436196443113996,-0.03374480605883413,-0.6798041846738926,-1.298227465615541,-0.4972863407600574,-0.2790432088021345,-0.6023944881801311,-0.880668153580595,-0.694554044486861,-0.40772913470889904,-1.264745266961555,-1.3269881324995598
11.311365834791058,10.340561938814712,9.055977853308866,8.822263506207191,8.141576973758433,6.1100572718014075,5.993743127714387,4.710007957099274,8.086173005383753,7.215730969943906,5.071561558559678,3.4332767985712502,2.452701353491454,2.9554087139035685,3.166840325203427,4.087679511101704,3.3216297912614228,2.1320698778006295,2.550640456670945,1.536592045427404,1.575499267624274,0.9698579993633627,1.0707077005356682,-0.8390755490505791,0.2874730787917857,0.3116983806869579,-0.3506063864992635,-0.8425460801207664,-0.7313573679566003,-0.47084978344332906,-0.825944650507768,-1.089652757275536,-0.6880118743441457,-0.6290090694148236
