script/wind100m.json
{"header": {"parameterCategory": 2, "parameterNumber": 2, "lo1": 3.000054539987559, "la1": 64.9999836372058, "dx": 0.5, "dy": 0.25, "nx": 34, "ny": 52, "refTime": "2026-01-11T23:00:00.000Z"}, "data":
[rows 0 to 23 of 52, columns 0 to 33 of 34]
-10.599401330698324,-11.317007672702687,-9.324341641354716,-7.373369836605821,-4.000943304649718,-4.630219253107618,-8.334140038980044,-8.117761346884254,-7.991051222022666,-8.64178721856834,-8.866908259191316,-8.596454829204937,-8.082575565369122,-10.23955965984626,-11.665583522148978,-12.679532157608994,-7.714930831647581,-10.482176462810212,-10.571622990077126,-14.922692813319223,-8.673872401112789,-3.1506555399866825,-10.181662514853182,-7.543719204464044,-4.699205286295251,-2.710247559648098,-1.360548036226004,-2.1967495719587617,-1.6552930415351872,-2.633297809560724,-1.3242736172082388,-1.1892854297548994,-2.4555329126791925,-0.71576052798043
-10.115646498188593,-10.454056180642457,-10.006208375985134,-7.136980132734202,-5.126501063118363,-0.579094260181562,-7.822190008467484,-7.736328195521555,-6.614466684622641,-8.644941420273694,-9.334904677822067,-9.35194951991141,-9.408445977016244,-9.122058065013901,-10.592388668327876,-11.898168201553485,-11.204961445150838,-10.130161941024276,-15.348239157240982,-11.142714937662301,-14.610276278720649,-7.826676004214968,-4.006066540379803,-8.032519464812783,-2.60272927644373,-2.1977419266474003,-2.003616534132543,-3.702589681022475,-1.5101899471655091,-1.7579726852171018,-1.4378194862707618,-1.2764810387754908,-1.7079099397113986,-3.6574521973471037
-9.224348619468149,-9.099057395358901,-9.383505538679428,-7.187827544927285,-3.9629262966704455,-2.1047907132937698,-6.588842734341244,-6.975896433140506,-6.7439810101496755,-7.849761115473304,-9.847934210052813,-10.140553847370848,-10.300430325643122,-9.810543037804099,-11.230034504015258,-12.708954074482673,-11.486034630085681,-10.096377020960157,-9.292725050562202,-8.685483077061432,-11.221103113073587,-5.066544112519568,-9.65730742054989,-5.182373493511816,-4.907649741872586,-2.840710329454664,-2.244404638819016,-1.7807225026257405,-3.3239418858538925,-3.8292065915795863,-4.151061041983065,-3.1369021491537286,-1.3666585335175536,-5.515518598394592
-8.364805219898406,-7.78334177159416,-8.247281354981498,-6.215493605484305,-3.8093874216875476,-2.5868581355172977,-4.934987093265637,-6.137420549507247,-6.090564158465469,-8.31953037394438,-10.604425127391607,-11.470912574332889,-10.615283843548466,-10.706096047818514,-12.495906207997704,-10.41232648205049,-7.70704380308895,-10.605527072224488,-13.055716241248058,-6.080181675205106,-13.498772444224036,-8.329558744335275,-7.926512659873732,-3.040436270319424,-3.9472478103763056,-4.215500109818498,-1.9073628702472458,-2.8969068854859445,-4.705809182443843,-4.896925887527599,-5.3831709937391805,-3.68725731565066,-4.364949225798287,-6.515199070361888
-7.72407345699328,-7.010888967693091,-6.622678424346225,-6.407281418582335,-3.9586966817232447,-2.4802095092753134,-4.951453086779763,-6.772994232421192,-6.651379495305502,-8.74196978204499,-10.395669305584217,-12.404684984266966,-11.193296909668987,-11.505394059927166,-12.306399494715084,-13.77141592564757,-8.7651127118456,-9.89067627805061,-5.834729989318838,-10.708087812594979,-12.553279375072877,-6.946066478816952,-4.489832615923688,-4.452868977899952,-2.2155895589672023,-3.650825615657441,-3.5770019283839143,-3.636228554655389,-5.1463547519144,-4.967665932764965,-5.846298985612684,-7.1151916238430815,-2.38428313600646,-5.498799074308981
-7.481072016184659,-6.655288298708728,-6.268225365234546,-4.8150738882276745,-4.028300517329269,-2.521803819907424,-4.077724125586109,-6.707423874379441,-7.3803658316191205,-7.987061627619853,-10.168415573034922,-9.86569729581541,-11.344914230434977,-13.680374408549786,-8.856936754258172,-7.416402338249706,-5.105406616872625,-9.55315819058365,-15.897314503928438,-17.03913226287265,-6.858239196338955,-7.877859320537937,-4.230010610425614,-5.1681839838685155,-4.2667738495344825,-3.7969363775859977,-4.190205352807503,-5.396239047671736,-6.0270516023882905,-8.516031546914872,-7.265010403147401,-3.8133936447057613,-1.585803049879681,-1.4003004459882087
-7.38811623155045,-6.551394919589825,-6.211062825091757,-5.040160509565517,-4.024590237944431,-2.992379553071229,-3.453939742040007,-6.708916357181772,-7.327700023616342,-7.680589128577919,-7.492991141800669,-9.589829299403517,-6.35374946742088,-11.45739600494344,-6.892601666872421,-5.763052074956201,-6.882169889029422,-13.771490917151159,-10.593609514210463,-10.913084564386018,-6.60314704622548,-3.9660137559365043,-6.205348961658112,-6.079244206286362,-5.693187399307437,-3.0403670973568926,-5.78784760973227,-2.842879322269113,-4.673668316390158,-8.701665264670629,-4.36120266709575,-3.6604910689609182,-4.2214986521130955,-0.46345255662926776
-7.504068803863108,-7.031272543492379,-5.911430064568858,-5.047391192234342,-4.39385903820403,-2.965152099244193,-3.749511363769294,-6.719577427076885,-8.135920446579178,-7.674623145761743,-5.150203646512889,-6.356235635137255,-3.2929167586809815,-7.114714400850686,-6.323147704277744,-7.175025354143359,-2.627177356289483,-6.519903892469072,-3.310737030990881,-1.894348977363778,-2.2781543037100325,-2.7120711003513205,-6.239019114899871,-3.875337904953697,-3.6762922597621768,-4.86525946140256,-7.407127850530369,-7.554216455464777,-3.4972800278159544,-4.2007656310948445,-6.618961856055321,-0.23091325458278095,-2.8672639060800584,-6.677611758891405
-7.993309588354302,-7.4030474578634315,-6.399210923923582,-5.832444442661001,-3.8921657274701933,-3.5750468690542077,-2.366875012062832,-6.516130661999897,-4.4091681217738925,-2.984068923485095,-7.912699252185318,-7.539977294008286,-4.789011882730578,-10.58808994385198,-5.260855032534747,-9.758211552333982,-9.883457375443141,-0.42928220926486194,-11.248581533353832,-9.343110369375301,-3.1957633283672107,-1.5673583772102404,0.35795589369964975,-2.182221669248683,-4.657604572334333,-7.95530491870048,-6.036864330596402,-4.770931288169974,-1.1073752355632251,-0.6446129012731124,-4.919085135107505,-2.5399437902861677,-7.000028208588928,-9.724122576457413
-8.46398980894949,-7.893627747098971,-7.170625367406023,-6.086956552981201,-4.46138997977904,-4.143380777140961,-0.3041248706390154,-4.339360875848767,-7.342146849740595,-1.593572830709505,-1.1850776114091126,0.475528719310986,-9.540280801916957,-0.04233494299954991,-4.254796051266913,-5.848728464966677,-2.359610251192446,-8.14803978001524,-10.19235254461499,-3.608032216466327,-1.1822971234748383,-0.28271997259986575,-1.6264318222673546,-1.2704992308865157,-2.5815005855605917,-7.167574738851311,-5.233803484343509,-6.481965489936994,-7.674953797777872,-4.189965542442416,2.0175683855428534,-5.919162699794751,-10.361303052258727,-10.212318355452322
-9.175295622393971,-8.338902624818534,-7.4470696180407305,-6.696540467744358,-5.417913800044379,-3.9534644588553425,-3.600800397803218,-3.8527466617588844,-3.71943605327655,-1.8831090953927545,0.18260680003937396,-8.336346067893139,-2.674861943188292,1.3963341909663811,0.3986726590933862,-8.58350820956097,2.272532845826405,-5.923231750538298,-5.751353495163828,-4.388499527850725,-2.694182639604895,-2.2087947186110677,-2.6152419614882825,-0.9988272262432986,-3.8609950390509753,-0.9801820972218531,1.204266682323178,-8.923165151945735,-0.6609983747532543,-3.052810887375061,-1.7317677479284357,-9.817078802596264,-9.870522568326834,-9.943189022937982
-9.748989657800493,-8.959375365332752,-7.995983326475026,-7.315002578527466,-6.130931768436724,-6.485232272276283,-7.8734701943054635,-8.069812731675123,-1.8237695234779672,-14.763447192638017,-11.524282565737064,-6.819869884137789,-9.608338511663536,1.1860460269723117,-3.0602681501509257,-3.1907224797581777,-2.3961435544826957,-1.3847441777054996,-3.3864363474980386,-3.2368189377064565,-3.6971942090457826,-3.077533056716548,-0.7883267057704869,-2.8181852055321164,-0.8945797212428841,-4.2820783781812635,-7.050786536359937,-5.305080173524396,0.2858703980275349,0.6777358224265588,-7.706510715054417,-9.910781714069248,-9.743025248757098,-9.132648677183447
-10.430406340610016,-9.808489287408355,-9.153565981791207,-8.446705618411979,-6.14981096322703,-7.538249437277823,-2.4673794084367606,-1.6832290623958635,-9.202662088173065,-3.6763445883242256,-10.294285269319216,-8.577698245106923,-2.6954680427216937,-0.8086601637030422,-6.441537004291723,2.040131057536939,-2.43376211713308,-1.233288092232167,-6.110728546448421,-2.6420806173818967,-2.253454561884026,-3.0974714640666487,-2.666233283567225,-0.2527619374637656,-1.2757248054837371,-3.473397223496794,-2.979014021172792,-7.989644628505377,-0.7878753455312019,0.9901565101611975,-9.257832834321785,-9.402803751780121,-9.19135606870894,-8.832792037255363
-11.171924052501803,-10.824757372162102,-10.43905435151764,-10.547555359002585,-8.251086814709751,-13.749637175562176,-7.590288166981593,-7.032936957490115,-21.527827081372948,-2.4450989075742307,0.6232112754091436,2.040170981645093,-2.105310561923019,-4.45136537664897,-1.7885965937629997,1.1853623591085125,-1.2104413082646694,-2.0947722930199784,-1.8978846249370185,-1.9794323893088135,-2.675140806085648,-4.637266271379827,-2.824827400826104,-5.082357048426983,-0.9583468122340166,-3.962789413512365,-0.33216927762293696,0.06938216875662888,-0.005612062159564376,-0.3016506869365644,-8.736901399996906,-8.318624396220745,-8.136849755667438,-8.147758088532584
-11.573781433560558,-11.594737421448299,-11.281743886011885,-11.355668568690064,-10.159058670362434,-10.960852461498947,-7.896932967413662,-15.280888041395302,-10.114266457291448,-2.9862476297754474,-0.7912516241302169,-2.168984452992874,3.152276199706942,-0.3853081983894609,-2.0787216031395492,0.5273473632517555,0.9793421579788719,-3.5091600426710947,-2.4579399587225974,-1.6654823345496257,-0.5265176875409731,-3.6231238660596943,-5.455121809177915,-3.11463516881208,-2.0139351482630308,-6.306503563541633,-3.4589448725203304,-1.8982135000516072,0.3778591862254191,-7.993454826252487,-7.801180189837598,-7.97890650625056,-7.649488583830719,-8.352188443248366
-12.58627930471406,-12.017054874595393,-12.197891948422676,-11.48678888163,-9.414629892441999,-11.095755642137881,-10.996313024370352,-6.088509027520685,-6.437323943563617,-8.406770842939364,-13.132567725857843,-5.0068630496633295,-2.1950433428970704,0.38759611547658696,-3.2896932696133954,-1.182391383357873,1.3098133893811963,-1.9550915288154675,-3.3631009606958107,-1.7001640091969215,-5.393285164150564,-3.7160547963457398,0.8640002689852702,-2.4901530423313627,-0.5723886231516513,-0.708263532262398,-3.146463301572397,3.5466760517264095,1.180368544580236,-8.07901164992673,-7.605391220110487,-7.980577414968353,-7.492535074402945,-8.477814958096037
-13.127085957215895,-12.670182621208804,-13.26335445836985,-12.051671844916992,-8.472536928283587,-10.731414130229936,-12.929940529702717,-10.037110620502064,-10.840507937923942,-9.549906029679068,-9.089030140984498,0.35834331454854246,-0.3184811651675966,-1.4300098220737225,0.21066897404083687,-2.033407396758999,-1.5720062377494208,-0.4253466262875477,-1.9109467453097202,-2.1598518250384737,-5.427216332034083,-3.409459310557281,-5.449120128505309,0.8978625890245657,-5.144783398355166,-1.2891352041301694,-3.4702441110819797,-1.8063579828643055,1.1232048437826356,-7.194634526472329,-8.035674735215578,-7.545051418414812,-7.1679009107935725,-7.6571330410297715
-14.110936772790298,-13.353268931281457,-13.336124304546116,-12.971130997931338,-9.228404974985214,-10.815847883370779,-12.28969583916349,-3.708396873219786,-10.01512021529871,-9.937341954125822,-5.815195153561682,-2.5040448252516314,-1.5597530683588803,-0.4705445705793147,-1.616856776415408,-2.631486176410454,-3.3369837463637566,-1.8947612094523916,-3.0265210828294533,-6.553959733728044,-9.128625392177245,-1.1032288171440294,-2.866321249592973,-4.197905694619185,3.0540017654092684,-3.181586501015405,-1.4739889351416895,-0.4244311471393824,0.6393880959832525,-7.260833698753016,-7.875429775106434,-7.591194339105912,-7.62509729708894,-7.988711469292435
-12.414671677468117,-14.408294962623888,-13.707356757985098,-13.635339457168998,-10.563861490471588,-8.329790044505698,-9.302849921737604,-11.102495354605548,-20.642629684701898,-5.659512346935096,-3.6340106274690567,-6.039854436947761,-3.0696699739468776,-3.6377874373374812,-1.720401973985802,-0.00870877835231729,-0.41057490761663434,-1.4992418636536555,1.429103314625375,-5.650059046219366,-5.204117749824652,-7.801832611629072,-4.550651539131489,-4.3248012475639435,-0.3540104973192566,1.9135257404855996,-2.363830801460493,-1.2502023037036984,0.6834873392285638,-4.956937649037671,-7.0830319953588985,-7.322372830740568,-7.998456943874931,-7.928944480867707
-12.950097365098351,-15.52590143484443,-14.303099371369214,-14.175245503029785,-10.417705711622476,-8.887916860315,-4.358024743709924,-8.51389387673297,-8.309580026603397,-6.95049867437325,-6.126192583853656,-4.392073131836817,-5.2881393511601,0.9742402821652003,0.4943968937682077,-4.6020596181554545,0.13051305398731033,-2.191483837335144,0.33265685273245077,-3.548927406248931,-2.4790229101619703,-6.794634781751809,-7.517847453460108,-1.248699701999673,1.5036214458969095,0.22392245014690704,3.7847036652586206,-1.4429807369921817,0.30450882702201876,1.0060102234580308,-4.49887711121263,-4.980997300644238,-6.774580575447689,-3.9804089626669428
-13.431707618342127,-13.914267061230298,-15.721151106007227,-14.556417859109592,-13.088659806865872,-11.34485081475881,-22.64224914590189,-2.0021765337687216,-18.171965432540922,-5.286842628542253,-3.8015160159587533,-3.2134568804682946,-0.7901530412547356,-0.8275917731811857,0.38342802306693996,-3.3475756270368406,-2.948703411538131,-1.2278913745998679,-3.569658515847092,-7.095368518718341,-3.8695653779498813,-2.841308501213368,-7.262216051160857,-4.811218160512553,-0.15326609623206786,1.9168317598280167,0.7476494371464562,0.749634670947921,0.5846718628457414,1.9993829622893613,-4.108154734493686,-3.50694456411765,-5.4794822336370475,-5.004287788854377
-13.765936739442223,-14.359385775919662,-17.35392671823625,-16.05769880619527,-14.205313907993714,-13.12425165501213,-16.036529458228262,-9.97819787461219,-10.2979632273616,-6.678006164900573,-2.2276783347923352,-1.5341140446431345,-2.6165070406822992,-1.7010024531019987,-3.0003659524291817,0.42166319013937065,-4.503643875311223,-3.1941895695715496,-3.406773610914373,-1.3160893561492804,-4.87693735655911,-5.657328848564656,-6.589750772951772,-2.7835172920212368,-0.38811049917015894,0.088178209574134,2.1871112280541256,1.2602754785648933,0.9989965916296452,1.3647082825147963,1.5659326897932198,-3.473218026240506,-3.5571282910190196,-5.014228845062324
-14.202451461528293,-14.688672699500229,-16.883389702475565,-17.44919833018621,-14.976474127608897,-12.71250380292122,-14.826196323099865,-7.276092935550225,-11.771117919327658,-11.709219159789935,-3.940773418463773,-6.308309489362129,1.476444411617881,-2.6603543055322496,-2.252506639953857,-3.2231751887672533,-4.36267432202923,-4.674486950695111,-4.597007805629171,-2.940226147442747,-5.672234191883277,-4.100571098642778,-6.703363223655495,-5.412229980578732,1.4112589142602885,1.0733119993244273,1.5708288736952172,0.32548517567723834,1.192391778099483,1.1119560583205614,1.900880827361858,-2.654683530516928,-4.817316320759282,-4.8514979027692435
-14.443169122022807,-14.863322691570186,-16.06547772736273,-18.62929476306703,-16.32181972133846,-14.454958407053317,-9.526107089172465,-24.29737121828443,-11.691942880041141,-9.012188904925932,-0.4838802969771722,-1.0446369053114808,-2.6149809284360708,-2.529166352920567,-3.6945238319815594,-2.2320366773117604,-4.168000710110289,-6.473203884518676,-5.154260616691177,-6.886148146073859,-4.199874839394475,-5.747657120066524,-4.7636691544220815,-2.8928610003786206,-0.5833465749955464,1.7377867496977668,1.4740676641703188,0.9993124771354123,1.7821875872472734,1.3792358314698931,0.6755470238621601,-1.3805493889531952,-4.564128432296743,-5.459947689436236
