script/wind10m.json
{"header": {"parameterCategory": 2, "parameterNumber": 3, "lo1": 3.000054539987559, "la1": 64.9999836372058, "dx": 0.5, "dy": 0.25, "nx": 34, "ny": 52, "refTime": "2025-07-17T05:00:00.000Z"}, "data":
[rows 0 to 23 of 52, columns 0 to 33 of 34]
-1.6898690229477518,-1.9784906995001348,-1.7483107749563147,-1.9503569298897203,-1.9303408025957078,-2.402656155861362,-2.7544386974420356,-3.2917109355753706,-3.56377785333,-4.190483176745996,-4.2865467420629555,-4.240513686740633,-3.770358693526555,-3.383414544057997,-3.202137765059592,-2.705491164831544,-0.7495149531855351,-1.0602441826755664,1.1958535001145538,3.499728965404627,0.17923492494938348,-0.6655617634761172,0.3527326764986425,-1.8664158119923808,1.7629865495818418,-1.1387975226155178,-1.3535781740312385,-0.7127035614370297,-0.8665752365560673,-0.884030357649552,-0.5934356037794708,-0.43214270010994627,-0.9604105769372211,-0.6755093082440163
-2.097322977327821,-2.5647010074041185,-2.6693385719182237,-2.3738283447264594,-2.2866162983547,-2.46715910421619,-3.223701485053524,-3.1243242660818304,-3.1474232080089433,-3.4789513753022328,-4.037618331324948,-4.206558889427903,-3.0132473242134257,-2.6045613111324153,-2.050977533809582,0.26633547301347366,-0.36692316583767753,-0.9022356137558121,2.6329789234080656,-0.7217294204718683,-0.3984160684889547,-0.22348066498898328,-1.6607874219538403,1.0981943258325122,-0.16125094097782666,-0.8159444487394163,-1.3138529657948606,-0.7787430712739482,-1.2602479926634806,-0.6782270095101421,-1.1155870701911839,-0.5422376579838766,-0.5511085946101006,-0.924060596772232
-2.439265034761549,-3.331640775714646,-3.132438890744587,-3.027277701902162,-2.6510665823500243,-2.7537888520616343,-3.401036182299044,-3.501243491291027,-3.328938753883736,-3.252733786214855,-2.886657237635532,-2.224684898502555,-1.3611983756502688,-1.2481308648812035,-0.5317959603788583,0.44507272707553575,0.8750394716882581,1.8444235684172452,-2.2551764886068795,-0.01844433406610395,-1.2076742636462423,-1.3283571102933294,-0.24455371216445246,-1.7012727330397004,-1.9663865351248793,-1.5127692276376752,-1.157315046715145,-1.428048978798487,-1.2854667075255752,-1.5300582388326018,-1.4057630537221186,-1.0942363361534622,-0.5100945024982381,-0.7210992145336523
-3.28978113508559,-3.544751422893414,-3.4562336754864016,-3.415588116340402,-3.439439879333406,-3.034629159205396,-3.306365406761378,-3.748925759243843,-3.464778112811627,-3.472864456321571,-1.729676271271422,-1.664255294028045,-1.5717888395806816,-0.7549559212294734,0.014587692678077323,3.377583272132458,-0.6497700470534536,2.1705311080057017,1.7819859169806533,-0.4814629157352102,2.1061381153780463,0.2517530474803874,-1.8191988722512895,0.630450358009395,-0.0390109259014942,-0.4154378950727924,-0.38890029093973805,-0.8668904832236282,-0.779367267002526,-0.9298237297692132,-1.663015867500128,-1.145708674882359,-0.5741615711417981,-0.6761391788826817
-3.799250883588278,-3.7829490204314262,-3.421786690129818,-3.579178181085361,-3.749642516388169,-3.7289202982521985,-3.7112164516409196,-4.17967411055011,-3.8576544652484643,-2.619060048998687,-2.451573864312877,-1.918666704629531,-1.71080201194143,-1.2470738649847275,0.904615134074732,1.395059763692228,2.3167036879828995,0.30131301978464003,-1.615086239771693,1.8341024025917907,1.8956890903328443,0.5511220449820665,0.23420547529786517,-0.7542490586896844,-1.2008353008425385,-0.9627602074866385,-1.5294251053715728,-1.405759169026039,-1.371978456012146,0.08934495909050945,-0.28925827994995235,-0.9026463892386352,-0.8731250976277509,-0.7550485328939118
-4.047210822192481,-4.0827023709323695,-3.8164638938028976,-3.8496644028940192,-3.91233102076823,-4.321240005463991,-4.358499556134074,-3.281761369216212,-3.0118553282708342,-3.049787749609034,-3.074409030633256,-1.2972039511027975,-0.6565723782902588,0.5120431814692454,-1.0021789988933363,0.10671393377536398,0.08026285737677345,0.020216694592943094,1.1727428751957276,1.6250744698279929,0.5338085449263916,-0.5456102733422806,0.14781598126785797,-0.5813452588031837,-0.2293164364556423,-0.5628234218834319,-0.31980719660599355,-0.47316735551436384,0.24024757378111755,-0.7871006893783044,-0.45370572457409947,-0.01554248818240027,-0.2534932584609371,-0.4841297259594038
-4.525519309194438,-4.363085565400245,-4.136669587768079,-4.161497366313543,-4.618245661739696,-4.40191838384298,-3.3410148953726373,-4.056581631015001,-4.270046081998636,-4.198624871861507,-1.7866963641084908,-0.045787956979337,-0.2592948830524339,1.3004352751121435,0.6464107010991357,-0.9501007049347592,-0.38831678094231376,1.412684395103546,-0.4014872664847624,0.6375331996148482,0.6676927518364871,0.3681320445725222,0.5547444715375954,0.18265902574115503,-0.24218902078434834,0.40842736626966497,0.7330411646760496,-0.44641571286116744,0.27061413777910975,0.2732401714617959,-0.36073899025615663,0.3629053795926214,-0.7564796727711509,-0.9686604935486897
-4.626198719262749,-5.158058664414146,-5.264146211431324,-3.4437426995299356,-2.059669056762156,-3.388206024586484,-3.4771989416500433,-3.476190620224742,-3.2898490985632614,-3.5476843697498612,-0.5565624556144203,-0.3446160229721769,-0.3290522669399052,-0.508178541144539,0.3755045737520466,-0.29856651526149486,-0.7750054027387603,-0.650737215510721,1.4937191218178305,-0.09771615057707607,-0.4777948019487884,0.1518910808039449,-0.2187270990483197,0.3672199716423719,-0.0469615616998884,-0.2633148795857203,-0.7840355809204561,-0.38745263056591583,0.221006102639105,-1.2998719832845733,-1.482071660698545,0.07327975546977475,-1.3767448691591289,-3.7703021317202374
-5.284998575379056,-4.697807705738371,-2.778738974376309,-1.700967467055292,-1.6337975165771372,-2.2319224115905496,-1.8460391374579102,-1.5927648623034458,-2.0618346493834037,-0.3125329657878791,0.9926420486080834,0.21331199836850512,0.8391153096600171,1.588993524170384,2.522673858135203,-0.3532572159686887,1.5457040945596876,2.205471800801388,-0.24966219457184183,0.8807165947247233,0.9174127946660819,-0.6078398964902013,0.46146446325785156,0.5583364257174668,0.9824063357610382,-0.2773036307657451,0.036246991701093176,-0.16355958094373027,0.05586275866784592,-0.07160123216248723,-1.5386707010781813,-1.302696358213624,-3.5657445094350924,-4.029296522790382
-3.7219928066886605,-2.9569354741564355,-1.7040214983619835,-1.8326565960584869,-1.4957948593249564,-0.4922893566985522,0.07482870473676254,0.795648272345483,-0.9111075153182893,0.3590466782989147,-1.0486787423811215,0.2983764825058903,2.1379362053648086,1.8590814553109394,2.4924993805417985,3.7243778234706957,-0.46968777387194877,-0.392437348143399,-0.16064607869265107,-0.0939125248432679,-0.263093578632668,0.08349263348941052,0.28596496938991284,1.364969602770194,-0.43568639635845163,-1.244520620008075,0.243841930938444,-2.183996673594632,-1.6741836842757267,-0.8352027013592283,-1.294933780017089,-3.244301046805497,-5.071935299163872,-4.473965625272271
-2.371362924634577,-2.862478647432539,-1.9225060727151637,-0.8026512513304854,-0.7175373533272312,-0.13174171622909348,-0.1473429534432377,-0.4642090422692943,0.7114608125662736,-0.1791781310245604,4.4330067049388875,0.7621328377193785,0.547224422759933,0.1630027243877484,1.245508460440582,-0.2786178631237094,-0.15780086399445784,0.18609524166289318,-1.0838482682999429,-0.24150700245733075,-0.7050781100524535,-0.41115790650085304,-0.8280107042745951,-0.5576124691223402,-1.3039728020355663,0.29293227369528707,0.370562384148201,-2.138726638884361,-0.37909202337372755,0.5258427950177174,-4.524519566762048,-4.63229956926781,-4.857452272131247,-5.066311302664496
-3.2048106632376356,-2.379107832643068,-2.0207674858061186,1.678229020210487,2.666466537548776,-1.3163617947768622,0.04587770821022476,0.10338896067898287,1.1179484678931764,2.8451565872776805,-0.905066183922521,-0.7007636960674527,0.0060083941475668045,-0.6745946554142668,-1.2962714151748185,-0.19055681523492207,0.311840263200597,-1.932776357634163,0.7022760828912,-0.5377637883437012,0.35206833381355584,-0.2339749804035549,-1.2978621763446758,-0.6225152942588634,-0.6902987286264489,-1.5605785124280258,-1.564178483912807,-1.7639674757259782,-0.860078999517442,-0.9993943215030592,-4.574705458843126,-5.654635258088625,-4.8240251970315775,-4.457744225463795
-2.6580068456135733,-2.2852901076080956,0.4012842738916686,2.3076808370768798,1.725338949744591,1.2470606402936006,0.8001932032651731,-1.033365786768995,2.3595838007356638,1.3947574739565094,-1.956126230868557,1.8445053742083242,0.9019799374196429,0.5555277342489394,-1.0087655659795347,0.46878081577894376,-0.4818901232185037,-0.5231368505144746,-0.6493176829951376,-0.628791527143288,-1.0486262924089786,-0.6294905816607536,-2.476817589728964,-1.1222331785840072,-1.741676716194078,-0.2252665903311595,-0.31872720784149183,-2.2344522727201714,0.40039123392935644,-6.16703457201918,-6.237849785116878,-5.750446582757751,-4.8777733341412635,-4.942446924769854
0.8033129253329583,1.859650092656496,2.7383553565438596,1.67467993183517,-0.7260849521959435,2.4539104632657227,1.896927314560991,-1.075412391673399,5.708736475221491,2.882447535840638,2.192214214397903,1.3739320993713116,0.2639516723146977,-0.10649954621873226,-1.484418980691335,0.06940467173257078,-1.0824394745305035,0.4743363038809123,-1.9311769687372822,-0.22204767507499903,-0.8906284182141347,-2.5383719550829027,-2.0701176374833428,-1.6252276118201765,-2.0619591633756205,-2.0839620854034706,-0.37988539464869747,0.3681457948694436,-1.556562026319438,-6.99115283671097,-7.214886229041732,-6.627978975255307,-5.958564877974043,-5.953547228725906
0.3923922520440832,2.007337093426374,2.3321399831264444,1.2453986842571794,-0.7388759317422933,-0.9639558288799748,-0.1910591817495967,6.951851202803898,-0.722139392316683,-1.230392224491999,-1.1856516540680566,-3.1230648385180673,-1.2979605725768164,0.45250673886321163,0.2677061319705271,-0.9959943013243125,-0.8359529036244833,-0.6586571738368039,-0.9721184088656595,-1.1500629737383545,-2.029871193240993,0.07594066424792413,-2.9251894220229997,-2.056790333339345,-1.8552671591996912,-2.071938519921813,-2.4844296280956257,-0.3951762582793293,-2.148878652938309,-8.369005980544436,-7.991653307026331,-7.091820156931771,-6.6330264070107825,-6.500794895074416
0.9651152334356564,1.3626742672127765,1.3656416381579493,0.6056057163559968,-0.02239668860232715,-0.8461677888201206,-1.1777789733471498,0.37234138155019697,-0.4652072380660471,-2.5324314193715916,1.5957788404671451,-0.107140714780565,-0.9326408545679145,-0.749617034413306,-0.43075052360103433,-0.974820754346895,-0.9307375641129954,-0.5791238350542542,-0.9146594986115828,-1.6204451022385273,-1.320172041625894,-0.6963717165732465,0.5722097875452173,-1.3872294796056313,-1.9479702369242342,-1.7572101458569287,-1.0710407657621495,-0.9596322801643198,-2.0294125297240724,-8.067640169945482,-7.397321409651793,-6.887015483216497,-6.57105445107776,-6.6933084613637375
1.4263620988119434,1.477591905275209,0.4228758536406351,-0.1191399284265835,0.18170920540789384,0.5699280093712621,0.5012834806741042,-0.6953781482385406,-0.6676806937017206,0.43647779603086423,1.8535142330089867,-1.4191033091702165,0.5471216524699156,-0.8063087107249249,0.35890215190879204,-0.19363872555234768,-1.3179843379270613,-0.3200817259333491,-2.11279854621396,-0.4050623897669957,-1.2931676673442642,-2.0363512114189053,-1.5820344154951689,-1.5510185325708032,-1.8711396520569081,-2.123475186747124,-2.2967506709567624,-2.728523563973965,-3.100306620897621,-7.764476379515394,-8.053846380979111,-7.396999692868906,-6.676858268127504,-6.766384377625902
0.5422417939051887,0.7257343608487455,-0.5897432323424843,-0.6776805510180658,0.5528075664559614,-0.19058362295305573,1.5527882433495432,0.7661309179724726,0.5750887602666599,0.4489173497440711,-1.1786564205426275,-1.676636674405389,-0.6977051910831105,-0.5923826283446681,0.4175024023223972,-0.46468907792286035,1.0384953607202658,0.7066341984365562,-0.9596850299706521,-1.794222182058018,-2.3752619082018085,-0.8544216783274302,-1.7782507745639178,-2.5370840303327036,-0.46163406494033027,-2.7799554624192977,-1.2096286739682414,-2.657089782427948,-2.712852952288776,-7.866827143107783,-6.768410408175788,-6.6712764000530465,-6.15247568652548,-6.164162272645968
-0.28543701474804517,-1.130191918341562,-1.1156388465308296,-1.6484711456473937,0.33634154741225675,0.8359409839367028,-1.0927219992501933,0.299217803478902,0.018252604664191912,-3.4030008823711015,0.13666521616602992,-1.0291726051963235,0.39982055182168896,-0.24810409410842776,-1.417389806314581,-1.643062437914419,-1.4733455707393037,-1.4676071105885928,-2.0743257858528246,-1.8891835928230287,-1.9012084665816658,-2.398954054770348,-0.9905312404882365,-1.5731874915836754,-1.0609624325284464,-1.5837320488677196,-2.61208735920401,-1.4747896015058546,-2.387011408420738,-2.7242922901270323,-4.01897646367644,-5.777998869817224,-6.120502369788304,-5.865611506697948
-1.5343578057332523,-0.5659800604911673,-1.0625753537085874,-2.203296954408608,0.820248121941899,0.15729227925975242,-0.10875369050779389,-0.04289817399752488,2.2148475625799384,-0.1086946725069897,0.4743729131909491,-2.074513122000588,-1.0498827817641236,-3.3343760947083134,-2.139261153200374,-0.6923944155859253,-2.1709421689630717,-1.4530554824334412,-2.426829808490799,-0.3576201584717556,-2.8509456580244676,-2.281057289569018,-2.9234600923610534,-0.9214100124424179,-1.2745931200868745,-2.264936971439822,-2.4915436413226346,-2.295726104460867,-2.4499477060339188,-2.2097558907882155,-2.3002312153110434,-2.160603471140276,-5.127933902865818,-2.0874145883420265
-2.117782643976677,-1.4434487449353226,-1.2175980854266197,-1.280974193016112,0.8138436993318707,0.012448655211881283,0.02630473431466217,0.011882074279134791,-2.3339886434713004,0.5336045078117738,-0.05217034386237209,-2.1793283193469537,-1.241336882738894,-0.8901171067613627,-0.4771229666469907,-1.8974430513506724,-2.8779978565057185,-0.982400199475239,-2.6101554620927563,-1.8038760023206097,-2.1114067259065497,-2.0309746604060854,-2.409710544572418,-2.295300000714244,-2.4241655645694524,-2.5202297066079233,-1.869762230621244,-2.799532020094698,-2.3573576826267573,-3.3027839996696473,-2.9094658227491403,-2.248916956205254,-7.208407120371886,-4.971481781174523
-2.4755705269784714,-2.5508040087297705,-2.3469805170043188,-2.4673210953210627,-1.1702549678042369,0.7114755350521031,-1.3478178617163226,-2.3772746014661386,-3.0100614945960658,0.07593360009249232,-2.9902455539400536,-2.7489480672051343,-2.8915397047086424,-1.3877247266104655,1.5438861201214924,-2.9838863706642917,-2.564254045727517,-1.5008495629561278,-1.6424810892909754,-2.1106120997289253,-3.0180479590704743,-3.0230247240026853,-2.5905074593372635,-2.2925963886431466,-2.4628455393452238,-3.0715959710953644,-2.6053721482364525,-3.478085509776081,-2.8901920366952663,-3.658522690786654,-2.4294938216148925,-2.239711143772869,-2.4937319774368896,-4.933700438965899
-1.9775450386362547,-3.18947655446099,-3.5936297225215186,-3.469009941458327,-2.150355882255818,-0.2436463969574352,0.9665464512999349,-2.9058375836469628,-2.3147128087586384,-2.4519351351378664,-0.10347176408740005,-2.320039661475188,-3.0923722324161784,-1.0689338220249587,-2.1633510900436597,-4.44105269930739,-2.190454710446155,-1.5073076129491667,-1.7470228677565571,-2.005531981463315,-1.9108744102713402,-2.0139598970759356,-2.4607085401047524,-2.8960550860810668,-1.1829016380366404,-2.7082524958415215,-3.1522766084841343,-4.1193917243822336,-2.3995526020172617,-3.042769416063784,-2.799393772396915,-2.414718179354343,-3.950990735454389,-5.997033501147787
-1.747173555576508,-2.933991371303391,-3.2585479812325024,-3.725577496035643,-3.9351724749431085,-1.8601360327742154,-0.6217990760628171,-0.3813816570609772,-2.728894129558191,-1.2609122520193903,-1.5622256247507988,-0.4149171910317078,-1.2047111889021147,-1.9322627763277267,-2.45607039954784,-6.479883863751384,-2.3361864998106867,-1.7815724829145791,-1.3355257184257714,-2.1956253955623,-2.059730611875883,-3.871324364203219,-2.9489997020669336,-1.6203076123849254,-2.7996894899100915,-1.7860508446136447,-3.6293854164289177,-2.2438163880741464,-2.0214695785079284,-2.548096187397432,-2.49873773356943,-2.0914444189560384,-5.9720025143913,-5.258776079869998
