script/wind10m.json
{"header": {"parameterCategory": 2, "parameterNumber": 2, "lo1": 6.000027932988019, "la1": 58.9999434238085, "dx": 0.5, "dy": 0.25, "nx": 22, "ny": 24, "refTime": "2024-09-19T03:00:00.000Z"}, "data":
[rows 0 to 23 of 24, columns 0 to 21 of 22]
0.032799818347860665,-2.6666526632533247,-1.2119774852760712,1.8123278398438536,0.9340841777088322,0.5545041303348383,1.0028940140326088,1.21585453648172,-0.29322652150664114,-2.1536778620569423,-1.7992370631946994,-2.0715024161321822,-1.3911677200572032,0.14677027606978352,-1.5282133232014798,-1.4736048322077202,-1.6450916244192857,-0.4323998764396258,0.5678170167044363,0.46230029142540596,0.433130879420318,0.5510452984878778
-2.348789608496257,-2.6529967261045395,-2.260821572375785,0.21606531307860163,0.7736934014350075,0.006489244482041139,0.621862760263317,-1.9297201821601182,-2.620879128505703,-2.8687690766464464,-2.1407547712598,0.8695146613483957,-1.038214994436101,0.5187626343246543,-2.152311420129966,-2.1731164122180253,-1.3907742761639676,-1.793570658265333,-1.4640201676168032,0.5410345423211986,-1.055803211299647,0.7958321176049239
-1.0235060134030656,-0.7744132040980206,-1.1287342866464942,-1.3478363203747088,0.5181697657099205,1.0754814516013504,-0.3908528401358035,-2.485375581865951,-2.4933222802481287,-3.024238777924177,-3.1720654136635895,-0.15852005993228555,-0.7515409896974073,-1.225924006790422,-1.7539707411226881,-0.7104868545774845,-0.6721024296604077,0.041349824715444926,-1.109818837414777,0.689421018195567,0.04653698500512206,-0.36388201044968016
-1.8160032425883392,-1.8498770811361784,-1.2207216195573143,-0.0403985892847881,0.36614775643313274,-0.8946217585511285,-2.5603302495339397,-1.8226400860474903,-2.441358401399283,-2.6120674143223224,-3.3096608380485577,-1.8844209699712107,-1.161514470690173,-1.1682479088397302,-1.6917906646234349,-1.374050692921584,0.08774374901144956,-1.5007003479223489,0.7283652057276998,0.4717643186987014,-0.09870599793498357,0.3960998243246094
-4.03222031231067,-2.2320189448325616,-2.716011420591961,-1.3498774547007104,-2.3677355511953113,-3.6451829480996434,-2.5876009181598225,-1.9491298563235597,-2.611786891196002,-2.6781046586803834,-2.9511598270481842,-2.5628833444887826,-1.6615848330560445,-0.7696116027245111,-1.405062239805553,-1.2574971355784867,0.7651112516641626,-0.0373143427130847,1.3782844867684618,0.7826962437400425,0.623672867067897,0.10127924681788082
-3.823823258316855,-5.19840356107941,-5.391563248567821,-4.9245149852168675,-4.536974236079865,-3.8583418222031947,-3.0091281467343083,-2.966331612979598,-2.8178838509124104,-2.5756121998812924,-3.071412174812589,-4.050866974326702,-2.1271300973796783,-1.513967102622793,-1.4312624883985212,-1.1353352770765779,0.8489132939791513,-0.06369779565734164,0.1040075286998783,0.7916488950752683,0.9839390519424042,1.0417679263477455
-4.23771028715958,-4.780639802099089,-4.705656958483312,-4.402535163863429,-4.534580318566195,-3.7215905546443424,-3.8114014157393714,-3.113409529900899,-2.2763948599731694,-2.5669647163629628,-2.7234154861435087,-3.115993432033082,-2.0543298757168755,-0.9795413409200586,-1.079357325938613,-1.813486089409463,0.1717177492143424,-1.0288656705946853,0.7762312752269613,0.3343774093299446,0.5967312408688431,0.6993298976637776
-4.083926498657845,-5.3689150209262095,-5.2478868678077255,-4.616876929563747,-4.45058015932306,-3.584051526499683,-2.278806410217445,-0.7265695991236406,0.2943657499186087,0.4962671924843259,-1.5459102527259758,-2.7086210809973577,-2.4752786131080358,-1.110323775628084,-0.6363156959648564,-0.14225352422735332,0.8716476159187104,0.07440817344297683,-1.216868709500481,0.49924615914365944,0.4837029341126032,0.6476766313803267
-4.109095779414774,-4.742186195475059,-3.95078656462061,-4.449060684762276,-3.27594543265458,-1.2191793266813677,-2.253745419125244,-1.0633210266638937,0.14704564673157858,1.4236368931616354,-0.7371028718633307,-0.4551924134893101,-1.9187994797940118,-2.0195285224438377,-1.0346956907437814,-1.3710736637979843,-0.3387139539422175,-0.1986173950165976,-1.3670284085699995,-0.6841163704174548,0.15869324955764647,0.9882442773759775
-3.5067718673038364,-4.009054320633396,-4.32715290744891,-3.9215228924882894,-2.870479532258516,-1.4773431218202535,-1.4873342308346278,-0.7411626498982571,-0.2305549005004288,-0.059794553203126634,-0.1739454034153302,0.3717139793828138,-1.8218941774957353,-3.0498171455633933,-0.8383842317150401,-1.7641520390274419,-0.0013435822207901924,0.4707948379202928,-1.0114814012421807,-0.992683110073627,0.1955189028455608,-0.3370102413410878
-3.183024256757712,-3.981196673155353,-4.297435961894889,-3.6994938593897064,-2.849073935266757,-2.0582033760206495,-1.3369661503332535,-1.2248046932999375,-0.9273246056458607,0.3914662386871931,-0.953294424947056,-1.0535505167408599,-2.041297213784278,-2.9148883053360946,-0.9728432745114182,-1.4033870707660607,-1.5302079012347158,-0.7832307786736529,-1.2523760808646838,-0.6180858515581024,0.011680420236219298,0.135409806127764
-3.998390338314886,-3.795173608548257,-4.150095359554799,-3.9007639894305033,-3.181532697724233,-1.500783470996328,-1.296747708841879,-0.7086054828282718,-0.3077039424508059,-2.5957628915466917,-2.6381804539542903,-2.071302993332168,-2.564316158464574,-1.2596072940126772,-1.5810479349602085,-1.5775142985660175,-0.45323015316988363,0.44334582854222343,-0.7216686403409662,-0.7675840716590179,0.04335884645725404,-1.9584197079232264
-3.8063681006455887,-3.4360774701544683,-4.122633801449462,-4.022070662964918,-4.635818633132342,-1.6270956903837366,-1.0968408314567992,-1.150446783765368,-1.9385248949150857,-3.5532898046784904,-3.180112785226769,-3.475623143630753,-1.3626930340722558,-0.5060231668753198,-1.3316580420237356,-2.1401838050540403,-0.028008234045650355,-3.2463198556973327,-3.987057267308468,-3.525951700730743,-4.223333874080926,-5.120229342171673
-4.402093555097762,-4.579107648249994,-4.666103232210026,-4.785965970921057,-4.510329595900112,-2.0614170050509015,-1.2829541267480205,-1.1652330799485313,-2.4262762979874672,-1.9967834659639259,-1.5311659386266485,-0.5779120950732234,-0.978664311712093,-1.5369199422343502,0.44331021712409036,-1.2904628924586994,-1.3805836750447493,-3.8777009162985934,-4.631942393824732,-5.785577856711161,-6.213802599710377,-6.298043133794758
-4.951487852924332,-5.132367228658791,-5.015327156456459,-4.564069697481248,-5.266665811697369,-1.8731445083525147,-2.8913333289777676,-2.700157650479505,-1.3212246971789314,-3.71350204760393,-3.3439264446175185,-1.3405724441749607,-1.2683587107741912,-2.736732252609186,-0.858895394960988,-2.817230890168444,-4.194188356360845,-5.554540246429319,-5.502911191490067,-6.6014178072192315,-6.666758948035515,-6.593360770046459
-5.543968710961836,-5.705445357189934,-5.66778738230487,-5.236083009887059,-5.444922083894875,-3.9547084545651088,-3.1842847841749116,-2.8952090803317008,-3.278199234460873,-3.1502193153258653,-5.102658579415389,-1.8341644819179765,-2.358009016777338,-3.9119465090823997,-4.890957827535847,-6.989569675032234,-8.666923024901738,-8.080836908490248,-5.016794735875644,-6.619917393877591,-6.809127002595636,-6.311440012376214
-5.884492941536042,-6.325679474923262,-5.976055329653224,-5.935817572137308,-5.477050588707714,-4.677592722442265,-3.1741081025135727,-3.0509906232839965,-5.116925909911599,-3.8485354205953812,-5.683747997204458,-5.641324378514859,-4.247451139057472,-4.875002365950013,-7.497922777595018,-7.533178769057316,-6.8435620656538925,-3.907444684319271,-3.4438904433742095,-6.396623747831414,-6.453773732300421,-6.2159708942581915
-6.428914580943693,-6.499202587924231,-6.401297206116997,-6.283255623270218,-6.08406114260603,-4.565474298716903,-2.594780290437541,-3.6150444007010254,-4.9466482204372495,-4.323708539009837,-3.084547748831495,-3.477506638386818,-4.79994477853733,-6.049697041248218,-6.637451580967401,-6.559208272137864,-7.120568117788183,-7.753210012917243,-6.960239874074714,-6.264111380370667,-6.203490226527132,-6.526823478813191
-5.660765580999676,-5.937061347602113,-6.281134499692001,-6.698217661196187,-6.54857265486133,-6.028028838935622,-3.8359327145647915,-3.9690248305548077,-6.496896829813072,-6.490704488546839,-4.805303444175471,-7.642881016732112,-7.441871280225674,-7.216306638493913,-5.419162150830349,-3.052374465555335,-6.823800565034195,-7.934734427032565,-7.0532320447407475,-6.812825967963578,-6.415904996757768,-2.3695508531170577
-5.748589389838605,-5.486227915036516,-6.162472997877349,-6.431968943572673,-6.045828272812623,-6.2334152926368045,-3.8321101404412445,-3.224890597729759,-2.672066624629618,-3.2925613190509155,-4.1833109032029085,-7.10706883398958,-6.351576629944553,-3.7335894816734423,-3.0531329174877273,-6.014095002801388,-6.928176195772647,-8.266402766489918,-6.959136908675633,-5.606395085100139,-2.930743741674204,-2.029306046059631
-5.2338915210580685,-5.751407981029104,-5.589760832652237,-6.095161766130929,-6.285137045492539,-6.682714704955486,-3.570981039459623,-2.657004366638945,-2.5238542156255965,-3.3610143570994566,-4.065476249320061,-3.2220047249327104,-3.4760172830110725,-3.9131529452901583,-3.2851136586220147,-2.990907449176725,-4.134241250902643,-7.686787326708956,-1.7200679945055153,-1.8577184004746337,-1.0748796224776764,-0.6656652632466992
-5.424834005620431,-5.408119852025266,-5.281677312415129,-4.495148741537475,-5.0685472273003835,-5.043848815231415,-3.260733351382816,-3.0421455357768497,-2.9657241433334196,-3.2828875009755216,-3.094309295467758,-3.106552030331204,-3.442245255494728,-3.2310608823848805,-2.6988329245296,-1.9749613687892946,-2.627276746901563,-3.367732821816106,-1.648976548077146,-1.017702203176164,-0.9570653340465981,-0.3213817117140839
-5.121134683868631,-5.629794550599419,-4.083416902494796,-2.0625243171500003,-2.602922423998102,-3.675811784970175,-2.2797168049749446,-2.1889230592022693,-2.820182293162376,-2.486320586528977,-2.80664200867609,-2.4551837611363427,-3.5173376153191143,-2.132686825411515,-2.554916420143009,-1.8130772749033712,-1.0792237487148155,-0.9282872201727852,-1.663391466024423,-0.7089181428204385,-1.5698131654033538,-1.0017671636075092
-2.41642794145229,-1.870083621729807,-3.3576523695698177,-2.4867586257800864,-2.0026678300212835,-2.72464148774628,-2.486510591214318,-2.9809410280882567,-1.9847378611128481,-1.7369440182296536,-1.289322536086113,-1.901899752046838,-2.928331222263367,-1.8209034666490638,-1.5440389949298488,-1.5615177456339933,-1.7649564975543255,-0.9306883705268498,-0.1820564422891195,-1.7957871603495712,-1.2164773065921048,-1.4932736064500742
