script/wind100m.json
{"header": {"parameterCategory": 2, "parameterNumber": 3, "lo1": 6.000198445256149, "la1": 58.999992894266676, "dx": 0.5, "dy": 0.25, "nx": 22, "ny": 24, "refTime": "2024-02-05T22:00:00.000Z"}, "data":
[rows 0 to 23 of 24, columns 0 to 21 of 22]
1.300750341313266,-3.1268468211969838,3.7619129438278462,9.948355117452628,9.110687032863495,2.145388896647436,2.3723935623859647,-6.176914895339369,2.365982907502598,1.7744599085158936,-2.6706943763433415,0.7527538680148624,-4.2193816996157665,2.1717318889180057,-5.466897714924994,-1.5888751864671617,0.3593031422420134,1.888599607893077,1.883888312742346,0.4822326917526145,2.4416667585720964,3.387961283952927
-2.0702537057024686,-0.5533263245247285,-2.042811319982491,2.788076347416772,6.609348196099526,11.731399564987582,8.02962755555587,5.665032614886398,3.83363438405284,1.7647675152521922,3.682505974988201,1.8621373560594066,-5.796818179695287,2.8158882963143395,-4.429776011794718,4.303861950243402,3.926135182946789,-1.0634497447983262,1.288740186040062,-3.5754965504513025,1.3926658789634123,0.8508912019176896
-4.858498073853059,-2.3111662522267697,5.220859282733941,1.2979677404417012,1.5316114966289907,1.1868419689732501,1.3631722145864091,-2.677081006378617,-0.2883203152934572,3.356908617938862,0.9351905357462965,0.5645729842835275,-0.08990582417895328,1.38325261972841,-1.4604414778017847,-1.8026273941549358,1.9816895009041926,-3.457710840401446,-4.995575131136656,-2.0035172477406027,3.136592193576891,0.07376293167597528
1.1550964470084242,-4.571728362515563,-0.35143886505816707,-0.8593929451002384,-1.8000567644037135,1.8647797175939378,3.8848676378665474,2.180677400519236,1.488863475685519,2.217425933129613,1.0801852117048907,6.343327725831927,8.347959934343082,1.2659719273115755,3.41235525005786,-2.2450136197435624,7.228063633563289,-2.3612650485152815,3.3907749587988287,0.4459067652951811,0.7783653656256739,1.440692082203868
-2.688637646578105,-0.8319417572434028,-1.5743291904991132,-4.266897246873999,-0.30675751832140297,-0.3329811380043703,1.232110113380203,3.2175322288337234,4.095231272265213,1.2420351157144636,3.333397519821322,-2.286508235582676,2.8353020949855154,-1.3303294818442055,2.1829051278694416,4.037963802017082,3.115898699678862,1.5476639602694555,2.1018308391372282,-2.140457574842971,4.130027047726035,4.1014380107095825
-2.0572560129183537,4.264619525807382,4.746616986812385,2.050283093722742,0.1920424612496991,8.41825345608291,1.0106756967128705,-4.632052783948771,-2.343139970132305,3.0521804380244433,0.2004461941794686,-4.0814558335952915,0.15130271387038852,3.7938065667521292,-1.0064233804624771,1.907506618082185,-6.878696082610434,2.312432015973704,0.24345733149335455,1.7819412978429408,6.8778229218267795,0.6748428193973355
-5.02773432496309,-2.18181582916813,2.6704736237664592,-0.46419850521379274,3.316672470391178,-2.0655110571460034,0.4119177749646684,8.148383107016063,1.9853296442872415,-1.889175407622615,2.5556038415254223,0.7465811120801,1.431780200622217,2.3482776678478947,0.3299802536400487,1.5972363498503361,-4.54832298823218,3.489653577751099,0.9398795875325011,1.5329222071524333,1.0638037407725587,3.865866390741906
-3.197481226226044,-2.1626635441201763,2.1245075821810553,1.3992697445410134,6.9006449085731525,-5.9268962774087495,8.17331523201391,-1.4766900442505186,2.5542035351060606,-1.165684123391809,1.9923065188202578,4.318266105008543,6.833728013873776,0.824617446406297,0.21511904782807947,-0.8407498852878788,2.5400290914307844,2.093296639316378,6.660519609959719,-0.6702191121507295,4.840865825077675,-1.0770297607952433
-4.309285259083009,-2.7488484684348404,-1.9350201830450324,4.223918876891829,-5.891266309524984,2.0765022424897976,0.7341538762237627,-2.757816191241548,4.895150612100338,-0.5218352893003055,1.9345947176892673,-2.3581303062449717,1.3521712654472393,2.6627566959040694,2.711627965814297,-2.7045464414705567,-0.9718895231572032,1.6623693754137587,0.3369472974558701,2.1592939532298008,3.6216963217677343,4.89227467033224
-5.148886371421788,8.776410647437872,7.2853158999759735,1.7198946283842578,0.8780179714260755,1.6107493736322043,-2.5595000725214567,3.311063613756403,-4.982080052200226,6.261018668610408,1.5957889484255843,1.2405525518411746,-2.5333178921323,1.0059330120445626,3.414665181275669,3.991536133714694,0.5171211389455109,-3.57832214615895,2.8150606994005836,0.9635729108775218,-0.3560885723384579,4.136900794125636
0.48110550149649983,1.5125170617823622,2.9472286596084225,0.7326230950631527,-3.0171131937174023,-3.45051769176267,8.79002815854611,0.4703503706935749,2.8443563362321767,2.307988401927781,-1.2469630667233473,1.6610045864479879,-3.6351133809889475,0.3504662805512415,-3.975456857435275,0.7847025831096365,4.3516447798951825,0.8926730359635335,-0.26458960685213906,-0.993762017831178,1.6980212966070298,1.6337331182411845
-1.3385724352770674,2.9687650544376023,3.1644653836007883,3.89931181162112,8.619152668006524,3.1997428016872806,2.488573845904355,2.7191017542803846,-2.640567812909156,-2.3067260432727084,-5.540001010559149,-1.4590634538597658,2.4305252716861174,-0.2585968298827665,-3.046020313190382,1.2229454371938844,1.4996837503923799,1.7008857072954477,0.39600876138864344,-1.2884016160590674,-5.0559778162580855,8.592114421168965
-5.563204182785578,6.008784341954677,7.707537341122464,1.4565746151306118,6.915587373188618,-2.0656190887885937,-6.287102628261512,1.2769595546136832,1.4263740738683746,-4.147311346272656,3.0387664427866437,1.146846461018515,4.595586988804529,3.042859339379801,-1.9869340910885696,2.0128924074474552,0.43103053158291804,1.0229772821102507,2.164490287417124,1.9134014184867663,5.230853880530604,0.30292399519067476
-2.5243712110720087,-4.164598855403319,1.233659841027051,2.415178748266081,1.741335951408924,6.183027008257893,9.212334738014546,3.2875217050439542,-1.471290800040602,1.0455039718271553,1.4658297871676373,2.6948522366782406,1.7147576139323768,2.2205629063630017,-1.6912370381021016,3.9369285631484754,2.114106816856947,1.4576469735531294,3.8909016961135374,2.314684766721901,9.355253376458279,4.027623725816405
-3.0776148886147383,-1.4308231154800992,9.713141238108642,0.4468595074733087,-3.3089797489268644,0.5290167025086346,1.1897890108359286,1.4892764761775286,9.669469078011689,0.8426215216465375,-4.692641174038699,1.1007594448160591,-0.6424188919330889,3.4432708442556645,-1.3206283558967669,2.8016879870039384,1.569477687779073,-0.012899037882797568,-2.3611687531888337,-4.137255643200811,-2.796960523927709,4.28909724009181
-4.782342169949392,4.835071662546797,3.3429578997063247,-2.939979603330415,0.357419258804989,1.4505625755071412,-1.1580240764424667,-5.505147182459535,-3.4206659514976354,3.664714893446353,6.5293484266104045,1.0829488763836683,2.0784130612649143,2.60667150974645,-2.154609491802154,4.906928487208076,6.200299623050894,-1.4002134954655798,4.323083526645381,1.328253563637342,3.862222255442783,3.169552631422319
-2.8176565501555917,6.737652582234171,8.93357273061938,-4.814543563606055,2.4745672166863257,3.4647978245982674,3.2120842434138366,2.4319423803935662,9.303103894022684,-0.18462526989097727,-5.613311611874686,1.231911451910903,10.174091662288326,6.745962315368844,0.7881517038395842,2.380362044961803,0.5448184061409374,1.239617782086394,5.504303968973847,0.8003378785747867,-4.117536840559972,4.196637828582034
-1.0643031036386943,2.7327880815126635,1.7897397634310783,6.362577591765002,3.2744704871561736,-4.548765488354479,4.1223806127568565,-2.4057926541755417,-3.5321496056098196,-3.400831188465599,1.9050374650876616,2.1248538497277605,2.1939952203025257,2.0054009803596435,1.0690885287425573,2.2804061910474456,0.5180480474304706,-1.5714250281053987,3.1439087207841707,0.7947040165980349,2.555518324020605,0.911005463817265
2.6308270323022973,6.34554222961709,3.175107330380479,4.3597801577247575,-3.0676458673927613,1.3145590794636346,0.041976976132995086,8.862488540732082,1.9317245936761653,3.458953606157648,1.381878650741686,4.095057522775942,-1.9063852365973506,-4.629638017006532,5.856710158279861,0.9400968789907518,-2.7521714082244664,3.84513677783606,-2.697355743535685,6.353054176572591,4.99519597621777,1.1468677648730767
1.5812499728261833,3.0147173003732903,-3.557791386880546,7.967618599617923,-1.9697160208867435,1.4756454210566152,3.245654651612825,7.648080926679246,1.8561298361513836,2.202611648295855,2.0033965275571046,0.13153862444703499,-4.621974203142268,-6.716090372786935,0.8918278266158324,1.5323173032272712,-0.5600256906361671,0.9353760793236443,4.9122656622674885,7.402389757210542,2.1181126539489004,0.5220282918082192
-7.770934701826411,-1.50758585200328,1.021485346164319,7.42092329857528,1.7327203912189917,0.5302221254847577,2.462879844869208,-1.502388766142527,7.952376113912922,0.8322872503817822,0.7634849269207592,-0.4876944944711444,2.026652491997304,2.01169179096971,8.607675758509693,0.95026072051499,-5.065650676959882,-1.8405552095887552,7.97919829545806,-3.1356045856506514,9.613429233894934,1.1954873843528768
-5.683077982832535,4.297810954491194,1.52395870611466,-0.4978567759065201,4.039828153834106,-2.259468772219253,2.4313661688278345,7.477682655564723,-3.3397026590975236,-2.911954499173586,1.9931692818008278,0.7866076771197392,2.8646264914517774,3.095127771216874,1.0904838034550814,5.463971358156183,0.548179869993094,-4.279442072236191,6.270719069329393,0.9814813319831698,1.2041571194151894,9.841012779209471
-5.860212418081629,0.5445177631746257,-2.626504272773814,0.6625311244262662,-0.9699537858929113,-1.4581790786375612,2.3177949361660493,-3.4611352636713404,3.273227198702369,0.16703960458949474,3.1970709118619713,0.9804710559422327,0.4417070049730926,4.58708811756233,0.5988331679326011,11.606961420925309,5.934971934205997,0.806553666312036,-3.716218679356265,2.063486274903508,-4.763394641482211,-2.474402896740778
0.5806179976456285,1.4406863723112862,0.5478972412191964,1.8807117429216267,-4.246290815679338,-2.154151376390311,-3.696012956636337,1.7993251580477418,-2.399897134808036,0.6770724732310767,-3.4174808335206026,-3.0515413206886586,-0.8763425147971217,-2.3885786852818827,5.7635330403518275,0.856967351689272,8.427814819487715,0.45786171175972107,4.871317050387914,2.184580403964351,4.034320872461376,3.02467069306072
