script/wind10m.json
{"header": {"parameterCategory": 2, "parameterNumber": 3, "lo1": 3.000054539987559, "la1": 64.9999836372058, "dx": 0.5, "dy": 0.25, "nx": 34, "ny": 52, "refTime": "2024-12-14T13:00:00.000Z"}, "data":
[rows 0 to 24 of 52, columns 0 to 33 of 34]
-5.408693992186705,-5.821025075687903,-6.338959202590315,-6.339089862504951,-6.450763857443152,-6.295625378941863,-5.8490683038023805,-6.278078479463439,-6.433974215683943,-5.84943607674953,-6.104282458901514,-6.225528953998953,-6.708441803073907,-7.2013379744953525,-7.999021998463207,-6.588616876221525,-4.537814822296721,-6.202680092550652,-0.09187379850526106,1.8938691623872628,-0.5253309219323825,-1.4758345161119577,0.622801482668268,-2.1889085917988824,0.8311084438035892,-1.5911619921494162,-1.4982139336580882,-1.722049679371258,-2.005280426630587,-1.928964442119169,-1.9546091531237346,-1.3287085252733408,-1.9594922762534874,-1.526233191744422
-5.149337435568457,-5.708763013073235,-5.9644675695682405,-6.633581821554015,-6.301066248410618,-6.141247739885844,-5.921535145998964,-6.344604292139315,-6.420839819824664,-5.770160627593028,-6.022133988911989,-6.001914869435387,-6.588546347398203,-6.417090972696342,-6.564947279318478,-7.4647778674741145,-6.410736096937883,-1.7951790405061814,0.36901629846993483,-0.7160371246183029,-0.09857160493503506,-0.4434082744699466,-1.7998473900687897,0.0440397007028687,-0.5047066499798043,-1.1658315324615192,-1.3332760268588764,-1.8000629268841184,-2.06703961448089,-2.08328206330402,-1.9428497595866487,-1.6216220884634296,-1.835315120884423,-2.168543348352025
-5.151650116218711,-5.652015807402389,-6.265605077816136,-6.324010292129621,-6.290195021195324,-5.979999566972458,-6.045721918358532,-6.313936583912764,-7.28226662493722,-6.827264479810625,-6.060941043414899,-5.448102468740926,-5.949413861111112,-5.891490107078739,-4.833531612880057,-7.936132378437889,-2.4938563727777736,-1.5539193173252117,1.4964320521807126,-0.35140989950604795,-0.11309494191309676,-1.644671082409737,0.40056435778206945,-2.293885739915942,-2.014906956595971,-1.4095924709781866,-1.7229357214117962,-1.8458436416296442,-1.6427323514761627,-2.3373666402024975,-2.3567109867750715,-2.2451071318074756,-1.720993392748505,-1.8614763241906298
-5.119654297557638,-5.711199298188398,-6.2621711723454005,-6.521794092555293,-6.414202314226252,-5.957976114678055,-6.568746710761084,-7.46875876360085,-5.924267985099255,-6.5181979311527325,-7.223288157497502,-5.039469218195657,-5.050388264735283,-4.891580616159203,-1.1554291241240484,-2.7338989340952526,-1.9326167176929618,0.44878117492130765,-0.3984036543655547,1.0406846202900102,0.1753505526075489,-3.0622775419735073,-4.855105072694862,-1.0091335981192442,-1.3167289851608934,-1.5758102887217134,-1.2531936213781238,-2.0119455652578386,-1.8537025283597657,-2.0414774525404003,-2.246703772927068,-2.448131889238063,-2.618510848110832,-2.0415414344469553
-5.779376591041137,-6.196630504143208,-6.39493432727067,-6.453091192036708,-5.928659030390657,-6.586438430116128,-6.713034583628385,-7.355497357114141,-6.359524550842799,-7.468286171817138,-3.4811487003781822,-3.6967516653587236,-4.310608184804133,-3.0794044341699975,0.5169287022139107,0.6514502919264241,-1.1012410245400015,2.9126297162194525,1.5507926500388283,-0.40346323916709687,-0.8137038847356408,-3.4082026357823128,-1.1142387134871172,-2.2848208690203062,-2.2695788188299373,-1.8238526963410013,-1.9892025987938164,-1.839375008966706,-2.29638765770511,-1.6856752580441439,-2.0058911377784168,-2.6997231882309496,-2.5329308901252148,-2.1671168546504576
-5.875049730687634,-6.271907747658806,-6.7517946707628385,-6.700791993613733,-6.175901960801303,-6.534231277526821,-7.856665823440226,-6.300463196445978,-5.139369496178547,-4.138856634971597,-1.4617844524267605,-2.662874956005709,-1.2980029907633461,2.5432645325543697,0.8946288422232384,0.5910653251198038,2.2093339102824703,2.427667896598085,0.12372932086221214,-1.902097497664197,-0.8561441342873117,-2.277614249149054,-1.5967146051008423,-1.054158103430972,-1.6945948700348916,-2.245842030811517,-1.8754742151762758,-1.5864951320962568,-2.4076619114960676,-2.2921913849403843,-2.9786139000694747,-2.568055562620541,-2.602266625484144,-2.6720485289862776
-6.471747929519375,-6.983383967719444,-6.782445278962725,-6.989555371740889,-6.541562204179078,-6.443916729360176,-7.475085536493926,-9.671413531286216,-6.579992093235217,-8.388273510257713,-4.236848105264504,-0.01153418400335803,1.719274017886884,0.47071717052003254,-0.3735361591983371,1.1073115700926044,0.5548800411738044,0.560670146472663,-1.3572899595088355,-1.2173063168986658,-1.0883923347488196,-1.7542421531459995,-1.895353850016357,-1.7540688997836005,-2.078332838375538,-1.8897247863596887,-2.2609909649384266,-2.1342554305440684,-2.249494965355398,-2.471847172124124,-2.148380233478944,-2.8058705940165254,-2.861539438030394,-5.176658005243757
-6.82323879531056,-6.974812700209111,-6.269509894552147,-6.392946933861614,-7.115389410298652,-7.1003866768123185,-6.8622773956839325,-7.5206800419694755,-6.053309849163664,-5.6854127729058845,-1.8831101871473854,1.4002281733965392,1.9299215448640399,0.7391370754015847,1.1384967941541644,1.6212585932412187,-0.025680368856992306,-0.13847613013778282,-3.1113463093365916,-1.828534179952042,-2.9478905915849523,-1.2522297449527076,-1.7036293000855733,-1.4953144968471583,-1.4041781865890477,-1.9843151167880433,-2.1867649386749575,-2.9627605226928,-2.0490384002794353,-2.5488023755978526,-3.433730559509116,-3.244542357809694,-3.781139360943772,-7.205313267281368
-6.115801621983047,-6.67995672074314,-6.347010133582217,-5.023951461775716,-6.696044858559014,-7.141359161572046,-7.786967046813327,-6.127067725450566,-5.354262832251911,-0.817058724921394,1.7716441909519898,1.0384969835331022,1.9401865177519513,-1.8687521128563949,0.17063735567043825,-0.9415477941941577,-1.2847854846440037,-1.860529626177813,-2.2164612667863617,-4.422958683826563,-6.265141586997179,-7.366671370276932,-4.445632007429048,-2.2981336656191025,-2.0962856600116195,-2.878123267611058,-2.4066754270483295,-1.7676436856038797,-2.450349186897783,-2.126588237064861,-2.50484834562008,-6.2901410969056935,-10.564397866982997,-7.714496244549167
-6.464730215948615,-5.732377006478618,-5.143945095442194,-5.802072282333919,-6.5215963787045945,-7.251642515047572,-3.9378319947232177,-1.7358945296902861,-1.5692315212838779,3.1118714590494125,-0.9343024906384365,0.37278933349724425,-1.0146204370851386,-2.133332365655466,1.6550981913915919,-1.7546773069975408,-2.3248118358343004,-4.575166787095445,-4.085492308916539,-3.322923706323531,-4.50750632211512,-1.426374357314304,-2.345025514028365,-0.8767792234034166,-1.8628266720120679,-2.3455496330662142,-1.665306520527902,-2.8643324835724107,-2.5102657677728843,-2.5600822271130528,-4.307101421335206,-12.367189433548766,-11.500926660988007,-6.165577650227997
-5.89106261460156,-5.707294576292516,-5.912707610218732,-6.39846284439138,-6.157553299612832,-6.357496506547828,-5.4183420593148774,1.253757964592697,-0.8357611051955852,1.5761383425182893,-3.22028239860626,-2.717280328010426,0.5220119189075474,-3.320390306478654,-3.771570995004966,-3.3280574920139574,0.5691394553348849,-1.9720385274722803,-6.881277604293704,-2.745106863409644,-3.598739796256202,-2.908684190776595,-2.901511195384577,-2.2741999721297907,-1.5671625611027395,-2.3895445452893114,-0.8206299337308554,-2.2022007448917975,-1.681502664222071,-2.88088018550326,-8.354613282057839,-13.210412656953382,-9.516690770360174,-5.797023796349193
-5.712110149724867,-5.986687348532266,-6.188231424982615,-6.643844227384795,-6.956915167165772,-3.0124284333175497,-2.809945288156493,-3.3577860802094297,2.6916009930178197,-3.494390506232578,-0.0856930321129067,-0.13565881534117824,-1.4190299135475053,-1.9212301353140437,-2.8938650906750785,0.9611810942427077,-2.475390364306252,-4.449741996033271,-2.6264799483293104,-4.078652545634378,-3.370576526872297,-3.1841149742483874,-2.8597738816530476,-2.643368965654417,-1.341959611656755,-1.7599687490268667,-3.2632915836964798,-2.9267316397285184,-2.168829286949476,-2.6047296465852154,-9.825326796506765,-11.684002035165891,-7.713903086209945,-6.187746034618116
-5.128339632642628,-6.4008021030292355,-3.7100121422794685,-6.150926736199434,-2.5658738772608096,-2.5131591700268414,-1.869667121054694,0.20849636511629105,-1.3065056120210505,-1.183589942519235,-1.0163325893746902,-1.4098080549527063,-4.156385081442193,0.3896211814766319,-1.3866917350825834,0.5641922772291289,-3.5426273379373887,-1.0808769056262115,-2.636478641759431,-2.362989203345594,-3.5436386913542477,-2.6797775088576152,-2.124198431596367,-1.6232771287357275,-0.6445123193579624,-1.7120420767547357,-1.939268116992083,-2.11559950578217,-0.7357517120376994,-4.662361002462182,-7.255910270530042,-9.10168983149917,-7.795673901299254,-5.9242987780742995
-3.9157816231432694,-4.7767623466548415,-5.599369355311688,-5.961924986927233,-2.5826690394368508,-5.45605123726639,-2.0160936681978163,0.6738373602672708,-4.789351627886305,-3.0869106170464633,-0.5488472208855241,0.9261153212842976,-2.8879698616431373,-1.6778433089943494,-4.647352612105587,-1.1013088693742101,-3.001908203101241,0.9418993696180221,-2.2721981975637853,-2.0762668400120314,-1.910906420363053,-2.1812613215110472,-1.8720679720261209,-1.8864773606167538,-2.422698796462409,-1.722068260799743,-1.1222275862553934,0.11028705405248111,-1.031828244794892,-1.338969182207519,-6.876787866927753,-7.496570966157622,-6.402965408566181,-6.143840299817494
-5.781177359621075,-6.071981612489678,-6.051203729021129,-6.104911588665225,-3.8139506751706196,-2.1866217646267923,-0.6820148772363146,-1.7932183490330191,0.07011456745704363,2.2760761120052435,-0.15461995520567232,-2.14234683315005,0.4912493757852189,0.2804923699948176,-2.675336779715241,-4.353723058939261,-1.2444322370678211,-1.7818137643220455,-2.3813373891288796,-2.9481517967987307,-2.8045368058953284,-0.8829224022119977,-2.3062483652931363,-2.155702715549739,-2.130902283890739,-1.4304634897213708,-0.932023622717346,-0.8188416049776724,-0.6146068927820961,-0.6126836597444336,-3.414234456171162,-4.680995056059437,-6.201918356726319,-4.852641919224469
-6.339368302126238,-6.66480511390776,-6.468237424183149,-5.937046214317642,-2.4200465911853244,-0.9316978542468413,-2.0449048525345757,0.22269974551815294,-0.227761606440633,0.23679462102692242,-0.6926349113376303,-0.12553244251924256,-3.680439803776423,-2.25857595576863,-1.0400444877734767,-1.2832602170257925,-4.404263435202824,0.15636726981823215,-2.529493423567199,-0.7946282186220115,-1.419439072974205,-1.8764037990273956,-0.6387745326467223,-1.7766832845580294,-0.04425776709632394,-0.5791655123463338,0.1795699918841776,-0.45374249021859075,-0.1103876637119181,-0.41513422692807256,-1.8551361360885326,-3.912408392617393,-4.958527177355983,-4.4192516557673125
-6.653505847689629,-6.977458184692005,-5.946160291253029,-5.764008082052304,-2.928899709197151,-0.02000547177458144,-4.576777623053959,-1.2986024924604802,-0.4040372578559369,-1.859733341440262,-2.50007976614619,-1.5445914828747969,-0.3768940778747446,-2.1785234311666213,-0.5083826639897735,0.09804695519641225,-0.5811548733833112,0.853923772160147,-0.7498218747479821,-0.16501486212574845,-1.214251126557954,-1.1687438188474708,-1.2562268458747827,-1.2310800965831006,-0.3873647955813469,0.6381063003269485,-0.11809329582718539,-0.09989231242360429,0.4656609048817956,-1.0013249841286658,-1.7455386539898428,-3.238070853618137,-5.127797717560108,-2.3222147131659687
-6.4693107152033225,-5.823932749555729,-5.619954357525294,-5.734650878935314,-1.9655997086170796,-1.3612596133420594,-2.2346786920858994,-0.610129000679328,-2.0479205359349293,-3.497672992379144,-0.5437548842570983,-5.27043042749469,-1.1241187902165228,-1.8739691920447508,-0.7871795511659496,0.638749884202348,0.4932596000277604,0.44880635578787814,-0.5703724825145146,0.08148929824895215,-1.300448915679159,-0.5061952391434522,-0.5629870830060808,-1.477387809821828,-1.1562638096428168,-0.5943907629796622,0.28271536317594625,-0.5123867079095308,0.31660482974352727,0.7180955696074892,-0.29003715254966406,-0.33897699199726744,-0.22239111933448874,1.4552969642412028
-6.415233308040724,-5.744646127591431,-5.703549113869052,-4.62858309275276,-3.619611439766139,0.8275093091054213,-4.603427507477338,-1.9658500370096161,-2.2613233425125316,-1.118908397913751,0.34935901098090605,-2.6226927937675386,-1.1836275022603022,-1.95322034660342,-2.1059502796765805,0.9823218862346186,-1.860613066321827,-1.448762213370102,-1.6195794632083684,-1.451922703094818,-1.1052330072971341,-0.5595493212377118,-1.1037370962160353,-0.4791260267228044,0.4762520031073275,-0.9016280712445238,-0.9174092249332361,0.15104071379738143,-0.3262597878011396,-0.8708831134929764,0.7169344796364386,2.116580843700177,2.6107537734467705,3.649504662314035
-6.515166415227379,-6.649732812122645,-6.301567367453087,-3.9905175266824595,-2.7739432356784106,-0.39858433540037985,0.3680000962085236,-4.40436164600981,-2.473679686692001,-1.84268812593525,-2.734358743662238,-3.644415412139583,-1.6599869547197459,-4.009523514516197,0.8778922986065567,0.08239900441468018,-1.9424944099853527,0.3715873012976616,-0.5700198304099326,-0.8240271887528601,-1.2941381807363297,-0.08143640314629393,-0.7579074217341673,-0.4307415337866687,-0.4124619790432936,-0.4165791171354336,-0.14672660326650622,-0.5089522001936758,0.09240429821484647,0.4098505289309618,0.8560876977420074,1.205379220854909,3.8099676386230783,2.843412444693605
-5.993548353710762,-6.855630924535067,-5.919501678035647,-5.830865154940422,-5.578842648074129,-0.8907057527219964,-0.7464349016555734,-1.7850850414234574,-1.9473777506406618,-2.713543402285489,-2.615895476470054,-1.3520360748005025,-1.5481688748366103,-1.6929805537501197,2.5137459431352798,-1.6618163845845044,-0.09338717793612798,-0.30964467950110575,-1.3620517272253219,-0.89710625208833,-0.5715101993307367,-0.3367680875322346,-1.3622958877744236,-0.8725444839780139,-0.4272498710460251,-0.4520643885109467,-0.5287394012492941,-0.5057626764652713,0.5578856506850832,1.31791094686821,1.9311672892416452,1.3646683579967207,3.7479023294502887,5.414517879937005
-6.349596674211372,-6.442676154476778,-6.3056489384176455,-5.873053188807883,-5.414626409266392,-1.0596537259605538,-0.20175274427544393,-0.26980351819538967,-4.962015424798283,-0.4707808781903382,-3.383863908886955,-3.379641347796198,-2.8062169315955754,-2.9935948105290073,-0.35025378661934425,2.0289122229451992,-0.6413145167304286,-0.8006266859817607,-0.776130187129585,-0.7215321008956801,-1.4603432905535214,-0.6268611517076655,-1.3137276075097457,-0.8770991163209485,-1.1532852505725004,-0.3009861794561102,0.07516667122963211,1.1519376641498542,1.7988584234285927,2.1725132219128325,1.7720062911682888,1.8457282680136289,1.7878955977717201,5.974436865109644
-6.693674098460925,-7.1510633736877685,-6.049137165833154,-5.713675641242564,-5.939985970580097,-2.3917323400893755,-2.229755222756669,0.5052448248436773,-3.292403502168488,-2.857294721414306,-1.4456403955013828,-2.7354950833029728,-3.6407891174957023,-0.9766995953890588,-1.4375925603237356,-2.914600090176084,-0.534163634326191,-0.9054737080646429,-0.6944877340142606,-1.5631261981838496,-1.5544716785079646,-0.8436823471084551,-0.6050655746494408,-0.7710503584065601,0.031895386414863496,0.5586332262808169,1.331512251860201,2.0910268392708744,1.7060784949282566,2.0743266593987126,2.0886435218498174,2.5875767531712834,4.45711848440318,6.243949118059009
-6.450548089564863,-6.2423105128275385,-6.800962334368253,-7.649196671983792,-6.978745858079153,-3.5589421573173246,-0.4883715345238535,-3.8863369281829745,-4.898755097211126,-1.4874413502492034,-0.8581955619580302,-0.742872947441458,-1.0460499733638364,-0.44029270115777586,-0.9378017237180332,-2.251552795501228,-0.6187948659320545,-0.575302452287779,-1.0119178365332144,-1.3944929390066545,-1.0396688688162623,-1.2741922158197618,-0.6495759010886138,-0.6920762124525115,-0.7619162866421625,1.15411657622019,2.2404510866125005,1.874792191363753,1.6056184103988131,2.2470028531386723,2.402036257868273,1.7046867720051762,5.566208954450964,6.966949233334063
-7.163599361710578,-7.217060834922977,-7.865301625871063,-7.480977887628046,-7.2084989806850315,-6.468891713524134,-0.15445931139985009,-5.60537560764566,-5.499205148384589,-2.941359632543745,-0.4755478963387925,-0.8216127790677974,-1.4614611429927387,-1.259200528033429,-2.657452660222566,-0.8490128429874326,-1.5547666102883284,-0.1258242295867286,-1.2947729133716133,-1.226044699183804,-2.7858247807065326,-2.492113908699132,-0.17895203889991368,0.2543598489644643,0.604573163185948,0.13672004482180564,1.5433885269295473,1.8566744915790958,1.6239200400564644,1.6292107538775287,1.7765779040549998,3.99966604157536,6.338108113591512,6.583299135679013
