script/wind250m.json
{"header": {"parameterCategory": 2, "parameterNumber": 2, "lo1": 6.000198445256149, "la1": 58.999992894266676, "dx": 0.5, "dy": 0.25, "nx": 22, "ny": 24, "refTime": "2024-04-17T05:00:00.000Z"}, "data":
[rows 0 to 23 of 24, columns 0 to 21 of 22]
-1.032954768727517,2.632242944461728,0.4620635499943019,0.18591502758379622,4.844901570517066,2.85312375327659,2.9891330318030116,-6.106264325356652,4.226596942025861,-0.7180892774146632,-4.784049892733059,-0.20291148903185655,-0.35866723839925263,-3.4759007048865884,-2.680799113634305,-3.452361945522446,0.795523395656546,1.1520304624002071,-5.984029947539884,2.7910996571606574,5.05508053308342,1.352748378478994
-3.450429457748183,1.2515337968824445,-0.9257059660171981,1.431441370456481,1.8318016851544148,0.870004183629504,5.865548224463057,0.3630247270581428,4.821403713584687,-5.774956223472564,-0.29678558817245293,2.2396600328402725,2.13535106851281,0.4018637722604244,-0.09986687680253042,0.2954289471902021,-0.38104344765750503,4.386432213708924,3.9255331762510046,1.7141240195311094,4.793559634342343,-2.8503400189807793
3.569237452295386,-0.6018635704586288,-7.84020000319794,-3.5262661164928395,-0.4671088844723862,-1.075865661652902,0.46054517743447737,-4.907332187231339,2.5095475978442305,5.715248009939988,0.5903042161739392,-0.8795725471624437,-4.235506062076069,3.1280991185148714,0.878020564569455,-3.2240620903463983,0.32505943185234265,0.4417837511966729,0.6993564801712573,-0.19195138215037225,-3.9228952347163375,1.7785885153919179
5.7066143318680504,-0.315777181086181,-6.690504235166751,-2.2869221268708286,2.250625998180261,-0.08336205134655744,-2.2325666493307845,6.1600476774679525,7.435920090769903,4.7459994291567,-4.277531901525139,-4.5563274884562786,0.9591068128734953,-2.0141909547018235,0.9607749458747714,3.440220360674239,-5.9467704601827585,4.169477989583432,0.07690738302801396,1.09962396708545,-2.429788859072838,-5.024627353151287
-2.155885969578683,4.680511543160591,1.9285813283031252,2.0310982579624532,-3.4769535176555135,-6.20343782122905,4.212696572736317,-4.145825155712146,3.040236485191629,0.7757022262575544,4.3608390447560685,-1.1385183994514416,0.6027679807524933,0.7939281936612967,-4.719927743407648,7.24076109862657,3.4478228843617003,0.3558868883614552,3.6922506965715662,-6.544290959593978,5.19148660771206,-2.46238335733966
4.367301072562222,4.44817306517086,0.5328770723206916,3.72349658275337,0.1768581259655978,0.3703955087612912,0.5007555364777283,-0.1092529555309959,-7.509714201887289,2.3185033412723586,1.2963164571179682,0.07284682581076066,1.9794484613012526,1.3581947384359385,-6.1542915656220485,3.593422720347738,2.42704314638586,2.7877472712167393,7.021073480947561,-0.7174091819468982,3.693856270087815,-3.354098571770852
-3.2838553833133037,3.9456907376821437,4.284314499687229,-0.9605533576984632,0.8324039357114813,-0.8660444697126615,1.2369426378289425,1.3373606309150468,1.3677419895902259,1.0646778140929787,-4.371271096994898,-6.47172173617395,2.537031270506191,-5.74192624328263,1.9712309293132897,-0.775388446350096,-0.45081837854974827,-1.5258528541837098,-8.477676827238007,4.123308719486697,-1.00292822964687,0.9329881528724446
-7.5938654028084605,3.7085392361597784,-5.158695724492578,1.204042219497417,-5.432492800586589,4.229314881258662,-2.7514700010364543,1.0062832693183563,-0.20994464779317878,-6.018537110969626,0.951799033335867,-0.04120447045476882,4.4862720855939315,-3.050482911444467,2.6485481514377285,0.5063261130291661,3.7140639869035996,2.408211267178277,2.417814391067558,0.4818881063166631,0.666332542209923,1.0232489482378175
-1.8052661779974224,5.1423725526682365,3.654486181644448,-1.3943314331653875,-5.743666453112623,0.5316348157246136,1.084951851229061,3.6767960713548904,-0.10514195548516872,2.737885341793078,4.55343467697064,1.6758218595440282,5.707022898277582,1.340202140840753,-6.505922619670952,2.904175810791708,3.185750113579733,6.661536226478176,-0.17018240716690672,1.8390591524088742,3.5070523357535386,5.396338665055847
-3.951539840564783,3.121064258466383,-2.1572900308384133,3.6002017617154976,0.840881907345802,-4.395883563693998,-1.3600732412919305,-3.8777707292111807,-0.7403673501030966,-0.3212826355351193,-5.923233109110508,2.658207019194721,-6.621622403868592,-1.5353838177704617,2.3285177577740397,7.526460357553581,4.117003782991626,1.0800432708669956,-1.0336694510112905,-5.968005824691469,-5.670852348271393,1.649285067443291
2.547867620780725,-5.912729726674506,-0.4688281452704097,0.7004491788068359,1.7866081289491382,0.6205681023099447,1.1612942994745423,-6.767936524357193,-0.06486062098649888,-4.748370798493268,3.485801669386066,-0.5503375904443495,-2.303562183921582,-0.30971400202446403,0.5143297552975525,-3.0253890892467554,3.161832554441064,-4.973028761229522,-3.347426477186405,0.9732438959636709,2.976762369545403,3.4872135448499773
1.2889046739563594,-1.5668139343131386,1.2307806985578411,-2.2097540853457827,-3.48878441045386,1.787040350517149,1.7468882243929285,-3.479934480454016,3.0119392994745025,5.398247775667929,-0.38668077288116154,0.7231648032450141,-7.070140592155631,-0.03475189010830673,4.372512317859609,2.5929655345407596,-1.4315329529923984,-5.872600133291068,1.376568096106768,1.6295269361802613,-1.3198202793082896,0.3332490354741054
-4.9189779699864555,-3.6893445144260433,1.174595297138882,-1.6318150398600277,-5.677714937427335,0.10674205834976666,0.8034235624710013,0.015792535439887824,5.217972265498968,3.25775106857779,-3.1656375794277456,5.167314495733088,2.5607239467636242,2.0811712795912833,2.6182332494611553,2.527997728451165,1.120652268787037,2.447738698895702,3.8068346492586316,2.796408605883464,-2.5998218544878284,-2.0545174427760378
2.0753629749748668,0.03205248261100285,1.2081592927346645,-2.679252079695443,6.518131651796064,0.9317758469963546,0.6076884022609034,0.587204221882888,-5.415352700587656,-0.02205140558367817,-1.7591136043915785,-5.158171689294664,-0.254900747404021,2.2751069143638856,3.130703203580849,-3.3063602037457214,1.380522238289752,-5.756613180392991,1.4920111410714725,5.099937083687589,-0.8380569982501315,2.229021075397419
-3.670883885018156,2.2824157530089204,1.1913199042112708,-2.1471024680707296,-5.986635494074158,-0.5145185979064821,0.9892050465082242,0.7966214299224842,-3.887627181422225,3.4866183736916745,2.7383596717700254,-0.5441971877067547,1.2763965908962414,2.7224121726260555,-5.469629863494735,-2.791206769002639,7.632526504319681,-2.701126444825238,-1.793429675805409,0.6117636118397483,-0.5895439957474761,2.1443840847100963
3.331125936893974,2.5687398704125557,2.69765791230417,0.2682509018974234,5.233474040260721,-4.706839629216232,-1.385716321889111,1.2727648885804053,-6.596640069442902,0.7034784833751638,2.9033135769564975,4.3426502250767065,-0.2496567505237775,2.760193164790215,0.07318145926476226,-0.629866074312598,-6.864973665069308,1.8965266748740188,-3.537791724746332,5.641513623176977,2.3889539348464686,-3.421819474467731
1.6460096101034434,4.270787295266325,1.5621627121811597,-0.18293496030102074,2.873606328069381,1.7293901178754858,3.6792305365476783,6.558325853481376,3.65878564650291,2.0415568944418805,-2.4052842354881414,3.0895035617979043,3.9412305000518506,2.3181172630349995,2.5890990155182103,-4.081338404243341,0.31007641084474463,-1.124784055013347,0.4844266640410907,0.8527244230593509,-3.863417504636322,0.44118169852164896
1.6985828632328435,-4.340641441865885,1.4654514878783265,4.319740888875971,-3.7716641824357087,-0.7463210360488876,2.6334108629606123,3.500854912601069,0.25335163017012596,3.5595967698208506,0.703969232042624,-0.5181364349716434,1.813146769513839,-5.175584660017396,3.4286179877488627,7.6580321080975065,3.5650762427877507,-0.3845215249828118,-2.7424067695125265,3.270406665893679,0.856307292445495,0.10077538899803413
-3.7598105808885913,1.6698507447967612,-0.1323548538674881,5.420208453501044,3.332428828273892,2.086985901202604,0.5331659779663099,-6.48418867288691,3.052810913517557,2.559874509419251,3.559973000048202,-0.9183675924799555,-5.45250188339835,2.93210145445742,4.800503983599915,7.30628389622296,2.336364984077962,-1.3592836139057927,0.7295970033051515,-5.545749136297678,1.2238135968843524,3.219461188135571
3.0351600046260696,2.6448969717366646,2.354783619818332,2.836030638063483,1.4919293743416397,4.686301087216258,-1.1767435751429327,4.939954954776587,-1.7521580869003313,1.82140981385741,-4.986967621587217,1.3449205928541843,-4.558118172652233,1.8195320421371568,-3.4679481858935155,5.757544390071377,-1.6237349335175493,2.529285800011742,-2.90782637347907,2.2629474801568583,4.27557112233945,2.5719673720285217
2.738101553258223,-1.6886916278215929,1.1416581612061505,1.486776409575201,0.11375645604779822,4.410091630950946,4.744373198636206,2.5798636384034057,-1.1249659437963835,3.2006084787964553,-4.194164351622613,-2.143730311384291,2.7984985200807446,-4.781450129120187,3.4940380656875103,-0.04436390995890129,-0.3760374116695681,-2.1870768742170252,1.500298874554079,-5.1083939539788865,2.256096395085545,-0.29728239668297884
4.655475900365298,-2.856878694415039,4.14026594576764,2.484209793045677,1.1999109213005836,-2.390986745050761,-0.11819829101236237,-3.6633443099712397,-3.9337999574021603,0.23526163910157377,0.6051805583756308,1.8713814486910554,-3.5579498142125536,-5.637122218264088,2.7451750570974127,0.6893035727759,0.3650746365844039,0.5222142700782785,1.241463858121408,3.474030009210947,0.7464222593047724,2.0684982181404963
3.1959974767671753,-4.68489153694681,-2.7793381237050543,-4.725174256646963,1.7647149772777788,4.039770148243798,-1.7848903753488738,-0.5221901975927992,-3.8114419528768115,1.216490716292317,-0.8360546537623994,2.968446673174549,5.116502777465313,0.124476406532876,2.3293279944911056,5.190649839986558,0.96272681055725,-4.512469378619888,2.975144977128779,2.013789275998111,-4.057954256916392,3.571897847525178
3.2706535099361576,4.284784548004451,0.09290591907428608,-0.3579145029606714,2.674851463870493,2.214591253826075,0.07956329595681265,3.1333994716632216,-0.4502024219290792,-3.1127135406141693,-3.970631748207467,-1.3272234038901787,-6.454807998933749,-0.11482724330088952,-5.196600876499583,-0.2244497343362515,-4.327170136447244,-4.023876259238295,1.2301674597642989,0.6479484578722209,-0.9458137865623483,-0.8929343598425743
