script/wind100m.json
{"header": {"parameterCategory": 2, "parameterNumber": 3, "lo1": 6.000198445256149, "la1": 58.999992894266676, "dx": 0.5, "dy": 0.25, "nx": 22, "ny": 24, "refTime": "2024-03-18T03:00:00.000Z"}, "data":
[rows 0 to 23 of 24, columns 0 to 21 of 22]
2.1222005966679505,-2.6624166095087807,5.202418974730794,10.366691824803375,10.958733591144027,3.4154957859630377,9.87285651559032,0.52981708424644,4.337374897914352,1.0708977098284,1.358307415013811,-4.906354825356686,-6.060186949745118,-8.149563689210892,-5.318271829126874,-4.739726869708678,-5.262657081505301,-8.882625742208326,4.301790005511338,-4.297063151300144,2.8404797163302904,6.127650485494627
9.252710618283682,6.824341003945736,-5.692206510000033,6.04979221407166,7.009175669288756,10.351587640006013,10.721368758523942,5.647104191887655,11.13928161737063,10.350888648852061,4.757581221833732,6.442054244371544,1.9466460912705885,8.58465510754228,4.120706104987554,7.95259379077094,5.040673139533837,-3.2366313671152747,4.649196501825103,-4.191180467479706,7.490123317450257,3.9304719901777125
-6.001136079566432,1.235867186739999,13.139056236969523,4.7982213044959945,4.298234772275191,6.234797916320834,0.18924739526234388,1.3033344866447394,-4.690404322008842,5.454959560758009,1.470147150255514,2.62915169251403,-3.3591331804934277,-1.9819325790906697,0.9904721650577647,-0.9483562399285409,5.2111698890023215,1.8100889362644077,-8.406659503911193,-8.663289342607856,5.311404763219261,-5.31361011484821
3.9138738892012266,4.3921327447374745,7.119736534074226,-4.364293607911414,0.16151318307932214,7.335631417284887,6.35888259116954,6.6531069570124926,6.977051601215977,8.181030295980312,8.425195022311181,6.061628718481491,13.191242385712291,6.115170417776582,5.726944415582404,-3.3330315282002907,6.019658030264138,0.7948196361147559,4.864141389487245,3.911643837906257,-3.2450315790377724,6.443008160920571
0.9460921404312783,2.2084480925879264,-5.161677213090057,0.3585216132652194,12.935466465977465,6.9402604014809395,-4.7321260891468615,-3.825673252973631,5.1791884923793505,1.4278749439571545,6.326229538287905,-8.0944350300388,7.023512880296528,2.1068285517872343,-8.152514502464602,12.840437226383996,4.803641779811699,6.080219224370847,2.385417883714864,1.0545582972769285,9.447650128150247,5.566091835114424
1.617030295758201,5.364489573194925,12.377860885708373,7.438075933140228,6.653247174657812,6.767554560845763,-3.148018177008049,2.430135278910584,-3.9382926226504105,7.295641216055676,4.5439854971956875,-1.5564767410935945,4.9269253075850505,4.767271795464893,-1.8854918097876525,6.477594099479253,2.05485435970183,-6.034346402197359,5.564141135269057,7.208761333061707,6.4918892718127115,5.234828521123205
-0.8478791939480661,1.1434515131112415,4.208659413228129,11.637212848572524,7.064981594485427,-0.2418492656416502,5.314197084692014,6.414938059146538,5.837784232868121,-4.7062635170746985,2.8243475087585432,2.2743298631638336,-0.22141787618400982,6.530129187550983,5.827488965604596,6.1141505323393615,-5.801508083694563,6.0462871544096375,12.960653463455671,-0.6986457579733413,6.0381557666411805,5.287846182805591
4.193919349389631,0.9751617478026122,5.477955836922298,5.547253714651578,6.0199351379474555,-4.908769214201247,13.050013235618325,-4.2984875332040895,5.789228726649583,-4.065930117227018,4.0427150521333175,6.359041164285974,6.1014672882489185,-8.580302159153113,-2.3071139634175912,0.7951992093989382,5.357035421207524,5.401785538707304,13.183967185934641,0.9254816941748163,12.676828048104012,-4.562237713615405
4.169188384011537,-1.8074664248676067,-8.395345650328853,8.971510838181153,0.006083587719397439,6.506359267181945,-5.034596258425955,-6.4897717721721815,4.983902747912772,0.6149684891542695,6.22668384402223,-5.701851849398904,6.115573355143522,6.270832271171266,-5.36212346637317,-2.457406523342444,4.299118770249091,3.335859017465743,-2.2279068424974,6.747536163342157,3.380395049669978,5.044407901532932
-5.526539280497102,12.049240866301176,13.674286630575127,1.9044720349893602,5.110694925303897,-8.090930564908334,-3.711872590576176,6.85273286941888,4.404480864962871,10.12753414065753,5.266478602825873,5.007663334040245,0.5631293837441346,6.2505964923927815,12.745876263417493,13.18798470926311,7.541973326768723,-3.8841188956576542,3.889015969074413,-6.370716589800075,6.9813454733816585,6.008320056510124
7.974059600973133,6.743244758517192,5.292940501905053,-8.515420424639187,-4.547277927200075,4.788392622622267,12.60507087410396,4.445437847498933,5.0983145276987045,7.727758106392733,-4.626456159735,-1.104460162752325,-1.1035676894626527,5.576585889248905,-4.59343946196477,6.682668377450879,10.838517696758519,5.188958651364004,5.582317864082334,-4.222644409436388,-6.401248677519912,2.4392716034619597
-1.2161080899438992,3.647697398234305,7.0762414682561445,7.177538342082251,12.668187838790088,6.618389627675,4.639238188898373,7.793932961701654,4.789762224183688,-8.217127862451186,-6.688026685511902,-4.449386626954781,5.358616506018778,3.205398858404589,-1.392514033176683,-0.2524007100967292,2.7465700569305596,6.7705640497273,6.200715055592365,1.5111443577267563,2.076805379322317,7.638120460211952
3.1438383655034765,13.454539915104915,7.865299877018602,3.863955681651338,8.032498182169794,-8.782322908463872,-6.9951310811960505,0.9318587047544395,-8.68776984044966,-2.5347274840394927,6.006183904233713,5.066322076328088,6.639908621081666,4.84910533625952,0.582494222260672,6.0331410595288535,-7.65693180438964,-6.483082480924853,6.084697596420249,5.672462252595819,13.59188069711138,-2.082267630822855
1.2383797513062056,-9.466512569305838,-8.316213419372053,3.486298410016816,0.829727196114227,7.226995189536462,10.97081580582032,4.519251498376727,1.4192947855147573,-5.783797206992695,0.3494764652089236,4.780931247090559,8.729051736562097,4.995759794231983,1.41549020816047,12.532608104648054,-8.712386632879904,-5.685542292356624,4.657366859336184,-3.538463388764048,9.166094075550777,5.227179487962763
0.13611531256822615,-5.064076260158946,10.821422925961532,4.903714356741072,-6.112214458652135,5.222862265379009,-0.6191818172646919,4.660914893393811,12.141097228911313,6.897802009142101,-6.252080822495476,-8.185871765804423,2.408958751101347,7.267956603614906,1.1968747714051033,6.810877198317369,3.021602393753001,1.1249087148238295,-1.6391017762370061,-8.087482963853468,-0.9882598004676659,8.423378924041135
-0.9312255836503347,12.212471242564476,7.116736404776903,0.39286197724264765,7.761384166139673,6.544325213479427,-4.80846714220073,-4.5394195678041935,0.43615113949957296,4.876703157136931,12.530526722354342,5.648451501638973,0.8590924081408599,-8.849109574872598,0.3183316471854357,12.691556181193606,5.234278221799891,2.956266441931192,10.735428303428629,0.8401403179961303,7.51416129269197,6.543420386209637
0.3411268482604268,7.605718676039026,7.695462127722002,-8.99338693969539,5.976416813816394,5.150649825199907,6.182836302797169,7.072824468389413,11.03421674233232,6.086124258265308,-3.5775835522614585,4.944254050336133,8.919369244790314,13.67321186085794,2.6757960435427623,-3.0287702156412863,7.957105090458819,5.3282088550616145,7.711949982455645,-2.044204181734159,-3.6027918030480364,6.677568394717459
-0.3641249976579472,6.694000534435916,4.677289845228777,13.439701831251092,5.190306263716807,3.3142059651783775,4.4865969061226725,0.18645200069257264,-3.995324752139095,-0.43762782378509696,4.194501995228755,4.7837547398963185,6.003963039929673,5.632198051192239,4.484708091446081,6.106529541679564,-3.7112487628172603,-4.923594239152594,5.161382556907014,4.3495849735191685,6.502398095224561,-2.7262414396452255
6.9495288102367985,10.565249839606665,2.7478297413194266,5.046421454525372,0.861712954303548,6.56725483074994,3.868283359895785,9.752805851913154,-8.181926255031714,5.958582216032052,2.5966924587167863,9.16466602949421,-3.4061804469303025,-0.8473291540848287,4.918046119355656,-7.420325500307245,1.160529081991291,7.588014652957629,-5.4894312578446955,13.49043860765079,5.687419190776716,5.664070066419113
3.4122826891790923,5.630356355930153,3.2689593767185796,8.067159867767824,2.067906373609309,-1.3960081187113973,5.877529851804169,5.576524277845226,5.582597685603744,8.484730574317236,9.430681230515713,5.706405229693679,-5.336829165920615,1.274438169356983,0.547996643608739,-4.139126411307179,5.592690339188508,-3.665930205876682,12.505538793187256,5.726515639302588,8.792827715020186,0.20829717616278767
1.6079794386980122,-5.293611025243041,4.2270429612831375,5.211475068766181,0.63726330870363,-1.7808929371036482,1.4288373057257686,1.1745020218899958,6.489307381815483,-2.681609809958631,2.3883382694608573,-4.869094667324821,4.630335459271793,3.9369136626683625,7.846562682096046,-8.432678153862874,-8.879086946545268,4.314402980042021,6.205105914740417,-2.1491512591356425,11.279917124950824,6.548123891758321
-3.3600647958377645,5.987464786473543,5.495219207650582,-4.939939102750791,5.979514054552399,1.1251208807526054,6.4398045318936505,7.943765712245763,1.060412204365472,-6.8604404944540915,6.447315175286014,1.8186787588803552,4.926933735308163,5.409925619519151,-8.207604058394784,5.326718920820059,4.22438180910249,-7.041274673911895,5.817751360223816,-0.5772166371379759,0.505857064123859,11.993594019512852
2.4646618478986366,-5.16365660722668,-6.726688248051849,4.7724557618775725,-4.3324985047717846,-4.498021554353772,3.8242904215748226,0.9480837056917925,8.1035885743997,-4.974952971898335,5.812562636774637,4.214220873289623,-2.547090175496708,6.2527497159282035,2.984333596782081,9.93961697174075,12.13843660697722,5.417487527567441,-3.84641417048156,4.157161861307133,-6.945592064788977,-3.349476802588947
6.221381642713034,5.942820767798062,4.215089437495321,6.8440663558063015,-6.082499770085051,-8.099293984513256,2.9816707021619155,-5.796476995509143,0.5533604825600424,6.059422310685949,-1.3162175721337874,0.9889153056106115,0.25388099033910666,-8.365935436055555,5.72874592429158,-0.08161890709518088,9.123666557187391,-2.0382602560680154,12.357054505951087,8.931259325927007,4.548033028066894,5.717983245976078
