script/wind10m.json
{"header": {"parameterCategory": 2, "parameterNumber": 2, "lo1": 6.000027932988019, "la1": 58.9999434238085, "dx": 0.5, "dy": 0.25, "nx": 22, "ny": 24, "refTime": "2024-08-26T03:00:00.000Z"}, "data":
[rows 0 to 23 of 24, columns 0 to 21 of 22]
2.8627481229884144,6.3651334276563745,4.999281872178856,-0.9493703430559025,-0.0513816445198078,-0.8515320439455425,-0.5376372090844699,0.8664998045136215,0.3094964188975001,1.6681098800760172,1.4997286504041512,0.9102163920506562,-0.09585160158149775,0.20907867071310912,2.433074539149306,4.310824776341979,0.1357479918367504,1.0066695971646848,0.8048164202675357,-0.04359747814542896,0.830622418946658,0.7637475751422095
5.080495472632648,3.4317211146577766,2.2619033757251334,0.7868029023366171,1.9364375176755861,-0.28440367195828664,0.31352935172101026,4.698118794337138,1.0348554995523662,1.1724280428131366,2.746531238174712,0.343252199287601,0.1403150185357931,0.4951390290415717,0.5035116807731345,0.591809644287457,-0.40833921380942706,0.3486623583986606,2.0790564413013173,0.3930492578563618,0.3215844370831877,0.5395453175533084
3.5133067511362537,2.5520998421310663,2.2239109310547875,2.5090153267821385,1.486969976555249,0.5355380651321227,5.5958104708090115,3.683403174019262,1.4752878741900524,1.1143822861013828,2.9278030728993243,0.9678932466226408,-0.0299947334793205,0.16902833197537748,-0.5771703509792264,-0.1441152036700425,-0.15374925407662918,3.1093096566644207,0.491751018221688,0.7889901153639386,0.4344701071309194,0.7874203697719221
7.3824944206468945,4.373820447988472,3.3133155319524077,2.7052107789251165,3.353375898334171,5.5916381024661,6.362041931138953,3.8268133151096215,2.898251453197893,2.16950420136157,3.3447435529588114,1.8955098039111296,0.44362609009507714,-0.16011870767601424,-0.2611260162625175,0.010603738175971888,0.15196248845872995,3.858508079948763,0.711891442413321,0.4426474071236931,0.4061152634484914,0.755928870317027
11.20034324424823,7.685780482048418,5.124844880843232,6.43742984937302,6.736356040986502,5.657386481600827,6.819944080862053,3.9157198138166813,3.233070141629074,1.7120734156219877,3.9259062548656654,2.920290407602275,0.62929441904061,-0.08593590498298607,0.0661560618788452,0.739211208401495,0.4620861162466804,0.40974129730584585,0.6090794701632796,0.41273105581263525,1.1892009609740952,0.1324147884861296
8.464212294825911,8.78245127411399,7.652242196112155,8.173253164692339,7.395312815578894,6.983102022427638,3.526165133210709,4.028982446987502,2.6725510658823897,2.431093386663685,4.34318405470842,3.685680083336766,1.6907177150070463,-0.4076090534390201,0.11880902811545638,0.1690270686375727,0.30423200989292154,0.8054547418571462,0.3916560511143711,0.8561593433615625,1.0386530509919105,0.49480168432884203
10.56902428606339,5.738163375254603,7.677689497042222,7.232950506396302,6.523594974435691,7.755415047313011,2.793109730572191,2.308822920375077,0.4101045730331858,2.1555952766714506,3.3790275523996978,4.09085541836387,1.374033486411422,-0.5655102233102082,-0.17771016541716575,-0.2141971077311014,0.279275477895413,0.5454630102219121,0.8669542542240911,0.6205816426797812,0.7674779750875516,0.9857012307533445
10.983995155380349,9.200498894173743,7.639620631910447,9.002193063065018,7.032016041041492,6.953035507363378,0.6778133098085949,-0.21160010710793764,-0.4176304797158939,2.4692059318986352,1.887671302163498,3.978127722434315,4.019253893562271,0.3250956350408105,-0.5432295766843744,0.14201456365903184,-0.016100566936752166,0.3056181067068233,0.7102079512962532,1.0159362336091586,0.7359849506442485,2.722812839336513
10.353807690991603,9.790367669054646,8.583817277622032,9.003838128694401,8.25657578366533,0.5689021656936524,0.7132212858850772,1.738395410133747,0.42849999555566404,3.811115959928345,3.116208556598393,4.204962911855116,4.634886749998845,1.46651584575963,-0.8150940849022595,0.1783592323053286,0.021296575537165116,0.030607776380680744,0.33707904995536697,0.821251111528633,0.6211850385749809,3.298372830021752
8.779179746727234,9.328805626656461,9.276238414089136,9.077845891356503,8.087731808273297,0.15964276277479286,0.25437731132482827,0.162206972748313,0.6159504454324207,2.549610145940943,3.2712730622565855,3.9258501717046195,3.7843519027217356,3.520538642241656,-0.792404117125351,0.3813695835261229,0.14669508144187612,0.422495761127997,0.17948152203672693,0.07472809527037341,0.6117451750760504,3.7007572500228463
8.352910727686242,9.490583977454184,9.788363786265815,8.665855664571138,7.888389567757619,0.21198715281490235,0.3178091601783094,0.4139691630162362,0.2119981038249421,0.6860130518446754,4.4177847381777005,4.8841708223320905,4.617844079697521,3.3648925569822405,-0.7861811338102924,-0.5082081391615746,-0.26795915023306255,0.33985065855143476,0.038734973836334105,0.21098480261179506,0.6908922905708051,1.4329162445780226
8.779234312325961,9.66317602288603,9.748477192951654,9.699939902042047,8.338320402678566,0.5614362720840411,-0.8632383933578847,0.03839381061983141,0.6745097959290905,1.6076889824015288,4.403442632083141,3.213636745277597,0.4041275309410028,2.2527233773964466,-0.8619869224385522,-0.0927709419810362,-1.0798993201564964,0.5591858722165036,-0.29436309105653735,0.5621141555625435,0.6428858812589453,1.7021842572985408
9.15115937211077,9.816539522372675,9.290150563730801,9.589194202775113,6.692605020450405,0.800870516590834,0.21947399886331634,1.089303300743158,0.5217563384092706,2.8292013215503724,4.328407026381583,0.17710749356986255,-0.03704909601456491,0.5173195791730597,-1.0380312144696664,-0.30992001078292836,0.7880944685448326,3.0928840944854543,2.1480503846859955,3.773683387661942,3.498496613132457,3.877019848803218
9.079702514757523,9.844876926330661,8.481852360370063,8.5041977353447,9.06676583661987,0.07405659064603748,-0.1318399954908951,1.2929996810936317,2.6448232338946913,2.336962908400191,2.6306681566336763,-0.06380685084732715,-0.0060303091296341794,1.2941367977008393,-0.18947178572530565,-1.7346806668436157,0.9456123027419238,3.4194203466731614,4.920868491804728,3.5904865150226137,3.861343853798379,4.478892615224974
8.886667281660415,9.616490210556202,6.497690076447679,6.542239519712544,8.639911789926515,2.442980230100391,-0.3640662851964514,0.9873787509010419,1.2458863756803442,1.1997406038564384,3.481410856972639,-0.07207094246653328,-0.4194114274603395,1.9929815570919098,0.4830609706424116,-0.27824482746257606,-0.1398247151115309,3.369374082492243,3.27396996150832,3.6022598679237907,3.8373395697574155,4.7749053391096545
9.822114237309142,8.77248511159766,9.005759954429957,9.568356369839668,6.8027748947993345,6.471527376732391,-0.15634311145014038,1.0329622149055329,1.5236227081605862,1.7655341582481274,2.360888139987203,1.2856841429565837,-0.06004209784550293,1.0293673924002122,2.130468837396574,2.2902413846456744,2.4278475923796403,2.759804980730332,1.8500418429990295,3.5544431889239307,4.361931082222212,4.180537811248117
8.969023880336985,7.305763309632543,7.896188760736678,7.268696661412455,8.16477348756168,5.32561377700995,-0.7058099371745751,1.0470556864690126,2.5303373172906873,4.056307681391464,5.492227554568123,1.5634523327072072,0.5109396158888725,1.6677830580321895,2.677858633583474,1.221641446765155,2.225922865143501,2.270581125981107,1.424681133871196,3.4934062795898977,4.370652434086675,4.229968734056491
9.05041978649911,6.944500621849178,11.010013849070205,6.9070699829456395,7.6658876629163215,4.493937509968605,-0.3726377275237178,1.300711501123345,2.7767494151209005,4.5141013211841825,4.669317282856929,1.4246569819661157,1.6926205642668282,1.0558554884832416,2.968047817135268,1.8482488934277144,2.9910550428498714,1.7984257880246295,1.4406006985136095,1.9350838963765495,3.4185929302523714,3.212468503788296
9.81573162361675,8.739270358643985,7.795208830997565,6.336438778482278,6.4919893520712,6.418436240798529,1.9793722879692213,0.5898444937620188,1.9884105795931608,3.4036498122791383,1.6595866400984547,4.507705878293387,3.5185048271790724,1.1794302580720777,1.8707926422187253,0.1526079559403626,2.7192970754713235,2.4110790751643667,0.6357415274118055,0.7804078445503293,1.057292145768554,0.016247105992680057
8.966192710334898,8.380590036860657,6.827270695417573,5.807283943584509,6.1220444644481375,6.349438552471817,0.15078279706074485,-0.3371206245398796,0.9953750939348367,0.50566804859976,0.7712286256323625,3.2252827181571915,1.6864645881271765,-0.2694596831972958,0.0541193276240957,3.1790708208276026,3.0281300372077298,2.456157644238869,-0.275089988784663,0.1550951249852154,-0.7527389378155924,0.12572488983560748
9.337499626942076,7.4320293327368905,5.345799267386445,4.53698144721765,4.689987933296114,5.781264268266068,0.6014302671957412,0.5597385742331965,0.36816012566803175,0.03466089272567888,-0.1941407531186518,-0.34822318971316885,0.16987969330000666,0.5876747963416881,-1.1393684310614818,-0.6585074176388424,0.4221447927144824,-0.5303248054707627,-0.6214511675557772,-0.39635277700744154,-0.9969581154202446,-0.7918261046469841
4.533738660905827,4.906983323169167,5.091849403532837,1.8972526437832251,1.5167411604243999,2.7347285340871097,0.3034784397003803,0.860032729483822,1.2426771579433842,0.3411510115251814,0.02500124949038565,-0.4512550076495656,0.9028416246159809,1.2304590009984249,-0.3560943253374403,-1.052262587759944,0.4779301612132862,-1.6941175462880125,-0.7594955549733388,-1.0334433667667429,-0.5420539936184878,-1.0152595629010486
1.9747851250873005,2.7042690362686663,4.608476534848597,1.0400051939445354,0.3427115545068415,0.9047833051446575,0.23745948926106294,0.6246317832760961,-0.693705926431292,-0.27891074530557775,-0.3213822337636806,-0.12369368482669058,0.1568602779641156,0.6496465799902144,0.40018968944119004,-0.949317876166594,-1.4153155159539417,-0.9614915826100816,-1.8837397444576691,-1.1189870962008097,-1.1253240647055043,-1.2088578729015662
0.7670772078804281,1.6333187578507251,1.2990062560401645,0.7010613115461145,0.685292453349682,1.3450819138431378,-0.1850068777944612,-0.0010678450194876526,-0.3129360019951963,0.23019412539716597,-0.14389921698906885,-0.09488959111873527,-0.7831762552257294,0.1928136457064694,-0.2702924456425556,-1.2686310482291518,-0.34357757108535125,-2.182026574358247,-1.8142250222699408,-1.3716339197413783,-1.1481157598146599,-1.4851456402609107
