script/wind10m.json
{"header": {"parameterCategory": 2, "parameterNumber": 2, "lo1": 6.000027932988019, "la1": 58.9999434238085, "dx": 0.5, "dy": 0.25, "nx": 22, "ny": 24, "refTime": "2024-07-04T11:00:00.000Z"}, "data":
[rows 0 to 23 of 24, columns 0 to 21 of 22]
3.921525559025047,0.18721657060940175,2.064398997587626,0.013200654381322634,0.4770984968867924,-1.2139807309013926,-0.2402391517525865,0.9865675310836189,-2.0790742275414784,-2.222585884954472,-2.0931003920724773,-0.9624859908996479,-1.5954124943285644,-0.893665992236398,-3.17629324405387,-3.3759772972057203,-2.1120926012903634,-1.1461428744471946,-0.6726803491063081,-0.4624920619575951,-0.2699869373355145,0.880837012738734
4.3768432522984595,0.3677566456119322,0.39592967778546795,-0.4767496904006896,0.8743220410483976,0.5282359474279104,-0.11532520694475924,3.4903760731395526,-0.5319906935817624,-2.771322962980633,-1.9172586528718347,-0.9865805720511368,-0.7637309876809689,-0.12798313770527944,0.09693304629970098,-1.7209389589763746,-1.152079643071435,-1.5349693290946265,-0.9196157725586566,-0.7279967815128671,-0.324904028963966,0.5366015487456566
4.576487982231131,1.0961755242552975,1.6958121809259594,-0.5931490901492873,1.1927250787059502,-0.46197400807402905,1.7355782698270419,5.997086529433627,0.7645648028650617,-0.846954860826972,-4.261831003354426,-1.6285071043614172,-1.1015065985112462,1.6529414883169136,-1.0871928154793917,-0.7855447505463049,-1.639694904022618,-0.9598103997302593,-1.051913081969209,-0.16463407168292277,-1.0470437136240927,1.1106300156728954
13.037696333151919,1.0648695613166843,-0.3008522106429977,1.1810752647419107,1.0723911839193638,5.4845754799628,5.955562438968768,2.3049126708207,1.7929563446674008,4.994826128540085,-1.7522390130220182,-3.2339189301400273,-1.8865117298921017,-0.22286987993919016,-0.2863008418475034,-0.5838890181094085,-1.1005266538733744,-0.3363469670215414,-0.6490799056706519,-0.4311191335075254,-0.6437319926690593,1.0358931788998385
11.484381636639922,14.512547735866853,2.1694057259270694,2.3814897018575922,5.463519533182232,5.462500949142485,6.0438430335763815,7.664582148772505,2.498256470912913,5.2352188854337705,6.2473888104862665,-3.0593732000157527,-1.5512112795106148,-0.7275643274362882,-0.5309984336563449,0.13462219639612588,-0.8728484378330141,-1.039805202029508,-0.5116866239493694,-0.5208448759855265,-0.20623461675727817,0.6011534203594293
12.802485037356005,14.637887640797645,13.842237900537652,9.776660423407124,11.855728326005455,8.411415826867964,6.944645565389726,7.848937512787132,1.4578569229726137,3.1695271959556752,6.076156777029232,3.7813128746752858,-3.2288293634564487,-0.9794209435110945,0.15384014822929343,-0.6299465211720913,-1.2477778183040298,-0.6968615803536731,-0.37081282198733095,-0.9943379610675561,0.1505315423803814,-0.5982031095650754
12.645602809626759,11.40145280526597,13.8072229215466,12.831771965559525,11.328646317308564,9.280820853042469,7.109861069248067,7.988918398185617,1.3253251064256628,2.494593361057832,5.950436084611143,3.474105733373355,0.5793586822867545,-0.6350069376682657,0.46651270390445826,-1.1127282637614808,-1.257009401871282,-0.5936796069677015,-0.6945140807515661,-0.19887130306493145,-0.3625400930501389,0.41668495222799284
12.100252098576952,12.932817475524168,11.867327116190578,13.070326373981016,13.23739719565591,10.984674068687927,9.763264135909814,8.787539398987375,3.76006288453863,1.8739889317537934,3.2406003792273177,3.3985146937248265,0.018873056388586346,-0.7591349016593947,0.004479463652524847,0.23849629331887304,-1.0691008751563038,-0.6174837297818693,0.08311714175011051,0.13291628793289584,-0.5305479361451146,-1.4300188187795648
10.818427318391842,13.386274782001658,10.687937142398583,12.517059810668854,12.610762419055888,5.012937653977002,9.226902025266343,6.765824859477146,3.2422218688980546,2.777434281814806,5.225940805704864,3.028624527791785,-3.855275703778072,-0.9304789159808168,-0.32640749702538546,0.2698943044010445,-0.3461268057659507,-0.11092525578880937,-0.17173926910916057,-0.2604333718872408,0.5539149017223826,0.9917080897598497
12.618670517206494,10.307905496322036,12.603253070630386,12.51292674645386,11.836213305023984,8.99835567370813,6.860948457830023,6.348450045445395,3.9997531033636684,2.024168787413548,4.705421459902873,2.966585943565388,6.334788452938006,-0.1365976548199163,-1.7253435602219358,-0.5378763428462963,-0.09769753285706029,-0.0658639231170859,0.14598379975822776,-0.16141836612249358,-0.11158761654382121,1.7628632311167491
13.255963891757418,10.764934027107632,11.251279342542924,12.340027075718849,11.190174777224208,7.318457010014413,5.286767401533805,5.906646911026677,5.03171406473059,4.925328879221136,4.222895757670867,6.4820482198297364,4.552413748278188,0.5573119531168486,-1.7667350023064403,-1.1100930189761375,0.052770772361640614,0.6181224650917286,0.3146118092833683,0.7615103450225924,-0.34076945455687613,0.5257421545991771
12.651457234883052,13.411998089328005,11.367658950140044,11.179234463730943,10.95978514334782,6.513533089546384,5.66948065009666,5.998762599446967,3.9369805375101747,3.4527813522550117,5.176552417232592,4.277979827976522,4.358502647743599,0.7555754242043146,-0.9369506145217804,-1.1363283577467018,-0.7449397624474751,-0.1621747260784033,0.7583840230199554,0.7406477501208665,1.1964062506718998,3.431001262104685
12.715228959630533,13.058345329205162,12.227341158955348,13.123068782630638,12.627657295351154,6.375833905634994,5.370484593436349,4.240471993386066,4.6774269406953275,8.654451480798977,9.01882915904807,10.063640173369894,1.2095061191214418,0.7174594488567013,-0.6998100135073885,-0.3822421467026808,0.04403780307372462,1.8837706510494068,3.24058012313709,1.4357459395125796,2.331979661337591,2.4073947582947577
12.658884683794575,12.797439594256655,12.4421620030294,13.829532424553246,13.767063443234091,4.528211668465692,6.655600083194461,5.375707877424825,5.179136609517355,10.100730415216768,6.708136328188594,3.2835891682458507,-0.15618591835028467,1.2747653479129237,-0.05616010326098145,0.6681705751692804,1.1687552330998556,2.4824795433617926,3.7611336403252,1.6566507734769862,2.6977251088666026,2.9287327118204862
13.255413346120248,12.921470148937583,13.288312380068314,12.56278908960767,12.085445430389994,7.9356594482921174,7.391341807172802,7.004888522639778,5.605447761256473,5.516986034297131,8.917211364937664,4.262511512135935,3.610861882202652,3.825285896090715,1.5307956465825407,0.772874953854321,0.9224518165480583,2.781849380253866,2.699848035849901,2.3780781960509967,3.0462849911467083,2.847348505080997
13.51601985617359,13.302188118483695,13.27195361578759,12.332367162324829,12.504757046279344,11.517027982165699,6.336589735695893,7.337422996344103,7.107308920908002,6.850922356809443,7.585640283221853,4.638292223026269,3.3746263743488103,6.15516364593518,5.057695386543692,1.8897310263059999,1.6698235667911427,2.254770043752739,2.6311829333067487,2.6866945086437592,2.995007900079497,3.140270870513877
12.958609604796928,12.783631694639139,12.991635742990974,12.37189403810702,12.474692744746735,11.702742218845568,7.835511781610986,6.922105724429224,8.823173729840079,9.190302073313962,7.890001385186918,6.598160762850938,4.813976618969342,4.593424984636919,5.775815147322033,2.4898114687249664,3.0094959087227364,2.9103827775016495,2.3917187224851344,1.9683940329818403,2.66918780779916,2.8694877705714186
12.532954995221555,12.290672140158106,12.315193081430577,12.409124668693696,12.14879157871271,9.901132986492337,5.7206581331040125,7.630351680301035,9.55432082606657,11.445438831417688,8.946921999650801,4.367454442554703,5.657292654950753,6.84005921031142,4.5603732688729455,3.4774198031843238,4.109465280932828,3.076992672193312,3.072989192570725,1.0855822036284313,1.7602040776289032,2.441881127275694
12.179245154115971,11.876313683847291,12.039877984125265,12.19532878452397,12.468520200008086,11.655696514689566,7.914399345201299,6.927396995759086,10.327827014692504,10.829472569154374,7.39342187857759,9.023983133037625,9.952548347015748,4.62575280522854,2.496118840203214,1.7777788628650615,4.603842578248112,3.0436154044008905,2.724220917543194,1.5074039803589336,1.2865107436566448,0.9982958576111375
11.78787290501849,11.73059446539969,11.814058522393944,12.10647992764854,12.397346055055777,12.240356312262671,8.151678638432344,7.5288093102356815,6.406487019574332,5.820577881953246,3.8044947846656787,8.477040365154092,6.516453969661353,2.293114722143896,1.6627005826838208,5.12306766972098,4.036195693908987,2.6286527557433432,2.2662416690792413,1.9425519855793787,1.1887353568439842,0.6078788534233345
11.521921829531717,11.68592102154037,11.703032898280902,12.07874092279561,12.171961875027744,12.408778394956672,7.986937862485045,7.24473041599583,5.863607594395474,5.931210059027824,5.752880515942166,4.07926819363818,2.8594450382236154,2.318184296963963,1.3796255002310416,2.449673891245641,2.7666720763158743,2.1798395536533115,0.5318427210792573,1.3991958125345179,0.7394872522063012,0.39246300999449735
11.076676214071066,11.267975464277574,11.529155959891478,10.973799626447297,11.59834937316444,12.150849529671545,7.363896655437245,6.563068593102401,6.259210816560706,6.526036565457014,4.52403607469955,4.348813561003444,3.1933305231097,2.3329391942188042,1.4352162379987485,1.905344829463267,2.2243315879495578,2.8115857803672255,0.48379734194340346,0.9301405313987778,1.1070054107207756,0.4403237797873793
10.747648357675804,10.77835598125755,11.473302847807378,6.036443748219825,6.994725373422147,7.116635179710712,4.417973494776221,4.426909904815639,6.652594632141676,4.108038682785286,4.661389484561027,2.8642792797520964,3.183711316348184,2.1766272409031746,1.8880499012869134,2.676070548061886,3.1012472379051963,1.827340898494832,1.0300798695232003,0.896056151246355,0.7238265538054004,0.6243742982660226
6.189681160405893,6.211192423912742,6.174791569393709,5.724161968284002,5.191114578176485,6.0780000829849135,5.635253539495046,5.942424983030688,4.752224545737212,3.7749868296816045,3.3471860127882183,2.5211382273711145,3.1389434698837384,1.1945988358737931,1.5235560959184369,2.2661680795045966,3.663021293106631,2.5636601318135237,1.1262066955689225,1.536087461702585,0.8521878144026693,1.1547836335779147
