script/wind10m.json
{"header": {"parameterCategory": 2, "parameterNumber": 2, "lo1": 3.000054539987559, "la1": 64.9999836372058, "dx": 0.5, "dy": 0.25, "nx": 34, "ny": 52, "refTime": "2025-11-18T09:00:00.000Z"}, "data":
[rows 0 to 24 of 52, columns 0 to 33 of 34]
-1.452278697658281,-1.6053422184007886,-4.918154416106207,-2.611057783108774,-1.6065509729473815,0.06895405177642557,2.748298276205392,1.5177116233404913,3.131648817502526,4.793695061638535,1.8734453938466158,3.7094824926735774,0.21355701855937453,1.3937636252353642,4.274778134022885,3.0582596474633945,3.231524614393432,0.742953572575749,-0.7497866424757836,-0.8482281060011981,-0.9733389186831799,0.18000469659760276,0.3502006172150122,-1.353504809340531,1.7166976650917427,0.5538981990214482,0.06582161597862501,0.7167564103345372,1.5651585314174081,0.12694627101886605,1.1148824866081946,0.8134570917361951,0.3926782630601145,0.8895168336311243
-4.187521223067088,-3.354768761180506,1.9047664711051602,1.717913266649998,2.74234465635236,2.5151603679689436,5.083446805256476,3.100403622440891,3.3127442367438764,3.9309340905249917,1.537346171240624,1.4771551135583125,2.733869191549586,2.714285028923556,6.519736567532094,0.17578905221615207,2.6797628464155747,1.373069734024554,0.6340580755273765,3.2777489775747153,-0.8023157539264721,0.1922106450448297,-0.2289869949370871,1.242385114626283,0.7567787832473211,0.6004398347440367,0.6208920434437861,1.335244318782242,0.5809247190065963,1.3474108772201112,0.8813718736701225,1.1689704525244753,0.6543901678854246,0.345358869266582
2.4932634649169123,1.7150293650400068,3.2227851944936523,3.332073853717145,5.486975633178523,3.840154822138419,3.088676173596395,-1.583431736500768,2.486229608822517,6.297772713382208,2.6156160509265414,2.2892275959127084,3.211521744381498,3.368906019968496,0.8032543978279225,-0.9718190492271395,1.0309479907776606,-0.9802675743247405,0.6952147056244858,-1.525200237871432,1.7769814642084827,0.6144489734267504,1.1463459728313068,-0.008535282066708215,0.7163941270815147,0.34551698965168215,-0.4738497854738405,1.4337603337675358,1.1964208916466774,-0.13239047396189751,0.9529325251296309,0.5567645346912649,1.1272201015964922,0.7526868154817974
1.5249045367033467,1.8626177422597094,1.2802206586199179,3.992056412541606,2.4148791734423396,2.823599772094787,3.8076015130562704,2.4353951914262453,4.32850114660694,2.770518497839527,2.9779658947997443,-1.7765509454489987,1.8853856803880458,-3.028721942563067,-0.3626539028097152,-0.8142490151774909,0.26791181256403257,0.6765896578908271,0.5308023990981191,0.12030137717314542,0.32945738690415016,1.915295298024812,-0.511458826386703,1.0203581315207113,-0.5122914809514478,0.12352916923474978,1.3463126750831222,-0.8614134842606074,0.21089984145405163,0.5544643964897125,0.2516894426001174,0.14555430381025616,0.5829615321449414,0.6298700774438961
3.5768757813608003,2.8385313010018507,2.6156394659167397,4.102932773236712,2.0787378390201847,1.9532552485280326,-0.16965466917525573,1.9823476942959255,0.9624802329408162,2.0706697656650346,2.456964228914802,-4.070029462726079,4.833846000193778,-0.41741756370715993,-1.1134658390996852,-0.03897405108712984,1.068000570939925,-0.11960038952292813,1.0834446538120341,3.6338931544613073,0.596902745521032,3.905863544314464,-0.7539942620866442,-0.7975532425173727,0.2762475225019635,-1.0463353005275826,0.08783784482005777,-0.27601158970914413,0.2625177047968769,0.9679390219578533,0.7164850222618006,0.2936621426127197,0.5692764122398656,0.6757852098589117
2.074777711450752,2.0924009155527923,4.003090404452688,2.5817652326639418,2.2203678749057962,1.1614261812639473,-1.3705782687649606,2.010653421898346,3.293821159467822,2.240859289246921,0.9069621570402235,1.0015182801422546,-0.6805466889966667,-2.071144276438854,-0.29107469389469715,0.8602132675694657,0.01802342874167365,-0.24909193092775575,2.6202423787444973,0.7506560094072093,0.7283286253337685,1.13985965625896,1.2564496152163778,1.1741612534460921,0.49684939559831887,0.8601635570138704,0.8746703967264006,1.264051752634717,0.21806343536494202,-0.015249422411017332,-0.36616832147479106,0.30925862808475574,0.7483015812011106,0.316761132441139
1.4659017529635452,0.12531301989931845,1.3528084635136972,0.17074472788253572,1.4849650371805294,-1.1027014055483395,-3.184946416607123,2.450794659507927,0.20946479045651623,-0.03641889587183169,0.25006028025765425,2.865020354380522,5.000233434990321,-0.025847438992762026,1.3675938798471428,5.4723784657810315,0.3440250968327956,-0.3951387170562185,3.141054083131922,2.1290068174135577,0.9275738739606004,1.3852410861849425,0.02050299123097185,-0.38719660452792054,0.47503834158155445,-0.26551465927597867,1.1772562900789838,-0.13545815303922884,-0.30997690676632533,0.6818677423619111,1.3888346999704106,0.22853421900698556,0.2807246722381912,0.47673058029278825
-6.494156313345767,-3.029663362507899,3.559568859099688,0.6652190640123339,0.33427923764070033,-3.288903341919707,3.510459338156291,2.0473243193945247,-3.0889144115540317,-1.234248417348355,-3.0289101290576106,0.8092040491575945,0.5561181312360087,3.626412663070997,2.779343884068163,2.006605106908102,2.422350036483657,2.1721640349632567,3.0292523151422617,3.502267788060824,1.5937326361854425,0.751267105570102,0.7990309697752074,-0.10992751329140765,0.9238573330187405,0.3744880899518597,0.6381584931870218,0.6734592603881382,1.1176339204062633,0.8519437740626872,0.16073244437212195,-0.18731105064957385,0.7549456188532495,-1.731061137639457
-2.4837102939350975,-2.7751737531795486,2.9607691016637485,3.2207949226291936,-1.7508440182835086,1.46482282190406,1.2995374839327853,5.412569730342936,-0.890639427634628,0.7371724656292377,-0.9349518053504035,1.454191514085569,1.7438487032622454,0.9991148542536804,2.631622139139451,1.6163173429349071,3.6710005227955698,4.008920479021344,0.7960047614728072,2.487566740925007,1.2896573407988137,0.400888511319423,0.09835689182641241,-0.40059754080481114,0.9235258400583575,0.674293295740858,1.4472160670703058,1.4586869533227598,0.6257358429562967,1.4743884472973932,0.030385512731624573,0.937903440364629,0.21582112163244488,-1.0242845188182665
5.953994709232284,0.4219332009615966,-0.4977332413530572,5.799066736447837,1.599234648170506,-1.766067039024293,0.04975141762106548,4.265814280725586,-0.9635642680521868,0.8385042688546465,-0.7837232206938591,0.8010118729008486,3.0291187326302516,2.932149401768804,-0.4700805174533977,5.280642732889507,2.985932603195149,3.6339550073218736,2.969321285078042,1.1411043645786896,2.505183428010264,0.38282336569650033,0.32529490540576733,1.0406589572303842,0.8123506495926697,0.8669135837210381,1.4840115905607052,1.1074422461875673,0.868036576334372,0.8365633849029711,0.7422204207540358,1.750080009337506,0.13761441833248253,0.1369168304397704
5.513511277674422,4.632746749975237,0.7188535182383314,3.1212074886395227,1.009150735570751,3.409073191685398,-1.3842992089852397,1.4623459151441047,0.8804024117252384,-0.3853296068242279,6.5142684680605525,-0.5686032240975485,1.181356228548753,6.161884599545169,5.3514676496362865,2.1790536233872575,1.7462884827034446,1.4124523151333779,2.989355963289694,0.7687497201621081,0.4730334128792702,0.049586026648529756,0.455816095385044,0.736824559738614,0.12259927175143197,0.7834332444021601,1.1448211048114967,0.6948932178228759,1.0496601931267318,1.0871959364863524,0.7585796749473871,0.6125754360730611,0.2885501591717298,-0.035798670850525814
-0.9808389453149909,3.2509429263222636,3.013701028162317,2.340713067770968,0.844203903362142,0.005781877228236948,0.30220415431368364,-0.3414449259765486,-0.9663092882739032,1.3365726372070665,2.9887849913991342,2.523421647696379,1.3638101844279924,3.6034127247625687,4.541476772376329,1.906651262293007,1.4537164186280138,3.1723624670102333,1.825419134173223,1.801261442891872,1.1159237994129874,-0.0872627824844089,0.2967270417486924,0.6229191451178014,0.8422399024167302,-0.22208689270615486,0.9228506369004713,0.868466314955416,1.1084777403677295,1.4972994416930832,1.4057138455595568,0.9318256765098558,0.6399846646686906,0.16315853998126698
1.5973037791470257,6.697280553573654,5.284952818188041,1.904246369553488,0.8666410764483439,-0.7503721567980206,0.7451443205821764,0.3237318167953312,0.9972962102185627,2.999167915547322,3.033902567297151,3.689095523435825,3.9553985036877393,3.1815617210214824,0.7762716368026974,3.900987228278521,2.125960500536197,1.6348233137522412,0.9283168183167113,0.5278593675421775,0.4216455631350491,-0.10482710969679063,0.28527260454951753,1.1899493300747157,0.8991632301464595,0.5630444845194729,-0.42646781003163065,0.34664011335290956,1.5978745663847866,2.2868478016884506,1.8161746495346744,0.8125735028490252,0.07058719609775181,0.5664748430522046
3.215171996410936,4.16968902122531,2.4103150132842894,0.8130219929204326,-1.8588619048401116,-1.1443548954136684,1.8191931608022582,-0.283291288142949,-1.137044184770486,1.5093720645967934,1.9900069409427803,4.4150723552385225,2.949471793565074,0.25171344225951625,0.19374994693172432,1.4618073897453376,1.7837686318234156,1.659639558215162,1.0012666905502998,1.6005007992394202,-0.01746917975827036,0.3672317325115732,1.16718550341187,1.333523358318862,0.965910152562493,0.9998447176511159,1.6564393322112163,1.4144669470906306,1.9648233480175783,2.998901989118951,2.081052542920186,1.3345460936171707,0.920701948919704,1.043632819708201
5.978966806242184,3.560979100666255,2.2235576691975663,3.2667617433895115,0.5271294012937396,0.11972691027591659,-0.24484162716734564,2.2933430180197485,0.40449774044933984,0.15987059045735935,3.300509367581478,4.8252914475422255,2.16471877107463,1.0894161661269128,1.741552302311786,1.712722965410907,0.5891474735567133,1.4898936461378847,-0.408495273495531,0.4843078546744083,-0.11746686588553404,0.044065366297095544,-0.030965481998580287,0.5907761165331912,-0.3867181697947774,0.5783187997548349,0.444990729810198,1.1763917310443632,1.4535441299365188,2.784107987974914,2.520577605452603,2.7590233170937988,2.4633526843970044,1.7804662121978014
3.385508094499153,2.46546341897421,1.7715923518235808,2.774800631156868,-1.6494426228772539,0.0336041846795778,1.1324175505956875,-0.9558288779979598,0.366965501003829,2.296313995170439,4.928881074222079,5.321965967275675,1.4914205017803406,0.7062167745136122,1.9846068155598888,0.10350168507812717,1.0828447290106455,-0.3548455035644572,1.0203651160684057,0.7736342293697602,0.6613154099302192,1.2282418834094786,-0.29359535360742306,0.9795642386490453,-0.04072314284567671,0.6655617860607448,1.406240244874394,1.194165139222406,1.6573546458320738,3.316093878992111,3.4405984099550415,3.121194540308388,2.9431199472401475,2.384874508367603
4.4920948573336155,3.428414364900712,4.393112369076283,-3.2480514890340575,-0.9849975901296306,-0.5821350335280391,3.264103982848051,1.8365910709269428,-1.8355520158815668,0.7659389907717792,5.242242943634142,6.17826025319113,1.6740674891027403,0.4753028841075923,0.34427193524676236,1.22518283851744,-0.5765591804962472,-1.0040132473048682,0.39882351403337124,0.3070889112642459,1.151109659120002,1.4349487320139813,-0.17444739216844035,0.9225095969301289,0.8035945789367399,-0.38762602027329285,1.0956755570372987,1.5666910395868492,1.3600584555330646,3.164013421970168,3.33945867472239,3.3834993577467904,3.517166527917966,3.0707208164644264
4.197720237821652,8.156655496089185,4.219928579556056,-2.158883311458546,-0.8722350795861727,-0.1817246116635612,1.968452454251643,-0.4025327198368677,4.872717733607433,5.811118442959899,1.4916397365067657,3.249591531732835,-0.016033494661070326,1.1814207771764942,1.209833442569173,1.5561233203672586,2.3629962147150967,0.6416999319025608,1.3438818711445133,-0.36939869374440065,0.020592197647669796,0.7412675508078916,1.137675617810791,0.8369632889875379,-0.6295860409855708,0.060840713553115634,1.1779086546396136,0.9108131041773223,1.0982880828524337,3.986885191032589,3.690557286265719,3.4644187211505435,4.315300831760678,3.275290535400062
3.925332541184985,1.490846176510732,9.17214755487156,-4.234426173169742,1.082019393770704,-0.5621031437689846,1.4634684744300213,0.6936352906310412,2.126910969254804,7.257594468795199,3.0696079182138587,2.5044124455186747,1.4574284231387655,-0.3472177881240805,1.1508615393442045,-0.9112559385496795,1.2215753202252235,0.23826939743351166,0.09042273279582844,-0.15485080168895288,0.8916227268910422,0.25586492875499034,0.25677708849380104,0.6508160344604609,-0.38302348758570987,1.3031686759629881,1.028764422565356,1.3301873883068598,1.0028132248089088,1.1610367608564964,2.676643673530683,5.4026018301203855,4.795746899322396,4.314078166671826
5.5770322928402365,2.4377094861234783,3.2582947833118734,0.8620756892686232,-0.38476559243162245,-0.036779042805021776,0.13991979082867978,5.066150205414867,5.495825100373093,3.583895627811412,3.552899479213879,4.455602683680415,-1.0274353447113531,1.9869561920591308,-0.47730566846797845,1.6772667272696815,1.0528635191315823,-0.05803493952668646,-0.1933505637115499,-0.030251646984403375,0.17031311260870102,-0.29232318932250834,0.10144230454875539,0.5614860480861864,-0.4686327959507229,0.39899553953027433,-0.003705831463012137,1.0535699413257629,0.35042097439912323,0.8962852976241003,1.5347084287457309,1.8993788988403957,7.51340401200106,2.5314140758002677
6.521449892343328,0.9211755405603564,1.484815986669942,-0.9659596054778641,-2.2901284619482576,0.4161843160198838,-0.2240531245132184,0.5513363744528487,3.7971065499363608,0.9524246980434367,2.6086742123751963,2.7606039822542527,1.426158326517859,0.3385415545730331,1.4636752311493568,2.196394668903207,0.19526156520216154,0.7654262661210725,1.142793463582191,0.3700574649229306,0.6537678839407205,0.18188540525652575,0.9197472216387287,1.0764970786457624,-0.2295714111958491,1.062049861923679,0.8063351230881204,1.1370269760431966,0.8080101907713798,1.4483704709131586,1.7634567587389935,1.7836466205354438,7.03433594681445,6.595511514374932
3.3713389050003135,2.5720548633450435,2.1392107042353055,-2.2634480269297725,-1.9241030897479794,2.2015039970115517,0.9108698785413197,-0.49602035249347437,4.379349630243186,1.5317265133807116,1.1212972770527558,2.466807751271458,-0.4729077813689622,1.859442665762643,1.5472095071789282,1.587313871957161,0.19310116154353751,-0.21292136080616988,1.4150233100371388,-0.62275470048924,0.11188671447344933,-0.24930502557352824,1.4603869614945546,0.6134999079452129,0.5761139215183486,1.0009407764241547,0.7807675764237397,0.9982323731047025,1.160465535963907,1.240151902335728,1.487449084596299,1.7707361290876142,1.9941301142225936,6.987984807441922
3.5689664490317545,2.6450720595779824,2.8470279907824896,3.734161632423618,-2.854698132478153,0.8166090039046603,-0.8220158022684421,2.363099627944836,4.712063881773786,2.447268180294093,-1.3582433431498888,0.5435598662528359,2.309757864486067,1.9829241092703425,1.373921968735137,0.9223208108956906,0.6941148285061852,1.7256550067503136,0.2525531419303785,0.5621117165563068,0.21941845803895904,0.5679920154825452,0.6735224882570725,-0.31212063734642564,1.0841363777186364,0.5519191851052969,0.7575077699996189,1.6616036572290946,1.3562636052310124,1.7643016991001044,1.7039092072342792,2.233460171333614,6.29760341935351,5.821300001125954
3.497061222842475,4.415661485813609,3.983266792309697,-0.771082213182178,1.14663966468807,1.090530775122497,0.8339801222091798,0.709001518046912,3.8116200312558592,0.1945430534220534,0.501591975476051,-1.372055029801282,2.0875555486964097,1.3745809218395955,0.5466252943488997,3.276904617524436,0.6716313824764427,-0.945400746326117,-0.8210932091259475,1.403344006541987,0.4125511875298872,0.8446236680473985,-0.2270175396914802,0.44862988394687126,-0.19802076097050056,0.7938701706182018,2.156690656001548,1.151669774689985,1.1673930723266954,1.4378861761388941,2.1423160580377947,1.5919128682346522,5.558797747662575,6.255003110972968
3.413637144962709,3.87823493103677,1.9660589240401758,-0.11771986743313008,1.1588216595076557,-1.3607986618125751,-0.9414730377408124,1.5876647574051992,4.839287971133963,0.6049728888019558,1.309256816588205,1.0844800682415767,1.2799770561474482,1.6597312183478494,1.439880608154681,1.5828237359941846,0.6015050582842439,-0.8527381810719561,0.9858609680117348,1.0034563233268825,0.6723005661923293,0.9778151684064899,-0.08269606966014652,1.3983851736267128,0.30995421743256574,1.4425342177125549,1.5261158465846183,0.9464446774142462,1.0522648326875566,1.725158653667119,2.106978825434585,4.1070544220248415,5.974225642071306,5.87296308343697
