script/wind10m.json
{"header": {"parameterCategory": 2, "parameterNumber": 2, "lo1": 3.000054539987559, "la1": 64.9999836372058, "dx": 0.5, "dy": 0.25, "nx": 34, "ny": 52, "refTime": "2024-11-11T13:00:00.000Z"}, "data":
[rows 0 to 23 of 52, columns 0 to 33 of 34]
10.855736733068976,11.279591753812344,10.724678544687762,11.16658865020879,11.414474733583294,11.943833660453853,11.18891267555118,9.530383059068262,10.03864802221255,10.477217569993053,6.0269653551269124,7.393641795427743,7.057024542577563,6.531849244024778,7.878569611376525,4.6031430411429355,0.27799823764198967,-1.0759210743636929,-1.5216437054968979,-0.5285362627270669,-1.0123196759933293,-0.34970472866881286,1.4284104781733828,2.063750387067348,1.6986768525019038,-0.4847198104973375,-0.21100432339920297,1.045561151914999,0.7002703753577925,0.8607556946914737,0.2347298608223161,-0.30169867713150245,0.3158852788986936,0.7742301329561542
10.36873435793512,10.737041518566429,10.657569438989796,10.835610979387905,11.342673266083183,11.690024935475344,11.172197967361491,9.792527970099734,10.594830385986834,10.724695561707751,6.5530157113856795,7.95558135433178,7.454525602753848,7.20417016829522,8.119833075354407,5.2615889419896105,1.555141270014299,-0.47928512268993545,0.34186842409324136,4.261533646771433,-0.37618890735636457,1.296485231217078,-0.6420621510360753,3.2157605678337786,0.054859514544487016,0.2352919717876017,1.007225290063743,0.06387381325167289,0.8251918120212961,1.302766360681149,0.759255948724077,0.11868966162877775,0.274581418738803,1.0098429671982727
9.803445287563115,10.897871437879989,10.841332290340395,10.930252138642402,11.409316457022182,11.84135632007272,10.508658353249448,9.746623899266872,11.119514150015133,10.549774990709764,7.500065307350907,8.168931933853338,7.759523799805993,8.463920181501125,7.801949323300298,4.82806353279577,1.629422567106601,-1.6998500532132532,-0.1726810631677172,-1.460167463512063,2.628040718050808,0.4568491827548019,1.3362386420444385,1.5171785286912092,0.4529732739885227,-0.3010252528874025,0.13268264022612541,0.5150464302953185,1.0124169891375807,1.142758372756523,1.3743176876309853,0.40706571720550105,0.22161355922062248,0.21114121353301427
9.783028671874852,10.505676077445493,10.755440155522349,10.70476348337327,11.503578039935789,11.213316777686359,10.260925480759617,9.968757658483538,10.250456510365854,10.343422582550119,10.18723941943742,8.701894121114513,9.514050565561602,9.279737261744954,2.6333326240859125,3.304133445376867,-1.2077691846722023,-0.07963692240392849,0.021437798739576297,0.14021603275302671,0.23048031651835554,1.538927961498317,1.5762585283993045,1.0087199247801948,0.2970885994162701,0.16640451056302258,1.0550978492728686,0.44461271314586387,0.8755004244081817,0.5160791320265707,1.3081755166365563,1.062492810021925,0.50696208970104,-0.3944083848431643
9.952867736572705,9.787067745089995,10.323631750556094,10.73746067319892,10.750770924483342,10.320367488480063,9.67985329397577,10.489171729636663,9.229340585274974,10.555708557316741,10.334784045775265,8.751153571670388,9.475089376825855,8.469727679842189,0.4854381821353535,1.7887694809092343,1.5592003801683172,0.4245216785050281,0.2808492595251601,5.463310234311151,2.1956679290609653,6.110237168656479,-0.16652571919008063,1.3236197125460905,0.13376664772645439,0.29215233527969187,0.8511812905086502,0.07998325282254581,0.771793712173867,0.8510504532939522,0.5823107987416429,0.9902184199111984,0.9326524435553543,0.5440122807715353
9.348537351951805,9.563502124340946,10.105435882956023,10.598826687450392,10.152452504036832,9.352206366719468,10.178225673279488,10.755670156870552,10.847098535974547,10.758144432814303,9.821850508912016,10.021225647818206,7.97496339865075,5.417337999257171,1.2915003669723988,1.5249883101715929,0.9041373869852796,-0.04493203876528512,3.0179914264212435,-1.075533961121023,-0.4533048878807504,1.6882631819796443,0.3036561263907503,0.39072305887206477,1.3071243230128975,1.47305718879398,0.8464823289577512,0.7196930723134496,0.5251002065305388,1.0061906254724016,0.9358005050469299,-0.07298489748749404,-0.08021869708535777,1.0381078783197688
9.156472118858076,9.472603906758277,10.205693080425677,9.982961747438853,10.267590909606719,8.88998405945401,10.690315910067802,10.340961310534981,10.997727596706216,10.369868462340582,8.891288494730532,5.977233879869111,6.1743672778437,3.7319984408157776,-0.7892471958567199,1.646811164560298,0.5163820411222643,0.5208351502490093,3.237767278423009,-0.2712555648540047,0.43625167882705157,-0.09280681093378233,0.31401517000791135,0.8206454519816139,1.2223765077051176,0.8383544794780299,0.8360063043461697,0.037181267515389006,0.5747776630650159,0.405800080686888,1.103382756356933,0.4280048217782339,0.8812807140011328,1.707997544778445
8.498921456817579,9.117975308670454,9.913189507984077,10.211195324524333,9.430507234800462,10.069480094811038,10.838106186764286,10.628372114352398,11.264848234606927,10.4596607979267,6.53117250875112,-0.7266847385020293,1.1590746309502977,6.231694567283122,0.656137793540041,2.211639994425236,-0.9102247493639394,0.8043129151607703,4.234028992525772,-0.6452517494502767,2.9920879171861956,1.5741789564319983,0.2635257046670192,1.5463538623809583,1.1438408696938585,0.672077067763304,0.9149366347947618,0.809450086196688,0.39749038832513,0.21714778849387115,1.0487276968444739,0.25139807301539163,0.49590463358364245,3.1359108390390515
8.149332536045995,9.013266516961265,10.05930532521664,9.06696876014594,8.82120984858891,10.504845564277943,10.629416642288978,10.59118337753595,10.348384327615557,3.1754017871369813,1.6754306948260214,0.500908464163054,3.5439879032479364,3.9530277311557716,3.340658888491196,-0.4680560448980409,-0.7849646649633125,5.667498944624408,-0.377788006317238,1.3304786060134264,5.482722222762896,1.4195366822920685,0.6941581344219427,1.2878324939552235,0.48983470979709326,0.6720081601389124,0.9581567319775198,0.2465524666419858,0.6939041055810752,0.05915700441894612,0.09755453585035904,0.6310891715706222,1.7595777695311328,3.703785790184067
8.384639151464462,8.852387324482349,9.848386318627675,8.319000176019188,9.493454487296473,10.182984781974893,9.953217144785125,7.663265195900494,1.6847789891367182,0.62122702529277,-0.5723321110510242,-0.3259633076497275,6.145119443109892,4.532545288002015,-0.535449979178242,3.379135287667168,2.853450356029826,1.2562756721576607,2.122387892121787,2.3861492085518026,3.14306249672452,0.6382262276323198,2.11302563991449,0.5258374024840915,0.8705784197092338,1.1419171060338256,1.5635551529455303,1.1504122989626042,0.9531097941788775,0.49680246310283016,0.08148452464940864,1.3271597817141694,1.5962405192869888,2.803238801675941
8.228599479313496,8.912607816649327,9.149267636261548,8.687008353763703,10.186504247662688,10.09793304791646,7.487299547202932,3.2896241539347533,3.8643415566265458,-1.4251466933917776,8.46118998323226,-1.1114426803855368,2.1473971958945306,6.973559364138138,5.825848358807479,1.4389733981376471,0.2115028652795344,0.6759495578776159,2.7032664679333718,1.3692958850475672,1.299639539982041,0.8074803348719556,2.7189072264726577,0.8918342744203615,0.8733663148193045,1.0116535663779567,0.6287277327706822,1.2106015799330412,0.4306873934065198,0.013106748069828408,1.492254615998442,1.7197329741338634,1.830611633264524,2.179438220595894
7.980790417117158,8.531335401945194,8.478923418613311,8.712489076824282,8.530596381463985,4.348531180011341,0.2532012583017154,-0.617853425035751,-2.543280168687787,2.242800457928219,2.445629413625227,6.59273452869683,3.8146883534188123,1.4445660343086832,2.1131290733711188,-0.37728880749702237,-0.6168064549036966,2.568852929566262,-0.5363507780140357,1.8056409038247703,1.6031155684723037,0.4528584683839706,-0.2633272174809352,0.9751429711732943,0.0908798322639667,0.7208934739793814,0.6977202148019375,1.0029334331929456,-0.003706481667399001,0.6059989883843512,1.8805416427404926,2.042578754232241,1.730719965832933,0.3587570908333247
8.167203482030823,7.792866121655458,8.045292420132629,8.493661121305172,5.596118500388448,1.6642947664255279,1.6401901414679476,1.4959072918614662,1.7027276468284849,7.11544563936304,6.64328174241614,4.905756257019356,2.7098938926910785,3.8489597314631356,-1.5066455492010276,3.061610730605646,1.4907163970928632,1.1033893386691587,1.8554162714239917,-0.30723727240385135,1.0043579863656296,0.547204250658043,1.1608842093346217,1.5134048997122032,0.9363577155818043,0.43190642041383626,0.667160001864933,0.8663543859281454,0.5387639349424717,1.8657440683631576,1.4643997353476172,1.697312407091967,0.21257620494885018,-0.22213163788361678
7.28510559736451,7.5396388642550125,8.031313383462033,7.503168580064489,3.1098193588131062,5.924920605781572,5.652336639349894,-1.1228190973712007,-0.4578199249125155,4.457863991007069,4.390481730936456,6.041971346575663,1.8172577287759122,0.6316090015509623,2.6381984053662206,0.9729177126037366,0.7090901164292918,0.8142184695232706,0.6283407698112166,1.9973427913167583,0.3263193505889251,1.6980927304887579,1.4768337757951462,1.6360064658494284,1.2282589026629163,1.2612391786647845,1.1993332871811884,0.9603026188813586,1.1972649117949428,2.175813735309999,2.4757967839492827,1.5635131904223327,1.7194156129242475,2.542035104265587
5.278824194528221,6.186670548466666,6.955337800940965,7.03280003759957,4.944820833106375,1.6793206309771833,-1.1464411671079364,4.561599788655582,0.6125241711555888,2.2252515142910436,0.8821377948234198,4.580819705943816,3.2743976086777775,1.085917821272757,2.0972470208564573,1.4387156532751604,1.1814207558932974,1.9579828230751624,-0.16998906871269842,0.6467078256579567,-0.04389360189824885,0.8205092589892609,0.5914888494776337,1.4005943662542677,0.2895187114401283,0.9009124812734436,0.6026057472796768,0.9941052936107133,0.4381678621960632,2.307479256367687,3.58437881733183,1.914519963421537,2.134986688605439,1.221030832155974
6.877056188638241,5.96406366492288,6.315046118343362,5.9587905736718545,1.915422897152102,0.666051078748379,3.0429013921353807,0.4861223635429959,-0.11176227970458132,1.8855317476099371,4.14930182116626,7.05419112589172,2.433521687274614,0.887351059337116,2.07683606366815,-0.029657423849278386,1.1905466432972283,-0.2609891474004301,1.0052354037943427,0.3763582310454249,1.7379353616944575,1.0334593600118969,-0.01967046636357097,1.0591911262390163,0.50560464607574,0.16547478663845328,1.4468858393188548,1.2255420750990489,1.0295782650673386,2.9382769111273994,3.8415535963089025,2.6996757172807646,3.319779931582338,0.9859121877213728
6.603601274031764,6.208081725184307,5.887238420841551,4.957265825734895,-0.7102431415646154,0.8456068389702988,4.901001296162431,0.9975099641517682,-1.0255749465607353,-0.05077214339214125,6.325510950159366,8.637263430095217,2.2273500039670973,0.3115925982390949,0.3347518783360561,-1.1756663436239765,-0.5877411683737447,0.09826392215844841,1.584852366986589,0.4135426054615717,1.145160838786583,1.8088480344787092,0.9269528887669779,0.4723462814104043,1.1361244812597109,1.1147894970403194,1.2816558507133742,1.1524512876717399,0.8285483264926171,3.311892787107189,3.2441463842375713,3.3225660872349954,3.078723592710032,0.6191284662444855
5.216758907151118,4.57492527948614,4.713594455845656,3.828810187066107,-0.7419300573413941,1.2362883095029895,1.7320795915689282,-1.0852565864884598,4.61782967875524,5.624288120552286,2.8756658883498316,4.804444439930502,-1.0876589152217409,1.3997536462330646,1.5182481472956566,2.063395383520971,-1.7454367394667385,0.2846340050277172,1.299349619883736,1.3052040550539035,0.9757849635143122,1.176927515403315,1.5529803658843149,1.869022581446445,1.30361087511762,1.2668201738649456,0.7166836205255926,0.9782316692172183,0.9147855973676849,2.66754266376751,2.9932612763880777,3.885186957701405,3.433595763707664,2.337168976036823
4.630630614528595,6.095213302109124,4.499554063850714,3.6445811943985538,0.024916739208345976,-0.05962522851098293,1.8071921407493672,0.6629501942040549,1.3746733473285753,5.4030085456049965,3.063604113178377,2.109396439470956,2.0750944026344653,-0.8365496946376166,0.5119673340998664,-0.4529516411711153,0.3813953479596521,0.27427402933004064,-0.7126796627696241,0.8508067711145342,0.8047323860593226,1.9825026630694742,1.8304197970938798,1.817103575647534,1.843026144948766,1.2924107791706225,0.7717508292853724,1.2796891757971955,0.9633268513614036,1.3534355382407768,1.1220028764902772,3.79070173256034,2.9263033909512943,3.1749581320204485
5.755125195270482,5.017274877228392,3.909090709440108,3.0490469626953765,-0.36575719359340914,0.43937744584102384,0.09323764205614246,5.351706225403537,4.487388946138746,4.667289979687206,4.300947835800626,5.7206764100249465,-0.5031833475525694,3.0296849596459907,-0.8639013188165772,0.9231593406545824,-0.7730720574332576,0.047223454541980556,-0.04970544116774711,0.7755740624220607,0.7355567876939432,1.119385723945778,1.8690568324926446,1.512004838357731,1.5163813004544713,1.0768857155262042,0.23375288372132655,1.0808542639418712,0.7877725529341912,1.0279357870054822,1.1807842968100677,0.9218800509880963,3.768947154984945,1.7168573570355266
5.316487537381569,4.734914496954525,4.589950505430422,3.047408275234299,-0.03146796342970075,0.21031498739660145,0.2655565821656021,-0.25048778624893453,1.6260395900481728,2.8707070088123317,3.012754560288414,4.376455482293773,1.253703568975628,-0.3804279989624128,0.04555984913712258,0.2506176321512332,-1.0559808084166964,0.3054029728940201,0.9727753818460968,1.1570965872314058,1.2958375974727896,1.4730973740892723,1.8731829653985363,1.61687425000277,1.5708388707188223,1.6624294191088174,0.42358250245286516,0.8534786744258767,0.8291431920570191,1.7297315246649831,1.1043733994862122,0.8765432304250492,4.008499958212003,3.474955633678635
5.352374483604714,3.953736580641923,4.005721287287156,2.687441693852528,0.29234583632204825,-0.8216100690559744,0.8755076804188906,-0.2289048241746535,3.160282048961172,1.709090930788396,0.9973203914925343,2.6514354198031977,0.8371978746726036,1.0849994339752926,0.9400694090928169,0.49688758476213335,-0.14624030051835984,0.50537385038776,1.1216394872648554,1.0660865823136565,1.5970476526495028,0.6482702595669871,1.2538764922500767,1.471226751003924,1.26921364137302,1.3853695521134284,0.9319948912719624,1.1395274199130265,1.8311998278795607,1.7657293720702556,1.04191076522385,1.4061203773422803,1.4985501866636526,4.005295869393714
5.758793278940731,4.581661674119379,3.759706621083873,2.782310617519206,2.0913420249489563,-0.250526128524923,0.34806466529922764,1.2092369403203844,3.679232270493294,3.5588137876271135,-1.022297329785371,0.5132536590065196,1.2488403625333784,0.9884175062236757,-0.2058197684877811,-1.7965344228933908,0.11946984510664578,0.7942315302679753,1.3970759787511684,1.9279949799535598,1.056757080253701,0.5207203641389763,1.0448796188803688,1.0987592900351761,1.1478077720328146,0.44870174811137986,1.1438335736179481,1.717155445311134,1.1982620323248085,1.5415124112907328,1.556771797410082,1.9619197818401763,3.9440080880865582,4.954257690799743
5.25847566216578,4.464825252989042,3.735243143375251,3.0301971142382174,2.204981376040765,1.3388066019623863,0.4011578610007901,1.693022508880607,4.516616742472637,1.4483368047798868,-0.4232060748235758,-1.7668843629177162,0.9438766837299047,0.6031542144279046,-0.3567362692084972,-0.9477502839462847,-0.002708946102243395,0.7351220271741676,0.9604935538661209,1.2568654924201788,0.7214096697542025,0.758343072554322,0.9508431725434338,0.7114027834209932,0.699610431974632,1.3408816970471396,2.168941165470868,0.6817909718415897,0.629482639617033,0.4385769960333047,2.047845668266914,1.162048805421832,4.172428538445672,5.1394882519284515
