script/wind10m.json
{"header": {"parameterCategory": 2, "parameterNumber": 2, "lo1": 3.000054539987559, "la1": 64.9999836372058, "dx": 0.5, "dy": 0.25, "nx": 34, "ny": 52, "refTime": "2025-05-10T12:00:00.000Z"}, "data":
[rows 0 to 23 of 52, columns 0 to 33 of 34]
2.654394007892695,2.677093462069548,2.585020187956164,3.6663881570704806,5.0624063968224755,4.998547997566941,4.15671045741646,4.207191499336541,3.750155793057445,3.727288182270113,3.3865838576318787,2.7681744520928078,0.9757302213794649,2.008814354134682,3.011155318424776,3.057805571297916,3.1153307136357453,3.703647794045092,-0.24774499266189287,-3.3877662651659315,-1.0663816038530305,-1.1473232789266998,-1.063798780652315,0.06054911545569033,0.4381089280695106,1.3232637925280204,0.05448189767631427,0.9499325188881322,0.2402624904760405,0.6342557315689975,-0.5647150995801691,-0.5188055297060239,0.0997763259628834,0.02608037570469153
2.2010552339355693,2.60845966652667,3.6322834729438305,3.7594999932932724,4.648095193729339,4.370257993362054,4.335593162815846,3.914508470449492,3.792634889885246,3.8554532052890393,3.243466652842398,2.559360965857585,0.8256503366208597,2.35194080050304,3.1276231088868185,3.624672163571407,1.3239141357311732,2.35447617266006,-0.8100683964662627,-1.9803181928317046,-0.9589420005592326,-0.3051581549671438,-0.5626834283195239,-2.056135212544632,-1.0764945468450222,-0.5078735926744196,1.041325585921534,0.8613433019302954,1.135557439337374,0.6184149400856137,-0.8538171118125314,-0.6575242546047088,-0.3509273351958104,-0.1676841322865257
2.175557940341088,3.1216494624710505,3.5921625270110997,3.349932064466297,3.888285483742526,4.0794001497892545,4.08289841317306,4.096376646309001,3.610804327693249,3.5594266412128417,3.4033363073090634,1.6118757750949102,1.5864552861159855,2.8757908876711555,3.4712887054172015,2.5971472495208294,1.8679220118650797,0.4515112176669655,-0.5705603297182542,-0.2705189722154298,-1.310991274034831,-0.15729625980248044,-2.6451006054423254,-1.3483197666562705,-0.7023845036784421,-0.13630580239866294,1.0932968028456098,0.4814661742728589,0.24695920669559374,0.8364928302715389,-0.33514911985452633,-0.4404506097256909,-0.7196889213378048,-0.21306651677775418
2.2599842047595917,3.147926802457642,3.2132934990928104,3.3003412247260937,3.9864830233896407,3.9476229502338214,3.7381953568392565,3.1572385272637455,3.33014664411923,3.4110925515418065,2.4461506278776612,1.638413553587368,1.7402423997578764,2.832872616896946,4.40459538796192,3.232117851337817,-0.5141848698749558,0.4168622026029854,-1.7354997239118484,0.04001067160094636,-3.621504872832692,-3.000646805725719,-1.6405187492723317,0.18217652556658392,-0.9991049596091519,-0.3584972214628981,-0.122937432762198,0.25951154568137536,0.20220030393962077,0.0748236281773971,-0.6778735919634028,-0.4001234630130274,-0.7519957704079179,-0.16773764281186643
2.0906238791494385,2.487623706179251,3.220674051638615,3.3274977987815726,3.697109086660127,3.655839304437606,3.0060545330268447,2.9547797272180616,3.044461735935183,3.1460962276955837,1.6397286193300138,1.3054301844272214,1.8501201159899283,1.9884906317540478,1.4001446833082682,1.9394558801063821,-0.9006275458338874,1.4368526997114859,-1.6740929582876558,-1.1244379911753282,-3.010376185228496,-1.413253161959599,-1.6700118532065067,-0.5535210252144259,-0.10934006162206143,0.6391758536271173,0.1906775797674064,-0.07374241947340848,-0.1587074031728324,-0.5123998736540153,-0.8011151974545557,-0.6625124478940307,-0.9938720198840872,-0.4644350280928799
1.5146941470691508,2.836219229146002,2.8728082549466034,3.4476851360004788,3.828050507786806,3.125148357885049,2.6471676416750203,3.2487142610660382,2.997050178931699,1.9029185478085784,1.5442508334658482,2.5727846279831748,-1.790797137187263,-1.1996048238656172,0.880852179973176,-0.8678221679307865,-0.8634605823854744,0.879232031637375,-1.3728425189050482,-4.190670672404524,-2.1595296515933917,-2.2905467110318116,-1.6348836170641923,-1.150674988433852,0.4620748758773664,-0.3282127411866956,-0.9315802248479645,-0.8378126778273064,-0.5465427964795696,-0.3497227721302748,-0.543679765756556,-0.2417832217510685,-0.5179853067016907,0.04855199515832932
1.6286757589732486,2.6802461178521018,2.839090605511623,3.6203681714909353,3.8840208266300746,3.461199028780738,3.5764485643082344,2.856815797758279,2.1950403058279324,1.4089035318710448,0.9543952199204826,2.4866914831740945,-2.77033734709854,0.34625563836674916,-1.5936120086463132,-1.047840209752058,-0.3437420165801162,-1.0547591946341304,-2.2448853057270233,1.4364843593734065,-2.9272612520603456,-1.6795383692321508,-1.168141139889996,-1.1500049265611576,0.0830148553116666,-0.25199464651467823,-0.9697253087229314,-0.09164508555422204,0.023773579112431387,-0.9998181366489457,-1.2620930520841407,-0.9302790659111247,-1.088936244323286,-0.7038240318416298
1.1902388532680839,2.4204307944693597,3.3550720549381183,3.3460146723688124,4.558403958748303,3.2233748045553017,3.1998561954029725,2.7724206191976632,1.287771656215663,-0.14398264221610974,1.6080511054145343,0.894222695770102,-1.6935560867815962,-0.40904119196457045,-0.3762923463856205,-0.662711171449753,-0.29452800961181747,-0.6619858130599386,0.1307251302064443,-1.597019134522123,-1.5909306162348273,-2.5797927268413154,-2.4280041984080367,-1.7187447106367375,-0.21688739298424048,-0.9825233486644182,-0.5008757075345227,-0.9308749371717386,-0.8083430760332759,-0.9811895734524487,-0.7623232338732869,-0.8550941766290452,-0.7524841186673988,0.4281745454668224
1.6110603371487782,2.4177400119223758,2.6021795350945562,3.8549042794591255,4.86492102591708,3.1497857980618975,1.943292865619884,2.399109402489955,0.18898241185119244,-0.7470513861649846,1.4058165351279397,0.905322545354187,0.30032620479519156,-0.4282787241888963,0.12076794478493591,-0.44072112979232403,-0.04542298790514452,0.5593107427859438,-1.6324610819717982,0.13625349671093484,1.5021236048776967,0.7260446198394184,-1.841462532187074,-1.1434795919293248,-1.091134253095443,-1.1940444785694717,-0.6649743678487334,-1.015677406725488,-0.9262300620066004,-1.6790108500281928,0.03283361124479733,-1.2639510600931056,-0.12591664946681191,0.7790817918161659
1.8963415199955922,1.6908544904707097,2.7774654784515875,3.6924874671168877,4.733666865510363,3.0727631677824525,2.7148513697571515,0.38610976571425193,0.8159932277200055,1.4455984298205133,0.7833427057756203,0.4789602489040479,-1.8902645508657165,-0.19748526964362098,0.005037893891579526,0.06841630780789827,0.6471118398337673,-2.1307357837546355,-1.2498937397891248,0.27396370118187835,0.30522001994517034,-1.9093180355403019,-1.9644238472866384,-2.0519447572332976,-0.6870826383201265,-1.0558553254125485,-0.6049235966505594,-0.8289850182492762,-0.8541009945883514,-0.9746021874499261,-0.7510246023038474,0.3163677488685773,0.4351001426240416,1.2940161145071127
1.7223289698853026,1.3550618292193453,2.4055411321374027,3.8930296165306335,4.6353018806574955,2.850032846075768,3.0270921127409887,1.1254087049978971,1.8671707983075114,-0.5050266182110142,1.2211637987686554,-2.027341051156598,1.9438000475903328,2.566491821855666,-1.3906276600751788,-0.9175020159735564,-0.06667771926191988,-1.4944142003691956,-0.4717733489723016,0.3102091607520092,-0.859214679613246,-0.6658556603611456,-1.675754673217538,-1.2509987702296215,-1.450972453620337,-0.9707983243236307,-1.3159656547007363,-0.9334484918067639,-0.9151767722830562,-0.2951267990022739,0.5793999482128457,0.6341254599556901,0.671509612725369,1.0415637375173006
1.7653154886552025,1.4014425686367256,1.4848754260592292,4.661935789121481,2.603641442991805,0.2306302560868792,1.938221666970704,0.32290789164400363,-1.2479235837276774,0.10520865412997396,0.785514544379826,1.265332812853213,1.1350542062402755,3.400985660400361,0.7846179017180398,-0.37881575171258297,0.8566592702844539,0.6230214003151228,1.6149021670857302,0.35013550034485935,0.6425712452293871,-0.9608561874307737,-1.0880662112696322,-1.515270348485649,-1.5167408311996424,-1.1154864415094787,-0.6892435032965325,-1.0695082483156861,-0.6513679303602498,-1.6357740218903485,0.17595761377481867,0.6287847098862055,0.5028587836362726,0.5281643141374354
1.632304821883308,0.8661973613489484,0.9290342684430072,2.299709441984002,2.2388519932487765,1.053770863757292,-0.06201405387967017,0.7666700068196446,-0.19322054506090985,2.4394162756635946,-2.1722652509167615,-1.908019640670785,0.7306164430063408,-0.8342904966777119,0.22665366250800764,-0.33047364014514247,-0.44478708304402315,-1.3231697303407144,0.12408930550776885,0.009736441383948679,0.018378510383870693,0.03792491266899942,-1.252777952183506,-1.6254051780301615,-1.4414783917600906,-1.4708451919988408,-0.4503116973141546,-1.0776211360983947,-1.2538421288242811,-1.5151519417535442,-0.06032500590675021,0.20883484787631085,0.4643589041154007,0.40874873262001354
1.0890109516693927,0.2624910570054289,1.2582740956242946,1.7193633935835853,5.0676585336937645,1.0059544574219823,2.98266885876798,1.3129071947501527,0.027714157881874518,-0.3039923498696276,0.9243337796929323,3.0170551009076716,-0.2824513278661072,-0.9994485392342537,0.7333390575544112,-0.40839790523426633,-0.28653619290770194,0.4369889817276744,1.221371394322032,-1.0506059306991091,-1.2379331209590088,0.4896146870316228,-0.7620280121111561,-1.415666234552378,-1.216879965590088,-1.6465846655949798,-1.3719650184428387,-1.210971845551929,-1.5161650506231141,-1.6593180398676055,-0.011314457280319832,0.18481654476107015,0.487022279598737,0.5245719265950493
0.660368714643927,-0.533510111554223,0.7526439314789485,1.7893371873063921,3.539903883405732,1.2187228950875824,1.0052746743533778,1.3334147865328316,1.311694243192465,-0.30282842841749424,-0.07847912278028724,1.0023485321358026,1.780767924125865,0.2822640160924799,-1.5927000283095267,1.1334470326146584,-1.404874049502246,-0.7898985917913723,0.2048725795786644,0.3556508076081184,-1.126127031261053,-0.2720253777976162,-1.5586600434114484,-1.6146038533209406,-0.7447670503027549,-1.3013565729578087,-0.912549904716301,-1.0116393786499567,-1.1805365940992052,-0.8136686239303437,0.435946726795743,0.4686003003659189,0.42381510413767226,0.8644573054013733
-0.007723562364464595,-0.5172883880660841,0.6260840849965226,1.4658822098845379,0.7497044864831961,1.4976034694166014,-0.7095359153110896,-1.6252311488365492,-0.32512581305951005,0.7710791797648452,1.283059245221847,-0.0639687272245728,0.5915292698481375,1.3557727501531998,-2.5258670477431413,1.7635427096691005,-0.9942633261296865,-0.9504280608373525,-0.6967696115110257,-0.19304370989692293,0.2387703366486091,-1.315675769699908,-1.2263333111114418,-1.137782281006213,-0.6143294297987167,-1.3861302382271732,-1.3917861604606758,-1.3655592158135714,-1.1488916377554055,-0.49155141139606773,0.6300770005142587,0.28472555838236474,0.6261471819108468,0.9162085850124114
-0.46026085494418034,-0.3189388078799667,0.31132834222093186,0.609203191062601,1.5252206660079397,1.4467070823369268,2.4085315467320974,0.7376259542981047,-0.8110210727102058,1.0343928238231386,2.1813443963106423,0.9740494366131397,-1.5903692561661154,-1.835737090919579,-1.5807752826160735,-3.241874028016101,-1.1086880167593423,-1.2164295870645654,-0.9767352143026007,-0.2638014850130005,0.23225956945845375,-1.1627001232906249,-0.9772090604702444,-1.9425608926307283,-0.8813656449549429,-0.9875949998153626,-1.0680688608865694,-0.9086449099408976,-1.1011182042924146,-0.7850947118484036,0.5120430902763271,0.023333770166063087,0.7813545062462938,1.2721413392669982
-0.7012135831385287,-0.5927636581183742,0.0006354739051767166,-0.21725599964078468,1.0956106099922434,1.163792511737365,1.7039410508268644,1.9898463977374719,1.6299220452838468,3.4226453909193166,-0.7858641134993548,-0.35196512551465464,0.11611199332972912,-2.4884417403460555,-1.2466389482667988,-2.041692228402368,-3.289224987904297,-1.7305687353857822,-1.1207532013038408,-1.2878625614765895,-0.5285911743838998,-0.1998497127314482,-0.6724904583079829,-1.5746583177292657,-0.7985578210770193,-1.3294261914736174,-0.9131921845146389,-0.7937378430322967,-0.518546017608265,-1.602141900966483,-0.035994293217644774,-0.015430932832203606,1.1374154527602935,0.8936186358053944
-1.8092160254106282,-1.2731254088699007,-0.6035128440357624,-0.2999061106879008,2.274242605681676,1.2321432362873652,2.7095164779163188,1.7308405084487921,2.1809829686134314,0.3847471627164586,1.8759688192315456,-0.7806107357313556,-0.8913837738059056,-0.33356556323130193,-1.6041426768987945,0.7419666546174598,-0.3729053398771703,-0.7307990473018445,-2.1312664202912406,-1.201786368291319,-0.8957523448828799,-0.999898059145948,0.20909699557826286,-1.0558357205201405,-1.243701459002659,-1.248085290115506,-0.9618801043287897,-1.0249391891908008,-0.4356091782871336,-1.1401983610009823,-2.1930933389612943,-0.5316710254722002,1.1465897931611793,1.362847384592114
-2.41197525436341,-2.1459930535640397,-1.6677445481509243,0.3955976139329974,1.294357788966065,0.545391020522756,-0.793051456357865,4.446580001116917,1.9217934049730347,2.306960616636253,3.360024032020254,0.49880345713575114,0.8048296343784735,-1.1808698019679331,-1.4198974306939731,-1.578336298542544,-0.8047690062711831,-1.5157447986023673,-0.41998280277619904,-1.3817506822581698,-1.0523289535689913,-0.989401571273779,-0.0871784670303852,-0.8350802405024513,-1.2753433227690227,-1.016600102815852,-0.9102890481169755,-0.6684469536941623,0.1334163679626654,0.25096181134297796,-0.7024086199170225,-1.7486610739548534,0.37156943741789683,0.7807707773847833
-2.0384915183170786,-2.0801255884324306,-2.61754893459892,0.05309972554906104,1.5157293434329573,1.7494244774202166,1.6102718375490772,2.6344033940662657,0.2936534802011388,3.2437635150708255,2.2398407056857064,-3.302587657499518,0.46394658860930743,-0.6659582512532424,-2.0528987568396895,-1.0196997417295448,-1.1099669794736402,-0.691082556409993,-1.1364876147906013,0.11207505302220146,-1.257056041506807,-0.8368848492391416,-0.652532369383614,-0.5778216118737101,-0.9487925282206868,-1.0223409734550581,-1.0174406881448508,-0.3836788572564086,-0.021930346183449672,0.1179041539045185,-0.4004894021036303,-0.9805031971139508,-0.5552572203158797,2.9452826381031616
-1.6649678388017621,-1.4407438458763102,-2.6966113139318066,-1.7954293345359922,1.072844021448551,4.417921267240976,2.255969575373543,1.067547730556141,0.5764557466117042,0.719690129368611,-0.3360206034885365,-0.20573593529089915,-0.7992450480709129,-1.4915711102609683,-2.7934421312562505,-1.1861819560691662,-1.0459465153209198,-1.155170408413081,-1.0051936700854187,-0.7127174468464599,-0.3351870633482742,-1.045236138349898,-0.9792862236762213,-0.7429510596417888,-0.8124161846812326,-0.9364417285860549,-0.9686125173569651,-0.33391131533545176,0.6239338620575033,-0.44560259134936886,0.3873693013670667,-1.2889395839060185,-1.1945620205827516,1.9791135401648892
-0.2515520270263194,-0.7386316345726832,-2.130022654568433,-1.5011479941748551,0.769278133325014,1.9908783135835093,1.6979538109206411,1.2416836037842038,2.659686502546199,-0.379763659777213,-0.0032147674294037715,-0.9186436658203284,-1.1490722650966687,-0.6882791096695544,-1.063356257252458,-0.810084594393752,-1.1015106512255088,-1.2501743780850696,-1.100921724156323,-1.0261220900147672,-0.6166759455009112,-0.6662956047540292,-1.1651107572648263,-1.031333261744141,-1.0152730830874106,-1.6228730495702806,-1.8572854170841964,-0.7537573061301021,0.049395858427727736,0.6153564892635834,0.6377886257041919,-0.4560109214501766,-3.094477059461751,1.4068476741942382
0.7015005523118035,0.37505091900340654,-1.65444229057521,-1.3412470721677867,0.2525032648813628,-0.05267552305941878,1.4921924370049737,2.5468594548286116,3.2307747195311123,0.30504453620884786,-1.206297263144781,-0.06950695602389262,-1.5447668515055508,-1.4843618464091077,-1.041330732195787,-0.7705144316693315,-0.6328811267425469,-1.4025611285141328,-1.5300089271657604,-1.3490642579111713,-0.6982902734430741,-0.8227941571480651,-1.5074711237623826,-1.316279432707511,-1.190098550823046,-1.7021431348967089,-2.6966273734410438,-0.8969458829407335,-0.2882456359399446,-1.138798234776829,0.4115208246749207,0.16473794599146596,-2.4957057023283147,0.5282216760946364
