script/wind10m.json
{"header": {"parameterCategory": 2, "parameterNumber": 3, "lo1": 3.000054539987559, "la1": 64.9999836372058, "dx": 0.5, "dy": 0.25, "nx": 34, "ny": 52, "refTime": "2025-11-15T02:00:00.000Z"}, "data":
[rows 24 to 47 of 52, columns 0 to 33 of 34]
-3.7684522516893457,-3.1912177849759265,-3.354829934511764,-2.4431664856931867,-1.498731177151388,0.12758749650417475,0.05197205314117881,1.2382830573300678,1.0376294678671028,-0.1634144394812167,-1.2379679416682183,-0.9263616046172068,-0.2149375516235015,-1.5397566216562417,-1.375455352383454,-5.208131118319676,-2.797859821437326,-0.9989468867734062,-1.490778851736093,-1.2721035711597268,-3.908899072571393,-6.697107582648194,-1.166104494062839,0.52235015452124,-0.3650665165336157,-0.6258905894641604,-1.1881883343917943,-1.1315382295923473,-1.126343963389927,-1.64610977638847,-2.4284114142717357,-6.636158933973798,-9.237962532392299,-10.32328977230068
-3.9647808016241366,-3.391876533076953,-2.5504351083143586,-1.2764914762501554,1.2525754084271008,-0.0779601690340966,1.3507047370937595,-0.5619803207885682,-0.4972501149330662,-0.6306960551330864,-1.0730807627678391,-1.2456652814638682,-1.1201309391049559,-5.859072661577277,-6.31153137411464,-6.771194271135288,-5.968410584891532,-1.1721945822424629,-1.4524371752836711,-1.3356217657974827,-6.685234491593505,-6.607095080686759,-1.8395035811481986,-2.1552746409646226,-1.3858482556477858,-1.896518964534189,-1.5451752642893812,-1.635749587515252,-2.294386469966846,-4.368795243382111,-8.749227381537146,-10.062019557796896,-10.744408877889953,-10.95880471530993
-2.848022501697278,-2.177437605031674,-0.45452043725515096,-0.1994003803217714,0.36069921694150026,1.2974667575001089,-1.5061471336703067,-0.2759305598167125,-1.3332973012481655,-1.4602755467480595,-0.7656890824576837,-1.8502072023548544,-4.348280508289422,-5.359248088304466,-5.4161247468612,-5.5260588705296945,-6.46636389410393,-0.8387142448019287,-1.2258352418703646,-3.958464899412657,-2.7684904599588167,0.21181926311841032,-1.1341711517297808,-3.416308445875169,-2.5315459356518852,-1.866942699940552,-1.3401911150326071,-1.4445677547962075,-5.702302270447122,-9.3803632635973,-9.41154720189164,-9.770337693810006,-10.771779942577616,-11.297133978200504
-2.385826687458152,-0.8354351220911006,0.0277419935109009,1.0452359254104011,1.8595448759910862,2.578924852126913,0.11418866657090801,-2.6828918017357055,-1.0196552125089382,-1.728366012040882,-1.9819771597328255,-4.727193245657711,-4.954506232379859,-5.518631627079914,-5.447503205344095,-5.171236986663042,-5.983711502610213,-2.213564706722903,-1.658359876565129,-1.8068226645507934,-2.813416273367785,0.8572289907976688,-1.4414736276311402,-7.2679332280487,-1.5213913380432287,-1.3471136818662515,-1.3244049319091284,-1.581940360188954,-4.791602742439318,-9.765941419073087,-10.286662308221095,-10.298714541316057,-11.19484247506439,-11.515730009869264
-1.1779188871900406,-0.15084055867499255,0.3978102294338213,0.9435968511057272,0.8046000514977809,1.1749070189401063,-0.08359186146909918,-1.873885413893445,-2.2419242719272714,-3.0142330143006015,-6.266073743145279,-4.007889422655001,-4.100110340931001,-4.539194949048033,-4.986484719131601,-5.005256632416693,-6.089804357305984,-3.208267516165615,-2.211462533157239,-1.4175399897784604,-1.125244468861828,-0.608515088660171,-1.9773642515890457,-1.7434058224951017,-1.3363542266506752,-1.542409388123157,-1.9622167625934908,-2.067614230349331,-9.607684345919168,-10.894655281191772,-11.216869484133781,-11.174395305497816,-11.47072230992611,-11.468956101306086
-0.9926877938331583,-0.24523102310444475,0.20919547223408266,0.42042466332720724,0.4124215598808837,0.09055422449665271,-0.35602362547492966,-1.5996402129992007,-3.5994305176779884,-5.33957829012868,-2.849296150037387,-3.6371729766823773,-4.204555893150395,-3.7902163312566177,-3.400095561454875,-3.7833760069027464,-4.256726431041757,-4.83911525540268,-1.8561123942796125,-1.3503472951250193,-1.8996817767676633,-1.5976897070761766,-0.745661183821405,0.19299349978634212,-1.6509527761836522,-1.5043226666164393,-1.3033565725186849,-1.3308373452848294,-9.559734624161306,-10.514785663354358,-10.70337982430384,-4.9586094622788,-6.581657499528657,-11.179791820991216
-0.43501650338860975,-0.1413931502528723,0.31857842783809404,0.1847377836394235,0.6148798184607542,0.907893052931948,0.8446841481464878,-0.01946857670401499,-0.9476135376083431,-1.694591031816519,-2.2163111344305304,-2.152792660927757,0.32026563453572177,0.5648336318363745,-1.580012723556298,-3.992420443678972,-4.322847746950003,-4.233619571051023,-1.576510820476266,-1.3636682327303478,-0.5380853617900937,-0.41169975455919594,-1.899125391609702,-1.9178166982875355,-1.6543593339985503,-1.669268849076877,-1.5104772810041034,-1.754084466342661,-9.64255782375323,-10.190156314995072,-11.08978252717285,-2.9726660834802994,-10.010971466585199,-10.984485163097
0.13231610994634307,0.2270742884940413,0.511205276469176,0.4578474667826712,-0.0020712452235146727,-0.2067244267402623,0.14211276829035122,0.1803196193956768,0.8121089364607305,0.961538854559619,0.6301885518419421,0.7090668599284411,-0.28528691104713616,-0.6410935906034959,-1.5281601831948806,-2.685483253040808,-1.1454635663042774,-4.224139971746329,-4.917350651437224,-1.1702148894284754,-1.487854091222454,-1.534426562212297,-1.0732399394595602,-1.090932078482088,-1.9082062856380255,-1.3700661089932578,-1.5462089508523398,-4.303272975611729,-2.6958560754982996,-10.113268164148048,-10.644572002965234,-1.9953482726094465,-8.355497852424302,-9.851810640157947
-0.020410091247542145,-0.4189840289185824,-0.06543801269798054,0.33486552752707704,1.3676893072044223,1.5987385775258682,2.2792852589183172,2.289221346385179,2.451113116020746,2.5716389759027036,2.384971617669393,0.426498679764416,-1.2030681034306032,-1.2915309725546287,-1.3226477304527524,-3.6274742790595114,-2.283431763388572,-2.948447521657707,-3.944601489382553,-1.7481123847531883,-1.3914913965736435,-1.1963765105391666,-1.4302604212677401,-1.5388817992402541,-1.72095781900472,-2.142321504659337,-2.2428398384318995,-3.519444394810123,-7.624026915276863,-9.627318535249264,-10.485856589622127,-7.847418439140707,-9.84330027859013,-9.714576403961981
-0.999671048102702,-0.8743931378631702,0.1635106036090766,1.886303994005338,1.9313205938145819,1.7883858478631456,1.3601345800227091,0.9722911299360811,0.8253247823277523,0.7492080496324609,0.6530896629669192,-0.2868082978654959,-0.6842896298561411,-2.109547967381254,-2.4968357381485045,-2.9564066127849733,-3.06421031279891,-3.2499199385633006,-4.050035213148823,-3.88954719028771,-1.418181144045777,-1.5111179062641016,-1.4445142090793932,-1.2142987074082285,-0.9602786710817284,-1.3943005316781734,-1.1551645409782207,-4.610942438821215,-8.247016269761152,-9.454198153410239,-10.249378327028516,-9.96258613463506,-9.992041885055759,-9.432862871233144
-1.8226652224673237,-0.9828257620338738,0.42054422907155414,0.28150154259016963,0.5363262600041248,0.3984830672698243,0.312553259128507,0.019834262205929324,-0.15115599324631732,-0.5422014121503359,-1.690113092973505,-1.3711817055530682,-1.2541931351055868,-1.8716662516530673,-1.9718414574403178,-1.125880316428564,-3.51430308965179,-3.584337519819885,-3.6556161440625443,-3.839795049695506,-0.6196852229979795,-0.7610145242790024,-1.3726176221197293,-1.4044179814124822,-1.3710276793657312,-1.022646236543743,-1.2620902947636394,-2.3900689775956194,-9.001665200950088,-9.454469903192468,-9.743744821465677,-10.018350245595549,-9.818238558442165,-10.144996317717851
-1.8333840042233138,-0.4729040674124157,0.17337050218336292,0.06780118511716522,-0.27049560817388,0.323597362524564,0.270646527543185,-0.5422666534535642,-0.8995789255875544,-1.415163221971958,-2.9044817268038625,-1.428315937015155,-1.6767666240611698,-1.1472655834429935,-1.473551579053422,-1.4976703419267043,-3.472437695898772,-3.120903539368043,-3.289795760804135,-2.198693576306213,-1.7505879665904536,-1.4118453453126252,-1.7075921673620644,-1.3195041442932862,-1.8803289117684554,-1.8063747761394273,-2.427055598031418,-6.2967689337899575,-9.536053011187066,-9.510683666189307,-9.699292058886309,-10.167755772961408,-10.212458001007265,-9.94829054049381
-0.9405497184003855,-0.8776196986429108,-1.1365755887043685,-1.015933655951965,-0.7088921144353731,-0.37604527181241626,-0.6890423625903604,-1.0826655108699226,-1.7003351459561973,-1.7501514769062059,-2.6839931940423734,-2.3841537113419595,-1.5026830054249687,-1.3449779050817583,-2.4072940914130028,-3.5973824631119955,-3.671320271526709,-3.3581514090486086,-0.9570228540966527,-1.933867708340656,-1.8820108281655288,-1.4967560721154543,-1.6765576532566613,-4.727490545289365,-7.619554942658931,-7.371780420736841,-8.484470652543576,-8.67980203808885,-9.576925528903217,-9.711625947065423,-9.659574001227243,-9.727255886806716,-10.308696315498594,-10.155314223847006
-1.6738566132815076,-1.3592754230758433,-1.5445142538114622,-1.480089889464288,-0.9681777626159995,-1.120406045248791,-1.4448110001555154,-1.6079189949920223,-1.8179950446545368,-2.588876613975856,-3.517377224069621,-2.578634493511011,-2.7197607560116173,-2.606358484353959,-2.946495236664433,-3.30596538637041,-0.7075835789872148,-0.6895766979316789,-2.1576101843777824,-1.7297868203505133,-2.0743354890162555,-3.73851583875418,-2.3648165052647374,-6.920100297710965,-7.271887825314801,-7.607827838421048,-8.820973231062583,-8.868562290248363,-9.180776781821228,-9.240814865468101,-9.382412419701797,-9.274502791402465,-9.83093322896854,-9.889077971774189
-1.5278115128376006,-1.569394150839829,-1.5714424272845184,-1.2722489523634175,-0.9202327762451851,-0.844308945088046,-1.0126909264241641,-1.3940698544065708,-2.454182497928648,-3.201781098296746,-4.502076416187637,-3.0244934952538203,-2.950019680918999,-2.682672950693939,-0.45330467972300964,-2.025782107539148,-3.901955970101614,-2.492482535427298,-2.595568371837783,-4.608556887478448,-2.606816249002336,-2.851705026212372,-3.078507823439999,-7.725034249090707,-7.699556873772626,-8.299279107885974,-8.839359046085654,-8.9492739309934,-8.609485672007807,-8.896412749574518,-9.010027379558517,-9.19720341499249,-9.099694517574854,-8.899733548460112
-1.7224700796800052,-1.5678496577282275,-1.267633098877495,-1.0088510785889917,-0.7617932498874328,-0.7473361284480453,-0.6720269394816565,-0.6987665890537756,-1.4202926259958895,-2.690070427239485,-3.434178260201841,-3.7084702660974016,-2.0811917097635813,-0.6889240255982666,-1.1921704264597768,-1.4954750944121389,-3.973926695902991,-3.0367064843759533,-2.489374750163128,-5.13237456763152,-5.065372810641411,-5.7230628252475215,-7.192824311901994,-6.680744555591057,-6.592378119663897,-7.096517106350552,-7.853160301518299,-7.817092016922594,-8.34375416596941,-8.41115827417172,-8.652981437335818,-8.743734890024296,-9.164416288586859,-9.1063944419367
-1.6671833957193027,-1.7504713018662512,-1.5302322614762909,-0.24388550610863816,-0.24032015727622494,-0.17870411136980438,0.033736076379273054,-0.40340764332329404,-1.1181252412262448,-1.7536962577724247,-2.669316858778989,-3.3984495859125494,-1.063554559698216,-0.9084189040264357,-1.9470070278643345,-1.935251151663961,-3.7747986286532353,-4.064915797734665,-2.296454766430749,-3.4897840234532587,-5.238033288145328,-6.144847271506187,-5.811868766771338,-5.042306450583542,-2.741198678540942,-6.838372948660257,-7.4634073772135086,-7.837433922644522,-8.014081541040186,-8.128350180768766,-8.121968240794407,-8.206557903054373,-8.172971391082603,-7.864179042822001
-2.181877039891566,-1.0953245768595905,-0.6615390096030749,-0.2550552461850643,0.04681769814047919,0.13777662463010618,-0.12775421630009134,-0.26331193359046196,-0.5829587478383833,-1.250604733745232,-1.513889863184176,-1.613117497072547,-1.365574015500049,-1.6461592988066498,-2.3783751197471292,-3.3920565723648477,-2.3684670313201046,-2.5025007992705306,-3.454521975068725,-5.54083017323161,-6.051677811698546,-5.96861259123065,-5.325681495116681,-5.760678841246058,-6.289013623642377,-7.142277375466579,-7.7441170010084965,-8.114226567812903,-8.146166292682858,-5.1686068713590565,-3.2239151946998836,-7.231830111664746,-7.687830826984969,-7.662212685836166
-0.6808157595665175,0.15265111806677026,-0.3868528521574658,-0.7192748163494715,0.15486058592210966,0.27121338132910056,0.3980661783301691,0.4162611996685498,-0.030701865944274546,-0.7180416252801102,-1.7898415256235043,-2.2497101187621564,-1.6372847036809324,-1.4595864163015368,-2.321396706511838,-3.3204703243929576,-2.9750972853632165,-4.079695847182514,-4.321166134066967,-5.290892913724105,-3.5602940308409856,-2.1446568410825106,-6.011569100825122,-6.917107468962947,-6.948224083166794,-7.264787248492917,-7.689492970416866,-3.5559049942781225,0.03638229110873734,-0.35695646954182714,-0.8960776809787051,-1.351537068743309,-6.906402731515494,-5.777269809978231
-2.1302539188285285,-0.5808712225417558,-1.178783402277718,1.1991326297138891,0.29509232053224616,0.018685859945403734,0.23137697949055028,0.17320515239449355,-0.12878317796336475,-0.3871131904590135,-0.4646676394470545,-1.31395047855298,-0.6485563253186355,-1.099915440252802,-1.6084512188672964,-2.102608898278879,-1.917040518923609,-3.665796999675542,-2.9362603308341244,-1.5547779354316327,-1.8616382272953953,-5.042021909156955,-6.275955412478669,-6.248716596631803,-6.124093243845794,-6.837403035967671,1.452843630450947,-0.12997325339101656,-0.2674884403156434,-0.30896041641753785,-0.943408796758054,-0.48820113181378266,-0.9856550585535028,-0.6188552929542025
-1.8638440508714995,-2.149707395977173,-0.1552562429601999,-0.25130765853212284,-0.26476277906655193,-0.5022404766786148,-0.059939808930452136,-0.5383329156299504,-0.975104542090378,-1.4522164235001682,-2.082756058797341,-2.26955822126529,-1.4715403436756818,-1.319958398682464,-0.9719835909478316,-0.5865804428347005,-0.2530494143551656,-0.8357207154679588,-1.498018411921973,-1.8640644452140094,-1.2840818540322416,-1.465661558422218,-3.100838024023165,-5.575455701193262,-0.2531352662769079,-0.22618308095713643,-0.676057508202363,-0.6195809265851623,-1.443250556769336,-1.4491123461686513,-1.2757180834389739,-1.9502571959847488,-2.15656397611847,-1.6185448527155128
-2.2976589369504596,-2.0826734032504786,-1.6323775568787693,-0.6080423573515938,-0.6712820349347264,-0.465771424940895,-0.9766034594752644,-0.8188642221182697,-1.1090953367956105,-1.970748425561163,-1.6253540283438481,-1.3072893565616466,-0.753086726477723,-0.5944086710046977,-0.3524951419672275,-1.2327441964169779,-1.3809274498157003,-1.4185610651518767,-1.6527561693267911,-1.567053942790151,-1.7995683923234351,-1.553403673527584,-1.8985826942712603,-2.3600375758318886,-1.4220580072520872,-0.9818012786771588,-1.3960874927290112,-1.2574575199281652,-1.4232068504738535,-2.0427245415854483,-1.9230515629235199,-2.214242156038333,-2.6940759233496534,-2.624117275420301
-2.7300686433582526,-2.0424545049138647,-1.6363245269891193,-2.1589012113018535,-2.0596669160610985,-2.6303186620823547,-1.8177680587594705,-2.229684156684555,-1.525755182195658,-0.8996747859517746,-1.1983591991987492,-1.507548289932522,-0.7683452305396019,-0.8326861759956488,-1.0914492033309555,-1.3878852093328948,-1.6841827202853654,-1.7985698170925595,-2.4164684268381587,-2.1372978439337116,-2.8163996100106234,-2.555402781809829,-1.8587283979279159,-1.8595557765804094,-3.021263514973905,-2.257046165921934,-2.0505396852770086,-1.9792996094125364,-2.208444941148373,-3.7693027711052807,-3.3101928709975907,-3.5212151646572334,-4.472631139284847,-3.6489369499089315
-2.8786415808648447,-3.0146944773335895,-2.886877378861632,-2.341645871031277,-2.756170621804723,-1.2185935183389234,-2.583883697082415,-1.620021469081263,-1.6402286663114762,-1.0732672505133118,-1.5824542610587289,-1.6093062801930302,-1.7838460048687221,-1.2077599151463025,-1.213427722114678,-1.445524327067443,-1.221582088743004,-1.6732903149848648,-2.5065653285772687,-1.6279127325786278,-1.6550711640414482,-2.2735310545065346,-2.849320505640715,-1.8125524889042803,-2.4861683574645075,-1.8741070635936352,-1.6716018430433266,-2.7643898508326568,-3.240370034724717,-3.5597300287536138,-2.0548416846355475,-4.9403129944443425,-2.921462705476742,-3.814864722363781
