script/wind10m.json
{"header": {"parameterCategory": 2, "parameterNumber": 3, "lo1": 6.000027932988019, "la1": 58.9999434238085, "dx": 0.5, "dy": 0.25, "nx": 22, "ny": 24, "refTime": "2024-10-31T05:00:00.000Z"}, "data":
[rows 0 to 23 of 24, columns 0 to 21 of 22]
1.9865494580595402,0.9270933422023896,1.5381956904373153,0.79793451516587,1.5559136332904173,-0.32199747213846563,2.089502249579574,2.6429803769054927,5.729568578790834,8.01694237737723,4.604316428641841,2.2732076227108244,2.0822067429169926,1.789680029692252,6.261807907246976,4.6080730131066545,1.983394303075319,1.5085887871460624,1.3241216025219364,0.9143975120041927,1.0999313713159058,1.270507415139626
0.9113008436953945,0.5063268957776932,0.4258662816862469,2.266038041687689,2.2846177826980574,1.3989716503373455,1.9508902048467205,9.315464623427397,8.644765745895173,6.615828642320716,5.083941580339246,2.2418947331648833,2.4526618920247096,2.1589115607156635,5.957894412376942,4.775177206658964,1.201807271353622,1.0684859105903886,0.5706665083620553,0.7921054011977018,0.9814990221038888,1.309059516962201
0.39913747706937275,0.29910640812958134,1.1440260092772363,1.6895416980193079,1.5119653490705596,1.832897271877824,6.156427308491865,8.09904321474191,8.088813889193005,6.302430923569413,5.331771624126258,2.086901140203298,2.1968030960821885,5.745247548175189,3.0156772038492403,2.5455748156619546,1.0026350425078026,1.00878392935206,0.11144484883813587,0.9308221114480321,1.3701423936229364,1.219292950421963
1.2429599060353922,-0.007027448783928702,0.37130607076706806,1.1081534309047008,1.1951960487464068,5.109233605110598,8.235531182810643,8.320931232583005,6.51083669409202,5.900856910763676,5.430829211435546,3.026869922641964,1.951768671190913,1.8761756356920665,2.5527035996774803,1.3915601990006892,1.0083657035690148,1.1769438028268497,0.4934093696373874,1.0802846674779514,1.15933298870071,0.808375694361787
2.1710684776433644,1.8462202249077848,-0.12433599714314704,0.7468412430475316,3.6549317837873536,5.051680113556004,6.136793118752513,6.392416735576142,5.2452322578055925,4.172371220720554,3.8118923007579975,3.0934054971601888,1.4567551127270415,1.2924991564914892,0.7999849977274406,0.6452703069047933,0.11102304601201111,0.2731520622604642,0.6535353543764139,0.9514508345765351,0.7532904667184247,0.5580960939602164
2.1052062596078205,2.7934685697552077,3.3461277684143127,3.3751169517154254,3.559733567941391,5.351790615042281,5.450851818065313,4.747264435896754,5.261541026497413,4.492403439015763,4.536524495017044,4.004324046413707,2.1222074608853383,1.5595033818794624,0.8841022310809136,0.234706114114887,0.2899784290147011,0.529428818381036,0.5264988972061293,0.8217977335716604,0.4358109033878333,0.5455944794369787
3.8279746317180536,4.754804106560128,4.982636628127531,4.172978643806721,4.630286732386303,5.867010081180736,3.807081149893864,3.8391464330179508,2.947603882660012,4.192419861611661,5.133556332400022,4.279862391466881,1.8220414420907856,1.4894591187639958,0.5632772749188583,0.2915628707662315,-0.29793538599013475,0.27162493897132095,0.7640549575096999,0.4538402171846556,0.678625420189716,0.5192159953953791
3.88825891027561,4.154456808937397,4.221980480437782,4.167561759248287,5.462743762530338,3.4396426439595698,2.390366294483394,2.9667986110322504,3.3689894688759527,3.0481757557769176,1.672993498346908,3.2508740401421843,3.2796406428331046,1.3184153151626694,0.7000739551046046,0.6557390619700098,0.42100828464943224,0.15582754648075228,0.3208532792155132,0.6643639123883385,0.5224745598019827,0.8786737146094286
3.6319257556618076,3.2315473967269623,3.9583885979586406,4.806141156734216,3.8162958205292226,0.9749489963640406,2.1137668841089674,2.8487842294211174,2.5350823183538527,4.860172001247968,4.160736506571029,3.145763709758359,2.968680701208016,0.5816260632331708,0.5125492404232496,0.227490520034786,0.782958115186451,0.14536057357810514,0.7407906196353158,0.5603743191922048,0.9353333319404502,0.336479730283467
3.3122207195283013,3.370436542349737,3.7236849542136583,2.87466526134969,2.5679128013036427,1.6374966281293288,1.60360316217273,2.4248747269606246,2.256695977918427,3.138003578035857,4.550718711802307,3.9317261755378428,3.573623851688234,1.8759007950730853,0.2550804471001544,0.27683905157250344,0.45170730045462987,0.4942435173007798,0.7706648198720137,0.9860683906136378,0.18110340069683845,0.17237831549332758
2.683126319587053,2.847188482766018,2.447836805879718,2.1295173282926076,2.230723583174306,1.8397975782637577,1.3647550771740944,2.044531916012951,2.1656540949782426,2.3579486577240947,5.47786744645795,5.188555820213176,3.5105554120250533,2.6950562367961806,1.1564390355349674,0.0425366138895019,0.3410985969351389,0.8771036548044164,0.38407274545151937,0.20123821085185192,-0.30524368733459556,0.051889292079387445
2.18121956735211,1.6708752103682287,1.8651146611368659,2.0766100399460807,1.793448045346699,1.6804180993681552,1.6035277796216794,1.7221798967218362,1.118882868459795,2.577102459556943,4.4171320633081885,4.770415781285406,3.7261605607029806,1.3675215146285107,0.9514058910804323,0.06928386450726472,0.4213053454191422,0.18584116954262345,0.5433142393829911,0.19697388595925513,-0.1693062607955328,0.31670602850225815
3.1345022226668244,1.6377097908764975,1.3633756709343419,1.1784147898915998,1.7026247891851813,1.5317036702759657,1.3422731267142798,0.5360239713899337,1.2193046671629533,3.555809534663376,4.276070875297348,4.298314397542089,1.4464018776114274,0.6453565060562771,0.41993895677068876,-0.2349052392447868,0.03480762718941622,0.15183044871332896,0.8399664676630599,0.4846109387657158,-0.6196789417639892,-1.4956783172917496
2.8472267448115596,1.1368495199288784,1.0162633896103312,1.2054673182204665,1.835355246675198,0.796971638127056,1.0176543014671973,0.5347460153455744,1.06492464547307,3.2689691718360248,3.718225744051677,2.5244920511897773,1.829475406467185,0.32196674681051085,0.1449111827537293,0.6014107524263224,-0.14669517803455592,-0.1776910849498325,-0.25671814886835326,-1.5448343047935467,-1.2745433049394073,-0.8707813790499296
2.0793333194801225,1.2733402069613886,1.406123707181288,1.4845858873504942,1.2420435516695856,0.7561773406945504,1.1161497194138377,1.1165052968964702,1.5603424767018887,2.4398071212134305,3.1517598419199513,1.31058387419714,1.0373720850557178,1.5599316355449289,0.2795193090542266,-0.24349877825041763,-0.7324853785680678,-0.596255785848326,-0.9690014920052584,-1.5267838477717053,-0.13321981460996773,-0.17911433872057583
2.2858903988222004,1.5815999007286468,1.145785729044816,1.1222003120905957,0.8002085562895092,1.5307706250126119,1.6173194808318336,1.3479698200275796,1.7287268140772125,2.368546983972399,2.406632262765293,1.0958243268587826,0.9270766105201889,1.4704449002771014,-0.04381931728786637,-1.1100517894172939,-2.1789556343977092,-2.618716063824748,-1.3136647420985663,-1.5573129685441547,-1.5873947238269428,-0.3393424708558534
0.5741219018669292,0.5205920110145312,1.591978499696766,1.3850874363122003,1.57750339476496,2.2418752597009806,1.731416663074226,1.6346403421050753,1.5811289112083264,1.6132055545236859,1.7735050874240508,1.6147243834663279,0.9199870140863879,1.8353954608407048,0.738632411257035,-1.3294272210315141,-2.0744864875698585,-2.230565828947205,-1.1570771829962654,-0.7943133213564593,0.1681759689043408,-0.7814199123051643
0.9067041977289297,1.1370085418522937,2.1373250775850097,1.3884271066298155,1.428279256542181,2.4964443147244637,1.5760745479751752,1.7691543172425896,2.5124592057100186,2.815781056848178,1.6631555323552147,1.0028892648529781,1.184796109699231,1.5002574050039115,-0.4980590447618253,-1.3935440443490175,-2.152015645314964,-2.351216282746656,-2.305624814659202,-1.165185420226914,-0.1535601086443183,0.31077931045146934
2.2885736367958707,1.671144532525365,1.7434337700298,1.511461366469723,1.6826662298048733,2.1492196194232074,2.47599784067669,2.090132444675468,2.5448997434357197,3.463381526852417,2.50224738063051,2.5004177584070533,2.4981365153705144,1.7783578808224583,-0.5538563470115325,-0.535691457413871,-0.09832140321362279,-0.9468819703402105,-2.138031073302523,-1.8484594850499996,-0.38457098189721095,0.5424629419176917
2.1120503366927172,1.1460429491924649,2.894180056426672,1.9910532573032897,3.8164740183447274,2.632993969826737,2.0586740403217076,1.4854141618495467,1.769708367835571,1.7466182003201887,1.5389718888927784,2.9369151277296983,2.4820106393475916,0.7038362330329704,1.2895854604300634,3.8049590121076844,0.6586067015814989,-0.803760974921555,0.18033494190148103,0.4938824118236,1.2827769834218816,0.36028728816325606
1.3155846343117508,2.4397470392275507,1.78206580237076,3.724393078257014,4.179135920953652,4.331021964461418,1.5550756556761798,1.0148198067546348,0.6410266054472817,1.1110891128342257,2.8017871914397428,1.7532726837479855,1.7687896150173115,2.052926386355416,1.5563679974853022,0.6939784620384216,2.0629673207803436,1.1830940876141207,0.6476798908988838,1.3081206230269178,1.1174602201232575,0.04249196516275519
1.3337946298838905,1.8354446573159267,3.099188689700104,3.279556034744026,3.3603037663531596,2.784300140534905,1.6862564513839025,1.7071743694798331,1.1979935841850318,1.1279986702198324,1.2358193368858568,0.8971865004242463,1.4234739419220503,1.082203067301284,1.077048875049153,1.1482621294329192,1.0681216504843183,0.9748775469562276,0.810407200186303,-0.06619746312826176,0.13757371725624382,-0.018996068001815865
2.4893800347367288,2.8713121440283804,2.723247407698706,1.454594380591105,2.2079248591886316,1.6415083502359087,1.0866487021871005,1.3363045080555087,1.2084012413485659,1.0575976350149094,1.1076531527520972,1.2547644723066602,1.262830290882825,0.5228631061842598,0.05361699585993276,0.7126529904827849,1.0023184911044485,0.8022959548633561,0.14569140084320317,-0.34367822864651265,-0.36439844479081634,-0.32209783731614
1.5232053260745118,1.3012991936328433,1.2398168066335882,1.4908111531685702,1.2958928236311489,2.499450441874974,1.9620247186026882,1.6627271736271423,1.5269979248945513,1.2663473504359632,0.5400877911769035,0.7724137602933904,0.8277020742364867,0.44064786736352113,-0.06048021855733088,0.5314891091833573,0.589946955470641,0.44236247739951007,0.20917199238822246,-0.3886075994458853,0.10117439051270932,0.41873316094387125
