script/wind10m.json
{"header": {"parameterCategory": 2, "parameterNumber": 2, "lo1": 6.000027932988019, "la1": 58.9999434238085, "dx": 0.5, "dy": 0.25, "nx": 22, "ny": 24, "refTime": "2024-07-25T20:00:00.000Z"}, "data":
[rows 0 to 23 of 24, columns 0 to 21 of 22]
-2.1627518965173107,-5.600945949694679,-4.074570508187362,-1.2671110260556888,-0.5457362905944482,-0.5555695141032946,0.14324722464669085,0.5303671584722214,2.202333120790479,5.53802332474254,3.621289285526713,1.6998131096976568,1.1435938558495302,1.2126637639906546,6.008990437793041,5.738128891602036,3.1464468029862247,1.775491847972901,1.080508887721085,0.5057429677913933,1.0226653277329314,1.5684996685361665
-2.304615700069138,-2.019828342455973,-1.8367939808544658,-0.7990376760848066,-0.8465098409646636,-0.5911507587713057,0.33011420071369324,2.717431890131091,3.5737038268090027,3.3628740119332496,2.5965144728331353,1.4047884588168071,1.2106123956845711,1.1971938909279964,5.6518345214585715,6.550134747751317,1.546996470917517,1.7200439853839182,1.3160200793447714,1.0494756908758143,0.7129307031984176,1.312958652958674
-1.508742142732999,-1.2139183793878061,-0.6193283542357547,-0.7245062782819611,-0.6046450012110658,-0.33050031449064265,1.6333882768506325,1.592191552855285,3.3139720338888194,2.0399823260114425,1.015307882568127,0.2501654035689966,0.9107002271820285,4.8575640785701015,1.0408132851782694,1.9052364516877338,1.7365411695449555,3.9233697510581664,3.035950888423489,1.076201474918576,0.6643508469448598,1.38189970277854
-3.740053729861738,-1.9023792108982573,-1.0502922909754178,-0.5329793474519633,-1.105943653309413,0.2930919525566369,1.0733444423784755,0.39287439975761684,1.996189541064797,2.3992254046207355,-0.2599284883329533,-0.7613121408867028,0.17163123884015866,0.3035065797400351,0.7545652562864748,1.274821523667491,1.8306695614013717,6.663014606259733,0.7551816005772292,1.5156512349665576,1.002185986297553,-0.12704183416362905
-2.663696626906433,-3.29219305538586,-1.9304606221253033,-0.8821757166375798,-1.5811244198662653,-0.6953458880055193,0.5434040235633104,0.4544976795022616,0.6230529749399122,2.6270062439050545,2.0692390038188035,0.6802986348459162,0.2919211770433973,-0.3453980836886005,-0.2179475154799308,0.20245658369461098,1.7062233751081801,2.107209295784181,0.6927359818678123,1.2770849912559206,0.671670288512352,-0.896651167571603
-0.8735039072593606,-1.2181032050941827,-0.3459898875260076,-0.3447154136815321,-2.045282633940093,-1.4382883895812686,-0.8729718581714853,-0.6401002593067875,-0.013155472904276284,1.1152913577728567,4.107359732642488,1.2821033310263072,0.17320934876257363,0.576036769107346,0.8254018434682122,0.6525707724690308,1.5229841432404583,1.8215835283620836,0.27026777466684165,1.612308113893707,1.6525181738912695,1.0093021131487105
0.1939626779723979,-0.2185409415308816,-0.035392173006283716,-1.4863116177276114,-2.745157052764296,-2.518115837634321,-1.4000491682595262,-1.9170571693302132,-0.6860878796662708,0.5937045046890709,4.183212191142521,3.643966213979583,-0.623609951962636,-0.08981174178475461,1.062194607137821,0.6660839847238067,1.664180722930622,1.7967053418286325,1.2130925294314678,0.8832565540236791,0.4383098543259868,1.2699372827821032
0.2577287135990698,0.07101927173921208,-0.7427315934304557,-2.6534110696273254,-3.0717647911622845,-3.034578460114116,-2.0677433519804156,-2.4928737568099497,-1.548487089802658,0.8163903889853705,1.9259744371489498,5.679856619606632,5.315707438500734,-0.3898647391719106,0.9502968373086202,0.8893010017262912,1.451142740917753,1.566702757324446,1.5686079465692773,1.1508613947276476,0.6142645584336399,1.9258885718846472
0.6897459989864212,-0.3065082319503576,-1.3218459413643195,-2.757326784764948,-4.139049556818008,-1.3108643204054047,-2.9310905933867866,-1.7822101010546492,-1.1867677060523134,0.7593788411725862,3.550992617781928,4.5552414627825195,3.3082460890422634,-0.4621760680842191,0.65872329263496,1.1496994573832622,1.8629890416425428,1.6349129842706407,1.742603680949586,1.3688537105350653,1.0342407350249092,1.0845413906225736
1.0992198440888126,0.19229310861954818,-1.0639617790963032,-3.0164077965381324,-3.962535329950131,-2.5408520001734742,-2.3390311075360932,-2.0021166222240074,-0.8830155360248043,0.4393850087660282,2.146830907457639,4.856003106122708,3.7407932703850753,2.6668096928880396,-0.5169582487461949,1.0814893535207641,1.1993586533030236,1.7572765935658525,1.7415453952836992,1.0953971110852376,1.2181738968429996,1.793265105650384
1.450848770794604,1.8395126405037427,-0.17726201896954163,-2.243845914023139,-4.254970712144455,-1.6486109566600968,-1.554177335724698,-1.7903222858559928,-2.049458825660472,-0.040402957020892735,2.5387613213390985,5.164587271066723,3.624262015082503,2.258325119121641,0.45793602024402524,0.6115952423862988,1.0050693264658637,1.597916873393312,1.8730322253829104,0.95632947899117,0.21929151305486658,2.5933464507821693
1.4550674884426682,2.741745786227199,1.4892666983439717,-0.6665282121233523,-4.3816662102730355,-1.5296841568758732,-2.1183805537500637,-1.6882455669075214,-1.6166579500302822,-1.3124772769572526,4.1057007631649745,4.162812628257502,3.4363203476286075,0.01117795439859023,-0.20107323075420105,-0.08422865258718842,0.7523293441633441,1.555304964742731,1.5034880109804851,1.3822940539321718,1.8452501707428717,3.696119318940186
1.787261620675871,2.6233371585978444,1.6911579037580249,0.3515349711621373,-4.1648847965965805,-2.068786254350227,-1.844846221866258,-1.3303490249539063,-3.2292628335580047,-2.2198257185863253,1.9786152182589465,1.9495311931182198,-0.5850244950873933,-1.1271479230606667,-0.25696334229057777,-0.1978569827086157,0.9250983530886985,3.1641658554957104,4.663996640156824,6.685620948846638,7.122845040635942,6.633109413857261
1.9324860181559274,2.0273884819420074,1.7774979666519923,0.9228262495008517,-0.5965151493528722,-1.7659147951551117,-2.430814118392795,-1.7055694233720773,-2.6612290831030645,-3.2532835107952365,-1.1230688929868113,-0.8131925167723844,-1.4021178927140074,-1.1014883727545193,-0.03843917437443037,0.4473184042642219,0.9382325067294359,2.768989468645764,5.670855230319072,7.012574999785412,6.6016555797354535,6.84764756421198
2.613091792938642,2.8078241449677344,2.150753459925428,1.033052017941587,0.7126780485698284,-1.799276313109583,-2.16097447257424,-1.5685697159630603,-2.817756858433772,-2.373129922535403,-0.650971985428341,-0.9943234486334274,0.30314645324555867,2.339113368665041,-0.7585470502682224,0.5369295497045297,2.243611033860074,4.3078209929391935,5.044478524074297,6.072514668663513,6.10924377811721,5.938872637996626
2.7436359331713365,3.0627238085283266,2.1348830981683786,1.474017689852224,0.7832906222924019,-3.120669387968499,-2.0190018312720253,-2.1216071770636367,-1.54117247924251,-1.7187957547160195,-0.6866921971037808,-1.5368775228114735,0.024025853664890545,2.9205772891689414,2.7227211251688974,3.5604140800546613,4.3692190381299705,3.6437335571042304,4.280141362952106,4.758580997344802,5.117992710578982,5.245262235090711
2.4978746522451134,3.2734705373576443,2.183103657024421,2.1461579634918255,2.66423421678718,-3.499677157533844,-1.9598932160760778,-1.8716629031784695,-3.7029772442183835,-2.5465021027228825,-2.961304849217146,-0.8943168130710563,-0.03060586681774572,1.3336243438883992,2.830759960711403,3.5142009723319574,3.9832453448033305,3.8514318145687723,1.544180648930168,5.09989159597785,4.684802164719932,4.665823083111341
3.694680379990245,3.16794746440497,0.915854989674465,2.2746522060867918,-0.6724343547655555,-1.5781336207597156,-1.5911433488351492,-1.9482883224605019,-3.8380375393094233,-3.2247016547705405,-4.035832642688902,-2.544317707737872,-0.40641571745839455,0.4548227125645911,0.8989075522346537,1.7517544810791037,4.051171159588125,2.4938688001471268,3.5002954785645004,3.937300538069492,4.0294808889885685,3.9667069916385365
4.168355377557647,4.534180258119935,2.3617893840593407,0.9956420626050917,2.7584904563499997,-1.887569859795419,-2.3370085364225353,-1.4830880021127741,-2.819971017171872,-1.9880799057511132,-2.502242603793241,-4.373910635130848,-2.974563859001492,-1.398588003847534,-1.518653197763544,-0.4486326678579295,1.9782901775285573,1.5270962561585086,1.7974652673974767,3.1280534562353153,3.158859019286159,-0.292521441279329
4.510192108516724,2.469721430675872,2.131273098508782,2.209110632114002,-1.7248670225245586,-2.9150833445256197,-1.5810034883689532,-1.9461228278881424,-1.5432780298978166,-1.5196097367289962,-2.366726030607357,-5.4070312082670124,-3.796306161071356,-1.3261279815309148,-1.2202191040140713,-2.283108140391896,-1.2162006060460169,-0.462457353141164,0.6007918173384716,1.5800492652563825,0.13511918058441938,-0.03137675332703321
2.8402625389786538,1.102574503842258,2.0520266933579436,5.063702557919018,-2.683471481411505,-2.8490039598541954,-1.91705456338208,-1.6862397653131997,-1.5120584759551239,-1.9175418243044424,-3.073629817662758,-3.8988084973714563,-2.7180678637432765,-2.123691375393011,-1.5972051356734471,-1.9247506454996186,-1.1375857251475163,-1.517001470753144,-0.43781422505250106,-0.5329058875687334,-0.13855041307689653,-0.16460757459906278
1.4688066884268784,2.7507951599103575,2.3677721025788316,2.9391123285268366,-0.64093532036308,-1.9782209236353452,-1.7997608809300016,-1.657532503178008,-1.4019366792304386,-1.0124664253588984,-1.4282969050870729,-2.217788724263482,-2.3721108670469344,-1.4256087493087652,-1.9472243486639202,-2.4112246186611705,-2.283184178132581,-3.085126429946442,-0.8283833213483047,-0.8926145866529146,-1.039029958045419,0.013107778056358224
1.3132361042518566,1.0525845191491263,-0.481385987712938,1.6761524690619451,0.0023791806236908852,-1.238683240742383,-0.9368051419184019,-1.2087347260572308,-1.4346112287226405,-1.4093622648418558,-1.3060495983972016,-1.5821893552631106,-3.138665975505601,-1.1779394071211493,-0.7080913832894716,-0.8638314524495437,-1.1046930833108581,-0.8001801621933925,-1.444563439583902,-1.2941932193277534,-1.280149357836506,-0.23122745521917829
0.17063174766947442,0.4424755519229746,0.4360777844118456,3.3709118144393013,-0.28957857936786213,-0.9540486404023183,-1.706505005171421,-1.6260536130922867,-0.5366958341075945,-1.3218046753534796,0.41840833848825637,-1.3300241550479373,-1.8878594189216853,-1.8264057885837708,-1.2971899206567648,-0.40201923419963437,-1.1523020765369703,-1.3614986776712588,-1.5449357899759308,-0.558657454774491,-1.0935542057668286,-0.8293912993764234
