script/wind250m.json
{"header": {"parameterCategory": 2, "parameterNumber": 2, "lo1": 6.000198445256149, "la1": 58.999992894266676, "dx": 0.5, "dy": 0.25, "nx": 22, "ny": 24, "refTime": "2024-04-29T21:00:00.000Z"}, "data":
[rows 0 to 23 of 24, columns 0 to 21 of 22]
-7.5921922322735504,-7.332215937701145,-11.764308560790013,4.885636502246546,-6.068243402095815,-5.742383793736586,-5.66812152992026,1.464028953827784,-6.258210741092694,-9.682819687270735,0.7869908766938402,-5.667684816960708,-8.23426203007451,0.8386892994549904,2.3808978322700916,-4.433738006190369,-0.5265217978291885,-10.318434116077066,-0.24791972686873956,-6.856478557986776,-5.579233506132972,4.547489471244285
2.8539791276252564,-8.111036333924634,-8.337117492044465,4.224882523691533,-9.101429277036008,0.224563451304959,-4.7609012246415,-1.028594160962766,-7.495674650355968,1.7302840972606575,-5.17847889354868,-9.700560404007417,-11.225329528536367,-9.984178420588462,2.9220001563870546,-12.16843535817722,2.7450428365521167,-6.839113031398215,-4.464159873919136,-7.539493867065009,-6.718591265969783,5.369086198788396
-5.198215728060739,-2.6620666320641155,1.4374917489840726,1.3180506247570754,-7.444201576208857,1.6696893961508117,3.8195255259634346,-1.7709659623225207,-4.9658735577956765,-5.0354540595436115,-6.291366689077711,-9.84902284072796,2.416053407017695,-6.805590978334334,-7.563767238240475,6.067782827726597,-8.315561328913011,-8.281899522407883,-10.183251664593985,-9.81569870696842,-1.3230821351069963,-1.4254975731355
-4.130487506262953,3.0635131294042024,-2.0125005258801965,-3.0247561007197943,-5.540062408997455,-3.6588656753727573,-0.18540095608892632,-1.3465239720476199,-5.588339378298829,-6.381505904452654,-0.7420335515441158,0.2772671988640338,6.900577908816224,-0.7630723240909509,-0.7773861012793765,-5.688491659195722,-2.022197964679426,-5.8927451695009605,-6.549600107038278,-8.517561493339766,2.2636880428574533,-0.02426882642695483
-1.4792623169995462,-5.428048351837678,6.615238353102388,-9.472466301816544,0.30857016130928794,-1.4496026161271869,-6.565330404412087,0.8987430420759938,-0.08988665945951596,-11.882479068172577,-8.441054924206753,-3.186847016955663,-1.9097975748198985,5.583564613579662,4.966386964028687,-5.580909558185253,-6.072558154307251,-12.164171610894464,-6.794378400254161,-0.22393785857930873,-8.810195684699778,3.5362816019648533
-4.179308155696033,-5.848420875607282,6.292964092021624,-5.600114676050245,-10.957982573319377,-8.65220157771688,2.3785945912867317,-2.136071347454402,1.6029701768574949,-4.665995218236347,-7.600560415950567,-3.0867596358461378,-5.094131848538407,5.342397218701414,1.8094744329579988,6.617713791920679,5.737920635254394,-11.152099653086927,-2.703810585561153,4.2834311327374435,-5.551481865965383,4.859632306839011
-1.443474869783555,-11.871784746762023,-6.145616612223115,-3.717511728646312,-4.598082911395402,4.150862509353008,-8.457412461565339,-9.449339934413207,-9.688927442114874,-7.247026873149407,-1.4564379416926305,-1.9132024076230247,-8.729400864487792,0.7463198061911049,-12.875554944249233,-7.300032120528247,3.3479026256179063,-10.94632017354541,-0.6891558832090667,-11.87347818259252,-3.087034650914327,-4.406702454854019
-0.2788403834844776,6.432185231519123,-4.230662215036424,-9.155024332914374,0.2610179264616908,-6.257686397624587,5.161779028531287,0.027371054898112198,-7.275737827534811,-3.2476979406891564,-11.679247502612931,-3.2823142578156923,-5.067330702325384,1.2301995517735003,-8.21639460418781,-3.4134288577578835,-7.694304652190973,-10.516876714739148,6.573726092900073,-0.586567922550159,-0.7055932551909484,-7.129261795825168
-7.797746538070176,-6.567107407899103,-5.559516383083399,-1.4069036838788977,2.9691254535305096,-9.406761050225864,-8.187456470102415,-2.637899102917842,-6.837658933115998,-8.123039686449204,-5.801091644665077,-7.533363252987898,-4.816933016894991,-4.0628688951267184,-0.40907600281799683,-7.147377135566234,-9.539854144484208,-3.2457255147688913,-8.96006548005477,-9.636839694395407,-6.616728962235655,-6.009741863974717
0.20364330191276517,-5.154659907054879,3.309884576741512,-5.150085168753647,-1.0539189923899537,-2.296231806894931,-6.129369315857433,1.5476914955817862,2.650789745156381,3.10992255294867,0.3225153831681405,-7.69206829444283,0.16828662183091483,1.9175672008838618,-5.626904479920883,-3.0676450160011286,-6.173048524137596,-3.5572489139956645,2.7425126294552666,2.5498039671900563,-0.36314579757350546,-8.416297782382747
-0.026550315542045417,-0.32377773732462484,-8.342257158641871,-8.313449626564697,4.013243356938994,-1.9901932140770817,3.558577348285333,-2.317814627733893,-8.758475450093117,4.245397756523948,-7.495418511611631,-6.418428795102627,0.9350691967919739,-8.458706006492873,-12.010935611371258,2.008435289502167,-6.68002822142428,2.4757499478749265,-1.9861713200836946,-4.707389953487124,-7.345462348862883,-5.901878094468122
-4.710177260526481,2.424660921056694,2.661376323111507,0.02490516478712508,4.552903437223911,-7.083586124610707,-3.333011358381747,1.4716512187479698,-7.5791663710761465,-3.572476867084316,-8.964802715358834,4.207815970463613,1.6230251098925466,-7.472178809834602,-7.284812464228566,3.6790061454383007,-8.459602941262972,-3.077097333589248,-9.140296993238437,-7.935278187890683,-10.900873758233505,-0.5622625845323249
3.862831441811135,1.6855761541839966,-9.76392893806144,-11.727365159134191,1.1720320067785446,3.3122332705281243,-10.143286411871651,-1.3124612118630585,-5.593974925781152,-5.349930248631951,2.0716687004581504,-5.905004152587736,-10.598914703641055,-4.516420824515647,-5.346625587013499,-10.149253391503528,-8.202364372334605,-11.971838620896762,-5.219895453596799,-8.309943160637722,0.38277618448718653,-1.5725282244230399
-3.524624088330362,1.3876809632960954,-12.248123136065418,-3.613879789352739,-3.635474604538894,-0.5887881948313016,-9.711397892115674,-4.311479859576663,-2.53469883078205,-11.682871191970618,4.421632574048307,3.9795542821131384,-3.0849246811822306,-4.389708287820358,-8.057485711881508,4.661207293419294,-12.026799192169948,1.0557538987525563,-9.267583730561475,-6.003706881702101,-8.574137175115059,3.5765447026389277
1.2733353811522719,5.6100428660289134,-10.47014531944907,2.8551772497370855,0.9259424867915853,-12.617332913358977,-3.516330635832124,-7.553911111081646,-2.5461676418010533,6.115019024312616,-7.93203327427101,-10.046129094776164,-7.861100999250464,-8.211309409097733,3.277780993193897,3.5056656294634445,-3.323209723641483,4.805846916152321,1.9306493717408466,-6.905392454677847,-10.747484284278938,4.853287911602362
-6.149019881805157,-8.589055492946756,-7.466664628266409,-9.578512731970234,-6.199815843246337,3.090995367612467,0.01749336154727186,-9.895469629425058,3.59338575735815,-0.4269903142848401,-5.6761679686057125,-4.513173570073791,0.6588099607897435,-8.504506485798933,0.7583719059805685,5.050949807352398,-1.1446899374021233,-7.692317363596161,0.6287916710695949,-1.3858107320912525,-8.487338645711409,4.318966791452832
-6.829660265874833,-4.054453704972399,0.0035791467004021443,-7.094092010244993,5.969549727330633,-3.9872726329554955,-5.356944212100918,-3.981799022072292,-6.833669110296201,4.571196900674953,-6.453418375124018,-12.166716232198008,-0.30140881592240304,5.351759925430715,4.21198555839779,0.144930077388677,4.993988062333658,3.442363736745859,0.4902517568409826,-9.762041073373622,0.6676831778496651,0.5533048868321417
-9.309204061100866,0.35475450780386397,-10.462848223205757,-4.928415893298143,-1.8494518163606855,4.793038066548192,-5.678062789108075,-7.060583605673404,-4.246314401045743,-7.734613091859723,-12.88179289923462,3.9935038600860953,-8.137537927705463,-1.2091916221690278,-7.4970524889026615,-4.191494582928995,-7.701940295744732,-5.23074130243574,3.869258540262925,-4.412726241016052,-9.432391474977717,-8.009931798746278
0.36750229986309857,-3.651273074028928,5.400990390684398,-4.91513612132972,-5.639149234133101,-3.525044795435915,-9.316719440348633,2.1012318820544444,-5.1104085056302635,-3.7990280872994258,-6.563719168314057,3.2363201943856357,4.294956576301854,-11.104128213105033,-8.271485856276625,-3.841332682204474,-12.08745041003432,-8.434118161264788,0.6999609472661661,2.4908271461120255,-6.869183150866618,-11.739852668303676
-8.003426900458086,-7.893574352414977,-1.8147787140382607,-5.976568911572998,-11.904498961983075,-4.521214986971232,-8.450027389154517,-5.40278557549246,3.530565527883181,3.090900569908883,0.20431978792497096,-6.474285611998854,1.35747909927195,-5.166078569981474,-2.241067127553993,-5.1347385784822634,-0.4975151732936482,-5.414856212519846,4.593649771136706,-7.982276602568462,-7.67843817602922,-5.481300330578037
-7.162863970716572,-1.5984987954860084,-10.968884340471028,3.296847210452346,3.007531564807101,-6.4252418519129035,-6.177825625168455,-12.037723374343924,-7.9492614869865355,-6.57826120548842,3.3047636235093543,4.7690028658590675,-6.861306438034241,-2.8400625375710695,-7.4987025560939875,-11.337113080056287,-7.26542369455482,5.5231168230414,-7.408530475947963,2.653712257167037,3.726017717858606,-3.116753344856929
-6.990739766685681,0.636874962168203,-5.3053484385214595,5.993424749692072,-0.0814552972378272,-1.1600663864895147,-3.6318553168099,0.6532817763283583,-0.34171153983862756,-13.700680997420735,-5.227579703867017,-6.862118884242135,2.317055748400071,-0.033808139253517,-6.405101838822187,-11.163102003231803,-9.895415790334706,-12.756059315066894,-5.6834918834311186,-9.900415280797281,-8.92226254805506,4.2070378377678
-2.52605892826408,3.876232298816854,-0.9295684736838997,0.14301485511262024,-8.523635953599968,-4.800294033620031,4.656679727834942,-5.8885835040016525,0.8654072037610272,-4.331757276925446,2.188029428473952,-7.695291109614865,-8.910734083200545,3.158475699213954,-8.304159722513155,-6.146643685928138,-10.008030246446985,-2.740229386701213,-5.348537722160773,-8.613658336101976,-0.07422082779741894,-7.295056794884859
-5.3543007579953095,-7.8369371503933225,4.58581277654882,3.834580184578005,-5.439007221412405,-5.5107304557235715,2.1101482396927564,-4.027797535827547,-3.8435980892904538,4.702072049297622,-0.017654085518544207,4.484229886556866,-1.386166450336826,5.34812024678055,1.6106512123873544,-1.2568784486868145,2.6762443795491566,-2.3314694941531835,-5.838052046403814,4.958657625228313,-6.893076140429146,-11.95989659518119
