script/wind100m.json
{"header": {"parameterCategory": 2, "parameterNumber": 3, "lo1": 3.000054539987559, "la1": 64.9999836372058, "dx": 0.5, "dy": 0.25, "nx": 34, "ny": 52, "refTime": "2025-12-03T10:00:00.000Z"}, "data":
[rows 25 to 49 of 52, columns 0 to 33 of 34]
11.84920600070523,11.982678256157438,11.590009338341476,10.734676066350353,10.036474673048312,7.148820866836313,6.084858569498932,3.194034005539133,5.192943979790299,0.6906964879090055,2.7214280208216475,-1.9687327905945966,1.7745557676623547,4.275695890912254,4.508095859492733,5.33691988725106,7.156455825843242,3.7208205136440045,3.367533388443166,2.5396879956118372,6.020226197187135,4.034260725600192,4.285769043166568,4.655622245078588,4.5896851834104035,4.680228580130437,4.587345766428116,5.775660498253111,5.10467185499863,3.298719192656295,5.111757091985272,5.661500489240535,5.785019146700789,8.941763960536019
11.724850978375137,10.433159237875605,10.011384212427059,9.817235120439484,9.889744041931463,7.002216958573686,3.804807564106106,2.270716776959625,2.065517727956889,1.6850332840080113,-0.5465242830304873,3.1487251982062823,4.21959712259207,4.784278996279174,5.475137205628598,7.067551999313223,7.239545926359517,3.6183108802018404,2.568732482577414,4.706687587845284,4.519408026825635,4.841868929526927,4.613336465186011,5.138996083842273,4.752360621693263,4.503283889994652,4.958214879345282,5.0056998924768745,3.2277766504420877,4.367503073439782,3.4319973391081673,5.265046232665765,9.65256428014671,8.739060243278272
11.753304548757374,10.255282432360728,9.857818480218093,11.366565813175907,8.500856494874071,8.952082744711195,10.259371454912122,2.9939656163836865,2.740419724817637,2.4194122835740175,2.4178281030739193,3.3672085781914993,5.341264104390167,6.008244052893242,7.801915712894704,7.665030355152791,8.768998593052562,4.0292414282282465,3.567875525121456,3.8719716003244167,5.829374503125952,4.439581583577996,3.2377308483971707,5.060906954317435,3.6175992556876237,4.956783770400335,3.627829097251901,3.864340063674504,4.304707026858245,3.8885521857401906,7.947407248821477,9.283291451915236,9.425615034795188,6.440926046686134
11.97059598823969,10.813705402623969,10.833944535553654,12.366494203963759,12.83360862738441,10.188998231744458,10.507183497644867,10.325625827632258,6.586376412305788,4.452969703089336,4.222809579264637,4.580796195377367,6.055336538531173,6.881657488463255,7.791529631046856,7.0085794999172375,7.800471252021984,3.488811255674055,4.043795210367947,4.359138935592546,4.441243521451725,3.7819984290111743,3.654976231670072,3.297846229599081,3.185751975434613,3.386726983784411,2.713855942097649,4.2030429304302075,4.448904406923001,6.778675295608571,8.931381816507177,8.631661449872826,6.179796032615767,9.050002533385621
11.21045124580684,11.012638418016332,12.970486138930976,11.67080864226435,11.303344769869998,10.46242505845238,9.764611023155721,10.33157076341943,8.92114758070501,5.734240093234818,4.341781932091833,5.740688662313096,6.400449924358001,8.447555663540475,7.322504930514137,6.819640457996575,7.4852703496080535,5.188714707477261,2.924060809477823,3.9297725473138727,4.207785388396462,4.759203845671529,3.6679487601290557,3.5902401174898775,4.1435349870246405,3.208547396679251,3.667029719090343,4.144908037028748,7.131343159573089,8.49967584081274,9.114662288306517,6.332416220558446,8.549898598587,8.98341110165495
11.810044941019582,11.461426510195752,10.977460342942903,11.807624140501778,11.04245795455191,10.745844572695413,9.307989276859443,10.582444126605079,10.073110925194266,7.3311851558321655,5.174787365735244,6.780245589675755,7.330427551677387,7.1780331516078215,6.2949265790427,6.236705679917078,5.260005064118344,4.9825814663009105,2.194120514534212,2.89307552420845,2.2036543272929308,3.075723403416636,3.489807280038254,3.631896070028457,3.0215511345428583,3.1482818852231094,3.1421286152311083,4.73388960524822,6.225369996377696,8.461165278375484,8.918736470496697,5.109708957564867,8.647244763792568,9.117963721690009
11.511580109241766,10.430853530363665,11.316155153794476,12.35632795481433,11.408549426875815,10.499347284327937,8.37082552727366,9.218988710956147,8.92185392751468,8.067943190884774,6.368680688559222,6.763948692574575,6.012475741302265,5.208363878887102,5.195795403726416,5.39498901049885,4.079776608585697,4.713555180611829,3.5356821794563307,2.6161732243759386,2.3327439599432966,2.6075154622602565,3.051943803668429,2.635823141986008,2.6915722106000324,2.9744997140655034,4.255405050470192,6.136311422810696,4.456263184596146,8.443553105309764,8.052788701825719,5.899642077601865,8.712180996144069,8.904341907547748
12.200069328715967,9.933883159352174,10.196794482204023,11.642730746127532,11.044994203235234,9.813614779469827,9.659988320449404,9.134948002973156,9.226338315946355,8.0516327120558,6.742084109280966,4.559220539371409,6.931935254403859,5.7857783207996984,4.310324378497904,5.134436541918755,4.749413253664124,5.127368164643538,5.635691140605238,2.2631604161246175,1.8158126372837284,3.1594659494535957,3.6296476942148157,2.9175871948392227,3.3655636505783253,3.61484692471888,4.724238915186755,6.7728648101595565,7.999882211856928,7.646823441039416,7.8584788570561885,8.162682987225887,8.560622296888845,9.217061906067004
12.323723481372188,9.924547530472704,11.335485236879167,10.476071972053173,11.069974275333125,9.744558424776205,8.857211921514455,8.310829973799072,8.980146718295973,8.314954093730028,6.109191983710422,4.965674780450136,4.749409395616477,4.731016831819948,5.055900061077584,5.250388390972988,5.8564428909167985,5.224468657442558,5.093958888465754,3.8836264742861237,2.194914220933151,3.105284139539617,2.6223749004314647,1.9057536304517477,3.6697968005213077,3.7217518883881597,3.9812197091491175,4.6424006103132305,7.825032171845109,7.797973238571702,8.267777399408912,8.850275240568543,8.79809905534683,9.319514814311871
13.01459205864674,12.55958638414158,11.923950745258157,11.210224591555582,10.78040323081235,9.410687219452862,8.814861263723103,8.762195099066256,9.244559669756223,8.183137898092586,5.502413085982455,4.502170591791509,3.1221949310956747,4.519546491432004,4.375873411563841,5.291713883783232,6.323366245629898,5.890322050194032,4.80820015939695,5.372216100063619,3.5471263906336388,2.7095814989441918,2.865371279464059,1.6291341938604145,3.515767978113077,3.3840089160348112,4.118434845575975,5.418645832966724,8.022543167538952,8.55067174813743,8.380325023067156,7.749111205675107,8.750786682411889,9.163491197349218
11.691536530396656,11.316522884544991,11.210578437873604,10.69036142123522,10.110819510146188,8.941359753233199,8.71442131850285,8.816113160025965,8.98847909470488,7.550919337143878,5.806535722602307,4.047539847437268,4.098609891139475,4.643392544374699,5.277406449315405,4.632888160403504,5.492270946177694,5.624398428106621,5.099688966548476,4.970687207922949,3.540266452911026,2.7116464827362456,2.12036523346141,3.4993519230356016,2.7467875549254313,3.0382374568881705,5.760376959406403,7.054098873926517,8.40808332239639,8.790231379276477,7.747551020981617,7.546423066004256,8.336713625664322,8.82646270813575
11.12553489227769,11.812158904416492,10.820298227332417,10.667922540680674,9.153645975833355,8.955550250637815,8.837909695236098,8.383931974351473,8.913272146801576,7.916175645221364,5.326126997657236,3.902730806276537,3.8997682119744628,4.868458646399876,4.262112133932938,4.768323087576721,4.9534483797093385,5.745864884962975,4.2676408839181095,6.157785023207617,3.875797693318023,3.0451696476137333,3.2564620289716455,4.354243697792922,4.202342012474642,4.821681959041001,6.101425184249473,7.742982170375258,9.49030412003429,9.027341448118534,8.466601457122303,7.257238692291486,8.51508006752393,9.197356193481278
13.158157006413381,11.402888579759498,11.20068086927652,10.532511017224676,8.841274495020304,8.936445521653742,8.357923459309971,7.960813815723819,8.177883280789596,7.830961840817309,5.850261114748891,4.994471335420402,4.668867673580342,3.5252649685051334,3.832027392184115,5.420907455323777,4.242463349801574,4.052087684786124,4.539620838702897,4.0010471641507825,3.6378507933115647,4.32842347150068,3.0681278558249168,4.194875279508274,4.21914970061573,4.721367648433605,6.458318678587254,8.025425527837013,8.898450476000582,9.314071221596,8.170017286267045,7.229483129304734,8.294302277634687,9.269186426403525
8.127214311345595,12.20169420385668,10.497569074127902,9.813203555209697,9.015306603685412,8.68848542936068,8.520649895511344,8.002239943841717,7.314544558996276,6.460091500501986,5.15151516599039,4.246487347537817,4.411759761474429,3.5010081957854813,4.020450709640012,4.896015642796036,5.318480610960468,3.6429801477767465,2.9734657390776906,5.904798196089775,5.193671147447665,5.407513286640119,4.361592330470212,3.2655530005013467,4.623706519056433,5.583615327332358,5.862933292193757,7.750813919656281,9.311656381320958,9.827016471570904,9.682005739471343,7.7228436531367315,8.742261931862972,9.132108560015745
6.420344424291074,11.401336510621313,10.562313231396534,9.13191454081846,8.5680311132438,8.348097614543823,8.700274947311888,8.319470355960133,7.63776967440497,6.041688491743423,5.035992301873142,4.506066327477018,4.0318457331993836,4.622072237119933,4.289181179585404,3.825101195853776,4.509217036977484,2.6357948511950324,5.006049965091162,5.838428620271073,5.519158815184136,5.340711818756631,4.601007305074235,4.364080608921385,4.526343021510226,5.426850188513229,6.135273688024691,7.363756234322113,8.406552122912116,9.143692344361172,9.357286909763607,8.822889378280927,8.713422045779703,8.663525214934559
6.124755781005698,8.482815738170718,10.712763884473405,9.121269325260089,8.142400471766607,8.228622336920882,8.543458703538859,8.027399451662443,7.761789667146004,6.1191793408531945,4.783933391928163,4.745797836483482,3.590146940580709,5.499396641825688,4.359914104707161,3.2553726883524505,3.1224671118238954,3.616041775227742,4.800643011277855,5.586542958228836,4.9168295142127585,5.746551468914794,5.1951884751229285,4.45044578110018,4.181200496097977,5.458651553720321,6.325541252102762,6.841049793820144,7.871500617221669,7.26096837173802,7.295833627470582,8.85344851131354,8.859488373462804,8.606390492335173
6.243263188929549,8.870729059567928,10.259284477664414,9.12524112204952,8.291226114538967,7.931815381632022,8.366521902152982,7.798581972775573,6.772580398896882,6.276568467359172,5.2794169522980505,4.310124669793745,3.855596172742574,4.4482899130088605,3.268278306225387,2.8692377804586453,3.1119990112537925,4.0341982361617035,4.412934715623815,5.072909387618523,4.689317524953403,5.141488468801627,5.688671595857588,5.153410039673197,5.172229095329966,5.801267827561173,6.44766937586146,6.63478385436474,5.072433000495899,3.2578255204157944,4.489620459016675,9.23398102085296,8.49957804807341,7.884718225040268
5.791952046604074,6.506365550364477,9.424118042556096,8.964997188794197,7.6199393585055715,7.429155306946788,7.235434640022526,6.573971328604898,5.718146521441014,5.501584222166499,5.18817424217941,5.386253154948272,4.983697586067558,3.962352167673302,4.001935729620701,2.9305603213459066,4.516248452475946,5.090401133279749,5.132328461456271,3.9053105131654884,5.343171706611185,4.173355276079249,6.2837871023041965,5.6698824415561395,5.680178172463863,5.916895597369165,6.526253264966026,3.4017367741980373,5.035969239892984,4.536574478944239,5.947728971269101,5.704224498921236,7.355390632673687,6.090507642086699
5.063448461089568,6.7667522205263575,9.38943071259605,8.726565711836784,7.204880914548723,6.64993746183872,5.974020744140128,6.319617656457512,4.859826822512894,4.283599702763116,4.105063526106229,4.768249548748182,5.119002884380611,5.1218147682011335,3.4187013168801754,3.4264964702120158,4.205341994444348,4.459582644629452,5.464228085218083,3.6718466093806446,3.372012091294301,4.596583550437574,5.812562878438721,5.854829267955346,6.505764990009967,5.849655099196651,4.823560322479406,4.950720142035387,5.537761239858533,6.676700188713258,5.682089462228486,5.2037052306634495,5.191358594345049,6.307740357557908
4.357486973795153,8.44098573305519,9.960624590136442,9.209331307109945,7.228358414373415,5.824665078902073,5.37355042417947,5.174518566095328,4.620021036416704,4.031825225053106,3.980504947606896,4.037341533897396,5.074180986367529,4.421294862642164,3.3521005546927047,3.7331756170260886,5.0178794588766715,4.114774682993984,3.7109228686550217,3.2859908949556598,3.412128115384668,4.891617291855869,5.192153408150313,4.784720417739919,5.150805487376704,4.930130372594882,4.623539563571268,5.16365020144765,5.472143755111628,5.03891459543722,4.523939657711792,4.8668211644366135,5.867817654009862,5.694897832417729
5.029613708952605,5.961970931234585,9.114321962657042,8.642662286975977,7.453314116461971,6.240418332168289,4.616539473564682,4.331563984075818,5.551831036669984,4.466955867514475,3.9485036411535126,5.060830734173816,5.149919957015254,4.780373805481668,3.2918537025643775,5.750875606520433,4.609716678186442,2.984532248325723,3.0571563797226284,3.9282814279174563,4.3767232162013014,4.318469536006822,4.26908630370752,6.009892366500887,5.422472197389728,4.956049560653354,5.0069811645258495,4.706896465900975,4.569543652344862,5.003744476454358,4.588110872580026,4.4447891692672945,5.343459297800368,4.6899321722142595
4.650037899003497,5.823030727406139,8.685194405300416,8.122948962983623,7.212985330667563,5.298347137293227,3.9710770964088127,4.09981136670614,5.149570873196347,3.7013215295652713,3.816460801034103,3.977626203127314,5.39829540328522,6.105224563778117,2.473081988617819,2.991137103859406,3.428066121854263,3.5832157652439793,3.039646509447879,2.816443471143142,2.044891104954642,4.275988630160686,4.440165747421292,4.61722118832127,5.551868389601761,4.741329016866001,4.290954358056338,3.8480166654265866,4.432103532688069,4.239779883766393,4.461985675426541,4.237616144647097,5.681047116451426,5.518029701830952
4.502540870807894,8.996481103462441,8.615196931290637,8.143436025051958,6.235705128387641,4.489100617520388,3.2082490569953324,2.9381144140752773,3.409364791421687,3.930495339846516,4.296298294310015,3.645879028701207,6.045142293430397,6.371088777120215,5.14417632088698,3.2631138833120388,3.1945713150037216,2.8170511418805857,3.390610851063917,4.285090149423035,3.720404111928117,3.852808491580507,4.870569050854385,3.7442030411950205,4.651412122144996,3.863090862349002,3.730240072382466,4.229766762813263,4.3217171270828025,4.47666695453513,3.391542920809598,5.614611498623189,5.905479679044764,6.073697516376318
4.2346445183865855,10.63140025724691,8.800641102554865,8.45063404141573,5.803485993559403,3.997609687884909,3.594462765533103,3.6677264907617864,3.641940255402767,4.8778889512999735,5.4157933139927525,4.692207892841418,5.317075879529647,4.862308107072355,4.51018697031083,6.5772287757746275,1.1872060112606,2.483296240205647,3.3390968150950253,3.522358366415809,2.3591544404558653,2.4658829690557047,4.205777530876621,3.650334728224549,4.289557985256082,3.803899513450896,2.881334482923288,3.350168280545524,3.6854183193457937,4.273696917995845,4.13792066064225,4.033862717348547,6.450503506644354,4.749186716449876
4.747617420127815,9.565387086204469,8.89956209559418,7.189805302670509,5.016247594014616,5.549858540762118,4.094652846573847,3.9711974665670677,5.361080965711064,5.422101609512457,4.673379670732004,4.103480202400443,3.83488874723724,3.1749414207229587,3.9010876320185024,7.256295952085329,5.565578931962736,2.766656311701091,2.45495795934794,2.796954029499533,2.995951233658179,3.485631380634975,3.188279234684786,3.0827607211562293,3.4043907302446543,3.0454358962819916,2.9183684319531347,3.2390599061502057,2.882101598272024,4.323933123502,4.630336109090689,5.716731798856814,4.41418686436733,5.8083996893941805
