script/wind10m.json
{"header": {"parameterCategory": 2, "parameterNumber": 3, "lo1": 6.000027932988019, "la1": 58.9999434238085, "dx": 0.5, "dy": 0.25, "nx": 22, "ny": 24, "refTime": "2024-06-12T20:00:00.000Z"}, "data":
[rows 0 to 23 of 24, columns 0 to 21 of 22]
-3.063196293286822,-3.2600677340626403,-4.853786142240633,-1.9432489834640823,-0.06169374471115756,-1.8141853754806636,-0.6994516856385172,-0.12185363461225078,2.6246410759750978,6.560295314751427,6.721855833736888,2.0899398891253815,2.1502824125586995,1.4961391379404951,3.2730069399776336,2.8644825677187677,1.2022151845234308,-0.4394722458188004,-0.3378493745812005,0.08111362453133493,0.6458110200957665,-0.5676008232778297
-4.066114312771334,-3.701120045217757,-2.974321090097742,-2.189941653660058,-0.3120979741086337,-0.9209806383678205,-0.6475304119311641,0.07002549487296787,4.585553694279226,6.990296965399186,8.419358276485589,2.446802700300415,1.829097020802446,1.9444386671026652,3.6029301104458673,3.836322506494937,-0.4236243215910965,1.2510056292249185,0.441062132299049,0.31125179054009194,-0.10798812672493065,-0.5558434977942321
-3.2884422612675968,-2.4416622442366496,-1.48637098767019,-1.0670055341521765,-1.101739993921085,-1.8863554423871438,-3.035008633240962,2.586941845522492,5.830419246612212,8.150689712115593,9.11387245820283,1.7255148197068377,1.5366656260550777,6.044264722143232,2.0332623987283887,1.1811792778609642,0.6201689069396676,0.20148036096635732,1.6411354603760595,1.5420810577994881,0.8070737995129577,-1.0967640115975514
-9.544973766711779,-3.3795858113620194,-2.037437781050767,-1.4108109107745095,-1.4000844629224087,-2.1063155594900005,-0.5503701404518146,3.9730233700020783,6.856228661518856,9.645851338735072,8.978937755853728,3.661597225870714,1.968163584958627,1.6066652561200272,2.314680829360116,1.3103955261308318,1.2293051531268284,1.8172614083512766,0.9139560079050337,0.7056285071770094,1.0192618005277092,0.5602578133424568
-7.762238989261919,-8.78873790937068,-3.6723993740322154,-1.1057059955364743,-0.6629852207284609,-1.6175180266127915,-0.599454921690428,3.435847017627386,8.551286879848814,9.894961456328573,8.667490652167912,6.398913356836062,1.6654488655588657,1.0015780145705524,1.3860537199818803,1.6417150982453852,0.8563548946271566,1.7298571548014285,1.0422971817110265,0.4524503381939387,1.0244744097507874,1.2369459966896463
-7.6939540463889,-7.910663380811888,-7.126631731713382,-5.35499263034341,-2.6773582890891467,-1.4468685523984142,-0.47538685235975303,1.5220461099294411,8.70446339690318,7.531349036858057,8.224517696150707,7.138688606539609,2.8790114767840866,1.98390955259403,1.6453164948534715,1.144670809826961,1.2044518901009929,1.1444499008509632,1.0147983243787906,0.7006979868114642,1.4527627758076838,1.522667092365661
-7.091619519550764,-7.372092135478429,-6.84206321606771,-5.868445146226628,-4.286946227174222,-2.3049329234925606,-0.2390843315912706,3.0820773326180415,4.378913440863957,6.035296225556051,6.731213025386099,6.430494348744522,1.96711948539691,1.8505650560483156,1.553949071036468,1.4166981981377549,1.3344094568874474,0.8880716623334285,0.8166903004093863,0.9315755412314999,0.9999739415522021,0.8712572084607932
-6.500909916235859,-6.842796189252288,-6.4305107551304745,-5.734312923068309,-3.9410306105557633,-2.018138065168098,-0.035138972214393945,3.036759373371185,3.6882796505051623,3.0757276451501454,2.9889365868159796,4.808281943283749,3.765573982415547,1.5160424918548598,1.4240247754348034,1.3718660834187661,1.2379303768396142,1.2649476251743947,1.4904158910402223,1.2199124556518617,1.2500447996595951,1.9964467781897042
-5.84938962860417,-6.62014665310424,-5.440038989008621,-4.905674826248291,-3.86341130862786,-0.46770973138166905,0.3602768331639869,1.4016762737987492,2.0141848078313966,4.103512301305978,4.135024975914708,3.7963468733295347,3.140098583474052,1.3597547853524905,1.4841923411308688,1.3691752397518662,1.9736521841091437,1.6109883882313338,1.5001632538962226,1.4841537002943208,1.9122532716043488,2.6111012786284835
-5.066528636475345,-5.459348608855595,-5.358056623647663,-4.2891167689618825,-3.350871116294143,-1.6124293828588847,0.2575764877703781,1.113615318216634,1.4735653065450451,2.353453086397347,2.763091860171503,2.2546049355038438,1.8907436733206906,1.7136246566925961,0.9845340794091952,1.3141726122168353,1.3994123960798859,0.7254144407723419,0.4469412415594006,0.8389387360158902,0.9556939343926253,3.9738711506661537
-4.8643770360427,-5.099197713516496,-4.736827078926114,-3.8766458491753926,-3.747322489354878,-0.5197055349702395,0.2898380191198262,1.4690664862671288,1.9158219158876224,1.7047346617555763,2.124865453545904,1.3907138532295413,1.7010539641547509,4.14451048687605,-0.20836963781344733,1.2471986249416658,1.4163751951654584,2.08923137800166,1.4751808624552634,0.8086963534520418,1.2401002892472357,2.319876466742905
-4.873400376390305,-4.660755002337127,-3.818107079106188,-3.520311341364729,-3.6794202138454386,-0.14474650232707825,0.6172629453138725,1.0701067223591547,1.2986717605005673,1.6122958841794033,0.43717982460388904,1.1258380095273062,2.377580959057024,2.219007353615871,0.7814162810860867,1.9888901905578307,1.416703322002132,1.038176322785023,0.39388558088126396,0.8847972950534246,1.4489772682567053,3.597513302676997
-4.783369219560993,-4.596319364339659,-3.811996018938751,-4.410108493994185,-4.076758938460069,-1.0215718972280066,0.4306470852364364,1.2356192956014114,1.1802446154964332,0.9532796643429049,0.8131599680556492,1.5657952540192146,1.8303478116486671,1.7782411674094571,2.3359449544739195,1.487377617838985,0.8284091081842909,3.6130556069129804,3.5313711738512765,3.2175351681081152,3.7792148690931646,4.158068730814173
-4.297032707986565,-3.689093313664555,-3.8075002273687844,-3.7829985645066566,-4.075204307511971,-0.5890250855599272,1.2363069616701665,0.5282387055141875,1.2811477115402254,0.39356711763001473,0.4043507177277204,1.85971937390776,1.4463519566311391,1.5865752670897686,2.0813003781942063,1.6690419615702996,1.0036177416682264,-1.0944289960128326,5.386918923717599,5.371986304163263,4.806848421544124,4.783725440649251
-3.969326892058485,-3.6208488968817005,-3.575833122718482,-2.947198968678707,-3.3196201129528298,-1.3629299752033048,0.10585735255158608,0.5663019569193863,1.6436970823458497,1.6836111414354393,-0.25651559717986255,0.3561084583223387,0.9451675252554924,1.8475511947583958,-0.7302428041218945,0.7041742578306255,-0.16820068019399148,4.097988042065653,3.9013484175645154,3.9601267152053894,3.75155435347247,4.15325326627257
-4.088931752623529,-2.7025150670373357,-3.22420921089804,-2.8191815597345853,-3.0052823808022846,-1.6838159879111145,-0.30478316053684884,0.2951388093528709,0.7226800059993209,0.5178078629018982,0.5466690483336444,1.0629569962615462,1.3874877718619618,1.932024749906937,1.8893234151369722,-3.0272086679045014,3.007698443226206,3.0218898198497164,3.2462264897386532,3.999266745040323,3.4439194683197347,3.730046085640945
-2.524265218713479,-2.6051723892964236,-2.8723946785948056,-2.9400256095535195,-3.1219286897127354,-2.848618592361536,-0.4319516988602186,0.7334921588277278,-0.3579193020068274,-1.009912434069954,0.652980325256509,1.7863277371191533,1.0340776908637732,1.524613545742878,2.1417752941302495,2.656328683775997,3.1321054825111547,2.3058831042676764,2.6187269086212144,4.908096195626988,3.683951772064658,3.0273533010260114
-2.5691637873847326,-2.9532480422378757,-3.167994758079036,-3.157745065201332,-3.2121661973985973,-2.1475021696890293,-0.29945878101493556,0.6455826276660526,0.586290490443084,-0.4239798946861957,0.7954478876137603,0.9981609035571927,1.3140070100586496,1.6217827878083872,1.8112132420829248,2.9231636230765,2.231040005257001,1.4557961038916156,2.372417400304408,3.629892897485387,3.1760842850891993,1.5549500629664836
-2.4903490923691063,-3.359183154469089,-3.6830831455057105,-3.4957460006806116,-3.1425799714812754,-2.4494529709973545,-1.3465859327117087,0.3100215296652111,0.05350506833536528,-0.19024868648080864,1.0042210141905168,1.2402000000526892,2.5291328619421756,2.843290506799123,2.747717952768662,1.333465589359731,1.0187926236472937,0.39145710269268347,4.319818922651294,3.450931258034501,2.836022666480252,2.314944562293229
-2.8207856815157855,-4.249231020232308,-3.5257252178474467,-3.8268532497566956,-3.182907726090698,-2.1848953666426896,-0.5940201598882158,0.6234113350984507,0.4736869166305622,1.1944751691055937,1.1092088449682522,2.0589880999510677,0.4924749014324671,1.9171811084293893,1.3286040312593739,0.2949021748178123,-1.6525621473407996,-0.09384805463338934,5.61569592784521,4.022256433131632,2.2650905263515897,1.4301546306417043
-2.8256800971747107,-3.455904779764193,-4.278767416806503,-3.881501643758114,-3.2572584117888854,-2.193715485621915,-1.8521205199010036,0.3994429817054946,0.9001711605377362,0.5290486610094668,1.897377711462144,2.291881327311373,1.7625681699867741,1.7053502182950926,1.1873669838473613,1.1475342860709494,2.518987172713426,4.132472403141289,2.155763075686476,2.560294367605603,2.312741533765143,1.9683923946257849
-2.9340486933357877,-3.6121890374128385,-4.161859504929296,-2.61095398467256,-2.4026313282797274,-2.2693341981979156,0.44956397156413236,0.4779630089006114,0.9175737829902085,0.8530780798225469,1.628665673682423,1.2693339059108137,1.605774829199811,1.4111535473726424,1.93715593610104,1.9084212663712927,1.8675497089277635,4.0824157531592595,1.2260522049655123,1.2160577128185153,2.432289599692585,1.4909726805448156
-2.8043172856265173,-3.2136299375922888,-3.695927222490674,-0.279778621726875,0.7955599861706563,0.12870362939059357,0.25976659695724014,0.8142629031871914,0.5774455917197489,0.7769439828198186,1.373658403972885,1.3917035532012463,0.7780500093187902,0.4462684353347623,1.463795419717453,0.3194448224949141,0.3586255414347708,1.7185129229091565,1.4561398397330438,1.8600770129109179,1.5012460805203838,1.0212105893783847
0.14022017601141082,0.22688711123711378,0.2546941011681881,-0.5395432069489634,0.18212372290773327,-0.8770503230406759,-0.904295004768303,0.32429105340207565,0.9527803290127798,0.7764453110390883,0.8259866451757994,0.8446045294888112,0.6567030405564648,1.1963082152517712,0.9661105271155921,-1.379798100022623,0.687310719519399,1.659726680086757,1.976795325627166,0.9144437512863912,1.3269636890171013,0.6250821855977639
