script/wind10m.json
{"header": {"parameterCategory": 2, "parameterNumber": 2, "lo1": 6.000027932988019, "la1": 58.9999434238085, "dx": 0.5, "dy": 0.25, "nx": 22, "ny": 24, "refTime": "2024-08-18T04:00:00.000Z"}, "data":
[rows 0 to 23 of 24, columns 0 to 21 of 22]
-1.190166259828349,1.9093586765770012,3.877901966879267,-0.11982237823534077,1.2322146016674875,-0.8087692853184498,1.4350477560957406,1.7076656017762204,1.8603601240684393,6.06296601799632,6.01923495985729,1.733985220709792,1.5313320080050536,1.334055401892309,5.494818100577131,7.134655554062192,0.6872299152469563,1.7906154066153765,0.8969980961874283,-0.18873026542599877,0.985887987925741,0.6414160533370564
-0.03460705318432598,2.6074896464344115,1.845400301157467,0.04674715522536947,1.850930672195112,-0.7540369232737465,1.5383697916705799,4.493434498146324,4.140317560637433,5.169897627613511,5.907580018645504,1.8878049977473823,1.605783829701384,0.60065193181112,3.1688262146323125,5.084489832530485,0.07727864110463517,0.9912696571944594,1.7300416607095601,-0.2579133820978056,0.8632621967070739,1.200252166509493
0.28927422251082846,0.010837740479301224,0.20757195772780532,1.126707024181142,0.916182299328481,0.9743756434781414,2.394134730530957,6.335809090649945,4.520654722923117,4.120782228226436,5.162715474591116,1.5000625347044312,1.430149247114963,3.190453645219193,1.1865155596507582,1.0552783227190576,-0.2264520401272639,2.343455603078766,0.5941887325065355,1.3215315947908723,0.6894253638539671,0.8366082062244946
3.168582501882043,1.8127032972570787,0.20524491524414484,0.23836459268405238,1.3389062170138506,4.763590065372924,5.89873678486151,5.37500543934936,5.560777475602065,4.470778444077322,3.879914415384137,1.7651360735146326,1.2707787954939618,0.6964942076497824,0.7917667875783059,1.1870056925630346,0.8555826142276525,5.773659966028389,0.573609709725738,0.21614353494121746,0.6104768289656513,0.9989662543415332
4.176327112952749,4.13633713925569,4.082837106972021,3.5547854127829037,5.7596354568332515,5.55512005148309,6.207576326886102,5.225367251212728,4.748189600817096,5.288744806268592,5.312787113941606,4.376702081492338,0.4319997689388582,0.951018836556126,-0.2548024976687521,0.42296389153496816,0.7047430061446542,0.8282127665429821,0.7821438845056906,0.6350753711973982,0.8998281336837385,0.7206307838687048
4.3207289301307865,4.407899018419744,5.535088887857394,5.761865299241428,6.670212491295275,3.584726179997616,5.212889950770968,5.183234575284722,1.829160936100816,2.644986621836356,4.511863061255467,3.9670724402328874,0.6944229322770743,-0.8088717955667819,-0.5457244952601715,-0.18285261074918704,0.7549072001591386,0.8519465706540906,0.6846817439428965,1.4658538236049687,0.8721199888756674,0.8101338239813372
3.940184708927498,4.644287705436214,5.49093709723599,6.058398371957565,6.0721990016869976,5.647690914694918,4.108253658707775,2.7999834630146294,-0.6997219906487436,1.2153470029607054,3.6680964038110275,4.277311385715639,-0.8151427611219209,-0.003992055493806347,0.25292096334321046,0.2487821476621048,0.618589738534493,1.1846595564582938,0.7511842377836192,-0.2802685221055933,0.5167631185518169,0.981708109071653
4.279272003739558,4.961253633991531,5.415584484531412,5.709121002515084,5.378914714416902,5.3489092027333776,2.013438544132283,-0.49653473785818497,-1.516696587732088,1.2413774280423213,-0.39658477494569394,2.7835833854022476,4.625855111819021,-0.8377430760423625,0.1596661072200228,0.21345767039097396,-0.00567058360598211,0.008933340723946514,-0.19621394794790442,0.8295824312876774,1.6298526897763883,1.9469853441524052
4.654706262108297,5.417318428884898,5.736044824669007,4.99075284180634,4.436228983335423,-0.34368158289288125,1.9297488419074922,-0.6226580121895673,0.19986572557147125,0.1683548702420348,3.3642505745438247,2.4591520095874393,2.0391032552343713,-1.4566866848081539,-0.4808272948020406,0.3307677982122055,0.21863411897592286,-0.21867606300243492,-0.893361251982531,1.5694334408009383,0.711061357092718,1.1607003402593246
4.992827388166574,6.161591044179936,5.599210087476967,4.189967503584295,4.081921077857081,-0.6934435798108373,-0.5388087396803972,0.9174939481933001,0.2933181404770335,0.8163163307003811,2.9673023721659995,-0.05955828237423627,1.6465259835730437,1.532284958080017,-1.432290515459191,0.6948863397490562,0.036052228049798206,-0.2167351396025495,0.5580368961925618,-0.057287991712779256,1.0916494880917174,-0.3133038683660697
5.077613444242866,5.548180705676522,5.164110766980802,3.8273871482312365,1.687940282798004,-0.4645199017276341,-0.5724940221372795,-0.1523171893087003,0.8246219962495891,-0.6749555580100338,1.4907255375775466,-0.06849790796338617,0.689143915498879,-1.4868287354503926,-1.8901015050927366,-0.678898456967524,-0.5097401324312602,1.400106864629215,-0.3246003864041319,-0.5596889785230877,0.6219574542428793,0.6313412095061933
5.181204023883383,5.9158881298677235,5.183304739340644,3.1071202673240284,1.9346953785919128,-0.6160568789049574,-0.6894821104507697,-0.5356038072049216,-0.101345864966891,0.08025823538082008,-0.46525706854391,-0.7934519979512112,-0.3930051517350385,-0.7082197075607933,-1.010732344060137,-1.1689566407645062,0.366463447468819,1.4816253785349867,0.013558586993208083,-0.5455168091509128,0.0003545601325193648,-0.9566715667760322
4.962155876381628,5.951112905499434,5.175388904503467,4.223648066368344,1.187067594271632,-1.1379039366558097,-0.5358893230438622,0.04080244341604516,-1.2370474476230748,-1.005939499240818,-0.3712712728105993,-0.5541346095278936,-1.0398572993068125,0.8958115397548041,-0.6099016435648978,-0.16953039871790465,0.8161656849038768,-0.7389204738442504,-1.766859369387385,-1.3935056879171392,-1.4538655053519725,-3.298299120012727
4.722598593597934,6.2190393686047045,4.819499521621031,6.902822136688219,0.31048948589483744,-1.4772729497203934,-0.7454290300147519,-0.19981505614117867,1.044604120680534,0.06343517980894468,-1.0348701742322444,-0.9742075260055817,-0.9673934274078524,-0.6179398172216902,-0.8485156826025507,-0.9680181385608536,0.22119373930640038,-2.8605755251710114,-2.7730731990599944,-3.1399133223670117,-3.1153530711272888,-3.7523913489527314
5.223644873266587,5.780936759852852,4.646891761392128,3.110947360244681,0.5004034611200108,-1.9295773525042015,-0.5705574663509746,0.5687760461698327,-1.903290847336688,-0.203866454693273,-2.276101158810036,-1.7090950914277387,-0.3268620819502426,-1.792361641051604,-2.6835985228852843,-0.5980001786822919,-1.556298372437202,-3.7200448742367476,-4.3917707899815355,-2.8890405198724056,-3.3253028117102463,-2.7498815722485004
5.276643779166172,5.883722285513138,5.385290723177948,2.74462319429962,-0.7004296734178272,-2.192103645217427,-0.7540717160910814,-0.01572034659085614,-2.945987211928133,-1.7828910167609038,-2.0611710555001905,-2.4119079182850847,-0.30016675703872164,-2.487918336002402,-3.307158685660057,-4.047045424352072,-3.2833872112403055,-4.027229502447494,-2.8948334287379285,-2.8379037506335347,-2.2030658014212317,-2.4546503976116907
5.20850612463178,5.157252111169274,4.6907245616396045,2.297136673916919,-1.9161702259255986,-3.080342276019455,-2.311434300968463,-1.4214912703500662,-2.69807779729687,-2.4918407690893583,-1.773303720426946,-2.5809481642441434,-2.291344381313311,-1.8679780330862505,-2.985402401148649,-4.014435252190947,-4.078710276705035,-3.2744745212077015,-0.6998210505682966,-3.0602054540100805,-2.3964392810908333,-2.2215188621446256
5.157345878558286,3.8402647340225653,1.2225251391331682,1.669533097148036,-1.623657700957974,-0.9473570177249311,-1.0546778788945408,-2.2441373104180316,0.7418763060156556,-4.93868371952191,-2.5881204263011903,-1.5214843934456097,-1.964102788353846,-3.2902447920223796,-3.141856762509231,-3.792482353352942,-4.066827457398723,-3.443542595969481,-3.332199538755165,-3.252971936614371,-3.680389573199847,-2.852121424391799
4.658471874632989,1.7647590046410393,1.3138928929063804,-0.18482632518886918,-0.8009478161199467,0.6943121933722888,-1.4774410948590477,-1.2421134771493807,-1.8541330744754674,-3.9856265795495203,-2.4377849704571877,-1.757753455089826,-3.2584899839092087,-3.847167656598737,-3.716479728060426,-1.4172352210266597,-3.320367555052003,-3.817324507477548,-4.032545390958967,-4.453820721792729,-3.9954830384054003,-0.4534476088432956
4.680548486064087,1.8070863337966647,-0.3378153891837547,-0.24741340256091326,-0.184402343599154,0.09628727088062679,-0.982589147906229,-1.6613291857840944,-0.9299907382652228,-1.0852704347226403,-0.008951941796787308,-2.6641445319752783,-4.081889650894998,-1.6688630697920757,-1.3385615452574497,-3.6799339764720687,-4.505897922750366,-5.027982955675342,-5.18307958205847,-5.45587261187495,-2.8517008628967875,-1.7253153078365118
1.9027984778835623,0.9665194365082509,-1.1777355780566057,-0.7312771385224163,-0.06399132702613482,-0.46468380995529257,0.7793201477091175,-0.829431987449108,-1.4350417405790625,-2.0221418953431987,-2.0811347739119577,-1.51351144460558,-0.9675367821568758,-1.4123338490845831,-1.1683432039482566,-1.715823123806505,-3.4183850595429695,-4.289673405347309,-0.6292321210536496,-1.633215340252175,-1.5625024290418907,-0.8737646208397704
-0.02233865859810467,-1.0557238619574658,-1.7777409969993052,-0.8576085539579513,-0.5427190526276617,-1.4681354657107233,0.5492493033131168,-0.360031882033325,-1.728834962482838,-0.9459954964344275,-0.9456187983628855,-1.2659010919989828,0.6997176103044183,-1.4981411616272484,-0.6802974899316889,0.23466013691469698,-3.1742171412062277,-4.267671918443567,-2.5506237969674115,-0.4334817353884374,-1.7832603902126227,-0.7341889281689106
-2.1717947960094883,-2.884459927589301,-2.5059701485222425,-1.2159137311651158,-0.5732067093726018,-1.0199367698288706,0.17217008298970943,0.1587274148362185,-0.8237599188537059,-1.4749071817461181,-1.0022116546238353,-0.6215609797490679,-1.1111459535814618,-0.8488370691534906,-0.841089893709769,-1.480244549219779,-1.3190498449757035,-1.8068232901529877,-1.8806151435157916,-1.3062944582737257,-2.108305392639734,-1.1934508002364763
-1.2903816462963247,-1.530613308241669,-1.6160619658443123,-1.377493833985767,-0.7173808499127194,0.25929123083142425,0.2859325783232257,-0.9953420854501893,-0.00028884554578276537,-1.6414679015004061,-0.5162560726379761,-0.7070853588221679,-1.035074345394701,-0.8460727502029236,-0.9489392110183535,-0.9043080012378102,-2.9446656808012746,-1.0569357638409664,-0.5616113926865443,-1.798004867776922,-1.2042747567353458,-1.0517203865859628
