script/wind50m.json
{"header": {"parameterCategory": 2, "parameterNumber": 2, "lo1": 6.000198445256149, "la1": 58.999992894266676, "dx": 0.5, "dy": 0.25, "nx": 22, "ny": 24, "refTime": "2024-02-09T07:00:00.000Z"}, "data":
[rows 0 to 23 of 24, columns 0 to 21 of 22]
-6.619043043109896,-10.018330080271857,-8.717510365118933,-8.439313351681632,-10.797267880843027,-12.875079181255623,-14.43691786895108,-10.170246401095415,-18.435971082645892,-10.827094697625387,-9.173804765382203,-11.778629147416538,-5.669444683389243,-10.65611746977617,-2.588684598462753,-11.3229513606179,-12.59959652290945,-9.75493804753272,-17.135845777019036,-17.633173677683416,-11.442678703586534,-3.8991666323364367
-6.824039364348014,-7.255956840237247,-9.058019599341128,-8.710285778980703,-9.037987939948168,-14.709699775210465,-12.378821625350417,-13.797977181117632,-14.53231236940145,-9.03592006793996,-18.32837115898808,-7.609375542282792,-3.140390756966343,-8.898702517652854,-0.6545569055544662,-12.590830962137304,-10.466176726300098,-18.198706730029915,-2.5415347260719834,-3.7966618218734705,-2.8585828833762426,-10.988443301520178
-7.112962859631016,-7.247718915051705,-9.03560544124246,-7.932446967817519,-7.942835640970803,-4.465921742920537,-16.24361564180714,-10.996420971297708,-18.395445056454374,-19.320395469939395,-10.778356843120173,-2.5834101602841373,-13.738987529291352,-13.077158498758633,-2.9310564940465875,-5.687581857809354,-10.930238207841196,-3.1368672678602043,-4.518145002414152,-7.947928377522468,-10.359782064670368,-5.744435036934466
-7.259833440380708,-6.149457743217102,-9.222401394482995,-6.932809832868574,-11.005640697058196,-12.557333491643211,-15.235965435829252,-8.579434277008614,-14.343180357123112,-10.769123363958263,-6.110092143693351,-15.284369077193874,-13.352846966248817,-7.482865791123013,-11.094698436071997,-5.855846560869598,-14.140746434386891,-2.801198582411639,-8.244828261481723,-17.402587736818163,-19.678978284833573,-2.956811261866663
-5.728252332536837,-5.435588513094766,-9.713288759584247,-3.9836112483881765,-12.561294215578933,-12.884464545699997,-15.795219718190245,-17.213512388855868,-18.158989818816114,-14.5657076106413,-16.033682122414792,-12.64980255006822,-8.74508996674964,-5.822760888934239,-10.751359271436977,-6.4479436408000455,-17.412747678529442,-5.837388535933336,-14.673353009952772,-2.992032638195059,-3.2491825110144914,-10.660860953468275
-6.17458840554743,-7.284263713898073,-9.445270434673175,-10.900821814520794,-10.413821439762708,-12.089607074395232,-16.44643005982869,-10.301922389972852,-13.730592945425236,-8.303282009527154,-9.835955073951082,-5.844919340060926,-3.4040053174477127,-17.1857649409076,-10.511413461611243,-6.449142757623247,-0.636404786941583,-13.168325766638779,-4.846085436113547,-5.332828705708638,-10.479761659803696,-5.067880741750964
-6.425283943395705,-7.554240912082316,-9.301710148764853,-10.942681874502027,-10.880358325744293,-5.157485146000954,-13.292939565873894,-13.776603308993735,-18.061891819713725,-18.93767844622644,-9.390490649650635,-20.494507003426484,-19.639415228087078,-11.269814772837234,-10.03772144946334,-7.159211658004775,-1.3220567409920145,-14.345658511745317,-4.518617676518159,-13.889308634604788,-1.6713659065296893,-3.9287701331859384
-6.271454860488669,-7.088930123870983,-8.656767915969018,-8.841756154000008,-9.523598685421623,-12.996376073237597,-15.498161231122612,-17.24070834143628,-13.545836246377863,-14.022719384435273,-10.86106047125557,-11.454088350581761,-14.195758145583916,-10.264071708119841,-12.96703017452576,-4.6285529490070605,-3.8401748240425606,-17.412374479112675,-11.520879948214837,-2.916015556095053,-5.282665455066171,-8.525239367524136
-6.554738799889523,-6.301676029554234,-9.017430536240562,-10.425635907792572,-4.888207206694144,-14.473370680817908,-16.562572832484424,-12.094969534213474,-17.902499424956876,-9.93231994172108,-8.35492957619374,-8.322142358727401,-10.208379955216456,-11.331530571770134,-13.408340772082504,-5.8502485896871885,-3.118268119178051,-17.885940313379507,-13.537023451803455,-4.964986010757041,-16.49894640885621,-4.462270765583594
-7.183410361795846,-6.809652963856607,-8.52401199739551,-9.806301236501008,-11.896250486557758,-14.505694846045797,-14.018264529000112,-14.180635290562211,-10.67677443270616,-12.834771473277277,-16.943448414693528,-3.992369639953386,-5.255229848596769,-12.703558968091196,-5.606890522773184,-6.247992122053999,-4.83349376485111,-2.147553464221454,-17.587953978778305,-12.119137165274667,-2.3047452650045566,-9.472394307537709
-6.459809661878928,-7.128076340566615,-8.406805143683943,-10.436272665298,-10.890192466325805,-9.142425608681783,-12.340890818484167,-10.540789129318593,-17.99974365812709,-10.853159219660643,-10.224759069138145,-18.336912201382546,-0.9012126647259179,-7.653463979181487,-5.915340418685418,-7.097667386604354,-6.361205219354312,-5.06122813485776,-4.389226590819705,-19.41698684910315,-11.1747628491531,-10.007755399976794
-6.516233275547327,-7.519337426369593,-9.245564928708554,-9.246836445347967,-9.856948497860364,-10.551426883196303,-15.408727429912629,-16.251955192698563,-11.329040874917503,-11.453675720619277,-5.244394559453613,-8.434324124096603,-17.296067653617367,-6.321982722263945,-5.283670106345799,-9.960023204335505,-12.744243331612894,-5.649595328439865,-6.522558462766222,-4.416254646956362,-0.2708500379432328,-4.487261774104442
-6.182472218517616,-7.420894081574157,-8.349108379590009,-8.022425576372727,-12.370786598613211,-12.409655670031352,-14.27807023889779,-16.878207769531404,-13.470048286135393,-10.905334306679409,-16.707473553334573,-4.048717609884383,-11.652548964045128,-17.408817636514037,-4.348776293697848,-12.838394643202784,-10.165072393813,-14.607452731753927,-12.195845120469818,-13.012044066377207,-6.088629731678995,-8.921861247036166
-6.333325011916999,-7.525759555600906,-8.80031183132042,-6.483383271057894,-7.916863292812195,-14.762640191730826,-12.546983152330455,-12.006991831778569,-11.161090148792141,-15.35056801625457,-9.897612169896043,-18.822368994921288,-6.212284000401225,-13.106500623208742,-4.58738000752805,-6.691807836719997,-9.322769613861906,-15.467359851589253,-17.198566406816198,-17.486803746292306,-14.072356709279035,-5.6271146288163
-6.519787924994456,-9.034337479511061,-8.030353914353075,-11.151686886275487,-11.733899935483105,-10.762116984824585,-14.086190948436048,-17.150538997335584,-13.517925214448152,-8.516944274340979,-4.498823115433299,-11.331230700831858,-3.093156756132323,-10.928058919327244,-4.119473004405725,-6.974571890318757,-11.434392146124667,-6.668181962129791,-2.6595388466106247,-4.660324402813703,-3.651150404505521,-5.817860926123096
-6.093737077009975,-7.754720403115059,-7.564691052668165,-8.334301263290252,-11.996033179805238,-9.541824608001862,-14.093548878035403,-11.707716286636652,-9.327686726192681,-19.370550071373327,-12.890869199450146,-7.706117806647529,-18.354446963758626,-9.527145794682594,-2.99677191757593,-12.241884841399703,-16.591905551103252,-3.904882502402357,-3.7854415952418203,-11.916856128838475,-11.383803737131583,-9.39225929303532
-7.004618707325688,-8.203557648567001,-7.152424425527574,-10.684075569417233,-10.739391865606247,-11.242522062050343,-15.103879926111954,-15.644382136629432,-12.707752664606984,-10.166239819589117,-7.454883400001657,-3.9627735951037404,-11.619752735577286,-13.18899284037105,-2.6694513158412594,-13.021269550468125,-6.998628426520346,-4.126418859016468,-12.04478841418374,-17.4192554596493,-0.538374461734712,-4.832516220044764
-6.272198934070483,-7.566278131290832,-6.979001246309307,-10.090822499067807,-9.206989866407788,-8.084766697709629,-15.798720737106176,-10.440472575946387,-10.733493077662338,-10.53871112850705,-19.921229734347648,-18.680852025177884,-10.995016924949804,-12.961078280846232,-3.7062761282228704,-10.51927653037777,-17.83179697860613,-6.759756569980601,-16.317709763125123,-3.082760948913929,-9.12486701759101,-6.55049994726143
-6.278504845086185,-7.595039085667062,-5.19417586405734,-9.545873153935881,-4.708788693033863,-10.974095853765578,-15.310459544990973,-13.946388826517033,-13.631092614960485,-13.780141130880077,-13.753264484359333,-8.38178408307119,-6.562668471356964,-1.7275407380582053,-16.940667159438973,-10.479365253461266,-1.8223488066734777,-12.95639611586518,-2.4676107802803444,-9.612793911273341,-10.33508298337591,-4.157870201781571
-7.01500793171248,-7.054139445915435,-5.316930406248483,-8.374414044207626,-12.109431800642733,-12.285540029970756,-12.307066689203799,-17.123782348782168,-11.628444942206349,-9.167745804525202,-6.66912325244477,-4.264995233582932,-5.676770503061738,-3.5569233293751403,-16.272878041890223,-12.622336685477636,-4.542836968953426,-17.429226283579187,-4.718210173585573,-17.671248323498908,-2.7680081322668397,-9.063187800472665
-6.309088086316361,-7.783752323357853,-5.978696608713333,-8.217437143592743,-8.775981995423317,-13.200867184218625,-15.079635213725465,-10.664055817054653,-17.65121390612062,-19.45764764931345,-20.079149509170563,-20.44556775611784,-18.25601105996799,-18.26027732618057,-10.595648705954998,-9.65533207653606,-6.360853291258765,-0.7014450134403765,-13.548024111702311,-3.8306659385208395,-12.26308364011027,-3.101615192868921
-7.097065659610193,-7.758017355351642,-6.775252311195259,-5.4328416986815515,-11.329790669080305,-11.373966674432664,-14.234961811548606,-16.61444394318061,-10.55120781124799,-8.658728520751506,-12.354851133460947,-12.380065648685779,-11.263106152625262,-15.982826706639118,-10.414016694942582,-11.181894936013586,-11.884550840609647,-2.5792661239866006,-16.025615725875838,-4.165006838040256,-18.870288375171437,-10.51873938461128
-6.022288601304698,-7.355102085511762,-8.866992361504652,-8.836930788912346,-9.714105682767276,-12.208182545690592,-13.754808910983053,-11.03181652642916,-12.629185419501287,-19.456696935527393,-7.1786753813236786,-9.227319832091291,-11.56441312525652,-11.230481169485412,-10.549288182713903,-12.195580888265974,-12.081583386693385,-5.053035875558065,-2.6146300397868134,-15.902700095816682,-4.581200934813429,-6.243004723034768
-7.149656664037644,-8.006481009674847,-8.220826052491724,-9.870452476808627,-8.901413434735726,-14.72476139604577,-8.467868517722279,-13.454957641941922,-10.913966933073755,-10.333060276506389,-8.802097390966038,-5.8028961386377595,-5.563945725125946,-13.16691360509443,-10.254232383018712,-15.121914968003422,-10.236905072603944,-9.946357208239501,-4.335294486652655,-3.4848325786036463,-12.270297293922699,-4.244866131618838
