script/wind10m.json
{"header": {"parameterCategory": 2, "parameterNumber": 3, "lo1": 6.000027932988019, "la1": 58.9999434238085, "dx": 0.5, "dy": 0.25, "nx": 22, "ny": 24, "refTime": "2024-05-29T04:00:00.000Z"}, "data":
[rows 0 to 23 of 24, columns 0 to 21 of 22]
0.8331445614805886,4.525475535107497,2.730185641787051,0.1787425662615216,0.8245904051135374,0.33523017405195904,0.714182550145106,1.1250433018223807,5.474684017323765,8.392759137656034,6.769720566213345,1.609995516958711,1.4377262514599458,1.3571814969500406,3.4730551182481357,3.9398829034875202,0.7493110604941962,1.1527267698029398,0.7701511178647034,0.5188444317516072,0.7647355997312465,-0.022838234509869975
2.5041230138435786,1.0472884615569558,1.7157581719115693,-0.32153357244529257,0.2628414108719741,-0.3612147639603151,-0.6588307946696711,6.521317030527016,7.668522775017879,7.788275056834449,7.719296513482059,1.9727680169880888,1.7121733564059067,1.636850646621735,0.9483347244402573,4.1134855050457135,1.197574456800047,0.694929517303276,1.0010249576003043,0.5165301641763228,0.21590577866472152,-0.17418432872061249
0.4827410024109369,0.9961026451119451,-0.1347969129671506,-0.6834853830967569,-0.7452624515076385,-0.03733546160489835,7.401313869601862,7.547461426852972,7.855883866587426,7.525405792084187,6.485206578106551,1.1645826391739176,1.2643108003707693,5.642870660505568,2.1728942898926613,0.9440161220566675,0.5879126958099441,0.5423527272878393,1.0527627645543292,-0.07170405037278696,-0.10553023409430992,-0.08882981788817265
5.102222644230703,-0.20552172279436448,0.6950050669226217,-0.49630637714086123,0.08719769626142011,5.554834755828331,6.982671945669385,7.421631009525693,7.28219932959379,7.789513178978855,6.231926983304096,1.6771725169843132,1.3843554298458787,1.2613212827895668,1.6183334550439272,1.1080763294120681,-0.01349098673519896,1.2538665802948303,-0.3370873759795626,-0.18782309796639093,-0.7184345886379188,-0.900849313248704
3.6455033427247168,4.069363521615697,1.2008627959943308,1.1513377587464748,4.66755435740423,6.900241244053702,6.716588987516159,7.3339183349347845,6.694093028030166,6.563664737558416,7.002167069187912,3.3392954077724046,1.196665064181479,1.0664119059452033,1.306796594219198,1.765933593315029,1.2132169233225736,0.7792985621456776,0.3885774514417654,-0.06111122978932445,0.20732848264944598,0.1779812385459114
1.8911284191523294,2.896356239105067,3.43509414722984,3.6750254078692928,4.375927353897753,6.245061455842299,6.824402181979904,5.406889513697612,4.96744453403398,2.8331393921126726,6.7115138383025394,6.012264072262106,1.8679479381519108,1.6243462640945598,1.647806501359285,1.5140682706791793,1.1463331543335509,0.9460448244753047,0.6115358995581074,0.5993524269817228,0.17974355631540076,-0.00849129929178651
2.8424209260263393,2.6276251138129165,3.467038495561553,3.665652372781995,4.359212423628711,5.395580465156447,5.77160483741343,5.632598168159551,1.7842957032062783,4.83077025888671,7.086629670491642,6.921615021315503,0.3737056857053001,0.9413510020928966,0.865232821780756,1.0130574742081337,1.029731618922886,0.5968222075438889,0.23501449866607071,0.2757649849419674,-0.11071195419413576,1.3055639835564896
2.9385675103184594,3.845192823589773,4.541371332914035,5.03198064250413,5.481086299408946,5.1780025977514,5.061951696298032,3.0087027332149896,1.8215605491681746,4.782166680412995,3.413263354548824,7.508190704687184,6.7686227921098885,1.1521525073198557,0.9740742350689434,1.1027161962533099,0.5333759114620054,0.8828153193345122,0.8222478835758045,0.39736708993630915,0.43913981690043374,2.9726689016139405
4.135735701518509,5.163175325928252,5.886165904218773,6.068353441509913,4.813296263195709,1.6639587949868473,5.838972466656571,3.0725210066846165,2.509205321087917,8.219238499085366,8.292559392184828,7.93753829406019,6.861301883916619,1.5695515940938307,1.3245120407706574,1.4299222499528499,2.030677449616852,1.0499773469549338,0.7606639780131665,0.6746210726275772,1.779230147475537,3.155999362289476
4.155082209520809,6.246881904768622,5.8505825513359015,5.744605558238458,4.991943540499904,2.979033042814797,1.8544469098132728,2.3655786916192834,2.198268586087912,7.697615016931016,8.157952431376915,6.211714477655204,7.507888932480217,5.943997674296708,1.1402642787723318,1.145045103733261,1.2111120878073889,1.315594763089256,0.8294499427131437,0.7934936162232825,1.239517504921404,3.9730528449703875
6.384064945469283,7.436916914624543,5.7328227292839635,6.63653264468929,4.092026614322111,2.6994426313176447,1.6285401525455934,1.2234252047980376,1.6207229220194348,2.7369002176196,7.6177293816790685,7.504279550285343,7.704774104095362,3.8433944421334387,1.1634821325073266,0.9348909854872226,1.2409482128300835,0.7591232229030408,0.9950016713046342,1.2537702295557527,1.2463315447513177,3.121552326305294
6.998312509945352,7.167549332929276,6.827523168414506,6.895902180923004,4.1776865208159,1.9385987629100392,1.8412507092369461,1.673127343052243,2.0014686612598194,3.3077409977451815,7.372765472212061,7.747226863342452,7.200154826059095,1.2646006003038506,0.7783315375329222,0.8382238517570533,0.9731661541092244,0.8148862288768243,0.6118412591475032,0.796155195479168,1.2508324731407503,3.272277816371823
7.88003546480157,7.690888755668026,5.77711225108689,5.147065279444496,5.559340598594716,1.4321766145977788,1.9757307638691277,1.7113873802092858,1.6878151323670432,4.959616608006378,6.37436589954448,5.934411499496434,2.5060691854940433,2.4367814201097047,1.568039462678182,1.1152005502954232,0.9411063559807482,2.5365338033234752,2.5177778516059157,1.9378841037740506,2.90422220368611,4.004531218989858
7.6045643393720495,7.670836214662361,7.0021567318976725,6.988609778526896,5.1692808444407685,3.209751855815677,2.423780553592519,2.5406224629879435,6.051360113280798,6.84221757472133,4.788868806974458,2.2000529916484615,2.493915950315113,2.532784602867502,1.7102081788639543,0.6096805684661322,0.08200717785684891,3.0554837466018805,3.0854184095434434,2.4805300766705964,2.6506480249067286,3.7935700878676983
8.199710993769516,8.753749647876797,9.752480710402606,9.085928572049426,7.350296769543989,2.6389998262829515,2.9242445107434776,3.8145272136313966,3.55994600430661,5.162777347952304,5.774674873958907,1.6952558203681756,1.9331070106022055,6.543266669232828,1.9107168573830067,0.06594547293877388,0.490158437328038,1.5417964742410937,2.8632177061361355,2.763049283459505,3.23551102418216,3.3965260912991475
7.384312088968488,7.7270699595496355,9.024225597122498,10.924839236221136,10.880875305485246,7.6588360886005376,3.6962133658329224,3.700670777614219,4.238598226600701,3.5895932654767133,8.640485949020325,1.8274764835182598,2.459769560525431,6.027849256277464,4.59599011441573,4.215082100865191,3.027173892455981,3.4414003709004986,2.061447242894505,3.6257330764202194,3.7491862735034696,2.9753572739964356
7.174917962251477,8.330380739507003,9.614923193153144,11.1941878252382,11.426307642838914,8.962198647872894,4.081732253999109,3.805995408064998,6.701243544418782,5.146558930828262,6.3822848535233705,5.4556139283747935,2.7263164408348786,3.7034694968005746,5.9098194569682665,4.324818354873004,4.500822244023816,3.6707600724807383,1.9029857635913863,3.765524250833922,4.256438237574663,3.2351524948779544
8.383446535858967,9.309523122441805,10.657656605290558,10.954111726734965,11.663179314290481,6.56201514895606,3.2679775161807263,3.465877300658386,8.183089582547083,7.379903565633849,7.361781146830411,4.770751765501486,5.235274152351887,6.075588613188677,5.822047706981876,5.211665506659437,5.08889364865591,5.565175231828777,4.7124227523938895,4.317394125749036,4.463280417806363,2.7197402494110867
8.95344116409366,9.422956366225185,11.087199983167135,11.076202295858133,11.351714419383741,11.180811921751635,5.100406783019257,3.3795914970666314,5.441747611768451,7.744738417430691,3.8017496246205336,7.3134547739769555,6.543276214820697,5.164133584199308,6.278200166501249,3.5197386516232134,5.508816318865887,4.646663821023214,4.341519580061214,4.266939511494593,4.1447989240308365,1.4686172938940771
9.80178381508091,9.72403763941831,11.1068519479368,11.70917390080657,11.646275892436945,11.150057747711518,5.205040517223766,4.424674847150285,3.8258273247556396,4.191309729938181,3.73149350908961,6.841866008869349,6.514429145609583,2.942638609360289,2.2725756276936684,7.1982919629756426,5.889866168112876,5.4176127350827326,3.504780311089748,2.8629742700609544,1.7418595523984566,1.5775418839503306
7.78982928087581,9.65754032677556,10.345814421940716,9.44662837866477,9.747284172485397,9.756584525830508,4.8448841157333185,4.315916535974319,3.4355243968720814,4.273653849587204,5.173427810521002,3.732015583359257,2.2613234743883512,2.8680426838122797,1.4489482669263725,2.4047016499004674,4.472595281756449,4.175049331079639,1.3768474079699038,2.582844199975594,2.0349376189376107,1.2988670939566087
8.489301792493013,10.134021742934838,10.304767994868051,7.360790224803998,7.3030143209813385,7.26028047149706,4.472917299194172,4.444202181368112,3.661101256209616,4.576455199321879,4.613774645379509,3.832276009860837,3.9813201755600307,2.9752104048526373,3.2203443623015056,1.8029994753330085,2.981302741080436,3.8567011962166315,1.1941248113496146,1.3522322196294871,1.5427434278154972,0.8870757871200206
9.33960915528494,9.287391898430501,8.978070902439951,4.689950785658499,4.654655939663532,5.172836329298789,3.0970689372328177,3.0573578530868732,3.4093272853857948,3.7284680781564887,4.371956535842864,2.8499888575246164,3.2297604376054196,2.9252184643218437,2.7610177574436925,2.8242484458665627,2.67032979890506,2.3492135525687847,1.345861008932294,1.194085995422813,0.681399041800116,0.4310296967827333
6.232803677172115,5.367279774963043,5.406746599720997,4.546307788733968,3.9043601393363794,4.860306439161992,3.95337237060458,3.7734100366062138,3.224801045055725,3.150355627028263,2.2842460424261426,2.4983141281995023,2.4353945825647694,2.127535931735264,2.2197796613200604,1.8775149030320801,2.213396401432774,1.0894728037166546,0.8959491559415509,0.8506427222263476,0.4342751162339747,-0.19472285168005807
