script/wind10m.json
{"header": {"parameterCategory": 2, "parameterNumber": 3, "lo1": 3.000054539987559, "la1": 64.9999836372058, "dx": 0.5, "dy": 0.25, "nx": 34, "ny": 52, "refTime": "2025-06-17T18:00:00.000Z"}, "data":
[rows 24 to 47 of 52, columns 0 to 33 of 34]
-2.627475174570968,-2.560908326855,-3.849487575977205,-5.342386707483839,-6.135729138267217,-4.942957061357354,-1.0200015119368329,-1.6656102102831962,-1.6589207102856058,-0.772391884044565,-0.7832138851350223,-1.107025628667998,-0.019884284458698206,0.04435812981526871,2.866194641859523,8.750010390498188,8.028824732554638,2.4516289366034534,2.090465957462368,1.5344729105111556,3.1055259549163714,6.362071278817666,3.7423145058930984,1.6132164822036568,1.300147863537883,1.0524928062247227,0.8042395668229555,0.47100321792929495,0.30703328007735425,0.8700072542580435,0.8317121982850281,0.6726750210993523,1.0499519995765854,3.1551222606655798
-2.985755499105477,-3.0745122400612086,-3.201001734288413,-5.810182273384351,-6.916558813698627,-5.2864779100759405,-1.8300112610003914,-1.5907041576148946,-0.6701021812631567,-0.2370382992178976,-0.42664370413937974,-0.09537425528826302,0.0576553789662883,6.991142811541961,8.372879688002941,8.689120321233581,8.360545033249913,2.273458301402174,1.7290286025938373,2.037639794133957,4.32509902713833,5.030172226632039,2.0298582172752426,1.5487990784928807,1.2863207191540993,1.1253814626580108,0.9105094674025365,0.4222784600104817,0.3190538608592063,-0.01601378419714158,2.0679467031740195,0.8231522500165158,-0.4278781270728483,-0.10997884136613423
-3.0261372241451534,-3.8728432050931545,-4.507097297960853,-6.12189646101818,-7.600585767524392,-7.227781275892988,-1.868458345202804,-1.4695975676570896,0.054817108307644226,0.5796260548555011,0.4728730359434559,0.6723404006032053,2.326323057771868,7.373686692131343,7.732437218380906,7.63950071718309,6.785688598713671,2.221255081588653,1.7313279194452404,3.936533006426985,3.0713973670012065,2.8702499478971655,2.1192460634257313,2.7659752813700997,1.8158026671310918,0.540764741445159,0.696720435840904,0.27387582254526266,-0.017779381006451836,0.4079671992254867,3.016120141073115,3.8906150982602523,1.830148595833855,0.6405826341876202
-4.0770142783571215,-4.847071069468421,-5.883502759245366,-6.826263006990698,-6.367532960684804,-7.510136946632044,-4.520679080669656,-0.8886789144582713,-0.19187803048246851,0.380899351650255,0.13018369699515675,4.264534280190002,6.577381777429793,6.6831180195223165,6.9350376646537555,6.754596212638195,5.936405449636727,3.4200076680902325,1.7434402205550041,2.3434007204709824,3.973727097568802,2.8948890967409873,2.0746290493679527,3.7882047935130068,1.402973426231904,0.6708172843668322,-0.4046202618147853,-0.3720508143578787,-0.23625883548069845,-2.4555650444874653,-3.2419218932018117,1.4477152031175173,2.1749109760118945,0.33529715741085525
-4.464615341880075,-5.298147292845764,-5.763201697689036,-5.747598285944335,-4.672971090381273,-5.200880330772114,-4.301783029735895,-4.941570245990189,-2.10272454794038,1.2557674716356313,4.327703481041042,4.442395019220344,4.61526604237824,5.571219194708559,6.018343681088961,5.653924194649956,5.080961010127639,4.015361394473547,1.6638457195653842,1.4930836573593627,2.230724233917444,2.1058873709125527,1.3021048846394716,1.1368216141721574,0.6572146264482339,0.41672005358847863,-0.01887107027981597,0.1266240823407106,0.8893054117413862,2.4082047740699233,3.130007696543611,3.2036815861954255,2.512278289576086,1.6255368314179883
-4.228741726448639,-5.729327615567248,-5.395563252251618,-5.715458811960107,-5.549591197326227,-4.243653714977342,-4.207852793963016,-4.062597722654057,-2.5787267875979034,-0.6772643202152023,0.7420742949220445,1.9470102862758851,1.8986029247961447,2.3576474567390497,2.604775866355279,4.150781961485425,3.1437052246957635,1.7815656953698455,0.7844620448629142,0.8243848930698505,0.11221380210480734,0.9662725918383628,1.2613023586652727,1.045351825921875,1.02115659485492,0.7070232998828968,0.2882252097824663,0.21211242536086322,-0.16833959348172287,2.825160668472218,2.8715191211748405,0.44000562625783046,1.791848641830108,3.139565280497582
-5.069725383140966,-5.13245327832355,-5.851521262143235,-5.533328119533308,-4.523720028164385,-3.9557738498591153,-3.6116791208559182,-2.17609559122037,-1.0749273493549074,-0.14504956830171126,1.385176511949818,0.839308268199779,1.3454792144438419,3.046457986545274,1.6823388600429265,1.8454530601740096,0.04226464945056281,0.9177115763882492,-0.07045261330295731,-0.013809253330788541,0.5841670986774868,0.34855924388111165,1.0076314335207812,1.1058934379343592,1.0891912224230693,0.9523868880246327,0.44502140741485813,0.37681834197057273,-0.13100669646576937,2.667022509391483,2.534910848607694,0.004739786415518809,1.9650737582576598,1.637226984851158
-2.743251876921281,-3.6492046948238306,-4.246448854882643,-4.366878416271038,-4.231175589955598,-3.4677892058192854,-1.4653674663046867,-0.6773436765606596,-0.3100965824796622,0.589094128794548,0.7226340226923638,2.203196673982683,3.648007017572356,2.482531440143766,8.838784362066048e-05,0.11492859880735386,-0.5119255682342457,-1.3112343463570733,-0.010554624019268929,0.6241426745224435,0.5629276606984281,0.8119408484096315,0.720432133195378,0.9708108571792333,0.9870316954233002,0.5988308156881509,0.5888364017904847,0.459175203407458,-0.04885971748845087,3.4405645561656018,3.7065884907359457,0.22178124460020826,2.1250978802980627,4.707204821849601
-0.6980844342767251,-1.3865870095663575,-2.4713441665146605,-2.885843917473724,-2.5230828964702128,-1.3188441250099767,-0.9903976104603954,-0.3239382040441541,0.33581102960386333,0.5586984807270721,1.1539182401650319,0.8250786807115168,1.0425677891639953,1.605450019698412,0.3967005246112904,-0.7442259307348854,1.263838807498633,0.8036447675197328,-0.7129170832938285,-0.07668617953819812,0.31317941051440523,0.7057926557826023,1.3126164500403374,1.2812353508981804,0.889363933865038,0.5898366625262638,0.3268876095830295,-0.09717098747950755,0.44017837707294394,3.420389073517965,4.806073362321699,4.13005337621546,3.1278902206382955,3.7081857170960038
-2.5050943982749723,-2.9479825315794685,-1.452401722427007,-1.2552213691395995,-1.0833178845155478,-0.294085226517188,-0.11082221499183337,0.11978001332418493,0.1580925599077811,0.6680837553779991,1.2478098443232348,1.2204411580163168,1.4658013488714974,0.7874261192815876,0.014512289013269711,-0.33398940272591643,-1.6911974186028973,0.010842165617032645,-0.8862412861799852,2.725409170883977,0.8875793317694808,1.381714243883112,1.406044588176847,1.1176158169889658,0.7699040676327428,0.3380150740355858,-0.009534445317913122,0.06998103776905043,0.8929398589747264,4.968921001916224,4.843419522901199,4.562676047952582,3.086034198724546,2.8813761701667886
0.024353206896143658,0.4874094445379554,-0.5734554593181808,-1.153434263865973,-0.478348829766964,-0.16388497536342123,0.04824590836183203,0.7062791746774478,0.48162327041805986,1.1333648199087585,1.6333837960495283,1.1891039108827501,1.0351679101937858,0.6950010389192153,0.6696129379725362,2.12811844488345,1.5032400221937259,1.685359451753228,3.0893571706714122,3.328279174122182,2.210073632444744,0.7097164306125572,0.8213832913335826,0.7967714372256296,0.18900900351666292,0.03352731430996278,-0.3121384098063401,-0.5195758061312903,5.545428891159779,5.327310508013749,4.525393797821923,3.741397274830105,2.3013323968186157,2.6989076848216853
1.588160566307622,1.2808630656438535,0.48204976284227374,-0.02223599637825129,-0.09499087073262553,0.48877774159986126,0.8133382161028279,0.7821691314651951,0.734547391598636,0.9543772492738287,1.2873615414002282,0.9761085353521445,1.4266652356393297,1.602748043053576,1.2483762662257916,0.45297121494307097,2.929834851330285,5.595923227405806,5.5011806528859,3.759531957171372,1.4381491394174222,0.7248783992538467,0.7109964521785993,0.05416772038794773,-0.0117251691820849,0.02270590309960146,0.008581618989756824,2.943696401315638,4.360246700077202,4.454948359029111,3.6017800215900544,2.930638440115408,1.1811604432142593,1.977372284293436
2.925639520361058,1.3956844548015812,1.5584116168253344,0.8702151070828922,0.6191830051432752,0.3263272747762916,0.6593367234912919,0.14255702512394072,0.5727347434773603,0.7511853137387198,0.7018487136562934,0.8990239006678444,1.2669405225658175,0.9258260027039769,0.9211073441605238,0.5724705068764482,4.161274488644619,4.7897589307492,1.87795262149225,1.0431341189296097,0.897538219050315,0.9238099967615468,1.2719812269497068,1.612973529013953,3.4811900098356743,4.285186367482466,4.1700870771494465,3.1980989850708488,3.9917744678089293,3.874446980138907,3.1594780281449157,2.036897392738708,1.201284568445047,1.8874896304081783
2.7758746855584557,2.5217567881142524,1.461914851697687,1.254200245046156,0.5542531576574677,0.44126412717910757,0.326442033838171,0.008591800829484875,0.13967278546092152,0.59428314314916,1.1405876948704088,0.5655085617819066,0.44908713763096003,0.9512868530382156,1.5133896918053278,3.5542772642870197,2.4333714942613205,1.1789642473882023,1.3623738854971708,1.315935629903732,2.08523102450781,2.5315788746119763,1.321733458993953,2.4452151331670726,5.728385256385656,5.316663447117836,3.9696021824495666,3.255908351197335,3.1939838537494785,2.990449712603436,1.9332143472459984,1.1450803202405753,1.5827926769782192,1.8375090051049543
2.8342898150357083,2.025906206906852,1.5775029917055288,1.008180736860164,0.28341708474643373,0.22798964584648002,0.18648035599445675,0.33806889956275715,0.23173683627518485,0.5964258145163307,0.11906349194778232,0.24998907803886192,1.3137368777021456,1.0366140860859179,1.7221000893174565,2.150238497290505,2.808616968188728,2.0479527066088736,0.9531953512986213,3.280803643156032,2.071252892203171,1.6801875745510788,2.0106928288938115,3.8730490082222575,4.861676287785116,3.798036429542364,3.184842502384112,2.668403167858478,3.2333810170029254,2.6797220046120964,1.6120840937662584,1.8186572825761775,1.6142754981838843,2.160077273127248
3.743017878979428,2.2123884079711957,1.960240593390266,0.9573503959647249,0.4989095167240951,0.38119768728755515,0.1990716972540339,0.22919554928999222,0.031982044456647686,0.2678930432395101,0.04717499181240861,-0.26829441980546914,0.47786729103520886,1.530941575512253,1.9510353016362332,1.9649455576464927,1.868671277814506,1.852692947025544,1.8453335249977032,3.209366635170045,3.707879483206174,3.907065867158883,3.2668964211936293,3.439890101399306,2.560183741692059,2.622093397182586,2.913860740062811,3.312493312791702,3.4561123923529142,2.9249477902389924,2.319961827845862,2.193781748908067,1.566659479230546,2.2838016773159855
1.5911134856722822,1.669147985600716,1.6450770723501928,1.3271417330565438,0.8546586650534019,0.21603913506594,-0.0004726883219690203,-0.3829051638617365,0.2024733579565326,0.09073853656772099,0.31906055086250695,0.16385756002616475,0.501468482281511,1.1868536333258801,0.4472618905255361,1.9337063716221274,2.5709641273114605,1.795506266851605,1.2808927976814861,1.7314426127322318,3.3895117442988876,3.362682963152342,3.161110039886895,2.561257554200889,0.27257240364294705,2.027156397014564,1.9738071397500023,2.7373793795903874,2.845997031595782,2.5501526662958782,3.367828620869924,2.1200941439250536,1.8366471752654672,1.5997927024409448
2.1958639950171346,2.550760874018709,2.1167176726605006,1.6913687535148598,0.7850756927236522,0.26303957136337236,-0.6557585729319799,-0.03512843526434691,0.11663620452520441,-0.022330423534664603,0.8340310572214761,0.41718710196775005,0.19782633379305528,0.44209536546827916,1.6631665764849348,2.2132273972991268,2.5799159724073166,1.7415476643629024,1.2414623214677403,3.594354462462921,2.9880436259344925,2.269879298570329,2.2918311807270615,2.3606969868690224,2.079294223748058,1.7840883627395387,2.742977064999321,3.2490985310254525,3.502933033010563,1.6663068226947413,0.9093232439973108,0.5823470105437694,1.4096989855023558,-0.17640313310912906
0.7205539272905799,1.6495029664719063,2.0470232320870934,1.16412674376695,0.5341128322754181,-0.34826889789109916,-0.45164417362589715,-0.2083832840492942,-0.44355505790987715,0.8200742102902807,0.7759782638652113,0.39651463741879217,-0.20630799827803126,0.6593164441238101,2.987334574680399,2.192559023318221,0.7332119036764502,0.2990256646465094,1.5049142288375137,1.3652914704457058,1.2225593928211436,0.35717023895169825,1.5021778280912963,2.9870251470305917,2.755798209225557,3.108297372452331,2.936013423625361,1.3267887583066176,0.48842711784764237,0.8170561810744857,-0.04023654176504833,-0.06807188543831554,1.417376614444283,1.8546957084805775
3.2641412542645547,3.66841974560603,2.9845541249626493,2.185251808985869,1.2214401559958605,0.6516851115803112,-0.006517978034797921,-0.5436501727724683,0.16880031914023366,0.7659147970431549,0.18866977273742688,-0.6688938564207216,0.0460732050005031,0.7152650126559907,0.9020488625827107,0.2925194077692908,0.11938320355398592,2.4601356970820714,1.3269594201757204,0.7124422482310738,0.6449673941584155,0.39733731370391007,1.312994223230614,0.9487316394556351,0.43544460902489845,1.4904368784368216,1.0887993407862029,0.7051186857961855,-0.07974841586928433,0.03696644731250031,-0.28276628696224737,-0.45720593326567094,-0.6449005073555806,-1.3447827194183075
4.326870161075618,3.4379011876964163,2.332751879425464,2.3611218178569855,1.7992295628690875,0.9178172918123857,-0.07560226986568488,-0.21402904225204794,0.44478059776436923,0.30654518650698015,-1.2931653047555143,-1.5110447484104175,0.0006128510946497504,0.033053430660028776,-0.23236050171666,0.6595502857249651,1.0694545896413328,-0.43416364793356005,-0.1404991582734385,0.2556669902588558,-0.0268041994193849,0.8989357457601045,1.0066538224989274,2.149210464950671,0.76397557647535,0.42750120443903644,-0.13586009260951346,-0.26255777073175135,-0.714903761255129,-0.5924834568180686,-0.43804388548040274,-0.6572720156929928,-1.005419677545414,-1.123924807969553
4.708330069073519,4.023219743639289,3.3914132459126596,1.6568628469761142,0.08417174857881561,-0.1775140593064537,-0.5561714082650187,-0.5103836032220216,-0.344321890662997,-0.565130479347568,-1.9002176608116153,-2.6040250635988667,-0.813990830971101,-1.0378662091610595,0.8861868176517523,0.5334336021685687,-0.11643012176194241,0.5467164550501871,0.7683917457258921,0.5239852717019854,0.3047691062028364,0.753260134297214,0.5577213439084533,-1.3585623483213685,-0.6715034924079033,-0.9312933187110165,-0.9068728799866589,-0.8582392215489004,-0.6753588768064962,-1.065052076796895,-0.7052993569576415,-0.7836366810258166,-1.7758195946355302,-1.134385827868037
4.56765422038581,2.783527014721377,2.2446720968917533,1.4032558047523822,0.06518272347500166,-0.5911909321198552,-1.3811265270385458,-2.17040761472013,-1.8206962848284,-1.4507890489283306,-1.16614900248616,-3.273889406445576,-1.5624845001156082,0.7111399239777233,0.3922753619290574,0.5390364954236578,0.8592936297173693,0.4820036460538951,1.0204401061056794,-0.1641797495399358,-0.6677956245575342,0.00040214871813014754,-0.5747749781334559,-0.07804111717881083,-0.5993652481716004,-0.5506541482719963,-0.19215980857307569,-1.1299631354085327,-1.369217488740715,-1.6337647732760328,-1.6608753043197817,-1.332941240742376,-2.579124771783373,-2.2449771923862056
1.2764980902394831,0.5689622204884389,0.6508859203515314,-0.161448569605852,-1.243917274461092,-1.509105385691965,-1.4787963545378746,-1.354126884870247,-2.459675416759629,-2.9259798898352063,-1.4770148335836952,-2.2928469642341387,-0.21304428984056764,-0.01894391090264917,-0.18014224860575753,-0.6049832493501557,-0.7827147686098912,-0.665561232448115,-0.7044242253594761,0.8677519153839006,0.010496291620185168,-0.07994089296806806,-0.46025479930677676,-0.8122494447939973,-1.1652038113744076,-0.9511919459743189,-0.7553987220855666,-1.3246872418086706,-2.117487102626109,-2.4432683624810085,-1.4616061381611303,-2.4949497593052605,-1.6701743230133548,-2.1323190212525907
