script/wind450m.json
{"header": {"parameterCategory": 2, "parameterNumber": 3, "lo1": 3.000054539987559, "la1": 64.9999836372058, "dx": 0.5, "dy": 0.25, "nx": 34, "ny": 52, "refTime": "2025-11-24T23:00:00.000Z"}, "data":
[rows 25 to 49 of 52, columns 0 to 33 of 34]
0.2067292608979737,-1.378373077086927,1.618024863994846,0.9829385689512976,1.6868241627545426,-1.4490874983962383,-3.855224538528767,-3.4021020223198315,-4.821948211319755,-5.865814820729644,-6.395968619311467,-6.730092218708732,-5.982233887978631,-6.174253168985782,-4.030838645155996,-2.1973060147242007,0.2639031012472201,0.30910800258221965,-0.7181249738878477,-1.6107091797505797,-1.4556229876761406,-0.8680906655634545,-0.8324466858654177,-0.24875689592075353,-0.21490757760741108,-1.0010061924553397,-1.2121655049171622,-0.38077212938936933,0.34186010392396415,1.1270488474205294,0.5111539608336851,-0.5305878583566471,-1.242654978165971,-1.4103482584647415
-0.15746516476618114,-1.0826805044184908,0.5689342276728788,0.6370541823510479,1.346283828218124,0.8348541201289956,-2.3527007468965775,-3.6889182515193815,-5.0977252131835735,-6.9683417565893615,-5.849827107544092,-6.040193970555284,-7.749143379909551,-4.863348936179491,-3.4028161518745437,-2.156508161390748,1.304080214177203,0.12372064093842793,-0.8406484942604018,0.7662166597094962,1.4326056098000635,0.4661784974339829,0.27008593217016236,-0.10052789928090561,-0.4920419436263891,-1.1231738012295678,-0.701070574911554,-0.8706358579664776,0.10003964663747666,1.0907323485467513,0.6956275552341693,-0.07039760083926659,-0.592609921203369,0.3852802211053664
0.4037222948349727,-3.40646648417901,0.557488408254866,-0.06843698327218568,-0.18016751453623636,-0.7314897783810272,-1.4611583578984173,-5.1323234650817415,-5.1809138271533515,-6.799299132467087,-7.059877878071406,-8.453495728092093,-6.5527208947858995,-4.704497754297556,-3.0266109549714026,-0.9941360300927052,1.9727522405303413,2.053853771712022,2.4970803139292745,2.9170657822499426,2.4522963635445483,1.6154437287231134,-0.04458633831437014,0.919372702432655,-0.5892787344183652,0.7766867435411765,0.38190681802508164,1.3539415452473471,1.4262734666580656,1.643958619094334,1.0839352452084934,1.3968499840192932,1.7778008758943182,1.8514944512334388
-2.716071888991407,-1.2989609772634751,-0.8745214189044118,-1.7917286455859098,-2.034772618445404,-2.545998796605493,-3.3046372820273264,-2.8061176911439283,-4.73900693245455,-6.784835792701021,-8.087562302858343,-7.7513637407363545,-6.116749578419457,-4.580571135907782,-2.218624936259542,-0.47524694639212156,1.6296255588958024,3.6579148670022614,3.2513506331603925,2.470184068268741,1.646312803794336,1.4263875426029997,0.025491580236476675,0.4992108849276417,-0.024823042219732493,-1.0136112353030629,0.8507488246490722,0.9093894751261118,2.3525312699836665,2.0741330967972345,3.286383427099527,3.2704724701951124,2.5271929896699774,3.286077264205887
-5.363888781341475,-1.5861241818283696,-2.8026937230212576,-3.7329691498849193,-3.8009739115928567,-4.1472041693100765,-5.00012948448121,-5.524739688966153,-6.826449978228797,-8.85361559842384,-7.636668772898135,-7.104597053075574,-5.635315515352554,-3.8457971286750534,-1.860018851155277,-0.31038528729525144,0.8727725418096038,2.551272675051657,2.7711869121748087,2.9549862013915713,2.772984851486693,2.7621955399985834,2.276900108542093,1.0885291200066791,1.9032913711803863,1.6624026112575123,2.7689304142613036,1.6631738878834297,4.181644057872937,3.376426504921992,4.443908944823985,3.7347705246816942,2.870142008190895,3.6121852460443926
-3.5627559491371845,-3.2282827901325146,-5.252143137802585,-4.968476331708655,-4.892563032449714,-5.92190615120338,-6.318341622466993,-6.870782245695454,-8.497858246014609,-7.191621147267687,-7.2172841685578035,-6.4630715173286575,-5.01284861277966,-3.5146002115923483,-1.679336514294327,-0.16169218810915068,0.4210436381002736,2.2829464889249205,2.486740272657261,3.082976378651081,3.353584717668134,3.3037811336169685,2.3027774402494323,2.3868614246261677,1.3488868343879483,1.3553321294506455,2.5161422142092573,3.0149129161856196,4.6569802366873425,3.4139155753501567,2.9628566835521886,2.7005028477740325,3.12984191880923,3.7344165949702153
-4.064963263492253,-5.928347698209494,-6.702307869807524,-6.104164941970149,-6.749785478502482,-7.214451471975291,-8.030869254585848,-8.636223254777,-7.951282400359755,-7.29651069888436,-5.995158020481024,-5.3886264988862616,-4.6911445748161515,-3.832934074960441,-1.5241382628566118,-0.4345987482258882,1.0082367047810428,1.0630990715915714,2.8584495447767044,4.1058667763102195,3.2018671360944695,2.666888241042727,2.091874601113856,2.6696229582902635,2.2588547491631417,2.1366895557441654,2.1691981829324276,2.0598679705696865,2.8430863595589306,2.79342639648387,3.4518885666970283,3.6203292250334322,3.884327823798019,4.032845092966832
-6.644305223694408,-7.6079242644037866,-7.931634163835465,-7.5862605939320575,-8.128899051979081,-9.412903507597413,-8.361551972802397,-9.295923820550733,-7.414851147537055,-6.941398364763301,-6.069088386216509,-6.915202692468007,-4.765342776807383,-3.1140206313955403,-2.3484256070003804,-0.9523578216106549,0.7718812803620961,1.182880477396164,3.116310629658573,4.4357849354450565,3.9173466306138884,2.4490645637231836,1.9922880976223127,2.210906816580544,2.3431662161424383,1.8461359633686405,1.545703154752452,2.6044599969002284,3.2481617800600637,3.3708579820780455,3.252840059455414,3.412880360958381,4.55519359356563,5.460397037979367
-8.103654874014065,-9.197980108044192,-8.930917515372567,-9.18649981436044,-10.149613507052765,-8.801480037542138,-9.622455112373245,-8.352433624068178,-7.398194895042736,-7.365827528454632,-7.710358195460332,-7.202504139178435,-5.017602354503437,-4.112801714319772,-2.9428618242348814,-0.53858300664454,1.735420192932315,2.494798286290323,3.1594207428944427,5.164296828039259,3.9948330085241017,3.794978044343531,3.0307975727501444,2.9014785890369494,2.853114868610583,2.3962157086869365,1.9777999950316172,2.525534136564882,3.3606255115381627,3.36411902944647,3.6143188561533637,4.169735911020473,5.091115119701712,5.782880032480359
-10.022059759466929,-10.214010651042296,-10.125466409657065,-10.981132163774632,-10.89028038545929,-9.912667586082582,-9.274032429228932,-8.046666586408785,-7.811003573688463,-8.246153309098995,-9.18153613411209,-6.168581055685051,-4.78231844498902,-1.1380793430543226,0.14368685400676437,1.309650266692042,2.502950804679082,3.010979434850398,3.672069084963321,6.2311168830279575,5.24284288061056,4.122265303775638,3.9194043536156165,2.2696488811973596,1.3300337665987056,0.47567781300155487,1.135048306025999,1.7547729967711334,2.294920932247373,3.186683033056689,3.5149467045607725,4.2525222320306835,4.415946763505466,5.1608000349210865
-10.572859242671262,-10.934909002750658,-11.708797052330572,-12.581212379279533,-11.122600043762798,-10.32671526429137,-8.709359309489715,-8.8789613044114,-9.000891643183385,-9.198549091669426,-8.508700469991004,-5.5450444132288705,-2.6240379415597297,-0.9498781603333502,-0.018498523890621836,2.695275215150075,4.6986900257595,4.469736441218254,5.912762072331839,5.189928923513729,3.7373054015906635,5.417948498074935,4.746899302335423,2.3851478803585335,1.0448997718295208,1.3569505561156128,1.2597614756115094,2.1541749417680442,2.575817249911314,2.770877260286489,3.9227150492112592,4.963877577015276,4.846799951107907,4.93743321215592
-11.457644332628735,-12.05086562241887,-13.006547563559566,-12.274469576039778,-11.92686265136628,-10.690466894179686,-9.589376905789212,-9.523077047937557,-9.877646971069716,-9.199879699775522,-6.4837573184108175,-3.554578630739133,-1.7683381168244208,-0.88650836552321,1.130353106248974,3.9729849970378517,6.458819633707565,7.022617547773165,5.440599676940485,5.359666862899689,5.740956478548643,5.862150627094501,1.7503256364085187,0.04765092547431059,2.2716774487234854,4.426191944124519,5.762241729487816,3.662800661626868,2.8561906377992767,3.221157972902657,4.237692421287295,5.301241067507123,6.612079934381475,4.8483899682209755
-12.735925775988775,-13.226628265674153,-13.13877608223819,-13.007803498807164,-11.814933372521153,-11.148609961660844,-10.956496388251333,-10.552550152516373,-10.205329023095128,-8.224556809884614,-5.456797847305921,-1.6241645540517662,-0.7889646931320753,1.4696398899256147,1.443871137864296,5.275843921531751,6.5437516657185055,7.035950249590516,5.5092347253467935,4.606418835350493,6.20287022958958,3.8838190171263407,4.039797231381352,2.656430506641947,4.792150063093284,6.259319128722413,5.104511240869935,6.49536355739685,3.5508404482326954,2.9829791962198833,3.8632269503488126,4.62386427089436,5.538398021293233,7.022018573408877
-13.783533980327979,-13.667816403653136,-13.440687169123306,-13.653868243515962,-12.78822575219031,-11.884878211768847,-10.966380375115046,-10.851706300699457,-9.534350949776503,-8.519181265328417,-4.5753505587207375,-2.8829915481068102,0.4625325151498861,2.564162863144854,5.570580467054538,5.452465363232783,5.8509769884334695,6.90280403768985,4.982966628981062,4.884862942222312,5.8569204660716085,5.259944510621623,3.389981910579477,4.698900558384925,6.295848210373526,5.4986177716083215,5.488750418109995,5.942680588036143,4.286716839233944,3.932485581135991,3.6279895354291343,4.158538784643429,5.469101127463557,5.560871233070622
-14.069466682834493,-13.888681748314866,-13.735437347608617,-12.525341640539942,-13.062624265639732,-11.100615999061135,-10.921263201230756,-10.694949297878669,-9.595777037075429,-7.344891482782562,-4.4702620210850394,-2.81333741277191,6.2118509253027785,6.064783406707307,6.1811129411300385,7.799927437637948,6.3441400479930685,4.38030890099341,5.026401832346372,5.916753570604297,4.942259046411998,4.69931742568887,4.5196145526513,4.991022244524247,4.807558234615278,6.378803395315888,7.184818711286894,6.584171404717688,4.518404201380237,3.6512471514712153,4.300877965909669,3.415448857300371,5.39028961339895,5.123222284189946
-14.770966586359192,-13.652127721212526,-14.02450000370609,-13.037340864368215,-12.379700356017494,-10.891449242373868,-10.657705108415692,-9.71651178107889,-8.011695803394694,-6.772297311078573,-2.6350829819613613,3.8815607989939864,6.041804405293544,7.71759536479477,6.115288184631975,6.727227753478693,4.502414790067946,4.19764666024985,6.243942892725651,4.781537613928269,5.04250448979042,5.035864363352361,4.653520888055689,5.685960563998063,5.847653782769189,5.917686515368982,5.528241953178847,3.4820633074234766,2.497637773736009,1.9439870152887972,2.8398274860969988,3.920733911299854,4.361212241616599,5.375906223977441
-14.139845438854572,-14.809556176958548,-14.154946141779549,-13.305003718305494,-11.727877624613441,-10.882946445994898,-10.367830871214204,-8.837227926107639,-7.63281117089117,-4.827336060248979,-3.773363319762675,9.65287620628965,6.486828696993378,7.728180560574411,4.501566126860796,5.798160355620179,5.0810761320676,4.558960978122156,5.635975601874111,4.464652985969638,6.475001261703852,5.138448882069362,4.391794483289141,5.611005446567359,5.050278991318074,4.898950887724332,4.7580033747248445,3.982982936604562,3.958725663306701,3.5908885811845708,2.6750332960586514,3.3948961874738717,3.898035589451399,5.56806954740798
-15.62799928446842,-15.468824837680948,-14.162747753571185,-12.983947443581572,-12.296055718241464,-10.923904679242154,-10.031012644414279,-8.908545893419484,-7.120863552248403,-1.9173957410362743,0.7633268969473598,7.677196022136215,6.339555960470987,5.6766516534965925,4.26370390277464,4.5025616688041055,4.332442613745394,4.453663293575935,4.7555479106022,3.857137288557454,5.033090677274355,4.594287439169561,2.396671558173415,3.2024666275893314,4.702885316941187,5.8288183716262125,4.8710114439749495,5.524240608664996,4.170431438051012,4.018842600334354,1.9760843802163781,1.5723189880730228,4.442615755189574,4.914522471621933
-15.945544492266409,-15.756564352400115,-14.265066327127403,-12.61188548183552,-11.803259530409553,-11.283866648804919,-9.784278347670769,-6.994920240538916,-1.3553158398901943,7.130894491796086,6.624353986379501,6.401183320403298,6.2474884920442335,5.969125224275078,4.832283289723436,4.94528345220381,3.087855326489169,3.5547410649022115,7.019968233647915,6.3202299321676,3.9458747051903282,4.17742515888635,2.2118584752247323,3.1726909400036747,6.364368594790928,6.391367237878331,5.496307954026654,6.496069887404938,7.050671640920604,6.587075808444415,5.5304864678477985,6.560004204847576,5.012009420548805,5.522890849463935
-15.950821928657858,-15.121358573941913,-13.832700617521077,-13.434382637447234,-12.180010471144994,-10.277590547458244,-2.5135575217823534,0.42019709252572107,3.4238036350660765,3.7980649847140384,5.472627930669258,5.693241714919742,5.307732900743333,4.358281809932223,4.817390895389242,4.5615357513101165,3.3384472779984593,4.269880104701706,8.216997569533552,6.871887858216195,4.522292319772539,5.064569308240175,4.564287648091322,5.601180844888114,6.389931830565461,6.459784729800789,6.984109577661778,7.514804845029925,7.712670301855627,6.749538923554845,5.74092926807179,6.363852360039657,4.414980075594569,3.378702808066231
-16.011927859066507,-15.060010360544725,-13.596567599049882,-12.092010959403453,-2.5919765427566763,-1.3028653259305012,0.27638225257703497,0.901942650825401,2.601944788896363,2.7607645804299223,4.729734111171808,6.409207533045322,4.737148766562193,1.9811377858991264,3.8267398890239464,1.1375669973962856,2.601697407917032,5.55007290665491,8.45726183312356,6.7848987680391755,4.60455523191747,4.3946261888526985,5.925341539013062,6.732812847273518,6.0931720917712875,5.915130692004565,7.372215407828674,6.6942356358989015,6.636799528290066,5.403240334606218,5.485233832411912,5.41004272999378,5.188383850465576,3.871369916368767
-16.059146624958927,-14.413059947588064,-12.566893673002577,-4.136769025662724,-0.19183591120246676,0.3852899391963249,0.3619243995665281,1.9208343899681215,1.2873703693235827,4.052843670760642,5.182868420879679,3.6204368966869116,3.395946157325732,3.8744641180218364,2.4308845228058478,2.109923961429506,4.383155344987273,4.5444128600311835,6.633580554724166,6.626424650537974,6.269975580063643,6.63036983539137,6.166094850732045,6.433969587596809,5.825343480235116,5.627250169230129,6.307956409085849,6.039958610696993,6.212442940556847,4.141116980755221,3.8699805514093537,2.785164340714271,2.6327264897211404,3.2443849481094857
-17.353755839092553,-10.837012033706035,-8.55729864424179,-0.4938612486077883,-0.31779232687934483,-0.18209100021765398,0.057842710270674835,0.09520876509967612,2.4324844051788332,3.9768088360486544,4.180178495327584,3.435409565296107,3.850142466082754,3.5861208128459996,3.0539770738090573,4.9210819593042565,5.31671454256211,4.401525111357591,3.847838301465879,6.65415301757412,6.157434764640777,5.712651953687516,6.302068361076651,6.148171010312871,4.341566121926077,5.580355742225548,5.334639838346918,5.1627169223133915,5.070353015846209,3.5715496623175,2.8733646539955586,4.624079368122661,3.0952507579453075,3.565027777331343
-17.31672562125899,-7.209658474933644,-2.6690358001628076,-0.9031781908019846,-1.3805476844660645,-1.061856346292537,-1.8446115454279712,-0.7401584417698192,2.7325591135334526,2.810265391827251,2.8331606187504894,3.0205057244388214,3.5305671390849014,2.3547298849149247,2.136656938610021,3.7909028548916197,3.947457189600943,4.333099841465067,2.2728938231381504,4.8141987357156495,5.715835541590995,5.3603764528242115,5.93156432957961,5.83643345032136,5.221258162416148,5.464710676407988,5.390055708385533,4.136281076203097,4.316033324448646,3.6344043280949023,2.8199908920600123,3.3453800924970785,4.073444702914989,4.132984110067677
-14.943597173907534,-2.309369807342639,-1.2457418078077462,-2.339495785192337,-2.392900090152396,-2.3413461092859165,-1.792413512141561,1.492193000682802,2.541409264589477,2.506812408057453,0.6905700648057201,1.6889274635188891,1.218877237282015,1.347404664918981,0.6771715037107552,4.490913828328868,2.943166427276384,2.5986169477353247,2.0145589474972088,5.368073095254969,7.157527774312487,7.226845924667883,6.724135560806183,6.135157254074945,4.308659140519403,4.157012790967054,5.433211163331988,5.435314593991576,3.469815102652459,3.1004841190568997,4.133267939257857,3.8419282039337572,3.8407519731161024,3.5429733540906727
