script/wind100m.json
{"header": {"parameterCategory": 2, "parameterNumber": 2, "lo1": 6.000198445256149, "la1": 58.999992894266676, "dx": 0.5, "dy": 0.25, "nx": 22, "ny": 24, "refTime": "2024-02-29T13:00:00.000Z"}, "data":
[rows 0 to 23 of 24, columns 0 to 21 of 22]
1.557347322979567,0.4443700314560252,0.8171829061381194,0.8386651353620588,1.997244374275444,-0.5301746912220604,4.155961894414698,2.136831380975267,0.10131135881945891,-0.7007003022098838,0.6757551739821096,-0.6913918853497574,0.6689985719464885,-0.4913906884857638,-0.13752919692865312,1.289083976211422,-1.0637777455471558,-1.8994015039535497,0.16402403580282293,-0.3936962974013071,-1.9886675081664829,0.8119564017921637
1.1678517739681376,-0.02948392070672366,-0.6228593309209525,-0.3145069090960753,0.8824538914828124,0.34020635129909454,2.325138061234201,1.9767845349695026,5.283307763592427,5.4703878541853594,-0.24893126232753326,1.4582708096725623,6.284280446904175,1.1435789778280874,4.075029343206035,2.6361521176984586,0.2008580680577497,-1.439957161976552,4.442629994828105,0.7061258600487144,5.7265051066052575,0.40707988847492327
1.058965480585948,1.3225470666963854,5.816855687701368,0.4123938601060131,-0.5224696935459991,2.164290466455028,-2.556883212384862,2.3130209375922908,-0.682085052246501,0.5685645761705677,-1.147960155824752,5.582558248600104,-1.0303926208555119,-1.9201436093046116,0.4531030842648851,-0.10868399418084514,-1.394063885972462,1.4286065630813085,2.1607158945604543,1.2339670537940963,-1.8837352377523513,-1.0618608819520796
5.237577008398565,3.9841911746006256,0.2931282107346688,-1.3145712334066797,0.10723146009610024,3.8726542706331815,0.8990502116934079,3.7940572200520166,-0.21163838245952618,5.779898671500343,5.218601329392336,-0.6089157870703794,3.1741091621837887,1.9147155251815515,-0.5234466633707309,-0.08658041074870529,0.03500561675428955,0.30494793769185635,-1.4449809513977891,-0.9351117023468482,-2.187417153911228,1.7736663973768514
-1.576707532102437,2.1475013534776854,0.6402237002699808,-0.9138642794273133,5.28363669226495,0.3236923596616322,-0.9813908947691345,-1.14723801747609,-0.5884859097125233,-2.5438889946364833,-1.1849053920485564,1.233815003707696,1.9044136486730188,0.7672786790623902,-0.5472807290874596,6.358616473296265,0.4446175276776047,0.8037278943159966,-1.1732241233226195,1.2882353942073683,3.995010746579815,1.290849930834522
-1.4476058249147108,1.2112285533312275,5.730983704066223,4.001403893235382,0.11194596549508302,1.14661272012459,-0.6923251550315698,3.9759077661700872,1.1247661015551766,-0.014176803706637589,0.8110819830628796,1.0695259079264694,-0.9344808268325325,-0.12552929569205493,-2.089233575936923,0.8229791782476519,6.1643771524736115,-0.5834112400727773,1.7795169105769315,1.6961608816048042,0.6366935771563239,0.6471548418260753
0.217540143162127,-2.087029176981259,-1.4644631549768812,5.822845968989799,-1.3287256014639464,0.3666585443972777,2.12544990508686,0.6597813542457754,-0.2869919777508849,-0.2533730820568116,5.372328502233405,-0.8220439147016165,-1.356623636853066,0.6390943957695959,-2.9606585552546183,-3.444382057999731,0.4893185023652179,0.37515302287243163,5.485916351674309,-2.179440778833344,4.612675606642211,-0.6781420406498747
2.6771872335888567,-0.47126891755183603,1.1414748254056848,1.4964618733187403,-0.47191459601625113,0.8986527682360838,2.838843990529987,-0.28638287789766315,-2.8323509664664646,-1.0255653913989518,-1.4665306486705858,1.1828474067330499,0.08455913746484058,-0.6237004277634641,1.1363514868830462,-0.34978597051047255,0.9308265711390078,-0.03690162140865134,4.566480014248672,4.752809574000994,5.497061362296798,-1.1250497520959968
4.426141664942892,1.30618016818702,1.3475175761231308,2.939454476284841,-0.3773817582076168,1.4916223389823609,-0.6398583482538672,-0.31019886084883963,0.7391452568067544,0.8591035186482198,4.050012729829005,1.2785965360680986,1.1533889857997468,-0.5645396875175164,-1.662254811795953,0.1099295493203997,-1.7832805678483643,-0.14303378420046237,-2.3784159764825157,0.515360106458919,1.5474957801541267,1.2639653188617654
-0.2777354265351156,2.685110762205612,4.4364646513651245,-1.8144424322203514,2.169937884538954,-0.5622052838183997,0.7354437592777443,-0.0690253534926219,3.85715015465238,3.0836509719373693,0.028470173769493883,2.429168563243673,0.5450839434704542,0.6779477133715609,6.390237235687648,6.202369489897282,1.3967681661925782,0.5579787415905881,0.6837073873037318,-0.3871867510272174,-0.438595188243771,0.05329372968256957
0.30758215144218803,-0.3202478227194759,-3.259030161558992,-0.5562881539724287,1.5010908358006647,3.760012612153511,2.1579746929323393,5.616648562036,0.32702458777342763,5.734002466832923,0.2955433300110577,-1.5995869940662237,-1.4400785838032129,2.586961269104289,0.6815580138634804,0.7811018830493696,4.878280094229933,0.9298139274493629,0.3115465879575575,-0.9953760455874622,-0.3086183760393399,-2.025364035123096
2.5052820450783555,-0.7435968150334971,2.648381892014948,-1.2988051008760932,2.425797753047435,-2.4209633338770264,0.8062166762031587,0.0514054779776111,2.5639023530170264,1.1069191115519572,-0.3154298108336242,0.7695611409674501,-0.2691115779658902,1.593134497023945,0.2114619486556094,-0.6168591044235162,-2.546114980020419,1.5952691144455637,0.2972710668701095,-2.0749948505471405,-0.7575194367033727,-0.40370799580975336
4.366606369423909,5.285923160115938,1.099527636636607,-0.6508456689915099,0.9355515350749922,-0.4141995276776732,-0.31250575218104104,-0.6883183643059477,-0.41933624639143513,-0.7637191375556915,0.22206862613928854,2.349776508131641,1.257503551230426,-0.4955776214910308,-0.10947283587677796,1.4328905245252737,-1.114823946433287,-0.4002742604588172,-3.02682792690215,-2.66339609999285,6.130910729863004,0.407170042802417
1.6214049343587116,1.429753042566359,-0.963647678754719,0.6631459974356425,-2.6659363006457664,0.6236916057393428,1.9266069587000192,-2.0564416076829213,-0.9905867353726074,-0.7085461500738787,-0.49445190224428,0.33088431734178764,4.0454053326513,-0.348978485926544,-3.373702005250435,6.343851892299041,-1.887436019807186,-0.37136832170068634,-0.3434722254584664,-0.9143506444389098,0.9134219616788034,0.667088657225779
0.8602894204754843,0.12061973175239762,1.1618219841312698,0.7652753815229085,0.5728717556732272,4.728311230722925,-1.2819191611643654,0.28661257179458066,1.951939465773159,0.7690715075684171,-1.1402506247261668,-0.6611354333782249,-0.8911782471699237,-0.07585565712921595,-3.206753842400387,0.6532425535374765,-1.4393012266416474,0.7342066815671184,1.6106436491927998,1.1106871425240983,1.7997534759922211,2.747546516474805
-0.6249307831018175,6.038514909188632,-0.03606378416332787,-0.1592289308121139,1.310678398176597,1.0468644507853615,1.3848043450704304,0.9888133237244625,1.313541941536828,0.19649120494686587,4.804247756580938,1.5812778291511493,-1.505382513987948,-0.9535875988199748,-1.4876451924861307,5.928861671499978,-0.11317751513314216,-3.074406068859245,4.45661705199577,-1.648291217517825,3.092295108211388,-1.152554710852703
2.3554258472215825,1.2335788606078242,0.4981972162092216,0.8389084136260123,-1.486133928020816,-2.3000132204933212,1.261908365196632,0.5553165893475047,1.7036747063535147,1.5176093082592415,1.170042407047532,2.6819897740086645,-0.1167431437436574,4.614779107898016,0.9714159833036853,-2.2363714775687473,0.6334931166286183,1.7864906963366234,1.2307930470197823,-1.4388580560613802,0.6437059458420374,2.367978781145508
0.5549131982422989,2.50431241010737,-0.27722632570523265,5.074525472400846,0.4076825974089,5.56936491417125,-0.2026501140804858,-0.05474778732121189,0.5180917377395745,0.8702389508032984,-0.3464959714288117,-0.15288604391248525,-2.568731001602051,-2.729779206454491,2.0770788152707134,-1.7633549237972679,-1.6578633662056754,0.09302168146310497,0.370157050242164,5.158807402341495,1.6326906158634795,-1.8664632514192459
3.8277055288558217,3.505240859495939,3.329257380505837,2.685579598767534,-1.1848658199619841,2.595367568162215,-1.3829706852761936,1.6522978414012535,-0.32618027313580505,-0.3573929672860452,-2.453941518007354,3.6438828156773906,0.7428763413847866,-1.5678135173497594,-0.2230076803104895,-1.2006250794180848,2.2966271897362636,-0.27357214537161695,0.10253315406563306,4.91031413443508,0.7753583031787256,1.209966056763609
5.051106184531127,-2.6476068185994737,5.405456004930859,1.1316458606408828,-3.258865471595194,1.2614597930390978,-1.6684122448608378,-0.24307138288013375,2.9306333573726553,4.080924083292402,4.798061143879259,-1.164391903687233,0.6593550939868523,2.6924409784349947,-0.6030004260118129,-0.1114984259191861,0.8133015181736708,-0.48661966368338017,6.418213862713797,-0.23467977799989698,5.20143260539342,-3.010944490373075
5.6600198170858045,1.9419911587684935,5.109526587043199,-0.4270506233640935,-0.3061103942933324,0.3976709587813606,-1.4787596363187667,0.5553913981706158,-0.5462802975554572,-1.172665972697875,-0.216811097403605,-1.676039015411797,-0.04583758917058868,0.3256647425036412,1.263799557001499,-0.8038936510877663,2.5159901635076483,-1.437079962243108,0.6431846451624194,1.2282693736627355,1.32413392498419,1.3015748076360405
-0.7862285583288285,1.0042633335539017,4.755869647561184,-1.686736830891827,1.2314921285480651,-3.444029607368066,-2.49637981962846,0.9828258375671903,5.0859276227043955,-0.8247588966358279,-0.7260942846533162,-1.6253316317859687,-1.1894151276910323,0.08842904028349083,-0.7386485242672408,1.7360455760553115,-0.030245100629642693,0.26703658180139866,-0.025351754620530742,-0.5954848474990755,-2.3868161251591515,1.3732531319730157
4.102811408013477,-1.2002651839576273,1.3910468590560052,2.113569449314391,-0.5519806989421382,-0.36589157753024815,-1.5839067701220262,1.7691978130715675,-0.11510356271883815,-0.8792156432096447,-2.9886486969096007,-2.169197634391649,-0.8198199358946792,-0.9066853937885992,-3.224966152869892,0.02565092177186047,4.93954583833082,1.8392203013238493,0.49715883051146226,-0.21552390811708622,1.1632055527662268,0.7533891467240335
5.45149122364492,-0.18162814478914663,-0.03621335574422276,0.8377351042338741,0.5620675847665253,1.1359943040347147,0.8393084241743037,-0.8751766825709741,-1.840022202011857,0.9601325275350544,0.6364800868678119,0.7599622494191379,0.3011066823988178,1.312379415605831,1.7672941741812733,-2.0134747182714636,1.7527531298272354,-0.5965965646634189,6.306487285840423,5.4137056269098665,0.12318555028054463,0.6656534001571588
