script/wind150m.json
{"header": {"parameterCategory": 2, "parameterNumber": 2, "lo1": 3.000054539987559, "la1": 64.9999836372058, "dx": 0.5, "dy": 0.25, "nx": 34, "ny": 52, "refTime": "2026-07-12T01:00:00.000Z"}, "data":
[rows 0 to 23 of 52, columns 0 to 33 of 34]
5.394879705040396,5.254324004557398,4.588884535452634,4.356278548232836,4.7123711865597615,4.732104259764831,3.9741334230607674,3.388092865929224,2.737751198623368,3.506031156413192,2.1601722382748907,2.016844124236448,1.2856636288654821,1.8947126517189192,2.204245406946399,2.155246307322237,2.26007609112816,2.1110485733055797,1.9442094901341835,0.39609931638213924,2.4659075061823246,3.0951642235238315,2.037038072963609,-1.2096193060937743,2.2645112060666293,-1.040540712470186,2.182717031552866,1.6926437336553446,3.009917104067017,2.5245113177662803,2.1921804657731414,2.8438254391171043,2.4793737732877936,3.4936469829648438
5.000877460419937,4.880644907671219,4.05983836741218,3.692691161583148,3.778598906965921,3.3643855208008366,2.4712540329055424,2.2121813106595094,1.8344356976714233,1.7882411125465643,2.0281540195460668,0.5603622686805853,1.3100557730095872,1.382212003039336,1.1906879859366881,1.9132051398434133,1.7193044176587593,2.3511314822671294,0.898164594960004,2.6785956981952825,-0.26244046962299744,1.9523619847897213,2.031987081796552,1.6106764551720525,2.932707225636473,1.9888848864939592,3.5260723675110572,1.6416023980473469,0.8379422170414684,2.011300517070626,2.641977653095613,3.3290422154956314,3.054422132266126,1.8078577561792515
4.520029813266097,4.19708838022818,3.5978114988772494,3.4941848093187375,3.2581127322033963,2.8106454343453313,1.4369263084746395,1.801438164270093,1.6635773408918215,0.8264104620754203,1.0455541520305938,0.2547430321609557,0.5215061523513261,0.4248140652167919,0.7676636390504296,0.9211035398463554,2.5522048976847915,0.8657266825016459,1.4936804788051048,0.853453066504275,1.7628146352034333,1.4247583991252015,3.82477739709127,2.5177129511077294,3.660754016341535,2.476882338137404,0.4418123068605951,3.5549376657912015,3.0107973089162017,0.05531137897637054,1.4807213906895917,2.2848614253767123,3.2539162641557744,1.820330921701215
4.253314185599196,3.832115173300947,2.8670097551649683,3.1588211531042174,2.6863874957421063,1.8645300122477695,1.3781490954506246,1.0761456650324162,0.6361338655745097,0.49898777096330343,0.2210246896546016,-0.31259845215889714,0.6515791432725196,-0.019295283046329992,0.30444126488588336,0.49155159880728316,1.4436628068160284,0.5371458641063693,0.9549633335765513,-0.035364704516002196,1.1691123964251442,1.4248300122459665,0.9576952085959413,4.890997918033679,5.3192910881238635,4.8699609529035115,3.349867216695963,1.5302004204245983,1.0235676983017201,1.9047683551163483,1.0386129948244391,0.7748520572632186,2.1544259931778784,1.4457884389606384
4.10068932807822,3.975107722561115,2.882645975350632,2.620381787535393,1.9863027492623815,1.1493336096722961,0.8201451852543006,0.18364705158162126,-0.4016234273823865,-0.37417963140498095,-0.5528156377891629,-0.3917113936280152,-0.4359427690664019,-0.4956473913293159,-0.3502184088738118,-1.0017875882267921,0.2316878531207338,-0.8064807312254962,-0.7423301102843359,2.264271674548932,-0.9023559090200541,2.5097827049656654,2.794739118335056,1.245381021660222,4.227925849695899,2.71292808848327,3.3447780457512333,1.9532507264293633,2.3337918862114515,2.3880684458167583,1.405672985601862,0.7434359953470907,1.6484003407394634,1.9030970451497948
3.6176603787636994,3.0816080390897516,1.86564669104565,1.739142903321204,0.00625875429777894,0.26755012384590904,0.13864037440853072,-0.017260226715670013,-1.007700191259638,-1.5053292482069138,-2.0386289503866952,-1.5486164514406484,-1.5107969982109897,-1.6638994607648279,-1.3243201330107872,-0.13107749415191883,-0.9918456782814753,0.02131053260303422,2.5607458705000172,-0.2121287878870177,2.280714228857754,2.4321283390751613,1.4016581888961959,4.64947297386908,3.112853702525666,2.1840126520388865,2.9337735309764224,3.1069757263784434,1.4023352003536211,1.7204294689919082,0.8561805882198004,0.5513838809994949,1.788074164965768,1.5863532519162489
2.7067768194213286,1.8617737546130464,1.114994404642285,0.43943336539312505,-0.45422163898746926,-0.4706625190041994,-0.4845129841223307,-1.5590255663712933,-2.3809896649062465,-2.504148233418791,-3.2444746271994593,-3.8793927811683826,-3.129162221963749,-2.354218560295724,-1.5200606331419948,0.5657953080662506,-2.045792538627567,-0.9918145177772624,3.518624274941896,2.303390587340927,1.8729114861754763,5.495826694481777,4.419743176340803,3.152644605698957,3.254118495372817,3.101186509479404,3.6585722837309564,3.504557783471347,2.905344961718779,2.5694375456442144,2.679710817813948,-0.00030201679765990184,0.43827642868335065,1.4666656735162615
1.8307477053642267,1.17017612112545,0.429293920518879,-0.4115993483041365,-1.141828862789913,-1.4460433287937124,-2.255483315262391,-2.9794515732045466,-3.420188410471825,-5.265056621014355,-4.699771651499571,-0.3139515562686354,-1.2772694346552256,-0.7553392122333116,0.2720679991896375,1.3338347286316472,-0.7438559976482855,1.3410963969536318,2.0041770791656184,1.6942715739224705,4.4410084244150685,4.768548621559834,6.474033289637321,4.111823634509825,4.243531439931317,2.644010654074174,2.7293252902247835,3.21891936591057,4.384906460490267,2.5612549250176864,2.123058526311505,2.185103362133679,0.22742438998655282,-0.13364402633265848
1.5572656140845325,1.0156857948109594,0.1673778863449683,-0.9943779873033213,-2.0968662464950736,-2.742356709880186,-3.1173791344716415,-4.0473985078459656,-4.79988425587193,-3.4967736427602363,-1.9776596855044977,-6.758423233158592,-5.496489595901383,-2.134823253651395,-0.340794304490031,1.4029939328349779,0.4655984636265074,2.3792858791157214,-1.1760687849079021,0.8005872417853948,1.9878288677806855,2.254146997295051,3.679925889448669,4.013162946430318,3.752318515569347,3.998575474657801,5.067530926339799,5.445109123193021,3.350532026385344,4.874393042023479,2.259975240350159,0.9221048141591947,0.329804459195981,-1.1469644452627934
1.18724713791126,0.11420445934486441,-0.778652297895556,-1.8722794045457207,-2.8985150584204633,-3.2759550272008338,-4.036016485940976,-4.586603739197946,-3.4330314382136393,-3.9075495098575614,-3.328273065474363,0.5870063555326069,-0.3453616941860672,0.4469920678058263,-0.8151051526516393,0.48016679885974783,1.6865933339521861,0.19440550328190032,-0.4934853502017258,-0.24530470143088295,0.3211149383824992,2.706089921576609,1.3461614344803334,2.587538282669617,3.4676653898934267,3.844249068744883,5.07956862013161,3.5327173759917248,2.4874890228162054,2.779782902139137,2.7758646135521223,0.5926535755814054,0.28114650330129537,-0.2778181081124241
0.1771095127700873,-0.989799011465053,-2.0642050609257816,-2.9812125925041664,-3.5885838089693776,-4.405190617989284,-4.0327541647859295,-1.0220960294755692,-5.541137690740702,0.7499216120980893,-2.059827152531275,-0.8629540023742498,-0.10812297012996669,1.4515128546540585,1.3184853700467067,2.4125957488525622,1.8466434583958933,2.4395897280809447,-1.839890782672583,2.228659037907477,0.797312736871542,0.5092548585881645,-1.6188622696060206,2.405686493266282,0.9745910020240344,3.296860134867968,5.601425623026019,3.0763794822822295,3.3346871616042444,1.793890225735479,1.2052297547301738,-0.5915469484208864,-0.35780209971402316,-1.7553703202013713
-0.4996011475172276,-1.8577147065713688,-2.56799271442912,-3.8139836083096728,-5.37669064489862,-3.307597144921156,-6.161057930051341,1.6328855748229643,2.830243149450114,-1.0124137637138184,0.28945904509009546,-0.8730078082167312,-0.5249327026223797,-2.1695129471877794,1.6760935228725866,0.27261302579649127,-1.4748711934082228,-2.225554031211409,-0.5987979610426253,1.5004623524114162,0.7049310192934439,-1.2058256125291889,1.9712657952905248,-0.0945190619070576,1.4741595002115344,1.7872586423833197,2.5206357776890704,3.6357954253774,3.622464371109154,3.9829727553117205,1.2201168082271734,-2.6800964166288113,-1.3565851526900057,-0.5466153261265333
-1.058750684930697,-2.4187528594477357,-3.0288545723437417,-4.452309235214348,-4.5064670522722805,-1.6621680832037742,0.11066145669596766,-1.4624807443880037,-0.12270913092093999,1.9232047376411692,0.49343380579664414,0.6966737692813775,-0.14336517030064855,-2.8359576350413223,-2.6335291814671815,0.5770904719265393,-0.46850626084312863,0.5787984734177938,-0.8103427912101392,-2.0593214565473588,-0.31507921775288233,0.6545894590689574,-0.2952253895372079,0.6923927594706842,0.8472015517812354,1.5366080675322273,1.3379339442514186,0.008068477329041035,2.027233807389274,2.5380728936046397,2.039333583740461,-1.5282183754214684,-2.3111892715987565,-1.634901288592947
-0.9686415102298762,-1.9414215205327854,-2.7486965460714536,-3.8843502034257935,-5.929649762440373,-4.124469532560073,-4.039776785360488,-0.5230339557695479,0.40068251163968516,-2.0278072194094197,0.6622565214699614,0.6872678943230547,0.8978129786361154,2.6582692434264263,-3.2888058422659823,3.094103805359775,-0.42303152488642604,-2.502813783410925,-1.7528898121160252,-0.024149281890753854,0.7164605291506159,-3.7431654343090046,-1.102733114453086,0.9249250218507643,0.6639970804999428,1.3021304792384512,2.6626007151285043,3.307960797912639,3.174317272350365,2.3455110973758475,0.33280864826915657,-0.921960634768289,-1.6599478182362903,-3.468366358725785
-0.6851047863409507,-1.599536299298558,-1.7130207454664943,-1.8483380939079734,-1.2309326227861004,-4.522877888282349,-4.871223984631787,0.40872944702050096,0.17308658336015845,-2.0752445606824734,-0.5783922565081995,1.9158258842135532,1.6044363970930229,-1.5103667489307946,-2.7585534337078768,-5.4613004121864135,2.529061024865293,-2.2752828411997026,-1.1431539401447803,-0.5366207977342885,0.4626725043820075,-1.3902858748092881,-3.6035501046236624,-0.06913952707656149,1.1780710513073667,-0.09198928242148444,-0.9906611686559205,2.9735517922335033,2.5746911942115567,1.6658201370161414,0.19969521163472337,-0.8438340109256219,-2.6226173904908627,-5.828207087433925
-0.2266560152437591,-0.5408831167934481,-0.135615369258542,-0.08633688096285212,-0.8973451853296712,-2.4753468402283194,-1.059669608522918,-0.26943711193117936,0.2501743270550238,-1.40745619876671,-3.4337329723362284,0.9657196771343951,-1.8377005451230122,-3.38855699968968,1.1942278907191164,-9.11815992102534,-0.1457714335977521,1.4834366077369583,0.024201489546725716,-1.224065296405182,-2.878542480376254,-0.372725774552996,-0.048050403213729234,-0.568419032211609,-1.427931841408469,0.015139314722888899,0.8830413098516526,3.0633740072771327,1.5844478477135857,0.6753617994906875,0.19387959932197574,-1.3085147715498302,-2.948314621609892,-3.1858790716475536
0.2029581419537203,0.43201983502554336,0.9331661277432319,1.1399585353758457,-1.1054150277542325,-0.9920388636854613,-1.093338843274338,-0.2320943149043065,0.5062193183028544,0.0513321832513535,-0.459216942936606,-1.5197726612762308,-1.6059805275133892,0.4190270236686085,-0.09870667592615744,4.025021683720808,-4.6119985525155425,1.0244019673844622,-2.1148884039539197,-2.604964532810803,-1.4757388755548555,-0.25102682676524896,-1.3174485976923447,2.1264047323140334,-2.6056534376264713,-0.7326953726336697,-0.18340383452164574,0.97408573058591,0.49314885275393044,0.7186209786261034,0.09729863651358821,-2.802477148355315,-4.97317445568526,-3.338253240345981
0.5393823835148687,0.9059115789199895,1.7479169288886292,2.003843276319727,1.651430148021112,-1.1668305767250207,-1.4665207372668343,-0.9933802076585573,-3.9590325486737616,-2.7287034603096134,0.2672551683718955,-4.6460298589749565,-4.274707032531806,-2.585555048293723,-2.026611362346264,-2.1622429868774,1.6578557678283357,-1.5347968110651082,-3.268645181692989,-3.236649546913191,-3.501384435911106,0.043518298231719585,-0.7059672697386109,-1.9371265051614537,0.5777924438192829,-0.9631686976354812,-0.47496597450262984,0.6741586371757256,-0.5539905665260072,0.19351876256000045,-0.9430531394001465,-3.0114670531319874,-4.189552259782738,-4.061682301887454
0.7257695808245711,1.2702738175411281,1.7970935115218722,1.859831019143185,2.5060760901059598,0.4324396066913335,-1.5806455404022475,0.09338347724141292,-1.611495700517834,-2.6998191780352174,-4.2268916984800695,-2.794982065575925,-3.255604524499349,-6.129998217946386,2.2189798290677314,-4.90710420298221,-1.2890271766124868,-2.269904674743562,-0.66936515499364,-2.3895679242051626,-2.363138375568668,-5.765377745138412,-1.7755954399504625,-2.3025529844697505,-0.6910508225935317,-0.02514707518208906,-1.7262848123499352,-1.9349021324260958,-2.9591647883710266,-1.3153053422024703,-0.9806124382892807,-4.9730486234719224,-3.9615672115944673,-3.4959360197749856
0.7694641831318766,1.5034592057344973,1.7805637688265474,2.1843810149596496,1.631184581702176,-0.7831394237987922,1.0408010480503107,-2.6758844039168515,-3.714636847703899,-3.7075806853330664,-3.2018886245870064,-3.1050233757860277,-0.9012364726160752,-3.0161168034067325,-2.596634777562363,-2.722875527396847,-2.176004589197255,-3.5405435280171726,0.6907723371646582,-1.8736278028662383,-2.3353575449156057,-3.4098690290013556,-5.11716770713387,-1.5666701065013704,-0.18295950987964732,-0.45267199514661066,-1.4795918283061154,-5.1126289481471225,-5.108291590942797,-3.241235439077438,-2.1244068513838013,-0.035527606664764615,-3.1599063471224382,-4.759112058732427
0.942268595848029,1.6142537288098162,2.091145212688772,2.693247600705747,2.5018944209037435,2.201210580929951,-0.5484418037193213,0.9728494311688959,-5.7797516126946675,-3.0666533355723757,-3.528981094843846,-2.9258933705470573,-2.427858646274987,-2.782291930144726,-2.763022965413359,-3.3927147775165514,-2.1022870803718487,-2.2967029657780613,-0.5855274483302182,-2.48852343651705,-2.039980128561887,-2.3925187227497515,-4.09103109314501,-3.3862393693959167,-2.4436340529111233,-5.334559148896109,-3.7176555220159937,-4.395007549758273,-4.0795725923256825,-2.0148986262328545,-0.5492341678539091,0.19314749675363574,-1.824465550483999,-4.20016712166756
1.3513214013414252,2.0221262916767313,2.5187906870715535,2.9262752491141057,2.5948472379315213,-1.0430374792489256,-0.16662932958334858,-4.063201286909124,-6.9049356385512,-0.5280960364285959,-1.784272858725731,-3.2428402444946953,1.1040136946073293,-0.6782320686710571,-0.6786008762125999,-2.646517391806186,-2.746349858361185,-1.6526386740141792,-1.7112192988257928,-2.5468962018449712,-3.4400434982664843,-2.336257156839117,-4.310106756934811,-5.307220587491547,-4.85968009166204,-5.983777579857393,-4.545786668588684,-6.694798072322894,-5.144564078481033,-2.4823704467777743,-0.49619003178700033,-1.7648447347704854,-0.2490915608717556,-2.6614345522035006
1.6319924007347737,2.2167265406009182,3.1292045496456913,3.303704881100295,3.4799832022115,2.5703926899709546,-4.773085022594193,0.6903935227944068,-4.8888168837378,-7.9360577656215865,-1.0394383960005413,-4.225852073020622,-1.2046581785583763,-4.654290621305965,-1.0684513633993051,-2.9747888034165477,-2.386063735662977,-2.3064735334612276,-2.5446510310719015,-0.5429025175758563,-1.7027669044302522,-1.3050013041842368,-5.563866060641502,-6.98701923122733,-5.717826450094816,-5.4052467381282545,-4.744246531256311,-4.752717668438145,-2.0140168565665504,-3.3146310479806593,-1.976680505827027,-1.6709138710260822,-1.8569625955336404,-2.8754417440417788
1.4067494526735764,2.0512875540208313,3.2675153660430705,3.209242970460612,3.6275278602176924,4.058334027486392,0.8191837453103563,-2.8299409367105945,-7.05507197428871,-2.3466420999354045,-1.6866967712810852,-1.5468219324320085,-1.2845562782052582,-0.8743199105230661,-3.5286360384067397,-2.0573247447899106,-1.458388232885084,-1.9527411526261655,-1.4535396160078804,-0.7467270328472653,0.04365264333149318,-1.6507891116909448,-6.523371472325345,-8.195937348276825,-7.180949882100611,-6.322841450231606,-4.534885321410245,-4.958335354496115,-3.8818663611104736,-2.2093367949636984,-2.2838428658540497,-0.8481714115325845,-1.8483670546145168,-3.485198445674759
