script/wind10m.json
[{"header": {"parameterCategory": 2, "parameterNumber": 2, "lo1": 6.000198445256149, "la1": 58.999992894266676, "dx": 0.5, "dy": 0.25, "nx": 22, "ny": 24, "refTime": "2024-02-23T12:00:00.000Z"}, "data": [7.340690088901228, 12.278365256640749, 10.845744391730426, 9.99783974102813, 8.669519534453634, 5.308492539326439, 6.583085773473127, 7.04467663180131, 12.435727761304133, 18.104126508003983, 17.110146103118755, 7.751919733253203, 7.177923029650361, 4.8024661257265855, 9.119010063327007, 7.950531687166913, 4.296406199289392, 3.468653807744675, 1.6708171476718545, 2.562345976807749, 2.280605154372593, 3.0701700527417968, 6.251815989224255, 10.144439139624536, 8.483924005546372, 6.256391200008589, 6.840989596854926, 4.570905989129782, 6.089413163473648, 13.664178989918511, 15.897159734035288, 16.950208787735306, 15.591796857383416, 7.370841293458598, 7.172904807415306, 7.89683512648609, 8.96722121250601, 6.621125335497354, 3.0735470455819853, 4.560208510118499, 3.3635063064868196, 3.249567684714671, 2.3576815753889155, 2.8861024613756046, 5.442963652530445, 6.071019093410742, 5.828882207883961, 5.235430955090361, 6.473928783099725, 6.433512227572189, 10.594223168689004, 12.557148031690973, 15.549233225648555, 16.104032224304714, 13.950818179151748, 6.841466349914458, 6.15727533362702, 8.820105440087143, 5.80585934232621, 5.717153250626559, 4.197757075624714, 3.7941745763104473, 6.638757534787623, 4.022356444293017, 3.6293231846166143, 3.38703366250466, 8.92670953097975, 7.848805283140075, 6.116106386418231, 5.5594966550906655, 5.958237340764329, 10.590598725094065, 15.200571139108337, 15.530516366373902, 15.721341642252886, 15.143705636561466, 14.235466701496858, 7.897372381243359, 5.414786641428143, 3.590991936962669, 5.4679718890967886, 5.1740830630762, 4.310351351377019, 4.471607030837585, 3.743760023777605, 3.549729522350869, 3.0925335688334092, 2.741966493875098, 9.956250724261999, 9.613765679357995, 8.948753331603605, 9.616348256006427, 11.601869630678785, 13.527278691780579, 14.15979016110367, 14.465186375010376, 14.097026745321134, 12.873014040588945, 13.137243779062626, 8.323123182429102, 3.967699345909772, 4.6408151708141725, 4.261114539792162, 4.5779811225894935, 3.8742566655079655, 3.6788266495273416, 4.5572080222050415, 3.816855106883799, 3.0309148031464903, 2.9496746060705052, 9.471365164109953, 10.126124066913423, 10.40473235719052, 10.506486755248009, 10.991246308042628, 12.175316446444713, 12.738161203915427, 13.60501049835895, 13.329239086306893, 11.854749866444115, 10.2358934107182, 7.024260002840339, 3.9772598808122366, 3.7574787234916616, 4.198755066687929, 3.74686440334084, 4.009750429254014, 3.9661000597694516, 3.395438883367625, 3.4179576413028734, 3.2268253538113774, 2.913562962163823, 9.173843998998867, 9.271043358379105, 9.979170841899135, 10.682494422294722, 11.110686884726762, 11.722946602180198, 12.275322540041351, 12.443298309843877, 8.335438456435702, 9.181670202182856, 8.824906943752955, 7.691910012763162, 2.994859282795695, 3.1141293799000698, 3.6960476955914285, 3.84576007475844, 3.4373375638058326, 3.9734057951004216, 3.8489749125142363, 3.314998311100244, 3.0559362448553413, 3.0416385930840657, 8.517122795003223, 8.4305713256266, 8.63462648932435, 9.802376383912279, 10.852639621931237, 9.988850252519695, 9.878924609576321, 9.453746683070229, 7.706961444616845, 7.392399467241743, 7.034281008759952, 7.430060114193174, 5.448177712814302, 3.406715717564937, 4.131866334801826, 4.150309118889271, 4.059204147788702, 3.8548941821200584, 2.937219667118929, 3.9012813868404304, 2.86544429013013, 4.403909836213741, 7.854446798996004, 10.01757975740939, 8.606529567822758, 8.63024790707169, 9.769432318976087, 4.324022405090534, 8.413543919131282, 7.550449103357017, 6.607362709375548, 8.352879090595655, 7.826544362061597, 7.449712486003702, 7.759760653442555, 5.178488510091723, 4.32119947680789, 4.0201503274897235, 4.163822329237584, 3.2218418107652655, 3.227950950515663, 3.788579160619225, 3.4427293242238175, 3.742671663202829, 8.714656292437482, 9.567821187916396, 9.328264161671138, 9.7794336252144, 11.50178660390379, 8.191334087385036, 6.578423702436525, 5.953933820164716, 5.692704522450003, 8.725171150919175, 6.794042395396013, 6.700629328047208, 7.960714857350623, 7.261442009008223, 3.5111896870139203, 3.821613460010259, 3.332326783979317, 3.472779624080821, 3.2008557474050843, 3.4902930649730446, 3.991214779472201, 3.1360339727061333, 7.565668529601393, 8.496440212639367, 8.512252659975825, 9.237223624119506, 9.437757151243718, 6.88511773139439, 6.209334273308351, 6.524260936947227, 5.862757693506954, 6.059722598894915, 8.13988117019733, 6.8210386779164125, 7.249004407044263, 6.841266578093179, 4.541866911150275, 2.86916187777914, 3.6147936625160915, 3.5180439198965554, 3.2272647519108038, 3.0573945449217845, 3.759572246522939, 5.928474110428981, 8.392230652816432, 7.761629214580992, 8.275284356737295, 8.402471154769273, 8.4937949810379, 4.740718082964136, 7.099464502743747, 6.6115673602135825, 6.4504443962593845, 7.270682294770824, 7.205671573705594, 5.935287710183985, 6.886662360587222, 6.286471519783183, 4.436470243395637, 3.99011903778449, 4.705213348944462, 3.3211146274751937, 2.136417285692088, 3.849593062546548, 6.3341022240342575, 7.059292891661616, 8.076419936150826, 7.54716443523115, 6.990367137205663, 7.496435240999883, 7.544135202240222, 5.3506720813381445, 4.984406742448763, 6.375370477735421, 7.6043839736408385, 6.831092424255715, 5.567671666765532, 6.640017345751347, 4.638467775804986, 4.805325861801841, 3.8722322742822244, 4.152840308262309, 5.744385192497171, 6.1066595246443836, 7.19409666683408, 6.910748892221839, 6.943687678104672, 5.594845023613671, 6.144361770294953, 6.43120230636846, 7.456119361317148, 6.774617037052966, 5.693494872735468, 4.560185312830175, 4.322474691060221, 5.840456067397416, 6.183371252656169, 7.035917178870016, 5.873729216275553, 5.8971406784851945, 7.014800118919237, 5.644859926471728, 5.668847498054113, 6.59708635122624, 4.742827284999531, 8.334205791415133, 8.436535173733548, 8.999644567518617, 7.547982023505639, 4.915454950531707, 5.231907614945089, 5.3644215107333375, 6.06001316143686, 5.962847516571051, 5.658247957221938, 4.490947602661331, 4.623386840083104, 5.548570218952597, 4.83121747135157, 5.6882178678308275, 5.603857784802659, 5.135484581059771, 5.912279362215554, 8.083517535243585, 5.614804885320176, 6.5363869858734915, 7.404003682947147, 6.6049985321124955, 7.450582705628523, 8.240791205402319, 5.56052058876817, 6.837076864499769, 2.9874741818988353, 5.786116778381787, 7.091515146295669, 6.333041337563741, 6.580140940865437, 5.193488370706463, 4.107062064840149, 5.564389127263061, 4.648301445901403, 3.83782798101397, 5.5613718233703615, 3.8141123623738475, 5.216466470139109, 7.283378583592929, 8.257238550349491, 9.459100530730748, 8.16041516018601, 6.094587928691362, 8.991155215915132, 5.926372826639406, 5.382811786606693, 7.340538394772081, 4.005088226210049, 5.209087051599064, 6.463504388249431, 5.773552779192203, 5.297016954001257, 4.583226394298155, 3.721866379712053, 5.514393743746014, 5.475882364517678, 4.022844607649942, 4.081512212278268, 5.816554902128026, 4.521937995544104, 5.592116056127016, 8.355273429552483, 7.873266683353745, 6.259764125819388, 4.6464292393051725, 5.701437714388203, 4.840796514690239, 5.537063390698039, 8.707530163751697, 3.526072994916035, 4.694142700380636, 5.239660444990739, 4.950638808264345, 4.296886345306585, 2.6889017832941677, 2.545697695987052, 4.638473266255776, 5.061788576423822, 3.3159961622966323, 3.8063869400158103, 4.268399572670557, 5.807321555303364, 6.202231589487049, 7.557076945531857, 8.102541975102074, 3.9990544124107554, 4.693423664983439, 5.465972673611507, 5.266211606163525, 6.974441946462339, 7.80466891028661, 3.0763217761845043, 3.8624957630425367, 3.302666911362895, 4.329977657347394, 3.39563761051264, 2.297328368190751, 2.161135859660408, 3.4350393932291894, 4.699593634710299, 4.8408507770374065, 4.87705860582491, 4.440109499578716, 5.54025504541626, 5.915867308010624, 6.41732132626483, 5.478469912766327, 4.069742189341594, 4.594617000214226, 4.379664475163491, 5.066862980104806, 6.043738919213332, 4.654812158618326, 3.0622985637428117, 2.641705823141729, 2.3967054180984553, 2.9377535474555962, 2.996435499990268, 2.339910058177033, 1.3776948159430675, 2.2489139112067433, 3.1474037320737605, 3.6031567038463423, 4.146427956255697, 3.877192215972667, 5.644916051528445, 4.819378242659924, 3.4148487373158014, 4.40392973385974, 3.936381360249644, 4.872959459525755, 3.928587756739083, 4.6561806415775004, 4.288325983150893, 3.173001759747148, 2.343154842746078, 0.9880541454855896, 1.3728942793101853, 2.783712898236178, 3.281582453193608, 3.3699043987496076, 1.791103220533793, 2.2770551446560816, 2.9457147076068657, 3.331210951886893, 4.4621507330594845, 3.725922253420022, 3.8299202822341347, 4.206071533096433, 3.0966991590386694, 3.638440167962631, 4.547251298141577, 5.451818462373913, 3.608628329500771, 3.993509622427895, 3.9247807311874627, 3.297085106444394, 1.753414832910986, 1.0165728503931497, 1.2046150781238099, 2.555098974552278, 2.366804731448052, 2.8677820954411954, 1.8010967930376136, 2.31162492368382, 2.69815493976691, 3.287315432584854, 3.6641607480883116, 4.153858000087122, 3.304380618592958, 4.096957986677639, 2.7860584382748184, 3.3862753404644867, 3.2149756861213423, 3.4677924812559047, 2.2155044119965908, 2.927437821500819, 4.13650222278894, 3.118483193160094, 3.6258590097416636, 2.523046614300022, 0.5129816612943987, 1.8492041904579128, 1.6470604741868968, 2.824112325748033, 1.836221135629495, 2.509704201792559, 2.368758014979756, 3.0235614037769363, 3.261092653990735, 3.267287270290519, 2.906953809945631, 3.3983170885604155, 3.5942694155731747, 3.4982336461497696, 3.0159699980767805, 2.695735782235146, 2.37737955398216, 2.4941372356499567, 2.8855003413313653, 2.4466205132982957, 2.71997319659137, 2.366963679722104, 1.3280810861526384, 2.25180045791542, 1.8272367771283113, 2.29802162435535, 2.311414167271028, 2.0292004916103625, 2.7445457794289747, 2.563537030698028, 2.1458065277971494, 2.106409548172599, 2.5992985627392593, 2.225671817058756, 2.449220150551874, 3.166774398600048, 3.469525448854367, 2.5841983427872037, 2.3807271991149834, 2.8523977036703356, 2.3832742793054, 3.411497502954609]}, {"header": {"parameterCategory": 2, "parameterNumber": 3, "lo1": 6.000198445256149, "la1": 58.999992894266676, "dx": 0.5, "dy": 0.25, "nx": 22, "ny": 24, "refTime": "2024-02-23T12:00:00.000Z"}, "data": [2.4245704235104757, 3.110308955843211, 2.9615278700093195, 2.6162843180561364, 3.5511115849671233, 3.0518048352853104, 4.227760516565354, 4.28715019210419, 9.020059076779392, 14.707539523876607, 16.178938209254213, 9.168172599473568, 9.675733019956187, 8.711731315941902, 18.484477495066997, 17.68913798002669, 12.101532659938668, 7.460441738060719, 7.4309363734219405, 7.055890575398751, 6.841320583882064, 6.937991262127695, 2.4291876942099364, 3.59706765477733, 3.614158449442854, 2.393738282844588, 3.1145828859190328, 3.605078183363606, 4.587792406335648, 11.59960662289446, 14.100950523745485, 15.969275020629086, 17.293018611081138, 8.706145725372176, 8.758358304302067, 11.25933445367537, 16.601501990006614, 15.4760562822234, 8.483834847336405, 9.42290348682505, 8.286689342563578, 6.315138332397574, 5.840281400909937, 5.582160161833713, 2.1894118009714236, 1.8872639442324932, 2.1908300699252936, 2.4165216785456245, 3.0250604849596248, 3.3887682071074905, 6.9804073933812285, 9.467186894912809, 11.740225526473356, 12.447884148521522, 13.983232811247662, 7.734427783966843, 7.630900465593351, 13.003232913532507, 9.804646315557795, 9.667537488533505, 8.541808351172467, 9.405937042274665, 11.495557473948137, 8.03464864710061, 6.9138429711339695, 6.297503943374256, 3.1995677952191373, 2.3023523397866468, 1.7550482130212215, 2.1681563709869844, 2.9735886482518157, 6.848930335958292, 10.189809585124172, 10.982994949199572, 11.642792719505731, 12.349584499180043, 12.848593975042903, 8.808797133848882, 6.984756883768359, 6.84721961898473, 9.315155063061509, 8.679707766365716, 7.000820807881346, 13.707348254657276, 6.657727919008589, 6.799806512752942, 6.238954844315024, 5.432757268784726, 5.458460164869183, 4.616182947783596, 3.9280285109181055, 4.510542309823864, 7.218794027463836, 8.039373245426892, 8.865358578350824, 9.870584390058685, 10.943686606245876, 11.61537123307891, 12.182315409858324, 11.734481326459681, 6.556491136244867, 6.300132652937491, 7.2249631923183575, 7.519059011653261, 6.435654760586018, 7.089519481241292, 6.3358766509595, 5.352809759008158, 5.238160171749878, 5.164524953870996, 6.060642317514948, 6.2604065987198725, 6.069566872442059, 6.965744649115685, 7.814914794384516, 8.660262042364137, 9.538788042657806, 10.046430145578627, 11.171864845977009, 9.61266572088442, 10.75982188062946, 11.954594039407072, 9.993476529280011, 6.895877207220676, 7.293311901175138, 6.305495121404943, 5.667556119435453, 5.65854702187001, 5.473895689228729, 4.85349007512568, 4.7057355805574765, 4.695110967205718, 7.204468786394962, 6.374144079416145, 7.3509203819337925, 7.76762037271882, 8.05999081207435, 8.67244246373586, 9.5989793625316, 11.370085473255147, 7.843696649633082, 7.2841273451471755, 9.607998258189827, 11.584852457884654, 6.647472242804786, 6.794411283173178, 5.563366568021132, 5.415733820524623, 4.855311236954059, 5.155063420651501, 5.4363266961174705, 4.612571237677843, 4.544795321761659, 3.9841810561354327, 6.928257404240612, 6.825599925150591, 6.391015449414534, 6.770581498594716, 7.742418518771351, 9.122504290657217, 9.357880073802487, 9.092395292329961, 7.134677569786795, 6.4349821601684205, 7.3515252779751235, 10.836385912510018, 13.852872916099646, 7.0457409996226525, 6.110809248862183, 5.155717754402828, 4.911013049466055, 4.480924160465717, 4.569279666604317, 4.299577510857192, 4.067729835304846, 5.51049669754565, 8.293257457172233, 7.423107722636114, 7.342141950406034, 8.465703041441307, 8.10541632219279, 5.366417124938016, 9.287077310487268, 7.024855550324658, 6.087544384342598, 8.91586755231612, 10.593562988297872, 11.109171476457835, 12.800553028423488, 7.533006400348141, 5.670897350445989, 5.040330831792327, 5.380693136681953, 4.16289986612429, 4.417291536448299, 4.0440693801091605, 4.084260475246439, 4.989298064371024, 8.815620762793605, 9.718011565702604, 10.57284858060426, 9.589367523008551, 5.7628110538994335, 9.251694180619518, 7.333559499236194, 6.230095016536168, 5.429737050572884, 8.143788238207671, 8.398170691050098, 11.390826402530962, 12.342915922139637, 11.660791586730697, 5.934807700421019, 5.471459622662586, 4.524884570837516, 3.8837702341716773, 3.9269466905906643, 3.690184897533272, 3.530382332297483, 5.975389083688007, 10.452028622163061, 10.078990329487414, 10.794403404368975, 10.640845420257499, 11.069132684316429, 7.857415860525619, 7.08171759206267, 6.710107256020127, 5.922424937173812, 6.968874934135331, 8.925643413466023, 11.114906372146256, 12.554273307501152, 10.9469431328343, 7.620801822709735, 3.877324744725915, 3.8896330814851043, 3.5972806126462573, 3.543800787044642, 3.9102548214920803, 3.502127693674972, 6.260350605092257, 9.539237832283899, 9.930628447530156, 9.751576708694683, 10.239489261066915, 10.348111375802052, 5.616170217990691, 7.837628814740818, 7.053680748385009, 6.220915360391361, 8.290986209773854, 10.184797442123678, 12.325926812334105, 11.788779559099021, 10.292879198642195, 6.351841307889456, 4.5213671562278686, 4.072581726184005, 3.574194967261554, 3.480862304151696, 4.105200802167082, 4.686464582737008, 9.196285365278234, 10.380713271548615, 9.189031577403867, 9.789718715196814, 9.703900029173958, 9.195790332955177, 6.42694004808626, 5.827623755502496, 5.880454574901066, 7.456130190178576, 8.30909852567068, 10.620857421704963, 11.664872163205875, 7.315881089851515, 6.254449630837164, 6.3115984568437025, 4.9234393956951115, 4.5421391151855985, 7.161801910371041, 8.038859365457524, 7.041511341741851, 6.654247119072379, 8.07296117066501, 9.844371145460489, 11.010560298107267, 10.181902175667545, 9.936649452071203, 10.195109950879177, 8.283990762455081, 6.582994159370004, 6.304793878118917, 7.115624644474178, 9.989847265324157, 9.706386156084166, 8.26423605241749, 8.182402317751594, 5.803284878309317, 7.066538957348737, 6.308635194681081, 4.021834382951245, 8.161412592318046, 9.127579501372843, 8.953849085474452, 8.01313279973449, 8.64770834273734, 8.06151871361504, 9.476793423965423, 12.930693238107713, 12.060420641942935, 11.542111297422792, 8.94589422877799, 8.186050022453617, 6.372856753831434, 6.478698940681532, 8.000452132650716, 9.166839844451253, 7.342487356167672, 6.74834894317399, 9.19084659682574, 6.711595088447264, 5.852438773615049, 6.231193047116056, 8.59933644413218, 8.76224981089637, 8.361550565706093, 9.285628255847284, 8.558755697611721, 11.527650494526393, 13.13421148903621, 12.445536794460887, 12.146082699304813, 12.619356018111663, 11.900073025844083, 7.6284378508102595, 6.953732695800348, 5.5961211619857725, 7.048720854432997, 10.332849248514892, 7.471318321600021, 6.585583499424015, 9.45868811657427, 9.601098813777034, 9.401834176986984, 8.259705563223786, 8.24060131919004, 8.163853821981457, 7.939845376049983, 8.998950451195316, 8.032048921573134, 11.871996573748115, 12.772904770612309, 12.343069737027133, 12.433433010074435, 11.912640765464243, 11.313127213536939, 8.088041634422867, 7.654332289309989, 8.772994236407358, 8.98597892057877, 10.11794764842363, 10.095977059973915, 6.685175418724822, 7.178503270815986, 8.81189958404605, 7.853251218430591, 7.505234744777414, 8.707400330540095, 7.974145122653756, 8.27402814100741, 8.567849124619027, 6.508549239558787, 10.700634499431704, 10.88192111079398, 12.08826038268657, 12.435113754908329, 12.684658058150285, 9.87560530260013, 7.951181076399235, 8.035644308338133, 8.64005583789365, 8.61207414258875, 8.570918095775601, 7.152984734301867, 7.646029547314911, 8.77043436294279, 6.839208382361365, 7.087108242541261, 6.947712463734224, 8.121467526150676, 7.8881213161334225, 7.880595006610741, 6.796639643030626, 3.544301980261108, 11.805525616663088, 12.733775544807525, 13.06905797748876, 12.454604566196656, 12.363275211015447, 11.675860999277361, 8.920208337833946, 7.062858722562178, 9.101887809175253, 8.984661884218244, 7.867437599537645, 8.781553987875695, 7.687013186332279, 6.658950991154777, 6.614384569905511, 5.523621930677371, 7.311617650813693, 6.729527841719635, 6.502985800542642, 5.326139318961554, 2.2551080562063324, 3.2106741593275263, 12.275203960163404, 11.97184380374439, 12.369926960164953, 12.608400578363923, 12.01046784788456, 11.545669709391122, 7.904531669162853, 6.993542335024615, 7.165408106832308, 6.368674760577377, 5.949982708194554, 7.287421788834952, 6.510888397326365, 4.923225945873842, 4.018602615765322, 6.161109188836898, 5.965013746864727, 5.232890040196479, 5.118621154387008, 2.7334497339405686, 4.732562191683553, 2.5213267960842805, 13.173304233938339, 11.78167617770848, 11.8498274010766, 11.73516341717231, 11.507803298349343, 12.285698191662584, 7.648254122261434, 6.868176801838812, 6.087232125401514, 5.7101730882241855, 6.998570298154353, 5.8894837398585, 4.854175222985305, 4.545961003350631, 3.783626414647668, 5.019491799891021, 5.051835024070559, 5.304314276115945, 3.2177080792862642, 4.018357034007493, 3.8604809910771887, 2.304147634950064, 12.380491657758622, 12.14223419458996, 11.717004433737658, 9.773377311201118, 10.18959158568373, 10.024124463652095, 6.920441991096035, 7.545339099801342, 5.418962411501512, 5.439353181698036, 5.3685297595429855, 5.38966249510077, 4.38805653701823, 4.240684989342815, 4.935559639603787, 4.169399984676271, 3.79427023785586, 4.716890806173337, 3.035248721557334, 3.1297864639159463, 2.8757848324612456, 1.9473975581073897, 14.446863555639965, 12.297967705205643, 10.463308071484816, 7.657748725921469, 7.644051576326021, 8.02492484006298, 5.789660661557947, 6.409473104390382, 4.940420401893603, 4.60697379359831, 4.7046795527294885, 3.97174272487718, 4.687528965282634, 4.299951385587774, 4.593960903844471, 4.431724639401772, 3.724139823462519, 3.1695101899057576, 4.203604536983366, 3.132854990841096, 1.820870168367893, 1.0062642412324767, 9.598463703551417, 8.853580857936835, 8.938718929297202, 8.328010782303153, 6.980201290687418, 7.412154888759279, 7.495436607310494, 6.726182830660567, 4.271794175148715, 3.827252854706607, 2.9727545994442055, 3.627697030336262, 4.2935453487217705, 3.3826149805132917, 3.994564042560288, 3.5808161056538608, 3.422658729700232, 3.0395197423408, 3.968188832090444, 3.0308605108582785, 1.4197966689261694, 1.2755880113696247]}]