script/wind150m.json
{"header": {"parameterCategory": 2, "parameterNumber": 3, "lo1": 6.000198445256149, "la1": 58.999992894266676, "dx": 0.5, "dy": 0.25, "nx": 22, "ny": 24, "refTime": "2024-04-01T00:00:00.000Z"}, "data":
[rows 0 to 23 of 24, columns 0 to 21 of 22]
1.4217102273633444,-5.750037934320028,-0.47094192743961655,-1.5362199743375988,-0.207062894702573,-0.05942014174925657,0.544440436821882,-1.610663392454547,0.22791278878159027,-1.58936981487123,-2.96105596741185,-4.000147864576181,-5.732958319445538,-6.821172765449294,-5.1902173307894905,-4.597585642673574,-4.653927048838501,1.778040884395459,-0.2153987644206403,-7.263778702720377,-4.083763542084587,-1.4073820411596238
-0.9998882475948556,-0.4833114188084298,-3.098224940018546,-3.6602276339374082,4.568545909252987,3.145464145334072,-0.2834605554626312,2.536839627983587,0.08342331343389,-2.834192902240827,1.1991428270379378,3.9243186680151143,4.7486122564047815,0.09884186998500402,-0.11880967011170143,2.3554951666602513,-1.1823681670285955,-5.828006667914726,0.011629361685037498,-6.749990988911521,-1.736362106017265,-0.3531372812747473
-7.386451178406279,-1.9527110988864709,-3.556945161954552,-2.3198136711691566,1.6533136579976062,-1.240869717591063,-6.6703786008452735,-4.226232705706779,-7.575243399084947,-3.5964610370530345,-0.5992654765519878,4.786396165447901,-6.2058942568654665,-3.761091222757383,3.018311041745597,-4.2995352791625585,-0.3424892093913025,-0.5945207883577095,-4.029787492803723,-6.167904481727046,-1.5340729363473582,-5.010906506388856
-4.716067461180447,1.5508857745804843,-3.516795254919898,-5.920998705110374,0.794093804949295,-0.10486714819640792,-2.789751730726876,-0.14149382903102803,-4.269045610507604,-2.3241239282531296,-5.212666516062459,-1.066080447447364,0.007049168411438082,0.35917696002509214,0.414902675657218,-5.062242703629993,-1.1858374156324143,0.9639648325966137,0.3686679724302305,-3.278447530876004,-4.5119802659724195,-0.8674929171355925
-4.8273224812232245,-2.767200258088625,-5.809331228457809,1.6963622683660873,-2.4067723763437283,-3.952432043092115,-6.014774856167131,-5.913614137405095,-0.17869349896299913,0.5473838239852781,-7.876246081304667,-4.515519763315059,1.7274997038507025,0.04737560629760109,-4.950787548429038,-4.1926781245459255,-0.9586560606028183,0.7643238621509366,-4.359002355674029,1.1577246782557384,0.7672233104291429,2.675196201411514
-5.537654743671309,-0.845599234181209,-0.37194001868060844,-1.3189175442416379,1.1628171264326128,3.535055222695494,-4.647585453226166,1.6082215658798102,-6.340529756184039,-2.768202000386208,0.11525172077464493,-6.423532726505741,-2.359937927622436,-1.6603195588571418,-3.9540421150311946,3.783652164476278,-1.4351286860913945,-4.292292070458336,-4.396740746367765,-1.0186861470189097,0.702239883485837,0.6685096104550619
4.129953775182692,-0.11294530186742868,-0.07696574191370288,0.19541985301543446,-3.576109536607298,-1.074699589282703,3.4848557704671737,4.135162134876941,-3.5458554577797954,-6.479618738788396,-1.095439321571227,-3.203465025850267,-2.6610489897270138,-0.8865686594172597,-1.637071228024736,-3.942055437059039,-4.858377800603562,1.2747850555122398,-3.279268016584443,-2.0567405490222064,-3.49702984783397,1.2507710307149105
0.8557842445445621,-4.104131832343106,-0.4291352349992605,3.2998101267706614,-2.8648876040096205,-4.061178685205714,-3.0175409890270157,-7.397124376757374,-0.2242140896110899,-5.7970591251055,-1.7121465814278347,2.6741249235404507,0.23515424361328308,-3.3345987107090798,-5.248872831842896,-0.9221901932121751,0.22857625826388195,-0.28546286692620637,-0.1780559909928253,2.1497265668180763,2.972047222225179,-9.33387398242815
2.991056524177997,1.2222989781137175,-5.102115755244833,-4.350622194979839,0.9722409994382893,5.4700787572445355,-3.4148203350351216,-7.065102487440964,3.0807510591193723,2.6881849601446866,-0.3756775635370803,-6.49242899343002,-3.0348120475675175,-0.7766174439822777,-6.594372670596876,-5.937205804028809,0.45034545298842893,-0.5537837822196063,-2.4604701349482423,0.656945024089255,0.9239790725625803,-2.392972735684504
-7.244511923706169,-0.27517726058347225,0.9067280196915726,-1.0195759998989036,2.663807293202454,-5.234504170788332,-4.404225153144636,-4.441211661938102,0.17329022660227886,-0.57304754789137,-1.9595390736616358,2.8378068390056215,-2.1233081258437827,-2.333057122997761,3.789152587219771,-3.565017615306508,-4.910635367180763,-6.352419878004276,-0.029615082170604986,-5.184012324388674,-0.9143177435901073,3.4326131049374937
-1.2940819209487129,-1.6145113570981915,-1.7676686501602037,-2.7391382392752592,-5.323318643857259,-4.426947733141686,-2.056143543119929,-0.9218084200210603,-0.04495090885413841,-1.949120380203393,-4.845714733343353,-6.542313578927919,-4.62524933141346,3.5626211336756124,0.7605457920040506,-3.592435050416631,-0.8990628596817857,-1.4428609740290361,-4.001232501380338,-9.472536075366888,-5.586231273721587,-4.338757172909888
-0.4879591799659039,-4.130334790131217,2.152204680974544,-2.432852701867812,0.6264473817305256,0.6710521810322112,0.7856976712661105,-0.24965451819542686,3.4312392987631872,-6.684398608107173,-5.2772583068852,-5.975164672322251,-2.097217492534519,3.5236907901343026,-5.223526613712891,-5.352848314755986,-0.828620802958404,-1.9665770248225658,0.6829269396328355,-0.9625130389041738,0.3125182583220201,1.858168934510722
-1.566566609338979,-0.339752751491306,2.4261189271007715,-1.7566882961491568,-0.2425549808037166,-5.583405049501022,-1.1023859924688917,-0.7436254319919532,-3.4422453955827446,-6.019330185372974,-3.7043744469061375,0.9484197836108036,0.7902236961281546,-0.6947211728941003,1.0339233147912885,1.7224384944186868,-6.9067303887433855,-0.4611125520057951,-3.5917051228971735,-1.3256180568511817,-0.24925357926556188,-4.6053968801092395
0.5749043416850568,-6.880704309559428,-4.238032395130913,-4.003428936398571,-8.079423781501685,1.4051871009950527,2.240181686558583,-0.46669483271253864,-4.434927169761911,-1.2573991814736332,-3.4026575504741627,-2.4305596623308605,-0.5711514171904423,-0.7238506147133053,-3.8122773039266917,-2.419047806637396,-2.6827240201050624,-4.943204865862999,4.740131763659375,-5.927650131077314,0.8270972539186174,-1.016898482840905
0.9580265283555701,-6.062152486702399,0.7415073141554718,-1.4171880765442775,-6.212223113176719,1.6352185508813855,-6.372169019911384,0.6731703366559909,-4.172248379125051,-1.3027590463671679,-8.275166253041926,-2.684390259149661,3.3745886502902827,-0.14926456264169205,-2.5513529963197885,-1.7314468542383663,-6.282692057374253,-2.8796621438481145,-4.140549536536358,-2.3295693554475,-0.894968633933481,5.210783508288479
-5.488048982382347,2.9977187148009254,0.9184080777417151,-2.2678483177601727,-4.132378206627309,-0.7809762390303396,-5.064812944929892,-5.23517397583827,-5.5901723762664055,2.566258471850865,1.3903541398683177,-0.8269774521950862,-5.347186090115221,-7.803651529183251,0.7953514913458226,1.750235243587191,-0.541440829851417,-1.3880462041451498,-1.5300281350757394,-5.801816940967677,2.2787801210330376,0.12929997980281777
4.097805357683973,-5.413846100467159,4.102492619182518,-1.456459482770789,-5.255849100632591,1.618919893720128,-2.7359934281333205,-5.568860005257064,0.5126958391315463,-0.3380129184768813,-5.8980227361922495,4.566477626282463,-2.6063656153640813,0.6932917079557058,0.06814707851563491,-5.898705319101057,1.290923606241728,-4.006353840237899,1.5906240821883495,0.6659832110083589,-5.496492574313185,1.6458257983588294
0.7243862157923532,-1.2586869862154337,-2.8952793435910538,-3.4189439643977586,-4.606780362309072,2.668894759631596,-0.10506009205032343,-1.109299302877925,-3.53939292878072,-1.6779606630069699,-2.9292006365006396,-4.250026925056641,-1.5685634627284182,-4.323055815697289,-0.19800983132467656,-2.4841809870755442,-5.106283043087526,-4.642576776175266,-2.185320802192672,1.7264325627284247,5.435710037086373,-5.681080584928622
-1.7132830389960436,1.221440506438377,-1.4469003450465605,-3.626416987384322,-0.19585131575338297,1.0286632538393379,0.5758069990869872,-3.140129531013825,-9.258809940262685,-3.1770211683226255,-1.406336159939666,0.001232453627588171,-2.63357940506889,-4.031801076223835,-0.6965587947830563,-4.472852883884646,1.458164312635003,-2.167353478288294,-2.4555135643381596,-3.5117902062553368,1.6693309949607933,1.9228602817797895
3.7143849301289946,1.0061113968068178,-0.9734087025871455,1.4710774893348253,-0.8202078136727771,-7.539896162799455,-2.621824579794774,-3.0132849138792697,1.5853788622008118,-0.8073604688294862,-1.5944626555951662,0.8221230651430909,-4.76510100454894,-0.15558487247667716,-7.637602317203213,-5.9857132700596845,-1.8936371921054462,-6.947293556986337,-2.1166636473899665,4.985514493444751,-0.6455627213214906,-2.07234824773628
0.49841559215677744,-5.847148791542749,2.743365016377032,-1.5638142630758072,-3.9388021131023216,-5.640513059100894,-4.69055844078331,-1.6411279417398534,1.8863047447754193,-4.603089187431053,-2.0113287796613664,-5.614234824365245,0.021994387181596138,-2.3279886526434748,2.1617113374032155,-1.973109706975904,-7.468952552609687,-1.414319813378814,1.504561481959689,-5.242172122582103,0.8970945183007171,1.50599249781595
-4.799537808551283,2.1856994475016194,2.513055806595835,-7.428696798898852,-1.0542111467628206,-3.550067405342922,-0.268319927314586,1.6455587944141925,-4.188903064474148,-1.12195396880492,-1.7105733732098247,-1.7045343216774598,-4.853760979475089,-1.5973972359976616,-7.473615940636796,4.770479284238743,-2.4886032589262816,-0.20774394974704408,3.2508633773850844,-2.4964398894252584,-1.3442601238681964,-1.6034005454090432
-3.4655152579167767,-4.5490361039156895,-7.102912369474602,0.36501533105501727,-7.956538427106642,-6.93809921159643,-7.065395732852848,-7.83689123863262,-0.654113701357815,-7.194050619593496,-1.4005165973702702,-3.2713667267527393,-5.570568342170437,-2.2044356523205813,-0.7929016131478908,0.12224027831698765,2.614678186541755,-0.23655960136009074,-5.44457510579178,-1.1325259023222203,-5.564891383318838,-7.062223787981349
1.826057498771736,-5.095308546878054,-3.0159491764833772,-4.319374013490535,-8.727413498201269,-7.759525000208496,-0.6763192579152091,-3.5794540139323696,-3.453754959216823,0.807952642280573,-1.150832689865828,-2.3594896544090753,-1.0160645694838757,-7.359841845401911,1.322783714170746,-4.570979276799212,-0.5693985287831583,-5.206178160999936,2.5379473602183076,-0.21587463782848557,4.704366703477588,0.808415648699454
