script/wind150m.json
[{"header": {"parameterCategory": 2, "parameterNumber": 2, "lo1": 6.000198445256149, "la1": 58.999992894266676, "dx": 0.5, "dy": 0.25, "nx": 22, "ny": 24, "refTime": "2024-04-13T11:00:00.000Z"}, "data": [5.811597363951429, 11.172019067157793, 7.488928009754502, 7.1080472579722445, 7.443077712671225, 5.763012722334002, 8.247146332071038, 13.837428453089434, 7.759866895674934, 8.124970643055102, 8.96521028060107, 13.26052686082569, 11.361969887815004, 9.436433167490273, 9.88880526260413, 8.232771173166732, 11.241225652391577, 5.038878175317735, 6.968516492826145, 11.969229723287656, 10.743442836796316, 13.582776489654316, 7.762255792498539, 7.462756955919264, 9.86738870113414, 12.060010754631483, 6.350902749909047, 6.798125216787088, 9.5278033447457, 8.939377539600804, 7.449968583606397, 8.187752952169564, 11.477872574654644, 7.364883152995008, 10.795941942616915, 8.380281060099803, 15.12801897055013, 5.75248233085716, 9.435768842532209, 7.6691968329302815, 7.698198372875973, 14.524401598760134, 6.791056711409636, 7.789431116094372, 10.103891448545324, 7.071574779265456, 7.0953464248102325, 7.540924559348698, 6.562195737654909, 7.40520913340027, 10.47560358030733, 9.828555721275471, 11.893284320843856, 9.809369425916193, 6.543180464243461, 6.660775697518029, 8.303619678770268, 7.84781085759823, 5.89912907218034, 7.098887158171864, 7.639709648773172, 7.497325979666668, 5.507928449875332, 7.262996229266362, 12.266873604969485, 8.248566379632456, 7.430903189755889, 8.13609055803161, 9.102232056022011, 7.028099940672763, 6.408983910231868, 7.868061062252092, 7.5525719060827585, 10.776939489580375, 8.460026613300464, 6.5636800064650895, 7.351122481691867, 7.014092094000198, 8.644724553989242, 10.538870796111427, 6.718515662577353, 9.126518128238603, 7.33390815346656, 6.229310517102679, 5.319642251926491, 6.927582820489159, 12.577338172787906, 11.697345908993489, 6.455081395824097, 7.149362535838272, 10.942073948392729, 5.9326408928639545, 7.999682646059985, 8.397936572813252, 12.389516334224796, 7.812284833796191, 12.939705650526212, 8.827174978393895, 12.196418803715998, 14.855738380152864, 6.079560681603731, 8.473923871060013, 11.089454615578623, 7.307240653009685, 7.6823359780148675, 7.000543328297513, 9.490738388098542, 5.887435388815365, 6.041593906505967, 10.27696079589373, 7.557534489799176, 12.138946740525808, 7.517022119448512, 7.529846307600846, 7.4027597159782275, 9.567705510755102, 13.998940710404534, 8.433439584822006, 8.356724653690069, 7.244834818566769, 6.319585891208203, 8.919598089095903, 7.639443934791218, 13.23988257281285, 9.473940782223599, 13.382749915029592, 12.527558991278651, 11.40584948967983, 7.609078500033509, 7.050725245212965, 7.910457114123636, 16.48641722723087, 9.11538938043864, 6.702643619352721, 5.932881064009284, 6.867546865598699, 7.518946416050635, 7.806973954451361, 9.953429571155368, 7.720704081684938, 5.440536579125619, 7.622655506235114, 6.66731666424898, 10.091285330861037, 10.854810077747333, 8.306009690252452, 6.4117597815167295, 6.229685439205874, 8.713242937575652, 7.770947678546136, 7.850537924971422, 10.860540454885397, 7.5415431311779, 6.493767292897699, 14.841871253504127, 13.481539178661267, 8.714821389566596, 11.823071038122517, 8.496891100520122, 13.211135801557967, 5.425319546181251, 12.682320104650492, 7.046138806920118, 7.326895011507192, 4.185254875134707, 9.269661091511141, 6.797374353391545, 14.74094708636989, 10.840332728599599, 6.676733251448609, 8.206175567951425, 7.532121736159254, 7.312208021469645, 5.256371739289062, 6.917776502518567, 7.435788322743124, 6.866016506646201, 8.08000360605985, 11.907847869258761, 8.793070378459086, 16.077816268070986, 8.78976824376959, 10.831436876724082, 10.302149919741986, 10.235885928314776, 6.897245458759948, 7.552333975032756, 12.939983040882398, 8.90692481350812, 6.487937565109987, 8.669508217277665, 10.740541126922013, 7.424697163231633, 13.61597138756621, 11.243539492030754, 7.668533788074896, 5.75826530940795, 9.674602579884137, 11.252654349532206, 7.609326818849793, 6.2219122899900166, 7.436050914326046, 7.885073520606443, 10.50969989034316, 10.051969465278745, 14.172272137492074, 12.463663124211154, 13.447693025124172, 13.885488271511315, 12.682614462324887, 7.69540744014884, 7.063617552535694, 7.337750752216095, 7.784799823482713, 10.088458021958726, 14.3726189534058, 16.70918888914858, 11.959693324585368, 8.402725198470078, 9.136593440906118, 6.1892552942676735, 13.745854287907285, 7.961663444894265, 10.20248003549694, 9.779012402937493, 9.179023669031826, 6.611530808509241, 11.99941380441634, 6.789190516892013, 6.952025720914579, 13.199462177265163, 11.08299085371152, 12.05385181696643, 7.94751114017321, 10.553788364268476, 13.078765977510907, 6.902924116691467, 15.868371308649044, 8.135540757592345, 6.994220332101577, 14.893299586384172, 9.170698599290386, 6.918544476775048, 9.797906944782028, 8.515342661216298, 8.421702917734562, 7.134946750017779, 6.442685076413008, 5.943020122920584, 17.01034431365253, 9.861496283415725, 10.379905049797106, 13.32731338270294, 11.623047414288424, 8.73554422276885, 7.019381021338237, 11.315096001909975, 9.109646005094437, 6.654970406229864, 13.89683670332885, 7.393652446542372, 5.458456537729979, 6.697750946331048, 6.7205642980070275, 15.941980271909072, 6.859630926435041, 8.07482305281914, 7.718292349238259, 7.697750484517523, 12.259702426326188, 6.834781570391828, 6.79527454395325, 9.401659128381821, 11.488837282083336, 12.581631779379155, 12.77475338790055, 8.269354374873153, 6.517167360080689, 6.7411856092804525, 11.463189700211991, 15.352765184658349, 11.032639788010643, 6.826252139802588, 9.221011119354117, 6.881821877057446, 8.998909279527506, 6.464881748997416, 8.594546651012294, 10.872203771492027, 10.963461714069611, 5.24628689052686, 6.7686546414511435, 6.4677605581009265, 6.477863542621493, 7.627882644677133, 11.393098073310101, 7.669349830042811, 8.837457043519622, 6.359057942948617, 6.9379441337939145, 9.967718089779234, 6.43725613624806, 10.041323118375493, 11.240578425251629, 10.940037770324858, 12.441359497837006, 6.035162589625246, 15.116993719590939, 13.748853279461288, 9.437257427309657, 5.973429460340414, 15.220305471069674, 9.882910510830254, 5.606270657268341, 10.13867080400221, 6.5503193187811775, 7.307283049675456, 14.766357730025945, 8.762459450278428, 10.00696101088397, 6.49183265833373, 7.384300980146503, 8.230864211071724, 9.062464873463789, 7.183419891996459, 7.179928353196544, 10.742955806063469, 4.906718105275327, 9.506711411208434, 12.80340169073906, 11.781122864177844, 7.125202513803377, 6.776007326349446, 5.892460044155212, 8.959135705929118, 10.517004466052343, 10.055407674156474, 12.168425444060619, 7.94033403449162, 7.380207830458581, 6.685673356942134, 12.72069468217687, 10.107945775392409, 7.337157092046014, 6.629451363666433, 7.057923420992887, 7.830195654418889, 7.478521893514542, 9.563587795843336, 7.814272483072757, 9.979091427801803, 8.270910165428793, 6.437988751253962, 9.894257458666583, 7.01549238300003, 5.307888832312552, 9.529679800929856, 6.229340710749334, 7.74129493086759, 7.462249555717256, 7.7645210219864325, 16.292059261735574, 9.333577056178846, 10.900097429342377, 7.61699406618613, 5.981981967843899, 7.510447626591051, 8.923164528398603, 6.11487347487401, 12.17449804119981, 6.853906133089668, 11.73722081308068, 12.390881066993956, 5.719202624790106, 6.39838661764497, 15.47462325518703, 5.434602617758374, 7.342960270812563, 10.78157638779536, 11.498338769852245, 9.816495863444496, 7.585693536313841, 12.71030764681703, 10.304778233638757, 5.731819235352211, 7.990434429432504, 6.67391782672392, 8.499295163135056, 7.586021813136822, 7.540284305911756, 14.229660549712007, 13.64663032738987, 12.189429658987022, 6.44576052861889, 9.469199771782145, 9.635776993246079, 7.855397075903986, 5.524595161132541, 6.773073272396176, 11.871175845986672, 6.95101812641707, 7.869445934883864, 6.529757944461853, 8.482228497124735, 9.072970261259089, 12.148342274369526, 7.6041437285259565, 8.160175110194425, 10.827345086598035, 10.778416793871324, 8.711672206256331, 11.987647347328894, 9.459302982222914, 8.661439042858543, 14.370651205744341, 7.36138807681491, 8.122224401392051, 11.258237272229541, 5.657175814615734, 7.933985247416626, 11.796661975267925, 6.617282161591358, 6.715303698774939, 8.833813373358637, 7.571701587219485, 7.076742629427723, 14.684949473162375, 13.1881914296537, 8.454071860909563, 8.124335729670717, 14.583941061615048, 9.249146353688865, 11.10829420215387, 8.009915938258514, 12.208886522347441, 15.260414293734177, 6.981814270563365, 6.7581432436262645, 7.331073930110578, 7.1274184446000435, 11.267004320632426, 9.763507860425527, 5.886150698021279, 8.318972375873658, 9.094662682640406, 11.161686096033122, 9.223312653349772, 7.019097297191011, 6.515257568445113, 11.504785317073386, 7.393277191514277, 12.594903541506543, 5.702096364578955, 11.53656480316906, 8.97283745616207, 10.270580571446894, 11.408344094401407, 15.724230311417182, 10.164608017556386, 8.390564748705511, 6.470433418094657, 10.188600639669293, 7.7531153568802536, 14.9235602525168, 8.93936641341836, 10.325433097959293, 16.411548937224996, 8.434771339039216, 5.36913628862004, 13.063105610578404, 9.103794873286676, 3.6056997159719963, 7.8661108379730145, 7.187743254429438, 9.05700582230633, 12.620406231103171, 13.210391892960999, 10.26970840624023, 5.613396573106348, 6.819555126416442, 5.928277292184282, 6.680338621275046, 8.447035078067747, 7.582157281213708, 11.103197394030065, 11.724496104188228, 13.056265393035824, 15.19695175054317, 10.957662763865581, 13.116527179978156, 10.3446314900478, 11.863749518427976, 15.498545587644244, 13.160376756424451, 6.790495040301641, 6.862304751433784, 10.91108923773532, 7.68222826763247, 10.015788875018705, 7.2028071784911445, 6.556288521960044, 10.770061696957658, 12.034790328444046, 9.758142629409496, 7.895252427121041, 11.55929986389581, 5.9595463642082045, 9.118394567336406, 10.098292442734671, 8.212782961613797, 7.963881595409811, 11.473406316371634, 7.04808836750872, 11.821556007971989, 8.983872633035986, 10.9220435995802, 11.564336946006884, 7.852980994862668, 13.67979228989292, 12.891003099804301, 15.117563486074927, 7.888941971987054, 9.871927532023092, 11.726901140891242, 6.76633694793768, 6.063513741910626, 10.418089478077398, 7.323173300919193]}, {"header": {"parameterCategory": 2, "parameterNumber": 3, "lo1": 6.000198445256149, "la1": 58.999992894266676, "dx": 0.5, "dy": 0.25, "nx": 22, "ny": 24, "refTime": "2024-04-13T11:00:00.000Z"}, "data": [4.635906090124574, 0.5915952364433341, 4.098952905587581, 4.119625369030358, 4.044848316669063, 0.10389210988644769, 4.600618185925114, 5.6901464652806295, 1.4563904424950112, 0.0413217952106078, 4.210156599876895, 5.920277166784242, -1.2428599230217423, 2.787431561522335, 3.572702066479407, 6.123212058135336, 4.881680804700578, 2.133222002073002, 4.196340509680916, 8.80417129213446, 3.9069725192592637, 2.4249778132116635, 0.9250389586254387, 4.08746235449645, -0.2692358575862491, 6.883947195858802, 5.567469769213025, 4.498088053756602, 3.7553394726997884, 4.216151763694355, 3.4780160056454084, 3.5595578462106956, 5.11073654910616, 5.793202352415125, 5.523483592401448, 4.6075176963436375, 5.756049549377191, 5.733441357846845, 4.987776075166429, 4.205172421512953, 4.261851060308482, 4.417777958302123, 2.7686901192075837, 2.246882689775932, 10.217213149576768, 1.2815384333150168, 2.1477883458727947, 1.6903495305186653, 2.4204321801044784, 2.115915917094656, 3.896272837205797, 2.8762770204013943, 8.074265033663595, 3.003537560316819, 0.9113768123923812, 5.746701977628732, 4.982486566353181, 1.0971524760083347, 4.947118437086063, 3.783046686071567, 0.8283743094219962, 0.8131363528441845, 1.6843859812080118, 0.049373639106797464, 5.318097258465449, 5.8690769364168345, 0.7597537752794397, 4.036235026993834, 3.2096398504142534, 3.771401814942518, 2.1202833814204265, 4.732006956792256, 3.7517289591621688, 3.737112018945072, 1.943648825257814, 2.960391212753411, 2.441123650008016, 2.924488848370946, 1.8881091733552025, 5.285415143699832, 2.1332859084857096, 3.7106036334713597, 4.146957761875558, 1.9643817131822534, 1.74421552595101, 1.4072571174015147, 6.040396015668071, 4.6721065214858735, 1.2735975417627365, 3.292849205250542, 2.786564437579082, 4.409329474198453, 2.4520815280892188, 3.147845294003977, 5.285186855263009, 5.38019119867044, 4.397591289516675, -0.14394884475236772, 6.015062315049012, 5.549045750354833, 4.342038983020712, 2.4173768063461547, 3.6450037959530652, 2.361219517103205, 4.394755001763754, 4.287097188245199, 2.8956540407689415, 3.474460826521718, 5.082321340271501, 4.670329717458534, 0.34043142456970094, 4.309821144530891, 1.8357504407069858, 3.4556596434483127, 3.9141673323194723, 6.140807291899114, 5.075882731224091, 2.2481313048675324, 4.97246735435036, 3.624187518722414, 2.683658945710516, 3.1933009541524116, 3.078311476241056, 2.7157613995248355, 4.057103998060907, 3.6068001126019498, 2.386593628162524, -1.1440030359690376, 1.90462323211526, 1.967850793369047, 4.533471981780856, 4.870150191522973, 5.184728379263456, 1.848526189917363, 1.7604388639556123, 3.0802601853861504, 3.98815542054145, 3.859188644715821, 6.50920484721698, 6.001923647789598, 1.2079840066922878, 1.4025070786965408, 2.8671787620255533, 2.2672057967116204, 1.0497897371145108, 4.076512893138346, 0.38980103415725886, 0.1730020011263215, 6.3843342220409145, 3.7860839948428295, 2.4984232865052665, 1.0304726344780828, 2.511135608505917, 2.8230971624032755, 4.214738041548242, 5.698002980231721, 3.8865876298952635, 4.413419123936765, 3.3423716453843557, 5.9279545852159865, 2.110479385645881, 9.567087990728172, 1.176687822647002, 5.229782037682165, 1.4246754677194404, 1.9532449760236725, 3.6160074622258507, 5.065829504806984, 0.48190618120543355, 3.296274604179467, 3.8867747337213303, 0.288126586146477, 1.4668440277935122, 4.019359045560715, 5.423230520537413, 1.6680080089888272, 4.231959055063194, 4.349009907489551, 5.28656000108385, 3.86248251819091, 5.395212611311944, 7.294239888479913, -1.851446509311549, 10.89153458871046, 5.600898709945368, 5.4960507773202485, 4.187420606833876, 5.278400467309869, 3.2315911476612857, 3.167411343475457, 5.017323434892583, 0.7091462462509389, 1.2888161222587051, 3.69215538054332, 0.21814845703594232, 1.1181946309986432, 3.6679812836632277, 2.068809732709476, 2.4204431395911934, 3.756650422607081, 1.5291796765610102, 0.9083762234589361, 4.450807371241702, 3.3978254804712282, 4.496856354080251, 4.688309585293587, 4.096266428949295, 4.57533666052955, 4.682446584541668, 3.8206853321816454, 3.6206519758176747, 3.1066464655051624, 5.229272609359818, 2.6013928927756598, 5.141408549421184, 3.876116415576271, 5.347067055390863, 4.415052527979728, 3.2146408177448946, 6.373520286962569, 1.2833575480731667, 5.807995434993257, 4.264733596550045, -0.5818721624728244, 3.4155989432915135, 3.2997799470298963, 2.708698777568207, 4.801127013205926, 3.346060342013994, 2.8500722244988914, 2.725095953764629, -0.2518463590726659, 5.724081126759289, 5.892211514853002, -0.913175286596803, 4.014867139095467, 4.5705165220886474, 5.021294455688219, 3.4933447624188054, 2.991040697352464, 4.601376626805919, 3.0483343520442667, 4.744409246324229, 5.410190112694342, 4.032789373846986, 1.7423094517998667, 2.3230825510222184, 2.1423181646451672, 3.577544062313247, 5.956075477655908, 2.1531387114643468, 7.373045158410535, 1.3984294852560326, 3.0141623122433217, 2.304650027096592, 4.158984545373557, 5.886004751783312, 3.645826187399427, 1.39194543575289, 3.15338211824997, 3.637181790492388, 0.42211358453038483, 3.118508368258987, 5.1590820011195575, 4.999129522116952, 2.302019988872776, 6.070344470775519, 0.2570098313200178, 2.3983302846156884, 7.909271691177699, 1.2901328404971317, 1.6175555277800446, 4.867902758276108, 0.9320080083291861, 4.42762342512802, 4.558048477939706, 3.4353036284729215, 4.070467444197957, 2.991048153207399, 4.851543843238014, 4.9308409854666335, -1.3507079064253575, 3.4308248276683515, 0.8826008005690668, 2.7869604417973863, 4.181105677738767, 2.0898039335088723, 10.980055460878653, -1.6436286845207462, 5.1772023089437464, 3.3564476768774583, 3.8499137271844113, 5.067182688721347, 1.5875844871263651, 0.30697176526271935, -0.18356532896514272, 4.0489458309405375, 5.051884538716, 4.601442432487136, 1.427714291814321, 5.7242942787942335, 2.266306242956995, 1.0036699468878783, 5.141868009179795, 4.541321755600922, 5.3242293919713335, 5.055035840400303, 4.141379050909504, 5.286001946775362, 3.455989679651972, 5.063049277597813, 2.7546055370524587, 5.25040758988646, 5.412322548911616, 3.6562179721303725, 2.1295923140122235, 2.3986267187181327, 2.932037150804018, 11.080949156661694, -0.25206887170106057, 3.22171518228645, 1.107382310591981, 0.8090997774217777, 3.2420123582218783, 2.8893476483689553, 1.7995168815932359, 4.433982607498249, 1.6768436434598024, -1.2655192099596984, 3.883602754653567, 3.1755846351703583, 5.385644755235233, 2.2850403312532657, 3.434728999711022, 2.9842920826528085, 2.45854423792109, 3.6767036975414156, 1.8099551190050058, 3.0785663083951325, 3.56797707577274, 5.221188526305581, 6.126392094773955, 5.461957318306431, 1.4751397684936638, 2.2049582572038617, 1.6443011981368356, 3.762838026348601, 4.1680695495561935, 4.89810031492372, 4.097590580441232, 2.5092019667628125, 4.259679387269719, 5.402613656381244, 2.553208804720317, 4.914646643593496, 1.5802042418353375, 3.4428082730830307, 2.396608248239506, 4.1682301277261535, -0.44281261876011896, 4.452067441922701, 5.662681047694305, 3.715067369908744, 5.51977006232047, 2.2039195931110096, 1.081062149337579, 1.760796117599172, 4.088845262197701, 1.3444787190009455, 5.148525550076235, 3.794904875161672, -1.0054657469688673, 2.641554310792634, 3.562580082969957, 5.158385641213857, 4.6900323080575745, 0.9454234309059661, 1.5855279932629027, 5.191514196834043, 1.6690207006509101, 4.589457514416755, 4.078944729249365, 5.566507818136741, 1.23937693012825, 1.0152995956637518, 1.1014326589498562, 0.32607672236401647, 3.6611389416491997, 4.063086746392569, 2.6361318922796237, 3.2598402427875897, 5.633080879079719, 3.6048593777592024, 3.758516895151872, 6.928613455438812, 1.290297382608929, 2.4108785114758478, 4.160957555353957, 1.375777347423086, 4.465799725943111, 4.513786249797179, 4.631343553385629, 2.080928604369542, 3.5004696361743477, 11.504673673875319, 5.037970697712415, 0.7140096028126514, 4.800417420088088, 4.941602507576469, 1.2742403747726492, 4.888686082902863, 3.994241565318406, 0.5022384283489042, 5.141883379104022, 4.6913870721613975, 1.9664774283488768, 4.344648929659159, 4.022688129991029, 6.455613938127624, 1.1056393027106548, 4.452180392697928, 3.933074874904797, 1.52013448980608, 2.967036395973074, 4.293965072141644, 2.367542601985433, 2.13498759488536, 4.979099713093618, 4.4612162173313985, 0.9162925785107133, 3.1603719410800304, 4.307544972185205, 2.8446971234407084, 4.852535880153055, 3.493162813280777, 4.00383891107316, 2.649050476319024, 5.09495568439016, 4.280815501996754, 0.9307129378582804, 4.668996566522685, 7.350791507528875, 5.55720936909844, 2.6551493956826424, 3.821960007571081, 4.225739746484449, 5.3056728948875955, 0.19504053558949644, 5.018326809875443, 1.8239097551652446, 3.2026703358575555, 2.2026484691139436, 1.7546311402185961, 3.960405676522465, 5.949115417428693, -0.7550326624248015, 10.203826738659492, 5.887185053155235, 4.823547582117413, 4.1549114145973105, 1.2698569746497372, 4.83700690540638, 4.55737784880216, 4.973359786555277, 5.935444644796741, 4.575382053572638, 3.8546732949510654, 0.3477198707094222, 1.873010758166413, 5.5951820395693215, 4.362386842127503, 1.1793457280483672, 3.5058825870229877, 1.1746365018435068, 3.149200817125789, 4.181403920510232, 9.043052982987074, 5.167767800567467, 0.7267513848015574, 1.8168686472461932, 5.260692715877963, 0.5484644230150036, 2.5004637937371337, 2.6827803012353613, 2.0757692175127613, 3.604459237535336, 8.951974920406471, 5.558886010269887, 8.17355400808949, 5.17762298159193, 2.0837437593439763, 3.094937357898002, 5.925850616166861, 8.085129807128789, 3.609363723308054, 3.263565958085874, 0.5972561614442384, 4.343041206973981, 0.4857216959271235, 2.4806037038988302, 5.31124697381517, 3.715543517991381, 0.5083280306173699, -0.04249785458142388, 4.84459149126339, 0.935466861827052, 3.7031289245417116, 3.4685783680792657, 3.6255532989617594, 0.09456106923735218, 5.233958792863951, 9.806690190994308, 3.284410396220594, 2.114357531294989, 2.393663750220438, 3.3034733869245416, 4.877646012972904, 3.5744595343705106, 3.4026002504882036, 9.46809034158039, 4.325428653585492, 2.0416931927116155, 4.615341929898432, 4.640702739318529, 5.37028419525355, 1.4941340519881117, 5.851001925734848, 4.143868652130293]}]