script/wind150m.json
{"header": {"parameterCategory": 2, "parameterNumber": 2, "lo1": 6.000198445256149, "la1": 58.999992894266676, "dx": 0.5, "dy": 0.25, "nx": 22, "ny": 24, "refTime": "2024-02-19T04:00:00.000Z"}, "data":
[rows 0 to 23 of 24, columns 0 to 21 of 22]
10.748095226731083,1.4535354615342366,11.123174916077767,7.857048410180943,8.219602359827634,8.07699746360558,7.166419127412101,4.396509262694559,5.265945607494461,6.997518642392127,-1.0828340167669872,2.394300958044216,0.035541097044235935,-2.8475630105447536,0.2472207531332883,0.3832754554778444,0.0972074526727549,6.303749841237577,-2.985012586022618,-0.5905271732989175,7.074564288207412,-5.4465487326071536
-4.5860728219798075,11.865365745360371,12.23148048951674,-4.1816135331135085,16.733461686253367,9.480278901701864,3.0936535229210906,7.364998350555344,7.162032031405408,7.322066642754196,5.921687970728194,15.381821072792558,15.486950811433022,12.325306742715629,-3.2519733289484534,11.79420776789995,5.231281052614476,-1.615513777913295,6.028696965503671,0.8729345760616531,6.355269600141953,-3.6384204463455037
-0.6116155440277299,4.261607102413477,6.296469980200833,-3.856278158813367,6.409352847877168,-4.0527991512424935,-0.3682201087038208,-2.1309590692648137,0.0012439692800480262,-0.012585453785145239,2.4080249313888817,16.77979198310325,1.924708381076531,2.004353959564833,8.366326386816006,-2.1379333342487326,6.029883886171665,2.5648258867806235,0.24059428250224787,0.691982529034929,-3.0766000910328497,1.5237724201946012
6.027015425561713,7.484024222235467,-0.46672381012421227,-1.4174914173527118,5.86243459722016,6.265808644032133,4.102771780852624,-1.6902571934243702,-1.8053574816263993,6.242290938259465,1.219279305787953,-3.448686675510795,-4.067110910837832,6.859854748616773,4.451663405401683,2.223939805358207,7.079496050117983,4.298650635507386,4.739674203490737,2.494993561762236,2.2415457989474237,5.119042483997993
-2.082621904439056,6.165847577489739,-1.0955262886948713,7.90059287671489,1.4972454003151283,4.180268775854335,3.276072321575596,2.123083260150623,-3.742817202695719,7.627930403347474,5.803343647726996,0.6484099479453074,8.769019734378022,-4.757724505424499,-2.6936760429705204,5.933178061827583,4.763838703530929,10.686161508962776,5.937629453553641,-2.7323651442062893,11.46735900472226,7.350751038202844
-2.6546779305859625,5.151055785313708,-3.699244520646766,6.527496351613685,10.685648904907437,13.097299797873138,1.6742246334296336,5.899392813370902,1.9459055060920794,6.136015601212606,6.297793512009729,3.0740273494696306,6.96858276829076,-6.411829382024377,0.09445904548603368,-5.737891255862441,-5.6103616669627,0.6352021093070644,6.544672478417506,-0.7444668573438769,7.325672780884038,-1.28917509737088
10.586620128080057,9.120541537574638,3.6876298888596217,10.267297290623754,4.927295314308921,1.2189661160124274,15.934600175881254,15.774935940977755,6.9785849876234565,2.021223239560342,5.469519739498503,1.0176864795502916,3.3619401001336193,-1.8173844504999654,7.075151952995923,7.270478527877376,1.2022586399561095,12.078537538599683,1.5397742219839798,3.514486735189356,5.747159994534303,6.3533404181046045
-1.4299185552738232,-4.657789443783588,5.239412233390183,7.058227614233155,7.15296555378955,3.32914839912695,-1.8871512287776118,-0.5768835484658292,8.031382155376052,2.3857730843474787,7.369592051682889,7.5837746929754655,9.181732371220168,0.6584495853885796,2.308403238409545,5.799514683245988,6.176145321269893,6.025144753702453,-3.825729306467046,9.268682499872721,9.45518475765828,-1.75107372376583
8.001018005115736,7.708589036413638,-0.604196080561903,6.889729068058503,3.7953787247476605,14.407766323175561,4.173380846891142,-0.6655163925042256,15.945326913599265,8.71618430887541,5.931542005648183,0.9078501578189765,0.6727427718806479,7.500190895321737,1.3511240811853737,1.9919565472542493,8.407211365887006,-2.1948563132773424,6.628549630302224,8.406976993614018,6.224935817027901,4.790291631269145
-3.1035988970154746,7.794247723878792,-4.111147621755467,4.7064448111044435,7.788220515546964,-1.3664243193824992,3.1049403763325483,-4.967327831957249,-2.7438220874540162,-4.742865923652602,3.7796498408783266,11.57067151327444,-2.167792175546336,7.2716276319930975,9.284991173543059,5.908319318424279,6.289629258393624,0.9266896416506538,-3.7145757595061295,3.1434224711911503,-2.722401696710201,16.238814751260044
-3.5581179006160433,-3.8060692647158616,6.6812431404394,12.081847088609688,0.027770114376689817,3.3171730537673407,-3.1425364751107665,5.037745898554742,10.985452748122738,-1.2371944529343617,1.0224691275350106,2.2306278862699442,4.447994015133937,13.912255983484439,12.19983389970561,1.0842414042603343,8.120633869551398,-2.449758480905051,6.26054039203184,-0.8730293152862096,1.3399281244825911,5.457925381511528
7.844635816874633,6.6599709275268815,8.880036766920266,-3.3425848254263433,-3.0087738755255,6.020282695319147,5.8349730560653255,-4.20460613945311,8.932736149565867,-2.3528580576151534,6.476611430571262,-0.8963480923638897,-1.4414891076862815,10.553649030463705,2.371896018846618,-0.9418436060779847,2.7461445903887505,-5.509759820421253,11.27910181847492,6.159808829972533,10.746173898893959,8.90257031472575
-2.3131509308472236,-3.3808112936336694,13.844504367299209,7.69232725625924,1.734724612251658,-0.9626600921204576,7.839139078281713,3.746901002493992,-0.24166392677520993,2.1372965752227993,-3.931857473575348,5.068793657654493,11.588298092271703,8.235244514853363,5.376577322569081,12.865685666804033,0.7644921907521751,5.510728404735433,6.163413520250043,3.426276450645714,-3.5086426469741214,-0.4505661946528228
6.163057606524488,0.3462194642924953,1.8316747036765864,6.6561019006641375,-1.7164668627604538,7.808288166570732,10.764144711094742,4.054991586240274,-1.0474167202131042,11.531560926438154,-1.3303610680729814,-0.15765044610684406,8.279882356708637,3.875241964088027,6.37493870774509,-2.1165358494057327,11.12373991810964,1.2350244014870733,15.732456824109878,3.352865372324678,11.478399525376357,-5.560587246768506
-2.3598970124482226,-0.25395693231250804,10.689601895988334,-5.719009015374719,-1.5960845850612575,13.47808115420341,4.8076535793086315,6.0402860319007665,2.2150320909880916,-5.695399276252595,-1.1674574167915222,12.418304062055428,11.191804036435743,8.056386441168977,-3.5029314841347743,-2.9434389904531297,-2.187169337398345,-3.7477003461197302,0.3334595962920471,5.413380447446692,10.151904391181079,-5.266091529798865
1.951369110677982,9.368551297075053,4.441115125998532,8.444481724875796,0.29305240031458163,-0.5409842684955638,0.16326318496513723,0.8909993858617764,-1.9134943311710688,8.310852638171582,8.96646536877715,4.540142414548177,4.04851497365451,-0.04329789340766678,5.812852818981743,-5.157884302292977,6.4857654655858585,6.887832022769056,-1.260544473412504,-1.5040360394836978,9.189301806424979,-2.4302824483661496
8.382443809351289,4.552353607716704,9.496344459681751,7.292807359247967,-1.3801724244648492,4.48328456160951,4.965624430958473,-2.6987593489649213,7.281950489964713,-4.617615288164905,0.02758480498791151,15.25909116916657,-3.462788989333287,-3.160048090030471,-4.157281300606919,-0.33004114297674136,-3.0629379606576683,3.2155542595051636,8.105196057565815,10.539533137032352,-1.156955768494675,8.38341186109051
8.74015188376583,-2.2800724412312747,6.509982928601234,6.359355641004755,6.824000165951886,-4.203132933857235,5.794307908728303,6.514614190249919,2.407792046520534,2.370817645086623,7.340413643781296,-1.0213436639238205,6.775443572361874,-1.7819934319479935,8.290992312180643,-3.1882798917565376,1.3204681838540482,3.0220948214475096,-4.635256682115742,8.558933774564442,14.480772474622562,12.767641421356872
1.043953747390197,9.13510750145008,-4.544653784801711,3.686900737544778,7.811448258378431,7.175453638808488,7.2991833694484285,5.011677106024462,-2.6274761559635325,4.702306597906148,3.047190405031952,6.507513378340024,1.215348555635676,3.3716755730796244,8.2090173880273,0.3676687678648486,6.931994144194944,5.62340758821439,2.539379144595155,5.492003917170595,7.492636248062387,13.200398073904026
11.173004313929559,8.07577673779014,4.959412125082143,8.637268636180176,8.543439379257233,4.479072714165059,4.8586910225779665,6.381095584743667,-5.977706911158749,-4.280893707659489,-1.5229913320145254,6.747946583025363,-1.856863554019949,5.2306695462415975,0.21504874407446192,0.7513752021866709,0.5977306721948611,1.2871567364774028,-1.8377672589805731,9.49919680503035,8.240422629810947,2.041266976579033
5.162912942562739,0.5953558327375205,15.627800067195434,-3.3726520178844743,-0.9206478991361048,4.876525694779992,1.8273006686971294,6.434451596881736,10.244443216489348,2.0686576672171237,-3.4608536617919503,-2.607752794041057,4.302200759527206,6.407438353134173,8.01611513776244,11.659162269044588,-0.574230994450077,-4.592116975125608,7.57371822944158,0.4830067315406022,-4.503559492060133,7.114623684167285
0.7254664485205594,-3.4247574495032476,10.158975997490206,-0.8373734443832821,-5.5903729653951295,-2.7377279712061355,4.77031271822902,-1.9010400992861154,7.267716510081921,-0.07661507787383598,5.032245575883665,2.1413359232487017,-1.0274040217919997,-0.3291142771648686,-0.5314632025783556,14.796189952178496,6.268342128424018,9.539415372478555,8.439231403626492,2.5045096763971704,10.616672257379932,-3.9858112222094233
3.363315286224455,0.10590315803836484,-3.1768068319109326,0.3879188277133191,-0.13180183347760804,1.4252296753439788,-0.06819426654376165,-0.9640682289333761,-4.43671379116001,-0.23909722252939017,-1.9648749311244766,5.703740221998429,1.778350266873972,-1.9469131499727264,3.462998982683774,7.018493595133095,8.720694882382517,5.211392395183661,0.9019351148732722,3.8059229030515316,-1.5344752086258908,1.8621721688448438
10.04054642901207,6.764089770551858,-2.590623692616066,-0.8729510568960089,-1.742215569700979,-0.603759046183113,5.061400314000392,1.5211017773354019,-1.4712729509554037,-3.5835236114832796,-0.8225909631306707,-1.8500338396876579,3.6900763944280013,-1.895979690479297,1.9058251108703697,3.2753673629537423,2.604881974442565,4.803843368015578,9.37129756013826,-3.73600987555136,15.25428087371863,10.82931326776736
