script/wind10m.json
{"header": {"parameterCategory": 2, "parameterNumber": 2, "lo1": 3.000054539987559, "la1": 64.9999836372058, "dx": 0.5, "dy": 0.25, "nx": 34, "ny": 52, "refTime": "2025-07-05T11:00:00.000Z"}, "data":
[rows 0 to 24 of 52, columns 0 to 33 of 34]
-3.071789390014955,-3.7814718782560006,-4.099390235363503,-4.450449511803496,-4.455520330321061,-4.588955004523533,-4.9964453562845605,-4.308838165151389,-5.067258117980348,-4.266786145807741,-4.189731800811655,-4.20416616111487,-3.6611462409026876,-5.132748353808079,-5.962460581876668,-4.814653834683137,-4.090099986961286,-3.4354959811725303,-2.43769940856935,-3.450844442666799,-2.6684403320845695,-2.4733492858518575,-3.001616335792536,-2.7824045695068285,-2.7808450854380538,-1.6318359416454689,-1.2165052215252388,-0.8377114170236745,-1.287958052653296,-0.9210503973693948,-1.24447963921804,-0.6113187951579183,-0.4759139827226878,-0.78606867158211
-4.687656000234459,-3.788003821601119,-4.431212031117313,-5.0478934290491875,-4.3498231385225,-4.075911056082549,-4.209279135810809,-4.455710168208245,-5.0478530668299335,-4.168981353220058,-4.9348711133909475,-4.365012196770488,-4.12032942727525,-5.089780844559849,-5.230457552022039,-3.9683141061565266,-1.2595342561892933,-3.368460621004693,-2.8582418874397595,-5.210301598508861,-2.4853004567736097,-2.8217419790016716,-1.201160045025193,-4.3192003273886845,-2.1931228844654584,-1.7849541358455883,-1.6400707218789121,-0.7909226987662354,-1.2487646444645077,-1.5255715494247164,-1.249156410680145,-0.8677823572779121,-0.8544261819622362,-1.5450818404493147
-4.512748162217654,-4.559046863049426,-3.9370631641834892,-4.147557645695745,-4.035046488244173,-4.499054359568264,-4.426017108497813,-5.490345874288105,-5.655281809343636,-4.149692835637763,-5.179938817299489,-4.032047684826814,-4.494455958991589,-4.794942334770503,-4.615262231578531,-3.2781989795941033,-3.031020717728615,-2.6188192048061856,-3.547297687523538,-2.9572844774537437,-4.505908305947966,-1.6699122748480544,-3.254457012008964,-2.36566088948187,-1.764063480786887,-1.69931967264657,-1.440157668980001,-1.1897317683349797,-1.4864811351485412,-1.0573001719788189,-1.2102157342240134,-0.9081845922640581,-0.9480684018231962,-1.7097820861209816
-5.095446329981777,-4.780241996313573,-4.355509259189581,-4.296812432687955,-4.908912420207308,-5.533272691367051,-4.599514064750243,-6.29765484848212,-5.848867007551032,-4.577654242122632,-5.297127909644137,-4.810972166430988,-4.819739875302333,-4.985398059217644,-2.704581588464661,-3.964102664234925,-1.3647327549969974,-2.837903802546338,-5.515634665252115,-2.775116543355518,-5.25910563477745,-3.717448177454698,-3.395929666789275,-2.4324154949055075,-2.2465462071324858,-2.0590789692004483,-1.9378883238081799,-0.6894051747112618,-1.0552927014143236,-1.3337729175264255,-1.3230248704448992,-1.1417543546592714,-1.125723917049038,-1.5360904164644107
-6.185197043737919,-5.354468586340608,-5.24194511054066,-4.909884150496008,-5.974462563005141,-5.990078319626206,-5.466726114893267,-6.802678161703108,-5.523723793429006,-5.56957464143675,-6.098016030784466,-5.280863919041064,-4.901619443862272,-3.431656431439269,-2.414555791191427,-3.14770171421355,-4.10269390300844,-2.8838553331143393,-4.024488584628669,-6.475063800427366,-5.586797471504402,-6.055146424155066,-2.1790314911142765,-3.2182667320330642,-2.3586541892189024,-1.7451126423939864,-1.5685677926165587,-1.47495784337274,-1.0359336512213702,-1.3736765842118697,-1.4221803188825337,-1.5489540312586434,-1.5916281926789217,-0.876670963491762
-5.728267743387011,-5.512740036476505,-5.242733347460728,-6.032479783920103,-6.437692390059449,-6.460000240896135,-7.0534433951352575,-6.949067999640539,-6.17754309221199,-6.619975561725351,-6.566948229974677,-5.641248584436399,-4.631482876674246,-0.658697780822942,-2.887473485759899,-3.473757727586015,2.0611940826915953,-2.659789393236793,-4.665091757175756,-5.030946717107402,-3.152667656916673,-4.3433425118473625,-3.0141477369432357,-2.427924159962857,-2.308971672142635,-2.5448008449664874,-2.080219929341893,-1.9700716869620716,-1.49256987562448,-0.9125814234071874,-1.5237321809815934,-1.2187740817931403,-1.2914892121620065,-1.199028817501349
-6.068698542636952,-5.463490921499068,-5.918904931757255,-7.071573256413317,-6.649887790922026,-7.064719356376106,-7.340031183783146,-7.049836102945743,-7.011947604439008,-6.652149491152223,-4.4694946588700155,-5.507779224767394,-4.363321439044051,-4.488567267028396,-4.697643518353577,-3.654401455425196,-1.0017579754363362,-0.3275947595030698,-6.144988578991745,-3.4019434088511225,-4.017398152403654,-2.9960146372885044,-2.3126820935662256,-2.395011257691795,-2.2333990531941086,-2.483440077052162,-2.403830519366551,-1.4292494498254755,-1.5130595775707094,-1.3114188901642283,-1.7509407327049185,-1.5067904995765535,-1.672925872673495,-0.4745422103380346
-5.928024839201156,-6.281831348984962,-7.423944568456212,-7.509688970701858,-7.258407616167167,-7.58751178847308,-7.6205333221639915,-7.29965710434357,-6.56555110602109,-4.143240341627281,-5.123778477203356,-1.9323756882067231,-3.181579787881677,-4.915635745345961,-2.3770605157365194,-2.254775637063615,-1.6547370877798182,-1.6636945407003643,-2.8972873798732124,-6.8952803720448115,-2.60904040950716,-3.628795613188497,-2.734701043037579,-3.5060945307505462,-2.1052718421577614,-2.4870650339340936,-2.1735064618377113,-2.340878322933467,-2.375057316486255,-1.7745592659048592,-1.6171765462973582,-0.9449401106459596,-1.3842109938895635,-1.6859912143073077
-6.518560576073072,-7.162511611238267,-7.813241376992373,-7.783207925356324,-8.087496038130036,-7.966500498460414,-7.479138799165136,-6.75459897521212,-5.010595423915134,-1.8122103676816181,0.09294170653210249,0.823282677949076,-2.626549864924511,-3.6509046692012803,-2.935800317006956,-2.314059237661636,-3.5397258296303975,-3.449033120415348,-2.7049878266010396,-4.0749612697553355,-6.454840323859903,-0.7861472033188825,-1.9592589899955126,-2.8784500800643578,-2.623051386756059,-2.6082365523134854,-2.368716233352469,-2.300146213924194,-2.655273829302801,-2.710986610156125,-1.8936574060699602,-1.6366438237396463,-2.1159665696991437,-1.4217691112963913
-6.898114342605863,-7.93386980683594,-7.91155231563938,-8.218768687810622,-8.113158117190414,-7.743228032733952,-6.804395135160847,-5.164761394325051,0.7538442151166944,-0.3174905345324789,-3.0494217730114177,-0.05523050221262051,-3.5383850323984136,-2.2726349817336517,-1.2140376912971693,-2.9704217913070137,-2.7081440924663034,-3.4281797820960156,-1.8574301067045376,-2.1412044098634784,-3.654240927127853,-2.8158897678253494,-3.2308113060884196,-2.654882330893199,-3.1792084504918248,-2.2494809459042067,-3.026487714097218,-3.125436572170766,-2.147185105335943,-2.5265569622565245,-2.3847946581086896,-3.4439146971724215,-4.048313833598785,-3.093987141249481
-7.9823643184084485,-8.322927098357017,-8.394675302739797,-8.169759041421818,-7.810362113549587,-6.762023118120387,-3.297557583218656,0.9004432240039053,-0.41290923941750346,-0.5148187741138771,0.3830020530732622,-2.659928053105962,-1.1096328499907768,-0.6166543381897517,-3.7781857418575373,-3.0277668738808154,-1.1866350350680324,-1.79947809710896,-3.162670904557298,-0.5388525827434844,-1.5383637758989723,-1.7944585539577382,-3.850490437154144,-2.2007524328430184,-2.4109113738900776,-0.4120403126144346,-3.6669284939708127,-3.0991254010893585,-2.671290651487803,-2.8619491158198076,-4.034188570080313,-4.387435198985593,-4.257628073131236,-3.8417183468788316
-8.161636391833303,-8.20213371703053,-7.760000117864693,-6.879022108597708,-5.39761678917873,0.68248323030338,1.557942500460086,0.591684051582379,1.3950557061642717,-5.096469287443558,-2.0599840671157366,-2.5943208419656925,-2.5011345329781074,-2.007702031072498,-3.063688138527727,-1.5252386633977988,-3.550611047745975,-3.3551514875269475,-2.193252439389441,-1.2429321034656122,-0.6711728727995289,-2.1920924050296757,-1.1424833663389269,-2.2357841088901864,-1.5715088449623598,-1.7756549728538082,-2.865219145293637,-2.260080543429952,-2.8643365630319946,-2.2856332111716324,-4.285503139009396,-3.8252767600696003,-3.3184236091818304,-3.232670037251164
-7.126977817394231,-6.662203263728069,-5.370922226652578,-3.869402456362407,-1.6332905637938682,-0.7502689757730471,0.10952231030186711,-1.194875366141218,-2.9042175413537477,-2.8868751769274654,-3.0855096904414285,-3.6666082280742893,-1.4657720744689964,-0.9448458945975797,-1.6329309519895412,-0.8453363589130697,-2.7701464801254922,-2.015304614057016,-3.033555362286132,-1.6003225070911966,-0.9548423428557804,-1.0022259878387998,-0.5256242169010524,-1.6646963726631796,-1.1487441572627515,-1.5952015770251615,-1.2607924963388168,-1.600920008345871,-2.6078337381114145,-4.42352701897591,-3.184061190921687,-2.084463542932532,-2.105679821237678,-2.191970093574067
-5.7397840794572295,-5.376976187631704,-2.730103726790092,-0.9151117251695562,-1.6413516258361909,-3.4598076161665356,-1.8268958574532659,0.2390794773552178,-6.61920554365488,-2.5476720191603843,-2.0859509839123174,-0.22311044154174,-1.5640618934537385,-0.6991080698925489,-1.6315610332266195,-1.115499135840948,-1.9438817680330975,-2.4108396087834776,-3.189942087669689,-2.2604981596644547,-1.7982582430572853,-2.382477187699554,-1.5278417786266623,-1.7813911096600068,-1.229695769256856,-0.9550216145438637,-1.6144121822530835,-1.7142247731830325,-2.169500371888983,-2.621005714171324,-3.1564221776456094,-2.586267297370102,-2.3926185666589577,-1.706099755990224
-3.8093180000082043,-4.240468285866165,-4.793149948860556,-4.5923367631998815,-3.19414733769434,-3.275695266029492,0.38760214344148686,-4.190486274259276,-1.628301557141738,-1.6241298853554749,-1.2428473220581098,-2.9381957241239935,-1.9461353809174224,-1.5814372140106274,-1.5856737875905134,-1.60053985470175,-0.09320609524820181,-1.989180038530914,-1.1406740056144005,-1.4309662631759625,-1.6023698722744366,-1.5145688285996937,-1.728498774887641,-1.668647122556376,-1.3519720652686094,-1.8448876763868374,-1.0667646072081614,-1.2283637799109746,-1.6277347365486134,-2.9798879101439204,-2.5666434466577743,-2.115887028061259,-1.280090060110553,-1.9851076968239185
-4.153199851323735,-4.118613060444126,-4.1812767045651285,-5.4967907518893755,-1.6909165073482861,-2.1164215376629536,-3.676043527395536,-0.0930588245012517,0.19970344593423475,-2.1043346864945955,-3.184520389095748,-3.4302282214242275,-1.9721870049374821,-2.628705836022732,-1.4302694077627347,-2.556112222038834,-2.7987147491809448,-1.3369936550114436,-1.8589139756560902,-1.6818654818139025,-1.8576274056134903,-2.4097102467366205,-1.2237671934022427,-1.5010584462524068,-1.2664403306969745,-1.2627474414464022,-1.5525612312215913,-1.4095353658126422,-1.424401024704271,-1.9667022902982554,-1.7671290879842931,-0.9777774983136532,-1.3059120664876207,0.008131384968747126
-3.64904738472095,-2.9680901964863615,-2.3279677667807657,3.600013463271077,-0.41453481097961564,0.3285647315140312,-2.0247317529218987,-0.6409312758890299,1.469737824802817,-2.2236512187839814,-2.800718703348033,-1.0155373996327623,-0.8775627004928731,-1.2022423659637858,-0.8790674723915392,-1.8011630544058042,-1.0021936894359436,-0.7195197601851392,-1.6647208621849003,-0.8188584597706717,-1.9554805069919379,-2.750397419860512,-1.6044315104731985,-2.06599272796522,-1.6024505376740574,-0.8028834438271573,-1.4948427830581419,-1.115443424212886,-0.6378127939283894,-1.6725959601567364,-2.1289257314210666,-1.5605440525652956,-0.9457205927786669,0.35272421815342847
-3.1023184342502867,3.636517049843681,4.161115560150661,4.425492186828316,1.2101369163234512,-0.10719141178489258,0.06354001471014831,0.4932979673394472,0.08528385104188485,-1.05900308747153,-1.7611570415414588,-1.5396519478010224,0.022801493739218904,-1.3304859673355993,-1.105882754349941,-1.9906262109005892,-3.6803888033781416,-1.3466079769785215,-1.4903432262887097,-1.5271836144718542,-1.4815179467888544,-1.7916367469287902,-0.8680675937559819,-1.217896972342442,-1.6184471039983237,-1.3451462842460304,-0.9366381281996139,-0.9749626450508059,-0.580073749968093,-2.811557799274413,-2.296331924225712,-2.6927452011769,-1.2974421496216304,0.5616248689520381
4.906940922376188,5.391849364533661,5.119023647923156,5.384408274993144,2.577617372051247,0.32371793389795395,2.7668438654545993,0.22777697444986125,-0.2716419027458748,0.9691079321992468,-1.2460017419772373,-1.7963167290224806,-0.4416480108547688,-0.5774375264571342,-0.2893984513803485,-0.952990843135121,-1.0885227623539633,-1.8098840781206937,-0.7582955674443251,-1.713871106876292,-1.2449380142607427,-1.4663342303338487,-1.1321136683800586,-0.8895370733223404,-0.3004545702703268,-1.161214406371675,-0.7575866114621027,-0.3660969040321957,-0.7161542803785992,-1.1383575437849678,-1.2914774203981993,-3.0915904361106445,-1.6704804669320021,0.42487569296514727
3.865669302416985,4.720055826658125,4.892762198353079,5.428247540543776,2.1947155402623695,1.4457326465461593,-1.073156799925387,4.413402163674537,2.76317743701516,0.762620828086626,-0.7236131706061935,-1.322945167547702,-0.09282672241533775,-0.052314137927031594,-0.8316192786323084,-2.708491933609942,-1.728546565781217,-2.461994007887708,-0.6729455821539768,-1.7632266645499821,-1.4685866530419163,-1.811181162164702,-1.742001469655633,-1.293922808461666,-1.2304907009618709,-0.6870078558440993,-1.0481896336606822,-0.5588778580388755,-0.3840980864987908,-0.6303140701475068,-0.4709416711259874,-0.2534668554817155,-1.9382968338920001,0.018116948422689457
5.344066612670763,5.467752612052122,5.213653189783291,5.388506088462689,3.9837466882736745,1.295784848850144,0.7283094020908311,0.9180614973117276,1.762906754124963,-0.26563270915622633,-0.19313933977975747,-0.26073885478134823,-0.603974505362923,0.2760435148906606,-0.43078670924779,-0.9317222950189721,-1.410054641845012,-1.496496640425481,-1.3126094451437331,-1.9225949568062122,-1.4938492134401093,-1.3652485924817035,-1.3655953676106642,-1.1562106782508814,-1.0025981133531856,-0.97163442315834,-0.7549219421888744,-0.4971878699481573,-0.2916257182005809,-0.08415216012624364,-0.44527030979709986,-0.39101810040452806,-1.4746088260198187,-0.2733289201734363
6.020044855191618,5.227540902283823,4.594460288618553,5.314496359258587,3.819501348572068,2.9372224186730214,2.216684984801488,0.5301370506514163,1.416069857250567,-0.9360528260554675,-0.1569394769183662,-0.0242862018434475,0.46399865877314417,0.11301198008641802,-1.678045490953191,0.04365445854087378,-0.867199500602493,-1.2642529319375475,-0.6449860165677438,-1.0981630323246083,-1.1053676408929831,-1.9347596146599384,-1.2361046464167242,-1.3432364276844595,-1.2564680634137781,-1.2372573184910016,-1.2737139079741968,-1.4658563309265173,-1.1121329524249786,-0.6013013305654956,-0.38426728637403657,-0.26929612904818595,-0.2655353721603656,1.2206352646177994
6.020114785840095,6.361388456791814,4.93461609165221,4.2676552562397365,3.1807495327948807,0.9466036844151344,1.0591592121296638,2.0749944452673157,5.765012369205106,3.6320867450803056,-0.23581852046640947,-0.4207638866495685,0.36821208544664596,0.5370982843139481,0.32546384070070783,0.9246203365469667,0.6278552856212469,-0.20263218232662977,-0.664880523089581,-0.3494756578452631,-0.7935988299991931,-1.2658110543596766,-1.035265568169388,-1.0560411685369342,-1.2421852094586334,-1.619114054881168,-1.6343879499277463,-2.5735121858668286,-1.2458788045498164,-1.2069435470065937,-0.3432384800981363,0.3937375906491133,1.09739021872071,2.1956933119424633
6.345575910556143,5.24728742178016,5.440694537365979,4.455440036220445,3.1632802417348316,1.6403692262559033,1.6749338790147574,2.8282195633743057,5.283645625038095,-1.225513026412933,-0.3165437589692494,-0.03521175044909347,0.2719780504732182,0.07358580049759106,1.0855546498113506,3.2493839233673674,1.8109868798033646,1.1693139683858422,-0.6069592539079196,-0.28625338341797074,0.10727421180215775,1.3777044053482208,-0.010750280000091634,0.04398370602934553,-1.0046704508130826,-0.9279262932388553,-1.1288204150964112,-0.6599749318925869,-0.53281130939568,-0.6177389440866241,-0.3068873129893922,0.4899838659791445,2.661117441863366,2.8264026744372512
5.938260364042083,5.344522521317301,5.543414969000626,5.292779515686721,4.104448871807408,2.435307266619049,0.5097492663594181,3.7505237589178897,5.792539254201533,1.0816812530414068,1.802145319371818,-0.1072389959584487,1.0380593796805464,1.0545095467199128,3.1034308549088068,6.881207649126683,5.802006679003656,1.9678506401302744,0.32152217409189376,-0.004233738091681838,2.5860146273313704,3.081300971401478,1.2265537852572466,1.1266269111779925,0.7101198389717124,0.13885253899055938,0.07066813792330047,-0.4336326439334565,-0.2615978088559401,0.36852843292867105,1.2512555196674096,3.0276969417723354,3.532222389896942,4.447228496705617
