script/wind350m.json
{"header": {"parameterCategory": 2, "parameterNumber": 3, "lo1": 3.000054539987559, "la1": 64.9999836372058, "dx": 0.5, "dy": 0.25, "nx": 34, "ny": 52, "refTime": "2026-05-24T17:00:00.000Z"}, "data":
[rows 24 to 47 of 52, columns 0 to 33 of 34]
0.40260702512384117,-1.6705230314855917,-1.8286497782133013,-1.0951923527504916,-1.5907361121092016,-1.4236116603121072,2.344277210566824,-0.23332344685851303,-0.5834832947035983,-0.1505078036923243,0.10465511914156649,-1.4016504981225113,-0.786962641951021,-2.1606998706805336,-2.158871126698431,-1.191782192859725,0.8101864523749267,3.7605547600469955,1.7468922831647502,0.03800527878946745,-0.22091792909082564,-0.010293479806035523,0.001288471989392346,0.9337244481593644,0.4364034227799253,-0.39277306813929275,-0.9828129665636938,-1.4435874186056183,-2.2131662536348298,-2.5577113420555433,-3.366939007910452,-2.478303878642842,-4.28570148455526,-4.088923457330097
-1.8852851285874874,-2.0653682373305013,-1.4739106855623902,-2.5146797909767327,-1.5331779608472142,-0.707752336090145,0.3997056157623827,-0.4842450143521,-0.26010981105228526,-0.8743208150979076,-0.8034781854183409,-1.1562680712630133,-0.8945478875446057,-0.17813376416449744,-0.31922823760105945,1.433489817564569,2.197510249258053,2.7852932440698397,1.4336885221628666,-0.6340531544341232,-0.15494069425059656,0.4189913688604218,0.6571370924141556,-0.47636129909656677,-0.8891652653386015,-0.8726365031540403,-2.0298412322573003,-2.208649436724135,-3.9672801993683886,-4.191899248353638,-5.488267164541787,-3.0587812847877704,-2.945298147243192,-3.0458372236061284
-1.7495727260505547,-1.5265134302566354,-2.084720684695276,-0.5558802746821594,-0.25440983894584485,-0.33909344336827,-0.86018223944263,-0.051718673534069816,-0.2721353059281927,-1.0452728453722155,-1.212534249746045,-1.263344707834336,0.4700574482809239,0.754425997940574,1.7416170071612365,2.6393855861552726,1.8328587231895412,1.7844252611156899,0.7486440787313217,-0.06696179713239082,-0.16232753208898823,0.19888670419333318,-0.4820102793902597,-1.2998104062482359,-2.308818118022422,-2.8170335594295333,-2.1588320996157524,-3.1629261555219568,-4.038824285633651,-5.2183580714401705,-6.373099601616959,-4.449382737966333,-4.284434533816008,-4.15098300647125
-0.1872957720513415,-2.0461738047493725,0.43877490001661623,0.4394398152619118,0.36673724390550694,1.438575413577397,-1.4298267889146852,-0.7226773964642945,-1.6002208548184793,-1.2205564992289077,-1.6236032989481617,-0.4599371588720173,0.31670600378028585,1.4547274092817803,1.8150656620415566,1.8792302943601567,1.4165813804571545,0.8085202098128239,-0.011068221589238975,0.2794127456720223,0.255336240662497,0.23528231412878772,-0.7865673768221731,-2.165663859510386,-2.4577908192266347,-3.30779113809677,-3.6828848374714616,-4.321301355697994,-4.382944909819897,-5.456306236423099,-6.716639954784157,-5.6908075168262595,-5.222788310408967,-3.8155356755370025
-0.5430205340125338,-0.8107286530571914,0.9925409996826987,0.5949366678907173,1.1800509350568913,2.5914118445104917,-0.8499241097626905,-0.8763639734892125,-2.622216450576672,-2.8052970455247883,-1.815766817140138,-1.0022814371672335,-0.36328571571068413,0.17013609128811188,0.6383103931815757,0.6929186702227719,0.05662874560416212,-1.09480214684904,-1.152867853287284,-0.27367937588436947,-0.1916233055552928,-0.6597654777423102,-1.8924636759633575,-2.886592546940919,-3.0488715931179455,-3.636108896999542,-4.690529802363803,-5.377779371195065,-6.32870962894582,-6.578954904089884,-6.729753090468423,-6.1305726393008735,-5.457759794890584,-3.9247444480767015
0.521655050006505,1.2143080668165251,0.6221235422024781,0.8300139454392288,1.4573356863004678,2.6652701387013353,-0.8051211091694824,-2.102751925032452,-2.755896248159329,-1.7741324341173026,-1.6138969421699987,-2.2335802725800677,-1.889940089284024,-1.4617321204067648,-1.051116188800696,-1.3094502204834921,-1.9285708889486173,-2.676620155598193,-3.7769855400783316,-2.0570240359112075,-1.6918124044004983,-1.9781121676747955,-2.4617364424034935,-2.8797391015280707,-3.777554117716999,-4.79570892544795,-5.883833811084892,-5.9471567745844585,-7.416921974515913,-7.67127244573386,-6.966040590731482,-5.533662765148655,-3.7992837916827673,-4.663259017935158
0.024254193809598208,1.0852082149274442,1.2350586569167799,0.38521889320539765,1.9156302484049434,2.3438959063685556,0.19896528018995482,-2.9659969470933105,-2.058633293814407,-2.7263333508855605,-2.9565564094134262,-2.040414219104894,-2.2133543942577893,-2.521560812381748,-2.2320093105049374,-1.8941514577679937,-2.1325887741090095,-2.520865126593169,-5.249989425592515,-3.560061498327133,-2.937865576547564,-2.9230840209503826,-3.371973120697543,-4.135508469093801,-4.4188927577356765,-5.125430300872886,-5.82233670864822,-6.898906229277696,-7.787573307200959,-8.490967455068665,-7.365099498953891,-5.281755038219572,-4.994111156217357,-4.858943099525545
0.2068728329393902,0.40069585933958846,0.654854770441602,0.48870077733855555,0.5009120071543912,1.4688388800716896,-0.21471473440095967,-2.779493300278371,-3.8408378040882796,-3.751782249478313,-2.6448761279729154,-1.7407261137873984,-1.1814457372692841,-1.3614743373623561,-2.1494328412818486,-2.672202625626609,-2.3283162064871314,-3.3274846851070357,-5.445325171385444,-5.096841121254742,-3.72516139943753,-3.6524663480029744,-3.458019699105383,-4.06241238880976,-4.6648717262396575,-5.248042478830322,-5.580814855905392,-5.971802142172404,-8.509033491313065,-9.840997609804166,-7.368134567728381,-5.753139703378633,-5.5751781419029145,-6.26387946729233
0.48834417723468165,0.2657704406891543,-0.36669517033396837,0.20969978435487902,-0.5006009048557492,-0.14638479113152414,-0.7039012376132346,-2.408114787866894,-3.127478796520656,-3.3208159471669396,-2.166805340674597,-1.5901218686751035,-0.74521970163176,-0.8000480943838385,-2.0521515914683452,-3.158507121033644,-4.07210064212032,-5.5642005140029145,-6.164293027888161,-7.230389967178749,-5.253372218896926,-4.61391473659063,-4.545458084383492,-4.830444974145028,-5.173868452487091,-4.987084635021122,-5.322640651983469,-5.967730760760179,-7.04122601555605,-6.341891277348773,-5.324309879553998,-5.930492375689395,-6.549153665072575,-5.340339932287193
0.6330577955286313,0.6287879678833243,-0.11213852017575279,-0.4797417806728473,-0.17116105426079975,-1.6531902650957835,-1.9703320432744242,-1.9891406594937966,-1.9900143021212802,-2.491979826379873,-2.8266912919904996,-2.5225395714253684,-0.6395338839358451,-1.7167623898541862,-2.758973372698018,-3.222681798113328,-4.100917071277693,-5.347094377589379,-8.211466516193942,-8.484120529370253,-6.272795158755529,-5.018483101271178,-5.508380096824942,-5.830148856591336,-6.18059289784077,-5.908435303124556,-5.370002766366838,-5.540285703022239,-7.039047930090619,-4.404231873991583,-5.019857062756803,-4.3364642791130406,-5.906402946578401,-6.748688539656642
1.6714165266849241,0.3090006127104831,-0.37931124745319195,-0.021365052043993416,-0.23853540463329728,-2.179216685780901,-3.013979421012656,-1.9676279754666368,-1.6589915863944034,-2.0799782851740294,-3.356084312409727,-2.453450798374524,-0.7885201386581429,-2.638300159907651,-3.318625517154433,-2.9113181973684155,-4.476968021440615,-5.8908054315337015,-8.511658798688154,-9.379789876576368,-9.25530252107866,-5.402121105764388,-6.519587674579143,-6.825466928886341,-6.851985975960242,-6.274477867277434,-5.742827125269611,-6.876821972551867,-7.803801275924323,-4.515222649729877,-4.229321210407589,-2.710838922939541,-4.398417995215841,-6.088144863505092
1.2057589608682229,0.6616143839591525,0.0603525780552596,0.30439859575124717,-1.4218181394707539,-2.186762213138419,-3.850364832537456,-1.890208675007764,-1.6031806178915147,-2.2866688717303116,-3.5939331871630324,-2.4765229875108994,-0.8971223815807394,-2.473361731780484,-3.3465709542766287,-5.0098647656649185,-4.373047843683372,-7.232146648882062,-7.613998298185766,-10.590777626781444,-7.671294747092846,-7.71832402446211,-6.580046536464451,-7.323756734537422,-6.895763792723861,-6.815045578937266,-6.282014149932169,-6.477866616572215,-7.524705106039497,-4.311461432847241,-2.9118660394058042,-1.6072663942682501,-2.788517847317445,-6.564654370564203
0.7862980759801211,1.1105929192002033,1.3455977332376678,-0.13098719463695233,-1.2109241335803433,-2.0872608715184247,-3.772152784151918,-1.856533140655024,-1.8499066885996809,-3.124543002203455,-4.426644120400179,-3.678881444310265,-0.6653031712173324,-2.0037039571624806,-3.346929426465725,-4.619037745104168,-6.178728583862764,-3.9057549686096777,-9.135062892174203,-10.85460227223788,-9.840179714127279,-7.454640801582071,-8.029710978150236,-7.948499420874194,-7.648690855416404,-7.163569822411986,-6.447022724365484,-6.520658913185693,-6.836409438496479,-5.96354799084423,-3.306158538924094,-2.2131920688539277,-2.712348526807774,-6.239815255946788
1.1204827174678678,0.28063383286546983,0.0628795664104408,-0.4918810723773745,-1.8001709270994863,-2.5628956586311853,-2.877055164488343,-2.0107075468323523,-1.6477349111733977,-3.1758803414062053,-5.508646644232806,-2.9030791182092113,-1.116867048297301,-2.914851966160796,-3.338123263383618,-4.5198471130017595,-5.373530802470957,-7.14069126805486,-6.845076815445763,-7.159139553761944,-11.079082293339273,-9.239928947501799,-7.376251373158301,-8.897012443034285,-7.753656211001572,-7.1504861918978175,-6.822274745849713,-6.708139419928169,-6.381622734357359,-6.077819692410823,-4.845426216711261,-4.121284380103062,-3.8598217589040766,-4.52822367938219
1.7348760617652361,1.308855189558205,0.7064330070024445,0.14645623715286016,-1.3836129183266517,-2.3667412324541925,-2.9453290247531636,-2.6224671288992583,-2.1317537365870622,-3.6055837890020377,-4.001959511895373,-3.3140915237083806,-1.054090843599721,-2.712191066007143,-3.928157663087282,-4.76910535954467,-5.043827744704901,-3.633719925222295,-5.697331263270743,-6.954681935248005,-10.473174403390583,-10.16856250289913,-9.03549150676186,-6.246644456792302,-8.215936329061204,-8.360902922399735,-8.442085610573644,-7.743171136975685,-7.117015312342286,-4.249578344585205,-3.54246129228654,-4.042481698842008,-5.488619198573333,-6.079464741068931
1.8005861482631802,2.0765503047614717,1.9669935761162876,1.063047035548508,-0.5406828816150016,-2.051107049710406,-2.770514909248689,-2.522326479885991,-2.9366047275642604,-3.553643355692031,-3.156968672672755,-2.5239234962754327,-1.5751475007879772,-2.769627728206492,-4.598772361410971,-5.166441596378604,-5.810485865430665,-5.858961195365814,-4.727734782730619,-6.8489655883968155,-8.629438361788916,-10.959953462194404,-9.227177995281181,-7.387800721219222,-6.248359461130639,-8.602334711026755,-9.377505449645486,-8.780141922272458,-8.20094597387188,-7.303109447022358,-6.16695975051554,-6.151718871800338,-6.611923584834261,-6.610641682029508
1.611211741477656,2.703226663209575,2.068180910298549,1.2618579180277387,0.0681083292340591,-0.8544107140054275,-3.0110968699669507,-2.999764500209545,-2.926604860478285,-3.120053403681545,-3.5561404623473525,-2.311851596326785,-1.876546223869811,-3.1266327225731905,-4.322139336590991,-5.237672138484092,-3.1239647771348036,-8.063929447526014,-5.526712962394304,-8.236713879178886,-8.962685229528722,-8.603720951860984,-10.72827842120014,-8.714346836493629,-7.0013391603631785,-7.2347289964162655,-8.533921630660897,-9.832875998019473,-8.537150628286007,-7.886096131946956,-8.201205945381128,-8.561036619860902,-7.986509860225012,-7.687773407968604
3.6951599178052845,4.020379811431486,3.1909780188166685,2.2445870669780756,0.7503253781099458,-0.5640399327008163,-1.3605392167195471,-2.083860934683633,-3.42202235508074,-2.6500207506880917,-3.4710014377551794,-2.786702488118675,-2.1418305209672504,-3.6289737803971724,-4.676791699012393,-5.744991237007626,-6.779840183881638,-2.7066397716972443,-5.15385569926612,-5.113151144785265,-5.737663110411242,-10.715664904219784,-8.909740589569996,-10.135962146839773,-8.556639205848903,-7.366931370566151,-8.068963637930134,-7.55989080179594,-6.928493180820811,-6.1478410247546575,-5.510928164016539,-8.404146278175583,-10.043139718492208,-9.236977841651365
4.505143533940317,3.835818790457872,3.7670002195096695,2.5750491322701357,0.7767646959326803,-1.0182217997847318,-1.6832745687934285,-2.5956828754676775,-3.5946358042622775,-4.709441033298107,-3.362365719762568,-2.356713754080194,-2.9946615315883536,-3.839858659842889,-3.847621379254393,-6.451555647531055,-6.700408147141816,-6.924918672072267,-4.902434146270827,-5.651977053479019,-6.702518904018685,-7.192849112122849,-10.686440096656144,-8.288283510653958,-9.44465776125248,-9.12574068312638,-7.0125278984683215,-5.363652410224921,-5.229154597135916,-3.8800129793684066,-4.9544146012580015,-5.28407425168908,-6.568385542490471,-9.560162930704292
3.576266243736594,3.4914398113602543,3.287208648119852,1.8557800874476105,0.6605966920317614,-0.7295585656948659,-2.1684061903345766,-3.615719283029814,-4.007934001010822,-3.7837041166370864,-3.0008129846155294,-2.67817198173246,-3.0725095766926227,-4.663567377054099,-4.676825986275847,-5.713579748739704,-6.860165384181052,-5.568152591773707,-5.5573616328735715,-5.779914112519705,-5.1778496589860845,-7.210924234429326,-6.730979207357329,-10.067101365740923,-8.602633008286896,-8.301071021452453,-9.044915932147523,-8.490405593753765,-5.119403559289894,-4.311979839093825,-6.270382240488397,-5.466953966956444,-6.204250701422543,-9.624644564797086
3.5390594944384577,3.221720611111444,2.7454271630825575,1.567327504800539,0.7157314676970267,0.05303060469617115,-0.9356956282142449,-1.9881575242339233,-2.719581936824658,-3.0106682856645737,-3.27029479363134,-3.331308777303901,-5.457155448015447,-5.490191771357066,-4.466735616933628,-4.682633336792525,-6.47941413398251,-7.345310172869202,-7.350074777947184,-5.501218872409891,-5.476961914692656,-5.806828287078106,-6.289375004949698,-7.818207690302018,-9.080765330046484,-8.684148445277854,-7.258619200798456,-6.410623296407527,-6.414539616500892,-5.957354443000623,-5.9940306075982095,-6.171915374169156,-6.512426128855662,-9.709718095602366
3.446053661787171,2.873479540347273,2.203059027353233,1.2138325198620277,0.2647918014643242,-0.7692310306446613,-1.8544276749769273,-2.4790647934055494,-2.4595469778567045,-2.732430096854457,-3.9125750035601037,-4.376071681802175,-6.367033847460931,-5.140040564614864,-5.220487940263136,-5.983069240074642,-6.145885274249485,-8.466727937669624,-6.6545717535573665,-5.511600128597148,-5.751652001914631,-6.615478629776527,-7.395387632306256,-8.911416801582867,-7.679237915080754,-8.195758488559013,-8.338565479573797,-7.846743256199382,-7.2584446467479165,-7.344665120393623,-6.350692987314601,-5.929446504877142,-8.095754743848115,-8.573515098621368
2.409958986095599,1.888600701202014,1.8590876731084367,0.8856052644976125,0.1165476532799099,-0.6860564653664228,-1.3096106013858493,-1.8839283167354839,-2.2521831682231133,-3.038788142507322,-3.296521737752582,-5.383267457601617,-6.453260818457532,-5.286979446080963,-6.343045026369814,-5.230902856487518,-5.961321622471493,-7.115495152798731,-7.966137598763434,-6.683790979397918,-6.8281159451523665,-7.350625140822704,-7.08297717950079,-9.022201525763515,-8.230575164217031,-9.090405475770035,-8.514572136167919,-8.380013265231046,-8.15394584686834,-7.336890909062021,-6.837062169657689,-5.837470239977086,-7.786205724004354,-6.763816203899265
2.2792550150745607,1.5888386268438732,1.1460831026678309,0.8286698972076966,0.6340245052129179,-0.47427356592607994,-2.1337747327073187,-3.0414139669804823,-2.9162945978267185,-4.091349391103919,-4.682941461425184,-6.253779959675895,-6.0568873171808075,-6.2147270602259015,-5.962740382592726,-7.36113452764037,-5.215270797991786,-6.572639345380695,-8.030694362075504,-8.516487457130706,-6.752183955724343,-7.795999523862997,-7.874625121160851,-8.049252073995609,-7.635716891715631,-7.968707040205771,-8.517287435311093,-8.309237362330485,-7.511575142894225,-7.358582063077544,-7.0262946556528085,-8.213564549340386,-9.12852525155938,-9.754855972260415
