script/wind350m.json
{"header": {"parameterCategory": 2, "parameterNumber": 2, "lo1": 3.000054539987559, "la1": 64.9999836372058, "dx": 0.5, "dy": 0.25, "nx": 34, "ny": 52, "refTime": "2026-02-10T05:00:00.000Z"}, "data":
[rows 0 to 23 of 52, columns 0 to 33 of 34]
-13.764549354450654,-13.29900002027217,-12.281532186973642,-11.549826687444401,-11.181538514964156,-10.551488837302696,-9.810277005136772,-9.133477174702351,-8.282761018449847,-7.829045062246043,-7.804887842823203,-7.415676218558083,-6.873517320659509,-6.400578074002033,-5.632183049876979,-4.820030691674337,-3.585188947393862,-2.0431686772005575,-0.2826806261472918,0.3864573431080271,1.5884781268443562,2.136930919440474,2.3457516088396537,1.6892927200348449,3.148699004135818,-2.8585635995274146,-1.1442863528531286,-0.9204753710974797,-1.693164037718723,-2.75527224840964,-2.514629047865597,-3.0878485406578546,-2.195112367139712,-2.6107951831316054
-14.635440065154503,-15.039172145081707,-12.654599687217189,-12.045408542748936,-12.443823115678926,-12.115630035898771,-11.314502245063453,-10.860606956075179,-9.884350811373196,-8.866336984223166,-8.394860540274982,-7.443815438961768,-6.525231453565537,-5.846974599560445,-5.643500816238383,-4.044344296282195,-2.076872802761115,-0.23718219553558215,1.590533580893816,3.2035724555094887,1.9149359000536483,4.3291957459726715,5.770694964356078,8.387139846618874,4.5320419713085185,1.0507386253034248,0.5087340386660406,-0.33285036504663323,0.4958885778874004,-0.7578260168941404,-1.6248839414134744,-2.265934403170269,-1.9659814427183253,-0.9249357467652873
-7.664663294810173,-6.902577779697829,-6.282179153823459,-8.084904531939722,-9.10446357598012,-9.610234869114484,-9.680615122335192,-9.916498197728705,-10.353391257706525,-9.228164977412437,-8.212498367761055,-7.787930416380654,-6.563673218359766,-5.54820903737948,-4.6175353157195165,-4.036831397809819,-1.8279137592116093,0.5058289089242192,3.464472690035548,4.568391487197439,7.442773645719766,9.554059284330132,10.26597313094219,12.195131174618517,11.288979294004967,2.0769532409632045,3.920030389734186,4.912751325830278,1.811569677785687,0.7991515065761264,0.30921866253288516,-0.4229043901250532,-1.3759029350623941,-0.7763678490754344
-5.015497306656242,-4.488567344873147,-2.4210434283494586,-2.808893656051794,-2.694525061339864,-2.9848203577734798,-4.51092430241036,-7.5959807721122266,-10.437559608535965,-10.511387785772365,-10.052299584795366,-9.807510102933534,-8.904557090023674,-7.8193045829966055,-7.404404015311385,-5.044327476347623,-1.7717897414331658,-0.0009712856633947505,3.678568377931211,12.078213145890903,14.37215585695968,16.61606184136654,13.834662235733962,12.41649288002348,8.26322239880789,5.932245116508623,8.330471076206777,6.5256141207314675,5.934940801795797,2.169337590777399,-0.47241402202844845,0.16339563120862718,-0.33551433825399457,-0.6239579652777981
1.3890337624212994,1.682318475228157,4.9917215348922355,-0.5148193695936268,0.4473893371492898,0.3327483790466386,2.0772439332047554,1.6233889981254914,4.253487047559147,7.75435969395682,8.781401365002479,8.808989477013435,8.798715905599071,6.589198355775855,9.548703900186648,11.365340692889507,12.049260565437258,7.747058640765212,10.496313922100418,14.579944667724593,13.130303700167495,16.70137284288487,9.186415091294998,12.146720034887572,12.154081277010182,7.001206470427408,8.481839556341152,6.37449686573249,7.248620640071506,4.430315473815516,0.3589402685597286,0.8942547193050743,0.001993653342964932,-0.7391894985498189
6.046394090068087,6.448579439591845,6.3994486182655175,5.828264862741193,6.026710542519209,6.877908330325162,7.546617448592045,8.007041936078856,8.18701625455355,8.124421170642213,7.934043116054012,7.547862700980378,8.494406122028469,8.855874603258401,8.172504955520001,9.507183173324727,8.425755215598917,9.368060055606922,10.400516286374703,10.085486617778352,8.72421023050004,14.038745292085684,14.964394450113364,10.278279190088382,8.789054291969338,8.107975761622782,6.802925670758676,7.019471712418233,4.435218616412201,3.897654029903011,2.663796886149764,0.8177767888459981,-0.03238495053854962,-0.9604880895124338
4.54042975735503,4.754619062601904,4.682715073229038,4.799275011231943,4.955660188817223,5.743780799056603,5.932599303387478,6.273572756568222,6.389517350395799,6.069200179528422,6.252595348283975,7.573995162002502,6.589572760875383,5.7223439978644315,5.269278074377434,4.511499424245337,4.675121580904632,6.163596080089322,8.906581300968828,10.21850771103538,11.002165989821128,12.231539533071972,12.332743719152145,11.763662809004652,11.39019576729901,8.948156886191457,8.098876134352219,7.516795314297197,6.299610234734474,5.370054160220398,0.6274949134021346,0.8453963609733876,0.5023055392678548,-1.021364611971056
3.121912541262545,3.3138800107440765,3.4604666263545503,3.682876811779272,3.9375679744711984,4.296636258378446,4.678363014745494,4.4119701701421326,4.099566466261272,4.916422812198748,5.667866941997474,1.9294302381907749,3.7058010095983107,5.424440543343867,3.221533033656757,3.4375746216048406,0.5270148883305165,5.713713758095642,6.869421988756643,7.117386752023823,9.682175729619344,10.904046397265097,10.297487231208082,9.552622653354504,9.12613572683448,9.346082414986869,8.148677681012742,5.815496280455593,3.1001192002583675,1.1667884045518357,2.333526549599893,0.7521032523319973,1.0759297839331197,0.7205540962657456
2.539887635934552,2.4540682464197343,2.1973968210012833,2.6863157429042204,2.906398718318885,3.125104881553311,2.9716251143518986,2.6502447501676856,3.549448579645688,1.8545229497423852,0.995772140582482,0.5380114237110408,2.741366445039446,3.4787167753167716,2.94081933192316,2.7015128443375365,2.90338011725702,2.8458211183017954,3.322920576794427,4.784722789909653,4.628210988742312,3.9929952038169927,4.1611228541600385,5.9598156193971,7.8114166115795705,7.286365934014628,7.209954221167191,5.004297462884637,5.235069581574064,0.24414623310056185,1.3404640249067912,-0.9997718772214028,-0.8199322335060264,-1.030472325496778
1.2853219231116213,1.6947324323971846,1.7307341503010558,1.9505444346403804,2.0624612984849575,1.6675942825019414,1.6909935075167295,1.1644601423085392,-0.045067072743376416,-0.034893057809657506,1.0686830002317236,0.7326963644057292,3.578207420354158,2.4753909840655286,2.4304972327553402,3.533061097183767,2.84668550932546,3.146146538451815,3.6061025693420103,4.605688302691583,3.629497608376183,1.7980143322959008,4.23932855827759,2.360739351153688,3.5131929163185434,5.28872818983303,4.345394938707503,4.260918427542982,3.6848575437265296,2.0788115083151584,0.16819647557746045,-1.125377979285716,-1.2988626999569521,-1.2520271451516796
0.23409706946436237,0.6363686221816818,0.7630289285843825,1.0438431464426825,0.69840319352136,0.0067519883692506,0.8633641988372224,-0.15264832191408156,-1.1466886328218153,0.3412128041869585,1.4881982839645713,1.4360161077757663,0.9174804924980821,2.2453187449307905,2.9347036828115955,3.42950680992626,2.6676090225728357,3.282252556890968,4.64693354562288,3.1062466642807913,1.6591347515733648,2.597202922736681,0.5593265097603842,1.8446331951614912,1.5920538052852589,2.698683869507933,3.18327131486334,2.909839784481317,1.6361219850011364,0.4481996360915382,-0.6177085058309353,-1.1946595304867962,-1.50801358025967,-1.3047459621795419
-0.32020537496021567,-0.047517975791123074,-0.15741399341992124,-0.33031213224085026,0.3841941354102481,-0.275951393086772,-0.6681852797585306,-0.12738453185547982,0.4383132149665061,0.8485516852076332,1.7967777897926662,1.6387030114346268,1.7550050994806672,1.8466468837401737,2.180221625844305,1.8224340353943511,3.2772186623732393,2.7524179189183484,2.5939250510262424,2.4648104019759236,2.020673485690809,1.4559467384812348,2.6729486895940098,0.5011728845412261,1.495670112329576,1.7185820500481834,1.3823705825712094,1.9584568284144226,1.4468142067718741,-0.4805577362438101,-0.8293816525811838,-1.3834442534612004,-1.5516012385875046,-1.743109066400236
-0.49953987653641563,-0.43849896710850184,-0.3072653219612671,0.09418691367571944,-1.1801379886733,0.6098538385588221,0.10752303892141464,-0.30546320343846106,-0.7377911220692898,0.9318650941912491,1.1858772155147026,1.149155533414504,1.9755760416258088,2.427221860706759,2.3012268770017914,2.3883234301670773,2.3270983440654693,1.709859086435502,1.2579715612200797,1.3893027654496204,1.410240648067106,1.4349152105722893,1.391694992117518,1.5609966082211468,0.8489246398429287,0.4786132125349434,1.3119321800023451,1.3817426681419693,0.6550244344786448,-1.3654027819751822,-1.2870592965058165,-1.6984224540991126,-1.9365121438456325,-2.142346416897979
-1.1998316455799014,-0.6505651849685098,-0.46400764104252684,0.05158900115228674,0.6900455083872081,-0.9760345570855105,-0.5753134759593037,0.005469814961687581,0.06633632732591874,-0.578808771865212,-0.27527343336226473,0.8478363275859909,1.7392364902233173,1.8215104665481623,1.8366758070946312,2.0060670238451985,1.336779421707208,1.9956280971706533,0.9155155845771279,1.6578292178126757,1.458196769744854,0.04246780313026535,-0.4996608889972667,0.17334486753850398,0.30401189389837,0.26205321475502086,0.4706962551155059,0.462696830347551,-0.1142041302297635,-1.4905956473472797,-1.691839306540149,-2.108829816278962,-2.196511172077031,-2.2517534087607967
-1.7666208567037918,-0.9251690780958172,0.12466985206882003,0.2865030299975672,1.3414631040689085,0.26689339121236455,0.49720102684209067,-0.7039269015871145,-0.10040963238887662,-0.2794243938036357,0.2554492862182175,-0.6660753964809005,0.3453587185708727,0.6849879332380372,1.3086244337200617,0.4998859789124982,0.721058625499204,0.12541892723046097,0.047887991813464426,0.07795125047356692,0.989634333350803,1.8465177078497588,0.1723124042475856,-0.6616590780223145,0.648082713804062,0.12412675488962793,0.20708122951406654,0.015681051510580225,-1.15937423272868,-1.6922786004489394,-1.2972764393638259,-1.8773115840699022,-2.2054379565087063,-2.2300593925723753
-2.6304010748406568,-1.550386291652072,-0.43592266347096026,0.3773584870836097,-0.8789820963347675,-0.8186610869208104,-0.9621541973176883,0.30094345262004424,0.29843089172727894,-0.6243375579279985,-0.9907159940180458,-1.2958423476919767,-0.8935111650249729,-0.6440513633974676,0.5964215347543491,-0.5729966097832316,-0.5517141451048657,0.3096039932369581,-0.007949160266703042,-0.13181664982118763,-1.0793051908160118,-0.2649723248526949,0.3873772385859556,0.46225247438254696,0.5119925765479085,0.20350800594185425,-0.26717590129125984,-0.8519855210618029,-1.3317407405356334,-2.0526528335190495,-1.7909925546501582,-1.8755906823393047,-2.113182099136095,-2.589533938047889
-3.408576002156428,-2.7191381988788432,-1.5231605335509866,-1.155719321793308,-0.8297812287918408,-0.2617236701973171,-2.169955500670076,-1.3905950537940857,0.8058726081028674,-1.4416113632183716,-1.102846793044072,-2.1642633483777227,-0.3097114012403367,-0.47106082713421776,-0.04971075222989405,1.683086464927999,-1.42467614478941,-0.1695128068544976,-0.7693437592606354,-0.41272234087377724,0.46484725487213424,0.8280451434889887,2.1718069305872985,1.3541102516145447,-0.22342954118775651,-0.8903461542232383,-0.9080748034566909,-1.1484194041509292,-1.342778525273063,-2.2027232530082714,-1.7547456789599158,-1.2969350167107792,-0.2589884913633127,-0.21465798241112238
-3.993148253922301,-3.1351079716423396,-2.227275517165735,-1.3939371780205376,0.516750319084718,-0.9132109754831043,-2.2234311153200697,-0.958209930280446,-2.421166683584019,-1.7531943780686567,0.6568033456517643,-1.986272466761977,-1.019782063588742,-1.0311563739507397,-1.4209545126544438,-0.7381967337551194,1.7390874121468616,-1.1142946946319852,-2.3245784808623613,-1.8182195143434814,-1.2958996149142261,-0.05028071510748306,0.6644040145238091,1.1491282562976493,0.6260937198987733,-0.6961718096027367,-0.9524682940072502,-1.6392282028851408,-2.74955464691192,-1.8991755857191874,-1.4720703587504997,-1.340323878210011,-1.347857603685906,-0.1703864545307638
-4.639604663704466,-3.9304436670021823,-2.4549721352456877,-1.1246609449928553,-0.4860679031972541,-0.14738263342012406,-2.2985905681339833,-3.374130375887288,-3.54058809155296,-2.230784741892605,-3.0165293860629947,-1.7221843511657955,-2.7092922848486847,-2.771391740474566,1.552732621759851,-0.7334638881611519,-1.6963722514679282,-1.4605531510259269,-0.16638132252510665,-2.5025019764656737,-1.9875167583036095,-1.9607376748988647,-1.2457116583105885,-0.5396000060976184,-0.18596338649684854,-1.0242924452213575,0.05697622341125825,-0.9193937331223501,-2.07998110120257,-1.6471937588461085,-1.4284849368428745,-1.3114837343620225,-0.20918151985944403,0.81120286926337
-5.0951715315064945,-4.279791125055481,-3.0985211967026554,-1.5839662822967941,0.34352318673629734,2.289798208511185,-0.07961275651719509,-3.134702237079157,-2.909257260774524,-3.2256323806156155,-3.661404915210337,-2.686826760217045,1.2997702026671654,-4.169397473067088,-0.07728865422214937,-2.5994681976683327,-0.4961458446376679,-0.4231754115965274,-0.10160786963585845,-1.1588851747273192,-0.8782175129912754,-2.1496828148621163,-3.4421404514016083,-2.9445874072904092,-2.133288188680486,-1.0561396598301784,-0.6680684888291714,-0.1883499756312432,-0.2735139404799451,-0.5503707557677306,0.05502328341034143,1.001411118851746,2.323262123932656,3.111526558591365
-6.052691333064089,-5.24586626269318,-4.368342195637023,-2.761882577471612,-0.6049933576851829,1.1164211020640906,-0.5898265380197009,0.35105594515524385,-2.214821543924607,-2.324322231420843,-2.207207924025722,-1.8728137270955758,-1.584080544370776,-0.6253568917582505,0.9650190910250309,-1.2481111619106944,-1.1204942444817996,-1.183340739508647,-0.12360308995424252,0.29137194605425065,0.4263985134974469,1.0451973683160607,-2.041155864439616,-2.0549536241512634,-2.910645568751689,-2.160214901782341,0.471075955422854,0.21594712646746353,-0.3009814233396073,1.5365207567355392,3.2683959853562623,3.353243499964258,3.7524821604897496,3.4514858899068823
-6.527995657938996,-6.908764276521804,-5.676718891687857,-4.1618687225625095,-2.6151654620132754,-2.1933979490789257,-0.2818212355833178,-1.1705013761711354,-2.7932382633985595,-0.7477441798039226,-1.9189536209180262,-2.013322935161907,0.10110142950676848,-1.2409365900434561,1.0580906225745101,0.9418813297004126,0.005565573131896994,0.1902707171242922,0.9215166114705527,2.39355617841644,1.333105420224529,2.118774594967773,0.9909557281205084,3.1354171552464343,0.2408280857211345,0.71660280462524,1.3993351391751638,2.715872667651596,4.6447143437975384,5.559367256641962,6.00396115443536,5.993004563797631,5.532446283704863,4.332610373020516
-7.092119014306039,-6.805136266634619,-6.909579253912652,-5.1253796419900945,-4.419041158484556,-1.6879297167521412,-1.1254870188339403,0.21316204030544028,-3.8555848841916833,-0.9514224142744859,-0.12518871927934835,-1.2625929365964166,-0.7846544279998122,-0.7259447043448419,0.8143143309851191,1.5831205064554585,1.7167494015061793,2.1290684660521824,2.897444424632627,3.317378372415407,4.022960999973009,4.218394992088434,5.459665584741449,5.414948458862504,5.230185148680078,5.100634479651047,4.241295040156479,4.287142644662737,4.866230519848308,5.520345466011606,6.481918553780699,6.128481024774659,5.43720736017455,4.169138390828847
-7.543788052398375,-7.539186781065861,-7.113286413883467,-6.692229069084941,-5.4442909915672155,-4.361766663810375,-1.1544218448588346,-1.7806507370367748,-3.9108660961890926,-1.3340158424875557,-0.11644557615805833,0.7951849305885965,0.6789795777708431,2.1845726929852227,2.3745239975659143,1.2839884562417998,1.6309789755277218,2.169097307811104,2.6153725962542453,3.421937423740542,3.338702840090768,3.7758172343928336,4.507336778959384,6.294364506988264,7.09727931971315,6.429736549517444,6.899824107571736,6.617439309057609,6.126221089220509,5.68657018895178,6.013720538168031,5.372399906077333,4.901657851294,5.202276992124675
