script/wind250m.json
{"header": {"parameterCategory": 2, "parameterNumber": 2, "lo1": 3.000054539987559, "la1": 64.9999836372058, "dx": 0.5, "dy": 0.25, "nx": 34, "ny": 52, "refTime": "2026-02-22T10:00:00.000Z"}, "data":
[rows 0 to 24 of 52, columns 0 to 33 of 34]
-5.4668225435774405,-5.839447295803373,-5.691204755764343,-5.584089484272574,-5.401960218423812,-5.165919746615099,-4.642214022836819,-4.141158337698284,-3.775149661748175,-3.3233787322943784,-3.279014927894716,-2.8230340919333474,-2.622751544244139,-3.0926400080857857,-1.7968464478606894,-1.3158052997574399,2.2280207864841413,2.941958362283506,0.4388413046605493,0.9698299823399951,1.6641464303997864,1.6786661821621338,3.9828373181483148,3.2966213976137166,3.9466229683611402,2.635183540868423,4.5322364864741305,4.481071170408479,5.585377561671317,6.652562655165331,5.577671775948256,5.977434771542865,5.680824950731216,7.048753553241963
-5.451881341241483,-6.013434291561563,-6.242386513093379,-6.105055911573918,-5.592796600244162,-5.485126469869039,-5.433785173550546,-4.53659594543935,-4.199812957559823,-4.481099574094662,-4.3602874966788985,-3.526362150400571,-4.320488296214028,-2.1660319631000107,-0.1518695875373582,1.7803904048207118,1.482456105930663,-0.019792817229417562,0.06367143413355236,0.502185102286104,2.5064616093819607,2.294877586260216,3.1602153090163134,5.023733866632959,6.042908744495359,5.034891547531727,3.349516525347346,4.269886769216465,4.316973386486678,6.554838612129363,7.374863586641501,7.277538245687925,6.567390226237359,5.95243633602094
-5.92921654982102,-6.1231935604408925,-6.417364777678227,-6.55556471622743,-5.938466121307813,-5.3835104501946685,-4.910282006982919,-4.654024082677983,-5.0627859777293756,-5.634843359001416,-4.60174750475266,-3.658529092874015,-3.332135311370091,-0.7513381676818185,0.2785693598968283,-0.17491683844184372,-1.6474049331677505,0.3651120657399245,-0.3732514181387552,0.383808254705761,2.8232689697793614,3.2786168032860266,4.054388299416537,4.644113859915202,5.459487234577517,3.3686912892593046,4.375105525695696,4.117409696293358,3.9359100317694504,4.662350812616663,5.1290305027966845,6.071999222880147,6.688244372526592,5.961746049540864
-6.824795993717032,-6.715094202858382,-6.338814055584097,-5.917205191488839,-6.380346066274196,-6.299176981789308,-5.558962592294604,-4.848350719040206,-3.7448958767718397,-2.930202766965856,-2.3589129614325937,-2.3384310736053644,-2.8495922877400535,-2.1537276382954174,-1.065143965375987,-2.496089405576836,-0.9261852753449524,0.5023665713429718,0.7865544916231526,1.2044086379641923,2.05695804945605,2.179369168261281,4.627363838074363,5.180842135763777,7.284578308674453,5.97382553276771,4.707665983890657,3.7496671254106797,3.9143779443606497,4.601821508484809,3.4778818946302508,2.804989742155573,4.278649811757838,5.610908537236211
-7.017009723022877,-6.602860188872449,-6.48147808123907,-6.236133005016299,-5.914261924345494,-6.150430399163832,-5.593045524765419,-5.055582344832457,-4.672129920199028,-3.9090885494988923,-3.4361275314334354,-3.0206761142758887,-1.889272458883601,-1.7361049130969461,-2.721301340744554,-2.222430508380173,-0.5419167456647273,0.4630747577161592,-0.19538757560388245,0.10323302518168889,1.23175132494905,3.211144386421207,2.938336101794049,3.20861624935646,4.1706898499383245,5.276633377980273,4.3075595998366305,4.213851348601093,3.7322928697594504,4.272453762247843,4.345409202501842,2.352686159760016,4.620644379130376,4.522474920463877
-7.040890622671532,-7.377331436687945,-7.4132335739187445,-7.263976748009685,-7.207112716258651,-7.063937125466326,-7.3018002576166605,-6.5280516355061735,-6.182155889237808,-5.249199381938782,-4.728245901598658,-4.855862480935903,-3.936276745162103,-4.298780388660221,-2.406304096947759,-1.8266244459730967,0.7475166260470834,1.743461672529366e-05,-0.19357046615210188,0.6776750903133277,1.1131336582443587,2.0674187126435966,0.9799011469392707,3.800211418886355,3.660700936905275,3.401284009283238,4.591576160495143,4.077561436672444,4.352730708042076,3.616671795392326,2.5883451663189287,3.299169507026141,3.539999692374738,4.451184211635207
-6.6770200714768375,-7.321655697647546,-7.488782524733252,-8.397535193196731,-8.804018106267284,-8.819613780584458,-8.710323545268784,-8.895128670008509,-8.188407536256904,-7.7128991695781695,-6.104712231446968,-6.015487043740275,-3.112025757876059,-4.716107222541449,-1.7126409358026669,-0.333716791554466,-1.5714511098602266,-0.3494396531891096,0.10142890027806725,1.1524022315781453,2.1341259667290147,3.703897570171575,2.705940857110703,2.2611236451379075,2.752569358368981,3.7276908651384635,3.743978220067842,5.128736135811603,4.446811270997432,4.025830153516915,2.8323417862388567,2.581691391546518,2.5313680263385576,2.8195754210260735
-7.210710620482052,-7.4633214021513545,-7.27171733606163,-8.433402338769826,-8.999687958278681,-9.650442707729662,-10.047284085877779,-9.815188961853673,-8.99433888730705,-7.503206711703448,-6.475205058978954,-4.463415563651002,-3.3674283365374804,-3.860090180828674,-2.6626741628832553,-1.2730869035552104,-2.030470134314614,-1.4449881360262307,-0.2208084617736537,0.3366646923795373,3.2113140054144487,4.467274729672409,4.990536184993725,3.374511345326521,3.9038145480004003,1.754225220526193,3.0124238281346156,4.309847652277097,4.076219511015103,2.883698014893136,2.099375146524396,3.6002287885608832,0.07672900028627169,1.1920429941729858
-7.448243816848163,-7.359274873732378,-7.3753075335546745,-7.565763941719271,-7.763241890666312,-8.005593552096698,-7.195498998481305,-6.8279699549653365,-6.982629420176515,-7.210000106873616,-5.212563390969908,-3.4526160011862506,-4.576291558940792,-4.017635439851806,-3.428277489139363,-2.787858965837598,-3.028227489659579,-1.9335650632528045,-0.44744373429645473,-0.6149542261171197,-0.5821221716781134,-0.37144767113128463,2.465829782296123,4.740602593379095,4.530450230690306,4.102935010593838,3.7098539770478736,5.508515294599661,3.043659543035293,5.891111910211167,3.7599858054214117,1.995226109528398,0.9787003069909175,0.6979955055293149
-7.186997527627675,-7.022944174195927,-6.42974485026939,-5.53275440423123,-5.023007462659098,-4.613663824092796,-4.054293232588976,-3.9954124220477993,-2.2199417070116767,-2.9057016163239013,-3.8992711609889765,-1.8094409352251584,-3.6134813080388293,-1.2687264716551698,-2.3706884355352598,-0.7082815401099944,-0.3853441233476086,-1.2864396092940913,-0.5285421614146864,-0.6748385201316733,-0.25021568402335453,2.3082835381032765,3.0567535364716827,2.837286127835946,4.1142220982448245,3.493015849463724,3.3644088239287897,2.5758466113331604,2.7517092704590373,3.260380593566041,4.5281672597529985,0.7876115396178058,1.8236549774423194,2.028404851248117
-6.291937885721481,-5.530664903106708,-3.52158377345044,-2.338124010737232,-2.1286410326860867,-1.8093357438680813,-0.7203979075924902,-0.9565102787089055,1.6527873030398943,-1.211883616602549,0.2470038997403767,-6.303833038713996,-2.443147555105299,-0.11616141174208375,0.5218078318013855,-1.4237919745314382,1.5487340052020733,-1.2477081158417873,-0.7102705425668322,0.32744878195548693,-0.21559715857336065,2.778217493491137,0.3391269702180939,3.3013402078655747,3.217170995739001,1.9635604992910618,4.6674148594066205,3.9802673737805327,4.159782665278305,3.2855081817663976,2.27412403840758,0.8887503994518258,2.8222012096197626,2.7191967257265652
-6.8320871089007875,-4.7592514697450055,-2.799668495241454,-1.5422362775983038,0.4122046660428128,0.23310770724390215,-0.8857480261771874,-1.7602408008312536,-0.23233934374649498,-2.7798075344491773,-2.081923214593324,-2.8808313475844067,-4.714190261859654,-0.6407623961138378,-1.069062937637916,0.24209151715010563,-0.8016323860574459,-0.22264038141795015,-0.8992954353124255,0.04881445977549836,-0.14747752771079375,-1.0140078333021743,2.666906276570901,1.7097141201001074,3.058227728510516,2.6921813973922366,4.045973176669793,3.7422762266125513,3.458897111038137,4.126297186911189,2.106891317469635,3.59205737163177,3.96973843243391,4.006422054101228
-7.353990366234626,-5.623586052512526,-3.4711049093305,-2.232392263880453,-0.33903975889699145,-0.5966807535680411,-0.08862567116946192,-0.9221771966487273,-3.2206334217948243,-3.62896159070212,-2.297699778173182,-3.4831015512788506,-1.6043614207585988,-0.21761429987993297,-1.2060777755193104,0.8315845382095057,0.223890035282453,0.11702098653407937,-0.802260209140178,-0.9940604082572861,-0.4507146382414933,0.6833715736171175,0.518930339642749,3.2030661559625604,2.653335352336465,4.010826341737163,4.111885603948924,2.4280307678952813,3.8883192405781535,3.6899733793529697,3.3304049631261816,3.0334395060193473,3.715800641279777,4.258721486040276
-7.892271934455609,-6.348377067331852,-4.45997136241541,-3.3918129371212267,-2.282910577418289,-2.126625705546388,0.8355295581443968,-1.2699788701364183,-6.6460776201647676,-1.1078532092915059,0.5134614393232704,3.868213649084975,-0.9217458459515383,-3.2953125511829073,0.3046276768853673,-0.23762381094991594,-0.29527296459012475,1.337203440612887,-0.20033728750481322,-1.5859525640259209,1.625103605136642,-1.0617847336024293,0.3370215968706417,1.5257515743759562,4.713196538544183,2.8513960545033212,3.9980293094972894,4.306745339150201,5.851209796776882,3.7465162459346293,4.231000636790105,3.1988696254218243,3.8566798786046737,3.946907488863857
-8.430240175716282,-7.239979490549191,-5.613300270270323,-3.6255553601565773,-1.998612891594804,-4.2954348351396385,-1.9962153170176165,-5.832465482587448,-2.06126160935221,-1.9961592993457664,-3.24579261450392,1.1359349800711596,1.4583601357267544,1.047173985040443,-0.4835934660652072,0.7826807023270025,0.24973205723570924,0.0665401302272925,-0.19795995787348178,-0.5053629588821472,1.5653295171365482,0.45135753939064516,-0.7238924102916896,0.8565073849605167,2.475981534048785,3.7357504433103466,2.7815508832979963,5.062593624765312,2.987852329869871,3.861205749049889,3.4360150341621183,2.855519677416149,3.668388246351814,3.876352578629841
-9.450876199460382,-7.678679969428964,-6.280518770856847,-5.097650760746129,-4.280333585116291,-6.030884583224488,-6.855956535161889,0.8751564016776413,-3.2702236224077383,-3.874330758894421,-6.0787223278162,-0.8005186536575565,-1.0768038279126892,0.3318467222941455,-1.0463065809303154,0.9416920065375526,-0.169348295790632,0.0800300406044386,-0.1820742130122245,0.6272420488493043,-0.3589524421540396,1.1623653025599339,-0.21717812366171146,-0.27361204413838425,1.1763345077749303,1.6683496498989403,3.506377911089654,6.707477405130383,5.1435079102855905,3.7754225288388783,3.9773213084860775,3.5548266453578057,4.624500028482343,4.186755345741314
-10.091646289574442,-8.70805948437083,-8.000753894772648,-5.186864975418974,-5.511733807536954,-7.5408240062045815,-4.352223257240822,-5.244273902813133,-5.424223339680518,-2.967731577591302,-2.668841341653936,2.2789619045492078,-0.332478310238259,-2.2958640144927545,-0.23408888404407183,-0.49428139949610417,1.1299276021921718,0.1451986485291388,0.2715080363886941,-0.3006340301935808,-0.5314463737371496,-0.009839523982520389,-0.3349377093813958,0.6866191252882158,0.7441199121008512,1.7202939610578314,2.3443791719537206,2.8312497047004506,4.9508685850567,2.720538767515372,3.6177561055958516,4.115121159863666,4.569979774053069,4.938033777412998
-8.172286459614273,-8.763010138546774,-8.969674985285534,-7.338120241311246,-4.904388409317525,-7.078672895953505,-7.427539221435115,-2.6885884015618293,-2.754519901424947,-3.6781669792287226,-4.049710832539963,0.11824432560516744,-1.908776202668231,-1.2626888868362542,-1.203902257462828,-0.03491241219171856,0.6955669044323076,1.7835973991626484,-0.20479793578988223,-0.4115822260339926,-2.056161978201257,-0.145929435935018,-0.6320521964826957,-1.3359112150094798,1.584810884387976,1.7639126155825544,2.0744532381644003,2.27088373190371,3.73457200534794,2.3696983908554756,3.7721937948825537,5.241444877553354,4.621589271359664,5.417407034142453
-7.501037690743973,-8.686254784486612,-10.611640971176236,-8.00110404309852,-6.514602811637499,-4.787335879253954,-4.900016653769793,-7.301335297611194,-9.909284903258088,-2.475732151234192,-1.584865777454643,-2.3111691417118263,-0.07975243669357195,-0.3000040586108896,-1.2411156492279067,-0.19027781736114438,-0.10766797497630838,0.053248396551016625,0.0118069684037201,-1.3911986625095023,-1.1886487726853592,-3.3044466837564195,-1.5002305742214255,-1.3202597488166612,1.5849623113125515,2.1664652780379203,2.0597377081404966,2.0794166971611285,2.3393092597751073,3.749054516011595,4.4506223088234735,4.904165716810262,6.165514446182133,5.372363723635547
-7.3810750787428905,-8.633668148476477,-9.258067279932906,-8.543364880671858,-6.672490662473078,-4.974605029818749,-2.0552193945547996,-1.074944467645272,-0.8719419975732307,-1.940275753831763,-2.2419767669640773,-1.2504215670990089,-2.1012785781497865,2.0664853777944012,0.5958287721561782,0.7616583464391476,-0.7324609791729718,-1.1017452355972055,-0.3926729258961275,-2.422778823571998,-0.5354155697984039,-1.1227127578464184,-2.9117909936076565,-1.2172575400935652,1.5188626733798296,1.6309627264743307,2.5133472316468577,1.762434263973082,4.216825441853105,3.2100657729329978,4.440403253278941,4.501172578154224,6.585882300533751,5.071573224749321
-7.5014668747358755,-8.836311537342416,-9.271111670402957,-8.040199407370244,-6.643216203049963,-6.843297136373874,-3.6076305649537934,-1.4546335623072646,1.4460075155246501,-3.021929827562742,-2.26568673552119,-1.6024602227143834,0.3717864237533147,-1.1262692306324134,0.21178959852087484,-1.416951088139333,-2.2077809239978263,-2.272487930361628,-1.957165279078701,-2.0216135138971665,-2.673197728509434,-0.890372099320378,-2.267252320824242,-3.0497823699075597,-0.7169572215071813,0.29050022834753597,1.8244176678450716,1.6455433790399598,2.755023253663622,3.234658296393349,4.058924588214895,4.633182748861616,5.879128555521526,5.6478100999098775
-3.5971004305531853,-8.134495648787656,-9.191692099788298,-9.293063804732544,-5.777040637270162,-6.220332291913984,-8.194820723949169,-9.182593290862641,-7.869604341687663,-5.194362377952486,-0.7630029922557484,-1.6045107859856513,-0.4659000251920825,-1.7738005485249206,-3.1503100582037096,-1.9250587129741576,-3.070897800314028,-2.519500863945506,-3.7369816369722395,-1.6093973577625618,-3.765422345139584,-2.9479088022300246,-2.7416993353985,-1.727456158665395,-1.1919320046482,-0.26984032309363354,0.2820382604341128,1.6704008595339295,2.260979547814211,2.891400728400969,4.0303174413226746,5.412879034252182,5.136200986987719,6.04796623717932
-0.2750994848590341,-5.979375323981892,-8.700156426549293,-9.321224534451877,-7.775480650089289,-7.419084604190431,-10.430977666299523,-8.211329116444837,-7.512080383450922,-9.73724014371803,-3.021691661874228,-3.4836356906299533,-2.0629016667263027,-1.6252770051908392,-3.0491117743506626,-2.057933345835132,-3.0002673981632966,-3.578987909981445,-3.987638114053757,-3.4812261748708617,-3.1172733792476595,-4.131276650600473,-3.2433717094596153,-1.677544854684809,-1.3273205223102151,-1.4588800463315545,-0.3179363978656961,1.3065031792292598,1.9242448111942876,1.3300907707152092,2.336972686256853,5.074074430845833,3.769233022115027,4.729948777913414
6.112426064666001,-0.5087948827228939,-6.148217846251465,-9.314714955576852,-7.390717518386717,-5.704634098962908,-5.910232951429842,-13.843350305593752,-9.87689992515237,-6.468277501049795,-2.1905721180473834,-0.0783529066881322,-1.472335007613855,-3.5520162483145197,-4.33670456136371,-3.0191703821558793,-3.3976826405706224,-4.465546784502951,-4.344531866442889,-3.7897854904402943,-3.0956466820227986,-3.421567657611621,-3.9519456992854134,-2.558062393605947,-1.74215736135113,-0.9899413600674938,-0.3072298672667414,0.6722080300625153,2.288066085086059,2.87066481949859,2.936331654959587,4.518508884759547,4.25291441984525,6.300165711948964
8.046153959711697,6.969192842343257,-5.6647637439072875,-9.4896062921702,-10.608440010017073,-7.112312708664016,-7.470016176173009,-12.775032916385735,-11.655467142183559,-4.373809064694684,-6.384017869750547,-3.590620602467682,-3.479789904039188,-3.2331611254140507,-3.0369943439354223,-2.392090604045842,-1.9070202213473428,-4.690243289158481,-4.758861632338483,-4.521983838424491,-4.74061658683064,-3.234864749569867,-2.2644446949661527,-1.3684335812119808,-2.0796619629003037,-1.235037906760321,-0.27229618863455074,0.46098577947241215,1.880192165863217,2.055160217532946,4.093436733761386,4.546800120535077,3.8084606635940803,5.326266104923135
