script/wind100m.json
{"header": {"parameterCategory": 2, "parameterNumber": 2, "lo1": 3.000054539987559, "la1": 64.9999836372058, "dx": 0.5, "dy": 0.25, "nx": 34, "ny": 52, "refTime": "2026-02-18T12:00:00.000Z"}, "data":
[rows 0 to 23 of 52, columns 0 to 33 of 34]
13.815233041234693,13.341291253883673,12.848671177644544,12.405449342719907,12.169860255663366,12.209307901012256,11.94309412292219,11.601682868962275,10.727677069013609,10.007291292028745,10.63847467299944,2.1844984949343953,7.178089834269998,3.9218525244308933,6.364082046793699,7.296415245771672,1.8540625863490388,-1.4795074802676706,-1.0042567234917015,1.4928856072137544,0.8370431790737274,0.03727132647596016,-0.9464989926497285,3.098775302712819,6.80389385530517,4.917279844567581,0.6505048192336735,3.6061564788034692,2.857620265958038,1.46174351602467,0.5178056173545085,-0.2507757190672639,1.2336975678488489,1.88883806654029
13.100329958135424,12.843019056621168,12.480374190290433,11.928369164251825,11.856656353011859,12.02165342985647,11.201636453501392,11.661851966651847,11.107467672958544,11.590664135696793,12.036623048198416,7.988125568957496,0.6811628851938646,9.290548929412854,9.856432290308879,8.327440191439633,3.228176299807215,0.08165755533979956,2.737452959266224,6.2379699244859514,1.0060989819205057,1.6722111925805148,-0.3980481418422979,5.9256361935592174,0.15658908906168986,-0.2657958868478114,3.395158215008381,-0.6499336115468254,2.0466200639416896,4.992218090262252,1.6356677397834547,0.5414943084537199,0.1579701455589797,2.2321598322105567
12.606042339518734,12.430402139888985,12.043123797584988,11.648012635194027,11.768601122038536,11.285216234329031,11.800334990479875,10.409277141595103,11.882248017171584,8.659999643544547,9.874417892740444,9.455116165674243,4.223872300443787,9.419251562658383,9.052722936011165,7.745103921269165,3.615379544956765,-0.539867725731714,0.2431762351412101,-0.29044412397697505,3.712903500003508,1.3569649729466553,1.2931793765707227,3.0278469001772916,2.711917207832439,-0.575839295108084,-0.7309151464963606,3.094605602184365,2.362173671266925,2.132792018787011,3.9970010078804203,1.7699906714208902,1.177031309408666,0.7954906220642067
11.693158988021679,11.799260583811314,11.157395942514732,11.242312403511947,11.49795432615136,11.232877186896957,10.468141350691523,10.299995679617599,10.835495652044363,11.885372983081687,7.848004660421395,6.329466746206648,7.421933361985289,9.06629318559048,8.005677113527812,4.472226498712649,1.0403410847564785,0.07771533524360025,1.809887951015494,1.0140107133862588,3.6864400092032086,5.243713064968217,3.589934657596491,2.6527833848512867,-0.8248257152592139,-0.6752840772371402,1.6626567287213483,0.7773301418866063,1.372390774551724,1.3620435991619533,1.3420003053315763,3.8440672815464647,1.1758030031051032,0.7139288382307141
10.082225181483823,10.28362159475083,10.4357145380699,10.4324970543901,10.901103981972936,11.27040000644272,8.956935749954994,9.22345792335674,9.110354653167095,7.768191947834827,8.91509500190971,11.228316689269855,8.754938441583414,9.11374567129078,2.439698947655919,2.5886511644149404,3.2079195907333107,1.460266404234344,0.6879081209088036,7.917508849259365,3.234001202792367,7.725430621099314,-1.0399272181755193,0.9894820512178256,1.3803791593062607,0.39954152039022167,0.77724333670659,-0.7763731472267935,2.226174661050398,0.62601757062036,0.04601177385982379,1.6960557644773453,1.4025199746275507,1.2893561190849372
9.862301849945025,11.844267977084801,10.270309728850977,10.8805032965113,10.498367377793189,14.440003276600287,10.659404057781567,11.853345805894094,11.366012109827238,8.28876829186383,10.801202563978453,8.5160020694001,7.398753478670945,7.662616854505721,2.0334347486503686,1.7367006796930433,3.746081469130852,1.53098326316409,2.9825735584070623,0.20167616914944003,0.47236550987342724,4.365289569662436,4.501273184788048,0.84225230924152,2.2214436200593073,1.254194828295265,0.16239244706593517,0.1743898863192894,-0.60941096598948,0.10255823182571731,0.39016833471258844,-1.1694153462287868,-0.30451677716306225,1.8656508073438116
9.538653828088124,9.521049250663356,10.14489854349065,10.033452376375319,10.58144093732602,12.446601943024923,10.341727070121863,12.173173255788482,10.540959415470244,9.159389054035067,8.745974696459124,8.126135950264668,6.187016978583233,4.911060482500009,-0.4104747232087968,2.803071405413888,0.7721633620031285,2.742073033849831,3.887681275549401,2.276341878002002,4.333643006182675,0.3951111437101803,0.9169131841313054,1.0955401131836076,2.6584849847946908,0.7441622374070088,1.406298896914107,-0.7060399470265325,0.21427555439589593,-0.9059314532800312,-1.4603919627098287,-0.13969684489570042,1.2599528884324835,1.1484194657049502
10.417500710120882,10.144865902765577,10.47625903157286,10.193503443968345,8.21869453697959,8.012874316878204,12.336620217924516,10.592171673884856,9.253406153381057,9.301724766082488,6.534653661800429,2.331883128581487,3.505274177390129,8.596824119416317,4.115323256535543,1.3666087126479887,0.01716454519698257,1.996585157490208,4.24473529407398,0.9487376331728129,2.8948784129473526,1.221120030690447,-2.0864420618171375,0.5368235423707061,0.7816877863819036,1.5583183867959383,1.3405696631635449,0.5390391136867352,-1.5962916672730754,-1.4002349645778192,-0.47870704041093537,-0.2894830701626249,2.7998297694112,3.6150864100544635
9.013659857863674,9.066990611137577,9.174094023039768,9.302693395547777,9.329874481203976,7.219866491266142,9.260055006028763,8.404681752451292,4.872132808576418,4.99806127915391,3.9397314039417357,3.3436091428270465,4.840278991174576,4.696173621704718,5.123009785537706,-1.6093465890240422,-1.1763767353587502,2.0243626508220767,1.4099850938564382,2.0470503251455208,2.521186109998821,0.5205468871720356,0.310875022154692,-0.07122464487280722,0.8582305131493494,1.105304771473914,0.40956380214533594,0.12911630821048117,-0.44486415932215734,-1.1648478418780874,-0.8175691921486165,2.282405766248859,4.067895939618363,3.791526269261672
7.227866356489079,7.31605600335926,7.856389215547493,8.649436788175768,6.518315092090337,7.844778251765134,7.540254657211911,3.9834681696947043,2.5421520044031793,4.375709775059886,2.2686862609403344,0.2586490796958197,4.503613753702145,3.9898221732583012,-1.6427374301224782,1.9755256586177357,2.7090840698648906,1.1222629539683877,1.4809204159369227,2.722521509806674,1.7730109511395453,0.19234124765860983,2.364272228991129,1.0819744284951156,1.0757494821567166,1.1327957454764406,1.0476981102435878,1.221159139891965,-0.08605460970754905,-0.14217349045956407,1.2596755847838912,3.9974447354515688,3.9779815104590224,4.140778174059576
5.930699572902823,5.6278131116887895,5.782812454151959,6.2907157667762235,6.116476638501017,5.932450706070266,1.3171459700370536,3.5810397073106337,4.412040618310537,1.2354263549196454,6.293182624025063,-2.6462429241998024,4.070475349375629,7.2781767487160955,5.09358993988082,0.9001476672762935,0.8452020979646326,0.6333931681894298,0.6727247474169797,0.42279371135732424,0.5171140331136517,1.20818883792482,-0.05177541068332905,0.78112606492998,0.8614327175078124,1.0053049625756776,0.01773737813029173,1.5105590926927812,-0.39091629812709416,0.06751345015913784,3.5166105841202753,3.9592387940699316,4.0890390966759025,3.6505892177888475
7.816014464522012,5.649104027927449,4.5376331541749115,4.725970304900914,4.940439860238295,2.137868702064439,-0.11628491293015077,-1.3935779589506692,-1.9104207878633241,2.2786341725762242,3.51331350707571,6.007980635345839,2.133484500761947,1.9386887639462518,2.246557471341994,1.4755843015822456,1.2640275443644187,3.2710684302240614,0.9446775649855902,0.868324382417747,1.4174032005651458,0.5645441875271051,0.984250789613892,-0.24418241127000104,-0.048535556044073565,-0.49132625178193134,0.3592191840259406,1.8838065376027184,2.00302427701866,1.1361040364036852,3.857176538865723,4.141039010838771,3.767303391181001,3.0152054149484577
7.251547546691203,7.412155298356542,5.6502045227271775,5.052269677546231,5.197236211998189,0.6829714483271276,0.5039772924528299,1.2061169992926646,0.1868763102815932,6.3193743759799474,5.294643742414232,6.406940456845191,2.2889597753019197,4.914969516011762,4.20827746005948,8.431921793384847,3.7799608632587236,4.551830000273848,3.448299952423593,0.7157807506481085,0.3678461592756997,1.5123044258485225,0.7458247817111201,2.2576596956113253,0.28502648402603,-0.32254381893728096,0.22899533697556373,0.8770066411761321,0.3114492583229602,2.452186668203311,3.809071484073614,3.9182237033785428,2.912532743417832,2.1892837973705754
4.464836938414257,4.87427468908634,5.619967854362257,4.80166068126665,2.9525234871819195,6.071014402807513,5.877421058009096,0.050344048609968495,0.6081268930386832,3.37888008315762,5.374678292482269,6.545821260812988,1.1491062035429522,0.33182816965701983,4.130502285373567,2.0213492525056,-0.186851644567891,2.0747686431298957,2.3482779889741265,1.410037262376186,0.7291088828803111,1.9510892119282846,1.7963900249378948,1.914917174944314,-0.07582967936023853,2.209578415347488,1.589678835775134,2.4546063919501284,0.8378212429998032,2.395955405722407,3.767579813306739,3.5231656684514046,2.278974812519135,1.1849232664379605
3.3933556436674923,2.3641877206138466,3.7073955641411005,4.737140040405762,5.168960820041372,0.9990818190058677,-0.05923740328303745,4.3960923475180795,0.9788884455713923,1.900737815695032,2.415620541382316,6.9850239611688725,6.083244349528156,1.0779546031164722,1.8017683934022948,4.796185375134142,-0.3608856797133043,2.091139057183105,1.7739355272098145,0.07180146056179477,0.5570244647542557,1.2961470080206634,1.504029740940931,2.464564523885832,0.1616583124795879,1.399236793101382,0.5803881868481084,1.938736644024582,1.5915348670089786,3.1100125432440575,3.6792615034990352,2.7698540402844682,1.7527598687867307,0.18069604080614837
3.634138338096296,0.9549298462886064,2.2441394243057067,1.8087742451668634,1.0418107678946456,2.706207027956354,1.771866783264361,-0.3176494651221293,-1.7966797827940069,2.8108689784760488,4.73098809608872,7.888086943013188,3.4772139738769035,2.4692620923783073,0.679367889005239,0.4959987001724727,3.548853303111736,0.28655737721079294,1.148291274238476,0.5664065358029082,3.09705127004451,0.9648057151375086,-0.20357066178421593,2.176585869477068,1.19146674734173,1.46930247794769,4.029480064619944,1.5909519567917696,1.4487026170035164,3.1670564192185915,3.272449404162986,3.4048965290455304,0.7444791913283685,-0.7794077146211799
5.810331537328591,-0.8006721074121073,0.5609149321301963,0.4979919132448466,-1.0108159739005351,1.4411156973436117,5.285840285778192,3.029446327284897,-2.7347733290416563,3.2034586535148883,6.9276741675292515,11.009444544389723,0.7931633431641999,0.6568653394301056,0.8769202194273311,-0.24016909351118684,1.292275657642844,-0.2051305277671104,1.161443640746742,0.7201913234825449,2.278723543293901,3.9431650286485547,1.537463142587483,1.0726463220983673,1.594805961976011,1.371396829842042,2.692580132948195,3.0317092699456354,1.9576274475041304,3.150027955998401,3.248303164181932,2.6908599526557873,-0.37891855864544227,-1.6587186163899408
6.388243181936507,5.728350402082873,-3.7306071610236793,-0.3825667634385906,-0.5742495147424511,2.348746333948011,3.4357026847304515,0.9643695690901104,6.55819049390565,7.449575426360636,4.856985282163535,3.942162128825145,0.606757400170004,0.5936939642148993,2.021906176389226,1.8048040848929925,-0.004956649512454298,0.8672815097458405,1.3465149232966969,1.4660035414395813,2.1819118867967853,2.281520951261034,3.630554080733437,2.5506130306706676,0.24597823140961608,-0.21534891580447227,1.2258002761379463,1.7622139789164994,2.3243423494819098,2.6561176850649835,3.7756399676282135,0.7816949473949236,-1.2286537379867848,-2.4681345466420903
5.6313679812003725,5.526853180628743,2.876843793896756,2.9820595041521654,-1.5380346002432714,0.010630951657218704,5.783878913101487,3.7360050023653315,2.7168116124537267,9.252661975010877,4.754282608200973,2.043034322057364,4.362917734329816,1.4500198992424573,-0.4060440528884878,1.2772926629937795,0.17508352833252602,0.23945597698789278,-0.6108456473491793,0.8157929964942225,0.6955319956367815,3.9711670582717447,3.0500917778236887,1.7324284751371677,1.4867318179997,0.7571436345514554,1.8114507110420244,1.684498064720583,1.2467104964936508,1.1819712126259294,1.6102952178237386,-1.6020003684064619,-2.338132277887687,-2.158609648145352
5.14808679286558,4.324028087766802,0.777531915025089,1.1291531743024903,-0.1974831016284966,1.2696986769209189,-0.488876634347481,8.199049411889558,8.052427841981082,6.936045022511079,6.852473307861916,7.998813749059546,0.455324092721516,4.660912387107209,0.39956534307206654,1.4928934256237076,-0.12867024196945598,0.33607388281727163,0.07145859779576584,1.4611441962270009,0.5321353428636854,1.0052114726871433,2.585213717779746,2.12467963915827,0.6739968227850864,1.5656114848954001,1.4495123219897523,1.14097440858887,0.3876949867222748,0.5426028876903594,0.4761352662217287,-1.9901888094622888,-3.522551943469883,-2.847632883199125
6.273917584688151,4.475263249575447,3.105329812339778,-0.8956323466825934,-0.5727757672608789,1.8530771362808272,0.749599796029517,-0.9869606379999675,6.0737875501883165,6.904130912269308,6.501441175225748,7.568582854899926,3.8433016847806876,-0.5791723023158502,-0.3843361720459115,0.5863839926008705,0.3916632970669265,0.4740860962429248,0.42046172652539043,1.3385499601433823,0.3600312281787536,0.34410813229169823,1.6392557764982716,1.7089333750375835,2.2657198682339987,2.145607919671594,0.6360416379860278,0.24603308673384525,0.5432501658229925,-0.21701415316014247,0.09226970061982447,-2.1656179199296384,-5.377669288042973,-5.471968254686702
6.361168690179753,6.286218167473889,3.619097044848833,1.691142685567234,-0.989475180202595,0.8875967988260082,3.392797735064171,3.598112331091744,8.33770501347863,0.2159417531388432,7.768548511166715,8.93681853754062,-1.3660198065862472,1.3575966717206251,-1.8633765956329664,-0.24650191829578216,0.025028199292703508,0.9650266327062227,1.608138428657926,0.5570847827568532,1.1458638591980612,1.1366347592845478,1.8019002781809565,0.685522295311444,1.3642021083328928,1.5546286544749084,-0.0076120368583346195,-0.12539470179468376,-1.622596554675376,-0.7427161352607582,-1.235288202209339,-1.7923096504640348,-3.3457114916692268,-5.016289525749891
7.121481646433644,5.783640223421348,5.243543257505238,1.8298851601840314,-3.3873250888336837,0.07223124103024865,0.8439860436816203,4.611979303613284,11.255277924552024,6.892291533980085,-0.9937270750204688,4.181888920371723,2.8482840496069137,2.3851374434982366,0.30745961444330466,-0.466170549351595,1.0685486517287464,1.7407499532514623,1.4473691590713602,0.738686974191963,1.0728293457998082,1.5037649366724661,1.5690971400272058,1.3468366184479235,0.7394667082112892,0.8596588786754142,0.5979523691589967,0.2183610322018616,-0.7904229235758073,-0.9361271263906636,-1.5944719572211883,-2.768580352917295,-4.186150753152503,-6.15597199861577
5.7602049348167155,4.227273538280211,5.6952284561050615,1.5804264474038732,2.082465012619559,0.06914337938837238,0.8586158235328635,4.441738587607315,10.350750986295347,2.077829228167704,-1.334536377192898,-0.2452168996645052,1.4745918897623365,0.564685497263479,0.9955051053350453,0.4583552153810476,0.3547071230306099,2.4997181947587315,1.0434654845127753,1.7880498712355155,0.8574417426409131,1.8079213900461348,1.5644554569358982,1.8807308799700055,0.5658800887316431,1.0076390411914855,0.8933499712551148,0.14326096280216508,-1.0294036242976703,-0.4786844435840818,-1.615479941028962,-3.372969726812955,-5.019551141304726,-6.119458433629287
