script/wind10m.json
{"header": {"parameterCategory": 2, "parameterNumber": 3, "lo1": 3.000054539987559, "la1": 64.9999836372058, "dx": 0.5, "dy": 0.25, "nx": 34, "ny": 52, "refTime": "2025-11-08T02:00:00.000Z"}, "data":
[rows 0 to 23 of 52, columns 0 to 33 of 34]
-3.2315546865965734,-3.6538914116835546,-3.7149214345191433,-3.068559147746759,-2.6987179557703924,-2.578477623740244,-1.7610786576091682,-1.7378071829513115,-2.3622406691101796,-3.1391334810235816,-2.515282890367403,-1.2201523333986757,-0.18918628006936422,2.190618473924501,4.841049910053501,5.938162629391792,2.7460467300817335,3.9558602836931347,3.430273612774838,8.593510947877213,2.779934283329779,0.6031822229646093,0.7809568096570451,2.8577218977375565,1.1918973061426206,-1.190718255500028,0.04618271829636933,0.5686453737251631,0.21704046380039574,0.35617868134747194,-0.9662726738713929,-0.5463118476682918,-0.7727077254962895,-0.15011766150361266
-4.173118762549819,-3.172666385855494,-2.7942533080928724,-2.1014620018836943,-1.2684296967432218,-0.2697587151064907,-0.44698385611630737,-0.8880364075118711,-1.7392335108747505,-1.5943412162310737,-0.5783446448323963,0.5880910061924719,1.5593910976434695,2.1120405877680977,3.9322268239346734,4.559871629607811,4.599603491240278,1.501540494734906,5.647730428845886,-0.380264625740721,2.7688254687615403,1.4075509948488611,-0.1838526774675468,2.3993342678289675,-0.524038732316118,0.4055063074869332,-0.019448061773220584,0.5198966475431687,0.6954295737237037,0.5060287030834076,-0.2961067072153012,-0.5418852301559107,-0.7716596549320498,-0.616716677900514
-3.6097473451869897,-2.492872099162175,-1.698889269262006,0.10125450121799819,1.3066024677763113,1.4442992262927759,1.8158766064440346,1.4463965678232948,2.3161403495653876,2.5118388658716158,2.2112536909371703,1.9746923034593145,3.1631387295743743,4.666563922938053,5.274129419123019,4.356476721484364,2.7248501580162636,2.238773730206104,-2.9926801908152787,1.3098178610463853,-1.821565615669169,1.0582611873327283,0.9227520924967144,2.6802941146414643,1.0228710581626508,-0.0036544186062871884,-0.15516006436375623,-0.07660674294410764,-0.38097637793215183,-0.04404118996892449,0.03843800415461308,0.5062897684522971,0.0937805051343431,0.37437931556118936
2.1281379231210504,3.1742054019095236,3.3592388530540487,4.73398352742991,6.17954428751597,6.906891206928611,8.07073628997358,6.227723268593828,5.440746258567164,4.148404776791554,3.343701703682005,3.301304634521296,5.205633821184775,5.928126486885179,5.900517261171641,4.5147648946815435,0.3382470644535522,2.195540065470062,2.3154424683733166,-0.30054341889817243,5.598761795793313,2.5285599541014903,4.442346926380121,-0.6606991153963272,-0.05350042755318516,-0.2131111587432298,-0.3323374029306915,-0.4085659454108429,0.07787785956137977,-0.3165005579540803,-0.7810515832798972,-0.1580964128662319,-0.6328950031007488,-1.1385861336126852
3.2281206176239534,4.806591838798539,5.512723772677407,5.780462778473947,5.449032549727528,6.196927855118563,6.8491049489707265,6.8897956753618566,6.833426751831802,5.801980930269708,4.4179305717740815,4.480921403624732,4.571062789532998,5.926861179626344,1.9684732725786844,2.3980845106178883,0.9223422683216835,-0.6332180291479547,-1.4568713038995873,0.8952499166959813,7.443408192078324,3.184736355463212,0.9020860984761592,0.3706344718104217,-0.00816087070795445,-0.1270295029306885,0.1431086604385,-0.13770341091737362,-0.6298902256382438,-0.06976094990590784,-0.027888048777823676,-0.6063889845571026,-0.6356821624921946,-1.0358316867221518
5.567730356493533,6.468438460930073,6.198626923404811,6.245450033986838,6.183842324988812,6.04150626676506,6.4020881840201005,6.610090633953655,6.63853095624358,5.167810287017264,4.0719076577265145,3.215814979176891,3.1537890219075946,3.2978419884184835,-1.1482016488792435,0.290612893902275,-2.3797468522982363,-0.517804592062517,1.3143906674826111,2.909005917562936,1.5806149064082857,1.1565156855343839,0.7249783992904031,0.15301983903729108,-0.12178523455791183,-0.1183417029739384,-0.024542615831603786,0.7023382000990555,-0.8363258025942265,-0.3188426282660058,-0.6813971131557797,-0.6666061181101853,-0.2803230941724192,-1.1333587523848365
7.053697733879221,6.7621322922981815,6.234682968331937,5.000838233349823,5.486827074619193,6.516299601293076,6.111858976922011,5.242262722376885,5.7290715542141255,4.262661306192246,2.797902517566046,2.1580732426764175,0.4397453252237411,0.30613247632193,-0.4352009834283061,-1.998666155731518,-0.5767503728994045,2.242097888587587,0.6650534431603108,0.8471486176819966,0.7707695228095528,-0.042744340393645754,0.5817329947466653,0.23521289431037512,0.5437054469424082,-0.18246043356547478,0.06194359228752722,0.5432880851738155,-0.30054377234900953,-0.11484628851933656,0.4725831620807129,-0.9045770319446165,-1.3864616866292545,-2.678226898466959
6.538341149814505,6.140491017799592,5.926619408389338,5.32861351829614,7.147311221314198,7.351425623359191,6.480414558462846,4.886875817105132,2.444067242143724,2.3061807019736453,1.2532777962153054,-0.19364247480295096,0.10111244412506536,-0.5357189615347763,0.02089219893791333,0.1930896559418106,-0.5519600324457185,1.1254449204690695,2.4124695544521053,-1.1391757612320534,0.05140079553748874,-0.2712190545781483,0.5328083612652099,0.32140074526751067,0.25605132422434035,0.47524099401264247,0.4029218882708566,0.16997307741926684,-0.5418826580350374,-0.1320080284837681,-0.18888819627141676,-0.8145834773723488,-1.3531637657930309,-3.557058099901605
6.304321915775669,5.851044560077119,6.872500442769489,7.763511775780836,8.383443940856527,8.400507782712117,7.174391148690657,4.949492699519002,1.2773947804426653,0.670019234703921,0.1364431409461648,-0.5849998238162153,1.6220271046905044,-0.396674496708443,1.28290510918742,-0.9331856120435127,3.648946533122522,5.970720737155624,3.5052980990413616,3.6291010550643206,7.435165580291347,3.8560638587792226,1.5300754337596734,1.0259702905938908,1.132225302370623,0.9882888890790015,0.25748035021494897,0.39270368306002357,-0.5702591896107632,-0.27307091092383584,-1.0812298653177261,-2.8403312454918344,-4.274983977367145,0.045603904127601395
5.911470044064961,7.471669261131389,7.34431176818757,9.346173713921926,9.420790218120816,9.359968179421553,6.995707131785334,1.4699155557336367,-1.6448130830681997,0.9455374539175756,-0.488913564504544,-0.6409342004373912,0.06612346311872182,1.4030034973843637,2.6987526354910716,4.366518342326739,-2.1221443737673353,1.5282310842861933,0.8935007707423817,-0.006428002923866125,-0.23953381789782702,0.23309633122926515,-0.5335596059131736,0.6244781409825094,0.28236868695474615,0.024403674013896013,0.3457663305288341,-0.2552529804400896,-0.19337420386858478,-0.7849578758435338,-1.4533390410340223,-2.6725436058878684,-1.8281798638220546,-1.3166118467786885
6.683807938805637,6.391698818162891,9.417215005390272,9.646066021318813,9.982635803026824,7.691042969931777,1.9362686777511795,0.0479458654557157,0.5543093362951897,-0.35747538782178967,2.5191067810828693,0.8497250022392754,1.1089190605944,-1.468151568585338,0.42243352320018085,-0.4291318849545927,0.1769065436743524,1.6826043487519473,1.4313457507372265,0.8290614798173308,-0.4174887305332824,-0.4737020556214162,0.6572819703347151,0.32628779123968543,0.22893659119700732,-0.7467483434072134,-0.5171473803591602,-0.1679869859567456,-0.15505759864432636,-2.0248128871397086,-3.940424716050642,-2.274465890669199,-2.0471923145300983,-1.8486414560782052
7.116819283323996,7.462903134164367,10.767764408006746,10.712954126134404,8.945602302811244,1.0561995161373605,0.5304364476666219,-0.1551220791290143,0.844371165950007,1.8386529185866547,-0.7479660265409828,0.6623756371753527,0.6402589553205329,-2.0341168682811306,-0.5290481396395292,1.3796757103954636,2.541232714082425,3.415208916168271,2.484362456344998,1.2644674406262033,1.1037102859907513,-0.3581844459112901,0.15182193793727655,0.6396985914602572,-0.023649871057236524,0.5332795341608815,0.3197063982071046,-0.016077333464348302,-0.9537958442342082,-2.745121445340778,-1.7631943502485807,-1.4183878529629295,-1.5792486688205576,-1.5220976426627817
7.411172529835977,9.031552455114975,11.059848962039881,10.65068999806433,5.20990041595769,0.9958300578509985,0.34427354329036086,-1.4686929820502241,2.9275488618569727,2.2472074305823075,-0.7051036153420345,1.5323782630173504,1.7884510298056557,3.9570159701557617,1.494149870099581,2.9685680236362426,1.983598389809944,-0.4353704415060057,-0.53466811460738,-0.071546290386083,0.5468173388325819,0.09956897220680558,-0.2234419312659627,-0.025514632715104242,0.4432500193919959,0.39262622493728816,-0.2786339607030303,-0.5254374239040085,-1.0306276767546514,-3.575658802560711,-2.134592232385686,-1.9942265574805893,-1.9979610099704568,-1.5851322822230722
8.335691677282409,8.568806592946167,10.513892534872847,9.84312968407873,2.772090911922244,7.534546964978957,4.203401949674517,-1.4846967562468414,4.851555808805938,4.433951238097698,4.33947555569,1.2493574479305762,-0.2954460827270113,-0.6855262042315055,-0.7939046177053614,0.5363312904791462,2.068290904807581,-0.20021658995951627,0.08843650913351689,0.839750725335978,0.33311162046510634,-0.13424987652869425,0.12430595404527318,0.9805215403327409,0.00287222840110124,-0.5395104704108189,-0.40808251042693117,-0.6976844934718761,-1.0987838683474445,-3.101991243711247,-2.9642536529143637,-2.646966920637129,-2.60560801607152,-2.415339166416539
7.77788707129949,7.953384837511295,9.908320620805485,9.377278396876273,2.0116961326547727,-0.5889100763775879,-0.8376091896580202,1.9793208686377453,-0.5856705142730082,-0.11243421075868974,-1.2969049877481018,-3.40969780134852,-0.33735034998193325,0.8597751540706481,0.5745326220041032,-0.8760655315163488,0.7018044850295158,1.0077095852167817,0.10151130066367532,-0.23738527625744663,0.2778647196937893,0.0030608342282094163,0.23901430512541935,-0.032032480631302956,-0.19818749102435196,-0.13530648770753367,-0.6229462948493432,-0.682650438095953,-1.3761594346154031,-3.839317075687211,-2.864449136783491,-2.6331297116030794,-2.42075978345699,-1.8831155170336766
6.55492633240017,6.432888532740305,8.724318310716384,8.372423582018204,1.4286037841213834,-1.7211305460975654,-1.2754110930754392,0.4525586979177365,-0.8669868699583879,-1.4594256700548571,0.5621490134581153,1.329484799661586,-1.8567079003150313,-0.9855454814932364,0.2922447025892913,-0.40527065019878983,-0.17568455581539968,-0.05864872465068055,0.5517170640202368,0.41406300425757137,0.8169320019395077,-0.4709518234483445,0.058606701638912344,-0.2780174945252706,-1.1170557898243008,-0.6525778021338484,-0.41621584180119175,-0.8591575356402568,-1.2723024982443842,-3.3442669733972625,-2.6547071553231225,-2.206138606187017,-1.5616172918591489,-1.6580452093084157
6.780444759321011,6.328496817151108,8.36757186873626,8.733456724422913,3.3662287268184,2.230649154757579,2.864084944536851,1.9628958629892517,-0.4690272028690735,0.7740560246028697,0.8424012635978824,-1.5077520799399593,0.865790356150113,-0.40632123943612636,0.1869363008587686,0.5091419127811242,-0.2111610572488553,0.2410600723892809,0.20075532269635696,0.03429814658519465,0.31124286845935056,0.00017193809810686273,-0.519218329055012,-0.6330847550438775,-0.37959536067148747,-0.7358386547280952,-0.9823065598790931,-1.2527340911320475,-1.3587372592242337,-4.253771414735237,-2.8642986968106805,-1.7033974843385329,-0.9921277306034407,-0.8010467880009527
6.9003751368765585,8.051258257132234,8.953753592078595,9.165060530648484,2.006651424668391,0.2520805319217705,2.5083916723763666,1.5487420543645578,4.415151232219477,1.7413692990847254,-0.4806639149711263,-1.9510471444942603,-0.3334974208775744,-0.05807368484691282,1.410513762667202,0.10567389118728186,0.6663966908842864,0.03800038468644335,-0.3387172398368034,-0.5671929712078199,-0.6896662879940639,0.2322610814633765,0.02220887833517065,-0.13073208388530191,-0.3066209392804247,-0.7581492888186873,-0.6982394867264416,-1.4380946809351554,-1.40555665653764,-4.088561293751038,-0.7879688996483785,-0.09589183743181104,0.2976061148088641,1.8322131802986101
6.0468501446590865,8.01100312175852,9.638124357120748,8.703607310755302,2.9903301911054325,1.0062355338346327,1.3704358723336916,0.8624778923766115,-0.874355140908398,-0.5267997992043298,0.833223204375901,-1.0682907740813408,2.280433192467198,1.708134158295062,-0.19419901098094922,0.5585792269723595,-0.8877218130562564,-0.13708789973276586,-0.3513158261724722,-0.6427126381311884,-1.0172206654651803,-1.1661666523604035,-0.6079592153575375,-0.2836595609146603,-0.4001800695674658,-0.8887463221344033,-1.0831750216440548,-1.523968281249849,-1.2918064712376685,-1.2498490056207223,-0.23232565939184874,0.32140180898980414,0.9053711182311969,3.3412650065709344
6.093865697258784,8.200759074970879,9.290545569843685,7.50281283327181,1.7302882988874706,0.3028767632113232,-1.2237260058485624,0.5703529138687802,3.778007695242707,-0.42123100042348516,3.5252617113248674,-0.22766947332575208,-1.2950447436921537,-0.6466849314606226,-0.35357854754390444,0.17516758552489123,-0.6469016151238158,-0.061036193571111994,-0.03560177796155907,-0.4505859529159363,-0.7170444511041174,-0.9136556664171391,-1.7234548129715384,-0.15031642372737333,-0.09866807273082394,-0.6969769205619675,0.12531130786102243,-1.0201281346161737,-0.7969388576608996,0.10063575379287322,0.043789491824278354,0.17921969787394537,1.8537905900138594,1.362091554606715
7.190409944290096,7.716433485229444,9.834206473830774,7.9994848499155236,3.5150784921805367,1.0318830399185082,0.2732113762893933,0.9192984356562965,2.225619471845163,0.6962038351899678,1.0569374783928691,-0.12131487223261193,0.4306804019087535,0.31771196771995935,-0.031188198438896052,0.04854871471092195,0.18000327120117882,-0.3457748078184898,-0.5267723011553579,-0.9403319100251427,-0.43710241841601366,-0.5487727028088045,-1.2111318159174944,-0.9641124351675925,-1.362093539559853,-0.9685245036853638,-0.5503158262996564,0.34378459512783993,0.7218647441459857,1.018541207599943,0.7948300092757157,0.8873155139787912,1.684897178842174,1.2240913184945754
7.886540574038587,7.318963431232281,8.869066363444981,8.82953045433911,5.016918206795783,1.6368593488620033,-0.7148877755508188,-1.594665642187764,-1.2626958167867166,-0.6893326963282211,0.01985343205795897,-0.33199066257382287,-0.021904092189252985,0.06264656880637452,0.3841688758773372,0.34649541560567493,0.01865051871645,-0.438802010579596,-0.6063671937649594,-0.13712336510996692,-0.758909184780795,-0.7699818409091793,-1.0544906762683455,-0.7571354410754587,-1.1252597179802084,-0.4010507152977627,-0.1946008598652572,0.36772518554481104,0.9544328294132631,1.1110201352093247,0.7707420281752873,0.6923748128269346,0.4143445756426438,2.30204311713205
7.000001913485192,6.90498816122917,8.951831713528694,8.838641616429955,7.6073638113067314,1.0292207946929623,1.523554975022961,-1.0894169415970119,0.002713366603354331,-1.3942391541158672,0.5626294896445516,-0.8133788327093385,-0.2326537358335697,1.262328048176275,-1.1628354625780493,-0.4092813117953635,0.15299482699060737,-0.21047328631708342,-0.5448637077883609,-1.1015895718978792,-0.4728169750715417,-0.7382616345773985,-0.29232898404495256,0.27871596992681014,0.6679152455502787,-0.22321132553916542,-0.01769804579290387,1.8250072019794703,1.096588824588633,1.5271210245257594,0.9557360618006883,0.9568479847664667,1.7873421060301287,4.531027394273121
7.037550924848348,7.220091895339332,7.483280160328431,9.017256161981788,7.852168180039225,1.25871639184707,-0.5681541970965055,-0.2840603013493887,-0.4482956681176915,-1.1694281194908656,-0.480888596478042,0.31609412605012244,0.5362715534770174,0.01482591972561638,0.32025143809367734,-1.4180295405977155,0.5567417923886037,0.7404651260208964,0.38581889631313726,-0.7186264007204161,-0.4372917261444749,-0.6828233805442636,-1.1570149938952001,-0.17971274455537262,0.85513240724407,0.9776632101975306,1.7078640481632767,1.149949161356283,0.7184777717689865,0.9073723814322757,1.1414405538227919,1.1230992345847106,4.136406537852598,4.976642120922166
