script/wind10m.json
{"header": {"parameterCategory": 2, "parameterNumber": 2, "lo1": 6.000027932988019, "la1": 58.9999434238085, "dx": 0.5, "dy": 0.25, "nx": 22, "ny": 24, "refTime": "2024-10-08T01:00:00.000Z"}, "data":
[rows 0 to 23 of 24, columns 0 to 21 of 22]
-3.372591686303718,-5.003304792041612,-3.7337181975763003,-0.1704867077733404,-0.823915739288338,-0.5732816943204413,-0.6881380202743327,-0.04222600170616839,1.443375463943342,-5.825845231099492,-4.171438448149295,-2.4184330219725148,-1.786679498360391,-0.9406574537829364,-4.094301566149839,-4.646068416511688,-2.2739576648360105,-1.6373248204067608,-1.3840193400571208,-1.0949965667853252,-1.4101876603287693,-1.6321277609171927
-2.4232083343682658,-2.086181095215472,-2.1625735824506154,-1.0896224150600875,-1.1731093424942696,-0.5008730509812491,-0.43953397872822236,0.43033610593694716,1.1015704974212808,0.8583496459414363,-5.162902946068601,-1.4195205223227392,-1.7152758407127011,-1.0714545341155333,-4.2541174733385345,-4.40954828558351,-2.1412153127291647,-2.3511812418682765,-2.0405598841312096,-1.6175689561387827,-1.3733297076493605,-1.3276706900303432
-0.7903842921584631,-0.9074507337312472,-1.8069849659497224,-1.4455033790265692,-0.5895506524066672,-0.6721808504027899,-0.8939874230666083,-0.5634473559731545,0.8433274016518003,0.6177239049179565,-5.8118079767835615,-1.6766175535941015,-1.5225064252285017,-2.1638318676266217,-2.405732960006507,-1.6759461462112508,-1.260937516457297,-4.436078954693352,-2.945601727576923,-1.957097857060942,-1.5443204788154121,-1.928364400567708
-2.8101232904239253,-1.6878324046714677,-0.6735961415121855,-0.6453904439228568,-1.5055976644717464,-2.195362456426976,-2.13574331510973,-0.4820226453279271,0.1706220425172833,1.7821003031624265,-4.416909961479193,-2.3875970812678102,-1.3838185245018715,-0.9203637521049182,-1.7485541213660034,-1.9693287712047869,-1.1031422345699762,-5.859626871615732,-1.5954724539163077,-1.5563615866562566,-1.0221747356110191,-1.423409632174599
-3.4707498172107942,-2.779398713229875,-3.5290208696168612,-1.0169504346357578,-1.7439238220888664,-1.67606960603021,-2.566680334419473,-1.345721237243142,-0.11706610123489082,0.7781448860396808,-0.6527724161126984,-2.731374261938617,-1.5270340271779166,-0.9248747507478772,-0.6466581228666406,-0.8241374631382972,-0.34685413810641713,-1.9758430507793336,-1.3979582747783463,-1.3322241916509794,-1.2090013795229528,-1.500127557562208
-1.1064203797670455,0.408555111570363,-1.7161257555746003,-1.827674157154054,-4.204061060539056,-1.846651711976401,-1.2003713311520885,-1.8033268963262932,-1.3555509125689573,-0.5104424258231375,-1.0997807932859547,-4.6824602328781495,-2.21697404450377,-1.4793888599804121,-1.1507718048043631,-1.0751448104353998,-0.7181083239323292,-1.4628819511277038,-1.231027645112829,-0.9641963542460648,-1.3936348848937041,-1.2195939348090388
0.5784685905656421,0.6384819355641016,0.9932965044399501,-2.022607855985058,-2.1133189209509475,-2.6251730487101215,-1.8414879159800424,-2.4225884244675244,-2.3522318754421514,-0.785085837531736,0.0823614679692287,-0.5186772993025347,-2.1832058682962487,-0.9658584126515973,-0.8668720156985027,-1.4135382052098204,-1.2212500517283968,-1.9029870278243892,-1.7738136458934353,-1.1928319014574802,-1.4863433927005645,-1.3706256456358201
1.4787066424614417,1.2588053676403679,0.7567895376518178,-0.2027718149381598,-2.105878984475951,-2.7391020382966347,-1.063558511083815,-3.031742964398083,-2.038261374507282,-0.37221848888625797,-0.5534401907923279,0.4204949382332526,-5.248549350840248,-1.3263049781648588,-1.0726096085319021,-0.8055375771392499,-0.9975266500461695,-1.7068792110604019,-1.4973793933995545,-1.2193143018374886,-1.6458524307558693,-2.7760587242200416
2.0130483385368487,2.677282982797563,2.5200283366704035,-0.7453577668266831,-3.0647942829159973,-1.1346525827751517,-2.491206195338824,-0.752270977819472,-1.1207000162914325,0.18522684563075137,-0.6720286949132366,0.22094453996883393,-0.3966542130562904,-1.613477564309521,-0.8865883223441494,-0.9240371884400439,-1.6614330481253339,-1.2925762205935707,-1.212674197869297,-1.1729637781891498,-1.8998265912723884,-2.9758213356912075
0.9354537870331754,1.2384389599606844,2.1910074417081553,1.6999622678538662,-3.317069717061701,-2.28195991992658,-1.6330036976376683,-1.4727846766152632,-1.1773197775965145,-0.8115209560371592,-0.7601277318285491,0.09722769384403408,-1.8833207482621142,-3.132633326122416,-1.163932132359267,-0.12446197499738507,-1.424433414015799,-1.017600703059052,-1.5957420957907407,-1.8864124978148165,-1.3234339841003688,-2.7775321811190703
-0.37259366408186384,0.23909452965003436,0.7831658691050429,-0.3380998491314658,-2.716582037867039,-1.5530026453820358,-1.5299716215038703,-1.3641503291652561,-0.6144114445256721,-0.9049273235486086,-0.4886833703576372,-0.24646593847454987,-2.232718678457007,-3.2858154221133633,-2.3269371190358807,-0.4736793044965735,-0.8057068810302964,-0.7848881875972925,-1.739743648327218,-1.7015524035145937,-1.1616787867144824,-1.9837397430738801
-0.22564271395025137,0.17581873215972477,0.4154437613632912,0.20924824528833794,-2.2172656703844416,-1.1400887937782718,-1.5481823593781805,-1.4514561479135855,-0.5444618247402312,-1.5355412230746033,-0.5795074511256463,-0.33603718741237865,-1.6617529155492767,-2.651592992852192,-1.0846429412917806,-0.26959710818361327,-0.9438268389849206,0.5561814346368708,-0.8731296346866538,-1.3289496488689516,-0.7607660927073338,-2.1336688477630146
0.3002131805597974,-0.36960159789340385,1.4997411325976897,-1.495460457290141,-4.33055244769496,-2.3454740813498947,-1.325174001175459,-1.2288653724908982,-2.00198038679379,-2.073711338249578,-1.5387079873562735,-1.7686418672907662,-1.0167742573171106,-1.434254531959858,-0.9559131617896296,-0.2900930598260307,0.4136457936628252,-0.18334833020990993,1.4276478750908856,-0.154355614344623,-1.82284536665477,-1.6027412660805451
-0.6286538051970114,-0.8576921600397651,-1.4669945935098223,-3.4423900777708654,-4.1549645168754585,-2.4257807739872166,-1.7785297699364682,-1.3519137110435566,-0.8114410717656315,-0.9798224441034201,-1.8336316145029794,-1.4938679399620696,-1.9824928800840662,-1.2549885909524243,-1.4829499692303068,-1.8245508575091451,-0.3542797529559784,0.7414746958487505,1.6256461399352937,0.9517711982332656,0.7551412348554299,-0.3111178316199218
-2.335216838595715,-2.4386118468496494,-3.520844284274697,-3.74109946720709,-3.998424272723429,-2.469824039966283,-2.029398147490217,-1.7847056759954771,-2.1628230243333104,-2.0575376011656665,-3.632570646908508,-2.163569099776804,-0.8755758645919337,-2.300301105229731,-1.0188781116939374,-1.3557719592955202,-1.4061218017851802,-0.4254145978983224,-0.07937147138009758,1.61048693548967,1.3659328022285937,0.4570997383047895
-3.031299111903069,-3.159403911472718,-4.0881274125619145,-4.330692280234912,-4.5289502458838955,-3.345798280908565,-2.1432020425656573,-1.8558717281943327,-3.313814290342044,-2.047491390228782,-2.422817069851813,-1.852533995298673,-1.5499007998880354,-2.0104063045557057,-0.9127440792000918,-1.3359517033604364,0.04457173844925281,-1.1162179904139058,-0.6511877613279098,1.7850055677060408,1.1832918978838716,0.24389340147251462
-3.2879060129997852,-3.766148690221168,-4.323205320534588,-4.6175010315521785,-5.418490012198343,-4.519441107808882,-2.4865857015545623,-2.1655321627108575,-3.341021244688739,-2.071555555696125,-2.954344349820045,-2.321924881851624,-2.1483402762220805,-0.7370892930691401,-0.9604436034828142,-0.8691589014864205,-1.9745988586675072,-0.37411753267323067,0.04194514228908429,1.8079885597151844,0.033067527334741637,-0.07648242466516043
-4.4494408551158156,-4.126688628679847,-4.95538336918213,-4.232549990073442,-4.980218087118704,-2.943869428823319,-1.8174208071406937,-2.0664347589019894,-2.047501913572552,-3.2776646750201217,-2.4197993574528542,-2.063193948148334,-1.8901481558341486,-1.9293799224033499,-2.2783968937174564,-1.8405117866694076,-0.5838313139773326,-0.6725488199386687,-0.5413819265950963,1.584147610080988,0.3470140599365,-1.460204973162197
-4.8497116252474655,-4.968987094640076,-5.039896792299262,-5.2492772378205945,-5.2739168993268075,-4.901813292804342,-2.9457020617176397,-1.9298746866018244,-2.9384560556101325,-3.477249933684793,-2.0854887292645383,-3.7457892058396913,-2.832699754624712,-1.430315313517935,-1.6604677199971563,-1.9845587865476557,-1.000456830671607,-1.11519457577091,-0.6950650228770829,0.44410605808212517,0.13164133226461608,-1.471910705509459
-6.1441974631896805,-5.660176226388131,-5.945579312556081,-5.8021097106478505,-6.484285823665324,-5.521395435417507,-2.5831313554424646,-2.8394428427829697,-2.2618863745265756,-1.9703460866550753,-2.0657353658367144,-3.424353380650383,-3.176192615308066,-1.8933711863923022,-1.223053684934259,-1.9155001043311812,-0.9216611654896631,-1.1267180356241708,-1.9325381970850672,-1.310190044294091,-1.332877044093886,-1.3281270137853631
-7.212431531255637,-6.47744211873522,-5.92752672975715,-5.863206317737148,-5.836148072296281,-6.236323917828513,-3.247349203376564,-2.8336865020590034,-2.2244390361895037,-2.51974648253352,-2.42950280690848,-2.5436865573094507,-2.0738683256290256,-2.273906368925515,-2.0121796945922545,-1.5513303338943474,-1.5797802458208239,-2.170743967210177,-0.8637335381108512,-1.8961414019185816,-1.4523546724337124,-1.040692686083089
-9.004595448953403,-8.144099273779073,-6.852958924321635,-4.9262180399374955,-5.843837274648443,-4.300523748147505,-3.264779087395478,-2.931994330808006,-1.7947283743110252,-2.0633146125155113,-1.90891819090419,-2.3417487984484824,-0.9588673065374073,-1.8889154462405127,-1.8488530307777729,-2.1820980927376414,-1.515199441044544,-2.6626266366675453,-1.06221975877528,-1.3300038975975148,-0.9060102280794506,-0.9245258787806447
-8.055343229059309,-7.734839223280342,-5.706621160074058,-3.0339051976360825,-4.044971166272049,-3.5081770785393815,-2.060510291775135,-1.6606600147619979,-2.3727544840706196,-2.09227016060809,-1.8110517531219101,-1.7354507223432953,-2.0497141703671398,-1.526933365058028,-1.2785829863224838,-2.040588554643558,-1.6650433003749132,-1.448725168803217,-1.4715194256966058,-0.6982737771694958,-1.0552881328724328,-1.1525219332444572
-4.1440318637083475,-3.468015892859597,-3.8725368632639463,-2.976990130868109,-2.363586730173452,-3.5626085247186907,-3.2910382276447177,-2.730823087646106,-1.3419622856175595,-1.5242871443121693,-1.1308603878731909,-1.7106675861405547,-2.130854923204024,-1.2612480887412292,-1.5015490240285128,-1.663230846645875,-1.9097269198613886,-1.8800730565237656,-1.9019279580549229,-0.8645280575499591,-0.9534778398244284,-1.5988879256057853
