script/wind150m.json
{"header": {"parameterCategory": 2, "parameterNumber": 2, "lo1": 3.000054539987559, "la1": 64.9999836372058, "dx": 0.5, "dy": 0.25, "nx": 34, "ny": 52, "refTime": "2026-01-29T23:00:00.000Z"}, "data":
[rows 0 to 23 of 52, columns 0 to 33 of 34]
-8.307288992564956,-8.6746598035287,-9.174349277976988,-9.28234015129199,-9.917931859654333,-11.112936839859408,-11.205929848701501,-11.834209337765392,-11.940074932858796,-11.795397538548896,-11.651175492928848,-11.505789485729782,-11.356040822276322,-11.401796089401001,-11.028294398017618,-9.383147373269232,-5.086885884573893,-5.673766223041726,-11.124948044791044,-11.615502823181583,-9.483044179817004,-4.6250242133726625,-12.099435133521169,-10.10128562297181,-6.109615349610829,-3.884646490090412,-3.26942381740651,-1.6107279006630641,-3.1354859914234843,-1.3129749250091713,-0.1497173102124721,0.7842399950048833,1.0234185967740475,1.5943281411912642
-7.747530906521354,-8.049955382155353,-8.713870810551134,-9.038692250547426,-9.036902910714097,-9.775832836259003,-10.805477676958946,-10.536571187181815,-11.025030310649944,-10.73721099432035,-10.372573151956322,-10.815620377719151,-11.119802470420835,-11.711562187578657,-11.1179134161113,-10.303175197489383,-9.30293121509544,-7.000942672272283,-19.706685925713312,-13.063261995267235,-14.457934122915056,-11.266103635549733,-3.7952889849064624,-9.657653409799096,-3.8164519543069417,-5.296472316650087,-3.0827207735707374,-3.620577004255443,-2.544045087168108,-2.8121427871226414,-0.7812548284976368,-0.016205438451050533,0.5374569517151184,0.7983772820236332
-6.781993997374846,-6.977075985645657,-7.498286925271518,-8.555749504488384,-8.898873904768555,-8.59378011535871,-8.885635541978532,-8.926616248116312,-8.947207145287349,-8.082112396943492,-8.368313535333737,-8.031926953302948,-7.476543676727523,-8.65556510959099,-9.321638639110459,-7.891282171241322,-12.642945394630255,-14.36413476128055,-10.996966830855447,-8.159909229755119,-12.706675064666516,-5.302592736220833,-11.985390257483097,-7.338562915235165,-6.44398135538722,-4.309257108280532,-5.143927409465405,-3.2579670867335406,-4.517130916634261,-4.226623066280089,-2.959891369161836,-1.8851427189731962,-0.3119731360653444,-0.4703451547262798
-6.510511249439959,-6.364900064249706,-6.437961455164071,-7.08523094156819,-7.993503576423985,-7.793589363871042,-8.188721078495094,-8.651091544213017,-9.065567268695826,-9.469844120524218,-9.456972196166165,-9.154494489495418,-8.002799924750729,-4.917878685439028,-7.879946371859843,-11.262815268370598,-6.70205704660737,-8.781066862642888,-7.653477197744424,-7.2068146623820075,-8.941005590746888,-10.105691292080424,-8.098829622964168,-5.172978199326341,-3.5378657143852874,-5.151543749728484,-3.7206763286480826,-4.749863864614744,-4.30753009452079,-5.575080947201701,-3.910067021726773,-4.315162051729139,-3.1652960432143336,-1.375988937895869
-6.804083494983292,-6.583775083521148,-6.402294598547064,-6.453978170550053,-7.103673804877523,-7.696912017956953,-8.149973586369732,-8.348149689207222,-8.44725867995505,-9.012265992690653,-8.96633620684153,-8.318164479616955,-8.000668786548413,-7.871082363290331,-14.615606316471759,-10.976466882470264,-6.572943408882786,-9.096029764123235,-6.2915753044166305,-8.406808446096763,-5.902613136374725,-6.81517475426147,-3.736109769936595,-7.229689803793362,-5.078129748280517,-5.372771247403049,-4.901664053409311,-3.7326458766765036,-3.1210196645143795,-4.072268505724382,-4.749318079517452,-6.175044373059226,-3.7263167488024176,-3.714611845495178
-6.640919463796622,-6.852825582431788,-6.675739540701611,-6.6349124267675785,-6.851816900240589,-6.860568702524013,-7.301829629531172,-7.296613779006882,-7.1379240638252135,-7.3942062151302395,-7.682475531145281,-7.930914503146339,-8.988537018209373,-7.554680101949609,-8.721808481835813,-9.89171060382726,-4.426293929406272,-9.446758473467291,-8.386911858223577,-8.512436507339357,-8.965306459601164,-10.064687757503208,-5.49840846858131,-5.908526186722393,-4.992445672888988,-3.9379472342837323,-4.0825092533958705,-4.777099716597067,-4.873628078391485,-3.857275916201004,-4.442126496601847,-4.167230016756897,-5.7134910691335685,-5.218792142092208
-4.822947202931277,-4.88344927247367,-4.911812106063423,-5.4486011099364084,-5.3874895099416555,-5.298818344814714,-4.856590314647609,-5.001631607268695,-4.402939116709035,-3.4852801748615807,-2.658064014813233,-4.910586514662422,-4.2217879121952135,-9.613537173532968,-11.111238493846113,-5.936569707304403,-3.5905272103807966,-5.108256838440037,-3.716608149514562,-6.395691795210993,-8.48811061398052,-6.4246447960452375,-6.590867509431098,-4.626448982984342,-1.623313931503332,-2.665591282379788,-1.4665294238648097,-2.571086093443707,-2.2069563088751005,-3.9074066503931437,-3.947293987301173,-5.8348208520719504,-5.921414068927226,-5.335430120620769
-4.423806733295794,-3.5721783574960733,-3.495343141516801,-3.3268458105631122,-3.130274851848363,-3.067961915959303,-2.4828824571156427,-2.218514988314115,-2.3801104608926704,-2.610973701071969,-2.094147646710912,-1.5597989471315776,-0.712293811348544,-2.3729928534731237,-4.82999301096841,-2.8327394725007267,-4.595795313226496,-0.6144015497017961,1.2110302072319836,-0.43786916939175485,-0.5638964943766168,-2.6775327626358636,-5.777353585122819,-2.968462815593452,-2.8372183555437847,-2.2494685086250445,-1.7467016373299302,-0.9930863922350955,-1.9204738558915109,-2.9593105771028374,-3.60105998401341,-3.7105061807193858,-3.0043824415348666,-2.696195043678972
-2.100687021874207,-2.948862022757441,-1.5547881654352516,-0.7300683595592687,-1.4168469593212512,-1.0980238389047299,-1.6407421307650816,-2.3071332113177045,-2.0972095801352717,-0.6046413851153605,-2.6025020572914666,-6.355184978935874,-3.6234752232734544,-3.097289825982277,0.7826911200172354,-5.6034901911972,-8.689684333065612,6.071729147339989,-6.426381999959806,-2.991247940066102,4.358829566531925,6.182040485470052,6.311431599424744,-1.574195410655251,-1.4714118254607107,-1.555005267906895,-0.35991082646160943,-1.511332575624979,-2.4486933774837554,-0.5795427265789216,-2.238757321188829,-3.320732362100402,-1.3451722196366351,-1.0838901780977248
-2.725100195120656,-1.7269998221179594,-0.5975775377416506,0.2891278287380453,-0.7725585654880873,-0.2962890640832832,-0.2942162433573533,-0.3354203756599883,-1.1817808057113695,-3.0435827557208883,-0.3763271622911498,-1.8027538889755288,-0.6295809603919774,3.809213431320091,-8.270475715785505,2.1504772039641504,3.0688748557177123,-2.6668363716778014,-1.9616349332717695,0.3782058597421899,4.2125793444071915,3.013098718072116,2.868447581888664,1.7226209228263423,-0.9243122621382049,-1.2697253143703535,-0.37548560322660285,-0.7440586831011543,-2.0252920452245906,-1.3204306723737678,-1.0377199194034454,-1.4412307322543465,-0.22966990612343016,0.07765139732769503
-3.3324721999903457,-2.071512322983432,-1.238450885336947,-0.5466580769021253,-0.5080247166454182,-0.033449369854226405,0.13453416909404006,0.4020245199151771,0.6250124240663211,2.072034106669046,-4.3532349484883355,-7.819593298582867,-0.48667817108004074,7.121799075325352,5.446949299258021,-3.8296312051906667,1.5339995864924836,-2.491845703526907,-0.4147747795616001,1.5120433016872081,2.277128074138042,-0.3317984001136546,5.849255105849987,-0.3547227355005828,-0.08405486554795878,-0.36389619571541826,-0.6841652399913704,-0.970172433049679,-1.2627366903014934,-0.998826992019646,-0.3949883454684545,-0.35934252263018474,-0.1623112142581398,0.1937408862074277
-3.0714242710960127,-2.2413933122426744,-0.8089391293288434,0.15545969379033187,1.8247074354533592,1.6932117061943095,1.279844492241108,0.19417668362121948,1.0385836682424414,-1.4596083668052888,-6.576918623501732,-4.286128223781162,-3.6214669559696375,6.610567452557222,1.4188922367105943,-1.5105379457679242,-1.3363435508102952,3.7549607194668417,2.513849331030468,1.5896167598733326,4.176082459294841,3.536189050265429,-0.8088227795226505,3.0974397391113624,0.3421720561990425,-1.0624893759986147,-0.8595201704293683,-0.6826910567268686,-1.0043223203300575,0.1804788795979183,0.730614519744252,0.5075353213896087,0.47926944071861516,0.3523983057313035
-2.1835670615696388,-2.1423339724429544,-1.3980710597218249,0.12830942764326012,1.462973265036407,2.2232519986172194,0.07655629950489244,-0.05633124319654999,-2.7231391937690588,-9.629867298949193,-8.228622179162862,-5.288380844297494,-1.2034645959581718,1.4762087665720178,-1.7317235843054029,6.01016038085732,-1.0106856974157865,0.3816694361284292,0.07150383359496375,-0.8239243585731036,0.18634683605267321,4.25873143021336,3.9659755999184556,1.4815524328584848,0.33792396362775934,-0.9281197506340002,-0.9023557189443169,-0.319476303545983,0.8896413085292086,2.0648635735749754,3.524010987932824,0.7292011882361534,0.267667719976118,-0.1596818313313804
-1.9184777975981344,-1.900304387488303,-1.630463034151976,-1.2892540251072224,1.6987441954253935,-1.7338369537435656,-0.6857899445413687,-0.8997943120719234,-9.633972285892861,-2.8123602290224734,-2.3825032644318784,0.43974652519999946,-3.9856082488608218,-4.837942519879244,0.7142158606754504,0.43005188201648586,0.3170459504518571,-0.6343060171722393,0.7342508753885107,1.5334540652334738,-2.246662523689617,3.1585193270295946,2.9099245581718876,2.146692119388336,-0.017069162413404556,1.45780962115466,-0.14806187492798897,-0.031473125913991554,0.48034811601989064,2.8698224268747516,1.4778788748687708,0.6854265067674579,0.925095288028729,0.6239495038145306
-1.7921813981469106,-0.5533833840625576,-1.2710988745234146,-0.44969613957416266,1.2049087499294717,-1.3452496930553641,1.2791847393806965,-10.683639419159565,-2.9593940739348095,-3.2797570856436313,-4.6167490566677944,-2.6269923697976747,0.9132608883602978,0.5362554515880602,-0.8744754905363479,1.9838324050697174,-0.2535077442919076,-1.815392581712365,-0.05322799486051324,-1.1767612946404895,0.37782208366099296,-1.670492905765271,-0.33195773867311434,0.25545787629837546,0.5929157971346768,-0.4787436796735819,-1.5472007620052626,0.02029878606188101,0.260798793585764,0.8373500627597668,-0.26056923560709494,0.19989580637434895,0.37380601260501284,-0.2014741658462786
-1.9981010437131885,-0.5018088244887675,0.383797593568572,-0.9979273579211376,-0.5564884874392043,-1.5471884923915655,-8.384846157603352,1.2966353039366396,-4.164747181174956,-6.577019668447111,-9.92085016711531,-4.760829220057443,-0.7112828137437476,0.14302173384787117,-2.0514814399870778,0.18544379044773263,0.35317294075514377,-1.872132158950249,-2.5230187543258595,-2.1237152188956685,-0.7402899274969212,-2.1848971403872564,-1.7409690334181487,-1.22331900676839,-1.3679925086849967,-2.888214452844718,-3.669403853152749,-1.6108275049615772,-3.6987589586444036,-2.202630346316685,-0.958053980297936,-1.0813210294804358,-1.1320801784558003,-1.4406408133518571
-2.304541908424625,-1.6043994478333754,-0.6318259027353921,-1.4984601754652225,-1.2518672292774187,-2.7215836410231113,-7.178000707212665,-7.864579572493196,-3.3136667551456305,-8.341539996467377,-7.923219175588973,-1.5515445388670244,-1.967168530376329,-0.9105876116652704,0.05551199178335359,-0.4852168664415623,-1.197634630359008,-1.0034076765314903,-3.1144224840879824,-2.3819257217985705,-4.572101631874731,-3.7932323071783247,-3.1466611121455945,-1.2991952046579074,-4.047247137210037,-3.8251631755086635,-3.691670539122607,-3.3047834651329864,-4.618496575728735,-4.209246926266845,-2.672388534488901,-2.6125492676810174,-2.138916898200485,-2.651971531926732
-3.0641159223808883,-2.739730210815095,-1.7035729411153056,-1.2069965532844689,-2.3852600797197465,-2.607910377332349,-10.02784209141506,-1.484163915711723,-11.437510542223919,-9.324301993926062,-2.4582985481994193,-1.1939041170346816,-0.9196732791711708,-2.3440611179146025,-1.720647895742903,-2.7783029374559107,-0.42253354748761307,-4.237596799795202,-5.592231615171631,-6.511636324725107,-5.4316725401682815,-3.435018100823909,-3.873822940168371,-6.097187475345161,-3.04234889075118,-4.464694881795802,-4.918339375759336,-4.354705935687982,-4.121357518665157,-4.912153528523572,-3.973155815770079,-4.445268982861613,-3.9439089133098446,-3.719058395593361
-6.357910006890564,-3.547782346925463,-1.5861272817196503,-1.302414044058401,-0.19745658528674617,0.4201642827682015,-6.973909921809782,-4.576627041237409,-15.139605461282256,-8.123844833027585,-4.859072785939293,-2.2774908316924334,-4.780363185825721,-2.4177941139001806,0.2967497271985228,-5.613341674441811,-3.6439900151847033,-5.722256337468082,0.5087823513969686,-6.541393413762263,-6.16086013007056,-7.3378401202179155,-6.210854177748406,-5.574969237540524,-3.9123907909392006,-4.796221768998984,-6.958825579948947,-4.680439199991729,-8.125797095037932,-6.321916988976551,-5.795708686749825,-6.266451131306381,-6.057979616339994,-6.088654177473806
-6.653728929958806,-3.63475748280745,-2.2887826656618366,-1.9368460899822897,-0.7024629885658326,0.7568861476705265,-0.713767158316689,-2.921535621443642,-14.482014864394447,-9.750943152022552,-7.295141519514958,-7.27794570805896,-1.9409880653502352,-4.913068932100729,-3.6765673753036845,-7.392346829062943,-3.788744299958849,-6.806843407148931,-1.6360058107004323,-6.550211600345195,-4.968027495719046,-9.225054344526049,-8.110351704240752,-4.56205223522043,-3.56014046458773,-4.404914184962781,-4.361183706595562,-6.2824531495555185,-8.841916176080433,-9.168370913512497,-8.294420329987014,-6.254110417697311,-8.068030438558042,-8.004510078893635
-7.75034279263812,-7.104811331196511,-4.769088190647713,-2.162381559918464,-2.054341859384736,-0.7361799732294002,1.559226677086638,-1.760523770758373,-15.44591261352021,-9.657214770633864,-9.877349780031984,-6.39010968996557,-5.3814084079222315,-1.2568980825588183,-2.2819764744289643,-6.284354295452858,-4.98504614958623,-9.121655528306766,-6.0832765117349865,-10.205508398237734,-5.22164601805479,-6.722239425980852,-9.19674934675406,-7.597562785521581,-5.914229180880595,-4.7888923250294635,-5.13360783840004,-5.487838534586673,-7.892211255726164,-8.69149386173627,-8.528542260568505,-6.638480316685953,-10.412940127006419,-9.603591977338297
-9.798467965266653,-8.919211521357127,-6.916122331350541,-4.720179238368326,-3.052216539666996,-1.7732890320075723,-3.283868498118577,-13.121700146291042,-20.62670790190699,-2.8977432674238206,-4.376971810787253,-8.509272383352979,1.6338722460143102,-0.7523465414516383,0.07030974544195112,-1.95187377946791,-7.61969405508047,-7.377614190003897,-5.368358118939064,-6.106162356725407,-6.396520944681921,-8.947304573213701,-7.293407037684377,-7.54284787584077,-8.481922078138073,-6.199952440561852,-6.613771626159064,-8.053128487858178,-8.718865421203194,-8.109605132876405,-7.5137147599099245,-7.5899050758569535,-6.695646789802564,-7.563730510213917
-12.748674468408005,-11.238777501431302,-9.395790855809059,-6.899151012533487,-5.573993936325337,-7.961688706727627,-10.283918133856934,-8.084774138689605,-12.283693997926571,-18.196249420254674,-2.2710869979537724,-10.299683484813492,-5.198058798008621,-6.069858271549166,-5.914466393018685,-6.393698390517543,-6.178571847811724,-7.097663546007071,-7.144544919949864,-6.986125549883458,-8.91757673071002,-7.522771792057329,-8.137204869053178,-9.552229506582911,-7.318216586092897,-7.2854902905028585,-8.545242664067462,-9.078815656224316,-9.269139705924498,-9.575246655170108,-7.505113114934117,-7.533993099235721,-8.728363417883907,-8.680787883108612
-15.200622317725786,-13.831944445473013,-12.41461850902782,-10.997889863529153,-5.996496686651568,-8.537665080778156,-6.64923751191575,-21.36111336787439,-19.011723185129256,-12.503717212894369,-2.0365133406992837,-0.7309423195568076,-1.7575831420573593,-5.813241974496335,-5.509684836526326,-6.207859427711159,-4.249928840665455,-7.746993536746738,-7.989337462091003,-8.140714841467496,-6.2424240456453415,-8.263155570665532,-7.869197526199814,-8.861494009805831,-6.115532344062376,-6.9023427389264675,-7.659136475849002,-9.826309173400432,-10.15146136129272,-9.516309700277649,-8.117726055931394,-7.929808818651949,-9.447986284451392,-9.533884302638127
