script/wind250m.json
{"header": {"parameterCategory": 2, "parameterNumber": 3, "lo1": 3.000054539987559, "la1": 64.9999836372058, "dx": 0.5, "dy": 0.25, "nx": 34, "ny": 52, "refTime": "2025-12-18T02:00:00.000Z"}, "data":
[rows 0 to 24 of 52, columns 0 to 33 of 34]
14.707887354283322,14.238057136172696,14.081740973612764,14.435349260341301,13.962794582295716,13.13709870675085,11.711207677046486,11.069726107071792,14.684650377525722,18.67120998721536,17.13872991541475,15.586922350631008,17.191760803777182,16.364247393782463,14.207377235272347,12.962222161801483,12.546976902187664,15.568014331090632,11.07354687091543,16.001109774428734,9.007557385276598,6.359769034171491,7.538283172698565,12.887124141040394,13.433282827334127,5.637609679394877,9.77862909732275,15.39908168322313,15.255683142431588,9.881162045855161,10.326821066308288,6.929059658376496,5.390040530471104,3.0242638616377087
14.9889553352522,14.585626704173878,14.739254656503848,14.849866140631404,14.98884446558109,13.840417337890488,14.059248064663267,18.808753958074753,19.445240653950698,18.16125550789887,17.84694757246103,17.481417941008328,16.69193042631833,17.216694301971298,14.830051902008444,13.105847442873921,12.725300142418279,15.040127444908435,13.615666146170222,11.5628070218907,9.370351769739276,10.747422405643901,7.114941136012715,12.306807682614446,4.365328010421335,6.886447217309536,10.671651264319419,12.84564054660371,15.79391567137802,15.597037719190173,12.217196422408813,8.959000908919242,6.492420974636468,4.034745358423229
16.292020530075646,15.679426201448672,15.176847156131183,16.0024534245463,16.007813586872867,14.384651322379248,16.75648411520924,17.759363806606128,16.673976450900117,17.93413125784263,15.615063382072433,16.38501597062897,16.962215880847026,16.02067573527815,15.702634302275357,14.853733002352703,14.076730822479426,9.539175853914763,1.5498013984445065,9.211137556178098,7.915372202462192,10.86417427808388,7.513208815531006,9.810026213050335,12.551569470300882,9.052235209328337,11.487757526331963,14.6271779740321,15.104904545499451,14.088252072819794,13.806214640219025,11.113325267773307,6.74874508525754,4.498764018424446
16.96225710630523,15.731865885867943,16.15219254689003,16.852301381070507,17.1594171485224,16.938321936689412,17.992218332774954,18.395190696935234,17.386462126325682,15.413005733029722,13.395056303396471,12.971306084899474,14.89798336008917,17.257249280536687,14.903017405767171,14.187034891051097,7.8204338333860965,14.710544768062991,11.461811640771478,8.277477431143915,12.68999255718979,7.677350823956125,10.998459912209258,12.717669938837938,9.433540267934351,9.622388312037954,12.072202420036477,13.692170280690183,14.599641185806282,13.339827280042009,11.141341511268983,12.171469847609089,8.560219145951205,5.26448483864831
15.275832215948757,15.556210978606464,16.310119735167543,16.76195788725615,20.02095060523462,20.953717650602517,19.86800709295037,18.379674244681848,16.25430707884415,14.574757874985394,12.30559011059595,11.253102396429755,11.328546562096923,11.54073981397883,12.274619799182226,11.95157193936712,14.583856774964483,5.881482611643737,8.568573271541641,9.852998908087654,12.567922665788592,10.19528573234424,4.373586478728379,10.93419710874075,10.675723297166238,11.266930194568122,12.87485802269616,14.171577758576474,13.648705871773204,13.946207015293425,12.553913456553968,11.256637952717382,8.350757663870896,4.735047987221988
14.106929964783523,14.394346421034511,13.433504773410036,18.46029039932667,20.147647493458823,20.48210342981266,18.87097985515984,17.156440849252373,15.769990813103114,13.221082076527011,14.28711317332026,13.968078913071668,9.529663729508371,11.021283879019283,12.37213536938293,12.803373321460457,7.175556958181813,4.659686035308867,11.875337386416739,11.478258406211506,5.670219076841049,6.408769390038618,8.87303679093251,10.101296178032985,8.726765014772628,13.03058515524673,12.661238550290113,11.5198023048026,12.403660621671348,12.35789600623274,12.436689865214067,10.0884260424906,8.60536172281236,6.668050206969541
13.491531923761805,13.18307502163538,11.738713742538756,16.794924436803907,18.78413721062819,18.40469492529829,18.83250831605805,15.90218318413722,14.154257479142247,12.955496891714503,15.008593176130692,13.19186813591431,9.743486440834944,11.089152436496267,7.480944172718736,6.186538224584597,8.69635238547052,12.925672582279983,15.53096447285303,13.940511282171869,5.3955008188225255,7.3817863849299545,8.81787351699181,13.282794609237955,14.719173377937913,14.709044610233855,13.119232975321925,10.848726264499666,10.709598030652762,11.462877720352882,9.82257838193801,10.222061073977354,7.995120199284727,4.837252768241435
14.114413278886948,12.978513610604528,11.305565729379099,11.841742446407052,21.041453335359346,20.301625552422987,16.719407764210995,14.305198114449668,14.632254570585156,12.472703035946552,15.807179087242554,11.486364015137786,8.382848872074595,8.826051884645901,11.285962415228365,19.642273916975093,5.693785075729682,14.549341961650061,16.307283750635158,10.910987443736955,5.547397378320445,5.400870432451882,4.420327613002544,13.315122982371037,13.67859690192915,13.86643184788752,11.357203292180223,10.875812663283348,9.243040509224123,7.367299909878566,9.653003311519008,8.307586765030697,6.659885311329566,5.414919734044972
13.263863432854587,12.569713542850764,12.261961965478958,17.294743776851092,21.31825932603336,20.212875054789944,15.800479490766612,13.902346936064513,15.481765512471044,14.51839464389089,10.83993781664931,10.465845233545197,13.361968590635161,13.079559822778347,17.213725572383538,7.670116707288305,12.039786638259281,20.79986704479586,16.02050461199383,7.220841634879679,14.425521005565193,14.13411447235743,12.065250638148319,11.100632428007163,13.023108116065785,13.50001030469832,12.09827982429388,9.010003812339324,9.360016826378782,8.65607622753929,7.135216322078396,7.2719561700701245,7.309932015828425,6.138114898936735
12.15726423365395,12.84762967615338,13.805675995557095,20.665711224133805,22.436042436640065,19.16135563037421,14.409942708273771,12.841863181100301,13.186665644179358,5.80284314113699,6.552304404424491,11.037936129498773,12.980033592581945,15.182002590636287,14.130951176652141,19.772228967401915,16.593123458655,12.41513331647741,8.119651778517495,8.815749296027905,11.431201787488076,6.951882360508393,7.993377828741417,8.470022337683902,10.908959387500252,12.046638650523423,13.050967578450466,9.301117868347612,7.051947815606429,6.469347880505992,6.588139838062124,7.9373751134354675,7.58076405886356,6.4896811225761235
12.641820484284471,14.666757672083675,15.389847659118402,23.04139473697664,20.747975691261605,17.235891180560543,12.35374454177793,7.974181252642968,16.293418007340215,13.792366942599834,18.440166854699346,17.666163089510754,19.2908952084281,12.518558589343774,13.49419403536501,14.201595575811666,12.939447090165094,13.878602192669838,10.42658091577439,4.991518921613069,7.5948130018261155,5.319897367747942,8.431221749990671,7.538517141648592,9.294188403117149,5.7871476310253875,7.068962731497319,7.7239494617041355,5.695829361974468,5.001629826303573,5.680778001441892,6.071492931703556,7.346357732082794,6.824003381611863
14.105011303151445,14.554727057357484,16.988936102586432,21.912680650320663,20.66605079655339,14.341137646257053,18.867020572977413,11.968388140870815,10.418520560331983,16.853387744679807,8.013511527071872,7.291847207850972,14.298673292729482,3.0223157152544697,15.921970349303797,10.482648219467753,17.584812691234085,13.765889381136253,15.803699455456965,17.36986635111597,15.512344593831143,8.59793729813499,7.005075808647395,12.548822370183169,8.22119731750917,9.051990189869326,9.944733279924431,7.358348478594896,6.941841897136016,6.896716383229433,6.637715141605567,5.752225436103336,6.336442265015567,7.020169143889154
15.351467371753337,16.923327797608177,18.056479434790997,21.56080538270681,22.210486341530693,12.069654369636353,12.999516999350474,5.91207681318343,14.62593245981757,20.334950805517263,9.608563897178955,14.988052674098878,17.27315016765314,19.293775288128305,11.316604508370085,20.157503313270603,13.798865006944624,9.603409362274812,10.922903165432295,7.302768281121488,11.412192097414811,14.515007532909406,10.712273053662908,7.475092920797311,10.758006868902182,8.065259850153355,7.047914423954823,6.972858732923256,4.170457109392306,5.840316318011702,6.446679304930921,5.648633421989025,4.788644369854606,6.571521333698556
15.411718089644108,16.503576264953082,16.931903517048962,20.408693588437668,19.18655977439891,20.982321045489087,25.76663516521174,15.79865512986099,24.07743112198889,18.954703946492273,19.377158930605848,13.898512461792997,8.827958774314476,6.968981985263232,10.67238167106085,10.263168421260778,15.197069359848848,9.308794797018134,10.384341852587264,16.43195045907295,6.104565229365738,12.752507705678415,12.18496746804581,10.861891324847988,7.984078603828849,12.374310521910743,9.162204350295465,7.781435950515328,5.162466995098359,6.346005153046891,6.12993370368072,5.234783977194551,3.992147009999509,3.9698585653324248
14.640138961330399,14.588493584900778,16.602390285621485,20.332383894357125,18.01220055945858,8.67367958869604,5.282783677585841,20.352919388584148,10.248538532469018,9.66345254317343,7.862240639197566,6.937841155562088,14.536264642107483,14.734390744586836,10.561591961731938,14.563095559008769,11.599634290209385,10.274426656532906,11.034806876270965,9.930395914144741,13.478914626014648,7.220551739447861,8.634927347278378,10.620451678981835,7.964177276759902,7.0705326291993735,6.675412051944887,7.738610637101345,6.085521382154378,4.604797194374231,4.99105094602678,5.591760752461801,4.855225627359535,4.302348686040708
13.460663865860159,15.122863274626305,18.63356007297369,21.616475786929424,15.306477857587634,11.771752780218632,12.141999364908628,4.880096741413724,3.4191302576503655,4.85950971926243,7.647814378203019,10.838598264463448,8.692346139785016,12.500484072741697,4.621615390706285,14.446572840077522,15.945324270753174,10.895578608551792,10.935601680758566,8.84224521403596,14.799300869455095,8.9856962389292,5.423569746071561,7.391870525132449,8.980180208733785,6.7291929990256385,8.42698637908452,4.854672302922645,5.494313949184273,5.511385008049088,5.518694040494257,4.459778681492722,4.905409702199727,4.135525649799283
13.874056194692146,16.364789706676717,18.770982752578142,21.970642224013023,17.765505389645128,22.473810255516987,20.62827811138578,24.22576047269817,6.532247146748804,26.670906632507087,16.554696289749938,15.3891102458358,8.340467529804958,4.960893120361441,6.005999345731507,4.9762623397934815,10.996574376221874,10.632520781633174,9.19623900027469,10.245722485991596,9.807258382226781,9.470050809101213,7.853738306749528,5.32123980370558,6.511769560956873,6.103708494132125,6.2461127246346875,6.116573252878295,6.733176825780671,7.0757357949662625,5.809368157420732,4.638245701608559,4.147973761396693,2.992102377736207
15.758373898463793,16.899639145400425,18.76854115147997,21.912171451156976,15.060885135080067,12.02515430268948,19.121034795079918,13.591916226892495,18.760541777526726,20.960838628131306,9.727561673889722,8.60568275124871,10.20708275042936,8.467602070070642,13.717657031296058,11.960347504527109,4.627187150854806,9.648298754326508,12.535312397495503,10.317176705110453,10.316190003234832,7.378708559969682,9.32510445866508,9.205705174161963,5.184091031448935,4.620936038833362,4.532868227839959,4.7072813571763295,7.336192179386894,6.8634457630778005,4.759373466223432,3.9623058755208995,3.035330531734906,2.874797290192575
15.905008110410822,17.038487802864854,18.71946684052036,20.95999903503498,16.656660689834144,12.811226140064685,22.772570448882675,10.270974355094175,7.233957626361218,11.250318355397798,6.00432661882887,6.74185754571031,16.564543683607784,18.971163569467375,8.641850767401621,15.006726843262932,11.431723461582635,13.788659231689943,11.306359996301214,9.474325203118728,8.421892402402662,9.956539201332452,8.679535011610687,6.199428500516315,6.3688676662879535,4.200722608194479,6.067830179947399,6.441891253639479,8.440575357268408,6.936691663927996,7.094310043521319,5.586799373543606,2.1007940979712654,1.9354875522343629
16.27750619684954,16.78224616060651,18.160157197890218,20.44305309791421,16.781771591678698,13.74482029008605,2.0236517156268055,22.78448682834613,20.549577305906045,16.51790436488558,14.102207666737714,15.519104999291278,10.377547354547445,17.197151059311924,8.63374147059698,15.060883907930116,9.82061659095641,9.952847394180058,8.99317867309955,9.591156152173635,7.077016076774161,7.693962173902731,9.125783516773572,7.170747370894999,5.428577827841868,6.360129124577753,5.5222333123507665,7.810807669130424,8.258969240616846,6.213803381445358,5.948674961324599,5.860689683006966,3.596789514682488,2.761351206405963
17.010377434465248,17.44227731546271,18.200066393277687,19.92562629978675,20.017355816085495,17.27902101105723,17.6261885602701,12.971850191602917,20.17602399119438,21.9459141796397,22.03035662770084,11.374876547728638,13.619986238246877,10.621527762434607,7.449755184816168,13.994119008845962,12.027159961459127,11.338328549467525,9.306902803533072,11.838253590253382,8.675722764237307,8.07549631752113,6.1480820948060115,6.023485463915189,6.190729850078072,6.110560803816313,6.0409831990667815,6.8669987884397035,6.205083429629793,4.659171902528759,5.416553943547198,4.8663265667752125,4.01630577692588,2.073732230617433
17.034722098326693,17.450876596780503,18.26591380009191,18.969541104430213,19.99040157294127,16.528378345484423,11.173480187819514,9.669932366709935,14.01200669734367,8.607904230765381,13.636693613792064,17.085975253624643,10.874453192984507,13.781345385926276,7.3960397007304515,11.533639657635817,12.47929614035078,11.424883805604152,9.452867628259305,8.894865184889508,10.068853810097568,9.445830727390833,6.699058514382319,5.844625987908682,5.21338971667105,3.6332932868894825,4.576103939731215,6.493112197128644,4.606360921741414,3.963908863973769,3.3822432387173644,3.4648418288136416,3.3867559880570135,1.6019622207969408
17.49158310214605,17.886158778220363,18.079771198972548,19.048107805550856,20.345305455762187,15.739869849143803,16.181886996364376,10.062428088105875,21.527891686560313,16.222400868594516,11.064273200229849,13.766214784298159,16.058236419367375,14.243620728879337,13.532616556244715,13.044575434079762,11.92624886544927,10.473378753741768,9.434020718227732,8.915852718416653,9.30721232338612,7.610887433929844,8.296185449674965,5.4853470351247955,5.386506248163084,5.775729474387871,4.61645964447815,4.523229564606382,3.2351572285935144,2.492414140022425,2.6367486707212984,3.3903512360401784,2.675589541302599,1.473331752220631
17.955648074776395,17.984485983774373,18.533256115287184,19.44279321546994,20.142447173097857,16.874676345014645,13.520505905502286,18.043268707068897,15.67992293896707,11.073817743088277,10.26037927865793,12.025820236355573,13.271786006392372,9.627368585613173,12.521770970386381,14.83459929720352,13.736705576635158,10.947370314429403,8.506444761525163,9.402486455318728,8.508700478376168,8.7288820991154,7.39047834834335,5.6082321864223195,6.125608452408353,5.509477720778397,5.011557478228833,4.900692064556513,3.9202528757820034,2.9542843570795503,2.0515974947196045,1.508438181424847,2.200939335103371,2.710907168987602
18.007938966171963,18.622363152799593,19.273397891200712,19.61914917278908,20.59260487671273,19.967614696145567,11.404798875573226,24.767068125689843,15.941340407635327,9.628326764845992,12.07047239351628,10.843225770984441,11.085539637474946,12.526172991785446,13.512457390823203,15.609339724919131,16.134924832821476,10.143366470282189,9.161896036126125,8.211092280348897,9.374947686048658,8.13520583261055,7.870438352036822,6.459614488368021,8.05205849254376,7.182216035826739,6.034058391217781,4.848167156043888,3.4723588014562523,2.638774799387036,0.5697437915159308,1.2077201697484379,2.562241164905498,2.6515662982401422
