script/wind150m.json
{"header": {"parameterCategory": 2, "parameterNumber": 2, "lo1": 3.000054539987559, "la1": 64.9999836372058, "dx": 0.5, "dy": 0.25, "nx": 34, "ny": 52, "refTime": "2026-01-30T20:00:00.000Z"}, "data":
[rows 0 to 23 of 52, columns 0 to 33 of 34]
4.675576956980193,4.29019167716554,1.4001978371676516,2.7470917235233094,3.3606859833433345,-0.7867524880990633,-2.46991082693393,-3.8238829137826,-4.157954593147289,-4.287953253319799,-4.118238717972429,-3.609281580629284,-3.444011811841592,-3.407784654866798,-4.720249365701231,-5.6538251601913085,-5.3981800951063414,-8.2063529493586,-9.9380517210334,-8.752906160743446,-6.195806221184299,-2.181495499207697,-9.180567556403926,-5.27643794259035,-3.890942028234323,-0.6579044733148415,-1.9503385081250681,-1.657316098559624,-1.130217820123042,-4.619237549292662,-4.558872313277379,-4.152729648481744,-2.8933853207512343,-2.213477174637004
4.112636580511654,3.950705163887493,4.228444942635019,5.146283419181099,5.068003477538116,4.7562883035326875,2.1286990040904734,-2.5524140665108206,-5.524216961315909,-3.962541117886376,-3.906198281882281,-3.719403107087249,-3.24425443002875,-2.970018166080436,-3.524864074144504,-4.9402611463986,-7.816441333235382,-7.579863775513063,-14.978689961967213,-8.572630650250623,-14.325605715184949,-8.089121892475617,-4.206687853386521,-7.2570562887383225,-3.0301408321942778,-2.54395990826423,-1.4785402557130929,-3.6587141631683875,-2.7033371929803764,-0.647923060318594,-3.9916026787986914,-4.079315520459375,-3.092632279976032,-3.085120029776535
2.7468591710958643,3.149533989711806,3.481005452182225,3.875960553983646,4.575518017955009,4.811677277034062,4.880322642026298,3.7222772027685473,-2.9101310839486016,-3.8304432475920738,-3.1881494551979332,-3.5723403295049434,-3.6581628963267674,-3.0600801853363104,-2.7669262295141976,-6.015232044398015,-8.348207801198848,-11.767853281452044,-9.104080999095865,-7.260704026987369,-9.341201911310081,-5.317807884411216,-8.23864278029147,-6.2013121186735916,-3.4088667437210436,-3.627455657692264,-2.757397356098464,-2.395811962877174,-4.555153357653947,-3.0635737917184374,-1.962548748978838,-4.36215465676536,-3.98962220830864,-3.5500795528623277
2.1193839467021327,1.985166852018444,2.3416208381558095,3.1558215766889397,4.235538545276148,4.292484576689624,4.280552355923007,3.5224022859981536,0.16230588471788063,-3.4131689252793413,-2.873731154858264,-3.144096411011168,-3.874193859507229,-3.9161481854690776,-4.57859702531541,-6.607431487673226,-8.028578843964038,-7.42265943808826,-7.882961951962321,-5.052999220986406,-9.627740121394686,-8.161196181748569,-6.096587165512427,-2.2257534689847542,-3.801031891721245,-5.107134407966414,-2.522003112889511,-3.6246379897169976,-5.032862708307139,-4.59385273068478,-3.4946477496336255,-3.4721387418523992,-5.07869031300947,-6.717775903894038
1.3206711698313591,0.8397362739665348,0.5843610544754694,1.306617118694391,3.474525092235799,3.671244846844986,3.418226400550587,2.799240313988807,-1.069301119185431,-2.030831540332474,-2.324998503371193,-3.5323376718299047,-5.135573691819816,-6.325242709123133,-9.55831853591962,-10.492841225745,-5.494699227819879,-6.221526220356197,-6.822986602869658,-7.162880614368254,-4.931025018706345,-4.427861959087435,-5.0654089817065,-3.2928219684847053,-2.139166792904914,-4.748590409470567,-5.191711420839624,-5.196803087913022,-4.42017327201299,-4.273597166243901,-5.26264371205991,-7.231856183013261,-5.453969596680642,-6.309802674008725
0.06750012164966157,-0.0043461017928532065,0.5617789821479504,1.6225670093173095,2.488545735728515,2.825921387122404,2.1810327211844722,1.4262332102330864,-1.6844268771498982,-2.2571169769478834,-2.523611887758578,-2.3880077283264387,-5.220756056555584,-10.11244786019306,-5.4182839035685015,-4.701154720185035,-2.1486587337784555,-3.7300823228469264,-8.149522449871382,-10.127483550476208,-8.88120867093331,-8.249681022786326,-2.4276683770929637,-2.9283479575994877,-3.2079224518987903,-3.4574972851210775,-4.843828069509625,-6.505075614175746,-6.644057690913631,-5.1501137533567,-6.702119984725194,-6.059284884793515,-5.331260530836631,-6.757834328470088
-1.512128185740005,-0.19603655343087129,1.3430911562594574,1.6779031557692812,1.1778879151307826,1.1905788502975838,0.9995094569560116,-0.5429196872530903,-2.3619096288262242,-2.4104561220783305,-3.2401843775001113,-1.6236655838431449,-4.079287337354627,-6.57149864820621,-6.305844704280363,-3.965652707181158,-3.3738031774088166,-8.437903579526756,-4.64382598641525,-6.323334438493998,-6.243684944890284,-5.233235704793376,-5.74246318187572,-3.7740545753171206,-1.5790912342227184,-3.652290077641771,-2.0408237400492424,-3.54581525594335,-4.688679703017373,-4.35883150528005,-6.160419626854032,-6.967565755687002,-6.955648443722809,-6.804261724589723
-1.6292665910191262,-0.36201111277585135,-0.5920836601425951,-0.1167514618171456,-0.12523375713017393,-0.4184336459305579,-0.5728978108473524,-2.2543876902239766,-3.111855488295287,-4.182463292257912,-0.010247482928964425,-2.901215139054908,-2.104156764235916,-3.353641800146112,-4.949849181248364,-2.7033361957817723,-2.79413578507099,-4.578016308107268,1.586953698982623,-0.26610414675702454,-2.1241710930871416,-1.5241562974489642,-4.853087097679061,-2.8665693240161216,-2.7408844999677786,-3.220542334524926,-3.025755416417197,-1.2462511757628396,-4.6492622357964715,-4.44761373563514,-3.231054936602579,-1.5382414211135236,-1.2177284886318793,-7.307695993103467
-0.779523943826457,-1.315444110312447,-1.4274873020497385,-2.281509522762194,-2.087087323925713,-1.8285536034251482,-2.2862067217752946,-3.755449713072057,-2.09690630758031,-2.96225778210695,-4.094064122488193,-6.20866930907091,-4.08674396330368,-3.4708903562240336,-2.644131658051997,-5.222693807516537,-9.1911722628138,5.897666739335144,-8.994467612852421,-5.798531726232635,1.7020112579621405,2.0101946311446186,2.5340511969201427,-2.0412559118052744,-1.4699807116602546,-1.682336203813699,-2.23376006654369,-3.0019985773004905,-2.86908209940083,-4.664596494750989,-3.1397662578737946,-2.474599916129002,-2.9076695378069055,-4.731270328156488
-2.843529853034496,-2.7374347418193876,-3.768375784338483,-3.4321721068599955,-3.22531034170442,-3.2382527601127173,-4.288957423359058,-3.416823688539641,-4.487482103129956,-3.727994133118805,-4.466983472483439,-0.6198770844115935,-2.407619449645061,2.638264198116933,-6.702371183956068,-1.1147539370982023,0.14414027025595785,-5.253060110040022,-5.590919467860652,-1.5250391738874978,0.6415401899858312,0.5875000794509997,0.44484643074925284,-0.6116983536444562,-1.1058450926604229,-1.2899872275936164,-2.352892543465022,-4.261197569276125,-3.91037170116624,-3.901177722079071,-2.2171852903287306,-3.749112528115712,-3.68191160383934,-5.00727510021873
-4.0101216052763515,-4.133178523923643,-4.554244452775368,-4.034508797504927,-3.168777204192725,-3.5988926248940603,-0.7431869067055946,-2.002739084529095,-0.8299481321504806,0.7928904275308656,-1.8447391294096698,-8.152986091298908,-0.7424430037261014,8.032439922255179,2.33588686103707,-4.4700955505619095,2.0872315276466034,-3.5834543759520114,-2.9227657106302445,-1.1250714886738504,0.10517907045432744,-2.1206353933227273,0.5172704203145226,-1.919548448246055,-0.8926590773011959,-0.7362925267074099,-1.3847038401457716,-2.8592743678042885,-2.9461046545917413,-2.321911053158995,-2.9294739273923747,-4.202187752195256,-4.195280814388306,-5.187068008187632
-2.1559447084643217,-3.2185068101014065,-2.7003900639196083,-3.0145954512102775,-1.2113794065290309,0.1979631295341492,0.12746613077321384,-1.485458528357279,2.3017491493595266,-7.765728568219905,-8.650130515796919,-6.537026000579167,-6.967157283378801,3.9679509803358566,-0.737091463964013,-1.307162062753517,-2.507381712478073,-0.65944333114299,-2.2642474753726396,-1.667700932329385,0.09870216661926694,-0.6542525776241591,-2.8584414879695554,-0.788961729690042,-1.8719622381845078,-2.129809965965422,-2.549406986322058,-2.1879771126360086,-2.3602680440157573,-2.4961832937076514,-3.3323300883538587,-4.002858491551828,-4.564468770574157,-4.747667062101469
-2.0648332660199076,-3.017538749126563,-3.063456215354087,-2.0599058834295274,-1.327693338471553,-0.6477440323679179,-0.4234120697576574,-0.5854091054355803,-6.251624813292998,-9.846639382357566,-9.557462610491399,-7.599957561458424,-2.1959757861640874,0.37377945218518704,-3.34133259986034,3.800586333707262,-2.348590589138502,-1.3298330584063611,-4.140208342907954,-2.2123319534995196,-1.5348488523556747,-1.473731788481361,-2.3113389508598337,-3.058277910492925,-2.743032042360595,-3.2391975576869765,-2.401614233061747,-2.236928111427665,-3.027304877356989,-3.098847840063393,-3.527058208998094,-4.266593153140363,-4.568914855250653,-4.779647266190993
-2.2520787547409635,-0.9010683498246154,-1.8935046461277025,-2.852943617034065,-6.645696951674818,-6.489955158068863,-3.616827247231447,1.1372964665683347,-11.467763918699688,-2.118913728841452,-4.215166965509195,0.9626875348666597,-2.6745321121337735,-4.859927202326227,-0.24890848875518432,-1.5362330956632402,-1.8007130526691313,-2.4470174305563916,-2.0202428077233,-3.3320406526502677,-1.5146421320509436,-2.9184345392840343,-2.161449429970011,-2.809217930896065,-4.5448294244022875,-3.5743867111089185,-3.3759783127372147,-2.1600039101289044,-0.4759890969699955,-2.340559628595948,-3.603064451764543,-4.215905394983114,-4.4220106703330595,-4.725011002201617
-2.506274027312423,-0.15682233528609926,-1.3654034242587592,-2.747697017885046,-4.571947360612404,-11.00076259919975,0.30334725071397295,-11.300899498768178,-5.857168585834558,-3.7193623966456393,-1.5945398390709458,1.054964538490175,-0.6357163903552525,-2.152712437614855,-3.277622853481569,-2.483395836639647,-0.8369444740364329,-4.048844335881626,-2.6260256507535376,-3.228418035400004,-1.694747140840009,-4.231214880736491,-4.299766637506002,-3.47769432352907,-3.7708111041159578,-5.356323853730862,-4.122285608308343,-3.555108971505916,-1.2563208005265878,-2.923846129972578,-3.881771553447316,-3.995638852838977,-4.325412536135198,-4.713626771784438
-3.3443369927579907,-1.5530535089749578,-2.2755729982238626,-2.4671251993240437,-3.699254870022871,-7.939205676142134,-10.578022045849366,1.478447048799177,-6.268194826768773,-11.526112064230668,-11.25695168936936,-7.661029900152903,-3.2041504382415096,-3.7442105898208253,-2.7013264304826765,-4.4529817278053345,-3.941280878374976,-5.753915999380105,-5.734069449405989,-5.717540852878879,-4.296546374634325,-5.1510937338864915,-3.1316677546031717,-5.070162613618774,-4.349907744202255,-5.371015370206616,-4.535180286960973,-4.867891514764546,-2.4675708571474897,-3.628058762720811,-4.724373252544573,-4.698519563390608,-4.65709551842174,-4.80743399401594
-4.681842645606029,-2.7595130555544465,-2.0418046820987,-3.6291694450463723,-3.9223609802926322,-8.781827045782578,-12.101228177100117,-15.015802258324145,-3.1132674739893607,-13.245564411994803,-11.370511216938658,-6.436671717095724,-1.6350770667780448,-1.989582395066291,-2.2472153875637466,-3.411468706891082,-6.49967366825242,-2.577599948126592,-5.736890818258889,-3.8594990331730163,-6.115534528760288,-6.5965908258583354,-7.346241032119761,-5.244669460777692,-6.420136660700564,-6.387577150271765,-5.6740971396910895,-6.3475844891752375,-4.545699950853772,-4.034473960980885,-5.237059821285047,-5.397402646616871,-5.245401574587549,-5.154267699077794
-7.703721425061298,-2.9925222974887586,-1.9213633089695565,-2.4692461160040198,-7.030940305535065,-6.667055792730178,-11.094697522624253,-1.832099407539212,-13.674044589463902,-10.730328421554502,-7.303947202263549,-7.469240224975124,-5.603973921489746,-5.104739975872244,-5.351448016490594,-5.994159580895263,-7.838244489312992,-2.93469490635137,-6.382777382157841,-7.666463834482713,-9.110357261131972,-6.373724489883672,-6.24554244212794,-7.241892325024402,-6.925536616504982,-7.851975911548125,-7.530678575950857,-6.488358714710217,-6.470601277846708,-4.790639743405906,-5.881432701988846,-6.89800755740994,-6.697351589801442,-6.404375413425496
-10.017214919112003,-6.970578602942231,-2.380300268450066,-2.3197875437093614,-2.587542435362782,-3.436995170802607,-11.96085952704093,-9.930185898946213,-16.37552552717685,-11.667476211133705,-8.640965495760456,-7.888407362039659,-4.863147824572781,-5.71191527327735,-0.7412969414373936,-4.969833310755751,-6.060237668582577,-7.400177967207872,-2.7569358523365546,-5.812566963687161,-6.807622659474825,-8.711315091163138,-7.690164305975565,-8.43713684238723,-6.968602787199048,-6.965360320365149,-8.622775977604697,-6.735416584896817,-7.578782594834615,-7.56179817255187,-4.932084064042476,-8.12455932404335,-8.413620659855237,-7.4327765504885095
-11.614008698151322,-9.77740859892297,-6.904985313930262,-3.192985098244544,-2.655335746273534,-0.4865082818213439,-6.399977179154015,-7.277349276140894,-17.09081788164319,-12.45427529672538,-10.363229966274828,-9.654562821939619,-4.68501702903064,-6.773104152544489,-6.61111469583741,-7.366029023232128,-5.0718406855661895,-6.7964962113889085,-5.368813175659842,-5.513463914169991,-6.330719962560903,-7.044540640885973,-8.26453840861495,-6.669863437366473,-7.28920897232246,-8.683718935655527,-8.331862317907405,-8.748310663184188,-8.190862382791444,-8.895265864297748,-8.434287172570418,-5.522880795793885,-9.280547176200534,-9.310057506943961
-13.6006098877921,-12.980955207341262,-10.90750166633845,-6.395804889557752,-2.234951117153331,-2.4749771071771467,-2.1118298143451306,-0.5834763639187621,-6.8529306368269625,-10.863727920429058,-12.647285477184909,-9.479984383637944,-6.081589209721944,-4.264781410038954,-2.709043433554487,-5.678905886036861,-6.490113451182431,-5.762465692244308,-6.987392496831865,-6.657636781870721,-5.672598175093197,-5.051322149373312,-8.466974149178382,-7.857225376578614,-6.968574577323713,-9.142507496245235,-8.055486459582578,-9.340789791103184,-8.72471917955647,-7.444427188150503,-8.643780308395788,-7.887777532929653,-7.316021191085595,-7.43379498569572
-15.795872144646493,-14.844799824844452,-13.557128217919507,-12.895322238363217,-5.732083541320292,-6.178401397066436,-18.49774576542004,-18.322052822472568,-19.710528797444283,-9.22243545225134,-6.579611326501018,-8.470407202743095,0.25416351252035874,-4.164295121716855,-5.212889777248499,-4.867334255541607,-6.152284809802127,-6.569890193685296,-7.341946442669845,-7.644673827880148,-6.978185380080682,-7.264232462761909,-7.763240491898848,-7.674764111706781,-9.2388093037388,-8.57998975043971,-9.538914764816809,-9.584707206809389,-9.577751960151796,-8.07167194683682,-8.012872401864056,-7.506372895783232,-6.563844575460118,-7.479704645118635
-18.16996007712266,-16.909863110651198,-16.26874645330167,-13.04711163405824,-11.944008148882784,-11.043732088269739,-19.627557042863216,-15.900868468509895,-15.61704171796875,-24.35298132120261,-3.972413494550922,-12.813010489942108,-7.219243974051649,-5.900370661924503,-5.87139907708447,-7.1372363428476735,-7.197676320376721,-8.124287228383437,-7.505254727766767,-7.832198042071047,-8.79011088401788,-8.213103041094236,-7.925093483890097,-8.766535084813551,-9.007993286527448,-9.701543726028756,-10.19308371689319,-10.42152789870788,-8.983389656626274,-8.247848963398626,-7.945966566510746,-6.511033019520551,-8.140523316723819,-8.144328667788002
-18.71854652386847,-18.454519309333044,-18.326916843822502,-16.84938269311684,-10.733429393066084,-11.42140589855095,-9.83546751497883,-30.490575998396405,-21.8650674357992,-13.13557737616663,-5.450983678194611,-4.669530201316287,-4.851389081580488,-7.0781012596207225,-8.008881083587216,-7.868145613383775,-5.6382543435286365,-7.001487384803911,-7.772746730287218,-7.799305593572524,-6.6350529637118365,-8.581671251679769,-8.049264176623298,-8.55576094727338,-8.469389122717272,-9.741823756869776,-9.44311397198477,-9.937148159440747,-9.366231071905931,-7.882972747077331,-7.530865350586393,-6.964343685229944,-8.381007933975027,-8.35540103096153
