script/wind50m.json
{"header": {"parameterCategory": 2, "parameterNumber": 3, "lo1": 6.000198445256149, "la1": 58.999992894266676, "dx": 0.5, "dy": 0.25, "nx": 22, "ny": 24, "refTime": "2024-04-17T13:00:00.000Z"}, "data":
[rows 0 to 23 of 24, columns 0 to 21 of 22]
-2.9254805616710358,0.5516340638363408,-2.724761854773234,-1.3360782563602327,-0.0479717002041891,-2.231597849849585,-0.7082061932963817,-5.128508575083637,-3.6645055918916327,2.447668529938936,5.937403318129333,1.4203572240661293,-3.494232649611558,2.057707077598496,-3.2876032531720054,-2.0976409884610785,1.0282489195134246,0.9484821387514769,-2.5022346450113484,0.8549516018240209,3.7463383238510413,5.233460318423531
-3.5150523000754306,-1.656944673141549,-4.932183028964734,-4.167732195898293,-4.5010871027198105,-4.789300456826278,-2.976452352697252,-3.255974297911616,0.34642525867943413,-0.5179272379513321,-3.7878234074252184,-3.3382761287813745,-3.3268905689641697,0.1463220740623328,-2.482080080083896,-0.9704286327029295,0.6676933448409641,-5.96785004785276,-2.0445411905311897,-3.0318233288872953,-2.8169877399232486,0.21188974682919354
-2.1899320601360746,-2.150355448476269,-5.017185673823759,-4.787363800244608,-3.4391664341816974,-5.299240566817548,-3.5429811481870837,-4.397891574437267,-3.544699109075581,-4.065718878271167,-3.2461228037648104,-3.0864017719929233,-3.152552908444999,-2.1753746687610263,-5.738506756767466,-2.049002926509461,-2.525144104895539,-2.5370129025967776,-2.1120461270277624,0.02003882521901587,1.5945350551578819,6.430776477472747
-3.0663728816529128,-2.1945478632401274,-5.03984253757217,-3.666672392479557,-3.0055697922395437,-4.789050932014196,-3.258042715501388,-2.813896646432518,3.786702935215615,2.528588033876832,2.2782852738907184,-4.01080284181472,0.33592036810730014,-2.455044989611156,2.3080298376956265,-2.261273422530958,-6.602982591485192,-3.2746669452402895,0.07004724139724945,0.9503754511074116,-0.9867729974222856,3.2407325314067763
-3.9219682384398626,-3.097212634618493,-5.239294916070132,-3.709278415756117,-0.9590323608267901,-4.753162361001855,-2.733114617861716,-3.8809467443442456,-3.9094432336970937,-4.97314535341972,-4.711841070909033,-4.77597486848603,-6.3722556755062545,-6.045287350919678,0.8216984168216533,-2.527219595178854,-4.7724962194590725,-2.5669958427352904,-2.313446549545609,-3.521729008630513,0.5312002445616193,0.1305362502180924
-2.601066895775494,-1.8075876304429372,-4.728056236521641,-3.622465807357885,-2.801132428023725,0.18255291857868677,-3.5199504416807317,-4.946448850157978,3.764786566475788,-1.9696256308848925,4.356706563764798,-3.7448233566822138,-3.7035309885886365,-5.19950051883369,0.018985363025621153,-2.8793108284405817,-2.703482189012732,1.8444837196803368,-3.7376893896972665,-2.3832239411092826,4.566832004466759,3.26651168868066
-3.209601514751189,-1.5911409926618674,-4.541845307345407,-1.6147645021356614,-0.7912395938763543,-5.163226737476123,-2.156495845296775,-3.701895475435167,-4.482322613865504,-3.785328365863258,-0.48201585999626284,-2.8810862800064294,-3.2496837347031744,0.6955427820811404,0.16873612554397574,-2.7660950452567983,-2.679378419672193,-5.09262048259516,-2.2451919054219807,-0.30948106007401993,-3.4728098465359944,5.288129544172982
-2.448897287294393,-3.4594335499939346,-3.583571815262582,-3.032598134783305,-4.41773528731824,-3.7712817590722376,-2.599911263617245,-3.836155109311608,4.964886613794615,0.6774047422370096,-3.5233266441665196,-1.3924387362969555,-3.4297871872613013,1.786960702584826,-0.9903082927759962,-4.27890401921978,-3.684445682102189,-3.3878825584246406,1.3683364611799325,-3.3896574404271447,-0.763851497375918,0.825875881641081
-2.3312474912781105,-3.2566566821191074,-2.969926590460982,-3.2951400777711344,-3.050698078845111,-0.10214651117429287,-3.6379059064626214,-1.0496851778093823,-4.671352902119415,-5.799851722142753,3.922053522435901,-4.307952700390827,-5.643481703210107,0.14555740608590026,1.0082646852773705,-2.1916661639471973,-2.4900772313338293,-5.119249215415218,-3.3203462554996865,-0.3517604680885741,3.1687769191084074,5.427736837298484
-2.360971910425431,-3.3620583550317855,-2.3486301960432003,-1.6869708859766515,-2.6751623766726222,-4.799985001519835,-0.8520926930456503,-5.076485965163545,-1.6400106216798611,-3.004782120975348,-4.330688470452082,3.36111342806417,-3.4027560327828885,-2.559107200733876,-2.4775902795705407,-2.3210092362943993,-2.723906817821879,-2.2250825987064244,-2.0068713816219765,-0.13197194919055474,-2.1798297692555786,1.084332174656644
-3.2224652799821585,-1.5319737308173713,-2.823975179513912,-0.7579761264104353,1.3170945256792692,-3.3169592721342784,-3.1512536158312865,-2.578826469390195,-4.600396558369707,2.5594814179511447,-1.9141518821589136,-3.5996946992367653,-5.97620605100772,-2.5462234287666403,-2.400372039215089,-2.3498781957753483,-2.3452624920889065,-2.7494355315727215,-4.45673432455758,-0.061206682310782544,1.6506230685611245,0.9867904851866083
-2.770933741095301,-2.241053846654831,-1.1945135033168213,-3.1054313561778195,4.4064424961713975,-3.9580110307544696,-3.3028744923987157,-3.6779254032537807,-1.525881513444425,0.7632261985385593,-1.7170597421849472,-4.5164044867256745,-3.8820644703480753,-7.272821412665604,-2.71883232580085,-2.394746912279965,1.8984780438415751,-2.6407291374917436,-0.45463161028686244,-3.6843151670521204,-3.8134684418998597,4.6698517725074264
-3.14435794749857,-3.3540208776980642,-1.1615089597685022,-4.293246146273905,-4.844619101493128,-3.3873826293751446,-0.33744433779870014,-2.4564046202574623,-3.14135536388072,-0.9836139847172569,-4.3871389103455085,2.657855277744888,0.21165299215076297,-5.452881700352684,-2.1732094286557504,-0.7292959043720303,0.890804843826009,-5.259520328826005,-0.9743699605202725,-0.570504181262837,-0.2781808167044449,1.3679907065528514
-3.913530184966694,-3.426181130097533,2.081909584233765,-3.159470346130909,-3.418799660658421,-5.212804049938558,-2.9497866020609576,-3.359647524575597,-2.1125243408606575,-5.082633287310135,-2.0870799270001696,-3.473945044013554,-3.298471638897541,-0.3128058228521915,-3.131270502907928,-2.6304131719606616,1.4083363940544547,-5.414303776030465,-3.4651079322932388,0.9325936423495665,4.598529372168198,3.544186660494853
-3.063134202484724,-1.7788159455290427,-1.8098487345250067,-2.178027461388596,-2.9016236599254834,-3.263334707461512,-2.868575569526774,-3.852903734100312,-2.609770902500298,-2.053967287231461,-4.286530594196199,-0.8370372939478636,-1.7176571476921465,0.7283602634284844,-2.9164398625697956,-2.6177492397349518,1.3128793035294761,-4.276969341534103,-2.077024081335739,-0.4361371344622291,-2.813375645146687,-0.268269086569181
-2.0058774179726986,-2.25852943842431,-2.1379927060919566,-3.036676050938877,3.1035467460418644,-2.3608316117342802,-7.79496927805267,-1.6698477431766257,-1.2622424169185948,-3.5743141347298417,-5.796406340433228,-3.4859405183513035,-4.282210388430782,1.1115986355201293,-2.110234901259979,-1.3367216928532364,-4.222919316199238,-4.148977080409707,-0.7262363305431793,-0.011742626520047865,2.0443442579393536,6.15132638291539
-2.8801733998943972,0.2056724879958261,-3.492344031522887,-4.237899545459156,1.6647723687014413,0.3042043411431244,-5.128844206600369,-4.672202601772901,-1.9228498885142586,-1.0547564982773894,-2.6151943520281775,3.9246039528073378,-2.0479653587426334,-0.6342035455141091,-6.56679583032757,0.5403071077644177,-4.840710238751786,-0.945247290457087,1.760007483767078,-0.03798830879235571,-3.328172801036828,0.15648019140789915
-3.605586729471603,-1.4815115848076332,0.42737561008071967,-2.854583907360483,-4.588076161355212,-2.108053992347844,-3.8693861574128023,-2.2008658247518285,0.40388577921742785,-3.4486324337417904,-2.368258319638817,-3.4945059254273034,2.0303719002785496,-2.5171981453188415,-5.100984595510379,0.44114865217608795,-7.106813569181669,-1.258884682046325,-3.1903280922232513,-3.1244266532068923,1.5156449039734232,6.842594545993422
-2.928368245167896,-1.7945496767932287,-3.141017208508779,-3.919684790350059,-3.061115971096384,-4.222938812686655,-3.4552461334759212,-2.9600269697658854,-4.448740695261735,-4.8472121275253555,-4.463173371387705,-4.414934438966743,-4.346984377959665,-1.6063306274567843,-6.249142093044137,-0.12904821224229937,-3.2583308248994345,-3.6971900028619755,-2.242963671353596,0.28629693825631997,4.48644389759075,4.324302901416331
-2.037983259215481,-2.3269425893615274,-3.5705915678497315,-3.1199091659130156,-3.570858075047534,-3.3889459644297406,-2.968131049567586,-3.7779692381361123,0.44533009546523983,-0.6172221558456629,-3.2132439922662503,-3.788628302023881,-3.6439780023660577,-6.164605809857855,-5.259347131045979,1.4285229701255762,-1.3844865282632601,-4.693756012791573,-2.0712390729274235,0.8243881323059096,-1.192727347717643,2.674125153007477
-3.323807250326806,-2.921242487947531,-2.563235652164468,-4.252832731375165,-3.470280502440731,-3.874514808436224,-3.3226989262143745,-2.4966260096310204,-5.166215092250213,-3.2410384586431387,-1.683752293808758,-2.258396986444866,-4.3620316168055915,-5.125571058190106,0.1205554311718608,-0.055324114954656466,-2.97832923104382,-3.116202291600712,-3.0921901912360585,-3.7217560307952184,3.258137961226506,3.072341825082725
-2.398729525254688,-3.5061290449077114,-1.459795627249233,0.28853579588582173,-1.8384900081595767,-4.383197335887169,-5.194524385771118,-4.9381652417606166,-2.488618169625323,-1.2904599980056355,-3.2348832889240198,-3.137469691231222,-0.9834836575952401,-3.744498702168,0.2693604009570374,1.3122914340744065,2.060686640110024,-2.298209206342601,-3.0331629435807668,-1.2918403070417799,-0.7784413731523409,4.548441306058338
-3.330891405505124,-3.738832369957153,-4.271574720974237,-2.2392201576631545,-4.901481614987337,-1.7879592833504991,-4.463541128435503,-2.1042152945497365,-2.8487691280776946,-3.2807127456261598,-3.179627355502501,-5.522569573018627,0.05292981353967419,0.8336984741456964,0.353250406626782,1.4291348865798772,3.035964720301594,-2.892330856885548,-2.2186058858768147,0.1858158342619137,0.07805055774862396,0.635908258326182
-3.574310619211259,-3.89035330394618,-1.8932432417302543,-4.862874777857458,-4.005755293356887,-1.5970900087992366,-3.9922543171653615,-2.5881572670494664,-1.9870553392984576,-0.9477629327675707,-4.77408122801428,-4.31231823992889,-3.176747073053889,-0.6817710145777313,3.6594338651575304,2.5238664185025246,0.9122426466887753,0.45266218429285726,-1.8849042496718051,-3.0211945570264342,3.8365056097405144,4.770088544781132
