script/wind10m.json
{"header": {"parameterCategory": 2, "parameterNumber": 3, "lo1": 3.000054539987559, "la1": 64.9999836372058, "dx": 0.5, "dy": 0.25, "nx": 34, "ny": 52, "refTime": "2024-11-28T05:00:00.000Z"}, "data":
[rows 24 to 47 of 52, columns 0 to 33 of 34]
-7.517852075978616,-8.859851020259727,-9.655979611624257,-9.166720099159033,-7.21390026516529,-5.446659156237138,0.7097932999944392,-3.1982267731451404,-0.391234476661998,-1.0713063374644003,-1.8807919912200202,-1.7114432114693416,-2.681820331712469,-2.756900999011325,-4.746364621421393,-9.927531970838524,-4.77391614673408,-2.163242914532383,-2.2134137350635683,-2.511966151416208,-5.420067667166569,-4.129425998210218,-0.99177109770758,-1.4297398426011445,-2.0406168429416627,-2.0029880135785363,-2.279487486835541,-1.9111598260821316,-1.4136427852120474,-1.702416146013837,-1.477497449039092,-3.3805303762075027,-5.7783046617634675,-4.176281842544035
-7.565972196881076,-8.713929170662976,-9.521051558735142,-8.910195255064023,-7.458364542035808,-1.5893245558189557,-0.039469991909373926,-1.6839370026160692,-2.129638928135538,-1.3075327226836475,-2.501806636934386,-1.4913693700843156,-3.4719399644717654,-9.105916301909563,-10.536027413519285,-9.571750374757485,-7.499933178912858,-2.3003440218442464,-2.5709974139502703,-3.7500240655988106,-6.162699200003982,-4.361898194561605,-1.5325840720224264,-2.2458303080931166,-1.7004118878572043,-1.983302820650425,-1.7682672353907516,-1.963867143623329,-2.6901080876700867,-4.0026473194697525,-4.800003535602231,-4.264844813087905,-3.6342958262880125,-2.711014457465647
-8.198908765050142,-9.526409564936518,-9.712478677498616,-9.193643643390146,-7.4980738119696895,-5.012721859284751,-1.4559375899423699,-0.5041037561763927,-0.7388283010469758,-2.2237759497187635,-2.167775281430426,-2.6070694513935435,-7.650474195401085,-10.686039940750454,-9.467338938698125,-7.915160554090663,-6.0060988357307865,-2.224554867280429,-2.3260524746350257,-6.753450896659371,-3.244435807394398,-1.8856728485936234,-1.3789777902753928,-4.765523174407563,-2.6677715402420703,-2.200695713850577,-2.1377703656402365,-1.9341603237888128,-5.240870755952738,-6.026567634330413,-5.1076837446691785,-4.3333600960600105,-4.271518585489135,-3.5887109157513195
-8.92169651178943,-9.595130281957116,-9.89054530124495,-9.314709143381302,-7.789521781247511,-6.782017831488241,-3.7007802702932033,-3.0857599097079325,-1.4538518992879144,-2.1052243185823247,-2.483327474918602,-7.277104442144237,-10.681657721546824,-10.104122348674895,-8.768898382153594,-8.165831395368443,-6.039068534976861,-3.1329761873181687,-2.7672816054794174,-2.147347448865848,-3.370257313745926,-1.4828265633309932,-1.8048734444861516,-3.9555601847205684,-1.5231602292505677,-1.9845431785279748,-1.8391155689005234,-2.1137816371620732,-4.809067611645196,-4.6859189726542985,-4.109907917154979,-2.9895240642687355,-2.1126251289074043,-1.4557527467726534
-8.127365664981559,-9.253784331632774,-9.55336681399072,-9.33754012768128,-8.558870908704378,-6.665043984542116,-3.5924752146537875,-5.122313604458184,-1.7303145359155034,-3.3056881226216337,-7.884932541409712,-10.60089562946382,-11.562055159015213,-9.752770084322611,-8.774981255879531,-7.837250769235947,-6.731752411510342,-4.578432269178222,-2.487500353446868,-1.8254999778753833,-1.5500094207200072,-2.204475626780547,-2.3673692005308427,-1.5577501099135613,-1.5115479328209143,-1.5217336605645873,-1.618711604945146,-2.2351039775002732,-5.2378749389797195,-3.5544981516935104,2.6026346623777474,1.0678177171523289,0.49075897047245615,1.121514712087093
-7.863466522867961,-8.338915474302398,-9.58281544214445,-9.99177476719448,-8.351518494925028,-6.8584487083405765,-3.907049768543911,-5.317124403921167,-7.005299228908369,-8.582431308572891,-9.657671257491712,-11.047091887914855,-10.535311192981952,-9.320389535677213,-8.328494437430939,-6.598544889075,-7.4470341480709905,-7.64238324267436,-3.0916692389413276,-2.160192397330432,-1.8270960537017342,-1.9829586837387772,-1.8185515393450626,-1.2929384502494932,-1.6231612776433726,-1.5031478182142788,-1.7118025283435807,-1.109769110875572,0.4992873499735317,1.2158690975945563,1.4602492936997764,0.9084307034694141,2.057559487567999,1.6149604043906212
-8.339804442804637,-8.366957128836715,-9.773628740414873,-10.392426620440382,-8.7523249659932,-7.279570599229144,-4.92486763895562,-7.090718988830625,-8.20922137782325,-9.181994054356517,-10.808936140422826,-11.98759117075259,-10.004053617046308,-9.002697352938172,-3.713619852105552,-7.019342009637888,-7.486364602950949,-7.432574964756058,-2.505602557620109,-2.3109702668882526,-1.8334475197285836,-1.4479659901955515,-1.993239517718567,-1.0592875315592458,-1.3090634442541118,-1.5653188744777986,-1.8475098486069916,-1.9458339513937934,-1.5370956206886337,1.809672724206684,0.13847812570049917,-0.39999164339770493,2.7122353719928673,3.2321824250073585
-7.9464545851395245,-8.40818950644026,-10.055589480258291,-10.672608929342353,-9.718424168876405,-6.034974551665811,-6.88509281744931,-8.5187663227265,-9.266323338446654,-10.169996738278149,-11.415304028699133,-11.568473904437983,-9.621161372231885,-7.1658756986929255,-4.1447918037969655,-5.4579696850740165,-3.2039385703480514,-6.855157237281389,-5.966091798947981,-1.9232511744112863,-1.529388895881544,-1.7644504051510246,-1.5509419620061784,-1.5389249079102856,-1.323466324718407,-0.7610541284646748,-0.6802475757930958,-0.758879777164304,0.1790851466097205,2.0486391556576073,-0.3646284264062136,-1.3828655984276998,3.409616298099183,3.7704644669266365
-8.263093469727124,-8.764450539041952,-9.838303674397176,-9.51329253566672,-9.342124109531682,-6.173318484022658,-8.937626517383567,-10.143749378133391,-9.990118747628772,-11.514747952337027,-12.186159715927404,-4.349745677074383,-6.392260297540037,-6.2308122210386605,-4.224314526964911,-7.401251885675227,-6.4339585279362685,-6.000154901852619,-5.823269141880672,-2.3558701638064172,-1.876039504859579,-1.9356046233738504,-2.0323622642267267,-1.1545921552596883,-0.9690134346097705,-0.8154365042959432,-1.1287404049540506,-0.9145449411856774,0.9724846182155613,2.3860478197641943,1.3313677745172146,3.0886209754724843,4.017078705877482,4.741488537568065
-8.505164846921554,-9.024455799375964,-9.876528271236927,-11.077457330216768,-5.922138204974408,-8.032711449005536,-10.277809068994573,-10.991440083781447,-11.237939552507404,-12.732603172218168,-12.265018233128284,-7.402369428799343,-5.668081636694163,-5.699630930498218,-4.5643873729710105,-7.062053096778975,-5.5155967651156,-5.549716961907749,-7.249572598360198,-6.274186448431015,-2.4815665916691083,-2.4262927700626533,-2.247539063985679,-1.9716504431458826,-1.1568285038030028,-1.1250037389086975,-1.377391557125151,-0.7361870443616799,1.7764190616194258,2.843241940158982,3.7581524559248027,4.691434818880834,4.723621093723052,4.9580896156850995
-8.526491387692959,-9.251028267724141,-10.229313748088666,-10.418991110492852,-7.6144092207025285,-9.493635838595763,-11.352915443511085,-11.834760834446245,-12.688773430765014,-13.149301204250378,-10.016223555466896,-5.801980716048864,-4.76899311312463,-4.899034132023682,-5.912260762548109,-4.464055316919425,-7.087539073863657,-8.294124424765368,-8.786166203962376,-7.9463689434216365,-4.45841547601646,-3.020237380194157,-2.6031937751792658,-2.5144899248610657,-2.181830510926254,-2.12899866403256,-1.8258086878993334,-0.6849599103724585,2.370510676545189,3.4817561389292444,4.80391936645859,5.492194547832595,5.112580992805027,5.88614249241791
-8.796280580291882,-9.8640149575069,-10.702260437162986,-7.09687104069588,-8.678248895373592,-10.72621068577538,-12.131142445594815,-12.583720859692114,-13.547616739252867,-13.102454745983588,-10.603032718874612,-5.004022094432371,-6.213702256569509,-6.174637623687297,-6.086296954968088,-5.3389802441884555,-10.274052165406387,-11.108774601101095,-11.286613853145527,-5.902985274757925,-3.62494361064291,-2.4738813013753145,-2.277157346628215,-2.1811307031605325,-2.178854716747787,-2.31198695869903,-1.5426442659224873,0.20385933851128146,2.4941252072263946,3.8664402848934145,5.1726058616273045,5.7727580730400305,6.1854609442969375,6.4713864002908945
-9.369750210435397,-10.5461682991953,-10.50942417136949,-8.689849778694052,-9.881455650770336,-11.561017745512062,-12.747011757473711,-13.262963524733884,-13.792054652193503,-13.011473077987123,-10.90367960807453,-6.867602267693105,-5.205074571294273,-5.114779396579422,-5.855759137736086,-11.586392232812262,-13.289396968603503,-11.92903196005205,-5.246776460400169,-4.4578426457207,-4.099836777193202,-2.752541179802085,-2.946201736021362,-3.825399698005226,-3.5658160469652067,-1.5796634560132279,-0.3302144875171719,1.7710144715512988,2.949051232360432,3.8687671192481496,4.963950476776433,5.166485491858799,5.332854806094474,6.84180452495839
-10.172107632715774,-11.043569416269925,-10.19049158125969,-9.515810567166866,-10.711223660299254,-12.146839065808107,-13.153016421633103,-14.134144984502665,-14.676875639510511,-12.56380248807914,-12.464508221256562,-6.463171757654852,-6.94161572901733,-4.228859098561807,-9.907510104563254,-12.039073044015712,-13.180955075827756,-8.216506408792807,-6.13963779699341,-4.811734971735852,-4.168747179067675,-2.5976312107927146,-1.336427608293428,1.2669317233906463,1.8426531124959618,0.12737369507333496,0.8910469604818301,1.4232991265389578,3.7990384155108052,5.577379409535554,6.210835639556175,5.896859981295324,5.483888202823689,6.063405933115406
-10.77146819632081,-11.47140346915864,-9.560009607021597,-9.930855038794364,-11.231324457826332,-12.415599620752081,-13.564514628330064,-14.500799641759862,-15.079180925167432,-12.07871638736694,-12.287611037836426,-6.922633117584387,-4.1897744828193755,-6.683730620205011,-9.452722303098438,-13.228648299729135,-12.346665254364693,-7.077203366522112,-5.37540913710309,-7.7864173426939765,-4.1165189615217725,-3.409203963994823,-2.0099464717694446,0.9282162324795701,4.385329985531886,5.318910045137477,5.457956612750152,5.993993214582337,6.156021253756384,5.606792336893767,6.446793434925272,6.40881046339562,6.312245058958809,5.819693267082502
-11.048477739999528,-10.351003589001387,-9.04540052322779,-10.467162430768601,-11.61500722544377,-12.924768604360734,-13.50941783753354,-14.407571465769047,-13.394527238241503,-12.741129853013474,-12.551787790055254,-10.647292927280763,-6.5184877765209706,-9.08838722051508,-10.614406085284628,-9.884618611726742,-12.656507618568252,-7.634020997910563,-5.920065231762423,-7.383729273726039,-0.7304638437827312,2.3561481595946248,3.1479518739935477,2.6134830931973245,5.221376760653533,5.745558298229369,7.297771492600175,7.868363187044175,7.318281290878213,7.721860880233066,7.143970192291235,7.550036048593869,6.538850788472366,6.750729541946324
-10.595097779374413,-11.280088413441243,-9.356228723582163,-10.748426230330203,-11.914870479062,-13.45688659631561,-13.729161070576989,-14.523181666415127,-12.489430941509942,-12.94995099096337,-13.143319776290193,-11.642081559745513,-7.556658353234914,-10.044305891222919,-15.538812748108437,-9.82779412599686,-14.23080350889203,-10.929426487113298,-2.7782489805201562,2.567509123108508,4.90316475783723,6.292627444055175,8.27620355313312,8.04879817783071,4.171957267107618,7.406307760021337,8.109094467234284,8.162527573682395,7.635978882155039,7.018601140897715,7.881184282986144,7.18423512973042,6.540417011761364,6.159081834245416
-10.193565901015235,-10.198168449246708,-10.60433960469056,-10.910340155970873,-12.193579816739547,-13.622940830278035,-13.785718250941185,-13.668011499399933,-12.754870772024832,-13.389831371958458,-14.044869615091011,-12.870080395620707,-6.909675369867206,-10.206244595493207,-16.093364987650506,-15.509467937309697,-10.188226483212034,-4.085434345316423,-1.2529440839979755,4.271211016239457,5.575105221364445,4.8047569988137715,7.44766990779981,6.656302670503758,8.760814717467573,9.387014302030131,8.308748334766427,8.424807135052818,6.519396611142768,3.390345370723575,3.1579499782522773,5.7898104830898465,6.686224636415729,4.542062064205476
-9.61548549854175,-10.414084072374054,-10.771179557416772,-10.829351271012031,-12.174704718478354,-13.290082908078105,-13.816672521595118,-13.802942457803391,-13.250126448696898,-13.638869477232948,-14.677562225188339,-14.525936712423718,-9.243397486011961,-8.97858082688245,-16.20533410918109,-15.767793109216825,-3.2346564537329727,-4.662259555062472,-0.47883615681515235,2.4978062121513482,3.199189560430497,1.827755190521718,8.070789142985246,8.16213395243807,8.987084080531586,9.202312166972977,7.434009144590912,3.4053471691454336,3.1169430664115425,3.634820144581287,2.7273725249034975,3.9961524409879026,6.701856604352171,5.528674445900218
-9.511731102943473,-10.552456982119768,-11.184652007626035,-11.601844463257214,-12.233265353902931,-13.298761426054176,-13.544131112051904,-14.06855934022953,-13.255377490167964,-13.826441014094447,-15.826004260629436,-15.17997734492747,-10.015878859916338,-9.166216634725208,-9.945003672197142,-9.26338917001985,-2.710553050504374,-1.7362321553576325,1.5350890581979533,0.4031786494338987,1.912615689925839,3.5402105530333112,7.389032188673797,7.546485576854755,7.387973392934764,6.53108561179319,4.5968233546140285,3.5979845673179662,2.34781621187969,2.802792144833925,2.984460726322512,3.096745662881543,4.333813836461412,2.89834217291554
-9.995263929819746,-10.671853550813662,-11.100443274831317,-11.473399034771885,-12.242250672467469,-13.164165005846018,-13.732895512467746,-12.718250054330156,-12.538677797448148,-13.526401671138386,-16.69696194519481,-16.069288397704078,-10.428235567012457,-9.24879590578181,-7.084232842406609,-4.843228239051057,-5.083662074617605,-1.966623770325567,-0.9963479248185452,1.0397588034764809,2.035726026678116,3.9829924251436077,4.540927765095256,6.322796329591891,3.2430873487571104,4.4985746167519824,4.151162407733471,3.2481423247534487,4.049292132283633,2.7251366668485844,2.6008891232427294,3.938730651945067,5.635250208207899,6.337173449665185
-9.900119614059337,-10.565854012612125,-11.062873071413236,-11.544128464967901,-12.29966792375054,-13.106297970211847,-13.524709608414211,-11.82869154462474,-9.997234375952456,-11.674139271315605,-15.29904631267628,-15.125408389563257,-10.114258507845406,-8.366569264624374,-6.149719251096167,-3.57490108159638,-3.2096745182762363,-3.144648277484483,-1.0699997033445783,2.073275570036999,3.9617967985341647,3.8602934776610134,4.333132543063992,6.247998317830552,3.887038058707003,3.0954102680231137,4.449999587275397,3.033992425704415,2.5667109922576605,3.5519050280227193,2.953335450475611,3.042070651410967,4.6699075345048,3.432471955043032
-9.747712352391863,-10.251179534003441,-10.80747830736459,-11.271056242731277,-12.393826809559176,-12.3201418005867,-11.270982127900671,-7.990470466965239,-7.1699537269103795,-4.701809480738389,-9.15703477592461,-13.126679037063555,-5.926588735910455,-4.541351654347246,-4.637557003887038,-2.8309904617016586,-3.287055328389249,-3.0862742300772807,2.8039794945283205,2.8218046148779754,5.094457379216198,5.366351445822685,3.2758123902350884,3.088297331259195,4.445507279645392,3.482739791055299,3.1438060651805433,2.5558961089920778,3.7234254084093052,4.762955008703453,4.09238026693124,3.0557576119238807,4.780144874734949,4.689212963890194
-9.609528110183666,-10.021798025878452,-10.480311625258633,-11.115313260050474,-9.792521988690646,-8.674932782861898,-2.6214693049846938,-3.2583636395864857,-2.615603558123069,-3.7769942878005325,-5.7206116667166595,-10.22390470984892,-7.3332933699484615,-5.627099629152406,-2.287007862712427,-1.0052108489462044,-0.7781204631737958,-1.290004682518897,3.6448450557354026,2.6908562051557725,4.096822475176898,4.404826498376333,5.1328816260894685,3.502664054463528,4.589779050155468,4.060367939623203,2.9097001984676734,5.619533604030531,5.263255880734078,4.528260522979843,2.680800419071511,5.095235330834574,4.544986273979959,5.674737237110357
