script/wind10m.json
{"header": {"parameterCategory": 2, "parameterNumber": 2, "lo1": 6.000198445256149, "la1": 58.999992894266676, "dx": 0.5, "dy": 0.25, "nx": 22, "ny": 24, "refTime": "2024-01-19T21:00:00.000Z"}, "data":
[rows 0 to 23 of 24, columns 0 to 21 of 22]
-2.0276028895321083,-2.869794667275927,-1.7057436695437878,1.6991165407914977,1.0695205043191083,0.5819175317853029,1.4374062585137106,1.552603948145023,-0.6013217294221384,-1.241313060783697,-0.48387707559053644,-1.2535878476876556,-0.40782756404784365,0.4588821755929022,-0.47398833106346333,0.62015287608469,-0.2753981078948561,-0.880313372209625,-0.32321026637527395,0.08045820847993655,-0.5340145577443692,-0.2541527210090454
-2.9358372921252824,-1.4199605446838777,-1.3117395716077294,0.22775754744908266,0.6449060831475367,-0.7423099582016445,1.7293065120020297,5.873063450372006,7.0033341116333885,5.814259678115771,3.7480533810770744,0.3647524114751124,-0.09605184252116622,-0.7158008120654975,-0.7028050957833397,0.3854550275061741,-0.47841557087273057,0.3988244586154291,0.2555131810340512,-0.4956707947364731,-0.38243932861484525,-0.3679343853994
-2.390247445415313,-0.27754909733723476,-0.7770940229536142,-0.6177824454681183,0.03670249884604716,1.089542036966199,1.481686714521507,5.057266299444022,7.050648369071475,7.157168078728464,5.5125752514736055,0.3951477992432514,0.7604673180890499,-0.6593449986434933,0.6856243571895764,1.2886681995121163,0.2955678665703834,0.8751763827820122,3.5887390653806572,0.4804473672578543,0.4927295691136467,-0.12949448706998357
3.078787188496367,2.263005012857421,-1.331825291973234,-0.16762687041951863,-0.3211873037635844,-0.22396510622151278,2.383883807734146,4.647666912813957,6.576123025580736,7.723028919475456,6.642522156317211,1.4162998435692922,1.2212252814280515,0.5023407677199502,1.5609525584693202,1.8577174847578297,1.3845510382852444,4.103075141042659,1.3418763474367028,2.136904833017906,1.6679506024712674,0.9640334647207308
12.63719202422731,8.281018378303735,5.133777063728002,2.9277816278599897,-1.7416320406697867,-0.698078991995494,0.19844164844042758,2.732011785442818,5.138851523341724,6.518421405671562,7.642256601973099,5.691548393393352,0.09359288240783803,0.7058102481916093,1.0137788903767901,1.4589376667568354,2.350346649840094,2.8497266133664767,3.2350522220452693,1.8147611392173773,1.4048728690045351,0.8676014724269533
13.052056927462745,15.44335783996685,10.633666500915464,7.9227489126355675,6.2044709038596215,2.831282173040534,3.1078039646245044,-0.4848537129341371,2.984458102481265,5.350999637798874,7.4447144135905186,7.216878521464166,2.84092288076221,1.149480543446478,1.7410371314965107,1.9148664832048137,3.2722323015212704,3.1289716861067047,2.239898923513221,2.7032478544335548,2.073859612070858,0.908076492912719
17.507598645996204,12.222690536221252,15.401761572284906,8.332983492713046,10.634875138795232,6.8094704910355075,3.691392709026394,4.319680857903532,-0.03007771800110066,2.3267070649833648,6.051094823469606,6.363707446561616,2.9882046056272396,1.8254721199388078,2.215413059320868,2.4483420138211813,2.317098711332784,3.0827993870770496,3.3598419186647877,3.31057666218506,2.7850683400377565,1.0173269686784057
17.234797169414037,17.204747680449152,17.997926074586847,16.01073539051952,9.27054768002255,10.019758623248885,2.0472937979333907,0.6083088685168785,1.6936455440529758,1.4356867332563226,2.7492550100147004,6.490645800481198,6.824833219238696,2.0256406648571237,1.9702699932759207,0.9900981889372397,1.3877625055338616,2.347743186243264,3.1084344845442775,3.2598611237222697,2.824164057291114,2.6791427092924254
17.735411806399487,17.619929510073074,17.829148567411394,17.78930950688921,17.554765573662173,9.054585907967752,1.4393664468839278,-0.301915145891299,1.8145945853391605,2.705662897813144,5.682483171549991,6.754163222043859,6.518957966586616,3.2680417712977063,2.232240189859708,1.9073974750893485,0.5316420205876681,0.8713396065075009,1.2360151419564034,3.38488787766481,2.345168429054112,1.9172745571151912
17.441996688309636,17.56963767012986,17.210366492960713,17.14517201201096,17.20394185078593,13.981850903986352,9.276757844953437,2.7998507790957152,2.4026354227783484,2.3721808980571097,4.8557770175557184,6.50240282449331,5.866271036695389,5.857842298148954,2.1844353829250753,2.0443553225002873,1.4180178983675011,1.2702393697823215,0.5219837785715596,1.4740371312907468,2.008536364108412,3.184994714115239
16.994097765876017,17.316192002372247,17.27044988352446,17.169557947661794,17.096973196435087,11.934940518490311,10.086555202927233,7.688544128241472,1.0994705186872606,2.683390957183518,3.1523818643824804,5.965509992413254,6.604887580033558,5.926533602522964,2.9976576255885705,2.0725806450154867,2.4780050009185524,1.915235848816011,0.511355081409384,0.8845275238559288,1.6701818424505408,3.9134902786471497
16.488604068782184,16.337400099992234,17.087732074166375,17.03643860404884,16.321556540841442,7.821476988935633,10.51495831068599,8.32186488650846,6.926544714167939,4.852379398955566,2.3087515875369116,5.558656109090522,7.107345936109762,6.849481610932073,1.9889811352099322,2.645804495946126,1.8646093735822458,2.633353679915882,0.30968132394505404,0.7202673011279054,2.478878809561105,6.22243461556801
15.86993416612506,16.34944129486346,16.539694266412205,16.95871862066524,16.609993770101628,10.289226996702592,7.8093192822797475,8.31175145320751,7.65600469741997,7.706698584347239,10.260761279192511,10.90684488557155,4.291669447617891,1.7541692497818087,1.5436235391035502,2.07434682595244,3.112461139233522,3.825577632239796,7.969249046697576,6.253154481059961,7.756931364058183,9.009210960548584
15.526047387647234,16.074179195426485,16.54623956752334,16.757834526408804,16.266509745403532,10.774792983571496,9.049920704460144,9.923611198373674,10.239533405211805,10.642763369160685,11.3634595194776,6.760104015656928,6.441688904799696,3.892735964526422,1.3811787937435342,2.731714337474463,3.7890203575736816,5.785126639767341,7.428538464397371,7.097067779354038,8.031566184983147,8.673840654625534
15.660205465284529,16.172346548267736,16.50158479571179,16.522989665294418,16.09396684250965,11.017524258453317,10.10248457939035,10.28623370274957,6.713050195599105,8.84683141630091,10.177010159729418,7.464448893973716,6.191332763647335,8.048663128737843,4.697319710235715,3.4625757746012624,4.481852577516308,7.291057909328718,7.771279809175621,8.055036318552082,8.368685962057887,8.87674385417935
15.56478951516592,15.923403332152661,16.47478721864615,16.3845396310494,15.981111711471002,13.289337348088369,8.699242417246248,9.284893308004229,9.377994454481218,9.580200742730499,8.979798339047264,6.83610611662343,7.035695666717845,10.507107211630563,10.979834081856943,11.174636753230573,9.29488372403005,11.225233533083141,8.017423817599726,6.149132417405755,8.415833266128056,9.678803693435833
15.412310543602235,15.252484053363801,15.749353371228498,16.082864619584043,15.438652562419898,12.986827255303842,8.081689949740495,9.244643615033972,10.72671385254153,12.704758522468243,13.82610774449663,11.24162020594368,8.052195565212106,7.735705114936049,11.66892480469388,13.918463313909259,12.38213594353588,12.865402084135823,12.032937731893357,10.532456850754093,9.66781255756047,8.291548270363092
15.40784822320373,15.285555315095133,15.893157701159573,16.03097084261586,15.197324653096944,11.74977031584312,8.115464878116347,9.944760306052213,12.229601441800506,12.460657598686133,15.062897798218504,11.334936636782,9.373746033495827,12.186024904284194,12.420377950616745,14.092743365074254,11.97300175774648,13.811740524101157,13.072760484364425,13.085028463801166,13.72785809224508,8.04474587137327
15.115940604609426,15.200944428806386,15.607142303203357,15.526131170465415,14.90687941743643,12.999169517251245,9.04165592201386,8.791870135054658,13.373142593371076,14.450961198367867,14.276457738108444,11.60781808930783,14.956648826916846,14.330486473826078,14.531770461858239,7.356252360421581,11.035280393724324,12.665841781741381,14.813705087113968,15.147632072643237,13.944394405036542,4.970295780522686
14.895653773654074,15.023245330167766,15.01788124567515,14.965219245724228,14.554651438615238,13.677439710900162,8.467853971096444,7.281732313468613,7.394057489529062,7.5828747048699165,9.615907901690267,13.446136650330432,15.355067193193632,9.567651551589547,7.6146737191269995,9.85227830518774,12.43551147999259,12.653739077126067,13.380235647560225,14.038090751289047,8.865536633035157,3.6348390378098796
14.43570410327202,14.405982148994758,14.376136602451114,14.589925123141118,14.13552962332809,11.75259332078199,9.457140494272275,8.694265451597815,8.706783658261903,9.390731047717328,12.1933908289721,10.780072215973759,10.916075880698585,9.820987789169152,8.583827530518882,8.90792173815379,9.884939777350596,11.27899500529466,6.471248107907964,9.070372917625232,6.317001000374588,4.0388771029688835
13.741619910780285,13.612550541392773,13.101834906441495,9.329181939980506,10.066771974999966,9.162462062860326,7.409596582534918,9.112824526867534,8.303760198789073,9.870667829638316,9.496122594337596,9.822859236255034,9.002002728379484,9.111675433006345,8.410416699739947,8.119788331100771,7.535443507015179,11.162186052562598,5.305291246272808,7.04853116571987,8.32459619461696,3.5991357638415282
12.298530129201147,9.271104615595004,7.512925330014342,5.499586368912164,7.30315079598925,7.027272824656626,5.972689126100426,6.9224745397275695,8.5767052611028,7.82421541770248,7.484179109342238,7.936914835005227,9.087999471124235,9.054258953119975,8.279692364154217,9.879407603323571,6.846187570651673,5.3161244248058495,7.724634009420916,5.87492320175875,6.634582353033411,5.149448771056359
4.857449237231802,5.34756183079415,5.282401234884532,6.027311912349832,5.634079683782783,6.848197923082191,6.694858395931191,7.61701924547061,6.812936732294008,7.36603818747317,5.4417196296805725,6.720484535385725,7.860211782562079,5.699128963382427,7.669567654168031,7.346851974026071,8.162177949261814,5.953877627787619,7.571140003372451,6.157048913413719,5.137977052378406,7.747416907741666
