script/wind10m.json
{"header": {"parameterCategory": 2, "parameterNumber": 2, "lo1": 6.000027932988019, "la1": 58.9999434238085, "dx": 0.5, "dy": 0.25, "nx": 22, "ny": 24, "refTime": "2024-08-19T18:00:00.000Z"}, "data":
[rows 0 to 23 of 24, columns 0 to 21 of 22]
-0.7955453307361722,-4.37208031166641,0.11851418384221588,-0.3302408369080013,0.6521418997414269,0.14592453278281592,0.6861660520895101,0.943372930431668,3.9253045218626945,6.362109551470591,5.100995761955443,1.559540197614915,1.7609760222735926,1.7555550145534546,6.865420740340268,6.765316869524921,3.5445453530553985,1.6562055149980666,0.9903127341588985,1.1976376731196021,1.6834628351464331,1.6237712124570982
-1.4565322173652921,-0.5262891016908164,0.3632634993781728,0.04827193870292532,1.2224349639213723,0.8189934923018057,0.8631645694836483,5.96882506437666,5.6922192628196004,5.957352530884985,5.455234706436392,1.5287826579388637,1.6196169404842946,2.218425216595286,6.776613434326587,7.293466856501269,2.578295966520694,2.5064528115335127,1.4253138897648754,1.3528615300251194,1.631333983856871,1.571843547424371
-0.8633866689028228,-0.6611899826976967,-0.024964760380759954,1.1396933469406352,0.6678063221646566,1.037653729160101,4.959450925599075,5.529407499432738,5.462142671154797,5.253438160111491,4.953642719524273,1.68405020152802,1.1845160486218624,4.879655107593791,3.70689570270837,3.118564049805247,2.0606377729100642,3.036371569747626,0.9585000716509965,0.7867295109412158,1.3235617164541258,2.232610673360276
-2.1523544225736204,-0.7690679870472311,-0.37199251424763036,0.1520394782178507,0.7550369048399614,4.405852507251774,4.656983936044711,4.812377771255817,5.288401847133788,4.727179199656757,5.091660932606853,2.26053848168476,1.1331284346760393,0.884394304545292,2.7234264200417657,2.2133017889758277,2.433872022911767,6.668066861465232,1.3438732674216443,1.366746263610677,1.5559261555866382,0.6339302196251653
-1.649860124909091,-1.3177284498197217,-0.31709201378194235,0.8514588652646591,3.2416286986051155,3.974849005511434,4.565805172775165,4.804500348124097,4.477437115333503,4.343290890315749,3.42461949442108,3.2995942072141737,0.9798100943219861,1.1079292050268126,1.3852710305900995,1.7762626380001145,1.4606344448948623,2.413375333556792,1.2549834185024298,1.2272027900864053,1.1893641549095237,1.3491067279974591
-2.2260864623646803,-0.9866811243668261,0.25363431175844425,1.377500231159593,2.2512899768493395,3.349345235351947,3.3036788754501174,3.801099968573384,3.2996653639131086,3.164118782435518,1.7688689337685874,-0.5305212519533067,1.533507208388035,0.7549514565809012,1.1953422562495606,1.2397550490001243,1.727855168371929,1.653648775868767,1.1969101492139935,1.306846555483825,1.2928470901139972,1.0328829419517365
-2.4040567236931683,-1.350241804422621,-0.46523639390429594,0.15334300790320288,1.0965822960897038,2.20456305571766,2.3896300902002174,3.1906128343150826,1.5371440191275656,1.267819955924174,2.2512532202741076,2.6255626395054374,0.9266207411649452,-0.1968338612673026,0.6176200794523762,1.5551979443493913,1.6931203772176815,1.5113125577820732,1.308063862717706,0.9553063881185135,0.9466233239951473,0.834716414955235
-2.4191419641288836,-1.223137437402505,-0.4193643169678205,0.30394484319654747,1.760490887670886,3.735314997117527,4.528036796698569,1.2835809743674889,1.147005207968004,1.7790015662803014,0.6701798218330508,2.6159777260813284,0.6706076011640913,0.14814207456340092,0.8847460742786766,1.0167641003288201,1.5547577561575376,1.4883135906222715,1.4021954582826779,1.431345000248262,1.1550827246494042,-0.5674183841058473
-1.454872072800785,-1.1133707931782375,-0.35747778834565064,0.25926057762652444,1.8845285792805813,0.926709650670094,4.309625428332401,0.4179147126892609,1.9676813571373921,-1.0034444585636997,-0.18608690055828944,1.212616048341642,1.4456415740516617,0.19924198101692508,0.7233010740565922,1.4164438718225119,1.5747483440376417,1.3936175618377802,1.3736599193543744,1.1088598567917958,2.112761465204865,1.969671813150862
0.39785968235157676,-0.02869635234539678,0.3152734381629999,1.0426602124421713,1.6428101900582541,1.9808340618585432,1.953855121838549,0.9244784536966059,1.207702753732753,-3.7590148224225355,-1.896319399494834,0.13349044965527557,1.2748453648230653,0.299750963839362,0.8738440212611461,1.527718294763577,1.6310328458773842,1.7097809879623729,1.355324301988489,1.058963047987545,1.6463224888416017,2.8652241323404026
0.5411919331074018,0.7051768446410192,0.43954368619480094,0.8543719464819259,1.585519006820296,0.7377727380364677,0.6612524544265441,1.0776008081220034,1.665350235556984,-0.050224804232064026,-2.013391881111385,-0.6088730007577473,0.0993827044520652,-0.316707986514314,1.4881057700065101,1.3331041512228334,1.600081324263211,1.818522965004271,1.5187927880776717,1.1050848043664494,1.3686092793082751,2.7985473701594965
0.02986941156502729,0.899491810081078,0.7069685086117296,0.42244436142985115,1.3007006215068244,0.5338454287817719,1.2773533760408171,0.6592823187220156,1.2638384820140105,1.1305264477912822,2.8982128637284026,-2.357669719127537,-1.0951506699157156,0.17846655351058588,0.25889440453002655,0.7675499194624615,1.4180967461445229,1.8378883912185222,1.62700241036239,1.2406907022501774,2.241482736372381,5.169585306530299
-0.7354459463504451,0.038743770204912424,0.8515038556104488,0.45233134156832777,0.96605366108979,1.2011584512215818,0.6250305771914488,1.0505300237966944,1.6019767104491238,2.6488401827260812,0.5160729644356049,-2.472729276036551,-1.139749359641285,-0.2776593609471263,-0.08185930182202178,0.49321299338195035,0.6532465581213998,3.034882962727221,2.945442619863081,4.132876658857329,5.341779271902328,6.827349422106284
-1.5862507362947011,-0.7686689864219972,0.41244357823813615,1.081939538104616,0.59591113845465,-0.0025164236247699266,0.750118415191449,1.3513758981021498,1.5792828958128249,-1.9928167794798914,0.9046977555812972,0.6408052096302409,-1.1183746155124217,0.271606186231518,0.5710976428906221,-0.27815116340187257,0.6743647022153334,1.3306037141452107,2.5269711848298937,4.9332311539441305,6.308557607849322,6.796733392239428
-1.6903605707515221,-1.0313996651574717,-0.4470674523356326,0.10846116378231348,0.4760325660819613,0.5885402755027987,1.1513328694069325,2.012341140480255,1.188818482690975,-3.833871123522326,-0.6044164669449092,-1.3152676726225474,-1.6296252304156296,-3.4106618428103475,0.20049636849475466,1.2955077705772426,2.8801713464725474,6.419737904520603,5.7841143340555075,5.3913772012300205,6.0931628956608135,6.461669024899115
-1.3697899488572045,-0.9643545193963339,-0.9850050953526887,-0.6013170147641277,-0.13623138493155648,1.3060070338220093,0.3923709927026496,2.2212313522123908,1.2782640141973105,-1.9832536288660612,-3.321298380581195,1.198690068909042,-1.866786430466564,-2.0247203216960505,-0.3100286237164825,3.0662111108907713,5.47912477911501,6.679087834487688,5.338485633549627,2.133468690915761,1.821016331872656,5.08348709157523
-2.0077736983434233,-1.9617313723700736,-1.541799356154079,-1.1242920809708958,-1.057292562537215,0.2614381938527566,0.5275185994607638,1.5983806549451085,-0.8116027857375515,1.668347580380893,1.4879047293386949,1.3900328824895976,1.5483128762557463,-1.4212175433470586,1.7394903387909726,0.5397317385209467,4.792184608536563,5.747560375609621,2.942071947540152,4.866348346489919,3.194112461010546,3.8029867643043374
-1.7364684526515066,-2.45304836222348,-2.776342575065268,-1.9740628011321464,-1.7474277900250932,-0.6053125142746856,0.1422189895979844,1.0902014746359463,-0.42602128168979536,-0.8747306824933132,0.04251810599938144,1.3685335384174426,0.8810044198098721,1.7436268934305752,3.2043969495972346,1.0283405879993746,2.4802644759505976,4.076411807958462,4.585112800817474,3.7830160008912572,3.1349698336068674,3.5830548059453453
-2.863126187418164,-4.508212757569946,-4.326245728655222,-3.589527289413592,-2.5559820759924694,-1.356449961490146,0.37772662327868206,0.42623485701153135,-0.8934009914635186,-2.335456041605816,-0.6797168847435139,0.8796283431170211,2.4026727872650184,1.5836260219391833,1.4997043408472785,-0.18006231279102813,-0.5795683219203078,2.15363130909341,3.4511133449293685,2.5326737576779625,2.104629175320268,0.9862669833924866
-2.804868701801185,-5.226223826110176,-5.2341174815714595,-4.945332808579791,-3.827420696382605,-2.447827506228045,0.7651452874888257,0.19226387254292063,1.9286213727452213,-1.5780854119056198,-2.6361775005445174,-2.170974021346237,0.7378235987743933,1.1442818285834013,0.5522995544312811,1.074037351044125,-1.2892195340821702,0.6081964242938847,1.8602185873379922,1.5144854616715295,1.010268824959665,0.9453811244290119
-4.523432914260783,-6.7235564545892705,-7.337624138513626,-6.607231380697785,-4.858486272519994,-3.4485472899384475,-0.4901717907136167,-0.18748763229108273,1.865245528419701,-1.9850431262009998,-3.8812802004137303,-1.4506268906606572,-1.0443070299990092,-0.039021563270268365,0.6316280319216457,-0.7598047652599729,-1.617469874630463,-0.6986524592558762,-0.06602868245112001,-0.1837091624529694,-0.23309373977008224,0.6657645150055874
-3.8773359553228475,-2.6982962776163166,-0.25849229742297186,-2.1127982525473596,-3.138293622785332,-3.5349068433646647,-1.1245642619833731,0.1877013988269118,1.017951435510735,0.9344680660209219,0.5114989052493767,-1.6155133804779258,-1.5857833772346182,-0.1309110058415915,-0.40917531676468877,-0.17744141847162917,-0.9858162300037815,-1.4775275286804779,-0.07499501002761107,-0.583248782429624,-0.26329599764067696,0.8416514568602699
-4.098422628667322,-1.0123901612337565,-2.0016958117099857,-1.3881370825423018,-2.069730515512576,-1.7909244922918903,-1.0854707619042665,-0.09767426960934673,1.7432448737279251,0.34137955895017313,0.0503277165045444,-1.0046317841612555,-2.260028648097418,-0.399192356841065,0.3893736987505434,-0.7358104880299978,-1.4774702771986212,-0.35951424699094475,-0.10136668328261485,-0.3803384560514632,-0.5096822009865775,0.25015618472027257
-0.3242109799240557,-1.5979674729665605,-1.4146303252023638,-1.3857629248548278,-1.819434247039193,-1.9000714921678588,-1.0690109158722496,-0.3857453710906327,-0.19496609691584102,-0.23604336664453676,-0.29067313545068185,-0.8666336201315737,-0.8058961735842874,-0.5613307157877088,-0.3593653830227648,-0.7285325344415425,-1.928525331354414,-0.7244675128932794,-0.27706057292295905,0.16519661186968448,-0.12453779458964255,0.01647279235435069
