script/wind10m.json
{"header": {"parameterCategory": 2, "parameterNumber": 2, "lo1": 3.000054539987559, "la1": 64.9999836372058, "dx": 0.5, "dy": 0.25, "nx": 34, "ny": 52, "refTime": "2025-04-05T03:00:00.000Z"}, "data":
[rows 0 to 23 of 52, columns 0 to 33 of 34]
4.798061885270427,4.504205811419663,3.6806583468209375,2.8336366043677703,3.3142527345538366,2.984608489567884,2.72302974601107,2.8954411649899123,2.425714144970054,3.4756068468928536,2.9691789542849727,3.907821991123868,3.839532189183267,3.1712983645522574,2.6785303407950405,2.532496836816286,2.1088202329206736,1.9349057566761572,0.9281342336378059,-0.593898361756776,2.10657315452534,2.1893969422906228,2.103828563759001,-0.36992976108869313,2.767083286121059,1.7221091099561958,1.213197345709657,0.9905932779476313,1.5580410149743804,1.0316052426853857,1.2217166010381957,0.6654106410748732,0.19458558390857597,1.1883145969644864
4.22459142525913,3.974136697683506,3.313944301493327,2.8843351229178924,1.444783486867186,1.9770246485429464,1.7262909291205502,2.0702239588148568,2.0833635713946226,2.271324734786276,2.7388299932458735,3.2708160958945127,3.7003441696655264,2.9382234229907254,2.4026256313756083,2.3346553332980746,2.1179897775596435,1.9060064510536419,1.7634714917026721,4.206368004003198,-0.38107527056309975,2.7660352381783717,-0.6010590045018479,3.8371662830553315,0.584937209483597,1.2621102040873244,2.077387715495522,1.768384999352491,0.824147358120856,1.7357147357060787,0.8968314461837418,0.9049044787553866,1.0832235791193041,0.3082762022311204
3.554975137209784,3.432337360508747,2.635216444753003,2.1901403291202985,1.274111304329348,0.8659147459875477,1.2895252168458582,2.2277043249288186,1.7629230853421847,1.155539294067463,2.219239657264331,2.7298213101435107,2.9858287644860604,2.7616474864505816,2.045402820015986,1.9314887808873153,1.4079975884531832,1.3972566086193787,0.4535352077882425,0.8171222823959471,2.6580533570515885,1.3946225295059096,1.4985331242082387,2.9108398659413837,1.1428160400460659,1.1622103816100324,-0.017656193315088067,1.4629405650725265,1.5136376613549027,0.07589169061793526,1.1403551544659432,0.7612384748878893,1.2057886370606672,0.7766538000522216
2.5066497359023643,1.8805816743249322,2.324440380678133,1.1220422470125846,0.449668063190623,0.4257676450333588,0.8805217580742722,1.5457061984174072,1.587018593721916,0.7648011936920305,1.5538547684552972,2.225680492392808,2.522392699759955,2.6733221935105695,1.7160344799458953,1.5716811400994508,1.1107621340362928,0.9303648379521307,2.5015194495414006,0.1986811154510039,1.3249465432538858,3.192156035361453,2.5580599165151328,1.9804102120085525,1.620354675919934,1.6769145192012103,2.104473373078704,0.6482517050764269,0.24006143379635492,0.5522401294803936,0.6348220310541077,0.8877154324291465,0.584825525548248,0.5527201562112642
1.366963430891723,1.0259052783540252,1.3209604151474184,0.23952022625416647,-0.5167532556369494,0.0005064817707775169,0.4050123732979428,0.8809223861537239,1.1547949942504996,0.5907823932145376,1.052892256789381,2.0570602068815416,2.254574885326548,2.394269685591647,0.7777763853643315,1.2184322086373738,1.5563814202951278,1.0218167458833145,1.7847190657371705,3.998001912186966,2.3407440729753044,5.664771162680409,0.6390049893641692,1.8013828922661959,1.4328687541391705,0.8143991593548097,1.1197042316015193,0.736056589757224,0.44093977555664576,1.1072614939521814,0.800124809643137,0.5653338282285711,0.7683331891289625,0.7392308599495722
0.35492406611752225,0.563382655749801,0.1315325558966383,-0.49228405070035947,-0.7044560520846057,-0.491047623602388,-0.28080139091981804,0.4217223028330869,0.759257316405385,0.8154433448171029,0.579453909609373,1.3650113165699749,1.8203581012173382,2.4307703389178714,0.9838475535540255,0.996395736420348,0.7936330750282109,1.1029624172345334,3.045598597934605,1.8892194696745475,1.0018024326044332,1.9832104600519578,1.2874939851786766,1.941944194109643,1.4416548914364073,1.1693888574916047,1.1875095712192123,1.1850289959230869,0.8038880229731318,0.49805945291022774,0.1860714667845421,0.1530243048395497,0.98179679864779,0.7676400229154552
-0.9773064175191075,-0.4323234869159739,-1.6938653610753294,-1.3667262911843947,-0.8609876897145815,-0.7707860644398972,-1.1027773917277381,-0.2694016087543085,0.07920960960861871,0.20243487097204785,-0.05391407078978086,1.6088900093560299,2.115737104237486,1.1180976464797243,1.2533231268530023,2.605327870235447,1.424509951422953,1.630536624834984,3.473887598739866,2.213664434893446,2.0191723732695945,2.212377339308904,1.4168392066743607,1.1618864234108084,1.265264433320314,1.1174121965249741,1.3933826598260701,0.7594320673469096,0.5341707355729942,0.9287521335770632,1.3779541125229624,0.0723740457483105,0.26691549397097225,1.2434939411496764
-1.7737084544981216,-1.65955153745132,-1.7634220831037146,-2.0561009122190512,-1.2383243094948913,-1.4094313839848347,-1.5895539729682842,-1.386874150955504,-0.8779673754928687,-0.5524020508490752,0.16024096555826853,0.5815364753609027,1.3352572420238473,3.477131938897194,0.9219392829838966,1.6517763298444474,1.666936018596446,2.1084689875626337,1.9762238098585556,0.9455343032880292,1.920117564314928,1.7358937974119772,1.9442932259273167,2.0762655422760514,1.4429339729194681,0.952413176148372,0.842574698527305,1.1212988287814507,1.082693587409334,1.02549384965171,0.6998544231356377,0.2095163151164473,0.6615829312665039,0.5586448855572166
-1.954080699502761,-2.5529076518353815,-2.5811212122733345,-2.4516539904230066,-2.0625910813730695,-2.4775973901006734,-2.3903961632308013,-2.1753898414150314,-1.6212458918729555,0.013017665784419269,-0.6625245130999056,-0.7916923862492456,0.29541235966662066,1.6359291519732104,2.5078453826190503,1.8421921301446618,3.9364221666432058,5.476051279091204,0.23631256083606852,1.9600573807560884,2.40698196799507,0.9614562939633124,1.4159705947228032,1.3943457473776155,1.3274389792362766,1.0287097868510353,1.367876469761727,1.7344508374674776,1.0662034627587518,1.7780913484110237,0.9233669658584958,1.0864943274888035,0.315534540066078,-0.8871060397235203
-3.155961011177923,-3.306024226306154,-3.227113829042334,-3.0136228214242817,-3.295572520054476,-3.397119277960609,-3.2018117827563115,-2.854061420658634,-0.9450172274381368,-0.4844385538632269,0.05574417105654048,-1.2795700848243996,2.1835881484732313,1.4491843474464248,1.5277477200572587,2.4164189883012757,2.625339946364045,3.01699031700286,3.015893464336616,-0.1535334345939021,-0.2208840432388299,1.7723454949857742,1.250612912629253,1.2152581523324189,1.5030786075951785,1.020581911009301,1.270129371497828,0.9533073471397158,0.7561535077576986,0.9593019934788555,1.5358027507356147,1.1522488123394423,-0.09589821928503667,-2.3020927385103636
-3.5799020857071624,-3.9273975532990084,-4.0029395833957855,-3.6289347672282433,-3.892719978110011,-3.7860049502689783,-1.9755361838615402,0.19246718726969966,-2.370072005147714,0.6367763852086994,0.9105787774087225,1.7205916092353615,0.8921519905601254,3.554232241772045,3.9443332506642483,2.9554662127653204,1.0885008201875501,2.1430291584770296,3.1308323827103384,0.06351188041202058,0.9403652392024413,1.690525690821978,1.1327112175536884,1.123375099354874,0.8945708108989182,1.1082638664798332,1.9241308457543889,0.9146011885651781,1.3678992606404379,0.9922295640297898,1.831149782750404,1.177426768350991,-1.1418662854011121,-2.6700082833391345
-4.202848341817551,-4.266522659223861,-4.297976168175686,-4.309299799036617,-4.831338506049756,-1.067557342719758,-1.5167309240095743,0.5122506249383224,0.8255197308850669,-4.093953186579379,1.7162353059811981,1.5615279395904875,-1.0483854575848077,0.7043185443945648,0.9976368549979074,1.5677812317085718,1.4120135070994788,2.1044943146583672,0.05804063284591355,0.2617360717996404,0.38035853193134445,0.8300899719696981,1.1894686968516368,0.4680276470302131,0.6338891055849529,0.8856414126952328,0.9396014188213085,1.0700356889912686,0.915064683068855,1.8438745942757173,0.8647005014188834,0.7643669836962391,-1.6869828735382186,-2.422451638228063
-4.956040501483606,-4.9728070473729336,-4.574796546548616,-4.146040716705089,-2.6587841450259027,-0.5693812055113051,1.8828270625442807,0.19311254816445023,1.4404982332874487,2.723695569928308,1.4442092662632258,0.06753582545392045,2.8604592670856466,-2.7088981484270933,1.2241643559626962,1.0778086790924306,0.6120808298016055,1.5565351897056114,0.5327056859260978,-0.14175608150763383,-0.01268962439624122,1.010174310998218,1.0846082742344734,0.2519546937302838,1.0276050062576711,0.9083591593977907,0.8414987656264366,0.49503392720820477,1.4628045168195654,2.6637977853460146,0.03555352301689711,-0.16539789830516624,-1.5746794855477189,-2.158117737406817
-5.708369677943783,-5.201728641255876,-4.719683134456566,-4.286084519872904,-3.964770113767443,-4.890097718156926,-3.5895947505247503,0.0862992844373444,-1.4945886723814987,-7.576999750858654,-4.583263451547635,1.8713451967755121,1.129704635449351,1.4356006355367472,-1.2789692700611845,1.1703425176176663,1.096833487215375,1.6646703847674333,0.1713090639082203,0.9817181760309341,0.479773077126296,0.09767999103025156,0.24592599496630382,-0.0373926321383304,0.38671756796597995,0.7433735409740992,1.5048039483842512,1.30042403698633,1.2715931119809831,2.0519627792597004,-0.38691756890247175,0.18688625816848523,-0.23131098686031593,-1.7598506309303659
-5.655938928754586,-5.003205810703811,-4.381041128014112,-3.7547813254245135,1.520311087320108,-0.4785205135177562,-0.04781042698817949,1.247541875740661,-5.410698418785966,-1.6025317074441168,2.054184564209147,-1.7189589415402244,1.5743959076563074,0.3048077181572387,0.42260163555927094,-2.38957549006632,0.9154250536412967,1.2127153266529136,-0.4377548934204956,0.8198738013466804,0.1848993101476335,1.0870011988327886,0.15446352642139344,-0.38065468737534447,0.032406241803166994,0.2650711770441527,0.9009044175420162,0.7989128449520768,0.8883370066114941,1.3803153078531298,-0.6890331166429273,-0.6962483710532138,-1.6350698153547596,-2.5452138567661335
-5.585822940750622,-4.756482046094675,-4.717781727890721,-2.8712842704892796,-0.19719443045555182,-0.09186473920218602,-1.3495167443091247,1.5251512940478085,0.4166877261170206,0.1717275399206446,1.2707133258510876,-0.25098077662273366,1.0431366046681865,-0.28335623123535986,2.119951015796768,-0.975666387357041,-0.869297822643169,0.6007590659525218,0.9706862448859287,0.7196214497583405,-0.029978619530530527,0.7303741739089283,0.43200392474086546,-0.33514965203695557,-0.27552311397535517,0.596567898081412,0.3684213865569016,1.4987041966559274,0.8598096182545139,-0.4987776641045409,-2.1396913733004395,-1.2388964293760976,-1.7036649434062185,-2.8868626695677744
-5.279499784838103,-5.206214148847632,-4.253467883465175,-2.4494620457163214,0.07437112415371416,-0.7448130669193684,-2.9838617369489087,-0.4861539184629672,0.5550753439024793,-1.8123565701135624,1.2082830728559217,-0.6990708649308364,-0.467763562414717,1.3117680497893636,1.6867547067605162,0.9024919847097964,-0.163862608825268,-0.11956208013255212,0.345991103943528,0.21533210033455752,0.14887336704175996,0.404668659952834,0.0010943063734922523,0.6894479151971937,0.05871240745798549,0.15416801255742085,-0.3248395659203713,0.44443227229306714,0.6761274957434794,-2.0732532185972525,-2.0695979804125315,-1.817575593541385,-3.1294968032339363,-3.603649308115003
-5.988972550776249,-5.354471941385222,-4.497347570953921,-1.9965434329683927,0.6852586234761481,0.774992041437411,-3.0635262614930885,-1.515730534544667,-4.09944905320534,1.3761981995089783,2.2970095174050997,0.24083415191800217,0.7527054759612924,-0.24760660731548173,0.1062170793474622,0.7584910441156959,2.116130602259094,0.7334113583890733,-0.023644595321581197,0.11307503932708161,-0.42729918256674454,0.31517773270673144,0.5611511084441305,-0.0004933159185616367,-0.1741259371836493,0.21463058151160777,0.026424701833167592,0.17065191578534505,0.17734762312623506,-2.5625238513880872,-1.9061682985914266,-2.777663636345334,-3.3631344883095697,-4.012116316870547
-6.235324500329384,-5.240881763411383,-3.721904862585839,-2.0516089344460706,-0.20460457529323284,-0.04599610702322921,0.18748801365891657,0.15842353126829187,-0.9750262054570059,0.3812606122567899,0.4410167917290761,-0.3114458608918562,-0.3775673727394043,-1.358809587144217,1.0517302880635813,-0.3045892507758428,1.3948368734719052,0.24472384291456192,1.0483274572935928,0.41924150070935406,0.6845166006991563,-0.7729324953414484,-0.2715127325188001,0.17302071344703304,-0.1640648144473061,0.2298362583398404,-0.2505460772272925,-0.680762792299523,-0.11820628073332946,-0.0800602028623072,-1.7669573222189878,-2.9371376207124977,-3.484653850427229,-3.904859103153388
-6.249108668053182,-4.889641080166172,-3.768226888864177,-2.6414274785809826,0.06384071047951077,-1.7900446112662889,1.8037219935875206,-1.4270878974662582,0.37846260347548644,1.734070488402413,0.7713875547415646,0.6910502031721335,-0.9489847265990514,-0.1598187881810884,1.154951468281459,0.3249368744040953,0.2443181586294453,0.43257689635630414,-0.14009501557782103,0.8418805229892159,0.1104045528070151,0.2474713861802722,-0.6672429823778067,0.24766613756862774,0.15388664297682272,-0.3770296603273058,-0.39200403443729054,-0.0206153442780595,-0.24420573783067936,-0.7127280998136586,-0.7019614776950974,-0.7905430243944317,-3.3696569107624983,-2.133336381251266
-6.0211224263260155,-5.292712603061142,-4.239945114356626,-2.934782798108543,-0.5222838851906364,-1.2989062051096147,-1.399361407280295,1.8880662141640767,-2.4538036982071043,0.6276684110100127,-0.25219638741275696,1.4509604315617044,0.20929262645432697,-0.5167553771190955,0.35496333040708716,0.6116892695875722,-0.40124086413845356,0.4855481646533166,0.08013211436227001,0.8328715029476659,1.023888035313629,0.27141096476802523,0.6623846226818849,-0.10835431969474814,-0.17050078677337852,-0.4643425809058255,-0.873477304378942,-0.8616438575338075,-0.38185725585960695,-0.38961270924834623,-1.0586203036094644,-0.3803249481547572,-2.3242133659005266,-2.175452325553203
-5.908651495292781,-4.915434991080382,-4.588302758906619,-3.620346927027226,-1.8112278987045858,0.2949986238747468,-0.755994265405991,-0.9341937617993463,0.7864291647825762,1.1891643962553309,1.4188854776382753,2.572042362461551,0.614017870924367,1.4313818950739994,0.8949142023510532,1.489824293971172,0.7332755825457109,-0.10720088427443249,0.424958715334376,0.8382190872566911,0.7036888866434219,-0.08274390895643229,0.4043045334118823,0.6929160177395285,0.33523675147096527,-0.020763773921188437,-0.8995467947490767,0.011563196796701727,-0.1831964329314866,0.6159773402054778,0.35078293900288227,-0.8180340215162153,-0.5440661862290377,-1.5110370679037222
-5.317995231036082,-4.424897631291086,-3.9753050411864663,-3.3821589910354515,-2.062499807353068,-0.4118535090174327,-1.6258594183608737,-0.7725201563028243,0.8144019210192596,-2.0434999137536938,-0.7667041311316711,-0.9500253154433872,2.174135849318394,1.1350981259844053,0.9209722895850171,1.7964036132998145,0.454815862202975,0.3402991098890703,0.4328393782123309,0.24904793127450076,1.1197461747003659,0.6836418783374967,0.48234891159434784,0.21181397673296856,0.30655839322783696,0.2766201415185845,0.12324094617860754,-0.04123818710504279,-0.18110803470175815,0.7540597009465568,1.2036480258071478,0.8338033920198421,-1.2528561820674775,-1.0451716846790726
-4.631527434678756,-4.296926573124817,-3.7024679964613383,-2.961285084827207,-2.253248859026461,-0.527436046044424,-0.676772760270013,-5.760309379969446,-2.346628026102458,-1.2344346253554863,1.229828554306546,-0.8154346477353254,1.1087847227978933,0.5018019489150869,0.48220050270636966,1.8844043621094977,0.8907813091912459,0.28473328553859134,0.22406780963829562,0.29884925753227154,0.8525232546505577,0.8089919442584553,0.5351110411833099,0.12206403158152458,0.440416413758287,0.4956823858461915,0.4101189012886716,0.4793227629421905,0.004453747911797737,0.848411401382353,1.3776644898027113,0.9930423396638934,-0.9284215210012154,-1.4782032034083306
