script/wind10m.json
{"header": {"parameterCategory": 2, "parameterNumber": 2, "lo1": 3.000054539987559, "la1": 64.9999836372058, "dx": 0.5, "dy": 0.25, "nx": 34, "ny": 52, "refTime": "2025-09-27T23:00:00.000Z"}, "data":
[rows 0 to 23 of 52, columns 0 to 33 of 34]
-4.5936987869131665,-5.739759521128965,-6.185135200848247,-6.8677049577722755,-7.519524822719965,-7.254154246995694,-6.7578459689954435,-5.304447865035197,-4.833107198605444,-5.3780997059994595,-4.699085057232304,-3.388939335079302,-2.9995332944406825,-2.7591915391379396,-0.6446050297230956,-2.0555160196611575,-1.2083901506113979,-2.6665328722754835,-1.9877449942917365,-2.634234186065765,-3.608499633858836,1.2885510811616574,-1.3299395798622706,-2.5032466999866747,0.9439113188441909,-0.2723063645627737,-0.812747601673078,0.8041985418030853,0.7670853289311151,-0.5992627371842691,0.7974531233586178,-0.9759453554621279,-1.0438134201971319,0.6297387800521217
-5.942872779165841,-6.713012505401099,-6.579276755274023,-7.097274931907465,-7.023064379653981,-7.633162850378513,-6.915301744236051,-5.793030824851441,-5.950836644237417,-5.306227231885994,-4.3398097538415605,-3.3471814471526358,-3.1898645125490055,-2.0517716392106746,-1.1838255872537338,-2.0314961104501807,-2.2292832286856292,-1.9319657868659503,-3.0050268449559074,-0.7675116421858649,-2.0277233469486196,-1.967369810625422,-0.4829753666030148,-2.6962101777261034,0.8639844890917391,0.4773124660330006,-0.6319078161509217,-2.0023229142102608,-1.4013599675316442,2.9121000500727834,1.0801952655066955,-1.0544546670338968,-1.072234842196609,1.290518671432082
-6.698573571634061,-6.502612678860695,-6.53690768820361,-6.231397477468074,-7.098798532910627,-7.28608378891106,-6.299074127042212,-6.2623066768998195,-5.64227718557197,-5.248228100016035,-4.4818957625261335,-4.006546101479206,-3.1665063027459714,-2.4458507886259855,-1.558345588255311,0.1781520977014747,-1.0723115224209285,-2.3865495134663073,-1.6788775996021859,-2.0017971194078807,-2.317013212125009,0.896353017750721,-4.262658767302935,-0.12178809790460675,-1.4751983727856468,0.7996366416438816,-1.8208780214713935,0.026433475888488395,-1.1101493423876534,-0.8368880841391445,1.6765041149357593,-0.36405034482619475,-0.5399828281140364,0.03043564250018942
-6.860390867850529,-6.199457824873046,-5.476196998350173,-6.0514758525439225,-6.855118979300045,-6.015937750842046,-7.289861307412853,-5.423286281803627,-5.123175012126242,-4.849029618444719,-4.536737288185377,-3.650821675873415,-3.1233428714947453,-1.9046543437586543,-1.7653552715859726,-1.0643625281819828,-3.1545382988958224,-2.134617727965956,-4.09610716003264,0.13830263001352167,-4.619553730448624,-3.4937345531738493,-3.4480746636609303,1.472770769723673,-0.9921618265631968,-1.602028835809565,0.27480063807495386,-0.2753054912708294,-1.1043455291620914,0.17196804999164006,0.18039020111777457,1.4804677461236795,0.5738692609344732,-1.37286996582075
-6.7402454734912025,-5.526662096416487,-5.015052614007109,-5.437600086248393,-5.214981864267599,-5.66710723245863,-5.669176087072684,-5.200657404717166,-4.752642836651929,-4.127286577215723,-3.3451201358159777,-3.206519992490747,-3.4215011122299934,-3.6962058035525462,-3.608615089578065,-3.2069512706162007,-0.627499420178307,-1.9503335063296283,-1.3923984073898348,-1.2815885338563227,-2.9300728340465665,2.7720579031906682,-1.4889661519874047,-0.8709474857697225,-1.3389577832618587,-1.0237519890368285,-1.7230709634155124,-1.6566080948031696,-0.19234134459498164,-0.8238205165636633,-1.1355475409567068,0.5268847687619466,1.7464792902884632,1.12563326728741
-6.190199706786163,-5.564786778753208,-4.690560167455641,-4.797423797540554,-4.428121348820806,-5.614925804011738,-5.331341868389761,-4.953791375251886,-4.718213451740087,-3.7471556664772385,-3.0598821900889153,-2.086783215383246,-3.67892856028669,-6.0371049389665945,-0.22477557126413203,-0.39813320620443865,0.3508026936953707,-1.4694701716562726,-0.2918353974760781,-3.402542859554383,-1.7503532404554247,-2.8761988696139076,1.7610991210915679,1.1464266053627539,0.24626252235988977,-0.278622818027415,-1.0138645789190728,-1.6565155863601095,0.35093701593888177,-1.5967185862940851,0.11200383457063576,-0.9436620427898879,0.0004532259131902164,-0.0349331697837879
-4.638839358998999,-5.2475878153445645,-4.533111357200094,-3.7136126393124282,-4.371786355982023,-4.690125523141086,-5.0656102049823675,-4.159559909283661,-3.0413838992966986,-3.4679086998784214,-2.8515769595709526,-0.9034921700750238,-1.1737807531826912,-2.646841060316608,-2.756510820351471,-4.671634887257202,-1.506259209149441,-0.9411892264562216,-1.6828548905139868,-2.918441920293755,-0.14784001374928574,-0.8185707162345094,-1.9498107124457074,-1.5004222710878483,-0.055857378151673034,-0.7429600286758355,1.488037935772709,-0.8732041867392064,-0.5109740978127328,-0.2314308567424999,0.6510162687351082,-0.021544798163745903,0.6172874387494695,-0.25727278369785633
-1.9133459515611801,-4.843414692856897,-4.235717515306049,-4.135418103762582,-2.9928814188815602,-2.7865379635485032,-2.6786832304389483,-2.773421223070201,-3.2500925406616386,-2.7798829740423807,-0.4188984133659272,-1.7826560752099059,1.34521942386991,0.5293327074139063,-1.932507270001243,-0.5102674353180466,-1.0573064178956026,0.4917884155628817,1.6324962512393995,0.7471724366925008,-1.3336613310010192,1.0619359244927964,0.17828462545919296,-2.4066679665314106,-0.5333617347603931,-1.201590458937503,-1.145540547644347,1.4509927443373347,0.1687559881043904,0.770474353833381,0.5797726012888516,-0.6560569837702368,1.2371505188998528,1.116972934107614
-2.1050088196067587,-4.294788411407552,-3.5948535418313314,-2.781355840972413,-2.369833005738485,-1.8098877781584635,0.3629721460310782,-1.7125726271052113,-1.7856559104330312,-1.0285713377321932,-2.1229780800736,-1.002073892011352,1.2138064743786081,-3.8935950477648498,-1.845110957129988,-2.912202615706831,-3.669824820583256,-0.8239096728084587,-2.8465992949393426,-3.320909384278625,2.5910247603311616,0.9048470712669577,1.8932228124181059,-1.9010557467050933,-0.872022276525763,-1.2800164889453876,0.19497574584724423,0.08741816766723112,-0.5909842700086053,-0.524697216550185,-0.4069211695148809,0.8722513470413434,0.8718777801572879,0.569384673088298
-2.637514338993823,0.527155218959328,-3.3982786916756953,-2.7430188190942077,0.22462230013628645,-2.346324933016169,-0.11479778391905363,-1.8818396398880888,-3.1491669655515713,0.9401900670959589,-0.7893272327358726,1.415851029921422,-3.4234957022524295,4.130213471471515,-1.0725828322248447,-0.8277439656430897,1.2359783121480508,-3.8657582203507923,-3.6188889349639286,-1.4946344433838703,0.9960399025010502,0.5976744417923261,2.0475905702348762,0.8194525867306833,-0.727471433839293,-0.9120488947479152,0.25083609611427143,-1.0344148706018943,-1.1908015642787606,0.24805056585331683,0.39201467150928426,0.31659990161913676,-0.19960214474587215,-0.1671324054076639
-2.3368647607765665,0.2218283140430695,-3.410556057455587,-1.4681171576723917,-0.9631653726015421,1.0923254392645625,-2.0897976561794884,-0.7116736237781576,-0.499788696392854,-2.892871594940877,-3.1052873070725884,-3.4207434700043504,0.9708336657514077,6.632365804176528,0.5490065177221285,-2.8259535796789526,1.0620643997592842,-1.124922850171373,-2.663143964443726,-0.7749520812607982,0.6709187988100257,0.047777287241676965,2.9082160785330693,-2.0464110798856505,-0.7436480000658833,0.35266891594487937,0.24066882347026317,-1.4161332707423235,0.2961662840095806,-0.5510462050438648,1.1091411684820272,0.027949131299214214,-0.07478846073057953,-0.5657523758355005
-3.3494172751115383,-1.1428388865071304,-3.6464039669433017,-4.005904181609245,-2.580831982583699,-1.0299881716692576,-2.0392313818762657,-3.83974292969161,0.4934198498384882,-7.441992326368428,-0.5784541440832104,-4.621770321860983,-4.098900052478914,2.1940383544293263,-0.9929765546618663,-0.8160002417418569,-1.8160198665656484,-0.9256702085789862,-2.656177041476327,-1.4288954404958374,0.9671382811191764,0.2184640582157231,0.6309336928941481,0.9519545355473649,0.397959736309127,-1.6147284593178641,-0.624885461254893,0.6883264782309153,0.6052084345297372,0.6162033978462135,0.20177488433452848,-0.2217309668338216,-0.22606506752003822,-0.6982444252351949
-3.5848080942860077,-1.3051196332204522,0.08082818202816944,-3.0512297586186388,-0.9673901712438034,-0.871088829715743,1.2673071023691367,-0.6827174782162244,-5.4611683754569045,-1.8437846489571357,-4.019480181352042,-6.094730480773958,-2.083079764826036,-0.23011491668869946,-1.0144814164775828,1.368150720557161,-1.3113881699489889,0.4094251892228571,-1.345249595536085,-0.578386445556137,-0.146337856996585,0.9485449655776516,0.6911343539266691,-0.8403886065202811,-0.034795650751900685,-1.6792968918919575,-0.34622529776449684,-1.5862263501359688,-0.2524270549088788,1.632375455401772,-0.1503800185678927,-0.45476359040407155,-0.6524198262559556,-1.049215015476496
-4.412903590010745,-2.659686374748717,0.8074201693873564,-3.4043118509965202,-2.61669804270453,-4.363768982197116,-2.3197430931382828,1.7070649096832682,-4.471023845385358,0.0567596510706771,-5.265724961431857,1.4282107339721577,-2.0603256980644233,-1.1802220228835927,-1.219752521321056,-1.0403076156429882,-0.2148700858890724,-1.0088066325725087,-1.8105950217151103,-0.5538037434941481,-0.9232173315570884,-0.38938723359977145,1.1284801234575048,0.4574730909324761,-0.021931741965120738,1.4041099231076541,0.6719844218743258,0.8356563092630603,-0.15270755884533554,0.4165271126809014,-0.8374600375638961,-1.0101172220128594,-1.180934023386986,-1.3248774572025608
-3.3761097926643457,-3.7283295920846276,0.631653599694141,-2.8960082616401936,-5.364608510730213,-4.095193846755988,-1.6878488597686854,-6.392455778093856,-6.8063868651817625,-3.447724249691317,2.3955447501080944,-4.220881325886219,0.6773638842272335,0.3195793072464749,-1.6411658660891353,0.6210561747920591,1.0929715920492407,-0.8425604044732364,0.06077367561702369,-0.9591876190275547,1.0258207462865812,-1.7582476242182217,-1.6351783258126988,0.7105584494032412,-0.648031696197215,-1.5408456023876476,-0.07203267187341823,-0.163780514119988,0.19730392152134213,-0.9331212865516926,-1.1659608986253378,-1.4232437595302472,-1.6030847657784877,-1.7743136854565986
-4.029312890526757,-3.5116784248780024,-4.044416843297426,-0.22263024229819114,-3.3301683411240353,-3.219862674467136,-3.087138649934453,2.269507253216127,-2.758619447566361,-3.4935426632116475,-4.280057180602524,-2.7799864027064087,-2.045928065152882,0.059946198825153105,0.33696976511091176,-1.252761798042495,1.182452327115961,-1.8591804642569905,-0.908930417662463,0.9967584781096526,0.4805257759588182,-1.522880295658876,0.5932275326025702,0.958059013432236,0.07597074140739639,-0.5541157454482977,0.2858665840936231,0.47900125263796106,0.06046147432494727,-1.322508778584091,-1.9274552658647406,-2.2685373096049455,-2.5973320518422045,-2.1653798426460074
-4.988439707916657,-4.517258128061414,-3.029855981999132,-2.3971717320070174,-3.17655158266826,-4.58171643704278,-3.7993931764133233,-2.858436534711643,3.599279438356248,-4.982375844319064,-4.980517831994824,0.6768945787752388,1.0614294954298151,1.4361162239744032,0.7534666546028281,0.038778789702173966,-1.9393949413469806,-0.25211382543210265,0.6782560325118681,-0.28854481874980636,0.46482192560847396,0.03670513235311762,-1.31967312070703,0.26686881306999316,-0.6478358534542633,-0.14275710877613734,0.013232068171419153,0.8049888497187887,0.8257905961754131,-1.8773483305173386,-2.5496694001278852,-3.0615932100277075,-3.3626433736696333,-3.0617158637965503
-5.92007079042169,-5.172580187452901,-3.9933227407557075,-1.4195773676799526,-1.7772190490674054,0.6765489490473054,-3.9830270305115483,-1.0603380076044153,-2.79550667472111,-3.369593545827628,-0.5342546845720101,-1.5243306970809996,-0.25075957566769863,0.46405594322879723,-0.3978369935675917,0.16392286945171436,-2.258475848690425,0.06272070563393947,-1.0488752518502507,-1.7055421865600549,-1.9973051478776804,0.5843622013425221,-0.8494278592790935,-0.9070322316225546,-0.6729247662478773,-0.5954914156895218,-0.9914049475896212,0.9116945266954632,0.6077358248853005,-1.894965167722339,-2.960681893948436,-3.4400940316725013,-4.126266543530052,-4.083481693970763
-6.3277673564827674,-5.501484593975476,-4.959894656549776,-2.4781108032902863,-1.6579617141843717,-1.5453987763200987,-3.0627214776738105,-4.334914756076962,-9.593134085535214,-2.1347080915622048,-1.8707121945139198,-1.327478453414288,-1.5961619866740573,-0.33161264264232404,1.0006862116452442,-0.12494599855409674,-0.03445194790719894,-0.48908020360200527,0.45668270359120794,0.1368001757102964,0.42113536749770597,-2.0437552593643225,-1.6907543637639284,-2.068079942010267,-0.6921790911298922,0.1473961746524812,-1.7206396062810143,0.570995084848704,-0.3734943656571596,0.16670843691598397,-1.3730717784766018,-3.504638460410294,-3.7120579183672127,-4.4696761774568845
-7.673403055792758,-6.533070534031935,-6.455158269924831,-2.660317051389401,-1.4485135030336462,-2.7366963222844722,3.3092331047020545,-2.7801566979188097,-4.668595431997632,-4.418709978969728,-3.5402446670694285,-2.173787422649586,-1.226326864968201,-0.48227978262288335,-1.06236449469604,-1.130586158374482,0.5837909401333504,-0.21797501667096017,0.675215276296015,0.6710219026319503,0.6271234879123586,-1.0554969120800508,-2.575361586559483,-0.26626971936731525,-0.31430633469482006,-0.9550082276637468,0.9181766018389546,-0.7753924649848682,-1.6115221152420232,-1.5107952476052686,0.4524200289187635,0.5478056614382407,-3.9998461986232274,-1.6100817166128747
-8.390664722389399,-7.723386013613964,-6.3103515742217064,-4.268885348383755,-1.3801185525700046,-2.1007413088425695,-7.858666566933269,-1.7212085870758778,-3.928055874392645,-3.5438890073739375,-3.0532289009154394,-2.2089584177448467,0.5841093415555437,0.5947724557597698,1.1411945638536325,0.3844070464990259,-0.5206772382122655,0.13950311409397484,-0.12247482246677266,-1.241427445213475,0.519801311731746,0.4629238128377749,-1.632036887903635,-0.3601595208728643,-1.0588352249699875,-1.613181849692548,0.4207476551263479,0.34328096499128374,-1.303759887402998,-0.01948735647802867,-0.582704154657912,0.9455383894393297,-4.1086572799558505,-3.612377514872028
-9.60629532639575,-8.812641600069995,-7.556067200240476,-6.536884215023782,-2.984093754022566,-4.581142009277242,-7.247221822954579,-7.4141270965628845,-7.792537335561815,-0.46590776428126,0.6988424663071598,-1.429447106388421,1.062715680097156,1.7123088763540972,-0.8439208427101546,1.5837516944172159,-1.7130988393218873,-1.61112871998112,0.38938395427551536,-0.26719271498348857,-1.4180596553126685,-1.5297222716945709,-1.5943618383391926,-0.007209073086373767,-1.5131179532624477,-1.0597790043434525,-0.9641546498010867,-0.8815328393943234,-1.1335177458855106,-0.5861202506144682,-1.0493073174252634,-0.7949714545349419,-0.9336282528040745,-3.68050841596526
-10.874189503035474,-9.759762862484454,-8.76914438373119,-8.117230317758365,-5.558171087752232,-1.8115723527995022,-6.3689327789511045,-6.064319504063528,-6.343058722567979,-8.64002266984322,-0.16457050604189444,-3.2876925212828936,0.3673120807776286,-0.7102077367022609,-0.5872360949984405,-2.647037198105921,-2.2938576374796766,-1.9243534494754675,-0.6452279319921785,-1.307901929289466,-1.6995756203037553,-1.7793738223684026,-2.0558071885467144,-1.9260086261884612,-1.145107417399305,-1.4135514426946394,-1.5048447910880882,-2.303145638032161,-0.9696105888690346,-1.9515638368845558,-0.8060798347534891,-1.1213713480951375,-4.230932667144359,-4.099807010397866
-11.058260745518673,-11.105786849227266,-9.664728709743482,-9.139922690683514,-7.027864031497061,-3.713245030139811,-1.023998595103898,-11.61205480351596,-9.142854050479057,-2.3201881391394834,1.2132622316902695,0.7805392860488741,0.12031799254312772,1.0227716153796396,-1.1867637722736835,-1.9052736543225026,-0.7501509465759746,-2.17416266010499,-1.4735293279644568,-1.3922026511368633,0.3568946511226905,-4.680138592800009,-2.667008546548369,-1.2755107559030017,-0.41080747692977787,-1.7972587742251338,-2.2007365836795256,-0.7366583659708527,-0.22147072292899847,-0.6675197861581755,-1.4837973992464968,-0.2554701730121847,-5.049026780176142,-4.970066511222275
