script/wind50m.json
{"header": {"parameterCategory": 2, "parameterNumber": 3, "lo1": 3.000054539987559, "la1": 64.9999836372058, "dx": 0.5, "dy": 0.25, "nx": 34, "ny": 52, "refTime": "2025-12-03T23:00:00.000Z"}, "data":
[rows 0 to 24 of 52, columns 0 to 33 of 34]
4.826851145954823,6.43501847418268,6.390075112480195,5.989005910641852,5.68961351336014,5.350358416161404,5.1237080690662715,5.132664253215256,5.602634475598198,3.186484305545647,3.7216196091858618,6.379331004735154,5.714547162274999,5.69966798480059,5.299320725226689,5.094574730318223,6.329224735891656,5.526768179903511,3.868798016315236,7.207194426347898,0.9769890167540797,0.9039623003922903,0.6613600138162095,1.8886879080984584,3.618538464937892,2.4949716457668094,2.5728643528499857,1.8983374829994542,4.150794167026057,1.37140643060037,2.1950875788646655,-0.1004529719050984,0.3557739113576955,0.46949304310155804
6.464648842456754,7.012482356002052,6.916794582011039,6.53562955002916,6.036684911759416,5.709246972949913,5.757222038532397,4.784952629049383,3.708324747412442,5.381562773828677,6.536536566201112,5.491659631008082,5.366953117899664,4.490913774374297,3.5850178059518996,3.649697329820102,6.571699076713739,1.3202804458413797,6.306316380056533,3.3293511283152504,1.6359033326726717,2.843543109483107,-1.040588628332622,1.2085516704046277,0.6063230877334876,-0.7752798030550038,2.9265361029836896,0.46523028892247326,2.20935490621626,3.156251705614565,1.237164761051422,1.6924302677053913,0.5528995763885856,2.1176550329709243
8.590691774157872,7.864542969965558,7.562939242829325,6.5875511256952555,5.998532387345529,5.219413404040118,4.645092751174497,4.033587181824196,3.9932385459060615,5.5548576091138,4.924242331761438,3.9197754373090876,3.406488230213693,2.4971569603238932,4.205488543015451,4.015072231100703,4.331484932379968,2.9405096313137435,-5.924642390675272,1.1925000292459846,-1.4837890964591742,2.195267333553834,2.9477489043576717,-0.0600363079895237,0.7685404989736877,-3.2676953762983665,-0.9172419825401396,0.3123663105215442,3.0602162192754894,0.9840110877182637,1.670680251978856,2.7175675158298622,1.727138028766489,4.214038805650643
9.91560100037279,9.277824635922585,8.105165519614149,7.334118801612937,5.8725667798665375,5.338829358764733,4.189969395403864,3.525813697133741,4.6866823688806925,4.35718113090062,4.209066824620599,3.4747408028915943,3.105558463193302,2.2229055832943114,3.079805426295469,4.729474008491194,-0.0071071463977591285,2.9414842140639985,2.704994269248873,1.5319023590605092,5.036479188361001,1.9724429097774003,3.4197029500178355,0.20045532041275327,0.7316371671372309,1.3220927393696689,1.7034241544257573,0.9113034957009184,2.5520347254228586,0.5964398110584074,-0.38971285705119024,1.6919615453356311,3.2055760240534954,3.2370845520484326
10.981628302108051,10.042958063321716,8.604100734635791,8.026005946615813,7.3416739547945475,5.357103337778315,5.407421466809883,4.543685605496637,3.32721346604566,3.0865273741825097,3.2983907132011674,2.7888966063171408,2.981485155377937,3.832788411914959,2.718410113155609,3.7750410375182337,-0.44141820330865544,-3.090483552954265,-2.4977088865239065,3.9181408640984983,8.607612571288831,4.256887281364912,0.4117653934087715,1.123330047559069,-0.5401923663475069,1.5255935356522847,1.5360316258745328,1.963870559840745,1.391094032449642,1.2980324864269843,0.8659138349634175,1.5294863025635699,1.9161991443100312,1.3995305954146513
11.021412911456231,11.788179780945315,10.09091807704349,8.781207399244886,10.785177976786475,8.972206029978034,5.097053857833327,3.490397515487384,2.534202682454445,1.935278671569553,1.318081345309415,1.0496180936028336,2.673907359127836,2.053148719299933,0.024994714978172704,-0.8325018301172641,-4.330723510045677,-0.33973109054540795,6.505718448053457,5.042353858120806,1.483816795075798,1.143925707634517,0.476052845135392,-1.5841517908490028,-0.1382487068094313,-0.38185163453149445,0.474649973360572,1.610663574561401,-0.3905308454742454,1.844741079004618,2.6053774792481135,0.8748338092564738,0.8804196625258286,0.4864765161739194
5.333571461210829,14.91853326557349,13.037243169541737,10.827759074265538,8.377507675465537,6.254954435095532,7.313243084965644,3.552771863005908,3.068288156120855,1.1510348367926764,-0.7450736084041418,1.7811762879559647,-1.1843502120825424,3.6133552284413217,-0.3063509954592797,-1.986002348289936,-1.263740752976936,7.2282650329805085,4.876707492472542,4.554152913714454,0.18735687741970833,0.2743733014832314,-0.7405756728290895,-1.5767065304871395,2.7338660162408575,1.8159470869799312,3.631162601760151,2.0118289069600923,-1.0106157734204002,2.6093285805086377,1.892462402996326,1.7237819909696643,0.7745015207687463,-1.1862330202396305
14.081633846952045,13.170350818649869,14.09718971984606,13.380145758576003,11.666814242270418,3.566807478280609,2.3964121874715993,2.8407370330476436,2.6790252129496217,2.8229337466363793,-0.9240219071703011,2.7883580148874447,-0.08490302834719457,0.026298151048098524,1.8643914516068008,3.220393335968299,1.84838464171347,9.245598344885648,8.707602957931849,-1.3445143793485608,2.9636368055936657,2.192044195506788,-0.48922148859970466,1.7168591332905911,2.3688338925337176,2.826645601307938,2.1194949982524927,4.179994458067031,2.018386963749919,0.7616048172894433,3.3012631805551274,1.0444954832813826,-0.23043460313116595,5.981044801841436
14.310849700896158,14.722811876094067,12.562716225491192,11.272711671166586,6.977528792636982,5.567948783139604,4.51349741494755,2.5829449827720343,1.1988994389316128,1.5633673831995474,4.856895591035308,-0.9285432771056172,-0.5517783720024009,1.8655016469743297,8.725355595904592,0.9291753777835657,5.881586270263264,12.358816805735199,4.478689966418573,5.755441304711909,11.640867690351568,3.906693150803855,1.6247433150790127,3.1530984391508388,5.54554938930018,3.8639607023579154,2.0885313914609416,1.7822795889094063,1.8863193590932221,1.5913129572283817,2.1158409601699666,-1.2059339114255911,5.2814332796445,6.990986364997282
14.667069895028678,13.605903613281962,13.7871060282336,10.85784209143714,9.739349558281823,5.13472267580059,3.305282504474084,3.019207848881812,3.7206494864550206,-0.8943400354661434,-1.8832866888928572,8.294334784215485,6.846403278686261,9.946746866756325,7.995794670729729,13.469269305872967,7.824344881027445,4.452439315521156,0.9859397984110594,1.14810973331373,5.371819927994111,-1.0986807908474026,0.8893021814812868,4.345712171974009,3.5500333519157543,4.156476871456218,3.7397192193030175,2.2629264648003984,3.9913321844650302,1.6936972211199965,3.104743860944918,5.517982775036923,6.984648962414893,7.848004602231036
11.38648481269504,17.691949455289183,17.963758814852387,15.047707105600187,8.401399244497231,5.100817835251512,2.831364837096378,0.07885439499711579,6.520886975061323,4.362148037380483,13.231908440568635,9.370545927351966,6.0981040059478255,4.125743301278048,8.491913975418893,4.998791367460197,5.050393184140942,2.8732486709474934,2.932914327927023,1.4566177506766729,2.330421482996148,-1.1156928542447064,1.07899978550009,0.7427180582904599,4.723521322447666,-0.5450485373558803,-1.4793466417986632,3.1970386945884743,2.2795462561877495,0.9301069485251281,4.8782838404625135,6.423088714372685,7.410941934955465,7.604982036564078
11.681254295325939,15.366397878282609,13.006786721680367,16.575518672511507,9.302725587298141,1.7384468144238003,9.437597471965834,5.610055006429681,2.715620464902134,9.241617630548706,-2.3057131360311374,3.4668365959267105,6.102083717558911,-1.4307680982962139,3.5394648523856542,4.878192518037692,6.238857928297783,5.838735493117521,5.716866888440354,5.9434434718744376,6.350631612175075,-1.4279136778941286,-0.1605719325870033,4.728177973561356,4.374851838844363,3.694861067083265,4.778402410776639,4.325428929009082,4.032210951510127,3.3020303563251545,5.822671810830872,6.605431500568748,7.764990783516546,7.704226133149053
11.897088076435292,14.536046034954042,15.231524688443617,10.518596323834856,7.9197270445567485,3.432907099575879,4.887806606560517,-1.6718169764056485,4.009497655034873,-0.24585266842344683,1.1177248664930748,6.826328976305301,8.781105031454048,11.106656447786506,7.5641521289007905,11.019857707068029,7.022483877858979,1.441746496876685,0.6361465813964423,1.4395340791222297,4.399947162281355,2.945890872310902,1.4923434939539109,4.496052096052954,4.938325802398097,3.908986658497898,3.1628014145635697,4.255098447597237,-0.5939014666808539,3.3851993436178867,7.052363821701728,7.753174417433635,7.368218573268862,7.763514925474457
11.680066429499018,12.426498053398287,15.676965558816502,8.858025079382978,8.21069191365497,13.819621069148548,14.80099204455695,-0.622580932012788,11.388145582684983,5.6045018962167,6.986958984300862,3.875754397274184,2.560142605635774,1.9910010199764796,3.172422851840235,-1.4805501146912663,5.681752100902741,0.5015888428689531,4.937258678006141,3.2174687826842447,-0.5248660850767292,5.619670026126911,2.557430165755182,4.484080724633805,3.88317527692301,4.506775914582904,2.6199639490195934,2.2413844444684656,3.045297583051339,3.5797017916731195,6.910466160002884,7.605104129174703,8.397604597670501,8.35351718767643
11.815263434160268,10.967789796428903,12.686943875744484,12.285047247733798,2.4955479263216795,1.7663832275493287,-0.2633313611457252,14.113070653790576,2.1635923906523638,-0.4950020595961462,-1.1765484719746493,0.4507163042741873,4.962316306193835,4.6192771105122645,2.8292813392346483,2.711146184008342,3.9748841630174714,1.809610333764038,2.1518151798584633,2.536457546568595,2.445855900611318,2.6900334931947665,2.321976708462825,2.724153611700965,3.5121446869246236,3.641724547126535,1.646653586301312,2.918825670827806,2.5143746491939516,6.81386614048147,8.175554361968757,8.64507785044255,8.560161242894782,8.751715700126793
11.338041199125577,10.086788053686268,15.54256862940366,13.613807269689646,6.432545271967351,3.244571118315183,6.448837841789021,1.6620962863706978,-2.319660175851099,-2.019335867137381,2.6464332240385415,3.782138039073998,0.9876146869614562,1.8057700709418385,0.7181861541710922,2.1189566949969,3.8511020914457843,0.7305074142367041,1.4078887789448336,1.3769641999735,4.326058847723321,3.35617284633009,1.393437704017548,1.1272548933655602,1.621882365210808,2.472875570091666,4.179279618675988,2.496763326182528,4.3371857741784705,9.583902893562271,9.435495008823983,9.149575997541248,8.053478551693741,6.952836532266435
11.339108136830289,10.712367403285791,10.961740543403307,13.112045848628554,8.949467473377725,10.867602284599625,8.465870325614542,4.601517635621793,-0.05631209388882307,8.307189204077103,6.1445346217159935,2.4951926301381393,-0.8530495491712705,0.9070560047070975,-1.0071647163613862,-0.5218497277082013,1.7246679091820152,1.3132901000351895,2.2512672052218026,0.1289636558983864,1.757490005945121,2.142236027627145,2.354561646096395,0.997060439784869,2.060207569939808,1.853258597436222,3.6585540213802297,3.188047785119412,4.112922573533488,8.001933585312226,7.532156143609849,8.32262483362824,7.416160567095001,7.9047167782015215
11.974289703340073,11.987300382282646,11.975090088070306,14.204291347530255,5.0110871068259755,2.6361737403513907,9.27566044067658,2.6258958296963235,11.143275707309192,4.799044700404103,3.059131081923679,1.3950752805685231,0.952230486425504,1.1228925218651853,1.3996045266719361,0.2848126616888038,-0.493780108468151,0.7090145532445061,2.7282811333617047,1.085138994402213,2.266578902688933,1.2155247999246777,1.940433357504356,3.894163352105858,2.290194412041122,2.544661366208764,2.977768163012715,2.575946171752947,3.434137419950181,5.456122397221063,6.771517375317204,7.089104270193095,7.360412520032172,5.866313522319298
12.169877645236863,12.222176396679854,12.594417997844785,13.101506560063822,7.797497118680575,3.589035227470392,9.310541720606272,3.0002557144183366,3.27984341385162,2.476291843855963,-2.0010126885025716,1.2779417123190062,1.7534648575086798,1.7033522868308488,-0.7306415122950927,0.6921873194182433,0.46476971597982825,2.261456869740502,1.880248410008953,1.3176678323354032,1.8878616894791087,2.630690311617848,1.0615651122245446,2.92684842490229,2.5272261399152485,2.8201862032091567,3.1470877103606556,2.4384936532444303,3.073799269782927,3.5243986159512,3.6780841730950016,5.495133256503509,7.186089362416765,6.579553806432285
12.339574855680787,12.647077565060785,12.852943018656427,13.611746145288492,6.2685569205572715,4.471072015568569,-1.006683091883151,6.7380567513298235,7.519667045149987,3.9598470534913544,5.423576222601856,6.126068412003848,1.8837177973195487,4.779961809533127,-1.1604056522799393,2.421815858655038,-0.10737753229393472,0.7646286064832463,1.9776095822517854,1.182356423654342,1.601853665299854,1.8272890768836578,2.5184098977708276,2.534469257085568,2.6005005842210935,3.0970939928278125,2.5730094981739984,1.7392595935022495,3.1847655827259396,3.1090362174830655,3.310913873149383,3.941284247114598,6.372552624102299,4.661218878927862
12.504677573910248,12.836096297273693,13.203758116405467,14.775838362279604,9.468770828379979,4.686579886717754,7.053524326447241,6.415635988281343,8.59319997138451,5.2149476597072635,4.831018734850696,1.0275123226429057,-0.5329903437162942,-2.3621931462620576,-1.4070313899437301,1.507339719736547,1.6212085077019311,1.8780576387239973,1.2205287232835353,1.8966725309233858,2.0765538995078336,1.7977687956859305,2.143554364278327,2.0132359540803804,2.599733806474466,2.824455331842636,0.992475726571713,2.4147499571803945,2.8697610404935494,2.6560532842120463,3.058638654214753,3.076960639920536,5.685685181443161,3.011704544659565
12.716208615388508,12.90371784244634,12.494338534910296,13.591759397362473,9.08213564885911,4.541237259897588,0.26410524031991073,1.1119837626711024,2.6880842928794184,0.3407878330832354,2.2970508814961144,1.5101514409564065,1.1090744843260132,-0.36823977169159294,0.08900447372470371,1.2023372003450086,1.3885199023056758,2.0872327206269317,1.4330555333176707,1.4748355882916575,1.7690833092855611,2.346913787433844,1.5702831435812792,1.2586188625602572,2.2096660975233147,0.16345655339018902,2.4765144982950424,3.296756666378318,2.6306939865944887,2.6255455512358887,1.9117618695827872,3.4576817434714333,4.008141623396328,7.29473022178036
12.06976848400772,12.140887675973907,11.721514758012713,11.716910968012131,9.661813557279023,5.545956761233516,5.538831447848862,3.49567151710159,5.065838889678408,3.896876316603038,1.1457989982711283,1.8499242037490515,3.472091210048242,1.1578992853916175,1.206725370205481,2.728300286668934,1.1587335394140836,1.6024742793339577,0.7634881641376138,1.1841166240052976,1.1212247247766272,1.4108653818107704,1.252199151313862,1.8546265990519495,0.3839515883445448,1.968911525573017,2.257212386141063,2.270362248191497,1.0101022678254288,2.795798582361229,3.261766517729365,2.800832115383794,5.810858113964546,6.201125266684322
11.816428158460367,11.160937341118803,10.063072616340214,8.831065098053191,9.63947478789925,6.448514248346639,3.7818746151156746,7.67754992573745,5.996610382224913,1.6967517566488548,-0.42162408936584167,-0.5871772421211611,0.4739119750321636,-1.5977299018437228,0.2558042301094394,3.319173072291,1.3543007557714106,1.1366462395930446,1.0394053533391288,1.4961795404187488,2.165413601252988,3.98284864289404,1.7420747956803382,2.0573826681834646,0.3981009074299347,1.760094969857307,1.4497965066069223,0.8354442498756169,2.001035959583262,3.5963552758255983,3.66513433289897,4.094578018708443,5.774632627660609,9.67600593668567
11.677384405803565,10.71197638352088,10.067619499368924,12.853413252123897,9.94249250497882,5.525968797972304,3.0939514717666086,11.15295702702333,4.941609014458251,0.6043497475120236,1.8195945741360877,-0.8783540341381554,-1.2204346904787764,1.277593802621009,3.3905179532498697,4.394257432312511,1.7383646631083611,1.0265037472559615,0.729588571798218,1.9799682146997974,3.535000150055519,4.675381895062692,2.981323901147179,2.652155829810602,2.187747233005632,1.248184435341382,1.1624822455350077,0.5170366854836699,3.3713339338851407,4.219265020657878,4.410585995627409,7.396718404923103,5.575116207478753,10.455326996660768
