script/wind10m.json
{"header": {"parameterCategory": 2, "parameterNumber": 3, "lo1": 6.000027932988019, "la1": 58.9999434238085, "dx": 0.5, "dy": 0.25, "nx": 22, "ny": 24, "refTime": "2024-08-12T15:00:00.000Z"}, "data":
[rows 0 to 23 of 24, columns 0 to 21 of 22]
-0.6116494470215166,6.623488026624388,4.072718365510434,1.8754921911628688,1.7933342023778789,1.9783841756162797,2.1280304010427638,2.0648503014645936,2.5897016175680467,2.6825016026297615,0.8569389803057812,0.11222570522929037,-1.1226396836231594,-1.1245025613840767,-1.6837684369111054,1.9839443367606204,0.6696088692902459,-0.6261593318872752,-0.8746302367743766,-1.4530857563138868,-2.36527350618447,-2.6830925464374697
3.730785456571154,2.567297481357124,2.4311839324401574,1.4976627775241893,1.731223403721757,2.1432844635754704,1.9382302284253228,3.854238531974854,3.2015713524347604,1.9842542068285676,0.01377665848883949,-0.3674440405053214,-0.9175611909502992,-1.1085126983182085,-1.3648808276743534,0.46723826880980046,-0.504968355764885,-1.4185047680663143,-1.0464504536464665,-1.1664028008527183,-1.3852782396618775,-2.0285398830311534
2.5078618983452845,1.79887409120984,1.5368755223334891,1.5320075770930963,1.8384989835837766,1.7337307851359591,3.166977707467366,3.81179253335427,1.594923125204107,0.3412930393187803,-1.0603471924087662,-1.0341825112237037,-0.9275711830263065,-1.4686988606545877,-1.5183874184502888,-1.4396868134129466,-1.8066029864472644,-2.141871585540754,-1.7832880806647198,-0.9559950468456324,-1.2575723860714254,-2.8059788843237228
5.042620988261095,2.0675912950371,1.6953574654818309,1.696332711297366,1.9298464570678606,2.0894689130178405,2.4574370115909425,2.3003078823773895,1.127577672743092,-0.6474450704786923,-2.2407201446428937,-1.1876465062693335,0.0528789372638915,-0.700945421738974,-2.053954186110441,-1.9644982009349414,-1.7901576838725002,-4.332761335496193,-1.8133515953750339,-2.0601235345905753,-1.2938724355697993,-1.3777156752789037
4.137597563530094,3.6388366900970106,1.7721931238530724,1.0155494614628853,-0.3259176566204675,1.4787836179773934,1.626706187075055,1.710591188989083,0.10432312276869157,-0.6790084069322999,-1.4886624483205015,-1.6640715289737962,-0.7696568683199835,-0.4490138092546973,-0.7010002092973635,-1.455338966575658,-1.8220109898288297,-2.261690500755632,-1.939530825821395,-1.8742005849564831,-2.017902769135978,-1.8173915156055285
4.262608798942264,3.394102855046747,2.4547207754946383,1.3923502268685986,1.319991906103289,0.9485574775750353,0.6983936851007148,-0.40851098574377304,-2.443637753144605,-3.0032096011536034,-1.8582314509018039,-3.168096216926995,-0.7005292058335995,-0.8130111622153305,-1.3939981883355197,-1.7464919165764412,-1.930593460616096,-1.9704221160949684,-2.059630553209723,-2.2463751354778987,-1.644119050236263,-1.8794821107427953
4.692818736926769,3.7909198126587422,2.951168656900109,2.0783706658938654,0.9872912496207947,0.19536724171994976,-0.9367412373007842,-2.214185117290463,-2.6949439445851144,-1.6383342587730145,-2.27527578091194,-2.8603631313881546,-0.9742117394744787,-0.9579212690682269,-1.3661198839539168,-1.464394219831827,-1.7876748483009972,-1.9775981785636074,-2.065984235071096,-1.9335670402362632,-2.359939339188148,-1.6816029629794886
5.0350620808433755,4.115289691259641,3.2822530955716123,2.019081167880595,-0.1586086595247242,-1.7004501340473535,-2.0198626001257582,-3.92671661779051,0.03777150025497925,-0.8302757289380212,-0.6811310781304034,-2.612164302595236,-3.0799153757802897,-1.3918588717152869,-1.1573783843739447,-1.5229185437687456,-1.4786467157317293,-1.764833136953016,-1.8862875246974873,-2.2163158297658834,-1.9262874940691679,-3.679544042333483
5.020211531416119,4.117922813527801,3.169679391535743,1.9884819668916425,-0.7610209821525689,-1.7099125441017156,0.4439061771212865,-0.6924575508134854,0.732021320477226,0.059748259576564086,-0.9959821034003261,-1.9526057474501355,-2.5398208883503655,-0.7376463694751296,-0.9111932022999466,-1.3549638060424958,-2.07983851715204,-1.4391543695411946,-1.4793635231874438,-1.4321880422937738,-2.50358131563091,-3.1097871860252813
4.857396568451437,3.971878679518508,2.8695189616279615,0.9034671131092039,-0.8164253674196628,1.3388034750545132,-0.2956527011669707,0.022216861269896145,0.7512376740174861,1.8286693573119315,0.1382718838361451,-2.242617248367314,-2.9066430175279065,-3.188957247884608,-0.5097242162832513,-1.4846426803522603,-1.263167918327257,-1.538601738431688,-1.26479240414056,-1.13751071161255,-1.5206640034112913,-2.7417440233627914
4.752522259922955,3.8253137820689807,2.339113916277437,0.2444008518911707,-2.114745074545871,-0.5901629018941755,0.9048304696714506,-0.2973342209268985,-0.8893362597241413,-1.588758437354005,-2.028310025954174,-1.9767498299134283,-2.3788750683610265,-3.1588591909609725,-1.7193978522327988,-0.4236837933121894,-1.8395629059879184,-1.3990897540166622,-1.669497219857814,-1.082083808660184,-1.3042309805541754,-1.582182003686611
4.998804536538925,4.026602930565829,2.3699497446456603,0.854221002125433,-2.801193616455565,1.1910287003914561,0.8537874000840784,-0.4739882338404002,-0.32599041989800204,0.7216438097313281,1.3073851755249997,-0.41023072361424034,-1.9911994455054294,-1.9534600700391773,-1.1948144637450286,-1.6495888508472556,-1.0037261621653912,-1.9058522767269128,-1.2363062342492148,-1.5205263383518222,-1.3296941031528178,2.4437609111064273
4.873316071445936,4.370682110307986,2.8705336183675625,1.5380198751633876,-1.1422611366102748,1.6922996553574887,1.1241032787642635,0.08849781054356708,1.2772208119271578,3.0661440535440763,1.3308909510067979,-0.8981777991361988,-1.7659556232994482,-2.1080921338807017,-2.718561092509722,-1.3341236495208773,-1.3568020041665436,4.230625953914774,4.07513688677767,3.950088017253962,2.6135488163828686,1.426582062220131
4.8675228710232075,3.9555243416401225,3.3428138720034437,2.0372961619041385,-0.9395945765466496,0.9076643013405802,1.3589355892043424,1.794941067733043,2.5601334279781387,2.7694455639764124,-1.2419908622906861,-2.5352387285242486,-1.8080163274313112,-1.639507565085251,-1.807908362487505,-2.550903558502915,-1.1502756536413277,4.98556590811878,4.722528444578863,3.5900076284162563,2.330003810272542,1.0628362339066009
5.489512208956053,3.9372613801942333,2.538001203293663,2.008959670892319,1.9346902360478495,0.543558129246001,0.8087396950855602,1.0294493714208113,-1.7825970619057907,-2.4043541148996717,-3.2624447494686324,-1.9231058176000193,-1.7995540637048273,1.4750215389719636,-1.3349368108678752,-1.489890117626029,-1.669731403054129,5.914151232637535,3.5254891912488304,1.8014114429018593,0.3406702190455775,-0.25127135625006825
5.298167551081814,4.773231989925662,3.1710222575045925,1.2401926353532002,-0.8887799872607433,-0.014022794615273422,1.3236021768741542,-0.014029948108619062,1.3222778315803791,-0.03228050252533113,-0.862066680648689,-1.4910700506714487,1.8006073292315974,4.202634259906225,3.1011087662286454,2.1741992223405835,3.2356307380280627,2.878166167342716,0.11787495700691565,-0.8724198225602563,-1.0366417510205903,-1.1100170865493408
4.554833380940656,4.063037878494376,3.0044988676109363,0.3633309101660914,-1.7370748658317854,-0.475129512031669,0.2945222283044529,-1.1986775439786905,0.8219651755090893,1.5195062243863315,-1.2570162849069264,-1.0114513452050329,0.24619102036716795,2.3758884691812048,1.6669325995547037,0.6162714780234758,0.44712024421386143,1.6524235659082118,0.8026036898603369,1.8305559177505608,0.2975266541288455,-0.8868544916945279
4.335581650334949,3.719992010971141,2.7045776527761647,1.583109124932424,-0.43908478561805037,-2.2440486367573396,0.5829637801388844,-0.2545211040342562,0.5072806237091576,0.9280334232694254,0.7477594125464077,-3.1774406218098097,-2.542070648232347,3.1964053378099164,1.4745861407552017,-1.0323210671630578,-1.3740631490271529,-0.763200702033212,-0.42303933152211515,-0.936198837672253,-0.9874724827295704,-1.0581449641905394
3.324866974908785,2.3534758893213126,1.8082122024414473,0.060356971106572184,-0.9121151738684675,0.9454030469153059,-0.4598404878125076,0.5491518935792626,-1.279021756953223,-1.8958970922810945,-2.654435914814253,0.6524775409671981,0.18323337383854427,-0.5682818811338638,-1.4736657838928857,-1.6544559032070199,-4.188100048333934,-2.4445145559756396,-1.984423404130526,-2.2024777932123296,-2.4010382377844124,-1.3980357284283962
2.249152802338912,1.9418915066817564,0.9852910404479349,-0.21393328385705315,-1.015795153331097,0.595908470241437,1.85554016050413,-0.14343062170952048,-1.647990033417994,-2.004513592236267,-1.302045655647891,-3.2686447723786536,-1.7784916979766088,-1.831890653934014,-1.7875287654313288,-2.6632272125908045,-3.3551736973211805,-3.0024371285205818,-2.8431182581649757,-2.3448404447618922,-2.4169671744682293,-2.3112598628214633
1.1481757390255896,0.9289733237494832,0.039679866777791124,-0.46518144704360864,-0.37459815497634097,1.3249930725693242,1.4265752035092878,0.6510621352530579,0.46469803803117543,-0.04100370727789332,-2.877810781691931,-4.511352068391253,-3.2685724077278775,-2.578231436752037,-1.651738162416513,-2.799171304433151,-2.0364751550333318,-2.0499464578988222,-1.5845163096664177,-2.8893947033632212,-2.882487370585969,-1.721783240102818
-0.5048866259751568,-0.5091025653118904,-1.454513833561056,0.28184832538842697,0.2507522181082492,1.3820671459260778,0.7992067729348717,-0.7190964367660642,-0.7482351961525515,-1.2603295691720597,-2.428314294622974,-0.9388546387441594,-2.2392904587453044,-1.2544475955158918,-1.0557730975140127,-1.589264969805995,-3.2096750816131983,-3.9588226963984114,-2.4398185071515277,-2.6094891503364828,-2.7591837166276414,-2.2208561261303172
-1.7690014271016072,-0.519257312243667,3.380195529737815,1.3256567375835029,1.0589365958363526,0.7117587893138797,0.15672679171622006,0.2772002708085334,0.9690898054755364,-1.1355900983504332,0.059378561586041975,-0.5966377169992808,-1.406971186842997,0.6471920411967154,-1.7028407158923147,-2.0958446037313188,-2.630343420833121,-1.9063649615105531,-2.6920917403083675,-0.98217605412691,-2.085553019220977,-1.939724827720236
2.773697896778049,2.6146352259889802,1.7853928267163421,0.6675096034789746,-0.004838437725793757,0.7487914594040661,1.0157106963586195,0.28863231217719654,0.5868452322412091,0.546255619392931,-0.7835370484709785,-0.6010842406996812,-1.0100056698167328,-1.3739471598591848,-1.3721153230382042,-1.9228698006224467,-1.1986416407967118,-1.4694061209514229,-2.1449338486563057,-1.9281044322697813,-1.897165057815181,-1.4233526340097058
