script/wind50m.json
{"header": {"parameterCategory": 2, "parameterNumber": 3, "lo1": 3.000054539987559, "la1": 64.9999836372058, "dx": 0.5, "dy": 0.25, "nx": 34, "ny": 52, "refTime": "2026-01-16T23:00:00.000Z"}, "data":
[rows 25 to 49 of 52, columns 0 to 33 of 34]
7.25659643910409,7.210962765808566,5.369644695986138,4.875565643270407,4.5588397563988945,6.540581541981302,5.0840111074853445,0.9950313774626445,2.2619272679141633,0.5817136394286747,0.6970710485661873,3.6982600555622525,2.969799667882153,7.50675596199391,7.6826349229289015,7.31038037767727,9.604715945366486,5.908009467357169,5.340511911731295,5.456632682287864,10.541361766492294,8.97077308092146,5.41099702052842,4.994240094825916,6.256476669388482,4.4474138847326445,5.769505638415858,4.655058183646061,4.7953000689981575,9.871782418592263,11.30210704407285,12.866167451827307,12.58858023725248,14.879287220400185
8.19601013804472,6.377241693885005,6.258772064533726,6.386181823581949,4.815885493273152,3.945119433193745,2.7764813523182017,2.045198535715638,1.6301129511687655,2.4594738574384323,1.51600565621471,2.2327002759977357,4.622083718280659,5.886035913382533,5.543081938862973,7.0250105835018,10.268047935581796,5.762360010445903,4.473402571708109,7.534840875331343,7.065374112892194,6.554467937876669,5.828809193636865,7.629292508866051,6.423996077898805,4.76804176392192,5.444562901692717,4.744281335932213,8.229094726071805,10.494141449595224,11.569352303581631,13.054352035425033,12.762760441643975,14.589678374730301
7.000582582062926,5.95127667134658,4.564690896020094,3.5611084933666692,5.569597000351358,4.203311387887824,4.551216129090235,1.979715456101728,2.1777305203526813,1.1204240504043281,2.0933289746371564,3.229912429973551,5.314837246963523,5.140355223230769,6.601181068493387,8.237880832388937,10.549600107006174,6.108055328926895,4.8123811548116455,5.177075765346635,6.240942813555896,5.760118312459133,4.09077183629273,8.687694328587837,4.181953213841159,4.012826073535508,3.6116148991274337,3.7605958171696527,8.977853248631492,11.253900996821658,12.877732535346833,13.449812581536808,11.45539089616394,14.657687299447666
6.959372474400882,6.4922539313537735,6.698036049214071,5.694027856922847,6.4906154743544775,7.388357172159516,7.19302830097109,5.550592353895976,4.946124493655213,2.4697146490180697,5.748454055253142,5.493723245431475,4.211490499040627,5.585998088517086,7.932465974735977,7.760266525661185,6.602616127593893,6.4542616818358445,4.429444888428129,5.044651454343626,4.8975527454230035,4.3472932415048415,3.748918766698132,4.296493233710051,3.855531253899396,3.065444866891522,3.452643666365212,3.8096547613161227,10.230285778923276,11.789807396405873,14.001871990683966,10.745717879853947,10.902855145595069,15.587377727982538
7.237128097863347,7.5130054099998995,6.980135614079669,6.254773842906011,6.8315117081030925,6.907524122198194,7.9879738286063136,7.369548612722358,6.528072751754619,5.861239973581465,5.349388401927735,5.421701178921961,6.2932108909903395,6.5120098839836915,5.916648869368378,5.336861237021846,5.637459370811493,6.5612419479191235,4.46321310588959,3.989595446995628,3.8982172004220463,4.308203503359945,4.199646031878853,4.40828469206367,4.816388230008268,3.9073811569381163,3.8924132971604175,4.136116393035756,10.661888962522484,12.314679072998295,13.414082605739491,7.63074741928767,12.961152964527798,15.093940075623433
7.577120153512718,7.844459359985414,7.515123475755106,7.354270451358402,6.823644093978646,7.512369630798832,7.777031163239796,6.39138813638404,5.997478952943145,5.523580514741065,5.830038615653109,5.410231884446219,6.022932915906141,5.856797922243281,5.513855587436483,4.7453049119184945,4.804876160683762,7.629449917001987,3.4333732558815653,3.171380896352598,2.8649158147203093,3.2080039264836797,3.829719481022867,4.0051884463184315,3.56901878777496,3.7695255187823844,3.5557489298466667,4.496885992592457,10.054706691041819,11.68863988359985,11.97147253397948,6.716167040968706,13.177388335922725,14.552258191058025
6.8811944453859635,7.464974033123392,7.374061817979887,7.226813390315537,6.997081881672812,7.184401756497887,6.797831558121025,6.084988937878694,6.357026485847448,6.26789784491194,6.00459708862841,5.931181214354939,5.16019535337882,4.709988295984297,3.7006964027412197,3.8917162691270515,4.188389052079627,6.750814613125811,6.732423326686479,3.6235479192252007,2.997110263822389,2.988167933168584,3.4040626131143523,3.265191496125638,3.488524097525266,3.202327564079252,3.2928171582799313,4.712532562867465,5.877337866767731,10.79033893957436,10.337303889912661,7.677764801227863,13.05954059347943,14.145917263892489
7.09788933151438,6.769878241793551,6.885132570977659,6.153439623588731,7.150302613769501,6.394095859203448,6.634602286584462,5.952428700045054,5.912172365968896,4.885867243150052,3.3388292577378995,4.445326434634967,5.830146729436734,3.6735074550004563,2.9767458416539743,4.593129300566037,6.479648548522467,7.040022041127798,6.411526466144035,3.5827926975294626,3.370886923221988,3.2512640898542315,3.2807629777409884,2.913769518398959,3.2130957648118024,2.907527779987891,3.812712036500923,7.170677942517244,9.905616939233887,9.898977564792192,9.799595110599954,10.943564433170446,13.154098202839736,14.00027718541332
4.817745966938589,6.649148024473997,6.5823319103541325,6.548312751201656,5.124247883952959,4.605045267693548,5.544518926748278,5.829768615084857,5.103049655896354,4.506426586261356,5.887493587655818,5.024812350503796,4.31138036863481,5.086742884581052,3.41913808070982,7.134989647462975,6.79792641393128,6.453810138875917,6.626250023747342,7.714846728198682,3.309149964193054,3.510357261786689,3.2610344064418753,2.81534724974634,3.1456815904831132,3.061819840957813,3.473370963487304,6.934516874917268,8.96121827137878,9.162947006999365,9.616561482376351,11.697335326402927,13.239023744508057,13.965348104141672
7.446116930719438,7.59692165523379,9.102436450946879,8.0777422786522,7.28767018657731,6.8623796086970055,8.303121711530524,7.6360252901732855,5.959856887031749,5.816215245159959,6.206724552914986,3.8045440898497818,5.651664281108577,5.593180826906949,4.676976512172713,5.404527378942781,6.9788011372860765,6.738278340579809,7.260256425475783,5.476293232726943,4.287949194530782,3.4046713574837164,3.939995158409388,3.5607011422156973,3.407260268109658,3.321163216840211,4.065289378786179,6.198693926098484,8.680429255494412,9.09661962082998,9.623102939229733,12.02155073631325,13.3190229930686,13.421855040834085
6.666505651116829,6.9029834288438385,8.048943567111962,8.825839955462003,8.088379012877976,7.059158932283216,6.897545369260669,7.2560888910810455,7.627730039358225,6.446301373932731,6.939638446426261,4.344253923136364,4.941091909308853,4.137217472384596,3.3359193090887937,5.463563361854597,7.596676763682981,5.92076481190239,5.218458194768715,4.078803571477276,0.4296470396707381,3.4590414404115917,3.0660243059457573,3.028118386644143,3.2970349188017223,3.740148925452819,4.439099401161216,7.815232553057269,8.275676205127994,8.711673052836643,9.591187165044348,12.088294522477288,13.406297294295182,13.219180809963898
7.747964761964098,9.36005681088831,7.304135377049973,7.223924612927144,8.325532283258879,8.044793277198277,7.727294584774248,7.740103678000495,7.222011327244845,7.381198811002071,6.999868202303158,4.554582497627072,3.280058663693862,2.828711469192552,3.838799905701453,5.364973109143277,6.129846627204892,4.146512722279792,3.8128232238615385,2.157197868611886,4.091141350130827,4.261536915577541,2.5542823474025496,4.969637245937587,6.194248685605791,7.080636269408194,7.972366975752271,8.092582787755372,8.400963411189391,8.471420986810115,9.326492455335405,12.311468310569557,13.234722956324088,12.59367304606281
8.035419632625054,7.531580989501837,6.643023800482776,6.265599979229833,8.211124387445066,5.930136172740519,6.55618922050534,6.737323640348783,7.074957908329844,7.681210901028763,5.56445119682859,4.382506094273919,2.93086590720347,1.9530726657883772,3.390257684075867,5.10422076552905,5.338775856562701,4.605088691599022,3.305340769200852,2.995007498268037,4.514736712032844,3.181891250515018,3.6264765933428773,6.125829251837816,6.535177976946174,8.30293024899267,8.830097033701488,8.58092476422352,8.18035923744899,8.541459032223084,9.0392238586364,12.167328135997073,13.166972018507504,12.38753509981936
8.65286410797355,7.741574208707132,8.256182437523313,7.486494437379623,6.865019963669605,6.442093553033474,7.067106068650388,6.716429741684236,6.27715940557093,6.390964280745515,4.377203557168612,3.8387099400076186,2.7816566801948426,1.7925430058072727,3.752509048725489,4.233639090583811,4.629532305556545,4.308449075200074,3.2956806551891735,2.726346926748996,3.696324759204647,2.592040830234359,4.215631549276734,7.794068247471663,5.83517204414607,8.531039918423346,9.138783607611751,8.46983297737884,8.226405545890895,8.489608543368377,8.71937377365426,12.432643199493372,13.117331490594694,11.43158721464868
6.539204404699245,8.307878429600096,7.5494579821559755,7.687014651150966,7.446722676039536,8.174791991741841,7.727986053083143,6.600416537387506,5.932807957731077,5.518627001711153,4.199352049004566,3.4050033699201254,1.3621465408170252,2.4716669201579786,3.6679564769027793,4.861691865489945,3.3628456640246736,2.276546463376637,1.8021156792890554,2.0880451660759984,3.922997071802332,3.942599078459299,5.765577786596394,7.224334626600295,6.01135515704966,8.145902105413178,8.773464901553906,8.17305555242364,8.051967431077895,8.371921580490472,8.274513849283883,12.697335712530105,12.447495069708216,11.634079904336717
6.919884267509069,6.493649240828731,6.5554154524114345,6.700178692367633,7.510394979433836,8.183053114540947,7.3062215759111915,5.894924660010601,5.430457649656315,4.929260423885532,3.825106061387614,2.1200734257876674,1.4569745614948892,3.3958431763447674,3.154900093539261,2.5837014606216524,2.282715831285031,4.646761832488862,2.4996212884138003,3.8911849794035915,3.871391396278947,5.00499036011275,7.38690533572501,6.7868329221083945,5.129443157958138,7.3458071435470975,8.665133286246501,8.122105452819628,7.870847326021156,7.846850507232395,7.61617733906878,11.645607702083161,12.145004611916125,11.20794681501732
5.516865936678505,6.316555005240906,6.656362941834869,6.545884558755405,8.326562560256898,6.831091829852831,6.338958704177597,5.910484117420612,4.129498933647468,3.9215613853649582,2.889395608713,2.1433635980894783,1.775705165524584,1.6674612821664858,1.3735620679265577,2.059545408467125,2.596846731962984,2.9231999813550993,3.1945721218977168,4.547912765660408,5.730713503893341,4.227197372765322,7.8267008470659025,7.629525899487987,7.8680248907294486,8.304881965530077,8.766538431920411,7.669014895156559,7.258258608262858,7.239376505215553,6.1233337809939075,10.667066200209677,11.686656743452046,10.426383740932167
6.036784780261541,7.508621646770814,5.552735603758689,5.021878273734747,7.182252485196592,5.874631854759195,5.689841736429997,4.212833679073842,2.9177523708708617,1.847806143832147,2.7813015251583133,0.9489637068277221,0.4610409925726022,-0.43802193080318536,1.4242102490747108,4.027367889149121,3.359569885458444,1.9103354195079216,4.808295262050299,4.472656143204086,5.7314982031444375,4.603926683853335,8.49060795327204,8.423765332324018,8.326300900237545,8.265029749929566,8.982518274311564,6.225428513181614,6.756221231955491,7.03711908918116,7.302431903776805,6.410022616153173,10.801890921005198,8.96136863230966
6.299105151409677,5.623782428903109,5.319032036400336,4.970633727195103,5.7410658583665235,5.342976184919014,4.054495264633546,3.9023921178209946,2.639514947333065,1.9280272994938357,0.42404188544065585,-0.24357674736943577,0.3238252505138677,-0.15842122495312067,1.1278205137188408,1.6131766477775273,2.3705206321948045,4.376576188821685,5.759769430392018,3.460837027741069,3.6557128118022053,4.330656528832217,8.128666387231764,8.513755668350415,8.641616951372912,7.603518346601749,7.309089497788483,6.162454050895744,5.846577154625326,5.664291722866158,5.6664004974499536,6.372491168731064,8.173998067865664,8.845430054106982
5.926303711287471,5.739548223394164,5.473499609317986,5.18127476817473,5.105450489002214,4.820079322275736,4.3120614732370335,3.2913925911302107,2.547162432921172,2.200192428130306,0.8290228970255343,0.8769814952125081,-1.2032312773596987,0.09494877798869185,3.289874828764814,1.3706836144552752,3.598504564122258,4.442678966107029,3.2578773157943317,3.9056387283944085,2.731611197175549,4.687135990091507,6.787815131505705,5.911645354782992,5.951690085140212,5.749698105685941,5.107955381147037,5.936064211345615,6.00686002489154,4.5110790498629605,4.2455763980436405,6.081473915155233,6.9457223295367445,7.063379971207882
6.037370290006578,5.116252123341335,5.894996725168919,4.806737773435961,5.809653869837275,4.779920263498948,6.590235252194935,4.953401079802173,3.5735155627647326,1.6008237687281233,-0.03223796877005465,0.5983698496936318,0.6363971454736413,1.0756965025911058,0.9285561903474819,3.8481216776266933,4.879739752892893,4.315289310466041,2.796850486338475,3.680581617426797,4.66756683101533,3.849634184268918,4.982097540984292,6.595073992351606,4.674454116179321,4.26737955418312,5.907500728677272,5.0775778493332036,4.292590634934612,4.746479208374235,3.9422295766809605,4.648583487004071,6.222968439819086,5.3005257155852155
5.823586021522061,4.771705147177617,5.545143153231809,4.083913028191452,4.50837313117501,4.8622239564622936,6.745679654197582,4.362854289916341,2.5751882171977725,1.093002826079448,-0.0962491707784341,1.2226084252793703,1.7832249972902248,1.8648605984508058,3.006388428390902,3.163992189573353,4.039165563768415,2.8312548761043854,2.426759338391407,3.4643686964580387,3.163289588077963,5.444526362678793,3.7976621402644444,4.413713567463157,5.61608352448909,4.727205503929022,4.526359530142004,3.7301275993357272,4.248506379388883,4.567165792088391,3.9637959638835394,4.15752949806058,6.022864289100823,5.683364316041885
6.176518721384204,4.29530914486376,3.6536388733820804,1.6271319703581282,3.9773920194613943,3.7761692144272683,5.286288315059706,2.428594684252667,1.3367616319190916,0.8250811530474905,0.5638918361265848,4.638293902186524,4.47188558743574,4.946596518672179,4.8216236070454865,4.086749931273268,3.041976266725653,2.6587719699205286,3.095753589519937,3.704684286171536,3.0994340039965875,2.8638077714931165,3.5270738448579477,3.0798306265284885,4.594325157673892,3.385487368957687,3.1338948570914757,3.5986387057764393,3.914537719959054,3.312581571457727,3.2537132997631395,5.582853700288891,4.694487685291279,4.3540157942600946
6.108332459007535,4.141592499292305,3.0895201158649295,0.7517959141220647,4.452289480620605,4.71081085296498,4.405625678745486,2.2683166470928215,1.6601568323855946,2.125039614976138,3.616801690222883,3.5539264462396924,4.291278977647103,5.436694818366256,3.816883640415903,2.5116284464084777,1.9933302821438494,2.316210019632512,1.808437003971304,3.3012942381067885,2.812869965226866,2.9071828631437917,4.2381791269425015,3.3423051121850347,3.4970392407857047,2.879962871073417,2.6029945099947267,2.425311634755667,3.107988549835713,3.409603283150823,4.057642520394102,3.0936116679094368,4.950640220892764,4.180026855180182
5.244731747043143,4.420741387697348,2.7505551823968544,3.7325966821159877,4.539951853957108,6.128500441257422,3.9898401665945076,3.7823568825911296,4.091487664039615,4.13871788854184,4.456405640784687,5.132054079506122,4.760690461925451,3.5143273795356205,3.4081417909241036,4.485926266221963,4.1558228922039735,3.6848938137535434,3.026064057684459,2.8446204264605526,3.5516981168939594,4.396017451889378,3.9219135187743315,3.2616419413964217,3.2565132680692344,1.1743552694706236,2.7380420325218253,2.1803642378072485,2.8029508070991596,3.9269289253080997,3.916571873529915,4.400164113455459,2.083026893350241,3.2839541491669353
