script/wind250m.json
{"header": {"parameterCategory": 2, "parameterNumber": 3, "lo1": 6.000198445256149, "la1": 58.999992894266676, "dx": 0.5, "dy": 0.25, "nx": 22, "ny": 24, "refTime": "2024-03-25T06:00:00.000Z"}, "data":
[rows 0 to 23 of 24, columns 0 to 21 of 22]
-4.916383829473866,-4.792133033485694,0.26211981807351664,2.222154585976274,-5.586954258924637,-0.7090659346670317,-3.6573087712181747,-1.484561802436869,-1.5862907184589867,-4.2316859010523284,-4.414378841702344,-3.692764617751936,1.5489334082305068,-3.7790624174787886,-1.572551102524714,-5.5496662891812205,3.433182429988027,-1.5861837224990163,-0.08203410407052432,-3.672689583329944,-4.170503858017722,-0.3947299650017711
-1.4231961018941421,1.9161263039820786,-1.6079129559758694,-1.920827032635933,-3.9855054680032307,0.4331551177302101,-7.22390437220537,-0.8749187140090735,-3.575715366201633,0.0083336302311337,-3.5929304910191915,-3.7188147189094853,-3.7134596074738857,-0.5290904614613455,-1.1417896400262495,-4.2418986423655385,-0.04126910132580871,-1.5991857099929905,-1.1207945715609364,-5.878987172823096,-6.330392969940798,-2.6183496018602206
-5.235241333016471,-1.1661718432517747,-1.6118172257284509,-3.106364675774677,-5.452589940096913,-2.182078318517428,-1.8014808111870215,4.570473793207063,-4.64785801006199,-6.427378973338142,-4.67785131510304,-1.7369605711108633,-0.27469388637272574,-3.378989476873212,-6.790123462263188,-2.1377696893498146,-4.834633585335242,-4.143029782713399,-1.6301654555958207,-3.6479687182149036,-3.9844084808564983,-4.451865778903901
0.8882060473458536,1.8593355832577891,-1.8234361626628564,-1.1749477323985966,-4.83900863337149,-3.3200646959887856,-0.45059911768395683,-2.242684222609239,-0.33882805110050984,-6.538947883535105,-3.509312651123413,-4.547204935339959,0.8750047932387044,-0.5370951211595323,2.047349401725763,-5.6645147561690585,-2.3241912285555246,-3.076501179663002,-4.372976240761865,-5.454477003860416,-0.2554684825981125,0.12423172012020425
-3.094110470159771,0.06592791266892634,0.7898690526123223,-5.070859236695098,-0.4741806451291747,-1.8621177275735752,-5.694238537073288,0.0077688808479541354,6.546593661038066,-5.839303389845925,-0.9134681239981238,-3.143030249264029,1.0624164983577884,-0.12276180346208111,-1.7318162740221326,-2.1750898403943424,-5.652587294644375,-2.5693232962004204,-5.781714242123489,0.667020874489864,-2.3895363202234963,0.15793575556049078
0.21791946052404104,-0.4239775071678558,0.22050188800874904,-0.5942539878497339,-5.895387546511435,-6.969069060596826,-0.46625935672496255,-0.2482904751800179,-0.10768811554934143,-3.134957134350483,-4.684491288865241,-1.5255871443223317,-3.71971080464228,-6.078284237940569,-1.736295458758208,0.6172308081733305,1.1035893821742977,-5.105606559905694,-4.430271996955324,-2.605089531887343,-2.685219702679856,-0.482059449991445
-1.7478334583193607,-4.733119235101269,-1.6952508856950135,-2.130370084173875,-3.5791477387475035,-2.8983548077537797,-5.109615834598736,1.4327776629094966,1.9910269816940407,2.7587873323679437,-0.4009955094971243,-0.5933729920020958,-6.275944971718667,-2.5018769402301935,-1.5270182436876283,-4.678567765222433,0.6889234605770685,-1.3348980544532076,2.0412334565951635,-4.906957503179491,-5.139300076258058,-2.732218681918424
0.9718043036913571,1.1281751143839327,-3.398297749359557,-3.9113404746871026,-2.8430535153379255,-5.711162935116417,-1.1267097039715217,0.12620588323108692,-1.6243386532808586,-3.830824657215939,-4.288667241267885,0.8448279536416798,-2.0597877496563033,-1.996768825021867,-4.830815045922408,-1.8345102827413735,-4.156343840944889,-4.759939970708126,1.177498863797171,0.6127915627241888,1.0486655108074174,-4.5183005873820345
-2.113197853073699,-5.6566163557455145,-4.488027634349962,-3.1407144381569045,-2.7805692206870574,-0.7332503332321962,-4.031262615592969,-2.9794176749597368,-4.461457773159819,-5.374338016320681,-1.1599840752590476,-3.9349234059320035,-7.2183391884087165,-4.731254682017054,-3.015427949165846,-1.1081310688618773,-2.052629830246767,-5.1058027324135775,-1.3112159454859795,-5.754449350986176,-4.206644993107152,-6.389315020141337
-3.0034684896387134,-3.787207148346584,-1.5407808388240027,-2.3286559841091607,2.028201672978756,-3.030023733253383,-4.38057602185787,-0.9448721311345905,1.2170006388506225,-1.78180278266269,-0.5525883569974405,-3.2296198870337256,-0.7628456491322618,0.8439252237596137,-3.757375231038034,-2.1713839222980953,-5.760394959611296,-1.0186179363027332,1.2727900408751807,0.23646999211052863,-3.7578196802734993,-4.97122092200825
5.928715986853399,-3.7573460676435477,-6.132328350590678,0.5173183031322534,0.4004619098372147,-4.26315433995616,2.0184443694248904,-0.82091972927161,-2.189881960445097,-0.1697447668904072,-4.46424329542629,0.8270926628719301,-0.26658600096890833,-3.2938847252468872,-3.9812563596125754,0.04762675947231766,-4.2841265534805775,-0.06772231630709555,-1.8621282545389677,-2.0353194580912652,-3.935770200142421,-5.533445281125771
-3.538730147081785,-1.4632953823195975,1.198886378300646,-3.9741827462254853,-1.5849973336705532,-3.041825741326526,-0.3129813651976588,-2.5267188654115222,-2.356656975520977,0.0831687228459485,-1.166201423691178,-1.3305180267994978,-0.05069012143902236,-2.4713448702460106,-0.27740932688170367,1.8960369526211596,-2.680075242116622,4.1574421898212535,2.251599480458725,-4.750864345477959,-1.0231936931157186,1.2061085722866016
-0.33202234608123804,-3.4017623627705755,2.0359439539397144,-1.3456937101034403,-0.5293710160473618,1.767257545265908,-1.6326116857867092,-1.2961285965298703,-4.776191081248463,0.22429512505325916,-2.151575860512424,-4.88172767269987,-4.238283347519821,-3.017404008542366,-5.030663873545887,-4.366663729984098,-4.03619296273633,-2.1252518981371007,-3.1639353749662966,-5.261010504783329,-2.5814864178847596,-3.282114565917334
-4.791984818303841,1.184373942937601,-5.602987250417321,-2.005902522350215,-6.584803346815078,2.021216228969187,-4.468884700437302,1.4384576290712492,-3.9468415669976418,-2.2911181576837154,0.5719502072617391,-1.384473731554255,-0.5203460286669426,-2.723505223868765,-3.4276223814135474,-2.5747203530762093,-0.969829262995304,-1.2089075040096409,-6.029776212830441,-4.922738638798392,0.20672496090543835,-0.6407674818169075
0.022141427269541127,0.3334363453880361,-0.17154889769490855,-0.8068914660237575,-1.6924084477239267,-3.476051483220717,-2.0641405717103747,-5.594194222260012,0.770310252094011,0.9949420010802527,-5.5183945870333,-3.9953773428284505,-2.647135821979315,-4.7526990825032875,-0.2817257935125379,-1.8132034416248626,-0.19402209937017634,-1.0338619951808266,-1.5661992977916195,-2.7832763106549785,-4.267640382038498,0.3644715243806345
-3.0944180630879163,-7.0858299378806056,-3.250819158259949,-1.0014606309821603,-1.3433988004379172,0.5295800686378805,5.135182629257527,-4.94292007453871,-1.0953110083716693,1.3579410356047863,-3.927575438949642,-0.27637801312256477,2.3367962894095227,-2.9082083732580766,1.1308806236695788,-4.57778519584272,-1.5359987269729296,-4.305832344869605,-0.4307347526724534,-8.012841528715713,-4.678533487038366,-1.9793007510337857
-0.6631272285133522,1.7824189359688267,-0.8321386452629373,-3.2908864039443197,0.6308662242321806,-0.5838232245316797,-4.675224986499967,-5.766459781183356,-2.290181362897762,0.5534768010777933,4.57200356176097,-1.1053735352914742,4.510307365547854,0.9968636520620427,1.8042246266644277,0.09115063778621504,-5.347889289726503,-0.4952291095520559,0.7817742508898434,-2.9400940812581866,1.0792602754582192,0.5799962167696637
-5.282512817262966,-3.8608325913407175,-2.895029423287074,1.2099833555899404,-1.6807745715950155,-1.077646482911686,-4.752475558353672,-4.999620381575745,-3.760996639526212,-2.161119862134645,-4.230028445030691,0.8658156231730296,-3.1122324717627996,3.326373676136536,-3.5763939224021084,1.0856558747986629,-5.525726249278574,-3.749485367378067,-2.8199511455174733,-5.258397367889759,-0.4961719682957236,-3.090953775739184
-2.762241936053867,-4.7626959157776385,-5.472048817652288,0.2680343255099332,-5.672933338742763,-2.5250400054826745,-3.9188974678191344,-1.7328467970898107,-5.400287995301883,-4.647365111120668,-2.8862714567747547,0.03507553604555293,-2.8996915082785897,-5.896247986319446,-2.6114890720761843,-5.510906817866623,-1.4998101980940968,-5.666649728804981,1.6325558827183912,-0.6348341510742559,-3.4210255117787334,-1.199595140524166
-4.925601912348539,-5.2040485245426025,-4.506868455303366,-2.9243826277853455,-4.590159660869094,-4.0190808801653,-5.244850626477948,-6.820759420691884,-4.249582432098791,1.1826578622734245,-4.0551133705613545,-0.5912576930384122,-3.1437512546891697,-4.267640069228291,4.288200223223902,-0.7483004689570101,-3.838000062719056,-3.7727449368366397,-2.558049239931262,-5.324287583745307,-5.404146433314771,-0.8602407445571498
-4.780206369985446,-3.239879863500569,-0.26384215361483004,0.3208429276413552,-1.6793856031963548,-5.553088665483743,-1.461379766337292,-1.8924239919320167,-0.6176122730404535,-4.630817657113807,-4.156721632410253,-0.4694164263619013,-4.98114658805923,-0.9224532485969441,-3.7109917447555048,-3.68831083891211,-7.058851963191033,-0.597229478283808,-3.923035175472785,-3.36980497409237,-0.4908436708329168,0.19861858587786158
-5.75982889821186,-2.250230820466389,-2.0826793123880316,1.1248029819596588,5.130015993333066,-2.944959713176589,0.6602331232014157,-4.084886718880061,-0.7808675978119504,-4.199283703384069,-3.1706920629581496,-4.076620107654863,-1.0303735574038697,-2.488436328149892,-2.99699096448475,-6.33179736570561,-2.7838326038577077,-4.384654307087361,-0.5763926855913791,-4.080757925624795,1.3016137006110158,0.06833326075741461
-2.2669173575615096,-3.7808037350237518,-2.471959324050868,-0.7691949852271824,-4.21083553119618,-5.5280687377903295,-4.46917288070749,7.20333736946446,-3.6967095329413096,-4.650840303046772,-1.8705589719159765,-4.011927752699329,-2.5511827126402014,0.20427600359855982,-4.326205864758981,-5.217730077318951,-4.212380197280789,-3.3863471310488933,-0.4759016151593248,-0.3368063348992305,-1.7099901682455112,-3.268817440890761
-5.758207565487655,-5.573442977286324,-4.921258517475609,0.9792441170573679,-2.761189530281023,-5.346261556750724,-0.6143890812016158,-0.3747430764739696,0.4133643927562168,-1.9000101863503802,-2.8458988516722257,-0.928223788474092,-2.1458214511816887,0.07398672104386388,-2.612534501043261,-0.0028095670373618872,-3.4556657380539355,-1.5469781321423715,-3.3322947381419303,0.12029812294434752,-2.5319916626519965,-1.9209294052516
