script/wind450m.json
{"header": {"parameterCategory": 2, "parameterNumber": 3, "lo1": 3.000054539987559, "la1": 64.9999836372058, "dx": 0.5, "dy": 0.25, "nx": 34, "ny": 52, "refTime": "2026-02-16T19:00:00.000Z"}, "data":
[rows 0 to 24 of 52, columns 0 to 33 of 34]
-11.990313436998173,-10.629291028511663,-10.787890503754959,-8.561849210824132,-4.983764534683408,6.832784621122864,6.568929099938809,22.750635475459465,21.048843066392177,19.482933110785307,16.822736656906237,15.531559290070858,13.442087300459077,12.644878181150053,12.31306061561147,11.846244140587155,10.53326108832543,12.652338074427298,10.133684480371059,5.699604343475416,8.963010418601336,8.928873673908564,9.174900946378687,8.292957367918843,6.796483886756313,9.281984987784156,11.249127281905498,11.340797901901293,11.095325927715049,8.995715175153363,9.760207813678871,9.268300775368214,9.500774032058574,8.876836211861775
-12.626245104541791,-11.57667041070719,-10.519008079251666,-9.844452179118253,0.5521408377745969,10.956098001917667,12.339894438772035,21.37418978440075,19.801971403683776,18.121546285104824,15.99591617018357,13.454382001358292,12.339554211944066,12.815579553032384,12.201816695734559,8.690481616797044,8.48170540665163,11.362793418014151,2.833299963244675,5.607487930713741,10.008518306416015,9.390135396483432,7.376806210336167,7.514699305268638,8.694110300221586,10.59052614648365,11.561418472669606,10.9338781508269,12.647339005468188,10.822949281225513,10.842295931098484,10.061225762113985,9.728368680254125,8.576173124735082
-13.39952640682946,-11.956773352209098,-11.789430802459188,-6.331847685336497,10.47955386601741,10.342843386346784,19.659028293959764,20.342419059269705,19.130521254015793,15.362485222133865,14.065867896559949,11.787546285237264,10.630309249862435,12.780100867262512,10.122767614772725,6.675870508523455,4.404601262040625,12.923745950391428,7.225425500737199,8.849481624308792,7.5431917473862855,10.33952559689349,7.534439306374932,10.247569990670938,11.160628951532745,12.233518306306467,11.924523955150214,12.855773350905414,12.142915587336953,10.281604482886545,10.270002776485377,9.992555662555201,9.118128310366007,9.304540511941722
-13.708129258103622,-9.09102013954051,3.12766983156706,7.513403377992156,10.077253889602066,17.335499515950975,19.016992411266354,19.312561601958585,16.691892844545904,14.405114257899163,11.752773256680827,10.004875746773573,10.074781067171068,11.22106389722763,7.945403308155908,4.133557022858321,9.486108103239893,9.49244084199381,9.414469280152796,3.634205533237419,6.9912604975575645,10.401501218284697,10.198922606019874,11.690036091766277,12.548668395166601,12.75316161497586,11.044729774989937,13.244884958364851,12.551944183624457,11.465175256471454,10.341377326270884,8.406022927080954,9.356847985844132,9.352385680766893
-3.7976336647978917,-3.0235065984994667,2.1422512352532275,4.240660140126331,18.587679749793153,18.46128222478758,19.042803527730715,17.020164970694548,14.26474313622019,12.657972858668773,10.355415252971445,9.326847681269806,8.249934685127661,8.577862428157783,5.5349165694494715,1.491493336610229,5.635223692942122,7.857980000997193,7.332521049759335,4.050379004022736,10.594591771753358,10.482969533342244,10.153963968845876,11.10868957611952,13.181964795578809,12.134384737132507,14.309727644846664,12.553950221527868,11.390582057899012,10.785493823175415,9.707182052462944,9.296104766910734,9.064777093314039,9.634079761650792
-2.8569938030531734,2.597394591056676,3.0136950810817376,18.906237950580277,19.11773977678265,19.34738024367602,17.109740629636466,14.541268757398658,13.23400288244333,9.989422465960143,8.804380275323876,7.1023891119974865,4.796674540554722,7.338105500810091,7.352586408507891,5.687632736550906,10.430462119643737,11.896875521968528,9.93873175807909,12.373681633930417,7.023210577258889,6.819947909213688,11.4380353911337,11.966874521809347,13.366826140740184,15.295192087507278,13.9008378723034,12.939108565461256,12.327812535835672,10.927041121669655,9.933073483712109,10.026755930500572,9.994137454308165,10.913638314461217
7.920143326178661,-1.3013924574657973,19.878794517751242,19.55015624726273,19.908468119061883,18.29891334847693,15.834802541884555,13.24229766636495,10.942611767857326,9.0946354826422,7.081339872503143,7.747910088776803,3.6223807223003037,4.359851418366687,8.727206194776976,9.869909749463721,12.530533362226272,14.105110105093528,14.145376236604054,18.200396431067734,11.391322188979554,11.134083449328106,12.872072366064316,9.988347618592003,14.264339339316493,15.204259806292734,13.179425860841897,13.986625694445571,11.982529346265402,11.77057233102627,10.113320229374144,9.793308383468053,10.4873952791613,11.552397690719216
3.884542376418358,8.470440028955572,20.165336932217862,21.318940018333482,19.314462226696456,16.9791406522422,13.928384364238154,12.212036559437708,9.27207404405967,7.3218084436809185,3.982543600847954,7.458694307627612,7.997514641906349,2.527057970655447,9.972226330096618,7.1976337557760965,7.515663504792595,16.7256287811549,16.070299558253087,15.570212027917066,11.504654712263145,13.64901782186304,5.955904886298885,14.511534805257076,13.36428044583295,13.872249112779711,13.169614000799026,12.433237422032676,12.606298350214495,10.617775005190662,10.540235711899076,11.509835025502662,11.86165984799217,11.39373247925507
3.0557291476518795,17.704422615518528,21.14516001901881,20.83809651914383,18.548805813254532,15.93512678043268,12.907583898117446,10.247305851736884,10.793259987052986,5.237108526394442,9.450778125162296,7.930054937380698,0.16262930999197273,5.83864482873892,4.513120071307482,11.408085872039413,13.431288893496331,19.80617165897337,16.049419237354627,15.360011500400311,16.617013435892087,15.246079836068745,15.566690284937126,10.868534591516445,12.933197657541598,13.329628037116267,13.38187360109997,12.063948393807943,11.845376620136168,11.415037154676615,10.568093985030874,12.139174700950234,12.06249355109411,11.459014743467828
19.544872056915697,21.03753844912195,21.720737352910312,20.58968990706837,17.34739985199702,13.604533936048336,12.180980474960458,7.791005274832147,8.930421214984426,6.978973973219382,7.768989435581926,11.681339171099395,7.846114071325111,6.242168516812433,12.672719647230034,18.29552931839629,17.423631517669705,16.286750767136017,13.266566229902734,13.783697410867394,13.502952851379353,13.896583852507922,11.44323293462566,11.855271967258034,13.745966420940192,13.387853196845516,13.504342418659395,11.673493055227004,10.572188060392946,10.382230059069126,11.165803377406572,11.995301518455255,12.635208019173573,12.648987624042327
20.81096506353799,21.10348388261287,21.197692683639797,19.15726770901876,16.397281449574944,12.314609945159496,11.78376639590569,4.084211484152922,8.554743878957206,9.110477828572334,6.766826847761296,13.197083307354044,7.773648320714705,9.52315152778241,15.609654600996004,14.91501669125542,15.88111024981867,13.841067116960046,12.056267836253909,11.989273965906795,12.910021320020258,10.026856716520937,13.039857125318875,12.673328222396355,12.2550439640624,12.97364385797202,11.990316237124965,12.095925827618174,11.651210548538026,9.812891201159184,10.932909942746138,12.334123084201375,12.573283840889982,11.975003701073799
20.21657564330371,20.376237191589773,20.78774250852423,17.643567061260484,15.560342861226207,10.08397676897503,12.020490365007714,7.1109320288960305,6.531405587593261,11.207305455011523,5.019634537810458,11.635156903887376,10.954525488733925,8.603727430772897,11.809237575024206,13.578347355659869,15.885895705558028,16.534893169221444,14.640750683056988,13.944756777468116,13.81599817600449,11.052847247272727,10.754899669373678,12.980458068138375,12.680847748674445,12.833193897704765,13.069680783158782,12.802538752933227,11.898385553929279,11.815707785575576,12.399441678090312,12.29139709457715,11.745666941802961,11.20922585286147
20.057267445553833,19.909820786183396,19.129929732938066,16.314822233549844,17.105909945475766,11.524692084950132,10.23431741484973,5.097203364738882,6.212883458104042,8.885249117829456,6.87742940828269,10.307893922315952,13.97698060264435,17.85095860922984,18.552466473210323,20.645460552271942,12.196219384413347,12.06974573496185,11.516858304705707,11.218783222956912,13.669680768608172,14.476921330266707,12.858928014583464,13.335116176783439,13.071910003183573,12.663240685205967,12.940867107146419,12.03985680514984,11.610537859534691,13.656595987833224,13.206594320013737,11.825978374872161,10.754514885278672,10.26092270592337
19.5359878916488,19.009079228501736,17.547286295481896,13.917587184658768,12.6596848060999,12.728122218402804,7.310975968127191,6.407722229615323,9.891308995029636,12.704194206334401,10.682791508721982,9.7301997791819,12.344846806688466,7.1738415319543405,11.625542055452602,11.302028752023844,11.382064485691698,11.700025831247265,13.63723192355269,13.588345926409751,10.587427200931684,12.753721431287142,14.083584558033285,13.968590863420637,13.94844123152702,15.514307777601946,13.972720099413712,13.343791113934248,13.974877212083603,14.079202227989397,12.543912962369022,11.170072737775854,10.043653054971657,9.580655656165451
18.948226485352606,18.0792330215602,18.018434745202477,11.669601151114614,9.186535416110422,5.6198522132778015,3.7154907486467237,6.7655558305197285,4.260780764857299,3.361676763568354,7.351746645645592,9.3670717421206,13.594627289952792,11.811998921396397,11.910977958165292,10.38909646102175,10.45788358549927,11.506139765332867,12.252608842097645,13.881436835269227,13.802601706217862,14.361597786674736,14.040132996092941,14.932197451284267,14.766317618015927,15.353802669387779,14.526487373710145,15.166289765406214,14.770576740765996,13.496577760296248,12.59116476199063,11.212191220965423,9.788780137739897,8.489592875276836
17.843658953432932,18.103347527440107,16.16205475586678,9.174028203729645,7.260477632486439,6.418259818124275,4.39600734023019,1.6939674806937814,1.7376929876375566,6.805347639837414,10.724648534314863,10.595522329863666,6.302960012171104,9.14054507736094,7.39024463530844,8.342225133056536,10.289771212234381,10.352892494647417,12.965267305781074,13.350557762507112,12.493356386334252,14.005928697274628,11.65320033858703,14.931655889672397,15.573583239597554,16.700474679214697,14.707552532093775,14.714242947971659,12.951695227087836,11.972257216470062,11.810918484127455,10.406208097532804,9.199192967903805,8.094454215074945
17.43218796226858,16.593885574707173,15.274112465306759,7.175630786497848,5.7116794984337895,2.0604734661148103,4.198759552660695,10.868293454833418,11.131832073640902,16.993313985983725,15.650977393813935,11.613995859230323,6.980776928029525,6.893147339568147,6.349815218629409,6.685266418486159,9.971036892423541,8.57813487971499,13.569854825073595,12.756735292401247,14.062624427911347,14.101476022401298,15.281452660108375,13.55251837617259,16.307908408531734,16.080088652449096,14.086344914999456,13.254632946174949,12.217833495561209,11.061494147561346,10.82053365489934,9.328008653475225,8.627513902115538,7.418134681248354
15.863064027914998,15.75280993880225,14.832852819878823,8.478646065802296,4.867446842205878,3.3320762619380395,3.000026799768369,8.399577186020107,14.379038531851084,16.569865921654284,7.946785261659532,8.229905515512748,9.490223144274356,6.627012565146014,8.41526940820494,9.322241343300922,8.467114039186585,12.781535671063166,14.341808078541955,14.952979883304092,13.591543229660918,14.845148890357828,16.156874060575092,15.886391134004755,15.15182055342999,12.32629620586736,12.957938559685266,13.123376509975692,11.770127840498159,10.203381585126266,9.793312512002712,8.86538420201378,7.209076571097664,7.0922219298065885
15.833699607524675,14.40204548887195,14.036232042334497,12.740339016436858,7.958609280313012,2.850727930733269,1.7451470856674138,7.681629607113056,8.811768638507239,9.886286857150298,6.091814516497458,8.625441571010787,10.61895697343755,8.476230476278397,6.046756836274974,9.045905965192587,9.283762870498721,12.764943088778027,10.09966221903436,13.018846132422722,12.822057941845078,14.377676287089791,15.82584617467873,15.77710795994862,14.80176568561867,12.613471258910126,12.854790146363216,13.282625920909071,11.664175568932341,10.046329066985459,8.804590556001202,7.990273339589008,6.802856040351962,6.918182205700162
14.644567731449659,13.39780369537925,12.306969860713547,10.112450872194964,6.321324645733785,1.3275027761992535,-2.06944275919813,9.918396850297949,17.809437849069866,13.492828443518606,14.334818579651136,12.912571543453032,6.277655253209576,8.971159845558825,7.766039485705516,9.40025240423995,8.452551504796729,12.457966199439142,11.041151439098666,12.404221911573261,11.485147597917504,14.484588285621493,14.767210910529714,14.964059533264521,12.93309135866749,12.716320867039338,13.110941202409627,12.37209953720366,10.652903093406122,9.572601083133161,8.79897140302403,7.641974013357436,6.729113611711896,5.547485543814654
14.348743452501276,13.448827927723611,11.258325454121792,10.265777221377443,9.308835032609762,3.469642794118561,2.9333780927945803,5.258955172410912,14.280742846072501,13.876116757743272,13.820977583279356,10.035925090676699,7.043824531962253,4.161327830631947,5.0461816759418365,9.36176342523777,10.389966406426778,12.857016814448986,10.739500523710134,12.527177998698038,12.560716240117568,14.42187990406165,13.881426528914451,12.819507413043434,12.690400409688037,13.447712291685901,12.810685746236159,12.254010624764692,10.399531256457678,9.119757697701319,8.09466498558376,7.127233823481745,5.932951739146904,4.134299232389935
13.530468480070382,12.594829603854334,11.180988197720183,8.57480531373523,6.44388678494676,4.404855530979729,1.5669564603678854,7.234967588392447,13.950734482824592,6.5105328679889425,9.135195723652524,9.827628932089643,3.2063325145291515,4.517379398254131,4.1680833163653155,5.069694720744755,11.562264648112647,12.847105911138755,11.471265942433748,12.035766250275918,11.528439440920685,13.105446724934028,13.036168716562923,12.703768000682373,11.602477601694162,11.98651048445179,12.629862501440334,10.954660507717593,9.216988173362056,8.342977284474749,7.484526531611776,6.498793027506633,5.450557622328244,4.208357086267284
12.813847163093316,12.138240353411534,10.96878232143493,8.001260348753448,5.832593844743744,6.008568384703536,10.580691239159519,4.388111888709429,9.918694458973107,13.752216554248093,6.350575238699901,9.286380854994977,5.892197036575132,6.095416397209802,5.514339180795273,6.654596103154689,11.70528474530143,11.742738406182273,10.327681243730689,10.33064009210037,11.506507099617048,12.205781845050065,12.587873799978974,11.901565682620655,12.343880732150168,11.794899066223973,11.709297613894902,9.972026338113844,8.91844319999082,7.2033292992086135,6.935645053717249,5.159864095005849,4.9043315808147145,4.110607973923207
11.65450631451676,11.614859247803938,10.974045993232933,9.14038624003758,7.440127923397693,3.0321740713881127,6.1498832896710685,14.683267765336375,10.495783326555754,9.282960300575724,4.675614323095374,5.00193252688921,4.399327933827939,2.2749980655919173,3.4892886276272144,6.327242669260757,8.174146617926471,11.758051983135472,11.108929705826034,10.586383565093016,8.670840311278853,10.415180970730075,11.958507926007616,11.877248767652425,11.001819598074837,11.830550471446646,11.745548199265722,10.625338297067447,8.890249838281642,7.732960754024194,6.561006316412231,5.0665903358045705,4.6324575478316055,3.5923880482320496
11.284141134289182,11.980995187261735,11.544275049531027,10.330178509479175,8.173698246855347,5.802701600698496,4.569481681405866,17.850183888822325,8.075867824971922,4.860420104570518,6.299627444402111,3.6854823346002137,1.0601145594158903,1.59741260335839,1.2279849842245927,5.153657201743065,7.558372526066134,11.110228388414729,9.926685685477468,8.435037328898186,8.477462687045834,10.962188548729106,8.964294971609847,11.784032094206731,12.645381189256288,12.24088481764009,11.212037036262235,10.01776487271103,9.10640626457969,7.616100556968911,6.259326868329868,4.725271514493343,4.166641979473932,2.957484897129729
