script/wind50m.json
{"header": {"parameterCategory": 2, "parameterNumber": 2, "lo1": 6.000198445256149, "la1": 58.999992894266676, "dx": 0.5, "dy": 0.25, "nx": 22, "ny": 24, "refTime": "2024-04-25T10:00:00.000Z"}, "data":
[rows 0 to 23 of 24, columns 0 to 21 of 22]
-1.9665303764904682,-0.19161032720178492,1.8305661497466816,2.786267985043769,1.260798753592423,-1.2180145716948703,-5.664369430249493,-0.2658623797124014,2.2200059952668942,-3.929456608762548,-1.7756950432285927,-2.837718618588012,-1.4243522060535818,-2.976532307134129,-1.1701110753222328,-1.4800222092530106,-3.191790736468154,-4.648152511264746,-3.3114335386610834,-1.6685719046056409,-5.176317275626331,3.020880016329459
-1.9393799156058724,-1.1898531981761122,0.21497576970896184,5.5949701012538,0.812564226026718,4.520948537609831,-0.9835511159555701,0.7461264416246686,-7.013496008224137,-4.245289660366345,-2.228102779175931,-2.7000770816755417,-0.26533159781217686,-4.02835898361807,-2.457679402251497,-3.4410827378005058,-3.7820294132349823,-5.757273273346061,-1.4823206841068406,-1.0440206059917068,-1.849356572899254,-3.797916952139419
0.8193418217256728,-0.6702142713591324,-0.12465083826143045,3.4904039253300363,3.3914190392326087,-0.8205173836382469,2.3755695116675613,-1.5280897471942159,5.947932082925893,0.7437293637053938,-4.901239559317653,-2.648675001895638,0.34062369212271665,-4.276768845822353,-0.11643409616851716,-1.2414688609091087,-4.149818856921932,-1.4473056969769627,-1.7450089223836898,-0.6263174436219978,-3.831334537782038,-7.514059422352513
-0.5809655640681416,-2.2737271357665714,-0.6908822806675483,4.114767515672308,-5.4207907764335435,-7.731909519701034,-3.9121665614692156,-4.681558071600182,-8.583873773546228,-1.8526203816315465,1.2645381083500795,-1.0394549515164846,-4.803598414615704,-2.3167144861320494,-3.3250644713367223,-1.162874404835291,-2.37550262184254,-1.1130253131451857,-0.06818973023944955,-1.0175297436579693,-3.192274918124399,-3.1368124360876624
0.4361461440421344,0.9451625386076156,0.5582714173164558,-0.7614823861227502,-4.283123733897912,0.8492408034653329,-2.0800117086272585,4.031060909232529,0.5311698663406691,1.2543476983329216,-0.7774005686850761,-0.5523651847526977,-1.4893306785106877,-0.832211124536457,-3.338069793787846,-1.6626151587922802,-5.1717555562110995,-0.9834043707642227,-4.059561491994375,-1.8596968589210252,-2.509367911034568,-3.6740262848334284
-0.2882189072084095,3.4638800044719122,0.8034337172836103,-1.374337793618828,0.5314836077056221,0.8201461949930612,3.2746735195640375,-0.2874196090574476,-7.768375755896543,-4.300023754398151,-0.9013625888060821,-1.0358497842277423,-1.0156519872156373,-4.086908968353833,-4.253121175689441,-1.2320619918475686,-1.8012671814459416,-3.4131339403233043,-1.0972330382100475,-2.01292911795221,-4.023391329386289,-3.514130345053758
-1.7160128802503736,-1.2166101956237327,-0.5456322388024156,-5.088680929051198,1.0142208353407818,-1.3741593720216676,-7.7982365054727545,-0.4382108556188983,0.6616530526948651,1.472507253833712,-1.0569419504079471,-0.2694583854182861,-1.3367757965568983,-2.614134805843684,-3.258615819520116,1.8943079513148888,-1.2691769307794496,-3.8409625125439293,-1.7162037322406847,-4.796150419185006,-0.640688634533662,1.123527288259449
0.3355773695686062,-2.6135015767448393,2.0972343454973448,-0.1706522834614311,2.5963243833555234,-5.296864253653419,-1.47869944226389,4.081562632024439,-8.056018053698695,-5.332025183147194,-5.002165563110292,-1.4979354104055986,-1.2988345217236357,-4.525402669010601,-3.4454956561450754,-0.6678796639883896,-0.8473464876718554,-5.298979474419586,-4.51895255201014,-1.5626522533799483,-1.3545321130350354,-1.9385763066082426
-0.47120816843372754,-0.7520242815004632,2.251203822022332,0.44419508274330505,-1.1056412977274552,-0.09240174203510634,2.847611920182819,-7.734718437627772,0.028219070132744224,-0.19259678814989392,0.9828632983238003,-4.069105773704093,-1.7193750819939015,-3.8304682318829775,-5.530177025097573,-1.0951271391318935,-1.3863338323729935,-3.5913939314954897,-4.417851297071557,-1.904669249721347,-2.306993546092363,-6.002781856382135
1.1727483003544423,2.6053485777248366,1.5133279826119355,0.8972502428390744,-5.57618819948148,4.7616017306862535,-6.033020796951758,0.5738446252165227,-0.8272921665692144,-3.3488196511995327,2.617045015866415,-1.256778574502014,-1.1350905756383025,-3.250716810053784,-2.244969420168671,-1.6063182096321456,-1.1688837884416685,-0.7907376310803067,-3.709944405608391,-6.273218674764832,-2.2951478903714175,-3.066115367391213
-1.924686679380267,3.206868611119001,2.3854024546361114,1.9661739832673746,-0.4802637950577267,-4.8754545418393676,-1.2335760610772175,-3.418622695980203,0.36207890822418365,-1.8366430378809915,-3.3638238813496084,-1.2494442770817646,-3.7589313350554527,-2.220864289351384,-2.071768428404956,-0.78865797617677,1.1990808002791689,-1.0203897675548699,-1.3829691402594115,-3.051716389256388,-5.184852295882041,-4.47827109045354
-1.7512568403849176,2.2768990144159926,2.128550793926,2.6424757562141563,0.7240173230210453,-2.6792366431571573,2.8489233813456654,-1.5585895309369595,-1.3590995922119387,-3.1725438782259796,0.8487441648872003,-3.7445483767247683,-3.8538825527804796,-1.7301726189014364,-0.9192837053693451,-0.13209599474238023,-4.651009905505319,-0.7549638905146695,-0.1469246280832692,-1.6169169131475727,-2.3615189599633433,-3.780457261064155
0.0860085024616279,1.1939918808550702,3.5606128969489057,5.10966496183891,4.598376018757943,-0.3488539108021177,-0.7667211438519955,2.135138964800816,-3.064417064856088,-0.279917093951348,1.7293920005757535,-1.3521215494204364,-1.7185538632686308,-4.678977951557498,-0.0026558961424737546,-3.509018473316288,-4.205244410587927,-5.116300439517364,-4.3820974836616715,-5.281730254205573,-1.7934121021564218,-5.058244981251339
-0.5861204886222122,1.2258926948776656,4.320435937583248,3.726159852326639,3.456697028322855,3.312136029390249,0.7615372216020775,-3.749189725246462,-1.8290080288294563,0.5371736748888246,-3.117847636899913,-1.6084651721247132,-2.0350210141196627,-1.1783920731487012,-0.4731805197772119,-1.6967466021852342,-4.639078970687117,-2.6593032924472997,-3.196417008651185,-1.0934586277394918,-4.535827877664264,-4.122327525825255
-1.0449082838750277,1.5186216486040534,2.5098056960849213,-2.9863659658439436,-6.469556375936581,-6.689976446882394,3.314386910706116,3.3389571070249797,-1.097868305708802,-4.373291467658801,-0.4492505580048737,-2.3004024788984094,-1.1864578448989083,-2.765451657235112,-1.2014201645782177,1.6527056832323002,-4.853761981825965,-1.562259112289325,-1.667327222119338,-3.2208538012729733,-2.053292247939546,-1.3826324791248015
-0.24822411764602614,1.3025085405778711,3.1717697819146715,-2.1349411447172004,-1.0694584904170437,-0.8322489849746287,-0.4849613231793979,-7.3788599427950805,-2.3719880459989335,0.2909627339323715,-5.4717684436831515,-2.931830559098042,-2.5057095525271245,-4.181438344793333,-0.8305834359248924,-2.984752436700749,-2.063058849424668,-1.5404823349739645,-1.7591456900923228,-5.818149633926674,-6.166837236030511,-7.767876605869282
-2.326719762355857,2.738109014414201,4.234736058404384,0.6962971699171739,0.59224830987241,0.60006128014653,5.165125692230139,2.260379911766204,0.6755155785966661,-5.007800922846853,-3.145154639005494,-1.0984183371578713,-3.075325996101193,-4.804009919389058,-0.35878244112245533,-4.471252388558608,-0.24598023636764776,-0.5149844037431147,-4.98362620796099,-2.764942563622267,-1.961454804441649,-1.3405030319321847
-1.8580122192519484,3.790542433309398,4.815663221443653,1.3105220095140033,1.0238549949112927,-3.9857171190958707,3.9197449956070503,-4.083865200902897,-3.7114244445959064,-0.0461751836359157,0.2029171828609376,-1.9972212489455334,-3.649672465215691,-3.457031156391554,0.09316232454368602,-4.335395596970682,-2.6855004642629607,-0.8611755850660181,-2.282151996563723,-1.3902802859689496,-1.8984505895437065,-7.859941362823784
-0.27307764629791487,2.7688811453223225,0.7373213342446471,2.387797588277179,-0.6536537411773875,-3.385687355245891,-4.184281104894731,0.5903314569885432,1.1825811061767797,1.991563917169555,-7.430647341402654,-3.719881140409104,-2.4912856486496415,-0.9745230106051431,-4.503399322973029,-4.380260802279396,-0.8371830984250994,-4.1534615722926524,-1.5309100175323953,-2.271652916401133,-3.81748791745907,-3.468165556164594
0.36463334462138935,2.312695468272769,-1.9915424783859415,2.86114831245161,-4.807361410160479,-0.520541746356635,0.11946042948905297,2.7086362922890426,-5.448439675776324,-4.332080849667223,-3.9462578907650387,-0.6720095698740558,-1.4364574888026964,0.13345439482412536,-2.105587931200964,-5.607624277851079,-1.112451373242294,-4.473843813168157,-1.6512894615965523,-2.044465508954858,-1.4227200415122134,-5.945543253793094
-2.4692446860659194,2.4542185810880337,-1.061534822403275,3.4540796606198674,-0.6274546479791796,-1.2216054425130725,3.0886609355758234,-5.996997171512644,3.352624453728528,0.9718663416201742,0.7366782107642506,-0.4867904166647566,-4.708873906387751,-4.209922644269771,-3.861565571708328,-3.761411788490984,-1.159536909488509,-1.2793122825174084,-3.3411606789928983,-2.2574229863429207,-4.2699218741684986,-3.105933298051578
1.2050584074232946,1.0929373444427308,-3.9767556211684947,4.5997996727426935,2.224721620501665,-6.71508049623815,-1.2819263823254146,7.953666886470304,-0.20440127806729844,-4.239888906664805,-4.051276852789728,-0.1485806177996211,-2.8608676811962783,-0.5494812535678995,-4.0242751467330855,-5.175977538761528,-4.361295253528449,-0.8317578519292064,-3.3017801717569886,-1.762180421605916,-3.1519609164926576,-6.810603972394783
-2.722503142897779,1.3622946731336854,1.0248482455884516,-3.3339707816625985,3.222970513915928,-2.570114604182444,1.5531334746616035,-4.436772564615552,-2.6008853606405338,0.9121945743692752,-3.5687544684968526,-2.474447042060198,-3.632150238747857,-2.5831398189862202,-4.3708813152255175,-5.1891523712169185,-3.517533390783918,-1.3844257345147097,-1.618286894948296,-5.810681695388312,-2.1803841978259855,-3.2740488649688264
-0.10163474058730432,1.489621862032649,1.4770753330320974,-1.7766548370051054,-4.728827087435765,-1.1022416730427975,-2.2225815275552065,0.290125016208759,-1.8752547171073901,-5.406282980217277,-1.8106572797655747,-0.7691450232366757,-2.7604901829884727,-4.835973980375065,-4.0442654018429,-1.4306654660281137,-5.009457068022025,-4.194450895830357,-1.562195021596314,-1.1386939400392617,-4.640650622837611,-3.484899175960199
