script/wind10m.json
{"header": {"parameterCategory": 2, "parameterNumber": 2, "lo1": 3.000054539987559, "la1": 64.9999836372058, "dx": 0.5, "dy": 0.25, "nx": 34, "ny": 52, "refTime": "2026-02-08T14:00:00.000Z"}, "data":
[rows 0 to 23 of 52, columns 0 to 33 of 34]
3.6038396389167455,4.600039289457988,3.7194574641857834,3.6904485576098223,4.325125656763375,5.572151790127821,7.011674140135102,6.627662005089435,5.560679012523356,4.400324406738405,4.250687352143752,3.0137785223984217,2.380415292615175,1.304919892287726,1.0461063666340749,-0.46074466723792024,-0.871405290497271,-1.3068371892724573,-1.7321777325050816,-0.3300589490736861,-0.9433480254001511,0.08347151951670533,0.7240238654020907,0.39232272089553977,3.0711704197802847,-0.907860787555818,-1.0456344490940517,0.11289137439072788,0.5343934574871595,-0.8914946797303667,-0.09371736142055645,-0.1346851531918848,-0.1790105908155946,1.3467602553409317
4.735038574065027,4.300508682990711,3.4051210598688924,3.3857710671099213,4.186849527961299,4.0314247916709665,6.3341760459829475,5.727187285292274,4.879589353121016,3.560741613092199,4.272117375744419,3.061053371697979,2.4502916410334206,2.140897794137674,-0.06729660888593715,-0.5537578170496484,-3.155344623457656,-1.0770277472069731,-0.7743609814363294,2.55751153094259,-1.0091277093283046,-0.27453426757404875,-0.2930520301401846,2.811026725520329,-0.45697691408105523,0.045120788492564276,-0.5047876550789209,0.05035394198223794,-0.7545465365544244,2.4671922475091623,1.008990436141275,-0.34064867892347006,0.07285207388964281,1.4829972280869452
4.346326025937264,4.896902174982722,4.06277259430878,3.3329581227850293,3.8131815459897367,3.958068609803658,3.889450793277877,4.828034238279355,4.340457759700458,4.043532515298178,4.02779832108243,2.8971650323113733,2.323837595262878,2.8713345612442365,1.291005359064763,-0.22325471422224374,-1.7224039468954082,-2.638273284747212,-1.3004910518339097,-1.9278869427790009,1.073927296523203,0.6730539366913453,-0.9175085798213635,0.6833140973061331,-0.3410516514178241,0.06499994150294386,-0.21323859729619904,0.3515284197411537,0.7168406327245648,1.4896741768901478,2.3725295528243247,0.8139912739982077,-0.11279397553421244,0.34150313368104457
2.515319625224073,4.853221566900766,4.733551702228495,3.1022088443557174,3.3949422669501716,3.7492839957085455,4.452575468510923,3.870659380050921,4.632675511543592,4.4405151215877146,4.647450093120767,3.804881104501827,1.4353603634989591,1.7223129591962913,0.9741835354658764,1.2374640697585233,-0.9740112624678058,-0.46860575500895085,-0.9571242663424903,-0.2776837327749641,-0.7585346070057117,-1.5619680288171915,0.9314440874870508,-0.1508753070932493,-0.3074199091219824,0.35613588348589975,-0.4904219306005065,-0.4705653938027749,0.4148582523211728,1.0666807596848167,0.773790851375798,2.153825509073127,1.0366407106069049,-0.7042332196744289
3.8668713540213115,4.183659496378804,4.13948094754328,4.572123497916645,3.2414420296477386,3.330159704133904,3.736251510051059,3.775375015103511,3.228598198258566,3.3456595482979368,3.6410650759399674,3.7909665259428937,0.7354460657399573,-0.9954084322671252,-2.0131703269279035,-0.21733415025665118,1.2293415939183145,0.24826332809094276,0.18768338674790824,3.626043722205411,0.6567823034400297,6.981647348443629,-0.6224645013545279,-0.10070338056901428,-0.21161404611609466,0.25206553088055694,0.08936586972219604,-0.3877028130663211,0.627907334291816,0.11449781109779836,0.1286795363903388,1.5627215839955233,1.1352498473111015,-0.03181170581768842
2.501813767084385,3.2758931346957585,3.062057951777503,2.976988696199804,3.646950700098693,3.441462240159542,3.2955426849672627,2.986554784579163,2.585220158965707,3.027770356682449,2.983995651169621,2.1616451213122363,1.2247291756432845,-5.156877828901637,-0.5779833035664952,0.44019492099440316,-0.8009300124798281,-0.7460283716941196,1.5714490759161055,-0.6176057388989548,0.33952925429917646,2.0819315528458096,3.600577738442056,-0.15174958319621693,-0.2106467187871511,-0.05137334885954801,0.1322618398438601,-0.6957141922696706,0.13355533415634308,0.5482103155192565,0.7898364213782285,-0.7641918892560539,-0.36243656908496746,0.2640290573520196
1.8396747477759028,2.3381357436568497,2.702084755970869,2.687673728861807,3.0509193973729154,3.315203262071766,2.805515488890454,2.2186250039178277,1.9420345119975007,2.400097299836276,1.2745936720574254,0.6816084729877323,-1.0666961584125303,-1.2278707832067648,-1.4887643834090196,-1.0409183665200463,0.4681081450549421,-0.29615266687938324,2.220961037982936,-0.05747714584486317,-0.5178104351646154,-0.17039988485693464,0.1650096562119877,0.28232762575338455,0.7573295629946006,0.5425501104302916,1.6169600769317067,-0.5274547390581248,0.1429920770786569,0.5263322789645067,0.26918884402314913,0.5872481239238195,0.7654183747896909,1.8128360373688928
0.06092088681241794,1.2805263140369576,0.7419279476013637,1.6440059399625615,2.6793466162331443,3.686019828536024,3.254519841143643,3.575968821670645,2.425448629948447,2.196847115896313,1.757386892076061,-1.1893544079555414,0.5413644189587641,0.8284189109140058,-0.5495569995812128,-0.3266043813148212,0.22859363895745352,1.66499774536017,2.4054739766941458,-1.213846375493347,0.6534825281082239,0.36943272205903543,0.6612414924923028,0.9238051937344014,-0.3442948103238815,-0.5047520268556948,0.3045939570935099,2.5117301510616348,0.08862829015471695,0.3189198446271278,1.3561189665810052,-0.2077564779277293,1.6122357346843086,6.460625890544144
-1.4185992108400227,-0.4539667462829866,0.4423159665557428,1.2995284955204864,2.4278659341294464,3.4924598593890828,3.838361895395829,3.5115198172340114,1.1520420397879572,0.3556054934335808,-1.2837758492160594,-0.6705662793818897,-1.0228719126687953,-1.2905748741917458,-0.7626990804483057,-1.6205115070707405,-4.830993629198093,5.125960148103447,1.12549042925839,0.42361858587525375,8.414874726312634,1.7158961849476413,0.31527418122220513,-0.7875877373599358,0.49447795243314785,0.5552206495613716,0.5790014269633866,-0.39415398149844333,-0.17161961004636972,-0.2861877642500354,0.26646771027655,1.5492300057799775,6.189988168669633,6.445762449343697
-2.114791958195718,-0.6907844691509081,0.976622346801973,2.422075058923331,2.410059094367798,2.567170740952585,1.5517575317235828,1.0173674498243415,-0.5938693561190986,-0.6280464072412072,0.0052058600834935295,0.3185959558340049,-1.0495802921792123,2.048125705558024,-3.1074153001259366,-1.5932900895399047,3.415950079842031,-3.007032930732307,-0.6707804032285882,0.1505118661943722,4.23309801208002,-0.2664334354308764,2.7790112418388744,1.001498391622628,0.12267403963223222,1.051035114378777,1.2351414289013964,1.8963552477877015,0.9873987155105682,0.85283184328709,1.4231427787788078,5.595768436624671,6.447147350160878,6.935274475268995
-1.5868597406959686,-1.0393951948619662,0.32137245638265205,1.8036406687332458,2.2341090659087492,0.45436898273632864,-0.7407456924305402,-0.03545083602897061,0.8630637983562586,0.18631695427688302,0.8569327032165531,-2.446436463909433,0.39759995214237337,5.458961331472757,3.954194459958118,-3.680202370546337,1.0209566899569331,-0.2691800983279654,0.11744686737530215,1.822980931736187,1.4998265883000967,-0.5049634772846175,6.1138960021117725,-0.27245052173804685,0.7852219379583162,1.3545931547174992,1.0661662307104909,1.488686372333133,0.3681893622854257,0.9266485031394754,4.902658506718909,5.682836643470931,6.628310493187245,6.4949853288663535
-2.682231089849223,-3.478761607463702,-1.4100346786372868,0.4933214354337853,1.4541746132076825,-0.2737194678838303,-0.3916737861464112,-1.1751350714332323,0.3639143125390605,-4.7958274665469,-1.303846585653879,-1.4534646690777304,-3.604504581576219,2.6448811351047716,-0.7736511288166971,-0.870833324720377,-2.7308892431534715,1.455222594259763,-1.1017761593159439,-0.5822067595140199,3.693881342922746,3.89041232027047,0.3528053862493519,2.57209917290543,1.0969382186790029,0.422438806142617,1.0277952867600129,2.0209409333818344,1.250081052724127,1.139953622129759,5.304489672387586,5.874442111171864,7.222882332531392,6.216791496373283
-3.5437698688243713,-2.816753432900083,-2.383678705547801,-0.39609093392292577,-0.12513242273116307,-0.18375083608078926,0.600011218192228,-0.11812413302301214,-0.7949303596252956,-1.4663786221746102,-1.583340199682763,-3.689213895632641,0.5747932372212262,0.14843825558856905,-3.5797065112786375,4.725647556311484,-1.1351589237055122,2.027109798683206,2.2003389576369012,-0.028167632939250058,-0.5497819049917216,1.817582363737982,3.2359900540721207,0.9242557272238876,1.210228482855399,0.8180908645819671,0.4685180079500325,1.6565422000311631,1.2191366601847904,3.934773614232179,4.810636270259644,6.247500238519399,6.514148406193018,6.158143909152254
-3.010497700113974,-2.698214384999485,-2.2656861941591777,-0.8487046846241304,1.2016326025424873,-2.274988068214299,2.1728090780135236,0.048636349974468814,-4.441186139616634,0.33666454121084727,-0.9795821872492486,5.38841213460525,-0.44105940788716863,-1.4306560180197838,-0.8917280374067053,-1.9323759147062582,0.21508144904920837,-0.6907102824212148,0.49675771259765394,1.6007582762176105,-0.604939953043072,2.323646616304495,2.597235276369973,2.8688933960647924,0.7510969469322377,2.1634803255529933,1.5970822238459603,1.8177773374182418,1.016300561134435,3.1404773059341595,5.395111215516368,6.055667236336587,5.635143122879642,5.767886961075413
-2.1300019534852423,-2.567436998730087,-1.806962733269398,-1.4741270648882698,-1.1023059182020138,-2.048902593510889,0.4980741392471384,-3.477933015488062,-1.0062440348983994,-0.3831293217851477,0.33797408365236736,0.5150459922714331,1.9208180941797628,1.5079539995753461,-0.2389799491794205,2.3145310662544287,0.38802365022780444,-0.8939861214059606,-0.23960497957130547,-1.715744825994068,-0.2640615807513924,-0.05858470078251757,1.0020420065169227,2.334201502732103,0.8937361762727539,1.590016211540943,1.4069810117083743,1.835198541214776,1.626938859670409,5.023933460877138,5.476594125064728,4.943527290267683,4.809155263171785,5.035150278038982
-3.5995718002065926,-1.097726445329232,-1.4959724493695186,-1.1274034636416121,-0.8197860039558735,-1.4367860197590854,-4.527556712274969,0.8219077648500284,0.19453528542064166,-1.738893532477613,-2.571124980360723,-0.8630504341815121,-0.5716682686187113,3.707298813323236,-1.064447413754672,1.0320439108835429,5.769877368583242,-1.0231376842424595,-0.9135512833324428,0.11208410444494724,2.9867148434233375,-0.4384732936551807,-0.16673809247949314,1.4852110920071195,1.3028350089572729,1.5637087542234216,2.5632621654450887,1.2220258089587503,1.1217973278912226,3.9772733628165704,4.82542031223135,4.27169052467572,4.650180639599926,4.940539863338022
-2.635866928412713,-2.384014014816082,-2.4171813598128806,-1.4984000595810096,0.27586209622020463,-2.1267017022062915,-5.003330938054939,-1.0562197431366906,-0.5863088251020954,-3.662019353259082,-2.2784811652473884,6.192174524967123,-0.10328788034665104,-0.3062475844921275,-0.36901829120967894,-1.3231639250039198,0.3261946784060239,-0.16904198684211214,-0.6918853989200804,0.03431525544993536,0.9886456294081845,1.4546589439378634,0.2596110328334579,0.8701882020694783,1.0688418825888881,1.329116088349663,1.943193318120116,1.7706392142846248,1.616678363897124,3.533306965382147,3.811299959830234,5.088119352688493,5.941737565747521,5.351337191351597
-4.126375999189385,-2.9323130967705966,-1.2093026183084663,-2.172034418282619,-0.044934695642688344,-0.08549217607637467,-1.9227618557874253,0.5828219638516863,-4.406165586464194,0.11494322531685981,0.7363871554224974,0.028857827001378365,0.14169963588191312,-0.1763042054928783,-0.1334087424763903,-0.816453700481263,-0.5228878078049594,0.3712802766658481,-0.03291459451470307,0.7256889395757328,0.5944151680545766,0.5182436846347079,0.6557809104745145,1.1775945067389648,-0.12143139540734021,1.1842543928867004,1.3045689144738617,1.591647682085474,1.4042735048370882,3.4123568240631728,2.6083009537977078,4.273863697063964,4.8235942137510195,4.871578905943766
-5.723573348247212,-3.7313927726509775,-2.1971940861046515,-2.5807561533432253,-1.167679317901996,-0.038531366931249166,0.2718955691535239,-1.3034668241387302,-7.386858556058915,-0.26205100619707244,-0.4814020016853046,-0.28004942464155014,-0.18550003318049638,0.7251853121868748,-0.08412183314245972,0.6917961742605202,-0.5031047673361069,-0.18073890509764004,0.08789443453875553,0.05326165366063885,-0.04017818872812438,1.1313159528849173,0.2528181416465894,0.3990996975974468,0.5958392069192623,0.4061134970397957,1.3060121960909834,1.859069206598789,1.0050073688496266,1.2500856952307655,1.4056367157390142,2.8379836257912534,4.651811059382757,5.23616834855328
-6.684189562290399,-5.712419046576938,-1.9508669812520225,-1.6308302046653287,-0.3082261019187791,-0.07715925894773637,0.784894517597604,-1.7362164246607514,-4.973535987616027,-2.182088643044325,-1.9818126498834765,-0.9707601092733197,0.11701494686867653,2.375581157665717,-0.18545932140093022,0.1850105111502397,-0.6099692371444486,-0.511013278952924,-0.27912945519115934,0.06268472306662587,-0.3558190613841623,0.6128987165376515,0.41635026215662313,0.22401887781375093,-0.12307686173914524,0.6255464670757368,0.8689419027516292,0.7947988666355067,0.8970754605199415,0.7362214479206881,1.1592666540389827,1.4345940344437487,3.326686532623485,1.3928766686498293
-8.423774097714446,-6.63906660030422,-3.994824870706172,-2.663352120434913,-1.2511437176256206,-0.03635919575059134,-0.8770734841609894,0.45645720162196807,-7.6760420262206726,-0.01381640912698204,-1.7726215940523076,-1.087089485549309,-0.6065098621623809,0.12563240896682074,-0.5633654548776494,-0.8449779305918236,-1.0904052138481404,0.28354131022051954,-0.4643425540242161,-0.4887026746753194,-0.4379032124280804,0.12678715652766145,-0.3440861920697988,-0.28772384585138994,0.5766511360429812,0.40656427244424165,0.36009928401052793,0.5438492449056631,0.7264583136874971,0.2605010963437498,0.4590174852710521,0.5977243521477649,-1.154634775952145,-0.6257385019812317
-9.55316792723153,-8.23908683773937,-6.206312919108686,-2.9878317975498536,-3.642305931834626,-2.289223836849367,-5.40115791433306,-4.977310040320868,-4.9944953915995525,-1.8786291732259108,0.1039402071723795,-1.1989452019492755,0.3924473149192408,-0.17093220284280017,0.39933554928500936,0.9110512535084268,-0.9465770064035673,-0.6202567442065706,-1.049700875926142,-0.3723959301947623,-0.5804856251800464,-0.2303601749875945,-0.8724638596564142,-0.648323078301011,-0.48421405263178824,-0.2130175127941746,-0.4136384354433829,-0.2772136368568138,0.43493894117453563,-0.4127138332096417,-0.2119314472231884,-0.7925595659153284,-0.8871262902496301,-2.5458267788149764
-10.723314246209727,-10.072652664972402,-7.622701325410981,-6.0895089341499355,-2.878798336598453,-3.2607159876238017,-6.398364344743091,-4.626360142077049,-5.2556877462919935,-9.297439827224547,-0.41831490761658235,-1.6577068968439248,0.1031752055906384,-1.0110234044309327,-0.43186025434726183,-2.1758642838196103,-1.135445468199847,-1.7142516767016613,-1.5598836598715378,-1.2781361334320775,-0.7323016055324025,-1.00315672973151,-1.3273556119551913,-1.2013953071440153,-1.2951786308040547,-1.1322388702868942,-1.5260187795774598,-0.8936096872203425,-0.7929088589133867,-0.768444560081255,-0.5857975230363744,-1.6284293928407076,-3.257285654022814,-0.08355057286621015
-11.838781669264357,-11.471348223175527,-10.38457902547026,-7.032879904412311,-5.53496849013188,-5.064156539977336,-3.191578911226164,-13.013239367525854,-10.389432451689649,-3.087635575314521,-0.24065386138654205,0.21227414706825531,-0.08761649211948207,-1.0029226948497014,-1.7416719324174772,-2.024604557570526,-1.7320215996139516,-2.675578065528078,-2.25325534131239,-1.7617217341897722,-1.5908221305099002,-1.881448386287515,-2.3308707407839284,-1.5226555452697652,-2.1611384983275803,-1.4171850730046556,-2.1569048794213783,-0.6134596490331393,-1.088036841894027,-0.74383386571944,-1.1627038947939587,-0.8098664385948845,-1.6317308077905712,-0.9404125354213196
