script/wind10m.json
{"header": {"parameterCategory": 2, "parameterNumber": 2, "lo1": 3.000054539987559, "la1": 64.9999836372058, "dx": 0.5, "dy": 0.25, "nx": 34, "ny": 52, "refTime": "2025-06-24T23:00:00.000Z"}, "data":
[rows 0 to 24 of 52, columns 0 to 33 of 34]
-3.165436973845977,-3.4699052438141655,-3.9946704238311788,-3.772825965724845,-3.9374510449608793,-4.181225051533843,-3.9281637356585515,-3.8253820810678887,-3.710811464735753,-3.2287656492554473,-2.6339884131900746,-2.1558724067456705,-1.9329084841774213,-1.8427961346058588,-1.2853849110139406,-0.7109187150533907,1.4466050648800255,2.3938727236023523,1.0532416099284028,0.06773183404641041,1.0170240741540433,1.871146316164906,1.4531985474311566,-2.1395839916555928,1.0174949148188073,0.1375064157664466,0.34763663280953827,-0.6348916452222632,-0.6955946845191342,0.4024542786677793,-0.3292723001664285,-0.17712931299604615,-0.793592259632317,0.13762377775033294
-3.0300407671914145,-3.3278092521047253,-2.937127602053524,-3.1320474892251107,-3.0036858992986346,-3.0241175605043673,-2.865817399780947,-2.8156548263231618,-2.4952039595322595,-2.506976027762213,-1.8560808660008583,-1.2994107986914034,-0.6007991328435202,-0.20493975014065619,2.1350327421314335,2.640451658374097,2.85802932458295,1.7810101605693365,1.5763578283313775,2.9657334599409246,1.0647049525800314,1.0158704791540327,0.6177971210257037,1.0192481307295105,0.7864356190888175,0.8089411966850957,0.818753695595669,0.035479672777564863,-0.7152688490632532,-0.30978334647132344,0.12772790895320524,0.3453814829758757,-0.3044454884794567,-0.7478644755455942
-2.4842882835580284,-2.653687297063238,-2.787538904560565,-2.424495348777425,-2.2056016285176723,-2.424827546016329,-2.5287179106656503,-1.7206829657684646,-1.1416677597119707,-1.1198901130460812,-0.6620314325599457,1.290000188704674,2.439698065208725,3.1613959505104914,3.273583942212705,3.7415286653151583,2.4439903145613675,0.6580233617413027,0.8260126499393583,1.9146332007449194,1.6561201590548238,1.2373140529400641,1.5349215026697687,1.8617944729438745,-0.15396859919017392,0.7292293159702194,0.4655705621787459,-0.13880505845696953,-0.04217495409834709,-0.56660996131911,-0.7114071859683748,-0.25833111348356486,-0.03928164386953166,-0.6009873030102457
-1.405806340420911,-1.4925786007399917,-1.7036802310039008,-1.7376540416905044,-1.5259964437130396,-1.435370104015289,-1.0325926620743837,-0.7274474873874974,0.2325212364368623,0.7446917813137869,0.06571058550850455,0.552459237886742,2.0717471049303837,3.088645575456057,3.2336421127324755,2.8893355222697212,1.588560444606153,1.0382001965184209,1.8024369467717993,1.0811646076491797,1.3351004089204532,2.712567653514474,0.3633551920928842,1.287569241896743,1.1778446755397802,0.42927308510067486,0.535482959803374,0.11189002223180411,-0.21923056446991718,0.008627200754999289,-0.044905178230550395,-0.37114085308861566,-0.7645791929030006,-0.3445718846568612
-1.81857331057055,-1.395311796735934,-1.0536235173394837,-1.30590324912297,-0.817618014244786,-0.6696019608928845,-0.6971561871852646,-0.03160932696236816,0.5935527443390924,1.2907062146133215,1.7066721625545531,1.5845074095867624,1.9934254094540853,3.139915670356799,1.4704911609182676,1.973462131222483,2.674347960951505,1.263933407362493,1.8976117235080705,3.0542985878987934,0.482197264039276,3.353143428642804,0.5157211689301656,0.28244838866186334,0.934364692053885,0.38602426744460017,0.03344194536954273,0.270765307428662,0.043882634099931546,0.37517315151643305,0.28923831833578373,-0.4229190009057333,-0.2210671016210974,0.13854496577931644
-1.4107710434586636,-1.319470572642402,-1.1845545123343881,-0.6094686278348687,-0.6727657654030164,-0.40683484104008155,0.018175181498685366,0.40621426155787976,0.8842756569487894,1.335437027007004,2.2623529081128297,3.08071099375935,3.8227541286215514,3.9474885451569732,1.9560071613723167,2.4868952322433477,1.2230043289958215,2.3324672648469846,3.361854903398524,2.498528357580964,1.6828949107810713,2.1217261570474903,1.523352961748852,1.3685318672793674,1.1936515589425183,1.2225550627279487,0.7626393968652911,0.5985956946604168,0.5486067167472918,0.02950307871105123,-0.26005776022667965,0.4495922145036602,0.28038755076705907,0.3887990692974538
-1.8837309597102676,-1.1876978149452562,-0.9862990016148337,-0.5925989457945019,-0.7105352325075303,-0.29726452851203944,-0.2578093507021555,0.06854817915660383,0.22559215729837745,0.9714090594518281,1.5886153238405647,2.142004143633298,2.721643837778399,2.6466857782979156,2.769601918256584,6.536444167744271,1.851753271456062,2.0224993129600373,3.476064323412388,2.940642698041028,2.1087193127168957,2.335408007257434,1.7689040281557522,1.2828981519463745,1.4624958130720453,0.9935161921368827,0.9604301011099251,0.6713894468493878,0.674476275194612,0.4342637308871393,0.8974559328790802,0.32505582512064507,0.21707358493827802,1.1366442355644226
-1.4689797326117608,-1.1856806440767726,-1.049607540535845,-1.0116658475001974,-0.45710477352112394,-0.13642776493739836,-0.602872001438464,-0.6351743800153155,0.10682151871712425,1.3688038533462261,1.6732425435019218,0.6727724365107282,0.41967131036107036,4.499396143379993,0.959413469270003,1.5879813868439232,1.3742137855847802,1.472411493651093,3.3047810252764154,4.169638772461247,3.439552739446238,2.172736667076354,2.3221330956657065,2.9010563875268978,1.245533179974653,0.7033749532542645,0.8536657083969615,0.5717565033069464,1.0856669695800722,0.8124944257419766,0.4003071374215074,0.7177773550833241,0.20934357723535163,1.0352022010348372
-1.8550713018843126,-1.4540738125105224,-1.2718729685015746,-1.069067529816248,-0.5401683944069925,0.8112375491756375,-0.56746620264194,0.018154150699970475,1.1381538515836298,0.6174240978764548,1.256290898631142,1.0685795303690373,2.6598757843939085,3.0798542956008284,3.462204245837203,2.0049022285107077,2.5028935073896097,2.816829579879659,0.5559429332727714,2.02863550813244,3.5714006552103275,2.8795049039061675,1.5520083791885337,1.9084741924000235,1.9520625004320238,0.02168319390385156,1.3431498198457548,1.4902908520867746,0.7982786034189441,1.6619302360797472,0.48176336852439017,1.6597573404331798,1.6495188387566426,1.1643003586420342
-0.8607496839577057,-1.0021073553359972,-1.3820801574752706,-1.3040927683489223,-0.8209907634945239,0.3736058907458204,0.11704964007766924,1.4566579751546815,0.6957222740091914,0.8251238743866806,-1.2926318748996348,-0.36141993260632643,3.4609882052637277,3.8011457814884153,0.19737533464688273,3.0356171311919735,1.9041202357167493,2.564441576593845,2.5218037930400743,2.2689353875219656,3.343628150608614,1.5508393287384676,1.5002211764638727,1.4958132483138078,1.8677664626997237,0.295440367651207,1.5161621811526282,0.8802905288164914,0.4757248811429442,0.8728990001366963,0.8728825501786434,2.2948829220481235,2.7993489808933876,0.12004777501430587
-0.1992942159494989,-0.6775859089439907,-1.0671663068962496,-0.7335225909491747,-0.6949290972719091,1.0407826913454095,2.1609719999725168,1.3846649548060763,1.904027916268723,-0.5385003779970055,0.9376398117503515,-0.7142572803723638,0.4790558535865766,4.274766835706215,4.788699378446995,2.237577681519184,1.3763505954044288,1.83924513529955,1.408231328183201,1.3770664050053307,1.073415213597387,1.6479598841460592,1.9700683207241823,1.2596640611403125,0.8316461574581261,0.7203786260134994,1.8256352949603867,0.7055919242274721,1.7762115008773178,0.9831546766275284,1.4296076398818454,2.3675580168320596,1.9082785839295233,-0.3602796501427152
0.5959774909715734,0.5693949082381531,0.010006332067301185,0.12791947868906348,0.42912843352084235,-1.026449952264725,0.1271785746645872,-0.30525162443262077,-0.5363933820912101,-1.015476946259208,0.6170846153239423,2.072030854652576,-2.764181596499652,0.7594447027207328,1.5181153138639027,0.6897421847661743,1.0139231785349812,1.1022286521955182,0.9777224284205303,2.589809317945324,1.7204987024204468,1.4625216858699692,1.5289913107721433,0.7341206955189764,0.8984261251754797,1.0306327086842806,1.1107346672436507,1.0547146887367962,1.3395869727927774,1.6476606837432721,3.3787713615188744,2.050249057195241,2.4227243376965726,0.5114238805020032
0.37941488145998636,0.554542827173777,0.2418806325561352,0.15452683404342027,-0.6286111472377773,-0.5736017327099177,1.2422326389086893,1.817031495789308,0.2701295687186001,2.948988273361994,-0.24702812760376516,-2.2229538398511828,3.158743399316549,-2.255403096227242,0.24004010952763022,-0.3276878784059882,1.5059547151681434,1.3800142450072252,1.5784201778436542,0.2624125537926307,1.0495363472541257,0.9076721562550005,1.2593672290993827,1.648740556652815,0.9319659949601056,1.0762487360176742,0.9787061055810905,1.1511294393828577,1.7730809678198898,3.2211152595930366,2.4428415958141567,1.2433441955970794,0.9145390389710052,1.2904915048652363
0.9482309703658938,1.0534763239056704,0.6096186059987118,0.09703558233489502,-2.1077024700647864,-2.533339538267614,-1.8785019020634188,-0.004814192448347125,1.0694723551050898,0.5055327416501353,-1.9450011713620363,-0.9227106391800107,0.8553789826653223,1.9217649906796999,-1.6640944092859884,0.6569942451787708,0.4941172781704352,0.461253052529252,0.9415651616390455,1.6342773289452257,1.5786116985017584,0.6698430781716048,0.7753942494220161,0.9847048115968945,0.686057092434904,0.8489920738764549,1.7032558167518497,1.7027707815071416,1.8577721818273663,3.989350349532076,3.0669899945929058,2.11297636505179,2.076508336623078,2.017387294594574
1.3121996110345437,2.003866014280567,1.7505012914528868,1.8765374510191448,3.4981147241796164,0.8008304789817031,-0.4613489694707418,1.8942754454946538,-0.9272017278562595,0.27987998255946045,0.8100846854610378,-0.2861897432501047,0.7878511347011882,-0.8089550580064638,0.6710205562930911,-1.9777897985470063,1.4299398179412228,1.2853000497163132,-0.47877454924740886,0.8737732960198719,1.1106374544511737,1.1596440622883966,0.23155055186090354,1.0552103513142403,0.6518039114048697,0.9827297474605418,0.8734425684991999,1.1539081880085726,1.5078258494955583,3.8030124207283897,4.228395998713065,2.8133180373594753,2.7871148385886344,2.670999480902757
3.458021134426411,2.8639745544345137,2.4584347622768097,2.8255015663563996,0.7431222454885359,0.8851370344988159,2.114996495712759,0.05621550664402864,-0.4585629994559316,1.0960887860596729,2.0803486729931264,4.192494884612333,1.0473127585055149,0.1835066992179175,1.776229839606526,-1.5232033975161698,0.04929613457123223,0.8004402325806144,0.8507995496905826,0.7613347570177691,0.2880342401456939,0.9292877607213069,1.1926244501954644,0.8746958864755211,0.13789180994683403,0.8387735010641626,1.456265112571228,1.5472461861655618,1.6318316295732787,5.138279937793103,4.299216812855442,3.6425119325751214,3.810115190917308,3.4062845973275957
3.5165386371593876,3.3055391134281855,2.339190804639351,2.2025171809078197,0.24108042663457316,0.3759432453991371,3.5863433937476046,0.4521902693534405,-1.0309988148544846,-0.6574923843628182,2.1128848043819954,4.466637008007682,1.144267458104373,1.0540891591426091,1.2362380889317366,1.8178310281377263,-0.8370511247889842,0.14735688458237167,0.06694050989629972,0.5278548410030524,0.9624580860574833,1.1015144514130972,0.7021893540223944,1.5477697665816414,1.1689745963321974,0.8953724397289944,0.7754265703458576,1.1193700697280198,1.422771036342621,4.430205882921758,5.062245790854778,4.949834083261519,4.32403840580601,4.306257018105936
2.813684887699358,2.655608102826194,2.1330046876017232,1.9699979680809152,1.2628002684485862,1.4577827950923685,2.098330205025156,0.018127821045002556,4.08963404454877,4.38452876563068,1.5911705297949523,1.9244268626112513,-0.30138122597135786,1.1558574424736907,1.246033381783365,1.4206168275181212,2.4876760229971717,0.8250279641790771,0.7321875674549955,0.7819797128409589,0.1620860714666914,0.887380684705804,0.7474198693353844,0.9071693394003859,0.7906681994406117,0.9859779964970385,1.419271474050953,1.1719310061815527,1.2507375293795941,4.331154652823848,5.270675621883544,5.773794687686375,5.213588494240095,4.829763355487076
2.378008945706055,2.4199408082581835,2.366748234251931,1.5960388663031242,1.2325309231395831,-0.5039677068878582,2.593559658386837,1.4074142230245994,2.1603014568579613,4.3446139009490174,2.9146360773492184,2.175964039095588,0.9033266449473419,0.13962652150484658,2.093220984410845,0.46904305312425926,1.4408932475814893,0.07895335294387747,0.4977799153991071,0.39056833176468736,0.622623243282048,0.8387765063381957,0.9506038777216245,0.8988920655555958,-0.08089775939979002,1.163144461266592,1.1431602430431227,1.3758978489932725,1.080153621975897,1.5341081048448768,2.494564020989767,6.093022016481036,5.80476597512528,4.977508011802003
1.6611938530729862,1.7433581226300836,1.8343276147252687,1.3671431781985341,0.7885936632773513,0.37633969197512934,-0.8405256116167495,4.155699981602433,3.093419596012724,2.2621480954850792,2.850644872674803,5.853449080020512,1.3023010077908133,2.5349116750677307,1.02590095331882,1.2311613972774047,1.8791865277873245,-0.1823231277550815,0.6200974601856772,0.7975085744108169,0.20093960187551574,0.00972186524387,1.0258279930345249,0.9464967670549299,0.4767766022212541,1.049497741882231,1.5435977605499798,1.025089337090892,1.170269823309664,1.2721913411131536,1.5655673701944741,1.739438986470986,5.641454458211312,2.7415023918846138
1.6361067700712146,1.4635887469384836,1.8125001754034207,0.7459953990045053,0.05981972152618695,-0.46938981942518,0.20737334937448054,0.9954532554663739,1.75601784586878,2.267802762457193,1.2070262420194469,4.099544908357105,1.220941827630833,-0.29524564043607715,1.2344473643802611,0.961350553415888,1.1050311027586184,1.2056357042084935,1.6666213496602247,1.1928270298313768,1.3200015383013795,-0.03209492389724057,0.955056017259636,1.2288870209746703,0.7346883471035263,1.5082555026101805,1.3329931807662476,1.3587875923349975,1.4723011336747034,1.4237691526711072,2.121416721827633,1.8216785276373615,5.194429479495917,6.187693798053389
1.5413846831372005,2.0196933058115745,2.4709011861770396,2.0855479509682975,-0.0844260118724981,0.31170632492463063,0.7256721433063302,-0.08699872196918507,2.3438879592348822,1.7919833278052606,6.194957182070151,4.398892234794935,-0.06923112465191772,1.5398555438960144,1.0867321355692088,3.3447246338698626,0.9755114490187505,0.5818762017411666,1.5650221933088624,0.7787128282541664,1.7128424326873677,0.43857452033094885,1.405747946152591,1.5486474114699045,1.2487300042226586,1.0495429939371697,1.290247939440029,1.5541200661412826,1.794705510349841,2.014468722496265,1.9892389281218015,2.6616179976121574,2.401104193709243,7.770851175568664
1.8271289998028097,2.278473942257486,3.1903165843678094,3.810467365246401,4.606911674730364,0.8514418117356364,0.274000600550759,0.3479521582980343,3.837044762453253,4.316838976999684,0.2557102264329039,1.8260726523584108,3.2964372711033834,2.428604455288581,1.1472218966330077,0.2714068856251838,-0.16341440150221934,1.3645946137771188,0.9774636362478991,1.8617114612824972,0.9400618988539187,1.0237283785200257,1.3176416503939838,1.1977133022025628,2.0012634308456074,1.3734050038732,1.9257991214680168,2.9559202381296923,1.8337934188395826,2.774463331017633,2.758313719195312,3.221770137050834,6.339957069451044,7.176161682486336
2.5973090697611743,2.7999280713456907,3.7984824725165827,5.714055689308325,4.950237162012519,2.835736393529831,1.34403674958681,2.9289321955482497,4.476271515525938,1.498769327133665,0.73712995951727,-1.006664308364612,3.6864806730777953,2.2584617488881054,1.8945543799246345,4.4772662281306514,0.49311542290101856,-0.7071090177456438,0.8453317929347304,1.948553461000962,1.813016344550643,3.8667691417674668,2.5528934275539727,1.1835903553844904,1.713552825368821,2.8684839802225377,5.45805448433525,2.1998412304190813,1.9819777063221555,2.130008173635984,2.8256984722960032,2.7780135904162617,6.301859037583738,7.9679192830560375
4.14544341242057,5.290172034120247,5.797921694998569,5.645307729246968,6.114125885092455,4.775086408633091,1.9821812188346608,4.7918441131249265,6.015788415768424,1.9661368586784762,1.3598480708823018,2.0857504179566115,2.7265762400326694,2.756992958697524,3.0480247147148494,7.834393649556265,8.02795346209986,1.5925185984413375,1.757640815638962,2.652181000136838,6.550320535739162,7.088157086248907,4.21612608090716,3.229041873868615,2.8794552384684065,3.2648616596247435,4.207105206489486,2.4415936317091496,2.4657336645040053,2.7871016899367946,2.399408817788868,5.087202964767177,6.927534524109955,8.38222248620389
