script/wind10m.json
{"header": {"parameterCategory": 2, "parameterNumber": 2, "lo1": 6.000198445256149, "la1": 58.999992894266676, "dx": 0.5, "dy": 0.25, "nx": 22, "ny": 24, "refTime": "2024-01-20T22:00:00.000Z"}, "data":
[rows 0 to 23 of 24, columns 0 to 21 of 22]
-4.322610280528086,-5.551613257550238,-1.595283643927234,1.1131676907375978,0.7561310523126991,0.3850467779106844,0.4359778976403054,0.19829628052473464,-2.1637272749528234,1.2991389333982113,-4.415097099969322,-2.2728150381528374,-1.9411660551923138,-0.5097974835754117,-3.844746989318101,-3.996991098977834,-2.260876958284602,-1.303417732357641,-0.28684777394983046,-0.6904347240062754,-0.7416744015910458,-1.4645031571550913
-3.7562910820468045,-2.322207667667098,-0.1771974760165094,0.9984652796613064,0.3113263973786673,-0.25442989716591496,0.5386382660704564,0.14206353704689004,3.7414126814883804,3.345318373877547,1.7773970979460214,-1.1604634393523028,-0.7402246615255101,0.27572554253747267,-1.9020885014759759,-3.0846785225639497,-2.350383437135744,-2.444548656111757,-1.3817345470178477,-1.0499093515258453,-1.1428491382290362,-0.39145915711285517
-3.151797955951755,-1.7836855899023123,-1.5503801269782898,-0.996759975995489,-0.7628289265725863,0.6121449148722552,-0.2600596341010776,0.7468067947673197,5.3482791426824985,5.1348646021045425,2.3987519443000704,0.7729885328268918,-1.335141284682317,-0.04358507740920943,-0.44730684010210225,-0.4969828228974877,-1.241211418424755,-2.14666149055424,-2.461455750696388,-2.003905681541639,-1.4286188619153297,-1.2641401051001027
4.246635590389576,-4.610883981937801,-2.2220408130137486,-0.01284756965661862,-0.0010827283146918843,-1.793200091328379,-1.4689476378108364,3.391178777221427,6.609613901655847,6.157202612954979,4.063431238743551,1.6601418542916817,0.7062759328419558,0.5500061982333205,0.36456347583200405,1.3678834030697171,0.26812150898008863,1.0958976522504438,-1.0959741788182689,-0.747673151816452,-0.8981684810835548,-0.335455916796409
5.291193852483543,4.781592036589534,-7.767467932875123,-3.238526304130773,-4.619660480138162,-4.219935661985837,6.932849845557662,7.440952067894935,6.412811163542863,5.504141276759324,5.153975883598922,2.713781066769294,0.5015353857243513,0.4589286393181968,0.4643243685066257,0.9088298902949459,1.3220873131702804,-0.6291294049898161,-0.299010571094212,-0.21579207144665363,-0.1955874579148952,-0.07467945074020553
6.448180781797301,6.184801132729834,5.919865152896149,6.37197941950954,6.326420988359464,7.3156151414038435,7.554236862270529,5.9982088284066615,5.608501904736358,3.581203760076527,4.283240829791533,2.939288691768765,1.41176729929531,-0.15869233429023288,-0.14686287552232488,-0.31146161963450536,0.9284932197319798,0.5136169673388101,-0.1925690140394416,-0.2945693049287896,-0.44855093542831237,0.04764126034922029
7.707518808180651,7.2972042211268215,7.3462848286580895,8.232772292841549,8.156628569215206,7.668692247108027,7.082145986946135,4.553142177071087,2.772969982082749,2.6438929149615435,3.563387333121826,2.7060225017068054,1.3747971283926408,-0.1683744699598455,0.028485676550655595,-0.044987125441570935,-0.01885284679919915,-0.21231798525621193,-0.36358739067901896,-0.6581150136442151,-0.2338541703712669,0.2230537548899153
9.079271739090977,7.930502517869198,7.947785735533861,8.26070541438727,7.976582012667601,7.198888760096264,3.7309304787668696,4.47244710215598,2.9710745757896544,1.9784494300604547,2.592172139139374,2.243626672443222,2.903086237957303,0.9299794686027889,0.46864827383870106,0.05028939992180201,-0.3695348543159215,-0.28248309212225864,0.26605126287692116,-0.04191349624512692,-0.3320495696300507,0.531824612550816
9.508568116824565,8.997739474614287,8.617015535264537,7.778263455797717,8.408487229668074,3.885470215728047,3.8568437350026556,3.75356770768578,2.739806674851353,2.204340936094793,3.55335994444173,2.4090882148805624,4.161216030085106,1.5413282609005394,0.8883450367038486,0.12103597556291575,-0.38284921990888005,-0.21351425404233168,-0.5096317114533913,0.21828536339253796,0.017372542421250785,0.6004974298756192
9.73372523270174,9.801413664409884,9.1031935080261,8.420952010551703,7.3144845348764544,5.19164056170772,3.8539446603863654,4.450249844648949,2.1479682150863924,2.2822683183014445,3.500697325377176,4.317809885848143,5.4373614735073765,3.678778119001309,0.7094116720226521,0.32740346740365917,-0.27665904096816735,-0.16592026757330924,-0.5857028320977531,-0.3649973093698944,-0.034891065019475656,-1.0554491823557621
9.644464536841076,9.71987158728211,9.296411192771991,8.475391231295564,6.608675002774965,5.8247381720085745,5.168958893868893,4.7655458549999015,2.890009858077623,2.633633557420237,4.373880135514015,4.786519544208315,5.975275303308065,2.9174829465651757,1.0678010655819314,0.29000491749111107,-0.4476106242707557,-0.2858779068514504,-0.3514923213549801,-0.8044696517336876,-0.20097105981930838,-0.22652585750951446
8.940631486413725,9.6134458589311,9.291910949789937,8.768433966189718,6.323943725067161,3.700378010020746,5.747912538032234,4.480555391704006,2.69694626990475,3.2168354804882253,6.140021798005305,5.55110389593283,5.047066517340965,2.567656335556892,1.2403453151203192,0.8077635399929248,-0.654084515848336,0.043329349142592954,-0.43533079661913393,-1.093640167426938,0.07939349466298541,0.03957877446328967
8.929889805825114,9.486644884750904,9.741155289943698,8.884153726225613,6.633970638097475,4.488099923193553,3.9275984310665595,4.7586627519173845,5.220946818898688,6.625414806672247,6.201184065026608,5.072614766261861,2.935150954415478,3.0735226322795217,1.771741315202209,1.6181288212628422,1.464937736965688,1.980846170698824,1.8121858800753021,1.7280859116821883,-1.176439095996404,-1.200857670072136
8.908456861932569,9.4195603925917,9.594864804605418,8.79493945285291,6.913385419773629,3.513167513362497,4.186625981429431,4.630192948059441,5.0348103096911725,6.866905187101401,5.128457379174073,3.9615697559527785,4.229316455787824,3.5104092950105747,3.2034681483560132,3.8362079368496396,2.150574118995068,4.2294522767758,1.7514782367350108,1.9059563790419007,0.706101011414954,-1.115051481520317
8.869148182708836,9.683383488826534,9.964797114254045,9.53348689014311,6.871669324370487,5.001111873259267,4.698572892202954,5.398127150820017,4.8499953509035585,6.328442062508517,5.903254799635479,4.593034751407428,4.277743798653119,5.547864638351175,3.7669491467015437,4.900755889041753,6.138358132230602,7.352445843522246,2.2214611334374674,2.115450717114348,2.3227777590855307,0.9352628286827298
9.038617754253968,9.59285761860465,9.65044756758387,8.972466217124095,8.970925515190581,6.052621923927191,4.6735020041542334,4.962936534348187,4.485903977700337,5.053994220760499,7.613964462716953,4.8311343861964575,4.732166336046693,5.830658526829083,5.980027989966921,8.423330337132137,9.464247414869059,9.307210286518702,6.048794141357432,1.7335738842951123,2.442474792221296,0.0031078487903865664
9.341045454820291,8.926688140747588,9.334413405384318,9.180785439503632,8.799918354467847,6.093775202971473,3.805845751993756,4.43630270725767,5.9294639097693596,6.4482638827489245,7.171139992022878,5.1417602143046945,3.7431962201864852,4.125612217092282,7.515326695937443,9.309370208835883,10.104782809075008,10.291680566088413,10.236088402249628,6.8719434314893695,2.1467090875970167,-0.9724083446797372
8.904834226774577,9.261395662531207,8.435021508009898,9.056754348023857,8.322813463832636,4.640389017260077,2.894326019839051,3.588660801997731,4.949546048354237,6.825084555601868,6.711242420597226,3.5972854689489524,4.944083390991875,6.818315579614637,7.583741418240017,9.053942170752325,9.866632537420825,9.126049927670673,10.481531903275922,8.29947354808397,1.7228960618576727,2.537876844278808
8.568132840729284,8.024582070937903,8.00013624623524,8.216596899702168,7.8405748791853975,5.486650269283936,2.8484272696755,2.360863537882367,4.350953765569808,5.255221329429383,5.282077275245248,6.113886888257349,6.623530367940471,5.46113288410067,5.440425781165,4.727342882834542,7.734711415249908,8.198778822023826,10.152131722436135,8.453569651185754,8.14023568723705,0.43953618432086766
6.932423119260942,7.552598487262246,7.474758826130412,7.615055324196811,7.054711930157377,5.395845245932553,1.7109027753926354,1.7816413004730236,2.4515959287311255,2.5338953074530264,3.185084093426647,4.418725530209389,3.610644646968379,3.0363619140164126,3.0255226054819935,5.377715425644913,6.628466165605693,6.397427922057279,7.7843887970767724,9.001969915924496,6.536314469215722,1.1416375933297147
6.7105904909485545,6.38316916207615,6.306372142947424,5.82693592980302,5.362275103480712,4.466319096009553,1.7703999668760722,1.7780028749944596,1.9675537061201895,2.5496132126546653,3.055964470157508,1.4026663090571034,2.22562396587186,3.3958013725752068,2.9764876272141914,3.5712953589565344,4.64999533523186,5.640896096614293,3.2929726757863165,4.229307078593854,3.5547909238184263,1.6546912087823915
5.215715048236392,5.123153188813949,4.465341577807689,2.8042874964374374,3.4104187653255877,2.882804159234582,1.9094198526315558,2.518968313970683,2.500242806951351,3.022578516211748,2.030721488905323,1.266260906870225,1.7668915108163588,3.2935106653964263,3.012252677824273,3.0179928458282888,3.146188129843903,5.023057799513066,3.287153256706469,3.734774003186717,4.084251793756028,2.0394144052532632
2.933831534976214,3.432288786947534,2.7921646425426307,2.0999692547769873,2.8564264837276396,2.382326240853747,1.6443870179174542,2.728647855574025,2.949750521114951,2.289418759374457,0.8798960689270291,0.2375882767381973,0.6871612249030195,2.2167595860347826,3.366624198853692,3.6293581764169103,2.933497861323774,2.444676710479191,4.80483088400392,3.8177058757428064,3.743540214079761,2.3391755754193957
1.1728361170813262,1.7873485604698314,1.8139196115408058,2.710802975770503,1.6444956789462575,1.5268752941406374,1.3589738139270444,1.8333458613036973,2.8150552451508273,1.7605751833291896,0.36343463889702976,0.3025039284136095,0.7423928777327741,0.8902189335719134,1.6064593597539938,3.187840117927423,4.9145739316798,2.4415454516964656,4.536102438745191,4.144118463635449,3.786024117224503,5.117134618032313
