script/wind250m.json
{"header": {"parameterCategory": 2, "parameterNumber": 3, "lo1": 3.000054539987559, "la1": 64.9999836372058, "dx": 0.5, "dy": 0.25, "nx": 34, "ny": 52, "refTime": "2026-01-10T13:00:00.000Z"}, "data":
[rows 0 to 23 of 52, columns 0 to 33 of 34]
1.1371900446014946,2.2374200687807004,1.1955315974910983,2.1302317861937903,4.810756559154732,3.214927007368448,2.9118555716689216,2.782865620425256,1.9865033903185607,2.3692805750122656,2.3579940348329007,0.707756675230925,6.177302646641513,9.1190198262248,8.893517673934996,9.830623741159366,14.993778596341237,16.3208932092042,14.01039012030739,18.875839568183398,8.24096261473449,5.525061509730525,6.4110120967975694,6.721301445642889,6.660478746956377,0.737152615597303,8.012347248663884,8.163553174028328,5.236867198380286,3.2829333399881264,3.53165639116862,2.6658764507693835,1.6515055164575976,0.8829908058380078
2.9601776162715248,10.976442158069101,9.92432487771069,9.489328213666795,9.055899193275772,8.76247692516911,8.472281770252996,8.171932551141138,8.051691625600156,7.860557425805531,7.426897929147703,6.764801904750651,7.130423788563993,7.375816255518655,7.618590598537905,13.867126834543832,12.023559616561455,13.611717708667467,16.745668948654814,11.892094087933204,8.86770077079973,8.622768999685169,4.066274134408939,6.105963162708475,2.5484405235959517,4.654576488021093,5.808041161466791,5.172048599791731,4.43796395366797,3.645428502183683,3.4060142052142117,1.990503607105612,0.330580219985566,0.5689832802799891
11.076260377069637,10.440411643734247,10.595836870782582,10.638492331818458,10.303027290602014,9.705782443976437,9.225629758092364,8.613767667080499,8.35375371501264,8.119769452268313,7.767177928778918,7.319551762790377,7.1145302864904965,7.821229316567602,11.300678498223832,13.473759767956318,12.808988925045389,10.933721565924136,1.6808894412168554,7.873105814654231,6.529716733681531,7.093213121159445,3.264197238000451,5.982205108806578,8.723562989382032,4.574777915938478,4.8173832836720685,4.606964431743018,3.163657883428531,3.0821559362911133,3.432033299610737,1.3376435995449274,-0.7995688863372241,-0.7891567651793107
12.307767407677044,12.197488604996579,12.029326139511689,11.155876830916059,10.83748265961098,10.553212450117158,10.486490609462045,9.922417851582326,9.516393134418301,9.036731930738801,8.721427880754467,8.357570254249639,7.786849958683276,8.185644776076638,11.958872354753598,10.591843593685082,5.110344064576183,12.206840521083,9.122282170670857,4.086440835336165,8.087150374854327,6.319632293339967,5.874104790923649,6.731852842064511,6.931136693599518,5.505615718343918,4.621231099319862,2.533399714824642,2.260609972876871,2.1581643257092122,1.1477709230631805,0.444807667705853,-1.6698355827581752,-1.6632264547999078
13.882129005517816,13.186283592145237,12.664866705952921,12.27712141262388,11.955128153353105,11.58168007725484,11.082197596709205,10.479476935751444,10.051207116098702,10.198819241123738,9.705207717134561,9.064741453348509,8.28295074745056,10.941280953022746,10.141668670656623,6.660339296000884,7.088970313229665,3.4310955134598373,4.789610034840554,5.917094240781465,5.779551710025701,3.8639940138376305,3.5482529637074554,6.68588598747139,7.191815851090256,5.47737681232363,3.68978357087251,2.206465420212462,1.6532100194060824,1.468736608481033,1.2300636719626084,-0.3330815332389916,-2.5964836076547573,-2.9561632046688224
14.562586432396648,14.13536624703279,13.946975731370257,13.364751123492404,12.918923808509673,12.236821183855563,11.339346428938354,11.27158316539439,10.943186219871366,10.06065600350144,8.986505485239794,9.211220167497915,9.362738262188271,8.04585750233776,6.585793399522238,6.0805407182481375,5.937784667443422,3.735290601042098,3.2794449206922027,8.706052826086585,3.8212605744800965,3.4094089917097756,2.769323307932757,6.087644384268465,6.379252263976516,4.525456474666804,3.027194233177875,1.6401860256635874,0.670086414734517,1.0081410937730029,-0.660779722402539,-3.124903270920624,-3.6175581282616305,-5.547975688751578
15.367920311462012,15.117652188346993,14.475434877874571,14.12080137705803,13.507607773215616,12.791983278990172,12.816622416506782,12.246150431854327,10.425994503064118,9.342899164530705,9.058174556125442,9.033060886992793,6.401277646125575,4.968922749570917,4.855890479505851,5.123985702050316,6.020307900171948,3.6055604259784104,2.5261421845122745,6.403890586974185,2.990474464986545,2.4688945519815224,2.0965457741128115,6.1121610173187575,6.521249750885998,3.8629448546588807,2.016944929362232,0.9047634806073589,-1.1884837264486638,-1.5457466460247353,-2.0887232412422705,-3.4519017941125205,-5.392004877748677,-8.898191298523166
15.860932720616574,15.312465596998841,14.940049143803865,14.80035514143943,14.363117082240894,14.084858096175305,13.35555839991114,11.44612769494741,9.999857857639205,8.117905976063168,7.035661721998274,5.6125901867546215,6.291394484071964,3.8214729728837917,4.245855274865431,5.698810720438464,1.4319645056624788,2.4360251121563956,1.1599732082090553,2.2571558670588288,3.072842756290925,3.066615990886087,1.7097116639362877,5.135200074127657,6.687415449670531,3.83675858394695,1.3767900107966429,-1.2162562307111568,-1.4892393335372056,-2.911436206874027,-3.2650182956660747,-5.970068927454372,-7.417153894430522,-7.454447231572174
15.653754275779994,15.301549462600173,15.36423859697131,14.782402065602112,15.015661555801483,14.163349080277104,12.567219788315002,11.118252116011341,8.810741471351049,5.926827671893092,3.5179268590158883,2.9755797278389258,1.9279990293967935,2.129722996120835,1.3500512434005338,3.9282119791574606,3.535301166899471,0.9244897073130814,5.791958155987627,0.6813122301984803,-0.15194793598153097,-0.5992395740642017,-0.8356223609269866,6.5109363588160765,5.54882128891904,2.7843403202861956,0.07575436044720482,-2.0479616638309928,-2.0264021746747267,-3.559952427940987,-6.175545811994137,-6.448634638494753,-8.311230419905494,-9.41193975134202
15.242960313128194,15.364515732484202,15.129585212190552,14.606644346368638,14.967821295095012,13.365798386617444,11.355652836018805,7.727737961605628,6.478604110755625,2.1935507053708325,0.7817535930002805,5.9619679377732435,1.9271414219629013,2.9268778959609056,5.00560954931682,1.4908438062973322,0.7756051661298105,1.1462003537790233,1.0030769238147412,-0.37395943762636846,-0.7188269712616534,-0.4283948371081643,-0.049774279239930476,2.737980359885685,3.8344041530936117,1.324335361974013,-1.2708033641796919,-3.0009612449615113,-4.678969020710122,-7.740838178538206,-6.941389666479168,-8.11688720449875,-9.779355987647696,-11.080702558711897
14.93887830768634,15.010110534830005,15.012363545899198,14.672582383803176,14.53287222531816,11.271672521042166,7.4612243923556525,2.6058847386593484,7.65217756770571,2.3031329608572246,-0.19858442806791474,4.633855017957497,1.8420582865002724,0.8089245210777383,0.2824461097095317,-0.02078912927565647,1.8608000091393626,0.05691731260245235,-1.2617366846076554,-0.8384689742560856,-1.1932015602125339,0.2501611377133386,-1.2466399746948837,1.3048178593951942,2.205723505200195,-0.2171203716792271,-1.5545456174645458,-4.841114526897277,-6.112091479891228,-6.626483805196214,-7.61638519669302,-10.31247523508253,-11.165191480353904,-11.432060505515018
14.884061116032319,15.580020476952065,15.033446758408918,15.768089319717081,13.106438705567184,7.267438936695738,5.942967439326943,2.837216079994761,4.965960822071942,3.269083800898362,0.5784740154769336,1.6344565426990914,0.31562080658444097,0.6149573538642086,-0.3717286364276136,1.1892782713605297,0.4454978434414238,-1.1587201177130468,-0.966404207447892,-2.0514023180495116,-2.287693444204025,-2.1871479233045643,-0.13934821231623504,-1.3411899290188938,0.721996849618376,-2.1730051901653975,-4.839980343729283,-6.295480491060157,-7.536807917172983,-6.666259233737566,-10.14780224236046,-11.325067362090042,-12.684407697963223,-11.614032929379468
15.248900180312816,15.763859734682926,15.140405208968263,15.511049824374167,13.182696318956225,11.637758729232932,4.854421512688408,2.263616628409644,3.660144415106856,1.0141199461165498,2.62426149119839,2.0386648657984114,0.256349334526113,-1.0537753001277959,-0.2311153326718917,-2.1691050642366134,-1.0340951093874737,-0.6728477050745871,-1.6316356907077292,-1.6843416471741688,-2.0259452844595036,-2.1411085387615443,-1.3707820558950439,0.47294037607359424,-1.730186371604569,-4.248631418532565,-5.385528426309993,-8.764515468835752,-6.744385814755208,-8.867918398217414,-11.970167100096193,-12.509961252947662,-13.200855854551667,-12.587233590268072
15.931513527731283,15.243472446658856,15.206723489380476,14.309934360487018,12.434766927316689,8.39148137641968,8.25629143049291,5.266251024995285,-0.5324176119043217,3.9206534187485467,2.6315960002193015,1.5404434241365972,-1.8109131605330742,0.24063007843964113,-2.3697960568994993,-1.4366705933796604,-2.07824682287556,-0.1043863102882601,-1.94160772196933,-1.67969837505694,-0.9386421187973568,-1.897085300647068,-2.0184642041578966,-1.668451199925014,-3.03758785162212,-4.901623744665464,-5.15373084794881,-5.441414895346272,-8.316383155653664,-10.6804831573663,-12.381716892288864,-13.629302440549596,-13.336953553832098,-13.249725817325995
15.659923335402956,15.063229774432791,14.662957606348208,13.56813343319962,10.45908564190972,0.8714561069529236,0.6983523205796388,2.3953609647496297,1.2768838284473292,0.11304391165552308,-0.7497214350284614,0.06934353784553432,-0.3339666195560297,-1.4536464556549404,-2.1719171578115612,-2.643484774242803,-1.6292547688105823,-2.1474104678146797,-2.067371671830111,-2.157460835004999,-2.1507125843989536,-1.3854091541424027,-2.3507531379910063,-2.700221861459375,-4.25572404317851,-4.957483718155627,-7.724501516147368,-9.563055848326584,-10.527628106732276,-12.772139993357625,-13.566787117059478,-14.602642567669008,-14.144963693497443,-13.625287003631145
14.12124461579721,14.77156004643431,14.587532658860031,12.66300032665384,9.066919077487047,3.286072435999652,3.1775711169689043,0.8198898293898276,-0.9278552333413199,0.6479584969468438,-1.2081319909269148,-0.3819117184577676,-0.8793025195521652,-1.2852285109011574,-1.7845547960901063,-2.0085999617210355,-2.714042176658807,0.17563401183519245,-1.3760477920908682,-1.2228323946673723,-2.735847973701379,-1.456503316237707,-3.6360095837919,-3.894210826787345,-5.473387413899308,-5.594111317577986,-7.719652992441332,-7.270397300027047,-9.941894878263085,-14.714128087949552,-14.959197198517735,-14.549572356178142,-15.108805842069193,-13.748899928624049
13.99988202358091,14.610367149227596,14.566978901073837,11.488986497793592,10.469414564471014,7.0988968551672444,3.9771631326441614,5.191822521934251,-1.6851328822086056,-0.39471172683095784,-0.4636239373974749,-0.059565506740613054,-0.5421964928881738,-1.961321490916736,-0.9410293029143775,0.2491328513396377,-1.9523734276570182,0.5412882889453341,-0.95807854888386,-1.7425033574789537,-3.387243456502709,-2.5101949902573417,-4.252656176739261,-5.012809180421728,-5.967134083399288,-6.318484040776135,-9.771421455895279,-12.938994063318363,-12.184232933998175,-15.281955959440692,-16.03010830703945,-15.029458982133455,-15.060946621738758,-13.915385610136715
14.621843158907481,14.475361548281661,14.603489669438394,12.74554690041822,10.151323958098212,2.9841774043066978,1.4766411099064032,2.5214813218945076,5.345597611575647,0.9433602142016163,-0.8586840686400051,-0.3520411449736287,1.5692829768783296,-1.2672988075471407,-0.9029014503178634,-0.9129620865331018,0.041647511902652215,-0.556742723484376,-2.164473966346586,-2.2659515414636697,-4.404457641148259,-3.9662817889230633,-4.377648009046483,-6.216650406183534,-6.479843706273338,-10.11872381502485,-8.380032161782257,-10.964002919746347,-12.157752583721408,-15.967562262544275,-15.486640427862262,-15.741366854126547,-15.049460621482691,-14.205885628464912
14.950060724886608,14.902701792396687,14.67456844623391,12.601631816459438,8.487236094755628,2.9151276072415695,1.4073333508398014,1.573739386980191,4.166661113248832,2.255502422761302,-0.10189152952725829,0.49705114877352685,-0.8715480254697183,-0.1803336300520718,-0.4491434105530076,-1.122236586010749,-2.3489454775522356,-3.4155918921459403,-2.9920971084437857,-3.7449654361986333,-4.637702519882482,-5.910452013120104,-5.801686577136931,-7.7029669050635245,-7.0705638010064265,-9.191030342789034,-11.190589016547735,-10.60239203762855,-12.225301598394186,-13.577675729468439,-15.378562604485587,-16.077712088070932,-15.332843370713366,-14.620974414505268
14.782972314696197,14.124102528115273,14.145789267787642,12.572785799811308,6.712981510015786,3.112622361786301,1.228993404938059,3.3646033884295647,2.9295957663538172,3.932104095740404,2.3347528559574497,0.8612538671789881,-2.2800748074605615,-0.7855043564170209,-0.5638530597675792,-2.977812793366311,-1.047070911152038,-2.3600435280709537,-5.426849162549284,-4.153811368661692,-5.743101008572036,-6.053500375337099,-8.45010230659706,-9.278274965934736,-6.417792041355889,-11.420951245999202,-9.951004874373641,-12.37617055117184,-11.729897087930539,-12.383222936282241,-12.915539925535834,-14.093554847253612,-15.389011203040077,-14.321071979155631
14.756164874095928,14.100426497097388,13.91265727718061,12.723125569328438,7.367993999372617,6.81966182873646,1.6735216509746869,3.386384137464457,3.8625453080835084,3.914784781316302,1.8226265066701963,0.7136285502333101,-0.5134016982186591,-0.42183647754109665,0.10481936220129054,-3.003591634273082,-3.946216185713219,-3.828758908178607,-5.040366469702983,-5.283963319725069,-5.848388542783643,-6.418589554087317,-7.761234727920896,-9.695653831734077,-10.12040572406605,-10.969118223072915,-10.875679063514086,-11.368798181937414,-12.286715699550527,-13.358172703629343,-13.659850505002868,-12.808822648150773,-16.1214877233105,-15.202932646547781
14.95791464639866,13.97143305600084,13.306127596199564,13.006731864630027,9.320340176311706,3.208298616139805,-0.2661761311855712,2.3577384212413106,3.909441523015019,-0.45004461225358033,0.48318260887495346,0.4273905201195157,-1.8881906560990087,-1.9935447303317866,-2.0287383260844036,-3.1421716979145087,-5.0343268053720855,-5.201962880172653,-5.435034346564499,-5.995507089372616,-7.084205996877815,-8.28780170923417,-8.704025731459582,-7.985190572324914,-10.007778678112876,-11.070784981782005,-11.069676386788153,-13.146322473002021,-13.618544623499059,-14.492326166589894,-13.645773546204854,-13.165708211695026,-14.897062684296154,-16.64243580505679
14.650016503508972,13.247107620589244,12.764398347324047,12.610784904296999,10.42990172101281,6.658020411724054,3.6717421195580275,-0.43639363301106443,2.7646821606586234,1.873238869852638,-3.4104445096873666,-0.01121758514014336,-1.639492369472735,-3.1678439505026335,-3.4010657630440386,-3.462478973032197,-6.076135084671968,-5.883867693273205,-6.230445378904898,-6.1723263157983395,-7.354877745257648,-7.625794160017673,-8.966719336466353,-10.029063657066384,-9.264368806028843,-9.724663693846141,-11.545575616565063,-13.536424476925509,-15.180906080860952,-13.89378474678801,-13.220543029038994,-13.760613004420211,-16.98016123448834,-17.673855756832594
13.536801635439657,12.811913875702007,11.9147003894822,11.308493166535342,9.481197722577349,6.026610547153475,2.9665957750092,6.98710330275132,1.5499938893156098,-0.5654855806872847,-0.8572110911952218,-1.624137287010785,-3.583617654743844,-2.0284839324260195,-5.9007080904391485,-6.090673983785932,-6.647072067462993,-6.5070519704626495,-5.749813308284313,-7.0529770501641025,-7.968027033024786,-8.61875104946586,-7.437100847916264,-7.698570293618007,-11.333422878614856,-9.673017729713283,-12.106394664041288,-11.563300070991252,-11.448262358427188,-12.5529021584441,-13.879730297084699,-13.964364277737404,-19.260576183302344,-18.659664995654047
