script/wind350m.json
{"header": {"parameterCategory": 2, "parameterNumber": 3, "lo1": 3.000054539987559, "la1": 64.9999836372058, "dx": 0.5, "dy": 0.25, "nx": 34, "ny": 52, "refTime": "2026-07-12T08:00:00.000Z"}, "data":
[rows 0 to 23 of 52, columns 0 to 33 of 34]
4.176852225051236,4.596856344670051,4.837396251744705,4.843674882498299,4.695308273518619,4.481973403633351,3.7950694828423956,3.406431718873328,3.4864670387025587,3.201876040251523,2.884318159051233,1.9415507951480375,0.6645264394834514,0.36662060379414163,0.503015700261906,0.1665346694065688,-0.11930817513643918,0.11504570503118706,-0.41002370186540726,-1.3380856068630298,-3.4890191815245344,-3.5476372159687437,-3.4298593571325724,-2.95900759090796,-4.1176546137181855,-1.2351223873442343,-4.301698886205143,-5.47823766782544,-4.460187104434801,-4.018724122137449,-5.191938928132008,-5.103321938791482,-5.7156121113593565,-5.649579066060799
3.9154096916593977,4.574478012176308,4.225810722338693,4.037409631308412,3.815067952060286,3.429130035468133,2.9815731344326277,2.9734737945066536,2.656364866771379,2.1152497293078363,1.792546851213223,0.40201169011433757,0.3491004278049006,0.379363597381342,1.1311086002322082,0.655301449109445,0.22944136726261433,-0.13536010453218117,-0.8273281604436696,-2.6797788405606338,-1.8361079911655118,-3.195865110981278,-3.629064662166797,-4.115428257555691,-3.4601532014155887,-4.017211528450221,-4.469131016343932,-4.7525765975204886,-4.682487617170192,-4.648186909065807,-5.91461532425503,-5.820680703517537,-6.369307275477588,-6.372691066676731
3.911292819253682,3.6824840850234644,3.027363810135607,3.453568505682101,3.2042056236332157,2.9808269088021673,2.2882765938961054,2.5601819240527277,2.1300635526401286,1.3805655616812973,0.36572757593409994,0.1344088483618245,0.12881365786649032,-0.060962731477808355,-0.1823465119851638,-0.015725986120018805,-0.516284341561572,-1.79990354450314,-0.9217642103248062,-2.3037639785167223,-2.762294378563049,-3.8778948065371726,-3.3406499474106983,-5.120974590846638,-4.354152309711512,-3.9005522922038747,-3.223251265050785,-4.51435701331501,-5.12786443295053,-4.895912135561702,-6.805151298949565,-6.347243297900901,-7.4435435915362405,-6.406468436182748
3.2360569137432593,2.4777278902495863,2.3392642020573717,2.8362972948215166,2.769850299993038,2.185713009379575,1.2251165630456624,1.089455534718894,1.0557523788084588,0.38343600427549746,-0.2915413328161706,-0.6343496191722118,-0.7297178584987114,-0.1869921686879773,-0.5402158916654658,-0.3641829607024374,-0.6653356679026645,-1.3901575188842739,-3.0306409343705165,-0.31735065466950424,-3.008385454612968,-4.0613979929388035,-5.743751358617606,-4.926950843857825,-3.640397225611724,-2.779043070033146,-3.6799252906155067,-3.7906157094421076,-4.889057307351008,-5.243625928256463,-6.78646683808212,-8.61796042857261,-8.04497112229123,-7.674056527160778
2.169096660652926,2.1098767237995393,2.2422442154278284,2.1857230595925206,1.5766054794406483,0.6373368115163495,0.8014993984144799,0.022920753624597806,-0.27252146626937906,-0.6654615792799305,-0.8638999937330631,-1.106209063569108,-0.6822041411128534,-0.2749316995775667,-1.6470065217766816,-0.47283748680424814,-0.9670068947367085,-0.009716630717615323,-2.160441724051673,-3.2058087857880078,-4.974905440543325,-5.67622610051197,-5.487641145115091,-4.554879444297037,-4.463502800400468,-3.876351203853577,-4.659406816899768,-4.375445165504793,-5.571631060684251,-5.68785221511744,-8.184769164533703,-8.966082490538177,-9.08699572725012,-9.047658823052682
2.1487285865481525,1.6462912499524622,1.3633110904513486,0.9274487318095812,0.7114700160365393,0.40620655184386284,-0.8397001370387182,-1.0341278142686716,-1.3405861592386141,-1.4875216306984889,-1.8213669404561033,-1.8109648766536741,-0.6152993149556869,-1.7307468543937974,-0.2138008785847255,-0.2005130806192391,0.7834006838169442,-0.2956045533329214,-2.35620059562233,-3.3201549354791933,-4.208323707775603,-4.973917047742873,-4.306477500089093,-4.879378495733525,-2.981143757221266,-4.242294038547206,-4.367862371463873,-5.243143099800137,-4.571852577850305,-8.626968678137358,-9.349483889856874,-7.621098015533651,-8.063571650882164,-7.726974879741928
1.0589343598370733,0.7982856775379076,0.4326648784359502,0.37776135034118363,-0.3165416108827171,-1.0210470243353948,-1.6519867890703894,-2.0548452123240666,-2.360052539243267,-2.4047211126447463,-2.745244193302144,-1.1394611963693708,-1.491367128444385,-0.02466455751284403,0.20603053352621614,-0.23689656084155364,-0.07827538894520689,-1.2234571624128476,-2.666345252061578,-3.374102092280659,-2.2857458035914524,-4.335764370441959,-3.4684298417512704,-4.755791453453152,-4.096535480402304,-4.213930229292903,-5.180382282512207,-5.227883244205894,-6.172942790701291,-7.881113596704221,-8.039875586261001,-6.0377590489692,-8.570217382599637,-8.126224794263177
0.025529726357509993,-0.20639953292609062,-0.5879352341070603,-0.9147828072681086,-1.4863860455577478,-2.2373279460507156,-2.8075153355919884,-3.225416256157767,-3.483974644656575,-3.7427822478863786,-2.4707026628231166,-1.5300338486126819,-1.130086458610844,-0.6714330129414082,-0.5035205380998211,-0.876686942106788,-0.8207928283051232,-1.2778478685867978,-2.8931281706609706,-0.9567594033981173,-4.712437505180606,-3.850580432095089,-3.767380588175024,-4.21961369344987,-4.551889245672635,-4.813111231260715,-5.41800996091489,-7.410253304946468,-7.293908135243167,-8.636470782259234,-9.147599746688929,-9.394532184266742,-9.716728340510098,-9.551338738688395
-1.0331886428559114,-1.4757617952562527,-1.6398373131644401,-2.2406779490062707,-3.057429920336593,-3.6634531491369,-4.005966855168982,-4.049840868282312,-4.70109202019414,-1.9196946052041943,-2.166862956716408,-0.25584678051770254,-0.131886733288725,0.264799818585866,-0.6761368303911717,-0.9590783274210278,-2.590184322391512,-2.2874229140112496,-4.6899730555740575,-5.096757920967144,-6.638813130036896,-7.465549684729778,-6.865450969244392,-6.2874666304905515,-4.9812342822790185,-5.535527898216688,-6.206584091198452,-5.861226527171283,-7.311779505011521,-7.498238198899231,-9.006663936631277,-8.650153643770542,-9.65971409013691,-9.655562979170039
-2.3356052855796543,-2.440072992722622,-2.880727254759412,-3.7812985214134316,-4.46787673101403,-4.799129414768542,-4.667257335628116,-5.680280816304587,-2.3958572757817973,-1.8868374951018652,-2.159240328388738,-1.1132509069487673,-0.6765441134714592,-1.2117871751814842,-1.9557049628416951,-2.138530438958561,-3.1382067738504436,-4.712198657803281,-4.185804548390816,-5.2687918774073434,-1.4812693964680772,-4.860509047181843,-4.570092067284384,-6.699399389442927,-5.979301089410967,-6.747123496454306,-7.839796409391405,-8.628220157763721,-8.45989668677566,-9.690582916253614,-9.351920555275777,-10.337342871511906,-9.834918954672876,-10.171253993411423
-3.612124065719604,-3.7123556174903283,-4.372539529304418,-5.371653726811365,-5.732760350067507,-5.924483716215755,-5.335984065179013,-2.7081314926025346,-0.06831932901108269,-0.6580542991501207,-0.423522609344669,-1.2252905241032248,-0.5520052678940489,-2.0479057458665926,-3.1610203404536215,-3.572300213409102,-2.6796499038363466,-3.7092110699490703,-3.708448189255525,-3.891376210970801,-2.7309381386287215,-4.744888278987306,-6.863340283550685,-6.927133925749869,-7.071178139703064,-6.543502825638994,-5.931083695471718,-9.592613225422431,-9.510800288600032,-9.946160879730739,-10.393929340676122,-10.731317038729104,-10.601081287072954,-11.542788131799579
-4.5439088435121375,-4.947458261303184,-6.055723899503759,-6.973865279621261,-6.909701302780864,-6.260170203398662,-3.0193562103644047,-1.7216102894400824,-1.8169169279880293,-0.9323588138638974,-0.8145254255948098,-2.2755407781673407,-2.2735034638349507,-1.1366360516868106,-3.839807536541806,-4.351828487662075,-4.954453029630369,-6.928528019255876,-4.707913602547024,-4.4159281510437705,-3.2895869288584247,-5.8989277628935515,-4.707196404566241,-7.063927711668472,-7.665364903831011,-8.416043495548355,-10.067291028567192,-10.698745027543099,-10.077522694716015,-11.078059973335215,-10.898117781310566,-11.582683063049787,-11.006425297969631,-9.881646594946893
-5.5827050953568875,-6.669008172589805,-8.354549792554815,-9.060909587150439,-5.765027284530433,-3.3982469544885214,-2.3258030333339694,-0.2479289459394412,-1.3908990502696925,-1.0941464542296848,-1.8177757949712567,-4.170000369457712,-4.136064737298108,-3.471349686880132,-3.1753615736254384,-3.438169135264071,-5.157228397195766,-2.7829509986290417,-3.5043754796388122,-5.243505995188655,-4.7497775709358665,-4.388702497891857,-5.939508399538463,-5.543650784254591,-10.00485705513116,-10.531258505410102,-8.69584021284935,-10.88372633103241,-10.77676627845379,-12.373182511615955,-12.59421645288565,-12.861477770105541,-10.273647180211535,-11.492916976052813
-6.934059242127259,-8.426861210352888,-10.134909483093455,-11.91516168580962,-3.705604559053158,-2.175201562558572,-2.465471616761993,-1.6677909984988193,0.694476625746632,-3.0148006464242054,-2.922997607466598,-1.88677110024976,-2.7731453171439124,-1.5590910577515504,-5.208436026645743,-1.9691408154046757,-5.744043613594382,-2.633553634930484,-5.002240601151021,-4.825779747657527,-3.9484188439606465,-5.096454358029406,-6.607834909683485,-7.660983581259857,-8.691121759917134,-10.845669987797473,-10.841572306953834,-9.460193805920404,-10.700640951150637,-12.294916072589663,-12.915357811393779,-13.16470612631103,-11.889603945886149,-11.75807119338475
-8.311918519832748,-10.196445462705247,-12.165923631878467,-9.697396074772573,-1.7444929488713172,-2.6172357029477675,-1.157002490848915,-2.13785784629047,-1.212648567334713,-0.41365252364877697,-2.8215838015914487,-2.4451363003461233,-2.543215229898237,-2.19026256741937,-2.3903493649027103,-4.942574574374791,-5.683680548210643,-6.8297949593346186,-5.98067320005215,-6.0080616155053885,-5.911471234363754,-5.461158352004996,-8.104799316226844,-9.421197060220107,-10.073001282731097,-11.220438301112988,-10.61957861153524,-11.110884254106782,-11.628230276573884,-9.688055019522489,-13.384153936345747,-13.30441697274702,-12.104154240010399,-14.087033344906155
-9.958660212597428,-11.831798460523435,-13.665333019483512,-10.778224926892399,-4.195074132418306,-1.2243051426526275,-1.0485193930476573,-0.39534597933972415,-0.3267034447008583,-0.3125551823854128,-1.4512922342460284,-2.4774531916342384,-0.9789935781717012,-3.2392432965121687,-1.2480542603818732,-4.786758929913063,-8.58641730197729,-4.707021839619534,-4.340795474269154,-3.9846622487400785,-5.528883010812125,-5.210064177702874,-4.623782933825393,-8.923832938241691,-12.373272306949499,-10.115697963098329,-10.734659203428013,-8.279886568412918,-7.1820028901440125,-11.018845751942267,-14.277421888658536,-14.488104688838204,-13.008808830297559,-13.57327522977719
-10.836094834137674,-12.705258077355323,-14.259351906189458,-11.46747020082372,-4.692471812911389,-1.938309605951075,-1.3756370314087134,0.02464215733925165,-1.4851365105927574,-0.9640995658696473,-2.249181840728389,-1.7756507871950789,-0.48732135234253976,-1.7271548837380408,-1.7589438169505107,-1.611052540281695,-6.103658786253252,-5.786564669092395,-4.510679998011647,-5.040893468842424,-4.386376381798235,-7.2360575733688455,-8.02201459953653,-7.513898771104191,-9.965648246976608,-8.472413457014513,-11.757235593695544,-11.170638518653622,-9.075131322762275,-12.868154596707383,-14.942684520310936,-15.760534198475161,-14.567860707297072,-12.210736133541676
-11.500969653866354,-13.083384325164015,-14.627352725994387,-12.411252682950792,-5.061774147079394,-1.5558720464441615,0.11887006848141707,-0.807799410994804,-1.3682213703866046,-2.618483158535467,-1.5662139702324875,-0.47976632861771734,-1.5997748248394204,-2.278591489197474,-3.005048351989424,-3.2482725680802327,-2.3091281051594077,-4.715271785304788,-4.8572800860028655,-4.027150579048369,-6.409191562372482,-5.684682537080855,-7.880307624898912,-9.921387612748882,-7.213222698505469,-10.30566020525687,-7.049352581505954,-8.158036363734661,-8.339996532105005,-13.378991383047994,-15.164723399552123,-15.13021789026431,-14.119015913570484,-11.890262405029196
-12.12472783699277,-13.453793399247228,-14.443813971391293,-13.661401054382132,-5.715314760069865,-2.0617527807363256,-0.694187109107061,-0.9391780903488481,-0.635973822390129,-2.7112952311328136,-0.45737210568899417,-1.5395178839103008,-1.6068752968542046,-2.488905931738745,-2.032502886781703,-5.784639024472567,-5.210472035718819,-5.612118976922571,-6.224260514122644,-5.107489365813696,-6.826946767222377,-8.689853941825913,-8.650570511846317,-8.983205523206482,-8.627587661966546,-7.808189905247567,-8.449496987941037,-7.030464898587576,-6.8362235342572575,-10.74237395112824,-13.662695598870743,-15.474708166347309,-15.178039173970278,-13.3589969195892
-12.327975554094444,-13.576317845078432,-14.44658689183226,-14.519995447928185,-6.58527263319306,-1.2918293227811861,-0.37485594591141286,-1.0503444008194078,-0.5247976510943416,-1.0806173050979202,-1.4966185178001108,-2.838599589050022,-0.6195473051053169,-3.1145788160129353,-5.114656475430453,-5.018187176983328,-6.785194630922251,-6.065181032848818,-5.855386364915847,-5.371825244747185,-7.806538243239529,-8.844052838891773,-9.55549090536311,-8.263726203924717,-7.615899597957665,-9.191283930499916,-6.994228947806231,-7.123586493930426,-7.571863386667291,-10.011948884756256,-11.720328519001571,-12.597362294850056,-13.132478427486188,-12.760109162251528
-12.629574517660147,-13.660342798523665,-14.30695479187951,-14.435309447917847,-6.766528703941178,-2.2437814457333145,-0.603511132352267,-1.0966338763397094,-2.8671625126132865,-1.6907313899955492,-2.1387424178900964,-1.3650798107273705,-2.2728855643837775,-3.224328568277316,-4.263672035652939,-5.388900769496963,-8.227376336783244,-5.673280109964115,-6.031976021223824,-6.559428904652954,-6.575584711719596,-6.642201299716515,-8.581268526444552,-8.783851008414548,-8.730155911085301,-7.541178701145402,-6.227985664378569,-7.179098242580349,-8.266674052605634,-10.127020401498891,-10.890812842802344,-10.679373190726203,-14.349430798478819,-12.658340585031233
-12.871656492602193,-13.946636354458697,-14.252469025151678,-14.27077340377307,-8.313959995576415,-3.9709851146263833,-0.9033926187439264,-1.0421764332199235,-1.4231694615420043,-0.9314631908363766,-2.6461475279861126,-0.9855756199482639,-2.2294315602576598,-5.845225813969423,-3.1233129471483925,-6.470179970942909,-6.575413165051633,-5.540145652345967,-6.582929802019424,-6.739926652850117,-8.311092295239042,-8.135558693878883,-7.931912705688805,-7.383238325814681,-7.5377582212290015,-6.851841256292372,-6.646815919721292,-8.105786208606693,-8.661360325635194,-11.019018737577749,-10.460517097300862,-11.10534717095339,-14.397919805110094,-12.629350238810972
-12.946478512343578,-13.705850747238081,-14.08731654576018,-14.332287119570715,-11.217028112078838,-5.607885762016131,-1.2368214145371634,-1.3043132321090016,-2.3292830348667244,-1.4114908312858807,-0.557769445804535,-1.3310565931352836,-6.943130538090623,-7.9473516908469755,-7.507273381082137,-6.97287080777015,-6.423604371257781,-6.2583837052890985,-6.444593467959958,-5.855697777459164,-7.618991640415555,-7.4180571722048985,-7.534802082688628,-7.337030455883732,-6.470540895811014,-6.699013692542933,-7.036469560833671,-8.439992662637748,-9.389049926411104,-12.151968311632436,-10.67657863738563,-11.267664346183581,-17.14341454481176,-12.7121257709211
-12.433978040728142,-13.544498385312464,-14.360772719972452,-14.54639851296306,-11.745336071899969,-5.875681714150869,-2.682351792926108,-1.0073539924968264,-2.1772088148940285,-1.9284952605398866,-3.9567259295639308,-0.6687537955852143,-5.077529051280641,-5.226164604781378,-8.307580267044099,-7.722492025620885,-6.3205252925093145,-5.9947361233016085,-6.3467874450868305,-7.715435541310785,-7.223850112610194,-6.4633006713528465,-6.273202112197509,-5.923543527683014,-6.498133039022814,-5.8486960876699765,-6.879644357072303,-7.284185494692676,-8.567350100917947,-9.975330569288392,-10.6799071621154,-11.13991024421219,-15.611608962605981,-10.218495448405946
