script/wind10m.json
{"header": {"parameterCategory": 2, "parameterNumber": 3, "lo1": 3.000054539987559, "la1": 64.9999836372058, "dx": 0.5, "dy": 0.25, "nx": 34, "ny": 52, "refTime": "2026-02-08T15:00:00.000Z"}, "data":
[rows 0 to 23 of 52, columns 0 to 33 of 34]
3.003494119700741,4.554643357172517,3.06058905017743,3.9122518136995788,3.7799050896266593,3.461338531318197,2.3986849203537006,1.535652364978145,-0.29761865726880865,-0.027720154953918535,0.30819903092943546,0.1218305306881017,1.4615352074043024,4.694783081504958,7.637957994633642,5.638082388031797,4.728202442294931,5.440378664090108,1.7935073853664043,5.728764488689543,-0.5184302367255578,0.44322741923442344,0.005954450975259888,-0.28679591893902695,0.23059378476574524,-0.42821569354586253,-0.14253372081253815,1.530843223992208,1.456442821723703,-0.80478768123701,-0.45154756695847675,-0.2730692950576221,-0.2737861336806469,-0.7497081534413644
4.4870896035688075,4.280693264485885,3.0124019874326002,4.36849983096562,4.1877007591823,3.347221580960127,1.8714003663064094,0.6091705489346944,-0.6914349267629112,-0.5794311992999809,-0.17836217305580082,0.4105943239342384,0.07649890821080078,5.890949570751691,6.164422542266375,3.9564506611819934,6.831034161106573,1.1646915368197515,1.8080712259823628,3.7207487753859234,1.2721841168761392,-1.053183516740134,-0.6947368161550905,-3.1447074184682307,0.17707468478963584,-0.0392105317696615,-0.07641337957476667,1.0017503789156095,1.4688164403967725,0.7617408547897225,0.2219710359288801,-0.22159175806810535,-0.5119922849460891,1.3549562402465107
5.725860580202295,4.909244245129867,3.09931493267698,4.002703231754442,3.388634418177343,3.323333932878808,2.4164019470909905,0.2984309669862339,0.6782506751426443,-0.4255275492237135,0.6306518547381553,0.08613293516991868,4.339170470774954,7.365586720118465,5.831111658847691,0.885382579600501,1.4870585363167077,1.9967437808649362,-1.972335785338742,0.04777864599619005,-1.933433401433186,0.8445488509297466,-1.372458988934717,0.6879199736763291,0.5581690959029391,0.02260353915977523,0.06559446459816988,1.265958882114468,0.7883473378914521,0.6026772671918165,1.494506473156188,2.102361948328932,1.1099683288322009,2.2214404611209706
5.995033325711931,4.045812983663356,3.322322951987436,3.2464056717271847,2.856576340352829,3.010246954227627,2.787124432814877,2.1062276062034537,1.576120809564467,0.3714730430545372,0.6500161778822791,0.16772617293649578,6.926170523354212,7.257209555878875,5.197035763610387,4.383280002279799,-0.9087805642987402,2.574464163252423,2.810402045183195,0.6962108807611052,3.913005300762492,1.2234063155810255,-3.0601491713894977,1.2333186476796,0.12278617422571979,-0.7652207872573692,-0.3657197965073042,0.40834685858649106,1.2853334448679161,-0.5718342560417033,0.6269660534577219,0.7285068134124335,1.5871937958785425,1.406467224437358
6.287928636454145,5.893408994636158,4.345032264903383,3.38282420231473,3.2709990856451765,2.1655738968706166,2.615175253669951,2.001226262056804,0.7979196084274299,0.28190626482331066,0.5893262767079552,2.6694450065679636,4.703029453742078,5.715502827559582,1.4364089111270317,2.604980685361155,2.4317312432536426,0.3456218284211767,-0.8680367569393004,1.087295907192682,1.6944551695216539,-1.547518948492061,0.05993904711703958,-0.328238597174116,0.7010130302789775,1.0081521988664883,1.3452572677083692,0.0037920119741937145,1.6204806875154485,0.742547393033087,-0.40765984152520673,1.6826915176665667,1.1820341963116563,0.8412056185073675
6.350614031100897,5.334590872956074,4.1298177650779495,4.140446713742331,3.87248186007277,2.1148953775260355,2.2506413701493555,1.824625301971491,0.7961931597745295,1.5311156480263668,2.0843607621523437,3.4179495014317713,2.8460427055296695,4.480537423259487,-0.6855168803364251,1.294567903273675,-0.8788455468183614,0.5129875795992213,-0.7533246160755835,0.5894898719395598,-0.41430583793281706,-0.7975367423349642,0.9828797020037108,-0.4282121841005451,0.0006554772601948508,-0.08245143571907541,0.9679928918863513,0.6544519208148264,0.08814844461424859,1.0197546648270979,1.406760411760452,0.6859731348521881,0.12791615054824015,0.9026445737345452
6.862703708250239,6.027920694731597,5.0118964546324944,4.330157360118175,3.8933948973135593,2.6286935624036043,1.6447952842742062,1.1154116649216848,0.35040812196927923,1.944654945549826,2.8749882270298293,1.8421207750811108,1.6591945154079266,0.8121885468589963,0.15403118693239146,0.9042504218401846,-0.4615205149500369,0.8368221914442017,2.642085423044638,1.2374535972159728,0.3637887251555665,0.05239502005392234,-0.826954029012278,-0.46015465062225097,1.2282024089120136,0.7319376225516215,1.6620695897313955,0.460708042093324,1.0746331291697677,1.8418797475090587,0.7474503538775263,1.0792102223336695,0.7999987291886943,2.250081728097462
7.030754875368811,5.899452387177576,5.032706792987309,4.812785666318553,3.670496657786553,2.4938246879188615,1.2569997149573366,0.39338170352089785,1.8620005317897645,1.2941746183086478,1.4995036764281986,-0.29626432411978765,-0.04817491048323011,-1.1496736810455597,0.007618727802413281,0.21689453074940107,-1.3785434653538262,0.6397699198130491,4.3231256578584025,-0.34756865225035966,-2.071973886446574,-0.6342845519278578,-0.22371609678160773,0.09442719852208555,0.31080322798167254,-0.2992387531782132,0.14866707200403464,2.2308059353834624,0.2661137618765882,-0.13005456777085042,2.0783116937514654,1.7696000440935935,1.6581711320835821,5.78271591843343
7.662577613822135,5.119225546995192,5.6013909665460435,5.199537758055367,4.3603305740569285,2.4962020034261347,0.8274205714513067,0.11470538291548314,2.9641549627704546,0.990125684855873,1.2125930128563331,-0.03460781636181276,1.045881877987994,-0.06977911425255104,1.4253032227425046,-0.042206427393039,2.870258264713509,6.07688015395259,3.1164243477821607,1.494859621152505,4.576713590355191,3.664524170996776,-0.0017282709929966,1.6204251029943966,2.1840778912512273,1.8552958705550682,1.7434694407221791,-0.07033033335807783,0.9672370314641754,-0.16179582109387122,1.6347687602020693,2.3224770088343165,6.774381756387099,6.335156296880459
7.100022885123351,6.0276938824531205,6.346853051448657,4.620397997279811,3.990205782818165,2.3054266200191367,1.1393755385663689,1.1827329822922537,0.025098505366005705,0.08054863793167588,-1.041291648673741,1.355217012680757,1.3984450340709107,1.4535881828631025,4.259200177635207,6.656915260906766,-1.4224891262664057,-0.22055430372421506,-1.9493898512198453,-1.7803280129200847,3.6231273126733265,0.04611579308209482,0.484067413880741,2.5867461087918717,1.514901620263003,2.3357870475071083,2.345243889158515,1.3337599822621506,1.2017504623387736,0.6244183311662245,2.507067820286049,6.634300679712778,6.9791337374706615,5.67124532888441
7.09521802929126,5.6716518021108335,4.292545855739688,3.199388029913825,3.231808625662696,0.4279290764655559,0.8553258161760764,0.2874716424379208,1.0025069942704734,-0.200851185786138,5.5349672784337285,4.074046819131582,-0.0887439351577481,1.0191639919580178,3.33713765760682,1.2338963442393072,2.3399507635694463,1.6117256509036588,-0.9771794603158211,1.2667120762758575,1.986204278979318,-0.5506063687214741,0.2119408105725156,1.0547056957002852,3.2708062757867924,0.11135051333641623,-0.99177463929535,1.4339404300858105,0.6589340315624965,2.474322582730783,6.575739501807535,7.034598904679579,6.465795855859682,5.404754724440754
6.887542976518159,5.850452766338135,2.8604233428459396,1.4046125463669947,0.613020212137169,0.0020805719651876315,-0.18431977176081266,-0.20301203849375202,0.15229036481714833,3.919573017426153,-1.3607206529624716,-0.013961107785186614,1.7114270958398314,-0.9906279487690108,0.3629506215619075,2.2283045210081256,4.239250177990034,4.6141505510310115,6.3043570914919,1.9265599056206417,4.6143336121917935,-2.117827601633,-0.3691151478733202,3.348338633120014,2.363263662021568,1.4647983805084377,1.8616602570789267,1.7222100674862446,1.6231699859311433,2.7001057126837527,6.705960233142186,6.374797026163441,5.631688325832677,4.848035912269025
6.803737369364425,5.427631029941818,3.6213052768121003,2.7759799236384763,-0.5819983128165029,0.5300899287749992,-0.27228514875905546,-1.306519125432549,0.648923047809712,4.023467180158678,-1.442279898767627,1.9405838064830452,3.1557579034385537,7.885729132872207,4.649537711825938,12.044036102844764,4.809442765689756,1.6373434522752832,0.038060470885399655,1.0650535543955297,2.4924783404397024,1.9687714958289229,1.7005280657511912,1.8069516308122566,2.0729616019094803,1.2841925628603315,1.8629132691271792,1.7735060028124094,1.3092597011136977,5.3798995073562805,5.724906836393733,6.238743147827588,5.230795387660534,5.1557582922315985
8.239519204131367,5.6773449169501955,4.6081717346902025,3.224178761010625,-1.1260055198566157,2.8128868626640102,1.7518551259569453,-0.8350883567771448,6.1138196036031225,4.23500224824805,5.339355921055745,2.274337250105943,-0.5147661968610158,0.5336486608881209,0.5541289453868531,-1.6424748491234835,4.107568269069381,0.06414661041760111,2.449139842942717,1.3046851311170857,-0.332235103135114,4.473690984938554,1.553474886772758,2.7076184948542825,1.686171019035625,2.794321861451658,1.2176444241908444,1.432905014927724,1.7283177228766171,4.08955703011331,5.450249479088027,5.259750983060432,5.1724940404569075,5.18107410725206
8.734076978590688,6.822951989384174,4.729821045034138,3.2805989574509438,-0.6956720373593622,-0.09068584055485208,-0.20003808929672326,10.513316956925458,-0.951892571622984,-1.533511271183181,-1.2309635390314337,-4.658700574212453,0.514340311498436,1.5709982677977223,2.326633875484959,0.2787255311464088,2.9469971404046023,1.0554467527273992,1.8768515162873125,0.8449205383262697,2.1634486430655975,1.3302606829715058,1.2435870394321353,1.4030595905194228,1.922985805438532,1.6212751540937553,1.2820063135652824,1.718622796989717,1.6939012108052698,4.388887200083019,4.232424123354745,4.144333608874638,4.552667321130809,4.582830463035083
8.894560905018588,7.376115827497211,4.365427893407695,2.4285740604907367,0.29802024839548047,-0.24125027841600885,-1.3409322767725955,0.5962451394720129,-0.7691755308788217,-3.5126252082380067,2.094185459413964,2.3918811538080216,-0.6675935052931324,0.687609332499609,0.7772049155730153,0.6342488344198698,3.215769260330425,0.4646534781818814,-0.17477724015348095,0.43181987336666516,2.7541422390298664,1.2469506615065575,-0.0667689052816737,1.0645371934225671,1.7854884349255786,1.41479821989534,1.77533024296756,1.1077034204299112,1.3260710853349575,4.074889738330474,4.295544519982467,3.6954073778328533,3.3924938024270515,4.157318788683056
11.376339168224806,8.09856207724578,4.153315519861257,2.772375615480968,0.017971063717739277,1.3129744236950045,1.9012810879842867,2.3052967730332603,-2.0297423502745375,5.78063369724059,4.93948592417918,0.7203337926114571,-0.07162230889929706,-0.1589329370294516,0.5585326207844734,1.0238073750517698,0.8212718653063342,1.1192709332736306,-0.14925517004391134,-0.225505163718386,0.09208037445794445,0.9629647563166754,1.0814972610611888,1.2603185566571729,1.0463300523761774,0.9580861441344355,1.2678872060497042,1.248988240095643,1.5158145692091223,3.7223075130583037,4.046990488979928,3.0064479328678915,3.3675737079639916,4.394621112047156
11.356245777899074,7.820861982943305,5.852464776108017,3.1225053391069455,-0.0930417475101054,0.6139802426028143,2.2406056774732943,0.38537303790134514,5.673220568018719,6.984539166823234,-0.057683019643741035,-0.41325922972706697,1.5107458256155433,0.9051807680625495,1.103227191319864,-0.3410601078915967,-0.1762863823922327,-0.6136315965020719,0.8600543322610593,0.03696001377871603,0.7379826244421644,0.12472350569317961,0.6410989056797558,1.6436506041749581,1.0404534519286213,0.6828241352615572,0.7653158946654413,0.9906338562193826,1.3903297073030993,2.5415058997346462,4.856857262594095,3.651802570437804,4.06652486013322,3.9996337243106375
12.598104817263565,10.521149328629136,6.634394485159847,2.6864656407392915,0.2735516620856176,0.46135716148556943,-1.3266091598183516,-0.6612457572569035,0.4585993219920801,-2.561774776052508,0.6894071791161341,-0.29398918834718973,-0.31081340704134325,1.244276097522458,-0.2433401096539187,-0.16510469270266998,-0.1623602688547072,0.5443886659772833,-0.07829309513669815,0.4589250822028635,0.5563481845924106,0.6735224337864097,0.7456188460116342,0.5527825494548289,0.7637533866846095,0.5322688414114389,0.6874289160012066,0.7661622369704156,1.0310914882433577,1.2562996641436006,1.7257176961904153,2.918118857259271,2.810341508643865,2.4908236025100496
12.897638575594815,10.844850379736776,6.655201880867691,3.8684387162104086,-0.5074520601545762,0.2599106947589525,-1.2934716764954395,2.3667300401286906,8.968749590156316,1.6660651884218847,1.6639583999160812,3.45554959129585,0.7943610975507069,3.0850537110063927,-0.016712686964326144,0.11412907884757792,0.30203882194710346,0.30114525040542406,-0.5561931642008918,-0.20911083408679634,0.18794062900789962,-0.28674189657175797,0.5934502684120193,0.611110575479303,0.38875691159812653,0.6994626002944349,0.6651089434763273,0.9859631909848012,1.0415660860751765,0.8163715758599238,0.7884828787297141,0.7887992688142709,1.9353716883213752,1.0776882629844888
13.434683264163121,12.705975866011297,7.050718732670133,7.033068082858219,1.737343045406476,0.12057819938620497,0.7839340786005616,2.0376481429463733,5.891203064996395,0.4563664550573818,1.328842428038739,-0.4783172875728142,0.03868541694456676,-0.5937041429669813,-0.2607869658483039,-0.32090645249855676,-1.2214294062486724,-0.8602236229149005,-1.038877602925001,-0.04976444054718475,-0.43866259777106753,-0.9838327253543612,-0.03551957536945001,0.16147691365863648,0.6581890363903312,0.40100238334463373,0.5898590782867938,0.9260014513879556,0.6530081266506075,0.873561820820539,0.4477639592406883,0.3723430264026749,2.6634262621495473,0.9012130342346615
13.822206515482353,13.185008701719276,10.943111603585418,6.780965998792558,6.096880035211739,1.337437662823,-0.6224629902046417,-1.6688509346218352,-2.6248341898687992,0.09697659946600114,0.512125187762793,0.4630486338084705,0.746615390543244,-0.8559402203299954,0.11288555285283434,-1.8210639823264223,-1.458856790247128,-0.8150294111866434,-0.4725191498159617,-0.12834533210611962,-0.8226313889944175,-0.17675956372861854,-0.17566959667947707,0.21779381073379675,0.42756061587400673,0.6131472567112681,0.5517900709111153,-0.0683508639708711,0.3712540270816654,-0.0018343725186318709,0.3650309085335507,-0.7348273295125604,-0.5300427248926528,-0.0884618080525604
13.65988675937574,13.215698969816925,12.519363574616964,8.951178361448052,5.3602737056734036,2.230183335889516,2.9241516651583495,-2.642949304822024,-0.9452519088522063,-0.7214185429028237,-0.1619059981838957,0.16564319294008745,-1.5289175610806016,-1.1310264043039409,-1.299104916075048,-3.7358171547021257,-1.7373114333119841,-0.5948641099671387,-0.556137357069481,-0.6705901910546535,-0.587572516356503,0.16944116877071563,0.37507531847814335,0.2864429251956695,0.503980724280579,0.596970076706901,-0.2275295442150203,-0.10160675335026864,-0.6295184798538304,-0.14125670705827276,-1.0589306277949182,-1.4235825002951397,2.4290476908575354,3.349957901154117
13.585543612518986,13.191594374994876,12.703511414817294,9.892512780346797,7.5712214772772315,3.932113740005447,-0.29736376794037667,3.334269741608389,0.1040772279377066,-0.06845127745714973,-1.6524997901442662,-0.7117356845239342,-0.6611722318384002,-0.8017462768417357,-2.635856983855432,-6.475820419180058,-1.6466163517466308,-0.11876524317869719,-0.2672045657136104,0.029142949152857527,-0.5143992533134861,-0.755222800095774,0.04949822178193724,0.11284690045113752,-1.1415016832624811,-0.5959197603007307,-1.4146937336218455,-1.1301781471768781,-0.3913001344087262,-0.8695286912884569,-1.2545715831242545,0.7509736843952327,2.702107693463134,2.3209464205264285
