script/wind250m.json
{"header": {"parameterCategory": 2, "parameterNumber": 2, "lo1": 3.000054539987559, "la1": 64.9999836372058, "dx": 0.5, "dy": 0.25, "nx": 34, "ny": 52, "refTime": "2025-12-17T05:00:00.000Z"}, "data":
[rows 0 to 24 of 52, columns 0 to 33 of 34]
3.4306630737075134,3.7803969441503535,4.7453561097452726,5.900118233693056,6.377017575682323,7.217969643589112,9.471420907169609,10.269755771577213,10.642823430376643,9.291231469285961,9.401850110520858,8.88938096530569,9.235558469464076,8.324170885094976,7.324296232137012,8.175678921242234,7.748095299327037,7.1868196340810195,5.000690140624489,7.3056693907515875,4.02106351360835,2.2889624560426505,4.890974471592128,6.350619140450939,7.057806210857573,3.59657254166576,4.936559846572533,6.536251550916513,6.883486147349321,5.242109231859544,5.254422398956339,5.255080410993382,6.296190741436618,5.449002666906186
2.763193423500373,3.6997497555438037,4.822975612272435,6.292372279013854,7.49253181812454,6.947050039471327,8.652283937337582,9.719602403255431,10.200372843016954,9.921226859831073,10.42143927211253,8.824237348669554,11.778191451613873,5.732684779642239,4.827871633411989,3.6386863796877775,5.995919487543633,5.771692429068725,5.786639296962647,7.195327501999556,1.76626567592084,2.5399069488339823,1.723593516962602,6.332454891554657,1.6785785034322283,1.4181249458539276,3.698395891962996,2.7256091605820316,4.638510176288097,4.566530254550363,3.397007595730285,4.493236036470201,3.7255735392114935,3.790660453998062
2.9518897335346534,3.7536986905824503,4.049803889380897,5.105595724196778,5.624836701304353,5.710287737617,7.721477813281771,8.595820375580177,9.185401665191097,9.024270873639765,9.315514269507906,8.592591066597295,7.717373261073692,6.744574966573162,2.3831577157010697,4.434820152179368,7.5010197903270885,2.899606786811025,2.177748938918551,2.870028062778103,3.0238415866833477,2.1879697363107242,0.6523833450387688,2.7309887935710533,1.1955823505070506,0.5999990029042886,1.5906007502499495,1.8992445639007993,2.122151776583807,2.8093597028524675,0.7668511985196241,0.8732802970627365,1.1485402776801024,1.6636223457101362
2.984781814959904,4.054072025214391,5.849402419947914,5.785238086676114,6.834125038735955,7.36230632630295,7.599007791568033,9.145488429511476,9.068606430967959,9.503961530216188,9.317991505877874,10.630806537414019,8.882267489248848,6.7155852463054435,7.354045887606169,9.912699596969368,3.534613676366583,4.802286902396624,3.348120366723921,1.761738110850745,2.792715391569354,2.5420245467110534,2.826238667363389,-0.11707056649793672,-0.5526333676428778,0.025323469708363442,0.8969434547437196,0.3385220268658063,0.29166768802466053,0.1796769993207917,0.27913466626151595,-1.7571118031879032,-0.7424051436239814,0.19542714139883655
3.6797855562428334,4.48310489950014,5.122009931851518,5.820415785786365,6.447883657700675,7.161696268364742,7.494239042514893,8.71964692200568,8.631801355640082,6.599395677278481,9.322932339252468,9.508035818440579,7.951525674590377,5.4408647313214615,7.275334751112434,8.46372475459281,7.55120853938971,0.16211712644603074,1.2989540228798466,4.0999656370555195,2.9815083190620295,0.22528971734307407,-0.3820622510259336,-1.986130602231714,-0.9633981545978794,-0.19622554057792357,-0.5453280412933058,-0.5958793946329349,-1.5537548960668075,-1.641447933959262,-2.725937416459254,-3.478898790393239,-2.224981874132982,-0.7636906169695454
4.275331981322162,3.8842050439737594,5.429157395778167,5.860893386741207,6.5148927494528905,7.691344842617413,8.029879706721124,7.628814724165649,8.963596911963368,8.870504833007931,7.703875819986936,7.233908356225424,8.689528776840667,7.404818555081086,5.044391890844277,7.207374472981862,1.6429117606463504,0.9455255574108491,2.289126872960839,-2.3239205982543916,-0.9456060247080068,-3.2732201663507197,-2.867996168139783,-1.5905261829968549,-1.0921741683521267,-0.16777221997747951,-0.4458735762113871,0.13447965286803107,0.057846438228466336,-1.2048567205312253,-2.6826951655332913,-2.696768035141084,-1.7310073363644647,-0.20842596643079506
5.386834118410307,4.68450116078977,5.673711551003302,6.593883732228858,7.096976267164302,7.722240795709414,5.981032461776343,6.742712232776265,8.046958380924858,7.950869341953669,7.3950112791922935,7.866871088363962,7.425243816899836,8.589530966386173,1.8535069096356829,1.5123905492222591,1.7020518482044518,1.720175067708262,1.5704063221993843,0.6397105472322977,-1.320618845133834,-0.8701776196800768,-0.41372426646612637,-1.5492797479335458,-2.42049949009195,-0.9828491299020611,-0.4346511964770379,0.31072010799525585,-0.1922338644059241,-1.5257570985100621,-1.9913024277470912,-1.4623211258383917,-0.48440046944494997,-0.18801869796422904
6.654590772311887,5.299357716002568,5.579719430796084,6.6213110779785405,7.735981210203893,8.350534690003352,6.83112574285726,8.10652389045039,8.018950300176286,5.577931397374879,7.422778343861921,3.102945175016507,2.8447825829017335,8.152072117548327,-0.6303875353819326,0.6644209377666255,-0.45567739641128463,1.0962047728552904,-0.7441397896304351,0.25308314860819614,-0.023330895944176724,-0.017473118845571095,0.043489604840389176,-1.3040273165450764,-1.6074940580135568,-0.6925357764938945,1.624414090981429,2.4709077708407454,-1.9355121958770027,-1.9666504962824678,-0.7250934968848317,-1.5628058858012974,-1.5938738778976311,-0.9591048103874048
7.251111786943952,6.397594775901794,5.689870005663495,7.1898721084078,8.136577356139801,4.493888849623578,3.1733885739094982,3.5310317788893233,5.087037693951259,7.159644012048642,3.3283294183989582,1.7917656932151336,4.003409126693833,1.385141043438121,1.0495904769843662,-0.37704658842536054,-1.1763238967970113,-1.2360924044207968,0.8782976770195094,0.34178130243500837,0.017372715631995855,0.35053769212654695,1.3892573406132762,0.6054807391801329,1.629902617022615,1.8229331826740487,2.7437773565056376,0.7240931032398004,-0.6530896448834057,-3.0592944066637346,-2.453056622101456,-2.7795642674469874,-1.341881063108912,-0.1221667030174509
7.827405915838808,6.772253743848313,6.47258375215295,6.983454697462096,7.955301876237353,3.2525418380865943,6.493214686125192,5.041536990801257,3.926108982013207,2.135398142129803,0.6341334225180765,0.4113663386514313,2.097620640988806,-1.2201959412247727,0.5032304187055026,-2.44566540956433,-2.10912836847765,0.9657719628494719,1.7193929541591504,0.6659467503643948,-0.9046994935571017,1.246102550431642,2.457160562035007,2.9990089088084098,2.9814506619809986,2.287580194478456,3.204330334408896,2.2941751240899824,0.5700220493122422,-1.5145702256000173,-0.8979100901591638,-0.0831682094864491,1.0094916242817416,1.970849615524065
6.639820286864989,6.208955425195049,6.417938200004193,6.62850786700198,7.901080569732454,3.528324192633806,2.6006972245884046,2.2323550243179127,8.171306451881602,2.544665911611045,9.378656722648143,-0.8355826681314447,6.336781458952439,6.286056801191818,2.3698786180099907,1.383470358698072,1.8663548971352142,0.7692758541997051,3.7311584435160023,3.7045414423432033,3.0715319178295766,3.8038831460528018,2.6865778272099003,3.343811117175817,2.2892411168598934,2.1334119600158736,1.446529752583112,4.832244927004871,2.7331783284007383,0.8804531527124505,2.767346490350432,3.555161987864725,4.66165735103043,5.097484875582162
6.87578657429217,6.005277063293425,6.245711049179047,6.7207531241530365,4.261264664968195,1.713873428847855,1.492156890660406,-0.9132259471603922,0.34281778768989213,8.329664302479609,-0.2414188574453781,6.996609398514866,6.8419312509596,6.590534334861084,4.519260854057233,4.50621731118928,3.67735793142247,5.179754187657495,3.5767898921953702,4.337923438306842,4.3490299110529325,2.4087236033752437,3.6637951497323944,3.384860522582242,5.184345564727616,5.746398271369858,3.041131424112558,6.415403940467057,6.582876653509306,4.665271388299033,5.080798103917005,5.628310706997286,7.034512203977457,7.183010128418627
6.351012896690619,6.169733334520271,6.422247686961212,6.818120877869357,3.317787907728205,2.001253116430512,-0.27853946055595974,0.8743949888023603,3.716869082816882,6.292939621188579,8.220994445763424,9.452476400493554,9.43999344358624,7.160370611361227,4.986851074688266,8.09767353610633,3.386339057355427,1.619063007476063,2.644992125566501,1.7459667289287133,2.8189765437972327,3.329139894698424,2.426085426138686,5.667602989819701,7.227960952600479,4.302230909885702,2.5865515378164465,4.516052485834456,4.167046535466108,5.330011248608658,5.921277927195832,7.002232069703318,8.025525617253571,9.141751383892016
6.194940074126217,5.726116517269613,7.187256369623443,5.343887011061717,5.537350405726891,3.8630151012287137,12.737716098654108,0.6503608284150553,8.375636459332382,9.281658049637993,10.077634484101015,11.296416531428726,2.691726563188839,4.642148938243796,8.411730712872222,4.5619254488931125,3.0296565421112223,1.9049460336909245,2.309813190335192,2.984775582667295,3.771470271905318,2.608133499216391,6.629064057100615,6.9610137628255035,5.118633362470292,6.273733244514548,3.1732858572733926,3.613184592953812,3.6382502060162163,4.518915524014006,5.2997581079705425,7.307806368024569,8.459204354163754,9.370843137913154
5.875584023429505,5.039740175529511,6.049044165995281,5.1084877877479995,3.020885608352504,0.32033033803914573,1.6213851045294663,6.7844616877008255,1.1808658145742301,4.555404113402549,3.985989525240096,12.156285328574814,13.688325512294172,5.275839775777749,3.4778316543807906,5.374881982544353,0.9755003574722843,3.0425442116010166,1.5255746617566317,1.7389668356560903,4.905489572593099,4.184850384868696,6.0961990009622395,6.557772749418401,4.748136723985624,4.807427066251982,3.610697100950413,4.0440765212505,2.7614678920179645,3.7634467269417944,6.043315749664487,5.952813287245442,9.961634578715625,9.495968575164428
5.762528262268263,6.029370187457597,6.192467549643383,5.124825774159949,0.5854380999702721,1.8665674892288358,3.876240366164134,0.46654872082596416,2.481982540060134,4.078168511869643,9.742084462014555,13.175507125578468,11.489513174568426,11.06710133186205,8.137201708546955,5.21952773249556,7.472120142048609,2.2171223715179225,2.9876671285073257,1.4330516031051936,5.121330168893238,5.327411643168477,3.8852154879966356,5.855107661643897,4.278678938257219,4.178552232475179,5.811592282894493,3.275411140917211,2.985098755735943,4.295784389716571,5.529644831454688,5.833406864892309,8.444199182171225,8.59130370093853
5.455941739532688,5.933066318853689,5.542410298379276,3.9888613936989192,1.2276581968596025,3.781470959927372,3.498530283296402,5.853380383465597,-0.3349828767213337,8.323822855580874,10.815524976935313,12.793845196845776,3.026806134619458,6.255458491281786,4.956795106727974,0.014741895709169558,3.5719575671803154,1.4796858517561897,2.2573466363952526,2.3801872091358747,7.159671691321857,5.994158753206489,4.729077559350206,3.104087697709202,4.027510543483894,1.9670000194448394,4.280632995752025,4.453220412736934,3.5288958719137034,3.8565524597568577,4.464478878924716,4.28327505405039,5.771236428323928,6.844025237523819
5.6459091682679485,5.5346105098551455,5.199747343376599,4.411631193647232,1.7441849166070513,2.645852686875599,4.875001994169512,3.8636975608678052,9.368973854750624,12.512840051078488,4.187452232720932,9.322535523901585,2.759874278905093,5.360800540175401,5.306317853168623,5.149428499451047,1.305978336975797,2.0966129959072823,3.0305134963798075,4.732128226387905,5.806178282908099,4.295576294310651,4.307920493488993,5.440760928729352,2.296307151260916,0.7201791951116318,2.1408355825507477,3.4363535953331943,3.823886215869652,3.429643682888179,3.0524824926558414,4.517615830711269,4.7220473819818345,5.129951361375301
5.750568461801247,5.359385736358486,5.02403448583717,4.381884943815948,2.5430607015918025,2.219039904315312,6.2238311279627005,7.255170006035896,3.632573124581999,13.61129111625401,10.92786160184738,9.545642232484136,7.601106188680398,8.390320201826626,1.9946391253704687,2.905481087332285,3.331124464579965,2.767800517802024,3.765698461922957,5.744556022046622,3.4597707524333843,5.887004700053185,3.7680411333138286,4.276548244452029,2.671401084795413,1.4472166250588787,1.7135943998993137,2.4531152295154466,3.654171080060277,2.7200559007306846,2.4788503835247613,3.459870412661591,4.229278321568339,5.184010978667378
5.4986644800967515,5.126688745967921,4.814434573813781,4.102956213586134,3.516833645060973,3.8459411191746407,-0.9343466661177958,9.666872975272836,8.919404626646536,8.447899486145802,11.918520512552819,14.306754441318523,5.5424823562342755,7.660582917280322,3.5680782965558646,4.050192262173072,1.9902543023284973,1.9358390909057537,5.291231398894865,4.219604315903639,1.6776278556706674,2.9838997498798348,4.97946661185957,4.260532629283715,1.8191768682074425,1.7372447900698376,1.2894897414903854,2.170082485668594,3.2212901123590076,2.4637337958986065,2.122000986920263,1.975399929846951,3.8338782122202235,3.43262732552877
5.1460974694825286,4.998821554542418,4.7331536921775665,3.8154408195386296,4.137225025599583,1.1167035377643453,0.8437460882823673,5.898356716097659,7.828265884082997,7.383657785832188,10.040917980896221,13.418154005913616,11.51550089575113,3.445418629675955,0.5493095601090378,3.7193829977451047,0.5257475720760382,3.2339470528389924,4.639705189760065,2.830066939984717,2.524504185909272,2.1053376406039526,3.359630315324932,3.492768552758718,4.120728744643354,2.899765565625544,3.3580540293283803,2.040108271271974,2.9741043406670853,2.3537936963972035,2.147392146220952,1.2466172933977306,2.961609734118817,5.620546184261249
4.808156547996189,4.934542207134507,5.032198929658189,5.044355282285729,4.992876747816922,4.524108137212878,3.4270711130528406,2.7667065798736696,7.4433863197055015,5.9660793306522555,14.502229531208215,12.541106527012289,2.382741061638477,5.57839380670452,2.9863477283520017,1.9969097798999644,3.116771809879441,4.566458251666253,3.828122220159289,1.8330782443632592,2.9510873925915697,1.6856221440113466,3.684876383204357,3.4843677512793447,3.3324563206310884,3.220055763835893,2.6984935424093983,3.2248996267886705,3.4109261116428358,2.598382073026731,2.063284735762774,1.4963748113503181,1.5509420312384117,5.397612775735756
5.457721393344182,5.362626164151237,5.634442879084774,5.253917091369213,4.1425150245035285,4.03070294278149,3.0292087214173185,2.5301253068137655,9.49121531335655,9.267977530434742,2.3629986607529916,9.953430376129162,9.98728173957158,6.727081424669323,5.814071083956747,3.354560583221943,4.11299265591765,6.54200772270412,3.196377414963312,4.546267362015469,2.4322582955440017,3.1472061653806884,3.7490619531258123,4.663365264263346,4.398948790700995,3.543417580490189,2.6900066478690414,3.05205257723764,3.0864295057530766,1.464715591786114,2.449264101568586,3.0650696770465564,4.40079189202909,4.5329540667038675
6.658424214822439,5.751577533578401,5.70259643243923,5.371685563604026,4.058275342392246,4.417107465541834,4.259054032302857,4.02249987836106,7.673990438113647,5.48096073961045,5.627638290067189,1.7523827609552034,7.232470340726329,4.900596969845744,5.227516555155625,4.158952708944654,4.610653260700938,7.294469563447893,4.943094612653429,4.739071616251389,4.137385990923795,5.727253826703881,5.377327920757105,5.535738640559247,4.064138232992368,3.952957431998276,2.7068242320381666,2.9618246978385536,3.302221648095985,3.005754432474965,3.66157102427224,5.205174965957585,6.444720451221654,5.078426874615037
7.688883443434838,6.574366642621055,6.312552345648431,5.1664769582481185,4.587843471999922,4.501207573108358,3.171617658156201,6.065359060546249,7.974155106443666,5.002132608055879,10.093432063343885,3.2991587308891597,8.863431887610878,5.748552827222891,5.651475436370763,6.5723992911491065,6.735682426747953,7.919154571156777,8.194245362258753,5.522469721083815,5.288272028991874,6.831205978774665,5.114336848192325,6.783354368549794,3.2764420193085817,4.004224988723615,2.6458519488816186,3.033675365978207,3.3330547916007203,2.973152646740901,4.024509476664516,6.252367730162922,5.451831632728839,5.676302937921314
