script/wind10m.json
{"header": {"parameterCategory": 2, "parameterNumber": 3, "lo1": 3.000054539987559, "la1": 64.9999836372058, "dx": 0.5, "dy": 0.25, "nx": 34, "ny": 52, "refTime": "2025-03-17T10:00:00.000Z"}, "data":
[rows 24 to 47 of 52, columns 0 to 33 of 34]
-0.6262583443862181,-2.0178126015048323,-3.2111835302709992,-4.589531908489635,-3.8055720301147895,-2.1235453455801827,-0.2687627330472601,-2.053251637296175,-2.460580852097075,-2.4824841613996265,-1.537684565739938,0.30171042440920703,0.6765425219684493,0.7321107101971165,1.1667489012956396,3.3623695722637885,3.667835211149785,1.234259144398801,0.570375659976699,0.39130523130860007,1.9334209300962355,1.8761502233959328,0.2582042667126591,0.1802305932505675,-0.5400062340617348,-0.9863980188645205,-0.9414105885169968,-0.6143998201397063,-0.029203094953781563,-0.5996512348549045,-0.6530176716911535,-0.7162213054892614,-0.10921154231500056,-1.6898607032727815
-1.0936518586370143,-2.1945790970301795,-2.7361536683652306,-3.256024189789378,-2.695945422609154,-1.6411530937738033,-0.3808218913936782,-0.34590650142283996,-0.6682219263558978,-0.9680144415382431,-0.253009970693692,1.050055802177544,0.3575949390088219,5.838572210311388,5.058788984901578,3.8513517779145365,3.359610113141077,0.9722140100649805,0.6522816227502437,0.9366194754097805,2.519789512120674,1.7163269451990097,0.2498791339802869,-0.7658049150139928,-0.2950503385005477,-1.1329643698384322,-0.6253458424134231,-0.5029843002403855,-0.8914075962333186,-1.1838341650060602,-1.3572288637433085,-0.7834545840383544,-1.3719946727584067,-1.905952545433189
-1.803885029424829,-2.4775072212238367,-2.864357567691192,-2.881005422374248,-1.966842467104359,-2.0600362766127684,0.16802374937567954,0.20752234256527277,0.20537753214251497,0.21855040530398653,-0.09615379675433705,-0.09727994905839465,4.506622891987626,5.281803496269219,4.15027493580484,3.20706413229943,2.043616455962585,0.5216992577547495,0.6731706016244646,2.283407889026512,0.8053091668164584,0.3071418447373928,-0.14099597381494794,-1.0628548899061159,-1.1680276447607099,-0.42474431759316345,0.38975412147785937,-0.6591641356575526,-1.8198849815805282,-1.1319287394406194,-0.9637325824282819,-1.3743823952645475,-2.0758174882437506,-1.9248873503880615
-1.0576545254882446,-1.584060739223635,-2.0267464520902383,-2.21252326536434,-1.8206841628663566,-1.3678065679110514,-1.3166509306676246,1.0804593171593129,0.06172582357254052,-0.004878834189710677,-0.007962552595628388,4.291770084023725,5.536936084283659,3.8598098743306233,2.9700802132935644,2.1992139619077715,1.3391385620144718,0.6861410528222055,0.8175571791388386,0.6541083909190005,0.4306401175995447,-0.4036942580624199,-0.41945755274836766,-1.6795208212262869,-0.5716491547151928,-1.0301230429338089,-0.7633448740468143,-0.6889868217334492,-1.0380093386508227,-1.0719661083087682,-1.6375023572056748,-2.2530253643688427,-2.354235945560183,-2.8944281946996235
-0.47077379589526885,-1.0226058470011046,-1.6408624131667624,0.993530370783178,1.7374142766179135,2.214291054730919,1.1479450934377071,1.9311144718680764,1.3333766226331343,0.8307821729958513,3.219637774386943,4.393428252277028,3.4261734774642614,3.0655713247289733,2.035479130434369,1.3547370856246805,1.04460227865268,1.1322488920280065,0.5460127329422788,0.000674361519913388,-0.3768380839463028,-0.7648889525722916,-1.1682307374160756,-0.2942583934773554,-0.9485349278285938,-0.6029034364004229,-0.6976006723038559,-0.7272036849325233,-1.3032343977631766,-2.2799442803084338,-2.3736558435268917,-2.6366340094846827,-2.9693888125135355,-3.432671174587069
0.17259543584051945,2.8761575018746464,2.9030759038147873,1.9123092801758097,2.887748660881542,2.6525665492462065,1.9264694518525218,2.3721803162153456,2.3234006406357324,2.525461972767231,3.87840900067462,3.461005353800481,2.333348248383902,1.51195096105691,1.3857449403070656,0.6031423148990975,0.40151442792350417,0.17413166090965115,0.018249742122791412,-0.45827138130246314,-0.7968293351841694,-0.7789341241715656,-1.1056008922966871,-0.7056378781785531,-1.2539046515481482,-1.0172954768531843,-0.8565018037703992,-0.8654723321292451,-2.653458569948477,-1.9527551846953894,-2.5412790976793844,-1.7445357796943552,-2.1950552694079817,-2.977861524603376
2.9885026990298527,2.8831616598091094,2.6279960306311607,2.5351271528923416,2.6625176168560345,3.056072485912441,2.984241495421245,2.307315820890437,2.121392169191273,2.8576456497554945,2.7998243699472503,2.5403080249300425,2.330672629550509,1.9728734184223897,0.5165655495854826,-0.009349446549913638,0.2122723259927816,-0.6654464115302415,-0.5559931594374878,-0.5863788943096595,-0.5361491478150182,-0.5093303606468255,-0.5379777784013708,-1.2578820959043795,-1.0687795801339908,-0.6756480819488482,-0.9650364987813846,-1.2540071933002612,-2.1043897941405847,-2.151818259789074,-3.0434636009642135,-1.3642132711467065,-1.8364680498394688,-3.724288816102895
3.060316392836317,2.889652612906195,3.500570685858946,3.200363074129886,3.2063092356428156,3.5302384752216724,2.8919504991622653,2.6459942875791196,2.692403014976094,2.8253721996656127,3.5907089621876906,2.7090000877517317,1.6431782957234544,0.6535660823319658,-0.5346035398115871,-0.7570561698068953,-0.5802473951331706,-2.326430943067597,-2.637795666128146,-0.5546599788326599,-0.6515225825507835,-0.4651476005283716,-0.5671109164022514,-0.3701774844429584,-0.5912016634153997,-1.2142225941518803,-1.2237071183448132,-1.6351470651745694,-0.3938227915609549,-3.051149795783608,-3.6246873315803945,-1.478980300911251,-2.0891069519841063,-4.916766944273531
3.123459983844703,3.7498258780021745,3.9270810202861224,3.9600218977875437,3.4850533510270987,3.642887967085811,2.8137363267230207,1.9238684247692364,1.7555332579973948,1.6156878985164913,2.3206441565057037,0.03217005493843271,1.3054825130160792,-0.0635752469626559,-0.5700968735785451,-0.7299981154483268,-1.8627068765986734,-1.7764210398428126,-2.5417209764534183,-0.5830260983542861,-0.800237007101612,-0.7182292665077634,-0.6566898072262857,-0.6666547254931904,-0.6161244902547817,-1.272440588922567,-1.0655119188642135,-1.0602728930299352,-2.3354772852640417,-3.4350879374541483,-4.780088610603277,-2.085977477729588,-4.593626645722518,-5.985829408907464
3.3566095634030586,3.6947901057151116,3.8756705121271047,3.881246963010886,4.126450257287993,3.688307006474139,2.9730359789810747,2.4099945192379395,2.342176467619329,1.5013486638258686,0.6157998586204991,0.25856507718253313,-0.06447623046708544,-0.5602282063471368,-0.4311574463428888,-1.1274381186206515,-2.1109123111698818,-2.254210856820821,-2.1927777378460274,-1.6770311466082901,-0.6279752970112521,-0.8623519596952582,-0.7563380660666478,-0.9923021140209143,-1.3159457122000038,-0.846316939251747,-0.980363325463635,-1.6781506844926257,-3.021878078707509,-4.9343672329195485,-5.052939059360266,-4.1992297152989,-5.969973392988844,-6.562858820540475
3.7189933551884926,3.675579894055163,3.4735897774951465,3.412394209768617,3.371387902766544,3.280412453818024,3.17705967536607,2.6374834586056073,1.7750347393521348,0.9646285469958955,0.6394718958564489,-0.28683260000162747,-0.4655504480624426,-0.7076011596909162,-0.772217649553125,-1.9120185738641324,-2.513279031108578,-2.3980958973304576,-2.0066546411652832,-1.9706155684822644,-0.69091720337959,-0.593292161894844,-1.211066536444741,-1.2993001910324642,-1.286334004510739,-1.1531194032412655,-1.2432790371305944,-2.399300005324735,-4.777863547839459,-6.098117157139956,-4.963132105648243,-6.161573559644473,-7.066489253266062,-6.632960743030098
3.6497658933720434,3.2635449058220876,2.8344637507968407,2.8565131143252644,2.7293812067362637,2.921805833731859,2.8111814658935135,1.9580341837695832,1.010005770274893,0.3895481563026156,0.0767510653151721,-0.4049851864980696,-0.22056219121478482,-0.5577785267668626,-0.9615675238178543,-0.645749253592827,-1.1132637534583945,-1.856802544036222,-2.3411854513528096,-1.5494602563676232,-0.21437114291478016,-1.4659603736372329,-1.2148708052372696,-1.4435965831602362,-1.4817323556440565,-1.4138611126944538,-1.5216121252207329,-3.775896743322378,-6.686312128170607,-6.351556961260369,-6.408683877678336,-6.999841924665365,-6.728968100932931,-7.061114283979153
3.6196952425356272,3.257504008805555,2.7823650162463056,2.531355774185212,2.5217638686438213,2.0381527554890244,1.8052828635038887,1.31102673264908,0.7069528107220725,0.5400492804412819,0.7021296942260165,-0.15063848935612487,-0.2616747656142275,-0.12716350739351515,-0.33251404248985933,-0.7944558129613163,-2.3407082368782777,-2.491373512218007,-1.8950558718704116,-1.9101149928881809,-2.0349398051742216,-1.5097052896873584,-1.7484076184813948,-2.716610294541998,-1.4686569323614722,-3.0653212379562635,-3.092617287163009,-5.560365527119155,-7.572499603230489,-6.08213631039048,-7.15784267545116,-7.818871256031147,-7.174991131878616,-7.339655273436414
3.4292086940550957,3.108908415281307,2.84242576340336,2.361800645827667,2.1447251077167686,1.7154696483534715,1.3600641360662595,1.0513529232452001,0.6566091021876753,0.6170154105025514,0.453131890632976,0.22445156901529165,-0.5776929344244477,-0.8556789449741989,-1.0624143835509305,-2.482846772401364,-2.6391792059180785,-2.4255639007391627,-2.2185783264006256,-1.8114971057398983,-2.2044845347820714,-2.552924929018984,-1.752690822239374,-3.262285994015388,-3.770163844127194,-4.311362246627653,-5.63641152832719,-6.930207107974118,-7.947931149371038,-7.536920814857964,-7.722781008920405,-7.421884739880968,-7.018646362754765,-6.993935023941962
3.5332266088450077,3.0688621175892825,2.707346960227827,2.4898468375956333,1.6778245909484277,1.611963857559655,1.712785507542606,1.4481789806172913,0.8636822019374324,0.7995373975594764,0.5030359875280408,-0.05918826692832301,-0.4949275311160137,-0.7059626135330122,-1.594752040546788,-0.73322774873483,-0.8383209051652885,-2.1018932175476652,-2.2497717609585135,-3.1565366246732545,-3.452975683561546,-2.8250411101346584,-2.4151531931287606,-4.632772917629138,-5.193929079029337,-5.540324637856904,-6.348318763550639,-7.562397577139328,-6.948858154553576,-7.847971576848198,-8.73572076704701,-7.142571042929284,-6.97986722068017,-5.8973028819777475
3.429796336010682,2.8137381526334178,2.7900866948389464,2.433076682600713,1.7845976710916474,1.4886262874623686,1.6003924746087228,0.9869233206448437,0.8789957676519222,0.6364757798733733,0.3469541562273476,0.27602392625712835,-0.6763482628287268,-0.6531167659778699,-1.4078682943504042,-1.3254072292775791,-1.9250945720235413,-1.8260376580669009,-2.5359169693663515,-3.955392107989404,-2.577452921973212,-3.1926058365729366,-2.8918954965007404,-5.272742183699228,-5.978682621283083,-5.923888911046517,-6.79629810290107,-8.237905602698241,-7.96840001745252,-8.010374235346609,-9.033039706274877,-7.3929552901529565,-6.324628743008859,-7.519014340027707
2.921360152372389,2.712433521277558,2.808746573639375,2.6969560466616302,2.2857988333484442,1.6764972814669614,1.3381766238543202,0.8616235895168326,0.8565709424308158,0.81702799781405,0.4702544708382463,-0.1062901445484554,-0.5618650592916382,-0.9809232522209603,0.9983538994140713,-0.887525431863718,-2.2815648154382457,-2.9918885472206496,-2.45568806221384,-3.581949515421972,-4.631937971193977,-4.863038832385523,-4.93973062854684,-6.65742204857359,-4.096380682547416,-6.414760926725057,-7.267516659268838,-8.691977223575398,-7.991212635418955,-8.414096734459216,-7.87180109151409,-7.466775435943293,-7.391447537667819,-7.7231682650133315
2.515834213648088,2.515411509391657,2.743797203787813,2.5680185364363672,2.2970764380211617,1.7367841025307107,0.9693564964021795,0.7010375000869429,0.6756272288610146,0.5503281696657857,0.3706442757663728,-0.028822557257117912,-0.6324332302648281,-0.7884727007620284,-0.6003739671342867,-1.8063948481154495,-2.333533796140448,-3.0825651926938873,-2.6535550686848897,-4.906989232308453,-5.531480011298975,-5.703048158964384,-6.4839196270168875,-5.953135967031868,-6.722618265870602,-6.820703722747936,-7.903196640138765,-7.76927054028769,-8.344660792636144,-6.012801526766878,-4.772855023133228,-6.6117948929338715,-8.616674764270073,-6.772713794660334
2.4715424751154376,2.3393799921560268,2.2901151551858674,2.40639382658572,1.9128836420677418,1.527061871643101,1.00473771136297,0.6814083503715159,-0.05033768361951434,-0.04784534064211823,0.2642037709971422,-0.22427834790342302,-0.8758538073287478,-0.7505213863760235,-2.067444894134768,-1.8426727436970376,-2.2213509467887467,-3.233639544745671,-4.169156036420595,-4.898152076831782,-5.2369676514408345,-4.338247343842738,-5.813943987695333,-5.987843913578241,-6.681949642343044,-7.181794685331282,-8.176269848496629,-5.262662684373553,-4.161995589748493,-5.045674974414031,-3.802023609016594,-4.924288392503819,-10.15762895651552,-6.5515153197235945
2.536509873493524,2.4301317739400194,1.96002148810624,1.7666137734387883,1.5664535522805438,1.1324421292697908,0.9452628946433973,0.47784781752236744,0.06146960442346384,-0.09540953882216263,0.20526777987527603,-0.43129141415078204,-1.1316476925743042,-1.2549255864324567,-1.5357013752984585,-2.0626082855541137,-1.9979748835161637,-3.297040300583368,-4.491483858063764,-2.8656559228913507,-2.7391388615941423,-5.1439736323876515,-6.145284052495854,-6.9200608382180056,-7.128610008167603,-7.756355635417573,-7.559835860302517,-5.210347467720493,-3.238610646860438,-3.2061358812885654,-4.250517920594002,-5.481923139649532,-7.164313426449022,-3.9967338424324814
2.1615879742311956,2.3350362020497064,2.0438153401039734,1.6566625830602193,1.5288716093461725,1.2704320748451972,1.0736503395446866,0.47218543737910845,0.013434561908693602,0.3668199291680014,-0.4944551622948388,-1.4062682762089025,-1.1019607776917506,-1.273511767910551,-1.5590666304515237,-1.8441728718415873,-3.2086032461727267,-3.1270646818475063,-1.8704449593894665,-2.606283464057018,-3.028780455427241,-3.875931543163369,-4.7446414772398064,-7.154878374636916,-3.8694927588918366,-5.507813320273236,-5.921339803612654,-3.9181625667927884,-4.41629122881305,-3.524615893216611,-3.6117024323752744,-4.684757603234136,-6.1674302875837546,-5.444773929070681
1.715672248467666,1.8787536617100202,2.096699933572004,1.6641709131218,0.747544525732089,0.21397643027069743,-0.004655009447917171,-0.35356183708263395,-0.5691651528025798,-0.12011367368404975,-0.28551387150895774,-0.7115018237857245,-1.132959961594046,-1.5179408445039506,-1.6427903342002192,-0.980337877504472,-1.7993243267337578,-2.0033000769702927,-2.4141367489206287,-2.3224902774865095,-2.8433817039619584,-3.350696886156208,-5.581940011265708,-7.275897863374729,-4.362948364048338,-3.663577055404765,-4.720300569254937,-3.6049462654229467,-2.857282110505979,-4.085473340289266,-3.7336878369643887,-3.6939944005150114,-4.390898829978659,-3.422174896669475
1.4994118963585683,0.8749315134199025,0.6342344112614576,0.5110266471664697,0.6774776278087036,-0.1977319791341709,-0.37742891141361784,-0.2793877324823283,-0.5297059190973289,-0.005222760568216943,0.23371577325038406,-0.5538395311106953,-0.6958922120679297,-1.0372711261863532,-1.5301005065009103,-1.742429075273785,-1.8231802268916633,-1.9008136612935036,-2.5630113888379267,-2.053563988353765,-3.4793988193729652,-4.497148345661826,-3.4198663780744067,-3.08945315839286,-4.804785051858278,-3.8232478889315087,-3.185359582393173,-3.0816856071201273,-3.732185067253495,-3.171012848605152,-4.702277325610541,-4.015594128937764,-5.36609813016132,-3.9465886864003377
0.40695419254738313,0.10988971072587887,-0.06199187289115421,0.33071078119655767,1.0181312780472107,0.23474806709255228,-0.20433665764955616,-0.5691677850738717,-0.6917739181510361,-0.2635780145410863,-0.4147718837481002,-0.48207889789328107,-0.7347264246166834,-0.8560624948807779,-1.4349328920243911,-1.5444100056921886,-1.275606237532266,-1.5427363950977144,-1.856321141749988,-2.068070135180993,-2.469161517182225,-3.291508941378577,-4.187541114467306,-3.2577295013558327,-4.095796121132634,-3.347565512747995,-2.703446006052369,-4.474944830593843,-5.216135548986057,-6.041597785018388,-2.780601283923402,-6.070781087726107,-5.27314296215441,-4.934080523684485
