script/wind350m.json
{"header": {"parameterCategory": 2, "parameterNumber": 3, "lo1": 3.000054539987559, "la1": 64.9999836372058, "dx": 0.5, "dy": 0.25, "nx": 34, "ny": 52, "refTime": "2025-12-10T22:00:00.000Z"}, "data":
[rows 0 to 24 of 52, columns 0 to 33 of 34]
10.473394446990287,10.499133816801313,10.112273648322958,10.005666086892909,10.017663683318817,10.127891963565604,9.51524056726951,9.101884138810387,8.61468341283301,7.780804022453408,7.370628663797478,6.504552067040259,5.232516122164952,4.526681912652993,4.159565653435514,4.360335804383086,5.148425133546784,6.0863157752361685,7.72232126771481,8.279730881330037,6.25112878252038,2.324577075676551,5.869599565665455,5.600486433892136,2.579863862725267,-4.739460516113234,-3.83389817162083,-3.521534957557384,-5.094038975549946,-5.542513248181097,-5.559849701485098,-5.678307253388072,-7.110868673887548,-6.8777718108270935
11.950864816478465,11.945440795123428,11.795822831650778,12.176021154852407,12.325845110657113,11.58846754710829,10.872355365688941,10.455043266975887,9.237929952806454,8.665844536649912,7.633394107438692,6.361744800709002,5.688353871901708,4.634855813640361,4.172054383895712,4.274230175240469,5.178644546731042,6.549130481145825,5.493391586585543,3.858982002233784,8.881773931924625,6.928508755265673,1.8201314666434691,4.876630785813303,-1.6229307105094164,-2.2359494824598305,-3.7213891957451954,-2.6215685975604366,-4.1686778106562015,-3.1325956628641385,-5.354684889860808,-5.366357706539413,-5.725436388935619,-6.993403388861153
11.205436234061226,11.865061804573498,11.540285326733208,11.814105193858971,12.43746783704661,11.885154698211796,11.26059980329141,11.372554832207332,11.415851115335661,9.414491303538828,7.9597217310486865,7.101619814515294,6.596752768130203,5.490022150713221,4.089109764199015,3.4512070392581387,2.478761450008199,3.953291045698835,4.9625926700471545,3.5794840152941716,5.887889929863359,7.430185861869693,7.022316316500026,3.8514995180553853,-1.0749224727704754,-4.325866715967771,-1.8495984952912594,-4.412850512154137,-3.7650373045763637,-1.703130907272872,-4.57619891357816,-5.703436616635178,-5.6175737901674045,-6.250098445698978
12.373403898558026,12.259242005893713,12.297174762326614,13.07304128206714,12.705250879738609,11.996997320202766,10.86960616480278,9.405371386754858,11.181225645337177,9.454121386458189,9.779678278321828,8.899200945661228,7.063270877743804,5.735004699608025,5.068940793470783,3.980826099938225,2.6636339969241263,2.3476155448307234,0.860074212412445,5.036151577094312,1.1209364440346294,3.145708963921385,3.702121004534785,1.5826476293762746,-2.193480555108406,-3.0609887676622693,-2.87247220545051,-5.127284840616017,-2.7167399902977505,-3.5008733804452596,-6.197399741502401,-5.583198613142549,-6.773279237720733,-7.203990596750016
13.018315894191929,14.158039749374396,13.651638649208461,13.267147779851628,14.364319304932065,14.191663953764088,15.061176069475696,12.059450052192894,10.885006370530622,10.146803465758822,8.405043930445904,6.77439651448168,5.7072022754054395,4.1805404345155495,3.262087995834488,2.944012878862535,1.2796024101770218,4.129127896959155,3.9136775523407814,-0.10874526200725657,0.6572848361206126,-2.9634040518742952,3.1978299797576035,3.2983058024719694,-2.4681305358358494,-1.8808888058590516,-2.3166282388577755,-2.916482876239965,-2.6420568300343867,-3.197368617723008,-3.89908859377076,-5.002163423808556,-7.228329074331351,-7.486970669993065
15.674295563341207,15.893288477847602,15.348620932507396,15.54729255860987,15.02579414873225,14.653276383277625,14.739886287739001,12.405647690914245,11.278283054357894,9.669536620692867,8.580434149117613,7.153729941837907,4.7784884723158125,4.530205776328366,3.523847232857101,2.6225133823861095,6.0363059715103,3.574030234571214,0.993547733156071,0.38443659524962365,1.3202713079452275,-1.4925217100717005,-1.5663798837401717,1.0277780966880197,-1.434649422634532,-1.67511570285731,-1.177035271704639,-1.6033386626525195,-2.571048328352166,-3.1190383580232344,-2.9197936534456392,-5.4334008026341944,-6.085385307319212,-7.227113408839699
17.306466405379567,17.391748523702013,16.858977250441328,16.45977739542609,16.91497156317068,16.332740823047427,13.588424339542598,12.012905045239908,10.622061707690772,8.344833661164756,7.950521976723338,8.019475364954078,4.781808688390679,5.25217002166714,4.8714056320626655,4.7793918223995995,5.389794187747118,3.2559169146271314,0.6116035308728391,0.7625407092551131,0.16531983351843266,0.18165890955828937,-1.2293543882234135,-0.41412772277114485,-0.036252001766403356,-1.0793856692538726,-0.6477393871276143,-0.02202272679398188,0.11503557937822316,-1.6436608930621877,-3.4381280141855464,-5.327483465498003,-6.3691305208032745,-7.0071257213744715
18.2161106461377,18.695797478603666,17.82331139214267,16.91312104766526,18.920737836671723,15.430711294913015,13.953515770646105,13.162596983721635,10.920128872273082,9.231364564410981,8.419871361537709,8.433417269411647,6.223184837864674,5.1688235182920845,3.922487187777059,5.618954117999413,6.442062048193262,5.140426635545469,1.688838835205341,0.9565285114116329,-1.0067765095151793,0.14071442560419373,0.4769743826256822,-1.4965186259449856,-0.9520711926214538,0.27062844851230006,0.9690699428645363,-1.3748046839312194,-1.754602260315491,-1.5384992160587814,-2.884384075967033,-3.9687661702447263,-6.435495951198452,-7.909132717539749
18.62743820641464,18.65569441269586,18.939299870632833,17.14684676843682,19.31081060164025,14.396471072353389,14.714693841942353,12.202018243102737,11.666842726441546,12.057317710554516,8.074164344340177,5.61069541534782,5.463312875516679,5.08356482965801,4.882096362447173,8.29700907002078,5.679978779554536,4.659282398670767,7.17684419618371,1.8697928896961382,-1.6923071256362476,-1.2592451145157417,-1.1928503047869878,1.1258487035559062,-2.943095633582875,-3.5938008316622443,-3.146918616253507,-1.6243525742332818,-3.5766655093124227,-3.7902890491892167,-1.6369585548694268,-5.376230181634345,-7.20659404099464,-10.656075347371413
18.834442828674927,17.76154300812934,20.54058115913764,18.970902399234458,20.70942890330964,15.955742039627411,13.193528992483458,11.661652666948322,13.357948680452616,5.792490875114437,3.5210248555873767,9.27511142524535,11.122759416808284,8.286368521704052,8.06866983270075,7.056291011098818,7.822488965003784,8.66692209530665,5.113819566856131,3.234845661194865,3.8319918827932815,0.7119803127552526,1.993291802147052,0.4434982044593833,-0.9721865528351006,-2.537468446965635,-4.2593761990467485,-3.8126245646927295,-4.750737996570253,-4.0330200497594815,-5.330461254433539,-4.851134891805833,-8.103335171636195,-10.393163089160852
19.192862478365132,19.667105787723646,19.457092376599356,21.286166647387883,19.869153179615836,16.255309961719863,12.89591894118192,9.804571939148417,21.32640079033742,15.43944411646095,16.473297110884914,12.728226863856861,10.535996464877654,10.79629485583588,9.174144905219002,7.3863993198490885,10.499137652750884,5.4129743203088925,4.024405435721023,6.769419477906324,6.429227583431745,4.379605856507959,0.7279499089009501,1.2655593665476643,-0.3212374381806663,0.6141739403254317,0.268202159882728,-1.8034333413512433,-2.527642368045121,-4.185680857999628,-3.389394687491034,-6.281332450312973,-8.259656545401652,-8.380671677854146
18.810323260583527,20.011870758330407,20.038742151357933,21.30522775232093,22.686195510159788,13.729413238569904,19.559413553224214,14.650548007143616,11.532819567010169,18.10106745127267,13.703336425053635,12.257581441612594,9.842391331800874,4.205102175502181,6.179820494093353,6.532963584480132,8.282812912770746,5.43914134079196,8.748737599123599,5.4421785006706305,6.600339139158017,3.9552467460549243,1.800260564690544,2.3774126441237486,2.769456467014662,2.040564954987941,-1.2369119331794152,-4.303319288572932,-4.016749700111051,-1.972260869287238,-5.574348867312057,-5.3455230310280335,-7.151219730006284,-8.869059251879351
16.554792963797627,20.124960884569468,21.548190233052186,21.336045162408567,21.183924229765072,16.412686346545627,15.892817495591379,9.468993204187854,13.061893110426267,17.323196954099338,11.676263196685465,10.45285744265332,5.2041979986271425,6.366738438242067,10.101821891302686,10.287986591647408,9.143349586182975,9.362459652705153,8.341524115118615,5.526349671856987,6.564572849626952,5.388045962619532,4.099886249633045,4.26108382977502,2.605669749798835,1.511266531019018,1.8682033013489756,-1.0714256767829742,-0.7583872156996475,-3.289265258723282,-3.894171444826586,-6.016433100290182,-7.155970366394742,-6.586213809099564
13.771243241088126,17.649978893850548,21.538974944553562,20.575210903387678,20.682228009517512,21.736044370111305,21.750307583455236,16.726370022205767,19.657635555146094,15.997296534209998,14.376501297395507,9.488403755579698,5.008725384532747,4.950175835641503,8.346830489625166,7.115244073424344,7.03770699404794,7.156616558168188,9.114494325027845,9.425218095299153,4.210375966639755,5.840011605285061,4.715344945636004,4.649860043571538,2.9345898861111963,3.9370021124121277,2.841784338285892,2.2649730399460313,-0.97304625679459,-1.1522556041140377,-3.2685374959642433,-4.7176158125664305,-6.6565187179454615,-7.274861231450384
11.61857768560724,16.94774607255487,21.025965666707386,21.5521187266119,20.256036176525743,13.58102174604446,10.166383365417692,17.53043869536845,8.073307833193097,8.710873665659676,5.4353657801417885,5.139108044098829,8.799590164364758,7.316811679048411,6.843331850304605,8.238787313669661,7.782622823145372,8.748286131285639,8.474460072497592,5.885517397267406,7.505720477999224,7.790162218385633,4.458462033499651,4.870118274998724,4.811943594446107,3.8289204193423707,3.3346352828249577,3.5358840713767914,1.8484497354659006,-0.15117326890577204,-1.2112247280721986,-1.8986981621452472,-3.3686738552988222,-3.9810033844963004
11.84829151717345,16.249953514768883,20.752577965081525,21.26333307926537,18.59555877027469,14.109680379482823,11.297365897201502,3.652940181751566,8.01002479109249,6.759249710774057,5.577040877661109,7.562268267676397,3.5970793100985543,4.41046006873454,5.438264813410349,7.013909096186123,7.782424340148043,6.737821629454796,7.811866899810725,5.854179246837266,9.653914742567288,6.005970636225224,4.050626144063175,5.899735394062312,5.485575017843014,5.45950222361125,6.735307190858923,2.2006623693785565,0.9189462130193992,0.9192701955258719,-0.26319078007515484,-0.8400699963300852,-1.3743863450132936,-2.2941037971887526
12.455237775956533,16.446323546998485,19.655964894033428,20.451280436029517,17.69225259991868,15.119811922246793,15.939532608873384,15.12000223560103,6.917183866997537,16.57736334169488,9.011823721890172,8.12025666291107,5.764319658430164,3.8729267735547883,3.7930124620614274,3.263870513589413,8.154284546602659,8.190646270310596,8.689116932470382,8.46295872110668,7.531636779319917,4.565890568778256,5.764517904689265,5.974517573512109,5.631611587087833,4.612339361958436,4.3795362430379265,2.5243432106108967,2.5138037782454847,2.332965348683656,1.0824380846323998,0.4058038526988673,-0.584871551658582,-1.6750602821300442
11.952017355499349,16.884238253531322,18.828712429801378,20.669638761887548,14.802889172782848,12.237184682979636,13.596209929372275,13.062668353050931,15.732660816160234,11.253330308525207,6.712187406071251,4.867596057965663,8.954408760010493,7.715279933420522,5.977461412403526,8.3499335719507,1.6992559086088292,10.263714465759607,9.540498316949714,8.450648303103502,8.646236163368323,6.106873865476314,5.062711963365625,6.104992824780233,5.097351250749174,4.272955609511902,3.7326751517221073,2.8070875325078206,3.527776545576067,4.031002626398962,2.8680802460106114,1.7406280596394548,0.9990863426033653,-0.345278935469974
13.772429466620212,15.086045150546946,19.133308930563505,17.17935600108817,16.642407614781668,11.327683238983475,14.29804466237257,9.428409766517154,3.756494781040924,11.386246445453457,6.001729509595988,6.177975007376329,7.129686281900073,6.786686600192838,8.173071923638744,8.922616449964279,5.93978469559478,7.478296469888147,7.991522252344291,7.6103229661468195,6.743172480327395,7.454758414728756,5.469558695677663,4.07695977576308,4.138640175220594,3.9901400936534483,3.8771850005481534,4.686518579907419,3.8516756475605076,4.5670123155500875,4.636559763871037,4.212859987321063,2.6694760947692484,1.5647433909568342
12.612834839550223,14.743697517002046,17.756890433130238,17.149326594634754,14.681192685891261,11.559479054026573,8.869624881724379,8.043206908305859,9.670606561046462,9.81799011466452,9.116407949110517,8.822683044559568,3.425880023220917,4.812125808529149,7.022696715981121,7.014983536285135,6.972419501170323,9.133115638628908,7.278305477994083,7.748587414272864,7.806106306001713,6.384779444158373,6.949732771286442,4.850122069892007,3.229833122277519,3.295006566173638,3.746639202123168,3.313432212822518,4.5937259753560005,4.825804920275504,4.977856401436963,4.277900645035852,2.8843931428927387,1.829223160827603
12.348465393331967,14.29423358842898,15.55315800287221,17.36541215873702,14.21405588444964,10.006163265118627,11.297108812510507,9.247444113108989,11.352715037584112,12.02051386765715,6.569934501145887,6.232559094294696,5.695422430155619,4.840352606949158,9.05183128927249,8.375095282040027,8.44779646490576,10.268576263230392,7.773332809470971,7.600021513483086,7.231824307360669,6.654995162217631,7.517626064853459,5.6799442816595125,3.8931808610873775,3.215174239059304,2.6459996860852906,3.903950121287526,2.589826167057809,3.666515311111119,3.602508928310545,3.9366952308540775,2.928141395460816,1.9401775649224298
12.4432150629961,14.69446555284734,14.985586871903065,15.297802697048379,12.285678586979872,10.112584242040006,6.905662071591343,7.598618634840407,4.94594800160127,3.6820056047140266,6.10847632761039,5.077938633704646,3.5621749809778605,6.6851800228271285,4.204563049156107,8.46894708385269,9.985594223981945,9.149878992483117,8.95930164552571,7.205692754535967,6.1885636368901675,7.47315862886506,8.255516798653018,6.442134283225215,5.4613577983108685,3.729269554402555,2.1281212567461525,2.3954188646914236,2.500605189577836,3.3212782436797426,2.4337594197096,2.566494684790393,1.945169488873758,1.966387682879333
12.514709051450424,13.49083050304429,15.798342625831838,12.419019478544792,11.564614444351463,7.99038456002743,5.422179594655564,7.4853477637574075,4.455724463264359,4.214366075809814,5.309015797895479,4.216334756888403,6.321996209971853,5.254048074925669,5.654891166352318,8.557995639057184,10.06455006856185,8.560445762477979,7.301176919153253,8.421748625946687,8.491261988194758,8.0524081231554,9.9950100780758,8.20759789443052,5.704668925484065,4.347188022609279,4.332560816490304,3.271780769378763,2.868545934248647,2.6043141861761154,2.8776985866410714,1.4089300453835354,0.5052426435048651,0.7537308511685695
11.85550290122869,14.876940139937783,14.111123386741099,10.437275601839701,10.298409528070017,6.949296593519934,4.267603685924194,1.5862886655459654,4.4365145141145526,1.9964495760999499,4.284493460325024,5.054051854953873,4.320972712415176,4.275936073073919,7.441958793960514,9.698602015885792,11.267204060601948,9.631624219273258,5.397401373878622,7.991192672022658,9.608607950438245,9.964018247654275,9.396262943250331,8.048089785345805,5.6042434993728145,5.472189122087743,5.192445902296696,4.871095119647674,3.1880471801666452,3.2910213735169678,2.3887157218060553,2.0759562939898277,1.5106138349235416,0.6527712492568369
12.338623674681775,12.429782411563764,11.986746812016131,9.4419548036624,8.909459182595727,6.824553975025483,5.096728260950103,3.1582924405342276,3.1740451413750255,4.423660844904487,5.649328591396367,4.533114175236989,5.0883159143363335,6.485369392417427,7.976182787291896,8.220186975339292,10.25281463177983,10.470456839911241,7.053667820792909,11.679722911777125,11.406311889630928,12.426611994516568,10.816692232545098,9.515692428824455,7.8807322607524055,5.990959023262895,4.617866054886017,4.024111548600176,4.80110498956021,2.916264991912941,2.8677276550708948,2.2400036813586954,1.9751013520824994,0.8199419587960987
