script/wind100m.json
{"header": {"parameterCategory": 2, "parameterNumber": 3, "lo1": 3.000054539987559, "la1": 64.9999836372058, "dx": 0.5, "dy": 0.25, "nx": 34, "ny": 52, "refTime": "2025-12-05T21:00:00.000Z"}, "data":
[rows 25 to 49 of 52, columns 0 to 33 of 34]
13.840286985123626,13.34496188569523,13.05285558022996,14.117444368130958,13.305868796208925,7.045288337889874,7.832597860745125,4.396300870211326,2.5229483934026495,-0.22740939426180728,-1.1153481542699066,-1.7730681610284806,-2.1043268894590836,-0.8138128566429674,-1.2450643265049812,-1.8465967932507543,-2.8171416423448328,-1.3322178371311288,-1.0973161894398178,-1.336552178182779,-0.2437253489426495,-0.838959321570141,-1.403082997185407,-1.1639453397350468,-0.5331463890636687,-1.4525311160611292,0.4049389142217024,1.785835287812519,2.004072860215784,3.225604258424174,3.7272732550394894,3.770433460356315,3.8041538666914967,4.9883295505844885
13.306131615849463,12.66376547140148,11.822700352810584,12.157582294522282,13.852264406789358,8.962562616629532,4.281371386910135,2.7763615300180926,1.826438807722583,-0.8894532155489592,-1.2050312295481909,-1.7819448667880702,-2.1971012599148776,0.6641886778351467,0.3957165256281359,-0.40355786925993203,-1.1695532446495258,-0.27426587731335567,-1.1060590586499819,-2.0782305592519204,-1.2416462195466835,-1.3164536582793143,-0.8001540941703827,-0.6625367756454182,-1.7108558752216672,-0.03724482631555911,0.5538245951930236,1.5283812096043774,2.5945317577072293,4.0120793149436205,4.097939344349022,4.194328088772236,4.2055053408621745,5.236618752045893
12.667492766616785,11.52718076455726,11.761367265243665,11.213059861582659,12.005148614486929,10.975433980366638,10.370190439497541,2.354384927155099,1.6906661609650344,1.028353160290366,0.6972077007140203,0.28968504299187187,0.7273199911040548,1.6378478206599645,0.9488340283044144,0.18080475399794999,-0.7669169690173803,-1.1842831206180353,-1.3475315648569874,-1.5656717080716616,-2.0352967360840903,-0.3500773046929239,-1.2998529592193662,-0.9481754753286828,-0.7425650701328357,0.20149758842462975,0.7640188043646473,1.9373760985941446,3.4845948771978885,3.2825265640866768,3.631369791117489,4.642640708719589,5.4983860093389,5.581809972127993
12.167294258577842,13.49687602831465,11.468039564792463,10.256879701285925,10.55514150339472,9.675305467092622,7.456766444564869,5.935657985198935,2.2326465880071056,0.46249869566611324,0.1661878325722448,0.33962997607429907,0.972847852931603,1.0716148519295603,0.9302113253378731,1.9870309396981194,1.1001844918740975,-1.4404311547490969,-1.4233621836791877,-1.0569575528514716,-0.13446769344298926,-0.4253192725898189,-0.8167974335233401,0.18390745541908343,0.3839780290288486,0.10354409828984414,0.8468833243794766,1.9698571086158216,3.8180863422937614,4.37117926586861,4.226593462720225,4.2982670988576155,5.665839729668349,6.568073274916318
11.683247609698093,10.60303391876737,12.863493411827497,9.95587803209907,9.21243870679579,9.653125755945927,7.540977280355201,6.757879346657333,5.4769908088929276,3.9452405226768534,2.977674865483833,2.3480264753785858,1.9238138251139087,1.5588886509824214,2.4445953683795736,2.11845082061084,0.7805705357666942,-0.11070481199046224,-1.7716648858264303,-1.1113268506292031,-0.3045740871721678,-0.2750423531169239,-1.3661712526085552,0.05283898033595249,0.2429247388307174,0.8975925162482986,0.9503292935981782,3.700982343105916,6.042582959230656,5.420880039185638,4.784990850123923,4.982251878141093,5.937105143636708,6.442012658432267
11.303937165102365,10.797505288403812,9.336428123113935,10.295212353020373,8.962583048237061,8.516903186938787,8.086912957350133,6.562406045720983,6.44455807494744,6.723296535356202,5.172717844167939,2.9878025925517484,1.184547844604803,0.5057481485417374,-0.07542355829194335,3.103945009014421,1.5064675884516197,-0.5991257818922469,-2.0671528944926725,-1.1241270598301447,-0.7273879774519516,-0.8623792559596362,-0.8675675800882079,0.25698112557542696,1.5377134463944075,1.1651170079131856,1.8929690147855271,3.442120507871236,6.335337172304964,5.5102373260013255,4.571250579997538,3.7024717487063543,5.839225037603561,7.3520578384681645
11.140936436936684,10.391361489905405,9.050123696974012,10.74993429627721,8.775260992395483,7.668222271662816,8.100573915973635,7.285216736583702,6.797836450054625,6.379478892534431,6.149922521682703,3.7926056291126793,1.4695746893130228,-0.8331336482965921,-0.539347950569761,0.6074448514193239,-0.06971870322816552,-0.3937520988042452,-0.21790298105683242,0.895936518380801,0.36059463992385193,0.10350545852038746,0.1489487242978313,0.256937718252678,1.7493429216286294,2.05942818572397,2.076918184947188,5.325616068413721,4.796889193256154,6.736515028495673,5.853665665322227,5.135479803291382,6.7900686195779825,7.580239214459507
12.141023720094159,11.271903714989266,9.319339920976285,11.615782285368375,9.812670570436081,7.5214513123212,6.636048737755174,6.916047933561144,7.021928654760703,7.243176932203864,5.71962358502708,4.144684970997448,3.4236181724722714,2.1265847845192285,0.9688860070078781,2.7394444254080343,3.686891763295383,2.432219564364476,1.146778699229985,-0.7151881496771438,0.7328759726455586,0.7885120074043804,1.1476541854179014,1.166881303739888,1.8775702118188144,1.767629956867456,2.124135619707955,4.4877881449852906,5.493567348324889,6.973627324803812,6.759099536839581,6.937555064583619,7.999681954506223,7.753322213672079
11.670381516714611,11.502157710785772,11.626990659543246,10.74800370309724,10.962949795692133,8.516622250967448,5.492087374474747,6.272808208500067,6.587111768773431,6.597451963419892,5.469964804128469,3.632577815425497,3.6737811612673346,2.613424854728394,2.414700074635027,3.4890272977363126,4.628561540358862,3.885813738526207,3.507902771289344,1.8503579244316612,0.8082902990924167,1.3346453944091454,1.1408222067047953,2.2656884235594186,1.9463581411947155,1.8641614327369735,2.8659404090478215,3.713154762896105,5.86792999590724,6.973964397439699,7.493077493131055,8.10470356453966,8.531179026707765,8.768094928883592
13.170948678803661,12.836548331889864,12.424735280687973,11.43271143834743,9.876246520916409,9.239269505888803,8.0472077157701,5.918791276265209,6.374035008107412,5.96732994524613,4.380822214011589,3.9586078443759916,3.2111198808151076,2.540117726287501,1.8108604968808328,2.519982686806756,3.5965413700772237,3.9428169256921324,3.406763753706307,1.7409795742620753,2.0184430515510132,1.4155080581971975,2.1658686187110976,2.4856833309886484,2.47914899054072,2.749873021312362,3.82483539374562,5.174540490268392,6.293711012083291,7.257770136955237,7.72843252650445,8.82485685694262,9.77947662667563,9.919225739192466
12.950131977715374,13.76791899301615,12.609810782252094,11.079101817569025,9.881300475005327,10.485484156556534,8.635411923164419,7.819941901452572,6.184731956770528,5.515093196810537,4.541298714751364,3.2590247293650343,3.5760602603706406,3.1115337227572315,1.8959839639777891,3.805723157104309,2.236890088851078,3.1555888123496048,3.26756650937822,3.219319798149986,1.2645156221753373,1.6936962266127629,2.504351704959059,2.773672209947838,2.5543605671116416,2.986013661252973,4.815171530890603,6.132235728793546,7.479292544511931,7.625731770592328,7.797602448109348,8.725434781872924,9.649155788665277,10.17915145972074
12.961716978215142,12.338732305696862,13.233692121901344,11.823756361314024,11.195460082693419,9.558295720630955,9.255699409254445,8.500280767937175,7.831546169513263,6.614636900443643,5.263012858283389,2.7038607129854966,3.4660614942511754,2.809487323610425,2.876199808065755,2.5048598369915567,3.9233718831656073,3.9119537310463324,3.4235982077696785,4.429509969489439,2.930521886705077,2.210171836026979,2.933761218768874,3.121232436881427,4.022742548471489,4.97813694711432,6.2036605375172496,6.291970528879841,7.200294731399233,8.05100686897675,8.458769845678429,8.852883965934423,9.552561379658007,10.367982199144551
14.319096129123446,14.632940371364413,13.13743587906448,12.398958299092085,11.147242415062028,10.15317111338887,8.771678771857442,7.718320470954185,6.25849076540402,6.2850976085582815,4.139786460901575,4.48470804315478,2.2139710234872676,3.2474518152619356,1.6227821174685513,1.570650235122942,3.4391069049788245,4.522797283069235,4.284493498127762,3.2031825415101127,2.737691769419769,3.050395680041056,1.5917029344374183,3.914304950261032,4.6152231359626255,5.840679521871888,6.794174140943745,6.96465693552894,8.320987395480511,9.218926048446031,8.661420095602223,8.013419634947152,8.40753611381961,9.598482355999653
15.6143009008553,15.072101707285777,13.378130612464387,12.565000913201363,11.493030490678269,10.710946968709077,9.099556219903581,5.7820081341593195,5.69279080828408,4.91527140052383,5.043139397586561,4.713968355881246,3.0975042908583577,2.0346543880043857,3.1876843353130475,4.03640412408417,4.271193942496489,3.7013434370956784,3.801110277602346,4.513506601026131,3.997852089649367,4.093117113758179,3.491227267123833,3.6301749503411544,5.428217961650449,6.778063308091909,7.824403649687049,7.694466055919162,7.773684752816843,8.531559736003308,10.258656823274864,7.871241655169612,7.907481007695141,8.387483685871329
15.69994224754555,15.126340954990752,13.263572071466434,12.505652938693041,11.92299069825656,10.309010523593209,9.803623187441733,8.921965826540804,6.908479405541889,6.0381768427590465,5.610765705382926,4.6859071706733175,3.9436157472527773,3.617696284319259,2.060546911707431,2.3571757626946184,3.843144485322767,3.3065196312789342,3.181831315866406,3.979885933016503,3.9701269775446506,5.3059602703161435,5.538205420851106,6.347187530152283,5.671950306332108,8.096579423900113,8.10617016451291,8.161965208964007,8.041789886412783,7.279354630490199,9.173756240281255,8.44959747772832,7.952405375907068,7.060896850384274
14.890354528968569,14.953208086110676,13.751990552774108,12.783767407409078,11.897149471125676,10.982048422606587,9.305243174854333,8.502895129484628,7.762289574718296,7.504978992379123,6.9752278933787855,5.2356083355258685,4.684457850636087,4.508374934611148,3.3782358255191998,3.8974085181111424,3.948997501025459,3.6494533008153303,2.6053088669503883,3.0992943784406815,4.350373832250875,4.835537069123889,6.7001507073835,6.5580785774202965,6.5772806886154775,8.346803363888522,8.26449037132633,8.285677959703317,7.257600473223195,6.944607742847338,7.563765846316402,9.313698661407289,7.515768766473369,6.616111905069238
15.03275585473485,14.682511794964997,13.671720694064096,13.160203651814234,12.500993610749553,11.171261914581741,10.379725906081006,8.944157617035607,8.303387983541683,7.077395072402594,6.9767336469309456,6.004959624884435,4.581334157267945,5.574144911892885,4.130841629276635,3.1176962323440267,3.9437879531170443,4.376221124885455,2.8258691109088425,2.9172260465156086,3.5087800235311777,3.6634928934698316,6.020022729973377,6.960285436404073,7.339589284316273,8.198255664294548,8.302947785870083,6.612307251302598,5.750694819690768,6.300842297598707,5.769378761062108,8.20423778068899,6.768666697722471,5.377656709711105
15.432036698037633,14.86006258786324,14.122251097969896,13.363007888170669,12.879002975279597,11.999836069473092,11.511600655195021,9.796120105027837,8.770400255557542,7.595891372497629,7.652649185305958,7.211272848505251,5.452589923103643,5.100335979233043,4.934360539041553,3.7165371024018308,3.6082420891111604,3.7459348658319334,4.285578332662908,3.274277922243715,2.9949006906967557,3.273546247507862,5.802425576387325,7.385718365842621,7.538786072146685,8.044140494202026,8.134835595033387,5.590369268828734,5.7184005734986965,6.490128985074411,7.129074532390945,5.5825453624949155,7.3659738519647044,4.829779555853891
16.015091380151844,14.950431801756354,14.226195111795858,13.013795357208323,13.294013883770228,11.854137992848036,11.658390826898277,11.081742573140602,9.391460997934544,8.28867379942708,8.104813161557853,7.599038214363452,6.075952039704394,5.5893526440065076,5.644283838318836,4.509853044716427,3.8517633138718854,4.595409962412601,3.724085737902801,2.7836743389527494,2.6214461438376953,4.129114020374362,5.723821113235369,7.233357196815886,7.019716205325931,6.661238597700389,6.107645885590008,5.694680456673815,5.8641994667214385,5.931696421721546,6.134370916763871,5.667988194744218,6.75299248805206,8.276029328894236
16.261551304729927,15.212629996033046,13.6633996278994,13.382901028122895,13.61383464900823,12.40230949139876,12.222307499221998,10.9937668202589,9.968482388484277,8.785727443722195,8.38847860436731,6.9100006332663835,5.279545756726564,4.765359816839788,4.9917299988740425,4.751824946236766,4.434877126024173,4.330549852243398,3.1118468740285725,2.9030432738101197,2.4542009601332406,3.5098167981052018,4.681949466549789,5.439427838396785,5.184685882342816,6.236008806324577,5.06498458593013,5.6059705278058685,5.843890770672768,5.256706948051586,5.054334819763632,5.625956109871703,6.653937534279688,6.900966920374793
15.976745200240062,15.43343429595867,14.008082224586984,13.302216085801174,13.902523330894379,12.315743322175404,12.13132815858923,10.690155306374363,10.530000543904684,8.081779449625337,7.010544761508992,5.751784179185108,6.133433615561766,5.946443518345099,4.717500427597548,5.213691075613398,4.340519688398187,3.6471182555124,3.4478357276152507,2.862674559892572,3.289182641945635,2.9627849873272845,4.520161015197589,5.1180678974849245,5.045813622603619,5.280318856843297,6.048408563040251,5.064524706449287,5.309657453935866,5.579113785245875,4.9709422334528535,5.271042721245087,6.837016156897216,6.174921023186585
16.559534870331294,15.065201524507282,13.992647164467087,13.050461232323974,13.741322624377357,11.819308517014594,11.255909737853795,10.78326596145951,10.013821140082737,7.197141625669709,6.291469091220642,7.585955110416123,6.097605961659644,6.3114098437055235,4.351130589861145,4.6936643262354085,3.716378628642674,3.4333037079819615,3.2415150022000314,2.7736281984869784,3.447563505650755,3.142622010142668,4.78109259399059,4.124136464709263,5.502455346645449,5.197436576946135,4.793238109409827,4.604320911770534,5.575572072330073,5.973135027395029,5.592977118480677,5.2638000228837845,6.47301031374468,6.6325710764877694
17.178409554106885,15.908446482728005,14.31217427741775,12.413057711523026,10.125530633102144,7.606283123876439,8.937974348294013,8.672494349975794,8.844119823031496,7.784407669307334,6.3428002568224136,7.535141372720577,7.104040618404871,7.266215946763362,7.012786804725456,5.692569177039624,3.308141121640463,2.78626459547726,3.031531666946395,3.0441616567580785,3.00944990529018,2.6762203523168964,3.4230445202108495,2.9689648483435795,5.271522967526946,4.265681327988707,4.1159331188354145,5.327414089555553,5.12858120668175,6.117426361306595,5.068743964488623,6.571741841315033,7.072220072060548,6.3123409427462125
17.3018711435952,16.75427128396564,14.70931632481759,12.317384911539076,10.501564174840482,6.861141138565151,6.362478549412637,5.788160073569627,5.957926904959042,6.744422898916881,6.754197397148499,8.168031003686085,5.905702236141195,6.659933397554802,6.549294804044841,5.0914529062492795,2.7786260307529855,2.801153503538895,3.134150882133181,3.1823760476771024,2.927479903532611,2.476795459898848,3.6477136712529505,3.449446661271328,4.414476386014082,4.421269998737795,4.066491645173418,4.425995298286554,5.698842961298948,7.551106842479371,6.403239081800988,5.2907649285059914,7.267314929841081,5.191244430202493
18.05393736388044,16.370211356677235,15.082780747962817,12.05451013893319,9.281904938896071,9.115664533763036,7.224519206306936,6.915814068301871,7.08308177552089,5.034006821438766,7.3767934412154545,7.371616103387816,8.246678355476593,8.025465187510672,7.288779456156231,7.371084107470966,6.3831024173400825,3.205912318180149,3.6706465315769385,2.6132671781322374,3.213570613162067,2.7432638629539046,2.4113145835972096,4.139125356412069,3.654106155987302,4.235614942029763,3.78577261397297,4.312184837842377,5.245310976355641,7.644376343162826,7.394382493612923,6.524290219732522,5.252523063806347,5.921552146517703
