script/wind10m.json
{"header": {"parameterCategory": 2, "parameterNumber": 3, "lo1": 3.000054539987559, "la1": 64.9999836372058, "dx": 0.5, "dy": 0.25, "nx": 34, "ny": 52, "refTime": "2026-07-12T21:00:00.000Z"}, "data":
[rows 24 to 47 of 52, columns 0 to 33 of 34]
-10.513026989101197,-10.961715587211575,-11.32340848638052,-10.980615019015431,-9.776707750615216,-5.766948097010067,1.4402144831638568,-2.4543164252408713,-1.8115996446029283,0.12254504112526633,1.1675001229317938,-0.019644328712990402,-0.5462398639362092,-1.6615326144632938,-2.84462218046666,-4.871731990293286,-2.9857309248160178,-1.1144240212899612,-0.9741813286861066,-0.8592522420561053,-1.3280104896475744,-3.230585610324812,-1.704439060791064,-0.9315377420512486,-1.3044169377360597,-1.444951310177607,-1.897769969827751,-2.5617440312934145,-2.6959143530750396,-3.196702838000595,-3.9409295269128193,-7.812491690782904,-9.709984932947826,-12.387587943578607
-10.244769126564737,-10.7234828870402,-10.886735517328347,-10.655554447430534,-9.5177444325112,-3.865043584061697,-0.47409555544438853,-1.2366067605967566,-1.3467163823498884,0.990789017154973,0.02131908417087993,-0.31402921809620055,-0.7846023290529531,-2.4558521677959764,-3.9896825320805602,-4.32802724793575,-2.5992555660163768,-0.9275697337023674,-0.8393093718533362,-1.2381349763362888,-3.030509154466567,-3.109786841340502,-1.3649291034312039,-1.4481171537639181,-1.31982394910025,-1.1379510285206502,-1.9018512817650224,-2.9106041296235583,-4.183398517581074,-5.4437421501468,-8.756674909966,-9.391678733493535,-10.700069410253791,-12.41401658748703
-9.95292155652964,-10.453682792823356,-10.442637533222463,-9.564070678201231,-8.766584642762886,-9.726951309915407,-2.193801086952399,-1.2590132457798042,0.4755658704722776,0.7797943286287535,0.5326658704564482,-0.2096447250637,-1.8087232916462899,-3.346492196069797,-3.861988022418804,-4.734924383374855,-2.3913077759223067,-0.14186211101852525,-0.7150481054760252,-4.085880609541679,-1.7549667998842209,-1.5420693500778067,-1.6724137442165332,-4.514574754793908,-2.7711814872259994,-1.8794188337900075,-2.9089207173310574,-2.756503615862592,-5.4885668636418385,-10.005719340098592,-8.789310346035288,-9.403709357998547,-11.396908795216046,-12.037186479369424
-9.178600327439513,-9.567983620833667,-9.758669017329163,-9.900558183744563,-9.304264121959813,-10.516666789003962,-6.69605465660604,0.2516798904950817,-0.08625560137327037,0.649728044739368,0.524287742017037,-0.36380324198437736,-2.3494639443399876,-3.5025507009613612,-4.193345983905143,-4.038035600233854,-1.1431968685100784,-0.20852422351499736,-1.1138402064414987,-1.55014223552554,-2.228489192914094,-0.9608930020156426,-1.9348843499069066,-5.913339801753156,-2.157754722249577,-1.0371467991104328,-1.0713648405779865,-2.904143500651302,-6.931316742034634,-9.766209521249307,-8.652476579658286,-9.435390896081541,-11.275247114960584,-11.622495137748176
-8.822224186244256,-9.244847396555691,-9.486165514016152,-9.975590022729524,-10.463617868606004,-10.018752775111373,-8.13845265262015,-4.3582979350409055,-0.17098526293027622,-0.1426328268894657,-0.2593817790719411,-2.8114191166232825,-3.4358705717277513,-3.815942920274555,-3.335377703364664,-0.19940203975725856,-1.5989046735092542,-1.9701123268517506,-1.4755475664041071,-1.4579508670538015,-1.6830573507532949,-1.9721402618839354,-1.6896594551096586,-1.8931974130978857,-0.8776577600496884,-0.72563169751985,-1.9605900186914869,-2.5331498043094456,-8.246810121677793,-9.275677829670645,-8.587343027946742,-9.49059957919289,-11.004179550926953,-10.880570432716748
-8.958550924121024,-9.263830476675274,-9.38672981371944,-9.80360133817786,-9.922851129745576,-10.087238038233677,-8.200124397918183,-4.343730810362848,-0.6376276670641342,-1.61799308307135,-3.1838597525333667,-2.8717836531256764,-3.746043547844711,-3.86292795845844,-3.1706642204742286,-2.333242430301751,-3.3809289152021624,-3.27087525065966,-2.055831605353743,-1.8509442425061953,-1.7806880442486923,-1.4643309211447846,-2.5567154967265506,-1.071392356141607,-1.1618025684720517,-1.1372844666762185,-2.59371388311586,-2.3329175354062905,-8.688760819214748,-9.162424982413883,-6.838878909616423,-4.342838923433259,-7.79749379699598,-10.203422594624708
-8.872626616509256,-9.160443136314171,-9.426264688257078,-9.452497593269904,-10.041337750836638,-9.264642278596765,-7.801977764811181,-4.903365722044617,-2.568319434101417,-3.069820797551882,-3.615096209841363,-3.945498847990235,-4.510098880467092,-2.9748172579566736,-2.154540070273819,-3.5735487573641795,-4.74916981006807,-4.413917074693248,-1.834897555201919,-1.8590592413087876,-1.589502445862637,-1.2699758303047974,-1.9756834996306538,-0.8992368898991255,-0.9340666936446043,-1.6917388474278952,-2.1510097246015403,-2.409624059170555,-9.593605482109664,-8.773033147099206,-7.801741550071962,-3.508319635291133,-9.419584416871835,-10.24978378294824
-8.838061346441526,-9.051782332183596,-9.539206881098035,-9.395127283980113,-9.620734609302158,-9.10380276384506,-7.585139968214696,-5.074732770297551,-4.614678266727542,-3.994631509058297,-4.116347217514771,-4.805470184661018,-5.122542288622153,-4.881179538545185,-1.9451104584909988,-2.9550656119283767,-2.322263234441878,-5.894632950514499,-4.161393228753714,-1.7443637169863546,-1.71855955338122,-1.8287684009686367,-1.3030038907759496,-0.03239037247942947,-0.7982433168986101,-2.024767496243373,-1.7623426782542597,-4.888004231189886,-3.450730366221226,-9.010555956980332,-9.354661686908965,-4.012191730584574,-9.952227668669943,-10.294024728763793
-8.594139449262764,-8.975324614978128,-9.295548641100174,-9.21860022192959,-9.23824043806195,-8.672589039862402,-7.441146611684328,-6.510998955294235,-5.72888635900157,-5.408333467943144,-5.822359322036392,-2.049434407770715,-4.684201390679358,-2.7966682089698467,-2.751094325871279,-5.981135932883799,-6.280554883396425,-5.734109102067888,2.8425041990095052,-0.8777903988134214,-1.808483436842542,-1.7282005935822842,-1.8480222865086398,-0.3204775680614535,-0.9767474352996595,-1.5793202098594343,-2.252506252523278,-6.1951175155362925,-7.838310278719753,-9.365142826976177,-10.088079710372686,-6.67877141382031,-9.322801902731275,-10.302391085932742
-8.653782405014356,-9.07992651682881,-9.55188903450584,-9.319425060839743,-9.36182628198624,-8.904733622908436,-7.859407968179455,-7.888197266552599,-6.830896691922801,-6.323747162035428,-7.118626680036495,-4.4491349650748315,-3.645206045452243,-2.3227983071812845,-2.3252811513059375,-5.661342996728294,-2.8119172593492516,2.1407243926564568,3.107228094913955,4.905900512377099,-0.7176799016427748,-1.7950437713362475,-0.01021317711633841,0.2428283609235469,-1.02979901802332,-1.5960185276562704,-1.622819607597922,-7.468016379446072,-9.776501338812386,-8.780499998815436,-10.062580281676276,-6.0003060317205685,-9.956085294031707,-10.325703353895799
-8.930141551211298,-9.423381255477745,-9.523492672306693,-9.601191362190491,-9.544912460370345,-9.308835039700421,-9.299259888280126,-8.1394497556531,-7.330892183125795,-7.5922418200542285,-8.17365221083487,-3.596026788692729,-1.9845018853859846,-1.090250503524223,-1.825335529196462,-1.1506056875544355,-2.1694057573111905,0.8424596954401394,0.6749503192318818,-0.21598175174298406,-0.5466398171830595,0.33527032488275493,1.2676224524224828,0.12932919145266397,-0.42557352890675226,-1.1137217780176405,-1.8657629179231758,-4.238655385247313,-8.926856078133339,-9.9858812648293,-10.147853732618387,-9.128463945775202,-10.438215590185786,-10.228911435934627
-8.952693951158166,-9.449386516823099,-9.69104805855384,-9.947317264808861,-9.786131236327014,-9.826173854355682,-9.21025740432992,-8.148746402946228,-8.446885499563933,-8.242027089984761,-8.068395462583897,-2.684649615070745,-1.4764189194836395,-1.5852503320478224,-1.768720681608153,-2.1174355289217295,-4.2892561209000775,-4.677570167093189,-7.583886274378055,-5.768059657904647,-1.2820965355212122,0.6541895333851422,1.0055541449799428,0.7269551715419393,0.02067965497827939,-0.904346755627464,-2.2708906415274774,-4.266851486977466,-9.08024976462893,-9.161900045712569,-8.572530137766334,-9.171369503317585,-9.906956361253611,-9.539533386977663
-9.131644961891705,-9.208963893449633,-9.53508569720098,-9.935636681735033,-10.057341284772145,-9.817853573913494,-9.30764308567968,-9.717833126211588,-9.096027158558204,-8.369797857821485,-8.109424512768861,-2.1943869412308343,-1.5647664043163398,-2.0047447639971985,-3.6497159808280544,-4.5566366386402635,-2.824628128583863,-6.654762758101709,-3.075959248097051,-5.204014074414765,-4.216701664049784,0.4709671615727351,1.8074368823190263,2.927778467057364,-0.6291319058115552,-3.4981894050456375,-8.55614505238812,-7.892772543524213,-7.10948436269866,-7.70096813438078,-7.220546421521285,-7.428598218345617,-9.296532507108175,-9.070914969120125
-9.095854532931613,-9.258639328616775,-9.3642857532194,-9.444678705503375,-9.460444438635818,-9.4230954105353,-9.409728812081706,-9.102852896278845,-9.669166388991364,-9.65455196350503,-5.438957637605844,-1.9278329145135484,-0.08055682611657247,-1.778625647432094,-2.9769809546460295,-5.70462194808735,-5.313565796173885,-2.1520741991129864,-4.101992156198209,-4.67824349974972,-0.6905277562751398,2.075021300504018,1.1303476524969047,3.1920505161444828,0.9672577696144501,-3.3430317387554194,-4.8395628623806175,-6.693701405899966,-7.1798589515017115,-7.0058788540034875,-6.55432555722969,-7.666342019763331,-8.157662418789748,-7.604379153021693
-8.93721000817725,-9.226197081979347,-9.452602325974679,-9.448421784540644,-9.639417879425952,-9.657583275146965,-9.319465778997742,-10.212016016188185,-10.529710830545104,-10.07904312012236,-5.488241976487756,-1.8201946773117974,-2.055037433161862,-1.7141170634824132,-2.4098536239503745,-4.950105073157511,-1.462634565400832,-2.2532140466450326,-3.5792057046731616,-6.903558803481284,3.2279265560870276,3.4299903038783772,1.6491809077092219,2.8366431755221275,0.12923539070659223,-3.460164974277549,-6.377030928070739,-7.456451992259471,-6.83131333318369,-6.423191630626131,-5.780801670578478,-6.949920181939031,-7.007044607271105,-6.46833170559361
-8.676495747533181,-8.761754860815378,-9.327181693337895,-9.972641261372605,-10.10677041168653,-10.215142835183885,-9.9235439394387,-10.863420184093755,-11.104906868725415,-10.589489579160414,-2.816267329754422,-2.203591559029002,-1.461695085631925,-2.437133036832348,-2.854088352476169,-2.64782460089518,-3.1114585426552748,-3.235932023237982,-2.7940752417785433,-0.6246066256702554,0.8106509473635339,2.176834890672752,-1.6911498496692956,-0.5865712682888155,-1.499688633483845,-4.10716726707835,-6.569920788863493,-6.379690364454528,-6.434628079792677,-5.906109649578608,-5.9982258036679905,-7.222142576772588,-7.307388576599759,-6.7136940344133125
-8.703019981342358,-8.770157971800064,-8.680575030603825,-9.236954401659695,-9.609049940195138,-9.923829915568145,-10.856357378966564,-11.27829914131357,-11.530538738594595,-10.297233518958032,-0.02282928595497574,-0.5251683012449502,-1.412795173280057,-2.294244715739114,-4.222557110497261,-2.347410579441037,-5.082105691526008,-2.6472827191697146,-2.561493708983845,0.7358596623881035,4.893180851202272,3.1206463394701474,2.4903700906866773,-2.531374582474557,-2.021734605520415,-3.8520262544482193,-5.9550241105726975,-6.027860009079036,-5.675276553293349,-4.6774949793183405,-5.286763849695161,-5.772787640121321,-5.563382862077044,-6.028578051361472
-8.439319557906273,-8.670105976928783,-8.910569351377,-8.917669615666396,-9.14354276637794,-9.69493239728759,-9.768709448983016,-10.797188351883067,-10.141502554741917,-6.248175754670372,-0.5986574427352064,-0.8564245593360003,0.19763997458861798,-0.5865856858855345,-2.433146219741523,-1.6341745540396297,-3.3110000507259714,-2.1191701672715615,-3.169979507492437,1.0284112957893932,3.9376135149713325,3.090127224577247,1.6324145834569264,-3.031492426375879,-3.857503893519732,-4.332441557994729,-4.9804681303045575,-4.259033313107718,-3.3474033419989255,-2.325403780508524,-2.138049346257524,-5.125668644168744,-5.855738739939274,-5.5752555176584275
-8.323753173218469,-8.535175139559547,-8.791081913633201,-9.109594472184629,-9.177222577001059,-9.501361862743392,-9.956494683490174,-9.741643882177934,-7.576248215277438,-4.944397157601403,-2.894126811111808,-0.691351600358796,-0.3969394111229516,-0.40215826913170805,-0.5897572273891428,0.05611879235459476,-0.26534488153916314,-2.2069133887496757,0.11057105073701222,2.946476758075217,3.121886556769411,0.6401130171995921,-2.170411093312704,-4.536126778907897,-5.323153322366021,-4.211494343931971,-3.999729188539825,-1.5098758267526737,-1.7014407850104987,-2.0011796731687954,-1.394271843959601,-2.4726843902562203,-6.5600746073767855,-5.624858575837831
-8.439755510374637,-8.592470611853592,-8.78539541058526,-8.88981439808319,-9.210829289269865,-9.054937180015983,-9.509921732099945,-8.886728232172056,-7.430976819512658,-5.148616845129196,-3.3659279926983703,-1.145747468941835,-0.6800839758452972,-0.8225987703510979,-0.8403665307278567,-1.3544548968933665,-1.345140003191663,-2.151066172253241,-2.115548629880353,0.8594257361722254,0.05216227818478946,-0.9923317162578447,-2.961848415657421,-5.208340072580005,-6.042777560494163,-3.8487884176604763,-2.3331975548930983,-1.5031505984150997,-1.323836866705351,-1.5596954608708102,-1.557009601385866,-2.635030081613268,-4.013556773476911,-2.605582629833474
-8.328823652993352,-8.55101227703964,-8.47972878359401,-8.63642847013149,-8.739846820039654,-9.198969579894008,-9.21129799923474,-8.63889050090783,-6.531764034213575,-5.0063704432024565,-2.1543809070707116,-1.0437595542652476,-0.7962321127969098,-0.5808518815632042,-1.3698859529830039,-1.2354422119650008,-0.5793799982642841,0.518757918158715,-0.3354861214547202,-0.3591273277466971,-0.407821452814122,-0.6680987064249069,-2.043050457189556,-5.558452287129671,-1.756664230972265,-1.4926536843501985,-2.0602501274149025,-1.6935825156821038,-2.415544654236931,-1.936490575727955,-1.7108830148320235,-1.5896125510251462,-3.396067343212457,-2.0408676793555194
-8.26855868049336,-8.407191506316671,-8.36136212537285,-8.50358622128226,-8.504515417248774,-8.245025675469321,-8.517658591289528,-8.132516068499813,-7.036379071884973,-4.570424132347306,-2.321287712065136,-1.730080537379033,-0.8372440506653028,-1.7233236497328719,-0.9787447576244552,-1.2692991516313428,-1.5455296536729195,-1.56541387050454,-0.8365375200424002,-1.563166820417549,0.05829637044352064,-0.8826456793418643,-3.0858134742024212,-5.0024322344850365,-1.8292618375540184,-1.4385301314872858,-1.2138895797793494,-1.9829455562437017,-1.7325176872861805,-2.3565032464121223,-1.8934052268275974,-0.9417706666593036,-2.838721474237277,-2.11511616253832
-8.260481798423635,-8.52477393240513,-8.32884158673574,-8.00062647399197,-8.25663607014382,-7.953299478346453,-7.59294865174236,-6.669641427311674,-5.2999410120312005,-1.5041670744249493,-1.2963670859862266,-2.137095113639462,-1.5953945086454415,-1.7506391377955703,-2.1856074559065783,-2.1307935565221965,-1.1554923108642685,-1.6884633206928576,-2.5767536563606885,-0.29607132848708156,-0.5674224986070222,-1.2284646955838465,-1.8520681640369683,-1.6343290281410616,-2.2663021256925773,-2.479091810634241,-2.00801313601268,-1.4781830327868595,-1.4655930359848128,-3.123376635523359,-2.3541348786844307,-1.149609879069058,-1.5556489983499617,-1.9620482567824
-8.516775736298769,-8.302348115970153,-8.109539403648004,-7.828508531475603,-5.9214571645520175,-6.598570470391179,-3.2600672231080283,-3.0525149917909813,-3.3803557883287034,-1.5139393031619068,-1.8988562759392553,-2.530665292378177,-2.3493985168119225,-1.647867466272825,-1.4771937133211945,-1.0216714101457163,-1.598417662906043,-2.038265555620143,-0.6369696073502857,-0.3442199397997859,-0.824135494206908,-1.9351087058575447,-3.600113063372108,-2.0571066002059943,-3.225382601335699,-1.9562155287633314,-2.06758196298111,-3.0148836362785465,-2.9848918849554287,-2.786804464793239,-0.910963643798956,-2.092293366573062,-2.240371234233441,-1.882537478695484
