script/wind10m.json
{"header": {"parameterCategory": 2, "parameterNumber": 3, "lo1": 6.000198445256149, "la1": 58.999992894266676, "dx": 0.5, "dy": 0.25, "nx": 22, "ny": 24, "refTime": "2024-03-02T08:00:00.000Z"}, "data":
[rows 0 to 23 of 24, columns 0 to 21 of 22]
2.3190857318896345,6.38050626030557,1.192686391812355,-0.9288416408524062,-0.34133050670868825,-1.24866035623895,-1.6473527116797908,-1.6969887038643034,-3.552101028382617,-4.454933782316209,-2.8735984188250514,-0.6088416633845968,-0.3906799152424125,-1.0967691420107695,-2.17241377611757,-2.0564956312239593,-0.2229619900474911,-1.0671462404631864,0.5215740943515604,0.8577468580284325,0.4508192140798106,1.226967159452973
3.639739214224934,2.1570834316925773,0.23652158577002383,-0.21640304472807403,-0.9304113500362482,-1.354545662765679,-1.716133140829616,-5.154124691659433,-4.84485867064246,-5.138111179142842,-3.0810057528889168,-0.7550639628627545,-1.0502587186133914,-2.4554031535263667,-2.5878910787989318,0.01885874918736979,0.6761688789114627,0.32893622980126314,0.6036571818775496,0.5233866888303595,1.4921792298825232,1.8635520340073377
1.631058489576721,1.1794382042880303,0.23400637617294504,-1.0153572557269235,-1.0904840553866388,-1.2766986201447899,-5.002966035980262,-3.6829656602576026,-4.017458286983175,-4.07940871782151,-2.9639736209515704,-0.9778576585665024,-0.8855561752659222,-3.468762727495923,-0.5578436937026932,0.08874752761614993,0.5260960946801091,-0.43605380973302127,-0.007202806385607248,-0.12313644485646015,1.564935814510599,2.7553149201841127
2.969250402689947,0.532420505491983,1.0269983872670807,-0.1071023380137229,-1.2833959150971939,-4.844445006434438,-3.042196730731631,-2.545428591365514,-2.5103011391938512,-2.2350108328542153,-2.064366884297777,-1.0423796751121044,-0.6080307024620449,-0.8605991517604082,-0.35360917344262155,1.2413528400302265,-0.26621792164729813,1.929608657207626,0.9296323336058283,1.173341075415812,1.4677756251183183,2.5004931413202205
1.685930710379361,1.513067447061314,-0.33880316745741307,-1.8468811788362622,-3.3450334966889654,-1.6948794668417748,-1.4401847250981494,-0.6688403042052228,-0.8591098895264659,-1.1760821368634575,-0.9860382204141407,-1.0400729095121326,-0.2951797796789554,-0.2816819770682882,0.6678790702070787,0.9091786961183407,-0.41206552982659683,0.854593177308742,0.5992145249075551,0.3986564471185152,0.728530770122497,2.1909729331073553
1.5062149884963136,0.241578855172513,-0.08948535993681779,-0.8865941733020977,-0.7934393502394623,-0.25551172694376884,-0.3569159410076084,0.9429555087028167,0.9977543991701553,0.8282719903307559,-1.215793014827951,-0.8379209743704571,-0.24357201083566957,0.9413465098842672,0.9909698792559306,0.5179118820691635,-0.3390665882347138,0.6414760758982645,0.3370570891325319,0.4346941782821934,0.5220964889781944,1.4209122145077322
4.403334637832562,1.6514028425784792,1.066634905567302,0.8075878083873553,1.0573058048843416,1.606475077747287,1.3619129235703138,1.8831932061392993,1.6696245578333275,1.1507984596815075,-0.12992641491052948,-0.0015646618161628038,0.6928157313796072,0.29724672477872793,0.14762160375791997,0.023884119165276968,-0.060328226305231596,-0.008048406234338765,0.5118768054691156,0.391214923334897,0.6957023416813342,1.6981796186328064
5.64367034916507,4.530323824668856,2.566375271926937,1.6414819911191356,1.2302352518101385,1.3089333025890668,1.3057617655344655,2.539721736735808,1.2201317487954488,0.4870975315164313,0.4799648692000417,0.22877656063585325,0.031999744630827893,0.7044617729235552,-0.03210909826785867,-0.21734320008168523,0.12810968423586638,0.12457090936676239,-0.16060930086694314,0.39891712874217483,0.3675419566256857,2.5361455095711345
6.1942498668089785,5.60331348596455,4.31459421113097,2.1611233096547022,2.061299054883785,1.351075469003113,0.8241260471882011,1.7199456620418103,1.1671085033535262,0.3698680072374081,1.6024851458868643,0.8755558153503415,0.36388185557597724,-0.021394926210329634,0.48434574331108227,0.29759582068111484,0.31200275124843363,0.11347816375730754,0.5923526075532369,0.14934077235812493,0.13817157410393271,1.9803104375555969
7.09723970789033,6.037560084655151,4.3399819541083335,2.8129942573930418,2.2241893939895845,1.9101866642071745,1.8332530391832371,1.7869175201000396,0.491984619456254,1.692761978121263,1.5855184430835603,1.8526335121165896,1.318230232381729,1.6951309568396016,0.5304840275243831,0.5330523955407297,0.402147101497444,0.27061371387105193,-0.04703770002888416,-0.057456658134085854,0.2278815018310032,3.337500709975584
8.990196743537878,7.217834145591551,5.443018697297914,3.543720828929528,2.54969095737178,1.771174993343524,1.6497471122298353,1.4695641141824338,1.113018069264183,1.39787462120239,2.043071080597518,1.4668831266407407,1.6012326636966492,0.6163515306586381,1.1792671434696067,0.30293122272822404,0.263485146130746,0.10191888808122172,0.052997303105619786,-0.22573795569216393,-0.10582272246015259,3.4881898975264884
9.590441185532079,8.783231426715215,6.77195877086843,5.593865835001603,3.3633866700043695,1.9266587164733495,2.424994481679655,2.4159282201770553,1.9924941424361202,2.1003536330090835,1.8027318266376715,1.1500667029215308,1.9136872670790277,2.139336488455741,0.8431008330685795,1.0386826177857997,0.8354547902966647,0.3445834142672675,-0.04687876397584666,-0.07410279137284478,2.0586135585908223,5.291941280308929
9.918912281523706,9.282701061408224,8.397312941451744,5.335628059151236,3.5743672305918386,1.8087106094285528,1.7182812511927665,2.2758396206405345,2.7232500103437887,2.3862635700917196,3.2209448565098,2.63794359739476,2.336910849922845,2.0143225454288696,1.840620048840569,0.2601770917587149,0.22086656808093322,-0.6775060791907656,0.8735545828328984,2.7634439165906968,4.10842326573607,6.210480980277942
9.364565628574436,9.105139365758765,8.691179836255824,7.4116213937924105,4.990751625793468,2.4710248512860424,2.579388587881386,1.6460014813505024,1.927137847162043,3.6204416355885725,3.018756676128596,2.0084680785875033,2.7541244238501057,2.269775508099398,2.4045486044470743,1.8537922957937805,-0.7020191884518062,2.651451276024168,3.7296947494883366,4.960239569756057,5.087354349799351,5.748473367266334
8.986279559166091,9.288942189635737,8.562958812087224,7.765270234456646,5.127258602714301,2.5042191643786835,2.0442954127409423,1.5778556210913832,2.3004044903267324,3.131752169509686,3.0133361905579834,1.8492784078120608,0.6542041229708583,4.197121974148348,3.042893266829135,2.3013879821913745,1.5680757837409682,1.752430956280971,4.017881571595411,4.869785658121371,5.323509900996883,5.166776800543196
9.198322005250958,9.108824813977025,8.421507383978227,8.025362204600741,6.136916074556393,4.222360668554068,1.9143302361705505,2.6737194266132738,1.5825926738979308,2.546998904209356,3.7720914302463995,1.8219723191341688,1.8452065439034266,3.72329223761622,4.394155308607754,4.73701788734746,5.092374940580611,5.9424212548783375,5.045361501124267,4.964366880519967,4.8555093972646075,4.9576298756817705
8.731171417898128,8.520970967024649,8.487369623062172,8.013282185366243,6.81875789697562,4.360051664675761,1.6633491561661278,2.9482765143564023,3.051173798393925,2.2165897616200247,3.353769738827155,2.772678927072725,1.60976201619166,3.606075697635271,2.993366180112365,4.3498284747127585,5.761780778196479,5.799053307862035,4.6724825907956316,5.4064439162242435,4.461710015549757,3.8715054575334373
8.424547672618123,8.835548677262706,8.910767155678197,8.270527969701,7.5811877411891455,4.843838873668842,2.9700309356971664,3.0901502394928566,3.948917459946249,4.122246124062452,3.2408406719554246,2.571712913237998,2.4293122528100692,2.995174806996958,2.4596199495490247,3.7180871003804206,4.449690429892957,4.686304683218463,4.785095019017139,5.032331637759403,3.873121091063772,3.4471812955753163
7.888353436421044,8.783230254019442,9.213950235405871,8.721756693829098,7.667139375879981,5.700675574891489,3.977744116772911,2.696364825207573,3.048471988821612,3.8194904882875185,4.170802388618321,3.8077523735503966,2.8899132541218733,1.929987644652716,2.2947267822993256,1.7648874452216696,4.60146798009743,4.402323535232903,3.9003350953457976,4.050209359670381,3.7707901006931843,4.262995005237371
7.0684373062854835,8.277498552099923,8.503413744496358,8.571834754980546,7.890971114936962,6.7065753606547425,4.226791503670383,3.4817957975184344,3.633550616684839,2.7839930413750955,3.4901414359867626,3.538418237994643,3.044285556726699,1.233406246828658,1.5826175816672015,2.3117863443706863,2.9752035865215998,2.586964717092675,3.5044550546536817,4.346452245535477,4.365089169175259,3.123970561357353
8.675603441257627,7.087389726558154,8.06134464558721,7.915920734581763,7.983800504875828,5.612286806113314,3.8723991604037535,3.28725891286749,3.269307489931672,2.3867297181352196,3.628753070876773,2.746208062601564,0.7667320760834355,0.3179725779644364,0.9703718446657849,2.965219647754785,3.263192415612293,3.8311306117937245,2.9288879225549254,3.8025167335269794,3.69548270998831,3.8606797974250395
7.0165765499178745,6.587836879799584,6.471773791412996,5.180419459504156,6.384457788653961,4.53887483554442,3.3650318779433896,3.693768728666567,3.371763098143886,2.820430597772026,2.845540750530728,1.6485442116759468,1.717319543021404,0.6283387003489008,1.7307274579751482,2.590585929288275,3.3651117567328037,4.12987529403794,2.713983797735986,3.541938521965102,4.223941159540448,3.1549062536626873
5.357534650767044,5.266310643639075,4.37772560321271,3.4443069314614685,3.986879576345501,3.7746799489402405,2.6939336238790315,3.6471105548404976,3.09034441665774,2.0347225119706596,2.076420032988965,1.304222978713952,1.0019853973777018,0.9160037603921729,0.41218159779848945,3.829421686871539,2.7250516875098154,2.5563342878267736,4.121101933899215,2.994691434407202,2.6674883482382983,2.1771892724936177
2.7689838769129067,3.9073715572242436,2.681210429305207,3.0598798859273777,3.461760521446593,3.750553879371575,3.7167001680569243,3.1972299647260773,3.472485824427236,2.694889891408012,1.4043555634453948,1.42036101580698,0.7721409434061149,1.2952167452772922,2.196888593668642,2.4112841328030186,3.1907055687660124,2.3719530409375436,3.205321349940039,2.5964706194992355,1.7733781509698725,2.498628921822296
