script/wind10m.json
{"header": {"parameterCategory": 2, "parameterNumber": 2, "lo1": 3.000054539987559, "la1": 64.9999836372058, "dx": 0.5, "dy": 0.25, "nx": 34, "ny": 52, "refTime": "2025-06-07T14:00:00.000Z"}, "data":
[rows 0 to 24 of 52, columns 0 to 33 of 34]
4.121104979299307,3.8527842296026136,3.46245201644272,2.661107467883332,1.7354470000499214,0.679865595012924,0.5663947397351353,1.2589053718236483,1.8984628269316857,2.967085763051736,0.44614852438914415,0.9245883100595366,1.2337141750211,2.689979359998469,2.2601399350376314,3.2853999540586774,3.298094701185041,3.2038861522587974,1.3718114466616043,1.5558431693509065,3.960820560951814,4.542826963944645,3.8986010780069082,0.7617060119437301,2.7799502260632996,1.0098324170082542,1.2081798739898735,-0.49801487484330775,-1.2197290897819792,-1.4322921000388606,-1.8214609310367527,-1.8562129102834586,-1.7345167049678516,-1.3327506824524684
3.8210054139562137,3.277091804610179,2.888744322076919,1.6513477392568294,1.1740040179076392,0.595982411189939,2.4831501357465418,3.982111412857311,2.6003578672806893,3.0941776017142884,2.753218404555763,1.4747471135845003,1.3991733828672637,1.9164879998771263,2.7268494665574283,3.436677066806064,4.518760471755463,2.150315213010913,2.7673354115207762,6.405663366616859,2.388051139669913,3.220319324686063,2.262866013491089,4.381444067545416,2.182693194217845,2.0620363262231307,1.3678600448777039,-0.16763775168698689,-0.7103003145374858,-1.391516866514747,-1.2671507209723165,-0.916358031722514,-1.2855056438020056,-0.15804877122731067
3.2948532118312195,2.756077171475205,2.0838947665242977,1.1285378323088637,0.6808606617488202,1.069852723643782,1.8354576750395097,2.239663190016702,2.370622574576849,3.8800731935206,3.7012091276169956,2.6450668599480185,2.101136708909074,2.6806311569731585,2.6505065581489635,3.3789929878620186,3.2364884332010426,2.310494194799233,2.3735148086147304,2.5393654803396846,6.08968179986811,3.2827351483104943,3.2440966094613866,4.60671692937823,2.2311828689889066,1.7906753659714587,0.2020473322264428,0.21125294807219017,-1.1013378970119774,-0.9282249488767926,-0.21029537107829932,-1.1068918631456244,-0.9890565538100665,-0.12344884755587704
2.3654877707879143,2.400040183708248,1.37844057648623,0.5652653372608373,0.8736691616652948,-0.45978024496148273,2.4624534209166025,2.264086099074183,2.425867717619953,3.912296463677249,4.298197177237239,4.53664876880689,3.11836523896378,3.119182149734653,3.1959438299321685,3.4749131875483266,2.3928748484761537,1.861008463733566,3.976929278129531,1.588294400245303,4.8061357220200716,5.283837413817565,4.916693844543172,4.014783384370497,2.9135425312325274,2.6324303496314916,0.33153830682088464,-0.38198090646396543,-0.6372766371232234,-0.13365237101138824,-1.13208510213453,-0.8412775771085427,-0.8360672758056625,-0.9778792370372366
2.2409246617221887,1.6801985185269344,1.5476606587869488,1.3814711478371258,2.9991215484691485,2.30476887901796,2.5437446823012713,2.429358104166212,3.6125245327600015,4.074510182570105,4.300615638471014,4.317725609791061,3.9303482807278716,2.9148248556579675,2.4112166077713484,3.0452085865296783,2.8908156273731023,1.6866864974007183,2.3485381770396425,7.0396517404626175,4.8021993223044355,8.123575157426554,2.8195377322132926,4.248314715990276,2.8149305349792733,2.205487200174109,0.5760372152514363,-0.27608956601274165,-0.23084458270147654,-1.1403635277344557,-1.253176530290173,-1.1225230478750228,-1.19463630439239,-1.047934416278491
1.397269539903051,1.7120951420063424,2.5429866042405638,5.682093903384713,5.618732357426091,3.7499605610088107,3.889810749263036,2.5426827983386886,4.336120747888433,4.172487446167395,3.733328384271116,3.9089546483252384,3.4405578600684157,3.4083379093435,2.293179172112203,2.5640667946516675,1.371558683402472,1.431885782836575,3.7887382701382393,4.127351011580785,2.503798895290004,5.353936043688498,3.6001808194284823,4.200730292257888,2.8251609752063787,2.3073760492281306,0.4444014057927402,-0.9120490220100723,-0.07220669734959204,-1.073658530186619,-1.1914019344802478,-0.869974580967999,-1.2865465264513036,-0.5897431377044369
1.0482830874314741,2.2002475661445167,3.39054475127399,4.849676263492702,5.669812483753072,5.730919215476786,5.382738923261083,3.6773168802761123,4.437009137397504,3.537260038865708,3.768067601443984,4.040330843008791,4.180058150923137,1.8277206520401825,2.7325095217546727,3.130768035765349,1.7861841106175618,1.538959232586622,6.236933969619346,4.567360951096618,3.796987840607528,3.599551431858942,3.856468814257225,2.9596040723625667,3.411977725972622,3.244872600651095,0.010300760825976802,-0.15377942699206756,-0.310240359473931,-1.429738581812261,-1.8563006700256803,-1.2199038564056095,-1.089105941560962,-1.5930979605313589
0.7553877508826753,2.784146175185924,5.7686493354977255,5.9516476234623275,6.001407462803804,5.301585617335096,4.615154245540941,4.806942838374713,4.053505277195377,3.225832830311215,3.146996509112366,1.6255607722497787,1.9214386145495657,4.199364404016522,-0.3824074598532867,1.8145112803865016,2.134192316608785,1.8450478646919575,5.199283857458837,4.182955574629987,5.169408327652287,4.19217711233864,4.484053967939606,5.212009181263044,3.2948325486917063,2.865276131185858,2.6207817750184685,-0.5494248355935444,-1.3070464214137196,-0.9862561502578606,-1.355647249634163,-0.5841073903938283,-0.6663934241922157,-2.515996180678942
1.4983015899262804,4.967167855007801,5.952403701609165,6.201491232569963,4.4783735039925805,5.395401412339672,5.554513196348379,6.1843693110094975,4.378546350396552,3.479633508942696,2.160013636999117,2.1736687854856127,2.6813015989113023,2.5096128280246264,1.7671947256507834,2.024401895006776,2.349601488465641,2.7921298513027586,2.4248884265803845,4.273117732059516,5.156444114328729,4.832947938235746,3.6839454001091676,3.54299027180461,3.788035108987904,3.066749024837033,3.1474083395435724,0.25822596195339664,0.6350246808535136,-2.021773525962114,-1.1481675155176254,-1.0970657327049833,-2.9925169887528575,-3.03175454157069
3.4692616976981197,3.778075522468011,3.6134027398859536,4.518935236017428,5.383837195102286,6.589108906715605,6.947057114571335,7.6538134542824885,3.212259246843387,2.5653213000439754,-1.7838823660951357,-1.3562820450439534,2.5954949826866716,2.2037425357531197,1.837052581183984,1.3940097815807264,2.062933625271031,3.181294902153053,4.879323824562781,4.2766773090362,5.382099532705696,4.256686913528123,3.809255686426757,2.5363785065897018,3.528413333077395,3.7869327854411634,3.3448218803111494,1.5618931991037988,0.7695513354197757,-0.9275413212748591,-0.6990701267325363,-3.0104368661870726,-2.851630843530917,-3.011265928989037
3.59265964440356,2.481090448236058,2.0221964191284534,4.094895165602301,5.248881983636601,6.773968815376948,8.381259006049468,5.14316084876487,2.4996398076131534,-0.07427239362289646,1.4892330549254624,2.1266774628856076,1.4070365438510974,2.3449654725157196,3.0585117406876474,2.694886097000427,1.0016237049949057,1.9815477727026272,5.045592363223862,2.2976826635894887,3.344016237145579,3.924375108071186,5.599505447983143,2.8811276710947613,2.759084852791276,2.8700278306248306,4.106325173025069,3.0258472926394058,0.46052217317909044,-1.0597230732778953,-1.6571780692651268,-2.2865834995393577,-2.187035464783719,-2.1502548999558777
2.8340980532633875,2.8428853444312234,3.401320889163693,3.714626791857342,4.3319563063191655,3.85493797155813,4.023412034942011,1.6744015547464366,0.4446861477552174,2.8226659932287914,1.7483049069108627,2.0575700736943765,1.7338924527716075,1.5713629078622304,1.2210595460412235,1.8220914997048645,1.9737156554296067,3.5411261672634122,2.20116857389944,4.33457747695979,3.6035596077157197,5.027183312406671,2.4993239551386215,2.911413463918346,2.08592148678918,2.9067098739127446,3.0951094451664316,2.619431651022546,1.741442980242029,-1.4840899190659769,-1.5972910800924458,0.810661853564527,-0.308550085881835,-0.1981545052018281
2.549284611478143,3.61296792229076,2.6193441666860076,2.9963406715880425,3.4106437482337717,2.0596150088589855,0.5463383123885212,1.5356271812806679,2.1861107129779094,4.1161144008643955,1.654902691582414,2.8281453784040815,3.037678912008761,3.075906904866741,1.2971372142157032,0.9896456016831023,1.2080581200727114,1.6682337028430847,3.090998696759291,2.2796927074415305,2.7342298143872314,3.2615875882401815,3.3840952687656896,3.3158651180585643,2.7859964370110224,2.7640119300088126,2.8267452571097857,3.04755797588499,2.7410400649727564,-0.7932541213796145,1.4384770620405838,2.774486849711165,4.3869880887277075,2.691319634416582
2.5235774339207993,2.9281826858585385,2.91946289457685,1.8918267921754053,4.45666292071531,3.2137704551169604,5.677628662522177,1.9168206463339224,2.363055415795573,2.390491693768316,3.3871461080421947,2.0697316318752006,2.0181886363802044,1.067839765229564,0.8421096058285125,0.24343890345440566,1.3413397865153103,1.7520454167376802,2.8707837751561747,2.70013561125395,3.5797647537522073,4.4428833984858365,3.4988117482680385,3.220942620877262,3.218676707911385,3.0415697044255787,3.6583043848924865,3.1165195920976525,4.314755591387101,1.1043166358912744,3.829933991897377,6.711228399037941,8.017919859980223,4.716012536895715
2.5678758380903517,2.9986092303960485,2.4746475837820436,2.111510037319299,4.25814173483948,2.524665060121064,2.171734408949382,4.1873999342822925,3.923045265607191,1.8640961560061593,0.3147251429077323,3.747197424413728,1.1779443895277362,0.32301392131436996,0.9698059506877613,0.7691385169019483,-0.5196328929983673,0.8583924123159359,1.0947211370496759,1.7141510053115803,2.2678406597230567,3.0488203032359236,2.7086775956164253,3.3433570044502385,2.626135099852264,2.994088514618474,2.646682166725831,2.865252881635268,3.5457233321683326,4.472112383492118,7.070344028394148,7.511832337731436,7.247640941654929,5.576692299134879
2.074336818568163,1.9999799034278418,1.9851905562823662,1.9024742522278473,3.565524250910555,2.1320635723015364,2.226251618048302,-1.338342186156525,1.6943543002911823,2.6960435478715565,3.7255984617087123,3.9823856512917613,3.6676963985436113,0.7638294513873837,0.7726670251594058,-0.6500488804724501,-0.07520304015153553,2.0647023837658747,1.3382598826488143,1.8029759930756322,2.54954980298638,3.626519012294029,2.5339501441642054,2.6467951836720247,1.7836194205564468,2.253783222169365,3.561691535641418,4.160663139879689,2.5854156936661017,6.941430654184634,7.8280758737744645,7.480476615952152,8.075126981625331,4.476977284723868
1.5834364183353982,2.570248189191609,1.7142780164648717,1.4994514227589604,2.3831741990700968,1.8404167763724746,2.297495319786725,1.9956356506034008,-2.2785834043397157,-0.597495299344031,4.133087395801254,5.076203069206552,0.8421564471976987,0.7125784659202519,-0.8550509600964932,0.9155421339828951,-0.06621609517522226,-0.4654188410929457,0.32736375280163654,1.249350101487521,2.242012086003862,3.9587002362337587,2.955024232049144,3.581528502638874,3.320927701068095,2.534204779900743,3.5027177897135893,2.805563514496734,3.4664964504778886,8.234954057058946,7.8479013856535085,8.269418226746195,6.001270890072538,4.026202728159643
0.9215080006644342,2.1830021228828613,0.897458843647667,1.15080828090869,2.7992880218663303,2.008391477696448,2.471327688594899,2.0830133040376446,6.064026380077571,4.6700159884128265,2.5842477854342114,3.0447158861213715,0.8322070218718177,1.9746829639160368,-1.620605246035045,-1.3744168011953608,-2.594961576977205,-1.000634516068734,0.4347178026795698,1.2006472431787074,2.0199046270735956,2.3317726032718253,2.810502927557739,3.9993745057076397,3.296095631580983,3.4999398456473387,3.3759162423547773,3.86165434072152,3.961774427337996,9.275131518106255,8.575039483462497,6.826474051999068,6.36568098813859,4.725443416559201
1.201386559796311,2.045606964964781,0.32850614663186395,0.9429653464020942,2.9593786082636853,1.7602753183181525,3.395348033106972,2.1887731819026315,3.5769750556340454,4.906016234952454,3.8342524556888837,2.7010075929353143,1.7304232505138935,0.9208019085902587,-1.1372129233172044,0.23096245592016945,-0.04195208406513475,0.2744754282205463,0.17884671859425405,1.1100311019454965,1.7125729920618011,3.060083282351443,2.8600755790174524,2.9335232221797307,3.0307535795900997,3.734830174755975,3.7941399794318285,4.545388046169382,3.828325716860123,4.339662117364137,5.378264476754854,8.074864304070916,6.492950393305523,5.31472389593474
0.5098103121568606,0.33104682047866063,0.24676993741344647,0.7692062828314238,2.1854991168321627,1.8581736904092547,-1.4336850484696109,4.408185682536643,3.2355402468207033,2.9254405031485007,2.6030830261929276,4.217768801473617,2.7214881759338403,0.04086385046557846,-0.8727086018442195,-1.4680741231023666,-1.5615416617803088,-0.4470311163086479,-0.5045111832075541,0.9386709501147719,1.2168237613178043,2.2710236811213402,3.0660968306642924,3.228072539258914,3.7510314862824794,3.32556569087076,4.451432606915869,4.0370978038300604,3.9797654046331887,3.588758881597764,3.8264204072079084,3.835455603521037,7.427687995973273,3.7866130377279696
-0.8124933910830879,-0.2929216839111829,-0.2740135364127249,0.9952266008015807,2.5828469056919166,2.2687035807027414,1.6494430377915683,1.1361247762879498,-0.3360323854497125,2.344563263275032,2.012524551146215,2.7010173908699024,2.0370966125932264,0.7081354740914051,0.9719875413818769,0.205928441392892,-2.7011539919421006,-1.0402916720664142,0.3852447532233315,1.0945040715512413,2.054623493475506,2.1277507906560595,3.007091799120601,3.2107828430115815,3.2798931686414896,3.761613296082425,3.7333333783851765,3.910486354875919,3.901342362158205,4.593190370283386,5.823772877521351,4.260493318243903,7.052897820334918,2.881858649168211
-0.6944714188941533,-1.060800093096286,-0.35245993203821074,0.7637914034097535,2.5131157542078664,4.624239278536573,2.940698303332836,1.8929474170226466,3.8993417564444317,1.474068514351036,1.8470257269100445,2.4173689152689724,-0.7690383681313185,1.4997851615345843,-2.555829250231576,-1.4653676882670759,0.1369110687241088,1.096535423036075,0.22966852992360454,1.0795394609519569,2.3139583975661155,2.795249535575254,2.9835932483920296,3.1673101903856504,3.5249783452528582,3.7073196851429717,3.746236290157508,4.7284958981778065,5.724025567359944,6.9908876584455255,4.621743466286251,4.1599245948200485,3.6579779939882076,4.882341336894923
-2.0244134996585594,-0.7898921612064572,-0.7054656589132763,-0.17055614588164955,2.051339680190536,2.645159441603762,2.118565563669204,1.5216002809678566,5.095751622154414,3.5507057548023138,0.786917062648115,2.4311791123379036,0.026446041503721346,1.610818532286379,0.7243676677971027,-3.464414984568331,0.7919701410616886,0.9814207022830842,0.22374115598133126,1.1138515521093122,1.9628089528058876,2.638548626453664,3.318992337794617,3.8685061747824707,4.422896404016447,4.578992717287877,5.487597507799826,8.412506967922857,5.458035513340683,6.486138152999986,5.007738875507507,6.406917854894124,2.948850227328004,5.810216008502927
-1.659806442781019,-1.2007606142185188,0.14204202140736732,-0.9753921926450225,0.4516917237863635,1.5319288460209328,1.8260037392008304,3.2666548103167075,3.8300488075533385,2.6710612109202905,1.3567971904470852,-0.04515103523279043,1.24802966771087,-0.9392163343801989,0.652486577735894,1.2467600690995588,1.6799002364138689,2.040981842322527,0.3842173207767842,0.3227703433279749,2.2248085639508965,4.76138056734173,7.0610926902718765,3.7807395511198187,6.50465910892432,5.890364501862655,10.506481510108271,5.152949489881768,3.8662799369108822,4.581898853462973,5.456603702650854,3.524320345471979,6.406972810199245,6.299709246292397
-0.6186094104384396,-1.4659808805610668,-0.3964781257457547,-0.9345009796279675,-0.2059644375350603,1.7919443354926021,2.2907456417667924,3.5988790829378425,4.408075038216153,1.8435846317443667,1.9413233311334086,1.2417104212131154,1.1021675612677833,-0.08031662046505685,3.0251821049978305,6.676393176127488,4.9836021610586805,2.318581250926252,2.1958294915121668,2.7646633463046846,4.358739143734341,5.388599760277139,5.272860212281499,4.324800356392612,4.673387853953955,4.729439592057404,5.463604652797668,4.845801819373733,4.3927977036366,5.356300162662212,5.291361779277341,5.813992491702457,5.154138007067732,6.902753682686491
