script/wind150m.json
{"header": {"parameterCategory": 2, "parameterNumber": 3, "lo1": 6.000198445256149, "la1": 58.999992894266676, "dx": 0.5, "dy": 0.25, "nx": 22, "ny": 24, "refTime": "2024-03-19T23:00:00.000Z"}, "data":
[rows 0 to 23 of 24, columns 0 to 21 of 22]
8.26081095377324,1.0376359482317645,-0.971606531518655,8.595430012626627,11.56020721775841,-1.726127220144231,11.81074603303809,10.827862385570125,3.180050910172515,-4.028687159506114,6.831298417225247,11.988935461114098,-1.7759249986310524,6.96324979271065,6.810873429485673,7.178830483959143,6.7984162980834695,0.11997788057942808,5.8929282781851295,11.926328485084056,13.956711007738186,9.285605840981155
7.33295576921851,0.2278972280109724,-7.736289789156837,8.34977460453677,3.6289001252076463,9.228619903752108,9.994483002624294,10.999763519275941,11.035468762088863,8.991742374246513,11.066579637536929,3.376276624091553,-0.9775599433676053,-1.3260851407756413,9.017454609286744,4.15833867793028,11.520297276788584,6.210542761232104,11.01613762940025,6.13399673409276,11.343023278273074,7.336626282109997
4.616743211152274,7.384427045617083,9.412195992474782,6.523414195910862,8.236514550721461,10.904044703274911,6.891023150271993,8.364231292667688,7.09627404819898,10.42857333156625,3.520175276743527,3.666089649171976,8.703514692484829,4.890833146265096,5.232776890366221,7.7041033533678895,0.8092071216477866,3.7941093082639767,-1.3852895341095168,-0.8833085903934826,9.763228815143858,9.112834103488916
10.89415458019826,11.021302852790257,11.320390951748749,6.648539969564813,7.218485825825656,10.91640145588092,10.036905689682673,10.111607660339995,9.26352277521891,11.169074271730725,8.138230532393028,11.167730305193084,8.82927896831682,11.829820397265049,6.395191854674024,9.139647226091366,9.353441807655596,4.123895976574202,3.289508489011424,5.054747008368815,13.936343952822456,11.492827363724642
10.433903080123029,10.849123506956763,7.34434240056297,6.676917530792087,10.135828581845127,10.279975343201745,14.581061125550496,9.279918832866196,8.377838443092156,-4.183668561524754,12.264464166578117,14.683676783192317,7.676996893175649,9.991744763583164,7.036144805569571,10.338509866022175,11.011246842936181,-0.21648004610359448,11.747154360244213,6.45900751730719,1.6561473730985374,11.334305792593412
10.577382755593167,11.19949873214875,10.494389810473216,8.463117636899966,0.1901277576758826,3.2733165181497514,11.706280955270788,3.391778582502976,9.092836300579513,10.056541051941146,7.918414996200125,9.753031382389409,10.728692741410564,9.152622039982282,8.041487075068723,11.030100280684687,10.11963009474586,-2.99355767815056,9.436139602618526,7.463857172844148,11.082027294385032,9.579062741820993
9.473514760675064,0.47335232628271234,3.2240447137582082,7.786140996866038,11.77572106904997,8.780331233302736,2.1151342381714056,0.7281969710493273,-2.0827545155192384,-0.20893668533297116,10.643466542283434,8.441862914706634,-2.009486887932104,9.306175468149316,-2.762856318211653,-1.6440803758802005,8.630857667017326,0.11515094373701452,10.778527253533072,-2.126520141193457,10.162077125152711,8.7030071088392
10.677972409369445,8.231313176277501,10.58383899763917,3.2987103884473266,10.331226691196662,14.647068961233522,8.779558836444533,10.102445322351041,-0.029868446164633546,9.228812531584618,-2.402168249980108,3.299511583634664,9.304280715136358,14.20620114611353,-0.31282524348527296,9.802220645526624,11.41610499527338,-0.10481372233958168,8.593557642546271,9.468341898122889,6.864482357795797,-0.3774436275389474
6.7410743101239685,11.542065503042773,7.806445402813319,10.9338467661446,11.235443023862645,-0.32773462826861643,-4.918095733619125,5.51627257250474,0.18677538207924763,-0.02819716413392715,9.963886258162889,0.7837452822212136,11.193289584949117,6.444165256170585,8.336074428451626,-0.04034019518549133,0.43594982542241034,7.955949369028812,-4.1541966150778,0.6339467274323239,6.880620623644396,11.020053088887504
6.420057102867432,10.332066608379003,6.825756165306421,5.354813346375323,5.344794040404472,6.628072495693592,13.22727857206147,8.799142384495893,9.180605167790137,11.333199533911861,12.708273363531351,3.6953858591013193,6.8785294226564675,10.675877326224644,6.072562635300001,9.44297802866414,10.96251049978226,8.2122107888373,9.561901379288589,8.243045748568196,9.289719634215446,1.009361628055151
7.903358413277908,10.04086377698957,10.242601780696965,-7.190049096894846,7.3639363148924994,11.13124002725944,10.782761482884306,11.372845426480618,-1.064460175951905,8.703270873048123,7.808966508332618,-0.20831395407709016,13.987689002126972,2.8460456678574637,-7.508249817597044,10.637459525117338,9.828313515939989,10.065839062177,11.65785616673791,1.740678698478997,13.377892911283274,11.460641472355093
11.020982317024814,11.98415198703656,10.114465963619939,6.590784807226613,10.54828296020063,7.894942947658514,6.242275500793437,8.774054957864822,2.9322673644763446,8.342059251425704,0.9524460373899496,7.569159820487209,10.554396707641676,8.413246183184594,12.496886359817278,7.351432014650072,4.117785800243049,9.89017713355688,-0.45018676870762775,-2.9397469315364053,-1.130513535492744,7.645465181782331
10.118807644125939,11.42761117210619,2.6116990251929004,-4.255107090227945,9.968509086598681,11.692194523407037,0.23620266072630564,7.192818365486538,9.068731055664818,1.9312791666261513,9.55901287001862,11.08909447936621,0.8917090567271633,10.012902144714323,7.574946291491369,3.9340626643694097,13.5553090277883,-6.360413853096234,10.401476002937407,1.6363488160426354,10.13640490545938,6.181942477850393
8.163727959587348,4.63790630128839,-3.445647589455215,10.694934145398877,6.5331229736732785,4.450406998122898,2.366360349587439,2.6389049962590456,8.611141460494437,-6.616751916532838,6.812113691593639,10.571043179845004,10.409945075844378,5.707625180478624,11.682037903678594,9.362929632374788,-0.9330776234359769,5.555942899772068,0.02152162077232028,14.51836358429122,1.4505125512715007,9.128578313747111
10.747237998711904,7.451926861578566,1.7673869960961186,9.291700005393126,6.586962577387279,2.8899600856622536,12.943527314991238,6.996713921754319,8.422237990119116,9.406682026766847,4.678997611267042,-7.779608407517766,-0.4818907593798402,1.1611404664418534,6.377321876041432,7.887524983207354,6.219762817666075,11.031524193708332,7.097501403589213,-1.9941831093251698,-6.786588638930887,10.48447044572859
8.812847766304627,1.051501264468096,4.720612558243905,-4.437503264367201,11.010699636528422,10.165202855892032,6.59197310712695,-0.04885348917271132,6.458890283401177,7.9258857578136945,7.288625129835257,10.599943146510554,14.047524246342693,-1.7321111270176373,6.549100503228164,9.004286699451626,10.598027914153192,8.745380337383876,9.59065319215744,5.9817266628416546,2.26602428853732,5.899188201571404
1.3276091205138525,9.61231360540094,8.780160015254005,-1.8142111545369943,8.832438907106871,5.335224091740389,11.947093170901088,10.086692180356522,11.18384451741651,9.367840484525999,7.030975869467637,0.7978580931450872,10.602824047666239,6.966006356037278,11.715245643357209,6.9269836687283535,6.380264361282883,11.138543280507339,4.670884097700642,-6.622771732164464,6.9636067528903265,10.26009041794513
7.467190172775745,10.024230774885972,-2.004399553963844,9.24774851028525,10.762645608021566,9.601103721372672,10.268359544537415,9.380933310807118,13.761837928421839,1.8771541529189866,-2.1195384997749738,11.403344370519271,-2.8273681574883347,8.319172796888132,9.586378987584661,7.084294224199361,10.175722760997063,12.489844439324525,9.966462234624602,6.7256273849903065,-1.595829897148485,-7.696319643654643
11.194179197562372,9.630689619082267,7.280075437320879,10.965905050356605,10.961327191379624,11.62760662956801,-0.7607475857151481,9.048239511929964,5.149265144666105,13.182650709273307,2.337735905260881,11.02928746357288,7.186596504547297,-2.090136519629637,10.653222716916371,6.933005369803458,-3.305724123398705,8.391500026441442,14.262043967656727,10.120883079449138,6.893007210597242,0.5247400432213775
3.1661960950557595,0.8928341343067261,11.264654982006187,10.736893703966237,0.19167545807044267,12.927148299943372,11.939036332900832,9.9077807733145,10.691136687683121,11.812252719809607,9.387324006416218,1.1962603676952699,6.288846560078487,10.310938969551785,6.867928400890953,8.48277647241626,10.274907432162262,9.787658847208615,9.035313308205646,7.775762225959908,9.722943627813201,3.7447929497383616
10.72838347936981,8.484706676076303,3.642207499363808,11.317713924467773,5.689404869976345,12.186413122252683,8.896932886741437,-2.6759617894600245,1.5075890021897589,2.2330626834691816,6.864419677395634,6.7081729099451675,2.981036083069255,14.207689615571624,11.313772051997397,-7.434529082097387,5.165395201656548,9.912802183893662,1.2979045748868463,7.244757714363072,10.17092917665543,1.031942448392138
8.68220261891788,11.295055280767647,11.095652747878747,7.579823933181831,9.200921680814725,8.089385282847086,3.008794320462169,10.662644297115822,13.835956431656399,0.21370938410974752,11.995458388318172,3.5897237027551485,6.389637690844822,10.67491812144369,10.809825208885545,-1.9005797620347256,-1.278538808808113,-1.5091088982615604,2.499938900797878,4.283406277912068,-6.145857041357529,10.671884175044902
11.03783028084609,6.619061088758741,7.399832102194974,10.011367455500856,7.094703113527494,9.033085344411628,6.93785032993152,8.181812436713003,9.72206472393705,9.000805717135243,7.266734400746166,10.693774544281602,0.34504177423554194,6.230351279300777,1.8586309323898225,9.29296783437026,0.08666132695734818,9.774192762078895,-0.47748915173266915,0.8015268824096898,6.682528436350292,2.0972403500429584
7.992786264663682,11.305500279653213,8.984492140089104,8.748367584217306,2.7838552678378545,4.8846862426944995,12.252074954206481,0.7991253496218135,9.167111309273581,9.23118840776254,9.381348968836388,6.626161165301975,12.215142166954461,7.295685365534195,10.190818375245415,9.569214709477569,9.939958216717322,13.772561588201405,6.940828111656474,11.334564298243965,-1.7989088267826971,0.249904029229549
