script/wind10m.json
[{"header": {"parameterCategory": 2, "parameterNumber": 2, "lo1": 6.000198445256149, "la1": 58.999992894266676, "dx": 0.5, "dy": 0.25, "nx": 22, "ny": 24, "refTime": "2024-01-27T14:00:00.000Z"}, "data": [1.419275049458556, 6.662652150389, 7.366047528611109, 4.605228072853466, 3.5539513545283463, 2.390833194835876, 4.170019165386973, 1.3008667137112297, 4.216680493313333, 7.361718487251678, 8.174295446211778, 2.8014026851470915, 3.8146809026503097, 3.976457657525935, 2.947537475101584, 5.996820904541363, 4.115197610422956, 3.8046028564536862, 3.4677365909254987, 2.8608915854819315, 1.2650067917863297, -0.5008035774669412, 3.6457595922428085, 6.737179145084873, 5.047114588547662, 4.220163874004946, 4.8280678194294255, 2.0896944889350606, 3.346612531540918, 4.637932512394768, 5.94337674468333, 7.976073274634584, 9.090602348519669, 2.72838524454433, 4.445928567871675, 3.294097059441073, 3.889498535901145, 5.642214627072769, 4.3911930320347565, 4.376292608551242, 3.042922856017164, 2.4322758427421003, 1.2255907520117626, 0.8471263709382358, 3.1584941714502084, 4.538294723354412, 4.185553428322008, 2.867064706964717, 3.3622709764644596, 3.2938233976084663, 4.637600256458388, 5.872479975207536, 6.4326995238896885, 8.189840831409995, 9.424153189316334, 3.0891390874316413, 4.8048695073616425, 4.993126579681161, 4.3721060846252655, 6.009350176824074, 4.378975193939478, 4.430772870022429, 5.22653894354428, 5.070364496403178, 2.4131187956739155, 0.1240649791259112, 9.293767262814773, 5.39343103295398, 5.067657553934848, 3.7677575964727485, 2.542192666964222, 6.799907482347666, 10.283663191663782, 8.210734995658672, 6.469413324396274, 7.995162259401487, 7.773016652997098, 3.4788419945976314, 4.039834549453558, 4.1422575974659255, 4.825048228118265, 5.940933813685077, 4.190378763671242, 4.1307054494401125, 4.163386969647064, 2.9143144598633453, 1.1471657915950493, 0.4520099847323804, 9.67000505216982, 10.79925651942248, 7.733547583779892, 6.108489903347228, 7.473160054102925, 9.75885393042319, 12.10609391091404, 6.670544215519064, 7.701960772743084, 7.916592137826941, 7.227309863176103, 3.064032796204884, 3.1968487773242975, 4.138572688778453, 3.5923863735024657, 4.994772585741362, 4.266283062214575, 4.1306331088259425, 4.447380556384566, 3.2974912613995073, 1.6011714331878937, 0.6496140369978377, 10.814412816278416, 10.927606135118728, 9.478573671820367, 5.830439519597756, 7.043542074214273, 11.560012473813092, 11.164029915735854, 7.114454236919313, 7.358832079009395, 7.54870066171452, 5.825836240103498, 4.61690723653746, 3.0993978772355706, 3.2108279642596087, 3.344321555769175, 3.844098679034548, 3.3148454942777446, 3.739649070083574, 3.797274744006806, 3.119059279108746, 2.002042950718446, 1.2817396337864833, 11.319332460458442, 11.146583347694817, 8.655040865976598, 6.564400012538299, 7.643020533574712, 14.652408477290715, 9.216355799067038, 7.424233643223976, 7.084647827543474, 6.64943504696453, 4.420182888799321, 3.9236037703609163, 2.881557786552202, 2.4113375112046627, 3.3664503104427785, 4.016241598681039, 3.073933494337383, 3.6312192646455936, 4.185250338940059, 3.815204794213687, 2.6193578711097376, 1.5200078248919455, 10.691412717140057, 10.718641579100037, 8.506338859617072, 7.704568231315974, 8.266502731841456, 13.467076943822173, 8.047021376609669, 4.462294914796769, 4.716977837935675, 4.830112637739081, 3.859343384596983, 5.9275687957262715, 4.903310917624798, 2.865739690812133, 3.0394036361543804, 3.6533528499379244, 3.1833793453708608, 2.602966279778528, 3.530407942969022, 3.8578658607320033, 2.9969421700798944, 2.2062919347297885, 10.734197019167274, 9.809015362141336, 8.26663003605471, 7.811374318648367, 9.202784498928331, 5.814661584723863, 5.137513842784396, 6.265532341245945, 5.684543364608363, 4.724146253775563, 4.706973963818329, 6.1285493119134316, 6.014811171078125, 4.105479101728807, 3.2876357323853895, 3.7743295501465517, 3.608986127577796, 3.0104300687372687, 3.495386079364137, 4.163600461338787, 3.13663068600376, 2.3549991714687706, 10.14308676146965, 9.411132310459788, 8.081041450435023, 7.882945669172815, 9.928520648861827, 7.6678482029871695, 6.253237993040657, 6.275037633398606, 5.789503470485768, 4.387048981393273, 4.999105056755711, 4.854443033600517, 5.442803165535293, 5.455239809378126, 2.8892976599056155, 4.28040269113658, 3.806685906541969, 3.511765920799505, 3.490393201369443, 3.835956077077142, 3.282062079474752, 2.856604878932639, 9.265565095627034, 9.205415805811164, 8.390808342823304, 8.383854084194656, 10.628571451256384, 6.048823146179892, 5.410647419669136, 5.955531446153418, 5.3811276355604, 3.214573225265105, 3.917842020613585, 5.652408086967102, 7.70213626737701, 6.10716012292884, 5.050277750119039, 4.484746321354693, 3.5697375716983952, 3.914376735057723, 3.507897490975397, 3.3727497944868268, 3.297047631829703, 3.7294954915163396, 8.965222943909982, 9.26825524645608, 8.754363233729368, 9.28165753667134, 9.466583013498727, 4.684144519977386, 5.1562679142168415, 5.750111098255529, 4.787849611920837, 3.040335572085722, 4.281614335892373, 6.535961055902162, 8.187475333856575, 6.601504885315461, 4.675151092871257, 4.240209032480704, 3.91325858706907, 3.709739581943608, 3.1326209393226505, 3.0864066500332883, 3.244421583295817, 5.030444675040302, 9.161829463130633, 9.361631498307824, 9.293984706992008, 9.817808673706018, 8.572353563664239, 5.437189143736265, 4.826197219043144, 5.343447304303686, 5.005756330489467, 3.805536043259227, 4.043840378775532, 6.871786946388991, 5.549118959944856, 4.9812337255928965, 4.67502437175053, 3.8372700713618877, 4.454565020631278, 6.255403761731384, 5.26805046671489, 4.720222961300188, 9.35930160588841, 9.92667148573732, 9.485747119799564, 9.570555050876155, 9.604126820568137, 10.276057996909998, 7.907297861110008, 5.8957588727037775, 4.988232281494044, 5.215843052438419, 4.531376229259725, 4.811678802724664, 4.4560367991923995, 6.064931357950263, 6.891282251238447, 5.063927386469591, 4.375276806722535, 5.758407351238333, 4.667418333676449, 2.968302915966153, 5.8416713599649, 7.008366807177295, 9.222042983191326, 10.085145365324294, 9.375280863328218, 9.599125764895572, 10.210321063331214, 9.939079023327345, 7.388808569403971, 5.12099249640352, 6.072908587929769, 6.4433841625077175, 5.3824811539697235, 5.836216856142634, 3.8187532711578704, 5.509886114849224, 6.167245625277339, 6.980836775566965, 5.128422775418691, 5.209382840545942, 5.198686039226668, 6.059498328295575, 7.480484793266436, 6.746362780682176, 9.249465137809334, 9.263968628191215, 9.127454347488724, 8.94505102898746, 10.273736150923298, 9.953816909913826, 7.2463090335073606, 6.025134014595302, 6.81403072624102, 5.644817451942458, 4.208045196244037, 6.139396335100316, 5.143270668178227, 5.534467744803697, 6.873762239261531, 6.934162010391414, 7.213399549809142, 7.807198515728683, 6.918395397894886, 7.963148882789603, 8.104832017090693, 7.9482752068300755, 8.691636325351944, 9.188819377478634, 8.818079937390582, 8.839528869104756, 9.657938225042242, 9.039530365524096, 7.339942776835591, 6.991288461845649, 6.702961934921698, 6.024183034630083, 6.384148586535071, 5.454894357618248, 5.81712981937454, 8.543600992009745, 8.052506540335363, 7.877138773574429, 8.55387440006873, 8.69839076194404, 8.127213390165142, 8.491388326948869, 9.16871772604236, 6.805073021010764, 8.98756144372781, 8.98361829564971, 8.64861428991741, 8.714012052683028, 9.086064804631437, 8.602642433464942, 7.339574682222499, 6.283529538113854, 5.863396690851806, 6.428050717164766, 7.873204969533486, 6.936127734500984, 8.6938791156756, 8.01817935936513, 7.3845297870607585, 7.481378184639417, 7.005942581584461, 9.156792454633857, 7.934955375115213, 9.539663061336576, 9.264299839570137, 10.333145389938627, 9.773356202606916, 8.7138961575801, 8.591949908017641, 8.629590254860204, 8.704131038692898, 9.020706698191379, 8.596270810373824, 8.52273343209899, 7.420919994378311, 5.051846154803542, 7.569252518021094, 8.304822007241738, 9.169533370046667, 9.767361987845488, 8.982437507849355, 8.636342216160612, 10.012853736036504, 7.778151720944553, 6.792771355343121, 9.663734286797004, 9.358517792674222, 9.761449676576737, 10.054853776927969, 7.6502481404689675, 8.803667631584522, 8.256412654691175, 8.61149397678217, 9.83124061857243, 9.790887043367848, 9.508524008443777, 6.97162846916161, 6.065879964475912, 5.57784652841332, 5.450601368341139, 6.144197122419555, 8.657434528725222, 9.091144506257468, 6.839853982105324, 5.858471100437143, 8.122493196373902, 6.864325826539407, 8.365982849200407, 8.460696915634067, 8.690094283490392, 8.404760835743263, 5.283384119012808, 8.16528351389207, 8.385706088127975, 8.391927696336094, 9.960413692552885, 9.640429615700981, 8.107743553550113, 6.834745876959481, 5.433076121454043, 4.9428868134162025, 5.175899045318447, 7.744562717543004, 7.1777501372317145, 5.894067904585502, 5.930215197448083, 5.360154860321835, 5.538728034828763, 6.047043808629719, 6.22858189063383, 4.453698446394671, 6.171595594914759, 6.030929920589625, 4.48432070071853, 8.960182662402536, 7.781877984212479, 5.9239685479335815, 6.663959621680218, 5.854227478954173, 5.565975032050449, 5.113961914056121, 5.520436915084353, 4.499102445078252, 5.670476451374208, 5.935553680851934, 6.330193580722062, 5.124083181846509, 5.899626991026902, 5.127992374650638, 5.121613716787345, 5.403929107132858, 4.845007703489283, 3.140123934064739, 4.887953614353165, 5.480204406116305, 4.140213301532574, 7.142068272642472, 5.959050162471666, 4.391070963217336, 4.048702614985534, 4.331333390664016, 5.007945233362766, 4.074911131925571, 4.443276385284397, 5.0894521207832355, 5.057125372965226, 5.43615656445679, 5.217414799224504, 5.3237680802458085, 5.671035808688672, 4.678880354370087, 5.718985477002997, 4.735126598642223, 3.6180157701224602, 4.80795418123777, 4.079340817597281, 4.516896011399963, 3.545020338463645, 4.539978602455626, 3.200051981253406, 3.5849574552124404, 4.186293306563331, 3.697824704045662, 4.413534636778998, 4.6489396246737495, 4.535613830324726, 3.808604894559866, 4.313547958149085, 3.8341105753008193, 4.006189836645995, 5.315394200695708, 4.1099723692215955, 4.20644783248787, 4.792666114027065, 5.472194734995139, 4.333516905784104, 4.5413273882933245, 4.85613000989582, 3.7068864860592083, 5.290411293402781]}, {"header": {"parameterCategory": 2, "parameterNumber": 3, "lo1": 6.000198445256149, "la1": 58.999992894266676, "dx": 0.5, "dy": 0.25, "nx": 22, "ny": 24, "refTime": "2024-01-27T14:00:00.000Z"}, "data": [3.4601222078093476, 4.362312689779706, 3.024722449942387, 2.1888522507323436, 2.9272940652339745, 3.0139387108567264, 2.7752181215025247, 2.54014154357578, 5.493275312088522, 8.942237710308552, 8.539512477537857, 3.427022278604692, 2.510372977473047, 1.8744373475805098, 6.820181271051459, 5.243455265223986, 3.9342261503196356, 1.757667338285045, 1.7459425426670587, 1.9735627369596438, 1.8458097674431957, 1.6129035896332964, 3.436458895792813, 2.8245500550753846, 2.0785367186088566, 2.044410403575127, 2.4907804996660365, 2.3551212046371695, 1.6197410632476434, 8.0536144347059, 8.632824389015397, 8.275585013595048, 7.039931460328205, 3.31731976037022, 3.1789624359294884, 2.690320656022318, 6.029357415107697, 5.237852426088997, 2.3775435701046765, 2.111869948902382, 2.2147177140361887, 1.9728572508349087, 1.7674380592787835, 2.2804171835306946, 2.351389259865296, 1.0186013518406019, 1.3310023333399128, 1.7227996856551564, 2.4680071849236445, 2.141305540620753, 3.255481594475396, 6.9234265163982265, 8.004053339850424, 6.597889697364082, 5.821974113976566, 2.921121228779129, 2.616362857328751, 3.7341642983311543, 4.080671594668235, 3.4834160678622204, 1.8766698937103576, 2.123662820774031, 2.9112261512463817, 1.3364397798467396, 1.8433980632325573, 1.3795790087345394, 5.993924084531443, 1.378507771278301, 0.6430435668697766, 1.4260389624636685, 2.2140362091805397, 4.562905350200618, 3.107948707898677, 5.0129893766980365, 6.752536213619861, 5.507404917810837, 5.626605435456566, 4.1675936809674, 2.30268553410612, 2.3723803890067146, 3.520542786645458, 2.4863469396586058, 1.668342378003156, 3.6475444485021753, 1.4122679135284109, 1.0626507042819502, 1.3425659206784835, 1.1674503987918825, 6.0762914880851175, 4.8128662615968745, 1.7654441932078522, 2.7272303351402325, 7.074457478844029, 5.936904801911207, 3.203955144831146, 5.041480178636584, 5.9042479085767745, 5.2451181314021715, 5.831415507029844, 5.163292700958928, 2.310465715697363, 1.9335486403304263, 2.080575119793334, 1.456015065993244, 0.8730327900650177, 2.096351982228645, 1.6008037201338723, 0.7553053665177277, 1.1375875004735965, 1.0733770029618297, 5.710170068001572, 4.537682523251172, 3.85991638655864, 5.572444574538164, 6.874617105075226, 5.5062938787679805, 3.074932853953089, 5.571667727180957, 6.226763148453403, 5.02680622507481, 3.9518385300137546, 6.229034846458901, 3.2132631599071133, 1.6744857725017066, 1.972233068504465, 1.3068656618441776, 1.4696175472510404, 1.3118570475554623, 1.0148937250444732, 0.7076853281482484, 1.241745431829872, 1.231117089032333, 5.429961917049373, 4.6294143176037315, 5.0787025452526535, 6.389398490871895, 6.007134984958552, 3.568249093775847, 3.950311649947935, 6.04955594378965, 3.5088968582467346, 2.1340554606703055, 4.659536488386473, 5.6453071950983915, 2.495834819814322, 1.1628202599424726, 0.8394442019486975, 0.5923357157774932, 0.8973755842833542, 0.7395981871284485, 0.6977618566788393, 0.28592330495550194, 0.9060201918360832, 0.8356257088315648, 5.284069925303932, 4.85908521305794, 6.128955346775073, 6.605033049600226, 5.656095560348281, 2.981085640150397, 5.143753146246087, 3.88579797418787, 2.904208299595347, 1.7771473989919895, 4.126080035021837, 5.816507148690425, 4.302444262385018, 1.2989997765257075, 0.9401442936856856, 0.6092001414268086, 0.8355092656566611, 0.6873050677604469, 0.6381636384070951, -0.04199595876348565, 0.14468357128733614, 0.5537491046310864, 5.086292885465677, 5.029250668646315, 5.8545425508460465, 5.988057597635047, 4.874438618751717, 2.0206481364060056, 3.7992531587596727, 3.2724883192193968, 1.748947089954848, 3.3139613989265753, 5.4781933238820075, 5.669834022224117, 4.5534259774232515, 0.7607587470764868, 0.49872845527556425, 0.4338731094768722, 0.11260498040511596, 0.14265420962184397, -0.04220870729532886, -0.48320556180775787, 0.04255599502997878, 0.5465903694757359, 5.344795996046995, 5.320349666657407, 5.676520577709176, 5.794859708396366, 4.008657736441069, 2.730013502970791, 2.7577292379892766, 2.0913996678264484, 1.4363350525717964, 3.110923834752139, 4.962716896415359, 4.788917304844582, 3.347283542502192, 1.970747303569752, 0.3421280311625416, 0.24476830286118903, -0.15625979151001174, -0.21750723481789963, -0.7610505137136476, -0.8849492522496193, -0.18424759985451722, 0.649425773116246, 5.707052063595171, 5.734949770847819, 5.763606799030575, 5.314378576163006, 3.444544357624864, 2.610381355000086, 1.981866870999078, 1.8209295073719107, 1.508627853361753, 2.608547331664642, 3.4539615461295026, 5.384548620448872, 3.799449629472377, 2.5459090181889708, 0.3905194556735385, -0.6893664572731761, -0.2843070400874983, -1.0200573086576714, -1.123794722350901, -0.8957355293946119, -0.37664361703387217, 0.40725860056527796, 5.909722237875866, 5.833224041558317, 5.343613929451114, 4.382979774370871, 3.229822120239563, 1.8184776106615497, 2.1525263633008582, 1.7259253179458691, 1.4051354401630904, 2.3422148252478543, 5.942241373566644, 5.638406120766815, 3.4212398665091186, 1.8839313820192272, -0.7730501807205968, -1.0428686579826725, -0.4840975961826117, -1.5183768746808783, -1.0540354227935336, -0.8118958272886548, 0.34821646120309135, 0.3377047586034495, 6.184114248492297, 5.830558893580756, 5.203773579678653, 3.6051893039608403, 3.2342968431325367, 2.245895527852657, 1.3241902960255167, 0.8854326970587935, 1.3348972100061336, 3.269018939966927, 5.293178821591356, 4.5607082866124, 1.6534820939341872, -0.5931747128773314, -2.211025840763538, -1.3130255065786396, -1.2894767485684449, -2.283012028197112, 0.41120220039296435, 2.4693765479799428, -0.0366031971429202, -0.9808408848942733, 5.778652351822129, 5.2360150018994425, 4.458537952176926, 3.108795210535885, 3.09210633003326, 2.0807322399768258, 1.5676522356618559, 1.0692915121916733, 1.415837802182947, 3.8735734347368127, 3.6370448117234595, 1.5975324655454972, 0.08775861544622598, -1.027501331228283, -1.7804359346738392, -2.17509775010105, -0.9718608157545292, 0.6368622440974041, 1.3548271891302286, 0.8954562345517751, -2.779233660490262, -3.146384110262965, 4.95142879857544, 4.369885927606022, 3.685864873489728, 2.5942278618457992, 3.192175411714551, 2.146915061232633, 1.9960147786185363, 1.2131299564094429, 1.8309740857245083, 1.4289644618858215, 2.9047438263973757, 1.2977089754790372, 0.01861199014806885, -1.4767306944801688, -0.8230567035038845, -2.483640136139378, -1.659118126429546, 0.08929900830634244, 0.967505524982521, 1.4146948434664437, -2.513501539401431, -3.5368408733252448, 4.148288909463161, 3.5904194710255797, 3.195509518412014, 2.9281224165374535, 3.3948240689916487, 4.15976875898776, 2.151751366550475, 1.8395367847465074, 1.8699690230357386, 1.6953889023315851, 2.805456681663769, 1.3581410572214578, -0.3697949613086436, -1.1146581510050497, -2.6012180423404025, -2.1740732250136476, 0.19456694944791125, 1.6768921438685158, -0.09554923919856784, -0.13170770791110958, -2.5603483628954127, -3.92988187530417, 3.9972398774471345, 3.2777168064637436, 3.0261778015587826, 3.3763875846596685, 3.743416053185196, 3.8168210723253546, 2.586522186033694, 2.474437321013161, 2.1361269604814406, 2.9022278635159706, 3.7838926265439357, 2.052023795019768, -1.0324096878834548, -1.2161990887497272, -1.5453828130014218, -1.045774986622262, 0.6441795737049588, 0.15939310041444685, -0.3564157093792488, 0.17165835208503832, -3.0479980486243266, -4.074726543196935, 4.253339816221754, 3.7653576402266213, 3.6635291803134913, 3.7452214674749635, 4.018095314406704, 4.337364848222791, 3.3435164744902304, 3.049001468039156, 2.767303489812678, 5.16525315429093, 3.7168050144844096, 0.7866352176078063, -0.8694026067431214, -0.7409972855502647, -0.7922237053565951, -1.8240244859777435, -1.4020242151048796, -2.523377420766853, -1.532651772794814, -2.2664661226951304, -3.4091278990529505, -3.422404285325983, 4.187644027996311, 4.080101397135315, 4.2937743282495635, 4.655162580030837, 5.3105867947937115, 5.072112515452062, 3.8205645433060216, 2.4469750409443014, 3.2040521150787247, 4.307295702169156, 3.243156385738934, 1.8042638351025853, 0.7496776664289322, 0.6532851250779546, -0.23824104993280892, -1.3537734903792058, -0.9097493261602052, -2.7469325592628357, -2.166152479304921, -3.739382246936501, -4.098584864870864, -3.1770314483622792, 4.312966808549493, 4.385197022854848, 4.7856087359973625, 5.337570821988579, 4.862180330944583, 4.961039893239421, 2.8692073137105556, 2.2371038633016873, 1.870619111331596, 1.9153585641038606, 1.183607510518703, 2.238533523354974, 2.715333705981347, -0.1291541938604749, -1.1212583971387733, -2.4170020703626482, -2.0296238008259357, -2.6651514968920784, -1.9734703575502532, -2.7723659963945413, -2.797008153657972, -2.4727308632090748, 5.0194957540330245, 4.714704562621161, 5.070196313057012, 4.848206917924535, 4.896028326011023, 4.271284091857917, 3.023131501771039, 1.8682040310329444, 1.982582354131362, 1.5499747206467072, 1.5170996447807807, 0.5617065897063661, 0.5896987106773597, -0.21760627837015703, -0.7450320959907242, -1.4861764577538321, -2.0980666535813226, -2.1407410677770797, -1.783646518576151, -3.2567755537851877, -3.3542485467508056, -2.7556754790782003, 4.947400460884714, 5.195173168270455, 5.29659022033487, 4.229493785849697, 3.859173610942154, 4.352765041041319, 2.192333054291983, 2.3750762465290256, 1.7241498134117357, 1.6142949692543618, 0.8739148940828602, 0.307838044958139, 0.7114449269152096, -0.060989369285551834, -0.6474965033405382, -0.752897569791258, -1.1360962327710837, -1.335424201617576, -2.172688536521378, -3.124134451590878, -3.7701280615859707, -3.1750108346905432, 4.528387953105339, 3.323090872620164, 5.219471235896746, 3.1309013229022047, 3.061552384905564, 2.4857625470293003, 1.4847938160875667, 2.0385269503719265, 1.4948616036448397, 1.2529446238096127, 0.9289519663111488, 0.49152456999363797, 0.7893920880090216, -0.13533928286018754, -0.07014734360070277, -0.9503355669950353, -1.317734299623755, -1.602697104058831, -3.2801419358860064, -3.0518358161942256, -3.477420517394714, -3.058670126619189, 2.597784090064501, 3.9622227961990775, 3.8253108399414106, 2.7134582229071427, 2.302198192617806, 1.9961515845842606, 1.50564143191483, 1.558268101802835, 1.3700216265615401, 1.0828179272849925, 0.4261948603338515, 0.5739768188375798, 0.7001235957810807, -0.18911918316312318, -0.4537614848823222, -1.0502495486728363, -1.5031752616114222, -1.7158823472029185, -2.5193306156537614, -3.430602206406165, -2.912664327222513, -4.673258205837537]}]