script/wind450m.json
{"header": {"parameterCategory": 2, "parameterNumber": 2, "lo1": 3.000054539987559, "la1": 64.9999836372058, "dx": 0.5, "dy": 0.25, "nx": 34, "ny": 52, "refTime": "2026-01-23T19:00:00.000Z"}, "data":
[rows 0 to 23 of 52, columns 0 to 33 of 34]
-9.461829236844604,-9.362027826058204,-9.449510234970603,-9.64407620410045,-8.915890213835677,-7.675534064756764,-7.621518219535892,-7.881980504919898,-7.800548363765515,-7.60384745728419,-7.252505029359422,-7.2368881596069,-7.215057718076793,-7.059467743253885,-7.612200151464624,-8.433578986860757,-7.800899837860708,-8.312364948935484,-8.22624942304686,1.710103540162578,-3.9383920980925886,-4.56529242303078,-5.395380811847905,-0.37624212492588094,-1.7849809172568223,1.2670089104730018,1.759824649761051,2.4012025769453302,2.205229376135033,0.7729693160893665,1.2658352640219999,1.864329266597777,2.404532738678804,2.0719344141084783
-7.654623848062945,-6.98558613012398,-6.046021675834368,-3.8287126790725305,-4.111254374530564,-4.2875888817829395,-4.9451529903733915,-5.216529560183057,-5.924537706586045,-6.780754818768926,-6.194469455348288,-5.82818586573628,-5.865495884137185,-5.926744617690197,-6.470884369480693,-8.666490090037756,-8.839138709276705,-8.908974820509338,-6.626476800210191,-7.373273826158828,-8.087503326036282,-5.1177264266276135,-3.762582714368933,-4.5541653600796845,-1.7244209802709138,-0.44561371284752244,1.4203983639961117,1.2997392382861086,1.88824614183906,1.3118836215264975,1.1156885962553829,0.8874886251189995,1.4290707250772912,1.9958965185868038
-2.6029726959345036,-2.082059741857766,-1.5743123690945102,-2.0318549368373797,-3.409102972911769,-3.358519902233422,-2.7394006753580413,-2.7663720993749883,-3.1943825209453807,-3.09131822055842,-4.580593799487917,-5.09441243504674,-4.522694264360742,-3.7292272444102865,-4.611741542160324,-6.944832771370618,-8.630592535376135,-6.720238057723464,-6.993222450158878,-8.328299385539697,-5.154079814166229,-5.3603994315109285,-6.471281015225142,-3.4656073514060135,-2.4646337633816833,-1.0171885139033794,0.10685949735306567,1.018492435507976,1.9812401483514224,2.0357645816251595,1.9197279561874263,1.1431433204249122,0.6093954204365083,1.0824819741898057
-1.6109933849080729,-0.9061574569348608,-1.6580713247161785,-0.5910232267689794,-0.2452524626137394,-2.366757456614835,-2.598863317667138,-2.04942430634597,-2.9118634477375833,-3.909753223186848,-3.15451241373623,-3.1416683343879104,-3.63310728237319,-3.2580242694017114,-3.094595979800381,-4.122358032377877,-7.733721205626539,-4.28217854296922,-3.1847555759750756,-5.933415634122463,-2.596061435965115,-5.922014967923796,-3.908995157540129,-1.8416486134159264,-1.4008650639261016,-0.4462769949056811,-0.34485908881224003,0.47391805519302155,0.7464576305474484,1.1472578668366602,0.16287453389815237,-0.15132880241545477,-0.29285838103598794,0.10021647825198982
1.354750111663041,0.5315037797628402,0.606140392908448,1.4615299706405795,2.551160531278176,1.923618414951711,0.41882505928906705,-0.4044567876369121,1.081126235785934,0.50539743342943,0.9306609890461185,-0.024592842791609833,-2.7854766441625514,-2.5576008887732073,-4.1697261457941135,-0.5204989347745239,-2.272507618950391,-6.365581545927641,-7.509152617271657,-4.204851323033191,-0.6317794601150797,-3.598918232883372,-2.675387770039665,-2.3103541832333927,-0.48089818106823184,0.31473732430652634,-0.3950508672581008,-0.32385830699846235,-0.1640187533765783,-0.4145442443219754,0.21333753998067898,-0.2787564708721391,-1.2017276496758669,-0.9729825481949727
2.6251805164328443,3.5901411750513508,4.856661751879839,6.11398361061698,6.813662065675837,4.859498588376562,2.849722997260576,2.92040558457006,2.817503411217614,1.1172127473651028,0.9895881056778545,1.3852698428656895,-0.1860795740132138,-3.220174912113374,-5.8393561508084995,-3.386520993011294,-1.8409373076840874,-2.9786387855335255,-1.6007235256399222,-5.500201251935671,-8.69802868085811,-5.513837246980755,-2.694898502466001,-2.372719530005592,-0.9862821585282441,-0.6486508296928487,-0.9588462338836728,-1.7429234135250664,-1.1825539023479834,-1.9206314712741566,-1.933576367946706,-1.9179752792704516,-2.6776351653673136,-2.8820442870653986
-0.5497544665326145,0.7587669322627255,2.7139621801822646,4.127445158143475,5.421392861759835,6.188865480070643,6.359216173668351,3.445897196901502,3.081672945347841,0.8502937589158411,1.046220800938759,1.6946048576809183,1.1323958028586,-0.9192623471912823,-5.738879289933217,-3.6084795937951157,-3.1369956165974133,-0.691511399786577,-0.41779228334527774,-1.3762536160009688,-4.208622884585883,-5.891432935134877,-3.7413239795843394,-2.0470098427744277,-1.332133245996856,-1.279479637139992,-1.206819098296417,-2.6786465356320326,-1.9354784345325435,-3.2663190056265026,-3.2714813228577215,-3.529091053197985,-4.618704849706132,-4.064436922538788
0.433656945618159,1.3080723888392776,2.548982624545213,3.758306407335058,3.8207049094971537,4.094752623142404,4.123686815177839,3.5960085099217896,2.0262080214520886,1.1240405344728697,2.0724454591688213,1.4920038202460308,-1.0089051665974578,-1.1491065682500443,-1.1795292871478054,1.8670391250724503,-2.730434316234419,2.9963061486698908,0.3189621528905583,0.2479093476418683,-0.469354244113727,-1.1338944682452028,-3.588784324670389,-2.206707449539417,-2.1570270855401676,-1.848337526150098,-2.4694381833967407,-2.52448758575835,-4.13630879626781,-4.716002025646163,-4.291100591229871,-4.447651441379273,-4.336928100687283,-4.379687301212707
0.4371417394319757,1.522761694108181,2.3009287968163763,1.6980063144928181,1.2997459190989664,0.7175371892561269,0.49205822594810117,1.12430165127718,1.5488435216585712,0.47415067328068583,0.17918729285254928,-0.08068861042971745,-1.2467685164743112,0.6866963711859287,3.4693412330263595,-0.922408480814987,-3.614101699557397,0.5906648845130522,1.336510849948524,-1.6796250100060595,-1.889702920208168,1.6653395176308599,0.00989410857926419,-2.182502832497101,-2.746693233957351,-3.7262747537740024,-2.2647832209650383,-5.256945703285459,-4.947962977245179,-5.928672996903887,-4.943491356031509,-4.285687070965352,-3.9068952404016706,-3.823329415287183
1.2720975149305664,0.5808594874327887,1.0496481922525576,0.21817784061909626,-0.20280935956494608,-1.0507522146072659,-0.6661133013056364,-1.2586228627044935,-1.105953705569826,-0.6605006168040974,-2.29446987564686,-0.7519425661889738,-0.3946190579684881,3.0973721817537654,0.8258160192641498,3.879879859890691,1.2782107888249143,-1.020663236181902,-1.081224452426842,-0.8167796216983528,0.3028090147292031,-0.8553567060902352,-1.0050476266049577,-1.087007855324572,-3.0650742652991454,-3.7967290684693498,-3.2337873286881345,-3.967560733434828,-4.463974820509717,-4.349626349750454,-3.975404705092151,-3.4033577521195335,-3.7013159321072444,-3.6689218322141746
-0.5338043391163034,-0.6980925405917642,-0.9888952825051248,-1.9089021374987907,-1.1474405911281176,-2.0372467702994603,-3.5796768624162976,-4.031581817988046,-1.0119338289944955,-0.973829406666925,-2.406510586761793,-3.380022991212557,-0.5182000161911882,3.141074645479142,2.346226470753316,-1.3711138242721463,1.352604318897104,-1.6545423190473967,-1.2766766896596273,-2.4134652158388814,-0.39533615474045697,-2.514296945614206,-1.0296433503734832,-2.411543325790967,-2.7300847394018226,-3.314538135757457,-4.5271991769123785,-4.600493672049242,-4.083279375526686,-4.1448700536533885,-3.494724338069321,-3.3689113108023165,-4.158445350903373,-3.8484398343674715
-1.9208135796027446,-2.301695707721616,-3.126225444584974,-2.305429785013607,-3.252900491886232,-2.5952761593946905,-1.0613752340977587,-2.0456883792097496,-0.973181873629033,0.6339312574182917,-2.3807257152549894,-1.7514921234355079,1.7030459901573025,1.6461019227630258,1.8056332558973578,-0.6105655889161212,-1.3849484074195282,1.1094365895521572,1.844632587622974,-2.536158663550017,-1.8922651921084384,-1.8519130343403627,-2.7694815596800284,-2.321902870550777,-3.430683576439961,-4.404429453972511,-4.22072291557966,-4.64833404916415,-3.9073176718693743,-4.025056349394567,-4.06051728544213,-4.195608277238839,-4.140298688461276,-3.9429189642440203
-2.8445281410185754,-2.732912667569202,-2.572813227328325,-2.694430032702526,-1.1725615500736606,-1.5036260598824287,-1.3888649714926695,-2.2990854886843364,-2.1641198570335987,-4.726666598930346,-3.5154242745235362,1.844727193919786,-0.6781778257893165,2.4461931564559753,1.1146666370501137,2.803755622673872,-1.2037592498155265,-1.60993892202211,-2.849034588809246,-2.98728489000417,-1.9083638348217657,-1.2157437914657214,-2.2844543890407145,-4.473490302625706,-3.6841534564135747,-4.686089947739981,-4.586327255175356,-4.524725141855306,-4.086672809425818,-4.194345341795299,-4.536567813418237,-4.050897858843518,-3.9725911494525326,-3.369682623223817
-2.8826881361281727,-2.7440361407812004,-3.1047883961771476,-4.339003493658824,-7.778550490712974,-4.1706570257112325,-5.4021714337467515,0.1401600247006209,-6.243284389006702,0.5245807901070245,-0.053257254992683044,-0.2883892356488821,-1.9038099870074097,-3.415488622065422,1.203841035279917,-0.5330703602997576,-0.47797663125524126,-1.604081168757429,0.09014255893174286,-2.5731378657037904,-3.2329296850880755,-3.0421378286651386,-2.4437536956657793,-3.3609142651786126,-4.673494155500181,-4.4387656090785566,-5.22068465680663,-4.113523699900673,-4.130358461658755,-3.823340941563741,-3.4676820682119005,-3.634195777222736,-4.218101483588171,-3.6798768503314685
-3.1476189914329615,-3.0291948921703797,-3.2083905323782584,-3.262908970543634,-4.182866777483919,-9.677653185552488,-6.420184585333852,-5.738495755229537,-3.1372376120999443,-2.866795487309033,-3.2704424535247494,-0.6767505942759577,0.9047902533797145,1.3229113365375746,-0.4280222074390512,0.8281542325694026,-1.3248475005921974,-1.9389726124250788,-1.8966782949173164,-2.862249573776309,-3.1410484569142474,-4.400215881837028,-3.675847699661848,-2.9494473131991255,-4.274098978396462,-5.3174788920552265,-3.9311326074304693,-3.0906776168810346,-2.971764204403454,-3.827380424943421,-4.000507886941498,-4.1193250546000435,-4.374567063967639,-4.406233606688579
-3.6443817776019753,-2.498356677840391,-2.866670000739568,-3.556008824053731,-5.245829828216216,-10.721114487042302,-8.929463677975685,-1.0628359148219115,-6.289577208233545,-6.045070463516522,-6.001719653224225,-1.886785656144714,-0.6846458388630023,-0.1551933794367687,-1.6168097219462831,0.022385786810230537,-0.5162403600642016,-2.5862577032964778,-4.263203310665739,-5.389248727295809,-2.1420008722529866,-4.140177984923235,-5.677375696297063,-4.9230710017763935,-3.7014738658219533,-4.0414272683368315,-4.1238547897631515,-6.0228467870786435,-4.983688384641673,-3.7856222203166787,-3.9069028047588037,-4.693211497055537,-4.569191611131676,-4.554787125178757
-3.6682854220958503,-3.6437887759615872,-2.341192693211595,-4.075008152127112,-1.0753978022735595,-0.9574322784824725,-5.872317166922883,-5.853826719918353,-6.703470534890914,0.6289572526537474,-5.411167035856936,-1.6527963956034493,-2.3526362995006873,-3.0639161206739542,-4.20161351736107,-2.4278917174307297,-2.370319852473525,-5.580949414284675,-5.161803924541645,-5.76937403684488,-6.127972413713206,-5.712670681597233,-5.514189555840484,-5.660162208485775,-6.6309473140545245,-6.844729297220963,-5.887904831248683,-5.026960480382448,-3.212853280863343,-5.017316887129876,-4.105260101812621,-4.1948208092916595,-4.2741667902689855,-4.576263762125729
-2.8522652265359665,-2.5153944441172125,-4.432491584841828,-7.615645209697395,-4.183462616107168,-6.66551096654399,-6.988098851825158,-4.8448246707361236,-3.7168592342014084,-6.763873965436928,-5.936909766029962,-3.9567301680098788,-2.3805111307069984,-4.478029717195057,-3.272632044873407,-4.646856398500089,-5.98119530272613,-7.155914687602431,-5.5823879938653285,-6.496573019278454,-6.449056028236106,-6.098621828681226,-5.743864180933307,-6.538488223737653,-6.814918959918795,-6.216075492616982,-6.378749058903609,-5.159206225440681,-3.7212018321757556,-4.4031239295372755,-4.862761963561182,-5.0819407391903,-4.726513734789303,-4.334373811782759
-5.1726336074921155,-3.4679860017114392,-2.513848415017123,-0.1902270727041267,-1.620574507535289,-0.866760645409755,-2.6400289032212445,-10.881050246706701,-14.248895693571674,-7.172458612893813,-8.847232704009215,-5.97925982091712,-6.35080944711883,-4.008093033062859,-2.5898588898382853,-5.662751565868203,-6.164631259362469,-7.054984865222851,-6.0733139070725075,-8.469142428204911,-8.456710086900173,-8.81701803529207,-8.322863102574134,-7.858125030983817,-6.529761555158756,-7.61020258782017,-8.126947262321796,-7.909734532534043,-7.638337923996591,-6.857085885124615,-5.699380761543091,-5.859146976747709,-4.989848675312057,-4.246477772259414
-6.400352475016595,-5.0994679644621215,-3.386508070673922,-2.9515760817163423,-3.4932774723021427,-4.9233513292962,-1.6675129191289348,-3.50320268216398,-8.324718249888594,-9.007475140841617,-9.16476709197477,-7.0531312672334865,-5.96648506553091,-6.268596249246317,-7.527715916557057,-7.152372228727245,-8.0341559968944,-9.28859510739632,-8.001192518058577,-8.279486580023507,-9.405417173879433,-10.016898640137972,-8.657553637331429,-8.136670682721247,-7.134795567350968,-8.347391969483969,-7.609371322661384,-6.5302518719688285,-6.879033201024962,-8.827109516790232,-8.880090395111411,-8.273469627574304,-6.487346030886857,-8.609217369322947
-9.237105644380433,-6.833213482113303,-4.603863240159956,-1.589288926114749,-6.951373785833142,-8.00313402902227,-6.0157631260734945,-1.0729793266834673,-3.7515929597998277,-8.921208395593647,-6.78513221954981,-9.071486557289019,-9.44169237752837,-6.4055706416436395,-4.00559267806437,-9.263585022324113,-8.702056687674691,-8.614663529836646,-8.885197713196286,-10.835866774043257,-9.127296022676154,-8.664222227775747,-9.29559129026565,-8.896039996197254,-7.750392510879522,-9.142726293276848,-7.046871811760485,-7.030864138531851,-8.114142667294685,-7.459657778632164,-6.749827578121695,-6.511347026774065,-8.910760449360668,-9.384008381798374
-8.91448638048422,-9.666084231659573,-8.279513795213765,-4.859681139788484,-7.00219335948483,-7.812822001695433,-14.52275539055836,-12.604403606270248,-13.304339501874585,-12.33145487747244,-9.852805725171642,-10.183993969529407,-6.633459986983853,-8.086602850097348,-7.696206931388469,-7.812797364473328,-8.996187866367594,-9.309111016807767,-9.370385004380205,-10.14294780814963,-9.129066527204085,-11.017844398542286,-9.767274431354501,-10.813328868660937,-9.780458350297335,-8.861198947909193,-8.651219428452263,-8.756306191111953,-7.127978474325008,-7.653934472264576,-7.8780139358030405,-7.014637872452032,-8.132498539004686,-8.578998157686826
-13.392556102725335,-9.268703921277904,-8.890066442097378,-9.792490525627265,-13.823088792447644,-10.72354613382698,-9.62107724098047,-10.384352747058095,-16.02352393024059,-13.570931132992094,-9.345505942892006,-11.218960283227059,-9.438518397976422,-10.490838705042481,-10.992332460976272,-8.999450045798538,-9.933867667587789,-10.399808892890599,-9.939721521935914,-10.300686627106456,-10.622508693051095,-10.379975495506704,-10.400277842743039,-11.94011461227938,-10.855405692882245,-12.47316520886076,-10.929793937842094,-9.232219478564765,-8.470801137780668,-7.027441195315243,-7.394847871185762,-7.714038965335633,-8.151751065481529,-8.036790934753915
-16.18538745335636,-14.133023945342547,-11.862192754812662,-7.791752987861679,-8.983984425812451,-10.225773933592755,-15.297010394348522,-10.367823083268624,-17.27889970290858,-16.01996711299752,-9.344992971445848,-10.114599057442597,-8.325972180370123,-12.007088956738004,-10.141537370027999,-8.536556472247598,-9.289744425350008,-11.166211462977698,-10.786822906241754,-11.46150157617971,-12.082214666175165,-11.229537924052956,-11.386527767871858,-11.98905972557446,-13.296520738993987,-11.746677935522422,-12.595869818127609,-8.968881442365616,-9.863076724428028,-7.87773838256141,-7.994154741396275,-8.355654895206634,-7.843158731332172,-7.77286943709647
