script/wind50m.json
{"header": {"parameterCategory": 2, "parameterNumber": 3, "lo1": 6.000198445256149, "la1": 58.999992894266676, "dx": 0.5, "dy": 0.25, "nx": 22, "ny": 24, "refTime": "2024-01-17T20:00:00.000Z"}, "data":
[rows 0 to 23 of 24, columns 0 to 21 of 22]
3.1826979946894176,2.1425189889427267,0.708448363811837,0.4282487492393751,1.4679480704229726,0.5033925479021079,3.1766204174747825,8.438115702209398,-3.5836580902043957,0.45111916610343866,3.129160908928191,0.8237675837361298,3.1137167240076478,-1.0392697938773034,4.684947623920068,2.933523057115248,2.4360674255265726,-3.2551348806756173,-4.00308090140943,-3.8603998278409826,-2.7414159506941984,-3.862645762475795
3.2116191065963684,3.611853446296899,1.5255873379962515,0.41672670637511894,-3.2785331425344157,-5.619052526809228,1.7830093612131797,-0.7824411382900496,2.339940403514114,1.7945841564435057,-3.987721517934195,3.9592467731826626,4.985449640161001,0.879302529921839,4.507569155712608,2.19835763682461,-2.962304521015795,-2.831120765188521,6.301104199602725,7.9714600744035815,7.78169662293583,-6.4487424165641976
1.9718448592237092,4.240959647826143,1.3877991312055489,-1.327196622424815,-3.3060280375797344,9.440351905896136,-5.270265088691087,8.328895377898485,-3.887726918095256,-4.907971058384629,3.238572345898994,3.4183603262698647,-2.347610209599244,1.624224270019038,8.753118362014458,6.186235615980544,-2.8287449240686273,5.744334334985977,0.9978531754951264,-3.5511045364877516,-4.5883484737301785,-3.146240143866686
2.377878860232954,4.639163566307206,1.0094632535326822,-3.939384239224418,6.912835032020614,4.503325101766157,0.252161310597128,3.3474247910121298,2.5799350102782084,6.291664899074172,5.250024582332938,-3.16966026411746,1.785995810046784,4.026399556693462,0.34603776043827944,5.216807575511356,-4.10403225081504,5.293630983753375,-3.5673388187899144,-3.8076267359261857,-1.0701024533010748,0.15435985748957162
3.4114825850374006,3.868043552279455,1.1425993952910491,4.288616605004441,3.6764503806542717,-0.7563389229122163,1.4587240631629643,-3.9499687358769173,-3.380653126423151,1.0789143179483238,-3.3530771089016174,2.4876425760000345,5.815594561930173,7.173794497064963,1.8863742423878447,2.29340701261998,-3.231644297377921,2.99675659522076,-5.480708851523747,8.843061523508931,0.4752250268410861,-6.130207823692772
2.240606339837693,-1.8283021370649957,0.9717530481224756,4.880357480659112,1.0465187233091706,1.3707336015641152,-5.65618160684066,8.453037886021162,2.0982248757408706,1.7354276013171854,2.702283686172835,2.4354564744446394,3.8009307306285582,-2.9772973522740998,2.595763510872649,1.9679216024836093,6.8795531331492255,0.9976432894565788,7.453952501217604,1.9650071958645117,-0.45791616916480615,1.0861948155355419
3.460061641477793,3.552526159298407,0.8269480996436412,3.2111935438213153,1.5630400333602068,9.436821241544722,3.5516201518236663,-1.1706074657046388,-3.3454519615536253,-4.048218033510468,8.656758723169007,-3.62984104223312,-2.378102800015865,-0.6035382112937834,2.8080318383614986,3.4456191404910212,5.160616809935172,-6.018694350870922,4.4402943923659235,-3.6655468174229715,7.857572172302495,-3.9789733191818164
2.3943180000275692,3.973255864259751,0.7300617377121382,0.8982522371907581,-4.855976661460871,3.81221463250061,1.8541941520492655,-3.831143204341124,1.5129560597235572,1.7208026555726066,3.27379550633701,-0.10179986298088294,-2.3113677962357966,1.5494273502418239,1.9369427115559004,5.034068335575076,5.227611684503493,-1.2950947369347159,-3.3142751888900386,7.557452345160505,-1.6133331986613966,-4.114744901967267
2.5791949103631815,4.031135579632208,0.9569653794254198,0.7068406696067593,5.886931814580347,0.37656687720721355,-5.520890403259233,4.220794600350564,-3.2339703584207165,8.071399166097724,3.835470113544095,3.2945771867859057,5.578921427468669,2.7100226944660535,1.8319925887593655,5.466352807576134,5.461310126799638,-1.5418824606310648,-4.686738796885962,1.229897641231733,-3.791883345452692,-4.039884707429162
2.0662781769675056,-2.0755952758906187,0.8065593343400197,0.1093005030315499,6.022731194587179,-5.536036669318478,3.271116135947676,-0.37402450054156394,6.47759685453285,1.958637465137224,-4.193643036814357,3.3284284091578655,3.828508570454706,1.784134724114811,6.207833638775332,2.3887389827878733,2.6825929824284103,6.089960277952991,-2.1433683626610254,-4.272336005511493,4.220150328386336,-3.954240961025324
3.483696982846138,-1.8431818114451837,-1.0918844065733884,0.4177376233249518,2.1837027594436584,7.783297990150173,1.6844206704358435,6.070466066220804,-3.318193040714458,6.130038615395939,2.612977729332471,-3.1332048096702336,4.43673375801626,4.107532022693333,4.278037744211134,1.9733993542706674,2.763874052933631,3.4041098441526083,7.290562308385803,-0.6142962824026679,-5.682564198382318,-6.295731907812919
2.545203031631223,-0.38963900817791197,-0.8275267926668745,0.0623183675098859,0.36567937832994485,2.173836535057644,-5.268864522697505,0.8173645392603769,5.891645302361454,0.8610936690084808,6.04177953162073,3.4850891190271667,-3.59792991516831,7.801563775966169,4.239099248168856,3.310115453011339,2.902768581272555,3.0309235132771706,-3.3236710422012345,2.5509843196162527,7.411584465623593,-2.5807526714238183
2.9231634129677877,-0.07436919492271919,-1.1108297690459787,-1.2811739313000055,-3.0851907151305342,0.2640469378085914,0.48028394314553097,-5.727039296865945,0.8726975694525768,7.006991877457205,-4.085290405484306,3.300139481411599,0.8069638257432983,-2.9660873658824927,3.466902609293319,2.090209689228694,-1.8265620141574586,-5.2182721901194284,-4.1438876671652904,-4.59938796632645,-0.6882315703985271,-5.692740411891576
2.8438309971909277,-0.2328217317842895,-0.40758863198819967,-4.151223916317971,-2.7833527032259373,-5.494387846332034,-0.9057752172899141,0.6674353337618156,6.385221379098901,0.44805042216701274,2.94536038615927,-3.1942948840555716,3.189849968225848,-5.811111454825059,2.7434840147620188,2.1923171076175145,-0.9464299974498024,-5.85623282136335,-2.9302315599562183,-3.909607289192076,-1.4800897545227718,-3.5195173225287615
3.45939636253127,0.45925294528863736,-0.6847572040999436,5.078962977313668,6.4963005068525685,5.894335108518739,-5.874565243840763,-3.9797875059941643,0.5151079122282511,1.8032418139378181,6.50594661009799,-0.4199263754529821,3.7157305343407057,-0.0056764188513219495,3.156691064774858,2.768460184631023,-2.381238650702859,8.17174587914138,7.318954161838601,4.759489920029576,7.5825210878952625,-0.9463282746987388
2.1537355757559205,0.6583103502196662,-0.690429069463351,2.173560992462455,1.7194473433756148,1.0138341985121668,2.0205589554353547,4.2444728751328284,5.637650058417276,-3.711267929718947,2.291310898406591,3.9663276304001607,-2.832468384412124,1.0247431148664357,5.555660584389444,2.447912462465572,-2.826367669337937,5.301506056306182,0.11773788126411883,-4.372440017133556,-5.94334219123895,-4.999469910588422
2.982182996276619,-1.8042998768432366,-0.916260783310069,1.7135398403312128,0.9115449417562311,0.6338615270682058,-3.1585397427742343,-2.0669714297782824,0.2876599374787123,2.3904320901169513,3.1803147276059973,3.2866620768045944,0.001313711644413335,2.616895774482166,10.062796774936503,2.604602931665213,10.63032124531993,6.251104810260392,-3.55852688191667,-1.2672352590116405,7.63525842254522,-2.0892725323814085
2.506035099829273,-1.7565133718932298,-1.8596780519633413,0.6058873914347246,-3.415402700654981,8.549201041988786,-5.400967241099272,4.4086698908083495,5.397865020401962,7.286233498190789,-3.8278199282929948,-3.2396305682590167,0.45137389835362035,1.6751273477718163,7.140268403621665,2.7402276539978403,-1.8825770867847273,1.7948693243965377,-4.631861949409275,7.913097000223306,-4.126133360554293,-3.6100466067697123
2.601346643318912,-0.41989644180950436,4.474629529365842,-0.08719676310375954,5.693049309233383,2.388560052611663,0.29278586431541653,-0.8395173394412928,0.09787224192076294,1.391142712618457,2.8794450400274423,3.650533684135773,3.5712009595153247,4.211932835668967,-3.2604558354378863,1.8675290077623599,5.3841204529083955,-6.20828989584193,6.7248089560561395,-3.1173069978612675,-0.4940870078931641,0.8127909220116191
1.8488137108199925,-0.5120982314002777,3.8969194430685534,0.08779076996474862,5.75380273975678,0.7618532891467421,1.7778989165209662,-3.817307795436239,5.338765892979041,1.7376494706070742,2.9386539459576633,2.8392691613016052,3.2054250959964095,7.3251732468936215,-3.0540206404254637,3.095901822610108,5.9633909404155965,-3.3754544263457222,0.468584835557441,-3.554165188791074,3.9260641137021475,-4.887913570246525
2.8634643067512866,-0.44061528169081476,3.9943635638135824,-1.3980432396072187,1.619546972558578,-0.2591804052720235,-5.483406666451465,4.162623593557242,-3.1103992548539123,-4.9494536864361995,-4.823664409009096,-4.100153636902431,-2.0738904247283036,-3.5440311505724753,2.8210436482028367,3.493776824070058,2.1263412313019034,6.230512167951481,-4.837011250299205,2.560236921408902,-3.926458429429244,0.07018313521407013
2.1014292284168636,-0.07686244543280546,3.41006512268274,-3.518154037599108,2.2822741355205562,5.290775484340159,2.0954097707019446,-1.6712592039212706,7.7426964988354126,1.8270190843842524,2.852895269950602,-1.6797738446750117,-0.6509809290245951,-2.135631698482498,2.6579180145271355,1.4093789218371617,2.595074570257307,6.808766054440415,-4.3544777341538,-2.552826852933313,-1.248654984078441,-6.885997540431365
2.481130862305349,-0.2643655380481808,0.5399606848737496,2.4304923245221906,-5.343198303671734,0.5003089749817959,-3.9966835410024797,3.787090879407562,0.538734521214566,-4.6783872215354325,1.9894372625782832,3.4506861319332915,1.0067670321598228,-0.3926469854577966,2.6704403677099924,0.37548621842292257,1.5924615175361174,3.33677993379549,6.9462025055446,-3.85991870088242,-0.3510497804683343,3.2615549925732714
1.9070603926838319,-0.30631040532887693,0.22122657570242069,1.397353220332175,8.258274908115455,0.36276959035438827,8.339123400425231,-1.441956610689007,6.359835527560724,2.412216287920381,8.92532490295824,2.6776955820762556,2.7790239861850647,2.599953546821444,3.0103557628062774,-2.9822491843897616,-1.8873612287969719,-2.2658141806259833,0.5859498534529722,7.538749246808675,-2.6683405577839796,-2.962645743998303
