script/wind250m.json
{"header": {"parameterCategory": 2, "parameterNumber": 2, "lo1": 6.000198445256149, "la1": 58.999992894266676, "dx": 0.5, "dy": 0.25, "nx": 22, "ny": 24, "refTime": "2024-03-07T04:00:00.000Z"}, "data":
[rows 0 to 23 of 24, columns 0 to 21 of 22]
-6.158472635842921,-6.891874097310088,-8.182177494241207,-3.4361361463253886,-6.1503413735553,-6.452526112563507,-5.957049144868382,-3.7560086758102518,-7.721114608213216,-6.6349102687315975,-5.7283081279905295,-5.865519960593066,-4.146863589640362,-2.0300294778899763,-3.987259132578,-4.17797054700496,-4.383604537440564,-7.396887640005181,-7.085496784031877,-6.585788006837091,-7.026522749832664,-1.323831140125143
-6.956187963726304,-4.264175609707152,-6.645483383021236,-1.6382181646798857,-6.001709594522729,-7.345781258696572,-5.394568297931379,-8.462913942371657,-6.639376073398832,-2.9014028100228098,-5.555081746434657,-6.253431412734296,-3.477448815483347,-8.086116327494159,-0.9848393929535093,-5.416349147009222,-6.745586290489988,-4.907759914600871,-5.175036487459336,-7.083641799328014,-6.714651816463639,-0.6912781524552493
-7.12168759616745,-9.150406110036213,-4.234207083814935,-2.3713701534593863,-6.423455992533401,0.8384514751953753,-1.4321091036674305,-6.7942088501641935,-7.1116494115956215,-5.633686480642047,-7.933770181841115,-5.388951522708834,-3.66290767144833,-9.898710946252526,-7.030443927445582,-0.8565652119120545,-6.830567065976591,-8.90749222104926,-6.335979299031122,-4.114606351858914,-4.361113735660085,-5.029803207514003
-4.579348675150033,-4.849283156507045,-4.091183556422013,-4.964032947148795,-7.511643997552049,-7.156440936111008,-6.119324785779976,-3.9591594583889713,-4.531127130553664,-6.345512893442845,-2.3480441370438543,-5.820633497122344,2.9414140826583344,-3.8008852742170363,-5.129641033450784,-6.676530434748156,-5.2321113070114205,-9.131710532010352,-7.681309508656737,-7.039086951276913,-5.964148406541952,-3.6323367899736256
-3.704955875097959,-5.231030237592551,1.778833233771348,-7.060591605712953,-1.2233576943173767,-5.264887278087976,-6.27090714871586,-3.8107148115514575,-10.051052728269024,-6.0425626795693255,-5.330529772320775,-5.890217219669086,-5.608348438699347,2.2497117037584924,-2.2627311115831596,-4.53582822421912,-6.747530008432917,-6.45055193664167,-6.716754216710561,-7.2107358497434415,-6.064256530023749,-6.54781406220388
-3.7503068128844825,-5.767723033807843,1.9975067686553125,-5.232450147520405,-5.264582058626499,-5.597578820240446,-6.416467089888631,-5.200041877205262,-5.040413367452252,-7.270356366223605,-6.091932119946127,-8.315262627269806,-11.635541778751444,-2.4731067037066516,-2.040379825055816,-0.17875664998513924,1.2275105837345048,-4.8004099283664745,-3.3509333897409204,-0.10678242379017093,-3.5005360073287055,-3.2112837406407313
-7.922268689973632,-6.903897073895427,-8.630467029214877,-6.752228021780299,-7.58953208464943,-0.27240402236548833,-5.22528153843605,-4.897771300480788,-7.498815736200642,-4.24710476969264,-3.3661355510676865,-4.672353135569443,-5.822074058472887,-4.98622878207312,-5.43311505167249,-7.479737640140439,-1.3521151588667109,-5.778540024104559,-5.460759064345415,-6.968305573867476,-3.454574859702443,-11.968087306743572
-5.673510448873938,0.38783994978272784,-4.256881493873728,-7.806253952121972,-3.4881375237890464,-6.637455498937202,-2.504067045074477,-7.464160833265942,-4.169693477105755,-5.078146007747668,-5.004622458377308,-6.762806997094007,-6.667074030648385,-7.349310681162043,-6.740652704328155,-7.909806550849624,-4.465045730339758,-7.026951390486836,1.7448089142785432,-4.714854406739297,-4.752661003397297,-7.542234045164255
-8.874469919394503,-5.604190779535831,-5.353581226966565,-3.8689271700020624,-1.746459984149711,-7.606350476744319,-7.315099953633007,-9.65624389222451,-7.250211213099235,-7.262591623549899,-5.851710554266249,-6.413719143692547,-5.115786483740244,-7.520999833281636,-3.8789685034793546,-5.946216211715505,-7.377310739825765,-3.461038205111297,-5.545988500637739,-7.112205879773435,-7.2535136649752445,-6.0684058027718795
-3.29991928029799,-4.6728342766695246,-3.8564161839643267,-10.095791187294694,-5.040109398121293,-2.9601594706655456,-6.843991720400809,-6.454921587747547,-1.406189602883827,-1.9336947491035061,-4.636408592673771,-6.538984071729956,-5.920009898548362,-5.741659450816257,-7.690169374675883,-3.3709892080017747,-6.469730704460452,-8.599523323043504,-1.559884136722354,-0.10954507727136246,-4.521476982761087,-6.655952870822839
-11.468054982722007,-6.759343123040623,-7.9400204322714405,-7.308096388579591,-1.671336217852394,-3.7691060962226324,-2.28673071515396,-5.034022151667333,-7.009866493521123,-2.0955167496345175,-7.45904816271949,-4.589709378163659,-6.0136115146346345,-6.217173448187076,-5.355727857750699,-3.2203051479570814,-5.861926997240647,-1.9700763783638464,-6.148324695890825,-8.838205448146232,-7.063718857533051,-6.782797013251652
-8.4548314908037,-7.637042198050542,-3.7473879073707925,-3.5441304363883637,2.515928002527738,-7.023396083440362,-8.713011381945847,-2.406231612120056,-8.148934395448254,-4.374558135203726,-4.6219956312535855,-0.9740098257940494,-2.2018438307352204,-7.69975316931154,-4.116688428509696,-1.4296286716935263,-8.911287119628374,-8.49807351257435,-7.089281493911025,-7.63787375530791,-7.020851930567662,-4.6572590785266215
-2.0821105199889076,1.1354442327000938,-7.820445165888337,-6.24196752079259,-0.7566177152105718,-3.7386187926670718,-6.262981431256277,-7.338018203734997,-7.295606240347285,-7.37167258335938,-6.169808944422251,-7.253983352754024,-6.051653473124299,-7.795495766763791,-7.50751081193159,-5.838996431730903,-6.265980869838456,-5.301349189670954,-7.299302098281225,-6.666495543996729,1.573760350978572,-3.6982434581848413
-7.485533695205912,-4.540488966644848,-6.263534590957678,-6.142418559885428,-5.207438290967883,-5.162576784224886,-4.840239681360498,-7.088057672394747,-5.016140163491218,-5.179641253699965,-2.168210453053149,-2.596175556105572,-8.823249683196478,-8.806420864124911,-4.837466593739854,0.5845226607151548,-3.7104434346339974,-1.8946502629306696,-5.877150149516552,-7.281460194991205,-5.211212590622671,-1.4204704555394005
-2.2434781269651025,-2.0719277900414586,-4.5549107157222695,-4.808710855180667,-1.5938291358549515,-5.068226496871831,-6.114686643196147,-7.200001885934633,-4.099545615229869,0.12702600033604225,-6.287200189340288,-6.393039208817278,-6.630363473035479,-6.5585745228403045,-1.3295303507663443,-2.06812509871136,-3.173109586796829,1.4113957180130157,-0.459009155136163,-7.356758989030137,-6.237353806952401,-1.8485070923099403
-7.6643694265658056,-6.902873881813225,-10.025203672389356,-8.019130827694301,-5.395306645410423,-2.527219082684684,-1.6225567914517318,-6.971698655792278,-2.6856146033787267,-5.085324159215802,-7.188496535084547,-5.824166919670617,-4.025885288206893,-6.469812750377131,-4.053566774420711,-3.7420192858773573,-4.653090743531487,-5.948125782804729,-1.43318955684082,-4.545656852340113,-6.840140056718298,2.5190364207251195
-5.739925333956617,-3.4200051656506223,-7.4972105431447496,-7.810965770937459,-1.542279956943601,-8.179526187840835,-6.255610721658493,-5.6037430729854645,-6.692581930109693,0.1203441537516471,-8.600316540708832,-5.781629625659172,-5.7140610927010425,-0.9109060689607641,-0.5519690868657239,-8.367506612754417,-2.846926444657301,-1.6057351200684178,-4.314488264412611,-6.099011641703153,-8.757779781152484,-4.2616329788346325
-7.022295528885385,-2.24838921634732,-6.694037029482527,-3.287544279118657,-8.417667821441123,-0.11783579570167314,-4.06039765988219,-4.954124775229478,-7.075451571098771,-7.012678005129934,-4.829159523571822,-1.518784790257851,-7.829155463409743,-7.14312993993086,-5.04101506284078,-3.7346659636552713,-6.531276931114818,-5.7166685622851166,-4.655995668065535,-7.794699210649818,-7.541705338767743,-8.249626852925584
0.14620213219574382,-7.625964181233014,-2.5096471258248285,-4.071031222101915,-6.855611264350116,-7.782750229748531,-5.935116706731374,-2.573958203866164,-7.225255764788954,-3.9936025510754534,-6.8029387065516636,-6.509655608728463,-0.9879257213326357,-3.904868031533182,-4.618926997177762,-3.58878976609281,-3.9074818165540655,-7.8864232044578895,-2.9399345431048096,-2.082571183386196,-9.649881727470477,-4.354032267200499
-6.308087637541664,-7.43777393403991,-4.790957114603079,-7.691513674033492,-5.684661685431681,-7.290112456734141,-7.873151879827303,-5.405075141723998,-3.722077827928805,-0.778748930370032,-3.964184539519758,-6.137469625567662,-3.9392468473497964,-4.028198322238459,-5.9642982327000755,-4.361246073189767,-3.8738902036768783,-7.0062225987783995,-0.42700906897984475,-6.512003335688269,-6.385084480117837,-7.619263843095516
-4.675017037743554,-3.716674968707478,-6.979543120456813,-0.34873011506538254,-0.7627661177713888,-6.7753034508517045,-7.061227806054236,-4.970940457083353,-4.286760365916257,-6.610475810654904,-1.807360132620905,-2.4243819065143497,-7.334413842257356,-5.651054356226661,-6.745888131870126,-5.891538009786753,-7.283121249890457,2.483626887513738,-7.666121654607698,-3.0052502295149726,-1.400541306353978,-5.890801711523796
-6.052607100249488,1.6234542653555089,-8.013361958874421,-2.0296175126576976,-11.778298607183412,-3.529337693217347,-5.758250866151009,-5.046216371971803,-7.465055956407802,-4.973097412597613,-7.826934236051076,-6.831034668101087,-6.704309311643652,-2.956417043512741,-6.932235026894766,-6.100676216185156,-6.49089870664362,-5.0787795865765215,-6.693539077993085,-7.170723157972869,-7.828993794397755,0.035149353473999466
-4.38399863624504,-2.8018160283352707,-3.518472058738209,-0.6174056823576209,-6.593016839173293,-6.905716941024055,-3.5880383931730613,-4.159844078879101,-3.6104452291972953,-7.35185020060565,-1.4184448945288735,-4.254829635514581,-9.097317457795837,-1.0770884589032372,-7.229711689653086,-6.9694819219386135,-7.260983554192665,-3.7990569789714566,-7.701520564910651,-4.884509898321517,-7.110249022361513,-9.318461876523845
-6.9310304113822125,-6.339394801830889,-3.1702712610464907,-1.972705403671591,-7.3138315434220145,-7.467919314160678,-6.756470768060046,-7.698606045765377,-1.7217980487476827,2.5953792590648677,-0.18417616161457784,-3.511526925662694,-3.830280828838206,-2.096715981272029,-2.8421186606996525,-8.439550989112313,-2.252150090082574,-8.6463167594645,-7.580614303280006,-1.799750298060819,-8.56465267916294,-6.469049664040326
