script/wind10m.json
{"header": {"parameterCategory": 2, "parameterNumber": 2, "lo1": 6.000027932988019, "la1": 58.9999434238085, "dx": 0.5, "dy": 0.25, "nx": 22, "ny": 24, "refTime": "2024-09-16T12:00:00.000Z"}, "data":
[rows 0 to 23 of 24, columns 0 to 21 of 22]
2.8319594797352474,3.9866659847333468,4.024551542851257,-0.7891089023349761,-0.6375227475777083,0.35153746534071284,-0.3579040906483867,0.06104391032183359,0.7670910388974203,1.3132104568387437,1.6141256751623256,1.0626565807797514,0.14258079946430394,-0.30430158625535575,0.02007434507010715,-0.0036585366012958967,1.3933406003829927,-0.5158125546932627,0.21289185711635888,-0.6151087777641983,-0.0020720321518163435,0.21506513217721007
2.3132060203260782,2.0748855830343618,1.6001964910655668,-0.4965428838280731,1.1618505156413863,0.37186986209043166,-0.41503283777621924,0.6689645020222825,2.1374328336857853,1.9453153589132015,1.7468364276864903,0.1586215669156223,1.0563137752833762,-0.2291707096587513,0.6461780906327854,0.08942956524429943,-0.39060089139199605,-0.2971056845076115,0.09962708051297267,-0.23149954430626285,0.7807720957898273,0.36926554188509403
1.5363653506410724,1.339897505967426,1.8481427424913013,0.8076644376746567,0.5698701307584508,0.49424720178581216,0.6765392949654765,1.5212837361121296,-1.2204086674640324,1.7229617204750765,0.2662526560538032,0.1615314904424709,0.5179387074935068,-1.0814087158391905,0.32284270828903233,0.5794684744347999,-0.5465158377025594,-1.4891063697616749,-0.08319726325111705,0.4183262328366457,-0.12020771141025953,-0.9220872224845281
5.8030429194579805,1.8768719279973343,0.8141926795482897,0.6805842599122603,0.2981453316924783,2.6393843996576543,3.1140056755740817,1.6028662554451978,-0.9705167517636146,0.9643534962184948,0.1453824251330892,0.42254880681970963,0.6419844359372748,0.35721566318676806,1.0524401278064957,-0.5954216745663421,-0.9440828395440412,-2.0735797364178548,0.14495465461991797,0.5614117479970803,-0.038161385949004416,-1.0987447540359823
4.009170685530809,6.037281725642028,5.451437735979543,2.9632945302658857,3.694652138697189,4.138588432063176,4.116857991456562,0.7458983613213621,2.226881327384345,0.4455596785335232,-1.0478285917030885,-0.1607440593251993,-0.047733481202168804,0.04125617405123547,0.12425479178398988,-0.011582711168479358,-0.7111771991455124,-0.7146193825651244,-0.34196988970882486,-0.17819554322059342,-0.6460324218125011,-1.0183901954169605
3.0878756530595655,5.272733878148695,6.8420507793720065,5.4793952206092875,4.052028929298423,4.567067829028684,2.9884570233863776,1.9055639038268541,1.9822962865526819,-0.6409579248809872,-1.0286144176278376,-1.171110140802079,-0.03795944793313528,0.36197090335920173,-0.5090206391646706,-1.017894782738078,-0.11658064030902131,0.25534214278859063,-0.784020186852668,-0.5427676699041916,-1.036461588020757,-0.6768420269469825
3.8267534555296465,4.11963910359411,5.263389831119602,5.046113450143961,4.096393122903827,4.338749799262817,0.9143374843351105,2.075749519173415,0.4729858752643312,-2.135526275466071,-1.999231144725466,-0.8776285031373164,0.2189489109033497,0.1627664614337912,-0.7694359316743627,-0.862031814826573,0.20613691279813212,-0.47821851701734175,-1.087024288693163,-1.1717217319013653,-0.7631470061370921,-0.7103292156847939
3.196716026131637,3.9722877621931425,4.015991196107535,3.5488013515713006,4.21294007359778,3.844800620926707,0.4690462965064912,3.7456625276183195,-0.8809718655535681,-0.9073628448279373,-1.153575194110586,-0.47684358375016483,2.6154794623858164,0.020160635143087607,-1.084051452681747,-0.7596264573400525,0.4830694224251852,-0.005763145744570029,-1.3629557610052734,-0.8393677449875881,-0.773345400288824,-1.3202311728767806
3.1000298177967633,3.408674398861409,3.2281407573055385,3.548097448751589,3.7362427190194665,1.1022288935875348,1.593241178000847,2.7586672700623622,-0.768855701370485,-0.018934109057569416,-2.4384028607916366,-1.0271916362758005,0.32161907588046623,-0.7343830541629427,-1.348952735115064,-0.5693932050733752,0.5000538302910189,-1.1248147725860875,-1.1658337862224646,-1.2633097005729792,-0.8315566792363257,-1.5612124897053283
1.822042864532217,2.558910074585403,2.1431146196225925,3.2549939721971293,2.9232070145297304,1.8247419125670665,2.284054260061116,1.3690229579570852,-0.45447108024379596,-1.4205325571892402,-2.522300417319651,-1.1266318879542585,-0.617345163550088,0.40544797707596675,-1.2515465756729343,0.11080882480333742,0.37542847182478534,-1.377405479930701,-1.4697545618220642,-1.5664895362636193,-0.9079492384816217,-2.2662295450776155
2.2148122034993167,1.728016937756377,1.1917768718560098,2.5422884797222283,2.1411344016686518,2.9625082009508716,0.7637629263162725,0.8032716434542471,-0.0021799258787185767,-1.8295528120780038,-2.9817286420096893,-0.7993833137648148,-1.3967349839708851,-0.8036433613961292,-1.7335866819304866,-0.013390114239886316,-0.5925440396721454,-0.8151145065910251,-1.6561904739778357,-1.5504168029923393,-1.098248119865929,-1.8087525559973132
1.2323750446173494,0.8766801764828305,0.49811866319049836,1.7593863298990022,1.5816356683180715,0.6143657969675478,1.2078171892064253,1.135342855308442,-0.0947516324322967,-0.8315870264285665,-1.8879559109366846,-0.8886368584105165,-1.7452791504665868,-0.45105045287860357,-0.7604867384976697,-1.1680667721708382,-0.19237648454605502,-0.8530435296617409,-1.5546758047335347,-1.7590780047507477,-2.0198891980418225,-2.6327452685544808
0.3934204042568462,0.14614562938584824,-0.7171863734383364,1.289010844434468,1.0873684342855474,0.047383460245822434,1.0964157960997611,0.18147635693836403,-1.83280560469257,-2.8310266317565715,-1.2125356111046066,-1.063933335848626,-0.11781840356242307,0.7442706108562539,-1.2537305004495645,-1.091593622756899,-0.6540000504251097,-2.3109222581678757,-3.2644747511336725,-3.757221039415937,-3.2804619322272957,-3.632631617426857
-0.2891504131670853,0.631014794848356,0.18594458174995368,-0.9831883429564849,0.8041763241050863,-0.20185669052087357,0.8405300441186933,-0.5884723929365339,-3.2128146574675793,-1.999429530586845,-0.6914902982047268,-0.520593332670775,-0.4638980168686538,-0.18906392606284397,-1.4296580382006419,-0.690054799901233,-1.1890778313758559,-3.390632623964188,-4.967456387043462,-5.5169094338266165,-5.950603811581338,-4.97617815817778
0.8253552040777821,1.4897043753116193,0.7273629335757704,1.7327182475222362,-0.052872123375782246,0.1900246949684907,1.0159668562376738,-1.3195026886847854,-1.5681734907308797,-1.5136067108493656,1.287174529562955,-0.4124084393022695,0.4496759032230306,-1.3843909226516093,-1.0953475740945178,-0.27768190772861256,-1.3641124302787395,-4.224110087137607,-4.586336407465975,-5.051138331308991,-6.014739035464613,-5.1910870401943665
0.31176548491106987,1.0177362507119774,2.617562030348431,1.0508086767651315,0.43948853656251763,1.3197623010589257,0.5550906784089911,-2.2365441385260842,-1.8571349759162585,-1.6550202719214258,2.13070831420473,0.2384889481386223,0.5052494185246846,-2.1078783205646943,-0.6793654076953403,-2.492673011774238,-4.2722141149106525,-5.137519235216247,-4.502482106329158,-5.559091952363081,-5.757408529847452,-4.7445993671448115
0.5556674012449028,1.080021496894453,1.8998820483864691,0.9871417502941696,-0.9516622957277142,1.5090356044543365,0.2952664777934948,-1.6666809522192867,1.997521816309593,-1.2991158831356149,1.3717442610433048,0.5889746254095394,-0.37951906753837916,-1.9509024493869316,-2.345854058806236,-2.414025724542102,-4.4605737059306465,-3.7678309549436078,-2.822912820540169,-5.621943722193801,-5.706040871768214,-4.990401182299903
-0.20920677991508088,1.3976798989737143,0.8651093275918594,-0.032760807233098564,-1.0657516021397955,-0.20306416909098143,-0.4377378882048012,-1.603484153221025,-1.860782072760408,-2.874644722609402,1.0630361807425484,0.1833771529566192,-0.455189673401689,-3.150377144179406,-2.7234604786686902,-2.8997860902061854,-4.433316064252963,-3.433623606967777,-5.0432332694450075,-5.507429196381415,-5.162995929179183,-5.127225954857246
0.3684599423390582,0.8973919249075603,0.8450640790762893,-0.26321598432494286,-0.47187568666704516,-1.0690549791730604,-1.3726041107606255,-1.17786888377413,-2.474012955561194,-0.901873961691233,1.4441098746845191,0.24899341511655965,-1.4124563216897217,-3.2837499316693632,-2.4671864674844524,-1.6949003511516312,-2.909196816952659,-3.1990887038825533,-5.002461212003759,-5.296135214915129,-5.2077336564869405,-3.033591089320476
-0.08887380724054869,0.17060187494546722,0.5030429847557535,-0.4874598203376139,-0.4037576446333198,-0.2583990109406704,-1.107945392960077,-1.3433275278627594,-1.965832596734551,-1.225960977575661,0.9712620783756895,0.14927187924534294,-2.036521997125448,-1.0596110719093972,-0.7082454216177099,-1.8624555461294305,-2.0914640207945463,-1.905170606632154,-3.707384581865862,-4.690988647201242,-2.818980651298215,-1.321294685044269
-0.7533968118926696,0.09857543905437902,-0.09144848155741421,0.07896794089767009,-0.18568083230726853,-0.009907653112757604,-0.3321935042273196,-1.1891815320122145,-1.4763938588885146,-1.0157314210987416,-0.7811275708993864,-0.4642877437731953,-0.47307206250537204,0.0077258686731192525,-0.5715797001707175,-0.8211707490299793,-1.041446088569341,-2.4673769931317273,-1.8829658250297276,-2.015350462543629,-1.3395642756218056,-1.3525426790892345
-0.660537488574847,0.08183306052051653,-0.6907093981300578,-0.4735591696924443,0.28362734640059184,1.2476145582560851,0.40854518993155103,-1.1384042686940576,-0.8542504357941558,-0.8396720914069365,-0.49389169498445046,-0.14290785915817353,-0.6980147541909983,0.18660831835879957,-0.42143081444283487,-0.5472067108889808,0.8714450635793962,-1.3809688365349038,-1.1615478055067328,-0.7408864868183361,-1.7585638147445979,-1.4091513048089044
0.14051616938606337,0.5378760356472356,0.49261068936571,0.23522996578127608,-0.13713536996098782,1.6393970805462572,0.12287829066759737,-0.47289452871216725,-0.6573496297124842,-0.6078658504775636,0.175254768043287,0.21109364177273032,0.18013796966553958,0.0862954006591035,0.06718414832405678,-0.7174697667716446,-0.013927965154571655,0.17278426058222665,-0.7465415558219123,-0.8948515108722536,-1.5788720351867709,-1.5836407502670646
-0.18153978769548682,0.7120665802287258,1.7745040684041058,0.09124953896477496,-0.00755404731919117,0.2304788323479061,0.27912369578596824,-0.8667832445946562,-1.0490307810559008,-0.2886826784064845,0.21359460906465824,0.7060876068504167,-0.25005920094814005,-0.418787187296516,-0.15284040367145732,-0.3684961131823806,0.5583635758444125,0.01090135303614004,-0.7703598246646262,-1.2932745982531109,-1.2458008553749487,-2.7827637510561645
