script/wind450m.json
{"header": {"parameterCategory": 2, "parameterNumber": 2, "lo1": 3.000054539987559, "la1": 64.9999836372058, "dx": 0.5, "dy": 0.25, "nx": 34, "ny": 52, "refTime": "2026-01-12T07:00:00.000Z"}, "data":
[rows 0 to 23 of 52, columns 0 to 33 of 34]
-11.592171102481887,-11.504908595497222,-11.383209067189089,-11.867188135317434,-12.147274476767263,-9.488276942990813,-8.16428181611487,-8.16624129490685,-9.593600434317146,-11.411897335218194,-11.973528084733523,-12.667266150715687,-13.63549689734183,-14.335534988992139,-16.645417782333354,-16.20595235833541,-14.418170774017009,-15.176982320524077,-16.626995459991925,-14.853161845238853,-14.962786991265931,-9.191644393874407,-14.348992491061002,-10.159615099079915,-9.386155279677414,-6.012924944325659,-4.987363316783795,-5.442001428654554,-5.593956253224288,-7.943596462819028,-7.47975649221445,-6.920995697698355,-6.047293200163715,-7.697819907797091
-11.630501472815684,-11.758938659255103,-12.315927576567667,-11.891221319345343,-11.985558128090219,-10.176899083602562,-8.907054660616566,-9.060507340337182,-9.19435190030341,-10.848643682292861,-12.028823628931992,-12.67448234835327,-13.022819731354222,-14.366155183827054,-15.776834271425294,-17.552287954807422,-14.645653775849347,-16.417513030595735,-17.90195750758255,-15.66740244644412,-18.21222890800339,-13.319692313044532,-9.62076844715671,-12.72040444117353,-8.329478975966996,-6.258501526363069,-6.035778867379645,-5.810261809262016,-5.6666041971732275,-8.366025651369721,-8.35825577497151,-8.030320903120115,-7.61702270559891,-8.318950398179608
-11.099820411658452,-11.921079078129546,-13.654235118357263,-12.6438251697468,-11.835852712995955,-10.078093307818884,-9.02612928964418,-8.824208500518335,-9.207457499358403,-10.910778821283026,-12.31099567016897,-12.453026571044054,-12.741888092145754,-13.940287021812921,-15.716798213624179,-14.798353838339613,-15.334572384478516,-13.686938278322735,-13.830802911058646,-11.714365035555527,-18.124642732675692,-11.18080945573965,-11.275830951976136,-10.294493013466512,-8.530589520970354,-6.369120891621284,-6.805330735056618,-6.763881038590436,-7.745015434959329,-9.236260221803747,-9.132048314546529,-7.461182514761183,-6.45782010752456,-6.403555878759943
-10.784695565246768,-11.259424522678891,-13.451763982348774,-12.626400042523004,-11.104199942016466,-9.358296760402027,-8.521502665124764,-8.004985582162393,-8.789871007981553,-10.211519533396975,-11.811750580481233,-13.70626294146761,-13.51227003959268,-15.445899976489812,-15.925891602359508,-13.931042910664218,-13.470269915735615,-13.376951079086078,-13.28797169498829,-12.344653005684378,-16.138208729224132,-12.215276354924379,-11.19086551263202,-8.378936512027483,-7.9413457778861805,-8.429532726472225,-8.650396994677523,-8.788942820956022,-9.011238065863052,-9.324991664484182,-8.880344963845806,-9.102352956369662,-6.888813949668246,-6.71146402289963
-9.964716825358018,-10.414380931247276,-10.853320930154503,-11.666419655493444,-9.597327891753535,-7.42217942240959,-7.117994680415433,-7.440364229340127,-8.712173445561696,-6.23946260373615,-6.035373743593719,-13.929046205431979,-15.336826636395793,-15.775636041529562,-19.866979908593347,-13.820225493135034,-8.574586435386202,-8.085189375567778,-15.248901136927563,-14.790601198664406,-12.97560114703719,-13.032031068000565,-8.040094487186181,-8.319053310706172,-6.285471905106265,-7.0175876976727904,-7.84322706332583,-8.334562563457025,-8.914959253679166,-9.771970848068268,-9.420055352142732,-9.23075411655552,-8.984980572796609,-7.862801252321037
-9.981861724627503,-8.964960126864952,-10.298031772118957,-11.786223501471552,-9.27371835294916,-7.363188938747791,-4.689560949630572,-6.137230382047623,-8.163591407735893,-6.868291079203473,-5.12368160197807,-7.368587591057195,-14.639078645546556,-18.472140285321533,-17.42576877036192,-9.919807844144739,-6.373737874954593,-10.335852984798725,-14.313445649158796,-13.444466872824995,-11.966438032545147,-11.572025724534154,-8.335099442328339,-7.10765676447451,-7.091042410634657,-7.6584874557238845,-8.212321553834308,-8.618824558019204,-10.484365440275885,-9.916555560016125,-10.597997829155343,-9.026864115609705,-8.641182466189003,-8.061591586485399
-9.82276076533312,-9.43359900501041,-9.527123499097035,-11.29889360659212,-9.374915552099004,-6.721991545091466,-3.316096948273301,-4.0498641293765,-5.051920652545079,-7.031279446830187,-4.53730764321001,-4.169627271921754,-9.75790913803381,-13.116974623339933,-10.424373315033144,-7.747447037327852,-10.07302265694578,-12.430672445209103,-10.959815350174445,-10.930585588701565,-11.68610941203332,-10.12906296022022,-9.153243687030063,-6.7336616285206405,-6.8761770534601485,-7.079537604008817,-8.356865507623354,-7.92551979129307,-9.002065136761077,-10.676821906025937,-10.196776663183869,-10.572025449045126,-10.516909246370044,-9.854465778916497
-8.93639908028028,-9.228644085155532,-7.518623263769072,-9.870446271106381,-9.280660241972019,-7.121824969225074,-2.7128127685245804,-1.705648617267072,-2.610354476951932,-1.1371768120461119,-3.9393505834005134,-6.6398391965413746,-6.2462108391293665,-7.496963817265671,-10.22512802221998,-7.665992630506197,-7.970693166867041,-7.535387103864182,-7.11994154217644,-5.095198648729289,-7.458666922351036,-5.9023685090083085,-9.452229653976651,-8.304240610506339,-7.081440755534801,-7.549902531977054,-8.635394416805125,-9.681108961897138,-9.11463728986408,-9.376584205676798,-10.752569455443043,-11.698289214806245,-11.865787391178197,-11.83249003837262
-9.217958247824093,-8.602889006454438,-7.997949959449014,-7.27092442412385,-8.732919816197658,-5.932848331869733,-4.536967789980544,-1.5990828154780818,0.14758277854840704,-2.1387870025655222,-4.581195966321484,-1.7302868203878985,-3.0510476277514336,-7.6176382209513465,-4.4964612496280285,-7.461930914579477,-9.849637777420426,-9.058985093573993,-10.929227918331417,-10.469546235592896,-10.1191026214065,-6.3253797963523475,-5.711237374557075,-9.003076045161375,-7.359135699592085,-8.685404776037206,-9.063576588930877,-9.764340947496777,-10.946684269722876,-11.947067711664445,-12.060760698378491,-13.820630503880777,-11.388312400534824,-9.51001833026621
-8.759153866034065,-8.24724767145037,-7.840795328551721,-7.089504737392342,-8.20597212781747,-8.635972035375751,-4.253386586492103,-3.054360387209674,-7.568508496732749,-2.9706524470879305,-5.692841663405342,-3.1912139320676474,-2.7688024967756544,6.229085739817737,-2.7855666235789673,-3.207121371130933,-5.778858176396528,-7.376297621198218,-10.1281362116855,-7.173861261227504,-6.5879340840131055,-6.710049554825752,-7.95031402527443,-7.564322888588959,-8.195986812831476,-10.228257575490153,-10.745260170640636,-10.905071985034661,-11.48787003192628,-13.446499779031159,-13.417056236256576,-11.02330869966117,-9.344082162053406,-7.894808508359075
-9.353380388596921,-8.334736525363379,-7.945682893275091,-7.584664818353976,-6.276846577663492,-11.062948046925852,-4.730103313761771,-4.310880274161654,-0.20187707325728874,-6.524199236124861,-0.7275497179978382,-9.03078463171282,4.497334863734745,-0.15753659545723292,1.516720267032551,-4.310313133338918,-2.028864949261189,-6.418078850125488,-6.871142694824128,-7.68524801281984,-6.730764781464868,-6.057568460518778,-6.95100105614796,-9.582270022972928,-8.258348095265527,-10.298614829480604,-11.76750356743764,-12.921747043890859,-13.897010355113423,-13.863828195020718,-11.120330591677451,-9.407216599478984,-8.115432744292894,-7.338198838487027
-10.137431623985066,-9.610862001238777,-8.594526607582717,-8.014780965828047,-7.260359167885251,-9.272332997394093,-8.487037476987874,-6.398797941458491,-1.0105331922091987,-7.260778572198994,-8.622364201047736,-4.033860991495007,-5.9299687332123545,0.6816300733261172,0.0449598917581155,-2.3123132195987868,-3.2242667697009404,-3.851912253736415,-2.7612936684325313,-6.749578875764328,-7.538909337435717,-7.101044773884496,-9.020406718573836,-7.464015905015488,-8.77653278448276,-10.178836684939883,-11.897542553245998,-12.987704543728933,-11.93999205626393,-10.24040081890899,-8.841464736916228,-7.9211243498536845,-7.573549275431295,-7.4853258472266715
-11.491470236100946,-10.582565567322668,-9.271762102443656,-9.247320739913816,-10.22564454027403,-12.606791079724971,-6.467006493049063,-6.268619477769121,-8.830639546787754,-0.691803778243044,-3.572689558231987,-3.317136644141084,0.8949598169148397,4.548702933921599,-1.6061571765706681,-0.6789156554642881,-4.1003057953978495,-4.543382832726709,-6.412228074221918,-6.7281351822158495,-6.620796250543759,-6.6572401877329535,-6.925603239848683,-9.276412280330105,-8.408730960099804,-10.374459449155932,-11.333677819024405,-12.154805803517517,-10.351165676705115,-8.210333446047061,-7.669817992629062,-7.664176033898864,-7.415416700002007,-7.746614853270045
-12.315972808401698,-11.639915700258273,-10.530679158595719,-11.460957802433464,-14.73805715142506,-12.716122356345808,-4.974122113944442,-14.925045795711402,-15.865472101432063,-2.8711591935167466,-1.260333704925378,7.249952251128534,-0.8670332350275765,-5.211112883938911,1.358512933589224,-1.1675461236859164,-3.621519694943576,-5.612109364400506,-4.274594916389149,-7.113766659679439,-6.449077663760154,-6.718747522815353,-7.4715713013572795,-7.148852828059905,-8.77294971675424,-9.334639665943051,-9.590119826473408,-9.671160418917324,-9.04150588641394,-8.077517590333725,-7.879143667406326,-7.977710826390467,-7.758585666625519,-8.085070156974039
-13.445296298907131,-12.678372648471349,-12.419996677136036,-11.388506452410233,-11.450531731244117,-18.016205520230013,-15.500612192171902,-14.877039598522547,-6.582127365912128,-6.859816164620237,-3.7976340992600353,-0.36071963317493605,0.1744361534708022,1.5409781556009097,-3.7038637835858803,0.5965142572363025,-3.151303368124856,-5.620895329712103,-5.515485582981324,-5.9357009957679745,-6.300271535267272,-6.1698039962859434,-6.90427965430218,-8.189895965230392,-7.984014600002241,-8.92504747599985,-9.361627062314689,-10.543415468233858,-9.137480849845296,-8.25815786896901,-8.231327386848866,-8.075722050205956,-8.02831591822231,-8.063225044736944
-14.247847484999374,-13.568378412992635,-13.636012235920873,-11.055834966446675,-12.147346928956457,-17.772796040160415,-16.29697032374569,-10.861586584356413,-12.07237645840366,-12.313387484340678,-9.490497381591132,-5.378143125325837,-2.2701884192119897,-1.3454032501143787,-4.033902406901923,-1.876197402794987,-3.233941986053556,-4.307880282711619,-5.718184212185072,-6.69604845648896,-7.497360274999914,-6.795912502128004,-7.2537959763902,-8.80714193501468,-9.27629809565198,-8.621464376023738,-10.13752681120279,-8.989001921130166,-9.060571286434575,-8.375355625967254,-8.109241011829926,-7.835793377912366,-7.710390172004174,-7.346113593266675
-15.494581559147147,-14.509180481039088,-14.4425961716918,-13.339172466685541,-12.785635248880453,-12.387768479600947,-6.620637394148107,-9.874374008597636,-15.513838887391222,-6.287208205962012,-8.821839782886832,-2.7009142688600805,-3.2676811586314645,-4.771090860390552,-2.8867338693544116,-4.057660189875391,-3.7681327952004766,-4.207120219403223,-5.45568194842032,-7.038400403041651,-7.7397046881613685,-7.592222989838983,-7.163459357534458,-8.804206120900416,-8.372142068577533,-8.615171127000297,-10.497915375187711,-10.258070018384783,-9.496053406519662,-7.974716515423621,-7.795196135285765,-7.513238848028229,-7.198135513804426,-7.368190494425917
-15.590429827403064,-15.349460256117819,-16.24242443601153,-15.129534216357586,-11.778089295872562,-15.342542910041164,-12.745896852690526,-6.942018887666346,-6.8508317281424524,-8.912195178218736,-6.0824760809012455,-5.218621073443953,-3.8747803842497905,-4.5252269180108335,-3.433986064772317,-3.3568872009054633,-2.832129648453992,-5.4279045887491675,-5.579974563816199,-6.376381100471151,-8.03565155752157,-7.620944164556319,-7.019130291752319,-7.343598183399139,-8.73141985600944,-8.703733340073043,-10.086928571132985,-9.803951036613501,-8.944702643652255,-7.471037216162144,-7.394950278264161,-6.915029409502014,-6.852499819661034,-7.422553473769296
-16.421242612474234,-16.332097408332753,-16.223238991596862,-15.995240078476362,-12.437930667452807,-11.160911102956284,-8.206334975274638,-14.155929606991096,-21.68824908352495,-9.132305603160209,-8.28744411174869,-6.722882692394145,-6.195476396723386,-3.471538166714431,-3.4189545827112644,-3.0904286185378336,-4.49162212527979,-4.7939101421656005,-6.673339540357276,-6.310322318951048,-7.459488135382798,-8.753375758768469,-7.603840812279035,-8.538702295293684,-9.050058537266,-9.666067528791162,-10.039563408628823,-9.628383499431582,-8.649001925024141,-7.471610345560123,-6.922777432444285,-6.288297964394522,-6.800866153646859,-7.757827622515377
-18.113453572550934,-16.81891896127407,-17.47185773946664,-18.0213512419746,-16.696978903253434,-13.484211826915445,-6.081598754041982,-9.064366357365227,-8.523671138018708,-9.643749345668661,-8.235115320609545,-7.846027129698556,-6.377781268664063,-4.165971485298362,-4.8869447860956,-5.813471665763946,-4.966654199976827,-5.713688792804276,-6.395295882796743,-7.478641924942907,-7.3510197493034655,-7.759858028215894,-8.650010264175236,-8.428736901526529,-8.488320998207778,-9.061794443171006,-8.804869732821412,-8.971344348184596,-7.76329297089763,-7.047060425562965,-6.754168289821013,-6.011938796774851,-5.812038661083681,-7.049851347760032
-19.13460108116141,-18.19413504464353,-17.993228434286735,-18.9824513298689,-17.30977770019773,-17.686325521785964,-19.28761028403254,-6.165034172086877,-7.849751049184156,-10.922150776680809,-7.661561556237381,-7.52603451214984,-5.205738049322276,-5.510103211530489,-3.3600686170069,-5.649279151607808,-5.49486965843539,-6.234632080763114,-6.548943846197604,-6.999388768074646,-8.015826115548455,-8.066518900326564,-8.324642732577736,-7.9902680869754334,-8.821509055118257,-8.767645413362878,-8.159752267834014,-7.787713610288129,-7.59898523046327,-6.705967558255782,-6.962423446635712,-5.629286564010305,-5.394371753901619,-6.165869144855871
-20.082885542631484,-19.024853527273304,-18.691234489681687,-20.466118913746406,-19.73171080788334,-15.179773041725332,-19.028269894520125,-20.956548815550864,-20.96788499599376,-11.845189238994442,-8.921699018266283,-6.406743816335321,-5.474112113797742,-7.45572235790142,-7.0843470447804595,-6.635401330563151,-5.66677668659281,-6.7664731232482,-7.831897888925738,-7.415760550444366,-7.947968953277966,-7.904873581036108,-8.215086083262019,-8.034739757606042,-7.6582188692228685,-7.721213363431721,-8.051034162785673,-6.781748435116284,-7.275737100388011,-5.6748607844462295,-5.932526993509225,-5.2727211003600125,-4.86274327894559,-6.000594154636584
-20.325993404887804,-20.492362999698923,-20.09325457224837,-19.93677789127103,-21.971596748237268,-17.420086652065212,-17.633801408098325,-22.997399836582158,-19.112141005724244,-16.843514593094458,-10.910444591635326,-10.462261825489843,-6.525770910452908,-8.162334612703672,-7.922942229412162,-7.20913320668946,-5.820780426591178,-7.375564153606636,-7.88756159486092,-7.885439946432957,-8.020790471638321,-8.093222154307153,-7.606229630816864,-8.24585213551067,-7.912378022193517,-7.42823317810122,-7.725004913967724,-6.03079200509939,-7.504488107262671,-6.456401338923067,-4.861100284554431,-6.236249683147953,-5.058336380307307,-6.1306559733257044
-19.07520582213673,-21.166337408877133,-21.07812108339447,-21.329340096234805,-20.7382821301151,-17.825048730299002,-18.21961960110057,-24.605732785596118,-19.91459542697593,-14.33981202932083,-9.1790036028127,-12.119051661249292,-10.677824353710804,-10.23327128449414,-8.815415309835121,-6.978618795405799,-7.372571793085726,-8.017876521610676,-7.898861127791326,-8.706927433630634,-7.607719532551439,-7.210105930293453,-6.629372547552006,-7.348672365244088,-7.709733643071924,-7.479650255315925,-7.57968930156061,-8.985331446651148,-7.3194941467920875,-4.415100325921433,-5.041019983181198,-5.999829670515459,-5.367660275602979,-6.616484303648814
