script/wind250m.json
{"header": {"parameterCategory": 2, "parameterNumber": 3, "lo1": 6.000198445256149, "la1": 58.999992894266676, "dx": 0.5, "dy": 0.25, "nx": 22, "ny": 24, "refTime": "2024-02-04T08:00:00.000Z"}, "data":
[rows 0 to 23 of 24, columns 0 to 21 of 22]
-0.213121079572376,1.2037341881068162,1.0858427215890747,0.07098762128703108,-3.2497177367515993,-0.09064087000699524,1.4845845516162648,2.336892035468006,-0.5323416401967865,1.2507402206109923,-3.7754155981684456,1.465021438017577,0.8237279807897149,1.7127719186806631,0.7123658496761528,-0.4838012245246668,-0.15585228094479484,-0.2786163104986792,-1.9273905704048777,1.1832346833274263,-3.600527863036159,0.4285956352462852
-0.6738393092943644,-0.5978282183369912,-0.07144498263954403,0.5493469994093881,0.10667058967116133,-0.7211535367631151,-1.4167610699246675,-1.0426393721474372,-3.842590084685383,0.05523582795719199,2.2432114089842936,0.4688709917454475,-0.3485009924746338,0.9983381727056914,0.4238221320284601,0.5767708778868954,-1.7651818317203245,-1.7261912793985026,-2.1059673227700384,-0.25881489902314475,-1.8448777756350125,-0.25888427772434547
-2.328697495022074,-0.6046133063157673,2.196932959842846,-2.4860303477039865,-0.04593708111352789,1.1150532759516436,0.8706441338585835,-2.5015503994414736,0.20137009727531496,-1.9013215143703461,-0.7411262312637608,2.440550172099324,0.6512091967216521,-0.933976012483011,0.19657764997833935,-0.28098598776764977,0.9070077470625159,-1.6609731041932367,2.187488861068081,0.4718691044159886,-0.5460997242363499,-2.2701857317409617
-2.6638129660190155,-0.46121057583147435,3.361568846540112,3.347596921813808,-1.722260639222982,-0.06591431854080675,-2.0659777044127363,-1.095360332532081,-2.4935914286778043,-1.8111828685223905,-2.206169123550618,-2.8810039576849955,1.1478181736538196,-0.9184608872145662,1.553155692242737,-3.1491671927846623,2.6835740320473724,-0.014312341730306332,0.07864738714914575,-0.28861828229093334,-2.02577791023287,-0.7783539714926514
-1.7322034685006187,-2.3189064662399574,0.4537113594332793,0.01949577379174136,0.03210062380715843,3.4758662636090665,-2.900586794310142,-0.5531676041691284,0.19436655587117446,0.2876952065696799,-2.327421241409373,1.0613349869959692,1.7100996763146004,1.4306693301194477,3.9821524414263103,-2.6644941428030715,-2.8063303961842547,0.6224472535439624,-2.674948491551391,-2.3965710105475377,0.19518005694593737,-1.5086993192455593
-1.6193510337522123,-2.576500429450415,1.4400753599778557,-2.2414579381949205,0.45199012062004296,0.48500531586805196,-1.4185571142330273,1.436118095276393,2.0131456235414236,-3.677236441481727,-0.6035175786618678,-2.6141283248394176,-0.8871873570275639,-2.080625918638097,-0.5739146230273683,3.3128255885347735,1.1235774313438072,-0.4347248660070029,-2.064354274183423,-0.6631655031699453,-2.651159809484836,2.5607787193934914
-1.8169940990673688,-0.3405134566832469,-0.32529642297715405,0.5540110906496771,0.6180693354950475,-1.0304632769630107,1.2499989044106499,-1.2537410137955445,-0.6868326261489085,-1.688565119943933,-0.9302209926035132,3.0257307097158765,1.152661337315173,-1.3859867400835535,-0.8414107266742586,0.9424807644533756,2.653797267633774,2.7343167216323994,-1.1451718949082201,-0.5856029812872107,-1.679068867142239,-1.699381396397873
-0.5339873496677218,2.90502327135978,2.2940975949714284,-0.3273602336950657,-2.16907331967402,-3.335814632794417,-1.9997344038119882,-0.4905911060754166,1.1990615874504624,3.022761825373037,-0.5884677520534403,0.7131937835087775,-4.021510108532396,-1.5587120282976432,0.5940068772989223,-2.8685047010127516,-2.446832762327507,0.3257357246095715,1.5867862251204363,1.5875075485182983,1.4384026567681687,1.248770096164889
-1.2068693323792343,-2.6051337551566447,0.9078827926641287,-2.6068139651120683,0.9346693267932361,0.6647265634047393,-0.222870997338193,-2.268233842534213,0.6930412430363202,0.8613254746787121,-2.3581975670776476,2.2177172425097056,-1.3915401329206107,-1.8831356306424498,1.7325234831810359,0.9389660695878997,-1.6184031602579665,-2.297208360001488,0.4259342955393324,-0.2148312148885329,0.15561852001212684,-1.9470841662614218
-0.4263655325467908,0.45020955145073366,-1.0027086158358862,-1.031694745160804,1.7617496658358673,-1.2031880268948927,1.7369478010999926,-0.6358552550107448,2.396503387453506,0.3088836515497796,1.765784009878256,2.0314951059986375,-1.3456220891060864,-0.46954849651478237,1.7786400038262973,-1.5512728279724701,-3.2002275179273707,0.38885976385668664,2.2643602160925678,1.2922218767085918,1.1702932855529338,-0.1136009130355179
-2.0696649114044012,-2.6737236286860218,0.0643637549204125,-0.6788894370523492,1.8929822600459114,-2.5399158616774504,1.1691580090984899,2.671095142934789,0.3177727688482203,2.797185489084277,0.3175208698878022,2.001011836243251,-1.796271816229716,1.5017640921767474,-0.6275931509537883,0.6171786360923857,-0.21009489865437053,0.8442768123302955,-1.8777969107280337,0.6074348858863082,0.8696237504891876,-2.8412827838616734
-2.1878808058511092,-1.8617792441103878,0.7532209339816617,-2.5240244390381683,0.08800927203552426,-0.2217436445640726,0.5723015823968405,0.9361270829406232,-0.28221634623044517,-2.0488115397218416,2.088504561942185,0.7500396965428611,-0.23724389685052288,1.157519004811005,-2.8844003484870417,2.1619536797100767,-1.1377936024028468,-5.273123722092193,-0.11204049913793408,-0.2895273044598879,-0.27486575388557744,1.9186835831067588
1.5003758133761278,0.12728125220482286,-0.022535974411892586,1.5112726370661476,2.1001675842911203,0.7070897957115923,2.402607394276876,-0.18737039452881427,-3.524988245315165,0.7558886758538623,0.43465687487714894,-3.4953051849125516,0.2597328838618403,-1.7916577771541362,-2.5339274859510392,0.14874473284285022,0.14384486591621704,-0.8228589698321939,-4.146738638184993,1.435384964979701,0.8781015177243786,-1.6334217947913583
-3.0457099204451765,-0.08721071955295732,0.22222186546242226,0.40664439510381006,-1.5950514911604332,1.6289428714446677,1.143435806444563,0.8124149959708423,2.751278805121474,0.901025820390805,1.9234664209441346,2.57619155780258,-2.157225097258931,-0.10084995771951863,-0.20870937574909873,-0.5671181895180429,-0.31403647211398067,-0.013877832552267058,0.3465200140097903,-3.5686198242938527,2.264591795605075,2.837833536473405
0.8580607523735382,1.9323845540455848,-0.0876049857455639,0.38348877447456825,0.41948457183913146,-0.6202017560898015,0.7810226302248886,0.7404511460623991,-2.4250965183277615,3.241323232081577,-1.3832953918339523,1.5863339091891129,0.3126765718927129,0.41574645705803315,1.8905028526227217,3.134872225179424,-2.4659252139317824,1.4484381914321605,-0.7116308022773775,0.6158503356438559,-0.1296407948054965,3.5253158999695424
-0.8306443925326538,1.0911724860109375,-0.9312283268925449,1.832173564971716,-2.576478796661434,0.19131711259283737,-1.7436844723380238,-0.7987873827486951,1.5403168163414518,1.7178714125271364,1.4913221871280091,-1.891358058507275,1.257137153203234,-0.16817571961542296,1.574836109818491,1.0120538872662777,3.0613995997093992,-1.9170296124549668,0.13331699924723603,-1.9049199755158388,1.7259592970433866,0.17925157546786624
0.5236010511431615,-2.6404711297302677,-0.9830028910644875,0.9111013641585651,2.6950119877035617,1.1596642246874846,-2.525727623442014,-1.9778451249008377,-2.862242549257995,-0.5979869115246639,-5.480668044057501,-1.1338862824621638,0.24091300351759468,2.9986806285609533,2.1273913929222,-4.976273470274038,1.1294934811065138,2.3888474663737775,1.6569681302791532,0.2767903857925899,-3.3722160046915675,1.8660850004750134
0.026485269069892913,-3.4063108618711655,1.091451630085659,-1.9600786389196083,-0.7050100154413534,1.9168559478764058,-2.7856724860746414,-1.5284325025547914,-0.23593712636829134,0.12956029193405472,-0.05635259140352547,1.2274953881063262,-0.2839318378075312,-6.160396375893498,-0.6695283133178634,-2.7103042497906373,-1.1640530384576242,2.5547174116486038,1.1938562551220193,-0.6947746944175482,0.5827898847471937,1.9835036005797333
0.1631164601389921,-2.09776651205457,-1.6030419567435918,-2.7514393195611833,-2.8861210980883145,-3.930113987418526,0.05202295829419278,-1.1275759517230006,-3.1168266694651985,-0.4693764128625152,-0.20004787463962295,-2.182949958530989,3.148596899135155,-0.21521853562650442,-2.3789508408753446,-1.2795972983251305,-1.0944334515019465,0.47823945348416846,-0.10727084992384803,1.1300720966587414,-1.2207156902983298,-1.355085680038028
1.4808554492065027,1.1749414605009758,-1.8722634052443337,-0.7822586290472532,0.23637819102230412,-3.975917631969935,0.584544251126914,-1.7740265711230006,1.5351544905426069,0.9608422772927181,-1.841772103273823,0.7848661838270812,-3.404533130256384,-2.6069595664183045,-3.053804471832151,-2.6814512993826582,-2.967606529698882,0.9489124359345248,-0.17052273194707537,-1.4143351416713115,-2.122020303086949,0.35780726690890596
-1.1688482261498951,-1.777703075218875,-1.5079864665745337,-1.8545178869486902,0.3889310073435121,-3.4113180148486317,-3.194784025465532,-1.0345521816301326,2.4178239603343687,0.7854842886509132,-3.5112159629545,1.2888603795017415,1.0816038011228517,-0.574014826251707,0.892139383481529,1.4911430641173142,1.002008618133344,0.4226328558567658,-0.27626447670020376,-5.462393679643837,3.184704826404112,0.8148420004661638
-2.3860633551651014,0.3560788762286278,-4.093568105465595,3.465878484226699,-1.5743361052874003,-2.2894703349569716,0.9072737559662539,-3.139908535427631,-0.2387193920513803,-0.4590093292530615,0.5657698276367527,1.4039202903700516,-0.6674851446562307,-1.3914039751379348,-2.436176121328133,0.4345089284721851,1.310400813916281,-0.342220366422612,0.9372913177032055,-0.004435067930540933,-0.16916410644110894,-0.1374546200648966
-2.974968700924254,-2.3833169328541373,-1.7195188698296033,-1.2400443765660785,-0.26386554302929704,-3.5250769993768505,1.3195337650643546,-1.7583683565933312,0.6043894878499715,-1.789741754425872,0.1480883762352865,-2.5105925340781026,0.24644946611835553,2.125762931198623,1.1317410289039789,-3.5017809631697054,-0.4804695082168285,3.06267150556785,-0.7724351536035053,0.4411747119168778,-0.7029299725588943,0.29514111909824914
-2.850659809530895,-2.2309738691584924,2.419169356913492,1.2023471851860426,-0.3820690273398177,-1.959063207988901,-1.4770937412631033,-0.0854703133092267,-2.778349886228262,0.07552928396389334,-0.4902215376458459,0.2933367142863524,2.9294766197881423,-0.2991709652046715,-3.902310330020292,-2.1647780099575984,-3.248306701788845,-0.6523206509841684,0.5577185364904442,0.12503965525632607,-0.15802693020181424,1.283721375590311
