script/wind150m.json
{"header": {"parameterCategory": 2, "parameterNumber": 3, "lo1": 6.000198445256149, "la1": 58.999992894266676, "dx": 0.5, "dy": 0.25, "nx": 22, "ny": 24, "refTime": "2024-05-01T10:00:00.000Z"}, "data":
[rows 0 to 23 of 24, columns 0 to 21 of 22]
-0.0491569278518588,-7.582115194319976,-0.12692562054490314,0.7612724445338688,2.533811970657474,0.18051561517171735,1.3809953040137009,1.474976974030151,0.10938991899873164,-5.163494180944163,-2.1515063204746876,-3.2316135736069924,-11.569333869680683,0.010770585934043843,-0.6992593793114484,-2.5876066196079734,0.22514725527881732,0.02165685157676268,-1.4995911257582426,-5.011261247343405,3.3584078538368694,3.4070935075060023
4.401223828759475,0.7118919248497353,-1.1588425130868663,-2.300766003369854,0.86540598864842,0.10115700704182022,6.202275439646614,-1.2124132144331379,2.758323266862028,1.2746995898549354,-2.5227351371709195,2.5354377206400542,1.3694150174574569,0.8125580075850695,2.7717563890426633,0.015023576519715432,-0.7213943599819377,-0.23054342328603528,3.6965767368083537,-11.441031123468141,4.2727032331951875,-1.1616815720083715
-11.837229284799516,0.27567420964156425,4.307196776097959,-0.609074598490352,-1.1544599091936292,3.758921812423418,-0.9323071696776516,-4.245845223966894,-14.064517112887735,-0.4138866813202656,-1.230222298423275,1.2617048856889674,0.4893510473667858,-2.4930284945888745,-1.0116282869433504,-0.9525375798088105,-0.03433272841884381,-1.1595281066692458,-4.53298631410556,-6.500575270807236,-6.011799176205508,-1.7492008125501526
1.4941479674811748,-1.8051352401356993,-0.07064894236643227,-0.8348636502160051,-0.711456217751928,-1.5414175369972805,0.9207781736860161,3.8459975412410934,-0.2927708233403237,4.502081321773837,3.31701540642554,4.832448379732718,4.008889912439342,1.292455424991989,-0.4651883271650972,-2.6229473087822517,3.155824681273386,-0.26622383034617225,0.031043937780050608,-2.1409823593192026,-3.806953843210647,1.30048742463742
-0.6541408390621672,4.5011704800774,-0.6363701389641938,-1.057984806329526,4.139809306282811,0.618579506356658,-2.8204716312048888,-1.7460727262604514,1.1037395482035213,-6.159029279023386,3.551762764905228,-1.9524200734555865,-1.3261591157158148,4.2244845175840515,0.5430818081941086,3.5221927774493738,0.26459210374974773,0.3056581207200821,1.4749197833948133,-2.2819704833272922,-0.19545971526041395,-0.03606654574883726
-0.012137715579565972,1.4014207346161072,4.939901890275922,3.017339849882694,0.689917724625815,1.5055986588374959,-3.267666048958985,-0.5114335056004305,0.4877139165869416,1.5761321036153966,-0.15534329607758043,-2.5806959005958943,1.3491727673582639,3.6488977323253207,-0.6665954862366592,2.7607228547717044,2.8358775790879363,-11.549503003326372,4.552822064422787,-1.008456522370254,3.156578510357864,2.992215488270183
-1.1725575095811445,0.3377957190366717,-0.5698052772123522,2.346773659934181,2.0988286565641596,4.806857272558668,2.420572403439899,2.2460745857736892,-1.464226476403427,-4.4881976286454215,3.6867321976309997,-0.5312704519270482,-9.66827889692916,-3.7639982347134433,-3.6670412398397088,-0.6214104519758887,-0.3443882579359445,1.1564630418745387,4.350325241054453,-9.275854192462255,4.385576812475858,-0.361067057723948
2.168569910156717,-5.416740543457617,0.7916890269779986,-0.0602873365377271,1.4551313622025102,-2.855867453893376,4.0261476054207,-9.300812200119706,0.9863292969235646,0.056333866657181465,-2.6928682698651034,-0.2886849383620732,2.0414022002788954,-1.0520820864656748,-9.236526185409138,-0.21356198799722761,-1.9446363684363266,-0.25887476129786424,4.188381860535928,-2.002583557475409,-0.5847960569542191,-6.74533206776219
-2.7615415707223883,2.9014144535757174,-0.7994264445441124,2.8194492677502017,0.35714847389076526,-0.8514307914651413,-8.671547017504476,-12.097139043421715,1.7227052483657854,-0.5599084662802416,3.419561065834447,-14.815116487513647,-2.1603112555466355,-2.076490699231143,0.7440755698446971,-9.361969558747157,0.27916481064541265,-0.16035369520749454,-9.547011108366975,0.19157817128845084,-1.1108842826513792,1.9565523996328666
0.12047423970408755,2.1169183714840605,3.253703555458475,-0.28441542567399053,-2.9639297108844214,0.9637818258431184,-3.016713560902421,-3.8815456181613777,1.1343989778192647,2.0109087094882896,0.1405680629030209,-0.2885353458498338,-2.244136052439584,0.7302373233523372,-0.18370443711452178,2.8003621200377617,0.4201785737572318,-9.985528462186712,1.5514651856248163,0.3771517335641995,-0.6974089689778322,2.6543224098815954
4.7936627673231245,-4.49740057859553,0.5452617070663424,-1.9302602618983653,-0.18035492968771927,-0.047367585778711994,4.2376551833105855,1.679303007547642,-0.24408393984412952,4.042460795401937,-9.31701317965103,-11.016038189854461,0.6065748323963963,0.5014608385738413,-7.607344126965964,-0.9392815743746675,0.010600858590034339,-0.6814876348729987,0.8395740446661373,-8.550988114853203,-2.8281464990782044,0.9266020447066317
-2.0686806643706874,5.442445256287451,-0.8532430085289637,0.058735146788277105,4.055186937757571,-0.8250385652372282,-1.0382400086414938,3.5942892152435646,-0.4144790559116907,-5.543586698271063,-5.007964372330534,-0.3348998327769277,-1.212345662255647,0.8408365532459482,0.07529740825628636,-2.576162039199404,-0.8576438989420911,0.38701770498146065,0.4580458362053672,-2.924929221211399,-0.20274770479961376,-0.6426064115206157
-0.5162181280876549,4.65863618186714,0.004494821799355338,-4.8001009977819935,3.377593265884858,-3.116041023029771,-3.5862651097283735,0.25898928819721967,-0.6719740477714775,-10.034993259697538,-6.329062705565403,-2.1788910067799176,0.7838984332494424,0.22327485180289464,-0.46231949533699757,0.7936782796039299,-5.1923398020613645,-9.701461142898175,1.4336226207456768,-1.9386443881417386,4.074139154657858,0.3346022587090036
-0.9974226578166095,-6.4457075332029525,-4.443761942715707,-0.7936974252271485,-1.6932965511837637,-2.279218042180999,-0.2571501691878314,-0.5575552582233868,1.7948980736727032,-6.445111350230304,-2.3778376842195157,-5.35400395112355,-1.119893363942773,-0.11764707148030008,5.064979066887384,4.0979388228173885,-4.790403798012295,-1.303192707756535,2.07031536468864,-2.940306533243268,-0.2061864169958741,2.690364022446099
4.232219829255588,-0.6891199259104817,-0.12521540528335368,3.1008387483322264,1.7022521504886474,-0.40028372923393296,-0.6983123012939279,-0.9233888322635214,3.3472618833494168,3.3418634025729577,-7.738167070528924,-1.172176136375532,0.11834800771114244,0.44107934288182715,0.06317490419043297,-9.190857861426503,-1.5150692293798742,4.953966525053564,-0.41440159884616307,-3.2840862324517577,-7.868789408524563,2.8443582673470265
-1.0664056051921622,-0.13465905826806715,0.15867414388320575,-4.6255036479538765,0.23624353767575107,4.269006539637153,-0.4784288239516957,-13.43304473787581,-0.09684497523857954,-2.159723838718615,-0.6007699708126895,1.7040438617036742,0.9120191680479224,-4.8600952334081615,-0.7441585078250684,4.715172990101383,2.8540253765911134,0.7286661093404873,5.355098579888082,-1.663753512895974,-0.26460474866236844,-3.6252236282187797
-0.3517446228137439,1.7653074380110176,0.2097022053248804,-2.951501985160798,-3.969097676178888,-0.07507203757084238,1.9802845078615339,0.007657130723277414,1.4136125615538386,0.753452462914408,-1.1718275827265774,1.8313525362717946,4.717503423635051,3.43243394039743,4.902736307127775,-1.2376069139830932,4.035029130233649,0.8645639890858928,-2.20537811966912,-8.185958581999913,-0.9252992207716505,-1.9070781956467358
-0.8927414553017977,-0.8892474274850832,-1.5975031193057165,4.0425733567376225,-0.8007935980167261,1.470536042762364,-0.5187191234690885,2.5773253678535744,-2.7492946212180542,-3.1000763282721175,-1.3992705610530034,-1.139548644852173,-3.4934888019293044,-6.926917682392841,1.4952973821888498,-0.6638216300564244,-7.233442423649017,-3.4119203688821194,-0.8576720232090544,-1.7202027964762978,-0.44762147764066956,-5.849974347923844
5.3730199669187675,-0.6517604648722257,3.9949596873056143,-0.05898153956395575,-2.3013593147218216,-1.6259035448549295,-0.18448578300678123,3.492806317779176,-8.523616182882744,2.2927413263632634,-2.0202599912691177,0.3738832882073045,-1.428212821500832,-10.404063911622654,-1.0480542819845096,1.2844479804411744,-6.2824728356821025,1.9246454527543855,-3.1800972175885605,2.2684667579230595,-2.009840633475968,1.3783980093501031
-0.16769339180856374,0.5486261995995365,1.7116752732225464,-1.6563227678684493,0.8907349214497706,-0.5620425919520678,1.903389861765596,4.350607261609028,3.5539776044485407,3.912354359089112,4.384946947187976,0.5466943242480462,-0.14386424377944831,1.3099889109894762,-4.945836525807957,0.68231521773728,-5.167870910992855,-8.30435960250746,3.8992729210144508,0.019331374755738158,1.314560351736096,-1.6705048397468736
-1.6090645255405671,-0.8449958153187066,0.9389241064155129,4.556617355339546,-2.1080753557611867,-0.13320321671557278,0.7610619818133141,-3.83603875195606,0.0477580471371046,-10.701364274452573,-0.9394521176539254,-0.09775770866685303,-0.22808442486649372,1.336589819169788,-0.5290343471940366,-4.299815660317152,-13.166624014218481,-2.8086596054358486,-1.0322539102128085,-2.9088788673218473,4.560573495738351,-1.173790550644296
-1.7611215083512468,4.452519448784469,1.2294624507389291,-0.0386294449739479,0.6056828166661321,0.1922459099691687,-0.2964436228631544,4.47531900149488,3.844821047630236,-3.920289196415167,1.4767446885532267,-1.734215927597017,-3.149240124314682,-1.5010712539159148,-7.68812184387289,1.6063574540167533,-1.0626076848464077,-2.8162098102242177,-0.44989939787801253,-1.631683933905429,-6.4663160106476845,4.263675111852277
-0.003580318582996646,0.13117008843234879,-2.7626577183815306,1.080979697746912,-13.984469723572936,-3.916010983293305,-6.728514592741847,-2.7340037663385086,-0.5662866619577531,-10.242643210303429,-4.0542590185341485,1.1068836326073646,-8.306752728168487,-2.276714325520107,-2.673422784276341,2.902146603015448,-0.3542823344343469,-0.43090137021942587,-13.516364167320589,-2.04855979678036,0.17763221876232566,-8.733195243466929
0.8285908660792499,1.8243764651245662,-4.352386476380701,2.097434690397546,-12.389683910174412,-13.405430499290677,1.0160964143072937,-12.535134663628643,0.011011779708771473,0.23787939536043923,3.3741045673781804,-2.1246000231736337,0.5078604257837235,-0.32103646901091953,-0.1232137137465217,-2.6001082555077915,4.539192080058788,-0.6798883559734045,-0.6655171013592631,4.76516201497256,0.9583442778294379,0.6792105475915066
