script/wind50m.json
{"header": {"parameterCategory": 2, "parameterNumber": 3, "lo1": 6.000198445256149, "la1": 58.999992894266676, "dx": 0.5, "dy": 0.25, "nx": 22, "ny": 24, "refTime": "2024-02-26T15:00:00.000Z"}, "data":
[rows 0 to 23 of 24, columns 0 to 21 of 22]
-1.9340439440420654,-5.212334209686621,-3.935687729465411,-4.957755752030554,-5.507949841272894,-5.20106895708244,-1.5245385715967743,-2.5502715226912853,-7.254894666328218,-3.6654460385285628,-1.8008235220952329,-3.9280494815452425,-1.1507269895175611,-5.467741974773441,0.11132748531883715,-3.8718474350177607,-3.897508877805161,-4.103071142721021,-3.1576040722311127,-1.0445042472014887,-4.49691751901316,0.04664937029436906
-2.486017792746042,-4.55797738177679,-3.6790784489108113,-6.472534084992207,-6.267018872722093,-5.8126659554191455,-5.38423369210612,-4.4915715294055305,-5.003168388520832,-0.882264605698061,-6.715390544141437,-3.0386365001969167,-1.046912603729885,-2.9261517522320335,-0.010219093974725795,-3.336571696773005,-6.427772123854872,-5.942774190250158,-2.336806816919741,-2.7356030301925203,-2.1670577680516145,-8.674695138072844
-1.8350798794934566,-4.003269743007807,-3.744549375729792,-7.352832272155195,-8.158528356508544,-3.5320669962149536,-8.004166035041042,-3.357501606590422,-7.787953280589433,-6.486297646086386,-3.0386928171838132,-0.8905432260518873,-7.9686752981187565,-3.307089029037269,-2.6198202341242425,-2.1070400159780687,-5.420919096347343,-1.4885375797818408,-2.5598859538849474,-1.4691392208685812,-8.459581556602771,-0.6210702544367145
-1.6127996761927572,-1.7128313620781388,-3.8323201367000506,-7.476888694618185,-6.28049720202395,-3.547537638979954,-5.4830278810201225,-3.042817193011988,-2.013627550436984,-1.9908956871927859,0.6530379452928082,-7.49231727658036,-4.336096721033461,-1.3469078492143216,-4.719242603527721,-2.2604935565139526,-6.735655513912488,-1.2679654121537594,-3.4176808858587897,-1.1496173840862176,-5.981853916795833,-0.9439627621474419
-1.8512175555260726,-0.12458070786610528,-3.9554351439039506,-2.874290254781677,-3.4140044531239107,-5.8475539502648015,-5.840979465330835,-8.407549693323785,-8.203872734260932,-4.46223800645426,-5.048335423241388,-4.060772249147788,-4.553643121833856,-1.7573016199876879,-5.147380316129376,-2.3134054403292765,-5.274836360673895,-2.527024456431273,-6.038647595585467,-0.10232441334357031,-3.481012119880007,-8.816153203081647
-0.9254976825066676,-5.562723953378707,-3.9555132803108366,-6.270067022803719,-4.401681927729453,-4.229334431706731,-7.749158116665682,-2.554459253666679,0.6909392627166661,-0.8675558464441194,-0.570993345509989,-1.3328446658158732,-0.5736222928573643,-7.473302968491898,-3.8184620371234548,-2.228131650962339,-0.42474871555635535,-4.955155092426497,-2.528635108395951,-2.9050094687711714,0.8957684416779421,-1.6115299102939145
-1.7976420813970981,-4.032304281825222,-3.7257147910859523,-3.9263890737453035,-5.2958862167146705,-3.740383685621978,-2.297022375012153,-3.984121648822231,-8.498825931295872,-6.2623720926104225,-1.760064823087745,-7.527339014863159,-7.328932761166586,-4.803155976405056,-2.9507961153674995,-4.186075429637609,-1.6495791516982177,-6.789295927948442,-1.6006623282486865,-5.4371285120183,-1.453196622508007,1.280465894874304
-0.7702022417640869,-2.100090584928075,-3.722833151840162,-2.957270770836061,-5.758206085701017,-3.0418881125578427,-5.997012075092605,-8.407087024655038,1.8339618577110823,-0.5858216697580076,-3.359066081919778,-5.2634153318083055,-8.571004600527472,-3.407381330571669,-3.387623120082877,-0.2518625008458857,-1.7842178701032876,-4.250242931945652,-3.814862462958343,-0.6267251517769935,-2.9360806267525574,0.4214648127208763
-1.2135348732989506,-0.22716252596453107,-3.9723502444448116,-5.048754582394114,-3.844682391629343,-5.63499906276582,-7.973493235547312,-4.163524121006351,-8.589593211084143,-4.761454843054819,0.39737663657286293,-3.2780431125723735,-3.0713380958518175,-2.6040954127742233,-1.1194437003519582,-2.249209581554148,-2.2334810690285414,-5.234619544272553,-6.248113656283271,-3.3587192443861413,-0.6026123468805729,1.0006976537754257
-1.8348342632109917,-4.401806429369988,-4.645545203854107,-5.4524329111406376,-5.443491197417445,-5.734897532197369,-1.787301761521852,-4.2499762903094815,-5.1552154233383325,-5.086686729515492,-5.029112436761066,-1.2693957457024942,-0.9795746717218672,-3.538819155867827,-0.8381722316560049,-2.3318508813107015,-1.3869680298404667,-2.023123980938162,-3.278730246490059,-6.130736154993478,-2.1899310827060363,0.3174072356977342
-1.9280772220827884,-5.473027679155216,-5.347669662442933,-4.891562717748914,-0.720202920887562,-3.0046032068600135,-5.2294180459957715,-4.666914238630638,-8.544176139214262,-1.9439970485272533,-4.159519932979325,-8.060271768986606,-0.4920238751134132,-1.2238555676845966,-0.870386644147188,-1.9275702471182752,-3.368617704374407,-2.4708418134855665,-1.8870186871412202,-2.463086386875935,-7.785106801597468,-8.248229509233314
-1.3455597939049198,-4.637028425201586,-5.31014488485171,-5.608991795269858,-4.465204716137963,-1.6549765510404892,-8.04447171033906,-2.27107783620891,-4.9199408875034845,-4.087308634537406,0.6646189116366616,-3.43304665543085,-7.898633332100717,-2.182882329853843,-0.7485543029330962,-4.291191806412155,-3.2016496098324723,-2.600413714209325,-2.7571080145683284,-2.4987784600410103,-2.138686775160215,-1.7740709474509202
-1.553506854916296,-4.707163195420949,-4.79023404706542,-7.1666668530267055,-8.383473608662795,-5.407021681673283,-4.173337721575802,-8.469473114061515,-5.649357687694255,-1.3256463252770274,-4.979431585545586,-1.4030746059243984,-6.000778647699378,-7.125485850118673,-0.37332683375553294,-2.8847039292033547,-5.038258652457805,-7.125338134933364,-5.538923786025593,-6.6323625756045015,-2.7431417696164457,-7.81250117305412
-1.596903589992136,-4.361867329473696,-5.1103287499053645,-7.309460923611268,-8.218890155252984,-8.353513955514204,-3.851020309463151,-1.9851614895012608,-4.245161761816469,-4.601531836924222,-3.7520929291985863,-7.730998736490018,-0.9592707349373063,-9.215698116933606,-0.3077558328918647,-2.2352590141578834,-4.436477191199267,-5.671276319719202,-3.4108572562946584,-1.1121872160075659,-2.1303173741940555,-0.6361146672728479
-2.3987683703770046,-4.954120231884228,-6.256282089066536,-6.061926800522805,-5.897820223595565,-5.2804716455459335,-8.388371675455488,-8.42873627134217,-5.882514198246205,-0.6357823704491182,0.18587792229951436,-4.999142744224962,-0.22706251582318931,-5.3284498161233556,-0.14097501679686522,-2.662922123489699,-5.788872285148219,-2.287145669251886,-2.9968882030700965,-0.3440569623478949,-1.4416525145663976,-3.0725801346957904
-1.067508562921935,-4.565423135527037,-5.536353633351927,-2.4687466853165145,-1.6865454922589576,-3.786900502318293,-5.118526472308302,-4.5571896946631805,-3.565963460835798,-6.926493959343843,-3.8801457559276065,-2.958317163246241,-7.480291433163423,-2.6294409417796594,0.38094875177987686,-3.530655816073302,-5.373271425065172,-1.2225734703099336,-2.937542212316727,-6.116290002383926,-7.623086106371089,-3.0262730001458342
-2.0180957425941997,-4.799997395412163,-5.714949615383262,-2.995536836353101,-4.696575412990329,-4.3521418928044096,-4.184969347798112,-4.684696385899174,-4.246615066397164,-3.0639391222774885,-1.5096987549206884,-1.160345242507993,-5.467041859509088,-3.415542635964928,-3.199974555759525,-2.506857911097621,-1.8792920620911977,-4.0766380655946275,-3.9123997639537933,-2.0123524128294674,-1.3135873607657949,-3.3244707020432402
-1.3797005560102078,-5.513382562842831,-6.320363982096093,-5.493241155528623,-6.162044907066209,-2.9996658686020297,-6.968908103180506,-3.9159691650332342,-3.0114168026256,-1.8752526640253875,-7.668971567287153,-7.771816857204671,-3.5275984635673514,-3.5301601321426728,-2.0442330982196184,-2.4223589776052123,-5.694353992849802,-3.2500349505009,-3.7106399618753443,-2.7239734659189567,-7.287421181428052,-1.2396553673948632
-1.1970020503421175,-4.90018983100288,-0.902458423191953,-5.247511553605353,-3.501345528693136,-1.8998593746572128,-5.4796740943311075,-4.567023220361542,-4.026445824956569,-4.185745589135678,-5.360059484086085,-3.6717486067454366,-2.0794744345363014,0.4030951354901661,-7.382972102650278,-4.828573767658773,-1.2088900979034216,-6.471513430318828,-2.2643770662042155,-3.7117283081327677,0.9799894995357771,-1.773521608396928
-1.4125567937664842,-4.716538729559058,-3.797992489763595,-5.68237078456825,-5.054196970289703,-5.7380832523402185,-5.334273992027534,-8.492099064741076,-3.394223233264693,-0.5409256291102515,-0.49185225838496593,-1.9293490611003463,-1.199967478476193,-1.335758335857357,-7.9076044613513945,-1.8508408817482975,-0.30538445692385763,-3.9343074460909784,-2.77726598223211,-1.028543740764315,-1.9408829706508928,-7.02076116468929
-1.4412857895314743,-5.120002744947016,-3.6883412789858996,-7.460385252722333,-2.468504473770219,-4.797820810095091,-8.076702936437625,-5.061211103062848,-6.284465749507434,-6.954382911744594,-7.789676343538239,-7.4754039163578305,-7.691764755138256,-7.258895420049641,-5.207789897230257,-2.4489946904762516,-1.735139480121307,-2.182694494044745,-6.2496661954488655,-2.4203448434735395,-6.28762460559035,-0.7189410514953095
-1.7698720318681365,-4.8089217242448274,-4.181245799612687,-7.0013053227070445,-5.203618564286564,-4.115488640207955,-5.048129551196337,-5.8600986779417035,-4.857270809245009,-1.4411795820123212,-4.481730058185937,-5.538397460750273,-5.331038094621787,-8.302971288549381,-4.070137704016044,-6.457901714496196,-3.176003713729188,-1.872533479146315,-3.8522648281207723,-2.126781289707192,-5.372972380952158,-5.492522406367528
-1.3052460224635165,-4.387933013616891,-3.5956907453612925,-2.8830745994002713,-7.120397668351183,-5.515582310444987,-3.8921157887259747,-3.4009582778478893,-5.491389527953421,-6.91507520903591,-1.9842178264376835,-3.602849738641588,-4.49021625630746,-4.682508879617137,-3.950594002569092,-5.590959940079983,-2.9282243815433344,-1.8380460021596923,-2.4294359544016473,-0.8728354259807791,-1.1372232668458082,-3.6548905286249904
-1.6914510219993977,-4.204977663204763,-5.053097229230778,-2.1782562907400305,-6.4621387398714,-5.933244804665138,-2.9941923209172034,-4.053572123386795,-4.286467802551231,-3.219968921478293,-1.2502080193950058,-1.5715770727263672,-2.103173593140902,-3.3893473367923965,-3.7487609581078525,-7.1308247506730975,-4.545970383723151,-3.8994830028436307,-3.0638755633064494,-2.876569084888028,0.9678785060219406,-1.8185281247818783
