script/wind450m.json
{"header": {"parameterCategory": 2, "parameterNumber": 2, "lo1": 3.000054539987559, "la1": 64.9999836372058, "dx": 0.5, "dy": 0.25, "nx": 34, "ny": 52, "refTime": "2026-04-11T08:00:00.000Z"}, "data":
[rows 0 to 23 of 52, columns 0 to 33 of 34]
-3.2713164343172236,-3.1528083694109235,-3.891281064160821,-3.771876899485931,-3.7494896614145268,-4.122410708377212,-4.261809578248066,-3.6989586205734004,-4.22254971337092,-4.495542157410329,-5.9978780682107775,-5.401293791150451,-5.079911130679516,-3.090743191498704,-1.99819149993646,-1.2059162525351108,-3.000377983205055,-3.376037483994507,-1.9833281563513487,1.4506304717774754,-3.044492142632335,-3.0277335705390342,-3.1932517595923007,1.0552871605082748,0.14634243822274212,-0.027569189642456575,0.22806606744840516,0.580324420278414,1.336865706357566,1.3838380951930216,0.5176775030016987,0.5281450150393756,0.4215253317453501,1.2326879928951127
-4.669503396031969,-4.93537815835141,-5.071471817450252,-5.174414006326378,-5.9069065036313155,-6.275755234095008,-5.131164378971654,-5.506958731537647,-5.9082009554722985,-6.283637573571796,-6.468708053881022,-5.398400635317395,-2.9969805974939834,-1.5986709092629252,-1.3408928973209613,-2.4005176393929215,-3.3682107211358843,-3.9341408079560765,-2.6159336048730752,-2.916899197128609,-3.45441214936977,-3.2205158404547745,-2.9483848008449733,-2.3362786462583673,-1.2930084651757607,-0.5018440225555787,0.7757408129866318,0.14363016408860604,-0.05784327616463778,-0.1966753822480862,0.5877865559487725,-0.03032895748798215,0.5661087426285254,0.7735555729156611
-6.804932562475913,-6.803382396380703,-6.912279023931033,-6.847559987661818,-7.552269103300667,-7.736432656682039,-7.3643758024117885,-7.478907701952241,-7.540836359468584,-6.833363651083737,-4.380988792778282,-3.145288042298898,-1.915844979782818,-1.2591574588051164,-0.4551065998808056,-2.5300924035893746,-1.6797040226081763,-3.400268842059333,-2.6512311230497474,-4.156399527223989,-3.2488416616610705,-4.490492360701437,-3.929944195971448,-2.1138084140894278,-1.5754911652319448,-0.6181457776760678,-0.5641656075071562,-0.2844250943460359,0.11024099028793365,0.07326203288033215,-0.4798656042528956,-0.43573980942747764,-0.3691433679960777,0.2930249953388048
-7.386020077047869,-7.480610761206352,-7.784133974053293,-8.295480729640976,-9.521544129938508,-9.174840301590402,-8.317317872656067,-7.6260574295500705,-6.972907794338662,-4.5872496803336915,-3.917510631091122,-3.0063983084332975,-1.2111826560546035,-1.4257522894816552,-2.4124718429785195,0.2589046213086688,-2.2892175385276388,-1.6897459396538317,-2.097877598093148,-3.4088358528849523,-3.389523776206178,-4.195391233527727,-3.296590043705387,-1.8374857573182821,-0.6732937321463539,-0.8386976556403334,-1.1556336804523926,-0.5082294413834105,-1.1298826006126832,-0.7735469621448816,-0.4191288444690727,-1.0247920317217467,-0.4207788644909437,0.6689295183104526
-6.677137636406593,-7.3060108894552345,-8.310543054096474,-7.953394124616847,-6.775986330248615,-5.884832291448022,-5.1299224458909976,-5.275782646364154,-4.990006943977513,-3.3434445242414705,-3.0080730869549313,-1.693183241816535,-1.327657179578241,-1.5674027638591697,-4.66534717873784,-0.631205698193577,-1.8028856940155913,-3.1970839733680956,-2.0370552975924396,-2.873657144191356,-2.513212351789075,-3.828156901363022,-1.3922490148286073,-1.9651527488886917,-1.0639297156289185,-0.778262503895322,-1.7216439764007416,-2.3875599733409394,-1.9884282873404975,-1.5147796629647972,-1.3384752386627443,-0.5829376347029651,0.637960855323025,0.32353035525031243
-6.646296067401799,-6.488056574489558,-5.994252564364527,-5.358700498554032,-4.0100317489071,-2.5312585915534713,-2.4241265921484527,-4.404460152396339,-4.491966505954387,-4.28009965261157,-1.171582831379793,-0.15258905087244673,-0.9330651970792893,-2.5031397096636416,-4.143311081996248,-3.6476707960031596,-1.1673042093197508,-1.4791734485496013,-1.4310530589408523,-3.652259322112208,-4.953222347212221,-4.785090949276981,-2.56021445523096,-2.09599784478897,-1.4395434511461593,-1.345937540788341,-2.6837460374789326,-3.0248364465188877,-2.0117517633438005,-2.038858050231463,-0.885444928699962,-0.8481392486663251,-0.6766409730683456,-1.6299317684333539
-6.920256663494179,-6.550583535475504,-6.060106574523578,-5.059761145834655,-3.5050579375932016,-4.2551881072788955,-4.773816103134582,-5.1552674045777005,-4.095566371343173,-2.2264956115401255,-1.2228983944771845,-1.554060540594896,-0.34318202037172596,-0.0986001770323454,-3.4351427345871643,-1.582820054050403,-1.7057645864281763,-2.2109878520262694,-1.5235993229310467,-3.7805817053430713,-3.417296939214117,-2.8046256233712885,-3.7679796462899273,-2.0921552820243035,-2.1177358764411234,-2.0003913045578043,-2.4662174757912547,-2.8559119976404914,-2.2580166482841015,-1.9154179851077413,-1.756032373017645,-1.2422055787554553,-2.4707616097518033,-3.6017454011728516
-6.681799581238025,-6.302662022155054,-5.207324838740307,-3.431705505076501,-3.773103212254161,-3.93645536263968,-5.703152254986556,-3.404535442313338,-4.265654898827895,0.979782507047898,-1.9485353060438289,-2.621491925774329,-0.5757049448144367,0.3422388900942503,-3.664658658063385,-0.9020114183358942,-2.3233630442419884,0.5502437367527329,-1.1231805525778116,-1.4232799390461919,-2.3519118345808177,-2.841842979148181,-2.0393300451475267,-1.9068550571261853,-2.2992093333667585,-1.8064780817894244,-2.607673857319763,-2.210728938512711,-2.6414906079486156,-2.8225058382181345,-1.181543202415215,-3.4250817503309605,-4.474252895376697,-6.37847379475576
-7.170970573235869,-5.952832969174482,-4.3497207729314775,-3.306439924332562,-3.2813420918444267,-3.2158541529066538,-2.9449365361797577,-0.1237111955978255,-0.9132215367781626,-1.5936809950069257,-0.9113205334699439,-1.326635690752304,-0.30882535970279784,-2.3834887752489373,-0.2876196185764465,-2.983236034828501,-2.960356842323578,-0.906367494207556,-2.0000902809263073,-3.342789396758617,-3.059576631651692,-0.6958867000613104,-0.20669947220965956,-1.9191750826446057,-2.348498567517568,-2.1970077291329435,-2.295653687935827,-2.8486645318964445,-2.2031626592340365,-3.02702296200196,-2.5737955500145753,-5.026855068492652,-6.3165240494556425,-6.321123689028134
-7.070993989859419,-6.643886726771933,-5.250880740486592,-3.5211624096167906,-1.7865657612334445,-1.5286927011564024,-0.1500045315868291,0.7419152716471832,-0.03383770372451545,-1.593790603256481,-2.8233436943050623,-1.3139054411593944,-2.0383155325811555,3.6535407739399766,-1.6139569420470596,-0.57665939039122,-1.2594854901699446,-2.212959642069108,-2.392509924930713,-2.8068693087479777,-0.7480982515579123,-1.5229012652431868,-1.0620029675618678,-1.5082642356769382,-2.634496543537937,-2.47004301093865,-2.265067806836029,-2.630147640014156,-2.9958306865656734,-2.868647558446563,-4.379812456991586,-4.610089061763711,-6.082023844991297,-6.04065484038968
-6.435860529271791,-6.095975609914345,-4.741384582130074,-2.7377990291811303,-1.574833742090959,-1.6939351933069726,-1.677570262195068,-1.682647978459901,0.2954628790519558,-0.19493796703523347,-0.37751921939521155,-5.299439189594256,-0.06075053237907427,0.5872792596486492,0.876011807966878,-2.6821602178366404,-0.2733528445229735,-1.6932811802146273,-1.8803649592327396,-2.675998398996372,-1.5678991914425038,-1.5493306334792012,-1.720961030760664,-1.7968976581288707,-2.7609673648807314,-2.7335023088814943,-1.906125704772816,-2.959009343704681,-3.2493716781328463,-4.0424194077449,-4.172656003871048,-4.498576750076968,-6.303668935015366,-6.22231491393624
-6.353720914070325,-6.034170114653335,-4.675119323573339,-3.0767963142223196,-2.256931948580277,-2.0630581416862452,-2.7379921765365616,-3.3957127455364535,-0.031183093639025217,-2.6449213015930835,-6.066593011942451,-3.0315182545266945,-3.969683530935559,-0.480863347925171,-1.281986687144775,-2.0835286706792875,-2.164914712517365,-0.8733934265282275,-0.13846278157808614,-2.5391934426181075,-1.4494288190771742,-1.2867985018725157,-2.068598175248379,-2.5587736136538757,-2.940683766658412,-4.754412301706382,-3.5266966389013996,-2.5943987472971286,-2.8364809107120217,-4.816077876810224,-4.153660266543191,-4.246786963965238,-6.886952029071495,-7.1465010519230665
-7.082992960085383,-6.139770328982126,-5.214606902933616,-4.14050708686782,-3.6632491197778436,-3.7136307805236224,-3.871165521099985,-4.323198967135263,-3.7949258158855232,-3.037403738220249,-2.7043523032682484,-3.086972995319332,-2.681792540996323,-0.9718451593279976,-1.254168697671506,0.13913090079346915,-2.624592781154484,-2.7598629630712863,-2.8175335126680086,-2.5799577080992533,-2.094945841278385,-2.0986240472739515,-3.214416943849316,-4.420546993870533,-4.2102752889777,-4.889803327580359,-3.9898070469500397,-3.3118442072946883,-3.4381877152239255,-4.867220383981101,-5.304577993230686,-4.063687433442011,-6.698223286900019,-7.646237162892145
-7.075362988843633,-6.569997711478796,-5.428495973508444,-5.383354815451174,-5.605528599297532,-7.674831996644541,-5.395601031210075,-8.699613439483919,-8.759987633981007,-3.6504037317925184,-0.6526620443390196,1.9995552922786297,-2.248483361312995,-4.654766538598575,-1.380709369534824,-2.8811025103596752,-2.826205580153395,-3.4253790071229404,-2.17727930819477,-3.0169316363475303,-2.8729348186571193,-2.7850263369374066,-3.4058677251692537,-4.7328271112378415,-4.516284740630356,-3.952589209898732,-4.1958752733699125,-3.949816866546735,-3.7690238246002608,-4.744247252643987,-6.081725055614215,-6.39861665146019,-6.304210730805734,-6.892633986259608
-7.406626644429292,-6.281203723364682,-5.399498104392563,-6.1096423416910834,-6.557340961635712,-9.487288868741974,-7.0056130177416875,-10.867302624260239,-6.2255088486396,-3.6950429550044306,-6.455964779375983,-3.5350176272272393,-2.147329867153303,-2.5876739464223304,-3.4765926237000535,-1.7502936078622084,-2.9524656108391802,-4.318140324828102,-3.8393081567954273,-3.483207584834188,-3.2790613573292227,-3.9929252240567963,-3.710057887392758,-4.997580556424459,-4.4823791775994355,-5.783653671497651,-5.5872920740797785,-6.010280525100646,-4.441764223759805,-5.2084005571738485,-5.158476931403333,-7.168204284852438,-7.370445723682859,-5.566663333167354
-7.682050188900181,-7.319354636390668,-7.018868487760468,-5.831534998724487,-7.286884852655931,-10.945978132426795,-9.888347695524818,-5.383532528661892,-6.957644023010376,-7.587837917886599,-9.07641345031855,-5.719773964595951,-4.003826363204207,-3.7724725750817476,-4.0117691793728465,-3.108892954813501,-3.306057639959036,-3.7357043624984487,-4.42258633385914,-4.066073127237548,-4.9606215363333535,-3.9781706219043325,-3.387975931351123,-5.4994581141751135,-3.2381661490212856,-5.821511550335735,-8.154122774658145,-5.31307828680815,-5.788800182489333,-6.044059090803254,-8.791315925358035,-6.450370409525039,-5.944045674312574,-5.914197070968309
-8.523676582823645,-7.891868610624461,-5.688732694256752,-5.503686789155026,-5.549171022962945,-5.1818819510629925,-9.602128201484563,-10.238049936314411,-8.963262289887103,-7.340861751215094,-8.75590724076183,-4.014239179427516,-3.666683906813894,-4.986463137244226,-3.900872852688978,-5.785536556386433,-3.7608514550179906,-3.2086513818720954,-4.450275082740899,-2.422152953931635,-5.176242934559797,-4.8730953562334545,-5.411634868824097,-5.124666595686566,-4.980537394039653,-5.248925847810476,-8.232549210693744,-8.370785123221324,-7.226578369393253,-7.467040454923644,-7.432772385678498,-6.0710837640370645,-6.629863826666961,-7.068412407773698
-9.714431836577994,-8.00884777262353,-7.060514025349142,-6.3764609219948545,-6.00456019566642,-9.070955150501412,-9.862914735720436,-9.25684212840586,-10.424503140560772,-10.205033875815761,-7.013158400975654,-4.172546846827174,-3.590404566382648,-4.770094190391698,-4.296305714898382,-5.280685471738381,-4.012397423653593,-4.073951984476311,-5.080181346479882,-6.4152224748780915,-5.247338696274634,-5.526193747500567,-4.6081923240013705,-6.031718158586177,-4.817501918644232,-7.781726261724264,-9.182865612130417,-8.771831068158882,-8.811820710990233,-8.349223120544602,-5.232290944323767,-6.004108097489057,-7.927310956127675,-7.584855621537439
-9.896988543282404,-9.005935224793138,-7.705210998920968,-6.988668805962353,-7.853519137788485,-6.263727319162196,-7.381234998445741,-10.53472704904207,-15.198987875625688,-9.267043761264976,-7.269699486282271,-6.8227932670335685,-5.69336582875196,-4.430865360058671,-3.0823358156698317,-3.7183866936277328,-3.853070133372733,-5.288499282412099,-5.007329861239029,-5.520951122660206,-5.018904546523503,-6.386694973184837,-7.210846435056149,-4.232118666599625,-7.703193536980059,-8.853542306109533,-10.063978274618798,-9.705872190747526,-8.859446077328029,-7.736638326457901,-6.723313667600206,-8.011803768305066,-9.450896910391515,-9.547843702667558
-11.082680390004755,-9.923881340563788,-8.703082268428464,-7.425944589500145,-9.155533803109295,-8.904747239795036,-3.977989684800789,-5.774249991386851,-10.27926939443377,-9.084401366242682,-9.072315128242693,-7.277429385885568,-6.34999506745501,-4.082814417692764,-4.271206941856928,-6.044113285899893,-3.4517984785425884,-5.6961179612587625,-4.236064890557746,-6.595974812430471,-4.612683315690771,-5.937469445549064,-6.902655625599921,-6.934678201228853,-6.245506833337993,-8.522446943583784,-8.998285882948041,-8.614791652818855,-8.38122815542924,-9.401195815532704,-9.268395619883794,-9.52762157659508,-10.101780675125926,-10.372761638961837
-12.040527389479616,-11.096151429724587,-9.809572208747682,-9.500321425438791,-8.127310741194185,-8.256403720558062,-12.322098085336256,-4.923591949188119,-8.523961428524343,-8.344236781161873,-7.449264515086164,-6.594367128933709,-5.857974218982833,-6.03115872365873,-2.5042956404854926,-4.408048695394853,-5.1075769330706215,-7.042248775314395,-6.328248227583775,-6.241600339992241,-5.701548898096699,-4.278409114046186,-7.348986018788381,-6.199825370186879,-6.969860074334626,-9.625635156500927,-9.395364433873182,-8.418531990262618,-8.922944159986091,-10.268501122168495,-11.502825623340305,-10.5067160205856,-9.97646338992055,-11.509350958549314
-11.312267110158762,-12.252865341925366,-11.442399637207105,-11.044400988517822,-8.356376450631265,-6.876242450362517,-11.747410845404803,-12.604806432310633,-13.691934813390322,-10.093556468731032,-6.47619117221539,-6.357146378943665,-6.270615573332194,-6.80843195955766,-7.928078912064612,-5.294562265410955,-6.308850341080531,-6.534897466155209,-8.1155498903276,-5.875682498065755,-6.22795644581114,-5.496910282039119,-7.1265003976373755,-5.64518985109311,-6.340818542359686,-7.579264594037063,-9.524061298212189,-9.70339022056862,-9.158114081783328,-10.728737217337262,-11.564866449381556,-9.770303300163166,-9.688538540961295,-9.955711033587804
-11.942957376043603,-11.827230464171079,-13.328084802056186,-12.379095198587297,-10.733118076058346,-7.421952470542692,-9.791670547537649,-13.428470388320248,-11.803564703778015,-12.658971711941309,-7.204220243794995,-8.815418640502468,-3.7884619427722575,-5.363638436657568,-6.8776860321810345,-5.861444753576112,-5.764467192343171,-7.060776721353327,-7.099109809555271,-8.257515406169729,-6.18087750607988,-5.039915270299545,-7.429552462237632,-6.957505721858946,-6.173331427155443,-4.4704694932197775,-5.9133384025472155,-8.26757950310736,-8.593181563427374,-9.526461748841827,-10.465931671166267,-9.739883274116487,-8.446510744511796,-8.000365726869042
-12.387494165312592,-12.667645419757005,-12.602463851511683,-13.558580210837873,-12.699790303034524,-10.95874271700041,-8.552488603742747,-16.486914902093883,-13.325749727699554,-8.652584576864347,-4.9315728150977645,-3.43893077098108,-4.79795703685724,-7.674147806438144,-5.075159031551025,-5.495756761222877,-5.963155170553331,-7.762053291708396,-7.688535346655255,-7.7436553703747615,-6.928629388251471,-4.365768490339745,-6.112496588626632,-6.854652493210858,-6.138909776146759,-4.951028962390724,-5.187036712215959,-5.878635519785521,-6.19576580054553,-7.012068726910353,-6.846002727143289,-7.022314599033551,-6.305342199928136,-6.780635942338406
