script/wind50m.json
{"header": {"parameterCategory": 2, "parameterNumber": 3, "lo1": 6.000198445256149, "la1": 58.999992894266676, "dx": 0.5, "dy": 0.25, "nx": 22, "ny": 24, "refTime": "2024-03-01T19:00:00.000Z"}, "data":
[rows 0 to 23 of 24, columns 0 to 21 of 22]
1.4046934114639493,3.6374259181505946,2.9585601558863837,3.0255101473351336,2.724521503318703,5.091235614562989,4.156043517732682,8.080132900277762,9.74463936505749,4.128981603422285,-0.06301240105393059,2.8862210595482027,2.53248613094769,4.327859453831356,1.9598097196113196,7.9425077998433515,9.034364783089453,5.001725253297638,6.135077024057688,6.428726197676068,8.788740904430549,4.193631787211697
0.918944490289014,3.034303210093399,3.828264965679108,4.432240359004217,4.8070185220216946,7.139198562961829,4.182919013905295,4.102697250757106,8.289820866993262,2.9076473887848637,7.6175373716289565,4.190150601790602,3.9033688571453298,4.314536994002082,1.4486351654994611,7.989015396056101,4.841209543007896,8.381913153765444,3.651314697152633,2.5296954102398708,3.1764012132084165,8.655472660184975
1.8837117885445385,2.967452059129462,3.613266876393301,4.647300202230676,5.344749655960215,7.431059264156293,8.846687939890618,10.057981761804209,9.109617816065336,7.2858749441658555,4.069391744562778,0.3245304207131309,6.406938130051961,7.434969474944075,4.539530334639251,2.9622869832746304,4.901814236130154,3.799689297838014,4.270086937569071,8.543730580724274,9.636994340239733,7.854836109808888
1.9811167760998998,3.68843555905902,3.5461057863634124,4.606753864042802,5.842219881966844,4.232633713607395,6.584217120353643,4.854612473052587,7.035407747509291,4.379783619701822,1.1004348072158374,6.306424266865417,6.5263948507257,3.7465836448023646,3.657636813470849,3.505506515448986,6.569222636710577,3.916359727143041,8.565728425660495,6.665277082065733,5.3090669238061166,2.3698863041012803
1.2752680009777353,2.6104754000270587,4.1866514854611365,4.461925387296658,4.970497701175012,6.88114885337552,5.77780149316953,9.290657531651044,8.43842111836309,4.200779811863752,4.852938374845792,4.968422501819529,5.182981032391935,5.317763843398614,3.558338087289431,3.1833389190586727,8.376744126316524,4.10061138266119,8.21465481763002,4.319270019416672,1.9047982719644159,8.431109940903989
0.8694660108126965,4.886892994746818,4.015290458433384,3.334045842350017,4.8806421522859065,3.4765719021489114,8.633792808155516,7.946473968589643,6.751536844781487,1.7448166374514884,1.3275054051752444,1.1562761685683638,1.3281404489332236,7.459170077195698,4.214276245332741,3.113768576782964,5.584165877926008,8.6599406161288,5.0800646309204085,2.3544801200538283,6.364332339620671,4.596458732126907
1.1671018398345687,3.11388128412113,3.7630375365093496,5.287993657468043,2.753810928218285,6.590441733433624,6.610529117045492,4.529184817924783,7.4538715519604875,8.523500349779534,8.076781428309245,9.97488549908327,9.583875950081293,4.110593212454952,3.9581817454757995,5.72716665190204,2.0374510022566796,5.876935192100631,3.3223798250074514,9.015583110969748,3.86135189856443,4.870782963614906
1.2806505315817467,3.497518033220077,3.4020375168090293,2.9068637376737607,4.322282983602771,5.449607707387573,5.484120992575267,9.269967517119596,5.811002970218083,3.9908515087379355,3.8719777090438128,3.1200646052321876,6.704326303801396,3.6792719851765683,5.335033676190253,2.9807793465365475,4.072791035062435,7.49235847733063,8.105072208327552,3.0690859209059225,2.8853711514610745,3.191518461514157
1.8468236751569371,2.732962035668563,3.176692618977487,3.254413103151626,3.588661537520204,6.323580864883121,8.712121759879372,6.369117046399142,6.907909162531737,9.83354180471828,1.4092593318456974,3.98100308791669,5.702853684462531,4.163386878231477,6.576351421313211,3.5448107822951385,3.323033945780438,8.178727067488014,7.734633502596039,1.6937878995427076,5.31675415121057,6.185532576953945
1.8665324685901925,4.301918189936491,3.4256120495866225,4.424344671179484,3.917883442922066,7.2502167955359225,4.742145053637763,5.3541182626257795,9.796095602589034,4.482707086118794,5.924870221696034,0.7649488459584863,2.402284025424534,7.812426467134737,3.388600657929918,3.36622362420581,3.1936365429524685,3.5406548762660064,6.885864556888244,8.717441682413352,2.5554576377894826,3.3978565022335934
1.9532322016986527,5.161962897504701,3.1349051824730862,3.7763846568574175,4.349419968124265,8.357040662726817,4.07301794635371,6.789593650527296,7.181919992537594,4.643931130535264,3.6861189677374635,8.598272449291763,1.370055373143726,3.5217381991707897,3.4328548403253243,4.263880948826072,5.756763367992466,5.392995693587524,3.6675906859594485,4.968142836958422,9.568511751759031,9.80635938999805
1.6796565574281577,3.5121307986588994,2.730868987129515,4.128281122585365,2.817164665249397,4.8644263755052375,8.767654662333662,7.86858764276241,8.941210195634712,4.354108158056062,0.7367518224819611,4.627918984819041,7.459489281970376,6.291794427661343,3.8844482237363533,7.133463017317578,8.870311688771785,3.9275706929724157,7.6742060743585245,2.2726696599072347,4.683654502810641,4.29095877660556
0.6518546575240842,2.5734773398686914,3.5177274759953447,4.46626166180585,5.965521193720693,4.14282406151033,7.053348998087714,9.050135819908718,6.272893792225541,6.467083876577436,5.798710087155735,0.8539131082136545,4.593469904518043,7.293004376456631,3.296965601318724,8.010162968213885,3.9775658482936547,7.7953974315546315,7.185006160184702,8.117829765167992,2.1524853908267185,9.925878387603518
0.5456728137893321,3.184810915833863,3.518769921266234,4.732079287821627,5.47612196202998,7.4895907662006955,3.5402129806953795,4.01693861438567,6.705296802860496,4.4089065586032525,4.113253288861852,8.934745102445719,2.571542214622069,5.085526692009346,2.6621477360713928,3.081382661336114,4.139588692603149,6.174742021047056,6.852386793168371,6.610793316667733,8.208680797959802,4.500528864388149
0.855406722940896,3.3046245906289453,3.342723135403715,3.759492749595181,3.415737756625299,3.4795769548515763,9.195404776201803,9.25209802574187,5.566202589004952,1.9700747362377686,0.5225070959985488,3.0356077100226093,0.7240791708388783,4.649556984486593,2.827896883604111,4.829751799603042,3.649764134311849,6.866923957298414,3.615355077027657,2.156847988597958,3.677207348310251,1.7370749967964494
1.4924579826899678,4.1583925935366715,3.2291677287558853,4.976732417579011,4.790789270152719,4.998999156064716,7.752808803861776,6.351987717738935,6.51616245282459,9.574948442691177,5.696340022565126,4.191083901770032,8.918857105431796,4.815318190847634,2.1467060331400614,8.187577632263514,7.282540640894667,4.1333422844320715,2.6495621481933345,8.738797890369858,8.978941372055301,8.630555238289489
0.8196163882465121,4.247220892425318,4.010937149979218,3.99083969794967,3.241014761775486,3.5416233282229137,7.454050260014204,6.096278150941592,3.5956242092373136,3.326467185216779,0.4244108656182134,0.6623716353813514,5.500580011965398,8.035465475524441,5.361677209995831,8.297011369301748,7.582566960786555,4.43509167340856,7.945735141087635,5.575224590878566,3.6024890918725148,1.6336384319096224
0.6631275945224787,4.197121601746819,4.989178993070664,3.9820066268008856,4.740995233643462,8.44468233508083,8.582570065164859,5.793642858019716,5.8783041443340265,6.499351484655617,10.075999219936554,8.887354505794216,4.733671664626347,7.6489597859977545,3.9655781442787403,4.2481630195049735,9.159645694588672,4.819358117296609,7.161948822619588,2.4881454629038355,9.129204450417655,8.321256922701917
0.4915803078339162,3.2481832732802918,3.3988123724703727,3.974354380697037,3.472615867859008,4.806094330359568,6.534916576466377,4.261438579653124,4.012432415078455,3.9432622316196615,6.3080806168002255,3.9658990068889537,3.833293430015609,1.542995276246541,7.96314250512708,4.361520689433132,2.3455102444639624,6.2302995666231356,3.5597828292497042,9.793991638864727,6.092894030593769,4.745196112335197
1.769821314819388,3.6128774028156054,3.729162007648508,4.1253534981824025,4.301230832775754,4.807104290901622,4.186901396587118,9.147009813962818,4.820621712755896,2.647191647932069,2.0757610789817345,0.7495571432064427,2.642706560200647,5.764788346562122,8.283686830763486,6.234907917040627,3.4906524542980173,6.562141804669508,3.1076415033942717,6.323486953452932,3.728050244388711,9.920802350838851
1.0754625127179294,2.525329931229871,3.3043304677669147,4.794552667280444,4.50073509440008,3.902816053834857,8.793120994181907,6.658098954765219,5.461865272925558,9.736882433731791,10.609791577512295,10.179458331176729,7.877397270655606,7.2947263385916585,3.9183060690141853,4.196320132640021,4.516673037497111,3.06092719806454,8.013133475514115,3.077654093686792,8.811086372866646,2.023246408020482
1.750855431546399,2.5643377099533162,2.603348902872047,5.060609234048839,4.147782080432428,4.79905895827206,7.466681249863496,6.656234795557032,10.072910702039435,3.5024145217516978,3.8442952932699503,4.029092909424621,5.267788224505626,7.426863773317261,3.9544800847213373,4.881840220154502,8.617931057938867,3.3027199724280165,7.212648138910284,2.823906116806108,5.19551338488318,9.381403688568241
1.1658801225624562,2.4710223365061954,3.295984914171279,5.001515438504266,5.40317916470096,6.26455605037482,6.061653556361443,5.549879152439825,6.1532149381842824,9.674970815947624,1.9227063044865664,4.501092090008619,5.1163929703013835,4.125899678698419,4.406782911186601,2.513096609221039,8.513546410382167,5.113000674000141,3.547979436847165,8.315346365392603,0.8468036242277622,4.608738489297503
1.8885598028364832,2.6601540895942883,4.095018041975551,3.550064305382503,6.404392468189444,7.602523425350326,9.181935125047318,4.199774848074367,7.36445707120011,3.5196298801152333,8.770573264848313,1.3445618783717634,3.4900940074897813,8.016417318046766,4.064559753992597,6.997375298783273,4.454776463812319,5.151999480411187,3.189297650133924,2.521534579075497,6.350670323983934,4.364940557952237
