script/wind250m.json
{"header": {"parameterCategory": 2, "parameterNumber": 3, "lo1": 3.000054539987559, "la1": 64.9999836372058, "dx": 0.5, "dy": 0.25, "nx": 34, "ny": 52, "refTime": "2026-05-23T15:00:00.000Z"}, "data":
[rows 24 to 47 of 52, columns 0 to 33 of 34]
-1.9552022899508175,-2.648213158410343,-2.7868134112170964,-4.184675268870638,-5.639952045619779,-6.843300079172595,1.0529119290415134,1.1573403844885302,-1.3605267310436517,-1.7436688941272973,-1.6581608210055228,-2.3377794396977682,-0.8532349543918064,-0.3066370928914972,3.781971768547252,7.494909707994459,5.410612044006198,5.596280972086431,4.705809640012956,5.811364963643178,6.380803273269383,9.346537630313524,9.82563894579314,5.281813205978208,9.912152516370064,7.2278516446111665,6.4046881104788564,6.238470911456912,5.092310168305229,3.453931425141352,2.9400453103986615,4.114349646209163,4.652968447774849,4.42427444121766
-2.1606973290266183,-3.125785180007507,-3.433587776008189,-4.67063102973972,-5.9076377631638834,-7.317139147210696,-0.08545622054619192,-1.2388419655002294,-1.9118919143217203,-2.009784521927075,-1.8306581988649213,-1.2395015354733099,-1.3967765351325205,0.5431315222467352,4.927362901997527,5.601212875819119,3.501868956329111,5.4000341879257965,5.6111220071408106,5.441731000250378,6.784163244737922,7.684580361647429,6.168703305520636,6.231148409558779,7.92056777408475,6.7761655952558115,6.331828717653686,5.697500339913643,3.743572966836353,3.5194601942977903,2.830190151340986,1.0672773066756205,5.270467380352162,4.696837278651002
-3.292275468648647,-2.9889022197812833,-3.6815444788248097,-4.987857274148315,-5.982470040171187,-8.03006388342358,-2.1989739624005464,-2.675814657453889,-1.7612672157181812,-0.7035669789744908,-0.795902501774912,-0.740273337796615,0.670812467060881,3.4589021044444563,4.937488381436648,3.3151990559646163,3.1051321917942865,5.0520893401288625,4.8584340352675515,5.198818881403276,4.649300661278809,6.670804480269235,6.257581613476158,6.2877078246662945,8.156184299542934,7.089819343334682,5.553504164055844,3.714039660967686,2.4775139091665923,3.267937912163574,3.8314362479659754,1.6342113269437715,7.7319813129018415,4.810016556689535
-3.8893530420861073,-3.841837479356043,-4.415952403109695,-5.512752954323211,-6.437137771471708,-8.473262508001858,-7.004829566993111,-3.2267844256743925,-2.4213555024133027,-1.098392605549561,-0.39885192980441364,1.2427125031250355,2.7617177441652143,3.8552118375620434,3.5401628489056716,3.0431770843725188,3.3996910605327617,5.865581081333706,3.0664549057920754,3.5230877142696437,5.066155637864951,6.126686944312187,5.891874463068259,5.857731192038386,6.971985716199225,5.933534800502187,4.085370179150221,2.6992187370793674,2.848899289289388,3.5356993383229613,3.6447084842073467,0.10026235497351134,7.556805569127527,4.674882795754476
-3.5377025955776675,-5.090972393917301,-4.894575072861792,-5.788145978989576,-7.452451448934974,-7.352433734604409,-8.089167520723823,-6.815737374028199,-4.386204011760541,-1.8763867149977325,0.5812313209844571,1.433528414712536,1.1731063901154837,2.8011875079108,2.503753760658453,1.807765217115347,2.475243324951061,3.10778836308753,3.667580607325439,2.752026357850216,4.979484920186943,5.845052609781429,5.159605772656482,7.2863441662150565,8.325130431856772,5.347555383302287,4.139249572224029,2.6697996424813515,2.484929405329405,2.6616152408334353,1.9840182773339812,2.463357303226866,6.411951354153047,2.9337641720272054
-3.2748935355699396,-4.911183113207502,-5.981717544395164,-6.1194658523451855,-6.971248280346679,-6.339315052836176,-5.810414210700625,-6.599158992902711,-5.427100650564274,-1.9881598626914045,0.42146541263097687,1.2208210404416386,0.990090752814891,-0.3990931279825661,0.4268949907241522,1.2840072890585155,2.5673420132755167,0.03949830140788571,3.591966710977674,3.937340419033895,5.5286345833809545,6.100489072689048,8.368980227207869,7.4769718241312155,5.050332347808029,4.280982034061678,3.8029651429423543,2.880980038958372,1.876435042050581,3.465725887422532,-0.029762530659434794,5.405224737859118,4.377328413022615,3.823034388883751
-2.8517367314261506,-4.5334776163380806,-5.981564261921973,-6.482302560342941,-5.622332489426038,-5.102525563045274,-5.475527891623429,-6.1762867143679205,-5.506496001863308,-2.961388386380026,-0.24075996062039928,0.3923818243276981,-0.4979739540875367,-1.4819097234359182,0.7576404476508937,1.5206977249299833,1.1832085368300054,1.3631373595152538,5.174432200439608,5.31326947875506,5.590085430584965,7.304501577094888,7.778811395560978,2.8059027819662705,1.9286004312859961,3.552918703076701,2.940193499537061,1.9919772375755567,2.463548363634912,3.5948824192092275,2.4752028980692993,6.115604179166186,3.699171446733629,5.087779853883973
-1.9446470385453332,-2.884107301161244,-5.031622759608353,-5.028061479263355,-4.049680575049349,-3.8194203353372966,-4.0548413097056555,-5.4446387436317565,-4.9259286306608,-1.8495885959219744,-0.5594962407220687,-1.2118080147519419,-1.2118376648907931,-1.3637795420940557,-0.38704904465927226,0.3503708906030357,0.9286397800824295,1.118132300539055,6.151998267690497,5.216906957253222,5.724725661863109,7.533746481246478,5.248318612663093,3.0832857720404525,4.296093935669566,2.721341600453985,2.1061116502558166,1.368149354367566,2.002073201349187,3.1076190471372844,2.5595028632061454,6.1515263856681965,5.9417444817922265,4.911801142985504
-3.7598284371698534,-4.068671726080077,-2.9354124295724793,-1.3126845222525074,-1.3225842837500503,-2.1123634112960046,-3.5104771845491443,-4.535109413161857,-3.3100718775722187,-1.8053479818850662,-1.9557078893103965,-0.23112213535887455,0.7127246752548894,0.9632277034441709,0.3441283079596497,0.23656093170604425,-0.8150553854401542,3.914116610541016,4.253811907728594,6.421425498054451,6.328589337003779,5.27482970786118,3.345097186380933,3.3483299612633743,2.8894144144628906,1.7987200810958153,0.9852355746300187,1.1090269010539704,1.9985808472244664,4.033272685335467,5.4495781516767785,5.317872741436849,4.904693231202083,4.116544150119938
-4.433707304455568,-5.626382342101628,-3.3324372204030897,-1.9947288848216926,-2.5790112796002385,-3.0755229604480143,-4.471726787904857,-3.4262456040309575,-2.473412725447141,-2.308780345909346,-1.7497291265890254,-1.2034139011941731,-0.10189381970184261,-0.3281588680686095,-0.40875561946853645,0.9546678257162522,2.6403790868027692,1.5431330681048698,5.350282732674822,6.751269989948744,5.156552461023593,3.783862562313551,1.7360706907773966,3.613142247059283,2.1044646229290045,0.9674091755521376,0.645685963951841,0.5123215149799331,5.763499143393805,5.125044637139191,5.2901831184960155,4.714120389185926,4.040706354534099,3.0276321196647795
-4.940739960339189,-5.811870665138741,-6.009416352279787,-3.8269854633754883,-4.356923359193621,-4.2095506126747635,-3.35776749550692,-3.2889876924380443,-3.4868391250455693,-2.975530578854949,-2.901206763948528,-0.731471446726977,-0.8994109566145116,-2.2246847433890857,-0.3735563711884395,0.04425837818140709,-0.31766596670901853,4.524215026141332,5.850434688906695,7.20613481767244,4.642991699695712,3.0355862978400525,3.17696200828723,2.180876880356161,0.7363825806724167,0.5383895127633,0.7007008437634001,5.754704535348465,4.728347497644352,4.859655641514467,4.679186095247683,3.692782729945838,1.9514666024950003,1.1914494426689666
-4.593971093266242,-5.578832051675862,-6.369673660832015,-5.604970376859398,-4.416678235366806,-3.972290672315631,-3.3355475987971626,-4.526244096487684,-4.053321685831444,-4.5109072859693695,-3.3940230273479832,-1.0397311329835301,-0.5406580220328386,-0.3306742924113542,-0.48014469350289596,0.30857682081500903,5.492269923872817,6.771120912062968,5.9683812568401065,5.256682994627835,6.257339888168265,3.840695223100663,2.8965508355861953,1.3247102929413486,0.4942015259086645,5.087175680101482,4.496396957924587,5.1100627008798565,4.894698882089428,4.396458359332588,4.623462097454492,3.1739812170904873,2.0876694920644727,1.428196617243166
-4.229563264596388,-5.601681960965887,-6.853821477597974,-5.902117676557894,-5.544515593778343,-4.0294740736805545,-4.438506773943493,-6.307597491093288,-6.1368624928484445,-2.594907430685312,-2.614702942152494,-1.3151862388884197,-0.0941747307827497,-0.5436152622662876,-0.8078341000320522,2.8993303746068384,4.545549271096066,5.133464899353354,4.11928842703574,4.428751375248698,7.1502035165521916,4.74539362147936,2.998473463773618,0.8171387307498034,2.7701970640387965,4.346210713440969,3.544540951112476,2.9904421465350146,3.505645438864387,3.33126058091153,3.1121123599315577,1.902779376487832,1.503558709870115,0.3845789498666092
-3.4822377299606155,-5.0694813266057945,-5.87584837970155,-5.1459678891791985,-5.55370927444607,-4.592894801271434,-4.937696336849506,-6.363743139985781,-6.45754211850544,-1.8989802773209934,-3.54774684431256,-1.0590593450070676,1.1871018932585415,0.6061379235290464,2.022411457585018,5.371391489412837,4.514134594227211,4.123418199318915,3.8346083555458788,4.2401794209432495,5.357174755692239,4.514321097574665,2.1032389888174836,1.269785065144492,3.7322098817345686,4.263792723495755,3.0880388257076294,2.9307041568981984,2.648388395504313,2.1511592648777573,1.495534711276353,0.6069109776769845,-0.05548190930915426,-0.28763267303581186
-3.3348178132523283,-4.284286630681918,-4.784297018476492,-5.262086520869409,-3.89373470784623,-4.772457378757055,-4.704777177549089,-5.0884030533963225,-2.3205803038152464,-3.514411475665633,-1.8495839945761965,-1.1415794625832816,1.6662939313296028,0.4740556610156177,1.5130432702709151,3.504123287224237,5.208833744487349,4.735065037316719,4.408754340457257,3.664823101760982,6.173133046988463,4.483436276132386,2.9923355784041643,2.881331793653717,3.614583160496106,4.103854394159978,2.341952039997926,2.1696914216254486,1.6202894825313792,0.9284873609742935,0.7734425589937057,0.5944554217113217,0.39762112336323824,-0.17320733876761366
-4.138990999983795,-2.9188502196715653,-4.819715252477355,-4.785154795373912,-3.942565790624404,-2.1429272416064267,-2.3503750210528525,-3.2456621711160256,-3.684395818103595,-0.799797880318292,-1.1244283367594794,-0.7371578283217136,0.6832331092915578,0.20704915633877588,2.0738362745867045,4.091656498168656,6.029660158574378,5.993942323963084,4.034415851174769,5.025679421664057,5.241432106808106,3.622030457407082,2.256173852985691,2.6190787949291696,3.1713640237535174,1.4951232590618317,1.7919722247053198,1.2301024405353815,0.32787628213848063,0.3597319497262368,1.1173035173686388,1.035411830220534,0.18601855188557065,-1.6109909776575204
-4.842025185623037,-0.5884538601153049,-5.081351226774413,-4.474074257749293,-2.7912122244634396,-2.580581419521298,-3.039686100358064,-3.687929769407173,-2.6274398438361306,-1.6957839676288666,-2.4824851342591177,-2.431046689128504,0.019613918354595916,0.15339857218138847,1.771469189253504,2.6269063108055115,3.891053455151088,3.536509668085373,4.236694374425398,4.195502441444002,4.0043510858273565,2.8707964987289407,0.7411675510205745,2.542113254470532,3.6427160605427447,3.566571221557157,2.8357990490951352,1.5824449932437328,1.0125054434384493,0.7935254141071654,0.8734332395279656,-1.0353594327856728,-2.7922191216201924,-3.755273511747775
-5.151558801333455,-3.494392920801121,-3.989546105071288,-3.5208211247844847,-2.965831992790363,-4.596354198808732,-4.385254557223553,-2.6492317837924775,-3.2035448710406014,-2.0609143663485163,-2.7484429040960965,-4.188611198319265,-0.8029256223668189,1.76400009214643,1.5892030534388912,2.5343257994022936,3.231952101181327,3.2609294302877454,4.014679824623729,3.01761410232339,2.615250791860799,2.404223275492662,1.4559576805091738,1.504893532657067,3.7031416210974766,3.6537436046209875,2.5005933539449163,1.0092185346095845,0.8795338440813788,0.16606236741306613,-1.5478293871053315,-3.503110480629654,-4.889065201900831,-3.27208481019105
-4.9208331334548125,-4.969509401112038,-4.121541453700624,-3.7380933436259505,-4.306521090106492,-4.303905891438739,-3.876151758205864,-2.7622349850362196,-3.5688669304155636,-3.0922631261961153,-2.8793248926899286,1.3716880015768234,1.3276894675444495,0.9524670427508527,1.9996735704684179,1.7559449466883097,2.4978005152728904,2.8792681866903758,3.7014939717160225,3.8359832256147754,-0.27133850283388317,-1.1967964505934625,2.410398028770389,3.339924736163211,4.12298795596324,3.2360670570272845,0.5971997013315433,0.22723839672073196,-1.2048655691968384,-1.2062549506421452,-1.5237652941287192,0.9187482365635846,-3.924092150337373,-1.5463559374743874
-5.122027063083261,-5.119046536569101,-5.341386388254967,-3.7548100499052857,-2.7866755728752626,-4.1120853705377085,-5.16792910750029,-4.18601579824082,-0.4297414374097555,-2.564563723913584,2.7231742624844317,-3.9631040217248685,1.5757813398789189,0.9523680663187248,0.6246868161178053,0.7218051579577189,1.7171902177359417,1.5745940257873585,1.4316667424861216,-0.13749044855236744,1.4488203012522343,1.4633649261630846,0.14661883888071384,3.728444949799911,4.17288421514572,0.8135807806588238,-0.708492026994913,-1.6140741207385527,-2.2161302587574436,-1.5168626099821179,-1.4469756423263678,-0.46633570370208594,-2.187160269135379,-1.0988269091565284
-5.971114184864876,-6.486265899216096,-4.874116316110493,-2.4664060606026132,-4.499564835841314,-5.5391347361975605,-4.9479484877539335,-1.5309628004304294,-2.224200719695906,-1.2801554701197768,-4.779203404297534,-2.8542530770025176,-4.144594564569651,-1.7914083133289123,-0.8489086889215715,0.43438436724384155,-0.5685194297416813,-0.3135620555861618,1.8960222181049855,0.9172463456391766,1.0249807299990266,0.9512300624964501,2.520476618835203,3.262159571220611,0.10551263785655687,-3.726644958656676,-0.0014178907244851743,-0.11263601351662433,-0.570324269042205,-1.1935204112728763,-0.4325975260056094,-0.6639700962664702,-0.950512022617799,-2.0292943289024974
-7.839025252465814,-6.885167688961952,-3.840740441795547,-2.8370229217345555,-2.473992682942812,-0.4118542805308977,-0.23692071386224864,-2.1052691638588303,-2.990351904922546,-6.45333822471557,-8.380304520714338,-8.331103070144263,-7.463727444987155,-4.942382167771267,0.4863338228108903,0.6232285261541578,0.03721814006027801,0.40524440684320023,0.6520292348537541,1.096501944375613,1.155106994808166,1.7832349501690223,1.5349207503732576,0.8686973688354257,1.0896933544936154,1.4052226140496271,0.999407903540127,-0.062069587284181785,-0.3073926037602232,-0.2455438510793537,0.3397528407076176,-0.470191236646162,1.3302103009121191,-0.9199232394498893
-8.115095230079648,-6.581266072010762,-5.384502925617638,-5.4848043253362055,-0.8380470136495332,3.209352719510329,-1.6502887654295715,-2.0282786442006886,-3.5018887495368145,-6.435350313006016,-7.274484135362248,-9.994529014048188,-0.6210121791017298,1.3706236316641922,0.42573614551604094,-0.0294157864129228,1.567492691445243,1.1856657193230309,0.5799357647242912,1.3325621630314197,1.7569005151191228,0.4250129341267426,1.6971794897938124,1.3617261198769124,2.127814160540299,1.15004232366892,0.10647209169926367,-0.8237882798025705,-0.5286470392674132,-0.41850662936457245,-0.9011806234594685,0.7542616765899188,0.72052634338236,0.7286175032291691
-6.7102469403101415,-6.34285025935506,-6.001673970336606,-2.7096069405399175,0.9726974534724817,-0.24326150241252673,3.806753568339859,-2.1035528120812703,-3.632612132546323,1.9241791101908035,0.21898697001403447,-0.8970477238509077,0.0599963773670703,0.5522547810618762,1.0637836631137814,1.8326550145526128,2.032964578365546,0.41721453691699995,0.3241418418097679,0.4504708031984678,0.48898674795426283,0.7454035215246623,1.2692950753046426,0.5703633901653871,0.7494426220698089,0.740900693115757,-0.22200953475374355,0.0016590317023708185,-0.35925877902760095,-0.4206676714984058,-0.9774946795184141,0.11308140904596789,-0.4681856382990086,-1.037577713994343
