script/wind10m.json
{"header": {"parameterCategory": 2, "parameterNumber": 2, "lo1": 3.000054539987559, "la1": 64.9999836372058, "dx": 0.5, "dy": 0.25, "nx": 34, "ny": 52, "refTime": "2025-11-08T07:00:00.000Z"}, "data":
[rows 0 to 23 of 52, columns 0 to 33 of 34]
-8.838315585854435,-8.737250282137367,-8.961568188728055,-8.776913012237681,-8.785011571274456,-8.5846938722077,-8.107647691317547,-7.545712676506257,-6.969315367410171,-6.0212022050576,-5.117351586790967,-3.915107297889788,-2.503394664524851,-0.5122743573612613,2.0502202246466705,-1.6038319306562832,-0.6347238765760667,-2.3707150657686644,-1.9236294827950229,-1.815549671395451,-1.3740594959833334,-0.28906003432936017,-2.7027507234667265,-1.8988196786051608,-1.3180922035462836,-0.7821126348255197,-0.7670607951671452,-0.48552150091225926,-0.4699834125941044,-0.6892002729709366,-0.35115681734419646,-0.8768959051991148,-0.6996397480156118,0.187718308725368
-9.442225522926337,-9.125230028173158,-9.287877796384663,-9.210142367054651,-9.310240215472257,-8.805171181698427,-8.171740521729639,-7.663278125741018,-6.508729111516954,-5.097115755938107,-3.898972058069416,-2.247041880108597,-0.2544435944249113,1.6164766692863486,2.904808722143309,5.813768509645781,-1.3054476858528028,-1.0648911217335708,-2.3539182850923344,-1.4565076109508988,-0.14581930471804178,-1.4130573300119031,0.04347310625244793,-3.0909587953852125,-0.5797965126248866,-1.1482461456755682,-0.7143881160838293,-1.5907607154368366,-0.6793514531158098,0.026167368894400175,-0.21736432745679776,-0.45534099441375736,-0.4888658015049006,-0.7494055784045102
-8.271363944560855,-7.4263632648503535,-4.659828082025117,3.441578864734392,4.211057423622012,4.079595725108027,3.4681181499020277,2.5962471011748463,2.7514492380241085,3.3137494053433,3.9903117004474624,-2.5201914196067707,-0.5652489427129243,1.5006506001402478,4.248709719963102,6.124360061004082,3.521400124528983,-2.549826329737357,-1.2580273748103348,-1.8489782332485096,-2.5770277682931626,-0.09051836388530322,-2.892367884529235,-0.939598386802292,-1.229197765585782,-0.6713421782160955,-1.189833740124675,-0.5972777233896814,-0.8423885698777703,-0.6282277501237883,0.2964673527501993,0.05283610873347088,-0.463693483598139,-0.4977186018852336
1.7962301147624076,3.7482532128987063,4.377814685898841,4.975789469232819,4.783366334389464,5.136298366395763,3.551425830597758,2.683673231734208,1.9531958524022002,2.7853643924389577,3.638669417687332,3.8831029070212213,4.668939737424362,2.816469059986546,2.391286472516001,3.0443426075515663,-0.055310134883292006,-0.6558516810973283,0.6806861363909487,0.13009564621750344,-1.953248417543394,-2.9237443912921783,-2.8671872263121334,-0.5429603391921883,-1.3808215367171355,-1.6522770965353168,-0.7729595424918956,-1.041375672270739,-1.1724899131087436,-0.9319907961381356,-0.01205199837413813,-0.18470952859784964,-0.3241000793045723,-0.36551614644804503
3.782434696774428,4.67886060531026,5.004893574080886,5.269387733506355,3.717200334976491,2.634314776363182,2.041137602155862,2.93624509705501,3.658592552962658,3.5673001871855567,3.583765287922658,4.02488807084201,3.8765809382560317,1.908497465071222,-0.12584038872597553,1.3617271466642586,1.3972674470549133,-0.08308519934679796,0.08601549743356966,1.244736441023738,-1.1984113409512183,3.8379173573717624,-1.3713916849465813,-0.15228474804103406,-0.6824715361110866,-1.3381073460455828,-1.5658413011363013,-1.378944327978956,-1.0144409725943426,-0.6803534275079509,-0.33352018153866325,-1.4202037765576647,-0.44167861159259014,0.14980319455660213
4.5433942808338,4.573749600284003,4.075470716167844,3.2015115561691494,2.8386289281393644,3.1622323572978064,4.721903940776236,4.4256098745340395,3.867376149794379,3.3248188186438963,3.907958883687282,2.451113765404529,3.9347403334722713,-2.4342627926034766,0.326661520539894,0.5828856409119788,-0.34066468245256454,-1.5950545527544375,1.8413342715267984,-0.6230003014793137,-1.0009305892328892,-1.4203996591466306,0.45804871326719687,-0.55449217837717,-1.0555316456119344,-1.0212059944954515,-1.2745671542333152,-1.3142315245527607,-0.2055272209046564,-1.0434608570153885,-1.094395951866116,0.054753795862892446,0.6920994798702139,-0.3168382544393303
4.2670547111690755,3.7648996225449385,3.9324985271463615,4.262150353265629,4.077946562701112,4.861765872878069,5.393263979549014,4.584566415929398,3.3479937251598515,2.941988169756229,0.38770606413099545,2.5822173282417853,1.6669344576927783,1.6590714655488887,-0.8746085413572777,0.22662489031549488,0.7388414444879691,-0.3651372130364287,3.261546251908465,-1.7612030262445926,-1.0831877130505734,-0.3073019088595814,-0.5764989246126462,-1.153144525608994,-0.6240338332955131,-0.7299838003840016,-0.377207410337382,-0.6591994854432002,0.13276861471013324,-1.1392431691330704,0.18867105088893538,-0.6093241635376849,-0.2787501791912812,0.07236129950883938
3.6344602192890956,3.7807056510795825,3.5253554775103932,3.6187091957858994,3.631866209419922,5.481749622353936,5.212911369112198,3.357466130662947,1.2992549808331637,0.6836151361819549,0.2706317202853775,-0.9295443829227145,-0.20972615501507408,3.05439016030364,-0.4936946188790567,-0.3505495853991093,-0.17289508552247104,-0.5152888677548126,1.5485446420642013,0.46866529093128767,0.4548564424562701,0.5468530754315496,-0.6518873379936863,-1.4448143611819624,-0.9316572081079882,-1.2539736058941877,-1.0697876036827467,-0.5533371520757226,0.2421602501353837,0.6387753960414546,-1.015006133206315,0.044533348130914474,-0.5735185992369626,-4.024467618443595
3.425563479245305,2.986341675218583,4.456738166669987,3.3981288320961047,4.3835991048792495,4.657726921076327,3.4354377667304474,0.9630062608869271,-1.2374995222009628,-0.3878985587919183,-0.8259462456186638,-0.30623681696004773,-0.5196229701285409,-1.1230839606970244,-0.5588668017748215,-1.2135692429383371,-2.2163888334800723,1.1272214116305757,-0.007071829579877083,-1.0047155004079906,4.570391281549463,2.1988960562790694,-0.2724291282126761,-0.9486869974328842,-0.8917817176536356,-1.0972195025040439,-0.4576253602469973,-0.15240221836420126,0.16341525020680162,0.5121868155941943,-1.2450622064050274,-1.335288240374498,-3.933426427302542,-4.934673942733835
2.5919319503152582,3.2677510237072065,4.16871213432493,4.652007533089726,4.785393271309999,4.217310790393229,0.21666678343213297,-2.629257054065056,-1.8717893498829457,-0.552628626608521,0.5598107147393924,-0.3672148933307858,-0.09714550393749226,2.558804344315718,-2.008754750205542,-0.6635249369890017,0.32131306751726935,-1.872228497709401,0.021025814167557125,0.48332872738476496,2.2901652231170244,0.3468407039321403,1.1613565838618078,-0.03813211893490995,-0.7878028053933971,-0.9994345240241278,-0.5632453919573618,-0.9821569543054882,-1.3066775201767675,-0.5416076584592269,0.42461629088105224,-4.553892493100111,-5.449362319650076,-4.978810687142629
2.1967786579765156,2.608086955473328,2.8342888285040755,4.110891520835636,4.356717590674681,1.4067437851200628,-2.1292569208570176,-0.22406082896815854,0.7022727687184869,0.9399498315553445,-0.07571857050994221,-1.2579409285057404,1.068503729768518,1.8692347212553622,1.361688522237657,-1.7356778765782062,0.38864133756441893,0.2635319695908481,-0.617282554612937,0.07933068256651386,-0.4125322040599707,-0.0032241988810754823,2.347339486474512,-1.0765294746798015,-1.1631765415392286,-0.587452282122828,-0.35743784135226053,-1.6692843809381273,0.6302296228286324,-1.4153841352958048,-1.4767487949094449,-4.646150097942954,-4.827074385905301,-4.373098357145849
1.6103473578173286,2.8668315785809693,2.159079341269689,2.026105688321804,1.9830641578464059,-2.399794418751267,-1.4380333187274128,-2.1892924923683976,-0.9817059886132777,0.3190482962681007,-0.47104070470872145,-0.22446012803898513,-2.338131804146961,0.9426397726182447,0.8896280501929865,-0.8358453026948944,-1.9202082483462513,-0.5302989542896664,-1.0319139502444235,0.38716230769862026,0.6764149274034177,0.970407831157382,-0.13089837920659175,0.2292057291585406,-0.4871257560648346,-0.9381812046233566,-0.14160963271657823,-0.767494669145243,0.3419989581025157,-0.9059621650017871,-2.935137684551981,-4.031862080534377,-4.557346021313169,-4.920787225243569
2.420929954583459,3.183208572007072,0.3039885693532728,0.46863170186166747,0.7885072603598259,-0.744753945443447,1.3389210587750096,2.062296014045051,-0.21188065644723686,1.9160841691917885,1.228072026040368,-1.2688737238440642,-0.400747806149353,0.6191283299197062,-0.5541562243649681,0.4824065837689772,-0.2351632150060256,0.7679778740308189,-0.37019945215726663,-0.593514997262968,-0.4646713430712629,-0.15221330469998096,0.15557137187781295,-0.5526633579521945,-0.7291740006886861,-0.6890728345632297,-0.1952262683719823,-1.0773712223486873,-0.24242014458891892,-0.35860575586275056,-2.9970688599683535,-3.8799166644959264,-4.650622444452002,-5.32852725698399
1.7582187485200305,1.7503027926266648,-0.6629413739333846,-1.0706285986998898,0.7805904508276524,-1.6092278135682077,4.043824436641875,-0.8500222277003759,-0.5220938034027908,1.453418688852829,0.11177626507217799,5.218888098915772,1.0134406058859224,0.29734193070390363,-0.6729272832842949,-0.31903294394713,0.14480330490197954,-0.8373744725516543,-0.627218580750221,0.24482568857205192,-0.3457959091614528,-0.6982423196914344,-0.06318014264910125,-0.06221316139670562,-0.5683312070257748,-0.6612936681554351,-0.3685421041299107,-0.419279372417645,-0.6254383108915229,-0.9263918194430898,-2.955971048593405,-3.7156686108195207,-4.056127338826384,-5.376775383752897
0.7052462539245905,1.3235798756528647,-0.7878352036564905,-1.5395067384195362,-1.2247626368683895,-1.471967280633884,-1.0208030590051231,1.514658285382838,-1.8551888959521372,0.4305804094679241,0.46239294780583423,1.1017376239528531,3.9692067594433422,0.14493425225245968,-1.2207150439897805,-0.1597664432523313,0.7784173729056992,-0.7475499972128654,-0.07092890762547781,-0.4387297387919827,0.43433960019301293,-0.8021575113464873,-0.3599970694428907,-0.4188333553756073,-0.5015016390729182,-0.605214319005023,-0.46943807345053673,-0.7829194936368172,-0.33971293179203976,-1.0571504816697874,-2.0984249151230645,-4.085022755433894,-4.298836764324407,-5.119299663829224
-0.009325201612548878,1.0029277603868527,1.0308329883949217,-1.7170970432194945,-1.4114355251436852,-1.99778567820294,0.17864428958373035,1.3916424198325752,-0.2886264361579706,0.5300432608785445,1.2296570776810454,4.723320467499696,-0.5731381792239544,0.6816612357577316,0.4923831870030808,-0.5891857009487451,0.5063436001561802,-0.5226292632578379,-0.8967922034473402,-0.6584624210524764,-0.7487299183540399,-1.31489407131505,-0.18595991811771231,-0.32562238569583885,-0.3117245494514979,-0.48172124560684926,-1.1004824888822726,-0.5378829343937702,-0.4480874600393089,-1.733525015073305,-2.281868128213742,-3.3409763755883537,-3.0750253724083545,-2.994575452466534
0.14925362542651832,0.2909452170831646,0.6212074070482363,-2.11333805688757,-1.7040619751300736,-1.3126872547225714,-0.12903562183508893,1.0703334485171192,1.5083876157494065,-1.3883915285927597,2.576633606524614,4.8172439829123315,1.2497976080999158,0.9863001989088975,0.5387716050136205,-0.4547575232829871,-0.7207755408176787,0.110055941121152,-1.1006697107514472,0.061255670530862456,-0.8968934174837194,-1.5610685660088193,-0.6040468766808015,-0.25556328050583227,-0.3506513649113753,-0.40654437520895165,-0.7152060501460367,-0.7993180284906167,-0.504779954152092,-1.4676224058932013,-2.5605723552591337,-1.8090834242790552,-1.2722619841793414,-0.4358436875951776
-0.7776474722790832,-1.0686939043263939,-0.40783851630009216,-1.54716927829206,-1.3360563339469118,-0.4960044634630639,0.23243461387087858,-0.7321901538556032,2.2277258261861337,3.3390431046246447,1.6765699054986323,0.17704533400744957,-0.5231151760318958,0.923611905513452,0.39465363453653834,0.2145821223278468,1.2758984467923107,-0.6659242434275616,-0.4949492308277474,-0.5246919565537309,-1.0637942687618769,-0.06250576757329854,-0.3321634904914815,-1.0005338099574732,0.061647610600701126,-0.21360131715088232,-0.5002383478819372,-0.30195604199663206,-0.40064099025919325,-1.0639280007272367,-1.8120546690892505,-1.4353365587927784,-0.2033749395614209,0.7249268611713755
-1.782144657493967,-1.1261972749469762,-0.8407442810771586,-2.1003300837319343,-1.504499215757944,-1.4020130499452779,2.6582849691268193,-0.894740546518557,-0.28632489286439083,2.51117449926365,0.7979669047676976,-0.21182935836179548,0.7451780937747,-0.7495390612541112,0.4629956261271232,-0.6688900634141273,0.31637041673301186,-0.4018720530782439,0.48033609699475294,-0.20702996872891452,-0.7304769081375684,-1.5235821417332351,-1.1514410011831109,-0.7856367427919988,-0.15419473467997424,0.21959526141233968,-0.02408986131732479,-0.3271988391724727,-0.08561811628791945,0.20125411841469923,0.5985823392358282,0.34655535966234063,-1.5462350562461338,-0.6207984737345354
-0.9843766166052836,-2.174800138740478,-0.9597851337225218,-2.244455802190804,-1.29575737636479,-1.8108492776109408,0.897653037496393,0.18782960140992014,1.2017124809718926,0.8555193567754761,1.6372958337141443,2.465395570412309,-1.4420583398688192,1.3461426341183564,-0.03335022828573459,-0.6577734895635495,0.4591305192541143,-0.12961174342008353,-0.24625965777705322,-0.25327840525506234,-0.7817784654427219,-0.6618280994422134,-1.254817561834168,-0.46507921913210576,0.3311231921809942,-0.13608841836804353,0.25602170270686425,-0.08297509731285468,0.04462437241308836,0.5006896055532678,0.536816599668067,0.023012244525162144,-0.2327234917244103,-0.23038523133934438
-0.13151310526839644,-2.6067705014852027,-1.4098561620929466,-2.44089232272709,-2.076507403165839,-1.9967698180047428,-0.7411898218842781,1.393441085031052,-0.55600591564973,0.43594284233423364,-0.2438258621983354,3.057817515188195,0.8927425997358527,0.23791614741143224,0.04999987360926281,-0.5764254861167895,0.4659092021698922,0.03932319557085458,-0.0145205783791317,-0.11258707868557363,0.01644413047190541,0.034211933700108034,-0.7040800741708921,-0.7411007432924701,-0.9426354150546148,-0.7102468853280821,0.03041925417156304,0.17679765249336743,0.3451100949439482,0.22038007464070375,0.22846576294122298,0.4601791244737507,1.3610328376734144,1.3761284368744806
0.3362035957851546,-2.4516213767283284,-2.0063901774423294,-2.717342218532732,-3.0141815767698694,-1.9791776674667694,-0.2911778058937871,-0.5804475515232326,0.6533905206432759,0.8501709607046098,1.028003496481806,2.5899858449172593,0.4386638390512185,0.6020955997063493,-0.31426476082729937,0.1738258180503635,0.0990305119371611,0.4198096457662186,0.23402024485926357,0.007455290318962572,0.5267204470579703,-0.017063429491223428,-0.4324710912339242,-0.09816054773479167,-0.34598985956936384,-0.9268231698966874,0.0232626714182909,0.3834844086410481,0.21394286672221546,-0.48776117978873706,0.5437812325557667,0.8466369412992429,0.9494794734465899,2.1737751976028363
-0.11048792979406809,-3.642377324302162,-3.3180818951616073,-2.022756194107076,-3.296247260118291,-1.5745561558403225,-1.5950876677873702,0.3838921352119388,0.7365373365031629,-0.6567627710338801,-1.285128247219067,-1.0290505432203207,0.8855897965104983,0.23562721068082876,-0.10458051768490156,-0.3273432147923675,0.5081293014029481,0.6003125969379832,-0.014324338128373451,0.7271194592231627,0.20367876000908972,0.3392849297210418,-0.5205834983055204,0.266875887784393,1.1366693832852377,0.6620266435711621,-0.8171321140234306,-0.3854296530070983,-0.21483801824619836,0.7824539239961205,1.02534832071989,1.1838442855837945,1.887562547135674,2.555797214803479
-0.21252064357471473,-0.06108759761914492,-3.7276371070580323,-3.224926045419173,-3.345172239808106,-3.0733438848270875,0.045202025261165665,-3.183192550379272,0.23184176483974778,-0.832913424694478,1.2424304408974045,-0.6710980551414908,0.27411319273262463,0.7232806903576044,0.9059328530024248,1.1193379237577386,0.7137233362671687,0.7345440731629191,0.5488058165193972,0.5827191416894528,0.712789630208504,0.6726246359287633,-0.04178522082519986,0.8196261721769827,-0.5649847464593614,1.4858064901802628,1.991931409463002,1.269960912577265,0.7782495208983224,0.4050763831520417,1.378899892165498,0.8255185729746864,3.0259269832886284,3.3886198358875936
