script/wind10m.json
{"header": {"parameterCategory": 2, "parameterNumber": 3, "lo1": 6.000027932988019, "la1": 58.9999434238085, "dx": 0.5, "dy": 0.25, "nx": 22, "ny": 24, "refTime": "2024-08-16T03:00:00.000Z"}, "data":
[rows 0 to 23 of 24, columns 0 to 21 of 22]
-0.06084797235696033,-2.7077145795292505,-2.365276394780803,-1.0221780076812979,-0.46470376817880055,-0.543055406454155,0.4805498398807577,0.4013257872314462,2.2774121096005198,7.044433896449267,7.110118889247809,2.7834029069635204,2.278301590253247,2.7729097554497115,8.652594200696667,7.58746131444846,3.21849470789645,2.406404633311234,3.052637750486787,2.6848816351119384,2.2994723445963965,2.1812883710588475
-1.1218459696254728,-1.972499672179367,-0.7390454906035824,-1.223976255113358,-0.4586592038138179,0.267862182138483,-0.0265114836633785,2.3372558885479466,5.751805535161506,7.652494691294418,7.601598875073127,3.0984489462456346,3.0361556990037952,3.180818399538378,7.780541701900039,6.767350162919852,2.3697980917945616,3.197014594601617,3.569435299130117,2.318465318948585,2.456162952214818,1.7528249394298303
0.09017115715997069,-0.8334353367187258,-0.4400933735368132,0.08849392847220726,0.06290520015064871,-0.14183476584148666,0.6781357964244998,1.6170793964312604,5.389792880778967,6.692179561114011,7.0260717866737075,2.850398096748644,2.621395039843954,6.943443777080602,3.512841574339334,4.108867770278943,3.0044525129411097,4.658024495604407,3.9112245719628493,1.9525884938720954,2.509710380087997,1.8715737616352366
-3.6745817698383867,-2.124207911529483,-0.646723258466548,0.03494190870876368,-0.739567015364643,0.1674489923413932,0.4535834278862395,2.8621463388625314,5.382729974287531,6.934342018684748,7.5073898872806994,4.074048047561507,2.578998088682603,2.305233108527662,4.4291863230010105,3.0596056818492383,2.4421767345167553,5.35667710166556,2.398184473703624,2.926095027398597,1.9462159051013845,1.6845336516760376
-4.235415774138107,-4.9031315780784315,-2.812505409714417,-1.3443184367383993,-1.5831367638309548,-1.0095099149480575,1.4466601513881971,3.063777068776235,4.860059904693364,6.446949754717992,6.878416614788685,6.26875723091316,2.7614869510781612,2.236067377452819,3.1715281107845295,3.795492976171957,2.6929795342700653,3.000367071908763,2.4208001460075947,1.992243400223641,1.6205598056851278,1.587153573642038
-3.5576085967663356,-3.8167694322636714,-4.011950793526038,-5.220808087054643,-2.862974530092699,-0.9609695261636854,1.4890751298581244,1.2274233750697725,3.4700700433271043,4.701030983029207,6.364391668232719,6.612119481104789,3.70339584665625,3.3410526753560696,3.3392430497558117,3.0434192309251937,2.756586197211354,2.718851016654598,2.4123602276943275,1.7067238869921464,1.768231102450238,1.6343977826188212
-3.489474815696176,-3.796650837315913,-4.276636939591145,-3.819258312650772,-1.4737683791615952,-2.1557594863901546,-1.528216474565795,-0.24081757191537498,2.509366046131833,3.612217059160305,5.646072555679598,5.728927429481568,2.9916900343858996,2.374224470969264,2.7958457035329345,2.999596727805892,2.8011007916538606,2.2370148935743766,1.681158500304313,1.4334011054002038,1.306263134304352,1.9521577661262375
-3.8750296983224417,-4.168901898898809,-4.451848429450948,-3.806296312215225,-2.774531296437002,-2.7373570835912386,-1.6570059852509342,3.446498974783217,2.372037259681991,2.940488966784149,3.855817510275925,6.752787449676097,7.445260909613062,2.877918205815903,2.3116319522555453,1.9248499596914939,2.3208940175380013,1.2733350126729235,1.4747966110363624,1.6345244196759545,1.5319412705616438,2.695631145460117
-4.483742185820377,-5.451826671072139,-4.802234349925519,-4.716728350217547,-4.6476307823709915,-1.2592415273084476,2.947303925080751,1.5810963297453438,2.1087707906068447,5.75385139743036,6.757382753958956,7.16362145736726,7.076135373138002,2.5257836392260438,1.9819712403563914,2.108877683969889,2.0965017431556814,1.690361605002864,1.6170707151275319,1.5926582852291826,2.0313281858185808,2.788922037913669
-5.366251317834936,-5.609480058246727,-5.705615409458086,-5.704707121655354,-4.902499810484383,0.06993106226248723,1.5053128501144983,2.274690244243631,2.7036325172659343,4.39579665697502,6.090605598184601,6.524158497691394,7.2928409438169055,6.784903233080126,2.0662513518726793,1.4578020341159548,1.0380441323763439,1.213704410620999,1.69129414638899,1.5575392392732714,1.357993777738424,3.229692398777431
-5.221326330313879,-5.63044965007362,-5.684564275387809,-5.342171145476261,-2.2459606881240606,0.34756587619137236,1.906352358990203,2.15711956688984,3.0612385859599867,3.1579246589759853,6.082622639173657,7.492291588985131,7.230914721775177,4.1810877456342785,0.625704763847108,0.0001342714147870671,1.5226746968495428,1.6712387966865248,1.7259458151932006,1.70806533492328,1.3021246386541014,1.8007897357276041
-4.596730850389721,-5.867652530664033,-5.344737856664565,-2.5206881766426155,-2.1921812842097004,0.7380147457348366,2.985746285236307,2.4276904944492133,2.6763115955489365,4.449283515790471,7.482262165281688,6.708677072643803,5.145749123502017,3.6084980743795114,2.448787436207593,1.892318704011506,1.8921863890936221,1.4766231134495469,1.468002237646156,1.514431426743886,1.278680678618821,2.651720123126845
-5.387910463918184,-5.546934698554777,-3.8350128126401724,-3.6052349078515973,0.4564203639418355,2.5924389628415585,1.9154867059032108,1.7493012963296355,3.562532918804226,7.012439153558394,7.193138376059299,6.122291956124238,2.561633912507829,2.284793636443088,2.7689407464775786,1.748491654625642,1.433179806821286,4.4373116382089695,4.934514750203277,3.7667223621983634,3.271454229371169,2.908509485515071
-6.726479134710913,-4.467024953853099,-4.055870060856089,-0.8457512241294357,3.2505732214907987,1.7188317977560699,2.301195450417781,2.4639608525998877,4.472215991664084,6.889563789253821,5.224739938115794,2.270393465323249,2.8492269215562205,2.554318460705087,3.3260952277326807,2.0582343454692014,1.159239785884286,4.9747405733134915,4.413241227677892,4.248116692156121,3.389203049340546,3.640142940421797
-6.116689615570649,-4.0296954499747715,-1.7568106231557166,2.0948653019181007,2.493546597963792,2.156554618873529,3.1859388641861313,3.3476108161630527,3.740182318845122,2.897377709641456,3.2504897589203177,2.4238754738570134,2.233451722718083,4.413254752055959,2.803545801438156,1.9398051713684183,2.480521226569741,5.4008286368274225,4.332471765342841,3.5321869671587036,2.9970912765164712,1.733018560328681
-4.782340030776998,-4.465199388300135,1.1042027418108804,1.8018475631813344,3.4236686523253415,4.075141616604341,2.6917691933330214,3.6220498782862527,2.62263031824139,1.5403583984014528,4.285830095326333,2.6217623857231325,2.3592848227099235,3.972557116842408,4.506783875378703,5.166445369618537,5.5771880487178835,5.6477036659588675,3.2800236700282968,2.3453463210319727,2.7538935235333697,1.450883702493967
-5.4605432091506705,1.8671872839568995,1.130453057084702,2.9608643308668614,4.591912845877008,4.791559089875767,2.9071163177364623,1.8184244511584882,0.32274493058593356,3.3458810089063875,4.334641001801717,3.1756539070066427,2.273170984053299,2.7089156365035296,4.66517060138128,4.460886172802228,4.712870583647819,5.0856474716061495,1.9419098739792413,3.6643534561853794,2.5412948921024805,3.463700097106913
0.08957473146403899,1.743175253183972,3.0706380427259803,3.896472071915891,5.394146686357369,4.5111576719010245,1.9147077747098176,1.7770074758131766,3.712619584665171,4.226176672311796,4.399812995019122,3.3249023206783472,2.363518943118836,3.320165354910075,4.867357509974366,4.035448239419316,3.6604184969964035,4.770925216857764,4.3760390169866,3.8316178801783147,3.3548931254054906,3.3095691239978104
1.2967392024702944,3.399781862445632,3.5867014980211267,4.261650285757729,7.123641406328244,5.842862895410114,2.4726704629657235,2.3810014608199923,3.934999864370035,5.17024370334513,4.043902354203378,5.42869742492022,6.176191434851961,5.4090631995443745,4.772524831851608,2.68794730576132,4.407454813457695,3.107220797060497,4.314596050293763,3.912427428629477,4.422939429662863,1.8487376672607985
2.3407605564726364,2.861675682597549,3.8362987478392565,6.394286088036959,6.508247690877188,4.991845037163415,2.94293727353604,2.644100680500943,3.5515321301049148,2.8462291615713426,2.7067681435214452,5.31105905326909,5.429113372895827,2.7778033611711783,2.178653282696763,4.414381049329913,3.394430673231235,3.352894096376418,3.029573684984296,3.399142540027559,1.9328994975416385,1.6736937467108592
2.253524660971096,3.1990625764879868,6.240132001365918,6.605483994489237,5.378003112955205,4.870179553324164,3.2418440342205996,3.086118124401984,2.7594253786309855,3.2612648595403297,3.699599377270421,3.2976819310002417,2.3801866887863357,3.146822816142048,2.2770201028449266,2.3778547872023412,2.9048730148907067,2.33348886153137,1.684679330275029,2.3140809047467656,1.8211014620272439,1.0859724082742876
2.5490605296060496,3.35695846305709,6.0816782071446,4.847010519867153,5.343501406231457,6.02714325233021,2.917034465833062,3.0141037033348757,2.646837813171683,3.3769771595840794,3.466889499691082,3.246075901745358,3.3299343097836123,2.889397152994242,2.522038461482147,1.9244356215160952,2.203933900162555,2.372959817209556,1.8541820156090618,1.2856979045658194,1.4253087621231084,0.8268737279083685
2.9974530382720586,6.989178839591002,6.712352137895012,2.6875525843162564,3.3116579833124633,3.5371823650862404,2.2192870825184308,1.6480827633156467,2.480085881046261,2.7372371012997783,2.771195492837175,2.4368807408537525,2.674613254243114,1.9168170884694535,2.0805152892822414,2.3636992497642417,2.118767353439011,1.898105889886605,1.64748636157195,1.2438314439815137,0.8730111548634004,0.4423896326285997
3.1574283955455975,3.367987104934134,3.7279732737087494,2.887368564045748,2.1509086583538157,2.774011920950469,2.424791092890471,2.1672780835894625,2.1737965338265,2.124920436131379,1.6873780234090745,2.329959116418301,2.424019226698303,1.9647942270582566,1.6113640492759396,1.7901527443657483,1.7662956702833925,1.5481469799040322,1.4759249606790739,-0.07668203146278525,0.1350631910954268,0.7557050540980579
