script/wind10m.json
{"header": {"parameterCategory": 2, "parameterNumber": 2, "lo1": 6.000027932988019, "la1": 58.9999434238085, "dx": 0.5, "dy": 0.25, "nx": 22, "ny": 24, "refTime": "2024-10-04T17:00:00.000Z"}, "data":
[rows 0 to 23 of 24, columns 0 to 21 of 22]
-1.5002050320539215,3.3481328894918705,3.7620611607557057,1.7802310509342223,0.8131791129383215,-0.745554862941225,0.029874736202799297,0.11476508826809932,-1.0714307843895232,-2.0941101088109897,-0.1780216160661489,0.7229927219542612,1.478435946108513,0.3109083521457499,0.24694902118216994,1.918118879109676,-0.6459049813201299,0.6902715754586519,0.7571998278824544,1.1085982984097873,1.5785277407534142,0.6368680571267868
1.3595905619260829,1.777043192508956,1.378829186473328,-0.3459380360875098,0.9380229569110549,-1.0782941085762907,-0.24112590498314188,-0.9319988061207265,0.5793013991023319,-0.34021660363386075,0.8634347114737192,0.6521264583857158,1.1446253711612928,0.31789842009865044,-0.20644412293088177,0.9770942981729779,0.2167456137032183,1.0426103578505865,-0.4017584930660394,0.8054114650698876,0.7578108582117139,0.6798345833336055
0.7971101509277363,-0.08549535187365531,1.447315036271116,1.9979309277929393,0.8507691831863746,-0.12963628399967922,0.20008545074335538,1.0028784278965706,0.25626492490968655,-0.08159583789442981,-0.2124579244518516,0.1569063233513061,0.5797663081063077,2.647125231330913,-0.2442238314087561,-0.05930843290308872,-0.10235523866861847,1.676476707067433,-0.29129669234654,1.355099129610853,1.5976448777704326,1.9300732869352077
5.5938192576737364,2.023653988590095,2.206747029088393,1.8111097449866675,-0.12746018475232582,2.0276184830680872,1.9378272264314338,2.8135330643651395,1.346987133952319,0.984465299588757,-2.0644846903481726,-0.6992504869957863,0.6470951270166122,0.6625271362171298,1.886252968857125,0.16573174269966112,0.7371772756804106,2.6477059166270975,0.781717086951421,-0.2896381423196855,1.0404604841708534,1.25565338300998
5.0280598717150795,6.461466641338813,4.979891132081743,3.777373360759506,8.154311498114035,2.3794886469332437,4.455870149596335,4.699283768984705,3.886017347019852,3.3634038733953155,3.3715207586758966,-0.16769147365126694,0.27716281471253545,0.4298064264634216,1.2940665486609146,0.050785879973543877,1.2045772518883906,0.2487698623626761,0.7543689846575389,0.3445132489481035,1.1205797248661673,0.6827588663085635
4.598713737468685,6.347273290722242,7.5026792496409955,8.339753167191628,9.184430439898414,9.585208820052276,5.109254332452912,6.4765386584191456,6.370836076896286,5.7156029656851075,3.8005158293627983,2.792382590424198,0.48076939871325886,1.0897159743518703,1.2809671980818393,1.515533584856131,0.9975468805384627,0.15945318702943065,0.11299661994928065,0.6192897234789005,0.2873322038878461,-0.3425635584531775
3.7515323019759834,5.291712441686333,6.313360367793304,7.276191940248747,8.727222336282274,8.325634837921866,8.55506454948838,7.271744752140306,2.570843875599867,3.4179258584841863,5.056540807734172,4.196898639380628,-0.3298717778649307,0.8924715857569929,1.0692154565109864,0.8734882090409611,1.1200641678268524,1.1891461636797793,0.26076637083773996,-0.07908394240271671,0.6059116769424372,0.24561543676366698
3.572672362736765,4.442504963234259,5.449784143649803,6.5724768799238955,7.198086894951561,8.228062496259769,7.459191078314845,7.242276196210793,3.084413354441735,2.603144459663238,2.5110813517872916,5.544640787767829,2.7187304145954934,0.6221778546189475,1.142951148638995,1.202566777741399,0.983578119406554,0.284919438712759,-0.6694099942054632,0.28192163500827977,0.4155163348779426,0.9029326839621167
3.384136192921252,4.497099671384384,4.822308930580012,5.519604853222627,6.509476136599345,2.1745366313886256,3.7094265705198373,2.7876118404519783,2.3304204055847855,5.493418412857131,6.116020911848526,4.783577640950577,2.599640262631495,0.5265330584139661,1.2762961210196604,1.3159760707745325,0.14075737641414168,1.3107792185225469,-0.1444170700009668,0.08816626406950116,-0.10492581478158965,0.7576927724831528
2.5632436822493294,3.8401066330228413,4.416166848701287,4.93161950557008,5.008940155232507,2.182930418090521,1.4187712660409055,1.4867182526174192,1.4442158405382688,3.3675729418024973,4.947007040031258,2.8197029549353974,1.9895265826703892,1.0546233870375943,0.16329881230967644,1.3426793217774606,0.44978207699769723,1.2054153955159763,1.1702017648914187,-0.015858273355912524,0.3525744852788119,-0.5351414139629529
3.646607568348734,3.2448892244984497,3.7820703592663936,4.152597486864837,3.325873633884243,1.4640145859282911,1.6815788031661831,1.7948566283777716,1.6803224746427852,1.3583013064031297,3.751609717367382,0.9151558416829924,1.6479882363856964,1.9206435679606255,1.1419154065637533,1.1139111574013707,0.21612623454643226,0.7200399587235191,0.41078480060361533,0.06003606127786514,0.5264044832676467,-0.05785566470844999
2.258721506223439,3.1117395002878694,2.99608468817012,2.920403773289547,2.7678791701829795,0.35036220356016173,0.9168380509413554,0.5261421135334229,1.780206191646096,1.326139264083091,0.09394674948124107,1.0667301199965173,0.9344378689264144,0.6966523238295699,0.9527517912495419,0.5956420248028211,0.0913902025930555,0.8792799819685011,0.9190980010043635,-0.6564534663934654,0.6205899442630606,-2.3971928590682703
2.701147453554653,1.963573780858047,2.147203484789685,2.2801240577818245,2.5195887677867663,0.19100218486790535,0.378048862522122,0.1292817772231911,-0.030705982145223746,1.706727290748438,1.4983875822200656,0.4356507203095955,-0.28990252199948163,-0.5638527694342629,1.0281143181111114,0.832086505671572,1.1044384613694314,-0.6069160916943657,2.497478918373067,-0.8599314472425592,-1.7515794221793257,-3.0716878518124804
1.8745980590830604,1.628904432619523,1.5666178076184485,1.4620487359797205,1.3018391700824201,0.8662949321120581,1.1639928770223158,0.17672010533679514,1.4005519260370007,0.08262225055893478,1.197483520572017,0.12341903910873722,-0.3215150287826661,0.41949723601916844,0.8859420890047165,0.8424461808422311,1.0295874049624059,0.880958041749691,1.0207216359704037,-1.3073156981073557,-2.810339149784342,-3.4561871288894412
-0.16543315252147459,0.3321824507565491,0.21652575663388215,0.15776874294124715,1.5360133065689987,1.4220847982168205,1.2336426117766464,2.187132927388372,0.7360820492741652,-1.2961153481444572,0.793282568838346,0.5859985759972164,-0.3543243886748621,-1.2181529794857144,0.6913141966775767,1.2673800010942542,0.12139337842791631,-0.13604137354963064,-1.3202723497864814,-2.2777969034555494,-3.6027047364078957,-3.7908654145293945
0.03514945991094802,0.020057744996030243,0.1330964662715807,0.14052258611216897,0.15019980140265501,1.8620970990498824,1.8348328498565463,2.3578778722887233,0.5944334250218178,-1.910120115145733,0.8405792302496524,0.878637007960172,0.4216967978936883,-1.3955603369312966,-0.2349835141699054,-0.06498977884434724,-0.644800490436731,-0.990851313253461,-0.9248065113098312,-2.5507933189801753,-3.5501198310429807,-3.3845600292947653
-0.6304938658001844,0.6632464620488953,-0.6519601619840752,0.28250022467805336,-0.3437736532632965,1.7239521189505542,1.3313616042624385,0.7249876775266737,0.7482592756112483,-0.4731204984806786,0.32507590681206583,1.2529424306176493,0.22773119508508655,-1.109347727476803,0.3229182331448188,0.7118621002020745,-0.9241073654210611,-1.1433187790700456,-0.02535064851473183,-2.915241874437034,-3.6301361322661916,-3.9630481913075686
-1.2201645653353645,-0.4510981925927156,-0.8002729612284768,-0.8480008019915292,-0.7434231442029745,0.44650022964260216,1.1310852828745133,-0.9354404264344719,-0.7382732799943639,1.0692934466856863,-0.6762900080577562,-0.01494052706891058,-0.6552404355751485,-0.7042929197656447,0.6175286778616732,-0.16063151706711584,-0.8999333844347952,-2.353673462611434,-3.0488981170245033,-3.6962638163689014,-3.678205334008299,-4.655413450300104
-1.8463582749026848,-1.4067666394597491,-1.379817184143109,-2.132517070813865,-1.0776859759794757,0.9120867051690894,0.5876213381610333,-1.5912153493654704,-1.977762131759902,-0.3484311891494744,-0.5567433967693095,-0.9161403251115278,-2.974208147898698,-1.3180204911489743,-0.7605850660028773,-0.08454821113457764,-1.876337449574026,-4.090869218549671,-4.101435496379323,-4.191488774460016,-4.436002017092279,-2.157928904098555
-1.196486269434482,-1.036062370294879,-0.8649489240429185,-2.4417144079086186,-0.8840046697784515,0.420910008347292,0.38517183073617395,-1.5518184535574566,-1.1574011916564568,-1.0594376921169417,0.597302503745232,-2.9107470531593975,-3.128383470944096,-0.4462284690144787,-0.5364000116286665,-1.3724199089721716,-3.063761303592853,-4.385409118670638,-4.9810501923951405,-4.75111007246014,-3.767117051411731,-0.2434298933937343
0.7477226009646408,-0.3551204154427175,-2.6792755611410404,-3.115649370541871,-1.811594976055313,-0.07834813899018514,-0.737366049773647,-1.6220845567480031,-1.0669193044611298,-1.4128845809602697,-2.6163194518878456,-1.7621348369375593,-0.7292589874053754,-0.6303480387601806,-1.1903073853642896,-0.26893733430119,-2.3976043196175043,-5.671698789156097,-1.10164949929359,-1.0816018671847896,-0.19287067406340272,-0.40740001838929824
-0.4682284130672389,-0.6097022762483496,-3.2617412435812003,-2.777859519907212,-1.8813011619421933,-0.354412254347508,0.34163760235792184,-1.355420418105983,-1.6574298923189938,-0.8230164574102384,-0.532194674405698,-0.6165913962065738,-0.008707301564920071,-0.6930882944389373,-0.7715699849093729,-0.2732711271321527,-2.184584149950456,-2.8122499425803,-0.5336242470225844,-0.44955451188424084,-0.9602486652152424,-0.056895796257684414
-3.0673627515351716,-2.082036656804787,-2.0477616447273155,-0.7512349171414595,-0.5201883943298998,-0.1948665872381316,-0.5489878160036064,-0.8547548971709873,-2.065249638597499,-0.7733712070886459,-0.23310197752299086,-0.16813760573299277,-0.17532134658723947,-1.1299175663853607,-0.7097059257878503,-0.8241449145114988,-0.6380429035640504,-0.8713370286476548,-0.8065064217412398,-0.9302127915437228,-0.727013220156101,-0.8790583057719831
-1.5271714517465074,-0.7129536286879873,-1.9598333094120763,-1.006941701040765,-1.0845306779501747,0.10900874721294905,-0.7468181500259157,-0.7240866552322582,-1.104813180877253,-0.45041970066285425,-0.11749919837327202,-0.42491093783523937,-0.5375291926784677,-0.8068750802122653,-0.8879997895787608,-0.48029276890661377,-0.37749606126943563,-1.0946774458943673,-0.6972541446531061,-1.0124656057997572,-0.14853060431305476,-0.8300690881396334
