script/wind10m.json
{"header": {"parameterCategory": 2, "parameterNumber": 3, "lo1": 6.000027932988019, "la1": 58.9999434238085, "dx": 0.5, "dy": 0.25, "nx": 22, "ny": 24, "refTime": "2024-11-02T05:00:00.000Z"}, "data":
[rows 0 to 23 of 24, columns 0 to 21 of 22]
0.9311364666040616,-3.0703865151896608,-1.783374424964117,-0.24503581726399215,-1.025425557794113,-2.1125409192692906,-1.2117829119929688,-1.2699297710904327,-1.426318339552615,-3.2272351444550385,-3.715634502366193,-1.143225909538696,-1.3608247033426089,-1.2726236269741529,-4.5179367501938845,-4.378381112578622,-3.6114749060453772,-1.0804630716702754,-1.1500827445695245,-1.7004525847642542,-1.6400231178164828,-1.2341361131714819
-1.4551792790620088,-0.9739883549905641,0.1515272552683288,-2.4382272763761517,-1.8203507556452996,0.4586603866239219,-0.9885358089741659,-3.752653331116069,-5.923986436918713,-5.684920816210903,-6.576315180265978,-1.57074185436216,-1.1514381031281233,-1.3116446668711663,-5.925784140084158,-6.593321421186448,-0.9524908513254693,-2.7808799605331167,-2.1537539695002406,-2.417909799072888,-2.0396579877533507,-2.2082575707139327
0.02530444339668179,-0.227766219639504,-1.8047435888044698,-0.9368181287930208,-1.2714637788030885,-1.8233962882328079,-2.365311634640561,-5.91038521012653,-5.98276764380143,-6.0884484663330545,-6.251669740470185,-1.3403463557587008,-1.4016617340554827,-2.3100100545425715,-2.641142555694221,-1.316647816169177,-0.7021693794358568,-1.3653235864675197,-4.490240171659262,-3.1419438188464537,-2.196807345923865,-2.9597208313272367
-4.117465444169724,-2.6496006306113844,-2.0970034014880894,-1.4504784797061456,-2.133862971526764,-1.4527745850581404,-6.3053459712703415,-6.024134870719822,-5.859115477903307,-5.855908396011622,-6.0036841606230515,-2.3910916602479033,-0.6772229405016708,-0.43383377532234324,-0.8403217296777009,0.6401965680922065,-0.11823076282891477,-3.613409875120711,-2.2923800050076006,-2.875036059063611,-1.8077511098541623,-2.3877680801248897
-6.8731217243631795,-7.913490849134528,-3.7695501375388205,-1.1155792869255865,-4.282120520720141,-5.626493818608216,-6.317613518300813,-5.505824260816696,-5.6848955974696205,-5.712331876968753,-6.240953342797905,-4.589898743915662,-0.5940412588771192,-0.6817033942888489,-0.7330928372990163,-0.35552317653782217,-1.0465914234929532,-2.5460132423410986,-2.142943007092961,-2.1511619705905822,-2.155186477396294,-2.43626653694053
-7.026287213997769,-7.690421258242243,-8.905105438348171,-6.856116361692149,-5.365505461791019,-5.581938338622628,-5.631678710828709,-5.3449349541935165,-5.188992974628467,-5.482652448585988,-5.665145040210664,-6.121163721703293,0.014826334011287192,-1.0990869550822697,-1.1649860526239413,-0.6874178621364844,-1.254317978540488,-1.7769149283817958,-1.5857151063940156,-2.0145831336073297,-2.4431617612340095,-2.531710916168244
-6.3472082876113225,-8.934153132888952,-9.57121542187114,-8.089986684854825,-5.6803560575122525,-5.56143363668888,-5.257641307729382,-5.334161484780875,-0.5705641111635738,-4.093669700355995,-6.136471106428206,-6.597276863157757,-1.9929249602691823,-1.2685124750793288,-0.756428096392527,-0.38356703567093253,-1.1204089767930634,-1.394890185009658,-1.9117316341341937,-2.0157515346212778,-1.8974520733436895,-2.4665968644481002
-6.496027740136222,-8.452346337139485,-9.954170482986514,-9.06720476564121,-6.251233885257719,-5.6576418803119015,-5.3091493997748085,-5.709921180205315,-1.6560924947611069,-1.218228155048135,-1.923244269208262,-6.588671925165907,-6.747881978169747,0.2037420966403932,-1.4540903600856567,-1.368942918389091,-1.0270453482394726,-1.1661674294128377,-1.5274964164219265,-1.4805788416366128,-1.4307027240966383,-3.962511405410796
-6.8447984811115665,-7.928419717154811,-9.001202351974582,-9.43272694137498,-7.307653397668934,-1.5434717572834635,-1.4752616167971482,-0.348289611314015,0.7869065536205304,-5.183804417940002,-5.664637326801226,-6.5102202177595565,-7.006527407505389,-2.308278766477562,-1.7872527376460061,-1.5041902278637445,-1.9835436129891721,-1.4528401746539792,-1.4550837451672207,-1.3621037570041332,-2.367762508824234,-3.6628848766983464
-7.803087915941002,-7.815393511277265,-9.06324393915803,-9.357661344859444,-8.23912483442146,-1.3898534419571604,0.34198453392266714,0.5233495053827204,0.4503726403396911,-5.838919308168077,-5.642907056696425,-6.199235390495836,-7.018370643596063,-6.0266720943490455,-1.356547003573921,-1.9446043834638003,-1.703161115540316,-1.96952922327317,-1.6981851910832197,-1.9031365633954227,-1.43274728559343,-3.476382989966351
-7.239333030464214,-7.67624191258735,-8.28903614380913,-9.528584635569228,-8.99068459207179,-2.2044675938810756,-0.6374715236692309,0.34507703720364447,0.4629450905337282,-2.4051508434807545,-6.064968856761504,-6.254908849324703,-6.7094578620180325,-7.068744491482739,0.4051271887850949,-1.4463656591601632,-1.7511768057736607,-1.8663627281954978,-2.324067897515024,-1.304555845870451,-1.6434301801215636,-2.8314332644872837
-7.261603303411283,-7.930885933756464,-8.663819245053023,-9.333551901978328,-9.098847735958925,-0.6567073772059725,0.5562939299428457,0.3282054334581007,-0.07720228087663687,-0.7884824622666315,-2.8363921963331076,-5.269302933416866,-5.396810960426421,-3.6384383604719264,-1.9599568237709493,-1.496500337217298,-1.5370251719565076,-1.7094505965986786,-1.577905159514715,-2.3523681843254267,-1.0702095080787029,-5.795933861181499
-7.330389995436988,-8.073985781662087,-8.594230905830683,-8.99387880488952,-9.320359600945283,-1.738385225763165,0.9363388216149072,0.16345032965353345,-1.0470180065830708,-5.6100775887270755,-5.4538377978674095,-5.647811076906365,-1.4381524496527942,-1.2597988213953828,-1.58024774466394,-1.7246950866947608,-1.7952654254167466,-4.513540278708882,-9.138699515696848,-8.475398134244251,-7.486423224917197,-9.033215072516429
-7.3938834291994056,-7.918355966773159,-8.338831901618533,-8.850463051970774,-9.16589086009446,-2.2970024833972347,0.04839726799676287,-0.5997291065963957,-0.6818265019012941,-5.181343006865095,-6.147631627525236,-1.4874348078983421,-0.8765219870104446,-0.9362664361845833,-2.4797896656421643,-2.5420313161187336,-2.3289565594556625,-9.24686089517426,-10.044891939434354,-10.585635980044708,-10.542567678670853,-9.780839587023035
-7.2052528066217985,-7.931173101719634,-8.439167254201362,-8.543841705839464,-8.845088067692444,-1.1685221777310149,0.3975666561633231,-0.17593531913667176,-2.728803722215394,-4.880137514984612,-6.279189231662657,-0.5946040030260443,-1.245496375589821,-5.436914272848727,-3.4383945554668633,-2.087601553252712,-2.4707961506614176,-9.301513839541741,-9.974701948581792,-11.296670382218023,-10.869966727088222,-10.279980561325166
-7.112127339043247,-7.383099913100445,-8.364322367448235,-8.638500429126982,-8.748298333444511,-3.5390504091632433,0.06235202806088522,-0.8059775799274628,-1.7082995803309038,-0.24036979112332205,-6.450471573633504,-2.063625328811404,-0.8686113823493359,-6.950692519492291,-7.983970207794543,-7.225658781203473,-7.930712466732424,-9.594234159984637,-9.824657133936475,-10.521257102824462,-10.534687676261798,-10.585922000340922
-6.869642871699767,-7.670034132538932,-8.182748994031268,-8.638397428592997,-8.59876714807962,-5.033507757902397,-0.5460254010697476,-1.888170653164056,-6.404661176003638,-3.5127293428118027,-4.705323248830863,-7.274112472374808,-2.2273377419513847,-4.68698564946854,-7.360477277797777,-7.853275174352244,-9.132760867274355,-9.829190661474902,-2.925376097728615,-10.343884452854475,-10.140020394896295,-10.638354034796647
-6.867224394618862,-7.600897089659502,-8.247934185130749,-8.529868686979588,-8.107025775251786,-4.550056151977113,-0.5387758190238507,-1.105215412336787,-5.325452721165123,-6.845541641317367,-5.621778895188129,-0.7327578576930688,-1.8936062566352219,-6.390444953341151,-8.22570185256876,-8.20809096075562,-9.215460634595848,-9.611139103376644,-9.53449455059698,-10.175757352490436,-10.364749993833648,-10.230580563835046
-7.046853409620308,-7.487815985481254,-7.960311916645722,-8.403174949986262,-8.162880527429124,-5.17597782114971,-1.8083873692779018,-1.3400718468048343,-3.771952566970002,-6.8580282102163235,-6.228056621864624,-6.4918819830655785,-6.186328165369359,-7.6515782923595905,-8.804128543033329,-5.0527229448318,-9.149921440417423,-9.401317268109178,-9.651224389704288,-9.693349658996611,-9.948538197967814,-5.843170798070262
-6.78100045146368,-7.362221820645988,-7.744688931102872,-8.104909488973,-8.061215203990315,-5.329624122039189,-2.5034203374558506,-2.014785464083901,-2.0210692348821153,-1.4637692052251743,-2.2750232069887226,-7.187839098778173,-8.047816296729897,-2.9610578593732497,-2.997600432277279,-7.957939411329276,-9.523775340307179,-9.319041439089903,-9.56950420965783,-9.929920257655667,-8.3950974481447,-2.663723858601689
-6.1551237397119944,-6.726082302292366,-7.379026890059083,-7.8015277079996626,-8.187191425834342,-6.227708807578235,-2.6669357948502013,-2.626549269615662,-1.9314315676035752,-1.3489916089417657,-6.087932716283745,-5.073359834125046,-1.950573771595893,-1.3899923807549603,-1.4046242736124006,-3.2653355591560556,-6.8962267573653575,-10.068404591218636,-3.790950516053517,-3.1975217402675957,-2.0523653542151545,-1.5980077651153648
-6.203602500571629,-6.346275347200382,-6.670271840560808,-6.971615383018338,-7.332114004055384,-2.5286896226592614,-2.6183556389221834,-2.779343462640466,-2.36402511917717,-2.264649975170816,-1.366701768025024,-1.289256925910023,-1.4555697237500236,-0.8303077803090817,-1.6874288119965601,-2.246144297551563,-2.504852662898876,-8.237725574917208,-2.3078520363761807,-1.9422264655211605,-2.393499085431528,-1.1663878087123247
-6.24620198236135,-6.164266758567172,-6.187583722308655,-1.3654822857702156,-1.932899016458983,-1.366548156216014,-2.1392459119801015,-2.53667584375664,-3.213960179863438,-2.57246450941535,-2.226947419364638,-1.5448699387748568,-2.031768606834547,-1.5389238050548522,-1.8760319237525955,-1.8829356184558614,-1.960718549823091,-1.3108391786919635,-2.881939903961015,-1.6798899243049317,-2.3802240480488788,-1.5101339214089675
-1.8862873060305883,-1.6778932926476984,-2.211497105440287,-1.4173468484124687,-1.1010610379435837,-0.9960326380600062,-2.0453630256412407,-2.6788239220871777,-1.8539399827941418,-1.6860060949815239,-1.2770955865961098,-1.3901668851590407,-2.0226358755399145,-1.2521229685188715,-1.6083363527510814,-1.7793115061683733,-2.1977689454090052,-1.520434566667228,-1.9138603039652027,-1.5591897784654525,-2.0481022748642244,-2.724313543874612
