script/wind10m.json
{"header": {"parameterCategory": 2, "parameterNumber": 3, "lo1": 3.000054539987559, "la1": 64.9999836372058, "dx": 0.5, "dy": 0.25, "nx": 34, "ny": 52, "refTime": "2025-10-09T21:00:00.000Z"}, "data":
[rows 0 to 23 of 52, columns 0 to 33 of 34]
-3.683507908112661,-2.908815165267389,-1.9098068341239767,-1.634664759274675,-1.6652019787167882,-1.6625023669126398,-0.9636584177674111,-0.08760437386808556,-0.1627003800260761,-1.4614742009694768,0.011719292629260606,0.0028563609535241295,0.9801608816304184,0.8153461267135649,1.4608447054710756,4.515259897547067,6.771315326016683,10.024965655672514,4.615195927782042,5.700695447337639,6.668511412147177,5.390001619639694,2.619690266242394,6.721331431985427,5.436064406120877,2.6169220656896406,2.447911191790379,3.226732312581059,3.0834495266297073,2.289113954085529,1.511708399353877,1.079252933054711,1.510696190032923,1.4256531053705639
-3.596412838462302,-3.226265836620993,-2.929817317909119,-2.6111706655706204,-1.2839573577128067,-1.1561133493623685,-0.9769933263015429,-0.060891913893909744,1.0341486176359058,1.9936080605527615,2.7867291185660665,4.072374004901292,4.594875082948822,5.233456841852207,6.7499283100713,6.9751268714903585,7.691066949949718,6.251688005887567,4.658393177684513,6.651596718840658,5.272026885806318,5.409094564404345,3.0589636376329383,3.1728327967016132,1.9536650528631248,2.1441336724427527,2.044781181780188,2.869013008333362,2.811879195584944,2.5468867242023228,2.0402918716473515,1.653634008265847,1.347914633372742,1.8842897982160003
-3.5209203057787195,-3.0740068654962966,-2.9054251606972064,-2.708348350795526,-2.4559145042441974,-2.004925119889017,-1.4579365080831197,-0.1269128091998761,1.459972691565712,2.1579934847428057,2.92341969147972,3.738520906540669,4.8324982363950175,5.181498212402489,6.126723860165303,6.646294757380698,2.9529445532632486,2.6303257074307944,3.9487763489874372,4.271709206148581,4.799449999567588,2.668406749459678,1.7744252908644964,3.7678127421297156,2.1586356852295103,1.8277346790137012,2.2845522828050733,2.498275061638346,2.0963858810216633,1.7531186752813006,1.8178895402683304,1.8410480501860123,1.644943909628403,1.7043599081693888
-3.3249664398625733,-3.161902668365177,-2.9389587964529182,-2.5883687614584,-2.5402416552210387,-1.7342141177552945,-0.8415956513350038,0.19936807450981964,0.8555068800334784,1.5882790386592338,2.3171733774083405,3.250766120909066,4.080929665287349,4.91387599897121,5.3446794981208425,3.60991543144646,2.3238299361108448,2.6676282342249746,3.3828711637501945,2.894901808071546,4.616525552733941,3.8963834967579385,2.4392839271383706,0.3431561047015451,2.4431839894307257,1.986182301465412,2.420216983611926,2.608778687545673,1.6889260729648832,1.3043802412876297,1.0667433892542078,1.1868045910398413,1.8664806250009638,0.8938380740211672
-3.223876435903731,-2.953841322672307,-2.164834790047115,-2.140824285383329,-1.7454803148351916,-1.579272167037797,-0.8787549311603651,-0.04496961421278823,0.6795860539567298,1.284677094882353,2.1063019337240982,3.0272021196425674,3.802316209738606,4.300778298444959,3.6550001434117734,3.1292248657299133,0.3092414944559054,4.708067678801264,4.499180566540105,4.336948935874088,3.938283344340983,2.644332129430597,1.126629470671693,3.152525783492924,2.5577248014564766,2.669917053089962,2.406803089804313,1.8949569320468969,1.374334618037926,1.7415628093647009,1.011749655705143,1.1019935262957283,1.4068990682101747,0.5895032964089183
-2.933743983653331,-2.9539692742014694,-2.4490158066456105,-1.7842983100195708,-1.2906265882717833,-0.5360889338431394,0.24571224487476634,0.9630467264644447,1.3879967832775197,2.0989708091481942,2.5892644852643993,3.3927403878157842,3.037450706375525,2.8485173339712064,1.9365090794876996,0.9253039279270306,3.999867845618249,3.987743191947841,2.6220684107146734,1.8654029185704284,1.8723663553708196,0.05003606622661675,1.7335860783465147,1.5900363835964852,1.8278395874354405,2.4472320766472215,1.8799903508597953,1.3504851533016449,1.3386129878593107,0.7059025049676717,1.2363631819483543,0.9772756108848655,1.137907384480972,-0.17053765985907035
-2.17785263513605,-2.1700710887395362,-2.1761925434701057,-1.9219993670331137,-1.118982840150159,-0.2612808129379264,0.42622797091117154,0.9002801089666702,1.1084894216712848,1.5314530198430603,1.7632751287035986,2.526159522181426,3.129512426644816,1.495178542781544,0.7811022813606698,5.221404514098716,2.5962090981499997,4.547873724173567,3.153563642937905,1.0806595164538377,1.1582517917555288,1.0258767847030061,0.6529646956060495,1.2945344547350723,1.3526019409680459,1.7236616377733887,2.3468804771723093,1.3973547259456847,1.6554141318751872,1.2917778358020426,0.49788687927660785,0.47472109111194993,0.015912430702495244,0.14294366801032385
-2.167619454686723,-1.8993882149701609,-1.7441350936594493,-1.6220436307386792,-0.9386670024977951,-0.1364092530610618,0.47655765426830604,1.1064702838276337,1.6406191091342976,2.477357384216907,3.934818785317866,1.0559011555306843,2.1990246857270033,0.9300256586091223,0.891093793102211,2.136315766289553,1.9327047742104164,1.9112632538710685,1.4880864281041783,0.8379750344974229,-1.919288486710291,-0.7514923207046145,-0.6731919445619323,0.8407325306782079,1.2723927887839208,1.3770827906147234,0.9914681869598728,1.3862999193614247,0.7099118954342509,0.767014564807818,0.24060244038509745,0.3437076295231808,0.3601927400242394,-2.047784320992229
-2.3387788878036058,-1.7705109098858292,-1.5317820527015733,-0.7279456321962028,-0.3005715329295652,0.41779071907272763,1.1867635072579346,1.8618939225054807,3.061709320092037,1.439873636845794,2.776933785620825,2.2441106208826103,2.1446034830269642,-0.1902489133999626,1.4431220777582028,-0.05451637913392238,1.0158842481218708,0.24095144220312018,0.6025233723135731,-3.0610119664325874,-4.211985215031425,0.5420110938522632,-0.33639144741643817,1.3246540485317806,1.3780345216532255,1.7337077309795415,1.3560098988040477,0.8929574298683304,1.0618343820420881,0.23079367504063178,-0.5407036573835254,-0.1889062258826483,1.2054616349529055,-2.2762759591098085
-1.9128461395903817,-1.571049266429756,-1.7116236120128332,-1.0782927006135157,-0.40475119964785033,0.10887663035561052,0.9449324017530599,2.0174299053359777,0.6511778882272635,3.4729485598447813,2.718218511714809,2.63425237108186,0.3492736446608226,2.4300914247772685,2.679821592285413,2.742617169811954,1.2123469448800153,-0.9017774929807076,-1.5941864017308522,-1.4728053194407313,-1.245079411160337,-0.30225193381223464,0.597978258871339,1.1311018620956041,1.3283540550954585,0.9233742559625214,1.291173680466291,-0.28096961852142754,-0.8006918498678827,-1.0089149277715346,0.14484119041920318,0.2952402696333034,-1.304434665352031,-2.9956829926290642
-1.939190771299957,-1.8294818154820465,-0.4374130303746666,-1.1043851467787167,-0.4520960803696278,-0.45539860015103983,1.730495957029941,1.110018561367547,4.477828146836063,1.0543638195365421,1.0906264696546513,0.807908610198813,0.9474091843715423,-0.7242392652021036,-0.9099262207294039,-0.12776755026426923,0.9515738114738314,-0.5684813370709929,-1.3766803315633782,0.4216455637608713,-0.4225030872834196,0.579865473128172,-0.009039096882981311,-0.4050598923713351,1.0588451796799976,-0.29651731684372135,0.08298851660236765,-0.8501820329932288,0.21308183580681947,-0.2474101678836027,-0.476248225451513,-1.635526284498703,-1.7209630475797149,-3.388897411537321
-1.480512440575885,-1.564250579941973,-1.3166577336659495,-0.0813447177020488,0.05027142430087395,1.9704202855080346,4.103238065022262,1.2029035032874522,4.094150012289924,4.009792151985891,0.28921572368040627,0.47780254792702354,0.24071463618113922,3.415038991308596,1.0612541377150533,-1.219712995992969,-0.17799265020528998,-1.0712821882906518,1.6039845833688953,-1.1317043768194641,0.7591198977594819,-0.739043453999174,-0.49606997692725663,0.8053449816978888,1.393281217719954,-0.9262443210375736,-0.31330758758598004,-1.1361035788134115,0.20221545989801598,-0.051226074273521154,-1.7800839146474345,-3.1901754744240005,-3.8581033080566978,-2.828831131202294
-1.4794233341736391,-1.3860178330848896,-1.094586078491902,1.7313714725863687,0.8531638545382747,0.8281281492995193,1.4697826136712797,1.9564137032790376,3.1505495057584465,2.135915794969475,-1.782910292823735,2.3988888131266566,0.5237107528850661,2.234672544360483,-1.2843756627020866,0.5783973688172256,1.9965121662499667,0.6247155894067618,0.38556881213148086,-0.1756105418819172,-0.27614627407997633,-0.8509121983812864,-0.1807341484554182,0.18135734406412474,0.8641368517838196,-1.2642038403974178,0.13447304359944512,-1.1811078590529522,-0.1586925955062135,-1.089254440364812,-2.9531161329752793,-5.194605602217992,-4.099577926990395,-4.4710166111501
-1.4090014754001525,-1.846055754015177,-1.7003530410407433,-1.1331797193916116,1.2978423212099857,-0.11105373505420242,2.875349337283946,1.5609336120159067,1.9194790744689771,6.5525966099935005,3.7022906141222,5.033657852880521,0.4249379931249978,-1.274465257713851,2.092686672012109,-0.7012813229466458,1.0850501832168584,1.3141856891511219,-1.0268019946562876,0.48344643713728064,-0.5940990618191937,0.6252650955017836,-0.25450754693023186,0.46648344983470796,-0.3145793152627571,-1.1940219834203754,-1.3544076194792878,0.4240341594090725,-0.7285431561368158,-1.7897971834588084,-5.833594913414251,-6.442949643660205,-6.4202344196623615,-7.035333851329429
-3.0690058928548756,-1.4076806420853059,-1.8435107105752677,-1.3600318123777835,0.06598800044195925,-0.5504883890406279,-0.8629059372801383,-0.5376580602029746,0.41839807707888277,1.9149184288981675,1.6849583745147374,-2.0651280713208555,1.6788824219847633,2.033031833752382,-0.13218315841480244,1.3560371426833748,0.5449413780231895,-0.2234369569024019,1.1668205513468104,-1.0903187846309963,0.084406000593976,0.06768722012035529,-1.2731751142520134,-0.6406359510884917,-0.6999278837030715,-0.7166843637591832,-0.9457014100063408,-0.35869100459002495,-0.45871194109070895,-2.767299372435403,-5.784305446769635,-8.232168649286972,-5.987673193447497,-5.039548892145374
-1.3256401438442034,-1.5925215626683682,-0.7694446082524689,-0.997056413465986,-0.8912039390331901,-0.7480375969115131,-0.2781691103704541,0.05707611635181513,0.9120560864244805,1.4186366797873697,0.2890901150046372,-0.7059612188164215,0.03315855631394569,0.6916736699092915,0.3417065953128969,1.6199225146883782,0.41350322555538493,-0.10390859891521384,-0.05338107722798571,0.01781810439073092,0.762427522279401,-0.42889415513620577,-1.031904872214261,-0.3480823326459896,0.20997522628162785,-0.31540756933342545,0.24676532326888664,-1.0473781777187556,-0.822678033705323,-3.6239303168158177,-6.7493904334961705,-6.144034643672401,-4.102077418579893,0.3917892892458394
-1.590837705190081,-2.667551006896387,-3.1391011975319363,-2.2222261653951394,0.10718463872856915,1.7470475350691657,-3.3732022601851317,2.4268930208901347,0.027163940842168856,0.8452637528936408,-1.417754980464682,-1.5594685896746794,-0.2946697580493956,-0.9780315652773669,-0.562120850624531,-0.268839334294645,0.9606710106846134,-0.02649238707144173,-0.11680912635481742,0.8895220591009958,-0.28628833984013263,-0.4056120340068181,-0.528102650774537,0.9634090574444178,-0.45210138763735336,0.4319126339207806,-0.1332602230437514,-0.5637047300904472,-0.19105445616061217,-3.4398906608197994,-6.372469162930953,-4.903247133557374,-0.5916625624733645,0.9387821838923731
-3.1918906062297685,-2.281964120327301,-2.474246027607056,-3.714435815999669,-0.4551044362230794,-0.0900770019363322,-0.3494592753104936,1.0892917412834506,0.8505952060281837,-1.2255775992340456,-1.6668303914562435,-1.6613355533656815,0.4898170223983426,-0.431180347199348,0.04815410320506368,1.1396455560272054,1.9518333753472223,1.2952954713041471,-0.04218392789004145,-0.2864577557023641,-0.5054099993802404,-0.6832293755095235,0.05372169155903301,-1.023934492937286,-0.5241033784937478,-1.2850024666158255,-0.21188245285624702,-1.0322807428727163,-0.18865523876604556,-0.6175186697564377,-1.991212730696511,0.8445922112430146,0.88187391702325,0.7856390268870169
-1.852124597623149,-3.082475617788316,-4.8540631521012285,-3.938500442930688,-2.5039356951725606,1.3347797309337726,-2.7571721717226123,-0.8986675297745917,-1.6704249399111457,2.152022079557112,-0.3593796382083819,-1.6206715592460401,-0.7571710005852972,0.6510440468909425,-1.0254493941699951,1.9155181394240761,-0.09292177353990436,0.5407035173179928,0.2808874794687344,-0.5076049990494386,-0.9001978235849589,-0.8819075873789645,-0.641373436305512,-0.5906427302924121,0.763395119879252,-1.1343736984619657,-1.2627391015045304,-0.3429423596237889,-0.4221466357034132,-0.006333380113585484,0.29192068887997,0.07410093198779226,1.2374070534464985,3.661484219069769
-1.8389730695479916,-3.2022851593065087,-3.7618114246781107,-3.3334999239386565,-0.7862519941728193,-0.2854572036534626,3.864271457420724,-0.6789454949786989,-2.7252156431558094,-2.766771680053672,-2.2467244536176314,-3.1900742970945455,-0.2937527829095807,-4.4770085593021625,-0.19940677148853364,0.45048809722001504,-0.5122439242613778,-0.41947571823305607,0.22528750310883985,0.12210115040858971,-0.7562539269826832,-1.0615764179082907,-1.2196200801262254,-0.9533191446651617,-1.4543189672215853,-1.4578670968950425,-0.8117018101729276,-0.6122957815148656,-0.7588648502749854,-0.5518085932756945,-0.03488140597004116,-0.01630034735914834,2.4606890815128835,2.3697043920016623
-1.7194351269882588,-1.7624773548115136,-1.9799649348158839,-4.339158725738547,-2.628456927626713,-0.3945338225637742,1.6079514880356784,-3.428859448536394,0.6616147366967706,-1.1829577648482739,-0.9243817387964108,-1.7034477550978455,-0.5682582903536202,0.3549943841106083,2.8016118880103713,1.1626329147929868,0.2442470479726211,0.2249875105221918,0.08806502398496746,-0.2814183559667146,-0.5607420700094228,-0.3357855325435745,-1.2210919183541022,-1.064268770952805,-0.6533568114184662,-0.5564840808101731,0.2717669614036011,0.22154844209815214,-0.22082401746652794,-0.603289775318379,0.6656814047482337,0.9336527223908484,2.7212997811542676,2.700627564001002
-1.7295274487250618,-2.2801638406893794,-2.3523958920004047,-2.4432698756960907,-3.843854723785784,-2.097067923329089,-0.1405719868920622,-2.629087643361977,-1.1415638761459748,-1.9205852317535104,-2.9580821527496455,-3.7023171369423076,1.7544609647980374,0.7114477686954717,-0.41293292262201,2.1408534170758524,0.40622316560468313,0.7975898393827598,0.27076250860471873,-0.6543472450394143,-1.2409753192193,-0.6743097890773595,-0.5404525999427449,-0.5389264140185546,-0.7496465065261487,-0.4016865621536391,0.3704888341993663,0.42582781955376703,0.1698884213561874,-0.7728492294142801,0.2671918555531059,0.8682396227962652,0.9623857374892116,2.571946327216911
-2.0128062077901574,-2.6352865928824727,-2.7732858538920206,-2.9419810593220137,-3.7629987487761265,-1.9851656455417197,-2.3865905649056365,0.577084264077772,-1.1548321368274737,-4.231244829470298,-0.14739293955686042,-3.1199434667791586,-1.7138553515325008,1.307318881055056,-0.27207992221995403,2.4925256918830585,0.8290563252593431,0.23968556008812444,-0.008325353030941398,-1.0984416344261387,-1.042326643458337,-1.3486463966429765,-0.6002068274575083,-0.6314117085356967,-0.47876278892301166,-0.24674125871639513,0.8353596149048235,-1.0950736981587665,0.26004437953551596,-2.1699600638883654,0.41548614805082434,0.7774577270091523,2.125985439721346,0.7523735419677138
-1.7652260601934378,-2.444327597706381,-2.69816422346693,-3.2149965348629284,-4.149161451475744,-2.955036533420528,-1.1785017815945045,-2.7759156608323954,-6.485109754935138,-3.941733287759838,0.5768180152721134,0.5428422469386739,-0.9571527750923008,1.0209280611052942,0.8808760980448246,1.8370751216860286,0.844743220155489,-0.040023364280997356,-0.4706019685766113,-0.4710957779633506,-0.8262329239220998,-1.5944085543634547,-2.6240302652237943,-0.36331893501807516,-1.1476989576697016,0.18717635143110956,-0.3947827148616102,0.2518760379044145,-0.5707575891079376,-1.0393520147822646,0.7576868092080667,0.401906333488372,1.7651508176008819,1.875700031504061
