script/wind10m.json
{"header": {"parameterCategory": 2, "parameterNumber": 3, "lo1": 6.000198445256149, "la1": 58.999992894266676, "dx": 0.5, "dy": 0.25, "nx": 22, "ny": 24, "refTime": "2024-03-24T09:00:00.000Z"}, "data":
[rows 0 to 23 of 24, columns 0 to 21 of 22]
0.15367289200717027,-0.5261619894538593,-2.590320114092972,-2.8189411878055455,-3.0959755334919428,-2.278880700476351,-1.9697325991062107,-1.9156295918961848,-2.931760451020288,-3.822052280962858,-1.2775158640593005,-0.12512195322688882,-0.6386191315038812,-0.42958918939048735,-1.171657295714374,-0.16732131741259604,0.4250187577210099,0.20856324163835036,0.4211122719797148,0.11050543343747932,-0.5300508684090198,-0.40678490309227794
-1.8151467884121977,-2.511888224080672,-3.34021859163552,-2.682322667956649,-2.6106726307563703,-2.234019914911568,-2.473672911101642,-5.5972222833634975,-3.4889630476879434,-2.11084138418828,-1.1056490843520983,-0.41327878017130487,-0.03574054033607906,0.5150268144450614,0.16963775458574124,1.1705861872954544,0.7314312085115856,0.8770727014416143,0.6857662517297989,0.11597022744501223,1.102355251636604,0.20161128090815364
-2.4727200547054187,-2.097267195468582,-1.8566686611806105,-2.467470478006319,-2.7922637995290662,-2.6825572986324353,-7.504762903474966,-3.6060153072562366,-3.6175080466434038,-1.1570078289532277,-0.533083303010457,-0.6307209080828592,-0.12258652820791474,1.3425071071686505,1.0407243767901875,0.4349456819880328,0.9655153004011952,0.9660051329338865,0.5263789751665872,-0.020028107572637996,0.5125425145633925,0.5008846614497445
-4.162282518455049,-2.0800267368992387,-1.8921817851266582,-2.425750196115591,-2.932520456480697,-5.6442198001245165,-6.373207218434419,-3.5097423954901306,-3.2760307295624864,-2.2749340598123857,0.19003864550078417,-0.10935953217753673,0.3251291138347205,-0.04299564677430261,1.0316175447962765,1.5449568153931443,0.8895680041586822,1.7521493195274103,0.8568414043020949,0.9622048863016051,0.8685901243288605,0.6302299626822108
-4.802417074480253,-2.0008602772565953,-2.4822811660464628,-3.191985605430746,-6.131717536730137,-7.317783471235551,-4.5069075048665885,0.8518034297808265,1.3973696851048545,-0.16305968678082988,1.138908091327073,1.0203055252294213,0.671909688019356,1.7014885365491352,1.6628684169537447,1.6535928325246578,1.078473291185115,1.512830917171911,1.3143511325104182,0.7898049979684597,0.8745456314521289,0.7745607037516682
-4.564084488548461,-4.716541269652354,-4.629126036148169,-6.49920132985554,-7.350605188376081,-4.672860062164248,-3.7969087411109044,-1.1443019895058328,1.3562047923453215,1.2257637546538358,2.6495867234893846,3.2605651781467326,1.5991504078778993,0.9277738769314443,1.7360470278634015,2.0306780540731455,1.7033276430353879,1.5037241393948533,1.6000282687548997,0.9324238542134378,1.017747004211504,0.8089009139019674
-5.317409707552686,-5.789826617912688,-6.46198980781215,-6.519925542318595,-4.390900497719311,-2.96216038456019,-1.0595921249535283,3.016483692625173,1.7001507236517084,2.1758545375733616,3.072177503121057,3.011216855851481,1.6804707917262278,1.4153938673744058,1.3566854632714245,1.6681912200985658,1.422735777416738,1.290998308874148,1.5095112543006035,0.921790728495647,0.8664374314413754,1.1560869548565311
-6.652703124449259,-6.5205228329760505,-5.248537055125527,-3.8639037263565674,-0.395081832533119,1.7170213105000716,3.1494432304370052,2.8553535426430225,2.123160145847922,2.5844775761513654,3.1634103124426725,4.580602188150364,4.095501104777253,1.5904200133987407,1.7899207592946502,1.8950091158062152,2.1428737969527503,1.7943169779169037,1.8723442932644525,1.475452121439321,1.0378587129741708,1.8510723963180256
-6.478298155846893,-4.930832097960805,-1.169173022367148,-0.3210756334983463,1.8083141107879033,0.5687022026904014,2.937001593140287,2.5141428951056066,1.915458086394064,4.881061851271819,4.777563076189809,3.9680911575740283,4.592991515685778,3.16883851606725,1.8924055882115673,1.7444905240858148,2.3896392079888797,1.8100329948830753,1.9635451835104374,1.616001193891089,1.7097158173641462,2.166190172031669
-5.649203832499193,-3.619260509895824,-1.7476207219714708,-0.5319866991523583,0.9105900201068028,1.4627304353795245,2.895346820229624,2.335014631398344,2.2906837882289945,3.561059418559593,3.899360488741938,5.116100372078502,5.515170934957008,6.181164235727956,2.6929333607680372,2.181984160450763,2.21407714641632,2.0012398909868243,1.8676715616550248,1.7799475537892488,1.5651419635251125,3.0467268731058135
-4.5794811318992235,-5.960538406155143,0.33084303648293506,3.5527203277806505,2.5657597679065773,1.8943477180634962,2.661278426037192,3.8792965493960385,2.6271131104443457,3.0302954233724706,6.05232553796619,5.842844453858704,5.838116944482415,6.167208122912503,3.1879939733597813,2.046677107686953,2.2651796877218424,2.0227829152469217,2.0236383111053917,1.7373227754972616,1.6163090352780531,2.8441726521021033
-3.291377078926152,-3.8505779277983705,1.2670356835803274,3.1625419616273867,4.519378264074648,1.7009379594242335,1.6981005364087876,1.5830732585154794,2.8266536700192115,4.746403273717515,6.138136200383938,6.009700510385785,5.774937003982044,4.516065891833125,3.1212698986236087,2.305385673667349,2.0200980140600353,1.9078774995107572,1.886055622037437,2.350528735472606,2.179126830990431,4.226135332340417
-3.7234395333205548,-3.61367042761481,-1.3256286530236472,1.0043581312954581,5.16162775959832,2.17261410446325,2.696500074588341,3.2717658070268243,3.6792936465495663,5.379004489438549,6.476523643325033,5.579803158132934,3.3618495677056823,2.548895121378594,3.7419412776241847,2.693894585276955,2.6164402043159427,5.815713724349752,6.2770888658807555,5.499366488848593,4.956594287196561,5.491400574275325
-1.7331048053728961,-2.0575815824865518,-1.6197207666243147,0.305916289131617,6.409859323092511,4.104056253424586,2.9867312341002017,2.9926062438591385,3.699094030279761,5.745413716245097,5.780538819303157,3.8343630185702473,3.3192035812882756,2.9723057984235983,4.913677963112566,3.3989510012451807,2.366230586390361,5.790157583212718,6.622667453498435,6.002414173434442,5.723583548268257,5.162792832554599
-0.24003994314182642,-1.6058421774446923,-1.6717075874937173,5.295462459036267,6.33303545125018,4.515341369955724,3.35311913930987,3.304995981344684,4.382918165654988,4.843660475655232,6.26633518135063,3.945705381723605,3.2275265867661913,4.695723997963905,5.400057859336719,4.91218431290007,4.86250258734732,7.500907671522219,7.408871188243519,5.714533704932312,6.703437714970095,6.23094470837024
-1.8923804687233918,-0.16749497783281408,-1.0721608728114607,4.569425427513735,5.590620048473771,6.687450236544184,3.2433838752289073,3.595785281985962,3.8533902816065373,4.582592593633161,6.089636156193077,4.366339472249681,3.9723933064625188,6.625051409313956,8.119246607055299,8.240506662682332,7.586022061101107,7.709192398310613,5.756682166472341,6.9474049967534635,6.965934137546984,6.641969349540351
-2.570931499759573,-1.3145852310510449,-0.9735903109026967,3.5993335043709376,6.134359747424925,6.747362281805721,3.256901305929724,3.798357321407496,4.131796878345302,5.777221242267975,5.8475828994532,6.140869857363548,5.0403858272565705,6.409090043552517,7.854244926473738,8.330971524964522,7.574989308335309,7.618566944402434,6.3963859679020665,7.266248285654411,7.169066679357652,8.063825687949006
-2.8029653131721664,-1.2474557630701208,-0.25755733970359507,2.29213651178346,6.979573634704033,5.340878434493513,3.840716973329673,4.6203250889669665,3.7226899611689777,7.43114052791746,6.327690905282526,4.3341356770643875,4.7664408314683,8.603226533071448,8.379137934649139,7.027193224921479,7.401873043353187,7.51188699116468,7.715644741346223,7.460311704621017,7.064133397566484,8.009778407567994
-3.992807910029087,-2.501028776536037,-2.2422322616902126,1.0516483165392163,6.952980902939836,6.55799625192464,4.365991253570965,3.846062439193488,5.670668538676266,6.616628153180773,6.695922595734581,5.64492734023594,6.746761110052755,7.37931551852464,7.151253154177268,5.310058153107869,6.844561801227862,7.747449454681802,7.864438366640624,7.2003328316902016,6.592975888832706,3.568397629673389
-4.07185054202332,-1.5558972815240921,-2.3926150753692665,2.9757147516959614,6.139289636055999,6.039637288398629,4.491309824251203,4.556142113783196,4.156712792001678,3.510626747907588,3.304181694390956,6.875750818160265,7.261559603688149,4.722108117408447,4.064657722064753,7.441465326421782,6.872675215559795,7.817427113316998,7.305430811202187,5.4364684377356625,4.476322803857352,3.299902645799028
-2.2915387570326127,-0.8919654061602428,0.7981537955461443,4.696405256366002,5.563027445621002,6.234652922315758,5.194129990329112,4.083185200720444,3.495279751066071,3.4279770060250394,5.168901559046255,4.87914486017753,4.9302211745591,4.997664909767317,4.306044529331214,4.638223214185695,5.95274411107532,6.235894972106638,3.6561990343232056,4.108824319662689,4.023067946467749,3.5815420993103673
-3.27881857265877,-2.223019953104542,2.5182153754841923,4.307827733124511,4.892778908830908,4.870505006723017,4.145666271212992,4.153417189006845,3.1703803349177226,3.3090202261714046,3.9001244338930476,4.277581391425884,4.662676847226844,5.024375414413857,4.852300324231827,4.386553421808021,4.130823669039546,6.251761216966226,2.6903707084545285,3.1775547499313705,3.7650637771475783,3.0089898493469436
-1.997625855148212,4.175585013569721,3.9032754993447383,2.845225235612802,3.8979738141061087,4.05277897666761,2.8740405419697974,2.9834880059426947,2.816175288473285,2.9668441970735335,3.503441758241515,3.7383619112532345,4.9409305669319,5.145769243192011,4.8027972656766735,4.790603821415121,4.162053440832729,3.4782397214096537,3.367882138893489,3.156503725344187,2.7645274185947346,2.2922605869876755
-1.0979975149250611,1.5633900849681077,2.4560674924603885,3.426713906121546,2.8169461941353013,3.2492796931252603,2.8219768612304263,1.9271964293766068,2.40115435290303,2.4932238508446325,2.725625462970944,3.481889430870853,4.621374634721136,3.8108747334151407,4.491757767163752,3.916646328257963,4.384025944093753,3.6582511715102486,3.9797738397050297,3.2373305068479414,2.1310237308197255,3.1893110227960113
