script/wind50m.json
{"header": {"parameterCategory": 2, "parameterNumber": 3, "lo1": 6.000198445256149, "la1": 58.999992894266676, "dx": 0.5, "dy": 0.25, "nx": 22, "ny": 24, "refTime": "2024-02-20T10:00:00.000Z"}, "data":
[rows 0 to 23 of 24, columns 0 to 21 of 22]
-1.3435260388726884,-3.5954999894428887,0.29308688803229543,1.9040848230089842,2.0970304547794845,0.38762343832761453,-0.2780504258987818,-4.40863718266423,5.094634325895058,-1.664305465002226,-0.9140413351350934,0.7575360392770791,-0.9289630345414334,2.2204930652635513,-0.8050729399979402,-2.362824578545973,-1.630640532549878,1.1634866495480458,5.791190792495577,5.379428531231834,1.6889907521300178,1.2330166395588935
-1.375242708354716,-1.4553592102162378,-1.6187516091265868,2.938095451081164,3.216782764065597,4.383411211804226,2.4226947207924234,1.4431013222675908,-2.0923295094213232,-2.8467620331064025,4.471427130551776,-3.9338728621824965,-1.2755289580485965,-1.2932467672256636,-1.179422222523528,-2.972550851323973,3.3788174890866602,6.595009737853106,-0.7865775603147194,-0.007855830669930721,0.2543400318420982,-0.034655449072733054
-1.9554641736585152,-2.7293654482889376,-1.6216469269004996,3.178057535059434,3.71358284101174,-2.9856191930327234,4.771257815196058,-2.367865546949795,4.026843549153034,3.2725175972999905,-2.5772508628104176,-1.372065674372796,3.4292142110323307,-4.250496423108621,-1.965200217135617,0.6003174841865033,4.819067229895722,-0.49558256507072823,2.0106381897370333,2.635492525532772,-1.6041909211469305,0.2799813161813486
-1.6364312278074875,-2.0826204683605694,-1.4366603385527945,3.3907112412756804,-2.678661730767469,-3.319421542362153,1.8855336566827032,-1.472402872658699,-2.284711518745324,-1.6981903873590818,-1.4266193128269584,3.2041094211695196,-1.0078790349517333,0.6862708978578728,1.7571918468471954,0.4991092124237854,4.70418131729682,-0.416401499532965,1.1120055197652357,5.161648697388639,6.00189619501998,0.18585780703878102
-1.3993514408144152,-1.0708821212324047,-1.0604973168554792,-1.3765893983754216,-3.3175048469796313,2.1139146383678176,3.3450133548323007,3.751191488170806,2.6550585719127566,2.0407123699127223,2.956139337120057,-0.0009135856769726316,-4.062109999847354,-1.6964408469689733,2.3068498515377436,1.2306598764369534,5.325439913636857,1.3782300701956423,1.9386468567507802,-0.2694225331919472,1.5685687570419413,0.13443457245499543
-1.9807121222241868,1.9532415223975068,-0.9477392724939012,-2.270032004156256,-0.625968995465096,1.64982135975945,4.389433491312314,-4.039703063785123,-2.4363171690980363,-3.274785188829665,-1.172614690048107,-1.0992513815256166,-1.7128088317772292,4.918330490181855,1.7446662014070802,1.3231048653190804,-1.5783624088037438,0.4369137405231156,-1.4302411052527144,2.6501124955295903,3.1717466710735707,1.381102961478203
-1.0998291829810913,-3.2657505371020004,-1.0032367689351933,-2.474079046827653,2.112256418018086,-2.945203512045106,-2.241106140719527,1.5189178987356682,2.357232815926601,4.136064545103658,-1.6160356891443848,5.986539470930951,6.359683220561968,1.5748692785161895,0.20341176390378946,-1.4291247104575933,-0.8958367399730248,2.619043189507706,1.3747013957252834,0.27218229580620595,0.3740498547434831,1.6780977198014906
-1.9969332034877407,-2.3843905019667195,-0.21003595017271254,-1.7813763884076634,2.7040069772090094,-2.726306733250473,3.1221959839353763,3.8733172520598145,-3.182470879395008,-2.7645625488833745,-2.7317536081747233,1.5200721002377717,3.5785082287382153,1.486945233100692,-0.5822429540367006,-0.2526671177706509,0.0012165066284934615,6.161839302123333,-2.010869115530341,0.3914118493830776,1.1841021243886758,1.9979593956826482
-2.005897353745076,-1.7177789874566525,0.3225143686039806,0.2013571906361541,-2.5880860432685373,-0.4192606282802916,4.560156837170062,-3.0288120672442274,2.251785484300292,-3.0785944324314993,-1.1485943839053747,-2.7105712671042976,-3.665844500788675,-1.8295242367403766,-0.6968883420437325,0.5783149202944248,-0.6031353741757716,6.023940048110143,0.7365110732080882,2.178562997536321,5.19794705254575,0.694908616783456
-2.0800245089059195,1.8756111759849965,0.8223359464830085,1.39292317597376,-2.7622810437512246,4.3017665462454815,-0.6006214258473351,3.113188465126696,-2.192355135059642,0.3018414525384615,3.166319688148385,-2.084958038588642,-1.69406207294188,-4.017699216267647,1.0734807699975004,1.041460151438678,0.587555740829104,-0.906234829256666,6.2435632947465365,-1.8228712740041704,0.03198300408540259,2.3888518305437616
-0.7660865976404274,1.8776035345571473,1.823009212814786,1.8950150092969793,-1.4697854996017463,-1.3346419273445396,2.3968143501288433,-2.147491963110154,2.3000023171926087,-1.6853294684541467,-3.2481547604378744,5.237159791536076,-1.3837004425125767,0.6868309626264428,-0.8115727667589642,-0.11195025675627876,-1.288391364176618,1.2010107068923377,0.3857178886233125,5.763580291570983,-1.5256559506283598,0.013790276568695374
-2.06485353353832,0.9380676632817279,1.4584572653907666,2.371348513071278,1.366198172436565,0.03314242259753418,5.195507875193342,2.877924791040768,-2.408172961045498,-0.6638173467595195,-1.8540302229549757,-3.010832206798753,4.946660580671679,-1.9918346800945712,0.5023864784746651,-1.923762475970755,-0.5215266364091982,1.4165411986047949,0.7361288369533985,1.0543199290992487,-0.1795583768488712,1.8755001394846342
-1.7617056214356392,-0.4737035530994746,2.299429217263611,3.090542288734278,3.919559385832644,1.6323368179531192,0.48657361293288587,5.983281318031565,0.8054398144930826,-2.202248246873236,3.1154773864951926,-2.0975340248412473,1.620892255889095,5.121778328171705,-0.6472796129165739,-2.8068736822314815,1.962652424213791,2.8318436944850998,-0.5130394137008756,0.12329629042531062,1.4087246383891714,0.030154727667050324
-1.2121020972998038,-0.9160853413428193,2.4593054552841385,3.3465586141252848,3.760718237226269,4.20251653578748,2.058459708663738,-0.6155145225022632,-1.7377530061688622,2.129746452765734,-3.2458023962212526,5.778548790391945,-0.5289314560793696,3.4068434279099824,-1.8118103104878687,1.3670756659460488,0.00038871050748048717,3.983634712756026,4.991817663971531,5.255070657996897,2.3255470571632597,1.9767570848510871
-1.5901030382919985,-2.034206189698161,2.214831482575154,-2.537541578455283,-2.0107562228237827,-1.9937832151168104,5.897404816340963,3.5183662633334745,0.9007362102273979,-3.155254916964512,-2.2010888696842295,0.9612629394125246,-0.8719448678139389,2.3361647989224013,-1.5360321422043874,-1.8444641802988906,1.864842462968719,-1.8010624806194981,-0.4893161282788494,0.1386899553619666,1.2447275595448064,1.219457520578116
-1.7271523143086143,-2.2644818544361516,2.163338457006249,-1.979405389649036,-1.4993827571986738,0.7988893744608017,0.4215455074985882,-2.9953889666966673,-1.993431016528362,4.835671079358877,0.3606104763365556,-3.7969947903150882,6.0785818649392045,-0.22093507486887998,-0.6149584291905209,-3.080666990677169,5.050481441124407,-0.11299020423847449,1.8271659786142345,-2.328312642531947,0.28906378485284456,0.7758531725249799
-1.6562139747542477,1.7404806973549753,2.6655576696513608,-0.5822387822168879,1.8287228935898188,1.7483451826762264,3.815725654320838,3.192798736629422,1.6305997506734105,-2.9200469187401823,-1.4923815342894293,-1.9985998394143316,2.1758250985216923,-2.5564152283496737,-2.1365492120542013,-2.384084946048249,-1.7784910074164586,0.2889185559898288,-1.6581186690640155,5.852041845511492,-0.022890300686358497,1.3618873922531678
-1.0458823270675137,1.920621282038972,3.4382746939665214,1.3790037477976103,3.157100615510569,-1.5451542965902911,3.2430169554912247,-1.1911545053693948,-0.5576230297523399,-1.8590523543448971,5.755252876374982,5.729303609639443,1.0780206026956605,-4.156941488138114,-1.782126617402586,0.1166667570062216,6.466287794673137,0.44201339943522105,4.472903966056086,-0.45274992797917657,1.8301187049026284,0.4362253908279069
-1.8987528189366467,1.0367606342263653,-1.9184486890355974,1.7121812275639963,-2.666125199295157,-0.685157979449688,1.8223345359657843,1.4292384803341442,1.8052337563151284,1.963927269386476,0.35885675253141797,-2.4567431577827064,-2.5275785645148248,-1.1649928030827614,4.919135037744382,2.3863002590401248,-0.7299785407528621,1.963353522909741,-0.43917222377356785,-1.2128310236057211,3.6526581996079113,1.273437182797128
-1.6225856598150386,0.7158658501152086,-2.138879309689979,2.4753110957545155,-3.2416187238919165,1.763079544324113,2.423770921678195,3.255641240061423,0.4128278886187288,-2.966798399985543,-1.4866227864695012,-1.3299438366879106,-0.993342683768381,-1.3436033352745418,4.881180122120396,-0.8509440333392383,0.11193403914544654,5.615016060596557,1.8147870489742646,5.397360129636711,0.4997797774333874,0.029439830343002116
-0.9887860370953002,0.07939120818559285,-2.309112672324728,3.2887713373826553,-1.9926111881500828,1.4586093398243294,5.365195172053304,-2.8550458366232587,2.37083868611471,5.222907939457589,6.02300668101937,6.403716526590923,5.300596881803064,5.740937406130385,2.5794100727078266,0.931990807797534,1.1268901892507752,-1.283062099884289,0.591063754130556,1.030904556910537,1.4027204549322243,0.14185930128032173
-2.086240094678749,-0.5118934611430764,-3.58893404161559,3.2233380940301437,2.524428240618252,-3.130158773569363,1.866930135945369,3.2060246558223904,-2.7485222972702616,-2.2581840980617116,0.8990640347956642,1.6514991192211224,2.0107305856324924,4.539518278908666,2.153747407423359,3.4373107493186876,-0.40524322290191006,-0.9960506053000171,4.355164718959242,1.5119341020910197,5.9475398174463034,1.0960912219046923
-1.031849981734612,-0.4207248147932602,-0.9684851502235237,-2.1687572212854054,3.9370487153530513,1.9646298862541625,3.464592969178687,-0.8925608378929597,0.9324585589081182,5.120084577200195,-2.754724809106477,-1.4497969575932497,-0.06842948144166558,1.5233632468367628,1.5528241335554018,2.861025699353633,-0.7703738739962969,0.6290301604203289,-0.47681063674127705,5.1310672385782015,0.775838696911378,1.1183276338547048
-1.6998455235375027,-0.602891752486137,1.126311989571621,-2.7394139542018165,-1.7967169224217456,-0.4559057752892279,-3.165020951854632,1.5717655484717563,-1.5923264761061842,-2.7793366192950786,-1.9791451259679849,-1.3276847865383858,-2.31873326874851,-2.5754364613776524,0.6942066998817709,4.406578505352419,0.10061438152764322,0.4402098848508747,2.0440449064008424,-0.32269846789362105,4.273477523858656,2.038715146303045
