script/wind350m.json
{"header": {"parameterCategory": 2, "parameterNumber": 2, "lo1": 3.000054539987559, "la1": 64.9999836372058, "dx": 0.5, "dy": 0.25, "nx": 34, "ny": 52, "refTime": "2026-01-04T12:00:00.000Z"}, "data":
[rows 0 to 24 of 52, columns 0 to 33 of 34]
-2.171935657402264,-1.249012107470192,-3.498023280602643,-4.410361044434949,-3.975293432947531,-3.520994326168028,-3.2223352633649904,-3.084065476880231,-2.934548376809134,-2.349746763643231,-1.8028407267825841,-0.7040381435902342,-0.7145000201018626,-0.5120593243543581,-0.6031117139599844,-0.7223436241902751,0.5343270282122722,-0.4462439920316697,-0.4234361052012882,0.8312430718603385,-0.16992746618428245,-0.15105123801540912,0.7158636229963778,0.12272956205396,0.010273531677286167,0.9137253714011832,0.3597876356533569,-0.8205525420481596,-0.39691229108566156,-0.5969700828688699,-1.0430167938059098,-1.449337400742951,-1.568774113695138,-2.9042526101947166
-2.8989893592627722,-4.633576827550586,-5.54478784664052,-5.466218389790008,-5.151449194684915,-5.653774696313921,-6.007236098954339,-5.79715356066637,-5.000253781839364,-4.6027654758225545,-3.940092191496743,-3.312535961268277,-1.9095319796790835,-1.999032778491647,-2.031994811088483,-2.0978138458437368,-1.6016378605631356,-1.3892909744338107,-0.9975055074082617,-1.5715388350936834,-2.242819731679819,-1.0198243110421452,-0.0014176178235765686,0.27552601814974953,0.8855722826189523,1.5784246797169408,1.0575259656438618,0.6591585946417662,-0.3147466456412849,-0.5344303039181934,-0.37564928208320003,-0.3529316808148754,-1.9297760928473915,-1.4525300896167888
-5.322073502002755,-6.7725425443839145,-7.306846548819629,-7.283670132373067,-7.813167487658857,-8.114071316338908,-7.676510235807211,-7.239998771630035,-7.083128720687498,-6.7424163558018355,-6.176681505671362,-4.669356425527871,-4.205362685566013,-2.634556743672992,-2.5356262159476866,-3.3023277123877857,-5.943791576262005,-1.8649824422282473,-2.054431656262511,-2.4061192292141933,-1.813792606296019,-1.7178098396238928,-0.16329493819259822,-0.014227680289317694,0.14919965335609506,2.8011939568417463,2.3340817256818913,0.5360536268272887,-0.27253709481715477,-0.07248454216009911,-0.7947953906690401,0.09233106714585644,-1.0310014103748637,-1.0816592352943113
-7.147377606338936,-8.166606766774203,-8.552248227817948,-9.781518653825367,-10.124874406600984,-10.773826521602942,-10.255823694953895,-9.884687622574184,-9.661150320999749,-9.151046084392272,-8.468693296653697,-7.188235913803814,-5.5437086442302865,-4.223834168846949,-1.4265843051642395,-7.076801892640799,-3.8572115988897937,-3.5753188513944614,-4.716985105132569,-1.7865134402114309,-2.215719440589867,-3.149290357356847,-3.297341364846227,-0.6687720180917409,1.5194980054035454,1.304848001596606,0.6027153967478169,-0.20450419815395712,-0.7808335477660461,-0.37807126846463734,-0.9540132296381639,-1.3540669576792783,-0.4642778555343286,-0.4613239041871867
-8.430682755424387,-9.065391447496795,-9.88456801336732,-10.171535885233357,-11.352686576658751,-11.17338595338242,-11.452536849631404,-11.844209859148922,-12.24449611386296,-11.578208579002181,-9.889786330171788,-9.137315607721641,-7.381781584988622,-5.728684049647292,-5.523089848217353,-8.427591020216898,-4.518681207722188,-3.6714759067519327,-5.461257543284006,-7.065026725839696,-5.5987287177561464,-5.946999922950108,-0.44835277170452825,-2.2650952422740493,-0.794658926251645,0.3921669046998774,0.5860741336145965,0.8363715914924965,-0.5476262606031699,0.44469392119566153,0.26528909779996596,-0.5145024934593483,-0.38405152227117845,0.44471628492925225
-8.94429368444803,-9.200147683481443,-10.149132975601141,-10.74556700890135,-11.746774709449053,-11.28617222301452,-11.735208724967167,-12.384429070916475,-12.944505882434308,-12.937555106074205,-11.453561450713483,-11.061588386411513,-9.354278741101002,-7.965175788020563,-7.7191994418236085,-5.192924126239211,-3.9907311473666516,-1.4630742904831342,-8.128442855994399,-6.086086479760955,-3.8762045693662257,-4.217222359432442,-3.462372864281209,-1.0324287906362137,-1.0620453461455954,-0.03955672590367384,0.3945128700774445,0.6177266166374108,1.2983277889543803,0.03249228138386057,0.19863347346805066,-0.004268214057441689,0.4298453832858208,0.8897666310650506
-8.719797265940919,-9.419160726097786,-9.642631010349223,-10.458716137659081,-10.250672460337675,-9.651855037248177,-9.50992761359712,-8.5409346921583,-8.261323479704963,-9.351982675789113,-10.565790173380034,-11.39603506385618,-9.76074827063793,-8.80391171465433,-7.889794493020502,-3.8880276832210385,-1.8620232569231756,-8.291104561834986,-10.165395175489063,-7.191601871963721,-5.48074246653814,-3.665041122334293,-2.2214849946258055,-1.011161438685975,-2.0837889814279573,-0.6946603338812765,-0.7022274765119084,1.2729803162359747,0.5755835599555028,0.8909130834074419,-0.11736320387429605,-0.800133990492815,-0.4469668949263592,-0.3891843447540221
-8.542778702143305,-8.291143341929672,-8.364133588697584,-8.794455546324738,-7.748977879745906,-6.224220528606063,-5.699226979185759,-5.230172027739129,-5.21332173530715,-6.221090296367621,-5.457926915322555,-7.903504925130794,-7.7625503325088445,-7.580625583685114,-5.797027250160235,-5.746945278432732,-2.7370431584346093,-7.031535065090933,-9.154161744919477,-4.708639731937443,-7.315124837320331,-4.8631206142911845,-2.2007698819215187,-2.3738215156707843,-2.179343779925975,-1.2162492022806244,-1.777342257504091,-1.8025927533300734,-0.47367528915035234,-0.4077254655312399,-0.6344609713876201,-0.601328104294394,-2.952069114130153,-2.259023254075532
-7.808120846121071,-6.74695618213029,-6.75239013087892,-6.100959670600455,-5.333839702194714,-4.406396457148731,-4.22966013433097,-3.225111954646287,-3.139315313565406,-2.3203694018814263,-4.399093493783453,-2.90364829483665,-8.146184269368034,-8.89617195072376,-7.104724652355833,-5.858498950887049,-8.115725975498986,-10.469169019879446,-6.888036278280065,-10.642937558563556,-11.572154816076377,-7.973965428089511,-3.813827511945255,-3.616126426351112,-3.6714022185848174,-4.42836679584704,-3.150938886815121,-1.5966205373717528,-0.5094466174432448,-0.687291720771113,-2.6276179655599257,-3.824917927025433,-3.3800053370236203,-3.36283524230529
-6.650876161285866,-5.0390147324660335,-4.5534950706959805,-3.6603899447224246,-2.7124522744629074,-2.1535363144912147,-1.6017510405098747,-1.2916761627956657,-1.0094177317545552,-1.9677474033285764,-3.123310071202364,-0.8451720003545931,-6.113405277254419,-3.574800092624282,-3.714112545533474,-9.830493975003733,-8.781076707326168,-9.270759460582742,-9.894428594440466,-7.999566336042763,-7.834229780194149,-6.543585971700109,-6.17771731064864,-5.226310461797394,-5.039125399069876,-6.330442106364559,-4.613783119377795,-4.830677995806965,-3.7950571977761416,-4.59138534482273,-3.648191598418299,-2.5355153743552314,-4.662418913063405,-5.350267300342975
-5.427576132647342,-4.137556271928193,-1.596892277212523,-1.3545601804116998,-0.8684804514756308,-0.0396448546176773,0.5476527790866285,-0.2997101609017284,0.5870914766335353,-0.3493896172581856,-1.4663779122765288,-5.838518371714934,-5.617788380006502,-4.041243624412265,-6.585947728983139,-7.202463780227736,-5.206056538470757,-8.11447467602421,-13.576715456034071,-4.880410899711982,-6.125311311534124,-4.8945191227624205,-9.963092979390899,-5.014399544654269,-7.2474286928915435,-4.240051637858166,-2.9499742854400735,-7.177125934989415,-5.241757799420695,-6.407997973302851,-6.743424237618826,-5.465122329127615,-6.864779263788122,-6.829508521107888
-3.30454000116864,-1.719581565231712,-0.5427452568260657,0.16759051318858012,2.1561287286783277,2.0389813274173116,0.8343371797319621,-0.9749256975467194,0.005548590840614044,0.15037344351124934,-5.4157590466812,-5.751023283412374,-6.379692527916899,-3.6849801933706745,-6.330658522037171,-4.551894487185113,-7.820983498260982,-13.042170768623034,-13.018812080351296,-10.323597362609151,-9.383191435463287,-10.430685517142507,-7.011915774659223,-8.347160782245409,-6.036746004342275,-9.148039657801847,-9.305022628834372,-9.048037467695687,-5.836021523336694,-2.428348004852045,-5.598978750728052,-8.097601468228536,-8.197519000473225,-8.833634439994716
-2.7804065847840014,-2.003633348342559,-0.14525188387398666,1.331244396403316,3.2535014323116696,2.5361406990992195,0.12973420191138946,-1.130238841513654,-4.208447760648012,-6.016815361314999,-5.62432758212233,-5.619589808298046,-4.810580809748864,-4.5456548933560805,-3.1317390363356963,-7.49767839906882,-8.7149787686837,-5.011873290268407,-8.891895153499016,-9.120415788975597,-7.637781302132348,-10.086966642454676,-10.548319724047127,-6.757334126339547,-7.497686236568267,-7.942838201584511,-7.529497405716765,-11.646031539348707,-5.811738101283984,-4.07797459756461,-9.16197257315096,-9.636889761438136,-9.910301889009041,-9.659833984074687
-3.7781547965852496,-1.9173726717086983,-1.496892883712877,-1.4258663813276462,-0.31688266020444694,-0.24245939785688303,-0.5676034350131041,-0.08532239731462148,-4.691335853126122,-0.8112703570987316,-2.700313984735889,-4.2169511073449,-3.5200969138609737,-3.5638879107308887,-5.89369983595918,-5.323042493460751,-7.8617193032359545,-8.487596527007234,-13.662865840451696,-7.4465576758009036,-4.497218526093918,-11.331513541604837,-9.612698367307079,-9.477932703779176,-5.156775145320381,-8.774048909862776,-5.595426668131964,-6.20770391371311,-6.649774959389469,-9.480012823114636,-10.289598031974101,-10.752174228811212,-10.633278621223518,-10.380454303809945
-3.4336692271397555,-2.6074270257188417,-2.5936420234793562,-1.9029934736719505,-1.661293170949904,-4.882591291733232,-1.9379524546767033,-4.8070033976609405,-1.3883825899176132,-3.58828922800043,-5.671215134649044,-4.842727619494451,-3.94863359706664,-5.402929155424581,-5.858284777037875,-10.553744616029578,-1.5678699730812367,-7.999809639089672,-7.020565665152563,-8.893637723694686,-4.5591907056958005,-5.740985315637946,-11.201564778191148,-10.067818250794259,-5.8921815500596875,-10.022823718369686,-5.8884577843755705,-7.847094862995895,-4.2720898793483455,-10.94953395034537,-11.37795627114513,-11.224229472152441,-10.976059962323584,-10.775587407495916
-3.40370329288824,-2.8902554385850645,-3.30435067163085,-1.9481757054476538,-2.294989573177449,-6.2949562065670435,-4.744328597245376,0.8363850265865903,-3.0441349305197485,-4.540209974784821,-8.44300278111621,-6.918856336365669,-5.766943476446769,-6.320651695912628,-3.0783592390361423,-12.423430938663195,-7.215653958177195,-5.279618273549035,-7.3654032531559634,-6.969489513275832,-8.639205575939094,-6.696056288160541,-4.237320516989286,-7.44755461719745,-5.078766527339995,-6.141571217610492,-8.80824745582039,-5.791495523300244,-10.343485844026928,-11.398786853418077,-11.23603331030148,-11.387904357618217,-11.003847951884323,-10.824334143270605
-3.0061154901985523,-3.2289235687095643,-3.8444668612312003,-3.000672067123186,-0.8030575470283438,-1.076553601701502,-4.0708026499362155,-2.5879674144078932,-1.27042837892498,-5.004389722310032,-7.288718511172305,-5.487197816533845,-3.990482284683201,-3.4728514335427882,-3.013911316722249,-0.605250009053378,-6.977178350296011,-4.066990599514158,-7.205802584558047,-5.994785487302795,-8.879923437561853,-8.574289312588416,-7.985815972680966,-3.6579671124294078,-6.093130077691339,-6.080007876287842,-9.058274271961004,-7.955811012461159,-10.59690857908652,-11.433990369439206,-11.50027730069893,-11.300985497961687,-11.114835843542881,-10.86798432411378
-3.0865430915978735,-3.6362245022359843,-3.5654092028308133,-2.79993128179567,-3.459731447966965,-4.9352040946370925,-6.246225290764433,-3.2810179352641673,-5.511292768149535,-6.677635187636868,-3.4583285574718636,-6.461273577582989,-6.5960327455397705,-4.8933127842126884,-5.035803268257854,-5.35803677160363,-2.953573831827221,-5.187055380341249,-7.62367770657699,-9.468835094771407,-11.10122182599035,-7.2132991858829145,-7.402363699796657,-8.108304303691572,-4.003836972801827,-5.7337885597764675,-6.382577530886789,-9.152042929108465,-9.79226206206871,-10.481335979100894,-10.493576574077185,-10.846100430526636,-10.72869037202279,-10.25072512878923
-2.898038446580572,-2.123075032997162,-2.912673494351187,-3.3531635009649627,-2.006292972144649,-0.2907979983114672,-2.039226486908295,-4.147505417196109,-8.02127313887576,-6.917538880560248,-7.83120072053857,-5.1574741334081775,-4.9219340918313055,-5.436791676845319,-0.867725306681709,-6.8009002352429615,-4.369622639891912,-5.364468360008709,-4.784723055434525,-8.671536451117618,-8.024150394762387,-10.603970310194763,-8.401456512701259,-7.698359341701716,-5.637559083718683,-4.844348901739401,-9.226061351314515,-9.11732419234041,-8.901898778496257,-9.405880940053356,-9.711994003068531,-9.795171154278021,-9.963348948201036,-10.146532126375519
-2.270420376814918,-1.5452167906657923,-2.674679817489084,-3.185828811428931,-2.6530499797906963,-2.2533912068890802,-2.6179305475313326,-1.730114787284909,-6.836994591110588,-7.192249662838677,-6.262013434702192,-4.935883943463714,-2.2056376783291363,-5.295542202961051,-4.25707573168667,-5.414066700713497,-4.468406320204916,-4.829130127722325,-5.209657874979246,-7.521351079632321,-6.051719915451373,-7.22677072593688,-9.44352772417639,-6.051385324169743,-5.163703496679632,-7.9885923502847715,-7.174224556750972,-8.163116672147229,-7.879231000882099,-7.754071779452038,-7.973869573034371,-8.679178888166382,-9.412352113940862,-8.086180577579064
-1.513170733419941,-1.2784935321176398,-2.964371248147522,-4.1046148770475845,-2.224376439015528,-1.1146057569125627,-0.9731834366359533,-1.011474420783945,-3.615950200613619,-5.768680255727905,-6.566852243069501,-5.608845443244208,-5.926328705636924,-2.8857071046332354,-3.166968809970404,-5.198305013167847,-4.883904729172163,-4.276380587250548,-5.862981913565453,-7.187908349560956,-5.814274020857977,-5.359796940961986,-6.974081528215437,-8.096629507499076,-9.817822124195597,-8.292448142224563,-7.6394284032642235,-7.259986086990893,-7.560804895025027,-7.2370143454184745,-7.466707567434716,-7.201409582574448,-6.995946858466951,-6.575300459379575
-1.4679028470719568,-2.192605987177463,-2.6666097865329927,-4.292139511581095,-3.073536467393326,-2.4601882073821293,-3.2161886741450574,-5.1724438847669,-5.6521014139734955,-4.039834238205956,-4.852599366266788,-4.261229110826645,-0.0020652630103883533,-2.067453596703181,-2.1369637309091005,-3.080986358141037,-5.782892785210111,-5.189519647792515,-5.856303797664747,-5.5182795375238305,-6.929628198529602,-4.825258086873907,-8.564515432113003,-8.008075271457095,-7.836898098137896,-8.19790941559776,-7.2406883550775225,-7.417092357538626,-7.539858026931829,-7.288815657861118,-6.780268326053898,-6.56643931659062,-6.721890837607132,-7.663067874333134
-2.056291217060134,-2.679636557850762,-3.3020727639420553,-4.4022504301232095,-3.421387605689198,-3.0199708701052166,-4.240639003646644,-3.069825160413986,-3.5683680091739545,-1.693185626580096,-1.4971412317056718,-5.583198748988549,-3.1621928409788653,-5.050523638850047,-4.777719830433095,-3.6321356851150477,-5.8990405341188525,-6.270870137396523,-5.4135471900613625,-6.143720403356163,-4.828945145659939,-6.085648386166154,-8.03015267541983,-8.955508571028634,-7.158119220803346,-7.177004564026357,-7.3519843973762145,-7.174124032622541,-7.307176292700511,-7.049207258299327,-6.408038016323211,-6.562790104719965,-8.128085350782333,-9.031724626854713
-2.213551485665881,-2.336802543084124,-3.301673593390778,-4.355366786509791,-4.118889971604189,-2.909262780985987,-2.4011382195416298,-0.5057832947020738,-1.762082792516306,0.10474794397666543,-1.2793843322301166,-1.3884091800567466,-2.5731509849305483,-3.4432981641817015,-4.879787946679535,-4.049742595377066,-4.360856947908048,-6.339479486390168,-5.155130468427426,-5.983257472125357,-4.987322494110886,-6.66311220906659,-6.808328099106704,-7.7305264449691,-6.949905411776685,-7.269499556237112,-7.2300135227786155,-7.01200392561239,-6.337162812697835,-6.551464993447721,-6.892388739657411,-7.327963942446052,-9.654094900299848,-11.415292242266567
-3.330967878147359,-2.8043249195882995,-3.511801561177903,-4.37057371422327,-3.874091176375779,-2.0285399492221736,-1.8654859193032536,-1.0304749167187555,-2.662211597818829,-1.0193835485182978,-1.9437258451821315,-1.6844986638437267,-2.537457400626902,-3.5562674927436273,-4.8209588081821835,-5.364878636872926,-5.26721366001227,-6.218945601392532,-5.737953613840568,-6.065384517345343,-7.421150203707963,-7.517944925404918,-6.9804286314115815,-7.9133054497596245,-8.12326588885704,-6.311899868995767,-5.834406342652131,-6.091336901463147,-6.7211310218722975,-6.231968201322498,-6.856073501713001,-9.68497827634067,-12.173881075741589,-13.844478237204786
