script/wind50m.json
{"header": {"parameterCategory": 2, "parameterNumber": 2, "lo1": 6.000198445256149, "la1": 58.999992894266676, "dx": 0.5, "dy": 0.25, "nx": 22, "ny": 24, "refTime": "2024-03-19T21:00:00.000Z"}, "data":
[rows 0 to 23 of 24, columns 0 to 21 of 22]
-2.209144268629592,-1.1213844345480122,-1.5934705263095401,-1.5675876436657639,-1.9707766264490396,0.35900703374362325,-0.6074108183911148,-5.031656936694319,6.719328692332971,-2.371986432933247,-1.897863522551982,1.6285856909612193,-1.6258711869717593,1.274775882535793,2.145605643988403,-5.663684155041161,-4.702067053866219,-1.5198061163195937,7.570608939449046,8.030767256885767,0.3063874798148668,-1.9943417432828925
-1.9192614590985735,-1.3737155222423443,-0.9125772595236563,3.612819982806345,-0.6350769070700136,4.542132762717044,-1.0859420266687934,-0.38906695513710465,-2.9707853557855324,-2.0144379139435937,7.207087673721264,-3.914333685715263,-0.12050055622579042,-0.4861342924525989,0.4517986869063359,-4.219737200057632,3.1253653323820916,8.39172831907982,1.17839265773318,0.481407020570794,-0.12076553995537018,-3.5514291286831643
-1.866084126172778,-2.0553504627932955,-1.1481914943675402,0.08347630724843241,2.7761897387668935,-0.0889310693608424,6.99372191009371,-5.141519473769388,6.5748886365367225,6.651682475508783,-1.2038349556929597,-0.27014594768278793,6.164183211264402,-4.29869109849256,1.9208216519010062,-1.559143661711016,-0.07549805776442242,1.3319489360414059,-0.46090067542661106,-5.250845730775607,-4.240655699836093,-0.4957895462896139
-2.245443036406244,-1.4085210408327382,-1.1609803125954237,3.562818546046362,-0.8289361155894287,-1.2773037321837724,-0.3102778251081144,-4.900156265453323,-4.467829227882674,-3.181524451768264,-1.8092700766619574,6.638971294254051,-1.142872982315406,-2.7642939515705924,4.197579176873238,-1.9010189260170558,8.223970758560972,0.2849082903743936,-4.964056999236285,8.188314613313095,7.661144749165252,-1.6403516207911488
-1.375091155333542,-0.5237228480146131,-1.3070450083548817,-0.6413908661327352,-1.005820740040683,-0.932898322006444,1.3022117314335753,4.918733542353917,4.704704374728706,2.847165233179409,5.210348320981795,-1.6899242904644793,-5.757275680909516,1.657061050936459,1.5662895950955564,-2.455581032257887,7.424526714509665,-2.698908640491634,3.892177953871737,0.06689294745894649,-1.2247728628257601,-3.9105717849267663
-1.5415116452789277,-1.2832986777748672,-1.2083079290797039,-1.6651776408224563,-1.2716808246417752,-1.2022447928995057,5.606554953393817,-5.0509833924676535,-3.9802420048528773,-2.2943782456642094,-2.424872593155921,-2.207391559510038,-0.4207675900512389,7.7413255438665605,-0.004495395023010581,-2.4653718087769576,2.1209254404587874,-2.26482002104156,1.4895374885404515,-1.4985031503384105,3.3112639713403853,-2.644039994418347
-1.7414253070357022,-2.126447905292597,-0.9330801532907042,-0.9388633391640518,-1.9516052437096219,0.1046377256977765,-2.181499515693711,-0.43757198657407564,4.234974013953241,6.128175706800802,-1.4507524858757348,6.465361570116994,5.993318304825799,4.082480485386601,-0.9396956072590049,-4.65838567521079,1.1021918299763946,2.2301811344491402,0.8678647845766104,1.2911705955182862,-1.066346477408734,-1.6159397526860673
-2.118896101584425,-1.7052658655600434,-1.0708703646058897,-0.7531317998492092,-0.6295343867562405,-1.6800445523404592,0.6902300809061391,5.2081625689454665,-4.171921576789419,-1.8141521625452275,-1.0437637316355501,2.8438096415264607,6.655651238056706,0.1778044532535001,0.47935998396132784,-0.9693233633604738,-0.1312720290134095,7.86404940099678,-3.86000555763697,-0.13906766957120534,-1.7940167566788445,-1.7775469129387391
-2.4038725301359665,-0.7016601088095411,-1.2558962895292594,-0.4610286494517152,0.42330652708373673,0.12314425171082972,6.401354320981609,-4.640410669873606,4.049903446110064,-2.506005694184481,-2.116580235191885,-3.989901647599592,-4.853237671774177,-0.9284851595396867,-2.6825383085805448,-1.8008514068040715,0.637482925825654,8.330162296231551,-1.7935684598836652,-0.5968257945853893,6.500337811404698,-0.9309255242084342
-1.900137569522306,-1.4045239434528811,-1.4453095842488854,-0.7496719621128815,-1.8985055978420855,4.57753051158701,-0.6629936522354327,0.19943739425064155,-4.32383823123975,-0.06441452499708546,7.089902719592372,-0.841652288503701,-1.242894146221163,-5.545387475246866,-1.7383963911434983,-2.351622144853615,-1.5040761144867503,1.0945195464849709,7.448278241378784,-2.6163548813223154,0.7447832875439533,-3.0078769408856356
-2.4336958997866573,-1.2499490125698425,-2.460548211620483,-3.157764310004351,0.019728931878041547,-1.139677071931931,-0.7952620804634027,-5.138350136317469,4.103083549191441,-3.181365828462355,-3.298752025154475,7.515108262336661,0.22638106085143114,-3.01347080480386,-1.8865272905820516,-3.790738685106041,-3.8237446861500635,-1.5924458833179296,0.1366810990019986,7.775565966340269,-2.9749820225313752,-3.5127375535319403
-1.4917627943292493,-1.2731377696020507,-2.8986925202557363,-1.509320965553684,-1.7179072418671435,-0.34074097268435566,7.186368197133715,2.052699402740583,-4.218580016567289,-2.1307927845635217,-1.61424419741941,-4.512618289784538,7.45098294401287,1.9902507724750298,-0.9868746077582289,-5.6816137040680115,-2.965156547252899,-2.694109634286913,-3.7058667240285104,-0.949194339181807,-0.29976999120026177,-2.12734892349791
-1.068007424330662,-2.2924257199119764,-0.21385277420251705,-0.0037283240990530456,0.12908408917302183,-0.14858556880449966,-1.2706830248280099,5.832211271989744,0.9792490141236362,-3.1304000060713593,6.941213667979194,-0.8321486652898439,2.2288569803436977,7.617106195574668,-1.2733989341625909,-3.958371199025085,0.8047897481150799,3.920325129150233,-3.2754578961709298,-2.0306480635081576,-1.6664171413321802,-3.421958390715258
-1.143365790528222,-2.0069282206683488,-2.8271970664256068,3.737783664834027,2.631997283956352,1.3404538659242267,-1.279201217838445,-1.6340219190313188,-4.153118027475976,3.3058423082874633,-4.152273026138458,7.3647519443911635,-2.4517442673323733,7.734390229016986,-1.1526940343936245,-2.4867360457506744,-1.046089181734256,6.255446519054927,7.256514954443879,8.149239698000256,1.899584663482934,-3.0976599344741413
-1.4974632645420423,-3.0310065731963602,-3.2633410958367475,-1.0349605660957348,-1.5002258600505736,-3.686392108721565,6.6714305164753185,4.6424298355953635,1.0635320183449941,-2.2357009687891733,-1.38697633746709,2.3570074806841768,-0.03405909332485515,1.322655316456958,-0.4632021852693736,-3.9673384663793057,2.2682823400982954,2.5953971419390545,0.7057495982663162,-0.22892190543358876,0.0423390967013172,-2.1798727570354672
-1.7882829150831934,-1.7185517427616712,-1.6756779466360836,-0.761941456731825,0.06431069779383258,-1.0144454010286525,-0.9288523115306053,-4.780362667876629,-4.173426412847472,6.240878167770838,-2.453846388918776,-3.72886922130479,7.188128098125002,-0.7178087983953181,-0.15443413152769925,-4.983074708924082,7.620322320301804,0.9108551621162974,-0.7188303148233266,-3.0575918807038187,-1.8400161008913662,0.3512759395847865
-2.012052827173786,-1.0545638931690104,0.37715185040779386,-0.9397070597194226,-1.6712242218621005,-1.2188204524097914,4.7696595839867975,2.9302672220324104,0.6583569888157949,-1.4798995230307967,-1.8575149850810684,-0.8513351419835026,3.620708578976467,-2.689846377929638,2.2078922916925805,-3.4802267377842786,3.6980102098066485,0.32352986307073495,-3.0825904556233468,6.8245210611507305,-0.19688249387029969,-1.9623146662910667
-1.4309848816285033,-1.4671823957953076,2.1162319192209598,-0.8250706930477907,-0.6041298101560981,-0.16439158232660955,5.365115962760255,-5.151938953479786,-3.953374731144798,-2.831744498554884,6.474466615629749,7.3944187293020205,0.5258627920537752,-5.32594494985736,1.898919585719304,-0.07255924171741591,7.5236826350730155,-3.0258903291538592,7.859247028622003,0.7632115510665823,-4.772431137543343,-0.23193535898373271
-1.0774570302231317,-1.862095816783546,-0.846163948254743,-2.6358944560996345,0.2532355822690574,-0.1554351549744283,0.28291005864457763,-0.5120969176687779,1.0817081466038816,2.4097009083842686,-1.2342321000912748,-3.7442260547362247,-2.5014605424079477,0.44885821932163505,6.583403566501072,-0.1755088763564032,1.333242794379,1.7204309296960936,0.9780363985983117,-4.390072829246303,3.366674829794581,-2.868128663802033
-1.8131272456254377,-1.0171140077248677,-1.5030210650716271,-1.3126773411695565,-0.33036209861552934,-0.14239248666803975,-1.358689121539619,4.685352290955983,-4.990178194109391,-2.022706852157962,-0.23703221283534046,-1.0821852500622244,-1.5725528924424517,0.887640901269999,7.860686455304834,-0.4851627017270816,-0.6426646020867147,7.293156509969724,-2.1201476298566155,7.975712708238674,-0.2250019652427325,-2.91627282880558
-2.298854948018385,-1.6079072907799632,-1.3986064506259925,0.23680286646331014,-0.49402274000711666,-0.5888354802393981,7.0079098747759625,-4.954166978763702,3.793786801110711,6.879266138807895,6.320990838010463,6.205519129538375,7.5295960460487015,7.103548900579156,1.0674634989052327,-0.23626651532831544,-2.5685609117815758,0.0931966275694573,-0.22564153346296736,-0.821633084651429,0.1319489021819298,-1.6568069782176762
-1.9805478140890587,-2.372735547782109,-1.6625544810888286,2.679885718152058,-1.4854627718405513,-3.462033592170095,-1.2266410003669974,3.5537544666641474,-4.442450927407257,-1.4938889562023303,0.4257737194312385,4.66940104951678,3.155287061724423,8.013892229834354,0.033225765631201776,0.002699324475858533,-3.3404532545742267,0.8388432961321872,7.209864919228186,-1.5170505440039057,7.9114179759829995,-0.5089110131738495
-1.9259719856652442,-1.9162308060434894,-1.0682029827980843,-1.3192804454190226,3.4023393763561343,-1.2339164914907328,3.159316735124659,-5.123491780410431,0.8879759256573418,6.683428907408621,-2.815649493697115,-3.0711911079060643,-0.02457336989646221,3.9571930761225755,0.06617407864959438,4.26575447078005,-3.2026398609116793,-1.4033943732882477,0.9094044589388558,5.813579387223149,-1.5039963277254609,-0.7131623476777909
-2.069573121470757,-2.0278714349299816,-2.615699012120223,-0.48465718772668553,-1.0722584490661229,-1.1150448402439097,-3.7206233280001437,-0.36395490434304223,-4.15499575589792,-1.5589709023926905,-1.22436443430088,-1.8110298681080497,-1.5143214489397878,-2.773272156926577,-0.05429809919342606,9.15870413943601,-0.39975010332833766,-1.4797671936002283,-1.910025363241197,0.5462609026717471,2.9010978898754916,-1.9939821848180272
