script/wind10m.json
{"header": {"parameterCategory": 2, "parameterNumber": 3, "lo1": 3.000054539987559, "la1": 64.9999836372058, "dx": 0.5, "dy": 0.25, "nx": 34, "ny": 52, "refTime": "2025-08-09T08:00:00.000Z"}, "data":
[rows 25 to 49 of 52, columns 0 to 33 of 34]
11.838897779384729,12.625964157309992,12.444288025773197,11.740189952705945,11.963070173223606,9.407191421352959,4.7022422712781955,6.218933762601065,3.035382574074037,2.941316683106149,3.069362649752804,1.9133230856133168,2.007620695012088,7.129321081047101,7.344162365388854,6.49087241638284,7.422142986648262,2.328736582588294,1.879123717105401,1.8628221619874505,7.093521336704898,6.567114202096621,1.793806638631813,1.5575184262681716,0.9877846370926576,0.8031297056965621,0.44491377574095986,0.3476546270008658,0.2339842633874586,1.900113259148886,3.3434711811414686,2.170856984158068,2.0086062658411317,1.4172991859052273
11.76899545905812,12.122233922153214,12.225566979856051,11.537023991492243,11.227744366180406,10.658639468841768,4.255659440622595,2.7178068305519423,3.4978423869375503,2.367208449860737,2.283828738839692,2.506653999255359,7.843233673808825,7.734806622256586,7.256947479211431,6.40347063167742,6.228713246657772,2.1173752486203035,1.814397426890429,5.937784838669869,3.1418017312112605,1.9628018869140986,1.3301519873521805,1.415890924312157,1.3335885795675735,0.49780056833678776,0.432714666394252,0.49177490787617395,0.12393814759372912,2.31329827161977,2.211894916004302,1.8073036934446383,1.3074748074443714,1.6643223231563122
11.226252376091356,11.32413950835432,11.250441473744072,11.074514434800076,10.498950982226793,10.165756808259314,9.169793904655753,3.965203283035466,2.5430073850507107,2.51618314696452,2.4549188474936225,7.1849953110707325,8.579705398404672,8.105460488699523,7.0959974538030295,7.5297377822894385,6.596476223126922,2.8176853166073412,1.8674952541859444,2.2498849588752043,3.2298914990616514,1.6041877996648417,1.1962666482650635,3.0657585733386457,0.7624852595274626,0.40073989951045635,0.1429350268928605,0.035312651196317366,1.0726654535845601,3.7220087902773553,2.295526880635597,1.7118900634290841,1.3161156938479903,0.6715974340547691
11.457883178235793,11.13799443918793,10.591550802998889,10.136997401792001,9.294336518345375,9.651329384605607,8.783727233429454,9.383862103583109,5.611669009626428,3.5603409595777054,6.981055477480751,7.744958149035962,7.961175397587305,8.321957600208187,6.310183118869588,6.4703488844409245,5.427921351382259,4.33844604721927,1.752550617349325,1.3350738884502766,1.971752279628248,1.6830541761032178,1.2183971564099292,1.1085661852464326,0.8779843418969997,0.35409604759464225,0.32549963189966524,0.6215112791070962,3.1882423833587588,2.7881147324141344,2.0038871974924746,0.9466258025442226,0.27693613558308905,-0.839845885291513
11.143928781425288,11.090977181551267,10.53861352710132,9.559529068743826,9.526498904027665,9.594103092291288,9.90952166422582,8.56423669387986,8.595007030287446,7.990105229059069,7.427213035134893,7.381604449044042,7.792913686126889,7.799679982478938,7.749449764015025,4.185113828914417,4.755920853407615,4.7283880442869375,2.662239114910442,2.099059222276938,1.583489990722205,1.448100854755857,1.5334627321335699,0.9329906817386917,0.5057522643502759,0.7250449354965204,0.6780149068815625,0.6447501181679398,2.8682046159825623,2.287006092986407,1.0968952648450596,0.4505820886207369,1.4475233284598594,0.5096395780364104
10.896112646062383,10.490237564854608,10.132503936950576,9.77170226453226,9.465367304941699,9.071227449598828,9.923491835019323,9.24115668539344,9.155515851686765,8.423296517605992,8.197887117120347,7.793755119642016,7.834703262649984,7.527101092537273,3.6777644528029483,3.9175738878937065,5.270734369555484,3.9603081707910444,1.7955164364240195,1.808440781771724,1.078133915984081,0.8711541829208059,1.1803413791465975,1.4062474778377412,1.272596692645378,1.1151474422713683,1.0777364414135384,0.8524066367050853,3.5479164668445202,1.7665356484356305,0.043215229407674895,0.2748182585399262,0.7112175176574068,0.4284047435559781
10.120552305650815,9.261018779772103,9.648049301280269,9.733493451440442,9.67506475280708,9.14604552483645,9.409777731513445,9.906219320999634,9.539674816712703,8.677212837781328,8.363414333499572,7.984694771311429,6.664450643850538,5.958573276036713,4.408773044712149,2.8637570411054587,2.666313841315128,4.419778165717638,3.5954901691379106,1.2782273834491835,1.0061395512287163,1.2146423868216152,0.9489471891448142,1.2004309171736782,1.1972251386692863,0.960366230161929,1.060997187997987,1.070076933561866,0.4697849597566803,0.22474065388422765,-1.3465755731965747,-0.6872496499906755,-0.02087099726093383,-0.1440897739348614
9.762656159762866,9.374356032164817,8.748512272309219,9.248133175107666,9.293182630382686,9.079635576718474,10.242685235254898,9.936354720148687,9.474170771057164,8.913607106588332,8.88106734274166,2.849789934238025,8.061802593459802,4.400636478346454,3.3642980687919333,5.402283941479176,4.511419151008718,4.048551067617806,3.261659312553962,1.3648863724391713,0.9275914526101785,0.8981950886304019,1.1517537059964336,1.1398693884155937,0.9555395656544792,0.8500406270685108,0.718992278915145,1.143785520792346,0.2882429721729048,-1.4600917491160579,-2.6418606096738797,-1.7146436389621869,-1.146951860952784,-1.3258299726859586
9.792208433906636,9.312279404250038,8.115506547113498,7.874390770946679,7.991635614538418,8.968333952804011,9.828128380899752,9.593582048842435,9.299532020287335,9.325938974788125,8.970676307141625,6.1780277170717515,4.718189861393713,3.7309690633709254,2.846087073530315,4.278821338716758,4.084883328233768,3.5612205661601672,3.1450681263703557,2.675769988070238,0.7827849752692542,1.0665294128080396,1.2934007963437981,1.058371697742505,1.0207716561770095,0.690481112508947,0.6652219546854166,1.2381263130551154,-1.3449061639652564,-3.6737805140174937,-3.4307710887816154,-1.4500549159588072,-1.6446595740272687,-2.1218357254106146
9.380758571436566,8.364220879284126,7.564757363341547,8.222244049002343,9.398708197475536,8.864004212069982,9.351472441636082,9.49519961051169,9.541352319819177,8.947938240933885,8.670817464854268,4.471380575095984,3.6955850310083203,3.787786037131297,3.076147931272009,2.1344832737052037,3.0206479519466485,3.553630369698262,2.6989803944428647,2.7700266813595373,0.8623587309568443,0.8937066038122571,0.8916257747900734,0.7336128485698002,0.8588118641213262,0.9160468616576674,0.6031559607041486,-0.7165828314666807,-2.8348418916051026,-3.5200378034618742,-3.03067232202555,-2.6069667997906443,-2.39643795859174,-1.7962119597853992
8.847108118887348,6.968700305436188,7.446987360612505,7.040244127035262,8.885955879848506,9.82589061917086,9.935523365731774,9.811163935523139,9.351861917519905,9.010680147784765,8.21213964614327,3.6339120593423755,4.1692808527345795,3.4365827727412914,2.8592722912663233,2.703795279264364,4.12835992960523,2.9711690035311644,2.6301934716317756,1.7890754291664175,1.2257434830819016,0.6704143614440946,0.4477698694746309,-0.1006470740385623,0.5057781990663203,1.0706956025194938,1.3775247248538485,1.9057864630002828,-1.8027415055892473,-2.612401907483242,-3.083792953742604,-2.976899785515949,-2.55316369539109,-2.562371882446044
7.040639449873379,6.419849194653262,6.218756400495624,9.242620929594466,8.80404164129226,10.064791104001356,10.546916113198797,9.900430362692147,9.09013043366393,8.640051821143494,8.048271753649987,4.130447774112035,3.1199635023532144,2.7166207995608325,2.8201133051481317,4.556692608566638,3.6253459652277407,2.1975366468204154,2.023782797853813,1.2457284350805602,1.1370722626689518,0.7637537407023439,0.7577146969884485,1.8662292258490842,0.8469809983483988,0.5383745715679107,0.22820945106761756,0.06059634355339078,-0.5412012568008407,-2.0177238359677006,-2.6102117818701753,-3.270366492932339,-2.324881913667605,0.48545966072633473
6.3144034572219585,5.354419651572482,7.746890888485649,8.013247108933108,10.09940127006855,10.665403680088977,10.460932255392954,9.727693249199698,8.843794363306444,8.3068427992107,7.482989471010748,3.609781258498646,3.2796855237430074,2.282556053477737,3.6114148779894966,4.444493464252133,3.3761279354229674,1.9305038214772205,0.9203099825659349,0.7425417275684103,0.9619406682808224,1.2279178632329373,0.8772282094174354,0.959536035472641,-0.8129675832908457,0.08598703220702987,0.3420011901186181,-0.002175805323558676,-1.4111732533652326,-1.6520939671248211,-1.3697712093966776,-1.3485034386940769,-1.2096700816921764,1.3727173023133263
5.89640344379852,5.844971053883775,8.073703136460908,7.873616155741838,9.501535472090488,10.432715351604145,10.198859679617422,9.492949641728632,8.109941249159633,8.033268619990903,6.4926781690337005,3.777216251316834,3.2541943258242463,2.7146746480486996,2.721755572762642,2.773353104988055,3.357735946032321,1.3149405427818215,0.9852353238518222,-0.17464102088347006,0.7974762210989488,0.2741413678378353,0.8889762080647758,1.7496420878510661,-0.7504159714426191,0.1617673053343796,1.1454932849410353,0.3742314030261579,-1.7710757641179653,-2.457268127309671,-1.0531779417045357,-0.03203296496229324,1.3781464522913551,2.063956810943064
5.5939822208651,4.5408977845120155,7.673830453946231,8.607154700930982,9.771536469470936,9.995019539427254,9.775151372055845,8.923789766630057,7.499042461357357,7.269748457197557,6.161029898210969,4.297565428543257,2.967623464726008,2.970009246537409,2.9699256672192234,2.4463484360926566,2.9183187946450557,1.5427801725510835,0.69416749139238,2.5070940046895225,0.2027777528163595,-0.3051730484584887,-0.5578777093178521,-1.001957986779102,-2.4293953442729084,-0.6043320595364452,-0.30627184822335324,0.6098976171446796,0.475765839606802,-0.4480145147439326,0.5006299289709107,0.6253179883280682,1.148604074422451,2.0524620812692835
5.024888059675322,4.128223350903366,7.124845509079031,8.560320142574358,10.306751299684509,10.402647845153876,9.777075856766958,8.659736011175836,7.630608678035593,7.1169924202877315,5.739382209272066,4.416084348469133,2.9131957776926285,2.9995844778291088,2.806244307613229,2.319164958530059,2.9579100601202253,0.09994452494955408,0.8538231762030387,0.7117333592859605,1.5602482611287736,0.01063443455446538,-0.9525451589973737,-1.74681162533314,0.5903720214772521,0.5588922145106775,-0.585637165959285,0.016655252337946163,0.48989007554719877,2.1120081797363395,1.9057607364813614,1.1325296763122876,1.1771239773021607,1.796033605428846
3.761894797509631,5.262987612146133,6.511901054737377,8.873870532632537,10.280583251793171,10.342119981066153,9.323530382739762,8.677062972654694,7.838352221108051,6.697016760902949,6.19424145289022,4.299162681429399,2.2585727098053736,2.9503355674848044,3.3982739492916068,1.9207405598842908,1.1400539716798002,0.2368285341854603,0.9704055421199811,1.1503039726170436,0.7825643549890976,0.40204813084337576,-1.2160746685898103,-1.5818759796665611,-1.6149571504486229,-0.8643071554104396,-1.1376993560990138,-0.3355513958094497,2.201381559841306,1.380992084681569,0.884693499725122,0.9758795417425401,1.3583578816447373,2.965531184610501
3.8240175956632325,5.345797516255554,5.537824782087429,8.847802095799606,9.690365233039314,10.171012940377796,8.540533667876264,7.859490232608031,6.740929576920776,5.359382975583451,5.524606776418203,5.125486694549356,3.001548615233486,2.403948003942026,1.8919032665395938,1.631078704359601,-0.8246513328586281,-1.248863379650883,-0.24233324624824149,0.05372400301831904,0.2549122287138221,-0.352853771222894,-1.348530854359242,-1.4794074482815411,-1.6684392619294381,-1.463290848729126,-0.6276790397408458,0.4299783617097531,0.40746173634707367,1.1767483072578668,0.6484336907134051,0.3135783426787887,1.7972327974537583,2.912578410313315
4.069704365828076,4.522974378151094,4.00986956667369,8.488337226450398,9.541383937743388,9.466163449056621,7.987421149240623,6.946889358262136,5.7277713591812445,5.111074561806795,4.900235755467475,4.468929963808434,2.3856458652527937,1.4587553467119116,1.6486599724058566,1.356769271345745,1.5328730205088024,0.7240040540255849,0.47348287396318745,0.23214062408885716,0.012235984124902488,0.5623034253387822,-0.6610778015262756,-1.4035597068926156,-1.6978565580182843,-1.4369077180444865,-1.2420349592716087,-0.027486675790244136,-0.06640862396484026,0.2772104815775127,0.24824719868979372,-0.1599355507382871,0.5716197325451332,1.163135324319773
4.064704867137129,3.050360902431846,2.9775010028849493,8.690576038588294,9.685696537481768,8.24334948561121,6.903810636100802,5.6963677531452745,5.459066826218052,5.12183282547458,4.4847267271978195,3.464809882518524,2.3300872223274482,2.1299288333109474,1.56233240737347,1.5017936979306645,-0.39273716926944624,0.2327987664656509,0.7161981370004223,1.2299301158480984,0.3529890890923313,-0.705044772071035,-1.0237814568863786,-1.9012209671287745,-0.6841515083133475,-0.4909237453817306,0.13108263157958133,-0.21652026967069724,-0.34155852288623983,0.042897880175858286,0.3477280498814509,0.2856997032272458,0.3677793464940726,0.6209387942303992
2.8289756730357016,1.9699357781261817,4.9227799956526725,8.654681176613822,8.516891532705905,6.179279592327913,5.595475939783732,4.18788315488481,3.4635154584294745,3.5773223507484375,3.5276897199490795,3.297299249577261,1.9687390881456555,1.5269856449223036,1.300567187650417,1.4257381399609625,2.0344142324094494,1.541146690273135,0.5136168068218583,0.738707213077255,-0.01577842039346968,0.0513724355458346,-1.0805895345450378,-1.6010386301041337,-0.32877274306206045,-0.44245432770750304,-0.8315220379737712,-0.6964293296887204,-0.15475628889090828,-0.09914468472244813,0.10008336577690816,0.4540903303276956,0.7607097019698539,0.7626815773888261
1.7753531637912878,0.8619200816859357,6.650801986461083,8.198837459894532,6.537882094945681,4.138039257995387,3.621638678086775,3.242313944851795,3.3225662719088165,2.281335158859335,2.58259282294919,2.4061653791033075,1.4658412850369333,0.6167336851367996,1.2482676660676293,1.9512311130588458,1.5690195992452896,0.767864771748306,0.5497121496463078,0.9584008762050495,1.4630198998472494,0.4942025254176872,-0.8157227523587365,-0.6204107100212997,-1.0511398458534444,-0.877643171727484,-0.5758993828792841,-0.5089569999117098,-0.7839338572752647,-0.42665873894977874,-0.019723757002380615,0.5972121605660665,1.0910634231205536,1.4300304607897514
1.249784763877912,-0.39015918691313617,7.183114836571598,7.4708442897157665,4.817972998760116,2.7785969285875676,1.819155495327882,1.5446972765621965,2.800278631281494,2.4050960900450287,1.952949168304321,2.250539938709316,1.5446290196296588,1.3427841372151037,1.520245052943475,0.8843123225372788,0.7412235776311001,0.4730020310406905,0.7489505527930809,0.3426872098201869,0.2515474218305481,-0.3056900008779812,-0.9743889952882432,-0.5244510768272503,-1.290431695361896,-0.7024129942882879,-0.7611901366123158,-0.9273940743112924,-0.5619471006761887,-0.16807197528645398,0.3881051529724955,1.726133776991898,1.3085507170501647,1.2222585949450266
0.8371795296342078,3.6428306618506086,6.888256630097616,6.630259271043386,4.169021018527773,2.1020020245402766,1.796149294926017,1.7105729257777016,2.29118766091991,2.5069487259586167,2.387139182957516,1.5330006232419144,1.853500877835598,1.8713782312775706,0.9445289813871844,1.1218820241710576,1.1515210633409063,1.0265013475937819,0.11550167438295775,-0.36411482085862285,-1.1994896339965047,-0.32977006619788524,-1.1108231763189624,-0.6805919494621897,-1.2523883433255587,-0.7982600608457383,-0.3862850075212433,-0.5517768368540628,-0.5847497091006854,-0.06248230146909707,0.8522376864170257,0.9692076636723099,1.7167867262041463,1.3974874795617185
1.3087713044097737,4.99543154981542,6.651677407202995,6.342005560595037,2.3251024978985884,2.820596334165013,1.5892510389142276,1.3543365939371022,2.0469343924871524,1.8347184022561769,1.3689238447906846,1.3490781103486373,0.8525473895245769,0.7031793378275348,1.2683060350919997,1.015214661534896,0.4784949705743116,0.2980603490739057,0.4277960823639684,-0.3806680166618147,-1.0876725525727926,-0.6744406449162683,-0.7257721684452789,-0.37076410301240004,-0.8771271996766373,-0.8471440568823838,-0.46753948957120134,-0.7415243025779702,-0.1744678265845051,1.329351419105684,1.3176515361352628,1.3076812737281693,1.1435887588319438,1.443854246000647
