script/wind350m.json
{"header": {"parameterCategory": 2, "parameterNumber": 3, "lo1": 3.000054539987559, "la1": 64.9999836372058, "dx": 0.5, "dy": 0.25, "nx": 34, "ny": 52, "refTime": "2026-02-28T11:00:00.000Z"}, "data":
[rows 0 to 24 of 52, columns 0 to 33 of 34]
7.487808756850918,6.994895015016077,6.486075664239676,6.343107784922169,6.042850680565299,5.185095007554561,4.238928551253899,3.202017089669735,3.1546735367094914,3.193054917672073,3.3121034787658434,3.247515500004145,2.6965727389111303,3.6231485323371238,3.497551084537345,3.407112118540421,3.937015184744812,4.207959808895991,4.547075534264381,6.012985224937305,4.632554656794486,6.768770553880959,7.7709075576766296,7.684243199840276,5.994690184181456,2.9454681587368388,3.170035535324978,4.377323759821499,5.8097565658534265,5.269160753380087,4.007313079765647,4.1969756517514485,2.2075394183736163,0.6294126952304272
6.427671649184172,6.617637551106628,6.364979365014841,6.156038008438404,5.6292429545487925,4.9264501685439095,4.684707898956753,3.5216288688896307,2.9034687000333985,3.173300686972898,3.322620472104378,3.2205227427348886,3.218333553443843,3.3595768643684325,4.164652080207671,3.710970113662491,6.773004903434636,6.660748665280057,4.934408072224578,2.2618882735763997,7.105401348032372,8.158132931580619,6.50762551691636,4.861583832130965,3.1167499595891424,2.6980544232192445,3.842764499227625,3.849131396767814,4.724934989604115,4.313523062483559,3.996766673524965,2.9380113954110807,1.5152746391651186,-1.3850274545921792
6.072277787607544,6.352242149450472,6.364692220388296,6.629510940459449,6.141877006420351,4.50189974176644,4.032914143807381,3.298696616075789,2.526696461362872,2.547213924392502,3.1109977445573906,2.9154160034406384,2.4214054136026473,2.7935075697141345,4.070577522327051,6.531862741164773,5.5127118692766075,6.274566826713419,4.98574876606244,3.8379606556100314,8.386764287220135,6.2713526010292515,4.69166623363271,3.0379990612662024,2.0681567641744754,3.0195971721310584,3.7763533160044656,4.3275041107496595,4.08992967353845,3.9583191954289285,1.749563591877569,1.9607846786664476,-0.2004725377519228,-2.0756178351966375
5.052624251327342,5.618069586778194,6.632951533986432,6.3531576440386335,6.244823762675988,5.517265432020825,4.696992158080802,3.8622618301822618,3.153113686461583,2.941241206231385,3.05616281960178,3.4326640434432654,3.400750274584846,3.248112459255859,5.289044790068531,4.625886490694478,3.8408899689386264,3.2577084622193486,7.176878863150479,5.032419768629709,6.770489885297913,4.839822065401322,1.8247459464785907,1.7528665002694381,2.9692635511918013,2.8664515029186215,1.4685068925254359,4.467027599234602,3.446252327506221,4.08555437097755,1.560837651750243,-1.078033938159782,-1.397551683907067,-2.430444458550798
4.4085180903350345,5.159122167459791,5.981856870357016,6.108888847469254,5.081530960517574,5.162275409214907,5.168082589415844,4.053675156799425,3.2588668567275625,2.443884647130122,2.7702991968101642,3.6050506434213023,3.316380003246869,5.128794757761402,6.744996132266617,4.116016864302034,5.203646210584287,5.6685067931958795,5.613574741245257,2.8280538746373605,4.779538584189027,1.7175940044802174,1.4701432776886478,2.437435040069551,1.4932225414059894,3.7688891366032293,3.3156887347223076,3.875162124449257,1.167331716449935,0.8253724286137604,-0.14782290371619666,-2.218384619203799,-2.598654497190624,-4.363684431546228
3.989492307922934,4.099139873812683,5.234748249156338,5.356265482868457,5.260968388093164,4.759984859487947,4.511764449491779,3.8791185896445457,3.166657644526114,3.828480148584162,3.866082660056672,7.37396061037263,5.723889032480696,6.065648001440353,5.497999237064057,4.390718778452665,6.874281009101378,6.120067342124054,3.5984315089975514,2.6225593575590627,1.6021068470185762,1.0196988533963771,1.6446050415058222,2.4675653790375294,3.120126922651755,2.7866913515117466,2.6530615489689042,1.6282021487989005,1.1958446869248816,-0.5886091026589801,-1.7139211272433335,-1.8149489681768798,-3.4738971889720265,-4.897124476589086
4.176048125009856,3.9142574265620422,5.091190026288177,5.397217489702697,5.270474808540079,5.312758005863489,4.650728899392229,4.592812682421412,5.442541283137136,4.4941389559475295,8.279603644482016,5.907530024784385,5.735652889621684,4.678122729240745,3.333434336494687,4.7420763965815524,4.122206163889811,3.297307359102903,1.7869202687217747,1.8485683030033924,1.8058884873141356,0.8117950731850219,0.4642326522947344,2.7703131934946748,1.6082773279581868,2.697430329853768,0.3693249751382121,1.8953630576195573,0.7583014315160088,-2.198665975822591,-3.772773487042245,-4.547870916476278,-4.151968733429561,-2.5812007981891547
4.663767662296858,3.9462093799851576,4.789334846161277,5.69730670479685,5.443345899168318,4.831017286582456,4.922363188080236,6.853028318976593,7.585702560169281,6.839395801027504,7.1446360298126645,5.626343004276302,5.451180952742083,4.819452568640425,5.0767947349520455,5.186328707471012,2.6035491462111433,1.6646956360616751,0.7424500165583823,1.926233022905587,-0.7631009984977754,-0.05453231948553177,-0.17954784277778135,2.1824452442554105,3.1522556155802572,1.3468273569863916,0.5570315871616263,-2.1137906515491323,-1.000761574405012,-4.036083223918055,-4.7032413308539915,-4.48892652596092,-5.422962928316068,-5.890956963556018
5.041757362496305,4.142892030299918,4.95869614127605,4.956482937582591,4.7642286955022195,4.736190599049287,6.585310916755827,7.37186452219901,7.350503799936644,7.050015817128513,4.778866567405011,3.048388499624234,3.477564018696659,2.322981835855263,2.6863425836128725,0.6391082098071366,1.1812100658053164,-0.8253027532795542,1.4593018175405041,-2.033167055895225,-2.3514575025368867,-1.4495461268178782,-1.022945520779916,1.8704526209869365,3.315763402301477,0.9994935904918001,-1.2987282623576655,0.149946156930424,-2.8021570124697677,-4.289780775213199,-6.263816775793273,-4.3053781900573,-5.408563207969288,-5.939119363913129
5.361059760308387,4.596183542804555,4.859767375496721,4.596172551238981,5.651976781263761,7.4441815363124215,7.7437388076952836,7.031087186462993,5.407334750955503,3.9458836582100623,2.450093549689408,3.067437327291944,0.291701398439287,2.0957277126851954,1.6647513901960669,-1.2392136361976933,-0.9114391014611036,-1.8094077326462459,-1.4721932425825393,0.06774718290805924,-2.004579050460376,-0.9974543482561954,0.566646085461257,1.1532108977134334,-0.27887152610677146,0.37480451747890475,-1.4422415921465987,-4.478946842700566,-5.1870796204861245,-5.910522249216118,-5.002383966690928,-6.458994781937506,-4.120250501481047,-6.991161535049838
4.802877762338079,4.6251765684317006,5.217130587833991,6.395141421682323,7.967365864383439,7.363365532429145,5.077390773631551,4.18027944823753,5.026675333105451,5.712562875872017,2.0513968343021194,2.7523550241527137,2.900875846732693,0.1788090760097325,-1.5276886064616426,-1.1012166200908853,0.11725988401708937,-0.31966781494118657,-2.1215874087558744,-0.5116224502761941,-0.07597727183909896,1.0460727743500602,0.20065606873392697,1.1772607823621524,-0.770826821534573,-0.1650331538450455,-0.14295259292869503,-4.991301604668937,-5.818250365561736,-5.760748790292954,-5.820934283709777,-6.539706338670718,-4.554881236988847,-7.3810350287109845
4.189642819205956,4.643537228302189,4.6524924677911494,7.699311461982101,6.974507457834102,6.160289967736402,4.716115780909568,4.221235520524186,4.385966873098528,4.356125966218268,2.97069501095841,0.9111836043664887,0.08016535402206604,-0.2932399185107179,-3.5485376717375234,0.21801251614963862,-0.6055166965874683,-3.2677081741321694,-1.6117988866070734,-0.9744017682846068,0.4443877737657909,0.4152524354216004,0.7333363312991175,2.1097187443143612,-1.1047896833841755,-2.13142035682537,-2.6124876726054533,-4.757010256440327,-6.00003571487933,-6.908569560625332,-6.069384608714021,-6.326394108465212,-5.762454334093542,-7.705073770903001
4.1566307540030465,4.720647449482245,6.474418133031983,9.125667002935636,6.812980990085617,7.096196957766462,4.21906730236999,2.5835433352850243,4.017966713799069,1.6580739577433667,0.8680737998953247,0.8432974965743908,-0.6668130678716885,-0.9907639074187258,-2.7111583408676942,-2.6252215967577333,-2.9522581180498695,-0.8117560556316213,-1.2622213163998948,-0.28297729886044753,0.5202077566496253,2.7496833952998907,1.923282792508555,-0.06661980829205577,-3.3032458595543193,-2.702251643193026,-3.4374443336434153,-4.8993673614610005,-5.223235682387053,-6.71996390598497,-6.684675825791638,-6.173406621278973,-6.496775449195714,-7.166959460636444
4.355886664839484,5.049133581653709,4.5307844499605565,7.490375919309874,5.813775376425369,6.097614427493917,3.296765551195964,2.6926357890313644,0.66573871077247,1.7905451343675252,0.9017571085668952,1.4470448197886454,0.8409892765655835,-0.6810240449789318,-2.5863416915089537,1.19536868470385,-2.680028853365329,-2.4750461440757,0.18287384213082902,0.19030638849912077,0.23220379813729805,1.5589772461726183,1.4705509235747558,-0.7850975764596939,-2.6089613574599926,-2.182206984990362,-4.722765299461372,-4.5158026583299025,-6.306738695154478,-6.705167139394364,-7.536926473131754,-6.281223786121601,-8.075378101800927,-8.689933166688698
3.1999540519318392,4.10159499679609,2.839732743619596,7.315264285399603,5.538404414541544,2.901132108242837,1.275225581004257,-0.681374863123376,0.06906145140096127,0.15099691097339502,-0.9108235869554355,-0.6653361140163767,0.5350831505903656,-0.13783596567641515,-3.216411441395332,-0.8552617320850704,-0.6019027002576757,-2.250172327868173,-0.949473611545862,-0.06200557615864683,-1.317648882123695,-0.07901637673793088,0.9939871570004148,-0.15399630717647836,-0.8724944079551284,-2.9618796113467183,-3.7678123069010483,-4.344005254457909,-7.019777014950398,-7.21960378574928,-7.421581437656217,-7.728925797926306,-8.798506527590604,-8.665270719321116
2.3874809545967657,2.97669800849108,3.6285390411120373,7.358784475022262,5.1485213778473655,2.3336964458527545,0.38919355126768473,0.6961056243230309,0.19921178593484876,0.0711132974729109,-1.3647406947676717,-2.396325640185291,0.675511526121056,-1.4724328884529434,-0.8083857414633959,-0.9597544596461537,0.09581990282534815,-2.1227141639687233,-1.5952325491604646,-0.7175295472451245,0.8604446480386475,-0.9113564230692341,-1.2992189139789052,0.6197881607139456,-1.3135669637518852,-3.1045642337819097,-3.299975401730194,-4.636028881941039,-6.906784895450289,-5.833943419928309,-6.825264463341781,-8.695933659086807,-8.850417171864017,-5.892812038759494
2.2761774397111405,2.5865975033675928,5.581126992690096,6.435869366590902,4.425820257666378,0.7840145778396846,-1.4423401328192151,-0.909230279931036,-1.3013432365214508,-0.46655484528558044,-2.1212756494843457,-0.3105086732988647,-2.0483437284236343,-0.5863927925286115,-1.6821491627070453,-0.8393707103981866,-1.8933183335518158,-2.956866989344283,-2.3868627998707286,-1.4005472306775304,0.2865510394937955,0.645818046971649,0.35244999865447907,-0.42834540256140435,-0.5210612149327637,-3.2619656643856003,-2.953808718089721,-3.7116231333121297,-5.005730161414803,-4.863241396255966,-6.208443830321875,-7.159045259340817,-7.237616178292608,-3.135404998078131
2.0619275609566947,1.3935462584577825,5.806128020391822,4.615812637186307,2.322492521983776,-0.39564609400115436,-1.505619580872702,-1.3529504754664625,-1.7196852750517402,-2.0118612079414544,-0.2429357292983412,-1.2239039621950965,-3.606306788118501,-3.4131632657266398,-1.7151259869430244,-0.4440384498558049,0.6004767691757904,-1.9346807841263223,-1.1103728563814201,-0.3507960691643426,0.9455350093183668,-1.3501939184886507,-0.34782987179059366,2.7484571300562166,0.6741135682981677,-1.2729821662267393,-2.7758964286503205,-3.9086238446998394,-5.212532973803989,-4.861127062312432,-4.728148172648731,-5.510525573038559,-5.586758443571213,0.2279286822125383
1.7830617317026265,2.396508472967832,4.233330904746041,2.0622047918897444,-0.9337224661601773,-1.9872821924322719,-3.5917515094477808,-2.7316885333728327,-0.528202034111534,-2.380041605335241,-1.7799581235911661,-0.3756652428734481,-1.842907653086592,-2.667062444813809,-4.870869051213982,-2.433120895445346,-2.9523548550016048,-2.291696840044616,-0.8196839244311339,-0.36477507574237755,-0.17065478329388745,1.5231696632010379,-0.9221925635204916,-0.49249424379605067,0.4686890086616323,-0.602339773201534,-1.3812119029438166,-3.77474522930866,-3.8962933031083447,-3.971635462955933,-2.495455305064589,-3.0081938382564637,-1.5319310568213962,-1.082384206426908
1.2241261112474073,1.8898473690779165,1.6340796203536616,-0.49421702639225223,-2.8504142315855714,-3.4699955513197906,-4.052224906257784,-0.4894269644215383,-1.1573432414561131,-1.579099415251221,-1.5717946121199358,-1.5825406404796507,-2.8017516471103487,-1.4635811551125817,-4.704955606032327,-4.65239695029312,-5.076544556240949,-3.957665734050723,-1.9053655807734193,-1.998987842681274,-1.4861058770186606,-0.9534800031625045,2.406912991581447,0.24905899383636265,-2.1272817452803565,-1.633456310853957,-1.2982505398882693,-2.3867593159572533,-3.085226190516785,-2.7104061573039315,-1.8722244258523673,-1.7617509390021167,-2.291384321784791,-0.6626289995007179
0.6590550945112109,-0.061950350775676344,-0.8548901978957208,-1.7338004706950005,-4.616575180729392,-4.103511301219537,-1.9782899032149983,-3.3534824185383547,0.8431262072712259,-1.0945880230316851,-0.835146273288283,0.31333236889301497,-3.469504033849475,-2.200400017698239,-4.803357254498266,-3.5363997448096542,-6.228467474773197,-3.162869489121898,-2.920912737820779,-2.5283176907226323,-2.501003679339548,-1.997265603322764,-0.0507343863020376,-0.8683550105087607,-0.33151603843870175,-0.33531092789057615,-2.726254846900151,-1.5439440275467378,-1.21761343689334,-2.1197400668356683,-0.6235332280668826,-0.7154767114817152,-0.2990128482031404,-0.8127453490812002
-0.9007593895301843,-2.0301261625989673,-2.370841364996829,-2.5357682129740797,-5.896948218073229,-6.1403355491210165,-2.322462191178907,0.3883185139696247,2.4896598654557174,0.29468404865227327,-2.285975763891312,0.5104751567729983,-4.863082149679669,-4.7006215964007545,-1.9309957914460238,-3.909708701509213,-4.892972151165898,-3.4873139450770667,-2.6382981966174315,-2.41752487513953,-2.500543633878936,-1.1440540523246645,-0.1488664356572256,-1.1344456886827157,-0.8950613251774847,-2.2496456278232984,-2.1931978368810343,-1.4456286597930805,-0.6522593773876503,-0.15681562320322404,-0.14532078922942004,-0.23654150805363455,-0.03972815995805613,-0.03925432791017242
-1.7819501897115042,-2.9038903582291318,-3.6861829191598114,-3.6197339090076417,-6.828193330635384,-5.787097323407385,-1.1022576722599318,-0.056787188142521934,3.920069519049222,4.492791316883552,-1.3990736078646147,0.32024801811301506,-4.64305371402855,-4.918371628912967,-4.599363911451983,-6.457665625004547,-4.976858743149408,-3.7043529810887468,-3.6862988527101903,-2.818335476796535,-2.8232382167998162,-2.394824563633165,-1.819266789414886,-0.890011201191493,-1.2886364806969832,-1.820802003449613,-1.2547831948494246,-0.9157251436690126,-0.3394094688539424,-0.18495512984651885,-0.06647802306961828,-0.24026672215700642,-0.12435665801145995,0.22564435197384408
-3.264968656696975,-4.275453813557994,-4.2590436821559505,-5.760891152855133,-7.532130431324996,-6.603646726926771,-3.9308951212332865,3.533995013112612,3.2496668705204557,1.3730537670473344,-2.8554447880170652,-1.9257595895936208,-5.480717555083793,-4.957609983107672,-8.561403794552158,-8.132819701115821,-6.909057105749388,-3.427112806836431,-1.8247260606776656,-2.1783791684248794,-2.639892562675735,-2.431998969281399,-2.2414214646431883,-1.2125258406257906,-2.060297494916054,-0.8007654828042478,-0.3503172629998924,0.3469367257794835,-0.21244844564382484,-0.06211553728058813,-0.15503225642006482,-0.44061160963397084,-0.5586868044265066,-0.23095200742891653
-4.715249882417981,-4.631055808383935,-4.912961793134267,-6.639670758516933,-8.34166092632536,-6.808855264560305,-3.1102504942359035,0.8684811096699525,2.873589052971671,-1.5345491804272073,-0.6094699713006569,-3.466167973826607,-4.078770414741143,-7.6224379943204585,-9.790101390232422,-6.663437375191711,-2.643679628873077,0.24722355956245085,0.42616890233693644,-2.3410151839699607,-2.967089379182011,-2.4321026132865398,-0.5308170476265166,0.779550316913537,0.19079257470419705,0.6219417797081109,-0.0811524472228377,0.11536590400997503,0.1783350453096951,-0.4020556861005281,-0.749878532493355,-0.8012907229037861,-0.7401522962466984,-0.7930460222766612
