script/wind250m.json
{"header": {"parameterCategory": 2, "parameterNumber": 3, "lo1": 3.000054539987559, "la1": 64.9999836372058, "dx": 0.5, "dy": 0.25, "nx": 34, "ny": 52, "refTime": "2025-12-17T07:00:00.000Z"}, "data":
[rows 0 to 24 of 52, columns 0 to 33 of 34]
15.181394933087468,15.488699039680013,15.125249708751356,15.092817090867023,14.036427544107802,12.552708971358813,11.659724183660021,10.895001010015662,9.4410878265407,9.949188258308649,9.536589665039466,8.71882425051871,8.10581489871854,7.950892780276473,8.283982061167535,9.048759790343553,9.678349001891664,8.485684791548348,8.997147701573589,7.946392060573836,5.804737527752647,4.468616837276106,2.2736493605491326,3.6351539487589313,1.6876273342565586,1.862819871048024,2.2393148100376465,2.043981579455775,0.7827695111695466,0.3780315248222755,0.26270349716543306,-0.09881077977239561,-0.9165297232861819,-0.5091407088446517
17.70034560900238,16.060894678086242,15.555282431821759,15.212607711206536,15.15471475234414,14.4739754469736,13.308627947337143,12.31632985199165,9.260895673972747,9.690901252635655,9.792877741907379,9.190606853134355,8.656618588103543,6.958769147771212,10.09698918806001,7.669463540085233,9.614650867914065,7.733287406127335,7.195376347984002,7.13609494339318,3.711753051270552,2.3949720433998385,3.883856229047199,2.186420548045018,1.4180669065293585,1.1411569925869463,1.0967386174426148,1.8786745020882976,2.1950639634137974,1.9437890530037336,0.8782346874215303,-0.020998103837273255,-0.6999897129714874,-0.7439683615368395
17.75618866287759,17.25405906300939,15.713540168303565,16.96150402252125,15.95810455071566,14.49889427443119,13.447098834411953,12.59905736637958,10.2980173674417,9.090900861052248,7.661670789860386,11.26925696405308,8.217579775391014,9.549505381057655,10.777331803933691,6.549640945730205,8.442837726690055,8.782167645427505,4.804267831211908,6.0374243154498375,4.229534968593014,3.3022057680609382,1.2708628066001815,1.7593029856365536,2.210020210619524,0.43907307631504716,1.3390067458685018,1.043315648907077,0.46600743856366406,0.6397408439194647,0.720033222185226,0.29768516466593903,-0.5034134001245387,0.5447397067537839
16.021383339140268,17.83741102575008,18.16586618571924,18.05683928825947,16.135460202119763,14.60797347252276,14.499137711769398,12.182166197208202,10.923254574654853,12.730402968294275,10.143993478748941,7.66393733639701,8.986560189480535,8.457167337589892,9.422378955506016,8.297838651976342,7.216762690613212,5.928008020494994,5.158796537734069,2.394156069079248,2.8647912551671206,2.1782798297972756,1.913738431573282,0.985899869573649,2.3355294048732316,0.27849724729787084,-1.2420065041994184,-0.8246891457913431,-0.83423167883029,-0.27327722362437784,1.644086602200395,1.0627794531768353,0.6459004064733752,0.9401209026863937
15.563813309000118,17.967805977505865,18.192719115291865,16.705520708408923,16.206415696716647,14.715753094726027,13.911128514254116,12.18744884207909,15.45691502381571,9.177242911409087,9.525508742225199,10.85116095523962,10.434278154785467,8.638178802747795,8.094612815596102,5.761651860172028,5.743964445776157,4.29399842218671,2.869669221807098,1.5397132650475502,1.6461438270543678,0.07896420173604195,1.225630277196194,-0.9728312529115956,-2.6215548815530796,-2.5543780904085054,-2.6538201833038637,-2.7532708347307477,-0.3672609869232588,1.0132843202450401,1.7689776150054453,1.3487368038682865,2.037778445367832,3.5139396854047593
15.788854735716578,17.446958970433503,16.35513418030804,15.87388674477818,15.786250958591681,15.003155309563171,14.169908378278521,11.343971798589388,10.517914829389108,11.390397026543372,11.57058849971665,9.814875840946204,9.14771535044562,7.975330298891546,6.470056475947116,4.564890325574906,3.3563754326732087,2.0680928272222063,0.007221955334427736,1.3944513806712313,2.267020979993617,-0.4523888067280065,-2.1598490754994515,-2.539731096199193,-2.8827324338745424,-3.409201859413488,-3.7472802058119785,-2.823658068833495,-1.7405201971574995,-0.7180621629702695,-0.1274811924764495,0.7769091029326901,2.4780420409508124,3.315521511183775
14.226711625227466,15.428082057160044,16.603346522061532,15.677009123973576,15.296507564342308,15.003914801060334,14.314438217206805,15.742181964958126,14.04524427406192,11.897315143085343,10.619541469698198,9.821743267674451,7.393135432756034,6.9621225426941,4.062945700036346,2.1388897169718635,2.277583842420895,1.0868104582119569,-2.1933579587743184,-1.4468601355443809,-0.1335148034989877,-1.639402487082656,-2.9610593095779585,-3.5715196609088444,-4.9012745309983625,-4.086880945606459,-3.910771780540337,-3.3980241030629457,-1.2692752952874389,1.2784430415455792,1.0323496044385567,2.4215317240114067,2.6198943742119254,3.17567367940559
13.340315028513196,13.089546293708251,16.00742940010481,15.566814500026586,15.77963208131169,14.916981590808474,14.272765329969655,15.115487108842766,13.259346859016095,10.86886331651599,10.463411250745471,8.13197696563661,7.558886946914974,5.759249696728249,1.0902531959695596,1.8626258648431229,1.0671517676129598,-0.7875160929528936,-2.5860059223228813,0.3062589178815158,-1.5575848502898841,-2.9459575315241033,-2.665094065518222,-4.858104403056425,-2.8739502455378756,-3.611792591093814,-3.4422874706353963,-1.5781412003812803,-0.3330580746293313,-0.2573409144694543,2.5361243107256213,0.935026721285529,2.1739484916177236,5.087735679521304
11.285854132688327,12.213618431976595,16.05691450908338,16.36143605028062,16.160507318704642,15.075408603436038,16.452379606885103,14.142797506071705,11.898216257512006,11.127384443677672,8.493945184104861,3.650238917425263,4.145145139224565,4.2879124696937305,1.8752451215753312,1.973375142032075,-0.345076112800525,-1.893978869619222,0.5962641377239594,-4.759533497352616,-4.561230122682453,-6.211534082984224,-6.412056800657305,-7.085953212643682,-3.17147109853015,-3.440930354755489,-2.534391435909652,-2.368465731831281,-2.4823046056966698,0.8856476914169857,3.509912768986064,1.8335415183310275,4.550697829182162,6.640954424268069
11.307835889408054,15.518959371829766,16.57126844662022,16.4486808073339,15.763933039355194,17.2538619253171,15.040224688727529,14.372520376573108,11.22800974066901,7.230391995082531,4.2802071181080175,4.92746002663132,2.6676213443489356,3.7240859230026406,3.3335899647488936,0.40015526231185283,-1.1706312174602211,-1.9466794241143932,-1.3846225176443592,-3.455034393036842,-3.682336763762659,-5.291254375882117,-3.1879512807213963,-7.642612377137994,-3.9087134691255097,-3.8073905867540767,-3.297051759937276,-0.8020424729535485,4.877626338829853,5.229398663732873,3.7636887480433154,8.341178732585645,11.272527894535314,10.651438244681165
14.097955905843213,16.150150095934197,16.43660973109359,17.168688906084533,16.63790162671962,16.257689366281323,14.133649749913006,9.549759767282309,14.214428704856473,9.917938397467788,9.355782045860952,4.838190003952215,6.147648513344836,1.2085922463713314,-1.4491202708698083,-2.2196003009082323,-0.631797105629334,-0.9548754289015605,-2.7962396962980702,-3.2052460483292236,-5.127858092966531,-3.8901158026868736,-5.625688239660215,-6.368766125695943,-6.857859059631106,-4.437732189318616,-1.466107833706801,1.6876545245506878,5.823996405682685,7.122917747105225,10.480661989460987,12.97321602268073,13.823297938003808,12.930597341246948
14.814604344416162,16.334101519100166,16.591883997112486,16.280120483883177,15.807166539500123,10.242247545137438,16.35528137132614,8.368345478281503,11.102554409097092,8.92494936496136,4.42197043842362,4.019148451877638,1.9051839790262624,2.621541239202277,-1.709967114966774,-2.1764410158339658,-0.07648961187428276,-2.013036264752061,-0.9718307004829982,-3.78408988701918,-4.445108011647471,-6.808895844470409,-5.4699104220819565,-6.938354146270656,-3.7187209478616925,-4.39473587927677,2.8315165106258,5.467949002490929,8.525437797969282,11.043345305046778,12.766306148321886,15.241769602337449,15.003838406300222,14.125838791998337
14.756624220037413,15.471506905636337,14.929890888643117,15.895209072077666,14.38444968539983,9.899075747525401,10.215423651294556,7.843437488487241,11.309900845225679,4.621642271277393,5.725097678755262,5.289523994704273,5.047318006669277,-0.1070834637466402,-2.083517470933284,-4.070900638927303,-2.373525605379398,-0.6228798657763662,-1.0374351311657912,-1.405496547172651,-5.356426602026687,-6.424947563508845,-6.333935680007277,-6.325939472083869,-3.681403998738955,-0.20287061418826574,5.776039565777894,7.459412504180869,6.6270307446836965,9.54916883764192,12.511088429400004,15.936382536420826,16.805347527663816,15.996780446312805
14.485323681203756,14.586782150079824,14.61221782969298,14.976317111075538,15.790183378870884,17.705440275864646,15.966639350061548,10.649030160072712,12.794586305411917,8.537511629653164,8.371198104459296,5.939291288943501,0.541074672649923,-3.3008306610013882,-3.1238957691408813,-2.9394481389429323,-1.8621692125411187,0.4894868868694667,-2.053644081170477,-2.624689839982657,-3.594105389281934,-5.940642777883015,-7.172011983116757,-6.142246534181991,1.5902361017919762,5.638785654641882,6.416430775468879,7.1959326095989695,8.457058752005011,9.99560471282726,12.910290440796688,16.023502807922114,16.264887089853808,16.68269901109209
13.758281451413897,13.888278275199516,13.946106200794956,14.10584266035387,13.417988562336845,6.543137357744347,7.484930004637002,12.03797751456509,2.932429439163823,4.793409756355319,1.911712683982465,0.11633183489391394,-1.342324878623934,-1.8925297641069427,-1.8743023117661648,-2.362461484267763,-0.9788358316526781,-1.1480826093730832,-2.92941013537044,-4.997468516499387,-6.077262325508483,-6.3280037809901595,-6.433407446741893,0.5524655872172338,3.6498390145286965,5.920728181583353,5.922044585298786,7.677350289574505,8.137846970319433,10.549195213360122,13.378459315086547,15.551601782075657,16.535841424687327,16.708264562433552
13.534822322100595,13.567210151096782,13.4167688459017,13.692654929871061,13.310725548127836,8.62915661140191,7.555223011951016,0.9147323865149093,3.651854523344683,3.5001474657087197,-0.16042567994586565,0.20796815503243563,-3.1368458456473047,-2.628513828247498,-2.196524361445534,-2.9927086016624584,-3.8587388125644813,-0.351809436401065,-3.5182160356005445,-4.562339783301296,-4.825836258639301,-8.025292561165088,-3.2473850362215186,4.4910186779163785,6.501081932611496,6.167194103415488,7.3574163199304055,6.340284354521205,8.614577380103071,11.639231594131,13.846705014037635,14.54344680783549,15.385211912250377,17.856606018372183
13.939753370117087,13.918271298100647,13.00853601875755,12.820334922032197,11.248798294537883,14.216150303363154,13.431546532952112,11.995201578047677,5.21550133872924,9.178157588788885,0.8934644435447455,1.236660454159434,-1.145243116025802,-3.5082498578034453,-2.3443039072910037,-1.4272425054088527,0.9018709713514169,1.1275738739763013,-3.154900525377489,-3.172706937517639,-5.606259681775401,-3.3912190359458387,3.456141063283361,4.546997743069936,6.159720126299058,6.218228829402254,8.346123429478302,7.013773741357003,7.222366244653678,10.001766341253907,12.722804577780819,13.880248215293845,16.03857145472295,18.24284970206793
13.639607308288545,13.549903338655742,12.527760962235755,11.804107156612062,10.790236723202,9.746689705535488,9.160023139195223,5.536600395480038,7.360278074814988,3.247680470486044,0.8864720708480219,0.5109211973745486,0.5627323320906086,-2.5166451801142284,-3.2363261372981036,-5.248691748523408,0.6644968772606703,0.11862094953849249,-4.1407670237222876,-4.595162997790434,-4.019528648097373,-0.5050880952582802,4.278235483413161,6.599435181415539,5.122822542283399,6.225678471406485,7.660648834640227,7.917959975738881,8.389018936740717,10.298410911894555,10.608656472832193,12.897385289992803,14.881966069163948,17.279568634088502
13.151184604766621,12.838881550001245,11.98201928627571,11.125639092454481,9.974444286788778,7.192560956326249,8.543362108747022,8.190559061470418,0.3781283082669819,4.715027739259233,0.238481688399008,0.456451562469045,0.03948719935662353,-2.732756432557314,-2.7326991326620913,-0.3921515743368135,-3.3230296268593267,-3.057056676948003,-2.505320419274433,-3.8068243170638767,-2.79417052227946,4.227471575567895,5.893777512408092,5.402230093135325,6.821794585237086,6.657167536879816,8.589596513133628,8.407970446343496,10.105928065180716,9.708717317154438,9.163085282352549,9.791443909363108,12.503094420907708,17.639506125022418
12.526953721318678,11.903360059633762,11.693795574209423,10.803991359768768,11.05406823103841,8.973446991213626,4.708542960815961,7.545800200055961,8.15891448588152,5.057669686815862,3.9604824275713013,-1.101845226780131,-2.62003839410453,-1.922901327570576,-3.50463112672984,-2.670239046671491,-2.779444671776467,-3.0307184499663284,-1.9376084542773842,-4.627931501608829,0.6744903660982735,5.793787655327872,6.776295104304918,6.771307442146282,5.985789747750666,7.2929377502505925,7.588775195322598,8.640363760870603,9.612937915278456,9.799978018750688,10.431621043174609,9.400477246942986,11.335102511513949,14.971759766736431
12.53444213489262,11.172462373740485,11.02526355260105,10.930424499455645,10.353176754359758,8.870501831177759,11.629688836617593,8.93017164369118,6.268804002518543,4.4741363901038715,1.7294828191121288,-0.14217272587826363,-2.7333167106727494,-3.1538288807025423,1.1266164996111667,-1.963281436108311,-2.070404065387289,-3.612252952815464,-4.202782074465888,-2.1898195057375514,3.1120266979097915,6.49630835081216,6.188579509778683,6.642106025178882,7.637837781418398,8.811362708861544,9.057844807539796,10.266490436124508,10.100904425577735,9.86257145291158,9.51502344245842,8.712969183242986,10.671435644450229,16.13723696671154
11.858400048073959,10.711158129561253,10.70108760908588,10.665280778177985,10.18778818679402,9.912815475936142,7.137488931737301,2.2480927017276744,4.828902583417947,3.2289199066396126,0.7064144729226891,-1.6252644430978997,-1.3776876126417181,-2.104896410223519,1.1771365399583134,-1.1348099325451808,-2.5239192378004773,-3.8197218449130985,-4.224624871948997,-2.3096450421621135,5.764423688445347,7.935150746185544,7.77937257268797,8.305261628830703,6.672030742176696,8.627830903920085,10.35077446553727,9.693743361389968,9.242300896728308,10.644625816369588,8.59115903273968,8.435503110212261,10.440642915534907,15.96245302029029
11.601923710979294,10.499368245845632,9.70463372833854,9.956034034925905,9.754959068793752,8.947585605161498,7.315883628970494,7.500066505800834,4.885626801485089,1.1458322452857648,-0.9782959274930974,-2.3026853216950047,-3.3010971908601516,-2.194739624731505,-2.9675698069144922,-0.3393205911335554,-3.5279709275861615,-2.4048732497603402,-2.6542199227813326,0.8656915064800863,7.48278783966167,8.57516839596875,9.695607449192153,8.1033474151817,7.1261463107998795,9.908910529706622,10.575899533991395,10.529267088054931,9.433510195591941,9.14766531296329,8.519544582903697,8.598088790473213,10.613745797007063,14.278926643466189
11.425472068040955,10.140588250617878,9.82856553275182,9.128798602106139,8.990981440961892,6.8651343998207865,6.9987922807342136,5.99236590963138,3.527259435655744,-1.133355101781251,1.0208992113432873,1.515312982741972,-3.267575092022525,-0.7544964438487827,-0.7160589524063762,-1.2104936807643796,-3.149961114095295,-0.9809715664270054,-1.6263479811907393,4.020999511268038,7.599315191240294,10.676931039833818,12.577619307629972,7.8199436866829455,7.923607454061195,9.994170433449868,10.691816895878976,9.411388384999643,9.302582337237848,9.493668687838149,8.405416507329575,8.667651821306206,12.602100175968783,12.867795864906784
10.87636221843443,10.074296288828174,9.804898038570727,8.604314966698833,7.740264970889198,6.85771715416126,5.680211600040791,5.599735608310932,2.7108050347135717,0.7895498626847124,-0.07951520937632449,-2.2792771826854743,-2.4643011642831802,-2.0808362096516073,1.2902583089426474,-1.0579006204182817,-0.5705932604692945,0.5907251786453815,1.5240035139162815,4.767585539336012,7.90259502382726,12.109881210283573,10.264483614087217,7.4933690545785225,9.472880906287932,8.82479495736686,9.804839599809515,8.517441992346841,8.99826897411958,8.394918747582484,8.147240385584249,11.34605726602958,12.37865171757018,11.688063085305005
