script/wind10m.json
{"header": {"parameterCategory": 2, "parameterNumber": 2, "lo1": 6.000027932988019, "la1": 58.9999434238085, "dx": 0.5, "dy": 0.25, "nx": 22, "ny": 24, "refTime": "2024-07-13T03:00:00.000Z"}, "data":
[rows 0 to 23 of 24, columns 0 to 21 of 22]
-0.7271066529612226,-10.315190588484887,-5.554478379298801,1.58129794123846,0.9718976735892239,1.5578387568775098,0.7261016997791538,1.6527800386131282,-0.883562684741449,-1.372646705183411,-1.025579542745626,-1.8876203941221381,-0.9656969178542959,-0.45347658401276025,-1.0355498315766705,-1.5288496164282472,-1.513863304859961,-1.0992083343093735,-0.6821613167502172,-0.2926770466032134,-0.6756163199175995,-0.851847219998153
-1.4613567638285463,-4.678960400964169,-3.6340742086120112,1.1575431782435746,-1.2108753192264479,-0.19143862442554563,-0.03004343216072259,-0.23164745054506894,-2.930166111571696,-2.44689668639704,-2.2650806397626884,0.5826010991054769,-0.6554516433457387,0.8160090110945795,-3.873091520807127,-3.168279765507211,0.19095200093886489,-2.33641779824215,-1.7315851017935275,-0.3358685342593952,-0.8121212149463438,-0.17002131650420788
-1.3074777466723753,-0.9007740192100585,-2.419888719001408,-2.0028889216896593,-1.5584573214863606,-0.3480674430570828,-1.3648230972437347,-4.26559268462553,-4.796586525103339,-4.114888647406726,-3.0795498251272413,-0.5913327955107262,-0.29011978560972024,-4.387884518998727,-1.2215068735893415,-1.2527079333298599,0.05839688499800267,-2.8718668303708137,-2.173187335963116,-0.6548214081653511,-0.9438940844068202,-1.9232154823823926
-3.1572699518207523,-2.78116710287582,-2.243898211855683,-0.38808343555185665,-0.9789972196266409,-2.222935437873496,-5.454117489199233,-6.137118336908721,-6.114925278109044,-4.802265957665046,-4.498012120574542,-1.9262348027297003,-1.1455162213508618,-0.9323565269755504,-0.8246125753840782,-0.2985431711420788,0.3388424965012134,-2.3800510534857344,-1.5636796811334086,-1.0878789954469341,-1.5452184492203849,-1.4066429683126356
-3.4256681373569284,-2.7176092335084823,-2.6347970905621305,-1.789971905670024,-3.8455987571774473,-5.7211441267901995,-7.060176934857313,-6.268779946139235,-5.849820186092031,-5.079308738269433,-5.233028875118638,-3.393351889945867,-2.290353329428861,-1.4006456232471383,-1.2880691113446774,-1.964109448495888,-1.1489310169876723,-2.1980516098468605,-1.3164899809433588,-1.240885597008222,-1.5160984465334604,-1.3417334095941849
-4.020219116854622,-4.818140779543443,-6.245021235319421,-6.8805997194061295,-7.671783474245685,-7.170384629750571,-7.036533676592321,-7.039832936494151,-7.915781402861198,-6.92370172796684,-6.411842016527052,-5.015519583330169,-2.8609238641859496,-2.39736560751348,-2.475096477670866,-2.2403770046007576,-0.9738095467929881,-1.5328285810836983,-1.2539274028113863,-0.9989401442122999,-1.4285412730302671,-0.8137019858742953
-4.70006223104433,-5.4393181675933215,-6.504498046818274,-7.8850357973609695,-7.409792958847404,-7.76808131348815,-7.709263927051862,-7.5676774772486795,-3.5130287877769817,-7.392223387083533,-6.486677826965682,-5.647723871271267,-2.4394027131527154,-2.6003990147961002,-2.031416794011538,-1.958244774047087,-1.0906415260407691,-2.2409476289841095,-1.578756169281176,-1.3833215770391896,-0.591888140895522,-1.3032665983585616
-4.451008079246144,-6.024158447563615,-6.456344969838856,-8.068148269913165,-7.498904607286006,-8.244219332918624,-7.498243176261193,-5.271457973503383,-4.27199456718882,-4.477877046687808,-3.014415082737604,-6.150671621120269,-5.802913059958836,-2.3850568605606766,-1.7388104787997527,-1.4404834530691597,-1.4082017080766085,-1.4777129076300242,-1.7953466063676928,-1.0945350777815606,-1.3005379105915655,-2.9316324266967113
-5.516649276555509,-6.174705516918269,-6.263371577952738,-7.790817157642206,-8.583749568879446,-2.468916735775346,-4.683870958654677,-3.0663505286736465,-3.5122299936166193,-7.761296222061245,-7.2261141861061695,-6.352155460913672,-6.567792412177058,-3.1647559236742207,-2.314266291599271,-1.509593092244193,-1.6943760803417611,-1.0421748406381606,-1.4277282553232988,-1.6322066470836742,-1.6017774117622838,-2.8010386911118714
-6.008449824783537,-6.57702524120413,-7.2830457496738035,-8.874652728312013,-8.32589705604324,-5.178065485648783,-3.689530248687696,-2.675951458677214,-3.802352956190399,-7.150496983641939,-8.156332656278117,-7.647512588809338,-6.462765934383558,-5.872580421824577,-2.3981675344036923,-2.0767954112873284,-1.0675804555494433,-1.3412104242065912,-1.5820651392281266,-1.9305310407110665,-1.0150872144041656,-2.104115038060976
-6.290766482214057,-7.545891964792392,-7.563034251294805,-8.714305259271018,-9.598541746501999,-4.280742983881779,-2.5122219137391455,-1.8985458450794648,-4.519795395948937,-4.049305428681227,-8.628807276166436,-8.636773946183789,-7.37858118987506,-7.229335069884811,-3.700588195529694,-2.0684996202162003,-2.1749366326059922,-1.8990413644910924,-1.867867036653554,-1.7745647505691733,-0.8504389183689366,-3.237452471948984
-7.0339117602869115,-9.111250490887697,-6.9650022152868045,-9.109078991279013,-9.748234610629433,-4.262919877820643,-4.948767769659813,-4.18750778576104,-3.3983777970362317,-5.330417307655627,-8.62322676368107,-9.672127051013971,-7.692393659291328,-5.066983643836281,-2.9373053466253705,-1.7805105121503568,-1.3595992912812402,-1.5161761788848818,-1.5397319723167424,-1.9994782806259146,-1.6010474236164849,-5.439435494752106
-7.916637628448708,-9.382905927224378,-9.554012869539044,-11.01461648839379,-10.596282067387689,-6.272432253892229,-4.3420775790412165,-4.7706516905989895,-3.8580807040379153,-9.617569733105356,-9.162610848086308,-9.866923804977894,-4.623805713579034,-3.69800211416445,-3.4266424536162976,-2.804967176729028,-2.0682217277060153,-5.8114245197572085,-5.281250524327817,-6.324325891198481,-6.533469958506612,-7.519764691453962
-7.517078916039964,-7.914052637237386,-9.865536211766148,-11.870068070230865,-10.097669281127533,-6.315479179905083,-6.853538518848299,-4.882077593590034,-5.106430500192499,-9.50842939107415,-10.080871133934181,-6.898146509748135,-4.115167594727531,-3.714374670043715,-4.813163707177058,-4.244076820906022,-3.574671150703566,-6.465439611437907,-6.661320065877657,-6.757354841042249,-7.306813796319302,-7.549868964508152
-7.47043639808609,-10.126302554890612,-11.494849652985073,-10.74868420511482,-10.063094944225671,-6.527983474301562,-7.278096481593248,-5.843256801332422,-5.701973946775323,-9.543763785083149,-10.83621461790536,-6.488968069721681,-6.4866870873637446,-10.103467024567374,-5.639384617564257,-3.7279781910793,-5.647313969761671,-8.197629573318425,-6.185003029150054,-6.476073573602187,-7.617213345550643,-7.973321808637894
-5.965569027700747,-9.737881828425092,-9.928752524768004,-12.261983477781662,-12.182354595505407,-9.203039678284517,-6.323638897987952,-5.746694142698033,-6.271490550800928,-6.3878629477272835,-10.180236336620961,-6.140484750971507,-6.3567860672970395,-12.67140618818849,-10.3249093488634,-5.085137281809143,-9.003967394853285,-10.522737705559592,-7.456821634589132,-3.3953513473325057,-6.451187459249915,-8.568596983591238
-3.4094402288811874,-7.7031202156457805,-11.036375021314866,-11.20684294477498,-6.826061266862048,-5.874185506255683,-2.397084555553291,-0.6508028808404075,0.057176181425441674,1.396392417406426,3.2713631418029667,-8.255862526250894,-5.689826635956871,-8.072362119540914,-12.209031680203365,-9.204772679270697,-8.468005029836409,-12.748182861509719,-7.670007205934451,-6.515280756105538,-4.744833597993483,-8.411685326765664
0.3059785013933836,-7.380009306882928,-9.100151310239388,-7.357090483797237,-8.896505333841295,-6.353752803708482,-2.5768030398132944,-0.6468504555734649,0.9028332576483994,3.0901009667614945,3.7290693874156147,2.527869933398019,-0.25211075156134716,-10.080171013437166,-10.075665688697248,-10.074079019580868,-10.298719710077226,-12.33815139651428,-10.967826600193892,-4.916196492097424,-4.152426217170212,-9.861547222533716
3.4252447455229573,-5.669579028121969,-5.881245852701565,-5.538842364470985,-0.6948080650134721,-6.078126562393797,-3.027689063071557,-0.756507001918985,0.9777437496565373,2.670598040347441,3.025912675897546,6.126300187020933,6.882543432678774,-7.902833484662868,-8.383297676624215,-5.811701331846831,-9.409166263504735,-9.293093799057223,-9.078008617671747,-5.200531046808789,-1.2866560363030037,-2.5681262068402644
9.338410929883864,6.060526872774646,6.064366451736196,-2.7962092422967375,4.485684263708149,7.062515439901834,-0.14689366079106128,0.21786672161316248,1.1625901521695212,1.7647083043826646,2.0779934503519897,5.3445199512199135,5.7560634695241095,3.8528387451805695,-2.914544183011481,-8.256602308651669,-7.5777599730942224,-6.5979884038756,-7.742245725963308,-6.223222728649303,-1.1897362759837995,-1.2436922023479589
11.490745791512325,12.706532083977871,10.429451885884497,10.475576835116529,10.783176419994112,9.880132356567081,3.3874012361544055,1.7663607706747528,1.324660941943795,1.925547276485976,3.595903141098452,3.108935427241172,3.7774177265604543,3.815142940274509,4.564299971955713,-1.4343958434126018,-3.321869636340206,-1.7195681711573036,-1.045910050074053,-3.112519179484671,-0.573408010492466,-0.16412463350518233
10.312325008370475,12.19943845695177,13.860849932472417,12.399787103518177,10.579401606885106,9.672951585764968,3.6778021365452442,3.4069235247497063,2.217940397360185,2.359154177024396,2.973352434662531,4.198119981721493,3.0167487057383244,3.9350160278589983,3.573564599404549,4.599599750803306,1.712806326755345,-1.8513822106753035,-0.0958059592182526,-1.202531694672541,-0.2782357363887421,0.8664555798040713
8.125549612310358,10.287423601240457,11.905633823593238,5.082451571835153,5.548900701098836,5.382532266523232,3.096009182691985,2.6923029547543686,2.7705092391891797,2.798678781515877,2.562145752133816,3.37733591286352,4.75335511282998,2.834136774404456,4.335593877976028,4.413063328142466,2.2721096950142274,0.018258640772762364,-1.6884995119971868,-0.5765996541099042,0.12393573400391115,0.8841972727717899
2.530107610188455,3.2593139647758433,4.517583127735709,4.771453837693748,3.8227914198812556,4.398433534290976,3.840776802176291,3.5852679797458573,2.843827661667075,2.3705654998736483,1.8907741525104211,3.222430051036513,4.020860271052725,2.789688465107918,2.6075440795414697,3.841255288510448,3.6411411240303653,1.8133338052945973,2.0339016571041464,0.5784320261552448,-0.5964047838313047,2.949298661847662
