script/wind250m.json
{"header": {"parameterCategory": 2, "parameterNumber": 3, "lo1": 3.000054539987559, "la1": 64.9999836372058, "dx": 0.5, "dy": 0.25, "nx": 34, "ny": 52, "refTime": "2026-05-11T13:00:00.000Z"}, "data":
[rows 24 to 47 of 52, columns 0 to 33 of 34]
-12.313956693563997,-13.563831883954066,-14.977117856885222,-15.915541712176289,-15.486518935346492,-12.01420439188431,-6.0564708425128755,-4.787737979666556,-1.477077355846058,-1.4007681779453984,-1.589452144546726,-4.727250974312282,-3.6540017363028072,2.6166824005961478,3.4431977483340805,3.0740010337954855,1.4288604818625272,-1.251910407282867,1.5732289261229588,1.582269971363199,1.076004722022358,-0.9913448129323049,-0.4627887007650135,3.7621597313349846,3.811748782495445,3.2952998625385406,2.5305883872687693,1.3676448459883388,0.6562490730347618,4.335414959122022,4.260886530204349,4.282453084119367,2.191587015332522,2.7097496103286933
-13.020575196393446,-14.085955593049006,-15.061406529198306,-16.082132302347155,-15.428978611154612,-13.911181524300844,-7.481747700697588,-5.511323397392086,-2.2206134018012804,-1.807696894859335,-1.4765844474545686,0.736947579481033,2.9142718435987987,3.2314827103049235,3.4441642601906053,2.7429138116154306,1.5825830126020302,0.2712147528507609,0.8349991451070857,0.19849887580070344,-1.361899321797164,-3.357535978354881,1.8470043342323785,2.7798408728118384,2.3305932501828486,2.1083089078917623,3.1854551079931634,2.2720104601442253,2.741831174799043,1.3452620507480186,1.6714226175478932,2.5032158172589067,0.3080137315211117,1.6281964996919813
-13.775022167805464,-14.747259750614429,-15.365399394087564,-16.250059352286517,-15.790126508466322,-15.202989469893284,-7.48684287052498,-3.813663025080104,-1.5714175513382174,1.22407195119004,-1.0024874545192184,1.3669203257426386,3.2965986958095086,2.627588782579068,2.5472022509699817,1.9571126646495733,0.7433181898520415,-0.7498372788399976,0.9924152942242477,-2.9791206886308896,-0.2239082740234407,-1.4131349283310224,1.6492351762294488,0.4373414460735686,-0.2601270493919225,0.028832757055580742,0.36043147772805595,4.195160457465834,1.7573404264911758,0.11292646877558027,1.3610459906646628,0.3431306400380617,1.6868329237071107,-0.4134787826908141
-14.48338451215087,-14.778795747868626,-16.499734723575802,-16.658027482113287,-16.152525223029723,-14.665804082278523,-9.859266893533995,1.2543423844883481,-0.27125338897555107,-0.17227121714337792,0.6072183017660039,1.6438194987808599,2.16166038887827,0.6338257051419469,1.4922498818230177,0.7171583511897984,-0.10649393458752883,-0.46092768226165465,1.2066612308931421,0.6406313455927671,-2.5717831551087618,2.8187283629152073,1.1828452648130439,1.6639842726158542,0.8078384654047638,0.8903230569355406,2.2330132920683443,4.706892667434193,2.028921485336149,0.7045535228476165,0.2581443453385432,-2.3070336078568303,0.8748491406009612,-1.5661761594169428
-15.146986759769717,-15.552759831411697,-16.584522554742573,-17.074205810716666,-15.963087242864882,-14.149804076962932,-11.73845372849936,-1.9642916656850817,-1.2066766434744913,-0.7632090826609715,-0.37934828985773855,0.5552385385045511,-0.10482691900226883,-0.36431356986361807,-0.3264885085609135,-0.46078083801524194,-1.3497753815863809,-0.6894847056375519,0.9272942876712329,0.3986918500581564,1.5445390803549133,1.6910806056670238,1.6897475623039984,2.7147750575892964,2.0909104587703204,3.720746717698501,4.835488104127758,3.7574565801192583,1.5979113985305662,-1.0481880530660452,-2.726934122542921,-1.1327647590901426,-1.2892026694827499,-0.8229191416832703
-15.92869992050453,-16.879934984326113,-17.206703251391787,-16.65075881586917,-15.744466730039033,-12.515849362303443,-7.15142158805503,-4.63427289564062,-3.6689054778954744,-3.2876029230907458,-2.851514503530003,-3.2160638489937305,-2.9123410505858263,-2.649135419574338,-1.7377131543892645,-2.720610333483708,-2.9016249059432875,-3.383343164677767,-1.1126157402533419,1.4551151304571257,2.0095246461551075,1.4906581997618145,2.557462633939454,2.1672896157584813,2.243884580664664,3.8687928857893854,2.416099627491001,1.746793661388105,-1.4151583625461606,-2.919907671580309,-3.7636467899458266,-2.9319630961020984,-1.3223894616815408,0.8803201549763122
-16.49944500549711,-16.6538758699956,-17.557920609879204,-16.585849392743818,-15.270852922206183,-10.626739888267888,-7.294799523054417,-5.895759465514733,-5.0359441572305155,-5.40827749997016,-5.033856960936321,-5.572508920154091,-4.47685823046554,-4.218927509223649,-3.9848390039257735,-1.6790068917658296,-2.3591547504552803,-2.3982356699227516,-1.9933432437796172,1.0565124687882712,0.8192511039828513,1.8204264744644802,1.9511437152022595,2.0365548043245116,2.956341979215959,2.547513816126863,1.4474113644982547,-1.3653745980472245,-3.432560786973473,-4.932947150456269,-5.824755159687867,-0.17243388031332124,0.7103596034407472,3.910165023151127
-16.96342804090657,-17.861161440926406,-17.175204827020906,-16.84258590329743,-15.073389511387001,-10.291909199041811,-9.480107115472824,-7.775473467980654,-6.7015853102252905,-3.7258499831164746,-5.294921885276621,-5.757241557096417,-5.6793919964106045,-7.659587021751468,-0.8391722914912142,-0.5542256326284392,-1.831504353553639,-2.5720460324248937,-1.6786358368220144,1.156212608600616,1.64810721814325,1.7617307054294014,0.21195693443181582,2.0259766406499424,1.848776585788187,0.35004948646431205,-2.115740443350965,-4.36651721333368,-5.021225815409408,-3.474279006349,-0.9094963223637752,0.7997819892603394,3.1963962126813716,7.228083742506791
-17.19430625393363,-17.218165729540342,-17.99164682111898,-17.811881342598138,-14.879293923592344,-13.328008958984153,-13.277505697333963,-10.412596594937824,-6.89796326079,-4.506543378301127,-5.1108308998458565,-5.522284375893206,-3.33995044367493,0.1604816946697307,0.3342405755749179,-1.6507620123855373,-2.7638956390780707,-3.188947176218493,-3.3244064100531676,-0.1456350938532976,0.8042597282050196,1.1091313527718316,1.6133924249168075,0.6880520090787119,-0.3906626265445015,-2.252203947917414,-4.087415960107936,-6.386189545989494,-3.7185308027927415,-1.7301858176914269,0.7505625227206966,2.8080795122576516,4.996975978605542,8.750730556278631
-17.778849769461843,-17.992229999224,-18.906563652397896,-18.69937578996245,-16.36573084829541,-17.130422855337688,-10.887604620088187,-7.705282104476145,-3.8458275193018907,-3.427559101231365,-6.720170137326909,-2.715588279647862,-3.4612258355085035,-2.456894967326955,-1.0630174305989804,-2.9698675755905213,-2.732638055196253,-3.6933815627920503,-3.8002179557212763,-0.5109542139297248,0.07359374597153014,-0.5123552277012129,-1.5777725450117581,-2.058886247961844,-2.603971411457751,-3.8280907565238613,-3.517386837693506,-3.022302431799176,-1.3607308594549512,-2.169821838629161,2.406401105077974,5.905548016457435,7.764054386556188,8.290430998718705
-18.33859480934722,-19.23654087211192,-19.89024346205506,-19.357622167045715,-17.968683752715656,-17.495396485850105,-3.9419744550448677,-0.6018479744073248,1.2266375239842495,0.1611949454306401,-2.679988974634056,-3.095477100925931,-2.6916042673413614,-2.1277002271046737,-1.963463489664429,-3.704255692277384,-3.581584818302428,-2.8999096462562886,-2.140823108883413,-0.0985020572985713,-1.196481938910526,-3.8617321019806,-2.2518965820326327,-3.090016730344481,-3.5069285124173,-5.070359628455799,-5.481547457564139,-4.633612047701307,-1.3102855651177552,1.2178586254067554,5.768506689893261,5.906376367658561,7.294740051554065,9.483533167202205
-18.642008697760364,-20.113303883005834,-21.08374431012609,-20.069923328316236,-21.621823219389686,-8.900288452327741,-4.341571149306892,-1.6160061546665296,2.316101836653533,2.8443332772410486,-0.3816159696722474,-1.5005255976847947,-1.538160644702205,-0.9107643208144635,0.9213797054779145,-1.990283224589921,-4.325809462567021,-4.224135041907952,-1.756860242585386,-2.549196509950035,-3.992237276228232,-2.6908520257726876,-2.8428831669499877,-2.774554444114316,-4.085798564468947,-5.613377366475982,-7.254672281868079,-2.2901221467107677,0.6948341721861371,4.055366879084137,5.275983599127766,6.115018636037082,7.52414750638944,10.628221814107711
-19.188365206332126,-20.843773141069313,-21.261023802416062,-21.713508407495148,-22.626134032917523,-8.519505336917208,-1.7963753530274016,-0.024089578025047086,3.55292084315413,3.6465569267731026,1.982955295942657,-0.19516797985988663,-0.44661654909317455,0.28013625274763887,-0.0696411110244747,-3.9026264235765,-5.04992257759211,-4.314573869234787,-2.77162789576514,-2.9380934917859616,-3.5342259411165706,-2.15143227913772,-2.4224604037069772,-3.4417333619053316,-4.579421546234527,-6.377792262507772,-2.4914150182982486,-0.7389553096814652,2.1738499775758435,4.259855101597502,6.370168608746986,9.968399667429068,8.35519967060183,9.933067258406183
-19.48990654504285,-21.078621561897226,-21.34129969821416,-23.761278621433615,-22.205622579572935,-8.375634220427468,-1.8536600347775487,3.5852716420759068,3.763511829087002,6.0225060717629715,5.559370765066707,1.3149443482013434,-0.30181720121229155,0.6163703095071894,-2.4119288785289874,-5.371105839686748,-6.011595961116502,-3.495950156273565,-2.1891107115601978,-4.155441515299631,-3.803341783385403,-3.59364613142729,-3.5491581388872437,-4.514353278581518,-4.689125587917681,-2.6627334086898604,-2.00681989006547,0.122899864518101,5.3361560025973835,9.059318053635876,9.623410939641229,9.071786490153103,8.93368712982927,10.75142798249978
-19.42772935325792,-21.114630375965344,-21.278519282949357,-25.195340683263566,-13.453919681791431,-8.756018891007594,-2.5068009442483437,4.6152907048194445,6.053045987414575,5.031144033849305,5.221155788426025,3.0723978803999175,0.2713992992937324,-0.45926666226165935,-4.285008405973546,-5.326597421025754,-6.404709192223012,-4.0190530035668655,-5.36202811415737,-3.6954397515788457,-5.194815778763456,-3.403249223798921,-4.582703600503775,-5.241168025702273,-3.363629833149122,-2.613451016174844,1.4096583845112647,4.561665701330021,7.327080138665634,8.194278117725416,8.871488064882804,9.823750526686378,7.670272456815728,9.588958781187808
-19.02779454492651,-20.66621114972337,-20.70237589912633,-25.38471495242109,-14.192049204487132,-7.453738275457866,-2.6995425760075356,3.513838424178282,5.7213790056340095,6.082268890388805,5.737684899712087,2.2712237362159744,-0.07616795685771623,-1.7094590936562373,-4.143938004438842,-6.586170434519844,-5.85011805127187,-4.507524103634536,-5.068061358471797,-6.379910847570536,-5.05393315674724,-1.8994470781652801,-4.805768125016312,-3.3412633902589457,-2.945895750739238,1.3193903434437901,2.43970699959171,4.20966525795407,5.378916258429365,7.203154934904772,7.9332253462806,8.644314562603354,9.09328926554847,8.833062199316515
-18.832479048428176,-19.906336695903278,-20.853386157848664,-18.902607777109857,-18.995739682770253,-6.568897723799028,-1.7310849649038778,2.199529208957494,4.473180974348228,5.643084002693506,4.569970227784463,2.745265118876136,0.20913176947772125,-1.8379152893793667,-5.119004705548048,-6.718034712738577,-5.722950270378616,-6.849556364820577,-3.4509161766557117,-5.220505466410157,-2.601321174070044,-6.634520100595904,-7.654118359632425,-4.836448970352228,-1.44165088336968,0.636897103670244,4.121953535496012,5.488274106027685,5.372213334367476,5.271799960481822,6.783690477543892,8.34633829272395,8.864840307315445,9.49518868844418
-18.75381421269536,-19.533861591677763,-19.636278633018623,-19.366453424826485,-18.622000451312676,-9.811196140353818,-1.95743049455369,0.4068320444020207,3.488479838628032,5.508370933070038,3.3513212326365966,2.5500453195542008,0.19437373132950791,-1.8400254806147196,-5.247560339692344,-6.92542605731455,-6.669412826511047,-3.597604525900559,-3.4211006570012175,-7.114646166724095,-4.5952174080663175,-5.224754928455673,-3.2776293756127624,-0.5429597060491029,3.1863860550853853,4.586086516706303,5.477551161960865,5.760487828226344,3.883099742326027,4.362136764176844,2.7639902537152397,6.791241317120933,7.033230262065717,7.065347886413883
-18.59202512621103,-19.157194322144974,-19.00793818221205,-20.209108384290253,-17.769381538340745,-12.4443478813795,-3.4761063622472874,-0.6131989377057869,3.3976862849405634,4.691001071017591,2.83965317685626,2.553924669375829,-1.1630203399293457,-1.8964309299202917,-6.2520089106903765,-8.208311880463727,-8.024679264107515,-2.4094876867056456,-5.969929548928954,-6.625126989540305,-5.174307469398412,-5.683264018602941,-1.8967763657504608,7.958757477780469,5.997585191153303,6.953922918718917,6.0234877097142645,5.080706852024062,5.065109553002631,4.9654908824763835,5.638916725154416,3.598547403581703,7.080519015152606,8.346470807861014
-17.730093804272965,-18.28012989787164,-18.891599084620744,-17.200595259895685,-17.351874445751708,-13.354308189728222,-6.033918340618509,-0.9068650130343711,2.769881645076353,3.009972134411239,2.3493423916103033,2.003691376894654,-0.1869483087461112,-2.8036642171120585,-6.640646650919531,-9.463014476068318,-6.537436669226217,-3.241332956511082,-7.407067525843518,-5.093163126195074,-2.928052748396968,-7.250839539656018,-4.710829461660952,3.1915360603766616,7.039566492369314,6.554003505906823,8.755633769544733,7.506465992822538,8.023317381955831,5.698347373872491,7.3066991768338925,8.624701443068872,8.295714801073863,8.427255077769567
-16.278462905737545,-17.081545890029286,-16.232772399854,-17.54617807642462,-17.206808628133953,-12.629982909276695,-7.737957471676598,-2.637613041161098,1.2645759388176645,1.3968065377712429,1.2795255870411897,0.32634785533145994,-3.1053955871337915,-2.617394291493198,-5.740655836815046,-8.346043067392824,-7.619138408316698,-4.635539562591361,-8.073128272012577,-2.089383091631992,-5.690058852034278,-5.584607358383203,-1.6795827977387332,5.961642379465516,6.879261139582704,9.12800830534607,8.72479479929243,8.843942959638053,5.406995889407372,6.493207619848615,7.096808989559509,8.365985582499507,8.328761446845474,9.357821658507078
-14.95110851068984,-15.218161403360682,-13.828834076096888,-15.677782269424386,-15.785505990389773,-9.776446873775239,-7.3312044715865605,-3.4298423688063617,-1.1537989762461718,0.03876363737944684,-0.7778487280355927,-3.775421500246342,-5.193883743461835,-4.282715928334372,-5.439716232753502,-6.5035290449326855,-6.787758015880445,-4.055592834735438,-6.8372933631574355,-1.5234580200206775,-4.884382569629816,1.1284943492873403,4.0852499093577554,7.282560041828999,8.089977624839682,6.952174862396001,7.259058737048302,5.847054366758522,4.4438330114571665,6.443721324661061,8.110467582542645,8.539359625330997,10.138784987962019,8.66110986270881
-14.334035340771749,-12.913656890774604,-14.256013358163258,-12.043675546614205,-13.90802638325594,-11.37709964657726,-7.081239958789268,-3.8694348427240195,-2.439503219465538,-0.40469001812747896,-1.644476268015717,-5.8376741150396825,-5.15959010655461,-4.856209741274925,-6.442073427880166,-7.154499273971449,-5.866275791330457,-5.401953997044378,-7.3117117642058345,-3.0281553934593903,-4.046370738283622,9.0676843133404,8.816160033545989,6.281320014075715,7.408025019392833,8.49100141887789,6.1475325285110785,5.165186453620347,6.250180252292571,7.821840732013343,7.875540698550912,8.35122424147283,9.105519539684698,9.174123767330252
-12.923478657922953,-12.333017300579208,-13.738838093135266,-11.848467321593631,-11.278456102693411,-10.476786014780199,-6.412749175390131,-5.200101359072226,-3.865130779334768,-3.779337875100793,-3.497254532654187,-4.11964677364592,-5.257945678799422,-3.653089203833819,-5.949140635635662,-6.2263138211914395,-4.7621080696607745,-4.349925723663186,-7.791080410003823,-4.963463280686377,0.009206598300203005,10.898317299422692,8.87833634320878,7.200833246786556,7.308304838441441,7.41466789431796,6.877546947711488,5.38219811742701,6.669180453256742,8.197530098985942,6.765217946749959,7.269423457057442,8.68960919718039,9.510811608202282
