script/wind100m.json
{"header": {"parameterCategory": 2, "parameterNumber": 3, "lo1": 3.000054539987559, "la1": 64.9999836372058, "dx": 0.5, "dy": 0.25, "nx": 34, "ny": 52, "refTime": "2026-01-05T12:00:00.000Z"}, "data":
[rows 0 to 24 of 52, columns 0 to 33 of 34]
-1.1587068711167148,-2.3075691711255195,-1.0628177121586289,-1.6197816548844035,-0.48912064574898534,0.1079142741431822,0.9199302553577515,1.2399862359420077,1.582466111636668,2.017472893400235,2.8535881541780954,3.186913750914176,3.095229905867648,4.104377523478797,3.803234384822254,4.170273252743956,6.752969286741183,5.914615151341406,5.4091528625739524,7.0145750758760075,-0.09346171884001271,-0.20589552686169646,-2.2263031953928127,-1.1003583905962513,-3.2151660597120357,1.144205853360639,-1.8202997382624504,-5.248379109543295,-3.7642916666328485,-2.9892881217196123,-4.587592547272155,-3.801221823634761,-3.5073947840202075,-3.287825701739973
-4.070069331435545,-1.3550411830070368,-1.3891495228854152,-1.6263345696544984,-0.8949203299770274,-0.10428008538461532,0.191718478360384,0.8975286967766709,0.7894680944570739,1.1358787027352033,1.5483015434852263,2.6812696549519095,4.276994446288736,4.77441404134517,4.333054026567875,5.767918270714391,7.2320603661529725,6.179658770988635,6.891784131220153,4.05839534616093,0.5801520940625786,0.4803296218594836,0.7459014524964543,-3.45570518212513,-1.7594802932878248,-2.2561971017099482,-0.3597673295525501,-1.1150133162635016,-3.261962297182002,-5.250566439016129,-4.95203419329282,-3.6376909635017562,-3.5373779207844516,-5.925559595268203
-1.6394314364333038,-1.2510014015906548,-1.7459766975773972,-1.62996192645295,-2.203842071193165,-0.21977443918041506,0.7109485385844462,0.6734855764926331,0.7509668659481569,1.5658067265309403,2.4630565233326114,3.2437947180843953,4.93781746851116,5.007648192778882,4.14327343657107,4.870367101224179,6.657616914124542,4.406202770774662,-0.14661869901729266,3.4416296678161094,2.721884641250176,1.2957133054529006,-1.4855113400926192,-4.492305158743317,-2.647683964238014,0.06496756084736052,0.3481169615340542,-2.518365169437643,-2.5790269909402355,-5.229887696924425,-3.840059546405229,-3.362834507604349,-3.342890575904297,-5.8739485839244
-0.9802885846849179,-1.358995546732266,-1.865781204677202,-1.1100503956369527,0.056697385129062555,0.3397458795805969,0.13732162172289425,-0.5569929077765715,0.1391450792461787,0.663693658357603,1.556265468469456,2.453501185441093,4.4003175697438195,5.341839113665167,4.238644201217101,9.585588148772562,0.9388733503226595,9.185948330003752,7.0613193056340275,0.10142616837778885,1.7019289012347383,1.2758112055130362,-2.5275192394003994,-1.9130213142468369,-0.411323842515459,0.02858741561063246,-1.2423965625671722,0.021902135673697146,-1.6535991891653736,-0.7807386142585432,-2.286657540657713,-3.5969692726991838,-4.950795020722752,-4.388722265667666
-1.2316326380854279,-0.6581205783986778,0.310537261183463,0.2605361446027579,-0.07758923879857038,0.09526767392930743,0.20738182964509808,-1.0230310913840135,-0.012402674849777374,0.5011328164872549,3.3132959683738217,3.6308551397945528,2.2150806372872243,4.020014602966001,4.115095408975019,8.875217221236683,9.284821020288353,0.9799199072143412,2.1433900484001844,2.9788290027040327,2.750159812866951,0.7134468674334161,-1.3602191098208944,-3.4474734937011484,-0.5679425259241001,1.1302439384199987,-2.086561742039216,-0.3444523052775931,-2.8438066146864287,-0.5527016587095028,-2.3009247778040747,-4.369224895096909,-3.132352352816495,-5.158814856368808
-0.5993408580252296,-0.6677828885769904,-0.9798637183419941,-0.2944318281070655,0.19822156783521444,0.40111900106128034,0.6682403711824598,0.8208019061925915,0.898869237248817,3.368791014188735,5.2843555792944015,4.515262254379238,2.1587086415077135,4.694788281720662,1.628003797905174,4.026070730506659,1.3266287228121458,0.7972915529497114,5.278049113500624,1.6004615277122314,1.7559286960035878,-0.4348893227473513,-0.23014117307367105,0.09021824844676761,-0.5204037397524065,1.5829688504109578,1.7502834386403652,-2.2703476243405882,-1.3980731372401591,-3.46061009504786,-4.2117636592191054,-2.663459842580674,-4.926539156337879,-3.7086855828514875
2.181229950206431,2.736727468650904,2.3379135329054916,2.6782544529104273,1.6146213454441254,1.303983024490316,1.895282842307429,2.7334782345144966,4.054285589961641,4.230185824869143,6.134420528004528,5.000198173192562,1.6938284640317258,2.4061307103762783,3.3003684366838093,2.642173064970414,2.4371003838162997,6.13421938032565,7.492160511462178,3.3348332747419147,1.0728051204233573,-0.653721626691813,-0.9391903586079037,-1.1747228318571554,-1.6864936211318655,1.5121480000260865,-1.44999197805963,-1.8052577582612275,-1.2515614518887135,-3.1081877982996615,-4.141913066774141,-2.6970991553234382,-1.9163826240974748,-3.493533103527554
2.279992474684777,2.4774592901513466,2.789590057916706,3.0853979366109034,2.5459150274916476,2.7994820972679304,3.0411919682903936,3.713389378353586,3.7802638412026357,3.4765301530197252,5.365727956801313,4.084626351045824,2.2140146900657895,-0.20068579624862923,4.384280147024041,8.301218605703848,2.2101346795251535,8.450555916293247,9.366535630641692,1.3262713317879131,0.9334854206431733,0.8386934578145012,0.8774396999231702,1.2036502311609147,0.6386965284683064,-0.025981002477133353,-2.0786033863245565,-3.5255670832961097,-0.058494464526045536,-1.678155210854971,-4.354792971297722,-1.1180699877653664,-3.134596577982534,-4.98701063986722
5.646331498140021,4.11128046037866,4.6143812505097594,3.46126943017977,3.2224554924325908,3.0631337883796292,2.5283632953329027,3.6885693064916767,4.64987134068989,3.194857254692683,4.574484286606835,-0.38930621580744984,1.9186085682500247,0.5723761808025324,11.371847491649435,2.917028323762697,6.846382693481696,10.44009807763322,5.160694795299187,4.387868226893825,5.876253971490237,5.056359435790659,0.6954967030790231,2.749135184550758,1.7806347367431608,0.6685437369925553,-1.8094338405381487,-0.6163559167949233,-0.030738619036162852,-0.8604093392687374,-4.518836767206049,-2.6167601936698373,-5.738223173317819,-6.665932099241997
5.5170626691740425,4.573717785082012,5.130827122275657,3.624896667772492,3.1154918408768717,2.625820239364239,2.0101435490084074,3.2394849420803133,3.376261494992471,-2.0463641463274556,2.0932118700540556,9.109847239110177,7.136434355542361,9.562142738570444,11.005551080669033,14.097984843685337,6.267078152180294,4.287946416159807,2.6346630284223584,-0.31614627644034865,3.9085174803743574,1.4832408593419264,-1.0729377450999524,1.9988499351289302,0.394799189933387,-0.945380193443845,0.1439723640645206,-3.6595748641858745,-5.304785696674869,-4.15327049458843,-2.8160034458680303,-3.0063912135534197,-2.738148394978824,-4.654638123935163
5.9326873212567195,5.353374599205505,5.971755668079805,4.598995605083085,2.504777733540369,1.3517156483314583,1.298645216841025,-0.21524788786542637,1.0529889460421522,1.1382060680919264,9.432079655237686,9.666168288535129,6.749813394081975,7.598158530561457,11.086758254580836,7.107163790610616,6.106226645580389,3.4398630443480367,1.800195303231332,0.2132774232744245,1.2441267448515358,-0.029132460575687063,0.775039123535399,1.26553866357392,-0.05875256810241348,0.6793664111422882,-1.2936608545635548,-2.397140590469945,-1.8945237328659503,-1.4203239838641595,-0.3039461834160012,-2.010142652189489,-3.887891767858396,-4.433074905578715
6.317688823364801,5.13374339037992,5.614643366569011,4.799508629587941,1.6287703787448218,0.685666692597803,1.036239959076001,2.8072103779824333,0.9191733688341324,7.355316080342805,1.1753229113153554,4.833928709888246,6.010366164351822,4.310549243730849,6.051800749406906,3.810185300342025,6.462394959645408,5.741802514357839,4.210161494567589,2.2956550434845173,2.793648843164727,-0.6223146487475085,-0.3774067158624591,1.4866010754474563,1.431822732518573,0.19182027739105742,-0.4691937128926765,-1.527138954696676,-1.322951893147607,-1.19759746651813,-3.0471136681065554,-2.580911363097946,-2.335196009696281,-3.3420826796588288
6.0995941906204285,4.722469485220238,5.463095313697114,5.695982632523176,0.16444563465051187,3.085793273222756,1.559495510023373,-1.1275311002143065,5.6855046048878375,1.2892627607577578,1.7140001775805525,4.767081804737796,7.909228640125795,10.47898292399027,4.555643443251423,8.306545004927727,3.3994826070276427,0.9727811125398885,1.914754210834745,0.01333053264119753,0.7556948213344672,0.8139027664711986,0.5109377887467375,-0.2173194490271167,0.5189472510404939,-0.958323616698994,0.11701865393674954,-1.9683089979169641,-0.17533329919412693,0.05698604851894903,-1.5265088544576748,-1.250826694496553,-1.618898538003819,-2.180835085013072
6.756508575145126,5.394550512658103,5.641082262146192,6.35338154552168,5.181182109144178,4.698492136867837,4.920531408301267,-0.09796331433232086,10.42394960134499,6.805625910968321,6.102240563005151,1.4784450254599417,3.0155734271581576,0.6916237893865026,2.2445157689356594,-0.49998741698853666,4.348212581352406,0.053092003956888116,3.2225751115625396,3.070393250566259,0.4848411169697589,0.9095525898446176,0.8180203974379835,1.4597318856237935,-0.5384367328819365,1.2811213915462878,0.715137333800179,1.6819582518174463,-1.9838164458336565,-0.3005954561700575,-0.8686846360204178,-1.1609887201593105,-1.7814036590474618,-2.5121625427132206
6.108984934734165,5.921069483670538,5.011550333360218,4.687039479994143,0.9225878623649928,2.4255561545211513,-0.7297043238006231,8.723356604146142,0.48048855273859953,-0.42981033435094446,-0.026903591892486443,0.697814976599845,4.374255242134971,4.417764530491246,0.9484175448766919,2.762306379130798,0.6713513200758707,1.9557444262741286,1.6173859252342693,1.711659594451924,1.6380160521394431,-0.43817657428642176,1.1206117936864497,2.74069545971984,1.751347698938325,0.9125832694001567,-0.36787498195343815,1.0392338084405253,0.7375550551613623,-1.034061568328381,-1.6791281330849261,-1.7555641183591195,-2.348312800477283,-2.823362831284516
5.5717435612794715,6.656905357941059,4.812160241430688,4.153638757702067,1.2107874936682888,1.5826318048127028,1.2237977685140666,2.15009002237087,-2.391888768430443,-3.952387827993068,1.867557368256198,2.579346345854271,0.552162269492918,1.88898729299991,0.4299064562499794,2.4905633100673814,2.920089808616437,0.5226177392363069,0.6901801086496155,0.3222145311182018,2.830022756129181,-1.0290687287212588,-0.601884643817945,1.3341296152395181,1.898242110616475,1.1986825415421993,1.931373038240884,-1.075347149537994,-0.9347491440260713,-1.0966408851417488,-1.4527246313455022,-2.253574469914618,-2.442829398848049,-2.338557138449594
6.510406456268774,6.639284954990113,5.767508259464033,4.472649696533519,2.3269136442280622,5.942833650322783,5.31553994843292,7.417242948964089,1.4020222475592945,8.7306297142866,5.613313146124098,1.1542709018990671,-1.1164552604561728,-0.560398601163114,-0.12417092798316319,0.5331172698020685,0.3276389185318327,-0.12277170814481873,-0.16454792895159817,-1.1591934906972776,0.08455987324148419,-0.6504217056994515,0.41878698915917,-1.1648610388863745,-0.26269417788355465,0.03146966650943368,1.7675852249215442,0.2754693501363303,-2.3790761982939617,-1.176407486631574,-0.07644045822221604,0.2344490660216261,-0.06624540841026583,-1.3188345948387648
8.111501496853384,7.232259738435459,5.023032607467213,4.655332340281398,1.65991869675992,-0.48898644467342967,4.6484840147515945,-0.7439036263633436,6.707470807071577,4.863385285785356,0.10583581607757,-0.43490356371413963,-2.3858929757596226,-0.6906388474932202,-0.2813916770853137,-1.025143876219785,-1.2482042339977955,-1.1102834429094877,0.1991560808150291,0.511863336987436,0.371635718574141,0.02200097769260304,-0.9821336957249831,0.9924502367101947,-1.0345829417878314,-0.23988210933767348,-1.454257419087025,-0.09856426900537393,-2.6399308656985716,-2.882006616510309,-1.4876602748428533,2.1980111635954223,1.9075597753695586,2.416711702637745
8.1271342535737,7.945462058663242,5.796215235482597,4.56881213366066,-0.2521755439556491,0.8912600704172667,0.6971955339498738,-0.885894385226809,2.1487250231330486,-0.07213178904819313,-1.601222427721942,-0.5167455570369737,-0.6910162063961816,-0.32551256112610244,-1.2352105462209442,-2.7873223149929447,-0.3558501779606363,-0.34883057164659853,-3.3283231764368555,-0.413488354999342,-1.7937466056068954,-1.552936831238348,-1.202680192271095,-0.5435155028972757,-0.8218562026981863,-0.6562410475519753,1.3069517607437764,-0.45759936139266943,-1.1580594688402055,-1.1771009940963444,1.0534324559306258,2.5458902361460543,1.815208002849279,2.861951000766919
0.39661613788111577,8.395388918149708,8.347742237790055,7.1432614822300735,2.3442807711404314,1.3649642750237996,-4.715943968776857,3.512132956168975,7.158824350962824,1.5316304553690196,0.07368313688385444,0.10925762047589084,-0.5593188276841877,-1.3874689264570086,-1.3601745571405999,0.41551540760986316,-1.5564981073469089,-1.2586839032854547,-2.764055849296776,-0.2314354965224064,-3.2012104551125704,-1.2234280162385074,-1.2064204957833746,-0.9152325043120714,0.18319632919374837,-1.262538814564323,-2.1749717376008135,-1.8808638480029145,-1.6587499530773175,0.43788706128672106,2.2534205901647053,1.874991079448188,0.984450875835387,2.7665934021155825
-2.165027207553345,6.181717135765606,8.343619161436651,7.535332067346101,6.5930059289591805,1.991941774394613,0.25856552598776755,0.2736813558101154,5.707922563528776,1.4167159914311815,-0.08268824214985247,-0.9135723627797239,-1.3912762075137997,-2.2277054577558473,-2.2165113867787682,-1.0665423384418156,-3.2079115639286817,0.4450323181774067,-0.6962377739051101,-0.8737384180397463,-2.085098273835926,-2.251496562880481,-1.127919359657589,-1.147733136784021,-1.2404951707419876,-1.3855236752642206,-1.9374441918346537,-2.3951892826671357,-1.34340871788524,-1.414894374265374,1.7028542553195893,1.171983181415889,1.3448601959302864,1.6081774302144887
-4.57754335672245,-1.3078274162630312,4.8155496058815945,8.84548293737546,4.515721118413939,3.268065613064442,-2.290464942511501,-0.7493321493594677,2.1116069532406634,-0.24124512098089376,-2.6138046441511604,-0.23894014808914132,-0.300465200918926,-1.7908860635888924,0.2632867398362783,-3.264870088757433,-1.3186776525716364,-0.3982920662239047,-0.7816015526318039,-0.9082651210007994,-2.9567576550834938,-0.2932053267835823,-0.7743884962572946,-0.9672627800071035,-0.8890351580404927,-2.7190766847293544,-2.5962702829525663,-3.633362930177631,-2.5167519665506473,-2.427142548365218,-1.8891337702643427,-1.6955834134235774,0.049306848603100556,-0.06785889114620045
-4.505859051494796,-3.097158280854356,-3.114322361561278,9.348596800490629,4.526032634298793,2.6253683753931414,1.6649619452410107,-2.7761663003147525,2.3971467767947536,1.4227509121736595,-0.23825733748481404,-0.31538631681654394,-4.016518480853956,-2.737448866884505,-2.819937541826178,-3.3585185505626907,-2.0659311732075163,-1.3249078271826773,-1.217305062785326,-1.4691235525080648,-1.6195010907274148,-1.0011436086094163,-1.1195951890541673,-1.4456005464579456,-1.152440908178246,-2.715550883293373,-3.628742709768526,-3.396309292638078,-3.9365346679386763,-4.740225304761836,-4.262012017838133,-0.6289158947714445,0.5198185212561673,0.5909010687883454
-4.942651040801785,-4.987684331024566,-2.279681866778058,13.591262859010977,7.480734442355133,2.752126543159181,-0.989903864249027,4.874258161911071,2.779198214591809,-1.0979011226090687,-1.7159970879637498,-0.6703947412162528,-2.1525252028482993,-1.810625107959352,-3.6164907215868434,-3.7442115593620713,-3.2640282248912555,-2.013261784980294,-1.1643907718920374,-2.2501909168181062,-2.5884894671679786,-2.1886107190287984,-0.9698085933873439,-0.8489949099632322,-4.185055014660456,-2.599056981279639,-3.243964750989256,-2.633760383149847,-3.7428590465691394,-3.3876522470712573,-3.1366785969527937,-1.2269859345563645,-0.4888760421378291,-0.6112382342720907
1.1761896892728656,-3.4844474083981116,4.892783655541514,11.72274907240609,11.208895816453888,3.0667714988409487,1.7683389663685931,5.37204727431121,1.4651424448417385,-0.8440691743797395,-1.7586756018929952,-1.550665392629391,-2.867415726606163,-3.491371474155184,-5.025418460013078,-4.058121516624382,-3.35657167810607,-1.976817676353327,-1.4982022230685574,-2.531660236080007,-0.942565365414533,1.3659495847834275,-0.05146003148828983,-2.2589717266106852,-2.9972493578081236,-2.589608346688137,-2.1404761119474376,-4.083346185595734,-4.371498690546141,-5.872037875124982,-0.9182165616060584,0.40213831416239765,0.9760442892801847,1.0433220735855884
