script/wind10m.json
{"header": {"parameterCategory": 2, "parameterNumber": 3, "lo1": 3.000054539987559, "la1": 64.9999836372058, "dx": 0.5, "dy": 0.25, "nx": 34, "ny": 52, "refTime": "2026-01-02T16:00:00.000Z"}, "data":
[rows 0 to 23 of 52, columns 0 to 33 of 34]
-8.645135881976119,-5.628402332663088,-2.8104827293421404,-5.320255757498445,-7.444324632585182,-4.605899177599292,-5.573684546426696,-5.211321599530759,-5.1269278299186904,-4.044777174133868,-5.651515314705171,-0.3042202573964744,0.1992771840350049,-0.058253310230611546,0.7677569058279772,1.5696856424794738,-0.3884768349771443,-0.1818856660170029,0.16518454090230744,0.5529426533489331,-2.8748751180600887,-2.390072848267243,-1.3495094218296462,-5.340852646315009,-1.0813548274857614,0.8271145715135728,-1.590141027278094,-1.883395477445403,-1.0857366983651122,-1.6379174392560107,-1.7870759391556168,-1.0762865886816937,-1.785609469894347,-1.4150974629567092
-5.497676083411824,-8.941704095064665,-7.921829764670973,-7.9030458918153235,-3.5738924841991926,-7.188145880215872,-5.6393517775784,-5.539542017138786,-4.999683185953167,-2.9247469445567584,-1.0621737706581589,-1.546789657305247,-1.3820235837054133,-0.794899326934855,-0.8122535032832393,-0.695392450857295,-0.9187265003567759,-0.3875814861509045,0.04299953650810776,-1.9956337320131838,-1.7239131912504917,-2.420402124274157,-2.8843643320955565,-2.154366540185152,1.2418517898743764,-1.5568234505114467,-1.7219512043465584,-1.916968279353013,-2.508579353689838,-2.5141744074232983,-2.0304125822408685,-1.692410824558081,-1.8899064061560045,-2.3267162007786806
-8.101171898891245,-7.209490466315493,-7.9687185800929345,-5.849951634943569,-5.4423982877462675,-6.051333999157796,-8.781667549748649,-6.072781299724802,-3.6626341127128064,-1.309472866501809,-2.2139088855089137,-1.5727457066532198,-1.1224567747283256,-0.5294948985950005,-0.4439363265177753,-0.09825366953479414,-0.0406565755989314,-0.47162187257556987,-1.362469930466057,-1.5577942611854438,-2.448471340289693,-1.7726804457497696,-0.570280892649746,-2.5798591810280387,-2.392424837546156,-1.9939465857534655,-1.3171554984209453,-2.613613972272155,-2.1620160625851774,-3.038532108749236,-2.780822357980399,-2.2136576931451715,-1.814226096168555,-2.0883108543177227
-7.305119055973351,-6.496165570738017,-7.487969193431684,-6.493463940941454,-7.701959855830873,-8.800636036967193,-6.934622889352784,-4.765267721030195,-3.245555062862512,-2.93046462393906,-2.3638840724771804,-1.2135327685089736,-0.5327801240115564,-0.40355557419067656,-0.7452121997729803,0.7586181520975853,-1.0093867558698442,-1.38116838162498,-1.9286857566940945,-1.0671525168760765,-1.474946953346938,-3.259458775896396,-5.787691754572717,-1.2094282339099869,-1.5402224351450566,-1.8273431316135775,-1.8861527378267482,-2.632868099694216,-2.617814198384627,-2.664493140738208,-2.814586482686537,-2.658895857260461,-2.822320179003404,-2.8719277650104686
-9.982298948772968,-9.205798642543977,-5.230431330791264,-7.234850942137435,-6.888788977668095,-6.034278100903465,-7.548984593110228,-6.892617075606701,-5.340755700428479,-4.2618838057046675,-1.2865960478234302,-0.27082705361887227,-0.1313028606279253,-0.36618535623595033,-0.3803651323583045,-0.8885280881171298,-2.1981443667381786,-2.2200288392273686,-3.1438894589603485,-1.5907068931436108,-4.135881963991423,-3.4356312379459966,-1.284418777516281,-3.5486542163247186,-3.202568638465585,-2.7554661097007216,-3.0198843876878563,-2.6639586315184234,-3.042324755913694,-1.763928288768547,-2.138973136779469,-3.2758738986216898,-2.9867944754017484,-3.3312633961049123
-9.186773202769718,-8.486750747858652,-8.740151195024078,-7.971472493322464,-7.190252078709327,-5.2920952246118915,-7.18870977534245,-2.1575781550282187,-2.811933758054431,-2.8656680787367614,-0.7922177297059162,-0.3182647403575501,-0.815428875117629,-0.7584257011263719,-1.348564421166482,-1.4569705512099336,-3.4701418917346434,-0.939135962845735,-0.9452148729486787,-1.8716126119433472,-0.9115908508119217,-2.850172212786883,-2.742725378995513,-2.2937228295923773,-2.5871894365309362,-3.184245672274885,-2.429195066907576,-1.9250873465256184,-2.7159125388143863,-3.0538073328835833,-3.287444848783518,-2.858336599455419,-2.7533702611216837,-3.1511855688863775
-10.227645489428253,-9.963445704102451,-7.730442099158725,-8.310930101021526,-7.686947044419781,-6.454458747174263,-5.076721023635526,-2.6363765066921685,-2.711126305236971,-2.4344848968037445,-0.9709493773181784,-1.931757586704136,-1.949627733745238,-0.1292522968322917,-0.7189673884183027,-3.6512795366724133,-1.48604493583125,-1.0028459722504668,-1.3098204362303985,-1.4668228134104526,-0.8240277783080917,-1.515114972233393,-2.2697737304932892,-2.593808727869969,-3.1659295726208563,-2.665476271106026,-2.8870236429374776,-2.8292457378285913,-2.6853787065764405,-2.560226480371821,-2.4795766529623604,-3.425221678861896,-3.3460756616517964,-6.892197385775911
-11.313985955478069,-9.061146472596084,-8.259824059167231,-8.499961349474425,-8.42350748356731,-5.737052215390539,-6.1379419406097275,-5.202943975135409,-4.359529763912494,-4.162238024525444,-1.8535804602854002,-0.04803539548569734,-0.9380237150354309,-1.746565584320093,-1.4753422265961875,-1.049569024863365,-1.1947381192618025,-2.7685751710748776,-1.8224304862639735,-0.9071140424277911,-1.3504452159942129,-1.4807680974324096,-1.7859307894002763,-3.235745156057526,-2.1467235326509213,-2.665735998831836,-3.286218677733299,-3.6787666648909028,-2.311513943552385,-2.898329766311012,-3.5340091075793834,-3.1472408815391457,-4.6069881634275,-11.32030899524384
-10.849691794542808,-8.82625639149725,-8.369841309676147,-9.052003389641678,-9.267434491273882,-7.697256971979792,-5.857584427499591,-6.3064158056045105,-4.2718021559328525,-0.7043848895635699,-1.7630003066840767,-0.5893435856925051,-1.0845638201843046,-1.678311801550814,-1.4015754784557368,-0.9332682995101662,-3.5442505119039174,-0.6528839845868312,-3.3130424510228935,-2.3192311964340266,-3.7868619610821344,-4.985221582465018,-3.342682170049108,-2.5167973480155634,-2.840672577095709,-3.135811899526804,-2.901485023983629,-2.421232857167262,-3.065381843949161,-2.530435803981202,-3.7735558888094163,-7.744815411223724,-12.172667558511627,-8.612514519334894
-10.828331820932664,-9.374853692346413,-7.461796852492913,-11.392585376524611,-11.332423466809603,-5.193566773800593,-3.34378138683456,-4.009433116725916,-1.2045660464642183,-0.5902673497793774,-1.1389204945150573,-1.019905669668506,0.6962153674575164,-1.6767733556093654,-1.8355117654152309,-1.8279893411686732,-1.8182758443231377,-2.0676562877796894,-2.154410415327456,-2.7447087093216336,-4.342138851797684,-1.2606473834967395,-3.8557548769924357,-2.7676503127693186,-2.7617790328725356,-2.9783489117739976,-2.645265511346455,-4.237111483777685,-3.6837454590527137,-4.019339345428246,-5.811901626819965,-10.582887355672373,-9.62483230651032,-9.106445749265104
-11.496216516843944,-8.572180546632573,-11.011747306789237,-10.643208093657753,-7.08630077922698,-1.5135318672226041,-1.5273198282544769,-1.070023568844974,-2.7899865464198466,-0.9212132554437105,-1.8602372956007098,-0.23634318234991458,0.709971023113918,-2.8622672934695803,-3.0014174234317696,-2.68890798063413,-2.2431152254191074,-1.3430220372189554,-5.868153779817668,-2.3111282786785754,-3.7029751379458813,-3.62150682124263,-6.155671173070119,-3.0627142739972855,-3.776238284616067,-2.5143835471860254,-2.3400390658036403,-4.528550771482645,-3.5934607702138956,-5.532399663268613,-12.868110374030204,-10.636656819397988,-9.901797154066506,-8.659776189792574
-12.564401869498393,-9.056558926264133,-11.451651358544352,-10.77744605211218,-4.269119309611502,-0.5107064802157975,-1.9107626224106098,-1.6524456885926853,-2.3071503349467357,-1.4867936190300677,0.06369042628767492,-7.1622301997028215,-1.472844008451765,-2.3308951993887006,-2.8720508672669256,-2.071350041707587,-2.3817842127769,-6.148712600725686,-5.273704446542549,-3.878874560451234,-3.5724308529423316,-5.21344134349035,-3.576455610389091,-4.022399357485198,-3.597883711093477,-3.723537178799454,-4.0393921823311825,-4.191843058820609,-4.08083298675688,-8.394153953000668,-11.446432409751685,-10.926192436425985,-9.26354122093432,-7.676331812555521
-12.654820793895789,-12.747301815244846,-8.652382489821083,-9.268065914506577,-2.2840064312573967,1.274576336957109,-2.7452665284066304,-4.281107439870149,-1.7250616223890323,0.7677048875015267,-8.207878507588024,-4.625231899247199,-4.30345895426962,-3.305965732341092,-2.8999754097783237,-3.396314311400662,-4.470947975427464,-4.105102182418919,-3.983758179095193,-4.529802425657339,-3.8666668157766284,-3.346599750480193,-4.281930607023366,-3.252399013001218,-4.3534899824211895,-3.7150037633003543,-3.926006566006495,-4.392536767381306,-5.155742696385007,-13.108863588428493,-11.369846572414959,-9.835551679606988,-8.028215202497625,-7.079064405449937
-12.633361692720499,-12.799978614015954,-11.364887929208878,-2.7852470192352397,-0.4766112586531955,-3.886207107149487,-1.8903266891206196,-1.0539095144118666,1.903431388213074,0.04025306197058566,-0.6919314702205428,-1.680632003272195,-2.2690670265907125,0.09247058556721302,-9.365562144810802,-2.1500058701084197,-5.271103227483316,-4.011274293019071,-5.4493173551613765,-3.165087597272481,-2.8058663382878892,-5.999375433646756,-4.076625186190997,-4.043320271868284,-4.099457026561286,-4.69090637631469,-3.859163890359568,-4.120915208792687,-5.096244772913024,-12.146963163147781,-10.202065296139631,-8.566102321272771,-7.673210876611941,-5.7362511417966315
-12.033433951057697,-11.873242387899001,-9.757388845559282,-1.5538802095157096,-2.0353060493529807,-0.2665448407125777,-0.47322402928742163,-1.8503961356011114,-7.4365230047068795,-8.691907019202718,-5.514850065602805,-7.6685633942515,-5.360146757735156,-1.6944636843605778,-2.9294501311792933,-5.430798740912327,-4.052981149911093,-3.414216331945727,-3.9140187426412885,-3.6496504272408172,-4.3191768495049,-3.443597263248342,-4.425998734151349,-4.859529979177472,-4.243258489409911,-4.086453709528279,-4.143689432196847,-4.324512508778503,-4.501564310980168,-10.935451187212513,-9.18263484938811,-7.552703317743029,-5.534741249509925,-4.236417348959311
-11.181205094170663,-10.803891030211334,-6.668779412888079,-5.565618811149313,-1.0964846898307696,-0.654699553392864,-3.6002407560584295,-1.9312455665945172,1.0004825735194403,-3.9205672345842104,0.584676415176608,1.1151463993292108,-5.8200155042312645,-5.582193865827426,-1.6692865221103865,-4.860156437535518,-8.001908806671482,-2.764927695520826,-3.1545726588172105,-2.9081040000329437,-4.172144037987804,-4.728215679764203,-2.5034113637620488,-4.175892801189303,-4.802919781093204,-4.487340179350526,-4.41824166613692,-4.394070674980371,-5.326750947739841,-10.371902060815616,-8.076702765934458,-6.281079708483393,-3.89622692366567,-2.780714239733345
-10.88098553934123,-6.524445605272307,-7.875987430272132,-5.909603618975462,-2.3738043937240065,0.42488990618063993,-6.587838136989549,-2.42276137400614,-4.004369885231952,-2.00494795392605,-0.8229726851018938,-8.174606904600767,-2.235720446952723,-2.8150922875424813,-2.861916278811778,-2.4988610701082186,-3.2076574252137826,-3.3841613971465594,-4.523174204628292,-3.9236798891820035,-4.1594952928276046,-5.818265768414764,-3.824368712424408,-4.679234129879268,-4.4899951044166695,-4.218397207314138,-4.589412137474386,-4.345184580607334,-4.1865494446463245,-8.907894175013611,-7.977124142932175,-4.768656530389237,-3.608471790763269,-2.937352056226027
-10.263184592995014,-10.022324454031999,-8.488579171290915,-8.293237810349774,-1.6981190380791986,-2.5699207604494716,-2.917510051931111,-0.13533550662984042,-6.549277616846566,-5.919625980803307,-2.308799025555014,-4.798186759974295,-2.8980957934915295,-3.789503967472212,-3.2341173086532664,-3.1103381683549642,-5.319965941830258,-2.7435023325509413,-3.999075279314868,-3.3773474295547548,-4.154276057015143,-3.1431820089985028,-3.8852134972878143,-5.295613313458236,-3.9708814713675356,-4.020639689686825,-3.815788409084185,-5.115303670577041,-3.640900285291325,-9.416021724556426,-6.195311355791002,-4.759452092648386,-3.8245608335334684,-3.224420921719786
-5.744384813970024,-11.87945643530348,-9.293748757052215,-8.534963142947916,-3.936459645443342,0.6050132562924463,-3.6075562323464005,-0.9171323773614306,-2.70417041121356,-10.5200958051469,-3.3106099857461553,-2.655768258999928,-2.6453712353215066,-4.190218266457317,-3.583857218144198,-3.6839464955740358,-3.678959735664809,-3.740444102789518,-5.876206216185367,-3.6138932299595057,-3.848247104877774,-5.0929628820839135,-4.071627545720122,-3.94951048286385,-4.0633650724480015,-4.139086509349312,-4.584451692900629,-4.094524545488794,-3.9108613537797705,-3.589324301659205,-4.779481842775626,-5.491260190608029,-4.696537099747394,-4.068211642693391
-7.4311495180605585,-7.70100930852542,-9.514456351162059,-7.382531283006448,-1.3821404836017235,-1.200768475931743,-1.2910035054697457,-5.895533023951285,-4.829733227246309,-4.040120784332991,-1.129415367144932,-4.756389190728179,-1.9132613799496805,-8.452091321012233,-3.5862501686646433,-3.983414055235789,-5.420990505416403,-4.001118463875807,-4.892024796600914,-3.311249849113895,-4.49931979495441,-3.90251418144005,-5.193328998900048,-4.455906380088645,-4.666938305607173,-4.394877506245894,-4.431533450427093,-4.216473583249336,-3.331248065697619,-2.7880229125918605,-2.888291212863904,-3.0002132550193634,-6.280143744348976,-2.8460059880718833
-9.017170976109927,-8.833276837692974,-9.01624695601672,-9.645521183340932,-6.428484796722293,-2.2221050740172386,-1.1046236427308602,-2.4481924151230468,-7.111718426850113,-2.7060330873966736,-3.157736097229411,-5.349794221504956,-3.9074934113779474,-3.4211712258257156,-3.2761574594271226,-3.8992093100865874,-5.397119655127158,-3.6952582488167502,-3.8158876960528954,-4.156314588425312,-3.8769326189074116,-4.193232788248818,-4.2389458712904,-4.31635145629183,-4.941215933294114,-4.254180086554045,-4.2717909038899124,-3.4772389339280902,-3.5000849277417947,-5.242370967216259,-5.128316189251835,-3.138762196147359,-7.604202985534628,-7.479567730230041
-10.491295804582982,-8.075021998920088,-9.80204309459808,-9.61699105738114,-8.163665659202998,-5.499351792473453,-2.740154906042485,-2.76542592831342,-7.787370866835941,-1.012672731450796,-7.637768745777066,-5.885948615466144,-4.090833647446054,-3.6690063389643712,-3.2571725647672762,-6.778968964731735,-4.4836517205345965,-4.423166790170877,-3.895637645539106,-3.9527085000826645,-5.027791146611944,-4.506164583068387,-4.534828057529942,-4.106673102107556,-4.132551260309168,-4.25033573803909,-4.0718654528106475,-5.742586842312606,-6.468131349093657,-6.5787657947298435,-3.8385005285155414,-4.422097557673438,-4.094658918868112,-7.748070042210415
-7.5427496707988,-9.961720308538935,-10.700314488228033,-10.652102831768998,-10.01134062374839,-2.5917303333062938,-2.4748889497842645,-2.903278807642695,-6.789778818206453,-7.322767390681208,-2.6201826015923415,-5.413263057489961,-6.65806122607306,-4.095226387425783,-3.8098360566723777,-7.2056457747332585,-4.126116899247999,-4.063933891001561,-4.719316630488081,-5.485853615152245,-4.294430198112042,-4.278102724174024,-4.252684817425295,-4.541846623138893,-3.964474741571492,-5.857577294268826,-6.883223686778262,-8.056103172389118,-5.614822886628166,-5.939275090731137,-5.657113789932901,-6.453935083115069,-6.936315234211799,-4.605204653072139
-8.658449650666414,-9.651967330750702,-9.997607466262204,-11.061905223499767,-9.317874777594579,-4.827262424639281,-2.8802352681709613,-2.6717012924883043,-5.0526836430932605,-1.615621305256338,-3.4587155922405204,-3.3067981433130624,-2.83058038340152,-3.1553078331056086,-3.8988551452957143,-12.502958270227584,-5.422536028445552,-4.1339527587254805,-3.7629060419831424,-4.340008816587965,-4.905733317550731,-6.102715714944602,-5.785135713488558,-3.521552760426913,-8.103393769689031,-4.333765042457312,-6.841298581474548,-4.866658068959297,-4.065554113996728,-4.795833025254228,-5.559069747445836,-3.9714663253061016,-4.930636089439486,-3.071168104759308
