script/wind10m.json
{"header": {"parameterCategory": 2, "parameterNumber": 2, "lo1": 3.000054539987559, "la1": 64.9999836372058, "dx": 0.5, "dy": 0.25, "nx": 34, "ny": 52, "refTime": "2024-12-08T00:00:00.000Z"}, "data":
[rows 0 to 23 of 52, columns 0 to 33 of 34]
6.367254338480633,6.339942380987793,6.135095220469715,6.238557975808979,4.368991779891251,7.22641606965733,7.675348231425897,9.164212901995942,9.103096960376721,9.090481174336126,8.497271384093679,8.648393791108202,8.544857734261274,8.094545624447521,7.739383169527957,7.4603006100136104,-0.42550830261554523,-0.36745213704979657,-0.6561221318855096,-1.3064231365627517,-1.5129419653155305,-0.014821211259756458,-1.2198015999643368,0.9171174732095995,0.1474707096723227,0.6232039280040724,0.03239980430477622,1.175790754191483,1.1714576788141655,0.49460877869105724,0.38777119977323254,0.13246711401811884,0.7498039859960574,0.9741247014358625
5.823159110686461,6.155809292616683,6.453083594975819,6.980725468787954,7.121671691041052,6.826390543058995,8.307415781173562,9.04446309812806,8.748078133553575,8.31103086255026,8.914887439342438,8.631917942701456,7.932700042746388,7.58955363643363,7.2210091727910015,6.068512451460735,1.9781518217537184,0.7459837203705686,-0.7307940955229797,2.1061654282209132,-0.47158622596268973,0.408028383272737,0.6782883941893862,-0.07065055409174345,-0.4167061208474409,-0.15432085171715249,0.27093290883896537,-0.27521198206897074,0.9934671601982165,2.0021378387243827,0.624610717086203,0.24138584215911882,-0.008162447859960635,1.318273296729406
4.80879702075855,4.8459113704520025,5.260370485609973,5.9014637903762726,6.62722718669751,7.812020045377952,8.578315966260133,8.158679091593612,7.891467667246025,8.320299465518225,8.342370361507971,7.774469641064664,7.344097047256383,6.898089615947342,6.359729798524392,3.561217127638588,1.4978888676608038,-0.7914785744004634,0.8938784470572091,-1.5148029556178524,1.440283064219098,0.5725596892378338,-1.4985338471183758,-0.06321850365173767,-0.2648300809154289,-0.2686785137128126,-0.15712091537239173,0.6786713892842903,0.43816761305341545,1.1977831654757725,1.449272858756212,0.9217467469935956,0.5851233948423633,0.8304365798377
4.609674916001407,5.128930799543539,4.682568638519685,5.681941956737274,7.440276553187463,7.392635644554761,7.554306329480788,7.309629427254898,7.612936776921098,8.1324844859126,7.608658661617097,7.3451837656971675,6.799399677866421,6.038927146209577,3.316314212981079,2.5861602451381307,-0.4764095165746795,0.04146126981267395,0.44632554141299025,-0.16908000243952212,-0.9925401455131635,-1.6193223028182457,-1.0755426852664542,1.0461677701709913,-0.8077429692063196,-0.559328589747685,0.023059163468066805,0.2130458128310692,-0.07686413385559715,0.6327279676150903,0.5240360898982737,1.1429456496136978,0.8755831980501214,0.7878796179313462
3.6440964657636754,4.756629216300071,5.563397522203755,6.32432282810018,6.007956567988468,5.543695030847815,6.489295804617476,6.855489507819172,7.506369006766718,7.2751363230879305,7.1236670442070995,6.738718504505337,5.6489614249870534,4.43298567805996,-0.3803816257855037,0.9931271012450654,1.417234583696944,-0.030799405713682913,0.6758118084356564,1.7045848589705177,-0.21931405916024926,4.128244815064396,-0.9633231602989578,0.024881812733210384,0.5306380707299168,0.14815680514524418,-0.6280084576900029,-0.7241703414854344,0.6162618226569215,0.105979649223434,0.03546825413345775,0.9322139923878142,1.2206663969001732,0.5515778118830822
3.8020230141897997,4.935462505190294,5.29075493302473,5.434299189800264,5.532283563616314,6.464833338596049,5.710919485506837,6.833925811001249,6.691771209353615,6.45630095510431,6.28721134500055,5.07903445072912,3.6474446726170444,3.608970954861781,-0.7448384453546405,0.23240132009671835,1.2806672829902863,-0.06546855557935602,0.9871043312011103,-1.3173021305711832,-0.8439013500615489,-0.8265195043212267,1.1410314710698635,-0.22257152638489355,-0.4668621164296107,0.13910671661856475,-0.7552771352272799,-0.991256153916101,-0.13939330349876788,-0.05081697009930328,0.5118031140978956,0.47580165390666906,0.5362294856325615,0.25787209788262566
3.3119105727160076,4.074176633355352,4.9878675873143825,4.243378395237878,4.884852843168887,5.094428004251077,5.805946373673715,5.625661119747064,5.703730593663379,5.493162020778604,4.645105078858193,2.3835408210143867,3.655574329024287,2.470566500129166,-0.41997985114562286,2.408388593777523,-0.3359276908091181,0.801145258332081,1.902518796312074,1.0612020134081648,-0.5453352152826094,-0.0954886491360761,-0.9342502685517192,-0.8205029698590115,0.3315440035093508,-0.25327478015297217,0.9835525973630277,-0.8350471219456015,-0.2572810595245183,0.24481332899292535,-0.20339896231184107,0.46042423304001917,0.746993331833249,1.2616798942983594
3.027016347764032,3.6435368924340925,3.712009325540183,3.4517557220425585,4.848110952760623,4.633949507196073,4.787069955471145,4.665123486508655,4.724875537480087,4.072242927982479,1.820319588882003,-0.5848546965965069,-1.1811953233761092,4.473777883667402,-1.5189244599621217,1.267474593172402,-0.269401949029199,1.1572894088603771,2.0901440670893408,0.8809552288688218,0.4015668558189348,0.80791693704908,-0.7702243839204977,-1.0224565773645404,-0.22814182475612524,-0.9053441649847109,-0.6994082802929511,1.254225908953919,0.1834804475582601,0.5317309434610458,0.6149667319565498,-0.03519430165261233,0.5179726558512379,2.7869165973377013
1.4332795638490798,2.2556255983899605,2.8567832328437017,3.1565595644475364,3.652904661948505,3.7540616520055945,3.9651545263938335,4.122384160759899,2.4992322003559324,1.293000989908968,-0.37787813152686545,0.31299006996384215,0.7754271577062524,-0.052114538768856355,1.3165902568188665,-0.2449696352667592,-1.2617299026557298,2.7563271097122017,0.5703940965108578,0.0426730838387473,5.950894941413615,2.160438176227893,0.6549728314768956,-0.9193305536687997,-0.1536066147451361,-0.15396440718343932,-0.15934043225168265,0.2533299312341603,-0.5751831532894854,-0.12817087030023075,-0.5068282344609539,0.6310217450573561,1.5137982795399856,1.9972264076283517
3.1188704625665093,2.3427235041728753,2.119264728255701,2.7958445395649045,2.678726086901206,3.3039557791141654,3.3093295560093954,1.969308513106039,-0.6985340830900568,-0.558297754348468,0.03457406797702751,-0.8316325792078495,2.1056812545981485,1.84389979530802,-1.451942406430542,1.8700856420536052,2.405412210349472,-1.0900366771234884,0.5120392588594143,0.49925087568143867,1.9487669110680594,-0.0684868174459892,1.1426061891273598,0.53923418831484,-0.29058111148015014,0.3189015135638586,0.49781351050064937,0.8122142054841771,-0.6476087343267983,0.029815156376442078,0.039920083069521224,-0.3743624920296044,1.6563073056651394,1.002280079259738
2.779021395166307,2.443507267342444,2.3266338666121187,2.015695358827979,1.9818489876594383,2.62051903728845,-0.3271911483058454,0.5557459479262542,1.6665121218566514,0.5189643511758033,0.8788895378527549,-0.5891249641416335,0.24310035351745135,3.2779008261163467,2.8474144154552943,-1.036522459819631,0.4412229550503205,-0.5507994327764408,-0.24455121629451496,-0.1654312889502741,0.7454002870356955,-0.7901574567613483,3.067053572665055,-1.3624163293702032,-0.12753010894419486,0.24388907593415846,0.04292215419802168,-0.2091864882794673,0.37782827696385546,-0.491743234929033,-0.5644272579165707,-0.5601597428656222,1.1755062546728157,0.8635294038505134
1.7732642432424863,1.9282426664903476,1.6182503211408492,1.0098206773102618,1.5876023884573625,-0.6019260049330171,-1.1013194591029722,0.43567823658520555,-0.6725915060702562,-1.4384132727622845,-0.0231589048564456,1.1393480981260462,-1.1649452578990727,-0.3374682039087508,2.1316280854378284,-0.06900237454467627,-0.608933479121429,1.9448819617813595,0.051173883198676044,0.18661468308349433,2.015930184955981,1.2743616564091629,-0.22708052375037988,0.7478686170603526,-0.47848990371588995,0.03550235071779401,-0.21523142970032172,0.21821098024796864,1.0234638046146933,1.0013893793167494,-0.330274968746975,0.1529446648186902,-1.6101066222627975,-0.7452182679536413
1.5834975308822372,1.1211367577415463,0.8583907087415471,0.8868399518446685,-1.0475416833776794,-0.17985362814353964,1.8293018567793018,0.9564651691634081,0.8103711578179893,0.19848332510569883,1.1474002123532798,0.1163550134521968,0.5933111649601187,0.7153723571350118,-0.5533062532995416,1.7775037927976693,-0.6100701264896347,-0.07979062986983441,-1.082658694017664,-0.13074243107510233,0.16056605293403983,0.6298855670014704,0.7207182034355052,0.08187860768120918,-0.6132895453071474,-0.4903106337731641,-0.48163434050128723,0.0482337349873818,1.0023606508451528,-0.2538244292776554,-0.46506966758583157,-0.6487634726072802,-2.1771697078899406,-3.204506897975688
0.5516455529260733,0.8909947346384768,0.7757456032351443,-0.5049992471523895,-2.2594918505507526,-2.126582159205839,-2.0015634874810857,-0.5667360398626182,1.459854820181521,-2.333648198788929,-2.6195340829367235,0.46144524279366145,0.10256471774591645,0.13312645287847327,-0.14085901249007277,-0.11586267861621777,0.10632995395443834,-0.45790048817948964,0.13604668228236874,-0.6266333916023228,-0.9542276371915999,0.25980766392740057,0.29553432348577147,-0.4718603235162681,-0.5286637941577023,-0.07949517874881916,0.4954939181155815,0.724074474532353,1.284515502473333,-0.4021085605510927,-1.0972777484054774,-0.4736223090224315,0.7160945812217157,-2.4527094620295102
0.9998672661094897,0.5841383840987165,-0.26380486126999275,-2.7008456565267385,0.5904902339453857,-0.8155679333767023,-0.4609274230792803,2.620029289446418,-0.5102967487052192,0.2103339175922614,0.9833882832524062,0.18819782815614552,1.3913254840730864,0.2045759604014332,0.14599093214936373,0.43192502935678967,0.40128611755083904,-0.8922107909074787,-0.048864595128582274,-0.20910264668296813,-0.16735909965648735,-0.4890540595297928,-0.2618817225541967,-0.48646593235668134,-0.8687914819956544,0.013998771885168472,0.1300808548039915,0.6626079263371323,0.70937079361803,-3.1159935924297804,-1.129175809780975,-0.799396468725833,0.5230106591034026,-2.381248021056925
-0.12771993997829828,-0.28918557684862983,-1.2112392421689269,-1.786365005205946,-0.12594905140840545,-0.2818104208409008,-0.8848131445370508,0.18082138613361784,0.3845124196914467,-2.3103667181432037,-1.1965864452012658,-1.0929384134849833,-0.78347157276138,-0.655021053949739,0.154776633225725,-0.1849579690998159,-0.08485584305350212,-0.5412967494296883,-0.9714633398083555,-0.2810405811080597,-0.6689564991993658,-1.0044964209699483,0.408811626255893,0.5036665840372266,-0.2850822146934754,0.10220200047699346,-0.10256991468135264,1.018456843731694,1.2560319826486712,0.18688413831045408,-1.469901348932039,-1.6424334727365257,-0.6801674850246187,-1.4976535923077459
-0.33987539919558746,-0.5474723939256441,-3.279142259575487,-2.251059090396126,-0.30518160025503693,-1.3082379075505255,-4.320619428986391,0.6914958882806409,-0.3420176744775759,-0.5804185292104181,-1.4220989618200106,-0.8256097009830249,-0.17328294905482627,0.5440290982809494,0.49993643795513076,0.6512347306763564,-0.8055824080499722,-0.18621743286950024,-0.9412494479047608,-0.9452023603750894,-1.020905141198171,-1.6230017568812585,-0.8655885805858186,-0.6815794716417317,-0.9009393689417845,-0.6912784367141648,-0.8108124911081158,0.4914946245151955,0.5502738858905407,0.38393493143898383,-1.8912983752543002,-2.387359319172874,-2.310417659721563,-3.1797475320977164
-1.1345839743789228,-1.1074621952539028,-2.4547290760018767,-3.330809700002576,-0.4112503115338913,0.555123687999303,-2.2631538124560566,-0.08871566483685493,-4.532568989003772,-1.6501048535971108,1.5340316890604784,-2.0871541841618013,-0.5035536978763311,-0.9837038655136456,-0.7607986123362263,-1.4598551173050698,-2.1786770806331806,-0.9088080862254141,-1.530037951128676,-1.6929336502163268,-2.207020884379449,-0.7920844099195884,-0.605420552553122,-1.215451518021606,-1.004107751141852,-0.40695190645954293,-0.9758052747058642,0.7868689305091946,-0.20304639115376846,-1.9225649032640575,-2.499029558303068,-2.532906275483377,-2.924528531006536,-4.381826272885341
-1.706235411410606,-2.618282218024505,-1.5956415761926739,-3.268604512523464,-0.8284270168242388,-1.4200116723035867,-2.43602354823181,-0.7788554058138604,0.27091052882689814,-2.241513503966842,-4.000940446459998,-1.117942426098164,-0.7825736179328701,-1.4267814061446846,0.9909666640747331,-2.2306122394114984,-0.4363900224766859,-1.476950144734209,0.4605319499548331,-1.3698882614324566,-0.7165631338759659,-2.526031685289758,-1.6354184462703318,-1.584284067425199,-0.609925288255718,-0.12174755173740347,-0.9360400626118905,0.22413266775315033,-0.6164310178945763,0.0034189288198723305,-1.3268146433713175,-3.417296735448473,-3.932129774329251,-5.841808404257307
-2.1053870173698597,-3.5703174983733517,-4.315497765759016,-3.5232887593099815,-0.5723606457455886,-1.3638040846907693,0.46776809817251624,-2.709372832575682,-6.312295874404507,-5.332157864475751,-4.007258109426756,-3.1009611692193833,-0.08964917906906046,-3.917137292884745,-1.6197955660334002,-2.3072829836326205,-1.5971530025883747,-1.652186877564131,-0.24100482088923217,-1.7297841617400902,-0.8139214764398045,-1.5643493389438647,-1.8484399295824123,-1.0879103791401439,-1.194618481856864,-0.6261254875567742,0.8447314168328157,-0.784132413835652,-1.2869883566407427,-1.3529080415981534,-1.2087634306413237,-0.946877507514405,-5.221747701933066,-1.4734499389662064
-4.156104171846646,-4.053473287216938,-4.253164352481341,-3.3915659430298186,-1.4580067061446929,-0.7179563068816947,-0.9142078674806957,1.1816771401288797,-6.422837405657248,-3.688952606895,-4.831436360694841,-4.295350613230774,-2.739517014073849,-0.6356201734732395,-1.4647164939505788,-2.22519780608871,-1.7574466681499041,-1.9636081062695452,-1.380003510435689,-2.3892965028803137,-1.2734755276682006,-1.1905519356486693,-2.2037350414834314,-1.8466823180327938,-1.9466694751263953,-1.525250661843188,-1.0059696479631388,-0.6316797326481388,-0.9795852580577654,-0.6990796994290455,-0.8870129089509946,-1.1348969067063905,-4.509357547033661,-1.7312828014794082
-4.351510525576897,-4.750158595486456,-3.619301222166334,-2.5623346621092407,-1.1407363249387383,-1.2381735798556301,-0.6755869690106233,-2.850806679091975,-4.827771343868301,-1.6200068281355369,-1.4045963995544721,-3.6711468316501,0.7186315350327467,-0.9191944848086523,-2.109788628727523,-1.3710384536771283,-2.1423987694028646,-3.0254973041506235,-1.9206616857933079,-2.056167961219507,-1.668177892420727,-1.532371415264568,-2.2959435386540763,-2.0440561457287663,-1.4533353459381402,-1.707704770761977,-1.1036998315007704,-1.425579091336846,-1.9416541900178113,-2.015118836108614,-1.4777761396533413,-1.0994339719620558,-1.4187302361123073,-3.5271169891456657
-5.227697782594119,-5.598870938252446,-4.270330433922788,-2.8557393546180547,-1.666783251256186,0.16081395913356644,-0.23566036791034822,-3.6426941827590773,-7.066275119951723,-10.296071305919305,0.05059812725861736,-2.6866840097735594,-0.41614280041939994,-1.9830181637986377,-2.2606437606091596,-4.6647922194726075,-2.9292323335639723,-2.9493119207080194,-2.8124292165573554,-3.3175918834283786,-2.9937455003207156,-2.377598194167709,-3.190164366596235,-2.6442406790032873,-1.861149261356521,-1.5306144519699594,-2.630155567250867,-3.0690473070235655,-1.7620755697564476,-2.274260237948655,-1.3446721257147913,-1.0947693441920472,-3.142283704302071,-2.9555654405129728
-4.824499191955974,-4.86685211400594,-4.673703316296243,-4.608684860197231,-3.7236223134659086,-0.48604554219436635,-0.784411562355747,-9.650135047127486,-8.323201115636934,-0.7286844724786455,-0.6573024141842246,0.260857445490029,-0.4949603597540482,-1.7305009691396633,-2.4846184941618237,-5.688807683019904,-3.663742780602991,-4.050019761305714,-2.952253674261793,-3.088307501023443,-2.638715112408615,-5.1131115240595655,-4.129328746904192,-2.307569067224687,-1.6033798453333383,-2.395682038751178,-3.42058069176104,-1.9088612705821755,-2.001517763136409,-1.90907418409569,-1.716651359985102,-1.2742160672836556,-3.487827024827944,-3.671328162244174
