script/wind250m.json
{"header": {"parameterCategory": 2, "parameterNumber": 2, "lo1": 6.000198445256149, "la1": 58.999992894266676, "dx": 0.5, "dy": 0.25, "nx": 22, "ny": 24, "refTime": "2024-01-27T17:00:00.000Z"}, "data":
[rows 0 to 23 of 24, columns 0 to 21 of 22]
12.205079607989418,10.848675319033305,7.643452090536468,10.16404214075806,16.11004604992788,5.3801981478538,9.716281771484919,9.919764655708741,11.940301718488396,7.767344900051325,16.54355068303052,11.519312416680881,10.883140872067278,14.33850517712226,7.890654028842216,10.080082192365019,17.748940260948906,8.539632497112894,15.178963070963848,10.893485969847914,14.647938935715738,14.72317421239068
10.318255115536322,10.65937537274346,8.546549362045909,18.374785004516788,6.491743169023,10.94743216048362,15.450078800340618,9.92276721488224,15.02142361825607,10.644979622246069,12.026130753734142,7.442957806768088,8.360583464474576,7.352748811920993,9.893512676844159,7.555808566025085,10.119022393741215,9.631834863572973,10.468994781813164,9.799483361455138,16.02603719874127,11.565575759695081
13.505251964871379,9.387800208701004,9.99902517490551,11.16430017359686,12.692679645265123,14.302434772641956,11.689572409805564,9.585565011808999,13.90489529506255,15.952595421825945,13.15147254324226,11.596968569571393,10.901718174245465,11.087291005623944,9.574291179532455,9.574755422098516,7.988790615043142,15.867801915884474,9.174227817372392,7.590422268924921,16.419300662371484,9.490675685923637
18.364661055668854,11.305055551113652,10.451121689164982,12.074626720358744,14.265442230717268,9.977543911648915,8.752259589673626,16.59906175628172,17.551409128556134,16.159679785068793,15.163365226735639,16.37746604157339,10.401131609922862,8.738183101466518,9.916592835778902,14.37111490397295,10.823557960410813,11.874049552207422,11.142126589337181,10.10049628184511,8.57915884308578,9.414572634860054
11.152271421991294,12.495075791818486,12.39457151699356,10.558142002945562,8.981374955776465,11.269374286526652,15.643446424915028,9.129398659214088,17.210778039851775,8.246302882266104,9.994527283036893,10.462950053713653,9.578027514192538,10.073648089676754,10.343596942094567,17.842881511891683,14.02405363004042,8.565031467766412,13.741026354984433,15.196662699029488,5.260057197050657,7.681828249119875
12.031646030421008,11.373221503863968,11.73043158184113,9.596714435036015,7.245047387388209,7.573155071754941,10.900856876414192,9.10458876589238,8.571426039036172,14.259388264510786,11.336406453724567,7.880698520423744,11.069911849066413,17.678877959783097,9.432229854426312,14.650301363334297,18.468167476694706,9.800045101048921,16.706541247111506,12.550266143221503,10.947373321278834,11.265600373337636
8.046331827925282,8.780691123596519,11.766546213673372,10.377819352994491,11.925462032427413,12.237601686950208,8.727886611988364,9.512004766641503,8.049164777360367,9.690967406606722,9.35208506719149,10.393926472677558,8.04276699682492,16.306278564436216,8.891838110385441,10.748793577685893,10.160700643400506,10.59804482130808,15.785399621517925,9.157375809472361,9.646729647319177,10.12865156346898
15.451254621008776,15.624400554115333,11.685164916701867,9.610815313267947,12.271572943843744,15.406303537914741,10.668962414338097,10.845800199883506,14.165826300087279,11.670074925651795,8.58848875603666,10.872001413112839,14.194564606394565,8.576537005053632,7.5404260895032875,9.320827891424946,10.867816178893353,9.785923784097893,11.920977800249078,10.873107957804152,10.658008553369253,9.114232383303166
12.489191309718418,16.314833621440663,11.09694404504762,11.41643242868784,10.355521793953082,7.673919951828657,8.335828457705869,9.585217776658899,7.977786350704252,7.712694199178532,10.374693866147144,12.874015378977022,15.210778664726142,12.937414386016867,11.833775807970865,12.204184838310288,12.818717591477087,16.49009742796717,9.072421984276286,8.027484422594117,10.4878944786937,15.797514616273066
14.278864316078646,11.835928936778913,8.63590162728011,11.133798848708961,10.275735738252976,10.133314429698718,11.705095057560063,9.786394477545183,10.8269148689182,12.382698071220071,9.638699124047994,8.620850870956975,15.56853347269951,12.185064327031748,10.587285364002005,17.258868003864414,15.629319535031529,10.872830071389432,10.892969042651087,11.202361180946285,11.577425344393053,6.950073103474927
16.597091019519436,15.69639963033609,13.42058777219284,7.87225441834227,12.449873205505265,11.519462981054643,11.51509677569854,10.567842803384474,9.243008698981015,10.789627989381462,10.344739010630779,10.56344168794362,8.920455405253058,9.565104354892071,7.94267541013819,10.109167735578612,10.60147686488663,9.993117848728877,7.1376171630777865,11.203411513380779,11.868422839121704,13.740443139419456
8.418279413659445,9.731108797733262,9.706606051992713,11.770068599166363,13.751666592765003,10.479050288407866,10.330758602045346,14.267257882298493,11.999848942875559,9.196060502111072,12.726168323621312,11.036379290059172,8.41063048896151,11.60217127519508,11.006278817104459,12.066706024852776,14.838895156367974,10.12578957263656,8.572622733013242,7.175565758341048,8.098662556744872,11.458496799259192
9.959707090532962,16.72883588941301,7.805917922397845,8.707458642597693,9.111934011898985,10.483083904211552,9.405014508626794,10.729709422255768,15.049688478034636,10.610453982301935,12.729136487381055,15.196177689763898,8.311246361714135,14.621547195026109,13.955101533198999,8.747234976679888,10.353649951768183,9.120076041581267,14.212590275925525,9.908894476415549,15.500884000307366,11.244840575696351
12.719938193889028,11.316761437580855,7.862777898118386,10.75972729295113,16.013041536691578,10.217342719430292,8.544936065927953,11.811670159359917,11.36001861995793,8.385428459674458,9.092828336623336,11.279414195813288,9.330732055644747,11.014206030269715,9.877849423608053,14.43615322265684,9.898772093454411,9.806783506963642,7.5914165713714645,14.993398405575142,11.672116474938253,13.969435982175664
10.869013911396063,11.721789983110193,12.394305545817634,9.247673571600814,10.767223980693835,7.084595181907588,10.699548766592146,11.995514988344599,16.042206310768687,13.388084677260094,11.531407006485715,9.862989859975801,8.802960571679844,7.4780414865982925,11.444519697948047,15.837714713915942,16.847671160424394,14.713184441464724,8.857137095772188,7.289919870700991,7.496468763625103,10.61386894809072
12.788086202124223,8.056639279077174,10.837865278885259,6.935502562900952,17.284506778522026,11.094546808808945,18.118604721131728,9.258176870511615,10.242045111702012,10.637717593793845,10.313551327357406,9.80420440698965,10.515949676541517,5.87937399772016,11.156708146092601,15.600929073467258,10.38907881139886,11.247422487394399,9.121707045642019,15.403094818607022,10.535999334516964,15.709124213280592
13.260749462434285,17.03110823755473,10.089312723377887,7.331902231130915,10.67634605095047,10.856824688096163,13.430202838688936,16.015971460737877,13.365021205766507,11.707923507710518,10.454949850327978,9.246797436387803,16.430785242364372,10.855696145811255,12.334113178955128,15.273541702197084,17.649999416782336,10.556197898045761,9.91280885508786,9.378052872211091,15.194824323661457,10.088114282899966
10.599254975306959,15.776221926221988,7.950632294573178,14.365140882399858,10.038049574500574,14.257003799803897,10.261182830109094,11.046413665955194,9.843132559061909,12.123797747833683,8.237834761294883,9.830262359475316,7.966241860253168,11.295352334859666,10.22515730900001,16.686427784448988,10.235356337744413,11.237750480987955,13.091095130251626,13.35365922261428,7.885498701415116,10.387177785235032
8.678179337157992,13.054557805464137,11.137469905374266,18.57717569238196,14.375797151785688,14.485362893821943,7.3272401588732,9.94474131770116,13.900708525421647,11.028561264525566,8.8158363451618,10.246714700691717,10.064680576533018,9.936865080323402,10.60086138177294,16.841657949154712,8.442580327094735,11.856962235129096,10.987192928100812,10.731069391617453,11.020498742673146,11.54345903732349
11.04242272711553,8.005357353375569,9.767630014094813,13.333719346074991,7.95056889099804,13.66096288854133,12.458649217729754,16.090603424101,14.12292130893609,13.044359815779439,17.784675580288262,13.085920677894148,16.07193786462713,9.821498536717623,9.083757453962146,18.80069232489257,11.486332004630974,10.533193416611137,13.5467892655719,10.990892602470879,14.031301374918021,10.995104983357532
10.423246920119947,11.143782335706351,8.848860757455796,11.413063873573728,10.449596330178698,15.00443456500909,13.852572230461211,9.528996181953193,10.913149100249814,11.966210908100296,12.25593095542972,8.147975027973674,10.863229069225477,9.034270880571638,11.070161100428358,10.061591895216418,13.790527083353549,11.674292331048832,10.533207806430333,12.166363637522453,14.193589916723907,9.125038819272026
15.582851655048609,14.830231165498827,13.72596274014225,11.329765385786704,16.658570305798996,11.103141456911077,9.057830265998989,20.742719443111476,9.432923282638882,7.96785480484818,11.90617699690211,13.126194405374381,9.698374352293163,17.190037160406337,10.28501546818702,7.186013445624289,8.39380228076932,8.148960330051453,13.119579466715935,10.382484142723094,7.480397320807703,12.686270030815662
10.115424704588857,14.567081829725923,11.267141693747677,9.185116385442724,10.34079402390749,13.6444186946901,7.4262356281672535,6.3665676661655475,17.310935330083918,12.81601822342511,14.352743472673437,10.419909035621693,11.784382423341798,11.751935156730195,8.817921764375418,15.881149223893324,8.76451112393045,11.658914343426297,7.354842850616572,12.368115090172257,8.82623598138088,13.212492712598047
14.202261542139436,14.361575706928958,18.632065253900862,11.02832443468906,11.413712723416955,14.265509233363836,11.045737488484399,10.484424314141394,13.088774764426226,14.039637482807956,8.174502386143336,15.354273889350992,11.42370554913436,11.411192715668768,12.496512312228802,9.172868594309548,12.132419277848046,10.440017423096174,13.431723344318312,11.379512725392987,7.270076586936581,7.962472615468944
