script/wind250m.json
{"header": {"parameterCategory": 2, "parameterNumber": 3, "lo1": 6.000198445256149, "la1": 58.999992894266676, "dx": 0.5, "dy": 0.25, "nx": 22, "ny": 24, "refTime": "2024-03-19T03:00:00.000Z"}, "data":
[rows 0 to 23 of 24, columns 0 to 21 of 22]
11.793342312001137,9.44098065198501,1.0289527474794538,0.7570669777634883,12.648180441278551,6.322705442448556,12.59504997975914,6.2488563719654815,4.881772925294839,9.794312292861441,11.482707509353993,8.98144401978106,3.563702037038655,12.374214738091851,2.574625938976616,10.774484895933462,13.238897163737432,3.698031154592089,12.07080281916477,11.523296327568174,13.371617489013461,8.388121124952278
3.885358439531916,1.6887233146918943,6.059381309650108,7.9868630429137255,8.30213202568718,2.506230187101874,13.625847377705822,3.2069089793474816,12.58607867505852,6.042524018941384,9.472885557322316,8.983613106767029,10.255120653752732,1.76876694035596,9.73844141121958,11.866889013123481,2.964057832256196,9.579355315776969,11.080333609444489,14.076596782586295,11.38393309336342,3.541745326275097
11.095122519267662,4.501420122083575,7.391172558120551,11.872236419626766,11.717620205206808,10.375972855888788,8.752208371554518,3.946272381431346,11.647883305512089,12.667721854560941,10.387882048900535,6.525942953405045,4.4374337897234915,5.214975591095952,14.363658067680728,3.5385015524681767,7.999716128721922,9.308617329707417,6.182618667519864,8.631298159703732,12.146903243987653,10.542258138330675
14.12653328138059,1.3266725325144868,8.596928249816706,7.20558049582672,11.149118953283844,6.181650979763687,3.3651427262804607,14.339156826676103,13.693510081100717,11.81180289838137,12.15188982466085,10.866055370168356,4.939692324065113,4.952912821712736,3.7168131449307444,9.319861817706283,10.053682941938275,4.893756760834299,10.193927607070279,14.8196872954714,3.185589941364471,5.3746912763650885
11.039433274328047,11.53557166952589,4.354248613720907,13.673228943191265,9.188910751921508,8.671240515776928,9.406945946024807,4.514182737599818,11.565421896563874,11.30139129114811,10.227956059061249,6.985004935360824,3.819750050196329,4.6304979433922995,3.4147688251374055,13.126895490762427,10.411466800861696,6.125192952654444,10.299341295729478,12.160585379635984,5.763024667310594,3.273536000028131
10.526402606202419,11.305610635010874,3.183685499241588,11.02744316688015,11.271910694428922,13.739760704986569,2.8157198540176793,3.9252766585528667,8.60841568554677,11.167747391788657,12.591494448700129,4.832931456934828,6.2515157219492234,8.122490127096233,10.545357484276776,4.289221778536448,4.999530096647418,11.330538544865014,14.37041377370953,2.4183574260505085,11.85026351848857,4.094930908870806
4.524416224058606,9.333815087157848,5.13675372979192,7.691051479693425,7.365555997787894,1.9566545063289964,6.45766722714934,2.2857258559221614,1.337836216317757,1.631412381294293,5.195936267678323,8.50844621424179,10.676431617623555,12.803414078323891,8.059903589269831,4.156464984380246,3.1681816746874083,7.050353670216964,13.161196056364131,9.379148788545965,11.27449721271008,5.151357697021505
12.947969778302724,3.6871036163019046,7.656066416972653,14.095195591765139,10.462780650130538,10.56514297842032,2.780416682973127,2.474822558142406,4.412038259616585,8.162286421483335,11.825492302756633,3.127248028983011,10.018215916676194,3.916670069176581,6.908367144385036,3.8973886286666786,11.14333180527617,13.826836703429311,5.484713560281894,1.9765701397880011,2.3846958297573333,8.969781676820386
6.990516200529943,12.507931028333099,13.175194825431154,12.3683240026731,2.325478394481383,2.4595656166947966,5.867155024629155,3.889283163164257,7.728541538171849,7.435804784360542,11.559111923875225,10.357413827712426,13.15359802262952,10.904623881134484,9.749992792142214,4.4070704272026875,5.946707059048298,13.324495386042777,4.927182517393791,13.697431300913843,13.226659432260698,12.19039162236603
12.171196376858154,11.984444973081835,2.0984846186733406,4.75303414534921,3.657718620503092,11.348914751035965,10.838921125504756,4.82942415326286,7.906137274202899,9.732446293942703,6.454491192309812,9.974077662877638,13.547302582467246,1.4859473935077359,10.297663558325588,13.511653571519803,10.168962793263992,4.457274399555214,8.049952925222067,7.219051382394444,9.96778983316693,7.5947557526368525
7.490380212013165,10.600335014526435,8.99892868715799,1.8991809105134985,8.363284133663234,11.453889184556829,4.708522307104706,8.70706727848683,5.412893867217712,5.418308833707029,13.131605801189329,2.052120600608104,3.033223759058247,4.277036375687861,11.782319782637392,4.51970510187106,12.106464793460834,8.3214434343966,4.4565852949425695,4.518286096460568,11.244796114554783,10.449925997807897
5.025174764789503,3.772764573000041,0.47843103940959614,13.386644334832795,2.7162118132995374,9.872516268074909,4.005605027578803,12.192914500041073,5.3933731489101495,10.871692522762011,5.822340022935908,7.318694595577321,9.106887421858893,8.228856088715848,9.47615196894806,6.832856044297953,7.714659472215072,3.3656592371456653,1.5296904063375827,6.333170310774128,6.3414185043779865,1.0497574180181533
5.756897109811568,11.706333392117871,0.06600337120154383,6.666471435727938,7.80440708747812,0.920360060328277,6.321115617175083,3.0390915047781975,14.064742078055886,4.341838793342492,5.928352459845465,13.873219308386377,13.649570988473847,11.20991469852993,10.878311001084413,13.57134909706972,10.549360656948814,8.968300370429262,11.37544360664872,9.839127577811647,10.958934672354742,10.950034671596661
9.931078846107873,1.518464509329215,11.622448458973903,7.767466856338602,14.633112666780438,3.826139960485354,9.144429139004357,3.2920659230246008,9.170083063947652,4.043309431999672,5.10362199827841,4.316928682670735,5.197158109376797,4.612705667261082,11.84786173627705,3.156828872381504,6.943693366787376,9.671013604761201,12.677135860555074,14.058694081731314,4.119299036174593,5.655377882950659
8.540048036779973,6.530937014669737,5.187628814474443,4.864659777188885,10.39927345936202,7.847720623245944,6.800890296634926,10.635522931427797,12.232083556471407,4.483101045974293,10.712033333449297,5.279007126716442,7.538336297277344,6.928297287967505,6.877563094335477,11.75781561728876,13.383393102294574,2.5193023217398682,10.493711547149744,9.378508380483067,11.578748503232676,4.631746055818516
10.306094502661631,11.580571981969099,5.486591289864255,2.076807467016729,11.012958828228953,7.972415905507423,10.493178709608403,10.580351408991707,4.231087468125456,1.7032983439664067,10.36446039229801,11.16605681315753,1.3474944221988916,6.477421962180648,1.5823488999052497,8.137037073298941,8.711817874290105,8.98657276777803,10.122596327293472,15.292824640638132,10.286577485856277,2.3078093854632558
3.4911589465129995,11.351037199284944,2.848045316846417,8.773331543377642,4.38451517744192,4.253984238217542,10.301897561407865,13.115957985677538,9.707293541350671,3.350967941682734,3.2675972100672332,8.366473428437612,14.03607263271373,4.040519304119009,7.5908456398081166,6.180791295656127,8.685145546721186,4.042762340572347,0.06001462977959949,5.8116082762763694,8.001312523650906,0.4866176392009159
13.737697770208394,12.497433811302399,5.024972255944181,10.7024837211732,5.109747794710759,2.8895883095313954,11.091037917156397,12.701522388267914,6.523078658277646,4.861013016334774,8.59973216676159,2.241941835897681,5.189090864050814,2.70697263881878,13.992337533930167,13.211155969534977,12.661729708870013,10.238665493095423,7.22924624159266,8.745781736541465,2.8280221767294194,4.661376708256886
10.225117624474555,10.91965242344571,5.895341691864186,11.59565393216074,8.927444638957354,10.85090532088594,11.412377268334462,10.034581032128596,11.42215036519479,11.298695966191373,7.317643381152632,2.5999352773372157,2.2550040251050114,9.894455533521153,10.37249713263861,14.347120130560585,6.991626347981778,10.058563807694155,0.6982425794403956,6.529783055612505,5.722779848726998,7.159788115294758
9.949122397914461,7.479206739237152,10.421033893526632,10.973958321170436,12.613527979686896,12.770656822815637,10.335107470888245,11.95183289189202,8.101721159103002,3.0016646846702524,11.679370718199399,3.6056010456948213,13.64234591619959,11.36961486929117,3.901507780055716,13.802603359324934,13.047437675821941,10.641467440300316,3.419596720144696,10.598012634265029,8.926742055530001,4.4849514006250555
13.944369296336639,11.003105532880369,2.7982056326057037,3.1498607122855997,9.814586707528267,10.945240364679824,10.24607586475586,8.607385211765758,4.419378874082015,9.774708365415329,11.63605508187845,6.144282813398301,8.753723985835917,4.951409864499988,11.330598881216531,5.329796620492736,9.947717419141727,4.16856336459601,10.978816244341477,11.19313053795338,5.282757718858683,3.3475588392883804
9.817125536739391,11.600696399951646,10.328310594980037,5.367098357928181,6.734516207246527,11.640084106195427,3.160927544534758,12.495197849253248,5.362037516664458,8.494267969911844,7.295814282211639,10.504380617467612,3.4279316694209725,12.735686863342176,9.854046638611818,12.112913826037781,5.419659318031324,10.43241585083205,3.3474701310306654,13.837500825258662,0.6351437926488851,4.952833789025031
12.441517907790471,11.729283158505853,11.422500382845236,8.151283333717204,13.65833403256897,12.33251165949663,5.4395672732496605,18.520117958196714,12.131741194435323,10.914166939982326,9.928124643913561,11.467751190925492,7.192354995457303,9.46596109427396,9.234038177478073,13.680673677151166,10.591184863044809,8.86411120605711,8.160384096745611,4.786520186514735,4.948465134506759,5.7208210895470435
9.587779881353772,8.68032952986877,9.505560308023231,0.718040195569187,8.104059765553025,11.28311148400457,2.2973166974872634,8.286470332594126,12.536085505185518,2.506298399643806,10.483577179287247,2.214720258224736,8.191666444997818,0.7668925012684035,10.855960040903412,3.9794329180272543,11.732302874864816,5.360851371224198,9.632550287763314,3.420007157915398,5.206409838527253,6.354769148388365
