script/wind10m.json
{"header": {"parameterCategory": 2, "parameterNumber": 3, "lo1": 3.000054539987559, "la1": 64.9999836372058, "dx": 0.5, "dy": 0.25, "nx": 34, "ny": 52, "refTime": "2025-01-13T10:00:00.000Z"}, "data":
[rows 25 to 49 of 52, columns 0 to 33 of 34]
11.20499938154917,10.793468399345759,10.846151215493352,10.894606903968535,11.245505838485672,10.641083405282304,6.8285247995262655,5.506174459879666,5.355274511452845,3.1357807676948273,3.4352100663950655,1.2535082146948482,2.163465400079507,8.524588289477794,8.836575874005906,8.702557062449417,9.437391418090382,3.9317942324967734,3.585173576681926,2.9802824230428087,8.328570820705758,8.86672871666805,3.4217412013471384,2.6632492437013684,2.7653978378419306,2.3346298049544547,2.4908929698020783,2.399926560751314,2.912165496478628,3.88118115607471,6.244363293890803,6.469283792410437,6.056906629239253,4.954498956540903
11.587156619342531,11.521060169064834,12.832909475040127,14.322189374499082,11.589108968444014,10.178463627570412,4.359994799302268,3.449948974944322,2.6373345648008537,2.4238895997202596,2.5335823032002667,2.777691548896644,5.369248524941712,9.056457068039547,9.601457139473524,8.43727094690454,9.564693600316446,4.020796216055648,3.1459708771030694,6.652020129669315,5.384434636385473,5.460443931712295,3.5463132323021647,4.197057461735326,4.157458249570012,2.117090110739149,2.2324694144630044,2.999555601632554,3.648526775210508,6.65399278833893,6.13958514690299,5.280813107058059,4.888505687693403,3.5108356503112415
12.3520853572868,12.938214974289618,11.70986946687344,11.298960946158694,11.28027237044481,10.49854393044407,8.265525673420873,3.423887963353092,3.0306117129491184,2.8387873279058224,2.7721342108995697,6.7928102678766,9.71734414892826,9.13549276388008,8.123335224007548,9.278248678640953,10.078593110247777,5.99395043200709,3.292935120632536,3.221442006331964,5.5283353107703785,3.7775882745123264,3.2205039985632937,7.099466135366603,2.406896126553939,2.4092655093681388,2.1169538734061457,1.9170334046701156,4.5641483049877305,6.940221248444448,5.088505941906341,4.149352878892237,3.103873165785216,2.2341657329953106
11.906354922663098,11.830673629057415,11.06493933345507,11.221739357443473,11.959234685268665,11.711877642109746,11.192229719736384,8.189592057138919,4.298893165176625,3.36119570380352,7.266678021063421,8.549776899152446,8.574372662338302,8.468881925410281,8.91418991157983,10.24223650186865,11.211771632054004,9.372362887721586,3.3466019232953195,2.961194328555578,3.05218483555269,3.5174386976504675,1.9924594038418653,2.479626391050374,2.325091010187439,1.6463161073872727,1.7544727295608071,2.072569986397103,6.4341400715206145,5.707438098499129,3.733642350041495,3.2209033340500635,3.3420717701029017,2.2335507646980233
11.935539990050684,11.755754410015683,11.517026163454496,12.236628371835447,12.425357699399534,12.271348555214237,11.669476215046629,10.388975625477322,8.850700984760081,9.016449085175502,8.996000922480615,9.348040161019837,8.547579656515763,8.901446724046341,11.081266248841223,8.650211817673826,10.410552149788874,9.762251951114445,4.340781764054935,2.914047403635807,2.90977104905945,2.564111638438018,2.6412998976134734,2.440564765943027,2.127299370887378,1.7220215359499802,1.33490564056636,1.7336280742978072,6.099659813844905,4.211865089220799,3.0553174296821477,2.3956798885516353,0.9857198488022292,3.1771128701785627
12.046732825970357,11.881719153693215,12.930685700613415,12.961326580483414,12.937909245777504,12.528063915073103,11.818220844380356,11.261439069003643,10.68232187596293,9.94301874175986,9.588968512252215,9.394995115681812,8.942019557406418,10.317704477488775,6.374190322937154,7.740502891443097,9.98408336855123,8.521262426016193,3.0398533776421504,2.62303933013519,2.432606227357979,2.2386126810184304,2.435007337044483,2.0862075222858167,1.6468806597254873,1.1062893512065892,1.2879160834913779,1.8333587008926888,5.350002755922176,2.7407191267693585,2.386346195944997,0.9753238072218674,2.6438622466011914,3.4613132920602117
12.029990896783334,12.609644276045556,12.89189424412298,13.393092540963021,13.058933246514187,12.596619392880934,12.121211159333837,11.674420788688813,10.873336234282142,10.001869818049851,9.920171916550633,9.019884286075646,8.307314747026737,7.976635843864589,5.5801729587379025,4.534389348015434,5.3667113558916775,8.292278040168837,7.402273682344155,2.656748127360769,2.13915392456087,2.033067038940082,2.1146675257666656,1.966298465265549,1.8322125061413557,1.1409088171096018,1.1245770712300658,3.443288306750336,1.1582855936564138,1.9502477710812913,1.7138855827752575,0.9610718297390686,2.922535231332076,2.664161317028636
12.755170469944327,12.81390215880887,13.241305362870243,13.4433550287598,13.028612079400741,12.719550203648332,12.05364204181736,11.429026809934324,10.779960386934468,10.328028972547576,9.824122054862057,3.904262618682892,7.993501900815128,6.4060843160912295,4.338900493187771,8.621879152987706,9.016538735652365,7.810393707997787,7.301921526680985,2.7077227053707817,1.979719695118142,1.6282299421386008,2.110023863035411,1.2684002682453386,1.5138600675148537,1.1573662743476474,1.2383488838462602,3.4101692841723064,2.6103449451984018,2.2585732392960294,1.8385087921115628,2.7306881690462617,2.626344943511462,2.1828288417261494
12.789723372259239,13.48508089053634,13.543791470715597,13.33134615899345,12.924458415007052,12.496907412502596,11.828232463122074,11.42636766673031,10.404997765451606,10.65280780351252,9.343651914810321,6.592231154660583,5.257174597820014,5.015702480977791,5.243925673030396,8.729326709211902,8.05731091826564,7.2073116269443265,6.887305568511556,5.483681113996074,1.7820927980319639,1.867786064719219,1.621337187011847,1.3569754093316178,1.1568829100370834,0.8575372542809829,0.8567635590590053,4.355279612864557,2.9880265634736425,2.603251124023867,3.157578499486951,2.8753860374531524,2.281877120220864,1.711757635600019
13.706542417108153,13.618156981758666,13.457809177915687,13.34450237763991,13.25122556792203,12.133140374652601,11.567271698650408,11.33363219196721,10.988354438412953,9.931666490808318,8.456549630679731,5.2241599983042235,4.302755755787844,4.571828808269515,4.870830732161343,5.232056609981369,6.7681298600178295,7.243537236776045,6.120983916015962,5.191736543129165,2.7745445276473055,1.3823032708374163,1.5127357634741865,1.3988166298211586,1.1817359766863202,1.0827668620927422,1.1992462150744365,2.165840925172018,3.414132618485438,3.3399311505745675,2.804733758618605,1.718139964701512,1.9744228754646702,1.398876865675491
13.195588511624173,13.616279965017917,13.217231416475355,12.946468787610938,12.283207614252795,11.479900071281788,11.232930262071156,10.770206103691658,9.87001589295756,8.798063350231935,8.074425474469088,3.7034116257972327,5.4882401606087035,4.925264841265145,4.507787296275515,5.056154092552605,7.74734040495649,6.571620870460566,6.3037402830285645,4.622820828736737,2.1120677023302554,1.383637665099621,1.3052200459169057,1.0669533437138479,0.7690319163472161,0.6358441174851153,0.9360907099659099,2.3671449824784006,2.096612652913572,1.3884829893667312,3.009401938307107,2.3013460882107437,1.9778589409248613,0.9942694678562959
13.623850885483344,13.333788710454014,12.979145686641072,12.428717429579084,11.709725352841916,10.876389166653446,10.77159912409169,10.178459624271042,9.08073984324893,8.43770939488029,8.129247938919482,4.490043037566773,4.200205824837667,3.8849131677541644,4.204638065459076,8.016634513003273,7.782136455856797,6.913435278448266,3.3243989653108583,2.030062028401382,2.3747300261052398,1.7979779850119137,1.1234491569924203,2.614278007796296,2.233261859358956,1.2745048829207897,2.244035477110903,2.502000141780768,2.465692716445878,2.361261499098919,2.45618941448308,2.1366358572897965,1.4919248575848718,0.8567694929315054
13.553926704310529,13.128843897735162,12.514806013508935,11.535928538603335,11.41332350131009,10.557692944179342,10.234671890698218,9.155339736603086,8.66588897107691,8.195520745858984,7.656593818598816,3.6149313959796725,5.056384541949701,3.11827252674495,4.39037285006983,8.48192790547261,6.68372288632595,3.445085884063608,3.0203737677816798,2.3486026611705517,2.6538554575352524,1.8079350497663154,1.4858027224068862,2.5485607006621147,1.980821333893564,2.040719591420815,2.0100934143930544,1.5159491908576037,2.377605144396202,2.3657134260347594,1.8491704578379633,1.756095253002206,1.156253306190816,0.48792939934138607
13.254623258443395,12.796017620160578,11.978143450823188,11.133852126399383,10.481651793545266,10.310777590239288,9.149737293875496,8.388404384961513,7.83676153990953,7.401120502880454,6.985349814339976,4.6993735199153965,5.043922085671856,4.323606810944565,4.435508727428472,6.702792023534158,6.256541989496618,3.0530647727493396,2.1723943626728617,4.44568403261124,2.483802654798026,1.1236256292751177,0.2749291628502457,1.0145278444232682,0.9216767593528485,2.0316542382852996,2.926797901077666,2.8925421988274342,2.3143686292652466,2.125869253693036,1.5238802471834212,1.0837477986423742,0.46251378421156014,0.2088241196059612
13.024231702899716,11.914378859192059,11.264996440023484,11.121917825222654,10.733039178376828,9.383856415183248,8.156995019935414,8.150416121762978,7.9202989520839955,7.674539592326137,7.325647383978846,5.447290303946209,4.093764955293668,4.258504609457552,4.584257005667735,4.156863270285186,5.980640530890945,2.600068314811248,2.7279709147764475,4.372140974799006,3.3584386236203634,2.0402439555339664,2.4503949141597383,2.7423326015054204,2.721562687619,3.6851436422609316,2.78444607441958,1.673770022168404,1.4418548720019855,1.6700824564770744,1.1362356526990232,0.4393444115705823,-0.07030508632832999,-0.33176280103108163
12.3011543928198,11.218927754725467,10.737158201155397,10.65418137368318,9.499975105008323,8.471579054999966,8.636345326070195,7.6247820458012034,7.6675185626620825,7.641610696525152,6.6277729486995955,7.198647178940802,4.648546250861963,4.569142755133783,5.095021775088258,3.7730275511390765,4.802314722637922,4.49531224696044,2.826329581294952,2.6892954368426403,2.6237253989594342,1.8797758099836954,2.8483223122201116,3.0765611497574255,2.272349531766496,3.0710898139152225,2.4514777779322077,1.8213131072252244,1.6777594977994383,1.0229421426848937,0.9146155411617556,-0.031812688191159046,-0.32094371813533595,-0.5516430600508795
11.3713521813074,10.755120552117203,10.335542094809734,10.023530434207686,8.559192270324539,8.644818971877118,7.546278657616059,8.008155851484775,8.051148764031936,7.585163875671143,7.614410469911505,5.209448806860463,3.827309299609211,4.024134950648668,4.538686512381813,3.9037630198169624,5.313413615777712,3.2607978677533813,1.6205206679932658,3.026255751715713,2.292726642049468,4.126278243423765,3.8651805375622255,3.008252833489475,3.2363911800801084,2.85016681829356,1.7637877599710774,1.5629906397760762,1.3683524280072357,2.1706687826356306,1.686535761599713,1.1110704260311288,0.529776609836995,-0.08270243700438491
11.098119353350867,10.422277767212716,9.808365585938356,8.813585953313952,8.320251576478382,7.880956064512268,7.769452923940425,8.410799318863392,8.316685139344047,8.265124370142592,8.105531470482344,6.334143736997221,5.108811530702632,2.9058273348548815,3.8826044161482893,4.004326258662257,3.7373727538877364,4.69022051919563,4.133257158907161,4.19304279868047,3.654031189419772,2.1355077541803293,2.7900401874503973,3.830105202604046,3.6751025900572056,3.0300383346540927,1.8782720482953243,1.5171810499006049,1.4334751005364406,2.373645346184727,0.8160408935760198,0.18637128797373317,0.6355638039619804,-0.6160723673958336
10.634704053075938,9.995592988121787,9.290895341621972,8.14344818502963,7.843547028821089,7.579358929499332,9.234284556848298,8.59852279616215,8.916830941589735,8.38798274506228,6.635276051453244,6.0191571340993235,3.813302526689883,3.040072891729836,3.25387303780945,2.5982563170885076,2.350194701309373,4.626541513900019,4.186938508255237,2.195666101096526,1.3803894980924247,3.5137621528009557,3.862901987941036,4.979655580680015,4.488183395718658,4.1604174597280315,2.6193247888003945,1.8346756881580506,0.6765239346075402,0.5024345242037909,0.5358387155658917,-0.4476689277193411,0.4097857656567757,-0.24518951644745163
9.859256013202167,9.109213183889747,7.7571243470338125,7.450855969647279,6.805712174683234,8.061930381371987,9.454981357559284,9.158127840076384,8.714954000534481,6.708024982073852,5.412530646414447,7.3320216107589085,3.747672586667133,2.9565246833970305,2.0007070951449437,2.232611670517657,3.78984694128417,2.892468833542948,2.2862667699988264,2.2806238152736644,1.891155832147989,2.3505964536361583,4.458136305730747,5.158765531721607,1.6866527540928002,2.4686299727913807,1.3138988454129152,0.516431992606393,0.16344387295309976,-0.033843079382579154,0.0666069956431534,-0.054474960876825455,0.20072045196449756,0.19095250214416562
9.834881119857792,8.001520469927609,7.54118018185,6.758661189005278,6.016887294932622,9.945146476914482,9.357569209808078,8.3549663353215,6.569399498266414,4.5911701121591655,5.054593387041904,6.165937129589666,3.6701625771181288,3.0191362525843983,1.789128706702814,1.5840143218754383,2.3919410841629074,3.429495493224083,3.4061199204166974,2.698186133105356,3.9245884879161523,2.716881582494871,3.1387844125519035,3.7677033068369865,1.4126699746876183,1.100804234412747,1.2273714306589065,0.029426757587868793,0.46912691609060864,-0.1287970194631129,0.018990308265728336,0.23713517481347754,-0.39640971021056065,-0.3880403582565324
7.614359695061755,7.490297296931419,5.927454634781535,5.334108116542209,10.236878558830563,8.115421890493591,7.425857455354474,6.257900403611591,6.505668438201625,2.488839581337276,2.888723793714088,3.3031108535477913,2.059611743349182,1.7927553561112692,1.233513056269531,1.8508760569391878,2.654720933853412,3.2638894523032,4.361546232515043,2.8231569238099574,3.3650897143290956,3.0968996311344177,2.0421857265344974,1.8133403067049692,2.1773315353020193,1.208396499411392,0.4622684559978214,0.12455363948258992,0.41276727763759075,0.581506378960679,0.2228263116047575,-0.560726225533235,0.011936190885549668,0.07007275528330026
6.8721284031774665,6.120033682152202,5.686482891610353,8.972508088280964,8.160025728238928,4.790500779820159,3.4780714387213645,3.5665074393290004,3.860081143738805,2.6037958039848927,1.6886910027364526,2.4228123866436952,2.7335036719668047,2.5152487138686572,2.0488044281870312,2.4559334951505902,1.833951577262004,2.5397901064413255,2.978753095884658,1.8234278585658448,1.8365023429439125,1.9327785436548515,2.194858880992754,1.4150553068799716,1.8728520662719415,0.8640083343666575,0.4478867940943068,0.5043925470692406,0.8807868143301156,-0.06553322387236803,-0.5869657642617585,-0.547138072601554,-0.2955755925878703,0.7759197413602253
5.846188582406957,6.090818741877609,6.029598783537488,8.63354088679105,6.22342712110138,3.512592697146116,3.1589632895636965,2.9165870660613944,2.828103981554097,2.2365081867530194,2.6752968973989866,2.498749018056594,2.631524356406766,3.671369144048139,2.1485289240267536,2.4088508170763063,3.1390399702736937,1.904179563103016,2.3083308766958384,1.5827314934152197,2.8999801041200195,1.3751698060284008,2.0356140221400945,0.8670587749472343,0.8633987753051441,-0.2480310989063026,-0.23351469421184376,0.16327388913927046,0.0826310325330125,-1.1012351416701607,-0.8244977910342741,-0.4229729562811115,-0.46281990325844213,-0.4772121813397559
6.013869923055937,5.5651136975852715,7.962276024346429,7.248903394892947,3.0358299013354517,6.383527133925956,2.9293016933919396,2.4613760819074875,2.215427344332577,2.146248163005237,1.855992698349421,2.4933997589200803,2.9677266827662847,1.8617819928801145,2.35603251000362,2.4161834942787053,1.914003889895599,2.0422418090316885,2.32153398232565,1.9002846005332772,1.4772926668860877,0.8585097461691394,0.749186790939866,0.7365966727831441,-0.0829550963880069,0.903127904466604,-0.49986818636947494,-0.4233361527070779,-0.6792166978678625,-2.202303077753046,-1.4304941366829516,-2.1866402608980136,-0.5511411217367943,-1.4273034356448024
