script/wind10m.json
{"header": {"parameterCategory": 2, "parameterNumber": 3, "lo1": 6.000027932988019, "la1": 58.9999434238085, "dx": 0.5, "dy": 0.25, "nx": 22, "ny": 24, "refTime": "2024-08-09T13:00:00.000Z"}, "data":
[rows 0 to 23 of 24, columns 0 to 21 of 22]
1.4702673985118135,-0.7516069155496923,1.8663783946040484,0.9223753831415861,0.38788848931883346,1.2652697242218243,2.0999766922133807,2.498315301376983,4.93125531123737,10.089416106113875,11.596024116382946,3.1170557639653027,1.952585883026967,4.5819978670034285,11.07944697017274,10.85777841606466,3.6660169733630497,3.5389645715771816,3.1230733466788285,3.745846645942301,3.717642133659461,3.3102470573559537
0.8664608095941463,1.7011794115092775,2.4782963667873568,1.2905206396151085,1.6354219492838264,1.6380883683840848,1.9546346704763249,8.49579976261078,8.637004538340788,9.275164251139573,11.370066964669519,3.0123451866385573,2.6697000456585864,5.0659867196268005,12.564630569197986,9.744091410953919,3.5505030933716366,3.9137204069985145,2.865752693017322,3.624434331889061,3.4781296880474644,3.0722779209357536
0.47710430416247257,0.5825941053532807,2.03892225226881,1.2765894361810983,1.2117346955701382,1.2816088478975314,6.154174344502168,6.930778929909868,8.218900579326428,10.526298066070233,10.735644067880617,4.314013960185813,3.6056713787534274,10.644942028419221,6.446931601968016,5.47180351028283,4.296513721638783,7.7150931935562665,4.874085768100167,3.9851074926218217,4.072337647660297,3.724196716375574
0.039412090977631695,0.4409715169203415,0.38830237431504977,1.1889405282650833,0.7284116750573064,3.280647287005949,5.178972223288473,5.114136271639362,7.265990150307605,9.25656863902098,9.911932956564947,6.4525728338712085,4.0399977933021125,4.266581065054479,5.666686310045033,6.491756503775487,4.238922167918529,8.617913626087766,3.2902928084446335,3.6482946118186956,3.4366956375029565,3.377787965244127
-0.07548217379401016,-1.303046060736608,-2.0483464530847764,1.2905381640618339,3.2626457112766576,3.2536437891149284,3.455135233602535,3.8544387804390148,7.8304476847971625,8.778810137246662,10.167483234697185,9.978798687765785,4.2925473022331655,3.06235479137128,5.000390873837974,4.244430739850668,3.3288991310324767,4.153965606817423,2.953995561757178,2.9630454283147922,3.1721796448504564,3.2881813161377065
-1.4879608960217643,-1.0088513696323498,0.5104369010625376,2.4751171609461906,3.90851447414984,3.154996838656343,4.0220123049275625,3.7342031078470437,6.067664552915311,6.781750173285353,10.2418514853111,11.147040133695917,7.215721860935632,4.89907598610085,4.867727355215376,4.330996734554552,4.628063745153075,4.244205130357196,3.0785666000055216,2.6323398118852768,2.8218434738227693,2.843042256951526
-2.4794859681198393,-1.027901329842378,2.1383272700572227,3.4734521196806187,3.166302869905719,3.666826743001938,3.7919364276046115,4.1874639636567785,3.4074434620176883,6.0161992832476106,9.75923644160863,10.09626727347087,4.847182797053438,3.6867883581627674,4.194833303535426,4.40334375060309,4.404404097154503,4.694821092624685,2.843469979643191,3.2360661656793046,3.142068669602281,3.1428327269975473
-2.8505911779947737,0.4988859657731854,2.3276165375139772,3.537743206756946,3.8359357770364255,3.303604648463607,3.635062933439104,3.7420375202399105,2.6922683938739125,3.55003878493575,5.191367693866231,9.66536730563768,11.361048403131331,4.690437533840931,3.9580887538307956,4.272064078240499,4.413715110238115,4.559487069513458,4.7651878403831605,3.4036623353802917,3.434084819088064,6.983300194825134
-2.988817044494077,1.0174675356018346,2.892527216724471,2.435815285029157,3.9219482287925795,2.0476602438072966,3.8834984457578945,2.2913138116140437,1.921423406297457,7.522743329877761,8.815210007288202,8.874928558079821,10.847989310540388,5.920384593758061,3.753807211840199,3.7332886920216795,5.466809379481153,4.053836019993279,4.063727409846475,3.7182767653405753,4.938705563026497,9.462016374810561
-2.882435493810919,2.256031899057352,2.351929840416063,2.6317060503879537,2.8666944149120477,3.1945290063406317,2.7913206427704247,2.3616182611208347,4.938121829036937,5.997312110286983,7.288573451262206,8.335070826445989,10.330658521720935,12.921773805792878,4.42370110464937,4.330754908514422,4.327781948630788,3.6993432629256398,4.088713921023105,3.657912975434012,3.5106966491529707,11.363695635210215
-0.6890067738690623,1.3991882327059757,2.4512415788705137,2.4536247325904648,2.4236066914897814,2.070840356267231,2.486504013925016,2.1269666979681605,3.648347617912482,4.201767683040613,6.105235555579762,8.88494628102702,11.287532845819216,12.931368942482063,6.622807669397133,3.552198104698541,4.077392927953758,4.572624105813568,3.8898390621554153,3.5872569826279275,3.4400639806319786,6.815214652484382
-0.36751426594757786,1.216903370504238,1.5382893981965962,1.8314327792410794,1.9144761570543543,1.5893153918451992,2.6286266087361603,2.3657838402942133,3.253909168780461,3.7486541901686925,7.9793806818849005,9.84589723802738,10.413414190417253,7.935882374999767,5.331704451063537,4.218917451970331,3.0856923141368773,4.589068134218499,4.110798643211762,3.283212928330052,3.785104671544507,9.138840355297521
-0.1732577987469323,0.9065375568965932,1.1398926825039373,1.4665900381988042,1.323344138463039,2.8183816050261155,1.944479029362852,2.1063772442599564,1.9568717170492658,5.247968666538913,7.465532403404992,10.592129937279175,4.943617767855416,4.301152904536932,6.4822800681605965,4.371421688799046,3.480490511840244,12.424847675028227,11.09102129363537,11.745713320977657,9.741978796299378,8.978285150735742
-0.45061796023880046,0.11347766456534339,1.082788851368417,1.614200016152249,1.7053997196180468,2.5372086382099805,2.1514096845942663,2.096717758588,3.4554715848740063,6.645108359956598,7.3998679924174855,5.557697408757477,5.303464038714561,4.741254464216191,7.888048639673397,5.505729298723095,4.512687654418582,12.247448732026815,11.624197296842283,11.394485474124291,10.72833640542433,10.141136805177961
-0.8960965065919567,-0.4647475581545183,-0.449948742244304,1.6944795919119737,1.404212091604328,1.8607025523785135,2.387037094609331,2.212062771295809,2.950503411818051,4.4132572740697515,5.816274154856463,4.841690469132481,4.76987262349346,8.547837138550383,6.9409623822758775,5.771603110029337,7.5569986893481715,12.890283702203783,11.25068727933673,8.928133811834064,8.962845263092808,8.575023742270636
-1.6550727778198324,-0.23138802063115027,1.9302066402201432,2.1241709955200254,0.8349903797542104,2.2830119804399014,1.586510766248545,2.186508063262224,2.503511275482329,2.809733259726253,7.835496835700397,5.968845545224771,5.589547265766593,9.199811051215242,10.267082773168635,10.945528932443416,11.868857410840953,12.299337973555922,9.26698559605929,9.469896042157307,8.264031291094483,8.958378474790674
-1.2500903786247681,0.7075259902518183,1.813830789350868,2.555476762686505,2.15200312908047,2.0064831049056533,1.5016801272929727,2.0886030806682716,2.2932353521163544,7.124313751622624,8.937613363339583,7.892588471639814,5.203113701132426,5.715245487092077,10.161970804411604,10.6638031322402,11.664422294923325,11.802775319479679,8.385444143827991,9.553088209200293,8.530478672610116,8.370106041876921
-0.9040452820444131,1.0139850237147634,1.833763344263659,1.8320850718769595,1.2898457521174953,0.8295948022726779,1.1507872434705972,1.5739625178922183,4.0250953141713754,8.900110445096713,9.053036481581154,6.0558676989106,5.796600307893543,10.343854626995364,10.233581519397864,9.979420956499093,11.700256593112234,12.270924698418723,9.884349476155084,9.015996479415533,7.298524232089397,7.958387292687769
-0.47805566572903674,1.0545380773737907,1.3749350750751983,2.3866208342084607,1.52867885258887,0.868595961604854,1.1921910347615179,2.2001369228555796,8.266212714527851,8.127960557251988,7.236247758148702,8.37901157456728,10.0278397227619,10.057830366360072,8.853932885672108,5.868960386889009,11.409249682161343,11.323474785649623,8.93706824948337,9.538186399094684,6.672054418907798,4.0870730039114465
-0.7254818338928736,1.318985364072231,2.7583726961470107,3.0707549731556565,1.8953255276488075,1.2081574635809544,1.191127684307723,3.145451580354037,4.394634923521131,4.38030468440479,5.021073256152311,9.477860086736595,9.41103175497438,5.115503841290471,3.7318511578209734,9.441433894034512,10.480888850793702,10.362430512032681,9.689667177687737,7.855603739842842,4.745460942610992,3.842054417607878
-0.0843509594054891,0.9555259217495632,2.803408076464833,2.0265856557983026,2.4522675625551282,1.2501947409221825,1.4609237909793464,4.754593303180231,3.787113222996051,4.631061861459781,6.611613881601026,6.420890551210541,4.999993449227007,4.768819141316382,4.34604184557184,5.2158337493763245,8.06537777189936,7.296846509178635,3.561574755256777,6.109697881054252,4.960347762185787,2.9597629118151527
0.13091849709132988,0.7735655301006411,-0.8367503379694292,1.526664008537087,1.1333625164638528,2.7492482883173444,1.3698622312150872,4.562765057828024,4.043699472670296,4.600195087175683,4.794987322629334,5.336078772537336,5.4085574427681475,4.960433705479851,5.1776081380160255,4.289980258933458,4.823396347555591,6.9055459991061525,3.9246804846550987,3.822886056187299,3.786906917174831,2.611476710029239
0.7622017136101378,-0.1125065262626448,2.523253741726185,0.8373013753054456,-2.0274654471008557,2.7399425477641133,2.2854135778714673,2.813895154931903,3.566923406583678,3.6718686140765064,3.6221557145558365,3.451986312809554,4.874572732745585,3.8611257653720377,5.314307990695159,6.397696383724548,3.9292318710864076,2.8560459972353214,3.678619030157239,3.50500439903317,2.7099422853621022,2.7627109778729992
0.16207750170158294,0.5731918211750009,0.9631814710068307,1.1367819189972412,2.1775982927711555,2.7324686307412644,3.4802451767895786,3.7898962558834524,3.214450920458539,2.9140776869265954,1.6753793698256934,2.5847015146564325,3.679141974207466,3.1581055689113664,3.6014023874877457,3.8584323040805524,4.315563939123742,1.6700283078975688,4.618924145907083,2.7697096986043706,2.6114779036876397,3.5955487620589905
