script/wind10m.json
{"header": {"parameterCategory": 2, "parameterNumber": 2, "lo1": 3.000054539987559, "la1": 64.9999836372058, "dx": 0.5, "dy": 0.25, "nx": 34, "ny": 52, "refTime": "2025-08-27T13:00:00.000Z"}, "data":
[rows 0 to 23 of 52, columns 0 to 33 of 34]
-7.403026988049822,-7.075162246269071,-6.00767881600646,-5.834855248954179,-6.480266427289343,-6.29773025355528,-6.304547585682247,-5.792980083633281,-5.213414818920481,-5.076129978740737,-3.812625467069495,-3.7777780014687052,-3.91341924384064,-3.41994520180809,-3.1626376982526776,-2.561113126309619,-2.1239524061696913,1.662996181970407,-0.34165092191694435,1.0700300823645317,0.9480471014492368,0.15694592108505667,-0.9953530362535179,1.0513200957714326,0.15566831995832567,0.7080561357636074,0.0070246886480597485,1.057005125562561,1.2534996777848721,0.9832159588716175,1.233547245063622,1.2432236858649108,1.5030736277774754,1.3155438287935282
-6.761589037758081,-7.412069331768056,-6.892034848361513,-5.836914256179971,-5.886668508798847,-6.024390651645843,-5.587918063789898,-5.693316877655662,-5.157039943448111,-4.180644156115711,-4.151541211186067,-3.1826033139279093,-4.114227655797439,-3.7901223470461085,-2.4865733829903043,0.006229787623297246,0.5461718285200786,0.7544698626699755,-0.07953693774514449,-1.7997948055621489,-0.7805061993367521,-1.0018949222104792,0.4124473818108215,-1.2152302067400038,-0.5902141720038937,-0.42959688656796724,0.5153637432462221,0.7641364808446106,1.1649249992560755,1.327986238466373,1.0540208465066236,1.4273323395771145,1.2283912412386278,1.6071981123637655
-6.666514490226561,-6.361921562236992,-6.993781045341834,-6.580497859087293,-5.4683477521064106,-5.646169697071935,-5.4636995800502595,-5.336285970770156,-4.957771851019177,-4.6079291502185855,-3.9626055224664243,-3.7801545585507332,-3.3542238591721585,-3.6126589776512223,-2.632730319777825,-0.9707778628272251,-1.9654102457950218,0.6828303221264925,0.32672962136150424,0.031848284808310375,-1.6338166497662905,0.00658536177885118,-1.6613026873955308,-0.8151311353235456,0.14315017147860684,-0.6751318934578449,0.3377388896472678,0.12358898242797559,0.6575178971876477,1.0775403632707767,1.1605051458412667,1.1420823639795097,1.223317530928382,1.4095298585043237
-6.660309258047532,-6.422584196691308,-5.96519876887785,-6.397126242154674,-6.03538039498917,-5.090798255726401,-5.338160862205076,-5.145000650347782,-5.108177092637039,-4.467227292747449,-4.0192735759026235,-3.4301117375487866,-2.1113614932721636,-1.1309748970779834,-1.0715663984565957,-0.07503867664656749,-1.3710972446626981,-0.19860573016939265,-0.011875601566379783,0.8628286985819708,1.371639139134897,-1.9973929219369313,-0.12085438527291567,-0.8688374126035472,-1.258479194083567,-1.1138328790609933,-0.43179651884891074,0.19200380158566474,0.386423021400375,0.7697926448657934,0.879589709929694,1.0324186005776816,1.2318782418548346,1.5359098145405605
-6.885722634980336,-6.269008935085783,-5.813008504955144,-5.476031624833529,-5.6032446370125575,-5.413941830433517,-4.888969917411358,-4.712152012551482,-4.47029304121323,-4.180963213225631,-3.8513500872190347,-2.337964890121403,-1.5277859474222248,-0.7697071114192693,0.7174908786173498,-0.5858912449935568,-1.6675561532836536,0.9785596740876351,-0.057164378102192805,-2.477062766625932,0.5446197397269841,-2.295409949079493,-0.994617677486886,-1.0319175191014893,-0.5688153798446107,-0.19155655015435616,-0.09071858270307075,-0.1367852922218357,0.6952485037186312,0.5021578818078664,0.622205355825331,1.1341000200920295,1.1078934886215372,1.4707217563338866
-6.79045774073513,-6.677466150620241,-5.715785124868864,-5.250446826886723,-4.8599403303005095,-4.734053087333702,-4.368593150646065,-4.121945744322238,-3.6940306178800157,-2.8457565582196542,-2.5786212901680807,-2.715805330441045,-1.721132908180647,-1.561130350578327,1.243320566660579,-0.9807718904675213,-0.5907067879204847,1.269138888653143,-0.5011886912932701,-0.427550765458045,-0.6683371199985769,-1.29685464892526,-1.5926875720514444,-0.965407659938813,-1.4283095507042827,-0.9792835199451584,-1.1155820276280504,-0.51890217161331,-0.22534669052013834,0.19010539309191027,0.7026401688403632,0.5271747500582398,0.8780818584647267,1.194469721141616
-6.801026272337573,-6.7016912190858,-6.258549557342475,-5.32986142634491,-4.467805991364734,-3.565181181778373,-3.6597939503547936,-3.1819399501170387,-2.8395009958048925,-2.3077099838627593,-0.855570207730635,-0.2644509931087695,-2.9413402936161606,0.03386005621564328,-0.5732025973907648,0.45425380059581316,0.4228297862043764,1.262279178504383,0.6440232833410094,-0.45365204165515355,-0.8257424911353687,-1.106658441292259,-0.10236113830937547,-0.4359760010998684,-0.34256172898551623,-1.178508804112878,-0.8455984840109757,-0.6039681296778321,0.11384883793289323,0.23774427625226158,0.01809017408986995,0.8435371779460502,1.0096058448466336,1.0064455414962563
-6.426273168309269,-5.964757603830453,-6.398144170793832,-5.649661593263124,-4.7657092546041895,-3.7228447225442562,-2.6363634395957467,-2.900491710141628,-2.5270162603183928,-1.874212393661403,-3.063273716145291,1.2130159345185558,-1.1474385957508388,-0.48164827591103393,-0.4239787891248965,0.3817782966794417,-0.14854914654300488,1.405602845910548,1.052382034769809,-1.3184702438421845,-1.0862260569709277,-1.3740082337237707,-1.1242998549240635,-0.6021182941623425,-0.16804876010291941,-0.5344166096237035,-1.055917795871459,-0.3717410997172957,-0.6335265451531947,-0.5178198312344996,1.097879543087429,-0.5388416129578872,0.772833271564193,2.667485966797002
-6.581127636370672,-5.829912835822914,-5.441111456720488,-5.684275789876046,-5.3297500131417275,-4.38270796955946,-3.3904026347244787,-3.2933762580279775,-2.7346784011097323,-0.5876619083993652,1.3250731355708658,0.9836342601927236,1.6151532673045816,1.5114068820022515,0.7509412066047789,0.7885732667590701,1.4995910804776156,1.0676939183044125,0.5145899920363127,1.6495045816385219,0.801576840771691,0.8216240177102447,-0.8308972708768841,-0.6068032255765677,-0.2995874493785686,-0.22939080877005286,-0.386060446990413,-0.28942472360178717,0.16253110637355658,-0.307616356427286,0.09590246566336362,-0.4602392447961948,0.7603670859578869,2.119611278013952
-6.0057217081749945,-6.361383627981382,-5.092063865195284,-4.914877552501917,-4.516147866228707,-4.58119426688159,-3.996428855596389,-2.841836693981679,1.2824377553684867,-0.8483235080599613,-1.3851022407171707,0.023188644453630308,1.2365118848189793,-1.5883462553100616,0.0794209804307273,1.1623829705498274,0.4204844773493627,0.967349670822066,1.5724416445540037,1.6899443408710662,2.333175609520892,0.9440409603271956,0.1721644515526131,0.8544107272661362,-0.4421644850129466,0.2854333466769743,0.3950998258453942,-0.6791380687586561,-0.13238167855155342,-0.49423019024257425,-0.09328603093487696,1.4241865406322056,0.9266909316498969,1.6101214982413052
-6.467545374945437,-5.953527199791191,-5.087357068084519,-3.45013626011353,-3.2138727171533867,-3.2320232834752347,-2.640843255129493,-0.8505789425131616,-2.5207535249137893,-0.8902193428752886,0.9719934788440575,-0.9385827491484169,-0.8148336632965169,-1.8100447483013187,-2.136275972160289,-0.8955561822208562,0.03768577040230709,-0.1231703694407039,0.8419103908859698,1.3483340885527566,1.5886953845427243,0.7782279398200227,1.3965227795233637,0.30861792787749986,0.2740245371489813,-0.10592888671712083,0.9394818993354128,0.2763897301165079,-1.9610223669685753,-1.3008399686830296,0.28014126616051405,1.254971561680694,1.5935319153807617,1.0971412686362856
-7.175182373921918,-6.462132411947858,-4.890226728406034,-3.1566572050445005,-0.40512359471905024,1.0921415127757712,0.5073670958569994,1.1428517889238345,0.1518816741903214,1.6917858307985694,0.23835021903068063,1.4224809743100728,2.186935565961412,1.3110194163136126,-0.24581554123841362,-0.5912476247639117,0.915149590160417,2.2847470495204214,2.1735047806706165,1.8543283886507338,1.8767156702367733,1.1200995834064729,0.7724066276409319,1.3605046853557767,0.21565790490854614,-0.2433680832729763,0.3686482248082701,0.25128524109621686,0.38257945252117553,-1.0796989249438094,-0.21634918740318887,1.465399981609513,2.1789006111925544,1.4600251334738388
-7.599435799064912,-6.856232579771211,-5.307183005696458,-3.7746371279536035,-1.4457734875931232,0.8445626230579265,-0.8456790056970759,-0.42044136853539665,0.5888532653691416,2.149952914598245,0.8636335601291072,0.1442182770163207,0.9200100279079721,2.218383993686482,0.34783291933609417,1.2199130831339537,-0.7563727581617555,1.364739043542665,1.6321242948967591,0.9604551225555994,1.3127709478070202,1.5012794302609018,1.8007161762152395,1.2808971986570992,0.8030123633758111,0.9055930707503336,0.4456668900766428,0.3806279226743254,-1.7214278575104538,-2.453825797846538,0.020257694526270194,1.7277797746070467,2.5240671961698626,2.5949007656871155
-7.644103491648129,-6.851001883016134,-6.263391302284641,-3.6957427990846763,-2.544161552505559,-1.8464569858491446,0.8108119362615502,0.8613840185443108,-1.0053643602812286,2.167129102753465,2.2082034840006064,2.0799463191370857,-1.6323477634650259,-1.6331498575598318,1.1278149236958797,0.6036640547335902,0.4244932530988118,1.7744896903336567,1.953164036120892,1.4056629391261382,0.1250095913682675,2.044490276502806,1.567691553939572,1.4003394955337356,0.9513244473610397,1.258802689917802,1.1380457783533393,0.8138583033007981,-1.7519385647427226,-1.5706798070220171,-0.4782821617611005,1.808206087320665,3.167074682479837,3.3660356703030594
-6.62940557030607,-7.21681463444669,-7.184298599143095,-6.465491212002677,-3.5317241059554005,-2.6989628486767967,0.09181177542454592,-1.2896844830653627,1.8604624629438977,1.0342503968996735,0.6554512799737049,1.887849656502103,2.332841024912499,1.6120776269124841,1.3703292384810521,2.4354431681825477,-1.0869342044740014,0.5886694726974941,1.2776021250565808,0.714740822052458,0.752280454502685,0.7995512704296082,1.1373337576328597,1.2460958479827924,0.9278384095834787,1.2299769868649282,0.9171207416406137,1.1637077650703547,-1.330882042635592,-1.999046153159472,0.769679840474129,1.3823703754976693,3.1456183483802285,4.684291984720395
-4.658431092672293,-5.629478963135092,-7.036816147159468,-5.932400511373901,-1.7060389559341467,-1.7719669730898122,-2.5003487743145083,-0.2798202586099084,-0.004855131386778559,-0.9588956079597096,-0.6506367641322232,0.7946754570529967,-0.0031334516853067725,1.6305492385208893,-1.8538306911266715,1.6524368794168804,1.5329666677549418,-0.26116965834990696,1.3385414855040234,1.131638263239778,1.4082679138455845,1.163852880063423,0.4785217112365518,0.5233758136752819,0.49869351753200813,1.0054461795528733,1.2047801899496164,1.0983429399618145,0.9790461092439743,-2.418106594911692,0.14231700461038188,2.2703214782093766,3.687880963788367,5.505409899035557
-3.6874666653817467,-4.006863258591455,-4.915883247898515,-3.9128646432432475,-0.8239358515307903,1.031292546267437,-3.9350867725025993,-0.0008586588015580581,1.0505096260978983,-0.8117073191268211,-2.3670521942768517,2.6056219256624575,0.455307886296549,-1.0458780158819578,-0.3574209716067732,-2.846794841894569,0.08445467009824324,0.1394460084360537,0.4596052293386023,2.1624183241196167,0.9439592401853399,1.1188714903166816,0.61281037044953,0.3668053337890981,0.5453482848776194,0.7268937175591496,0.9381561352007644,1.3221053496756783,1.339256493662829,-1.241790014798677,-0.9662631763337831,0.481323451431429,2.877074547120727,4.584161410404699
-2.5594757975418987,-2.9322903514948817,-3.3942112074480644,-2.031007859046736,-0.7007937361267339,-1.3717355886111529,-1.8900603010637234,0.11985576544216192,-1.0408064744895715,-2.149704488067718,-2.1114676984431324,-0.8000361001655921,0.0041231301802090925,0.10548289144646747,0.4191312602156714,-0.4240435730280134,-0.1894876742056351,-0.324481926376516,0.3568208109107397,1.6979797225233066,0.7870843042613158,0.6579767771997884,0.5267552692314743,0.7500357620317106,0.7337786101460824,0.27493661058371777,0.5777080795281312,0.923204664461774,1.2584883634746897,1.4686214966473545,-0.9635177056181209,0.3520378368557903,1.0597625201809,3.264938858694497
-0.7082565573991481,-1.4095662487871043,-2.4284200582565014,-1.3803982118524702,1.1592380657672798,-0.19757776534244045,-2.3377295135606775,-1.6924760215810342,-2.7032529486060795,-1.038274856783329,-2.0490912752645696,-1.8745056682991266,-0.9619704914968811,-0.16143532362426863,-0.9206270772312035,0.8632452918482993,-0.4328602559062754,-0.29790442246719767,0.687853239402052,0.8672447957290825,0.44027806723622087,0.8661033653234576,1.0826606204382123,0.3460405281664052,0.3547525262456341,0.3891728753695443,0.40812697702668177,0.8859334167768803,0.8440637697352996,1.4627226454904063,2.0936894002076047,-0.947373721780743,0.1541449324368029,2.5259972975963114
0.10096251228773316,-1.1854047680930777,-1.4599723166687184,-1.5619402074881856,0.6921868754589674,-1.154666906366507,0.02595721445478654,-2.210746503357758,-1.9273870387862464,-2.1207769623248356,-2.3424970643618095,-2.36049607777247,-0.04649801262582848,0.25120410043699376,-0.2520920070600159,-0.7119887559567063,0.03427917315057749,-0.16541338396285396,-0.08388635274034575,0.34322117121974816,0.14386702938009208,0.5970066224446847,1.0068381257265835,0.26472105567108273,-0.12674829911544963,-0.21556494119752864,0.7620146014549661,0.6590656234644761,0.6957679462116686,1.1392723492270211,1.3636002519402792,1.4264364573192665,-1.6094410114121303,1.4119280711981923
-0.497580036563443,-0.5249425683428945,-1.1821619171673037,-1.4027234009853273,0.7368850420901787,-0.965966714811085,0.9885048641875117,-1.494045546305824,-2.423693414690253,-1.678929046855143,-0.5777130049002073,-1.626328340229447,-0.6691572542333083,0.13595334882147095,0.31597981892046273,-0.9020048701613813,-0.24621811702127389,-0.6012242838835078,0.052122542308777706,0.18572689566588724,-0.3143746731008919,0.798265974680261,0.1583604096760951,-0.16138817803543437,0.20356707810000424,-0.051041709340807255,0.237152342854978,0.49886631662374714,0.7665386360840434,1.26546086504481,1.589990093678786,1.2826793282401128,-0.474359645858215,2.5818044822873456
-0.9196121670226055,-1.4593795612259894,-1.1917427568286307,-0.3648192106265194,-0.5024811802034702,0.8962555454156,-2.3025876115444097,-2.8034133179035736,-3.170615602742286,-1.956021549534485,-0.8814746427051541,-1.2354977086561088,0.6404927942093719,-1.1248561217724615,-2.6538696172467464,-0.6337719157630246,-0.8562087803359616,-0.2867631618534004,-0.2382125073081538,-0.10608484355657527,-0.0601166977563552,-0.2471305345446979,0.6885175275103608,0.11720241365551635,-0.8907817297095836,-0.46366654983758143,-0.6071887675594965,-0.13241176959428871,0.4484566551425272,1.197351146630144,1.6202861192511204,1.0234215745219992,0.6405143147524369,3.2896983762383765
-1.2546532231416176,-1.2558492805733448,-0.999053357048175,-0.4302808600873437,-1.8501838928405216,0.14058470458147926,-0.6068142928639418,-2.044525093747349,-3.6234157063986046,-3.6655494374795854,-0.6481511498412585,-1.4150820649470248,0.9302283611180513,-1.4024582133841692,-0.7559387679717747,-2.9654157310242715,-1.2153847268630404,-0.6572518930824321,-0.6344491739192574,-0.8013329654645445,-0.39306347703318717,-0.5666099362200364,0.24020998459634682,-0.020993473487348317,-0.5083511075339447,-0.6980739110624349,-1.3744723945537871,-1.8807027342041887,-0.6235240718763018,0.2532845602649621,1.4721796796792597,0.9262363250909227,0.8142381279110007,3.6033468409318505
-1.9587276367654234,-1.1704970905598868,-0.25817921523565507,-1.926530326805005,-0.35039305714730645,-0.7274922170793132,-0.027041299728423927,-5.795200349284748,-4.155630754377658,-0.5588743164747498,0.340073791518053,0.6155317202144669,-0.630784540233996,-0.032760259156981275,-0.31281181730965635,-3.135483928327533,-1.5045101605831515,-1.2615136898854558,-0.9760016350423949,-0.8538095293888558,-0.534263901887341,-1.0042994501086067,-0.5761881743254088,-0.6150427111751239,-0.32811369290870535,-0.5076320117822499,-1.1761067736628106,-1.5109492579194574,-1.3720696083934496,-0.5009666357304731,0.06600748688502553,0.5281805275506777,2.4573158161322564,2.944207756162818
