script/wind10m.json
{"header": {"parameterCategory": 2, "parameterNumber": 2, "lo1": 6.000198445256149, "la1": 58.999992894266676, "dx": 0.5, "dy": 0.25, "nx": 22, "ny": 24, "refTime": "2024-03-27T12:00:00.000Z"}, "data":
[rows 0 to 23 of 24, columns 0 to 21 of 22]
-5.628479399457927,-15.809274566867483,-12.520558912269175,-2.2627042790054532,-2.8893425669313877,-0.9804594650810572,-1.0880593659629079,-2.3590293908032813,-3.380310029146995,-3.638737174976607,-4.562549825738236,-4.31126148475087,-3.7901170095976773,-3.8862228462768686,-4.891378106851574,-3.8995582405284246,-3.7675163475044213,-3.9742302240061202,-3.02679047002131,-2.824557640644553,-3.142644043857604,-3.4505665314288736
-9.18447406984624,-7.507965846784942,-8.883183629123822,-2.3317577819306354,-2.938871164671039,-1.076451578198651,-2.0671771389472076,-6.755876055721777,-6.008115843135484,-4.2866146818573245,-4.42017693529825,-4.305600739889446,-4.166812471160018,-4.66205664814039,-6.416235786545188,-6.641777236935847,-4.4828276092041905,-4.203014770702796,-4.164241924767735,-3.326550507666417,-3.287897961968758,-3.04326643468523
-7.539018040182906,-6.205027928919575,-5.396988281431564,-3.9255786886799515,-3.9288520478955364,-2.9767485331619237,-7.483157665268594,-7.324239083838709,-6.589554643124282,-5.25556725133987,-4.932596319079013,-4.167873956747572,-3.6420793925679225,-3.032200338502671,-3.9657152018737865,-4.158292765109642,-3.629989008989887,-3.7354307919157517,-5.761296737271578,-4.19464106438344,-4.1628664600878045,-4.139030824064448
-13.040835897382944,-9.523085025023601,-6.574087796324726,-4.266595558916192,-4.250595503809978,-7.781923482053844,-8.657428183452883,-8.157352678728286,-7.2520146983443015,-5.784030303806699,-5.536786141176624,-4.149440440424012,-3.5591680191139257,-2.547490529266493,-3.6054420265620246,-4.5990268805360115,-3.0131926839735965,-3.776232306217627,-2.907242391069531,-3.1159095497425877,-3.4086640458457547,-3.2651978338640815
-15.655609713339175,-14.559857133872546,-10.462636336086394,-9.596631972295455,-12.056141893875717,-9.828042933607556,-8.494970518867602,-8.458758236537328,-7.762849128946968,-5.64129562030452,-4.955465761342701,-4.488102661322326,-3.391032433959953,-1.8912814516699301,-2.2109363597112437,-3.1739912771195473,-3.1428234733081153,-3.925914275929133,-3.0107033186221535,-2.89981504797539,-3.6304496463132785,-2.809004127623109
-15.726433250759278,-15.990018297643713,-15.323084195908839,-12.937390491244853,-11.708338101144001,-10.118271519280725,-8.761579042346984,-8.609185450342896,-7.703354207364122,-5.7817303931567965,-5.235872131405969,-3.6001130686387075,-3.4571322070644204,-2.5570934782019004,-2.74859467331597,-3.0508225813842262,-2.5393900788453454,-3.184284389806561,-2.863364744466178,-2.856314018927618,-3.258484295547027,-2.956300441683296
-12.335075726009725,-12.76184414257793,-12.091831883235383,-10.624965251236276,-10.15833425011288,-9.74095529419731,-8.20214460942003,-7.160286367928264,-5.406791349157719,-4.492176676298693,-4.654400322781571,-3.54167673653518,-3.511988919286143,-2.858462350876982,-2.8734715823157577,-2.9049558204768426,-2.564459129062855,-3.3963044194242547,-2.8709147831833395,-2.9573037647268343,-3.2064156458951736,-2.6271685102168254
-10.081020113883612,-9.800295782142712,-9.749640565082192,-7.783286853997993,-8.132111978757992,-8.678089282281663,-7.535460992000485,-7.3496263335143395,-5.557253113610264,-5.556868710661448,-5.051473863894061,-4.514769552820933,-4.498293741750971,-2.9211402472877417,-3.023965809305756,-3.0339003581110204,-2.486063359296407,-2.9845221417490415,-2.7999461096665352,-2.9173165536265455,-3.249270616881438,-4.428259660030663
-8.485104057847202,-8.290355856149896,-8.78682094472578,-6.16879926348579,-7.260767324885428,-4.646074622010129,-5.805050870550499,-5.209432110386762,-5.223485778001437,-8.033608520923458,-7.721992416273738,-7.366307371534133,-4.3080755082304245,-3.4661971267377916,-3.288572939550753,-3.0792087786112563,-3.066454089893205,-2.9155348102350827,-3.076911000163497,-2.8050537930166892,-2.708455031366794,-3.38652146451364
-7.067640835185406,-6.9641234680204995,-6.9218499152169795,-6.687435570648174,-8.031822673541997,-4.953423632020861,-4.771012614546367,-4.605167174669051,-4.642723869106098,-8.016162879631047,-8.364569309239467,-7.266460733266007,-6.630110241767147,-4.833472257336806,-3.0370914907443987,-3.2888969964288,-3.224057610112416,-3.2430956446772323,-3.221055473826737,-2.82769663618771,-2.585578167133159,-2.8264968500194065
-5.780625848922763,-5.806641074174086,-6.070387771842401,-5.031025453528903,-6.343396513388335,-3.895490430899425,-3.818219989040843,-4.3501224774373615,-4.409297541393763,-4.577655363735483,-7.533972456554087,-7.15500840792451,-5.583134175600773,-5.13583654963862,-5.050607451367768,-3.0503438127727702,-2.8679282048728676,-2.7697135989671633,-2.208704708553041,-2.4911914562601174,-2.234561823310399,-3.8801668880627522
-4.577837241126999,-5.046940708063074,-4.9945853633373325,-5.475393238503883,-5.928588030428931,-3.4793195236420216,-3.449142560321537,-4.510276910411066,-4.478158769857063,-5.021763970855817,-6.123656217486392,-6.1959886503585295,-5.431286417932168,-4.758347219677056,-3.5850930467000692,-4.09279145579578,-3.0961968416135885,-2.908249713981424,-2.14728715017801,-2.1374074135211276,-2.780451706343907,-5.887656651646464
-2.326091387181219,-4.33358329404208,-4.859141157088984,-2.648024724934426,-6.073087933322493,-4.320809137202148,-2.9691869064332503,-4.163636550867997,-5.140610391021737,-4.148668303515412,-6.546661705149786,-6.092938579440007,-4.526870943918917,-2.7675891144356353,-4.418720684774213,-3.580517583158742,-3.1291709569896113,-6.444065310363233,-6.66886744741893,-6.398818987720674,-6.021091520418459,-6.514297407636395
-0.9580877100058882,-3.540431491480162,-4.095397788544333,-3.8189389345277367,-2.700410159207294,-3.956321314584659,-3.6501670421137185,-3.908357973167846,-5.502210320537408,-4.084616253777399,-4.408522974956462,-5.3723758356247036,-5.2499699514821625,-4.137746095401444,-4.502997281601613,-4.473393906332291,-3.1423690830395468,-6.414893841593628,-6.578361427329516,-6.420044259356395,-5.872914619888254,-6.718421857548052
0.32495862294359573,-0.5477435395667873,-3.5273656035099203,-3.380842270885477,-3.5573997118404908,-3.3012634416814906,-5.158064209402797,-3.339139105705477,-3.618378527472578,-5.437473925091947,-2.2168039489586535,-4.593353801165925,-4.934379167517223,-7.033052016283238,-5.338933393631463,-5.143637430865334,-4.397306660152338,-6.638548073606322,-6.391994888289065,-6.151752190736134,-5.770482822505556,-6.539915467442945
1.617656786483999,1.1395381741674295,-1.242798248250774,-2.3068880510567786,-2.1271108119089646,-2.669584723046464,-4.528219468558923,-4.1135484742892485,-3.5425427934541602,-4.3681953686287285,-6.494305589985747,-4.434203940265936,-4.589974159252378,-7.4807878911596575,-7.958941058048964,-7.442676683748937,-7.126112470149772,-3.3694503610467623,-5.899564166458479,-5.556847491021389,-5.972807866802047,-6.351928551896509
3.1262431364507934,3.3771117228927086,0.8452122587831749,-2.406526319064803,-1.5021513712801595,1.0256342580583964,-3.487593824630206,-3.955166149217868,-4.827276916739072,-4.98656233094968,-6.0598802044240125,-5.942640868319846,-4.566364168940153,-5.486288663311919,-7.656098923213935,-7.055571714466921,-7.181896969368885,-6.501610123343937,-4.831455874111206,-5.180522664275759,-5.834528076820828,-5.535331374278666
3.919126009850036,4.096856618385313,3.1670442450892113,-1.1578675011468942,-1.2158360779461848,-1.094206774646429,-1.659681036243508,-3.3994415082682927,-6.435359572013096,-6.728392853429134,-4.957179986800077,-3.550710077997433,-4.740802827471983,-5.280708460675623,-6.319439659693497,-6.342160428005097,-6.222631990668094,-5.929150756553509,-5.561369655051812,-5.191852873142401,-4.751677017505898,-4.217795213506633
3.663510230253385,5.652484214855722,3.817844094184067,-0.25748007739833717,-1.5719561010437888,-0.7484158812716561,-1.3756138016830826,-2.158546111667272,-6.637616436208313,-7.6395790690237035,-3.321315423861916,-5.2853510877345204,-5.0745902431472425,-4.167557373077101,-5.306527896427042,-5.675925208628152,-5.3696349537735175,-5.624470814552834,-5.54067407144154,-4.9888431166649445,-2.796935852222893,-2.0589829723375814
4.27533177390164,5.144598662177113,4.037756496634275,1.0284250283294092,-1.4710238788032033,-1.5598941493499323,-0.8282039544930713,-1.4980426136794989,-1.7686292992032002,-2.4499642881461856,-3.588859465716457,-5.127601581204824,-3.7488015109485437,-2.9800342181956827,-2.5605325653574935,-5.55531849663911,-4.912258958611484,-5.00631514758524,-4.508307633303932,-3.818291167198261,-2.933500651134795,-1.3859315650139306
4.094140055134152,5.152575493905561,5.353519010649517,3.9305350749739714,-1.4869402668415663,-1.5356998946316234,-0.6209684228608358,-1.4360084002310993,-1.5735326834413599,-1.8883804178399137,-2.283341437215609,-2.471098624031959,-2.913642523785609,-3.449098788600364,-2.744221070984714,-2.2733804496287413,-2.6489808324828195,-2.9404793504549485,-2.626386561006283,-3.050479357516015,-1.903971321606877,-1.8661944814158373
4.225159930802311,5.495427629129566,4.711986028405448,3.8589664602903886,2.643460111906054,2.3823976130780578,-0.14341392240400247,-2.028507106772036,-1.7732990235963004,-1.870647512782857,-1.8947198817226383,-2.6280962325737773,-2.100656564643097,-2.2074127311646414,-2.8682313237565658,-2.3197147715215247,-2.2759927884286295,-2.8510731495039145,-2.2664994237432117,-3.024644916199826,-2.756310001229942,-1.7212588358144925
4.139380239719784,4.035106348817853,4.417584344658548,3.020378009537878,3.665750755063287,1.7982109159546933,-0.03148960340151922,-1.2046423523268337,-2.556110946461109,-2.1889795913116745,-2.268960404450221,-2.621235779704958,-2.4675506062430697,-3.2146038986243397,-2.883829246061527,-3.375899607420868,-2.3611740607376603,-2.171175879560631,-3.3094526939307087,-2.867740995205188,-2.740628148772516,-1.162519245341484
1.8161576489078324,2.9547177357231456,3.1912423308516322,3.0560532978927104,3.220293003587488,3.2318916236615283,0.3220866181304592,-0.9730378997374971,-1.7911837291964803,-1.440363906576202,-1.9880927141144702,-2.1371591989886545,-2.660275023187707,-2.2017343759308403,-2.718466914138179,-3.1737123475132343,-2.4340043109687373,-2.7009304362689446,-3.696701212381544,-3.2694453978411437,-2.2420848495085433,-2.1481125909752596
