script/wind50m.json
{"header": {"parameterCategory": 2, "parameterNumber": 3, "lo1": 6.000198445256149, "la1": 58.999992894266676, "dx": 0.5, "dy": 0.25, "nx": 22, "ny": 24, "refTime": "2024-01-25T14:00:00.000Z"}, "data":
[rows 0 to 23 of 24, columns 0 to 21 of 22]
-4.749070570396913,-5.547538470487549,-3.3765163601663017,0.6088219642288769,-0.7332925504942691,-2.9923755063415194,-6.060940395475735,-6.544218187809708,3.4560812051564564,-3.1161340125593453,-2.8507371752317767,-2.2127873005394694,-1.9384092539699478,-1.8811165694242455,-2.8747843398986337,-3.7754968246904306,-3.6125470906135835,-2.032748956035758,-0.125744961411541,-2.6172609994690856,-0.47413282128955275,-3.25639243439497
-4.638028796178324,-4.269540455567096,-3.841077380428974,2.4751788736814735,2.0927554733641247,2.0455198348393107,-1.3271791219605746,-1.7035776389563708,-5.861654897231621,-2.600731839333497,1.1814506206205342,-2.909795479734063,-3.5816272058586307,-1.7767126388026948,-2.9031458295317996,-2.5867349388130774,-1.8887563880822404,1.4615338926610795,-2.3181592760721967,-1.3848083424875268,-2.221060249828825,-5.369222064088559
-5.854266154348906,-7.507010257662938,-3.9595891602057525,2.6621712080429076,4.799141104376882,-7.016006132323432,5.258051219552909,-4.6940263387218355,2.2969459350507573,1.5620766472715144,-2.8429582973736247,-3.2466841230906516,-0.4132634906667631,-5.4409842185560295,-5.128401464210162,-1.232787445760415,-1.2897268688183698,-2.3741627507102834,-0.7465608592394032,-4.5370200927391915,-5.796708287467354,-1.6716338047700066
-5.587809401498781,-5.9613228609790365,-3.7846232220638316,3.889800877162731,-6.172226803696637,-7.946652724026959,-3.2211066907117516,-5.112621050905349,-5.634185805309337,-5.081207290105227,-4.1125289409381365,0.04621525191426032,-2.7662384569295857,-0.634312955952999,-1.0675888966351046,-1.0898428237088316,-2.134437774297182,-2.3794356072384213,-3.1212810413916117,-2.6303978070144565,0.6132918921787083,-1.57364700982752
-4.857836164827848,-5.601456554022193,-3.5810800351266368,-3.4950591158062885,-6.29520214707835,-4.241190235045001,-1.0519132616657803,2.600537802772026,1.731437212763183,-0.957748365781441,-1.1911379326153786,-3.4389412642269144,-4.722840498763579,-4.832621039170733,-1.9995724042854424,-0.8881193606655172,0.0416160630445019,-0.8737331500973633,-2.457522883109358,-3.129343030573863,-1.2933362304478797,-5.57502967135732
-4.823507355146253,-1.8944716543456073,-3.567876363721803,-8.160268206645464,-4.302366724178979,-1.0293562068006143,4.271184281715557,-6.290025987766298,-5.587891273574221,-2.650801649710862,-3.1344125264469986,-2.297619699319291,-2.9777986869167434,0.5920867814215102,-1.6947873360484116,-0.7055125092872327,-4.310948603323558,-2.426505806021325,-5.572444898869887,-0.5238681919241635,-0.2510275216964205,-2.0448622798319183
-4.975211085324065,-7.766599694539317,-3.497663174240974,-5.806318258887784,-1.0834696491187619,-6.484841812118024,-8.880743151718685,-1.1804284657824706,1.238979379248348,1.7160806236387867,-3.5874259438611085,2.5128244195885525,2.2864628860781657,-1.8269294762465842,-0.772517480615394,-2.525189604762412,-3.1629422240898624,-3.77827702553806,-0.6114309889078359,-1.7654811456672421,-2.89888897285892,-3.5012760381649026
-5.179430943214734,-6.235423295806304,-3.0068143348700533,-4.307673356009414,2.316943743813572,-8.841611435472704,-1.0371496538977205,2.693789344533259,-5.3304060962795985,-3.178435689717234,-2.8040984131992697,-1.7799118997811894,0.28517572695488574,-1.5013894587791623,-1.9451801914392517,-2.1814883984523914,-2.3201233243020143,0.2056840786734081,-3.6982689442556986,-2.371461322363807,-1.970843323344196,-0.8375758407202832
-5.573397837911505,-5.756588288680755,-3.199402406570814,-3.3678608946428654,-4.620760865549426,-4.674204476894979,4.662967497399981,-6.455816023870636,0.8232870085480363,-6.750882378508713,-5.138538203485814,-3.0174074439081147,-5.392728300109415,-2.4697812772568115,-3.9115469543366745,-1.146216438502621,-2.88906269603266,1.273562182076379,-2.338927996319478,0.3518899571417963,-2.5455462814451844,-3.053753495212002
-6.082923294110465,-0.556069010134043,-2.8379874457629617,-2.4154439397637955,-7.597614022494249,2.1806796219998525,-6.186631212881321,-0.5580185629724846,-3.8771900682915796,-3.033004101684387,0.5573582284067039,-3.556375198975639,-2.304333148018734,-4.896923913634653,-0.985466916484094,-0.9153294633207932,-1.2582690470821138,-2.5798661167155763,-0.377537645934477,-3.031661175137564,-1.8794481487662251,-1.0847377328095913
-4.446050008627636,-1.7828695301852926,-1.8998319924944322,-0.9594278649295792,-4.283396482958054,-5.643412512757717,-1.296429965748778,-6.41401747524116,1.023248107164108,-5.106713995590449,-2.0595172468961493,1.4522493684656104,-3.3134340510227234,-0.4601911606177849,-1.4476454497678233,-0.16584616973301317,-1.1249374481110186,-0.9688038155905788,-1.2359219233187577,0.5334549233368868,-4.48478533743144,-4.385069468604531
-5.477023300329806,-1.8426600413836067,-1.5408855990441304,1.7652980916670638,-0.9746497404544731,-5.02412183865615,5.820690228409097,-2.24856464720871,-4.401609707816385,-2.763147710671985,-3.864271098372206,-3.1617876484465812,1.2204533899444747,-4.956573952437601,-1.8030238851614633,-3.2837937563246262,-2.1576365206958634,-0.8996404627083484,-0.651354505865204,-0.4804979680172452,-4.1680570304756195,-1.63155295770541
-4.84214977703301,-3.017529484767114,-0.8348000552105278,2.5391607400509995,2.075968356426413,-2.006455492804656,-4.424057537477525,5.505565537901633,-2.2839087034611083,-5.785076110779582,0.641458955146108,-3.585524763034397,-1.7565198971908207,1.0126516757540085,-2.3384068896056887,-2.808062098599328,-2.563455762806537,-3.8959000010970914,-2.384091103462223,-1.3901531309931734,-1.7636707229897048,-4.004256724460527
-5.2332020067055804,-3.455286756378425,0.18776741027656432,4.080249278942343,4.882480165123105,2.7845031031810823,-1.6422556836977775,-2.34610866190775,-5.599313680029026,-0.7690379559728946,-2.293711291548888,1.8100742578398819,-1.6744124627482888,-1.0270999948397361,-2.2661551698763875,-0.8888504889760149,-1.2676794912114344,-2.86822746905376,-2.2809777235653956,-2.6080395277754467,0.14874175090993583,-1.4180287142061894
-5.147267140792764,-4.540068136427422,1.9275519111666921,-8.250344439326696,-6.188090786234435,-6.191380628328186,6.610112243673219,2.5567184272011594,-2.6532956316044296,-2.384303957878755,-3.801361389841715,-1.9811333088897993,-3.002485955811989,-1.878283471326887,-2.8547093151604104,-1.3529688889406457,-2.7015897690000683,-5.608280220682425,-1.8243639992229705,-1.0600869016853676,-1.7243485735435764,-2.3918504244071848
-5.05733501402104,-4.599635606591704,1.8379266227764433,-4.55198958667959,-5.504599384638934,-2.156770877118298,-4.220045367699391,-6.042626169653518,-6.201032168571229,2.7374275353433206,-2.8744324112292503,-3.1526750476073024,1.827222222849223,-1.640901303484225,-2.4832144124293176,-3.5587820705797726,-0.29649599913286273,-2.426307336592478,0.276216716029862,-3.5473169651817407,-3.3556818600290197,-2.224090151956095
-5.088919330668617,-1.5045568691386162,2.4353090165882594,-5.338748849187433,-1.5531683602396977,-1.6367174759490628,1.051256443191251,-0.10423486127217746,-1.8411894730832097,-2.828255605494754,-2.560025173075357,-3.482126470236382,-0.923334014927566,-3.623171107967001,-4.892989622404083,-4.12430044810101,-5.838245889541699,-1.0233405883132982,-3.143038033935419,-0.4087302369101297,-2.7326167571089517,-3.2989066185483
-5.1690763422189905,-1.998830757354466,2.301944622485186,-2.4432789315700694,2.107884366758709,-5.622384349507655,3.6811637631333096,-6.934093687465143,-6.467747485359242,-4.738024959639543,3.1052039775309477,1.8259115190854727,-2.2388279818409615,-5.086067274308156,-5.074252135627672,-1.8092033990476348,1.1653614207502048,-1.1821685851830934,-2.716019933894047,-1.5157689577972906,-5.492725495913287,-1.5549050609030768
-4.883682833249394,-2.004221378304336,-4.721227879759617,-1.0479594885047612,-4.771205282312005,-4.851408473926619,-3.0258836055390916,-1.6258848417350118,-0.5919729575207233,-1.1183863058163892,-2.3827009314468324,-3.183298898483912,-1.8928465553789584,-3.110640742491392,0.47923241011629225,-0.803760715563702,-3.261089415189817,-4.089595142327786,-1.7786736174122484,-5.4855540979833854,-0.28587642217613024,-1.6092598396444562
-5.479570714774753,-2.149787271037373,-5.0955336287066935,1.85153841905621,-8.257194363600066,-1.9728263484294752,-1.2335181085054638,2.4307888257770904,-6.175728231081176,-2.6455186939178925,-1.5662169545539275,-3.082454072048463,-1.9178415951014596,-5.194515417608004,-0.22218692344862204,-2.224062761580766,-1.3453199157071367,-0.05980263755319985,-0.0003722550397206714,-2.680112416472279,-0.7904510431182152,-5.088903076063092
-4.987951271362905,-2.9399730554689985,-6.1370962022076965,2.8055953337267057,-3.6037767884325005,-1.8840390181511015,5.8810084558878,-5.778810344662082,-0.24664410380547303,2.9633700881707132,3.4593455674541125,3.161272250148573,1.6576932090409344,1.8698905065180318,-1.441721492246025,-1.5287746109675546,-0.7289995069698668,-3.856370770009674,-2.492585023384547,-1.0408797549283426,-0.807397648123837,-1.6985933386184544
-6.119031081611663,-3.181857673905526,-5.495284333479899,4.618177162966116,0.6333419183459443,-6.778826286912579,-5.271346891362778,0.14071288702208729,-3.4301122037141147,-2.048095175759004,-2.531311504240366,-1.9067607610888568,-1.2847049651776314,0.4095574001288362,-1.6002387197282255,-1.4141500105771982,-2.4612136391162522,-2.6038508509733163,-2.803947558346603,-2.0070527694941735,0.4423165470742264,-4.595576809186714
-5.2513114082515875,-2.9531348223308806,-3.561768150921292,-5.237238700034942,3.862051134531903,-3.5614889828192418,0.3131634542676267,-6.939478470187234,-2.536297176301389,2.8770976181203416,-1.8192944680379524,-3.0579277035480725,-2.4520396910068305,-1.7536515759168558,-1.7660647397588263,-1.182134150502513,-2.038106782900157,-1.136764841639333,-1.803696850660644,-3.6735068472363115,-1.8017962548952307,-3.9032216259976154
-5.609558549091278,-3.2707073567701794,-3.1135690126129263,-5.77560761520284,-5.15433473557104,-3.3697938466486614,-5.656790047103024,-1.6879630671916575,-5.7087407155750425,-2.8736756003108526,-5.420216151201618,-2.4942531448565624,-1.78806663419121,-3.8424052811978555,-1.4377685991382192,-1.558430443449843,-1.5413326961162241,-1.5632389819554517,0.36970856033067534,-1.3780852761994034,-1.872993894612502,-1.5136498711292983
