script/wind10m.json
{"header": {"parameterCategory": 2, "parameterNumber": 3, "lo1": 3.000054539987559, "la1": 64.9999836372058, "dx": 0.5, "dy": 0.25, "nx": 34, "ny": 52, "refTime": "2025-04-26T11:00:00.000Z"}, "data":
[rows 0 to 23 of 52, columns 0 to 33 of 34]
5.797445975802539,5.8621344542906515,5.772742285916206,5.212276552664117,4.756553273991972,4.020723135958789,3.3896873597160737,2.681573329756814,1.2026007172210047,-0.02419143057376115,0.027350690779905092,-1.1087755364606366,-3.05623010768389,-0.29202523544561376,0.84390710249255,1.2781052426696597,1.6529379576507748,1.6031868408682608,0.947336675164094,3.2719321839356845,1.1404704775694245,0.7263556176670065,-0.1299978544807908,-0.008547929712737918,1.0262688037415768,0.21251868530822765,1.1246709688312075,0.996829615335322,0.11970212789135318,0.3366238619754199,0.7638273393100413,0.4327280848490379,0.3906314636282371,-0.5810114122979646
6.4373362002880095,6.006341704556629,4.841693169435147,4.758353386256329,4.51722305616776,3.8521898631044027,3.0306842426530576,2.0535306500282515,1.0756051762600318,0.09396412857730349,-1.2646788506773814,-2.861580167657195,-2.4515336501313834,-1.2054347280168773,5.188636894652149,5.3316005954097685,1.5505565318867027,0.8445745778230402,0.8897684678751252,1.7601278637428062,0.8568333737331287,1.2810748883378908,0.4955408808900369,-0.23545231509495101,0.06775483528794454,0.9188865848492337,0.42712134292790627,0.5610691025408745,1.2762636143704482,0.2594690639955735,0.3970013674546078,-0.22435226348482804,-0.5016806704082928,-0.8944499181977834
7.384415328733625,6.801175135035023,5.980475062930992,5.338621347321561,3.9006430028944097,3.051802285863108,2.1362153958655354,1.6895334684866865,1.0376429007124883,0.3721182669576014,-1.8370196011928452,-3.052082942255523,-2.0827805949185447,2.037342947063785,4.543799044204443,5.467380277313171,0.5274844978238068,0.554844112214617,0.47248137806105384,0.5852069072632387,1.1702092145324974,0.8249979791676217,-0.08542943004961051,-0.18229209348122674,0.7217502749471181,0.9626304478631376,0.8105888378696608,0.598878749667832,0.616338420611987,1.0558377477583478,-0.1274431031024177,-0.2251219785589894,-0.552629077201891,-0.7888150368485339
7.079018298687192,6.881086647038934,7.033271070930693,6.301124247332106,4.969744178891659,3.1033211489595827,2.7976664547955377,1.0745656978035898,1.1934010079336934,-0.10754183180669684,-0.8408546506002172,-0.8290172087508961,-0.3856165850553973,0.9239016390879343,4.510865965733121,0.4877550683770683,0.4131983105852085,1.2031427237297927,1.178690671245458,0.14839671630844886,1.643993231792584,-0.007108106130429264,0.883945754474247,0.04011650115938579,0.5355826428984389,0.12139094609082902,0.7063301705529695,0.41252991522146304,0.9321538901024253,0.24011971829855305,0.514054373290046,-0.07474819007514064,-0.5892578904226808,-0.9932159719036916
7.806528719810276,7.330042990987317,6.284534812818672,6.617882192905876,5.9108703247715475,4.703548051348616,3.4572480856233545,2.3984161143255225,1.6765268030134255,1.571126788596542,1.4599277470946284,0.9804240942847741,0.4442093095526994,1.4066520007711167,-0.5332943184793918,0.2495419748049553,2.0490074595979224,1.4449722384712107,0.15175096218759504,0.5374846568061741,0.22189509654947884,-0.6614999322208179,0.2013755487302,1.0333072980380975,2.0289942706160318,0.35657304706320575,-0.3329264040824437,0.00868376562380768,0.7154219298423107,-0.29262751511067864,0.4104070633461695,-0.5899774567923086,-0.6249335625815042,-1.0859231696987712
8.022591649448882,7.636404859381895,6.890057968942068,5.807367568791257,5.857392405604057,5.511194081339315,4.078160499219626,2.376972656270171,0.8818976798300765,0.20513119304229957,-0.601872449087665,-2.2043756678126885,-1.521813787038084,-0.3151018101618307,1.492640681140754,1.186874824428824,2.3353421704165833,-1.522599138187301,0.4187954664984262,0.028471611467625856,-0.3058804377991122,-1.1378284339979405,-0.5114073812896275,0.2152194219855699,0.8700122801412709,0.796407142218797,-0.37306083331199824,-0.4021535913589239,-0.35378665671585857,0.6823923524132531,1.2115974703219718,-0.009738421234078032,-0.56162709431903,-0.5750406301273099
7.729781168022114,7.240335591436,6.238114307945296,4.479666533130014,4.930447563830183,5.304264619471947,5.007535021138513,2.9148095739770787,1.3533475142569376,-0.7646502456528901,-2.57299516995656,0.7319224169396518,0.03431383914650663,-0.8823614796636355,1.3865843296719451,-1.9493358431140155,0.3452198331073436,0.6161674642674762,1.1066816066247487,0.2323308773879952,-1.1207359499031837,-1.098219886866583,0.05716320485379549,0.9084646302638778,0.007977061638374663,-0.32207300072670664,-0.8460954434048116,-0.306280817481163,0.10037353147710817,-0.4042995154529814,1.242312198159536,0.0958183724528344,-0.800004794618509,4.460116569470629
7.722644218935747,6.9071224908422195,6.800132361001592,5.7952533154813155,4.271515061698922,3.0336305155512635,3.07875975530688,2.3639803625335434,0.9077575663640313,-0.6329903709068347,-1.3672540422705801,-0.939797533442166,-1.1023705027303086,0.36997279958447604,-0.6741692470467233,-0.7451015656258665,-1.3901130020254462,2.0261627734880463,3.0772502015420122,-0.26954064966490804,-0.4375736689967055,-0.2329134211597555,0.49598333056043414,0.6061154766234536,0.24202531848164596,0.11143183945381224,-0.8688321945366847,-0.10520180058667311,0.37247187577261925,1.6382219321625566,1.8690835887228172,1.861849439619153,1.1503286138343345,0.5009257572504224
7.619631344229931,6.08058429914267,6.096468660763754,6.3855974599858065,4.100330490090056,1.6621342991147001,0.49459769954754845,0.24975414099430202,0.12122734205153746,-1.4801440925204012,0.28937347390940593,0.9442236973396047,-0.917722418031065,-0.5875388090704349,0.4242244476818981,-0.2640175552819492,2.035041166883753,3.078867601397275,2.1003731838671054,1.8902798959314633,2.2156575804351726,-0.4566456981872324,-0.4035895021476409,-0.225452441176758,-0.4565043663784136,-0.35483203354902315,-0.8384968797541695,-0.690121973820923,-0.3908444960923346,1.2072906560487067,1.3216468415068545,1.4539752965280126,0.5525680513707214,-1.565055056517504
6.911525353859078,4.581144283699482,6.210756104274953,7.147807803641909,4.470544052916867,2.0852533493256162,-0.0053994465918579615,-1.7277030085838456,-1.1068418465840821,1.0496659939447424,0.724073446479602,0.6021168909663855,-1.0387578033639397,-1.2485061914985234,0.12638075871767265,2.160861054352083,0.9032741091891646,2.1724076356644293,1.9526591309587848,1.9877618750785966,1.6367101338210122,-0.02594792081573225,0.5751481954016774,-0.9148317861398114,-1.3938336355388827,-0.7880640867795151,-0.8496802611126789,-0.5507967891522093,-0.7962849657395336,1.1724871720891816,0.2253627736747038,0.21341182385742155,-1.3603048945108414,-3.3672288335559366
5.5918576633757295,5.640214127845669,7.207194606388322,8.049800846978508,6.397017723551911,0.31885242821611365,-0.9985920195597542,-0.016956230771675043,-0.12313772937915726,-1.9686047474115178,-1.199488329858944,1.111302867764696,0.056301869429087235,-1.1921174421254543,-0.5416748585412055,1.4216885403453412,1.0620839788536933,0.7246217696512175,2.0383777250467414,1.360724134304329,1.0145327404065168,0.8479388557475785,0.8446109758811359,-0.051234314115081885,-1.4078100806598746,-0.9010177710327602,-0.7855042130889994,-1.1474568093813173,1.218231340522373,0.8437819543717289,-0.44754816095967065,-1.4473404893880646,-3.141557266831698,-4.932683202630791
6.445586042446532,6.72856284666935,7.578107238385806,8.490338673565748,5.691870196428117,1.830958532754489,0.578853570106541,-0.3371438479827935,-1.0953617387622383,-0.036368050933726116,0.0656789708439177,1.1090328333582844,1.8452893099816692,0.5097664369148611,1.4552008226169457,1.10372868104881,2.0605311093947605,2.240673571473803,2.0395099234278082,1.0073980192848455,1.2123486410354989,1.3102874162925133,0.6026393551848294,-0.27468152769595555,-1.0661525124532953,-1.0348275196382102,-1.3540930706814593,-1.5238570616086704,-0.2591970127889107,-0.6936229950670911,-1.3052112117742716,-2.6239481907173507,-4.019840459962633,-5.897918259452506
6.1642528517655855,8.219072813495238,7.173615912782742,7.868226315479201,3.1759536606921284,1.5298064999363428,1.4554567826361258,2.773046105676337,1.3470172621927068,0.10983667326054528,-1.8980212758411326,1.9177390366561278,2.4644111598814176,3.2494592072471122,0.46050711281011636,0.8294523006977503,2.2370113944347705,1.7922982140288815,0.8641957464381929,1.6323880149890513,1.652847887563083,0.7978500784049027,0.6513602706620177,-0.7087574161617498,-0.9413766113847697,-1.4796300306858932,-0.5408497638091166,-1.0300171328286762,0.8989617625838207,-1.805060121661067,-2.254915376414096,-3.5821357631972868,-4.699286658729136,-6.093481277824294
6.992364165287186,8.405031106754272,7.8591949466526625,7.413942193934095,2.286477262647412,6.2109027149740195,2.7903203401465038,1.1000227656958181,-0.6811894663757413,4.202749135739824,4.984636755865263,0.9152481728105589,0.3925353778039295,0.2646406171729472,2.283694189050638,0.03759380266957285,2.128971070187155,0.9252760996432295,1.126026866223303,-0.2550768015493673,0.2254571190711704,0.7853626403543064,-0.0620848008039326,-0.7345802818164711,-0.6604148586276962,-1.5752041848411904,-1.1186497882402489,-0.6842136294145869,0.21672307919941206,-2.1221374078754347,-3.2355781978136586,-3.738366846904609,-4.755186516925034,-6.121003906936095
6.600162945532402,7.143781225458032,7.565323125515741,6.495153005074995,2.795825635971729,0.8798565971955233,0.7653981384450922,1.9995981883149667,-0.20241948959457723,2.4700547141773366,0.6053443517294081,-0.5390520648738225,1.4245815911745365,0.8714676512970071,0.77550540491623,2.132563621350608,1.8317435879398845,0.6150517624634269,1.071373882043268,0.7315197241128593,0.7293859623244529,-0.2382517903305996,0.1250763741188659,-0.4687653797554881,-1.119686502784593,-0.883773717030203,-1.056726169916949,-1.4684932557287989,0.27850187252245,-1.802687053486385,-3.5632090391928437,-4.335783498263565,-4.644861116879448,-6.1084206799519984
7.3381948601096925,7.772092397030847,6.460217144405865,4.913111794696968,1.5016861720508403,0.2705627767706245,0.8486823899070157,0.755532844507581,0.15888499724154861,0.6028700434221856,-0.3540350005529522,0.31331589802277543,2.0855938285356714,1.5584760530577941,0.47540245695073025,1.3795791005978428,2.5833130920920095,1.3262767535171156,0.38604801298905633,0.9016662066716666,-0.3203836942539093,-0.4922333912761013,0.49349082860272203,-0.7043288908637891,-0.7212096835629913,-0.8630859024972596,-1.1353758622565655,-1.6735929337375055,-0.21650984888814248,-2.523017193254065,-3.778329309167365,-4.299424640183181,-4.497706966366992,-4.418619780757551
6.874209920042634,7.751761279792522,5.729318717241718,3.4790674556782326,1.948543856775468,-0.20709976124688428,2.5751006286105174,2.1259352860431844,-2.351835210113982,0.8829997581629735,0.5351027328330492,1.1388738337506037,-0.25736079160776837,0.46215412164421177,0.464088847779738,1.2784939876264172,1.7910845945236082,1.3667797418227938,1.3954430620024405,0.9150592066187361,-0.7065430219716088,-0.7714696065020828,0.13379352760797353,0.1797643517540054,-0.2435766909944151,-0.9299418048150957,-1.6410240863338357,-1.749741912981008,-0.3001785396146638,-2.735896559319934,-4.287176340624717,-4.630497413771712,-4.986114596077703,-4.690051782203132
7.845060504600511,6.513122385261929,5.026407008037891,2.950622711885428,1.0263717764581868,1.039194468964948,1.3154002600072447,0.757069920883057,2.7675577001789113,1.0166198815310843,-0.25537132793278267,1.2134670300405257,1.202983365267572,-0.13785667432800447,0.24022632760316012,-0.3318244260803215,-0.9193996273128192,-0.7540055220330559,1.250209355756188,0.794328578030406,0.11103271723178815,-0.11070348005364747,-0.7482647800598354,-0.41788752300259185,-0.7053604621135354,-0.9423323255458506,-0.8931083136067938,-1.4451819301174997,-0.9193983126965579,-3.7378283649156376,-4.662421363348064,-4.696109250654305,-5.2645645367743015,-5.755955561238689
8.224904150117075,6.399803338995414,4.26238322887364,2.4057906540903042,0.4872159522551423,-0.07834494944025659,1.4316550682954952,-0.2771814520391238,0.9531455942289738,1.397799234427515,1.4362150344889566,1.2704000935071171,0.4111916909872902,1.5163534325064092,1.19418333283811,1.241391763461191,1.8904042811161752,1.716662874801812,0.6666672070101631,1.239665619428501,0.624240863134413,-0.135112606733326,-0.11332569104607405,-0.5328271220759533,-1.0519736202286705,-1.048044321617325,-1.4121734176073433,-1.1755723041858954,-1.3608852374098308,-1.8086977739550287,-3.3084167544989325,-4.877349503956995,-5.604497205962576,-6.15202092598607
6.955939878216617,5.739733925822233,4.0400761920567945,2.9137681135917433,1.4869336658727312,1.315317707395046,0.8351518130130321,1.264503320025964,2.4111718123519945,1.6823377780644218,1.6774349638209283,1.6560601268810948,0.6952533620965117,2.110377595015375,1.3071579477355275,-0.3554578331514323,1.697253818289227,0.98678871464136,0.6753408515226257,0.5223054152173794,0.9363823146097036,0.5521061458785327,-0.37623841569640143,-0.9149379552387445,-0.9102492833791117,-0.9605607717904429,-1.497423738737936,-1.0532805521163164,-1.6167185155567005,-1.7309660169265435,-2.089966118686652,-2.3286206289698264,-6.149011686763758,-3.885197564638499
6.7564789311511975,5.104938097490637,4.765064070494406,3.295106425668975,1.1172524379157613,1.2792026984355516,-0.2573157814626725,2.4434747499501963,2.610220474895613,2.2720026321688374,1.691421682559934,1.2178698508277865,1.054014422233545,1.2780454328749522,-0.6903295228827314,1.6260573016372197,0.5536342047842447,1.2511166359594759,1.1557612654938976,0.9269624775501173,0.48220707045545513,0.44666523323015306,-0.5626816847860755,-0.5643814933306502,-1.0587912237722854,-1.2579140890148146,-1.4790117814348571,-1.3734726362049081,-1.7502986973378116,-2.785703444232477,-2.4009515567993205,-2.1963052447663247,-6.810704475478865,-7.357424101572811
6.440349928497042,5.206244650696042,4.849456136646769,5.062252872285838,5.369625107021202,-0.3377784207628156,1.162649096284084,0.8182928203183693,0.930208626900537,0.6109374746516374,1.97642852527683,1.4082127794340655,1.7300360068431107,1.3454625866205245,0.0957826467204245,-0.12433583881959821,0.9621728236254755,1.0942617072060694,0.9042161935074464,0.5806047899232218,0.7117997250353406,-0.44663479726404376,-0.5096632236562018,-0.3640907908380222,-1.0994489595104389,-1.1154401234059075,-1.5563309032820787,-1.6792540566054939,-2.5391863127822534,-2.53915139155715,-2.2045303456017806,-2.6832620815601818,-3.0888833249916954,-7.76539251288033
6.50503614821516,5.323407641581872,4.922806099454205,5.311199389361668,5.657494499588751,2.691464475414692,1.184944545435374,1.3897120708735258,2.901225293215634,2.28425919751467,1.2967224743977943,1.3622533894081827,2.803934135048568,1.1158767082329204,1.3799171701552486,1.2013420440843061,1.2883453104386946,0.770638631851487,0.9697816489897423,0.043431441640964866,0.17789003319626573,0.015783039976853024,-0.4604925267420708,-0.6297412949664182,-0.9694759336636408,-0.9145309447647445,-1.816560145543646,-2.3738692161839907,-1.7993471168184838,-1.9432907365853826,-2.4620504297422743,-3.133172784740871,-5.744568257143904,-8.614538399910765
6.203796695069907,5.911278265359778,5.676386280614042,5.679910312599053,5.759639414072972,3.057782735528317,0.5042517524568961,1.9016013863770036,2.1071506667071613,1.2476183820264448,1.4914316503321994,0.8152331304240301,1.2075017519792284,1.2293556518027782,2.1938605464216754,6.106085922576184,2.470938801138464,1.1404574505461231,0.2408887281819762,0.6040478663375871,0.591824151192284,1.7522038992009517,0.4996266222824659,-0.7818129972767868,0.31545533654678354,-0.2600278899249932,2.316118347844453,-1.460778539281867,-1.740605015790765,-2.0730227740050675,-2.754003813614084,-2.1773129665898456,-5.530620050110119,-8.50512702267405
