script/wind10m.json
[{"header": {"parameterCategory": 2, "parameterNumber": 2, "lo1": 6.000198445256149, "la1": 58.999992894266676, "dx": 0.5, "dy": 0.25, "nx": 22, "ny": 24, "refTime": "2024-01-21T13:00:00.000Z"}, "data": [-3.029794369591958, -1.1665072001115226, 2.648841890645853, 0.9490542385771015, 0.9617465681344554, -0.020778030399513973, 1.0548227945736928, 0.9051476778754756, 2.7002600129907157, 3.0365828067556135, 2.1213835927562212, 0.9406295950231245, 1.068619975399168, 1.093151356481362, 2.638475890416375, 2.51363583245734, -1.8462644028182245, -0.6352134819638176, 1.0493858478973253, 0.18430512276341654, -0.0033578011596956886, -0.516943966788886, -3.6385694290399875, 0.2871274130574642, 0.8339998400772409, 0.2861849268439722, 0.2820275813081049, 0.6650700297882518, 1.6191315991353041, 3.378093139462352, 3.0824793337325027, 2.37015126648101, 2.3176130946515396, 1.484797788311223, 1.4654290379722175, 2.162605173546295, 2.2472647800966543, 1.110498763269445, -1.485279139742572, -1.4185039908483508, -0.7088518849188815, 0.08904427279824215, -0.6480968543345744, -0.35592089623035117, 0.19078127287139016, -1.429211503031526, 0.20778649594924767, -0.2818743097539714, 0.5291836037901367, 0.9089772176699716, 5.536918806478158, 3.3469679279795788, 3.302293480412489, 3.2418932876645883, 2.9698432893485927, 1.1782682338889066, 1.6529156673700722, 3.7874409515766607, 1.8564496646881925, 1.2996293915583639, -0.9979222569306637, 0.870764629414621, -1.6130636078782825, -0.3171420112855124, -0.6827945263760768, -0.5620851628371911, 4.930080305299374, 3.6510480659083457, -0.13127955848806064, 0.32436341155782233, 1.0693060514162664, 6.511379519474176, 4.950318245545137, 4.036186121034466, 3.519933339875414, 3.3448689456904916, 3.1960879734940426, 0.5666918189521023, 1.8762064190357055, 2.524952740943863, 2.7319494905106247, 1.7044042248382043, -0.18637710788762707, 1.5585241100626988, -0.9372577223045301, 0.35019376422627363, -0.18991622827685697, -0.4020667503743922, 6.399263789514206, 6.937593861988731, 6.4139707540473845, 6.187238435929669, 7.3262179767511855, 5.838792699483755, 4.770120383268605, 3.9043034905166287, 2.794726102920562, 2.7542920874025754, 3.6662311709798927, 2.3211558980239553, 1.9837394176753187, 2.1363218871567238, 1.7384885255054583, 1.6849289473683347, 0.4244469962761786, -0.7916961965008686, -0.8529032194432971, 0.3232401858534658, -0.001715022734771522, -0.5380741583102168, 7.000259928222294, 7.806119396498225, 9.170665767098889, 8.2593722135645, 7.778467572238899, 6.584755349897633, 4.173376031746414, 3.037591731555965, 1.9111365888763694, 1.5998038913776873, 3.7046130034576277, 3.465584503353153, 1.812686675151351, 1.2496644123458323, 1.7314600551211774, 1.0520179568231398, 0.647693742145761, -0.6291017629755751, -0.4731535336137252, -0.08283261641983622, 0.07080349817372814, 0.42052583766626744, 7.427007899490354, 8.727411031831538, 9.724134973597003, 10.740946782531589, 7.204366141442694, 6.720342088576264, 3.5984527220314373, 2.8258645642494704, 1.3713096410401096, 2.1161303521279877, 3.9443926723238096, 4.480506925534395, 1.3270750449657147, 1.3124886811922603, 1.2042479727194313, 0.7270803687382669, 0.7318356619980081, -0.010887827582162515, -0.0587637044471047, 0.7178442192814319, 0.4605712541917107, 0.5773827498788926, 7.913576873120473, 9.512721144402866, 10.177449250947904, 11.310083828025187, 7.962576153413486, 5.888445960808016, 2.47276020855385, 1.9744401527849085, 1.5306913156171829, 2.2009495690711187, 3.2701223780306408, 5.281845921337888, 3.1395565787696817, 1.2966225073602697, 1.353154335399297, 0.662611567365007, 0.7493735013594668, 0.8565373784815106, 0.6934463515568486, 0.6425681337639092, 0.6777506402648164, 0.4864685973571969, 9.368232994610239, 9.251523199901456, 9.923314111903327, 11.504126957149492, 9.009367972887409, 2.078084918499771, 3.0785286477063254, 2.7511792996246713, 1.84101244476682, 3.4225695399100755, 4.262062604264325, 5.910354087690609, 4.538350517635597, 0.9605140611112445, 1.2662007156111752, 0.9793888113567567, 0.6311203170102545, 1.0301170635924943, 0.37864135951023925, 0.6245754264312349, 1.1955066599245099, 1.0498362702146435, 9.161924494947195, 9.096620788227302, 9.790329524179539, 11.126191011202515, 9.978154997875691, 3.2135524575607657, 3.0834619576401785, 3.0113750342636596, 2.751025678967868, 3.689542074960304, 4.962707122645091, 6.282746515041183, 4.617480464067564, 1.2810914350783305, 0.6631088786463597, 1.6700701158207198, -0.08824353980305302, 1.4052265113930478, 0.7310891555393675, 0.8452609123420451, 1.2073486368085855, 1.6584128308215818, 10.137892621311568, 9.685517118577424, 9.78133070983091, 9.963211145800317, 9.363591100092655, 4.334879837946567, 3.1099528697748617, 3.0890945067969198, 3.2916427157010726, 3.6505567955290052, 5.736073428507272, 6.546047857715319, 4.565358716982957, 2.3506482053040956, 0.1520182575333609, 1.0381044512736985, -0.19634821128063798, 0.3124576588953264, 0.8009622883859948, 0.8433160600834744, 1.0313991149486121, 1.7556019695407443, 11.235926986368607, 9.927031719281903, 9.664827824254331, 10.758618316876799, 9.735897407274383, 3.5454981711031426, 3.2515743071738687, 4.030762231854088, 3.2049407701875468, 4.246237384001666, 7.636676313675709, 6.322589053933753, 4.039653891540813, 2.851798888931309, 1.2592251833131924, 1.4003091777392336, 1.3098125631555384, 0.34311754359751456, 1.214278238666914, 0.6047064828070073, 1.7490493742065636, 2.513490445614321, 11.199942914317123, 10.571136194822843, 10.738847566383818, 10.926202091716082, 9.93240438284736, 5.74229323553778, 3.2247285596059068, 4.6740280875421645, 4.094791362021771, 6.4193533440663435, 6.951212555484763, 5.676404120104831, 2.400497330802969, 2.501612627644518, 2.067580412419571, 1.4098604092042646, 1.678757738592131, 2.777593041401121, 2.276349051231133, 1.1913586151941626, 1.6886915048784097, 2.0740376090324713, 11.050692007187202, 11.399551667631497, 9.914443387203598, 10.295769129462359, 8.429965255625737, 6.09705690800862, 4.689655662636076, 4.899052422274907, 5.020165933109406, 6.028139050356649, 5.705269147354275, 4.314270890075005, 3.6683179275133115, 2.789576752150366, 3.119949890089483, 1.938312537855846, 2.3273657475443144, 3.017596738850361, 1.6150560771982794, 0.8690331854052994, 1.5294915104450066, 2.0430240911032262, 11.304680473028276, 11.483042284636683, 10.874305024959698, 10.77320875237108, 9.667786012019164, 6.746102310998818, 6.22703559190058, 6.7176931889054385, 5.079466425092057, 5.404419308280523, 6.004576886990403, 4.389571247735774, 3.977972298699014, 3.674290426507111, 2.980378075034517, 3.0376864658672003, 2.500547736122038, 2.4094837231814865, 0.4779993771210043, 0.9299146508132563, 0.9626305601731506, 2.0113435388124343, 11.349974493724437, 11.322591533795165, 10.548669751501532, 11.86774771286258, 10.7590217186505, 8.424181993302026, 6.291493461630857, 6.593092977188357, 4.388351340657765, 5.063313820097008, 6.913592241565232, 4.349778208609746, 4.425080477409612, 4.3501229445927345, 4.499623195679039, 4.482219079376309, 2.925954164967369, 1.7373577558282145, -0.10858838278962914, 1.0613014488128707, 0.6175460901948315, 1.9178057897521978, 10.798233827058711, 10.659680948065953, 11.368374968090214, 10.653396834903255, 10.846869436063525, 8.74920678141389, 6.062112150883442, 7.003408348031684, 6.968512308937126, 6.092564718391606, 6.44091424482739, 5.555334494672176, 4.095238476111256, 4.212955538656844, 4.113435529391404, 3.7705593816169656, 2.0422975365344134, 1.20445489241707, 0.47243797952346883, 0.09551508470793066, 0.33981911581653157, 0.8110637932774596, 8.844183816818193, 10.575955139273724, 10.927078573331237, 10.542216455793435, 10.351061691247361, 7.2640203583030605, 5.2819973158160884, 6.241589335084178, 6.3965362514949025, 7.266821466277066, 5.665325739047378, 4.847853981361549, 4.990481256480238, 5.415669511139242, 3.63606889016822, 3.0358674386728857, 2.124094527056445, 0.5855855772349516, -0.17736462301532394, -0.2625687172437495, -0.6302218609727612, -0.2848629845750128, 9.976456503032411, 9.296914098999286, 10.301857296535635, 9.927905377858291, 9.549574301190113, 8.426571059213533, 5.489356884997929, 5.295593172638359, 7.08608057216766, 7.490384517055122, 5.497122749212829, 5.583967896969784, 4.278796699770537, 3.1892704131904526, 3.758749182823927, 1.2083763931255063, 1.0404408256037307, -0.3424404553714699, -1.7833634153535032, -0.7196991266842822, -1.6068175593986262, -0.42364385769924123, 10.362917165772302, 9.178091221557526, 9.053338584790184, 9.273433238528455, 8.724928516842409, 7.694738738656066, 5.210623328669596, 4.477260796886331, 4.920012381106268, 5.0829073565341405, 3.959442872966655, 4.799871973564565, 2.92320271782039, 2.4253805953883947, 2.3485043119249074, 1.9034152490903775, 0.9944823853850923, -1.0690129705829405, -2.038167443794845, -0.6408327681733311, -1.2796351066084153, 0.2249750969771954, 9.398843321414454, 8.465708225784919, 7.190491305720401, 7.595585262268356, 7.055813428530142, 5.966399013204868, 4.360788432470276, 4.017257134056986, 4.495035363036604, 5.250552017949469, 4.468901288628112, 3.2513656344424464, 2.292558773639895, 2.8832336698073173, 2.349767001982788, 1.2641116819705418, 0.8314519207456001, -1.6206154042152232, -0.8664844900129451, -0.6180976454221234, -1.3090575550432422, -0.2109210154423219, 8.291020370139442, 7.116854672644161, 5.931331948980588, 4.884909135236782, 5.661083789466527, 4.308640042010906, 3.772750901632474, 4.660437404122695, 5.017514630297096, 4.717768984119535, 2.8279449388938476, 2.6152264733299537, 2.388677256913252, 2.807866878187136, 2.066759926955689, 1.1342585607127706, 1.196947464034704, -1.6545107545019173, -0.783998718306703, -1.184397570888562, -0.7976972477575438, -0.6845833039251887, 6.2892660176310144, 5.913597155692896, 4.212728879037975, 3.474100716535174, 4.467710648338293, 4.061388536380209, 3.096040666293961, 3.9141956331478642, 4.375540151764444, 3.252145423103381, 2.275435227234256, 1.6189317259286626, 1.627475703247968, 2.094796285907158, 2.4683963497616612, 1.0562734701341645, 0.740213025238134, -0.9688276523899167, -1.9096586988082604, -1.2567913798732187, -0.8956844553132582, -0.5684624664733886, 4.541484125878543, 4.756668071916212, 3.8087964981185443, 4.250091849480317, 3.6512937998585158, 3.523573546696719, 3.7692598995692412, 3.3868381604652193, 3.2550992622981223, 2.54774193329803, 1.4595362732192494, 1.4367850509611337, 1.1103465201288754, 1.112983756318621, 1.5184136252531315, 1.0605399322011184, -0.23164971161655218, -0.05858138204467922, -2.217510209884137, -1.8063708760878343, -0.9036461536217213, -0.21714925651154032]}, {"header": {"parameterCategory": 2, "parameterNumber": 3, "lo1": 6.000198445256149, "la1": 58.999992894266676, "dx": 0.5, "dy": 0.25, "nx": 22, "ny": 24, "refTime": "2024-01-21T13:00:00.000Z"}, "data": [3.8169774587058845, 9.581876033243264, 6.377905140198427, 2.9640475616620696, 4.841047674547158, 2.9315802035281187, 4.464716258142523, 5.765349318985203, 9.89598630525101, 12.437677604917148, 11.722098288555783, 5.438694571837106, 4.887476970699478, 4.190099744706521, 8.690668169069816, 6.37676573043231, 5.946368724046112, 4.376625232515808, 5.852737517760632, 4.645861129871467, 4.301434161155127, 4.588293703723108, 4.945728464789077, 3.5539558501798547, 4.126395687123684, 2.246026467046985, 2.9625502125059975, 2.781740823547464, 4.941960546994752, 12.524368570446645, 13.982140951964904, 12.853878056933707, 12.027386254430446, 5.560144542560552, 5.889052260919485, 6.1366133488737225, 6.8295975828619016, 7.514101840436966, 4.502157327121897, 5.412854639239892, 4.389334503835495, 3.7702327808688825, 3.958698737808486, 4.437774316751507, 3.1318705560479136, 1.6222452920950559, 1.8058120720407091, 1.5968129202591042, 2.9252549971081847, 3.533008111700062, 12.287871735567993, 14.452109904279396, 14.56143367660044, 14.003237048719491, 12.548262646075905, 6.325458308154083, 6.203025131408668, 8.613191623667412, 5.775633576201451, 7.560782849325007, 4.391574388128754, 6.801154159476988, 5.471977451098696, 3.710622732464864, 5.659412073974679, 5.55881008309328, 6.503129880512005, 5.445035266657514, 1.8767293290176104, 1.682311717921278, 2.5334864811595734, 10.486661783220947, 14.878240342173527, 14.59911234535822, 14.834304755345102, 14.130740695048663, 13.730110846744859, 8.106178881748939, 5.99921099674316, 5.485823585730742, 7.36250258707392, 7.412530392158466, 4.566688759377214, 7.208370557888244, 4.532399296598803, 5.087006797431482, 4.898200368885999, 4.590105592581522, 6.801630264667, 6.269200966444516, 6.4636698970001465, 7.336365510044988, 10.201605196782634, 13.066356387279928, 14.572071741434424, 14.874017944840759, 14.66075564196336, 13.484243886830864, 14.443808086359988, 13.575808421673479, 6.187545669275519, 6.226593726291762, 6.195484270170971, 6.647043735066931, 5.137917032981964, 5.902637261286508, 5.073515653941162, 4.144915738612826, 4.428906827767842, 4.047282929436812, 6.758073916403576, 6.310499674525972, 7.185422428207134, 8.783293934743275, 10.205125121573888, 13.704716817078157, 14.49237979961843, 14.94180368774335, 13.876328945805591, 10.44192230169513, 14.370572119747159, 13.395369421493836, 8.844390807727502, 6.123778974583673, 6.502657644264665, 5.742085865572169, 5.157821157053397, 5.267105503551694, 5.379984285259442, 3.9735438541801327, 5.007129110128866, 4.824539320637656, 6.789749237907725, 6.862788817444685, 7.144041514004642, 8.157562349061672, 10.96445608219288, 14.292804525787536, 14.283593416441914, 14.300232224134783, 9.997060196037726, 9.618886370607449, 13.670881008948685, 12.804997672048158, 7.326644473608636, 6.389764537005233, 5.020836709125529, 5.122418570661406, 5.421737356411798, 5.362766705157893, 5.351700210024577, 5.320879186355511, 4.685649183062161, 4.56098863972413, 7.225157863173331, 7.5856135717490885, 7.641874537484994, 7.902107880580444, 10.590347837900687, 14.0328919221302, 12.552807887091369, 11.574459823371182, 8.70071410079575, 7.755506679261598, 9.616465386325665, 12.22463173794608, 13.542806754657036, 6.713417564066101, 5.328723494339774, 4.773584953929699, 5.267134957166554, 5.23125241760923, 5.9628685473844145, 5.6021357288046145, 4.589605596043225, 6.101480539503947, 7.87270893691174, 8.274469852171304, 7.695804600826876, 8.241554629242534, 9.434607965560774, 6.533869894204091, 11.455817253464632, 9.757855080085848, 8.091021265272538, 11.314632686512041, 11.401012240608422, 12.171627420119762, 13.617040188618407, 7.927879185871264, 5.696886190225341, 4.737826079474315, 5.984933552197792, 5.48277887159508, 6.3616787546959035, 5.659064716306317, 5.342515061513546, 6.773853754771186, 8.646076832452353, 8.526732715469782, 8.057982351780574, 8.09403394542916, 9.15307171873899, 9.086051204662908, 9.181719925796047, 8.684620464338419, 7.9149672469967935, 10.44175170396278, 11.140295339139369, 12.42833525260434, 12.947061118055139, 11.836223601705077, 5.969771610635616, 5.221679336839106, 4.966078530234436, 6.1064091799590425, 5.816655845812228, 5.63842870309005, 5.1460286127009685, 9.973977406914123, 8.84538433798793, 8.646774529994353, 8.128789962958768, 8.796834740786917, 9.142912203301506, 8.76846062851055, 8.539499735579213, 8.515466064514472, 8.344787923423532, 8.647865658807408, 10.570081929050161, 12.123517686241245, 12.531239796194415, 11.533622043017742, 7.726938649988015, 5.196126351903104, 4.580304699167135, 5.589323904933759, 6.077621529037552, 5.448739604062332, 4.540530813608315, 7.821147712174038, 8.408176588271468, 8.544477802629332, 8.11353082212324, 8.457727279010955, 9.519153986364193, 6.695931444302712, 8.576358931509706, 8.047011951841599, 6.897866778659723, 8.18017439212062, 11.212762677945864, 12.02693027163303, 11.60392769899896, 10.310124753343356, 8.281003262092373, 5.4984469341755755, 5.117348133582061, 5.336954179715301, 4.834938621852453, 5.716918933283314, 7.854759978865051, 12.844262328516239, 9.136164220211397, 8.557926229253212, 7.937343317416246, 8.259970807073435, 10.14021586497016, 8.22381826504445, 6.469908668545499, 7.244970751922108, 7.674899004715075, 11.394534201736771, 11.489159153007776, 10.906412464213584, 7.490208322304062, 6.631455922802345, 9.438353724787822, 5.766755291403528, 4.97814334416396, 12.901075414679644, 13.989489861619507, 15.385853131920522, 15.107880239950576, 13.904715516199794, 9.645406935695892, 9.191327809889588, 8.460912915586627, 8.34728182918024, 11.728180534633461, 8.914025573174152, 7.665573262745922, 7.023423008135924, 7.567596973981071, 10.04094396448843, 10.070969412064297, 8.722752812773818, 8.023335023350548, 7.07983458702112, 10.099532732193087, 7.668694406123461, 6.147569595857365, 14.997400349376388, 14.920298111561474, 15.62651667238081, 15.16957806370308, 14.188051272131185, 9.902330953331257, 9.616816791372418, 9.186955486039686, 10.68365129516106, 13.138486491595128, 9.124515926305053, 9.158841337933518, 7.724652480138281, 7.670562685931916, 8.64542365616204, 10.558630852110959, 8.208303054122762, 7.539233901435876, 10.415155120558993, 9.329102298611033, 8.431816067643256, 10.619390596297455, 15.911745235971388, 15.062973387327927, 15.677688266343626, 15.232139048621509, 14.460236123844123, 10.623214925313682, 9.69666723486654, 9.807669587470473, 12.127048105981977, 13.314279296093622, 12.090062144011684, 8.685556341955857, 7.466403946246921, 6.960178721640337, 7.88604958583666, 11.173827417247875, 7.422467824767527, 7.809575350917506, 11.634041093321118, 13.50489200321987, 14.369584967172669, 15.563231067603105, 16.60288213932742, 13.81007034223073, 15.839665310996088, 14.747427661537204, 14.548993786962228, 10.650314902092736, 10.809786371749277, 12.064783384660641, 12.526736722237363, 12.708803892195103, 11.664750056649453, 8.444165251720305, 8.053651159994644, 8.760006653679856, 9.361959599841517, 11.619885869232961, 10.469412302652021, 8.50689262203921, 10.190802036850389, 13.634293903081593, 13.970282076276241, 16.25059352838664, 16.11691397516706, 15.41017836943849, 15.248830054408664, 14.869402078531468, 13.74303843418239, 12.29229052635725, 12.833388695832783, 12.824900774292548, 12.763792243059033, 12.184755138983109, 9.73365618710415, 7.180944522129557, 8.11538123746052, 8.236815323619012, 10.59316081861122, 11.020914929177794, 8.92285804256422, 10.130425494485443, 14.067213755266831, 13.553348860211601, 13.630717144513275, 15.103075549000557, 16.45529963603608, 15.465805068007246, 14.964787041674999, 14.46735811904069, 11.962410941819813, 12.67320252503013, 13.303178286870196, 12.723994275354325, 12.569755539426588, 12.27215587035953, 11.424663201957538, 8.662700249739382, 7.214001500009918, 9.337242405590443, 10.615620370239034, 10.079483915115942, 12.891255911305738, 13.157556174491209, 11.486439107853396, 11.598322932655059, 9.760131268041286, 15.198263609291141, 15.479975166325943, 13.948061457965789, 13.817309523769964, 12.693949637200808, 7.419980171867262, 14.022999055528146, 13.606488538747143, 12.793043276375172, 12.620772162245258, 12.174563202461648, 11.845474564998566, 8.721111324158509, 7.997912390770501, 7.645043151760498, 7.458484705606847, 7.190070476424168, 12.700721563878151, 11.53953329713947, 8.25156958135964, 7.369756739365837, 11.946263549468165, 13.413867864615884, 14.416832011105935, 12.51500586022726, 12.17748309362951, 8.654951832177742, 6.1992945701407205, 14.808480592738547, 13.869298346367568, 13.36213807060719, 12.453052836994082, 12.377404269582167, 12.173599747378695, 8.464809408274718, 7.361955631129462, 6.916093214108628, 6.6442642778602075, 9.130329283264405, 9.276856434999285, 8.145885142063632, 7.893793275019498, 7.439869166346407, 8.04319371394603, 9.89055242444511, 12.508204641208515, 7.045117524818179, 8.34609725402605, 6.489746261220344, 5.709360151526978, 14.57162651651243, 13.943512068497855, 12.752877299730173, 10.523619413413016, 11.09777425734096, 10.183616658686727, 7.225402682134417, 7.9011921583783185, 6.429996115160653, 6.845122655088749, 7.135999601182283, 8.230002944505491, 8.088383042140569, 8.201266339560057, 7.728922680441671, 7.686357659372532, 8.085038831082892, 11.216583995457889, 6.0943567711811015, 6.465367011521776, 7.019883429553579, 5.051350389222543, 13.421655446963344, 12.398116813794998, 10.739626937882248, 7.463146137485283, 7.71686662149257, 7.61607962314166, 5.7952791224534055, 6.839982011763606, 6.4298211408468635, 5.548079433244791, 6.081807951161414, 6.840358054536444, 7.90394868432216, 7.329411272138488, 7.802398336394191, 9.160924621610636, 7.672547589163507, 6.700732878423625, 7.569880136970507, 6.387435850280861, 4.82134622631783, 3.9722279032855448, 9.262959178410068, 8.377100880799395, 8.38017981455176, 8.316943845629662, 6.277249748837602, 7.224680057015548, 7.293953363683308, 6.747627236962854, 5.788852329206747, 5.743322283845025, 4.971133482732535, 5.286323477564532, 6.4177975574905695, 5.664500668881549, 7.278766052790689, 7.112224071546429, 6.9091155367981365, 6.779404801883468, 6.257719071680749, 5.247957843002326, 3.7618248049530214, 5.847501865443461]}]