script/wind250m.json
{"header": {"parameterCategory": 2, "parameterNumber": 3, "lo1": 6.000198445256149, "la1": 58.999992894266676, "dx": 0.5, "dy": 0.25, "nx": 22, "ny": 24, "refTime": "2024-02-26T05:00:00.000Z"}, "data":
[rows 0 to 23 of 24, columns 0 to 21 of 22]
-2.4069047003880852,-4.992485968380771,1.7433770249335043,-0.8649201117363169,-6.273316489724961,-7.451338820605508,-1.366805982156128,0.43884878136112915,-0.9285500254444591,-1.0528818029774112,-5.782019761918563,0.5577689851626034,3.0378508878885513,-4.441133069686738,-5.574022679965773,-0.6681017210379454,-3.9952755984946635,2.9935753017686437,-5.908062848365341,-0.004646114305010026,-6.21575975182133,-6.362325889819502
-4.697807955823644,3.348524287966129,-0.8080087816323626,-6.910922847960148,-5.313629628016548,0.05176393701595363,-5.1215524530056316,0.0926860632276448,-6.1685320670333725,1.5882920129870712,0.6271820023938702,-6.416649970657139,0.12162037579771066,1.5280909190751368,-2.1912778667581034,1.2632670842781095,0.32651378899830996,-4.267946031748643,-5.037663753509324,-1.5295930780007163,-6.353360441604347,2.0091980485111813
-6.001981820403565,-0.28504079353316314,-0.2633921539427618,-4.4536248840512895,-2.661094804928469,-0.2538836264665581,-0.7614933492373445,-3.2457751740067904,-6.069733493173722,-6.594122425821589,-6.265857345778026,0.2936250022857615,2.8765690095685232,0.19820097216744234,-2.3680622062674583,1.9141917405520632,-5.579292732661468,-0.15328600356923808,-1.6393641405027846,-2.3718049703862443,-6.139334653179579,-4.412418332132447
-6.960182340264006,0.6117037117998895,0.1430328121106814,0.5832290745108122,-6.683513561572283,1.740256532420134,2.918660942452056,-4.225164148488755,-6.0192067365852955,-6.1753857692147305,-4.170575734343525,-5.925531298380319,-1.5469190788280955,3.4696903208964276,1.3384619147044732,-5.325488160687018,2.460181663457216,-1.059531416784597,-6.1387582025293295,-1.2759999327874458,2.7681201836133003,1.1604999339886435
-1.9143071293388347,-8.706723891656177,2.1313190950857335,-2.029721113683476,-1.8706706134721975,2.097130915441595,-6.520320139154751,3.295979326193095,-3.5125923140744466,0.6907909162803287,-6.035673640788892,0.813077888181331,1.235517335280375,3.7112516126130584,3.615451155733316,-5.205068764608997,-5.951565213717018,-1.7030289289373965,-5.684931540062681,-3.951532176495537,-7.489295736509056,1.8224320793437594
-8.982619715505678,-5.90108600587515,0.37022782704597823,-6.585899432061945,1.4436467147552876,-1.0297549336862795,0.18287217931062083,0.997795604846236,-1.1885719186266377,-5.761390452300307,-1.105005805810627,-1.3334655007342509,-0.6629297157185073,-7.239514169876096,-2.6577539444965335,-2.224261507685917,-2.29735301491027,-0.20197139762773214,-5.7343969479245445,2.581110135110682,-4.731710174322511,1.8749286994654037
-0.7912448138705269,0.7580126805097137,-1.0364387362654912,2.172802310516771,-0.3239072107157762,2.886445411534945,-2.3696160522984218,3.0598144629898845,2.817233125232463,3.3637696626913924,0.9018162534509906,2.0283934308910476,-1.79279820335577,-6.002993193474584,-1.0144589284364027,-0.05100749156811597,2.69588066393832,-0.6327941531499548,-6.765020886829562,0.8460324306725703,-1.618688470062627,-0.3337715356296318
-6.971226893748726,-2.650505161194259,0.09548950615365437,-1.6822807570170106,1.2719442046617626,-5.982423523137086,3.0292580875666557,-0.015695948428936624,2.297409510726719,0.6123020811112221,0.6520890071620162,1.4441489656274213,-6.271788477224028,-0.7770197507356358,-5.545761593283178,-0.8184390654022348,-5.050879600220333,-1.889976452609202,0.9340797164621628,1.626472012125326,1.411760822921972,-5.025106136266029
-0.39767207306757574,-7.224840719085254,-0.9601007570445899,-5.115095110396824,4.546872342657244,0.9938246995766662,-2.290939707364862,-0.4450152811131024,-2.2222984587388823,-5.357619002953529,-5.7455590342740335,-5.224634110013882,-5.093339994177103,-5.768492661480602,-0.9194203073007459,-0.9322098993993867,-0.8731041113298126,-5.649472878219648,1.3698155985224612,-2.382775182403594,-2.1046615225196246,-7.098980038800726
-4.996007404386358,-1.6144092234653946,-5.586256225527749,1.7713078119500965,1.0885102375100222,-3.697001672027066,1.429033843687701,-5.235457939818058,-0.4860057856236452,-0.2854980442876495,-0.8710669420248949,-3.9248324896209175,-5.560668260015599,0.7850651410699798,-4.605022508583594,-5.443083967803273,-6.274276152119434,-1.3184024008751873,-0.4301349110734284,2.7558191775898453,0.06845133591304652,-4.654631747307508
-3.1470009059068786,-4.958081500749135,1.1762201591186467,2.903652724805349,-1.3391384433331333,-5.61803596353503,0.6710511875603002,1.3968279439248692,-1.0098731584890508,4.089548477625357,-2.4040156593801814,2.753196701843607,2.8120314114174927,-1.499912100101141,0.7820716042452348,2.820382914850718,-2.477443784814234,2.028107683060312,-0.8434344635359534,-1.129308855835717,0.4919152187607609,-5.267369560200269
0.5030787334693545,-0.4678890532526459,-0.006273732278116787,-4.311535413104268,0.9688009902028462,-5.923585568268419,-1.4694561686465997,-2.7024554890149073,-0.5659212391013421,-7.826493008085103,1.9997799439787676,-2.0546594893986097,-0.803457158879734,0.22414270421172294,-5.2804527743878555,-2.516364441711519,0.47318146254955895,-2.4622118917773745,2.950513268795831,-4.6840688863921,-0.8824799175491292,2.0957189811577512
3.4035525129320567,-1.1767911786358045,0.9488081509841103,-1.7264230142922774,2.55804033773086,-1.0866481799945553,-1.5845858134843704,0.0031181517332648915,-5.834114767576442,-0.9516031387632196,-4.974749682880251,-6.0033317976723835,-1.052907024616662,-5.542166277664428,-5.937516576227911,-1.0304937265361802,-1.0916423866551201,-0.585541265362943,-5.065901386549494,-5.352678744366543,0.8985210219075512,-2.0363090027977946
-5.59591291130126,2.3345304414220807,0.09512113686679924,2.764736957675515,-4.643889691554001,1.0935319309736322,-1.157451034568086,2.4510407185623317,0.0821098670374487,-1.4423507892748035,0.9892925445478132,3.7047828796462396,-1.0159517713955086,-0.8375013196297285,-2.041223867026354,1.8067797576377131,0.15414125368133322,-2.861178868292282,-1.9068805331060232,-6.14308176479206,0.3916513933939842,-0.4827417675301551
0.09224521648996493,-3.295969846148503,1.6084575513108132,-5.6210158792943705,-2.03208541715728,0.06959140834203512,1.197010623353611,-0.9429130943806342,-5.831410357253714,-2.4327681371370486,-1.271496116245676,-1.0807828039420095,-2.960732971855104,-5.47905085781024,2.482862651862523,-6.2438953698405175,-6.741844719998979,2.7150568191326063,-1.4113089162840011,0.40985475080681094,2.023532034764179,-3.7674890763763544
-4.876580171627426,-2.0541078351624202,0.592561498640908,1.6277995933640652,-7.486607913618398,2.6171314925320166,-5.011361030581146,-0.980964955212318,1.6419312389437655,1.0325520094912035,-4.356305958289126,-5.432221457446802,0.05247006055249268,-7.6195234049882075,1.9903872162627871,-6.715651755239948,-0.24235167005628552,-2.409308608517425,-2.28826337586827,-3.9922012245273173,-5.898088842526291,1.8002589305304646
2.256373820567335,-7.2877246821708095,-0.5197226188247253,-0.2962323788547763,-4.513402312651951,-1.9989163933237832,-5.091378688772748,-5.0066710149891565,-5.293031170361394,0.44112087454070664,-3.8371115572826997,-0.3338488807730635,-5.004089698486041,-4.610936944664743,-2.514315388788729,-4.703209626301951,-7.335935860144665,3.44317002638698,0.31355822046579945,-0.37013518404402285,-5.526788474483365,0.6912195077808045
-2.151939931486927,-4.565714665880059,-0.49319571180590616,-8.390103142101523,0.5191363674404432,3.1761499997655216,-3.9132758492981163,-4.333885265944071,1.913353614085227,-0.45401508538832985,-0.9582594156623903,1.5599144342344629,-2.3616027485240716,-3.063258010071545,-2.6778955805346456,-7.052264639574587,-1.299756460566103,0.9892123718592518,-4.557864683091781,-6.367221274175881,2.2845496471142948,-1.2241454216095249
-0.2682613996386075,-5.906765843862418,-6.387756440126408,-7.73332411329538,-5.993930368844941,-5.219790731089809,1.186406563583222,-2.8864105603810164,-5.68601817739643,0.9715630332687764,-5.093409061200641,0.6633191892178714,2.69915370259132,0.4534780700486758,-4.820482797900352,-5.4477490408539015,-0.8445626605455969,2.269570484613671,-0.8747801928207937,2.166898122986405,1.0926723222956631,-0.803071148464144
-5.205106585182581,-4.985478609295272,-3.698575335091073,-4.858802282488705,-1.391706547236795,-5.970252355233013,2.2269927532667193,-6.0916298244732285,-6.514710610860707,-1.1361341419438102,-6.044504650500205,1.1670880097625635,-5.8396904755499275,-2.7757085159235872,-3.4574646291172586,-7.612391640628293,-5.146359686818465,-3.8922571174871163,3.3817317526751576,-1.8242466628599234,-5.68225935525296,-0.9541192211288964
-2.405639880394545,-2.0080507996528336,3.862880405122444,0.916620300882944,-2.0922057634258313,-6.196757622541708,-7.569811650802804,-0.6943897670845005,1.7930831558324865,-5.497243978506633,-1.0620485445437502,0.6352355198317389,-4.974260752580641,-0.41627658602155027,0.08461159626117716,-1.4386750246508981,-0.9801792915665921,5.19838029158094,-5.53931435593611,-1.3890851131776019,-0.5487539020427747,1.20262960632849
-7.527388713109383,0.18494635944745536,-7.098788587245312,-3.689260333771284,-3.2147520362314785,-5.354602536725985,1.4474700609310098,-5.675026034579704,0.7196693436890292,-1.0034953547216874,-0.721790987550165,-4.589669439755359,-5.142017348979049,-6.35807030375553,-4.21108134029085,1.4689124459863545,-1.370387690250166,0.3096133664026259,1.56126050233289,-1.940546758677252,1.7195287359301428,4.00696247583691
-4.679982387719451,-3.2959144835759626,-1.8086060905989099,-1.716800825707535,-1.4934309788062012,-5.413031586072958,-5.196383020653939,-3.330977968192984,-6.621282123245355,-5.871008071832907,-0.9214841354578744,-4.4974107395366545,0.7813362127415066,0.16740977531272,-5.830810983618174,-6.132730594941802,-1.6092861953581574,0.6693438159879386,-5.404852295884581,-1.203017395969193,-0.5868705751171301,-0.473549883044366
-5.821150392186068,-5.628062456938401,-7.338442146575793,-1.66418706374127,-6.342094964865079,-5.883278380668817,0.24521422639285004,-4.908943338182019,-7.832018184128345,0.6941295057831472,0.00692771064883484,1.9524167736663458,2.267164037680867,-1.4009775933214168,-1.9500155432890167,-0.7482633573718434,-2.1456216171211553,0.9285616731413449,-4.946350894169384,-0.243719929966799,-1.7583467246385573,-1.8564997137299213
