script/wind150m.json
[{"header": {"parameterCategory": 2, "parameterNumber": 2, "lo1": 6.000198445256149, "la1": 58.999992894266676, "dx": 0.5, "dy": 0.25, "nx": 22, "ny": 24, "refTime": "2024-02-28T11:00:00.000Z"}, "data": [4.36370501099709, 6.777390775914269, 6.906267752501213, 3.6992881734570724, 3.199628417267867, 7.732089776326779, 3.961916933805419, 5.495979255614494, 7.013238285437512, 8.35531481909932, 6.190005501020431, 5.662767907357787, 7.172338427068683, 4.36014991898711, 3.529788131709122, 4.395329198340231, 5.575714852895583, 6.147827657279578, 4.791015530768183, 8.55286517572091, 5.798210037900832, 3.1800446741085002, 2.9298078981278133, 7.498855554062886, 7.634890478560464, 3.730862884601446, 4.30385426123356, 3.5859394303601104, 4.894870718409333, 5.726770764403927, 3.0194157027632915, 4.1011102193505735, 5.230267020242534, 5.64291307743737, 6.310737850673174, 6.686893200671789, 2.7447316051047723, 3.08078770249445, 5.86151246898538, 3.7631518421330314, 2.8939257868979102, 8.670122901100394, 3.4034984495324196, 2.90987445789815, 11.818279316719916, 5.285100236541943, 3.4644655451727178, 2.0110727890208553, 5.138753772948262, 2.3229254631770373, 5.29259107865455, 4.521754439274467, 7.848829672140199, 4.411039408221269, 4.6597281240990895, 4.613250754184502, 3.8642158790424124, 4.16124050342382, 2.6957975903636986, 3.490760967195328, 7.5572674227369445, 5.295436174006832, 4.446441196639827, 4.683431405774482, 5.398070587082361, 3.491842994406234, 3.901858830116095, 5.7026596327097945, 4.409122259349058, 3.4972120576376247, 5.063979214227373, 4.554223370421497, 4.253774598935016, 2.0022783947152116, 2.6778980366878757, 3.2393934728886755, 3.5616934239058016, 0.7477369767895689, 2.2944565173061795, 3.3175006652970085, 4.94991637306558, 4.858955460422888, 3.1035120105908205, 4.274554434834852, 5.494377512465513, 5.843352545976762, 5.458926529568928, 4.734648685073361, 3.8226863709780954, 3.4271086540962075, 4.413481160290497, 2.9939073420492917, 3.4232671847702716, 4.81364509275753, 6.418305825787583, 3.1769108653213003, 2.0172571370194188, 8.127742582887876, 5.886092095975241, 7.328664584072694, 3.1212951985928186, 2.408458433571501, 4.728245914379648, 3.5794403709424154, 5.6502854620860266, 7.257351434722946, 5.146751297345224, 4.247566876636053, 2.918943784981082, 4.241950376758945, 4.21280233355659, 5.048104530590936, 1.2546728351068483, 3.268498959474063, 7.5355577362358535, 5.63955262499002, 7.296266962944465, 5.896254216246852, 3.824300896340264, 5.65828792249571, 4.577180761529283, 5.303629762325373, 5.501191400629205, 1.3066149048557156, 4.075668353798711, -0.13583923971523099, 1.3131956073788271, 6.748302488578881, 3.411417476417479, 2.647000671543733, 3.4270478475639234, 4.234033441732813, 4.393185560378908, 7.997371258242771, 4.754734677077454, 3.4743357291210546, 5.944759679160044, 5.940959586952584, 5.730358848261831, 5.0463113939665325, 8.033093998314481, 4.893956568606924, 2.9951273390294686, 3.531344295101685, 7.882737462977709, 4.219868589437739, 8.41732658007584, 7.834160544011035, 5.195065236867116, 7.389480997858578, 3.667729473227303, 7.905000977035666, 3.378615694913271, 5.764087576017, 5.387109479124497, 3.5427427900316855, 4.266550003223027, 7.275209096594567, 4.657741988458892, 5.914658242240948, 2.7214920754383574, 8.957645633557721, 7.637545232810135, 2.6089991108605917, 7.599447704450712, 6.828972657878827, 3.379438727307381, 6.203783229807377, 7.317734009427738, 5.481696872086298, 6.04933912961679, 7.425375343587481, 1.7158393137129302, 3.656165194406119, 4.821134346085323, 4.242965890223394, 4.4955949237322965, 3.375671169763848, 3.203885186487573, 4.140077119294905, 4.868261854370342, 5.647357026797185, 7.249764988488276, 11.652644884091213, 6.731771485415604, 3.232024125191905, 3.189083276750733, 7.723157456270129, 3.836085083900661, 6.209002707061572, 4.845545808523656, 6.086420981095154, 8.334875389254412, 3.1297045374630694, 7.592094531740316, 8.466085338640081, 3.913609533157168, 4.856182697337976, 5.340458012815737, 2.8352183395801616, 3.2757378844217526, 4.495262699847761, 4.643019398269282, 4.677299640366753, 5.263689709601706, 3.089614236116961, 2.444648047404318, -1.1299812553459974, 4.15672240830435, 6.755746384926289, 3.2688299883332452, 4.501335209235881, 4.681825015704857, 4.083226366910307, 4.582421832444375, 7.135516325148736, 3.7418373113514067, 6.455471802615893, 3.4517254730312357, 5.469285542963645, 3.095832599771103, 4.002102499714356, 5.85024384466218, 7.628222192976605, 3.2937489272624245, 5.454912715145975, 2.130481052820505, 5.0387783229948, 6.793266187634499, 5.174093199513179, 6.734318051678683, 6.789201827208758, 6.710059666924406, 3.301968579933472, 6.827687591935578, 4.387437256166061, 4.736513634719345, 4.708392858971155, 4.861938130918704, 6.307788734928449, 7.761033072648188, 5.487530393634163, 4.416225641290972, 6.2178766361495486, 5.27184191385922, 2.114453289929159, 2.349623806839047, 5.362928183234259, 3.7835467958514815, 2.4293089071458143, 6.857984311306814, 6.35030671105507, 7.875445596747287, 3.9966173481228418, 3.4043428494444647, 4.844369722425493, 4.898630285423717, 6.118756218070833, 3.615420452892098, 2.577075255594957, 7.191698691249989, 8.108819738079246, 6.780908399673387, 3.7565361646859996, 4.991980174766667, 2.133738563557864, 3.5366069461471596, 8.289664961814397, 4.996111859888486, 7.9698318192243205, 8.421136454929783, 5.40216606009594, 3.3272822034203657, 7.414616501617843, 3.027944632353727, 4.500819734379726, 7.683946596853197, 5.5887001222784685, 5.242498767504354, 6.338376895625952, 8.472406802116142, 5.930375368328178, 4.147392382388027, 5.490343878982352, 2.2937463805708638, 3.0695551499255473, 5.426813445549854, 6.871378613123153, 8.1092581677728, 4.952828507259302, 2.8570704534663127, 3.295284367132401, 2.7365548253969667, 4.79094840961678, 3.6100121833857224, 6.183338524578382, 3.639036190626304, 5.559874903978405, 4.326009155150432, 4.247116405505358, 5.569026640329228, 2.414058642514545, 9.68526786852283, 6.164932487651233, 7.046236615542651, 6.695475087355183, 2.8761485604487, 2.0815639879370798, 0.45664521176359424, 3.7720624358881447, 2.7447681344731287, 2.91292273560744, 6.345214883112467, 2.8696067635956855, 5.868350339623743, 5.09566254120405, 3.7939930513280276, 2.624020054916862, 9.707970641171364, 7.71465678688358, 7.4728329402455005, 8.10643672979354, 2.172750971677338, 3.7149450339955368, 2.2500127597414896, 1.829172459107368, 5.050817100518032, 5.911416725546092, 7.386791745559892, -1.7407632135035607, 5.327463805600244, 2.7164118013840945, 6.101906412191223, 8.38636863836597, 4.270098289166673, 4.587287544336246, 3.5559847552759214, 8.487631223466451, 2.559617705208533, 4.681747866077003, 3.7118894724928295, 5.8265287378807, 6.813524764682847, 4.774540446015697, 5.222100516066477, 0.5377048114979807, 2.7807952569781245, 6.398513919837421, 3.739600443744272, 3.913709686755487, 7.355762172060928, 4.506272894993773, 3.1455358087113034, 3.732727714423353, 3.5404919734244213, 6.59100636544751, 4.883958352868227, 5.67027310050419, 5.474813760522071, 4.0725391748515545, 3.8499410969977332, 2.282507698380233, 3.4729588617766596, 6.69049461159299, 2.2387304397050314, 2.9199833195807936, 1.490350692514164, 5.2998063227310235, 2.8743543485860656, 5.370366999101381, 3.138947932350981, 6.947445747309508, 4.6259302060124385, 3.117700018329963, 3.6915419886451257, 4.789574486514843, 7.791440388340081, 3.5167787403949604, 4.806322854844914, -0.07821424165795017, 4.257373653035946, 7.192055771341975, 6.395740139456313, 5.61600420263133, 7.876909685074241, 3.6403620342225764, 8.404133458968111, 4.220766967520162, 3.1392488681521864, 2.3930925861737573, 8.352390875855077, 5.952931377014682, 2.1495767885021184, 4.014551679871604, 5.979469183123332, 7.559469931592889, 3.13820400374844, 2.9732791020068237, 2.59382593677466, 4.866733144330587, 4.267141670753788, 4.094526529777389, 6.351807650763012, 3.7042181800340632, 7.682058006996878, 6.771496403480208, 4.82345969013086, 4.598583174575167, 5.801273602588266, 7.754601050933489, 5.151720534940595, 4.454846938748453, 8.034453448682836, 6.68552799895651, 6.0566843255819816, 4.052740507901823, 3.7343774119982913, 7.27201945739638, 3.7434173630673757, 8.37342854508208, 5.156068958961733, 2.814674001275763, 7.715415450743566, 5.72448698392037, 5.844926312240644, 3.2864955924966273, 0.8085756085258705, -0.42400150293280475, 4.309805305925819, 8.008172560363528, 6.0460141735975395, 4.409947992668107, 3.9394432913347166, 3.821195722576058, 4.909189242635531, 7.766403272489615, 2.2998905354748245, 3.496709162660877, 3.5561322044908614, 5.355769633938926, 3.9376910238129597, 5.26277223569826, 3.006759030553455, 0.9913696195000437, 5.6578517429191875, 5.4167857309288525, 3.2606549385580816, 8.385799733725845, 2.743632435618605, 7.403456660494678, 2.2949003549850766, 5.262232882130706, 5.307950230761314, 7.247333853788716, 3.495883204832815, 7.076126817691285, 11.915029735968686, 2.924535584115256, 5.170753215793549, 4.420684909026995, -0.39966056941857064, 5.073899285349621, 3.531547654647429, -0.9634990575172037, 5.569980294488071, 4.208774203535436, 1.526409071722119, 2.8037988835000225, 5.310905298650272, 0.8253801300016446, 6.5609634193101956, 7.703438598417114, 5.076845798998703, 5.361690594626073, 4.437025430035984, 5.28762589936763, 9.342409180869053, 6.5768742661289545, 7.47102439241118, 8.546488895650384, 3.0409584995873287, 5.575135392010774, 7.575623359921089, 2.2548893672459633, 5.381645326704158, 4.5925348160192385, 7.315181359926052, 5.847435114570243, 8.158546273338459, 6.116804575612615, 3.604779150770653, 3.859759231856946, 2.785592365162735, 8.185105005423676, 5.096427222161959, 4.372735267994404, 6.287388573740063, 5.517558030505504, 7.2270582665486645, 2.988695359226093, 3.093674356075429, 4.836335932718764, 8.148187214563993, 7.322472137495615, 3.719723037908251, 7.010526041250125, 4.06715505492975, 4.6727093775124295, 4.29804602846166, 3.553081594541978, 7.069359582339338, 10.759425491100433, 4.993740742853999, 8.312249231800998, 2.886786975524418, 1.4722902382730851, 5.300020152460612, 3.511170119716825, 6.28611709729336, 6.830092278478746, 4.982168455042779, 4.292505142298495, 4.995116783946127, 5.165515066777339, 4.427894149594575, 2.2324525932725368, 6.076642135211398, 7.491728107950036]}, {"header": {"parameterCategory": 2, "parameterNumber": 3, "lo1": 6.000198445256149, "la1": 58.999992894266676, "dx": 0.5, "dy": 0.25, "nx": 22, "ny": 24, "refTime": "2024-02-28T11:00:00.000Z"}, "data": [4.230436382743594, 4.551961960280427, 6.9009069830395235, 2.3949948301440376, 3.942983279368444, 7.546475785738841, 3.169936193708314, 5.265110714432561, 4.406743403730229, 5.379189978178433, 3.5287433536165413, 7.827935165617716, 4.168453794199869, 5.89188191654253, 3.7206002033191656, 7.427432893526396, 6.7358417328408065, 3.514137928470141, 2.5679428850309276, 9.951552759323269, 8.301813852025617, -0.828448601068249, -1.8078109721735685, 6.324007741172451, 5.636632303739742, 3.6454410689437124, 5.182529896265737, 3.5947951451801488, 0.4699851484612078, 6.5135861057040145, 3.0197188314366534, 0.9055773503373743, 8.361964443985313, 5.06103240994238, 5.035909823425554, 6.661255917154777, 1.9938891013976048, 4.772031619158335, 7.906316491435741, 8.556760655308702, 2.971670709560158, 1.7271672337925474, 0.5983734349656178, 3.5820983415012586, 8.336432537525745, 5.054981828165284, 0.5180461706497365, 4.797239273801505, 5.038992074511014, -3.006633064654645, 3.268702555611328, 3.3258534005892755, 4.6447548636669325, 6.200611634084922, 4.1285699815480985, 5.309814463442717, 8.184304392365721, 4.7267472648277025, 4.630985152806214, 6.114658014784463, 6.143602239433199, 4.749203422282605, 3.059709065764851, 2.691437077897909, 3.479959590859494, 7.46564370897771, 1.110346211500696, 6.991264896822856, 6.064869928800212, 7.7033212365855785, 5.27080810782571, 2.800784522122772, 6.582270921655873, 1.1283599204638808, 5.062062988105144, 0.6780186164807904, -2.3828491462031463, -2.6629280308825964, -2.1847381440776403, 3.5884327441318797, 4.498095410899049, 5.952992048278813, 3.5420387428246505, 4.207123860158635, 4.856777597370486, 4.956075351210279, 9.789076695944457, 5.424571532349567, 5.847649805110798, 0.8907346948753929, 4.325808049992319, 4.625881942061892, -3.0834300256706273, 5.347346742527965, 9.218549013722944, 7.349168926043301, 1.4263223109355583, 5.3601712245086865, 9.039665440391259, 11.555834735642248, 4.982022480855188, -2.9247681089045905, 6.713132987667995, 0.7443641944214123, 5.412818140740495, 7.021667026916382, 8.349548524912615, 2.2091168257908986, 4.884027600477316, 5.871867916999577, 6.444620521029881, 5.951888789445403, -2.870795876506544, 3.0013438991007337, 6.8200230207606305, 6.067881386606138, 9.017557951220065, 6.391410790873249, 8.250081719850334, 5.007696427931052, 5.946444799664905, 5.726776555110159, 5.200052151084895, -2.0765053507267264, 6.889255164317065, -3.6547103396404395, -1.4058820332532194, 3.346950036687749, 0.20286354299035847, 3.568613778941243, 4.160676651298668, 3.1860214016883224, 7.045369242610293, 6.304081977684285, 4.2856750624522855, 0.5267358421545314, 4.543841150807184, -1.66996492652578, 5.240735219335567, 5.016972436697746, 5.923587793310657, 3.168211389839855, 1.7310161025926996, 8.729490417804206, 5.144322712858753, 2.5951743261395452, 5.597476430447393, 6.290064605358756, 8.588437456738426, 6.30577131419091, -3.0791542020718228, 5.08315931059137, 0.8594013262690285, 4.690456510891424, 2.7118522798106337, 3.5686012107417673, 5.255871444677158, 5.182286645622472, 0.6418209935485011, 10.190169072197993, -2.3470029851158776, 8.535653166043693, 6.4663309146445185, 8.338974054583833, 5.4656235742721675, 4.688784057873331, 0.9766144437175661, 11.40688331482452, 5.853338328894785, 4.71705172221266, 7.544656195543565, 6.188766235754614, -2.3057396087823676, 5.076720315411711, 3.4239155391133713, 2.1586818834479375, 5.217163258223594, 3.566786477203496, 10.303302929022705, 1.7891101949997343, 3.7903594867401766, 6.395867050753695, 4.426893062347464, 8.602517979926073, 4.872820494253308, 4.865638240435573, 2.8126759017815126, 2.7772941290488466, 4.435471009978841, 4.315572100063543, 7.704696066203026, 4.174135895933502, 5.733891073254046, 8.944919892038673, 4.818305997548372, 5.300274170022705, 5.689672782331696, 5.241058100537397, 5.651782078925849, 2.199168150249726, -1.750808878751988, 5.50799584363245, 4.811341392802772, 6.654259249431329, 7.175610331163777, 3.9367720889951006, 1.2704924800415116, -3.6290567967437943, 9.95684962035269, 6.134655577674813, 4.890772698283429, 5.984605231817481, 3.662968122415768, -0.29673089089963633, 8.60807992920346, 4.650607347267335, 2.085541938320969, 7.008544902470262, 5.10692310565799, 4.974418515750535, -2.1088320041212585, 3.852009067019751, 8.382091610533704, 5.671703623777875, 3.7029550999605703, 5.330296670785779, -3.2321285358792577, 5.427445053368997, 7.3459536189531605, -2.2360663090863717, 5.76915130538725, 5.782934913596512, 8.093526948466184, 5.557515130691663, 4.9178109223885516, 5.790284221543767, 3.1729728983170653, 1.464925671145046, 5.497709324834313, 5.098099702983929, 9.078130931124104, 7.83176023661814, 3.6083334986525197, 7.437873355373185, 6.123065207468694, 4.754376465016605, -3.3871531480998445, 5.487437442962413, 5.483017308088847, 2.261052018895919, 4.0687193146224345, 9.755810946515568, 3.99691777682585, 4.572609264665641, 4.5979751182116715, 2.0661062190755923, 9.636158329039255, 3.038733833040707, 4.8608929913504335, 2.2916982665614904, 6.904857450550767, 5.207973228221053, 7.375075236203823, 3.505335760729489, 1.3068133310963055, -3.3373819016622286, 5.233195041523505, 5.686335014912869, -0.08526460796522527, 11.158482058001855, 3.0637941684833168, 5.141151960661355, 9.164085579110724, 3.437507317375093, 3.8366734799327085, 6.662949383925818, 5.898985265818939, 5.7552513094251125, 4.748763400730944, 6.699455467661915, 9.3978843034869, 4.810640929572515, 5.326465175674342, 5.574102500832154, -3.2369921664636845, 6.92907366250831, 5.422408728204463, 7.447684063662068, 4.696764879604406, 8.639107321274603, 6.575025338565507, 4.704987193180099, 5.5802243908936955, 3.9258162742985125, 5.819403528983985, 4.888747150792407, 5.00345525206281, 2.850647935567954, 3.746764738961953, 5.413119640316468, 7.913216971453767, -2.5931167598035896, 3.4716056940351003, 6.97978602059743, 5.087664191670394, 9.102003765707334, 4.780190690952205, 0.426025399739389, 1.3174397807876412, 3.8209086696172614, 4.8987065641306495, -1.4488610448164858, 7.972606648845433, 5.196999924347809, 8.623020831793115, 5.144009310091309, -1.9673934585695925, -0.9128001552520655, 8.545214628204466, 5.6487790198627215, 6.685312438102691, 5.996945645725267, 4.491270890697377, 3.1955148735780448, 6.05239591925243, -2.7284127752958764, 5.605961041755702, 3.4452516348967297, 4.6917490435256815, -2.1760898253210184, 7.332732422388513, 4.858865246714489, 4.459933898323861, 6.179377704265794, 6.276651199847487, 0.3172744151745966, 4.138014731349957, 2.4583842561000164, 6.195903448591533, 5.397078543455658, 3.752129096783119, 5.987815936270726, 8.397181123619987, 3.0449129337441825, 4.7083790454969385, -2.4582116071510556, 2.7322788417194026, 8.519009329192912, -0.6997257191675599, 4.644557597065466, 4.078190238088617, 3.1588914943094304, 4.739145159788164, 1.1346709309206693, 3.55791800882327, 3.180258901587491, 3.6892768463187995, 4.93150992129613, 5.312948173979068, 6.302256633927813, 3.125626938521852, 2.7049347144032323, 3.659877937115763, 4.539807946917218, -2.8351677176032033, -2.0161255731727405, -3.070712426600943, 3.473024783634842, -1.499600984627799, 5.201853369440407, 4.628149774544039, 4.842558170170198, 4.696085402805786, 5.1632146628568245, 4.301841417466588, 1.7840258155549282, 5.674987084970693, 0.20221559970123879, 8.63424824405456, 0.24618342717090969, 5.505971722116218, 8.112658897255173, 9.349990193094175, 6.040426393574745, 5.888382498260021, 5.641665604287129, 5.449222634840952, 3.481723521250729, 1.8969569586537591, 5.202916181320808, 6.531072547274281, 9.125608835441891, 2.5515641837198224, 5.622914103486164, 6.08175324005673, 4.900156175196074, -2.9911649818737005, 4.764948183040799, -1.8485044699589799, 4.623689454075147, 3.687087024571259, 5.498081668138528, 7.6546760242492455, 1.5942218253205376, 6.4755019494202655, 10.328774009631331, 4.895620713773428, 2.771623174212978, 7.548732265253928, 5.267551815329597, 4.1344505092592385, 6.474073713224305, 4.41762944670662, 8.188202027713427, 10.167667487174324, 0.2415986101318206, 5.7385907488300925, 4.875488567829163, 5.183807536288305, 4.803292740306083, 5.482959659757523, 4.999450694715731, 6.408206239394069, 7.914276521529235, 5.394635167524793, 0.520362437201989, -3.1000967903742276, -3.7144277085480297, -1.431893601461287, 4.71412952384341, 7.833299944089619, 5.449048633586025, 4.534586329928359, 8.190554996120186, 4.700714312547696, 6.5499514187302665, -1.845709233794362, 4.110328941828276, 2.4283881540251797, 4.857720411958637, 6.764927878526914, 9.255054832553315, 5.1760311079111485, -2.494014597757075, 2.010601982237452, 8.188261966337055, 8.786645138776839, 5.435420142114436, 5.201655887811331, 3.5254050437369844, 5.118743894846631, 7.69756429504431, 4.483878781637275, 9.199393733187948, 6.064826626612037, 5.477558464210774, 7.554544394203808, 3.4444232611141863, 5.433066455848397, 6.207943204998978, -3.368319770130212, 5.571379562669373, 7.519245599680537, 0.29864795861534366, 6.351572292278948, 5.283937625359967, 1.083680326000249, 4.75429861728849, 4.836630435425109, 1.712924400095389, 8.851864290785512, 5.053782943967263, 5.095232177078492, 4.861632816527776, 2.1568431434271145, 2.6427364456936795, 8.440102276009348, 5.925136893343491, 6.224813795936078, 3.7721321965181187, 5.013513546778225, 4.764645104514304, 6.0596874386993225, -2.9408851433597403, 5.675615989334541, 6.021736410590199, 11.923202588063058, 0.7394734376441974, 4.5821297025536865, 7.640070463485896, 3.587213992005345, 5.56342962379344, 3.2681765848300635, 6.263721699971278, 2.426694668095571, 4.692824955364924, 4.2959826499378355, 2.357054029771481, 5.751339562221275, 1.2106958229419735, 4.510230899225649, 5.541254263789174, 2.4932604158867058, 5.573312468019178, 9.49715565821384, 5.26000186462348, 2.4042311771942226, 8.284123928828263, 3.1612183847158004, 6.1382757437824536, 4.272681348798572, 7.176194112068093, 5.081733263920248, 2.7084949850448496, 4.935658456544939, 1.438939112889215, -0.884739987595526, 4.156175916229156, 10.344897828823614, 11.066153628878725, 2.060064242794543, 5.039989711048856, -0.399562359475567, 8.115322971499616, 3.6565410878384332, -3.5909302983688476, 5.535259497233722, 7.012734023734336]}]