script/wind50m.json
{"header": {"parameterCategory": 2, "parameterNumber": 3, "lo1": 3.000054539987559, "la1": 64.9999836372058, "dx": 0.5, "dy": 0.25, "nx": 34, "ny": 52, "refTime": "2026-01-11T06:00:00.000Z"}, "data":
[rows 0 to 23 of 52, columns 0 to 33 of 34]
17.857006095027494,17.648651828633653,17.431979963930722,16.66445755233069,15.41115702475376,15.14355583016993,13.995110869517255,12.574045493199304,12.052068209751326,10.939012101470542,10.657111724010182,9.69416233903793,10.085500828957546,10.139792869645598,9.673442276355914,8.20645337640428,7.469708842090569,7.109110282974323,4.0972961615737304,5.8656290423695046,0.2737942452681849,1.3427195899389475,0.5916498465138219,-0.20015029426653572,-2.7408473739182546,-0.8197739766731953,1.844526135654687,0.19206223433301906,0.7276090962316437,-0.7479131995502873,0.552995786477931,-0.0823297432644535,-1.3212016460944818,-2.2870719551335736
17.62950082001055,17.793118764653098,17.292331667140324,16.900964761182383,15.825542537764157,14.915762468200152,13.889186859184466,12.613074145107554,11.253698301000854,10.038767077834665,9.309000870911746,8.692086877545911,9.51444074456012,9.7447787652257,8.845904508288674,6.26445178920417,8.336708394774394,3.7604366582302755,7.345770428731846,5.141597842576381,2.7701939427596374,0.19436669475785726,0.7327759470001072,-3.384984899021545,1.1367815626558329,-1.4036736909311165,-0.2894273793257565,0.8296922657910695,1.4462553134731173,-2.4313497824726134,-0.9319410149339803,-1.6261091697689174,-0.7308609490612138,-0.4859608919115631
18.28527044275054,19.045240779434213,17.83662929134449,16.7895340256297,15.58162139443655,14.899437884641074,13.546203691447099,12.498485166440346,10.59009791019491,8.981512254226724,7.720108432185132,8.563893216683866,10.023989498664099,8.984891564057872,7.0318503604676845,6.782082618154321,7.218048481876871,3.9402518436731455,-2.8008516245886397,3.058014267836919,0.021612360031095065,0.9755029712455769,-1.2332732212841568,-3.213576765236569,-2.5308343493197936,0.22695804761648006,0.18541144505454651,-0.12435782581168525,0.48486823006374585,-3.0511494430714645,-1.83831743929929,-0.1481764649171556,-1.658594570174855,-0.2809297060488153
18.577191220236617,19.36460953416647,18.662342744830088,17.380822601075412,15.614469036729599,14.405635675825083,12.990987422423808,12.028758811228021,9.775999555853756,7.9698218921623445,6.875707133175275,7.92939195773215,9.294003651458645,8.613029042943081,4.754239114888543,8.981913877520542,1.3486749968432812,5.664234231438893,2.8795323189231383,1.5459975278661082,0.7750621857039309,1.176388529498913,-3.3982999738497943,-0.08977933365706285,0.5637583049714499,-0.32319289720699235,-0.2860058435849736,1.5911253430719843,-0.22247035901053586,-0.17386523571604115,-1.4164629156806197,-2.4286436369218856,-1.727539089797927,-1.2911433903738538
19.303487897540897,20.2874110835705,19.777607143542063,17.967411313768146,16.053462572408073,13.902468106225248,11.784122603259478,10.513438267872766,9.109348014824874,7.282851893616303,6.267134556190357,5.984984819865719,8.00686269175104,7.023563005824994,3.833368683916108,8.428111118759988,3.9079217810458626,-2.4968000420811527,-2.6279319829625347,3.3238974392815823,0.7996794642088908,0.23539883375977666,0.6147328026458244,-1.1743602571836422,1.6294366262235116,-0.26481406449810224,0.4544993515396352,-0.037601591667401665,-0.7305282709932547,0.597546220493347,-1.3637565635886941,-3.294487879528985,-2.2414038679749453,-2.0778204794484387
19.73403288243877,19.970390700351437,19.612249176025475,18.28348401381654,16.31262684766198,14.163244434152256,11.683137520995276,9.278777106451896,8.469250716939268,7.048008987317124,5.558672443251422,3.8373629021086075,4.340021638405356,7.366881938253404,-0.775454097868289,-0.24335933441500007,-4.063835395074097,-0.4735719123909726,4.566676742545522,5.23241309313983,2.0558576808297886,0.40127931013598966,-1.14124437441878,-2.231669575871006,-0.2685805661058662,0.18106391332085536,0.4141217305534956,-1.9884592998283643,1.6091949550011928,-1.126669541767353,-2.5231731756269746,-3.4038901204478496,-1.962289683077437,-4.5175253971297895
19.227386265655984,21.07611217315856,20.369499967343245,18.79157862673799,16.123757535618633,14.187950642053798,11.73749456306903,8.807913449770336,6.9951260019318555,6.259857772457641,4.73912049767234,2.7934106072755376,1.9442158734085568,3.8914279069366997,1.6220278053338593,0.480517237001188,-1.0301454074117304,8.062717436994651,5.000405248042356,3.488494923560983,0.5089684200575089,-0.3180736581138437,-0.9004765628410742,-1.6015845234948074,-2.077397546537028,1.2454387987468587,-0.1407576356923201,-1.7861221174294124,0.4848178814948727,-1.3389681833393015,-2.0234130717167975,-0.7882501861938058,-4.568147532089367,-3.955707393154848
19.80278817522474,20.296915403646498,20.535608660634356,18.655628257041272,15.90433155972842,13.978085459740866,11.312633477960938,8.471556785160976,5.573728488600258,4.911535324215844,-0.2740003874279587,3.3104191226057584,-0.20813459329902756,0.1205034401981094,1.590865369106783,-0.5400026994605702,-0.5686263567699568,5.4033358303338055,8.490623529676338,0.6748334842712855,1.7665201108524426,1.7116257164448392,0.11355370552912035,0.9692223998905938,-1.4206218045660943,0.23275965857338127,-2.494458895715565,-2.8204818388807253,0.25965489413203796,-2.417198931226165,-4.849581217102125,-2.5952115538829856,-4.244210254861464,-5.613349228522421
20.391187057590326,21.041176647264333,20.06159461780757,18.47336209139532,15.234841237026624,13.06199614589303,11.97146487708013,7.265906190585868,4.844323700262734,1.448447191205669,4.266056529714433,-1.583824085871214,-0.26217900159587265,4.494844787397452,11.92881195288547,1.477901728596625,7.233812964754742,13.0542597951061,4.701200853476402,4.524374251537775,4.98646909062213,3.1338044944351897,1.5274968230509482,-0.053115541544868194,-1.2611393338243697,-3.5655843485463143,-2.9983866064741362,0.030022417292101346,-0.8490042611829212,-0.8348064744723751,-3.773455721308567,-4.4582560740663055,-6.293603747922751,-6.643181967743741
20.38243476373386,21.146953779341732,20.379606297575677,18.206246432452378,14.648886396869274,12.818777755417765,11.992002814313963,3.9532962030237377,3.6382529066798623,-2.34665938328556,-3.2451920770609974,7.577230815821296,6.019615835604079,11.477463916825974,9.043255202222387,12.77163828738287,0.3337989954599296,4.192812607672636,1.8956525739995354,-0.2272319888121904,1.2775471662058984,0.19146383406423456,-2.6443508599602272,1.2914647138802906,-1.8088429420414147,-3.7990612914528965,-1.0387840918603317,-4.411731153817711,-4.635427838417792,-3.3207248636307085,-2.9724482155069847,-6.818736041041609,-7.475667458332874,-7.475810260494853
20.06756400875166,21.447202884586385,20.31939003157296,18.534494816631515,14.941041200086286,11.866749469980503,9.162016692639236,-1.1297314914234942,4.381540659213857,0.8409199051465627,15.830723490665063,10.94892478126082,3.3862041854649108,3.5625220016572423,6.684916897199484,5.211651924699138,3.035725044861474,2.6042366274223956,1.6869673105942598,-0.6733673330983777,-1.073407238411311,-1.690774812936376,-1.5266401260088878,-3.6056786532625233,-4.4221715875184096,0.23345406386288692,-1.475625956524859,-5.253196221801035,-2.023656128208294,-0.6658678954606149,-6.3386805735481735,-8.386480606105263,-8.54721214759132,-9.065265765649928
20.63454442162372,21.349087563548327,20.348556796049785,19.10826431211005,13.055813488256812,7.792944431452245,10.44763678207092,4.504268229964271,4.1839234321245575,11.940790110829436,-2.1647444064282895,6.800756996841354,5.799945548243855,0.029076743610082865,4.99740377848984,1.7257887835942556,5.521171642404365,5.7070921906278835,2.5369192211530365,1.1895383370610035,0.34239717502760647,-0.1947714678993919,-2.0819607125444977,-2.7856387518173262,0.3271176398091985,-2.9687051995770686,-4.134634414011778,-3.732465538763711,-1.8933712032179368,-2.864389637310364,-7.717112912619116,-9.030351347957982,-9.415678564578116,-10.762723302592567
20.874579910449544,21.397809772316705,20.59887266801119,18.910636523252943,12.455958731564028,7.561212280860378,7.429447515522901,-0.7280060967945137,8.524929560034321,5.416656550671255,2.208774118832797,4.598144501194195,6.955793322700964,10.820882510074899,4.489952592061429,6.300635652413036,2.806198913629637,-0.03290251934545051,-0.44014546551554984,0.0032963430489892794,-2.1820826078542654,-2.9340198798401222,-3.58344740179643,-3.221192967545112,-1.6486199294795314,-4.504939557461203,-0.7956613985998626,-5.184510920056864,-0.5269139393940087,-7.5132853290060675,-9.152069281881362,-10.066007255075768,-10.8099576675848,-11.119139187012223
20.169010572481188,21.294556642901178,19.816004264029797,18.21001424777503,9.068297708043577,18.59982650482741,17.252085567026867,3.879761248605546,18.13667497557228,9.864813166443323,8.719868245616276,8.372356536027214,1.5859132214485179,1.2351729700926473,1.0803126473183138,-1.2845530117239867,1.9077923638580456,-0.02109771926495768,1.0674500421200819,-1.2163173883192298,-3.5968570956224295,-1.5998951187695882,-3.834440477692362,-2.7554034408948977,-2.72747372152242,-4.822304763718267,-1.7562629950184114,1.41918601592909,-1.9592190888624648,-8.403639693410524,-10.564897021766503,-10.8913679518651,-12.003202124899248,-11.792568791851766
20.05317046686151,20.40895073964818,19.007197401331066,16.609918402554452,8.587915000792718,3.773011459430677,1.1636292165840143,17.056987341117765,2.737024792593687,2.103590994128989,-2.228920052766495,0.08494119147145816,5.279529382713098,2.05292445966408,1.4189805595539893,1.6598293108341833,-0.8432820975940986,0.8102020641589982,-0.7695988882715512,-0.9238085446965514,-1.001676052316959,-1.3702529855679264,-4.637119666328105,-3.6262144811364347,-4.0894576309059865,-6.532103424946408,-3.840741002390099,-2.1464190066783617,-4.437822687590084,-7.877889157405489,-11.382571704596188,-11.87529152631791,-12.489593561340062,-13.286974220308421
19.26157910994975,20.345043294642576,18.762705365121484,16.028317730604314,7.030444444003878,1.9033591760326238,6.247935205930142,2.1365329098759736,-2.65805645691117,-1.416113516479275,1.9438401905371698,9.042915616973817,-0.7173773464354438,1.1960021433722339,-0.41379739542934624,1.331254898264174,2.4353664643235344,0.2629202092164677,-1.4918153600572288,-0.23565160500083335,-1.2472343364734082,-6.017768511502391,-1.3902880290101896,-4.351761669504036,-2.7978982814798927,-4.179122959301204,-2.7398100045185547,-1.201703933785788,-3.0467712150751436,-10.490181911352757,-11.981372626925733,-13.168300979292006,-13.276138575293443,-14.234816692616437
18.724607837111414,19.689070505376456,18.68458579648689,14.589995360179248,8.56368124502678,9.329847423174048,8.383851376810387,12.016978352614586,2.0321746022083715,8.99917886081237,5.175420208169978,3.6018040101531885,1.054887465202293,-1.63202859482284,-0.9021163469238896,0.23088824616241194,-3.9792467580437396,-1.5438865996780202,-3.6016264609298188,-2.0195502596584056,-2.66579423050966,-6.779417424135054,-4.413066373636833,-2.1263251231497318,-3.9607423515584936,0.8071087360588365,-6.603668901574423,-5.39381581094159,-5.749754915407416,-12.396478282537553,-12.823471663429808,-13.18706729623464,-14.372138906614433,-14.784051126894086
18.29390730499707,17.77473256861804,18.072461332598685,14.575394308517103,6.71776686285741,2.464941298374229,9.181346864145002,1.7721064593746572,9.497898780526699,8.753870074411074,-2.4740311665903123,0.0374475192800428,0.552427483999552,-0.5096901042101621,1.4545828704183112,-0.4111426649637704,-1.2015059739788498,0.4980006985176413,-2.090343769948921,-5.157341353785537,-5.4027600435393985,-4.576473756630749,-4.974457016477045,-5.191633188684435,-3.331858095173358,-5.930495384009014,-3.231595909306755,-4.929677194716054,-5.6556205992867055,-12.790934652181935,-13.702167229801612,-13.912388656844547,-14.952321638840452,-15.676639783506488
17.83470410346276,17.888708414040238,17.773511226457703,15.768108849489092,7.800787756959549,5.810458133087876,8.588216242683787,3.3920012327406712,2.826635590291195,1.832232558486113,0.5713921386347716,0.42261134833405095,2.328065200514421,1.9677637860986552,-2.853373649183025,0.6811776932240485,-1.0800888437090899,-5.094007907752669,-2.472287579151561,-3.132790061119825,-4.900493746617826,-5.221365800969876,-3.271471577581177,-3.2610413094826662,0.27488347020931453,-3.6113177238523866,-6.830261473590184,-5.02451360159074,-5.568069512901159,-5.610801581521328,-11.724491950056429,-14.542780063836094,-15.395097102770526,-15.955934999339188
18.123565724550627,18.140905691835094,18.16229564849886,15.795932559089204,7.861328138408508,3.6078331368562666,-3.6887231225255293,6.605817966239986,12.330237172905024,4.828164947971113,3.1166389544631246,4.716046591268192,-2.4227053720401854,1.8025338045304955,-1.4395379281978034,-0.8955177109609692,-0.17547579570846614,-0.2062483653756622,-4.02463341164304,-2.403327579148904,-4.364569539795372,-4.102623681273531,-7.720539483547435,-2.520395126371884,-3.768811457786312,-4.756128063239807,-4.1489300326752,-6.286797417895737,-6.053747352136854,-6.137146705740528,-8.808754280759011,-10.55127536820072,-16.44046578874833,-12.67364925759085
18.050781808253706,17.970680681497733,17.64191668250894,15.876076844321014,10.632791848473726,6.676347510125956,7.5112167197387105,5.903438903261658,3.9058826617975213,1.537838821917454,1.3406226514148376,2.4773124176193533,0.9255663807403804,0.26688975670729514,-0.38122708333152544,0.5788638892701049,-1.6326867816492177,-3.071796905536246,-3.9109105314839394,-4.573836149051044,-4.758754243946076,-5.026250371213568,-5.679313909274868,-4.9845300968294595,-4.499590979821221,-5.596708959392448,-4.135931873686069,-4.790413277475366,-5.509486671702609,-7.706470121607719,-10.032353939606573,-9.84769874820352,-17.023437031484754,-15.066589124823082
17.09798885362625,17.98282179165648,16.603758588851665,16.95970358533886,11.248980344384956,8.823353267887724,0.07480974908194463,0.9377662555111265,3.6382416211554713,-0.9156007660743788,0.9968505728827465,3.308726404163574,-0.795328344818902,-1.320146779231252,1.12693378491277,-0.39303459458060097,-3.6905222286239625,-3.8027107631023007,-4.599121333338943,-4.035156879951186,-5.826361132252178,-6.239297371816168,-6.507891313201703,-4.08932403525308,-4.863992420324181,-5.517185744960866,-5.667951683925193,-6.538099829034968,-7.437717340326536,-8.351448995506434,-5.2706381004919765,-10.59714367546031,-12.732712371153829,-16.244556358332343
16.284525266925208,15.82704299548069,16.636037774691065,16.506291051571424,12.39989875587485,4.636624535088046,4.865179416023756,-1.39021461407458,8.295607184306084,2.4267305731337068,-1.2787559633772718,0.9835683002284241,1.3571176503268547,-1.1780848299267952,-1.8526099835971839,-2.5948573639816024,-4.375506033033757,-4.049163293779355,-3.3831805408137225,-4.254071292056527,-3.619376560559601,-4.6301021981551544,-5.287576309004472,-5.281602850287419,-3.274606977234706,-4.909198095334588,-6.543576397637475,-8.341737666740753,-8.253909748317374,-8.25452082858034,-7.376881103132695,-11.380725290846264,-17.882265789072257,-17.351474218455245
17.409276809184774,16.692215642366634,16.646867106847612,15.373663353550777,13.934069861752084,9.270504169282042,3.0547931969126294,7.102905071277092,3.6090135338567775,0.060463959277754865,-0.6208238590199803,0.25796423256573225,1.5075423208916596,-0.7979122985080627,-3.0196307570896734,-3.263026336295413,-2.549627777899005,-3.7509762895390986,-3.2620954747585347,-5.127264452429523,-3.8622742919093387,-5.38964292245333,-4.233333170062046,-4.833646882372756,-6.718903507352478,-4.724375041809137,-7.098619234523472,-6.831634126628919,-7.324143334513116,-8.708643064161164,-8.29804362927327,-10.998534691539152,-18.80486207111968,-18.37030086423962
