script/wind150m.json
{"header": {"parameterCategory": 2, "parameterNumber": 2, "lo1": 3.000054539987559, "la1": 64.9999836372058, "dx": 0.5, "dy": 0.25, "nx": 34, "ny": 52, "refTime": "2026-07-01T22:00:00.000Z"}, "data":
[rows 0 to 24 of 52, columns 0 to 33 of 34]
-0.7064349452070221,-2.1311757600607004,-2.0668784927633346,-0.38867752356005947,-0.43975614868679147,-1.3274083913787298,-0.4620042735551383,-0.3954265578543995,-1.4919826804695897,-0.47554794735145833,-1.7987848153393482,-0.8460990241366484,-0.7591948628838152,-1.4058305382430802,-1.5418723669433023,-3.2590926460997705,-2.6254878060786955,-1.8580511610621249,-0.8617811306789465,-0.6038412220652748,-0.19009138776442058,-0.6227346346102617,0.15850443169792122,0.7651193430320778,-0.3020708228933114,-0.5259970334808566,-1.2793318577033475,-0.9539074860760198,0.6043956254373309,-0.1551553461811612,-2.42810737187068,-2.7567016356328455,-1.7813474084001528,-1.4979704054085545
-2.396367590272938,-1.660142380098341,-2.1381701510149025,-2.4360943511075432,-1.2969398542676578,-2.7431783356175963,-2.3449067421004273,-1.2840491000004048,-1.7851622289651972,-0.5544197039766365,-0.6451957648509833,-1.2915446727724607,-2.0121068775302615,-2.3022536375129263,-3.5216371283285173,-3.6452756562380206,-3.1265633878559176,-2.6038377236550625,-1.469254668101488,0.15398570071974485,-1.2567818325787035,-0.5758149642729474,-0.9845109148725162,0.6254054911722957,1.2791219409963568,-0.7668534283357005,-0.35828532725522355,-2.3746240726311774,-1.5246384344743191,-0.010680870618015731,0.6368653364899891,0.14201916100536607,0.7452160939760973,0.08220444149144382
-3.4727813544721036,-3.536031771604075,-3.618209374416857,-3.624190820867988,-1.980908485927626,-4.105888078732884,-3.0590039076069577,-2.6144062768525105,-2.3860604366037537,-2.57039356085831,-2.496466263068193,-3.078829004842195,-4.273944672578046,-3.6888713804518405,-4.792051247994881,-4.341238209255459,-3.181868598337308,-1.5918711246646027,-2.3916516211707646,-0.5254423313547096,-1.553694071406084,-0.8569783838725382,0.5007331017282618,0.26881153628640575,0.9997595356599727,1.7490451736238375,-1.0946043556125487,-1.7398223200930623,-2.8832937414749997,1.2686256723965033,2.375338490890595,3.227708538930235,4.925516305148715,3.142797417788454
-4.589947219131061,-4.1546515729616615,-3.7389572970889886,-3.9187596850539808,-4.374097088263856,-5.747269611106202,-5.00178772456462,-3.921151979785179,-4.349381833759624,-4.147684838572138,-4.346989033953759,-4.025465193848991,-5.207058796718951,-4.480178076390958,-3.9190391962018056,-4.595687335251172,-3.1695844182461443,-3.3699956852064665,-3.4461044216180174,-2.0312693465833056,-2.4228677792642124,-1.7305519713671966,-1.2448844053255363,1.2495746134999188,3.5152955268489627,2.5863708764474183,0.5292244041424106,4.02948407042029,4.45496097338209,3.330337376373694,5.666992110377883,5.843836855945242,5.270604501490358,4.432153076990516
-4.401214859691277,-3.5229784875845875,-3.2705850978238256,-2.823350524281176,-4.280492158449029,-5.711964755646783,-6.510579195287201,-5.4685348904758575,-5.467150662481372,-5.398196797985368,-4.914370997335371,-4.603395383913939,-5.598968909490799,-3.3314612492445628,-4.747969576145336,-5.041642778906312,-4.329297087577001,-4.178696177495848,-5.435170901924023,-3.221142261241109,-2.4319887297104454,-1.634879956627219,0.3090223182047147,-1.4905545185160056,1.195304197300355,2.41508432251399,4.544660646251482,2.6881523106558562,5.217497095340121,4.994935662950852,4.826835787677894,3.4726127374000613,6.224718395092255,5.428804317740039
-3.6229174828547475,-4.627368634753081,-4.350883325662691,-4.021171431968669,-5.858500354055726,-7.580950307577565,-7.131311016875533,-6.900076817214823,-6.241430956625838,-5.8778993483289135,-5.738123715366608,-6.250637107382546,-4.17656586829645,-3.459469335813826,-4.2486069479584865,-5.354828804729054,-3.2868161532346782,-2.612938357869035,-3.281555476496224,-2.0958401270783034,-0.8136638313338144,-3.342602244774109,0.06892012551902636,2.0555218544682696,4.277049198935258,3.679274514391285,4.873036799756385,4.2557888209505075,2.7804792974509387,4.1436268593880285,4.736133888171909,2.685365647190599,3.4628248024574986,4.86648239255225
-4.532773956754399,-5.925484452639348,-5.89222629997038,-5.008459652455331,-5.862807001333844,-6.120686521999984,-7.844378174657016,-8.148189393669545,-8.297366942382702,-7.746943502094976,-7.678745639055033,-6.295764726760986,-5.32515229623072,-6.237895532485852,-7.350762390232347,-5.9758768439147625,-4.997403784237705,-4.768667231853992,-4.65833696041867,-3.799883794780979,-0.350143365378273,-0.25311912601440634,-0.061854493484938024,1.5331611694504466,2.4433741440006735,3.698073697095094,5.289525835308846,3.633325918803012,2.90991743021091,2.7232437160499,4.343428048299736,5.366929254776309,4.734802553432154,2.028548324869959
-4.979871330661426,-6.0838536983034075,-6.016651880826879,-6.743570590993183,-6.238015227716094,-7.164390272618338,-8.698062146793719,-9.388835155060738,-8.300581071117154,-7.416458482017787,-7.314274905474727,0.5082663736413865,-1.9437324797788922,-5.988094702427981,-2.2384401616531173,-4.566316971080955,-2.3020767163496494,-6.287878749348823,-4.717094765097326,-1.9412500619826556,-3.0111348794182433,-1.6033451709760935,-0.33403423674235366,0.5953360009718229,1.8577997552639427,1.5435268956981236,3.0562103671121843,4.089941134467307,2.044427454712879,2.5878960319181847,3.7588069935797352,4.185153610735013,4.3703298523465435,3.0829396185136986
-5.2959850138115465,-5.84001947913397,-6.8601984038099735,-6.8403216080640785,-6.478725285994205,-7.746802545830487,-8.391625842278886,-8.08165609718201,-8.223728879399598,-2.1824588951479464,-2.1962708496323944,-7.693368630065167,-6.741644188958025,-6.198990997681422,-4.916344289100301,-4.697277924455061,-3.375187237417421,-3.176508712388899,-4.612522878080223,-3.720970052826238,-1.7299137504287356,-0.03496151115818383,2.015148272852028,0.3041256525453752,0.7176595698305491,1.8012065797853762,1.8595971599244807,1.5651073523637506,1.6920777206008222,2.797952081152103,3.422681643660652,2.6015803135409006,3.4039269550626448,3.1448334349966562
-4.94907954837539,-4.483518236910197,-5.814210243262165,-6.513255571468981,-6.885983023288189,-6.595257215374206,-6.933579065846131,-2.7671689360912155,-1.7620922511522739,-2.5493161616030227,-1.8878800708748633,0.4815168497037318,-5.8409718006218165,-2.801021061360955,-2.7086633156710214,-4.694040968157605,-3.04347480438494,-5.192869950848884,-4.041002115594307,-2.099708219548731,-0.8441880616737334,-1.3893759373518646,-0.8108984644765799,-0.5854889062868596,-0.06980764876684528,1.178977339353277,0.727866905656285,1.3272923290338396,1.2049662831130756,1.8003619143429608,1.8086509507104547,2.945923620815217,2.288340887748458,1.2935715082603918
-2.483509980389749,-2.8701813437826598,-2.625464227360111,-5.237837450330665,-4.824878082750399,-1.8775312363383831,0.37634999313386364,-0.5398352480310891,0.5673944142690086,0.025545711325296257,-1.5938398847997342,-1.8443958481276665,-0.0747883791462462,-1.9072249859089296,-2.256046768702608,-3.7862065035854364,-2.599360046327374,-6.15412089914442,-4.888439947554405,-3.776245476751701,-1.8287930524223845,-1.79588785313857,-1.1357972621064458,-0.733001913043917,-0.29767892163528703,-0.5540042574533716,0.2910598741981545,0.7547515624108683,2.439116578800106,1.0928412622534425,1.207170189361922,1.396759385003362,0.7191262789184667,0.07828256108413702
-1.2177420961821899,-1.438835278483272,-1.405450233281109,-0.5507694081979989,-0.18564771966801122,0.09066516941755942,-0.39119413962992533,-1.8712782089783973,-0.6295464889533252,0.7640289264115024,-1.512723812603513,-2.216329874374286,-3.050227422702927,-1.7445600426437886,-1.86940512353203,-2.004090634851962,-5.47501881205063,-3.5039923456287374,-4.360072924660777,-3.6447486723747358,-2.4246573970725507,-1.8356736305332977,-2.1047449840093275,-0.675825099062063,-1.1551259657223372,-1.3671925604093749,-0.5063759120653735,0.6475611552321887,0.558460189420362,0.46711161802501316,0.1036600804947507,0.7276947789538113,-0.1555219599267572,-0.4610355963437446
-0.2370116235770055,0.20534863358620006,-0.2609287647862578,-0.17020790599162616,0.28933429042605696,0.16696076443113855,0.1895737546099872,0.0039264561851967165,0.2542152290704422,-0.7096647405649377,-1.8950188420646183,-1.1003021745244976,-2.3451567472393835,-2.3667899225113804,-0.7395554696235611,-2.779572840895821,-2.7558746137917858,-2.121743551992052,-5.026108233151082,-3.088242117772847,-2.7596187513131754,-2.297521098145255,-3.4284984357022514,-1.9743465142013044,-1.1446173500206123,-2.463738190679858,-2.700430001059487,-0.7406971925054103,-0.2221549232253468,1.0600317550010607,0.6763405206425724,0.3801920413111029,0.5905232950118878,-1.9229867383431047
-1.0434214072027508,0.28148706070724605,-0.16735152300227968,-0.5404031506817798,0.38139327101128245,0.31592206173797815,2.8628710402554876,0.18255623532024262,-0.13800232250051334,1.817472742093285,0.9561890016549957,3.5520282598762396,-0.4287801568792575,-1.5032175426405137,-1.4106123675058688,-2.821240633700816,-3.3457752350143166,-3.297744765242623,-4.829593571267032,-5.19048138828496,-4.577194075873185,-4.966517919472488,-3.4254333842206495,-2.4671432742575785,-1.179305231588715,-2.191909937206648,-4.173762077402102,-1.0845917857529204,0.20803476936474555,0.9486815664650231,-0.370189797410947,0.24958335768845352,-2.067564640369447,-2.85574589029483
-1.0304269487713753,0.21166366184129198,0.6032735528675094,0.3838584269171663,-0.8284130750117822,-0.48951919344640266,-0.11068061182288431,2.3408770040170235,0.17469749393677836,0.8737644523565077,-0.022372342109247715,1.1851436583008128,0.06549465227034877,-1.7733429054782452,-1.1853046694373048,-3.1488599514817053,-0.47895291903718223,-3.999733376008728,-3.4924287537056236,-3.2726569198309385,-2.663908989092757,-4.843472866580218,-5.031330120691094,-2.13844242360905,-2.002645018928256,-4.303939377885271,-2.1256628846326318,-2.7407645184334473,-1.111051455083191,-1.310549386684132,-1.7065888965054046,-2.326931319108013,-3.098373099124882,-4.100890879481788
-2.0055590038586795,-0.5462450484579467,0.22683271769390492,0.9807099539842605,-0.054022720868208696,-0.8284729004330124,-0.9997576764330676,-0.6834438082508655,1.0848359420023699,1.0478368198110093,0.04249146110063939,2.184666670908826,2.233014777643322,-0.6072245439952936,-0.21805301528811769,-2.5707252414761403,-4.624201472522362,-4.891841486380176,-4.866773350962724,-5.751190190955335,-3.5414844090032367,-4.780277333355386,-3.5187841058153015,-3.6806863159316308,-4.8575776300507165,-4.592943176458252,-5.362236918693923,-3.526794825719152,-2.958008834597527,-2.669032068487321,-3.812839109242437,-4.303876927115624,-4.239570388916443,-5.24060642473287
-3.3225572255747866,-2.264111502060905,-1.1292097221752513,0.44393766765673187,0.9859080205933345,0.10476096603649962,0.9066910946804586,1.4472882249850234,-0.19386597675982237,2.054947030892444,0.2202801385400634,1.8436809824628952,1.0165066512541008,0.15654219056781418,-0.759542749968347,-4.683909858732039,-4.375833806155384,-1.3990362055490133,-4.0615120429796585,-3.5830236392879207,-5.624933605303775,-5.554801468194614,-6.527689241447128,-3.841754213873059,-5.053707293851777,-5.480920638606747,-5.347916263301815,-4.038043992522072,-3.86029173688734,-5.129306433880937,-4.678470723770081,-4.473501294185914,-4.929440299935593,-6.064988178445695
-2.310097779022258,-1.9097712068544408,-1.6608461525006193,-0.8321429150976558,1.4211105914715558,-0.6879817876331585,0.95332987686619,0.6149935065454359,1.5441066018905123,1.6231362116701127,-0.7434112512943895,0.386188837039787,-0.15549548568223479,0.39757983692181326,-1.1793547371079731,-2.192507945189613,-5.09146389255645,-1.3294163326277184,-4.532084063645611,-5.872762043889093,-7.837793783781902,-2.838504619624853,-6.291942298834771,-5.7076093627028675,-6.8700537847009695,-4.141188052035434,-5.756645490993769,-2.2742823264007352,-3.3315785376134577,-4.824346873341375,-5.047687527502869,-4.840481858691604,-4.3912207126428475,-3.806627577504391
-1.9391351421964707,-1.7828520706933995,-0.8330342069757642,-0.007658791076390003,0.6758492442151582,1.1489628060900505,0.5964312260788113,2.8751001515447445,-0.13416614630542217,1.0138326644437912,2.9940096542619803,-0.7185819290455632,0.5292159571133569,-0.4603161107424021,-0.3850291281161549,0.5636275418386718,3.1979026783080022,3.300436958607792,0.8016771374236019,-3.7409967744392514,-3.5471603096057085,-7.146818362776268,-6.151519562556106,-8.493054381111174,-7.149293077873181,-4.913180164109272,-5.620218269101013,-3.5040222350364996,-4.266459820919996,-3.366685777513178,-3.4572407693187177,-4.394135194253745,-4.475617656125196,-4.413542674974628
-1.6982600405833237,-0.9558737533253158,-1.0913927440883888,-0.08437106216478449,0.20482128377451794,0.8735118936938228,1.302231986035044,-0.9033093358061717,-1.0878604767269926,-0.5419258394663375,0.5078608880227232,0.6841368520718903,-0.5366956516012603,3.570614468388547,1.6357939983439052,0.4754856099193704,3.138039161593559,2.394232302449005,4.172841486272553,2.2106306185540756,-1.1280664587440352,-3.192329336193265,-3.2997797985474984,-3.0683392346395277,-6.230347460626756,-4.5530828636578695,-2.9328558491693415,-3.5402683079636215,-3.56126041658957,-5.879772692647393,-3.063116609125698,-4.301789507989072,-5.061841666041104,-4.167281459767941
-2.082333789666006,-1.477717469446943,-0.840047179405223,-0.3179510460915526,-0.2203557485999812,-0.35131427773300833,0.745821886533617,0.7971644086921539,0.9766306698726207,1.6141260059982305,-2.210854771249913,-1.854124851227854,-1.9182528826754517,1.2196251735805732,2.3884419091672844,-0.8435312673000893,1.9282595358557781,2.7666325044993085,7.729521957442643,3.794624925144632,1.3355218553851536,4.191611889755453,4.064654703022714,-0.5157912296564272,-4.36783106951315,-4.87131808628769,-4.83387305905019,-5.730501474851356,-1.5728163930489474,-4.217650776333374,-4.709278583378118,-3.6736095337779164,-1.0951374889501813,-1.6675994357856818
-2.499952552384793,-1.5496838853851245,-1.2432122692652978,-0.4112727042284172,-0.05900168524776122,0.7526666546870451,1.031931129775363,1.1597374095708703,1.6399826778606228,3.6291534013852687,-0.42951005651021174,-3.1310671689649343,0.27333448317688114,-0.7591642721746227,-1.3797256109329836,0.685983873810338,1.8124998309712714,2.848223584101242,6.15763449725516,4.501180561020985,1.9348568437931388,1.2852830964927375,4.240166644088131,3.4992279577405943,1.494452961431329,-5.320885938811722,-4.174716339257959,-3.081251061764262,1.2247291736258146,-5.48797257184337,-3.1448474865998093,-2.308926635968291,-1.9609082341202981,0.5494937478972074
-2.6108160848254003,-1.9328704834879438,-0.9491599881720965,-0.562875020598944,-0.004560641019883944,-1.2541868628611723,-0.4303819670801616,2.531024391420584,2.4439617254442263,1.8610920515475708,1.8382537527285239,-3.334886587440757,-0.45343730717170916,-3.4765078753516874,-2.3885985070930094,-3.6259340322491322,-1.4199451169233241,4.490253700476507,4.118331913645988,5.325702879655732,2.823742220582582,2.1722369195148956,3.472292099981449,2.215448855713071,3.9759523044504412,-1.6478333313108267,1.6103985933999776,-1.7742283283265432,-0.43114251401123743,0.5997420859070685,-1.6699459848025089,-0.3616868185147234,-2.0548874173011695,-0.11070918694765047
-2.756775526757965,-1.965099143067426,-0.9508808709389448,-0.6938951249120517,0.15571892190659967,-0.44980446047906286,-0.015503858477941734,-0.021387655379694524,2.204519137130785,3.513579563464166,3.0148111859355025,-0.08183694227470538,-3.3569455777081463,-4.620830039825961,-6.61052663663747,-6.237146696318579,-1.4362182192991588,1.5361539031002431,3.4191446659798057,6.180974538679487,1.7425284576332112,2.4438787603243406,0.7226678357848596,1.3325482846197978,3.5894458115535492,3.421579234176725,-1.2334308782626506,-0.7494822258042217,3.9639950178568024,1.4127364511628508,1.2612345462610004,1.1358640870616925,-0.10634332017100885,0.27886324498136394
-2.421453517822616,-2.3182110760949843,-1.588592197681438,-1.5714694908106888,-0.3058039533821779,-0.17966297767881678,-1.1077669180124043,1.9260929223897583,3.2639242698221844,3.5369799852547583,2.5522735112189774,1.8952329266330954,-2.5357432926420467,-8.423394840130346,-5.784467647772711,-3.34257323600976,-1.4972757745516616,1.430166306762503,3.808241095185264,2.567673775215049,1.6268756913749047,3.5262213778079676,1.6224225761401754,2.173099340694827,3.522023094382807,0.5724112116482104,-2.6968387719241913,-0.5026778010903814,0.5630539580276894,2.6578738918103686,0.9728628388199064,1.3503611067517938,0.17064027386136912,-0.9738831981575635
