script/wind450m.json
{"header": {"parameterCategory": 2, "parameterNumber": 3, "lo1": 3.000054539987559, "la1": 64.9999836372058, "dx": 0.5, "dy": 0.25, "nx": 34, "ny": 52, "refTime": "2025-12-30T12:00:00.000Z"}, "data":
[rows 0 to 23 of 52, columns 0 to 33 of 34]
-7.701487574512722,4.150754345338678,4.2608405915108545,3.779215018770641,3.142133019118529,1.8097861436448948,1.0415547409558112,0.8101840070510633,0.35996550258829946,-0.5224058064997497,-1.1164276308151102,-2.225355506414831,-3.270538379386935,-4.4587839765886255,-5.69770890947966,-7.413576157600135,-7.753542553709485,-7.336064969202502,-8.404024433239774,-9.54396341528772,-7.715370484912045,-1.8831444874231857,-3.249385757705704,-7.145520414441833,-6.967724123177376,-4.349227435825102,-6.646014724552806,-7.487027254975647,-9.142172250192441,-9.69538262820231,-11.07367863804764,-11.544389296270053,-11.29791098857703,-11.358586860754881
-7.397975696117544,4.959635850046384,3.6764292920951895,2.7502133954774823,1.4376213158448676,0.27633329815582935,0.17198091887041697,-0.022685741327119105,-0.8383396331256083,-1.4547793256520363,-2.151411225946378,-3.3237079544518986,-4.159462020794255,-5.162134180317264,-5.999524135436576,-7.21358546531835,-6.574526377115094,-7.730468553008069,-4.459838541059225,-9.436288427899708,-2.4375398030070117,-4.433077462393375,-3.7459529228252393,-7.284863808319031,-6.174158145276835,-5.831956568646343,-6.242407285760213,-6.150809550692819,-10.385913711677388,-10.632251170485434,-11.437292898425348,-12.347576534204133,-11.191696692366905,-10.142850014863583
-8.603697311269402,4.396126317348548,2.9774772701562116,1.3275311019156277,-0.030417193623082997,-0.3783027373048244,-0.36689517287100226,-0.5552591167245748,-1.3210381827320254,-2.5994016206394304,-3.4969488151714545,-4.054861619653552,-4.8198770029690605,-5.628869770831676,-6.056704013107623,-6.482635128530777,-6.275310181340907,-7.308325436954568,-7.0805068887491105,-4.102638623935596,-7.968064591793,-3.34405914241232,-3.4060767389347437,-5.676958892912165,-4.91769440827618,-4.965385338110728,-6.500862548504973,-8.972353179428188,-11.085989123799841,-10.837792172662127,-11.385207534032254,-11.725070940166399,-10.559683463590261,-10.291480990003768
1.0147417347505434,3.2118150228509355,1.0513148236386127,-0.2931126362914006,-1.2847193857714205,-1.2041721035389945,-0.6426963807190368,-1.452405205149188,-2.6259840146319804,-3.4648052573235884,-4.152394852359518,-4.905741014044894,-5.1941894791362415,-6.024340846854357,-6.715907438524244,-6.842382671445212,-7.370353116605821,-5.389478014302266,-8.203159045332612,-1.5511817345889196,-4.637685734746955,-5.582045255957885,-7.710081505555696,-4.969153841978793,-5.422700503833406,-6.168235454297649,-6.8083355979645175,-10.320067836247814,-11.475303469373275,-11.71292444052637,-11.571019660954121,-10.64770220635763,-10.429486393388924,-10.293897044175484
-0.8508202710150375,2.510799622806423,-0.4301453579209915,-1.7625255047789155,-2.0762736501960193,-2.400402138330922,-1.543305881540144,-2.5459571611171996,-3.395293281559546,-4.076225890218553,-4.5476140867736925,-4.993752703764042,-5.982618387840524,-6.377395896133676,-6.937177234162939,-6.260959048052584,-9.320505003122413,-3.072364849753654,-6.675617460835152,-8.382321412199216,-10.665109536685735,-8.412210607288934,-5.745958913810715,-5.963947101007943,-7.442465991387761,-7.1411431990994885,-8.021924971801552,-10.78305454697774,-11.348520991078594,-12.07728636881535,-11.013857693993726,-10.60194787957458,-10.869158925881072,-10.253037826195445
-6.35240970434779,2.0186843644280854,-1.4418595091692115,-2.980194838534042,-3.066582792308051,-3.1132778671219388,-2.6859818772278308,-3.545444025603286,-4.542807977538695,-5.1842456428204295,-5.056246982411933,-5.12926757000226,-6.270975775512686,-5.592244461490475,-6.223913639733546,-8.06489922023677,-5.5610818534221025,-2.1384456381052726,-6.8984139539021685,-6.6465892366992225,-7.248603034097004,-6.2465012261929935,-6.891317304331724,-6.783328834089751,-7.875427198343355,-7.638029701097808,-9.09115019387381,-9.788274432221332,-10.901654652886855,-11.967535360390215,-11.781951715363084,-12.003065212419497,-11.965699822077429,-11.203676717539357
-0.27432266211613526,0.7670280795107298,-1.3832014688984258,-3.549125792490339,-3.281152243986095,-3.0276491415816738,-3.3003653006630365,-4.281778133938602,-5.184554951964858,-5.087896223385519,-5.431323279633686,-6.247060581426031,-7.448440649486719,-6.208027123889911,-9.489346869680713,-4.663253040508225,-4.283697209717946,-6.1484642094953,-6.48082392931057,-6.827779703789207,-6.87398225179351,-6.9433850565834705,-6.115248363385876,-7.836881869006084,-8.81374192066652,-8.59409641276193,-9.733462608756174,-9.94036049916412,-11.373382026353951,-12.988198237862278,-12.789227556181896,-12.09878404860469,-12.180171317091284,-12.582578897573917
0.6461260239377338,-0.5380919347450405,-1.6695864899790565,-4.131059228976341,-3.479435245664096,-3.2813002865242855,-3.5210822034466593,-4.691893925359127,-5.350224572235909,-5.143341109511558,-5.047547797842679,-5.745220745410229,-2.313076175350072,-5.8140575930756135,-8.840834154890453,-5.739163990153044,-3.802923437160807,-8.317708783027863,-8.435800553919597,-6.54657862282547,-9.14582473160208,-8.64277786926609,-6.617986333607662,-7.649505816648166,-7.542765491752017,-8.885568612131083,-10.311375701729679,-11.52319892427097,-13.042197053764454,-13.088582509094053,-13.303921419359662,-12.637072518470118,-11.750930286982049,-11.24474274579767
0.3608286267907662,-1.3913387210210681,-2.332673232903459,-4.243908869111329,-3.520234386611541,-3.1341539403678187,-3.613295871184357,-4.434123552077961,-4.715228761197596,-4.3328660047882375,-3.9683975432033054,-4.257972425272074,-4.906641119456417,-5.015536727928487,-6.257842101587856,-7.563691377060895,-7.045794886462583,-9.22033610503261,-8.13948126224356,-12.885724310007031,-12.285494099542941,-13.847294955805772,-8.732561852095449,-9.036344166545629,-9.253403431939459,-9.426704363228938,-10.084617535545869,-9.507980623984238,-11.278450301476832,-12.913973491293357,-11.864843517404479,-12.211893506562228,-11.258520350220254,-11.20608423929372
0.3316967159157822,-1.8542883134395094,-2.853832480329912,-3.8217382887480627,-3.1603788349639004,-2.131051628732971,-3.1914516009135725,-3.8961176136210756,-5.17251283689499,-2.597062382392967,-1.3803936158927705,-3.019859826048837,-7.537530583297676,-8.535019958029574,-10.732805141324167,-12.928781401804972,-10.315760064127483,-10.813135492103381,-14.804418774584269,-15.409236242168308,-9.62108460246055,-7.742758092779164,-4.897178844776663,-9.105667927492865,-7.943713421172635,-10.039415403596172,-9.575235951412008,-12.759697159229994,-14.568425249703497,-13.179736332542483,-13.126097170151462,-11.067898205617837,-11.262954606803506,-11.572552486394468
-0.5406377760979391,-0.9413173461288364,-1.7842932797983544,-3.661957455154622,-2.6734992047453128,-2.4137107786892025,-2.931274003175296,-2.573743347551603,-5.427501203513644,-2.875183670849873,-6.331274095523002,-6.94554718821974,-9.159139445282763,-13.176861121883002,-18.911610212298857,-16.812708947062987,-12.576933367849087,-11.013826810316603,-14.2046616269237,-9.605358424689381,-12.364548115158646,-6.498535964572845,-11.411150743306175,-7.672892102737089,-8.168119841234414,-10.236295427596586,-10.044840556038539,-14.487467477654103,-12.949037303009439,-11.840283352932287,-12.992778015068273,-10.85053861031342,-11.746947604389108,-11.973351297046356
0.26036145891085355,-0.6262797620833315,-1.8966771074277957,-3.169154947158842,-2.610631897203418,-3.1825159010417607,-3.688475977331271,-6.582967665656518,-1.4992234519334957,-5.929528833200187,-10.623520009412507,-13.046927438376388,-19.124958570429836,-20.25073624447268,-13.942453986942688,-8.727411307613417,-16.021745466249104,-15.31187791814174,-10.157570302830822,-11.831820431154068,-10.844089047687495,-11.505214704957746,-6.459291484084421,-8.284798307532027,-9.818950446773885,-11.459333316619617,-12.61805452863493,-13.719804796682647,-13.342868599384648,-12.030011593520879,-11.035190653115091,-11.37336870416105,-12.11533472393792,-13.107678824195188
0.4084472539199481,-1.330740922849054,-2.899243410191038,-3.571673158684743,-3.154753861072396,-4.007769611766758,-4.3608573836132685,-7.567356272528628,-8.340751073713937,-6.396540304732083,-11.554368597544475,-10.64056586679024,-17.955928683509732,-14.422401544866805,-7.502314408033359,-10.186736457734675,-9.95432036083125,-9.826452847316222,-12.995478040516685,-12.52688287920355,-12.025651485630846,-8.334929598289504,-9.581282425116822,-8.094457599611264,-11.068305517161958,-12.217305120151266,-11.210731261163263,-10.595763009614112,-11.070482124012896,-12.68513870459098,-12.48633738882264,-12.607148009171393,-13.627268027831137,-14.416158720453316
-0.1418509843424589,-2.5094557310982113,-4.0130698175347606,-4.639298626835699,-3.731946792758391,-7.9806945046716145,-6.347491581076143,-3.771728467289836,-7.729897387007803,-10.887216711021859,-15.374661217826125,-7.8797987058074135,-15.067951897102986,-4.548489602006166,-7.605351944822084,-10.456564001625877,-12.617227165324168,-9.024863295803621,-11.444566058629018,-10.162358542899828,-7.1031268857145,-9.033250268447564,-10.342022817691655,-11.613032408987596,-10.212602544512002,-13.867074480973951,-9.45136738376784,-9.20215489141558,-11.556626508650526,-12.493741442552441,-13.39731704374572,-14.069404596077822,-14.535693760014164,-15.447993044002285
-1.8562784732890265,-3.6327007606384547,-4.769974301987428,-5.030014879529356,-5.125622483146071,-7.095991713327096,-4.789444709049278,-8.245534431814924,-4.186924292717026,-6.261490068168522,-15.84055058175196,-18.638981393233188,-12.620671497383153,-10.601150169628317,-9.010252403064376,-14.202556584857382,-8.322936106957789,-12.059238635138552,-12.49459247014308,-12.911670679206374,-12.464236111051395,-11.490961894660195,-11.569440432070488,-11.553820749282421,-11.89062826190987,-11.773613629089011,-12.690101806506114,-12.846854016963736,-12.320140259399182,-12.312740552729412,-13.920930255025029,-14.454342245807066,-15.524898027444614,-16.845717821866614
-3.3116734642231678,-4.782294591871987,-5.230770204331391,-5.598859142142715,-5.8185568154307035,-5.699035097050954,-8.99556847791268,-6.601924765535383,-7.25491569112807,-6.518936046343054,-11.548942070779436,-18.994204026389717,-6.885220137219008,-11.320960800606924,-3.612753077265573,-8.28323669728066,-13.262104945149646,-8.652813076480557,-10.414953500103397,-7.893227555545423,-11.803019803114507,-10.79294652093674,-7.5260024935821095,-11.602883042150333,-12.017251533034575,-12.563498241983787,-12.540881083524232,-12.55629261583638,-10.862618313930485,-12.995997248031314,-15.03141034757511,-16.060334170759806,-17.45027001196324,-17.845436214803176
-4.6133786405819475,-5.640201817583543,-5.521444567328814,-5.745886488904785,-6.5594483955534955,-6.323206155844345,-10.327511117718648,-8.397508393382887,-3.1476129003286415,-9.244419696024677,-13.972020642607113,-18.797868911509187,-9.573928960886358,-6.112250704958154,-4.661077776401168,-3.130303494286675,-9.746822783083179,-7.393627031216928,-7.752707590812066,-6.91213791712505,-8.943999035299951,-10.156473085806192,-10.10635652669415,-11.568619476936217,-11.178898872081465,-13.434281242223081,-14.699775435881197,-14.052328086859276,-12.964315463412941,-13.872444242806404,-16.30531558814893,-17.28555315241749,-18.074947759708454,-18.542092251583046
-6.031158419984358,-6.288804843159968,-6.276210572755489,-6.821668102739175,-7.318396807396347,-9.337029791348273,-9.411756764801448,-9.258113208281019,-10.098745116240174,-15.043514362876648,-10.16791302346549,-14.371906645674168,-6.089927082347502,-5.8219007180660505,-7.618865420262724,-7.9980687298064685,-6.2261856009189245,-5.173877938240887,-9.6630085792907,-8.227592792141607,-11.468058784724077,-8.923616528343443,-12.643782216906484,-14.085216908347238,-12.135838562335172,-12.202298865170908,-9.16824542043439,-11.61756572089332,-12.89979042039954,-14.614480815253804,-16.98738439029786,-17.724157218746864,-18.15627488519417,-18.79571739876019
-6.95993025907262,-7.107470029907917,-7.214804100548757,-7.579673793116198,-7.555754107588922,-8.915757505978773,-10.391475412942881,-8.622163099721481,-5.449375359884865,-16.35833339200736,-4.966248243193559,-9.11016944920317,-9.230767394190352,-7.750717026564661,-6.226797511569358,-9.494182613093102,-11.297314243663449,-10.373167295406102,-10.822162432030405,-11.617863803533202,-12.732611332101524,-12.910483443291742,-11.82278133211124,-9.932543393128459,-9.08171228294672,-10.48383687877369,-11.20082845015116,-11.783601261736626,-12.984175668742978,-12.735861121710046,-16.12784816436296,-18.010528375137376,-18.879120069383106,-19.31947369879141
-7.292444940464387,-7.974930847581027,-8.176914739245715,-8.691620827319376,-9.103389462850664,-9.74908117037907,-4.91097195243331,-13.503350534025417,-12.9971342839647,-14.198196988603517,-12.45205525458675,-12.493228235584965,-5.207319329505913,-11.162893660082096,-7.7510624400427455,-10.617407021050733,-11.402895018493533,-10.248828914826872,-10.260937905195268,-10.257924490029657,-11.667595831182487,-11.201334926812777,-11.396002734218422,-11.051380136082939,-12.061330193797657,-12.81238153386138,-12.268186662379618,-12.55964003385385,-11.265697761170326,-12.335668835894772,-15.188687847926856,-16.905733756697284,-20.006980227687773,-20.325567789812517
-8.182761731176893,-8.928688162188658,-8.718168758716278,-9.700304422168532,-8.900584438505307,-9.348606455350495,-9.862614007681081,-10.368341307851795,-17.925015575872887,-14.171807005063483,-14.364842004459694,-13.752685696528394,-12.493895773240006,-9.959838763334632,-7.907429911825845,-12.729221081254945,-11.59904200579888,-10.338292297184648,-11.46438605262828,-11.655844972828671,-14.82325020152331,-13.093867905972058,-11.76074568574232,-10.893008429491424,-13.682204319214968,-11.51103847453674,-12.88668057395556,-10.914469355248606,-11.634468034981486,-13.693904983030093,-14.931087981302301,-17.433409579319818,-22.063521159627776,-20.461946914422324
-8.573229619827819,-8.970173940361775,-9.110992612305237,-9.59167728206069,-8.526294749520824,-7.079194781681294,-5.996807029536327,-10.961577538577457,-11.221269757434616,-7.017805539818428,-17.35190436993773,-15.001385178622986,-7.433186379483642,-10.416205669091104,-5.992376604944784,-10.108541247666887,-11.161684722463283,-10.3295833047274,-12.2549220453485,-13.078131088327298,-15.42001085510612,-11.819075051696188,-12.779798513591139,-11.641882272982713,-11.658305566059697,-12.564045105494936,-10.72303434042152,-11.435117147725927,-12.908630851912463,-14.073988415864969,-14.903025313158054,-17.19381380746162,-20.641245696809705,-19.79774871670221
-9.605162171638844,-9.720905192682967,-10.402633128595815,-10.137414625539327,-11.213377048410884,-8.005721653730735,-10.615638366256869,-7.1162776035070525,-13.783645921418968,-14.72089793495519,-6.4968728740173525,-11.571793857038655,-12.099663192500966,-10.102247223124548,-10.411112818365993,-9.85999282857676,-10.891775381312568,-11.364592637988334,-12.974018140774149,-13.815726478197874,-14.378681563887804,-12.263204489860348,-12.011453891706395,-10.539875413843228,-10.636627171038846,-10.837398502226668,-9.856706175550464,-12.35387706860034,-13.137084751816948,-12.627117263898882,-15.043032669662647,-17.290936523127147,-19.44654990576993,-19.7081367414925
-9.783153768557359,-9.968845053333839,-10.198952781420891,-10.379382392323352,-9.885685690608815,-9.143293994341334,-9.46126238267702,-10.855866320087108,-13.645611640817414,-8.413971863810707,-7.458875799319619,-6.070183480264473,-6.966029435108596,-8.796398740481601,-9.043910021199276,-9.721484477441084,-12.082197128827879,-12.786144737564616,-12.001780714773618,-11.706697024596595,-12.20610095925649,-13.654756351979989,-11.773196219365053,-10.45714631198577,-10.74942954580296,-9.90773351238018,-10.733343041796756,-12.924043256208702,-12.333688373368817,-14.511731768573574,-15.029961706686937,-15.611544243127897,-19.15400761739826,-20.481083427255058
