script/wind50m.json
{"header": {"parameterCategory": 2, "parameterNumber": 3, "lo1": 6.000198445256149, "la1": 58.999992894266676, "dx": 0.5, "dy": 0.25, "nx": 22, "ny": 24, "refTime": "2024-02-06T03:00:00.000Z"}, "data":
[rows 0 to 23 of 24, columns 0 to 21 of 22]
0.5756432401694465,2.0940679587707014,3.4725621742190462,3.9703427868096295,5.89123017240458,2.8938593317834997,3.809665908691668,-0.899713490038083,8.367976105909742,2.080784106655705,-1.4743356167936852,1.8695248621592855,2.59169279157368,1.4747672157204628,0.02645662206984974,4.653633479298507,2.405086716178601,2.5345139035431323,1.6814588942125235,2.1453617001450924,-3.7467462883121163,-4.310829154026247
0.7133373978243188,1.2128719797395677,3.0544601172932837,5.454833869589212,5.930589895478037,8.68987727190249,4.713275055298714,5.708679542370122,3.496340653244417,-0.0331455999263549,6.04631128760948,0.31437532599707935,-1.030492589745088,0.4746979767385244,-1.3997796071336817,4.909718269163261,1.4161277351066586,1.5802569775679247,-1.776320206658401,-1.6398708857335902,-1.4879882849842345,-0.03369004555126203
1.903632082739513,1.3356753789214324,3.1674683771749814,5.628287721888328,7.0527298792397675,0.9289277897778149,9.727529858281327,-1.0230855500827094,8.234452008115895,6.805827579355246,2.105817570146015,0.3746751240209381,4.488730240399339,4.2149990831116435,-1.707659204307923,0.4603186540457759,0.14376003873992355,-0.3601081433787685,0.8430835437120948,0.6909694116031017,1.6902937868627006,-6.329829307595226
2.3085086853273147,0.2385735120425906,3.3356099328663196,5.776859581739733,1.7203212925653275,1.4877987087896611,3.8116003488439336,1.3946134633151706,0.7106143144491414,-1.0430579777192572,1.0069065048194588,5.57151132493687,1.7623847910537829,1.6488758785398654,2.3627861898593894,0.7070454962247995,1.5185865986389324,0.937104754952238,0.7947185362736559,2.2026148516631086,3.4635360375993014,-2.9759425207470165
1.7445231018633833,-0.04138357463071094,3.299368117845857,-0.3650391890733989,-0.011521301033742366,3.52723731629511,4.990889716105888,9.504576038012857,8.338823313624847,6.496799776578304,5.964637761961545,1.7686891634218582,1.4888313646709035,-2.0011235224177035,0.156258320722936,1.0294868164723647,0.6558738984630805,1.1984497536836463,2.369425513756979,-1.1345102038263812,-3.6177967602894063,0.47423505026661456
1.5856523854814164,3.245619454074604,3.0925535349445163,2.3692801162544614,2.8881929756554503,5.0511131575023995,9.513468242812566,-0.8934068562148755,1.4840778610940133,0.7076636850602225,-2.1368771522770955,1.021524981824058,1.2851821080454309,4.478016201100884,1.4368290292205534,1.419067309816476,-1.5260731182510807,2.6911604455830824,-2.170422878763205,0.7407710078237147,-6.004258129758869,-3.1323105504123565
1.2023923688068408,1.2273482170210253,2.4686633604305186,1.0865970385490413,6.118750869655516,1.3473155756599713,2.913260037434008,6.822674977687667,8.491205413403856,6.95975373412988,0.5965174346679498,4.052185089399871,4.437209665423077,2.7880107359297996,0.5637028641287187,2.9913981722684713,-0.7378188334991327,2.2822893131587185,0.5771955542748837,0.32829992717162165,-2.2208827332009027,-4.700935245287977
1.7123749141288929,0.3046378868093028,2.742762135892618,1.4870389810769775,5.698229959039421,1.402783556967173,5.033226641741726,9.541546909950371,0.9679449377509975,-0.5242831244911539,1.8413539075499756,2.6888610844819745,4.665097860142369,0.8340659788806407,1.618031214240294,0.19408397064256158,-0.317036309620132,1.6521782903432283,1.4687341513026189,-1.4443647058226519,-0.29256930847415286,0.28040896821896905
2.1358787276676363,0.06086446048666327,3.4982909874433017,2.5363485768412377,1.3818889171433848,3.7401950281910685,9.632238447845458,0.7033663491572718,8.561739804475033,-0.1992075552141618,0.30443964077607694,1.8754821403606197,1.5784303317590247,1.561708455136744,2.6515090908847223,0.7443717222258321,0.38540819657242,1.595899057427121,2.9749475926259143,0.14996669360806295,0.13146135564549596,-5.341236789161127
2.0480363569408095,2.78604024476542,3.437848603357089,2.9654662957677127,2.2754642118261144,8.631609293075927,3.2877601757965658,8.738750750926062,-2.051248745188119,2.443414987888262,5.739344886134825,1.5682648890944582,2.344577145729528,4.824524469580734,1.0090027932738963,0.9363997219121437,0.5478462196758839,-0.35094332492062436,2.036711078647617,1.739625342419774,-1.0076013661827732,0.4515269455247031
0.6005790587296399,3.1141139869688734,2.9268781653762455,2.840454338129506,1.542591691615348,1.7165495067758294,4.714738091591748,0.42728336773475234,8.51896668067065,-0.9750724838141043,1.875488418280221,4.3757973331288085,-1.5312866949293555,1.5947534570783324,0.5406301240445494,2.239590033517868,1.4455695834447417,1.3498519056299993,0.3888202661568668,2.5530205586254393,0.621734850472466,-1.8557511478116957
1.7340817673373137,2.2206959185038495,2.4089081145187596,5.014379548548433,3.1707324218445323,1.9849293476580445,9.832135454932457,4.055337724849646,-2.059041846482363,2.3816349679636644,0.8025081062973654,1.9434854987744952,4.522197869244096,-1.9729662165959276,0.6805477114167183,4.1469904835245694,4.806968541256446,1.19733041969447,0.19019732420797428,0.9679812591539522,-2.8566306550208345,-2.7900330947162684
1.6765362919830873,2.365456990928648,2.89103167736543,5.482180731639169,6.452056115962864,3.4550336194815796,4.299455397621056,8.808960137992578,2.6267094404384355,-1.3525004902481534,5.729311069058036,1.6263572610694568,1.3032799476027352,4.522219989530458,1.0320858306465899,5.077474776119629,0.5021983973274868,1.7772300017258795,2.4767598342537522,0.13174086112715724,-0.14481997164872845,-2.5593928594106585
1.7654084943946382,2.3898863670708304,2.9872288397686204,5.792537992962465,7.220100581911123,8.79921854532264,5.317221981682381,3.1936962490036023,-1.939181248887394,6.405529119919359,1.9034773591641725,4.098179744903488,2.1100220443656195,3.609368188103234,0.6895796860542188,1.1419315136454145,1.5634953505031501,1.1252700289588478,1.6109063599725608,2.1839640660710637,-4.532887462799513,-2.5123822181338626
0.854224846517733,2.699555765560781,3.5672951914518283,2.081727977199187,2.3557453240051367,-1.3290062682518953,10.13757992581805,9.428693612645516,3.749817098728749,0.5324958780988457,0.6017952129843654,2.469364381115492,1.0899159068920174,1.6989253212247781,0.614994918453489,2.518959463982553,0.030101831795838457,-2.0396227410903824,-0.8995122272545492,-0.563052093166403,-0.6193682680021262,-0.838828585052066
2.0670149615818296,3.010537393967594,3.8381044707863414,1.3715176111270275,0.8409942763895857,3.155447287182226,2.6051801959147287,1.0979683342846303,-1.4456512275061684,7.15378611257127,2.2304261017521734,0.31344645713264724,4.317352684839034,0.5379778876916905,0.3260149068378262,4.8626410029273455,1.4105248868946565,1.1381035225660303,-1.4363922494987968,1.4178129087515596,1.533603704839968,-5.7469002639106295
0.6877696079168512,2.925431714337909,4.707086718044605,2.326279519616898,4.5189658288641645,4.568209480464492,8.37939697858316,9.013465110120327,5.24211121625532,2.1183040663795483,-0.3009649688666705,1.4976331434618466,3.5737306215249665,1.7665843261780034,-1.4691517224020678,3.0183771263193626,-1.9841884597490869,0.2167965244934224,1.6863063256449224,2.4346783086242234,-2.710713352272198,-0.4708691492642899
1.455441909442317,3.304860546327903,5.322342494149344,2.6750488979905325,5.966429156005949,1.924776145211312,9.50813362602507,1.2035625994818784,-0.6930390238089279,-1.1073449188390083,6.5452155339728675,4.141022266676157,0.4187900319454769,4.708674626875295,-1.8427610841860025,1.0732671777505776,1.8543326201591348,1.1097329293416587,2.4219743406814214,-2.291944814994789,1.6406543864977512,-6.666500285510105
1.6430978005282704,2.4089949989197734,-0.7328633219415931,2.795695842529136,1.3140368041954151,1.623883017933383,3.833522140506479,5.629324749911818,7.0554229553376215,6.419948070023813,1.819839249198862,2.1197936016622703,1.1363540464001036,-0.6997791680843749,3.524670186124554,1.0226867136569695,-0.0488426137064963,3.6115250303655904,-1.322927431614664,1.4864849677940954,-5.783511476109089,-3.118214724214828
1.789268355638423,2.0530917190306788,0.8435119037847012,5.305119925221479,1.731455063642382,3.4936616074484967,4.644945697128457,9.250715985925176,0.21491250920359922,0.1586878153285905,0.21681487742742442,1.2094537463629547,2.486644573680936,-2.0146481868678636,3.4643785650102785,2.8158862248132905,-0.1325844351787241,1.6117982537428173,0.5340715098500946,2.1332140951090888,-0.23119249455130927,-3.681678753687156
1.2693294780642426,2.1136560176612407,2.909148446991171,5.648366846133462,2.1503862561291665,3.8114086233698767,9.875717382623963,2.2648941990386717,8.740812931750106,7.295649431732832,6.698695487151129,4.163437739657054,4.434409821809766,4.2224476472187975,1.4415469263677532,0.9900408496464768,2.126654897552267,-0.8802713869871475,2.5029537327378333,0.9410499644469003,-2.356854652984705,-2.777700748059325
2.175553280966318,2.3430957459247117,2.522348195235128,6.660393398661227,6.3204562724991264,1.028127513742232,3.0431215112000474,9.327634823984251,-2.031152870767941,-0.03368929536562617,1.8836236350997768,4.06522404943524,2.6366612067071356,3.9982585425255084,1.3707782605366892,1.3048953911318737,4.501226906799787,0.034386727143384456,2.7113053195481345,-0.29875198402330544,3.2450128521194497,-4.952979737399522
1.210691166506638,2.301125836094731,2.565729231517785,1.0770928404100588,7.433265541131092,3.518689048749176,7.959444890085855,0.793250601400947,2.9347060048911486,7.255632657197225,0.33015409399489976,3.208699241786997,0.45894083839531685,2.859763287585442,1.4764704279112744,-0.03702579946436875,3.0387934364128597,1.6993115096258145,-1.2422550691133099,1.449892953908626,-2.614970732966903,-2.920593614378756
2.016358032486117,2.36461692825941,3.140904741529684,2.1615131668035406,-1.2987974408097314,3.3846820277076763,0.9295508778673999,6.310396650162905,-1.866946209712487,1.9581037138234425,0.013742498339158119,1.1887836802402811,1.5409429899428506,1.8835766389358193,1.166689980629251,0.5094971775967245,1.3551756615715453,2.9783781545451684,0.1315212206300128,-1.8211567808979243,-4.122790668743889,-2.4747352202041197
