script/wind250m.json
{"header": {"parameterCategory": 2, "parameterNumber": 3, "lo1": 3.000054539987559, "la1": 64.9999836372058, "dx": 0.5, "dy": 0.25, "nx": 34, "ny": 52, "refTime": "2025-12-16T23:00:00.000Z"}, "data":
[rows 25 to 49 of 52, columns 0 to 33 of 34]
4.60955086941972,3.6473807241481446,2.5414920970345714,2.7173042691674505,1.9056522783785002,1.079563337366032,3.677960372399713,-1.2550780184015056,-6.10080813793382,-5.827189719077754,-5.114381923389198,-5.343426138584324,7.537186379907918,12.30097972905912,13.436433363526403,12.717466607756071,16.225314734003543,9.234468156888688,11.719805647673645,10.209769278286778,10.419873565675974,11.389041407592574,12.047347031050316,11.120620953073686,8.412187992446148,6.666503800825122,6.717878063485355,6.560703897624898,7.369056990001844,7.069373025177279,5.705217710487544,5.263225814451735,5.083367875623326,5.067455240623312
4.117957867005389,3.464219930683522,2.860837886798211,2.3375781546264442,1.9019801237879639,0.9094496576017373,2.983843220830835,-1.8353126720521658,-6.448613180087443,-7.672214152535087,-5.172943589390452,5.552728449968224,14.343908902387126,13.57910985995634,12.180363169793658,11.224627004865514,15.624963866010674,10.50845607345241,10.327317483808118,9.194878960727866,11.474047544186776,13.481233601207412,11.257570287092117,13.414146946963564,8.947665745266933,6.185822372912004,6.582447010416746,9.575728546997539,8.293930717666182,6.799195767107413,6.4961723255782555,5.277220943041813,4.699336625871224,5.228021543425363
3.6464241825490546,3.5217598572588713,3.1167804866548683,2.214073561771408,1.166199063723993,0.7416532455585315,3.0451557378081686,-2.1109819352064694,-7.777266954638906,-7.014440768350233,-5.9386882692252145,14.759819582520446,14.800176434714965,13.07173435741852,12.836978088791241,10.775436740937593,14.949440955401506,12.639014552650657,11.282110187679177,9.585936324889358,11.204585983814033,14.031206418513996,9.062123637315647,10.388326050138387,8.705783697691231,6.9123441691360865,6.384950182897657,7.675507872042158,7.188818544457449,6.722674267364754,6.18106423821605,6.275525498574406,5.955472773114174,6.531140139302407
3.27398294603629,3.283909882803421,2.9532765366604177,2.0192404617252975,1.2592434677350197,1.1998255520401009,1.3705556542612076,-1.8151184440924177,-8.14688443733656,-2.945785900597251,-3.3312232463498272,14.915854302960257,13.612895297886748,12.704580720125808,11.658516312590418,10.03073864244974,14.67374019875924,15.8302129515913,11.248572757496074,11.40486840638555,11.651376224192509,10.629071886733355,9.00139060324874,11.143214728197274,10.85477770067298,5.963041487470132,6.484261909876934,6.143622230258713,6.575181392784284,6.454686290187745,6.378436411390414,5.843149911896084,5.048126843196542,4.839912704833474
3.04897467761496,2.805536845315568,2.7739805877891155,1.982311107845271,1.4310231541254346,2.5619858627866576,2.6651582484220397,-2.397791232003902,-7.404287643033044,-3.974154282891567,-1.4692867101409925,14.575038538698552,12.809816808255285,12.434464387646083,11.369405734748213,9.657743004691229,13.27480938294761,15.384443956848664,10.625067096182228,10.225899786731192,12.277407169935735,12.580651158735726,10.019536104576671,9.531291247644825,10.431820204808817,7.427021711902868,5.270022931652484,5.263515167419266,6.423774473394135,5.872864998317135,6.21558074292366,5.29599304487682,4.732918306418575,5.050242846770568
2.325536313297273,2.057004467688419,2.143118176917878,1.7060363312875324,3.01585141163498,2.6316452947166833,1.0101835201702751,-2.7875712322693307,-6.673542700862767,-6.235695235757042,-4.33988758342489,13.11612503359577,13.3014856681647,12.982856845907481,11.223529810101391,9.95493315621469,12.290214801077513,14.324928764672913,11.465845530298719,8.227040667946893,8.062507681072104,8.889731081771831,8.871022141055782,10.893034388571971,7.447394836873118,5.760948726926479,4.758785367521905,4.411425428518079,5.87211974876755,5.241759971632277,5.542143364628991,4.69362189608076,4.310975804887564,5.646343333703991
1.6085214104196086,1.1747816731536627,1.4330756557906312,1.6223521603588187,3.5129634918091406,1.7746047616102374,-0.9610863859459611,-4.026054853644051,-8.079171645529845,-6.9004461303710345,-2.21645856733028,13.473542889053608,13.042240561549967,11.605738022278274,9.600621595465935,8.554434571851122,10.145800925702986,12.535622062585693,13.962604106228445,10.666170019347687,7.999548334719572,7.002670963354828,7.727350555602633,7.236046948060216,8.913051801046839,6.458399026699481,5.6846253468474846,5.279879024030386,5.390161105815726,4.070579255201324,4.144332303283444,4.20201872484384,6.0112192052185645,6.569332970969842
1.0616512096436674,0.9412855055779356,0.6375763902118146,1.8214649141895507,2.2971152434211772,-0.45759497948498623,-4.933333884207183,-4.757219305896894,-7.835811173126926,-6.794549041391722,12.940899285796675,11.93179873373322,12.70175189975956,11.695014265143252,9.419660960349667,8.040458343169774,9.629022783341508,11.957028001951592,12.307293951063818,9.86965667215609,9.896188380908681,8.531983591497998,8.026158538511853,7.558728452510189,6.999850334374729,7.707822954090979,6.249273225255424,6.169923143112138,4.651934830268573,5.3665478159842674,4.892278821204517,4.957236177417923,6.609630753560033,7.207085596176994
0.6266953232179685,0.3346973133574871,0.13557559130981725,2.593571195026575,1.1075437263746022,-2.909724133398841,-5.677490283508647,-7.908239727142044,-8.082977285318405,-4.892017794886579,14.18813216247616,13.224777038270034,11.441026799413084,9.801511054315872,9.020690045074078,8.274333949305683,9.298070442553644,11.535224499443222,11.451266152707117,12.73560986263071,12.071377515053722,10.113217162100078,7.375330150772001,6.959622325091002,7.088535572150151,8.051881229987327,5.943976101420082,8.789605170898279,7.247205599626621,5.302501773489525,5.611132328222076,5.19938647888809,6.383633258734211,6.412218754952876
-0.05436370317350719,-0.4037822347575192,-0.4352383084284683,2.1967887982542234,-0.5681854841663512,-4.088597675619802,-5.867852315171251,-7.776916493680923,-7.965787102288793,12.6347329591154,14.488230083928341,11.383434551170339,10.231340086333608,9.571596174845986,9.838869775850906,9.975373816455926,10.054622062312385,10.341859044635381,10.827428298272121,12.369986397609521,8.920757600329706,8.938848625307978,7.799012642710266,9.839407199170022,7.038380640166907,6.045253976133114,5.540303652161075,6.190963757111691,6.207694869269665,6.0614132011738215,5.763647533468112,5.692134847337071,5.273405382583287,5.687888747963919
-0.6412750797327057,-0.8508414257401016,-0.3742119619481819,1.009283080240922,-1.9968361461036308,-3.930427083536739,-5.694065060994663,-7.89316978061518,0.6145832791136213,12.381426816578134,12.678096806572343,9.976924553562663,10.093783402552953,9.130549223593402,9.834517567891401,8.25999700157574,8.964678083483424,9.043268904852663,8.798212860421058,10.970019238954258,10.619012634472865,10.779025592711792,5.445202578068382,9.055384103158893,7.302176155089429,6.015103122851598,6.117157634194413,6.049237455127459,7.40740101406553,7.434216303499278,6.489913237195705,5.490778390553955,5.534004769122658,4.87939579163928
-1.3875156005518174,-1.28010292583726,-0.8937117590497642,-0.9909115901964719,-3.2489816378437824,-4.367185469387609,-5.8269382727451315,-5.613896763257132,10.714584005275333,11.06928118487156,10.530470620367005,8.37412943209121,8.479026530736409,7.344227038573933,8.015871367683065,7.859124675182325,7.351897727498519,8.596784581387446,10.06561544510277,7.786538382853831,9.889776490537823,9.692748071669453,8.435183873286558,7.55457883042375,8.443586262562883,5.976631088263491,6.841849804674717,7.7038777374183045,8.160805184517276,6.38812572086862,5.893728746273066,5.505857073451417,5.061634740381229,4.712308255224252
-1.6611287176625975,-1.860801938637882,-0.28754706133102076,-3.9083287339060853,-4.362558364493004,-5.378114507467018,-5.169046964362261,0.6803837364771508,9.770367448045198,9.841053993598818,9.164165806012326,8.826209566429299,6.170722206734679,7.415830105378873,7.263805265532079,6.871710724952045,7.244614325215157,7.868977929420624,9.099860474789104,7.8205829330734575,8.962724484682708,9.702017303129823,11.58154526748233,10.965687517264136,8.2971782432064,5.7797435588846335,7.980118100509617,7.134555594778451,7.101320017230521,6.600398319603456,4.216490028063837,4.408824770896202,3.736924015084619,5.047761191135706
-1.9592213719362013,-2.2603687041007134,-2.502737313023882,-3.856811378907125,-5.727552398998035,-5.643257924003243,-4.059039244733773,9.01232846569516,8.27681701452336,7.6117537382810045,7.0289790495478215,5.927983960113009,4.15377919333855,4.531043865450091,6.58139098616923,6.858313377321855,7.5899682431810405,7.208245274493004,6.893744824105067,5.737494600503869,7.371235714088092,9.081597116410212,9.55085897645985,10.391109170734786,8.999845762343863,6.696726512840465,7.524400944677235,6.33722863869483,5.228944745608728,4.362401890561694,4.612643834469585,2.896733730462976,4.568363356042283,4.532477394877196
-2.6154607810984856,-3.4083870810733647,-4.051440026321361,-4.187200343805804,-5.67000963354487,-6.7865127839602115,0.7205016883382988,8.989528553624503,6.166703221776937,6.488652894102063,6.162568682657914,3.4607548514884887,4.663317005873195,5.389304443232426,6.6127287859952455,8.66182667016052,8.249802096675667,5.939805471310214,6.94221094927733,5.85695395180676,7.983445335557353,9.464351806914705,9.878142950245248,10.516578771625875,8.58224380006346,6.384542675003411,5.605821325862461,5.671890005044524,4.471410279907482,3.9482621847749186,3.7282423408474665,3.2283778268364896,3.9264049311458264,5.219251274706146
-3.7256310289453065,-1.6114722833080137,-6.14604415372356,-5.044051349935494,-6.081193909735443,-3.83840548701768,7.027421308454821,6.750065210230838,5.481314018708842,4.868043568801521,3.579956801068824,6.141280895218656,4.841937399274722,6.666130890232013,7.687850695156595,7.597552463042356,5.153929289603679,4.8882021649089245,5.323843859600489,5.704344115478762,7.721340584678513,9.819861771527902,9.177070920726345,7.616331357433243,6.243958325568889,5.08577957536534,5.137686857138802,5.705009274646984,5.4431631091030335,3.2686250212465553,1.886851665215656,2.3102679681826035,2.092589657032656,5.3229123611600215
-4.7525309528389,-2.7482018162288315,-6.236610451821972,-6.301346940117082,-5.9890952854689,3.1241175530755925,7.020861714876625,4.297728671935656,3.617328181183234,3.0279602884834604,4.507608230675794,5.2390118685687455,8.842880654650587,7.416915724267891,6.055428315179889,6.526149635949968,4.312148412688394,6.167050871346385,6.508449074117193,5.973939479646032,9.584605896601783,9.901480135379368,8.641354152549951,6.792910024527964,5.6623158597392935,5.806151986700998,5.123793423158465,4.1959465154622535,2.6747601774062555,2.0649258752533313,2.144423489740747,1.7234853134756623,3.1362910697121196,6.400040728380764
-3.796404167125177,-5.328540205621936,-6.470924275328686,-5.889179519712241,-1.4081971002168194,4.7459907457558455,4.66756360959589,2.792939776816204,6.119724346842411,4.923401847195982,3.234501189193474,7.589400862231143,9.074214217534562,8.959954906912404,5.0868019843477255,4.573519853675033,6.236949332435308,6.372888900468506,5.5170894371702515,6.569981782412875,9.755404630760685,9.125488945818546,7.973692312126075,7.014951493740628,5.683274554114564,4.789381647242833,5.0743211641096115,3.7859943199805293,3.174945346806609,1.9980435132477532,0.990298410145114,1.1913703397193334,6.29166657085407,6.845567212317668
-3.8983202576279816,-7.736542166241288,-6.662427964569562,-5.942423524075458,3.6715650839268,4.510750926875904,6.157057879547624,7.959638659125872,4.516975912414942,2.970213327224376,4.860430080426706,8.29424446060233,6.805448343334653,7.049525603220803,4.830516187859281,5.658366764107153,5.4308995022309885,5.212068135224656,6.431461650394338,10.452119398825447,9.575655810223257,8.16475086809592,6.72628641586295,5.742833576993768,5.844132454080231,5.594101942052887,5.26739048905615,3.155523385216397,2.9849976909518485,2.7622671497821547,3.076249738961413,3.8827302439011433,7.002952306988022,6.3415056559619805
-5.131854767652861,-6.990711496710002,-6.876485615885845,-1.1060842299558065,4.833206752729266,4.213116469817219,4.269930378683452,6.469396342884751,1.3799490878536398,2.23050219543769,6.001357676569718,6.641181373911056,6.550448986733049,6.180360380630811,5.526515377733975,2.760263510401821,4.626763212263951,7.128732452702602,9.233514594774988,9.098986400604712,8.512051565070124,8.074326448523903,6.608821120545526,5.370639012913083,5.315805243081639,6.520455806855082,7.196078010113961,3.3092546672781826,2.954317234616948,3.7593605207168865,3.4555923469060317,5.2150670305855655,6.579490150873509,6.985456646272293
-7.326029364120819,-5.976681927765925,-5.66668743182602,4.259047863702952,5.042120133520277,3.636012838950135,3.545005940375274,1.8020004139583188,-0.3382307083932411,2.341272748021396,5.786129131455119,5.030695030703444,6.298318584665824,6.593454365702958,2.9683859240828663,3.274685354364027,6.654702737055966,8.73725622004244,8.478146289196554,8.424559726494044,8.985001811780648,7.66242338465292,7.054014395869089,5.660877912761032,5.483579476221861,4.924141815368777,2.240805171017117,3.685482027486446,4.911752861973186,5.654136627497451,6.430250850293088,6.595569968785131,6.604950390522227,7.350872779358312
-5.976310519796862,-6.330359924123308,-0.275662018885607,4.462962867217357,4.006411184863784,3.2922339085731673,4.3770446074752805,2.208946049746446,2.4233422348414955,4.6060181894881715,5.496575452153465,3.8685239487605765,5.874374480634407,6.763992383175714,6.595463246908538,4.283739335896969,6.464823143643412,6.8655816542542105,8.084649967231867,8.253324380578816,8.234589308179691,8.38729173236143,6.67754642649059,6.013055049311329,5.412964065232482,3.5842504200386447,3.2630001264551365,3.704983668580877,3.975812018610762,4.482135211880149,4.242853349652565,4.88166500354042,5.461390503466113,6.306991494675207
-6.481827865263524,-5.753283636507581,2.35096035223634,2.9625389204972907,4.370587423449295,4.005927665977665,4.579078805195736,3.216509652354247,1.7146113256911726,4.558983467398155,5.116386084996615,3.5236689028579726,9.274809165730028,7.192683276817228,4.577366858074301,5.878139450541138,7.120371988155496,7.050668449663448,7.07719625050752,8.495243743929635,7.4017151255875975,6.749952870118723,6.813685250619641,6.029227225452015,5.1193848244493925,3.1215152901624217,2.625019705697603,2.338743537484971,3.130013952305445,3.209211913442189,3.4139257755335817,4.198377068883686,5.992977901617732,5.325920316651898
-6.080054415193153,-3.7712202019744003,4.381292411405405,3.212123624945961,2.9357976498509286,4.006001947196079,4.39152091432804,2.2230264250063017,3.7263803356285363,4.720474267360915,5.39782187524048,6.477965322439058,8.212845022801867,6.173874882735385,6.845493871022015,4.21539040733201,6.808784958569024,5.740056189975292,5.319206288779354,6.056193441039533,5.436959343020983,5.640628962511269,6.219530213559932,5.812264745904859,5.588106293396592,3.1454138367684745,2.970369087030666,2.1254268108580145,1.0944566852931337,2.5189101719027693,4.273300215891852,5.3169461139563845,4.4041414980662905,4.768067304677261
-6.7206478976197035,-1.1073324861922564,3.0485915353599213,1.600359737472129,2.9077393007944443,3.4392578098177284,5.437649447354598,2.871593046534153,3.6201257331641505,4.076010244377489,6.1467016334718565,5.344945766869259,5.697472381538255,5.315195273019759,7.3222923878050565,4.12458250915299,5.947289688845156,6.360701038767702,4.073968924401287,5.274038870265017,6.084388377645108,6.344225871981629,5.3695936475078225,4.63997954642125,4.149346011875029,2.433369422132025,0.9501997142133894,2.32207279610708,0.9960135949222366,2.9665662467913774,4.3190476735495205,4.11848891317461,5.5327528738605904,3.8421792209992063
