script/wind10m.json
{"header": {"parameterCategory": 2, "parameterNumber": 2, "lo1": 6.000027932988019, "la1": 58.9999434238085, "dx": 0.5, "dy": 0.25, "nx": 22, "ny": 24, "refTime": "2024-06-16T23:00:00.000Z"}, "data":
[rows 0 to 23 of 24, columns 0 to 21 of 22]
-2.166701328367754,-8.698504727437998,-7.875589935290053,-0.10183989437059544,-1.7665112167389787,-1.0162881425107777,-1.726732439905973,-2.195204949588578,-5.422473558084513,-6.088948241134215,-2.8019584569883036,-2.439380720307279,-2.315899336956159,-2.0703236059103847,-4.993418084629362,-5.472607759825852,-2.6682774046784346,-1.5264489677241662,-1.171787716408013,-1.0800470323428395,-0.4931278761627478,-1.6709134084793642
-3.1658177504466307,-5.258473421895318,-4.57698301666719,-1.2478877075144614,-2.221970632684831,-0.8503719014197488,-1.653403893817017,-6.6015473249411105,-9.628142946200807,-5.882915346589469,-4.7275191652905955,-1.8444775708096057,-0.5415161009669477,-2.968676064266374,-5.631444126230001,-6.593273839300761,-2.3321884172078122,-2.245104598335962,-2.29978543311492,-0.9470507096838434,-1.1034573658264017,-1.3293733703095607
-2.5563303008434026,-1.45153385757792,-2.5673742101288286,-2.163355038717193,-1.4565020778112228,-2.9162282244198274,-5.024688277905397,-8.151983441776789,-8.60847597681438,-5.662004447196979,-4.3798639506940855,-2.0286255692220196,-1.1569771519552485,-3.372958005700191,-2.6481808308621493,-1.9628696270667625,-2.31873816977191,-5.898187849361034,-2.6254478837375252,-2.2508122509700828,-1.4054314490425572,-1.7063448656455833
-6.633999742144753,-3.212398858043887,-1.3671550331106048,-2.3741070392909,0.965192471710164,-8.791376032983798,-5.151965275189479,-6.574696460116735,-7.863706705477776,-6.702541904996124,-5.888704053884667,-2.5032159222637826,-1.6502364346468716,-0.38069257991089184,-2.313829045160406,-2.1753723089089965,-1.6711491974993031,-4.812700699223966,-1.3470488817923683,-1.006727263440055,-1.0147955631620995,-0.9234998490433094
-7.117489413216673,-7.308290511844055,-2.09304639121976,-1.699032353197873,-5.247444393395255,1.8456932555323922,-5.254143637434565,-5.02416655928651,-6.26340394305541,-6.321249219155229,-5.777757671668999,-3.4363916868168563,-1.121882795623856,-0.9220282675856707,-1.4472664581140289,-2.111324425423031,-1.2404493203940663,-2.0244919911548753,-0.7249423503418619,-1.2529375468152386,-0.11980682685069687,-0.8994146559673987
-7.354461661003756,-6.109053566611557,-4.635927583394256,-5.819002202299801,-3.842178079594141,-0.5467839705445434,-1.0657037322878675,-3.838444181961167,-3.6045971688403,-5.369774494933177,-6.7257758514006785,-5.038035001660577,-1.9454177843022864,-1.7207644591185076,-2.0803988248061733,-2.370514312129348,-1.8040326146717192,-1.592436559480902,-0.7892948213557383,-0.6290795943767329,-0.9085919476842076,-0.3449002341399706
-5.243028597794399,-3.975612880613387,-2.782116524516752,-2.847314081480261,-2.742870395717901,-1.2045894914957682,-1.4617992260649688,-3.497499741800891,-1.3171077427752573,-3.64172269088298,-4.245949320834931,-1.5968334402330011,-2.212095912677666,-2.013854511493518,-1.555369040732546,-2.332069141487902,-1.6017377850096854,-2.0565029020916317,-1.4492095927722093,-0.8291238092344753,-0.7594129930051319,-0.29435158447703236
-4.00906903311264,-4.6380814559588615,-2.711852777857378,-3.9842670171801298,-2.8737403909583343,-0.28942095320231265,-0.25779226272531924,-2.928019453709774,-1.611686144412056,-0.68568824735855,-0.9032123580513298,-4.509522606749317,-5.423306669143258,-2.0863531354614233,-2.625830838443239,-1.8712452986658725,-1.5114012891952011,-1.8306839436290692,-1.3247662874080939,-0.839560077407108,-0.9080741106036105,-0.4485585728900231
-0.6640098168543288,-1.7319023192079024,-1.6355162996673533,-1.1781501559210161,-0.517520383932048,-0.32807073490214267,-0.0027872640275292252,-1.101413446593439,-0.7533634265008244,-1.9911657016974782,-1.0125273753891468,-4.007673342307417,-5.285736333410541,-1.9044956737197465,-1.7329166445820647,-1.1224079841397145,-1.792914766344367,-1.856464479655197,-2.1248572505028793,-1.2719344202649951,-0.9332938757633005,-0.30673078207523213
-0.6439356280230686,-1.3991201897069263,-1.0332884561723525,0.5991961106730522,-1.319347666492765,-0.7875122117203653,-0.34950012907112393,-0.8984671260976136,-0.6542086570556072,-1.5575323193104806,-1.1997230922389566,-0.5103091111657158,-2.7858619690823105,-5.5106033870455535,-1.7651590744478998,-0.5220516305338836,-2.1616134585349096,-1.9525069465253868,-2.449990812373295,-1.750069255013829,-1.130538475908206,-1.084977440429962
3.294315278283903,3.4459525713648556,-0.7393980498069247,0.11172997779441712,-1.2427671092492532,-0.9646216256014474,-0.22525425937153487,-0.5681857956037624,-0.723131568660105,-0.6007351598224475,-0.3344730751637951,-0.06630985582096191,-2.201641662369823,-3.0492780691857604,-2.424517814934823,-1.5910505162917503,-2.209555808309388,-1.802980116929973,-2.329157600562306,-1.5287093250247568,-0.7908339239201161,-1.9660993981939212
3.9438480056799183,3.7187094954070634,3.3453703010918376,2.8572097953530817,-1.3703108368167616,-1.2404445996478424,-1.1452484000448853,-0.5977969388011922,-0.09023769396202415,0.025462612986303392,-2.1434036844394657,-0.06643366435038064,-0.7710894230886075,-2.2641865840817577,-1.2207398257055377,-2.0241192090901285,-1.6133240755706788,-1.7061015011656069,-1.4751957629583148,-2.729885830179696,-1.5535702355422225,-4.207440335956818
3.3645952109815447,3.4349484167067987,4.088224521105205,2.342370910750004,2.09906160296421,-1.3312287082494751,-0.9459302676086329,-0.6256665943935361,-0.5800975331025061,-0.5348267025659236,-1.441178413524606,-0.4176225219852668,-0.9539118223252503,-1.563914533357333,-1.0475236596657442,-0.48655593980743495,-1.1397620023717807,-4.144742912013787,-5.278249426206859,-6.258030697040228,-5.434477617051102,-5.40143708158576
3.247220310352844,3.2803621508373175,3.709603758176858,2.0042429385850964,2.0579824160348736,-1.1879979009197972,-1.4292871090523862,-0.9759418570473468,-0.6189329319940321,-1.7553073381334783,-0.5886419830886799,-0.05019876449908496,-1.3752016983931268,-0.6511174045470449,-1.1612469341427754,-1.3706521358577248,0.8167985179258939,-0.3585158877320045,-5.242063169965625,-5.083637440298156,-7.147112320698547,-6.11246357325091
3.063437869787296,2.512002459187646,3.2887332167188674,2.717364029246009,3.3601170804297933,-0.17656984145447133,-1.6896174933149797,-0.9121978683854215,-1.071705815801899,-1.6606976197529608,-1.5840095720236695,-0.9076993686540357,-0.845599488044516,-1.0181880505359502,-1.2513530459209539,-0.9336474151118919,-1.0825145965162883,1.3184758129846215,-3.4706677367280614,0.4019608889875083,-6.999507270111936,-6.148324058555302
2.375058578279007,2.387464494143513,2.958413228705141,3.3777335529726464,3.290217709163924,1.11858554698577,-0.8229264932328235,-1.211703435796319,-1.5754435581802,-1.0496555532872167,-1.6717859988786226,-1.1007638259119854,-1.3214023466287366,0.37151740344549866,0.25032491100945586,2.7558514434989245,-2.397835399956906,1.9531724135480955,-5.2254795097506,-4.018983153780201,-4.073188052332241,-6.601164177488451
1.6707144901082236,1.698374168237348,2.117316426867828,2.359836697299109,2.7479359367148923,3.6097758624035445,-1.0212057008316966,-1.08620334448498,-0.2743929370781037,-1.5952931360900706,-0.864931425090643,-1.3939371412713533,-2.0020029148681826,0.9961187410189005,1.0764767222983809,-3.486408271828746,-2.63633325289309,1.5125482480209116,-3.130305639716178,-3.027365515126169,-4.459647793042258,-4.806552026465789
1.614992761417588,1.2111103233839033,1.7913554589460903,1.7288736928239832,1.5474248688413101,1.2280212180173178,-0.2725276278593834,-0.5231977925164979,-0.3103302175455535,-2.923310478895783,-0.8808767876887288,-0.891906932546827,-3.0337643523264406,-0.35002372023656597,0.4288299951070677,-3.2737280613811817,-1.7182358815372498,1.8249939175318006,-5.21413971637726,-1.7635402259450164,-4.318476157365216,-3.824313730874888
0.8688077662372821,1.8576422099393715,2.496685895161236,0.5915481837676104,0.6758106070469123,1.2752062230941525,-0.6242482487837617,-0.8221438594197377,-0.25801814146284924,-1.784131785874342,0.7362413232050382,-3.953734940038276,-3.6802273734788766,-1.078039009903145,-1.582778394355687,-1.6163781020645687,-1.0494295782982526,1.052503679295261,-1.2958817005619403,-2.2463190229715884,-2.3900761146951446,-1.7986206107774065
0.6914450193318662,2.2358515511116557,2.263905894284756,1.0736045053046852,2.0652008076227237,1.2425480072860777,-0.37012765652301927,-1.439175988122915,0.588716483358102,-1.6020628265273877,-0.840817831867766,-2.94139073926832,-2.505310981360781,-0.9653647352777881,-1.5579127200823248,-1.283206727349676,-1.5639842018823942,-1.8532011721176453,-3.2828906266424043,-2.0635801306310415,-1.1798561502031701,-1.2566952476167825
1.2792975709494268,2.49588978336126,1.8220592813716867,1.0417798794488846,1.6270665873826624,2.6247237905670353,-0.10106980895253781,-1.3550795836892489,-1.3075747232234756,-1.5698321561828423,-0.24962230591945486,-1.4895518575331115,-1.693491504086294,-1.5966714354513065,-1.7139718135316298,-0.747129824547725,0.5857805046191545,2.2086496361895005,-1.5640429559333746,-1.6846753482791506,-1.6146306673093682,-1.344713617613285
1.4742978719228412,0.3600024611052497,1.0911472719955906,0.1653172855805455,0.5876974306397847,-0.0004388335697570438,-0.41470731230591296,-1.4735376325972926,1.1222983910335835,0.2544996832392776,0.6165933976921792,0.6579601424034265,0.3251573502480145,1.3670716654073771,-1.2126906207427572,-1.1786699484860008,1.741633912734259,-3.990367901774189,-1.7694260701451348,-2.239814298961498,-0.9218862719176839,-1.4739315743366512
-0.07020438984874497,-0.3452271702883626,-0.08447282871512626,-0.4500840920784556,0.29508905307064853,0.06162618700827614,0.21507756795375257,0.13772353826944939,0.5634115159422213,-0.2935091665359684,0.928618785455999,-0.5401569597884043,0.3226456420734276,2.3417771730807053,-0.6171144990511724,-1.4199508496882878,3.244198404574,-1.337995115658723,-2.8061468223409243,-1.7656648250544253,-1.457169253429828,-1.3968131639893842
-0.13228105207650118,-0.16152889327678113,-0.2827636159089882,-0.6521241578534407,-0.11254123993932909,0.38988033338959105,-0.22571367735561088,-0.13669857220920442,0.23393656775985447,0.7963714035322714,0.002358636713274819,-0.966302859290673,-0.47777002650225575,0.5719412669007486,-0.9725363200750643,-1.1914602562796177,2.5985528901847346,-2.1469763953064445,-3.0925259254709023,-2.081405327718429,-1.4183845955560876,-2.2526052998321977
