script/wind350m.json
{"header": {"parameterCategory": 2, "parameterNumber": 3, "lo1": 3.000054539987559, "la1": 64.9999836372058, "dx": 0.5, "dy": 0.25, "nx": 34, "ny": 52, "refTime": "2025-12-07T21:00:00.000Z"}, "data":
[rows 25 to 49 of 52, columns 0 to 33 of 34]
10.083306785363495,10.849224240510408,10.827132490525889,9.93618681089522,9.958774224072359,8.694084958787018,11.064326040860838,4.679722691850177,7.8600042520917235,-0.9334541731394415,-0.3466531229774357,-4.413405230572122,-4.307146737849742,0.7274627083161075,6.727628388496914,7.1079287752252025,8.539273544269573,7.281933966497294,8.189590306570798,5.429400331230489,8.134149047476543,7.783633833388923,9.681254905338518,5.913351587241922,4.077345844292582,7.0673808428778475,7.828357815416399,8.978287450200382,8.410372643954572,7.38463556606863,7.428892094998526,6.439770563440224,6.744840767051756,7.756092144258176
11.671560638564648,10.635032633046244,10.98214895977999,11.113527513269554,10.127531434551972,9.330497660830133,5.524972328320747,5.038726716676565,0.591479439435949,-1.0816705864083878,-3.6823898104726944,-4.980458771850169,-1.0224089600410975,7.257120634309621,10.501598139559212,9.725917169404148,10.533391018769233,8.575611604148982,8.922585075488657,8.334991698356353,8.976458409468346,8.973737773304576,9.978689177144282,8.257102387341364,6.119182035299702,8.2405706510656,8.6690147754098,9.840068862952487,9.51759562138981,8.452272071136676,7.674680238591965,6.696658918840913,7.6980964377355985,8.33571549896736
11.78961604526055,12.05418163094316,11.245301154815367,12.259510960460657,8.508693382575721,6.657614214235066,7.082724121523461,4.350174019418327,0.9424513363264673,-2.0489316021600317,-1.35726420866803,-0.4136595216479573,7.369868155213723,8.977742807745713,10.921269407128735,12.649115014167107,11.69092117262542,8.592128382362064,9.497535315131406,10.211089710793651,10.890755993919843,10.611541708455796,9.107805397361721,8.631004507093056,8.769829510490739,8.72471164495123,8.76749388442819,9.547225922232567,8.541301074114363,8.08898454968213,4.252085368000821,5.982785496378052,6.752952930749398,7.937922055376947
11.948145352299072,12.179771160094004,12.419512596447936,11.633018317715655,9.17049866097909,8.021893746442986,6.712785641832687,5.211039589135872,2.9804257657313524,1.5144951045263038,0.4926357275718527,8.273853664444907,10.022875175208648,8.815369115642074,7.976294527701337,11.78806241254901,12.008604236117371,10.225557775777643,10.743710986821451,10.656944593163816,9.742210385403471,10.258135295367216,9.506922833052675,9.917896660395082,10.753965686518432,9.428133500368094,9.462287813474118,8.806059301871054,9.070774012564106,8.12338781687201,6.863963696947439,5.835670798003109,5.600353047809704,6.691087115678476
12.171650423335423,12.886620131366914,12.868340597669471,11.99599518415488,10.465383617138144,10.172071824757916,9.995600794020072,5.324099295258362,6.799260150003939,6.699262021334086,7.074575844377452,8.496956379255936,10.497557454235439,8.812161795744284,7.501072291712488,9.679990681073335,11.412398292010263,12.975446234808144,8.894604127092173,10.028367782743782,8.367549285265538,8.729552858174426,11.102879890144361,10.159986718961052,11.131681699257339,9.348860251960748,9.534467379808259,9.198407819467361,8.468578492278818,9.327416557425623,9.466531130386608,7.264892158862688,6.23455091366699,4.0601025597574845
11.595050943411124,12.86973011760596,13.510848518611141,13.669567473007541,13.343001075655094,10.975069342018095,10.60095319237946,10.359373616033512,10.190066940846545,9.489373472586294,10.51276181427438,9.763493734524154,10.198401421496147,10.919532227268128,9.25733270865344,9.264226210806717,8.733596064971055,12.232183040016878,10.46546116184593,8.62368893453299,9.561975572790148,8.5876105650644,10.248756978264781,10.972421093536692,10.288351022935004,9.743827283237858,9.987602393206501,9.29016976929398,9.01160747244518,8.348094138223992,8.223055740653022,7.415358008951072,6.7102282432589995,6.625143944977731
12.650764969023049,13.039986121797696,13.48333075046113,14.10038552303036,13.901841330783943,13.82441516457106,14.37726927913151,11.843513729446467,11.761333519516837,13.13441951003598,12.52229900378643,10.517756174470197,9.77739277771483,10.912627583375603,10.871348696553426,10.744592002959536,8.232821406971372,9.783719371317183,11.46756142041204,10.641042144667315,10.240541486583853,9.049523485658497,9.477303593669827,11.251597227490317,11.313102264258632,10.243811649986265,8.864470554350014,9.066310990319824,8.474156631245936,8.01178494117868,7.282587405154901,5.7593465349943385,5.996282509636207,7.464563406722846
14.10369050987119,14.253693679140651,14.703324341229171,14.04365715285263,13.981666322547447,13.23069304036867,13.203160893114468,14.297228549261236,12.933907114453183,14.084528670001884,12.773242982204753,11.845055757734587,11.704739216775582,10.638913473202539,12.098767027751968,8.168699223739354,8.309066318993576,7.773427459991169,8.77055133137144,10.870949836362898,10.365933337796275,10.034421193637174,8.51442857087966,8.599821379133896,10.985583685773275,10.608063023056026,8.789298704561658,9.466720348881823,8.7868542864079,7.128481576001159,6.894360012099962,6.298979657475405,6.3729465564508505,8.269704045083227
13.57713079537838,14.871711932744962,15.192605241823669,15.313808885046392,14.691303069617723,14.753573402169982,14.384503695623433,14.126311438888704,14.344493587594567,14.61690243711983,12.943954681392016,11.45446670577096,10.261841989438446,10.962682438947347,9.739288106044881,9.3863062159262,8.931079564942328,7.781249882768558,7.996877442976614,8.915917405451172,9.615324036601388,10.07408907555093,8.022857808199236,9.643548994403831,9.092172639781134,9.373980924016665,9.1950164640167,9.241624636838115,9.12086172488137,7.452725553647287,7.517934370781285,6.4809111881595305,7.151202882674562,7.521375899019017
15.358642476483023,14.310219688652113,15.851538217728155,16.16327814582341,15.293822527743336,14.472888956927818,14.948465528590363,14.807831207984837,15.068598412746766,15.576320248348436,14.168550012251096,10.5991634139917,10.161302879261704,9.954285805449157,11.386337107221967,9.892771270122587,8.644014791616039,8.766985161340699,7.680441682236163,7.019752328466625,9.029817174100288,8.281498808614758,8.733035410279888,8.302095100537608,7.769339391348539,7.952978105852456,7.905905253108981,7.965813751044168,7.749258024326978,7.698470141246856,7.1935881780090964,6.150152460424528,6.559810520737571,8.003284045121028
15.641153274478352,16.231230174214488,15.803062875907612,15.742275630118579,15.434862531884043,15.561721215007434,14.864010541369561,15.047175275867458,15.354678142314167,15.954897265083705,14.993252046762356,12.196513941208547,10.446595383428416,8.941860034166837,10.684505110672417,10.644387480767445,8.019884977700942,8.710524534190865,8.319071131214118,6.506796952018854,6.209495336290845,7.654855782311613,6.877513814835894,7.351325586060647,6.932410448032291,5.94148214869972,7.345454457241539,7.582375832874816,7.909891006201514,7.124592828501282,6.9989082414697705,6.543543955798414,6.724004561392993,7.179984238158227
18.25961822650199,17.97671167753332,17.40898588985304,17.16079691741778,15.293743740879531,15.734722156716787,15.567975723922952,15.147482902468628,15.20566879977938,16.54397405683283,15.017599897405791,12.959769718070245,12.865430787335583,9.880340570341868,11.158768709369802,9.82945411914984,8.377549951258795,7.585913939943652,7.977336509821324,6.762584447680804,6.347438159027619,6.540618216822654,6.216488228969007,5.910029756140117,7.552871385415961,6.551075968341092,8.149619220615296,8.171639172130833,8.259518786315203,7.072314663115954,4.736400867457493,5.847165943953016,5.489331805460582,7.9937809821815335
21.936489457675506,19.601613349904675,18.797459843598677,17.517837095634178,17.141696685760948,16.51067443667674,15.733391275087056,15.466310026351326,15.619376834001903,17.30582815094069,16.88648842447197,14.112784434963158,12.723563740397228,12.404295944398713,10.178420637720876,10.527607659272993,10.48641097494686,9.387896182680937,7.941530664458573,6.507392043305655,6.730497915174599,6.146311477299751,6.558853234182045,5.833998641428967,6.258674951523075,7.164750096850357,8.49915682590638,7.411828297834351,7.554114256741594,7.140582374919035,5.052418599257428,5.1973546088195075,6.65524268569146,7.130615179831011
23.024214587369325,22.405538483169096,20.20930596351275,18.32086385584866,17.512478266099677,17.10560260004873,16.252987961333133,15.717836218528715,15.531721659408165,15.435575441916303,16.620678495736204,15.34505085992214,14.418533468441012,12.402105971378369,12.091193199217585,10.010599628749196,10.75660223708902,8.354764776442217,8.101111779228331,5.792592731016091,5.487767743648461,5.779601176536689,5.516185491394924,5.897050330910179,6.06120324669802,6.434270553129181,6.954952790370092,5.654823262450262,6.55103356062304,6.0677888879491935,6.237826694873707,6.657782693546197,6.003519951904156,9.84484601941437
20.806223696679858,22.71515391163105,21.52064247247353,19.90918942101163,18.817878007604794,18.120754991441256,17.40689229431474,16.75104709527224,16.485593200953392,17.695164509959717,16.04510777898517,15.127561666505787,14.108122985783641,15.256394215998041,14.86356509604968,12.554374634153797,11.09512759653758,9.835330541551722,7.836975417910689,7.660703591581674,6.548005166317776,5.796088239581723,5.989067941945899,5.978990652083112,5.725548286421144,6.931987396333368,6.822774673243882,7.876425984400598,5.663541742469763,5.675796086960151,5.959526122251713,6.261876184271852,6.083173159227885,10.927117940359619
18.222649586655294,20.374283892033166,21.55243278394305,21.083065351037064,20.127832093360265,19.965911338115294,18.993821748605598,18.25590276585391,18.697875653017228,17.077585487738858,17.497308911323405,16.58511069845446,15.288126958782824,13.742612564544075,11.375871933033716,11.092433486054093,10.990144822410844,11.290541100470836,10.876222604575945,10.213713149382228,8.590463500290388,7.235280059550403,6.8864340957844234,7.309461777915432,5.1644379225301105,7.897722571717622,5.546089541863939,5.964065020601093,5.575549721567289,4.876155263607442,4.149276062196539,7.129502418904055,7.6994763772388195,10.705323639634301
16.37715375667966,17.15230130347496,19.564535621606353,20.80283144069953,20.869525941312986,20.187099673282198,20.101703487620316,19.469823126513194,20.073697884784032,17.72022349549832,16.97423027224746,15.498707818266318,15.726989343101025,13.863942741302719,13.994525681141932,10.960925160265424,9.711893238531507,10.519659391265927,10.395514711656526,10.65752478032791,8.670484372750758,7.814900606342885,7.656602878161086,7.063940630488366,7.836818458730104,6.658916497511888,7.625949470718232,6.047732906461247,7.008319260585954,5.27525517695445,6.324495345634695,9.391072638050632,11.096064101373173,10.344164163185757
14.911062601661717,15.428389944371938,16.4815850810397,19.474140760400847,20.592163023377537,20.28583736030993,20.790342525843243,20.66570417923124,20.221326289252534,19.17768866381852,18.982741428777008,17.004141806031747,15.267728469305904,14.13236134448667,14.017840862346574,14.059693991749064,10.165317668032014,9.151887298258139,8.63603155236976,9.342617363551904,9.279953557407586,9.630200070782161,7.918905657336462,7.672195494963201,8.306900145215051,7.599809489887266,8.28712275332417,7.296679935934933,7.064496396409758,6.876211735101099,6.438626197031629,9.611158636043038,11.645436921046047,10.796417227517248
13.149734678528663,14.62429455517535,13.618856077810635,16.512837764182407,19.999955275159074,20.44342932198376,21.188501907065987,20.774483918025567,20.78422234796492,19.407432926419418,18.942523488247573,17.539005735362306,16.861218932325794,15.587581502763733,13.69239005060452,13.255805076971907,12.052275886279219,8.519165580265017,9.416690789137373,8.90208675953024,8.500246850874163,8.905393158830309,7.708427120633782,6.9590835568479985,6.982150946418925,7.860258609872404,8.643750697835982,7.889547168382246,7.810053969897162,5.653637756944213,8.316147937093803,9.302844096225598,10.094679404304001,8.910491438953626
12.192204575094394,12.874090235681468,12.7693365659364,12.99840745722017,18.43136753415893,20.420375794504107,20.929071813049692,21.19417335409307,20.639563577619533,19.157433336777842,18.730996794215724,17.28722030051172,16.308371806196256,14.03204953075783,14.38138408457818,13.654488782795404,12.573815417457276,12.406601591225895,11.009315089890192,8.998562141681663,8.396128871732138,8.789223877679351,7.68266145992876,7.813276742066841,7.306785204394542,7.284941224002847,7.288937426431823,7.957188100396322,7.400046050405914,5.692085930111174,8.05247566362162,8.490197526342527,10.301455909406618,10.007076877530105
10.257632630575287,11.453696322063422,10.406528458787125,11.142805380436233,14.41461054381239,19.739623769316747,19.69123468355008,20.332700739782766,20.168047564842972,18.384955087515618,18.68654820467946,17.68072507565547,16.979715239630448,15.795779579368132,14.074706077689251,14.071786475273933,12.878039459379968,12.06021810567779,13.55081119984799,10.23403075381141,9.888930993926197,8.178699338286897,9.10480946180088,7.39204080101229,7.8489408223609916,8.11399712587734,9.11892309257758,8.935047200888064,8.171955031911708,7.001482550908083,6.337423825272043,8.626349955922135,8.707229907524967,9.894213940596446
9.103930909131071,10.566343381533454,9.051432877628999,10.053048440636644,13.242563748634693,17.872285783605914,17.936458410742087,18.291411143920847,19.405451668326506,17.323868218549432,17.246935410383475,17.473676766518096,15.927767632823555,16.34906777832653,16.085629914480656,14.641506261683148,12.355907564442617,12.127056597080948,12.228969328684999,11.536209711105432,11.05479939695143,9.139857957844114,8.997292553821145,9.075485547051844,7.544567338558156,8.453937868230824,7.448921313779839,6.7972941060362295,7.558280196650691,7.375640270132863,5.522355716267346,6.76236200751017,8.597869146496237,9.665474051918427
6.880606052742824,9.353770426756451,8.671482153681714,10.946025736655436,11.550813027306935,14.43162629133729,16.12116638318457,16.574311470525327,17.34531019647417,17.122814693113515,17.660927717008814,17.093343112302406,16.793437174346824,16.704389528866884,16.230225883490505,16.230625114060075,12.10990072012555,10.258894120897311,10.626041417890002,10.746927795076157,9.759900477376524,7.6174500255048505,8.626837477022544,8.05554297871862,7.907845228749012,7.530244594413416,6.23020056486835,6.523773575133859,6.944244451674813,5.2278231122339704,5.573983179591378,5.771785436220532,7.30329925352277,7.679189986801114
6.271031319618182,7.826240593879781,8.793118793914672,10.879889853613717,12.02299786896739,11.858072052882024,14.87276019686897,15.67392007904698,16.734510391070955,16.669464575031967,18.01552701688502,17.654400166868616,16.649824033570297,16.992399089972064,16.717169970721596,14.403259999760145,11.560644205296425,9.172439865514136,11.215801847019462,9.381108575011154,10.023341316420462,8.253064806168847,7.495816199142755,7.653037337966883,6.550861162174833,5.900288012204345,5.07861275866527,5.232559003730675,7.0037547960249915,6.816195459281248,6.232372158786073,4.260842982632739,6.610353182625151,6.580245171308733
5.50846057840249,8.356716357430143,10.317355032400108,10.991301352078516,10.821559457230459,11.244790416492602,13.261564084778218,14.975788888495948,15.838689496319878,16.027843352431766,16.95245426103956,17.060648735255302,16.603410788178877,14.934573836870799,15.858013358590961,13.635515071590879,11.074355202226227,10.406958494878683,10.842735840948505,9.023875241902495,10.10714644034479,10.013427859869923,7.573172427533624,6.684025369059559,6.086141648296124,4.541313248816084,4.643562782634642,5.743207281056713,6.387884786554309,6.305829023708666,4.95670035805295,5.013613522221463,5.1111180097358595,5.46659016619988
