script/wind50m.json
{"header": {"parameterCategory": 2, "parameterNumber": 3, "lo1": 6.000198445256149, "la1": 58.999992894266676, "dx": 0.5, "dy": 0.25, "nx": 22, "ny": 24, "refTime": "2024-02-04T10:00:00.000Z"}, "data":
[rows 0 to 23 of 24, columns 0 to 21 of 22]
0.5237871589337807,-0.09891105110943957,0.8454308271100386,0.9754718981534873,0.73442639264306,0.14120915043027144,4.741266896691241,2.9495240138289156,-1.5927114715315382,0.8221321056130529,0.2540806020791391,-0.8423603180600112,0.15345781135251207,-1.955588703022556,2.167961903261356,-0.734415606074354,-1.222825034270428,-2.567628580056765,0.5712644082311907,-2.19291694496509,1.7828105364154454,0.5226235256986824
0.5423153376179934,0.7355968346009812,0.8996863859925731,0.5999445474505808,0.8915226556374438,3.8469161925258586,-0.254167859374795,0.13514099435016008,2.748370051259819,0.7818222384448976,-2.3958651147770995,1.9414341425797546,1.333260418690336,-0.9078246397447576,1.0057402219348557,-1.671454844842901,-4.145102164396608,0.6252720593467304,0.9151366861684859,1.289138891934609,0.7411920005738393,1.2649109679788582
0.9921784629563033,1.055091645201263,0.9066946600642127,1.1411886246047482,0.6680402354046537,4.2792511278959,0.5880999028763092,2.0658016029212476,-1.6371450619334855,-2.721097126538546,2.0055662393724725,0.32204187970915266,-1.4550597233176537,-0.09325897371571601,2.722580300965751,-1.3302555489642376,-2.6828216450957454,2.1057848506599135,-0.2898503890614035,-1.148810902835034,-0.4834106809974952,0.5697826924518826
1.1978841221368162,0.4251618886209746,0.9114106149092562,0.010754698115868593,4.668437351158715,1.7817867768781817,2.45980900961129,1.9114756816951934,3.5671099508888613,0.8255413129204973,-0.06324181586658725,-2.7907520917083617,-0.1423121086444594,0.983637992319594,-1.4626679320850566,-1.3236559911416956,-0.7136477795475983,0.6027611251647774,-0.6395167273090617,-3.0249624163788758,-1.8715859516658457,1.207063193089729
1.2912969827380343,-1.4692336928619165,0.8817992033860971,0.34303755926501805,0.7254348793050309,2.5591153597297276,0.5411762764397009,0.017892582075883606,-2.113962213562636,-1.9279185485315578,-2.9553609823118863,3.0486812013930416,3.345826736917426,1.909207888210431,-2.2561100260874833,-2.112029137119925,-0.8366710366514258,-0.9897199346925903,-6.577989881601609,1.0334460203127742,0.757009471725867,1.5048687541644015
1.6925098861327446,0.455954176967521,0.8273778870046135,4.469026714149932,1.5650424695150633,0.25499503864553824,0.7928490128015284,2.877832129329426,3.3806919770593167,1.3241765831349899,0.7602836435667724,0.21497804397197096,-0.7713538544962396,-0.1789223401528294,-1.0988667807902808,-0.8919483998679144,1.792669665568005,-3.4169463351647282,0.08335186986280749,1.1430368588753523,0.7676437640970015,2.0219248596206447
0.8691082331708764,1.1234834113923593,0.7786509098935528,0.19345112313968063,0.9297816655325551,4.0914120290310825,4.303767118385033,0.9254432540528131,-2.4060136914280745,-2.051845098210703,1.8396942419404447,-0.1570100794772312,0.18269672527050582,-1.6805730046073255,-1.0872424293419383,-0.3148472559199859,1.8011497678702237,-3.684829182508738,1.4271287554823462,-0.18474711882641448,1.0873627664538958,0.3749577487729655
1.849761965856059,0.1812449506702647,0.8424865191556052,0.3690020139064156,0.9109252703561497,1.6064575608294824,0.34002471337396584,0.008741512231729332,2.980386684729764,0.7774178633798893,2.027436319754401,-1.2097912569458806,-1.5026138498964774,-1.2222188925725435,-1.3022067525538226,-1.6902914686807406,0.21309312057523175,0.30645514932505774,0.39992365189555634,1.408803737721839,-0.9729467994696922,-1.3800459330742612
1.9561032819453412,0.1594371915193652,0.9685638777453381,1.4343362164706668,3.5006138362314996,0.31771675162133645,0.699072210417298,2.507181090568494,-2.433861190465735,3.3864063404644402,0.9808302003956834,2.1477095702693116,3.278162543847912,-0.7388521862519425,-1.9524830145448118,-1.3547186070183055,-0.05805632921357277,-0.219115925594994,-1.7308990188606306,0.17897763232734878,-1.1568917264409972,-0.21323305707984583
1.069221118886518,0.2308868794415329,0.9235000849442005,1.1578706309388385,2.8762756556997675,3.853780483462553,4.678291769723311,1.2932793259618924,2.664151216226997,-0.3823900699411133,-2.3755218410768717,0.23334667055120276,0.18492784566521858,0.5444922235787024,-0.23195968173712048,-2.22675213415687,-0.8447366466840075,1.440987032200076,-1.2945849196787154,0.1295530179424687,0.36974593091700586,-1.273944312369173
0.4933880884638323,0.4135899566066711,0.8228409024282939,1.1171232139131528,0.7045439447411075,3.146188633042835,-0.20455163723806322,0.6861788716741454,-2.421157033593634,0.6995604143687455,2.278568351882753,-1.219296367406332,0.7925904502424312,1.0585939124966435,-0.8257490907996977,-0.6371555227318997,0.8867989384584725,-0.7047435622566061,1.5323751446108687,-2.73818595300223,-0.5611647190149328,0.05817189818471717
1.2400549041451547,0.4968598191312802,0.6396015117155843,1.3358908385632204,0.03497960630570369,3.1753819017619302,0.39916734847464574,0.8401095031992876,2.622293045757491,0.7429506307389554,-0.025497890914920628,2.2286880039824735,-1.5798402502886355,1.901487231734699,-1.4237361721126633,-0.4884718370491802,-2.5955486322123056,-0.9942424801745892,-1.232696874759574,1.7528798419882612,0.41905274024194994,-0.855158396149315
1.5423933086667603,0.12670286704619496,0.6889754998697283,1.1886024337523118,0.7290302648489827,0.27856571681053605,4.548431860121394,-0.9090433057826296,-0.8183266055232584,1.31960502531519,-2.4067965259746957,0.1454026631279215,-1.2787431443027388,-0.10269491978081761,0.8580452962521404,-2.018243628814315,-2.3507795743800886,-3.582173462397248,-0.007975367057166474,0.5377763211853757,-0.3601856623155875,0.5046531614761576
1.029822426419308,0.3814515929518484,0.9947746539433062,0.09327604887537014,0.6070934345905484,2.59937975308876,0.8871893865883318,2.9598141889596272,2.6803373714356558,-2.0119549083753974,2.379056055189247,-0.763077593849471,-0.2401347357676058,-1.3857311462217172,0.6030366022528338,-1.9386682491142722,-1.9352633235170624,-2.334806797815542,-0.67639921408357,-2.756602964913639,1.5319127300599795,0.10382535762987533
1.070923788808286,0.28058363722378366,0.7335427703335905,3.7179724472120195,3.7752521289272996,2.2100577880458956,0.12479298565711759,-0.0032024597019906747,-1.1446394193714005,1.3004826338920414,0.08548184762227472,-1.2669991461284846,-0.09500320209649124,-2.0925082930547165,0.6395826539653884,-0.40577619730856146,-2.8927504750635475,1.845845333608681,1.0789389504419427,0.9152416969884194,0.6627095996125922,0.6579042945550708
2.0005317667652625,0.30942429809564304,0.025123218686737978,0.1779788865938892,0.4034823145476731,3.8528542000551953,2.0801584716785437,2.4434829526766575,2.9682695748058774,-1.8141107117159863,1.4630218296760595,1.9888407173158944,-0.5907864300312915,-0.6351012680123582,0.7402791897551669,-1.315829268812296,-0.6075716560877029,0.6002589758568851,-1.0061195748131904,-0.4135489889877987,-0.33719322684779746,-0.2650011578700038
0.596700246783149,0.32638519080326456,-0.03524845321431886,1.393988418805472,0.2396872849904749,-0.13980370886528284,2.700728184812531,1.2971960281815602,-0.9973039749115455,1.171529457535396,0.42733155623186975,0.3267238227860853,-0.8710385806559365,-1.0140886885056064,2.921609225500088,-2.6682345455947054,2.2467166337362516,0.24929960891850717,0.5911897939840934,-1.0433731602121044,0.9160475418055757,0.9367558135014623
0.8183697506938472,0.44462345314632257,0.47457660479438807,1.1600529443534058,0.9292435215223713,3.1658430739613865,1.492519847889861,0.04871077070972392,2.908971545352329,1.7358135225225264,-0.817497172368912,-0.7950413866602737,-0.7585312803718675,0.3018193619292063,2.327057111520554,-1.7133372401429543,-0.32068972943402985,-1.0145607806022818,-2.383578956676763,0.6446513540978153,-0.1164558481608709,0.6193849087887634
1.5031594831810746,0.5352485699684049,0.13575995591491113,1.004827406815946,3.2589592284731768,2.6987414624819985,2.3588900931960075,0.03743122499501363,-1.2560831532971632,-1.783714319892682,1.1248846448667986,2.529710079347186,1.1457328640134032,2.0620489176065813,-0.14660931289514975,-1.3792786782695605,1.2087566872395714,-3.3585560887298596,1.1917382205492821,-0.8659312656956969,0.6471163504624089,1.9727546921675405
1.1725678486771651,0.384900121051729,0.5508232355206504,0.8904938044935908,2.4558218704178807,0.4125079511753728,-0.2950521211388359,-0.11920888945488403,1.2795833891844144,0.9374402409128346,1.4393694972621929,0.16057852865143846,0.2955024258270421,2.268917134099475,-0.48363013427100693,-2.2675125160356613,-0.332247669688152,-0.35784795499137734,-1.0270285320993504,-1.958429147757237,0.8724719264001062,0.8390382514681072
0.7613206386577898,-0.0071117180102895665,2.476269840936615,0.9182617627706332,0.8673835412536893,0.04724941431210384,0.3010064765081847,2.4799002865829185,-2.3752669778643543,-1.7294759130843496,-0.5776553066039918,0.13240578014392176,-1.054611039254218,-0.4947746729696651,-1.333822819633936,-1.4583157918461658,-0.8017643589626505,0.6574326694604881,-1.9673802079406795,1.3025080186060305,1.4619484313240598,1.1620775377583619
1.1674672006539843,0.02714070715727241,2.098088368802463,-0.11907851152271233,1.4653387867614094,1.8222599278949587,2.6684876096951484,1.2116705292422796,2.845025671000419,0.5984076828221772,0.457887807982648,-2.095675316273148,-0.913944648455906,-0.7150434934816055,-1.1658129428981197,-1.8937271528320005,-2.5282608651393033,1.7065701201571344,-3.238686954594037,-1.9023121629677995,-1.5166282880906974,1.1413018275699611
0.7585240325485919,0.2308452369465113,0.8145468850349493,0.031055379375046526,1.360250816033446,3.617859227969655,2.8248577793313636,0.30858724317148833,-0.9523158805715461,-1.7362939475737351,1.627026410987024,3.007138866748555,-0.1529716747316224,-1.6550055010042384,-1.105379317041901,-2.0690816003359074,-0.9399128716738606,-0.9298317311861518,1.1527103027014107,-5.758439167162311,0.4581067177209865,1.7016108919230826
1.0325925447313877,0.17086655256279953,1.042305410171689,1.108140106470895,5.018096620617792,0.03265447367237706,3.59978766111952,0.5919583672336708,2.693301125103466,1.1144639188959402,4.029555236424995,0.4101730435258774,1.2133474183297448,-1.0424078504698224,-1.0214315937595557,-1.9351176199583602,-2.3234940156324755,-3.0867954226083247,-1.0542259685220068,1.2818262528139215,-2.403552509701952,-0.7718934407850397
