script/wind10m.json
{"header": {"parameterCategory": 2, "parameterNumber": 2, "lo1": 6.000027932988019, "la1": 58.9999434238085, "dx": 0.5, "dy": 0.25, "nx": 22, "ny": 24, "refTime": "2024-09-16T00:00:00.000Z"}, "data":
[rows 0 to 23 of 24, columns 0 to 21 of 22]
-0.7637653376098537,0.6933302811713028,-1.0146210452880644,-0.4370201150088476,-0.4849220582250808,-1.145812575105048,0.009974462374156988,0.751343097012543,0.21241801289968712,0.527354152923727,-1.8661649282217114,-1.2790482202051294,-0.974243576983141,0.1980967136889194,-0.738558013199865,-0.10796946557531216,-1.1047699947881833,-0.7597724952471991,0.6585397484828045,0.22431550988050408,0.15276560207939935,-0.04231224793159192
0.7221574222714545,1.4127646928287079,-0.15250636776882281,0.3465560406256864,-1.2514935108176084,-1.2473936371955638,1.1942592441688096,-0.7383714073025526,0.32837568121379185,0.762524453196071,-2.3016226333707115,0.23519391694319777,-0.7002008087078961,1.1627989593971568,-0.6117498546808335,-0.6927945593092318,-1.4855178707065886,-1.7691852320876342,-1.3568233352395709,0.33197002893808714,-0.7947852845122496,0.6441749850575843
0.0019144250109801046,-0.48793769640772816,0.01724713519131113,0.04301039944229265,-0.7818094083925218,-0.4286375674123689,-0.8008211889905366,0.5191618983174303,0.5170815655014552,0.43071710536266905,-0.3979866032406016,0.3245945248819605,-0.5043014980001895,-0.9354428261437373,-1.3541269027764156,-1.1847147371904507,-1.6323262069858748,0.8939831634444256,-1.3401488653616513,0.16611253683762714,0.3025044685970434,-0.3766560509280782
2.4601613094150427,0.9944813694379435,0.29337002605525564,-0.2455755463529166,-0.4992406514015735,-0.1789443807384122,-0.27569259902443216,0.05096510150676817,0.8935798326600413,0.8217835048014379,0.02148701643607062,-0.6912104328179889,0.3419425056565384,-0.4376913515872258,-1.8013804031716623,-1.8632553971698849,0.021517812139147705,0.7376226815850474,-0.7794906394852291,0.7672045111171254,-0.13973056249207763,1.8147692820767454
0.7885257285516611,3.2639132813307117,1.350527972775032,1.5770083535744288,0.5424427211559014,0.19693077588558647,-1.0430960029713123,-0.5297086663947236,2.171512712456323,0.1069448525523365,0.11772428926073579,-1.3951627017102817,-1.4997723735123567,-0.8414453347147038,-1.4799055258513036,-1.7068213780854966,0.7828552052011477,-0.6192006891555774,0.7382112439736703,0.5816328915744365,1.0184871430828792,0.6060028043307872
1.064376113699834,2.4345741983273257,3.942889570559732,1.5932212434588868,0.5392317308244907,1.1662759950779964,-1.2174101228601886,-0.35978175706562465,2.3947215282278838,1.039960992984198,-0.15308928248002446,-2.345709805713444,-2.3520705485797886,-2.1497813405115287,-2.129903429172,-1.897194171333343,0.7753769578272169,-1.6627419473047529,0.22762224512648466,0.4996239033089759,0.9175796846038184,0.9914570935468243
1.6551532563776636,4.336737920455228,1.200468721507105,0.19895038823317984,1.3332219016754912,1.0843451145699003,-0.7219553463429564,-0.007564983247235196,1.0112836278723345,1.7028254705302037,-0.32537652616685087,-2.045309069229621,-1.8888262836133602,-0.27803876292872076,-0.7764000439193894,-1.809869560717963,0.2686013367215065,-2.0383331389356707,0.6536019669564823,0.4713707449293682,1.297499273409862,1.0959100922403169
1.1798441622209002,1.4364680945752546,3.132353293636833,-1.2281757439413474,0.5140369293280849,0.06303475838761363,-0.510062651745737,-0.18501512392766806,1.0575184712316794,1.8602701108910544,-1.14208967406803,-0.9765778570086583,-2.789572584756295,-0.29698394531487693,-1.0708482861043336,0.10772345365218872,-0.2018166596445766,-0.9562043710879804,-0.9569175341831061,1.2531203046508121,1.1799585886217805,1.80389734858978
2.1121232916512764,1.8015400409431912,-0.8717158370101362,-0.3054821862717539,0.8879442110992266,-0.2517269543013347,1.0790138198049235,0.6875569238392304,0.1877324748690487,3.5994328476790844,1.7459619414472274,-0.08376016968819114,-2.538567485252772,-1.4090596181848687,-1.7161697467301862,-1.9353094054542563,-0.6490948725486722,0.2657277206293955,-1.0856079304327755,0.3654905747259917,0.8639065874636471,1.5993212246969262
1.0458382928551233,3.5367154555371587,1.7599443262784373,0.6806592635991382,2.61224409988743,-0.25824043629041504,1.0044632799567443,-0.25277237262452745,-0.11737222208429456,3.62394546863077,2.1748214405916775,-1.1308648962949723,-1.0559407388836117,-2.2113955636640563,-2.316218373124345,-1.9318559717434223,0.570883171209216,1.358039305816174,-0.07326357207962861,-0.5458461906783802,0.5278661192709515,-0.15793281067875128
3.842225268683718,4.401540792841753,3.00338245802437,1.1866699922386519,3.6423256372028643,-0.1781169888475474,1.4298723103369233,-0.10625013851042357,0.12608214113196933,1.4642349739495735,3.5347136458928126,0.2606272328809772,-0.5365442852983379,-3.010315579198305,-3.228608253244023,-1.2814449625238016,-1.2465647026983913,-0.1420093305070392,-0.29322488010323533,-0.10456843244156808,0.4813132699169422,0.13151067435111732
4.924492036243757,4.088039918037979,3.2157400308792923,2.353002263389246,3.259651454935946,-0.231477558983139,-1.0379600511610274,-0.24830929046224343,1.4998150275898474,0.8511622874428099,1.619408136715412,0.5359375871841098,-0.18888916205503573,-2.199251445687837,-2.010408702711796,-0.7718126146899317,-0.2594528699595186,1.5057275222486495,-0.1274173271879651,-0.3090435799447258,0.6893075527755417,-0.9369225004480134
5.181097723485012,3.939093294736339,3.2795281038483584,2.994614044751916,3.7465776807103284,0.621078909742283,-0.8716734804339052,-0.403148817130614,0.18897603142470082,3.1470981608612996,0.6206747170316933,0.3750140663896947,0.06021932978723956,-0.904425884339784,-1.9631280077231386,-1.7812020056517508,0.8257126437964354,-0.9052230973482642,-1.9595125148562256,-1.6255209303020397,-0.41448757530309416,-2.5811105743554723
6.546021165362029,3.5240383594946727,3.4004506636600187,2.8431877386786457,3.7401708450885454,0.7115873921751089,-0.6782221373447015,0.6056272007547574,1.743923371514416,2.1589446858914263,0.5786869251363366,1.2264036026184622,1.0226371142003068,0.533274273245184,-2.729000553905977,-2.1513248236217852,0.13563743160874633,-1.4063827447908919,-3.944590026949517,-2.779386070232397,-3.7897830882358705,-4.257524284149713
5.114601397744361,3.6707131106120148,3.035733831220869,3.8098442750422294,3.8492146734481616,-0.2978981493855964,-0.833976805264264,0.910649100438108,-0.14335704119948786,0.803840537985053,-1.4138526674203933,1.1877316486195808,1.4062105624912526,-0.6870062444745568,-2.52517529927698,-1.047348642589998,0.4716404999815314,-2.328963598438708,-4.014832667406924,-3.5182898030610974,-3.4292104269359776,-5.2039767706233535
4.6527129342804185,3.9339062023389886,3.1382234151890884,3.943305752605054,4.267511145232137,1.5467488773813154,-0.18317821185973135,0.8054202869903363,-1.770633298082736,0.6307780659426265,-2.3548629988108183,1.052911986597534,0.9456691620559208,-1.728115939084499,-2.6498763419321536,-2.5281013961299212,-0.4188164018601174,-2.3292701502152564,-3.3636324538567335,-4.041962536040965,-4.58754934754689,-5.166273103950837
4.3499923053958405,4.116593525545608,3.149413980666266,3.604683735477434,5.203344997194072,0.5820403416855724,1.1693744012692688,0.8966333781990528,-0.5249119215527354,0.12887773172028172,-1.4069106157060658,-0.4943623096167524,-1.7888031822945503,-1.080803680276806,-1.3584696393993585,-2.2640806360163426,-1.9411830628658517,-2.920152959520351,-1.9985382857799898,-3.2679414408912106,-5.227592412888432,-5.333099883552699
4.904240118055699,4.320835841925198,3.938210718469046,3.8457614500317803,5.037902200779304,-0.24403935000548949,1.2993008003689652,1.7669935809513988,1.0759829157415908,-0.6669478960436452,-0.6113547722777478,1.6901712889849057,0.7387910904704843,-0.9793472922554873,-0.9739235404631095,-1.1698443267962106,-0.7576168138212077,-1.9330393702499635,-2.8801715421794927,-4.180437497950981,-5.3870997154978495,-4.816262933949247
5.4057421880403815,4.485647528565618,4.340196965849771,4.840887542020165,5.652360780699323,2.769874049956237,0.2879978374051323,0.6779712779059195,0.7392304416554781,-0.3362321663304734,-0.7352101470770682,0.1544878688623818,-2.272640330222211,-0.4209148055184061,-0.29791381102717535,-0.45864229750853647,-1.0703505275700977,-2.132429177714728,-2.639171626245057,-4.424372824660692,-5.371119596995134,-2.703543818044212
4.487196234581981,3.9206082409317875,6.098512916519014,4.864076196277217,5.664738235468703,3.828081849610901,-0.6663258135107556,-0.8235396479750337,1.4354301372218374,1.070989636939387,1.7462410357918277,-0.551899681044844,-1.8471464178809023,0.04591174232698658,0.8880730200576703,1.0788187709283688,-0.8825947828959206,-1.8160114842876482,-2.1507288963284994,-4.188140741044722,-3.890874514950502,-1.1713246848578835
5.68230652056255,4.108266356499733,4.898520959629607,4.9978818109093766,5.076856472462294,3.6732650691447164,-0.6624957840583581,-0.9118193611216339,-0.12055787211791372,-0.13213184675861514,1.4547856812342128,0.22790514574292595,0.662926191572785,1.0250074842143788,1.0959211700919278,0.6093521938487176,-0.8533178822162224,-2.079423073254718,-0.8189879737769137,-1.1660335852884671,-0.3068790906910984,-0.7212596763742498
5.413989996673762,3.9194071605789977,3.622459262359349,2.53284649578944,3.2568146684024244,4.685637171883435,0.18013866038814355,0.2832326785977083,0.43369195967267216,2.264221907079555,2.5578700702020263,0.43804467217281784,0.9032971802377866,0.8933192214975705,0.5587227684338651,1.1608755749610369,0.16678394227293278,-0.9452412018291136,-0.03505131992122848,-0.43518198379359646,-0.7613262708040207,0.03512234120506855
2.389185896109206,3.493995071654591,3.540677511477665,2.3300414162197742,1.3867522441620526,1.554971234881433,-0.24418012467126227,0.3811811993216035,1.1104102471576207,2.1329011968808693,1.7678908446918693,0.5157421113944444,0.7378124456408813,0.7798273716889433,1.5972586997016391,1.3084115670470018,0.3888522660701727,-0.34028671707308017,-0.4262147537283539,-0.27551922666281076,-0.9307510537474284,-0.23638493916719014
0.5110827457154297,1.7638160982156719,1.077123919627002,2.343393108844137,1.7403962628024763,0.9348530224330075,-0.6762436302357044,0.0134971693054901,1.580792241306353,1.7018193882455346,1.5907294334039541,0.4925352332566391,0.02345714340047356,0.48338559698859546,0.8013674629029793,1.3865750802858383,1.643965711212557,-0.002500033816169674,0.07717667790936589,-0.8544209861081961,-0.21933051367116124,-0.16422503721614082
