script/wind10m.json
{"header": {"parameterCategory": 2, "parameterNumber": 2, "lo1": 3.000054539987559, "la1": 64.9999836372058, "dx": 0.5, "dy": 0.25, "nx": 34, "ny": 52, "refTime": "2024-12-11T23:00:00.000Z"}, "data":
[rows 0 to 23 of 52, columns 0 to 33 of 34]
-5.81555779329411,-5.544166934271907,-4.78877757691875,-4.3725134796155345,-3.277233302572226,-2.238218965002807,-0.9920336963880012,-0.2880769914057537,-0.0036536014412524753,1.4545774144336991,1.476104663128577,2.2304292635480283,2.16113230445527,2.9745309851149657,3.789720767902198,4.1925524014965285,4.361940174853358,5.258986169616043,2.429906339583003,2.9811291718353066,3.4411793835868254,5.7210396189241255,4.743190862150224,4.193574526074816,3.454603481965645,3.8033181593125547,2.354157792290626,2.2108608939031704,3.5241153656213413,4.103399397994713,4.013892120851383,3.445680409897389,2.999211973814029,2.726437632797233
-1.656962590167008,-2.729692499350429,-4.0394142418435255,-4.335282188102217,-4.262248286226044,-3.290343296246787,-2.1734022106102664,-0.9386419215355579,0.0762614693067607,0.4638375782378829,2.1608932919823514,2.4266379152612783,2.3591666787423518,3.339938060942705,3.558968614401846,4.3313541779743945,4.1603144593701105,3.6463687870715376,2.8406131965196084,6.909694189219548,2.3019891126001784,2.207208275141118,2.540273478271363,6.283294180424306,2.7254644520355846,1.8222018478754192,2.3030723688756485,3.3803795215347976,3.078497037047515,4.363427398296851,4.00016446713584,3.656160870037744,2.5774707961576766,2.6801527636831297
-0.4603475175026123,-0.46943701260484605,-1.3428838588332415,-1.352601800801592,-2.081255292635176,-2.577175000890491,-3.104807373301176,-1.9987418232682592,-0.4618376440815226,-0.12791486980567598,0.8545258876095673,1.9972968715266899,2.5398693076499352,3.0994029450627694,3.6705824336155155,4.457688768510268,3.1139687169497403,1.5186052569629152,1.040403479560166,0.9997904288023868,5.587287978303421,3.5245474636946392,2.2715185410820884,4.070596397014727,1.6622100187186777,0.836071894462137,-0.2677048943146496,3.5382429345360134,3.924497410347433,4.1289715437202466,3.903752623090004,3.4120210271514684,3.3452042551127255,2.6924033538943926
-1.6806615385370027,0.18365123443108827,2.2790186746256995,0.4113543350935024,-1.0005105375547076,-0.8469367571276346,-2.596304047023986,-2.7578400233006244,-1.7635213333304263,-0.7733489092587363,0.1960317549444401,1.3786155832679736,1.915181526789485,2.502867577027203,2.942152215389162,2.9106518998049693,1.1684247235172711,1.5921741598379802,3.8085866131840524,2.1923390373052456,4.386118729208183,4.646298211784801,6.139963060555619,2.9570930593408256,0.5116369458525308,2.0527618863753765,3.7983741709214884,2.9940236819026596,3.026782510920233,3.859844842530685,3.702395444859147,3.1073374115192554,2.419634882055975,2.0851127893951054
-2.4378242419528937,-0.31921247870544806,0.6973233928959413,0.1285252499108774,-0.9025141110111842,-0.8514391073708717,-0.8992547594639002,-2.7311943413571615,-2.4851590647585216,-1.6607203835632525,-0.290260707915189,0.23193332868100328,1.7043261973782866,2.127290634983682,0.8824971252104228,1.578444719250881,2.62003836590513,1.2106225893622535,2.8094049780973314,7.596956973440134,5.0001809389022,8.846804049693498,1.394779533453406,2.0559023697609393,1.4518349134190836,1.7751336477049764,3.4493488295647596,1.9730585000547745,4.349462118808922,3.802139826398488,2.5475268900471826,3.214151697722488,3.6389313879633978,2.946924508245744
-0.7044205491246925,-0.3731766740778951,0.13228505376868457,-0.4003546114887955,-0.397381765651063,-0.5407725498585085,-1.9614157613479324,-1.8129959394873294,-3.271045148224516,-2.0390119006989886,-1.4167484138049018,-0.8350501099531771,0.5477407913502517,1.500670756766434,0.06697611308888887,0.8243059357937172,2.1441062336181576,2.318616689331932,4.841400672223536,3.5138410517704957,1.9348454077435933,3.3144944584992726,2.687207384694216,1.2571066419765595,2.0371548002425977,2.7235220295339646,2.5628035414352794,3.6779481073063747,2.545151517429697,4.258187549348621,3.7782998490002284,1.798706620112052,2.4181469488460428,2.5251183077141834
-1.634704382609367,-1.5397757590672199,-0.42791902283477035,-0.02393746300205613,0.08804904405061681,-1.367584187072302,0.19050436591111472,-2.7969639311980883,-3.606670645370539,-2.8337891536178925,-1.987639751439999,0.2681724824837994,1.292334842592211,1.1789778282878776,-0.03305310634706219,2.4407272830029885,1.2337372399019042,0.7998165190882371,4.855331383401468,3.184474875111164,3.129709091991696,2.248587621868971,1.7848070587217497,1.0761271364167753,2.5997307165671506,2.5143001773879012,3.619175062959118,2.8654123672340135,3.154553570332077,3.6675896507453043,3.3050416134745735,2.1827271751314994,2.894566512247745,5.07100994890784
-1.4056307465905211,-1.5552859757854738,-1.260123092548137,-0.5853696961542946,0.3026821706703777,-0.7929120400572406,-0.05835628148782868,-0.8778594751061919,-0.374792091634277,-0.7827964335962274,-1.9621441152342014,-0.2686482370972605,1.0105742849339099,1.3703020552931597,-0.27442736062234657,1.1248184262322865,-0.03942986881653586,2.1795301114890333,3.4145750795564744,3.1294908474273866,3.5147288770004965,2.7252553298847846,1.8260873209647412,3.1582369462392816,2.9664466955076727,1.895138188023639,3.358620001725704,3.445380538452424,3.184267207581235,3.4005247629979256,3.1953438866934234,2.773737992961808,3.5904951471320907,8.62750875306515
-2.939346329956879,-1.1253554478731056,-1.469639881812028,-1.054196485325695,-0.4501431350118327,-0.1293740312584817,-0.34973944361761067,0.6530058297030882,1.0097696381953734,-0.07819274595781735,-1.4067792538391333,-1.3235915623313346,-2.2353109999202356,-1.777396953274715,-0.1943022448553148,-0.5929944200703523,2.088750824441995,3.1661719846449388,0.7491935879343532,3.7085879654905085,6.6518886454583495,3.6340223063407264,1.0568398374799932,2.4223064961911693,2.5249330848920897,2.2666697931707382,3.014173273562424,3.217364739230818,3.973953436388414,3.926705508863418,3.046781861256916,4.0709534106854,8.673901523748052,9.628995337351354
-3.0330292671981898,-2.1582414446826736,-1.5777989450529293,-1.6693495911635485,-1.2768927449093306,-1.0251494225976656,-0.7564166476271373,-0.04232307882252231,-1.4509875647131825,-0.9673280309498747,-0.17005929667184774,-0.30614080764019524,1.7011610960681245,3.259868088015529,-1.441902402597146,-0.13715652742414325,0.9924740730730487,0.9265198126608094,2.4873952220292317,3.2693245540337204,3.064369835828001,2.562907985701858,1.0811545501578088,1.3288137842644014,2.1410550991315733,2.1445559375674943,2.6268512090098106,3.1297194102117514,2.856885238017119,2.5541083173075054,2.4329887762697253,8.720804960504092,9.771401477869347,9.113784985676674
-2.4639106131433026,-2.502115388037848,-2.2090790992044997,-2.295672340465662,-1.8693870844910903,-2.6276994737534554,-1.1220892215380536,-0.46485660384695127,0.6841567723185821,0.8356933213694991,2.415512541482681,-0.33769455753804434,1.7771515336729733,6.333200014659831,4.217046404199946,-0.8257622172962431,1.1182738797408476,1.2946699544245606,2.4219547692520877,1.2625380207340995,0.4110800454829584,1.6528454374200001,2.5296661907900124,1.6014902830421598,1.1986627955497462,1.5699069600463589,2.2658929552367413,2.977522144263797,2.273811856269021,1.265646170362394,5.025155940084637,8.777674468681028,9.194513050134873,8.098037206925468
-2.3981454380699923,-3.0960031987578,-3.178867329441398,-3.358430599131521,-4.0480998320126425,-0.6578731332271595,-1.5498611023866877,-1.5532799713995258,-1.3733259648587097,0.6946144769888947,-0.7831130698262239,5.034231259841298,-3.7508902161948123,0.26647457966966126,4.134021980011047,-0.7969464988875947,-1.4076440559248198,1.8782232543360042,-0.33683481390946535,2.2425579715734174,1.8830370588090235,1.7287613365097203,0.33365585069541226,1.7670350755327904,1.1740773786129848,1.4157385778546263,1.7502530103585268,2.216768479683861,2.3371837767078993,2.7580932332975907,7.260763816105746,7.910123163179033,7.585188632477402,6.71752848691458
-2.318157098391976,-3.6257908248163213,-4.5606886665075095,-4.561967059717471,-1.853089500455545,-0.3321674257517189,1.3279149382629702,1.9649709882062885,1.1813719305220658,4.546248986705856,2.752980604665872,2.316182166959006,-0.2333975258858291,3.3407811425404126,-3.580516197724618,1.3140480918631057,0.76419149866826,-0.03655426060715318,1.897079281254765,-0.12070913604438009,0.8966555681083825,1.657608955659944,1.364130482011493,1.4724705562438385,2.011086750557465,0.9276110703371828,-0.6956193607031895,1.543010092388029,2.0773423722693822,5.274801005924423,6.916022534186192,6.886377419698702,6.277816656674814,5.116467500742859
-2.706590189550492,-3.195478959927173,-4.195418753167222,-2.0593104938642366,0.2762812819548817,0.36836824276759367,3.647797755633173,-0.5799336209016066,0.1761078488788942,2.446386589035183,3.0862760937505826,5.675441786952755,1.2091815334713871,0.45519000830093914,-0.9597670021384385,-1.221335710781449,0.5034526129828671,-0.2395603149706285,0.8169003004943826,2.2491857007530243,0.9044576751757125,3.089346452540142,2.5068911017232764,2.4189885687260646,1.4604628056497437,2.209314785010235,2.722100258428672,3.0341119375718617,2.835005390972618,6.78320186242956,7.289601114675594,5.719583352296184,4.991569385712766,4.627202958529073
-2.53351183285811,-1.967851188965797,-0.7177173367479907,0.14799252961685033,-1.3796370321855893,-0.1789893782715281,-1.2949564138102392,3.424348030041698,-1.5469508704579544,1.4748999825582134,0.5669430178517973,1.5621576884892783,4.246177014056198,1.0339134871269293,-0.32516690846839225,1.2624501988784784,1.1855588067975733,2.262372505138967,-0.11556981862877841,-1.0031293136048625,1.8295996710766906,-0.06517765240062469,0.019749727296349967,1.938350286215023,1.4364099915405717,1.5862634608056867,1.2526336332962313,1.9597092725241017,1.7945674262908002,6.076793920142993,6.7369791834608534,5.308798236710021,4.450555252768629,4.365964490596469
-1.5493326320225784,-0.04132618684855161,1.5276153315739924,1.5587948707042731,-1.5171447827790925,-0.6433467934727445,0.5778373927270054,0.06851061662342539,-0.5375410774852372,3.1672126683435486,2.5586256669630703,8.390365257923088,-1.2203807806034508,4.384045431436855,0.28897073971919557,-1.0156783918215853,4.598709867594059,-0.6981507717107741,0.2280782467168538,1.024685352782557,2.1916080604524866,1.9003675546138863,0.05570368489452357,1.8323843096103696,-0.20155336040372324,0.7992474224127011,2.5941297202305598,2.856269924537259,2.603228903317921,6.6730567414869135,5.160790601252899,4.062665167927273,3.796099803411446,4.0083060707555305
-0.6471352304326953,0.4967045911386834,1.1026337210324282,1.348459273728448,-1.7056449370083615,-0.8489095303423566,3.083093674172477,1.0654385579798291,0.6641839485609795,-1.2481687466680937,5.287353880564488,9.066698567432878,2.232006199312309,0.6537539141411742,0.9669977838158785,-0.6329004929370566,-0.7238973509847362,-0.49116313451822835,0.4660987093765635,0.18981196194077812,1.763700379236207,2.0807433191574924,-0.19801446345891693,-0.35921735581905806,1.2318761706869177,-0.4977146619193074,2.267846529258023,2.2107547680166175,2.208035315506876,6.854961500608052,5.004016241227307,3.397682377230143,2.979570300675602,3.6886943175241966
0.6081052837293607,1.0925991876439471,1.6386401661179266,1.3992296576477572,-1.6325670669263457,0.1695902025534576,-0.4931545126967407,-0.6794256554733368,6.204331086529516,8.569023521522732,-0.3756437710567873,1.3922842207090742,-1.3283209483582847,1.9135563453177078,1.3097291799645923,2.084265112359878,-0.29271811090912186,0.5532158951998314,2.068325387417759,-0.6197822225012597,-0.6833473855215393,1.3264673754992407,1.689175330827773,2.088522976984415,-0.7311074878277163,1.1634306370200072,2.1351159658950167,2.0062428913406336,2.103247968666786,5.579560101659272,4.66556054925217,3.372625599057742,2.6537576453611984,3.2097650942354035
1.7996578983448992,1.3469833172672094,2.1050569486233437,1.84750388573841,-1.2586847853574905,-0.9288050577443744,3.8758780245939013,0.06741084593411542,1.003635421385099,7.949374572919361,2.697024078833449,-0.000538844456552946,2.175789938961216,-0.6494378026996965,1.6497951224265939,0.1529947224684867,-0.006727266293757281,0.07484079427785136,0.0953729953053955,0.2130921711756853,0.9502947078951034,1.333258118296686,1.4563274406564048,0.6649200929530741,-0.7296087931621484,2.5387357525719403,1.871513268608797,2.508687891859821,1.9805218591598992,2.135261499514304,2.1710781531379957,3.3679618563830602,3.1099344544015364,2.8045683147916747
1.528798772212731,1.710675605903076,1.8525069414128998,1.866605091895897,-0.9479893610932789,-0.7029080164912812,0.24943246580791437,6.055272651280497,5.020934072835348,3.104712631168145,3.1936178421189303,6.561967908048925,-1.152898534386814,5.424419581157626,0.17603211663734353,1.2399654717112727,1.371734747252941,-0.19308323753615306,0.15734153365280218,0.06544579518597307,-0.7077144848717603,-0.18859360587137297,0.121293292597918,-0.10744093604100499,-1.1475142297529173,1.0413166023881124,1.1526771478406352,1.5906680740679362,1.2362343478937285,1.6123206928218194,2.1593899516098687,1.9867424638208182,4.079951486897613,1.5556869838877685
1.4951385356776574,1.463140379564953,0.8372742001991821,1.585989968412032,-1.0539664290621804,-1.853840738077167,-0.7946007119015845,1.2084934210198466,2.6474855258062755,0.8918194715337112,1.1885663236812047,4.2602222585925995,2.0322716528503615,0.7736588219481677,0.8381248465111892,2.048544382414562,0.4373394812603248,0.46603839625651977,1.400089942425529,0.4698444674524605,0.8761950226520898,0.3983267623917348,1.4697061923796377,1.3462983296948332,0.7519191273076208,2.0046189937434296,1.6673351246148065,1.7116877680765716,1.1199601818868608,2.5491935178027094,2.211564680184372,2.065169205530501,6.143826914584011,3.370345232696029
1.5203589050326745,0.7330275708630242,1.001586510986492,1.2492505329544583,-2.1367813127994326,-0.09361488163988309,0.2759214159509069,-0.6911893014462336,2.629551980169965,0.6782524809040712,2.7617991338489283,4.715308345295758,0.5339500761828418,2.396790014097168,0.8983223091466025,0.0565160528640269,0.046878735842955516,-0.9345863273743352,1.4167335464700597,0.2781381744367525,0.2687112946980428,-0.5513411983143337,1.015205808011425,-0.5638078919612397,1.4656498166475247,1.5068273280108802,1.6715925620574745,1.6485239953411854,1.8989992710748504,2.1138193508201453,1.6925938701352217,1.899831811013494,1.8864686854819968,6.270039099396197
1.0422757718245443,0.27183223873310897,0.7944008484189583,2.1903220581256915,-2.4914017600878444,-1.6614705216479082,-1.7299080312639876,2.910380923192393,4.9524515443893105,1.1802632559677155,-0.7723825557648389,-0.2003334916315367,2.9773381014189746,1.2563166689400311,1.4851541639521793,-0.6400869145320709,-1.237319883796701,1.303585026949304,1.073885210336099,0.9576235778690397,1.099145599615161,1.1708084166446424,-0.20490911595022684,-0.6203813516529609,1.9787826397031185,1.4976822200725848,1.8248921725797695,1.9153447634284881,1.9266908446269404,2.1124640478538605,1.8253428089423724,2.409114938329891,4.6507718374215905,5.246968664513982
0.9748579753601125,-0.04197005020527812,2.2870271198713468,1.7830973269535997,1.8039973491246861,-2.293631050489686,1.0780402835588432,-1.1546003403391927,0.9398247241410399,-1.1365257233097297,1.9022636785811269,-1.0312992977112945,0.828425482895729,1.8362458827972885,0.6139542480810574,0.07742245521029656,0.8815163170558217,-0.9441960072598884,-0.9048154071637855,0.9047969105704603,0.8983744115069392,1.1775936834603296,0.7841098095676311,0.5345636213819802,0.6948665480883683,1.769043732186354,1.2154773473014486,1.6520958489641409,1.8004401713010112,1.9367100037073088,2.1422030173947935,1.5637782552683452,4.282216801484835,4.327801144613303
