script/wind350m.json
{"header": {"parameterCategory": 2, "parameterNumber": 2, "lo1": 3.000054539987559, "la1": 64.9999836372058, "dx": 0.5, "dy": 0.25, "nx": 34, "ny": 52, "refTime": "2026-04-18T10:00:00.000Z"}, "data":
[rows 0 to 23 of 52, columns 0 to 33 of 34]
-1.1997028158631151,-1.2767151909521333,-0.6766058965938769,-0.09866000341288597,-3.4962965296864636,-0.6225009833056753,-0.7367244773396147,-0.1587871080009134,-0.23708125306318817,-0.638020495848008,-0.7417253695030485,-1.0907635006375778,-2.35961319540132,0.36011882578696747,-1.0896842492796746,-2.661653011513345,-2.986323993498474,-4.6584198174541305,-7.065854200406283,-5.559438737496166,-7.089980256505842,-5.415616580363497,-6.815951014860689,-5.010712251921939,-3.0096159326099405,-1.926156410600809,-1.9388001635127465,-2.117633823272681,-1.9032246265946409,-3.5429687980826228,-3.2616811015543044,-3.972939958069017,-3.420895931753967,-5.840019901448205
-1.5505372028022195,-1.5099192547527318,-1.3367541323141936,0.2724250687783103,-1.5053899121422094,-3.4005062747690333,-2.251413887926216,-2.225145358488934,-2.7657937336463996,-1.3236456784702877,-1.6347265067043075,0.5192916004076076,0.15303194378810092,0.8864173947575433,-1.402187363627571,-3.12136351279792,-4.0762836151478865,-4.512120800722471,-7.123546367197113,-6.204081786551861,-9.377106435264173,-5.925332259327851,-4.913769011668661,-5.017271947523522,-3.283651344032648,-3.7043753254622884,-2.5465363968429022,-2.9901176206094724,-2.5223684560004065,-3.3348144350078726,-3.190331132477709,-4.548444904486693,-4.718393747468574,-5.96815386948458
-2.2170261533339684,-2.1757151552194065,-0.8580521965710021,-0.5277821688145129,-0.030971991920423846,-1.7293941877320382,-2.5461113106154465,-4.153356305456736,-2.4280736083606556,-0.8386023545819895,0.7927870871799231,1.4811132965739924,0.8263548940077372,0.0723334122571755,-2.1508008785919293,-3.504150298658349,-4.443452642808654,-4.542617490294985,-4.362115279805814,-6.305041910573081,-6.608762966684653,-4.882411761492087,-6.718695733451294,-6.252295108698162,-5.622032406272741,-3.0807535026970903,-4.004384105700464,-3.3969160190527776,-3.1938051665968006,-3.559762192737778,-3.7955952816340086,-4.134850658442588,-5.301533398502998,-5.299901084527886
-2.975007152109443,-2.336492197883491,-3.0580496013595146,-1.482184946819461,-2.445223674681557,-1.8563494358693606,-1.9596021712804068,-2.385952897331964,-0.7553383912265902,0.3544072039679842,0.7105621228737298,0.8605532070508561,-0.9147429118024224,-0.9967985276631357,-3.022548632681231,-4.489519304089953,-3.8997980269525487,-4.391493442139634,-5.3342275084503274,-5.940590480191117,-3.2824986217765053,-6.293371586671613,-5.170426401260851,-4.847802765216388,-5.457697421101147,-4.893660973209003,-4.394230658220683,-4.33732248522856,-4.100434941013002,-3.432958717615874,-4.253625179061098,-5.216116657011746,-4.231819884414208,-4.833077571798692
-2.1138797483232676,-3.0992137341017463,-2.4374168956421887,-1.390444964473384,0.19093911352817772,0.18239759661682467,-0.5022813062411646,0.10165456289469467,0.3126893867697562,-3.06914174001274,-2.8658297080072987,-1.9144367639896136,-2.191881594245438,-3.208632123119149,-4.791446524021369,-5.23689953350871,-3.6383727923259457,-2.765922647145815,-6.0742967306671645,-6.187028578237741,-0.9686509783550612,-5.494301656773455,-5.10443641340614,-3.705070157968451,-5.056379595436002,-4.767191452653868,-5.200595981872416,-4.9216803454097215,-3.8673181639035805,-3.9862557225336093,-4.256530751591341,-5.691485343312948,-4.531927039683321,-4.731235158954106
-1.9963703249108018,-1.7869564433098246,-1.7417612610967919,0.8332459733131081,0.7660881514867183,-0.5461455835084522,-1.1793838594309778,0.8821227260068182,2.355741138670006,0.4254787678387719,1.3245092947462382,-0.6358139576629198,-1.59610148854235,-2.557586696030815,-2.8431308148590593,-3.7014828257684136,-1.23712362042275,-3.684245754561872,-3.881981519858355,-6.254243422025749,-7.245103693663196,-7.521741028067937,-4.507429251910211,-3.729621991587501,-4.824339157153653,-4.804369758452955,-5.740318594201013,-5.6903520856681,-4.0494790951250685,-4.191092367473098,-5.030859644375598,-4.596149365654892,-5.1535196042871,-5.194459348215747
-1.5597784117295883,-1.5157869818550123,-0.9757810649419293,0.3503118590419823,1.120628941301974,1.4811075980438744,0.5498465109895201,0.3298091726056716,1.0385142341319746,3.3429552255208894,2.301797003411286,1.20392736464656,-0.710722660024432,-1.1210328754555854,-2.8357120603476593,-0.7181323123964043,-1.9950218095047987,-5.582184819950032,-3.7572969904060054,-3.5162177891428494,-4.72159112660176,-5.7765219355677955,-6.10233674338598,-4.488993016874726,-4.491667051503112,-4.7967820823412906,-6.168776587753106,-7.006796373278435,-5.926724550846967,-3.961445686013639,-4.0816496576824415,-5.674477967281362,-6.493005847542988,-7.326975828703746
-1.1987600199699964,-0.6661557028557027,-0.7911888004658515,0.7252185850717451,1.9778016776459197,1.316315366584774,1.509600433000955,2.5573349662678035,0.7161578441021506,2.9074503985001816,2.986337493529507,0.3137336294792536,0.2980060883212836,0.23699551186699622,-1.9662401953074962,-0.1114046963595962,-2.3235885367695066,0.8980303350834774,1.5094343711063367,-2.422012262666739,-3.7629049398976835,-2.461397234862648,-4.6892065125259785,-5.190560978231992,-4.365506031184129,-5.459513753094902,-6.060734932747009,-8.67164185620084,-7.847718090556162,-7.466700798388257,-8.178972222275416,-6.263273349564446,-8.800740477647462,-8.501534696895662
-0.9801921815103272,-0.23645480557168932,-0.21951548740836316,0.20470100545533745,1.924077070906251,1.5766013414551852,1.023818144490031,0.06367600526904321,-1.9939333300209436,0.1275149875542855,2.3025089570120327,1.0691724349677951,0.9923789704096481,0.9415724873650341,3.136636765572839,0.00613153219774078,-4.426580044224174,4.586773781872477,-0.4381236296766113,-1.4742159562322052,-0.6776170516624715,-2.4254198652897,-3.87880684374269,-4.259412996106436,-6.305784519189924,-5.234055076516566,-5.234838292671704,-6.321224282019653,-8.512571329395247,-5.782024954948821,-10.777551582071839,-10.030262246720083,-9.652725684983418,-10.482591694276095
-1.4766382180318556,-0.6744008958332544,0.6033128782715973,1.028403916970987,1.823482286770142,0.33049668628699713,0.9323578110938703,1.2222050870102381,-1.4988953281999435,-1.296174820314337,-1.3935244904714146,1.2214943147806008,4.2499733659007495,4.450988359071669,-1.792918459412038,5.597792487941141,2.207223616525058,0.34198253199704653,-0.16344027249600546,-0.03178395846631495,-0.36239044188375774,-3.0434962643806625,-4.289069430581319,-3.8341154745689017,-3.868599916680102,-5.843575116443301,-5.955947964859484,-5.791977644840139,-7.023151895007236,-6.778153123912655,-8.508354785853875,-10.81024625872769,-10.986671424582248,-10.052238698484999
-1.1005730703919099,-1.5741076618158254,-0.5183012563972793,0.972101737164814,1.967844772765705,-0.6025955253116986,-0.23356217513564556,1.1254829465444216,2.5212061273159807,0.5705456786109857,2.3259336765891367,-1.5854233785857132,6.017815500521214,3.0944684059149763,4.623635510421244,-0.9934453156764483,1.6925217170230304,0.4316471428142894,1.0507346239375424,1.8357879188533375,-0.7524399013489312,-3.883009761514554,-3.2807972918647104,-5.187295902788217,-5.452847616260628,-5.279021436546747,-5.210133460448508,-6.578433610070842,-6.108550032899924,-6.923649488570452,-11.208355222661234,-10.506232797790123,-9.741722130083485,-9.544514265040588
-0.5314687569983865,-2.0795435925647223,-1.9175697223888204,-1.6464360145404222,0.07343779558061413,-1.2406989058582987,-1.7417389069859794,-2.190316027331064,-0.9853094427628235,3.228981385166444,-3.4117432449909346,0.05467395844792187,-0.694071681614359,3.07141776879864,2.7759517345652838,0.5463752549422656,0.6056737096937905,5.021954099490517,4.192998542372024,2.8398944302087634,0.8754299232547635,-2.2294306046925447,-3.8486176646734576,-2.9121469547662038,-3.350730432751491,-4.669707837469922,-4.65219137179099,-6.16443603899122,-6.07695362292112,-8.221829994162242,-9.744690759652206,-8.272646286565402,-6.99704695240375,-7.285952628637885
-1.8903283690728254,-2.254337914907719,-3.5865926360241662,-3.626778517523483,-1.2171565223862784,-0.8224305629702815,-0.5496554474318295,0.24446993175934156,-1.4926807363029015,-2.354407956795671,-1.4098511629141495,0.6484381125619378,0.863499356659927,4.05008862830203,0.5560016801620217,6.93005553258817,1.3201563352666312,1.3076571571365794,0.2915541227245607,0.8626951234440471,0.5612215675063841,-1.7030939642271812,-2.8364809049577753,-4.600655239691747,-6.824410132790544,-6.275263764215002,-4.241966845904121,-5.159787697450502,-4.742362015795426,-6.813286476399755,-8.388411308403725,-7.803075634968068,-7.770557124653552,-7.4771687584282445
-0.4612085658616131,-1.8425967285987463,-3.1692491907625975,-2.6727514067505265,-0.6424677303498562,-0.8564281135950897,3.12380196702974,-3.2109104832587216,-4.4552449642094105,-0.3568397516724229,2.5398610672840904,7.274507793074433,-1.3648062993256564,-2.9428077103433603,1.3663535309514216,2.0756464164127446,1.9854806945601586,0.73977796634868,1.3903288145940886,0.6192980114208749,-1.0251758338128956,-0.3612566360304919,-1.9191631350150173,-3.4080578620728774,-2.60849584859408,-6.058542949745849,-5.768348863797211,-4.825932816548846,-4.427297491651131,-5.977764760227574,-7.927762928106487,-8.249347732268633,-8.121753851047066,-6.442493014295074
-0.5118924822897352,-0.9789198260771746,-2.6497598458036533,-3.695405702191319,-2.4666558627518373,-3.332133224798514,-2.4048929452249355,-2.430774754289206,-3.072666523846227,-0.7982843897770756,-1.791500592641803,1.1549039573660134,2.5945075929943893,2.747265475974396,0.9133837058013919,2.3668698827829546,-0.9366737018697721,-0.45794714864631386,0.3511064248633315,2.5402343345606058,0.09001915880117498,-3.324426644517055,-2.374201250767763,-3.742395915890711,-3.8593285829800745,-4.66277569962865,-4.295921103489729,-4.6146073847727935,-3.283520101434521,-6.255493463497281,-5.147489148470783,-6.902743857113548,-5.658776263213547,-6.654688585906006
-1.2833255219409552,1.066135331333763,-3.014593504216608,-3.750210712446672,-2.0132838096063526,-3.5676655807738884,-1.9193139357199953,-1.3785833939983914,-3.2187345416559148,-3.3268391278797056,-3.8878339653314153,0.2035429833874259,-2.0031283377832874,-0.03800382311129091,-0.9208120541016762,1.2671648708779002,1.2555482245358214,-1.7345502964446193,-0.47484403379561,-0.36821552303664434,-0.7489689270383659,-3.1413238694985477,-2.6490191142589703,-3.9828884942697167,-3.6366859018524926,-4.24030130790891,-4.938219213649302,-2.9061452808939507,-3.3177660430465417,-4.84822836738089,-4.610902294536293,-4.640122835170139,-4.433394033013619,-3.4065900674555722
-1.7435105743175523,0.6426262979646696,-1.949043489632874,-1.4970086002024863,-1.957785472775268,-1.7455658839026387,-1.9841219290448129,-2.3956102663986694,-2.6723518193389144,1.168740931509439,-1.9393388036352577,1.4286335623320658,-1.6076942280546334,-3.7797941053637656,-1.478033243996695,-3.21547731142706,-1.40267610806147,-2.235481998684949,-1.1010284008522198,-1.3375678414096945,-1.3909097743269965,-2.9861027899914943,-3.226903036213224,-3.497486793932894,-3.7208024588719173,-3.6911983953689456,-4.099153786352247,-3.305021470244825,-2.433999419364322,-4.573151847912092,-3.988909596918348,-4.7562234093365054,-5.083217838099305,-4.421943910652983
-0.16636972373107814,0.9010198869455015,-1.363465834619584,-3.7478680543636496,-2.554903164252773,-2.7013442264272984,-3.0983739409281505,-1.5789219660320823,0.7387606695750056,-2.8925036412422207,-4.780066609595526,-1.976694048220147,-3.1306390274959597,-1.424225695455728,-1.3707848285089663,-0.27816103323006214,-1.6337308920696614,-0.9409235369527768,-1.502711684773419,-1.421738570759079,-2.27195840136094,-3.7771851025593755,-3.4211164110875547,-3.237301288303611,-3.112893784632717,-2.7528494540530537,-3.838302808234874,-3.1762494671579726,-3.199964407829614,-5.073365827561752,-5.19459192743022,-5.627245002878177,-5.133656583490418,-4.622993837044286
0.3182400872538667,0.2762564427289073,-1.1127023603222113,-1.917516166860274,-1.2570049278298916,-3.8861690784361715,-0.8281571871808772,-1.4417803184005737,-6.148611967305682,-2.401280204244661,-3.65311794901993,-3.1285968668880257,-2.1250032291268006,-1.94610886372234,-1.7499818139705963,-1.242726709138362,-2.2561924627546417,-3.0977209499970373,-3.0470460747623975,-3.2006055932956285,-2.0751263254457957,-3.3562861254417475,-4.0852307409576,-3.3070638839611375,-3.6301761339486136,-3.050410263909826,-3.577370304173475,-3.6032328089574133,-3.61901445604731,-3.0612143439223907,-5.365099032789631,-5.439459608587112,-4.467864168203732,-4.413750313599867
0.6931460872488139,-0.13369438863408786,0.002858918866020066,-2.26253917916933,-2.5727303928624288,-1.23849597386244,-1.606581503379952,-0.5042252287840236,1.088173536533569,-1.2141848629602205,-0.07857608555110838,-2.0743666962419396,-3.2226388445186327,-1.1605469981575423,-2.032224445167182,-0.2556217550139513,-1.6608322446214128,-3.0813506326473603,-3.8582298976004052,-3.6269003559737607,-2.2313647798198097,-3.531406244531169,-4.23113555235212,-3.7295343067842976,-2.769059319070538,-2.938974286453056,-2.252452665037649,-3.4076469311137743,-3.4161191204602344,-3.85582607946756,-4.102308111018987,-4.37319755869803,-4.682304466246385,-3.4652793672252256
0.47859035204923395,1.4279063699917676,2.065112043864185,-0.4117820904157789,-1.6515847453573407,-2.27754321803754,-2.6653833920609418,-0.6637597868822056,3.910732788311495,0.6926690044058709,-0.2559401746400382,-1.062883158874276,-1.3621467790817148,-2.652538449427543,-1.1683519092917705,-1.2135595897212523,-0.3775267443637958,-1.6036056944095716,-4.57802621486096,-4.532210122376276,-3.314928245482179,-3.7427049221247075,-4.556496514315862,-3.6930034881911293,-3.492224744207753,-3.9322129973452267,-2.9187181180762027,-2.840902732608419,-2.9387013834534916,-3.1697959186753915,-3.0018177784565214,-1.5424256345469078,-4.157163550752861,-6.8190433674058575
1.3474066750622218,3.2640819864439456,2.0688065399393953,0.21584313242054295,-1.2981037150196257,-0.667216562025644,-3.2191066938175874,-2.001232125606224,-2.8052239516402384,-3.35886991947264,0.32045394432801527,0.10130815339213829,-1.8495180156288165,-3.5537265301365797,-4.5030447313588775,-1.7918724509041613,-0.3184176893359503,-0.5492565724299453,-0.8036092994541123,-4.307230938720843,-3.7722217206695983,-3.915814895064304,-4.278317022586144,-4.631435862811294,-3.7780953243614945,-3.588600008752842,-2.6810432326339795,-2.6312238925966636,-2.0075529373209156,-1.9177404124321291,-1.905817186058973,-1.0124348085773547,-2.231859429914336,-7.136388265022069
2.34624987651634,2.3886829865470482,1.1298679969519572,1.6793480128755782,-0.10644971151841871,0.011730707261197336,-2.480925279497028,-1.1298980267688075,0.5543042162213481,-1.0807819406370809,-1.5636651511387005,-0.6814184266374799,-0.24129791298190129,-3.1019804613954642,-3.197136874564084,-2.4869714870082533,-0.8212680771432399,-0.13439916328841747,-0.20450952459447297,-1.2127142251087861,-3.4472380518550647,-3.2461804230109985,-4.321401565518919,-4.808459287981175,-4.60999324307268,-3.191096134671818,-2.913594022431859,-3.381313908814046,-2.585057428264626,-1.392992905252227,-0.32766399628122733,-0.43041999982350165,-1.2834859835303662,-5.60275864878322
1.658220835670128,3.1960921719170003,0.22072923846253564,1.6910765658703477,-0.867763662177919,-1.5336460460008485,-0.18589495461915162,-5.418034350717289,0.04780729504717066,-3.3899344281046093,-1.629065820977184,-0.5527534270658323,-1.6785283800824569,-2.6267190340490094,-2.9925241658345447,-2.9998788696675325,-1.471903725042451,-0.6957669166081589,-0.22698610924872636,-0.1788797245027183,-0.6353848683331464,-3.2126147102088356,-3.952456969274295,-6.0529451775508045,-4.0525626976881,-5.0678608290991525,-3.9120887367417616,-2.26452343235233,-1.7083182431638237,-1.3759783585740484,-0.11393621149119627,-0.17453616907184588,0.49616805659191177,-1.953316463731691
