script/wind150m.json
{"header": {"parameterCategory": 2, "parameterNumber": 2, "lo1": 6.000198445256149, "la1": 58.999992894266676, "dx": 0.5, "dy": 0.25, "nx": 22, "ny": 24, "refTime": "2024-04-23T07:00:00.000Z"}, "data":
[rows 0 to 23 of 24, columns 0 to 21 of 22]
5.332226107644777,11.95680556286751,6.200237432032593,4.237393638302673,2.415493861340776,7.675456030870281,4.495243375571852,5.210440938147847,7.8589959284176905,10.723935823669743,4.992190317094587,4.023823776210902,8.159309225741923,2.1883969568496124,2.2781991357684457,1.5680643942254984,7.71801721900772,1.9646589933417404,3.1143514692531507,-2.3815956521389254,10.35719155803205,5.586588724326746
3.739986804086302,7.947366629750232,5.656960688497476,4.207861363589807,4.337496308897464,2.9793423220772723,2.917850670988935,5.49884010323158,2.1858715820250985,5.294174003430453,6.123486449311766,4.926120976795894,5.608433216103722,5.837048214632043,5.404178457576029,2.149634126284256,5.603011445671449,1.2242032027422214,2.3278683809356266,2.765426839446411,3.180293784582611,2.0877040488008927
-5.11567805785246,8.489257065616405,2.6753980732967224,3.3117500710913843,7.1625876665529695,2.8022301013895197,4.320991673811456,4.226180753080591,-1.1847348043219321,6.643566168079692,8.351051112187893,4.577626392172374,1.9092636162620247,11.471002546715027,4.9817642695501325,5.083697135981768,8.170071360434337,9.354165924576197,1.6227897267725115,4.483567015670802,6.075264548906628,0.7463337430011656
1.9803965454459351,5.678148797522218,7.8787403946963295,0.4808335358490032,8.314459074700915,4.377396272018413,6.544486412835983,2.4367558043323907,4.345105449582216,2.7644524632106626,3.2650088384055547,2.096416207487703,2.4893827826523443,4.175846699415178,6.678787512766641,7.625627890854627,3.8007133308531595,7.087997071802947,7.6819091249500815,9.744263853799762,-1.013102524862124,5.345496010369833
5.805847969708893,2.7031088336673816,4.480209036679455,3.9215204461298474,3.4778424553456357,6.368343130150917,2.3492986768284534,-0.18556700878167615,5.519344588234513,11.36469840307624,8.158973430838225,-1.8850743327571575,5.412290826030127,1.894755305315139,5.678349381679269,2.575291263446646,6.332544164145865,7.853737552526587,10.14100042240994,2.631481255268946,4.355670787218871,4.8900584839376595
6.792867012728535,5.06275230243286,1.6917950428551694,3.5706920434891853,7.638230116530056,4.610528125023125,3.0584119525119196,4.529983066377673,1.951039339438883,7.219623846497767,6.801649387630803,9.226744829320731,6.6292723699041005,4.874801428834198,4.508272952220806,5.644848120662613,5.713373457760106,9.555347496318948,2.240228946361437,2.9778847929776537,2.864222615385193,5.8829829478064815
4.544944011640779,7.779005941343577,7.162777639158856,2.357614044976703,5.695324787330339,2.776037349113135,5.022335416541318,4.908720213747697,8.442496098268318,3.7394445362711237,2.711605295302327,1.2080405888293635,10.717789435874684,2.249519513385924,9.5589823967545,8.430138059911767,3.19419523454175,7.4379276590112955,3.8719305030271953,10.63510345886506,2.587494225880977,6.8819215958941165
5.567088863108949,4.186016054390633,4.576618754457072,6.547832009239452,4.273476712294228,0.278657437067796,2.622128504086478,-6.290002758729314,7.646938210739371,-1.1988134935300105,8.545788031139468,5.76892216186941,2.9419576379209813,-1.9417195501674702,10.423056453588167,8.12514584546998,6.1053858872158955,7.995108974868132,1.366241535403286,6.1952004430908,3.721068347708238,0.7029717969297699
4.492507384871538,3.954781447142572,-1.413870031142802,2.268712131701504,4.4060374510332965,4.294095737983263,5.8624015069658055,-5.856213509730579,4.797883548534286,1.9629126248067101,2.0824769208241674,0.8311155138685612,4.415528685285559,6.358276725525232,2.9586124422520856,12.240500955693362,7.902592994181465,3.618241006134541,10.63689889861537,8.066962678751697,6.122643400132875,4.368249422051474
3.4499665667052257,2.8956940868870706,1.6716697245802332,7.868633903364066,4.4493451474112105,5.097740943072367,8.105296430201621,5.016359166162491,5.124678092517475,5.520694683168799,6.889526549797873,5.405527071247707,4.697412275037544,5.774715305318741,2.764508409934206,3.2413500730267035,7.483829418229987,2.880006894938274,5.143259733324059,6.176323672845783,2.5002473447100244,4.629221389969098
2.7367185727259873,5.407885639440515,6.178712673933179,5.9308854193729355,3.0699434193695163,6.08755422242143,2.780778590495051,5.327315583558337,7.406331687340239,3.8005992322586626,5.758086238745848,10.749803218423702,7.034961280391618,3.423546964173397,4.1828611886227,6.181780820686134,6.496035382670453,6.129107461741203,3.916220264867944,-1.371608848502275,1.6949996367502858,9.829817188836069
7.1516358512865725,9.942516940022756,5.543030784085476,3.320243675000203,3.00513230477222,6.7455005867192,5.789407153199328,4.81378965839307,5.001600355829951,5.891702955282076,0.526938966467553,3.376774151565104,4.271438413526085,2.2288937502110557,8.233008724741996,5.180473087550631,7.943762381396818,6.525893437720202,6.850279094134873,8.749550598637235,7.328303054731728,3.8049155877333716
6.185115727342582,2.9637565849075034,3.3523232520830604,10.320260530115297,2.364618859913396,-0.3832449323119108,1.8797618623593235,8.6671452154867,-1.8320368955858304,11.167877235623736,6.334990481097393,5.186544117243682,7.002603983149839,7.301384311263421,8.057481810055023,5.356743517948407,0.9155200561379213,6.807214318024891,8.267569859123236,9.033091662311554,2.5215646035235744,1.713939034479705
6.678385903449913,-3.6009926848913776,6.516569967094242,8.003596322971529,1.969623513418501,6.062503364278213,2.8160302849516547,8.024659588613165,6.3262259982680815,10.415212615501778,5.066407415746559,3.6642890631259695,5.236729072335072,7.303898771690542,10.27457384391855,1.9879824389597893,2.138361163852912,5.14755801260696,5.780419874064598,2.314691311428075,4.664130837264131,3.8150467067620224
3.6279629918877903,3.8504745936841545,4.424455588633079,5.574830998609913,4.598975394345375,3.568458529950372,9.726922351542644,7.304346260811694,3.8440063055942164,5.561360565307402,-4.4017364122985,5.692135387189836,8.249443831301978,8.034020951100105,2.875326940065826,4.851806935451689,4.949444737627038,0.3803000808059752,6.610009918735585,2.8139045204170245,9.733074093037557,4.424427243322098
11.360850160670745,0.8282045525900478,7.062241928088502,9.339076318370521,8.422993236058934,4.138590546170669,1.7457991828390718,7.8762721225864345,5.572581172698058,5.011541931755521,3.9067712217911668,5.030202326195788,7.086069026102406,3.5195538427234583,5.622452625093302,1.7769387644666808,2.194942299991476,7.294636711351087,3.3966487443011943,5.404162124459066,6.4722280440285465,3.9125032061823015
3.849485680005976,1.4514384088602126,2.356822127426231,3.2803914112170247,4.132385708776804,7.063148633549782,7.302995904449418,6.729082229109515,3.959242971833103,4.830494254074004,3.1572519573909976,5.463269409891742,0.6750807951601965,1.7743734757271625,0.750359073561868,3.9127462626927536,1.947961211834686,6.290014721577471,6.163695604119906,10.515231399109801,4.756696657746777,6.997414167315078
4.314584188862407,6.109519895234872,7.953742868591711,2.4396326416903276,7.4476052139802364,4.73144024303858,4.14914024894722,8.672293281102437,1.3966650015327473,11.542664669292611,7.9140354114990075,4.886555481945868,9.352816550476648,3.488178618486237,2.84243337822495,3.388836916064607,5.955610106897656,3.650448637380834,6.033043053420626,4.526611371635535,5.256230467196206,9.912234188122888
3.1956471708229723,7.6809119408065705,1.2571067347417402,5.779454768223717,6.540118970240229,6.040701138356061,8.129687333770502,1.3361820017811832,-5.148497350069817,8.42058495537031,8.73169717306486,4.205631189085398,5.571444673752197,10.485301512737914,4.175949464800169,5.19208678787717,10.97636652131443,7.279451575329686,-2.035224855378521,3.492458850094614,3.1146770892912587,7.600324229361889
7.312069818381812,7.939839522480441,5.299861936429539,5.435567861342185,7.567770521579805,9.52734142035925,7.354193433446066,2.7617255901890734,7.23290948727439,3.4971614810703677,2.3472809753412025,7.9478857703759935,3.226615418620046,4.250286417805328,4.663642903512973,2.047717676969746,4.247883648217718,2.483985708736376,1.9559589977262302,3.1100349695327396,3.2943068731046785,10.313777674008547
5.294765490496335,3.8156656754361604,2.497370835274513,1.2871784587965074,4.8372222331844705,7.4732086452838224,3.228809120371537,9.904688831050324,3.0634439528851196,9.946625234485335,3.035075451329636,3.653509069934542,7.77172383826271,9.553702863279835,5.451226080099443,5.018600029050463,-5.333184090668114,5.565937659106874,5.530302176657332,4.382469975403933,1.9747279773067163,5.616765177912069
-1.4406553200088112,4.534730521004118,5.067330015361965,1.6786406693933318,4.565685899664685,4.7019755860084,7.35766894869201,3.9732431444818315,10.645084971992171,2.6461993415747065,6.473021271057181,10.360609119552134,3.9139472787279295,4.842419402007833,-3.8128888487614088,7.047356568639519,8.183406577037191,2.3999180908062256,5.66312864422364,10.383339349589416,9.71535563228931,1.0844150594906181
5.548678300886089,5.106389608131651,3.6348217836832144,4.67180854958996,-1.5182293261041968,5.947504272196245,5.4552116193289155,7.802080535316556,5.289344640945428,0.17209504028302716,2.528720202615171,8.02244782518951,11.907975566036013,3.287756888783693,11.037336962938165,1.1727197234975422,2.2906025830261987,3.9116809126677334,9.234942692622752,9.805489028382704,0.6069009883899869,11.711322921848186
3.6514967958967306,8.096145526109929,3.0967358275561128,6.389160789130692,-0.9708714823998851,-4.313557914825686,5.881448985523189,8.183866382696184,4.5736376445104145,5.181519531476118,2.6243920417585325,4.8152342762844516,8.73640134633414,3.8769264892462685,6.426218144577195,8.252771286365297,2.9500962184141506,7.933425827493787,3.967716333131965,2.3087461704097225,6.027658512924865,7.7043676682461735
