script/wind50m.json
{"header": {"parameterCategory": 2, "parameterNumber": 3, "lo1": 3.000054539987559, "la1": 64.9999836372058, "dx": 0.5, "dy": 0.25, "nx": 34, "ny": 52, "refTime": "2026-04-15T19:00:00.000Z"}, "data":
[rows 24 to 47 of 52, columns 0 to 33 of 34]
15.813965704192952,16.386600464865047,14.987219577021731,11.690095429590931,7.298347920473553,4.421981781012741,2.858568882490832,10.423621399674797,2.986831697961576,0.001870939210103932,0.10402659744202529,-1.7244457571793403,-2.3366429323482283,-1.1234865760807262,-0.7617458580308291,-4.087602695549591,1.0610161114307581,0.2709678848885174,0.1355576055824674,-1.1018139684650192,-2.625837187763539,-1.9787103358129896,-0.42591584895163437,-0.504760148821413,-1.9807755834166676,-1.1729069874792515,-2.365932021456629,-1.6521859510326182,-2.1754012847172066,-2.958567509031632,-2.7853566914297554,-3.904860842488867,-2.076057108602862,0.04065901120673392
14.662876774266845,14.746410685877697,14.729755926721397,13.297647102786225,10.515066109012334,5.327050571772339,4.471122331276539,0.659208403242523,2.2611582495564617,-0.7299326295562841,-1.9991826437341174,-3.6435543835888455,-1.9988254224782678,-0.8749124088694755,-0.41543075013816444,-3.640674512129964,0.7279968742498294,-0.39998709801153903,-0.8877772723644124,-3.0443849699594354,-3.0682129084925043,-4.054213815282181,-1.1657662976276848,-1.911842793283606,-1.9269725087336644,-2.6838260703582786,-2.679978036182555,-2.608582758009543,-3.069964337258763,-4.383060904165381,-5.710049605765137,-3.178207501809261,-1.7059704066184609,-1.8715466194073447
13.338980605107839,13.342058930373433,13.189354006488413,12.633748979102277,10.938873077102091,6.90816420526824,1.9579705973615456,0.635581890324185,-0.3339554236683926,-2.469158021794871,-3.1608678591868737,-1.5329709260324798,-2.3885753687458022,-1.9188241969847266,-2.7592947557122995,-2.8277807685531458,0.9612017303882949,1.089881035168711,-1.4727069804912192,-2.5295077594477626,-1.9051602189473957,-1.3586139883197519,-3.723283229914941,-5.681409215455527,-3.1369283691972156,-1.227954734353863,-1.5538525761294693,-2.6379230629770154,-7.14129753675551,-6.819506760155436,-4.192828231053683,-0.585398270831466,-1.1405363751363689,-3.248899701591331
13.158730968202953,12.053692279694934,11.559146419994972,10.826580300803242,10.584748048440503,7.900397293112244,1.913082004866559,-1.296672318976061,-0.6709009647595355,-0.831493113188011,-1.26240249307906,-2.876425967023291,-3.065661285546814,-4.263364231925091,-4.68380596910592,-2.3587175955365,-0.33195961281971387,-0.5893111203113375,-0.46934542296292325,-1.1031765607735207,-3.8287122757946723,-3.785889347712888,-3.719426921713419,-4.87182572299351,-0.9167573262983794,-0.6542143164370805,-1.4577040448118157,-2.375233111807594,-6.135600231504193,-3.701065001168134,0.018066591000140568,-2.0511109896986865,0.9463705318189826,0.6807765254195218
12.62674603538691,11.562978824591895,10.605032016961335,10.014954433165563,8.310345617235301,7.145392316489219,4.661318508737426,1.0644243812408554,-0.9433146847919313,-2.370514241522732,-3.2821705997191013,-2.859195722175111,-3.073850146858672,-3.4324060849134677,-4.375895546650377,-5.494702963423882,-2.658117292697969,-2.0070170622107417,-0.9610926543755435,-1.6791466857912383,-2.443895118668926,-3.3024523238346175,-3.106925134921312,-2.2819772205982947,-2.485896764382248,-1.5090772640049976,-1.7345751455804206,-2.600019341521263,-4.463761573348598,-1.843130534647125,1.9999298618075099,2.236160947295717,2.3452842814842576,0.6080487324797785
12.342645254286754,10.571456176479495,10.023096094131175,8.678274868393602,7.459046221744499,5.816112814663128,3.6869032142520686,0.7124368817445736,-1.8302939685038793,-1.9977584911215707,-2.314058328333712,-2.244778164828621,-2.4962036464835116,-2.5036241071362033,-3.896700879429297,-5.136172512281303,-4.797760591590977,-2.459005909216506,-0.9636020921631544,-2.1881097271522427,-2.4715324521692503,-3.0782246319214885,-3.0647650397476003,-2.266148786186376,-2.579020245329112,-1.9166643834503816,-2.1216848188654427,-2.025746370529578,1.8369755986064402,1.6583677597711073,2.1479720203049926,0.5003387213795163,2.345138421239738,4.55915765447232
11.744402187628769,10.19227865265983,8.403565992537077,7.792279691956518,6.525134638717615,5.619430970424118,4.066374830135859,1.495200906646616,-0.6216191969853155,-1.8016003272947616,-1.6658448316218808,-1.5941980808664578,-2.4153281492025958,-3.070299494555087,-2.777140702290252,-3.3055961238953464,-3.497128924120764,-2.898108150729888,-2.5186872418709285,-1.2210122015762832,-2.8512931683022416,-1.0510286702990983,-3.0465021794698393,-3.5402193071336034,-3.0613694447610675,-1.8195355186161963,-2.166181012247357,-1.7073107536998593,-3.2657660749182083,0.2915652843039475,2.0826404614433565,0.14435120832242287,2.0350514341685444,2.3004380220700194
11.683662850604996,10.565882682635902,8.593698720775215,7.593341224832427,6.2419051628647155,4.814510398544617,4.03232311754896,2.65685075114188,0.4605885330028189,-0.8171611543890266,-1.2756144843927335,-2.253058903704236,-2.7322403526825667,2.6999971786581596,-0.5075024876638087,-1.5425499667731704,-0.6867732476880735,-3.9058129640032613,-3.16401914982953,-0.4252745175803738,-0.7570448475195068,-1.9972053063570137,-2.637780787327362,-3.029039346132846,-2.932215114239783,-2.22213038485736,-3.0142327224582566,-1.526663369399117,-2.486216107461637,-0.24347891400112548,0.8595995644716979,1.317239343626936,2.3834740054084618,3.090726254662137
11.179136294013176,10.962949827089897,10.188883919351865,7.631921643569413,7.094507902638136,5.1104564425234384,3.7370254944516486,2.782254300038517,1.492855518782356,-0.047754167050324474,-1.8115879024972563,-0.7337774078366758,-2.287304661581588,2.125204601251393,1.9889832300202794,-0.891393603764564,0.9631013990930758,0.07813734070885985,-2.0372102240197285,-2.374107138147685,0.4428946345730828,-0.4154725746528592,-0.8825109928724798,-1.2430484225938438,-3.120496987646777,-2.8046490225120095,-3.345751478813327,-2.6553464728190606,-3.207149969575738,-3.065984158742542,0.49535238410012605,0.3584838354395004,2.68198561617294,1.2268989672423
10.868012755699256,10.36455264215184,8.98524552040153,7.025703273262346,6.602262682615949,6.855892171324424,5.775079915118598,5.508697440476977,4.049482616995138,3.116783714955551,0.17084916860912494,-1.6732591605031986,-2.096825259885197,0.5521019552040678,0.0656453965672921,1.5585465539689691,1.183435716477656,-0.14206087421431343,-1.2793944657489107,-1.7276648489400637,-0.6599291621503983,1.3412706867421793,-0.8303025684029951,-1.5845402256375294,-0.9696391939692225,-2.4166277710320423,-1.2587495394757575,-1.9901129428234283,-2.2497041515479563,-0.013916020143516698,1.2352960882195179,2.1435600337605965,2.3438793383202046,0.6022357687819612
11.89349822952935,11.944678639597337,10.352341829147424,8.334567125448451,6.4396959797987465,6.745104872083944,6.870809848425437,7.071088561665731,6.830295993847466,6.863755693124557,0.8026958819736804,0.3812031730159119,-1.1338403200310208,2.7443539827011203,2.9528574671127408,3.5193656110814415,3.4594113662828265,1.5254679569624077,-0.000954353147798632,-0.8231299882215851,-0.009290056567481421,-0.596782682332024,-0.24321201921247604,-0.5888190999553576,-2.1900374516721017,-2.910634196821382,1.2228251612833398,1.0974135897995394,0.03885115444286681,1.5339573450366046,1.8619889562359242,5.290751309211855,2.784511200837951,2.581952097716562
12.103890147347327,11.722583732083134,9.799290064153517,8.626222660318714,6.659034235881277,5.47521943630589,5.658105140181866,7.009171121058971,5.959557492010507,6.941750968228272,4.178874587310085,2.7793218033661695,0.09376123346459028,3.509162586960358,3.1456833260314854,3.595208132508655,2.9939844341142083,1.6042795197741,0.20004777969980045,-0.942704278865669,-2.1126068242288247,-2.5184311771761734,-1.5530391635562268,-2.061322647339077,-1.2575154255344205,0.6680449731789786,-0.25282602930616965,0.9636791726023989,1.2635542018319672,3.228217645004037,2.663375671936951,3.4434436228994034,3.562323602002328,2.05965385704311
11.494975136447657,12.080496142627094,9.907545083676263,8.132357322429884,7.8681049308761555,4.717642460206875,4.304672725394844,4.504136436873193,5.450772480680524,5.546362147710433,4.171668682487894,2.6718028563690353,3.059503851755513,2.6635842784808785,2.4831918525392136,2.832340906549937,1.1005129073117483,-0.4356027296155198,-1.5474473663823034,-2.729475030780012,-2.9863385113340737,-2.5398070622609454,-1.3017238387905803,0.18587375511725687,-2.3994027931205935,3.1924662079967914,2.252112719048997,2.182087415182841,3.179240466869237,3.433873356662273,3.404116897241862,3.874188537740429,2.4827955830003514,0.5416779527671699
11.82664478865015,12.257101707785079,11.682311802145268,9.716358679991357,7.947212736865771,7.597825257536193,4.9992006204232435,4.529683608015246,3.7957267369343164,5.71314804268435,3.476468236957184,2.605650697658184,2.2382756128949124,1.395922840688036,2.211992136072629,0.6876954090386832,0.21097744219175946,-1.0850415943971095,-3.621640112552981,-2.3540942688457123,-3.253770871089769,-2.0438229818395146,-0.5160995586918881,-0.8459062179150214,-0.030094977412585443,1.1477500189090086,4.8475662098761845,4.938625495516073,2.5757975169805065,3.1837438650461887,3.2502334259831427,2.141195080547612,1.5560597303917554,0.04567187758225806
11.863501541543522,12.12238302586029,12.87135080756626,10.674726807653183,8.157131565636371,6.9077224648885425,6.607759825966744,5.669173415311897,4.922147008934572,4.041227784691508,2.8230368635817724,2.0513739347764517,1.9533735800669696,-0.41156343954148467,1.6289806168793797,-0.669685719756837,-1.6307895684264098,-0.6309792010643445,0.31929355881193955,-3.5647570462707874,-2.732893754451535,-3.111836232420636,-2.81494004313439,0.6088781278603758,0.8417341109952644,2.464103593069699,1.91075791876928,1.675584183325002,4.137878619475598,2.5244398908341976,2.1259328134573314,1.1281968125593718,-1.2983744065576752,0.3680875032329107
11.936830874232923,12.24071338925607,11.455033673186966,9.454930828830747,9.314212698791618,8.178657198735754,7.117605080612879,6.711099127320112,6.088162772569035,5.366857862920338,3.10478890832544,2.5748732415312037,1.5338786542260114,2.4314461347462726,0.7096546976974097,0.5331409194641774,-1.2968695694845684,-2.5389305010329712,-0.7811786835781717,-3.956431015350516,-2.1673727907007354,2.2922882114004186,2.713649057110464,1.7890457359266236,0.8711227707719104,3.636984534245133,2.421572619118171,1.9281020023379933,2.919735398720692,2.7500299608576513,1.0361316720369127,0.010543635698667326,-3.1755532786311744,-1.5514543371703218
11.747803468374174,12.24029588356121,11.761377621327581,9.654087779093134,9.01638324320746,8.180706395575086,8.157418965883833,5.829259095473016,5.8699707065017135,6.1250012084085785,3.0419117986875226,2.259644093803237,1.8124508115403604,3.483205765709822,2.2944920635484474,-1.4001144145425126,0.2648152853814995,-0.4839344143658792,-1.3385076092276,-1.2329076272138577,0.9764923129370505,3.277856036695932,4.9174152034446506,5.162790159987425,2.2932277888213015,4.038309461889217,3.4041931620238213,3.099087560149415,3.3823507955414907,2.1594987737104967,0.5658012965177148,-1.7572387798384395,-3.2766294722964795,-1.6500626468581945
12.768679899551557,12.474326399474661,12.052467277177781,9.865805399174285,9.58769870354444,9.141442796041531,8.74986253336175,6.145263668909657,5.506158142275026,5.179020878544213,3.1279447099512745,2.052851037375185,1.9081674993808315,2.0830685617910714,1.8428106112213376,1.108983445736453,0.5197855130145971,-0.058414745308733154,1.0870365044149959,1.9352751631161793,1.1543943072201053,1.7797726415590864,2.933943842645257,4.005793620546687,5.125999425307114,3.3339872456399564,3.2615184729155953,1.7582242920715172,1.72323820331337,0.5150544529121599,-0.4904261891694351,-3.117287582345578,-3.5757411682235327,-2.9128334978846055
12.657191499074981,12.132384100526414,11.453504454062976,9.963192914699405,9.686681734182981,8.760295879335791,7.684459812469879,7.237434936567614,5.598017288302621,4.873630088308233,3.783882370215282,2.117391599732413,1.1099595318383615,0.5005726932939093,3.3023085107713945,2.235492542586522,1.5348661665727124,-0.47668025506589523,0.9653536207886901,1.19883822800703,1.7535937292559551,0.3178865429581195,2.3172264092449018,4.764197995842863,4.1143102722893055,4.0926545889995705,4.2505359438384716,2.96863265453593,1.0759694012330854,0.4168125684762321,0.4028309810037763,2.5281553335035296,-4.375624504656584,-2.9483831272359833
13.039877298672394,11.777756771508534,11.692734088498856,10.46649385748675,10.120284751329875,8.849274684116873,7.024501961331328,5.5181472478554845,6.674703819209452,6.8339169916550295,5.978400982032616,1.6202738760998407,0.5984660536636284,0.1897617865024984,0.8854028962219249,0.6757761014249326,2.1203598985081324,1.6563814548243647,2.6855377088441097,3.719848706845367,4.062267294965908,4.896422156286102,5.320612090667152,5.13612270238454,4.084930904672433,2.9987597852339722,2.4072162040721503,1.6578006142184303,-0.006749120470981488,-1.1719063813211503,-2.0572106525935165,0.06870161292452384,-2.174993902040111,-3.264214295629583
12.345560848957623,12.774749489814319,12.107093134705137,10.31885822975279,10.480003004514709,9.092698717598584,8.811095055331945,7.960808543514865,6.259709625513488,7.645677065388604,7.817126583473003,6.011291623997966,3.7314701621640705,3.232535201578294,-0.03300253914892579,-1.0400945347567678,0.9531380871756364,0.940399349143881,0.6072173742482012,1.6863736349247793,2.104926640841993,1.3143800734693392,-0.6780151877095195,1.6324045836516878,3.0467389188000817,2.2516828475740547,0.6989361204537498,-0.6765247222513939,-1.85188004135414,-2.4689259570989246,-2.7718081068159632,-2.0689706589097514,-3.1503728160589897,-1.8229310088986066
12.239213352282395,13.005145637634216,11.469521143803961,10.111772276418138,10.605743481274013,8.441383320939561,8.056709201502256,7.577936545932415,6.594009742791341,5.937029167851088,7.204607697151481,4.857794729505424,4.724971259254055,4.783934441315398,0.7791736433972667,5.1649070914449124,4.104267457096856,-1.9464563288971783,0.3737441717983199,-0.07729370107895903,1.1937415575114587,0.3854488237734085,-0.5837124890652922,-0.7464903765547813,-2.4655970021991522,-0.3189029509990757,0.245885987277016,-1.2040941944079098,-1.9015658546107062,-2.7256795558769933,-3.72975412361977,-2.0234896541602296,-2.8068094300779673,-2.8621486702130063
11.896825409778252,12.514534465127479,11.500678099546024,11.247508284244635,8.86926438656465,7.794807174874097,6.999374228630674,6.766396710405281,5.822266177925958,4.237468072030502,5.4081329056169976,4.122377216284594,4.059263755009023,4.25803267178938,3.8233891543348575,4.1004363396774535,4.531014628590898,4.898726378933472,4.9314495326634,3.7128406737975803,-1.883125042854893,-0.41035137194640897,-1.0221782016800254,-0.8775691005766797,-2.035645757366622,-3.508326612778369,-0.3334762962140168,-2.844804935137164,-3.4229431344275696,-4.964202873535694,-4.599723340610082,-2.7736110433511465,-3.667787950934087,-2.5421956175922893
12.951885562884899,13.191275995118042,10.365603464841548,10.563821813123123,4.944923443381806,5.967222174644681,5.578749648369762,5.07590632014226,5.4236856667682325,4.767519569331727,3.7854411961513885,3.741073286578012,3.880085844911863,3.4093015019580513,4.2224606054220954,4.90404802433866,4.209394809669211,4.612967157612903,4.775644849205791,3.2793010827091726,3.8105238685092453,2.5941121782278533,1.2126483668134735,1.8474793323009084,-2.048396868577435,-3.419912977334919,-4.430234126022862,-3.957013496883319,-4.628568031925513,-5.7760190011976205,-4.68699554002304,-5.034870512430028,-4.205290246911629,-2.872831162633961
