script/wind150m.json
{"header": {"parameterCategory": 2, "parameterNumber": 2, "lo1": 6.000198445256149, "la1": 58.999992894266676, "dx": 0.5, "dy": 0.25, "nx": 22, "ny": 24, "refTime": "2024-04-06T03:00:00.000Z"}, "data":
[rows 0 to 23 of 24, columns 0 to 21 of 22]
8.627747585834458,-4.109762034263897,13.937172727365592,9.346297600531107,8.7274382061891,16.675830337154583,7.570724071452655,13.871864482724698,13.68279884861965,14.367979437607065,8.397582705744073,3.46366913265967,-7.987355982864381,-7.316629338018507,-7.07008791235654,1.471455223818314,6.488321950660294,-4.785934381810984,9.74986899941778,-0.9120528061588998,8.726465849050884,21.440906179205196
9.606623964808433,13.610357380026453,-10.675917469677875,13.49871647641537,11.206517881419781,6.657819089785618,11.676321606715579,10.434541121497125,7.203245311709117,9.968834605474,11.913706409023819,12.135863175459729,13.263873794025736,13.85461900205318,21.79276625803796,8.464304634990986,11.476192030274195,-2.3626173958490093,7.898543037248919,-3.619688193742112,9.668643670065924,12.105355737307203
-0.013493255965631017,5.2189622596513825,8.076829830146048,12.496197700063126,7.36256062496109,9.263293308153619,9.721639068469871,11.921904016192842,-2.4655755714501715,10.691040035428733,7.064734349397009,11.626249203958324,7.724913784041914,-1.487263579799358,10.275863729360228,7.685608392575012,16.049687574200767,8.291534159907785,-4.529617657021317,-5.413007380861028,17.076128611225293,4.681060126711769
10.51609891732997,9.736483495890061,10.81924273803567,-1.3210606614765237,9.499946457636357,7.125268632202592,9.09433759519002,15.5634121988753,9.226812732890071,9.526093324814159,8.977231381064726,9.550773717527989,9.602176260145415,10.7586047190348,5.240282934673707,2.8482183427980408,7.5716013886707145,7.561828276645673,8.527561843624783,2.654886854141465,4.2504339584321755,14.061345620539353
10.516573298124602,9.057106854459185,-5.675592863909635,9.223371637208249,9.597237642776518,9.534437880611696,7.451108232041988,5.46143556805356,19.271184381872636,14.851225399400832,14.402340531259048,-0.2934091723909185,9.382443056674706,9.5473761391609,-5.066912973868581,7.909842982020745,9.50617557231908,14.344747059932805,7.465282082837259,10.472784422845956,9.06858267362378,10.966611930646058
11.54509029622614,13.016466270360224,8.867379604566972,7.710508718496928,14.510400362668237,12.322427659265378,1.925648768522231,11.778407017336402,7.961139253659933,9.127461510923437,7.747458889767816,4.640974176973864,9.358845771014884,21.02413426105144,8.236004213471459,18.595985067020337,18.68068068106485,-8.215442920446264,8.374754444751758,12.892206531696905,9.072658142454102,20.265335077587167
9.211920863745881,16.28021669761626,8.381074713555066,8.200489392057753,8.800952010090237,11.088832105524284,12.515606714885752,12.099065520307816,16.939246573146935,-3.4882578784633576,8.99048231831843,12.023593357853365,7.938142219955231,11.367783035161906,14.049875157667945,15.954358076307868,2.395004066257952,14.760704386429351,11.176317559628885,8.136166869055351,8.718757997570382,7.999927674110141
17.172722929426346,12.46501326015495,10.411594675396914,14.25451554952426,10.28972402510183,4.706721773455963,7.751831758955369,-1.6068779103427515,15.779605795407912,7.5360566648442555,16.791830055730518,12.183772989577816,8.694453910135712,0.22274570324175783,1.5963820868196257,6.0544429691598465,11.501029617683997,13.958653318914918,9.347667837150365,8.689267385290307,8.43692184566244,-2.9495425628882725
8.340827552165969,8.987170877603333,-0.6304969516487189,10.189155588624635,17.125553839788935,12.594130445827762,-9.412134301763224,-0.478258991539042,13.093419890010036,8.182759278824657,8.166131488008086,-3.277890797795135,12.086388823891305,9.076427260424396,7.3446522510460355,-2.5830376229390897,15.944896131503778,10.329459246026152,6.311211543883543,16.036799139829096,8.19158160362554,10.58454609285317
-5.133837581504224,8.038181017112066,8.970884424109663,5.268865524101078,8.369567391118247,-5.0979159780670615,4.41536006666987,13.55069701701884,17.37478269033543,18.26870106805017,11.29013369017389,13.886603907577886,9.251374477257198,8.690677503307828,8.123112734055768,8.371612561871318,10.147307603484522,-3.2421212373557786,20.748126420111166,7.2618623247504175,11.990138936104069,12.363612098162008
7.773742081792197,18.854704999036656,9.198317217860463,-10.905535262755336,-5.762649245001145,13.700924628145916,9.315891064008795,14.240487054295457,14.32936396255365,9.826468558240459,-3.600498675539705,-2.0409070863576715,9.23149136922118,8.694225587574513,-9.20425078135147,13.747064566494846,8.671113470142124,18.920680137701783,9.323696437442885,-0.16820706727471957,1.685042691509517,6.758007678359728
8.157536098145666,8.852065464181528,9.759609127232709,11.92466748246427,9.183244012844643,8.151816525447146,8.335500496250003,21.099017750948917,12.76198842453199,-2.191777896642682,-0.686036690151551,-7.267350335175019,11.422058014922849,7.495108719641966,9.630813307703084,10.237719689029351,6.0112181923881005,19.794560139406162,14.582560126646612,14.018671185116895,14.280013278972584,7.919416428958729
18.97085067515382,8.620344064546057,8.277633113167393,13.51693755245298,13.742906173117225,-0.7531876362540568,-1.0946837066729145,5.5813629343789986,0.35712214423557,-4.630237273342616,19.624954182243386,12.288023500274555,13.962919481264926,9.568161996099613,6.927024621041096,13.68886627696942,0.5582346792496008,-8.708564612589287,5.472993954063035,12.440850317586433,9.570686380160213,8.461181663991024
8.127895574475515,-0.16884740272969426,-9.551230297654607,11.90263723317425,7.422541324183912,8.164513203976071,8.58630274124618,9.144319764653451,9.481626451264425,-1.5033821714786106,7.817909799582504,9.551457379166447,7.619570157135952,6.742921235521934,9.185994723306951,8.044829611574741,-2.9060396527835355,8.7878374542324,13.145265939171702,7.11786884486796,9.136635084307022,21.055921421994675
16.138830234561127,-4.50846124210385,8.92330286465872,21.875349479147594,-4.059831178008935,8.295489674223475,6.924399442845669,8.912834472778163,8.750538637832689,21.51696697372175,-0.3942444173114439,-10.833550519604495,15.297317957383813,15.071013742193612,11.323867011505525,11.117761491428771,9.53854020303372,8.080117723079299,8.667380453739323,-4.7975773497116,13.386316313595623,17.50110150707683
0.7246517130002372,7.470616600894285,10.868570759873107,14.809619909905956,11.688234942703938,17.175866894580505,-7.011707936144968,-6.058536488329252,10.962755547495943,8.177883985703865,7.61934824406309,13.056678823944084,9.65127921427623,-3.6090276915148487,8.229434221525802,8.979814095394936,8.810726579386738,7.872087992515021,12.768210125910091,7.786772403295889,13.76483136828339,9.592012472517528
8.855131851270134,11.253672023653646,8.184794303162272,-4.660924228517181,11.40856514117732,10.349063508289916,8.773144737432547,11.186156364255703,7.621981858671825,20.030808238349234,-5.169905406308665,13.149387796580712,7.927430419254772,7.922451423881587,8.998299440331378,8.855623485189584,8.849987789818423,13.705914902939103,8.18720478350519,3.6156334736099573,-5.4832705355900995,8.903169286209334
6.926526687113796,18.747970206873653,16.734818231437846,8.076997925262498,11.708456892394402,16.217330734865904,10.27632409396837,8.807189890061315,3.264661146541958,7.579101273303715,16.77962219295068,10.044468744759763,14.10548876566573,9.687164166029964,8.768151113776014,10.984151093896696,-2.0187724845053454,5.144122457948034,20.65229780811788,9.852049449921607,12.55448242891478,12.280223721330415
9.989940102510062,8.1828400684369,8.959458780225955,15.267355136190726,8.472759868695743,9.341692043380258,16.496904997243586,9.708180537860285,-1.2918129283586857,11.377192894705471,6.524954845705455,7.706329278037897,8.747139529524812,6.229221168334527,8.561910756954456,-1.8615622008768071,13.043113013162547,8.732973343334079,2.1183118794615377,10.024792191620076,10.322017937843881,13.467435011591688
11.240040880058466,15.544938732132566,14.338095174058976,7.2505731843276475,15.648449511071604,6.083180990492479,8.992920495565803,8.918242416908937,19.832004457126107,15.864098543776272,11.80206888849203,15.656255964417483,-6.915375862290891,9.982313729341532,8.017782271539126,6.972287434958608,16.415954302678646,-2.348725457089996,8.026293519285343,8.24652046233073,9.00139478628426,6.113471600198658
12.363420755989054,-2.2108682407383182,9.226310168696871,9.382834152206145,9.385657107133921,6.755916568771736,8.116330034034656,14.15450861684941,7.673583014481395,-5.235543896796411,10.80256510419015,-6.776410838127694,10.95029362746005,11.224521442922542,9.001918567315483,-10.011260192876033,-0.9191186201744009,19.860950697067704,13.41936571343616,7.506070841355322,8.862398205416692,13.38110016145807
4.8733051481810366,17.67817108129248,9.035121546230323,-5.7625018088467055,21.65132341671941,9.618944306324208,8.815710818437532,15.879255853847132,9.596991409801719,-9.512573622302659,8.320107211479858,4.766984039244872,10.892422797460162,13.773184756342093,-1.6368276840608245,13.218404464664552,16.269004423195607,-3.270551706367095,10.836774361094616,3.83605037244369,13.250925637792971,9.010504791868478
12.82870027500688,6.939423118776124,-6.100049988074464,19.88214265486342,-2.1600210532944097,1.1886608431851866,10.846041264495303,7.4669953637000015,19.43472518907888,-1.8170781873319217,9.983474062891517,5.227920820824943,-3.213820567114676,9.38346618510624,8.625119189330345,9.570972842076834,8.10518879150911,11.950337830363585,-6.336510023637224,13.016050060181664,-1.9617600206045354,-3.9942116772519376
6.358275120834786,10.258935372032477,10.56426505941372,9.578111756244507,-1.373747802378322,-0.7546866125610513,7.980858403128956,-5.905566689013582,9.616263417394585,15.017377704330832,15.390979424918623,8.254805865534914,11.214478156829772,-5.819267090063257,17.697386542983406,4.468412765119218,14.82202393317895,7.329862171934802,8.158461626031855,8.94376817092403,13.10579693883291,14.33388763155793
