script/wind450m.json
{"header": {"parameterCategory": 2, "parameterNumber": 3, "lo1": 3.000054539987559, "la1": 64.9999836372058, "dx": 0.5, "dy": 0.25, "nx": 34, "ny": 52, "refTime": "2025-11-21T16:00:00.000Z"}, "data":
[rows 0 to 23 of 52, columns 0 to 33 of 34]
5.622648769544602,5.708815764525413,5.943744911945671,6.0091625286272565,4.441065379714974,5.076615427964914,6.316127898259462,8.155838619897331,13.85415407724046,12.672226060491782,11.342352354589245,9.208921628370232,7.33460693698741,8.315412513348832,6.659399394099241,5.025044128680235,9.013685540111046,10.319179556284038,7.468057740411309,5.373413972454514,1.5856262151985876,5.805603290372688,3.966328616185894,4.290403320689466,4.692195622581272,3.1306688870796253,2.35310159035458,0.70590161667259,0.6002548838965178,0.28654243544571273,-0.6569627426908746,-1.6170642339030517,-1.3553848801111532,-2.0816264741209105
5.891375244532249,6.168761984477482,6.502882959809968,7.046484474896791,7.888882313444421,8.331122012926462,9.35553574828616,10.232858529034319,10.150807637269224,10.414390843483032,9.771826934996355,8.193057754222677,7.129547047316211,7.219458459541967,4.983532597225134,4.296817240279365,9.978100563988614,7.864354167032774,6.8888934681856515,4.830791490742365,4.574872601873743,3.17961544410058,5.3665365276751364,3.3177228012018882,4.016969362385763,3.394345658154147,2.350513712956013,0.3525440627615135,0.7570152833445847,-0.4927073414434651,-0.26086946820490076,-1.949192974408826,-1.7985107743459496,-2.7016899421773233
6.375476561706516,6.173591790010366,6.252621578220495,6.638095733352173,6.942938692474973,7.295016722954989,7.8490914914208645,7.109343059935781,10.875201471413153,10.222645369914535,10.083221350499562,9.666070040743692,9.913481837056349,6.710792914806489,10.582791923429406,10.66526936871622,8.46762012517649,8.886273133071471,8.066456452333494,6.126289787806425,2.9102378041774264,2.621171033519641,4.980303964765404,2.5162737723495225,4.899907303384299,3.696332144350681,1.688712434653731,-0.7745555737490866,-0.260228173223644,-0.8495093724062015,-1.7892700027510928,-1.6899429009067712,-2.961151051934385,-2.8843106501421705
5.8787021031984645,5.972563264993655,5.887506956185842,6.01654483627697,6.391676927013086,6.3622744458243,9.199632444698985,9.301222023573592,10.22863202731032,9.940231909414864,9.504666752257382,8.804326696801514,8.839487214875112,10.241348476616075,14.319102698081329,9.613019433643535,7.21305625274829,8.132274981367836,8.275215702018807,5.147788467638981,3.464498942595941,1.0429006813939101,1.8350570811338434,1.735350636442751,4.117591682827892,3.294936648036027,1.3808274180199676,0.0502938644279537,-1.455901261558513,-1.0972174437405415,-1.7029226215304152,-2.3373839154216998,-2.229343400945,-3.0065772034188085
6.224455461944833,6.038810053992942,6.624253491511274,6.378833889725206,8.191168404275029,9.880008285970394,10.353933927963745,10.68404431830117,10.015672336146308,9.20806369487756,8.834957974416549,8.393038161488198,7.895986622210942,11.390287478983259,10.797976415712872,7.792157646084202,5.4888199445599755,9.704724509089004,7.19779701804627,3.1995270293323874,2.8698499893129155,-1.2347420387952115,2.499140066629402,1.9964082973038644,2.48567967512166,3.312323469872561,0.8274625219219398,0.734780831919953,-2.05325440389693,-1.471092744144036,-2.3697336856489155,-1.665807390272449,-1.6228199678161106,-1.8005299613677963
7.391109930479368,6.564558404308784,9.028296530893323,8.355757954956413,9.57940775473699,9.815586707237296,9.877925794287991,9.573887562951784,9.12885017245891,8.472416976614555,6.855312441195711,10.752109721510514,12.25142291805944,11.066636322207922,7.575174531555437,6.031660135402336,9.097794543582825,8.44414334511933,2.003268030852347,2.0476691213806038,2.692339281314362,0.6375823808596809,0.2558980654256336,2.032127426628378,2.0175844047450564,2.3376979849896897,0.004564530809436203,-0.5520017928330226,-1.303301436236661,-2.6184665227753663,-1.760731124591834,-1.4222559815441147,-1.0640945614764394,-0.3424220034241465
9.368181412981624,10.050841032830627,9.898865348345215,9.84986210283412,9.768255873405014,9.370037842303951,8.690421675681224,8.61737892559185,9.822163171658012,10.069448814974185,14.085413197278955,12.525518708139986,9.989352176098851,7.286113398631708,5.467846823775564,7.054266461960165,7.045889655874009,5.210831695431712,1.0248735713789838,-0.5081678121486105,-0.4892318220334621,0.13937354986066663,0.6477018210577744,1.706208213665212,0.5429406493158453,1.4027321566752415,-0.26397422883476895,-1.3948033118386565,-1.8979291013928017,-2.35343347637525,-2.0160260657835347,-1.8698060717357123,0.12003731705094944,-0.6474792601613473
9.708601890847126,9.555617469068158,9.371233850799445,9.225164056369307,8.998863988460734,8.546431345971188,7.995972103999383,11.158681865005969,13.033263857235434,12.350812080065902,11.789475921253425,12.060616322222312,10.233168382591188,5.253437415903454,7.112283286950072,7.218506206181759,4.139831101515952,2.724401760267636,0.09344736214437091,0.7880815248459915,-1.4165847585327362,0.037602579035896776,0.7629667317490755,1.3491870948791098,1.3692744347251817,1.4124773772900676,-0.43374759921582134,-3.1327143615178557,-1.583012435901237,-1.8356385862003948,-2.475780289226502,-1.1952036376680741,-0.42746980839343046,-0.8876671559693837
9.94097524771625,9.686206129491733,9.557296008708038,9.463314775833567,8.51427283327157,10.754135905711118,10.935988650818304,13.083566596086392,14.717916256939775,14.393849054921281,10.802002735472428,6.962343951404397,7.283618637215576,3.275376423056411,3.1112396458526845,5.183386259513396,3.8834649867890665,-0.21484307518086443,1.3326195525320683,-3.3580552668574533,-4.132578162218167,-2.9760741141446942,-2.8276703911977514,-0.1451660207269689,1.9481759021466367,0.7208166484735532,-1.4943957954153873,-2.6162830303943996,-3.0281464256237354,-3.0444980518017273,-1.976577260417467,-1.0954080057741333,-0.7237996965522313,-0.7584280083960552
9.647857466426721,9.750837105225768,10.51490565587996,11.598485081684593,12.971525825284763,14.53984875227482,15.830817713648745,14.666580627550214,12.749055446863716,5.917380157660284,6.670830057223736,6.283891459264659,2.6063265200835093,4.148284891134701,4.455993204766418,1.1183312741009106,1.7557281838312722,-0.7500493464924534,-1.7551356262547175,-2.2909946541497628,-4.946935649990783,-2.807186348772906,-0.3564713253298682,-0.7644038090602616,-0.4401572941924378,0.11721031174091279,-2.593655210791978,-3.689321855496112,-3.6367807648497488,-2.7546933007167445,-1.2640039099283868,-1.1946444808401417,-0.9560849656819236,-1.5416738301985142
11.20598641829,11.549227766880636,11.542927876629589,12.16235703273976,12.792840421107579,15.494400078911559,14.073380197571185,9.921483765713546,10.558400806160858,11.07249081233962,3.5580303134213844,5.620719781499665,4.455830636539111,0.6242349044166904,-0.41344541452770056,0.38680830410894035,2.272889396971725,-0.5680703033749948,-2.3830972894390947,-3.1094705199440336,-2.857063222760678,-0.9306744368666228,-2.1349811383271726,-1.4297477743108384,-2.018882662323298,0.35648378892779603,-0.7622019217781753,-3.9523600527050875,-3.7076970587182183,-2.5373562983850224,-0.7596105470054396,-0.8411618598173213,-1.6632170793338255,-1.8963382933816286
11.77601678089897,11.478782113398802,11.284546385515354,13.176858646755596,14.499276333276924,15.329014533132248,13.105930138983242,9.69360661847013,11.698967126872551,6.780670839713108,5.239543052199751,2.189977327064642,1.569069975586219,1.2754353148984212,-1.2341264889671322,0.7493818103886505,0.3363131897141752,-2.7405987648694956,-0.5510517398343177,-3.06191737129603,-2.29919606476623,-3.1279504820521686,-1.9707894572940716,-2.251284599621267,-3.3231662802700246,-1.3053510388039178,-3.2900431149577876,-3.7978800939515356,-3.5203972461424002,-2.3252950616751757,-1.7711607291276685,-1.0507558250584794,-1.9318641188211683,-2.4147451430851183
11.5072388105838,10.953762430849688,11.82549161028754,13.751671320226919,15.720130846461679,15.19184869321433,9.507313583821547,6.0231083869001,9.449661285296557,4.876349652584082,2.3020236266405703,2.546699188297128,1.3476548085644156,0.6588021057288623,-2.6443095601501216,-0.6456670670759294,-2.503203299006907,-2.87234456493328,-2.145145044645672,-2.356839308258321,-3.1295444520922735,-3.133602006461973,-3.5712336247027094,-3.659274119624559,-3.207306048978734,-2.9137925692781326,-0.6206156908021204,-3.2230497847350787,-2.9773085963316555,-1.7399823656580515,-1.4072220103994868,-1.8236184454756148,-2.322073135903086,-2.831990053383968
11.010710904090812,10.367813520677592,13.869339119677614,13.33443422376475,14.797013893381772,14.533809517748097,10.646085132961257,9.960411007772024,5.976636544878305,5.477629331018107,1.0934073891533103,1.46985841936258,-0.9931533428169771,0.8120975523402175,-0.47881999829549216,-1.44953619463519,-3.6392503097635207,-2.309851038796611,-2.051917220760282,-3.4998303264820705,-1.6424154193733125,-3.6907905177059224,-3.7701325763931934,-4.025304123717238,-3.554622363694141,-4.090027493626823,-1.8341856285843863,-2.932435852481351,-2.9633484859131123,-1.4158681394752983,-1.5921643937557584,-2.2861053619914733,-2.7373717944271885,-3.14229373660287
11.362948951290942,13.02798706887116,12.423342903152232,12.37834067534133,12.674454790233522,9.385129593508225,7.942696195338023,6.307567342073038,3.4859486874967653,3.634718062393232,2.3705407306508484,-0.6847776885861254,-2.9973571453373804,-1.2996061377419807,-1.0699546655987928,-1.5404840626899048,-2.4111754780892274,-3.128585502653739,-2.9657230194708175,-2.779035694702869,-3.0852257853568203,-3.570040653797695,-3.3433801613546055,-4.443702780984738,-3.2244671794649,-2.020257553344252,-1.0003158147502225,-2.679355542842963,-3.1744116860838707,-1.4116524070034495,-1.7353432320376534,-3.0289448678078545,-3.3516147936965726,-4.475582396891179
10.938419425641342,11.74594288101955,11.823612567075875,11.500060016847511,10.745868595914738,9.261816133948397,8.983884254315925,4.399358512236756,3.735020815433924,2.516610006962311,0.11524988234062344,-2.1375295290094276,-1.7616206119448865,-3.4349566971130283,-3.46042684033493,-1.7967811820775161,-2.5697421122686466,-1.5881358578325933,-3.5779484546492153,-2.1994429264677406,-2.107945510972949,-3.1338753378553577,-1.6111183534910622,-3.6067309849878497,-2.6000771044299946,-0.8766860148340789,-2.6820664017604794,-3.6993583032912576,-3.402842834609691,-2.3807779057334213,-2.439285853264176,-3.6917664798011542,-4.565797539207835,-5.42662112064345
10.67777977690851,10.957723762369463,10.736879227431539,9.89287805363683,11.657690804948567,10.584992757492252,8.918409673356283,8.093602681938261,5.747406659118334,3.0561796921072117,-1.0927569602608014,-3.2419513192624514,-0.922016733431263,-3.5880047767545733,-3.257378838515365,-1.407511839493213,-2.5915532146894846,-1.3551854912739938,-1.1129932868081995,-1.3483284186256252,-2.3917932897221674,-1.4266401263175943,-2.5724800311397327,-0.333285106296254,-2.6136021561849487,-1.8665716341193357,-4.163636482845548,-4.102117143903191,-2.9500525967180553,-2.588917964313312,-2.80869177899323,-4.122919905582756,-5.476442566070832,-6.307227836401774
10.549420210682403,10.413691784581008,9.728650280891733,8.52767867525356,8.1482831992941,7.677081257388642,8.234818890077165,6.60221003982984,4.670502417783825,1.308480164360471,-2.030472037179729,-3.1298472686910634,-0.18577989428051744,-3.475626375778236,-3.9581784205659702,-4.404026394212065,-2.6493407051302493,-0.6830643807132945,-0.39440516028991845,-1.633833466596681,-2.100890707866416,-0.9360843139725386,-2.1152524004569755,-2.0535891657794734,-2.301707723002269,-2.4306710262710016,-2.892103659938303,-3.8889603206054217,-3.33732913922221,-2.788919505887371,-3.114252643319462,-4.409441527350534,-6.2891776325347495,-7.549569782078238
9.985893621247495,9.506556555787299,9.110860785821492,7.844422688740843,8.974460038476078,8.053376888668355,10.149267161831332,7.392309095589738,0.7948032272943202,0.9079616358281941,-1.2979998625714915,-2.249896732156109,-2.8255083678765485,-3.738740299793666,-3.0921370949739035,-2.4060277106131966,-2.596229078638341,-2.299812138701134,-0.5513501539485379,-1.3039309521314677,-1.2430149857980173,-1.3816465980496557,-1.8455098247356347,-2.6545132683788233,-2.0997947058304773,-2.963562533947437,-4.203347025826393,-3.7848293402676747,-3.5250215565581025,-3.1429525432213756,-3.7977409801376436,-5.248089885247312,-6.303056473221234,-8.542304553272105
9.516618846907132,9.051626040607013,8.597778928744763,7.251120375683554,7.003698450352015,8.590793697394298,5.227653094474248,2.805494333032656,0.9927334885968938,-0.5663967801897279,-1.1842113214459387,-3.9470290344334455,-2.632913790609195,-4.494276403693702,-2.8912259672003295,-2.5357462876410835,0.08198596614372121,-0.7952919097398222,0.4870073726860985,-0.1141715536210002,-0.080523860837799,-1.2537668741754835,-2.990505523136088,-3.641042389003717,-3.420824989408369,-3.811564154445295,-4.088579244209633,-3.537369340946096,-3.759720828419208,-3.662212945005777,-4.599003226361334,-8.39780644972402,-8.208066108779535,-10.5484403438355
9.050000958842398,8.232341915658324,7.773021816609786,6.854172274274406,6.8064999437501825,6.424114914241611,5.372381608329907,4.11360149073904,2.7063556244065556,-2.127491728506854,-2.4496119276390753,-3.7166355762204777,-4.443164505441248,-2.438116583072707,0.7729173763397711,-1.7090547887008272,0.6241751415946893,0.32252153232977315,-0.3234785297261368,-0.33831639199652563,-1.455507129697988,-1.151532290254376,-4.213890565403696,-4.289993658415955,-4.353424437700068,-5.270732714747564,-4.2063092001157045,-4.0399223787072795,-3.6943551564342765,-4.332965656903904,-5.463428779996645,-8.417076310669827,-11.326900094092364,-11.69284469268807
8.24946891592547,7.750181703129515,6.951706995369551,6.34017661823245,6.5188477677767915,4.567267338114832,3.9115696545292042,3.790642530578433,1.516359494138169,-0.0976214106766431,-4.987346085620814,-5.322763604648302,-1.0997679703169645,-3.8805768724865817,-1.3833328344707665,0.39158282820523577,1.9301801237821983,2.371206433435551,1.0922654801467602,-0.17914013888548275,-1.2649499901835994,-1.648776814602277,-4.995966967024005,-4.284493899424701,-5.650130812933631,-4.271965140348099,-4.175096788369365,-4.599284139454546,-4.329374023089587,-4.871578661689273,-6.316593055896288,-9.25065388662983,-11.774880015097258,-12.119152408936754
7.588340207649042,7.117760176029974,6.12875699332701,5.524013631524242,4.816148778037662,4.481096347215443,4.815262409191777,2.1373202619492973,1.3112321758066887,-1.7174109770029393,-2.813544799782586,-5.097117045591395,-5.015569473582449,-3.4321096393077855,-3.961098051852992,0.692488625061794,5.168532846563901,2.9200097959062083,1.8156128764248458,-0.7323555540805288,-2.2445977718735666,-3.6393973542245392,-4.483997627090932,-4.356050868122725,-5.384976139066896,-4.2965407240444815,-4.355024318847212,-4.9444731162319275,-4.068015760445843,-5.278501857916475,-7.482538946698604,-10.256308462417579,-13.58510636806081,-9.96432688433748
6.881777738620533,6.2004998317168525,5.367173856758188,4.42100402246477,2.9919553610518412,4.7471350186285175,3.8495247211073744,1.348028906751448,-0.6035783245838036,-3.236955678624499,-3.9132747771099132,-3.2886925011590322,-5.374030027509611,-2.114134508639795,-1.095158386598488,5.0786777845137205,4.645273467341111,2.889668378943714,-0.2529715700432283,-2.107939951918262,-3.149094324521818,-3.5272197309666296,-3.0244659719435405,-3.5749764634803585,-4.49040667125244,-4.379066580939657,-4.194366451291249,-4.489183577275238,-5.421426375836774,-6.407274362093509,-7.8838935957128395,-11.934725378473566,-14.67430454328388,-9.90543590897497
