script/wind10m.json
{"header": {"parameterCategory": 2, "parameterNumber": 3, "lo1": 3.000054539987559, "la1": 64.9999836372058, "dx": 0.5, "dy": 0.25, "nx": 34, "ny": 52, "refTime": "2026-02-11T19:00:00.000Z"}, "data":
[rows 24 to 47 of 52, columns 0 to 33 of 34]
0.9796134041786304,0.8616090263545688,0.9276084578251522,-0.019366861078770885,-2.3381648896366354,-1.2887014484764152,-0.12189005311583045,4.705436782446152,1.3224625409360984,-0.9331619837503252,-1.6603889324483436,-0.7934080004372145,-1.5801952406159525,-1.954950009091874,-3.0240273730410734,-4.002948224901336,-2.3475100525436354,-0.4690024649763796,-0.5041451651424402,-1.1319364990528262,-2.987285867883447,-2.187984575885969,-0.9897789001276575,-0.7328544149680455,-1.4563503411629015,-1.3674584306804825,-2.1992905740158895,-2.2137294984548586,-2.222759409002527,-2.6464224301442623,-2.4105204395082813,-4.622793517567725,-5.311594922975131,-4.52103460186854
1.0515687276717856,0.8037165908718861,1.4735571298970338,0.8987736317326057,0.3229034057052277,-0.5077915852669307,-0.8854052926429117,-1.5762385310967284,-2.1537275504860656,-1.4937265906107045,-1.7311346210059833,-1.6894243104203128,-2.16127874107169,-6.058132253093692,-4.641379890650873,-3.1037416121393324,-2.00034232385854,-1.099782442178232,-1.49423926948858,-1.7695996228526205,-1.3122351943056132,-2.0527732516002937,-0.7872490811061962,-0.9064582363909163,-1.2980905805017044,-1.6806340065061165,-1.7954878968818067,-2.0008086874664395,-2.7311174221802403,-4.41569415924197,-4.875696485034873,-4.348655199192065,-4.593569025459596,-3.3991323800540623
0.4328384029743954,0.723383739009648,1.1358366903421204,1.1058320190703226,1.211494044984186,-0.9195594994542713,-1.6815589771543944,-0.9866835180808061,-1.4129491958348264,-1.9461477460525594,-1.7614238512436262,-2.1275932767220094,-7.819384775886909,-4.730932643683398,-3.0403386205960445,-3.4125578585289142,-3.5587739809008236,-1.0295752367270963,-1.1726476110477382,-3.7527421740968245,-2.247435274682243,-1.4226364570717303,-0.9488498851965054,-1.927261672100797,-1.5752078021999978,-1.658060158607617,-1.9660906861116336,-2.3132199305269165,-5.880362317147838,-5.908282452708699,-4.193186953526992,-3.661167242433094,-4.756210392423863,-4.0789318500991625
-0.06139838103505385,0.6825851835622075,0.8692102885693911,0.9878681105406447,1.0724528975849594,0.6833221601483034,-0.2135777301388347,-2.0810557290940173,-1.3364533543615347,-2.1119303755394734,-2.3397097841129204,-7.857099677989275,-5.196204009322453,-3.0716329146196535,-3.6317545315880455,-4.000192180921543,-4.675773601863768,-2.2130566709562856,-1.6125908353028642,-1.6159980260014548,-2.7769046980950196,-0.7109318599844444,-1.28219138353468,-3.437051730800575,-1.205694470057235,-1.5666586760300762,-1.7133504193577422,-2.079408234875235,-5.426446240336137,-4.830706987230454,-4.217721648584096,-5.522369562483904,-5.100894658879293,0.6446262193532848
0.07710880193868988,0.3970281258614511,0.7479563778169288,0.7658138929514,0.23876854903347036,-0.024713139672219563,-1.4538648930109128,-2.3226081314579137,-2.4185197149694666,-3.1481476574000187,-8.764524702884794,-5.772690489214161,-4.471629644396094,-4.134316994353069,-4.241780085651032,-4.883190620029316,-4.782947861940905,-3.3592679691452165,-1.8329659297896854,-1.1452342208580788,-0.8546657573874166,-1.0391404405174187,-1.3389767719535015,-0.5752009200352586,-1.11557106585839,-1.4470960478129002,-1.9745098292889491,-2.2641779675344735,-5.7921394285093895,-5.470849835337115,-5.6194868027729585,-0.4151475733180995,-1.1413945536037513,-1.2374027946359403
-0.748504485607419,-0.2972938835115886,0.07340878569909773,0.39237017369351895,-0.0450192190857399,-0.9546314130527435,-2.0959385288832775,-4.174574561989176,-5.9764603623882495,-4.764737806951064,-4.815891051234047,-4.902020893379988,-4.34741538678736,-3.5505183404413736,-3.2837078011914667,-3.6729358049696588,-4.13075947240441,-4.081827592136439,-2.2530939022677794,-1.293089281680759,-0.9418300054222881,-1.0753185710070696,-1.601911217096766,-1.0929794214717454,-1.5786082920643274,-1.5454241284395576,-1.7913779358636932,-2.0540624367415203,-5.801440211299802,-5.2781201839521295,-1.5422879290004707,-1.5402211372186474,-2.057568810556323,-2.0709920228591194
-0.9065189391080921,-0.5460995920300417,-0.4312412646627578,-0.7269750941489624,-1.386601847309345,-1.4520540776863546,-2.179586662976306,-2.6013175155014383,-3.1816962013940198,-3.614075504629742,-3.6465636615919643,-3.3418263202255982,-2.26574372937343,-1.5213789655819792,-1.9916075302735534,-3.4460854293026486,-3.672953307107624,-3.193121632819086,-1.3856943584665546,-1.5903452064852597,-1.464005612693004,-1.3027755243668595,-1.6221058140602216,-1.1149907741722216,-1.456677868542378,-1.7350414115596313,-2.1024264680535194,-2.4519536170083507,-5.351630786630547,-2.6440426998855426,-2.223595588069653,-0.9270597891131354,-2.234877341991965,-2.225657252930365
-0.687832483936945,-0.7760275104111399,-1.0034232055064383,-1.236230677465209,-1.1077329977770594,-0.8881677239857432,-0.9134607478259783,-1.4957743935729477,-0.3362856845036244,0.9357298358747563,0.3366031707240377,-0.38729982218610515,-1.407781945296838,-1.9611780660882188,-1.9739238568671826,-2.287858410015649,-1.5119839008186389,-2.848906046785799,-2.90854321459998,-1.3151189220310373,-1.2031886924629949,-1.2046428687712343,-1.1205689205512128,-1.3617033442609157,-1.7001180546837251,-1.8308807210248979,-1.8127065296398301,-2.9502300518822477,-1.3310701656296868,-3.120101602763129,-2.884348027172548,-1.5476429731452164,-2.4430809069130124,-2.219180960378068
1.3481150569778102,1.0824918976945004,1.081555794148892,0.8980454356571871,0.3660406385194843,0.859423329748342,1.466280472295274,1.296208212521012,0.43676928471884985,-0.045177222626548386,-0.6565082677868906,-1.1209933903325344,-2.8836247798592467,-1.8823654714754114,-1.4134401521627113,-1.9948619249161936,-2.3850168032244565,-2.555339544256897,-1.9596754632405957,-1.3899571295684776,-0.8521919830083339,-0.681965401415374,-0.8637385856246802,-1.1617791281619,-1.1437269619497539,-0.9632131022510437,-1.4737051643063661,-3.2217951764987443,-3.4320629896513535,-4.133906937795829,-4.031095211623895,-3.3657747642015257,-2.6969408325605837,-2.3112684731306885
0.8046597842865475,1.0294676306594184,1.0690624210042303,0.8038613604461684,0.8724730316406875,0.9685448626004517,0.24932060157758026,0.4069847330738328,-0.1143643671727379,-0.7228953846684975,-1.3516493894113972,-2.0258564444626814,-2.270232302369299,-1.8648250187156723,-0.9831344301035411,-1.4566172070979362,-2.0575649383082184,-2.4161556864455385,-1.736646068116996,-0.8834314671995863,-1.0492871123557443,-0.786064004878133,-0.5877295154635162,-0.9961983511153194,-0.9784486574147521,-1.2766017431524896,-1.5745924493796175,-2.616436619986072,-4.592582474574729,-4.424348845968832,-4.700238845025196,-2.399674691786241,-2.27882079776712,-1.9416425058159212
0.24312456727147988,0.24104272456070866,0.04198512772647773,-0.03847137596959853,0.0265712369403331,-0.10169550278809272,-0.4907898266288354,-0.774976696558558,-1.1274350323011366,-1.8365440731951301,-2.2039766386681694,-1.4311660091198288,-1.2680925180400477,-1.8057772370017446,-1.0491503913411184,-0.5409746076409451,-1.4135720294521366,-1.8557888986766236,-2.1091268006282626,-3.354980077265734,-0.6851263826784333,-0.7307052817011334,-1.4039037569503847,-1.4136868832572262,-1.2601728698084274,-1.4691159516708696,-1.9345373848664782,-3.390659193838455,-4.763392215199169,-4.857726654643549,-2.243904302759564,-1.9061602581626287,-1.4393620635087996,-0.8061692686058263
-0.05285730202771417,0.05515224814383216,0.2058072545075601,0.5009268470846749,0.38008575753423246,0.10306654385575165,-0.40840922253127737,-1.2592878837585983,-2.3087670264732436,-2.6899620394628427,-2.467529150883704,-1.3141925193074397,-1.538687271501273,-1.3309998099506861,-1.3660972667700213,-0.8195683704063149,-1.5746829207221802,-3.028806082119221,-2.758874516696689,-1.6371825498803616,-1.4254767304861005,-0.7704817555658533,-1.010205415353289,-1.3809898253457602,-1.8480491429431016,-2.376669781406316,-3.799549559504081,-4.237995899523441,-4.126632029838197,-3.2478068772021396,-2.5514400066756817,-1.5518557753760216,-0.14199239950568973,0.15195692211550962
-0.41272057287574593,0.0623714685333792,0.326227449379674,0.24841134368719375,0.3158368416406442,0.15180457097717928,0.031104563941532257,-0.5090343660523691,-1.666316229072585,-1.8365194863430723,-2.634032070890619,-2.1823623284904285,-0.9323415067867676,-0.916102726453855,-1.460935020992415,-1.1705626836004126,-1.8673736939500056,-2.1505214731733795,-1.5500292187609772,-1.7465835865788448,-1.5313161635710724,-1.047070276844207,-1.5601209519856984,-4.167494985009028,-5.550150873473944,-6.470737463659862,-4.891967225341243,-4.399535136531492,-4.268909918560225,-3.2390725095877797,-2.6502727383761524,-2.0115872248313518,-0.8350069267111591,-0.07327329215351773
0.1988799315943145,0.3280573704853825,0.7333072044777686,0.9497301064400162,0.5760424970747196,0.3193342604213256,0.2676150850489496,-0.290760906751267,-0.8950118689086728,-0.9805751057434248,-0.6522421745860449,-0.5717221044246575,-0.3909134187285591,0.05995514308345534,-1.2267939308231117,-1.8464567373573664,-2.1264329003846356,-1.5253224549198383,-2.1475074061034243,-2.189144958144603,-2.394340404304377,-2.8980657227923956,-1.8765039867669002,-5.604194981860169,-5.2923764625984955,-4.2393483896112105,-4.575168319466703,-4.538765878735679,-4.116878958072438,-3.6476717178084095,-1.9410905294460272,-0.7538212881022125,0.230274975731744,-0.6452647600109859
0.7741440301003885,0.8198717321545416,0.5661860533939246,0.5669793970832521,1.1700697688079802,0.9282454926572776,0.6592600820055101,-0.15456638656094068,-0.651211076147005,-0.4931076012606738,-0.6838494179777471,-0.44557477294811126,-0.03576474426435358,-1.1646531565028442,-1.2619293347609304,-2.4117420942423715,-2.962171806980318,-2.046315760172074,-1.9059451712455948,-4.177717838165043,-2.458621297904987,-2.74612419464795,-3.691248595202944,-4.575740054469339,-4.0539272349817495,-4.046486167871503,-4.698929041289549,-4.765742820995348,-3.3061586717550315,-2.5122349879421972,-1.9837025847001826,-1.8228976904202168,-1.2545556239188025,-0.2082760359131105
1.2906705371698315,1.4064469677170952,1.3592447855851,1.870266823884298,1.3831191500958424,1.4947871613741097,1.4805720763418984,0.707266085350989,-0.134408225601415,-0.6321215496065558,-0.658428219540044,-0.2686439015886507,-1.0009156078241483,-1.8278007653686974,-2.1590830347659256,-2.144672957425134,-2.6840538772282554,-1.7173732742512877,-1.8996439749708112,-3.1408826318999608,-3.2383038918314844,-4.201131031216041,-4.295748391236791,-3.942243127383962,-3.9519167342862893,-3.749312581245726,-3.2193970354244823,-3.0260118323959513,-2.58252314606606,-2.355822173947616,-2.1458087687654994,-1.802407484181874,-0.6207939076859532,1.2045922619488665
2.5329671599270362,2.1688218366812007,2.1293469416335298,1.9521258183234276,1.9215695861892497,2.134598408630715,1.8812438971356857,1.4687606178849006,0.8835046487987495,-0.011795366159250333,-0.7206628712501922,-1.1336085776440838,-1.0022752753384128,-1.2336813638034485,-1.5973740088939172,-1.6437047369673847,-3.970114241422004,-2.865812418676661,-1.720117196021918,-1.4318350129235617,-2.7883978120035513,-2.7948293810482254,-2.7153700109405507,-2.502740604240026,-2.277236134566094,-1.920067585461462,-2.1785507322611934,-2.5657857276397946,-1.8829705702856967,-1.0589226529111302,-0.24346049832101138,0.7629000494871536,0.2956474666491826,0.11663568532269843
2.8365478852819863,3.0043427966230065,2.490930434216164,2.289984331194335,1.9955622100264359,1.8574926731305792,1.9719567119688397,1.7615693913041315,1.0704442927133222,0.3458913415639558,0.2670435482362461,0.022825935147328696,-0.3729412504631573,-0.9970583341022428,-1.7174206347158365,-2.0325954592355653,-1.548572031172799,-1.5367249690362765,-2.1498199135710303,-2.013982868404638,-1.8449180771854699,-2.047049846358257,-2.2164437128348147,-2.2424559765456564,-2.363876861005929,-2.310697498267973,-1.9693830627635363,-1.82851488585339,-0.9397410569979405,0.09862294737709415,-0.5718472783828048,0.2993702192915712,0.4021668927080207,1.101202361903631
2.6494229579368724,3.186454380972714,3.1470697286066964,2.772724178183666,2.4299702839497215,1.9889340783499734,2.1024160651342094,1.3006875901036725,1.6982768014246266,1.2281247976290757,0.3700276726840096,-0.6246509039164435,-0.6274643307074621,-1.046974199038923,-1.3461323164957533,-0.5880300642963349,-1.1290535102716588,-1.6064339025594294,-2.1530118806607668,-1.9690239083328984,-1.8060480582351874,-0.7426421924918154,-2.084701590294429,-2.271445891733078,-1.7833855051013168,-1.7886389827157663,-1.6065283169203062,-0.9282707204751082,-0.5448665072750524,-0.358280437814013,0.6708395014817061,0.11162589551804158,0.47658431071887375,0.14957149890828245
3.3825854464232856,2.9641136699766304,2.9729003689763567,2.7696893191118854,2.6907375848866155,2.2848013701902508,1.9303924498208895,1.6281758294354107,1.7234344250345865,0.9280630737374093,0.18844432591286103,-0.6529331394494893,-1.106208833150278,-1.1812517134495022,-0.8447718831032915,-1.2448366833686626,-1.1464823081561897,-1.4953378223483216,-0.7955400226064242,-0.7709540957405505,-1.132168274679108,-2.5044757756675278,-1.862590299567493,-1.4639856929174773,-1.5056982573260962,-1.271586762865979,-0.8415962149907722,-0.172577905836448,0.5592557828530241,-0.48066856738968694,-0.3684118184738388,0.05033535579185773,1.4795909041529967,1.7143324287778867
3.9235773571204295,3.3634659430338445,2.642097391830332,3.005005263542748,2.3520318162837306,2.0977568229629098,1.8780370884219324,1.7033679156298105,1.6437180933932232,1.4902941992142513,0.6238764290561258,-0.19867119890015,-0.8884651111376727,-0.8085325583927383,-0.7866876454372145,-0.7372905051448693,-1.7892525618978992,-0.448510214961995,-1.235317598958066,-1.8798485723428924,-1.184258458936497,-1.2414651034671482,-1.2266641316842433,-1.2257074453286088,-0.8535638423846029,-0.5240596684470971,-0.5608414337738924,0.6421757752462648,0.3273709421771554,0.6489125089487807,0.18318166815794412,-0.1539894483877557,1.9979334350493405,3.562601660578606
4.605974988787148,4.451109245345689,2.465662266573861,2.701096518076558,1.9282463210482492,1.5764093672300805,1.9570326872079713,1.2602017625530313,1.2099112937896723,1.0701672854609947,0.688110188798079,0.26723377302644025,-0.313321862276906,-0.884516521165843,-0.6571773841023261,-1.441329392179394,-1.5320398936517274,-1.0597768322821717,-1.7207532253355684,-0.6151611306721473,-1.533997419943341,-1.2931701442400048,-1.2229539161737608,-2.4149460812333943,-1.0344837836900003,0.11888182016169094,1.400526520801952,0.5141828516245676,0.12909676844582413,0.9366998895080827,1.0639502254714064,1.5367380616954867,1.8309051119145545,1.6414107510882692
4.072649012207876,5.525532915969926,4.925911656323876,4.108774704957241,1.7312415923029874,0.15807674311501266,0.7998338474222777,1.4666976219725276,0.8102102282415079,0.5502241088810819,0.16609882676651197,-0.023563654111544985,-0.5809601130072736,-0.47099318551607816,-1.0188073462694927,-1.1689589166834025,-1.0241117264030115,-1.3923617248969489,-1.679131433583255,-1.2650942053365877,-1.5753348457691625,-1.1140871213057129,-0.953851863149661,-0.45552442375106766,-0.29986301429207624,0.27871489654329645,-0.22468129985243393,0.17728036805370698,0.8846579075566275,1.0488858170692263,1.1507204004226916,1.3169671530463851,1.9375934046702044,2.4039418957954064
5.7212680376557685,4.155028437139485,5.088244075536419,3.100287923688525,1.2348338654822408,2.179899885624857,1.3911049895982837,1.0887951431591874,1.0367253382323331,0.44546915714574525,-0.14388003176884798,-0.20063941422196394,-0.871769784556669,-0.5161816093113841,-0.32270930023287836,-0.5276949274727957,-0.5965079015919044,-0.5633961317021504,-1.3088395594161568,-0.8220230950428331,-0.9394258608059236,-0.991427242601428,-1.1318282032788483,0.1075737103925201,-0.3066407094668193,-0.3034161345535661,-0.47682463321029617,-0.5704456567344031,0.45714982451375247,0.8235878850593402,0.9937311472313766,2.4259089139421985,2.118496016357722,2.8788934905362673
