script/wind250m.json
[{"header": {"parameterCategory": 2, "parameterNumber": 2, "lo1": 6.000198445256149, "la1": 58.999992894266676, "dx": 0.5, "dy": 0.25, "nx": 22, "ny": 24, "refTime": "2024-03-15T06:00:00.000Z"}, "data": [9.39812948574289, 11.275822008735402, 4.331926725027458, 9.264337332061999, 14.139715188148068, 9.127590916596864, 9.119027934174438, 7.047077149372956, 4.255350877638346, 9.845203921724421, 8.202440075140355, 8.995497254168633, 3.5343380908355586, 3.020462092787766, -2.489338655394172, 7.853619300400439, 13.256810246850169, 4.39090485049506, 12.527281940754872, 9.514232997582974, 13.5926723861392, 3.130050244563412, 1.8496535687322686, 3.9764496137897303, 5.515141397318444, 1.387459148502157, 9.781023116793786, 8.830073277979801, 14.890978876578703, 7.832619886198223, 13.17448858023653, 5.448443908794094, 9.797586881194285, 9.541824755777574, 7.681427862659236, 3.7570568992003164, 4.44105968057759, 11.330455515889062, 9.166167486992777, 7.693483826606732, 6.449258491463915, 9.259629101824029, 14.093916791996064, 8.089159093165852, 16.283625394974127, 5.7421878518589615, 5.5241290126649245, 5.4122571916479085, 8.700089235779274, 4.180498196602246, 4.970593404386325, -4.227070393171016, 13.728583263994588, 15.62245201231111, 13.502031982479636, 4.6125031604685285, 9.687128660611933, 7.635071768985417, 8.69582114227435, 6.208494836921569, 8.91623510820758, 9.733121023544394, 4.567972305086351, 9.706438094281312, 5.056192303252291, 7.2874130316420915, 14.711515742347054, 8.28330877038237, 8.153600005792338, 9.174254620966973, 15.238445449025356, 7.095090001095529, 10.517149083707745, 12.754776113614286, 15.177465142651505, 14.733832822563198, 3.9791516993710276, 7.563654661642233, 7.221164364413269, 8.932578272856277, 6.78617456107859, 15.658456319604594, 2.9594248031584396, 5.514466845769166, 12.283295311352317, 9.693935340441891, 10.397435155007797, 7.533179536061538, 7.7980070273089055, 8.555503049137888, 7.325871630413783, 9.601167460773468, 3.1942523823354017, 4.367531542141937, 14.159219960388784, 7.948273135813108, 11.210805056377017, 9.192570573959705, 8.277975088264919, 7.398466146277713, 6.76411121850406, 7.4946190193991455, 5.560941100917063, 14.881840032875935, 15.975753835161106, 4.110596813299295, 16.095756333630906, 12.360993890393937, 8.708666378884347, 10.255523778612572, 7.117424404478086, 6.5716114465303415, 7.802259187261185, 7.504914072725927, 10.83448286267861, 9.443706207688557, 8.419017658576763, 6.9492927080311535, 5.490722888957512, 14.84825337146086, 10.357376920177545, 7.313172762619208, 6.507311076558049, -0.0233287416404752, 3.365040151143455, 5.640472318834423, 6.547400597056698, 9.135314371767812, 14.982229889669814, 8.702848964377287, 7.04649195070659, 6.839117794468941, 7.063780910126126, 6.746971215920213, 5.069137947410045, 5.129429091852786, 9.073091562608683, 8.517257838832936, 10.867680201234613, 4.467775609233406, 4.083533670301938, 3.6089156141314116, 7.614808853395103, 8.501770267903963, 7.722549075184568, 6.589750915883636, 7.1850686677716675, 4.780917264338155, 7.867211224907091, 4.0260679910579045, 13.467969130393467, 6.238511395104966, 8.37115940263211, 6.647211482578868, 13.379184477511998, 5.862037259839193, 8.483869697633569, 10.495282175696747, 9.564099220695987, 14.900820030088061, 7.131329825855802, 8.70848273817354, 5.198641315403944, 9.439339061194334, 10.674933531213943, 6.301517409323617, 13.918128906055083, 8.152965179611428, 10.47126146178941, 7.074732790984334, 11.480033517753606, 11.183919489728998, 6.733246552474312, 7.582959395342973, 7.476023743422259, 10.080090191817623, 9.272928541361399, 14.716959466824397, 8.938720033573151, 5.240408705448292, 6.76774931772095, 4.080969232091617, 9.725704632301921, 6.497356002014413, 11.134785440596701, 10.58220031963244, 6.60585981135522, 10.828592560706632, 15.266143498999064, 13.863958767919394, 8.203682031440575, 4.515981832634845, 6.212888821195378, 15.135618036126026, 2.9838071789740073, 10.106820703622173, 9.19156216189691, 15.007437052595465, 4.70490066282984, 9.68250818499357, -3.341158941096602, 6.567873081270751, 7.098406681241656, 4.469528368863654, 9.209382848899258, -0.7667320298103435, 3.9177706256535116, 3.753572979460944, 7.203335267784117, 9.507373680108657, 12.65504259316658, 8.321053876491895, 8.703401441779612, 14.965705556356601, 14.2820376619892, 4.964900155999039, 4.097117590272909, 5.26904401072824, 8.224145907929328, 9.901670275541655, 10.49316264091374, 10.306241127408207, 10.82621828059539, 3.921072891935673, 2.8212928252497367, 5.032779467048222, 6.347032530831508, 8.53952374209972, 3.711664648780754, 6.61101591639609, 8.859083711488568, 4.292092578891197, 10.831687949039146, 4.357065613881007, 10.572908196346118, 10.552605426785957, 9.820907151638904, 5.7041988288031575, 5.90827993631114, 5.394949052843651, 10.093077073715534, 15.744538294801254, 7.071267748584423, 8.809750225082857, 8.43515373038084, 4.826631196856282, 8.780844572041502, 9.956671062155038, 4.6959533082834675, 3.8565476019732343, 6.031815293406576, 5.6825099488758255, 4.789981674718014, 3.3879342639964665, 3.8823159455554626, 9.420527894239891, 6.805083949368762, 5.351085553659002, 9.571923605404255, -3.3212345001505947, 4.198771555517324, 9.645962227749244, 6.638377385161609, 7.481010560560269, 5.781847200142446, 6.444444734905855, 2.7048166873849158, 3.6724038964537686, 4.965350296809504, 9.690957240865943, 4.589446029780832, 6.725818276700133, 14.040669076759292, 3.9760707956337145, 3.4164519303968905, 14.242425779991356, 10.615398844808183, 14.944907332298632, 15.393127090403134, 10.001141937609573, 9.117760917916216, 6.900291908517633, 15.38374100387318, 10.957536599548122, 6.801221551048846, 8.019221700319171, 14.081207321098375, 7.593950975564233, 9.065259052470319, 3.2744737446933017, 15.212984224685044, 6.878722513473388, 11.153112056060714, 5.732094186072873, 10.349918275986939, 4.374166177055386, 7.9315098092492855, 5.358074899379145, 7.041823650319487, 5.012507595710197, 8.202074401470554, 9.122317660307289, 5.25232430405977, 3.07426995558755, 9.880260974387364, 14.680955786997904, 5.036585517027152, 5.121215526606541, 4.122350731232489, 4.45200249563406, 4.201041394660664, -1.0277236567519237, 3.166542526230264, 7.471456869117825, 7.806126132208131, 11.284248312717935, 8.059635311062573, 4.038351362297629, 9.559651941552728, 3.8972380638516473, 10.016729385877614, 10.41395944822038, 5.457279235326411, 4.333118992690232, 14.103869846914845, 7.404118969789961, 3.714172914724677, 10.764786132774155, 10.660556492703913, 3.3073311014166067, 10.712120381727757, 8.357880760692279, 8.073339819138775, 3.304576246646581, 13.70947875664734, 6.417532987162639, 1.421790630284606, 10.820583496657639, 6.4032157807457475, 7.1092809504738215, 8.624276436758286, 6.123575276298827, 12.43951522551923, 9.434759555615136, 7.735798904526527, 0.4252150635557909, 4.193845586661702, 8.510688580033003, 4.0702228345084235, 12.521167161541129, 11.13404998290683, 7.074239799733384, 5.834002276743506, 10.144034673863768, 8.309588098082033, 10.896162844111116, 3.270849439195654, 4.4971365221389465, 15.522932028363265, 15.289312687363429, 8.924368351702062, 6.9022871951029305, -4.384378812361507, 7.091812451384998, 12.937294912800624, 3.2934649860427903, 5.198601858679226, 9.732494206303487, 0.4206191259636692, 7.935136352548186, 7.9565279875094355, 2.4585347424454915, 10.429095859247328, 7.921033103541272, 9.769363832490603, 3.525653180992718, 3.2790945300124883, 9.00524622046401, 5.497345472084311, 7.0655156307534925, 8.762269783074876, 8.596508407391017, 5.5911153684030515, 4.589170925255856, 6.625907413227468, 7.846541659453112, 10.233465319700192, 0.8595772982404878, 10.353888884058525, 14.215211600505196, 9.134353687033817, 9.980616400233012, 2.3726975880391343, 13.35106009595422, 4.746830718755845, 3.580459481110032, 3.6530651281156157, 13.86723934718658, -3.8028141334632335, 14.44996533360905, 16.35507177908553, 12.548260853412255, 11.619213682458133, 3.8203054435840187, 15.645758983475485, 8.917448020931095, 10.519479059184292, 9.101396369746174, 5.566558189815293, 7.70344352072043, 9.41285207299019, 14.903100934154537, 5.92439139197016, 9.915831460776387, 10.320269975320386, 4.405132448001524, 8.005985783571672, 6.156427904844879, 11.114339176874399, 10.540417581674836, 7.608087760783845, 11.596355502481867, 9.771573381460303, 15.20109671365953, 10.095080475762476, 16.233304697401472, 1.512974434332394, 5.715655429381587, 6.283368908296411, 5.7423937140078545, 5.846664413501275, 8.356548823678478, -3.139057265537319, 14.3864441565794, 5.180146649640879, 8.64006771531169, 8.487610361215477, 9.51590307252937, 16.075813953276228, 3.8220151979034505, 10.636450061806432, 7.812629362302665, 4.516752821394758, 6.976643458331862, 3.606296104485763, 15.353824351749692, 11.305811924240752, 6.676565996665718, 3.984502609711896, 11.9581453606547, 5.615622089445326, 7.272190474471202, 11.113446991038725, 6.636774125014685, 9.766317567770056, 1.553762343653767, 10.492609192279012, 6.88537646246106, 12.26256614019999, 8.153993639265112, 4.979892503091485, 6.537608700910023, 14.968469976065158, 6.998470955569586, 14.99310646665762, 4.858375947017551, 9.725819112233982, 7.458014095138356, 6.581551252678313, 6.529599862961417, 5.01295860176029, 6.442806814970624, 9.160413545844355, 11.565977388843608, 0.6799627688650377, 5.3674184118652555, 8.770486515836108, 10.723960188197264, 2.7446920079197397, 9.632858157228497, 5.76018508468164, 9.939916105530134, 3.2474456474724787, 7.733389032691508, 6.173084608873543, 4.5934340117326045, 8.130978628987238, 2.539744710356713, 10.103365416446414, 15.978983695106654, -2.47909561371911, -3.8116083444457827, 4.32143513333282, 14.023567184651363, 4.039270473575806, 9.946990338529634, 7.165038613130215, 4.824384393908732, 10.936869147032345, 14.691469397723223, 10.16058089231799, 10.358475990597027, 10.070088710683295, 3.407948915157167, 6.708390849349434, 5.4132533963017275, 16.139568171557645, 15.676238198698071, 1.6995552509026859, 10.424210226595443, 15.26537412723445, 15.26399324748772, 8.687992259727288, 14.95384439130907, 7.028724060872333, 8.707380876395987, 2.760632178209471, 6.797628031173141, 5.040887250847286, 11.508884880680524, 8.959832329000596, 7.693763796791181, 4.354566175830164, 5.358908694755125, 12.340815652812953, 6.002561127444514, 11.947189070362041, 3.7547367856958367]}, {"header": {"parameterCategory": 2, "parameterNumber": 3, "lo1": 6.000198445256149, "la1": 58.999992894266676, "dx": 0.5, "dy": 0.25, "nx": 22, "ny": 24, "refTime": "2024-03-15T06:00:00.000Z"}, "data": [6.960907457275177, 8.042656631024464, 13.280321518083287, 10.595823166992819, 12.397737469110474, 7.225484930792263, 8.542301101861751, 9.787401244663194, 10.497773084641425, 8.248213090333417, 15.800039619417761, 10.295131275027778, 11.40278332251295, 11.326138150109916, 1.4700973867297795, 9.04017853546109, 11.242585232087341, 13.05368972474307, 14.155492477488579, 10.127592220786944, 10.584224487751982, 6.953937669269611, 6.579356561066566, 12.786940276150359, 9.219960923839322, 4.503302733224102, 8.047113891153346, 11.29762418722396, 10.13000225811047, 10.585059630953884, 11.098575500841278, 8.676139686690822, 9.425408850996474, 8.531996512848096, 6.715969094672448, 13.101167183714646, 13.058948410953441, 5.811682998288651, 9.379803940669536, 9.459096841017116, 11.12648521058124, 9.229650320414915, 10.439945621646478, 8.50555512117805, 10.254588874134186, 12.076910706963115, 8.648700016788508, 11.377880055325214, 5.436239908699156, 13.685109591784009, 11.16616525963536, 7.2717881435227385, 9.077716817320447, 9.349498818495867, 9.321756985986779, 11.263285779991387, 9.053436015445882, 8.193428647687936, 9.315608611049868, 9.471766873181426, 8.660123006408918, 6.601597392482359, 10.582955150216502, 8.010701556385039, 13.950653831244857, 11.282103014325942, 11.486314198339896, 11.466267521865666, 9.432728257581362, 9.714589978768103, 11.080209570943124, 11.12996875286333, 9.760238760690676, 11.239855928072751, 11.589214202121864, 9.972435906333638, 12.66007822720098, 16.14266328671374, 8.402420329775435, 7.2272505177880175, 11.153326517008592, 11.560509411952646, 10.760284283408344, 10.848423267489357, 9.118261053714297, 8.72945791132322, 9.83267783398049, 9.813754136737996, 12.391701583514216, 11.497251952561328, 7.2996378112001965, 4.692375162547016, 10.89795401413187, 11.324168050796668, 12.940033548422697, 9.211843743644124, 7.5863809928613275, 6.945957386339391, 10.494836962173391, 9.829197987010717, 11.083547302552969, 8.24298633194627, 8.49910932744071, 10.10984441456341, 12.073784011269248, 10.47412515475662, 11.527278403050724, 14.394780684416556, 7.758735216187572, 9.606288268753492, 10.134729886390515, 10.277308275972304, 7.981992177486379, 10.911188354316401, 5.837660129959638, 7.246509721768543, 10.211622602004267, 10.16136330769796, 9.06081876124497, 10.87023197585476, 7.426592415125866, 9.916445786645511, 8.17309869122697, 3.0024890132102047, 12.202199583871918, 9.95987299490628, 10.611087935606664, 7.14379299776584, 11.539325154293936, 9.231131412730408, 9.8930426302309, 10.025406482669743, 7.946785969697516, 6.301412415254608, 10.407666912002028, 11.289063078139252, 9.398445358869411, 9.113964103442994, 8.144757809102927, 13.05397225504622, 13.115635484457465, 12.427957288018172, 9.291957241171197, 8.920870421960526, 8.46206709567926, 12.9591453653129, 9.654047196634771, 8.984402961726394, 7.646299940170451, 11.204437977116983, 12.468326781161121, 7.408434185888252, 10.634550979217192, 8.609125734996168, 13.494354180631651, 9.892949112636517, 9.529320832142213, 5.774844846246076, 10.659182738452888, 12.927982344298002, 9.335220435400636, 11.230915633864031, 10.439563960302035, 10.371498592013316, 5.220946483347437, 10.004641371066619, 11.382268086333433, 7.822446842566152, 7.264565985177434, 9.938112149553037, 9.378962893972888, 6.911684982190893, 7.621638572101718, 10.522265142463342, 10.665399613853051, 8.537453128946796, 7.528418770973366, 8.898405076203897, 7.541677138987157, 11.46076168273364, 9.167147872513642, 12.89403426037749, 6.830545272297674, 9.000583080513714, 7.8772117534622845, 7.222931252296472, 10.569446695731573, 8.764842959447503, 10.743824894212295, 10.383674339247717, 12.912874446622423, 10.860091856028516, 10.338700297685605, 9.293678182952847, 10.572798314719247, 7.4114799236940065, 9.35546548100701, 9.230121526273722, 13.469110737211203, 8.983925136476756, 2.922178506815467, 9.208280134299091, 11.073543986488433, 12.870880130112836, 10.003984682274046, 5.390491766448896, 11.17510150969022, 10.841121384767446, 9.981351602383876, 8.756051825011083, 11.92482878674249, 11.678106880218488, 9.668117182173717, 11.187751946208541, 13.266898223176764, 10.628367156961783, 11.251050759029974, 7.979441261179981, 12.344047493920687, 7.704558012712484, 9.494895265988193, 15.140480627075327, 7.389304655117964, 12.942429182944684, 11.356737431879615, 11.661808687574128, 11.146286534488961, 9.686653414493549, 9.301036764254473, 9.060394505879861, 9.301061340589957, 11.21261637224207, 9.918950507369399, 9.69232231210709, 5.474915726768702, 8.953641974760737, 8.108971684250848, 10.116871056796558, 7.5727824470444425, 10.752975319031705, 10.021322821803233, 11.948056779509953, 9.906137264494262, 8.380367587875849, 10.838629677258139, 12.182962291794665, 8.650224202724743, 9.81549169823303, 9.95572618655178, 11.396561758791458, 10.492294535852915, 10.71602237134902, 10.874101157948575, 10.681159981248886, 8.948855599170702, 9.570106926336132, 9.870107775807025, 10.564315708028397, 6.437469606663232, 7.608511235264049, 13.443521488513266, 7.5482626132132715, 9.509310041164985, 10.906792913938565, 8.995709916990899, 13.523655432407805, 11.993327142533586, 10.879779983528351, 8.78476642532004, 10.644295423814926, 10.579620868214803, 11.382542646213066, 10.795349029859127, 10.080591370391696, 7.487683949597129, 10.896667807555815, 5.6347885566481475, 9.943164119088511, 12.248627482645881, 7.794332802014059, 7.1470781114750945, 8.025853234088572, 10.572044038815394, 7.603249100338957, 15.781134513457465, 12.431304934893552, 10.950938366752483, 11.251855931126347, 6.91261571010237, 12.139418754330565, 10.990940848451617, 11.081198459597644, 7.788075181659913, 10.381972781826423, 9.913143849196626, 9.321078426345236, 11.632217326973304, 8.089968376488898, 11.195031510773509, 11.56537478485607, 10.433239326660988, 10.719973733904554, 10.490559686866018, 12.459813600734627, 7.231987565729367, 11.076641985788907, 10.301117153015827, 10.300537069156077, 10.927117211960606, 10.39667809697088, 10.46956803595236, 4.003969817880265, 12.840618335260075, 6.9141554266499705, 10.266769577571688, 7.954479414881302, 12.547894315221768, 8.493555823035317, 9.727992460382538, 10.077450562058283, 6.782191430905648, 7.36325454668038, 8.683585620737928, 10.953886283190824, 11.965746866116243, 7.953109470866961, 13.409506226925615, 7.97757221484912, 6.422698263697477, 8.18140803109257, 9.80101803627727, 8.328194080085883, 8.531167305856462, 13.068680482275528, 11.398629044073768, 9.469722771121685, 11.73739145383154, 8.121247705399636, 8.668653829370092, 11.092836943763674, 9.6695561728982, 10.809182048859588, 10.051134636669014, 7.129421461214437, 10.793962734577603, 6.274599573480508, 11.091212697380193, 9.500035858972215, 11.86538700207165, 11.459480160059718, 7.574229753444461, 7.723250072561786, 10.277929065350513, 11.973652328131127, 11.207977517828699, 8.317376240974982, 7.837435524188347, 10.329794050544235, 11.582308784808745, 9.923609295925058, 9.983488766641612, 8.69217132862504, 5.709153649321628, 8.070699620814825, 8.472565050887479, 7.789433021085436, 11.17132850564049, 12.728448738213386, 5.640649881541013, 8.448536930451688, 10.141318525354112, 10.347042130578206, 12.440351984528505, 10.252448421544045, 4.66814998911327, 13.01728811508552, 10.856090940209988, 11.5780259553946, 8.380538205752579, 7.7808710378683354, 10.713796978463485, 10.35750090872985, 11.763590498416097, 10.367197230071282, 6.996505543363524, 7.257677510549934, 6.758523242465129, 5.5435312979124385, 9.414207280037568, 12.799547019135007, 9.766003408833955, 9.757723317163059, 9.558520416924535, 10.102644658711272, 13.102245174641874, 9.502032257369773, 15.164866894522795, 10.610072597686365, 2.225276015935347, 10.455426772165334, 11.272576771149124, 11.386441619920852, 7.422857834281121, 11.999984455418598, 12.124148297270935, 8.880857257259036, 9.103153875448994, 9.231865915476625, 8.665317785130647, 8.307974741132208, 9.76029421380535, 10.730299273445691, 9.596800976305392, 9.515775321015658, 10.565138227251, 8.85643358232894, 6.94249394047758, 9.255002753945524, 7.978331986402667, 7.481940094320208, 11.652081049883288, 10.026734965545447, 6.014614040636008, 9.814687527809888, 9.731695656872816, 10.2304944556792, 9.255067494038343, 9.256576822726743, 13.683996820112261, 10.494113108332908, 13.580231825451252, 10.652201601154834, 6.583838504890086, 10.128918580720796, 12.233491417360435, 9.607663282582696, 10.226086308927067, 9.872106994254764, 10.810926010817779, 10.389760037585734, 9.112716364343234, 12.515468597736616, 13.11139001900074, 8.799126890273461, 10.782452612986129, 12.14094103863871, 11.65638714139849, 8.527712448987131, 9.730227652401165, 8.579156492810409, 13.350032882283784, 11.838668988812769, 8.184715409393911, 8.956102213375312, 10.214507211498207, 9.430375861275113, 7.024188951631901, 7.734708287039745, 9.634330685062231, 12.513444811857624, 10.362257317263266, 10.08628299916478, 8.825237420032343, 14.58862678053608, 10.7282706414106, 9.479650162003068, 8.937822896410934, 11.720774627383335, 9.714013432559545, 15.088621867040253, 7.61348335170484, 6.616448934466017, 9.167651605600508, 8.110207379370916, 4.274615529410328, 12.639273857480166, 10.00861517943991, 6.77765308514946, 10.264615894745901, 5.5531413712545366, 10.517557596519568, 5.865097051374977, 12.360942663797402, 8.733291020728801, 10.658005028401913, 12.965426034767486, 11.740481639176924, 12.165859584401794, 8.159667855025157, 12.043937525128204, 3.2029354306087248, 13.03171678596966, 13.205735264552748, 9.95677319317954, 11.488366609707725, 9.925062590586931, 8.518626303330462, 11.771882757569003, 7.208695385479809, 11.720507921983708, 7.514911128095538, 9.119990770634422, 8.390054792631947, 9.472798910151981, 8.49219954483339, 10.126328888446452, 11.706984727230736, 11.508630678275303, 9.59667184284892, 5.391320166743643, 11.079485502280932, 11.070656686354175, 10.936430547938585, 10.561101628175603, 12.02067521457347, 8.890667438101554, 13.10242556992051, 9.314662165824531, 11.16150422248748, 4.970891275401273, 11.66472792668208, 10.419026503541579, 12.589852685280201, 8.805860799241392, 9.042765873076153, 9.51626285134837, 7.540967571272479, 10.735022733184246]}]