script/wind10m.json
{"header": {"parameterCategory": 2, "parameterNumber": 2, "lo1": 3.000054539987559, "la1": 64.9999836372058, "dx": 0.5, "dy": 0.25, "nx": 34, "ny": 52, "refTime": "2025-06-21T03:00:00.000Z"}, "data":
[rows 0 to 24 of 52, columns 0 to 33 of 34]
5.313754005860515,4.865712653733852,5.9452776108248395,7.351202020175152,7.716920837441884,6.033389000369976,6.014544861640542,6.0426810776539455,5.398867237103464,5.9813099932283595,5.073023151040337,5.783502581903522,6.146455564858542,5.759139162211395,3.493466877733345,2.9680939457756654,3.469364592883282,0.5431108449396026,-0.8241374236426091,-1.1180087588775827,0.11175839832097777,1.6070422992348776,1.8085054689817992,4.127819712693381,2.289217184911929,2.2382371159227685,-0.8842516243447841,-2.2066322428662377,-1.1483060578208912,-1.3086054038255257,-0.864431624036309,-1.3530576814796604,-1.2357413321009116,-1.9367517656655702
5.964618109870434,3.0555480308128016,4.7654759247367995,6.853344949875219,7.651900213747264,7.952238746976683,7.952043658866463,6.603034152663517,6.499685888263417,6.5361306285037735,5.3624986182880665,5.696180835576965,7.080713864731386,8.107805829062261,7.7016102251937175,6.69249182262354,6.840174955873985,5.435310466335702,0.5639327949383541,1.882276226197122,-0.46645686043924006,1.1167004773812288,0.8078174445887446,4.425567764720049,2.1561566573288813,3.178505158788583,-0.48765429357346074,-3.168707876249611,-2.0156958556861664,-1.4794324755627428,-0.9339348311206479,-1.2463651703867193,-1.0588853051832974,-1.4182022616973287
5.506058652008814,6.309543801460919,3.7030024009812124,5.503551928242637,7.576276157262936,8.278634634311343,8.589290021348564,8.825076298260624,8.068330958811934,7.332969888103015,6.163780842860214,5.959959104828867,6.5080356213930495,7.752334601379672,8.72841230639362,9.760089767568525,5.087944114972763,2.7365853394161674,0.815227621277133,-0.3193475193208145,3.3810942535793167,1.835609187472417,2.275201365691653,3.8756591843627017,2.391261823618188,2.4846141315109445,2.574615834570695,0.0816631946183078,-1.9373475019504918,-2.7052028907004093,-2.6842812078406473,-1.5065190709148157,-1.531875748594298,-0.7609461243077097
5.361233650925193,5.765566644329212,6.61169573729576,3.181633126706955,6.55307345654983,7.636739142192101,8.565848282647925,9.78866350939034,9.644457531511758,9.068240543961226,8.900595684845515,6.700667553744534,8.277412584990797,9.269594420132275,10.138719778887683,10.159194160773101,7.306162329079198,3.8172756838105277,3.676693484603715,1.6631359889215644,1.9505283153497084,5.247899114639526,4.487624091400995,3.5586148825751005,2.6005711679789587,1.884535071444069,4.185056471502919,4.647954489319667,0.9506411976735825,-2.789705855212722,-2.9424637142237366,-2.4670399138936805,-1.778821913277139,-1.8243631969122276
5.996319103540943,5.149213933303205,6.112539421249093,6.127594271165541,5.827516833891217,6.78697060647182,7.789699529082542,9.36644577182071,10.266855126013327,9.917972040401663,10.057542775692998,10.739128656017819,9.528335324426275,8.844278179181865,6.6479089523967785,7.319146509923139,8.816345934131796,6.7622167004363565,6.804925872162904,8.25018031037428,4.291366476295652,9.577863270723464,1.2181274044723813,4.404965754091986,2.948982908258457,2.7237740328171123,3.4223607620597756,3.822342489176235,4.125695446243314,2.849596318522232,-2.432224753984549,-3.13868067444887,-1.8190654760811082,-1.5207669941447763
6.043055959070254,5.6118325759076635,6.296971601759856,5.596160370425634,6.995054081470309,5.6529895125459975,7.771705951978404,8.665578823206799,9.980655877296053,10.850384350538858,11.308842459030975,11.683533612132074,11.263187413702523,13.841877648659851,6.115658662021132,7.1320035960651005,5.934780319658284,6.724664349738473,12.423150440632245,6.168117638323527,1.447922222202339,5.441157672659268,4.487432077567392,3.068960500446985,1.981941589044699,3.1043248301680073,3.75375789065167,3.8088973235103434,2.780894492527586,3.7830115687929124,2.923282132848594,-1.1486632541449378,-1.6250310718928114,-1.1477003118732017
5.49677529639155,5.339846676087641,5.201008735414737,4.778370995280529,5.542614326859295,8.078342531045033,6.8017440531953515,7.945978528837811,9.266844930283886,10.684186588212087,10.934801935219426,9.306211434818705,10.00326497238399,8.158399657944924,8.836279488388097,15.578821208261799,6.562327502140031,7.198365597312341,12.483725105543247,8.617858292120138,5.28467430684591,2.692512970124778,2.976413156230992,3.099146719436779,3.078207884659954,3.019250963171582,3.3385644363750773,2.6748907493025036,3.3774917873811963,2.7264990396823743,2.2326823446986954,1.8506210638748761,-1.1804468679312077,-1.8351613142815155
4.884786114650591,5.289486550911385,4.019038450379702,4.813991438051265,5.529511053088107,6.50038465369128,6.57202976281173,7.921777276396376,8.966936231409418,9.696004604362322,11.192344941095405,4.019912823456507,3.9758138897682063,10.25010313575797,7.555384984153711,5.3304105745412285,7.645200839804206,9.700485164471562,10.157425982997378,9.507561045870844,8.128698006464306,5.3594158158415715,3.684282882532772,5.035928470623577,3.2564464923612872,3.7332426609806286,3.5734283678851635,3.925266726488575,2.990419558296199,2.081954240335899,2.400540169752013,0.905932089957339,1.2032582013827626,-1.5203031096908484
5.288574553911004,5.386713967402047,5.571774632542511,5.135577891308206,5.086648533504081,5.822618015136148,5.711912491418873,6.425951603741954,7.04513905918751,3.2862369124775017,3.2793177795867807,2.6295532295106248,6.449567169489581,8.489833738330303,8.464399371589668,5.333538867711727,9.881032334436453,11.81512184562458,7.343889719959545,7.188522263097186,12.174705390095601,5.329021257513925,3.8825363895616083,1.873540457034268,2.974006465655469,3.399314690092631,3.083447647792955,2.57774722565531,2.5545607018246703,2.032831784574848,2.361362773356576,2.0812550698934382,2.3771065194459466,-1.262934864375937
5.251626155723034,5.355794988585547,5.709369809486256,6.3088898821883985,6.535926259094605,6.8322909939209895,6.657294654255721,5.237568891326178,3.7905223527382765,1.5910752244387025,1.0854207836500196,2.6573386405295896,11.194982264988068,6.660741451478551,2.2109505072049753,11.190485742953502,8.282103063087321,8.309970439629334,8.446710059634809,7.812233153198437,8.876246752696408,5.589314314758674,5.170018798141037,3.0466616272108316,2.394501436467372,2.709012165257328,3.357359852257059,3.5011920293936587,3.4859358582519353,0.7179292481054194,1.5709942640030063,6.169964922121405,1.9344920828026344,-1.6494727011353096
3.7383714509143013,4.459094426562463,4.4671565905709345,4.655604713242298,5.505052482791717,5.470362929802758,4.625252005181014,2.9694280912331688,5.743305215247145,-1.653492895871191,11.286687818633716,4.637686070303435,2.5641468874952564,10.15219875001366,12.05804975651592,7.905187472611807,3.585104930045139,5.271952829028083,9.140299510475586,3.770137456862578,5.681652085112724,5.1949079304666705,7.659662720402284,2.940133084976121,2.2456239745614384,2.770725212468384,3.188485352091091,2.8998627284712595,2.8125364754552393,2.554331198091777,5.029006873901443,3.4540113637828678,2.883129067296382,0.15975309841189816
4.158325582422652,3.9224827760884176,3.5604317406723927,4.9298233373605065,5.129710027060148,2.7494039187845103,0.47984711867737995,-0.690542355342995,-0.8904211871367373,4.579315699149976,3.386818703876093,9.545325996249437,6.911352419166323,6.909903098856625,6.495699921787559,3.293479333838962,6.099200452765689,8.283027798870544,5.013387726428744,8.934642480223621,6.131886704192348,4.794745159995374,3.9683649464348214,5.122012691245258,2.1987097239834803,1.975221731176215,3.1853487445393576,2.4573532061005867,2.0596376256375333,1.8380406581734565,6.1568323908990426,4.809858509435386,1.9814969020976565,0.41372820498792306
3.7292947470588125,3.895845503300827,4.3454989687435015,4.031944584460973,2.619619034049951,1.0690030963873514,0.615008835022387,2.019150969034964,1.6092418928008514,7.7512365112985675,8.890786893180564,5.833846509494016,3.018374459967068,9.148944371472773,0.0418009399151246,5.523952928172092,5.768985390509965,2.116429140579644,6.247871848684065,3.9679734053896762,4.516940165036301,3.298257320140688,5.946696694791138,2.8095069818683256,2.4482365640709034,2.33177884234381,2.172071664276977,2.238881177784977,2.1431413817339653,2.5133733611047675,4.25875554326102,5.0012792422753005,1.8393862545869144,-1.2247250306465174
3.1401696663422607,3.358074668003385,3.0799385424316434,2.969595854288043,1.933195854278584,3.08816609097782,0.7044360796349289,-0.8025517140763821,-0.9587417636243584,7.029576406820106,5.910864567932037,8.117077727672918,3.1027436083965885,0.4224900405599688,7.508836037858156,3.23842358317087,5.828486668739144,5.746134410402846,4.382390074054188,3.8568280169767126,2.594494916871674,5.1356654960195325,4.317182586032811,2.8134911733076993,2.196203464901776,3.0260125663586885,3.1758722629265086,2.845169743745393,1.544882271579512,2.7381386477884324,4.395674036727039,5.293493758543809,1.7752026842512914,0.10229742347039546
2.5307107778197473,2.8930292539507128,2.746393817098809,2.6668707761158235,2.2466075881480103,0.18191050717335341,-0.6071370414815381,4.772633956866794,2.1065879833088093,3.011098511647239,-1.3539061409497921,6.048536366359637,4.6903626416735005,0.7686155698088551,2.6708591729253603,3.558469849318279,1.8498466043838986,3.5853046359653997,1.870506094508368,2.9033063518729225,3.2249791962030208,3.6347932283755116,2.5516009393794685,3.4960062966888517,2.1172427734504002,1.3739684064910593,1.5641007226358348,3.211367858437611,1.315401109804484,1.7225555430828676,3.164933434925989,7.699640827334508,5.307738133806822,-0.055132452637729305
2.3927953975636265,2.346590356312098,2.7154312225651642,2.3604362373214345,0.8640535886361288,0.04764795827207154,2.7801247506415163,-0.6108363491624703,0.520738629365103,3.3381130503159047,5.1283278230724285,4.9789851074267455,1.8422692128749216,0.2908024910634191,1.8637909844798335,1.7803228535025895,4.540070707794384,1.4508742842320859,3.4110646690415476,2.730747886515596,3.818749967309154,3.4378493666496626,1.5507867615701991,2.9458230580426212,1.623723730501683,2.87390198805472,3.5918040684865837,3.3872690887584813,1.0859578684397106,-0.1013028729198401,1.8392848848706438,5.992955742966619,2.399998043402203,1.3025943359216738
2.253017782476121,2.6856144016454166,2.050214259650266,2.7705927227470193,0.15842313840738892,0.8305840165782475,3.9859992729104983,1.3523643711713078,-1.3857374497219468,0.9620798116278072,8.97073277131329,11.58304077945053,2.716791173493244,1.4026530478604657,2.1654018873587773,1.7441062900041773,1.7985471505019222,0.8768016070198088,3.5213989408752937,1.5327714059276591,2.7772895861559754,2.7683336472340714,1.9632503262765766,2.951277662762923,2.4181604796497664,2.085128337135162,3.22538968943163,3.076286261681367,2.418483781062775,0.7786100795066401,2.4067174880245337,3.8160754898263543,1.074059670800836,1.7070140973288088
1.6676339933926683,0.9019205251138346,1.794842025797846,1.8541974265202141,0.8240722101579959,1.248420693059055,1.6837154777648458,0.5591144279572128,8.725986795800821,9.884766528018284,2.0176523795005252,4.104703388451591,1.4244573845164759,2.801719554781053,2.3354980450785616,3.3615747002624214,7.099579203148298,1.4133659906563307,2.0329023422165187,2.7622246757802587,1.8286897779520255,2.9309787124081494,2.491712970164994,2.7249052821265396,2.4196420888668078,2.176156701032733,2.3959352029744796,3.2133233576884,2.809928218495414,3.8670575254515764,2.0217908196554877,4.743389619493995,1.3590508721919337,1.0554616788767173
1.872976439860758,1.1722324238774589,0.4643428386863795,1.7739915715137322,-0.03900035799797582,0.7405987678658779,3.5844251396459863,0.9602710659473851,3.7260381321117406,11.699104947493218,5.368556576936497,2.698512108495732,3.7023468182390533,1.124313632731729,2.0369190725108273,1.3638329400091938,2.7025582765215397,2.31138384226681,3.3937514785704153,1.6041565659713966,1.7783311389789633,2.301449804670452,2.325096632072291,2.3350113874390996,1.9103436133382041,3.8475115115224314,2.5398260308035967,3.1314070136390306,2.123491063869665,2.2393996734038297,1.9127173714443158,3.4944544327500666,2.0717962613641117,2.67678854063948
1.1547065198091861,1.3213984352879888,1.3582262775451612,2.2832654909279793,0.6153128833549897,1.1776921707250383,0.04703436290394909,9.89191794198575,6.33299150182813,5.9354828918386024,5.424604679252357,7.3796850964475125,1.240611053348753,7.102884543054073,2.1483811495237655,1.9665239379530208,2.4839644516652943,-0.28916724469072763,1.8702637393657786,1.9008105327420768,1.6611318431009248,0.8834969710784377,2.1197084263708326,2.497156327755921,2.4294913813979364,2.1067437770939916,3.47111473290535,1.9765228250031794,2.754505657928062,2.45247464064395,2.1134009027312484,1.603246418788763,2.949110070657475,1.2987546668188343
0.7308682543586325,1.3671396123933537,1.973569700199095,1.2453018639375528,1.7644761085410101,1.6461186564643326,0.6261031238729347,0.697712131627334,2.3769714148732843,4.049186758716185,4.411451826833424,6.46204872982459,3.5728162255391345,0.7220577604551859,1.293727324284401,2.001502703780062,1.7160408052621454,2.1411192552802705,1.9809180359966618,1.6450554384216314,2.7522886487256177,2.1567691336275714,2.111113847332993,2.0737341316575986,1.5670974272488554,3.1434039542097003,2.3889936532712555,3.161787009060849,2.7070179089119337,3.3717393458223537,2.229598243691483,1.6841272953110065,3.1147257572571205,4.1464513658155715
0.4476767272076395,0.9805812239787965,1.1079059591627398,1.7397210623182888,1.6102214302024744,3.2935634509498497,1.8689820906791328,0.9667822578405509,4.666430646209974,2.7969838423017093,3.3700807977741194,4.228447119196842,-0.08556415387744497,1.632151087109357,1.5274785980898902,2.4576798100527695,0.38901411262731367,0.7917069898830151,2.5364403752142515,1.7604044561191485,2.9322776724740636,0.590788379507697,2.169422041436424,2.6587208365552017,3.194055667722724,2.35092684894472,2.6707932049503302,3.140443927757099,4.215157182069701,2.623616830192606,1.8901204256866297,2.0155463066608577,1.7238700565100107,4.390776335813825
0.17017671663077844,0.3586405053615044,0.3358892223410764,1.0958501964518375,2.2042892154729263,1.4965309981510642,0.8107812920578844,2.538268484420781,7.224083251074586,8.350554617660487,-0.6626637474202717,2.9833402353564837,1.9306982370803298,2.4857174750447455,2.072492120589023,3.548311344665653,1.3375155177360385,1.8451445905030224,1.4106062061825548,4.45415237645589,2.747088467730221,1.362882511739246,1.5999548036833695,1.6600439936190339,4.3089162889332835,2.611883971153101,3.6222541732997966,6.230984244746542,3.6171908666222556,4.028030126356811,2.2241870590988806,2.3923246496938697,4.650056783071362,5.064404149871068
-0.42360764643074045,-0.08221753434510413,0.5729509488648908,1.457204513067855,2.4353618969206683,2.2391676496029405,1.5658792554226042,3.2966172143193173,7.7870353675889685,2.2133058741926854,-0.07372563113948817,0.3434470371841254,2.337197894838411,1.9363776495768692,1.918359648516471,4.454027470257712,2.598354708523465,1.4354590256754631,2.4574947659580406,2.7085752046259723,3.368016204924608,6.332926516105116,5.982735753473845,2.9026351197497346,3.2308302617924856,3.4389153225583926,10.029306366510173,3.2754028521934258,3.0710926177273734,2.3802410115104715,2.9694598616187227,1.668085319430199,4.416010034829019,5.686468117973695
-1.2425005487616596,-0.3004096676331929,0.4868217577599675,1.402686704491245,2.321497860458534,2.3933425038362897,1.8135871726435229,5.200055010193504,8.689442052260041,3.028225162268428,3.4369269316242446,0.6340129770223802,1.3137746309330354,1.5400842452260568,2.103799185482223,8.847289665560387,8.936675676319481,1.5317147475965516,2.1954876171765347,3.5297579916959387,8.348164824529949,10.235347960524019,5.056550825208179,3.0069046345615194,3.1651941891662703,3.4226983069191523,4.144111733895775,2.3573135107073857,3.046837557625446,2.7602101976071975,2.6162341628007066,3.624871796591579,5.8222925617365,6.4294261676204645
