script/wind50m.json
{"header": {"parameterCategory": 2, "parameterNumber": 2, "lo1": 6.000198445256149, "la1": 58.999992894266676, "dx": 0.5, "dy": 0.25, "nx": 22, "ny": 24, "refTime": "2024-02-15T19:00:00.000Z"}, "data":
[rows 0 to 23 of 24, columns 0 to 21 of 22]
0.15317033512464623,0.012502429864900235,0.01786221212937962,-0.22444781432052058,-0.5955633381758744,-0.45443537392402233,0.2771784672183323,3.362357888142424,-0.4467216506462495,-0.6829901379650788,-3.547852972383694,0.5115340963050873,-2.809601274958328,0.9194434791511538,-3.313463175187742,-7.734982987807311,-7.326405870942572,-4.202872567831111,-2.8444617507706322,-11.587585361681773,-7.924353168508219,-4.677398690994881
0.6380520128467677,-0.3299888365438353,0.8450949244098113,-1.9330638407834952,-1.2993842393619988,0.1043714135501327,1.169627757238686,0.4177604963169099,0.950205785383479,-0.7056884503143962,0.8863486116713899,-2.6812786313141688,-2.9518139020513874,-0.29630643491878605,-2.75850903256067,-6.9632842223938525,-0.5999456515748683,0.28698432661187834,-3.968424895824209,-5.456859874266704,-3.920012102067463,-7.761482059075149
-0.07459570846728393,0.18453680178742005,0.7318587205070551,-1.798340391382442,-1.1218768780571848,1.2687432313162492,-0.9408585170754615,4.6239707919527016,-0.5784020820563264,-0.15050322394957752,-0.3462257049965845,-1.888364462689331,0.7304122082639053,-5.657474469283934,-4.017606742424976,-3.8981892039797588,-2.5838278617162898,-4.616959708627112,-3.555618898659876,-7.542695660001973,-9.23835303948232,-7.634273564952596
-0.3883145442026368,0.13001605813318876,1.0789299039028315,-1.016463744780992,0.5950878158450164,2.3517364028097703,0.5262504906732854,-1.2115788060047996,1.3453940260107047,1.1641135784288394,-3.821169532568851,1.8086224745645025,0.5216225514879098,-3.6902088941656492,1.1709512178585813,-4.15302289928627,-0.8470323035474278,-3.334000341533489,-7.084581813997435,-11.301502711196202,-17.17621376480832,-5.338204226683216
-0.08386386047065023,0.22960039556833264,1.1516771919901603,0.5232786462609098,0.7862286788757515,0.04072703162955892,1.4647107298502176,-1.1156149163712004,-1.0238540567925158,0.38289527502584175,0.38031008156613644,0.020500050088908005,-6.793334307930639,-4.232807451584155,0.3066963948269915,-3.815452157599192,0.7576889655793796,-4.618758279213678,-5.905498641344186,-3.03065370601847,-4.883922040204493,-7.43780897965849
-0.23227187642564195,-0.4647387307914098,1.1827230753888982,0.178109554673407,-0.3634084335725537,0.2000249179459103,-1.2400245241867678,3.4631528820600477,1.96689810258502,-1.674320943162604,-3.820395769753826,-3.3532759901378046,-3.3015121610290934,3.3447392074409077,-0.34493957623845994,-3.493831861964387,-2.927838898388765,-5.050202050795182,-3.0922503872201945,-5.905457615404176,-9.003014078215049,-8.321962868250047
0.5903759944175874,0.5804470094348769,0.9011537080005078,-0.4329481755008875,-0.658597958568384,1.4526799193013085,1.1772463480302575,0.610095677677857,-0.5580027942145979,0.046538993945086767,-0.08320445979735158,2.0372054952905136,1.7679706811569196,0.07733185518089696,-0.9837558777038714,-5.316195563407446,-3.8399577634734734,-3.708735609195862,-2.9343422046226273,-4.895718998153834,-2.9115404935753015,-4.883332767126207
-0.4512818829673614,0.18787188243393632,0.5211113987784274,-0.2691566327183153,-1.074177715976309,2.162512355219122,1.5448153459865277,-1.0813616143144074,1.8771751892926785,0.3296944373279309,-0.2641496050375052,1.2969581567059736,1.1920191567346687,0.06221957342218405,-0.1935369083245207,-3.909795147293008,-2.6962516399624845,-0.6656219658487605,-8.052498369045624,-3.6309105477662778,-5.7737445548118,-10.190945140023494
-0.4269741464836291,-0.1393554480071671,0.2795248286502205,1.038373570249874,0.15419504508812593,0.4672732202859005,-1.0942787138921646,2.783608287274722,-0.28928886985691776,1.2832705508345859,-5.11779759290775,-2.66856564873785,-4.523520756158227,0.29906456814300375,-0.8826692437957343,-4.1607327923220545,-4.5831110514886495,-0.07278635753696407,-5.150988722984225,-4.9388503895587315,-16.98937593067213,-5.330291467651879
-0.13897557746210784,-0.5140853744292581,-0.7717329455267373,0.09646499694467839,1.6762866321054466,0.12765590057717804,0.16257600764166488,0.11447574415728923,3.220386923076522,0.6869209216271619,0.7608421447345085,-2.3596299471569893,-3.06773064799029,-6.243219321847261,-3.40618698863434,-3.689516163989326,-4.619637212063396,-4.013457639629709,-3.545848894789059,-8.273607494666614,-3.631992579436076,-12.0544781518766
0.37619361661708933,-0.47595370001783455,-1.3555412098637325,-1.2695409766804273,0.22254159056571426,2.823204194234765,1.3993102740691896,3.7529599129102738,-0.4245203219457059,1.0887321673936405,-1.0258953841064677,2.655358507079186,-2.9339055399928524,-3.968528291378122,-4.040007838453664,-4.636876249701984,-4.721480674939867,-4.695540399376024,-5.898092591689108,-12.308078996634956,-9.406104667082476,-7.728747459306582
-0.17412968360464096,0.4017211975373814,-1.783972036186878,-1.081929086196773,-0.39922872774397955,-0.19474884512826965,-0.7405260967760772,1.7575449548942461,3.247967747559157,-0.31996577071045995,-3.3242880559796406,-3.11630244105993,3.4908929525960826,-4.234940502848695,-3.2245193690070937,-7.172667263902002,-3.8375072447455287,-4.410137801838812,-5.308435623804822,-6.364346857685141,-3.588648769623768,-5.705547515680152
-0.013931670310098912,-1.4107794568712926,-0.40099171082207263,-1.7873737678367345,-2.0031410594307384,0.6120683373231925,0.016228450735168192,0.18265062848218516,0.9506478524305719,1.9791604483955063,0.8700367794018619,-2.4427400458295865,1.6436964894500656,3.206233133068965,-3.581801789085438,-6.596038214766807,-1.9053559427130444,-2.94039654541775,-5.5909135633212435,-6.248068223631247,-6.9316599712340015,-7.94553157525078
0.14042320992078428,-1.222899136501678,-1.3293609924758254,-1.2235250178712485,-1.1939524946238473,-1.4377108882794924,0.2205093229136162,0.4424039137840804,3.383982931921057,0.5700291826193495,-0.8084870756857506,2.476095677652258,-3.203975862682669,0.7282975710831081,-4.564167974750364,-3.957114607443317,-3.7244783276430944,-1.1632161700538381,-4.035750091958873,-11.38375830691731,-8.271899465707616,-5.714609663924987
0.4777854430656097,-0.753944635295005,-1.1292161823455182,0.04895347984665762,1.6421932495987546,2.115330104880399,-1.2706009968269747,-1.1967769353429605,0.805330575265294,-1.4037232380267948,-3.1032170799085588,0.7510993890636499,-3.153396078657482,0.7536761419991085,-3.878198670641215,-4.82536795239792,-1.0582243222253653,-3.159666180762922,-4.178111606180924,-6.880165120742785,-5.387767037569421,-7.417544878633115
-0.276139614734352,0.11615499060233776,-1.0470201742401435,-0.01550397916769075,0.26942859482046605,-0.18948442865770146,0.9844070957642141,2.7346247980901297,2.028689306920169,0.19828160396700142,0.7740471301513246,-2.491205641971549,3.0732942511501897,-0.2518331968543119,-2.8712147790857467,-7.293261783769136,0.22721764512251336,-4.714815608310308,-2.7813915642355655,-8.263924195326428,-9.167553919376287,-8.86632941325572
0.013138929982790938,-0.0691220574893619,-1.8223811859359074,-0.27782369411103486,-0.06607752489106905,0.5982216567205839,1.1233980853671066,0.87054703350844,0.9258607040853739,0.14748780840116027,-2.4957642258639527,-2.35579027645531,1.257339193860813,-1.1742631946912072,-4.228094277266287,-3.9776452425189297,-4.214765607102606,-1.2390722210068428,-7.825817503792189,-12.693156101392065,-3.0843053774635845,-5.8012944645010345
0.19022881416904916,-0.5033489848932232,-1.802858137775866,0.48325365099337647,-1.2328322291080402,3.0636267929034022,-1.3725701553740561,3.6910744262361077,1.808294415791448,2.4907949097893214,1.0885627728696576,2.4809184215535285,0.17276786212343004,-6.4161342808278246,-3.901324650857863,-0.9958326028826382,0.9552889372776515,-5.291552190665949,-4.781793675602439,-5.375092838238261,-7.530142742548236,-8.089591658732145
0.006242282282735632,-0.4422644722867222,-0.48311227536401286,-1.5947412472901263,0.08835445055497854,-0.1386825277155381,0.3879326338215306,0.5534415585938135,0.14032242157257122,0.22217613014737328,0.21244575239249175,-2.0580225377412016,-3.2524086892734947,-2.371791953240142,2.6409996270147964,-1.589022474641746,-4.7697264801246195,-4.586744427092628,-4.047244184703144,-8.43100315475133,-8.803702544744256,-8.0836921802276
0.0074126761750769815,0.6150970377757978,-0.4244376230330836,-1.2219316628524568,1.7937026137162912,0.45155693995857993,0.9879180702940028,-1.2636026200383736,1.7333334028008676,-1.151604133480962,0.8440278681631134,-3.037733074472285,-2.8324663490978494,-4.232956939763496,2.0157006718499466,-2.228634196893434,-4.026072637915924,-0.3216000248781016,-4.257051053163895,-11.66447198881527,-5.050949627158572,-8.454637046944548
0.16231840037202788,-0.10603841501307643,0.36305436104793054,-1.651672712059878,-0.11041653580163362,0.8082426625965432,-0.9360383550883893,2.795508944665923,0.021657805188257963,0.2692091105442713,1.9003154824997444,1.9598029188728512,3.3851759729852193,3.0486775509702975,0.3238213170177696,-0.6123371953987885,-4.290351357079801,-3.576708540954264,-5.233498633632332,-4.923213599036909,-8.80918934920924,-5.334819698601945
-0.1815631063789561,-1.4039094639684657,-0.32560757924592526,-1.8219783117775452,0.12075429663507077,1.8628065605535762,0.5281591989969033,1.0645304429642228,3.448237388492923,1.016948824982812,0.7417174256814801,0.6527305751606857,0.5098523327012265,2.8811284426370314,-0.24350723885596073,-2.1829190025162495,-4.1934314786080735,-4.332938834314101,-4.900373679529355,-4.7905184324312025,-17.361914886824117,-8.97460062989185
0.2121109829517631,-1.455420049197281,0.6256793231360439,-0.487054517767683,-1.4905569979787472,0.07778674666246901,-0.2170968726827884,2.2296973368882167,0.42125215675156474,0.2206311800271156,-1.6387400439687536,-1.8789538148336904,0.8084978165827122,-0.16891730163442575,-0.32152727019198585,0.20375932229453375,-5.348184662083899,-4.986711580772347,-4.159649558646169,-8.854467960248822,-5.534893898628966,-8.558818269269628
-0.26957455171354655,-1.3050126677237461,-1.4252450073849576,-0.5468739890613618,0.5448157698047716,0.5630160245920633,3.749744716509678,0.3937838644700693,3.244552849875472,0.010879321925837,0.018862501918185292,-3.944194044492663,-2.3398574492996644,-1.226818645350545,-0.46581579407224666,-0.7497421863437957,-2.975974166637271,-4.088650789686445,-3.5866795912021914,-5.215632793925065,-11.579473849174168,-5.722948218953238
