script/wind50m.json
{"header": {"parameterCategory": 2, "parameterNumber": 2, "lo1": 3.000054539987559, "la1": 64.9999836372058, "dx": 0.5, "dy": 0.25, "nx": 34, "ny": 52, "refTime": "2025-12-17T20:00:00.000Z"}, "data":
[rows 0 to 24 of 52, columns 0 to 33 of 34]
2.967468509583136,2.9018301630583787,-0.5216284038016877,-1.9153578508882971,-1.4716961609516002,-1.9710355594648505,0.03086487259149659,-1.8978343998034897,-2.0972975859281457,-1.2741807186945708,-2.92541716486028,-4.311174870344121,-4.2889808458041925,-4.160763129040171,-3.720030837656658,-5.6250568061373345,-2.7629674968225406,-3.9204379501409656,-6.095583039269128,-4.144834969083766,-1.385026562405916,0.4683728395335152,-4.429297435765998,0.07278640780303608,1.885169733134753,0.6977951452547928,-0.8009069627578304,2.82106702998645,3.9208975829422656,2.861924449724834,6.225648064664695,3.9195893689131704,4.322865106783772,5.2305444659048215
2.773638483044996,3.9602301136179916,0.664576467270524,-1.0110348378723506,-0.7375029905347582,-0.4875182303702997,0.7496646700525156,-1.2124620127585177,-2.7353534954241057,-2.8707092803799172,-3.821150177604349,-5.837736402424533,-4.792193224440654,-4.677841800898912,-4.740210252731736,-5.483847309034621,-6.916875719329269,-3.7225197016802793,-7.134977914327642,-1.3375004354572608,-5.220955399437556,-2.6304929149620673,0.2716850969744403,-1.086691831965825,-0.11189046970429455,-1.1065995831639774,2.3520023761219324,-0.4620128270816419,2.759500624066467,6.9392898843139434,5.901337982086786,6.040288127308514,3.835625416293005,5.93382688110626
3.5519748882665563,2.4971035075731987,1.1758069605169696,-0.22262930640522272,-1.2565142357964039,-0.8820001321071289,1.887221934704582,0.3251483147185965,-2.5372219294934384,-3.709040141654482,-5.095154779197133,-6.731760212687421,-5.3488451265007075,-5.2789394807437695,-5.851475606571315,-5.754233600085584,-4.65391926223157,-7.013572881009921,-4.359363298291747,-5.023605919151228,-3.5838513171944375,-1.1260096159317867,-8.067205120937132,-0.0392361395035844,-1.1675636925573372,-0.6744956230261437,-1.5910606649760126,4.128770400319787,2.7111927633733854,4.8951595438887665,5.982429301586229,5.68573359439027,5.2129687356453775,4.013455844583887
3.7075914887031676,4.82380270110096,2.870380973707928,1.1178571353730569,-1.4202440926328352,-1.021278446322019,2.552880860015646,1.3214031086624929,-2.5925108016941394,-4.723784902050576,-5.792153038827842,-6.3992019028994065,-6.447924799939039,-5.641128896798799,-5.2257008923066675,-3.8424368203483,-5.278455555984112,-5.154777828902609,-6.721454376589557,-1.2282001330962327,-6.424814298041749,-6.818544818108921,-4.5018518670792655,1.8003931101988795,-3.114571043040831,-1.8931805169475293,3.0147711578881604,0.1656040073839437,1.7647004356850073,2.6405998946013334,5.114454416749889,6.201549189977656,6.556096572579953,4.390827350784411
3.9827123476153363,5.113295421587609,5.4381560304854295,4.349919467785214,-0.668340263711591,-0.16442273007301195,2.50863173606814,0.8132329171286848,-3.257013045618133,-6.196242607774461,-6.783773551278903,-7.582414802918447,-6.653863822291976,-6.4913560639755055,-8.013622444988336,-7.194712199724655,-1.7429986150990353,-4.228482757691692,-3.138920389976392,-2.763552671010124,-3.8064922662889122,-0.17239894710375314,-2.3477407049886367,-1.2719832163050162,1.6775999006052689,0.21354605510629387,3.2052321234206964,-0.864023777526987,5.257677537607753,3.3512633376665795,4.135546203503448,3.8704588806718143,6.246527522435608,5.95594431023059
3.2653818908459313,4.351229416668147,5.852528552333124,5.934786616079767,0.43037807383674515,1.098158203829324,1.3714349556553687,0.176653784911334,-3.9123016401684367,-7.460777035897067,-6.994661920616409,-5.3047554473353555,-6.941317989422543,-8.650131113075078,-5.917306408743008,-3.382267993257067,-0.14079739587435153,-0.9277895167283843,-3.098148592863292,-7.506080922433043,-4.497263185214227,-4.766005777931569,0.6630100143297664,-1.7582259409662855,-3.4529415420540683,-0.05086811234138729,0.18846563456862633,1.6546281073478868,-0.42833175327133466,4.690915947158056,4.6178001886415725,0.4512193050808116,3.633131768585497,5.409244042983625
3.8644021767232255,4.100162991361403,5.000562700424167,6.480581630216847,1.1860524305162041,1.529192122996003,1.4267490312975946,-0.9251891268967939,-5.227975867030842,-7.510220535592444,-6.148049779922828,-5.215598459409787,-4.615800251727448,-6.854862396437378,-6.568207727106226,-3.0494829698892567,-2.0388718475741094,-5.627401855936461,-1.564002080757517,-4.884125787350453,-2.984511713573544,-1.1686841023913983,-3.1602761049147596,-2.952503524154221,0.1389173234671076,-1.9589971283097762,2.7171086792294985,-1.7687002578464022,-0.15183202997359863,2.09210888289002,5.035917201939012,4.613705233574706,5.275935559047967,2.6920389856216977
3.8105859284175323,4.3858568683183,4.367865288171332,5.7135073388963225,2.687318495186262,2.614850079652804,1.8654241476887796,-2.135157122345301,-6.428727959492488,-8.54241312319311,-5.760696610932084,-3.343216950387335,0.4807085660611861,-0.4000335255068568,-2.7494187739040634,-1.690310649756493,-3.5034901073659377,-1.5578730007768626,3.9653830106896812,0.42276055344575536,-1.2759949466798837,2.575555367298793,-1.8244346479618565,-2.1933151697434803,-0.7160334141268584,-2.995584190176392,-1.9003622746437603,4.480176670017051,1.2690378220565501,0.29407475896609414,5.060863568632994,1.9162588906661544,5.309599818290884,7.495505208345315
4.114318592074878,5.5032811264475665,4.443923750970023,5.0301323261336615,3.870707652931151,3.9073108869662745,1.828052573786647,-0.17146387387899698,-2.168800136882634,-3.8940460074669856,-4.638186790142389,-6.175841270732254,-1.5244445154942436,-4.325028585515894,-2.3776192135679572,-2.082917066342096,-7.976182239507572,3.541388924198284,-5.419358101927534,-4.336499614775792,6.91422480027742,3.1670993627538855,3.093379658139809,-1.5541277653621162,-0.019073636793619626,-1.5698163826993194,0.021069061239773687,-0.8552535581318235,0.476462002104825,4.1131184822665166,3.3867851574035956,5.3912360426026735,6.936415934939766,7.884985421260183
6.840128655420781,5.795772506752234,2.4096186112793445,4.607109300750886,2.6829472793172493,4.274838385864446,1.1622077212777255,1.50997122220287,-5.659203787090506,-1.1282447325107983,-2.9641491725992406,-1.3398370152644874,1.134374367098666,3.4477662486696268,-6.392579616809541,-1.688679797148748,1.9230910394535397,-5.072680366295625,-2.7372715620792816,-0.3856569659394266,-0.36645337705053965,1.8281190392328213,3.2207596199145847,1.5408295718787308,0.7674359181645874,0.5865957426838765,2.2840566644854783,2.37770695499488,1.9751282497272165,3.22364679604319,2.2095060761055003,6.1307719023599505,7.906029694735991,8.047783758664774
6.713720935026256,4.848049113082972,4.278987471291919,0.48785300433323064,1.3150467447079135,2.159058596500622,-1.1611767346150474,0.7767342622957085,2.2790880653703924,0.976967839528321,4.243313257923935,-6.281434160855215,3.6988971020031625,4.492623679784755,4.628481435861135,-4.5801973219204015,3.2433195098126966,-4.10217443940579,-2.2962663435510837,-0.9418220529752311,2.617915699097478,-1.0794106801956789,5.996648091291872,-0.5378418744845602,-0.442943733356604,0.5761640586380047,-1.2608749849355454,2.6172328039192387,0.6836436021270216,2.7603702411174957,3.266392990265837,5.560390162156193,7.250154475688438,8.130849786720743
6.887717204747472,5.002084504203609,4.332849177332228,-1.4772127406118636,0.17961006943345859,-0.5699902957547281,-7.4254676504387325,-2.854885122118964,-0.6467714794923982,-5.067530812107494,2.5712449961367065,1.8226480802209284,-3.372811506957221,2.2459403391695156,-0.5034844976789822,-0.03456918454280676,-2.156680856334948,3.4001795753469626,-0.11376765518642747,-4.602849979905977,3.8254191654023817,3.4215017028570434,-0.766195341615344,2.348248903809645,0.6179999263750843,-1.3671586350702811,0.41908216231643797,3.8778669525366882,1.7243114865367797,4.320537424035281,4.82652872494642,6.92533572394607,7.247880365830711,7.638179420241433
6.8253730128064545,5.6469962335729615,4.5179959361862805,-4.003183085437954,-0.8718228405504255,-2.9540403954071723,2.2199194573339227,-1.8429238765746911,-5.9751532500782885,3.2534908359880994,4.570011921370137,-3.1897578900754393,-1.2579000603376693,4.099914392218158,-5.106355980022882,3.6192556657859978,-3.7602974740358897,3.928493277986329,-2.0690700392584622,-1.9801499322534977,-0.63867517993977,3.6111773242088585,3.812571828642356,1.8315697307981813,2.0136828820366013,0.08480439940025228,0.2247596125083489,2.1563760547581894,3.349988491730452,1.8999095848426328,3.877112783709312,6.040254721014742,6.858352311168913,8.084787255679876
5.98227788673997,5.062517843460931,3.4994460501366014,-0.5327282945348479,-2.665349609767563,-4.754110799767516,5.266089189044027,-1.5783322416261318,-9.427546557014818,-1.7678547640980506,4.407412550302767,7.171126484300086,-4.516745404469424,-3.033243339265818,1.0403083566335873,-1.3339929179570085,-0.26774156312839165,-0.5943704148578912,-0.3646160283489784,2.4234659151154827,-1.600693616070832,2.357002930193291,3.899700157962075,5.031393725914838,0.4187533766230855,3.1647711162072194,4.529362198171758,3.138168894613369,3.507765439777349,3.339211634589369,5.007091955422361,5.601221936773532,6.753804093827062,7.84509674122637
5.277916447161707,4.8053623307055675,2.9706753476086667,-0.4095849209516059,-2.884936023775133,-4.238044726040306,-2.6382920087943247,-4.723936846604085,-4.95893844286113,1.3524815707475446,-1.4566505121233864,5.720395633840659,-2.1692433982360644,3.365847654997365,1.787519725848594,2.452828778529457,1.6331023772088993,-1.0343622296067818,0.9199049459123553,-2.336035360516038,-2.749853898021111,-2.9002662559376784,-0.7523770616175189,3.595423590964382,0.5812464805233972,2.815854045885975,1.806270554326764,3.2775043315418095,4.4283238180637134,5.259914252822283,5.61778152565081,5.645325608403484,6.533863808618676,7.585463715361642
4.784797878813746,3.867110929882058,2.386271988820049,0.6805893577350437,-3.2917983848499808,-3.461448072262527,-5.1655301368704585,1.5783568627457563,-1.946782155461219,-1.8011339681805796,-2.586005635202855,6.379434306832419,-0.7350583237481777,1.0521910836051585,-0.7812733981041426,1.5075196761521104,2.1617537656292507,-3.774839246310696,-1.8496986316195243,-1.7852513135265484,5.374596543440162,-0.7101229341204532,-1.5584828818129086,1.1080490299285015,1.1878767879595706,2.3545942655451633,6.391419854263956,0.5006741088850918,3.895924139931563,4.59604391279634,5.606493704878731,6.059661519317771,6.191567649901613,6.690026537322214
4.7483304199374725,3.268809889218213,2.059544674140324,0.11242823085610568,-4.190024714963678,-3.9037673330180693,-1.7526154730906274,-0.8544685925030512,-0.775468831646778,3.6878175085841844,5.836610960114044,10.240655534976451,-0.5647701986110719,-3.437119203630266,0.04919923162955104,-3.7431478154387388,-1.7768323520510991,-1.2567315723823411,-1.3814880783470949,1.0065503651960896,2.543395689043591,1.3781055300232268,1.0438488744796184,1.3794405035416115,1.979468202455585,2.3615425178651774,5.583694074222951,5.0435635700944825,5.058148279725708,5.052233081673537,6.304200424733221,6.660119456373326,6.643749285212391,6.8620903435672655
4.826617813373427,2.926838181710529,1.5502050463590045,-0.19879271666540255,-3.1785550914039344,-2.7538265948140164,-1.7849002896672894,-2.3223000314666744,3.001856826450965,2.2933519548778016,-4.981511901924216,2.0676842131049704,0.9357362407952784,0.22008518258449472,-0.9221065684190524,1.6353890522007877,-2.2462603826089085,1.0949100917674954,-0.6037459995362603,0.9409502896478328,0.06724070062627667,-0.8776082478713946,0.472863103761287,4.601219123632152,0.09451611986837803,3.56905201675043,3.643059703690768,3.456549743335622,4.790429769372614,4.432323752369165,6.419808497914849,7.961554816441815,8.01108505182156,7.934090521073329
4.3155150123579915,2.7308048071700517,1.6986317347074995,-0.06289544493669022,-2.1737627733321743,-2.3935289225655856,2.564367080528543,-2.4242651526535246,-8.348058417415125,6.623268227145955,5.7326216419027105,-2.627869786567266,1.8898861135233274,-1.5362787379465206,-2.7279320235959705,-0.07896696555689964,-0.8129383979912287,-1.506300586768925,-3.575410330070275,0.4641721939638086,-0.5305389608478293,3.7784419182018856,3.301527256717646,2.25185939494851,1.4448908140929704,3.3758030471658578,5.21359596860642,4.043634425538279,4.7697781220676845,3.9378337658395757,4.393252676681257,6.514345598098612,8.363702115971032,8.777315871857065
3.702970441821919,2.583638639199722,1.5779664545721732,-0.07092168895180134,-1.6686185682694843,-3.0289018074296177,3.4677959553360784,6.14230581603662,2.114722004522963,1.8791332093250652,4.942906205080349,4.5747934490778706,-4.6109060940217885,9.27050252611991,-3.2696411480331236,1.0395864985416101,-1.0138774158154518,-0.25989972891369106,1.4051968008575668,0.7213544519289059,0.4074461139140064,-0.10298469448267104,2.775251305040746,3.1722829598147495,1.1847571752570534,3.018189455309155,3.705248611963836,2.622098711129997,3.6385514892133,4.2847152610498735,4.407438242360598,4.668329857844488,8.074787228710193,6.104012237263775
3.747177515057843,2.650453923292796,0.8896141133773136,-0.34452908124226783,-2.1211293689632518,-3.7320251489065157,-8.394428841852775,-0.5058702130377385,3.8199982904401337,3.5363621769570592,-0.5862166156649893,5.44194539002903,2.2057767793137604,-0.2160267519086264,2.1864533105496635,-1.0235191374584534,4.608852169766983,0.5573837447163381,4.198029137469283,0.5481008985432325,2.4310256237441825,-0.02338930008966968,2.0574074988886664,3.3123109835383424,3.85695491335768,4.220953579589609,3.4578022530678627,3.1400465907390287,3.3496959125404597,3.4851845548818634,4.35416985463248,4.818581125705199,7.064084138526465,8.622663174444158
3.528094768914189,2.1100006802311424,0.681776078106627,0.18516598946617455,-2.2575347675312716,-2.4084134058653475,-4.280283828148488,-3.4689354426207735,0.77819792286263,-0.33488685383672034,2.2874413081357887,3.440298634141653,-0.7137736947198914,3.6745649310830437,-3.5530437165583,-0.6624364980973129,2.0645798159829156,2.439390260580271,4.896683469567274,0.8473067274688066,3.146774218469435,-0.9828020865503687,3.79211336632395,2.9934022962204723,3.3341780720083474,4.43336380339866,3.867467813615522,4.212216628892609,4.459056253304471,4.252884137157058,4.638840840080456,5.64830348691945,5.042753529488083,7.838557925294891
2.9120641796955606,1.5193593274706274,1.0288321976472292,-0.03836597492826364,-1.3057915113202958,-3.7357896103086605,-5.011734833047088,1.4348552225221296,3.344160188141766,3.8589370177004896,-0.7236890110753096,-2.467002938541023,3.040434398450866,1.8272698794578401,0.21545154254802834,-1.8797156081868047,1.3181538509828499,3.9858866869783816,2.0847903142694393,3.881616500540709,1.2436768508777531,2.065335191396545,3.8859130847970147,3.407457201076847,5.494208088583701,1.9973996518859403,3.0971396334837595,2.8482494069079247,4.255435974563503,4.040659964394779,4.79703878095621,4.55508874067639,7.793611733634691,8.274723089299567
2.3144643974601293,1.6772849886472476,1.2010449962213376,0.5792789133123638,-0.25923007860181807,-2.3368984264634203,-0.7852842496598582,-6.820061053306376,0.4073921740522606,-2.6453673040854815,0.5280719037450692,0.023005340214081786,1.3732639399950677,-0.05076601124186036,1.4813108178972711,1.3144198384886931,1.5318576761018166,1.9750313640624455,1.471532504854658,3.5712147727501646,2.551901411509278,3.671265362155211,4.502037171924487,4.511890454361418,4.382480801747865,4.366915348347533,2.6723139055163805,3.8850706187197637,4.060882782118621,4.855690371309399,4.966937329508732,5.392105818821045,7.549312812624067,7.485795874650755
3.1203966169621173,2.0345448324469433,1.9125372219608472,1.512824606935108,0.24859333253709823,-2.4282370149174253,-2.5677640812213784,-8.702679623397373,2.996128308367971,-0.6803466642512547,2.9567366005162965,-1.5601475284868869,0.4872968438243409,1.5725373514651786,2.6814589358675263,2.9765694030233565,1.833340837109374,2.008680514265347,3.1389473893024396,2.625752122063074,4.477980333939647,4.417311893888412,4.022274815676738,4.144472782354645,3.8840986865670066,5.185796595094139,3.084307576152956,3.6443605599519726,3.6884827276203964,4.315272323407591,4.178060974862751,5.1961669637322485,7.633798552305989,8.461624753633247
