script/wind10m.json
{"header": {"parameterCategory": 2, "parameterNumber": 2, "lo1": 6.000027932988019, "la1": 58.9999434238085, "dx": 0.5, "dy": 0.25, "nx": 22, "ny": 24, "refTime": "2024-10-18T15:00:00.000Z"}, "data":
[rows 0 to 23 of 24, columns 0 to 21 of 22]
-2.5499409910231225,-5.477568749210162,-3.826887820619469,-1.0134777442649603,0.12031799152051173,-0.4072462581737742,-0.27584135017891376,-0.4612509497038194,-0.8761124847918508,-1.3291326016340144,-2.0267534953250252,-1.3622311397879505,-1.0299429714381243,-0.703854349816332,-2.279624476897245,-2.105129041280795,-1.2154493797135386,-1.3435463145142617,-1.2986165636880993,-1.0941114331619715,-1.089702934021203,-1.3857013854142242
-2.9475646548726933,-2.764339503663159,-2.3472109349594796,-0.03818814188427315,-1.629892356528586,-0.18903347232343995,0.04635877276701193,-2.689899135896801,-2.898517755855864,-0.24589550857524664,-2.151278049723752,-0.8917676494766889,-0.9358673459296433,-1.0258108744656442,-2.767018321827926,-3.2355289929648583,-1.599291689297279,-1.8358900044246749,-1.8573789550871282,-1.3078394913002982,-1.3924057761934627,-1.199531837530523
-2.6666284403525173,-1.5225408158166898,-2.1321870234838496,-1.3439727771265162,-1.3842465251309546,-0.2838037702888804,-0.7205819587700047,-1.5247620708194156,-0.11314168449863987,-0.8365481621068072,-2.835589642686233,-0.6131098046577779,-0.8994278787896043,-2.0940897780961065,-1.0842940294147403,-0.35990463333678335,-1.6565384372829624,-1.5275879595761892,-2.06834720839874,-1.4821645752080683,-1.860452325644491,-1.8334712232195625
-8.758088882575327,-3.1311789381418373,-1.9075356384945068,-1.152847189456483,0.3766410401320283,-3.6000978576643,-1.4714694773253427,-0.15400487982825864,0.4559722962293757,-0.6401956383764429,-2.436367441268222,-0.5883836626047836,-0.5546047290398983,-0.5962446243196471,-1.1287268704541256,-0.42418762628382395,-1.3599500713365815,-3.2834517627629802,-1.307585670514478,-1.2644054315431432,-1.3022752143111265,-1.242865497774966
-8.36359823511611,-9.551848927334968,-5.154474536730423,-3.395415952743502,-5.561256766267515,-4.355200371730758,-0.07267296370829388,0.8618807862653336,0.7100292478917347,-0.6474796270091678,-2.1009618264924628,-2.1405200988143585,-0.7414206156762642,-0.6175571564455042,-0.8185928673815589,-0.6097846628606293,0.13397663068149762,-1.5392277876693825,-1.1837421191533646,-1.1720062708568915,-0.9967873224863569,-1.3498553179460162
-6.460279430712158,-6.301792746917123,-5.963531176560387,-4.613945675619081,-2.912934799670694,-2.0075992880263986,0.4209298220255042,2.2874024586958814,0.0017460130258273392,-0.41411144777846126,-1.4921102528500592,-3.297672290141848,-0.9286767291673756,-1.097144017901701,-1.3357867193795794,-0.8612084638109689,-0.4776252990466056,-1.1191438563133258,-1.083964267460327,-1.153808130075536,-0.9746032867254671,-0.664034911180684
-4.009641074698555,-4.200681518709686,-3.539386338556292,-1.1615467433330857,-2.1095086862754924,-3.2244940085904217,-0.24052205486325334,0.6397578729444466,0.6465553639610171,-0.6205872787673523,0.2540815632682764,-2.399302765298979,-1.461397075887388,-0.9876263555865994,-1.3306565089317828,-1.1943934133163778,-0.33173841855508057,-1.2815891816452807,-0.6568414345377735,-1.5446849554928361,-0.9991549748388215,-0.8416424971788209
-3.280747561046414,-3.30581251057309,-2.3187212078330184,-2.0661447291482737,-2.666477509459067,-2.7422272213913206,-1.9107684373359273,-0.992058593235938,-1.3979537863932676,0.4385337499634929,-0.19928242325527445,-2.053110017859622,-2.929256274423165,-0.5406424014948324,-1.0408447679544912,-0.467410286031435,-1.2634685878777865,-1.3266436771161831,-0.7096745709929133,-1.0904872529559522,-0.9695759813835889,-1.4158123315190134
-3.315516563814242,-2.2206107242694824,-2.45706778861412,-0.010610827074108518,0.5204454510572725,-0.8251861025266056,-1.8247219860467425,-0.9186543732835609,-0.9119796981640049,-1.5450214445493817,-1.409551024257905,-1.2260301456921707,-3.234974845933305,-1.3049227159324928,-1.1572453510860758,-0.9651644855615044,-1.3968730227429387,-1.3315351656273935,-1.2899294714316898,-1.0581702640842443,-1.2291619478883025,-0.5878571984356163
-0.9041335934498936,-2.200874196772014,-2.4151898766827604,-2.11755202577008,-0.010515088668615733,-1.5287914755854881,-1.4434360104305717,-1.05353027522033,-1.2918174147751966,-1.1440267893126916,-1.145505422201612,-1.6139178706244535,-2.773388375532932,-3.2793696016623883,-1.4585643740380148,-1.3154198912837274,-1.362681451073113,-1.6855353067725873,-1.7362799783305278,-0.7729668045284499,-1.3392976482882721,0.2442869684712413
-2.096946781289515,-2.2716467284916955,-2.2108213032801114,-2.401119853187858,-1.726958037205133,-1.1955421160069823,-0.576154020974271,-1.1933902430265133,-1.0757367400989561,-0.3802855632181954,-0.2401667483066099,-1.3238944211269408,-3.391552615792156,-3.02784063746592,-2.8996786460492494,-1.866065205470568,-1.0705342115926177,-1.8433163592826787,-1.5108690596076482,-0.9344983433793049,-1.0258416568382451,-1.2821233225215485
-1.535683979124437,-1.1437980019877332,-3.7046375465330637,-3.60014964230636,-2.0913257772299927,-1.302030262319757,-1.547577612873195,-1.6377503454510134,-0.8610238788549813,-1.2832838360237213,-0.96838902036392,-1.5951582655576908,-3.8367415496562534,-2.558393040143966,-1.7698739580337275,-1.9332920347392557,-1.5337728965235395,-2.108579770243122,-1.608462829461298,-1.5739732350502842,-0.8942734091509791,-1.016985215905043
-1.2647395013391542,0.22812512028875284,-1.481004300033184,-3.295779266363756,-2.259104159459672,-1.598432762203174,-1.7575032401192043,-1.4111290051818308,-0.6587548042248133,-0.31847422649897994,-1.6161285170325217,-2.734945978769181,-2.3564008410725883,-2.1621097819318824,-2.46226045033996,-1.109375219561331,-1.9699641885813897,-5.27090763987933,-4.469799541549598,-3.657584483421035,-1.903034188000425,-1.3533355208593498
-0.9582748102718757,-0.6138543571893901,-1.452048479164838,-3.1841141292560287,-1.787873866000037,-2.136141283039604,-2.333087172172537,-1.0772462547842503,-1.4541032453788543,-1.7948752619326096,-1.8637771104143424,-2.6303508646492872,-2.41013305874016,-2.1644673621779305,-2.311097412980742,-3.251409765502109,-2.2007111814421143,-3.8879352185411107,-3.8190300964059585,-2.8942660974758776,-2.003516590666899,-2.9855387368951893
-1.2848384504016281,0.22617996031507775,-0.9964863028970297,-3.0264799363683443,-0.8035097999578675,-2.2390520208554694,-1.9510893653898451,-1.752731307782865,-1.157921523547606,-3.2993109824909483,0.23693499817982253,-2.507934691904254,-2.58026666687707,-4.617331547450282,-3.4384242478918723,-3.4795522637206426,-3.5410586608171246,-4.744787101040234,-3.8482568283111505,-4.124967410107234,-2.704679761369676,-5.171226397545269
-2.496712377364018,0.9731947540604768,-2.6767807407422395,-4.051946959198942,-0.2953065769530908,-2.3253614110683674,-2.812411097187503,-1.7731401530038073,-0.12648310397629312,-2.1911980287310127,-3.31952382743698,-1.8097114720938896,-2.532196181737446,-4.4231244982253,-5.669871585967849,-5.400538517112809,-4.871368276634604,-2.5367549565631893,-4.356958920688007,-3.7380633182521095,-4.947541369206987,-4.713395715465673
-1.1853347414302198,-2.013752722735805,-2.9244968448289543,-4.014605560878199,-0.8199983834578797,-0.390724814109702,-2.171134886855152,-2.4045062967314923,-2.2483783505832804,-1.9070749485266831,-4.260558704838527,-3.835368386267056,-2.0561740112269073,-2.583409885110542,-6.058286364135458,-4.9545065832909065,-4.989799193772409,-4.548240719247618,-2.923217461180767,-3.7490562553577647,-4.730829358056371,-5.4684612264774835
0.3098857116363388,-3.1755883469867205,-4.263357407838711,-4.373974706882149,-2.622439065406562,-2.6512435764852316,-1.9198909934950226,-2.5568665070714403,-2.3603605958673897,-3.8130730349267625,-2.9504820884231395,-1.8081556840520854,-3.139508177604264,-3.923457624231026,-4.739151310838254,-4.771606627033806,-4.6241209301549295,-4.274661273094845,-4.687560766109813,-4.600542695968442,-3.820129642469572,-3.8195514448364927
-3.401349726657126,-4.570717416215286,-4.509471481880904,-3.993766505632901,-2.4928580899951114,-3.688199197549686,-2.1666485684528998,-2.1121280989425966,-2.7720254082238234,-4.071518898815674,-2.6663410593813657,-4.008914515182743,-4.91973980642859,-5.077333252005102,-4.4106357772636215,-3.8574845653310974,-4.603024026933039,-4.165639422687304,-4.107480258144059,-4.560073666137037,-2.488001216316473,-1.7424978108610816
-5.357842144258114,-5.232458568489147,-4.4676057683873704,-4.308863767169877,-4.2545790576845155,-2.98444616942174,-2.1153246323312582,-2.160822311920716,-1.6618663946273833,-1.5225833657376073,-2.317963949456242,-4.627259691742641,-2.4408048376004823,-2.209800917507786,-2.1227974377332215,-5.634435135875383,-3.2051619448198827,-3.3032010741862616,-2.026298405795174,-2.39937714377873,-1.7754943856828185,-1.5263264618785013
-3.8743367723506354,-4.327142955062699,-4.674035314364966,-3.8628372440738015,-5.305510168883159,-4.358990614495878,-2.505082874105688,-1.8062666083102061,-1.8040434177401847,-2.2135601996456593,-3.04339732875112,-1.6693051437540696,-1.9552455722105662,-2.486229433822518,-2.2955058618125683,-3.069277732462523,-2.889683132637735,-1.7418573568881095,-0.9271955607426315,-1.6001104866529858,-1.7408095849927594,-1.7367655851568489
-4.561091451470584,-4.435877157180263,-4.8282593841831964,-3.463735309637682,-3.8000896528862067,-3.1733119212815453,-2.6848554781260807,-2.0930616684293746,-2.5098557160475425,-2.795641758101851,-2.0467489765032867,-1.432476910164866,-1.7634303097427706,-1.9134853774897271,-2.6511640004736616,-2.4002910115609075,-2.2787172309570125,-1.7525959352060498,-1.4319970897146677,-1.7314404083221089,-2.369944656564716,-2.285849555196644
-3.812493943593586,-3.3460240290917858,-1.0395462088327312,-1.8143376908661215,-2.957686735120814,-2.383302415708421,-1.7228379770008972,-1.6325217188748817,-2.9976681871709965,-2.378044567827071,-2.188943546471365,-1.2474402083870446,-2.121898990881511,-1.327418083531828,-2.9332763687349392,-3.3613397763849,-2.1691145259686437,-0.8158795197767921,-1.6064681142380544,-1.8838850816973125,-1.9262885661330877,-1.9096745408674098
0.9070768096360069,-0.8768179556475162,-1.931656599677372,-2.104054202097167,-1.333197871403582,-2.617894053068476,-1.960075657299551,-2.4215575324274154,-2.2559264946437936,-1.958788227697905,-1.1269671990973567,-2.079187776552937,-1.886115886100121,-1.064957216478038,-1.8985341130306252,-2.692666954354534,-2.6684287076560738,-1.2037570792140178,-1.4264224371226777,-2.367658886161858,-1.773683298583631,-2.674255432055332
