script/wind10m.json
{"header": {"parameterCategory": 2, "parameterNumber": 3, "lo1": 3.000054539987559, "la1": 64.9999836372058, "dx": 0.5, "dy": 0.25, "nx": 34, "ny": 52, "refTime": "2025-01-01T12:00:00.000Z"}, "data":
[rows 25 to 49 of 52, columns 0 to 33 of 34]
-15.359418090059233,-15.535915140187265,-13.254804541441187,-11.591260576032937,-9.629512270007638,-6.945766936701499,-1.339501864399807,-1.1894505989007453,1.4474682020039147,-0.5522164010987859,-0.9636304225749645,-1.6964909049635073,-2.134526982357764,-8.730010644823025,-9.659613012527206,-7.785456302230687,-5.913892537992607,-1.5658200884456952,-1.361753647319332,-2.490429133125595,-6.406927078623582,-4.330152350807598,-1.4319922244345673,-1.1782547233415221,-1.3816175164857294,-1.6678332508470888,-1.8703789955246817,-1.7355523133058874,-2.103561745234392,-3.6259614176729564,-4.549635949004483,-4.83448668381318,-5.30682269581116,-6.658343790502911
-14.79632411010808,-14.430415302410044,-12.103559298105855,-10.946575045452724,-9.487440914758498,-7.142289477032872,-0.9436417615187581,-0.8213226411983645,-0.17935728027775757,-0.6528433226870213,-1.3778025716285183,-2.0903205953310833,-7.767448681183964,-9.272117036443925,-8.431269315601453,-7.65240482242009,-5.15735012174723,-1.1933597176061344,-1.0513413201998865,-5.8579605617047985,-3.3031386399514906,-2.1520026814963678,-0.854461401585503,-3.5523689884075687,-2.090478068639729,-1.9372796758121762,-2.209082429087572,-2.2565466720759426,-4.519782832459023,-5.155908392297252,-5.452078085364679,-5.623925103067381,-4.691694703576018,-6.1574491441264065
-14.586219647282041,-13.665125416307578,-10.926046776870049,-9.965454536821401,-9.062350555453385,-7.018393009809857,-4.729536262504748,-1.949439056798537,0.25308937069529164,-0.8743284068608426,-1.6621668740316005,-7.008930043951115,-8.442288273157448,-7.317193810668307,-7.523024917918814,-7.0356025116856395,-2.797271233995877,-1.6632863308810848,-1.2946039937582414,-1.6062924319180572,-3.0129622411242156,-1.0491374258584438,-0.8605064175338575,-5.39515630288231,-1.4190522797188247,-1.8824754819410272,-2.1385775568507572,-2.298008648229368,-4.491697618376139,-5.631241431415438,-3.4396672248054143,6.528984936990098,8.15904827355132,6.49754934953797
-14.32083252583422,-13.142815628553329,-9.368856447956901,-9.293410718141262,-8.078213646488347,-6.732432442189396,-5.728201569789212,-5.924926132284449,0.7729068939797477,-1.8993780288873314,-7.634116091255855,-7.2257763183395,-5.749618488025828,-6.104949301482815,-6.059333640845439,-5.04615558799404,-3.9244203262389443,-1.3796039463212482,2.4746752733706114,1.8872921755691294,2.4257291058743085,2.6757805436830164,2.1095501172550426,2.721614031180914,2.450164712078212,1.7973568603848253,1.5149604490476698,1.3540114984678495,3.781896933804724,5.611335528736493,7.242520709705853,9.993366939464789,7.144179750633845,5.762269146043906
-13.535322851254422,-12.377240761758891,-9.419193533564668,-8.852352941473404,-7.869290837338226,-6.08778782129312,-5.724850820465106,-4.518224116361894,-4.410883155553878,-7.811269925854066,-5.499779466555519,-5.914903313839729,-5.3099657366156405,-5.223959906749608,-4.969682669753159,8.287218484149546,7.565083462689652,8.407438347644433,4.7568313125995605,2.90696782124477,2.760712147551269,2.658328813771273,2.880846034323779,2.56228544304489,2.5329188147462465,2.5940657634902182,2.5423354174776778,2.4075868973732435,6.847773752460966,8.916042104504474,10.85569532450462,5.379362937943818,5.3269674344294975,5.458267129595091
-12.302706103446454,-10.467472608317665,-9.42498125062968,-8.304064030679967,-7.96291233523038,-7.9765601510917605,-6.735143090663112,-4.976171414389508,-0.4364270680392253,0.2715312616057799,0.7410873974069849,3.849885025696009,5.698853447261409,9.126332126255832,4.634271703010433,4.867449586071234,8.02169144811836,8.270343691324008,3.5911173632414624,3.1537527172035236,2.6511227718635633,2.0035698834961853,1.8002503427623782,2.0423524792689807,2.2641181812185254,2.1115929447455817,2.0870700649503915,2.393551760398603,8.003973892958843,9.042402703772321,10.09793981154027,3.9390608818994,6.30374277848989,7.371843016244514
-11.090399840214591,-10.12761314828891,-9.85754145996414,-9.98586981713447,-9.454084779081198,-8.315086154244504,-4.834925788765149,1.5336808381375875,2.9148211540031324,5.878054504944175,6.3076580004476295,6.834691682794487,7.362481357495578,7.324136868568468,4.0432125180999625,3.328830854759849,3.946300273099471,6.7568791414093035,6.135812399739467,2.1816939815707923,1.8897264145697243,1.9709379179952442,1.6499204939829075,1.3669780305127641,1.4862786248833184,1.072232346271342,1.2355519712014755,2.806090025338465,2.49199076358606,9.679917311548685,9.959041682063159,4.4458955960262125,7.87010748746803,8.034597910716123
-10.34384290738945,-10.327740895156554,-10.662149969596163,-10.755128558281335,-9.46379604960684,0.04695553177225729,-0.0017331185368062183,3.411416253716181,4.04853508509766,5.394894848280036,5.238809775731936,2.3203763470237346,5.265086799740844,4.13755994656691,2.8305624079994574,5.075834067658997,5.311525800673704,4.6666178724306295,5.545093181346619,2.361474077866952,1.1236995638654226,0.4489276456381515,1.9497743865405013,1.4369854911478828,1.7818718129721156,1.8064264750033063,1.8294263493666842,3.6344165912382924,7.569096652074174,9.183155325995742,9.42387092412967,8.287469372655545,8.333012661467544,8.292176203864736
-11.268245997173839,-11.669113044212866,-10.730149518570517,-4.23356974678697,2.117628123991872,2.6439588912111405,2.655890847252256,1.8201619277653571,4.662229870116173,4.6668712501348075,2.9112503138615957,1.5540145127445255,3.324399531151375,3.756414853824622,1.8107062579618463,1.2486958198797034,6.376227147916082,6.084151851088976,7.653014396944317,8.615525314357624,3.364119853232193,2.2351896169340595,2.717299464066278,2.92167942725488,2.253440596867719,2.889730236580323,2.44635880479631,7.279277770540456,8.634603139352802,9.631378052656837,9.268184283271781,8.74719677741409,8.401257401082958,8.205991829167615
-12.040975395220082,-11.356630203404164,4.399047262624926,-0.8700706319544486,3.713284358035862,3.0904609206311546,4.034978017974601,5.0076525025549525,4.71768727905892,3.372779729759001,1.9017589256099505,3.357437678140891,1.958389707727065,2.9517432555583,1.7382787684264027,1.44251278872802,2.8888826424106657,7.432921485352588,9.677762218414292,11.034612900651316,6.857058135812344,2.858072880407679,2.7657753923275847,2.7526447777963257,3.1054271750500426,2.9678516865963505,3.1612978059417327,6.261770506433922,10.179178367762576,10.098567481363377,9.44336710082708,8.790544689129435,8.22157352899224,8.137749611968843
0.3106449932678905,0.6150852395449302,2.839707578925522,3.1434786385025597,4.449675976953701,4.2275140139038525,3.070096675057863,3.5829069038979995,4.018054326441955,2.3788748958840955,2.2307394747678013,2.9078452557935464,4.2769166737992235,2.8150638935690164,3.0629813155272876,6.394222804577338,9.629203205355035,10.893810875747807,11.017539737060112,7.267403978047277,4.8013574710757565,3.5697544372866155,3.2788174449542993,3.155103573838334,3.21258945264854,4.0163119540765795,4.952468496370349,10.392450092301539,10.663496981176694,9.889161346648661,9.302219674799957,9.612044431006398,9.073107002700894,8.360977250867474
2.0702086256475427,2.5719923481519373,2.859000446748121,3.3416455311639424,3.947305272169659,3.8785560031693977,1.8852419950798263,2.0854632402458275,1.476350337848433,-0.7508358004897183,6.446174187247395,4.248595133503153,2.7231490647943017,5.299555662694504,7.189550497008213,8.937202288200083,10.145396021673461,10.439301528263401,5.644065475867292,5.175180080765711,6.005919314378165,4.183532838590532,3.7823360169388054,6.672691983302096,10.616844019164649,11.019852838755698,10.851389634187882,10.579770358175919,10.230003982557815,10.050180202342153,9.771745846036483,9.456692195124429,9.160226152704473,8.304413501347895
2.109102245169493,3.153536949608286,3.3977850015571245,3.433952227963269,2.900386012539223,2.308996937586861,0.3086623333190357,2.9438558351163127,1.5650125433718531,4.882357870966799,4.393613198550904,1.958419433752183,7.029945933338165,6.108555366185811,9.055267061990993,11.248495643900538,11.274624264664471,8.808367118363693,8.689206591729011,6.511304036446044,7.91997431257914,7.37054098990174,4.306787257194658,9.310328704596568,11.0427808532777,11.139068680168808,10.905938626034674,11.42536790800355,11.635925587290604,11.257467910735476,10.56724985035562,9.971454982799402,9.182390028123864,8.68733658654682
2.4306994701032028,3.444901420374893,4.077845271713873,2.6230193849742167,2.7071439147956293,1.5462498283407573,2.102842753968903,2.1569333602565086,4.407148688831074,3.9026678446470884,3.2343796258295447,10.316150748493701,10.554922044118458,8.821572419800324,8.78469601328476,11.357405184862158,11.398731190092942,8.715581119972837,7.804345340839826,11.3813232542109,8.582393404877699,7.0585836544808,7.7284720028183775,11.038184372458703,10.798033219785944,10.516376720605964,11.891547156893953,12.106841411116225,12.193996309326195,11.862716183087922,11.066873008999698,9.811879629097069,9.140193229402115,9.099436478770183
3.4429367701053675,4.224368022568477,4.051137512870807,1.7790576747784725,0.6361718504027218,0.24027565938268364,3.4093537573190997,3.963497414728333,1.958224233699814,10.022305919649353,14.298972606186393,13.918963572416502,10.570040267058193,10.10129717806687,9.433406034301445,9.329366436267911,11.970242015165718,8.36425495985748,8.0926256708467,10.839797465504383,12.381350688848167,12.909218121367243,12.304003707886313,12.41594106405064,11.897803326846304,11.674838401300935,12.31234713932846,12.724923434863781,12.690553743758967,12.347048277461122,11.184625716496766,9.759663108792298,9.3568766656308,10.284772859143185
4.78717294386473,4.866810664578864,2.8237408121203735,1.0328367408981949,3.050355465626831,4.1642832416649345,4.27075966543054,2.672637874694506,11.450514126724567,14.772121925861066,16.003653717323935,14.734106394109366,11.018723476248756,9.966915744500877,11.174240461509457,9.617081934571766,12.104003602458874,11.52624761530702,8.086334456656084,8.783322839323398,13.126533019707255,11.621965972836952,12.425021110595413,12.806000739172022,10.049620232763756,13.031765873280255,13.097067073215783,13.375607288079216,13.346929423418628,12.286223390616998,10.928062159307954,9.715809451553053,10.167786265161162,12.802259816502051
4.716964415216812,4.249850657401354,2.6045848991543674,1.011021090865136,3.603174901131797,3.710316416311749,1.7046170531319527,12.028800593145924,15.317835744693902,16.620527562140342,15.03968215370989,12.52708258626184,7.79571424633568,10.457139323139476,12.611476337087264,12.064538062479459,12.199127953102757,9.778348478703386,10.225655622915836,12.990919135071373,12.26894251610694,11.279349891559498,11.666873639610056,12.829390295116799,13.15879756442537,14.032949105900629,13.985612493337435,13.879590599422482,11.92056786257128,7.299744466973875,6.502036070535469,7.448227712548248,10.7937626411464,13.473961736577145
4.915446571137744,3.9766017325416194,1.3608690472941485,1.3861963173591834,3.5162800909131326,1.7859889534759459,11.846259832864282,15.041004329610843,16.937818634990183,16.812006532235294,16.341650306073213,14.140629898794456,11.495626421847694,9.878137322773576,11.958398392043602,11.885419443258366,9.666505801359271,11.778521957196203,12.682763645792832,12.39767828186777,11.776461146828217,8.544654961964824,11.725733499740155,11.980519830200796,12.851616790891068,13.966975252390005,13.24857705395583,8.114633517469745,6.021157660720494,7.129250645653574,4.438632763578042,4.797747751208471,11.130660367111222,12.021199078288806
4.0908843500775465,1.8049856319963944,-0.3682711223629137,4.871370268159271,3.186900086375691,12.044453207355353,15.048954962659632,17.890364391013616,18.02849721328483,17.27603430604203,16.122784566086217,14.455139104759903,12.033421221931883,10.333184284316337,8.738525638016512,8.499624248749225,9.495016277647332,12.080900451286164,12.440639603693489,8.123784911653303,5.76284889596458,10.580061723190246,11.014326110711835,11.252056406336576,13.035773915984837,11.558846750986678,8.916723144603214,7.072374730700871,4.323507947496441,4.278986992489637,4.594545944206282,6.330205561105903,7.059945427209745,6.836080061198032
3.7812781116039456,1.8157453028866963,-0.9579001548303037,3.361609090154517,10.504480682261246,15.590681101342268,17.751764794274703,18.93577136514347,16.681784978941096,15.933095700155098,14.720176455185001,14.73136772267658,11.146683102249867,9.717155976917745,6.963848118843585,8.471079780919212,11.067167126959943,9.214946268974916,8.410012461217779,8.674509859126774,6.435505014423996,7.735955317417383,9.81824267217223,11.266469709423076,5.428808173311965,8.24201844774582,7.276502839853019,4.762917324696903,5.364347373658012,3.804135304355721,3.8613772860405065,5.057775586195175,6.80644957008624,7.40633950177371
0.6085285019504141,-0.9336387621482202,2.2711488754143847,11.324705158553884,16.07860470528074,15.406813871963463,17.72120932219929,15.394572953448384,15.212023634331363,12.865202603502063,14.29135147893331,13.975150698228239,10.58328494437251,10.791213211148236,7.635029217633249,8.723048564981678,7.98725464729502,8.30605814255745,8.146103847875537,6.908825281596105,8.060636460682314,6.717803575678702,7.357916396482689,10.68618813564535,5.682097239724326,5.712343569000028,6.543422868306457,4.345537472294541,3.274765064352456,3.9984859720381127,3.7267733511062215,3.7270451563694795,5.10732653655266,4.535435365643122
-1.478854621064806,0.280435259571763,6.903723571798509,15.10086582984552,15.091050332790891,16.88114669975938,16.266648592311782,15.665103664778991,15.07390825362174,8.780303235147088,10.45322631152248,10.87632054797507,6.540957412636557,6.642990534858617,6.693282905399366,6.344697989937634,6.312575585014875,6.428250597509702,7.955785971097525,5.543954041002838,7.917387051168357,7.926498288787519,5.552597916704402,4.604344559981385,7.0066025857063625,5.461636991775503,4.225908089041375,3.4729329304743786,4.36085848174432,5.542013678703941,5.056429287580621,3.937112219071229,4.902237848511796,5.352684970415583
-0.9533912705588584,7.379853106737272,15.122935016551763,15.07576543649766,15.398530582753443,15.245295687627255,11.117179678059767,11.565019568019792,11.494111409013929,9.499900327662363,7.291677460733885,9.611120121089257,9.152282012817295,8.091841157124016,5.7085889822776,4.810727083133953,3.4649564456384794,5.173921183938751,6.302710285039802,4.517097859418876,5.331289476679724,5.1959622814773825,7.29892620139976,5.24443588197608,7.5904806230859565,4.889619456413042,3.6871911293972843,5.603131016855324,5.5023648114538695,5.319782236880236,3.2354591886302315,6.273208843503762,5.2989852550402174,5.510190150449162
14.028057408314876,15.575507732586457,16.142801088850515,17.80094684151445,17.04295975698333,11.606342955302814,11.603420517174124,8.939974282034184,9.897563314643504,10.153264145316953,9.17508398632083,7.919366388745824,7.5137446168689035,7.814810222195836,5.083353213765805,4.767298858001051,5.705252280295022,4.603069042165862,6.084172424337734,4.217192566077254,6.178078183159708,4.510125212509076,6.462608619233224,5.192367601407978,6.264992856763183,4.581034919557706,3.589469035671322,3.560737821170713,4.552378139519267,6.224759359962034,4.236784606768125,4.909627758034702,6.091418931133141,4.929888585503496
14.851580406782,16.00264729468819,17.1823024137445,17.382726218211264,12.518372163697611,15.411331239670018,10.458264347106022,9.292374188273696,8.902740517581215,8.609307023338147,8.524061811026515,7.690159414153538,8.261570786346917,5.373846197971801,5.231301112147704,5.80275293503128,4.716107338490955,6.07912933200303,6.1639762984724955,6.0574454162508955,6.824808052536254,4.182548570880592,4.369664101369283,6.326845281346925,5.59848446704609,6.0270640123165204,3.019023141391438,3.0831928003284426,5.288737070866072,5.853883048717354,4.965453272580605,5.875127642321932,3.613593584749486,5.280968856134783
