script/wind100m.json
{"header": {"parameterCategory": 2, "parameterNumber": 2, "lo1": 3.000054539987559, "la1": 64.9999836372058, "dx": 0.5, "dy": 0.25, "nx": 34, "ny": 52, "refTime": "2026-03-08T12:00:00.000Z"}, "data":
[rows 0 to 23 of 52, columns 0 to 33 of 34]
1.3871584101849748,8.495463292951825,7.638523271376312,7.275718207741342,8.015599953079317,8.060271356486515,8.234978971336828,8.403439418121414,8.28877239858515,8.154814471441686,8.20174134282607,7.907003129957901,7.215490908344694,6.675956983985671,6.409534866266668,6.547351176275952,4.767401076404484,5.061603358239176,3.2392400958811667,5.5646674535547405,4.055615724139149,4.664951614667713,5.127052194218158,4.274189157345747,9.232326528885508,5.732853485737517,4.475887234117373,5.704036151926349,4.339752306219507,4.697886564305072,3.1376317344719564,4.058991897383759,4.157508778911891,5.4298093402453045
7.4153308481652855,7.169915459251293,7.206185294087637,7.707980422767797,7.759303761000733,7.6096796312882375,8.074784226705043,8.005729127877006,8.191088703671527,7.625198013173506,7.576244523595004,7.323520380519858,6.96354081269963,6.486813792054889,6.686342158137658,6.450801864349364,5.763209923224541,3.930054324470843,4.517230453578015,10.023122134322195,3.233358397043446,5.450353127898987,2.9969922077635114,9.427162974609615,5.307415552484961,4.340034614310019,5.569526019659753,3.248189028146247,3.1733575247998718,6.35167447044012,4.6256699721784855,4.223987565389624,3.8959891820895365,5.4818975295403
6.006921007659205,6.738580217686891,7.661785410853182,7.808101256456412,7.08175601801286,7.643729366983849,7.758195308599933,7.860033216415806,7.904089758100398,7.78857898315562,7.345888792912853,7.29049690423149,7.298926845056037,7.8656145740807135,8.000172854587133,5.639872165797319,8.247749122420574,1.5539620666638614,1.1048642086638398,1.9553354748973313,4.967543787231392,3.614064880337246,4.051404374709479,3.732889571694003,4.708370251307319,4.732086569759343,2.5844903092282516,2.7383737092846645,2.4491153946675053,4.4585353370522,6.020401562570194,5.269888438156942,3.840170996145117,3.6317488764691643
5.603032812746856,6.617225205744693,7.348962431413711,6.061844829662725,6.985093502166909,7.176791995167119,8.06570931421685,8.801285060367432,8.536771603998652,7.896195167516123,7.405694787567996,7.273313225009645,7.766791871251697,7.72817622946997,4.110619696357551,7.2412020706418865,4.310601063769003,1.864850674302527,2.0790726168687153,1.0908748597422184,2.0088708237536435,2.2514031401176293,5.445134935236762,0.8713359297107164,1.3246071033155393,3.319036007777353,5.337370437548255,2.293236683516079,2.0503453089093306,4.101277935681226,4.38800013619297,6.702464277740385,4.990618956459258,4.175927880167592
5.151394947426075,6.36896403721973,5.360885793593297,6.0787969409807765,7.175821912485698,7.466253745060268,8.097542426019096,8.275848320976841,8.797543141557243,8.23655770350825,7.607177887187538,6.951938770367579,6.43812027846143,3.154408959482119,2.6602513875815346,5.480058443385651,4.710148954834616,0.8883474046801341,0.2909012573235903,3.5387774334649706,1.5920806231940878,5.663910821053458,-0.4465705538280817,1.83163082807554,2.4396643280553665,0.05940020757248145,1.0989902650388903,0.922870522528544,2.682115318303301,2.5641968063176397,3.8320876647657984,4.405865511907586,5.12424786204143,4.104107989683195
5.558418624143569,5.171914905739702,4.968689460511772,6.296269138625398,6.885084770978219,7.831399272038082,8.428882875657479,8.078575807484825,7.839068835018542,7.121694370435145,7.125243842740341,3.685772444263446,2.570252701367624,1.120171429565167,0.8948340433365259,3.997967783945478,-0.7242735338841604,-0.452617137299645,2.2199442707210704,0.5096955715758068,0.38882071646044697,0.306492338819281,0.03744508885240405,0.02174196785435093,1.7040739805138188,1.4168301743710139,1.9969242171685495,1.5865544620349812,1.7511176628331275,2.850361891671396,3.1653705952498035,0.9843402811211569,3.087936582488533,2.6506781635058885
5.023704009724216,5.2314864619603325,5.319008856262552,5.986695594916041,6.986214696137196,7.640726900249999,7.4903446589498435,7.757001059910541,7.0846653451230415,0.7225031745823061,1.2661821755673288,1.2534621721847456,-1.8671938431480934,1.0044968796798683,-0.612107896565454,-0.6536590170505716,0.28223061486953527,-0.47688704466009224,-0.2275325886215779,-0.3186659182735173,-0.045341476803069214,-0.47497177843420324,-0.0936052380209621,0.399595942364193,0.9583869788284299,0.5009853584181126,1.7792503297768636,0.20033013543499478,0.5964310045946306,2.139950653400789,2.782643227119644,2.9556463788506004,3.3269831412768496,2.81808690222119
4.787383385933233,5.592610362050016,6.069985364858375,5.6831280033887985,6.538734020911026,7.043825701914835,6.4707369212757895,1.190627810017198,0.15284353869604678,-0.834858966493137,0.9200093581448722,-2.5029637544065806,-0.7027309147864709,-0.30919636301371495,1.1573699962621753,-0.9012785181776473,0.98329579954842,-1.1522177345926794,2.051616459998049,-0.5658237653498625,-1.115681412172988,-1.7441291253275748,-1.896160045441394,-1.6041433678020258,-0.207437686341019,0.8125122918542069,0.9224773991843686,1.6262251597489568,0.8132348968169688,0.5350356841226238,1.7408288303018595,1.1043552599595248,3.5326007641282184,4.571235133483153
4.402760672119923,5.060978660420321,5.095966796587054,6.742055095246062,6.37269229113632,6.171900906654793,0.9094645683326823,-1.5336866936793672,0.03395758153079549,0.1597789472132614,-1.2524974955797912,-2.830814104428621,-2.9257791174511065,-1.4875756186426612,-0.4168065836921713,0.08768357754351935,-4.534864753806484,3.8143345598078615,2.4759254214221076,-3.0840365318969667,-3.334844692473699,-0.19933436524141393,-0.8278282608264464,-1.4121483289639736,-0.1214173512159746,0.6494754128325094,0.5683716494565045,0.19516078473485982,0.5488551315008015,0.4369874579093084,1.0411296366068994,1.1533824458482838,1.9892390706929,3.8486614912993153
4.353244582204624,5.297573976660808,4.081743074718453,5.130395605844151,5.524107660550205,3.0230533148283505,-0.8303836168990401,-3.4551362041999,-3.6537920406886584,-2.315306256716344,-2.2242609414081578,0.10048285384051556,0.4338547056273114,-1.221525306422335,-3.540827172380623,1.4044835599057026,1.6319529795789125,-2.170548504289231,0.2518156706121732,0.9520201027706163,3.590703792807738,-0.24783348773953556,3.2919510583469838,1.5043097734005095,0.753678007994971,0.8110635668452881,0.28433604275050534,1.327555101982196,1.364327820616849,0.9823593182723246,-0.17648889529115985,3.4045648527402177,3.9500727231907127,5.558427230115987
3.9994725833882185,3.0563290003831027,2.7136227670257758,4.407051681019673,4.4622099748056865,3.0518679452083672,-2.3568858386712828,-3.2601744574623814,0.7404685210892991,0.5277691238961906,3.2040125497202294,-3.274966639161532,1.0395652701890084,6.929608777987229,4.641357116153114,-3.329167515852873,1.6275504204452236,-1.924762092454666,-0.9070426362155493,2.480453483330502,2.545261550586919,0.4331852935320854,6.6259689739618794,0.5720290068286077,1.4944845619772806,2.5078028250755118,0.7641594775172444,3.4488837904121294,2.22356574700322,2.3637396921896556,4.121884234060585,5.703751173259245,6.790280037600812,7.902415579120416
4.289316613951159,1.8814251814977896,2.631105795208062,2.700481341511393,2.1064550150174064,-0.034216476095055105,-0.984627737243084,-2.2403115044106303,-1.5719306216501479,1.6662128516706618,-0.5305153739640948,2.683040707389288,-0.10709085047182162,5.0840006453696605,5.151456600494025,-0.17413226774850726,-1.0692019822175431,4.534708539038938,1.1714396349248548,2.3842216185097795,5.262239500514981,4.9501329845907,-0.4129713791376982,4.930376529039517,2.7724961801077512,2.578254435115408,3.213638355826422,3.676176627035681,2.592813363020852,1.5849451680617892,3.8446692544646717,6.294434387842799,8.272040723113555,9.358891480639237
3.8845296610902347,1.4645298942480127,0.6692426697897427,-0.8381982616924554,1.1540684888794817,0.1641324698357207,-0.08636951504250902,1.9564952562959836,2.1749355934843875,0.4783011262966974,2.7369331108561368,2.6084053295251097,1.3501013248102331,2.8580192860039744,-1.899578048022801,8.106777237588176,0.09979812135397062,3.1121745504104514,2.3589361938176623,1.0207747500112612,1.1000689395300263,3.9920920670471096,6.329915378320096,3.8097810467293756,4.2956886316317835,3.4656886209192437,2.2108300645863337,4.500859727906542,4.059942305441649,4.633654351088694,6.460316161657251,7.319806655455054,8.646324801212264,8.625774330542122
2.508328366015653,1.1614211215295782,-0.12394021068926155,-3.586243826950507,1.217209902204258,0.661456856132223,3.700098775278454,-0.017440546712582546,-0.2516069308948644,3.2877225904044076,3.545551409782888,5.460566419727049,-1.4691817292505522,-2.3313558268366075,0.8445170596464014,-1.3659719403625343,0.4378617581050458,0.645863835233707,1.9125681850724219,4.092019103034335,-0.8567659814474987,3.924192044446788,6.1913830442362086,6.506597510910777,3.96766391939097,5.247716771010704,4.552568865975164,4.491988053738482,1.738618817952938,3.42562998418027,7.918833863631653,9.301690823506034,8.594090479585384,8.769624041420974
2.8015269706879895,0.895480155226806,-2.3329918430170484,-1.595158038248817,-0.4466007719033371,1.1452847542771607,0.4078025889599008,2.8063108201530977,-0.2908679433741702,0.7345280645977295,-0.8796522153099886,3.7661995097038012,1.780730186607623,3.5406708824476625,1.9359675086435122,4.558264000163573,-0.23469826188412451,0.8441923382052797,1.6622214486607017,0.760332739346512,2.4505338258371516,3.3695893506363483,4.067936510753817,5.831399535273609,3.9398359743244815,5.1952825396603295,4.910732626949086,5.969419995785408,5.0804832524424395,6.359048399118244,7.115125527195693,8.160807766444199,8.357385902056297,8.793512662670746
2.9161069506868724,0.0937840356638791,-2.3491013152011635,-2.173154276136508,-1.973202508511518,-1.5815658701437152,-1.997274603502237,-0.36549903895478913,-0.7662058476496777,-1.0673203622084968,-0.794604517590963,3.912765393926921,-1.2239183793932207,3.2618543740765715,-3.472477309836315,2.8344072372485276,5.040456904902524,-1.3518180094857322,1.5725152410800047,1.5845287794955323,7.86929213121108,3.1814597776035693,2.663710047438374,5.879879521992917,4.572998590124965,4.575659001747722,7.176917742185584,4.460900425488439,3.031365186651239,6.009426106360355,8.137349339734635,7.660107252014331,7.583952478943791,7.267283955654077
2.1078867852014365,0.7306338136326502,-2.045282390890631,-2.699122501856146,-2.8337520132862877,-0.5374833726455318,-2.087021904015343,-2.2830089336415362,1.233374602303777,-0.04193340015239625,7.799310869332316,5.013731929242537,1.6725731480159372,-2.562182936076637,-1.5560470631773726,-3.2274607483359024,0.5784505490357009,-0.5256494382356662,0.43097424530990214,0.4388291435734906,1.8757083323840584,2.7872438179894865,1.2948794628588784,0.02940467585243637,2.3552152850674815,2.871430560436427,4.939851083212942,4.695013599560247,2.9743021519999906,5.233459659324765,7.640226549323077,7.4658914552072595,7.144016358570773,6.069043615933436
1.9186088899123985,0.3779227510231223,-1.8731820462481612,-2.8793205863761786,-0.5206573373768526,-2.1597147331495234,-1.6913059663353605,0.5390617191475814,-0.3245759727359352,0.17950797844774155,-1.1588667499602738,1.8087541124367197,0.05876971576179605,-0.6818727179959995,0.49148832307733403,-1.9188339202467655,-2.0788633574693582,-1.1129790936254242,-0.6470794488907305,0.0036467442577267774,0.3701513062457656,0.8451561496065524,2.1041717365569617,4.03440623507452,0.15791037952405118,1.1730233714106286,2.178940016956254,2.674548016270147,3.084000768884224,5.027670031433603,6.589775946553129,6.142889314446425,6.017730040398426,6.021348593493317
0.7209939002563717,-0.5681196447904173,-2.290868487493072,-1.4385689653092122,-0.20671549053579025,-0.34063761304958307,-1.6543763827982205,-3.172088708421521,-4.383203250287427,-0.26035213437612703,1.1925764042707327,-0.9321496353761586,0.5127403255064034,-0.29896586173161394,-2.409877861608856,-0.023744450704840922,-0.9655286401478592,-1.557795938136841,-1.120805958487877,-0.19505243998316718,-0.027482553341974608,1.443832681575021,0.9118401485920187,-0.014634273313851314,1.6260674227681395,0.4227868607099129,2.1568484419885676,2.3548046154676374,1.7111094390099748,3.41281459779544,4.078211507327625,3.0571222603318886,3.9223143263632716,5.22028333125427
0.35955518273968834,-0.34564826745740035,-2.301578415643231,-1.4006768483408483,0.9698654563578905,0.10618900818312198,0.6543661837550327,-0.6031993545535496,-2.80766033075126,-3.4536059357611095,-2.1461676292388554,-1.6613045933909634,-0.45586235514062085,3.5686136729908995,-0.521725797025761,-1.9762193221646882,-1.1464135811909815,-2.6830372207449353,-0.9326902199955217,-2.200047137547321,0.4426770044158743,-0.8676370807665758,1.0233281076709209,0.9042386361471534,-0.12643902114640668,1.234139340923863,-0.20766736947949796,1.3770214041605595,1.8594172678722962,2.0173530770151396,3.135051911584339,3.5824772939130907,2.25262301689539,2.4127898952837787
-0.26878543253560744,-0.8704787604657538,-1.0691615438971775,-0.5043680600877571,1.454506012243695,0.3516034436023495,-0.5254504631798594,0.27245914060817905,-8.368283793290303,-1.2904460520566217,-2.8268858476311247,-3.055488736903165,-0.24866951390641306,-0.20112785817420997,-0.7289682975700127,-2.0208051961439004,-1.7427269032645436,-1.4308520239629525,-1.5097330255674208,-1.090538072572002,-1.3915049670201043,-0.3571661515039265,-0.360523490069081,-0.05323170985191797,1.3620771831035376,1.9268065277333,1.3679781194966536,1.3152584715487003,1.5723802207944098,1.3248791118949337,2.36374360273657,3.2454473279376126,2.853552633294316,2.89673008216252
-0.8705087981851816,-0.9665685040816175,0.44411894298574145,0.7723081349875299,1.364387891963952,1.744381075434818,-0.17044801716315888,-4.480708570301264,-6.642689821714477,-3.0543655914529086,-1.360031413706333,-3.1579611993205954,-0.564140858006023,-1.894139494677081,-2.4646150621042726,-0.7516989657393955,-1.8086403284329406,-1.321690794861196,-1.2282365857414992,0.27104668850230257,-1.4717913046680542,-1.4529597265491876,-1.01159043984436,-0.1624397347885496,-0.3715229365980529,0.6419184771295127,0.5986674031514845,0.9633008342330104,1.0842818612330694,1.4126441981185531,1.636990806524525,3.08125907676005,2.5768614905063445,4.254306638284197
-1.1109076506727569,-2.1003264923890876,-2.249282705380268,1.5999053588044851,0.6920947428325762,1.433696554089512,-3.2731360289165807,-1.3897632803639355,-7.694675726486701,-9.649579845912973,-0.6982713186678463,-4.7450398276070525,-2.007651705143651,-2.634183614895954,-1.99867525962518,-2.481304627885704,-1.7556876189859931,-1.528919271613543,-1.3933428619661836,-1.469835195250673,-1.8460923104467621,-1.5577536528266702,-2.078540226387749,-0.6990777269359939,-1.0262671238322099,-1.0741638487349348,0.05399803728085775,0.03453968339001352,0.7635031086843267,1.122169756873217,1.4868426748622785,2.4194946644115105,2.9201643044041945,3.6541066184130315
-0.2818626686542785,-2.791004457332881,-2.1106377332888773,-4.4696848884833775,0.16810498123102635,4.28816103331891,3.2833886682454394,-10.216995095314633,-8.053922379618713,-4.659721343062033,0.05689295146274418,-1.0295791546678545,-4.018093384684981,-2.9069141532365985,-3.738423389244901,-1.790693584465708,0.036638650081760614,-1.7363910896348607,-2.5348303867841024,-2.0716915134920573,-1.5096627335707795,-3.7486567856960904,-2.6397646859852353,-1.6242126488199335,-0.9823893368784762,-1.5500330094523667,-0.6139255967718269,0.04503780701133912,0.9400941140874395,1.4155262901085124,2.0480545142144653,1.4172431798751766,4.3671897393851475,4.9828510535281385
