script/wind10m.json
{"header": {"parameterCategory": 2, "parameterNumber": 3, "lo1": 3.000054539987559, "la1": 64.9999836372058, "dx": 0.5, "dy": 0.25, "nx": 34, "ny": 52, "refTime": "2025-05-07T03:00:00.000Z"}, "data":
[rows 0 to 23 of 52, columns 0 to 33 of 34]
6.714414398656177,6.145446955083114,5.733702630441618,5.007890185006407,5.040917072014306,6.167451694839373,5.918613445588627,5.2532118613867596,5.37952207461798,3.870618484909477,4.664294433965478,4.339324958265217,3.5931157578374773,2.4752786181912243,1.2238528822722727,1.0813061248518956,1.8155301740594125,2.5070639129852754,0.08828161220192506,1.9370023379628696,-3.0175314471068355,-0.7011909741454082,-1.0217154996296243,-2.7293578008189017,-0.9699380316493267,0.2654046785232419,-0.7448730027913126,-1.4170948166832646,-0.541800783184916,-0.9370999500601488,-1.3704391842146852,-0.6370691671297652,-0.5760637543510327,-0.6164710429139546
6.746568005125234,6.0847297831374325,5.446165572689281,4.5578225787117965,4.7877774831021,5.303618860384046,5.424427537174917,4.866426235822692,4.366371205298696,3.2389542823817985,3.800415107776069,3.757474684440108,3.0287176687908675,2.6245319822722983,0.5330987874927032,0.3793458869593198,0.6087158967337375,1.8419464836523758,1.560343452237644,-1.1958524551259353,0.16018243700937887,-0.9990600708529794,-0.053509078266524956,-2.0377031188808603,0.3134756027669096,-0.8703821300680983,-0.17916053344993965,0.44569987115193166,-0.7268895974092293,-1.1074179817619063,-1.327204340418426,-0.5047433271488639,-0.7930862134278347,0.35771020543258286
6.684623461761615,5.725140300903265,5.008075748457712,4.366971873951403,4.977649202430632,4.759457014894306,4.604247599329185,4.206362359085876,3.709875808954237,2.658872495429619,3.192614548201779,2.6272695792452763,1.8245240080618828,1.7665042232518167,0.6615321825719485,0.8019050635330296,1.542767447867742,1.293967654740123,-0.6793245612954006,-0.9152386102423539,-0.46361221733866603,-1.214343332149273,-0.6169683352099887,-2.1483130099909507,-1.4378942943809212,-0.5309132564617015,0.20658210299995478,-0.9297911385804682,-0.8674374690547487,-1.4914923656915153,-0.8216389810379209,0.31612899778869796,-0.6414010173940307,0.5129746661028111
6.3285877980041185,5.4845268953266135,4.368218185706414,3.844584043488748,5.097741346879063,4.625280429899583,4.369964474857839,3.996158335169445,3.0635192630441943,2.055907177625579,1.9453217864021524,2.38133265591219,1.2297118145839625,0.7032811606388384,1.7368989768291319,1.7489447312112227,-0.7828861757646385,0.8297304388384823,-1.8612047537474767,0.581494589217399,0.37496389982312034,-1.1049300271472986,-3.7709521374382744,0.5563480885678848,-0.1849699543375559,-0.5119465891718964,-0.11598715590999621,0.07470098393918662,-1.2842021193120643,-0.7724459882230628,-1.0290731140134646,-1.1224942365623483,-0.921896147667881,-1.603556063018278
5.702294534162361,5.007990808352579,4.309763535793969,4.146232315514454,4.414957402760271,4.734480752808632,3.734447568506941,3.077645581068014,2.0884455197146474,1.4330558926254244,1.9705670303736784,1.509639905441515,2.0616121936658556,0.4799733336342018,1.6727514207765906,2.029492097364884,-1.128206145514526,0.5685706616768779,-0.6033384725246284,-0.9271094672481754,-2.876799969728903,-4.875110358501852,-0.7977888508934994,0.10549585559085664,-1.4577142310975828,-1.379712036087769,-1.5241520965055075,-1.2095160468216353,-1.6853305039474973,0.08627219986862983,-0.4067363707550631,-1.8086322926828933,-1.6612949603189124,-1.643426772734896
5.374264743907066,4.551118530758077,3.6571994212747576,4.3393331069217895,3.3950799764688986,3.9827788465802993,3.392455058387012,2.200607531684397,1.961317584591947,1.665496589072477,1.7378327435075993,2.8037900283386086,2.7899963093467934,3.1825478021931057,-1.3585434148112314,1.51306854329906,1.4982869221796171,1.2419833282064172,-0.9118710055420509,-1.1254505153538508,-0.5258312746217028,-1.8548244226003965,-1.5032486026950174,-1.6514334894938207,-0.8971647154216021,-0.09899716626313143,0.22485843006628856,-0.11603199643637088,-0.1947165233068431,-1.9804435298626963,-1.3436223547735455,-0.7818777233869739,-0.054912191117875396,-1.3822027207696708
4.901924708999599,4.001238013869202,4.1135452488762825,4.075530455090138,3.326951638720611,3.129914416058825,2.3805544247148207,1.7472441030023258,1.4933590188037043,1.4166918338456735,2.5265792895849013,2.452394081796228,1.5212338703632973,0.35664626548087736,-0.6956979484299606,2.5959796171763867,0.4458317065660172,0.4638549636193568,-0.7468068923356947,-0.5628405578185699,0.6145943356118992,-0.6795684050960699,-1.4410427134051318,-0.9627997658111652,-1.7064325337834287,-0.23868144546652995,-0.9715474674394906,-0.4396766748685308,0.22126144952551177,-0.39411226318577913,-0.30396666377580334,0.5989575263516498,-0.8866665725421251,-2.0354262321962158
4.032920927154163,3.2286869446846365,3.768569216698707,2.7081470050450003,3.0903291114832276,2.6411429374070825,2.1161830709574176,1.384784413559395,0.6320750315746579,0.9651963080728567,3.3665942228282417,0.09171560030783418,0.5837317934896318,-1.8163050695258607,0.4840550454893828,1.6179859901573248,0.8667030592807855,1.2337085235032774,-0.4718003038849074,-0.48747541501405206,-1.7112462740076992,-0.7890541794890524,-0.7312517695197244,-1.3362689438583768,-0.5511306705544907,-0.15990581266635973,-1.447969732908992,-1.7177829589469231,-0.6339484182654559,-0.41509625800336364,-0.8417637268348975,0.18754106347649946,-0.7790547381406177,-1.5335136481913085
3.18520460074239,3.7417617972712436,2.805371649271827,2.401998977604995,2.3856369905036234,1.7981450503668797,1.17665609677114,0.6935342347775929,2.7556518808355044,1.2640155176211694,0.6635249308805435,-0.6119913932772855,1.7954071401098781,-0.47427072395777375,1.5532028551402313,-0.6959376235388327,-2.018989192602326,-1.7490721189385616,-0.7990313348697528,-3.4854615634803627,-5.636283738054815,-3.8365559771459585,-1.5815458360186272,-0.8926812841451254,-1.0751714764525286,-1.4156864910064986,-0.9989840428712817,0.2606960104177117,0.6677440120217955,0.2791416611649143,-1.3564787844256954,-0.5144128361105771,-0.6400371195635197,-0.012787002557457246
3.1050429365857264,3.029501843256998,3.020741658196667,1.6382710066937856,0.833321359416036,1.1083444102202837,0.29129557506185105,1.8820540588765697,0.4367647580097396,0.5515202656370564,-0.5988149580715962,-0.461187052646907,-1.411104883735606,1.2079371699101864,0.4057870834508974,-0.7584706181190823,0.12784697845116336,-2.7788465517264025,-1.6716816519928073,-1.371953897019727,-2.0761170878560944,-0.6422650789535324,-0.6690132815994473,-1.0530772309130212,-1.2034033979822196,-1.6185030450284037,0.2502399396767342,-1.670666477036946,-1.4311929751466492,-1.5762983094838736,-0.7815529479034469,-0.05935637323914452,0.9215670570851797,-0.7710716634504817
3.0345609889674865,2.1748237617872435,1.4838041992526012,0.37141652350818,0.6242871786535343,-0.3406812466394415,0.9236233856552121,-0.25621248783721084,-1.370347942294692,0.13558650721524387,-0.6130232886874171,0.22314613294063673,1.8220831679588556,-3.011133588628806,-1.079309093386909,-2.9369270068020095,-0.01593992082358059,-0.387461996504378,-4.848237003376242,-0.37637067767451077,-1.2743453170138783,-1.1033403287696217,-2.995059653267836,-0.7342512790326898,-2.0757799293242445,-0.8948372544316866,0.5486510408306394,-1.7860781205491265,-0.2904687642834294,-1.1988593676412926,-1.5212247484862695,1.759046760226593,0.9039383998373918,-1.9274939492094068
1.9525500652710168,1.0128934176603381,0.037716490034008406,-0.6069360038918148,-0.8097896859547956,0.311174430647104,-1.4990402979637003,-0.32485196842651176,0.43242797958682155,1.0597501795671784,-0.6862605755761555,-4.479256871854356,-2.041211419872319,-0.5836901430874872,-2.5179952355913473,-1.847539853371058,-2.1842835699883207,-4.136517858935295,-2.758992220394531,-1.8717979163585163,-1.1525041692440876,-1.7919108743309484,-1.336617593893949,-1.9429416439469978,-1.6155677600216705,-1.8353940661602768,-1.2307727092573664,-1.332554719476382,-0.355125198462649,-0.002384011205900025,2.6277062384472507,2.3783141737062516,0.2353708628245472,-2.1661400181336314
0.9295306941504786,-0.47365324756076205,-1.5392047735676269,-2.696746715575745,-1.01876141053799,1.4060016719265473,-0.53938295076659,-1.9774725807490352,0.6491886407218188,2.4006807587004726,-4.379980801923101,-3.6832145170245445,-1.7739185659198222,0.6624291920062125,-1.0525431580839473,0.14362224134393087,-2.435526112146917,-1.1011992961533668,-1.350423012036723,-1.684113560643652,-1.5911936072234854,-1.3003251346221925,-1.8016301133802648,-1.0330386885442286,-1.7450521087024042,-1.3659191741293255,-0.4604260688108375,-1.8621134026140214,0.2716149935816278,-3.7067042059699893,2.128043925388098,1.999984417939667,-1.5100993245703096,-2.5934976989699723
-0.22613097062296994,-2.330605531904898,-3.522142409961995,-5.250097496517369,-1.3598781135579256,-2.3337548573864333,-2.6185690147789034,-1.6455995081931127,2.3337626905063926,-2.043820514818598,1.8360396233421308,1.2127702308423896,-0.3662434067984308,0.005563515953953103,-1.286038917285797,0.29547446741943223,-0.9456668018021712,-0.3746286224016657,-2.834326027882038,-0.6094272850613324,-1.2256538920590552,-1.684924401277999,-1.5698680515740457,-0.7223479309678206,-0.49308482668625075,-2.0491767583000167,-0.5807500912879249,0.8517874175636968,-0.4562804003804801,-3.9481299921386883,2.732546144401904,0.783420958773745,-1.7042845326823912,-3.3675273142550504
-1.6160631779460444,-3.497475605915779,-5.229696061137235,-7.666808603877039,-3.569490973100723,-0.1998915019410452,0.10108120661397262,1.8741953427248992,-1.8746176996142716,-1.395839721363455,-1.6945472943173436,-2.99667053715325,-1.6288338608176482,1.3013299538305103,-0.441421009451254,-1.3199010449221256,-0.36901564332230985,-0.33247675013328587,-0.6496546159768019,-1.2077584989712462,-1.6469321630400013,-0.2051901059250607,-1.690691732923044,-1.6177871820164844,-1.8150928176913816,-1.4553939004835845,-0.5986131113891893,-0.6532908105847383,-1.0300051262120407,-3.5916466047187976,2.316743359741254,-0.8033177291506575,-3.090925192576834,-4.401449553320073
-3.114515787631309,-4.3696010795958395,-6.713053014324499,-8.853353986742643,-1.1034979046737743,-1.342675994405015,-3.43757362002456,0.5728651410537339,-0.8193481140489358,-1.31472501137693,0.9394976342850418,2.6126996673437564,-1.185050215519824,-1.008853387369975,0.06822879880709204,-1.2036874254961567,-2.1774773072705433,-1.6675081861907013,-1.0492952943709173,-1.5066609298177174,-1.8387007174373518,-1.871463927335329,-0.00988257263417282,-1.3247251901990569,-1.3774541659027675,-1.824557938625218,-0.2155343233252918,-0.6463843480358661,-0.3408544428978461,-1.702834634268623,1.1498507455062288,-1.982688260650098,-3.953495820173221,-5.255248378779506
-3.375989075250405,-5.707098421475693,-7.617638442915036,-9.00758781538325,-2.298674160114871,0.8684925590092726,-1.3671205610073032,0.8027475112742288,-0.46010587932992764,0.2565966671514721,2.7817607064812355,-2.2239318199555385,0.4071052553365756,-0.33361044314755445,0.03280993060519246,0.0799343759742526,-0.5088218439181784,0.006147367112773074,-1.7861341165354903,-0.9343833975938275,-1.1777304165063323,-2.2488928437567113,-1.621688846017208,-1.3960309069050958,-1.776219080527099,-0.6745793713710725,-1.308007484864892,-0.789583606819591,-0.8813222909353265,-2.4233880313914957,0.08203303392326304,-2.194940304690419,-4.627407925303433,-5.465533154001901
-3.9032302547436535,-6.006421617876955,-7.621578211249704,-8.828768797766289,-2.5071698554605137,-1.117749030561276,1.3323023412530013,0.7325872967756886,0.880146052172871,2.098234514301339,-0.8165601297478338,-1.306620795362088,-0.22184392760711205,0.3422509689526913,1.3393908838730717,-1.0753716695079643,-1.6157022880574514,0.05573399339858551,-1.2390082727623462,-2.1782090728482806,-2.0299097772183528,-1.0032676526441084,-1.273943915318186,-2.0958519538657288,-0.9116995530550435,-1.8165201013429668,-0.23413482147533704,-1.1572332612397924,-1.0282236683597663,-0.24977320997625196,-0.7321519592892033,-4.194041135548967,-4.707359956271452,-6.20244855747299
-4.459616280655468,-6.048420732657762,-7.416529492253209,-8.660454202801446,-3.4418021400168377,0.4915597540534664,-0.8027530173881825,0.8746003721678048,-0.8436888205340205,-1.6668037927414352,0.41254717826757487,-0.9686673123350934,1.5255451188983002,1.0640953128736792,5.616534945580952e-05,-1.459193958440155,-0.8076623429407498,-1.8946082009614558,-1.5011665241059542,-1.6651295188558126,-1.6141890503502256,-2.5606750035083032,-1.3379643429244026,-1.3364581198662298,-0.005731780848834734,-1.683299335274279,-0.9825006803919047,-0.8240460700729938,-0.6791627491474692,0.4498644399965834,-0.7025438200741624,-4.08665652339741,-5.253798745791431,-6.814028251866532
-5.406901543318908,-6.407251658843199,-7.6246247967344205,-8.750476202029374,-2.3528145498988082,0.5468069864617856,-1.4642351345433722,-1.3775280572861859,3.361524029185422,0.16464670135499826,1.6206876949188527,1.4935802732534864,-0.9365658804897421,1.7551394019371307,-1.463104500612223,0.1318129536382953,-1.0377584431511653,-0.9246701221937615,-2.0503154551232847,0.03229479620669542,-2.2022077928284816,-1.6562399063618694,-2.6273689340842226,-0.8190452387127483,-0.8956742067018805,-1.5383378406897117,-1.2671852198436515,-0.9424946165836069,0.14746037314230903,-0.4168459697245152,-0.9887438329820145,-1.3040108863666375,-6.242560429710173,-3.4614668220067424
-5.41060688161291,-7.152839693648615,-7.890136121258806,-9.32651518462132,-6.8517472652441604,-0.5182878132868227,-0.007250266474884904,-0.02992255928869337,-1.1534267219380188,1.1635844435760505,0.6906000081021516,-0.23638671682730505,-0.38027670915927725,-0.12307987095994484,-1.2482472475758408,-2.0965115359160005,-2.507457990279082,-0.48138204085458014,-2.246180022182913,-1.4944601851038986,-1.8226663946654789,-2.017980026188218,-2.5643499268940606,-1.7561404631050346,-1.5192070748889408,-1.025235186621045,-0.9598255580297786,-0.869369403773695,-0.06513088673168019,-0.7396157012919409,-0.28403403115829456,-1.603768438225669,-6.247370244282567,-7.168913822098425
-5.581617137974567,-7.517697562833109,-8.328511063883724,-9.327848062036493,-8.979136182644892,1.219062986681405,-1.3569718322132824,-2.6481885991976166,-2.5003405147087254,-0.4926568902167075,-0.6176373192349766,0.4942978927938338,0.33930413841254325,0.015120690068649335,0.153106255001531,-3.006741085221948,-1.952824248505435,-1.5006468534664086,-1.726243344718172,-1.2009093778402231,-2.220123654940015,-2.003815027647997,-2.3082719042303,-1.5496478616781386,-1.3047153735377974,-1.3274027132412742,-1.251612588210773,-0.8302875905021303,-0.22689506165838783,-1.5074032048779986,-1.1450257174560474,-1.8169246409643276,-1.5033742107394865,-7.920625932102932
-6.021996136408796,-7.326433766660348,-8.587211656143754,-9.475729797106615,-9.691619612825773,-1.5094828283738158,0.8558953213043042,-2.3867201873790185,-2.3729313868994932,-2.0027511339004103,0.33347822630300206,-1.0060005285037352,-2.2675037947882055,-0.32695964967647784,-2.558140555587342,-4.1435898849140615,-1.8202042977496955,-1.523644939567965,-1.921939378103357,-2.6598642643049946,-1.1910505416867487,-2.07027133761852,-2.00352937602221,-2.025074096423402,-0.15342763015376004,-0.5431866855728605,-1.6339016039896057,-2.172514034892194,-1.124653622030323,-1.087032964046832,-1.7611770594012912,-2.3903289979775937,-6.126534876383314,-8.146157966972751
-6.250583266497709,-7.705128287800339,-8.660409325339934,-9.863915535620949,-10.080572314748535,-2.026709045895933,-1.2702231671508104,-0.5486178277404277,-2.297543354807716,-1.2741133040946768,-1.635992777855963,-0.4606571117572948,0.4990909476100659,-1.920014079903848,-2.2359222142529127,-5.066649069925536,-1.8272140886296973,-1.6201502004571868,-1.6034623756240343,-1.9243396273990216,-1.8790762421111604,-3.3251140371384005,-2.6841682486738434,-1.573767569833877,-2.1274121422354955,-1.2371476234591594,-1.9884678395099293,-1.212093781073203,-1.5734350428917343,-1.2890930916426842,-2.048554983298027,-1.8912051686465277,-6.355977468745182,-8.077116383756174
