script/wind10m.json
{"header": {"parameterCategory": 2, "parameterNumber": 3, "lo1": 3.000054539987559, "la1": 64.9999836372058, "dx": 0.5, "dy": 0.25, "nx": 34, "ny": 52, "refTime": "2024-11-06T18:00:00.000Z"}, "data":
[rows 0 to 23 of 52, columns 0 to 33 of 34]
-0.709251196254955,1.627820070898068,3.3876361981622183,4.120842864176773,3.084338719300151,4.320062268195336,5.490313889360188,5.541987748134417,5.209387592932019,5.141232949098845,4.317577070601463,3.4228125116138863,3.1981748148628624,2.705340976465818,3.1194577211553494,5.8254619094678395,5.134162295645305,6.002013985080877,2.424737035210192,4.469056285883033,1.055488252428233,2.2035278385007824,-1.193077140983538,0.19531950573141005,-0.4764848067633467,1.0604149117382384,-0.07204537837927787,0.3069685787656745,1.6183033962988904,-0.059931852064806106,-0.3087341792343648,-0.6115060450510437,0.03803158767715316,0.5129713462282697
0.15168124701751873,2.503763709810009,3.7718170550321015,4.1772189817492675,5.594652026670665,4.6693883043587014,4.853986748671919,5.335855652044254,5.72305565589284,4.539703298949858,4.380163222641247,3.312580369749841,2.951067490799134,2.9906842197564147,2.9409257030290075,6.710475434707275,6.911026433173256,3.7094510449092466,2.9074659648384373,2.8414845995510016,0.553739300766057,1.3801824382598042,1.135466450544199,-1.425615356421292,-0.3242172022484681,-0.4980669097929665,0.997742265413674,-0.5174750582201058,0.45122092884297493,0.3650115639773869,0.32860977931303803,-0.12254202186040244,-0.30354571188142915,0.2772985697568001
1.489740460474622,3.3495042014415333,3.9887343349691036,4.026699445145648,4.931489759394492,5.422949271676272,5.982880311139573,5.955145710622699,5.097126840137083,4.987146160991883,4.066978517873303,4.350177767281773,3.536714279514355,3.003502938970432,1.7892020908300836,4.832362003001242,2.858528248783919,2.6307456617802614,-0.2733764811003587,1.4145121622480374,0.34899631277300225,1.198659167538664,0.25410671683173763,0.21483085183333434,0.16388402428977758,0.2829978610720678,-0.05274833440186156,0.26880736676953837,0.45988015240722674,0.1380767956619355,0.1412048534327386,0.8520846459540288,-0.29580601173529214,0.17114746532080952
2.4642254142055857,4.01575054415298,3.8072761850789374,4.732626977973939,5.6378806419898,6.535964399153935,6.35738425183878,6.456720353029375,6.1724299175787625,5.545815344122434,4.477850266149298,3.7430711903531715,3.758911549518836,2.0006093616675833,3.447768598078833,2.8349561049559284,0.9400767129186696,2.991352241996837,3.505832646810432,0.652970594354244,3.6175697040114576,0.9094079208536263,-1.1383512042269475,0.17818783007074238,0.4438450820068817,-0.1634669300289599,0.16540330058543237,1.0719965751089862,0.00012286892664018233,0.9087496251565512,0.11125951883842443,0.15108747198287673,-0.5606997011301166,-1.1904082998179046
3.019188771882607,4.5150668890291605,4.48392472590049,5.270452446594578,6.159288844327223,6.444565283668215,6.912842431119537,6.749764982931238,6.370444025018593,6.375145368035497,4.935200328829643,4.403765441667853,3.816862827285395,3.2425558186115886,2.646321078589705,1.589609322191735,1.5823473054678912,2.896749443101375,-0.4164167731917264,1.8705375647556663,2.6974487714080415,-0.4335989715716353,0.7761794290201115,-0.33553237158634536,-0.022048044042766186,1.3551317537016991,0.3924788448278272,0.19755714288659101,-0.6971713823792957,0.025016402105969563,-0.9754045443099623,-1.8260535267198972,-0.5129407371781274,-0.8121277691813987
3.9011332244507293,4.030212020380674,4.989143897163404,6.457619406421811,7.189249999437838,7.528454309364059,7.183233387275483,7.149172105419227,5.365061608686997,4.383929138637197,3.526134557675811,3.035057073888383,1.5660258480444107,1.5089975778548375,0.6784763124253314,1.8174381425219324,2.211433886139046,1.3903076205672797,1.871818223815871,0.10836742520418033,-0.3079914573703309,-0.223449504205583,0.5287448146824477,0.7358593979084186,0.3502106425639881,0.16502796968325056,0.7151532361212671,-0.29038883347196887,0.2655674623790758,-1.071027747569716,-0.9203642351269017,-0.17150778990713472,-0.8088204853266793,-1.263519897622998
3.044646642340399,3.980607282671811,6.460547233394942,7.923582520914343,7.788277893795506,7.822746787070314,7.7260300662541574,6.217122820786345,4.276596840839827,2.728496339190892,4.20583877098744,1.9395915530795782,2.657394456097004,1.3069908648186197,1.3614363140091155,2.6646967726772135,0.30667833198705696,2.334847881779359,1.1614551417216616,0.21129839221914423,1.1512215266896078,-0.1788145535907881,-1.1194108978078194,0.036160514887157436,0.17834382034423393,0.8936077148565216,0.4255524549723501,-1.3446537072995401,0.3328196716413329,-1.3577188976525176,-1.224783027523238,0.3384240123968062,-0.8332084216866862,-3.2752753707465443
2.9527971985107953,5.776241097750334,8.164486980212974,8.78792174536805,8.507658001990258,8.132808632575632,7.659209059168986,7.8935311467338,7.1162218690587355,6.63962742721987,5.352132177947872,0.4392318587252797,1.7319767155124712,0.6408921662653895,1.5248237016940667,2.056590414616832,-1.025942480321951,2.2604358441699643,1.20767897142734,-0.4038321316363828,-0.9288339909891932,0.47026747337823477,-0.33209195411973186,-0.2866833225872458,0.10516334919936615,-0.10924258482240606,-0.8656102241182854,-0.8877916578554017,-0.5008841469499786,-1.5317564028854396,-1.5223753797378905,-0.6985771614294475,-1.653716622076106,-3.427296582650063
4.991054833797555,8.580386461716737,9.700558100702102,9.790328728284807,9.672962184567067,9.346785629364607,9.177001938279892,8.996047023522019,8.011083268619043,2.26402674916687,2.380556356850097,-1.412173811107269,1.6780514656941536,-0.019647622121515558,2.1288852947569046,-0.7538887439178908,1.4257858022169994,-0.21202569965986404,0.9910283398541916,-1.9183752993941472,-3.322815719012911,-1.1202835102876276,0.9738343181063417,-0.02781883145681345,-0.14376539705635064,-0.8859054866080397,-1.0793423934601691,-0.44347359335240993,-0.6284519806727841,-0.3517904686663701,-1.5639817867405217,-1.9930776441607831,-4.67885180967387,-4.3084130680621255
6.476730673798615,9.230403564813903,10.359947186796775,10.574946035605878,10.433538737114329,10.826382685994869,10.454492707018609,6.203957249292958,2.16784694752954,1.287114466090799,-0.7094880733762722,-0.14568207347386586,2.0880961497973183,3.107897171634856,2.0135942310761124,1.9929719696639367,1.2991036115818684,-0.8993073018664275,-0.5138614727683452,-1.7647428988835343,0.016982778745880913,1.0083167384315364,-0.8905380816576657,1.6761843498356372,-0.04331144560633276,-1.3102367948450573,-0.42992593538604473,-1.9010139999828837,-1.5877617674197242,-1.1584558606637247,-1.776161637468616,-4.508865209290373,-3.5867919525608456,-3.790427123545343
8.328211025607287,10.086890407865964,10.936025894934197,11.190353140901715,11.439732657378878,10.905964310831653,4.193301607495646,-0.9172745251852729,3.7706586670038083,1.6968849573040201,1.8537533469067948,1.874972116197408,0.35891945371618805,-0.16974779173540816,1.0984450897606202,-1.6533522797684184,0.07881664883994328,0.8600795455200692,-5.628562312586342,-0.2136117744076972,0.5903060353159064,-1.068264071353598,-0.9914371953930297,-1.323151153713874,-1.5871127534855776,0.09979761361482925,-0.045349447273883,-1.1394248349195282,-0.8562001390453057,-0.6163341989198322,-1.3886556014296265,-2.32660446704442,-3.480267538632056,-3.0360305561076673
8.56593268784439,10.155629119624866,10.892600319329274,11.316399971184206,12.325706244931872,4.359131799868987,4.731735588342513,0.8822895280298453,2.9122616789350064,5.0255156782229555,1.0773126591991693,0.24497778850321839,2.1080488721450794,1.362381474460228,-1.9133958791908217,-0.7573499314375474,-2.1049812781819464,-4.469546906883307,-2.5428564147447634,-1.3754745661938321,0.3997663767094891,-2.9936659371473064,-0.7086658680161687,0.5537027529685901,0.49366288350384624,-1.3464279316171068,-1.3725504047654835,-1.7863078434480506,-1.1574948866352166,-0.780791484472207,-2.5176052306005747,-2.7178259494832586,-2.417768028823097,-2.404539196167665
8.85922334963814,10.010120185794568,10.049706813882134,11.204648856977297,7.162127046257988,4.120779198384532,2.2453365984696503,-1.6827426567100099,4.642251811614713,2.3062126271822967,-2.531564680095365,1.5480007679357184,-3.0312854193762675,0.7266092850236839,-2.4207218540476934,1.1539420513578154,-2.196380118750125,-0.25356659006848165,-2.4147719559611627,-1.3375116941475511,-1.5788416524149755,-1.197450882017699,-1.944979813969085,-0.8634047865594702,-0.4485024012957263,-1.5143788014461534,-0.198976782559955,-1.809546031116785,0.08727979765022292,-1.6471880690144853,-2.999831178231565,-2.6219488626127267,-2.9136720927908946,-2.9662753022166943
8.95816774920538,9.511035476973408,10.043064991396262,9.950275770092862,4.960523144866818,8.761272740372677,5.904071993631967,1.6101908680440102,1.5496408934870443,4.0945268734875695,5.211741494391513,2.901428657859653,-2.015170919009987,-0.6632106459993172,-2.999632677373928,0.58689661072476,-1.6494290482140928,0.7349264168580247,-3.6865854331888817,-0.38750825542482614,0.002101354587410093,0.15790938138372004,-0.6445846344257721,0.30715745902185415,-0.45208532643107546,-1.0573413034833659,-0.47176381979922305,0.7635002549477543,-0.7572003979080185,-0.38982403702898727,-1.2144950747056018,-1.1163233777253234,-2.5072987899082277,-1.7364135666809168
8.818394330202233,9.395267164421753,9.665732819061539,8.438586432187106,3.807254135397101,0.6728731837952661,-0.3035541911561235,2.704989134125056,-2.543064720710133,1.2416454385066336,0.22233375266907016,-4.544217314363321,1.1090587363336284,0.4625461414305657,-1.2578993595205954,-1.7130312190847943,-0.1911418385159986,0.206179697964711,0.4922451315401778,-1.0753842270087526,-0.001742010141451432,-0.01589607230471193,-1.4485482401234153,-0.09369189177641017,-0.9704461921336115,-1.2751723391532381,-1.135022435510589,-0.5428394148676436,-0.9040277613864487,-0.5789226494378953,-1.6010267448714937,-1.8614705132418754,-2.087363900491896,-1.9452679925007146
8.103064104428139,9.593431839357649,9.13170970710136,8.141988096437228,3.4809052744892064,-0.16540237654277368,0.3150689274312231,-0.03346385308743866,-2.0363508259348073,-0.6058449433625459,-0.9404041471009925,-0.6931669525927654,-3.2350011381098827,-1.0316195135127124,-0.08168649852974878,-0.721655533476022,-2.1925983046001547,-0.7309055649374638,-1.1395667353822208,-0.18141481258820868,0.06342187640997225,-0.9764231909784644,-0.681417746890848,0.08990031345743096,-0.20360575600519248,-0.9031384656892403,0.1052862542257722,-0.704712178548957,-0.5449762278079667,-1.6171100175224749,-2.3144611018471646,-2.21627701063639,-1.5457663569081417,-1.108176183718141
8.540785349537828,9.606912898732336,8.609715904843673,6.870209719066859,3.5572946223326083,3.9120916959788565,4.78004556466585,2.9916495798119733,0.8924586607146968,1.5201253031260107,-2.4109071705166643,-4.756214847147022,1.3976766036102004,-1.1130421187037296,0.6869361339290161,0.01512135648365317,-0.37509685313561425,-0.7283124065561923,-0.6034527089582505,-0.15153207369859722,-0.20688375124617997,-1.0898414094962923,-0.08051721386379627,0.837191201046648,-0.07399400880605027,-0.011915363191002786,-1.2723543820796996,-0.27581586654750606,-0.8642947260191584,-1.766339236785111,-3.0114855951976205,-1.5491100901125916,-0.26535485103100287,-0.4164265632408077
8.619697239492675,8.673012361041875,7.57707384308399,6.078525884186781,1.6963146707170478,1.9491436366019053,2.0945388851736193,2.3107372197915135,2.150350021028747,0.26301930033799276,-2.1731717289998733,-3.532124476347334,0.7653000422280949,0.5586319868151104,1.5637477185145616,-0.17356666164757314,-0.16982450482057182,0.5550181863909169,1.6533748390070713,-0.6808277696696959,-1.0437311245184393,-0.7535753056381235,0.32788707216867946,-0.2823000936401089,0.014491781165925524,-1.2813048071809297,0.16131120633004123,-0.8906589160875171,0.09475870513272051,0.5737799293692387,0.06297991911923566,0.44558053269554876,0.5357444334152771,0.15350706578632894
8.188649120942937,7.606457577751144,6.413049061248126,5.069216883146562,2.6028706815439504,1.0172192573150773,3.550903443988807,1.2506163243433297,-2.3446703551271657,-0.7356880446064034,0.3887613198016537,-0.6270112521394225,1.2963080053403102,0.7869821658201578,-0.49449999326908994,-0.30647759340982267,-1.1786295554329307,-0.483214050208205,-0.2567155759127791,-0.3158491655895642,-0.3687692012398283,-0.252449153800303,0.872183442683332,0.0568951954946548,1.4207229190819586,-0.9389987051580457,-1.2932901021144982,0.23791624506234385,-0.02849527930051536,0.40818202541427523,0.8708610460718454,1.129051396007586,1.0084507707097137,0.39058301719277394
7.875741092579827,7.5035506279366135,6.8560996810027035,5.288122328437535,1.8009112083416166,1.6145419158545162,-0.9172489474888513,0.5265105831994357,1.0623058169443949,-1.631886663745837,1.4793651303565962,-2.0549256966358365,-3.0636620233106027,-3.199825617971806,-0.38470683986127313,1.8078528851949847,-0.40386645516813213,-0.05408717423508056,0.8915126590228738,0.12998566261714026,-0.20862303265342866,-1.0479031452127574,0.2653956410957071,0.9596328167565645,1.1195894130147412,0.06788475726793473,0.3082033594357335,0.3766571853442122,1.149050050023743,0.7570408493464197,0.6186582709758446,0.8372352600863845,0.6931247558794955,0.09330222052770169
8.330097554836183,7.53234296452407,6.40339647242062,5.2435940182749485,2.9901892060989796,0.7476157889199201,0.11343923033106566,-0.36827323698244757,2.4277105217046366,-1.1144437898811896,2.7219217160260474,-2.0424271467151205,-0.2321641259400252,0.6793583970664766,-0.5961008708383908,0.6579028922129296,0.6359375450880586,0.5738280781327083,0.08871158871569357,-0.6086213865840825,-0.22251158942886096,-0.38404890408186715,-0.7596229810175508,-0.5055401232470845,0.5999322984601005,0.4778696149464077,0.23095227962548573,0.3962123528805139,0.7974139185244795,0.6393025677773624,0.9540859078157548,0.2882366504647349,-0.22723085680172966,-1.3584313520728934
7.616562615658435,6.732314587974242,5.722021765383549,4.740902952791442,2.8265394136236597,0.8586699685622526,-0.8898458577314603,-0.9889632394612186,-2.1636365804979496,-1.4676187123769875,-1.4107986017407832,-2.6582922980872814,-0.48321580117290114,0.012445410795063228,-0.503189223179635,-0.9363423082915457,-0.0028569108352125257,0.20586138490658196,0.18307559339792545,-1.3265213995634484,-0.3519678055668328,0.025581494193766128,-0.13599127124854885,-0.5910168498974095,-0.7164824828967146,-0.25793702820869524,0.05195244930524909,0.32225727387847874,0.6779044610178965,0.5806096197168192,0.32159656690406285,0.14398081784859845,-0.40104591942979534,-1.300376070429601
6.65081332658636,5.680192654439878,4.203922511820812,4.253169825497912,3.052584615614558,1.5188015778867685,-0.07556539147442841,-0.9575596563748088,-3.008020258182309,-3.6265140626306906,-0.4962949469527852,-4.028365091250543,-2.765417171265829,1.667791140929292,-1.2167532338316374,-0.9563646543941436,-1.113109983959197,1.0832403767394774,0.36944456034620377,0.38413360211020414,-0.5248616654864642,-0.3561922929419385,0.21934189052224368,-0.30435500609325955,-0.6498047546239828,-0.461603183915804,-0.5385119201710027,-1.2899683427373725,0.17206324505219173,-0.11231646633185162,-0.11667085993971171,-0.15717889681023045,-1.6853520196569354,-1.4313607962753045
5.802644782194063,5.179718275375827,4.643663827884625,3.3403173338300025,2.387368810110375,-0.4779528601371928,-0.11666570786926839,-0.8145637962466326,-4.004667517846031,-2.508152295147124,-1.0465399088356055,1.2240411958307642,1.035316719298158,-0.5407987672744892,-0.7062877048402441,-2.570720747165775,-0.476795157999675,1.6165066634027632,0.865088393966026,0.6676746560517977,0.9999092487860839,1.2350433411152122,0.5409772112106126,0.028392285773000046,0.48726119277816043,0.5302021699626107,0.30889348352250257,-0.7324770381728227,-0.6530908616765317,-0.36102646262208377,-0.9054879320113767,-0.49718102597030206,-0.47680462633852805,-1.0752642653932996
