script/wind10m.json
{"header": {"parameterCategory": 2, "parameterNumber": 3, "lo1": 3.000054539987559, "la1": 64.9999836372058, "dx": 0.5, "dy": 0.25, "nx": 34, "ny": 52, "refTime": "2025-10-06T07:00:00.000Z"}, "data":
[rows 24 to 47 of 52, columns 0 to 33 of 34]
5.131610567930878,2.958030931343969,3.3744394010810947,3.0579458338292542,3.51828521451086,1.976789661507099,0.04822327191479392,-2.6599779725221544,-5.379011821932107,-1.2363092373633282,-2.0719506638323315,-2.624565144618053,-1.3724275194379312,-1.6813359513187045,-1.5752214577929948,-4.629308396051087,-2.5844448220038485,-0.9711771753673524,-1.4419593026886905,-1.835693077815092,-3.141236761627864,-5.144695897562177,-0.9365490867544785,-0.7123872764615692,-1.2164926201131745,-1.425723308991703,-1.8862978639947887,-1.5329375300897687,-1.3770940621095638,-1.844987782496666,-1.0901009972480524,-2.7037709320407544,-1.4064627457561267,-1.109014102912675
3.4593740139149385,1.8868240143869637,2.8017189565530423,1.644486415171895,2.743158597859662,0.9772413344444995,0.29397364506524315,-1.7202407981728993,-2.1580745107111943,-1.2062320575450447,-1.221114474253068,-1.102508356140691,-1.0879014671452691,-4.219453404244732,-4.459256247628474,-4.674945740678885,-3.671273969019701,-1.104225901621328,-1.6097354297422117,-1.3936885919735518,-4.890681467594058,-3.229021093808523,-0.8850704264555393,-1.398848504277941,-1.2414229105079337,-1.6779353877242282,-1.3571266408113583,-1.247381498875251,-2.13546050752064,-3.008442210741826,-4.007779923020809,-2.125143737558903,-1.7955784042503824,-1.154680467201448
2.350238299109745,1.0703971680311528,2.4674457040174365,1.0846730833095821,2.5571401558965094,0.034343325868031016,-0.9178238026895253,-1.2030654099670886,0.22104011108651198,0.16827875342880977,-1.1580597036373093,-1.7736900299669518,-2.8043277385285683,-4.240624435576588,-4.485326751291143,-5.557641119778006,-4.254369209011697,-0.5858091862149004,-0.5872582932696602,-3.2885366077649874,-2.44651093229198,-1.2297611579552339,-1.3399362068541063,-2.7635659497770706,-1.6216841154995953,-2.0416695230163824,-1.7516143614795698,-1.3720788549388852,-4.339758862055536,-4.564898513620033,-2.0837931209701575,-1.1120077843733362,0.23393509704727117,0.32535382972500687
2.4980847738217227,2.045994892022795,1.1038911765432216,-0.04092417890165878,2.1185887613782386,0.19809601100967544,-2.9650827159822915,-2.373698578918538,-2.0915598434403404,-1.1509923281897112,-1.8980006517644414,-0.8688526987786428,-4.968580005150556,-5.037464598756006,-4.8970942847486345,-5.759387686458929,-4.582332821339093,-1.3416180767215367,-0.3960974945339932,-1.1548697042615093,-2.0874724390239145,-1.5449774717936562,-1.535763285032207,-4.386812858270439,-1.2983494429626021,-1.5822119104275956,-1.2989795077214363,-1.4585534327397225,-3.964810079742704,-3.3645465170519846,1.1593618101230723,0.877211319144196,0.3587682389254538,1.232556914242721
1.513687387385994,1.1118986808390985,1.552532524672781,0.07455768823208063,-0.6112189157335345,-0.19606019564312696,-2.5974779841723166,-5.487883299442151,-3.9072416539482844,-1.1744121710701365,-2.7547086936219967,-3.834136501008196,-4.269438281344609,-5.1712980313537695,-5.495221447942365,-5.524249138805441,-4.907831420435543,-2.2474001652575217,-1.3440197467944008,-1.6356305908537778,-1.6868248068515022,-1.8521950594471568,-1.464455535203617,-0.9537880384015704,-1.3788186837278402,-1.405224165941595,-1.2397048806266782,-1.7364964271288996,-3.3931338067292747,-1.4619773242414262,0.12877166747027052,1.3886489611780457,1.271142953770138,1.7801870235266535
1.4913310977159893,0.4642408961943571,0.5483375724980663,1.0278333906643418,0.2749253387757132,-0.8993547529252462,-2.4675705342142256,-4.535040209542415,-6.657909187544269,-6.763336217096302,-6.38823071030959,-5.339613861756187,-5.248100342947723,-5.375838415845882,-5.59729959039519,-5.621595497060269,-6.063563115995627,-3.650545121476659,-2.0900441929114466,-1.8784006390256172,-2.1092437132811117,-1.958908929941324,-2.047802344596246,-1.636851225822515,-1.7214573859527382,-1.5139575666609233,-1.5354411089904854,-1.44319626748373,-3.2881761863230166,0.0638566169498933,1.2682102166343083,-0.10683908740223028,2.150808971375735,3.181407021462623
0.9608682201213155,0.927031224741522,0.7939192223542144,1.119081162561728,-0.9097535894319494,-1.7133080615004839,-2.3049632267653477,-4.060685299915273,-5.708342416850644,-7.484715826268568,-8.213376369880635,-7.223235732601202,-6.414757478124614,-6.083651753988812,-1.754600197353239,-3.8813353376471533,-6.693583762844537,-5.727144752310974,-1.7448825146794205,-1.805494191682618,-1.4786665834173924,-1.1511341145286798,-1.823495949506627,-1.8648896749403632,-1.8276953914631304,-2.1527726120768804,-1.6635665975397493,-1.8852270272895995,-3.69481382138944,-0.7529957232019809,0.38069482631726564,-0.5079660626256134,4.044930762036953,4.933397680249715
0.9815283793243209,1.161940821900986,0.9545987913305339,-0.5160909389532536,-1.5360553498790241,-2.4109916246761163,-2.567036763243007,-3.7552579839303344,-5.770933413979861,-7.182263107683501,-9.126529647546786,-8.459250857415219,-7.428392632124927,-6.457548144486613,-1.0465304733383847,-1.3913024902483049,-3.394857008150248,-6.213164298643302,-6.271646495213605,-1.8648609522794146,-1.5624230900854923,-1.4594050696998977,-1.3674860982599641,-1.1471471367406316,-2.0649086219766413,-1.3006625065675634,-2.0757839538081417,-5.085977728838069,-2.1393039176879376,2.1865870528062263,0.1301903508614164,1.1551915491887494,5.520744705782084,5.124944203092215
0.6034535361547616,0.8512649951462528,0.6957182428721963,-0.7206586132242564,-1.2207764551316744,-2.949744201222551,-2.711347423460688,-3.8162673195821712,-5.807432800351386,-7.257192275035364,-8.311413871640454,-3.63872017961126,-4.029371131855392,-2.050487133259426,-1.0728582663762654,-3.8150403156896604,-6.899624301536187,-5.9906510906788695,-6.655295670985506,-2.1288204834197084,-1.737701123572527,-1.4767540375015995,-2.1471520866608627,-1.7410048918165701,-1.8072772515597841,-1.985195657161112,-2.404008725990768,-3.6615919926622875,-3.040875925088862,1.7799571640354281,4.39802223183607,6.466447157476898,5.619633860574715,6.411644580622565
-0.05535531294442994,0.3253087198066494,-0.08788919496236189,-1.2256394000174433,-1.4854546571161897,-3.9654589497450345,-3.6135414336455565,-3.972120442394103,-5.826651264044287,-7.214764168962202,-8.384467390569984,-5.250880768655583,-2.2595894298622063,-1.5194103962693617,-1.3063084204801314,-4.588101095120318,-7.07695924672853,-7.844029250098871,-7.316248671765156,-6.927929269983236,-1.7015980577395082,-1.722729400688085,-1.8530667481311331,-1.9924531888280854,-1.6197655759597265,-2.2050382859665087,-2.2921029462176024,-4.8135579613657695,-3.1744769303917306,4.703309194033755,7.1738748212737,7.173079595518883,6.685034034141553,6.9578483865231515
-0.09081960817043498,-0.2056563511817507,-0.013869262107761885,-1.417587105433633,-1.979495700182922,-3.39426709385381,-3.6438961561319254,-4.382599377075612,-5.920704846449163,-7.145327238502804,-8.683183898193075,-4.442215505131564,-1.92571809965236,-1.0099223827895247,-1.4467890088736302,-1.6792482657040093,-6.991889926187613,-9.158607457670588,-8.287611708107136,-7.837752936098258,-2.7874614070729047,-0.9506089994337722,-1.755924659450953,-1.93464602641323,-2.267680589210708,-1.9554591607046727,-2.1995338293112847,-3.81696067297091,2.6627228785818526,7.130026893168916,6.43569531891436,6.952002022349269,6.274131244385097,6.645625042278829
0.05373261261378328,-0.9933573983926073,-0.5579443165106871,-1.8360897436100736,-2.1692745299487273,-3.1840164284864354,-4.675589799911407,-4.357693441725076,-5.939635525473213,-7.372927989687547,-8.592526516799365,-2.174995674975585,-1.4533649115711338,-1.7451324268490456,-1.904688741179505,-3.389672602932059,-5.178867962398305,-8.596720772644959,-9.430796537913881,-5.156865844049031,-1.8556476768684924,-1.4415450151807239,-1.452096048418661,-1.9613386715597008,-2.2989025352260057,-2.798912843491165,-3.6189178199994423,-4.213903223000226,6.5345675068638736,8.02090390115757,8.61015708558547,7.628699650300067,6.970539385820917,6.429872716650953
-0.1851443907908642,-0.5921290795449708,-1.1515374135938563,-1.348343243154024,-2.100737497798833,-3.576812257652508,-4.692542959842128,-4.61036102148941,-5.924844549783329,-7.574547740563591,-8.59932020142024,-2.5980378115680627,-1.7257618245394377,-1.8328850038145834,-3.221398518270771,-6.237859600881887,-7.201794655925434,-7.785377813825906,-4.07950975469289,-3.487422435544659,-2.728702830020324,-1.6863640346416058,-2.3025028835168104,-4.986472576501374,-8.112065672193504,-8.64517835074073,-10.889261824234158,6.201109823990415,7.712113953276194,8.801637045930688,8.839453420736694,8.094682532864331,7.550004426302044,6.636078021354868
-0.23057568621619798,-0.18666696066561653,-1.588699290111483,-2.0163128402925397,-2.0205568661874804,-3.6648466497075467,-4.478252071786588,-5.277555419579743,-5.977926147140932,-7.497248539201225,-8.717232539916639,-2.9440982616803617,-1.4956299362974634,-1.8264818949479367,-2.7628073100732276,-6.750247259183757,-8.059680711668292,-4.937244528552172,-4.877405018116479,-3.8385797292544113,-3.773438342303907,-4.350996991900385,-2.371752712251678,-8.123904545919164,-10.024750333485454,-10.762783954537664,-12.349473161687525,4.109901774403385,9.294238387833383,9.175881475758285,7.9893769156178776,8.703534390890816,8.435370656251205,7.824414316333124
-0.7386936989908278,-0.8230812496337243,-2.3089729319319923,-2.3239532059448806,-2.4094214103064546,-3.1527511881429895,-4.425799043122614,-5.1710771184543916,-6.578872080706088,-7.161264989556838,-8.312852405121816,-2.5245793032532724,-1.1305466480526518,-1.9046938975622705,-2.5120671482298764,-3.7384884962805223,-8.776595300272039,-3.171336286352146,-3.6485509817541812,-7.221840752287813,-5.178451112637663,-3.1537038771777066,-3.861437432493955,-9.51758769108302,-10.988431738792798,-10.764794059031223,-9.7935610969789,-4.411106342109015,10.354827562963187,9.968500427107946,9.428097888429766,8.840390825777847,8.47096598040698,9.310029834412964
-0.7938332265105887,-1.4353734088641954,-2.5496482278966575,-2.7777690470253673,-2.97801026787136,-3.3291360307859645,-3.576610845231043,-4.9542072580985455,-6.260650332049897,-7.160687728949839,-8.015008763494818,-5.352147261294785,-1.7984972034365443,-1.3159119502391217,-3.846710536277034,-2.282097445629728,-5.998548453145712,-4.5399610724729484,-3.175938458677327,-5.502237543808192,-7.866232537721571,-5.759380724483901,-8.064668583202709,-8.604982631212472,-11.049631824490643,-11.529072793717264,-7.108769197297444,-2.2037566799534223,11.447769532096359,11.111782472279602,10.203328520860278,9.432414179877169,8.983837044377813,9.362746056771156
-1.0523261542925286,-2.523822435247972,-2.4773828687142014,-3.0414114117592628,-3.556717302808985,-3.5150867791552876,-3.7951042741833225,-4.86473092075325,-6.093117212444284,-7.159532045380791,-7.58842189254787,-7.353359117560014,-1.909101195112406,-2.2885447753081043,-5.50803575678312,-4.358436932971537,-5.876096941666845,-7.551567723121103,-4.558543457380608,-4.893501342994708,-9.140092414599483,-6.7108376520757425,-7.483808591824787,-9.38337762439781,-5.997549210081863,-11.06152226972406,-8.167498693549845,-1.9583036680807648,11.780270104261733,12.096253755941072,10.040239000428498,9.258435839906433,9.482079624964598,9.704844042720605
-1.96000481941107,-2.641398554591361,-2.645488128873363,-3.0009909211931336,-3.828220563843005,-3.9690915195783245,-4.230262150338853,-3.695220880948965,-5.856558582510741,-7.09838086236587,-7.084706174520248,-5.3188096636188265,-1.6510827404867487,-2.119335051910668,-4.766589292033503,-7.810823187809352,-7.247536689837032,-4.381595967486603,-4.995857368014576,-8.399519820791019,-7.815663761043548,-9.998481528937218,-8.510593643220439,-9.599968065248243,-10.692977598998969,-10.452706738968653,-7.259408503754472,-1.8539621982665704,10.702298908635685,5.719085791469335,4.595987617216825,7.317689770047894,10.354863976722935,10.465389546460132
-2.2350895771388144,-2.0636665984320883,-2.923213135433436,-3.3036444093760653,-4.392899768494009,-4.203376464741721,-4.239471815627027,-4.056329301840915,-5.664650960117029,-6.5212005935121145,-6.871334126991226,-5.073504535175991,-1.9320336705497507,-1.220901142397742,-1.9966642531117393,-7.749829147195102,-7.737206365839761,-9.220084744651988,-7.504233803711032,-8.487490729547993,-8.859514555348609,-6.4578072971531695,-8.895286081577817,-9.195176295566911,-10.202006342035231,-9.241894808025705,-5.769309149793009,3.3092001552738073,5.062938624017119,5.740938497969304,4.1762348472696305,4.120878103575891,10.226018581417675,9.981844326729552
-1.400406636995196,-1.9473532545974173,-3.2328902410548865,-3.936222574326694,-4.149068732281495,-4.535530854887396,-4.228017312358635,-4.33455360177507,-5.0830926980924955,-6.293047514429742,-6.925946167765198,-6.649387482984194,-1.920919130191128,-1.4861585194676297,-1.9298889973059212,-2.883421549971493,-5.243042515231679,-8.289999748258934,-9.084480686033327,-5.090175236296875,-3.077345758617693,-7.507294506144332,-6.447008847326149,-8.496891350980292,-8.256828617251983,-7.440288493657624,-4.286090212587665,4.459610201594264,3.3681314969352383,3.8583375115997764,3.7125160704135802,4.918903847944138,6.223195858051854,4.732003463059628
-2.0129604403180115,-1.7326125021892982,-2.8384336129327843,-3.7771621754902833,-4.137098561729667,-3.8615743426719837,-4.277485067291628,-4.185670588184843,-4.980488523542976,-5.8570163052646675,-6.668313760369051,-6.7893257419035065,-3.228204113279623,-1.6583099683918645,-1.3418451983018387,-1.5393340075685449,-4.542496759374259,-4.439311480576002,-4.94131972144295,-4.690033196365289,-3.435766758032214,-3.0837916342635388,-5.059591037713766,-7.533323125878716,-1.9351299461780869,-3.6623507673250737,2.6671820081415483,3.3615491710338516,4.111130339288637,3.6171066899863464,3.304491836301095,4.274775548592997,5.636388912509937,5.357441851986554
-2.885137761064938,-2.087789884791377,-2.763255028012234,-3.580689516336302,-4.135317698238759,-4.088676213841469,-3.944636484320741,-3.747238907868865,-4.0740176696416075,-5.0001677325996425,-5.082373531788923,-6.443090042687676,-2.154978548625355,-2.054286838030036,-0.9058467003049605,-1.8115571844216645,-2.0591090572293647,-2.1543053193307586,-3.548623996488215,-3.3546479454124003,-3.0395259144618634,-2.415753523026484,-2.8050560586838045,-1.0514722846122404,-0.22958642012886085,0.29204848569215036,2.5767948886551553,3.0413939826117944,2.5747990177676248,4.28364808102056,2.9757870384829435,2.9864282035403633,3.881380620602931,3.2711929461970133
-2.0773265784901156,-2.408670369532258,-3.2053282811225596,-3.621840630631372,-3.9619112236728418,-3.8588312399226528,-3.780995130922155,-2.6621338222698436,-2.4436877310243035,-0.8537179587929803,0.2805990307086387,0.3271215926283965,0.2783238087519699,0.9005410861486461,-0.02800529715711473,-1.3221834116949338,-1.2641074517039423,-1.2265943568588904,-2.8632356826606813,-1.7767430718022175,-2.554171047178844,-2.2588871298217663,-1.5136550245357843,-1.2405293175572514,-1.3740017838087444,0.6524623525352039,1.5624502558401068,1.8868764232960313,3.2061682787059467,5.39127972077746,3.9803631926751284,3.434776094780658,4.178515876737436,4.05884304608294
-1.6705427989031243,-2.8349235646498387,-3.792487122327942,-3.782901975658373,-3.0586742215544307,-3.0609226833895433,-0.24144971102193194,1.059859542111414,0.849569544223352,0.6087361810918688,0.49426265248985346,0.32521043339924594,0.30694666517441427,0.9589068559946818,0.6979551782961597,0.4514281573207247,-0.07628996491904155,-0.10248773421362126,-1.1840037691503846,-1.7127915932310396,-1.8876431248111312,-0.8419440607083315,-1.1628068878775977,-0.33783332362101787,0.6728414495130266,0.9418879422784691,1.563175556340549,2.9003835226995798,4.067401442895086,3.8659389767454564,2.3488504872926006,4.6967838781635045,3.7656297582428664,4.355655067626555
