script/wind50m.json
{"header": {"parameterCategory": 2, "parameterNumber": 3, "lo1": 3.000054539987559, "la1": 64.9999836372058, "dx": 0.5, "dy": 0.25, "nx": 34, "ny": 52, "refTime": "2025-12-26T14:00:00.000Z"}, "data":
[rows 0 to 23 of 52, columns 0 to 33 of 34]
5.323345076469387,5.056961145261628,4.974601283861829,5.1899787373522,4.420022597479914,3.770688109115121,4.068071517917711,3.6801246542500357,3.5286052499286336,3.6662104122954866,2.4682584159780125,3.58387539362799,2.258878770666805,2.7227986321949005,1.7653979646100053,1.2768904827717187,1.5967431339891365,1.7810983595784091,0.05549375073836758,-0.19356841793810148,-4.062783446103955,-0.7451931063248447,-2.514547219679719,-2.6540247220327977,-3.7952235338223717,4.238327114440963,-2.3835364418308,-3.449979118532863,-1.4006927412134333,-1.112672674345062,0.21790675629663506,1.7581802049017592,2.0229962361157443,1.4328228559850829
4.415229171157617,4.942243001526076,4.768350284496244,4.9186918297647235,3.598426982524266,3.6540197357829785,3.433779343162232,3.9071064878950303,3.363517103100471,3.4097903326013634,2.863735688343016,2.346184714463051,1.864957564671885,1.8462236530308245,1.5329654283620462,0.8805187440171408,1.0104490251061615,0.5237723479271954,2.120143546386994,-2.153801325406507,2.385480357693639,-0.9283184793609888,-0.7809551778392417,-5.014353709868444,-1.9910811232599757,-2.8272607251037503,-0.0598616256207755,-0.21955318612476205,0.527885312518146,-0.28581111751124416,0.8682321064116718,1.1708542596565086,0.8833407846139273,0.11122855069686649
4.284636664137618,4.069047043916755,4.381409416629385,4.837957022491286,4.5898747425840245,3.005988551251245,3.1510898998771384,2.6358382427305425,3.3948634214196196,3.2797814783379904,2.416799141957239,1.5255839752547187,1.3645225110911698,0.8906201104940213,1.5317147815622996,1.9830021312231965,0.5135531073800268,2.394275148944469,1.6253633504289815,-0.3852139622128757,-0.37632641839372066,-3.234478439975568,-1.4909783727411525,-5.625536311608872,-4.957497318820413,-3.4308882573566293,-1.28928902358238,-1.2423305396403332,-0.2880904620969123,-0.06562809213219507,-0.07274484665958314,0.8034042820733869,-0.16327893967491378,-1.0862113716738657
3.6153046737733256,4.270223693745073,4.160672814802296,3.6095761574074055,4.384196260296614,2.937328161864502,3.5179369518411696,2.3768634474095798,1.999911000687404,2.2085059891869014,1.7443305859377363,0.6460216364974712,1.3791199965886067,1.3739190196841966,2.2845527228305658,1.4580231549724634,-0.7721392544131725,2.0064280004448216,-1.1576418845642737,0.8365189429708436,-0.6257006769001667,-2.5631131822809308,-6.018075375913932,-3.3564087838100862,-3.1393758182149942,-1.6840968747874545,-1.9554992260303432,-0.6707723385354037,-1.238167445300909,-0.03664833784149601,0.13580868578719646,0.161782789973246,-1.3196900894921633,-2.773443831808389
4.005608911588166,4.955225035518868,3.504470543670294,4.0436248970143795,4.850870842825431,3.4014326822157246,3.6943413678305284,2.8302050764348965,1.7719797545939697,1.6864904437975872,2.214227147441517,2.56862710669049,2.2976702571021397,4.776431019386626,3.57915958742583,1.6164026498156228,-0.19257035449741666,4.2675250019009,1.4897321986181076,-0.7761160159047384,-2.603905116935596,-4.502589646973436,-3.4905881454165733,-3.435900061746533,-3.32852630602896,-1.3533285240482424,-2.5408636757040663,-2.055771930065282,-1.2890382203322361,-1.2093466746789046,-1.6081204839178735,-1.6197504450039335,-1.1350200768624439,-2.6880344613006573
4.825137410350049,3.8393172481271436,3.209230512790122,3.927661987879644,3.608259523603031,3.121305129159658,2.661197019403631,3.288601682204682,1.9169292712507155,1.8989204469399525,3.8438410033225967,4.074650372146091,4.234388502922801,4.344992607928114,1.7349782234039905,2.3553570691781243,3.716373402236859,2.9525645907592053,-0.7692528326908935,-2.221947498711355,-1.1052757010593062,-2.356461846701292,-2.0869879065586474,-1.81658384778701,-1.113737180666427,-0.5057966127352111,0.44432039921603317,-0.5343293878526847,0.22624831277837085,-0.9688612364557934,-0.8174812747226933,-2.184855842828731,-2.506681895080514,-3.3454747286813142
3.7974519715279373,3.627583063670153,2.0138126421512488,3.805777436131009,3.1329223474646266,1.951636592896752,1.3547525591528462,3.924231758868939,3.2455304298363283,3.239716936774048,4.275867655448411,3.327133561848158,1.9271844151527917,1.916767832517522,1.802936242138521,5.134477813637979,1.3262735647468318,2.207562543124081,-0.7713504549858653,-0.7439282760158452,-0.8624579646203755,-1.9057560611500988,-3.0388035470609944,-1.9163303444481137,-1.4782048469767866,-0.8005513900060429,-1.2618205067587855,-1.6279471006381323,-0.0788440522059636,-1.3682340186588107,-1.5800591749809014,-1.2703523557409304,-3.1469654830249114,-6.749442300640674
3.0315030181009766,2.786073869079173,3.6176951705676275,3.263496129955404,2.2505617143751637,1.9832170702696101,2.118466766875772,3.955390858543219,3.963014016842348,4.259412547159223,4.3547284085493185,1.6396099152290124,2.9989808355928065,-1.407850370591763,1.4090068380461496,3.8122754969888435,1.7482449006237897,2.8658175745818233,-1.0010473343413744,0.11788561539702101,-2.4980051799912255,-1.9888385369285937,-1.146217283305585,-1.2358413226622864,-2.2860452039590977,-1.2469748544597892,-2.180042539954347,-2.545558187848655,-0.26976791942292866,-2.0001533572919534,-2.8226119293312046,-3.5689182866889433,-4.303332906298761,-8.151754810573498
2.329760997041417,2.3543341211685624,2.28503081997927,2.642993012422825,2.5610983653843484,3.947772125636332,3.390424422287734,3.9097774506324816,4.663875769401189,3.4921209503486983,2.279595843820675,-0.48853565788388464,1.8155484054033637,-1.433855824786083,1.765844759569682,0.7601103156822618,0.3816641226045919,-1.2039541932913185,-0.6389638356912013,-4.995534521699733,-5.414788085756778,-6.800491355574728,-1.7000177440508826,-3.9099783829268713,-2.6296600891678574,-3.4839740425305714,-2.862356233793396,-0.49840774665537496,-0.47794494054003267,-1.2066261340443525,-3.821916653586457,-4.350260110079928,-6.578604437855031,-5.94748964281741
1.914553119358994,2.692093927158896,1.8952535144757126,2.3704937782544038,2.956367386541109,3.645832765662154,3.2897602344781967,2.3800368423012386,1.0948413153292658,2.6233616453639033,-0.6223853602714952,0.40188595252890225,-0.42579543804834763,1.5160039085916475,-0.6334004427422263,-0.7711696581280271,-1.064309916673689,-6.413153053360913,-4.264819976349029,-7.5525919732866,-6.3267704153892925,-0.6138430556501172,-1.9256919123368212,-0.41136896330206363,-2.050669973436427,-3.7505066277038765,-1.97138171126776,-3.817073661951821,-3.674117491781795,-4.8163584829835955,-5.427407616174537,-5.5370840251705,-5.215650137373002,-7.000103710335075
1.3543407548566688,1.7103509844189198,0.8207399151178073,2.3725591856547608,3.0780771140911174,3.4605724323023446,1.630969326025528,-0.8842090771421441,1.007131553795634,-2.05449331254824,-1.2603565735304276,1.702802055707123,1.6311983131761367,-2.7084004480240687,-2.5927926631245706,-5.014473582351437,0.789985337854133,-2.001361732256266,-11.538229694292577,-2.383309328176797,-1.955074385508362,-1.68594753236087,-5.363301877635937,-2.433754013295081,-5.214963905552306,-0.24321021634146334,-0.638949747223856,-5.034572399311901,-3.5178888074614587,-3.7057386527145457,-3.0493307644598975,-5.873694770247771,-6.649145834803828,-6.145254939535446
0.259099604153624,0.3057457478199192,0.5193536898228601,1.930797849491741,2.093422799210716,1.4207656056093843,1.6213138067635409,-0.01890358687441544,-0.669879769187578,5.077205353752447,-0.6941785706212872,-0.6527670054375896,0.6686615112791031,-0.08890313282782288,-3.226225719719338,-1.1633762732113286,-3.118663407234099,-8.17550135257901,-6.5127112792540816,-3.692503292099945,-1.5260117118883603,-5.876467102663215,-2.8901777673529407,-2.9537036652036357,-3.1922331981771253,-3.4523812286866082,-5.300528112017941,-6.2860394837788105,-3.7941998561238277,-2.0068930847345805,-4.833531354166315,-4.639607036135365,-5.827633149532467,-7.864192245626253
0.2610728873979009,-2.2523528987848045,0.11655819281925016,0.3294284734878073,0.6932490692279385,0.11610145259674277,0.484656402226819,0.3230937465248918,6.020462369007503,2.123887934345111,-3.9161255232143284,2.2540342711114714,-3.0036383575713708,1.4437124469511406,-2.7653759215131704,-0.21000237236652242,-2.4906018546258717,-0.4031383412023765,-6.667167812035967,-1.1654243469302472,-3.524645090298122,-4.5219681561681435,-1.3462296648923637,-2.3642345470749504,-2.2736606464439375,-3.8570602205413156,-3.2388365675163797,-4.906164171649467,-1.6232930118663345,-4.344618024923632,-5.8477584870407355,-8.414464923607365,-7.803426370083356,-8.598921277736409
-0.6349053191376256,-2.632686371443236,-1.2518025072052192,-2.0508322824422467,2.362772538655997,6.690882901129959,5.88060480041603,0.3273835804808036,5.7068895956921635,4.358807304999732,4.983779801613266,3.5044481809778127,0.3027344540795565,-1.1726870240227674,-2.8825269087544654,-0.15290408099277142,-2.9394645560140384,-0.8991270573416226,-7.652745453176997,-1.4620840332033544,-2.2973552496893705,-0.8812542681021777,-2.6478731170722742,-2.8226250446021344,-2.9328806138041483,-3.9530034018580658,-2.6229321700873367,0.27876858232160034,-2.594332491600038,-2.8506149134506233,-5.2170617687459835,-7.001230004968809,-9.5983437365184,-8.968174519783144
-2.802129183390483,-3.4196568365004394,-2.722729238982483,-3.6404576347960815,-1.1773940217973957,-0.28976813545185165,-1.753807991464195,0.708058432348803,-1.8461330244909555,-0.06311921162612981,1.1456461135184441,-6.787672851117801,-0.5499494131504371,0.47077350253083117,-2.404367953197737,-2.1445708885206565,-0.8764364929056615,-4.558331800564673,0.4177486142208204,-5.240537762243478,0.14551914642719868,-1.128017326951332,-5.220286426130491,-3.0755970420042114,-1.2026031439351925,-3.8639781759635077,-1.506168305253643,-3.389698433765184,-2.657801060819098,-4.375536942172527,-4.237353397869814,-7.1540607504746205,-9.45506675840433,-8.740853400479427
-2.603400615686068,-3.4657518706734347,-3.6866579166667264,-3.2328305371967474,-0.12165510127804788,-1.23272335441919,-0.38555981367757025,0.9509775517185574,-1.4286393276765081,1.1655123590509135,-0.4732964708145524,-1.6759620458224933,-3.781212079506991,-2.2401729532466472,-1.3341420786893337,-1.5829266676798779,-3.3447253621226474,-0.9272765992977362,-2.6841163340789005,-0.3717825389950053,-2.1520935128444774,-3.9606683313392708,-0.987382650860724,-2.2254855276557572,0.7169474472037539,-0.4340245121260967,-1.01233153969844,-0.4879112138525543,-2.4130694977107803,-4.455727348858992,-6.195483451351503,-6.3256323891357615,-7.652927031077722,-9.935064512699768
-3.3025928689624178,-4.199888359408368,-4.26449807885224,-5.006248786247658,0.013412367313563054,3.709058888263336,5.5540106284066,5.82265298678859,-0.032488626785329,4.192106046150219,-1.848660977650037,-5.862829401818727,0.32733502010786636,-3.385615558480715,-0.6347254263416053,0.5913423675347934,-0.2533423757447228,0.42907727013802544,-1.1858480606215354,3.047726421580964,-1.6279279135231282,-2.9559940608449256,-2.040199080417665,0.7759683663031122,-1.7958334270540608,0.9562001442256333,-4.136972966976878,-3.1018829987525014,-3.818555728789968,-6.7878014802626385,-7.30236348415336,-8.411330858826322,-8.262579189595764,-8.860350954266309
-3.7787548296335305,-4.527206256627423,-5.084961621914273,-6.63489616089987,-0.664545013478464,0.9179784518856442,3.6080244548359515,2.8120231827022124,3.449914721378468,1.1067350818991897,-4.064741551232465,-7.821015715290233,1.6019081628109115,-0.5287588606890682,-1.1673775046916146,1.7617615657342114,-0.7431534298519208,1.4799352361860267,-1.9471161285415028,-1.3201190952921458,-3.672349489238471,-1.1463474768424577,-1.708899316616668,-2.669684616273106,-2.448779480424891,-2.3957459891300155,-1.6259129688393756,-3.3736767739888895,-2.4293596439416025,-3.7341569753784727,-7.434316867419425,-7.898532914389963,-9.491166591325374,-9.246129954112332
-4.190479925979409,-4.347207836021256,-5.435168442683138,-7.645008408996252,1.1426826362333486,0.6667199172428735,4.488602299745204,2.3894580574666953,-0.8704323224518561,-3.836716392532214,1.5041120357282332,-0.7825731287379598,4.183616634437689,0.5927222792490688,-0.8102614840438902,1.4319394298048604,-2.246309127832669,-2.0793666582616988,1.3704406461396206,-1.053425070216028,-3.8529343698018224,-3.951587923754955,-1.6478838821011879,-0.7104281838118227,1.739137955642181,-2.393801835437095,-5.570237320531148,-1.2488979769925799,-1.4918658954638575,-1.6502231475417017,-3.3335433439908853,-6.636184550753701,-7.773059711739598,-9.56307466931173
-4.454735177551695,-5.213440146788647,-5.69973423439873,-7.41855936704941,-0.07718493187447996,2.6888533192709674,-0.3494331922551135,2.9599050060353314,1.102854867170267,-2.3428738574387435,0.5328163840218766,-2.14248021997199,-7.0143391261521275,-1.7445949789348227,-0.13850825016474758,1.7046279669393791,-0.17688165456085297,0.5138978323623997,-0.08955051033342448,-0.9332101469375564,-0.17683399046409712,-2.7917752194996748,-5.296211515204486,-2.0683335934233393,-0.14277545121985566,-1.9922798410373534,-2.37523314626111,-4.203631287598446,-2.3882281121612645,-2.674440452021917,-2.287031391963512,-3.1944822850700114,-7.735991005995033,-6.114467965831294
-4.668121130125666,-5.540209547056481,-5.800366458265974,-7.060186726679643,-2.1902309730368703,1.9823275502159394,1.6970430814985482,-1.5106548833723543,2.4472844842159054,-0.5154908149290487,-0.5335888857165355,-2.9098188209778484,-1.533767944836534,-0.44868481465339205,-1.5238988413450338,0.14172744586549674,1.1905426719925607,-0.6774577345408823,-3.1978295729599613,-4.6457169701428445,-3.79892064585087,-1.9301400511702271,-5.4150145549128625,-4.039897654383299,-3.840835193177285,-3.1016757110689457,-2.0930949509099688,-3.1373357981691363,-1.910856391149714,-2.8984979902560934,-2.5817477570491243,-2.683741190588869,-4.602130856858367,-8.273097257382453
-4.188730927315119,-4.839651494383525,-5.887727446653932,-6.7913839106912635,-0.8105389874549312,1.0163672955116856,-1.0176418196773012,-0.348543773369221,-1.7745814298807385,0.06555406943342784,-2.2311095462287223,-4.016028374798128,-0.20720866956817055,-0.1391428837043676,-1.7357698554135699,-0.16899506494025715,-0.2774081154925982,-1.010250196477591,-4.065361254729742,-3.0207442614754103,-4.378700327774802,-5.578249643621345,-6.217437619340459,-2.776268556989869,-4.580377340422887,-3.777330922362585,-4.94638218332135,-4.569883433119923,-4.083292536405498,-3.4725295958320297,-3.743405324917788,-3.529323643950485,-2.929668986921111,-7.154497529794758
-4.72467423135875,-5.1070915003570265,-6.190829466127068,-7.149608810974614,-1.310891811780214,2.031424661516261,-0.6855505827334075,0.6646119140067153,-1.223951282917463,-2.616250446691926,-2.78472369115512,-1.9160279169423138,-1.2413214419946246,2.5841986504599426,2.1328752443124834,1.0391761359054072,-2.396523401318699,-2.4171340661721836,-1.9004882768869085,-2.422138866245529,-3.0774805866569053,-3.458994644380084,-3.512790363617385,-3.9648810272278703,-0.7466691866376534,-1.5871397613932203,-0.24170816786349036,0.15700106237342507,-0.20929997944253015,-1.9360511190309055,-1.4764259568409628,-3.6937497131157966,-4.582035311446418,-6.188115412006738
-4.411101307972904,-5.161597790630031,-6.60855421512782,-6.160593586165805,-0.7757898074502416,0.7854730743521076,0.356776962846974,0.9289086825271651,-1.4611608095515312,-2.4703430412826775,-1.4139064282310638,2.274503252399676,1.4362889431280337,-0.13745449966673576,0.7951465546027393,-0.4847638202858351,-1.9723151045514489,-1.9596022731410538,-2.4135145130751186,-4.330165337752616,-3.511598683085608,-3.4001430513733197,-2.028695712347224,-2.9599692558705715,-1.3824951426163419,0.20960987728640487,-0.007282594884968273,-0.31176672635892055,-1.1461889353507293,-1.5624359859996557,-2.5007079510440935,-3.239914240922388,-4.811555435155497,-5.938040015975016
