script/wind10m.json
{"header": {"parameterCategory": 2, "parameterNumber": 3, "lo1": 6.000198445256149, "la1": 58.999992894266676, "dx": 0.5, "dy": 0.25, "nx": 22, "ny": 24, "refTime": "2024-03-05T04:00:00.000Z"}, "data":
[rows 0 to 23 of 24, columns 0 to 21 of 22]
2.7008972537583342,5.914076574959972,0.7362007172707584,-0.9148511818653717,-1.1043114282313078,-1.757508637115175,-2.657297073486258,-2.8430333998112056,-5.2381982521389805,-8.573574103877492,-4.526250946248827,-1.7544462815025268,-1.6215753804269906,-2.3851169346075647,-4.831855468241077,-6.152326103576116,-2.2889634492108817,-2.242225097030782,-2.5747326397427255,-2.499063810173544,-2.443940185445937,-2.9522918275697254
3.5420359993898822,-0.1651401955156329,-1.8770520943063014,-1.2230205571952677,-1.864284695815288,-1.982943214719781,-2.7840165955318645,-7.971220881658078,-7.937831236751486,-7.240876032785816,-5.743615594339666,-2.004185945342039,-2.3725806336623587,-4.108344946326435,-5.502032143775459,-4.803582034136127,-1.4127577039157233,-2.7511501422110745,-2.4628264090172842,-2.6455398869923488,-2.727650614483338,-2.750022239995273
1.3380346079420082,0.16286738474648185,-1.1202641535952604,-2.0252981417280806,-2.1769484986547485,-2.344938836677043,-7.306897478725351,-6.891226219773347,-6.7725563892542135,-6.643235781959842,-5.4252924787795775,-1.8925994344495798,-2.129210551774651,-5.819175947737573,-3.16565852568652,-2.368492657215083,-1.159606190393052,-4.459719846582738,-3.1832109473608012,-2.730413135733967,-2.890285388430804,-2.531827441715455
2.4591577116570833,-0.8413969202004935,-0.6543748483514227,-1.6012634900841018,-2.3005730251880334,-6.472381057920739,-6.67834727181413,-6.034374568864163,-5.968218139438165,-5.594727855401787,-5.100676900561539,-2.6542568168506975,-2.505876404160829,-2.635056327882965,-3.147956639717922,-1.48444242769028,-1.3833708743065665,-3.6299330908564515,-1.5791965855471515,-2.13859886723774,-2.424233526238942,-2.780920489908573
2.1464603684245285,-0.036792599088387334,-1.8723722927592132,-3.306024286734249,-6.032717212984349,-5.636244605718114,-4.944235009330787,-5.0349261647073345,-5.101629561882539,-5.386228377328884,-4.917086741305526,-3.9863726769621413,-2.624084088269482,-3.1640552999690725,-1.6723204201072024,-1.6014955797337727,-1.8813162174415576,-1.1499501645465515,-1.9384243991540322,-2.060775681971008,-2.4353709778775623,-2.886187424389755
0.551690061833803,-1.3996821868518152,-2.671532665416368,-3.8301126826981178,-4.530280629897225,-4.111645331164673,-3.669293774490317,-3.5331461689252905,-3.8351241597127617,-3.6834614797321517,-4.9147185737294645,-5.210094010548753,-3.232856959507156,-2.2641502023261433,-2.567111931159933,-1.9033573447754573,-2.4146769991036763,-1.8550593065128067,-2.46529005831781,-2.49144748081771,-2.572845913782712,-2.645284007673782
0.7739024121885181,-1.0258904966648699,-1.8205997925197726,-2.519646161112187,-2.302318938709845,-2.277511099866214,-2.8732141599503436,-2.843676072206726,-2.248131682575029,-3.7241942800440087,-4.895232753973362,-5.135682586602627,-1.8437720936831103,-1.5577349386951054,-1.3304324648972077,-1.7389128308233104,-2.251563585099078,-2.1066606657808125,-2.531071389038911,-2.3153473777332962,-2.354641181995332,-2.3741085492575094
1.246380594479251,-0.11216254137482529,-1.594578275077043,-2.064229733890997,-1.7246512184612461,-1.2754413554011867,-2.075501475080611,-1.8566790093953855,-2.1882055153308473,-3.067707396494443,-2.7296032784294435,-4.651544420875635,-3.5040428798811702,-1.3987448738302388,-1.4520796759197057,-1.676312705110264,-1.9121938274590107,-1.899886079418148,-2.4369998989991544,-2.40030133843907,-2.288176743715166,-4.787785655194242
1.3170364637129244,0.30042011539164015,-0.603062724827289,-0.7416930128502127,-0.7697310080951366,-0.4370829500056882,-2.6317894254029848,-2.03133569628763,-1.627586284019695,-3.696174732374193,-3.6896698467304985,-3.066212324031773,-1.9478904014970981,-1.3444255702835153,-1.3095888690430093,-1.485230079062075,-2.2101652728171857,-2.049192313916095,-2.49696508006406,-2.295593453933867,-2.67404579878173,-4.310825156404252
1.4665829665494317,0.1830598273807886,-0.31240319556972973,-0.7937144339582664,-0.9521576307770607,-1.030242634131555,-1.2819460408984418,-1.461370212536103,-2.0951805284911935,-3.218841416729737,-3.0745633941628436,-2.0288653518223128,-1.6008150403291452,-1.5948194263115307,-1.1456984886707084,-1.5548943024542665,-2.1096921674971676,-2.4505641151436803,-2.4480747631320967,-2.3103154297144246,-2.4025933460858004,-3.1506614162799766
1.198877690817793,0.36881404346469904,-0.8346089581744961,-0.8108660888400306,-0.5988222337903355,-0.7826692799607926,-0.8831923941241783,-1.5624262684814794,-2.0771686596111674,-1.419317514398485,-2.588721025323757,-1.4691647987921836,-1.4334666727946632,-2.3993748486880615,-1.1038163944470982,-1.2345931811900641,-2.012307846488398,-2.310100256919889,-2.591905617356961,-2.18648744543647,-2.8785509841011394,-3.263106045190986
1.0037453511010919,0.4457682970750267,-0.41889222311558066,-1.2355086059545493,-1.580685223551333,-0.693698803813549,-0.9472733169784203,-1.2462679335259872,-1.7282208325195676,-1.485759772370582,-1.8994571816131327,-1.2412643860334565,-0.9492456939090372,-0.8203205136721786,-1.1714738262169975,-1.1721471762395137,-1.954997841628098,-2.420122422272862,-2.462984052249047,-2.57160702658401,-3.9685723522385357,-3.841374186066884
1.5773953682168291,-0.12824571875386462,-0.339104244372475,-1.2409138308131258,-1.860926297516995,-1.1124525480451817,-0.6257903686140269,-1.0374762375228808,-1.5793975133271274,-2.6338539090799173,-0.5084583244395582,-1.2560994206812366,-0.7779091105402528,-1.3735778883834944,-2.2989836268636745,-2.1763921533192754,-2.1844079237022975,-4.480029546907802,-5.899261075418149,-5.684211006977976,-4.362344363248204,-4.267145631912818
2.379311689269643,1.051889069455168,-0.3881972346171767,-0.5766185664809929,-1.256426840573344,-0.7730522543140175,-1.014577279751979,-0.6895161750645968,-1.5837762441088261,-0.9551823797952754,-0.5975567853212352,-0.5760935898696133,-1.4545669062957283,-2.1257879724426356,-1.9429895845197325,-2.503268218101657,-2.8289815476409506,-5.802752615545265,-6.67162666876733,-5.242464389084912,-4.864323375697091,-4.2240590679897645
2.8076658237189074,1.8358567673568296,1.1841320238128634,0.2951902032455916,-0.071547586032075,-0.2829604932841405,-0.7162892838581789,-1.172700740567052,-0.23612033299232668,-0.5303213297102619,-1.4866728207597237,-1.1616737571780953,-1.8316154087700336,-3.7748690139548846,-2.727924697065757,-2.64464548030285,-3.9444225046646793,-6.755503412292121,-5.912128976780251,-5.029314401777515,-4.319338882460254,-3.731457231837976
3.3098428637157986,1.9999582778632672,1.1570535755977724,0.6231590747010425,0.4724909231476518,0.056757277544726384,-0.07366836395022233,-0.8112906204519041,-0.9096929562680639,-0.24934370430865233,-0.8980108280617161,-1.1438852519680651,-1.6505870550780704,-3.513843043638225,-4.594980357084039,-5.53179731745568,-6.270416814050437,-5.734533861409876,-4.606966032342616,-4.650741403926047,-4.074831343256143,-3.7145023233681354
3.4042867810621953,2.5460835526770196,1.7759659617849062,0.5166461887562375,-0.33929071418013945,-0.2687700558163771,-0.25559959241899527,-0.8040146772296334,-1.095490396982401,-0.9915639985731125,-1.2398718355252374,-2.4033562440463974,-2.6009064721236275,-4.021642611288378,-5.264883010473811,-4.896122865789043,-5.890141930194288,-4.125970509613194,-4.267603059208631,-3.8949567792694126,-3.7344674207981434,-3.6698411994801794
3.3276335882369446,3.1063149194063135,1.4812634308471981,1.391957341923485,0.3028722819701029,-0.23428328142267277,-0.5609343443518071,-0.2838353465850742,-0.667405631716139,-1.5053890321730417,-1.5315309999675428,-2.133527088375316,-3.8114669877762157,-5.2857157332305995,-5.351578647708096,-4.66022955288649,-5.11744329548261,-4.749424420635311,-5.144516736065023,-3.7760885790661622,-3.9155474166701247,-3.611302437637269
3.625024925890367,3.0416541431254926,2.3412833823560333,0.7419635861192284,-0.026265320019089468,-1.059251572348873,-0.9316556182097937,-1.2563803247996161,-0.8395569906630851,-1.556837350265841,-1.7122906850786326,-2.6437247827579107,-3.5305727960305884,-3.592548576511109,-4.573822690785702,-3.1209122155455304,-4.62066641513327,-4.3642319887363925,-4.531154488411997,-3.535618664829674,-4.719438011509663,-2.371791979268801
3.192801919332803,2.6155985727824387,2.1903945875162045,0.5038777097143496,-0.4282680026616943,-1.2104321087176606,-1.234253379341903,-1.38911502661931,-1.1201801524740982,-1.0579689040671316,-1.603042558634735,-2.3220562212558407,-2.254229602873717,-2.141747150387659,-2.1487211216798814,-5.211531502462712,-4.839422423443218,-3.6933441572452272,-3.5409652002111076,-3.5220104986196628,-3.679463854385617,-1.5897328351533375
2.58657090791541,2.2476658872619217,2.148605701932117,1.1615606163140593,-0.9524486152428305,-1.377729939295562,-1.74566449823713,-1.1766988390639639,-1.4460437832620443,-1.8828474675587954,-1.5281540535098388,-1.1057429569489716,-1.7864565859432213,-2.168302986050971,-2.2633810299979404,-2.6030184491905217,-2.9268686868996108,-3.5023860926931114,-1.4331626435937779,-1.793733688944258,-2.1497216862304516,-2.02983232928533
0.8897618646489008,1.5440907289064454,1.8629927738492664,0.8725138684003498,-0.05455311358256306,-0.8957842436799568,-1.0277005677263311,-1.4640723908880149,-1.1156600081588695,-2.145647380619373,-1.4691147210834683,-1.7122480447079955,-1.9814558357116627,-2.4285293349631223,-2.263860699296273,-2.019378488128156,-2.933761866187184,-3.8993164834937293,-1.738185655845902,-1.9780949423907073,-2.0920369609902805,-1.1665227038033672
-0.05908544944477,-0.25326012612374876,0.851203471837595,0.00015491115850268828,-0.01734652951848857,-0.7281969555353519,-1.2104215713770932,-1.3056136476858315,-1.3487192078216446,-1.9465006498319837,-1.5315296884971092,-1.771192550605018,-2.5697901045454326,-2.438844083690845,-2.602624790097985,-2.2685468889484253,-1.9505475659414806,-1.9820682237701834,-2.7641893035396565,-1.940375324118287,-1.3894422314013413,-1.5900938980066306
-0.2515996032669509,-1.1393466712232214,-1.8902441756372494,-0.7321058772837474,-0.5017927497853075,-0.7513175963017464,-0.9984448291819106,-1.3629748879821415,-1.15525335489609,-1.494738417841217,-1.1869925220197959,-1.7284665901353933,-2.25693049461524,-2.39871336207203,-2.315078429188421,-2.686718392811505,-2.9539594085796086,-2.053153469117569,-2.4960197298153743,-1.881729258727368,-1.4671114360514161,-2.4469276345260833
