script/wind250m.json
{"header": {"parameterCategory": 2, "parameterNumber": 3, "lo1": 3.000054539987559, "la1": 64.9999836372058, "dx": 0.5, "dy": 0.25, "nx": 34, "ny": 52, "refTime": "2026-07-12T04:00:00.000Z"}, "data":
[rows 24 to 47 of 52, columns 0 to 33 of 34]
-12.041147711957928,-13.34849902605049,-13.70736681264382,-14.600138507646795,-15.22125477343673,-10.495505774886745,-0.5893136134677686,-0.833446990361315,-2.357105696223998,-3.560864075955756,-6.283829700101014,-6.3468390395762535,-9.126644707658732,-8.482458213779452,-10.51936201640499,-11.599154660701593,-8.267025942814064,-6.690419347263154,-6.695617915794417,-7.577465253827924,-8.53782527191707,-5.3071033933982,-3.2888413759040867,-4.6327814923722075,-6.038545579015976,-6.796512334282439,-7.590508556742169,-8.712378835983259,-7.649094389427413,-8.495249383617862,-8.37781391888736,-11.214315321432261,-14.253836331744466,-11.042824497691678
-11.853045136492998,-12.988498873143858,-13.648033853165867,-14.409301320253155,-15.317689408556548,-11.501142652544173,-5.456448206388037,-1.0733344819076929,-2.709148151008076,-4.548448016982281,-5.290511215886985,-7.208238410776473,-9.667400992776896,-10.332002211785788,-12.240069265444452,-11.471407060491144,-8.441131064250927,-6.150002183583549,-6.3556868046775525,-7.2434825240002665,-9.68698233139957,-1.0802404445408478,-1.5561696335425996,-2.2936599467586096,-5.352837588624121,-8.510822623672366,-7.9831010095805075,-8.825749932413908,-7.860194880662193,-8.608941509519342,-10.469579860690422,-12.940113031613308,-13.341917342155481,-8.487882145804482
-12.193873515901474,-12.903886711735867,-13.565267063919354,-14.36380263881217,-15.906467297570524,-15.737930056214582,-9.17730678379165,-1.8278020025082413,-3.1024566476003446,-4.619162355492188,-6.51512702481316,-7.653981381093623,-10.080632866676696,-12.284813835004222,-13.375387799330134,-12.197396942752873,-7.759974811560369,-5.56006221552753,-6.124157917546502,-7.450634356185386,-5.475986084572805,-3.607264282296583,-0.4140588880185324,-2.5585429574294856,-5.229341481547054,-7.518203839934615,-7.683098190012453,-8.191996927652374,-8.166019728486319,-9.999700709173524,-11.624377173394011,-13.512848986112669,-11.784982626621185,-8.684433236338478
-12.117423638655003,-13.033034155717417,-13.798382583111911,-14.420350721023864,-15.890534708562912,-17.488022634016332,-5.061469556780032,-3.9442406342505114,-4.243939138792306,-5.37629223844115,-7.793197271705458,-9.311893009416924,-12.00958861423704,-13.100923928608314,-12.888572121571542,-10.800777665227896,-6.859304986521542,-6.786981696356681,-6.98508881636254,-5.257545125831853,-4.965935392015023,-4.177735178884175,-3.4506112676894984,-1.5507719085107412,-3.6248780761658805,-6.1806202127529,-7.273690202309239,-8.211161186538114,-9.144481024952931,-11.868799990946407,-12.522063389318056,-13.10893491760653,-9.535591449554255,-7.697734855338358
-12.091333032516456,-12.783869614766427,-13.872961762018406,-14.569324068925189,-15.74378180114941,-17.252708355993526,-8.799014668733522,-2.934040768786608,-4.005622058686893,-7.342409234944336,-6.495720373725121,-11.582808490813264,-11.718180531000106,-11.858848604801548,-10.970687709027018,-8.376130012715217,-8.310288980072817,-5.490048082384491,-6.760971828754481,-7.2907208456192185,-4.7295629974971245,-4.832267660860787,-3.8622291145189047,-2.710364174231469,-5.135152527728531,-6.527714802493781,-5.982319225176177,-8.51507388021867,-12.042003683382731,-11.57305093416605,-12.214069435409506,-9.107959301835253,-9.26935875179721,-5.802195081155629
-11.542702353914677,-12.518340760832807,-13.389243621384107,-14.507151095087758,-15.638284066787579,-16.973193091503013,-11.866380701791499,-3.905068697887607,-3.8651584366289753,-5.981025594730139,-11.060861136781197,-11.337948442293584,-12.344295697484647,-10.487931546471442,-8.518318829059075,-7.362455452965957,-7.289089940016535,-6.20930530578998,-4.76143816797546,-6.531719646970465,-4.353614200996105,-7.1085361636833575,-4.733927370063193,-4.429192742923884,-5.1977908663055805,-7.348290076113604,-8.185532475965815,-9.583933479892934,-11.094026581874092,-12.36137643198622,-10.197733088633697,-7.526535845609084,-7.269159366047662,-7.14477131681691
-10.932140488239376,-12.085768079932961,-13.052527023199831,-14.14030208089281,-15.236344987215203,-16.78782279216392,-16.73308558510414,-6.214949624442696,-5.0705587573702235,-7.998129878038827,-9.466530893646395,-10.252915870037667,-10.66710519061462,-5.402042716467264,-2.703233476739319,-4.7348551512025905,-3.736206109485091,-3.6825197227576716,-5.016102717145769,-5.157574451165896,-5.495601343486839,-6.621896363085766,-4.588109298222821,-4.918472164413056,-7.094280376039555,-8.125091910508027,-8.390040725822015,-8.939054502866627,-10.989228923209472,-11.438667084491998,-10.17667232926492,-8.091548728057981,-8.74499516117606,-7.001837299155258
-10.876126194854855,-11.575843157385556,-12.631474629537895,-13.838436663562721,-14.939938606166203,-16.164142504310913,-16.618324092519703,-13.208877764357966,-7.658667355537337,-7.818391983626568,-8.378683303715034,-8.209795303354314,-5.145217090250174,-3.306954428274632,-3.502994311687109,-2.4536100653102992,-2.9681864469511794,-3.078977029945466,-2.617507318362889,-4.129157515856896,-5.73202713126103,-7.258437019665643,-5.8908551526593165,-6.816251711202777,-7.348030632401955,-8.376775515123782,-8.953920041552989,-10.250597488988605,-9.369338575036418,-11.855958160718545,-8.556851068070532,-8.314635260925524,-9.066690463539139,-4.911626883457201
-11.965899885967389,-11.42374091846814,-12.126608989700019,-13.573347907116226,-14.49537697773231,-15.694075331683,-15.994769935154567,-15.41112349574373,-11.9022541613487,-8.707538302095063,-8.12406626350139,-7.5319465459317625,-1.0416767172264352,1.9515785241944104,-1.2972354191484017,-1.922348064621949,-2.8521289877722618,-1.8695503591086124,-3.372466700312802,-2.1756813400929653,-3.029340353063258,-4.160498316154972,-7.341754644560529,-5.574117415171684,-7.773519325972321,-8.388321210112446,-9.501180968730244,-11.33352535551926,-12.553357253343123,-9.057065386894685,-8.804333621509821,-10.249461718591693,-8.276552153832027,-3.0579886169921684
-10.996812173383532,-12.834496913155311,-12.783535212928312,-12.826350727560568,-13.731140388291603,-14.955497485307808,-14.944193668895094,-14.652256417103825,-13.793627699182865,-11.312466087686946,-8.522620715797398,-5.335068121651607,-2.645521217602075,-0.8300938929816071,1.0515639123858065,-1.8794045886048603,-2.3901734443031666,-1.7769022008207733,-3.327725444374243,-0.5823732546355486,-2.6122966046568648,-3.8442777106051578,-5.788100944721905,-4.597099257978928,-7.710425921049082,-9.323670923875984,-9.492857306035129,-11.871751736420228,-14.102864250053816,-8.289522776395028,-7.943267125709558,-7.1488909710148985,-7.441722231632281,-3.921857100667318
-10.368980340225553,-10.933144656045934,-12.49209659764737,-13.046551300885042,-14.01182183334317,-14.00109823129331,-13.895376909516663,-13.68452959188189,-13.435505205901338,-11.942097523535992,-9.289999852872391,-5.648689018951046,-2.157076667328253,-2.8547748979437637,-2.6944701002963973,-1.6542272660105126,-2.2794095532724095,-2.5874553561585354,-1.7318056770454548,-0.938340033551079,-2.2684869024378354,-4.260145960858703,-6.3206507244865815,-5.280574210302108,-8.188805507814587,-7.1586003357437535,-11.01256417182765,-12.807604138386875,-14.30327934966282,-8.424280851876718,-8.992746226601266,-6.146866565099329,-4.828704490454826,-3.534488988079266
-9.916866165528557,-10.76363302191527,-11.818240241673296,-12.889408761666774,-13.071983582393838,-13.970553366305204,-14.24235268623459,-13.900306998933607,-13.145701016821384,-11.72681258767297,-9.526329287539946,-6.372726420017848,-5.135792413942664,-3.6604438219137228,-4.764435946487233,-0.8033692499260653,-2.9153945134329904,-2.6242593656522315,-2.7261474035415434,-1.528362016977267,-3.504771926898116,-4.569798251215413,-7.049527209694517,-6.358335511450308,-8.030832338771523,-8.193900194773896,-11.141464348297074,-14.179694698243567,-14.964366131063322,-8.993509577157106,-9.590260960499105,-5.3271118993164475,-3.414209606371315,-1.128315262084891
-10.334284323995927,-11.775205140513947,-12.340307115163645,-12.950132846856441,-13.01572368584465,-13.263101582756033,-13.682689394718736,-13.853818329847785,-13.148221275864332,-11.820644090300542,-10.084622373587917,-8.119127546425496,-6.156142785614984,-4.658403303084162,-5.957573598135814,-1.7686288701229986,-1.2463940760299819,-2.198175144472136,-4.218778480821286,-2.321982763956893,-4.08702145572126,-3.439511238537043,-6.015426910418353,-7.409498028579078,-8.771190646275038,-8.08047825190524,-12.20211267468423,-14.133257744235706,-13.768606234057877,-9.838231438717221,-11.18825453215268,-4.956882596404676,-2.345781551392616,-2.6804106385894237
-8.984482374924285,-10.849591978505407,-12.092351698372436,-13.196224272004677,-13.601894047017892,-13.775543158246991,-13.862881124326648,-13.797330668189609,-13.281996447473361,-11.857042191805357,-10.678070363683245,-8.659160768820122,-7.7592681949012645,-6.0775766710684,-6.738605714608647,-2.629617287316172,-1.8594818338374837,-1.761891838787203,-3.869622580455361,-2.7213791804839746,-3.713500197098468,-3.8325848965249576,-6.927445907407082,-7.908313559826758,-8.799589250523297,-8.121421406340888,-11.993721173821507,-13.8102178458655,-12.256445024234392,-11.287540691346974,-11.057133518373336,-5.649461726610362,-4.693038802860528,-2.0561720823439775
-10.532703369160485,-11.744785189232994,-13.210994366470095,-13.4585967342517,-13.772163530822203,-14.07846068118082,-13.668219128204278,-13.212006729979995,-12.768434941450105,-11.95608017334751,-10.430335293374812,-10.850253384854122,-9.824325154193948,-7.5878617153671755,-7.001429850440836,-3.860850555812171,-3.4199715529933394,-1.8009405067952646,-4.548346294260367,-2.4826844731196007,-2.1758239450785277,-4.037825114346121,-6.439575865078992,-7.353274376908618,-6.027682304625912,-11.387732536954665,-12.780110843596125,-14.244311593634201,-12.054009924251895,-12.123516592628977,-7.923978664067698,-6.284602326957364,-3.9559783989238757,-2.7327791860575976
-10.57732195351683,-11.492071771738223,-12.378832497264362,-13.149526988339696,-13.575826448767016,-13.272027741794764,-13.409848723604005,-13.678898060993177,-12.926836119820035,-11.542631887556505,-11.651732747023438,-9.85714440837388,-11.235442708980077,-7.777035560199641,-4.52577381234681,-3.2303547166568194,-4.58572518143358,-3.0282544700155185,-4.878052551985472,-4.468838196515338,-1.991304900396667,-4.268957255815072,-6.460673342980613,-4.62931956032081,-7.720615783886689,-11.646215832681232,-13.45262415412343,-14.688701126543963,-12.934314592402336,-12.006358095209416,-7.090296032146836,-6.8751403486177995,-4.770878097844764,-2.7031945245260487
-9.30516506756016,-10.050454452961626,-10.88671919111068,-11.727525881636998,-12.024671654748083,-12.502293814306645,-12.865046274421209,-11.956585371119052,-11.768102945572423,-11.808607322327283,-11.300537602464834,-10.40385324089728,-11.656231027853988,-8.848757776440518,-6.120439896200082,-5.241868671345683,-4.7087203172481225,-3.4659720449342077,-4.647266442848611,-6.178452386044243,-2.205275936982278,-4.6975703635152675,-6.386071998578567,-5.979500940939932,-8.348242068854535,-11.566092823073493,-13.7646431478242,-13.073741137476821,-12.02824846828507,-11.611705631788373,-7.443067972137032,-6.609684920983056,-5.075769126457265,-4.219837127155973
-9.700329810424552,-10.23983463237446,-10.815734951970198,-11.721783457454936,-12.047907012065465,-11.929993343693173,-12.07780221143256,-11.662660666719857,-11.417616669069737,-11.444247216292315,-11.36631278653942,-10.279752947569323,-10.779392766598749,-9.1643447661505,-6.227953525717039,-5.32281740253267,-3.945270898013839,-4.380990392582363,-4.754435496453252,-6.506026358360277,-3.160454971015705,-5.51675511181248,-6.619873644301608,-6.464541508164246,-8.53647130660475,-10.970776672540243,-13.61798390422901,-12.557693713736274,-11.137000479415304,-8.753477258030204,-6.271059498943528,-6.727088253059007,-6.2879319815408286,-6.087924116549971
-10.335540279993461,-10.696779064629084,-10.610815023594881,-10.918299611154817,-11.56369705525473,-11.607145186931817,-11.437063226482575,-11.39838451904958,-11.782508999908233,-11.389735254287528,-12.52948162728799,-10.966529306277852,-10.040985909628462,-8.788214223217805,-5.471883855346394,-5.619408169421289,-4.478738472046484,-5.541518765841835,-5.615584205730936,-7.190229972116,-5.058956768211076,-6.436698741720921,-7.032518463454085,-6.743117478209251,-10.115307255983106,-11.83016260001038,-13.366364402771751,-11.395811629162601,-9.561478416877648,-8.83222781668429,-6.494165309370894,-6.751822488292376,-6.985460619304333,-5.853338186729477
-9.372943497894726,-9.846393271085564,-9.819326831179394,-10.11113458591578,-10.749320393111368,-11.166143798361006,-11.375372760183097,-11.334296856582473,-11.575628673688497,-11.476903109245217,-11.407910869814495,-10.138504905223918,-10.160470309065618,-7.9983847310612886,-4.748358488483519,-5.133950242776062,-5.725680021404168,-5.619776633928212,-5.975374843911692,-7.863634573502669,-7.993470304841332,-6.743040498789886,-5.890947238284074,-7.773876887891416,-9.434286254964332,-10.555917793737231,-12.715419026409556,-10.02281715202384,-11.198858198078016,-8.501200754941864,-7.322742064885125,-8.643369067290696,-7.2410812642474,-6.8784234863417515
-7.4305985315644225,-7.825925490229289,-8.324852484099036,-8.924498002681533,-9.775947114972011,-10.498658476280887,-11.05973289818964,-11.552011982822032,-11.271162715010151,-10.672790433330654,-10.297773987902747,-9.28468395004999,-9.60750115565798,-8.697109884584531,-4.833727334333608,-5.785422926952927,-5.387744561787818,-5.666084676566047,-7.494965787787817,-7.910843809920997,-9.450826809694544,-6.178791351998083,-5.017587004369718,-7.595011077955119,-9.98137020670408,-10.274666251534878,-11.761650463530046,-9.694772739496322,-9.60824150831748,-9.741141500073224,-8.197954391411933,-8.100452489723017,-7.853880155329547,-7.00866440033176
-8.084828283118556,-8.317776373698948,-9.141759196546623,-9.984267870457023,-9.987980960204839,-9.989579857044486,-9.844475962839569,-9.941864229243444,-9.995340390640166,-9.281839870469458,-8.69304273880957,-8.460849819146006,-8.339868318196366,-7.450669808039365,-5.794802976771817,-6.376726320194717,-6.032482404619776,-6.147268097902195,-8.629584022428698,-7.842269931232247,-10.789761337603363,-7.187394343725455,-7.475989112232687,-6.07206814404237,-10.55622625462812,-10.981204240779736,-12.377112725734355,-11.653406042595293,-10.593905155747263,-9.829697490916212,-8.693049385643203,-8.918038904096989,-8.64010585636999,-7.763313368467636
-7.759727541406333,-8.045161721540964,-8.38888936083962,-8.489985369723257,-8.212657439798482,-7.888570921440364,-8.483904300128327,-7.629227555518781,-7.7493705621657325,-8.468877756557696,-8.28329313150726,-8.004945875784898,-8.052847924682464,-7.363355622146449,-6.440822568504801,-6.6276230242060565,-6.544346240957067,-6.453140259230269,-8.516093087423798,-8.79610354229598,-9.967238494285874,-11.055017211293881,-9.023749481618829,-7.77873885228951,-11.718035545724579,-12.722991164808239,-12.887008719322827,-13.16075466100386,-11.34239136377757,-11.530279242387039,-11.08400194375036,-9.108450186583337,-8.218293506156666,-7.325030570041355
-7.155187225734062,-7.325331082207133,-7.525440643930496,-6.633664827676383,-6.92633395878516,-6.624814752088415,-6.588340044628343,-6.14248333444826,-6.520465934627729,-7.392296267532135,-8.047219737605062,-8.130930760058177,-8.208850214857005,-7.672441252942996,-7.097402305344484,-6.712035620859831,-6.422073378416445,-6.64009675038416,-8.170445114295195,-9.207356402596217,-9.696642261132453,-10.839726255940208,-11.285471720864782,-9.97768870938979,-9.531306575365043,-11.56819734054819,-13.766094149319795,-12.084541223359484,-11.233850596551504,-10.438054283731056,-8.396016169203316,-7.398899823830757,-8.401560538791358,-6.31827486404216
