script/wind150m.json
{"header": {"parameterCategory": 2, "parameterNumber": 3, "lo1": 3.000054539987559, "la1": 64.9999836372058, "dx": 0.5, "dy": 0.25, "nx": 34, "ny": 52, "refTime": "2025-11-26T22:00:00.000Z"}, "data":
[rows 25 to 49 of 52, columns 0 to 33 of 34]
19.223899671794705,20.01543643379336,20.53357587144556,20.573804710093082,19.90758156952641,19.77346989687546,14.958247008682527,12.172787886325581,12.837424493703432,7.368850793952973,9.84270869675126,8.311505306546364,12.127721955363834,15.268393110794952,13.376655294534899,12.585501537907263,12.072540460918525,8.73288073426806,9.520931363923761,8.636146666052605,10.181876182305306,8.389457385481716,5.228808292483648,9.185500725714384,7.438229453670097,5.150690092269912,3.3377279853179243,3.486959494746696,1.6066655528270444,2.132613867650383,0.7747478257949152,0.373018932629468,-0.3458078979632649,-0.5937739046621072
19.102459809132874,19.720025217534925,20.00760172913985,19.51676787133127,19.133645481262423,17.99795014650134,13.785883146394006,10.874138065214071,9.97754298887983,10.045328594270787,9.90659708031794,9.677375926106206,14.921220337637774,14.282084331538265,13.685993849614047,13.035469243786105,12.286790170784803,8.921732163919637,9.512273746658684,9.784902690900406,10.545658321161023,9.188002456094292,9.485109517734012,8.312884294311823,6.21443267730787,2.466331303195737,3.1882528384378865,2.721008617146697,0.6721609083471288,1.013878743849566,-0.05793655636348134,0.21551427984623067,0.5112099606795114,-0.7434975972954879
19.11121096087616,19.808056327363143,19.835828119893463,19.51151771595709,18.60109678626064,17.27039861650998,15.4314335488467,13.38737437160256,9.530248556219266,8.988043126519887,9.6146178325347,15.88238295842444,13.883771585823535,13.724961917510441,12.911695134237982,11.9224886257531,11.12563075416241,9.961382122642418,10.769017539629312,8.806916337052025,9.857050532676375,10.127215114488568,7.477626217214156,6.713802208670802,4.275831763210496,3.485725700663397,3.8920806546735527,1.6208816002611082,0.4705485503141953,1.0867863144122583,-0.08001421270215554,-0.04651539974053614,-1.278520528651581,-2.413155515678145
19.318652239127832,19.701661487873295,19.80811045966489,19.042822741066214,18.132794651666263,17.190209690592113,15.865175705382443,13.857705668023574,12.786824126109718,11.543817948096645,13.13797290975084,13.002262977404502,14.165757832733162,13.188147861975892,12.27397531722725,11.944711876202323,10.632497369648686,9.385220257602047,9.334556634887592,9.189628091419134,9.061594005612873,7.988503186394774,5.500625105164517,3.518252321985372,3.211807970839368,2.498608264222269,2.3387808770536904,1.530846735307664,0.09459277698790713,-0.6089102736366749,-1.1871166948591823,-0.6286917974976736,-2.036290052467964,-2.6190131395344785
19.184123800503475,19.74896153248671,19.551780865599355,19.00399120246439,18.039050374502086,17.01962842818902,15.683496942132338,14.029198138230905,13.752613461774008,12.553055545545389,14.753622565119365,15.743782713233108,14.04762127586003,12.847268659075127,11.086015817148311,10.96586225934703,9.944374047074106,8.262601921390448,9.732953726167896,8.238913093628101,7.421259739765012,6.508229131370374,5.109563730715615,4.295881289909703,3.895345314371471,3.3754940224385312,1.1144741667202431,-0.18024929672041207,-2.15799685573124,-2.0198147784855536,-0.5766194552585548,0.2770897627212837,-3.8520052132740292,-3.636405040432489
18.516441197750936,19.21550526434743,18.89557344702431,18.566338440825852,17.696668592388903,16.572553782488328,15.439471894243301,14.04538746164929,14.0981784492389,12.926467457995685,14.044852093930542,14.333398992274697,13.21198373141879,12.086383049549694,10.991069396812183,11.350069801595822,8.698072716565564,7.280002054767548,7.809159295832491,8.030122819610078,5.892275550314869,5.70290518122702,4.9857696121770445,4.475980259030695,3.22943492080187,1.0438210925930655,0.09993766439725711,-0.3302877679735191,-2.8088050694702957,-3.089799913978671,0.689992067377277,-2.1086027079597685,-5.625521883327878,-4.940142634085356
18.32031423159071,18.42071476140577,18.61441863353591,18.714548622750616,17.00635846850315,15.982457570325781,14.712586693426186,14.047588960348593,14.317198870414089,13.646491322948007,14.689591843105966,13.252931378268832,12.008075010274897,11.052053911695307,10.470042633106837,9.003717245577581,7.322957737334925,6.6117183221931475,6.138010793945205,5.90815026841929,4.682328616239929,2.784658319775927,3.5406477491075394,3.82032436398035,3.4076207160208654,1.3393998922918422,-1.3074871312492977,-2.2933470094201263,-4.595499371671842,-4.350765170402177,-3.359276339117949,-5.255181636925079,-4.3750717337460125,-1.9366820362892392
19.4102384232495,19.73532728512416,18.68838885572128,18.01629247461216,16.403767591382174,15.438276629834482,14.004618110744243,12.73445782888606,12.624575763277281,13.90036079725511,13.234596147701595,11.433100577420573,9.986363494213805,11.826990557386289,10.028340185028709,7.958451646305552,6.802499001799092,5.606700543630351,5.041627573367267,5.535769963423305,5.444923284587835,4.666477861173416,3.3331366315171977,1.6889839811104985,0.18057648475283766,1.474837050665622,-2.668667586179251,-3.5286249556558533,-5.49707041575728,-2.638517723009874,-4.0803742689632525,-7.125858655734449,-2.635742480141545,-2.0636086033079697
19.573463431516462,19.209789969040173,18.500812733130886,17.567826879370195,15.934360002470916,14.669959063783605,13.401026425374177,12.708008042185272,12.953864387149887,13.854023052571971,13.196362279467664,11.616131439728855,12.474037201261808,11.16191511079682,9.43511520943921,7.063571384716954,5.818000199615537,4.426992261917082,4.105280324241163,4.652112776617263,4.809299897413445,4.169481293475299,2.4000476588442066,0.838695498522686,0.8807051945240013,-1.0835069194847367,-2.569827398149722,-4.274180893764171,-7.030963694963264,-4.357160383558044,-5.751664976790357,-3.3946750549797233,-3.9288909985455986,-5.286576859786412
19.218899474200224,18.66468865343615,18.177753971080744,17.107036381474796,15.397164308807154,13.673638129921311,12.303348542624834,12.745143760594859,12.107604343315884,12.65793836265013,12.875255079888376,12.590510566393615,11.914473782601242,10.226819811231932,9.29341374141056,6.8922864905304175,4.979726107524231,3.4444755127484354,3.6199874899189046,4.225161417498134,4.6498759378307115,3.061163834834365,1.0499938642986832,1.3456066604559633,-1.521770227874678,-2.127062551189583,-3.8594145309158283,-4.666317309652073,-4.139780175333117,-5.489860738513721,-4.3266058362582225,-4.721243817464485,-6.084104593918983,-5.413370850447309
18.908586528772986,18.286950538648536,17.046478401335328,16.3818976341422,14.712898652885524,13.235824105112393,12.132047429912276,11.584900441026656,11.03755658835383,12.090509712842744,10.925154664048925,11.299733532707089,10.29622258364483,9.631840510912332,8.21441158892442,5.317664774214345,4.578992504696475,2.0744929835698818,2.6943196736747246,3.9989880486141978,3.666665905252863,1.6702066245570315,1.4053851426515527,-0.41221967094044937,-1.4524017389532617,-3.6208934513991693,-6.61744363773582,-6.094345473943485,-5.334662808077359,-4.5550426164431705,-5.7235293454037475,-6.483545757925779,-6.4426713467553105,-7.065730721998533
18.640881298613284,17.783403776956664,16.52191747310873,15.606277390105223,13.643390257891532,12.690611559042422,11.435246067054527,10.37555011298056,10.14630294340219,10.456181719291276,10.840943995155111,10.833225268032772,8.227484484075323,7.96033059316883,6.492169316629125,4.669982856345528,4.468647971130457,0.9484304997844484,3.348231244604777,3.5769785718595646,2.94479991182016,1.159084920026414,-0.036869677021818,-1.4463612448335619,-3.258363686316331,-5.0490883681142575,-7.446799438405964,-5.872886355185103,-5.528847905513092,-6.283786095722163,-6.52969608520394,-6.9705832260773155,-8.205103484565608,-8.048746011307143
18.168199744983305,17.11529310493126,16.011498866091724,14.732006594663519,13.100058146248704,12.205699253379592,11.163793496154998,9.765283891562785,8.957976596978742,8.488869515571087,9.014050810806165,9.293622633695563,9.357036032007569,6.8877438681966785,5.479555537023551,4.45489274131996,3.3457157380571516,1.427872929292397,1.5723856859348677,1.6783348237673454,1.6566907399006245,0.5010139989565401,-0.27008409835318725,-4.57200590927671,-5.237011398442651,-6.658149210002777,-8.819873023285204,-5.964194266665753,-6.94993952414129,-6.868681250862337,-7.304041648789319,-8.228813855908877,-8.229400280347036,-7.349601304276147
18.13956768901558,16.62735666500232,14.91221132309762,14.412797330158682,12.224840094071245,11.73447256917043,10.038580297839687,9.000883832196406,7.646751217601988,7.351470371731497,5.69050904258054,8.098228011113203,9.873233720229607,7.66967402178562,4.55280659550144,3.1411505524062564,2.2048651502308867,0.5638081759667156,0.24042878663849887,-0.3366881199619244,0.04756383442576695,-0.3567785616688419,-2.307637555941202,-6.645300612910959,-5.10976209721107,-6.8055841511659105,-5.973248153271964,-7.1830497116902015,-7.564483351480765,-7.9923266926427425,-8.322974830458644,-8.403737180258195,-7.991744913428226,-7.62493409912141
16.97977396793166,15.596728559585305,14.76367140719268,13.97843598022601,11.908676014424923,10.866001523504508,9.88603468952246,8.952558951240063,7.632182995375825,8.184713058664459,7.867555089669199,10.38257127782617,9.089602825972118,8.315447996967587,4.848044820788724,2.5835207902238357,0.40628663603604065,0.9746363702325455,-1.9470687812644183,-0.7486928172591639,-0.9679575172914424,-1.933792307807413,-4.32848514777172,-5.189561610747168,-5.888391629818696,-5.985845009587335,-6.759105999368414,-8.141320525530626,-8.62941424131023,-8.39897808229862,-8.784951403041372,-8.419294043671792,-7.707814653652746,-8.024547772586978
16.18017477270342,15.201670188900312,14.419621099597801,13.455278682177306,11.305920647917544,10.360062032189843,9.107877209034761,8.541719011221003,6.980385473494211,7.728183891356114,8.586166948842015,9.812958687317169,8.4802884361219,6.304758195209471,4.4252786600302025,1.2698575604092812,-0.5358534221624048,-0.7274335410261941,0.12477674585576617,-1.9141709931380937,-2.0504853778393413,-2.8466248612364877,-4.821559578822706,-4.620857488190915,-5.072500179658441,-6.762444542604037,-8.026551691823109,-8.676277652862883,-9.21550113565134,-9.085194517314147,-8.691676584160337,-8.289637693723277,-8.81408322940426,-9.23399640150703
15.487143223038503,14.469849409960675,13.66092511054517,12.446039299410183,10.72432373440227,9.869676007493855,8.497733324996464,7.453664851518653,6.504403697333883,6.235177256479769,4.5744084859606975,9.087541461609103,8.83673957916761,5.4530709244649795,3.2352688654017077,0.23031948012485082,-0.7916965750129173,-1.9939301634442956,-1.2925184254994366,-2.9273111077446035,-3.0215630684524437,-3.481127094451008,-3.8405783052848683,-5.224448496534573,-7.704110304174044,-8.089746062671319,-8.548655284600267,-8.976185535187005,-9.370576525026806,-8.981514511030372,-7.472317158734818,-8.348784964712948,-10.086391310211225,-10.654277785767846
14.780857746499269,13.598224131073575,12.790368152069345,11.283090447688915,9.887056255132213,9.138744392600465,7.7701641372402,8.47275604797254,7.123679650912966,5.539182663525949,3.8616181063669943,7.209508745632863,8.769083164864675,4.486464418533299,2.212027710838486,1.5499943239416942,-1.1217093111092316,-0.1787285722551925,-1.903708631772219,-2.945862840599029,-3.296050870400491,-3.7486039754946088,-4.205005219309612,-7.151906306979252,-7.438867532120052,-8.294542559477886,-9.237294413788025,-8.732057251281878,-8.709435508882155,-9.470885306308197,-8.065221538365646,-9.555898199573317,-11.13258434496674,-7.785115814140069
13.756305308528331,12.672322105475352,11.806457589008833,10.511264604319722,8.761934465897097,8.620111106260344,9.204459389460107,9.190513056667761,8.6218859734783,7.32077620159517,7.034433869608829,6.638019865335645,6.739906145249716,4.631743522255166,2.29324020338785,1.5815154385691612,-0.944907382769864,0.8104071167111409,-1.5751793011500261,-1.84883813127129,-4.322811160583456,-4.746809771301073,-6.468910359476744,-7.7362005883502905,-8.338517679527538,-9.033963348980674,-9.370209174820731,-9.064700356512565,-9.767574498544722,-8.677447333889774,-8.772479340372685,-10.251210619473776,-5.559277095097813,-6.209570075625432
13.236453812431154,11.98359361989066,10.864337586746768,9.879269541756765,8.250340855919951,9.40002716450406,9.417091676164793,8.781205153365539,7.819367767931102,7.434943964289888,6.481556071157357,7.191967344800461,5.0688499956278905,3.918456244695067,1.9808750703095972,1.2787276387584876,0.945944287242673,0.2481502846683175,-1.2282512920690827,-1.687861729949284,-3.994907272156314,-6.351426361801058,-6.428302133252728,-8.378755881773339,-7.708365720793871,-9.548980762606195,-8.794569705884903,-9.733639378642641,-9.79703275177246,-9.811076874540504,-8.596015793071114,-6.081991017482683,-6.78723587949252,-5.642557773297622
12.352666071583403,10.857338885645596,10.03587538645307,9.08200250330337,7.646777960102181,9.981103488839528,9.22844038889855,8.614450438143917,7.764377716017039,7.4630496240702255,6.279258914064733,5.839501903549165,4.633161867813459,3.4667647669378283,0.7030841818347713,1.1318388499058336,1.1319866048235259,0.6800732707322048,-0.8120826906849504,0.004051075319809583,-2.4762195924538175,-6.624578604386377,-7.262173366701777,-9.152663117770434,-9.344229759508854,-10.602617600101361,-10.676895621059117,-8.98492801709405,-8.157938070090777,-9.717360454550901,-8.305962799132297,-6.865856612343846,-6.210186155151736,-5.089326730056391
10.976918955135554,9.719128027735971,9.166996523124538,8.535154161812665,9.998514691946184,9.87427064295738,8.252238982927885,10.191387631640076,8.523248801538045,6.004176579330207,5.261190253646002,2.983140226936018,3.052009528110923,2.4576796356392894,-0.2946785449923421,-0.37426313660167176,-0.6830795355791344,-1.163780097435198,-1.4365474460089185,-0.6230009086272578,-4.548937025190023,-5.637189384452299,-7.519800434396529,-7.634062708220771,-8.731106402294493,-11.206795260617,-9.662446011695675,-9.271219010147684,-9.037597275375703,-11.906887912157597,-5.512346528776923,-6.384320244890986,-6.821539528621945,-5.182451735731254
10.108269388689385,8.797279701581402,8.625708574616612,8.016535233007787,9.453092029432351,9.938720026528772,8.403675882960703,7.247141066030618,7.001269111566746,5.206860375031194,3.467299045260139,2.526589537048632,3.5506812189485095,1.3582143195509881,0.02452101667604369,-1.2391036100715345,-2.0666108438520268,-1.8450002595250174,-1.67301420109582,-1.6729497993882332,-2.758419795981577,-4.638239049244815,-8.925054707703683,-8.995058233760949,-8.203562020560284,-8.260035360947409,-8.720493486014163,-8.766956783301048,-10.366888699423635,-11.09278415703488,-6.246926989963992,-7.70034284683606,-7.089355715072662,-5.593696865015264
9.599185371329098,8.3095154514228,7.988739834504237,7.52149568198331,9.053401086693652,8.701259377851727,9.333102203673565,7.3631661442770575,6.188978094029499,5.559170950526606,3.37983958267606,2.292932989653499,0.5552509092740204,0.6172016779718602,-0.13692778047079204,-1.5741007747846876,-4.178045904468219,-3.6768193621645384,-2.3763924979852318,-1.9818777241223158,-4.037068075694215,-3.862315360865316,-6.681218407527036,-8.302066416202972,-8.443645666062467,-9.219542613887318,-7.761187901515222,-8.877865761459487,-8.455756409580472,-9.858478281661617,-5.535977861721,-6.078441073005773,-6.663655951302355,-5.1834350523013475
9.174961934982525,8.148222154364547,7.353168691952309,7.130171249226055,7.8895900494057996,7.549850585893786,7.914473144658133,7.20204993406946,6.826849085081359,3.959406516901693,3.3427032385250355,1.8165561251096698,2.814803900993139,2.4328396217290766,1.2455169510362663,-0.8234962711375529,-3.34015840948239,-5.14342132043917,-5.024770951164118,-3.4670334728602534,-3.647798190414868,-3.4314633351989587,-6.193587122028519,-7.014460488414376,-6.611834758916878,-6.672091726477599,-7.022826582451777,-7.310078382603776,-9.362788256036257,-8.722355345089635,-6.6939116757098525,-6.788446196813018,-4.673176676375769,-5.259305812033835
