script/wind10m.json
{"header": {"parameterCategory": 2, "parameterNumber": 2, "lo1": 6.000027932988019, "la1": 58.9999434238085, "dx": 0.5, "dy": 0.25, "nx": 22, "ny": 24, "refTime": "2024-06-05T19:00:00.000Z"}, "data":
[rows 0 to 23 of 24, columns 0 to 21 of 22]
-1.8859363498107555,2.4103742320155206,5.748909963774656,1.1422263386537237,1.478697686549382,1.3547682551417648,1.4853780715037626,2.2270296738769044,3.873204224216408,9.369549742529838,9.095337679040169,3.145503099180691,2.8599575290635832,2.5502389539043318,4.065157872507693,5.657539026129039,4.101809962515158,2.230522862930362,2.105257064159382,2.360384409186654,2.209773072502122,2.465344938919585
0.9534202427275164,1.285969822041722,1.7579142125994465,-0.3756743567470259,1.6911666230595694,2.019771266975636,1.9856281084452698,7.7236096961094525,9.32403466134127,8.875507478719145,9.090514044807026,2.9405342087012536,2.9994474367695565,2.784280747094945,7.19991264342022,6.461841507368022,2.2729506396732395,3.001432015235891,2.5706770079015726,2.371059659159838,2.151771162295894,2.127432276812163
0.9235174001254093,0.3419330431546045,2.000876620491295,2.2897200660257506,1.7168559729661261,1.3933694499691276,6.356442435009939,3.51927587866236,8.673513943887889,9.1640151455182,9.36714715533588,3.0628000397762083,2.6630339448945146,6.661799083630941,3.292213111979571,2.821488737567037,2.4681216619869164,2.929572911506348,3.4125146776471484,3.2029152053932037,2.46214877314105,2.7830906354261358
6.4871994871482475,3.8334727416275007,1.157033398833391,1.4556728881486385,0.06919273772723883,4.662125800713168,11.082226894098802,8.959334835280346,7.246243113823661,8.437954856534859,8.776400563790977,4.639212456880993,2.3831249509552275,2.0803125632777175,3.0194057752362955,2.175412826670379,1.863814127195902,4.630164121175927,2.4072563746598075,2.492790577911706,2.6027356306190192,2.5946070745264045
5.902987668859882,7.64745193059583,4.677057366306197,4.143547789996452,6.378971048748345,6.593023541631587,7.7606104098072155,8.16385915086127,11.22533168883275,8.709720739376777,8.83204995018085,6.426220991552267,2.530141608810446,2.120487109671333,2.0182300319837685,0.6198616913757583,1.3354531718645317,2.9407116703610274,2.061272254863723,2.072407924145769,1.9450876426028516,4.063779802444654
5.770438142159305,4.837723268083216,8.248278132286957,7.519081278512752,7.991380584143788,8.504306377161472,8.928171972623058,8.635031258665292,7.895784348992884,8.343217034292335,7.378473748584659,8.383015854855289,2.5678725012823893,2.3775596094933618,2.0863988868942993,1.7021276218039543,1.9482940677523986,0.8442510819780557,2.5643587521516964,1.6481331740953895,2.1470201314990276,2.9958533378263628
8.87295682520198,6.048606475583453,8.692922920832729,10.050483903854097,9.020964631426079,8.860884541729401,9.492747732204835,6.535467222585057,2.187488414831827,4.465701378813071,6.384705854070263,6.935482404857244,2.7550118515186823,1.8132184844457007,1.9643832904227818,1.7883685752676637,1.57327882218101,1.461465419784343,1.7270170445762614,2.1658487717304222,2.7113573091413277,4.147046994850573
5.115138155101022,6.34141482481079,8.327994061909177,9.860973407741273,6.963377627558685,12.095587804785037,9.597192809843207,6.432995869912027,2.302110061064377,2.478340490639643,2.9454454382645476,8.008489177100472,8.39406268681308,1.953060705061641,1.7822155259496235,1.2028604176627717,1.0181124830260955,1.2886397038730115,1.5432466359106174,2.379816165571929,1.8372437156295045,5.687306111250669
5.81602534968823,6.785791184388804,8.27155873530126,9.32361253592271,8.298126924725322,3.0437050869094078,7.971599208855985,2.6820009272610355,2.365533932514774,6.975529426030109,5.919454699240216,7.014530692902721,8.05084462475342,1.3165330563767947,0.41203196532436465,0.41334560122114544,0.74215658035144,3.457318891809288,1.935362946963733,1.9737254410942477,3.0412376582521574,5.687372181438682
7.252700459207252,5.586562078301231,4.8850283462265605,8.133799390899673,9.20148631967962,6.824737470700126,4.474307289527786,2.513714925557563,2.754059949986209,5.9490399230871125,7.893697103259192,8.174283313120492,7.264055469300472,5.5994292648959565,-0.42146745683672016,-0.02559917000906968,0.9175943792400014,3.19498526837333,1.6908284731326528,1.3703033443755075,2.495073154262911,5.77799826381518
8.884929718617489,9.540447454432808,9.875024793868347,7.368450595819852,8.351807156611779,4.254112828275921,3.64054240779263,3.233471712526555,1.1448004542521335,1.6668483056556898,7.154329810299366,8.043326696064764,6.961255001107205,6.462181352129491,3.0677150270360682,0.4100931106434449,1.5386085335651776,1.6680731126058912,2.0012019472734575,1.6173222914995193,2.1208067276889606,4.740863503272891
10.006615360334283,9.601599183982641,9.540284848095023,8.605784406627961,8.454860186448991,3.073913253839959,3.6064539836843497,2.421446813130855,1.2183444957844876,1.77542393486411,10.097160906002333,8.541781582576588,7.525936041101351,5.382913416324485,0.7399916881584508,0.5791908767086943,1.237138142400802,2.133866721566059,2.2381131219498966,2.287311802735271,2.3519756611245186,6.821750683713295
8.598077163359527,7.824385605211345,10.635924151212995,8.918383766589823,11.156865088925093,5.446418871209108,2.6242192574545875,2.260665234829108,2.2306484204115486,5.267363222177896,6.924387608294074,7.705971987068774,3.113546982814797,1.8090276445570557,0.7293886630901658,0.017822107750079867,1.7151954130777622,7.582549035132456,6.129184196986057,8.273316605857266,6.875661649581607,7.719137208399269
5.588056288896567,12.34360516138276,11.65433997396729,10.048277060863084,10.01944155064327,3.029466587463017,3.5481088052093925,2.521453129281748,3.8137362215109674,8.070770377012327,7.440807028369004,3.075089950051023,2.4860718218616404,2.272828992465198,3.0132894681176867,0.019140587183188035,1.6548843449488562,3.826105610669419,6.093198205113015,7.260350006709693,7.822120187258861,7.701562342099625
5.7656539306289885,9.384977387217862,9.642045366533072,9.178299717381663,9.160263890114601,5.483445868325364,3.468849319024618,3.1563993254319924,3.028607471375776,5.712542556803204,8.070843860695868,1.7758248758148554,2.2906527040713636,5.422743357204675,2.361652670465658,2.7761898651782237,3.1590566636191286,5.8044335551515225,6.915106340871705,7.863555567686658,8.29462777943653,7.977058313468205
8.632042417297518,10.349161979842242,11.32444961545831,9.595877935984566,9.378396786046537,9.078668936661815,3.7170075582225963,3.218469270494299,4.675811200972971,3.8730669524247485,7.180779588262134,2.6030301092485026,3.127134733612731,4.735158947803851,5.113887620920652,8.30134136321573,7.369058144595693,6.8885772556598805,6.366440089573061,6.953296999190452,7.56311000967101,7.646518148268488
6.04862014854302,9.050358610259702,9.703647534843327,9.565250028947515,9.466164232665818,9.448479721328699,3.3573473407108163,2.9589098851122104,5.238278149187373,6.098099928399866,6.287650519929069,7.022192363082824,3.9379099807036075,2.609892701277389,6.785459201363691,4.468392364826037,6.92091611547428,5.19271573371989,2.965610660583205,5.17350365318382,7.1541363281731725,7.699588251495384
9.872760299120591,9.686184378112436,9.181025369746084,9.392533267058251,9.387952300163182,6.833251297318035,2.816424513547219,3.106988162387167,5.940082228311829,8.589918656567528,7.61917452764679,3.5792184283649844,3.77819869921346,8.46360844139714,4.608793832485186,6.19490387903164,6.87333089009752,7.133610035430149,5.827376957709767,5.204067058387312,4.828506140942403,5.839404017328677
9.496375230316689,9.096196557879136,9.245016698290042,9.241930811479891,9.369356694690316,8.581981043354784,4.529376391133478,2.5807279317634744,7.133559047011935,8.664463168173626,5.450406453586166,8.139730063061009,6.225565840718319,9.882489333397533,6.411999977866887,2.563960981974484,5.292299078968658,4.696554145720278,3.3486924908901288,4.290406428717739,3.672844479352658,1.0994108115777537
9.314313934096155,9.375099914469148,9.538794902057505,8.67328773646103,8.487943561599124,8.845498839547666,3.996871922073666,2.713410012233384,3.554247932275017,3.9384138335676324,1.782187106583702,6.826685465129223,4.143170383729168,3.4925925605016954,1.6335907798407345,3.2834679448481454,4.284148302782149,3.2821861786342454,0.4976766342453786,0.597038723721446,1.0532704072720953,0.4755149655530507
8.545916757369342,8.923023239527243,9.138918357701613,7.758637633732652,8.061304807826662,8.99975302189733,3.857692243236662,2.593741946868919,2.8309533619376896,1.9072651336654396,3.8236372134915126,3.328723077072741,1.6813078962509191,1.5446558196313913,0.8574999722494726,0.7917889474541232,2.079271973942344,-0.024565123313102778,0.3923877387331842,-0.8004518812247893,0.09931078290142163,0.8173215126033627
9.059073652214208,8.90940995432945,8.04746477734187,6.818216736921229,7.599043479454626,9.007808197554292,2.5108782860600214,2.6407403363296678,2.588191082026132,2.021545822915043,2.87681194183721,2.520796355934772,1.780269683225142,1.3879623196936768,1.367286076773467,0.7755519304419014,1.7221657624823428,-1.8162726633945,-0.31044579712784237,-0.4189729565942418,-0.3900366982316072,0.8599518423041288
8.260255588380776,7.60969055229323,6.7131643160414,2.333874012643438,2.879788783076219,3.5043099924237486,1.4092158444670209,1.3779857348344382,3.2343305976134853,1.253348598542979,1.9188765499105578,1.1793451024275103,1.516232017217139,1.784671584194324,-0.01844361598259288,0.20572504468790664,0.1741282012101478,0.2188920209587205,-1.188192481633186,-1.0901976536302553,0.21022012448161634,0.2609961483161171
2.4700364819376506,2.3105583253230955,2.178919834068812,2.848082366569868,1.4149512476287383,1.7828338846139111,0.4818317083205197,0.9215776890019992,1.3794169260698261,0.7297062045064883,1.4495336135729833,1.2043614585879652,2.233777056339523,1.8528451578346472,1.3623698824051484,0.6514819993511495,1.7817661977020611,-0.7695829458242219,0.8840001438906973,0.3308025892293933,-0.05195364349617072,0.16065711042950062
