script/wind50m.json
{"header": {"parameterCategory": 2, "parameterNumber": 2, "lo1": 3.000054539987559, "la1": 64.9999836372058, "dx": 0.5, "dy": 0.25, "nx": 34, "ny": 52, "refTime": "2026-02-09T00:00:00.000Z"}, "data":
[rows 0 to 23 of 52, columns 0 to 33 of 34]
4.964246704534117,5.439587465225521,6.25965051268597,6.1398609293547945,6.566280660544367,6.196567813956101,6.85694759534359,7.2711210094908205,7.173145077671063,6.023923480094602,5.931370433661416,6.653076300507793,6.9758957772529655,7.722461032874467,7.385585138901044,4.51085097702101,1.593889823350448,-0.29630243777749915,-2.165871185491488,0.7633332350224666,0.6305555040968985,-0.20222239495036573,2.7227829445847447,4.4168289428213034,5.159314191583618,2.296233153914608,1.7599464734166832,3.0383721293100914,6.106575914048507,4.64964836385369,4.176210594577587,2.6839251620628457,0.5788075765126717,4.14819225907913
3.509955540088985,4.878317685486093,5.81293904586548,6.613146753355106,7.665755781874928,6.103354139735341,7.45070368468111,7.370782748804681,6.420167852462831,5.141523561388974,5.1968377311089675,5.072670621101878,6.375269691407774,7.141476257551556,7.587741190533422,7.363261893071208,6.114817953947841,0.09138766834970197,3.1441561485057212,8.938701222009524,-0.068966251236674,4.279901925581327,-2.251892807612368,7.891879990969151,4.226905844157639,3.323138882490648,1.532639108579682,1.9107404718082366,2.6152310528503357,5.817791165623684,3.176680167372886,4.7574756188465885,2.8585096416972533,2.181094335010742
3.4200157499256663,4.76530989623424,5.332623468122375,6.562811806513673,7.774968999453981,8.119686067422018,8.10186897183202,6.699427113694898,6.81870191341545,5.6672230603164655,3.8923665314837574,3.3500136562169422,5.289455846477324,5.840171845999358,5.729532996847469,6.162308112660628,5.301266913676619,-4.1440677758992885,2.0963881816399854,-1.7589734971640167,5.744986647515378,4.161637464903209,4.4547177056389655,4.622254144939726,5.378607839035137,1.2828257180660223,0.5495229598145625,2.7978265303828467,1.7596900813408316,3.1726733061294965,4.22723637263389,3.927133434164356,4.118288196810392,3.458732562528017
2.9744438529015222,4.4138228343862265,5.002768468839123,5.828505141818478,7.667984369022547,8.162018594677983,7.684926368933729,5.1020985709576125,8.508491673442734,6.831853802523907,6.982839721012239,3.3711507965547116,5.12545559541397,4.884336732070941,3.641330440099001,6.33897381885394,-0.48640875807257733,-0.06134571694719735,2.1547778165577447,-0.36194393572421146,1.8270750952579056,6.424893447349194,5.550821002722728,4.202252456032867,1.5071251889830548,4.061028280347596,4.422094336717194,1.3058562841346926,1.8775925073058604,1.3867782170422926,3.0049438614674813,4.673652889813062,4.043391811069379,2.2928846460841985
3.2101672975675015,4.738421608317852,4.702393442611624,4.6724916795264075,6.105335257864412,7.552842571777941,7.826230377971632,7.7859393238476144,7.195309192213614,6.686687313910935,6.98790444564565,2.9672363846823626,4.231041684421817,1.3859028140653717,-1.4390593631343542,2.469717336618557,4.790625602493449,-1.3109299422272727,0.190707915674574,9.194445245616556,2.1002595540229785,8.37059149000081,-0.46286142558759846,3.2428834517154557,0.8321077346385655,0.7045828170487826,1.53587198835449,0.24769523657478354,2.3890230732465487,3.1681853342904454,5.002370287453344,4.874512035608698,3.124317849378773,2.474190448782661
1.8958920855792325,2.730121756941219,3.0584457579790887,3.184054276975296,4.3147519960711005,5.019987393449601,7.335094863105452,6.986593513332744,6.747574068616944,6.123069897919738,5.872665056511483,2.6050798596764095,3.774788475651023,-4.252774315609336,-1.3381115725943762,2.3129501410177586,2.1107894694742546,-0.236910271739437,5.09847498181315,-0.3294223632953802,0.2500920015790459,4.245420353971747,2.986301754783521,3.0514796703554015,6.446483295576162,3.5242192866116677,6.221651860103424,5.158558926464471,3.069816484307449,3.622206440665092,2.515604507564231,1.1257802431191688,3.3464264573379214,2.269738096630613
3.366297107183609,2.7879379681502674,2.5363982025081393,2.2603457328944514,3.0313557870778,4.382974508760024,5.022026942723599,5.940425739567916,4.695007036134286,4.510704324356011,4.486314892218513,4.6063517480336085,0.7558435119494634,1.5778502615412493,-1.1609768239294929,0.7374946807052439,-0.678742196499619,1.14632649458284,3.1454831390815086,1.8382871671940064,3.550885460292864,5.850965015027556,5.4734215285859165,2.838364985358288,5.0162136872126295,1.9045933811836573,7.105879058773673,1.4362358427393251,0.14911737665145933,6.295027443634629,6.674314940783398,5.110991636197288,3.766956324522023,0.9351085956178791
2.3961906097165184,2.353373533064047,2.0829636429741365,2.0960977114131585,1.8190407647094757,2.4825161017248756,2.829193308119693,2.683015537923495,2.4119552724778517,2.819932350879551,2.3388945507865357,-2.0002788021950195,1.2193165097759233,6.25872763367424,-2.5202216561931188,0.0455568265776726,-1.1710264572225586,1.506165481240124,3.582108424789616,2.0339415285842315,7.158376425070841,6.769070104371932,3.7684933532677465,2.3693302275654062,2.9897348589501873,4.6563402712751545,4.837986098709577,7.979612929603547,2.999241661273451,1.6983588721351353,7.17651833650101,2.471431147360734,5.216911523313725,5.682469686113929
0.4617081364143987,0.5734177256826348,1.6314912807902657,2.2279348109756696,1.055700108186549,0.88582999587868,0.6969663528677064,0.15890172669334798,0.006959436573794807,0.7435420931246931,-2.3993902848885442,-1.1799127009631134,1.2073716532186227,0.8676104608172815,3.235447247492279,-2.4100288191237165,-2.8491538121299103,2.7888124379668198,0.09892614179742427,0.49801246050995507,3.136070327914075,2.252973001219548,0.40982540799491846,-1.0051552754991775,4.706561118016579,5.110564113497147,1.8663482438612,4.138932226853061,2.3334735723371445,5.108447399804674,4.3726556969399075,3.336586927075827,2.8890449251467367,4.461333749318555
0.15707896348001993,0.4297859142819512,1.5822019734068846,1.7725663937876692,0.508623872946416,-0.8250910735916965,-1.9193138106679173,-1.0503263854179554,-2.901060232343727,-1.834560489297421,-0.7214629604177587,-0.43620678546283753,2.0401068632650636,3.2374332996983775,-5.310476220471317,2.1811442185372774,3.0884435920666897,0.029386300831432493,1.4748347927901764,3.7096470023897483,7.367387425784099,2.052696283349909,4.958917110271548,5.157722040602108,2.6040486184096414,5.771027602829945,6.15327369712668,7.155171229211009,5.727824539757802,4.73880487939089,1.3576153515563725,4.009893163266677,5.800510190573002,6.702855556672499
-0.8561506409436999,0.5680571124570779,0.9766480537515325,0.16806626168770997,0.5339868151670661,-1.047236101500287,-0.9651304173229712,-0.8025714367112734,-0.8574397960666251,0.0029699426439041775,0.21209896178317025,-1.5186576486584893,1.3093829960764254,0.4890449481002657,2.297347561099538,-1.233207798956619,1.1577923595615953,-1.5590954720836019,2.658171372434599,4.433890214084177,2.997953115193529,1.2702574442712486,7.0601754559179914,1.1350860074705729,2.931156155807971,4.286269954173948,3.6402819330960883,7.266516842786187,5.079146013264717,2.9566815314384574,5.220777065316711,7.266228822480177,8.419671645982636,8.987043318403103
-1.197049577683974,0.693562458084981,1.2547465415213759,1.8886628291312226,2.058868225807952,0.552289556626887,0.3758792748812759,0.5566753553036693,-0.19721709230525666,-0.02670096442453795,-1.2243840280672909,-0.1729277068408294,-0.4745148903820372,-0.6750437925763049,1.4852080889504047,-0.1029759844508454,-0.46670062693915415,3.605097839581705,-0.5184815128918954,2.5110238271144074,6.58217349363146,5.65700335734664,-0.012405653832322802,8.285889393253049,3.342882080988115,1.7474553031093878,3.515463886168688,6.155580327444646,5.3855295559254515,4.562028583586842,6.754294024617366,9.130688478125851,10.205762375791853,10.81818226748496
-1.5077081758997128,0.16897264745779902,1.3045131259958633,2.050318618528925,2.278898309147154,2.4846156091040146,-0.0597683567651777,-0.007969009154746987,0.5309322710874734,-1.5079035581426956,-1.8259886683960087,1.1795487771384778,1.193177809977459,2.9590444787629044,0.26584108471843043,0.7789592902805323,-1.5767441992011861,4.391084835252187,7.05906780256531,5.254980709925262,1.4939022916147857,4.497691414246317,8.881872047814012,2.750418071449402,6.222448291495888,2.2869964620193457,2.253944952733191,5.846426022930848,6.4660895921676325,6.325468822918043,9.29688578971266,11.572495542849603,12.425619593714893,12.711373494259544
-1.735285750461024,-1.057690070671554,1.118467458103369,2.691581781137041,1.9264265792324873,0.13586324893036664,2.687829623558713,-0.8132595077037824,-0.07747029519627144,1.0167342487476811,1.4427886732537851,2.528742830369343,-0.9277226546841122,-1.8193545585277118,0.5144958809723156,-1.189306120402035,2.3708944473931153,-0.24912827392208087,-0.23409340711705387,5.162113948125336,0.6024488131732766,5.4551154260771755,8.774651081144851,9.070030200399705,2.7919522449287326,4.5857608373600955,7.385157939129265,6.149846605695528,5.9104451237396045,7.471234118565263,10.85706502476361,13.064928621840453,14.015642772433297,14.20470398865688
-2.6629421331628826,-1.367332413032952,0.7153998452964073,1.9739300424828379,0.3071819456930474,2.4989630066332533,-0.6001111709275183,0.20595190066105518,-0.5574780394261841,-0.8179824954536933,-1.2258035653550787,0.7446590117919255,1.3813620981024886,0.6879988809436126,-1.1107150038221267,2.220048732808741,0.8146290355449844,-0.24188720906113534,4.292919684287882,-2.902497148558513,0.3027147711140315,0.9316603156172935,2.0907071289870713,7.429111127970107,1.3503823195725886,3.8102188965629504,4.36351467821179,6.512698745754332,5.605865704659828,9.640240406571888,12.069538713134161,13.376108757889451,14.086063524274982,14.213164053713907
-3.7310187568688407,-1.932308983849976,-0.3219104239038229,1.490617715795241,-0.5729158289767836,2.022974501619301,-0.2869554684938203,0.07015752236324099,-0.47777809433759955,-0.7768536650954077,-3.063304082520952,1.2987091835239928,-1.311614759251997,6.039356109953581,0.8812581454186212,1.9089148095747681,11.484174273588211,-2.297999091791109,0.76716635566171,1.067854222389021,10.95935108137342,0.2561078422621962,-0.29846830743314184,5.770030665096583,3.5002517657748053,4.372916362247197,9.025051976657096,5.606495980462263,3.984266134544778,7.939226911907963,10.885713700944173,12.556686950334768,13.332300414956382,13.750471337556986
-5.151373530272723,-3.7808440988584002,-1.3995997019225703,0.7386979454177115,-1.6522192949929468,0.3463381465044428,-2.104049105316317,-1.9449940429200434,1.273817965803965,-1.2962499438234463,-0.6892534026729603,5.386683423813775,2.3813650292834825,0.6136752830677695,-0.2626072692126951,-1.5289188618729055,1.2143660599046238,-1.2081225003545886,0.2761764516337323,0.7186952056291452,3.960100587269098,6.122555557740757,4.1767815963452355,2.4149089752043333,4.987034713567,3.673475173635043,7.375175388687797,7.013684112424266,4.57649788851255,6.7747273771892695,9.629980073648701,11.538712630875958,12.188520321174071,12.540800611292491
-6.637777119849268,-5.011566093560973,-2.6955667923307236,-0.12941929077486272,-2.3035843262462934,0.38956434285594826,-0.5352084666228725,0.7486668181743147,1.272376166375985,-1.2453843617844895,1.9413652363645315,3.163952858205292,-1.0299618651233196,4.9270709567226865,1.4309663236361374,2.8085902497951363,-0.7403008536131003,0.6331109838824197,3.46819264669154,2.739450516011803,5.112279599657362,2.732327950694085,5.128598976445764,6.433776808772574,2.2556821684410826,4.655037993948577,5.113713804574492,4.562897830225169,4.498055596671049,5.84674809661669,7.138880808943312,9.137995032261394,10.8276497213401,11.139631957703996
-7.580930296286271,-6.4292025386893625,-4.45777015509629,-1.7454567066024493,-1.1582619007921005,-0.05064047221188804,1.639619460483417,-1.57585355408684,-7.615184077360883,1.192495662285167,3.783636779617243,-0.29764357510272704,-1.1385320910495307,0.8876546932917673,-0.6395461311153342,0.2717927717966249,-1.1426802786056516,0.006045484072798335,-0.24307795971384846,0.7148763609033543,3.7140704695495517,5.631384214328798,5.01538163686719,5.2066167714980525,3.273102076824842,4.174281549776682,5.903653908506215,4.488653323557241,3.535367046626389,3.9203546586097735,4.180633319846033,6.2017228781456595,8.652672207143212,9.599944175236866
-8.685873387971316,-7.92082072163787,-5.981870300095108,-3.932778226175643,-0.6213921101317692,1.1260682003913511,0.9017926529261322,-0.3412643701629789,2.388644444850621,0.644901841890951,0.8649046165796717,2.863721837705158,0.06297122093862417,5.953445113894809,1.582219355494928,2.6397022417648386,1.7284723188647768,-0.0924226539451967,-0.5627551840239342,-0.42330745520561686,-0.5983301546222194,1.1337552440614447,5.4476837642588025,3.6226202985228704,1.2970423909398408,3.78880128369406,3.32507797175696,3.219222877344297,2.985720354873452,3.4140755082007814,3.8846402354107434,3.710056465347348,6.708699631845251,6.528456272676526
-9.564481110828138,-8.923960685085632,-7.574857117145803,-6.597311567198722,-2.0156205772071853,-2.1669879347594776,0.34651063551165173,1.9306694094880235,1.3960420484590035,0.14477107690842841,-0.9145123387109627,3.141069117080589,4.075750077884915,0.15747968545391713,-0.7078281052750507,0.4994451998549671,-1.0014060184702818,-0.885571762596128,-1.0427225931545405,-1.440724842123339,-0.10082895990406171,-0.16847471086111657,3.1280434791784337,3.809215194118073,3.437262141838916,5.5017731866830095,3.5343491642060476,3.086177733213027,2.6961534483156204,3.0658500739865553,3.5583706849351544,4.140018930503635,4.9744095766171945,7.198624857539152
-10.05415552745888,-9.658066917651686,-9.18338115601442,-8.531740227060885,-4.901893592938147,-0.8333285334816829,-4.367454470188335,-6.427157658642027,-5.613841291079044,-1.7736331037204172,0.14164651800064013,2.738189293110069,-0.019401565470175484,1.5579803476422693,0.7136395281265104,-0.15553838635342712,-2.3443233665885046,-1.7899263376430536,-0.7162070130041669,-0.8674379768468058,-0.9465926465201115,-0.5098431354279841,0.7112473269962908,0.739078991759445,2.2851649092710655,3.309533417037596,2.9122462889207896,1.8865272746041521,2.017156528509029,1.9407877769001665,2.464977629509882,3.765682396774423,4.244204493597777,6.260969074713124
-10.164235435278487,-10.632366473425503,-10.48111036070521,-9.648511172787519,-8.186697412835828,-4.335014616882922,-7.316319954796964,-3.83986617278403,-5.750276000139397,-5.166658077354722,-0.2176563685476283,0.2958798820950974,0.8557001034100624,0.11789949535339453,0.16963911191381986,-1.3469216858994488,-2.7969192287116007,-3.6949101564863045,-2.2784802647278766,-1.2232756912231253,-1.506057715686614,-0.8432743485596479,-2.7929052075303487,-1.0507696976414886,-0.11361955220220621,0.524336491958608,-0.164027303463152,0.3662249622419873,0.5348670071325732,-0.2059232907788853,0.03871532600208367,0.7251999746564349,3.0172805129768365,5.075996079005337
-9.395753532511936,-11.440724840589903,-11.573805588234114,-11.037791364450406,-11.447170588825648,-3.8228828403957618,-2.4823352892232244,-14.302602265926337,-5.8964058817544345,-2.4128644873468876,0.1997091220713542,-0.009140192906608367,0.2571218055022614,-0.2738933278867131,-2.158156775133792,-1.8556503418080539,-1.4172337407952595,-4.417368968594515,-2.7274238333634435,-1.7450678283947625,-2.1687096046145293,-3.6095503582682755,-3.296852682711723,-2.760863050113383,-0.6013827793627571,-0.6556270836311856,0.45990985733928713,0.9564730408629734,2.1680594558269415,2.3078994405280597,0.2467555079729788,1.0918372798793998,3.6546666073483407,3.7318417296827193
