script/wind50m.json
{"header": {"parameterCategory": 2, "parameterNumber": 2, "lo1": 3.000054539987559, "la1": 64.9999836372058, "dx": 0.5, "dy": 0.25, "nx": 34, "ny": 52, "refTime": "2026-04-17T12:00:00.000Z"}, "data":
[rows 0 to 23 of 52, columns 0 to 33 of 34]
-3.8624828790298817,-3.2413273890348266,-2.963154009857553,-3.3598333768023165,-4.032134652194651,-4.9229715157725185,-5.261753094595908,-4.80633774159027,-4.532309462193974,-4.1626882085800325,-2.9173757720393962,-2.604015950120722,-3.2129427446612153,-3.617880028032249,-2.9889368790442834,-2.033713584350768,0.1345087133333475,2.8736626747017473,-0.5861560097339595,-2.4192278633797706,-1.3316727350907362,-0.15354556153940596,-1.7090609965047165,0.6331570520147334,-0.19756869899073184,0.9298642107761481,0.4664756585754471,0.7007697482194463,1.027840841368469,1.2716717161902058,-0.4440127773305911,0.047419218870702426,0.8802861988668759,1.1365563349276993
-3.88911112218329,-3.4858391480045965,-2.880693266323451,-2.7636647791816604,-4.042392029008767,-4.861513565213895,-5.470104222519041,-5.9758522568345285,-5.824119454027176,-5.412337797770653,-3.85843696512754,-3.858364957048356,-4.451619356062659,-3.6877326966658104,-3.2568521171379357,-1.4914297451819496,1.383195279927136,2.299902241184431,-0.8138441192271813,-1.0301883396637859,-1.2037120095407536,0.5351426260020765,0.45777518322505883,-1.0223271432507828,-0.667293902620666,-0.5338691393680932,0.34409945473210696,-0.35045216024692594,1.103122023956075,1.6254938567048312,1.2915910701103206,-0.2555373190189575,0.8334480932287087,0.8653248733770578
-3.746247816167631,-3.278839589076045,-2.9520865884623535,-2.750895499783232,-4.190393630582384,-4.601719355927916,-5.549354434779534,-6.64949885847493,-6.9826668457690095,-6.242962776186458,-4.3319327003651935,-4.821329058091781,-4.066048665539162,-3.8379840049843112,-5.070587098542078,-2.88725365024887,-2.7490797936473546,-0.6948489255790081,-0.5905709796274476,0.1687549557808811,-1.5304979839317345,1.1212780365991508,-0.09376623588940146,0.9993656898859247,-0.1152663479627247,-0.4181516945335591,-0.31164823067507014,0.45514118947169796,0.46895006163665165,1.3818642628312963,1.024713841265741,0.219222143155684,-0.44380156619642996,0.6355383142358876
-3.8040940193338444,-3.052913827142502,-2.894050934331092,-2.9099659779180373,-3.582664150351369,-4.78606119550283,-4.34205536551127,-6.523488163943686,-7.762547990231344,-7.568353697936784,-6.746487955305763,-5.970593193600328,-4.859196455596105,-4.457280039045971,-5.983624344901615,-4.49254911917121,-2.812702043222874,-0.9707708623129716,-2.1056382217054272,0.08766203095430462,-2.523765298104842,-0.887238334518544,-0.331554259150961,-0.4444703672045119,0.5999773185424544,-0.608666166606686,-0.4790429996638409,0.335172794595375,0.31744512153564297,0.7143458580405131,0.3792560110702674,1.2037112856628456,0.6664740966079622,-0.023209921894657544
-3.354983315231435,-3.5908305250877373,-3.0481831238238395,-3.075874132337719,-3.372015406833969,-4.874502639718836,-5.059048980610226,-4.795185358663789,-9.217303677186884,-8.149444315978549,-7.233093351843865,-4.756180217555414,-5.1164001684731675,-5.37428183569255,-2.6168835749479973,-3.789911739219797,-2.3182696167159986,0.6763515392509926,-0.563783560387654,0.1499793030759863,1.7067845530390922,-1.5540025798823724,-0.1163180558010032,0.2611063644230593,0.022981803462447385,0.2775547993776114,-0.962785088015418,-0.5553502380303728,0.9565480705460039,0.09460960833529326,-0.37429036323442816,0.20519528539117898,-0.2663811931389531,-0.7954605412175161
-2.811248550294552,-3.1584475432176595,-3.1077110692933956,-2.5670380699532807,-3.0740945738539445,-3.9773449383369477,-4.939791011698038,-5.959055661385988,-8.40465476427357,-8.622876870916103,-7.568019600439819,-5.600192946496049,-4.035670666762684,-4.061430428894426,-3.226428279673478,-2.6797585256010517,-1.6750655960616534,-1.1915970341156397,-0.6714196132839078,0.06155067705245912,0.01687273009541583,-0.46359415912159646,0.2764598180450489,0.7636852285371605,0.500371164653722,-0.2475912135411482,-0.7767674327952466,-0.8084981660900383,-0.28122473190053227,-0.3179201553447708,0.16274891556311105,-0.5595079941718416,0.2825870121322347,-1.0379299140850882
-2.9912232115433772,-1.931011039738578,-2.366480504733705,-1.978816982855905,-3.0661914781573443,-4.824578502746537,-3.1110379519963334,-4.386489558981125,-6.888934462770985,-6.900298962895242,-6.886799624268207,-4.813349724748454,-3.9567693878749446,-4.371234577223253,-5.110126687400411,-4.550998122756643,-1.4593361937693998,-1.0383908106324156,-0.9484814478627365,0.8197511351335537,0.21399116924014916,-0.051286678873757034,-1.0620429727138911,1.0627355186510759,0.4971842578006192,0.0741144040732757,-0.6774664205056822,-0.9937183729213196,0.632785540819776,-0.47224003206088805,-1.251195053338198,-0.8419812435148613,-1.810946908656441,-2.406624669525112
-2.66456488646926,-1.4520819237743092,-1.4181357427966146,-2.069650607693179,-2.634061289987948,-3.9471367299114912,-3.058598237023694,-3.919767877206894,-5.19764324869058,-2.2257065770104907,-4.309482533340365,-1.2793636360973824,-1.8684837307786473,-2.1240079795912545,-1.5300347561479832,-1.8813758931817162,-0.6545704554755313,-1.0111476553255012,0.9268463609572227,0.31103161644123273,0.5841436376919461,0.31371549192942005,-0.19015802945558155,1.0788377200875492,0.07469964585145032,0.2065403523278425,-1.3454980746419425,-0.11945072019482877,-2.065493613751464,-0.6781328795922437,-1.124472188573699,-0.868083876495024,-2.869280341173708,-6.672693360108202
-2.9403560869227783,-1.6374588136664785,-1.8866915432594693,-2.1756028733395603,-1.568033375146115,-2.888188089239388,-2.4524426107691286,-2.153160293149727,-4.296658970943944,-1.8841363014987365,-0.3041969600573424,-0.026266796128305583,-0.30155803916932983,-1.2606361417587393,-1.7381765032713044,-1.1030728320471732,-1.5212712063571436,-0.7425041237113139,-2.2549398008394848,-1.1090152893193508,0.6365891603807331,0.9052393593973698,0.9691654093570633,-0.6976519858298188,-0.6784978477265792,-0.6622591932771723,-1.551630361956185,-1.3254395320349124,-2.17624676530068,-2.6555796607277737,-2.6306528368566053,-2.221597509009299,-6.012248444688175,-5.93417844977396
-2.530970373715362,-2.061424145923682,-1.755142058956208,-1.8330123011201145,-0.7723879507065637,-2.907989881383812,-1.4306200287582225,-1.0447492596563528,1.4600256751753378,1.90321505972164,1.5830128530289196,-0.32083542085318945,1.3323762333916525,1.1500709792294501,-1.2838374249751208,-0.30101754557094623,-0.3046124248157405,-2.8462692391264937,-0.709786342995419,0.9555300981123465,1.7985573102940573,-0.33343932075532207,0.03758134955100313,-0.08763540557113729,-0.9326078543206441,-0.2569393795751312,-1.0361926795212244,-1.2927081410024197,-1.0162827776758139,-2.0749576190604593,-2.9836870899227392,-3.3738675524960753,-5.293865559584579,-6.625442861229008
-2.801202106504601,-2.5586693329357226,-1.8113384327942919,-1.5455886874308566,-0.3713855332222801,-1.1767078991870439,0.8391693160250661,1.0809196835634676,0.8986363498921757,-1.1979810832190063,1.0605456330928225,-3.8618614781864826,0.8119409939562287,4.340699439432083,-0.8427844229384621,-1.3022111187253682,0.3317743916531184,-0.9817387675209722,0.5236104285278571,0.5548747334839662,0.829279920472057,0.12383190119246017,0.13252334121885798,-1.1521790605209181,0.48189759215468103,-1.2357690269014319,-4.151732389576214,-1.1902697954028392,-1.820506596762967,-2.568299782522216,-4.654147922057374,-4.014872510197895,-3.769302334682529,-6.23834563412298
-3.3124346364480983,-2.4222416028988376,-2.5777118575490574,-1.2987138055392522,0.7602053211590009,0.4278229804034143,0.993794341139186,-1.6800775862587287,0.11493088704009045,-4.34739264412509,-3.51998523363209,-2.42900421984716,-3.3820047336928587,3.549276972611501,-0.2539852294437245,-0.29756118305411744,-0.41032678958630553,-0.3944124737260544,0.9665818897955748,-0.16439091329681577,0.2713790136434857,0.8826865772478079,-1.199469721586946,0.27677729942935614,0.23280605061993617,-0.567803377139576,-1.4042769745896944,-2.376916058738047,-3.166674005023246,-3.03148251903743,-4.322184686868797,-3.1629132944185083,-4.082198899555291,-4.369292229853164
-4.175607767542893,-2.9529681625969904,-2.7081265299618105,-1.7048567711961833,-0.01020312394993732,-0.5543120753334676,0.6608500159096705,2.162895133526767,0.2718239145739657,-0.39322076221626795,-1.8257629306538499,-5.758091450573732,-1.1562481725787437,0.2121149188787588,-0.8183480149728423,1.6341878067076114,-0.7948827879457547,-0.8454705593876604,0.46823106295443184,1.0479386086022309,-0.20513414585349132,1.368440279860808,0.5012112032468863,-1.2459444059817146,-2.1300179921360547,-1.0810591093938797,-0.936818295780666,-1.7952926195625762,-2.6327559639461784,-4.41391264686353,-1.7823182296323214,-2.740326650464658,-2.9125143233740283,-2.684393782963412
-4.54995127353912,-3.8300654137968793,-2.0463445650773955,-2.9967846998820202,0.8126276755367217,-3.6329765370957405,1.1166287760698281,-0.6160729364980058,-7.296163322140215,-1.3750891791907252,-1.0884076259358475,4.381318931541611,-1.1344612375645624,-2.455038706174081,0.3408207131141152,-0.2643372331341548,-0.2685102404076948,-0.021678172629872632,1.1533702221953186,-0.06431492728728783,0.23802207525852928,0.5625563503444203,0.3497335908868321,-0.7820616145106664,-2.6811575563732304,-1.416456218281977,-2.2798988475531488,-1.3829416571861897,-3.421762787573503,-2.355154598959689,-2.534690766519535,-1.738228031587586,-4.025052077620004,-2.8756954619441863
-4.138067655845618,-4.172160633095588,-1.3823648845581142,-2.97048626976586,-1.0948905887148137,-1.7010538344271897,-0.7403309776228905,-5.5617084417092055,-0.7419997063924187,-1.8952760805472162,-2.568652521638783,0.8675312364924602,0.29660559691407423,0.10259529250943011,-0.6694157406548848,0.5615684181698232,-0.5504608936240468,-0.5101522104285259,0.7278039084953355,-0.8145482986474044,0.2774518949780739,-0.36719429635530565,0.5324400328177304,-1.0033208563166225,-1.3715527395942282,-1.28575315430859,-1.396913555856026,-2.0389859033953757,-2.210456815048211,-2.7377923825224535,-1.272236664447271,-2.7508025131418776,-3.1427722518298884,-2.8189193727977306
-4.238541102848841,-3.8073755306788417,-0.986045387310017,-3.4904989284271277,-1.8399667877899422,-2.1905177547187806,-3.1042735275141107,-0.8115502912284418,-1.1220119485924394,-2.436847121947631,-4.6337333652429695,-2.185531195356243,-1.0400734390652464,-0.6751471561828017,-1.7136643839868613,-0.466985571025641,0.355105059944259,0.7543906529358773,-0.6662924426668433,-0.03622107494261579,0.001277599824214399,-1.0608146496934732,-1.103700889273278,-1.188734147727905,-0.5960959037909765,-0.43492358913587814,-2.311630498289308,-2.4448521169897797,-1.5588936007407197,-1.799253883197183,-0.978024999931476,-2.4138597985200123,-2.343128233478007,-3.0253286357110323
-4.571187686795012,-4.076747478902257,-1.8077965875013018,-4.993317431580588,-1.319761941380119,-0.9713700036676749,-3.9917489126359857,-2.5949896885127717,-2.684361459434679,-2.613036201282785,-4.035419663397561,0.9073705476494706,-0.02744942223892947,-2.9891839411287133,-1.6306698879493078,-4.553302922279813,0.5079623174925043,0.1733232478254979,0.2531278229168703,0.483145278661255,0.07173279748782671,-2.237322078183438,-0.9115195399412718,-2.0472189511511005,-1.278718877447565,2.194505692943545,-1.746267982555224,-2.027291878679797,-1.9917751226872589,0.0638675410973148,-0.7528853173353294,-1.8151524379724182,-1.6532495304033268,-3.700477316042379
-5.146957722772512,-4.259520040476977,-2.948421707903343,-3.381861829889327,-2.739346932873024,-2.7781543828739332,-1.6001299457500582,-1.2794030393807478,-3.9414487972524896,-3.32860069246695,-2.220687492302871,-0.5947382237194085,-0.4792969429465217,-0.1832368713026556,-0.8417450043996916,-0.9123435626426059,-0.7653554306162916,0.3089154368229935,0.7713172325425484,0.07467859963043909,0.22093004591896098,-1.8083904350078261,-2.2134690262853534,-2.2703471524742267,0.8342349166818258,-1.3244493061509202,-1.6952953606966528,-0.8694642377994357,-1.508316817342742,0.7272254666747503,0.38199408825964215,0.34651036707775745,-1.323112471786854,-1.6453977815063208
-5.3369195173216895,-4.9697366248074095,-3.22722396746363,-2.197868785574924,-3.5267924487589437,-2.7186813708454647,-0.9150840174623536,-3.8198617595807596,-5.8950492838978406,-0.4907687901302134,0.22449582818821,-0.5800572790166331,-1.3746582091187287,-1.2713180518222145,-2.6493570651503573,1.8231587454324463,-1.360780414611595,-0.2375693255051519,0.15195807965395772,-0.6115420070736703,-0.5227591657153361,-1.9070381588091978,-2.3126737953477523,-2.1780751764287625,0.4210277112888398,-0.7110576800451298,-2.201503672911717,-1.176808139006352,-0.9019002143619402,0.08915148547480167,1.3505595918854203,3.534584957448676,1.5219272592558306,-0.2412252734398003
-5.766944742434874,-5.547675575553606,-3.394271592463864,-3.349561587875048,-2.332554171943616,-3.325336930431237,-0.08695017512098842,-2.0345205387188257,-3.9290389244021036,-1.701449324843371,-1.353555607782008,-0.9637956381676068,-0.08231854437859253,0.06170533545936914,-0.9441971071375578,-0.9689512401397978,-1.1657580905461589,0.6506228759515849,-0.1693385339282387,-1.1502415295837214,0.7269018083751495,-0.13009709020644702,-2.024244829557942,-1.9030695682985532,-0.8441063332685028,-0.8560972916023132,-1.7122454464616692,-1.448794039771098,0.39434763179027627,-0.684552771352857,-0.32593197822489356,1.894853047559151,3.4700045356893443,0.8207698348016722
-5.879498889063873,-5.944605050340873,-4.5606566757457685,-2.410602823553706,-3.953985569764656,-2.3409067394247085,-3.9507716963145025,-1.8272861561474372,-4.814322744613202,-2.0151872855297825,-0.2579559260970763,-0.3028512002238931,-0.1587094395126558,-0.23478250233793396,-0.6186697340801031,-0.3183330374629577,-0.15057790619808595,0.07964267656396253,-0.882550337679587,0.034707271564360154,-2.04144776852611,-0.8791909820271231,-1.5565533291669276,-2.054265505222487,-0.40824119729741704,-0.8797950341405093,-1.5230062350386282,-0.7044837079892458,-0.3865724933456345,-1.1704784677983526,-1.1797230329775132,0.2404655790504387,3.197281050687542,3.842289512124328
-6.499118882098226,-6.389213194014507,-6.306825442325176,-3.385768944385777,-4.454131366202186,-3.8300130314276593,-5.769943158330465,-2.4020653863514463,-4.203578139824628,-3.3185542158814663,0.15273575143425494,-0.1995924167859563,-0.4774481986156305,-0.636538674394454,-0.6099496828586227,-1.3547122671642353,-0.8754271066058195,0.5707584547029858,-1.4835671715028844,0.05434029389374665,-2.355375233101398,1.0608548882087447,-1.8334197697244805,-2.360035937230832,-0.7720759308241525,-1.5710256092520551,-1.0411419911920448,-0.5545773419517913,-1.4953261454532127,-0.9034347340772958,-0.6355949078911859,0.3123344454504839,-0.2734121568120819,4.5876454398241435
-7.349686501057291,-7.23496245149816,-7.137041724980502,-4.828979830280887,-3.3705897477552482,-3.3658571483380686,-2.753356829056658,-3.4267305988403067,-4.504679018997455,-4.830201299846574,-2.0707245091627757,-2.0305095505560353,-0.6211277207782808,-1.071039184335282,-0.14285869238246435,-0.5938421170070639,0.32905046701667273,-0.6332297467793324,-0.7706456094254709,-2.317949171096108,-0.5023277441916134,-0.7698668003631731,-1.3649485910525936,-2.636025116610306,-1.137951049166238,-1.6853254288973512,-1.572356800782982,0.3127234299563581,-0.4952702649277538,0.01627569376487095,-0.5397572346174898,0.34245774609214075,-2.8216498975225615,2.4970362751980475
-7.6105126184586664,-8.680348433247964,-8.471064746125338,-8.065458167987101,-2.813418418868384,-7.372634499923263,-2.5483926333611113,-12.080891855795805,-5.888251945870026,-4.4388681060379875,0.018184937313550115,1.6180079374526748,-1.7994869739452912,-2.0073109357971237,0.7062305704825617,-0.9365684475611326,1.3518045682804627,-0.4179191918364269,-0.6951280585822429,-2.2106667431904454,-2.6741006172348896,1.6006972409216356,4.540955981641253,-1.7496060544372616,-1.3509814263194722,-0.5115710493228381,0.3042847792313814,1.2174961007549228,0.1081732539620882,1.374054434960513,-1.4354499515169485,-0.19704823255872542,-2.574097743098675,0.4651848427771945
