script/wind250m.json
{"header": {"parameterCategory": 2, "parameterNumber": 3, "lo1": 6.000198445256149, "la1": 58.999992894266676, "dx": 0.5, "dy": 0.25, "nx": 22, "ny": 24, "refTime": "2024-02-07T04:00:00.000Z"}, "data":
[rows 0 to 23 of 24, columns 0 to 21 of 22]
-6.740093399290305,-10.339403846031212,0.205704928176503,-6.699730103881713,-13.601412374231444,-8.201226968205633,-4.177987816368848,-6.23311431785376,-0.5222176028191126,-2.518327598267925,-8.690927765281163,-4.746240963465293,1.6983835111572738,-8.235601294891184,-3.5588188198255666,-8.82373288204802,-5.854733416355607,-0.5692003629162903,-7.442465161154985,-4.919372230798398,-13.949473214257662,-9.128333511129178
-4.617947206499785,-2.0079830401249392,2.1171537481087213,-10.134716448474537,-3.628809983021109,-2.3838918718652473,-15.4060587481226,-2.7228592787298966,-13.998512903936536,-7.147598738971081,-4.644053163080152,-6.363114732847833,-1.234850484249167,0.42960252946724226,-7.382154029168121,-1.6814817224164662,-3.1786542979406436,-5.886568949398561,-6.783996955454522,-6.321303203038435,-12.720822343627013,-4.766417217354731
-11.02553408970226,-0.6468832189463355,-7.11963881884127,-7.044984273306927,-6.487399774348288,-5.559657967088622,-5.843307639271376,-1.6298904163070083,-10.91777254585308,-15.152083772369448,-10.209449710113018,1.4321298593645095,-7.238425260671017,-1.094746654037131,-6.287126619681444,-4.769572067579368,-8.812522964369043,-1.31701256076267,0.9480827150169351,-2.0057489529467336,-8.039953332409766,-7.572807496402718
-9.61785421279647,-1.9215574601821168,-8.174254032940015,-6.321759393350609,-10.459977842342276,-6.162614513063153,-6.343021800417599,-10.599217561480415,-11.307268098888656,-12.369455381594978,-7.8098972343609425,-8.4633774193601,-7.039089941678952,-5.856004774551176,-1.8252540598363864,-11.257572050770253,-8.305724949001227,-0.7955158084286632,-10.14608021079954,-6.194790675316089,-6.171564053069925,-5.696019023302354
-9.087931317378326,-8.389153530625348,-6.914686643239763,-3.9942620927446852,-7.1869835133760365,-5.2404349869692215,-12.06955867981342,-5.719702567869888,-9.723397985922464,-2.34858134626043,-8.878425865636856,-6.405079323626133,-0.7885491730609673,-8.398588309553745,-5.18512122930498,-14.674712728529965,-11.504836440752394,0.6186542793306565,-11.454100146843052,-6.376804731818597,-7.727137041130452,-5.63350503600424
-6.944072648686607,-8.843047317879675,-7.08772039345791,-6.690452219898924,-2.1604347067979472,-3.6184716086817694,-3.6039527182506443,1.1844804294047158,-6.615437281837961,-11.135288855196734,-6.750561576414753,-3.102664816024381,-4.2383528219027875,-10.085526417562617,-6.669811006132268,-7.2951865440469605,-5.732897221431659,-1.402174596448796,-13.79846507420238,-5.72829347091646,-8.7669269658744,-5.908621285740654
-3.2516581001943723,-1.2677939693962645,-0.6358206386145323,-7.168748212398136,-5.334644083762,-5.9877617921009145,-2.275858141729557,-1.4330792363871414,-1.3491620578696413,-0.671198762765239,-4.71385205048723,-7.830421841976267,-4.870389938527091,-9.288699398074511,-0.4471050205439034,1.6124946024060645,-5.199330534551364,2.222739179384152,-8.691309419567196,-1.0114326470242936,-8.802923151720456,-3.485656785783858
-8.702847092155787,-7.423821421936264,-8.911086669382422,-2.874357686542085,-8.788589034905446,-12.624873509580684,-6.6092646854384,-2.0145927331785565,2.2559086197756613,-9.249736308405813,-1.6499543647025152,0.07421957600790431,-10.480635756354419,-5.798188122837028,-9.007438466803135,-3.150725263023624,-7.152847228373302,-1.9471867533546998,-6.932220183595971,0.22424751770930554,-0.2184488012311421,-9.884582209616017
-2.2000562725132458,-14.684566571313054,-5.021192467112462,-6.219780591650846,-4.553366457609561,0.5492567834395904,-2.681577537206219,-1.8011558460090942,-2.3691239744341366,-9.183480161012529,-7.78493719795532,-10.031074394679084,-15.182826400618627,-10.801264000254168,-9.070873680948214,0.18089301782936812,-1.4195257369306138,-15.616864446721689,0.8175195298768756,-3.935773068815424,-6.668614518944499,-14.706664027465512
-7.993986045675407,-6.152236666874018,-4.509059045183062,-2.296736520811705,-0.7104456188748395,-6.802859970120815,-3.6207033274569125,-4.16846581720143,-8.330266243244262,-6.1342364616450356,-5.198244766531185,-7.136258643470199,-8.795257641063593,-1.1534152883898863,-7.753742081714811,-11.886994074490893,-12.51683532053865,-0.6229116017128148,-8.107803392490968,-7.014953299692177,-9.084398593791406,-3.1931578872354014
-12.791390440638668,-7.697665179224325,-5.5298129300240415,-1.0841372173101405,-6.13407449240975,-6.785959579240235,-3.96292797746538,-8.098922273467112,3.131679618332271,-4.508392366405104,-6.849382629724464,1.2292799252112252,-6.308328950177671,3.034257316397649,-1.9911252336798422,-6.890521318626047,-6.429531404605173,-5.8236465041068906,-3.214866318424583,-0.9371905349197969,-4.455877989923708,-11.286963078747124
-2.719232074707173,-3.23763044299326,-2.0006165366999684,-5.568027097153736,-8.234740016274104,-8.863828770759245,-0.9242949043864067,-7.64159844363837,-0.44753997747580543,-6.878191545692184,2.608649350208051,-5.699910013926783,-6.931744962976183,-5.280512047532642,-9.316961770936913,-6.141942114298493,-1.3098222414627636,-3.729784551687,-1.2708523925613584,-2.6757013819765576,2.216853819551622,-1.1923196714985846
-4.830188607364714,-7.078386027186322,-0.4361212397166105,1.333128296568577,-6.780296782765447,-7.973499608116616,1.0280929177378837,-1.2979049125814872,-13.754776394459187,-0.3346647632888741,-5.173404594503862,-13.735233517974864,-2.0189080854180923,-10.526627745154826,-10.773512050083824,-1.360637290295743,-6.352028796721054,-1.3008830653988823,-12.00910993425587,-9.398356407830777,-6.530034968660031,-9.169524155234543
-10.847907234163504,-0.576037722164712,-2.3992628681376726,-7.6480623509415375,-16.53907241281176,-1.0690348536574878,-3.3238042308407656,-1.2016372842613976,-9.498832035967805,2.152668398489304,-5.300402220147065,-5.230780203304386,-1.3348148829369908,-1.060073791978336,-5.929908287350274,-7.737640231046402,-0.017011160666469183,-6.356647503320073,-2.523881938823528,-13.441781703440064,2.5317674383901245,-7.774861444240087
-5.299531180900312,-5.896448210444837,1.5491533666071189,-4.682744966015242,-6.5062013423167135,-0.7675278542977807,-6.041326382621375,-5.380225803575216,-9.225671222962063,-7.41559779065074,-6.892076162416371,3.7879399417492006,-3.159253163179824,-8.708092034579543,-6.915235043406136,-8.458168434915876,-10.853000032605728,-8.6396361813871,-7.2021653831254495,-2.263360634478108,-2.484729448199157,-5.499581554554483
-9.957287071510184,-3.486553161492752,-0.5027928778002514,-0.16289417465406125,-11.59429074248089,-5.98072438210168,-7.106910163997046,-3.6823020829291386,-5.684259411079299,-2.6637972839628334,-7.41774881300137,-7.129029364394393,-8.054804952926867,-8.971619484778405,-0.138445177028442,-6.484876824153596,-6.378683093704759,-7.4997008936135945,-6.927172644821052,-12.390611577665723,-9.234065850497814,-8.821615731073917
0.09207528356483304,-8.452406693890726,-3.213541217620451,-2.4561327549955716,-5.71065133253235,-0.6449109257575659,-10.80100991125472,-16.243119762585177,-7.875310263281066,-5.659165415779195,-7.345715874013586,-1.5127451933875302,-7.471543599121166,-5.478552697285517,-6.884661477580248,-4.505890572074046,-7.5213194007275135,-5.368168916934764,-0.5150336740731865,1.6411193054775726,-4.585242031816335,-0.10133709585794771
-4.156933010667716,-7.723905768028011,0.44149650876347085,-7.543915644690361,-5.652582210410004,-7.262955217405552,-9.847576101821291,-6.782236884577548,-6.17334359088664,-0.48831970824251475,-1.3536386317765379,-5.561264720464761,-2.5384969195764677,-1.6773284873052852,-6.67260256208174,-10.277464786108846,-6.65112276993556,-5.059005090404455,-5.986264824376835,-10.500956444459721,0.02533547723631567,0.21471553082667288
-6.5096807822592195,-10.84071012438244,-7.56523747232249,-8.730539090809055,-11.251211385989413,-10.907690939602599,-2.1236749845046385,-6.647652680837401,-10.684438077242424,-7.622108692942297,-9.53801506064537,-5.577476605080645,-5.0700235432148,-1.0783763656550809,-6.736239792415649,-12.858886240293858,-0.2718950778473497,-4.734010438954825,-7.868793453897648,-6.843126768271034,-2.189450173751235,0.2995028074733147
-9.772377853233273,-9.44292236407783,-7.366002349391766,-10.178722876900293,-2.6844410259554223,-12.32205119530396,-4.990449511208517,-12.66097430893332,-6.569951679613547,-4.87908907039897,-8.903442264196073,-0.3286044276666198,-8.95006217624849,-8.452391756177812,-3.887434895909401,-9.651648749157019,-6.9425248110108155,-7.6079331903955305,-7.147660052383418,-6.7386849665126975,-11.522497493820646,-0.7625433904351344
-6.574270255906451,-9.026620774656152,-1.2400699047522177,-5.58967743995307,-7.851519378634627,-12.737368437473112,-12.545377317374664,-1.2629818346519301,3.7101690481436913,-10.606163470279899,-7.526452492492644,-6.571064205226039,-10.320270657062029,-5.581968595954683,-5.19944330955048,3.055878020822353,-4.896822340988432,-9.554961471886378,-10.637485996936453,-8.677300576960276,-7.53057741690823,1.1409130013206679
-12.725312362237151,-6.117574928264894,-11.639166744797203,-5.729558561802982,-11.564946713793676,-7.977017390203025,1.3605756712967487,-9.213621456079867,-5.580232749597756,-0.23547760208858656,-4.794059250410771,-10.250320402005308,-3.1328329984904584,-8.612242093149538,-9.016745183730773,-2.0547172320107325,2.6398872817102483,-1.7276989838898476,-1.1756361742456505,-5.048017221785769,-0.9330447507426833,-6.41616815929918
-6.59339276510965,-7.667051507368231,-9.158860344400003,-6.807138523681415,-6.76000175529626,-10.898377162160372,-6.692585996025792,-5.00360411281807,-8.197008328236175,-10.739954563971999,-6.5134359681310725,-6.9793226184045425,-0.6533908459693571,-7.811417439783829,-9.029637148660857,-14.1039675097798,-2.633176659280766,-8.552447632175058,-9.089484865413738,-0.11113861914625482,-6.206808046476567,0.28897945303314276
-11.153359843239926,-11.579348021990317,-7.877372583570289,-8.384628082525486,-9.71843646447287,-10.51256434449993,-3.5436166087119854,-9.433854897944434,-7.938991132310246,-8.465101420892628,-7.434514047013986,-7.00646235617874,-4.907377555592422,-7.120529754363747,-8.271794960142374,-2.8289185709177525,-6.51643530518479,-5.8930518747223815,-9.945739637189542,-5.212299449048971,-3.08687611724295,1.1614580141306372
