script/wind450m.json
{"header": {"parameterCategory": 2, "parameterNumber": 2, "lo1": 3.000054539987559, "la1": 64.9999836372058, "dx": 0.5, "dy": 0.25, "nx": 34, "ny": 52, "refTime": "2026-03-13T18:00:00.000Z"}, "data":
[rows 0 to 24 of 52, columns 0 to 33 of 34]
6.833720522773202,6.170073654803093,2.3797208019355436,3.3220612071515183,5.331379742295802,5.571495266303148,4.818754774176983,5.645751397554509,5.270033886049338,6.890155810261495,8.216144424302088,10.656944761281434,5.158672060898337,2.319639749512461,2.1707952500006535,5.242492316688317,6.095555339329063,6.910409433945962,7.206444966363922,6.7724759071859975,0.7395908775989599,-1.386474162579698,-1.449504218167104,-0.5499025610290357,-1.9757570155653037,-3.2641953535851105,-3.3108741529363868,-1.6372515873455333,-0.976149704381513,-2.2859068187183618,-4.261219207366726,-3.5726755489436886,-0.45149094549278485,2.436767756836152
7.722103708653591,6.502467185534297,3.2774742567630213,3.5105088044095933,5.442488776476232,5.5966479310177455,5.727305718294488,6.130935833675005,6.058483005277898,6.53020903030239,8.738727146335378,10.639689979221584,11.63614242505997,11.363250779345899,12.198389360454161,11.71496295428111,8.75461012208886,9.183441325104955,8.720548739207738,7.83764275089397,1.037641592702028,0.1450826612114728,-2.818062518413172,-2.3588580424555183,-2.873649406954657,-2.556110304315028,-0.6621969974883708,-1.4138277771137364,-0.1481056373318644,1.4725367205722752,-2.419790407041635,-3.3046115222425856,-1.758249906072661,2.8967922834276782
9.20143357332417,6.686684798216337,4.372763581868039,4.831054073395448,4.192439593053343,3.518933480483603,5.448497971905824,6.5531064886719905,6.9156007271969395,8.190652599794563,7.911091454809285,10.733455419280535,12.492233066888012,14.976597918058166,14.391334405678533,15.364609779155215,15.215410049574652,11.209382184606238,8.541502511975427,6.926488156786195,8.059083798488755,1.466996620417207,-0.29518363675734516,-0.049200913301044764,0.13297414666946208,-0.9131535305837893,-0.9104064309750922,2.282896584270884,0.3640818919588131,0.751153464639908,-0.30355886823246564,-1.8305150571989615,-1.364533770880993,1.231202581858494
11.045968863152154,9.962718711956501,5.137974491719573,5.322315127354546,7.592293621370051,4.405304171754224,6.652614507984979,6.868628144388346,7.717311311916295,9.178953599979053,9.407899744901597,10.705801418533612,12.211263157496766,13.65692760274435,16.664605847247493,16.646791155805936,14.597183626677818,13.4965308207598,14.898559922043402,10.540860822089469,10.74187487683942,4.661813020459205,1.7883206241024117,3.9143144818918785,0.6733904122897147,0.24888379488447668,0.7567732799732136,-0.879233052210547,0.7063201234338851,2.9122771870224473,-0.7269165634020229,-0.5559456183886592,-0.39720503095206877,0.23523755267447274
10.91029836059474,11.127933380010589,10.602140185300291,7.566739384084759,6.749767327845225,6.889545626945138,6.719023477314886,7.430154556590509,8.51180886427722,9.908020978960803,10.736231078863714,10.312790778068166,12.223108872387726,12.44225807488538,13.398769161062846,16.595531987102323,13.2387037630953,10.717270880411546,14.519256463779673,19.405702688669567,13.245461506106437,12.018657750296727,2.869554235819426,4.94610952900522,5.729748799436552,3.260682242824065,1.6335828749696262,0.19378407368831635,1.9976431026840447,1.7841249204019973,1.1566901036193977,0.16954061218507951,1.253905170229148,1.3677642471619083
11.166692720443178,10.76753018961021,8.32232329124672,6.85575879870657,7.710540462054268,7.382650851127022,6.980011524852139,8.420503396912725,9.229668495029465,10.56070503776427,10.578297985552414,9.672180093204883,10.231351984257683,12.654484700816436,12.122805282365823,18.511403454640273,17.865704537554315,18.329392804849437,20.925306877964577,15.730429795323845,10.089056882554829,10.724332224824076,7.145337942022149,5.366161837615619,5.796772076002394,4.631269045862504,4.570806584190193,0.9079040747165668,-0.6083078810769018,2.168495411434725,2.0494877589827802,0.5146584651908017,1.2182761320628244,2.671963804588284
10.905364935166226,11.192353892617744,10.911496501611925,10.06981234555578,5.375009129525925,8.496348067382005,7.027951663171122,8.917227334667045,7.8910981190821055,8.693980321663393,9.65463169913781,8.635101417672754,9.15427585022154,12.35101747424651,11.165795049621142,13.236455803817048,13.819652578604497,17.27158687536165,20.704227799847683,19.98700710219829,19.723415221770033,13.084534486796324,7.366024841177595,5.606613305353975,8.038731406411463,6.324728499426497,6.649360342555808,5.14309423293971,1.1446866637224435,2.720012154926165,1.888058455600172,1.51609238703739,4.776759043839083,6.146166243116602
9.817659546905977,10.884849480871939,10.567141180331234,10.639024401747514,7.530828526604181,6.091401812115526,6.1577457543778475,6.929865592620655,6.465714045405974,6.917697315534726,7.505161453640816,7.671571532891017,9.305831286225782,16.621958253204976,11.77718687573138,15.442871366935888,11.003933877341929,18.337343289686384,22.31916796551523,21.60542924001845,18.847147901117427,14.739091642268603,10.520712040789414,7.01175028649871,8.990003374572593,7.764196011261323,7.379606867554032,6.5021319048820505,5.404539620409503,-0.13479795774673328,5.666860997612009,3.7241604804810455,10.683932571977806,11.473524579548242
9.627646932677179,10.57243960547579,11.169379475742682,6.683559294622862,4.65402605266823,2.9606212033817285,5.408934561577907,6.097176570790485,7.554337029018079,8.187584935040544,6.7862883251708555,7.120886029666249,10.441926482029176,11.574902038596656,11.993636588615784,8.541756430026723,12.514133188694572,18.34010721012471,14.39854398759512,18.190910424398073,20.19931411358856,15.262941773676625,13.398693156951309,7.753822126014894,10.29087841816299,9.020753393808794,9.733443742654696,9.265810322565265,6.181104971175034,4.691614617087628,3.399201668310022,9.338277554010448,13.313368519407547,11.86515430520779
11.383894760002352,13.855597943599768,14.330516572014275,13.186819430004414,14.71217087833712,10.848588556301259,4.4677881236634045,5.372917534372498,6.785072967294456,6.431957704438075,3.430457513232145,4.505836003375262,15.804364571178427,13.660937778161541,7.748368635150111,15.89381618850795,14.579811514308195,14.916808978048167,14.90826792690183,18.066421545010602,18.364142411754003,15.529460065411445,11.885568710168123,10.4324609399238,10.532209912072151,11.113092891869847,11.769956897134938,9.060244971154887,7.2682265571270674,5.668742514563551,6.252109248964505,10.841623502006653,12.69705772209528,12.88740178496137
11.952230152514286,11.126670713896473,11.606414245095687,13.575583263825907,12.752020682906458,12.717783768707603,7.689308143177174,3.7598699078269653,6.729405883348471,8.832572133714725,15.400832072884048,9.178235664063987,13.311058570302594,18.522894779010972,18.916038897927166,9.312161566195448,12.53983697735169,14.139605704216152,12.701885617976876,19.87697415817903,17.304273599570173,14.10844595811203,14.226970085402797,12.006106928658976,11.8848612855226,11.016397959128865,12.754965173613284,12.224587867905557,7.217482618030813,8.33597949479644,11.032346705264752,11.408520318350051,12.159913272161093,13.044445159325088
9.465774790019406,10.944316593358685,12.271916999762501,11.758484547881771,9.810246317249996,8.122466478223007,5.054623627912828,2.702712090625233,2.620097985484453,6.450637509802595,12.596627891620924,9.394575253115942,6.8210751603536295,11.124315277530124,10.710480475264182,13.612226028089134,8.503866012258404,19.17304304337709,14.118338387034784,16.32882299788859,16.64988829709388,15.303437558214348,11.800679756050885,13.452247935569673,12.106699999465521,11.270277070990911,12.115169251945055,11.630733487482688,9.183669156275418,8.090260342541757,14.609612646155556,13.846807073839193,13.098222610657746,13.338677234169742
12.235506997553166,11.045571617127074,13.954749077016423,14.432327343688323,10.637063194042717,7.2082484040394865,4.170249318215118,2.025773570690875,8.803171601493023,15.170205093579863,8.78727088089797,16.51981279890481,18.04134306001541,10.042243490974084,13.676321108382478,16.298924626127373,8.341789443508217,13.514957068697994,14.05102008538983,12.591373440202359,15.030221815325444,16.48702097652667,16.711280085654913,13.704847517872901,11.424355524681253,13.113192431675154,11.719724212193757,12.284534250361682,10.69829710864849,9.41168351925981,14.872572666925475,14.494114917483003,14.514750089380385,13.636273235920214
11.149437789249037,13.157632284036357,12.604511062359018,9.303506048027083,9.53470140673485,10.15468111077147,15.693818620503643,-2.9750538827317556,10.129545479606522,11.128789067232619,16.84991965953619,17.989186820944163,18.961151790144495,8.337597524867933,9.520000076476014,11.07701872406972,11.158085188165435,11.504763506738879,13.720578301172722,15.366997425890116,12.68794188131664,12.977041830919482,15.173932581108124,15.062321694145435,10.787936430980396,14.395656679289413,13.743165465598441,12.666007978411743,10.138092815586635,10.308728994059889,14.440206664303494,13.511650830672156,14.495172255037172,12.682797608151022
13.380086320192397,9.481225052586229,10.614725083689557,10.361960885892831,7.472315113209773,8.357441803129344,4.008789271650561,10.002918723916194,7.866674046665871,9.729208146370437,8.916311450722397,15.234053438925917,18.54804293758868,13.705105825576362,13.622535767899219,8.415015502474752,8.16676189080446,9.07566305509126,9.612786585745612,10.449565036502657,11.981020735865316,11.877697389162893,13.00212711539776,13.322324568547687,12.341786144725937,14.016917278233208,12.95589737947208,10.261757840908393,10.87222861589528,13.274460300130771,14.343760105128878,13.930770228401837,13.590864208719092,12.274480329659832
10.26418380728287,9.844857394967613,9.893010928970504,7.811311145856888,4.929961726696144,7.016075456719206,9.330376726658184,2.7527766108178384,1.9388397689817842,7.427780209701449,12.002518067875931,15.515944027565434,2.5885772883634295,13.21664407350852,9.527768151104198,8.561363915666442,9.520449783165303,5.864979924851819,9.379401062477983,9.435734390469033,13.10468859614098,10.974804765714085,11.028960722264925,10.551513253785489,13.897535827500185,13.492543394367821,14.718998418173957,11.018193804555905,11.62098231301008,11.768330623178636,14.752376567277203,14.563817136881118,12.910327277927456,11.837441215908088
10.369712816655968,10.106633554458742,8.379989950387367,5.355121463474415,4.46570030368044,6.022393624530155,8.747990722297766,7.404317900963023,5.664025847119557,12.399180861611226,16.560657788898958,10.345664432205675,14.507124121455934,8.332991605545997,6.854626455515579,5.4760270524398,6.552647586810298,7.422474188849812,8.37077452183227,9.01548333390668,10.309470669621495,10.723141265346815,11.833710202361415,10.94109793647058,12.4254011671333,12.204736050295109,13.254993514059814,12.828256227991776,13.099376822154106,13.3415265124399,12.91081549792415,14.522288471399118,12.54386340823273,12.72744664688924
10.539076242927333,10.759623491709194,8.945186873114967,5.508854191665801,3.910570569974382,6.370862904403017,9.313778542786723,8.2409027567774,13.729932616874626,15.207934733980208,8.655102811000543,10.0819310061499,3.1105296849154356,12.348928691292404,7.8148246188914,9.142344368069205,6.43303884592519,6.251919336792943,6.392614485028587,9.529961094392972,9.961108662680084,11.120069301412938,11.809525136032928,11.917335441512593,9.990081091156991,11.645969810389676,12.684470475177063,10.259682334140969,13.359136034346077,15.52784917499966,11.56505360126553,13.118310609214175,12.02873548870549,13.113025202542385
10.479468762308755,10.158533508271404,7.871439054324155,5.199904521898846,3.5336117593310084,2.911126542217915,8.656046262076902,10.128414145755062,3.7758817375596454,12.07241683053519,12.34314064413086,11.67632278487634,13.796769509808112,6.7086606459792355,6.7987031214876605,3.5830905472088843,5.445261742630274,6.880224471215011,6.961852189562586,7.932071278824032,8.38635647006213,11.245739999912931,12.25727550126304,10.472880441800834,10.720051035171917,11.3753754989372,10.054136620802675,12.336059572257255,12.842112159883568,14.221771901549456,12.357028654555304,10.539080250734749,12.493654121689806,16.163869277930406
10.114035752573352,9.222389395338617,8.639139244791284,5.747730086041365,4.823356655130625,5.147853767794233,5.160782582982727,13.50364931202245,13.700309832060066,11.113795406925787,14.74232091638418,14.104277708167066,0.2422208635722866,12.585098205025897,2.069840961784955,8.615285815528896,5.880364128612782,6.12717681942898,5.870206449010884,8.119466239594246,9.558618149094169,8.635351591957038,11.860749637294312,11.864142568384016,10.134637283690038,10.671227339245824,9.127279523392339,11.162338773108683,14.832473013064188,13.450282194748413,15.708568994927585,10.966778143901394,11.011203037582149,14.770873585382473
9.432800426330653,9.068612765327618,8.339258048146169,6.2555084023874405,5.708663830600165,2.510035132452815,3.4574890901110606,6.674646042044221,9.898522936858212,10.84891715788057,12.098969328286687,13.10663589275875,11.260477393413762,7.451760240332667,5.379367019061074,3.747768527310966,9.770491323174884,7.465515100421824,9.206326561047737,9.115666799910429,9.53553969176601,9.765496582171735,9.578514767051793,10.01273376334097,11.707573164143291,12.60910412301987,10.293336059063874,11.470808671514193,14.22053282747538,14.761084096190574,14.605134974132007,11.579133808804187,15.864029317293449,16.088151983688704
8.929344368156283,9.74635240405112,8.595981536459869,6.480330027542951,5.0781254819041255,5.043340411542093,4.815062045589959,4.463647943925666,8.84680972154651,7.742967321444579,8.39992802323789,11.709861686829388,4.17641408826806,10.548061620594744,3.463664311348866,6.9790698192479095,6.9473420404293025,8.205627588856123,10.089509621313619,8.249938219708188,10.103269738772264,8.386827591038818,12.17717929080926,13.433289963890454,11.880142126368371,12.125071548949796,10.996737797380781,10.88473791179047,12.984192767891418,15.376059570843632,15.057654828113439,11.319115181295619,15.494906690076355,16.404849819939603
10.053479471274178,10.310041813102945,8.824644391675985,6.5049691985687,4.773347886135321,3.650506772281576,2.5086662450629595,7.106774207910467,10.028971467971958,8.324756034490683,5.902619681494042,8.758272641339913,8.931706122672567,6.361624083635748,7.290825699523032,6.113081269989967,10.83238797303277,9.134930321730128,9.545937791035414,11.376596552450515,7.828538368166503,8.116773605390572,12.088562472986627,12.094260804907341,12.786926407887847,11.171652994391534,12.7875884102363,14.842086471015866,12.970921857171962,13.126109733147604,13.533963084324444,13.064077369980902,13.983422277871414,17.460484585803165
11.222658436346604,10.946151676352649,9.839659801912301,8.519981035035004,4.940233049688693,5.060230890205273,4.957651581999231,5.088328136342994,6.512315859774467,-0.296855954056353,7.015400120274024,3.284307092285489,7.228297117500444,4.540021536019113,11.669601114941234,14.339953287358925,13.187197269528792,10.6453972164433,9.990478024357301,10.503671217125882,9.407739342570002,11.725752420410565,12.247755980364925,12.349007859356975,12.900083890381746,8.904103441598886,11.937220914077546,12.4652134671441,13.215554276286415,13.0632339378046,13.898426459686819,14.600220365725042,14.764817476937488,16.566228747531035
9.964877581401556,10.867114260018798,10.91762900127035,8.53891327825424,5.996535197043724,5.441299311213291,2.0055330897830315,7.348549520560613,9.483618952082333,5.784512006587928,7.922534848090757,4.836310025840273,6.728407551614496,9.150159889625295,13.642883403866273,14.19867270873779,12.649278710151702,12.468431115092923,9.91583424880668,10.01875423334329,10.3188280098201,10.615348202642434,10.485354059162184,11.493952664680464,10.483552139304479,8.821905827839831,11.08424624392936,13.12406208294367,12.303985242226284,12.615872691792786,12.542684163675144,13.263699126418976,15.685520006767,17.417333727859305
