script/wind150m.json
{"header": {"parameterCategory": 2, "parameterNumber": 3, "lo1": 3.000054539987559, "la1": 64.9999836372058, "dx": 0.5, "dy": 0.25, "nx": 34, "ny": 52, "refTime": "2025-12-02T16:00:00.000Z"}, "data":
[rows 25 to 49 of 52, columns 0 to 33 of 34]
11.821627327264798,12.030392546672967,11.320944229281688,10.146598672829763,9.738376267137335,9.949827435211324,9.80522173810589,7.949282810066698,11.18034573814995,5.778990403029861,5.981990512549232,5.5392057975636755,6.5710668103904,14.407089015456904,14.16903134640223,13.902704928281187,15.219535188426223,8.740933722831281,8.294951057049149,7.927927473236477,10.254317976362287,7.956397873878388,9.10989643925898,8.381254203276386,9.755018231743012,7.377102920008721,8.610216421716482,7.790285127633019,9.135988054935565,12.213688654216158,14.87980163225155,15.008703690166898,13.739156260170798,12.185007811726594
12.330488825891768,11.156744671585368,11.18058162422813,9.934496820161261,9.066422543286063,8.511229152192618,7.352421598750897,3.9846724673146565,8.07704628701374,6.727283460742145,5.183218211623877,5.414874745079372,15.232735407395337,14.474844275781674,14.071873861168763,13.644052039546951,15.332985192252888,9.878453175166308,6.885539900339971,9.74510802564781,9.059346805143207,8.392156016821732,8.473142985461964,7.101777902791991,8.057903672395383,7.361269539471645,7.647615934586394,8.070668352961683,12.135554188801468,14.78797261811522,15.010373927873301,14.485244957177166,12.461966123222002,13.168781751204598
11.010355734012455,11.365428479640823,10.469627240587075,9.693316426405278,9.293831548047974,8.120344486828142,6.934730620123779,8.545985571859529,4.715444303448266,5.152374531237217,4.4811844176162525,14.807849904760348,14.328025241004497,14.28008331588083,13.464048828157363,13.44668031398365,15.434134474064617,11.751186995483158,8.300972165607435,8.324417061449273,9.488259829679093,8.407747915852479,7.133332220893874,7.983556388443512,7.672914555578437,7.674075037957011,7.795338179075027,8.882506816032677,14.05866385833849,14.69551962869068,14.418652924628734,13.264518162135557,11.179106770666584,13.991482571141539
11.051886632487282,11.242109324948995,9.799522141018969,10.230018595459,9.77855264220728,9.108619098207425,7.6142274171380935,8.174129004345518,6.232681378073882,5.3256448065403115,6.665581946002168,14.514297866456914,13.645263480501546,13.613537120606944,12.625869166426195,13.2095119764619,14.947906440953364,14.463005329304773,9.140080931387613,9.349319423878839,9.263615638009076,8.586128293287254,7.995852120722569,7.626609294234653,7.82987784755906,7.141950891987761,8.339692116908424,8.48015789634446,14.35613462704676,14.37038920393618,13.878120142678291,11.311106224165238,10.58482927900347,14.124658537375188
11.514641903529993,10.856612578154301,10.205209283145848,10.38631229025727,10.092477494799839,9.774719129431425,8.782707536236813,7.840961203981507,7.077000930560907,6.680631148903024,6.050857015060512,14.081603413325096,14.749166667269654,13.454244298625213,11.656464333987312,12.652683657195196,14.428276828606466,14.548664422207493,8.949368067337993,8.610201918455573,9.998498233274251,9.430852839387217,8.715734962606112,8.177090088040964,9.417847230387418,8.318677514290178,7.966257687282165,8.606401324915412,13.588172878178687,13.567090997582554,13.465681352845575,9.331681641561046,13.25171184806735,14.238161221753419
10.944251681239509,10.317904964803404,10.101462122073173,9.57290989434089,9.480841759144615,8.947031995791846,8.00111123549102,7.670679184984943,6.387986174344342,5.542065714512257,12.64495979139592,13.807363612351109,13.449788322662155,12.125098827604408,9.87738736623516,11.721188359968247,12.626462592511176,13.90655976900125,9.565411043218386,7.5244544525464425,7.01603295268742,7.460754121158255,8.915311380347735,9.163271509333255,8.194893965792643,8.071020312734017,7.782583380343266,8.656768000373763,12.560462228178544,12.987803031532748,12.84140504524685,8.548829590681478,13.519342897538612,15.111724150692542
10.348243191990381,9.743488037713044,9.491091520304728,9.284578032685717,8.943637018372929,8.384250098633876,7.705714857676823,7.2969633404169105,5.852364207356073,6.391610236523262,14.171447693542449,12.683477581223773,11.990802969135746,9.90150790890526,8.661865785981389,11.773241268346778,10.9289658120208,13.30866571595648,12.329825726712988,8.340084686596187,6.549029316840652,6.762998196594669,7.92342435694386,8.352208359668154,8.525728565972795,8.034694156243143,7.954525227329937,9.671380420557876,10.241231709927362,12.904977659714305,12.168909986869497,9.419660998618243,12.668413187140088,14.770203362276371
9.964452908231635,9.314805341121016,9.167714147452799,8.697600259324405,8.580313122062925,8.088378135488668,7.297230344930528,7.453739123581206,5.663406355230178,5.4036573716951795,14.436068937123785,8.995948961689264,11.182042605044945,10.544563224237585,10.288170499906688,12.280721729487453,12.154031631604436,12.475262443022679,11.645539781622983,9.140160378990482,6.585755617524586,7.406306138220553,8.06014652490917,8.007264500254566,8.480202445999524,7.609183635413807,7.8855017196083175,10.551051666486634,12.279434760818605,12.26539188868861,11.91753957452172,10.928657536016106,12.57331438351971,14.428248131610433
9.751814505701176,8.73845074900429,8.555599343484987,8.634936413562613,8.36871926765924,7.672706564687833,6.717132684900701,6.66442552558228,5.661961862484655,4.473850159356828,14.7929731375255,10.20028090791992,10.216729657823155,9.35840956622701,8.387424600452086,11.132398359979518,11.765288601723416,11.028774899469791,11.08790821941343,10.6941366816501,7.414211138375068,7.734859841169621,8.045252991891736,8.160739377555457,8.506128839845383,7.429152792857903,7.645018034803138,10.369408019856989,11.616885580645098,11.278991540917861,11.268680531299182,11.27542034798209,12.59815131877221,14.029250932390733
9.461289651779706,8.558905171719061,8.65200118650829,8.412218293544894,7.998671469246744,7.3074360748543326,7.098404326224522,6.009241665973629,5.712434781905806,5.859950837072631,14.374283228927816,9.562869920951611,9.711321525763822,9.297236421115796,8.43148671616023,10.415273085007664,11.23221659472264,10.664221632953248,10.185215543971692,10.679312197428713,6.223736525479441,6.804469272972536,9.167910774818449,9.276482039522207,8.507835206421088,7.782362315333416,7.191213975286144,9.287760580848808,11.155347919764493,10.651564681770646,10.457547936381161,12.173158035037604,13.05708186719437,13.982591176589425
10.050243759107008,9.474333913425186,8.423579681067082,8.610631678604785,7.581248125654446,7.55402312029921,6.964343446775662,6.238207037124125,5.515558598526953,9.97872467472388,14.707454276831196,9.09369125210192,9.521962661776152,8.608808037177191,9.112122206006106,9.47887363516588,10.520614397844273,10.088029434171041,9.548424406907497,9.320316489628718,8.187858667695997,7.4314733047684625,7.92087504972672,8.899540651738972,8.06941206851551,7.654150782499845,9.123046512628068,10.92109857438462,10.730554387646798,10.256212543841658,9.951208777673427,12.89422472545222,13.502690699475158,13.47568974647176
9.206450851500891,9.115610945298553,8.768450237077317,8.218639988968482,7.32469422628163,7.702140312372067,6.6211698005213275,6.601725112029062,5.204642383209503,11.536264236690352,13.947137556477273,9.554439773803374,7.819771260459035,8.239060459360495,8.860879657767773,9.894167757863126,10.108777663231209,8.61467763471964,7.986237972551927,8.673939199094717,9.976932531416734,9.515642057233695,8.463428777575592,11.025965336467516,9.906392653784549,10.93622253492905,11.192434196453917,10.831237648334197,10.3081398595712,9.200597611080632,9.766110534639044,13.276492118885649,13.884909459604463,13.34015403553997
8.804133702525814,8.782456282357103,8.203867165839656,7.730467315969155,6.739462139507031,6.903191011231128,6.404551588594416,6.410866627375187,7.629974601691932,11.649220993734538,12.266229940908941,10.053441059492693,9.279707457183944,8.124145691754029,8.814008390077111,9.509239896058673,9.666183653107225,7.836579870285147,8.563832607530586,8.46044653413675,8.659650148849511,9.030087677778596,8.221090615725624,11.774852845042165,10.793681252412918,11.271595730107373,10.947641825484949,10.246483844201528,9.457793832232719,8.608004918808227,9.668813510750578,13.28670596535811,14.276094178468426,13.487107725754091
8.445524610245192,7.599289277260538,7.298049245595731,7.398193271376585,6.716682232360234,6.829726281383228,6.914999493697476,6.155620613607617,10.427135645667247,10.434190172533903,11.479384686090196,10.40493871079499,8.940508201092241,7.176187189481863,8.194181420442018,8.051352539956572,8.65771462807818,7.571492773791568,8.51448855495503,10.533379139614363,10.182466141583667,9.97124547782279,10.286691370044398,11.777978821682625,10.020659892435798,11.365502808812959,10.47447774303388,9.060598889754523,8.804497435218236,8.433845629053131,9.069807379638277,12.433840272072894,13.920411740227705,12.678739748720147
8.12556995324348,8.103193747904452,7.5372767620111265,7.490526630183669,6.885519055304014,6.386486838591745,6.224550664156828,9.685482529834964,10.20711313870862,10.8054920631486,10.987909870716155,11.321662226277331,8.910307600640213,7.293955441833462,7.9010668588760495,8.372226227142706,8.37556264269042,8.163530689077275,8.991941383201164,10.023402759095276,10.457991110365596,10.643391513943603,12.203616776603052,12.452887941654204,9.355314777612252,11.450543575612604,9.979200065204129,7.841382177067763,7.744991114730316,8.024359230675906,9.090026356220044,11.92011851511582,12.904521820120456,11.991585348647508
8.16249458877689,7.76977288275257,7.363438411754636,6.973801737535638,6.667040112736083,7.111924934804794,10.359211114683571,10.568941914871994,10.103623181658884,10.487199169018984,10.556284435020952,11.138191104895004,8.070041907525432,8.238200055636414,7.375948632289198,8.027956788311686,8.298257916006465,8.320341265555257,10.562856344358051,9.332374364131043,11.417935014602122,11.03829938023777,12.871225957615952,11.940866910505047,10.596125061464779,10.935524324223401,8.738750379197587,7.4434856103065945,7.516292552509416,7.996886486219881,8.58477600885011,11.595154716211258,12.104811438790989,11.081102367705977
7.6660901010986295,7.13969719822111,7.2498388597610575,7.12963768565478,7.238005394219353,9.137199700524546,10.673254164901499,11.294908536973379,10.13629814866197,10.346196740152099,9.852143762989458,10.102485640891018,7.700368665553235,8.266677437450587,7.667669605168134,8.595271345870595,8.945980886893368,9.26801064353358,9.401943667570267,10.422327162485024,11.218675304126887,10.647163900504733,12.276569191221435,11.936569747230696,11.31755708076942,8.64415575488708,7.634214046269531,6.957904180585075,7.667310952726263,7.0508413427217995,7.878659149641513,10.23450587168147,11.259705049590707,10.933984116268109
7.08639504038727,6.4060652382185745,6.9807095268573605,7.208419038105081,7.216130894903715,10.766572722538724,10.56111591492174,10.910799198500111,10.365634674303928,10.354445797595842,9.315412775053284,10.637430975062074,8.52283564313967,7.968908352743169,8.317026090967731,8.148620642293718,8.709168676281015,9.374228344208591,10.113447922601699,10.215475994599304,10.06591552213408,9.134105816896007,12.296353883438766,11.531552174235685,9.952232358149923,8.178300251309238,7.5505347712004784,6.548794292098096,6.436992351013035,7.511477891322218,8.85898224709866,7.494338587311217,10.190372035525316,8.485386614064216
6.414668430082774,6.612282113308019,6.381858626319356,6.172415410953116,10.32169345877902,11.428064336639839,10.97152307708014,10.919976729706606,10.453868575766274,9.684157445796716,8.910065083759024,9.688142240329698,8.799965610436873,8.057161608930022,7.721285143844961,7.714430078835929,8.07814063588681,9.62264118443818,10.179405951853548,9.507443925966106,9.895842597091761,10.197123978123983,11.680983567714556,9.933922835955483,8.47062797091833,7.284019324721201,7.151661542471601,5.807972400532091,7.064159254818393,7.042929318837158,7.370163055050981,7.333451262611415,9.96166025550416,10.826690251172808
6.408304076195522,6.330860575821521,6.704144108283234,7.1027846346434265,13.885390499692328,11.280848930144568,11.211725551325568,9.732177180997232,9.329001150148136,9.62175079519993,9.361398282405665,9.424041431156859,7.677538301655091,7.337381505577207,7.358587107401767,8.176188053757887,10.413957441377319,9.944831592999803,8.938366109821004,9.476280105140201,8.775251431026291,11.606839502127396,11.341255026471956,7.077599357462097,7.1394062783764225,6.604560025730932,6.0226053251044345,7.263414518433498,6.919071117381102,6.441132359004713,6.09758815094,7.794857059632938,8.01069649594775,8.224902882050811
6.575318570743956,7.3691263608588615,6.990240159003223,10.759010305807799,12.246465139564782,12.501136361802624,9.880371284756366,9.514960598949783,9.69218150828803,8.417101070370993,7.895685168664084,8.986507812085781,8.38929197074573,7.693926070843091,6.317271454857077,7.731387366539145,9.789419857972879,9.161582469118317,9.519687104427895,10.024516474893254,10.437674570598116,10.57214412045817,9.697632181071604,6.9661681323194,6.202420400716618,6.2620062102094005,7.377195964910564,6.914947087836928,6.084931924037988,6.33907140646626,6.144377451240015,6.963136175237887,9.165961126016729,7.656568657718819
7.800631391038595,8.210287156289734,7.476361543617235,10.256844617692305,11.37704938950004,11.860397850670063,9.639517395044841,9.102870289266091,8.638100318839166,6.257432102802347,7.3257701783178915,8.140284400543958,8.20030025217283,8.270222632880735,7.120814033347664,6.548779092953139,9.322768003101851,8.9075152396533,9.197518305001093,9.28737992172318,8.87740333997385,10.390099935940054,9.060800429591938,5.194868756303779,7.066070186324786,6.458029863188859,6.961711129805612,5.875690343151651,6.583749573165644,6.127081841997208,6.58391632687042,7.09935435227181,8.738053829024429,8.310959199036494
8.861338137097867,8.187585777972046,9.929584251121586,12.81520719753866,10.482612372403857,10.226242204983503,7.352274809779578,7.658045490144937,7.627480040509451,7.356920141260756,7.266643599369957,8.111159724107825,9.36602634133706,8.997446832358024,7.871531005233993,7.883390639957419,8.93153452953006,9.170221576856688,9.310419489750501,9.458552103434524,8.762026556373796,9.084508830961706,8.827782538160168,4.734561145359419,5.731338096784651,5.7952849046205595,5.982347397718543,6.036001337540062,5.908276469219277,5.993831925191334,5.749578966350959,8.293275869318217,9.189026962624228,8.12131854021477
7.6993455977883265,8.89054509636192,11.278229419079597,12.093755388993428,9.986693893873948,8.909987946085703,7.004199345746708,8.005286507757745,8.186396416544271,6.967186129050046,7.999389918880327,8.146736538349142,8.58804921340033,8.633975381337828,7.6420172187651865,5.9592196275615,8.066591689533524,8.698185525536044,8.29574413946668,9.356519767188004,8.470539947880694,9.576967928006049,8.793996670808747,4.351432101288315,4.925278247125265,6.31873704247826,5.974990439779678,4.829545571683149,5.2939612483649165,6.1706416864693985,6.568489440583873,6.509551563905863,8.558392209612112,6.984825262135453
7.732649512306304,11.264116079775466,10.36902745734225,10.502284858390718,7.514031814766033,9.492251479194394,6.538238144455499,7.9992087477049845,7.968003037305086,7.939658243283265,8.040300537881551,8.17774991429457,8.64429042274447,8.247266515011622,6.72553595568982,6.651210814652728,8.152463319370272,7.777369115852628,9.291342483708313,9.311705880863638,9.377374497596799,9.708033586337084,7.292999109586793,5.126944759038659,4.483220778951961,4.919671173344437,4.811874426026144,5.088048117622091,4.886891238819039,6.2478425338842465,6.583616281956784,7.7864507825606095,6.486511472420026,7.783665309612539
