script/wind350m.json
{"header": {"parameterCategory": 2, "parameterNumber": 2, "lo1": 3.000054539987559, "la1": 64.9999836372058, "dx": 0.5, "dy": 0.25, "nx": 34, "ny": 52, "refTime": "2025-11-26T07:00:00.000Z"}, "data":
[rows 0 to 23 of 52, columns 0 to 33 of 34]
0.5297107720323132,0.8682719247845141,2.0197107858624372,2.186506628459119,2.989949374053031,2.570101773179869,4.334107455889751,5.135638408518178,5.288581246868901,5.6923765282337495,6.632689376697961,7.668321235585866,8.179536169365807,8.849753746295828,9.065664836707564,9.320846632270218,11.16286450263849,9.383994102296402,9.15901112313949,11.862504894790547,14.108970066775534,16.450966847366196,15.755486936263248,11.848814694241282,22.475019444068817,10.164376333507034,12.712453460140917,13.988000973937288,13.52686342853896,16.16868245272916,14.096519084677361,13.640785887841876,15.319771873456434,15.108566738999286
3.0267345151934695,2.611430657502917,3.770428832673899,3.6600082566627177,5.432821024880521,6.814111794421713,4.343967670930377,5.726778887464417,5.252238615826655,5.870793029737037,6.630516402641455,7.549945141376221,8.601499084753641,8.705213775345515,10.44353038459441,10.766810690811129,9.517449119990149,12.141051941222159,11.475323538650192,16.57807246091306,7.760719256707078,12.833396612805947,10.191759896984667,18.03597636499733,13.449493652888197,9.739590943830322,17.329359296835175,9.243898873472421,12.596322740375179,17.5913252087178,17.953374591240845,16.365815366750784,16.128210926357568,14.633303479747038
4.230142140992173,5.421588771633093,6.96573663304127,9.656472945722614,10.271835387331535,10.683518316877253,11.621859500282179,9.198541008948105,8.107770784320666,7.084995568077508,7.519238169785121,8.036878471784783,8.454127072065845,9.14975550675628,8.933620722603283,8.37060218109324,15.70079880989137,7.681193697779645,6.85863488157412,8.400428737876997,13.227500302539573,11.832737076911295,12.897003046897007,16.2628966009933,12.463564380316072,7.562284655309589,9.015879306738476,14.09835850390747,14.0732701320538,13.578997085453915,15.111649833505501,15.167992183232291,15.412949228010255,13.531803135337464
7.408863985670337,11.581027828700822,11.684769623833205,11.58781233148361,12.274400640077106,12.41043445394432,12.714052946420123,13.262388981497551,12.682007345922026,5.782776413888585,8.771885567939028,11.530700071890857,11.24557835049824,9.504939789842059,13.846784649824702,14.62621037105035,8.77055201757609,10.391767277995942,16.775701848851174,7.570253253841982,13.317909577338982,16.31940580067223,12.121497555361804,15.623118718298477,10.072860050245081,9.297241920773587,15.145463267610396,15.254234070048751,14.796148582148028,15.703915400495662,15.285573673365201,16.22766030539945,14.435233756255123,13.154592708017233
8.701218852547527,10.220810070500162,10.720262089755852,12.183634284590063,12.61577849420076,14.320257452079241,15.435366305990815,17.15111427512781,15.549329860537464,15.421717258777809,18.74047631120958,11.481784957733302,15.306880383053286,12.221606462433286,11.030134485989498,13.978741783109285,19.39428115504186,7.2097044032287965,7.951093647432482,18.785168850206873,15.133533659817523,17.906542301432932,7.972997649899966,11.269034233668735,15.86317730164864,14.903296133989333,15.271292817275011,14.111355335755642,15.156829523349653,14.647631989428366,13.947033975301489,14.715003488712085,15.059555075139807,12.86667861032941
9.07953487340702,8.870528352437606,11.212940843415094,11.026362309755505,12.597933582220584,14.278084230376354,15.939030149024335,17.385158900888676,16.409026462983864,16.777092440902795,16.839019434235276,16.301747035791024,13.13394053148131,11.74922279640898,7.59458984804673,14.80119905122155,9.068396984780357,10.036789833453781,14.862152087319563,9.347461505749903,10.187451878001363,14.098900495449131,16.946215910989107,12.609372710459708,13.852976452848504,13.032729716683846,14.08878943169586,13.78510178199324,12.534510629412996,13.808096638426358,13.458585494996255,12.218124116425914,12.259699555622719,10.730952852848137
8.14751633601794,8.593621239440832,10.04055874316752,10.02882873709697,12.19714560095367,13.121020103945071,14.12132393982949,16.164047232405615,16.061639322118417,15.783950150366541,13.791516044054601,12.91750174553153,14.549331256346022,16.321804753240322,6.3496482615255845,8.99081092989494,6.453868338342246,10.491084885875306,14.22121387807156,13.321154605109797,16.38929475837499,10.320663033976667,11.188685559599975,11.485142182062967,12.75619690554129,11.555903425646674,12.019363157600074,10.970261320019407,10.846331209173657,11.443098882503817,11.663354941750502,11.573857047964877,11.182821926243934,9.66245950806678
8.094415748758658,8.838520770405923,8.305910047954763,9.612768443134083,10.716031868829425,11.911121459945075,13.21534428327702,13.50742098371729,13.337439608672724,13.465166958189917,11.918230695477224,9.989295355899502,12.78938645244812,16.855144266156838,7.781670532767806,8.13341862763765,1.033202405427526,10.668877859619379,13.954822108728248,11.458906432170547,10.995699664251996,9.660643343100256,9.062798004773882,8.468326095169093,6.4884999366771305,5.298171347845282,7.011810752043952,10.460397543813388,10.307311559644653,9.820191610818677,10.615267023254594,9.605907971667815,10.105086154662049,9.595225680364083
8.327712315029872,7.994142766150238,7.297477980781994,8.748734916994767,9.810430542669028,10.728464873290243,10.498672649628663,11.261806995942433,10.020848575547951,12.393068177138659,7.46011212617037,3.961749088115535,9.366471688846195,10.844322772948393,10.807929478128953,3.500186071374422,5.4020948294643985,11.080659738131523,5.569325540641679,8.36055164408851,9.476707761792351,5.6931980019053094,5.910264494357412,0.23691979035855765,4.0766915909138834,6.736071788750806,8.100619336014457,8.711459781176499,8.871468413190378,9.463394748422774,9.103419938256595,8.464066898884722,7.718073699576629,7.820047052523219
7.62450993585599,6.913657849953503,7.313630718092574,7.654029793742938,7.975166162887302,8.275726633389182,7.76449640973452,8.334031827906417,6.373234702259546,3.768625419660485,2.386119743025707,2.180501993989789,7.39437069423322,9.055993646131784,4.796758947794013,5.110151866821173,6.470529752166496,6.090026820603548,7.592118264845005,7.599088904451284,5.808340770512158,9.675989455250253,10.44745347828472,10.441242832828717,9.499804016388005,8.268556417411787,8.146994143477013,7.280376602198054,7.068357700296225,6.994640651872239,6.222819389560767,6.087562935507739,6.559445151980773,6.59843875932096
7.4468612270439145,6.550850554321313,6.777116960545238,6.164638392534391,6.325915992871577,5.978016462203055,6.301509985615259,4.494540323933948,5.7551182375540515,4.607327217050123,4.388045509507535,2.1072397009142483,8.515157367623779,7.92078563137707,6.238633520141164,2.9428096476336356,5.195964412576625,2.69109330157393,5.064411444392253,5.870205783179997,6.932847463346842,7.864724706890944,10.446777087611675,8.672161802005297,7.087179755090808,4.9467386807569556,5.915727088094297,5.663810824326441,4.424655632142409,6.0763220884859415,5.274597796113701,4.219726838548855,4.45638916088928,5.160093674365151
6.45315941611372,6.273837400870873,5.443419577801444,4.153621374397386,4.1552352846000264,3.220233315187553,3.9125784382853444,-1.4394076072801574,0.30116060895024754,5.56539738010721,3.1973840352152663,3.5045519407864707,4.4946091873675424,8.758163102441886,3.728808863153653,7.013038650573383,5.63133247789725,4.085508324210131,4.155524234441721,4.501758476504354,6.513196692030331,7.839504862559018,6.66823490445481,7.659893595530638,5.190874398130159,4.797499485900434,5.464773560747356,3.9957638272964946,4.253975184472586,3.098847039763982,3.9994966639540093,4.465133518010257,4.845126616023507,5.416978719931455
6.981873208720072,4.963073229688072,4.1506827158187525,0.5423034274698721,4.324441317701504,6.4231655894279385,0.972285265730895,1.7358230551924938,3.849120865444897,2.4017193698505217,4.977698164816884,6.158210144280215,5.496270097560755,7.718418131741978,2.2805632357811274,4.984948515472292,3.052810223300479,4.217950642745374,6.0599261801781426,6.7403576233957745,6.186104500875614,7.761509042325107,7.147295990452424,6.367501242049041,6.718314454405757,4.901018442360069,5.4016956706100085,5.319325599581538,4.488075612981811,3.4631815511437862,3.5775053785750894,4.810225565542039,5.457777223044312,6.469887573363779
5.999397629555612,4.6075073795074415,3.4592967391565517,-0.9947634219387635,4.867811501010791,5.415043823307265,11.454522652447727,1.2598259528155822,0.7163439226832876,6.14320532119431,5.9793091412238875,7.193259267423455,1.3888725208615094,-0.11308459393129701,7.434429115539953,6.8214852895676215,4.969160562897816,4.567954367497787,5.868886963150459,5.626905834034174,3.607993398288286,7.148193770656206,7.074081080237451,6.519343971269824,6.424346258907524,5.253936601412448,5.332948018346218,6.598648587309884,4.064270327523242,3.071583220654775,3.476943529615864,3.9007554672120617,4.990602082711526,5.879211194579217
5.782269904644042,4.531130847260258,3.585589396692864,-1.1186035108205314,0.5712730255602301,1.4976284585865325,-0.9252769780506102,7.093684981969033,2.856818166459956,3.1420430559161803,2.6939219808483608,2.5343105649711135,3.058113007006555,1.9594840430968032,2.8536303209578247,5.887166742253748,3.1760746690537656,4.314111538954512,4.3232781735230565,4.977752845821354,5.162176020622658,5.256931877104926,5.341329828849795,5.352351927493789,5.107241547487488,5.56311340778742,5.284914251871543,5.801388778767116,2.920911490553549,2.5563329197169673,2.912886558432455,4.895154608374284,5.797834725007718,6.140234539353646
5.725311484505401,4.349132553031752,3.912182177283341,-1.7030254601245185,-1.8089983633329325,0.986395589657952,3.136656545607265,-0.3431777628394376,0.5577915055281257,3.2482711974413534,6.679527253203437,6.160356371746597,6.6404224863648285,2.678608057924939,2.4381933789013543,4.349184042408282,3.95828245778064,2.223345027165636,4.309917588627571,5.195970976797018,6.642096747918944,5.315196377142143,5.834293399981884,4.965820174319435,4.721460824414031,4.078039165078442,6.617759466373558,5.061873639012337,4.073089566709974,4.2904140739498375,4.486525657552716,5.542210374871862,5.893047158400237,5.690696106183332
5.032969847684363,4.035289250701115,3.738970025315044,-2.862262035658345,-2.581416004898576,2.947889439525452,5.706878277575971,5.230851368065751,1.276775268586546,3.273793224772663,5.634329692839299,3.166069956084906,4.234563270300203,4.236177654547438,3.600003436458549,1.187321844776463,3.9392946746243584,3.5953748785197455,5.358304277816515,4.944313670525384,5.716354751976487,5.967407249193232,4.921801756774372,4.002871311445555,4.915612291772931,5.1712305457856615,6.057499853364704,5.380221988942366,3.613432157093092,3.7076991347588724,5.094206046227726,5.291375163960662,4.937426659959461,4.979118490077991
4.270619741713105,3.6094638376576405,3.4090226334813956,-0.14396702026356337,-1.6293540039351386,-1.9237204300462725,2.4845749483643322,0.3541844007980617,5.832850001376046,5.572334787033336,3.2529135502820643,1.8619680327422647,5.165981368992418,2.164845818922171,4.60955182560929,4.083681050337002,2.8946446060713726,4.201849411413177,4.58553809030855,5.280005189375708,5.607133042599896,6.25871231238701,5.269652801303281,4.9497884708375395,3.789524177181232,4.98964908023903,4.980385995976661,3.7949462539027836,3.494005793909394,3.4634821210384708,4.64687826263656,4.7085286501858805,4.7927816821991645,4.379079808368423
3.760358970042622,3.2189289967243546,3.22972938703717,0.5403317984591288,-0.8082954619099766,-0.064644708405682,3.727467597928534,2.504210759906148,-0.14589514831581366,3.843179820519892,6.7123371769284095,2.8222435816974656,5.13808203820231,2.599063661396123,0.38780461745725175,3.5992025376580106,2.7486706481691003,2.9141351209423587,2.276053724998136,4.3393264895401735,4.178608635436247,6.483294873122157,5.651077510359351,5.591303186828478,4.477606617568677,3.949007677563538,4.6487835331206835,4.82487949830787,3.992400847404577,4.123540570491795,5.489657103386277,5.524010537403305,4.909100255578644,4.395654509852956
3.2475032333547573,2.738709834758747,2.714311350652079,0.7764108546147988,-1.3219562740274011,-1.377531450677887,-0.6987085588578883,3.4052415885352874,4.187573327331609,4.5667486639845505,4.626151766514912,2.690307560921002,3.92989029668383,1.88456004977548,2.9937690878795884,3.4501663230562616,2.2998727508555152,3.082436473889629,2.5633831777056844,3.7996838559766966,3.0756526552089825,4.0658762331674065,5.458386798216117,4.955764367606579,5.266343051439981,3.501509353836348,3.7476021579064303,4.7054363701131665,4.806649714454477,5.927660746571601,6.512154578318383,7.540502753298475,6.467363007638105,4.72894966485575
2.883256418873567,2.7454713839956795,2.6499121752623727,0.19428504801101315,-0.5672700461765825,-1.425186499712208,0.20983766808135146,0.483305709519937,4.056118111454537,3.454296571726768,3.974464455641727,2.8133406991213916,1.4028431623276312,1.7649854983075823,0.9384910382073116,2.2092693679068587,2.202840508365485,2.7594822370526977,2.586469189935969,2.853131894936245,2.4360059410944577,3.3409033403871895,5.050490919207638,5.157714759961972,4.627440087332578,4.4313864706558945,4.4708930117029935,4.879654821527821,6.378280001549302,6.3286150219875195,7.317624910668133,7.272257039303535,5.916479241595653,4.332226770475031
2.9179104205726776,3.246956405764398,2.3465359265621433,1.354417052311583,0.27910013082669566,-0.7476965880348382,-0.6878480304379947,1.774098794090247,3.9975570778888785,2.8194650083820947,0.6903690372703237,1.3395743100653204,0.3954486777582777,0.960472736031237,1.4372704883422749,1.4380606921650831,2.259615718712071,2.0587926859499452,1.5475169942611569,1.8573107532239215,2.5508551060676448,3.412438046309052,4.045881701439151,4.594982305878805,4.743060994183053,4.715305454209115,5.093966445972727,5.339321457313185,5.361266296117051,5.500773791856196,5.6703789301442225,5.618258033025022,4.524305514691533,3.4845753703005506
3.0493452401846732,3.0489452696040864,2.3693585311577112,1.5005804866091763,0.6710317716552597,-1.7156676931169688,0.8364551630489169,2.81141645988936,7.209160013923598,5.894499525202034,2.929417392299001,2.701280079646647,1.7072268935792858,2.0459101670366544,2.0840753322865804,0.3431175986260916,2.071348095944421,1.9275605436227834,2.7481686952133324,3.6024813728173974,3.2175840676359306,2.6603863255752946,3.0803117958571953,4.147815546538065,4.513082228291285,4.622801790147789,4.877705938484398,4.970412932053387,5.0646436343617784,5.024825273212789,5.427101616904133,5.461757621057488,4.7994284341776545,5.404563698491629
2.918272472428816,2.6562512814849613,2.423369232003604,1.9521795242465498,0.40070742409159077,-2.2263171620463296,1.0093035127637804,2.3279477548589864,5.586606401376387,3.9044297470138187,4.879934358974116,0.8649494714629381,3.554820853516936,2.6095343542417533,3.36796797956221,-0.16386174231678025,1.8011236753035849,2.673626879874872,1.9705088293738842,2.7903928575328516,2.838132495623224,2.617671873727553,3.1094583494943375,4.353934313755525,3.0889748588194763,3.1937453228303267,3.4430299182383686,4.40555689519481,5.040674051587309,4.890840047742604,4.8386257280392995,5.257045892255438,4.923290044285138,5.250079164183577
