script/wind250m.json
{"header": {"parameterCategory": 2, "parameterNumber": 2, "lo1": 6.000198445256149, "la1": 58.999992894266676, "dx": 0.5, "dy": 0.25, "nx": 22, "ny": 24, "refTime": "2024-04-04T08:00:00.000Z"}, "data":
[rows 0 to 23 of 24, columns 0 to 21 of 22]
6.597762723566159,2.035353637451929,2.6000926498771384,-11.45205483525597,7.954807419972642,2.1628071076962496,-6.2742551186770354,-11.138411118497798,0.037712729521078424,2.2570806015949514,-16.486260458023892,-11.836196866022016,-3.6155533651417326,-15.001597327774848,-10.509454899852368,-12.58186042715094,-12.682875119788106,-0.9662346350002741,-15.503776316711846,-2.8074193234776454,6.631284815291485,-13.172604780035343
-15.67396592896229,-3.301363170235442,5.271274482025528,-13.960898863041674,1.3172388391043215,-14.625248432580545,8.039836875332686,-14.851748119457003,6.399332606843894,-9.963832211205885,-10.711526031512102,0.8383345746022228,3.9285230328176413,1.6573623540335862,-11.533765364260795,1.9982340518532784,-15.41184504585612,3.290741150049588,-1.5262634025574238,3.8049588506128322,8.456857219963133,-6.880972941350316
5.135125261007519,-13.242178075290894,-12.16341772233274,-11.715776774406116,5.6122191976078115,-13.692775067792997,-13.388659706606154,-20.57969315222337,3.486582531347458,7.748561729073206,3.899461222531193,0.2165591495581327,-9.850667360080683,7.6001693508040615,3.3980494981940472,-6.934763063755496,0.5584579848005897,9.031866330914573,0.5932731883707627,1.7201540941546771,-15.715456701634524,-7.675582966576758
-0.006197668635065776,-13.82901684734535,-15.562408937974826,-12.899666866535103,4.16637840543972,-13.807327065367723,-10.621868603746092,-4.142496661151704,0.9010297866476997,8.339448007115204,-13.615383826824827,-16.893471474850884,-7.079719003819553,-10.126248574543201,-12.653015893691727,6.626613974130198,-15.08442949071444,-3.608070330182957,3.283906316989528,3.397525540176533,-10.762417857911547,-10.991534951948147
-12.69358611233737,1.609488458923376,-9.208061036393454,4.871657440391519,-10.352715796492012,-14.416506344622215,8.335226787588331,-10.226633175492033,-24.170718556781253,1.744368972966509,4.529631300651851,-13.899421365235671,-10.690683366342034,-6.685109468855736,-8.724835018557611,4.775262315359311,7.510005164022394,4.16449041004438,7.672345514564141,-14.663130908309865,2.1071191208494104,-12.873505970240265
-0.6107045205196051,2.3426765647530403,-7.572409369097205,3.139783783772253,1.9354210282363922,1.9389868782424127,-15.11757710360809,-10.227827192284565,-13.16400192011116,5.110605510162577,5.509552456437087,-13.922590949435792,-14.58452818142471,-14.631669831409566,-13.753568273862488,-11.435198337669295,-9.30595903922359,2.9472350545630763,6.074119435946924,-6.786015053812027,2.287490670548529,-9.296750161130042
-14.859314376039752,5.362082294425074,-1.2177661548501904,-15.25551244839634,-12.055571538746182,-6.756728100803988,3.9591540205192,-3.9844449021160906,-3.5603952710051052,-4.626683448840219,-10.121163519988505,-15.404328560671564,1.4514687876407735,-14.643252452942495,5.184213014857088,5.254388380420384,-7.972273379893663,1.5646905436816267,-12.586921124993745,5.085002362062048,-11.12450167041017,-14.806199174524457
-12.70155291868261,-10.845108641721607,-12.707814741149784,4.1195657862172945,-13.50048139702267,8.043792427598207,-7.72342381924803,-14.70158873805133,-0.2068069833942034,-13.916304271278715,2.5976622143066868,-7.776915985785376,6.831090344411702,-15.247782992565302,3.5104352313776146,-12.320524264417015,6.414170320073101,4.595383826021338,-8.882102932065086,-13.609537571936265,-13.261921439331418,3.8865076444143423
7.851254965274039,7.8653203864115175,-6.019873512899044,-8.933980797698046,-9.42820860307237,-0.217804129875796,1.3384072841850903,-11.252355761785871,1.6395139565160028,4.914153633404455,1.5480813260483992,1.3638973088829773,8.42583839016569,4.583455281581966,-15.261360281322894,-2.1597503505262323,7.709285841682679,6.504465438528253,-2.769830827703376,3.6797456804844337,2.580219721689624,8.293724836100475
-15.383321095983975,-2.763349406785095,-11.46867408206758,-3.3342534363817045,-13.380955780406,-12.752369705334441,-8.167381975266743,-13.643327326269167,-10.845024346614995,-13.358139516675715,-10.614717919255106,2.416418731257963,-13.592231935537335,-14.595679868423602,2.191649093455107,3.7093549817626816,8.128259124161154,-12.67540920671529,-10.928651401586267,-11.388919184349474,-14.331088341269869,1.6507985154949563
-28.816715375275752,-17.80340036196124,6.888099042074552,-2.7884843714445697,-13.972043591799498,-7.708056448841524,-11.637643609284138,-14.579176685923352,5.549062016080593,-9.823269257905231,2.5673101741866473,-5.187926852981628,-10.715494459258029,4.564732165128676,2.8359482120623047,-9.5339265258414,5.5437481950865655,-10.672780414543974,-13.610596214965268,-10.170468421147898,-1.039333672287748,7.256205992013756
-12.150604785527145,-16.065660768111666,-12.470023514981039,-10.356898808074803,-6.86783601231088,2.3554622888059944,-11.590805828629279,-15.01909666747834,8.04057808052511,-2.4685784729821187,0.8121821246454966,-13.486828964288353,-12.106202515270828,-5.50532538231099,3.6310993572892274,-10.416434106417208,9.403045795863031,-18.62420661680904,-4.304362446707233,1.8246406187626532,5.099730245461959,-13.602910648438371
-10.107800513089536,-14.307555389390718,-2.2051280895190537,3.918799898258373,-10.62962574228309,-11.051467720896385,-0.07920786096309354,-12.815734181093148,6.810341581268105,-5.205797306410528,-17.112751543907326,7.271145446633911,3.3510302942814634,5.699480478628837,5.221852046824201,3.9701128744750838,4.881075836522828,5.200938429642196,7.287121909926079,3.3946349302065073,-15.323961221683575,-12.652073335583774
6.514410683752634,-14.01040576259327,1.5540308368625824,-14.935100534737371,4.695180494730521,-13.267287618371084,2.959334406921932,-8.098455983510217,-14.079505298393276,5.029278398842521,-10.24599379925272,-9.37124615312747,-14.713250237665644,-10.190231595975225,5.481756083074356,-6.28326571594129,4.685107327696607,-12.153315559189176,1.4270611308196819,7.637781741701882,-2.0521340745387584,-11.74953374883823
-10.891462033788713,-13.399645100966733,5.526149608226676,-12.65528536675658,-13.07427297390967,4.702071580508586,-11.019670851606826,6.243114262287714,-10.242560997645226,-10.632911484737011,6.9735715383685095,5.047259498403464,0.5542278733916822,2.1208143821550443,-9.96598146832485,-14.905234686693687,-0.5575601765559483,-7.362973222500548,-11.180813210643274,0.6330907392375446,1.6116341812553185,-11.612957133511477
2.7370335756483386,2.0079907704994553,9.301062910088246,2.464597214139985,3.6141912985697697,-10.702209363291994,-18.27298754338834,4.395563500569869,-9.961296623233547,-13.661706174128396,2.2603067211759247,0.10834396665106685,-9.948257491987777,0.5677109870685064,-13.955976968138375,-15.193006725711705,-11.947758992602633,4.819824039548907,-11.15001659967656,0.26011496015822294,3.016633628186824,-6.5526400220330485
-5.281077426248232,-5.696861752718203,-14.26570841057836,1.1617646912550417,-11.88112597641758,-10.200227357925009,6.436248143289543,6.513141152170223,4.697682404289718,-11.225077579479759,-20.604491898503444,5.6618551029725745,-18.806619816603977,-11.884839557643303,-10.641246649004989,-20.785800611863145,-15.458581179963462,-8.39096018126291,-13.623917515467495,3.9338079634702305,-20.817249858598323,-13.67828596616515
5.03777177656833,-13.952702063783489,1.8110438657321257,-1.411847450017333,-12.994254283669337,-9.356069928355794,-1.9473953441515963,5.403157767493223,-13.994361652196087,7.107792448249674,4.820443229921262,-7.99849756760178,1.8668627922030876,-16.832507938763264,5.008004426775394,-2.1082499449173775,3.450170441991494,-11.421189008182802,-15.28272587127822,2.486088383244904,0.12730518485735,5.356105658340753
-13.115955486077931,4.6453538351290184,-10.98106916169911,0.2692552108604334,6.7149634544668215,6.5287026986940395,2.20701417496321,-13.800927884728232,5.67465867805295,-11.026319389980781,-0.080487731885245,-14.961679169958199,-8.92172253307674,3.4743395906941337,5.421513003401421,4.869057802706949,5.491302364258905,0.5303759271610229,-10.349957209774038,-9.837549125470716,10.506539035481161,5.459272296977363
2.2740430983319015,4.495499496246989,-8.536524863455828,3.759674886214917,2.733642966729541,7.53254126672081,-1.0243023982174504,8.49480118365894,-15.034696856116579,-10.419002742032319,-14.264061934773078,-5.7073924850321704,-14.757959923631594,-5.152523296973738,-22.2017614128379,1.4073216796151993,-9.853728400953258,2.3417863671110455,-6.120527051416549,6.30099764159558,8.21448750120826,-4.874504368687883
5.283723902042249,-12.54036789715083,-4.182235785447739,-11.346046090252065,-12.186106182771098,7.983043403159132,3.1826298181467876,5.479467314287199,-4.240307382062195,1.864429430636771,-13.713092560992038,-8.32724514328398,2.012183259406395,-10.943329945237203,-1.2878911985720718,4.866481970108145,6.721793968384653,-7.0484088046150175,4.053750992114611,-14.240407316008797,-11.52186627407636,-8.947093803124826
8.991219788528253,-13.917396072589518,6.15140127138208,-12.85160790607746,-28.866566974112676,-11.85792592855322,-8.765613796786699,-15.226297521267119,-12.501659780611572,4.846256917867028,-11.163070736753534,2.075566641314015,-15.048043898812809,-12.527784048018319,2.890367622173711,0.8832568464223503,3.7384978684672037,3.9802864627999344,-7.027920259430119,3.6781768524757634,-1.446893050887694,-10.63565939995903
-7.1404337109156355,-14.108973210392245,-13.055814278370228,-12.380831390756123,3.4334812406231245,6.060505637515684,-11.585879152665582,-32.698467963137766,-15.421590052753576,4.851678530376567,-14.218361346374015,6.75418859051076,6.010450120202,-11.767638746761268,4.6177859961307535,7.785016057627967,4.590187224154797,-12.12828125938403,0.14756036523915728,4.968012918081072,-13.58709898001912,8.502296705685984
6.810212180478207,8.200946655100527,-15.279022232792773,-8.121316178692874,3.895285881639156,4.4868502790961395,-15.047766337983743,-0.8551110618889798,-8.443064923686448,-7.0530748853317045,-13.231597646070988,-9.14369364803985,-14.326739289824022,-6.988169296764046,-13.966441870138913,-15.526353709715147,-13.360373689106986,-13.687891979813864,2.786243829132986,-10.647906866197873,2.352660890423556,4.2610503719591915
