script/wind350m.json
{"header": {"parameterCategory": 2, "parameterNumber": 3, "lo1": 3.000054539987559, "la1": 64.9999836372058, "dx": 0.5, "dy": 0.25, "nx": 34, "ny": 52, "refTime": "2026-02-22T19:00:00.000Z"}, "data":
[rows 24 to 47 of 52, columns 0 to 33 of 34]
2.169932224343381,2.1104895991197647,2.803068354173767,2.735370087522022,10.384050719516443,13.907679500713217,12.27668213735598,7.137210710898183,8.657642007150937,2.2465068158576447,6.024482600850518,2.5698968761201937,1.922317371517698,4.234210887677945,3.0316153919562328,6.771885583105844,4.945508878233606,6.300214891979883,6.499847117340442,7.658837803809455,8.534942379426477,9.956248260431007,10.216600647382995,9.520332261108418,9.08485647297225,7.948318591691255,7.341831873739258,6.964853074332698,5.9819149602882735,5.292139092489001,4.270883328087532,4.038169945927694,4.209020073679821,3.481439852274894
1.7553343945648066,1.2756226859270798,2.0418406102943285,1.5943525058820525,6.496797108875491,13.248776000908245,10.981809471763043,6.701000060779775,7.019326420433668,2.06838237277131,3.0755866253456725,-0.7920196229156344,1.0176494342090754,4.007629221826684,7.87983082479148,7.703971143561662,5.758690042356526,5.1175518641531275,6.587450763942241,7.812299062961183,9.322365868851623,9.193929960414795,9.881499471909416,9.42714809162746,9.354401392319092,7.3338343389134435,7.529082779509363,6.9759278134486955,5.845562686331622,5.267172284769422,4.219413628110006,4.0653526038073275,4.043123636576788,3.8607688367179325
0.211707718485031,-0.3631369122018296,-0.18010154745475282,1.2613620211804835,0.4442318532889164,11.674110592824935,7.394761470780716,4.881441202269597,3.725407429675751,0.05269121385115691,0.2865005981694569,-0.7123156237443975,0.4512243015434862,7.128061053381137,6.842602797879985,8.472091213640974,8.322505790837225,7.21094839315434,7.096091241172711,7.276269928515839,9.375912668832061,8.801381903640255,9.482885295051105,9.523367217045513,9.46680417810569,9.067478764838631,7.626943518613746,6.6745808382714005,5.35766542989086,4.426262285099653,5.036351648415403,3.9762950986699916,4.06037282996778,3.380810750277368
0.7339683952344297,-1.2763922174072204,-1.0351783230854315,-0.0017214281585126905,-1.240024553819264,4.7984436249210685,7.378932706284671,5.089412994328047,0.610668626779889,-0.17785347351852254,-1.0506390272016983,-0.15203254645154413,1.4989572779561728,3.553671958832846,7.744666119121988,8.21356681960668,9.204266230787834,6.9631038607243845,7.557612929377367,7.954398702594991,7.757415985704935,10.504042083022874,7.6240704439987175,9.038614607793317,9.83782141222802,8.36552695200656,8.20959677648124,6.580999931566867,5.662203862970457,5.145994554712518,4.30377081195912,4.909483735836305,5.0798589819674795,4.048039055846743
0.517381468521501,-0.8841612085764043,-1.5391355349521592,-0.22400851594886978,-1.2948075649297743,-2.172709523130983,7.660129011544726,6.405684357166303,4.610870993425059,2.0348171527772516,0.5183519043581913,0.11327686170632398,1.9065147640651803,2.4986369260391115,5.385582945532009,9.666494091310204,10.49340356862999,9.243505273852863,10.6096557449316,9.309302686716745,9.052449126734036,8.674669475514568,8.61468444070698,8.110017518599726,8.67943352811442,8.496797632759792,8.46191923602837,6.559518829478382,5.785711536327664,5.868973308100118,5.016615366757223,4.46601606245594,4.637999293713456,4.481691562821685
1.0324542486134225,-1.3326471640296371,-1.8637053825877272,-2.555150989169223,-1.899668919652667,-3.2332187654546236,-0.7527513235696458,5.17053775720461,4.366890582141916,1.9066690153650097,2.6344159453589966,0.2564175185668191,0.7255361040728615,1.2584096124909894,3.8438472664874515,9.5766377236088,11.745623383060861,11.80834837769443,8.567922398214156,8.89003682620405,11.285812251137227,11.783944026723635,9.541096172409027,8.360532712396125,8.441376741902621,8.804711453527627,8.181819871666859,7.3836073382993215,6.609749510889602,5.745766935299003,5.997584348353562,5.659487295293269,5.586962728989032,4.416576145780746
0.026744879122582187,-1.731831456960935,-2.4490480868969615,-3.403719160497012,-2.391350552969652,-3.0813535473329945,-2.1566576281319154,-0.9832905967183018,1.453689430423417,3.845263731740798,3.4055759778020382,4.292437156883387,-2.099075373628101,-2.6152318360765907,0.26345775511107616,6.3978786285933475,11.008951655301157,13.268530913306627,8.024772089551053,7.277247806758362,8.286121372666617,10.109739978724654,10.435581826242226,10.66569669914327,8.839567517851865,7.4958095255899195,7.66128138812451,7.352877512523137,7.513189725334167,7.014451498540113,6.026320762570657,5.440521598005036,6.128138381121707,5.847750724032972
-1.3100828654984185,-2.2670100438372,-3.3438171594323984,-3.150879889532585,-3.9811130923445193,-4.261019346250209,-2.5975018826247736,-1.5034103300572743,-1.6278316586584154,0.17323509369707724,1.307008980831434,1.709479648903439,-1.9743640937065348,-1.7792585978301025,-0.772828431974393,2.3761869056607146,9.568071163416839,13.078545438769295,11.337686699691627,8.9035224607876,8.578507049952005,8.340359628392907,9.500185813735131,9.279342557944874,10.128690470054565,8.11638655307499,7.224863254256185,6.56327729048747,6.966149444310526,7.070796459724366,7.232791056069526,6.284042223464638,5.640306078883502,5.473742538594209
-1.3075720978548642,-1.9337179328815282,-1.5788525594918414,-1.7101342613986488,-3.639766309153751,-4.618842633717827,-3.5663960184118855,-1.3972917094553747,-2.178460672625698,-2.267004517801216,-2.1853182921331484,0.18630820787506303,-0.9941767404784465,-2.5460783146752477,-0.9274560354180217,0.18395815559367984,3.4127606643454342,11.598719230671751,13.964089867308207,10.568163018984785,8.609582384527252,10.467818338810241,9.00647283323362,8.921122358653486,10.778804904488528,8.217563317188779,7.361029476068052,6.756402170761441,6.654088426744802,7.688226274645719,7.132374056802419,6.484081143961191,5.969598753441503,5.3448981075571185
0.27090803171683003,-2.94398690173611,-2.595992744635708,-1.9164564381914657,-3.6095697206628605,-4.171522662049123,-3.7520170739144785,-2.174292476080083,-2.8232964535208853,-3.09134086292934,-2.141986182072421,-0.9452863351180143,0.3814731613741885,-0.42484993085523703,-2.109004045113572,0.048509830215822086,2.5727438047851683,7.008755103758144,11.923259689959401,11.622053107637555,9.609748413699087,9.893535684434578,9.306693160124231,8.968061438049597,9.04814018535304,9.167092227470311,5.897640553423434,6.442786825317628,6.380918079628908,7.3322996580322135,7.884168207066825,7.531759218739792,6.204913127418617,5.696561377144331
0.872738920265556,-1.8192619379345503,-1.6805352141348031,-2.3635638971810247,-3.681697021818318,-4.146794372157609,-3.5512481350167366,-2.4769433191025687,-2.197249507536652,-3.9216841950707226,-2.7779882223514947,-3.218760623648759,-0.3958559750587682,-1.4977126299497319,-3.234692777437521,-2.607636554347789,0.5244410504014289,5.152497821907277,9.560754637939231,11.84994176091677,9.418865843024879,8.39469418546799,9.012705773252318,8.739391149793056,9.302052209532468,7.660523755920423,6.9158616696105755,7.286879886820507,7.279811795426291,7.551343703954889,8.416582305462333,8.704054733462053,7.045697442269568,5.246715249209956
0.8329620014262925,-0.3749094038085374,-1.7334220634803397,-3.0071408457070454,-2.908664787127808,-4.369648923056634,-5.476600737346925,-3.5729197381179842,-3.152351669594207,-2.0053106785646664,-4.000796661163265,-4.637851845324193,-4.49304559044626,-4.027575460214478,-3.362991602743552,-4.205937009747566,1.4148594880355487,0.9766531939054928,6.746951010233845,6.994214691767491,9.340923648426045,9.190276990208508,8.898090759486823,9.545868274379263,8.068674555980948,7.366492558311131,7.609300083662275,8.332614458723443,6.7343243345083925,7.75628485509828,8.807822443270192,10.229095260803803,7.948281050744628,5.8995859994818405
0.5188345886868252,-1.0470450646579499,-2.2521650640728494,-3.0428571730588736,-3.277257342698642,-4.134658576401604,-5.019869684373501,-4.756969948392483,-4.064670218265964,-3.1856505992666007,-6.430855724229248,-5.674260607303798,-6.570828408667919,-5.122848083569052,-4.024920450308255,-4.202513404240636,1.2118417750938562,-1.4736530874660088,4.325821545211873,7.320202132196574,4.389743425778137,8.097754260570369,8.770934423340703,10.36218708456917,10.941085249726461,9.89222372663134,8.935993014474883,9.486002911515117,8.265479826828908,7.930294791832639,7.047639015402533,8.623245501659834,9.916618529130309,7.929001681849609
1.917545085607987,-0.4845367834730065,-1.2727289583469266,-2.751436651689354,-1.3816364470344482,-4.257117144904989,-5.443092899535528,-4.152741127213107,-4.3799032362050765,-3.9136613003415324,-5.294093149815928,-6.463775588969186,-7.351135747394306,-4.98699859055707,-4.6232490731720945,-3.3631405493540014,0.2913366994492063,-0.5888177792172893,1.9982526558299205,3.255677650683224,1.3405438024211545,2.497493584869204,3.9847403761646616,7.930085473826096,9.408825297176184,10.545061726761435,10.598189477477106,11.33133905065015,9.374271144151377,7.806172936107027,7.8309085345814875,8.067910085567137,8.668579272288708,8.229120889239885
1.23729204063907,0.5881701979955529,-0.869049511376754,-1.4925829436476319,-2.574878427698153,-2.9307891413472538,-4.303597950061311,-5.0519895105764405,-4.756610151088857,-3.771347112028048,-3.879482269829322,-6.351515884170985,-7.616875699922374,-6.692889719827197,-4.4740789416312055,-4.389243701700092,-1.0917092511967401,1.47856565461592,1.1309660431307627,1.1518559317256523,1.2825895554052331,-1.3588519880972887,1.1191379571927806,2.4743459767581113,7.6168586935712215,9.28758335148331,10.255809738572195,11.538781246519802,10.561900688726881,9.768709488509984,8.835009156743546,8.143982201108155,7.054162767546623,8.515724798960319
1.64040001871005,0.735445540450416,-0.2860410999966137,-1.6581904594931085,-2.7762127608805143,-2.9449522668073453,-4.625390348977026,-5.556854131430944,-5.798962627935575,-4.5968527612989325,-4.586000755401436,-7.42264775069305,-7.359314234831194,-9.035742058479059,-5.8118807233692635,-5.215775056043052,-2.729361036985881,-1.9283269111829404,1.29552877096894,1.0931895969190155,-0.17211336527499457,-1.7206545567472284,-0.8175874874931491,-0.7083326070878166,1.079852733426505,7.222711785182348,9.335060423667343,9.510918729795181,10.547892754384858,10.963506777777592,9.766559922670455,9.460304261788965,8.35008863732928,6.083056410702562
1.452142913543585,0.32756477486837715,0.3479347203233346,-0.5746906770693566,-1.2619102941026463,-2.9148952890539492,-3.461561889223517,-5.279820587727527,-6.418358399820566,-6.845955622671522,-5.93258729197167,-4.321390018069352,-6.776286612528283,-10.314400765624672,-6.2554799262600636,-6.180922989359055,-2.202687240434267,-0.6714377919539621,-1.0870314261356446,0.9138312106627375,-1.8905153741384575,-0.25906619957733507,-1.8734649019766625,-0.8506787839716021,0.5162034495461201,2.7813000358079925,8.104159859927217,11.070678375437122,11.90546643642009,11.29929734009541,11.178021674889631,10.010392992820476,8.56269286352294,8.363285632930156
2.4586127064268806,1.0729979095416018,-0.14332354473976422,-0.6086512419256112,-0.4598008526563841,-1.4596872734577102,-4.082100389986502,-4.843665930599651,-6.939367677727593,-6.254366131173218,-6.040593088388145,-6.57877744663592,-5.502437507559784,-8.99015831548069,-7.80480419514345,-7.951728744567218,-5.6943207340813045,-2.2447702432693144,0.1743243270424775,-0.9992248152946277,-0.06744160589896558,0.025063185968116044,-0.355918934384613,-0.07575251035818822,0.7243367366777304,1.7233076830640732,5.529393050376654,9.086221215736687,11.688620153121715,12.232196111493542,12.784191220682384,10.669493458337046,9.40779515315227,9.464934004196442
2.1124422005379166,2.062463449100186,0.9583139765064554,-0.8414464610987804,-0.28720582840136205,0.5091501063684594,-0.824703645088162,-5.578532140360089,-5.498768437134795,-6.4218919357621225,-7.818165783634112,-7.1423250312448925,-5.194789653259327,-7.413283464646419,-4.704463457185703,-3.469180272250614,-0.35708061994243706,-1.8408854434394781,0.2851403475801076,0.08279316271446095,1.6200521529593177,-0.6232588381514689,-0.1441900548636045,-1.804099874877668,0.06798161099554485,-0.30587328794019936,2.983908201014652,5.997544740901276,11.842154025001827,13.6071199291495,14.563276859652445,12.886283019599643,11.665534580524735,10.89169766667204
2.689813801418858,2.987661762179536,1.2559525710786168,-0.5567120587877435,-0.7512354391802952,0.7420324213867298,0.5857605687215635,-5.15371153889176,-4.925465270317152,-7.50431664105315,-8.063245372372432,-8.96550025286324,-7.283940452740735,-5.780198225797692,-3.0651681685394427,-0.9955583895356724,1.4044601839051667,0.7422283451543362,2.4352284957926438,3.03904626922846,1.8000226083953648,0.07271680019701886,-1.3595673337268486,-0.766126295817733,-1.1008002830787396,-0.18586537585113944,1.7532946789938764,5.5449751748300535,8.771782258173587,11.891516860407924,11.496110119423742,11.428201795661101,13.654834951711354,12.810377094816468
3.6955284221872517,2.867806522184707,2.5681837704916823,0.017521635142857428,-0.7267998050044029,0.40406863726346787,1.2603061274645173,-3.185676787974735,-5.737936354146373,-6.966275496530366,-7.342279186449028,-8.41960843546523,-7.318246885960526,-2.2305683722237326,-1.7955732307240844,-0.7126865629394887,1.6706749558876364,2.647734585254948,2.344047718141881,3.980353658370318,3.3227267493199566,3.247097860131135,-0.2925414094476703,-1.4218431862420324,-3.3147780042392974,-1.6770207279747449,1.0374941336052035,1.6195085907093838,4.486817111482554,7.739970062111346,9.385931851612307,10.327580871254977,13.19428687236132,15.06037432100315
3.254001047423181,4.004585205413878,1.8047964591213945,0.4021789416301761,-0.19871616301798375,0.02041868983870592,-1.2905106640040573,-0.7105586879231861,-5.3364523316188315,-6.427297819245662,-6.241047257252805,-4.934835390245065,-2.7070432181716075,-4.1678901273888345,-1.0849632905415811,0.1157289358863358,0.03597130347585016,0.913337162277965,2.1388827248989597,2.2907829102856194,2.3190425385599105,2.512790086224934,1.2845916975392686,-0.8633364936056293,-1.054650539803164,-4.046127416975204,-2.7415545878602283,-0.22627904795988146,1.705234368213923,3.1878575916622935,8.24031076638799,8.166412372751322,10.952334978127135,12.57289082390173
5.149792858209847,2.8597926043567643,1.3100335255288715,0.5759649771302103,0.3574468015419701,0.28384202864840075,-2.1834538414113163,-1.934096575742937,-3.4090216890373277,-2.7037674390005866,-1.7868253120387168,-1.2715662349136623,-0.647718491943478,-1.919556771394402,-2.4651005377327375,-2.976770237054708,-1.6115846718940725,-0.1584219483117926,0.7794343909875031,0.8751094072892072,1.1466551613334233,1.5146270682766727,1.5554595619195843,-0.5410192240823184,-0.25384197260078717,-1.1528992726142533,-3.0099056241715543,-2.7449655258068377,-1.9493873540408224,0.44625784066467045,3.989439090360281,6.832098862521425,8.851220082362914,10.29453393152063
3.514967301047811,3.4997428225789466,2.47365291148531,1.2761080597555012,0.6901316639195547,0.037134848330867894,-0.8392582868346068,-0.8186884155606109,-0.2105224715682212,-3.387748426128371,-2.761322627693465,-1.862285862885279,-0.9539610534259614,-1.4182598113000637,-2.0276732872060776,-3.3327282569028034,-1.5468460418457288,-0.030619323227200842,-0.42255226986023403,-0.444226806285108,-0.44202524990980135,1.260046523793449,1.8020496417318441,1.5625202111291574,1.136596976633,2.0379435439925935,0.97152530765323,-3.5281772355545207,-2.226052483142834,-1.9991955855390788,0.2071853882551716,4.79140214703405,7.767059519829486,9.02804195940215
