script/wind10m.json
{"header": {"parameterCategory": 2, "parameterNumber": 2, "lo1": 3.000054539987559, "la1": 64.9999836372058, "dx": 0.5, "dy": 0.25, "nx": 34, "ny": 52, "refTime": "2025-12-19T23:00:00.000Z"}, "data":
[rows 0 to 24 of 52, columns 0 to 33 of 34]
7.769832134409232,7.924287874780555,7.7435445091474016,10.128979254302095,10.021817526722915,11.090840127681039,12.10636233619147,12.510855501833145,12.668518729104266,11.744444296361326,11.249219087481977,10.47959302939401,10.806267647511167,9.874214296034973,8.834271420528694,6.852927412906672,4.631102163652568,-0.19253679885930888,0.8342361295158618,1.2092412554362566,0.033809518163281344,0.7282888845086884,-0.9663071310013381,1.9507606737301557,2.2479070206131184,1.3396260793259585,0.33145070036552193,0.267484276533693,0.5116164004916633,1.2691835949558017,0.09331327966880427,-1.3889377273543055,-0.8876355678858098,1.1933457486334247
9.26288383349252,10.482245101975638,9.700147546362105,9.093941056437302,11.527963565538663,13.141187599507422,13.879489015946604,13.06250584917437,12.726252174030472,11.500699441942457,11.036305415763506,11.608602620150434,10.355029812810155,7.8913195886671055,7.51705264477,8.452478118975714,6.4966729238537875,1.3142483804705984,2.0726751173938314,4.509904756216612,1.5139730949667414,1.055752943791096,0.8108684256546225,-2.5217022175991137,-0.20108914317319118,0.29343118575644794,-0.8698450695863608,-1.573264966053602,-0.23678369954686646,3.500517162168769,-0.9327892071830742,-0.3951538686244788,-0.917315428927636,1.7210365531035088
10.064066597161089,10.450742353517406,12.060498734500552,11.914654516215771,11.134737569888104,11.688725730488462,12.9320822103017,12.987942514690626,12.21825113073898,11.770070539454824,12.010279404099451,11.28775746700638,10.403528610134593,8.380798271211562,8.278827495347798,5.609480662221565,3.4008382876204113,0.5765753264892237,3.4122146936724116,-0.6208713774839806,3.2046441217961976,-0.6509610266061728,-0.2991280471363164,-1.10788983433104,-0.4332945741126373,0.33017042769465343,-1.1068174871996508,1.0168482814784738,-0.303883504422834,1.3811163542355025,2.2065319488430744,-0.11617481016964813,0.3311096193858716,0.49465863082726974
10.34869885446778,10.87612844890233,12.123792490192244,12.561391256375373,12.404893656700828,12.13378838966753,12.126376696380603,13.082439116478325,11.988056557483022,12.376285393082782,11.694308920701731,11.492231744949018,9.34859575873922,7.849557787023737,7.0281363156691885,3.577384190039524,-0.4580611475657594,1.1992819542516084,1.422707501944207,1.035782594862542,-0.5168093165838178,2.100855186294088,-1.2932692947717266,1.3301291762008216,-2.013707395755311,-1.8184602560624694,2.6837672158517973,0.03244762418960729,-0.0469004513635484,1.0534443954275297,-0.39148662018217717,2.9722928065038867,0.6077516339780944,-1.6483650358773063
11.16591681104916,11.32763170398328,11.842815508128941,12.229392968229961,12.258748795761708,12.736219256860188,12.7720116187456,12.687111359626984,12.311462882779745,12.218162142869122,11.561553648233309,8.782106667582477,7.392229320359509,8.263451457225512,2.022799309790917,2.602894031788242,1.7037416028861585,1.7313975200884435,0.8881906847791416,4.414850421010531,1.5116623257973523,5.910909886013648,-1.6901557293043248,0.830750055728117,3.5175114254535074,-1.0642929085753412,-0.4578812340568611,-0.56524494782465,0.7337708110505444,0.7330235593355127,0.49876540264857466,1.5790140268098025,-0.012108908976527197,-1.0111263147733502
11.830655047622779,11.624715306735839,11.438520114482284,11.572612471294326,12.210219951676502,13.134872669406898,12.698921673346181,12.125365454209387,12.113265760514293,10.75297935637813,8.56692964741126,7.8059281087814645,5.925077832134757,7.335119592563773,1.7259869817498612,1.2348587217963645,2.000863761567797,1.2115836895135594,2.24116231762799,-3.048630408306919,-2.0827783145556755,-1.627555399144915,2.971883162414829,0.3081901630304512,2.097400839783848,1.3123843494484406,0.0692873718115891,-0.624558021172347,0.8514365876590652,1.1150326876682042,1.1649347253989215,-0.9752886726543188,-0.0819695640321564,-0.3848967611733003
11.83435636759851,12.063489051716859,11.841875767555491,12.534556304830073,12.826797780506645,12.25924636977088,11.81807692439584,11.714220153017983,10.54748685653913,7.429474716303829,5.165667048043283,6.589705535927264,5.277691671483605,3.2518903204687204,-1.3880271982228514,1.33857101599929,0.7335765506773398,1.791430802845376,3.044166198621833,2.310079839727078,2.0792551208831833,1.5240413999840983,-1.8675183742142965,0.5447315603225582,1.8843748356886862,0.9471275865521608,3.4868411603524594,-1.546843992255391,0.7580202551137132,1.4833600919952914,1.113329897315793,1.2376989321535257,0.2018957573508006,0.7856023685815677
12.573908588160373,12.186025578322518,11.93678882658798,12.886504264442774,12.366151617848713,11.386358586792664,11.004816441885657,10.560764988492474,10.02347211414977,6.581021558315965,4.498455033628728,0.9755328759098679,3.177302042209145,7.051124904617602,-0.7420872256004368,0.5751435271459572,0.5249498667656014,1.9178514252176677,0.5928213979058392,4.054972790664808,2.8795381622312464,1.5442022546561351,-0.26771548057833827,0.5950308019315599,2.1170521611727775,1.3803396720327255,1.6711673312048048,3.0619652009304352,2.2285897546190245,0.7143920381148218,3.306758628767733,-0.1731640237921008,2.002964256048037,6.384345109663807
11.778007362349502,11.560151721402985,12.424876496006988,12.294246536985863,11.317207350549285,10.999910268828407,10.024757275837054,8.973682179740635,3.1880684032031974,2.330343330832518,2.1926019871803826,0.41905332192969186,2.225694974719812,-0.08810282084367427,1.3347756661500383,-1.2569105102343352,-4.280002026642229,3.662457192251875,2.9354863410470475,5.664475749113673,9.014346262982615,2.4778772366663033,4.310694064775447,-0.27395458617054613,1.0903173813181626,0.7058175182175548,2.026336256181727,0.9909439789853576,2.655894201568932,1.3991054060060726,0.7170111809478598,0.8137608939544131,4.260682842999662,6.923895985018706
10.965765257977587,11.565608304124865,11.723755410013831,11.15969896087328,10.490725060026236,9.459594167813258,9.634455476799404,3.705192763983623,0.5708776500123713,1.4441159232191187,-1.373261442598321,0.545393834972104,8.06267694128294,2.0114364827738447,-2.401573775237793,3.710592629739524,2.8920497542452344,-2.7595986084252893,1.1531837612972269,2.2870125057172026,3.173567033388602,3.3197165912442532,3.781527224493729,0.9413904782875145,0.1651211381934196,1.0362595313604266,3.0313806510042056,3.5177803471091287,2.4122037434131856,2.864449175445239,0.028537295622839687,5.67670835287031,6.571660515018352,6.845718983428479
10.7982833819334,11.182430988012728,10.525118607831805,9.868692514238786,9.81897896568631,9.907277904555077,6.949898374329286,1.3525730900892416,4.336098349587421,0.584355060355476,6.110573920215364,-2.5376063909719395,6.578464014813179,-0.7683724466320212,7.159337813793611,-3.058515089687465,1.8971886874221673,0.5604106215398363,2.457024892190177,-0.6779439907204811,4.777760082842992,0.24669748572982825,5.886089519011409,1.4433192931987473,1.2609918100104451,1.5726082512704738,2.360002840442886,2.292446330809268,2.611194604685521,1.8197182240261114,7.096250246593841,7.550309378421135,7.343140007655356,7.926386150948716
9.841947591296478,9.388361815226782,9.221432267645095,8.336552233103184,9.260738153088559,5.1840969041163465,-1.0591729638004617,-2.0129009941134517,-2.9531791009933963,3.78329824200452,4.261105047191326,2.2826042940021285,-2.927471815601131,4.617922384129561,5.042176382753112,-1.3588587670621983,0.1701065517421217,2.385944228891842,3.0447761266181383,1.4426894928132554,3.6495088622274685,3.117616987487083,-0.5800829285159926,3.7928436272854045,0.21419644398452453,-1.0549369405736928,1.3630025465174482,2.6055499620038427,3.0303011148110124,1.5439986356110518,5.059484603524193,7.122996242178277,8.08541721434216,8.614452011380367
8.359457542759355,7.953446716351439,6.862393062038058,7.850660025300687,5.178138151676059,1.9366325658099013,2.0102986150975934,0.632745764208476,1.4985227802834884,7.794196667507566,4.608689654955156,7.056763659213914,-3.8935114862660996,1.969915673425452,-5.446965637819209,3.7988512588326797,-1.0203113610440988,6.429395363283659,3.093605947882736,1.9177122659923322,0.6338411581915533,2.305375678232825,3.6552505271753497,0.3726247123974507,1.635788801413048,-0.6612860987483143,0.0032436455634089973,2.0589417710520848,2.5626694626652067,3.225835235352286,3.5573406248234005,6.203049770190855,6.904275815444671,7.912029923827115
7.289771244803865,7.025739041884347,8.841852941192432,8.941608330516376,5.879332947876303,7.071382770420798,5.393817312165253,-1.2408946256756639,3.97391276598684,6.661833057922151,7.923043810193138,6.567986410946844,-1.3662512973088852,-0.7215156293605224,1.175963848014742,-0.987050932916708,0.5033344739569736,0.8102700929134853,3.4873328882165135,2.0801236781454615,-0.8844405313669327,4.909940003546707,4.435693640892629,3.8384233652540716,1.1662423381937472,2.73086805904573,1.4018348479081022,3.69251175823001,2.040039419871864,3.183764264175598,3.6857868203313133,4.417434459674122,6.126184508914593,7.80087096718956
7.895277803662907,8.512968302799413,8.996470380177993,8.638666912369072,7.150078219537705,2.3283218558125953,-1.5362925684451618,2.948109257134581,2.5368439900344333,6.675565787902786,0.5384520657213442,4.792813165954916,4.842450000962331,2.496058945878139,-1.1139747706386762,3.6735480342323803,-0.8517241059795759,1.091091496444955,1.5202721162185366,1.0822669278882389,3.0295610221957396,0.9792201939007141,2.1362087352929278,3.9819421976678875,0.913952402216367,2.065549643608507,1.0796051293198872,2.799473779959826,1.4267481943017777,3.656331389051519,3.2324418584795027,4.575034161135424,5.6465693573953715,7.384430140791487
8.70136606391537,7.162505425741114,8.858278185286563,10.214805065713136,2.721816816960782,1.5159454814785245,6.76645998434019,0.3676781607278023,-1.722950676666961,3.356356728820535,5.999371548347239,6.320850594031584,-0.67820994967086,4.40959192273805,-1.9705297328514244,0.5322600197625396,4.984206151885,-0.6002595554149176,1.140106164618965,0.7845092667437386,6.276933479353376,3.9316312182044695,0.36547113219204586,2.3999129914670063,2.1247293687622943,0.8423106712109841,4.001316186100175,3.12898169530832,2.4185122279368536,1.8768424096201823,4.325825980559768,4.731696764927626,6.012765050660209,6.9687579880929995
9.52267973972596,9.097275725774946,8.110273866886086,8.540107199145151,1.7238105524394773,3.510455809535894,4.864700004865451,1.7043691109261836,-2.759677906365612,3.7725611561762014,5.079273552461847,7.030557872461521,0.7625755740604657,-1.129841352431395,-0.5591587442707175,-3.391411067287336,0.13367794665019792,-0.8367642564853701,2.1029214720683855,1.5767761185491083,2.9036965235699586,5.015777250686819,1.6317841791247907,-0.3960417476606359,2.0552133793946927,1.336536357212805,3.0977730082126858,3.8810931194790697,3.403060741485088,4.506717545675537,4.061036710966003,4.762925926341181,5.454604817248789,7.331582669031554
9.888566937141354,8.348976909440244,10.017873817552061,10.169880277090138,3.6122011486232233,3.9238733407226123,4.752573765629672,-0.05580970351121723,7.7341811082052265,11.573860329965688,3.3761793021357285,0.33463575634002646,-0.6438199020092427,0.30666667383729446,1.1760182054106851,2.8679476578265617,-2.22659584611492,1.492755691838732,1.3114312067648788,2.4498426831802806,1.0664343463664605,1.7527337420239044,1.978259219385081,3.102645060543917,0.01874926793202821,0.4967466799046067,2.5419877612027633,2.742837824963999,3.1247206078851533,7.543606666716862,6.297510065616896,4.124144664903368,5.274403012647619,7.595180941525235
9.632721699387236,8.11063261199334,6.020260134109014,11.160866276798455,5.679061408044053,1.2243269280750244,8.468746097147022,3.4574590548414252,1.7868551530143468,5.745046198291516,5.279261347476542,-0.7626559995329918,1.681283482988304,-0.5694375038248146,-1.426019714329168,1.3590144346762676,0.2463945041278691,0.6835520031175826,0.001961831744365349,1.8184393023681436,0.5579047609231379,2.80650692805725,2.6713021505141272,2.1782728877419197,1.6149095851791653,1.0814966857208315,1.2254082630277956,3.1249148577474046,2.29907907011939,3.7289711482524863,4.978390849407419,6.658851727399947,5.9943999971375845,7.497540213851565
10.129490935187333,10.067123134587781,12.865499384503426,9.391415808625212,5.184101853338355,4.52473332456667,-0.9101339881499527,10.716108036691331,10.052522165816711,4.865344607814337,6.640822565719717,7.65558498498229,-1.0403414418851435,3.360893622981973,-0.9022616960795834,0.3501034106000153,1.5066531387269015,1.1355391801690917,1.2778537179626481,1.661165490291431,0.6917289863556065,0.3809419020783765,2.604975725618943,2.6805668548322577,0.8345706647737569,0.6114480824226758,0.7668700677660646,1.0004343150823936,2.102558529983485,2.5411108595561465,2.8242483899750677,3.196892301650469,7.009430671616307,3.674500350709591
10.276816733819487,12.936172467927122,11.987260585997118,4.36143235884332,7.069440507930007,3.4225389729220956,2.328985409289431,2.8639634961107157,4.9442346807640565,3.9801546453369356,3.4523261568636454,4.470286348387358,3.1538136533666963,-0.17115573855994132,1.4758474295570425,0.8734003568860085,1.9517347519167743,1.1933193475297816,2.4671724972882076,1.10061919736205,0.5221819018593367,0.17061951889284752,1.3215669719803114,2.2050673123167956,2.437098785248347,1.9451190209656302,2.143909962884767,1.4062727346937425,1.8215416501133213,3.2700785558729955,3.9199283852262825,3.4153299052886217,7.65641285224595,5.5182516826100665
11.863391801190312,12.480060121695502,13.282126806507712,14.141117276866735,12.141119526460848,6.459442855080164,4.796032049471999,1.7522537809102277,6.084224242668662,0.17701130860284023,3.152160912667141,4.202623202267092,-0.4282343363858692,0.5871766120073771,-1.2170567488986639,0.431207485801155,1.8413452137240167,3.167730099686881,2.9159116924143307,0.5344846506240425,1.1471494081275715,-0.24219672361548766,1.5015706661029884,2.4062803103636696,2.348324586515386,2.020591923381982,1.5947672880835542,1.5293052572743933,2.4304755856124087,3.5386225843729,4.196344005273918,3.5779918082515785,3.647596291221872,6.207422915162339
12.924332553184096,13.278433073874847,12.587961664527523,12.899321700361186,11.393882962018221,4.189224079971939,2.003302183467218,5.2090509259508115,10.040214678372452,4.790418868451366,-0.44820356213872664,1.3020022300835887,0.6088121049366587,1.9394950092107344,0.9940520001968803,-1.6129713149983929,3.02771600139018,3.6405598802989374,2.9571582916564076,4.208547061727283,0.9225995184751306,0.36354307380021766,1.8335212688113942,2.8391155690256857,2.529717216911819,2.0956595080531595,2.4537399085378455,2.373120689711447,2.109957546756787,2.741122032205283,2.597375521408633,4.188547221907309,6.240776550435181,5.944247659215615
12.716106838128612,12.628836268374524,13.373919099589799,11.068371368053375,10.70209836322482,7.076744583217414,3.543853593690222,8.572568137804922,10.932983834666308,-2.1039875908725256,0.10133484443470082,-1.6256467418272913,1.2396705436494346,-0.10038178463534084,1.474131762043332,3.3491254285108987,3.0764286844224005,3.904291202764312,2.7499293120897295,3.3631343539557936,2.2994907786807617,2.344864144774853,2.6198603079814737,2.253375697305998,3.967462935823649,1.7643239371460928,2.9292428284912355,2.5631324666720436,1.9783770756242873,2.3197443562174853,3.270089980749027,2.67655977020299,6.577520139406178,7.793538643425377
13.42860464761526,13.715591206351478,13.906639442392107,12.108714479641714,10.254121017235402,9.828062652409844,4.717710176833911,9.505897194034045,7.489261043942034,1.9762217139268445,3.082502409983739,0.4831083708156599,0.8192051133384918,0.7210531258569368,4.04203924939943,6.27402375176669,2.45126072783689,3.6320068220360575,3.026177579860479,2.3373545451591893,4.207815713746573,5.24471572782225,1.5021843624141469,2.1782894793938303,2.3018092033495803,2.280135434640048,2.507799976284638,2.616950993854797,2.0245401345874963,1.88121167168353,2.7828614093530253,7.684847636440944,8.877218835057748,7.7060460040517915
