script/wind100m.json
{"header": {"parameterCategory": 2, "parameterNumber": 2, "lo1": 3.000054539987559, "la1": 64.9999836372058, "dx": 0.5, "dy": 0.25, "nx": 34, "ny": 52, "refTime": "2025-12-12T21:00:00.000Z"}, "data":
[rows 0 to 23 of 52, columns 0 to 33 of 34]
3.7087290090439087,2.885503926741314,1.8969097444717586,2.370477381070184,3.2221377070998614,3.1331086145086147,1.9724720995751166,2.1919796449820423,2.389719468262954,0.47845588502696584,-2.678212506038972,-3.6251756761707212,-4.1287776179879865,-5.720555401291329,-8.453497111933794,-10.706742598377305,-7.207274580721464,-10.881833091657816,-10.574182898070086,-15.547473586533906,-5.189159205785798,-2.806903721247237,-8.757114419742969,-7.016464877656689,-5.962541432407889,-3.4615524860470446,-3.1289406303468317,-3.9075805852768855,-3.552270141526579,-4.66588124411952,-3.960431179247778,-3.8793471229168857,-2.286680716379723,-1.7776901977292492
4.0992752663057175,1.844898020238034,1.8704780515914983,3.682093353911317,3.221613002878689,3.459567688907508,0.8123217991988754,0.9226899691712981,0.7434381035366067,-1.4052788645123586,-3.9738830535192404,-4.777673799038512,-4.680969103512123,-5.426821656411781,-7.731621237121119,-10.17185076227717,-11.884244424584042,-9.971856825950294,-18.2892282019779,-9.265410483300395,-15.288142858795533,-8.5611381899088,-3.8483391931743323,-8.56180150372273,-4.308483801370793,-4.174264574640988,-3.431826115080581,-3.663436200526572,-3.731329663196827,-2.464307847866312,-2.630080281020119,-3.273783543330686,-2.9538133748788873,-2.7449955766978325
4.468268106284047,3.5585876489532238,1.6256884994686618,2.4767637834731007,4.698992549013455,2.604598781714759,1.717075015620901,0.2566712921224689,-0.47981375579949714,-2.984420688734879,-5.02229197193771,-5.847193660605332,-5.851683651994572,-5.805025674721635,-7.986346397504495,-10.054018735940963,-10.153960417666147,-10.314861821062623,-7.251609740463821,-9.778520958757772,-9.680368886873476,-5.144017626789687,-8.669501304920283,-6.827612837940159,-5.199365448494486,-3.564913903164385,-4.297816642112247,-2.9333372806859326,-4.181252693233801,-4.35734081860763,-3.1777766718649025,-3.0062748758253,-2.6282369776439523,-4.700076555637474
4.2972482079517516,4.238469891979711,3.117865888787333,6.9322494332534115,4.786449455267124,2.6192145533450057,2.1456433951711604,-0.10187561162834192,-1.8847402741827772,-3.311717988702444,-5.6986409670888,-7.676536503010108,-7.522748663906442,-7.205862398254329,-8.908661165997165,-9.562148250936232,-6.613090404291509,-7.766171180517942,-11.786625803868683,-5.23986550880507,-11.862777101402335,-9.12508023829879,-7.826316948933755,-3.764648530137952,-4.713414674518007,-5.583381871644953,-4.145836921595756,-3.767634794058536,-4.684406837091729,-4.829092921724198,-3.3851902441376605,-3.113104122217849,-2.5172692733895325,-4.453542111747944
4.9959198235902464,4.314871472643049,4.6941905761325255,7.250840792242265,7.8551730916188465,3.5857346034245907,1.1882042581484027,-0.32743242319356725,-0.8379630222813317,-3.34766807387538,-6.213447624139356,-7.982729667948494,-8.481197648481354,-8.67873482720009,-13.038993818104037,-12.895709957803664,-8.17863201900134,-7.804550048109532,-5.5602896668637785,-8.960956925645785,-12.55725520378486,-7.189225782135656,-4.508356943009329,-4.9527761580391365,-3.7001744397610685,-5.440633653508494,-5.294903786778988,-4.618612041084258,-3.4363730694230545,-3.167589838858345,-3.470232520839618,-6.495359815670876,-2.885103091299109,-2.7586823173083683
5.915306812995732,3.7130939771403115,4.281730010698515,4.913097647762031,1.5202470883886259,3.2425531516516015,0.6391037045129241,-0.6194485145303945,-0.1763817459304389,-2.572285778365988,-4.415757454062816,-7.52195327609107,-8.419005327711991,-9.140701627022526,-5.968119190624017,-6.428213029199299,-5.389015295235158,-8.180292808838631,-11.563560955949285,-15.83786147943376,-7.7972324963230735,-8.231709370616766,-4.4572382532345305,-4.158591413891091,-4.5951822878706,-4.452018132432515,-4.616034231300884,-4.582235123003716,-3.6720378198738564,-3.985925517519643,-4.676493852315761,-4.020377432424175,-3.3120967620860986,-1.9773965864435479
5.003135635837967,3.887117961010593,4.698118484411967,3.618946713129947,3.5347456466478335,2.2108260791228096,0.12041226232516483,-1.5263058108052259,-0.6648656036069613,-0.4621672544138583,-1.822112795278409,-3.2995736639406013,-5.751324621333854,-8.161395936438137,-9.338569835898152,-6.091924594716878,-3.8598605149638896,-11.168759687222186,-8.52661960946536,-7.793891749709327,-7.973314211061355,-5.897682954642468,-6.302307117306128,-4.760070377456465,-4.796790031223636,-3.9713000101780693,-3.5573221154561923,-3.6538947321428585,-3.1729426742799807,-4.819811908805219,-3.358350626678288,-4.0271465473616965,-3.114677205920096,-2.488401045791869
4.400615900577861,4.420480905511204,5.207517179506033,6.546032690796233,4.608856956248798,3.2126301387881586,0.6294785486945488,-1.8741842847899395,0.020840526932273295,1.2211106592776864,1.2433364050280755,-3.147446793814993,-0.34792248826338973,-1.7569916557312437,-3.5783724123746636,-4.0235522547448,-3.6848499809577224,-4.471327840536243,0.8537585811458798,-0.7680593294061518,-3.6908757796694265,-3.33562579465391,-5.492101979841304,-5.294484753493285,-4.467905836566258,-4.559482504654052,-4.749896486129762,-3.315247440935233,-3.766391979255609,-3.1729238380824403,-4.694418678228973,-4.134270966110534,-2.8446799348599505,-5.2942664719478545
5.5108364036927,6.3200843215194205,6.893127726082614,7.689229786721887,3.6262269718946225,3.4712460125675584,-0.09778602830902342,-1.2823818456339857,0.6091468438153708,1.891754036945555,-3.2969872814623433,-3.3626216200405965,0.7973332657395885,-3.057158521893597,-1.3585832899387185,-5.334573659578853,-8.559351657267943,3.2448177738753214,-11.123949940181362,-8.002659095907847,-2.2957021047812884,-1.3727063427255308,-2.120143441014911,-4.723077426020121,-4.852282330462385,-4.738877655187146,-3.5008327113248354,-2.7594967860662742,-2.6388646942059273,-2.9920238037758256,-4.4957814315874876,-4.88154863415514,-4.847212419616467,-5.434163963345141
5.258419885650968,5.571957318695287,7.1784292650493455,7.507369884508425,3.8412090055623023,2.1245535347499667,0.48983461559506136,-0.00963954743643441,-0.9181195359046992,-0.19412851743668225,-1.6944291863942884,-0.9634597979244263,0.045200711888753874,2.301320731502574,-5.565820131000421,-1.1432860329573595,-1.261223987012468,-6.633762595912231,-6.892237897668051,-3.4845649083482018,-2.328183645823687,-3.093990167710623,-3.957797594191516,-3.6718974161117184,-4.171709095342923,-4.957569531963936,-3.9373253731873916,-3.843793418737388,-4.571561373488822,-3.9610846794796437,-3.6433904573690885,-4.7350190408506245,-4.846901006521447,-4.755964347862012
4.564345300592119,4.626207958578916,7.117482151662634,7.5722914146794125,5.062247570775757,1.3611749036666014,0.01731938088733628,0.41731630246701834,2.938461885162251,0.742322983215906,0.2816214112139992,-5.443650649684399,2.605353524094541,2.9582766611559603,3.264668804975568,-3.9707275518302096,1.5283434887845522,-4.181336535548443,-6.525847404493891,-3.4911320255135756,-3.888012598568838,-3.9596044469497227,-4.067112003092451,-4.531173730907792,-5.628706854887141,-3.5424338278334835,-4.057721924924277,-4.489607242772753,-3.348331251264812,-3.9702167672009185,-5.0259793652340985,-4.60592913145467,-4.3232804804432154,-4.38282715583336
5.791648230520613,6.587294585047683,6.903106276158207,1.461323657947629,2.5615198210791053,-2.5784265678020684,-2.09328927133465,-2.857921329643317,-1.9835211619114772,-1.7630376659993485,-1.0508456075504924,-2.2864442562271607,-4.932437230984523,1.617705906833388,-0.146073565269251,-2.151380374720777,-2.5383981725582965,-1.30951369272342,-4.206472112413678,-3.7431151831529355,-2.9913970938176977,-4.8334212243666,-3.856178454899027,-3.856848000995338,-3.879990295572893,-4.836883057102253,-3.88284949697601,-3.776142898865882,-2.70815818991458,-3.779008634594562,-5.045682468490792,-5.223310805997189,-4.459127518442719,-4.201927269584663
5.7438091583316835,6.255964739976434,6.917928181114784,5.457473933767662,2.2831104450319475,-1.3342579876409033,1.6760469071403186,1.8770132221898215,-0.20810863716045844,2.3411503477589335,-0.3243172252138189,-2.1440675315656557,-0.08855661796945909,-0.30720696922558255,-3.589499868124327,7.452297392557661,-2.5144374719974105,-2.1872527800649433,-5.8703934038738055,-3.544264068493519,-2.6246321022795556,-3.1119068586011998,-4.3765613511990376,-4.452748658365854,-4.445438156352347,-5.964121736819715,-4.405740719236494,-4.1283079529538895,-3.432771368325705,-4.1992692573387345,-5.153000642115551,-5.217475550040959,-4.746147026602147,-4.582641661551473
5.261922917346681,5.549617402562123,6.650875950140316,4.076526290045444,3.0706290921610475,-0.4091212600115324,4.802269157634059,1.7276334788811087,-6.818658175392523,2.36688073714196,3.845916844038421,7.767046743679132,-4.053430836130628,-3.2078757502544195,-0.42932292574240544,-1.1097032856201503,-1.778968765623265,-2.564715608605972,-1.9439038884982986,-4.056199613003603,-4.055226750272641,-3.8457726205265645,-3.905094258503182,-4.32723017277597,-4.827988531511354,-4.826690909052814,-4.508523078058495,-3.141951481185039,-3.904449529002708,-4.49611559154684,-4.924970673169689,-5.082904062604698,-4.852934658335639,-4.702315535124045
5.08462510071321,5.163618862509209,5.20785088066854,1.5801503120810485,-0.17118336076687776,-2.2524299576806643,-2.388297280830383,-1.7490954310152225,-2.873201997175825,2.492415794384275,-0.31162086059310695,3.6804641782082306,3.5186880035131733,1.2682722634733272,-2.0776826619448077,-0.14807401977389306,-1.0500577583282338,-4.519075803559173,-3.014477583131182,-2.9875466529269747,-2.8032582975203164,-5.06953963577272,-4.608200344108236,-4.422548697826507,-3.968751665622879,-6.875057916412495,-4.8360938770228366,-3.8065793406752495,-3.4791180471719207,-4.820121564164495,-5.338811447179104,-5.327298248472426,-4.884610815863669,-4.850426529882577
4.6926509005600385,4.560657181121768,4.592809859722033,3.855110439475213,-2.8331368432259625,-1.9681120361841937,-3.3072790532925214,0.6172300217515407,-3.0785129863973024,-1.580868658719788,-4.8228522547798605,0.14815564936312273,-2.9529937055714117,-0.506532866183633,-3.8091119928173836,-2.3409622041451987,-3.208657342080635,-4.740030860186658,-5.589478715903574,-3.8337227145513904,-3.0724188302543216,-4.933995269824195,-4.001226609805391,-4.120913414053264,-3.1582355925100227,-4.681965447055013,-5.275384316804057,-3.6085047841022235,-3.104791222301424,-4.4484429277762425,-5.514586307331819,-5.585056496662641,-5.30612250701683,-5.038921381019715
5.230236782398847,3.9948652235406614,3.221036188433472,7.481596022710987,-2.3254274249637668,-1.4721001597369845,0.256358897496465,-2.451614811370554,-0.47194568187070707,-2.3987908256501504,0.27748788945229386,3.4083416617481452,-0.8617633357726668,-2.67496561249571,-2.0646715480991085,-2.239878168554808,-3.9414070461404127,-2.6210799925801274,-4.198122125046063,-1.2501245791107447,-4.677991435904638,-4.842990618121152,-5.361250374762413,-4.361784573899221,-4.868175774229753,-4.933000146012763,-4.627711882243767,-4.20360433375636,-2.4065165109941002,-4.21686595429659,-4.682103820058881,-5.499492349066255,-5.545017323850018,-5.2314084108305625
5.06762389771302,4.128202933735126,3.3324041192795906,3.528967190105944,-2.1966303933567968,-1.5361974786011365,0.7070237445453743,-0.7727506728902007,2.5065038042401544,-0.3552326833014582,-2.788807405192803,0.8314947073840502,-1.271722182471459,-2.0819843512901217,-1.9728992810814976,-2.8667337439478815,-6.532112321043696,-3.4806421559344187,-4.741419243527673,-5.4614127505440875,-4.8054649708282104,-4.553998556120791,-4.438641428119632,-4.668925586216728,-5.201888551934554,-5.631845614874718,-5.69820388321642,-4.136170734053526,-3.6565021506317876,-4.297484799634646,-4.800095867571786,-4.98059792736234,-4.902158370640989,-5.070121534477222
4.822008650149509,2.52306225495512,2.3865375809617593,7.561062152625735,-0.9770577170219067,-2.9158980172134763,1.9006615476229447,-0.5807342525453262,-4.45155091450468,0.580769476887887,1.0993687647829438,-4.255610592416951,0.18743788959442365,-2.0315806189848233,-1.9122681308546998,0.24317126605563702,-1.7198950337201475,-3.944665973745478,-3.1626747938427417,-3.1847673058725623,-3.1399771686573335,-4.752278728105351,-5.125688943954851,-6.053079099711593,-4.719284213573832,-4.857924449810129,-5.809155948632366,-4.072214458644206,-4.456671096043084,-3.995461018866005,-4.055295163839413,-5.971475395495148,-5.291153837018693,-4.874935026761024
4.4841701907539875,1.23102970924098,0.574779224366423,6.197022146875352,-0.9843713254413221,-2.4411560880732073,0.1735095942733872,2.9199330006765636,1.5628454815275319,1.5492561622215226,3.267211318451126,1.731612328531324,-3.4638293182984263,4.416779839823625,-1.1286452195260273,-3.9270300534157645,-2.851758513173026,-4.242877859294667,-2.684147178544984,-3.2822088647561345,-2.735544232364299,-4.0448708261594115,-5.788583907658438,-3.9743476774781583,-4.71505630358125,-4.0627306693790475,-4.923326350892287,-4.714222251928977,-5.241009763597483,-4.209930442618472,-4.045642871328465,-3.481802095502956,-7.0658326419601245,-4.774063814390531
4.25104079721904,1.74498195862388,1.9334015602904466,8.391836579436552,-0.1885453697975327,-3.200458213684329,-4.465517893038057,0.43489263851316295,0.9587733999450894,-0.8480487393189569,-1.4850981183230825,0.9119087409578398,1.897237062636726,-1.190070851449,1.4841161153932843,-2.487889989135205,-3.084066637769785,-3.778766607771138,-3.103150420285506,-3.431620203341347,-3.2180344210975966,-2.7587889529356926,-4.300419600776433,-4.22750184259461,-3.8019371790361483,-4.595240827481281,-4.945980938644732,-4.7275475003044285,-5.154646333277964,-4.671851836190636,-4.394513044875114,-4.444483447779647,-6.328308500525237,-6.761511002082558
5.053749693468781,2.67351631982276,4.556304414455368,8.182759076423924,-0.025240045567422795,-0.9257649471608572,-2.8933457556030597,1.329214232128468,0.6146135146597144,-4.601811664020153,1.545385207889807,2.230507558943913,-1.4552840272653178,1.5008270625825302,-3.1495379882509953,0.20986019213040696,0.3558264939864533,-3.377081215538111,-4.09948196284582,-4.139120252350341,-3.3826161022468764,-4.430247034913491,-4.575881157321033,-3.9915617530061915,-4.2831217623705315,-4.9170163717984705,-5.647062055978866,-5.885395699757672,-5.874039289750029,-5.27415836723029,-4.6718813254891,-4.725314791777404,-4.924265716321791,-6.433297252648126
4.898007373799362,2.9886883798022623,4.094288962033507,3.38676308489119,0.5615063667301066,-0.9195518707546171,-3.336559100429778,1.6063916668937057,0.8583962231325902,0.9390289444449968,-2.2090465474342182,-0.9271449391060695,3.4858942474174315,3.126275515247661,1.8833674301331293,-0.34275560798325666,1.775675681842887,1.5617658653444775,-3.553115630239641,-3.725744531659335,-4.825326021243347,-4.523744938963926,-4.937955776031261,-4.623668384133707,-4.241322356625218,-4.288343479516804,-5.4554837283355635,-6.506598041392881,-6.113653418814071,-5.732288015220928,-5.36030490556305,-4.833643740510119,-6.290361657772614,-6.071243787454637
5.017677876853926,2.65920497507019,3.955099771622942,2.9694171089121277,0.9923012188307493,-0.35770336925664037,0.44912777179173,-6.307013193525912,-0.1770820508958223,-2.755957192914459,0.899358952570266,0.12825972336347713,3.052777060057681,-1.4105253945106917,0.3091688713816435,-0.4523243219813143,1.586905781282191,1.829638675412073,-0.9714198931769202,-2.8590202098501734,-2.5206223990342767,-6.305593908165863,-6.07348627819748,-4.350766393153929,-4.26373067007401,-4.265017281218989,-5.4792266798079305,-5.01551071823445,-4.874431947326305,-4.983575618857973,-5.758431075345751,-5.263143501993863,-6.094159177416223,-6.313745520713522
