script/wind10m.json
{"header": {"parameterCategory": 2, "parameterNumber": 2, "lo1": 3.000054539987559, "la1": 64.9999836372058, "dx": 0.5, "dy": 0.25, "nx": 34, "ny": 52, "refTime": "2024-11-26T08:00:00.000Z"}, "data":
[rows 0 to 24 of 52, columns 0 to 33 of 34]
0.3001590647011945,0.1308717495839961,-0.4451023063591004,-0.004680036807154805,-0.6927481519156953,-0.7200965536597123,-1.8101197902983353,-2.560177245450847,-2.63312375809762,-2.9835267042816636,-3.411013016129909,-3.7590520146520077,-2.6871546959984327,-3.2090398686777024,-2.2376823783719137,-2.261931212468262,-2.112682698662435,-1.368913991587657,0.36889894401892676,2.2238237562284677,5.535756565729205,3.703455123142562,1.8074701906520863,1.5007989719448285,4.465619467180866,1.8035416019783035,-0.578196405161852,1.1740753005178997,1.626622596528225,1.5940273196291608,1.167465712062292,0.8968239769623971,2.1231457015340585,2.586669067026378
-0.585573338322943,-0.06833586563445893,-0.49611861891419107,-0.9074006020489505,-0.21852465679478505,-1.5450551059213147,-3.515948110727717,-3.36503154548472,-4.169983499409584,-3.5976972839741923,-3.8121708782699457,-3.7435226200815537,-3.6433047858478114,-3.275047364681246,-2.504058067620103,-2.4417205996785136,-1.9524068550329725,-0.4796900293253909,1.1988406530529618,6.193175803655234,1.7016146961201886,3.313529155647271,-0.3452312548467407,4.748194406144985,1.9694750575202713,0.45435201285737054,1.050987605655165,-1.1249424582167764,0.1628738333661369,3.3370762115651735,2.244950405561383,1.6430322705483913,1.5979199013636993,3.0901000688146674
-0.8707962160840295,-0.8097696052604665,-0.6210154213397291,-1.8829181062674198,-1.3337528768335112,-3.7574909593468195,-2.812184313860249,-2.7441331467722474,-4.010407545376088,-3.961348752166828,-4.879421610290239,-3.7394061169807142,-3.3222750832100085,-3.2938251234912035,-3.547349716335752,-3.8217369036125364,-0.9675170152185245,0.9309908513661613,0.609671168570711,2.0131276030857808,3.5641413670062576,2.5297378783490276,2.592719903708405,4.603004858774737,1.7757940126535943,0.22941920599746105,-1.2920884867820253,-0.4382763776464482,0.9144707631427992,1.7055194734383428,2.9020753334945018,1.9416854369876002,1.8854802586646326,1.8669508076535153
-0.6421549739315641,-1.0986909814841106,-1.5382367368674026,-1.728739357010844,-3.603581904616088,-4.839097364509959,-3.9356879729342573,-4.619441095084597,-4.47705791171796,-5.427387973807782,-4.659700667517968,-4.516004965290778,-4.12694816787373,-4.765543597528023,-5.114622931564705,-1.4825878892772115,0.6430685855217161,1.237812115321256,3.9463973828471453,0.04307441179530476,1.7880284437278873,3.7639004328469152,2.5756234021665287,1.5390408303669187,-0.5254972919276828,-0.24730856229438614,2.477022253056143,-0.39931873482658486,0.21552160048268537,1.221846249151251,2.1613880875052454,3.2463920076545443,1.786298804905916,1.6022771853775204
-0.8533787911189034,-1.4923936291590179,-1.5956680354003363,-2.7661553465159043,-2.7173483073665134,-4.379995115916117,-5.007342366348046,-4.068363792822079,-4.950006276013291,-3.7711618024933435,-5.108748704048908,-5.1354912226976115,-5.54379161716544,-6.76484071564037,-2.374550254814484,-0.8540867827010631,2.3841671727524067,0.01677084233772344,1.05871944302029,6.0703632911314545,1.5020420832490746,5.269041512850036,-1.1728581618636347,-0.6243279824930165,-0.2740530288560075,-0.11317610708816428,1.4323948684064507,-1.1899637321952439,1.7718506108628174,1.8388056064917764,1.9436085543009727,1.4686383271704877,1.9909544523471965,1.7289867874709333
-1.5216358762702644,-1.2405787237107178,-2.3230765683506163,-3.1919681913942797,-3.071171599950934,-4.659649717297396,-5.279658491205054,-4.883659372634939,-4.895058470949022,-5.687120121984145,-6.131663337774514,-6.436097713031329,-6.310453440694524,-5.172184563594963,-0.28257139234350326,0.6475443635274893,-0.5855283366417524,-0.4030782566064478,1.4718932572767716,-0.810223643604545,-0.5079719259057696,3.0836879658258285,4.080376690378978,0.20960703926239588,1.2941169728447484,0.6711537399952443,1.1853359690978624,1.8488784412800825,0.795144990952788,2.003592351025724,1.9900320416262778,-1.2221305342211035,0.6017192294990451,1.1496609220937737
-1.625475230953864,-2.0059046665858853,-2.4259772942065507,-3.8703278689368052,-4.029681533404251,-5.303807513948661,-5.463389766529263,-5.973153629290886,-5.858831773509605,-6.533648024263625,-7.670160032006661,-0.7141345349258997,-0.12952837086375504,0.7672131247557781,0.429323393150505,1.248968630323259,0.9341087257641705,-0.9574391066661018,2.6173635843282335,2.9840618611071412,1.9541784921765082,0.6444376994970783,-0.09158381277537644,0.24748771887133936,1.0850863106347444,0.7505717237851804,2.375090258243532,-1.4927231133408347,0.8561635316869539,2.1340361862778945,1.5451021721767082,1.949569973164937,1.5477112061466807,2.9603202609405064
-2.0800034397319727,-2.6727146083755895,-3.7064292373357492,-4.129026990315677,-4.777751541811333,-5.630101204636304,-7.085283881518329,-7.654589742203101,-6.8661738153853165,-4.090374675116651,1.3643259813755364,0.413079996299875,0.7030804450230642,0.7182724243618344,-0.516283299555642,-0.17000427382491584,-0.3530391177775335,1.4806401298390817,3.0215013814718708,1.2141883355893264,2.449782291296846,2.5172865083386187,-0.7714029249580967,-0.9297697646363946,0.7015003224244212,-0.5347729214489746,1.5796910423392243,2.828989465215092,1.3927455344487887,0.26596386287973345,2.5889726945536755,-0.5977078274635733,2.38797096702057,8.349759130062292
-2.1237436040822955,-3.8033152470390945,-3.2321033508651595,-4.021837976945745,-5.4893432950559164,-7.367678750109816,-8.245590957931443,-7.922911163109071,-4.326676662592125,-1.243453360448176,-0.9060994878866308,-0.785763898070029,-2.5833141995580715,-2.4098049632204352,1.228654783640504,-0.23455231527110224,-3.4634120337136083,4.465209922825804,-1.6646584844854948,1.2365837775529696,6.988645761173382,3.648767824229263,3.1445187275845536,-0.9685495393204892,0.7258919111415794,0.7171671326189386,1.2342710831864119,2.2550186919335475,0.4678296990979236,1.6945752688200952,0.8501482391297358,1.8492806271187179,7.471887909119037,8.118238933256828
-2.3018333000618463,-2.6662601279067935,-3.146235113343399,-3.679556929005014,-5.954671606913171,-8.684372762602722,-5.394548305180914,-7.55975258501499,-3.6792208310428722,-2.6281370972865936,0.49974456845184634,-0.7977762762997748,-0.45090560165179505,2.641416599247557,-2.5952518530186497,-0.4418424165718144,2.0634037645601024,-2.449013998639538,-1.8342217669065752,0.5910563298505613,3.6773707927961805,2.1525053089834127,2.1952574974587717,1.4586369622955784,0.5956673728392787,1.3865620617939114,2.6959382326380137,2.1450490383547316,1.2512126191927302,1.4540805625555802,1.2227610439636152,5.474264795050699,7.302125929859383,8.056745586968413
-1.9491389656139475,-2.08205595494807,-2.197170133794122,-3.4551421358446333,-4.82279656866414,-4.345860995006432,-3.8822995832216995,0.2969978180354536,-1.7099569931608023,1.0155399076554839,0.26524025153101377,-1.3575368812671045,0.6267793950879585,6.68241054583165,5.426895748852669,-2.1692423045087432,0.725559117736076,-0.8900583485530559,0.015007063306788544,-0.6134328143661293,1.6573246789861533,-0.11940343301843882,3.3641394175595916,-0.9614493540718696,0.5167733810926022,0.5715157121038192,1.4077604814734925,1.34669744041483,1.435464176913749,0.3310149321568441,3.361013761245243,6.498588973494592,7.453618270424533,7.909563428973473
-1.7003784728999474,-1.8038970958932607,-2.054139010376146,-2.8612140309952716,-2.624511960826755,-1.573802934176573,-1.688614131619409,-2.0574613997822837,-0.34513853620167295,-0.7774454545405903,0.24749345926711583,-1.4163707472044316,-0.9864325776940007,2.4861236823220354,0.09749876633143638,0.2934296392790207,-0.7848947801643797,1.481509393189071,0.8989646282355163,-0.41527961460097695,1.4522003211323666,1.6414641893959818,0.07835916108425352,1.24382477776181,0.36350622459867216,-1.137120464842215,0.551171637209089,1.8160176570730644,2.201228689527861,0.4278204333812445,4.9744470452896765,6.433368963227898,7.426715024847736,7.127144693456895
-1.4838726789092125,-2.0350193505057574,-1.8434153654906793,-1.8832560652640646,-0.7309467579660129,-0.05287162121362415,1.4107389361299443,1.1439638240071215,0.2320441755182484,1.0088735666694728,-1.9299081602343775,-1.963626446971931,0.4602870557372504,-1.000962663016107,-1.8191244263962096,2.88450026415601,-0.7410690648472531,-0.8257722212948156,-1.4820466570037956,-0.392553423805743,-0.01357997795323555,1.2502825429976314,1.7186971366381625,0.8419307196551395,-0.028210196011467563,0.01595411781065606,-0.20716565809488477,0.27811162159936925,0.6497740568898147,2.9059021815138224,4.595879169140453,6.25883357286978,6.409527455324761,7.113095228222206
-0.9467630535565779,-1.3593457981675132,-1.7893256640906567,0.37904626705297095,0.39976007369154015,1.38434417865621,-0.0968037180667443,-0.8376015954831963,0.12076207458324435,-2.559346686353957,-2.2704955895909094,1.0431939033980993,-0.9539732252903953,-0.04162843035405008,-0.1600741278764297,-0.06914545927680739,-1.0093147456544769,-1.2513615915927336,-0.4390207228404104,0.8190139263682868,-2.106413956266844,1.2974660890253982,1.106718591375918,1.6927671958682342,0.3712563653751121,1.4965514937918398,2.551072649205266,2.093891191193801,0.7852408246079937,2.5490419650071767,4.8561451911138915,6.055408553871029,5.4443185992529886,6.9541192916801124
-1.4277400261077884,-1.3413384734677458,-1.2948852428497726,-0.19544783565409765,2.0536312801256913,-0.07423407970840877,-1.1388377201635234,2.2713227432092364,-0.9227728169604158,-0.9997844711385916,0.21839853975103546,-0.5578759377272359,-0.6442266589478132,0.6879117019249569,-1.0394433991022933,1.034722457627272,0.8315974077292115,-0.807032038314973,0.25580308204577407,-1.0730362718974087,0.34351051891693407,-0.7888396038123653,0.9026935715689236,2.171720123133395,0.06307612268386013,0.9689617904691155,0.8277567566513654,1.860084631531218,0.40905085926394713,3.2064167544618702,4.93553938479158,5.830189174229861,6.7145317582047,5.596096014737055
-0.01437092213570049,-0.766768949607011,-0.9848876191247742,0.8206427424579186,-1.4181832049676406,0.015391888194748389,0.4657645504348838,0.5106993842571568,0.3350494905122112,-1.8901983282975616,-2.2208628505335515,-1.4913275233322076,-1.7720032954158553,0.05257745573714456,-0.38095747382781875,-0.34110420172116895,1.9189396555338853,-1.0668698143196844,-0.28250079003315876,0.10230116945580295,1.211661078647035,0.44327086076175926,-0.7806661930928327,0.5169606402675299,0.13054707626913348,0.3784674034302181,2.334191682503548,1.8548924220931589,0.26457645847897043,2.719584817208733,4.42332270663233,5.885992589131632,4.548342381448184,4.646613002462844
0.01662692126905591,0.3093009920315537,-0.11875212461673404,2.60689774563024,-0.6379927705879208,-1.0213666445280765,1.2829267243517577,1.0079977547508545,0.12213932892364004,-0.7150144628211749,-1.4379630103496075,2.357380720144149,0.033948051272936056,-0.47836508325892074,-0.5451905044700459,-2.171330659565441,-0.707966481859846,-0.4428876059478967,0.5476296021264255,0.8968679512211016,1.1183024746290429,1.198947515103568,0.4803916675292074,1.167812213653268,0.4978295621160393,0.3872673960964091,1.7863042308594144,0.993621966268572,1.169967061246504,2.5373487046639056,4.144647268852756,4.783029508646681,4.286118563833921,4.088125374766467
0.007836036187943062,0.07998338981473815,2.8838875858093567,2.8122624330619,0.7639584685744247,2.101622762711236,2.044879659498127,-0.05862532142574377,5.768049429861201,5.4866684585324474,-1.3886914761745148,-0.4816093165689585,0.151449485504028,0.3068682832579398,0.27488732798141824,1.36615068048104,-3.115411990130642,0.5445753668915443,-0.093598372756407,1.1089440134243678,0.8921387591382648,1.0179486683365901,0.7095444377501144,1.9712207179978791,1.3950388301125505,-0.49498743353814895,0.9322976021680496,0.567363506621463,1.1472015729719536,3.346497916377326,4.137853713195697,3.990397605031443,3.110690017114267,4.196992131338514
1.2910068548792792,0.9727771861033306,0.3167713419483857,1.3747920843132908,1.4109700461820627,0.12726769228310153,5.87632663033956,1.4639782433003043,2.9128030516828174,8.451906272031145,2.7540817407651925,-1.7456799980275524,1.304915175126047,-0.9041441639833949,-0.6921734301246365,0.2778463724930953,-0.05589174851244725,0.45602754570640575,-0.3533277231139299,0.5610392926538554,0.4453888319920779,2.50462175497069,2.3217167566009334,2.367392631446845,1.7161937812212569,1.2707434104131152,0.9714897803359998,1.829379391517996,1.2304453547858374,1.4319445305467884,2.5307283762133195,5.231746102156982,3.7283291026853744,3.5553098978199715
2.707797093918057,2.2589078639243896,-0.29779864912163295,-0.39433991144573993,-0.1786205083241862,1.5684673181732163,-0.36148405622905194,10.930321629637804,9.956788871053156,8.195501677106849,6.379554648102498,3.3973434364768718,-0.9455071254924128,4.996657392780933,-0.9100262752080935,1.0856769576027319,1.8930679295002526,0.954719641596297,1.2198648038998732,0.8869053907159719,1.0825991741360221,0.9425942624887905,2.816692335229314,2.386362482728806,1.9223541042783039,1.0362816178059542,0.9212162146830616,1.0622162518465694,1.1430567143270665,0.7961020758204315,1.6398623612110799,1.8397923857861278,3.5697378082855713,1.5512030010063314
4.690480839426921,6.7012691117612935,8.034334465218711,5.281187022329686,1.2681038184515772,-0.10081887771864353,0.8286946487663918,5.27728405697162,6.990727236481428,6.303473342993962,3.032036972968232,3.4829707642931593,1.6599450461496514,0.45194382899904095,2.3844220354765775,1.0563221884079623,2.1831527281905845,1.4066069292560144,2.519645103345057,0.722000606906505,0.17404141250428665,0.6974965696157781,2.0825585474528454,2.4001137430244923,2.787607750375151,1.6596631266476618,1.546885501317151,1.2293794735355839,1.2298100468512663,1.701882579886511,2.1704709165864204,1.8506735209597038,3.8001184908634627,2.867880452384577
4.736442962979216,6.12471002689129,7.2513251574466295,7.189062004596026,7.6407645871220975,3.869916724334037,3.976314008618196,2.900373934892129,5.761324217940184,2.869219007150884,3.1249067308170355,2.549556166572579,0.23404402311749573,2.1737820001014003,0.20228898125143585,1.103805817521563,2.413359806564304,2.2485089057334005,2.565381098334869,0.6299875850944555,0.9800345945310177,-0.3635525706245013,2.3723429533006763,2.8044807325339125,2.2533925972891966,1.2466699258751,1.3983153177142984,1.5307261397166587,1.7283665687410494,2.0783238312867303,2.304287677194819,2.8892530234160794,2.1659439133167457,4.3929377560218965
4.823270088565796,5.831315451115161,7.247523931419166,8.24266659161526,9.291691098072759,2.767881825479056,3.4403464133393755,3.0832698299481116,9.41390998379742,5.26728759410002,-0.7778745175927086,1.8598445312826588,1.6854911682481708,1.768310154777351,2.258870833185147,3.083263648200451,2.923329344322214,3.3436517011572917,3.338607270565204,3.5342839226788767,-0.08493576290936833,0.6260901965865823,2.88333985783976,3.055959551982678,1.8960530964901146,1.2996874445804236,1.8060293900697877,2.904871357029727,2.1739977494062024,1.9856468831367966,2.0399958126319526,3.703606066629106,5.910590454489513,6.905046401867714
6.162255695252688,7.423129460433552,7.921792120555143,8.852702768601883,9.667124774374434,5.334578686930278,3.957131343335757,9.434529416236321,8.163201365739162,-1.7309021690804214,1.1256631432527446,-0.23879753135361112,1.0355573292155116,0.5561969008715194,2.4250606229501814,5.453334893497044,4.21448649353618,4.651321078895107,2.801638163182877,2.9444042555624526,0.45259437062330676,5.054523819015614,4.280065277326036,2.3266464535790066,2.07503262726095,1.86510345379652,0.9856450127263824,1.530623524558552,2.1849455886482834,1.9165634873542223,1.623706167780568,1.6856498671050888,7.1733790819754,8.083119934246369
7.931353896871446,8.515492215390205,9.1529815571124,9.53980982496511,9.950149446653148,9.921498102454814,5.201254571874266,9.92606473594318,11.678320354414602,4.70415741400631,2.969491558386911,-1.425822668827827,1.998119947819734,1.519470311494741,4.506386100180055,7.793109967965871,7.6596618853607605,4.435116749440384,3.4464676249820485,3.11066338363168,5.357134787969872,5.855460791233218,2.190976198473517,1.830890707842699,1.7167968724761982,1.6965294150584997,0.9205182713162984,0.7322824869316295,1.8892595104954804,1.9757954261391832,2.600373486265095,6.0589754090255,7.331766403862116,8.787755956068906
