script/wind10m.json
{"header": {"parameterCategory": 2, "parameterNumber": 2, "lo1": 3.000054539987559, "la1": 64.9999836372058, "dx": 0.5, "dy": 0.25, "nx": 34, "ny": 52, "refTime": "2025-08-13T20:00:00.000Z"}, "data":
[rows 0 to 23 of 52, columns 0 to 33 of 34]
6.583410818951733,6.498161764164606,6.532605872806029,6.8269828894606475,7.236977229853914,6.87382363957606,6.298666396676941,5.51904084723644,4.857098366969433,4.089105321879391,5.092809889890079,5.622364744696027,4.918133282976562,5.0615500171434356,4.618357445360547,4.7061289375027915,3.1459820058665438,4.006029445981342,1.0327090041358693,1.383440977069168,0.5924512030011649,0.2656517141702325,-0.485774485044869,1.4900929116070565,1.8568530679647306,0.581052536616955,-0.09997349142253502,0.9894032298157367,0.5924019164063101,-0.5207591201297004,0.18046018932368246,-0.13371701950646384,0.6162919140445933,1.7657290929669143
6.1015540450554315,5.717090254135901,5.804036768532494,5.731059293601397,6.097241614459892,6.363953396494347,6.43634007689982,6.024876887375568,4.858069383307235,3.647007360141237,4.0366534842242,4.759404008160711,5.260203034855986,5.240674824994572,5.105957106128938,4.528786229879869,6.141049925796126,1.0301616493695598,2.1942772567154942,6.107296179203863,0.40151209860598025,0.6930593393063543,0.6432154800452985,1.0361749557077176,-0.2972782519194634,-0.5844927223978019,-0.605230075529921,0.7063490878949836,0.7568279462350626,0.9370777671420079,0.1705394789355267,-0.04509777151264568,-0.09358861660556085,1.2206057064116334
5.424102869827637,5.273056296403609,5.119636582710777,5.194190840347775,5.54664920688765,5.839659359038219,5.978528530716295,5.25761692543475,3.4691023048133407,3.6871480410356674,3.7204129802399346,3.6747195911770985,3.8543620551063906,4.32039508691715,4.21740359258337,5.382538780154389,3.4029088052060104,0.32122872186789203,0.9339845186055402,-0.9414700231418422,2.882927172175342,0.12161635808083043,-1.760596995278772,-0.29740310069068593,-0.29170070705174955,-0.3346063895554727,0.2890212023535156,0.6304919086519096,0.87292770919866,0.21502892658448677,0.47904389221529026,-0.0012028273139470067,0.4946306119587614,0.49718066443429476
5.102166960472994,5.2851399439151425,5.657316388341985,5.284313406352218,5.074046692341561,5.318087912413262,5.189140601473848,3.2196597717772986,3.04158694288346,2.9512180448844134,2.5865800498758165,2.6434858853890733,4.3828761074825175,4.805141348559395,5.04448190140209,4.444957258767066,1.7915538414991559,1.5588840683840524,2.1878136787280913,1.4459803669376754,1.353621665306414,-2.008501256628949,-1.1104007227037227,1.0569527014150453,0.6072572637413528,0.029742489492282337,0.9428424862733819,0.5192825803447392,0.29303288916015086,-0.041214904894282645,0.06417768231892201,0.5098025629079163,0.3312815442954899,0.5390321856173036
4.886569419197645,4.843185355666152,4.591021227563415,4.866302470263171,4.225330112876839,3.801121478489549,4.207328576614386,3.603461792991883,3.8268929967133634,3.8631641098011844,3.683780886823401,3.171220531359595,2.6769089850017957,2.2954357707319955,0.5332883628417201,2.8232965068597236,4.786674127844635,-0.6459352375319314,2.8521354804977963,1.3563186644388467,-0.9637420043741061,3.2646564179970854,-1.0946685747667166,0.9122337066175091,0.6577123425419371,-0.06823564257914567,0.7837664275991005,-0.7637588685732498,0.20208236282780667,0.4755115660654032,-0.9297238200791663,0.11906869915351109,1.0764229990007714,0.8595387417792077
4.607150904579649,3.464081435497415,2.7627035416692745,2.822876724188341,2.779540819346858,3.449219709210136,4.185072395500816,4.037996191286159,3.605619253536372,3.9973599776123345,3.2986081835562517,1.2733882491567305,1.049266829549299,-1.8489282551441002,-0.5628083304088546,1.7564309002141627,-0.4803982226045758,-0.631735844635528,2.1181179625996176,-1.825881949686436,-1.0124627652061096,-0.9655681957811062,0.4274665828872959,0.700803423924147,0.4536372151535521,0.8816799347011667,0.052248802008938694,0.3075512949412515,0.5213261666254487,-0.025744498845427306,-0.33436561317436425,-0.872668417036334,-0.3764637492400719,-0.39774756001456735
2.198614454643018,1.895664401827087,1.5665683052233874,1.914982875643743,2.563861134553535,3.846912984660709,4.277040200447887,3.987072779151151,3.0046570992463817,2.707403621023333,0.3895258159177944,0.23886895128155863,-2.0572489424347733,0.6313907931008017,-0.6961298513103441,1.3635091894008562,0.3119307733801364,0.635177210435334,1.9469459689107382,-0.30119282646117,-0.6028254406395108,0.4584977031638051,-0.7341073636329759,-0.6061759681206075,-0.7694371336263636,-0.5477335329040246,0.9074302174219718,-0.7774333731580135,-0.3339711309521811,-0.18725213251198702,-0.3539113243519247,-0.01116426474131535,0.01302458349664489,0.03976065865578583
0.3494581131946393,0.6716372069147631,2.152088549763914,2.882198683014866,3.5539844211742375,4.099870862980484,5.152885084427853,4.370311711551982,2.28598710663255,0.25708229693904405,-0.9181012857983928,0.15491399597776925,0.634244168795972,-0.19886027202145953,-0.16967103276831014,0.25249594181011487,0.33641843961538276,0.15450848838655465,1.2685352298084813,-0.29296812474514505,-0.5946500056077382,0.6448789682135316,1.037839785544011,-0.16382193812645005,0.4013874005649486,-0.7561133792260886,-0.8120180144093441,0.28486927453149646,0.4749624565744109,0.16401195162657053,0.9668303120497285,-0.39851020148754146,0.7846999085593284,2.3183117125505723
0.5831552720366614,2.352925988401838,2.981948106693056,2.897114269260993,3.840819005116268,4.655124612099137,5.577305574683005,1.6897761461313905,-1.2661710460182882,-1.221302912543927,0.10185117748580903,-0.4759605398865155,-0.5017994294132568,-1.0531444690388994,0.23530116425680803,-0.44724430541090865,-1.1405390643518287,1.349021274956882,-1.206730226610921,-0.7456496547624384,1.1451365799193713,-1.029690660775241,0.3534487567749367,1.4473875241594,-0.8677037176367605,-1.218877655330004,-0.08753904824848531,-0.541307279556811,-0.0486472500983766,1.1336045711132852,-0.7710559904231755,-0.005061506560944252,1.9836675971915008,2.057757185450442
0.6095057728694426,1.449829281227954,3.164914118924139,3.2406874809533917,4.1971928529086755,5.718166268663414,1.378090598545002,-2.779443624232443,-0.8511755426267599,-0.7516026916721332,-0.22355311659833882,0.060586478247136984,2.0598894728534427,2.002765726635397,-0.4907544342905683,1.96994065133654,2.072666283080766,0.21221811307352273,0.060543598459726705,0.2870942556701871,-1.2307214239627742,1.3117846790030763,-1.5708571752039462,0.26346238471555106,-0.5881427251121314,-1.3834464072720316,-0.7638088850150919,-1.356134671890316,-1.373759106370051,-0.20747753514231257,0.5863161978052429,1.085689892573116,1.3502369941346535,1.8499563289666874
1.5116949457941484,2.493205933539165,2.7716744006166105,3.1793558255043384,5.14926616340805,3.02391748251362,-0.7715388398490189,-1.2220216857081334,3.488154038055534,-0.14579174277324156,3.3834930690220997,-2.918129722139422,2.133371029975921,5.915801203423304,3.200175700865275,-1.215610506597545,1.5624630518729705,0.9531451258918234,1.6416305260593684,1.8380001057062478,2.0021946493877696,-0.24105148850211194,2.1973504044382546,-0.981458292474744,-1.681154376374222,0.41270353627833983,-0.29125700598507764,-1.6290647680141093,-0.4849870039589585,-1.6250478740308079,-0.00315868180665287,0.19766462073341207,0.4681746219593214,1.9811356906092195
2.247744793737765,2.0075154832331017,1.4737750757218198,2.059268751087759,3.6495923239614654,1.856518401573399,-0.9707284455485323,-2.9568865892574423,-1.3975136893006685,-0.22505299179349475,0.6073094335273315,2.229321118248875,0.7990066138824292,1.7786531313601635,2.753506677685205,1.4371992150609165,-0.8011462591428017,2.955982780004876,-0.04726302725834843,1.4590182771730213,1.7359823152083125,1.7588662505760955,0.624758006948983,0.5280171861376208,0.5811738638140369,-1.869728458115701,-0.696363624497047,-0.5432723052453965,0.5055691724072924,-0.2485558775331771,-1.045136809822927,-0.422223168282438,-0.35007102558083375,0.5000315662662637
1.6001581299595191,1.4108801545267384,1.5864995111600437,0.518735820528311,0.7436224866047122,0.728900861065517,1.5377714021916282,0.6646609392756608,-0.5605792070053053,3.165952792488184,3.5864464479323286,-0.7189589833731028,2.070335001325635,0.46708265567122015,-2.2723019730350478,1.7232762979867868,-0.13800750562755862,2.2604618206542892,2.4055165489268404,0.27758286090627193,-0.6510890074849889,0.7729727224692556,2.0520739947617863,1.0390224269072263,0.11908229359700308,-1.4581290998395302,-1.5898835320124933,-1.576965625747408,-0.4700741914576489,-1.2959786285611514,-0.6922595266270293,-0.8498251519348008,-0.06803105702499537,0.3327538778604106
0.4547252232859433,0.5108052658582474,0.03419460358407231,-1.164233739640705,1.7364902202811812,1.3846927391644759,5.8710453852860365,-1.2861564935658745,-1.21602654132789,2.430435290093448,2.4498942589041595,5.811684042833526,-0.3507819620266434,-0.023488029701543494,-0.5052835595606509,-0.39320698627140865,0.3110012729640388,1.6448492074021843,0.43078713229960336,1.7821233218978663,1.0119401973119686,1.1800956360888646,2.161835339705611,1.7786480320088325,-0.17964642130833047,1.2449575175675607,0.9604726856126972,0.9157874472431318,-0.5283442332631152,-0.08356426028571672,-0.41302195473608605,0.13207823270806845,0.49274201880110785,0.7421507104903197
0.3844609651464164,-0.38634262118529566,-0.9335043918507603,-1.1210942142825455,-0.8318870556954147,-0.5817846134265442,-0.315747345462799,1.634261616217995,-1.8742693357411013,1.9061491507051176,0.634807006556137,3.3913990654163437,3.2487487048388335,0.5214105322225052,-0.24821427808018914,1.691715117154527,1.6509904493727787,1.4991895175666308,0.4595014647967722,-1.0911566337624206,1.4219569388473288,1.1127439403188149,-0.4163561006466812,1.5528594875131734,0.5608223919474203,0.6548929946345592,-0.528644920396318,-0.3122843881077397,0.05194559072838156,0.23402746684139877,-0.4913708525639051,-0.15167590660708619,0.008989957029155272,0.8562079465837171
-0.011308115854646767,-1.0276029863912013,-1.5594878083919805,-1.3074972779118161,-1.4124870618294387,-2.0138152655233514,-1.7803671533112946,1.6037484283932053,-0.13966313283708393,0.033514773149296344,0.549593054518953,2.833752696510309,-0.4398552473142264,1.3158454571028093,-0.13163174511789844,0.050831327913159176,1.121809800278964,-1.0083243129304194,0.3905490089772927,0.6019350003915652,2.3569995693576384,0.9784010446177397,-0.10031387281859674,1.5457945469908172,-0.14437937209106202,-0.01996689673419646,1.3295200526937359,1.0287612411724962,-0.17348823512493772,0.226880718355769,-0.3540012392215228,-0.18951133313107157,-0.28140775675125407,0.4166877902715673
-0.33499169443166926,-1.2450164499642686,-1.6681442087244245,-2.5623015494293377,-1.355853008418562,-0.2289473413240605,0.14445562347616214,1.6335006278493045,1.827036721002818,-0.09955792003581228,2.8873602993888325,4.884894297295423,2.153138297801512,0.46980223678867505,0.305586019511062,-1.2991242510733647,-1.2745382701792798,-0.3962173621488808,0.333063331256495,1.0991500963851477,1.5081599818754852,1.623285786507462,0.08722650319628415,1.1832787326233867,0.7569836205457955,-0.4235036345500766,1.5026646946363325,0.9109651787654707,0.22901832102914377,-0.1359261857982588,-0.20611721746988282,-0.22554010346586464,0.08208628477561598,0.7984528856466139
-0.8750184053643857,-0.9371914460659885,-1.8129258151152041,-2.751919420461575,-1.3199697821885839,-0.9357099919609593,-0.2784592896848331,-0.9159502079388918,2.8151335264984962,3.9879362719474596,1.1904922266208051,0.4788475824570345,-0.7062689136989782,2.212737064284365,0.5861562272163967,1.2325711793925334,-0.10164678647682873,0.24122181773320994,0.3321907397467145,0.28958232173755927,0.27289584897623237,0.3990470478122891,1.1325986339738072,1.6732795001545773,-0.1852401989103014,0.904622507868144,1.0927139666708587,0.4424259323046556,0.2587808136691086,-0.4517698421779229,-0.9103429015883754,-0.31836674700822,0.22105444864186535,0.25285095696083426
-0.9044223749792926,-1.2274710889216822,-2.473655080001289,-2.2042744596700015,-1.8290428003231967,-1.1699364765366562,1.5016160128997316,-1.3791655421947362,-0.8459603218367963,4.054525751270832,1.580879855792161,-1.1934094818605676,-0.2017060960380154,-1.2785620818867094,-0.5948438792217449,-0.7845761361017238,-0.7952783679411433,0.6148849649235762,-0.300768136455683,0.5376767210181379,0.7815127534410536,1.24460790941922,0.9518247377178595,1.005306688150388,-0.09741861140216947,1.6421652640681024,1.1876910210476161,0.9092886029524171,0.2230456681568923,0.25577118310234787,0.2653296198613905,-0.665525822052761,1.1249400631908673,0.11229301824713064
-1.2698975766481528,-1.15289880433291,-2.693226336277896,-2.5349404509185476,-0.4852804560372468,-1.5777988958863645,0.9515404567616008,3.0402867793803123,0.9533768322580154,1.417107314611357,0.37708410433724526,1.276346385261835,-1.9259504804878076,3.450089110225849,-1.4614908404026714,-0.453482396298057,0.30445808124869106,0.6937126881248616,0.47281705791902595,0.6200378217904288,1.295061949376708,0.058806298332225865,1.1813245040903742,0.9115574225191865,0.9444904105843127,0.7138100561861653,1.004639525407316,0.30178390269052635,0.43581465790873924,0.3160585583720245,0.10147606464089069,-0.24633200569526773,0.7515755685012881,-0.031713653665357895
-2.365057611901979,-1.4958204059432156,-1.6966254873043018,-3.1543356665693554,-0.7295938527691288,-1.5139296156829338,-1.0279437151770479,3.0237677122506,0.44112705550751413,0.5008439383057232,-0.5153628344938718,0.8525456407452624,1.000236874000104,0.14298309190410652,1.0479306308289764,0.18670109375208177,0.9767449555757134,-0.013451305401685388,1.619208900514004,0.5833101065735561,1.7804392690633049,0.01589815022742625,0.976219245508867,1.2750302249400245,0.9846208584713905,1.6829876714420815,1.388850125635454,0.9246910485319414,-0.028103413767631015,0.7129859229756228,-0.10913670161624915,-0.19344155116788245,0.4542713074876598,2.5572414447461105
-2.716022011902907,-1.4416053615953042,-1.1310361330579273,-2.109861749468733,-1.742176050661123,-0.6560604142790033,-1.0928139501735012,-0.4991106432624894,-0.5262049451936897,1.0859289752054009,1.7041493727333044,0.9176108612888981,-0.10889206870291362,1.5044457591765643,-2.5730484691706836,-1.0280019275248538,-0.13580392723722565,0.27675773449056895,1.4827106875406757,0.8977326445320271,1.8892287575838893,-1.3050866196900113,0.9148514723728542,0.9727190086896813,1.5400099036233441,1.4780593153310473,1.7884617143604475,1.122322480943767,0.8652254373668203,0.5892657533285567,-0.672342097644971,-0.16100019452923273,0.0335124192894473,2.234555113901662
-2.578326951712138,-1.3704380755071743,-1.5706951337099688,-1.8328058191351566,-1.5448916560204315,-0.2944182355261575,-1.8327942768452499,0.07148959720111113,1.7719818247519799,-1.1812634447067916,-0.9722837459681283,-2.269332149723822,1.6456925223689254,0.23571552159538425,1.584774625354086,-1.7534781659360577,0.36680216060018195,0.7883781303083467,1.07363931217427,2.318810931182542,1.290286177826419,0.4253380783484166,-0.29950752733687513,-0.49763826808127143,1.6926056318753468,1.3051190381571498,1.9532300459440814,1.8660580794994854,0.8384595287686071,1.9821033005713486,0.30951875062947154,0.36750008672898804,0.19170704963008434,1.5917010644914913
-2.9770170164824723,-1.499387464684631,-1.683943744509512,-1.9092945151228211,-2.694065778543703,-0.8160943191913985,-1.309886822753587,-2.5132720766282843,0.7012494933741197,-2.007511448816117,1.1144015076942313,-0.2688749582518683,-0.03179784061493682,-0.9779753460417107,1.1834748388956084,0.32457354152974566,-0.1373260932517621,0.4124909744653573,0.8570399003432618,1.1506339032535624,0.9268457929694703,1.2949805206617748,0.12259432633399268,0.5029747870630623,1.8573289639888908,1.2569189553575153,3.552338231808813,0.8554473831424604,0.8020458711873532,0.7615540713711574,0.6574199501003493,0.5607427018281171,1.7202504103907013,0.9031825375819693
