script/wind10m.json
{"header": {"parameterCategory": 2, "parameterNumber": 3, "lo1": 3.000054539987559, "la1": 64.9999836372058, "dx": 0.5, "dy": 0.25, "nx": 34, "ny": 52, "refTime": "2025-07-14T12:00:00.000Z"}, "data":
[rows 24 to 47 of 52, columns 0 to 33 of 34]
-0.7356670416781963,-1.7342192144722626,-1.7155419819329742,-2.3950872339702283,-2.849177803126163,0.3798018187002486,-1.230729129853735,2.6578886408027538,1.0644129393629405,0.9526459033374127,-0.6284088534433642,-0.9572443842634389,-0.44267699070420513,0.04961617113197139,1.12358016536755,-3.6884489137681555,-2.2375789730096667,-0.585166441414423,-2.0662207226389184,-1.065357053138617,-2.2677614983298175,-2.7128795442060984,-2.0148983283587776,-1.3500718887893313,-0.4405916465352426,-0.7886741700138864,-0.26087883762027014,-0.22579638100267047,-0.2223852278248426,1.232315322371699,1.2179705275838713,2.683329661969933,1.5170552582206516,1.292028911144425
-2.0637630501792965,-1.5683760934670843,-1.9426388765304767,-2.7233489031736333,-3.637162294905647,-4.468041244813077,1.9951573976389263,1.4103355621102747,1.8811027081630796,1.0729888600148514,-0.32055976482235554,0.9228691813319603,1.1707572896006213,0.8506521767067885,-0.23910604415759085,-2.6506007460229974,-4.7091665255340915,-0.4467432037737725,-0.1401816233269041,-0.4819487404363444,-1.691776646994216,-5.523914442297028,-1.7867891896534556,-1.2367150635976727,-0.6574983719684343,-1.0398469835661732,-1.0138771279170273,-0.7768272443590342,1.7209996657071376,2.618414785521883,2.0232767102422367,1.2725150058026202,1.9684284146964386,2.5465800850856777
-1.0512056603991509,-1.2773243103905503,-1.831732815191445,-2.1014414238877928,-2.748647133974172,-3.8744184268307573,1.389420233455856,1.1599225358866232,0.5047416060231299,-0.13576626040461212,-0.094941810299012,1.0105707864302063,-0.09611162228516837,-0.6641460116345127,-1.6388550958178725,-3.169672908991853,-4.123839285859003,-0.1811007021336127,-0.1462493077914776,-3.2150403359700723,-2.3945188270901836,-1.7706717879465768,-0.39441415278166675,-1.4107576031403366,-0.7970437044940641,0.118910689160229,-1.1576119988914904,2.330004227252628,3.492873724878886,1.8142836486391964,0.7727784059354276,0.477419107746039,1.1165202754858166,-0.19428623556725
-0.9631874293664722,-1.5994783791298615,-1.697846462289344,-1.043981695020197,0.11141420632655709,3.0250670981435457,3.4444519683227703,0.33431794247808905,1.0348272711254438,0.9922879040223961,1.0839209983035984,-1.4081368033620638,-1.3663531658678896,-1.7385648606594108,-2.3641177431227005,-3.4644234056163756,-4.8547153513329455,-2.149973324815823,-0.2867639697875108,-1.4247222506622064,-1.2205734061068223,-1.0647729411770674,0.22395169343250695,-4.81147555504396,-0.07321088684534939,0.9700129549322212,0.7756648687238811,1.390009103834386,2.1904221504477155,1.000414283548197,1.224012310762933,0.8792868115698745,1.85370880042074,1.475389700767879
-0.8595237323260453,-1.2600222936230736,-0.2119752475457109,0.8017332065910855,1.846848011922663,2.388048416394396,3.2977065685648057,4.429855484782636,1.7155341254488166,0.2759385894252409,-0.3536522027715689,-0.3231799309167238,-0.902495699214418,-2.6036452305980187,-4.017974948594456,-4.1809176662751355,-4.708113789059046,-3.7851860248553137,-0.523724581021146,-0.9319810788653092,-0.9668881666679856,-1.1251010500211065,-0.17915457045291228,-2.6251204946736224,0.20621378867675166,0.12734453330844672,1.0931682682367323,1.2082360363142424,0.05314886323474258,-2.1296904888390604,-2.690229517691512,-3.2584637025675662,-2.1378544087633804,-1.1612803729719299
1.3481789067578513,-0.5589662771616839,-0.09453319357415518,0.6490856198469903,1.6582288721501035,2.229727012956628,2.6338074055343803,2.2745608271740436,0.7875739866318504,-0.5232591095507926,-2.359771777795147,-3.4373713807140436,-3.4358083135247828,-3.198354717009257,-3.292153218441191,-4.054111848431751,-4.414192642835554,-5.845226045071261,-1.2929372032377584,-0.5206994367436729,-0.9174433059107594,-0.8344025461742499,-1.5042982705004795,0.01733781022795262,0.22449497950054384,0.5233885181133769,1.3206376712167835,0.10718918117623025,-3.9782615750161137,-4.224780637471289,-4.919650178120216,0.7227030647968298,-0.5297093277162835,-1.1133614456887575
1.4001558607833422,0.6248578411919746,0.39198745546075575,0.647246491528996,1.336800715829288,0.7611227250113991,0.21980871220212195,-0.6266698254221541,-1.3635657450123853,-2.4254399419020367,-3.5068095679457594,-4.241440941917965,-4.691483314952654,-4.962612240120583,-1.4656774498202176,-4.255062725502852,-5.084633516297291,-5.304370924952399,-0.3149527648870792,-0.790173864722913,-0.7280585293624142,-0.7150119511507413,0.34798187514891593,-0.017741508753026432,0.6825491723532922,0.8429374244161123,0.3175811417438861,-0.6179031622672216,-3.912918211771517,-5.025495111164191,-6.9009734059170125,0.050358436305905425,-1.2722173774447116,-1.7812302901453883
0.8839224100298935,0.2106080067600855,0.6416931161669974,0.24258659560748638,0.5405431783582906,0.020995553519620826,-0.7510272993033023,-1.6994753117496,-2.152802557574376,-3.565167999985511,-4.167729389470609,-4.299603475131195,-4.188948676592174,1.019990511091596,-0.12848856776969245,-2.7188830710621716,-2.572615584577134,-5.305469189258779,-3.3794892035702158,-0.12303759878637782,0.28828858598930407,-0.36587113280143163,-0.755877292504074,-1.159801655672488,-0.8149795332931604,0.29927555808583767,0.5623258678014397,-3.4580906924954404,-0.7216508489160958,-1.7551559893340138,-0.17131047010820122,0.14962636916137648,-2.4111781710194595,-2.647905534234548
1.0497668504988409,0.045341391720986335,-0.04698824643186838,-0.1189274472378314,0.8472046636509583,1.0005659106703964,0.17133854492633468,-0.6356989536469247,-2.1569252794011224,-2.5940125929163176,-4.871393441057909,-2.0206750592849336,-0.496332311132473,-0.526657611881984,0.2764778290817476,-1.6732923058500597,-1.0491027914298536,-0.23906643134230857,-1.6609553653894904,1.5586903298957935,0.6938935499510793,2.6124210250553555,-1.2985614259893032,0.7405983423173899,-1.330051176816523,0.03828891066394596,0.2730170464429205,-2.2372250786518397,-2.2016901130891147,0.0806573979725306,-1.8408993791884305,-2.7536839027057485,-2.958417908410556,-3.4822141686115815
1.845620404714112,1.4234132028572142,0.4510295836655358,-0.5771811218201249,0.10576023349656033,0.3188939809851541,-0.046209149849501356,-0.045095866969188755,-1.28878602097928,-1.8042053635483983,-3.0331509202506037,0.7536278705825519,0.13051371457093483,0.5665638908869695,-0.6243985549204047,-1.1541374966667584,-0.9339230063791213,-2.797184319862036,1.4257659759663743,0.38978706319872697,1.4199412401454805,1.3294068734967033,2.9616518310328726,3.291641566052003,0.43841621222477606,-0.20442277696222128,-0.21608504609044848,-0.6362235662409582,-1.604415658906919,-0.39656806183683296,-1.6833081980512345,-2.299439141755821,-2.692839096929892,-3.5354620457481793
1.0275967977397318,1.9761615233194116,0.6336687966623341,0.013930453605157754,-0.25190256830172464,0.2820669200360756,0.12602229864992112,0.20554905614713886,-0.6091784280543082,-3.2108527297971583,-2.903153295927541,0.10067356290575985,1.7690545663465422,0.3987793029879383,-1.508869059107483,-3.024677667998016,-1.881682541256909,-0.5032309745697833,-0.23464043449251795,-5.140894991994154,-2.135570812221734,1.2325248476953599,0.7539244314544288,0.11698977205025511,-0.29085797285661696,0.18489662941719953,0.7651712507440795,-0.22028341382279545,-2.4382326365722884,-2.4330380748922638,-1.7866832745968315,-1.868326525934325,-2.9019939663009535,-3.9423464779198
0.8460451106604926,-0.5787523407271411,0.05933432309743599,0.8991681479953577,1.1140960518826062,0.8425468763399868,-0.06569889646678856,-0.359020772405349,-2.0782711135013145,-2.700378382161218,-2.2129073186271557,0.5079159104286012,1.8384902258528286,0.3029190555518938,1.6732998829857813,0.7885516921209481,-2.1143214721644417,-2.4867948946395972,-3.2766736906955543,1.0887218400405345,0.33514029912394755,-0.19310060583653169,-1.4137424493045403,1.174796025107656,0.2351550450476185,-0.2846535400691596,-1.185451832209902,-2.0006270554545065,-2.419462597407361,-1.778455343376426,-1.616192747608284,-2.052657346782671,-2.588847896562595,-3.19593856077285
1.4976442674337849,1.8483418697937852,0.18565934327154568,-0.235874588731412,-0.2389345723624728,-0.24401772291225987,1.06504693730092,0.7816305902354249,0.022815047636423294,-2.417648081902612,-2.908089934674728,-0.4916110159338369,0.3754836550319909,0.4834160832369625,0.14916726474418385,-2.0795778667668663,-2.4849770483954154,-2.514573674728685,1.7567494040325733,1.7692133524524767,0.8160245192269462,0.3326292243579897,0.9998971271590463,2.6638568102010103,1.7727497984215603,-1.002147751754183,-3.5681559872890816,-2.9979869038974485,-1.8638584103585416,-2.2534333880168624,-2.4371632916748376,-1.8092185396606937,-2.0974981322478703,-3.1278023073127517
1.1038008652113813,1.2665450896776205,1.5074204352209417,1.3670042836764227,0.13646465428378743,-0.09966976480849107,-0.5961577029846562,-0.40349757609272235,-0.17714480135652266,-0.5942055375917638,-3.413927096263929,0.2912190867280008,0.30855110642720196,1.0002917812509093,-1.0991346922544947,0.03187307225516666,-2.6080887844753393,0.19573372528879462,0.9368673465158559,0.9880630352470084,-0.05227890842618413,-0.35151262483770745,-0.11357254595359238,0.5219898869217012,-0.09511291622460202,-1.0938708397167,-1.0861726406384213,-2.343539554880937,-2.5718503343825465,-2.898964272507036,-1.9524026951081903,-1.534646511397158,-1.0580949903540298,-1.0701186006509853
1.845384091040627,1.3729126296248608,0.8618616316282819,0.41851826555556104,1.3847562737730665,0.5667316810789451,0.19647643995751715,0.7792120655683091,-0.4877469506749254,-1.1589630177334767,-1.121403959402588,0.6245857151058339,0.43517468934693737,0.06277063441790873,-0.5406406300357322,-3.5235130944083632,-2.0390001652312364,0.8110614887383059,0.7891330551407784,2.8214172646159867,0.7001813901975559,-1.302637303061164,0.0682284697303176,-1.0318199896540732,-1.264215265851897,-1.6498044635692073,-1.6593298315149638,-0.40827686025042076,-2.029665009174725,-2.4779528536936937,-0.8592645630185684,-0.6295405001752977,-2.177888558596735,-1.5422838924472544
2.095427802177863,1.0744700656373278,1.6041614608040566,1.6084788641016725,0.8300031715689381,1.0491997422538912,0.6674451829664559,0.2963804590895136,-0.5588799249145088,-0.5161437739840672,-0.15009002074192815,-0.12331932440739928,1.3793240779921327,1.511863958698311,0.5170229560458912,0.08281644439305458,0.8664171135857854,0.2719970251148142,1.4359301150199302,-1.4754954949842163,2.681521635031929,1.5389146179833546,-1.8732503597794072,-2.5973612369046895,-0.3032463533227442,-2.026308085242192,-1.801711782024453,-1.9778608551712715,-1.864495190735173,-2.053117634324877,0.5339854371976523,2.209320892399135,1.4807963351061115,0.1415926880654393
2.9439767385381392,2.496109714324271,2.5585821671186033,2.1873055254128797,0.6285187017498698,0.7603795134387243,0.5430499518521993,0.10380480936638713,0.6521181173970662,-0.8247896585847181,-1.840376352467772,-3.2359819202083835,0.3200574916361022,-0.4769462379144471,-0.7980886319307386,-0.4929497206461031,-2.9121721630030097,-0.10205177583200674,-1.2909609475328225,-0.41318630592232225,-0.22072647684888186,-2.84595766886021,-2.2400794603836895,0.14826541189833906,1.6713061360144161,-0.7771981355461176,-1.7884011722628783,-2.328806826196031,-2.7532586409796864,-2.3597984464545823,0.193616878179776,0.5831115638106741,1.266838163315525,0.3723092381057373
4.29572914125646,3.221463405815878,2.9403047485145746,2.1106928659188413,0.5978483016624438,-0.4584858735534789,-0.31252333247472464,1.010431907804992,0.3423824709995941,0.18103018839460416,-0.004201054311750204,0.10006003631028973,0.20969545556888505,-0.8969552174274218,-0.7333931052842705,1.0909320479276088,-0.6974260287834767,-0.7951297573562551,-0.4875770838097023,-2.963726079244827,-3.519084030885885,-2.7421845481531215,-1.605625093640802,0.8730534371219827,-0.0505919169355549,-0.16708510878907484,-0.29558141367208035,-0.5593616887647931,0.8119927007193424,-1.2737114956372049,-2.354886577901466,-0.26473507533772345,-0.01140052721590894,-1.9532996059868366
3.5760565084293363,2.9359240335962076,2.530025695878605,1.8662359507253297,1.654198912168485,0.4092689174887816,-0.3266834529538621,0.01215658531657801,1.379367916909663,-0.2333844566696838,-0.45015444409743566,0.5718461887865134,-0.45868213092899274,0.12930359724029444,-1.9410299607593786,-2.873742335214303,-2.7299473519033937,1.4009045155703845,-2.6088005711317623,-3.0085861865338384,-2.8073019756316513,1.2200848105137863,-0.5217113342722839,-0.22453605792219017,-0.8883368580559117,0.37607385378436586,-1.6864730663191079,-1.4311207356729827,-1.7116162494252352,-1.404201958927036,2.3588008268973617,-0.33577803794925576,0.8062524038710894,2.96133996969781
3.114173196381634,2.412930602995293,2.2283779356450464,1.9105124529028004,0.23890669989849944,0.45312487897883247,0.40630196439245503,0.817588295766007,-0.8649876379801633,1.841120744256311,0.17846723803155207,-0.028861181189922595,-0.3668060430710586,0.4497168816263008,-1.3188140061132188,-0.20852173524695872,-0.17419970417525354,-0.9408805944074534,-3.1521193485272194,0.97888015050944,-0.8885793214139356,0.24059122626219578,0.04998482949686954,-0.30343027366859376,-0.7626979238243622,-0.996590572781566,-1.7794581251148678,-1.9565709585853013,-2.6941531389973363,-2.058973294148284,-1.6885736380371241,0.8290286403451009,2.709974119701428,0.6705561717805018
2.7836106620455054,2.380495829143811,1.438360070748899,1.0469547102922252,0.7331229048528716,-0.34382176998009933,-0.326011906381213,-0.6347220913659817,-0.5120123996103699,0.6167668848939372,0.21338697684014557,-0.1008232782533904,0.14907270674672082,0.9866066718249598,0.07872950480448258,-0.4740341138659475,-2.4213871922580816,-3.1914334209612427,-2.915506840262111,-3.0696668139919674,-3.633327061854567,1.7134252078548375,-0.6781111217826776,-2.5626703168252694,-1.3424846184380799,-4.091148102307933,0.6004558831088845,-0.02181716152631805,-2.314139262863289,3.2358686601770787,1.0288647689107338,0.09081094257950428,2.798209409500299,1.3678826219257814
3.71991899897423,2.9739170350334114,1.2200796337382829,1.3072119892817935,-0.15421594099009162,0.08059019332049326,-1.591622286573312,-1.6702489865602408,-0.7896530762740704,-2.5539339243042116,-2.452206092839813,-1.6275527009655015,0.061667302278903886,0.48670862420412186,0.27171661104156675,-1.0544701341226188,-1.3706345815001058,-1.0781189017317216,-0.2850930475186489,0.12826154163376025,-1.7813068885817813,1.418424920113368,0.5688934387246594,-1.841292636921301,0.9550746844243488,1.3529945111166786,1.127168706041363,0.35066406435357816,2.517967576627594,3.2055297930474267,0.8773819027663482,-0.4302776367906576,-0.22658116236130763,1.7804549826930791
3.5312158283672397,2.4523731216477365,1.8271787703987543,0.35045913878088564,-0.4669537079276078,-1.913099333831495,-2.9664807276058816,-3.2767773189872575,-3.3730826157783076,-0.3983793467355318,-1.1695944539339735,-0.34608856548002037,-0.33632550561139113,-0.21928990735943282,-0.6747880570250098,-0.06667814194770906,-0.9058611106761333,-0.6667354828581201,-0.5860077034342941,0.20133230464407734,-0.5042439206124466,0.20083030201853636,0.02678595703891678,0.48328384473205066,0.9612924313066127,0.5708327741314171,0.23448965361591612,0.49593514432322644,-1.2762099435513095,-1.1409247844056536,1.1189222543910573,-0.5809540627919146,-1.3610632282220496,1.970785556165552
3.0565452863918443,2.1445050153824714,0.5288071389084126,-0.44356260668943265,-1.40172153643582,-0.8319271484558796,-0.9659896496542092,-1.7319282157742055,-3.5692923102984113,-1.2837616206086868,-0.32455475937782097,-0.7001238185159145,-0.4627423950997757,0.2856242239649121,-0.1411758078270816,-0.3820994595768009,0.10898413853779826,-0.34417547030938445,0.3189987345543454,-0.02681438357609174,0.08980109850526972,0.6540524757701178,1.7167536536485641,1.0243008455327967,1.2976850282815375,0.6116143924131158,0.7791033411918431,0.4782357499393973,0.3688797456880208,-2.5998482893181563,-0.4126510364892121,2.32006149230198,2.097868106404679,0.8912658823316874
