script/wind250m.json
{"header": {"parameterCategory": 2, "parameterNumber": 2, "lo1": 3.000054539987559, "la1": 64.9999836372058, "dx": 0.5, "dy": 0.25, "nx": 34, "ny": 52, "refTime": "2026-07-04T11:00:00.000Z"}, "data":
[rows 0 to 24 of 52, columns 0 to 33 of 34]
1.0461164216003127,0.28563043684458456,0.807825482456924,1.8764102319838485,2.9319846905616567,2.6427208054980684,1.740192222074671,2.140197573440147,2.609687361465767,3.3701113911029545,3.8662646704436563,3.571887731231533,4.042450717036302,4.97394740961836,5.143626192099289,5.856542858535008,5.472024271261701,3.6616161260238367,3.659792632348036,4.309334069849591,1.6681951366539083,2.79503342911295,3.407650976972531,4.647408524177632,5.408433869686645,4.3840837092349965,1.7595354656740116,2.592029993926311,2.459371364367879,1.7139806663689572,1.914246951723852,3.1748962198571977,4.4861050712894075,5.735180241000742
6.190857671129134,2.5993860339979262,2.739548207599289,2.90143397598954,2.475562695458826,2.4609183323587396,2.924723083244353,2.9135420393100837,3.64673915326822,4.058360323634629,4.916419368955205,5.4327538189845,5.620240464140683,6.928935092293519,5.9807075729345005,6.177961434861182,6.482931986844995,6.060120834257062,5.091671462874815,6.628124493320125,2.470276398298373,5.299527425394491,4.845634928407283,5.8460040765276675,5.136903281056201,4.71310804501927,3.3246715761066965,2.8835302115556587,2.2744273993437774,2.57377167745836,1.8402639423951612,2.0001032181239706,4.710895466937091,5.816403837524207
6.493149970114907,9.06094145483151,4.210648989041622,4.01863028942652,3.740716439363732,3.1982153588492768,4.433388041499259,2.862856812992804,3.749310728595942,4.80465888797604,5.6015011023712855,5.9977618651014275,5.936408739761143,6.094056403836119,5.558207373748052,6.7539277132135025,6.778177735114573,2.2352736655532404,3.6388089657307843,3.07598536823103,5.774664699247629,4.651346155512827,5.934747992153387,5.169222582640633,4.830954357793635,5.000430433997438,4.201343504721239,2.045926634096726,2.765628461548986,2.5768016824628903,1.7476081244424364,2.620741452206975,4.600664790851872,5.355742259142951
6.86600481047583,6.989157023533883,6.400484099556879,6.083482881133044,6.653611447804152,6.928126876952737,6.832487291887977,4.2449709285442925,4.8013309553864305,4.553887650949064,4.474496748962501,5.4560890174153425,7.084632419003347,5.937026388899117,5.473686062337063,6.451086062735394,3.4934207166740623,2.821313561511399,4.746770819483607,2.640326235150068,5.355992807339553,3.497124605644145,4.407567779307965,4.816775687733246,4.169321524166967,5.43587118680777,4.364797344057498,3.982480244049041,2.631263338256517,2.57037873997828,1.3635344348364213,3.59160904903943,3.6737560237379676,4.022374122884583
7.297981685787254,7.8354790157307805,8.398474291391718,7.938784237115291,8.588156340513686,6.497773460713859,7.800985187499504,6.478886695613071,6.677448499171684,7.237291221053354,5.532219276463192,4.553308382190573,6.054398030165899,6.0904195424497285,4.13288246390973,5.552146094562075,5.609263723065902,4.371647481184828,4.717217248149417,7.75501954861474,6.1007334550079575,7.933784594349952,4.548731481214889,5.6928451746801425,3.052323988481004,3.2984010194383546,4.075066109823673,3.8581362137573074,3.196690239649583,3.3244114795319275,2.0332430214594788,2.8309517663280452,3.290280885058837,3.5238831612403083
7.782668530876953,8.318613710748744,8.736200728538542,7.213877081380934,7.247187546141535,8.640874139213569,8.219347092651086,7.822976666211741,7.736022499175745,7.505713351189954,7.963879409702808,5.598248218079752,5.159398318042189,4.994229066511778,3.8685000520835855,5.766658580281699,6.294889730058996,4.968148975598383,5.514846433620461,5.348487764133387,2.306905230626578,5.390124446004322,6.587358095516757,3.5495782158487406,5.1119905970630715,4.893579823242124,4.34937577310371,4.011914431963258,3.5660357859933027,3.1667388709848256,2.080506901296542,2.971749074723907,3.747281248226318,0.7101830995419239
8.866831166492554,8.69564449415823,8.871527859327882,10.021684733015237,9.001126841444993,8.973787836608437,7.724052375639675,7.870979577117049,8.469652724352583,8.504167481692434,7.91022347917158,4.554255771428739,2.792700988121311,4.759347726574675,2.5102576040123927,4.405349908565472,5.417206560148279,4.292763893323961,6.335724870148114,5.021215015521715,3.997350713163916,4.637449671859889,4.756976571563827,5.906128977326946,4.085163030187693,4.759650911868837,4.135451906574845,3.731840644869623,3.375921104686116,3.5809417372432746,2.951161308231322,4.00905474202356,3.6151050241730203,1.7857287702236035
9.006523425555828,9.062524997224312,9.587043500132998,9.421039540743827,9.551269477602325,11.741865972692832,11.95877691452126,10.388198138117994,6.402565385123602,7.416948121976842,6.08217576367948,2.856880113087053,3.487424292785682,6.879126623311428,3.34149858107752,4.334371577922067,4.578018937538564,5.345530231568071,7.128924243246353,4.787669148900557,6.275303739943554,5.0822956154505805,4.770845871475595,4.245703904431833,4.493076894540547,4.830304667303898,4.439670989711721,3.364325081089097,2.901534203125634,2.7947342791918084,3.4435957528999688,4.2781444432226445,3.091532886710774,5.072642035397622
9.39049486484801,9.064126054487117,9.13869381132489,7.641961224317405,9.76364183593784,9.718266409835506,10.6551986059783,8.475007590575844,5.844527498520541,6.448174981172357,3.014046527504801,0.9915850249782341,2.6506752040393695,2.20365764154826,3.0981301274961943,0.5592318869151716,2.6156748778923125,4.665564613441977,4.319433850049147,5.4422602212818285,6.460424878101135,3.906329023274823,3.0360840004729304,3.821812179284601,5.318892027807461,4.661487206127603,4.2851017420459385,4.1017160804065,2.4601647801889173,3.8909121975160876,2.2861663639576775,4.569670428451403,5.671960988689993,1.3879146656704564
8.850325226263609,9.9183114164213,10.014037048098547,10.29633902861948,10.241424419226378,10.720716586337304,7.328801967789979,6.490658430317975,5.965865427054108,1.3639571360755485,1.8615134374634184,1.1680570177978244,4.1646218836816455,3.889657700085201,1.9211528883335776,3.7187551257477796,2.818940915937821,2.0261029392802783,3.5314449985763754,4.399629347244065,4.646897931450326,4.644172548082871,3.3742107110815134,2.3634940809215994,3.755458046774583,4.642317104485662,4.107661295107668,3.7335280462580696,3.591811476961314,2.7701727664439253,2.8421324308049747,3.013466025084463,5.1731638449180295,2.749580018606641
9.37125045549989,9.834580019532359,8.788103092079847,11.141501899237628,10.268844766827884,10.98357056632259,4.551323561377125,3.29828805307378,6.618130888691594,4.0617596853619,6.746165764951327,0.6756933084766772,4.682769819267998,5.2885469726800505,3.755900513937461,0.92506490744807,1.6431247555976811,2.515436239325597,3.2538620190067675,2.402357924579297,2.8208483603901935,3.8049601879090336,4.0091759358840005,2.4699967356751293,3.034303844170704,3.288299880865531,4.901019198086488,3.719834837314522,3.961715355117435,2.6314473299558756,1.9052832404625315,4.457886719663155,4.282408420493398,2.3487439646244117
8.31907623002802,8.671950116906645,8.813333804922307,9.414829280721385,8.633270134985066,8.330711207617275,3.124035889358586,1.5628476630402686,1.4813028522575733,5.9896990058714525,7.7529470018903215,7.334700954813899,4.54426973932018,5.259431560818786,7.53732457246663,4.371856264307968,3.2737816154292303,4.0221691255467045,2.859613356379701,3.02117554226748,3.366528169268557,3.193424009208271,1.9972655886378436,2.3544094991046327,1.6123911042814452,3.511255180517056,3.5744344434288724,2.8905035664341017,3.002181576215768,1.6302971068769085,2.046869047038707,3.847301212235244,2.5992891383775474,2.154155972404037
6.550001515114063,8.772689398616482,8.853864130382926,8.57351188575545,8.296722841386046,8.45494729656628,5.129087637812998,3.1919817288351258,4.831996292074266,7.01294533509404,6.867387258052349,7.402153709419138,3.624750479354883,6.348174568116144,3.1297106341211762,4.80905697714432,3.9640193047762633,4.756946365993221,4.164430497795476,1.654533781516985,2.339895293152763,3.414557809811548,3.025413747615927,2.972842857507707,1.8446771983498556,3.193533679680899,3.3875905226082104,2.506321676715898,2.474255210086397,1.8595796950840675,2.507832990128838,3.3321669568124905,1.4285457807665325,1.1626437631614523
7.733158674194046,8.223282867792019,9.08752072174067,7.647822141260825,6.1239998752454134,5.677397985241267,11.649805672558388,1.9879904021787982,4.9122445837862205,6.029637632924262,8.405965143843506,9.956146303611629,0.5125110812036213,-1.100186865401381,3.3218960680539538,4.190965219901287,3.6052471466718266,5.341474731254165,4.390141895684844,3.7848099919206803,1.5029282450403219,2.588454125815372,1.5742833873121866,2.3063256508101873,1.6165556003203245,2.6411416218378663,3.198968287589381,2.798063792056578,2.3450715933134934,1.7706913512378188,2.4060642224254947,2.216453667346974,0.8720940843147178,0.15429873461036397
7.395836775724532,6.284210752766281,6.197127140045969,5.443569254186426,3.8114423853026773,4.1540829610545025,4.983239503761891,7.88454971906818,3.6654358556278956,6.12075052152159,3.9018075283056537,8.83413281295178,9.972686558851171,5.109865051051019,0.710050701229443,3.7809364270122816,0.6264688872381858,3.497114567884912,3.308859145895866,2.6657348446237608,2.0556549243704074,2.6434947157715234,1.917331454685058,2.0388106050937704,2.1839444586787824,2.319015600818283,3.1065357333541734,3.6367182199794406,2.5143000610118547,1.5172648163341838,2.2195801423425805,1.2983752521281398,1.8486148653395582,0.14859997767485572
7.648781871224475,5.643533310144762,5.0168623713489175,3.4354242985707075,3.1424605008956417,4.216682546768004,5.720855731485932,0.7597090422673826,2.8546774817393494,4.5821473160719846,8.072391248135993,10.427757067743864,5.068745371732936,6.827428511853179,1.9546729944811336,1.8696273121246476,1.934670544877265,2.8859356823635656,2.958800924340621,3.7849086540477317,3.14662763200978,2.730455935450474,1.9289596945297312,1.40320353090709,0.9491178608337054,1.888635054644643,3.0042965919469644,2.731674090146394,2.472570550093459,1.8443563151193412,1.6333775164034046,2.717526166110446,2.6845622891053766,0.4462562699410646
7.498500335052289,7.6361341149091855,5.461012390007846,2.924963116002713,0.965031590601852,3.1152497322904886,5.365979671218952,6.007811851945691,2.5488116951271325,6.464090228109447,6.816944881249752,8.963466027365754,2.0251090629923243,4.466817741042411,5.090054814062527,1.1438617768527422,1.2947757131017588,1.4666211625734167,3.1554818722072078,3.071127611102985,2.8993434366288575,1.8333607631346105,2.137937542681849,0.6495425129722243,1.4433360760416585,1.832511399538108,2.6865703791234745,2.3638740882681475,3.1036467961211036,0.7479375540299805,1.7845228108419133,3.8003421451815598,3.007352289243496,1.2998034053708474
7.290968710344718,6.685114091058571,7.264699121194089,3.5888448322700404,0.6785258360062307,3.7489340372356583,2.2764428565012453,3.0982329115890552,7.709284707618591,10.716408434054994,5.472351374141812,4.971706094082255,3.6638018561719194,3.1445128149644104,3.878963049878012,2.8146113203385403,0.8870459882552029,2.6906336736829966,3.133636504764176,3.074371541614778,2.687192780947592,1.867236122978139,1.867248349275281,1.701888613453146,4.354093270891341,2.532971456591033,3.013681223017195,2.150023082623839,2.675374256243124,0.28216590776201333,2.6369724231950227,3.9394404127395437,4.322193424461509,2.647194244872505
5.578536156599035,5.502973646851676,6.865321616289885,4.420662585910134,1.4639717540797197,1.516515544951686,4.9260369489723645,4.75660827560517,5.726552315217328,10.012358633863727,7.1981034268851545,5.255265600123961,4.8121251672802705,2.14338140015779,-0.9552031683098873,1.7435698597920135,2.509244772489106,1.7795547045134115,0.894305847744884,2.5421100715579503,2.592446506778154,1.8208641323388186,1.9251049500051212,2.9481813698748054,2.3520597039341684,2.6258309748574664,2.8597464447396446,2.4090946308800483,2.4809734120474958,0.737144257326438,2.8945009961235475,4.4400238010216055,4.74756112618871,4.010722984209152
6.668325487952375,5.568470946230535,5.422522651716754,5.076495117982298,1.9350982650669035,1.816835470592807,-0.6488932254739197,6.444510371515691,4.919003774550296,4.894977254484413,4.812153193622348,6.139728111405688,4.039852527127698,2.3314165864867755,-1.0161616359557741,2.4889653607539333,0.05022034189055374,2.168243009299043,-0.12309055959666375,2.0824192270780735,1.3642384049344383,3.0657009572789677,2.767680877854223,2.532819632350896,1.9581981761953002,2.8452782472048868,3.8150251026392747,3.4132473880454097,2.3775672297849564,1.7302776775034938,2.315588767444298,4.345036071024597,5.448036657517428,4.7230735392522725
6.428085653028628,4.925637991117264,4.15144829793365,4.807309171352258,1.786391631206538,-0.2941427273087996,1.4462191375924804,1.4903998797578037,3.8876749238084356,4.001712064422525,3.4447356159367386,4.0593760530280605,3.820175160368455,0.2766683833491325,0.3364584901692142,2.0441209828154823,1.846126049298472,2.4196137590098483,2.805592057401295,2.5302848824444593,3.027366645174339,2.045468975003585,3.773977431871046,3.300259008419274,2.5053184017128385,2.9184688643217878,3.4975854611116537,4.038279955441377,2.919800218319155,2.3759829006296305,2.5698932449485605,3.22879252298011,6.1514014025222625,6.198546258119718
5.56425428099122,3.8759247434546595,3.5511621446984374,3.338834213829882,1.3383538689145438,3.8281124439660963,1.3398967583533103,0.8247152181238117,4.13838045435866,4.772793462045823,2.247374432468952,2.046225578993832,0.24045783274644955,-0.2622425333359958,2.2673867128550236,-0.6305861124651502,3.0186094442765623,3.175019574333674,3.098704623475918,2.993426535042418,3.586674265283824,3.720773980574135,4.114690561422032,3.706592407731895,3.2079556324036798,2.621638959384818,3.945056445561086,3.891095257418463,3.7171042133501255,2.6729744983368,2.7692279040729475,4.35377543501426,4.871343630009502,6.889671764010501
2.9395119357102213,2.9064700700710477,3.183602001696047,1.3160460860602863,0.8605229344052535,0.7936809202376329,1.6566518065204314,2.513916149425387,3.8223411136257504,4.301475122369047,1.6239883765363592,3.4163339246207314,-0.17629026820575905,2.8455976531909113,-0.325154329209601,2.004799652260789,3.4008293194905868,3.7498682742265084,3.7002748484675987,4.004963730800316,4.304319599379927,2.9263337405559473,5.029898180834884,4.409437614848271,4.530545776032891,3.924595950801279,4.023893806744253,4.544048766817472,4.37456348056174,3.55608962679892,3.647781347930781,4.3561784965575,5.478129971587649,6.881188205640119
2.295321516721019,3.061126991903086,2.613551910706412,1.7880975311259293,1.443352602134345,1.4737551534957447,2.0024191509768836,1.3414599133462852,2.587579114602555,3.860409172751304,0.8169276944901447,-0.19333860183013926,0.2741871554006348,2.3784498126852536,1.6905738094596474,0.1567871694349344,2.8707820722580184,3.6714396289559796,4.1726613309124625,4.469211548152478,2.9723541255930153,5.221141681669728,5.411631310153774,4.714689347351564,4.410217248087824,4.962084450954357,4.470999543787194,4.830158613621219,4.853420611165045,3.262966467783681,3.750914262855242,3.917866247640892,6.114326846489088,5.881651468091829
1.8400744278124486,3.1914044711592515,2.3647295074971337,1.0076085926167766,1.4079658329279126,2.1062965397671225,2.0028020311404973,1.3721156513005726,3.0388083175862626,0.24253860277431638,0.2993702260876095,-0.24166870133168547,1.0169322106400083,-0.12147747472499101,0.7978380006609278,1.2247081137555047,3.569711458117294,4.0760412359378675,3.884378726697146,3.9109273843953254,4.506023668770794,2.492728619629666,6.934379777684015,6.887231441492557,5.538658979217423,5.662129672681371,5.561886652854374,5.0149545309002095,5.230533942615015,4.522976601565189,5.023414583839341,5.048889025209272,6.120699218876786,6.722021883057652
